data/climate_estimation/ripogonum_output/Ripogonum_elseyanum.asc
NCOLS 100 
NROWS 180 
XLLCORNER 145.5 
YLLCORNER -32 
CELLSIZE 0.0833333333333334 
NODATA_value -3.4e+38 
[rows 133 to 151 of 180, columns 44 to 87 of 100]
0.00054266129154712 0.000525645678862929 0.00056810985552147 0.000671225716359913 0.00082716072211042 0.000817995402030647 0.000931468326598406 0.00115290866233408 0.00138933653943241 0.00136906385887414 0.00148734520189464 0.00164616899564862 0.00155357550829649 0.0014101309934631 0.00199497560970485 0.00205785222351551 0.00242025591433048 0.00307709188200533 0.00382034108042717 0.00543663231655955 0.00800906680524349 0.00946940667927265 0.0153438858687878 0.0110333822667599 0.0103449141606688 0.0115929432213306 0.0159718953073025 0.0203364323824644 0.0177502650767565 0.0220845025032759 0.0278602130711079 0.0304561425000429 0.0333019271492958 0.0403755493462086 0.0518773123621941 0.063650019466877 0.211776614189148 0.325186461210251 0.511142015457153 0.38328155875206 0.206139251589775 0.187319472432137 0.3666051030159 0.36549574136734
0.000482870353152975 0.000550177122931927 0.000588841910939664 0.00062357698334381 0.000675055431202054 0.000681808276567608 0.000823515292722732 0.00121867982670665 0.00136733427643776 0.00199262565001845 0.00230090483091772 0.00262990477494895 0.00209277262911201 0.0017094217473641 0.00195416249334812 0.00183277856558561 0.00230769859626889 0.00310151488520205 0.00381262111477554 0.00454561365768313 0.00614990945905447 0.00812958925962448 0.0123422807082534 0.00988466944545507 0.00975510757416487 0.0122617995366454 0.0211767572909594 0.0258861370384693 0.0232600327581167 0.0237109325826168 0.0289604812860489 0.0261236671358347 0.0284028649330139 0.0289493184536695 0.0359513610601425 0.0546787641942501 0.0844045206904411 0.307967573404312 0.551163852214813 0.655209243297577 0.411297619342804 0.507754445075989 0.533491194248199 0.381153285503387
0.00055549805983901 0.00051333534065634 0.000564431655220687 0.000564431655220687 0.000523511087521911 0.000638558296486735 0.000760108756367117 0.00103750510606915 0.00161888939328492 0.0027606210205704 0.00376232340931892 0.00460997689515352 0.0022170168813318 0.00180532701779157 0.00168602692428976 0.00185077602509409 0.0023428515996784 0.00257172808051109 0.00297826551832259 0.00497846677899361 0.00584530225023627 0.007936323992908 0.00976039189845324 0.00865783169865608 0.0105329751968384 0.0146868042647839 0.0240562949329615 0.0301782991737127 0.0291693732142448 0.0341860242187977 0.0442014895379543 0.0427195727825165 0.0251910556107759 0.0277097467333078 0.0328784473240376 0.043276134878397 0.0584087818861008 0.287525236606598 0.574252486228943 0.655261814594269 0.673860371112823 0.680852711200714 0.688524425029755 0.558542370796204
0.000396654329961166 0.000521184643730521 0.000359040219336748 0.000522541289683431 0.000507712946273386 0.000539146654773504 0.000751416257116944 0.00120401196181774 0.00208123470656574 0.00325618823990226 0.00463140336796641 0.00520771415904164 0.00279683526605368 0.00217459257692099 0.00171190488617867 0.00216893246397376 0.00220715044997633 0.00253167562186718 0.00367480074055493 0.00405731238424778 0.00576685462146997 0.00706668384373188 0.00862601213157177 0.0078037609346211 0.0121495826169848 0.0183292273432016 0.0272871311753988 0.0446094460785389 0.0453064888715744 0.0501011051237583 0.0751522332429886 0.0727801248431206 0.0760981291532516 0.103936836123466 0.0682594031095505 0.0523829907178879 0.086600199341774 0.278099328279495 0.560023069381714 0.581172585487366 0.672151446342468 0.669102489948273 0.665727615356445 0.703414738178253
0.000383958598831668 0.000380179932108149 0.000367783737601712 0.000435974128777161 0.000436038506450132 0.000519791967235506 0.000803494534920901 0.00145355449058115 0.00225775991566479 0.00351019762456417 0.00454417150467634 0.0049463021568954 0.00251777679659426 0.00162781681865454 0.00151796790305525 0.00178591161966324 0.00269908271729946 0.00286647398024797 0.0033642987255007 0.0052997232414782 0.00578747503459454 0.00640338845551014 0.00776593945920467 0.0105591872707009 0.0128578189760447 0.0221936758607626 0.0315534323453903 0.0435649491846561 0.0509058348834515 0.0669220685958862 0.0788280889391899 0.0888795182108879 0.122366696596146 0.156728297472 0.230634734034538 0.211681813001633 0.193573832511902 0.211653545498848 0.407040148973465 0.633926689624786 0.560003161430359 0.683522582054138 0.714815199375153 0.699655175209045
0.000424078374635428 0.00037070014514029 0.000338634039508179 0.000369864457752556 0.000368145352695137 0.000647039676550776 0.000795289175584912 0.00141927995719016 0.0022982086520642 0.00305643118917942 0.00402164459228516 0.0038933465257287 0.00183381687384099 0.00106297584716231 0.00169158121570945 0.00206127809360623 0.00267917267046869 0.00294104102067649 0.00362502294592559 0.00510962912812829 0.00550971645861864 0.00781902670860291 0.00966440979391336 0.0148057360202074 0.0179492607712746 0.0260501373559237 0.0358742363750935 0.0523328743875027 0.0609821751713753 0.0674073249101639 0.075488269329071 0.0983836725354195 0.129906818270683 0.169962584972382 0.242335751652718 0.286751449108124 0.237617358565331 0.233237937092781 0.484239429235458 0.443493068218231 0.634291708469391 0.65949946641922 0.680875420570374 0.697465300559998
0.000327842892147601 0.000326946843415499 0.000311261101160198 0.000323358573950827 0.00042120018042624 0.000536680920049548 0.000847074086777866 0.00125551770906895 0.00193709856830537 0.00228944211266935 0.0028571393340826 0.00273064128123224 0.00193857576232404 0.00197144807316363 0.00236110109835863 0.00289384764619172 0.0038188798353076 0.00388041674159467 0.0055235237814486 0.00660488475114107 0.00938383303582668 0.0128111205995083 0.0114795174449682 0.0165390577167273 0.0228216778486967 0.0367481708526611 0.0436994321644306 0.0573526620864868 0.0662303119897842 0.0755374953150749 0.0937070697546005 0.104980297386646 0.131590187549591 0.183904990553856 0.254685878753662 0.331477701663971 0.357683837413788 0.256926089525223 0.47481444478035 0.660461008548737 0.6261225938797 0.453159362077713 0.707022547721863 0.324766844511032
0.00032778675085865 0.00032777720480226 0.000310739880660549 0.000322773004882038 0.000405659055104479 0.000535364437382668 0.000708089908584952 0.00113645056262612 0.00134067097678781 0.0019466276280582 0.00249520340003073 0.00243238196708262 0.00229775067418814 0.00229342002421618 0.00245954282581806 0.00291067734360695 0.00391742726787925 0.00476319342851639 0.00648869527503848 0.00964506901800632 0.00852499157190323 0.0112355872988701 0.0130701679736376 0.0229342542588711 0.0268251392990351 0.0383242852985859 0.0612027831375599 0.0645900741219521 0.0761482268571854 0.0845596641302109 0.108802817761898 0.106792807579041 0.130374908447266 0.186255112290382 0.242640927433968 0.348189681768417 0.329781919717789 0.527933239936829 0.468185037374496 0.617892622947693 0.426923632621765 0.58611136674881 0.712484955787659 0.567013442516327
0.000359058729372919 0.000329389120452106 0.000302258937153965 0.000343301653629169 0.000397093885112554 0.000459824776044115 0.000593948818277568 0.00091739377239719 0.00101321772672236 0.00136084761470556 0.00190778111573309 0.002440697979182 0.00263142911717296 0.00288799172267318 0.00306611438281834 0.00459000142291188 0.0050872634164989 0.00606982177123427 0.00828178413212299 0.0127960732206702 0.015017825178802 0.0123225310817361 0.0155406603589654 0.0217540357261896 0.0346768088638783 0.0563021153211594 0.0631087422370911 0.0712545141577721 0.0717733800411224 0.0883294939994812 0.0977200642228127 0.124507583677769 0.152194827795029 0.161572635173798 0.223108664155006 0.365534752607346 0.482938557863235 0.615835964679718 0.62756073474884 0.560512542724609 0.418373316526413 0.567701876163483 0.724159955978394 0.662271440029144
0.000318576785502955 0.000321165978675708 0.000287586648482829 0.000331742805428803 0.000425692938733846 0.000447549769887701 0.000586963724344969 0.000800676003564149 0.000940617406740785 0.00154599698726088 0.00228185439482331 0.00257320911623538 0.00280282204039395 0.00337416282854974 0.00389599218033254 0.00542670534923673 0.00702059222385287 0.00678692618384957 0.0125833218917251 0.012053906917572 0.0201800875365734 0.0170523673295975 0.0173626877367496 0.0203867573291063 0.0267744325101376 0.0330516844987869 0.0656764805316925 0.060314167290926 0.0846392586827278 0.105936907231808 0.106017790734768 0.137314110994339 0.136751487851143 0.164253443479538 0.221831798553467 0.334101349115372 0.502786934375763 0.670448660850525 0.718522727489471 0.686424493789673 0.460360527038574 0.600018739700317 0.665469586849213 0.657508254051208
0.000269046548055485 0.000270119140623137 0.000243356378632598 0.000275157450232655 0.000416666327510029 0.000473960943054408 0.000612943898886442 0.000699355965480208 0.00113812542986125 0.00110014493111521 0.0018567998195067 0.00243037729524076 0.00310296029783785 0.00420404318720102 0.00622731447219849 0.00684628263115883 0.0102466903626919 0.00960094295442104 0.0145288929343224 0.0132937375456095 0.0245235506445169 0.0316684283316135 0.0363025888800621 0.0450793690979481 0.0285375509411097 0.0268121305853128 0.0713248699903488 0.0614729635417461 0.0545559450984001 0.101007208228111 0.137895584106445 0.116122037172318 0.157825484871864 0.194606900215149 0.238688245415688 0.3967564702034 0.556296765804291 0.696821212768555 0.728204071521759 0.713752925395966 0.609718322753906 0.641386806964874 0.671681106090546 0.687380492687225
0.000220325789996423 0.000236463383771479 0.000286267750198022 0.000284369889413938 0.000367801025277004 0.000473110703751445 0.000545105722267181 0.000694817106705159 0.000854556914418936 0.00137461780104786 0.00196209386922419 0.00231754733249545 0.00295932893641293 0.00415049726143479 0.00738227507099509 0.0101779019460082 0.014560978859663 0.012038916349411 0.019346883520484 0.0228179302066565 0.0266563296318054 0.0338991209864616 0.0412366949021816 0.0635993629693985 0.0354501605033875 0.0246383100748062 0.0636198371648788 0.0664655938744545 0.0592664107680321 0.0698013454675674 0.121451340615749 0.191393077373505 0.204586312174797 0.257067441940308 0.304458677768707 0.427986741065979 0.569494187831879 0.671315252780914 0.681144952774048 0.719470500946045 0.604241609573364 0.642303287982941 0.685832619667053 0.68582546710968
0.000168894810485654 0.000192893887287937 0.000237325497437268 0.000286646070890129 0.00037614899338223 0.000487220531795174 0.00054412498138845 0.00055817881366238 0.000768120982684195 0.00121867237612605 0.00196932512335479 0.00229549850337207 0.00340465363115072 0.00549454428255558 0.00826723966747522 0.011624451726675 0.0156846567988396 0.0183254405856133 0.0239192806184292 0.0327664352953434 0.0400118231773376 0.0384982898831367 0.0518923439085484 0.0582221299409866 0.0362284742295742 0.0241619683802128 0.0422747433185577 0.0458589531481266 0.082900770008564 0.127187550067902 0.170634403824806 0.148934304714203 0.244475156068802 0.246089518070221 0.341879606246948 0.464925527572632 0.600390315055847 0.674402356147766 0.715702772140503 0.731634080410004 0.64465343952179 0.643159091472626 0.695748567581177 0.690694153308868
0.00021351633768063 0.000235872896155342 0.00028579868376255 0.000355154828866944 0.000447854719823226 0.000448163162218407 0.000604809494689107 0.000584502937272191 0.00066442578099668 0.00113804324064404 0.00174592272378504 0.00247367797419429 0.00432912493124604 0.00820932630449533 0.0108186565339565 0.0137416757643223 0.0188296642154455 0.0299897640943527 0.0310728698968887 0.0355207249522209 0.0520872250199318 0.0495510660111904 0.0557143092155457 0.039496511220932 0.0395825803279877 0.0403048023581505 0.0439631454646587 0.094150111079216 0.118852317333221 0.145834103226662 0.195107653737068 0.212520092725754 0.239069640636444 0.318951487541199 0.398905605077744 0.467487931251526 0.625396490097046 0.700952708721161 0.729294717311859 0.725364804267883 0.634223639965057 0.633993208408356 0.708204030990601 0.72634619474411
0.000301654567010701 0.000301267224131152 0.000327095855027437 0.000388508982723579 0.000495928747113794 0.00047121214447543 0.000476877728942782 0.000551455887034535 0.000732869957573712 0.00114222150295973 0.00165945955086499 0.00220600888133049 0.00443388056010008 0.00869848392903805 0.01562290918082 0.0167382005602121 0.0167787112295628 0.0234787631779909 0.0352419577538967 0.0424224138259888 0.0536584444344044 0.0562206842005253 0.0473109446465969 0.0344175212085247 0.0402174144983292 0.0537036173045635 0.0730705484747887 0.103730536997318 0.11858031898737 0.11904975771904 0.130564153194427 0.238751858472824 0.278261125087738 0.332142651081085 0.384254992008209 0.491312444210052 0.644056081771851 0.67802482843399 0.720367431640625 0.693129539489746 0.557210922241211 0.659601092338562 0.658179044723511 0.693802893161774
0.000383660226361826 0.000389926775824279 0.000361343962140381 0.000490982201881707 0.000533484329935163 0.000462398485979065 0.000493796949740499 0.000597577018197626 0.000684275990352035 0.00128477159887552 0.00168155389837921 0.00290107051841915 0.00578194530680776 0.0117113515734673 0.0163816511631012 0.017616419121623 0.0234082173556089 0.0274409372359514 0.0391794182360172 0.0422894731163979 0.0513310059905052 0.0434210821986198 0.0392883867025375 0.0261036101728678 0.0333937667310238 0.0453711971640587 0.0900085940957069 0.109595611691475 0.120661556720734 0.143777474761009 0.181666731834412 0.225705042481422 0.275117486715317 0.326810568571091 0.415703296661377 0.541390538215637 0.661738812923431 0.699689865112305 0.71670389175415 0.612558841705322 0.668728709220886 0.66064041852951 0.615102827548981 0.6831955909729
0.000400986522436142 0.000489503203425556 0.000448812177637592 0.000532186240889132 0.000654708128422499 0.000575338373892009 0.000559920910745859 0.0005642757168971 0.000566831324249506 0.00118934456259012 0.00178549170959741 0.00288407783955336 0.00648183608427644 0.011250589042902 0.0154002085328102 0.0183493793010712 0.0219299234449863 0.0311384424567223 0.0405662842094898 0.0373656004667282 0.0404333285987377 0.0489166863262653 0.0359104052186012 0.0286316126585007 0.0297903250902891 0.0691845118999481 0.0853530913591385 0.0917575135827065 0.0953855440020561 0.12665231525898 0.181228488683701 0.221265003085136 0.279771953821182 0.358204156160355 0.422091782093048 0.516198456287384 0.66755211353302 0.647112667560577 0.725716829299927 0.634571671485901 0.738400340080261 0.660977363586426 0.62503969669342 0.684339642524719
0.000531281169969589 0.000496771477628499 0.000515192397870123 0.000577600323595107 0.000719626492355019 0.000607519061304629 0.000675485469400883 0.000726904545444995 0.00082270911661908 0.00153170269913971 0.00239052739925683 0.00410160841420293 0.00784738268703222 0.0125031219795346 0.013968063518405 0.0241886153817177 0.0201114248484373 0.0257449354976416 0.0307398736476898 0.0354416109621525 0.0500003509223461 0.0396137498319149 0.0336042083799839 0.0310312379151583 0.0393656380474567 0.074505440890789 0.0927267372608185 0.0924400240182877 0.0962662026286125 0.11990562826395 0.169707104563713 0.232869401574135 0.291484534740448 0.369027525186539 0.463589936494827 0.569404482841492 0.673263549804688 0.63970935344696 0.704736948013306 0.713336229324341 0.711667060852051 0.657171130180359 0.493017286062241 0.587364077568054
0.000565647671464831 0.000603614724241197 0.000663679325953126 0.000706589024048299 0.000790243793744594 0.000880487554240972 0.000880720908753574 0.000897781399544328 0.00153468013741076 0.00237654126249254 0.00313947862014174 0.00598909519612789 0.0132398288697004 0.0166856460273266 0.0188991855829954 0.0210598912090063 0.0218378379940987 0.025354603305459 0.0342619270086288 0.0465333797037601 0.0436461083590984 0.045989204198122 0.0375698059797287 0.0415128767490387 0.055839654058218 0.0848831832408905 0.0866555199027061 0.0765000656247139 0.0995539277791977 0.138135373592377 0.165777206420898 0.210761576890945 0.288899749517441 0.349226027727127 0.428040623664856 0.581263065338135 0.67979371547699 0.71733558177948 0.732454895973206 0.738304495811462 0.71580308675766 0.662319779396057 0.614669859409332 0.508788108825684
