data/climate_estimation/ripogonum_output/Ripogonum_album.asc
NCOLS 106 
NROWS 269 
XLLCORNER 145 
YLLCORNER -38.3333333333333 
CELLSIZE 0.0833333333333334 
NODATA_value -3.4e+38 
[rows 171 to 189 of 269, columns 43 to 85 of 106]
0.00237331842072308 0.00239970232360065 0.00249776663258672 0.00274657853879035 0.0032647040206939 0.00348345702514052 0.00347620411776006 0.00352470111101866 0.0040859105065465 0.00434714369475842 0.0056218565441668 0.00499878125265241 0.0062250210903585 0.00696194125339389 0.00808358658105135 0.010420405305922 0.0154894664883614 0.0502518378198147 0.172871246933937 0.129023432731628 0.0877127349376678 0.038930457085371 0.0839744880795479 0.0771763697266579 0.116919472813606 0.184298127889633 0.185331985354424 0.290482342243195 0.309151530265808 0.251340389251709 0.279453426599503 0.338387072086334 0.405574887990952 0.505632698535919 0.564683556556702 0.598583817481995 0.586593329906464 0.597281217575073 0.625804245471954 0.70131778717041 0.753488302230835 0.80534690618515 0.830505967140198
0.00243829214014113 0.00250341463834047 0.00287558697164059 0.00324460840784013 0.00342535460367799 0.00374204386025667 0.00369333010166883 0.00422241259366274 0.00535151921212673 0.0060380520299077 0.00616029789671302 0.00687224231660366 0.0070562306791544 0.00712437927722931 0.00770709197968245 0.00884052366018295 0.0155605915933847 0.0389069356024265 0.238771721720695 0.25858473777771 0.233742192387581 0.0925483703613281 0.118938632309437 0.117474004626274 0.117512710392475 0.179248347878456 0.13282598555088 0.251900553703308 0.330995291471481 0.304431855678558 0.286754310131073 0.332830280065536 0.378436982631683 0.478356719017029 0.554129242897034 0.60291588306427 0.611920416355133 0.594213843345642 0.652693212032318 0.692614257335663 0.728730976581573 0.75765335559845 0.760737240314484
0.00262047443538904 0.00280786189250648 0.00308850081637502 0.00379309291020036 0.00409221928566694 0.00408113095909357 0.00457758922129869 0.00570557732135057 0.00636994419619441 0.00643909862264991 0.00715680187568069 0.00734561029821634 0.00750930327922106 0.00774521054700017 0.00772200897336006 0.00798939354717731 0.0107943927869201 0.0303120911121368 0.0533468537032604 0.150576636195183 0.248440563678741 0.211304634809494 0.100406788289547 0.0801232755184174 0.082228034734726 0.11646457016468 0.130479902029037 0.312236487865448 0.340797305107117 0.359986782073975 0.302249550819397 0.316948801279068 0.358145952224731 0.476844877004623 0.527921557426453 0.585774958133698 0.608121693134308 0.634567260742188 0.674720942974091 0.695502400398254 0.737570583820343 0.75703889131546 0.761145710945129
0.00267784483730793 0.00312375044450164 0.00391432316973805 0.00412197690457106 0.00423946743831038 0.00593294808641076 0.00605919258669019 0.00493611115962267 0.00503805698826909 0.00703094294294715 0.00777993770316243 0.00795004516839981 0.00808099284768105 0.00881272554397583 0.0103949168697 0.00919909123331308 0.00805857870727777 0.011179031804204 0.013092671521008 0.0259879045188427 0.0829188600182533 0.130408331751823 0.14690388739109 0.10813108086586 0.0937052145600319 0.0813800320029259 0.171961665153503 0.308601289987564 0.33427032828331 0.359306782484055 0.314299196004868 0.314563930034637 0.348872452974319 0.426799178123474 0.462684482336044 0.540729820728302 0.569528341293335 0.588685691356659 0.649748504161835 0.707123279571533 0.735291481018066 0.785380005836487 0.792346060276031
0.00326878949999809 0.00382806500419974 0.0041437866166234 0.00431513413786888 0.00608920818194747 0.00498912436887622 0.005111797247082 0.00716081913560629 0.00728340540081263 0.00742689520120621 0.00819867849349976 0.00916871894150972 0.00925207883119583 0.0100902682170272 0.0129596097394824 0.0114460177719593 0.00875302031636238 0.00990617834031582 0.0154028283432126 0.0183275863528252 0.0429424569010735 0.127539664506912 0.167139574885368 0.271694719791412 0.0860126465559006 0.0796031206846237 0.16072216629982 0.245688423514366 0.282742202281952 0.318308353424072 0.315799951553345 0.333550631999969 0.366214334964752 0.396896213293076 0.459321826696396 0.524048745632172 0.55129861831665 0.567935705184937 0.632161021232605 0.694516599178314 0.745648622512817 0.786066114902496 0.791426658630371
0.00368255213834345 0.00429878290742636 0.0044407700188458 0.00499247293919325 0.00507833063602448 0.00524477707222104 0.00727787148207426 0.00767940329387784 0.00921075604856014 0.00935812760144472 0.0106166582554579 0.0107172327116132 0.0108479764312506 0.0118033774197102 0.0148509377613664 0.0113141760230064 0.0104309655725956 0.0118789477273822 0.0125650633126497 0.0174789931625128 0.0413032360374928 0.0910072177648544 0.105931006371975 0.124249741435051 0.0860780775547028 0.0677947178483009 0.076987236738205 0.106986686587334 0.286651968955994 0.331699937582016 0.328062623739243 0.344796568155289 0.37752428650856 0.448307394981384 0.481624573469162 0.544045269489288 0.545519351959229 0.587980031967163 0.609973967075348 0.654910683631897 0.717191815376282 0.768645286560059 0.780750095844269
0.00444156909361482 0.00463234912604094 0.00515913357958198 0.00522398995235562 0.00537721440196037 0.00753905903548002 0.00835046637803316 0.00948495883494616 0.0106142740696669 0.0129460580646992 0.0134500348940492 0.0124369841068983 0.0127663919702172 0.0148783279582858 0.0189231615513563 0.0124966064468026 0.0133447330445051 0.0124002927914262 0.0131022613495588 0.0147092984989285 0.0218767896294594 0.0349139384925365 0.0504673905670643 0.0600074268877506 0.0807937532663345 0.0658503249287605 0.0629060789942741 0.108006626367569 0.315004289150238 0.347302377223969 0.335494637489319 0.391341120004654 0.414148092269897 0.500585317611694 0.515194535255432 0.534082055091858 0.561403334140778 0.591573119163513 0.645017147064209 0.67565655708313 0.719876289367676 0.747585117816925 0.770291745662689
0.00482697831466794 0.00489210477098823 0.00545323733240366 0.005547562148422 0.00621636305004358 0.00863013137131929 0.00882756151258945 0.00997447595000267 0.0135677987709641 0.0178729463368654 0.0155802462249994 0.0134967342019081 0.0161570589989424 0.0209610387682915 0.0186788532882929 0.0123498206958175 0.0114452270790935 0.0123660853132606 0.0121498284861445 0.0163974333554506 0.0230399984866381 0.0253937765955925 0.0475016348063946 0.0382758900523186 0.0535974353551865 0.0601991042494774 0.0986981019377708 0.156569704413414 0.208861157298088 0.38920846581459 0.350653052330017 0.38489305973053 0.42078024148941 0.504206657409668 0.524641394615173 0.545393407344818 0.593502402305603 0.626963376998901 0.654290020465851 0.667325675487518 0.710195064544678 0.740891575813293 0.729963421821594
0.00512454053387046 0.00521159963682294 0.00576681271195412 0.0059004076756537 0.00884347874671221 0.00907058175653219 0.0101373381912708 0.0128043154254556 0.0172318145632744 0.0193046852946281 0.0167651735246181 0.017024589702487 0.0204815305769444 0.0225487239658833 0.0160888712853193 0.0125983124598861 0.0121927717700601 0.0158185344189405 0.0133761800825596 0.0144334994256496 0.0184614956378937 0.0287519264966249 0.0343171134591103 0.0384565778076649 0.0580312423408031 0.0858456492424011 0.0985174998641014 0.12558151781559 0.322533071041107 0.36302587389946 0.372327357530594 0.3869948387146 0.419697940349579 0.478068858385086 0.544583022594452 0.561098277568817 0.581128001213074 0.616451859474182 0.659647703170776 0.705704867839813 0.734924733638763 0.740027189254761 0.745393633842468
0.00558510096743703 0.00565135246142745 0.00780904339626431 0.006754947360605 0.00942278373986483 0.0104033378884196 0.0118465172126889 0.014949282631278 0.0206648260354996 0.0250556524842978 0.0216658711433411 0.0220022518187761 0.0265960898250341 0.017477460205555 0.0159439686685801 0.0136124063283205 0.014699324965477 0.0187460407614708 0.0187211334705353 0.0176609382033348 0.0175786688923836 0.020746074616909 0.0296254046261311 0.0413321778178215 0.0478256158530712 0.0537255890667439 0.0677155926823616 0.0854918286204338 0.295241862535477 0.326355487108231 0.388641268014908 0.393626838922501 0.400367379188538 0.447905629873276 0.495670437812805 0.551581740379333 0.578055739402771 0.616040408611298 0.623302757740021 0.718450903892517 0.736237764358521 0.752277553081512 0.766730725765228
0.00554298516362906 0.00605877675116062 0.00831471290439367 0.00852733291685581 0.0109311090782285 0.0134025253355503 0.0144427046179771 0.0178565252572298 0.0266678668558598 0.0325420014560223 0.0280414652079344 0.0308938417583704 0.0314856357872486 0.0209534037858248 0.0189771968871355 0.0158406533300877 0.018639100715518 0.0263779871165752 0.0397258475422859 0.0289934035390615 0.0227703787386417 0.0231914333999157 0.0271536894142628 0.0591610223054886 0.0861546695232391 0.0685083568096161 0.0944054126739502 0.0875815972685814 0.166587367653847 0.184348180890083 0.286902368068695 0.322535783052444 0.383163720369339 0.442406207323074 0.486850410699844 0.552217423915863 0.57230818271637 0.610434472560883 0.660284698009491 0.621208012104034 0.746356725692749 0.748185575008392 0.765823900699615
0.00598124461248517 0.00709365401417017 0.00962470751255751 0.0147048383951187 0.0149805350229144 0.0210489220917225 0.0204520132392645 0.0218335017561913 0.0317643545567989 0.0381882004439831 0.0424020178616047 0.0413747876882553 0.0388281978666782 0.0316254310309887 0.0244403164833784 0.0192757397890091 0.0205506309866905 0.0259523149579763 0.0362154580652714 0.036055114120245 0.0247849896550179 0.0242833681404591 0.0287761222571135 0.040127906948328 0.139163434505463 0.0985364317893982 0.101598210632801 0.109662748873234 0.117252327501774 0.18263852596283 0.317827433347702 0.361010313034058 0.374929696321487 0.474007993936539 0.492975503206253 0.500546336174011 0.567809462547302 0.574614942073822 0.645938217639923 0.734411656856537 0.74729585647583 0.768714189529419 0.728019416332245
0.00706344842910767 0.00759587436914444 0.00961078051477671 0.0166694559156895 0.0352345332503319 0.0366839282214642 0.0450224578380585 0.0388318039476871 0.0480684228241444 0.0513030365109444 0.0592197328805923 0.063143827021122 0.0411993414163589 0.0335597842931747 0.0348980762064457 0.0249701924622059 0.0245294012129307 0.0282278992235661 0.0262037888169289 0.0280857495963573 0.033406525850296 0.0282027553766966 0.0282216835767031 0.039012610912323 0.0573561489582062 0.14126381278038 0.125315815210342 0.116869404911995 0.135864943265915 0.159020811319351 0.25895220041275 0.36873871088028 0.413860440254211 0.488770514726639 0.511400520801544 0.508398234844208 0.555377900600433 0.481504559516907 0.616188228130341 0.612869441509247 0.730734825134277 0.75564968585968 0.693334579467773
0.00751965073868632 0.00891223736107349 0.0103232823312283 0.0178307872265577 0.0356813408434391 0.0646613463759422 0.0780953168869019 0.0564363859593868 0.0478591993451118 0.0458109676837921 0.0481083691120148 0.0585447363555431 0.067844845354557 0.0517359115183353 0.0472133494913578 0.029579097405076 0.0291207619011402 0.0262667257338762 0.0255725737661123 0.028188195079565 0.032623790204525 0.0298097189515829 0.0326279103755951 0.0418326072394848 0.0657628178596497 0.129248470067978 0.15201835334301 0.130835548043251 0.164468616247177 0.288493186235428 0.288889348506927 0.35178130865097 0.4434954226017 0.503660261631012 0.501918494701385 0.512495100498199 0.431224465370178 0.497863173484802 0.559023499488831 0.599239945411682 0.619543969631195 0.652804791927338 0.741605639457703
0.00820288248360157 0.00973875354975462 0.0112235974520445 0.0203331932425499 0.0509845577180386 0.102286674082279 0.0556300058960915 0.0478912815451622 0.0399841964244843 0.0427855588495731 0.0503323376178741 0.0562953650951385 0.0619138292968273 0.0586188957095146 0.0648422613739967 0.0361355356872082 0.051499992609024 0.0367782413959503 0.0492969341576099 0.0356312394142151 0.0354292467236519 0.0379111506044865 0.0323175303637981 0.0377234369516373 0.0592814423143864 0.115499533712864 0.284959703683853 0.203934460878372 0.185199946165085 0.294927179813385 0.339782685041428 0.399703502655029 0.506510853767395 0.543693065643311 0.410429239273071 0.448272794485092 0.500722169876099 0.604674994945526 0.657387614250183 0.702990651130676 0.774752557277679 0.734288156032562 0.795196235179901
0.00966875348240137 0.0105055924504995 0.0123045323416591 0.0175733529031277 0.0282308217138052 0.0585528947412968 0.0621591508388519 0.0574120134115219 0.0378385446965694 0.0476502552628517 0.0626734346151352 0.0721974298357964 0.0910593345761299 0.0648189708590508 0.0549009293317795 0.0524737164378166 0.052481584250927 0.0579989179968834 0.0492324382066727 0.0446215309202671 0.0406516008079052 0.0514203496277332 0.0372404493391514 0.0377393215894699 0.0474364496767521 0.0747702717781067 0.190044984221458 0.273074269294739 0.25885409116745 0.324091851711273 0.35385337471962 0.460011214017868 0.484733402729034 0.489283382892609 0.410862386226654 0.550807893276215 0.638091385364532 0.693786382675171 0.738438844680786 0.759937107563019 0.775159955024719 0.780459046363831 0.801303744316101
0.00963024143129587 0.0114795258268714 0.0137429106980562 0.0190353840589523 0.0248931422829628 0.0414411388337612 0.0500468388199806 0.0519679859280586 0.045686699450016 0.0396775603294373 0.0489427074790001 0.0600439719855785 0.0795635730028152 0.0653334558010101 0.0928979739546776 0.0691066980361938 0.0666216388344765 0.0965674743056297 0.0704758986830711 0.0562088303267956 0.0481368228793144 0.0552670322358608 0.0443826131522655 0.0445367135107517 0.0522234514355659 0.0892718657851219 0.143521219491959 0.24908010661602 0.357367992401123 0.381302565336227 0.394376575946808 0.48262882232666 0.462362766265869 0.548490107059479 0.599842250347137 0.636664807796478 0.674647986888885 0.71399712562561 0.742251932621002 0.756459176540375 0.772555232048035 0.770301043987274 0.799526691436768
0.00799738336354494 0.00960940029472113 0.0159005112946033 0.0190558582544327 0.0281963273882866 0.0365578904747963 0.0365432426333427 0.0400763899087906 0.0384718514978886 0.0385508500039577 0.046905554831028 0.0445282533764839 0.0609108097851276 0.0711586326360703 0.123055726289749 0.109202414751053 0.10723865032196 0.149132743477821 0.186763823032379 0.0881432220339775 0.0612047091126442 0.0670330449938774 0.0574820376932621 0.0591917671263218 0.0744412839412689 0.11531800031662 0.266429245471954 0.333432704210281 0.378047049045563 0.400452524423599 0.458420276641846 0.411626577377319 0.505061209201813 0.524747967720032 0.538299202919006 0.64109069108963 0.661220252513885 0.697804868221283 0.742323696613312 0.748104512691498 0.754049956798553 0.770335555076599 0.802934467792511
0.00930923875421286 0.0101520363241434 0.0174081604927778 0.0191579349339008 0.0278803464025259 0.0270063243806362 0.0334331728518009 0.0342162847518921 0.0279569979757071 0.0374071635305882 0.0490347854793072 0.0680442526936531 0.0780708938837051 0.108263477683067 0.204008668661118 0.22710146009922 0.253425180912018 0.281965851783752 0.252932608127594 0.180094808340073 0.107357308268547 0.103182137012482 0.0826440528035164 0.0774953737854958 0.105756856501102 0.165307372808456 0.324700832366943 0.376335114240646 0.364891976118088 0.341300487518311 0.361382633447647 0.480620920658112 0.552706658840179 0.574903726577759 0.579688489437103 0.664097905158997 0.691863417625427 0.711023390293121 0.717308580875397 0.753576517105103 0.760412395000458 0.743705630302429 0.786724328994751
