data/climate_estimation/ripogonum_output/Ripogonum_album.asc
NCOLS 106 
NROWS 269 
XLLCORNER 145 
YLLCORNER -38.3333333333333 
CELLSIZE 0.0833333333333334 
NODATA_value -3.4e+38 
[rows 95 to 113 of 269, columns 43 to 85 of 106]
0.00252054026350379 0.00313010765239596 0.00546961603686213 0.00711505906656384 0.00883048865944147 0.123058758676052 0.109345622360706 0.0168164763599634 0.0192905776202679 0.0189000032842159 0.013231978751719 0.00854414328932762 0.00936085358262062 0.0103496853262186 0.0102221984416246 0.0115438355132937 0.020982189103961 0.0672492459416389 0.0387809164822102 0.0337161719799042 0.0407875664532185 0.073401540517807 0.141144022345543 0.208482146263123 0.184108763933182 0.150405868887901 0.191682055592537 0.227341681718826 0.201985403895378 0.23614490032196 0.259150147438049 0.251994609832764 0.271042287349701 0.257742315530777 -3.4e+38 -3.4e+38 -3.4e+38 -3.4e+38 -3.4e+38 -3.4e+38 -3.4e+38 -3.4e+38 -3.4e+38
0.00264356611296535 0.00438094697892666 0.00512947654351592 0.00693472009152174 0.0119798788800836 0.0367107167840004 0.04135462641716 0.0139016667380929 0.0113990548998117 0.0124333659186959 0.0150436451658607 0.0119057465344667 0.0130180129781365 0.00983728747814894 0.00826896075159311 0.009262939915061 0.0109622152522206 0.028667438775301 0.0297028329223394 0.0243364870548248 0.0209541767835617 0.0271453727036715 0.0347094126045704 0.0989023000001907 0.359366089105606 0.313253283500671 0.309510737657547 0.203163459897041 0.188743874430656 0.190209329128265 0.211965873837471 0.271440297365189 0.310040652751923 0.289496809244156 0.291600912809372 -3.4e+38 0.390170991420746 0.384638041257858 -3.4e+38 -3.4e+38 -3.4e+38 -3.4e+38 -3.4e+38
0.00346037559211254 0.00376565405167639 0.0047069825232029 0.00589664280414581 0.00935831014066935 0.0286276787519455 0.0357080772519112 0.0138922343030572 0.00889011658728123 0.00899025797843933 0.0123419091105461 0.0136214895173907 0.011442344635725 0.0079620722681284 0.00736606633290648 0.00838431250303984 0.00885715428739786 0.0144931385293603 0.0163123346865177 0.0171414855867624 0.0164123233407736 0.0245587397366762 0.0320351161062717 0.0886668786406517 0.182445913553238 0.132443726062775 0.108061566948891 0.114419974386692 0.13374075293541 0.205310970544815 0.219686284661293 0.281773120164871 0.29492199420929 0.304616779088974 0.306663662195206 0.341000944375992 0.373559176921844 0.385662853717804 0.420279920101166 -3.4e+38 -3.4e+38 -3.4e+38 -3.4e+38
0.00236121332272887 0.00340210250578821 0.00404131365939975 0.00495847873389721 0.0102411387488246 0.0261945333331823 0.027180377393961 0.0138127133250237 0.00918635074049234 0.00869912933558226 0.00907011330127716 0.0100082475692034 0.0120369447395205 0.00717459619045258 0.00643288809806108 0.0071880416944623 0.00849979184567928 0.0115118157118559 0.0130815487354994 0.0219358652830124 0.0161760076880455 0.0180340278893709 0.0233999025076628 0.0723934844136238 0.174952566623688 0.176203534007072 0.119050152599812 0.11020914465189 0.136753171682358 0.222317919135094 0.236284300684929 0.271254777908325 0.358105421066284 0.360340267419815 0.356084227561951 0.357782661914825 0.419069886207581 0.406827092170715 0.44583386182785 0.445971459150314 -3.4e+38 -3.4e+38 -3.4e+38
0.00215915171429515 0.0034466132055968 0.00374662107788026 0.00490061147138476 0.0114254057407379 0.0223609432578087 0.011152908205986 0.00889597367495298 0.00783051550388336 0.00793791748583317 0.00804082583636045 0.00887266546487808 0.00960351899266243 0.00976955983787775 0.00572994071990252 0.00650876946747303 0.0106285000219941 0.0131349498406053 0.0181291308254004 0.0248492565006018 0.0240973513573408 0.0218374691903591 0.03140489757061 0.0846113041043282 0.126087218523026 0.269482970237732 0.419688284397125 0.244568899273872 0.230493769049644 0.237945303320885 0.233752369880676 0.293701529502869 0.356682747602463 0.494473576545715 0.378797441720963 0.376935839653015 0.55525279045105 0.524844110012054 0.495545387268066 0.471054941415787 0.521782279014587 -3.4e+38 -3.4e+38
0.00215147598646581 0.00252859015017748 0.00367351272143424 0.00492408638820052 0.0105150742456317 0.0141492802649736 0.010305161587894 0.0072568953037262 0.0073877708055079 0.00705885700881481 0.00716892303898931 0.00725285755470395 0.00779185211285949 0.00924554653465748 0.00685896351933479 0.00790747907012701 0.00839119032025337 0.0104575948789716 0.0190992429852486 0.0226734168827534 0.019888723269105 0.0218605399131775 0.0287942253053188 0.0518550053238869 0.156846195459366 0.150324657559395 0.253029435873032 0.525211691856384 0.467826932668686 0.23725438117981 0.23462800681591 0.379903674125671 0.280044496059418 0.472369104623795 0.490849614143372 0.358479142189026 0.497804224491119 0.618053257465363 0.461832582950592 0.541804075241089 0.506138741970062 -3.4e+38 -3.4e+38
0.00201697275042534 0.00247510871849954 0.00398592511191964 0.00481552258133888 0.010419343598187 0.0127928229048848 0.00918898172676563 0.0104852179065347 0.00976281147450209 0.00825387798249722 0.00827468559145927 0.00897500850260258 0.00903505459427834 0.00943175423890352 0.00700928829610348 0.0068634832277894 0.00787302479147911 0.00850875023752451 0.0106153804808855 0.0218423940241337 0.0287489704787731 0.0216443855315447 0.0220621582120657 0.0270275361835957 0.0561098232865334 0.100342698395252 0.184856623411179 0.466873645782471 0.815331280231476 0.672323346138 0.232231974601746 0.283364623785019 0.272269368171692 0.48256042599678 0.635292053222656 0.3738654255867 0.376824021339417 0.489384919404984 0.45940625667572 0.502401232719421 0.518904626369476 -3.4e+38 -3.4e+38
0.00198565679602325 0.00247219041921198 0.00293613295070827 0.00486617023125291 0.00641482975333929 0.010530429892242 0.0130626261234283 0.00871815625578165 0.00824428908526897 0.0082726338878274 0.00816489104181528 0.00774801895022392 0.0078673679381609 0.00823986995965242 0.00847665313631296 0.00783409923315048 0.00975357368588448 0.0115512050688267 0.0094991996884346 0.0159891210496426 0.0450490638613701 0.034432664513588 0.0258902702480555 0.0265269316732883 0.0494316406548023 0.118891552090645 0.138009801506996 0.391492962837219 0.782131552696228 0.615564942359924 0.468385219573975 0.32633250951767 0.324258744716644 0.335896998643875 0.559612393379211 0.393041729927063 0.401124328374863 0.406424880027771 0.46136885881424 0.47966057062149 0.535820364952087 0.54295414686203 -3.4e+38
0.00205392949283123 0.00229892157949507 0.00296869152225554 0.0049020666629076 0.00577538087964058 0.0115065276622772 0.00889820512384176 0.00857873633503914 0.00903727579861879 0.00900353025645018 0.00855338480323553 0.00924381893128157 0.00890113785862923 0.00708980206400156 0.00753907859325409 0.00800324138253927 0.0087444968521595 0.0102954711765051 0.0134024294093251 0.0157014653086662 0.0395984537899494 0.0427528880536556 0.0362237729132175 0.0330111756920815 0.0405956991016865 0.0696643218398094 0.12923289835453 0.236330091953278 0.391273498535156 0.332239121198654 0.542535662651062 0.569533169269562 0.615141451358795 0.338835179805756 0.652645826339722 0.641919314861298 0.381093978881836 0.424477964639664 0.428697347640991 0.443173766136169 0.500951588153839 0.602723896503448 0.646186470985413
0.0017697736620903 0.00171746115665883 0.00296382303349674 0.00394559931010008 0.00742500182241201 0.0123972361907363 0.00799667555838823 0.0084123145788908 0.0079742930829525 0.00867188256233931 0.00864130072295666 0.00978647079318762 0.00945762172341347 0.00932139996439219 0.00956827960908413 0.00960552785545588 0.00844808854162693 0.00996349845081568 0.0133141269907355 0.025054669007659 0.0297852773219347 0.0655491501092911 0.0417160280048847 0.0496012382209301 0.0692566186189651 0.0923530757427216 0.121836423873901 0.288200795650482 0.222236678004265 0.258743613958359 0.318253844976425 0.515749990940094 0.394834220409393 0.477503508329391 0.510600864887238 0.65306955575943 0.406904578208923 0.506406843662262 0.421775162220001 0.438934952020645 0.532031714916229 0.604207515716553 0.610393702983856
0.00224016699939966 0.00172260194085538 0.00199068570509553 0.0035617658868432 0.00633352342993021 0.0110459607094526 0.00660790037363768 0.00734808202832937 0.0067668822593987 0.00910410936921835 0.00884075928479433 0.0112079894170165 0.0102375354617834 0.00982497911900282 0.00963003933429718 0.0115510476753116 0.00920332595705986 0.0119713600724936 0.0140634002164006 0.020550686866045 0.0308537241071463 0.0624343939125538 0.0506755895912647 0.0684134066104889 0.0917412936687469 0.0960239842534065 0.13638362288475 0.224649593234062 0.224463224411011 0.171326354146004 0.216493621468544 0.296969890594482 0.439321607351303 0.47883865237236 0.386987894773483 0.463769465684891 0.440825492143631 0.452787548303604 0.470084816217422 0.504541456699371 0.642894864082336 0.55490255355835 0.543919503688812
0.00183103256858885 0.00138608855195343 0.00198825774714351 0.00289767910726368 0.00797874107956886 0.007624845020473 0.00532799353823066 0.00484422408044338 0.00715752132236958 0.0101386411115527 0.0134816281497478 0.014556453563273 0.0124463411048055 0.0114073641598225 0.010270219296217 0.0120751885697246 0.0101868277415633 0.0120090870186687 0.0145346075296402 0.0170170590281487 0.0274290144443512 0.0405123494565487 0.0464140400290489 0.060905359685421 0.0747715383768082 0.0706669166684151 0.096870020031929 0.119673624634743 0.22866415977478 0.10405832529068 0.123215414583683 0.194752484560013 0.300174355506897 0.541364729404449 0.412511169910431 0.423520386219025 0.38610577583313 0.387673050165176 0.429910391569138 0.536850452423096 0.555042505264282 0.560356497764587 0.548564493656158
0.00129292788915336 0.00131776311900467 0.00159505009651184 0.003966408316046 0.0100025814026594 0.00944282114505768 0.00416590180248022 0.00517180282622576 0.00808653607964516 0.0130913872271776 0.0229946412146091 0.0226012133061886 0.0193816274404526 0.0121937459334731 0.0123073924332857 0.0146299600601196 0.0121137937530875 0.0128573616966605 0.0142491543665528 0.0178990922868252 0.0243006926029921 0.0416978895664215 0.0495219267904758 0.06361985206604 0.071553073823452 0.0559311732649803 0.0684048682451248 0.107053309679031 0.176153987646103 0.0975178927183151 0.091239720582962 0.157742500305176 0.2659692466259 0.450583904981613 0.487323313951492 0.593367218971252 0.435379594564438 0.374987006187439 0.428177446126938 0.470080107450485 0.485457301139832 0.506319999694824 0.587700307369232
0.000980964745394886 0.00139340292662382 0.0018332430627197 0.00294893747195601 0.0064021865837276 0.00702577503398061 0.00530389649793506 0.00715090241283178 0.0122886970639229 0.020399859175086 0.0239217299968004 0.0254416856914759 0.0186739508062601 0.0184076819568872 0.0157929342240095 0.0132748289033771 0.0134444916620851 0.0127863744273782 0.014165535569191 0.0200595017522573 0.033940602093935 0.0430400334298611 0.0598303079605103 0.0724119395017624 0.0543978586792946 0.049592349678278 0.0558904968202114 0.0755326077342033 0.128543376922607 0.106946364045143 0.0812921226024628 0.120260655879974 0.237770140171051 0.283728748559952 0.496907383203506 0.561124622821808 0.366362422704697 0.364014953374863 0.432648986577988 0.436564981937408 0.462904840707779 0.528155863285065 0.567357063293457
0.00102168729063123 0.00103777996264398 0.00222969264723361 0.00497268093749881 0.00668837875127792 0.00740834139287472 0.0114128198474646 0.0261204950511456 0.0267974250018597 0.0275155361741781 0.0249333120882511 0.0214553959667683 0.0245580710470676 0.0245007034391165 0.0241471827030182 0.0176167581230402 0.0173457507044077 0.0149216456338763 0.01474070828408 0.0199834462255239 0.0289810113608837 0.0393456593155861 0.0495399050414562 0.0702738687396049 0.0575723648071289 0.0607157982885838 0.0502087958157063 0.0498246848583221 0.0664967894554138 0.077722430229187 0.072178803384304 0.106346525251865 0.14600944519043 0.232694163918495 0.391728281974792 0.524670541286469 0.377925336360931 0.402596235275269 0.453331083059311 0.443926721811295 0.441526681184769 0.47040393948555 0.523410260677338
0.00119267520494759 0.00119193154387176 0.00173343566711992 0.00670666247606277 0.00898956600576639 0.00996884051710367 0.0164035260677338 0.0237837824970484 0.0246294476091862 0.0206534639000893 0.0228687506169081 0.0162326488643885 0.0205290876328945 0.0185527503490448 0.0250327456742525 0.0294455755501986 0.0212416909635067 0.0159142017364502 0.014665711671114 0.0169758163392544 0.0248522851616144 0.0384672358632088 0.0478272028267384 0.0619335174560547 0.0614380612969398 0.0550424754619598 0.0507795363664627 0.0519600212574005 0.0505986586213112 0.067192979156971 0.0680773034691811 0.0762386247515678 0.120461270213127 0.194312557578087 0.338529139757156 0.436117261648178 0.352143943309784 0.559680819511414 0.501859962940216 0.421791583299637 0.377697139978409 0.470517009496689 0.537769377231598
0.00202527525834739 0.00188796024303883 0.00165254587773234 0.00620875554159284 0.0155264111235738 0.0147445239126682 0.0212590042501688 0.0196033027023077 0.0202780943363905 0.0172965731471777 0.0157827381044626 0.0150107555091381 0.0174291990697384 0.0155624002218246 0.0199173279106617 0.0291217397898436 0.0282081048935652 0.0229389816522598 0.0179516468197107 0.0181273072957993 0.0375324003398418 0.0515929311513901 0.0604152493178844 0.0586186200380325 0.0691182017326355 0.0662420839071274 0.0638822317123413 0.0581426508724689 0.0585020333528519 0.050932265818119 0.0642059743404388 0.0699079260230064 0.0976105928421021 0.156699776649475 0.266029983758926 0.262715369462967 0.288787215948105 0.361366629600525 0.390406519174576 0.31216424703598 0.347124397754669 0.443132698535919 0.504890859127045
0.00401187129318714 0.00576558103784919 0.00289179873652756 0.00420322176069021 0.0137518309056759 0.0131691321730614 0.0174014363437891 0.0213496219366789 0.0177691057324409 0.015610440634191 0.0156770180910826 0.0153510486707091 0.0146666569635272 0.0145702436566353 0.0170226767659187 0.0231610219925642 0.030488558113575 0.028110820800066 0.0204989667981863 0.0241975821554661 0.0376072898507118 0.0487321875989437 0.0656901672482491 0.0527659952640533 0.0580328591167927 0.068601131439209 0.0566436685621738 0.0462407395243645 0.0480377897620201 0.0408024303615093 0.0517032667994499 0.088446743786335 0.121881097555161 0.154634460806847 0.158718645572662 0.158311724662781 0.215512350201607 0.259937316179276 0.228485271334648 0.281872808933258 0.296154886484146 0.384087800979614 0.484136343002319
0.00474995654076338 0.00796815287321806 0.00536026200279593 0.00541958725079894 0.0207551550120115 0.0232887156307697 0.0196201130747795 0.0157609432935715 0.0136249354109168 0.0117864375934005 0.016376992687583 0.0178137142211199 0.0178701281547546 0.015584010630846 0.0145562924444675 0.0182010233402252 0.0230032820254564 0.0240055900067091 0.0225493554025888 0.0262717064470053 0.0320445708930492 0.0470095425844193 0.056357778608799 0.0514082796871662 0.0528046861290932 0.0572339110076427 0.0588322207331657 0.0553449019789696 0.0557865053415298 0.0406058132648468 0.0476088002324104 0.0712467432022095 0.112010076642036 0.107009261846542 0.119991838932037 0.105990767478943 0.124534592032433 0.142605721950531 0.1658024340868 0.234705835580826 0.265519082546234 0.35198962688446 0.471203237771988
