data/climate_estimation/ripogonum_output/Ripogonum_fawcettianum.asc
NCOLS 32 
NROWS 76 
XLLCORNER 150.916666666667 
YLLCORNER -34.4166666666667 
CELLSIZE 0.083333333333333 
NODATA_value -3.4e+38 
[rows 0 to 37 of 76, columns 0 to 31 of 32]
0.001735203899443 0.0024625095538795 0.00195361697115004 0.00165667827241123 0.0018774070776999 0.00259005581028759 0.00338747259229422 0.00331762013956904 0.00402583507820964 0.00491857528686523 0.00474208313971758 0.00562995811924338 0.00640308437868953 0.00859977770596743 0.0120651302859187 0.0584418214857578 0.129868343472481 0.29085248708725 0.0752594619989395 0.0263905040919781 0.0210957992821932 0.043026328086853 0.0411404557526112 0.0273661874234676 0.0406700409948826 0.121691070497036 0.565605461597443 0.674437165260315 0.644009232521057 0.532036602497101 0.426790922880173 0.418830066919327
0.00163248379249126 0.00220111571252346 0.00170131796039641 0.00165957841090858 0.0020467524882406 0.00308969663456082 0.00426422990858555 0.00440964847803116 0.0046813846565783 0.00543180480599403 0.0046984595246613 0.0055079716257751 0.00529898796230555 0.00644716899842024 0.00949225388467312 0.0170783307403326 0.122076943516731 0.361817717552185 0.473261177539825 0.0697624161839485 0.082298219203949 0.0731623843312263 0.037619411945343 0.0330093502998352 0.0634419694542885 0.218915700912476 0.706570625305176 0.717650473117828 0.693581521511078 0.644885718822479 0.533499360084534 0.508492529392242
0.00173830322455615 0.00183088367339224 0.00153292703907937 0.00162546371575445 0.00187354430090636 0.00283428793773055 0.00426745088770986 0.00533100962638855 0.00777669344097376 0.0103286318480968 0.00954246334731579 0.00556195294484496 0.00671396125108004 0.00704593630507588 0.00781565252691507 0.0110161304473877 0.101161479949951 0.354619055986404 0.391773670911789 0.411122798919678 0.622489392757416 0.358565330505371 0.062199704349041 0.144284591078758 0.194830536842346 0.627135872840881 0.694698512554169 0.721605479717255 0.543237507343292 0.474022030830383 0.499620914459229 0.484773874282837
0.00151305308099836 0.00151051476132125 0.00129989336710423 0.00161723443306983 0.00223623821511865 0.00305825821124017 0.00485339434817433 0.00599400931969285 0.0101891523227096 0.0189537238329649 0.017334159463644 0.0189258567988873 0.0281383506953716 0.0174761638045311 0.010581805370748 0.0163459181785583 0.0734410956501961 0.284086018800735 0.236175820231438 0.254085838794708 0.164504483342171 0.125707626342773 0.330056309700012 0.189388692378998 0.353414833545685 0.72635418176651 0.745839834213257 0.500219762325287 0.700509369373322 0.501108050346375 0.541576623916626 0.507853806018829
0.00115915748756379 0.00124127417802811 0.00140757684130222 0.00175089796539396 0.00250921910628676 0.00358618958853185 0.00468404078856111 0.00643576821312308 0.0126304253935814 0.0180184729397297 0.0288927666842937 0.0517017170786858 0.0943355113267899 0.0837574601173401 0.058313462883234 0.0361202880740166 0.0390456058084965 0.0918563827872276 0.242413610219955 0.102224513888359 0.218185186386108 0.382916569709778 0.171488553285599 0.0565387941896915 0.0705179870128632 0.298622518777847 0.734219014644623 0.517914831638336 0.552575290203094 0.647738099098206 0.569463849067688 0.515565574169159
0.00128494913224131 0.00133135647047311 0.00178305548615754 0.00212533655576408 0.00272691715508699 0.00345058320090175 0.00476680649444461 0.00702572241425514 0.0122157279402018 0.018793411552906 0.0457436740398407 0.0853109061717987 0.103996060788631 0.115581460297108 0.0908513516187668 0.0463429167866707 0.0384019911289215 0.108604967594147 0.0685841888189316 0.114936999976635 0.0973216369748116 0.107726365327835 0.138893157243729 0.0711785703897476 0.043402049690485 0.119256168603897 0.460801959037781 0.672586977481842 0.729211628437042 0.695205211639404 0.606305718421936 0.511845648288727
0.00160997384227812 0.00134886580053717 0.00177732016891241 0.00237209303304553 0.00337711675092578 0.00405612075701356 0.00557689415290952 0.0109546361491084 0.0114235868677497 0.024261113256216 0.0522996075451374 0.061130478978157 0.0897467583417892 0.129659712314606 0.155557200312614 0.0883030518889427 0.0365663170814514 0.0720110610127449 0.132029637694359 0.087995707988739 0.0407747663557529 0.159480705857277 0.0278559010475874 0.0223624967038631 0.0378027483820915 0.177644789218903 0.334469258785248 0.512415766716003 0.705186307430267 0.699759960174561 0.637154221534729 0.545719385147095
0.00122779072262347 0.00135930860415101 0.00207772967405617 0.00235856394283473 0.00351769919507205 0.00807287637144327 0.0071460991166532 0.0110312690958381 0.0141508942469954 0.0251558143645525 0.0568782910704613 0.0594331845641136 0.103972695767879 0.154824078083038 0.154874309897423 0.0548094548285007 0.111503347754478 0.0554549098014832 0.0713596194982529 0.0377710685133934 0.0490643605589867 0.132553666830063 0.0457370430231094 0.0235781464725733 0.037252951413393 0.106251887977123 0.354512274265289 0.45126810669899 0.625430703163147 0.646144568920135 0.610073089599609 0.531030118465424
0.00126101041678339 0.00141888356301934 0.00185351935215294 0.00271876319311559 0.00419596629217267 0.00832899380475283 0.0086890859529376 0.00767007330432534 0.0236101858317852 0.0224546007812023 0.0308855809271336 0.064072847366333 0.149884596467018 0.169861003756523 0.182214081287384 0.124783106148243 0.132347092032433 0.0732710659503937 0.0507106445729733 0.0306638069450855 0.0411643572151661 0.170965597033501 0.0606742054224014 0.0341003574430943 0.0415585786104202 0.0878740027546883 0.250136613845825 0.453003883361816 0.63008052110672 0.683142781257629 0.624508500099182 0.521564245223999
0.00155188189819455 0.00156540633179247 0.00167976936791092 0.00219292961992323 0.00270777195692062 0.00559541303664446 0.00525351148098707 0.00922105647623539 0.0209949444979429 0.0576627515256405 0.0521788112819195 0.0686409994959831 0.154619872570038 0.19913387298584 0.215112403035164 0.206283628940582 0.145953997969627 0.146611228585243 0.0724551752209663 0.0304285902529955 0.0398614406585693 0.0656963214278221 0.0681611597537994 0.0604735165834427 0.0550487637519836 0.0879398882389069 0.210450887680054 0.442127376794815 0.603757917881012 0.732182741165161 0.624179542064667 0.525619685649872
0.0028139497153461 0.0028316795360297 0.00326731451787055 0.00241408892907202 0.00233950256370008 0.00556880468502641 0.00527912098914385 0.00498711224645376 0.0127778314054012 0.0386500507593155 0.11279372125864 0.0694658309221268 0.123408697545528 0.175539672374725 0.192009463906288 0.186990290880203 0.19689816236496 0.190271496772766 0.109065569937229 0.0399305261671543 0.0480342134833336 0.0739485695958138 0.100821152329445 0.0688081830739975 0.0745918676257133 0.122323952615261 0.266169488430023 0.43410062789917 0.566881358623505 0.671496510505676 0.620147466659546 0.562990427017212
0.00265846448019147 0.00339052802883089 0.00543321669101715 0.00275902170687914 0.00227963412180543 0.00571802956983447 0.0060039684176445 0.00578139163553715 0.00823375396430492 0.0170078836381435 0.0509595237672329 0.0713263601064682 0.140408992767334 0.149710208177567 0.180494174361229 0.184189662337303 0.27917355298996 0.0671777352690697 0.113343507051468 0.037568848580122 0.0451434552669525 0.0969085395336151 0.106075026094913 0.074264332652092 0.105457574129105 0.188171878457069 0.350003689527512 0.477212607860565 0.565756976604462 0.698237955570221 0.664146661758423 -3.4e+38
0.00308297271840274 0.00433962699025869 0.00516035780310631 0.002726168371737 0.00228212308138609 0.00364981638267636 0.0042487564496696 0.00951948761940002 0.0197381395846605 0.0317161418497562 0.0223843045532703 0.0746278092265129 0.165472730994225 0.161816537380219 0.189432829618454 0.142668500542641 0.275649517774582 0.117393590509892 0.243139669299126 0.044938076287508 0.0463390536606312 0.113798588514328 0.122873514890671 0.085815504193306 0.118525691330433 0.221526309847832 0.439857393503189 0.559196710586548 0.671968102455139 0.714437067508698 0.675713181495667 -3.4e+38
0.00425933254882693 0.00442609144374728 0.00297002890147269 0.00336566823534667 0.00342957722023129 0.00401991233229637 0.0156408566981554 0.0421145632863045 0.04703089594841 0.0547371618449688 0.0482853651046753 0.0535180233418941 0.09815863519907 0.138695508241653 0.213338494300842 0.128856405615807 0.100719854235649 0.200652182102203 0.133784517645836 0.0413016937673092 0.0465027056634426 0.134077057242393 0.230749368667603 0.12501148879528 0.164384052157402 0.275992929935455 0.480144143104553 0.649952232837677 0.718532979488373 0.699787795543671 0.667177557945251 -3.4e+38
0.0047922395169735 0.00441614491865039 0.00288206152617931 0.00400857301428914 0.00807027332484722 0.00935639347881079 0.0172386188060045 0.0352283082902431 0.0662340670824051 0.1016940549016 0.092075027525425 0.0920328125357628 0.098592571914196 0.147013306617737 0.210561260581017 0.170246586203575 0.259878307580948 0.227389380335808 0.0716090351343155 0.0344611704349518 0.0585580505430698 0.0684954971075058 0.14547011256218 0.19561380147934 0.199629306793213 0.353779941797256 0.598561704158783 0.732771575450897 0.727644801139832 0.723889291286469 -3.4e+38 -3.4e+38
0.00434447452425957 0.00390026508830488 0.00257428898476064 0.00363698322325945 0.00609256559982896 0.0166761726140976 0.0255505926907063 0.0372557751834393 0.046089131385088 0.0554776526987553 0.0786241218447685 0.0971828326582909 0.153488844633102 0.188304781913757 0.188906833529472 0.157215148210526 0.207093983888626 0.253611356019974 0.0355976559221745 0.0568059012293816 0.0585749037563801 0.0587285570800304 0.127413839101791 0.203781232237816 0.204654037952423 0.437536656856537 0.582089185714722 0.712064564228058 0.7111536860466 0.667510628700256 -3.4e+38 -3.4e+38
0.00490612164139748 0.00366849405691028 0.00323486910201609 0.00370916910469532 0.00894158333539963 0.020057575777173 0.0373092256486416 0.0538053251802921 0.0525904148817062 0.0553481839597225 0.0671876817941666 0.108052790164948 0.15129579603672 0.180173635482788 0.173391163349152 0.178201407194138 0.247587263584137 0.177592560648918 0.0396247655153275 0.170765653252602 0.0560031533241272 0.0611135363578796 0.12448351085186 0.133643642067909 0.175625205039978 0.298050850629807 0.542474150657654 0.702718198299408 0.678887248039246 0.644367575645447 -3.4e+38 -3.4e+38
0.0050826664082706 0.00420806277543306 0.00378439319320023 0.00508218305185437 0.00907829776406288 0.0255771931260824 0.0501015596091747 0.0563935860991478 0.0667502582073212 0.0636155605316162 0.0731587782502174 0.11512441188097 0.144349932670593 0.189470946788788 0.149116963148117 0.180816143751144 0.252748876810074 0.297101736068726 0.093870721757412 0.0987280607223511 0.0551477707922459 0.041852280497551 0.0659432932734489 0.0891914963722229 0.180148854851723 0.275501757860184 0.545979976654053 0.69136244058609 0.679107904434204 0.658830881118774 -3.4e+38 -3.4e+38
0.00552963837981224 0.00486768502742052 0.00509207788854837 0.00735483970493078 0.0106986807659268 0.0403946451842785 0.0564044266939163 0.0614027492702007 0.0615699514746666 0.0918644294142723 0.115124978125095 0.131787970662117 0.133711278438568 0.141673699021339 0.150347083806992 0.184562891721725 0.105920881032944 0.13190284371376 0.278683632612228 0.110519133508205 0.0614425204694271 0.0579215362668037 0.0603070221841335 0.0688121393322945 0.11681966483593 0.278239339590073 0.616967558860779 0.727688491344452 0.697797775268555 -3.4e+38 -3.4e+38 -3.4e+38
0.008515889756382 0.00842570327222347 0.00795790180563927 0.00878513138741255 0.012477919459343 0.0312287546694279 0.0617501810193062 0.0622368939220905 0.086063988506794 0.105058200657368 0.114756517112255 0.117464274168015 0.119696937501431 0.108641214668751 0.0829147547483444 0.112762667238712 0.112605042755604 0.111863702535629 0.167140707373619 0.153024896979332 0.118591591715813 0.0762986168265343 0.0707588642835617 0.0954219028353691 0.139997109770775 0.338113486766815 0.636575996875763 0.754308044910431 0.685178995132446 -3.4e+38 -3.4e+38 -3.4e+38
0.0130298277363181 0.0155319143086672 0.0128546971827745 0.013032522983849 0.0146928653120995 0.0183871500194073 0.0272954124957323 0.0598685629665852 0.0791822597384453 0.0775506496429443 0.0860273614525795 0.11770648509264 0.106151916086674 0.113433189690113 0.119732044637203 0.0895132943987846 0.127429857850075 0.173999294638634 0.218161225318909 0.166199788451195 0.194327756762505 0.114083506166935 0.114211827516556 0.136452361941338 0.280461370944977 0.483130097389221 0.754246473312378 0.748901665210724 0.701024770736694 -3.4e+38 -3.4e+38 -3.4e+38
0.012140953913331 0.0163060519844294 0.0311523396521807 0.0305057894438505 0.0357254445552826 0.0444450788199902 0.0506159104406834 0.0828943252563477 0.110739767551422 0.0814089775085449 0.100699618458748 0.115329869091511 0.103638924658298 0.0881185382604599 0.0968199223279953 0.117213159799576 0.0920241922140121 0.159108847379684 0.184504091739655 0.239841431379318 0.258491635322571 0.337934911251068 0.271218180656433 0.290694206953049 0.443038791418076 0.712514579296112 0.780259251594543 0.747551441192627 0.710105657577515 -3.4e+38 -3.4e+38 -3.4e+38
0.0144581347703934 0.0306614674627781 0.0398448258638382 0.0390931814908981 0.0674788802862167 0.0818609446287155 0.0692281946539879 0.0836184844374657 0.12426220625639 0.136285334825516 0.12273333221674 0.128827571868896 0.100328102707863 0.0942129418253899 0.0755667015910149 0.0958476141095161 0.135613113641739 0.252080529928207 0.336706697940826 0.399472922086716 0.485200673341751 0.44433069229126 0.593037962913513 0.686801075935364 0.673169255256653 0.744712769985199 0.79915452003479 0.751122236251831 0.700693428516388 -3.4e+38 -3.4e+38 -3.4e+38
0.0227333474904299 0.0317568182945251 0.0424428395926952 0.0370318815112114 0.0705563947558403 0.0693294852972031 0.0606225244700909 0.0622962489724159 0.133887380361557 0.162053152918816 0.143431097269058 0.117974549531937 0.0705965757369995 0.0637129917740822 0.0692689046263695 0.0973079055547714 0.128506079316139 0.312028080224991 0.378023594617844 0.537642896175385 0.628192484378815 0.671761095523834 0.693784594535828 0.7384974360466 0.766479194164276 0.802944481372833 0.766807436943054 0.758950591087341 -3.4e+38 -3.4e+38 -3.4e+38 -3.4e+38
0.0223295819014311 0.0216295402497053 0.021953172981739 0.0317502431571484 0.0626256465911865 0.0617542527616024 0.0649881288409233 0.0671626999974251 0.10360711812973 0.140406414866447 0.141286015510559 0.12122355401516 0.088678166270256 0.0721292719244957 0.0740965008735657 0.0999142900109291 0.13718643784523 0.384960889816284 0.471449077129364 0.58423262834549 0.629647731781006 0.665892481803894 0.708267390727997 0.751200616359711 0.781300187110901 0.788064002990723 0.788738310337067 0.715287625789642 -3.4e+38 -3.4e+38 -3.4e+38 -3.4e+38
0.030036024749279 0.0207638181746006 0.0181571040302515 0.0196419898420572 0.0391645655035973 0.0598408579826355 0.0646865963935852 0.077653743326664 0.1016581133008 0.0995252057909966 0.116577610373497 0.120946526527405 0.0925124287605286 0.0744260922074318 0.082507498562336 0.122515805065632 0.154446393251419 0.369453877210617 0.514928579330444 0.593138575553894 0.635982751846313 0.664186358451843 0.69150185585022 0.730169475078583 0.770686149597168 0.784432649612427 0.759987771511078 0.696735203266144 -3.4e+38 -3.4e+38 -3.4e+38 -3.4e+38
0.0348643399775028 0.0201491452753544 0.0157073531299829 0.0158879738301039 0.0266298707574606 0.0454058051109314 0.0562436804175377 0.0707741677761078 0.105623677372932 0.0938922986388206 0.100198410451412 0.105069421231747 0.0940027758479118 0.103413283824921 0.126457557082176 0.17292732000351 0.205278530716896 0.438184171915054 0.528653860092163 0.594825327396393 0.634345889091492 0.67338365316391 0.679424941539764 0.701073706150055 0.783112347126007 0.76998770236969 0.721451342105865 -3.4e+38 -3.4e+38 -3.4e+38 -3.4e+38 -3.4e+38
0.037107951939106 0.0396399237215519 0.0137812281027436 0.0120348818600178 0.0181400626897812 0.043208546936512 0.0481007732450962 0.0567273199558258 0.0728332474827766 0.056320808827877 0.049821775406599 0.0716973766684532 0.0603173486888409 0.103898152709007 0.134529173374176 0.3487668633461 0.419633060693741 0.513244926929474 0.525152623653412 0.565660953521729 0.631475508213043 0.667108774185181 0.715860307216644 0.737920880317688 0.774952709674835 0.736445307731628 0.698959529399872 -3.4e+38 -3.4e+38 -3.4e+38 -3.4e+38 -3.4e+38
0.0337585993111134 0.0375593081116676 0.013984608463943 0.0109325237572193 0.0147767700254917 0.0261769518256187 0.0317796729505062 0.0456907972693443 0.0430366322398186 0.0352492555975914 0.0281241089105606 0.0409718118607998 0.0675115510821342 0.0708912536501884 0.12615504860878 0.368102967739105 0.444839209318161 0.470956265926361 0.539251327514648 0.607950925827026 0.664584934711456 0.633414804935455 0.630086004734039 0.614801108837128 0.676026523113251 0.727454364299774 -3.4e+38 -3.4e+38 -3.4e+38 -3.4e+38 -3.4e+38 -3.4e+38
0.012697204016149 0.0190172363072634 0.0134896077215672 0.0154989287257195 0.0203778855502605 0.0203819591552019 0.0308981519192457 0.0465447530150414 0.0515460669994354 0.0465563423931599 0.0383615382015705 0.0496482439339161 0.0701928585767746 0.0756730884313583 0.126658052206039 0.283506453037262 0.461728096008301 0.528802812099457 0.493024945259094 0.613777935504913 0.670939028263092 0.685839295387268 0.703779816627502 0.704622328281403 0.715545535087585 0.690081059932709 -3.4e+38 -3.4e+38 -3.4e+38 -3.4e+38 -3.4e+38 -3.4e+38
0.0135632259771228 0.0321127846837044 0.019384479150176 0.0188321862369776 0.0230852663516998 0.0322592221200466 0.0386561378836632 0.0559228211641312 0.0592838600277901 0.0624093487858772 0.050040677189827 0.0469264686107635 0.0631742551922798 0.0674991011619568 0.119534470140934 0.163232609629631 0.312187522649765 0.248333379626274 0.412529587745667 0.59961211681366 0.679642379283905 0.674911320209503 0.613538026809692 0.695697009563446 0.723773539066315 0.708232641220093 -3.4e+38 -3.4e+38 -3.4e+38 -3.4e+38 -3.4e+38 -3.4e+38
0.0299842804670334 0.0516171306371689 0.0315950736403465 0.0379032902419567 0.0324633307754993 0.0408712476491928 0.0484705753624439 0.0561900548636913 0.0657447427511215 0.0709014609456062 0.0698924511671066 0.062783807516098 0.0597422868013382 0.0678772926330566 0.123476698994637 0.0629548877477646 0.0833620950579643 0.126316234469414 0.26051989197731 0.490131855010986 0.582057356834412 0.709015667438507 0.644359230995178 0.667508363723755 0.705347657203674 -3.4e+38 -3.4e+38 -3.4e+38 -3.4e+38 -3.4e+38 -3.4e+38 -3.4e+38
0.0113174440339208 0.0754430070519447 0.0468352250754833 0.0445597134530544 0.0373748652637005 0.0445784591138363 0.0498774461448193 0.0607926659286022 0.0865104198455811 0.0955256000161171 0.0755798816680908 0.059863667935133 0.0494535528123379 0.0697337165474892 0.0603320300579071 0.151126742362976 0.102229662239552 0.0669355392456055 0.162588343024254 0.296480745077133 0.452091723680496 0.506395757198334 0.713040888309479 0.733744919300079 0.743239521980286 -3.4e+38 -3.4e+38 -3.4e+38 -3.4e+38 -3.4e+38 -3.4e+38 -3.4e+38
0.0424187928438187 0.0660577267408371 0.0659858882427216 0.0518591068685055 0.0409673675894737 0.0439948029816151 0.0589250139892101 0.0692561492323875 0.103155195713043 0.100737370550632 0.132356956601143 0.15538789331913 0.0731966346502304 0.0527138561010361 0.0595874525606632 0.280678778886795 0.422588586807251 0.180723056197166 0.163559630513191 0.19481135904789 0.275824218988419 0.588243961334229 0.720495998859406 0.704339444637299 0.678207337856293 0.661766827106476 -3.4e+38 -3.4e+38 -3.4e+38 -3.4e+38 -3.4e+38 -3.4e+38
0.0296249352395535 0.043283611536026 0.0667387396097183 0.0505820401012897 0.0369148403406143 0.0371243990957737 0.0519575700163841 0.0618479326367378 0.0837918743491173 0.0972160771489143 0.164816200733185 0.168042421340942 0.0889275819063187 0.0885898023843765 0.154434233903885 0.117085374891758 0.32897025346756 0.291448146104813 0.207489579916 0.173139780759811 0.206205308437347 0.429574966430664 0.662844181060791 0.686216533184052 0.667454719543457 0.647529661655426 0.604687452316284 -3.4e+38 -3.4e+38 -3.4e+38 -3.4e+38 -3.4e+38
0.0111590391024947 0.0116824125871062 0.0186081472784281 0.0185951087623835 0.0328228510916233 0.0369363203644753 0.0444562137126923 0.0839143693447113 0.0987141132354736 0.109337635338306 0.153168052434921 0.218109399080276 0.147990480065346 0.0717001631855965 0.171671316027641 0.200487956404686 0.358114778995514 0.382943481206894 0.313885509967804 0.430275529623032 0.446714818477631 0.44661357998848 0.643061995506287 0.688454270362854 0.660513639450073 0.648102641105652 -3.4e+38 -3.4e+38 -3.4e+38 -3.4e+38 -3.4e+38 -3.4e+38
0.00934712029993534 0.0147709399461746 0.0351709499955177 0.0504465997219086 0.0462651439011097 0.0594689920544624 0.0532276481389999 0.0705328583717346 0.103519946336746 0.120950467884541 0.163491994142532 0.161164447665215 0.141685739159584 0.138228431344032 0.281976878643036 0.383571356534958 0.455666899681091 0.492133766412735 0.434067517518997 0.423675268888474 0.523122072219849 0.628835737705231 0.719909965991974 0.701550781726837 0.668150961399078 0.653668403625488 -3.4e+38 -3.4e+38 -3.4e+38 -3.4e+38 -3.4e+38 -3.4e+38
0.0130432900041342 0.0156848765909672 0.0273015089333057 0.0619731098413467 0.0772173404693604 0.081483967602253 0.0802850276231766 0.0914697200059891 0.110876329243183 0.139690637588501 0.185133084654808 0.246188461780548 0.201899543404579 0.216386258602142 0.335719794034958 0.38824999332428 0.378450006246567 0.489820092916489 0.480309635400772 0.541966319084167 0.586958348751068 0.726094841957092 0.742501020431519 0.694114804267883 0.665047705173492 -3.4e+38 -3.4e+38 -3.4e+38 -3.4e+38 -3.4e+38 -3.4e+38 -3.4e+38
