data/climate_estimation/ripogonum_output/Ripogonum_elseyanum.asc
NCOLS 100 
NROWS 180 
XLLCORNER 145.5 
YLLCORNER -32 
CELLSIZE 0.0833333333333334 
NODATA_value -3.4e+38 
[rows 38 to 56 of 180, columns 0 to 43 of 100]
0.000314052915200591 0.000316181714879349 0.000266365386778489 0.000256414758041501 0.000235137486015446 0.000225149924517609 0.000247196236159652 0.000260378001257777 0.000209963138331659 0.000195199638255872 0.000191004684893414 0.00020193298405502 0.000178081478225067 0.000185297452844679 0.000201281218323857 0.000234654100495391 0.000295267294859514 0.000643358565866947 0.000686531944666058 0.000549477350432426 0.000391747744288296 0.000339243677444756 0.000362321618013084 0.000416959985159338 0.000431606400525197 0.000560280343052 0.000630528840702027 0.000847402901854366 0.00152818707283586 0.00112860335502774 0.0010264451848343 0.000894627009984106 0.00110288662835956 0.00136910402216017 0.00129688216838986 0.00154970015864819 0.00363812362775207 0.00417439034208655 0.00267396890558302 0.00472262687981129 -3.4e+38 0.00727512035518885 0.00447965739294887 -3.4e+38
0.000327134126564488 0.000275794212939218 0.000253936334047467 0.000226324555114843 0.000218759509152733 0.000231089186854661 0.000258819054579362 0.000248386611929163 0.000256191735388711 0.000207883189432323 0.000203847710508853 0.000245608011027798 0.000222569011384621 0.000187308789463714 0.000202134368009865 0.000207155899261124 0.000258917105384171 0.000419501157011837 0.000395978218875825 0.000730152591131628 0.000374265742721036 0.000275647209491581 0.000312417279928923 0.000362716149538755 0.000454139022622257 0.000678401265759021 0.000663769722450525 0.000817179272416979 0.0011244717752561 0.00131854950450361 0.00139537535142154 0.00138056941796094 0.001871467102319 0.0029403050430119 0.00219563371501863 0.00194721657317132 0.00355110480450094 0.00440632551908493 0.00648625008761883 0.007459731772542 0.00433926051482558 0.00818810239434242 0.00621557887643576 0.00537557201460004
0.000274179910775274 0.000245196977630258 0.000235212719417177 0.000215912848943844 0.000205919699510559 0.000218595887417905 0.00022795723634772 0.000230654448387213 0.000192705847439356 0.000215931184357032 0.000223699535126798 0.00024726934498176 0.000221372480154969 0.000255593738984317 0.00027121213497594 0.000206334108952433 0.000212386148632504 0.000243860093178228 0.000281962798908353 0.000451987405540422 0.000542819267138839 0.000294359895633534 0.000284684327198192 0.000298242579447106 0.0003963538329117 0.000551419332623482 0.000502059527207166 0.000776241184212267 0.00142744067125022 0.00190902629401535 0.00197141105309129 0.00191951380111277 0.0033597988076508 0.00258545577526093 0.0028145145624876 0.0023165182210505 0.00229811179451644 0.00285817473195493 0.00828550942242146 0.00868830364197493 0.00687060970813036 0.00590215250849724 0.00667440937831998 -3.4e+38
0.000227150274440646 0.00024036958348006 0.000219506240682676 0.000195077896933071 0.000196225140825845 0.000190084727364592 0.000156521098688245 0.000160303519805893 0.000168750833836384 0.000173616586835124 0.000198813286260702 0.000197646149899811 0.000195020460523665 0.000199039219296537 0.000215542895602994 0.000194876687601209 0.000219707042560913 0.000200608788873069 0.000237676300457679 0.000296928657917306 0.000524184084497392 0.00031298102112487 0.000230935795116238 0.000259227032074705 0.000254287821007892 0.000280877080513164 0.000393558468203992 0.000624692824203521 0.00138169550336897 0.00306130200624466 0.00305264536291361 0.0035266587510705 0.00339667964726686 0.00503306370228529 0.00548651022836566 0.00279875518754125 0.0026020584627986 0.00309591903351247 0.00638793548569083 0.00699826842173934 0.0131895542144775 -3.4e+38 0.00872729253023863 0.0139248538762331
0.000194936685147695 0.000208682860829867 0.000205136850127019 0.000195230371900834 0.000177780413650908 0.000148620179970749 0.000142639430123381 0.00014631605881732 0.000143477125675417 0.000166033118148334 0.000173399821505882 0.000184848890057765 0.000171201463672332 0.000177548921783455 0.000198873472982086 0.000225387280806899 0.000274350779363886 0.000186131437658332 0.000189496990060434 0.000200889582629316 0.000249998876824975 0.000259672815445811 0.000274142221314833 0.000259385240497068 0.000242377878748812 0.00025475665461272 0.000330379058141261 0.000483769399579614 0.000950196525081992 0.00346433673985302 0.00454424088820815 0.00766482530161738 0.00702656246721745 0.0106755681335926 0.00553802121430635 0.00439710123464465 0.00317859975621104 0.00369776668958366 0.00437099253758788 -3.4e+38 0.0141977807506919 0.013384441845119 0.00990514736622572 0.00869201403111219
0.000180819901288487 0.000141948083182797 0.000142237666295841 0.0001463444205001 0.00014229973021429 0.000137559822178446 0.000124620026326738 0.000130715066916309 0.000132403511088341 0.000139771655085497 0.000145427300594747 0.000158063267008401 0.000148411520058289 0.000151812273543328 0.000167755264556035 0.000206671975320205 0.000242797192186117 0.000163001779583283 0.000167996273376048 0.000181190349394456 0.000188974285265431 0.000326235604006797 0.000440304051153362 0.000267155934125185 0.000243653557845391 0.000231937563512474 0.000306984264170751 0.000428375147748739 0.00069013488246128 0.0026166788302362 0.00327916047535837 0.00484786322340369 0.00942346081137657 0.015906335785985 0.00992419384419918 0.00532865338027477 0.0055288327857852 0.00722410203889012 0.00929558742791414 -3.4e+38 0.0104064540937543 -3.4e+38 0.0114214681088924 -3.4e+38
0.000138832838274539 0.000131955297547393 0.000122299781651236 0.000123933597933501 0.000119343181722797 0.000116723604151048 0.000122755620395765 0.000119427539175376 0.000126304788864218 0.000123341305879876 0.000132358080008999 0.000142740231240168 0.000139671683427878 0.000137021721457131 0.000151935339090414 0.000182038929779083 0.000168275946634822 0.00016113904712256 0.000188510166481137 0.000250563665758818 0.000258124549873173 0.000339311751304194 0.000598360144067556 0.00031682857661508 0.000292180891847238 0.000321506260661408 0.000294032826786861 0.00042013413622044 0.000690788147039711 0.00133549480233341 0.00214600120671093 0.00400664657354355 0.00642935605719686 0.0103624351322651 0.0152840195223689 0.0181041155010462 0.00914029031991959 0.0120473233982921 0.0119756916537881 0.0153058934956789 -3.4e+38 -3.4e+38 -3.4e+38 0.012493209913373
0.000133219495183 0.000134763497044332 0.000112224595795851 0.000110657667391934 0.000103693419077899 0.000103976351965684 0.000109654436528217 0.000111246408778243 0.000109918881207705 0.000112861082016025 0.000120574273751117 0.000122250348795205 0.000119709176942706 0.000127590581541881 0.000133370223920792 0.000138241681270301 0.00014140440907795 0.000143371493322775 0.000174800094100647 0.000217976776184514 0.000305198045680299 0.00040768802864477 0.000440622970927507 0.000538487336598337 0.000496693945024163 0.000366417225450277 0.000347915018210188 0.000412909954320639 0.000641956692561507 0.00109503755811602 0.00176602939609438 0.00266095786355436 0.00519186351448298 0.00869250018149614 0.0195930860936642 0.0363288857042789 0.0205529201775789 0.015292489901185 0.0214989613741636 0.0217680465430021 -3.4e+38 -3.4e+38 -3.4e+38 -3.4e+38
0.000134263274958357 0.000108986139821354 9.80819095275365e-05 9.14617121452466e-05 9.50970716075972e-05 9.75881121121347e-05 9.94816873571835e-05 9.92729692370631e-05 9.88574392977171e-05 0.000105161059764214 0.000106672770925798 0.000117116484034341 0.000114603550173342 0.000116341383545659 0.000126648519653827 0.000128004598082043 0.000129375854157843 0.000151940228533931 0.000152181921293959 0.000189043857972138 0.00026255744160153 0.000308282411424443 0.000368521810742095 0.000463924516225234 0.000601919600740075 0.000472967221867293 0.000370377762010321 0.000501035479828715 0.000640390964690596 0.00109001982491463 0.00199240213260055 0.00252772402018309 0.00708119804039598 0.00750989140942693 0.0126291830092669 0.0198114644736052 0.0490735620260239 0.0271734744310379 0.0221904683858156 0.0231100339442492 0.0217197760939598 0.0232189800590277 0.038363017141819 -3.4e+38
8.90693627297878e-05 9.640131611377e-05 8.31930374260992e-05 7.77384993853047e-05 8.08591212262399e-05 8.83995744516142e-05 9.12081595743075e-05 8.81671148817986e-05 8.87085625436157e-05 8.84970941115171e-05 0.000100770659628324 0.000103250327811111 0.00010286189353792 0.000110937864519656 0.000127742474433035 0.000122601850307547 0.000122617231681943 0.000150126244989224 0.000189337879419327 0.000190405480680056 0.000204516036319546 0.00025201149401255 0.000290072028292343 0.000345446518622339 0.000553533202037215 0.000552283599972725 0.000455622532172129 0.000516756845172495 0.00074775778921321 0.00106143206357956 0.00219708983786404 0.00245357630774379 0.00828300137072802 0.011236066929996 0.0103561626747251 0.0448325164616108 0.0694311633706093 0.078517958521843 0.0248931609094143 0.0252760611474514 0.0216922089457512 0.0229180995374918 0.0196434538811445 0.0224859546869993
5.8995090512326e-05 6.46186672383919e-05 5.9539386711549e-05 5.79842162551358e-05 5.94694865867496e-05 6.53223250992596e-05 8.03588118287735e-05 8.56166734592989e-05 8.66536065586843e-05 9.10217640921474e-05 9.19304075068794e-05 9.50851317611523e-05 0.000101098565210123 0.00010879695037147 0.000121627570479177 0.000116730159788858 0.000110845867311582 0.00015717807400506 0.000186365636182018 0.000188962032552809 0.00020423969544936 0.000228201184654608 0.000263177527813241 0.000361474230885506 0.000458815920865163 0.000504224677570164 0.000525227980688214 0.000696028990205377 0.000720373820513487 0.000913446769118309 0.00281155086122453 0.0029905668925494 0.00461810920387506 0.0160751845687628 0.0137544674798846 0.0282238721847534 0.07036392390728 0.0865140110254288 0.0258566401898861 0.0235712677240372 0.0209029857069254 0.0261565744876862 0.0244834758341312 0.0192908179014921
4.84771844639909e-05 5.14688690600451e-05 5.83418550377246e-05 6.13785814493895e-05 5.84944427828304e-05 5.90289200772531e-05 6.27812041784637e-05 7.72832936490886e-05 8.33010781207122e-05 9.20509119168855e-05 9.80237455223687e-05 9.36537762754597e-05 0.000100952820503153 0.000115828996058553 0.000110837354441173 0.000112450310552958 0.000112299836473539 0.000147267681313679 0.000176614354131743 0.000177438283571973 0.000189753336599097 0.0002022264234256 0.000287121394649148 0.000329412374412641 0.00042368596768938 0.000516689266078174 0.000563371693715453 0.000654241885058582 0.00069950643228367 0.000875490542966872 0.00179448898416013 0.00342844054102898 0.00323827285319567 0.00799999758601189 0.0208856668323278 0.0490941926836967 0.025103036314249 0.0141015769913793 0.0122037660330534 0.0153666622936726 0.0203074179589748 0.0191963538527489 0.0199973806738853 0.0259859841316938
4.98091394547373e-05 4.99407869938295e-05 5.77357277506962e-05 7.1844806370791e-05 5.81825224799104e-05 6.09852468187455e-05 5.9698610129999e-05 7.04068879713304e-05 7.48076708987355e-05 8.76824196893722e-05 9.04023690964095e-05 8.98420548764989e-05 0.000102217098174151 0.000143494107760489 0.00013157915964257 0.000140931049827486 0.000115337330498733 0.000131036373204552 0.000139351264806464 0.000155483794515021 0.000162329204613343 0.000212756378459744 0.000235017723753117 0.000284204870695248 0.000406035629566759 0.000467848993139341 0.000503459246829152 0.000540050212293863 0.000584335648454726 0.000806083378847688 0.00138830242212862 0.00330142909660935 0.00288884644396603 0.00485076988115907 0.0112094655632973 0.0263308454304934 0.0514950454235077 0.0185211133211851 0.0128607517108321 0.0130540831014514 0.0143774496391416 0.0165294986218214 0.0192093793302774 0.019988164305687
5.15912106493488e-05 5.61644956178498e-05 4.85538730572443e-05 5.46640658285469e-05 7.85547308623791e-05 7.2738403105177e-05 7.00333475833759e-05 7.3230461566709e-05 7.56020963308401e-05 8.4871266153641e-05 8.70767325977795e-05 9.01246821740642e-05 9.57590818870813e-05 0.00013876028242521 0.000140151198138483 0.000136511385790072 0.000120841366879176 0.000121158213005401 0.000132443674374372 0.00013794336700812 0.000147699189255945 0.000186078541446477 0.000210505342693068 0.000224334260565229 0.000317234080284834 0.000404525082558393 0.000462435302324593 0.000421833043219522 0.000517389271408319 0.000686036655679345 0.0011403524549678 0.0016830142121762 0.00209324643947184 0.00357916462235153 0.00736578833311796 0.0148789770901203 0.0397055707871914 0.0180067643523216 0.0134225944057107 0.0116499718278646 0.0205208174884319 0.0176149848848581 0.0177063532173634 0.0189571585506201
4.45392979600001e-05 5.14809798914939e-05 4.74555054097436e-05 4.71878265670966e-05 7.04966369085014e-05 8.29876298666932e-05 7.49905666452833e-05 7.49383398215286e-05 7.64419237384573e-05 8.63270543050021e-05 9.57361044129357e-05 9.80858094408177e-05 9.90671251202002e-05 0.000127746083308011 0.000119064396130852 0.00012112229160266 0.000110647131805308 0.000116190742119215 0.00012204820086481 0.000125933351228014 0.000162473821546882 0.000162571683176793 0.00018334636115469 0.00024929124629125 0.000250313605647534 0.00028875088901259 0.000305120309349149 0.000344840198522434 0.00043503605411388 0.000543321133591235 0.000714879424776882 0.000975272967480123 0.00153796758968383 0.00233352510258555 0.00393228093162179 0.00660674693062901 0.0208946727216244 0.0278997756540775 0.0295099057257175 0.0138677135109901 0.0155657595023513 0.0242113471031189 0.0286223664879799 0.0186431091278791
4.61980016552843e-05 5.08401935803704e-05 4.37175040133297e-05 4.43459393864032e-05 4.71621751785278e-05 7.26060825400054e-05 8.3242506661918e-05 8.49442440085113e-05 8.85585468495265e-05 9.00616869330406e-05 9.4485170848202e-05 9.79183314484544e-05 0.00013399294402916 0.000133430847199634 0.000121644465252757 0.000118820244097151 0.000108859028841835 0.000112567315227352 0.00012663436064031 0.000141143056680448 0.00014245486818254 0.000158634968101978 0.000210261932807043 0.000205151111003943 0.000195352477021515 0.000244553782977164 0.000261212728219107 0.000317853293381631 0.000395718176150694 0.000473356310976669 0.000677187170367688 0.00142557523213327 0.00092421198496595 0.00149016187060624 0.00181497295852751 0.00329941767267883 0.00618586083874106 0.01323795132339 0.0250174086540937 0.0149696040898561 0.0149751231074333 0.0188579838722944 0.0306678619235754 0.0215298011898994
3.71175738109741e-05 3.83472470275592e-05 3.63406797987409e-05 3.73429393221159e-05 4.2346215195721e-05 6.07825095357839e-05 8.8086788309738e-05 0.000122355035273358 9.78547686827369e-05 9.07910434762016e-05 8.74853940331377e-05 8.49685820867307e-05 0.00011667821672745 0.00012411258649081 0.000111552952148486 0.00011152006482007 0.000109081687696744 0.000117523471999448 0.000135779104311951 0.000135681591928005 0.000132968372781761 0.00013920190394856 0.000154518609633669 0.000176090790773742 0.000180903327418491 0.000194482039660215 0.000221843423787504 0.000266263814410195 0.000327191286487505 0.000388225453207269 0.000502229493577033 0.000505674164742231 0.000671106798108667 0.000798715802375227 0.00106692360714078 0.00173798075411469 0.00329798413440585 0.00657891482114792 0.00972971692681313 0.00963358115404844 0.0121391350403428 0.0165105760097504 0.0184378884732723 0.0225920975208282
2.85585047095083e-05 3.19892787956633e-05 3.72531721950509e-05 3.80705787392799e-05 4.04236488975585e-05 5.48692332813516e-05 8.48869822220877e-05 0.000139041789225303 9.58499222178943e-05 9.24953928915784e-05 8.5035790107213e-05 8.31746510812081e-05 8.49022035254166e-05 0.000103289217804559 0.000105735060060397 0.000105002072814386 0.000113485737529118 0.000132860877783969 0.000145073019666597 0.000146108839544468 0.000131969427457079 0.000132001470774412 0.000161663279868662 0.000159906063345261 0.000167144913575612 0.000179310402018018 0.000199875197722577 0.000234950566664338 0.000281073997030035 0.000325188157148659 0.000318578036967665 0.000392973073758185 0.000549529795534909 0.000681039760820568 0.000751493207644671 0.00118110526818782 0.00172580813523382 0.00249990099109709 0.00494579551741481 0.0064621502533555 0.00711014633998275 0.0199958737939596 0.0109738251194358 0.0154326260089874
2.63158144662157e-05 3.50114969478454e-05 5.23422349942848e-05 5.45729926670901e-05 5.06168544234242e-05 5.47218987776432e-05 7.71186241763644e-05 0.000119664189696778 8.21533903945237e-05 8.6386120528914e-05 0.000112843081296887 8.27227195259184e-05 9.87295934464782e-05 0.00010502859367989 0.000107143001514487 0.000112833455204964 0.000119699448987376 0.000156321562826633 0.000159730931045488 0.000184797783731483 0.000164379496709444 0.000153658183990046 0.000151139494846575 0.000162674492457882 0.000169102000654675 0.000173548920429312 0.000203164352569729 0.000237150961766019 0.000265248643700033 0.00028876424767077 0.000268323870841414 0.00041980785317719 0.000499799672979861 0.000579184619709849 0.000564934336580336 0.000687960011418909 0.00101504742633551 0.00133338128216565 0.00202576676383615 0.00383542710915208 0.0073740566149354 0.00765907391905785 0.0117311207577586 0.0129682971164584
