data/climate_estimation/ripogonum_output/Ripogonum_album.asc
NCOLS 106 
NROWS 269 
XLLCORNER 145 
YLLCORNER -38.3333333333333 
CELLSIZE 0.0833333333333334 
NODATA_value -3.4e+38 
[rows 228 to 246 of 269, columns 0 to 42 of 106]
0.000804675335530192 0.000831049575936049 0.000840847031213343 0.000854328798595816 0.000838929961901158 0.000798972090706229 0.000750432023778558 0.000640623737126589 0.000600729137659073 0.000703714205883443 0.000691905617713928 0.000496008666232228 0.00052058172877878 0.000554672267753631 0.000580127642024308 0.000604476779699326 0.000678381649777293 0.000864952628035098 0.00101200328208506 0.00113424123264849 0.00100571033544838 0.00100242428015918 0.00109344266820699 0.000814077793620527 0.00088604271877557 0.00105837103910744 0.00113220175262541 0.00150188896805048 0.00111965648829937 0.00133403856307268 0.00157793599646538 0.00224254769273102 0.00171209732070565 0.00196518003940582 0.00284550874494016 0.00789938773959875 0.00738593144342303 0.00402732798829675 0.00441891001537442 0.00610355986282229 0.013201767578721 0.0215423237532377 0.0173636823892593
0.0008432402391918 0.000877372629474849 0.00089657842181623 0.000804522889666259 0.000836427847389132 0.000785559648647904 0.000744306424167007 0.000635669857729226 0.000584132270887494 0.000691362482029945 0.000500667141750455 0.000644537154585123 0.000509367091581225 0.000549885793589056 0.000552820158191025 0.0005757354083471 0.000679883698467165 0.000803361879661679 0.000915813841857016 0.00114660849794745 0.00124877761118114 0.00124433229211718 0.00109792221337557 0.000918332254514098 0.000978300115093589 0.000980754266493022 0.00107432948425412 0.00128390663303435 0.00124251353554428 0.00174390058964491 0.00296744401566684 0.00250389706343412 0.00157692900393158 0.00272982683964074 0.00222748517990112 0.00395164685323834 0.00586500018835068 0.00381865538656712 0.00558979203924537 0.00955970864742994 0.016593748703599 0.029118413105607 0.0299909338355064
0.00064154778374359 0.000837972387671471 0.000636020267847925 0.000615953933447599 0.000801277928985655 0.0007870580884628 0.00071968836709857 0.00074459268944338 0.000754234089981765 0.000658448261674494 0.000676807481795549 0.000646204221993685 0.000622342340648174 0.000645100022666156 0.000509272271301597 0.000528183940332383 0.000623224186711013 0.000820141576696187 0.000941012694966048 0.00106463534757495 0.00125340407248586 0.0012712727766484 0.00112644047476351 0.00103234115522355 0.00110788515303284 0.00137880584225059 0.00147479888983071 0.00161216896958649 0.00144154520239681 0.0013963389210403 0.00206873170100152 0.0017920802347362 0.00210326095111668 0.00322889583185315 0.00321364705450833 0.00380612281151116 0.00403883447870612 0.00882577337324619 0.00845622643828392 0.019557585939765 0.0290352571755648 0.0299671310931444 0.0249256510287523
0.000842060486320406 0.000646082975436002 0.000678122567478567 0.000619636964984238 0.000644549145363271 0.000594673387240618 0.000769535545259714 0.000711924745701253 0.000734992499928921 0.000726926780771464 0.000617566460277885 0.00064619752811268 0.000605874520260841 0.000681949895806611 0.000468725396785885 0.000556362385395914 0.000643209787085652 0.000758568232413381 0.000855493475683033 0.00106865970883518 0.00123559311032295 0.00119636568706483 0.00125636637676507 0.00115666363853961 0.00133171421475708 0.00175386189948767 0.00173172261565924 0.002317312406376 0.00246768840588629 0.00218246481381357 0.00295070116408169 0.0027785929851234 0.00375243066810071 0.00367114879190922 0.00492334133014083 0.00915590953081846 0.00718722492456436 0.0112778404727578 0.00759117212146521 0.0152468848973513 0.029755886644125 0.0302862804383039 0.0263567417860031
0.000921116967219859 0.000709311862010509 0.000663766928482801 0.000660632736980915 0.000630150258075446 0.000860175176057965 0.000871734111569822 0.000761117204092443 0.000763244228437543 0.000700798234902322 0.000670863315463066 0.000613127660471946 0.000675473595038056 0.000475819339044392 0.000479824375361204 0.000503586139529943 0.000665446510538459 0.000769116741139442 0.000870629155542701 0.00106866168789566 0.00133728247601539 0.00135026301722974 0.00146930746268481 0.00196141842752695 0.00183139112778008 0.00172931991983205 0.00247053895145655 0.00240856618620455 0.00330385565757751 0.0039027922321111 0.00409225514158607 0.00348983146250248 0.00370451062917709 0.0054286434315145 0.0139885116368532 0.0071090767160058 0.0134711293503642 0.0184282604604959 0.0103864436969161 0.013081886805594 0.0286954566836357 0.030604500323534 0.0284828934818506
0.00100507424212992 0.000715120870154351 0.000724671059288085 0.0007357137510553 0.000689684471581131 0.000928720110096037 0.000854907324537635 0.000886814726982266 0.000802103080786765 0.000800000270828605 0.000762010167818516 0.000708416802808642 0.000692412897478789 0.000518598419148475 0.000520989065989852 0.00056150637101382 0.000723801204003394 0.000868490140419453 0.0010726066539064 0.00120569136925042 0.00149519694969058 0.00153611262794584 0.0016972302692011 0.00223592482507229 0.00212107296101749 0.00215094489976764 0.00235284306108952 0.00261567928828299 0.00386120169423521 0.00460659991949797 0.00367772928439081 0.00485623860731721 0.00753334537148476 0.00556335272267461 0.0195153914391994 0.0203096363693476 0.0257372427731752 0.0247594900429249 0.0255475305020809 0.0247826874256134 0.0305526182055473 0.0329806134104729 0.0295476671308279
0.00114881806075573 0.00116614927537739 0.00106780126225203 0.000841930625028908 0.000820878834929317 0.00103366503026336 0.000948399072512984 0.000969816464930773 0.000888982263859361 0.0009407012257725 0.000831940327771008 0.000799855450168252 0.00060744647635147 0.000891736941412091 0.000680479744914919 0.000715173024218529 0.000831719487905502 0.000942510960157961 0.00126293837092817 0.00142859166953713 0.00158332521095872 0.00180753238964826 0.00209717871621251 0.00208786292932928 0.00197893125005066 0.00289157452061772 0.00322700547985733 0.00435425620526075 0.00367381842806935 0.00854877568781376 0.0073530008085072 0.00862013082951307 0.00904540810734034 0.0100388713181019 0.0205279048532248 0.0293549597263336 0.0305076520889997 0.0389887355268002 0.032672218978405 0.0326641872525215 0.022820957005024 0.0340644791722298 0.0297262892127037
0.00125943985767663 0.00125641375780106 0.00135184999089688 0.00124793290160596 0.00126707903109491 0.00090235227253288 0.00122442748397589 0.00111591117456555 0.00109843804966658 0.00100866262800992 0.00098836503457278 0.000957113632466644 0.00103492185007781 0.00111688172910362 0.00122987560462207 0.00124664895702153 0.00100365851540118 0.00110278534702957 0.00142739585135132 0.00174665567465127 0.00194479606579989 0.00203904579393566 0.00210054381750524 0.00201208936050534 0.00288250832818449 0.00331279239617288 0.00372368143871427 0.00547032803297043 0.00849388632923365 0.00803356058895588 0.00966724939644337 0.0177225265651941 0.0131439790129662 0.0138212665915489 0.022671889513731 0.0375415310263634 0.0322244465351105 0.0331400409340858 0.031583845615387 0.0397637337446213 0.0236130673438311 0.0151849463582039 0.020439762622118
0.00135521590709686 0.00145187857560813 0.00145270361099392 0.00149432220496237 0.00137864158023149 0.00143083592411131 0.00134740723297 0.00135093403514475 0.00122395972721279 0.00118555210065097 0.00121677503921092 0.00128275551833212 0.00136090314481407 0.00100571487564594 0.00102927105035633 0.0010830785613507 0.00123658135998994 0.00133622880093753 0.0012609506957233 0.00185396557208151 0.00152709160465747 0.00169261766131967 0.00212113629095256 0.00205232296139002 0.00233064754866064 0.00407395092770457 0.00326029444113374 0.00390708167105913 0.00601721182465553 0.00567884696647525 0.00826881546527147 0.0237244479358196 0.0150158545002341 0.0248451344668865 0.0337556786835194 0.0443393476307392 0.0276822745800018 0.0231665950268507 0.0234857052564621 0.0432547107338905 0.0324978865683079 0.0221043284982443 0.0145883467048407
0.00163021602202207 0.00170131982304156 0.00178775389213115 0.00162063678726554 0.00169930863194168 0.00172950408887118 0.00165324728004634 0.00151053525041789 0.00156803440768272 0.00151555496267974 0.00142854324076325 0.00164052715990692 0.0008253343985416 0.00121833535376936 0.00100786460097879 0.00136067997664213 0.00125277938786894 0.00125277938786894 0.00152806623373181 0.00187463860493153 0.00190510600805283 0.00230641616508365 0.00286039733327925 0.00305648054927588 0.00385054899379611 0.00443155039101839 0.00444136979058385 0.00444512628018856 0.00840945169329643 0.0060917385853827 0.00931324902921915 0.0189493633806705 0.0207980424165726 0.0354662425816059 0.0342595018446445 0.0450471378862858 0.0362530313432217 0.0163993760943413 0.0156666729599237 0.0400529913604259 0.0327218025922775 0.0323174260556698 0.0143398446962237
0.00266734813340008 0.0027164644561708 0.00206056539900601 0.00208396650850773 0.0019522940274328 0.00201626494526863 0.00193523161578923 0.00195571919903159 0.00184088037349284 0.00215213862247765 0.00201759650371969 0.00157668639440089 0.00113041489385068 0.00119374087080359 0.00130545755382627 0.00128332071471959 0.00139881495852023 0.00145986268762499 0.00178248435258865 0.00209351070225239 0.00257954630069435 0.00227937591262162 0.00435509672388434 0.00473487097769976 0.00681873969733715 0.00773781817406416 0.00548882689327002 0.00876731518656015 0.00915351789444685 0.0127107379958034 0.0152613772079349 0.0311704389750957 0.0186214782297611 0.0386460237205029 0.0365566909313202 0.0450357459485531 0.036650687456131 0.0309111662209034 0.0240614097565413 0.0232151988893747 0.0475823096930981 0.0235592033714056 0.010979431681335
0.00221843458712101 0.00238540512509644 0.0024304986000061 0.00241740420460701 0.0023939402308315 0.00231629447080195 0.00218671234324574 0.00240455218590796 0.00241528125479817 0.00252513703890145 0.00249864929355681 0.00174496462568641 0.00143241684418172 0.00156355404760689 0.00156490853987634 0.00161683524493128 0.00168918387498707 0.0018178946338594 0.00197759829461575 0.00250637601129711 0.00331737543456256 0.00503342738375068 0.0063334172591567 0.0057390620931983 0.00726536149159074 0.00892320834100246 0.0102712512016296 0.0203193686902523 0.0302841626107693 0.029467636719346 0.0303285662084818 0.0308086145669222 0.0154382940381765 0.0380230434238911 0.0380764789879322 0.047818373888731 0.044919952750206 0.0478334128856659 0.0396725237369537 0.0241789948195219 0.025009598582983 0.00812925770878792 0.00777385849505663
0.00334002636373043 0.00365463783964515 0.00369480228982866 0.00281825894489884 0.00270403455942869 0.00285928975790739 0.00278301862999797 0.00301757990382612 0.00306256976909935 0.0031449431553483 0.00238912343047559 0.00241343420930207 0.0023799161426723 0.0019470154074952 0.00251343194395304 0.00189873529598117 0.00203297357074916 0.00228078081272542 0.00277255475521088 0.00290601816959679 0.00393498316407204 0.00507909711450338 0.00608102651312947 0.00636724289506674 0.00604497687891126 0.00738952308893204 0.014310410246253 0.0239705294370651 0.00972008425742388 0.0174835305660963 0.0147908721119165 0.0215158741921186 0.0164956022053957 0.0248512085527182 0.0326367393136024 0.0465763248503208 0.0278792213648558 0.0457972213625908 0.0484684631228447 0.0358533374965191 0.0106953997164965 0.00729275261983275 0.00729051185771823
0.0032631503418088 0.00329006859101355 0.003570516128093 0.00335037591867149 0.00331810745410621 0.00347681157290936 0.0032446077093482 0.00343821942806244 0.00362122152000666 0.00346971931867301 0.00286852801218629 0.00210298271849751 0.00295691657811403 0.00219398457556963 0.00229461304843426 0.00230306875891984 0.00244919024407864 0.00345792109146714 0.00378870195709169 0.00478108320385218 0.00473736226558685 0.00611572526395321 0.0124772721901536 0.00803564768284559 0.00792837981134653 0.00727976625785232 0.0114966919645667 0.0129727926105261 0.0144248539581895 0.0328314900398254 0.0221875105053186 0.035577517002821 0.0411909967660904 0.0387363843619823 0.0328343734145164 0.0148702468723059 0.0191880911588669 0.0485331937670708 0.0347707197070122 0.0100794900208712 0.00485914526507258 0.00683708721771836 0.00685918424278498
0.00370398047380149 0.00388374645262957 0.0039239963516593 0.00401428854092956 0.00411241967231035 0.0038521543610841 0.003935681656003 0.00325171346776187 0.00446231197565794 0.00246077356860042 0.00324004981666803 0.00328021915629506 0.00374763691797853 0.00294481334276497 0.00272659747861326 0.0030121800955385 0.00372932851314545 0.00457134516909719 0.00727153057232499 0.010385800153017 0.00989949237555265 0.0164105333387852 0.0107881799340248 0.00970960129052401 0.00933079421520233 0.0191547535359859 0.0323961973190308 0.0306109506636858 0.0319739654660225 0.0331832990050316 0.0327913500368595 0.0323730371892452 0.0339816808700562 0.0298611521720886 0.0402280203998089 0.0276591964066029 0.0273272302001715 0.0502998195588589 0.0138257732614875 0.00637009646743536 0.00310751190409064 0.00427300902083516 0.00900627300143242
0.00462483847513795 0.0046478440053761 0.00364108826033771 0.00481583504006267 0.00493916356936097 0.00364373717457056 0.00286077056080103 0.00408679665997624 0.00428038090467453 0.00352751975879073 0.00306120398454368 0.00306588807143271 0.00379844778217375 0.00432523712515831 0.00394906615838408 0.00404317444190383 0.00477207126095891 0.010117257013917 0.0191299617290497 0.0175169538706541 0.0252020768821239 0.0281747560948133 0.0274734422564507 0.0174650084227324 0.0117554776370525 0.0159396324306726 0.0226474907249212 0.017136063426733 0.0320713073015213 0.0348789058625698 0.0351533629000187 0.0418105274438858 0.0397594310343266 0.0303410720080137 0.0245140083134174 0.0460084080696106 0.0335632152855396 0.0470460504293442 0.0436870642006397 0.00730319041758776 0.00273886392824352 0.00390072795562446 0.0162274353206158
0.00527993775904179 0.005858413875103 0.0045458716340363 0.00456388341262937 0.00435084523633122 0.00451396545395255 0.00358939543366432 0.00392627948895097 0.00428137509152293 0.00403322977945209 0.00510590244084597 0.00500684836879373 0.00431336974725127 0.00596325192600489 0.0102774631232023 0.00875675864517689 0.00660847080871463 0.0114998305216432 0.0233185235410929 0.0309899710118771 0.0320522151887417 0.0312383882701397 0.0280835311859846 0.0255650989711285 0.0189918894320726 0.02981336414814 0.0326655544340611 0.0302209798246622 0.035318698734045 0.0353468842804432 0.0370643585920334 0.0439484231173992 0.045895878225565 0.0430015847086906 0.0549484007060528 0.042909137904644 0.051452349871397 0.0506080165505409 0.0560340695083141 0.0146195003762841 0.003534278832376 0.00714193610474467 0.0223994888365269
0.00488429330289364 0.00493730325251818 0.00499908393248916 0.00526951439678669 0.00544242281466722 0.0042478796094656 0.00477446708828211 0.00499492976814508 0.00695678032934666 0.00703368941321969 0.00643938733264804 0.00746266404166818 0.007236089091748 0.00892432406544685 0.01293536555022 0.0112899020314217 0.00813773181289434 0.0114910108968616 0.0300767086446285 0.0320178344845772 0.0323102362453938 0.03184649720788 0.0260960143059492 0.0310247130692005 0.021591879427433 0.0356323085725307 0.0352376475930214 0.0327652953565121 0.044682938605547 0.0446878150105476 0.0476622730493546 0.0375582091510296 0.0494260601699352 0.0608749762177467 0.0471709966659546 0.0611536800861359 0.0555331856012344 0.0796742737293243 0.074530690908432 0.00992810446768999 0.00459524570032954 0.00927931442856789 0.0297321248799562
0.00751745561137795 0.00631083501502872 0.00635936856269836 0.00610438687726855 0.00689040962606668 0.00675716018304229 0.00539719732478261 0.00607629446312785 0.00853172317147255 0.00855930522084236 0.00810638908296824 0.00811232067644596 0.0089399628341198 0.00880702584981918 0.0139858731999993 0.0108859837055206 0.0135640483349562 0.0173123106360435 0.0233545266091824 0.0370092801749706 0.0321005955338478 0.0319978930056095 0.0296123288571835 0.0303350929170847 0.0257678832858801 0.0379489734768867 0.0458141900599003 0.0430945567786694 0.0452557615935802 0.0468125343322754 0.0500389598309994 0.039198711514473 0.0342736132442951 0.0518599525094032 0.049158588051796 0.0568591617047787 0.0639538243412971 0.0805274322628975 0.0145449172705412 0.00231001363135874 0.00650071585550904 0.026509827002883 0.0415281988680363
