data/climate_estimation/ripogonum_output/Ripogonum_brevifolium.asc
NCOLS 65 
NROWS 144 
XLLCORNER 148.25 
YLLCORNER -32.75 
CELLSIZE 0.0833333333333332 
NODATA_value -3.4e+38 
[rows 76 to 94 of 144, columns 0 to 43 of 65]
0.00383041775785387 0.00453849043697119 0.00446905195713043 0.00486423866823316 0.00430914759635925 0.00569909997284412 0.0060998173430562 0.00602082721889019 0.0063402708619833 0.00728605315089226 0.00919860601425171 0.0082028703764081 0.00942264869809151 0.0114350449293852 0.0112735526636243 0.0112842079252005 0.0112449340522289 0.0130880018696189 0.0173220261931419 0.015520035289228 0.0196472685784101 0.0243070758879185 0.0261091738939285 0.0343170017004013 0.0410071276128292 0.0488006286323071 0.0564482659101486 0.05876150354743 0.0553245805203915 0.0679947063326836 0.0647734105587006 0.0594104453921318 0.0468250662088394 0.0520491190254688 0.062207855284214 0.0876375660300255 0.106895320117474 0.0952783301472664 0.127435132861137 0.171239823102951 0.224243730306625 0.345887839794159 0.487469613552094 0.559134960174561
0.00238318159244955 0.0025842790491879 0.00400671642273664 0.00407031737267971 0.00474868854507804 0.00442450540140271 0.00479544838890433 0.0055010374635458 0.00585620757192373 0.0071160402148962 0.0083317942917347 0.00939546898007393 0.00941430311650038 0.0112205371260643 0.00982408132404089 0.0118203163146973 0.0118425572291017 0.0138798449188471 0.0136830685660243 0.0152041763067245 0.0163157638162374 0.0172316208481789 0.0185399297624826 0.0229421369731426 0.0270462110638618 0.0355083383619785 0.0432373210787773 0.047185193747282 0.0499687381088734 0.056258101016283 0.067244254052639 0.0480168126523495 0.0382589139044285 0.0423504561185837 0.0517153106629848 0.0621916502714157 0.0661239922046661 0.0699673891067505 0.0885223224759102 0.119641341269016 0.190160289406776 0.315509289503098 0.48143059015274 0.593573570251465
0.00276394071988761 0.00281605822965503 0.00287982332520187 0.00307982414960861 0.00368664367124438 0.00423596333712339 0.0045865778811276 0.00465053226798773 0.00597284361720085 0.00777567690238357 0.00823715329170227 0.00930496491491795 0.0112570142373443 0.00986328814178705 0.0109054790809751 0.0109464414417744 0.0098657263442874 0.0117547502741218 0.0110663855448365 0.0115767503157258 0.0140144266188145 0.0160576794296503 0.0177145302295685 0.0219249594956636 0.0245516281574965 0.0282114539295435 0.036681666970253 0.0422822237014771 0.0538691245019436 0.0541582517325878 0.0538856685161591 0.0450510159134865 0.0420954562723637 0.0392172858119011 0.0429160557687283 0.04525301232934 0.0437367185950279 0.0533368848264217 0.0798020586371422 0.129439145326614 0.234482884407043 0.330036878585815 0.494700789451599 0.613710999488831
0.00225693779066205 0.00303944060578942 0.00326004507951438 0.00333285797387362 0.00398064823821187 0.00405876291915774 0.00445058802142739 0.0050205709412694 0.00679860915988684 0.0091511057689786 0.00779384141787887 0.00942443870007992 0.0120093729346991 0.0112928124144673 0.0119754234328866 0.0114343464374542 0.0108655961230397 0.010023221373558 0.0105745764449239 0.0107008805498481 0.0119811948388815 0.0125365369021893 0.013746589422226 0.0184512790292501 0.0212867762893438 0.0245632417500019 0.032501582056284 0.0337251089513302 0.0390714071691036 0.0426533110439777 0.0492895543575287 0.046009685844183 0.041263721883297 0.043319333344698 0.0456622764468193 0.0482590347528458 0.0506622456014156 0.0600299350917339 0.0858211815357208 0.157930478453636 0.22570975124836 0.280254632234573 0.463260352611542 0.653710961341858
0.00216190004721284 0.00227361265569925 0.00255014700815082 0.00249895337037742 0.00283090327866375 0.00323888473212719 0.00344582437537611 0.00532434927299619 0.00646217213943601 0.00728805083781481 0.00630838330835104 0.00826677866280079 0.0105003630742431 0.00940663740038872 0.00942408014088869 0.0112522058188915 0.0102997720241547 0.0111540360376239 0.00996385235339403 0.0100899953395128 0.0105242505669594 0.0114778317511082 0.0128180393949151 0.0162111073732376 0.0198759511113167 0.0215064119547606 0.0242256987839937 0.0299097653478384 0.0398168712854385 0.0443900972604752 0.0500943437218666 0.0489167608320713 0.0496200136840343 0.058524738997221 0.0594784840941429 0.0550773553550243 0.0625872015953064 0.0723746716976166 0.0929561257362366 0.155379742383957 0.205592006444931 0.283028572797775 0.490435510873795 0.703123867511749
0.00164982851129025 0.00214749667793512 0.00266219698823988 0.00246949074789882 0.00302680232562125 0.00312321237288415 0.00378257734701037 0.00352862640284002 0.00421868963167071 0.00594688300043344 0.00533722480759025 0.00814324058592319 0.00816642493009567 0.00860840268433094 0.00817187689244747 0.00731029501184821 0.00759123032912612 0.00855330843478441 0.0101464008912444 0.00973648019134998 0.00935982447117567 0.0105665354058146 0.0116181764751673 0.0151032777503133 0.0165487639605999 0.0205812230706215 0.0213761273771524 0.0271170064806938 0.0388855785131454 0.0417575798928738 0.0492837466299534 0.0612593367695808 0.0705896988511086 0.0858636349439621 0.0872688069939613 0.0840111598372459 0.0823457092046738 0.0950285121798515 0.106158673763275 0.147236257791519 0.217445686459541 0.391130566596985 0.510429739952087 0.681289255619049
0.00167094427160919 0.00204954156652093 0.00236714584752917 0.00271811825223267 0.00283833756111562 0.00295410607941449 0.00337129202671349 0.00357045675627887 0.00487016001716256 0.00536282500252128 0.00567670492455363 0.0063916202634573 0.0060092331841588 0.00592394359409809 0.00448168814182281 0.00446381326764822 0.0060204085893929 0.00637076003476977 0.00688048545271158 0.00696709426119924 0.00746632274240255 0.00964341592043638 0.00935321487486362 0.0108926026150584 0.0142105603590608 0.0168811827898026 0.0194415505975485 0.024574164301157 0.0305894333869219 0.0360692143440247 0.0488048456609249 0.0583781339228153 0.0748355314135551 0.0987720340490341 0.0995291620492935 0.106968507170677 0.106263421475887 0.109732545912266 0.0924151018261909 0.145113378763199 0.309792459011078 0.436042666435242 0.482720762491226 0.606817245483398
0.00194695603568107 0.00206421385519207 0.00239734956994653 0.00272300187498331 0.00293343886733055 0.0029915131162852 0.00337481312453747 0.00382485310547054 0.00493705458939075 0.00585556728765368 0.00532066822052002 0.004675701726228 0.00444232625886798 0.00459540635347366 0.00561735173687339 0.00391978165134788 0.00522086909040809 0.00588290579617023 0.00492326263338327 0.00598451308906078 0.00696977553889155 0.00751462345942855 0.00818164460361004 0.00934475567191839 0.0102285435423255 0.0122062331065536 0.0184462163597345 0.0202146302908659 0.0264335479587317 0.0361807979643345 0.0430857092142105 0.0559080056846142 0.0706343129277229 0.106710724532604 0.107364624738693 0.123999267816544 0.123629115521908 0.106438770890236 0.0810005590319633 0.103714995086193 0.292233943939209 0.414521336555481 0.42636039853096 0.512123465538025
0.00182375614531338 0.00161556573584676 0.00245981058105826 0.00278942380100489 0.00237106648273766 0.00306190340779722 0.00385259534232318 0.00433527724817395 0.00455274991691113 0.00430101482197642 0.00502778589725494 0.00473991222679615 0.00442133937031031 0.00385943311266601 0.00366533896885812 0.00430305767804384 0.00353920715861022 0.00361093413084745 0.00381748867221177 0.00567900994792581 0.00532849133014679 0.00640023127198219 0.006648282520473 0.00857272930443287 0.00950360111892223 0.0125653091818094 0.0141899101436138 0.0205754265189171 0.028040885925293 0.034925565123558 0.0530198812484741 0.0604720748960972 0.0723865181207657 0.100168228149414 0.110310673713684 0.130579859018326 0.10929424315691 0.100199803709984 0.0838996544480324 0.105994179844856 0.239665731787682 0.350896418094635 0.397423267364502 0.414804458618164
0.00143979908898473 0.00182244367897511 0.0018174247816205 0.00285973236896098 0.00350259570404887 0.00372297433204949 0.00432135444134474 0.00443157320842147 0.00412044115364552 0.00439878366887569 0.00480893114581704 0.00444433698430657 0.00369656574912369 0.00346545386128128 0.00325589859858155 0.00322175375185907 0.00323812407441437 0.00333987316116691 0.00353388162329793 0.00494889309629798 0.00556142767891288 0.00567625928670168 0.00592269143089652 0.00788606237620115 0.007774424739182 0.00965083856135607 0.0132178850471973 0.0227981302887201 0.0274142771959305 0.0386917553842068 0.0461395047605038 0.0554648786783218 0.0726373046636581 0.083733893930912 0.106284953653812 0.129152789711952 0.108033873140812 0.0948332250118256 0.0958197861909866 0.127863064408302 0.190931633114815 0.305175542831421 0.41426008939743 0.44298267364502
0.00147065613418818 0.00180600874591619 0.00228403019718826 0.00281964871101081 0.00279522873461246 0.00407143915072083 0.003100790316239 0.00345462327823043 0.00341831566765904 0.00409685773774981 0.00396028021350503 0.00367115205153823 0.0038644066080451 0.00387876993045211 0.00386685971170664 0.00366512127220631 0.00355591857805848 0.00354942283593118 0.00394400674849749 0.00440594786778092 0.00475701270624995 0.00474924454465508 0.00558852218091488 0.00606028502807021 0.00859601888805628 0.0108952214941382 0.01427714060992 0.0203011464327574 0.0278520025312901 0.0391822569072247 0.0470014400780201 0.055083379149437 0.0664972364902496 0.0831054896116257 0.100122325122356 0.127103835344315 0.0986763685941696 0.0857187882065773 0.0931818634271622 0.138605892658234 0.188543781638145 0.261410385370255 0.350380599498749 0.43694218993187
0.00128090882208198 0.00167053111363202 0.00212033838033676 0.00273607298731804 0.00303733604960144 0.00295051815919578 0.00269871298223734 0.00355834723450243 0.00320087070576847 0.00356244039721787 0.0038902829401195 0.00374306249432266 0.00416563684120774 0.00390516361221671 0.00411824649199843 0.00430877972394228 0.00389491091482341 0.00418641185387969 0.00443253526464105 0.00525476271286607 0.00552598712965846 0.005221763625741 0.0048591704107821 0.00551905855536461 0.00833200849592686 0.0106374248862267 0.0157866105437279 0.0217228326946497 0.0271843876689672 0.0297592468559742 0.0378134585916996 0.0557975359261036 0.0589427687227726 0.0783593654632568 0.0761971473693848 0.0898742452263832 0.101801700890064 0.105012089014053 0.108488880097866 0.134236961603165 0.189675822854042 0.248494818806648 0.306610703468323 0.388464033603668
0.00127072597388178 0.00156433589290828 0.00183480361010879 0.00256221601739526 0.00297314999625087 0.00278252479620278 0.00272942893207073 0.0026392990257591 0.00320666166953743 0.00352448294870555 0.00369586539454758 0.00363914761692286 0.00366408401168883 0.00360499648377299 0.00463301595300436 0.00495136436074972 0.00497286021709442 0.00539291277527809 0.0052325134165585 0.00573743740096688 0.00629237946122885 0.00587165262550116 0.00589236244559288 0.00665551843121648 0.00748110702261329 0.0122691690921783 0.0149833941832185 0.0165925528854132 0.0207944139838219 0.0263142976909876 0.0359756126999855 0.0455134175717831 0.0532916523516178 0.0765245333313942 0.0642033442854881 0.0654154196381569 0.0711322277784348 0.0937544405460358 0.132832542061806 0.118537180125713 0.169842630624771 0.229738429188728 0.261216968297958 0.332588016986847
0.00115886353887618 0.00133495510090142 0.00191280501894653 0.00221772072836757 0.00250182766467333 0.00249763438478112 0.00263444217853248 0.00229696603491902 0.00251047941856086 0.00256002601236105 0.0034118180628866 0.00384119688533247 0.00382813881151378 0.00404739053919911 0.00406335713341832 0.0043862359598279 0.00443373946473002 0.00487040914595127 0.00639875372871757 0.00827060826122761 0.0100222071632743 0.0105180973187089 0.0111976554617286 0.00961384922266006 0.00902636349201202 0.012230078689754 0.013001418672502 0.0159811805933714 0.0209941491484642 0.0262410137802362 0.0310166254639626 0.0363445281982422 0.043626643717289 0.0588138699531555 0.0536815226078033 0.0526080876588821 0.0692569464445114 0.108834721148014 0.131319910287857 0.150677934288979 0.200725451111794 0.25154247879982 0.273065745830536 0.331243067979813
0.00095164799131453 0.00112843583337963 0.00176184345036745 0.00204083067364991 0.00239563197828829 0.00258802459575236 0.00228415429592133 0.00232416181825101 0.00242986739613116 0.00273219542577863 0.00344264786690474 0.00387570075690746 0.0035806717351079 0.0040465509518981 0.00404278934001923 0.00365559291094542 0.00419717654585838 0.00494550820440054 0.00633169431239367 0.00913413148373365 0.0142081156373024 0.0158121790736914 0.0169081315398216 0.0111672589555383 0.00963685940951109 0.0102412682026625 0.0131291626021266 0.0163165219128132 0.017703453078866 0.0190127827227116 0.0275493338704109 0.031753171235323 0.0391954258084297 0.0479483865201473 0.0473013408482075 0.0470499061048031 0.062530979514122 0.0827831849455833 0.119919627904892 0.176006570458412 0.221153914928436 0.269717842340469 0.298218011856079 0.314137786626816
0.000782699033152312 0.00093374156858772 0.00134626857470721 0.0015816813101992 0.00195624982006848 0.00206339731812477 0.0021954292897135 0.00208173412829638 0.00234901206567883 0.0027322277892381 0.00234287674538791 0.00303430226631463 0.00377926742658019 0.00246606674045324 0.00377667183056474 0.00376176927238703 0.00391089776530862 0.00489395251497626 0.00753794983029366 0.0116967223584652 0.0147415259853005 0.0198565162718296 0.0169007610529661 0.013034095056355 0.0116058867424726 0.0104380631819367 0.0128459883853793 0.0154901761561632 0.0163531117141247 0.0196887999773026 0.0226912219077349 0.0259930249303579 0.0332329161465168 0.0375452227890491 0.0374808050692081 0.0519048869609833 0.0605980157852173 0.0809315517544746 0.108644783496857 0.1506058126688 0.229918837547302 0.270741581916809 0.305732250213623 0.359356939792633
0.000774416665080935 0.00103007804136723 0.0011312993010506 0.00145320454612374 0.00177168566733599 0.00173191749490798 0.00189026643056422 0.00206551770679653 0.00206378265284002 0.00235269963741302 0.00249385880306363 0.00263819633983076 0.00261048995889723 0.00242535793222487 0.00316464062780142 0.00316537008620799 0.00410316977649927 0.00506580714136362 0.00720229558646679 0.0113310599699616 0.0162557009607553 0.0177228283137083 0.0169177372008562 0.0115077886730433 0.010020355693996 0.00932336412370205 0.0100367199629545 0.015564207918942 0.0161816645413637 0.0175634156912565 0.0242261979728937 0.0259210057556629 0.0262800976634026 0.0330819189548492 0.0429002121090889 0.0474729910492897 0.0625561997294426 0.0780237317085266 0.10413470864296 0.154084622859955 0.236821487545967 0.264131993055344 0.281988203525543 0.348568856716156
0.000748170481529087 0.00105024932418019 0.0012241960503161 0.00134195887949318 0.00190996972378343 0.00183424621354789 0.00217091199010611 0.00220155576243997 0.00214552599936724 0.00248117349110544 0.00269787735305727 0.0027030361816287 0.00238943425938487 0.00246178125962615 0.00245227641426027 0.00263598770834506 0.0043430021032691 0.00488222623243928 0.0070574632845819 0.0107840411365032 0.0140317110344768 0.0161363277584314 0.0153242070227861 0.009863524697721 0.0076396013610065 0.0103279054164886 0.0114813279360533 0.0152230514213443 0.0165015626698732 0.0165308937430382 0.0214995946735144 0.0227048117667437 0.0281016733497381 0.0339646972715855 0.0438916124403477 0.0547427870333195 0.066263310611248 0.0817454382777214 0.11483795940876 0.183143764734268 0.23968680202961 0.241916701197624 0.283610224723816 0.367917418479919
0.000849041680339724 0.00109575246460736 0.00133134715724736 0.00154054327867925 0.00166174932383001 0.00193321378901601 0.0020552680362016 0.00213031703606248 0.00203653494827449 0.00238957535475492 0.0026407444383949 0.00214199372567236 0.00214015855453908 0.0021300904918462 0.00245231040753424 0.00298257172107697 0.00343695771880448 0.0051768240518868 0.00660940259695053 0.0083326231688261 0.0100731188431382 0.0135054290294647 0.0128595056012273 0.0103882243856788 0.009883145801723 0.011628407984972 0.0129185141995549 0.017659705132246 0.0176416449248791 0.0231565497815609 0.0284091383218765 0.0336220599710941 0.0388537459075451 0.036969218403101 0.0469170361757278 0.0553631484508514 0.0770748853683472 0.0963719412684441 0.134881570935249 0.22184881567955 0.264328002929688 0.283778756856918 0.294637203216553 0.363402247428894
