data/climate_estimation/ripogonum_output/Ripogonum_brevifolium.asc
NCOLS 65 
NROWS 144 
XLLCORNER 148.25 
YLLCORNER -32.75 
CELLSIZE 0.0833333333333332 
NODATA_value -3.4e+38 
[rows 114 to 132 of 144, columns 0 to 43 of 65]
0.00182159035466611 0.00272693973965943 0.00239501753821969 0.00355532672256231 0.00386602990329266 0.00425988016650081 0.00600420637056231 0.00724291428923607 0.00710177700966597 0.0076588150113821 0.00727939605712891 0.00733703514561057 0.00948164891451597 0.0102019794285297 0.0106225619092584 0.0117209497839212 0.0123472269624472 0.0126115083694458 0.0132955210283399 0.0148100927472115 0.0195425357669592 0.0316469371318817 0.105369679629803 0.105030179023743 0.112439602613449 0.0970319733023643 0.118168599903584 0.125866577029228 0.141162842512131 0.145918965339661 0.130408897995949 0.151993751525879 0.144617199897766 0.15096652507782 0.235485166311264 0.242892622947693 0.244956761598587 0.299432724714279 0.246644362807274 0.264517813920975 0.323285043239594 0.312514305114746 0.434638202190399 0.534341156482697
0.00180234527215362 0.00187256571371108 0.00300344056449831 0.00322000682353973 0.00356563553214073 0.00404862826690078 0.00469027599319816 0.00605528894811869 0.00729433167725801 0.00712078530341387 0.0076927044428885 0.00891775265336037 0.00983985606580973 0.00979598611593246 0.0110266814008355 0.0115022649988532 0.0118622798472643 0.0132727064192295 0.0139966551214457 0.0133567657321692 0.0151822548359632 0.0299843531101942 0.0417647138237953 0.0953124985098839 0.117083705961704 0.148028030991554 0.107625149190426 0.0962257236242294 0.120105259120464 0.143724620342255 0.133847862482071 0.134369045495987 0.131193980574608 0.153929889202118 0.174523964524269 0.23649774491787 0.245041072368622 0.238815635442734 0.267050206661224 0.28262996673584 0.307202011346817 0.439563870429993 0.54095047712326 0.523781776428223
0.0013491315767169 0.00191098265349865 0.00245755282230675 0.00308964541181922 0.00329854316078126 0.00368021498434246 0.00485984049737453 0.00559276575222611 0.00643739523366094 0.00897951703518629 0.00907948426902294 0.00737676443532109 0.00757861929014325 0.0105624385178089 0.0115232151001692 0.0118884686380625 0.0122659392654896 0.0132533591240644 0.0151965012773871 0.0132585363462567 0.0114569133147597 0.017184391617775 0.0173340700566769 0.0329736359417439 0.0789158120751381 0.117257215082645 0.13777831196785 0.124843582510948 0.117960855364799 0.109372794628143 0.154858872294426 0.142300859093666 0.125810712575912 0.135579317808151 0.193813741207123 0.214099586009979 0.250056117773056 0.318107068538666 0.323306441307068 0.332723319530487 0.402964621782303 0.471386730670929 0.550368368625641 0.547914862632751
0.00161778461188078 0.00144868390634656 0.00242260191589594 0.00307588931173086 0.00339751155115664 0.00416941940784454 0.00453820172697306 0.00547997187823057 0.00795907340943813 0.00641344301402569 0.00668418454006314 0.00941810198128223 0.00958799384534359 0.00965657457709312 0.0108795315027237 0.0120314378291368 0.0121490182355046 0.0131283923983574 0.0159053690731525 0.0138950869441032 0.0127895213663578 0.0130501613020897 0.0228311307728291 0.0282283015549183 0.0497347116470337 0.113650009036064 0.136593848466873 0.144370436668396 0.107320718467236 0.103669725358486 0.157201215624809 0.153232634067535 0.145609200000763 0.143136203289032 0.170971095561981 0.202937722206116 0.226850658655167 0.295554637908936 0.315168261528015 0.336445897817612 0.351284235715866 0.42745566368103 0.542183578014374 0.592017233371735
0.0014956695958972 0.00171418208628893 0.00251675792969763 0.0031221832614392 0.00349056744016707 0.00432188296690583 0.00469657871872187 0.00559121370315552 0.00564049743115902 0.00591320218518376 0.00824145972728729 0.0096080768853426 0.0103160738945007 0.010522591881454 0.0134053556248546 0.0135877840220928 0.0136422179639339 0.0145625406876206 0.0160886216908693 0.0137472962960601 0.0139101836830378 0.0163025166839361 0.0143687538802624 0.0224514976143837 0.0362142883241177 0.0807408019900322 0.101073414087296 0.125729963183403 0.0999007001519203 0.0822409763932228 0.0809307619929314 0.112162970006466 0.145985305309296 0.122690640389919 0.160030543804169 0.18524906039238 0.208814486861229 0.277202248573303 0.265455842018127 0.307068049907684 0.322185605764389 0.409659445285797 0.510144650936127 0.669634103775024
0.00155299948528409 0.00201160623691976 0.00249420292675495 0.00300700194202363 0.00402958551421762 0.00439532846212387 0.00499836541712284 0.00498546054586768 0.00514984596520662 0.0073779602535069 0.00820597726851702 0.00942390225827694 0.0105028934776783 0.0124976290389895 0.0147695727646351 0.0137198623269796 0.0155118592083454 0.016014713793993 0.0177414957433939 0.0150520959869027 0.0158389359712601 0.0190447978675365 0.0194282922893763 0.0191544201225042 0.0204503498971462 0.0403289049863815 0.061379712074995 0.0771224722266197 0.0999804809689522 0.0887183323502541 0.0659763291478157 0.104418016970158 0.105153568089008 0.095133975148201 0.120736487209797 0.145605504512787 0.171660125255585 0.231684535741806 0.26726707816124 0.311029046773911 0.323720246553421 0.382364511489868 0.500440239906311 0.672289073467255
0.00164354313164949 0.00203818338923156 0.00264494214206934 0.00360774830915034 0.00425562867894769 0.00419801799580455 0.0046711890026927 0.00461773574352264 0.00522910105064511 0.00737543543800712 0.00756812049075961 0.00846315547823906 0.0125415856018662 0.0148566216230392 0.0145971868187189 0.0144913727417588 0.0170043166726828 0.0211726408451796 0.0174306463450193 0.0147658484056592 0.0152417020872235 0.0162121914327145 0.0157225802540779 0.0214623585343361 0.0241905227303505 0.0339111499488354 0.0631743296980858 0.0600903630256653 0.0790391266345978 0.0769770890474319 0.0939549058675766 0.134465768933296 0.137419939041138 0.0976462289690971 0.095725029706955 0.129708096385002 0.169156774878502 0.204034194350243 0.235683396458626 0.266804039478302 0.265438050031662 0.35351374745369 0.501758098602295 0.678294897079468
0.00183684821240604 0.00260459934361279 0.00279902294278145 0.00373003026470542 0.00431221444159746 0.00393027951940894 0.00427771406248212 0.00435445597395301 0.00654614483937621 0.00672482652589679 0.00740704592317343 0.0105001386255026 0.0137929935008287 0.0157499145716429 0.0156013546511531 0.0158486049622297 0.018755754455924 0.0225211270153522 0.0166708026081324 0.0164696574211121 0.0142953060567379 0.0209726393222809 0.0172159932553768 0.0183606464415789 0.0243236143141985 0.0387508496642113 0.0479206740856171 0.0576560460031033 0.0844305977225304 0.104543320834637 0.0950037464499474 0.116533920168877 0.0998107939958572 0.0993156805634499 0.0949875935912132 0.117727197706699 0.150584831833839 0.170199573040009 0.202852562069893 0.237524077296257 0.2355045825243 0.317477077245712 0.329562991857529 0.416400760412216
0.00205235788598657 0.00281360396184027 0.0031191585585475 0.00360465189442039 0.00465839309617877 0.00415632734075189 0.00571315176784992 0.00438441568985581 0.0059927711263299 0.006651621311903 0.00757612707093358 0.0106944888830185 0.0160729084163904 0.0191780626773834 0.0192499868571758 0.0200078450143337 0.0257003623992205 0.0182939060032368 0.0184633731842041 0.0174777582287788 0.0186847094446421 0.0205640755593777 0.020697645843029 0.022399703040719 0.0225552897900343 0.0255640521645546 0.0441502630710602 0.0518846325576305 0.0677265226840973 0.0677418410778046 0.0833690166473389 0.0909296274185181 0.113342598080635 0.0999908894300461 0.106279782950878 0.128922894597054 0.160999149084091 0.175406754016876 0.150296241044998 0.223975956439972 0.250240385532379 0.313744574785233 0.279093772172928 0.5246422290802
0.0024175988510251 0.00293108494952321 0.00352897401899099 0.00390530214644969 0.00403499929234385 0.00392590463161469 0.00539329648017883 0.00467417202889919 0.00615874212235212 0.00740210292860866 0.00993292033672333 0.0124793369323015 0.0178078021854162 0.0244805533438921 0.0236680768430233 0.0263743959367275 0.0293105188757181 0.0232379380613565 0.0213622190058231 0.0193868149071932 0.0221630409359932 0.0302235372364521 0.0352961830794811 0.0306031331419945 0.0327994078397751 0.0358611047267914 0.0406234338879585 0.0556020587682724 0.0892596617341042 0.0789966881275177 0.114520877599716 0.093987412750721 0.130441412329674 0.151180878281593 0.150929406285286 0.193842023611069 0.167175158858299 0.155057296156883 0.142179980874062 0.180483520030975 0.200968191027641 0.237634778022766 0.317843079566956 0.329896420240402
0.00249274075031281 0.00315653486177325 0.00372800673358142 0.0043595265597105 0.00389394094236195 0.00448061432689428 0.00538870831951499 0.00704124383628368 0.0072313048876822 0.0109784891828895 0.0120817665010691 0.0148413553833961 0.0215727239847183 0.0283514056354761 0.0404261276125908 0.033945020288229 0.0350867323577404 0.0327429585158825 0.0263187829405069 0.0256870537996292 0.025967750698328 0.0288772583007812 0.0357746854424477 0.0324636995792389 0.0376053266227245 0.0339168645441532 0.0396793708205223 0.0506721474230289 0.10345720499754 0.092221200466156 0.10395760089159 0.110192164778709 0.102840907871723 0.124755136668682 0.117596715688705 0.130714938044548 0.171533182263374 0.146674275398254 0.1418586820364 0.139657214283943 0.167335912585258 0.183170661330223 0.297644346952438 0.583641707897186
0.00273051112890244 0.00349160307087004 0.00361967226490378 0.00413814093917608 0.00440907292068005 0.004237977322191 0.00465105660259724 0.00718772923573852 0.0135150421410799 0.017001835629344 0.0214204508811235 0.0232520569115877 0.032188706099987 0.0348599404096603 0.0387326367199421 0.0409860983490944 0.0365837216377258 0.0343758799135685 0.0397934094071388 0.0322053357958794 0.0327915325760841 0.0334682986140251 0.0325408838689327 0.0321469120681286 0.0367124304175377 0.0380302108824253 0.0381059311330318 0.0444819033145905 0.0511277094483376 0.104669466614723 0.105402998626232 0.107344374060631 0.107636041939259 0.10644044727087 0.101167351007462 0.113578520715237 0.144436433911324 0.124855890870094 0.12425272911787 0.122575975954533 0.144572347402573 0.129295662045479 0.288213670253754 0.326967865228653
0.00218274723738432 0.00354412035085261 0.00404723500832915 0.00447056302800775 0.00425663404166698 0.00484809279441833 0.00493018422275782 0.00666042882949114 0.0134805049747229 0.024418119341135 0.0300110820680857 0.0301282480359077 0.0321094878017902 0.0433302819728851 0.0389434136450291 0.0425280444324017 0.0480095967650414 0.0458270348608494 0.051614947617054 0.0399537049233913 0.0416015461087227 0.0365088172256947 0.0331772901117802 0.0394368842244148 0.0416453406214714 0.0384578742086887 0.0418206490576267 0.041643351316452 0.0532145835459232 0.0890551581978798 0.108533807098866 0.0984698534011841 0.123783029615879 0.116939038038254 0.10761483758688 0.112077750265598 0.110061392188072 0.0972217991948128 0.101234428584576 0.115217871963978 0.0975886732339859 0.179465651512146 0.239069372415543 0.321615517139435
0.0021886695176363 0.00278587639331818 0.00391482375562191 0.00477896677330136 0.00455040484666824 0.00531626725569367 0.00536241382360458 0.00833047926425934 0.0176203530281782 0.0292265843600035 0.0261093191802502 0.0282370932400227 0.0292054861783981 0.0312308687716722 0.0396806187927723 0.0397695638239384 0.047410823404789 0.0503600053489208 0.0563160479068756 0.0558459460735321 0.0639804750680923 0.0502527803182602 0.050891388207674 0.0412399917840958 0.0474422462284565 0.0456962771713734 0.0402290225028992 0.0379968732595444 0.0427869483828545 0.0724118798971176 0.0969626009464264 0.0969068109989166 0.107950732111931 0.0764133110642433 0.100039348006248 0.0907433331012726 0.127789556980133 0.116248667240143 0.0777862221002579 0.121986821293831 0.138363912701607 0.273501724004745 0.396769434213638 0.50707995891571
0.00231858971528709 0.00298048905096948 0.00326998089440167 0.00456841848790646 0.00528604537248611 0.00568319018930197 0.00588144594803452 0.0079253613948822 0.0115972915664315 0.0222704280167818 0.0259938836097717 0.0297691635787487 0.0271885916590691 0.0334648005664349 0.0354218631982803 0.0399070791900158 0.0490496829152107 0.0485476739704609 0.0573529191315174 0.0770992711186409 0.0732424333691597 0.0658774673938751 0.0549409128725529 0.0459059737622738 0.0413240119814873 0.0542714297771454 0.0446910969913006 0.0412056222558022 0.041737575083971 0.0532168336212635 0.0891593247652054 0.0759177729487419 0.0726016312837601 0.0787296146154404 0.0889959409832954 0.0738689005374908 0.094680517911911 0.113275215029716 0.0872886702418327 0.165881752967834 0.296294093132019 0.442460089921951 0.719891726970673 0.744452476501465
0.00247647729702294 0.00279419054277241 0.00342144863680005 0.00381674943491817 0.00517728598788381 0.00615428341552615 0.00719235790893435 0.00864350236952305 0.0112799741327763 0.0184960048645735 0.0252986922860146 0.0296571590006351 0.0287866108119488 0.0304198171943426 0.0325590819120407 0.0345808565616608 0.0375333875417709 0.0336398705840111 0.0608739368617535 0.0704952403903008 0.0745062604546547 0.0808451548218727 0.059037659317255 0.0509897880256176 0.0480942837893963 0.0581579506397247 0.0516317822039127 0.0476958826184273 0.0569325350224972 0.0634771063923836 0.0722825229167938 0.0791743323206902 0.0822172909975052 0.0877151563763618 0.0921087861061096 0.099581703543663 0.13407190144062 0.164582073688507 0.184700131416321 0.255204766988754 0.467751830816269 0.557757318019867 0.697280585765839 0.754904270172119
0.00250298227183521 0.00269658304750919 0.00291706062853336 0.00361051294021308 0.0044607212767005 0.0052694845944643 0.00743710482493043 0.00884780939668417 0.0116667551919818 0.0150677990168333 0.0180184580385685 0.0197590123862028 0.0232670642435551 0.0288589429110289 0.0305867791175842 0.0210971590131521 0.024635873734951 0.0291312914341688 0.041192103177309 0.0545104704797268 0.0614177286624908 0.0690052807331085 0.0889480635523796 0.0593753680586815 0.0635062083601952 0.0704044476151466 0.060489259660244 0.0701799020171165 0.0726609379053116 0.0748259350657463 0.0796955674886703 0.0806902274489403 0.0829248279333115 0.095659151673317 0.0967795997858047 0.0765869170427322 0.14091981947422 0.22562749683857 0.347437739372253 0.504731416702271 0.67560076713562 0.741619348526001 0.723804235458374 0.762142300605774
0.00213907286524773 0.00235732225701213 0.00307698221877217 0.00415802234783769 0.00469746999442577 0.00501587335020304 0.00803312379866838 0.00871450826525688 0.0115126771852374 0.0120282955467701 0.0162763148546219 0.0182927809655666 0.0186473354697227 0.0219135154038668 0.0227514412254095 0.0255849864333868 0.0262882839888334 0.0339434295892715 0.04084487631917 0.0504991635680199 0.0530932731926441 0.0602562911808491 0.058992151170969 0.0838112980127335 0.0663650184869766 0.0712598785758018 0.0801216438412666 0.0755686089396477 0.0841195732355118 0.105562187731266 0.0912333577871323 0.0871272310614586 0.0903634056448936 0.108583733439445 0.112729094922543 0.121042884886265 0.139438927173615 0.212045520544052 0.356834083795547 0.524774670600891 0.694205164909363 0.749518096446991 0.747068107128143 0.770063579082489
0.00190905027557164 0.00224562827497721 0.00289829634130001 0.00342456204816699 0.00432944344356656 0.00473423022776842 0.00573783228173852 0.0076710763387382 0.00899794138967991 0.0105578908696771 0.0129638118669391 0.0160867087543011 0.018345782533288 0.0216701421886683 0.0203695185482502 0.0218944754451513 0.0275974329560995 0.0323309116065502 0.0389135740697384 0.0484482459723949 0.0522416681051254 0.0570487417280674 0.0590820163488388 0.0744446814060211 0.102219223976135 0.123571984469891 0.114185452461243 0.130718201398849 0.130391106009483 0.113136917352676 0.110447570681572 0.116062171757221 0.119194723665714 0.120971024036407 0.137287780642509 0.130698308348656 0.218856737017632 0.260048449039459 0.154257029294968 0.353562861680984 0.727345287799835 0.765581905841827 0.757937133312225 0.763631582260132
