data/climate_estimation/ripogonum_output/Ripogonum_brevifolium.asc
NCOLS 65 
NROWS 144 
XLLCORNER 148.25 
YLLCORNER -32.75 
CELLSIZE 0.0833333333333332 
NODATA_value -3.4e+38 
[rows 19 to 37 of 144, columns 0 to 43 of 65]
0.00887488294392824 0.0108573017641902 0.0116427866742015 0.0127476025372744 0.0157722122967243 0.0177981313318014 0.0175029449164867 0.022658858448267 0.0324077308177948 0.0502575151622295 0.0833996310830116 0.139584273099899 0.266461610794067 0.178745612502098 0.17923603951931 0.210345715284348 0.242896482348442 0.285692989826202 0.356719970703125 0.381034702062607 0.472975939512253 0.505074024200439 0.589669704437256 0.601306080818176 0.605046391487122 -3.4e+38 0.529393970966339 0.56601756811142 0.512703239917755 0.493620842695236 -3.4e+38 -3.4e+38 -3.4e+38 -3.4e+38 -3.4e+38 -3.4e+38 -3.4e+38 -3.4e+38 -3.4e+38 -3.4e+38 -3.4e+38 -3.4e+38 -3.4e+38 -3.4e+38
0.0102961165830493 0.0116428211331367 0.0124890999868512 0.0136504136025906 0.0146464128047228 0.0172285325825214 0.0202995631843805 0.0223966427147388 0.0292149540036917 0.0415008254349232 0.0783768147230148 0.121949784457684 0.23696930706501 0.341252267360687 0.152514606714249 0.166714161634445 0.217752575874329 0.24993234872818 0.340341120958328 0.392020702362061 0.480463981628418 0.570994734764099 0.615306079387665 0.679885029792786 0.713041067123413 0.621912181377411 -3.4e+38 0.520301103591919 0.546298623085022 0.443343609571457 -3.4e+38 -3.4e+38 -3.4e+38 -3.4e+38 -3.4e+38 -3.4e+38 -3.4e+38 -3.4e+38 -3.4e+38 -3.4e+38 -3.4e+38 -3.4e+38 -3.4e+38 -3.4e+38
0.0136309321969748 0.0115152103826404 0.0135799804702401 0.0135488528758287 0.0166819170117378 0.0173199102282524 0.0213356669992208 0.0254240781068802 0.0302037876099348 0.0437450334429741 0.064778558909893 0.0958606377243996 0.181592658162117 0.375371336936951 0.152519077062607 0.139809846878052 0.174110025167465 0.23614826798439 0.356200277805328 0.421067804098129 0.444545537233353 0.545957624912262 0.664213597774506 0.714579105377197 0.836901843547821 0.708748877048492 0.618702352046967 0.540890693664551 0.523566782474518 0.415334522724152 0.507481932640076 -3.4e+38 -3.4e+38 -3.4e+38 -3.4e+38 -3.4e+38 -3.4e+38 -3.4e+38 -3.4e+38 -3.4e+38 -3.4e+38 -3.4e+38 -3.4e+38 -3.4e+38
0.0132820755243301 0.0132175460457802 0.0132653191685677 0.0142829343676567 0.0157956443727016 0.0164993666112423 0.0187380407005548 0.0245358273386955 0.0312402956187725 0.0356448478996754 0.0520174913108349 0.0639370977878571 0.100911252200603 0.272245228290558 0.149925172328949 0.113345749676228 0.16001558303833 0.216759875416756 0.299168437719345 0.492044538259506 0.441789031028748 0.50510448217392 0.634935021400452 0.709648966789246 0.85702645778656 0.747687876224518 0.593617081642151 0.625175416469574 0.594751179218292 0.517756521701813 0.499887436628342 -3.4e+38 -3.4e+38 -3.4e+38 -3.4e+38 -3.4e+38 -3.4e+38 -3.4e+38 -3.4e+38 -3.4e+38 -3.4e+38 -3.4e+38 -3.4e+38 -3.4e+38
0.0133361406624317 0.0144453374668956 0.0146003505215049 0.0158631969243288 0.0148377530276775 0.0156111670657992 0.0176565498113632 0.0245802272111177 0.0292267296463251 0.0403397306799889 0.049300417304039 0.0513234883546829 0.0672064125537872 0.121753044426441 0.135568127036095 0.0941749066114426 0.125248461961746 0.194070607423782 0.285209834575653 0.498235583305359 0.484216928482056 0.507636845111847 0.584172427654266 0.695704877376556 0.761977076530457 0.769631624221802 0.681819438934326 0.693276047706604 0.559386193752289 0.562171220779419 0.573869168758392 -3.4e+38 -3.4e+38 -3.4e+38 -3.4e+38 -3.4e+38 -3.4e+38 -3.4e+38 -3.4e+38 -3.4e+38 -3.4e+38 -3.4e+38 -3.4e+38 -3.4e+38
0.0162072479724884 0.0190475583076477 0.0125406263396144 0.0134386019781232 0.0154061876237392 0.0157452970743179 0.0179093256592751 0.0249246414750814 0.0326507203280926 0.0485195070505142 0.0523897483944893 0.0548471920192242 0.0607902444899082 0.0839504078030586 0.150295823812485 0.121600024402142 0.132737532258034 0.206721514463425 0.308202773332596 0.438890665769577 0.52420562505722 0.525833547115326 0.579333901405334 0.666606903076172 0.749195694923401 0.787237048149109 0.773936152458191 0.729576528072357 0.737479865550995 0.619079291820526 0.547394335269928 -3.4e+38 -3.4e+38 -3.4e+38 -3.4e+38 -3.4e+38 -3.4e+38 -3.4e+38 -3.4e+38 -3.4e+38 -3.4e+38 -3.4e+38 -3.4e+38 -3.4e+38
0.0172415692359209 0.014369297772646 0.0146529162302613 0.0129573568701744 0.0127120222896338 0.013542115688324 0.0187765099108219 0.0219587031751871 0.0286787189543247 0.0428056269884109 0.0582562126219273 0.0600284263491631 0.0622967928647995 0.0695334747433662 0.152997255325317 0.135706827044487 0.167464911937714 0.203076213598251 0.266745716333389 0.356611311435699 0.466448217630386 0.511167168617249 0.558244526386261 0.594807207584381 0.704664289951324 0.750196874141693 0.692516326904297 0.759914219379425 0.701851785182953 0.616433024406433 0.541370213031769 -3.4e+38 -3.4e+38 -3.4e+38 -3.4e+38 -3.4e+38 -3.4e+38 -3.4e+38 -3.4e+38 -3.4e+38 -3.4e+38 -3.4e+38 -3.4e+38 -3.4e+38
0.0121915079653263 0.0133108720183372 0.0136515032500029 0.0124011058360338 0.0131625281646848 0.0128702074289322 0.0144728999584913 0.0182572342455387 0.0247068107128143 0.0283020790666342 0.0361403599381447 0.0410508848726749 0.0461642928421497 0.0625119507312775 0.0889156460762024 0.136621057987213 0.151264771819115 0.177161082625389 0.240616619586945 0.294700741767883 0.434963196516037 0.416442334651947 0.534288048744202 0.566354632377625 0.628830075263977 0.659076333045959 0.71226304769516 0.557848453521729 0.62303102016449 0.562816143035889 0.537291169166565 -3.4e+38 -3.4e+38 -3.4e+38 -3.4e+38 -3.4e+38 -3.4e+38 -3.4e+38 -3.4e+38 -3.4e+38 -3.4e+38 -3.4e+38 -3.4e+38 -3.4e+38
0.0104875797405839 0.0114077692851424 0.0116231366991997 0.0104865189641714 0.010778896510601 0.0121577717363834 0.0137035632506013 0.0166065357625484 0.0181112922728062 0.0218252390623093 0.0250566471368074 0.0330903641879559 0.0474845953285694 0.0550771988928318 0.0665932446718216 0.0998752638697624 0.198801800608635 0.199053764343262 0.201307818293571 0.233913451433182 0.287367343902588 0.3645940721035 0.420419752597809 0.568387567996979 0.600868403911591 0.681595265865326 0.689673244953156 0.620782136917114 0.604878544807434 0.537543773651123 0.513033926486969 0.531709551811218 -3.4e+38 -3.4e+38 -3.4e+38 -3.4e+38 -3.4e+38 -3.4e+38 -3.4e+38 -3.4e+38 -3.4e+38 -3.4e+38 -3.4e+38 -3.4e+38
0.00974056497216225 0.0100759146735072 0.0108802281320095 0.0102996835485101 0.0105238649994135 0.0129629345610738 0.0130763901397586 0.0135794607922435 0.0168177261948586 0.0190278589725494 0.025374399498105 0.0327409543097019 0.0495586171746254 0.0605219714343548 0.0594116300344467 0.0828769654035568 0.178000137209892 0.244370117783546 0.222564071416855 0.180856257677078 0.224109753966331 0.319117784500122 0.37403267621994 0.391387969255447 0.492187082767487 0.572735369205475 0.659605383872986 0.598380327224731 0.578911602497101 0.531563580036163 0.503780364990234 -3.4e+38 0.63714987039566 0.423836141824722 -3.4e+38 -3.4e+38 -3.4e+38 -3.4e+38 -3.4e+38 -3.4e+38 -3.4e+38 -3.4e+38 -3.4e+38 -3.4e+38
0.00869643781334162 0.00928397011011839 0.0104058701545 0.00971716828644276 0.00953328423202038 0.0110414633527398 0.011743051931262 0.0125778755173087 0.0132526336237788 0.0194501038640738 0.0221912153065205 0.0301368441432714 0.0486872829496861 0.0612778253853321 0.0497595481574535 0.0682348310947418 0.130978599190712 0.241005510091782 0.230846732854843 0.172955125570297 0.214994803071022 0.333048433065414 0.329934805631638 0.357651591300964 0.392502665519714 0.515282511711121 0.672077536582947 0.681018590927124 0.620431780815125 0.598462045192719 0.556131482124329 -3.4e+38 0.608518958091736 -3.4e+38 -3.4e+38 -3.4e+38 -3.4e+38 -3.4e+38 -3.4e+38 -3.4e+38 -3.4e+38 -3.4e+38 -3.4e+38 -3.4e+38
0.00739093031734228 0.00804136972874403 0.0096589382737875 0.010587434284389 0.00886301416903734 0.009844820946455 0.00941918417811394 0.0106174889951944 0.0146520184352994 0.0167609509080648 0.0229996144771576 0.0278436746448278 0.0329965502023697 0.0474430695176125 0.0609238296747208 0.0611673854291439 0.099282793700695 0.156634792685509 0.206788823008537 0.163430064916611 0.191130757331848 0.375327736139297 0.468376636505127 0.354726254940033 0.352088361978531 0.409205406904221 0.517126441001892 0.676419138908386 0.766749978065491 0.625527799129486 0.602954566478729 -3.4e+38 -3.4e+38 -3.4e+38 -3.4e+38 -3.4e+38 -3.4e+38 -3.4e+38 -3.4e+38 -3.4e+38 -3.4e+38 -3.4e+38 -3.4e+38 -3.4e+38
0.00753927137702703 0.00722785713151097 0.00893289037048817 0.0106245232746005 0.00877660047262907 0.00789642333984375 0.00875924061983824 0.00906492862850428 0.0136506585404277 0.0175773147493601 0.020378177985549 0.0298627372831106 0.0312437023967505 0.0394984930753708 0.0468535907566547 0.0588731504976749 0.0742954611778259 0.115399830043316 0.154425755143166 0.135044887661934 0.160283371806145 0.221663862466812 0.297029495239258 0.396063476800919 0.305447369813919 0.305804401636124 0.383222192525864 0.570891976356506 0.68834388256073 0.682514131069183 0.64731377363205 -3.4e+38 -3.4e+38 -3.4e+38 0.535132884979248 -3.4e+38 -3.4e+38 -3.4e+38 -3.4e+38 -3.4e+38 -3.4e+38 -3.4e+38 -3.4e+38 -3.4e+38
0.00736788753420115 0.00724205421283841 0.00705057429149747 0.00801640842109919 0.00719878962263465 0.00709652109071612 0.00777803547680378 0.00955746416002512 0.0128212701529264 0.0148296849802136 0.0207973532378674 0.0285046361386776 0.0339720323681831 0.0387166291475296 0.0480287745594978 0.0596047639846802 0.0709310322999954 0.0993251353502274 0.123937971889973 0.127176374197006 0.13330551981926 0.148626953363419 0.283931910991669 0.356769412755966 0.265758872032166 0.277454793453217 0.31638839840889 0.396427571773529 0.482615500688553 0.626929938793182 0.665465116500854 0.561163783073425 0.557544589042664 0.606066524982452 0.61148875951767 0.468144029378891 -3.4e+38 -3.4e+38 -3.4e+38 -3.4e+38 -3.4e+38 -3.4e+38 -3.4e+38 -3.4e+38
0.00871550757437944 0.00786409247666597 0.00680720573291183 0.00660712039098144 0.00708872219547629 0.00804808177053928 0.00882137659937143 0.00886259227991104 0.0123383169993758 0.0148080578073859 0.0193883217871189 0.0269700363278389 0.0380419380962849 0.0421106480062008 0.0550240017473698 0.0754730477929115 0.0704125016927719 0.0814441218972206 0.108642436563969 0.100628055632114 0.10900754481554 0.136458083987236 0.211503639817238 0.217514783143997 0.217730805277824 0.341548651456833 0.313054591417313 0.347444593906403 0.40716889500618 0.444678634405136 0.530548632144928 0.501787960529327 0.534719228744507 0.623916387557983 0.547550618648529 0.488970130681992 -3.4e+38 -3.4e+38 -3.4e+38 -3.4e+38 -3.4e+38 -3.4e+38 -3.4e+38 -3.4e+38
0.0101876836270094 0.00856500118970871 0.00739056151360273 0.00678625842556357 0.00981098413467407 0.0107790846377611 0.00980256497859955 0.0101514710113406 0.0167045500129461 0.0259870756417513 0.0223016906529665 0.0282008927315474 0.0428423956036568 0.0524392127990723 0.0544685050845146 0.0874214544892311 0.0847543403506279 0.0706464424729347 0.0754470676183701 0.0957567989826202 0.0813826769590378 0.104039780795574 0.173029318451881 0.282021254301071 0.439156085252762 0.534293472766876 0.626720249652863 0.339719623327255 0.318992674350739 0.384688079357147 0.45536670088768 0.478829622268677 0.483049541711807 0.515756368637085 0.572852432727814 0.598869621753693 -3.4e+38 -3.4e+38 -3.4e+38 -3.4e+38 -3.4e+38 -3.4e+38 -3.4e+38 -3.4e+38
0.0102396560832858 0.00995199289172888 0.00801329221576452 0.00756707927212119 0.0112317483872175 0.0149594563990831 0.0130779007449746 0.0120000075548887 0.0270920153707266 0.051222175359726 0.0380149893462658 0.0321051962673664 0.0450151525437832 0.0544247999787331 0.0633570030331612 0.0632392540574074 0.0747129023075104 0.0675745978951454 0.0666717067360878 0.0889900922775269 0.10487462580204 0.0960418283939362 0.102696128189564 0.194465428590775 0.379128247499466 0.333771198987961 0.577271699905396 0.462162464857101 0.246149331331253 0.331395357847214 0.359435200691223 0.381279140710831 0.445622563362122 0.502814054489136 0.456626445055008 0.518247365951538 0.542295157909393 -3.4e+38 -3.4e+38 -3.4e+38 -3.4e+38 -3.4e+38 -3.4e+38 -3.4e+38
0.011211854405701 0.00981779582798481 0.00934536196291447 0.00849188957363367 0.0116700436919928 0.0137979341670871 0.0163596924394369 0.01552814245224 0.0274537168443203 0.360803246498108 0.238240092992783 0.050599567592144 0.0413393341004848 0.0555122829973698 0.0548746101558208 0.0531151406466961 0.0528198815882206 0.0660866945981979 0.0548044666647911 0.0702787339687347 0.1161869764328 0.120538130402565 0.0981691777706146 0.118452101945877 0.193337336182594 0.196060240268707 0.489459902048111 0.694686055183411 0.313354969024658 0.359211534261703 0.355472296476364 0.323012560606003 0.362084835767746 0.505533397197723 0.528526782989502 0.454898029565811 0.526172637939453 0.543596982955933 -3.4e+38 -3.4e+38 -3.4e+38 -3.4e+38 -3.4e+38 -3.4e+38
0.0118162734434009 0.0103222839534283 0.00956687144935131 0.00917999539524317 0.0111070359125733 0.0129822744056582 0.0171724334359169 0.0230592042207718 0.0320922806859016 0.273781478404999 0.229434013366699 0.0527484491467476 0.0728643164038658 0.0716135278344154 0.0534365512430668 0.0452863983809948 0.0485296994447708 0.0536298044025898 0.0489897504448891 0.0538742989301682 0.0729950964450836 0.142023310065269 0.0976387038826942 0.0765992999076843 0.0898049473762512 0.140628084540367 0.244367524981499 0.338841497898102 0.308091849088669 0.270838469266891 0.330804914236069 0.352423399686813 0.338435649871826 0.388124406337738 0.438702076673508 0.472151011228561 0.514908015727997 0.543708562850952 -3.4e+38 -3.4e+38 -3.4e+38 -3.4e+38 -3.4e+38 -3.4e+38
