data/climate_estimation/ripogonum_output/Ripogonum_elseyanum.asc
NCOLS 100 
NROWS 180 
XLLCORNER 145.5 
YLLCORNER -32 
CELLSIZE 0.0833333333333334 
NODATA_value -3.4e+38 
[rows 95 to 113 of 180, columns 44 to 87 of 100]
0.0019552237354219 0.00288129528053105 0.00457964744418859 0.00522389123216271 0.00577099900692701 0.00405461154878139 0.00366376200690866 0.00324852461926639 0.00252270116470754 0.00263154553249478 0.00236291461624205 0.00256117223761976 0.00375842140056193 0.00697772298008204 0.00902914255857468 0.0125233270227909 0.0142394090071321 0.0103068165481091 0.00774856470525265 0.00836862251162529 0.0111516984179616 0.0219288393855095 0.017881041392684 0.0110799307003617 0.0192596614360809 0.0507786981761456 0.0685105845332146 0.176206991076469 0.25347775220871 0.135253295302391 0.128827050328255 0.178452283143997 0.172819495201111 0.187091469764709 0.193939998745918 0.214020326733589 0.22226370871067 0.233597055077553 0.195347353816032 0.159863367676735 -3.4e+38 -3.4e+38 -3.4e+38 -3.4e+38
0.00638861581683159 0.00618387712165713 0.00615906855091453 0.00605397159233689 0.00502107804641128 0.00580223230645061 0.00574605446308851 0.00574178528040648 0.00376265263184905 0.00364323286339641 0.00299934460781515 0.00273636099882424 0.00381903909146786 0.006032585632056 0.00878888089209795 0.0103457178920507 0.0141283124685287 0.0107588758692145 0.0111836837604642 0.00840638112276793 0.0080801248550415 0.0106831397861242 0.0117805162444711 0.0103780142962933 0.0172737445682287 0.0292916018515825 0.0552346035838127 0.129422903060913 0.217487916350365 0.149153247475624 0.153439223766327 0.204054117202759 0.183186918497086 0.165433883666992 0.183862671256065 0.21479868888855 0.269672006368637 0.249886065721512 0.211396336555481 0.183637782931328 0.16914264857769 -3.4e+38 -3.4e+38 -3.4e+38
0.00576737895607948 0.00558188371360302 0.00483783148229122 0.00518918549641967 0.00360686844214797 0.00484616169705987 0.00442285556346178 0.00639968877658248 0.00717304600402713 0.00514870276674628 0.003340546740219 0.0030801750253886 0.00328537868335843 0.00528504187241197 0.00908762961626053 0.0115901669487357 0.014899630099535 0.0133685115724802 0.0111846029758453 0.00862744823098183 0.00865589641034603 0.00790173187851906 0.0116237802430987 0.0116337593644857 0.0131438067182899 0.0237027574330568 0.0439106337726116 0.107165604829788 0.173675045371056 0.132494300603867 0.314551919698715 0.257385075092316 0.149169370532036 0.109207399189472 0.145934984087944 0.226228222250938 0.233230844140053 0.22705115377903 0.207609966397285 0.173107013106346 0.16959872841835 0.181493937969208 -3.4e+38 -3.4e+38
0.00497790984809399 0.00482523627579212 0.00378223182633519 0.00352986226789653 0.00321085657924414 0.00413061399012804 0.00370220257900655 0.00482422532513738 0.00786935165524483 0.007609021384269 0.00557100353762507 0.00419325334951282 0.0039277970790863 0.0106136230751872 0.0138434898108244 0.0167190171778202 0.0136069301515818 0.0161919798702002 0.0144090643152595 0.0126675460487604 0.0103394724428654 0.0107565959915519 0.00893364660441875 0.0120683284476399 0.0138461478054523 0.020208602771163 0.0367454551160336 0.0745172277092934 0.0743676722049713 0.0936839208006859 0.129560604691505 0.151953741908073 0.0919857621192932 0.103610053658485 0.133125886321068 0.19587579369545 0.241640686988831 0.222261324524879 0.179774448275566 0.172587648034096 0.173709034919739 0.190766051411629 0.168992340564728 0.186321228742599
0.00504171941429377 0.00431157415732741 0.00340492627583444 0.00343522732146084 0.00343878101557493 0.00317666539922357 0.00344177428632975 0.00412557926028967 0.00572559051215649 0.00832887832075357 0.00778757175430655 0.00536524085327983 0.00633250270038843 0.0104207945987582 0.0129365781322122 0.0169796384871006 0.012447671033442 0.0128945996984839 0.0155133791267872 0.0115561643615365 0.00859658140689135 0.00898508355021477 0.00810322072356939 0.0102005694061518 0.0191277749836445 0.0285549126565456 0.0414037741720676 0.0457929633557796 0.0407585650682449 0.0611406601965427 0.0801056548953056 0.0582629442214966 0.0812411233782768 0.0812006443738937 0.124915458261967 0.1785698980093 0.189816236495972 0.179582998156548 0.179878294467926 0.206316202878952 0.207627072930336 0.202962771058083 0.211471498012543 0.201898723840714
0.003706133691594 0.00299079879187047 0.00247924914583564 0.00357217178680003 0.00423703202977777 0.00425684498623013 0.00379069522023201 0.00334430066868663 0.00450942339375615 0.00578944524750113 0.00644565047696233 0.00596253667026758 0.00696230959147215 0.00922662392258644 0.0133623313158751 0.0147779975086451 0.0131664266809821 0.0114486087113619 0.0121114104986191 0.011669953353703 0.010726859793067 0.0115846740081906 0.00840817112475634 0.0106865549460053 0.0157293193042278 0.0272558704018593 0.0258354600518942 0.029406076297164 0.0256532765924931 0.0307773370295763 0.0410690531134605 0.0434458032250404 0.0683573633432388 0.0759988352656364 0.112629279494286 0.179040655493736 0.197036698460579 0.206781253218651 0.211282476782799 0.219861716032028 0.211853936314583 0.24812225997448 0.261738330125809 0.217736080288887
0.00390695920214057 0.00279843294993043 0.00299905659630895 0.00267217215150595 0.00252764532342553 0.00285497796721756 0.00350582390092313 0.00329240737482905 0.00457118265330791 0.00410647969692945 0.00375270843505859 0.00501492246985435 0.00639302283525467 0.010711126960814 0.0131769347935915 0.0124036343768239 0.0114735513925552 0.0111781284213066 0.0115465372800827 0.0111427819356322 0.00768627831712365 0.0056066638790071 0.00819907803088427 0.00864479690790176 0.0101689053699374 0.0181085057556629 0.029528958722949 0.0262268856167793 0.0203026756644249 0.021434348076582 0.0310754347592592 0.0441687181591988 0.074009582400322 0.0666268095374107 0.0971206948161125 0.243640586733818 0.257826030254364 0.318125009536743 0.251602411270142 0.24674354493618 0.249993026256561 0.24726690351963 0.261041432619095 0.260258674621582
0.00388856325298548 0.00279938010498881 0.00312012969516218 0.00256401672959328 0.00244948081672192 0.00326240085996687 0.00319320848211646 0.00329193286597729 0.00410732440650463 0.00378128560259938 0.00404562568292022 0.00541864009574056 0.00628346856683493 0.00969559792429209 0.0128027694299817 0.0130818681791425 0.010880671441555 0.00829790439456701 0.00677244365215302 0.00661605689674616 0.00651195691898465 0.00505840731784701 0.00563913257792592 0.00796649791300297 0.00851096678525209 0.0122710401192307 0.0145428879186511 0.0273482762277126 0.0205910466611385 0.0210226401686668 0.026551803573966 0.0441442653536797 0.113941207528114 0.104029916226864 0.110828161239624 0.157470241189003 0.268406420946121 0.363665252923965 0.296351104974747 0.286774784326553 0.245489522814751 0.232824042439461 0.257725477218628 0.272156596183777
0.00259576179087162 0.00255813077092171 0.00249554147012532 0.00303915166296065 0.00231990357860923 0.00308477459475398 0.00346969487145543 0.00308332056738436 0.00328849931247532 0.00445751380175352 0.00441540870815516 0.00427674036473036 0.00670672068372369 0.00944486353546381 0.0116860065609217 0.012780025601387 0.0109201604500413 0.00676011620089412 0.00561093538999557 0.00412035174667835 0.00476455222815275 0.00565931526944041 0.00610623368993402 0.00766229862347245 0.00738316774368286 0.00852221623063087 0.0112610422074795 0.0135107450187206 0.0157112199813128 0.0176631845533848 0.0228809509426355 0.0423799492418766 0.0848255455493927 0.157906994223595 0.349669277667999 0.140122428536415 0.158589050173759 0.245100930333138 0.321329534053802 0.280093669891357 0.232324883341789 0.237608924508095 0.272286295890808 0.305422246456146
0.00177088845521212 0.00203410699032247 0.00186459813266993 0.00208798726089299 0.00257354974746704 0.00244934996590018 0.00250548520125449 0.00295839761383832 0.00411297008395195 0.00470303790643811 0.00522243697196245 0.00475091952830553 0.00444534653797746 0.00641122553497553 0.00910405535250902 0.0109170023351908 0.00936831720173359 0.00682575954124331 0.00480692600831389 0.00375996949151158 0.00381294405087829 0.00499954586848617 0.00562581745907664 0.00596997700631618 0.00630149245262146 0.00867388490587473 0.0111789554357529 0.0159249398857355 0.0135894361883402 0.0265469811856747 0.0321892350912094 0.0316952653229237 0.0452387630939484 0.168395280838013 0.220918908715248 0.128987580537796 0.155887857079506 0.185899421572685 0.227007403969765 0.266947656869888 0.1970184892416 0.234040185809135 0.287053227424622 0.318493604660034
0.00244068563915789 0.00201794179156423 0.00163600884843618 0.00168124854099005 0.00173341005574912 0.00232772901654243 0.00302377040497959 0.00277432426810265 0.00307581410743296 0.00426826439797878 0.00510385353118181 0.00624611647799611 0.00565897673368454 0.0069667836651206 0.0109255630522966 0.0113524720072746 0.00900028552860022 0.00851513538509607 0.00585784018039703 0.00395149551331997 0.00462767854332924 0.0054285628721118 0.0054846964776516 0.00652396073564887 0.00699118943884969 0.00784324388951063 0.00789934583008289 0.0110799977555871 0.0121364332735538 0.0225265678018332 0.029044434428215 0.0317394770681858 0.0500078126788139 0.122423335909843 0.233205944299698 0.11119943857193 0.180288776755333 0.157159864902496 0.238420724868774 0.181430265307426 0.238239258527756 0.260089814662933 0.282597362995148 0.390878081321716
0.00227810326032341 0.00144641671795398 0.00130117498338223 0.001597486785613 0.00216382672078907 0.00259814108721912 0.0028541989158839 0.00259972712956369 0.0032414379529655 0.00408024014905095 0.00445567816495895 0.00544111430644989 0.00725810788571835 0.00774849625304341 0.0118756359443069 0.012570439837873 0.0103924628347158 0.00847385823726654 0.0073461476713419 0.00522100506350398 0.00692340591922402 0.00691904174163938 0.00652677705511451 0.00873743835836649 0.00776542583480477 0.00488456198945642 0.00554307922720909 0.00767847569659352 0.0103428456932306 0.018074931576848 0.0274311657994986 0.0270664896816015 0.0567860305309296 0.092322401702404 0.136865556240082 0.353051543235779 0.237175360321999 0.119779840111732 0.222956448793411 0.124907329678535 0.163794696331024 0.276240140199661 0.326928943395615 0.411071091890335
0.00163790525402874 0.00105196516960859 0.00121969147585332 0.0015470638172701 0.00228655175305903 0.00255042011849582 0.00247706659138203 0.00287688127718866 0.00304851471446455 0.00389548693783581 0.0051046134904027 0.00538399163633585 0.00660566845908761 0.0084820706397295 0.0112992627546191 0.0129998242482543 0.00895449705421925 0.00788808055222034 0.00970306061208248 0.00981818325817585 0.00983166694641113 0.00771701708436012 0.00656274799257517 0.00740141561254859 0.00867394544184208 0.0072717578150332 0.00696933269500732 0.00801723822951317 0.00846256595104933 0.01372348703444 0.0221195891499519 0.027354471385479 0.0332418568432331 0.0608540512621403 0.122949972748756 0.252425581216812 0.315419018268585 0.159942910075188 0.154741689562798 0.139924764633179 0.178063288331032 0.288878798484802 0.368457734584808 0.403300046920776
0.00103542511351407 0.00101124355569482 0.00130120210815221 0.00162892532534897 0.00198761839419603 0.00211001327261329 0.00268834596499801 0.00279706995934248 0.00292796804569662 0.0039255958981812 0.00461646309122443 0.00524764321744442 0.00775060337036848 0.00848648510873318 0.011272600851953 0.00829418562352657 0.0076138130389154 0.0108443703502417 0.0108771929517388 0.0175576005131006 0.0108112245798111 0.0100069204345345 0.0132384719327092 0.0109564857557416 0.0105657689273357 0.0126700308173895 0.0106339817866683 0.0077251773327589 0.0144134880974889 0.0200054831802845 0.0204337388277054 0.0306941717863083 0.0565580353140831 0.072416678071022 0.0848815888166428 0.14998260140419 0.186957255005836 0.164076328277588 0.197522699832916 0.179042354226112 0.183090254664421 0.35528552532196 0.471247375011444 0.434524744749069
0.0014177659759298 0.00142811820842326 0.00171573658008128 0.00188924570102245 0.00216344860382378 0.00282836914993823 0.00330769852735102 0.00293104071170092 0.00304491329006851 0.00327953998930752 0.00453125312924385 0.0057277362793684 0.00790617428719997 0.0092174531891942 0.0107084540650249 0.00774675374850631 0.00939359236508608 0.00969498604536057 0.0135060353204608 0.0176522117108107 0.0125877065584064 0.0117775443941355 0.0138923581689596 0.0155061651021242 0.0130373984575272 0.00925127323716879 0.00896338932216167 0.00941907521337271 0.0153070809319615 0.0323486663401127 0.0240649413317442 0.0294569116085768 0.0560995861887932 0.11962890625 0.0970268398523331 0.110596805810928 0.1107217669487 0.251204431056976 0.340034484863281 0.205824196338654 0.260825484991074 0.374789863824844 0.429955899715424 0.500059902667999
0.00185710343066603 0.00202565733343363 0.00183752086013556 0.00264474400319159 0.00243288651108742 0.00294345221482217 0.00326081109233201 0.00289246090687811 0.00335572217591107 0.00434697885066271 0.00421849125996232 0.00558286579325795 0.0084282336756587 0.00845583714544773 0.0106216436251998 0.00970507506281137 0.0110791530460119 0.0130539629608393 0.0133212814107537 0.0159409735351801 0.0159245207905769 0.0158943757414818 0.0153943691402674 0.0116329062730074 0.00872673094272614 0.00813271384686232 0.00945839565247297 0.0138560486957431 0.0146707175299525 0.02686807513237 0.0464463531970978 0.0387425534427166 0.0517938882112503 0.105276986956596 0.124353684484959 0.193794667720795 0.229983225464821 0.54401707649231 0.383234441280365 0.332341134548187 0.38592854142189 0.387458980083466 0.411516219377518 0.58368319272995
0.00300318584777415 0.00282439147122204 0.00260917586274445 0.00296438694931567 0.00276491511613131 0.00342087424360216 0.00385334226302803 0.00333491619676352 0.00412946380674839 0.00524487625807524 0.00494355987757444 0.00597497215494514 0.00872115977108479 0.00865284446626902 0.00791714526712894 0.0102240787819028 0.0131818437948823 0.0140402065590024 0.0144078675657511 0.0143664302304387 0.0167556535452604 0.013687894679606 0.0123290335759521 0.00939321797341108 0.00971684232354164 0.00998310279101133 0.0115607669577003 0.018554825335741 0.0250688567757607 0.0310107432305813 0.0469044260680676 0.0551444254815578 0.0628892928361893 0.0983088463544846 0.134797796607018 0.275069624185562 0.407696336507797 0.603175699710846 0.599072754383087 0.503997087478638 0.564506053924561 0.487703770399094 0.463885217905045 0.624389946460724
0.00322921318002045 0.0030231075361371 0.00320364767685533 0.00286646513268352 0.00399604812264442 0.0040781470015645 0.00382027099840343 0.00491892546415329 0.00556941283866763 0.00749829085543752 0.00600453792139888 0.00772983487695456 0.00780715700238943 0.00851741153746843 0.00783939100801945 0.00944145489484072 0.0101549122482538 0.0124815041199327 0.0139147778972983 0.0110360868275166 0.013908258639276 0.0117931552231312 0.011269430629909 0.00992604624480009 0.00963675510138273 0.0106734381988645 0.0155661189928651 0.024639081209898 0.0346432775259018 0.0388083979487419 0.0567470081150532 0.0866167545318604 0.094135694205761 0.131709441542625 0.15973174571991 0.279146730899811 0.415028870105743 0.519576668739319 0.66108500957489 0.668497800827026 0.550812542438507 0.545591056346893 0.508316099643707 0.617312669754028
0.00319432583637536 0.00302816019393504 0.00249935430474579 0.00266635767184198 0.00323248864151537 0.00327017996460199 0.00409375783056021 0.00477976305410266 0.0056698746047914 0.00827170629054308 0.00740524847060442 0.00719767203554511 0.00718327378854156 0.00757664628326893 0.00797766540199518 0.00959388632327318 0.0101412329822779 0.0116486046463251 0.00984070636332035 0.00995870772749186 0.0098882494494319 0.0104161370545626 0.00901012495160103 0.0099326353520155 0.0125534571707249 0.0130258062854409 0.0137829585000873 0.0202205628156662 0.0405774563550949 0.0461865998804569 0.0647137388586998 0.0864309445023537 0.133314028382301 0.115388326346874 0.156135708093643 0.283516079187393 0.452822029590607 0.573589682579041 0.679011344909668 0.651389420032501 0.624873220920563 0.579447507858276 0.571682751178741 0.65517657995224
