data/climate_estimation/maxent_output/Alstroemeria_psittacina.asc
NCOLS 310 
NROWS 287 
XLLCORNER -66.6666666666667 
YLLCORNER -36.3333333333333 
CELLSIZE 0.0833333333333333 
NODATA_value -3.4e+38 
[rows 168 to 188 of 287, columns 94 to 140 of 310]
0.953571557998657 0.9603551030159 0.962819635868073 0.970073640346527 0.968912839889526 0.966484606266022 0.96904581785202 0.966662466526031 0.975021421909332 0.977785766124725 0.976669490337372 0.982805192470551 0.987274050712585 0.989076793193817 0.990352809429169 0.992595791816711 0.992730498313904 0.993601560592651 0.994130730628967 0.997180819511414 0.997470617294312 0.998233795166016 0.9977667927742 0.997809290885925 0.997145533561707 0.996762633323669 0.99625700712204 0.996039211750031 0.996366381645203 0.996322810649872 0.997091233730316 0.997687041759491 0.998616814613342 0.998190224170685 0.996998846530914 0.997551202774048 0.998391568660736 0.998543977737427 0.998810708522797 0.999208986759186 0.999473094940186 0.999537706375122 0.999610245227814 0.999763607978821 0.999849081039429 0.999867618083954 0.999058663845062
0.959177613258362 0.95455664396286 0.956060230731964 0.962987959384918 0.95876270532608 0.963971853256226 0.966628313064575 0.971018314361572 0.972407460212708 0.97725635766983 0.974824249744415 0.979887187480927 0.985481381416321 0.989242732524872 0.989747405052185 0.989307761192322 0.990413665771484 0.992637157440186 0.993793308734894 0.995220184326172 0.996931076049805 0.997873067855835 0.997314035892487 0.998095512390137 0.998304069042206 0.998196363449097 0.998029172420502 0.997028112411499 0.996929228305817 0.996647417545319 0.997375965118408 0.998456180095673 0.997549474239349 0.997278332710266 0.998079121112823 0.997440576553345 0.998690962791443 0.999024868011475 0.999347507953644 0.999539017677307 0.999405980110168 0.999622762203217 0.999602556228638 0.999674558639526 0.999793767929077 0.998503267765045 0.998471438884735
0.951823770999908 0.957596600055695 0.955454766750336 0.957156479358673 0.953270554542542 0.955685436725616 0.957546830177307 0.96349835395813 0.966808259487152 0.973896443843842 0.972155511379242 0.971082746982574 0.981732189655304 0.98650735616684 0.986899375915527 0.986961126327515 0.989821434020996 0.990048706531525 0.990777790546417 0.994119465351105 0.995744347572327 0.997491776943207 0.997156322002411 0.997163355350494 0.996739625930786 0.996849715709686 0.996562123298645 0.998316466808319 0.998010575771332 0.997746825218201 0.997738242149353 0.996401369571686 0.996521890163422 0.997137248516083 0.997197985649109 0.997832298278809 0.998417258262634 0.998990833759308 0.999490797519684 0.999480366706848 0.999479591846466 0.999583899974823 0.999631762504578 0.999629378318787 0.997726380825043 0.998303651809692 0.998555243015289
0.946441650390625 0.9442338347435 0.946724057197571 0.94905024766922 0.942667067050934 0.94483357667923 0.949804663658142 0.91809207201004 0.931938409805298 0.928745985031128 0.926859974861145 0.980615556240082 0.980061233043671 0.982721388339996 0.984829664230347 0.981586039066315 0.985741436481476 0.9872807264328 0.988374590873718 0.992051005363464 0.995591938495636 0.996715784072876 0.993687391281128 0.991471588611603 0.988973557949066 0.991128265857697 0.992413759231567 0.993097543716431 0.991582214832306 0.992262125015259 0.990514695644379 0.989280581474304 0.990543782711029 0.992435216903687 0.99561071395874 0.99612420797348 0.99833744764328 0.999393403530121 0.999641239643097 0.999614119529724 0.999398648738861 0.999471068382263 0.999421954154968 0.996934413909912 0.996801614761353 0.9974724650383 0.998364210128784
0.942437291145325 0.94002503156662 0.940321922302246 0.941525340080261 0.931213855743408 0.933660387992859 0.946390807628632 0.91829115152359 0.914245903491974 0.91131603717804 0.90930849313736 0.906483590602875 0.925245344638824 0.973430156707764 0.971289157867432 0.976600289344788 0.980499863624573 0.985505640506744 0.986409068107605 0.990601480007172 0.993445992469788 0.992728888988495 0.987943828105927 0.98366504907608 0.976674914360046 0.978994846343994 0.980746805667877 0.978146493434906 0.978923976421356 0.980604708194733 0.974277436733246 0.974574446678162 0.975099623203278 0.984200537204742 0.991653919219971 0.995290994644165 0.998353898525238 0.999347329139709 0.999564588069916 0.9995356798172 0.999114573001862 0.99936455488205 0.995414257049561 0.996453702449799 0.996511697769165 0.997248411178589 0.99769115447998
0.936984241008759 0.932865619659424 0.939762890338898 0.933672487735748 0.94109320640564 0.932075202465057 0.949874103069305 0.92583841085434 0.911901533603668 0.90651547908783 0.89214026927948 0.908466458320618 0.916920721530914 0.964740574359894 0.970045149326324 0.972982883453369 0.974867343902588 0.979502856731415 0.982017695903778 0.988041162490845 0.989113092422485 0.985654294490814 0.976526200771332 0.964673399925232 0.954807579517365 0.961458146572113 0.962053120136261 0.963896691799164 0.954372048377991 0.95428729057312 0.943881332874298 0.937728941440582 0.961690843105316 0.976337194442749 0.9893519282341 0.995134234428406 0.997781693935394 0.999371230602264 0.999680280685425 0.999551057815552 0.99930602312088 0.99924373626709 0.995826840400696 0.99610561132431 0.996305584907532 0.996031045913696 0.996645212173462
0.933341860771179 0.936664700508118 0.927935600280762 0.936387300491333 0.938899099826813 0.945201933383942 0.902468800544739 0.922857224941254 0.894709348678589 0.900164067745209 0.885495126247406 0.899224400520325 0.907301902770996 0.962681770324707 0.968578398227692 0.972429037094116 0.974105596542358 0.975388586521149 0.97700971364975 0.981865346431732 0.986325860023499 0.980116307735443 0.970177114009857 0.950612008571625 0.940303802490234 0.944575190544128 0.944934844970703 0.942758679389954 0.938872039318085 0.930174350738525 0.866560220718384 0.929620742797852 0.950785875320435 0.979063093662262 0.989968836307526 0.99637371301651 0.99872088432312 0.999679148197174 0.999763369560242 0.999613344669342 0.999439060688019 0.996305525302887 0.99620395898819 0.996423602104187 0.996444046497345 0.996267080307007 0.996531188488007
0.929990231990814 0.927498638629913 0.925907254219055 0.932961583137512 0.935930848121643 0.939671456813812 0.908044397830963 0.92722088098526 0.898711264133453 0.89203804731369 0.891321063041687 0.906696259975433 0.958406805992126 0.965672254562378 0.963597774505615 0.963692009449005 0.969648540019989 0.971701204776764 0.970537722110748 0.974999725818634 0.981937110424042 0.977422475814819 0.962497591972351 0.955054521560669 0.948867559432983 0.942500412464142 0.936057448387146 0.926085829734802 0.867971539497375 0.879163682460785 0.886076509952545 0.897301435470581 0.92255026102066 0.985822677612305 0.994400024414062 0.998857498168945 0.999610602855682 0.999773919582367 0.99970281124115 0.999503374099731 0.996546745300293 0.995434761047363 0.996056020259857 0.996432483196259 0.996442914009094 0.997010469436646 0.996146380901337
0.921269774436951 0.930259644985199 0.934389054775238 0.932238101959229 0.942718923091888 0.952908515930176 0.913947641849518 0.935719192028046 0.921425580978394 0.898788332939148 0.898045063018799 0.900692760944366 0.954793810844421 0.95978569984436 0.964970350265503 0.966854691505432 0.960640072822571 0.962946534156799 0.969135224819183 0.97175121307373 0.977446019649506 0.971050977706909 0.964154124259949 0.955219984054565 0.955010414123535 0.95006650686264 0.960337400436401 0.912471115589142 0.928627789020538 0.9402095079422 0.945819437503815 0.936228513717651 0.954785823822021 0.979409992694855 0.998756170272827 0.999651908874512 0.999698400497437 0.999604463577271 0.9995938539505 0.997104704380035 0.996026217937469 0.996690154075623 0.995918095111847 0.996228694915771 0.995567381381989 0.996266484260559 0.995013058185577
0.920059442520142 0.932629525661469 0.921731054782867 0.93759948015213 0.94491446018219 0.953054547309875 0.908624351024628 0.9249547123909 0.941305577754974 0.917624413967133 0.959594488143921 0.953819155693054 0.962521612644196 0.963453233242035 0.960460782051086 0.963180363178253 0.967777788639069 0.966337740421295 0.959532022476196 0.968778014183044 0.976910650730133 0.977248549461365 0.966580331325531 0.959661900997162 0.953052997589111 0.966129302978516 0.975575268268585 0.962477385997772 0.981849014759064 0.98640114068985 0.985179483890533 0.978771448135376 0.9758220911026 0.993610441684723 0.999579131603241 0.999600410461426 0.999601542949677 0.997055411338806 0.99737936258316 0.996227622032166 0.996335208415985 0.996515810489655 0.99579381942749 0.995464384555817 0.994683146476746 0.993221819400787 0.993652939796448
0.923494875431061 0.930909037590027 0.936153948307037 0.939580142498016 0.947620034217834 0.955576717853546 0.961425483226776 0.929743349552155 0.946588218212128 0.97321891784668 0.965927720069885 0.964454889297485 0.961668729782104 0.965855777263641 0.973001420497894 0.975448787212372 0.981134474277496 0.977296411991119 0.976730287075043 0.970989346504211 0.973746538162231 0.979108989238739 0.972409248352051 0.95575475692749 0.949077963829041 0.973580896854401 0.992169737815857 0.990827798843384 0.994416177272797 0.994389832019806 0.993337035179138 0.994740903377533 0.995336532592773 0.997578263282776 0.999774873256683 0.999595820903778 0.999406099319458 0.996977984905243 0.996605694293976 0.994550049304962 0.99284839630127 0.996466994285583 0.995217680931091 0.994933903217316 0.9936363697052 0.992453873157501 0.992830872535706
0.92815363407135 0.931749701499939 0.938332140445709 0.948631286621094 0.954721450805664 0.95980578660965 0.966536819934845 0.977150201797485 0.981602668762207 0.979066371917725 0.974926173686981 0.977115750312805 0.967000842094421 0.97197961807251 0.984178125858307 0.982848525047302 0.988825619220734 0.988797843456268 0.98819637298584 0.987460851669312 0.983956158161163 0.98762571811676 0.976813673973083 0.965761482715607 0.960385501384735 0.981386184692383 0.995792865753174 0.994697153568268 0.995578348636627 0.995739281177521 0.995799601078033 0.996363937854767 0.997629284858704 0.997285962104797 0.999659419059753 0.999554097652435 0.999244153499603 0.99565577507019 0.996130168437958 0.993427991867065 0.991677820682526 0.994964778423309 0.995665848255157 0.995136201381683 0.993614435195923 0.99340808391571 0.992989063262939
0.935566902160645 0.93720155954361 0.939929902553558 0.951308488845825 0.966149806976318 0.970125377178192 0.977168560028076 0.983013212680817 0.982634603977203 0.98390805721283 0.981782019138336 0.979853510856628 0.977668881416321 0.982352733612061 0.986779808998108 0.989068567752838 0.992979466915131 0.99339485168457 0.992783010005951 0.993029534816742 0.991006135940552 0.993181228637695 0.988283038139343 0.981438994407654 0.977611899375916 0.9919473528862 0.998296082019806 0.999305903911591 0.996837019920349 0.996216654777527 0.996858775615692 0.996254980564117 0.997475743293762 0.997385680675507 0.999523818492889 0.999436616897583 0.996989548206329 0.996304452419281 0.996127724647522 0.995532631874084 0.994295418262482 0.996094822883606 0.995729744434357 0.994607627391815 0.993987560272217 0.991664290428162 0.992517411708832
0.935257852077484 0.951322793960571 0.952354431152344 0.960299432277679 0.968040406703949 0.973422408103943 0.978271067142487 0.983366012573242 0.983261227607727 0.98598325252533 0.987478852272034 0.98447972536087 0.987563788890839 0.986109435558319 0.992377281188965 0.994202792644501 0.995850145816803 0.995856881141663 0.993863761425018 0.995282590389252 0.994899988174438 0.993913650512695 0.992959380149841 0.990276098251343 0.991857349872589 0.996433019638062 0.999252736568451 0.999420821666718 0.996455132961273 0.997014701366425 0.996393620967865 0.996668219566345 0.996961295604706 0.997360408306122 0.997427344322205 0.997116327285767 0.99700927734375 0.996825516223907 0.997036516666412 0.996629476547241 0.996325373649597 0.995651483535767 0.995332300662994 0.994823694229126 0.992822587490082 0.991425693035126 0.993104219436646
0.940255045890808 0.948542594909668 0.952994525432587 0.964827954769135 0.96631520986557 0.974098682403564 0.978308498859406 0.983030200004578 0.983961224555969 0.988870978355408 0.991375267505646 0.990240871906281 0.991198778152466 0.990818440914154 0.994116425514221 0.995803236961365 0.996883451938629 0.99520605802536 0.996481418609619 0.995545208454132 0.996275663375854 0.997204661369324 0.996258437633514 0.99618262052536 0.996643900871277 0.998644351959229 0.999441266059875 0.99952495098114 0.999421954154968 0.997368156909943 0.996303200721741 0.996940433979034 0.997108638286591 0.997743427753448 0.99742728471756 0.997577905654907 0.997062146663666 0.996716797351837 0.997107088565826 0.996436476707458 0.996297419071198 0.995096802711487 0.994658350944519 0.993302524089813 0.992887377738953 0.992476224899292 0.993038654327393
0.935714960098267 0.946047484874725 0.954217731952667 0.959942936897278 0.970309138298035 0.974768221378326 0.97834300994873 0.981906771659851 0.986997187137604 0.988188147544861 0.988744080066681 0.99350768327713 0.99301540851593 0.994413912296295 0.995621085166931 0.996354401111603 0.997315943241119 0.996868014335632 0.996722757816315 0.997169077396393 0.996821999549866 0.9972785115242 0.997831523418427 0.998060643672943 0.998292088508606 0.998953878879547 0.999483704566956 0.999591648578644 0.999478220939636 0.999450623989105 0.997162818908691 0.997066676616669 0.997266113758087 0.997508347034454 0.997491240501404 0.997591614723206 0.997479379177094 0.997038245201111 0.997553646564484 0.997277557849884 0.996673047542572 0.996633350849152 0.994600117206573 0.994900941848755 0.993199288845062 0.992734849452972 0.991933941841125
0.934560775756836 0.938171327114105 0.951922178268433 0.96088844537735 0.967950940132141 0.979578971862793 0.982158184051514 0.987253606319427 0.987798750400543 0.991362452507019 0.991861581802368 0.994111061096191 0.993526339530945 0.992936909198761 0.995074152946472 0.997141718864441 0.997019350528717 0.997600436210632 0.997806131839752 0.9974485039711 0.997726917266846 0.99781721830368 0.998013079166412 0.998774409294128 0.99905252456665 0.999308526515961 0.999572992324829 0.99961531162262 0.999525427818298 0.999559283256531 0.99942934513092 0.999577820301056 0.99754673242569 0.997834205627441 0.997289478778839 0.997525870800018 0.998024463653564 0.997436881065369 0.998124957084656 0.997133374214172 0.996453523635864 0.995551645755768 0.995512545108795 0.994613230228424 0.993798017501831 0.99181079864502 0.992021381855011
0.926072776317596 0.941563904285431 0.952194452285767 0.964167892932892 0.968391954898834 0.974423408508301 0.979873716831207 0.985727369785309 0.987890660762787 0.991207003593445 0.991338193416595 0.993261516094208 0.993131160736084 0.993759632110596 0.994349718093872 0.995321750640869 0.997266530990601 0.997488439083099 0.997845113277435 0.996931970119476 0.997845351696014 0.99867045879364 0.998281717300415 0.998956799507141 0.999272644519806 0.999490439891815 0.999653339385986 0.999691724777222 0.999632716178894 0.999661386013031 0.999622225761414 0.999628663063049 0.997849702835083 0.998111844062805 0.997478425502777 0.997703552246094 0.997845232486725 0.997589707374573 0.997464060783386 0.997552871704102 0.99646931886673 0.996748268604279 0.99577921628952 0.995388746261597 0.992408037185669 0.993322491645813 0.991015434265137
0.927047908306122 0.929641485214233 0.940208077430725 0.955709218978882 0.970212757587433 0.973180115222931 0.980684220790863 0.985663294792175 0.990171253681183 0.990549206733704 0.989392459392548 0.990972816944122 0.992515623569489 0.993914425373077 0.994038462638855 0.995502233505249 0.996502161026001 0.997275352478027 0.997897624969482 0.997402966022491 0.998380839824677 0.998654782772064 0.998755753040314 0.999105155467987 0.999478578567505 0.999609410762787 0.999600172042847 0.999668180942535 0.999668896198273 0.999689221382141 0.999635577201843 0.999669134616852 0.999642014503479 0.99830287694931 0.997652411460876 0.997458934783936 0.997363448143005 0.997101008892059 0.996666967868805 0.996517717838287 0.995981931686401 0.995673060417175 0.994488537311554 0.993901491165161 0.992751002311707 0.990009903907776 0.991340160369873
0.92112785577774 0.93357253074646 0.947474122047424 0.949912130832672 0.962823152542114 0.975981652736664 0.97912585735321 0.985148727893829 0.988852143287659 0.9900883436203 0.990684568881989 0.989384412765503 0.991451263427734 0.994172275066376 0.9941486120224 0.995541572570801 0.996153116226196 0.997209668159485 0.997181355953217 0.99795264005661 0.998279452323914 0.998696744441986 0.998797357082367 0.999119281768799 0.999535441398621 0.999623417854309 0.999714374542236 0.999751150608063 0.999697983264923 0.999706327915192 0.999685108661652 0.999710619449615 0.999723017215729 0.998224258422852 0.997583568096161 0.997071981430054 0.997056365013123 0.996283650398254 0.99629670381546 0.994390606880188 0.995366930961609 0.994261741638184 0.993710935115814 0.991255044937134 0.99030864238739 0.991797566413879 0.988509833812714
0.922532141208649 0.923078060150146 0.936835765838623 0.953520357608795 0.959617018699646 0.970580160617828 0.976901650428772 0.985373675823212 0.988718211650848 0.990022480487823 0.988979876041412 0.990339875221252 0.991500735282898 0.991479575634003 0.993744313716888 0.994726598262787 0.996431767940521 0.996497869491577 0.997206449508667 0.997700035572052 0.998200714588165 0.998859822750092 0.99863338470459 0.999290764331818 0.999569416046143 0.999620854854584 0.999707221984863 0.999720096588135 0.999768972396851 0.999670326709747 0.999701797962189 0.999694228172302 0.999712347984314 0.999727189540863 0.997504711151123 0.997709453105927 0.996601045131683 0.996305286884308 0.995670139789581 0.995577871799469 0.995072305202484 0.993433952331543 0.991065561771393 0.990409672260284 0.988539278507233 0.988218605518341 0.98791378736496
