data/climate_estimation/maxent_output/Alstroemeria_speciosa.asc
NCOLS 62 
NROWS 26 
XLLCORNER -48.0833333333333 
YLLCORNER -24.5833333333333 
CELLSIZE 0.0833333333333333 
NODATA_value -3.4e+38 
[rows 0 to 23 of 26, columns 0 to 52 of 62]
0.575438797473907 0.588281333446503 0.544598400592804 0.539888262748718 0.49207466840744 0.477507084608078 0.489921987056732 0.50746488571167 0.513429403305054 0.50011157989502 0.505832016468048 0.517435610294342 0.52599573135376 0.528171539306641 0.540947556495667 0.543384850025177 0.573920845985413 0.636430561542511 0.630710005760193 0.625653922557831 0.705814123153687 0.745251953601837 0.772908806800842 0.746032774448395 0.644559502601624 0.594191551208496 0.611105442047119 0.579161524772644 0.625417590141296 0.60395222902298 0.601589918136597 0.617629110813141 0.679719507694244 0.789936482906342 0.809972405433655 0.804012417793274 0.784631252288818 0.728485405445099 0.833836793899536 0.72841203212738 0.606499671936035 0.643610656261444 0.512303709983826 0.471116244792938 0.473300129175186 0.482211053371429 0.48837822675705 0.489667862653732 0.48262146115303 0.485063403844833 0.502970695495605 0.511821746826172 0.547302722930908
0.519136965274811 0.520883738994598 0.489830166101456 0.48308390378952 0.481919348239899 0.483741402626038 0.489733427762985 0.49805736541748 0.49177810549736 0.496685177087784 0.502400040626526 0.507385492324829 0.511462390422821 0.527221202850342 0.553345561027527 0.560744524002075 0.618794500827789 0.595914363861084 0.604979276657104 0.672518789768219 0.730290591716766 0.766746699810028 0.800032734870911 0.73557436466217 0.619134366512299 0.664289712905884 0.625121712684631 0.629043638706207 0.668691277503967 0.677878558635712 0.71155720949173 0.712598323822021 0.728893101215363 0.78213495016098 0.787023365497589 0.699888229370117 0.572843790054321 0.547438621520996 0.542266607284546 0.545449614524841 0.544896245002747 0.52878874540329 0.511725664138794 0.50532478094101 0.504100143909454 0.499663770198822 0.489503264427185 0.487412929534912 0.490209311246872 0.49398198723793 0.50992077589035 0.523120164871216 0.561893880367279
0.473416447639465 0.473473876714706 0.469565570354462 0.470309913158417 0.470695018768311 0.483950525522232 0.487530440092087 0.486923545598984 0.484612733125687 0.488163769245148 0.497462242841721 0.509144425392151 0.516133427619934 0.534726202487946 0.56555563211441 0.592310130596161 0.648023009300232 0.645408451557159 0.63582307100296 0.681988120079041 0.733185470104218 0.776028335094452 0.793238937854767 0.712400853633881 0.637239336967468 0.73950606584549 0.733350157737732 0.679373681545258 0.721673250198364 0.786296963691711 0.801154911518097 0.790521740913391 0.872028708457947 0.792982459068298 0.614048600196838 0.534972548484802 0.525108754634857 0.539858818054199 0.547976493835449 0.566313207149506 0.562913417816162 0.54667866230011 0.535630643367767 0.521708905696869 0.505647122859955 0.502325296401978 0.502498030662537 0.50919109582901 0.501287579536438 0.505506873130798 0.509381949901581 0.522767186164856 0.501648485660553
0.481449693441391 0.473222851753235 0.469315618276596 0.459768652915955 0.461444705724716 0.47534704208374 0.478159517049789 0.483376830816269 0.485400706529617 0.487411022186279 0.500760316848755 0.507058382034302 0.517297685146332 0.540240287780762 0.571378648281097 0.602090299129486 0.622668981552124 0.646588444709778 0.654481947422028 0.687799036502838 0.724987506866455 0.773607075214386 0.704639554023743 0.714816033840179 0.770910978317261 0.852657854557037 0.850302398204803 0.755557000637054 0.705767214298248 0.835864186286926 0.84086287021637 0.871731340885162 0.813913464546204 0.595968127250671 0.519817769527435 0.50774610042572 0.524215281009674 0.552051603794098 0.566823303699493 0.649962186813354 0.716035306453705 0.767101347446442 0.728911161422729 0.643683016300201 0.554500579833984 0.548333764076233 0.602056086063385 0.521247386932373 0.509603202342987 0.51853734254837 0.506138980388641 0.485159695148468 0.484073042869568
0.472610145807266 0.472611308097839 0.472971886396408 0.470210641622543 0.468184977769852 0.485428512096405 0.489388465881348 0.493917495012283 0.493692696094513 0.500766515731812 0.506681680679321 0.513674676418304 0.529224216938019 0.553893625736237 0.584942817687988 0.63296365737915 0.634624361991882 0.644937574863434 0.664580941200256 0.695582866668701 0.721251547336578 0.677140474319458 0.68199235200882 0.743171453475952 0.812258005142212 0.843022048473358 0.83736115694046 0.758166968822479 0.733097791671753 0.811554551124573 0.815254688262939 0.651461184024811 0.563469886779785 0.512005984783173 0.499390006065369 0.529105007648468 0.557422995567322 0.62252551317215 0.648168385028839 0.796415209770203 0.827801942825317 0.807891547679901 0.740550994873047 0.768913209438324 0.73242062330246 0.710594892501831 0.585681736469269 0.547970771789551 0.527737855911255 0.51218718290329 0.53398334980011 0.484892100095749 0.462330132722855
0.470534026622772 0.457596093416214 0.464171051979065 0.465310961008072 0.477776318788528 0.491552412509918 0.495004504919052 0.499561280012131 0.496501445770264 0.509718716144562 0.522929906845093 0.52256578207016 0.536213934421539 0.5535888671875 0.601402640342712 0.609378278255463 0.617723107337952 0.630886971950531 0.635966658592224 0.646165251731873 0.677960872650146 0.70624190568924 0.73265129327774 0.793108284473419 0.848757028579712 0.792443096637726 0.788533568382263 0.728762447834015 0.78324019908905 0.662382662296295 0.570679128170013 0.523561477661133 0.511039555072784 0.519743919372559 0.54057115316391 0.578447997570038 0.657225847244263 0.640444159507751 0.638498902320862 0.676040053367615 0.772790551185608 0.672060072422028 0.720637023448944 0.666908323764801 0.611331939697266 0.579562246799469 0.597635507583618 0.648177206516266 0.54033499956131 0.559737622737885 0.516170918941498 0.473637938499451 0.470432311296463
0.469914197921753 0.466358482837677 0.462480574846268 0.459788650274277 0.47010537981987 0.484340786933899 0.49230694770813 0.494604587554932 0.502224624156952 0.510135233402252 0.516890823841095 0.532662749290466 0.540850281715393 0.56947535276413 0.583585143089294 0.612154841423035 0.617479741573334 0.637574791908264 0.642641007900238 0.645500481128693 0.653886556625366 0.680983781814575 0.687215328216553 0.760980308055878 0.726495444774628 0.648071348667145 0.650257706642151 0.677140355110168 0.657710671424866 0.537872433662415 0.520355224609375 0.518010437488556 0.545076608657837 0.586934745311737 0.639870405197144 0.650166094303131 0.625238180160522 0.619810938835144 0.634175062179565 0.702300488948822 0.711491703987122 0.593659102916718 0.56347131729126 0.570212721824646 0.571807265281677 0.556186974048615 0.594000518321991 0.543805122375488 0.53380161523819 0.510494351387024 0.495229542255402 0.474556624889374 0.478698939085007
0.484477192163467 0.478626579046249 0.483170300722122 0.467316925525665 0.480887681245804 0.485050737857819 0.494547963142395 0.502215027809143 0.505632638931274 0.524981737136841 0.534622728824615 0.539296746253967 0.545770823955536 0.568253636360168 0.590161502361298 0.607859492301941 0.615825772285461 0.629431307315826 0.637328267097473 0.639386177062988 0.647733330726624 0.66537207365036 0.678932845592499 0.637584090232849 0.59812319278717 0.603675663471222 0.59380042552948 0.5944744348526 0.530682981014252 0.529659986495972 0.529580473899841 0.540206551551819 0.632327616214752 0.698453605175018 0.668773412704468 0.618192136287689 0.617889821529388 0.620865941047668 0.66298109292984 0.742410719394684 0.631516516208649 0.587402105331421 0.571320533752441 0.5678471326828 0.569173991680145 0.575335919857025 0.54300183057785 0.536957085132599 0.527526676654816 0.511107504367828 0.494696348905563 0.480270236730576 0.468282341957092
0.491448611021042 0.492026805877686 0.493744403123856 0.492597967386246 0.485385596752167 0.49244025349617 0.506791234016418 0.514886438846588 0.522316992282867 0.534272789955139 0.542959153652191 0.557914674282074 0.560057640075684 0.563852488994598 0.579698264598846 0.608424305915833 0.618838310241699 0.621501207351685 0.635918617248535 0.620670139789581 0.652764499187469 0.662097454071045 0.634066045284271 0.587617993354797 0.582974255084991 0.560095071792603 0.541033565998077 0.534726679325104 0.530778765678406 0.56444901227951 0.558792531490326 0.554341733455658 0.605739772319794 0.640318512916565 0.623834908008575 0.63911759853363 0.653618454933167 0.689678192138672 0.748564779758453 0.712239623069763 0.616586029529572 -3.4e+38 -3.4e+38 -3.4e+38 0.552625596523285 0.539948105812073 0.550829529762268 0.522125065326691 0.512136518955231 0.508264362812042 -3.4e+38 -3.4e+38 -3.4e+38
0.507308423519135 0.509418308734894 0.507308423519135 0.503058969974518 0.50864565372467 0.508090674877167 0.517045140266418 0.524477303028107 0.540631771087646 0.554937481880188 0.568571090698242 0.579878211021423 0.585134983062744 0.605515658855438 0.591387331485748 0.603189170360565 0.623875796794891 0.634893000125885 0.693711996078491 0.652125895023346 0.626300990581512 0.643962383270264 0.590569734573364 0.577332615852356 0.568462550640106 0.553333878517151 0.550508379936218 0.551902651786804 0.582475364208221 0.635233640670776 0.6386479139328 0.597758650779724 0.619533598423004 0.637685596942902 0.691572070121765 0.766029000282288 0.780103921890259 0.756080865859985 0.778221487998962 0.654898703098297 0.628943860530853 0.606992959976196 0.598548829555511 -3.4e+38 0.550411641597748 0.53056275844574 0.529175698757172 0.506829798221588 -3.4e+38 -3.4e+38 -3.4e+38 -3.4e+38 -3.4e+38
0.520487189292908 0.517752528190613 0.517157196998596 0.509387314319611 0.519641518592834 0.534552395343781 0.538352251052856 0.5481036901474 0.558890163898468 0.576726734638214 0.587232887744904 0.588232815265656 0.63246876001358 0.644107341766357 0.612021028995514 0.622613787651062 0.621663093566895 0.651726901531219 0.645899832248688 0.652142643928528 0.667929768562317 0.587728798389435 0.575226366519928 0.587944746017456 0.565251708030701 0.561067283153534 0.569595158100128 0.581614553928375 0.605483293533325 0.653689384460449 0.625577807426453 0.629836797714233 0.67620986700058 0.716535270214081 0.741968870162964 0.76894623041153 0.744393527507782 0.691445410251617 0.678659439086914 0.659538984298706 0.63232833147049 0.617458164691925 0.596131026744843 -3.4e+38 -3.4e+38 -3.4e+38 -3.4e+38 -3.4e+38 -3.4e+38 -3.4e+38 -3.4e+38 -3.4e+38 -3.4e+38
0.530034124851227 0.524361491203308 0.526081562042236 0.515379190444946 0.523172497749329 0.533418715000153 0.545473396778107 0.563424646854401 0.580111861228943 0.586892545223236 0.600780129432678 0.600447416305542 0.60567319393158 0.610702395439148 0.617176175117493 0.618566036224365 0.634833633899689 0.653759360313416 0.658659815788269 0.643830537796021 0.613690972328186 0.605283915996552 0.593429148197174 0.593707740306854 0.589076340198517 0.59329354763031 0.596283376216888 0.609589278697968 0.607610881328583 0.614705264568329 0.649047911167145 0.658823490142822 0.692017555236816 0.726271092891693 0.743456482887268 0.732164740562439 0.704808533191681 0.681700646877289 0.644843459129333 0.653848052024841 0.639558017253876 0.609335541725159 0.595805108547211 -3.4e+38 -3.4e+38 -3.4e+38 -3.4e+38 -3.4e+38 -3.4e+38 -3.4e+38 -3.4e+38 -3.4e+38 -3.4e+38
0.54224693775177 0.530421733856201 0.533961594104767 0.526082396507263 0.535713672637939 0.567121148109436 0.561169803142548 0.569246470928192 0.58816796541214 0.606929004192352 0.622852206230164 0.619304180145264 0.631453692913055 0.645650744438171 0.632039606571198 0.629367470741272 0.634603440761566 0.641133189201355 0.623684644699097 0.623294234275818 0.629970371723175 0.629171013832092 0.653623998165131 0.668504178524017 0.663533210754395 0.662472248077393 0.695243060588837 0.692006945610046 0.67795991897583 0.67073917388916 0.670954525470734 0.688349187374115 0.701409101486206 0.730726778507233 0.729447484016418 0.676197111606598 0.65905886888504 -3.4e+38 0.633344531059265 -3.4e+38 -3.4e+38 -3.4e+38 -3.4e+38 -3.4e+38 -3.4e+38 -3.4e+38 -3.4e+38 -3.4e+38 -3.4e+38 -3.4e+38 -3.4e+38 -3.4e+38 -3.4e+38
0.555969595909119 0.553752660751343 0.542247772216797 0.539275646209717 0.548128545284271 0.559708416461945 0.569539189338684 0.578271746635437 0.622572958469391 0.645923852920532 0.652387380599976 0.674085915088654 0.681567072868347 0.665902554988861 0.653280675411224 0.635954856872559 0.629409432411194 0.61955714225769 0.625427484512329 0.638518691062927 0.657118320465088 0.677242159843445 0.700976967811584 0.735628843307495 0.750942826271057 0.748575210571289 0.757681369781494 0.798871040344238 0.817497193813324 0.772054672241211 0.731762409210205 0.738252222537994 0.737969934940338 0.667303144931793 0.637286424636841 0.630967676639557 0.633316159248352 -3.4e+38 -3.4e+38 -3.4e+38 -3.4e+38 -3.4e+38 -3.4e+38 -3.4e+38 -3.4e+38 -3.4e+38 -3.4e+38 -3.4e+38 -3.4e+38 -3.4e+38 -3.4e+38 -3.4e+38 -3.4e+38
0.552047908306122 0.551794826984406 0.555155873298645 0.548186123371124 0.558323442935944 0.555325329303741 0.577549278736115 0.619096398353577 0.65994393825531 0.674961507320404 0.695705831050873 0.714114546775818 0.72401624917984 0.716098427772522 0.690158128738403 0.66747111082077 0.649597823619843 0.634246051311493 0.641174376010895 0.683223307132721 0.735968291759491 0.758274137973785 0.790844440460205 0.818818747997284 0.82762336730957 0.829272210597992 0.857819497585297 0.863103210926056 0.865123748779297 0.822923064231873 0.719515800476074 0.608057022094727 0.602925598621368 0.587279975414276 -3.4e+38 -3.4e+38 -3.4e+38 -3.4e+38 -3.4e+38 -3.4e+38 -3.4e+38 -3.4e+38 -3.4e+38 -3.4e+38 -3.4e+38 -3.4e+38 -3.4e+38 -3.4e+38 -3.4e+38 -3.4e+38 -3.4e+38 -3.4e+38 -3.4e+38
0.556066632270813 0.561011612415314 0.566791892051697 0.571972191333771 0.571405708789825 0.586083173751831 0.625865757465363 0.664301931858063 0.6951664686203 0.71391487121582 0.727238595485687 0.759927749633789 0.774200856685638 0.754718899726868 0.730706751346588 0.700835525989532 0.698264956474304 0.7073774933815 0.719694077968597 0.771822929382324 0.821727693080902 0.859339535236359 0.875378787517548 0.894518554210663 0.873065650463104 0.837049424648285 0.752388596534729 0.772902131080627 0.79571408033371 0.785814106464386 0.704561829566956 0.569855093955994 0.544449150562286 0.601693034172058 -3.4e+38 -3.4e+38 -3.4e+38 -3.4e+38 -3.4e+38 -3.4e+38 -3.4e+38 -3.4e+38 -3.4e+38 -3.4e+38 -3.4e+38 -3.4e+38 -3.4e+38 -3.4e+38 -3.4e+38 -3.4e+38 -3.4e+38 -3.4e+38 -3.4e+38
0.567691326141357 0.580112636089325 0.585558116436005 0.596664845943451 0.609449148178101 0.63996559381485 0.679315090179443 0.719423651695251 0.736713647842407 0.747228384017944 0.768748223781586 0.785971462726593 0.810137987136841 0.805378794670105 0.75900799036026 0.754439949989319 0.761694014072418 0.789836704730988 0.82687520980835 0.861136078834534 0.86276638507843 0.896142661571503 0.917205452919006 0.80609005689621 0.730627536773682 0.704268276691437 0.687493860721588 0.661289393901825 0.65929639339447 0.647765576839447 0.714951634407043 0.751247465610504 0.575153708457947 0.774198830127716 0.595699608325958 0.609359085559845 -3.4e+38 -3.4e+38 -3.4e+38 -3.4e+38 -3.4e+38 -3.4e+38 -3.4e+38 -3.4e+38 -3.4e+38 -3.4e+38 -3.4e+38 -3.4e+38 -3.4e+38 -3.4e+38 -3.4e+38 -3.4e+38 -3.4e+38
0.56317275762558 0.577557921409607 0.599970877170563 0.616457045078278 0.651240766048431 0.6878702044487 0.711708962917328 0.728874385356903 0.749043941497803 0.744785070419312 0.747771680355072 0.762763500213623 0.807023644447327 0.818676888942719 0.803190410137177 0.804939329624176 0.824008405208588 0.860830545425415 0.888755321502686 0.792599558830261 0.720252394676208 0.779728353023529 0.804064929485321 0.731483817100525 -3.4e+38 -3.4e+38 -3.4e+38 -3.4e+38 -3.4e+38 -3.4e+38 0.570935249328613 0.707555770874023 0.79687374830246 0.697998940944672 0.611977517604828 -3.4e+38 -3.4e+38 -3.4e+38 -3.4e+38 -3.4e+38 -3.4e+38 -3.4e+38 -3.4e+38 -3.4e+38 -3.4e+38 -3.4e+38 -3.4e+38 -3.4e+38 -3.4e+38 -3.4e+38 -3.4e+38 -3.4e+38 -3.4e+38
0.564068555831909 0.589953780174255 0.617947041988373 0.645658731460571 0.693194925785065 0.715796887874603 0.730426549911499 0.726967632770538 0.719788134098053 0.738026201725006 0.7355677485466 0.761665046215057 0.779591202735901 0.810171961784363 0.827979981899261 0.840547382831573 0.864667654037476 0.872116565704346 0.835293591022491 0.704668760299683 0.699482440948486 0.697019636631012 0.70995682477951 -3.4e+38 -3.4e+38 -3.4e+38 -3.4e+38 -3.4e+38 -3.4e+38 -3.4e+38 -3.4e+38 0.758500814437866 0.737971305847168 0.702302038669586 0.663236320018768 -3.4e+38 -3.4e+38 -3.4e+38 -3.4e+38 -3.4e+38 -3.4e+38 -3.4e+38 -3.4e+38 -3.4e+38 -3.4e+38 -3.4e+38 -3.4e+38 -3.4e+38 -3.4e+38 -3.4e+38 -3.4e+38 -3.4e+38 -3.4e+38
0.581359803676605 0.601577877998352 0.628239274024963 0.604707837104797 0.625491201877594 0.657689571380615 0.718926727771759 0.640527069568634 0.68087899684906 0.716832756996155 0.731211066246033 0.762163579463959 0.789403915405273 0.80717271566391 0.793271601200104 0.706551074981689 0.705036163330078 0.786954343318939 0.714409947395325 0.703159868717194 0.71159428358078 0.733790874481201 0.711120843887329 -3.4e+38 -3.4e+38 -3.4e+38 -3.4e+38 -3.4e+38 -3.4e+38 -3.4e+38 -3.4e+38 -3.4e+38 -3.4e+38 -3.4e+38 -3.4e+38 -3.4e+38 -3.4e+38 -3.4e+38 -3.4e+38 -3.4e+38 -3.4e+38 -3.4e+38 -3.4e+38 -3.4e+38 -3.4e+38 -3.4e+38 -3.4e+38 -3.4e+38 -3.4e+38 -3.4e+38 -3.4e+38 -3.4e+38 -3.4e+38
0.608920931816101 0.603356778621674 0.589863538742065 0.571107625961304 0.546911418437958 0.525651872158051 0.577422440052032 0.687988460063934 0.657728374004364 0.594647824764252 0.589275419712067 0.659121870994568 0.706079840660095 0.622992753982544 0.594499230384827 0.608372211456299 0.642921686172485 0.685491919517517 -3.4e+38 -3.4e+38 -3.4e+38 -3.4e+38 -3.4e+38 -3.4e+38 -3.4e+38 -3.4e+38 -3.4e+38 -3.4e+38 0.685678660869598 -3.4e+38 -3.4e+38 -3.4e+38 -3.4e+38 -3.4e+38 -3.4e+38 -3.4e+38 -3.4e+38 -3.4e+38 -3.4e+38 -3.4e+38 -3.4e+38 -3.4e+38 -3.4e+38 -3.4e+38 -3.4e+38 -3.4e+38 -3.4e+38 -3.4e+38 -3.4e+38 -3.4e+38 -3.4e+38 -3.4e+38 -3.4e+38
0.527382254600525 0.53399932384491 0.5093052983284 0.517578125 0.535423934459686 0.513137638568878 0.550924122333527 0.554485738277435 0.522736191749573 0.545192658901215 0.64027351140976 0.669151246547699 0.642666697502136 0.573690235614777 0.578350365161896 0.584053575992584 0.632137298583984 -3.4e+38 -3.4e+38 -3.4e+38 -3.4e+38 -3.4e+38 -3.4e+38 -3.4e+38 -3.4e+38 -3.4e+38 -3.4e+38 -3.4e+38 -3.4e+38 -3.4e+38 -3.4e+38 -3.4e+38 -3.4e+38 -3.4e+38 -3.4e+38 -3.4e+38 -3.4e+38 -3.4e+38 -3.4e+38 -3.4e+38 -3.4e+38 -3.4e+38 -3.4e+38 -3.4e+38 -3.4e+38 -3.4e+38 -3.4e+38 -3.4e+38 -3.4e+38 -3.4e+38 -3.4e+38 -3.4e+38 -3.4e+38
0.478624850511551 0.48573237657547 0.490059167146683 0.501430630683899 0.509240508079529 0.511315286159515 0.511812210083008 0.549787700176239 0.595556259155273 0.579279363155365 0.584190726280212 0.60429322719574 0.585752785205841 0.573324143886566 0.573555529117584 -3.4e+38 -3.4e+38 -3.4e+38 -3.4e+38 -3.4e+38 -3.4e+38 -3.4e+38 -3.4e+38 -3.4e+38 -3.4e+38 -3.4e+38 -3.4e+38 -3.4e+38 -3.4e+38 -3.4e+38 -3.4e+38 -3.4e+38 -3.4e+38 -3.4e+38 -3.4e+38 -3.4e+38 -3.4e+38 -3.4e+38 -3.4e+38 -3.4e+38 -3.4e+38 -3.4e+38 -3.4e+38 -3.4e+38 -3.4e+38 -3.4e+38 -3.4e+38 -3.4e+38 -3.4e+38 -3.4e+38 -3.4e+38 -3.4e+38 -3.4e+38
0.452580362558365 0.47290426492691 0.479651480913162 0.49568709731102 0.511374771595001 0.534949123859406 0.575250446796417 0.607354938983917 0.637486755847931 0.736731171607971 0.740420639514923 0.713521063327789 0.64461225271225 0.576398015022278 -3.4e+38 -3.4e+38 -3.4e+38 -3.4e+38 -3.4e+38 -3.4e+38 -3.4e+38 -3.4e+38 -3.4e+38 -3.4e+38 -3.4e+38 -3.4e+38 -3.4e+38 -3.4e+38 -3.4e+38 -3.4e+38 -3.4e+38 -3.4e+38 -3.4e+38 -3.4e+38 -3.4e+38 -3.4e+38 -3.4e+38 -3.4e+38 -3.4e+38 -3.4e+38 -3.4e+38 -3.4e+38 -3.4e+38 -3.4e+38 -3.4e+38 -3.4e+38 -3.4e+38 -3.4e+38 -3.4e+38 -3.4e+38 -3.4e+38 -3.4e+38 -3.4e+38
