data/climate_estimation/maxent_output/Alstroemeria_punctata.asc
NCOLS 63 
NROWS 26 
XLLCORNER -51.5 
YLLCORNER -16.0833333333333 
CELLSIZE 0.0833333333333333 
NODATA_value -3.4e+38 
[rows 0 to 19 of 26, columns 0 to 43 of 63]
0.579455196857452 0.587054908275604 0.584178984165192 0.598913908004761 0.597909450531006 0.620786786079407 0.63159590959549 0.630382776260376 0.641227602958679 0.620103001594543 0.61687034368515 0.60726010799408 0.620817542076111 0.626965224742889 0.623456537723541 0.631583154201508 0.626485288143158 0.683534324169159 0.68035763502121 0.685870885848999 0.731076836585999 0.752824366092682 0.748476982116699 0.763822734355927 0.778103053569794 0.785856068134308 0.794744491577148 0.793725490570068 0.744645118713379 0.771457254886627 0.797147154808044 0.833645105361938 0.863253355026245 0.849205136299133 0.84350323677063 0.833782315254211 0.810401856899261 0.795079946517944 0.787381649017334 0.816860020160675 0.832483410835266 0.767174780368805 0.76194703578949 0.766549706459045
0.563961386680603 0.581028938293457 0.588129758834839 0.600056886672974 0.605748474597931 0.601379156112671 0.620423972606659 0.589627325534821 0.600958704948425 0.631649911403656 0.611813068389893 0.615252196788788 0.615020573139191 0.630989253520966 0.632546663284302 0.631993234157562 0.675035834312439 0.677383601665497 0.7333824634552 0.733992993831635 0.744476854801178 0.736352384090424 0.759902000427246 0.768719851970673 0.781868875026703 0.761757373809814 0.765446484088898 0.798525750637054 0.813907861709595 0.819644689559937 0.834848999977112 0.84027111530304 0.829626321792603 0.83059823513031 0.845117747783661 0.813369989395142 0.795734882354736 0.816458880901337 0.781585037708282 0.787564277648926 0.810149431228638 0.78173416852951 0.780716478824615 0.760887384414673
0.572316110134125 0.573312699794769 0.59652316570282 0.591386198997498 0.603154182434082 0.610099077224731 0.566373467445374 0.587615728378296 0.594908475875854 0.606350362300873 0.60696005821228 0.617816388607025 0.612997710704803 0.617623209953308 0.623564898967743 0.679496049880981 0.673327565193176 0.731699883937836 0.741405844688416 0.733867406845093 0.730082392692566 0.754539608955383 0.749337077140808 0.752455353736877 0.758722007274628 0.796647429466248 0.808521687984467 0.803514540195465 0.818914115428925 0.815516173839569 0.838261067867279 0.844179093837738 0.840088546276093 0.838013529777527 0.816459238529205 0.801744759082794 0.815690338611603 0.825815141201019 0.778673470020294 0.778066396713257 0.795636832714081 0.816453456878662 0.7823406457901 0.796074867248535
0.570317149162292 0.57638818025589 0.586456775665283 0.590717852115631 0.607463896274567 0.574759006500244 0.578173398971558 0.591678440570831 0.624014496803284 0.649536192417145 0.64964085817337 0.657496213912964 0.662413716316223 0.666078150272369 0.669908761978149 0.680231273174286 0.72249174118042 0.728554248809814 0.78838449716568 0.786932647228241 0.77721107006073 0.754269123077393 0.762429237365723 0.796235799789429 0.793884694576263 0.805058062076569 0.808757722377777 0.829419732093811 0.847263813018799 0.856674015522003 0.843356013298035 0.832525074481964 0.834119379520416 0.831678986549377 0.828330814838409 0.808271884918213 0.844286262989044 0.84866851568222 0.774529337882996 0.784259796142578 0.80126690864563 0.813006997108459 0.829302251338959 0.832265138626099
0.569852113723755 0.581400692462921 0.58347749710083 0.593773245811462 0.598682522773743 0.584553003311157 0.586935579776764 0.595973134040833 0.640555441379547 0.654422402381897 0.651192784309387 0.661743640899658 0.667794704437256 0.672256946563721 0.666816592216492 0.716441750526428 0.726014852523804 0.778130412101746 0.779658734798431 0.77824991941452 0.783507108688354 0.78866571187973 0.804046750068665 0.795712292194366 0.796097099781036 0.811542272567749 0.822301924228668 0.836501240730286 0.84042489528656 0.873162806034088 0.867665231227875 0.834797561168671 0.854338824748993 0.849585175514221 0.85345584154129 0.849663555622101 0.857153713703156 0.822851181030273 0.786771595478058 0.775452733039856 0.799373745918274 0.811941683292389 0.824170887470245 0.825596988201141
0.556443154811859 0.580769121646881 0.590349495410919 0.602179110050201 0.603728234767914 0.578428506851196 0.59072470664978 0.58935821056366 0.64031594991684 0.646296739578247 0.653986752033234 0.662548899650574 0.674676299095154 0.676245093345642 0.716599583625793 0.720232129096985 0.777079939842224 0.786592125892639 0.815170466899872 0.776161968708038 0.782326519489288 0.79571545124054 0.787924706935883 0.803496599197388 0.819117248058319 0.821437418460846 0.858871459960938 0.861154615879059 0.880087018013 0.867375612258911 0.865794062614441 0.875266373157501 0.847482204437256 0.861694037914276 0.829703629016876 0.870208203792572 0.836876213550568 0.84278404712677 0.8024662733078 0.771653831005096 0.778794825077057 0.836410820484161 0.847069919109344 0.843459248542786
0.569257855415344 0.578296840190887 0.592397511005402 0.597674071788788 0.61758029460907 0.610330104827881 0.567929923534393 0.584097981452942 0.603643715381622 0.658733487129211 0.652844965457916 0.661670446395874 0.667125523090363 0.732864737510681 0.708052039146423 0.764405369758606 0.768266439437866 0.817993998527527 0.817508041858673 0.823517322540283 0.790377616882324 0.783160924911499 0.805200636386871 0.811705470085144 0.840260744094849 0.853527843952179 0.887697696685791 0.883051097393036 0.875798583030701 0.862032830715179 0.870544850826263 0.876740217208862 0.857817649841309 0.835989415645599 0.834678411483765 0.831103086471558 0.817491888999939 0.821442902088165 0.803877949714661 0.794881522655487 0.783159136772156 0.788468182086945 0.817386150360107 0.864889204502106
0.568293869495392 0.595254302024841 0.59696626663208 0.598513543605804 0.609824657440186 0.61639803647995 0.618155121803284 0.5893195271492 0.595408260822296 0.622502386569977 0.668229937553406 0.670479118824005 0.673033714294434 0.719391107559204 0.728387534618378 0.760053038597107 0.780081987380981 0.825781106948853 0.835928857326508 0.829069375991821 0.792414665222168 0.812197208404541 0.817222774028778 0.815479755401611 0.820180892944336 0.8504998087883 0.870605111122131 0.876053035259247 0.872140288352966 0.864524602890015 0.861727654933929 0.853304445743561 0.866768956184387 0.826362907886505 0.841601848602295 0.824088394641876 0.810536444187164 0.804152607917786 0.822288453578949 0.823466956615448 0.791260898113251 0.811042129993439 0.844768762588501 0.86287260055542
0.573160707950592 0.593777775764465 0.586468875408173 0.6059530377388 0.607367932796478 0.608848810195923 0.619939744472504 0.587979257106781 0.595373511314392 0.630807936191559 0.625181615352631 0.679969251155853 0.684852838516235 0.693780958652496 0.722011268138885 0.717099249362946 0.793424427509308 0.813469886779785 0.814472317695618 0.778317034244537 0.800303936004639 0.814331114292145 0.808671832084656 0.794171214103699 0.828547358512878 0.826287746429443 0.846273422241211 0.859807133674622 0.867288947105408 0.853115737438202 0.86262571811676 0.849577784538269 0.846871435642242 0.801286339759827 0.798162698745728 0.811108708381653 0.817992389202118 0.821005702018738 0.803537905216217 0.808345258235931 0.799576044082642 0.850490629673004 0.867244958877563 0.866435408592224
0.572660624980927 0.576232433319092 0.604472875595093 0.600673854351044 0.620180070400238 0.604877352714539 0.628278136253357 0.632909834384918 0.614935040473938 0.618319272994995 0.635172784328461 0.641326129436493 0.675192594528198 0.691960632801056 0.732295274734497 0.740318775177002 0.744140982627869 0.802435338497162 0.808358788490295 0.800712466239929 0.761690616607666 0.786981463432312 0.788598537445068 0.794030010700226 0.819885551929474 0.825893044471741 0.831858694553375 0.858933866024017 0.838668823242188 0.831728160381317 0.831421792507172 0.79449588060379 0.787175059318542 0.755509972572327 0.764190971851349 0.769156336784363 0.783127427101135 0.839215993881226 0.823511600494385 0.794447064399719 0.81123012304306 0.848081290721893 0.859305560588837 0.867962002754211
0.566702306270599 0.583286702632904 0.607877671718597 0.595197379589081 0.610134482383728 0.629566133022308 0.624131977558136 0.632005572319031 0.608301937580109 0.622545957565308 0.622694194316864 0.652537405490875 0.651657223701477 0.695388317108154 0.688868165016174 0.751991450786591 0.761237502098083 0.785991907119751 0.769200682640076 0.765537858009338 0.776351273059845 0.780011057853699 0.818147778511047 0.844914793968201 0.822926580905914 0.781778752803802 0.816630601882935 0.804316997528076 0.8005690574646 0.799113750457764 0.82747220993042 0.811716616153717 0.775404989719391 0.767237305641174 0.721863269805908 0.748471677303314 0.794039964675903 0.784980595111847 0.822680711746216 0.851224541664124 0.842622339725494 0.864080667495728 0.855024456977844 0.850937724113464
0.569532990455627 0.578270792961121 0.610273480415344 0.610172927379608 0.609868168830872 0.617488265037537 0.620152771472931 0.634641885757446 0.651594221591949 0.643856167793274 0.650916039943695 0.642490267753601 0.65617960691452 0.682299196720123 0.702458381652832 0.712232768535614 0.738549530506134 0.74509459733963 0.743207693099976 0.716696679592133 0.755752801895142 0.725604176521301 0.746943473815918 0.781390309333801 0.764442920684814 0.792046368122101 0.774880886077881 0.77171915769577 0.771090924739838 0.791426360607147 0.752614140510559 0.745721518993378 0.762846350669861 0.779462218284607 0.7852503657341 0.736044526100159 0.815007328987122 0.80852073431015 0.82716828584671 0.854612946510315 0.874713957309723 0.859357595443726 0.858213245868683 0.849026799201965
0.562518417835236 0.568770587444305 0.590899527072906 0.598691046237946 0.609833300113678 0.624538421630859 0.63176965713501 0.639713168144226 0.651397585868835 0.65612930059433 0.627424836158752 0.644680500030518 0.642799496650696 0.704528093338013 0.692709267139435 0.708545446395874 0.716572403907776 0.726592421531677 0.693082809448242 0.694306194782257 0.721072435379028 0.704597651958466 0.722337067127228 0.742591857910156 0.74284040927887 0.733331799507141 0.770602524280548 0.741849362850189 0.766765475273132 0.749245822429657 0.743028879165649 0.759871780872345 0.7742999792099 0.813004434108734 0.781073987483978 0.756144821643829 0.740522921085358 0.789394855499268 0.792817771434784 0.823311507701874 0.839560091495514 0.824323654174805 0.797281980514526 0.805939197540283
0.511999905109406 0.524170517921448 0.599899530410767 0.586001038551331 0.606430888175964 0.602060973644257 0.614975214004517 0.642116963863373 0.660091161727905 0.65929901599884 0.635534286499023 0.637432336807251 0.700360238552094 0.700265824794769 0.696645736694336 0.708259105682373 0.674171805381775 0.711122095584869 0.68406754732132 0.637045204639435 0.69543182849884 0.672189593315125 0.68873393535614 0.684963405132294 0.681143641471863 0.720493793487549 0.731038272380829 0.739686250686646 0.738742649555206 0.780239343643188 0.773565113544464 0.779643952846527 0.784763693809509 0.788483023643494 0.782145977020264 0.696478843688965 0.721593737602234 0.75118488073349 0.759843111038208 0.796975910663605 0.807771027088165 0.804033279418945 0.788390874862671 0.782784998416901
0.514411509037018 0.529463648796082 0.539921224117279 0.550681710243225 0.6047243475914 0.620405793190002 0.622604787349701 0.651641309261322 0.658454298973083 0.65044242143631 0.664296746253967 0.674181997776031 0.682890713214874 0.692101895809174 0.711870551109314 0.680251598358154 0.680043876171112 0.680212259292603 0.671664714813232 0.669138789176941 0.661428332328796 0.666332840919495 0.652191519737244 0.681035816669464 0.677937924861908 0.682185769081116 0.699832320213318 0.726290881633759 0.725499451160431 0.754200637340546 0.724181473255157 0.732972919940948 0.764960944652557 0.761707484722137 0.716499090194702 0.673728764057159 0.704159200191498 0.747420430183411 0.74275267124176 0.767847061157227 0.776137471199036 0.781745672225952 0.777986526489258 0.772876858711243
0.519348859786987 0.532863616943359 0.541409015655518 0.559951305389404 0.564769387245178 0.620854675769806 0.647019743919373 0.672005355358124 0.690533041954041 0.688309788703918 0.679366946220398 0.679950654506683 0.681498825550079 0.694243729114532 0.707030415534973 0.680631935596466 0.722631394863129 0.72346818447113 0.683760941028595 0.686083793640137 0.677784085273743 0.683169186115265 0.652706682682037 0.674780249595642 0.689457952976227 0.710474371910095 0.722865462303162 0.751380503177643 0.7457594871521 0.763410270214081 0.741028785705566 0.741704642772675 0.7126145362854 0.728573501110077 0.664785265922546 0.701832294464111 0.746860980987549 0.751722991466522 0.744557023048401 0.742925763130188 0.733456194400787 0.775281131267548 0.739684045314789 0.756227910518646
0.521782517433167 0.538459360599518 0.556439995765686 0.557839035987854 0.574930131435394 0.61842930316925 0.635413527488708 0.700297832489014 0.707941651344299 0.695268392562866 0.716980636119843 0.668058633804321 0.686322867870331 0.701314747333527 0.713664174079895 0.692288935184479 0.719072818756104 0.716300189495087 0.723750948905945 0.68487960100174 0.659256815910339 0.675047039985657 0.653107047080994 0.648782908916473 0.69986218214035 0.665565371513367 0.724846720695496 0.753877341747284 0.713702142238617 0.719205975532532 0.697568416595459 0.709149718284607 0.692064881324768 0.699812412261963 0.717478513717651 0.714334785938263 0.719065606594086 0.729046940803528 0.765084207057953 0.75495857000351 0.756289839744568 0.733330130577087 0.729862034320831 0.751220762729645
0.483269423246384 0.542401731014252 0.550434350967407 0.562880098819733 0.607810974121094 0.61627459526062 0.670888125896454 0.689357221126556 0.738756895065308 0.733275890350342 0.710642039775848 0.70497077703476 0.676759541034698 0.682513773441315 0.704954922199249 0.711716651916504 0.731364846229553 0.732809662818909 0.695171892642975 0.679271459579468 0.628035306930542 0.628257095813751 0.623112738132477 0.629187166690826 0.692411839962006 0.672915995121002 0.666529774665833 0.695481538772583 0.70297509431839 0.71539694070816 0.706078231334686 0.725798368453979 0.724762260913849 0.718208611011505 0.724475800991058 0.722257494926453 0.717201828956604 0.725410103797913 0.762809813022614 0.753509402275085 0.760325372219086 0.753570675849915 0.730872333049774 0.734236538410187
0.488577842712402 0.546447396278381 0.546289503574371 0.557282388210297 0.597450733184814 0.619275331497192 0.668969631195068 0.723114967346191 0.733640134334564 0.778750956058502 0.754340469837189 0.71631383895874 0.714661359786987 0.679105460643768 0.706082165241241 0.707816243171692 0.733958840370178 0.735041379928589 0.730653166770935 0.72710919380188 0.67373126745224 0.620014846324921 0.617179393768311 0.658836960792542 0.656241416931152 0.677950620651245 0.72765988111496 0.729767560958862 0.747016668319702 0.734458684921265 0.723907172679901 0.734851121902466 0.768458783626556 0.762000441551208 0.738698244094849 0.719450891017914 0.731483101844788 0.726844370365143 0.744570910930634 0.749134182929993 0.766837537288666 0.749259412288666 0.734596073627472 0.771984875202179
0.535067319869995 0.53867107629776 0.551205694675446 0.576612889766693 0.613213777542114 0.63044661283493 0.670049905776978 0.711155772209167 0.726047217845917 0.750092744827271 0.733886003494263 0.698007047176361 0.688353657722473 0.723079442977905 0.716295003890991 0.730712592601776 0.73315566778183 0.723069548606873 0.754692375659943 0.696810603141785 0.698514461517334 0.658915221691132 0.648370802402496 0.652913153171539 0.70503830909729 0.719842553138733 0.740857839584351 0.734009921550751 0.766368210315704 0.756579399108887 0.75737053155899 0.773357391357422 0.761507451534271 0.753582358360291 0.741204440593719 0.727286756038666 0.745613396167755 0.753453731536865 0.741917729377747 0.756776928901672 0.748788058757782 0.768456637859344 0.760202944278717 0.77297979593277
