data/climate_estimation/maxent_output/Alstroemeria_andina.asc
NCOLS 15 
NROWS 123 
XLLCORNER -70.1666666666667 
YLLCORNER -36.4166666666667 
CELLSIZE 0.0833333333333333 
NODATA_value -3.4e+38 
[rows 56 to 111 of 123, columns 0 to 14 of 15]
0.471069127321243 0.428997546434402 0.460273861885071 0.40405535697937 0.456698060035706 0.385980069637299 0.258697479963303 0.366558462381363 0.280148893594742 0.273508965969086 0.32928791642189 0.372769117355347 0.538343966007233 0.233725398778915 0.0558418892323971
0.450802028179169 0.407635360956192 0.361404865980148 0.461276262998581 0.505110442638397 0.47478386759758 0.252188682556152 0.201069265604019 0.225424706935883 0.22289714217186 0.293013334274292 0.431956499814987 0.524052321910858 0.273126661777496 0.0739556029438972
0.372438579797745 0.3990618288517 0.438262522220612 0.452428817749023 0.456939548254013 0.422266393899918 0.337834566831589 0.127101898193359 0.108127474784851 0.192403867840767 0.303871303796768 0.478727519512177 0.434179961681366 0.253111124038696 0.078815296292305
0.387849807739258 0.393031626939774 0.410506039857864 0.425834983587265 0.428414016962051 0.396937161684036 0.234046533703804 0.143034055829048 0.0739029198884964 0.212468340992928 0.241440385580063 0.446889191865921 0.382323563098907 0.26052987575531 0.21842049062252
0.350503295660019 0.379151463508606 0.374312043190002 0.396026998758316 0.394019037485123 0.397529393434525 0.234642222523689 0.132854968309402 0.0599223077297211 0.1198485866189 0.0912294313311577 0.119750641286373 0.203244000673294 0.132680639624596 0.271311938762665
0.337976455688477 0.337518244981766 0.339222460985184 0.357174068689346 0.352722585201263 0.267578274011612 0.175451278686523 0.12825919687748 0.0541741661727428 0.0726986080408096 0.0909779146313667 0.151936694979668 0.0936462879180908 0.0611636601388454 0.156013518571854
0.293360263109207 0.306726485490799 0.322674930095673 0.328268051147461 0.262203842401505 0.233816906809807 0.123192258179188 0.110559165477753 0.053827840834856 0.0878008976578712 0.325112998485565 0.437764436006546 0.207628771662712 0.0623556934297085 0.0911688879132271
0.254092633724213 0.283731579780579 0.285735428333282 0.2964206635952 0.253455936908722 0.19140137732029 0.168774247169495 0.135476365685463 0.0637077689170837 0.0829678177833557 0.370756685733795 0.406378209590912 0.200872778892517 0.0519404783844948 0.0509391278028488
0.203443601727486 0.255023300647736 0.261618077754974 0.268468856811523 0.261914044618607 0.192156046628952 0.164113387465477 0.132215246558189 0.0674340575933456 0.121930003166199 0.332447201013565 0.39945974946022 0.304140359163284 0.193844303488731 0.0437228828668594
0.166555553674698 0.209149897098541 0.230816319584846 0.239745140075684 0.246224820613861 0.194867148995399 0.16645522415638 0.1119719222188 0.0818150863051414 0.155498445034027 0.299928724765778 0.370596796274185 0.362892270088196 0.313945740461349 0.187363937497139
0.16026671230793 0.162485033273697 0.20849820971489 0.222129449248314 0.209725305438042 0.163882538676262 0.137111231684685 0.108518309891224 0.102474525570869 0.195647656917572 0.288572579622269 0.339549869298935 0.348598212003708 0.334908932447433 0.255330413579941
0.15959857404232 0.140157759189606 0.193906009197235 0.207365319132805 0.17867386341095 0.123488947749138 0.156819358468056 0.135320886969566 0.118606865406036 0.174681231379509 0.285420417785645 0.319119393825531 0.324141442775726 0.334674060344696 0.308330684900284
0.141783833503723 0.146207854151726 0.141654089093208 0.154013127088547 0.101586267352104 0.0888664722442627 0.0989977717399597 0.175307095050812 0.116094522178173 0.138588145375252 0.265767335891724 0.296724230051041 0.292419791221619 0.362464815378189 0.315239012241364
0.137914627790451 0.144316732883453 0.145187482237816 0.120666198432446 0.0938413739204407 0.0892195105552673 0.138026520609856 0.134528234601021 0.191200420260429 0.181092485785484 0.245724633336067 0.200125113129616 0.274187475442886 0.309055387973785 0.177340909838676
0.129346266388893 0.131764709949493 0.144093066453934 0.108515813946724 0.086318202316761 0.121673159301281 0.13071970641613 0.139226496219635 0.139010071754456 0.1883774548769 0.237541392445564 0.198386341333389 0.268606662750244 0.261277049779892 0.0942108407616615
0.105106972157955 0.12140192091465 0.122688800096512 0.103250615298748 0.0823555588722229 0.10808402299881 0.136080279946327 0.136348396539688 0.128753989934921 0.203222304582596 0.225138992071152 0.306152909994125 0.260115146636963 0.277817845344543 0.0742048472166061
0.0584268346428871 0.0694989264011383 0.0954084247350693 0.0883496999740601 0.0709284842014313 0.10143631696701 0.136706173419952 0.127008974552155 0.114777229726315 0.242118254303932 0.281029343605042 0.214976936578751 0.307801604270935 0.307101756334305 0.0849622786045074
0.0522852502763271 0.0596619620919228 0.0770598649978638 0.078851580619812 0.0823327526450157 0.116996422410011 0.122565098106861 0.100114606320858 0.133499071002007 0.157073423266411 0.166101321578026 0.261751562356949 0.311317950487137 0.309918701648712 0.111987702548504
0.0558213926851749 0.051622811704874 0.0600047707557678 0.0565467961132526 0.0815831050276756 0.0992714688181877 0.0859942212700844 0.0802676901221275 0.117561884224415 0.158097624778748 0.162260293960571 0.309940248727798 0.156591221690178 0.284040808677673 0.0893392562866211
0.0489257127046585 0.055984053760767 0.046858511865139 0.0549964569509029 0.0586397312581539 0.0866107866168022 0.0739723592996597 0.0832013264298439 0.102855160832405 0.162638142704964 0.203740984201431 0.159132659435272 0.134877756237984 0.277755707502365 0.0673074200749397
0.0477552674710751 0.0599521473050117 0.0556117668747902 0.0517907217144966 0.0658413097262383 0.0801445171236992 0.0804046615958214 0.0747380703687668 0.120532184839249 0.134524673223495 0.180390581488609 0.139838129281998 0.124212250113487 0.14328271150589 0.0329225994646549
0.0475707985460758 0.0663512721657753 0.063237376511097 0.0424295924603939 0.0675739869475365 0.0577059648931026 0.0497007966041565 0.0472945310175419 0.127485200762749 0.12096144258976 0.192830860614777 0.107508890330791 0.119284756481647 0.115216054022312 0.0229107979685068
0.0336410105228424 0.0467632375657558 0.0533014833927155 0.0483964569866657 0.0483144447207451 0.0562617853283882 0.045950748026371 0.0622341074049473 0.0652365684509277 0.106911554932594 0.121638223528862 0.0942983627319336 0.110460124909878 0.229072347283363 0.0349061153829098
0.0208698771893978 0.0291140340268612 0.0204292573034763 0.0265438333153725 0.0227123107761145 0.0391366258263588 0.0420058816671371 0.0404705703258514 0.0604934878647327 0.0546426177024841 0.0953057855367661 0.110360383987427 0.0985085740685463 0.231617763638496 0.0437788963317871
0.0202836152166128 0.024875070899725 0.0275135859847069 0.0233251694589853 0.0234161224216223 0.0346173793077469 0.0533453114330769 0.0558417923748493 0.0599194467067719 0.0645239427685738 0.0743239149451256 0.127585977315903 0.102917216718197 0.127380400896072 0.0283278916031122
0.0183668211102486 0.0272583793848753 0.0342834554612637 0.020994633436203 0.0199145600199699 0.0373502373695374 0.0524744167923927 0.066460981965065 0.0638627782464027 0.063784159719944 0.100445158779621 0.0509329587221146 0.0744422078132629 0.0805701166391373 0.020946929231286
0.0291214920580387 0.0305257588624954 0.0381858646869659 0.029680859297514 0.0175332054495811 0.0375981442630291 0.0569987744092941 0.0730974227190018 0.0766769275069237 0.0556645616889 0.075532965362072 0.0820524990558624 0.0498227812349796 0.0270349886268377 0.0168636385351419
0.0233659502118826 0.0326557941734791 0.0249451957643032 0.0248792003840208 0.0173708293586969 0.0426336452364922 0.0547471940517426 0.0571305900812149 0.0540816411375999 0.0355605967342854 0.0632873699069023 0.0920907184481621 0.035244096070528 0.0233346372842789 0.0154979079961777
0.0139020187780261 0.0267905909568071 0.0212196484208107 0.0261851418763399 0.0229983571916819 0.0426049567759037 0.0373302884399891 0.0367181561887264 0.0269331932067871 0.0306946188211441 0.036618560552597 0.057383056730032 0.0453463345766068 0.0211136415600777 0.0153028517961502
0.0129158422350883 0.0237314384430647 0.0259785261005163 0.0246879737824202 0.0351035222411156 0.0343918986618519 0.0297913681715727 0.0221583601087332 0.0223151948302984 0.0213228166103363 0.0243213474750519 0.0335819907486439 0.0239754226058722 0.0174700655043125 0.0146811660379171
0.00977574195712805 0.0114971529692411 0.0117301922291517 0.0233921334147453 0.0468996465206146 0.042415689677 0.0325870886445045 0.0219295918941498 0.0165392588824034 0.0128595754504204 0.0157626271247864 0.0252203289419413 0.0167144294828176 0.0140025457367301 0.013793327845633
0.00223640259355307 0.00412597833201289 0.0130084492266178 0.0252745356410742 0.0404262542724609 0.0441271178424358 0.0461427830159664 0.0294457226991653 0.0188463572412729 0.0105839148163795 0.0102972025051713 0.0210481099784374 0.0145403509959579 0.0115407714620233 0.0117580126971006
0.00698740128427744 0.0120571693405509 0.0199422854930162 0.030704328790307 0.0329608395695686 0.0271991994231939 0.0449440032243729 0.0347449854016304 0.0202962979674339 0.0084795905277133 0.00819269940257072 0.0182092413306236 0.0134721584618092 0.0105709824711084 0.0120077859610319
0.00441355165094137 0.00677966512739658 0.00938901025801897 0.0147984707728028 0.0145135624334216 0.0134427137672901 0.0316494330763817 0.0276004485785961 0.0197782404720783 0.00913028232753277 0.00802603922784328 0.0167365428060293 0.0127856265753508 0.0102275488898158 0.0126252230256796
0.00104346335865557 0.0157643612474203 0.0183909721672535 0.0325063541531563 0.0248875971883535 0.0183761771768332 0.0232542157173157 0.0443132817745209 0.031679954379797 0.0156648140400648 0.00401998683810234 0.0182137489318848 0.013492445461452 0.0099484333768487 0.012317924760282
0.000760750030167401 0.00167593697551638 0.012953701429069 0.0319504104554653 0.015813609585166 0.0155376177281141 0.0186054110527039 0.0394910611212254 0.031577292829752 0.0158863253891468 0.00424216128885746 0.0196400918066502 0.0134876109659672 0.0100636882707477 0.00995194725692272
0.00204252009280026 0.00627638027071953 0.00584165286272764 0.0135192414745688 0.0091379452496767 0.00785708613693714 0.00888233259320259 0.0135837839916348 0.0145971076563001 0.0145076150074601 0.00934597104787827 0.0201416444033384 0.0138132153078914 0.0117942402139306 0.0119189601391554
0.000391909037717 0.00458882004022598 0.0104213869199157 0.0216051209717989 0.015602421015501 0.0115160048007965 0.0119771771132946 0.0233165323734283 0.0299991369247437 0.0215103663504124 0.00865190103650093 0.0193885043263435 0.0163345914334059 0.0149648506194353 0.0156485717743635
0.000455264991614968 0.00209774938412011 0.00967798195779324 0.0155924465507269 0.0201915502548218 0.0187519900500774 0.0175281781703234 0.0227253679186106 0.0224762000143528 0.0136397937312722 0.00989801436662674 0.00739590125158429 0.0219185166060925 0.0180550497025251 0.0171374883502722
0.00297252112068236 0.000812859041616321 0.00527441315352917 0.0127798849716783 0.0153186013922095 0.01395208761096 0.0325310230255127 0.0290872268378735 0.0198814403265715 0.0230080280452967 0.0100472085177898 0.00431307917460799 0.0234670080244541 0.0239877142012119 0.0207545310258865
0.00302872527390718 0.00763609586283565 0.00345343258231878 0.010897028259933 0.0137693360447884 0.0144317019730806 0.0233441796153784 0.0208452418446541 0.0170070733875036 0.0115603487938643 0.00593387708067894 0.0042386669665575 0.00874842517077923 0.0302629843354225 0.0264894720166922
0.0050393482670188 0.0151399113237858 0.00948346313089132 0.0137297166511416 0.0151774613186717 0.0147527838125825 0.023560943081975 0.0188213456422091 0.00934819784015417 0.00554010551422834 0.00463177030906081 0.00459163123741746 0.00928690657019615 0.0123943593353033 0.0327651910483837
0.000670730951242149 0.00416638515889645 0.0040144044905901 0.00156551704276353 0.00524359894916415 0.00781996455043554 0.023068243637681 0.0298859942704439 0.0101107442751527 0.00528782652691007 0.00468524871394038 0.00492248451337218 0.010470112785697 0.0137189673259854 0.0394698455929756
0.00396075798198581 0.00938071589916945 0.00607051467522979 0.00735895428806543 0.00155808660201728 0.0030630452092737 0.011995293200016 0.0263735577464104 0.00832322705537081 0.00540999509394169 0.00509433820843697 0.00534763792529702 0.0058942805044353 0.020062493160367 0.0391416624188423
0.00458086142316461 0.0117047866806388 0.0115620708093047 0.0128597719594836 0.00394800584763288 0.00189333106391132 0.00315067311748862 0.0185751486569643 0.00660127541050315 0.00512215541675687 0.00443342328071594 0.00387322553433478 0.0079820929095149 0.0258347615599632 0.0293723195791245
0.000944231345783919 0.00661733793094754 0.0117802061140537 0.0133073385804892 0.00899379421025515 0.00414141220971942 0.00536752538755536 0.00289325532503426 0.00406638672575355 0.00346590764820576 0.00319867301732302 0.00313041638582945 0.0139861116185784 0.0181327704340219 0.0299632046371698
0.000460759125417098 0.00226016831584275 0.00914003513753414 0.0153899397701025 0.0134120145812631 0.00727377040311694 0.00366216385737062 0.00263242493383586 0.00288733444176614 0.00287595228292048 0.00313221104443073 0.00344858272001147 0.0144098810851574 0.0275538302958012 0.032201275229454
0.00255219615064561 0.000813319580629468 0.00479636713862419 0.0064981859177351 0.00568328006193042 0.00342679512687027 0.00456867925822735 0.00358318886719644 0.00442259758710861 0.00455744238570333 0.00423083594068885 0.00433336663991213 0.0161044970154762 0.029251316562295 0.0295225717127323
0.00439471239224076 0.00456306943669915 0.00266371876932681 0.00110348651651293 0.00266285566613078 0.0021211679559201 0.00332862976938486 0.00323881395161152 0.00336169917136431 0.00354457553476095 0.0038075081538409 0.00509150326251984 0.0167479626834393 0.0278371497988701 0.0266458820551634
0.00339687685482204 0.0116218430921435 0.00850157625973225 0.00167495850473642 0.00130786816589534 0.00147077196743339 0.0023791731800884 0.00237304368056357 0.0025598369538784 0.00382416602224112 0.00421141693368554 0.00761232245713472 0.0149277709424496 0.028381921350956 0.0266805905848742
0.00201450823806226 0.0122088799253106 0.0087547954171896 0.00267958384938538 0.00179773732088506 0.00151608302257955 0.00189156120177358 0.0020654967520386 0.00297451158985496 0.0034061218611896 0.00377874402329326 0.00718637323006988 0.0151922833174467 0.0270300712436438 0.0265615545213223
0.00182811310514808 0.00199906947091222 0.00151391280815005 0.00226427242159843 0.0019846772775054 0.00174136809073389 0.00212418101727962 0.00297403312288225 0.00352816423401237 0.00373202655464411 0.00714085856452584 0.00808149855583906 0.0270079728215933 0.0284159258008003 0.0272979009896517
0.00165067391935736 0.00109718076419085 0.00233872001990676 0.00239421962760389 0.00202446803450584 0.00203232537023723 0.00274310703389347 0.00333041860722005 0.00371607695706189 0.00726786255836487 0.00784414075314999 0.00881155021488667 0.0295920129865408 0.0296364184468985 0.0289946869015694
0.00328863319009542 0.00570648396387696 0.0090626971796155 0.00573501735925674 0.00289130234159529 0.00237175542861223 0.00307987839914858 0.00368012860417366 0.00702956039458513 0.0078958673402667 0.00900565646588802 0.0175463575869799 0.0307315401732922 0.0312113557010889 0.0308110546320677
0.00276390998624265 0.0076433178037405 0.00537630263715982 0.00385180790908635 0.00296992971561849 0.00344548211432993 0.00361683825030923 0.00726657081395388 0.008064323104918 0.00885327719151974 0.0169015564024448 0.0313786566257477 0.0335626900196075 0.0327655859291553 0.0366085655987263
0.00226873788051307 0.0070026870816946 0.00588875310495496 0.0029428715351969 0.00305272941477597 0.00386420567519963 0.00701139029115438 0.00855824630707502 0.00878192111849785 0.00927022565156221 0.0177464131265879 0.0318668149411678 0.0323537923395634 0.0337224155664444 0.0364020876586437
