data/climate_estimation/maxent_output/Alstroemeria_umbellata.asc
NCOLS 22 
NROWS 224 
XLLCORNER -70.9166666666667 
YLLCORNER -36.25 
CELLSIZE 0.0833333333333331 
NODATA_value -3.4e+38 
[rows 117 to 155 of 224, columns 0 to 21 of 22]
0.208650037646294 0.264624029397964 0.231000229716301 0.167479500174522 0.159712255001068 0.18546162545681 0.223158538341522 0.159162312746048 0.118317037820816 0.0931049510836601 0.0952499881386757 0.216817691922188 0.0544815361499786 0.0524485930800438 0.0194997042417526 0.0276253148913383 0.0108290929347277 0.011114913970232 0.0126572046428919 0.00882879830896854 0.0113460086286068 0.0130555788055062
0.15757018327713 0.158670097589493 0.153289943933487 0.135601803660393 0.189493030309677 0.17936497926712 0.162636429071426 0.137785464525223 0.107320852577686 0.112356841564178 0.110401332378387 0.120445884764194 0.0638653337955475 0.0770782753825188 0.0153677798807621 0.0297012533992529 0.00901771429926157 0.0126407584175467 0.0113416351377964 0.00953077338635921 0.0158388074487448 0.0151967415586114
0.113800227642059 0.117438323795795 0.115119509398937 0.117590725421906 0.13878720998764 0.153776049613953 0.144249454140663 0.125603839755058 0.110360585153103 0.125313133001328 0.140592217445374 0.131590843200684 0.109994225203991 0.100647658109665 0.0199750401079655 0.0117412703111768 0.00893886107951403 0.0135122369974852 0.0122210271656513 0.0110767921432853 0.0120001900941133 0.0127018904313445
0.106603413820267 0.125658750534058 0.111088074743748 0.109753996133804 0.111975803971291 0.143373757600784 0.150675028562546 0.138489633798599 0.13288725912571 0.165618255734444 0.128899037837982 0.152710989117622 0.118492431938648 0.119258247315884 0.0352371074259281 0.0176861006766558 0.0160280298441648 0.0122645394876599 0.0104843471199274 0.0100582176819444 0.0136620523408055 0.0170416105538607
0.0992507934570312 0.0973269119858742 0.0974143519997597 0.0975123345851898 0.136541768908501 0.134199559688568 0.207421958446503 0.180004343390465 0.0893344879150391 0.203679174184799 0.217932045459747 0.188659310340881 0.137665241956711 0.0264528226107359 0.021362068131566 0.0164947565644979 0.0156339760869741 0.0116941798478365 0.00879192538559437 0.0116916950792074 0.0103868898004293 0.0131693109869957
0.123029328882694 0.118327639997005 0.106735117733479 0.0916157141327858 0.102386392652988 0.162854343652725 0.190667480230331 0.214220717549324 0.188214167952538 0.172990024089813 0.206680431962013 0.168319270014763 0.040488600730896 0.0283972155302763 0.0267366673797369 0.015113583765924 0.0161282829940319 0.00728397257626057 0.0115702105686069 0.0148330209776759 0.0139619112014771 0.0169952772557735
0.115811996161938 0.103939898312092 0.0988804474473 0.100012257695198 0.094353049993515 0.142301574349403 0.180557161569595 0.302245557308197 0.300822585821152 0.22743159532547 0.193022564053535 0.173258081078529 0.0465061403810978 0.0304344445466995 0.0147097017616034 0.0179076455533504 0.0101869748905301 0.0100895185023546 0.0109984595328569 0.010858072899282 0.0127001935616136 0.0152111938223243
0.127027407288551 0.123533673584461 0.0948031172156334 0.0947153121232986 0.0929560586810112 0.138066679239273 0.167542114853859 0.246648728847504 0.32189929485321 0.309994667768478 0.236073464155197 0.142919972538948 0.0593791119754314 0.0398106388747692 0.0181553717702627 0.0134965907782316 0.0109785068780184 0.0106878066435456 0.0118953753262758 0.0129144564270973 0.0112640326842666 0.016845153644681
0.0775367543101311 0.12535235285759 0.0586769878864288 0.125296369194984 0.117075890302658 0.145708829164505 0.205101296305656 0.245002597570419 0.29178786277771 0.155074238777161 0.209703147411346 0.193012312054634 0.0502864979207516 0.0183693654835224 0.0143140302971005 0.00827732868492603 0.0115793477743864 0.0120291886851192 0.0157149843871593 0.0128717366605997 0.0141498791053891 0.013438225723803
0.0680688619613647 0.0570677444338799 0.0563760213553905 0.0582400895655155 0.0673626363277435 0.102710537612438 0.217172965407372 0.227850750088692 0.211175382137299 0.165188893675804 0.117951802909374 0.245944365859032 0.0524335280060768 0.0252161845564842 0.0139972241595387 0.0126261841505766 0.0116649605333805 0.0106766978278756 0.0138635532930493 0.011875731870532 0.0151793183758855 0.0168099533766508
0.0647419914603233 0.0612020008265972 0.0597037523984909 0.0723941698670387 0.066954642534256 0.118143945932388 0.22086600959301 0.264389246702194 0.259487152099609 0.183937042951584 0.116480618715286 0.107769042253494 0.0592223629355431 0.0406853556632996 0.0138627523556352 0.0113444393500686 0.00985016580671072 0.0126103535294533 0.01270548440516 0.0118524795398116 0.0158085804432631 0.0165437292307615
0.0880569145083427 0.0672889277338982 0.0604178421199322 0.0755445286631584 0.0871552154421806 0.0962564870715141 0.175574630498886 0.235347837209702 0.252980947494507 0.182296380400658 0.0349639616906643 0.0373649634420872 0.0321772173047066 0.0236768890172243 0.012840123847127 0.0121371950954199 0.01295374520123 0.0105138709768653 0.0109845772385597 0.0117591395974159 0.0147976316511631 0.0187741834670305
0.092169001698494 0.0820358842611313 0.0693460628390312 0.0857298299670219 0.151885330677032 0.149715155363083 0.221771419048309 0.327969878911972 0.210087180137634 0.0851656049489975 0.0551052242517471 0.0419816300272942 0.0254704430699348 0.0169068463146687 0.0146749019622803 0.0136059215292335 0.00995688978582621 0.0105059258639812 0.0147753264755011 0.015728659927845 0.0139370393007994 0.0179514791816473
0.0616579167544842 0.0571184232831001 0.0746640563011169 0.119193978607655 0.291638225317001 0.357556521892548 0.249689713120461 0.318836361169815 0.224811255931854 0.104654416441917 0.0310706663876772 0.0322040021419525 0.0225584413856268 0.0224255826324224 0.0153180342167616 0.011946520768106 0.0121128736063838 0.00970658753067255 0.0098031722009182 0.0118556767702103 0.0152831776067615 0.0178825687617064
0.0471501499414444 0.0473070628941059 0.0457185991108418 0.131958216428757 0.255316525697708 0.385670304298401 0.358093827962875 0.333936244249344 0.133219867944717 0.0592246502637863 0.04715571179986 0.0270234569907188 0.0208928193897009 0.0162254553288221 0.0159822069108486 0.0136168589815497 0.0110553875565529 0.0101076271384954 0.0124691547825933 0.0137273669242859 0.0173389464616776 0.0198269188404083
0.0506843440234661 0.0487612970173359 0.0470156520605087 0.123234331607819 0.299942463636398 0.472757816314697 0.458598852157593 0.199098885059357 0.189898744225502 0.0687258839607239 0.0363673157989979 0.0261812470853329 0.0250001586973667 0.0178823173046112 0.0122183356434107 0.0138391954824328 0.0109854675829411 0.0115334074944258 0.0116299651563168 0.012490245513618 0.0159478634595871 0.020780036225915
0.0797244384884834 0.0664134323596954 0.0760603845119476 0.0761050656437874 0.17941327393055 0.362830430269241 0.457840710878372 0.202671572566032 0.169923678040504 0.0413729101419449 0.0314925946295261 0.0320890620350838 0.0206250958144665 0.0188121385872364 0.011518994346261 0.012770215049386 0.0108192786574364 0.0116964224725962 0.0105780633166432 0.01343934237957 0.0142106087878346 0.023306991904974
0.117726184427738 0.120482601225376 0.120982795953751 0.335113048553467 0.456795185804367 0.185269713401794 0.322087943553925 0.235826715826988 0.177208766341209 0.0468481332063675 0.044025719165802 0.0277134291827679 0.0228671245276928 0.0186433587223291 0.0192362107336521 0.0135063389316201 0.0108803519979119 0.00955741014331579 0.0122283911332488 0.0122155593708158 0.0166370440274477 0.0247480273246765
0.109710581600666 0.125689536333084 0.174195647239685 0.359395414590836 0.394902676343918 0.243570491671562 0.231080025434494 0.262811422348022 0.19576370716095 0.0479316636919975 0.0885535702109337 0.0291436389088631 0.0185400154441595 0.0175750590860844 0.0116432318463922 0.0117783034220338 0.011306120082736 0.0123141519725323 0.0106238340958953 0.0107941720634699 0.0182204395532608 0.0191282015293837
0.117811135947704 0.156034111976624 0.221822440624237 0.342230767011642 0.383512884378433 0.297398835420609 0.252762585878372 0.212498262524605 0.175383746623993 0.14766751229763 0.0514880754053593 0.0236650444567204 0.0200263671576977 0.0223418641835451 0.0108742108568549 0.0112813133746386 0.0100523913279176 0.0087258443236351 0.0109820794314146 0.0132596287876368 0.0200111325830221 0.0171891562640667
0.153152704238892 0.188025340437889 0.396071314811707 0.512536883354187 0.429925084114075 0.351307272911072 0.125503614544868 0.154150828719139 0.128962904214859 0.15826553106308 0.041330773383379 0.0288474448025227 0.0183530375361443 0.0194569565355778 0.0145529862493277 0.0108681758865714 0.00905783846974373 0.00862598977982998 0.0098035354167223 0.0123599525541067 0.0130358068272471 0.0174445584416389
0.208373010158539 0.230705350637436 0.364645093679428 0.475924253463745 0.321169972419739 0.233732998371124 0.205528810620308 0.0849668458104134 0.0516886040568352 0.0544711612164974 0.0382481478154659 0.0269819051027298 0.023533646017313 0.020317479968071 0.0134565662592649 0.0138881094753742 0.010611024685204 0.00884222704917192 0.00795113667845726 0.0108734145760536 0.0117714367806911 0.0202013086527586
0.193997576832771 0.287665992975235 0.393183946609497 0.526884078979492 0.310194075107574 0.134730294346809 0.226766556501389 0.0961073413491249 0.05765600502491 0.0459758937358856 0.0396700017154217 0.0227442048490047 0.020005339756608 0.0188714414834976 0.0157253313809633 0.0105333421379328 0.0106691177934408 0.0103869596496224 0.00793570280075073 0.0111855622380972 0.0131916059181094 0.0149976005777717
0.125544518232346 0.27737221121788 0.497507035732269 0.386474102735519 0.30541580915451 0.141356647014618 0.249639004468918 0.0828059241175652 0.0431731976568699 0.0428704209625721 0.0332127287983894 0.0268123894929886 0.0235473047941923 0.0204001255333424 0.0104398252442479 0.0086493045091629 0.0084829106926918 0.00846542976796627 0.00820968858897686 0.0104768238961697 0.0131386769935489 0.0129248695448041
0.144849047064781 0.346604973077774 0.397878050804138 0.409725993871689 0.273024082183838 0.120444998145103 0.200186535716057 0.111603602766991 0.0638344511389732 0.0513557866215706 0.0297564025968313 0.0307267419993877 0.0271699614822865 0.0216418094933033 0.0173485800623894 0.00784420222043991 0.00849487353116274 0.00956673640757799 0.0081753833219409 0.0101357391104102 0.0114902202039957 0.0133009208366275
0.219539359211922 0.310812503099442 0.394391357898712 0.433067560195923 0.212785691022873 0.221193596720695 0.103635765612125 0.116672314703465 0.0755767524242401 0.04650754109025 0.0309587363153696 0.0340327173471451 0.0232118237763643 0.0215613767504692 0.0201280154287815 0.00826532766222954 0.0113220531493425 0.0102047016844153 0.00739664677530527 0.00807717628777027 0.0108156390488148 0.00882978271692991
0.292779177427292 0.317011028528214 0.406075835227966 0.443965971469879 0.332455098628998 0.125123009085655 0.101589232683182 0.0740704461932182 0.0706444382667542 0.068518690764904 0.0386278480291367 0.0337554179131985 0.0299229100346565 0.0250959191471338 0.0201432704925537 0.0112468851730227 0.00928426533937454 0.0104766059666872 0.00754073914140463 0.00803302135318518 0.00656318059191108 0.00909127853810787
0.337462186813354 0.400802224874496 0.41070419549942 0.378021150827408 0.259744495153427 0.132104843854904 0.0887329280376434 0.0622474327683449 0.0694185942411423 0.0476077236235142 0.0385300293564796 0.0341957025229931 0.0326635353267193 0.0230391025543213 0.0172541700303555 0.012880046851933 0.0111840916797519 0.010438391007483 0.00915082637220621 0.00869314931333065 0.00597337447106838 0.00860526040196419
0.364280551671982 0.406502515077591 0.477718740701675 0.347227185964584 0.32677635550499 0.316065162420273 0.121528126299381 0.0767505392432213 0.062414862215519 0.0476026758551598 0.0451194420456886 0.0310896895825863 0.0283905286341906 0.0201884135603905 0.0175644978880882 0.0119760660454631 0.0111045390367508 0.0117393778637052 0.00909401662647724 0.00711277779191732 0.00783311203122139 0.00671877339482307
0.463996201753616 0.388797342777252 0.45005139708519 0.411439806222916 0.329551309347153 0.251899063587189 0.10829471051693 0.0885527357459068 0.0775654464960098 0.0564452111721039 0.0416887253522873 0.0342514179646969 0.0289819557219744 0.0254997722804546 0.0177340805530548 0.0131087359040976 0.0155142406001687 0.0098237507045269 0.00639717746526003 0.00658282591030002 0.00721755437552929 0.00540147209540009
0.256048947572708 0.484295815229416 0.395055919885635 0.406391590833664 0.286112397909164 0.302277475595474 0.23297244310379 0.194978594779968 0.0664854869246483 0.0586092844605446 0.0435734950006008 0.0332930088043213 0.0313669145107269 0.0254253745079041 0.0185979288071394 0.0194510370492935 0.0129251498728991 0.00620174873620272 0.00463211489841342 0.00585552165284753 0.00480325147509575 0.00497653754428029
0.233627647161484 0.280238181352615 0.463332176208496 0.390470087528229 0.322376132011414 0.267958223819733 0.174153685569763 0.181820496916771 0.0875274762511253 0.0613236390054226 0.0388633348047733 0.038861371576786 0.0298739150166512 0.0256516113877296 0.0215564165264368 0.0210759714245796 0.0128004718571901 0.00450373906642199 0.00352244055829942 0.00459467386826873 0.00304393004626036 0.00376057461835444
0.358462452888489 0.162558913230896 0.168589249253273 0.27474382519722 0.323790907859802 0.305280834436417 0.181382730603218 0.129780352115631 0.0861261859536171 0.0594030804932117 0.0457988157868385 0.0453065410256386 0.0364828035235405 0.0293206516653299 0.0278012454509735 0.0223743040114641 0.00828385911881924 0.00391239626333117 0.00340923573821783 0.00264430092647672 0.00227037281729281 0.00224787113256752
0.294518679380417 0.426335126161575 0.457081079483032 0.401138246059418 0.358676671981812 0.338001906871796 0.223126664757729 0.102918781340122 0.0883808806538582 0.0588505640625954 0.0450962893664837 0.047302071005106 0.0343779288232327 0.0360224582254887 0.0272893402725458 0.0210017766803503 0.00706945965066552 0.00308241415768862 0.00306118722073734 0.00252839853055775 0.00209746463224292 0.00138653779868037
0.416946023702621 0.519322752952576 0.489447712898254 0.381639450788498 0.342290937900543 0.349040001630783 0.19385090470314 0.184899210929871 0.0793550312519073 0.0728310793638229 0.0527284815907478 0.0569953396916389 0.0405038893222809 0.0405651889741421 0.0303787011653185 0.0169275049120188 0.00608627963811159 0.00262378924526274 0.00285086361691356 0.00208822102285922 0.00128079182468355 0.00120544608216733
0.381136447191238 0.557435393333435 0.485357522964478 0.460210353136063 0.280433803796768 0.218791395425797 0.212601527571678 0.168284252285957 0.0937392115592957 0.0795565322041512 0.0582044832408428 0.0565990321338177 0.0358719266951084 0.0412298254668713 0.03069300763309 0.0218647532165051 0.00648816861212254 0.00242673791944981 0.00226951320655644 0.00232471944764256 0.00142331013921648 0.00115912151522934
0.409730523824692 0.35588338971138 0.519659698009491 0.406633228063583 0.270772874355316 0.263745218515396 0.222356453537941 0.199518829584122 0.142193228006363 0.0814933478832245 0.0762532353401184 0.0570447817444801 0.0451417155563831 0.0297780204564333 0.0307515375316143 0.0169539488852024 0.00474009569734335 0.00272934488020837 0.0018959321314469 0.00152973446529359 0.00205025146715343 0.0017678594449535
0.48650199174881 0.458430588245392 0.481251120567322 0.448696464300156 0.387180775403976 0.263155817985535 0.241405785083771 0.173441305756569 0.159139826893806 0.095511220395565 0.0800318047404289 0.0604592710733414 0.0531633980572224 0.0339169725775719 0.0352738872170448 0.0318113230168819 0.0111402291804552 0.00215467996895313 0.0016744548920542 0.00119140523020178 0.00137837312649935 0.00228325021453202
0.493341684341431 0.431150913238525 0.467131465673447 0.412719696760178 0.326490640640259 0.290093719959259 0.232573449611664 0.163564696907997 0.152712032198906 0.127504974603653 0.0747010186314583 0.0568715371191502 0.0452467203140259 0.0519717894494534 0.0376519337296486 0.0271955691277981 0.0107544269412756 0.00239057932049036 0.00184422440361232 0.00148826010990888 0.00140809617005289 0.00234974548220634
