data/climate_estimation/maxent_output/Alstroemeria_gardneri.asc
NCOLS 129 
NROWS 108 
XLLCORNER -52.25 
YLLCORNER -19 
CELLSIZE 0.0833333333333333 
NODATA_value -3.4e+38 
[rows 80 to 99 of 108, columns 44 to 87 of 129]
0.553833842277527 0.524135649204254 0.507601737976074 0.4605992436409 0.492094129323959 0.489887803792953 0.463740229606628 0.462251752614975 0.459525346755981 0.504072368144989 0.628384232521057 0.668855667114258 0.600772798061371 0.46330201625824 0.438518732786179 0.393419325351715 0.387906789779663 0.396272361278534 0.391210645437241 0.349014431238174 0.289749592542648 0.306392103433609 0.303167670965195 0.324008673429489 0.284782022237778 0.264323651790619 0.279096841812134 0.270064502954483 0.300991863012314 0.422167122364044 0.374375134706497 0.370617657899857 0.357393145561218 0.286980301141739 0.23868764936924 0.1869285851717 0.132346585392952 0.112738415598869 0.0938890352845192 0.0495666265487671 0.0439033769071102 0.0862215906381607 0.0814609006047249 0.0905626937747002
0.539107263088226 0.563468873500824 0.536099910736084 0.477113783359528 0.493986576795578 0.457235336303711 0.477817445993423 0.420487374067307 0.412074118852615 0.449665695428848 0.599581837654114 0.602747082710266 0.543077886104584 0.418166637420654 0.378523170948029 0.324933618307114 0.309365183115005 0.311296701431274 0.306114554405212 0.24553120136261 0.194510653614998 0.231180533766747 0.233029469847679 0.258815675973892 0.274935752153397 0.236025512218475 0.237725958228111 0.262095034122467 0.22722190618515 0.318160861730576 0.399515479803085 0.148567751049995 0.334553807973862 0.287124663591385 0.235695853829384 0.183387592434883 0.136597692966461 0.122299708425999 0.0595468506217003 0.0419515706598759 0.0462465509772301 0.123413532972336 0.0984047651290894 0.0864704549312592
0.479144871234894 0.495309978723526 0.530273616313934 0.486422061920166 0.44949209690094 0.429101318120956 0.441137075424194 0.424552857875824 0.406509965658188 0.415135741233826 0.581299602985382 0.5222447514534 0.432072550058365 0.363052487373352 0.296615183353424 0.274539828300476 0.243758782744408 0.234016284346581 0.200290396809578 0.184268966317177 0.138809159398079 0.163943558931351 0.188080966472626 0.204392001032829 0.241155028343201 0.241345167160034 0.238213747739792 0.251388132572174 0.136485978960991 0.28288060426712 0.408863753080368 0.140687212347984 0.262935042381287 0.303705990314484 0.261889606714249 0.216507717967033 0.157534927129745 0.102128967642784 0.0162656102329493 0.014868626371026 0.0514826513826847 0.143054217100143 0.138488188385963 0.0785197019577026
0.457625299692154 0.458308637142181 0.497672885656357 0.411087423563004 0.383434891700745 0.351470530033112 0.395595133304596 0.368758201599121 0.335573524236679 0.354704946279526 0.435082584619522 0.404701471328735 0.323227435350418 0.270301729440689 0.249503612518311 0.209929868578911 0.187707930803299 0.162442535161972 0.188150063157082 0.0936941206455231 0.106617636978626 0.109110377728939 0.131866782903671 0.18356628715992 0.238464951515198 0.243549302220345 0.239023044705391 0.239805102348328 0.137300670146942 0.129491403698921 0.334283620119095 0.178663164377213 0.117482163012028 0.215168371796608 0.239155143499374 0.168615728616714 0.138935565948486 0.0995445027947426 0.0500274449586868 0.0511852987110615 0.104657836258411 0.138777941465378 0.148351714015007 0.0910736247897148
0.40714493393898 0.431009560823441 0.442906677722931 0.380642712116241 0.365502238273621 0.301368892192841 0.331567049026489 0.310743629932404 0.337936401367188 0.342433214187622 0.310974836349487 0.313950508832932 0.28843966126442 0.243296012282372 0.198805049061775 0.171135470271111 0.143903344869614 0.133004322648048 0.13914954662323 0.0685462951660156 0.0610278286039829 0.0793105885386467 0.116923056542873 0.16906426846981 0.215178534388542 0.264613717794418 0.243219822645187 0.256857186555862 0.233555316925049 0.126742318272591 0.042091716080904 0.0370962209999561 0.114970847964287 0.2156902551651 0.187817499041557 0.148285076022148 0.104318484663963 0.114105269312859 0.108616702258587 0.0993996560573578 0.135005429387093 0.15951943397522 0.161246955394745 0.134538725018501
0.397309839725494 0.389406234025955 0.416013807058334 0.371909081935883 0.301615417003632 0.285682201385498 0.301748901605606 0.259580224752426 0.300915718078613 0.305175274610519 0.298120349645615 0.256373852491379 0.263144344091415 0.19794550538063 0.173057481646538 0.143180757761002 0.1076700091362 0.0949911698698997 0.0834784433245659 0.0679519921541214 0.0384020991623402 0.0576237589120865 0.0930663570761681 0.161051049828529 0.235232427716255 0.292567938566208 0.294458448886871 0.252617359161377 0.249479338526726 0.153000757098198 0.307695835828781 0.12184551358223 0.171531096100807 0.171621829271317 0.149467468261719 0.144402638077736 0.136874958872795 0.121647566556931 0.123718976974487 0.137451872229576 0.155138358473778 0.162155419588089 0.172909885644913 0.144419342279434
0.321326643228531 0.327611327171326 0.351532459259033 0.329096168279648 0.277961671352386 0.277240008115768 0.259866148233414 0.290111124515533 0.308076232671738 0.330566108226776 0.312247067689896 0.278572201728821 0.257351368665695 0.209014520049095 0.167526572942734 0.151317521929741 0.104678943753242 0.0689345896244049 0.048787422478199 0.0497298128902912 0.0288405995815992 0.0493659153580666 0.0943953767418861 0.175175666809082 0.290879219770432 0.293332725763321 0.288889765739441 0.265792399644852 0.274648904800415 0.267345577478409 0.522275507450104 0.26878148317337 0.207896023988724 0.182689443230629 0.186430603265762 0.216737389564514 0.21012656390667 0.143911898136139 0.161929652094841 0.16192352771759 0.176571354269981 0.183057174086571 0.164717510342598 0.121913440525532
0.267026007175446 0.328074246644974 0.300756841897964 0.268198490142822 0.235742479562759 0.241639465093613 0.285769551992416 0.361982196569443 0.37792432308197 0.341851145029068 0.327519953250885 0.297345876693726 0.244230970740318 0.205145448446274 0.200659409165382 0.190460413694382 0.181029230356216 0.0732448995113373 0.056792076677084 0.043947946280241 0.04632917791605 0.0693512707948685 0.128490924835205 0.219760522246361 0.332708775997162 0.329315006732941 0.332964271306992 0.31153529882431 0.301524788141251 0.313379317522049 0.490855097770691 0.229207962751389 0.213069960474968 0.229365110397339 0.293626010417938 0.281635195016861 0.233914270997047 0.22280640900135 0.171860069036484 0.181570962071419 0.211524918675423 0.20806822180748 0.138123393058777 0.070297047495842
0.263292521238327 0.301067799329758 0.262793660163879 0.244974210858345 0.235088095068932 0.300760865211487 0.311573147773743 0.369302004575729 0.37169936299324 0.359326004981995 0.32238107919693 0.316028982400894 0.24477082490921 0.219406634569168 0.203609436750412 0.276655793190002 0.230722919106483 0.0966176837682724 0.0764166414737701 0.0761012881994247 0.0831099897623062 0.114172212779522 0.181782454252243 0.308339595794678 0.364886611700058 0.347779363393784 0.329518765211105 0.310180068016052 0.311686038970947 0.298610866069794 0.344033241271973 0.234048694372177 0.228353023529053 0.258592009544373 0.316494017839432 0.324811369180679 0.237483024597168 0.242657274007797 0.227871015667915 0.24384979903698 0.262247860431671 0.193135023117065 0.127301022410393 0.0663578808307648
0.243924289941788 0.31153815984726 0.223707467317581 0.222038954496384 0.228735357522964 0.28903529047966 0.313680410385132 0.358074516057968 0.383438020944595 0.378848791122437 0.34468686580658 0.277340322732925 0.276106506586075 0.242570623755455 0.287094354629517 0.307395458221436 0.293536216020584 0.218724101781845 0.116228401660919 0.121254540979862 0.136489674448967 0.191874235868454 0.28115850687027 0.347947537899017 0.342228770256042 0.353515118360519 0.35661569237709 0.34660941362381 0.337120652198792 0.30232647061348 0.286168694496155 0.283331602811813 0.270139545202255 0.325641185045242 0.348803967237473 0.300004631280899 0.272582471370697 0.298750013113022 0.338157296180725 0.418342441320419 0.403276115655899 0.229153499007225 0.11003690212965 0.0759124681353569
0.228675410151482 0.222039997577667 0.177849009633064 0.239005371928215 0.242105856537819 0.267476350069046 0.260208487510681 0.320886999368668 0.346650213003159 0.390051245689392 0.333614110946655 0.311226427555084 0.308131366968155 0.375860571861267 0.370328664779663 0.392363697290421 0.38493800163269 0.335016012191772 0.195820152759552 0.198370009660721 0.233806923031807 0.262694358825684 0.33306097984314 0.357695400714874 0.327484250068665 0.36343777179718 0.392673373222351 0.357388228178024 0.339538186788559 0.37406399846077 0.350242644548416 0.326817333698273 0.352066427469254 0.4657082259655 0.324941426515579 0.317350625991821 0.331748992204666 0.3806092441082 0.457442373037338 0.471240520477295 0.372100621461868 0.256976634263992 0.124871246516705 0.0511851608753204
0.230363935232162 0.177364245057106 0.182962462306023 0.204529985785484 0.231634244322777 0.18863782286644 0.252624899148941 0.29761004447937 0.318448603153229 0.393515050411224 0.351739794015884 0.351868391036987 0.40681591629982 0.443742394447327 0.438022583723068 0.426461398601532 0.445644557476044 0.31449630856514 0.269484788179398 0.274706542491913 0.29466649889946 0.329771608114243 0.341749519109726 0.354438334703445 0.368988543748856 0.387659072875977 0.354760885238647 0.391855418682098 0.420535832643509 0.460657805204391 0.447227507829666 0.384844601154327 0.492288768291473 0.524574935436249 0.415847390890121 0.373922884464264 0.4092937707901 0.433959633111954 0.542112410068512 0.385383993387222 0.311262518167496 0.206910699605942 0.0608419105410576 0.0672470778226852
0.208103269338608 0.198147892951965 0.200217008590698 0.199184715747833 0.181170582771301 0.152517572045326 0.20850932598114 0.281257212162018 0.344812452793121 0.391016691923141 0.406955659389496 0.386193364858627 0.509987950325012 0.492920756340027 0.463941782712936 0.437874913215637 0.518247365951538 0.334676951169968 0.329656600952148 0.322364747524261 0.376292616128922 0.401826232671738 0.44599848985672 0.409562528133392 0.404730260372162 0.382429927587509 0.393569529056549 0.409152388572693 0.5116206407547 0.632928073406219 0.512798130512238 0.530238687992096 0.561153948307037 0.537400245666504 0.389140903949738 0.454750269651413 0.488238632678986 0.460922300815582 0.538076400756836 0.429158568382263 0.297684073448181 0.221816956996918 0.0732338428497314 0.108941219747066
0.191828459501266 0.248702853918076 0.220647320151329 0.20124813914299 0.182233110070229 0.15817566215992 0.205479428172112 0.237174242734909 0.320832341909409 0.392690271139145 0.425470530986786 0.415292322635651 0.550009548664093 0.522589385509491 0.472143173217773 0.495167672634125 0.58393806219101 0.463210225105286 0.407249569892883 0.41827854514122 0.486438482999802 0.575624525547028 0.456000506877899 0.359568268060684 0.372557610273361 0.389390707015991 0.417565703392029 0.422999143600464 0.589426040649414 0.720192611217499 0.63055956363678 0.60866242647171 0.548655688762665 0.50522518157959 0.468578159809113 0.462234675884247 0.505358994007111 0.526981174945831 0.515644490718842 0.409646362066269 0.248418569564819 0.0867033302783966 0.0792180821299553 0.133958160877228
0.235417351126671 0.242812961339951 0.24552184343338 0.227797761559486 0.189953193068504 0.194987997412682 0.201106503605843 0.272605389356613 0.350982755422592 0.463949501514435 0.450713783502579 0.489038079977036 0.575511872768402 0.56467205286026 0.534725427627563 0.584328174591064 0.713691473007202 0.63568103313446 0.50811505317688 0.450873374938965 0.564046144485474 0.540535032749176 0.436149805784225 0.38757786154747 0.401324182748795 0.417410641908646 0.437532722949982 0.455401510000229 0.592226564884186 0.736236035823822 0.663506209850311 0.606940746307373 0.596910178661346 0.523504018783569 0.462885767221451 0.509316205978394 0.513037860393524 0.589839398860931 0.558633923530579 0.388478338718414 0.25908163189888 0.0853153094649315 0.189966425299644 0.208598509430885
0.234595641493797 0.303674757480621 0.297402292490005 0.249517664313316 0.234418913722038 0.21493798494339 0.287318170070648 0.308549076318741 0.409571021795273 0.510684132575989 0.486358910799026 0.593446969985962 0.625763833522797 0.633150577545166 0.603726148605347 0.620532393455505 0.767227292060852 0.611509144306183 0.496519416570663 0.500207901000977 0.506428837776184 0.443563342094421 0.406379282474518 0.356544524431229 0.450617164373398 0.580739676952362 0.570710003376007 0.567985534667969 0.631830871105194 0.720762312412262 0.657502949237823 0.608747482299805 0.571926236152649 0.527326762676239 0.504345715045929 0.519546508789062 0.505703210830688 0.510725617408752 0.496385931968689 0.329444378614426 0.10194107145071 0.0947183147072792 0.13645713031292 0.256576120853424
0.232664987444878 0.265991240739822 0.273701608181 0.305336624383926 0.263597846031189 0.326110661029816 0.386656105518341 0.45390784740448 0.528839409351349 0.568807065486908 0.502895295619965 0.591972351074219 0.673610866069794 0.671548545360565 0.621983885765076 0.594868004322052 0.733649969100952 0.722701966762543 0.668620824813843 0.52113139629364 0.480255305767059 0.526280164718628 0.387367308139801 0.406070798635483 0.56367427110672 0.775935709476471 0.67955881357193 0.562904059886932 0.649101316928864 0.71738475561142 0.663053870201111 0.618060827255249 0.558347165584564 0.568654954433441 0.502629339694977 0.52751213312149 0.45506477355957 0.46188822388649 0.380325824022293 0.277458935976028 0.104122489690781 0.315141916275024 0.208702489733696 0.24859730899334
0.225644558668137 0.263594686985016 0.315741181373596 0.259050101041794 0.27966383099556 0.392618656158447 0.514430224895477 0.614396035671234 0.629243433475494 0.632339000701904 0.525964915752411 0.615594148635864 0.678358614444733 0.650186419487 0.560851991176605 0.613133668899536 0.573261499404907 0.779010653495789 0.614452421665192 0.517941474914551 0.549479603767395 0.62478893995285 0.387006312608719 0.489104807376862 0.715110123157501 0.843476533889771 0.69423234462738 0.630042135715485 0.58966475725174 0.677478075027466 0.662575960159302 0.613156735897064 0.60694694519043 0.543357789516449 0.530947268009186 0.489189565181732 0.391088217496872 0.382980972528458 0.347972899675369 0.228166282176971 0.173846662044525 0.328953117132187 0.393111795186996 0.432515919208527
0.207788750529289 0.262771457433701 0.27169132232666 0.226506769657135 0.272556304931641 0.398148953914642 0.546747863292694 0.631387412548065 0.607801795005798 0.651760816574097 0.593419134616852 0.551338195800781 0.55731201171875 0.59401547908783 0.649403512477875 0.648563325405121 0.580453753471375 0.725586295127869 0.70876145362854 0.635219752788544 0.557578444480896 0.595327496528625 0.553344786167145 0.711849629878998 0.790800988674164 0.851621925830841 0.690803706645966 0.639814913272858 0.608607828617096 0.632240772247314 0.682209730148315 0.750842571258545 0.652753055095673 0.460288882255554 0.407485723495483 0.393595397472382 0.44548636674881 0.478411912918091 0.380265802145004 0.213562518358231 0.291995465755463 0.351897329092026 0.447512924671173 0.483849942684174
0.166355162858963 0.193396031856537 0.200015917420387 0.206233590841293 0.289959520101547 0.33072492480278 0.499262660741806 0.562262058258057 0.550685822963715 0.589253902435303 0.612997353076935 0.514955163002014 0.546602785587311 0.618673026561737 0.681612193584442 0.719594776630402 0.679824709892273 0.63426274061203 0.567094326019287 0.554072260856628 0.533591389656067 0.576639473438263 0.631426751613617 0.742200791835785 0.811148524284363 0.682873010635376 0.654130816459656 0.618232131004333 0.622187852859497 0.619590580463409 0.752816677093506 0.776052176952362 0.662187516689301 0.45783194899559 0.364660739898682 0.444244116544724 0.448823273181915 0.40340393781662 0.276991695165634 0.216863319277763 0.292525619268417 0.375781267881393 0.433569937944412 0.456124991178513
