data/climate_estimation/maxent_output/Alstroemeria_revoluta.asc
NCOLS 31 
NROWS 64 
XLLCORNER -72.9166666666667 
YLLCORNER -38.1666666666667 
CELLSIZE 0.0833333333333332 
NODATA_value -3.4e+38 
[rows 0 to 28 of 64, columns 0 to 30 of 31]
-339999999999999996123846586046231871488.000000000000000 -3.4e+38 -3.4e+38 -3.4e+38 -3.4e+38 -3.4e+38 -3.4e+38 -3.4e+38 -3.4e+38 -3.4e+38 -3.4e+38 -3.4e+38 -3.4e+38 -3.4e+38 -3.4e+38 -3.4e+38 0.99963241815567 0.998928666114807 0.997455656528473 0.986845970153809 0.970512330532074 0.976488471031189 0.973240256309509 0.918714165687561 0.826867163181305 0.797584116458893 0.605164527893066 0.448367118835449 0.536221206188202 0.795779705047607 0.847167432308197
-3.4e+38 -3.4e+38 -3.4e+38 -3.4e+38 -3.4e+38 -3.4e+38 -3.4e+38 -3.4e+38 -3.4e+38 -3.4e+38 -3.4e+38 -3.4e+38 -3.4e+38 -3.4e+38 -3.4e+38 -3.4e+38 0.999923408031464 0.999622106552124 0.995376348495483 0.980001330375671 0.979672312736511 0.983435332775116 0.987801909446716 0.959246218204498 0.891923606395721 0.781128585338593 0.783918023109436 0.896874487400055 0.896294772624969 0.99928879737854 0.998258709907532
-3.4e+38 -3.4e+38 -3.4e+38 -3.4e+38 -3.4e+38 -3.4e+38 -3.4e+38 -3.4e+38 -3.4e+38 -3.4e+38 -3.4e+38 -3.4e+38 -3.4e+38 -3.4e+38 0.999658823013306 0.999960362911224 0.99987781047821 0.999615073204041 0.99896252155304 0.993574976921082 0.974408566951752 0.975727915763855 0.971436858177185 0.940282583236694 0.865810692310333 0.729263424873352 0.647716164588928 0.748397886753082 0.980360567569733 0.999605000019073 0.995165586471558
-3.4e+38 -3.4e+38 -3.4e+38 -3.4e+38 -3.4e+38 -3.4e+38 -3.4e+38 -3.4e+38 -3.4e+38 -3.4e+38 -3.4e+38 -3.4e+38 -3.4e+38 0.99952495098114 0.999791741371155 0.999984681606293 0.999993741512299 0.999936401844025 0.998845636844635 0.997361779212952 0.99112743139267 0.992416739463806 0.993577361106873 0.966892421245575 0.844768702983856 0.727739572525024 0.636526644229889 0.782213389873505 0.993757545948029 0.999526798725128 0.98842865228653
-3.4e+38 -3.4e+38 -3.4e+38 -3.4e+38 -3.4e+38 -3.4e+38 -3.4e+38 -3.4e+38 -3.4e+38 -3.4e+38 -3.4e+38 -3.4e+38 -3.4e+38 -3.4e+38 0.998028874397278 0.999958157539368 0.999975800514221 0.999869108200073 0.999546051025391 0.997199177742004 0.993773698806763 0.981285989284515 0.994882881641388 0.983307003974915 0.871199131011963 0.735231041908264 0.640551090240479 0.634555399417877 0.950796604156494 0.999595046043396 0.999491453170776
-3.4e+38 -3.4e+38 -3.4e+38 -3.4e+38 -3.4e+38 -3.4e+38 -3.4e+38 -3.4e+38 -3.4e+38 -3.4e+38 -3.4e+38 -3.4e+38 -3.4e+38 -3.4e+38 0.993321299552917 0.998071610927582 0.999829530715942 0.999470055103302 0.996975183486938 0.99273282289505 0.993849277496338 0.964239776134491 0.982724726200104 0.987990379333496 0.806079983711243 0.71779990196228 0.637582778930664 0.659726023674011 0.866353988647461 0.952101528644562 0.995168805122375
-3.4e+38 -3.4e+38 -3.4e+38 -3.4e+38 -3.4e+38 -3.4e+38 -3.4e+38 -3.4e+38 -3.4e+38 -3.4e+38 -3.4e+38 -3.4e+38 -3.4e+38 -3.4e+38 0.95421838760376 0.986925065517426 0.99650627374649 0.996415078639984 0.991393387317657 0.989497661590576 0.981165111064911 0.875228643417358 0.915504992008209 0.957285702228546 0.814036786556244 0.711320817470551 0.589027285575867 0.652289211750031 0.659282684326172 0.895196497440338 0.941058397293091
-3.4e+38 -3.4e+38 -3.4e+38 -3.4e+38 -3.4e+38 -3.4e+38 -3.4e+38 -3.4e+38 -3.4e+38 -3.4e+38 -3.4e+38 -3.4e+38 -3.4e+38 -3.4e+38 0.946981132030487 0.953860402107239 0.983359158039093 0.98432058095932 0.988834917545319 0.943487107753754 0.904624402523041 0.844026267528534 0.691544711589813 0.879017651081085 0.751013159751892 0.658677637577057 0.593329548835754 0.551862180233002 0.604680240154266 0.997326493263245 0.998379170894623
-3.4e+38 -3.4e+38 -3.4e+38 -3.4e+38 -3.4e+38 -3.4e+38 -3.4e+38 -3.4e+38 -3.4e+38 -3.4e+38 -3.4e+38 -3.4e+38 -3.4e+38 -3.4e+38 -3.4e+38 0.877157092094421 0.925902187824249 0.931770443916321 0.975575745105743 0.943396747112274 0.771643877029419 0.757871329784393 0.767358005046844 0.779558897018433 0.687005877494812 0.573821246623993 0.550392389297485 0.548804461956024 0.661854147911072 0.991460621356964 0.978008925914764
-3.4e+38 -3.4e+38 -3.4e+38 -3.4e+38 -3.4e+38 -3.4e+38 -3.4e+38 -3.4e+38 -3.4e+38 -3.4e+38 -3.4e+38 -3.4e+38 -3.4e+38 -3.4e+38 -3.4e+38 0.796044111251831 0.867573976516724 0.893225967884064 0.861736834049225 0.795043051242828 0.7204509973526 0.787991940975189 0.788677334785461 0.711625337600708 0.598766028881073 0.56069678068161 0.525656759738922 0.522671341896057 0.580111563205719 0.949326694011688 0.939848005771637
-3.4e+38 -3.4e+38 -3.4e+38 -3.4e+38 -3.4e+38 -3.4e+38 -3.4e+38 -3.4e+38 -3.4e+38 -3.4e+38 -3.4e+38 -3.4e+38 -3.4e+38 -3.4e+38 0.72731751203537 0.820687174797058 0.804490089416504 0.918650388717651 0.742534041404724 0.676252722740173 0.643252551555634 0.766671359539032 0.669026374816895 0.643730461597443 0.610846698284149 0.568551123142242 0.455247342586517 0.696258783340454 0.639033555984497 0.970600068569183 0.977619826793671
-3.4e+38 -3.4e+38 -3.4e+38 -3.4e+38 -3.4e+38 -3.4e+38 -3.4e+38 -3.4e+38 -3.4e+38 -3.4e+38 -3.4e+38 -3.4e+38 -3.4e+38 0.764089703559875 0.72674036026001 0.770093441009521 0.812228798866272 0.703716456890106 0.648886322975159 0.635182082653046 0.750810205936432 0.797843217849731 0.811674892902374 0.84544175863266 0.649891555309296 0.563769042491913 0.530631482601166 0.653150498867035 0.928447306156158 0.996349632740021 0.998834550380707
-3.4e+38 -3.4e+38 -3.4e+38 -3.4e+38 -3.4e+38 -3.4e+38 -3.4e+38 -3.4e+38 -3.4e+38 -3.4e+38 -3.4e+38 -3.4e+38 0.703399121761322 0.739234149456024 0.725042283535004 0.772469460964203 0.743286073207855 0.700585961341858 0.746199607849121 0.854881763458252 0.734271705150604 0.945930778980255 0.987124085426331 0.936324715614319 0.743662238121033 0.728102445602417 0.624596416950226 0.614713966846466 0.984555125236511 0.999570429325104 0.998635113239288
-3.4e+38 -3.4e+38 -3.4e+38 -3.4e+38 -3.4e+38 -3.4e+38 -3.4e+38 -3.4e+38 -3.4e+38 -3.4e+38 -3.4e+38 -3.4e+38 0.743239402770996 0.744855582714081 0.711122512817383 0.814083695411682 0.768475592136383 0.701576769351959 0.681000649929047 0.755779087543488 0.908582210540771 0.927623093128204 0.913246989250183 0.998012244701385 0.990085780620575 0.965021967887878 0.683914661407471 0.72982656955719 0.99310028553009 0.999277114868164 0.997653365135193
-3.4e+38 -3.4e+38 -3.4e+38 -3.4e+38 -3.4e+38 -3.4e+38 -3.4e+38 -3.4e+38 -3.4e+38 -3.4e+38 -3.4e+38 0.786040365695953 0.869117558002472 0.862758278846741 0.800663888454437 0.806197762489319 0.700832009315491 0.80581933259964 0.727754414081573 0.730993449687958 0.66305685043335 0.79625391960144 0.826983451843262 0.933296322822571 0.96878182888031 0.914402306079865 0.704409122467041 0.735418796539307 0.961229383945465 0.997302949428558 0.998800277709961
-3.4e+38 -3.4e+38 -3.4e+38 -3.4e+38 -3.4e+38 -3.4e+38 -3.4e+38 -3.4e+38 -3.4e+38 -3.4e+38 0.722031354904175 0.789639949798584 0.890101611614227 0.883511304855347 0.864077389240265 0.81488698720932 0.651364088058472 0.624632120132446 0.545802175998688 0.790184020996094 0.899659633636475 0.831716597080231 0.949708938598633 0.99275404214859 0.865361332893372 0.643305957317352 0.630881726741791 0.807238161563873 0.972152888774872 0.991797029972076 0.998408138751984
-339999999999999996123846586046231871488.000000000000000 -3.4e+38 -3.4e+38 -3.4e+38 -3.4e+38 -3.4e+38 -3.4e+38 -3.4e+38 -3.4e+38 -3.4e+38 0.712264716625214 0.886500298976898 0.929746866226196 0.888180732727051 0.845526874065399 0.790097951889038 0.677145898342133 0.566720306873322 0.583209335803986 0.682348668575287 0.792236983776093 0.942407250404358 0.910320162773132 0.789716958999634 0.655998408794403 0.62947016954422 0.734469294548035 0.87456750869751 0.90801465511322 0.946935951709747 0.996741533279419
-3.4e+38 -3.4e+38 -3.4e+38 -3.4e+38 -3.4e+38 -3.4e+38 -3.4e+38 -3.4e+38 -3.4e+38 -3.4e+38 -3.4e+38 0.808436512947083 0.9586421251297 0.863002181053162 0.784435749053955 0.734568059444427 0.628835916519165 0.568206131458282 0.578621387481689 0.637597739696503 0.934202075004578 0.822277426719666 0.698353111743927 0.693927645683289 0.631102085113525 0.58755499124527 0.828723251819611 0.909220576286316 0.93919575214386 0.960332930088043 0.997345447540283
-3.4e+38 -3.4e+38 -3.4e+38 -3.4e+38 -3.4e+38 -3.4e+38 -3.4e+38 -3.4e+38 -3.4e+38 -3.4e+38 0.696206510066986 0.766953766345978 0.962962985038757 0.916391551494598 0.740673720836639 0.676418125629425 0.655998289585114 0.567088305950165 0.630139052867889 0.697771549224854 0.621033668518066 0.647959887981415 0.71605110168457 0.667619168758392 0.632040441036224 0.625720322132111 0.941793322563171 0.988864541053772 0.979341506958008 0.998294830322266 0.989287734031677
-3.4e+38 -3.4e+38 -3.4e+38 -3.4e+38 -3.4e+38 -3.4e+38 -3.4e+38 -3.4e+38 -3.4e+38 -3.4e+38 0.751847267150879 0.827480554580688 0.928474605083466 0.945342242717743 0.762385427951813 0.767054557800293 0.635102987289429 0.609616100788116 0.585103571414948 0.707521140575409 0.807617485523224 0.658763527870178 0.714473605155945 0.732042849063873 0.711057186126709 0.822016954421997 0.954454720020294 0.994904816150665 0.999088048934937 0.998065710067749 0.995623230934143
-3.4e+38 -3.4e+38 -3.4e+38 -3.4e+38 -3.4e+38 -3.4e+38 -3.4e+38 -3.4e+38 -3.4e+38 -3.4e+38 0.835735619068146 0.781040787696838 0.833828866481781 0.849764108657837 0.850192606449127 0.7686567902565 0.916548311710358 0.755252122879028 0.637635171413422 0.863184571266174 0.825569868087769 0.930865943431854 0.908834338188171 0.834685325622559 0.878885269165039 0.980059444904327 0.986957788467407 0.993550777435303 0.998825907707214 0.997365951538086 0.978311657905579
-3.4e+38 -3.4e+38 -3.4e+38 -3.4e+38 -3.4e+38 -3.4e+38 -3.4e+38 -3.4e+38 -3.4e+38 -3.4e+38 0.844878554344177 0.808808922767639 0.833842098712921 0.796913683414459 0.764968454837799 0.828497111797333 0.944203197956085 0.865182399749756 0.691435039043427 0.771882593631744 0.873922348022461 0.852983236312866 0.866782069206238 0.852474093437195 0.900468230247498 0.936785936355591 0.991223216056824 0.998828530311584 0.995172798633575 0.993558466434479 0.649339616298676
-3.4e+38 -3.4e+38 -3.4e+38 -3.4e+38 -3.4e+38 -3.4e+38 -3.4e+38 -3.4e+38 -3.4e+38 0.870319902896881 0.881504476070404 0.843847036361694 0.87025386095047 0.840096235275269 0.753822326660156 0.854911506175995 0.877742767333984 0.853128731250763 0.772481441497803 0.711337625980377 0.736852526664734 0.898416757583618 0.859697580337524 0.849264204502106 0.882108509540558 0.960089027881622 0.951088607311249 0.995653808116913 0.98485791683197 0.996554911136627 0.96714460849762
-3.4e+38 -3.4e+38 -3.4e+38 -3.4e+38 -3.4e+38 -3.4e+38 -3.4e+38 -3.4e+38 -3.4e+38 0.950294733047485 0.886877298355103 0.866045951843262 0.872784674167633 0.837308526039124 0.785927295684814 0.931318759918213 0.967989921569824 0.928072214126587 0.874259293079376 0.828661739826202 0.784837305545807 0.776844143867493 0.765791475772858 0.800529003143311 0.966222107410431 0.958703637123108 0.9454665184021 0.988566756248474 0.993746697902679 0.993460178375244 0.896320998668671
-3.4e+38 -3.4e+38 -3.4e+38 -3.4e+38 -3.4e+38 -3.4e+38 -3.4e+38 -3.4e+38 0.956367254257202 0.971073985099792 0.93563324213028 0.873643815517426 0.835259854793549 0.847122013568878 0.864019572734833 0.885823249816895 0.826542913913727 0.891442358493805 0.932771682739258 0.716740190982819 0.714534819126129 0.740255355834961 0.762255251407623 0.809328019618988 0.958565890789032 0.99494481086731 0.995331525802612 0.996617257595062 0.993081748485565 0.993787050247192 0.951585412025452
-3.4e+38 -3.4e+38 -3.4e+38 -3.4e+38 -3.4e+38 -3.4e+38 -3.4e+38 -3.4e+38 0.958675682544708 0.978764951229095 0.95762026309967 0.938262820243835 0.866291105747223 0.848390579223633 0.818132936954498 0.766780197620392 0.819324374198914 0.869092643260956 0.683527588844299 0.611187517642975 0.644536018371582 0.720235645771027 0.768350422382355 0.844472348690033 0.885972738265991 0.979906737804413 0.993336021900177 0.995416641235352 0.9948371052742 0.992281019687653 0.98166298866272
-3.4e+38 -3.4e+38 -3.4e+38 -3.4e+38 -3.4e+38 -3.4e+38 -3.4e+38 -3.4e+38 0.956332325935364 0.968175172805786 0.929328501224518 0.905986547470093 0.909365892410278 0.843026518821716 0.697538197040558 0.779741406440735 0.752173781394958 0.639306843280792 0.76472806930542 0.586787521839142 0.601892948150635 0.736779928207397 0.790505468845367 0.917608380317688 0.955110669136047 0.940788984298706 0.971540987491608 0.990007221698761 0.982442915439606 0.989045798778534 0.961810946464539
-3.4e+38 -3.4e+38 -3.4e+38 -3.4e+38 -3.4e+38 -3.4e+38 -3.4e+38 0.974815130233765 0.968277633190155 0.976031720638275 0.965581119060516 0.90467780828476 0.914378643035889 0.909772276878357 0.717702209949493 0.632046937942505 0.704111993312836 0.746647953987122 0.670231461524963 0.592445909976959 0.607016921043396 0.718985378742218 0.884986698627472 0.951047539710999 0.971119046211243 0.966345489025116 0.990041196346283 0.992545247077942 0.992354929447174 0.985791623592377 0.980218470096588
-3.4e+38 -3.4e+38 -3.4e+38 -3.4e+38 -3.4e+38 -3.4e+38 0.977968811988831 0.975799798965454 0.989170610904694 0.976226806640625 0.95835292339325 0.918438136577606 0.955234348773956 0.86451530456543 0.715887606143951 0.720313251018524 0.638229310512543 0.623850286006927 0.536455273628235 0.575081884860992 0.609659016132355 0.796748757362366 0.864911258220673 0.936047673225403 0.987924158573151 0.994672298431396 0.993113577365875 0.989437222480774 0.978374421596527 0.983240902423859 0.974216461181641
