data/climate_estimation/maxent_output/Alstroemeria_magnifica.asc
NCOLS 32 
NROWS 195 
XLLCORNER -71.75 
YLLCORNER -34 
CELLSIZE 0.0833333333333335 
NODATA_value -3.4e+38 
[rows 58 to 86 of 195, columns 0 to 31 of 32]
-3.4e+38 -3.4e+38 -3.4e+38 -3.4e+38 -3.4e+38 -3.4e+38 -3.4e+38 -3.4e+38 -3.4e+38 -3.4e+38 -3.4e+38 -3.4e+38 -3.4e+38 -3.4e+38 -3.4e+38 -3.4e+38 -3.4e+38 0.0194372069090605 0.00683090882375836 0.000910295755602419 0.00485989451408386 0.00458877673372626 0.0451047122478485 0.0426752306520939 0.224753186106682 0.227702721953392 0.701865017414093 0.679879248142242 0.257599055767059 0.078860342502594 0.217011108994484 0.374610900878906
-3.4e+38 -3.4e+38 -3.4e+38 -3.4e+38 -3.4e+38 -3.4e+38 -3.4e+38 -3.4e+38 -3.4e+38 -3.4e+38 -3.4e+38 -3.4e+38 -3.4e+38 -3.4e+38 -3.4e+38 -3.4e+38 -3.4e+38 0.020223330706358 0.00716340355575085 0.00495678279548883 0.00475375447422266 0.00456365570425987 0.04439352825284 0.0434143990278244 0.220068842172623 0.231018573045731 0.707181751728058 0.269979327917099 0.353455394506454 0.0823840200901031 0.220120295882225 0.395472407341003
-3.4e+38 -3.4e+38 -3.4e+38 -3.4e+38 -3.4e+38 -3.4e+38 -3.4e+38 -3.4e+38 -3.4e+38 -3.4e+38 -3.4e+38 -3.4e+38 -3.4e+38 -3.4e+38 -3.4e+38 -3.4e+38 -3.4e+38 0.0145834190770984 0.00724346423521638 0.00495852017775178 0.00478062639012933 0.00908609386533499 0.0444482676684856 0.0413286462426186 0.221018061041832 0.240384787321091 0.705056369304657 0.270787954330444 0.386768162250519 0.0789017006754875 0.217996940016747 0.387167632579803
-3.4e+38 -3.4e+38 -3.4e+38 -3.4e+38 -3.4e+38 -3.4e+38 -3.4e+38 -3.4e+38 -3.4e+38 -3.4e+38 -3.4e+38 -3.4e+38 -3.4e+38 -3.4e+38 -3.4e+38 -3.4e+38 -3.4e+38 0.0145883969962597 0.00715116830542684 0.00952863786369562 0.00493697496131063 0.00908014271408319 0.0438133962452412 0.0414830595254898 0.221267268061638 0.237458094954491 0.710916101932526 0.282251417636871 0.390760183334351 0.0796651765704155 0.215549290180206 0.320642322301865
-3.4e+38 -3.4e+38 -3.4e+38 -3.4e+38 -3.4e+38 -3.4e+38 -3.4e+38 -3.4e+38 -3.4e+38 -3.4e+38 -3.4e+38 -3.4e+38 -3.4e+38 -3.4e+38 -3.4e+38 -3.4e+38 0.0154514517635107 0.0153075531125069 0.0140616167336702 0.00971134845167398 0.0091826319694519 0.00889021903276443 0.0436367094516754 0.0414890088140965 0.235924556851387 0.23528479039669 0.702852010726929 0.279451310634613 0.355734944343567 0.0819668099284172 0.18060003221035 0.269036471843719
-3.4e+38 -3.4e+38 -3.4e+38 -3.4e+38 -3.4e+38 -3.4e+38 -3.4e+38 -3.4e+38 -3.4e+38 -3.4e+38 -3.4e+38 -3.4e+38 -3.4e+38 -3.4e+38 0.0178254246711731 0.0170461125671864 0.0164991188794374 0.0150448698550463 0.0143234273418784 0.014977271668613 0.00938656274229288 0.0134102022275329 0.0503286086022854 0.0468550510704517 0.228515967726707 0.242018863558769 0.697526454925537 0.198202311992645 0.260634034872055 0.0825565978884697 0.181260168552399 0.275961637496948
-3.4e+38 -3.4e+38 -3.4e+38 -3.4e+38 -3.4e+38 -3.4e+38 -3.4e+38 -3.4e+38 -3.4e+38 -3.4e+38 -3.4e+38 -3.4e+38 -3.4e+38 -3.4e+38 0.0289085321128368 0.0175529476255178 0.0172607284039259 0.0157178565859795 0.0139643624424934 0.0147958854213357 0.0142572745680809 0.0132674425840378 0.012675978243351 0.0462360419332981 0.0544030517339706 0.222721114754677 0.698490738868713 0.673141419887543 0.788402557373047 0.0853477790951729 0.194487050175667 0.290352880954742
-3.4e+38 -3.4e+38 -3.4e+38 -3.4e+38 -3.4e+38 -3.4e+38 -3.4e+38 -3.4e+38 -3.4e+38 -3.4e+38 -3.4e+38 -3.4e+38 -3.4e+38 0.0100878803059459 0.0298532973974943 0.0285289455205202 0.0272332318127155 0.0153055647388101 0.01315579097718 0.0146027058362961 0.014106173068285 0.0176704507321119 0.0164019837975502 0.0572825148701668 0.0515064373612404 0.214950397610664 0.693248093128204 0.80693393945694 0.402877539396286 0.0860220268368721 0.202383920550346 0.258789747953415
-3.4e+38 -3.4e+38 -3.4e+38 -3.4e+38 -3.4e+38 -3.4e+38 -3.4e+38 -3.4e+38 -3.4e+38 -3.4e+38 -3.4e+38 -3.4e+38 -3.4e+38 0.0191621724516153 0.0301885977387428 0.0288532692939043 0.0279802419245243 0.0148712946102023 0.0120116472244263 0.0142450602725148 0.0139813264831901 0.0177457649260759 0.016664432361722 0.0574886128306389 0.0511859506368637 0.212842062115669 0.699741661548615 0.825653970241547 0.157676935195923 0.356704711914062 0.20810079574585 0.264166623353958
-3.4e+38 -3.4e+38 -3.4e+38 -3.4e+38 -3.4e+38 -3.4e+38 -3.4e+38 -3.4e+38 -3.4e+38 -3.4e+38 -3.4e+38 -3.4e+38 -3.4e+38 0.0103689022362232 0.0304430760443211 0.0295588355511427 0.0179450195282698 0.0146646192297339 0.0128076607361436 0.0125937340781093 0.0139622054994106 0.0129640232771635 0.01622623950243 0.0551946945488453 0.0505885630846024 0.20020554959774 0.692055463790894 0.810095965862274 0.778324723243713 0.154470309615135 0.363705009222031 0.754786789417267
-3.4e+38 -3.4e+38 -3.4e+38 -3.4e+38 -3.4e+38 -3.4e+38 -3.4e+38 -3.4e+38 -3.4e+38 -3.4e+38 -3.4e+38 -3.4e+38 -3.4e+38 0.0194697547703981 0.0295907240360975 0.114365316927433 0.0172440018504858 0.0142338937148452 0.0136367343366146 0.0130860051140189 0.0140360482037067 0.0125705562531948 0.0184967387467623 0.0547344870865345 0.0492384843528271 0.201114982366562 0.701933205127716 0.670182764530182 0.793638169765472 0.154465794563293 0.35047972202301 0.670184671878815
-3.4e+38 -3.4e+38 -3.4e+38 -3.4e+38 -3.4e+38 -3.4e+38 -3.4e+38 -3.4e+38 -3.4e+38 -3.4e+38 -3.4e+38 -3.4e+38 -3.4e+38 0.0194325391203165 0.0385236740112305 0.0183078423142433 0.0253186225891113 0.0144811160862446 0.0140793574973941 0.012363413348794 0.0129583179950714 0.016463715583086 0.0179996285587549 0.0171470064669847 0.0467956960201263 0.193822711706161 0.185452342033386 0.665884792804718 0.771846413612366 0.149142727255821 0.334451705217361 0.331000149250031
-3.4e+38 -3.4e+38 -3.4e+38 -3.4e+38 -3.4e+38 -3.4e+38 -3.4e+38 -3.4e+38 -3.4e+38 -3.4e+38 -3.4e+38 -3.4e+38 -3.4e+38 -3.4e+38 -3.4e+38 0.00894477404654026 0.0246155466884375 0.0143420360982418 0.0137083940207958 0.0120205143466592 0.0122993784025311 0.016197694465518 0.018463172018528 0.0168023444712162 0.0464214943349361 0.0432527586817741 0.180733993649483 0.659878253936768 0.79932302236557 0.759951651096344 0.141372680664062 0.352380514144897
-3.4e+38 -3.4e+38 -3.4e+38 -3.4e+38 -3.4e+38 -3.4e+38 -3.4e+38 -3.4e+38 -3.4e+38 -3.4e+38 -3.4e+38 -3.4e+38 -3.4e+38 -3.4e+38 -3.4e+38 0.00877303164452314 0.0152049586176872 0.0143250254914165 0.0135063426569104 0.0124106165021658 0.0176975019276142 0.0167210903018713 0.0181512497365475 0.0161061957478523 0.0484181642532349 0.0428108759224415 0.181773215532303 0.6480473279953 0.649234592914581 0.772754549980164 0.909748136997223 0.36015248298645
-3.4e+38 -3.4e+38 -3.4e+38 -3.4e+38 -3.4e+38 -3.4e+38 -3.4e+38 -3.4e+38 -3.4e+38 -3.4e+38 -3.4e+38 -3.4e+38 -3.4e+38 -3.4e+38 0.00856013502925634 0.0250982400029898 0.0234185587614775 0.0214809514582157 0.0122920274734497 0.011562523432076 0.0172448027879 0.0185542348772287 0.0178773328661919 0.0163061507046223 0.0439033061265945 0.0425135865807533 0.174477472901344 0.166368290781975 0.612996637821198 0.752887606620789 0.926524937152863 0.361025780439377
-3.4e+38 -3.4e+38 -3.4e+38 -3.4e+38 -3.4e+38 -3.4e+38 -3.4e+38 -3.4e+38 -3.4e+38 -3.4e+38 -3.4e+38 -3.4e+38 -3.4e+38 -3.4e+38 0.0161068346351385 0.0139009794220328 0.012086876668036 0.0202798023819923 0.0102864988148212 0.0145970527082682 0.0159280616790056 0.0173915736377239 0.0169319845736027 0.0158649738878012 0.0430943816900253 0.0413602367043495 0.0394628904759884 0.162008836865425 0.631824195384979 0.795311629772186 0.941786587238312 0.92800235748291
-3.4e+38 -3.4e+38 -3.4e+38 -3.4e+38 -3.4e+38 -3.4e+38 -3.4e+38 -3.4e+38 -3.4e+38 -3.4e+38 -3.4e+38 -3.4e+38 -3.4e+38 -3.4e+38 0.031090684235096 0.012469676323235 0.0111393146216869 0.0185588430613279 0.015118864364922 0.0126961208879948 0.0136832380667329 0.0180201809853315 0.0175785887986422 0.0161140915006399 0.0145467277616262 0.0395660847425461 0.038016214966774 0.160696029663086 0.616812825202942 0.663722574710846 0.821303427219391 0.912010490894318
-3.4e+38 -3.4e+38 -3.4e+38 -3.4e+38 -3.4e+38 -3.4e+38 -3.4e+38 -3.4e+38 -3.4e+38 -3.4e+38 -3.4e+38 -3.4e+38 -3.4e+38 -3.4e+38 0.0310182105749846 0.052433505654335 0.0463247783482075 0.0137213654816151 0.0507851615548134 0.0459715463221073 0.0520482659339905 0.0170572698116302 0.0169954709708691 0.0158062074333429 0.0146213304251432 0.038210965692997 0.0358906909823418 0.159206539392471 0.166190087795258 0.615603446960449 0.782037198543549 0.807102918624878
-3.4e+38 -3.4e+38 -3.4e+38 -3.4e+38 -3.4e+38 -3.4e+38 -3.4e+38 -3.4e+38 -3.4e+38 -3.4e+38 -3.4e+38 -3.4e+38 -3.4e+38 -3.4e+38 0.0292669218033552 0.140632927417755 0.03548863530159 0.0406875275075436 0.0412516705691814 0.0508919656276703 0.0585835017263889 0.0445396304130554 0.0430042892694473 0.0403274893760681 0.038017887622118 0.0793625712394714 0.0793058425188065 0.241039514541626 0.244418069720268 0.617332458496094 0.6721311211586 0.840011775493622
-3.4e+38 -3.4e+38 -3.4e+38 -3.4e+38 -3.4e+38 -3.4e+38 -3.4e+38 -3.4e+38 -3.4e+38 -3.4e+38 -3.4e+38 -3.4e+38 -3.4e+38 -3.4e+38 0.028080478310585 0.125650718808174 0.0295757409185171 0.0300848297774792 0.0284698735922575 0.0364786423742771 0.0394202582538128 0.0385812930762768 0.0407929830253124 0.0391210988163948 0.0350080654025078 0.075235478579998 0.0775672644376755 0.0795831829309464 0.256282567977905 0.28910619020462 0.756055176258087 0.872518718242645
-3.4e+38 -3.4e+38 -3.4e+38 -3.4e+38 -3.4e+38 -3.4e+38 -3.4e+38 -3.4e+38 -3.4e+38 -3.4e+38 -3.4e+38 -3.4e+38 -3.4e+38 -3.4e+38 0.094020314514637 0.0980936214327812 0.0248801689594984 0.0246572494506836 0.0243547689169645 0.0279303174465895 0.0425493605434895 0.0485051944851875 0.0376557260751724 0.0373251661658287 0.0351126678287983 0.0338737294077873 0.0756771564483643 0.0781575962901115 0.256651967763901 0.303680390119553 0.754583060741425 0.085677370429039
-3.4e+38 -3.4e+38 -3.4e+38 -3.4e+38 -3.4e+38 -3.4e+38 -3.4e+38 -3.4e+38 -3.4e+38 -3.4e+38 -3.4e+38 -3.4e+38 -3.4e+38 -3.4e+38 0.190775975584984 0.0971890240907669 0.11933147162199 0.11253697425127 0.127410218119621 0.024863438680768 0.0295551922172308 0.0401664227247238 0.0320993661880493 0.0334902033209801 0.0324616022408009 0.0314508229494095 0.0695542469620705 0.0734508484601974 0.261252611875534 0.286511272192001 0.734404861927032 0.798616111278534
-3.4e+38 -3.4e+38 -3.4e+38 -3.4e+38 -3.4e+38 -3.4e+38 -3.4e+38 -3.4e+38 -3.4e+38 -3.4e+38 -3.4e+38 -3.4e+38 -3.4e+38 -3.4e+38 0.154212325811386 0.240561857819557 0.225383326411247 0.220378369092941 0.115972973406315 0.112952709197998 0.122616238892078 0.0298389531672001 0.0279471278190613 0.027068829163909 0.0304663274437189 0.0285836793482304 0.0288714822381735 0.0641717985272408 0.0807833224534988 0.262191861867905 0.748307645320892 0.79469907283783
-3.4e+38 -3.4e+38 -3.4e+38 -3.4e+38 -3.4e+38 -3.4e+38 -3.4e+38 -3.4e+38 -3.4e+38 -3.4e+38 -3.4e+38 -3.4e+38 -3.4e+38 0.299311190843582 0.166390866041183 0.211697086691856 0.208998471498489 0.201933845877647 0.226088270545006 0.115944840013981 0.120234958827496 0.126134142279625 0.135800272226334 0.0259902253746986 0.0257347375154495 0.0266460385173559 0.0283024106174707 0.0598678439855576 0.0737861543893814 0.27068018913269 0.741798520088196 0.0255709756165743
-3.4e+38 -3.4e+38 -3.4e+38 -3.4e+38 -3.4e+38 -3.4e+38 -3.4e+38 -3.4e+38 -3.4e+38 -3.4e+38 -3.4e+38 -3.4e+38 -3.4e+38 0.280712753534317 0.130192190408707 0.211834117770195 0.307002991437912 0.30900514125824 0.202074661850929 0.208048477768898 0.106024079024792 0.108135677874088 0.118980571627617 0.0976935625076294 0.103921890258789 0.108820028603077 0.104705780744553 0.120359234511852 0.0707680210471153 0.265232086181641 0.0244000516831875 0.0263568665832281
-3.4e+38 -3.4e+38 -3.4e+38 -3.4e+38 -3.4e+38 -3.4e+38 -3.4e+38 -3.4e+38 -3.4e+38 -3.4e+38 -3.4e+38 -3.4e+38 -3.4e+38 0.65812224149704 0.38312554359436 0.316701292991638 0.286666542291641 0.434274911880493 0.291204541921616 0.274145692586899 0.0987829715013504 0.104295179247856 0.105896450579166 0.115224987268448 0.0910355225205421 0.101258032023907 0.115183286368847 0.115227915346622 0.234821796417236 0.565880835056305 0.02329988963902 0.0600906498730183
-3.4e+38 -3.4e+38 -3.4e+38 -3.4e+38 -3.4e+38 -3.4e+38 -3.4e+38 -3.4e+38 -3.4e+38 -3.4e+38 -3.4e+38 -3.4e+38 -3.4e+38 -3.4e+38 0.821292340755463 0.42110612988472 0.423473566770554 0.402609288692474 0.423283100128174 0.43027675151825 0.415733873844147 0.408333361148834 0.0968982949852943 0.100066125392914 0.088937059044838 0.0961733981966972 0.106608897447586 0.111609801650047 0.251470059156418 0.266934961080551 0.0148385912179947 0.0751690044999123
-3.4e+38 -3.4e+38 -3.4e+38 -3.4e+38 -3.4e+38 -3.4e+38 -3.4e+38 -3.4e+38 -3.4e+38 -3.4e+38 -3.4e+38 -3.4e+38 -3.4e+38 -3.4e+38 0.0423979572951794 0.464662373065948 0.394912093877792 0.37474536895752 0.394243001937866 0.396181613206863 0.382568866014481 0.401691377162933 0.36760202050209 0.400462687015533 0.433417290449142 0.110443331301212 0.107840836048126 0.112829968333244 0.13667368888855 0.265768945217133 0.0135091356933117 0.0677499026060104
-3.4e+38 -3.4e+38 -3.4e+38 -3.4e+38 -3.4e+38 -3.4e+38 -3.4e+38 -3.4e+38 -3.4e+38 -3.4e+38 -3.4e+38 -3.4e+38 -3.4e+38 -3.4e+38 0.0575433000922203 0.701306641101837 0.424658238887787 0.356761783361435 0.395052492618561 0.368899315595627 0.382877796888351 0.380003273487091 0.402890563011169 0.39419686794281 0.425467014312744 0.445938020944595 0.130541577935219 0.114038646221161 0.139711737632751 0.165779456496239 0.0140688940882683 0.069077342748642
