data/climate_estimation/maxent_output/Alstroemeria_calliantha.asc
NCOLS 68 
NROWS 79 
XLLCORNER -45.5833333333333 
YLLCORNER -22.8333333333333 
CELLSIZE 0.0833333333333333 
NODATA_value -3.4e+38 
[rows 20 to 39 of 79, columns 0 to 45 of 68]
0.640093088150024 0.638470947742462 0.624446094036102 0.592807412147522 0.544328451156616 0.537862837314606 0.558507323265076 0.598697781562805 0.606445908546448 0.615139365196228 0.610787868499756 0.562678039073944 0.533148050308228 0.648035645484924 0.680680513381958 0.68854421377182 0.582553565502167 0.550651431083679 0.587932765483856 0.654761493206024 0.684551358222961 0.69608336687088 0.661169409751892 0.612919867038727 0.589877843856812 0.621790885925293 0.605217039585114 0.599104464054108 0.611026167869568 0.61323493719101 0.622757017612457 0.646240055561066 0.643597960472107 0.641028583049774 0.647205710411072 0.628225743770599 0.616872370243073 0.584937691688538 0.548251748085022 0.546337842941284 0.523345530033112 0.542574882507324 0.564769804477692 0.535010576248169 0.546836614608765 0.618229508399963
0.62813413143158 0.623558282852173 0.603913128376007 0.575858473777771 0.543257415294647 0.582392692565918 0.58691942691803 0.595267295837402 0.615394532680511 0.632301270961761 0.621278405189514 0.579969882965088 0.552635073661804 0.625488698482513 0.654116809368134 0.617057859897614 0.54453980922699 0.545268297195435 0.638974785804749 0.689524173736572 0.696430146694183 0.703018426895142 0.6671022772789 0.651522696018219 0.598354399204254 0.620770931243896 0.610760092735291 0.61676287651062 0.610110223293304 0.641649067401886 0.657830238342285 0.658763110637665 0.66148978471756 0.678947746753693 0.643945217132568 0.604235589504242 0.560973942279816 0.560317039489746 0.532811105251312 0.533563494682312 0.535345375537872 0.523847579956055 0.554799616336823 0.52352112531662 0.555168747901917 0.59630024433136
0.608556747436523 0.604555547237396 0.597046554088593 0.56511265039444 0.545920312404633 0.587867140769958 0.599605798721313 0.604718148708344 0.613458037376404 0.621673762798309 0.622432470321655 0.592503368854523 0.560426533222198 0.566727340221405 0.604371905326843 0.534182131290436 0.549826800823212 0.569238245487213 0.653354108333588 0.669719398021698 0.686949551105499 0.684107422828674 0.674298942089081 0.655175566673279 0.627782940864563 0.607460737228394 0.630967199802399 0.617072999477386 0.611166775226593 0.652942419052124 0.664832949638367 0.641169428825378 0.629210710525513 0.611348748207092 0.597701132297516 0.562341451644897 0.547368288040161 0.550672709941864 0.541800200939178 0.520094096660614 0.52823132276535 0.538295388221741 0.519297003746033 0.525173902511597 0.585651159286499 0.566774904727936
0.628091156482697 0.633748769760132 0.603870272636414 0.561550378799438 0.581163346767426 0.594148755073547 0.608719527721405 0.613312304019928 0.617027401924133 0.622858166694641 0.595786154270172 0.542044699192047 0.539818704128265 0.532766580581665 0.53122866153717 0.527361810207367 0.539093494415283 0.547507464885712 0.606695115566254 0.645372092723846 0.678080439567566 0.691953539848328 0.696215331554413 0.697422921657562 0.686674475669861 0.638290107250214 0.711863458156586 0.725863933563232 0.627928912639618 0.609989941120148 0.605320632457733 0.595390141010284 0.599517047405243 0.594550132751465 0.580479502677917 0.570781409740448 0.557049334049225 0.537829458713531 0.560353457927704 0.5840944647789 0.588987052440643 0.528471767902374 0.511711001396179 0.527676343917847 0.577773749828339 0.539564311504364
0.63352358341217 0.614120543003082 0.583849966526031 0.563976526260376 0.584748446941376 0.599908232688904 0.606960773468018 0.612256228923798 0.620999336242676 0.614835262298584 0.564059019088745 0.54358184337616 0.548580288887024 0.54850298166275 0.534865081310272 0.526677489280701 0.531868755817413 0.545310199260712 0.584429204463959 0.657181620597839 0.684552192687988 0.702118933200836 0.71787428855896 0.68271267414093 0.661485493183136 0.626118540763855 0.685508966445923 0.728884518146515 0.617875218391418 0.597816288471222 0.596975743770599 0.591364920139313 0.595487534999847 0.57861989736557 0.57180118560791 0.559148192405701 0.560872197151184 0.550726354122162 0.53021764755249 0.564248859882355 0.592018485069275 0.534387230873108 0.515573978424072 0.523171305656433 0.550240635871887 0.524893343448639
0.635030567646027 0.604876041412354 0.575899302959442 0.563162803649902 0.601646780967712 0.609144508838654 0.611758530139923 0.619566380977631 0.623872339725494 0.613250911235809 0.564968526363373 0.544190883636475 0.544155597686768 0.551560580730438 0.537855863571167 0.533830583095551 0.532338798046112 0.570497691631317 0.570054173469543 0.669931530952454 0.680930376052856 0.69396561384201 0.707562983036041 0.691222548484802 0.653168022632599 0.643381357192993 0.715826094150543 0.67931067943573 0.594078660011292 0.585190713405609 0.587555289268494 0.584274649620056 0.573049545288086 0.564517259597778 0.557400941848755 0.554828226566315 0.549028933048248 0.529086470603943 0.520653128623962 0.521025657653809 0.522406756877899 0.518076360225677 0.510364532470703 0.531802237033844 0.521375358104706 0.526447951793671
0.613852679729462 0.577251434326172 0.568847835063934 0.565417289733887 0.573700487613678 0.607166886329651 0.618898034095764 0.62155818939209 0.629955172538757 0.60804557800293 0.560976505279541 0.54148405790329 0.546690046787262 0.556480586528778 0.550485908985138 0.533108174800873 0.528421878814697 0.579183280467987 0.596096754074097 0.683776259422302 0.69718337059021 0.653664767742157 0.67383998632431 0.681412398815155 0.638709247112274 0.675850570201874 0.682110726833344 0.601818680763245 0.59602552652359 0.600643873214722 0.592344224452972 0.594538509845734 0.596134781837463 0.575644075870514 0.568312287330627 0.568773627281189 0.563531517982483 0.566683232784271 0.55541855096817 0.549569606781006 0.54761815071106 0.520362138748169 0.504999160766602 0.526138126850128 0.516728579998016 0.519757032394409
0.602760434150696 0.571407735347748 0.573249757289886 0.571725785732269 0.56118506193161 0.586960434913635 0.603923499584198 0.614021480083466 0.631237030029297 0.592872262001038 0.555735945701599 0.544836282730103 0.554450809955597 0.555408895015717 0.53768002986908 0.532468378543854 0.528293490409851 0.545269191265106 0.566321969032288 0.672577440738678 0.692845582962036 0.646702706813812 0.661806583404541 0.680888593196869 0.673055946826935 0.649702847003937 0.614323258399963 0.590712785720825 0.59203565120697 0.60685521364212 0.603515267372131 0.606867074966431 0.613036513328552 0.589963793754578 0.586010992527008 0.586771726608276 0.601498484611511 0.60557633638382 0.614816009998322 0.596341729164124 0.567271173000336 0.5220046043396 0.50432676076889 0.511971712112427 0.525447905063629 0.521701991558075
0.59714150428772 0.585959136486053 0.575044751167297 0.56773316860199 0.56661319732666 0.561495780944824 0.569932579994202 0.571593582630157 0.588300347328186 0.590365529060364 0.565172672271729 0.553623616695404 0.552036345005035 0.541325151920319 0.529272079467773 0.526596367359161 0.528293490409851 0.555230438709259 0.544748425483704 0.605986773967743 0.661199748516083 0.638678073883057 0.650059998035431 0.667707562446594 0.69293624162674 0.6238152384758 0.590797424316406 0.582960844039917 0.594586372375488 0.607382774353027 0.609681189060211 0.614802777767181 0.611458480358124 0.607097625732422 0.619642734527588 0.624350726604462 0.620766162872314 0.619685530662537 0.623767912387848 0.588262617588043 0.572534322738647 0.515579640865326 0.521002769470215 0.516989648342133 0.507053911685944 0.50721538066864
0.609683096408844 0.575429916381836 0.574564635753632 0.569914162158966 0.562008798122406 0.565709710121155 0.567361831665039 0.563455760478973 0.567805647850037 0.574697434902191 0.582783341407776 0.556249141693115 0.552030563354492 0.543340742588043 0.530555665493011 0.532732427120209 0.529142737388611 0.548931062221527 0.567363739013672 0.567531585693359 0.678538084030151 0.651777148246765 0.665293216705322 0.672940373420715 0.676748692989349 0.618476152420044 0.581779718399048 0.583617269992828 0.591431200504303 0.598676383495331 0.607752203941345 0.62102085351944 0.609523057937622 0.598821759223938 0.620128214359283 0.618483006954193 0.618246138095856 0.625767052173615 0.614810049533844 0.580071628093719 0.541375517845154 0.547066986560822 0.536069571971893 0.520623803138733 0.513939440250397 0.502959787845612
0.589990675449371 0.572115421295166 0.569344401359558 0.562875151634216 0.561489164829254 0.563837289810181 0.556473731994629 0.553926289081573 0.559466660022736 0.56385064125061 0.562255144119263 0.558799684047699 0.560064613819122 0.540162682533264 0.546430289745331 0.538528978824615 0.543115854263306 0.542424380779266 0.569095194339752 0.554260849952698 0.675987839698792 0.703220248222351 0.670699000358582 0.685489892959595 0.629903972148895 0.599190354347229 0.568389475345612 0.575144529342651 0.590422868728638 0.578306972980499 0.598070919513702 0.61335152387619 0.608364880084991 0.600534737110138 0.612890779972076 0.616053760051727 0.630117416381836 0.620208084583282 0.60876601934433 0.593003928661346 0.547564625740051 0.530018866062164 0.516826927661896 0.509330928325653 0.503889739513397 0.503757357597351
0.581842720508575 0.571413636207581 0.57403039932251 0.568649232387543 0.562522709369659 0.557331085205078 0.559191763401031 0.560713708400726 0.560326099395752 0.561627626419067 0.563324749469757 0.564120352268219 0.56747168302536 0.560924351215363 0.575202703475952 0.55616569519043 0.556683957576752 0.54804790019989 0.568914771080017 0.568088352680206 0.579171597957611 0.689068078994751 0.684755921363831 0.647376894950867 0.590711951255798 0.578366935253143 0.570085167884827 0.565042614936829 0.59450751543045 0.594290256500244 0.591485798358917 0.614268720149994 0.636060118675232 0.61324280500412 0.610858082771301 0.611107230186462 0.613917350769043 0.599360764026642 0.571045935153961 0.537953555583954 0.523409485816956 0.507975220680237 0.506580889225006 0.50202351808548 0.530124545097351 0.496268838644028
0.569489061832428 0.570016443729401 0.563545167446136 0.565111815929413 0.56181812286377 0.563819825649261 0.576751887798309 0.586115837097168 0.577852427959442 0.568788170814514 0.580091655254364 0.578442633152008 0.590481221675873 0.585411369800568 0.585628926753998 0.583886325359344 0.579164862632751 0.559014022350311 0.564478874206543 0.579382002353668 0.580393373966217 0.610303938388824 0.731446623802185 0.648736655712128 0.579581677913666 0.572694659233093 0.57143497467041 0.566700100898743 0.579347193241119 0.608061075210571 0.581225752830505 0.601806223392487 0.613424777984619 0.595808207988739 0.605169355869293 0.612648189067841 0.58966851234436 0.562449157238007 0.532758176326752 0.515219211578369 0.508528172969818 0.510779798030853 0.50024139881134 0.503354966640472 0.501690924167633 0.507110714912415
0.565184056758881 0.562834441661835 0.567440629005432 0.572361886501312 0.571845650672913 0.565153360366821 0.578790545463562 0.591935455799103 0.586459815502167 0.583397746086121 0.578202188014984 0.588048160076141 0.602070569992065 0.615606904029846 0.602348864078522 0.595756709575653 0.577089905738831 0.575521051883698 0.567812383174896 0.580073416233063 0.593798339366913 0.586913824081421 0.70080041885376 0.700932025909424 0.598656952381134 0.572694659233093 0.600782513618469 0.589811980724335 0.583978593349457 0.615191102027893 0.603036046028137 0.580304265022278 0.574700236320496 0.568940699100494 0.550505697727203 0.596964061260223 0.602012813091278 0.599003732204437 0.537287354469299 0.508084118366241 0.507231593132019 0.5005903840065 0.504745483398438 0.505038321018219 0.507001280784607 0.507704019546509
0.571450233459473 0.567530393600464 0.572631776332855 0.578129410743713 0.583988070487976 0.570964157581329 0.582270622253418 0.590075373649597 0.59192955493927 0.588512122631073 0.588693022727966 0.593132972717285 0.604481875896454 0.62812614440918 0.637970507144928 0.603044927120209 0.597952127456665 0.593688368797302 0.58198755979538 0.589043378829956 0.62409245967865 0.601713538169861 0.65565288066864 0.735178768634796 0.69290554523468 0.606671750545502 0.575180351734161 0.599020719528198 0.58126163482666 0.58823037147522 0.57383519411087 0.600431323051453 0.571818709373474 0.526341497898102 0.518918097019196 0.518348455429077 0.551373362541199 0.542053580284119 0.520174086093903 0.509589850902557 0.498227328062057 0.503894746303558 0.508026480674744 0.513475120067596 0.536174237728119 0.512572228908539
0.570676267147064 0.570676267147064 0.582336783409119 0.583342552185059 0.571282148361206 0.568182826042175 0.57964551448822 0.591959714889526 0.598509550094604 0.59684020280838 0.585230469703674 0.594837665557861 0.609143733978271 0.609671473503113 0.640923082828522 0.630198061466217 0.608936727046967 0.590654671192169 0.585971176624298 0.59817636013031 0.627494633197784 0.619511842727661 0.60700398683548 0.701933026313782 0.740402936935425 0.654301285743713 0.577752649784088 0.559611856937408 0.579551696777344 0.560262739658356 0.55212140083313 0.549407839775085 0.554875314235687 0.544336259365082 0.5331871509552 0.525201857089996 0.539663016796112 0.49709615111351 0.500830590724945 0.504445731639862 0.506113767623901 0.520320177078247 0.522440731525421 0.54480391740799 0.547724187374115 0.521736085414886
0.569081664085388 0.5690758228302 0.567075133323669 0.569465041160583 0.573118209838867 0.570058882236481 0.568662524223328 0.57624214887619 0.602688252925873 0.600447595119476 0.593858480453491 0.596591770648956 0.601331651210785 0.607245147228241 0.629741728305817 0.637295007705688 0.611841917037964 0.605110168457031 0.602868318557739 0.594177484512329 0.619194865226746 0.638086974620819 0.617750525474548 0.647460281848907 0.729426383972168 0.645657956600189 0.595238327980042 0.567945599555969 0.54996532201767 0.564857542514801 0.559391677379608 0.581381976604462 0.600243926048279 0.585040092468262 0.582846283912659 0.567461729049683 0.533328056335449 0.495059937238693 0.494392603635788 0.502155065536499 0.498369425535202 0.517174482345581 0.530481159687042 0.526855707168579 0.522435069084167 0.517778873443604
0.563049376010895 0.566165566444397 0.563079178333282 0.573652267456055 0.571510255336761 0.576133847236633 0.56467616558075 0.571894884109497 0.583904504776001 0.601870477199554 0.595055818557739 0.599926710128784 0.598479330539703 0.6116002202034 0.639233469963074 0.648192167282104 0.618719398975372 0.625383973121643 0.612066745758057 0.606832146644592 0.614555597305298 0.628897786140442 0.630448639392853 0.645559251308441 0.721759259700775 0.689998030662537 0.595764517784119 0.596556961536407 0.574573516845703 0.585153937339783 0.571122825145721 0.610639214515686 0.636266708374023 0.652633726596832 0.636041522026062 0.608315885066986 0.50050550699234 0.482667744159698 0.489522695541382 0.516727387905121 0.509023785591125 0.517696857452393 0.520220935344696 0.510265350341797 0.513712346553802 0.565343499183655
0.564669668674469 0.564699470996857 0.560308754444122 0.568171322345734 0.575575172901154 0.574181437492371 0.56637567281723 0.570293605327606 0.573389828205109 0.597572445869446 0.607822418212891 0.608834803104401 0.599804937839508 0.612796008586884 0.622632086277008 0.643649220466614 0.630985617637634 0.631210803985596 0.621859967708588 0.608547925949097 0.611636519432068 0.619091987609863 0.62519782781601 0.690806746482849 0.762149751186371 0.722963869571686 0.630346775054932 0.572388231754303 0.566862046718597 0.558085799217224 0.612106800079346 0.616598904132843 0.665359795093536 0.653919279575348 0.610317528247833 0.518354952335358 0.486940383911133 0.478917807340622 0.490106731653214 0.546550214290619 0.543832957744598 0.538294017314911 0.548464953899384 0.569300532341003 0.540666103363037 0.58084100484848
0.553200960159302 0.549482524394989 0.564484596252441 0.568129777908325 0.556552350521088 0.571924984455109 0.562357068061829 0.566483736038208 0.577120721340179 0.589913010597229 0.607888996601105 0.607397556304932 0.604523897171021 0.61584860086441 0.635568857192993 0.647620975971222 0.652221620082855 0.647765934467316 0.631703317165375 0.618203699588776 0.613220512866974 0.627700328826904 0.639404773712158 0.710687816143036 0.746393263339996 0.638507008552551 0.571511507034302 0.605277061462402 0.59811794757843 0.596400082111359 0.628700017929077 0.640652894973755 0.606145143508911 0.582852125167847 0.520646870136261 0.493101119995117 0.482194304466248 0.476933598518372 0.493385374546051 0.543939709663391 0.549674570560455 0.545827031135559 0.606745660305023 0.585818111896515 0.548672378063202 0.552532553672791
