data/climate_estimation/maxent_output/Alstroemeria_orchidioides.asc
NCOLS 62 
NROWS 90 
XLLCORNER -52.0833333333333 
YLLCORNER -23.0833333333333 
CELLSIZE 0.0833333333333333 
NODATA_value -3.4e+38 
[rows 60 to 79 of 90, columns 0 to 43 of 62]
0.418036997318268 0.413252770900726 0.410290747880936 0.403759807348251 0.411854326725006 0.412434130907059 0.416341423988342 0.420373737812042 0.428392201662064 0.430871039628983 0.422831058502197 0.413734614849091 0.420305162668228 0.420600235462189 0.423608660697937 0.423191785812378 0.430498450994492 0.433985650539398 0.433192908763885 0.44965597987175 0.457833766937256 0.468819826841354 0.47673037648201 0.478950500488281 0.487025290727615 0.495804101228714 0.501728177070618 0.507599413394928 0.529922544956207 0.538114249706268 0.539512455463409 0.538073599338531 0.54094409942627 0.555214703083038 0.559622943401337 0.544318377971649 0.550339460372925 0.564445316791534 0.564692735671997 0.564275920391083 0.562468767166138 0.567935943603516 0.577579021453857 0.58926784992218
0.412088871002197 0.399407595396042 0.398103564977646 0.401213049888611 0.389136672019958 0.396645605564117 0.41293877363205 0.411634534597397 0.415287554264069 0.41870129108429 0.424267768859863 0.418310463428497 0.414470642805099 0.416220486164093 0.420164912939072 0.420192718505859 0.42531555891037 0.432832151651382 0.439215570688248 0.444756090641022 0.453874886035919 0.453726977109909 0.462537795305252 0.475563406944275 0.485067784786224 0.500182807445526 0.50713437795639 0.51024603843689 0.5230952501297 0.535866796970367 0.535516500473022 0.547058463096619 0.538777530193329 0.556205153465271 0.550879836082458 0.546872198581696 0.563901364803314 0.562866628170013 0.559240520000458 0.559628665447235 0.559339225292206 0.57921439409256 0.588365852832794 0.596127688884735
0.407303422689438 0.40429413318634 0.402792304754257 0.400479346513748 0.384000271558762 0.384820342063904 0.410626620054245 0.423576414585114 0.423992872238159 0.419285714626312 0.419159501791 0.41781485080719 0.410625159740448 0.404617667198181 0.404891103506088 0.410731792449951 0.422240972518921 0.429193049669266 0.428059875965118 0.436899572610855 0.437954485416412 0.44182813167572 0.449579238891602 0.464159965515137 0.47376424074173 0.492618560791016 0.503128826618195 0.520013093948364 0.523288488388062 0.532492518424988 0.549981534481049 0.553700387477875 0.539331018924713 0.555758416652679 0.549304068088531 0.551519393920898 0.555883169174194 0.569752991199493 0.570184528827667 0.565594613552094 0.553673446178436 0.574484050273895 0.576515734195709 0.594538450241089
0.405562669038773 0.401061326265335 0.3998683989048 0.389659643173218 0.378971070051193 0.385724663734436 0.401536911725998 0.414111405611038 0.42339614033699 0.417644411325455 0.414705544710159 0.417496979236603 0.411465138196945 0.407148152589798 0.402087867259979 0.400446057319641 0.415461152791977 0.424906015396118 0.424166947603226 0.43256750702858 0.438540458679199 0.43814417719841 0.440510749816895 0.457344383001328 0.46485847234726 0.482581704854965 0.493767410516739 0.519272446632385 0.524350345134735 0.541956841945648 0.540088713169098 0.552006304264069 0.546371519565582 0.553758025169373 0.556179821491241 0.551468312740326 0.558232486248016 0.550899982452393 0.554948329925537 0.559250712394714 0.561992943286896 0.571082293987274 0.578151285648346 0.594218850135803
0.402872741222382 0.39944463968277 0.394995301961899 0.380046367645264 0.376708537340164 0.380714237689972 0.390098065137863 0.394267648458481 0.406894892454147 0.413391053676605 0.415043890476227 0.406320959329605 0.398307681083679 0.403583019971848 0.400913238525391 0.40150374174118 0.408549875020981 0.409979343414307 0.416741579771042 0.428337246179581 0.433429807424545 0.429972141981125 0.449912369251251 0.458083242177963 0.453095495700836 0.478036403656006 0.48675411939621 0.498003154993057 0.512677609920502 0.519529163837433 0.520909428596497 0.529864549636841 0.539084494113922 0.539893269538879 0.555040180683136 0.544072866439819 0.55684369802475 0.561091721057892 0.549582779407501 0.552303194999695 0.545508146286011 0.56776487827301 0.581651628017426 0.600202441215515
0.401698410511017 0.399883538484573 0.389525234699249 0.377931773662567 0.377967715263367 0.376996994018555 0.390825241804123 0.394659727811813 0.396349728107452 0.400476425886154 0.410988211631775 0.403870671987534 0.394107937812805 0.392031639814377 0.394775301218033 0.402742236852646 0.418815344572067 0.408126085996628 0.406731784343719 0.419401437044144 0.410671085119247 0.419969439506531 0.43049031496048 0.444022595882416 0.454340428113937 0.467051029205322 0.469105869531631 0.484285682439804 0.499220609664917 0.500470638275146 0.510881543159485 0.512349128723145 0.523174464702606 0.515989422798157 0.536011159420013 0.54466986656189 0.550167858600616 0.55483877658844 0.545032322406769 0.555124819278717 0.562613010406494 0.558428227901459 0.571568965911865 0.601647198200226
0.397648394107819 0.391359746456146 0.381578475236893 0.376915723085403 0.381746411323547 0.381988823413849 0.391095459461212 0.382404506206512 0.386809468269348 0.388914048671722 0.39958381652832 0.402852714061737 0.402613431215286 0.408352881669998 0.387570887804031 0.396321386098862 0.408402174711227 0.406621485948563 0.415061920881271 0.417537122964859 0.415886223316193 0.418187379837036 0.416452556848526 0.417492985725403 0.44097512960434 0.446229726076126 0.4659663438797 0.469539910554886 0.48071414232254 0.483277976512909 0.490920752286911 0.494244515895844 0.502640962600708 0.500216543674469 0.502695560455322 0.51810222864151 0.539687275886536 0.531017959117889 0.551909744739532 0.553765475749969 0.564684212207794 0.566585898399353 0.571375072002411 0.590727627277374
0.406550675630569 0.394171744585037 0.384177058935165 0.3803471326828 0.379136234521866 0.378624737262726 0.374151080846786 0.375858426094055 0.383005559444427 0.378814578056335 0.385173708200455 0.395455151796341 0.409869432449341 0.404555320739746 0.392014861106873 0.394202917814255 0.399177312850952 0.402986139059067 0.411751836538315 0.413166970014572 0.410852372646332 0.41956102848053 0.417854279279709 0.418002128601074 0.426308870315552 0.435834467411041 0.447251319885254 0.454387813806534 0.459042966365814 0.472348988056183 0.467481225728989 0.471359819173813 0.4894038438797 0.492771148681641 0.501074016094208 0.50490140914917 0.51848828792572 0.536564707756042 0.551659464836121 0.560920417308807 0.555488348007202 0.576172530651093 0.584382057189941 0.585425853729248
0.389334887266159 0.380173057317734 0.370198309421539 0.37321537733078 0.374190539121628 0.374212056398392 0.379525899887085 0.368389964103699 0.373806029558182 0.367552638053894 0.373412042856216 0.386028498411179 0.398192822933197 0.390819370746613 0.392583519220352 0.390334576368332 0.392148703336716 0.407469481229782 0.407331377267838 0.40945029258728 0.418242931365967 0.412703841924667 0.416628420352936 0.415827184915543 0.426944404840469 0.432810366153717 0.434283137321472 0.437819004058838 0.43940731883049 0.450991660356522 0.454587280750275 0.459327340126038 0.47267684340477 0.484152734279633 0.490438997745514 0.496284484863281 0.514616727828979 0.526332080364227 0.533351123332977 0.551134049892426 0.559947073459625 0.554228961467743 0.580329239368439 0.57479053735733
0.373058080673218 0.360678911209106 0.360906422138214 0.360093832015991 0.357182174921036 0.366222858428955 0.363937318325043 0.364963889122009 0.363889664411545 0.365260869264603 0.368496924638748 0.374972701072693 0.379361242055893 0.381757974624634 0.381018161773682 0.379446089267731 0.394478589296341 0.402391880750656 0.410587638616562 0.397062659263611 0.41149377822876 0.405602961778641 0.406996786594391 0.414199233055115 0.421703577041626 0.421139746904373 0.425031274557114 0.420679926872253 0.420376569032669 0.42694291472435 0.430030137300491 0.446140646934509 0.450517594814301 0.46169775724411 0.472405344247818 0.485816091299057 0.499129742383957 0.50663834810257 0.514137983322144 0.524662971496582 0.529311418533325 0.541282773017883 0.560436725616455 0.568881332874298
0.356578558683395 0.341375350952148 0.34489494562149 0.34578400850296 0.347648978233337 0.347413450479507 0.347671896219254 0.351332008838654 0.349938452243805 0.363079518079758 0.366552472114563 0.374723941087723 0.378736227750778 0.371859043836594 0.369697093963623 0.378489434719086 0.386365979909897 0.384899944067001 0.397698849439621 0.401402801275253 0.404492974281311 0.405042231082916 0.402023822069168 0.407162964344025 0.411837458610535 0.412460297346115 0.404019713401794 0.410195887088776 0.410830914974213 0.41954630613327 0.416524648666382 0.425073951482773 0.440162718296051 0.451001226902008 0.457003116607666 0.464881330728531 0.486545115709305 0.491522639989853 0.502159893512726 0.507976830005646 0.517355263233185 0.525837898254395 0.533881068229675 0.541540026664734
0.328756719827652 0.33008873462677 0.329841017723083 0.334301769733429 0.332917928695679 0.329139947891235 0.336232781410217 0.337464809417725 0.344013780355453 0.358211129903793 0.365441620349884 0.370266526937485 0.379762649536133 0.378880530595779 0.371597081422806 0.366073071956635 0.369163691997528 0.371374994516373 0.382528871297836 0.382596790790558 0.388709127902985 0.409439235925674 0.399697870016098 0.402122855186462 0.403472721576691 0.400094568729401 0.394352376461029 0.397328943014145 0.400514215230942 0.403114676475525 0.418309390544891 0.411713778972626 0.419682860374451 0.430424511432648 0.444114834070206 0.463173180818558 0.470703959465027 0.471769332885742 0.499558418989182 0.509319424629211 0.515485405921936 0.51823616027832 0.526649355888367 0.538097321987152
0.311208337545395 0.317136406898499 0.317850857973099 0.31418314576149 0.312289297580719 0.315938293933868 0.322967171669006 0.323921412229538 0.330093860626221 0.336590230464935 0.351693123579025 0.362545281648636 0.366727709770203 0.370210707187653 0.367022752761841 0.349887192249298 0.353398233652115 0.3559550344944 0.367320418357849 0.370055615901947 0.369516551494598 0.375142842531204 0.376555800437927 0.383343398571014 0.389660447835922 0.383071184158325 0.390595853328705 0.3849136531353 0.386499553918839 0.390136897563934 0.402824223041534 0.416102737188339 0.417242765426636 0.41398286819458 0.429034888744354 0.43646052479744 0.463360786437988 0.473771959543228 0.474475204944611 0.483897417783737 0.492753267288208 0.505865752696991 0.532029211521149 0.533679246902466
0.30372878909111 0.314008891582489 0.311710238456726 0.314922034740448 0.31349778175354 0.310655176639557 0.308060348033905 0.310775190591812 0.316619038581848 0.32210099697113 0.335086613893509 0.350679963827133 0.357603788375854 0.361160486936569 0.3516705930233 0.346043407917023 0.355172902345657 0.350072503089905 0.352785021066666 0.354768246412277 0.356960117816925 0.349643260240555 0.351187407970428 0.356439381837845 0.355973094701767 0.360805630683899 0.369168519973755 0.37688085436821 0.378536194562912 0.381413072347641 0.38920333981514 0.406994253396988 0.411104053258896 0.409489542245865 0.411066830158234 0.426324486732483 0.439740598201752 0.455347567796707 0.472487956285477 0.485419392585754 0.493657857179642 0.502408683300018 0.510290563106537 0.516543388366699
0.303378850221634 0.304441899061203 0.309072434902191 0.318932354450226 0.308496475219727 0.309208333492279 0.306140929460526 0.307367384433746 0.305337935686111 0.316917091608047 0.320399403572083 0.334107100963593 0.333466738462448 0.33325007557869 0.329004615545273 0.340225905179977 0.35291662812233 0.352078676223755 0.356130123138428 0.353193759918213 0.356241583824158 0.345254719257355 0.34145313501358 0.347998976707458 0.363265752792358 0.371810227632523 0.361945271492004 0.36371710896492 0.373972415924072 0.378279119729996 0.384423226118088 0.403003841638565 0.40636220574379 0.404129505157471 0.410410195589066 0.416475921869278 0.42723673582077 0.441057950258255 0.449423909187317 0.452578961849213 0.467673987150192 0.486202955245972 0.494043737649918 0.508758425712585
0.298753082752228 0.303760200738907 0.313315659761429 0.309220105409622 0.306431978940964 0.311196804046631 0.300796508789062 0.302453100681305 0.301975935697556 0.302098363637924 0.30988422036171 0.311911910772324 0.312975406646729 0.312146872282028 0.314135670661926 0.336665272712708 0.357988297939301 0.359330385923386 0.36017256975174 0.356096655130386 0.349421799182892 0.353092759847641 0.347241163253784 0.349635392427444 0.341827630996704 0.36344051361084 0.372878938913345 0.36193260550499 0.363894045352936 0.382499426603317 0.385586529970169 0.387264937162399 0.399460554122925 0.391869306564331 0.400481164455414 0.412748783826828 0.421534597873688 0.428928583860397 0.439991027116776 0.445021659135818 0.449352532625198 0.462487041950226 0.47406068444252 0.485640972852707
0.286401838064194 0.292307943105698 0.293794691562653 0.298470377922058 0.306248366832733 0.30696839094162 0.306855618953705 0.30349189043045 0.303601771593094 0.292984247207642 0.304524064064026 0.308332592248917 0.308189392089844 0.309296786785126 0.304820835590363 0.326540589332581 0.34420844912529 0.354089468717575 0.364986896514893 0.368423610925674 0.359316974878311 0.361318409442902 0.344079494476318 0.347554504871368 0.343377411365509 0.336895555257797 0.347310811281204 0.359211146831512 0.347763389348984 0.362009763717651 0.386975854635239 0.3766108751297 0.378199368715286 0.381507396697998 0.383196085691452 0.400062590837479 0.40158811211586 0.424948781728745 0.421925902366638 0.447814553976059 0.446255058050156 0.45727065205574 0.471821486949921 0.46760955452919
0.290425539016724 0.28921166062355 0.288227558135986 0.293064296245575 0.296842515468597 0.309384405612946 0.308838069438934 0.307551860809326 0.29916650056839 0.291680991649628 0.298983573913574 0.311818659305573 0.305852919816971 0.311097472906113 0.318664938211441 0.325194865465164 0.331469058990479 0.34839990735054 0.357980102300644 0.367640286684036 0.364965826272964 0.368762791156769 0.352664262056351 0.340925484895706 0.339219063520432 0.334036290645599 0.326233714818954 0.342632859945297 0.355095982551575 0.353745371103287 0.369718641042709 0.377617478370667 0.374821454286575 0.361851096153259 0.371446579694748 0.386333018541336 0.398949801921844 0.407471299171448 0.418245315551758 0.436556667089462 0.452671736478806 0.452951401472092 0.449006408452988 0.461674243211746
0.294487923383713 0.291178047657013 0.291911572217941 0.291894465684891 0.286710053682327 0.290777951478958 0.30080384016037 0.301765203475952 0.298406928777695 0.286775201559067 0.300455749034882 0.314248412847519 0.311926633119583 0.318370491266251 0.314924389123917 0.328968405723572 0.335641175508499 0.36194434762001 0.360448598861694 0.362636864185333 0.3610620200634 0.351927191019058 0.352175056934357 0.354738652706146 0.356589645147324 0.349344253540039 0.323981285095215 0.328452944755554 0.359931617975235 0.373316526412964 0.373838841915131 0.362414002418518 0.348695188760757 0.357269406318665 0.36202472448349 0.378275603055954 0.405033230781555 0.402243614196777 0.411629557609558 0.42086535692215 0.433252304792404 0.447836756706238 0.456803172826767 0.461265802383423
0.295239746570587 0.295324087142944 0.29290309548378 0.289689183235168 0.284237951040268 0.292966246604919 0.295578062534332 0.290073096752167 0.289687126874924 0.298211097717285 0.306378334760666 0.314139366149902 0.319871336221695 0.322239339351654 0.321560114622116 0.330368667840958 0.339509814977646 0.356573671102524 0.359944939613342 0.353610426187515 0.340834856033325 0.329532474279404 0.319958359003067 0.324187010526657 0.333483695983887 0.368557244539261 0.357557117938995 0.354520976543427 0.374785363674164 0.38245153427124 0.384507536888123 0.364362955093384 0.343855202198029 0.354511678218842 0.357859790325165 0.371733158826828 0.403159618377686 0.40219259262085 0.406940937042236 0.410049676895142 0.417956799268723 0.433109432458878 0.449744910001755 0.470601737499237
