data/climate_estimation/maxent_output/Alstroemeria_graminea.asc
NCOLS 9 
NROWS 23 
XLLCORNER -70.8333333333333 
YLLCORNER -26.9166666666667 
CELLSIZE 0.0833333333333333 
NODATA_value -3.4e+38 
-339999999999999996123846586046231871488.000000000000000 -3.4e+38 -3.4e+38 0.886646747589111 0.962011098861694 0.93030047416687 0.848695158958435 0.869439363479614 0.802538514137268
-3.4e+38 -3.4e+38 -3.4e+38 0.886036813259125 0.780026495456696 0.908774375915527 0.821678757667542 0.807808697223663 0.730569779872894
-3.4e+38 -3.4e+38 -3.4e+38 -3.4e+38 0.817394375801086 0.934493482112885 0.865540325641632 0.766345143318176 0.720969796180725
-3.4e+38 -3.4e+38 -3.4e+38 -3.4e+38 0.83784431219101 0.936474025249481 0.899318516254425 0.833663463592529 0.734950065612793
-3.4e+38 -3.4e+38 -3.4e+38 0.915188610553741 0.876108705997467 0.621324896812439 0.895814716815948 0.862468898296356 0.803245425224304
-3.4e+38 -3.4e+38 -3.4e+38 0.923434376716614 0.763350367546082 0.629911005496979 0.92786717414856 0.875709772109985 0.854097902774811
-339999999999999996123846586046231871488.000000000000000 -3.4e+38 0.942050755023956 0.874752044677734 0.788363337516785 0.686998963356018 0.565951526165009 0.898698329925537 0.836230039596558
-3.4e+38 0.940613567829132 0.941727340221405 0.86684262752533 0.783751428127289 0.714830160140991 0.930908441543579 0.907396674156189 0.862048268318176
-3.4e+38 0.939330339431763 0.895407259464264 0.827747464179993 0.739062249660492 0.699746489524841 0.608328878879547 0.568747758865356 0.884032249450684
-3.4e+38 0.916393637657166 0.842297375202179 0.815646886825562 0.75063544511795 0.735774338245392 0.652026176452637 0.568898439407349 0.914784133434296
-3.4e+38 0.922441840171814 0.87360280752182 0.813075363636017 0.816829085350037 0.773316323757172 0.691034138202667 0.576966822147369 0.570167124271393
-3.4e+38 0.90675675868988 0.91263347864151 0.81471711397171 0.781914412975311 0.775561928749084 0.727495551109314 0.611274063587189 0.584234833717346
-339999999999999996123846586046231871488.000000000000000 0.882517099380493 0.900669574737549 0.854512989521027 0.819694101810455 0.770578622817993 0.745344996452332 0.716077268123627 0.604213118553162
-3.4e+38 0.884499430656433 0.927750051021576 0.903872549533844 0.827895402908325 0.777736186981201 0.770896673202515 0.728190064430237 0.664852857589722
-3.4e+38 0.903340458869934 0.929915904998779 0.917862594127655 0.880569398403168 0.801185071468353 0.764200985431671 0.746067583560944 0.726804256439209
-3.4e+38 0.909292101860046 0.923597514629364 0.924105823040009 0.906013429164886 0.852921187877655 0.814577102661133 0.755465447902679 0.722825467586517
-3.4e+38 0.943296670913696 0.954389870166779 0.938645005226135 0.909220993518829 0.900661408901215 0.805231869220734 0.79007750749588 0.750295281410217
-3.4e+38 0.977382183074951 0.986934423446655 0.961464405059814 0.932360410690308 0.915556192398071 0.901251673698425 0.809823870658875 0.762150883674622
-339999999999999996123846586046231871488.000000000000000 0.912949323654175 0.898064196109772 0.982202768325806 0.969654619693756 0.919180035591125 0.887662172317505 0.817852437496185 0.790959000587463
-3.4e+38 0.955617785453796 0.912809431552887 0.988940477371216 0.971470296382904 0.926993191242218 0.910851895809174 0.885845899581909 0.860104441642761
0.926915466785431 0.976334154605865 0.925172448158264 0.987280249595642 0.98371297121048 0.962141513824463 0.916359066963196 0.877327024936676 0.9146768450737
0.85241574048996 0.912776052951813 0.940745890140533 0.883786618709564 0.987604916095734 0.967741250991821 0.939622461795807 0.928978741168976 0.909468650817871
0.873133838176727 0.97107195854187 0.956865012645721 0.895755469799042 0.985475599765778 0.980186641216278 0.971343457698822 0.943104445934296 0.919171690940857
