data/climate_estimation/maxent_output/Alstroemeria_longistaminea.asc
NCOLS 177 
NROWS 223 
XLLCORNER -50.5 
YLLCORNER -23.3333333333333 
CELLSIZE 0.0833333333333333 
NODATA_value -3.4e+38 
[rows 40 to 59 of 223, columns 46 to 91 of 177]
0.00581187149509788 0.00567955803126097 0.00658391695469618 0.00643607135862112 0.00630823895335197 0.00793566461652517 0.0112716211006045 0.00902924593538046 0.00541811296716332 0.00564873404800892 0.00668320897966623 0.00593944452702999 0.00446651130914688 0.00452779233455658 0.00872255489230156 0.0101533299311996 0.0108625404536724 0.0119039658457041 0.0144996829330921 0.00944735202938318 0.0138586293905973 0.0124896392226219 0.00742242578417063 0.0152328452095389 0.0134368082508445 0.0145031278952956 0.00879487674683332 0.0139055168256164 0.0173847377300262 0.0173867251724005 0.0154601586982608 0.00983660109341145 0.00804741214960814 0.0109869195148349 0.00870033260434866 0.00989368185400963 0.010436019860208 0.0105427829548717 0.0107629830017686 0.00951102189719677 0.0085310460999608 0.0103971213102341 0.0105521939694881 0.00768631231039762 0.00676689716055989 0.00608837604522705
0.00632262462750077 0.00648771459236741 0.00711006997153163 0.00812143087387085 0.00586449913680553 0.00735260033980012 0.00994247756898403 0.00622148858383298 0.0054804440587759 0.00584822241216898 0.00482062855735421 0.00490664690732956 0.00409318972378969 0.00520816538482904 0.00704776821658015 0.0112803261727095 0.0133086303249002 0.0126815475523472 0.00927177630364895 0.00981465447694063 0.0140705108642578 0.00763632962480187 0.00777588877826929 0.0140621103346348 0.0146077927201986 0.0144489221274853 0.0133308693766594 0.0136838778853416 0.0178443342447281 0.0158810243010521 0.0156945344060659 0.0141643872484565 0.0136335818096995 0.00680760713294148 0.00522690964862704 0.00835985876619816 0.00874585285782814 0.0104377251118422 0.00955744180828333 0.00895135104656219 0.0091577610000968 0.0098149785771966 0.00896851345896721 0.00784499570727348 0.00682277046144009 0.00613897060975432
0.00669077085331082 0.00669043464586139 0.00744357286021113 0.00482330610975623 0.00440437253564596 0.00510186143219471 0.00812117382884026 0.00650893803685904 0.0054804440587759 0.00547590805217624 0.00523099629208446 0.00439668027684093 0.00431388569995761 0.00715611409395933 0.004214639775455 0.00619095889851451 0.00908285472542048 0.00933996122330427 0.0088888444006443 0.00948178954422474 0.00803359597921371 0.00652818661183119 0.0115264104679227 0.0155789107084274 0.0163001213222742 0.0161773785948753 0.0153517127037048 0.0137432748451829 0.0154617056250572 0.0152298705652356 0.0139929810538888 0.0128268850967288 0.00747651420533657 0.00531211588531733 0.00476383231580257 0.00541689340025187 0.00819440465420485 0.0103700440376997 0.010481184348464 0.00881688669323921 0.0103938085958362 0.009098413400352 0.00883413013070822 0.00862474367022514 0.00754412729293108 0.00655685691162944
0.00661427760496736 0.00767139950767159 0.00584899401292205 0.0060129682533443 0.00486489990726113 0.0070476601831615 0.00780565990135074 0.00483384821563959 0.004858473315835 0.00446611968800426 0.00359610072337091 0.00282832235097885 0.0040672137401998 0.00558444298803806 0.00628848373889923 0.00699437456205487 0.00778030790388584 0.00882115960121155 0.0093741649761796 0.0069806114770472 0.00754388840869069 0.00871442817151546 0.00656391074880958 0.0110557116568089 0.0124646946787834 0.0173852313309908 0.0167317260056734 0.0165458545088768 0.0164891146123409 0.0173860620707273 0.0160624273121357 0.0136490603908896 0.00778793031349778 0.00382385519333184 0.00451006880030036 0.00510666472837329 0.00668610725551844 0.0107353664934635 0.00939020235091448 0.00990064162760973 0.00978903472423553 0.00966025982052088 0.0087458249181509 0.00852745771408081 0.00681763188913465 0.00650491332635283
0.00671003060415387 0.00559334084391594 0.0062221004627645 0.00576695241034031 0.00348335597664118 0.00415644934400916 0.00497993500903249 0.00458512175828218 0.0041703968308866 0.00378110446035862 0.00317000434733927 0.00318867806345224 0.00318867806345224 0.00506009627133608 0.00578137673437595 0.00696813315153122 0.00811230763792992 0.00836152769625187 0.00731389410793781 0.00660993997007608 0.00902125146239996 0.00746505660936236 0.00798738747835159 0.0123720690608025 0.0109011996537447 0.0142301172018051 0.0173077490180731 0.0167342778295279 0.0151665676385164 0.0129724033176899 0.00836144853383303 0.00720552355051041 0.00584787828847766 0.00287259044125676 0.00477671297267079 0.00475895451381803 0.006124138366431 0.0104187419638038 0.0089688403531909 0.00994408037513494 0.0103679280728102 0.0093797892332077 0.00786693394184113 0.00911336205899715 0.00623872922733426 0.00716005126014352
0.00607952103018761 0.00532368896529078 0.0049323788844049 0.00353928585536778 0.00361840426921844 0.00418745959177613 0.00463004130870104 0.00439642556011677 0.00407266756519675 0.00265569938346744 0.00208091246895492 0.0024722300004214 0.00444226339459419 0.00368114141747355 0.0040798457339406 0.00516613526269794 0.00647972151637077 0.00718044536188245 0.00745814293622971 0.0069627515040338 0.00617921445518732 0.00611340254545212 0.0118398535996675 0.0149899842217565 0.0137871345505118 0.0133936172351241 0.0169290509074926 0.024312412366271 0.0150603717193007 0.0123128797858953 0.00797923468053341 0.00595534173771739 0.00520794745534658 0.00544783240184188 0.00557353487238288 0.00564489653334022 0.00627232110127807 0.00726090418174863 0.00618511298671365 0.00942948460578918 0.0101736532524228 0.00945865456014872 0.00790421292185783 0.00661581102758646 0.00814584735780954 0.00878492183983326
0.006165677215904 0.0042508733458817 0.00436265720054507 0.00336761865764856 0.00347274891100824 0.00405250722542405 0.00480676675215364 0.00387586536817253 0.0027948038186878 0.00249544670805335 0.00209299498237669 0.00241205934435129 0.00282287411391735 0.0049445740878582 0.00282386224716902 0.00439235148951411 0.00566686829552054 0.00667709717527032 0.00657382840290666 0.00711246160790324 0.00753846438601613 0.00618394464254379 0.0118407588452101 0.0149372722953558 0.0171144679188728 0.0181156732141972 0.017255486920476 0.0246752388775349 0.0144912265241146 0.0138404611498117 0.00889293197542429 0.00603905878961086 0.00446065841242671 0.00703004607930779 0.00670450460165739 0.00597314396873116 0.00731998402625322 0.00743041234090924 0.00688016274943948 0.00672633619979024 0.00728331413120031 0.00967251043766737 0.00837726891040802 0.00759864458814263 0.00970616098493338 0.00951021816581488
0.00443297205492854 0.00302495737560093 0.00390749191865325 0.00293658510781825 0.00360635714605451 0.00377154047600925 0.00411612773314118 0.00265824585221708 0.00246100057847798 0.00195695273578167 0.00212718918919563 0.00297974422574043 0.00312964525073767 0.00377354817464948 0.00322224549017847 0.00301928352564573 0.00508474465459585 0.00644637970253825 0.00677471281960607 0.00768320076167583 0.00908380653709173 0.00668357126414776 0.00782944448292255 0.0119227478280663 0.016165666282177 0.0181698929518461 0.0147573845461011 0.0141927031800151 0.0115974992513657 0.00602387543767691 0.00369477737694979 0.00532736722379923 0.0051694200374186 0.00426397612318397 0.0079160975292325 0.00751797715201974 0.00820425152778625 0.00740282516926527 0.00725914351642132 0.00835446640849113 0.00722696259617805 0.00703333923593163 0.00871377531439066 0.00773614505305886 0.00949163734912872 0.010119223035872
0.00437914580106735 0.0034596286714077 0.00360592058859766 0.00306166196241975 0.00320421741344035 0.00276098144240677 0.00183943717274815 0.00187297654338181 0.00161718926392496 0.00205134018324316 0.00204894645139575 0.0021472133230418 0.00261664483696222 0.00333925499580801 0.00322582479566336 0.00331621314398944 0.00427262345328927 0.00616032164543867 0.00742421206086874 0.00867705978453159 0.00764288613572717 0.00564056308940053 0.00925298035144806 0.0152760921046138 0.0152180045843124 0.0159209202975035 0.0144452536478639 0.011997701600194 0.0125084780156612 0.00379046448506415 0.00378401717171073 0.00767002301290631 0.00485656643286347 0.00549242040142417 0.00813373923301697 0.00751623278483748 0.00845075771212578 0.00757081899791956 0.00734435115009546 0.00675016734749079 0.00860249623656273 0.00700695207342505 0.00611229101195931 0.00672572012990713 0.0103727597743273 0.0110440319404006
0.00436257943511009 0.00361545523628592 0.0039315870963037 0.00291192415170372 0.00299144210293889 0.00250011659227312 0.00160457147285342 0.00159036985132843 0.00147773139178753 0.00167502858676016 0.00203867699019611 0.00199960172176361 0.00226766639389098 0.0030690454877913 0.00295229628682137 0.00314851943403482 0.00430723000317812 0.0062798960134387 0.00690503045916557 0.00682122260332108 0.0051267291419208 0.00679722148925066 0.00824980065226555 0.0148070631548762 0.0131116816774011 0.011431354098022 0.0106240324676037 0.00982896517962217 0.0045462753623724 0.00463428953662515 0.00670380750671029 0.00896962452679873 0.00521535007283092 0.00482571870088577 0.00564293190836906 0.00757409445941448 0.00822987593710423 0.00759347481653094 0.00714815407991409 0.00736539624631405 0.00834593735635281 0.00705913780257106 0.00760800112038851 0.00820609554648399 0.00848396960645914 0.0117897344753146
0.00287949340417981 0.00361274322494864 0.00340223428793252 0.00245334953069687 0.0023864523973316 0.00217683613300323 0.00169895763974637 0.00141996424645185 0.00123917916789651 0.00138240319211036 0.00185319629963487 0.00200113235041499 0.0020861157681793 0.00220936839468777 0.00229241652414203 0.00298580573871732 0.00417705625295639 0.00506977736949921 0.0043831137008965 0.00336691341362894 0.00528310658410192 0.00743743730708957 0.00949999131262302 0.0132141029462218 0.0104145454242826 0.0109595246613026 0.0114747444167733 0.0105818174779415 0.0072445129044354 0.00486937258392572 0.00586691405624151 0.00928958877921104 0.00516497204080224 0.0051714344881475 0.00496704177930951 0.00726424343883991 0.0077723665162921 0.00776899373158813 0.00788784306496382 0.00815100129693747 0.00812394730746746 0.00845922250300646 0.00830428581684828 0.0092231510207057 0.00914963148534298 0.00799640454351902
0.00311465258710086 0.00374802690930665 0.0034684962593019 0.00271829008124769 0.00264568626880646 0.00260589364916086 0.0021343776024878 0.00120639731176198 0.00111341814044863 0.0011686027282849 0.00122066668700427 0.00156116997823119 0.00183211721014231 0.00210171286016703 0.00264259916730225 0.00348863680846989 0.004222696647048 0.00373106589540839 0.00324432458728552 0.00386289996095002 0.00553846638649702 0.00635705050081015 0.0085033206269145 0.0124787259846926 0.0126200709491968 0.0136136412620544 0.00926765520125628 0.00768080819398165 0.00710873724892735 0.00849044788628817 0.00787593796849251 0.00847106426954269 0.0084083117544651 0.00810994300991297 0.00412505492568016 0.00453838147222996 0.00723086949437857 0.00773621769621968 0.00833736732602119 0.0087729562073946 0.00922127068042755 0.00817552022635937 0.00885312352329493 0.00801925081759691 0.00764272874221206 0.00687842769548297
0.00237511517480016 0.00295509910210967 0.00331269484013319 0.00233381427824497 0.00257608387619257 0.00239536818116903 0.00191729329526424 0.00139042735099792 0.0010979319922626 0.000978699536062777 0.00107735604979098 0.00113577430602163 0.00156590063124895 0.00188824150245637 0.00307492678985 0.00298456638120115 0.00344716431573033 0.00318721495568752 0.00381533172912896 0.004463124088943 0.00668387115001678 0.00630644289776683 0.00678912410512567 0.00566266104578972 0.00691611832007766 0.00771101331338286 0.00811328087002039 0.00641163066029549 0.0103756589815021 0.00844425708055496 0.00742241786792874 0.0081527316942811 0.00835565198212862 0.00902118254452944 0.00414950866252184 0.0045858402736485 0.00652584992349148 0.00746989855542779 0.00850699190050364 0.00897492747753859 0.00882246438413858 0.00799944065511227 0.00526113249361515 0.00507397390902042 0.00496443221345544 0.00460065668448806
0.00217006169259548 0.00296484190039337 0.00305788777768612 0.0031486744992435 0.00219397596083581 0.00238532247021794 0.00261428975500166 0.00146273442078382 0.00107349979225546 0.00086766027379781 0.000761434726882726 0.000641169550362974 0.000870782765559852 0.00182990357279778 0.00293397903442383 0.0031588994897902 0.00292978738434613 0.00375729589723051 0.00484108319506049 0.00542581686750054 0.00749625824391842 0.00743942288681865 0.00681277783587575 0.00638608541339636 0.00795113015919924 0.00695390300825238 0.00801374297589064 0.00841931253671646 0.00974559504538774 0.00784083548933268 0.01045529730618 0.00861092191189528 0.00936604291200638 0.00835041701793671 0.00435093464329839 0.00507614947855473 0.00435735797509551 0.00549066951498389 0.00831911526620388 0.00773008354008198 0.00767566729336977 0.00441188737750053 0.0047340034507215 0.00474255345761776 0.00466393586248159 0.00497330678626895
0.00235081394203007 0.0021698463242501 0.0021780114620924 0.00207913620397449 0.00193758797831833 0.00241259532049298 0.00227861269377172 0.0015791452024132 0.000870993768330663 0.000778576009906828 0.000602314656134695 0.000486589095089585 0.00092674873303622 0.00189295364543796 0.0025977089535445 0.00234932801686227 0.00340613233856857 0.00343665108084679 0.00442981300875545 0.00519915390759706 0.0078091318719089 0.00801938027143478 0.00778163783252239 0.00689023360610008 0.00758032966405153 0.00523944199085236 0.00490783713757992 0.00820557214319706 0.00838439911603928 0.00719628063961864 0.00853420607745647 0.00716565316542983 0.0078547578305006 0.00892978068441153 0.00482950313016772 0.00410927832126617 0.00530540617182851 0.00715927919372916 0.00811115186661482 0.00491946469992399 0.00493604643270373 0.00467300601303577 0.00456000166013837 0.0050551132299006 0.00477068917825818 0.0057769725099206
0.00230487622320652 0.00235058064572513 0.00214433297514915 0.00226207007654011 0.00247744121588767 0.0022917864844203 0.00119028985500336 0.00119251164142042 0.00103859906084836 0.000731305393856019 0.000644063169602305 0.000970236491411924 0.00140028400346637 0.00179432088043541 0.00201943190768361 0.00273018958978355 0.00381794292479753 0.00426612095907331 0.00434618350118399 0.00469022383913398 0.00465645873919129 0.00652937544509768 0.00614265585318208 0.00447798753157258 0.00328534445725381 0.00430425303056836 0.00445494381710887 0.00542001286521554 0.00663920259103179 0.00710326759144664 0.00875035673379898 0.0070550492964685 0.00722318096086383 0.00579104851931334 0.00596695300191641 0.00435151299461722 0.00482578529044986 0.0048252297565341 0.00419240491464734 0.00438439147546887 0.00536584109067917 0.00565837370231748 0.00567776942625642 0.00580330984666944 0.0059705376625061 0.00542684597894549
0.00216881884261966 0.00173227640334517 0.00175240903627127 0.00199487106874585 0.00189744995441288 0.00148385716602206 0.00121278292499483 0.00114784482866526 0.0010216609807685 0.000980747980065644 0.000756325724069029 0.000793185376096517 0.000921977218240499 0.00136506790295243 0.00206436729058623 0.00323929078876972 0.00418203370645642 0.00449458369985223 0.00416638841852546 0.00390461948700249 0.003410954028368 0.00282098259776831 0.00434022536501288 0.00301374238915741 0.00252044899389148 0.00287325168028474 0.00463280454277992 0.0051279105246067 0.00575248757377267 0.0073323966935277 0.00804830435663462 0.00623963959515095 0.00658707087859511 0.0081371096894145 0.00586367584764957 0.00508830463513732 0.00406313128769398 0.00366450264118612 0.00348370615392923 0.00417096680030227 0.00574376294389367 0.00554919568821788 0.00540186325088143 0.00527133513242006 0.00603920454159379 0.00542152067646384
0.00211980589665473 0.00178426422644407 0.00205445731990039 0.00166564167011529 0.00162808573804796 0.0014260319294408 0.00123454560525715 0.00113403564319015 0.00119996804278344 0.00106605875771493 0.000896482146345079 0.00088968244381249 0.000967355677857995 0.00126324826851487 0.00170098058879375 0.00228792568668723 0.00258973659947515 0.00243708514608443 0.00238862307742238 0.00238871481269598 0.0025240364484489 0.00193194684106857 0.00182422646321356 0.00160669127944857 0.00211779261007905 0.00266775768250227 0.00308812828734517 0.00517680821940303 0.00583193683996797 0.00645696790888906 0.00759716611355543 0.00699324952438474 0.00614778930321336 0.00694495253264904 0.00504815904423594 0.00386318145319819 0.00371769280172884 0.00352167803794146 0.00397009309381247 0.00465985760092735 0.0051634875126183 0.0050209378823638 0.00554197048768401 0.00547393085435033 0.00552655290812254 0.00612428318709135
0.0014753807336092 0.0015847192844376 0.00149621139280498 0.00142123096156865 0.00133883312810212 0.00126758846454322 0.00120389729272574 0.00128394726198167 0.00134711142163724 0.00109612010419369 0.00104366114828736 0.00112215185072273 0.00107006228063256 0.00123500148765743 0.00150243088137358 0.00198589777573943 0.00224556028842926 0.00198042578995228 0.00212136609479785 0.0021022551227361 0.00207618973217905 0.00184037548024207 0.0017530774930492 0.0017177575500682 0.00153627269901335 0.00269102235324681 0.00363818043842912 0.00392235862091184 0.00686187064275146 0.00713903596624732 0.00586471008136868 0.00644960906356573 0.00693351728841662 0.00704871956259012 0.00463938806205988 0.00375508726574481 0.00375281111337245 0.00374217261560261 0.00386087037622929 0.00427867053076625 0.00519791571423411 0.00519249774515629 0.00530422804877162 0.00583214685320854 0.00573771120980382 0.00683896616101265
0.00182774337008595 0.00173070235177875 0.00154254690278322 0.00148132094182074 0.00150417035911232 0.00136397394817322 0.00132746796589345 0.00164282904006541 0.00144244078546762 0.0010846332879737 0.0011749843833968 0.00119451538193971 0.00115707772783935 0.00126553804147989 0.00144561391789466 0.00152106629684567 0.00179486349225044 0.00199787248857319 0.00190569623373449 0.00228354474529624 0.00210460415109992 0.00199218932539225 0.00201983936131001 0.00199667410925031 0.00224653771147132 0.0025885864160955 0.00305122858844697 0.00382078345865011 0.00502920150756836 0.00536853447556496 0.00632399879395962 0.00586526747792959 0.00513027934357524 0.00532874930649996 0.00546844536438584 0.00397058017551899 0.00427008979022503 0.00411255704239011 0.00407946761697531 0.00470638414844871 0.00505559239536524 0.00524470023810863 0.005379818379879 0.00526925642043352 0.00575072783976793 0.00886870641261339
