data/climate_estimation/maxent_output/Alstroemeria_monticola.asc
NCOLS 64 
NROWS 163 
XLLCORNER -44.5 
YLLCORNER -20.6666666666667 
CELLSIZE 0.0833333333333334 
NODATA_value -3.4e+38 
[rows 76 to 94 of 163, columns 0 to 43 of 64]
0.0105332508683205 0.00901948474347591 0.005061951931566 0.00498175388202071 0.00494337221607566 0.0049930028617382 0.00460344133898616 0.00379122933372855 0.00370268151164055 0.00280663417652249 0.00221141637302935 0.00194766442291439 0.00220165983773768 0.0023613718803972 0.00283288024365902 0.00345429987646639 0.005803557112813 0.00579382246360183 0.00808604341000319 0.0402679741382599 0.0239119809120893 0.01968764513731 0.042858824133873 0.0413029938936234 0.0427723079919815 0.0336247123777866 0.0346596464514732 0.0761373192071915 0.206082046031952 0.957602441310883 0.987775087356567 0.994685113430023 0.998038053512573 0.994377672672272 0.728031158447266 0.983332812786102 0.987574100494385 0.9748295545578 0.983071982860565 0.990181028842926 0.850546717643738 0.952264606952667 0.907205641269684 0.885967910289764
0.0162407383322716 0.014578371308744 0.00608940003439784 0.0120171308517456 0.0127940326929092 0.0119284223765135 0.00664238631725311 0.0109528638422489 0.00557908648625016 0.00304616731591523 0.00273826369084418 0.00273552467115223 0.00304841250181198 0.00345918070524931 0.00439901696518064 0.00432440731674433 0.00611883262172341 0.00749264238402247 0.0102391503751278 0.0516755245625973 0.0475029870867729 0.0306723769754171 0.0335746444761753 0.0512367486953735 0.0565608665347099 0.108390644192696 0.0864320322871208 0.0473235547542572 0.505706369876862 0.955933928489685 0.990635991096497 0.994729340076447 0.944027662277222 0.647915005683899 0.392251402139664 0.956143617630005 0.985497713088989 0.982553422451019 0.991586446762085 0.991663813591003 0.952254414558411 0.920272648334503 0.822114706039429 0.641464829444885
0.00977534893900156 0.0102006178349257 0.00717333005741239 0.0115032130852342 0.0160025879740715 0.0172132737934589 0.016646396368742 0.0168802700936794 0.0061362013220787 0.00396705139428377 0.00403878791257739 0.0037878283765167 0.00471608340740204 0.0045719793997705 0.00575493415817618 0.00619894452393055 0.00683212326839566 0.00875358190387487 0.016190130263567 0.0247717350721359 0.060225635766983 0.0391227863729 0.0796962454915047 0.0860635787248611 0.0914907902479172 0.230778992176056 0.342106074094772 0.122032478451729 0.1458830088377 0.552428543567657 0.341856300830841 0.162929013371468 0.920063138008118 0.703729033470154 0.386391967535019 0.943164348602295 0.995768785476685 0.9938143491745 0.99564254283905 0.965362071990967 0.889560461044312 0.691973209381104 0.908673048019409 0.52088874578476
0.0137597499415278 0.013939430937171 0.0145918559283018 0.0141084752976894 0.0240797195583582 0.020155843347311 0.020842595025897 0.0151426689699292 0.00743080023676157 0.00585201336070895 0.00529957842081785 0.0065396404825151 0.00684107653796673 0.00770433107391 0.00773446820676327 0.00864412076771259 0.0101666422560811 0.0124919386580586 0.0209389068186283 0.0261453613638878 0.0668977200984955 0.0898433774709702 0.0934509262442589 0.0982203409075737 0.143918469548225 0.375296980142593 0.280373841524124 0.247797086834908 0.181515529751778 0.0764110684394836 0.191493585705757 0.0723881423473358 0.113849811255932 0.941357731819153 0.548344254493713 0.687936544418335 0.997714459896088 0.997080028057098 0.997104167938232 0.978843927383423 0.411000847816467 0.296784102916718 0.651652753353119 0.387389123439789
0.0165686458349228 0.0172670353204012 0.0180734749883413 0.0164148807525635 0.030548233538866 0.0123983155936003 0.0102410661056638 0.00728179840371013 0.00765184732154012 0.0071324585005641 0.0072256219573319 0.00858318340033293 0.00815417431294918 0.00980174820870161 0.0105502987280488 0.0167573019862175 0.019157636910677 0.0220403987914324 0.02107859775424 0.0433914177119732 0.0803776383399963 0.0834270194172859 0.153944954276085 0.171068876981735 0.200016692280769 0.34401923418045 0.296451270580292 0.0828601270914078 0.0606111437082291 0.0791521966457367 0.136336341500282 0.0765815526247025 0.0725385621190071 0.259251445531845 0.940589129924774 0.181263938546181 0.964322447776794 0.981058657169342 0.964494585990906 0.989488482475281 0.269086599349976 0.209394916892052 0.235668256878853 0.194818496704102
0.0192302223294973 0.0173154752701521 0.0205535944551229 0.0178204365074635 0.0170936640352011 0.0119676934555173 0.00843881070613861 0.00861873384565115 0.00944303721189499 0.0118865827098489 0.0108251702040434 0.0104742040857673 0.0132186943665147 0.0136155318468809 0.0202240496873856 0.0229681152850389 0.0267085991799831 0.0317483432590961 0.0348031707108021 0.0450351312756538 0.067038781940937 0.144480302929878 0.30544301867485 0.264400035142899 0.338567137718201 0.308444499969482 0.486117094755173 0.178050443530083 0.0626490190625191 0.0850195586681366 0.0968727245926857 0.142668500542641 0.207727625966072 0.0735574662685394 0.290431678295135 0.288775980472565 0.691506385803223 0.986863136291504 0.721138596534729 0.989676117897034 0.318537801504135 0.461210340261459 0.156136363744736 0.172948196530342
0.032206967473030 0.0327064543962479 0.0195548254996538 0.0167725253850222 0.0145362056791782 0.0118465460836887 0.010062500834465 0.0113976681604981 0.0104160672053695 0.0127377370372415 0.0121713951230049 0.0145100383087993 0.0167468525469303 0.0171636175364256 0.0283691249787807 0.0300337262451649 0.0332329012453556 0.0402447506785393 0.0429165437817574 0.0451775416731834 0.0573001429438591 0.204685211181641 0.558011889457703 0.537589013576508 0.563405513763428 0.653635859489441 0.422200620174408 0.136713400483131 0.0527293905615807 0.0804189369082451 0.0799729153513908 0.0758571103215218 0.0648484528064728 0.0647782981395721 0.297714561223984 0.629099547863007 0.182845875620842 0.843238413333893 0.733193933963776 0.850026369094849 0.285924255847931 0.193271055817604 0.143786281347275 0.193537876009941
0.0284727141261101 0.0284545198082924 0.0164636988192797 0.0132381673902273 0.0130950836464763 0.0123902000486851 0.0106803979724646 0.0125708719715476 0.012759261764586 0.0137732774019241 0.0154475066810846 0.0167628284543753 0.0193413067609072 0.0222764164209366 0.0334523506462574 0.0392717756330967 0.0373619124293327 0.0410247482359409 0.0483695641160011 0.0493427515029907 0.052839607000351 0.189945727586746 0.658688008785248 0.718789935112 0.589119732379913 0.591992974281311 0.263363838195801 0.0629368349909782 0.0508398935198784 0.0723423436284065 0.0679042041301727 0.0680035799741745 0.062574066221714 0.0731391757726669 0.115924976766109 0.292324900627136 0.121718592941761 0.183962240815163 0.276726752519608 0.272077113389969 0.197043523192406 0.184122085571289 0.202888339757919 0.414589703083038
0.0282504372298717 0.0180152487009764 0.0144415963441133 0.0140330158174038 0.0140435630455613 0.0138896405696869 0.0135704139247537 0.0113201877102256 0.0144551657140255 0.0156144825741649 0.0162999853491783 0.0183131955564022 0.0208006575703621 0.0228792279958725 0.0249067116528749 0.0280142072588205 0.0300626438111067 0.0286681149154902 0.0310438759624958 0.0342473052442074 0.0540077835321426 0.197874411940575 0.727935254573822 0.750216960906982 0.559660375118256 0.24859744310379 0.117542333900928 0.0563304089009762 0.0805078446865082 0.0909292548894882 0.146485731005669 0.181417793035507 0.168626353144646 0.348592609167099 0.103660017251968 0.159125059843063 0.142442494630814 0.166122764348984 0.16127672791481 0.174707129597664 0.246769681572914 0.258760333061218 0.22017328441143 0.296308934688568
0.0255126878619194 0.0134284058585763 0.0126778436824679 0.0127339838072658 0.0133663499727845 0.0132233500480652 0.0129643380641937 0.0183046292513609 0.018734036013484 0.0133187035098672 0.0153311770409346 0.0178301744163036 0.0202270653098822 0.0227961484342813 0.0250959973782301 0.0273728296160698 0.0284639969468117 0.0286729838699102 0.0342120379209518 0.0309528671205044 0.0323677770793438 0.0646025910973549 0.464018702507019 0.653046250343323 0.287527292966843 0.121268346905708 0.0642423555254936 0.0912347435951233 0.107987642288208 0.183005005121231 0.160793825984001 0.130115032196045 0.189375773072243 0.324620634317398 0.108849138021469 0.151796266436577 0.187844887375832 0.417182236909866 0.250453472137451 0.32539701461792 0.503569424152374 0.48481559753418 0.333426535129547 0.310048222541809
0.0126453498378396 0.0137683879584074 0.0125378435477614 0.0117115182802081 0.0123134776949883 0.0120552834123373 0.0185327511280775 0.0184358842670918 0.0174583215266466 0.017750458791852 0.014235538430512 0.0172912906855345 0.020776541903615 0.0243620052933693 0.0244930535554886 0.0283920932561159 0.0654716268181801 0.0444502495229244 0.0347359143197536 0.0341034606099129 0.0343120098114014 0.0688237771391869 0.167151391506195 0.48050394654274 0.185070127248764 0.139122143387794 0.0667376592755318 0.134893923997879 0.12968522310257 0.118878349661827 0.146572649478912 0.11321472376585 0.103244423866272 0.104023464024067 0.183592513203621 0.157660141587257 0.295942932367325 0.509378552436829 0.593699216842651 0.672181367874146 0.730303525924683 0.737455308437347 0.490859180688858 0.527114570140839
0.0143844792619348 0.0139468284323812 0.0133172944188118 0.0137110166251659 0.0122791677713394 0.0120045365765691 0.018576767295599 0.0174804981797934 0.0167641937732697 0.0185128040611744 0.014903299510479 0.0168042853474617 0.0207598302513361 0.0224925260990858 0.0235131792724133 0.0279852263629436 0.0633248835802078 0.267851859331131 0.128757983446121 0.0565393008291721 0.0342387333512306 0.0472251623868942 0.205710649490356 0.402042359113693 0.17755651473999 0.150036618113518 0.124645233154297 0.115611292421818 0.0899318009614944 0.0917748585343361 0.0812932401895523 0.106599435210228 0.10395409911871 0.136827275156975 0.200531393289566 0.19403649866581 0.374269068241119 0.434684872627258 0.552207469940186 0.736503720283508 0.794201850891113 0.81866180896759 0.630940139293671 0.425440311431885
0.0138002289459109 0.0124012045562267 0.0211319327354431 0.0233436618000269 0.0188170354813337 0.0179673079401255 0.017609940841794 0.0172775536775589 0.0177371148020029 0.0242443308234215 0.03309341147542 0.0209183041006327 0.0202874671667814 0.0224699173122644 0.0239762254059315 0.0271629355847836 0.03227474167943 0.0511960387229919 0.170400887727737 0.0962540507316589 0.0417512506246567 0.0449294820427895 0.135547265410423 0.397589981555939 0.112008437514305 0.161242097616196 0.116031624376774 0.0875388532876968 0.0818121433258057 0.0806244388222694 0.0793298780918121 0.131080895662308 0.113666884601116 0.157671868801117 0.241813257336617 0.213001549243927 0.305900007486343 0.41242778301239 0.522133767604828 0.696208953857422 0.722304463386536 0.662534654140472 0.514904201030731 0.434651046991348
0.0254523195326328 0.0214766133576632 0.0275071114301682 0.0221232529729605 0.0183611959218979 0.0177545882761478 0.0170906949788332 0.0164300501346588 0.0122446520254016 0.0251558311283588 0.0269904099404812 0.0178792029619217 0.0178965348750353 0.0203425846993923 0.0222393032163382 0.0252704005688429 0.026236105710268 0.0319465510547161 0.0380916520953178 0.286334127187729 0.10529612749815 0.0477728582918644 0.107383839786053 0.245262131094933 0.0958614572882652 0.0807056054472923 0.102280281484127 0.0974665731191635 0.107159145176411 0.0906263217329979 0.0570665970444679 0.18014557659626 0.145382434129715 0.188802674412727 0.234964489936829 0.217962920665741 0.34825336933136 0.318130433559418 0.402640253305435 0.452614903450012 0.490905672311783 0.501687169075012 0.554865181446075 0.543523728847504
0.0411709807813168 0.0371340028941631 0.0223528333008289 0.0206131245940924 0.0179939735680819 0.0180213712155819 0.0167697835713625 0.0110661778599024 0.0120419701561332 0.0134114501997828 0.0136337364092469 0.0154348397627473 0.0172659419476986 0.0185647066682577 0.0212633442133665 0.0237588491290808 0.0250899232923985 0.0264871940016747 0.0295466855168343 0.0381053946912289 0.0541628673672676 0.0433295741677284 0.117442533373833 0.236082002520561 0.0973352789878845 0.0830575674772263 0.110133580863476 0.108457460999489 0.132329374551773 0.114382803440094 0.104074470698833 0.212905719876289 0.126538828015327 0.220954760909081 0.23294360935688 0.205249801278114 0.216528564691544 0.292674899101257 0.267469972372055 0.290201991796494 0.32527956366539 0.499666810035706 0.533760964870453 0.80199408531189
0.0420828014612198 0.0351563096046448 0.0314901620149612 0.0195453930646181 0.0192597545683384 0.0120473373681307 0.0115286055952311 0.0110029261559248 0.0117408568039536 0.0117681622505188 0.0120720835402608 0.0134585360065103 0.0152869429439306 0.0185902994126081 0.0206625778228045 0.0237539615482092 0.0266752541065216 0.0269291400909424 0.0291092116385698 0.0324551835656166 0.0400610640645027 0.0585548654198647 0.107990615069866 0.238744854927063 0.105112180113792 0.134587854146957 0.127080723643303 0.140931621193886 0.24995219707489 0.240300744771957 0.216467425227165 0.339666903018951 0.200941666960716 0.177607536315918 0.198361784219742 0.212861269712448 0.222886726260185 0.179703235626221 0.160188138484955 0.283523738384247 0.393071204423904 0.570572674274445 0.605901181697845 0.880985140800476
0.0406201593577862 0.0371525809168816 0.0360943377017975 0.0208523534238338 0.0187548231333494 0.0121108973398805 0.0113630471751094 0.0109657216817141 0.0124023919925094 0.0121857263147831 0.0119086755439639 0.0131265418604016 0.0158536098897457 0.0193553492426872 0.0209835637360811 0.0237611848860979 0.0255066566169262 0.0306003261357546 0.0339144691824913 0.0520250387489796 0.0531284399330616 0.0647037252783775 0.133868679404259 0.254679352045059 0.179077535867691 0.180157691240311 0.137131750583649 0.139375254511833 0.135921820998192 0.141219928860664 0.197915777564049 0.231876030564308 0.17417910695076 0.152692213654518 0.158969387412071 0.150939971208572 0.178737819194794 0.160281166434288 0.145441830158234 0.221188813447952 0.341165214776993 0.571215808391571 0.78164267539978 0.956065833568573
0.0692544505000114 0.0421742126345634 0.0412990301847458 0.0453414022922516 0.0216050371527672 0.0178447067737579 0.0113059123978019 0.0114462012425065 0.0122159738093615 0.0140031957998872 0.0139385927468538 0.0142098926007748 0.0167284235358238 0.0201892517507076 0.0235622096806765 0.0231214426457882 0.0258215796202421 0.102345205843449 0.101348124444485 0.0870640575885773 0.0445481017231941 0.0641927942633629 0.130938902497292 0.277252286672592 0.255056619644165 0.155358150601387 0.148040592670441 0.222827613353729 0.143780276179314 0.113377287983894 0.106986172497272 0.107579588890076 0.140404775738716 0.148789882659912 0.139783918857574 0.129748180508614 0.145470142364502 0.18684458732605 0.202798321843147 0.309705168008804 0.414644420146942 0.683604180812836 0.930126488208771 0.984579384326935
0.0441114008426666 0.0441736504435539 0.0453938879072666 0.0485669076442719 0.0254466272890568 0.0157174989581108 0.0108286011964083 0.0118957301601768 0.0125621911138296 0.0135879497975111 0.0145379528403282 0.0150055401027203 0.0242439322173595 0.0211543813347816 0.0207148995250463 0.0226390175521374 0.0255454201251268 0.145836740732193 0.0924108251929283 0.03784554079175 0.0372618697583675 0.0788344293832779 0.125939399003983 0.203801557421684 0.192820146679878 0.159149646759033 0.266171455383301 0.215062141418457 0.139598205685616 0.111640632152557 0.0687132179737091 0.115476928651333 0.204674169421196 0.172553330659866 0.196353122591972 0.142704367637634 0.24943108856678 0.187307760119438 0.215271025896072 0.474760174751282 0.735835552215576 0.916191637516022 0.965815305709839 0.980382859706879
