data/climate_estimation/maxent_output/Alstroemeria_caryophyllaea.asc
NCOLS 223 
NROWS 206 
XLLCORNER -55.4166666666667 
YLLCORNER -26.75 
CELLSIZE 0.0833333333333333 
NODATA_value -3.4e+38 
[rows 147 to 167 of 206, columns 46 to 91 of 223]
0.925939738750458 0.864009022712708 0.862428724765778 0.858212292194366 0.854883193969727 0.844314992427826 0.849629044532776 0.908426523208618 0.912826359272003 0.920475006103516 0.924410939216614 0.91845691204071 0.907850384712219 0.909464836120605 0.888303101062775 0.881674885749817 0.876176416873932 0.882794559001923 0.881239354610443 0.880536079406738 0.88741409778595 0.891746759414673 0.887581706047058 0.876684367656708 0.876020133495331 0.867684423923492 0.861690044403076 0.860881447792053 0.842811942100525 0.835590779781342 0.838863968849182 0.821931660175323 0.813313663005829 0.802956819534302 0.78567898273468 0.796035885810852 0.793716490268707 0.797319710254669 0.803026854991913 0.796801269054413 0.802383720874786 0.83232581615448 0.832264184951782 0.835217356681824 0.831071019172668 0.833952903747559
0.933052003383636 0.927753329277039 0.92333197593689 0.85597825050354 0.865136802196503 0.860281705856323 0.860721349716187 0.863133728504181 0.91544646024704 0.926662802696228 0.926090478897095 0.922883629798889 0.925622522830963 0.910563588142395 0.912706971168518 0.898187518119812 0.891091883182526 0.893162369728088 0.884142100811005 0.892255365848541 0.895621120929718 0.908895969390869 0.906217753887177 0.899520635604858 0.879845023155212 0.875144898891449 0.864909887313843 0.869765996932983 0.867030680179596 0.865445256233215 0.847171366214752 0.840336561203003 0.81339955329895 0.810854434967041 0.808637380599976 0.812049329280853 0.81170666217804 0.812735199928284 0.819527149200439 0.819229006767273 0.80255514383316 0.827714025974274 0.84040379524231 0.852788865566254 0.847352921962738 0.839629411697388
0.937986016273499 0.930411815643311 0.922193765640259 0.857973635196686 0.859585046768188 0.865956604480743 0.87388676404953 0.88062196969986 0.883321583271027 0.883327305316925 0.878849565982819 0.874675989151001 0.920930683612823 0.923821151256561 0.913460075855255 0.911309421062469 0.906884610652924 0.900314629077911 0.892443060874939 0.899891674518585 0.908703804016113 0.916909158229828 0.919710397720337 0.8982874751091 0.876903116703033 0.881597280502319 0.883079290390015 0.883761823177338 0.878839433193207 0.871820330619812 0.864660620689392 0.851723790168762 0.82874608039856 0.825369417667389 0.814218997955322 0.82755571603775 0.822815179824829 0.82689243555069 0.829445898532867 0.821578800678253 0.812869071960449 0.824147582054138 0.830526769161224 0.851429402828217 0.865359127521515 0.860284209251404
0.932817399501801 0.92932516336441 0.924013614654541 0.865446448326111 0.86301189661026 0.878510117530823 0.877392888069153 0.882027447223663 0.890514016151428 0.900763630867004 0.889933228492737 0.890510737895966 0.883310854434967 0.924743890762329 0.925637662410736 0.909954786300659 0.90387761592865 0.908675372600555 0.905031323432922 0.909599483013153 0.916386663913727 0.919378459453583 0.913563907146454 0.901511609554291 0.890477418899536 0.889753043651581 0.903360545635223 0.901401340961456 0.886890292167664 0.878850996494293 0.87858372926712 0.862316131591797 0.851520955562592 0.830651998519897 0.834222614765167 0.827252686023712 0.844823181629181 0.834390461444855 0.832174181938171 0.854524314403534 0.841583013534546 0.835404574871063 0.842950940132141 0.83604234457016 0.854216575622559 0.8470538854599
0.936715722084045 0.931785583496094 0.927710473537445 0.876942276954651 0.877471566200256 0.883301973342896 0.899663150310516 0.895100951194763 0.898903012275696 0.904316365718842 0.902913630008698 0.941583752632141 0.898307383060455 0.936696290969849 0.927362561225891 0.917777717113495 0.915830969810486 0.906568765640259 0.912308931350708 0.909219443798065 0.85698390007019 0.854747116565704 0.913481056690216 0.908632934093475 0.900463461875916 0.900498390197754 0.899948418140411 0.905715644359589 0.898764491081238 0.890221238136292 0.893392741680145 0.879788100719452 0.870932638645172 0.858246803283691 0.844332039356232 0.855701506137848 0.859316527843475 0.864955604076385 0.852318704128265 0.826475203037262 0.837572634220123 0.833190381526947 0.839526236057281 0.842640101909637 0.839881658554077 0.844362735748291
0.942317426204681 0.935915052890778 0.938976645469666 0.880721628665924 0.881901204586029 0.890090763568878 0.898227334022522 0.898895025253296 0.899667024612427 0.893567681312561 0.907646596431732 0.947285115718842 0.946446537971497 0.947446405887604 0.941372692584991 0.930102944374084 0.92087596654892 0.863815546035767 0.865691184997559 0.874323666095734 0.865155339241028 0.869048953056335 0.918371498584747 0.913309454917908 0.900780260562897 0.901464939117432 0.896564245223999 0.906202614307404 0.898216664791107 0.896572470664978 0.900165796279907 0.879942893981934 0.867155730724335 0.859789669513702 0.859707891941071 0.868305623531342 0.857460141181946 0.868480622768402 0.859596431255341 0.849589049816132 0.835753917694092 0.840181469917297 0.835281729698181 0.838699221611023 0.842456698417664 0.838192164897919
0.949100136756897 0.9425208568573 0.944791853427887 0.898176968097687 0.888003706932068 0.897568702697754 0.899410963058472 0.892534911632538 0.894485831260681 0.896262586116791 0.910055160522461 0.950264573097229 0.948520660400391 0.950480699539185 0.948758363723755 0.940699100494385 0.940256595611572 0.881735324859619 0.873893201351166 0.87115067243576 0.87665331363678 0.921585500240326 0.919207334518433 0.912525773048401 0.904173731803894 0.905238330364227 0.912254691123962 0.913253843784332 0.903077244758606 0.904398262500763 0.899953246116638 0.892022848129272 0.883891582489014 0.870114266872406 0.869675874710083 0.860384345054626 0.872584760189056 0.863507449626923 0.862472355365753 0.861260890960693 0.83913117647171 0.840842247009277 0.835615754127502 0.850378572940826 0.851753711700439 0.82505875825882
0.952280104160309 0.949499070644379 0.903984367847443 0.900430500507355 0.897798120975494 0.9024897813797 0.895346403121948 0.88760769367218 0.889031946659088 0.89747679233551 0.904845237731934 0.909572005271912 0.913405060768127 0.91357809305191 0.912686288356781 0.948628544807434 0.947047412395477 0.938072979450226 0.936484515666962 0.925780653953552 0.926440715789795 0.926250755786896 0.919536709785461 0.91438090801239 0.915623843669891 0.909172475337982 0.92054557800293 0.925180196762085 0.915984928607941 0.917456030845642 0.914032220840454 0.90510767698288 0.899441957473755 0.887959241867065 0.871943295001984 0.86877977848053 0.868881106376648 0.875064671039581 0.86016309261322 0.849570691585541 0.861283123493195 0.85882568359375 0.860089540481567 0.864614605903625 0.839412152767181 0.838784575462341
0.920010030269623 0.906746208667755 0.910512983798981 0.9054816365242 0.901742815971375 0.899512231349945 0.901578962802887 0.898341774940491 0.897840917110443 0.900006473064423 0.907472431659698 0.910443186759949 0.921446561813354 0.927727878093719 0.961640357971191 0.920536518096924 0.950595855712891 0.897080421447754 0.939047694206238 0.936090409755707 0.930540978908539 0.925478994846344 0.929762065410614 0.925050497055054 0.920034110546112 0.925297379493713 0.930931031703949 0.925429046154022 0.925885617733002 0.91830450296402 0.915658116340637 0.919165074825287 0.902902066707611 0.903961718082428 0.89249724149704 0.871111810207367 0.877272963523865 0.863648414611816 0.86175149679184 0.860925078392029 0.854324758052826 0.857152879238129 0.852921605110168 0.83942049741745 0.827763438224792 0.823229014873505
0.912903428077698 0.909084141254425 0.908430635929108 0.897094547748566 0.898218810558319 0.891927897930145 0.893706798553467 0.891134023666382 0.890441834926605 0.903776109218597 0.90646368265152 0.922458946704865 0.926889419555664 0.933920800685883 0.934114277362823 0.922885179519653 0.909293532371521 0.90807580947876 0.903135001659393 0.937566459178925 0.935311675071716 0.931881487369537 0.931434452533722 0.929306745529175 0.933360397815704 0.933859825134277 0.929680466651917 0.933041453361511 0.936054468154907 0.932526588439941 0.92991578578949 0.933173656463623 0.915449202060699 0.913409888744354 0.901973843574524 0.893734514713287 0.888733506202698 0.871467530727386 0.867508232593536 0.868168354034424 0.866365849971771 0.858063101768494 0.846210241317749 0.843244194984436 0.834117710590363 0.820616900920868
0.915306985378265 0.915053904056549 0.914035975933075 0.903427481651306 0.893068671226501 0.887825965881348 0.883825421333313 0.886613249778748 0.893603205680847 0.902404010295868 0.912523984909058 0.927361309528351 0.930791318416595 0.940227448940277 0.928145527839661 0.917614758014679 0.914911091327667 0.908413827419281 0.905367910861969 0.904368579387665 0.943651080131531 0.939223110675812 0.935837924480438 0.929597914218903 0.936454653739929 0.936735451221466 0.941544592380524 0.940751433372498 0.945473909378052 0.942936599254608 0.940205216407776 0.938850522041321 0.927362978458405 0.919693231582642 0.918099522590637 0.90714967250824 0.906403839588165 0.87915313243866 0.878776609897614 0.878141522407532 0.879289209842682 0.868206679821014 0.85891318321228 0.846573173999786 0.834609150886536 0.827953338623047
0.936769604682922 0.929852306842804 0.923376560211182 0.915016829967499 0.902736961841583 0.891745448112488 0.889901518821716 0.884643912315369 0.885592818260193 0.899129211902618 0.913792967796326 0.914186656475067 0.925516128540039 0.926421821117401 0.922970294952393 0.914113640785217 0.918035626411438 0.896102964878082 0.897691547870636 0.89987188577652 0.913562595844269 0.907211899757385 0.940382838249207 0.943329036235809 0.949739396572113 0.943589687347412 0.952126979827881 0.958026826381683 0.955016672611237 0.948765933513641 0.944272458553314 0.945943534374237 0.938841104507446 0.934323847293854 0.926752805709839 0.920538365840912 0.919312238693237 0.907439649105072 0.893162250518799 0.894493281841278 0.880754113197327 0.878159940242767 0.869726419448853 0.859923779964447 0.851276516914368 0.847537219524384
0.946111142635345 0.943500339984894 0.931140065193176 0.922272980213165 0.912232160568237 0.904547572135925 0.897831439971924 0.890124499797821 0.901905834674835 0.902567028999329 0.914935111999512 0.912580013275146 0.920194625854492 0.922720372676849 0.923533916473389 0.913401007652283 0.90097713470459 0.898910462856293 0.893489122390747 0.892551481723785 0.909659087657928 0.903096139431 0.952931523323059 0.946197092533112 0.95067036151886 0.954095184803009 0.956868410110474 0.956995069980621 0.9551722407341 0.954776883125305 0.952431797981262 0.95122617483139 0.945250332355499 0.941694438457489 0.933156192302704 0.927126705646515 0.933705031871796 0.923715770244598 0.908253610134125 0.896474719047546 0.894891083240509 0.894250333309174 0.880868375301361 0.856700956821442 0.849786818027496 0.846951842308044
0.954886734485626 0.954279780387878 0.930181622505188 0.923713326454163 0.935987234115601 0.931885361671448 0.907544612884521 0.897555649280548 0.916081547737122 0.90931510925293 0.916392087936401 0.91602098941803 0.922653794288635 0.924704492092133 0.925608336925507 0.916194260120392 0.912354230880737 0.899997532367706 0.888643682003021 0.892274618148804 0.908875823020935 0.912036180496216 0.902374863624573 0.910930395126343 0.956655859947205 0.957348823547363 0.961897611618042 0.964140892028809 0.961141407489777 0.962612867355347 0.959985017776489 0.953252136707306 0.945308089256287 0.94302773475647 0.940544545650482 0.934642791748047 0.935497403144836 0.937978446483612 0.930710852146149 0.90984845161438 0.894826531410217 0.892013669013977 0.88344806432724 0.874236941337585 0.861004173755646 0.856273531913757
0.962731719017029 0.963748395442963 0.94124573469162 0.932311058044434 0.937572121620178 0.926724374294281 0.914375722408295 0.90988552570343 0.91271311044693 0.927272379398346 0.930192589759827 0.935419082641602 0.933409512042999 0.925346255302429 0.933182597160339 0.929448664188385 0.92846816778183 0.924544751644135 0.909031927585602 0.910146534442902 0.908734619617462 0.917566061019897 0.925265073776245 0.960062265396118 0.96547669172287 0.964590311050415 0.961674153804779 0.965831875801086 0.967068135738373 0.965786576271057 0.963213622570038 0.960908949375153 0.958791434764862 0.955593049526215 0.951028048992157 0.947730302810669 0.944947719573975 0.939739286899567 0.930773615837097 0.911267399787903 0.908703029155731 0.898512601852417 0.898373067378998 0.888174116611481 0.886811912059784 0.868851482868195
0.964186728000641 0.964014172554016 0.950534343719482 0.940847992897034 0.969588816165924 0.964141964912415 0.923268616199493 0.918615221977234 0.920590162277222 0.924461603164673 0.944639086723328 0.949454009532928 0.94468080997467 0.937427639961243 0.944014132022858 0.934553265571594 0.934390306472778 0.938166260719299 0.931507527828217 0.924691498279572 0.932317674160004 0.937348783016205 0.926991760730743 0.967746794223785 0.960825562477112 0.958479106426239 0.959255158901215 0.957331776618958 0.959669888019562 0.962891578674316 0.964578986167908 0.965364038944244 0.966468393802643 0.958984196186066 0.959112882614136 0.952762305736542 0.948326230049133 0.927601456642151 0.934861302375793 0.921069383621216 0.909875631332397 0.908526659011841 0.900798082351685 0.898784339427948 0.89801037311554 0.896061897277832
0.968400478363037 0.965167462825775 0.984396159648895 0.977470934391022 0.974484860897064 0.969470918178558 0.961387872695923 0.921395897865295 0.934321105480194 0.934441208839417 0.946222960948944 0.979351341724396 0.952382206916809 0.950082004070282 0.954933285713196 0.950934052467346 0.944122314453125 0.949757635593414 0.944943904876709 0.945672452449799 0.948216676712036 0.950899958610535 0.945527315139771 0.967974185943604 0.972825646400452 0.962860226631165 0.961122632026672 0.958089053630829 0.960683882236481 0.962985932826996 0.957779288291931 0.958360970020294 0.951033234596252 0.944890379905701 0.945502460002899 0.935129344463348 0.930911362171173 0.930271446704865 0.925919115543365 0.928235650062561 0.918405473232269 0.91945868730545 0.911920249462128 0.901782751083374 0.907240450382233 0.906922042369843
0.976349532604218 0.987423360347748 0.988076746463776 0.983239829540253 0.975617051124573 0.970350384712219 0.967328488826752 0.930131435394287 0.971574783325195 0.976202666759491 0.977871060371399 0.983662307262421 0.961008250713348 0.950743436813354 0.959463953971863 0.962258756160736 0.951483368873596 0.954494535923004 0.953262209892273 0.953447639942169 0.960031509399414 0.956908583641052 0.946870982646942 0.939977586269379 0.972746610641479 0.974475204944611 0.970596313476562 0.963093161582947 0.96499764919281 0.962960720062256 0.963760673999786 0.957144558429718 0.950894415378571 0.940322756767273 0.934486508369446 0.935081481933594 0.928244829177856 0.935476362705231 0.932551741600037 0.936646819114685 0.932898938655853 0.924875855445862 0.921988308429718 0.916382431983948 0.915946543216705 0.915291428565979
0.980258584022522 0.991288840770721 0.988302648067474 0.981597363948822 0.974402964115143 0.971462428569794 0.965746581554413 0.969555974006653 0.977046370506287 0.982947587966919 0.983863949775696 0.982591569423676 0.982499659061432 0.955920517444611 0.966475665569305 0.96550315618515 0.958590149879456 0.952815532684326 0.957735121250153 0.962671041488647 0.963338971138 0.957734167575836 0.9497030377388 0.937954962253571 0.93729031085968 0.966292917728424 0.973971664905548 0.970258235931396 0.970436632633209 0.971579492092133 0.969950258731842 0.965447723865509 0.956523895263672 0.949472367763519 0.931715905666351 0.933927118778229 0.938760221004486 0.938910007476807 0.939659416675568 0.947008669376373 0.935819208621979 0.937293171882629 0.928572833538055 0.925938546657562 0.926936984062195 0.922052145004272
0.97595602273941 0.97952938079834 0.98970890045166 0.983956277370453 0.976704597473145 0.970512866973877 0.97147011756897 0.972813248634338 0.980644524097443 0.986178278923035 0.988275766372681 0.986810803413391 0.987617552280426 0.984414339065552 0.985299229621887 0.959363460540771 0.952196598052979 0.9534050822258 0.955541968345642 0.962733268737793 0.967395961284637 0.962401926517487 0.956463873386383 0.944714903831482 0.942313432693481 0.969203591346741 0.974355280399323 0.973285853862762 0.973215222358704 0.974429249763489 0.971388876438141 0.969720482826233 0.960123300552368 0.955755352973938 0.936516463756561 0.935871303081512 0.937333643436432 0.945981621742249 0.947836816310883 0.950628459453583 0.950216948986053 0.946080088615417 0.941249549388885 0.929916322231293 0.93621701002121 0.933385670185089
0.98090785741806 0.98244971036911 0.989650785923004 0.983543992042542 0.980811417102814 0.978726625442505 0.976334810256958 0.978033065795898 0.981450080871582 0.987413287162781 0.990142643451691 0.990131318569183 0.989813446998596 0.983505249023438 0.960539817810059 0.963941097259521 0.957211077213287 0.953343451023102 0.959747612476349 0.964844644069672 0.967929244041443 0.967041075229645 0.956320106983185 0.946724236011505 0.945431530475616 0.971454501152039 0.974635064601898 0.976006209850311 0.97508293390274 0.977024257183075 0.976020574569702 0.971067607402802 0.967456638813019 0.960672497749329 0.954366981983185 0.940794348716736 0.94577556848526 0.948935151100159 0.952885329723358 0.962111055850983 0.956594705581665 0.952781677246094 0.949852347373962 0.949984133243561 0.945862710475922 0.945514976978302
