data/climate_estimation/maxent_output/Alstroemeria_umbellata.asc
NCOLS 22 
NROWS 224 
XLLCORNER -70.9166666666667 
YLLCORNER -36.25 
CELLSIZE 0.0833333333333331 
NODATA_value -3.4e+38 
[rows 0 to 38 of 224, columns 0 to 21 of 22]
0.001187853049487 0.00132535467855632 0.00127821217756718 0.00310019473545253 0.0134419649839401 0.0184397678822279 0.0976390168070793 0.0752292573451996 0.254688501358032 0.365358352661133 0.59669429063797 0.804621815681458 0.90023672580719 0.886733293533325 0.893204391002655 0.897579610347748 0.867972493171692 0.802333056926727 0.792461633682251 0.772725760936737 0.794429123401642 0.771562218666077
0.00900937058031559 0.00126359798014164 0.00119847746100277 0.00135408691130579 0.00391607591882348 0.00811270158737898 0.021725969389081 0.0149718970060349 0.0318005755543709 0.153226271271706 0.218131378293037 0.612916946411133 0.960188746452332 0.913673102855682 0.941832482814789 0.941763818264008 0.896160960197449 0.880669951438904 0.826412677764893 0.821754813194275 0.861763119697571 0.834870755672455
0.00161541625857353 0.00559007655829191 0.00967501942068338 0.00911868736147881 0.0227414239197969 0.0208070389926434 0.00574864307418466 0.0208362992852926 0.0158186722546816 0.0418840050697327 0.174075707793236 0.487282782793045 0.972858548164368 0.975947678089142 0.96697598695755 0.9527747631073 0.945556700229645 0.945984721183777 0.90980327129364 0.883279740810394 0.880122661590576 0.903582632541656
0.00177643925417215 0.00622435007244349 0.0147114237770438 0.0282080788165331 0.0242513455450535 0.037625927478075 0.0218436866998672 0.0149871865287423 0.0388737618923187 0.0131557062268257 0.0665568858385086 0.372228503227234 0.906698942184448 0.99163943529129 0.98107784986496 0.974268019199371 0.954013228416443 0.946754038333893 0.94314181804657 0.906636238098145 0.927434921264648 0.902336895465851
0.00187993154395372 0.00184928975068033 0.0155960787087679 0.0146794319152832 0.0293055064976215 0.0629522204399109 0.0045729810371995 0.0167351737618446 0.00159033690579236 0.00226645334623754 0.0522572211921215 0.335227370262146 0.88913881778717 0.99328750371933 0.992082595825195 0.990612685680389 0.975450932979584 0.97661966085434 0.970332384109497 0.942538857460022 0.953899204730988 0.95388400554657
0.0019548088312149 0.00197502877563238 0.00658156769350171 0.0064767487347126 0.0155613338574767 0.0303016901016235 0.00487583968788385 0.0135476402938366 0.0131699750199914 0.00207077385857701 0.0197168979793787 0.218009695410728 0.851358890533447 0.989760398864746 0.989900410175323 0.990619957447052 0.991894721984863 0.985020518302917 0.987347722053528 0.983414113521576 0.970221221446991 0.964565217494965
-3.4e+38 0.00200238102115691 0.00197098031640053 0.00197368487715721 0.00679600052535534 0.00664565525949001 0.015180354937911 0.0591838583350182 0.00466131651774049 0.00381732312962413 0.00472734263166785 0.0738317966461182 0.665517807006836 0.984821140766144 0.993018388748169 0.996079742908478 0.995136260986328 0.986460745334625 0.990384817123413 0.989446997642517 0.991251111030579 0.973821759223938
-3.4e+38 -3.4e+38 -3.4e+38 0.00207462231628597 0.00206843321211636 0.0021061331499368 0.00202747667208314 0.0158307608217001 0.0027804656419903 0.0196736101061106 0.00258370419032872 0.0497409999370575 0.371869176626205 0.949058651924133 0.986116170883179 0.887846887111664 0.997938930988312 0.996217548847198 0.996949136257172 0.996914803981781 0.992336452007294 0.988553643226624
-3.4e+38 -3.4e+38 -3.4e+38 -3.4e+38 0.00148122000973672 0.00147992093116045 0.00086186284897849 0.00139927747659385 0.0249674860388041 0.0184861533343792 0.0239879544824362 0.0312873609364033 0.199797362089157 0.44509756565094 0.70504367351532 0.974224328994751 0.9996577501297 0.998902678489685 0.998752593994141 0.998377919197083 0.993176519870758 0.992387354373932
-3.4e+38 -3.4e+38 -3.4e+38 -3.4e+38 -3.4e+38 -3.4e+38 0.000129833439132199 0.00154523097444326 0.00767415994778275 0.00491751357913017 0.010191859677434 0.0086360527202487 0.0528768450021744 0.426451504230499 0.971642732620239 0.929752767086029 0.99340832233429 0.999484479427338 0.997860610485077 0.997520685195923 0.99495130777359 0.996490955352783
-3.4e+38 -3.4e+38 -3.4e+38 -3.4e+38 -3.4e+38 -3.4e+38 0.000875108817126602 0.00085651723202318 0.00262146210297942 0.00201926403678954 0.0115686543285847 0.156109213829041 0.149364069104195 0.421467185020447 0.724366188049316 0.818564295768738 0.968094050884247 0.999785482883453 0.999679446220398 0.997483611106873 0.994124829769135 0.995883166790009
-3.4e+38 -3.4e+38 -3.4e+38 -3.4e+38 -3.4e+38 -3.4e+38 0.000837006140500307 0.00233225268311799 0.00277918693609536 0.00266195903532207 0.00589149864390492 0.0985614955425262 0.0954346433281898 0.263709336519241 0.777413904666901 0.971936225891113 0.943071901798248 0.99966025352478 0.999744415283203 0.99915075302124 0.998884677886963 0.998966217041016
-3.4e+38 -3.4e+38 -3.4e+38 -3.4e+38 -3.4e+38 -3.4e+38 0.000916984572540969 0.00228785281069577 0.00221771444194019 0.00209155376069248 0.00512475706636906 0.0503423623740673 0.0532748959958553 0.158017724752426 0.810781478881836 0.983489871025085 0.991691172122955 0.999354004859924 0.999875545501709 0.999683558940887 0.999738693237305 0.997201859951019
-3.4e+38 -3.4e+38 -3.4e+38 -3.4e+38 -3.4e+38 -3.4e+38 0.000912147806957364 0.000883824250195175 0.00227330299094319 0.0024562175385654 0.00460359593853354 0.049226637929678 0.0335161276161671 0.241645023226738 0.43418875336647 0.852773606777191 0.995391726493835 0.9999920129776 0.999988675117493 0.99958461523056 0.999908208847046 0.998941659927368
-3.4e+38 -3.4e+38 -3.4e+38 -3.4e+38 -3.4e+38 -3.4e+38 0.00014995269884821 0.000147785322042182 0.000890161842107773 0.00135539413895458 0.0048670913092792 0.0388014651834965 0.174388587474823 0.145971596240997 0.172647804021835 0.599893271923065 0.938044250011444 0.998274505138397 0.999987006187439 0.999987185001373 0.999620139598846 0.999586224555969
-3.4e+38 -3.4e+38 -3.4e+38 -3.4e+38 -3.4e+38 -3.4e+38 0.000157145492266864 0.000156560709001496 0.000149065832374617 0.000779226189479232 0.00108312373049557 0.0296261180192232 0.156142860651016 0.105372726917267 0.225727185606956 0.323146194219589 0.750004589557648 0.971350789070129 0.999954462051392 0.999982476234436 0.999986946582794 0.999895870685577
-3.4e+38 -3.4e+38 -3.4e+38 -3.4e+38 -3.4e+38 -3.4e+38 -3.4e+38 0.000157546135596931 0.00015416023961734 0.00084180204430595 0.00530329765751958 0.030819695442915 0.0404494181275368 0.0365750454366207 0.108824640512466 0.174123972654343 0.309714943170547 0.90226536989212 0.991604328155518 0.999154031276703 0.999988436698914 0.999973893165588
-3.4e+38 -3.4e+38 -3.4e+38 -3.4e+38 -3.4e+38 -3.4e+38 -3.4e+38 0.000166579979122616 0.000164759097970091 0.000843620277009904 0.00114012649282813 0.00109219341538846 0.0105875041335821 0.1135238930583 0.0685333460569382 0.290865480899811 0.668730795383453 0.993248522281647 0.99953705072403 0.996371686458588 0.999915897846222 0.999998569488525
-3.4e+38 -3.4e+38 -3.4e+38 -3.4e+38 -3.4e+38 -3.4e+38 -3.4e+38 0.000151325133629143 0.000157663802383468 0.000154121808009222 0.00119424692820758 0.00117244094144553 0.00443025166168809 0.039631549268961 0.0679837763309479 0.140677809715271 0.576015412807465 0.951950192451477 0.990710258483887 0.999708771705627 0.999694168567657 0.999987900257111
-3.4e+38 -3.4e+38 -3.4e+38 -3.4e+38 -3.4e+38 -3.4e+38 -3.4e+38 0.000138968054670841 0.00016083569789771 0.000157781440066174 0.000833713682368398 0.00112345023080707 0.00111747556366026 0.023184958845377 0.146028861403465 0.202154591679573 0.38842236995697 0.736614227294922 0.880302608013153 0.994461476802826 0.998653292655945 0.999961197376251
-3.4e+38 -3.4e+38 -3.4e+38 -3.4e+38 -3.4e+38 -3.4e+38 -3.4e+38 0.000137450449983589 0.000174957036506385 0.000174691711436026 0.000904421671293676 0.00125489023048431 0.00114609126467258 0.00429906230419874 0.0680996105074883 0.0481633804738522 0.253396660089493 0.478514343500137 0.623832404613495 0.987967550754547 0.995804846286774 0.999675512313843
-3.4e+38 -3.4e+38 -3.4e+38 -3.4e+38 -3.4e+38 -3.4e+38 -3.4e+38 0.000743217067793012 0.000159786126459949 0.000176214409293607 0.00091486779274419 0.00123329774942249 0.00123108911793679 0.00466708187013865 0.0729541108012199 0.049043320119381 0.168193310499191 0.151010021567345 0.555664837360382 0.904435455799103 0.985029220581055 0.99614155292511
-3.4e+38 -3.4e+38 -3.4e+38 -3.4e+38 -3.4e+38 -3.4e+38 -3.4e+38 -3.4e+38 0.000154958732309751 0.000174882719875313 0.000167143531143665 0.000893401447683573 0.00119917327538133 0.00466551072895527 0.0251941680908203 0.161294743418694 0.100783549249172 0.227458775043488 0.432316511869431 0.54787290096283 0.866766929626465 0.994028866291046
-3.4e+38 -3.4e+38 -3.4e+38 -3.4e+38 -3.4e+38 -3.4e+38 -3.4e+38 -3.4e+38 0.000863038643728942 0.000167774836882018 0.000165876699611545 0.000881899788510054 0.0011983416043222 0.00466708187013865 0.011892206966877 0.0739434510469437 0.0428082719445229 0.0768422037363052 0.115411691367626 0.147427514195442 0.811106383800507 0.995615303516388
-3.4e+38 -3.4e+38 -3.4e+38 -3.4e+38 -3.4e+38 -3.4e+38 -3.4e+38 -3.4e+38 0.000837030645925552 0.000172801213921048 0.000181812487426214 0.000174711269210093 0.00121078803204 0.00120850768871605 0.00480857957154512 0.026029409840703 0.0251784734427929 0.0656049177050591 0.173997968435287 0.347154080867767 0.900807082653046 0.995173335075378
-3.4e+38 -3.4e+38 -3.4e+38 -3.4e+38 -3.4e+38 -3.4e+38 -3.4e+38 -3.4e+38 0.00070865690940991 0.000167170728673227 0.000183923228178173 0.000173301508766599 0.000896513229236007 0.00117622420657426 0.00130976887885481 0.0116103645414114 0.0739061683416367 0.0671596452593803 0.114083655178547 0.311955809593201 0.742858529090881 0.984512090682983
-3.4e+38 -3.4e+38 -3.4e+38 -3.4e+38 -3.4e+38 -3.4e+38 -3.4e+38 -3.4e+38 0.000692734494805336 0.000173013351741247 0.000197613408090547 0.000184696997166611 0.000166395751875825 0.00119329593144357 0.00124549807514995 0.00451921531930566 0.0397613123059273 0.0303404182195663 0.0748495012521744 0.159427687525749 0.475345849990845 0.849377810955048
-3.4e+38 -3.4e+38 -3.4e+38 -3.4e+38 -3.4e+38 -3.4e+38 -3.4e+38 -3.4e+38 -3.4e+38 0.000950786634348333 0.000181342664291151 0.000183834010385908 0.000172049636603333 0.000164984172442928 0.00112379970960319 0.00123216479551047 0.0114666623994708 0.112272650003433 0.0860530287027359 0.246438831090927 0.482035905122757 0.704314291477203
-3.4e+38 -3.4e+38 -3.4e+38 -3.4e+38 -3.4e+38 -3.4e+38 -3.4e+38 -3.4e+38 -3.4e+38 0.000862715533003211 0.00103584991302341 0.000168068843777291 0.000173484208062291 0.000160012947162613 0.00108831352554262 0.00117423036135733 0.00440281350165606 0.0247106533497572 0.127446919679642 0.277381002902985 0.465925604104996 0.740471839904785
-3.4e+38 -3.4e+38 -3.4e+38 -3.4e+38 -3.4e+38 -3.4e+38 -3.4e+38 -3.4e+38 -3.4e+38 0.000824556511361152 0.000978145282715559 0.000173400097992271 0.000193517713341862 0.000165698220371269 0.000157408430823125 0.00108544563408941 0.0011809190036729 0.0409834273159504 0.0396372973918915 0.137813478708267 0.414994388818741 0.803420066833496
-3.4e+38 -3.4e+38 -3.4e+38 -3.4e+38 -3.4e+38 -3.4e+38 -3.4e+38 -3.4e+38 -3.4e+38 0.000907571404241025 0.000997776165604591 0.000165116449352354 0.000184405871550553 0.000162686526891775 0.000154499444761313 0.000146725491504185 0.00111970060970634 0.0107338391244411 0.0285090021789074 0.152552112936974 0.178026527166367 0.78943395614624
-3.4e+38 -3.4e+38 -3.4e+38 -3.4e+38 -3.4e+38 -3.4e+38 -3.4e+38 -3.4e+38 9.71606641542166e-05 0.000777244451455772 0.000169973689480685 0.000169056744198315 0.000167938822414726 0.000157101545482874 0.000150305582792498 0.000149326675455086 0.000994500238448381 0.00119332002941519 0.0340892188251019 0.0478749237954617 0.193567827343941 0.6078280210495
-3.4e+38 -3.4e+38 -3.4e+38 -3.4e+38 -3.4e+38 -3.4e+38 -3.4e+38 -3.4e+38 -3.4e+38 0.000742822769097984 0.00103005080018193 0.000168997270520777 0.000172776432009414 0.00016216907533817 0.000149187850183807 0.00014639861183241 0.000144440738949925 0.00110088079236448 0.0346869193017483 0.0443941429257393 0.194457352161407 0.624997079372406
-3.4e+38 -3.4e+38 -3.4e+38 -3.4e+38 -3.4e+38 -3.4e+38 -3.4e+38 -3.4e+38 0.000628099194727838 0.000172707077581435 0.000176456800545566 0.000171649240655825 0.000165965757332742 0.000167952457559295 0.000150985477375798 0.0001441393251298 0.000138066752697341 0.000944539497140795 0.010335635393858 0.0583541989326477 0.0851636528968811 0.429729908704758
-3.4e+38 -3.4e+38 -3.4e+38 -3.4e+38 -3.4e+38 -3.4e+38 -3.4e+38 -3.4e+38 0.00376575090922415 0.000903232488781214 0.000179747818037868 0.00016874480934348 0.000171396095538512 0.000164847078849562 0.000151315005496144 0.000145497106132098 0.000138026414788328 0.000720048206858337 0.00106366025283933 0.0320610255002975 0.1440259963274 0.356275111436844
-3.4e+38 -3.4e+38 -3.4e+38 -3.4e+38 -3.4e+38 -3.4e+38 -3.4e+38 -3.4e+38 0.00394366635009646 0.000924404652323574 0.000185383716598153 0.00017626365297474 0.000184212723979726 0.000172361076693051 0.000151315005496144 0.000145453101140447 0.000143675395520404 0.000719424919225276 0.00103823759127408 0.0223071835935116 0.080751083791256 0.342733800411224
-3.4e+38 -3.4e+38 -3.4e+38 -3.4e+38 -3.4e+38 -3.4e+38 -3.4e+38 -3.4e+38 0.00406270287930965 0.000845753645990044 0.000170115657965653 0.00016241695266217 0.000171221181517467 0.000171047242474742 0.000161460193339735 0.000150791747728363 0.000143759782076813 0.000744080170989037 0.000976765644736588 0.0213882867246866 0.0452316738665104 0.110424131155014
-3.4e+38 -3.4e+38 -3.4e+38 -3.4e+38 -3.4e+38 -3.4e+38 -3.4e+38 -3.4e+38 0.00402868958190084 0.000876869075000286 0.000164500699611381 0.000168294791365042 0.000168040525750257 0.000174981556483544 0.000161618387210183 0.000145912854350172 0.000142019765917212 0.000744517892599106 0.00101673137396574 0.0106030087918043 0.028191989287734 0.2241131067276
-3.4e+38 -3.4e+38 -3.4e+38 -3.4e+38 -3.4e+38 -3.4e+38 -3.4e+38 -3.4e+38 0.00417678197845817 0.000161297153681517 0.000162635144079104 0.000166294252267107 0.00017059531819541 0.000169364997418597 0.00015766940487083 0.000145912854350172 0.000140776610351168 0.000754277454689145 0.00101702427491546 0.0105294017121196 0.150763899087906 0.151972189545631
