data/climate_estimation/maxent_output/Alstroemeria_apertiflora.asc
NCOLS 103 
NROWS 56 
XLLCORNER -57.1666666666667 
YLLCORNER -27.5833333333333 
CELLSIZE 0.0833333333333334 
NODATA_value -3.4e+38 
[rows 0 to 19 of 56, columns 0 to 43 of 103]
0.317175179719925 0.339271247386932 0.358484297990799 0.384573489427567 0.412513554096222 0.42602664232254 0.488854169845581 0.496332228183746 0.550513625144958 0.571170270442963 0.520229160785675 0.512314558029175 0.48021411895752 0.516785621643066 0.501319289207458 0.523140609264374 0.549238085746765 0.583613693714142 0.596589624881744 0.622317612171173 0.632281839847565 0.670642852783203 0.668935537338257 0.672125816345215 0.60891330242157 0.609217405319214 0.565984427928925 0.521378815174103 0.455720335245132 0.394790261983871 0.351707756519318 0.300135314464569 0.285806208848953 0.271495848894119 0.268270075321198 0.26579087972641 0.275425374507904 0.271075457334518 0.278633087873459 0.311440348625183 0.300865054130554 0.30474790930748 0.200638383626938 0.199182033538818
0.319233983755112 0.322688490152359 0.368316233158112 0.388613939285278 0.399692535400391 0.422688543796539 0.477535277605057 0.530264735221863 0.548496007919312 0.581792175769806 0.579069197177887 0.5533127784729 0.549630522727966 0.563040971755981 0.56785386800766 0.578173279762268 0.605472087860107 0.65245646238327 0.655690252780914 0.685630142688751 0.703630745410919 0.726762235164642 0.726358473300934 0.749569535255432 0.72156822681427 0.669776856899261 0.674974799156189 0.640974700450897 0.567443668842316 0.484511584043503 0.451972275972366 0.402392983436584 0.364158451557159 0.385709434747696 0.377662509679794 0.371022135019302 0.383902698755264 0.405048340559006 0.40590488910675 0.438455939292908 0.415735453367233 0.26481619477272 0.280918836593628 0.294805258512497
0.356453537940979 0.364260256290436 0.39398205280304 0.392349690198898 0.434890508651733 0.461427092552185 0.503326714038849 0.528997719287872 0.57474821805954 0.601317524909973 0.57893043756485 0.593828022480011 0.601362466812134 0.621134161949158 0.66554057598114 0.662726521492004 0.703011870384216 0.723321974277496 0.754665374755859 0.759100615978241 0.755083918571472 0.776136934757233 0.770875155925751 0.778699934482574 0.771306455135345 0.746397852897644 0.744340538978577 0.716981470584869 0.698341965675354 0.647612392902374 0.591686069965363 0.539579033851624 0.526813924312592 0.510351240634918 0.488059878349304 0.49644473195076 0.507893264293671 0.549767315387726 0.566408634185791 0.561730682849884 0.406344413757324 0.386065900325775 0.391381740570068 0.368861168622971
0.435931712388992 0.4518763422966 0.440432757139206 0.467142879962921 0.472587734460831 0.509264588356018 0.498624175786972 0.527025699615479 0.553459703922272 0.596099138259888 0.617195546627045 0.632603287696838 0.677698969841003 0.680892944335938 0.709811449050903 0.726440906524658 0.766287446022034 0.775930166244507 0.768785536289215 0.786913394927979 0.788310527801514 0.78458708524704 0.796502649784088 0.804920613765717 0.79979133605957 0.754140973091125 0.756707012653351 0.75597357749939 0.76081907749176 0.724388062953949 0.712159395217896 0.708669185638428 0.671460390090942 0.669747769832611 0.650877177715302 0.664971470832825 0.671255707740784 0.682872712612152 0.698352694511414 0.688610970973969 0.516981780529022 0.542178392410278 0.52641624212265 0.538505852222443
0.409688144922256 0.475452214479446 0.535775661468506 0.508322894573212 0.496250033378601 0.487732708454132 0.508407711982727 0.519995629787445 0.575363636016846 0.604426681995392 0.60316014289856 0.651401996612549 0.705035448074341 0.748091578483582 0.769551575183868 0.794756591320038 0.802840769290924 0.818103611469269 0.809364259243011 0.791252374649048 0.821687519550323 0.820774674415588 0.815441310405731 0.836537063121796 0.819219708442688 0.787490129470825 0.788625478744507 0.788613319396973 0.776476204395294 0.779889643192291 0.770853400230408 0.737915813922882 0.728151738643646 0.718849718570709 0.742624700069427 0.713155508041382 0.754894912242889 0.750942230224609 0.73815381526947 0.743852198123932 0.568126738071442 0.571609377861023 0.590571403503418 0.598424077033997
0.363801240921021 0.382532745599747 0.470766335725784 0.288615256547928 0.25648432970047 0.26555398106575 0.300691395998001 0.547112941741943 0.554152369499207 0.587492525577545 0.660303354263306 0.72344446182251 0.773281514644623 0.80652791261673 0.843137204647064 0.83359694480896 0.828197181224823 0.843551397323608 0.837446272373199 0.851344525814056 0.851555705070496 0.829403102397919 0.843823432922363 0.838869333267212 0.847888886928558 0.830298721790314 0.827373087406158 0.801856696605682 0.785041093826294 0.795785188674927 0.790796399116516 0.78781920671463 0.775080263614655 0.75613659620285 0.759155333042145 0.766501426696777 0.765744626522064 0.759747564792633 0.767186462879181 0.768927693367004 0.633116364479065 0.657539308071136 0.657877326011658 0.668414175510406
0.348064839839935 0.390171855688095 0.436362683773041 0.257984757423401 0.263088047504425 0.272095322608948 0.29872265458107 0.528369188308716 0.579739093780518 0.641421556472778 0.744279623031616 0.805890917778015 0.842391014099121 0.836260497570038 0.831973791122437 0.800892651081085 0.85916668176651 0.879512667655945 0.873133718967438 0.87015575170517 0.875065445899963 0.873224854469299 0.885270118713379 0.875892639160156 0.869484782218933 0.855522036552429 0.855297207832336 0.844739437103271 0.834981620311737 0.819229125976562 0.827329576015472 0.804017722606659 0.798001110553741 0.798547983169556 0.822157263755798 0.819945216178894 0.814965546131134 0.833454191684723 0.822883546352386 0.845993399620056 0.693098843097687 0.689990997314453 0.705965340137482 0.665223777294159
0.39734548330307 0.444259375333786 0.51507157087326 0.560332894325256 0.546945333480835 0.532745957374573 0.547168970108032 0.608193635940552 0.679943799972534 0.716262817382812 0.760370850563049 0.830158054828644 0.833633303642273 0.830157816410065 0.816470742225647 0.811908185482025 0.810807049274445 0.884643912315369 0.878529071807861 0.88530296087265 0.884541571140289 0.896652817726135 0.894973039627075 0.906598687171936 0.888597726821899 0.889073371887207 0.877918779850006 0.881334543228149 0.860206961631775 0.848241984844208 0.842712700366974 0.856810629367828 0.835757374763489 0.84282648563385 0.847072720527649 0.854522883892059 0.873851716518402 0.873644948005676 0.852144777774811 0.870615005493164 0.711458683013916 0.69279420375824 0.686414122581482 0.681882798671722
0.429592400789261 0.482258409261703 0.594578504562378 0.589606285095215 0.604819059371948 0.577749252319336 0.570465981960297 0.565070986747742 0.65005487203598 0.744572162628174 0.769843459129333 0.781779289245605 0.81095689535141 0.814394652843475 0.790353417396545 0.813037157058716 0.828397274017334 0.820388615131378 0.872194707393646 0.890701055526733 0.888851463794708 0.897749304771423 0.901854455471039 0.909126579761505 0.907426774501801 0.906330108642578 0.903777122497559 0.906558632850647 0.888144969940186 0.86924159526825 0.879541635513306 0.869747221469879 0.873841106891632 0.866427838802338 0.884225010871887 0.877246379852295 0.894224226474762 0.902515590190887 0.910332918167114 0.915797054767609 0.772591352462769 0.714460909366608 0.680780291557312 0.665574431419373
0.444622755050659 0.549219191074371 0.579348206520081 0.600366234779358 0.620548903942108 0.592156887054443 0.55356228351593 0.604576170444489 0.698455274105072 0.718015134334564 0.759924411773682 0.759152591228485 0.793307662010193 0.785494029521942 0.777082741260529 0.792957603931427 0.7984778881073 0.788712203502655 0.808255672454834 0.854414284229279 0.875886857509613 0.877914190292358 0.899698376655579 0.902055203914642 0.911946356296539 0.904963731765747 0.921028196811676 0.919017910957336 0.913511037826538 0.903298497200012 0.894054055213928 0.88725358247757 0.885992646217346 0.899779200553894 0.890563547611237 0.898438930511475 0.903768241405487 0.91178286075592 0.919218242168427 0.930707991123199 0.758417785167694 0.702239155769348 0.666740536689758 0.636234402656555
0.448736101388931 0.559520900249481 0.584957242012024 0.628024876117706 0.624819874763489 0.606531143188477 0.634632587432861 0.647977709770203 0.696595430374146 0.707204043865204 0.731579303741455 0.734607577323914 0.75081592798233 0.770071744918823 0.723807811737061 0.729025900363922 0.760083377361298 0.777513742446899 0.777737677097321 0.816382110118866 0.872113287448883 0.864005923271179 0.86285936832428 0.884919285774231 0.889794111251831 0.892233908176422 0.909699261188507 0.905310571193695 0.898973405361176 0.911221444606781 0.916550934314728 0.898467063903809 0.90643697977066 0.896932482719421 0.887361764907837 0.903282403945923 0.909963130950928 0.90686309337616 0.921643257141113 0.920723915100098 0.885114431381226 0.820621311664581 0.618900179862976 0.557075500488281
0.463037192821503 0.53850519657135 0.586053848266602 0.62354850769043 0.609890520572662 0.621357798576355 0.622983574867249 0.630238354206085 0.657988369464874 0.674997925758362 0.702435374259949 0.680538773536682 0.699657440185547 0.730548322200775 0.730757892131805 0.708708465099335 0.731272518634796 0.760591506958008 0.74750018119812 0.782562017440796 0.84099018573761 0.85507869720459 0.85860013961792 0.859983563423157 0.854114413261414 0.859081625938416 0.866430044174194 0.875367224216461 0.892764389514923 0.909131288528442 0.915630102157593 0.907224059104919 0.914342880249023 0.905739068984985 0.889020085334778 0.887767016887665 0.87610524892807 0.882387042045593 0.91238659620285 0.886483788490295 0.827239036560059 0.760577857494354 0.739250421524048 0.737487733364105
0.415091305971146 0.506944060325623 0.553782343864441 0.563103497028351 0.574891269207001 0.579557240009308 0.61414098739624 0.649263739585876 0.66660463809967 0.671967267990112 0.661625564098358 0.693517208099365 0.681593298912048 0.682846367359161 0.679965615272522 0.674327433109283 0.708213746547699 0.723160624504089 0.73432183265686 0.749350070953369 0.794854819774628 0.829190015792847 0.837564289569855 0.819955170154572 0.846277892589569 0.842610597610474 0.828248977661133 0.859812617301941 0.860440194606781 0.855058550834656 0.869796216487885 0.877700865268707 0.892614781856537 0.89982396364212 0.881107449531555 0.837785840034485 0.851516246795654 0.858746886253357 0.851589262485504 0.814178287982941 0.760365128517151 0.746734857559204 0.782852470874786 0.731707215309143
0.351739227771759 0.409816890954971 0.435997158288956 0.485293745994568 0.530401051044464 0.551811635494232 0.562913477420807 0.587722659111023 0.650615096092224 0.643713712692261 0.635431230068207 0.652056097984314 0.674340724945068 0.661479890346527 0.632510542869568 0.643408119678497 0.642589688301086 0.668667733669281 0.698468089103699 0.720429122447968 0.734100341796875 0.761417031288147 0.810672998428345 0.802535116672516 0.794911801815033 0.806349217891693 0.811968743801117 0.810279190540314 0.814737319946289 0.839164078235626 0.836668074131012 0.849570631980896 0.851838827133179 0.87770938873291 0.827179789543152 0.775850534439087 0.793350696563721 0.763453662395477 0.73538076877594 0.739633798599243 0.73352712392807 0.760424375534058 0.732249319553375 0.756396472454071
0.282781958580017 0.327663421630859 0.348246932029724 0.41110298037529 0.47130674123764 0.538501739501953 0.576516807079315 0.586397647857666 0.589547336101532 0.585037052631378 0.592847347259521 0.597489297389984 0.605225384235382 0.628933906555176 0.642022907733917 0.616252541542053 0.6022629737854 0.602403402328491 0.666787147521973 0.684426248073578 0.691867530345917 0.704027771949768 0.714599132537842 0.740118265151978 0.756515383720398 0.777520358562469 0.79049289226532 0.785537600517273 0.785443186759949 0.804178833961487 0.811236321926117 0.810269355773926 0.82834392786026 0.803389072418213 0.774245977401733 0.763090133666992 0.751241862773895 0.711129724979401 0.681825220584869 0.735606014728546 0.68663501739502 0.705164790153503 0.729202687740326 0.724404275417328
0.213774994015694 0.254267305135727 0.291080892086029 0.351603507995605 0.417329698801041 0.524575293064117 0.57627010345459 0.57651162147522 0.575603008270264 0.559316158294678 0.587666809558868 0.601194977760315 0.580652892589569 0.612368702888489 0.624975383281708 0.632916808128357 0.630712032318115 0.564254105091095 0.602569043636322 0.656625747680664 0.659943044185638 0.665022253990173 0.690145671367645 0.677846431732178 0.699803471565247 0.697153151035309 0.740331888198853 0.729497015476227 0.716906905174255 0.714038550853729 0.721145987510681 0.742484867572784 0.730302572250366 0.756422698497772 0.725522696971893 0.716728329658508 0.508318960666656 0.520233929157257 0.537407696247101 0.701949298381805 0.738075077533722 0.698845565319061 0.722882628440857 0.74435418844223
0.20726802945137 0.228885799646378 0.272921323776245 0.31449431180954 0.375511467456818 0.474229127168655 0.508227407932281 0.544273197650909 0.545493721961975 0.513736546039581 0.572971701622009 0.563346028327942 0.565409541130066 0.580313622951508 0.621850430965424 0.605179071426392 0.604388892650604 0.575525104999542 0.577189207077026 0.588517427444458 0.616706907749176 0.644784212112427 0.649872839450836 0.643372595310211 0.646880626678467 0.658464908599854 0.700731337070465 0.673819482326508 0.659314930438995 0.644556045532227 0.631149291992188 0.631024420261383 0.671403288841248 0.690999865531921 0.6807501912117 0.528628349304199 0.540907084941864 0.557560622692108 0.582076370716095 0.587069869041443 0.611840486526489 0.761979877948761 0.728072166442871 0.730722427368164
0.129464700818062 0.146661147475243 0.255962163209915 0.286661505699158 0.367797553539276 0.439574241638184 0.48456084728241 0.483029007911682 0.490515738725662 0.496340036392212 0.52735048532486 0.575410664081573 0.543847560882568 0.575881659984589 0.567404448986053 0.577443301677704 0.59504359960556 0.565802156925201 0.5470170378685 0.556187987327576 0.594518840312958 0.603902637958527 0.617104470729828 0.625670909881592 0.613700449466705 0.631913006305695 0.632883608341217 0.616663932800293 0.600039124488831 0.581348299980164 0.570172846317291 0.567262232303619 0.587386608123779 0.622447550296783 0.501255393028259 0.52738630771637 0.559910953044891 0.641419768333435 0.634785830974579 0.650073647499084 0.650377750396729 0.638651967048645 0.629653632640839 0.665968358516693
0.128062650561333 0.129611507058144 0.155449658632278 0.289630681276321 0.348110288381577 0.429717600345612 0.460296601057053 0.461714714765549 0.476150274276733 0.494364887475967 0.511519908905029 0.555074989795685 0.575027227401733 0.591250479221344 0.631986260414124 0.575790345668793 0.571426689624786 0.533766806125641 0.564575552940369 0.565004706382751 0.584724962711334 0.605169236660004 0.610512435436249 0.6069615483284 0.647975146770477 0.615915417671204 0.621644496917725 0.566372811794281 0.554700493812561 0.531619966030121 0.504403352737427 0.50210976600647 0.541811883449554 0.435238718986511 0.493847995996475 0.578302502632141 0.675421595573425 0.716273128986359 0.708070278167725 0.724489986896515 0.706109344959259 0.699146389961243 0.675792455673218 0.706439077854156
0.138854831457138 0.13891763985157 0.150282472372055 0.279178649187088 0.344141215085983 0.444905936717987 0.423440605401993 0.416130065917969 0.467108100652695 0.490062057971954 0.498480141162872 0.574852883815765 0.628552377223969 0.637801587581635 0.609226644039154 0.627462267875671 0.572026908397675 0.57019704580307 0.559769451618195 0.598532259464264 0.616044044494629 0.608487725257874 0.622685194015503 0.607271611690521 0.626455247402191 0.57819789648056 0.564974844455719 0.51575493812561 0.474901139736176 0.46776083111763 0.411488831043243 0.411532789468765 0.347018659114838 0.431692749261856 0.516178786754608 0.620494425296783 0.727196991443634 0.776327967643738 0.782494425773621 0.770917296409607 0.748128712177277 0.727551102638245 0.719438135623932 0.752766728401184
