data/climate_estimation/maxent_output/Alstroemeria_inodora.asc
NCOLS 204 
NROWS 301 
XLLCORNER -53.5 
YLLCORNER -29.6666666666667 
CELLSIZE 0.0833333333333333 
NODATA_value -3.4e+38 
[rows 273 to 293 of 301, columns 0 to 45 of 204]
0.459034442901611 0.583357393741608 0.463708728551865 0.504233658313751 0.485386282205582 0.543333888053894 0.586632490158081 0.625880062580109 0.660283207893372 0.646576762199402 0.707485437393188 0.709745526313782 0.687982857227325 0.763903856277466 0.771282374858856 0.686520576477051 0.721004903316498 0.653749048709869 0.721712112426758 0.716052055358887 0.721602737903595 0.757762372493744 0.720709443092346 0.785629093647003 0.775966465473175 0.768185555934906 0.774603188037872 0.782669425010681 0.784748673439026 0.797778308391571 0.790808618068695 0.800962746143341 0.856180548667908 0.862237274646759 0.874549090862274 0.879514932632446 0.898691117763519 0.900884628295898 0.906467139720917 0.91173928976059 0.915779113769531 0.926123082637787 0.897645771503448 0.840539276599884 0.813731610774994 0.872521162033081
0.567286431789398 0.457486480474472 0.521013855934143 0.508312880992889 0.529481768608093 0.494827836751938 0.597962319850922 0.663681626319885 0.65211546421051 0.655058920383453 0.769209265708923 0.753079175949097 0.763648211956024 0.771969974040985 0.724833786487579 0.702953577041626 0.764504492282867 0.722661256790161 0.665565311908722 0.652046084403992 0.686886250972748 0.724101960659027 0.739071369171143 0.81175684928894 0.840972542762756 0.782931447029114 0.791325986385345 0.795597434043884 0.806385815143585 0.805962264537811 0.800784468650818 0.852879106998444 0.845951199531555 0.854010939598083 0.861550509929657 0.90333104133606 0.89716249704361 0.90391606092453 0.913944780826569 0.906649231910706 0.925421476364136 0.919125318527222 0.932048738002777 0.911576569080353 0.913330316543579 0.878910541534424
0.407038033008575 0.487931966781616 0.458917111158371 0.444793939590454 0.549100875854492 0.502605557441711 0.586498439311981 0.664356470108032 0.670729994773865 0.659200489521027 0.708004117012024 0.793022871017456 0.809078872203827 0.807748913764954 0.738915503025055 0.774264395236969 0.73160457611084 0.757747411727905 0.74253386259079 0.682876884937286 0.684487998485565 0.737585723400116 0.748941540718079 0.776125848293304 0.806229174137115 0.851681709289551 0.803525328636169 0.802977740764618 0.805381059646606 0.803414165973663 0.850077271461487 0.848864674568176 0.857487678527832 0.869430959224701 0.86782830953598 0.899578332901001 0.901099324226379 0.903532564640045 0.90679395198822 0.912395060062408 0.916803479194641 0.92406439781189 0.929488182067871 0.935717344284058 0.939117252826691 0.899192988872528
0.447741955518723 0.447196125984192 0.509857296943665 0.452431619167328 0.446567296981812 0.486222922801971 0.584433317184448 0.643251121044159 0.680258631706238 0.684145987033844 0.65956050157547 0.732462763786316 0.758637547492981 0.804693043231964 0.789019048213959 0.776932895183563 0.768151700496674 0.781290709972382 0.73664391040802 0.717184007167816 0.763239026069641 0.785721480846405 0.840582191944122 0.836826980113983 0.791883945465088 0.811437904834747 0.847344398498535 0.852371156215668 0.853373527526855 0.859085142612457 0.853620409965515 0.863357484340668 0.864128708839417 0.859252691268921 0.864224255084991 0.893095433712006 0.901668906211853 0.904956936836243 0.90813547372818 0.912409961223602 0.923535168170929 0.929341793060303 0.931053221225739 0.932662606239319 0.93627142906189 0.9387127161026
0.463174492120743 0.470790863037109 0.522745370864868 0.487155050039291 0.458347618579865 0.505779445171356 0.560440540313721 0.627251148223877 0.694178104400635 0.68676084280014 0.682474493980408 0.692188501358032 0.706875681877136 0.755285501480103 0.792643785476685 0.74573427438736 0.736743271350861 0.720850944519043 0.767269670963287 0.758263826370239 0.787234365940094 0.785296380519867 0.845513224601746 0.857813835144043 0.858449101448059 0.863702356815338 0.850063979625702 0.824367165565491 0.826200902462006 0.868318498134613 0.863971471786499 0.866240799427032 0.862414538860321 0.865669071674347 0.903833150863647 0.903677463531494 0.898778855800629 0.899381339550018 0.904748797416687 0.914709448814392 0.918866038322449 0.929530322551727 0.934334099292755 0.937385022640228 0.936060070991516 0.941326141357422
0.473150283098221 0.485942721366882 0.552681982517242 0.508806169033051 0.493935585021973 0.502185761928558 0.543880105018616 0.618194401264191 0.721492528915405 0.699459612369537 0.71769380569458 0.749454975128174 0.760498046875 0.770712673664093 0.78997415304184 0.781188368797302 0.75335556268692 0.73270457983017 0.750852823257446 0.793904423713684 0.815231919288635 0.808468580245972 0.856957674026489 0.818867683410645 0.820889592170715 0.86775279045105 0.87108963727951 0.864981293678284 0.866279661655426 0.871616542339325 0.876380324363708 0.875188589096069 0.868192374706268 0.871939539909363 0.868577718734741 0.900729119777679 0.902209758758545 0.899699509143829 0.901491641998291 0.916934609413147 0.932169497013092 0.935918033123016 0.944494247436523 0.942498445510864 0.944510519504547 0.945348620414734
0.436583042144775 0.505271852016449 0.565912127494812 0.542412877082825 0.486428946256638 0.49928891658783 0.548139452934265 0.634259879589081 0.693656802177429 0.707064509391785 0.699161887168884 0.730885684490204 0.755188226699829 0.783500015735626 0.79735404253006 0.761430621147156 0.727302432060242 0.700641691684723 0.777823686599731 0.798179090023041 0.828960120677948 0.806437134742737 0.823484241962433 0.829192399978638 0.833342850208282 0.877272188663483 0.829407334327698 0.824870824813843 0.876820862293243 0.874633491039276 0.879083096981049 0.873259603977203 0.876669228076935 0.878009259700775 0.877922296524048 0.906520843505859 0.908453702926636 0.910804033279419 0.913602590560913 0.92636114358902 0.936977207660675 0.944257020950317 0.946115016937256 0.949239373207092 0.951304793357849 0.950319230556488
0.459894597530365 0.486802905797958 0.575298845767975 0.568034708499908 0.524742364883423 0.505127787590027 0.580283224582672 0.660825192928314 0.694697737693787 0.702183961868286 0.729311764240265 0.705550014972687 0.730676293373108 0.742274343967438 0.783472418785095 0.760461449623108 0.721568763256073 0.735547125339508 0.73282116651535 0.726995587348938 0.77307254076004 0.814038097858429 0.855720162391663 0.830758690834045 0.826917350292206 0.828460514545441 0.834644377231598 0.883324086666107 0.887647449970245 0.878492295742035 0.880533814430237 0.880560040473938 0.891243159770966 0.893040776252747 0.890440404415131 0.919044494628906 0.921606540679932 0.921306669712067 0.928493916988373 0.938751697540283 0.947050094604492 0.950363278388977 0.951192617416382 0.95356696844101 0.953374028205872 0.953815519809723
0.440350204706192 0.493661493062973 0.566947281360626 0.576170265674591 0.540346682071686 0.539728701114655 0.589390575885773 0.645700633525848 0.669937491416931 0.710781991481781 0.726270496845245 0.720003664493561 0.720201909542084 0.744461536407471 0.781132340431213 0.757479190826416 0.722987949848175 0.776852965354919 0.763960242271423 0.75594300031662 0.801186978816986 0.82857608795166 0.825994729995728 0.877767860889435 0.82917594909668 0.843677997589111 0.887126445770264 0.884881913661957 0.88367110490799 0.883593499660492 0.884542405605316 0.889630973339081 0.889029800891876 0.893474400043488 0.901562094688416 0.927807748317719 0.931183338165283 0.934545636177063 0.940722644329071 0.946682155132294 0.95162707567215 0.957084119319916 0.959802210330963 0.957133710384369 0.953996360301971 0.953766226768494
0.428343534469604 0.52009916305542 0.558332204818726 0.583974838256836 0.593224763870239 0.614525079727173 0.599244296550751 0.656248807907104 0.664335668087006 0.685911476612091 0.701699554920197 0.721048414707184 0.723998725414276 0.732770383358002 0.753168523311615 0.743112742900848 0.770535409450531 0.785916268825531 0.78349232673645 0.774704813957214 0.795636713504791 0.822056770324707 0.80520361661911 0.875319004058838 0.839525103569031 0.881918668746948 0.881881713867188 0.888161718845367 0.887437164783478 0.893972337245941 0.898372530937195 0.901091337203979 0.897900938987732 0.90370911359787 0.906428635120392 0.935283601284027 0.937841594219208 0.942575037479401 0.948714435100555 0.952625811100006 0.956588923931122 0.956605195999146 0.961266338825226 0.960907876491547 0.961970806121826 0.952573597431183
0.399638503789902 0.506615042686462 0.52925044298172 0.575007379055023 0.574169635772705 0.627448856830597 0.60797905921936 0.657293975353241 0.668859481811523 0.665912508964539 0.688802540302277 0.718687653541565 0.726048648357391 0.743844747543335 0.778255760669708 0.763409793376923 0.785090327262878 0.816383063793182 0.842944383621216 0.833609104156494 0.839630246162415 0.843507289886475 0.846962988376617 0.83437043428421 0.885588228702545 0.888642072677612 0.891412556171417 0.885622501373291 0.888517260551453 0.889543414115906 0.901591241359711 0.897083818912506 0.906315326690674 0.916065514087677 0.920415163040161 0.9444460272789 0.944651484489441 0.949336290359497 0.956343114376068 0.956923961639404 0.959232270717621 0.964733183383942 0.965042352676392 0.962737381458282 0.957405030727386 0.954907178878784
0.407313734292984 0.50576251745224 0.52008318901062 0.556598901748657 0.562710821628571 0.617592215538025 0.627572417259216 0.63603138923645 0.660224974155426 0.650147378444672 0.686785161495209 0.682389616966248 0.704031407833099 0.744179427623749 0.782395780086517 0.793689072132111 0.826730489730835 0.836822748184204 0.84987473487854 0.847101867198944 0.849257946014404 0.840999960899353 0.837679207324982 0.844828307628632 0.88776421546936 0.889445781707764 0.893015146255493 0.88937246799469 0.896528363227844 0.900058388710022 0.907615959644318 0.906199038028717 0.914174020290375 0.940857291221619 0.946428537368774 0.950144410133362 0.954505324363708 0.958427429199219 0.958437144756317 0.960585713386536 0.964585185050964 0.963315665721893 0.964698493480682 0.959933459758759 0.956563174724579 0.955688536167145
0.403914839029312 0.496464669704437 0.517258584499359 0.690895259380341 0.705061793327332 0.74230831861496 0.750209867954254 0.77189165353775 0.781863331794739 0.657616972923279 0.665908217430115 0.679555654525757 0.672406911849976 0.696725726127625 0.730704665184021 0.773221850395203 0.791627645492554 0.833282768726349 0.843498051166534 0.821301162242889 0.83769816160202 0.837019920349121 0.835656344890594 0.833816349506378 0.888470470905304 0.897814035415649 0.896024763584137 0.899430990219116 0.897218704223633 0.903219938278198 0.906451761722565 0.909329533576965 0.918495297431946 0.941610038280487 0.948754191398621 0.952261865139008 0.953351140022278 0.958952903747559 0.961901009082794 0.96310693025589 0.964561879634857 0.966118514537811 0.962669909000397 0.964907884597778 0.962443590164185 0.96081817150116
0.402355939149857 0.48096564412117 0.652662932872772 0.670594274997711 0.693649291992188 0.710049748420715 0.724391460418701 0.743999838829041 0.76887834072113 0.764936029911041 0.77768349647522 0.790254890918732 0.659863233566284 0.692741572856903 0.709441900253296 0.740199148654938 0.774693191051483 0.827726721763611 0.795654475688934 0.814213156700134 0.813115000724792 0.817671775817871 0.84086012840271 0.842352271080017 0.88036572933197 0.892708659172058 0.895471692085266 0.902879297733307 0.906483888626099 0.909437596797943 0.910094261169434 0.920505464076996 0.938198983669281 0.946146190166473 0.947533130645752 0.956392288208008 0.954422295093536 0.962205708026886 0.964486420154572 0.964923799037933 0.965709388256073 0.963314056396484 0.966688215732574 0.965722143650055 0.967149376869202 0.962358176708221
0.445033997297287 0.629415094852448 0.630554854869843 0.65214478969574 0.678054392337799 0.710232853889465 0.720286846160889 0.744407474994659 0.749759614467621 0.766419231891632 0.782712817192078 0.801105618476868 0.821556925773621 0.731957733631134 0.720766186714172 0.764377117156982 0.718951940536499 0.779995560646057 0.77855920791626 0.772205293178558 0.795150518417358 0.825330317020416 0.83878630399704 0.885612845420837 0.882295906543732 0.881762444972992 0.901759684085846 0.903033018112183 0.907104730606079 0.911376357078552 0.913461148738861 0.935360252857208 0.930810511112213 0.94484156370163 0.948663353919983 0.953090250492096 0.957468628883362 0.95723694562912 0.960379242897034 0.961004555225372 0.962111234664917 0.963110685348511 0.960078358650208 0.95731121301651 0.961466133594513 0.962825179100037
0.596457481384277 0.618868410587311 0.649395644664764 0.645720064640045 0.6985884308815 0.711899101734161 0.708850562572479 0.757184684276581 0.745578110218048 0.763907313346863 0.787774801254272 0.837562799453735 0.860279023647308 0.878020763397217 0.763519763946533 0.792674243450165 0.766090869903564 0.743276357650757 0.769790351390839 0.727980136871338 0.764331459999084 0.829065799713135 0.828283786773682 0.880215764045715 0.870573878288269 0.875775635242462 0.897409617900848 0.905606508255005 0.906317472457886 0.934758961200714 0.935171604156494 0.937097609043121 0.940232813358307 0.941111087799072 0.948674917221069 0.952740848064423 0.953128337860107 0.955204367637634 0.957652747631073 0.955373585224152 0.959038555622101 0.957463145256042 0.959187507629395 0.958741247653961 0.962013900279999 0.966715335845947
0.576502442359924 0.602271020412445 0.64947384595871 0.648635745048523 0.661260902881622 0.698101282119751 0.705834746360779 0.734581530094147 0.743074178695679 0.753244519233704 0.807855188846588 0.85117644071579 0.891624271869659 0.906459271907806 0.830156743526459 0.781821548938751 0.792803287506104 0.721476137638092 0.746858358383179 0.71150940656662 0.742240011692047 0.803886890411377 0.829767465591431 0.885361909866333 0.858317732810974 0.902246832847595 0.906712412834167 0.932322382926941 0.931041657924652 0.937868535518646 0.942459881305695 0.943299293518066 0.941350281238556 0.946670651435852 0.944312989711761 0.948972761631012 0.949166595935822 0.953040778636932 0.955895900726318 0.95565801858902 0.956146657466888 0.952868938446045 0.95522403717041 0.96073192358017 0.972648918628693 0.926990628242493
0.596924424171448 0.595905900001526 0.640026807785034 0.662272214889526 0.674532353878021 0.70086395740509 0.725175023078918 0.749374747276306 0.77640038728714 0.792326867580414 0.841794490814209 0.88229376077652 0.887980699539185 0.907942473888397 0.909023940563202 0.825742363929749 0.867698729038239 0.830546677112579 0.721196949481964 0.761212587356567 0.739034652709961 0.81702584028244 0.872394859790802 0.88191556930542 0.85317075252533 0.934444665908813 0.932003796100616 0.935973465442657 0.936439692974091 0.937761604785919 0.946772873401642 0.946364760398865 0.948356032371521 0.946499347686768 0.94976282119751 0.95469069480896 0.958486080169678 0.952708303928375 0.957334041595459 0.957391321659088 0.952315986156464 0.955288410186768 0.959995448589325 0.964399814605713 0.922341823577881 0.893176734447479
0.605201840400696 0.619854927062988 0.640746772289276 0.656539559364319 0.661536574363708 0.737159907817841 0.778390288352966 0.763321816921234 0.807152450084686 0.829578697681427 0.857402861118317 0.883783996105194 0.891233086585999 0.909416615962982 0.887204587459564 0.902618527412415 0.893935084342957 0.837034940719604 0.847463250160217 0.837533712387085 0.839649617671967 0.80940169095993 0.868974626064301 0.895869374275208 0.888736069202423 0.938978552818298 0.938901901245117 0.945318639278412 0.94051605463028 0.942150413990021 0.940188348293304 0.936803460121155 0.941603422164917 0.934614181518555 0.939034581184387 0.951163172721863 0.952570140361786 0.953357934951782 0.951599061489105 0.950844049453735 0.952262699604034 0.951139807701111 0.961564958095551 0.956855773925781 0.917482078075409 0.903172314167023
0.599853456020355 0.63107031583786 0.653558373451233 0.667809009552002 0.674863636493683 0.724663078784943 0.798500955104828 0.819433152675629 0.845914781093597 0.874421656131744 0.893449902534485 0.872594058513641 0.879251003265381 0.91769677400589 0.888685822486877 0.88031417131424 0.887024462223053 0.865366399288177 0.823803424835205 0.827382206916809 0.839142501354218 0.86137592792511 0.877153337001801 0.893113374710083 0.885911881923676 0.921985387802124 0.92266833782196 0.93090409040451 0.944348096847534 0.941925406455994 0.932936310768127 0.925561368465424 0.931242942810059 0.911854326725006 0.921538472175598 0.92767071723938 0.937064528465271 0.946688532829285 0.947805106639862 0.947482109069824 0.948652267456055 0.951248586177826 0.956132709980011 0.971510887145996 0.938108325004578 0.924774050712585
0.619187891483307 0.639341175556183 0.655042350292206 0.650879085063934 0.690929055213928 0.684369742870331 0.746925592422485 0.807513415813446 0.839672088623047 0.874970257282257 0.882044434547424 0.84532505273819 0.855084896087646 0.905300617218018 0.890413641929626 0.845763385295868 0.870588541030884 0.837822437286377 0.804571568965912 0.847619116306305 0.878945708274841 0.826412379741669 0.817483603954315 0.856446862220764 0.882815718650818 0.904510080814362 0.943530082702637 0.941654980182648 0.943379104137421 0.943659603595734 0.926144659519196 0.912695586681366 0.920474588871002 0.916824758052826 0.908961772918701 0.911041557788849 0.918300688266754 0.934715270996094 0.941766083240509 0.942279756069183 0.939255356788635 0.94510805606842 0.956885039806366 0.973543703556061 0.96173894405365 0.955443799495697
