data/climate_estimation/maxent_output/Alstroemeria_patagonica.asc
NCOLS 98 
NROWS 235 
XLLCORNER -73.1666666666667 
YLLCORNER -54.5 
CELLSIZE 0.0833333333333334 
NODATA_value -3.4e+38 
[rows 168 to 188 of 235, columns 0 to 46 of 98]
0.0894095599651337 0.136348724365234 0.200506493449211 0.2462447732687 0.355986922979355 0.51492714881897 0.574217855930328 0.691277980804443 0.758718609809875 0.799406051635742 0.876265585422516 0.917331874370575 0.916397154331207 0.943229198455811 0.975216150283813 0.980315089225769 0.98759925365448 0.990401923656464 0.989877164363861 0.978910505771637 0.978650510311127 0.977916181087494 0.973538279533386 0.975446105003357 0.974649667739868 0.980280458927155 0.984146416187286 0.987272620201111 0.988981127738953 0.987626075744629 0.985754549503326 0.943434715270996 0.937593877315521 0.899972677230835 0.733271479606628 0.734622895717621 0.787811934947968 0.792923331260681 0.784793436527252 0.779147148132324 0.754198491573334 0.758445501327515 0.757627546787262 0.747197687625885 0.728618621826172 0.716001987457275 0.718177318572998
0.0866377577185631 0.126303017139435 0.166545405983925 0.285738497972488 0.326442718505859 0.472744226455688 0.57775342464447 0.71484375 0.790085017681122 0.835916996002197 0.892676055431366 0.919335603713989 0.935341775417328 0.960659980773926 0.97267359495163 0.980470836162567 0.985757172107697 0.991228818893433 0.993579745292664 0.984434604644775 0.983675897121429 0.985377192497253 0.983120024204254 0.983476996421814 0.983965933322906 0.985677421092987 0.988084375858307 0.991010129451752 0.989679217338562 0.985475122928619 0.941142857074738 0.936629235744476 0.919947683811188 0.891629874706268 0.875543355941772 0.743274748325348 0.764626860618591 0.800420880317688 0.803559899330139 0.788697361946106 0.781343340873718 0.771856427192688 0.769054591655731 0.745481908321381 0.745287299156189 0.732564926147461 0.733421087265015
0.0302206911146641 0.0750467702746391 0.217444807291031 0.225098177790642 0.246943488717079 0.390110999345779 0.54002845287323 0.706319153308868 0.774868965148926 0.810377717018127 0.869929552078247 0.908194959163666 0.930705904960632 0.964947044849396 0.975006401538849 0.981766521930695 0.988671898841858 0.990993618965149 0.994052231311798 0.994886755943298 0.986580014228821 0.988862752914429 0.988139271736145 0.987167119979858 0.983900725841522 0.975659251213074 0.979189455509186 0.985864758491516 0.986247718334198 0.979491651058197 0.923114717006683 0.917740762233734 0.910750925540924 0.900417387485504 0.889663696289062 0.772367298603058 0.765032410621643 0.763175845146179 0.790457844734192 0.7613405585289 0.741202473640442 0.764813542366028 0.77698028087616 0.779633462429047 0.764787495136261 0.757791221141815 0.740584373474121
0.0367503464221954 0.119144052267075 0.237974405288696 0.285842746496201 0.324958115816116 0.39069077372551 0.432687997817993 0.646875977516174 0.812153458595276 0.866037368774414 0.904770791530609 0.928322970867157 0.9348104596138 0.950003623962402 0.961188018321991 0.980960130691528 0.988838911056519 0.991813898086548 0.994024574756622 0.994956493377686 0.995471000671387 0.989378154277802 0.988455414772034 0.981496095657349 0.979647636413574 0.977892577648163 0.979436635971069 0.978475511074066 0.948104500770569 0.942030549049377 0.925509929656982 0.915884077548981 0.912830173969269 0.90250152349472 0.904044985771179 0.896603167057037 0.784008324146271 0.765292584896088 0.769645571708679 0.750931799411774 0.780053794384003 0.760863244533539 0.772340953350067 0.778192698955536 0.778192698955536 0.771622776985168 0.769753992557526
0.0270932987332344 0.104345135390759 0.215591460466385 0.341543883085251 0.331670492887497 0.347690016031265 0.46426248550415 0.568638443946838 0.722862124443054 0.77463436126709 0.834398865699768 0.903917491436005 0.945880353450775 0.97301721572876 0.95061844587326 0.97357439994812 0.968818426132202 0.992198586463928 0.986408233642578 0.986609160900116 0.990509271621704 0.98931485414505 0.985505521297455 0.985564947128296 0.984759092330933 0.986085772514343 0.955329298973083 0.948231160640717 0.948859214782715 0.944495320320129 0.936727583408356 0.931904435157776 0.926649153232574 0.817215085029602 0.805358409881592 0.791273713111877 0.78477668762207 0.779246866703033 0.779381573200226 0.771428763866425 0.756564378738403 0.771992743015289 0.762767553329468 0.762507259845734 0.764578521251678 0.768455624580383 0.778080523014069
0.035674300044775 0.112342171370983 0.226099714636803 0.356863647699356 0.463475853204727 0.568044364452362 0.563223719596863 0.583751499652863 0.680901885032654 0.718980252742767 0.812676131725311 0.916242778301239 0.962207019329071 0.976180911064148 0.984151422977448 0.986596643924713 0.970568478107452 0.979993641376495 0.987858951091766 0.986169159412384 0.989624798297882 0.989684879779816 0.986188650131226 0.986452400684357 0.982123792171478 0.946024775505066 0.948422133922577 0.940168380737305 0.948030829429626 0.950307726860046 0.941413581371307 0.939927995204926 0.935223281383514 0.930519580841064 0.818243324756622 0.811832070350647 0.798880279064178 0.78772234916687 0.7867431640625 0.793152332305908 0.78569483757019 0.774197995662689 0.775672733783722 0.780961751937866 0.767496943473816 0.765142440795898 0.748032748699188
0.062052633613348 0.0661264210939407 0.238777756690979 0.353973031044006 0.453538209199905 0.567502737045288 0.677833259105682 0.778737902641296 0.680982172489166 0.810655832290649 0.888901710510254 0.940219223499298 0.967113614082336 0.97872006893158 0.98591011762619 0.990601062774658 0.979561567306519 0.977619290351868 0.981775045394897 0.987349450588226 0.989832997322083 0.988078236579895 0.985014796257019 0.982491552829742 0.95133501291275 0.952389478683472 0.948412418365479 0.945756256580353 0.94317889213562 0.940757036209106 0.939268171787262 0.939373552799225 0.929952442646027 0.926662147045135 0.922333300113678 0.811525285243988 0.805002689361572 0.794197142124176 0.793704748153687 0.793397307395935 0.786104023456573 0.786851644515991 0.77485716342926 0.789112150669098 0.779713690280914 0.788180768489838 0.776331067085266
0.0609167814254761 0.150247678160667 0.174369394779205 0.354020297527313 0.484144419431686 0.575787484645844 0.693362772464752 0.766095161437988 0.845835149288177 0.905662298202515 0.938989639282227 0.958064913749695 0.969173491001129 0.977793514728546 0.986022412776947 0.990375876426697 0.993207812309265 0.986636281013489 0.986304104328156 0.980423331260681 0.982292115688324 0.982511460781097 0.981357038021088 0.980581283569336 0.950124084949493 0.947653889656067 0.943440318107605 0.944560647010803 0.937628149986267 0.936964571475983 0.938152074813843 0.934699237346649 0.925391256809235 0.917592823505402 0.918410539627075 0.814714789390564 0.80821293592453 0.800855755805969 0.790637493133545 0.796971023082733 0.794549882411957 0.793568074703217 0.787414968013763 0.791609406471252 0.791300535202026 0.787721157073975 0.788582980632782
0.0369339622557163 0.0782324746251106 0.214548155665398 0.37333944439888 0.495003461837769 0.607265591621399 0.701693654060364 0.7877476811409 0.847205340862274 0.895041406154633 0.926785171031952 0.950529277324677 0.963636875152588 0.979095697402954 0.985809803009033 0.986919403076172 0.98163104057312 0.984113931655884 0.985044360160828 0.985830128192902 0.984975039958954 0.985262989997864 0.98551607131958 0.985552906990051 0.984568297863007 0.983597159385681 0.981774270534515 0.956195294857025 0.95365047454834 0.951241970062256 0.951592206954956 0.94613778591156 0.943670988082886 0.93665486574173 0.92751282453537 0.929230928421021 0.827930927276611 0.823006570339203 0.814495980739594 0.810015797615051 0.811978280544281 0.802711069583893 0.805965960025787 0.799071788787842 0.794526815414429 0.791477501392365 0.796046316623688
0.038204353302717 0.0870936661958694 0.0962655693292618 0.34470397233963 0.498675048351288 0.62033224105835 0.753228902816772 0.816310942173004 0.88526713848114 0.917262494564056 0.93690824508667 0.960226774215698 0.966809034347534 0.974047541618347 0.969608247280121 0.976945400238037 0.984118700027466 0.985318839550018 0.98623514175415 0.990939378738403 0.99080765247345 0.988990724086761 0.986911177635193 0.983511209487915 0.984634757041931 0.959878206253052 0.962182879447937 0.96236115694046 0.965409874916077 0.965616881847382 0.964562177658081 0.965862572193146 0.964043796062469 0.963747978210449 0.880487740039825 0.872548282146454 0.861972033977509 0.859611093997955 0.857075452804565 0.843764662742615 0.837605655193329 0.831028640270233 0.827145576477051 0.820844531059265 0.81530624628067 0.810164511203766 0.812261044979095
0.0427157990634441 0.0441770628094673 0.0903381928801537 0.285664767026901 0.44492644071579 0.647666394710541 0.774522542953491 0.816651284694672 0.898190796375275 0.933838605880737 0.959649264812469 0.968860805034637 0.97521698474884 0.981017351150513 0.975149691104889 0.982094824314117 0.993849515914917 0.988970339298248 0.987738072872162 0.993324220180511 0.993663191795349 0.993573367595673 0.994370222091675 0.96951812505722 0.968459188938141 0.969896733760834 0.97328120470047 0.974946200847626 0.976687788963318 0.97813493013382 0.974836826324463 0.973230540752411 0.971576690673828 0.968914687633514 0.96696013212204 0.874469399452209 0.872791409492493 0.872044861316681 0.865184426307678 0.858808875083923 0.851204514503479 0.845081329345703 0.843486189842224 0.826394021511078 0.816727936267853 0.815422415733337 0.817366302013397
0.0750453397631645 0.0484827607870102 0.0604628697037697 0.158264964818954 0.489615201950073 0.620683491230011 0.735304594039917 0.862106621265411 0.912499845027924 0.948486506938934 0.966256976127625 0.981079399585724 0.981403231620789 0.986822068691254 0.989219188690186 0.993345081806183 0.988508582115173 0.989365994930267 0.991535604000092 0.992598116397858 0.993819117546082 0.972418308258057 0.973725616931915 0.974667191505432 0.976358711719513 0.977086246013641 0.97841477394104 0.978626251220703 0.978737115859985 0.978282928466797 0.974808514118195 0.974936127662659 0.973374903202057 0.972443461418152 0.967449069023132 0.88142865896225 0.876270294189453 0.873987257480621 0.874235451221466 0.866154253482819 0.864013195037842 0.860080063343048 0.859195530414581 0.854668796062469 0.837770700454712 0.831092536449432 0.826265513896942
0.0756887346506119 0.0717191025614738 0.0767016485333443 0.306936234235764 0.494233071804047 0.625857591629028 0.724522650241852 0.833340764045715 0.871257662773132 0.945397257804871 0.974128305912018 0.982384085655212 0.984418630599976 0.991274118423462 0.993873953819275 0.996204137802124 0.995567798614502 0.996640384197235 0.96851247549057 0.993078291416168 0.969558894634247 0.971305370330811 0.965518891811371 0.964040100574493 0.973391890525818 0.977303087711334 0.978688716888428 0.975759625434875 0.97827810049057 0.977642178535461 0.976699352264404 0.974487483501434 0.973479807376862 0.972142457962036 0.968745589256287 0.882057309150696 0.883807718753815 0.882420718669891 0.872917592525482 0.87510472536087 0.868884861469269 0.86823308467865 0.866625845432281 0.857359111309052 0.848127484321594 0.851589024066925 0.842996835708618
0.0764374509453773 0.0843163877725601 0.0711320266127586 0.171190783381462 0.469617903232574 0.617025136947632 0.589867055416107 0.803290963172913 0.902066826820374 0.960693597793579 0.980153322219849 0.985250771045685 0.989696502685547 0.993563592433929 0.994556784629822 0.995716631412506 0.996575772762299 0.995719254016876 0.997361063957214 0.963480055332184 0.964765191078186 0.96772438287735 0.96536660194397 0.971033573150635 0.977197587490082 0.979574918746948 0.979214131832123 0.978126466274261 0.972434043884277 0.976146757602692 0.974296689033508 0.973704934120178 0.973114609718323 0.970304846763611 0.967484176158905 0.967834830284119 0.887876749038696 0.885574638843536 0.878758788108826 0.875704705715179 0.87390673160553 0.859166324138641 0.852424144744873 0.84821343421936 0.853250861167908 0.84715735912323 0.845148265361786
0.0772271826863289 0.111794486641884 0.0844729021191597 0.313504308462143 0.463022470474243 0.724426627159119 0.822053790092468 0.878243267536163 0.930331587791443 0.961854696273804 0.978313863277435 0.987115681171417 0.989037573337555 0.990968108177185 0.993866384029388 0.986793041229248 0.987841248512268 0.988791704177856 0.992022931575775 0.973623871803284 0.973229706287384 0.974999129772186 0.977788865566254 0.977276265621185 0.977962791919708 0.977693617343903 0.977702736854553 0.973658978939056 0.973051071166992 0.972445666790009 0.971129238605499 0.969688892364502 0.969508826732635 0.965509593486786 0.964544475078583 0.962787330150604 0.880129933357239 0.885579168796539 0.873410046100616 0.869628369808197 0.872633635997772 0.854569494724274 0.859754681587219 0.864009320735931 0.864242374897003 0.859906494617462 0.853649199008942
0.0629813671112061 0.134002059698105 0.233977988362312 0.47279092669487 0.625661015510559 0.760157406330109 0.855955064296722 0.912342369556427 0.956777155399323 0.975175976753235 0.983659744262695 0.985910832881927 0.989699423313141 0.985541462898254 0.984980404376984 0.986694872379303 0.985692024230957 0.986016988754272 0.986528277397156 0.986425399780273 0.986036539077759 0.964476823806763 0.966350972652435 0.968380570411682 0.968486309051514 0.970848798751831 0.967467546463013 0.96783572435379 0.967017889022827 0.964103519916534 0.961400389671326 0.959128975868225 0.961562275886536 0.961562275886536 0.960822105407715 0.956659257411957 0.876777946949005 0.87127810716629 0.872215628623962 0.868787169456482 0.864540696144104 0.86919641494751 0.885348975658417 0.882790386676788 0.877230823040009 0.877163887023926 0.879256069660187
0.0673504769802094 0.0885440111160278 0.188614204525948 0.351738333702087 0.632501006126404 0.769485175609589 0.863840043544769 0.921431422233582 0.958362400531769 0.976433336734772 0.987246811389923 0.991274416446686 0.984724640846252 0.992921710014343 0.986740052700043 0.987740457057953 0.9870246052742 0.988421380519867 0.988965213298798 0.990167140960693 0.973959863185883 0.978389978408813 0.978441655635834 0.978122115135193 0.977788984775543 0.971940040588379 0.97313117980957 0.976191163063049 0.97723525762558 0.975334465503693 0.974330067634583 0.972337603569031 0.973701238632202 0.972262144088745 0.966901242733002 0.891959488391876 0.895107984542847 0.892649948596954 0.892847299575806 0.890946924686432 0.888592600822449 0.892160832881927 0.892926216125488 0.892366468906403 0.887188076972961 0.893721997737885 0.893542110919952
0.0695348680019379 0.13697013258934 0.110112279653549 0.20894181728363 0.575095772743225 0.779505133628845 0.853677093982697 0.931151807308197 0.965223371982574 0.979104936122894 0.985414743423462 0.98829060792923 0.991253256797791 0.995558440685272 0.996655523777008 0.992213666439056 0.997556507587433 0.997409522533417 0.969964861869812 0.972699224948883 0.973141968250275 0.979976773262024 0.977580666542053 0.980194807052612 0.979686498641968 0.979602754116058 0.979516208171844 0.979144155979156 0.97750061750412 0.977528274059296 0.97633957862854 0.977238178253174 0.974892616271973 0.973687350749969 0.905925989151001 0.907131612300873 0.900987386703491 0.896952211856842 0.895608246326447 0.899755239486694 0.898358941078186 0.89633971452713 0.892811477184296 0.900476038455963 0.897066235542297 0.896981358528137 0.887490332126617
0.0635133981704712 0.143312305212021 0.153083592653275 0.222822487354279 0.583322286605835 0.782898306846619 0.869245171546936 0.897697746753693 0.934594035148621 0.929996907711029 0.930755078792572 0.954799771308899 0.962881743907928 0.986153721809387 0.993588268756866 0.996394753456116 0.997387290000916 0.967171192169189 0.9676633477211 0.973263561725616 0.978168845176697 0.977118670940399 0.98039311170578 0.979160010814667 0.980251133441925 0.978861808776855 0.979232907295227 0.979044318199158 0.978717088699341 0.978787541389465 0.977871119976044 0.976138889789581 0.976976752281189 0.97566419839859 0.909408390522003 0.909784495830536 0.901403248310089 0.900171279907227 0.899701237678528 0.899701237678528 0.899770379066467 0.895525515079498 0.89175683259964 0.89466655254364 0.897669970989227 0.896743834018707 0.892367362976074
0.0407591611146927 0.0797972902655602 0.212093338370323 0.357948213815689 0.410166680812836 0.713304579257965 0.682233273983002 0.699689865112305 0.837094128131866 0.918396234512329 0.953328013420105 0.945027589797974 0.969251215457916 0.96365886926651 0.866152346134186 0.881953418254852 0.99409818649292 0.967074573040009 0.974484324455261 0.977763712406158 0.980860888957977 0.978245854377747 0.980503916740417 0.980750799179077 0.980349898338318 0.979746639728546 0.979671716690063 0.978947162628174 0.979728043079376 0.978242814540863 0.977764427661896 0.977747797966003 0.978212118148804 0.914044678211212 0.908907651901245 0.908934533596039 0.904513418674469 0.904425382614136 0.904598712921143 0.904245674610138 0.904167592525482 0.894543409347534 0.896374464035034 0.896473526954651 0.896585583686829 0.89502215385437 0.899830400943756
0.0174784753471613 0.066915437579155 0.23743999004364 0.240667328238487 0.314176261425018 0.347326189279556 0.417461425065994 0.361934125423431 0.668632328510284 0.509300231933594 0.583445012569427 0.619097530841827 0.669368863105774 0.71557354927063 0.838301599025726 0.882249891757965 0.928767681121826 0.961154699325562 0.967941284179688 0.973349153995514 0.979177594184875 0.979699194431305 0.981174051761627 0.981462836265564 0.980320811271667 0.979587972164154 0.980767786502838 0.980406641960144 0.97882354259491 0.979331910610199 0.978081405162811 0.978064596652985 0.917882680892944 0.913720548152924 0.912987947463989 0.91304749250412 0.911808013916016 0.908629536628723 0.9088094830513 0.908940553665161 0.907557189464569 0.903806269168854 0.901790142059326 0.903316259384155 0.89957183599472 0.899434864521027 0.894916355609894
