data/climate_estimation/maxent_output/Alstroemeria_longistyla.asc
NCOLS 116 
NROWS 217 
XLLCORNER -53.0833333333333 
YLLCORNER -19.5833333333333 
CELLSIZE 0.0833333333333333 
NODATA_value -3.4e+38 
[rows 95 to 113 of 217, columns 0 to 42 of 116]
0.172305196523666 0.166947439312935 0.173788115382195 0.166819483041763 0.198694691061974 0.193028539419174 0.219704613089561 0.220140308141708 0.223192006349564 0.223480939865112 0.214648127555847 0.222194656729698 0.225445702672005 0.246593996882439 0.258373111486435 0.279560893774033 0.271096885204315 0.321838974952698 0.335959136486053 0.350480794906616 0.351452946662903 0.325048327445984 0.312488317489624 0.326652407646179 0.314166724681854 0.286681354045868 0.275725394487381 0.259442359209061 0.254319816827774 0.250286132097244 0.234335452318192 0.245359048247337 0.216644838452339 0.218956857919693 0.179319515824318 0.178909629583359 0.144708156585693 0.143082693219185 0.161624506115913 0.152956664562225 0.165056556463242 0.185725167393684 0.190536201000214
0.158504024147987 0.15746733546257 0.188063189387321 0.188830584287643 0.198451548814774 0.208934858441353 0.209740936756134 0.210087180137634 0.213128641247749 0.231193006038666 0.261501163244247 0.273818075656891 0.277381122112274 0.312461465597153 0.354458898305893 0.30092066526413 0.314675122499466 0.342374473810196 0.357420742511749 0.361164510250092 0.351493000984192 0.408644378185272 0.378440707921982 0.36477056145668 0.310521423816681 0.321683466434479 0.284046232700348 0.263680398464203 0.272904425859451 0.256894201040268 0.265776753425598 0.250420302152634 0.239530384540558 0.213788136839867 0.18520300090313 0.17931242287159 0.186527460813522 0.155161127448082 0.167072221636772 0.165796369314194 0.164335787296295 0.176874205470085 0.198896005749702
0.1948471814394 0.18694868683815 0.1876330524683 0.188668608665466 0.189456418156624 0.190210893750191 0.199993714690208 0.24806472659111 0.259749293327332 0.249154269695282 0.250074207782745 0.26160854101181 0.285971641540527 0.311903595924377 0.339709460735321 0.326698631048203 0.341365337371826 0.328037172555923 0.328968524932861 0.387380659580231 0.435353636741638 0.423919945955276 0.345618009567261 0.319379329681396 0.202443033456802 0.307709723711014 0.28356084227562 0.263283103704453 0.284749180078506 0.284343212842941 0.248369097709656 0.248222827911377 0.247338399291039 0.238911986351013 0.19484406709671 0.193738520145416 0.192356988787651 0.160449102520943 0.166715294122696 0.179519444704056 0.170083224773407 0.191714227199554 0.189852580428123
0.185660243034363 0.195066004991531 0.205563724040985 0.21600478887558 0.207309767603874 0.225219026207924 0.247117534279823 0.247332438826561 0.248323976993561 0.238079354166985 0.249750643968582 0.261629968881607 0.261961251497269 0.286332488059998 0.312036484479904 0.339860111474991 0.369322806596756 0.369836539030075 0.237833321094513 0.260587245225906 0.402631044387817 0.435484617948532 0.2300124168396 0.228022888302803 0.211302667856216 0.209490403532982 0.193829089403152 0.19434466958046 0.185799568891525 0.272087663412094 0.26058104634285 0.260733664035797 0.261072933673859 0.241172716021538 0.229742541909218 0.192935302853584 0.191745534539223 0.199410632252693 0.180913388729095 0.179315358400345 0.178206697106361 0.191797196865082 0.19005112349987
0.20304499566555 0.213619619607925 0.205245897173882 0.222999155521393 0.214021801948547 0.235345005989075 0.246581524610519 0.236638367176056 0.237186223268509 0.237674906849861 0.18404321372509 0.202315405011177 0.195912480354309 0.21252030134201 0.215421557426453 0.22573459148407 0.258202821016312 0.258603662252426 0.282705336809158 0.260041058063507 0.308832764625549 0.29392084479332 0.227118790149689 0.227700755000114 0.217974379658699 0.218659296631813 0.218860983848572 0.202322393655777 0.229442805051804 0.194111675024033 0.271130263805389 0.259617418050766 0.259687453508377 0.248182490468025 0.247411549091339 0.208348736166954 0.207117885351181 0.206110239028931 0.204888790845871 0.19472499191761 0.193408042192459 0.183058217167854 0.197292342782021
0.193699017167091 0.201580941677094 0.250421136617661 0.23033632338047 0.242003679275513 0.265065908432007 0.235809057950974 0.236441522836685 0.247623041272163 0.191993340849876 0.18380531668663 0.211214497685432 0.221480801701546 0.222135439515114 0.222493559122086 0.233404546976089 0.255473285913467 0.316427826881409 0.317267179489136 0.291882038116455 0.33175864815712 0.269136518239975 0.216528922319412 0.217099562287331 0.217419147491455 0.2176403850317 0.218080028891563 0.218365654349327 0.218584015965462 0.21894046664238 0.303527653217316 0.291062653064728 0.266970664262772 0.235999599099159 0.266220450401306 0.245669052004814 0.197534561157227 0.222725167870522 0.211753636598587 0.220467314124107 0.200324878096581 0.199128597974777 0.198078647255898
0.236788734793663 0.238006860017776 0.218657746911049 0.230088353157043 0.252526760101318 0.25313875079155 0.243275582790375 0.182110950350761 0.191354885697365 0.183213070034981 0.1836207062006 0.201935961842537 0.202198967337608 0.211939007043839 0.243072092533112 0.232793152332306 0.102104820311069 0.266956001520157 0.112865909934044 0.279726684093475 0.291998773813248 0.108282305300236 0.0986641421914101 0.0897134765982628 0.0930812209844589 0.224683791399002 0.22508479654789 0.20828153192997 0.225201964378357 0.215494975447655 0.215542808175087 0.199302136898041 0.265988737344742 0.265786707401276 0.253550708293915 0.253200620412827 0.223608538508415 0.222550764679909 0.211585432291031 0.220785841345787 0.226930856704712 0.225737541913986 0.198790773749352
0.226169154047966 0.216988831758499 0.218491762876511 0.240260809659958 0.263611286878586 0.264427900314331 0.181281104683876 0.190573841333389 0.182468995451927 0.183051243424416 0.183579102158546 0.183870583772659 0.0793023183941841 0.0836216732859612 0.0955949798226357 0.0958764180541039 0.0926105529069901 0.0929096788167953 0.10612628608942 0.11164315789938 0.117340222001076 0.106756895780563 0.0971221476793289 0.0973496288061142 0.0975247323513031 0.0977246165275574 0.0930442810058594 0.224129974842072 0.214526578783989 0.21462869644165 0.214719340205193 0.205183148384094 0.205085918307304 0.285116165876389 0.272220432758331 0.28388899564743 0.270894736051559 0.229133233428001 0.238703086972237 0.237834572792053 0.226413637399673 0.24356247484684 0.214709877967834
0.206146121025085 0.217032849788666 0.228248775005341 0.240088492631912 0.251903563737869 0.189238682389259 0.189516633749008 0.190463319420815 0.199669525027275 0.191501826047897 0.19195756316185 0.086188830435276 0.0792395547032356 0.0908490568399429 0.0909740552306175 0.0957947000861168 0.0959831550717354 0.100935205817223 0.100942589342594 0.106195792555809 0.117107599973679 0.106545731425285 0.10176320374012 0.105590343475342 0.100726023316383 0.100794561207294 0.102271012961864 0.0928792580962181 0.241408467292786 0.223764821887016 0.231148391962051 0.220862805843353 0.204063802957535 0.271691799163818 0.283455222845078 0.270938634872437 0.27033594250679 0.269305199384689 0.227687641978264 0.226881816983223 0.244148910045624 0.254332572221756 0.253423392772675
0.205913454294205 0.207280352711678 0.217875644564629 0.162879809737206 0.171595856547356 0.195262908935547 0.189646899700165 0.190094277262688 0.206560418009758 0.191625207662582 0.0858570635318756 0.0861799642443657 0.0862795859575272 0.0999899506568909 0.0954302474856377 0.0955894738435745 0.100606650114059 0.105656668543816 0.105920821428299 0.111190371215343 0.115322083234787 0.104963101446629 0.105320498347282 0.100233323872089 0.100451432168484 0.095809131860733 0.10067655146122 0.100625194609165 0.105638459324837 0.240526035428047 0.230350509285927 0.220072001218796 0.220077067613602 0.20984323322773 0.304287046194077 0.290628850460052 0.290082544088364 0.28930589556694 0.288849681615829 0.244533851742744 0.244001224637032 0.243093073368073 0.242901846766472
0.222343429923058 0.206818342208862 0.167404159903526 0.176585718989372 0.177789986133575 0.172150179743767 0.195991367101669 0.181714206933975 0.197355628013611 0.0815632194280624 0.081710122525692 0.0861799642443657 0.0862500071525574 0.0907704457640648 0.0908665880560875 0.0413984060287476 0.0435917526483536 0.0400039590895176 0.0459048040211201 0.0482792966067791 0.0460468679666519 0.0454585142433643 0.0397774316370487 0.100154593586922 0.108831912279129 0.108924269676208 0.103809423744678 0.109036095440388 0.103962182998657 0.103902198374271 0.219342708587646 0.219191357493401 0.23634634912014 0.236215218901634 0.225831210613251 0.289782464504242 0.289459586143494 0.288822591304779 0.310036778450012 0.27526181936264 0.233443632721901 0.262389451265335 0.250769138336182
0.212597280740738 0.158785238862038 0.167382270097733 0.168579652905464 0.163938477635384 0.186698228120804 0.189892485737801 0.196815088391304 0.0813588201999664 0.0815890580415726 0.0817861333489418 0.0904025435447693 0.0984986647963524 0.039219181984663 0.0379234664142132 0.0393480844795704 0.0435176566243172 0.0435891672968864 0.0458773225545883 0.0525641553103924 0.055237740278244 0.0454142950475216 0.0477518327534199 0.0454754419624805 0.113995485007763 0.108635231852531 0.114012114703655 0.114031359553337 0.108669526875019 0.114020735025406 0.236235603690147 0.236303865909576 0.23604428768158 0.235767260193825 0.224997535347939 0.324831485748291 0.310714155435562 0.310413390398026 0.296783655881882 0.296283394098282 0.295869499444962 0.251189410686493 0.251060247421265
0.150357440114021 0.166372448205948 0.167467102408409 0.176532313227654 0.186089560389519 0.186868324875832 0.196507051587105 0.197103440761566 0.0814586654305458 0.0816567689180374 0.0819216519594193 0.0982493087649345 0.1034891679883 0.0392269641160965 0.0392902977764606 0.0355934053659439 0.0374674610793591 0.0394437052309513 0.0474888421595097 0.0524416863918304 0.0551328919827938 0.0705941244959831 0.0580084137618542 0.0518978126347065 0.049428828060627 0.12322386354208 0.129337191581726 0.135542586445808 0.123386919498444 0.123302787542343 0.11205767095089 0.265107870101929 0.235116198658943 0.242266029119492 0.224380120635033 0.252845168113708 0.332698971033096 0.30971485376358 0.296533793210983 0.296005815267563 0.295842915773392 0.295493364334106 0.250860720872879
0.150297835469246 0.17406390607357 0.167388767004013 0.168616101145744 0.177847757935524 0.187165126204491 0.196527093648911 0.081266738474369 0.081591360270977 0.0817708000540733 0.0891867950558662 0.0937823727726936 0.0372949130833149 0.0392698086798191 0.0387642122805119 0.0388446636497974 0.0388146117329597 0.0429201312363148 0.049891646951437 0.0474943481385708 0.0550722368061543 0.0695763379335403 0.214188620448112 0.0601389333605766 0.0493161529302597 0.0477084890007973 0.123012036085129 0.124968782067299 0.124882966279984 0.117202885448933 0.113510876893997 0.256686478853226 0.252760916948318 0.241660445928574 0.252502381801605 0.252401173114777 0.240918353199959 0.331855595111847 0.31800964474678 0.318253248929977 0.31801626086235 0.318044364452362 0.317751169204712
0.157483875751495 0.174267992377281 0.17544387280941 0.17669752240181 0.177905321121216 0.187180250883102 0.196927860379219 0.207058772444725 0.081663504242897 0.0891095474362373 0.0893249064683914 0.093952365219593 0.0368252508342266 0.0338415466248989 0.0368769690394402 0.0388146117329597 0.0388105176389217 0.0444389767944813 0.0408216342329979 0.0467657260596752 0.0516729950904846 0.0695089474320412 0.051824901252985 0.0476750917732716 0.0476984605193138 0.0477017983794212 0.113297075033188 0.113415740430355 0.11316691339016 0.113313421607018 0.107907772064209 0.107846662402153 0.255982607603073 0.255788028240204 0.25557467341423 0.240783229470253 0.244282722473145 0.331602215766907 0.318019032478333 0.318140804767609 0.332078963518143 0.318234503269196 0.318233609199524
0.157657831907272 0.16631031036377 0.175537124276161 0.176905199885368 0.178203821182251 0.18760447204113 0.213414877653122 0.224185198545456 0.0890293195843697 0.0892826244235039 0.0895152613520622 0.0387228019535542 0.0368959382176399 0.036923635751009 0.0369856022298336 0.036962479352951 0.0151562187820673 0.0164981279522181 0.0173534099012613 0.017364714294672 0.0475651472806931 0.0500022619962692 0.0475573353469372 0.0430210009217262 0.0430149622261524 0.0429967157542706 0.0429612956941128 0.107703752815723 0.107595644891262 0.10769260674715 0.107595570385456 0.107483148574829 0.266789019107819 0.255059152841568 0.255318999290466 0.255154371261597 0.243909165263176 0.24392968416214 0.317735195159912 0.317990928888321 0.331981301307678 0.331630289554596 0.33225092291832
0.250999003648758 0.180505961179733 0.175848171114922 0.185518190264702 0.186834916472435 0.212909892201424 0.20696347951889 0.214860469102859 0.0971173048019409 0.0896043926477432 0.0976019352674484 0.0369369983673096 0.0351601094007492 0.0351852886378765 0.0370141305029392 0.0369426496326923 0.015698840841651 0.0165213607251644 0.0167757384479046 0.0176846273243427 0.017673309892416 0.0524971000850201 0.0525710582733154 0.0429787412285805 0.0430275090038776 0.0429100506007671 0.0407693795859814 0.102281339466572 0.102207615971565 0.102117739617825 0.102003380656242 0.10712905973196 0.254646897315979 0.243437722325325 0.243503659963608 0.254629880189896 0.243740081787109 0.243770405650139 0.243922099471092 0.322383165359497 0.336390912532806 0.323199182748795 0.323736995458603
0.240533053874969 0.253042191267014 0.266453355550766 0.191791832447052 0.202476501464844 0.21321102976799 0.214749336242676 0.225437626242638 0.102211020886898 0.102548591792583 0.0978321209549904 0.0979818552732468 0.0403993502259254 0.0383766070008278 0.0403114967048168 0.0403023809194565 0.0165377724915743 0.0168112237006426 0.0168138016015291 0.0159533433616161 0.0168043002486229 0.0430062636733055 0.0452028214931488 0.0408331006765366 0.0428597591817379 0.0407310724258423 0.0428155921399593 0.102046199142933 0.101884379982948 0.106893084943295 0.101718835532665 0.101683527231216 0.101553395390511 0.253845155239105 0.254033356904984 0.243096128106117 0.24294488132 0.232540011405945 0.243708267807961 0.233513996005058 0.322526872158051 0.337551563978195 0.324334740638733
0.240388810634613 0.242212027311325 0.254970759153366 0.256664246320724 0.193545758724213 0.204096600413322 0.22519189119339 0.244079992175102 0.244780197739601 0.107931822538376 0.111930452287197 0.117458172142506 0.0425475351512432 0.0404494404792786 0.0425839088857174 0.0425142832100391 0.0168580804020166 0.0168193951249123 0.015984071418643 0.0159859545528889 0.043076079338789 0.0408591479063034 0.0430226996541023 0.0386856682598591 0.0407076179981232 0.0406349003314972 0.0405818074941635 0.101719357073307 0.101648345589638 0.101447477936745 0.0964609012007713 0.101582087576389 0.10139311850071 0.242101281881332 0.242342621088028 0.231856554746628 0.242876827716827 0.23231415450573 0.24373859167099 0.233298242092133 0.233754307031631 0.323715388774872 0.324704438447952
