data/climate_estimation/maxent_output/Alstroemeria_diluta.asc
NCOLS 13 
NROWS 79 
XLLCORNER -72.0833333333333 
YLLCORNER -34.5833333333333 
CELLSIZE 0.083333333333333 
NODATA_value -3.4e+38 
-339999999999999996123846586046231871488.000000000000000 -3.4e+38 -3.4e+38 -3.4e+38 -3.4e+38 -3.4e+38 -3.4e+38 -3.4e+38 -3.4e+38 -3.4e+38 0.924531280994415 0.933922290802002 0.956931054592133
-3.4e+38 -3.4e+38 -3.4e+38 -3.4e+38 -3.4e+38 -3.4e+38 -3.4e+38 -3.4e+38 -3.4e+38 -3.4e+38 0.940044820308685 0.934619784355164 0.923592984676361
-3.4e+38 -3.4e+38 -3.4e+38 -3.4e+38 -3.4e+38 -3.4e+38 -3.4e+38 -3.4e+38 -3.4e+38 -3.4e+38 0.931955575942993 0.951861143112183 0.922520816326141
-3.4e+38 -3.4e+38 -3.4e+38 -3.4e+38 -3.4e+38 -3.4e+38 -3.4e+38 -3.4e+38 -3.4e+38 -3.4e+38 0.932194888591766 0.953954935073853 0.930392861366272
-3.4e+38 -3.4e+38 -3.4e+38 -3.4e+38 -3.4e+38 -3.4e+38 -3.4e+38 -3.4e+38 -3.4e+38 -3.4e+38 0.946644306182861 0.919608354568481 0.943175494670868
-3.4e+38 -3.4e+38 -3.4e+38 -3.4e+38 -3.4e+38 -3.4e+38 -3.4e+38 -3.4e+38 -3.4e+38 0.971411526203156 0.957170128822327 0.962302207946777 0.940808594226837
-3.4e+38 -3.4e+38 -3.4e+38 -3.4e+38 -3.4e+38 -3.4e+38 -3.4e+38 -3.4e+38 -3.4e+38 0.988325178623199 0.985683381557465 0.975501954555511 0.940301775932312
-3.4e+38 -3.4e+38 -3.4e+38 -3.4e+38 -3.4e+38 -3.4e+38 -3.4e+38 -3.4e+38 -3.4e+38 0.990760684013367 0.900988221168518 0.949662983417511 0.914664566516876
-3.4e+38 -3.4e+38 -3.4e+38 -3.4e+38 -3.4e+38 -3.4e+38 -3.4e+38 -3.4e+38 0.97021758556366 0.961346566677094 0.988927066326141 0.994121372699738 0.993675589561462
-3.4e+38 -3.4e+38 -3.4e+38 -3.4e+38 -3.4e+38 -3.4e+38 -3.4e+38 0.995476841926575 0.988744020462036 0.993306636810303 0.995632529258728 0.989634394645691 0.999075651168823
-3.4e+38 -3.4e+38 -3.4e+38 -3.4e+38 -3.4e+38 -3.4e+38 0.998697876930237 0.997648954391479 0.995160162448883 0.997283816337585 0.996977627277374 0.998126804828644 0.998032867908478
-3.4e+38 -3.4e+38 -3.4e+38 -3.4e+38 -3.4e+38 -3.4e+38 0.999727606773376 0.999683976173401 0.998570740222931 0.99421352148056 0.989480018615723 0.98000580072403 0.947239816188812
-3.4e+38 -3.4e+38 -3.4e+38 -3.4e+38 -3.4e+38 0.998506009578705 0.999949395656586 0.999799907207489 0.999217212200165 0.980188846588135 0.986601173877716 0.982197105884552 0.991152584552765
-3.4e+38 -3.4e+38 -3.4e+38 -3.4e+38 -3.4e+38 -3.4e+38 0.999099314212799 0.996364593505859 0.994626760482788 0.987952172756195 0.983543455600739 0.987131357192993 0.987070202827454
-3.4e+38 -3.4e+38 -3.4e+38 -3.4e+38 -3.4e+38 -3.4e+38 0.999786078929901 0.998830199241638 0.996701240539551 0.991717994213104 0.996273815631866 0.998158812522888 0.983570992946625
-3.4e+38 -3.4e+38 -3.4e+38 -3.4e+38 -3.4e+38 -3.4e+38 0.999970734119415 0.999573051929474 0.998361229896545 0.996626853942871 0.994179010391235 0.994112968444824 0.971149861812592
-3.4e+38 -3.4e+38 -3.4e+38 -3.4e+38 -3.4e+38 -3.4e+38 -3.4e+38 -3.4e+38 0.981665849685669 0.999261856079102 0.997765719890594 0.99027419090271 0.980187833309174
-3.4e+38 -3.4e+38 -3.4e+38 -3.4e+38 -3.4e+38 -3.4e+38 -3.4e+38 -3.4e+38 0.99690055847168 0.972586154937744 0.999426007270813 0.998355805873871 0.993141829967499
-3.4e+38 -3.4e+38 -3.4e+38 -3.4e+38 -3.4e+38 -3.4e+38 0.999998152256012 -3.4e+38 0.998883962631226 0.999086380004883 0.995535671710968 0.995639026165009 0.999847948551178
-3.4e+38 -3.4e+38 -3.4e+38 -3.4e+38 -3.4e+38 -3.4e+38 0.9999018907547 -3.4e+38 -3.4e+38 0.999713897705078 0.998990535736084 0.998413562774658 0.996230900287628
-339999999999999996123846586046231871488.000000000000000 -3.4e+38 -3.4e+38 -3.4e+38 -3.4e+38 -3.4e+38 -3.4e+38 -3.4e+38 0.999994218349457 0.999951004981995 0.999650597572327 0.996078014373779 0.990530967712402
-3.4e+38 -3.4e+38 -3.4e+38 -3.4e+38 -3.4e+38 -3.4e+38 -3.4e+38 -3.4e+38 0.999996662139893 0.999997496604919 0.999860286712646 0.998420655727386 0.992997527122498
-3.4e+38 -3.4e+38 -3.4e+38 -3.4e+38 -3.4e+38 -3.4e+38 -3.4e+38 -3.4e+38 -3.4e+38 0.998587906360626 0.999990999698639 0.999866366386414 0.996686279773712
-3.4e+38 -3.4e+38 -3.4e+38 -3.4e+38 -3.4e+38 -3.4e+38 -3.4e+38 1 0.999999940395355 0.999995350837708 0.999929785728455 0.998377919197083 0.998251855373383
-3.4e+38 -3.4e+38 -3.4e+38 -3.4e+38 -3.4e+38 -3.4e+38 -3.4e+38 1 0.999999821186066 0.999999105930328 0.999925255775452 0.998934090137482 0.992026269435883
-3.4e+38 -3.4e+38 -3.4e+38 -3.4e+38 -3.4e+38 -3.4e+38 -3.4e+38 -3.4e+38 0.999999821186066 0.99993234872818 0.999950230121613 0.999128878116608 0.994717419147491
-3.4e+38 -3.4e+38 -3.4e+38 -3.4e+38 -3.4e+38 0.999871969223022 0.999980211257935 0.99999326467514 0.999989449977875 0.999958574771881 0.999722898006439 0.994934678077698 0.99815434217453
-3.4e+38 -3.4e+38 -3.4e+38 -3.4e+38 0.999876379966736 0.999998927116394 0.999974489212036 0.999952018260956 0.999984323978424 0.999685168266296 0.998905777931213 0.998982965946198 0.99461841583252
-3.4e+38 -3.4e+38 -3.4e+38 -3.4e+38 0.999733507633209 0.999988615512848 0.999984741210938 0.999937057495117 0.999731063842773 0.999379992485046 0.99979841709137 0.998222351074219 0.989800691604614
-3.4e+38 -3.4e+38 -3.4e+38 -3.4e+38 0.999933779239655 0.999988675117493 0.999980211257935 0.999943196773529 0.999955773353577 0.999800503253937 0.998997151851654 0.993765532970428 0.986792027950287
-3.4e+38 -3.4e+38 -3.4e+38 -3.4e+38 0.999969482421875 0.999989926815033 0.999982059001923 0.999804198741913 0.999671161174774 0.998920679092407 0.993201673030853 0.985450744628906 0.979573667049408
-3.4e+38 -3.4e+38 -3.4e+38 -3.4e+38 0.999808788299561 0.999937951564789 0.999840378761292 0.999466717243195 0.999012112617493 0.994001030921936 0.993840098381042 0.993377029895782 0.976476013660431
-3.4e+38 -3.4e+38 -3.4e+38 -3.4e+38 0.999876499176025 0.999238252639771 0.999763488769531 0.999382019042969 0.998827815055847 0.99602735042572 0.994809806346893 0.982606709003448 0.968997538089752
-3.4e+38 -3.4e+38 -3.4e+38 -3.4e+38 0.998754143714905 0.999099791049957 0.99929404258728 0.99679559469223 0.989452719688416 0.994236886501312 0.991072654724121 0.989617228507996 0.975658178329468
-3.4e+38 -3.4e+38 -3.4e+38 -3.4e+38 0.995849072933197 0.999099731445312 0.99755734205246 0.997745335102081 0.997654378414154 0.992264986038208 0.99067211151123 0.992485463619232 0.966421782970428
-3.4e+38 -3.4e+38 -3.4e+38 -3.4e+38 0.993955314159393 0.993878662586212 0.993801236152649 0.993335366249084 0.992123961448669 0.995170652866364 0.989603459835052 0.980295479297638 0.968905031681061
-3.4e+38 -3.4e+38 -3.4e+38 -3.4e+38 0.98993843793869 0.995701134204865 0.997559905052185 0.988352656364441 0.985045969486237 0.986350297927856 0.985888659954071 0.966297388076782 0.945165157318115
-3.4e+38 -3.4e+38 -3.4e+38 -3.4e+38 0.96993350982666 0.987571716308594 0.996154248714447 0.99456387758255 0.990638911724091 0.991151213645935 0.988588452339172 0.981893420219421 0.950645983219147
-3.4e+38 -3.4e+38 -3.4e+38 -3.4e+38 0.966632783412933 0.968269348144531 0.989608108997345 0.992332994937897 0.98674863576889 0.990875005722046 0.979920387268066 0.969805181026459 0.952770709991455
-3.4e+38 -3.4e+38 -3.4e+38 -3.4e+38 -3.4e+38 0.941393792629242 0.985858023166656 0.985390961170197 0.988592803478241 0.976972162723541 0.9388787150383 0.960985362529755 0.971446514129639
-339999999999999996123846586046231871488.000000000000000 -3.4e+38 -3.4e+38 -3.4e+38 -3.4e+38 0.922488689422607 0.927892506122589 0.928902685642242 0.960366249084473 0.941286027431488 0.937079548835754 0.962283313274384 0.972633957862854
-3.4e+38 -3.4e+38 -3.4e+38 -3.4e+38 -3.4e+38 0.890639185905457 0.913933515548706 0.852820754051208 0.942569136619568 0.958899080753326 0.938012838363647 0.867786109447479 0.841732203960419
-3.4e+38 -3.4e+38 -3.4e+38 -3.4e+38 -3.4e+38 0.824526131153107 0.88319206237793 0.809933722019196 0.861159920692444 0.866956114768982 0.90283614397049 0.851025223731995 0.811830699443817
-3.4e+38 -3.4e+38 -3.4e+38 -3.4e+38 -3.4e+38 0.856017291545868 0.814384341239929 0.821770548820496 0.834058046340942 0.825454294681549 0.81406843662262 0.716398000717163 0.758054316043854
-3.4e+38 -3.4e+38 -3.4e+38 -3.4e+38 -3.4e+38 -3.4e+38 0.845962047576904 0.850211441516876 0.846803843975067 0.764150261878967 0.690349400043488 0.741042494773865 0.681959450244904
-3.4e+38 -3.4e+38 -3.4e+38 -3.4e+38 -3.4e+38 -3.4e+38 0.770274043083191 0.745592355728149 0.795273661613464 0.766034781932831 0.780140697956085 0.681794703006744 0.451305150985718
-3.4e+38 -3.4e+38 -3.4e+38 -3.4e+38 -3.4e+38 -3.4e+38 0.750035464763641 0.736310184001923 0.663464963436127 0.716435551643372 0.729541957378387 0.644444167613983 0.692953526973724
-3.4e+38 -3.4e+38 -3.4e+38 -3.4e+38 -3.4e+38 -3.4e+38 0.718603551387787 0.787072360515594 0.798727095127106 0.78761887550354 0.746191143989563 0.608534753322601 0.415984749794006
-3.4e+38 -3.4e+38 -3.4e+38 -3.4e+38 -3.4e+38 -3.4e+38 0.744553983211517 0.741478979587555 0.759237408638 0.672277569770813 0.652062118053436 0.641590297222137 0.695187985897064
-3.4e+38 -3.4e+38 -3.4e+38 -3.4e+38 -3.4e+38 -3.4e+38 0.789475619792938 0.747761487960815 0.607930839061737 0.594078481197357 0.633330345153809 0.615455329418182 0.622786343097687
-3.4e+38 -3.4e+38 -3.4e+38 -3.4e+38 -3.4e+38 -3.4e+38 0.752310752868652 0.676912486553192 0.640826344490051 0.609069049358368 0.621124982833862 0.519405007362366 0.409831792116165
-3.4e+38 -3.4e+38 -3.4e+38 -3.4e+38 -3.4e+38 -3.4e+38 -3.4e+38 0.66242116689682 0.589113175868988 0.514637172222137 0.418944358825684 0.40507635474205 0.327500134706497
-3.4e+38 -3.4e+38 -3.4e+38 -3.4e+38 -3.4e+38 -3.4e+38 -3.4e+38 0.644535541534424 0.541073203086853 0.482325196266174 0.452027410268784 0.405790627002716 0.280184656381607
-3.4e+38 -3.4e+38 -3.4e+38 -3.4e+38 -3.4e+38 -3.4e+38 -3.4e+38 0.69258576631546 0.622803211212158 0.457096695899963 0.383357912302017 0.34636601805687 0.290592044591904
-3.4e+38 -3.4e+38 -3.4e+38 -3.4e+38 -3.4e+38 -3.4e+38 -3.4e+38 0.631696462631226 0.637870728969574 0.434845715761185 0.450663775205612 0.350500226020813 0.404144138097763
-3.4e+38 -3.4e+38 -3.4e+38 -3.4e+38 -3.4e+38 -3.4e+38 -3.4e+38 0.844057619571686 0.685040652751923 0.438795238733292 0.466446816921234 0.40568882226944 0.499567031860352
-3.4e+38 -3.4e+38 -3.4e+38 -3.4e+38 -3.4e+38 -3.4e+38 0.946113646030426 0.869349479675293 0.736380636692047 0.607518911361694 0.399480700492859 0.371167480945587 0.377594500780106
-3.4e+38 -3.4e+38 -3.4e+38 -3.4e+38 -3.4e+38 -3.4e+38 0.968583881855011 0.897898197174072 0.632269501686096 0.608025550842285 0.354272067546844 0.373086929321289 0.332787811756134
-3.4e+38 -3.4e+38 -3.4e+38 -3.4e+38 -3.4e+38 -3.4e+38 0.975262880325317 0.898172378540039 0.642401099205017 0.481639802455902 0.362466484308243 0.301101058721542 0.380394250154495
-3.4e+38 -3.4e+38 -3.4e+38 -3.4e+38 -3.4e+38 -3.4e+38 0.990647971630096 0.83296000957489 0.643288433551788 0.469150632619858 0.353529751300812 0.273279935121536 0.276664853096008
-339999999999999996123846586046231871488.000000000000000 -3.4e+38 -3.4e+38 -3.4e+38 0.998198866844177 0.991685926914215 0.919054985046387 0.782222390174866 0.673094630241394 0.506467700004578 0.360921055078506 0.32267701625824 0.238376572728157
-3.4e+38 -3.4e+38 -3.4e+38 0.986227214336395 0.971702933311462 0.935281217098236 0.799009144306183 0.687968671321869 0.491502463817596 0.501912117004395 0.326897859573364 0.302139163017273 0.300213098526001
-3.4e+38 -3.4e+38 -3.4e+38 -3.4e+38 0.826580464839935 0.794758319854736 0.6119744181633 0.507464289665222 0.496924668550491 0.368175894021988 0.341096609830856 0.279053121805191 0.304495722055435
-3.4e+38 -3.4e+38 -3.4e+38 -3.4e+38 0.619620621204376 0.570136547088623 0.540825426578522 0.459936887025833 0.429426193237305 0.346106290817261 0.331792920827866 0.277735650539398 0.239985048770905
-3.4e+38 -3.4e+38 -3.4e+38 -3.4e+38 0.24580429494381 0.442579597234726 0.407933861017227 0.353470683097839 0.361625283956528 0.295164257287979 0.310968637466431 0.145809978246689 0.180762678384781
-3.4e+38 -3.4e+38 -3.4e+38 -3.4e+38 0.216379329562187 0.334873616695404 0.335620194673538 0.379163980484009 0.326074302196503 0.308510094881058 0.241190731525421 0.20422537624836 0.105675794184208
-3.4e+38 -3.4e+38 -3.4e+38 -3.4e+38 -3.4e+38 0.270355999469757 0.428377121686935 0.317313551902771 0.21407550573349 0.30350261926651 0.215396255254745 0.182137608528137 0.154640287160873
-3.4e+38 -3.4e+38 -3.4e+38 -3.4e+38 -3.4e+38 0.279145538806915 0.291127592325211 0.261945128440857 0.211237132549286 0.229785427451134 0.147860363125801 0.174722000956535 0.110361486673355
-3.4e+38 -3.4e+38 -3.4e+38 -3.4e+38 0.182577833533287 0.334655404090881 0.232475519180298 0.245614022016525 0.17597658932209 0.145354598760605 0.0928133353590965 0.109664887189865 0.0974386930465698
-3.4e+38 -3.4e+38 -3.4e+38 0.10753858089447 0.13270328938961 0.172671228647232 0.209991276264191 0.170398071408272 0.15219546854496 0.13364277780056 0.128059267997742 0.115790456533432 0.0996750444173813
-3.4e+38 -3.4e+38 0.124671421945095 0.091807909309864 0.115509457886219 0.147517770528793 0.179779663681984 0.157061949372292 0.20176999270916 0.148241102695465 0.119547076523304 0.132914930582047 0.15948024392128
-3.4e+38 -3.4e+38 0.164599761366844 0.148758113384247 0.128849789500237 0.136997804045677 0.164008840918541 0.150201246142387 0.176565900444984 0.170984327793121 0.131277799606323 0.116550207138062 0.106086164712906
-3.4e+38 0.165815636515617 0.168836504220963 0.158618301153183 0.135493382811546 0.119724757969379 0.135621383786201 0.145381793379784 0.129636347293854 0.115633845329285 0.126775979995728 0.100161202251911 0.0985556840896606
0.202041149139404 0.208761960268021 0.158261492848396 0.140558436512947 0.128099143505096 0.111866630613804 0.0908574387431145 0.108410306274891 0.089368499815464 0.114788420498371 0.123618267476559 0.103072881698608 0.115836180746555
0.198052287101746 0.158078104257584 0.148655086755753 0.0983521714806557 0.0807865485548973 0.101925030350685 0.0608221367001534 0.0681624040007591 0.066378079354763 0.0922200381755829 0.0962405875325203 0.0863635763525963 0.102074801921844
-3.4e+38 0.128735929727554 0.0903809294104576 0.110919497907162 0.0924786329269409 0.0608291365206242 0.0531287863850594 0.0603365898132324 0.0845596566796303 0.0595869980752468 0.0871175527572632 0.094342976808548 0.0800409913063049
0.148952394723892 0.108337260782719 0.0607343427836895 0.0643656402826309 0.0600610487163067 0.0380714349448681 0.0351894572377205 0.0425034128129482 0.0573440864682198 0.0595878697931767 0.0746640115976334 0.100367903709412 0.0815618187189102
0.117399044334888 0.0606304742395878 0.0629167035222054 0.0456724055111408 0.039985615760088 0.0399811156094074 0.031085254624486 0.0392469316720963 0.0496295243501663 0.0589821860194206 0.0650644823908806 0.0778403952717781 0.0573608428239822
0.0654331669211388 0.0523580424487591 0.0494282431900501 0.0353032238781452 0.031590610742569 0.0259108077734709 0.0322525799274445 0.0305701196193695 0.0352215096354485 0.0476065315306187 0.0314223095774651 0.039949145168066 0.0368824005126953
