data/climate_estimation/maxent_output/Alstroemeria_ochracea.asc
NCOLS 71 
NROWS 101 
XLLCORNER -48.6666666666667 
YLLCORNER -24.9166666666667 
CELLSIZE 0.0833333333333333 
NODATA_value -3.4e+38 
[rows 80 to 99 of 101, columns 0 to 43 of 71]
0.572768568992615 0.582728326320648 0.584862589836121 0.597323298454285 0.602531313896179 0.593105435371399 0.594171583652496 0.601636648178101 0.605440676212311 0.599141061306 0.594996750354767 0.603178322315216 0.601035058498383 0.60259610414505 0.609289348125458 0.619014978408813 0.628778219223022 0.655483424663544 0.682171285152435 0.685794711112976 0.714187741279602 0.69646292924881 0.7011758685112 0.720039308071136 0.729679584503174 0.78462553024292 0.751227736473083 0.73654317855835 0.754378855228424 0.712031781673431 0.691589832305908 0.685299038887024 0.667672276496887 0.672317981719971 0.674116492271423 0.713651955127716 0.754384517669678 0.764132857322693 0.729604721069336 0.742997348308563 0.748838782310486 0.782575130462646 0.840735018253326 0.852399587631226
0.565506994724274 0.569643795490265 0.580723226070404 0.593479752540588 0.602864503860474 0.612907946109772 0.620788037776947 0.608315706253052 0.600986421108246 0.6040398478508 0.596237599849701 0.60780930519104 0.616649746894836 0.620330214500427 0.621519982814789 0.628820061683655 0.641348600387573 0.668461441993713 0.677646458148956 0.733966946601868 0.740055441856384 0.708928346633911 0.717838943004608 0.714639604091644 0.743295311927795 0.737593054771423 0.749117016792297 0.761260747909546 0.703046023845673 0.69279819726944 0.698859035968781 0.678413033485413 0.677791357040405 0.693325698375702 0.709174275398254 0.726571619510651 0.759783089160919 0.746138453483582 0.746558606624603 0.772530496120453 0.788498759269714 0.802425503730774 0.822792589664459 0.798688769340515
0.563145101070404 0.563913226127625 0.574085593223572 0.578919529914856 0.597927689552307 0.603157699108124 0.6158646941185 0.613792896270752 0.603415489196777 0.606406807899475 0.596806943416595 0.598054170608521 0.606608927249908 0.620859444141388 0.631604909896851 0.637910604476929 0.652351081371307 0.678751170635223 0.67041540145874 0.681937992572784 0.691829144954681 0.69768762588501 0.706920981407166 0.721567869186401 0.737704277038574 0.743103921413422 0.73975658416748 0.721401691436768 0.714418113231659 0.686807990074158 0.682181656360626 0.68117481470108 0.685225307941437 0.693156540393829 0.711674690246582 0.706591546535492 0.718651711940765 0.746146500110626 0.750874817371368 0.76558917760849 0.776305973529816 0.778590500354767 0.684707999229431 0.598948419094086
0.54866760969162 0.55833375453949 0.55741411447525 0.571702301502228 0.582341134548187 0.598359525203705 0.611257314682007 0.612514913082123 0.605388641357422 0.601529657840729 0.596087515354156 0.606859743595123 0.64409726858139 0.629927039146423 0.629363656044006 0.644354403018951 0.668505191802979 0.697730422019958 0.686098992824554 0.70188570022583 0.714986860752106 0.703624665737152 0.706472516059875 0.711697638034821 0.71449601650238 0.705769300460815 0.713183581829071 0.717009007930756 0.70975399017334 0.716045141220093 0.714198648929596 0.699799180030823 0.703698337078094 0.732257962226868 0.736827194690704 0.728840529918671 0.724916756153107 0.730250895023346 0.740931749343872 0.74573826789856 0.755024909973145 0.68120151758194 0.53005450963974 0.503981173038483
0.547120690345764 0.549594044685364 0.55314713716507 0.556638479232788 0.57541698217392 0.588882923126221 0.598590195178986 0.613434374332428 0.612092196941376 0.596885204315186 0.597162544727325 0.614100873470306 0.625537514686584 0.631209313869476 0.63310980796814 0.678559303283691 0.70552271604538 0.713063895702362 0.727116227149963 0.730544686317444 0.706869602203369 0.7018101811409 0.6950723528862 0.690736949443817 0.692246496677399 0.705641627311707 0.713131725788116 0.714353621006012 0.712592899799347 0.716872215270996 0.716575503349304 0.713964402675629 0.715690732002258 0.728475689888 0.756256997585297 0.775057554244995 0.755291223526001 0.73203706741333 0.734936833381653 0.718586027622223 0.581101894378662 0.499637991189957 0.479981273412704 0.481442362070084
0.539057433605194 0.542257189750671 0.535053431987762 0.551713287830353 0.555964589118958 0.571333885192871 0.583965241909027 0.594447910785675 0.604245245456696 0.605598449707031 0.597932994365692 0.602592468261719 0.608439266681671 0.630354940891266 0.669801414012909 0.71364825963974 0.716829419136047 0.724264085292816 0.730125308036804 0.732376873493195 0.728886127471924 0.71362715959549 0.706699430942535 0.699789524078369 0.702985167503357 0.702897727489471 0.71480792760849 0.725080668926239 0.712304413318634 0.715834259986877 0.710888743400574 0.711724579334259 0.708410978317261 0.719411373138428 0.746018588542938 0.777050673961639 0.752081096172333 0.640659511089325 0.518611133098602 0.497267872095108 0.468535453081131 -3.4e+38 -3.4e+38 -3.4e+38
0.53007560968399 0.531696140766144 0.532033026218414 0.539367020130157 0.553294777870178 0.56806093454361 0.580227971076965 0.590918958187103 0.607586085796356 0.610989511013031 0.615500926971436 0.606273353099823 0.619235992431641 0.661888837814331 0.701889276504517 0.726427376270294 0.737038969993591 0.726515650749207 0.734085023403168 0.740939915180206 0.74047714471817 0.719227850437164 0.701330006122589 0.697405159473419 0.709972441196442 0.709743618965149 0.711198925971985 0.713818550109863 0.713582754135132 0.719432890415192 0.695677399635315 0.640995562076569 0.61932909488678 0.549946367740631 0.591260075569153 0.6351118683815 0.64928263425827 0.5786412358284 0.484048217535019 0.472834467887878 0.504773557186127 -3.4e+38 -3.4e+38 -3.4e+38
0.522917449474335 0.521897852420807 0.527690649032593 0.530844867229462 0.545134484767914 0.559012472629547 0.579946994781494 0.597977042198181 0.613256573677063 0.618068814277649 0.623055815696716 0.633253157138824 0.66299307346344 0.71748685836792 0.759203255176544 0.76466029882431 0.760695517063141 0.755856454372406 0.732893049716949 0.736881971359253 0.730282247066498 0.715121269226074 0.700805604457855 0.70273232460022 0.70050710439682 0.703492045402527 0.701187551021576 0.658644556999207 0.66753089427948 0.696186661720276 0.553596973419189 0.506951808929443 0.495196670293808 0.494380295276642 0.48781806230545 0.49770724773407 0.50318455696106 0.567979156970978 0.610844373703003 0.491083800792694 0.645165205001831 0.491304636001587 0.490899860858917 -3.4e+38
0.517433524131775 0.520037949085236 0.5274578332901 0.533294379711151 0.527338624000549 0.540444076061249 0.560031473636627 0.584949672222137 0.609199047088623 0.626656055450439 0.627644062042236 0.656803369522095 0.691512703895569 0.718594670295715 0.752306520938873 0.760565161705017 0.719776451587677 0.70206344127655 0.681248605251312 0.697012603282928 0.694115221500397 0.702911138534546 0.697602391242981 0.69839733839035 0.697960734367371 0.700041472911835 0.588714957237244 0.518763363361359 0.535058379173279 0.536543011665344 0.508564114570618 -3.4e+38 -3.4e+38 -3.4e+38 -3.4e+38 -3.4e+38 -3.4e+38 0.46512907743454 0.559900403022766 0.644033372402191 0.560082912445068 0.500247359275818 -3.4e+38 -3.4e+38
0.523943483829498 0.520512282848358 0.53269624710083 0.532112777233124 0.528882324695587 0.533794641494751 0.55871444940567 0.574578464031219 0.598450899124146 0.622009754180908 0.637870609760284 0.683220446109772 0.70301228761673 0.721772134304047 0.705233335494995 0.666377305984497 0.680228114128113 0.663945436477661 0.680249810218811 0.685128509998322 0.696692526340485 0.699559807777405 0.692856132984161 0.689411818981171 0.664819121360779 0.616462886333466 0.521495223045349 0.505896508693695 0.507110059261322 0.504351079463959 -3.4e+38 -3.4e+38 -3.4e+38 -3.4e+38 -3.4e+38 -3.4e+38 -3.4e+38 -3.4e+38 0.580651462078094 0.568145930767059 0.554241359233856 0.529197812080383 -3.4e+38 -3.4e+38
0.533767759799957 0.531145632266998 0.539663314819336 0.535762786865234 0.527281165122986 0.540326178073883 0.554301857948303 0.580682635307312 0.599127233028412 0.615486979484558 0.57371187210083 0.584191560745239 0.597898125648499 0.642109334468842 0.578556597232819 0.608986437320709 0.639902830123901 0.644933462142944 0.665596067905426 0.679857492446899 0.67604798078537 0.642521977424622 0.549237787723541 0.546391308307648 0.582794606685638 0.550242125988007 0.526890099048615 0.519708633422852 0.519163548946381 0.512930393218994 -3.4e+38 -3.4e+38 -3.4e+38 -3.4e+38 -3.4e+38 -3.4e+38 -3.4e+38 -3.4e+38 -3.4e+38 -3.4e+38 -3.4e+38 -3.4e+38 -3.4e+38 -3.4e+38
0.551416397094727 0.540077388286591 0.556656658649445 0.542099475860596 0.5521599650383 0.558724761009216 0.572292268276215 0.594838678836823 0.578085780143738 0.550502836704254 0.525322914123535 0.499917507171631 0.485786408185959 0.525034785270691 0.602204144001007 0.584178566932678 0.540363371372223 0.533240556716919 0.573173701763153 0.595514714717865 0.511336207389832 0.476160258054733 0.477520167827606 0.506175816059113 0.544177949428558 -3.4e+38 -3.4e+38 -3.4e+38 -3.4e+38 -3.4e+38 -3.4e+38 -3.4e+38 -3.4e+38 -3.4e+38 -3.4e+38 0.501090943813324 -3.4e+38 -3.4e+38 -3.4e+38 -3.4e+38 -3.4e+38 -3.4e+38 -3.4e+38 -3.4e+38
0.548019528388977 0.537081122398376 0.561419546604156 0.558624684810638 0.56046998500824 0.571537911891937 0.553704082965851 0.483380258083344 0.479178696870804 0.445351481437683 0.454751908779144 0.477225303649902 0.462014973163605 0.493706196546555 0.498954564332962 0.479536026716232 0.50454181432724 0.559199035167694 0.572295188903809 0.542947888374329 0.472080498933792 0.460629671812057 0.454453676939011 0.481953054666519 -3.4e+38 -3.4e+38 -3.4e+38 -3.4e+38 -3.4e+38 -3.4e+38 -3.4e+38 -3.4e+38 -3.4e+38 -3.4e+38 -3.4e+38 -3.4e+38 -3.4e+38 -3.4e+38 -3.4e+38 -3.4e+38 -3.4e+38 -3.4e+38 -3.4e+38 -3.4e+38
0.538380324840546 0.534468114376068 0.543423414230347 0.554812729358673 0.546025097370148 0.501189708709717 0.425298750400543 0.420710980892181 0.418494373559952 0.423353970050812 0.434906482696533 0.440443307161331 0.442770540714264 0.450546056032181 0.484275668859482 0.520228385925293 0.516664505004883 0.526198983192444 0.531062364578247 0.49617925286293 0.469913274049759 0.458170473575592 -3.4e+38 -3.4e+38 -3.4e+38 -3.4e+38 -3.4e+38 -3.4e+38 -3.4e+38 -3.4e+38 -3.4e+38 -3.4e+38 -3.4e+38 -3.4e+38 -3.4e+38 -3.4e+38 -3.4e+38 -3.4e+38 -3.4e+38 -3.4e+38 -3.4e+38 -3.4e+38 -3.4e+38 -3.4e+38
0.530590176582336 0.454910606145859 0.458566218614578 0.534293472766876 0.473326504230499 0.456341922283173 0.40754446387291 0.397656142711639 0.409864872694016 0.413538187742233 0.422118365764618 0.433048188686371 0.445761173963547 0.484308838844299 0.511941730976105 0.535655736923218 0.620482444763184 0.632055580615997 0.592725336551666 0.530157208442688 0.470162600278854 -3.4e+38 -3.4e+38 -3.4e+38 -3.4e+38 -3.4e+38 -3.4e+38 -3.4e+38 -3.4e+38 -3.4e+38 -3.4e+38 -3.4e+38 -3.4e+38 -3.4e+38 -3.4e+38 -3.4e+38 -3.4e+38 -3.4e+38 -3.4e+38 -3.4e+38 -3.4e+38 -3.4e+38 -3.4e+38 -3.4e+38
0.454857021570206 0.366857379674911 0.399362236261368 0.491104155778885 0.405502140522003 0.393317759037018 0.407415986061096 0.394320458173752 0.402441501617432 0.412976264953613 0.421136289834976 0.423295766115189 0.423464357852936 0.427011460065842 0.436582118272781 0.454604029655457 0.474618464708328 0.471194595098495 0.479279696941376 0.485808044672012 -3.4e+38 -3.4e+38 -3.4e+38 -3.4e+38 -3.4e+38 -3.4e+38 -3.4e+38 -3.4e+38 -3.4e+38 -3.4e+38 -3.4e+38 -3.4e+38 -3.4e+38 -3.4e+38 -3.4e+38 -3.4e+38 -3.4e+38 -3.4e+38 -3.4e+38 -3.4e+38 -3.4e+38 -3.4e+38 -3.4e+38 -3.4e+38
0.369664967060089 0.341337919235229 0.352449208498001 0.38473179936409 0.379702508449554 0.379948318004608 0.381345927715302 0.410437792539597 0.406318336725235 0.415376305580139 0.423776209354401 0.418991178274155 0.418371558189392 0.420420795679092 0.426903665065765 0.438475340604782 0.471873074769974 0.506878972053528 -3.4e+38 -3.4e+38 -3.4e+38 -3.4e+38 -3.4e+38 -3.4e+38 -3.4e+38 -3.4e+38 -3.4e+38 -3.4e+38 -3.4e+38 -3.4e+38 -3.4e+38 -3.4e+38 -3.4e+38 -3.4e+38 -3.4e+38 -3.4e+38 -3.4e+38 -3.4e+38 -3.4e+38 -3.4e+38 -3.4e+38 -3.4e+38 -3.4e+38 -3.4e+38
0.334146618843079 0.369505286216736 0.405968517065048 0.404861718416214 0.374942719936371 0.379999548196793 0.386501371860504 0.396733790636063 0.404505699872971 0.415988653898239 0.427355051040649 0.422233879566193 0.415289521217346 0.409863412380219 0.415338218212128 0.427406221628189 0.439568310976028 -3.4e+38 -3.4e+38 -3.4e+38 -3.4e+38 -3.4e+38 -3.4e+38 -3.4e+38 -3.4e+38 -3.4e+38 -3.4e+38 -3.4e+38 -3.4e+38 -3.4e+38 -3.4e+38 -3.4e+38 -3.4e+38 -3.4e+38 -3.4e+38 -3.4e+38 -3.4e+38 -3.4e+38 -3.4e+38 -3.4e+38 -3.4e+38 -3.4e+38 -3.4e+38 -3.4e+38
0.359267175197601 0.368757873773575 0.447983920574188 0.432733774185181 0.436209499835968 0.397151798009872 0.380666673183441 0.394384920597076 0.417297869920731 0.428467243909836 0.420282125473022 0.415064483880997 0.408515840768814 0.404451340436935 0.413974702358246 -3.4e+38 -3.4e+38 -3.4e+38 -3.4e+38 -3.4e+38 -3.4e+38 -3.4e+38 -3.4e+38 -3.4e+38 -3.4e+38 -3.4e+38 -3.4e+38 -3.4e+38 -3.4e+38 -3.4e+38 -3.4e+38 -3.4e+38 -3.4e+38 -3.4e+38 -3.4e+38 -3.4e+38 -3.4e+38 -3.4e+38 -3.4e+38 -3.4e+38 -3.4e+38 -3.4e+38 -3.4e+38 -3.4e+38
0.447439968585968 0.357844024896622 0.399498492479324 0.495278239250183 0.517593801021576 0.389105200767517 0.455458670854568 0.432855188846588 0.43920424580574 0.452248394489288 0.430910766124725 0.416145116090775 0.408686310052872 0.395786672830582 -3.4e+38 -3.4e+38 -3.4e+38 -3.4e+38 -3.4e+38 -3.4e+38 -3.4e+38 -3.4e+38 -3.4e+38 -3.4e+38 -3.4e+38 -3.4e+38 -3.4e+38 -3.4e+38 -3.4e+38 -3.4e+38 -3.4e+38 -3.4e+38 -3.4e+38 -3.4e+38 -3.4e+38 -3.4e+38 -3.4e+38 -3.4e+38 -3.4e+38 -3.4e+38 -3.4e+38 -3.4e+38 -3.4e+38 -3.4e+38
