data/climate_estimation/maxent_output/Alstroemeria_presliana.asc
NCOLS 96 
NROWS 264 
XLLCORNER -73.1666666666667 
YLLCORNER -39.6666666666667 
CELLSIZE 0.0833333333333333 
NODATA_value -3.4e+38 
[rows 180 to 199 of 264, columns 45 to 89 of 96]
0.000125339996884577 6.04277047386859e-05 0.00499681243672967 0.00144067441578954 2.12071827263571e-05 3.38683603331447e-05 2.38152952078963e-05 3.71489368262701e-05 2.06828790396685e-05 3.38749960064888e-05 5.50248296349309e-05 8.35358077893034e-05 0.000112674191768747 0.000130918342620134 0.000181795810931362 0.000301455176668242 0.000267167401034385 0.000238314503803849 0.000306694535538554 0.000269574549747631 0.000324629043461755 0.000323524145642295 0.000328959111357108 0.000379696459276602 0.000497790984809399 0.000563399866223335 0.000536935054697096 0.000711201224476099 0.00105376762803644 0.00160222500562668 0.00181803479790688 0.00191436393652111 0.00178776087705046 0.0020628625061363 0.00267107225954533 0.00334670138545334 0.0042832950130105 0.00632386328652501 0.0124935256317258 0.0134589448571205 0.0155526483431458 0.0155407376587391 0.0144448252394795 0.0128743266686797 0.0129688475281
0.0359266102313995 5.49835312995128e-05 0.000129883483168669 0.00162471237126738 1.52936227095779e-05 3.88654952985235e-05 3.89180568163283e-05 4.37523231084924e-05 2.62291487160837e-05 5.42474663234316e-05 8.46868206281215e-05 0.000130485801491886 0.000123262580018491 0.000203271600184962 0.000308556540403515 0.000215800318983383 0.000179406488314271 0.000215959487832151 0.000247398886131123 0.000317105965223163 0.000274915393674746 0.000275551545200869 0.000293802382657304 0.000347837514709681 0.000468983926111832 0.000501654052641243 0.000527535972651094 0.000643925333861262 0.000958838791120797 0.00123564049135894 0.00173311936669052 0.00205395673401654 0.00257118698209524 0.00249911565333605 0.00278588104993105 0.0038957039359957 0.00541564123705029 0.00779470289126039 0.016283143311739 0.0175408255308867 0.0175819955766201 0.0143461627885699 0.0151716386899352 0.0138882724568248 0.0113354213535786
0.101797357201576 7.08167281118222e-05 2.7320735171088e-05 0.00014045657007955 4.28559797001071e-05 2.09137797355652e-05 4.07309635193087e-05 3.55812771886121e-05 3.39422331308015e-05 5.0697668484645e-05 6.5523519879207e-05 0.000121167140605394 0.000159040413564071 0.000206863318453543 0.000172772532096133 0.000227491356781684 0.000192415260244161 0.000292137439828366 0.00029926429851912 0.000208132012630813 0.000329557748045772 0.000292799843009561 0.000293823482934386 0.000363430532161146 0.000419144198531285 0.000356305507011712 0.000461527291918173 0.000509877281729132 0.00086928578093648 0.0011874531628564 0.00214162259362638 0.00214848970063031 0.00302940956316888 0.00290150078944862 0.00297761289402843 0.00436330586671829 0.00526027707383037 0.00843016430735588 0.014333313331008 0.0151886027306318 0.0146623468026519 0.0121136270463467 0.0143227288499475 0.013208587653935 0.0105652334168553
0.265387117862701 2.55930426646955e-05 1.33565445139538e-05 2.68046187557047e-05 3.14178141707089e-05 1.34393749249284e-05 4.03258818550967e-05 6.3515646615997e-05 5.82367756578606e-05 9.13798794499598e-05 0.000116681265353691 0.000173578024259768 0.000271608383627608 0.000346311222529039 0.000240668465266936 0.000323195854434744 0.000270690041361377 0.000312894320813939 0.000261902227066457 0.000203315823455341 0.00017223424219992 0.00017245693015866 0.000296842394163832 0.000358604651410133 0.000224657633225434 0.000302720436593518 0.000443501834524795 0.000441834388766438 0.000711832602974027 0.00110577268060297 0.0026409684214741 0.00250510079786181 0.00323009863495827 0.00297730369493365 0.00297356233932078 0.00411106646060944 0.00554438354447484 0.00766155356541276 0.012085797265172 0.0128507083281875 0.0136147113516927 0.0111475614830852 0.0115562435239553 0.00977661367505789 0.00994650367647409
0.295120477676392 0.000129997541080229 1.40413321787491e-05 1.73367789102485e-05 7.41853409635951e-06 1.48512344821938e-05 4.99454872624483e-05 7.92511636973359e-05 6.76713025313802e-05 0.00010160673991777 0.000106375075120013 0.000329645932652056 0.000454821129096672 0.00031816100818105 0.000359780213329941 0.000253206759225577 0.000351173453964293 0.000236044914345257 0.000272822129772976 0.000211737802601419 0.000152707580127753 0.000154388166265562 0.00015387570601888 0.000154394263518043 0.000189846701687202 0.000241494795773178 0.000363537692464888 0.000429825071478263 0.000634479627478868 0.000815691368188709 0.00156405102461576 0.00241921492852271 0.00263726036064327 0.00287579954601824 0.00331196212209761 0.0041603809222579 0.00582584552466869 0.00832219421863556 0.0127726029604673 0.0133472327142954 0.00918993446975946 0.00865342281758785 0.0109542896971107 0.00836557522416115 0.00842080824077129
0.0626650527119637 0.000184584889211692 1.1560317943804e-05 9.6613985078875e-06 5.49452397535788e-06 1.38515470098355e-05 4.21212935179938e-05 5.10568570462056e-05 8.34378151921555e-05 0.000106239516753703 0.000224804360186681 0.000344170170137659 0.000388572108931839 0.000338376819854602 0.000235033774515614 0.000369719375157729 0.000182441770448349 0.000233509374083951 0.000155305111547932 0.000180230112164281 0.000179408569238149 0.000125382735859603 0.000124110563774593 0.000124535232316703 0.000157372545800172 0.000240115274209529 0.000257169536780566 0.000349110458046198 0.000512038241140544 0.000798848574049771 0.00146370893344283 0.00210875645279884 0.00198700535111129 0.00227846321649849 0.0024450474884361 0.00313383247703314 0.0059807188808918 0.00919274892657995 0.0131163615733385 0.0100085446611047 0.0105037987232208 0.0084250820800662 0.00899707246571779 0.00679940124973655 0.00728457933291793
0.00539453327655792 5.09592682647053e-05 1.13132464321097e-05 1.30997186715831e-05 1.13747228169814e-05 1.62465003086254e-05 4.35735855717212e-05 6.99032243574038e-05 7.73479187046178e-05 9.96702874545008e-05 0.000200560010853224 0.000222366579691879 0.000239268018049188 0.000303986918879673 0.000323481508530676 0.000194461070350371 0.000209942780202255 0.000237221349379979 0.000132363391458057 9.35442149057053e-05 0.000126873186673038 0.00010458572069183 9.02449464774691e-05 0.000107751009636559 0.000134603673359379 0.000200059745111503 0.000184108706889674 0.000355313677573577 0.000547767209354788 0.00108460721094161 0.00121821300126612 0.00184482545591891 0.00140989164356142 0.00197386951185763 0.00236388295888901 0.0036694856826216 0.00526358280330896 0.00741215981543064 0.0115220677107573 0.00903097633272409 0.00952352955937386 0.00574461603537202 0.00561747187748551 0.0054700830951333 0.00527894357219338
0.000718740979209542 4.06357103202026e-05 5.83252358410391e-06 6.19842467131093e-06 1.34335205075331e-05 2.03972158487886e-05 3.60455160262063e-05 7.01195531291887e-05 0.000108365675259847 0.00018153119890485 0.000186348363058642 0.00019860161410179 0.000174883040017448 0.00016148948634509 0.000199797446839511 0.000229223573114723 0.00017577207472641 0.000119741176604293 0.000129294188809581 9.20197417144664e-05 0.000105293329397682 6.95704729878344e-05 7.03085461282171e-05 7.48714373912662e-05 9.35374409891665e-05 0.000163855729624629 0.000180425748112611 0.000301078136544675 0.000357416109181941 0.000862182059790939 0.00119082815945148 0.00134033709764481 0.00127076893113554 0.0012380467960611 0.00185839075129479 0.00352699658833444 0.00518254609778523 0.00703853834420443 0.00853512808680534 0.00746171036735177 0.00611496949568391 0.00536000961437821 0.00442335987463593 0.00409029005095363 0.00406553829088807
0.00029026556876488 2.89429062831914e-05 3.92995025322307e-06 7.09161577105988e-06 1.7860595107777e-05 1.7979669792112e-05 3.12109805236105e-05 4.94129817525391e-05 8.1910467997659e-05 0.000155964531586505 0.000251964956987649 0.000236641295487061 0.000242995185544714 0.000271744764177129 0.000158695358550176 0.000117474657599814 0.000133568624733016 0.000122113269753754 8.05035961093381e-05 9.21943355933763e-05 5.08621997141745e-05 5.97669459239114e-05 5.04804447700735e-05 6.06189460086171e-05 9.2894901172258e-05 0.000137106369948015 0.000125169332022779 0.000288740789983422 0.000384101731469855 0.000665495288558304 0.00103352370206267 0.000859463645610958 0.000937576871365309 0.00114908558316529 0.00170150783378631 0.0024186794180423 0.00381363206543028 0.00545700173825026 0.00694593647494912 0.00681572733446956 0.0055374288931489 0.00505192438140512 0.00324149616062641 0.00348267913796008 0.00315724802203476
0.000487914658151567 1.65072669915389e-05 3.55259840034705e-06 8.58255407365505e-06 1.98292473214678e-05 2.24217092181789e-05 4.51636115030851e-05 6.5635671489872e-05 0.000114656708319671 0.000128904604935087 0.000209628866286948 0.000268608884653077 0.000264028523815796 0.000149298153701238 0.000190963881323114 0.000175442080944777 8.26855975901708e-05 8.90672308742069e-05 8.37495535961352e-05 5.49808719370048e-05 5.40274595550727e-05 4.80560265714303e-05 4.01221877837088e-05 4.37163653259631e-05 6.33750532870181e-05 9.88413812592626e-05 0.000126106271636672 0.000245726696448401 0.000357113342033699 0.000442598771769553 0.000634528754744679 0.000712311244569719 0.000827776093501598 0.000749677943531424 0.0010877437889576 0.00139120244421065 0.00282932166010141 0.00381130166351795 0.004327901173383 0.00596371432766318 0.00419161561876535 0.0034470499958843 0.00303403381258249 0.00270586530677974 0.00228648725897074
0.000520925270393491 1.55464549607132e-05 4.27414533987758e-06 1.20734821393853e-05 2.62052926700562e-05 3.7741832784377e-05 5.63725479878485e-05 0.000111484980152454 9.79844407993369e-05 0.000144146484672092 0.000224374976824038 0.000260759581578895 0.000259570690104738 0.000137759358040057 0.000153295302879997 0.0001120939195971 9.74609210970812e-05 7.92388018453494e-05 6.11217037658207e-05 4.75143715448212e-05 5.28414457221515e-05 4.07591651310213e-05 4.75664855912328e-05 6.03823064011522e-05 7.70333426771685e-05 7.42711563361809e-05 0.000132537097670138 0.000119699332572054 0.000229549943469465 0.000424484111135826 0.000387313601095229 0.000466352270450443 0.000528752221725881 0.000669427041430026 0.000960826757363975 0.00150433066301048 0.00200331932865083 0.00278114341199398 0.00352033763192594 0.00354714621789753 0.00338580529205501 0.00279513909481466 0.00196356745436788 0.00195832410827279 0.00165079801809043
0.00199260399676859 1.86657616723096e-05 5.66957578485017e-06 1.74344204424415e-05 3.38339195877779e-05 4.11459259339608e-05 6.60055884509347e-05 8.22308429633267e-05 0.00010987061978085 0.000161558418767527 0.000212741462746635 0.000225615818635561 0.000248710188316181 0.00015436825924553 0.000124251731904224 8.54767567943782e-05 6.35721953585744e-05 6.66558335069567e-05 6.18968479102477e-05 6.17655168753117e-05 5.12482474732678e-05 5.19473178428598e-05 4.38829883933067e-05 3.93209811591078e-05 5.7428449508734e-05 8.75827317941003e-05 0.000107084655610379 0.000125743594253436 0.000156536043505184 0.000258123036473989 0.000326121924445033 0.000402111007133499 0.000433340552262962 0.000548029551282525 0.000579861749429256 0.00116195634473115 0.00153192330617458 0.00222106464207172 0.0026205088943243 0.00251512904651463 0.00253988103941083 0.00185509980656207 0.00173466780688614 0.00141460413578898 0.00106963340658695
0.033784095197916 5.5213226005435e-05 4.79587288282346e-06 1.92258394235978e-05 5.32402882527094e-05 4.53418542747386e-05 6.09727285336703e-05 8.05734598543495e-05 8.68416027515195e-05 0.000178211543243378 0.000152826134581119 0.000202615192392841 0.000210796395549551 0.000169308274053037 9.76249575614929e-05 8.17599720903672e-05 9.82199999270961e-05 7.28270970284939e-05 4.79676964459941e-05 4.6221750380937e-05 4.97481487400364e-05 4.17890551034361e-05 4.75689375889488e-05 5.79145998926833e-05 5.78243925701827e-05 9.25746862776577e-05 0.000107351093902253 0.000119923286547419 0.000152645050548017 0.000240737717831507 0.000286837370367721 0.00032791227567941 0.000411108892876655 0.000460446812212467 0.000553002755623311 0.000668316904921085 0.00117643433623016 0.00174350396264344 0.00196155579760671 0.00183656648732722 0.00167741195764393 0.00167741195764393 0.00137508974876255 0.000886544410604984 0.000950093497522175
0.0381580628454685 0.000117183859401848 4.15444128520903e-06 2.21619684452889e-05 5.81162676098756e-05 9.89268810371868e-05 4.75525994261261e-05 5.03611408930738e-05 7.53139902371913e-05 0.000119540607556701 0.000189417813089676 0.000149565254105255 0.000152690743561834 0.000140656309667975 7.75142034399323e-05 0.000101098186860327 8.79326034919359e-05 6.2296494434122e-05 5.83674700465053e-05 3.60630619979929e-05 4.42122400272638e-05 5.28481359651778e-05 4.35100228060037e-05 4.23408309870865e-05 7.27596998331137e-05 6.65315892547369e-05 8.45402173581533e-05 0.000103217280411627 0.000128231011331081 0.000200280483113602 0.000226832315092906 0.000286725291516632 0.000361244514351711 0.000443264027126133 0.000446168822236359 0.0006432039081119 0.00097639171872288 0.00122370198369026 0.00112577434629202 0.00169482443016022 0.0012189676053822 0.00103899696841836 0.000860328029375523 0.00104169128462672 0.000746173085644841
0.0435544103384018 0.00316104223020375 3.25789460475789e-06 1.28938308989746e-05 3.91081375710201e-05 5.69237672607414e-05 7.08486695657484e-05 5.6279623095179e-05 7.17486545909196e-05 0.000122565470519476 0.00010970477887895 0.000117135037726257 0.000149129846249707 0.000101363875728566 8.9640794612933e-05 6.53205279377289e-05 5.69521253055427e-05 5.84228910156526e-05 4.72218853246886e-05 4.46025951532647e-05 5.62803834327497e-05 3.67517059203237e-05 5.3698353440268e-05 4.58532085758634e-05 5.7101009588223e-05 5.48684947716538e-05 8.24358212412335e-05 9.432638034923e-05 0.00013570164446719 0.000167433026945218 0.000175199267687276 0.000206170327146538 0.000248728407314047 0.000306508736684918 0.000445480894995853 0.000565020658541471 0.000708882056642324 0.000829857599455863 0.000989595660939813 0.000895208213478327 0.00102282327134162 0.000878963677678257 0.000928725756239146 0.000828009389806539 0.000704150064848363
0.239662870764732 0.00491662649437785 4.69712176709436e-06 7.83186533226399e-06 2.15304735320387e-05 3.78059812646825e-05 4.87261349917389e-05 3.61139755113982e-05 5.98297847318463e-05 7.67477104091085e-05 0.000143698809552006 0.000175102191860788 0.000107082072645426 0.000106245977804065 7.56464141886681e-05 6.92014655214734e-05 6.94024711265229e-05 6.46952685201541e-05 5.09114579472225e-05 4.03089834435377e-05 3.51665948983282e-05 4.7261386498576e-05 4.02747573389206e-05 5.71754499105737e-05 5.74562509427778e-05 5.99655795667786e-05 8.73460303409956e-05 8.50149008329026e-05 0.000102678233815823 0.000139910713187419 0.000174730608705431 0.00015658195479773 0.000207852179300971 0.00026684338808991 0.000434241228504106 0.000525565119460225 0.000604229921009392 0.000606834539212286 0.000682204030454159 0.000623406667727977 0.000817737483885139 0.000706317485310137 0.000621888611931354 0.000507630116771907 0.000666743144392967
0.124762676656246 0.0109308650717139 4.45997138740495e-05 3.97711801269907e-06 1.02482354122913e-05 2.09115260076942e-05 4.27881932409946e-05 6.10497081652284e-05 6.53980314382352e-05 8.96375422598794e-05 9.24103806028143e-05 0.000122836849186569 0.000117749004857615 8.10097408248112e-05 9.33365154196508e-05 7.79879628680646e-05 6.16710094618611e-05 4.79005757370032e-05 3.76202369807288e-05 4.08386513299774e-05 3.77254546037875e-05 5.10584832227323e-05 4.24472964368761e-05 3.48301437043119e-05 5.96449244767427e-05 5.88803668506444e-05 7.41836702218279e-05 8.75393016031012e-05 9.24068954191171e-05 0.000116746559797321 0.000121322256745771 0.000149913990753703 0.000166181373060681 0.000234294740948826 0.000462341500679031 0.000479469716083258 0.000493017781991512 0.000453903514426202 0.000611722993198782 0.000522342976182699 0.000474042404675856 0.000450823339633644 0.000538567372132093 0.00046202473458834 0.000490102218464017
0.254139363765717 0.0211348496377468 0.000198951602214947 4.5547089939646e-06 5.30632678419352e-06 1.32521672639996e-05 2.45077844738262e-05 4.56646776001435e-05 5.27652227901854e-05 7.86294040153734e-05 9.69498869380914e-05 8.89611546881497e-05 8.6511681729462e-05 8.07786054792814e-05 6.89623338985257e-05 6.4435247622896e-05 5.66267081012484e-05 4.79303707834333e-05 4.54001819889527e-05 4.08386513299774e-05 4.05370119551662e-05 3.38385834766086e-05 3.86679312214255e-05 3.71441492461599e-05 5.74554615013767e-05 5.20262728969101e-05 6.0506550653372e-05 7.6038071711082e-05 9.26909997360781e-05 9.84338912530802e-05 0.000118941658001859 0.00012419892300386 0.00015799596440047 0.00020841411605943 0.000322838663123548 0.000435062567703426 0.000465041463030502 0.000420882395701483 0.000350751099176705 0.000480886257719249 0.000415750779211521 0.000455892703030258 0.000392958580050617 0.000497679226100445 0.00043785001616925
0.120441742241383 0.00664457958191633 0.000306363188428804 3.30293769366108e-05 5.07486493006581e-06 7.77098375692731e-06 1.5738825823064e-05 4.29485371569172e-05 3.59115801984444e-05 6.44270330667496e-05 7.03088808222674e-05 7.86657110438682e-05 8.49140924401581e-05 7.34847781131975e-05 7.2062000981532e-05 5.10605677845888e-05 4.02725345338695e-05 5.14806524734013e-05 4.78213478345424e-05 4.17884075432085e-05 4.01866163883824e-05 3.39433645422105e-05 3.80074088752735e-05 3.709819065989e-05 3.7878464354435e-05 5.24773931829259e-05 5.48427524336148e-05 5.48553434782661e-05 7.92057035141625e-05 8.15233142930083e-05 8.4876868641004e-05 0.000105678707768675 0.000131820910610259 0.000248533731792122 0.00023697099823039 0.000280761742033064 0.000238087377510965 0.000345160602591932 0.000355354452040046 0.000293733202852309 0.000308696035062894 0.00032149552134797 0.000334883545292541 0.000359880476025864 0.00038161754491739
0.0472564287483692 0.00409396784380078 0.000451887142844498 6.22345542069525e-05 3.01399941236014e-05 5.19612194693764e-06 8.29546388558811e-06 2.77297804132104e-05 3.48881876561791e-05 5.2743711421499e-05 6.7130196839571e-05 7.51633124309592e-05 6.26425244263373e-05 7.58064416004345e-05 5.18875822308473e-05 6.2682265706826e-05 3.9362446841551e-05 3.381732312846e-05 2.9893801183789e-05 3.15892684739083e-05 3.1647396099288e-05 3.05327921523713e-05 3.41747072525322e-05 3.36944649461657e-05 3.22464948112611e-05 4.69432634417899e-05 4.54140790679958e-05 4.50938387075439e-05 5.46374503755942e-05 6.62892853142694e-05 8.03037401055917e-05 8.46985349198803e-05 0.000107994244899601 0.000165837263921276 0.000285173096926883 0.000238692591665313 0.000283287547063082 0.000261678593233228 0.000229982906603254 0.000212464176001959 0.000229643803322688 0.000206423603231087 0.000311202427837998 0.000268900184892118 0.000283066707197577
