data/climate_estimation/maxent_output/Alstroemeria_psittacina.asc
NCOLS 310 
NROWS 287 
XLLCORNER -66.6666666666667 
YLLCORNER -36.3333333333333 
CELLSIZE 0.0833333333333333 
NODATA_value -3.4e+38 
[rows 168 to 188 of 287, columns 0 to 46 of 310]
0.00315891951322556 0.0046545434743166 0.00356723531149328 0.00415040878579021 0.00479463068768382 0.00427631568163633 0.00561772519722581 0.00510767614468932 0.0127798086032271 0.00699996529147029 0.00869090855121613 0.00759005034342408 0.0206870567053556 0.15295447409153 0.218607097864151 0.208608821034431 0.220509991049767 0.233165889978409 0.222630813717842 0.219242468476295 0.202360466122627 0.208270728588104 0.186635449528694 0.181991085410118 0.290957361459732 0.279868423938751 0.297640353441238 0.28843942284584 0.283689498901367 0.270669013261795 0.251747906208038 0.25052011013031 0.246886521577835 0.243894085288048 0.235445439815521 0.242487400770187 0.237211436033249 0.247986137866974 0.249751925468445 0.247529327869415 0.25732159614563 0.27628093957901 0.273162454366684 0.281570196151733 0.301306664943695 0.304185599088669 0.303824067115784
0.00305255991406739 0.00378415826708078 0.00334856798872352 0.00521789072081447 0.00334863550961018 0.00430511962622404 0.00654568150639534 0.0103893997147679 0.0127099901437759 0.00646265922114253 0.0067586125805974 0.0110783772543073 0.0233777109533548 0.133456036448479 0.176970615983009 0.299693286418915 0.298449456691742 0.344364792108536 0.238320112228394 0.218937441706657 0.206029385328293 0.199362203478813 0.202935099601746 0.190480202436447 0.298345893621445 0.294282138347626 0.294506043195724 0.287807464599609 0.264665096998215 0.256393104791641 0.245320126414299 0.248312070965767 0.244417175650597 0.2390958070755 0.238189652562141 0.235224440693855 0.248722940683365 0.24349182844162 0.251832097768784 0.247808963060379 0.271798402070999 0.271594375371933 0.274268597364426 0.294988185167313 0.301545530557632 0.314240902662277 0.325173109769821
0.0034332990180701 0.00436520343646407 0.00393385533243418 0.00289476197212934 0.00360473012551665 0.00572611251845956 0.00415725912898779 0.00633420702069998 0.00704830884933472 0.00581419514492154 0.0106145283207297 0.0106022758409381 0.0190587285906076 0.0581185184419155 0.169247880578041 0.279508799314499 0.361865669488907 0.342952877283096 0.298304498195648 0.20380699634552 0.205416038632393 0.195021092891693 0.195069953799248 0.182312503457069 0.17020583152771 0.285088121891022 0.27266001701355 0.269551038742065 0.263025671243668 0.245430663228035 0.241765305399895 0.237786531448364 0.242752015590668 0.229009076952934 0.23483569920063 0.254329174757004 0.238127484917641 0.244373604655266 0.245592758059502 0.272961318492889 0.278803616762161 0.271041750907898 0.298168450593948 0.293593347072601 0.297796845436096 0.3095543384552 0.327489137649536
0.00269046681933105 0.00519027234986424 0.004656539298594 0.00291017023846507 0.00319594610482454 0.00638566259294748 0.00404417049139738 0.00610178336501122 0.00542809581384063 0.00794930569827557 0.00763834360986948 0.00999510381370783 0.0210337676107883 0.169621407985687 0.298938006162643 0.294428586959839 0.27014485001564 0.323987364768982 0.319866448640823 0.199089452624321 0.190472662448883 0.199947610497475 0.194684863090515 0.172433584928513 0.168213039636612 0.158424407243729 0.256615310907364 0.251679271459579 0.246038347482681 0.231973424553871 0.237832650542259 0.237429276108742 0.233525022864342 0.229982689023018 0.231082111597061 0.249666035175323 0.239396959543228 0.253699362277985 0.244598478078842 0.25960698723793 0.265892326831818 0.26745867729187 0.296251654624939 0.293933808803558 0.302417933940887 0.305024981498718 0.327997893095016
0.00405490584671497 0.00450627598911524 0.00302230985835195 0.00352492253296077 0.00387064064852893 0.00538129406049848 0.00697670876979828 0.00882865954190493 0.00727115198969841 0.00933201983571053 0.0129395173862576 0.0108753144741058 0.0264755543321371 0.228003665804863 0.341880232095718 0.310490727424622 0.396254539489746 0.340481013059616 0.304355651140213 0.306514382362366 0.202733099460602 0.207688957452774 0.284753978252411 0.146489664912224 0.152450457215309 0.159792602062225 0.153768450021744 0.22723089158535 0.227771207690239 0.219096571207047 0.229802161455154 0.220019727945328 0.222122773528099 0.216845020651817 0.232730522751808 0.234853461384773 0.243114039301872 0.237017542123795 0.257943451404572 0.264670133590698 0.257956653833389 0.295979797840118 0.292176961898804 0.29229474067688 0.290564328432083 0.308685719966888 0.331923633813858
0.00489115575328469 0.00445297220721841 0.0028004904743284 0.00326569238677621 0.00680751027539372 0.00639443658292294 0.00755958305671811 0.00945903267711401 0.0102188680320978 0.0102705359458923 0.0169303715229034 0.0444799326360226 0.0377626419067383 0.29562646150589 0.370587259531021 0.351606130599976 0.492594212293625 0.409466654062271 0.337946355342865 0.330398201942444 0.211312055587769 0.314872473478317 0.168709009885788 0.139892935752869 0.137579217553139 0.136579036712646 0.13247948884964 0.135148286819458 0.207779258489609 0.211540177464485 0.215225458145142 0.204643025994301 0.219516322016716 0.224829271435738 0.230537936091423 0.235252022743225 0.23467655479908 0.237349212169647 0.262117981910706 0.256031364202499 0.263556152582169 0.290954887866974 0.283672749996185 0.291697859764099 0.303709447383881 0.304461777210236 0.327251046895981
0.0044143539853394 0.00559652782976627 0.00529606221243739 0.00585760502144694 0.00763096706941724 0.00681116618216038 0.00805049855262041 0.00829340703785419 0.0106281200423837 0.0093297204002738 0.0208535511046648 0.0544747114181519 0.165514439344406 0.380728721618652 0.418346971273422 0.575389802455902 0.542456924915314 0.491557478904724 0.418957382440567 0.376867830753326 0.240778118371964 0.214413776993752 0.179419338703156 0.20816145837307 0.0941968709230423 0.0930531173944473 0.0940774008631706 0.10145391523838 0.197631105780602 0.209587067365646 0.207317605614662 0.209400802850723 0.211923167109489 0.213357627391815 0.231789067387581 0.232976257801056 0.232470825314522 0.237560749053955 0.243454337120056 0.258352696895599 0.259274214506149 0.283835589885712 0.28626224398613 0.295216917991638 0.300071716308594 0.302594214677811 0.335500627756119
0.00442090863361955 0.00513886008411646 0.00564589025452733 0.00613578129559755 0.0066419024951756 0.00695905881002545 0.00764032267034054 0.0094246743246913 0.00918784365057945 0.0131173394620419 0.0646912232041359 0.146753296256065 0.406276285648346 0.483199119567871 0.669384062290192 0.630496680736542 0.591321587562561 0.550412178039551 0.492818027734756 0.411906480789185 0.37815073132515 0.318760365247726 0.263071835041046 0.130698695778847 0.0846345350146294 0.0872267857193947 0.0911067575216293 0.144837900996208 0.147822365164757 0.1952835470438 0.202887013554573 0.202045649290085 0.206048995256424 0.204046785831451 0.222896158695221 0.233311757445335 0.234389260411263 0.251123905181885 0.252155482769012 0.250616431236267 0.278961926698685 0.277382850646973 0.288053393363953 0.284311681985855 0.28383457660675 0.29462131857872 0.324379235506058
0.00539874099195004 0.00607940182089806 0.00653340760618448 0.00694607617333531 0.0073689641430974 0.00786050036549568 0.0113687487319112 0.00686570629477501 0.00981731340289116 0.0371138341724873 0.212291896343231 0.389343112707138 0.483068645000458 0.513434767723083 0.689927518367767 0.678597152233124 0.645662784576416 0.605020523071289 0.554629743099213 0.475190311670303 0.296031624078751 0.341992974281311 0.266246199607849 0.204439714550972 0.115657307207584 0.137089014053345 0.13990817964077 0.142567113041878 0.152161240577698 0.18584942817688 0.195929005742073 0.193874374032021 0.200346261262894 0.209104761481285 0.222302943468094 0.217624008655548 0.223708778619766 0.238880231976509 0.252512127161026 0.255059868097305 0.277605086565018 0.27324190735817 0.279023438692093 0.284441828727722 0.282214343547821 0.317354410886765 0.31277459859848
0.00642226450145245 0.0052871280349791 0.00603034067898989 0.0100827133283019 0.0103160496801138 0.0110437888652086 0.00759955355897546 0.00804117135703564 0.0308997016400099 0.127968743443489 0.352352142333984 0.451082527637482 0.501258313655853 0.535275995731354 0.540694534778595 0.721011340618134 0.692090153694153 0.64222639799118 0.611148953437805 0.533063769340515 0.42795330286026 0.347881495952606 0.19838784635067 0.226407453417778 0.187290728092194 0.186237677931786 0.145755082368851 0.145859628915787 0.184378951787949 0.190442442893982 0.194393381476402 0.188146635890007 0.199578389525414 0.193184122443199 0.217291206121445 0.211979150772095 0.219763606786728 0.239140570163727 0.247307524085045 0.241012319922447 0.273276150226593 0.273926496505737 0.275441467761993 0.282923549413681 0.273648679256439 0.313439249992371 0.328890472650528
0.00578876025974751 0.00949323829263449 0.0101526649668813 0.0108605725690722 0.0112706925719976 0.00875085033476353 0.00871164258569479 0.0146721079945564 0.0516325756907463 0.253591239452362 0.378821223974228 0.44218185544014 0.485727697610855 0.530609607696533 0.709804654121399 0.518865585327148 0.522000789642334 0.65012538433075 0.621538460254669 0.534429907798767 0.438791692256927 0.365489721298218 0.287472426891327 0.243850365281105 0.229614034295082 0.185287401080132 0.197050794959068 0.187603741884232 0.188700407743454 0.181520879268646 0.190087348222733 0.187913939356804 0.196420297026634 0.210602447390556 0.214807599782944 0.222166419029236 0.235771238803864 0.230758026242256 0.24078580737114 0.24509459733963 0.263630628585815 0.274125337600708 0.276866853237152 0.273572891950607 0.289604187011719 0.322402536869049 0.324373036623001
0.0098681477829814 0.0102388970553875 0.00897909980267286 0.00962854269891977 0.0108095556497574 0.0122650135308504 0.0138702681288123 0.0290125608444214 0.0641000345349312 0.266057819128036 0.381748706102371 0.463176488876343 0.49764609336853 0.524354219436646 0.538636744022369 0.698996126651764 0.662662327289581 0.644863843917847 0.610870003700256 0.540962517261505 0.447138398885727 0.358829617500305 0.297744601964951 0.266720741987228 0.232337653636932 0.203222796320915 0.194831699132919 0.201474353671074 0.19313257932663 0.184517070651054 0.190057039260864 0.192961052060127 0.191011607646942 0.196361944079399 0.211008191108704 0.212912514805794 0.229295924305916 0.239507645368576 0.236402094364166 0.255242735147476 0.265716016292572 0.269699841737747 0.259076178073883 0.272077232599258 0.291708588600159 0.310689091682434 0.315442532300949
0.00782577600330114 0.0100193480029702 0.0113789830356836 0.0160189568996429 0.0183937046676874 0.0122178550809622 0.0198100004345179 0.0297050680965185 0.036803063005209 0.171268835663795 0.355432718992233 0.438550502061844 0.480269342660904 0.674215734004974 0.506769061088562 0.671440362930298 0.64092892408371 0.633653223514557 0.59582793712616 0.534244656562805 0.442591965198517 0.382571697235107 0.302408576011658 0.268802791833878 0.226720914244652 0.224510714411736 0.21472592651844 0.2024115473032 0.18924506008625 0.197452276945114 0.189494118094444 0.186816051602364 0.194794073700905 0.202405616641045 0.208998128771782 0.214080914855003 0.232629343867302 0.23395910859108 0.237112492322922 0.247858941555023 0.253889739513397 0.258445799350739 0.259447693824768 0.266142189502716 0.29476261138916 0.297111123800278 0.304864138364792
0.00847398955374956 0.0123755149543285 0.0173423811793327 0.0243018642067909 0.0196890402585268 0.0166708324104548 0.0256435684859753 0.0301811005920172 0.0362607389688492 0.108816251158714 0.294549226760864 0.388811320066452 0.610900521278381 0.631435036659241 0.639074802398682 0.643984258174896 0.618552505970001 0.60794597864151 0.584736764431 0.490489095449448 0.428580820560455 0.376990437507629 0.304669231176376 0.27424544095993 0.242032155394554 0.234544828534126 0.204705789685249 0.205462321639061 0.198342189192772 0.190180823206902 0.194388464093208 0.197084024548531 0.213928461074829 0.207985207438469 0.211250171065331 0.217353343963623 0.212589576840401 0.228617206215858 0.231129929423332 0.243726477026939 0.250021636486053 0.266523838043213 0.261918365955353 0.255320459604263 0.294050544500351 0.304802060127258 0.298678755760193
0.0201888121664524 0.0427140630781651 0.0314771011471748 0.0368030183017254 0.0365828350186348 0.025682121515274 0.0197403263300657 0.0293341297656298 0.027778085321188 0.0889750346541405 0.265350788831711 0.508882939815521 0.575990200042725 0.607118427753448 0.601053953170776 0.612837791442871 0.58408534526825 0.579167306423187 0.506875395774841 0.471494525671005 0.416191011667252 0.359643518924713 0.318953514099121 0.288339495658875 0.253725856542587 0.246084958314896 0.211257740855217 0.198237210512161 0.20183664560318 0.193834587931633 0.192545160651207 0.184267714619637 0.200796753168106 0.202049806714058 0.208471700549126 0.217317789793015 0.215141385793686 0.219705194234848 0.245820805430412 0.238580822944641 0.245339840650558 0.243397429585457 0.258129477500916 0.25630721449852 0.285422742366791 0.303003489971161 0.300477057695389
0.039811622351408 0.0287814326584339 0.0338374935090542 0.0401026755571365 0.0540082156658173 0.0631317272782326 0.0281446129083633 0.0227821655571461 0.0454213730990887 0.0568459443747997 0.181401342153549 0.243696361780167 0.517064929008484 0.562263548374176 0.560345768928528 0.557808101177216 0.557560205459595 0.528422355651855 0.471157371997833 0.435104578733444 0.37868720293045 0.342198520898819 0.31834203004837 0.287201255559921 0.271076858043671 0.237861752510071 0.208236858248711 0.205698445439339 0.198641091585159 0.187847107648849 0.190031334757805 0.191822469234467 0.197001412510872 0.200580015778542 0.220705062150955 0.21190045773983 0.207038268446922 0.214636281132698 0.227090507745743 0.227289378643036 0.229874894022942 0.241279616951942 0.244212120771408 0.263704299926758 0.273510068655014 0.293343216180801 0.296461462974548
0.0396921597421169 0.025818333029747 0.0360040441155434 0.0715413838624954 0.0876733288168907 0.0678409785032272 0.0345031283795834 0.0282705537974834 0.043344609439373 0.0673857182264328 0.105880342423916 0.135830238461494 0.369498074054718 0.43169891834259 0.466084897518158 0.473846882581711 0.465693235397339 0.449647158384323 0.420234084129333 0.395436704158783 0.362117439508438 0.334423154592514 0.30434662103653 0.287859797477722 0.265716940164566 0.229822143912315 0.213907897472382 0.198382034897804 0.194155633449554 0.191913083195686 0.193468034267426 0.201991215348244 0.197139486670494 0.205571264028549 0.217903718352318 0.204119682312012 0.207768172025681 0.223175093531609 0.224950850009918 0.22592568397522 0.230076625943184 0.235913336277008 0.236075401306152 0.256832659244537 0.278509467840195 0.286655396223068 0.297133594751358
0.037678737193346 0.039334412664175 0.0542240887880325 0.0663253515958786 0.0832601487636566 0.0951917544007301 0.0354848727583885 0.0282245445996523 0.0412768162786961 0.0694990754127502 0.0743153169751167 0.114324614405632 0.263102024793625 0.334198445081711 0.367187649011612 0.387035548686981 0.383577585220337 0.368122398853302 0.370367616415024 0.338090151548386 0.32177746295929 0.298388242721558 0.284682095050812 0.273161441087723 0.269545882940292 0.235039994120598 0.233515009284019 0.192469656467438 0.19605752825737 0.193259462714195 0.204493805766106 0.203844830393791 0.207610636949539 0.201736703515053 0.207040265202522 0.205660670995712 0.200040385127068 0.21967776119709 0.210444584488869 0.213939025998116 0.225625306367874 0.229050174355507 0.23659473657608 0.264372199773788 0.275950461626053 0.287544757127762 0.298349261283875
0.0354718007147312 0.036940012127161 0.0482894480228424 0.064628042280674 0.0692964494228363 0.0800824910402298 0.0394171252846718 0.0252081118524075 0.04476023837924 0.0618997849524021 0.0722296535968781 0.103444613516331 0.207136616110802 0.28185310959816 0.30379456281662 0.308456093072891 0.31629690527916 0.318559914827347 0.319500118494034 0.312871992588043 0.29938206076622 0.28149601817131 0.286684274673462 0.268715798854828 0.255932450294495 0.229681044816971 0.221069097518921 0.206178411841393 0.205412268638611 0.203253820538521 0.198709219694138 0.194496020674706 0.21174231171608 0.197023823857307 0.206665232777596 0.196843340992928 0.215782657265663 0.219491064548492 0.217797517776489 0.214830741286278 0.221465051174164 0.233402326703072 0.241717457771301 0.260986387729645 0.272597134113312 0.28711411356926 0.319902777671814
0.0343467071652412 0.0394787639379501 0.0456870347261429 0.0535611733794212 0.0586844086647034 0.061922799795866 0.0363099202513695 0.0233181547373533 0.0441662631928921 0.08109200745821 0.0655535459518433 0.096584215760231 0.17004331946373 0.222736120223999 0.235292911529541 0.242468535900116 0.249006494879723 0.269044458866119 0.278326004743576 0.274040728807449 0.26610267162323 0.265892416238785 0.267876327037811 0.242583200335503 0.250799745321274 0.237814858555794 0.219643712043762 0.210429266095161 0.199471816420555 0.195439264178276 0.189275920391083 0.201934352517128 0.213377714157104 0.194478139281273 0.197300240397453 0.202335312962532 0.204061716794968 0.206541642546654 0.209099054336548 0.205949246883392 0.214799433946609 0.237869992852211 0.247072160243988 0.255331426858902 0.266700655221939 0.273888528347015 0.307617396116257
0.0298495590686798 0.0376265719532967 0.0414472334086895 0.05090107396245 0.0545382238924503 0.0562154650688171 0.0386123694479465 0.0222690235823393 0.0343449898064137 0.0646354332566261 0.0981612130999565 0.117156706750393 0.144102603197098 0.181375712156296 0.199404358863831 0.210492044687271 0.230479568243027 0.235703215003014 0.250758409500122 0.236073851585388 0.241155326366425 0.248759269714355 0.255778253078461 0.244224265217781 0.235632985830307 0.227429434657097 0.218326196074486 0.197740241885185 0.197886824607849 0.203820168972015 0.202091366052628 0.203771114349365 0.200243979692459 0.198518440127373 0.208007752895355 0.204323783516884 0.201762899756432 0.2034692466259 0.20804637670517 0.20696909725666 0.208063080906868 0.230753466486931 0.239960730075836 0.253333389759064 0.270200878381729 0.29878830909729 0.301536828279495
