data/climate_estimation/maxent_output/Alstroemeria_ligtu.asc
NCOLS 153 
NROWS 400 
XLLCORNER -77.5833333333333 
YLLCORNER -41.75 
CELLSIZE 0.0833333333333333 
NODATA_value -3.4e+38 
[rows 374 to 395 of 400, columns 51 to 101 of 153]
0.216807574033737 0.299105793237686 0.392866432666779 0.383193343877792 0.307912766933441 0.259661495685577 0.260010331869125 0.256946206092834 0.212336808443069 0.215112492442131 0.248598977923393 0.240330636501312 0.288206338882446 0.305238604545593 0.212854906916618 0.216884225606918 0.260681658983231 0.275715500116348 0.280383318662643 0.244669452309608 0.263531535863876 0.236148193478584 0.270146280527115 0.42642080783844 0.51912534236908 0.51257985830307 0.557632625102997 0.69451105594635 0.740002453327179 0.63628476858139 0.608453929424286 0.525501549243927 0.392403393983841 0.242929026484489 0.146577000617981 0.0988085269927979 0.0751071274280548 0.043680164963007 0.0248799584805965 0.0131232691928744 0.00771441077813506 0.00586795946583152 0.00258364132605493 0.000843892921693623 0.000526723568327725 0.000450825697043911 0.000314522796543315 0.000208789351745509 0.000199621412320994 0.000121478267828934 9.96626113192178e-05
0.237160071730614 0.378284305334091 0.396176278591156 0.378480702638626 0.376772701740265 0.368408024311066 0.311086535453796 0.286738902330399 0.332400739192963 0.25969272851944 0.262373089790344 0.257824569940567 0.277236759662628 0.287526339292526 0.189197018742561 0.212718173861504 0.271001607179642 0.290584564208984 0.268596202135086 0.242653235793114 0.310518324375153 0.315485149621964 0.299253344535828 0.365384340286255 0.503669142723083 0.635567307472229 0.650582730770111 0.707615852355957 0.765901505947113 0.743665158748627 0.604140818119049 0.578738391399384 0.374728471040726 0.269427627325058 0.164345502853394 0.116954535245895 0.0735994800925255 0.0610841326415539 0.0344441644847393 0.0188504997640848 0.0105477431789041 0.00648687267675996 0.00165104318875819 0.0011643311008811 0.000806895724963397 0.000613319803960621 0.00042518851114437 0.000302870874293149 0.000190836188266985 0.000112106528831646 0.000106050800241064
0.282106876373291 0.380797207355499 0.329828798770905 0.396150261163712 0.411796540021896 0.33784282207489 0.32436016201973 0.326419144868851 0.303080558776855 0.255560755729675 0.286773145198822 0.274054318666458 0.217111140489578 0.212457090616226 0.301934957504272 0.247129753232002 0.279552668333054 0.249259054660797 0.274086743593216 0.252919226884842 0.28271210193634 0.330641269683838 0.3572758436203 0.398274272680283 0.558407843112946 0.624201953411102 0.710727095603943 0.764868795871735 0.812493145465851 0.794769048690796 0.673734486103058 0.499726444482803 0.426184386014938 0.289081394672394 0.170742318034172 0.137023821473122 0.0965763404965401 0.0499376468360424 0.033622320741415 0.0170899834483862 0.0100587895140052 0.00544897606596351 0.00173447094857693 0.00120474200230092 0.000767487334087491 0.000621129525825381 0.000448858627351001 0.000275308411801234 0.000186780162039213 0.000140326621476561 8.77140919328667e-05
0.3045614361763 0.381573706865311 0.321057140827179 0.256733894348145 0.279788970947266 0.237928569316864 0.366882145404816 0.359912037849426 0.379431426525116 0.309993743896484 0.268921464681625 0.193195626139641 0.257727593183517 0.255467802286148 0.279766410589218 0.23175422847271 0.237197920680046 0.252762913703918 0.252591639757156 0.237496539950371 0.235840633511543 0.273268312215805 0.340798169374466 0.377635061740875 0.510842084884644 0.641807496547699 0.699490010738373 0.828505158424377 0.718834757804871 0.802973091602325 0.732543408870697 0.546154975891113 0.288055777549744 0.282474100589752 0.217886477708817 0.125406578183174 0.0929664224386215 0.0702987164258957 0.0448545478284359 0.0162677671760321 0.0101485624909401 0.00290961656719446 0.00169492384884506 0.00164366711396724 0.00102295761462301 0.000747949525248259 0.000656893826089799 0.000443406810518354 0.000226499003474601 0.000184697724762373 0.000124346886877902
0.254607528448105 0.233046323060989 0.370486885309219 0.258785575628281 0.220310404896736 0.243264898657799 0.324852645397186 0.333212226629257 0.352735430002213 0.329889833927155 0.234841704368591 0.19136518239975 0.186373576521873 0.177775859832764 0.207594528794289 0.125111937522888 0.194082990288734 0.238928124308586 0.235632091760635 0.265559375286102 0.243137314915657 0.293441593647003 0.288378983736038 0.305213660001755 0.470374017953873 0.620851993560791 0.736069321632385 0.722320914268494 0.789863288402557 0.799147069454193 0.703021228313446 0.591608285903931 0.33051073551178 0.261626362800598 0.169040098786354 0.204769387841225 0.110656701028347 0.0651388466358185 0.0314974673092365 0.0166079122573137 0.00705037312582135 0.00427692336961627 0.00653082877397537 0.00372946681454778 0.00285889999940991 0.000895393313840032 0.000879511295352131 0.000437687413068488 0.000629218702670187 0.000423259160015732 0.000261057808529586
0.172039553523064 0.197239980101585 0.305257767438889 0.320316225290298 0.331628680229187 0.373575985431671 0.328679114580154 0.317052513360977 0.347510308027267 0.328183084726334 0.254527866840363 0.208183839917183 0.162032544612885 0.185905188322067 0.203465670347214 0.166530817747116 0.229926526546478 0.212828978896141 0.196024984121323 0.270595222711563 0.237050652503967 0.266279011964798 0.333376288414001 0.396396338939667 0.473445802927017 0.601843118667603 0.677939176559448 0.743497252464294 0.78204470872879 0.791466295719147 0.709756970405579 0.613627076148987 0.340799361467361 0.295432150363922 0.210025995969772 0.121345385909081 0.0920568779110909 0.054272186011076 0.0443662106990814 0.0237597301602364 0.0191198363900185 0.0131461936980486 0.00797822885215282 0.00560597004368901 0.0037357690744102 0.00255226832814515 0.000618518039118499 0.00116781238466501 0.000628881680313498 0.00059051503194496 0.000352700415533036
0.156745925545692 0.212250888347626 0.269067317247391 0.256812304258347 0.338358074426651 0.3848777115345 0.34094426035881 0.333650529384613 0.308901458978653 0.340246200561523 0.383528828620911 0.331428617238998 0.247583642601967 0.236610949039459 0.181830435991287 0.203351378440857 0.227665662765503 0.201008319854736 0.17966990172863 0.229605540633202 0.261168360710144 0.296864897012711 0.342398196458817 0.415574133396149 0.503548085689545 0.568976879119873 0.572045624256134 0.678265273571014 0.670031130313873 0.737215101718903 0.744506120681763 0.640831053256989 0.505371391773224 0.399166166782379 0.237489357590675 0.182258129119873 0.122858174145222 0.0672794505953789 0.0498599484562874 0.0305237974971533 0.0163192246109247 0.0131483813747764 0.0113300876691937 0.00715792085975409 0.0053125387057662 0.00252395961433649 0.00191424298100173 0.00174358708318323 0.000848036375828087 0.000498232140671462 0.000441982876509428
0.210507169365883 0.20816858112812 0.269065529108047 0.341596901416779 0.439261227846146 0.413837313652039 0.334093123674393 0.318252980709076 0.350675702095032 0.382375210523605 0.3947993516922 0.345178574323654 0.339257955551147 0.244596034288406 0.269537687301636 0.301417261362076 0.266376256942749 0.164688184857368 0.161440968513489 0.211715251207352 0.22519214451313 0.28038677573204 0.312908381223679 0.358650147914886 0.355137169361115 0.34583181142807 0.46784234046936 0.600150883197784 0.745972156524658 0.730575025081635 0.751064598560333 0.64734274148941 0.55473780632019 0.424834281206131 0.265874594449997 0.174019172787666 0.139269068837166 0.0783842578530312 0.0688202083110809 0.035786759108305 0.0226278733462095 0.0150188505649567 0.0149847716093063 0.00973766762763262 0.00662072747945786 0.00371427368372679 0.00258707930333912 0.00163866113871336 0.00132993690203875 0.000710360996890813 0.000434478803072125
0.243255406618118 0.227326139807701 0.302819699048996 0.387460052967072 0.421961843967438 0.378381729125977 0.339058756828308 0.314686506986618 0.3591168820858 0.356128543615341 0.33586385846138 0.317543476819992 0.307707130908966 0.2856365442276 0.247841522097588 0.279707223176956 0.235787972807884 0.211794048547745 0.177459686994553 0.181444481015205 0.207511186599731 0.234816700220108 0.26679202914238 0.336207389831543 0.313193768262863 0.352277547121048 0.456523358821869 0.610486328601837 0.656258285045624 0.71313613653183 0.702574789524078 0.690019011497498 0.489884674549103 0.43083792924881 0.242769703269005 0.190387934446335 0.135553494095802 0.104062378406525 0.0847066789865494 0.042989008128643 0.0344481468200684 0.0204539876431227 0.0128515427932143 0.00942978449165821 0.00573193654417992 0.00471262400969863 0.00238991877995431 0.00151339243166149 0.00113213574513793 0.000599515915382653 0.000569560099393129
0.234681829810143 0.232037559151649 0.278386384248734 0.344664365053177 0.370607614517212 0.33098042011261 0.339567720890045 0.32400169968605 0.300300031900406 0.275812178850174 0.206565111875534 0.155415266752243 0.154304087162018 0.203294843435287 0.210521906614304 0.191560387611389 0.206463783979416 0.159399583935738 0.192849203944206 0.185760900378227 0.20912005007267 0.249434858560562 0.274757623672485 0.28555029630661 0.392375349998474 0.380870193243027 0.436267226934433 0.59482342004776 0.650840520858765 0.708006083965302 0.655403971672058 0.685888707637787 0.583386123180389 0.362157672643661 0.231162264943123 0.21001860499382 0.132383108139038 0.115915641188622 0.0707884728908539 0.0479536429047585 0.0333318039774895 0.0245307050645351 0.01811807975173 0.0103596271947026 0.00736206490546465 0.00521967746317387 0.0027367016300559 0.00226470944471657 0.00115487037692219 0.000857517356052995 0.000592482392676175
0.205642074346542 0.189579799771309 0.232300579547882 0.273210495710373 0.298054486513138 0.318537771701813 0.357237249612808 0.346364200115204 0.330436408519745 0.26475465297699 0.172241672873497 0.130939736962318 0.0953375622630119 0.10508093982935 0.159414485096931 0.168795049190521 0.186852842569351 0.152754738926888 0.174775406718254 0.191402614116669 0.216346696019173 0.231579229235649 0.263215214014053 0.300261050462723 0.373995810747147 0.426088809967041 0.506989657878876 0.575182437896729 0.63363641500473 0.687304198741913 0.692200601100922 0.695135116577148 0.599708139896393 0.562134861946106 0.398756682872772 0.231230139732361 0.227494835853577 0.0986501798033714 0.0659763365983963 0.0587163418531418 0.0335969068109989 0.0299945455044508 0.0175133347511292 0.0112667800858617 0.00803393218666315 0.00376747432164848 0.00277685816399753 0.00176476733759046 0.00146666879300028 0.000916322518605739 0.000650157046038657
0.190405383706093 0.204670578241348 0.249986872076988 0.264885276556015 0.276148289442062 0.318000853061676 0.358665615320206 0.341616332530975 0.309069067239761 0.27391517162323 0.195825085043907 0.130676224827766 0.129431247711182 0.0952117443084717 0.10306466370821 0.111352272331715 0.136808454990387 0.144062221050262 0.178480714559555 0.186761930584908 0.202266097068787 0.220623627305031 0.230873838067055 0.270918607711792 0.320124208927155 0.432625651359558 0.427418857812881 0.517106890678406 0.62332671880722 0.694196403026581 0.715525925159454 0.732034981250763 0.677290618419647 0.504024565219879 0.377264052629471 0.327058345079422 0.174745544791222 0.128892108798027 0.10118380934 0.0546426363289356 0.036373034119606 0.0198044441640377 0.0183334220200777 0.00834316946566105 0.00570845464244485 0.00417525134980679 0.00240869121626019 0.00188674859236926 0.00123762304428965 0.00110119068995118 0.000697831914294511
0.157241836190224 0.190647423267365 0.226357206702232 0.241901248693466 0.269750744104385 0.307331115007401 0.368064165115356 0.329212009906769 0.295420199632645 0.289541035890579 0.261951893568039 0.201405763626099 0.15162193775177 0.141670808196068 0.137316077947617 0.138168066740036 0.145168408751488 0.132803246378899 0.183284044265747 0.204649195075035 0.20575188100338 0.230886161327362 0.280537039041519 0.320455968379974 0.332133263349533 0.407905519008636 0.427724778652191 0.591276347637177 0.617906630039215 0.672669649124146 0.698532521724701 0.742640972137451 0.750760018825531 0.603714287281036 0.488273739814758 0.253434926271439 0.195735216140747 0.137687087059021 0.103779964148998 0.0624404698610306 0.034861147403717 0.0185828898102045 0.0127705102786422 0.00919472519308329 0.00589341670274734 0.00498811574652791 0.00303664221428335 0.00254371995106339 0.00130996701773256 0.0010672650532797 0.000744619523175061
0.143096923828125 0.179657965898514 0.199263468384743 0.215552344918251 0.281618714332581 0.334411919116974 0.306321144104004 0.299397259950638 0.297749191522598 0.27075007557869 0.264933913946152 0.233036562800407 0.143548771739006 0.114097572863102 0.122237928211689 0.132455423474312 0.12384869158268 0.14361672103405 0.190586894750595 0.225516319274902 0.193642884492874 0.218081757426262 0.257428377866745 0.306140124797821 0.353374063968658 0.429155111312866 0.5446817278862 0.599471151828766 0.657440602779388 0.760900795459747 0.731880903244019 0.780366718769073 0.696087718009949 0.424322962760925 0.327210277318954 0.28610759973526 0.215525344014168 0.128182888031006 0.102558515965939 0.0810617282986641 0.0408340804278851 0.0230147372931242 0.0157195404171944 0.0111897606402636 0.0081676859408617 0.00447920337319374 0.00342762190848589 0.00228866678662598 0.00152826064731926 0.000908208778128028 0.000628870911896229
0.140152916312218 0.162006020545959 0.189760446548462 0.225863188505173 0.263741880655289 0.30383038520813 0.273683190345764 0.275518208742142 0.31033194065094 0.272881597280502 0.268325686454773 0.133834704756737 0.102950222790241 0.102240644395351 0.101199626922607 0.111041396856308 0.113072879612446 0.133358106017113 0.164468199014664 0.249513745307922 0.307921350002289 0.228543549776077 0.210070386528969 0.24302464723587 0.325267672538757 0.451280921697617 0.555015385150909 0.590547800064087 0.561685383319855 0.72915244102478 0.728558659553528 0.735939621925354 0.528914511203766 0.361971795558929 0.376820296049118 0.2318364828825 0.220266461372375 0.153165280818939 0.0908858850598335 0.0590912848711014 0.0392829850316048 0.024623354896903 0.0180807989090681 0.0125296665355563 0.0077286739833653 0.00578433182090521 0.00290609803050756 0.00228394009172916 0.00134436879307032 0.00108167075086385 0.000748265883885324
0.117516174912453 0.145224213600159 0.166796907782555 0.184321910142899 0.215785905718803 0.241196975111961 0.246818616986275 0.248339235782623 0.231797561049461 0.227491304278374 0.228347733616829 0.22432316839695 0.14532159268856 0.143653735518456 0.0977466553449631 0.117643035948277 0.121019549667835 0.12319477647543 0.155532151460648 0.181758642196655 0.325844377279282 0.469052016735077 0.271638363599777 0.236155912280083 0.307301014661789 0.310963749885559 0.525331676006317 0.653976559638977 0.580012083053589 0.702071964740753 0.526321947574615 0.764351963996887 0.682312667369843 0.346456348896027 0.240806862711906 0.173193350434303 0.237797394394875 0.174864515662193 0.089428536593914 0.0474420115351677 0.0388079658150673 0.02358921431005 0.0212622918188572 0.0126784164458513 0.00890194624662399 0.00625215657055378 0.0034191005397588 0.00261486019007862 0.00149900407996029 0.000844375288579613 0.000682621379382908
0.102564126253128 0.121810793876648 0.137133449316025 0.1571334451437 0.172190114855766 0.206926643848419 0.218096733093262 0.218447178602219 0.210956409573555 0.14958818256855 0.101132921874523 0.090454027056694 0.0832692608237267 0.0882831364870071 0.0965885892510414 0.104590505361557 0.122951321303844 0.124608688056469 0.141067653894424 0.158379137516022 0.236758857965469 0.576618313789368 0.415479272603989 0.326043635606766 0.348068565130234 0.437783807516098 0.642769038677216 0.694208025932312 0.587213695049286 0.767879009246826 0.747848272323608 0.640417277812958 0.541858613491058 0.36349630355835 0.197964772582054 0.200511232018471 0.197192206978798 0.172550395131111 0.109797745943069 0.078204408288002 0.038031492382288 0.0239167399704456 0.0228953454643488 0.0118578430265188 0.00848180055618286 0.00519692152738571 0.00400037923827767 0.00216593127697706 0.00153436011169106 0.00093585520517081 0.000590046984143555
0.0973037630319595 0.101156607270241 0.114802613854408 0.126250222325325 0.14311009645462 0.189409703016281 0.200141176581383 0.190423592925072 0.170352384448051 0.098977155983448 0.0752777308225632 0.0835318267345428 0.0949290692806244 0.0995819941163063 0.0999284237623215 0.0986721590161324 0.101614587008953 0.126130104064941 0.163448423147202 0.18228155374527 0.229108601808548 0.436373621225357 0.400664269924164 0.393766403198242 0.493396878242493 0.607719659805298 0.677173674106598 0.725366830825806 0.696281135082245 0.766741514205933 0.510702133178711 0.465828627347946 0.491062462329865 0.396295011043549 0.306987404823303 0.265840917825699 0.221570447087288 0.167597964406013 0.0752327889204025 0.045341320335865 0.0324324928224087 0.0239708330482244 0.0172125399112701 0.0102762281894684 0.00815461669117212 0.00460891332477331 0.00315645639784634 0.00232997699640691 0.00136414996813983 0.000873062235768884 0.000576114747673273
0.0887761041522026 0.0909893363714218 0.101954646408558 0.102550692856312 0.124495752155781 0.140056908130646 0.163316681981087 0.174404412508011 0.171951547265053 0.0840106830000877 0.0873401984572411 0.133468344807625 0.134468883275986 0.105726286768913 0.0920704677700996 0.0906179919838905 0.107882387936115 0.0920096039772034 0.145125955343246 0.191511407494545 0.203920871019363 0.224124819040298 0.326738804578781 0.38942739367485 0.552894175052643 0.709106743335724 0.720686316490173 0.783733487129211 0.744779169559479 0.647615730762482 0.678636729717255 0.655113041400909 0.499537348747253 0.4013831615448 0.394347220659256 0.306132525205612 0.162694454193115 0.129509761929512 0.0886911302804947 0.0434827469289303 0.0320858880877495 0.0238519161939621 0.0168935060501099 0.0087995920330286 0.00909928511828184 0.00590499024838209 0.00317106046713889 0.00261664995923638 0.00144559610635042 0.000997047871351242 0.00059062842046842
0.0736111104488373 0.0724820718169212 0.0845563411712646 0.0918183326721191 0.106957018375397 0.112435333430767 0.136319383978844 0.13110263645649 0.145011842250824 0.140974596142769 0.135177105665207 0.0754766836762428 0.0928747653961182 0.0886237025260925 0.0882163941860199 0.107492342591286 0.114599108695984 0.0990551337599754 0.147391453385353 0.157400548458099 0.168784245848656 0.173510611057281 0.256480485200882 0.325470358133316 0.425343692302704 0.630120277404785 0.688691914081573 0.730238258838654 0.608385264873505 0.738695383071899 0.475795179605484 0.532788574695587 0.433049440383911 0.329912453889847 0.301079124212265 0.259320348501205 0.167126476764679 0.123884573578835 0.066821776330471 0.052740640938282 0.0326383151113987 0.0226024109870195 0.0135375345125794 0.0114935413002968 0.00844811554998159 0.00518608512356877 0.0032273749820888 0.00281742657534778 0.00148815999273211 0.000950872898101807 0.000662976701278239
0.0646415278315544 0.0645441114902496 0.0722859054803848 0.0782690495252609 0.0937718898057938 0.0986586213111877 0.100379325449467 0.0938789695501328 0.0766732096672058 0.102542772889137 0.117164090275764 0.101768620312214 0.0850431993603706 0.0897481292486191 0.101645655930042 0.102366201579571 0.13021282851696 0.126601845026016 0.150174915790558 0.170124590396881 0.185218393802643 0.231033325195312 0.230996534228325 0.167017266154289 0.333880633115768 0.535758495330811 0.542707026004791 0.621687948703766 0.718382358551025 0.503748714923859 0.467307776212692 0.455372363328934 0.26490730047226 0.234047055244446 0.260839194059372 0.195974782109261 0.143241852521896 0.0914141163229942 0.0562662594020367 0.0449037179350853 0.0320542939007282 0.0272641722112894 0.0185989011079073 0.0130303436890244 0.00799914728850126 0.00619286578148603 0.00347877410240471 0.00279322965070605 0.0017006256384775 0.000978445983491838 0.000652692979201674
0.0661699324846268 0.0670185387134552 0.068167544901371 0.0710406824946404 0.0750971063971519 0.0805108994245529 0.0937811732292175 0.0845428109169006 0.073413610458374 0.0760867744684219 0.0800445228815079 0.10002838075161 0.130235552787781 0.0987442210316658 0.107135593891144 0.113798171281815 0.115551695227623 0.124084666371346 0.154614523053169 0.172922298312187 0.183971256017685 0.229899019002914 0.277658700942993 0.159214198589325 0.187633916735649 0.271967560052872 0.358201950788498 0.448653668165207 0.484942853450775 0.471418648958206 0.566322028636932 0.406940072774887 0.258580774068832 0.187467217445374 0.177940428256989 0.128489136695862 0.0778332501649857 0.0478574112057686 0.0557389967143536 0.0476328395307064 0.0334327593445778 0.0278830118477345 0.0200452022254467 0.0128968618810177 0.00714916829019785 0.00529377395287156 0.00328344851732254 0.00274022971279919 0.00166513223666698 0.00103419332299381 0.00071481941267848
