data/climate_estimation/maxent_output/Alstroemeria_gardneri.asc
NCOLS 129 
NROWS 108 
XLLCORNER -52.25 
YLLCORNER -19 
CELLSIZE 0.0833333333333333 
NODATA_value -3.4e+38 
[rows 80 to 99 of 108, columns 0 to 43 of 129]
0.306618481874466 0.303173243999481 0.352639347314835 0.41984748840332 0.423488229513168 0.412622213363647 0.424053013324738 0.422175705432892 0.479496836662292 0.482526868581772 0.494133949279785 0.37918022274971 0.354179859161377 0.617741048336029 0.534174025058746 0.497427880764008 0.4541135430336 0.481178373098373 0.599542915821075 0.698379516601562 0.560930669307709 0.414278566837311 0.493718087673187 0.501670658588409 0.474073350429535 0.486118763685226 0.509866833686829 0.472591578960419 0.434816390275955 0.415375769138336 0.381658405065536 0.377519190311432 0.400513827800751 0.429573237895966 0.389152050018311 0.346448063850403 0.338992446660995 0.356430232524872 0.380381315946579 0.439781874418259 0.497388541698456 0.616809904575348 0.592097818851471 0.612028479576111
0.307265490293503 0.32195982336998 0.361821472644806 0.432195961475372 0.40791991353035 0.45760115981102 0.466050505638123 0.447830647230148 0.582250654697418 0.535994052886963 0.464088797569275 0.414238959550858 0.400809705257416 0.682915687561035 0.653454840183258 0.524753451347351 0.497628837823868 0.540419220924377 0.551942050457001 0.639848351478577 0.57494992017746 0.492657482624054 0.512478232383728 0.45924112200737 0.476041495800018 0.500797212123871 0.416157871484756 0.409934222698212 0.431264251470566 0.343173205852509 0.341444224119186 0.383498638868332 0.383719980716705 0.418213844299316 0.399399846792221 0.360711365938187 0.315200418233871 0.32969856262207 0.310751587152481 0.406623274087906 0.477624922990799 0.546764433383942 0.519538819789886 0.556156098842621
0.317135095596313 0.35184907913208 0.370665490627289 0.463273525238037 0.52009528875351 0.514158725738525 0.523253619670868 0.583622813224792 0.532729148864746 0.453552186489105 0.5190269947052 0.505132496356964 0.39501816034317 0.507793009281158 0.714103639125824 0.679992437362671 0.582915604114532 0.543801069259644 0.549164116382599 0.572794675827026 0.614044427871704 0.63710743188858 0.492670774459839 0.440682351589203 0.44670432806015 0.446152061223984 0.370938152074814 0.360825717449188 0.388828128576279 0.356475025415421 0.306745976209641 0.31626483798027 0.322197884321213 0.383784234523773 0.381872802972794 0.340943425893784 0.291909635066986 0.288424074649811 0.312340617179871 0.385411262512207 0.41261300444603 0.50653064250946 0.531336426734924 0.474984496831894
0.346578180789948 0.317466139793396 0.394228786230087 0.501610457897186 0.554669559001923 0.505671918392181 0.562859535217285 0.580988228321075 0.470290124416351 0.499552190303802 0.567741096019745 0.507567524909973 0.448180764913559 0.567243635654449 0.642259299755096 0.67958277463913 0.704555749893188 0.586334764957428 0.578790247440338 0.576317429542542 0.614098250865936 0.581113636493683 0.494129419326782 0.414905935525894 0.45617014169693 0.421370685100555 0.360960185527802 0.368337422609329 0.368789166212082 0.326820552349091 0.316654473543167 0.381879657506943 0.305006474256516 0.377781599760056 0.328656315803528 0.378026843070984 0.348395735025406 0.291704565286636 0.284160882234573 0.33599391579628 0.367411673069 0.462058573961258 0.474480539560318 0.471997022628784
0.337850242853165 0.361800014972687 0.441232264041901 0.526774883270264 0.508424162864685 0.499680727720261 0.579959213733673 0.535494685173035 0.54456889629364 0.560471057891846 0.494649767875671 0.510932266712189 0.455871075391769 0.54427582025528 0.625896811485291 0.595794439315796 0.648286461830139 0.634057104587555 0.565654218196869 0.573225378990173 0.551900625228882 0.530965030193329 0.441193878650665 0.397043824195862 0.449200242757797 0.404126584529877 0.331583708524704 0.308083117008209 0.314463376998901 0.33332684636116 0.295290142297745 0.290748327970505 0.294431954622269 0.413719117641449 0.321733802556992 0.319133937358856 0.300718039274216 0.272021532058716 0.279951274394989 0.298236191272736 0.374623954296112 0.454494446516037 0.41608801484108 0.412756979465485
0.304411679506302 0.366284877061844 0.449610143899918 0.511998951435089 0.47305354475975 0.489567309617996 0.515909373760223 0.571122527122498 0.509651184082031 0.458044648170471 0.458787083625793 0.491574198007584 0.622466206550598 0.64460277557373 0.58987033367157 0.58844667673111 0.586331784725189 0.56922858953476 0.544071853160858 0.474661946296692 0.506439328193665 0.501356780529022 0.437259495258331 0.346818625926971 0.371689677238464 0.327387988567352 0.321844756603241 0.317327171564102 0.346600621938705 0.313105255365372 0.27681365609169 0.263019770383835 0.311263501644135 0.37621083855629 0.316333055496216 0.288722395896912 0.284896790981293 0.25807711482048 0.271500527858734 0.319719076156616 0.377635031938553 0.428566485643387 0.351869612932205 0.348346412181854
0.274138361215591 0.378319352865219 0.416480600833893 0.480587691068649 0.484924137592316 0.566121518611908 0.583470463752747 0.714453995227814 0.636720776557922 0.636317849159241 0.603888273239136 0.651181817054749 0.631076037883759 0.65009343624115 0.592658519744873 0.570691168308258 0.537818074226379 0.51337468624115 0.492946475744247 0.468179792165756 0.44248166680336 0.468188405036926 0.420032858848572 0.338716328144073 0.340823352336884 0.291896313428879 0.283502250909805 0.298967778682709 0.374713003635406 0.312052577733994 0.260532945394516 0.247536197304726 0.257777810096741 0.322840690612793 0.315672218799591 0.258436620235443 0.263349175453186 0.233172461390495 0.276108354330063 0.302196979522705 0.312119543552399 0.360214084386826 0.353025108575821 0.288883358240128
0.333126217126846 0.331630259752274 0.392602533102036 0.408177852630615 0.509950816631317 0.601906955242157 0.665077149868011 0.647616446018219 0.696723461151123 0.672909080982208 0.60402500629425 0.610038220882416 0.646928668022156 0.588313341140747 0.553317368030548 0.507393896579742 0.527529239654541 0.497817069292068 0.433744490146637 0.405216604471207 0.374025911092758 0.393508404493332 0.375843018293381 0.331179916858673 0.292010754346848 0.273747891187668 0.294281959533691 0.281491369009018 0.318999350070953 0.296045154333115 0.262361884117126 0.224511444568634 0.243281826376915 0.277593106031418 0.270232826471329 0.240932941436768 0.242690414190292 0.249038219451904 0.305995941162109 0.290745317935944 0.285771429538727 0.320569753646851 0.342345148324966 0.301563024520874
0.369914054870605 0.334032148122787 0.356064200401306 0.444914191961288 0.539218604564667 0.601284205913544 0.601035118103027 0.654639005661011 0.641604721546173 0.649035096168518 0.603989720344543 0.572295904159546 0.561911761760712 0.532700419425964 0.522897779941559 0.51701945066452 0.567771673202515 0.50769454240799 0.479715257883072 0.402841001749039 0.36378026008606 0.348718374967575 0.333275467157364 0.297702491283417 0.286854147911072 0.266625761985779 0.265125542879105 0.288594871759415 0.270316332578659 0.280455380678177 0.26420122385025 0.228570133447647 0.27655827999115 0.320870518684387 0.26744470000267 0.234940513968468 0.24380524456501 0.260347902774811 0.332328021526337 0.289553642272949 0.265068680047989 0.300246715545654 0.300933629274368 0.288936227560043
0.356632381677628 0.355646371841431 0.353743970394135 0.426050215959549 0.49805474281311 0.52079975605011 0.546492636203766 0.61091673374176 0.629049003124237 0.60206800699234 0.58367657661438 0.585231423377991 0.546337008476257 0.584620296955109 0.554045140743256 0.552712798118591 0.522643506526947 0.486788898706436 0.396401464939117 0.386529237031937 0.342794388532639 0.353018075227737 0.322223722934723 0.274588286876678 0.284901946783066 0.252222836017609 0.240011423826218 0.233342424035072 0.231629148125648 0.255794942378998 0.247858077287674 0.21674108505249 0.257251232862473 0.31333315372467 0.277131974697113 0.227884292602539 0.240737542510033 0.314017742872238 0.303310662508011 0.285771429538727 0.255766063928604 0.288112342357635 0.260510295629501 0.297004610300064
0.318704634904861 0.335901200771332 0.36083996295929 0.374099403619766 0.402815520763397 0.447274774312973 0.518891930580139 0.533047199249268 0.564453184604645 0.555761992931366 0.533974587917328 0.530272841453552 0.554644882678986 0.539980590343475 0.529145777225494 0.517842352390289 0.474752932786942 0.455137312412262 0.422475337982178 0.35712006688118 0.32712996006012 0.319213569164276 0.28994283080101 0.290087878704071 0.260701775550842 0.242537766695023 0.24008421599865 0.251055747270584 0.234121769666672 0.219629511237144 0.211913257837296 0.212399676442146 0.24289134144783 0.250525236129761 0.238454759120941 0.216401979327202 0.244429007172585 0.260818153619766 0.287175297737122 0.238401427865028 0.25407737493515 0.285447180271149 0.241639137268066 0.248683601617813
0.318617582321167 0.307365000247955 0.289774030447006 0.321221381425858 0.358231544494629 0.362419277429581 0.45444467663765 0.524694263935089 0.538603067398071 0.523954331874847 0.485441416501999 0.508147120475769 0.506651520729065 0.530639111995697 0.497205168008804 0.46010348200798 0.451427012681961 0.421226799488068 0.336329579353333 0.331990510225296 0.311418861150742 0.341903120279312 0.316289484500885 0.301933914422989 0.24713023006916 0.252371817827225 0.257417738437653 0.227876037359238 0.212661385536194 0.225300118327141 0.228252381086349 0.228199362754822 0.336390674114227 0.264226138591766 0.233242779970169 0.250504285097122 0.245941013097763 0.294176876544952 0.301841795444489 0.257559657096863 0.215244069695473 0.239569440484047 0.269228041172028 0.217171132564545
0.322564631700516 0.303773880004883 0.281215101480484 0.298283070325851 0.301277190446854 0.333056956529617 0.460421234369278 0.46680223941803 0.469985693693161 0.460065722465515 0.490347415208817 0.468640506267548 0.514947235584259 0.49027606844902 0.469563335180283 0.459665715694427 0.426596313714981 0.398817270994186 0.361195921897888 0.32001668214798 0.320489704608917 0.308383524417877 0.28617912530899 0.273911237716675 0.2327481508255 0.237384632229805 0.219497576355934 0.236456781625748 0.259214848279953 0.260779321193695 0.229694277048111 0.254224479198456 0.32689356803894 0.210029825568199 0.22757326066494 0.307106763124466 0.280193090438843 0.312103599309921 0.363869547843933 0.321679621934891 0.21181221306324 0.196425527334213 0.291103780269623 0.229304373264313
0.294785767793655 0.303824365139008 0.293396890163422 0.291100651025772 0.255660474300385 0.300167083740234 0.414770990610123 0.418475776910782 0.463087379932404 0.419501274824142 0.459535986185074 0.433658719062805 0.496377438306808 0.501505613327026 0.436734765768051 0.410768151283264 0.403637856245041 0.368074893951416 0.368434309959412 0.329132199287415 0.328807801008224 0.301322609186172 0.293935000896454 0.252331644296646 0.228763893246651 0.231424808502197 0.224485754966736 0.235016241669655 0.273055136203766 0.308594763278961 0.360975116491318 0.360567569732666 0.281007409095764 0.202985644340515 0.210165426135063 0.360528498888016 0.38038444519043 0.325187593698502 0.29549053311348 0.29908075928688 0.221317380666733 0.197120919823647 0.531654834747314 0.265509814023972
0.257637947797775 0.305290460586548 0.30898129940033 0.294630110263824 0.358368456363678 0.288526028394699 0.341775953769684 0.404060453176498 0.401432365179062 0.438458442687988 0.389538168907166 0.400757074356079 0.424553424119949 0.443967700004578 0.416942119598389 0.398148477077484 0.353868395090103 0.355074763298035 0.32325154542923 0.297220945358276 0.292833983898163 0.274519681930542 0.258581191301346 0.234306558966637 0.22365614771843 0.222161933779716 0.238613292574883 0.241200044751167 0.297231554985046 0.302978873252869 0.375246733427048 0.3526491522789 0.228565379977226 0.190700620412827 0.237013071775436 0.412857443094254 0.451255798339844 0.363394647836685 0.242814481258392 0.263968169689178 0.188156574964523 0.212648347020149 0.290653198957443 0.256350338459015
0.247596606612206 0.285362422466278 0.298509389162064 0.318625688552856 0.299949586391449 0.302522271871567 0.252833545207977 0.335579067468643 0.377621501684189 0.366366565227509 0.386507123708725 0.405646502971649 0.385575622320175 0.445921331644058 0.424390077590942 0.364342272281647 0.351104378700256 0.320708721876144 0.365587532520294 0.316949278116226 0.307608991861343 0.281169414520264 0.246788218617439 0.24085621535778 0.241227105259895 0.227406531572342 0.250413835048676 0.262997895479202 0.278453558683395 0.289132297039032 0.322282493114471 0.315123349428177 0.214555501937866 0.183779940009117 0.286947846412659 0.406883120536804 0.406685888767242 0.347768604755402 0.239833801984787 0.225635409355164 0.190661326050758 0.19639353454113 0.265872776508331 0.210468754172325
0.172078013420105 0.242352798581123 0.284629553556442 0.310753852128983 0.295247048139572 0.261636525392532 0.253504991531372 0.271233171224594 0.362984329462051 0.312489300966263 0.345788240432739 0.360037624835968 0.361244648694992 0.41362988948822 0.44399818778038 0.435678541660309 0.400224179029465 0.368467301130295 0.338919878005981 0.320127308368683 0.294025868177414 0.276347994804382 0.262187778949738 0.227086678147316 0.223498463630676 0.222538396716118 0.24975423514843 0.256884217262268 0.270058542490005 0.286714404821396 0.286402106285095 0.322855472564697 0.235032334923744 0.20601250231266 0.324990034103394 0.372816026210785 0.281270265579224 0.329464703798294 0.277110934257507 0.215312823653221 0.181656882166862 0.218159928917885 0.209368616342545 0.163933053612709
0.161910995841026 0.160851910710335 0.261578559875488 0.283826529979706 0.286212176084518 0.27825054526329 0.280046790838242 0.248417109251022 0.270478963851929 0.296451449394226 0.312526673078537 0.32022413611412 0.33249706029892 0.325154691934586 0.406755745410919 0.398763626813889 0.47487610578537 0.46501150727272 0.419594973325729 0.310839056968689 0.320694535970688 0.308459460735321 0.275258511304855 0.238880202174187 0.21861457824707 0.2171321362257 0.230081796646118 0.226759240031242 0.243912771344185 0.289188116788864 0.315886288881302 0.295048296451569 0.220056459307671 0.230957567691803 0.331873506307602 0.230434641242027 0.22951503098011 0.375856816768646 0.357237040996552 0.249243751168251 0.170587942004204 0.221031978726387 0.147884950041771 0.183331832289696
0.158694505691528 0.147433564066887 0.216978088021278 0.281258076429367 0.271956115961075 0.260405540466309 0.240509152412415 0.250597655773163 0.242870584130287 0.259337812662125 0.287739723920822 0.270505160093307 0.299649208784103 0.277501791715622 0.351386040449142 0.40557473897934 0.340234100818634 0.431667923927307 0.388664662837982 0.361488729715347 0.342944234609604 0.325894623994827 0.305933982133865 0.238312959671021 0.219406351447105 0.187987223267555 0.224783554673195 0.265271961688995 0.285672962665558 0.274840950965881 0.294281423091888 0.224943608045578 0.183535605669022 0.280384212732315 0.351130872964859 0.2137171626091 0.194618538022041 0.245713070034981 0.320527464151382 0.278297275304794 0.205410838127136 0.16771887242794 0.158410623669624 0.195192396640778
0.131990194320679 0.141482278704643 0.156846985220909 0.208681374788284 0.233811184763908 0.227398946881294 0.219903498888016 0.222038596868515 0.237301126122475 0.234390616416931 0.226682543754578 0.234864830970764 0.251737713813782 0.260507762432098 0.317110508680344 0.35979038476944 0.263240784406662 0.316791534423828 0.367700129747391 0.363159775733948 0.310149222612381 0.310329735279083 0.300967842340469 0.251282513141632 0.206884637475014 0.199687302112579 0.225999072194099 0.227772384881973 0.228027373552322 0.268818795681 0.302101224660873 0.214716672897339 0.194861188530922 0.246864527463913 0.247266963124275 0.229282364249229 0.161193281412125 0.160814508795738 0.18979187309742 0.142490223050117 0.139189571142197 0.149810671806335 0.177896127104759 0.16529768705368
