data/climate_estimation/maxent_output/Alstroemeria_stenopetala.asc
NCOLS 144 
NROWS 131 
XLLCORNER -55.25 
YLLCORNER -20.6666666666667 
CELLSIZE 0.0833333333333333 
NODATA_value -3.4e+38 
[rows 20 to 39 of 131, columns 88 to 131 of 144]
0.0827472060918808 0.0875675231218338 0.19885541498661 0.195974841713905 0.226805612444878 0.226212829351425 0.311137080192566 0.072856068611145 0.0784469768404961 0.186338692903519 0.0903961136937141 0.0954728275537491 0.102245479822159 0.101098634302616 0.115521654486656 0.149364963173866 0.246085748076439 0.24176213145256 0.213606134057045 0.0971747562289238 0.0906349644064903 0.0783391892910004 0.0736327990889549 0.0640276074409485 0.0243377089500427 0.022105636075139 0.0194472670555115 0.0179644301533699 0.0172112695872784 0.0157849583774805 0.0134788695722818 0.0296731647104025 0.0257421899586916 0.0243102703243494 0.0485372394323349 0.0732861906290054 0.0539396107196808 0.0473464019596577 0.0194103959947824 0.0170271135866642 0.00730875646695495 0.00705625116825104 0.00281908828765154 0.00267384573817253
0.0763224139809608 0.0783566907048225 0.0864822790026665 0.194052457809448 0.220912128686905 0.187515124678612 0.155026942491531 0.166672214865685 0.172207593917847 0.192763477563858 0.0725704059004784 0.0865208730101585 0.251227825880051 0.252460271120071 0.113082565367222 0.138220086693764 0.178496271371841 0.214924052357674 0.206885889172554 0.0942246168851852 0.0968984290957451 0.0845378860831261 0.0794238448143005 0.0712089166045189 0.0281023420393467 0.0257681831717491 0.0227063503116369 0.0217539835721254 0.0185225885361433 0.015572720207274 0.0150654660537839 0.0148206427693367 0.0245671179145575 0.0188505984842777 0.0119888633489609 0.0111766336485744 0.024020267650485 0.0214566476643085 0.0196002386510372 0.00802354980260134 0.00713359890505672 0.00683517614379525 0.00279400078579783 0.00249206251464784
0.0756311938166618 0.077330119907856 0.0842825472354889 0.187784165143967 0.201681300997734 0.163808852434158 0.153825923800468 0.164646655321121 0.163306340575218 0.175512373447418 0.0698698237538338 0.0744770243763924 0.24862602353096 0.273813992738724 0.105640962719917 0.12789560854435 0.13249160349369 0.140564739704132 0.165065407752991 0.204993978142738 0.0826249346137047 0.0868638008832932 0.0818690732121468 0.075838215649128 0.0296596940606833 0.0267534665763378 0.0240377448499203 0.0244957339018583 0.022676968947053 0.0188585165888071 0.0132078686729074 0.0127771450206637 0.0113023277372122 0.0254733711481094 0.0213100127875805 0.0145464725792408 0.0120682017877698 0.00945278350263834 0.00882127415388823 0.00806598551571369 0.00762795563787222 0.0068120239302516 0.00659830449149013 0.00280540133826435
0.0670113787055016 0.0704763531684875 0.200840696692467 0.0729012042284012 0.174213945865631 0.0681114792823792 0.135642290115356 0.143426313996315 0.144232302904129 0.135905086994171 0.150437220931053 0.151977851986885 0.210265710949898 0.276318997144699 0.226018041372299 0.271161168813705 0.132937371730804 0.129109188914299 0.141299515962601 0.234843090176582 0.106145083904266 0.0965474769473076 0.0913476645946503 0.0790199041366577 0.0722628906369209 0.0275603961199522 0.0272437892854214 0.0265924949198961 0.0231308434158564 0.021142952144146 0.0148715972900391 0.00941410940140486 0.0106511479243636 0.0311379246413708 0.0280223004519939 0.0209031235426664 0.00570596475154161 0.0108631970360875 0.00935437064617872 0.0085676871240139 0.00759362103417516 0.00687651010230184 0.00304977619089186 0.00301257008686662
0.0695735067129135 0.065867006778717 0.0645938590168953 0.0669715255498886 0.174248114228249 0.0647286847233772 0.138936176896095 0.141074791550636 0.135218501091003 0.137304574251175 0.138321846723557 0.144780993461609 0.173648670315742 0.206390410661697 0.258643507957458 0.26363542675972 0.113231457769871 0.120043843984604 0.186751842498779 0.235681802034378 0.228393703699112 0.0969715639948845 0.0876855924725533 0.0803213566541672 0.0748767480254173 0.0314162746071815 0.0299270525574684 0.0276457387953997 0.0258395206183195 0.0217330008745193 0.0186167377978563 0.0121697373688221 0.00836216751486063 0.012070189230144 0.0262119453400373 0.0301781985908747 0.00735112931579351 0.00554765341803432 0.00451509840786457 0.00936385616660118 0.00831146351993084 0.00799365248531103 0.00336684309877455 0.00325610721483827
0.0686937123537064 0.0638865828514099 0.0589243285357952 0.0585590414702892 0.0568603128194809 0.0568635351955891 0.058252677321434 0.132428735494614 0.128031224012375 0.123419366776943 0.130620911717415 0.140902981162071 0.153398081660271 0.156225860118866 0.210676535964012 0.251844763755798 0.216816827654839 0.103860907256603 0.180052742362022 0.235725477337837 0.208576828241348 0.0920012891292572 0.0827734619379044 0.0742361098527908 0.0701624527573586 0.0312112271785736 0.0312670134007931 0.0298653282225132 0.0280099213123322 0.0237710233777761 0.017797926440835 0.0147347189486027 0.0113604515790939 0.00831950176507235 0.00670736422762275 0.026185218244791 0.00667353114113212 0.00552018219605088 0.00513497181236744 0.00462656980380416 0.00963998772203922 0.0091802766546607 0.00956164300441742 0.00872408039867878
0.075142428278923 0.0783006846904755 0.063685454428196 0.0571139492094517 0.0539454594254494 0.0544170811772346 0.0526563748717308 0.121938310563564 0.121259197592735 0.123708888888359 0.124572806060314 0.138455361127853 0.147803843021393 0.145046636462212 0.147123143076897 0.157008424401283 0.178646609187126 0.0750177130103111 0.103948451578617 0.182751163840294 0.216953992843628 0.219505131244659 0.0882513597607613 0.081872783601284 0.0722257047891617 0.0704542174935341 0.0303949359804392 0.0300368517637253 0.0303090587258339 0.0274496264755726 0.022939519956708 0.0220500975847244 0.0194047335535288 0.0336232148110867 0.0182149354368448 0.0168534182012081 0.0123504707589746 0.00542833330109715 0.00574160693213344 0.00532870879396796 0.0118854725733399 0.0110904267057776 0.011230387724936 0.0114135658368468
0.21928645670414 0.084075815975666 0.0643089786171913 0.0616388060152531 0.060318049043417 0.0526039116084576 0.0547132603824139 0.0503373295068741 0.111993961036205 0.123260207474232 0.125160112977028 0.133999571204185 0.128938212990761 0.131040275096893 0.134169697761536 0.162238880991936 0.184177175164223 0.248337998986244 0.443376004695892 0.469141870737076 0.229348033666611 0.218546524643898 0.195791080594063 0.0829991027712822 0.0759056806564331 0.0713770538568497 0.071567639708519 0.0304366145282984 0.030516317114234 0.0264899209141731 0.0244967602193356 0.0474684126675129 0.0438083186745644 0.0394124984741211 0.0290456134825945 0.0134927006438375 0.013741229660809 0.0167496334761381 0.00719780428335071 0.0198266748338938 0.0241973605006933 0.0145839648321271 0.0157175417989492 0.0156186521053314
0.235273346304893 0.207942292094231 0.0797557383775711 0.0741693153977394 0.0650899782776833 0.0557517595589161 0.0570626780390739 0.114220783114433 0.120131462812424 0.131480202078819 0.136743128299713 0.143333971500397 0.119798168540001 0.127743601799011 0.13098506629467 0.137439996004105 0.145843327045441 0.167852357029915 0.405298590660095 0.480413347482681 0.228235706686974 0.221023067831993 0.203646942973137 0.0881855115294456 0.0735377967357635 0.0695394650101662 0.0623742491006851 0.06155189499259 0.0606823563575745 0.0603177659213543 0.0553796701133251 0.0481629632413387 0.0402511246502399 0.0270680766552687 0.0208674483001232 0.0171182751655579 0.0219006799161434 0.03289794921875 0.0315078571438789 0.0303076710551977 0.0334087461233139 0.0308917071670294 0.0270843971520662 0.0299745611846447
0.295120060443878 0.101829200983047 0.0642773360013962 0.0700883269309998 0.064655564725399 0.063668005168438 0.140595704317093 0.133254855871201 0.127278417348862 0.123134307563305 0.140649244189262 0.132148131728172 0.111466743052006 0.122341513633728 0.121487848460674 0.0557594187557697 0.0623315237462521 0.169320076704025 0.384024977684021 0.496803373098373 0.445451378822327 0.220411613583565 0.196855336427689 0.0877921357750893 0.0875071883201599 0.082464836537838 0.0677551999688148 0.0682474449276924 0.0596433021128178 0.0602057054638863 0.0535036362707615 0.0455911085009575 0.0397511832416058 0.0405185595154762 0.0182472728192806 0.0282482225447893 0.0317366570234299 0.034514132887125 0.0344037674367428 0.0326905511319637 0.0312920808792114 0.0293561313301325 0.0289028827100992 0.0296793598681688
0.0839582681655884 0.0723733603954315 0.0590199381113052 0.0571874417364597 0.0574199818074703 0.06152019277215 0.133752778172493 0.13056842982769 0.125096350908279 0.118397511541843 0.12422850728035 0.124814637005329 0.115940913558006 0.118861146271229 0.0544268265366554 0.0567427650094032 0.0610888935625553 0.168580934405327 0.320283800363541 0.458223462104797 0.433186680078506 0.208619430661201 0.196927770972252 0.0862052664160728 0.0797637403011322 0.0723628476262093 0.069848470389843 0.0646882355213165 0.0616493187844753 0.065372996032238 0.0587583370506763 0.0549806617200375 0.0586060099303722 0.0542744286358356 0.0284842643886805 0.037839837372303 0.0328890159726143 0.032784678041935 0.0281033217906952 0.0255300793796778 0.0258498713374138 0.0262171737849712 0.0281042065471411 0.0282556731253862
0.0691148787736893 0.0635301917791367 0.0517508946359158 0.0499209277331829 0.0493532046675682 0.051755178719759 0.0519443228840828 0.113717533648014 0.118564866483212 0.118009351193905 0.115609422326088 0.112149000167847 0.109817110002041 0.121276557445526 0.0547178685665131 0.0594088546931744 0.0647928491234779 0.216753482818604 0.244517013430595 0.43592357635498 0.494147270917892 0.439811795949936 0.206495866179466 0.187319442629814 0.0787029638886452 0.0771128088235855 0.164223104715347 0.159458220005035 0.151282280683517 0.154156625270844 0.147194609045982 0.0647836700081825 0.0610424764454365 0.0475351959466934 0.0374150574207306 0.0304563231766224 0.0327605903148651 0.0297503806650639 0.0247888509184122 0.0264680776745081 0.0247680675238371 0.0261568911373615 0.0275999512523413 0.0268813893198967
0.026311244815588 0.0240948237478733 0.0458970107138157 0.0480100624263287 0.0478650480508804 0.0465854071080685 0.0532050393521786 0.0499200746417046 0.117191322147846 0.121309719979763 0.124807484447956 0.119913674890995 0.121560886502266 0.124313846230507 0.0577715486288071 0.0628013461828232 0.0709812864661217 0.181924164295197 0.210228398442268 0.343752950429916 0.491748154163361 0.413293689489365 0.19335575401783 0.199924618005753 0.187330886721611 0.183010801672935 0.161195576190948 0.152121320366859 0.154064446687698 0.142805263400078 0.144511759281158 0.140798136591911 0.0566136837005615 0.0454950444400311 0.0419680587947369 0.0346009209752083 0.0338248983025551 0.0139003666117787 0.0113734630867839 0.011896749958396 0.0116102853789926 0.0281296335160732 0.0308417081832886 0.0285713039338589
0.022587887942791 0.0192633159458637 0.0169871393591166 0.0432770848274231 0.0492589548230171 0.0487251468002796 0.0541026666760445 0.0556264743208885 0.120419889688492 0.135187476873398 0.160516709089279 0.150782376527786 0.123734094202518 0.120615147054195 0.11994893103838 0.0608917213976383 0.0633397400379181 0.158021569252014 0.176551789045334 0.237479954957962 0.430991619825363 0.448903173208237 0.215735971927643 0.205509677529335 0.180735155940056 0.173482000827789 0.161636054515839 0.156784772872925 0.155091807246208 0.149455085396767 0.155730441212654 0.0644036307930946 0.0593527816236019 0.0521727837622166 0.0465794652700424 0.0401958003640175 0.0361467376351357 0.0154033582657576 0.0128565989434719 0.0129038020968437 0.0126219736412168 0.013880655169487 0.0134228654205799 0.0149514684453607
0.017344806343317 0.0154771069064736 0.0173205379396677 0.0417813695967197 0.0473020114004612 0.0498093143105507 0.0586594566702843 0.0581638626754284 0.0565563552081585 0.127114653587341 0.149762094020844 0.322923541069031 0.163563162088394 0.130785435438156 0.127365127205849 0.132361173629761 0.141767129302025 0.169452518224716 0.194839954376221 0.348957270383835 0.507463157176971 0.458299964666367 0.217072442173958 0.210396438837051 0.187271401286125 0.165202513337135 0.163796588778496 0.172022238373756 0.160134091973305 0.153627797961235 0.0691331252455711 0.0656081959605217 0.0591469295322895 0.0537344291806221 0.0465295985341072 0.0450772531330585 0.0175771042704582 0.01637570746243 0.0151774268597364 0.0144318267703056 0.0140290269628167 0.0142718115821481 0.0138437701389194 0.0139535889029503
0.0203986000269651 0.016876133158803 0.0180217120796442 0.0396388843655586 0.0432483367621899 0.0488155670464039 0.0605315789580345 0.0661229938268661 0.0626502558588982 0.140244275331497 0.161420091986656 0.440454602241516 0.43225434422493 0.148601844906807 0.138375669717789 0.139390856027603 0.148842290043831 0.178630113601685 0.201347425580025 0.37274631857872 0.518128395080566 0.470956563949585 0.211343511939049 0.211714491248131 0.182235062122345 0.172494858503342 0.167118459939957 0.174545615911484 0.169879093766212 0.0771509110927582 0.071245476603508 0.0668938159942627 0.0580846481025219 0.0492173358798027 0.0447307862341404 0.0435067936778069 0.0185532514005899 0.0170555338263512 0.015280669555068 0.014917841181159 0.0151730626821518 0.0139641398563981 0.0133012132719159 0.0138423629105091
0.0475014410912991 0.0182340051978827 0.0179133787751198 0.0451112799346447 0.0505275093019009 0.0581472367048264 0.0675478130578995 0.0735968798398972 0.0754866823554039 0.069110132753849 0.176562905311584 0.467257350683212 0.499105513095856 0.192880198359489 0.424764841794968 0.163993880152702 0.14474581182003 0.193151891231537 0.189718186855316 0.40866893529892 0.522391378879547 0.245994850993156 0.234562739729881 0.214181989431381 0.185308694839478 0.193012669682503 0.172762051224709 0.0789782255887985 0.0739763304591179 0.0773390606045723 0.0722343996167183 0.0644658356904984 0.05521459877491 0.0493890307843685 0.0445605702698231 0.019171854481101 0.0194656867533922 0.0179955344647169 0.0170117523521185 0.0154990637674928 0.0153415491804481 0.014652643352747 0.0136749995872378 0.0134278498589993
0.0498156733810902 0.0448534712195396 0.0206747800111771 0.0462670959532261 0.050372090190649 0.0617255605757236 0.0663466081023216 0.0695223957300186 0.0819124057888985 0.236258611083031 0.241528853774071 0.321252077817917 0.608567833900452 0.517341554164886 0.539438366889954 0.178320020437241 0.195105865597725 0.236316367983818 0.0941613987088203 0.426925301551819 0.554521322250366 0.244541987776756 0.224302560091019 0.215626388788223 0.205509454011917 0.19182276725769 0.085521012544632 0.0804324001073837 0.0804006904363632 0.0791244432330132 0.066468246281147 0.063788115978241 0.0596339665353298 0.0550994463264942 0.0473051518201828 0.019670182839036 0.0184010528028011 0.0171247646212578 0.0160958711057901 0.0151268299669027 0.0154136121273041 0.0138918971642852 0.0129816001281142 0.0117616783827543
0.0593281462788582 0.0509118773043156 0.0210559535771608 0.0219713933765888 0.0238740555942059 0.0259683579206467 0.0282071735709906 0.0688586011528969 0.0729001462459564 0.269854158163071 0.33468559384346 0.664258539676666 0.338264346122742 0.299610614776611 0.346593081951141 0.243298456072807 0.305004805326462 0.358798176050186 0.126977115869522 0.186320945620537 0.225967362523079 0.252982467412949 0.242851793766022 0.214809492230415 0.20855475962162 0.098650224506855 0.0849705263972282 0.0823032259941101 0.077913910150528 0.072488009929657 0.0656792297959328 0.0636404454708099 0.0559583716094494 0.0536906532943249 0.0209201574325562 0.0199129469692707 0.0161801930516958 0.0128871230408549 0.0150522170588374 0.0126530528068542 0.0112215140834451 0.0119993845000863 0.0114668840542436 0.0113775404170156
0.278294056653976 0.0644837468862534 0.0535870902240276 0.025687899440527 0.0278345365077257 0.0277478974312544 0.0389331802725792 0.0886118412017822 0.0832569301128387 0.0904677882790565 0.118846133351326 0.288214862346649 0.265531033277512 0.300613254308701 0.297672539949417 0.288658022880554 0.336097180843353 0.388196557760239 0.150017440319061 0.235540390014648 0.294950515031815 0.268687605857849 0.235857114195824 0.229282647371292 0.102643676102161 0.0964020267128944 0.0838901475071907 0.0842957124114037 0.0820994824171066 0.0730098560452461 0.0689941346645355 0.0595775917172432 0.0523437708616257 0.0485939010977745 0.0181166362017393 0.0148224607110023 0.0145615842193365 0.0125281838700175 0.0113903088495135 0.0109270205721259 0.0124352406710386 0.0113735282793641 0.0118230814114213 0.00994873233139515
