data/climate_estimation/maxent_output/Alstroemeria_longistyla.asc
NCOLS 116 
NROWS 217 
XLLCORNER -53.0833333333333 
YLLCORNER -19.5833333333333 
CELLSIZE 0.0833333333333333 
NODATA_value -3.4e+38 
[rows 0 to 18 of 217, columns 0 to 42 of 116]
0.022225970402360 0.0182910598814487 0.0207468084990978 0.0197552554309368 0.0196043197065592 0.0184993483126163 0.0165838748216629 0.0156138371676207 0.0154740931466222 0.0146229695528746 0.0145247476175427 0.0130942407995462 0.011822066269815 0.0106903687119484 0.0102043692022562 0.0107976924628019 0.00979097560048103 0.00887687504291534 0.00803996436297894 0.00764718139544129 0.00655789719894528 0.00591435376554728 0.00592215918004513 0.00588856730610132 0.0061786575242877 0.00584487244486809 0.00582696730270982 0.00646079098805785 0.00612069619819522 0.0060965153388679 0.00711494730785489 0.00785976741462946 0.00866247713565826 0.00953440554440022 0.0122394468635321 0.0134474663063884 0.0163451638072729 0.0189430844038725 0.0242146998643875 0.0253114383667707 0.0293489210307598 0.0322024635970592 0.0349812470376492
0.0229619406163692 0.0218707155436277 0.021820180118084 0.0217831265181303 0.0205439049750566 0.0203961730003357 0.0183121990412474 0.0172446016222239 0.0162693057209253 0.0161027349531651 0.0159950610250235 0.014435326680541 0.0137656694278121 0.0124896056950092 0.0119163747876883 0.0119912642985582 0.010888272896409 0.0104153119027615 0.0104812020435929 0.00947932060807943 0.00813518464565277 0.00733725260943174 0.00731032760813832 0.00767189497128129 0.00724500883370638 0.00722111109644175 0.00758481258526444 0.00717656640335917 0.007956488057971 0.00837120600044727 0.00925718899816275 0.0102019356563687 0.0118180578574538 0.0129668852314353 0.0142285451292992 0.016443032771349 0.0199447367340326 0.0219146646559238 0.0253699105232954 0.0279630869626999 0.0308054126799107 0.0308597218245268 0.0353609696030617
0.0264063328504562 0.0263968333601952 0.0239034369587898 0.0226210746914148 0.0204130485653877 0.0203104112297297 0.0211991369724274 0.0180669035762548 0.0178667120635509 0.01769501529634 0.01590970531106 0.0159086231142282 0.0152038112282753 0.0145303634926677 0.0132059250026941 0.0139979654923081 0.0127250477671623 0.0128344735130668 0.0116604352369905 0.0117229940369725 0.0100523317232728 0.0095369815826416 0.00900323688983917 0.00895080249756575 0.00891392212361097 0.00936019793152809 0.00885998457670212 0.00884468015283346 0.00929778534919024 0.0102760558947921 0.0113242175430059 0.0124766537919641 0.0144035052508116 0.0157756339758635 0.0172508507966995 0.0189403258264065 0.0208197273313999 0.0240683238953352 0.0265085808932781 0.0292047504335642 0.0293357782065868 0.0341335982084274 0.0338591486215591
0.0288790483027697 0.0288448892533779 0.0261334218084812 0.0260273087769747 0.0259238593280315 0.0233893673866987 0.021047992631793 0.0208686739206314 0.0196225177496672 0.0176516640931368 0.0167247094213963 0.0167323648929596 0.0151937799528241 0.0160809494554996 0.0153982723131776 0.0154826389625669 0.0140976049005985 0.0142131773754954 0.0143400449305773 0.0137057891115546 0.0136535195633769 0.0122788269072771 0.0122010242193937 0.0109498566016555 0.0108956666663289 0.0108834849670529 0.0108674578368664 0.0108489794656634 0.0102652190253139 0.0113164326176047 0.0137977777048945 0.0151626234874129 0.0165479946881533 0.0190933961421251 0.0208728685975075 0.0207620542496443 0.0260074697434902 0.0274324268102646 0.0290695559233427 0.032036866992712 0.0322204381227493 0.0324057899415493 0.0341564752161503
0.0331967882812023 0.0331560857594013 0.0300599131733179 0.0299480371177197 0.0257427282631397 0.026909526437521 0.0242722351104021 0.0218353495001793 0.0216371901333332 0.0176386330276728 0.0185196809470654 0.017629811540246 0.0176871158182621 0.0187043100595474 0.0170031078159809 0.0171036012470722 0.0172030739486217 0.0182429123669863 0.0174328312277794 0.016624890267849 0.0165630113333464 0.0164775047451258 0.0147778047248721 0.0147001128643751 0.0132563980296254 0.0113637167960405 0.0113774556666613 0.0113840065896511 0.0125399464741349 0.0137773705646396 0.0167102180421352 0.0182518251240253 0.01995949447155 0.0237458422780037 0.0260185226798058 0.0272523704916239 0.0299015529453754 0.0327919386327267 0.0344849675893784 0.0348406247794628 0.0352182127535343 0.0354482308030128 0.032374307513237
0.0418684780597687 0.0380499474704266 0.0379399843513966 0.0361873432993889 0.0327450260519981 0.0281533300876617 0.0266568697988987 0.0240501090884209 0.0227104369550943 0.0185374710708857 0.0185242909938097 0.0185744222253561 0.0186265110969543 0.0186953246593475 0.019744286313653 0.0188330002129078 0.0199453849345446 0.020039139315486 0.0190972406417131 0.0200239736586809 0.0209804773330688 0.0197964906692505 0.0196069590747356 0.0176792647689581 0.0160137917846441 0.013793389312923 0.0125128487125039 0.0118999350816011 0.0137708373367786 0.016667727380991 0.02009417116642 0.0218407828360796 0.023695008829236 0.0271912757307291 0.0297612082213163 0.0325682200491428 0.0341777540743351 0.0355244539678097 0.0410805493593216 0.0378863625228405 0.0384106002748013 0.0352995619177818 0.0354255326092243
0.0480098836123943 0.0504320338368416 0.045805387198925 0.0415422953665257 0.0358203016221523 0.0324026010930538 0.0292497407644987 0.0264072921127081 0.0226595066487789 0.0194803234189749 0.0185203403234482 0.0205371808260679 0.0205637905746698 0.0217177886515856 0.0217749029397964 0.0207439381629229 0.0219295546412468 0.0219579581171274 0.020880376920104 0.0218029525130987 0.0228217840194702 0.024877330288291 0.0234017055481672 0.0232784003019333 0.0211830642074347 0.0166358835995197 0.0137370498850942 0.0131208375096321 0.0143326930701733 0.0200053434818983 0.0240225419402122 0.0259878560900688 0.0295824781060219 0.0323323160409927 0.0322783142328262 0.0353504233062267 0.0353417471051216 0.0387394055724144 0.0388308390974998 0.0392507426440716 0.0361821688711643 0.0350573323667049 0.0353169813752174
0.0634268298745155 0.060801662504673 0.0552165135741234 0.0454480610787868 0.03920753672719 0.0373494438827038 0.0277237985283136 0.0250175520777702 0.0194517504423857 0.0194482337683439 0.0185216572135687 0.019519342109561 0.0216767583042383 0.0217201020568609 0.0217460542917252 0.0217911377549171 0.0240858383476734 0.022871270775795 0.0251850206404924 0.0237757638096809 0.0273032542318106 0.0269372649490833 0.0277910549193621 0.0275939218699932 0.0252224765717983 0.0199004206806421 0.0165176223963499 0.0142704639583826 0.0199245624244213 0.0237629283219576 0.0284162815660238 0.031018640846014 0.0352430418133736 0.038507979363203 0.0385188199579716 0.0385039150714874 0.042256772518158 0.0423681624233723 0.0425177589058876 0.0391044318675995 0.0360063202679157 0.0348231196403503 0.0350556373596191
0.0734055638313293 0.0696667060256004 0.0661091655492783 0.051855094730854 0.0475339889526367 0.0372862592339516 0.0320860669016838 0.0250137336552143 0.0225966963917017 0.0225884336978197 0.0215384643524885 0.0216086115688086 0.0239403806626797 0.0239903442561626 0.024013688787818 0.023998849093914 0.0239796992391348 0.0263526570051908 0.0262436736375093 0.0259113386273384 0.0297049358487129 0.0322299338877201 0.0318126566708088 0.0299873203039169 0.025934524834156 0.0236660018563271 0.0216003488749266 0.0215832181274891 0.0258704759180546 0.0306731034070253 0.0365385077893734 0.0385392382740974 0.0423483662307262 0.042142678052187 0.0421033054590225 0.0442671217024326 0.04215008020401 0.0422631651163101 0.0424967966973782 0.0427473150193691 0.0393369495868683 0.036105677485466 0.0347712188959122
0.0801506713032722 0.0762183740735054 0.063044935464859 0.0661159306764603 0.0549810230731964 0.0411105901002884 0.0322225913405418 0.027672940865159 0.026366988196969 0.0238954406231642 0.0227354094386101 0.0205739084631205 0.0227725375443697 0.027771508321166 0.02773149125278 0.0263127107173204 0.0262459795922041 0.028829263523221 0.0286618191748857 0.0297588929533958 0.0294362045824528 0.031985055655241 0.0347270518541336 0.0327057018876076 0.0295955799520016 0.0280712116509676 0.0268442016094923 0.0294531602412462 0.0320047177374363 0.0361165441572666 0.0452589131891727 0.0455175563693047 0.0458115339279175 0.046066902577877 0.0484676957130432 0.0460443086922169 0.0461664982140064 0.0463041961193085 0.0464990884065628 0.0426997393369675 0.0429886505007744 0.0394385680556297 0.0361183993518353
0.0917752087116241 0.0833711102604866 0.0802334472537041 0.0697939172387123 0.060554713010788 0.0477750636637211 0.037537045776844 0.0339658111333847 0.0307879466563463 0.0278878752142191 0.026438282802701 0.0251054354012012 0.023827163502574 0.0263036843389273 0.0276396255940199 0.0303781107068062 0.0302816554903984 0.0301518011838198 0.0313577726483345 0.0310944225639105 0.0322367623448372 0.0318473018705845 0.0314729809761047 0.0341950915753841 0.0321440137922764 0.0318345278501511 0.0317187830805779 0.0347725823521614 0.0379232801496983 0.0412362962961197 0.0492182187736034 0.049391683191061 0.049622930586338 0.0499192550778389 0.0502326153218746 0.0504566766321659 0.0505748800933361 0.0507324673235416 0.0509134531021118 0.046660877764225 0.0469549670815468 0.0430434755980968 0.0411223508417606
0.0998846143484116 0.0908520370721817 0.091916598379612 0.0801544189453125 0.0696985200047493 0.0551757700741291 0.0456890948116779 0.0393883846700191 0.0339207388460636 0.0355672240257263 0.0322444178164005 0.030622074380517 0.0276462398469448 0.0289636049419641 0.0319378562271595 0.0350512117147446 0.0331985726952553 0.0347831733524799 0.0328722968697548 0.0358998216688633 0.0338101908564568 0.0317860580980778 0.0345574840903282 0.0341119058430195 0.0369239374995232 0.0345672965049744 0.0377121903002262 0.0377104505896568 0.0412464402616024 0.0449436940252781 0.049091674387455 0.0537707544863224 0.0539356358349323 0.0542102679610252 0.0545999519526958 0.0549615956842899 0.0553056001663208 0.0528240948915482 0.0556787885725498 0.0559462420642376 0.0513187386095524 0.0514681562781334 0.0536980703473091
0.119968190789223 0.104068607091904 0.100430995225906 0.0876217409968376 0.0733770206570625 0.0668548420071602 0.0579292848706245 0.0526547022163868 0.0477909743785858 0.0412763766944408 0.0411172807216644 0.0354353934526443 0.031973410397768 0.0318417549133301 0.0350608602166176 0.0349608398973942 0.0348532050848007 0.0381502397358418 0.0379658192396164 0.035868052393198 0.0355983711779118 0.0368494763970375 0.0364476405084133 0.0341918468475342 0.0370707474648952 0.036569856107235 0.0378120243549347 0.0413159281015396 0.0450913906097412 0.0491751879453659 0.0536025874316692 0.0564007014036179 0.0587739050388336 0.0590270981192589 0.0593357011675835 0.0597657971084118 0.0572842098772526 0.0576527118682861 0.0609210580587387 0.061092883348465 0.0582514740526676 0.0583984106779099 0.0638725608587265
0.124567203223705 0.119240701198578 0.109703190624714 0.105716720223427 0.0967812314629555 0.0841986462473869 0.0702724456787109 0.0639389902353287 0.0552729777991772 0.0476924143731594 0.0475490652024746 0.0431401580572128 0.0388717018067837 0.0349689535796642 0.0385231748223305 0.0403546877205372 0.0402484945952892 0.0381064675748348 0.0379551313817501 0.0377800352871418 0.0357020646333694 0.0409960970282555 0.0385970175266266 0.0381336025893688 0.0393209718167782 0.040505688637495 0.0422574318945408 0.0437296666204929 0.0476187728345394 0.0539565049111843 0.0536750853061676 0.0615345500409603 0.0673051550984383 0.0675691515207291 0.064612053334713 0.0618978701531887 0.0622711591422558 0.0627821087837219 0.0631864815950394 0.0666750743985176 0.0635954886674881 0.0695084258913994 0.0691883191466331
0.147635489702225 0.148308232426643 0.143341794610023 0.132029801607132 0.121196873486042 0.0968874171376228 0.0885136425495148 0.0806908831000328 0.0699765533208847 0.0604839213192463 0.0549441985785961 0.0546407289803028 0.0405941791832447 0.0404231287539005 0.0444154031574726 0.0465224087238312 0.0441714897751808 0.0440654009580612 0.0417952872812748 0.041672270745039 0.0415061600506306 0.041278637945652 0.0409773774445057 0.0423131212592125 0.0418943613767624 0.0432078614830971 0.0468228235840797 0.0508780851960182 0.0552338138222694 0.0570128299295902 0.0589263401925564 0.0673564746975899 0.0733348950743675 0.0736247673630714 0.0703600123524666 0.0674157440662384 0.0678752064704895 0.0683084651827812 0.0687776207923889 0.069259375333786 0.0660699903964996 0.0753421485424042 0.074956513941288
0.200343698263168 0.167160615324974 0.161933168768883 0.156286716461182 0.126173615455627 0.115637131035328 0.105891436338425 0.0884538739919662 0.0767000392079353 0.0697573348879814 0.0633668079972267 0.0599473379552364 0.0513859614729881 0.0443567223846912 0.0463562346994877 0.0509197488427162 0.053521566092968 0.0440592207014561 0.0440963320434093 0.0418999120593071 0.0439683124423027 0.0437881425023079 0.0414090901613235 0.0450909100472927 0.0424258187413216 0.0460280366241932 0.0499217361211777 0.0514424294233322 0.0557748191058636 0.066114217042923 0.0623827315866947 0.0701414197683334 0.0735553130507469 0.0737679004669189 0.0740694925189018 0.0772778317332268 0.0739044919610023 0.0743093639612198 0.0748046785593033 0.0751444101333618 0.0717305094003677 0.0817147344350815 0.0812981277704239
0.211610317230225 0.212216645479202 0.202841579914093 0.184516981244087 0.156735897064209 0.14376762509346 0.121371529996395 0.0967626944184303 0.0883579179644585 0.0805032327771187 0.0630549564957619 0.0596306174993515 0.0562642626464367 0.0485442951321602 0.0507083609700203 0.0557735003530979 0.0585840158164501 0.0534811839461327 0.0509966090321541 0.0486199781298637 0.0486862249672413 0.0485939346253872 0.0483856089413166 0.045671571046114 0.0471717528998852 0.0511460192501545 0.055395320057869 0.0599101670086384 0.064737856388092 0.0666296929121017 0.072159007191658 0.0743212029337883 0.0740976259112358 0.0769667625427246 0.0810170471668243 0.0813262835144997 0.0739070475101471 0.0809364691376686 0.0812413692474365 0.0775679349899292 0.0740939080715179 0.0814767777919769 0.088221050798893
0.238139495253563 0.217610150575638 0.185090556740761 0.212965562939644 0.184606596827507 0.156594514846802 0.138664051890373 0.121010169386864 0.10141259431839 0.0839084461331367 0.0691893845796585 0.0685728043317795 0.0679803788661957 0.0673907324671745 0.0552992299199104 0.0666243582963943 0.0672341734170914 0.0674950256943703 0.0589995458722115 0.051415853202343 0.0538550764322281 0.0539285987615585 0.0537616796791553 0.0508523210883141 0.0551156289875507 0.0517819374799728 0.0589407682418823 0.0605273395776749 0.065433993935585 0.0706901997327805 0.0728291943669319 0.0751140266656876 0.081266313791275 0.0773666352033615 0.0773346498608589 0.0887413918972015 0.0846152976155281 0.0808336958289146 0.077207937836647 0.0842307731509209 0.0804217755794525 0.0841567292809486 0.088192917406559
0.295841217041016 0.259480834007263 0.205550730228424 0.202787056565285 0.212805971503258 0.184300631284714 0.150880590081215 0.138150751590729 0.116187512874603 0.0918787941336632 0.0837274715304375 0.0828705355525017 0.0817748978734016 0.0768514275550842 0.0726385414600372 0.0723493620753288 0.0697259232401848 0.0673656091094017 0.0750472024083138 0.0627361610531807 0.0657959654927254 0.0660197660326958 0.0628089159727097 0.0593466944992542 0.058602549135685 0.0573378354310989 0.0650921538472176 0.070267491042614 0.0721324756741524 0.0779536440968513 0.0800461024045944 0.082362525165081 0.0820020884275436 0.0847088694572449 0.0846719145774841 0.0846768245100975 0.0846864432096481 0.0808243378996849 0.0838458612561226 0.0800631120800972 0.0764087066054344 0.0914216041564941 0.0958409607410431
