data/climate_estimation/maxent_output/Alstroemeria_cunha.asc
NCOLS 102 
NROWS 191 
XLLCORNER -50.3333333333333 
YLLCORNER -29.6666666666667 
CELLSIZE 0.0833333333333333 
NODATA_value -3.4e+38 
[rows 0 to 19 of 191, columns 0 to 44 of 102]
0.000200603855774 0.000190344740985893 0.000235277402680367 0.000249020173214376 0.000194376756553538 0.000216182990698144 0.00023334713478107 0.000251373479841277 0.000262968300376087 0.000221835885895416 0.000275853060884401 0.000312819232931361 0.00033116529812105 0.00032276549609378 0.000322536448948085 0.000392697111237794 0.000420005351770669 0.00074302131542936 0.00133630842901766 0.00153174519073218 0.00135162437800318 0.000900072744116187 0.000608830247074366 0.000495741842314601 0.00137683306820691 0.000480446818983182 0.000683229533024132 0.000529603217728436 0.000660670979414135 0.000663995451759547 0.000301902793580666 0.00042646552901715 0.000324800028465688 0.000881081796251237 0.00251828227192163 0.00250931340269744 0.00167544698342681 0.00209518615156412 0.000803395872935653 0.00188087916467339 0.000733511405996978 0.000222332149860449 0.00012190779671073 0.000143064724397846 0.000151682557770982
0.000242419599089772 0.000235328174312599 0.000257224368397146 0.000217638444155455 0.000207122415304184 0.000214905652683228 0.000224989838898182 0.000253347010584548 0.00029922992689535 0.000218816217966378 0.000243947419221513 0.000411130429711193 0.000404406746383756 0.000342000043019652 0.000374082359485328 0.00046313542407006 0.000562595028895885 0.00140089937485754 0.00157592468895018 0.00252685486339033 0.00097287620883435 0.00105132488533854 0.000946033687796444 0.000537217245437205 0.000523577677085996 0.000553923775441945 0.00138529192190617 0.000505485688336194 0.000349984708009288 0.000370763125829399 0.00029518295195885 0.0003067433135584 0.000369864894310012 0.00100820022635162 0.00775126088410616 0.0066702920012176 0.00359948887489736 0.00185743882320821 0.00305360835045576 0.00406126864254475 0.000746410456486046 0.000147749335155822 0.000129528547404334 0.000146492209751159 0.000213992345379665
0.000272882083663717 0.000217798544326797 0.000221669732127339 0.000204538038815372 0.000225321477046236 0.000206783239264041 0.000175622917595319 0.000212657236261293 0.000244300870690495 0.000270649121375754 0.000263297028141096 0.000386038067517802 0.000352420058334246 0.000348852103343233 0.000449898449005559 0.000612200412433594 0.000778722635004669 0.00133771472610533 0.00097147811902687 0.000756563618779182 0.000678561744280159 0.000720355834346265 0.000548029667697847 0.000516549102030694 0.00047010276466608 0.00079724786337465 0.00102207693271339 0.000436487433034927 0.000381047429982573 0.000404268997954205 0.000432368164183572 0.000398561503970996 0.00243984558619559 0.0188913475722075 0.0279990918934345 0.0125790573656559 0.00545204477384686 0.00566072482615709 0.00618175230920315 0.00200258940458298 0.000200645139557309 0.000144321704283357 0.000161537667736411 0.000207698292797431 0.00021055739489384
0.000285780319245532 0.000230147372349165 0.000214947387576103 0.000235581188462675 0.00019830655946862 0.000177208799868822 0.000172492902493104 0.000193042651517317 0.000217981098103337 0.000232420235988684 0.0002530119381845 0.000285113288555294 0.000277377723250538 0.000426336482632905 0.000504061579704285 0.000582223234232515 0.000730478554032743 0.000716069247573614 0.000565079913940281 0.000569317839108407 0.000725041376426816 0.00050661654677242 0.000468405953142792 0.000652549671940506 0.000443936791270971 0.000512350350618362 0.000693320180289447 0.000549911346752197 0.000465569813968614 0.000412923225667328 0.000672674679663032 0.00262240646407008 0.0122801978141069 0.0254395771771669 0.0109736016020179 0.00239402474835515 0.000903441978152841 0.00213700765743852 0.000542519672308117 0.000188734600669704 0.000164139710250311 0.00015245187387336 0.000230694335186854 0.000275521219009534 0.000293863326078281
0.000268156552920118 0.000237392887356691 0.000225082010729238 0.000206732976948842 0.000197844725335017 0.00018662387446966 0.000205382995773107 0.000187247176654637 0.000193179672351107 0.00023030920419842 0.000306813948554918 0.000188116347999312 0.000219258814468049 0.000407617335440591 0.000574190285988152 0.000553931226022542 0.00041131503530778 0.000380244717234746 0.000311333365971223 0.000363829749403521 0.000510953541379422 0.000470323750050738 0.000624930777121335 0.000791905913501978 0.000422218552557752 0.000479072914458811 0.00062157615320757 0.000935224408749491 0.000579880666919053 0.000733292021322995 0.00495243398472667 0.0104469629004598 0.0118298977613449 0.0135438879951835 0.01176692917943 0.00522181903943419 0.00100716971792281 0.000297665130347013 0.000249669799814001 0.000251338555244729 0.000215566251426935 0.000237698885030113 0.000270709046162665 0.000388297950848937 0.000467644684249535
0.000247440504608676 0.00024298501375597 0.00020197757112328 0.000242749767494388 0.00020049540034961 0.000166569181601517 0.000143750134157017 0.000246920099016279 0.000253762467764318 0.000152156135300174 0.000171618317835964 0.000202824390726164 0.000205294025363401 0.000282572233118117 0.000385496707167476 0.0003830551286228 0.000369396060705185 0.000314900506054983 0.0003708110016305 0.000357106531737372 0.00035343089257367 0.000576048390939832 0.00101755280047655 0.00126055732835084 0.000441202282672748 0.000476016371976584 0.00066596211399883 0.000782093848101795 0.00101074459962547 0.00138499843887985 0.00517479609698057 0.00911673158407211 0.00843889079988003 0.0120792230591178 0.00934151001274586 0.00707169901579618 0.00164193927776068 0.00034247207804583 0.000301959487842396 0.0002723922370933 0.000238586420891806 0.000274162564892322 0.000382072961656377 0.000376878073439002 0.00046253961045295
0.000248232565354556 0.000230889170779847 0.00023945358407218 0.000212518323678523 0.000179613984073512 0.000152636057464406 0.000146199003211223 0.000164124925504439 0.000203590127057396 0.00018069235375151 0.000190056627616286 0.000194905922398902 0.000250391662120819 0.000280500360531732 0.00040017202263698 0.000272900360869244 0.000248640106292441 0.00033970334334299 0.000439484894741327 0.000461398100014776 0.000423515099100769 0.00123506039381027 0.0013981651281938 0.00176862650550902 0.000472313346108422 0.000486215460114181 0.000614553806371987 0.000854228157550097 0.0010057621402666 0.00106281694024801 0.00229945639148355 0.00373890483751893 0.00453286152333021 0.00537646841257811 0.00775381131097674 0.00708417873829603 0.00133235414978117 0.000347635475918651 0.00048263996723108 0.000278757128398865 0.000245472445385531 0.00036816974170506 0.000376272277208045 0.000406168721383438 0.00046430213842541
0.000216027023270726 0.000214118656003848 0.000202191789867356 0.000226619333261624 0.000124052181490697 0.000166631565662101 0.000171536492416635 0.000185611948836595 0.000177161477040499 0.000181496929144487 0.000220452595385723 0.00023900049563963 0.00045169738586992 0.000417793955421075 0.000274235615506768 0.000259809312410653 0.000256316299783066 0.000318042031722143 0.000429427454946563 0.000672158785164356 0.000951961148530245 0.00153125880751759 0.0024258503690362 0.00133895862381905 0.000591591233387589 0.000483211275422946 0.000473600579425693 0.00116981624159962 0.00151189998723567 0.00132913165725768 0.00154818524606526 0.00334877474233508 0.00498318998143077 0.0086188605055213 0.00525850662961602 0.00642691506072879 0.00103426340501755 0.000452308187959716 0.000511928054038435 0.000346094340784475 0.000357491517206654 0.000350445130607113 0.000364290492143482 0.000416858907556161 0.000467802427010611
0.0002359549398534 0.000167767808306962 0.00017274179845117 0.000154294917592779 0.000152008811710402 0.000141921525937505 0.000182662042789161 0.0001784904015949 0.000200820053578354 0.000182141200639307 0.000265415845206007 0.000376661831978709 0.000596510828472674 0.000333935167873278 0.000280423177173361 0.000261241919361055 0.000268750300165266 0.000357743701897562 0.000534864084329456 0.00105488358531147 0.000989832333289087 0.00084779632743448 0.00166058703325689 0.000770310580264777 0.000705121143255383 0.000540219305548817 0.000502746901474893 0.000730388797819614 0.00122048694174737 0.00239728204905987 0.00376704731024802 0.002639792393893 0.00341584417037666 0.00446570757776499 0.00496937334537506 0.00608915090560913 0.000765883480198681 0.000442582386313006 0.000450475112302229 0.000394412403693423 0.000424360303441063 0.000434613553807139 0.000422353448811918 0.000441583659267053 0.000601695210207254
0.000243440343183465 0.000192020175745711 0.000193004045286216 0.00017231801757589 0.000176376852323301 0.00016375511768274 0.000193626285181381 0.000221278096432798 0.000220727582927793 0.000209948324481957 0.000467725418275222 0.000876417732797563 0.000609395152423531 0.000313869270030409 0.000310926319798455 0.000233245649724267 0.000258430343819782 0.000505983945913613 0.00076168158557266 0.000904336862731725 0.00112983514554799 0.000899546837899834 0.00149051274638623 0.00129155069589615 0.000895453675184399 0.00086587609257549 0.0006046382477507 0.00107689807191491 0.00198557903058827 0.00307769444771111 0.00324632949195802 0.00521147903054953 0.00361592508852482 0.00414853449910879 0.00435015326365829 0.00431806547567248 0.000581279397010803 0.000473954598419368 0.000443784578237683 0.000417135306634009 0.000460704904980958 0.000473940948722884 0.00049454893451184 0.000608860806096345 0.00063312757993117
0.000285613728919998 0.000246680079726502 0.000252027704846114 0.000362697290256619 0.000307871698169038 0.000216920059756376 0.000219113819184713 0.000244724011281505 0.000401763274567202 0.000349107256624848 0.00104774942155927 0.00125778198707849 0.00133578141685575 0.000531791476532817 0.000282652879832312 0.00025134373572655 0.000268765812506899 0.000472770974738523 0.000432240340160206 0.000595941499341279 0.00100926740560681 0.00153783557470888 0.00142854207661003 0.0019038044847548 0.00156695453915745 0.000912395829800516 0.000884637876879424 0.00477185193449259 0.00652523711323738 0.00806713290512562 0.00371641339734197 0.00512662716209888 0.00523600773885846 0.00502693094313145 0.00571158202365041 0.00134274084120989 0.000568488263525069 0.000499891466461122 0.000482984585687518 0.000530110439285636 0.000488947262056172 0.00054989306954667 0.000702729448676109 0.000580548075959086 0.00086373055819422
0.000291829608613625 0.000272019562544301 0.000340546655934304 0.000546360039152205 0.000301321008009836 0.000255456834565848 0.000358949037035927 0.000405124679673463 0.000676115392707288 0.000622205319814384 0.00102472945582122 0.000621314102318138 0.00105853797867894 0.000460236653452739 0.00040356200770475 0.00037601895746775 0.000395309616578743 0.000492645835038275 0.000833272468298674 0.000649978930596262 0.00076640461338684 0.00123603141400963 0.00222209235653281 0.00314237596467137 0.00216406234540045 0.0015496036503464 0.00256109633482993 0.00476009817793965 0.0063736573792994 0.00937715545296669 0.00666686054319143 0.010251360014081 0.00976201053708792 0.00594082288444042 0.00495382025837898 0.00098193739540875 0.000633506802842021 0.000597237609326839 0.000566125730983913 0.00052608287660405 0.000572264892980456 0.000770499114878476 0.000877972517628223 0.000857644714415073 0.00139173830393702
0.000351677765138447 0.0003931378305424 0.000388639600714669 0.000458678230643272 0.000361052487278357 0.00041787966620177 0.000376451964257285 0.000703296682331711 0.0015586456283927 0.00141558644827455 0.00100957555696368 0.000748186372220516 0.000563029083423316 0.000557043473236263 0.000514872372150421 0.000580565189011395 0.000769666396081448 0.00135359039995819 0.00145410269033164 0.000656015996355563 0.000831024721264839 0.00106127990875393 0.00235075154341757 0.00258177448995411 0.00520101888105273 0.0051018912345171 0.0044371853582561 0.00885527115315199 0.00846724770963192 0.00929566193372011 0.00957733578979969 0.00959124229848385 0.0103282611817122 0.00782677624374628 0.00304197892546654 0.000816854182630777 0.00070795591454953 0.000681319390423596 0.000665433879476041 0.000656387535855174 0.000656400166917592 0.000980790122412145 0.00118867168202996 0.00127491843886673 0.00177013874053955
0.000313995347823948 0.000439831521362066 0.000550947792362422 0.000588031020015478 0.000562627043109387 0.000771746796090156 0.000932039227336645 0.00123100599739701 0.00146896706428379 0.00115028873551637 0.000930609588976949 0.00077643891563639 0.000662292644847184 0.000683469988871366 0.000775985128711909 0.000812179350759834 0.00113497115671635 0.00196120515465736 0.00117667950689793 0.000867947761435062 0.00092970603145659 0.00213451171293855 0.00387346697971225 0.00430994434282184 0.0070496192201972 0.00630260678008199 0.00791405141353607 0.00749387592077255 0.00857494305819273 0.0083426283672452 0.0088041964918375 0.00838597770780325 0.010602779686451 0.0107770059257746 0.00349533790722489 0.00186308042611927 0.000919282203540206 0.000822367670480162 0.000831522513180971 0.000796101521700621 0.00106432929169387 0.00109390437137336 0.00141166266985238 0.00119963043835014 0.00193614815361798
0.000355006312020123 0.00040763386641629 0.000452524545835331 0.000822658650577068 0.00114856159780174 0.0019952820148319 0.00212566484697163 0.00189095141831785 0.00143756531178951 0.000824854243546724 0.000764606462325901 0.000781936978455633 0.000698410149198025 0.000862901157233864 0.000832071527838707 0.00108364666812122 0.00196860800497234 0.00120877544395626 0.000822165049612522 0.000650251808110625 0.00076491228537634 0.0013854248682037 0.00251528457738459 0.00309089990332723 0.0033123642206192 0.00311117363162339 0.00519610615447164 0.00499665876850486 0.00383375445380807 0.00398484291508794 0.00494784582406282 0.00681915041059256 0.0136151984333992 0.00562715763226151 0.0017673010006547 0.00322088203392923 0.00116347044240683 0.000956998439505696 0.000918089703191072 0.0010510286083445 0.00365373492240906 0.00637265434488654 0.00641369819641113 0.00259173288941383 0.00231647538021207
0.000412268127547577 0.000402549660066143 0.000482453149743378 0.00124879321083426 0.00195243768393993 0.00189179531298578 0.00204262509942055 0.00126711942721158 0.000964701699558645 0.00102009589318186 0.0009579609031789 0.000756369903683662 0.000912800314836204 0.00094927940517664 0.000953547016251832 0.00281201489269733 0.00268712779507041 0.000875410216394812 0.00102186459116638 0.00117544329259545 0.000929589092265815 0.00241934484802186 0.00242513022385538 0.00181551137939095 0.00205307640135288 0.00212625088170171 0.00287822238169611 0.00332187302410603 0.00359260640107095 0.00327303563244641 0.00433184718713164 0.00500219780951738 0.0130626913160086 0.00468428479507565 0.0016843460034579 0.00256312382407486 0.00242477213032544 0.00121941522229463 0.00137383921537548 0.00148257694672793 0.00438631419092417 0.0114647699519992 0.0105898333713412 0.00975311454385519 0.00450360449030995
0.000533221988007426 0.000558616826310754 0.000550331198610365 0.00160965044051409 0.00196968857198954 0.00178158178459853 0.00154780759476125 0.00149479345418513 0.0014698103768751 0.00117085012607276 0.000848667987156659 0.000895303965080529 0.00114886660594493 0.00162324821576476 0.00150469632353634 0.00249292701482773 0.00143311859574169 0.000916069722734392 0.00130815897136927 0.0014177318662405 0.00145471293944865 0.00197669956833124 0.00188574020285159 0.00160119822248816 0.00150259432848543 0.00177699304185808 0.00231891265138984 0.0025968081317842 0.00339103955775499 0.00363836134783924 0.00410608062520623 0.00759179191663861 0.018215861171484 0.00760590517893434 0.00231626047752798 0.00256488658487797 0.0031164416577667 0.00280428701080382 0.0016155643388629 0.00160223874263465 0.00445158872753382 0.0131243346258998 0.0117421234026551 0.0104354238137603 0.0100514404475689
0.000520214671269059 0.000694778515025973 0.00104915606789291 0.00226453458890319 0.00250389659777284 0.00206845253705978 0.0019985509570688 0.00266434089280665 0.00156802718993276 0.000953498703893274 0.00101677852217108 0.00146664108615369 0.00188734708353877 0.0025525304954499 0.00221442012116313 0.00241384608671069 0.000994946924038231 0.000924918276723474 0.00141549913678318 0.00163483084179461 0.00152212055400014 0.0014181116130203 0.00314530613832176 0.0021048525813967 0.00222740438766778 0.00245555536821485 0.00299111381173134 0.00280844047665596 0.00441586645320058 0.00669760257005692 0.00682355463504791 0.00699777295812964 0.0138920154422522 0.0208393484354019 0.00287093571387231 0.00234243297018111 0.003194869030267 0.00521890632808208 0.00267346063628793 0.00281079718843102 0.00693201646208763 0.0157259590923786 0.0153072038665414 0.0119200516492128 0.0122669525444508
0.000655815936625004 0.000898351368959993 0.00118439481593668 0.00250009982846677 0.00247178599238396 0.0026843014638871 0.00193937111180276 0.00241544470191002 0.00169723224826157 0.0016149296425283 0.00146672560367733 0.00111620977986604 0.00180446484591812 0.00284941773861647 0.00151335762348026 0.00130884011741728 0.00102429965045303 0.00118083297275007 0.00169722817372531 0.00204301509074867 0.00156652939040214 0.00152489298488945 0.00198391103185713 0.0023157091345638 0.00316911144182086 0.00284887687303126 0.00368497590534389 0.00386410625651479 0.00386418029665947 0.00723497150465846 0.00834426376968622 0.00928583648055792 0.0156186800450087 0.0230867024511099 0.00518327765166759 0.002742511453107 0.00328500475734472 0.00686060823500156 0.00548622477799654 0.00393668096512556 0.00735953263938427 0.0162117555737495 0.0172705240547657 0.0151739371940494 0.013556026853621
0.000552839948795736 0.000676422438118607 0.00187851814553142 0.00185005203820765 0.00194487988483161 0.00176611973438412 0.00173000397626311 0.00134698743931949 0.00114762980956584 0.00130361050833017 0.00152003369294107 0.00127667014021426 0.00105399021413177 0.0011021364480257 0.00125176645815372 0.00136746093630791 0.00116771017201245 0.00136148429010063 0.00163869943935424 0.00292703742161393 0.00182657979894429 0.00170335790608078 0.00239489041268826 0.00353978062048554 0.00640790676698089 0.00380596937611699 0.00511534605175257 0.00538200465962291 0.00589299760758877 0.00698788138106465 0.0106079615652561 0.0149810062721372 0.0145565513521433 0.0214127078652382 0.0142010347917676 0.00396509328857064 0.00467127142474055 0.00628023594617844 0.00946543458849192 0.00596996722742915 0.0103181302547455 0.0174166318029165 0.0190548673272133 0.0153889106586576 0.0144364181905985
