data/climate_estimation/maxent_output/Alstroemeria_aurea.asc
NCOLS 80 
NROWS 311 
XLLCORNER -73.5833333333333 
YLLCORNER -55.3333333333333 
CELLSIZE 0.0833333333333334 
NODATA_value -3.4e+38 
[rows 266 to 284 of 311, columns 0 to 43 of 80]
0.0022370817605406 0.0027926117181778 0.00367999006994069 0.0054023708216846 0.00774271227419376 0.0126729840412736 0.0129670724272728 0.0152034815400839 0.0162482000887394 0.0484007000923157 0.101916022598743 0.149320304393768 0.173627719283104 0.081540435552597 0.0659757107496262 0.0793696045875549 0.0817717984318733 0.0832527503371239 0.0787781551480293 0.0809010043740273 0.0772881656885147 0.080113373696804 0.0769640877842903 0.0668910890817642 0.0586532093584538 0.0537690743803978 0.0423070527613163 0.0355221852660179 0.0278016440570354 0.027896961197257 0.0254023633897305 0.0253085810691118 0.0180770102888346 0.0192955005913973 0.0192411001771688 0.0194005575031042 0.0170118659734726 0.0183589961379766 0.0194918997585773 0.0195214673876762 0.0221610777080059 0.0222062468528748 0.0235567167401314 0.025253351777792
0.00213428260758519 0.00264904415234923 0.00331344245932996 0.0050191730260849 0.00628262618556619 0.00963235460221767 0.0201409813016653 0.0278228186070919 0.0328717939555645 0.0376894436776638 0.0723490417003632 0.142703324556351 0.203627169132233 0.146722078323364 0.120504222810268 0.0796566903591156 0.0795790106058121 0.0820513665676117 0.077343724668026 0.0800075605511665 0.0771584585309029 0.078767754137516 0.0756815820932388 0.0657224804162979 0.0577851459383965 0.048741415143013 0.0416430234909058 0.0394072309136391 0.0358176752924919 0.0310294777154922 0.0279438439756632 0.0253135617822409 0.0201215092092752 0.0200171135365963 0.0193013437092304 0.0204781387001276 0.0205001197755337 0.0218790210783482 0.0193384308367968 0.0205380208790302 0.0204838663339615 0.0235739666968584 0.0252101197838783 0.0248139053583145
0.00195276038721204 0.00232829386368394 0.00335522065870464 0.0046965223737061 0.00600127642974257 0.00868730992078781 0.0133105078712106 0.0259396880865097 0.0451437830924988 0.0543761849403381 0.0691308528184891 0.109854333102703 0.144559100270271 0.139614328742027 0.128497540950775 0.0925876423716545 0.0791568979620934 0.0808478221297264 0.0760077238082886 0.07218037545681 0.0744642019271851 0.0776859521865845 0.0726748034358025 0.0695983916521072 0.0564459376037121 0.0480785816907883 0.0484157577157021 0.0352356694638729 0.0323575101792812 0.0323575101792812 0.0272235330194235 0.027431657537818 0.0197974722832441 0.0214428640902042 0.0214913785457611 0.0192736964672804 0.0204907190054655 0.021797951310873 0.0232788436114788 0.0247656032443047 0.0247981771826744 0.026604775339365 0.0266182199120522 0.030352633446455
0.00171869748737663 0.00217789225280285 0.00261559290811419 0.00452529452741146 0.00533603969961405 0.00798073317855597 0.00962501112371683 0.0189951788634062 0.0316394679248333 -3.4e+38 0.058724582195282 0.09189622849226 0.119276449084282 0.108058258891106 0.110983423888683 0.0935240015387535 0.0764332935214043 0.0795846357941628 0.0674540400505066 0.070226714015007 0.0669573768973351 0.0691794753074646 0.0653064623475075 0.0680918768048286 0.0645969435572624 0.0567405559122562 0.0482867173850536 0.0417625419795513 0.0354227684438229 0.0323685891926289 0.0325661562383175 0.0235249865800142 0.0237725917249918 0.0212713126093149 0.0227785743772984 0.0226833280175924 0.0203093960881233 0.0217997450381517 0.0233941953629255 0.0266477279365063 0.0269273668527603 0.0284412242472172 0.0284553542733192 0.0301811005920172
0.00151656696107239 0.00200747046619654 0.0023520530667156 0.00399335706606507 0.00459463382139802 0.00742621440440416 0.00833690911531448 0.0165142584592104 0.0245606787502766 0.0191351510584354 0.0507079735398293 0.0523551031947136 0.0726792067289352 0.0793845728039742 0.0750497877597809 0.0679168477654457 0.0655786246061325 0.0662554875016212 0.0636446923017502 0.0677520707249641 0.0645313486456871 0.0669802352786064 0.069196879863739 0.0664297863841057 0.0630407780408859 0.0610161609947681 0.0530844330787659 0.0493756085634232 0.042508952319622 0.0357137434184551 0.0327114537358284 0.0284626949578524 0.0259331986308098 0.025766409933567 0.0277771037071943 0.023028327152133 0.0246672295033932 0.0262146145105362 0.0250878352671862 0.0249747764319181 0.025204136967659 0.0284377355128527 0.0283721126616001 0.0281948503106833
0.0013834279961884 0.00176260469015688 0.002168690552935 0.00291483663022518 0.00420454470440745 0.0057634599506855 0.00778911402449012 0.0125678656622767 0.014959211461246 0.0212529450654984 0.0370228737592697 0.0288090836256742 0.0469131469726562 0.0638265013694763 0.052061103284359 0.0476339757442474 0.0519116595387459 0.0562610849738121 0.0587889105081558 0.0570810288190842 0.0601981580257416 0.0581917762756348 0.0603142566978931 0.0630678161978722 0.0615027025341988 0.0589477308094501 0.0551121458411217 0.0575918145477772 0.0505559258162975 0.0397568047046661 0.0362827777862549 0.0319366790354252 0.0288102086633444 0.0285542942583561 0.0255342721939087 0.0277065597474575 0.0247534178197384 0.0245114006102085 0.0263011399656534 0.0301681533455849 0.0320578180253506 0.0297665037214756 0.0338241718709469 0.035642646253109
0.000956127943936735 0.00159871485084295 0.00196330854669213 0.00233436468988657 0.00392071297392249 0.00498059717938304 0.00719556678086519 0.00851345807313919 0.0111065348610282 0.0160891581326723 0.0228797551244497 0.0316831506788731 0.0426042526960373 0.0491305440664291 0.0333822332322598 0.041586522012949 0.041178684681654 0.0459491349756718 0.0486722104251385 0.0514252632856369 0.0491016730666161 0.0524957925081253 0.05642469227314 0.0552790313959122 0.0516737326979637 0.0602825656533241 0.0584605075418949 0.0602348074316978 0.0527321770787239 0.0404600836336613 0.0371667854487896 0.0376945622265339 0.0335112549364567 0.0281431693583727 0.0316605307161808 0.0266654267907143 0.0287335626780987 0.0284300316125154 0.0269333980977535 0.0289065297693014 0.0303965490311384 0.0323516502976418 0.0349329262971878 0.0336321815848351
0.00083331111818552 0.00133165973238647 0.00167519180104136 0.00222325837239623 0.00330899236723781 0.00417300825938582 0.00485373055562377 0.00774503313004971 0.00977244507521391 0.0108381258323789 0.0165345743298531 0.0190847981721163 0.0333769842982292 0.0369614288210869 0.0305546037852764 0.0336293242871761 0.0353153385221958 0.0397771261632442 0.0416917502880096 0.0441813059151173 0.0462562628090382 0.0490924715995789 0.0531372502446175 0.0512105822563171 0.0549642145633698 0.052844200283289 0.0504410862922668 0.0569672994315624 0.0540103279054165 0.0453522875905037 0.042530719190836 0.0357980504631996 0.0300677195191383 0.0347610265016556 0.0310506280511618 0.0310506280511618 0.0274842660874128 0.0295811835676432 0.0308345537632704 0.0333310589194298 0.0324273556470871 0.0345235057175159 0.0369557179510593 0.0356963388621807
0.000714204856194556 0.00116363307461143 0.00147023773752153 0.00186843727715313 0.00245993537828326 0.00382866081781685 0.00454055657610297 0.00563224544748664 0.00811922270804644 0.0103407939895988 0.0126326102763414 0.0183599255979061 0.0255815275013447 0.0253051985055208 0.0272485427558422 0.025019071996212 0.0266252756118774 0.028425132855773 0.0337889678776264 0.0352835170924664 0.0411516278982162 0.0427775084972382 0.0484687015414238 0.0477669052779675 0.046477634459734 0.0496201030910015 0.051794022321701 0.0541915446519852 0.0509540364146233 0.0464473627507687 0.0445177853107452 0.0413914136588573 0.0372475124895573 0.0365313217043877 0.0328335240483284 0.0317083522677422 0.0317457653582096 0.0317457653582096 0.0288420468568802 0.0293295085430145 0.0319840610027313 0.0310900695621967 0.0326405726373196 0.0333086140453815
0.00060465035494417 0.000783406314440072 0.00128653086721897 0.00160617381334305 0.00207421951927245 0.00253475550562143 0.00384093099273741 0.00468713603913784 0.00603327108547091 0.00869807600975037 0.0108253117650747 0.0122365951538086 0.0154725536704063 0.0185476318001747 0.0208900813013315 0.0218878425657749 0.0238998215645552 0.0265572108328342 0.030718008056283 0.0327370725572109 0.0352485850453377 0.0383816622197628 0.0382762216031551 0.0409241206943989 0.0464572347700596 0.0446023754775524 0.0488296411931515 0.0503483489155769 0.0481230393052101 0.043427973985672 0.0444482713937759 0.0451173149049282 0.0440433137118816 0.0349497385323048 0.0375561378896236 0.0321907922625542 0.0289571955800056 0.0307078696787357 0.034176342189312 0.0340489968657494 0.0324810780584812 0.0357123501598835 0.0354220382869244 0.0353212393820286
0.000537830870598555 0.000622916966676712 0.000988364103250206 0.00140560243744403 0.00175721000414342 0.00226768385618925 0.00331944995559752 0.00409839441999793 0.00524180615320802 0.00601905537769198 0.00695158587768674 0.0102969976142049 0.0130711495876312 0.0152678312733769 0.0188392214477062 0.018746679648757 0.0216987356543541 0.0268328450620174 0.0282533429563046 0.0311643816530704 0.029181694611907 0.0352354049682617 0.034886185079813 0.0375128090381622 0.0387840792536736 0.0405946858227253 0.0395678840577602 0.0421599745750427 0.0386404618620872 0.0367113798856735 0.0444115065038204 0.0438742786645889 0.0421543195843697 0.0385827533900738 0.0331674180924892 0.0323686301708221 0.0300987809896469 0.0296271927654743 0.0299613736569881 0.0351513251662254 0.0371689423918724 0.0357010029256344 0.0315207131206989 0.0311163645237684
0.000409447791753337 0.0005592658999376 0.000686519488226622 0.001097516505979 0.00148079672362655 0.00195293931756169 0.00241231545805931 0.00311232591047883 0.00449399277567863 0.00518240965902805 0.00624322704970837 0.00797737296670675 0.0100182695314288 0.0109216114506125 0.0139398667961359 0.0177678670734167 0.0212866254150867 0.0238672941923141 0.0234985072165728 0.0253324937075377 0.0281835980713367 0.031134270131588 0.0331279598176479 0.0326313823461533 0.0352928005158901 0.0388146750628948 0.0366739295423031 0.0380521230399609 0.0392112359404564 0.035756777971983 0.0365469306707382 0.0408906787633896 0.0402993261814117 0.0354843698441982 0.0305989608168602 0.0324770957231522 0.0305585209280252 0.0313445217907429 0.0323584787547588 0.033849224448204 0.0375494062900543 0.0354215651750565 0.0345432795584202 0.0328265801072121
0.000370200868928805 0.000460533367004246 0.000578780542127788 0.000939112680498511 0.00134736660402268 0.001671546488069 0.00212908023968339 0.00262559065595269 0.00324235181324184 0.00399132072925568 0.00462694326415658 0.00675421115010977 0.00841032806783915 0.00990256108343601 0.0103334812447429 0.0153382811695337 0.0153697058558464 0.0171415042132139 0.0199065841734409 0.0204087980091572 -3.4e+38 -3.4e+38 -3.4e+38 0.0292608588933945 0.0308082588016987 0.0328131169080734 0.035333689302206 0.0338137112557888 0.0323333665728569 0.0330675132572651 0.0350500643253326 0.0355147942900658 0.0354939214885235 0.038150928914547 0.0342751368880272 0.0300111100077629 0.0307781770825386 0.0299767814576626 0.0320408642292023 0.0327989980578423 0.0337618142366409 0.0322411805391312 -3.4e+38 -3.4e+38
0.00030276903999038 0.000390504021197557 0.000474116124678403 0.000714952126145363 0.000925381085835397 0.00130617967806756 0.00157548615243286 0.00225797272287309 0.00268926820717752 0.00329488608986139 0.00405601738020778 0.00491287373006344 0.0055396263487637 0.00767550943419337 0.00878026802092791 0.0120528228580952 0.0133730871602893 0.0145554784685373 0.0172019843012094 0.0198581125587225 0.0213413275778294 0.0206436272710562 0.0227253511548042 0.025255735963583 0.027741227298975 0.0295870900154114 0.0290198903530836 0.0317415557801723 0.0288662388920784 0.0303714461624622 0.031403049826622 0.0327390171587467 0.0332035347819328 0.0374446511268616 0.0348551608622074 0.0377908200025558 0.0340541116893291 0.0369182452559471 0.0309875700622797 0.0303483121097088 0.0307829976081848 0.0333395525813103 -3.4e+38 -3.4e+38
0.000270768592599779 0.000334597832988948 0.000419603835325688 0.000547767151147127 0.00074960890924558 0.0012541520409286 0.00152100762352347 0.00195283174980432 0.00238708825781941 0.00295662949793041 0.00358277978375554 0.00413744198158383 0.0053435037843883 0.00692888116464019 0.00795103702694178 0.0102064702659845 0.0115915574133396 0.0130342692136765 0.0147234993055463 0.0165827106684446 0.0184449013322592 0.019717188552022 0.0195080321282148 0.0229213032871485 0.0247475262731314 0.0262244623154402 0.0303265023976564 0.0313986577093601 0.03260463103652 0.0346747562289238 0.0293011758476496 0.0324465185403824 0.0302732829004526 0.0305732823908329 0.036503866314888 0.0392319113016129 -3.4e+38 0.0305702779442072 0.0306621305644512 0.0315135456621647 0.035501841455698 0.0327167026698589 0.0339888967573643 -3.4e+38
0.000252649449976161 0.000322096602758393 0.000407789077144116 0.000532569945789874 0.000688780331984162 0.00114075571764261 0.00131170055828989 0.00174714438617229 0.00183765753172338 0.00226551131345332 0.00314218224957585 0.00377211347222328 0.00450637424364686 0.00529297487810254 0.0070179239846766 0.00794846843928099 0.0100229410454631 0.00932385679334402 0.0127371400594711 0.0133531531319022 0.0143080716952682 0.0159344989806414 0.0180896017700434 0.0202356334775686 0.0225631520152092 0.0251987688243389 -3.4e+38 -3.4e+38 -3.4e+38 0.0325292833149433 0.0369806885719299 0.0338558852672577 0.0383925512433052 0.0363963097333908 0.0407131314277649 0.0394477732479572 0.0378541499376297 -3.4e+38 -3.4e+38 0.0362855494022369 0.0317965783178806 0.0331033654510975 0.0384781807661057 0.0373862013220787
0.000222967602894641 0.000290701544145122 0.000359427853254601 0.000468497630208731 0.000591076852288097 0.0007328997598961 0.00119370513129979 0.00128907093312591 0.00167899415828288 0.00230618822388351 0.00267417402938008 0.0027149710804224 0.00320497108623385 0.00472841458395123 0.00517932279035449 0.00597881805151701 0.00790456030517817 0.0099411578848958 0.0110690668225288 0.0117579633370042 0.013070628978312 0.0145072806626558 0.0165785700082779 -3.4e+38 -3.4e+38 -3.4e+38 -3.4e+38 0.027613190934062 0.0295336004346609 0.03125936165452 0.036447886377573 0.0397349558770657 0.0436066277325153 0.043466255068779 -3.4e+38 0.0368877835571766 0.0391832441091537 0.0397730953991413 0.0407931990921497 -3.4e+38 -3.4e+38 0.0417582802474499 0.0355100519955158 0.0386668518185616
-3.4e+38 0.000279063708148897 0.000351067807059735 0.000455971108749509 0.000533370184712112 0.000677782052662224 0.000835298444144428 0.0011652463581413 0.00150314485654235 0.0017815645551309 0.00211203284561634 0.0028364600148052 0.00338707771152258 0.00399472890421748 0.00486890086904168 0.00541938515380025 0.00614415109157562 0.00693884119391441 0.00888091791421175 0.00914373341947794 0.0116398651152849 -3.4e+38 -3.4e+38 -3.4e+38 -3.4e+38 -3.4e+38 0.0240254644304514 0.026182733476162 0.0280844774097204 0.0322952568531036 0.0331264212727547 0.0394226014614105 0.0458246394991875 0.05294019728899 -3.4e+38 -3.4e+38 -3.4e+38 0.0524966083467007 0.050472304224968 0.0565485395491123 0.0508182272315025 0.0489765554666519 0.0484630428254604 0.045422088354826
0.0001513112365501 0.000242539084865712 0.00032540297252126 0.000377205404220149 0.000482234929222614 0.000607410969678313 0.000713793444447219 0.00103326153475791 0.00109794398304075 0.00165497127454728 0.00183147483039647 0.00258628604933619 0.00262622674927115 0.00350741972215474 0.00408706022426486 0.00471136998385191 0.00561721343547106 0.00641592778265476 0.00744541035965085 0.00813416857272387 0.00968101900070906 -3.4e+38 -3.4e+38 0.0140102170407772 0.0134924855083227 0.0146008646115661 0.020670909434557 0.0219527874141932 0.0223542116582394 0.0240102857351303 0.0268437881022692 0.0389779321849346 0.048946738243103 -3.4e+38 -3.4e+38 -3.4e+38 -3.4e+38 0.0567242652177811 0.0536778979003429 0.0521851219236851 0.0520438030362129 0.0430838614702225 0.044123936444521 0.0426076203584671
