data/climate_estimation/maxent_output/Alstroemeria_patagonica.asc
NCOLS 98 
NROWS 235 
XLLCORNER -73.1666666666667 
YLLCORNER -54.5 
CELLSIZE 0.0833333333333334 
NODATA_value -3.4e+38 
[rows 0 to 20 of 235, columns 0 to 46 of 98]
-339999999999999996123846586046231871488.000000000000000 -3.4e+38 -3.4e+38 -3.4e+38 -3.4e+38 -3.4e+38 -3.4e+38 -3.4e+38 -3.4e+38 -3.4e+38 -3.4e+38 0.00706565612927079 0.0196000579744577 0.0272792261093855 0.0215507131069899 0.0149715635925531 0.0163808763027191 0.013907615095377 0.0109259644523263 0.013588935136795 0.0146479485556483 0.0091885756701231 0.00874428264796734 0.00879995804280043 0.013649364002049 0.0156268030405045 0.0235064718872309 0.032029815018177 0.0865782648324966 0.136610329151154 0.216540902853012 0.289002448320389 0.248702347278595 0.394473522901535 0.528645038604736 0.468259453773499 0.559827446937561 0.617100954055786 0.621832191944122 0.457478642463684 0.362608671188354 0.298800677061081 0.345489889383316 0.256243497133255 0.206622123718262 0.19962240755558 0.174931943416595
-3.4e+38 -3.4e+38 -3.4e+38 -3.4e+38 -3.4e+38 -3.4e+38 -3.4e+38 -3.4e+38 -3.4e+38 -3.4e+38 -3.4e+38 0.00713570509105921 0.0123102460056543 0.0100908176973462 0.0125688575208187 0.0209720358252525 0.016493970528245 0.0107607254758477 0.0125672603026032 0.0115701220929623 0.00952977407723665 0.01260922010988 0.00902172178030014 0.0103455819189548 0.015631889924407 0.0184928588569164 0.0361842885613441 0.0586116760969162 0.0614252910017967 0.0938673466444016 0.164018094539642 0.170832514762878 0.261693775653839 0.446480482816696 0.408967196941376 0.437412530183792 0.522402107715607 0.622284829616547 0.626005411148071 0.508142828941345 0.407807379961014 0.251711785793304 0.236114144325256 0.188780277967453 0.176123172044754 0.159796342253685 0.147015273571014
-3.4e+38 -3.4e+38 -3.4e+38 -3.4e+38 -3.4e+38 -3.4e+38 -3.4e+38 -3.4e+38 -3.4e+38 -3.4e+38 0.0117463441565633 0.0111343404278159 0.0286615584045649 0.0261357743293047 0.0125005804002285 0.0242238938808441 0.0207829773426056 0.0129229668527842 0.0101746059954166 0.0121864574030042 0.0132396034896374 0.0116243828088045 0.0092487670481205 0.0113965654745698 0.0165122505277395 0.0269143767654896 0.0492633245885372 0.0730239897966385 0.0794156938791275 0.158386304974556 0.264239281415939 0.315088391304016 0.251169115304947 0.391248017549515 0.371897667646408 0.356691360473633 0.50107079744339 0.498362243175507 0.432580888271332 0.483652532100677 0.385600000619888 0.250139147043228 0.223596885800362 0.200542211532593 0.187445864081383 0.16382996737957 0.16970194876194
-3.4e+38 -3.4e+38 -3.4e+38 -3.4e+38 -3.4e+38 -3.4e+38 -3.4e+38 -3.4e+38 -3.4e+38 0.0190098024904728 0.0180200655013323 0.0356803238391876 0.0253720860928297 0.0286633353680372 0.0233889371156693 0.0254315380007029 0.0177455861121416 0.0133268665522337 0.014009834267199 0.0116966459900141 0.0117323426529765 0.00956913828849792 0.0105988206341863 0.0126389171928167 0.02027453109622 0.0283007062971592 0.0473833158612251 0.108251966536045 0.165015235543251 0.217469230294228 0.268147677183151 0.376830995082855 0.370695173740387 0.380949258804321 0.34068351984024 0.435786783695221 0.482868850231171 0.417880028486252 0.505922198295593 0.465300679206848 0.342289417982101 0.242202371358871 0.199874222278595 0.191868990659714 0.172313362360001 0.181316897273064 0.181761085987091
-3.4e+38 -3.4e+38 -3.4e+38 -3.4e+38 -3.4e+38 -3.4e+38 -3.4e+38 -3.4e+38 0.0225640386343002 0.0293032340705395 0.0362693443894386 0.0407989397644997 0.0352152399718761 0.0252987947314978 0.0272226464003325 0.0234341006726027 0.0142441326752305 0.0147362668067217 0.0152532197535038 0.0111381523311138 0.0102601917460561 0.0104731498286128 0.0114966426044703 0.0149172218516469 0.0182715561240911 0.0412285812199116 0.0580043531954288 0.0857926532626152 0.116606622934341 0.199813559651375 0.33789336681366 0.431177824735641 0.360263079404831 0.335924834012985 0.376871913671494 0.516001343727112 0.557098925113678 0.596448242664337 0.639730513095856 0.60871434211731 0.415996909141541 0.250529199838638 0.189089208841324 0.182309508323669 0.190555095672607 0.186914458870888 0.189106479287148
-3.4e+38 -3.4e+38 -3.4e+38 -3.4e+38 -3.4e+38 -3.4e+38 -3.4e+38 0.0287659447640181 0.0397538542747498 0.0397190935909748 0.037878755480051 0.0382126308977604 0.0371382012963295 0.0283451285213232 0.0259358566254377 0.0195923466235399 0.0123092960566282 0.0125346975401044 0.00931758340448141 0.00873495731502771 0.0107083907350898 0.0113532794639468 0.0131042608991265 0.0162778403609991 0.0234994720667601 0.0410670302808285 0.0584542155265808 0.0838358402252197 0.215255156159401 0.23419988155365 0.262312829494476 0.321344673633575 0.419792532920837 0.440398126840591 0.345426440238953 0.43821856379509 0.52745395898819 0.620281755924225 0.596377849578857 0.535210013389587 0.389167428016663 0.259589403867722 0.191093370318413 0.206136837601662 0.197679862380028 0.187635824084282 0.160652428865433
-3.4e+38 -3.4e+38 -3.4e+38 -3.4e+38 -3.4e+38 -3.4e+38 -3.4e+38 0.0314835384488106 0.0390435755252838 0.0490546673536301 0.0418043211102486 0.0340646095573902 0.0270354431122541 0.0229345392435789 0.0176578778773546 0.0139129087328911 0.0118416110053658 0.0100662801414728 0.0085321981459856 0.0106850303709507 0.0114672388881445 0.0129653578624129 0.0129798818379641 0.0149637786671519 0.033246323466301 0.0591919347643852 0.104061916470528 0.173920184373856 0.159254267811775 0.220575377345085 0.32985931634903 0.363045066595078 0.398826062679291 0.408468246459961 0.36149001121521 0.369424074888229 0.503893077373505 0.618857800960541 0.610115587711334 0.443921357393265 0.359299629926682 0.24612720310688 0.199479684233665 0.212419852614403 0.194859817624092 0.184632420539856 0.152601316571236
-3.4e+38 -3.4e+38 -3.4e+38 -3.4e+38 -3.4e+38 -3.4e+38 0.0287081655114889 0.035151731222868 0.0422735214233398 0.0479340888559818 0.0456094592809677 0.0398875363171101 0.031388133764267 0.0278534144163132 0.0230036322027445 0.014355881139636 0.0121492985635996 0.0107783982530236 0.0103880763053894 0.011930949985981 0.0140292476862669 0.0146719738841057 0.0154696572571993 0.0169448666274548 0.0303288344293833 0.109350614249706 0.126131892204285 0.188973933458328 0.316669285297394 0.344524502754211 0.342470765113831 0.380192518234253 0.415666460990906 0.446106255054474 0.375422954559326 0.329098880290985 0.454001814126968 0.514862596988678 0.481873631477356 0.369125127792358 0.340241819620132 0.252557396888733 0.215586170554161 0.20796836912632 0.164543509483337 0.163756400346756 0.160797461867332
-3.4e+38 -3.4e+38 -3.4e+38 -3.4e+38 -3.4e+38 -3.4e+38 0.0284138321876526 0.0298426933586597 0.0325397923588753 0.0457759909331799 0.0447556674480438 0.0420797243714333 0.0300339553505182 0.0212017297744751 0.0208950806409121 0.0172506086528301 0.0111726270988584 0.0103958696126938 0.0111661292612553 0.0130608370527625 0.0145982773974538 0.0158425830304623 0.0172376129776239 0.0238420199602842 0.0565345697104931 0.10630925744772 0.0810844153165817 0.144483014941216 0.319952964782715 0.295115917921066 0.249625220894814 0.381779223680496 0.433204710483551 0.484036803245544 0.468749821186066 0.294251322746277 0.411472618579865 0.546854674816132 0.54701954126358 0.494716197252274 0.361342042684555 0.336187064647675 0.29848501086235 0.220858201384544 0.16774582862854 0.162838652729988 0.159820109605789
-3.4e+38 -3.4e+38 -3.4e+38 -3.4e+38 -3.4e+38 -3.4e+38 0.0267801061272621 0.0282713528722525 0.0384187772870064 0.0469259135425091 0.0411214344203472 0.0381283275783062 0.0275832433253527 0.0207787435501814 0.0226898547261953 0.0173457525670528 0.012587321922183 0.0111347120255232 0.0122272940352559 0.0133861564099789 0.0145329469814897 0.0157819800078869 0.0181742142885923 0.0212790481746197 0.0400133654475212 0.0295566394925117 0.0852250680327415 0.197561770677567 0.196106269955635 0.211832255125046 0.275364309549332 0.32093533873558 0.415061056613922 0.450244307518005 0.418544232845306 0.339643001556396 0.310590595006943 0.408876210451126 0.610747814178467 0.519531309604645 0.436129570007324 0.476679116487503 0.422481328248978 0.265775769948959 0.183038517832756 0.184459403157234 0.162566483020782
-3.4e+38 -3.4e+38 -3.4e+38 -3.4e+38 -3.4e+38 -3.4e+38 0.0316538959741592 0.0351162701845169 0.0561069324612617 0.0505185537040234 0.0406474396586418 0.0296456515789032 0.0250410325825214 0.0198673140257597 0.0185629334300756 0.0165739506483078 0.0132962642237544 0.0122968079522252 0.0127858547493815 0.0136358058080077 0.0136478971689939 0.0161084365099669 0.0326356329023838 0.0669464394450188 0.0759516581892967 0.0628390163183212 0.0339637212455273 0.0830923840403557 0.103554107248783 0.236123099923134 0.332621246576309 0.38797003030777 0.399629175662994 0.460135817527771 0.501598536968231 0.425462633371353 0.267435371875763 0.296969920396805 0.462244600057602 0.513659417629242 0.310839414596558 0.364737719297409 0.341408044099808 0.359092086553574 0.267560303211212 0.19824443757534 0.196844920516014
-3.4e+38 -3.4e+38 -3.4e+38 -3.4e+38 -3.4e+38 0.0336946733295918 0.0429982841014862 0.0583001747727394 0.0550057999789715 0.044746994972229 0.031220642849803 0.0276105236262083 0.022889481857419 0.0204920414835215 0.0182828307151794 0.015961155295372 0.015001118183136 0.0135094402357936 0.0145644890144467 0.0141745144501328 0.0132480692118406 0.0165280122309923 0.0212456546723843 0.0593721345067024 0.0657202452421188 0.065736286342144 0.0919961705803871 0.14326773583889 0.220821768045425 0.153233572840691 0.235934793949127 0.327425599098206 0.412202924489975 0.469090700149536 0.446367532014847 0.333379030227661 0.464691966772079 0.369607329368591 0.275394707918167 0.356225997209549 0.190207198262215 0.264958530664444 0.409134864807129 0.475078791379929 0.410654723644257 0.29075875878334 0.210921913385391
-3.4e+38 -3.4e+38 -3.4e+38 -3.4e+38 0.0360309854149818 0.0485327020287514 0.0527930893003941 0.0627158135175705 0.0532869100570679 0.0338926129043102 0.0271293986588717 0.0247697979211807 0.019689479842782 0.0174092017114162 0.0183485765010118 0.0155807742848992 0.0145659241825342 0.0134551925584674 0.0126429963856936 0.012928131967783 0.0134607795625925 0.0145779931917787 0.0301246363669634 0.102189287543297 0.173407286405563 0.115672685205936 0.091444730758667 0.261743456125259 0.299755990505219 0.279249310493469 0.278648346662521 0.275235712528229 0.392683029174805 0.494635999202728 0.480045706033707 0.422550678253174 0.428419977426529 0.325049549341202 0.393439799547195 0.530145108699799 0.287694543600082 0.202122688293457 0.387576043605804 0.558782517910004 0.512583613395691 0.333333492279053 0.230239018797874
-3.4e+38 -3.4e+38 -3.4e+38 -3.4e+38 0.0376577973365784 0.0545233450829983 0.0600213073194027 0.0620126575231552 0.0421433858573437 0.0333052761852741 0.0273136124014854 0.0267918203026056 0.0142772132530808 0.0178641397505999 0.0193445440381765 0.0163101423531771 0.01424281578511 0.0122474217787385 0.0124268140643835 0.0116342678666115 0.0143812382593751 0.0166031010448933 0.0396988727152348 0.0936772152781487 0.17424088716507 0.191541865468025 0.0987975969910622 0.179762795567513 0.192417144775391 0.285679787397385 0.356985628604889 0.321907639503479 0.384241074323654 0.500723719596863 0.498712211847305 0.577278971672058 0.455839931964874 0.306331932544708 0.455946534872055 0.505553364753723 0.316162765026093 0.174827188253403 0.318744391202927 0.470909595489502 0.595719695091248 0.4424749314785 0.221560344099998
-3.4e+38 -3.4e+38 -3.4e+38 -3.4e+38 0.0405949987471104 0.0568288639187813 0.0575209930539131 0.0536371842026711 0.0439195595681667 0.039128340780735 0.0282462295144796 0.0251733046025038 0.0256596300750971 0.022245429456234 0.0201696995645761 0.0153211355209351 0.0126512944698334 0.0125023378059268 0.0116619421169162 0.0108120236545801 0.014474555850029 0.0147017976269126 0.0306975785642862 0.0656981319189072 0.0993190780282021 0.20673668384552 0.143150821328163 0.165541857481003 0.267783403396606 0.320615917444229 0.380899995565414 0.406200587749481 0.41286912560463 0.452853858470917 0.48288106918335 0.59933876991272 0.531679332256317 0.379511594772339 0.557585060596466 0.399614125490189 0.190518781542778 0.152831375598907 0.199855610728264 0.385029286146164 0.487773984670639 0.338869959115982 0.199602320790291
-3.4e+38 -3.4e+38 -3.4e+38 -3.4e+38 0.0419835895299911 0.053869154304266 0.0528114624321461 0.0452582575380802 0.0434585362672806 0.0371482446789742 0.0304298885166645 0.02894720248878 0.0271669682115316 0.0239860042929649 0.0213511828333139 0.01638513058424 0.0138761699199677 0.0119686275720596 0.011056418530643 0.0104131139814854 0.0143322609364986 0.0221663564443588 0.0624712333083153 0.112696260213852 0.18521922826767 0.174822255969048 0.12280348688364 0.127637892961502 0.262010723352432 0.308934062719345 0.359924167394638 0.440419793128967 0.425474643707275 0.383842706680298 0.412537068128586 0.564793348312378 0.613436162471771 0.509617447853088 0.477865904569626 0.248392805457115 0.175522267818451 0.150004759430885 0.159469649195671 0.229671493172646 0.362124890089035 0.283394068479538 0.189932554960251
-3.4e+38 -3.4e+38 -3.4e+38 0.0325302295386791 0.0413415171205997 0.0524429716169834 0.0446579791605473 0.0422815680503845 0.0473657250404358 0.0326760858297348 0.0318438336253166 0.0331974029541016 0.0278111360967159 0.0267938859760761 0.0235163904726505 0.0180786438286304 0.0146885020658374 0.0122829414904118 0.0102211311459541 0.0107626896351576 0.0211147032678127 0.0298422891646624 0.0433412119746208 0.115561187267303 0.186633005738258 0.150564163923264 0.108275815844536 0.170573279261589 0.22234907746315 0.326457113027573 0.331252425909042 0.453385829925537 0.490464359521866 0.321724325418472 0.25829541683197 0.362643003463745 0.639254868030548 0.644618272781372 0.403521865606308 0.28787299990654 0.347087174654007 0.206879824399948 0.136101543903351 0.191677197813988 0.382606714963913 0.318819314241409 0.221461519598961
-3.4e+38 -3.4e+38 -3.4e+38 0.0344330742955208 0.0399556830525398 0.0410431101918221 0.0311929043382406 0.0290993712842464 0.0371486581861973 0.0286450050771236 0.0316478833556175 0.0325015783309937 0.0301973484456539 0.0302627943456173 0.0264403764158487 0.0213908385485411 0.01675377599895 0.0142118791118264 0.0122119262814522 0.0125304069370031 0.0277958530932665 0.0668933913111687 0.0694790706038475 0.0919130370020866 0.153626814484596 0.182894423604012 0.161494448781013 0.155720427632332 0.238583028316498 0.336972445249557 0.331523507833481 0.45228898525238 0.514614343643188 0.485589861869812 0.327517777681351 0.26393911242485 0.505853354930878 0.623726010322571 0.593095004558563 0.504115283489227 0.465936094522476 0.270258069038391 0.170545160770416 0.320558547973633 0.495506972074509 0.512121260166168 0.634983241558075
-3.4e+38 -3.4e+38 0.0347309447824955 0.0385115034878254 0.0413057617843151 0.0242687799036503 0.0237011425197124 0.0267697237432003 0.0245875362306833 0.0235298220068216 0.0277291983366013 0.0320471823215485 0.0336098447442055 0.0335188545286655 0.0307745393365622 0.023366779088974 0.0189122501760721 0.0169642176479101 0.01660574413836 0.0301904603838921 0.0355690531432629 0.0705850794911385 0.10147151350975 0.104813262820244 0.105815999209881 0.194940403103828 0.187919557094574 0.236014187335968 0.226836174726486 0.288428366184235 0.323681145906448 0.341908842325211 0.471714556217194 0.525523245334625 0.347177803516388 0.211415931582451 0.423858106136322 0.615232706069946 0.659232318401337 0.383569151163101 0.304221838712692 0.184561312198639 0.125770851969719 0.2486712038517 0.443476617336273 0.515103042125702 0.678444743156433
-3.4e+38 0.0465992763638496 0.0401676297187805 0.0394188091158867 0.0318074524402618 0.0236560888588428 0.0216961540281773 0.0213443711400032 0.0231303181499243 0.023135107010603 0.0253253672271967 0.0312119368463755 0.0389317460358143 0.0384491123259068 0.0338773988187313 0.0246385112404823 0.0202391445636749 0.0195553060621023 0.0191273037344217 0.0236767027527094 0.0635538399219513 0.0689895898103714 0.0823216140270233 0.0786590129137039 0.109440416097641 0.169044181704521 0.206732988357544 0.234726905822754 0.186745554208755 0.350159496068954 0.321212023496628 0.458456337451935 0.509741365909576 0.48795560002327 0.436631381511688 0.460970908403397 0.2336196154356 0.520393133163452 0.577311038970947 0.333267509937286 0.199621886014938 0.135603174567223 0.132285267114639 0.204696074128151 0.285023033618927 0.424384146928787 0.556636869907379
0.0811359733343124 0.0686963871121407 0.0397136062383652 0.0352689810097218 0.0288184955716133 0.0264376010745764 0.02256228774786 0.0187574829906225 0.0188799593597651 0.0194005817174911 0.0222270376980305 0.0295489896088839 0.0394853390753269 0.0364970937371254 0.0337839350104332 0.0261649414896965 0.0203104559332132 0.0216598697006702 0.0250111799687147 0.0281957350671291 0.035098172724247 0.0556443110108376 0.0587769560515881 0.170901507139206 0.148195996880531 0.158669278025627 0.176934391260147 0.193564400076866 0.187615558505058 0.368948638439178 0.216821059584618 0.439015865325928 0.589040994644165 0.617630243301392 0.610121369361877 0.584214448928833 0.342667073011398 0.216740980744362 0.468458712100983 0.32411989569664 0.176821693778038 0.0920568034052849 0.218829035758972 0.348123997449875 0.399226754903793 0.377592921257019 0.242818966507912
