data/climate_estimation/maxent_output/Alstroemeria_apertiflora.asc
NCOLS 103 
NROWS 56 
XLLCORNER -57.1666666666667 
YLLCORNER -27.5833333333333 
CELLSIZE 0.0833333333333334 
NODATA_value -3.4e+38 
[rows 0 to 19 of 56, columns 44 to 87 of 103]
0.195340678095818 0.189235553145409 0.186210542917252 0.185708060860634 0.184662416577339 0.222405359148979 0.242754742503166 0.27128466963768 0.266074806451797 0.273024678230286 0.281623363494873 0.278569787740707 0.277710467576981 0.302474230527878 0.298495084047318 0.324492573738098 0.317917108535767 0.330628842115402 0.325328350067139 0.331356763839722 0.336192101240158 0.325855910778046 0.294159233570099 0.267961025238037 0.277938634157181 0.239908024668694 0.230893075466156 0.24122728407383 0.227984935045242 0.186734482645988 0.164124682545662 0.178075075149536 0.182766005396843 0.199302792549133 0.205957591533661 0.222838833928108 0.228952422738075 0.238817468285561 0.280957192182541 0.300097793340683 0.261310458183289 0.269443511962891 0.221917852759361 0.190576076507568
0.281891703605652 0.263944417238235 0.229761809110641 0.233186662197113 0.243902593851089 0.275130778551102 0.296720266342163 0.3185875415802 0.317749410867691 0.329019993543625 0.336728036403656 0.334385633468628 0.338927805423737 0.335090339183807 0.350520133972168 0.353502184152603 0.37517261505127 0.371240437030792 0.371328741312027 0.357340037822723 0.366853982210159 0.341433763504028 0.31543442606926 0.307913422584534 0.313982754945755 0.288971751928329 0.283252000808716 0.278708606958389 0.248656123876572 0.222566545009613 0.208647102117538 0.211742430925369 0.228871986269951 0.235631495714188 0.228014498949051 0.224381864070892 0.245346531271935 0.275473356246948 0.271323472261429 0.317940384149551 0.356965243816376 0.345278322696686 0.265789359807968 0.179284796118736
0.391807168722153 0.369706362485886 0.356291502714157 0.335605889558792 0.348735302686691 0.345104306936264 0.356340736150742 0.361256003379822 0.393795847892761 0.383423238992691 0.380501806735992 0.390184044837952 0.395226746797562 0.404366821050644 0.392623603343964 0.386718571186066 0.389447808265686 0.411232471466064 0.416252583265305 0.36581215262413 0.397097378969193 0.358729094266891 0.37554669380188 0.355725318193436 0.32766455411911 0.341132879257202 0.346562027931213 0.48295271396637 0.422179013490677 0.234759390354156 0.242445573210716 0.263548284769058 0.269324421882629 0.303333669900894 0.306928277015686 0.255964457988739 0.255649417638779 0.304048448801041 0.29981005191803 0.351425975561142 0.397872149944305 0.434226661920547 0.2882279753685 0.222624734044075
0.505515038967133 0.489567518234253 0.468087375164032 0.443691730499268 0.411000639200211 0.417220532894135 0.433971762657166 0.440931171178818 0.444591164588928 0.454279661178589 0.439784348011017 0.466705530881882 0.448591530323029 0.466624081134796 0.426263362169266 0.427061319351196 0.434157073497772 0.415033876895905 0.452908605337143 0.423475921154022 0.36106064915657 0.399673849344254 0.38590344786644 0.408310055732727 0.404659330844879 0.5435870885849 0.51567542552948 0.53748220205307 0.503966331481934 0.433036655187607 0.260068386793137 0.327138274908066 0.335281997919083 0.336018443107605 0.527151048183441 0.349981844425201 0.347638249397278 0.391145825386047 0.416777491569519 0.419904619455338 0.449791371822357 0.428739488124847 0.371989786624908 0.291619509458542
0.623619735240936 0.579608380794525 0.564300358295441 0.554582536220551 0.511192500591278 0.515597343444824 0.52284836769104 0.516998112201691 0.515740275382996 0.536494076251984 0.544413626194 0.52637654542923 0.538496434688568 0.505761444568634 0.494246900081635 0.477727800607681 0.449679285287857 0.418867349624634 0.458028584718704 0.465484499931335 0.412159115076065 0.428534716367722 0.469239830970764 0.443790256977081 0.588382542133331 0.608662903308868 0.625302195549011 0.578061461448669 0.510873854160309 0.46828630566597 0.325035691261292 0.540492951869965 0.597716927528381 0.600757598876953 0.642483413219452 0.468617230653763 0.437296569347382 0.468142747879028 0.474989086389542 0.443079829216003 0.463376581668854 0.466144800186157 0.464906364679337 0.433212995529175
0.680130004882812 0.653085947036743 0.654462337493896 0.623125195503235 0.628767907619476 0.598452031612396 0.582917988300323 0.575053989887238 0.577193856239319 0.562702476978302 0.596003413200378 0.586351156234741 0.586663603782654 0.563062429428101 0.550785958766937 0.51021409034729 0.458308190107346 0.401132494211197 0.39201620221138 0.425543516874313 0.477248400449753 0.483457684516907 0.51191782951355 0.498825341463089 0.680282592773438 0.676879405975342 0.688801407814026 0.627937436103821 0.592438578605652 0.581941902637482 0.607756376266479 0.656563699245453 0.692807734012604 0.703038513660431 0.717966973781586 0.701573669910431 0.507458508014679 0.524129629135132 0.534447014331818 0.507556915283203 0.498672604560852 0.540374100208282 0.545014023780823 0.469574898481369
0.675734519958496 0.673250257968903 0.64910364151001 0.645491182804108 0.632928848266602 0.630331635475159 0.60865318775177 0.595650911331177 0.59679388999939 0.599355161190033 0.61929851770401 0.62263548374176 0.647826492786407 0.658860087394714 0.639777541160583 0.599622786045074 0.575786709785461 0.509626388549805 0.452476590871811 0.482256799936295 0.496978312730789 0.550002694129944 0.601130187511444 0.59619277715683 0.601877510547638 0.763753175735474 0.741871058940887 0.715071678161621 0.685043752193451 0.672759234905243 0.715137660503387 0.762352526187897 0.794240236282349 0.784197270870209 0.757818698883057 0.786855757236481 0.769845128059387 0.774128973484039 0.569022476673126 0.569906830787659 0.544951975345612 0.591141045093536 0.597762763500214 0.545011460781097
0.651983797550201 0.678416669368744 0.679992079734802 0.636835634708405 0.628936290740967 0.609455585479736 0.594227850437164 0.626466810703278 0.601435422897339 0.61966598033905 0.613060653209686 0.628608345985413 0.631103157997131 0.675706624984741 0.692580342292786 0.684600234031677 0.699080526828766 0.665128409862518 0.632495999336243 0.597339153289795 0.624523878097534 0.655105173587799 0.647392332553864 0.667191624641418 0.680122435092926 0.813503623008728 0.795874059200287 0.777715682983398 0.773558735847473 0.791145026683807 0.828733384609222 0.824067652225494 0.827595770359039 0.82977819442749 0.82422935962677 0.811264932155609 0.804517209529877 0.642595708370209 0.625480949878693 0.599981307983398 0.587977826595306 0.604025542736053 0.607698619365692 0.440171182155609
0.654054999351501 0.67191481590271 0.665203809738159 0.632177650928497 0.620737671852112 0.614457309246063 0.606884956359863 0.595442056655884 0.604034423828125 0.608367741107941 0.59484338760376 0.779068350791931 0.647767901420593 0.680384516716003 0.714276790618896 0.72240936756134 0.724394738674164 0.743713617324829 0.753406763076782 0.740398287773132 0.728214621543884 0.71984589099884 0.735539317131042 0.720572710037231 0.725949883460999 0.722866773605347 0.851170480251312 0.843574166297913 0.842091917991638 0.86115288734436 0.86798506975174 0.868457853794098 0.865639746189117 0.867924630641937 0.865194201469421 0.864337503910065 0.865314304828644 0.712059676647186 0.700339436531067 0.661756098270416 0.642954051494598 0.603786170482635 0.529545783996582 0.365669310092926
0.596221208572388 0.635848581790924 0.665340304374695 0.625105977058411 0.609824657440186 0.620977580547333 0.600058555603027 0.644218862056732 0.635091185569763 0.581358134746552 0.612060010433197 0.786168813705444 0.815890491008759 0.848504543304443 0.746155381202698 0.762933850288391 0.76088672876358 0.762158513069153 0.788309693336487 0.802329301834106 0.786084949970245 0.797909379005432 0.781461000442505 0.783728241920471 0.759970247745514 0.785576164722443 0.894383728504181 0.904447197914124 0.906092941761017 0.906143188476562 0.904446542263031 0.784972906112671 0.919963240623474 0.905702888965607 0.902978599071503 0.898718059062958 0.90302574634552 0.892081737518311 0.772804081439972 0.746284067630768 0.686393976211548 0.643594741821289 0.458394408226013 0.289560854434967
0.564414858818054 0.590521693229675 0.674494802951813 0.642937004566193 0.635496437549591 0.618879199028015 0.596626162528992 0.620286464691162 0.59908252954483 0.584526300430298 0.604045450687408 0.65207701921463 0.825052201747894 0.865062296390533 0.891991198062897 0.781483590602875 0.774256527423859 0.766703128814697 0.78370475769043 0.828920364379883 0.857803344726562 0.840671956539154 0.837201535701752 0.826840460300446 0.824668049812317 0.849949061870575 0.935310959815979 0.9395632147789 0.934477806091309 0.932873785495758 0.934651255607605 0.937968909740448 0.930189669132233 0.920034289360046 0.914077818393707 0.927056491374969 0.943520903587341 0.926191866397858 0.919217526912689 0.909723222255707 0.730237483978271 0.666809618473053 0.441989928483963 0.325113207101822
0.548364102840424 0.58829939365387 0.595660924911499 0.561116814613342 0.552213549613953 0.544543981552124 0.547146141529083 0.540047645568848 0.572095334529877 0.612307250499725 0.642423331737518 0.638803362846375 0.70980304479599 0.880232214927673 0.897724151611328 0.784444630146027 0.79358571767807 0.765699505805969 0.721050143241882 0.778726756572723 0.828487634658813 0.849206745624542 0.849912583827972 0.871049106121063 0.881682693958282 0.898552596569061 0.950947463512421 0.940827548503876 0.945165753364563 0.95632791519165 0.957816600799561 0.95672482252121 0.950925827026367 0.939224600791931 0.93773490190506 0.939867734909058 0.957952797412872 0.956394791603088 0.938015341758728 0.923280537128448 0.894989609718323 0.836949646472931 0.646273076534271 0.377488136291504
0.699261128902435 0.713401854038239 0.722976803779602 0.704499185085297 0.711891889572144 0.533022582530975 0.501739144325256 0.522944927215576 0.559336364269257 0.629801392555237 0.641753137111664 0.686710834503174 0.709204912185669 0.899063587188721 0.918121874332428 0.935734212398529 0.80047881603241 0.78268963098526 0.766340255737305 0.780731737613678 0.806532621383667 0.82765132188797 0.896408259868622 0.911192357540131 0.907998442649841 0.90064811706543 0.956730365753174 0.949491322040558 0.951479017734528 0.959753274917603 0.96027934551239 0.971913397312164 0.963150501251221 0.953923285007477 0.957573711872101 0.933635234832764 0.946681916713715 0.956683814525604 0.94732278585434 0.936915040016174 0.920265913009644 0.838026344776154 0.713096261024475 0.70494943857193
0.719808995723724 0.727244853973389 0.720145106315613 0.763885319232941 0.766399264335632 0.646998047828674 0.555155158042908 0.571853518486023 0.582648277282715 0.636824548244476 0.690851926803589 0.714946806430817 0.756970107555389 0.907089471817017 0.930051743984222 0.950280129909515 0.88322126865387 0.816753625869751 0.786661922931671 0.840693652629852 0.886810779571533 0.885105311870575 0.861103236675262 0.894798338413239 0.930888712406158 0.929158926010132 0.936618208885193 0.927116930484772 0.973424017429352 0.967166364192963 0.964045882225037 0.958746314048767 0.965264439582825 0.956353485584259 0.951151549816132 0.951128482818604 0.9377601146698 0.9492347240448 0.952010154724121 0.937920212745667 0.926941275596619 0.860397040843964 0.731970369815826 0.767176389694214
0.727803707122803 0.774165153503418 0.792898714542389 0.789626240730286 0.832899570465088 0.692055523395538 0.699844300746918 0.706583201885223 0.707725286483765 0.705559372901917 0.747113943099976 0.77397894859314 0.786127150058746 0.925317406654358 0.941733956336975 0.955594658851624 0.883175611495972 0.902812838554382 0.849404692649841 0.858848333358765 0.886518478393555 0.917709589004517 0.921441853046417 0.873981475830078 0.878024876117706 0.87420254945755 0.883634448051453 0.937766551971436 0.986069738864899 0.956207990646362 0.960844039916992 0.962448239326477 0.961425006389618 0.945251941680908 0.940098822116852 0.934128761291504 0.938507556915283 0.950700342655182 0.960648775100708 0.949071288108826 0.923676729202271 0.890948355197906 0.78855836391449 0.826056480407715
0.75199943780899 0.832720458507538 0.835059821605682 0.888121247291565 0.911419808864594 0.824863791465759 0.827906131744385 0.82626485824585 0.831656932830811 0.845548808574677 0.834433138370514 0.820051252841949 0.81978052854538 0.837990462779999 0.938288390636444 0.946701645851135 0.87898987531662 0.877455592155457 0.886146485805511 0.899491250514984 0.913841664791107 0.905382513999939 0.909798502922058 0.890450477600098 0.899291217327118 0.889415264129639 0.878360092639923 0.895965814590454 0.984195172786713 0.973934531211853 0.958498358726501 0.950114727020264 0.935518324375153 0.920491695404053 0.916669726371765 0.928914308547974 0.933836579322815 0.943714797496796 0.957625985145569 0.965937793254852 0.938369810581207 0.914158940315247 0.871820092201233 0.87103009223938
0.830666542053223 0.885128557682037 0.921295404434204 0.937396943569183 0.841080009937286 0.872073650360107 0.880247831344604 0.909221112728119 0.917864799499512 0.926518678665161 0.912327349185944 0.87718278169632 0.858032405376434 0.836414873600006 0.844070136547089 0.917162656784058 0.826518356800079 0.90136843919754 0.895282089710236 0.911989450454712 0.560302436351776 0.556692063808441 0.558199465274811 0.591484189033508 0.887258231639862 0.619937121868134 0.649184882640839 0.890196800231934 0.850727379322052 0.950660109519958 0.930120348930359 0.922304630279541 0.927813947200775 0.878365099430084 0.871809720993042 0.893891572952271 0.921494960784912 0.936867475509644 0.946217656135559 0.964614272117615 0.974299490451813 0.953324854373932 0.930489122867584 0.943165481090546
0.744399785995483 0.819910943508148 0.827545702457428 0.843608379364014 0.826862454414368 0.855722844600677 0.879913628101349 0.886339604854584 0.882807612419128 0.919543087482452 0.914527773857117 0.900760591030121 0.892893135547638 0.894209027290344 0.869415402412415 0.860022962093353 0.84679764509201 0.896363437175751 0.91738748550415 0.57754921913147 0.592378735542297 0.613679647445679 0.580895066261292 0.57901006937027 0.868389248847961 0.889292180538177 0.595686495304108 0.57634824514389 0.497822254896164 0.929721176624298 0.90651524066925 0.882204592227936 0.852228224277496 0.83497428894043 0.849334061145782 0.865442097187042 0.897900819778442 0.921555042266846 0.936126887798309 0.952982723712921 0.970622062683105 0.987833023071289 0.982788383960724 0.983794748783112
0.769064426422119 0.860824584960938 0.871707618236542 0.88290548324585 0.464710384607315 0.461955398321152 0.844669878482819 0.857353627681732 0.839955270290375 0.857655704021454 0.895529448986053 0.8636434674263 0.871952950954437 0.893196165561676 0.876621723175049 0.852083265781403 0.856457829475403 0.876216173171997 0.586860656738281 0.60082995891571 0.61302924156189 0.666481971740723 0.673309028148651 0.577910900115967 0.86134397983551 0.549047529697418 0.540749192237854 0.572046041488647 0.506497204303741 0.880853593349457 0.834512591362 0.873597323894501 0.880217969417572 0.830215215682983 0.830405950546265 0.871226072311401 0.890810251235962 0.878422558307648 0.915288507938385 0.948695719242096 0.968100309371948 0.987903356552124 0.994844079017639 0.985711097717285
0.8027383685112 0.872904896736145 0.885829567909241 0.491596966981888 0.465712070465088 0.479584604501724 0.4657202064991 0.819835662841797 0.804774522781372 0.84272301197052 0.874578595161438 0.868552148342133 0.857120931148529 0.878336191177368 0.919704079627991 0.927182793617249 0.86601859331131 0.880363464355469 0.608874082565308 0.613677024841309 0.649385988712311 0.69277560710907 0.708986699581146 0.616157412528992 0.498033195734024 0.499197632074356 0.498522847890854 0.571294009685516 0.450830489397049 0.875874161720276 0.857060253620148 0.903443038463593 0.860981166362762 0.817857146263123 0.866252899169922 0.882089197635651 0.879246234893799 0.893997967243195 0.888722956180573 0.918812334537506 0.956167757511139 0.969680190086365 0.986535131931305 0.99336189031601
