data/climate_estimation/maxent_output/Alstroemeria_pseudospathulata.asc
NCOLS 23 
NROWS 69 
XLLCORNER -71.25 
YLLCORNER -41.0833333333333 
CELLSIZE 0.0833333333333335 
NODATA_value -3.4e+38 
[rows 0 to 37 of 69, columns 0 to 22 of 23]
0.741911470890045 0.759103238582611 0.778484463691711 0.797208905220032 0.815523624420166 0.884080231189728 0.880882024765015 0.88352906703949 0.897315800189972 0.915291011333466 0.914829432964325 0.867221057415009 0.889303505420685 0.909247636795044 0.931836009025574 0.904639542102814 0.872075438499451 0.821864426136017 0.750851631164551 0.737920939922333 0.673554658889771 0.6620734333992 0.649751842021942
0.734539091587067 0.771431624889374 0.796495378017426 0.835392236709595 0.868583738803864 0.851281464099884 0.871370673179626 0.900456726551056 0.904569089412689 0.908064901828766 0.898063778877258 0.870022714138031 0.861570656299591 0.895638823509216 0.925911903381348 0.904639542102814 0.840780317783356 0.814405620098114 0.745378255844116 0.661323070526123 0.671634197235107 0.660146951675415 0.647821247577667
0.739059865474701 0.760774493217468 0.841579675674438 0.844632863998413 0.874701201915741 0.911451399326324 0.912574827671051 0.900998115539551 0.905742704868317 0.907580614089966 0.905742704868317 0.867853283882141 0.843155384063721 0.873412370681763 0.882882475852966 0.860777795314789 0.818623244762421 0.800426959991455 0.745378255844116 0.661380708217621 0.661265432834625 0.567226946353912 0.568025887012482
0.742901146411896 0.789696931838989 0.83387565612793 0.804015338420868 0.841625571250916 0.905742704868317 0.886727571487427 0.862361311912537 0.902888774871826 0.906420171260834 0.91704910993576 0.896873712539673 0.831391513347626 0.855759978294373 0.88680511713028 0.874249994754791 0.848379552364349 0.805471181869507 0.766315579414368 0.74826592206955 0.663249015808105 0.569131910800934 0.5653235912323
0.73553591966629 0.761871039867401 0.743725299835205 0.804015338420868 0.863791525363922 0.857223570346832 0.852189064025879 0.870022714138031 0.875534355640411 0.896836876869202 0.89810037612915 0.874208986759186 0.838545620441437 0.821186661720276 0.840135037899017 0.89443302154541 0.852855503559113 0.82191276550293 0.809446513652802 0.783939898014069 0.674036085605621 0.576767265796661 0.574856221675873
0.803310930728912 0.807359993457794 0.782818734645844 0.740107417106628 0.791417002677917 0.798245549201965 0.858069896697998 0.883568406105042 0.893834412097931 0.888804316520691 0.896873712539673 0.89810037612915 0.861570656299591 0.802334606647491 0.808058679103851 0.843840658664703 0.84987860918045 0.764528751373291 0.770906746387482 0.760942578315735 0.760942578315735 0.67861944437027 0.577934503555298
0.791468381881714 0.791468381881714 0.784558534622192 0.801627933979034 0.826936841011047 0.858069896697998 0.813291013240814 0.844678342342377 0.869479358196259 0.886222064495087 0.896873712539673 0.875575125217438 0.828528463840485 0.858113467693329 0.824408411979675 0.794566810131073 0.806441485881805 0.729073286056519 0.742007315158844 0.780452013015747 0.79090827703476 0.770674228668213 0.677872717380524
0.830113708972931 0.865851283073425 0.823734760284424 0.796597242355347 0.879064500331879 0.88305538892746 0.868079423904419 0.856610476970673 0.847703576087952 0.876364588737488 0.90173077583313 0.882288694381714 0.855143845081329 0.847748637199402 0.813025832176208 0.822124302387238 0.84987860918045 0.758333384990692 0.663559019565582 0.775184750556946 0.812111675739288 0.794336140155792 0.693160951137543
0.820556223392487 0.862447082996368 0.863235235214233 0.798296332359314 0.839488506317139 0.83638995885849 0.864660918712616 0.880402684211731 0.858913719654083 0.867489874362946 0.898808658123016 0.887517213821411 0.897586762905121 0.850745558738708 0.804015338420868 0.83638995885849 0.84472382068634 0.767297565937042 0.651183128356934 0.759089410305023 0.790135204792023 0.817720293998718 0.770959794521332
0.7907475233078 0.811691403388977 0.865299224853516 0.824666738510132 0.827861547470093 0.864660918712616 0.875002980232239 0.884369850158691 0.884918928146362 0.876364588737488 0.877718448638916 0.876364588737488 0.911079108715057 0.872876346111298 0.824408411979675 0.861009895801544 0.813980996608734 0.738217771053314 0.720718562602997 0.656970381736755 0.765566527843475 0.789186716079712 0.696966111660004
0.826315104961395 0.862447082996368 0.847116470336914 0.808376371860504 0.800970792770386 0.858913719654083 0.867489874362946 0.87442946434021 0.892088353633881 0.875794351100922 0.851565659046173 0.851565659046173 0.888265371322632 0.895155489444733 0.853714227676392 0.841671407222748 0.751328408718109 0.731896221637726 0.720718562602997 0.645333230495453 0.67038905620575 0.76013445854187 0.678928017616272
0.826315104961395 0.860404789447784 0.829496920108795 0.795882880687714 0.826267302036285 0.840382874011993 0.870288610458374 0.861802101135254 0.895118355751038 0.89583820104599 0.83412778377533 0.809937596321106 0.831645369529724 0.904334962368011 0.892126142978668 0.822124302387238 0.764709711074829 0.777122974395752 0.741071760654449 0.71878969669342 0.656912684440613 0.765513062477112 0.690398812294006
0.802706301212311 0.83953469991684 0.844968378543854 0.824714720249176 0.813340246677399 0.841918170452118 0.871676564216614 0.85684597492218 0.890288531780243 0.901923537254333 0.875002980232239 0.827813982963562 0.804938316345215 0.857458591461182 0.881733000278473 0.866121470928192 0.839488506317139 0.804661989212036 0.757468700408936 0.65685498714447 0.75827944278717 0.790135204792023 0.791854023933411
0.813389480113983 0.806760251522064 0.849491834640503 0.835082232952118 0.846483111381531 0.83351743221283 0.847990989685059 0.852428019046783 0.849447011947632 0.881175875663757 0.890822112560272 0.829402089118958 0.791365623474121 0.837245583534241 0.878500759601593 0.884409070014954 0.792746901512146 0.768225014209747 0.742853105068207 0.720606565475464 0.681840360164642 0.781414091587067 0.791854023933411
0.785670101642609 0.804385781288147 0.830415666103363 0.842806339263916 0.846483111381531 0.814245581626892 0.871676564216614 0.847945928573608 0.886431157588959 0.894596457481384 0.873056888580322 0.849447011947632 0.850941061973572 0.79231059551239 0.854526460170746 0.858913719654083 0.782322585582733 0.750163495540619 0.729094445705414 0.650142431259155 0.669467747211456 0.687633037567139 0.771882593631744
0.851654708385468 0.824089586734772 0.824041545391083 0.824041545391083 0.823993444442749 0.810254037380219 0.873854637145996 0.809291303157806 0.877151489257812 0.947093427181244 0.927663028240204 0.90780121088028 0.882501602172852 0.814196407794952 0.788819015026093 0.83412778377533 0.780576586723328 0.745693743228912 0.719709098339081 0.74834132194519 0.768225014209747 0.773598551750183 0.764709711074829
0.802756667137146 0.848907947540283 0.836686909198761 0.839782953262329 0.839736819267273 0.784109354019165 0.809291303157806 0.805959701538086 0.8626349568367 0.906153798103333 0.904299676418304 0.889010787010193 0.861198723316193 0.82296359539032 0.774068593978882 0.743038713932037 0.751110792160034 0.732750236988068 0.726097404956818 0.746460795402527 0.749399542808533 0.768225014209747 0.768225014209747
0.778010904788971 0.821803748607635 0.807028889656067 0.839782953262329 0.808644115924835 0.773591995239258 0.762106359004974 0.806879103183746 0.880617439746857 0.868305325508118 0.861198723316193 0.897784113883972 0.876542508602142 0.840290784835815 0.807478725910187 0.778274476528168 0.737113058567047 0.71777880191803 0.740080237388611 0.751927614212036 0.760963022708893 0.769949853420258 0.764656186103821
0.796972990036011 0.823415398597717 0.80297714471817 0.789354681968689 0.787576794624329 0.773591995239258 0.768218398094177 0.805207967758179 0.871095240116119 0.86548513174057 0.838099300861359 0.889010787010193 0.871053755283356 0.86544269323349 0.842714846134186 0.776227295398712 0.751056373119354 0.722253084182739 0.759109973907471 0.767371237277985 0.753742456436157 0.746406078338623 0.575550436973572
0.856977164745331 0.826619982719421 0.844376385211945 0.789354681968689 0.782368242740631 0.782368242740631 0.762106359004974 0.802826166152954 0.856232106685638 0.797705233097076 0.791590750217438 0.836547315120697 0.856188297271729 0.850270450115204 0.836500763893127 0.800718188285828 0.758300006389618 0.732583940029144 0.77087390422821 0.74558424949646 0.67894983291626 0.561358511447906 0.555669724941254
0.847449481487274 0.859234154224396 0.828212857246399 0.821077466011047 0.79274046421051 0.75055867433548 0.763898849487305 0.796055257320404 0.871899366378784 0.790870010852814 0.771504819393158 0.794963359832764 0.840538501739502 0.873813569545746 0.845712602138519 0.804084658622742 0.747357249259949 0.659555554389954 0.660731792449951 0.725985884666443 0.73895651102066 0.654637932777405 0.556407511234283
0.798010110855103 0.853420674800873 0.852755486965179 0.854851722717285 0.84973281621933 0.758563041687012 0.754895865917206 0.764595985412598 0.858538329601288 0.77871435880661 0.775039970874786 0.801748037338257 0.815050959587097 0.853199362754822 0.906118929386139 0.83337664604187 0.763691186904907 0.746241986751556 0.724065005779266 0.722981035709381 0.728572607040405 0.713663220405579 0.54507702589035
0.803077757358551 0.813968420028687 0.827545404434204 0.827497780323029 0.80053436756134 0.748737275600433 0.721019864082336 0.776273369789124 0.857037544250488 0.771557867527008 0.764274775981903 0.77674812078476 0.800009310245514 0.850225746631622 0.897232890129089 0.825092971324921 0.77259236574173 0.75894820690155 0.735210955142975 0.726711630821228 0.649911403656006 0.726711630821228 0.721167504787445
0.819554090499878 0.822788298130035 0.833863615989685 0.832246661186218 0.78785514831543 0.745083570480347 0.73845249414444 0.774511218070984 0.790870010852814 0.767204582691193 0.774934470653534 0.773804366588593 0.780256032943726 0.828594088554382 0.826333284378052 0.783177673816681 0.758246064186096 0.749836564064026 0.671044528484344 0.737776398658752 0.730430543422699 0.749891102313995 0.747063219547272
0.798994481563568 0.805677652359009 0.794828653335571 0.79648232460022 0.775692880153656 0.74614554643631 0.735833406448364 0.747514367103577 0.753919124603271 0.76536637544632 0.766008734703064 0.768432378768921 0.780884861946106 0.782630026340485 0.793048977851868 0.767264544963837 0.752764403820038 0.756386756896973 0.757901668548584 0.750600159168243 0.747008562088013 0.757901668548584 0.744117021560669
0.80572772026062 0.794879734516144 0.830717384815216 0.831586122512817 0.801514089107513 0.757806539535522 0.757752537727356 0.754081845283508 0.776220738887787 0.7796790599823 0.773168861865997 0.776537597179413 0.775462865829468 0.779030025005341 0.780832529067993 0.790284216403961 0.755282759666443 0.770767748355865 0.775046586990356 0.763295531272888 0.760747909545898 0.743293225765228 0.734913289546967
0.768824398517609 0.800686001777649 0.799926519393921 0.782021880149841 0.775692880153656 0.764990985393524 0.784337222576141 0.77022910118103 0.793580770492554 0.810372054576874 0.783066928386688 0.777380287647247 0.786053955554962 0.782630026340485 0.774492084980011 0.781513035297394 0.786780595779419 0.769737243652344 0.776807308197021 0.761447906494141 0.746953845024109 0.736705422401428 0.742997884750366
0.822160243988037 0.81492155790329 0.801614999771118 0.787958562374115 0.74808132648468 0.780170381069183 0.795391261577606 0.780799210071564 0.782492458820343 0.805377304553986 0.781322956085205 0.785430312156677 0.790612757205963 0.782525718212128 0.774492084980011 0.769178509712219 0.780498743057251 0.758894324302673 0.761447906494141 0.737776398658752 0.728516936302185 0.729296743869781 0.737479448318481
0.76277095079422 0.776872456073761 0.769004344940186 0.799875855445862 0.804875373840332 0.78785514831543 0.747972130775452 0.750449776649475 0.771949112415314 0.812025547027588 0.799299538135529 0.785482227802277 0.779134929180145 0.75083863735199 0.783986389636993 0.782244980335236 0.745070517063141 0.756041586399078 0.773228347301483 0.758604109287262 0.738549649715424 0.729296743869781 0.734560191631317
0.775164663791656 0.819815397262573 0.783815979957581 0.799165904521942 0.785449206829071 0.746200263500214 0.735113501548767 0.756995320320129 0.763040125370026 0.777925848960876 0.781375229358673 0.778504431247711 0.782682180404663 0.777380287647247 0.774492084980011 0.787506282329559 0.753124833106995 0.761447906494141 0.774022340774536 0.771119952201843 0.755750417709351 0.738549649715424 0.730854749679565
0.831727564334869 0.832594037055969 0.77783989906311 0.811579883098602 0.802492022514343 0.749849557876587 0.725887596607208 0.733984470367432 0.752213358879089 0.795238137245178 0.787318110466003 0.780256032943726 0.788993537425995 0.791385173797607 0.778800249099731 0.77699214220047 0.74323832988739 0.753179132938385 0.772943675518036 0.777491986751556 0.771119952201843 0.752886950969696 0.730854749679565
0.75123256444931 0.807665407657623 0.786559104919434 0.804222404956818 0.779488444328308 0.736296653747559 0.723239243030548 0.732132315635681 0.77092033624649 0.784910023212433 0.783849120140076 0.785482227802277 0.786209523677826 0.786884188652039 0.785098969936371 0.791674852371216 0.745892822742462 0.747719883918762 0.766530156135559 0.779980838298798 0.770887494087219 0.759359896183014 0.740094304084778
0.701459288597107 0.750415086746216 0.805946886539459 0.819766819477081 0.782981634140015 0.736296653747559 0.722154498100281 0.722882568836212 0.756650388240814 0.77263867855072 0.786592125892639 0.785534143447876 0.78515088558197 0.777097344398499 0.790007054805756 0.788282811641693 0.744062185287476 0.748485207557678 0.763704895973206 0.776471495628357 0.789342403411865 0.772605895996094 0.759069859981537
0.754101514816284 0.784876883029938 0.822323441505432 0.812537968158722 0.810836791992188 0.739983201026917 0.728530168533325 0.725531697273254 0.75302916765213 0.788372933864594 0.777590572834015 0.779239773750305 0.780603408813477 0.753233373165131 0.791005671024323 0.797514915466309 0.758313834667206 0.746659696102142 0.760869264602661 0.779646575450897 0.792779564857483 0.785605847835541 0.765259385108948
0.70445317029953 0.737644016742706 0.80019873380661 0.784772992134094 0.810836791992188 0.77239316701889 0.731465458869934 0.721012890338898 0.774458467960358 0.801968932151794 0.781094014644623 0.786987721920013 0.785878598690033 0.757611095905304 0.793440282344818 0.76549369096756 0.786222815513611 0.760869264602661 0.757266461849213 0.782127201557159 0.790064990520477 0.782127201557159 0.777610599994659
0.735078275203705 0.736870110034943 0.804272592067719 0.823885023593903 0.837140798568726 0.779436051845551 0.733318746089935 0.729254364967346 0.744624435901642 0.77338045835495 0.807647287845612 0.8099564909935 0.792824447154999 0.789335966110229 0.767278254032135 0.760114908218384 0.754699766635895 0.759069859981537 0.759825170040131 0.775851964950562 0.800686895847321 0.800686895847321 0.781846284866333
0.623317360877991 0.75223308801651 0.801886379718781 0.826159417629242 0.834022104740143 0.770621120929718 0.742481827735901 0.742131292819977 0.745392322540283 0.770528495311737 0.791436612606049 0.797228276729584 0.79717743396759 0.795200169086456 0.766242802143097 0.768025577068329 0.770548760890961 0.765205919742584 0.765955328941345 0.76951789855957 0.792176127433777 0.803078651428223 0.775568306446075
0.603013932704926 0.746001303195953 0.79680722951889 0.822951257228851 0.802492022514343 0.792246103286743 0.745083570480347 0.742901146411896 0.757009148597717 0.770242691040039 0.780708014965057 0.788334488868713 0.791777610778809 0.790451884269714 0.776873409748077 0.775851964950562 0.77659022808075 0.774881720542908 0.777327716350555 0.764167606830597 0.766703963279724 0.763181567192078 0.773804366588593
