data/climate_estimation/maxent_output/Alstroemeria_pygmaea.asc
NCOLS 164 
NROWS 335 
XLLCORNER -78.25 
YLLCORNER -36.0833333333333 
CELLSIZE 0.0833333333333334 
NODATA_value -3.4e+38 
[rows 115 to 137 of 335, columns 104 to 155 of 164]
0.796842813491821 0.780287206172943 0.88486260175705 0.873821139335632 0.865256667137146 0.850227475166321 0.849971055984497 0.884805083274841 0.880394876003265 0.871372759342194 0.877710580825806 0.892395615577698 0.886948764324188 0.879208922386169 0.912958920001984 0.90163117647171 0.927303850650787 0.949637532234192 0.936876833438873 0.954370141029358 0.908508837223053 0.924284994602203 0.915421485900879 0.909181356430054 0.896195769309998 0.875051498413086 0.897650301456451 0.890728414058685 0.884705543518066 0.872730433940887 0.866389214992523 0.873283982276917 0.88800060749054 0.849310517311096 0.781027674674988 0.640486836433411 0.483702003955841 0.378301084041595 0.108267262578011 0.0967198610305786 0.0506848730146885 0.0405219197273254 0.0759404972195625 0.117616645991802 0.124205596745014 0.257640421390533 0.423022210597992 0.490903735160828 0.302532315254211 0.23626184463501 0.0488212332129478 0.0313049666583538
0.79832798242569 0.780204117298126 0.809774041175842 0.876262426376343 0.820558786392212 0.850632309913635 0.846214354038239 0.823821067810059 0.870707631111145 0.835281729698181 0.855449855327606 0.862058937549591 0.893474876880646 0.877147495746613 0.917244732379913 0.899706661701202 0.892581582069397 0.921155750751495 0.939003169536591 0.952883124351501 0.917021512985229 0.890279233455658 0.901655614376068 0.889104723930359 0.885932743549347 0.870211958885193 0.91303288936615 0.922592997550964 0.901868045330048 0.895989775657654 0.884851336479187 0.887986958026886 0.875665187835693 0.864165246486664 0.852589726448059 0.748506128787994 0.608445107936859 0.516269087791443 0.229537457227707 0.242657959461212 0.137727856636047 0.0805954709649086 0.0304560866206884 0.0380120649933815 0.0326707474887371 0.198412641882896 0.22258560359478 0.241635590791702 0.20388101041317 0.079290360212326 0.0374180823564529 0.033602137118578
0.668163776397705 0.748796224594116 0.83249706029892 0.884322583675385 0.86967408657074 0.778919756412506 0.805860996246338 0.784189999103546 0.79951936006546 0.825384259223938 0.816088020801544 0.821345806121826 0.845521926879883 0.856856405735016 0.865499496459961 0.900560140609741 0.879690051078796 0.912046194076538 0.894340693950653 0.909537017345428 0.949886202812195 0.919059693813324 0.879530429840088 0.880722165107727 0.865712702274323 0.883709311485291 0.898273050785065 0.920261383056641 0.911741256713867 0.912906527519226 0.900098443031311 0.897737562656403 0.900463461875916 0.897006809711456 0.868926823139191 0.817940771579742 0.740166962146759 0.777344465255737 0.494785726070404 0.356242060661316 0.315124064683914 0.102370522916317 0.0384979508817196 0.0200884733349085 0.0137563375756145 0.0219034552574158 0.0698978900909424 0.0415105111896992 0.0631295144557953 0.048456434160471 0.0273251328617334 0.0313457734882832
0.725973546504974 0.794248759746552 0.762716591358185 0.796544313430786 0.839639008045197 0.692082822322845 0.664758026599884 0.862515985965729 0.790166556835175 0.791324734687805 0.8257976770401 0.791495263576508 0.821201264858246 0.811927318572998 0.844098567962646 0.885294258594513 0.869809031486511 0.901909470558167 0.886713922023773 0.898647904396057 0.866064012050629 0.948912620544434 0.943165898323059 0.875523269176483 0.880122005939484 0.872975885868073 0.915136635303497 0.927366197109222 0.916765213012695 0.912190854549408 0.905397295951843 0.905222833156586 0.925645411014557 0.893369078636169 0.859518349170685 0.806348383426666 0.718692600727081 0.68256151676178 0.571546137332916 0.434872031211853 0.367202550172806 0.183760404586792 0.110161207616329 0.0428751707077026 0.0625511556863785 0.0119514288380742 0.0174160748720169 0.0411684736609459 0.0337246842682362 0.0342851467430592 0.0488331653177738 0.0395189523696899
0.737217247486115 0.631675779819489 0.604761838912964 0.763573169708252 0.715977489948273 0.551088750362396 0.81155788898468 0.832633376121521 0.618280947208405 0.791756927967072 0.768978893756866 0.745585262775421 0.827861130237579 0.781936049461365 0.772175073623657 0.807405471801758 0.814749836921692 0.850255489349365 0.87378466129303 0.872413992881775 0.894303500652313 0.910600006580353 0.914375960826874 0.857690632343292 0.837479650974274 0.877339601516724 0.883902490139008 0.920405030250549 0.907346069812775 0.898413777351379 0.889271974563599 0.907932698726654 0.913998186588287 0.906090140342712 0.892765760421753 0.856178939342499 0.719445109367371 0.546394884586334 0.590832352638245 0.583054959774017 0.60387259721756 0.137924924492836 0.114745534956455 0.330569624900818 0.236632630228996 0.0380600579082966 0.0188222844153643 0.0175959151238203 0.028889287263155 0.046360407024622 0.0466967560350895 0.0579278841614723
0.42245802283287 0.700636565685272 0.652459263801575 0.629855155944824 0.700154840946198 0.734416663646698 0.765994429588318 0.792146980762482 0.783994257450104 0.83161985874176 0.754316866397858 0.759389579296112 0.780047416687012 0.800543546676636 0.79814225435257 0.845871150493622 0.8085657954216 0.769316911697388 0.844601392745972 0.8509441614151 0.879150331020355 0.844972789287567 0.848225712776184 0.842385172843933 0.838525950908661 0.826940536499023 0.869465291500092 0.854398965835571 0.856551587581635 0.895477056503296 0.880458950996399 0.880795061588287 0.890665531158447 0.931114852428436 0.916219770908356 0.875068008899689 0.624483704566956 0.393161088228226 0.484892457723618 0.68115496635437 0.725912392139435 0.482562929391861 0.0333662256598473 0.0678072199225426 0.0637389123439789 0.0301447510719299 0.037394043058157 0.0162758585065603 0.0176573991775513 0.0351327024400234 0.0537153370678425 0.0514778643846512
0.402497798204422 0.588338077068329 0.563712000846863 0.562838852405548 0.696739673614502 0.679819405078888 0.664283752441406 0.776839911937714 0.720504581928253 0.728686511516571 0.679024815559387 0.68818199634552 0.769769251346588 0.740677118301392 0.681826829910278 0.722362399101257 0.744956851005554 0.761421263217926 0.787937104701996 0.795805335044861 0.789048671722412 0.804399251937866 0.824167847633362 0.823702871799469 0.768640398979187 0.795840620994568 0.839688420295715 0.792757332324982 0.82462203502655 0.835114598274231 0.844113051891327 0.875765740871429 0.898397862911224 0.918698012828827 0.90722393989563 0.879918992519379 0.750032365322113 0.381929606199265 0.377305686473846 0.695377826690674 0.631459474563599 0.29794442653656 0.0587390512228012 0.0246969498693943 0.0225658155977726 0.0148616209626198 0.0279334876686335 0.0215129107236862 0.0212568677961826 0.0235066972672939 0.0616515353322029 0.0552491322159767
0.267583936452866 0.525043904781342 0.545365750789642 0.536594867706299 0.588390111923218 0.601223170757294 0.497695684432983 0.704225599765778 0.690240442752838 0.698132574558258 0.63830441236496 0.656861960887909 0.65618109703064 0.692839741706848 0.711464762687683 0.716994285583496 0.734785735607147 0.750319004058838 0.768641352653503 0.783663749694824 0.779172778129578 0.775213479995728 0.787336468696594 0.775218784809113 0.754191160202026 0.736820876598358 0.795873403549194 0.789353370666504 0.760208904743195 0.830322861671448 0.795516967773438 0.873405396938324 0.874927997589111 0.90269523859024 0.917404413223267 0.869754731655121 0.699920296669006 0.495577245950699 0.533827364444733 0.292142063379288 0.67490166425705 0.276552110910416 0.0752051919698715 0.0277248695492744 0.0168348029255867 0.0206061620265245 0.0109456311911345 0.0130111211910844 0.0154165625572205 0.0183992292732 0.027493828907609 0.0495385862886906
0.10176832228899 0.489564955234528 0.4159314930439 0.463353931903839 0.51515132188797 0.610415041446686 0.605627834796906 0.639499545097351 0.576735258102417 0.606888055801392 0.551057696342468 0.551661849021912 0.60740464925766 0.621137022972107 0.637062907218933 0.661726057529449 0.677210032939911 0.649562120437622 0.672448337078094 0.76124119758606 0.752533793449402 0.761161506175995 0.73780745267868 0.727466583251953 0.736173987388611 0.70104306936264 0.687808096408844 0.754325211048126 0.748511552810669 0.763611078262329 0.755000352859497 0.863387823104858 0.864691913127899 0.916523575782776 0.952720165252686 0.923274159431458 0.677980005741119 0.665397703647614 0.736920654773712 0.622810244560242 0.21648696064949 0.525335788726807 0.403441905975342 0.182943597435951 0.0504786856472492 0.0332525856792927 0.0193701516836882 0.0141375623643398 0.0192220881581306 0.0178402215242386 0.0222591888159513 0.0152080971747637
0.0989660769701004 0.306166589260101 0.467864722013474 0.458014369010925 0.417779833078384 0.420081049203873 0.490330368280411 0.395119309425354 0.444564998149872 0.572026133537292 0.585238993167877 0.494352608919144 0.519836485385895 0.54902195930481 0.551257014274597 0.670558452606201 0.674476563930511 0.672447979450226 0.672194123268127 0.668681204319 0.663045823574066 0.729629218578339 0.700850188732147 0.692378997802734 0.763231217861176 0.659045457839966 0.645530521869659 0.6966592669487 0.7090864777565 0.73394775390625 0.731116712093353 0.792548358440399 0.840077459812164 0.899545192718506 0.94886177778244 0.944310307502747 0.795365869998932 0.742928087711334 0.694181442260742 0.414919286966324 0.258493036031723 0.279993414878845 0.134883761405945 0.0543199963867664 0.0861159712076187 0.0412078648805618 0.0446762554347515 0.0131143685430288 0.0241248179227114 0.0241714622825384 0.0218220539391041 0.0145062617957592
0.14108270406723 0.184910073876381 0.393748432397842 0.453539907932281 0.376382797956467 0.423500180244446 0.445528984069824 0.370636641979218 0.401987463235855 0.577065885066986 0.597881972789764 0.545729756355286 0.67364102602005 0.577305376529694 0.574091732501984 0.59380167722702 0.572204291820526 0.590509831905365 0.666646778583527 0.660300493240356 0.644337773323059 0.62567263841629 0.681284427642822 0.656328201293945 0.621668875217438 0.667012929916382 0.642044484615326 0.701080322265625 0.718467652797699 0.741739392280579 0.771127641201019 0.764947175979614 0.803414523601532 0.885344982147217 0.935299456119537 0.954174518585205 0.869527161121368 0.757216155529022 0.525254726409912 0.389982670545578 0.314177364110947 0.647909700870514 0.854783415794373 0.80108630657196 0.634518027305603 0.0869180932641029 0.0233906377106905 0.0233221258968115 0.0225143879652023 0.0371238887310028 0.0439277961850166 0.0208690091967583
0.159246832132339 0.331082999706268 0.293250143527985 0.461735367774963 0.420647978782654 0.408950567245483 0.425555169582367 0.520515620708466 0.380610167980194 0.577521920204163 0.500011801719666 0.579641699790955 0.594906330108643 0.60036712884903 0.596917808055878 0.49036967754364 0.590412378311157 0.610387206077576 0.566718399524689 0.643971800804138 0.617343485355377 0.613516688346863 0.582228064537048 0.632450997829437 0.604002714157104 0.621052086353302 0.651044011116028 0.640282511711121 0.65704870223999 0.681341469287872 0.733630418777466 0.69918155670166 0.783198535442352 0.869836509227753 0.865994691848755 0.954057812690735 0.928577125072479 0.83840149641037 0.850502848625183 0.515419006347656 0.354157656431198 0.242843240499496 0.841820180416107 0.920336723327637 0.309975475072861 0.084715411067009 0.277947247028351 0.0911560505628586 0.133032947778702 0.0372096486389637 0.0465586744248867 0.0387387126684189
0.194656953215599 0.203399240970612 0.246427074074745 0.317611396312714 0.472162216901779 0.414789825677872 0.423872292041779 0.407270461320877 0.535182535648346 0.465328425168991 0.479941517114639 0.607030987739563 0.535202264785767 0.520382463932037 0.629264891147614 0.593650698661804 0.632620513439178 0.522697627544403 0.576489865779877 0.559816956520081 0.514853775501251 0.590844452381134 0.58193439245224 0.630458295345306 0.629400312900543 0.584217727184296 0.607576131820679 0.665078818798065 0.449686735868454 0.662520706653595 0.700136721134186 0.714099287986755 0.766855895519257 0.822816073894501 0.864053189754486 0.936499238014221 0.964651167392731 0.932902276515961 0.88703590631485 0.705859243869781 0.562532961368561 0.183724135160446 0.410569965839386 0.759021520614624 0.587300777435303 0.660098433494568 0.481267631053925 0.273073345422745 0.146768227219582 0.0646806657314301 0.0375500544905663 0.0332498475909233
0.0725888311862946 0.228581920266151 0.259694844484329 0.288569867610931 0.306468158960342 0.408187001943588 0.375615447759628 0.522769629955292 0.503122687339783 0.52232414484024 0.559413075447083 0.49703186750412 0.598839938640594 0.601092875003815 0.553109645843506 0.544703304767609 0.646890938282013 0.641085505485535 0.594586253166199 0.571001887321472 0.523842513561249 0.499299019575119 0.547539412975311 0.545606851577759 0.631468176841736 0.694033980369568 0.620380938053131 0.6616490483284 0.664078950881958 0.63959789276123 0.682270169258118 0.702610611915588 0.74518096446991 0.78982001543045 0.898226916790009 0.954851865768433 0.971588969230652 0.955226302146912 0.984785854816437 0.958481729030609 0.756931185722351 0.298524528741837 0.541593611240387 0.898360192775726 0.918600916862488 0.847952961921692 0.441744655370712 0.313891857862473 0.279192268848419 0.104529097676277 0.0544966794550419 0.0411011390388012
0.0192404109984636 0.0971406549215317 0.239036023616791 0.289642840623856 0.393851518630981 0.384528785943985 0.474276095628738 0.481865018606186 0.472927063703537 0.504184067249298 0.516880333423615 0.477988243103027 0.489488393068314 0.524579763412476 0.507619321346283 0.579113066196442 0.57153445482254 0.555850684642792 0.612099826335907 0.587558269500732 0.660659670829773 0.516701638698578 0.557386219501495 0.531874299049377 0.611357808113098 0.635665237903595 0.693944036960602 0.709003925323486 0.671050608158112 0.669724583625793 0.725885093212128 0.720021843910217 0.75071918964386 0.843501150608063 0.985430240631104 0.993709206581116 0.924869894981384 0.985313177108765 0.997795224189758 0.98581600189209 0.935027360916138 0.684433579444885 0.830060362815857 0.947565257549286 0.948605358600616 0.816259562969208 0.460225582122803 0.353688776493073 0.24722158908844 0.278635740280151 0.146165147423744 0.0669116899371147
0.0218129362910986 0.201993376016617 0.241620182991028 0.296162307262421 0.316632926464081 0.406994938850403 0.483472526073456 0.480897635221481 0.458590924739838 0.452992379665375 0.471857845783234 0.342090249061584 0.493880420923233 0.592983484268188 0.564042329788208 0.517269968986511 0.469296663999557 0.621839702129364 0.557254910469055 0.611478865146637 0.577621042728424 0.632537603378296 0.493742942810059 0.466966599225998 0.521753013134003 0.600113451480865 0.658145546913147 0.686669588088989 0.607032120227814 0.68799215555191 0.710102081298828 0.733490288257599 0.731635570526123 0.787674427032471 0.965326547622681 0.969794869422913 0.962572455406189 0.971812903881073 0.995502293109894 0.997979462146759 0.958422482013702 0.911922931671143 0.899410426616669 0.713271856307983 0.883605360984802 0.930052578449249 0.619983851909637 0.482812643051147 0.224354416131973 0.148875802755356 0.126609265804291 0.0698091983795166
0.0331733115017414 0.194025382399559 0.229884296655655 0.338508307933807 0.296128749847412 0.408260077238083 0.418528378009796 0.437157094478607 0.435791522264481 0.401262432336807 0.530174136161804 0.551317811012268 0.456000447273254 0.647724270820618 0.62858122587204 0.454382568597794 0.525058925151825 0.537351131439209 0.589767336845398 0.539622485637665 0.614746868610382 0.58143538236618 0.531420290470123 0.612046718597412 0.507831811904907 0.607911765575409 0.687723696231842 0.695648670196533 0.608430504798889 0.636164665222168 0.661476135253906 0.779989838600159 0.794735848903656 0.760779559612274 0.90678745508194 0.985039949417114 0.989193201065063 0.976247251033783 0.97107344865799 0.982336342334747 0.947638392448425 0.964180946350098 0.918540060520172 0.657924175262451 0.621025204658508 0.876067996025085 0.58701628446579 0.195092529058456 0.202908605337143 0.164920851588249 0.144465774297714 0.0547773540019989
0.0265542659908533 0.0472446158528328 0.148702219128609 0.205388873815536 0.2027348279953 0.379070252180099 0.314918577671051 0.31706577539444 0.441920340061188 0.440532594919205 0.42073655128479 0.410376071929932 0.577673196792603 0.529424488544464 0.472957521677017 0.534123957157135 0.485874146223068 0.530271708965302 0.533721506595612 0.587350070476532 0.554772555828094 0.628653645515442 0.588468492031097 0.569399774074554 0.56167197227478 0.58765983581543 0.598374903202057 0.63879919052124 0.654684722423553 0.692184090614319 0.721137523651123 0.762044966220856 0.800520718097687 0.829794049263 0.90390807390213 0.985329926013947 0.996390879154205 0.99613231420517 0.975050032138824 0.973076701164246 0.919842779636383 0.950109601020813 0.956836223602295 0.973038136959076 0.842887818813324 0.549401819705963 0.362409770488739 0.481887608766556 0.318785667419434 0.278277039527893 0.102636605501175 0.0524555779993534
0.00259235943667591 0.0186622031033039 0.0653394535183907 0.321395069360733 0.203033000230789 0.397865921258926 0.306560277938843 0.420380651950836 0.419437855482101 0.41214707493782 0.413549661636353 0.387593537569046 0.56631600856781 0.492529720067978 0.595270812511444 0.509938418865204 0.415747672319412 0.469483554363251 0.547694027423859 0.552660048007965 0.605355739593506 0.574678003787994 0.549949407577515 0.524662971496582 0.5286705493927 0.678230285644531 0.604958355426788 0.665188074111938 0.670460999011993 0.651249408721924 0.695318996906281 0.745068967342377 0.783227324485779 0.846825242042542 0.962125182151794 0.987557470798492 0.988314807415009 0.988143682479858 0.996943950653076 0.997943699359894 0.955519258975983 0.900806367397308 0.979752838611603 0.990838170051575 0.933100402355194 0.619758665561676 0.739380836486816 0.83387565612793 0.613900601863861 0.297217935323715 0.113429695367813 0.0593426711857319
0.00165319861844182 0.0111722303554416 0.0351909473538399 0.151317700743675 0.34080183506012 0.204419299960136 0.366419494152069 0.364765763282776 0.378430217504501 0.348600775003433 0.469943344593048 0.493920773267746 0.437551647424698 0.428318649530411 0.498502552509308 0.593827784061432 0.483858406543732 0.401098221540451 0.482868313789368 0.474264800548553 0.540877163410187 0.516981720924377 0.587367713451385 0.586102068424225 0.618231475353241 0.655610978603363 0.60084342956543 0.663689851760864 0.740170776844025 0.793495118618011 0.689453363418579 0.743346691131592 0.800936937332153 0.88595849275589 0.977171897888184 0.967531800270081 0.968556463718414 0.96535462141037 0.989005863666534 0.995907425880432 0.986946523189545 0.944416463375092 0.895785391330719 0.856627583503723 0.792129158973694 0.60150557756424 0.744630396366119 0.95702052116394 0.938084959983826 0.529271066188812 0.279667109251022 0.130351856350899
0.00298266229219735 0.00346810137853026 0.00870615802705288 0.0711786970496178 0.165386214852333 0.31417316198349 0.301657527685165 0.464594066143036 0.312460839748383 0.311618775129318 0.400644242763519 0.396154791116714 0.458517342805862 0.427006155252457 0.454355657100677 0.564279079437256 0.455201387405396 0.502741277217865 0.426948338747025 0.491015493869781 0.602959454059601 0.548683762550354 0.529050409793854 0.638753652572632 0.583029210567474 0.632117986679077 0.608038365840912 0.711164355278015 0.679504871368408 0.797100782394409 0.79840087890625 0.858962655067444 0.847973763942719 0.934250116348267 0.939999639987946 0.970483541488647 0.918691158294678 0.919393062591553 0.963537395000458 0.985807716846466 0.998733818531036 0.98045825958252 0.978664219379425 0.975285053253174 0.891763806343079 0.768173098564148 0.759161114692688 0.83337140083313 0.803348124027252 0.656898379325867 0.62294727563858 0.316021263599396
0.00642449734732509 0.00925366580486298 0.0131496833637357 0.0199287738651037 0.0948735252022743 0.325810015201569 0.268607497215271 0.469156354665756 0.421195834875107 0.424021631479263 0.441142439842224 0.427656233310699 0.341594576835632 0.374567270278931 0.383297115564346 0.507600903511047 0.576144397258759 0.437911450862885 0.534140765666962 0.455556035041809 0.487122237682343 0.447810411453247 0.569962203502655 0.725008189678192 0.559338808059692 0.621256589889526 0.660112023353577 0.692209362983704 0.766967713832855 0.825193881988525 0.863814532756805 0.828457653522491 0.901387453079224 0.82315468788147 0.876636326313019 0.907231390476227 0.830652177333832 0.967884480953217 0.914042890071869 0.904431641101837 0.983952641487122 0.999128937721252 0.998110473155975 0.975275337696075 0.95782732963562 0.909144282341003 0.948427438735962 0.859237253665924 0.641934335231781 0.538076043128967 0.581112265586853 0.386504620313644
0.00707554817199707 0.00462237605825067 0.0042510163038969 0.0136579079553485 0.0811242163181305 0.244239211082458 0.31545028090477 0.395698219537735 0.496527642011642 0.315095037221909 0.483303487300873 0.329052656888962 0.48417916893959 0.461991041898727 0.508422315120697 0.399684429168701 0.52100396156311 0.441403985023499 0.500012874603271 0.420696467161179 0.45520681142807 0.464761078357697 0.499152451753616 0.634196937084198 0.656132698059082 0.608502864837646 0.651158154010773 0.645844459533691 0.709657311439514 0.721511602401733 0.814369201660156 0.816150069236755 0.840525686740875 0.747359275817871 0.805636584758759 0.791319489479065 0.907341659069061 0.923114359378815 0.915946900844574 0.965766787528992 0.963254272937775 0.994236826896667 0.997382044792175 0.975228726863861 0.976481795310974 0.958656132221222 0.993726253509521 0.983544826507568 0.671814858913422 0.479017347097397 0.475706845521927 0.483748912811279
