data/climate_estimation/maxent_output/Alstroemeria_presliana.asc
NCOLS 96 
NROWS 264 
XLLCORNER -73.1666666666667 
YLLCORNER -39.6666666666667 
CELLSIZE 0.0833333333333333 
NODATA_value -3.4e+38 
[rows 120 to 139 of 264, columns 45 to 89 of 96]
0.000531094265170395 0.0006265330594033 0.000407675950555131 0.000784819014370441 0.00133660959545523 0.00222448841668665 0.0012888815253973 0.00186724832747132 0.00296515482477844 0.0114398235455155 0.00944011472165585 0.0166802182793617 0.0186389107257128 0.0401239618659019 0.122890204191208 0.137335181236267 0.120850451290607 0.117239482700825 0.0915537774562836 0.068972609937191 0.0236392356455326 0.0146648660302162 0.0357427783310413 0.0939740464091301 0.0652260631322861 0.058482401072979 0.0107088722288609 0.00251517025753856 0.00233510648831725 0.00189138553105295 0.00172557507175952 0.00262857088819146 0.00195420859381557 0.00145581213291734 0.00226930622011423 0.0028649375308305 0.00316022266633809 0.004199736751616 0.00523978937417269 0.00819825567305088 0.0278173163533211 0.0209078416228294 0.0229561291635036 0.023803586140275 0.0227163396775723
0.000695835798978806 0.00133747153449804 0.000992198125459254 0.00129372091032565 0.00138299306854606 0.00143914844375104 0.000922310398891568 0.001159125007689 0.00181861070450395 0.00322100962512195 0.0109013188630342 0.0230681821703911 0.0254612062126398 0.0382947959005833 0.144121825695038 0.145581185817719 0.121631726622581 0.136819243431091 0.118183620274067 0.0527731776237488 0.0253265351057053 0.0102280247956514 0.0685795992612839 0.0624303892254829 0.0292843207716942 0.0173586681485176 0.00365888234227896 0.00191249826457351 0.001719034393318 0.0014280314790085 0.00161528692115098 0.00146015908103436 0.00141528167296201 0.00129954540170729 0.00226049590855837 0.00241176318377256 0.00205896212719381 0.00283252797089517 0.00482255592942238 0.0102905752137303 0.0410510264337063 0.0236259344965219 0.0176670830696821 0.0212591253221035 0.0277077499777079
0.000880696577951312 0.000728934304788709 0.000879302795510739 0.00112424802500755 0.00141492614056915 0.000934960786253214 0.00116857723332942 0.00148716452531517 0.00193695013877004 0.0034020880702883 0.0115408711135387 0.00815717130899429 0.0294355135411024 0.0181046593934298 0.13194964826107 0.134305238723755 0.139850422739983 0.135881766676903 0.104197427630424 0.0563203766942024 0.019324304535985 0.00716385897248983 0.0524887479841709 0.0280135087668896 0.0143805481493473 0.0161391850560904 0.00232703774236143 0.00181025534402579 0.00150979217141867 0.00130810018163174 0.00151015794835985 0.00137645099312067 0.00114874017890543 0.00119211699347943 0.00140077737160027 0.00141431682277471 0.00187098956666887 0.00259971572086215 0.00307109602726996 0.00729867443442345 0.0445658937096596 0.0200811736285686 0.0146187031641603 0.0236188247799873 0.0223103575408459
0.00112099456600845 0.00102959002833813 0.000617356155999005 0.00137966591864824 0.0011516495142132 0.000781554146669805 0.00104201363865286 0.00103270576801151 0.00130195100791752 0.00477259047329426 0.0179797448217869 0.0253167748451233 0.0180631466209888 0.0983266532421112 0.142663925886154 0.152580380439758 0.146182164549828 0.0889960452914238 0.0672939866781235 0.0371674261987209 0.03257055580616 0.00447766296565533 0.00906163733452559 0.00682682171463966 0.0180392097681761 0.0112602226436138 0.00187085301149637 0.00139714672695845 0.00172429298982024 0.00105692003853619 0.00122882903087884 0.00115668447688222 0.00112946319859475 0.00115004018880427 0.00127911753952503 0.00147011526860297 0.00168368325103074 0.00220922217704356 0.00258286995813251 0.0106179043650627 0.0611439161002636 0.0134150171652436 0.0142632126808167 0.0193929355591536 0.0215773805975914
0.00165810307953507 0.00086473987903446 0.00119197356980294 0.000913154741283506 0.0015241433866322 0.000747869140468538 0.000869242532644421 0.00114688673056662 0.00167963712010533 0.0069800834171474 0.0601823590695858 0.0250330921262503 0.0866512283682823 0.053555142134428 0.110996268689632 0.14946149289608 0.144212797284126 0.12538643181324 0.145131856203079 0.0759784504771233 0.0360559076070786 0.00419869972392917 0.00440838420763612 0.00242847693152726 0.0181148089468479 0.0245491191744804 0.00253687705844641 0.00141781778074801 0.00140153965912759 0.00103768007829785 0.000943212013226002 0.000893340969923884 0.000963923870585859 0.00113801960833371 0.00111505086533725 0.0014157984405756 0.00147129886317998 0.00192058982793242 0.00277961371466517 0.0116015216335654 0.0808636024594307 0.0161089804023504 0.00959141459316015 0.0182152464985847 0.018106147646904
0.00100232916884124 0.000731951789930463 0.00125388405285776 0.00146124383900315 0.00152228609658778 0.00112736830487847 0.00276622083038092 0.00274335779249668 0.00487318495288491 0.0151674617081881 0.0485028438270092 0.0155015243217349 0.0447970442473888 0.0864415690302849 0.130113407969475 0.0972161442041397 0.134355172514915 0.158310189843178 0.141069993376732 0.11861789226532 0.0180826876312494 0.00300590880215168 0.00215419707819819 0.0069626891054213 0.00724795693531632 0.0172567777335644 0.00243956595659256 0.00145325716584921 0.000939167221076787 0.00101592880673707 0.000943394785281271 0.000878257385920733 0.000892481300979853 0.000893322809133679 0.00102371780667454 0.00107460853178054 0.00139929936267436 0.00180486775934696 0.00213742954656482 0.00638143578544259 0.0862802639603615 0.0358813814818859 0.0105935288593173 0.00912045314908028 0.0111494651064277
0.000793377577792853 0.000749880797229707 0.00143753038719296 0.00145563785918057 0.00126441963948309 0.00203797756694257 0.00472379615530372 0.00329427979886532 0.00588307483121753 0.0204378888010979 0.101854778826237 0.0283088907599449 0.0799766629934311 0.122479118406773 0.14364767074585 0.136653319001198 0.139548137784004 0.154905036091805 0.151349812746048 0.0839051604270935 0.0182401314377785 0.00582067016512156 0.00290168193168938 0.00202214275486767 0.00252081453800201 0.00678183138370514 0.00146521651186049 0.00124973908532411 0.000990528496913612 0.000868322676979005 0.000776936183683574 0.000740758725441992 0.000900767277926207 0.000911329465452582 0.000990102184005082 0.00110026460606605 0.00129735271912068 0.00156652322039008 0.00232530664652586 0.00835532415658236 0.12788650393486 0.0585558377206326 0.00882357079535723 0.00716809742152691 0.0108980480581522
0.000609080132562667 0.000734176253899932 0.00124358315952122 0.00201320601627231 0.000976754701696336 0.00143547565676272 0.00479072192683816 0.00806599855422974 0.00692943297326565 0.0379242748022079 0.128040432929993 0.0667291134595871 0.115236848592758 0.0937625467777252 0.0966598093509674 0.140757381916046 0.102579101920128 0.0947223827242851 0.150239124894142 0.113146685063839 0.01976128667593 0.00624214019626379 0.00304095726460218 0.00206426554359496 0.00162011559586972 0.00117480056360364 0.000897240941412747 0.000911890354473144 0.000784641306381673 0.000733203196432441 0.000781102280598134 0.000727685692254454 0.000877415703143924 0.000763491669204086 0.000828249321784824 0.00109560182318091 0.00116621877532452 0.00139628117904067 0.00229225284419954 0.0105160949751735 0.121908225119114 0.030380105599761 0.00880128983408213 0.00562389846891165 0.00652776146307588
0.00118841498624533 0.00143110146746039 0.0010360237210989 0.00209628324955702 0.00204527867026627 0.00176437851041555 0.00255023059435189 0.00408861646428704 0.0174999851733446 0.0249307826161385 0.102448336780071 0.115216493606567 0.0819081515073776 0.0759222954511642 0.137115761637688 0.108293123543262 0.0716744437813759 0.0674580037593842 0.128035381436348 0.103198848664761 0.0309087168425322 0.00877818837761879 0.00259700790047646 0.00237361178733408 0.00164212542586029 0.00137414829805493 0.00118029199074954 0.000954659655690193 0.00175419740844518 0.000917708908673376 0.000834793492686003 0.000790275225881487 0.000774459156673402 0.000781045237090439 0.000772447965573519 0.000894548720680177 0.00101866235490888 0.0015128068625927 0.00283416686579585 0.0170792303979397 0.139350518584251 0.0311455130577087 0.00726344576105475 0.00354242138564587 0.00294759985990822
0.000445042562205344 0.000737080350518227 0.00142652704380453 0.00200906046666205 0.00464003533124924 0.00177105725742877 0.00295579573139548 0.00813245121389627 0.0142887094989419 0.10261182487011 0.113405175507069 0.0678685456514359 0.0486074015498161 0.0675085410475731 0.0857885479927063 0.0851256996393204 0.0474428310990334 0.0743365362286568 0.156436190009117 0.0970026254653931 0.0209322348237038 0.00536433327943087 0.0028276857919991 0.00213711056858301 0.00164742395281792 0.00184098677709699 0.00148724659811705 0.00117420370224863 0.00937980320304632 0.00192378705833107 0.00077219249214977 0.000623983272816986 0.000630083086434752 0.000638166966382414 0.000768611789681017 0.000856601633131504 0.00100194965489209 0.00143133162055165 0.00466085225343704 0.0300107300281525 0.137058317661285 0.0241031553596258 0.00420950073748827 0.00183100462891161 0.00178776460234076
0.000848960829898715 0.000974743743427098 0.00199726619757712 0.00268976925872266 0.00175477913580835 0.00174163770861924 0.00404000654816628 0.03784104809165 0.0700666084885597 0.119579777121544 0.0836927965283394 0.0676382184028625 0.0507710464298725 0.0529027655720711 0.0599238052964211 0.0411131009459496 0.0351152569055557 0.0565160848200321 0.16142226755619 0.109918601810932 0.0215194560587406 0.0053832340054214 0.00381740974262357 0.00262479484081268 0.00176598387770355 0.00234043574891984 0.00139560329262167 0.00254360982216895 0.0319491885602474 0.00373124820180237 0.00101678736973554 0.000711898610461503 0.000665722356643528 0.000705345184542239 0.000669708009809256 0.000897260673809797 0.00109414476901293 0.00148728385102004 0.0181915853172541 0.0330009236931801 0.0233418811112642 0.00669178832322359 0.00205832929350436 0.00143326027318835 0.00174854847136885
0.000703365309163928 0.000851718592457473 0.00163941399659961 0.00325603922829032 0.00244291266426444 0.00561782578006387 0.00414381409063935 0.017249558120966 0.109629027545452 0.0778316780924797 0.0603379383683205 0.0330388620495796 0.0406988635659218 0.0355883091688156 0.0240705851465464 0.0160704981535673 0.0157275088131428 0.0883582308888435 0.165355116128922 0.103130668401718 0.0244131330400705 0.00763838645070791 0.00581341376528144 0.00226186937652528 0.00158343114890158 0.00305955298244953 0.00447607971727848 0.0129261240363121 0.062616378068924 0.00488759856671095 0.00128150393720716 0.000731478561647236 0.000737145601306111 0.000721682736184448 0.000715963426046073 0.000975325470790267 0.00111811002716422 0.00550980260595679 0.029329814016819 0.0104823866859078 0.0035874315071851 0.00211250875145197 0.00115816073957831 0.00129181297961622 0.00168549583759159
0.000558032421395183 0.00117056001909077 0.00133720261510462 0.00447172531858087 0.00382492993958294 0.0102752055972815 0.00512259313836694 0.0510192178189754 0.0885948911309242 0.0828050598502159 0.0584814175963402 0.032963540405035 0.0237686950713396 0.0213390327990055 0.0171331502497196 0.00930203963071108 0.0103147886693478 0.0997108072042465 0.141662284731865 0.0593548528850079 0.0249329078942537 0.0214195996522903 0.0215209648013115 0.00242142356000841 0.00137193920090795 0.00718012452125549 0.0419482998549938 0.0734085291624069 0.079678013920784 0.00403179926797748 0.00126307108439505 0.00089720351388678 0.000710975029505789 0.000804659153800458 0.000649962457828224 0.000845026748720556 0.00164154334925115 0.0112581001594663 0.00485402066260576 0.00181165488902479 0.00139983149711043 0.00106310111004859 0.00101421831641346 0.00115215231198817 0.00273885275237262
0.000799939734861255 0.000735840410925448 0.00188787269871682 0.00560361752286553 0.00520453322678804 0.00462977029383183 0.00601559178903699 0.0386850759387016 0.0757718607783318 0.0899226441979408 0.0603529959917068 0.0489415675401688 0.0497532598674297 0.0189329721033573 0.00610503368079662 0.00770553993061185 0.0131396390497684 0.10366216301918 0.15581376850605 0.130788445472717 0.0432525649666786 0.0293293818831444 0.0164454132318497 0.00214589922688901 0.00103240844327956 0.00769608747214079 0.0797428637742996 0.102180413901806 0.0449855662882328 0.00259555014781654 0.00121682020835578 0.00124068546574563 0.000747882411815226 0.000979060772806406 0.000800003472249955 0.00213857158087194 0.00173200154677033 0.00288966810330749 0.00108690105844289 0.000853209523484111 0.000789129349868745 0.000863295514136553 0.000913957832381129 0.00111864949576557 0.00328442431055009
0.000510863144882023 0.00062221847474575 0.00288218446075916 0.00306400889530778 0.00239688297733665 0.00492022139951587 0.0123452860862017 0.0611293762922287 0.0212812460958958 0.116662696003914 0.0872965604066849 0.0773608982563019 0.0231439229100943 0.00709079438820481 0.00512481527402997 0.00774200074374676 0.0187449231743813 0.0922628939151764 0.0550549328327179 0.0999153479933739 0.10670793056488 0.0272961501032114 0.00696758925914764 0.0017373178852722 0.00100710813421756 0.00858591962605715 0.100986503064632 0.110911935567856 0.0315363854169846 0.00196240562945604 0.00179666199255735 0.00181935122236609 0.000944996892940253 0.000692795671056956 0.00125264388043433 0.0013183857081458 0.00065725005697459 0.000668823660816997 0.000671098299790174 0.000678691256325692 0.000683598103933036 0.000830072502139956 0.000844871450681239 0.000984757323749363 0.00246860692277551
0.000709839863702655 0.00112112483475357 0.00382490991614759 0.00219002738595009 0.00250933109782636 0.00475323293358088 0.0127431992441416 0.0823477059602737 0.0677518844604492 0.110062472522259 0.0698044896125793 0.0842578411102295 0.0308543089777231 0.00637768767774105 0.00438689673319459 0.00762155652046204 0.0302805546671152 0.076787643134594 0.0190341658890247 0.0310841295868158 0.0937175378203392 0.0527875423431396 0.00517020560801029 0.001238644705154 0.000800559180788696 0.00810195691883564 0.0886508002877235 0.114663064479828 0.0174785237759352 0.00183731818106025 0.00319492351263762 0.00401928555220366 0.000778926187194884 0.000514027895405889 0.00103695399593562 0.000540490611456335 0.000480234739370644 0.000589631497859955 0.00056922493968159 0.000623992935288697 0.000647303590085357 0.000788608507718891 0.000829552067443728 0.000950404384639114 0.00125310092698783
0.000595614139456302 0.00106831407174468 0.00131022999994457 0.00288226502016187 0.00633838726207614 0.00624240795150399 0.00584549596533179 0.07920853048563 0.0758707672357559 0.0324768573045731 0.094280943274498 0.0825021043419838 0.0123581029474735 0.00446611223742366 0.00447223428636789 0.00948159769177437 0.0218166261911392 0.0738204270601273 0.0115707498043776 0.00994035694748163 0.0944987386465073 0.0354311391711235 0.00523051200434566 0.00136056705377996 0.000792699051089585 0.00757171818986535 0.0658361986279488 0.0494793839752674 0.00726787280291319 0.00236279726959765 0.00447819894179702 0.0106647768989205 0.000629005371592939 0.000487409299239516 0.000499822781421244 0.000438982533523813 0.000407658488256857 0.000564693124033511 0.000550912576727569 0.000594382814597338 0.000703543017152697 0.000742667645681649 0.000781829177867621 0.000898026453796774 0.00101653567980975
0.000355764233972877 0.000794947089161724 0.000856342318002135 0.00349156954325736 0.0100279496982694 0.00283442856743932 0.00503189256414771 0.0610085465013981 0.056342538446188 0.056295283138752 0.0338619649410248 0.0172928832471371 0.00416277069598436 0.00312216929160058 0.00390753475949168 0.00666935928165913 0.0167019236832857 0.0871010422706604 0.0297791138291359 0.0398931242525578 0.0454905927181244 0.00800326652824879 0.00204565934836864 0.000762485957238823 0.000716838170774281 0.00395570555701852 0.0346030630171299 0.00452754879370332 0.00228073191829026 0.0037609850987792 0.00645337952300906 0.00217433786019683 0.00047508702846244 0.00043536105658859 0.000398957781726494 0.000420293799834326 0.00041124175186269 0.000499972957186401 0.000477689231047407 0.000583940127398819 0.000628189649432898 0.000698009796906263 0.000817345164250582 0.000929762318264693 0.00100894481875002
0.00036046834429726 0.000795901811216027 0.00116323598194867 0.00226022582501173 0.00344535266049206 0.00398061936721206 0.00879413262009621 0.0644048005342484 0.0351018905639648 0.0325735099613667 0.0151708256453276 0.0176752414554358 0.00704129505902529 0.00271954713389277 0.00275977747514844 0.00557462312281132 0.0113138146698475 0.0307992473244667 0.0725452601909637 0.0583109185099602 0.0205938126891851 0.0040400899015367 0.00127577362582088 0.000699091644492 0.000626847671810538 0.0015494799008593 0.0284706708043814 0.00299589498899877 0.00170147395692766 0.0038350208196789 0.00566250877454877 0.000530548568349332 0.000400900840759277 0.000389978231396526 0.000402342178858817 0.000443998258560896 0.00045999712892808 0.00051385082770139 0.00049756356747821 0.000585726287681609 0.000551197794266045 0.000641851802356541 0.000708552019204944 0.00076824426651001 0.000821009743958712
0.000411544489907101 0.000778943824116141 0.00145523832179606 0.00204080459661782 0.00301121198572218 0.00394486170262098 0.0152490241453052 0.0367426499724388 0.0123082399368286 0.014076872728765 0.00738677894696593 0.0515041463077068 0.0127167347818613 0.0038068366702646 0.00212451652623713 0.00319075235165656 0.00523053435608745 0.00833973102271557 0.0331167913973331 0.0444873608648777 0.0237953253090382 0.00247285282239318 0.000912650662939996 0.000601776060648263 0.000614748394582421 0.000706467078998685 0.0107899829745293 0.0121937990188599 0.00158652989193797 0.00411306414753199 0.0011758292093873 0.000438918388681486 0.000364372244803235 0.000389618158806115 0.000436723377788439 0.000434086046880111 0.000475062435725704 0.000520870613399893 0.000535055238287896 0.000600272847805172 0.00060986028984189 0.000702373508829623 0.000820831046439707 0.000826347037218511 0.000898096186574548
