data/climate_estimation/maxent_output/Alstroemeria_hookeri.asc
NCOLS 44 
NROWS 233 
XLLCORNER -72.75 
YLLCORNER -37.1666666666667 
CELLSIZE 0.0833333333333334 
NODATA_value -3.4e+38 
[rows 161 to 183 of 233, columns 0 to 43 of 44]
-3.4e+38 -3.4e+38 -3.4e+38 -3.4e+38 -3.4e+38 -3.4e+38 -3.4e+38 -3.4e+38 -3.4e+38 -3.4e+38 -3.4e+38 -3.4e+38 0.355371415615082 0.449893891811371 0.679497420787811 0.742838501930237 0.651016294956207 0.683712422847748 0.580859243869781 0.516533434391022 0.485278159379959 0.452840983867645 0.442772328853607 0.251230597496033 0.28325030207634 0.175910800695419 0.121823824942112 0.117606230080128 0.100304894149303 0.0619580075144768 0.0499023422598839 0.0430959090590477 0.0220377910882235 0.0192960221320391 0.012165610678494 0.0127437356859446 0.00237409840337932 0.000278461986454204 2.05345349968411e-05 7.78824414737755e-06 1.91207127500093e-05 1.97910048882477e-05 3.54766780219506e-05 1.57453960127896e-05
-3.4e+38 -3.4e+38 -3.4e+38 -3.4e+38 -3.4e+38 -3.4e+38 -3.4e+38 -3.4e+38 -3.4e+38 -3.4e+38 -3.4e+38 -3.4e+38 -3.4e+38 0.33613309264183 0.656321406364441 0.713486969470978 0.698687791824341 0.620592534542084 0.514368653297424 0.497248351573944 0.50610363483429 0.436017781496048 0.429265290498734 0.269726395606995 0.235425561666489 0.186054423451424 0.147058323025703 0.120924361050129 0.0872200131416321 0.0680632144212723 0.0428411029279232 0.028577633202076 0.0333414077758789 0.0297894105315208 0.0186990387737751 0.0122470771893859 0.00296069099567831 0.000156377645907924 2.05725755222375e-05 6.10961569691426e-06 1.23116669783485e-05 2.5571553123882e-05 3.71821224689484e-05 9.45931788010057e-06
-3.4e+38 -3.4e+38 -3.4e+38 -3.4e+38 -3.4e+38 -3.4e+38 -3.4e+38 -3.4e+38 -3.4e+38 -3.4e+38 -3.4e+38 -3.4e+38 -3.4e+38 0.30191370844841 0.435788035392761 0.51202929019928 0.637888789176941 0.570391654968262 0.551874577999115 0.510460436344147 0.532980382442474 0.372430831193924 0.459690451622009 0.31861224770546 0.211369469761848 0.259909421205521 0.131619185209274 0.126274138689041 0.120388850569725 0.09162787348032 0.0606343969702721 0.0419632345438004 0.0255481638014317 0.0156132588163018 0.0192323327064514 0.00618432741612196 0.000546629540622234 0.00013181749091018 1.52663233166095e-05 7.87811768532265e-06 1.366542710457e-05 4.71131606900599e-05 0.000178269881871529 1.89898892131168e-05
-3.4e+38 -3.4e+38 -3.4e+38 -3.4e+38 -3.4e+38 -3.4e+38 -3.4e+38 -3.4e+38 -3.4e+38 -3.4e+38 -3.4e+38 -3.4e+38 -3.4e+38 0.24640741944313 0.405961811542511 0.34895247220993 0.635081648826599 0.630248367786407 0.512311697006226 0.43716686964035 0.393049001693726 0.426301896572113 0.34896394610405 0.349752634763718 0.29910346865654 0.198621302843094 0.193291008472443 0.133071273565292 0.0962962731719017 0.0754359215497971 0.0637699812650681 0.0624659359455109 0.0197778325527906 0.0153675600886345 0.0267863851040602 0.0061730477027595 0.0014299163594842 0.000148898558109067 2.34955659834668e-05 8.43842826725449e-06 1.34007668748382e-05 8.8658336608205e-05 0.000171906664036214 2.4593358830316e-05
-3.4e+38 -3.4e+38 -3.4e+38 -3.4e+38 -3.4e+38 -3.4e+38 -3.4e+38 -3.4e+38 -3.4e+38 -3.4e+38 -3.4e+38 -3.4e+38 -3.4e+38 0.197789654135704 0.255639463663101 0.278632342815399 0.326129645109177 0.449605375528336 0.493009209632874 0.431491285562515 0.399128139019012 0.305289924144745 0.296443462371826 0.379028528928757 0.223791763186455 0.241865277290344 0.228653639554977 0.19951194524765 0.14298452436924 0.104720793664455 0.0824022218585014 0.0551444180309772 0.0469550639390945 0.0298896189779043 0.0282749570906162 0.0140280863270164 0.00226853461936116 0.000169959574122913 1.66640820680186e-05 8.15512612462044e-06 1.89996972039808e-05 5.39216962351929e-05 0.000280251959338784 1.04318032754236e-05
-3.4e+38 -3.4e+38 -3.4e+38 -3.4e+38 -3.4e+38 -3.4e+38 -3.4e+38 -3.4e+38 -3.4e+38 -3.4e+38 -3.4e+38 -3.4e+38 -3.4e+38 0.24247470498085 0.21431528031826 0.279729455709457 0.292543947696686 0.38816699385643 0.378863871097565 0.27575421333313 0.358837068080902 0.334101527929306 0.396789222955704 0.331561893224716 0.306954741477966 0.243541121482849 0.201386645436287 0.17830827832222 0.150709867477417 0.107228770852089 0.0947521701455116 0.0471851229667664 0.0616985894739628 0.0478056333959103 0.0221673399209976 0.0290754288434982 0.00307339010760188 0.000175784312887117 1.57827835209901e-05 9.93785579339601e-06 2.4445544113405e-05 4.19085954490583e-05 0.000176611181814224 0.000116401053674053
-3.4e+38 -3.4e+38 -3.4e+38 -3.4e+38 -3.4e+38 -3.4e+38 -3.4e+38 -3.4e+38 -3.4e+38 -3.4e+38 -3.4e+38 -3.4e+38 -3.4e+38 -3.4e+38 0.25846603512764 0.418313652276993 0.389182657003403 0.331818133592606 0.273972719907761 0.332544982433319 0.344060182571411 0.370221018791199 0.279272884130478 0.236091867089272 0.264179080724716 0.253575533628464 0.274601191282272 0.214725777506828 0.196962356567383 0.146830230951309 0.118905052542686 0.104520812630653 0.0366122052073479 0.0514631718397141 0.0347124077379704 0.0273268576711416 0.00305706891231239 0.000156166701344773 1.32255554490257e-05 1.63056593009969e-05 2.88181490759598e-05 3.91234716516919e-05 0.000244071081397124 0.000374585913959891
-3.4e+38 -3.4e+38 -3.4e+38 -3.4e+38 -3.4e+38 -3.4e+38 -3.4e+38 -3.4e+38 -3.4e+38 -3.4e+38 -3.4e+38 -3.4e+38 -3.4e+38 -3.4e+38 0.242310091853142 0.284489542245865 0.440524160861969 0.433631330728531 0.411517590284348 0.295760035514832 0.236667513847351 0.244786471128464 0.229189172387123 0.39599284529686 0.244680166244507 0.295893490314484 0.249470770359039 0.253932267427444 0.195648685097694 0.188961341977119 0.136291325092316 0.116123497486115 0.0353987142443657 0.0585907623171806 0.0335657857358456 0.0182787366211414 0.00131126085761935 4.03817975893617e-05 1.90829832718009e-05 1.84922118933173e-05 2.14690771827009e-05 3.26407971442677e-05 0.000109338230686262 0.000244425580604002
-3.4e+38 -3.4e+38 -3.4e+38 -3.4e+38 -3.4e+38 -3.4e+38 -3.4e+38 -3.4e+38 -3.4e+38 -3.4e+38 -3.4e+38 -3.4e+38 -3.4e+38 -3.4e+38 0.24951958656311 0.258655965328217 0.252334147691727 0.375140190124512 0.414498627185822 0.387634247541428 0.421806663274765 0.196704968810081 0.142202407121658 0.172811612486839 0.159330904483795 0.136777624487877 0.275868892669678 0.305555731058121 0.229738339781761 0.154454946517944 0.137580737471581 0.147103399038315 0.0975760370492935 0.0324549674987793 0.0183037705719471 0.0028991331346333 0.000716035778168589 0.000408912426792085 3.11964395223185e-05 1.97535991901532e-05 2.50916255026823e-05 2.98928516713204e-05 0.000179212875082158 0.00053256715182215
-3.4e+38 -3.4e+38 -3.4e+38 -3.4e+38 -3.4e+38 -3.4e+38 -3.4e+38 -3.4e+38 -3.4e+38 -3.4e+38 -3.4e+38 -3.4e+38 -3.4e+38 -3.4e+38 0.278022706508636 0.458830744028091 0.576389670372009 0.573019623756409 0.524567723274231 0.312612473964691 0.317860782146454 0.303428769111633 0.24636372923851 0.327607899904251 0.363055139780045 0.190630853176117 0.294838666915894 0.207164943218231 0.251442223787308 0.222057983279228 0.129267647862434 0.0199186578392982 0.0665787234902382 0.0938281267881393 0.0209731850773096 0.00247985613532364 0.000830753531772643 0.00285298307426274 0.000605527020525187 2.62818903138395e-05 1.16377477752394e-05 3.29843023791909e-05 0.0017050679307431 0.00049748906167224
-3.4e+38 -3.4e+38 -3.4e+38 -3.4e+38 -3.4e+38 -3.4e+38 -3.4e+38 -3.4e+38 -3.4e+38 -3.4e+38 -3.4e+38 -3.4e+38 -3.4e+38 -3.4e+38 0.32124599814415 0.465658396482468 0.513699531555176 0.478516668081284 0.454620063304901 0.494594395160675 0.664844751358032 0.628742694854736 0.534787714481354 0.395531713962555 0.61496365070343 0.411123842000961 0.211862057447433 0.267106384038925 0.373518258333206 0.294651359319687 0.304263830184937 0.0425067320466042 0.0696565434336662 0.0618811249732971 0.0422795303165913 0.0037173496093601 0.00483413832262158 0.0218913182616234 0.0113922730088234 0.000587712158448994 3.20995459333062e-05 2.84499001281802e-05 0.000380714365746826 0.000198660694877617
-3.4e+38 -3.4e+38 -3.4e+38 -3.4e+38 -3.4e+38 -3.4e+38 -3.4e+38 -3.4e+38 -3.4e+38 -3.4e+38 -3.4e+38 -3.4e+38 -3.4e+38 -3.4e+38 0.429511547088623 0.409561932086945 0.315666556358337 0.384723037481308 0.567847013473511 0.5593181848526 0.558772027492523 0.476427435874939 0.460968613624573 0.197274550795555 0.693038403987885 0.647891163825989 0.480308175086975 0.422416806221008 0.336136668920517 0.391425788402557 0.297959238290787 0.155887216329575 0.0613332763314247 0.0718600675463676 0.0747970342636108 0.00933294277638197 0.0157962590456009 0.0384517535567284 0.0297319516539574 0.00254230457358062 3.98289303120691e-05 1.53443124872865e-05 8.30939643492457e-06 5.3977346397005e-05
-3.4e+38 -3.4e+38 -3.4e+38 -3.4e+38 -3.4e+38 -3.4e+38 -3.4e+38 -3.4e+38 -3.4e+38 -3.4e+38 -3.4e+38 -3.4e+38 -3.4e+38 -3.4e+38 0.506528794765472 0.475690484046936 0.523851215839386 0.525225579738617 0.530543327331543 0.395574688911438 0.52202582359314 0.280324757099152 0.139468595385551 0.104449100792408 0.437298744916916 0.597723066806793 0.626429736614227 0.606812596321106 0.402269035577774 0.341345548629761 0.35746031999588 0.375501483678818 0.243763044476509 0.143286764621735 0.107462085783482 0.0106516210362315 0.0521721020340919 0.0317754112184048 0.0275086425244808 0.00182483287062496 3.74763112631626e-05 6.76994386594743e-06 1.75787190528354e-05 7.9836145232548e-06
-3.4e+38 -3.4e+38 -3.4e+38 -3.4e+38 -3.4e+38 -3.4e+38 -3.4e+38 -3.4e+38 -3.4e+38 -3.4e+38 -3.4e+38 -3.4e+38 -3.4e+38 -3.4e+38 -3.4e+38 0.505112886428833 0.383445858955383 0.368081837892532 0.260956138372421 0.258917987346649 0.201223969459534 0.245807006955147 0.219757273793221 0.2180115878582 0.36835777759552 0.373821705579758 0.463423281908035 0.555947661399841 0.522088646888733 0.408790320158005 0.377624243497849 0.349121451377869 0.198154836893082 0.196871876716614 0.0674089416861534 0.0521801225841045 0.0484657287597656 0.040893193334341 0.0314310230314732 0.000910865317564458 0.000103190628578886 0.000131710548885167 9.56284020503517e-06 8.80902098288061e-06
-3.4e+38 -3.4e+38 -3.4e+38 -3.4e+38 -3.4e+38 -3.4e+38 -3.4e+38 -3.4e+38 -3.4e+38 -3.4e+38 -3.4e+38 -3.4e+38 -3.4e+38 -3.4e+38 -3.4e+38 0.53454864025116 0.383397787809372 0.349192976951599 0.414065599441528 0.256454259157181 0.148459106683731 0.257247120141983 0.139746457338333 0.0998090580105782 0.165213093161583 0.728012502193451 0.652825176715851 0.588037133216858 0.547918021678925 0.572079420089722 0.41079643368721 0.32380285859108 0.272965490818024 0.163930788636208 0.139266058802605 0.120210811495781 0.0684804320335388 0.0750411301851273 0.0325934141874313 0.00152144767343998 9.80642143986188e-05 9.35440111788921e-05 7.45130637369584e-06 0.000230025048949756
-3.4e+38 -3.4e+38 -3.4e+38 -3.4e+38 -3.4e+38 -3.4e+38 -3.4e+38 -3.4e+38 -3.4e+38 -3.4e+38 -3.4e+38 -3.4e+38 -3.4e+38 -3.4e+38 -3.4e+38 0.747837901115417 0.570254683494568 0.382325679063797 0.337120950222015 0.286766022443771 0.190522909164429 0.0993110686540604 0.161770179867744 0.285487323999405 0.205024912953377 0.418829619884491 0.431594133377075 0.571556210517883 0.583745896816254 0.542701780796051 0.473985373973846 0.37862828373909 0.291788518428802 0.341269850730896 0.239224329590797 0.207732051610947 0.08135736733675 0.102546155452728 0.05281637981534 0.00208763033151627 4.52646891062614e-05 1.83691226993687e-05 0.000109226450149436 0.000517456384841353
-339999999999999996123846586046231871488.000000000000000 -3.4e+38 -3.4e+38 -3.4e+38 -3.4e+38 -3.4e+38 -3.4e+38 -3.4e+38 -3.4e+38 -3.4e+38 -3.4e+38 -3.4e+38 -3.4e+38 -3.4e+38 -3.4e+38 0.904221415519714 0.835914254188538 0.450712651014328 0.569329857826233 0.449919074773788 0.785846471786499 0.186483025550842 0.1816366314888 0.300846248865128 0.125356033444405 0.186261385679245 0.550939619541168 0.572990238666534 0.536918461322784 0.621664643287659 0.701354920864105 0.338158130645752 0.191958695650101 0.22527414560318 0.23728035390377 0.138925388455391 0.0751371011137962 0.0745961293578148 0.0434074476361275 0.000475508364615962 6.56647534924559e-05 2.24255527427886e-05 0.000172268701135181 0.000691847060807049
-3.4e+38 -3.4e+38 -3.4e+38 -3.4e+38 -3.4e+38 -3.4e+38 -3.4e+38 -3.4e+38 -3.4e+38 -3.4e+38 -3.4e+38 -3.4e+38 -3.4e+38 -3.4e+38 -3.4e+38 0.930801868438721 0.869973659515381 0.843459844589233 0.817206621170044 0.782569646835327 0.93499755859375 0.243280053138733 0.424230247735977 0.533668875694275 0.0542143657803535 0.186239406466484 0.792703092098236 0.798786342144012 0.822225868701935 0.631119012832642 0.561125695705414 0.293090552091599 0.0612885542213917 0.101978212594986 0.301241993904114 0.107070602476597 0.13364577293396 0.120464168488979 0.0186083894222975 4.52968051831704e-05 4.43615354015492e-05 3.4576230973471e-05 0.000679367454722524 0.00049725134158507
-3.4e+38 -3.4e+38 -3.4e+38 -3.4e+38 -3.4e+38 -3.4e+38 -3.4e+38 -3.4e+38 -3.4e+38 -3.4e+38 -3.4e+38 -3.4e+38 -3.4e+38 -3.4e+38 0.967477917671204 0.95649254322052 0.978072762489319 0.961044549942017 0.715812742710114 0.705547392368317 0.900662660598755 0.265691250562668 0.326346933841705 0.0706274285912514 0.026813630014658 0.0361832492053509 0.201264664530754 0.693109512329102 0.731414496898651 0.580815851688385 0.691428184509277 0.480932474136353 0.216714918613434 0.155632048845291 0.212814092636108 0.194930180907249 0.137640580534935 0.114725947380066 0.00388197251595557 0.0176031719893217 0.000105917431937996 6.42446320853196e-05 0.0011685739737004 0.000523829541634768
-3.4e+38 -3.4e+38 -3.4e+38 -3.4e+38 -3.4e+38 -3.4e+38 -3.4e+38 -3.4e+38 -3.4e+38 -3.4e+38 -3.4e+38 -3.4e+38 -3.4e+38 -3.4e+38 0.949219763278961 0.977071404457092 0.978979110717773 0.960560202598572 0.701216161251068 0.646884799003601 0.534666001796722 0.328419476747513 0.14405819773674 0.103500500321388 0.0294314473867416 0.0245002098381519 0.0461824797093868 0.320576518774033 0.645658612251282 0.560737907886505 0.799674332141876 0.738661289215088 0.451905906200409 0.676644206047058 0.530374586582184 0.421403139829636 0.183780461549759 0.0633257403969765 0.0879868119955063 0.0616382136940956 0.00655560009181499 5.31121440872084e-05 9.79394098976627e-05 0.000554981757886708
-3.4e+38 -3.4e+38 -3.4e+38 -3.4e+38 -3.4e+38 -3.4e+38 -3.4e+38 -3.4e+38 -3.4e+38 -3.4e+38 -3.4e+38 -3.4e+38 -3.4e+38 -3.4e+38 0.984602987766266 0.993965089321136 0.97946298122406 0.929293870925903 0.782811939716339 0.72014045715332 0.612913846969604 0.350750625133514 0.179611027240753 0.179882451891899 0.0648787021636963 0.0310671795159578 0.0734187960624695 0.223490670323372 0.232407286763191 0.54901260137558 0.408490508794785 0.539828360080719 0.517676413059235 0.460141003131866 0.513224959373474 0.286037296056747 0.211473390460014 0.100521631538868 0.0779601261019707 0.0543898679316044 0.0131278028711677 5.40911860298365e-05 1.75803324964363e-05 9.88842293736525e-05
-3.4e+38 -3.4e+38 -3.4e+38 -3.4e+38 -3.4e+38 -3.4e+38 -3.4e+38 -3.4e+38 -3.4e+38 -3.4e+38 -3.4e+38 -3.4e+38 -3.4e+38 -3.4e+38 0.998836398124695 0.996236562728882 0.977398991584778 0.909389674663544 0.858832359313965 0.773923754692078 0.795178890228271 0.5662682056427 0.292114347219467 0.165344804525375 0.191179007291794 0.41174104809761 0.440217465162277 0.867684304714203 0.713421881198883 0.593128263950348 0.545465409755707 0.689896523952484 0.438829660415649 0.296889841556549 0.551513850688934 0.358148008584976 0.177131116390228 0.0910964161157608 0.0534706600010395 0.0465277656912804 0.0284015014767647 1.36786948132794e-05 3.13087798531342e-06 6.36552749710972e-06
-3.4e+38 -3.4e+38 -3.4e+38 -3.4e+38 -3.4e+38 -3.4e+38 -3.4e+38 -3.4e+38 -3.4e+38 -3.4e+38 -3.4e+38 -3.4e+38 0.993436455726624 0.997766077518463 0.997937083244324 0.992626190185547 0.98624974489212 0.940845847129822 0.840883314609528 0.780106782913208 0.711111724376678 0.491327852010727 0.24412676692009 0.10431981831789 0.0652549937367439 0.187756344676018 0.735285103321075 0.942849814891815 0.926822304725647 0.872344017028809 0.7135369181633 0.33764374256134 0.299284130334854 0.176514878869057 0.290968745946884 0.415045559406281 0.162681341171265 0.0548639707267284 0.0254285074770451 0.024496441707015 0.0296355187892914 7.34452187316492e-05 3.50026380147028e-06 4.07260858992231e-06
