data/climate_estimation/maxent_output/Alstroemeria_rupestris.asc
NCOLS 27 
NROWS 88 
XLLCORNER -43.75 
YLLCORNER -20.25 
CELLSIZE 0.0833333333333333 
NODATA_value -3.4e+38 
[rows 0 to 32 of 88, columns 0 to 26 of 27]
0.561056256294250 0.569958329200745 0.572640240192413 0.562040269374847 0.558828234672546 0.545775413513184 0.544025301933289 0.563491940498352 0.551209330558777 0.604840040206909 0.618942677974701 0.705377161502838 0.641010880470276 0.563829064369202 0.547089755535126 0.541729152202606 0.549215614795685 0.572918713092804 0.630776286125183 0.694750487804413 0.713325560092926 0.703413903713226 0.675693929195404 0.643204092979431 0.622450947761536 0.603265225887299 0.60273540019989
0.594240427017212 0.600506007671356 0.58634215593338 0.569779515266418 0.561836957931519 0.557106256484985 0.552386999130249 0.544913589954376 0.566938161849976 0.652404427528381 0.61325877904892 0.708539664745331 0.655731976032257 0.566294610500336 0.559498131275177 0.557202219963074 0.556574463844299 0.572739243507385 0.602313280105591 0.685618102550507 0.703304529190063 0.653000235557556 0.625743925571442 0.590448081493378 0.585274338722229 0.569004476070404 0.588358819484711
0.642843782901764 0.631149232387543 0.605563521385193 0.579397439956665 0.572413265705109 0.568322241306305 0.567665934562683 0.562294542789459 0.561193645000458 0.636873126029968 0.624965786933899 0.678835690021515 0.663821399211884 0.609164118766785 0.572790026664734 0.574820995330811 0.561721920967102 0.575768887996674 0.646930992603302 0.656379580497742 0.676777839660645 0.6195387840271 0.588030338287354 0.557817697525024 0.560289442539215 0.553479373455048 0.555293023586273
0.677832543849945 0.656827390193939 0.626631379127502 0.594317674636841 0.583793163299561 0.578204214572906 0.571261584758759 0.57856297492981 0.58675342798233 0.621752023696899 0.655786037445068 0.663476407527924 0.683452844619751 0.662392258644104 0.592200577259064 0.58733606338501 0.583247244358063 0.585650980472565 0.688741505146027 0.687774538993835 0.67119288444519 0.612351477146149 0.585584402084351 0.539547622203827 0.573980808258057 0.569626569747925 0.52215576171875
0.666674494743347 0.655775308609009 0.628696084022522 0.593083083629608 0.58472353219986 0.579969465732574 0.57976633310318 0.601477861404419 0.598040401935577 0.63157457113266 0.673826932907104 0.664338886737823 0.691588342189789 0.697032868862152 0.623013615608215 0.601675033569336 0.599698305130005 0.589462399482727 0.664959847927094 0.683935284614563 0.664954483509064 0.605657994747162 0.586350917816162 0.548847317695618 0.575214803218842 0.551944971084595 0.507539987564087
0.642245531082153 0.639008283615112 0.627113103866577 0.605266809463501 0.592893302440643 0.586046397686005 0.597871840000153 0.612070858478546 0.613879382610321 0.683690547943115 0.704363644123077 0.66401618719101 0.685857355594635 0.716720640659332 0.638717174530029 0.617838025093079 0.616007328033447 0.599111139774323 0.65754896402359 0.650553643703461 0.632636189460754 0.606291234493256 0.601438760757446 0.542553901672363 0.570483684539795 0.539029598236084 0.491220027208328
0.627062857151031 0.616046905517578 0.610339403152466 0.593598663806915 0.5948286652565 0.595444679260254 0.601363718509674 0.637119591236115 0.62598705291748 0.652525186538696 0.745929658412933 0.714446544647217 0.672743499279022 0.68052339553833 0.679404318332672 0.671909511089325 0.620859861373901 0.605898678302765 0.622806668281555 0.655089020729065 0.650600373744965 0.613195300102234 0.578354120254517 0.545492827892303 0.521096885204315 0.540586948394775 0.49881774187088
0.613416612148285 0.606853902339935 0.602192103862762 0.592431306838989 0.594939291477203 0.593067586421967 0.605729460716248 0.645586133003235 0.643359005451202 0.658541798591614 0.743339359760284 0.731134951114655 0.680412888526917 0.681812882423401 0.683748602867126 0.684847235679626 0.676068186759949 0.644826650619507 0.59781402349472 0.664743781089783 0.659033596515656 0.618211030960083 0.588062286376953 0.560526788234711 0.544583201408386 0.537809431552887 0.505294144153595
0.596908390522003 0.591410040855408 0.588192582130432 0.584686756134033 0.591729521751404 0.591863334178925 0.602696895599365 0.609254896640778 0.625450849533081 0.656341671943665 0.690223455429077 0.737614631652832 0.709708869457245 0.738478124141693 0.716520130634308 0.705405116081238 0.733992099761963 0.717872321605682 0.635802626609802 0.598387479782104 0.632636487483978 0.600012183189392 0.539725482463837 0.57581627368927 0.554061651229858 0.528435945510864 0.513650059700012
0.576570630073547 0.578632771968842 0.569311380386353 0.581888496875763 0.583926379680634 0.586381733417511 0.594828903675079 0.598912417888641 0.607058525085449 0.651177644729614 0.682405531406403 0.712582170963287 0.720618426799774 0.718309938907623 0.728889882564545 0.719379544258118 0.746375858783722 0.716457545757294 0.67608106136322 0.619461476802826 0.55784022808075 0.563702642917633 0.538691818714142 0.528684437274933 0.5494185090065 0.530067145824432 0.528138637542725
0.567562460899353 0.562871396541595 0.559102058410645 0.573675334453583 0.574712634086609 0.576917827129364 0.575310230255127 0.584370911121368 0.586047649383545 0.607582926750183 0.645309031009674 0.682397246360779 0.697400271892548 0.72577702999115 0.734627604484558 0.737557351589203 0.740972399711609 0.71233069896698 0.628869652748108 0.589291274547577 0.557520389556885 0.562008857727051 0.539393901824951 0.526957869529724 0.52303147315979 0.536510109901428 0.507626950740814
0.549180686473846 0.54542338848114 0.552318215370178 0.56408417224884 0.567882895469666 0.559942185878754 0.564603686332703 0.569185793399811 0.571215808391571 0.582622528076172 0.594206154346466 0.64760684967041 0.679668128490448 0.738336563110352 0.734700620174408 0.750587344169617 0.737152338027954 0.723269164562225 0.669365406036377 0.586026966571808 0.562187671661377 0.570715367794037 0.557640492916107 0.549265384674072 0.518985629081726 0.528934061527252 0.519460678100586
0.547510743141174 0.543580293655396 0.549435138702393 0.559324979782104 0.566299855709076 0.551904857158661 0.553672254085541 0.558380842208862 0.563943088054657 0.571155369281769 0.578438520431519 0.613524794578552 0.683371365070343 0.731801867485046 0.734191536903381 0.716284513473511 0.730502724647522 0.697063267230988 0.631063878536224 0.564269125461578 0.552895307540894 0.545651078224182 0.537350237369537 0.508910834789276 0.499412924051285 0.530298888683319 0.540887355804443
0.540725588798523 0.534782111644745 0.544078290462494 0.552262544631958 0.557784974575043 0.553496479988098 0.550668776035309 0.564030349254608 0.563983976840973 0.582118570804596 0.5853391289711 0.596121490001678 0.639172792434692 0.675791203975677 0.702113628387451 0.707567870616913 0.707030296325684 0.67454320192337 0.592410147190094 0.556910932064056 0.538715720176697 0.530994415283203 0.526726603507996 0.506133556365967 0.51855993270874 0.512761771678925 0.523042023181915
0.537706613540649 0.530880272388458 0.542325019836426 0.544336140155792 0.551713585853577 0.561670303344727 0.576018393039703 0.585446298122406 0.584085702896118 0.592536330223083 0.602710425853729 0.599732935428619 0.648198425769806 0.713904857635498 0.740725219249725 0.701581180095673 0.6768519282341 0.624180316925049 0.579785704612732 0.553206920623779 0.563679933547974 0.56708949804306 0.540253162384033 0.526270687580109 0.558284878730774 0.50766658782959 0.500319361686707
0.527600526809692 0.532505452632904 0.539334416389465 0.551069438457489 0.559024810791016 0.568535685539246 0.582744717597961 0.59013170003891 0.593179523944855 0.616468667984009 0.601742088794708 0.604065179824829 0.626951158046722 0.728863060474396 0.745883345603943 0.713941752910614 0.645178556442261 0.612339913845062 0.583372354507446 0.593254089355469 0.596800148487091 0.577099144458771 0.549160301685333 0.538246631622314 0.553849577903748 0.518565475940704 0.49790832400322
0.516304552555084 0.53218549489975 0.545750677585602 0.556592583656311 0.574264287948608 0.575997114181519 0.596571505069733 0.689174294471741 0.655745327472687 0.633374869823456 0.629833579063416 0.624153614044189 0.64406943321228 0.700568377971649 0.744920313358307 0.720699906349182 0.671466708183289 0.621850907802582 0.638315260410309 0.620290815830231 0.597435712814331 0.562112748622894 0.532846391201019 0.517447710037231 0.518977046012878 0.528036177158356 0.507056176662445
0.52513325214386 0.544260323047638 0.549726724624634 0.567289113998413 0.575718343257904 0.583711504936218 0.608090579509735 0.694837093353271 0.754107177257538 0.723508954048157 0.6441370844841 0.632165968418121 0.658689737319946 0.718881547451019 0.765007197856903 0.707629382610321 0.678611516952515 0.644517362117767 0.622746348381042 0.572343468666077 0.563793480396271 0.543711841106415 0.524287283420563 0.517400622367859 0.53913402557373 0.530185520648956 0.52517706155777
0.558573186397552 0.632345616817474 0.582300782203674 0.576213479042053 0.586883187294006 0.594673752784729 0.61412912607193 0.639627814292908 0.684959411621094 0.7543084025383 0.697667241096497 0.651633858680725 0.647492110729218 0.720515310764313 0.761525332927704 0.703280746936798 0.686582088470459 0.638282239437103 0.592635631561279 0.568178951740265 0.550156056880951 0.542554378509521 0.540618598461151 0.523837387561798 0.551606416702271 0.54628324508667 0.529174864292145
0.57612282037735 0.62114679813385 0.580833673477173 0.577205657958984 0.582545816898346 0.593450903892517 0.608116090297699 0.621424436569214 0.64371931552887 0.652726531028748 0.762503862380981 0.699323654174805 0.655946969985962 0.692314743995667 0.74273270368576 0.685905992984772 0.660236716270447 0.623395025730133 0.607785761356354 0.603052794933319 0.56893116235733 0.5599125623703 0.577574670314789 0.548765540122986 0.573146104812622 0.593476235866547 0.579484879970551
0.579500615596771 0.578453838825226 0.582736670970917 0.582349359989166 0.579362571239471 0.590557754039764 0.602917313575745 0.606989502906799 0.613826751708984 0.619183540344238 0.639257490634918 0.674949467182159 0.644993484020233 0.712063014507294 0.74228835105896 0.689567387104034 0.665571808815002 0.631628394126892 0.619966268539429 0.627695500850677 0.598964393138885 0.576358795166016 0.601893067359924 0.58628922700882 0.597370266914368 0.597166478633881 0.579217076301575
0.576051294803619 0.587319076061249 0.585973978042603 0.578442454338074 0.581691980361938 0.585374116897583 0.598414599895477 0.604275405406952 0.60120016336441 0.603794753551483 0.612587928771973 0.638063609600067 0.632349669933319 0.708451449871063 0.745513617992401 0.703314483165741 0.667258262634277 0.648549735546112 0.649451851844788 0.654999613761902 0.637232303619385 0.612733244895935 0.620583176612854 0.598520040512085 0.579836964607239 0.585345566272736 0.590175092220306
0.577451288700104 0.585151195526123 0.594138026237488 0.587141454219818 0.589914321899414 0.58752578496933 0.59291410446167 0.610954463481903 0.603743970394135 0.608635008335114 0.604635059833527 0.604362785816193 0.642780601978302 0.736131548881531 0.753963887691498 0.709936678409576 0.70073127746582 0.655734717845917 0.644601702690125 0.628970563411713 0.624186456203461 0.612361013889313 0.622742533683777 0.585825562477112 0.564307987689972 0.566079795360565 0.555932104587555
0.57867705821991 0.585317492485046 0.587256610393524 0.589000225067139 0.593749582767487 0.598050534725189 0.587320387363434 0.597821712493896 0.70500385761261 0.719982326030731 0.703866600990295 0.607689499855042 0.638068199157715 0.733182013034821 0.764207541942596 0.746052861213684 0.678555071353912 0.659470975399017 0.643802404403687 0.637162864208221 0.60639899969101 0.599034607410431 0.593380331993103 0.565604448318481 0.56620317697525 0.557810425758362 0.546010076999664
0.567549228668213 0.576965093612671 0.576039433479309 0.616687059402466 0.592665910720825 0.579835593700409 0.586985647678375 0.617377161979675 0.745660901069641 0.697835028171539 0.598153352737427 0.605587959289551 0.691804587841034 0.730682969093323 0.727435410022736 0.70694363117218 0.672187447547913 0.67087197303772 0.635842740535736 0.628737449645996 0.606259226799011 0.60526317358017 0.604695916175842 0.609589755535126 0.589538097381592 0.60040283203125 0.562842488288879
0.574699819087982 0.57769775390625 0.57308954000473 0.624058723449707 0.58198481798172 0.576107740402222 0.581040143966675 0.60953015089035 0.745314836502075 0.633576393127441 0.618617236614227 0.655615985393524 0.748590111732483 0.746225237846375 0.733042538166046 0.722846567630768 0.684107482433319 0.681758403778076 0.641245007514954 0.634905934333801 0.613165616989136 0.623283326625824 0.648386359214783 0.650806665420532 0.629128873348236 0.63518625497818 0.623523950576782
0.57081151008606 0.573984324932098 0.57101845741272 0.571678519248962 0.574328303337097 0.573631823062897 0.576596558094025 0.58927708864212 0.729183971881866 0.64326399564743 0.617030799388885 0.720538258552551 0.758892297744751 0.730512142181396 0.709682047367096 0.728722453117371 0.706480264663696 0.710974454879761 0.698089957237244 0.663872599601746 0.62483024597168 0.655074298381805 0.677119612693787 0.663532555103302 0.657159566879272 0.638283848762512 0.6361283659935
0.575334906578064 0.566815376281738 0.569360375404358 0.569567620754242 0.578685224056244 0.56838858127594 0.573970317840576 0.57760089635849 0.692657649517059 0.6637864112854 0.622027695178986 0.768165707588196 0.72736519575119 0.698561489582062 0.669958233833313 0.709523856639862 0.670669436454773 0.697911381721497 0.684643924236298 0.661965727806091 0.655022978782654 0.669831871986389 0.641982913017273 0.651942372322083 0.633960723876953 0.622677624225616 0.634126424789429
0.572769999504089 0.563478708267212 0.567522287368774 0.570920705795288 0.571260988712311 0.567977547645569 0.569942831993103 0.572472870349884 0.590930104255676 0.579639792442322 0.601749658584595 0.740414977073669 0.720308125019073 0.691279351711273 0.660738289356232 0.68248462677002 0.679926037788391 0.661520600318909 0.666369020938873 0.64544814825058 0.620325982570648 0.623299717903137 0.629928767681122 0.644299566745758 0.633313238620758 0.632144749164581 0.624373912811279
0.568070232868195 0.567423582077026 0.56157249212265 0.568491101264954 0.572897732257843 0.56898045539856 0.575260400772095 0.572003304958344 0.58478718996048 0.580844759941101 0.590288281440735 0.667668700218201 0.719039499759674 0.677944242954254 0.661169230937958 0.67987984418869 0.691722452640533 0.654467940330505 0.640318393707275 0.619585931301117 0.614328980445862 0.616203010082245 0.63913106918335 0.632040500640869 0.619784832000732 0.622158110141754 0.610886573791504
0.570005416870117 0.55894547700882 0.592947423458099 0.554891765117645 0.552531242370605 0.566795527935028 0.572618782520294 0.57474160194397 0.583578884601593 0.604466199874878 0.613031804561615 0.719833493232727 0.708725214004517 0.684037625789642 0.651346981525421 0.678129315376282 0.656151592731476 0.640360653400421 0.643241345882416 0.625348150730133 0.613135635852814 0.624011158943176 0.616579294204712 0.610554873943329 0.609543442726135 0.612787663936615 0.609873056411743
0.564800083637238 0.54652214050293 0.574402332305908 0.55771416425705 0.556816875934601 0.567850291728973 0.583186030387878 0.592273056507111 0.581526100635529 0.60031121969223 0.640059769153595 0.752534151077271 0.723845899105072 0.701274633407593 0.676538169384003 0.671968638896942 0.651838183403015 0.631155729293823 0.661595046520233 0.637955129146576 0.609462678432465 0.605406224727631 0.623480260372162 0.606011867523193 0.598101794719696 0.605689644813538 0.593740701675415
0.56595253944397 0.554375946521759 0.562251389026642 0.570028245449066 0.569848954677582 0.566089987754822 0.594127058982849 0.609363615512848 0.59616756439209 0.594619691371918 0.62517637014389 0.789297938346863 0.699646651744843 0.682710945606232 0.660568118095398 0.65662944316864 0.643994569778442 0.629407405853271 0.633817970752716 0.621716260910034 0.609608948230743 0.595037758350372 0.605605840682983 0.603739261627197 0.60164088010788 0.619325637817383 0.603882253170013
