data/climate_estimation/maxent_output/Alstroemeria_gardneri.asc
NCOLS 129 
NROWS 108 
XLLCORNER -52.25 
YLLCORNER -19 
CELLSIZE 0.0833333333333333 
NODATA_value -3.4e+38 
[rows 60 to 79 of 108, columns 44 to 87 of 129]
0.856395423412323 0.839018166065216 0.815119743347168 0.846913993358612 0.87420779466629 0.926736772060394 0.937547028064728 0.92589670419693 0.911130249500275 0.929850339889526 0.939733684062958 0.991599500179291 0.909721493721008 0.602054238319397 0.679477870464325 0.605798661708832 0.47655525803566 0.452697843313217 0.496313363313675 0.732645392417908 0.925839424133301 0.902310907840729 0.891537845134735 0.705840528011322 0.782857060432434 0.846024572849274 0.852659404277802 0.784449279308319 0.693752288818359 0.671871483325958 0.623139679431915 0.635122120380402 0.558493256568909 0.513523101806641 0.487585961818695 0.41719526052475 0.399255603551865 0.412839025259018 0.435855209827423 0.418944001197815 0.398377627134323 0.378173321485519 0.199012413620949 0.182382360100746
0.795220375061035 0.793526947498322 0.800100684165955 0.789566814899445 0.804896533489227 0.854733109474182 0.887094676494598 0.911718904972076 0.91147369146347 0.915588736534119 0.96466737985611 0.988755822181702 0.95772522687912 0.599467635154724 0.566163718700409 0.601031482219696 0.565978527069092 0.444369703531265 0.458946585655212 0.684063673019409 0.913594245910645 0.894416213035583 0.866580307483673 0.82515162229538 0.806332111358643 0.73450756072998 0.752698183059692 0.823059856891632 0.694681823253632 0.624026417732239 0.59764838218689 0.509037613868713 0.486250370740891 0.440322071313858 0.43017315864563 0.46815225481987 0.441456139087677 0.402921885251999 0.416371136903763 0.363463848829269 0.210111275315285 0.170954391360283 0.149027049541473 0.0456148758530617
0.773936808109283 0.905701458454132 0.84173172712326 0.838004469871521 0.849779963493347 0.861337065696716 0.885296165943146 0.924512147903442 0.958869099617004 0.954567015171051 0.930910468101501 0.981716156005859 0.983557283878326 0.623306572437286 0.55893212556839 0.592623651027679 0.672959089279175 0.482460707426071 0.514321208000183 0.761828303337097 0.889736771583557 0.880059540271759 0.850402772426605 0.825781047344208 0.814925730228424 0.654775857925415 0.670545279979706 0.736398100852966 0.597937047481537 0.695808112621307 0.582409203052521 0.504531502723694 0.490126192569733 0.450293332338333 0.419542700052261 0.510216236114502 0.49800780415535 0.438123911619186 0.455885916948318 0.36065086722374 0.180119439959526 0.0421103239059448 0.0397047363221645 0.0397041216492653
0.814274311065674 0.838094055652618 0.869295299053192 0.908751547336578 0.88755214214325 0.920442879199982 0.898916006088257 0.899194121360779 0.94347870349884 0.941585063934326 0.939167737960815 0.956943035125732 0.96900463104248 0.772810518741608 0.578169345855713 0.542758703231812 0.724306404590607 0.648246228694916 0.584547817707062 0.687904834747314 0.874846756458282 0.859120190143585 0.841056525707245 0.786128163337708 0.78964775800705 0.724469721317291 0.451645046472549 0.582049131393433 0.561037182807922 0.661420106887817 0.666099727153778 0.521965086460114 0.46245139837265 0.456724971532822 0.471156239509583 0.493378877639771 0.462393194437027 0.327502131462097 0.366389811038971 0.292539924383163 0.130772337317467 0.134011670947075 0.0358355641365051 0.0318557359278202
0.838150203227997 0.86281430721283 0.897881627082825 0.965903222560883 0.914697229862213 0.944514572620392 0.9470534324646 0.927091360092163 0.936478614807129 0.946400284767151 0.945474207401276 0.931506752967834 0.955735802650452 0.947955191135406 0.636724054813385 0.681865096092224 0.696275413036346 0.772239089012146 0.608234345912933 0.786141753196716 0.864639401435852 0.850817441940308 0.82520055770874 0.806412279605865 0.832437336444855 0.745826482772827 0.547417640686035 0.468273371458054 0.458070367574692 0.561703562736511 0.638484477996826 0.56908243894577 0.507426857948303 0.557117104530334 0.531646430492401 0.432977765798569 0.345417350530624 0.331668019294739 0.255262464284897 0.1038568764925 0.10810624063015 0.037582989782095 0.032768901437521 0.0232982132583857
0.863057136535645 0.914672315120697 0.91370290517807 0.963317453861237 0.97158670425415 0.968063294887543 0.960851311683655 0.939388334751129 0.946222543716431 0.94758141040802 0.928086936473846 0.911355257034302 0.942797839641571 0.960301697254181 0.835913062095642 0.659725427627563 0.777415692806244 0.826946675777435 0.737214922904968 0.739207983016968 0.768864214420319 0.747847557067871 0.753974735736847 0.520477592945099 0.716385304927826 0.796716868877411 0.53805547952652 0.328133255243301 0.427065402269363 0.545777320861816 0.574414074420929 0.514523565769196 0.52703195810318 0.575325787067413 0.489926010370255 0.342360645532608 0.330763190984726 0.290546238422394 0.305964797735214 0.116660699248314 0.0827663838863373 0.0285127032548189 0.0286563541740179 0.0269025415182114
0.900674641132355 0.942015111446381 0.971287906169891 0.990600109100342 0.984746634960175 0.983755588531494 0.988119661808014 0.965840101242065 0.95922714471817 0.941948771476746 0.938329637050629 0.928411602973938 0.945550322532654 0.959966540336609 0.924610197544098 0.832135438919067 0.827642560005188 0.869326233863831 0.730538129806519 0.770540714263916 0.667121410369873 0.486965924501419 0.546762704849243 0.584224820137024 0.419433206319809 0.573070824146271 0.501901924610138 0.31246343255043 0.359015494585037 0.514492630958557 0.485244333744049 0.405432820320129 0.421282678842545 0.394953966140747 0.364700078964233 0.278359174728394 0.284867465496063 0.233013734221458 0.186955288052559 0.0954363793134689 0.0775798857212067 0.0218782555311918 0.0187637247145176 0.0185596905648708
0.912693858146667 0.9537393450737 0.981894671916962 0.996353209018707 0.994572222232819 0.987149596214294 0.977672755718231 0.980965733528137 0.972828984260559 0.967713594436646 0.952520370483398 0.954624474048615 0.957585453987122 0.952185153961182 0.924914658069611 0.884043633937836 0.875938892364502 0.823772490024567 0.6308314204216 0.55431866645813 0.618687152862549 0.471879333257675 0.376114577054977 0.394772380590439 0.349870800971985 0.361886352300644 0.321770697832108 0.3257916867733 0.305820941925049 0.279457807540894 0.355677336454391 0.276955246925354 0.31604191660881 0.379746466875076 0.337851643562317 0.275470465421677 0.237306892871857 0.218103632330894 0.192093893885612 0.0951628610491753 0.0784008055925369 0.0614705085754395 0.0182159692049026 0.0120776034891605
0.945494532585144 0.975179553031921 0.995630323886871 0.997284293174744 0.996773302555084 0.990002930164337 0.982305526733398 0.987431049346924 0.987578094005585 0.972453236579895 0.972222208976746 0.961522817611694 0.971551656723022 0.963134348392487 0.938640892505646 0.881910860538483 0.87819892168045 0.829976558685303 0.778681516647339 0.567611157894135 0.59466564655304 0.552906334400177 0.469019412994385 0.559225261211395 0.389112919569016 0.56149822473526 0.564293146133423 0.379075407981873 0.312977463006973 0.244053035974503 0.231901466846466 0.227936998009682 0.254578083753586 0.296071231365204 0.28669735789299 0.248567998409271 0.238659650087357 0.191975831985474 0.165356770157814 0.134959548711777 0.075593501329422 0.0616946183145046 0.0134400231763721 0.0106763979420066
0.99348646402359 0.992053627967834 0.993584871292114 0.998130917549133 0.99543023109436 0.987328052520752 0.989851593971252 0.990185379981995 0.991159856319427 0.993189573287964 0.978675365447998 0.980049908161163 0.96324610710144 0.950822174549103 0.925711512565613 0.917872667312622 0.899397075176239 0.837089240550995 0.83456563949585 0.788483679294586 0.659519195556641 0.760530471801758 0.734815061092377 0.762852013111115 0.726890981197357 0.752578914165497 0.663835763931274 0.406599313020706 0.288495421409607 0.238066360354424 0.22061687707901 0.22172799706459 0.206271260976791 0.185854375362396 0.20808170735836 0.241928368806839 0.220548674464226 0.169892802834511 0.154733270406723 0.125380247831345 0.0901704728603363 0.0493114851415157 0.0371187813580036 0.0278752278536558
0.991368412971497 0.985083520412445 0.988602221012115 0.989356756210327 0.987947285175323 0.99542897939682 0.990285098552704 0.982650279998779 0.986394345760345 0.993780493736267 0.98178505897522 0.979934275150299 0.969334781169891 0.94808155298233 0.921937882900238 0.950941383838654 0.923025965690613 0.851426184177399 0.842806816101074 0.801176428794861 0.711838603019714 0.827170550823212 0.821665167808533 0.81583559513092 0.762937664985657 0.740385234355927 0.644832670688629 0.395693719387054 0.43873542547226 0.241099938750267 0.222917318344116 0.21627938747406 0.206567034125328 0.188844442367554 0.190537571907043 0.22287991642952 0.222673267126083 0.16173429787159 0.12078994512558 0.0984092280268669 0.08080093562603 0.0701583996415138 0.0346097983419895 0.0296513251960278
0.990438938140869 0.983464360237122 0.978988885879517 0.980453372001648 0.986564218997955 0.990324974060059 0.972737789154053 0.981449007987976 0.981207966804504 0.988577127456665 0.974317610263824 0.974293351173401 0.969588041305542 0.94764518737793 0.93168830871582 0.930752396583557 0.895852148532867 0.857326209545135 0.838837563991547 0.795680642127991 0.708159148693085 0.776547849178314 0.843882977962494 0.791893899440765 0.768658876419067 0.679277896881104 0.627677142620087 0.339997380971909 0.31988787651062 0.251779139041901 0.256252557039261 0.198595255613327 0.178429111838341 0.168389990925789 0.178068369626999 0.201480105519295 0.202164575457573 0.162921786308289 0.124664105474949 0.104548759758472 0.0833746790885925 0.0642000883817673 0.0590513423085213 0.0484236851334572
0.96878719329834 0.969406187534332 0.962574779987335 0.979749858379364 0.976424396038055 0.968493103981018 0.984844326972961 0.976588845252991 0.974871933460236 0.959845304489136 0.956665635108948 0.970411419868469 0.970612823963165 0.951769292354584 0.922810852527618 0.898177981376648 0.89936751127243 0.891767621040344 0.839959025382996 0.751253485679626 0.66608601808548 0.616035163402557 0.801277220249176 0.76841527223587 0.76777571439743 0.742599546909332 0.471499562263489 0.35890606045723 0.266814470291138 0.284431248903275 0.195637732744217 0.18275648355484 0.180732116103172 0.153313890099525 0.145725414156914 0.184174597263336 0.140304237604141 0.154643207788467 0.123703993856907 0.111317083239555 0.0886243879795074 0.0380018576979637 0.0340932421386242 0.059842262417078
0.936759233474731 0.949154734611511 0.919165194034576 0.93793135881424 0.97210705280304 0.952429294586182 0.941899359226227 0.924814581871033 0.914766609668732 0.944455325603485 0.947055041790009 0.944385170936584 0.948333263397217 0.938721060752869 0.916718661785126 0.903221726417542 0.785774409770966 0.778426229953766 0.714556515216827 0.705748558044434 0.660363912582397 0.58490264415741 0.6182581782341 0.821846425533295 0.785270631313324 0.760882616043091 0.723567545413971 0.63261491060257 0.299995332956314 0.255434900522232 0.202430292963982 0.176371186971664 0.159038245677948 0.143303632736206 0.127131208777428 0.127959921956062 0.113642729818821 0.127300217747688 0.106635719537735 0.104252383112907 0.0490098409354687 0.0392399653792381 0.03958959877491 0.0868758112192154
0.894253790378571 0.882454514503479 0.901574671268463 0.883489429950714 0.899714171886444 0.922265410423279 0.873161733150482 0.852097988128662 0.856317281723022 0.918285667896271 0.893101036548615 0.896691083908081 0.888960540294647 0.897814154624939 0.882628619670868 0.790714204311371 0.701445341110229 0.630023717880249 0.583962559700012 0.5971919298172 0.561206877231598 0.532806217670441 0.501386165618896 0.791975140571594 0.813913583755493 0.758053064346313 0.711332023143768 0.516215324401855 0.555944681167603 0.350085914134979 0.233508989214897 0.211214020848274 0.20852430164814 0.144745066761971 0.115169137716293 0.101715199649334 0.0991699174046516 0.0947298258543015 0.0978294759988785 0.0564568787813187 0.0150439674034715 0.0134207820519805 0.0395496860146523 0.0875787809491158
0.852448046207428 0.816400647163391 0.819384634494781 0.787121772766113 0.806015729904175 0.838100433349609 0.875516772270203 0.87506377696991 0.895546734333038 0.848512589931488 0.830230534076691 0.833932518959045 0.839257955551147 0.845446109771729 0.831710040569305 0.828207194805145 0.834990203380585 0.758951425552368 0.61000120639801 0.504759669303894 0.514769911766052 0.457024872303009 0.459628105163574 0.622012436389923 0.741551101207733 0.767578840255737 0.744923830032349 0.691405653953552 0.643408119678497 0.570909321308136 0.408049494028091 0.288148254156113 0.231250315904617 0.143316969275475 0.113551147282124 0.107470609247684 0.0941401347517967 0.0748439580202103 0.0708912685513496 0.0455874092876911 0.0141421100124717 0.0134410243481398 0.0406810566782951 0.108076274394989
0.766659319400787 0.800391674041748 0.774787902832031 0.763036727905273 0.708441972732544 0.690688967704773 0.730536460876465 0.817057490348816 0.80552214384079 0.740237951278687 0.739703953266144 0.746003985404968 0.739533364772797 0.765583217144012 0.762554287910461 0.779978215694427 0.787839472293854 0.79332560300827 0.678444027900696 0.521005392074585 0.488897293806076 0.481693476438522 0.452963441610336 0.468800365924835 0.619429349899292 0.753982424736023 0.680794179439545 0.631421327590942 0.598310589790344 0.553863525390625 0.448493301868439 0.406868606805801 0.331877022981644 0.234206408262253 0.126325398683548 0.121331326663494 0.104059971868992 0.0841076299548149 0.0783548429608345 0.0451122373342514 0.015551745891571 0.0126632489264011 0.0374130494892597 0.0890839621424675
0.716977953910828 0.700533628463745 0.72221964597702 0.752636611461639 0.682525932788849 0.614153623580933 0.61845999956131 0.657802760601044 0.654055774211884 0.638720989227295 0.634418129920959 0.688288509845734 0.646467089653015 0.668182611465454 0.724588751792908 0.723352015018463 0.697737395763397 0.712136387825012 0.680781543254852 0.583581805229187 0.470191270112991 0.433974713087082 0.437125146389008 0.388408601284027 0.377605587244034 0.573791682720184 0.737284898757935 0.70123553276062 0.609698534011841 0.519205391407013 0.400453239679337 0.329312860965729 0.301212787628174 0.180579900741577 0.163308471441269 0.134791806340218 0.108057342469692 0.115556247532368 0.0941421613097191 0.0769559741020203 0.0428233072161674 0.0379793532192707 0.0369778797030449 0.0940776988863945
0.631898522377014 0.58383446931839 0.644121587276459 0.693931818008423 0.637174069881439 0.571663081645966 0.554364264011383 0.591526210308075 0.59997969865799 0.537581324577332 0.586476445198059 0.620850801467896 0.630530536174774 0.607658624649048 0.576689898967743 0.588714301586151 0.627056121826172 0.599208176136017 0.59789901971817 0.560209810733795 0.46654811501503 0.424786061048508 0.383986979722977 0.347336620092392 0.34330490231514 0.345448344945908 0.547031581401825 0.645839512348175 0.655248820781708 0.504179835319519 0.366492509841919 0.302899479866028 0.274029940366745 0.28941798210144 0.196343168616295 0.166338860988617 0.148158147931099 0.12211000919342 0.0946939885616302 0.0795907154679298 0.0440085642039776 0.0388555936515331 0.0420474819839001 0.0918478891253471
0.545347690582275 0.529166638851166 0.563161075115204 0.547872543334961 0.580533385276794 0.567834496498108 0.499338001012802 0.534165143966675 0.506220877170563 0.482549846172333 0.573927402496338 0.578456997871399 0.579127252101898 0.539222657680511 0.497914761304855 0.472218781709671 0.493880867958069 0.499608963727951 0.504508912563324 0.46253627538681 0.387353271245956 0.375667214393616 0.404750734567642 0.350429236888885 0.293993771076202 0.295110493898392 0.377799481153488 0.442905575037003 0.478699028491974 0.418236196041107 0.344702303409576 0.311870723962784 0.34158518910408 0.291658490896225 0.21155409514904 0.195074528455734 0.159336388111115 0.125247582793236 0.0958807244896889 0.0818310528993607 0.0435187891125679 0.0427300110459328 0.0750143826007843 0.103345461189747
