data/climate_estimation/maxent_output/Alstroemeria_plantaginea.asc
NCOLS 218 
NROWS 174 
XLLCORNER -56.3333333333333 
YLLCORNER -23.5 
CELLSIZE 0.0833333333333333 
NODATA_value -3.4e+38 
[rows 120 to 139 of 174, columns 88 to 131 of 218]
0.437513440847397 0.473002374172211 0.513888478279114 0.547716677188873 0.60708612203598 0.647452056407928 0.72983056306839 0.801618456840515 0.844606578350067 0.884783506393433 0.913693010807037 0.894237160682678 0.851115167140961 0.93906843662262 0.963832020759583 0.971355676651001 0.974766910076141 0.961245656013489 0.954836547374725 0.943026483058929 0.960023462772369 0.914185523986816 0.913181722164154 0.930488884449005 0.955485165119171 0.937463581562042 0.933230996131897 0.889015793800354 0.866589784622192 0.826196014881134 0.727036893367767 0.772422730922699 0.918487250804901 0.941191434860229 0.854254424571991 0.779807984828949 0.905528128147125 0.819559097290039 0.735514938831329 0.688611567020416 0.567277550697327 0.432923883199692 0.415217816829681 0.407623618841171
0.466262817382812 0.477156162261963 0.488872528076172 0.539678633213043 0.603883147239685 0.64615261554718 0.702324569225311 0.738655149936676 0.806226193904877 0.855010807514191 0.930053412914276 0.914636075496674 0.910820424556732 0.916553974151611 0.926331996917725 0.938208639621735 0.949292778968811 0.954393744468689 0.926314175128937 0.910792768001556 0.926267087459564 0.928442001342773 0.946492433547974 0.951610267162323 0.981017887592316 0.979232847690582 0.911327600479126 0.969644725322723 0.978526949882507 0.970359623432159 0.848498582839966 0.773331940174103 0.846985220909119 0.897923350334167 0.903394341468811 0.888425350189209 0.944022119045258 0.849979817867279 0.734007239341736 0.758277297019958 0.55258321762085 0.51184469461441 0.505507946014404 0.498950690031052
0.445037841796875 0.507969796657562 0.539113163948059 0.516215622425079 0.555018603801727 0.601012289524078 0.658673524856567 0.721327543258667 0.808262348175049 0.858605682849884 0.909392654895782 0.938611805438995 0.940982937812805 0.950413405895233 0.970182538032532 0.978460490703583 0.963477253913879 0.977039277553558 0.973947167396545 0.956825137138367 0.958204567432404 0.969658315181732 0.96636027097702 0.963105261325836 0.98087352514267 0.94653058052063 0.945309340953827 0.928552985191345 0.921326279640198 0.982576191425323 0.905782282352448 0.828188955783844 0.854378640651703 0.955668926239014 0.974272787570953 0.943768620491028 0.960155427455902 0.850099861621857 0.80228179693222 0.776631295681 0.561338007450104 0.547077238559723 0.566426336765289 0.60012274980545
0.436686277389526 0.458746552467346 0.513055801391602 0.551399171352386 0.590948402881622 0.578031539916992 0.608673274517059 0.685453414916992 0.707887530326843 0.783067941665649 0.901284515857697 0.937389254570007 0.953921794891357 0.964424610137939 0.968116819858551 0.976043283939362 0.972346544265747 0.979153156280518 0.983565509319305 0.985678553581238 0.987894415855408 0.988458037376404 0.991314589977264 0.981098592281342 0.96606034040451 0.965092122554779 0.944668591022491 0.918576776981354 0.912618100643158 0.938970983028412 0.925983667373657 0.925053954124451 0.966556251049042 0.987286269664764 0.988745391368866 0.982035517692566 0.97048157453537 0.872307419776917 0.85652893781662 0.732817828655243 0.606932580471039 0.610032141208649 0.609317541122437 0.591435194015503
0.38901224732399 0.441609978675842 0.465339452028275 0.490611881017685 0.54783296585083 0.609093487262726 0.591281056404114 0.620938301086426 0.64616858959198 0.666387021541595 0.796521842479706 0.848244607448578 0.939159214496613 0.961946547031403 0.96770977973938 0.979159235954285 0.966970145702362 0.984447538852692 0.986128389835358 0.98737245798111 0.99350905418396 0.992371499538422 0.995779037475586 0.993935108184814 0.99350243806839 0.983900666236877 0.955403089523315 0.952811002731323 0.929953813552856 0.927191615104675 0.931708157062531 0.975595891475677 0.979250192642212 0.990751445293427 0.991593897342682 0.968941748142242 0.943028688430786 0.857847452163696 0.751482605934143 0.672629296779633 0.641287326812744 0.614930331707001 0.615693271160126 0.580419898033142
0.384285539388657 0.407923847436905 0.468630641698837 0.505756556987762 0.53428190946579 0.596293807029724 0.662337839603424 0.661755084991455 0.658247351646423 0.686407506465912 0.697516083717346 0.7985520362854 0.915381789207458 0.951200902462006 0.956314563751221 0.974755346775055 0.973231911659241 0.981502592563629 0.988774418830872 0.990710020065308 0.994989335536957 0.994107723236084 0.996777355670929 0.997965395450592 0.99694561958313 0.98930037021637 0.973885416984558 0.962352752685547 0.927693367004395 0.932318985462189 0.940715432167053 0.964964032173157 0.989477813243866 0.993343889713287 0.990962088108063 0.955166041851044 0.932789921760559 0.837912917137146 0.659065425395966 0.619536101818085 0.701483368873596 0.688998699188232 0.636677503585815 0.617455899715424
0.431066602468491 0.473345190286636 0.482604295015335 0.508126258850098 0.539268791675568 0.546930313110352 0.569322407245636 0.642119467258453 0.690769612789154 0.704091787338257 0.6565762758255 0.750971674919128 0.883816123008728 0.920670986175537 0.954698443412781 0.970094501972198 0.976966381072998 0.981785774230957 0.984136283397675 0.990863859653473 0.993869066238403 0.995710134506226 0.997957110404968 0.996986031532288 0.993528664112091 0.976475119590759 0.978395164012909 0.971073746681213 0.94957822561264 0.943554818630219 0.948506951332092 0.966192960739136 0.97912609577179 0.993102967739105 0.994836986064911 0.98208624124527 0.967250108718872 0.880048990249634 0.634752631187439 0.705592513084412 0.670398712158203 0.669610977172852 0.630902171134949 0.670502066612244
0.457122266292572 0.497678071260452 0.510090947151184 0.488819390535355 0.529496490955353 0.570508241653442 0.581337928771973 0.588004171848297 0.557527005672455 0.537179172039032 0.582062005996704 0.638068675994873 0.712138712406158 0.763594925403595 0.872235655784607 0.972106277942657 0.981769859790802 0.98638528585434 0.982968091964722 0.992694675922394 0.993887662887573 0.99527633190155 0.99652361869812 0.993762016296387 0.983925461769104 0.968632519245148 0.972751438617706 0.972561120986938 0.958498537540436 0.962928175926208 0.981665194034576 0.980894148349762 0.991702377796173 0.995673060417175 0.99663370847702 0.994630932807922 0.976125717163086 0.745596408843994 0.602918267250061 0.678548455238342 0.686355710029602 0.662056028842926 0.611888527870178 0.730922639369965
0.464917927980423 0.446107655763626 0.475820183753967 0.425633728504181 0.450201064348221 0.481299459934235 0.51784473657608 0.478944599628448 0.460126429796219 0.484571635723114 0.520123422145844 0.561719000339508 0.620918095111847 0.716184496879578 0.819606363773346 0.943588435649872 0.965533435344696 0.982048690319061 0.989621579647064 0.992694675922394 0.992325067520142 0.993870079517365 0.993214547634125 0.991940975189209 0.990768253803253 0.987547397613525 0.97991931438446 0.978952288627625 0.975072205066681 0.979473829269409 0.991607367992401 0.995610117912292 0.993355572223663 0.997279107570648 0.992784917354584 0.9970942735672 0.989151358604431 0.678253650665283 0.587009012699127 0.67142915725708 0.635434985160828 0.596886515617371 0.638224542140961 0.715570151805878
0.436086386442184 0.402442693710327 0.370237737894058 0.418095022439957 0.410312443971634 0.43310284614563 0.484364658594131 0.431871384382248 0.44507709145546 0.477010816335678 0.520754218101501 0.558083772659302 0.614872932434082 0.622300922870636 0.695937097072601 0.830299258232117 0.914161086082458 0.97541069984436 0.991362035274506 0.992073714733124 0.990684270858765 0.990295767784119 0.991593718528748 0.991773664951324 0.988224685192108 0.987967431545258 0.986102521419525 0.987986624240875 0.989311873912811 0.991350889205933 0.994074106216431 0.99495404958725 0.997192680835724 0.983051598072052 0.892411470413208 0.664482116699219 0.571560740470886 0.450359433889389 0.682611167430878 0.63629812002182 0.597988367080688 0.599183201789856 0.578128278255463 0.667098760604858
0.396578460931778 0.405113250017166 0.367446452379227 0.342523008584976 0.380630344152451 0.392005860805511 0.409893810749054 0.372265577316284 0.419794082641602 0.437127709388733 0.441155344247818 0.508188128471375 0.553047895431519 0.565032005310059 0.663705825805664 0.7729811668396 0.887280464172363 0.955458104610443 0.982289850711823 0.991707921028137 0.99254047870636 0.991127729415894 0.991042613983154 0.989657580852509 0.98842316865921 0.988192796707153 0.988793015480042 0.986421883106232 0.988174676895142 0.991519212722778 0.993912398815155 0.995701730251312 0.996698796749115 0.997559607028961 0.743476092815399 0.354789167642593 0.310194700956345 0.416535884141922 0.662108898162842 0.631910741329193 0.599464952945709 0.562554717063904 0.606182038784027 0.697805643081665
0.368818789720535 0.384052842855453 0.347389608621597 0.336940348148346 0.329236567020416 0.337915807962418 0.360849469900131 0.364183336496353 0.438482612371445 0.412411034107208 0.40969130396843 0.462720483541489 0.506699681282043 0.511982142925262 0.617371797561646 0.750729322433472 0.829671502113342 0.830197513103485 0.876706957817078 0.96311366558075 0.991093099117279 0.990797460079193 0.990710020065308 0.987717747688293 0.987667560577393 0.988512754440308 0.988149762153625 0.988533735275269 0.988089442253113 0.991605639457703 0.988337218761444 0.994261860847473 0.995422124862671 0.983620882034302 0.476046711206436 0.359678864479065 0.290021508932114 0.417253255844116 0.616506099700928 0.616558730602264 0.574493587017059 0.547342419624329 0.626301109790802 0.761491537094116
0.317464411258698 0.368163883686066 0.368439495563507 0.32108610868454 0.313547700643539 0.334565609693527 0.384689211845398 0.393114119768143 0.390270590782166 0.377487152814865 0.426272422075272 0.466792166233063 0.453314423561096 0.54040265083313 0.732407093048096 0.801647782325745 0.790716588497162 0.850308895111084 0.900174260139465 0.937720060348511 0.987421452999115 0.986109554767609 0.987242996692657 0.987505078315735 0.98768538236618 0.98929637670517 0.988422930240631 0.987877190113068 0.990151762962341 0.991298198699951 0.991578578948975 0.978827297687531 0.981367945671082 0.828709065914154 0.586557447910309 0.341516017913818 0.468854159116745 0.597727656364441 0.650072932243347 0.5805983543396 0.537226676940918 0.58700829744339 0.715852856636047 0.832431316375732
0.311074882745743 0.321428567171097 0.317925155162811 0.310669451951981 0.319261223077774 0.334835648536682 0.354260116815567 0.358944743871689 0.376136630773544 0.412718832492828 0.427330583333969 0.484265834093094 0.543041050434113 0.612855792045593 0.792708277702332 0.925707042217255 0.91325968503952 0.920358836650848 0.953426480293274 0.902211844921112 0.924835085868835 0.976878464221954 0.985972464084625 0.984839498996735 0.98759514093399 0.985653221607208 0.986522436141968 0.989169716835022 0.990882873535156 0.977632880210876 0.926950693130493 0.922031164169312 0.888628125190735 0.908346593379974 0.606329083442688 0.578196346759796 0.481106400489807 0.553039610385895 0.598225831985474 0.594570815563202 0.537870585918427 0.587831854820251 0.723867952823639 0.918133139610291
0.308835536241531 0.312994450330734 0.330798715353012 0.341690391302109 0.329724848270416 0.33969908952713 0.371473640203476 0.396035224199295 0.43251097202301 0.479827851057053 0.50681871175766 0.530052304267883 0.649028360843658 0.691480398178101 0.796324670314789 0.966741263866425 0.969659626483917 0.968558609485626 0.970982670783997 0.962605059146881 0.933809340000153 0.948025166988373 0.974974155426025 0.974601924419403 0.975575745105743 0.985891044139862 0.987855136394501 0.989144623279572 0.991100311279297 0.991176187992096 0.992715835571289 0.949162125587463 0.833242237567902 0.839001655578613 0.868876695632935 0.799854695796967 0.756775796413422 0.612404346466064 0.603237211704254 0.611325263977051 0.547113955020905 0.635196805000305 0.798789262771606 0.930099308490753
0.304716795682907 0.316773891448975 0.38423028588295 0.362080872058868 0.362044453620911 0.386887460947037 0.378898054361343 0.422807931900024 0.467825293540955 0.52375602722168 0.531793236732483 0.605114758014679 0.683752000331879 0.771089494228363 0.805536508560181 0.951144635677338 0.962460994720459 0.966411828994751 0.967134535312653 0.957841634750366 0.944100677967072 0.946304857730865 0.956974804401398 0.939893662929535 0.932364106178284 0.96323025226593 0.988079011440277 0.988499820232391 0.989116311073303 0.990819811820984 0.991437137126923 0.958292543888092 0.924805819988251 0.878656327724457 0.825705826282501 0.795673131942749 0.730189204216003 0.697672247886658 0.683747529983521 0.740014016628265 0.682016015052795 0.718199014663696 0.874773263931274 0.967280626296997
0.300499498844147 0.32037353515625 0.347909063100815 0.393356442451477 0.368178486824036 0.378982186317444 0.380174696445465 0.437877982854843 0.524446606636047 0.575485289096832 0.629156470298767 0.661795079708099 0.711068451404572 0.805536508560181 0.871828436851501 0.899977803230286 0.95201712846756 0.952102363109589 0.945426464080811 0.939643263816833 0.928705334663391 0.96814638376236 0.980139911174774 0.973190009593964 0.92017525434494 0.910785794258118 0.956141591072083 0.986710965633392 0.989646077156067 0.991156280040741 0.987297356128693 0.94388610124588 0.888429820537567 0.851515293121338 0.856283903121948 0.847559571266174 0.8257075548172 0.794315814971924 0.745125710964203 0.789499878883362 0.783398747444153 0.855240345001221 0.953888416290283 0.97389143705368
0.347569674253464 0.329238057136536 0.356877654790878 0.404064834117889 0.405013561248779 0.406937181949615 0.403964191675186 0.4554603099823 0.514374852180481 0.613389730453491 0.689253985881805 0.776087820529938 0.765290856361389 0.778473019599915 0.856778562068939 0.925661146640778 0.942850351333618 0.940093159675598 0.933328151702881 0.925814986228943 0.929134368896484 0.974883079528809 0.982878506183624 0.979840576648712 0.955753087997437 0.91560310125351 0.896077215671539 0.871152520179749 0.980068325996399 0.990319550037384 0.990445017814636 0.976079106330872 0.967125535011292 0.918256044387817 0.912561476230621 0.915048778057098 0.937489032745361 0.961564958095551 0.83919221162796 0.823113143444061 0.837994039058685 0.911215543746948 0.904473185539246 0.969985008239746
0.395326554775238 0.366007119417191 0.37854015827179 0.391171008348465 0.422144174575806 0.451834917068481 0.437556952238083 0.448236405849457 0.526814043521881 0.59492951631546 0.747649908065796 0.847153067588806 0.869351506233215 0.835173189640045 0.855745196342468 0.908640801906586 0.925327062606812 0.927469849586487 0.92009449005127 0.932525277137756 0.9465052485466 0.967402040958405 0.979515790939331 0.980975568294525 0.962308287620544 0.957460343837738 0.948440372943878 0.918194711208344 0.850524604320526 0.916634202003479 0.982264757156372 0.990435123443604 0.988088846206665 0.979632675647736 0.968269288539886 0.923205256462097 0.98212069272995 0.976631104946136 0.859430730342865 0.8743936419487 0.832530736923218 0.831621766090393 0.860737800598145 0.96117502450943
0.433771371841431 0.439331412315369 0.42447692155838 0.449744462966919 0.468130767345428 0.474660664796829 0.459267973899841 0.464568436145782 0.542958974838257 0.614093482494354 0.726491689682007 0.853709101676941 0.913284480571747 0.906792461872101 0.867859125137329 0.854326009750366 0.901259243488312 0.910135328769684 0.920469880104065 0.913116753101349 0.919361412525177 0.929039239883423 0.974169909954071 0.953331589698792 0.958253383636475 0.948666155338287 0.949827611446381 0.971123874187469 0.899998009204865 0.859946429729462 0.858873724937439 0.957018792629242 0.978145718574524 0.976326882839203 0.971804022789001 0.952297866344452 0.955421805381775 0.978031873703003 0.850748836994171 0.844441533088684 0.807645320892334 0.844229400157928 0.852347195148468 0.925559103488922
