data/climate_estimation/maxent_output/Alstroemeria_julieae.asc
NCOLS 151 
NROWS 153 
XLLCORNER -52.5 
YLLCORNER -22.8333333333333 
CELLSIZE 0.0833333333333333 
NODATA_value -3.4e+38 
[rows 80 to 99 of 153, columns 44 to 87 of 151]
0.802523672580719 0.80234956741333 0.807881772518158 0.802039325237274 0.80505907535553 0.804096698760986 0.792891085147858 0.79516726732254 0.788851916790009 0.791121184825897 0.782123863697052 0.781959652900696 0.791483581066132 0.823054254055023 0.830181658267975 0.817394018173218 0.794801115989685 0.787652552127838 0.778792560100555 0.77463698387146 0.771180629730225 0.768847405910492 0.751125812530518 0.727756559848785 0.732825636863708 0.723442852497101 0.723962604999542 0.732709467411041 0.734942436218262 0.741694033145905 0.756304502487183 0.746533513069153 0.763470053672791 0.773277521133423 0.749103367328644 0.759961128234863 0.748155951499939 0.73148250579834 0.717353463172913 0.70203047990799 0.697001993656158 0.685114204883575 0.669719159603119 0.668107986450195
0.793238401412964 0.80111837387085 0.788480877876282 0.790952444076538 0.792729735374451 0.797084510326385 0.790288746356964 0.782123863697052 0.780463457107544 0.782780349254608 0.783966898918152 0.780298829078674 0.7862708568573 0.817071557044983 0.813197791576385 0.797085344791412 0.786698460578918 0.776650488376617 0.769158482551575 0.761054933071136 0.761095583438873 0.75134551525116 0.741676568984985 0.716163098812103 0.721934497356415 0.718359291553497 0.718140304088593 0.724289119243622 0.735638439655304 0.740490257740021 0.753902018070221 0.748743236064911 0.758021116256714 0.779218554496765 0.747884571552277 0.748441159725189 0.752097725868225 0.739692628383636 0.721821665763855 0.706705987453461 0.687657713890076 0.682730257511139 0.675334095954895 0.675738751888275
0.784911155700684 0.785891234874725 0.783445239067078 0.782264769077301 0.780620992183685 0.791098237037659 0.775466024875641 0.769626557826996 0.764726519584656 0.77314692735672 0.76811957359314 0.761037349700928 0.772044658660889 0.792207598686218 0.791584253311157 0.776958107948303 0.764575600624084 0.763733088970184 0.753925800323486 0.751712024211884 0.745539486408234 0.752283096313477 0.708776712417603 0.713204741477966 0.708328127861023 0.708810865879059 0.717433989048004 0.726403057575226 0.732161343097687 0.739104211330414 0.742731034755707 0.749241054058075 0.747523963451385 0.769533753395081 0.762079060077667 0.737485945224762 0.734056711196899 0.730259537696838 0.708484172821045 0.696498215198517 0.678101301193237 0.678970098495483 0.677724778652191 0.680311560630798
0.776336789131165 0.769628643989563 0.767961263656616 0.76658570766449 0.774137675762177 0.778649985790253 0.761689782142639 0.763040900230408 0.745562136173248 0.758098542690277 0.755019783973694 0.75966602563858 0.767999529838562 0.764326155185699 0.76941990852356 0.766089797019958 0.760167896747589 0.751817643642426 0.745498061180115 0.737723410129547 0.736184418201447 0.740251421928406 0.701711654663086 0.691252768039703 0.696928679943085 0.706168591976166 0.717618227005005 0.720249354839325 0.73601096868515 0.736160159111023 0.745835423469543 0.747015595436096 0.744408071041107 0.747826278209686 0.738312065601349 0.734338521957397 0.735076785087585 0.717537701129913 0.699895679950714 0.678830802440643 0.682472109794617 0.682284235954285 0.67919385433197 0.694028437137604
0.770313858985901 0.751435577869415 0.74901956319809 0.761682510375977 0.759295701980591 0.767935395240784 0.758777439594269 0.739480793476105 0.735643744468689 0.744511127471924 0.73603343963623 0.746316611766815 0.75320839881897 0.758543789386749 0.749320209026337 0.757606685161591 0.743708074092865 0.741296529769897 0.731919705867767 0.718929827213287 0.720206618309021 0.713719546794891 0.703776955604553 0.67579060792923 0.685621321201324 0.700274705886841 0.716222167015076 0.723611056804657 0.73618483543396 0.743453681468964 0.743256568908691 0.747204482555389 0.754560112953186 0.764633119106293 0.740935921669006 0.728023886680603 0.720318078994751 0.707535028457642 0.700941920280457 0.694503009319305 0.687143862247467 0.684463083744049 0.691166758537292 0.69496738910675
0.753715336322784 0.746810555458069 0.733887851238251 0.73966372013092 0.738623559474945 0.745406866073608 0.740883409976959 0.725105464458466 0.725807547569275 0.725983023643494 0.740907967090607 0.749752163887024 0.759375154972076 0.758058607578278 0.752248466014862 0.75109201669693 0.747153222560883 0.732575714588165 0.733688473701477 0.71557354927063 0.696825861930847 0.684618175029755 0.691748857498169 0.668815791606903 0.687352001667023 0.703019976615906 0.719770550727844 0.73427814245224 0.738070964813232 0.745498418807983 0.742565751075745 0.751516997814178 0.753048360347748 0.787149310112 0.753048360347748 0.736433923244476 0.720494270324707 0.722624480724335 0.72054648399353 0.717564940452576 0.695433974266052 0.70245772600174 0.695888161659241 0.702153742313385
0.73954176902771 0.74334704875946 0.729880690574646 0.722302913665771 0.735479474067688 0.728446424007416 0.715706050395966 0.706275343894958 0.711800217628479 0.727235317230225 0.751481950283051 0.757847964763641 0.752890944480896 0.75497967004776 0.75497967004776 0.741230368614197 0.738829910755157 0.743542909622192 0.745350241661072 0.74659675359726 0.696245908737183 0.684952616691589 0.678111970424652 0.683786809444427 0.698989689350128 0.713516414165497 0.727213561534882 0.739309668540955 0.742392957210541 0.751866519451141 0.75340461730957 0.756295025348663 0.762093603610992 0.78337550163269 0.7433802485466 0.734370708465576 0.735606253147125 0.746574878692627 0.741053342819214 0.726557970046997 0.72482043504715 0.701387107372284 0.701447606086731 0.707202255725861
0.730090081691742 0.72797292470932 0.720894455909729 0.713422656059265 0.722637474536896 0.710178196430206 0.703382432460785 0.69839084148407 0.717675030231476 0.728653848171234 0.74440461397171 0.748935759067535 0.75340336561203 0.74773371219635 0.752231538295746 0.73930835723877 0.737077116966248 0.741123497486115 0.764832258224487 0.755355000495911 0.705743193626404 0.692841827869415 0.694634199142456 0.694096624851227 0.705888330936432 0.72246241569519 0.734675824642181 0.744668662548065 0.749983012676239 0.750668406486511 0.752892255783081 0.760538160800934 0.75680536031723 0.765801608562469 0.742869675159454 0.738195240497589 0.739096760749817 0.749683499336243 0.74472188949585 0.727083921432495 0.724662184715271 0.71708732843399 0.716599762439728 0.720156908035278
0.724464774131775 0.713988900184631 0.719660699367523 0.705929279327393 0.718920409679413 0.695484817028046 0.695484817028046 0.697479009628296 0.717152714729309 0.726884782314301 0.743524968624115 0.747692406177521 0.749278903007507 0.745824575424194 0.736993551254272 0.737201571464539 0.738614797592163 0.753355801105499 0.762768745422363 0.762978136539459 0.747621059417725 0.708911657333374 0.704784691333771 0.712081253528595 0.72050815820694 0.733306765556335 0.737433254718781 0.747931182384491 0.753770232200623 0.759206831455231 0.764614403247833 0.764758884906769 0.759013175964355 0.754063129425049 0.750815391540527 0.745473980903625 0.75462532043457 0.755153477191925 0.745714247226715 0.735674977302551 0.735212028026581 0.741855084896088 0.751727044582367 0.748659312725067
0.721281468868256 0.706871747970581 0.707565665245056 0.702347576618195 0.696773290634155 0.681434392929077 0.701980829238892 0.702872812747955 0.713597536087036 0.708612501621246 0.729203701019287 0.738663077354431 0.747159719467163 0.737316310405731 0.738027930259705 0.737722516059875 0.761673986911774 0.767305731773376 0.774185657501221 0.771545231342316 0.766506671905518 0.727663397789001 0.726218819618225 0.732526242733002 0.732442319393158 0.736572086811066 0.747447431087494 0.753623783588409 0.761753559112549 0.768829166889191 0.766145050525665 0.766800403594971 0.772996068000793 0.767632246017456 0.758843600749969 0.762093603610992 0.77574348449707 0.751208484172821 0.746935904026031 0.746650218963623 0.750803649425507 0.758033573627472 0.760271549224854 0.741708874702454
0.709378004074097 0.712411940097809 0.698436081409454 0.69895476102829 0.683073699474335 0.688470900058746 0.695868313312531 0.703229427337646 0.694758415222168 0.710388541221619 0.72122710943222 0.729570806026459 0.748396456241608 0.738853633403778 0.738357841968536 0.757039189338684 0.768750309944153 0.771147727966309 0.771147727966309 0.778013586997986 0.751964449882507 0.739630401134491 0.736489415168762 0.731003701686859 0.734658598899841 0.744010746479034 0.750553071498871 0.757880568504333 0.770692408084869 0.768501400947571 0.773003220558167 0.776009619235992 0.781308531761169 0.77784663438797 0.768989384174347 0.779711127281189 0.780880093574524 0.763686537742615 0.753488898277283 0.758306086063385 0.760374009609222 0.77205091714859 0.74757045507431 0.730023145675659
0.698471426963806 0.717737138271332 0.701133608818054 0.694660007953644 0.691397190093994 0.694990634918213 0.69839084148407 0.694776117801666 0.683946311473846 0.702855169773102 0.719111979007721 0.73164302110672 0.746488690376282 0.74822473526001 0.743369400501251 0.771918058395386 0.771608173847198 0.76941990852356 0.766385436058044 0.780480563640594 0.746375024318695 0.739415407180786 0.738697290420532 0.743534564971924 0.750748634338379 0.760827422142029 0.768022418022156 0.770525395870209 0.77419114112854 0.775512218475342 0.779151380062103 0.794208765029907 0.810121417045593 0.790819704532623 0.791644394397736 0.789879679679871 0.786465287208557 0.760967493057251 0.767587661743164 0.766613721847534 0.762757539749146 0.770699560642242 0.755117654800415 0.727705895900726
0.701704323291779 0.760081231594086 0.70921790599823 0.69232964515686 0.707387804985046 0.702169179916382 0.698229730129242 0.694793820381165 0.689915716648102 0.704298913478851 0.71002584695816 0.727427840232849 0.744052231311798 0.750258982181549 0.747839868068695 0.778052508831024 0.775426983833313 0.764807522296906 0.768032610416412 0.785190463066101 0.762109041213989 0.747382581233978 0.747684955596924 0.761858820915222 0.777642428874969 0.769737064838409 0.76008552312851 0.770341813564301 0.778326034545898 0.78409743309021 0.784408569335938 0.806016743183136 0.821431875228882 0.809028029441833 0.802416145801544 0.792322397232056 0.781044602394104 0.772085964679718 0.76624459028244 0.771985054016113 0.772684514522552 0.769362211227417 0.750658810138702 0.717644512653351
0.700650870800018 0.718848466873169 0.708524703979492 0.703149020671844 0.702239632606506 0.708294332027435 0.704191088676453 0.697889685630798 0.702176868915558 0.70415586233139 0.720691084861755 0.736008763313293 0.756780028343201 0.754525184631348 0.759852230548859 0.778234004974365 0.779184758663177 0.76933217048645 0.775735139846802 0.804226279258728 0.786433935165405 0.763250231742859 0.75726592540741 0.780447244644165 0.781903922557831 0.771550714969635 0.770341813564301 0.77801901102066 0.791111350059509 0.792904138565063 0.795639157295227 0.811819195747375 0.829283773899078 0.81525719165802 0.807304859161377 0.801638901233673 0.786139070987701 0.775594055652618 0.775643169879913 0.773333966732025 0.781322658061981 0.773359656333923 0.746693789958954 0.722052037715912
0.697254776954651 0.711045742034912 0.700311303138733 0.700328946113586 0.71763026714325 0.71887344121933 0.711213290691376 0.711153090000153 0.709538042545319 0.727062225341797 0.732350885868073 0.751946687698364 0.767784297466278 0.762044489383698 0.778831362724304 0.784980714321136 0.783491671085358 0.779177665710449 0.782976686954498 0.811756610870361 0.782796502113342 0.766105473041534 0.772623836994171 0.775117814540863 0.771750390529633 0.773708820343018 0.768836379051208 0.793564796447754 0.819572031497955 0.820777714252472 0.81445449590683 0.822602391242981 0.827473819255829 0.818194568157196 0.807634115219116 0.798279821872711 0.787458896636963 0.779595136642456 0.778307557106018 0.773666679859161 0.771183967590332 0.762919068336487 0.739052832126617 0.700478971004486
0.701239347457886 0.696932256221771 0.681972682476044 0.698559641838074 0.705926954746246 0.711453080177307 0.72261780500412 0.714430332183838 0.735722124576569 0.749901473522186 0.760183691978455 0.773845195770264 0.777344286441803 0.766810595989227 0.779342591762543 0.792945802211761 0.791492521762848 0.784450829029083 0.779012680053711 0.801617205142975 0.800505101680756 0.79179984331131 0.777949571609497 0.773615300655365 0.789098560810089 0.770692408084869 0.780179977416992 0.816043257713318 0.846574068069458 0.836668491363525 0.811834514141083 0.819877505302429 0.826723456382751 0.819281399250031 0.80952775478363 0.796840488910675 0.795596480369568 0.779783308506012 0.78275203704834 0.763584494590759 0.763239920139313 0.745299518108368 0.725023150444031 0.699585795402527
0.701792418956757 0.683208167552948 0.687605440616608 0.693564772605896 0.700417101383209 0.717028319835663 0.707047343254089 0.713614940643311 0.747754991054535 0.773022592067719 0.788536012172699 0.790174722671509 0.790336728096008 0.775349259376526 0.786256790161133 0.796170711517334 0.791162133216858 0.779005587100983 0.784132659435272 0.782789468765259 0.811852633953094 0.788032293319702 0.780268371105194 0.787326157093048 0.802476763725281 0.770541906356812 0.793281257152557 0.833469688892365 0.849313378334045 0.831827521324158 0.818485915660858 0.809168934822083 0.818516135215759 0.81407356262207 0.807059645652771 0.804225444793701 0.791569471359253 0.786210536956787 0.775477290153503 0.751789450645447 0.747674465179443 0.740082979202271 0.715134978294373 0.69728684425354
0.689890146255493 0.680360436439514 0.689078509807587 0.690353393554688 0.696680307388306 0.702076554298401 0.693430840969086 0.713270545005798 0.745896875858307 0.777220726013184 0.793760478496552 0.788730561733246 0.795063078403473 0.788723587989807 0.780498027801514 0.781320631504059 0.786754965782166 0.793415486812592 0.793737649917603 0.783110380172729 0.803685069084167 0.803963124752045 0.796436965465546 0.787993192672729 0.797206044197083 0.799100399017334 0.823456585407257 0.836767792701721 0.847048699855804 0.825685441493988 0.818041205406189 0.806833863258362 0.810314893722534 0.816110730171204 0.821535050868988 0.808970987796783 0.780606806278229 0.766772329807281 0.7560795545578 0.763753116130829 0.76765388250351 0.745471775531769 0.712283968925476 0.728231310844421
0.68501079082489 0.687769711017609 0.683631718158722 0.676245808601379 0.678112268447876 0.681574404239655 0.688926577568054 0.716137051582336 0.730412662029266 0.768220961093903 0.781697988510132 0.783011138439178 0.788918077945709 0.788755655288696 0.773896515369415 0.780036509037018 0.788902044296265 0.796676218509674 0.804325759410858 0.797780632972717 0.79210901260376 0.781633138656616 0.786201417446136 0.784224629402161 0.794616758823395 0.80468338727951 0.821991145610809 0.83327454328537 0.820554673671722 0.814691960811615 0.810018301010132 0.804509997367859 0.807201147079468 0.823961853981018 0.826554536819458 0.809008598327637 0.776975691318512 0.757617354393005 0.767309069633484 0.763625025749207 0.750820577144623 0.728729546070099 0.714763641357422 0.72685444355011
0.681048274040222 0.67890202999115 0.673690974712372 0.67968475818634 0.673011422157288 0.679547786712646 0.684250712394714 0.704208612442017 0.718450784683228 0.747471690177917 0.756892323493958 0.768756628036499 0.768565356731415 0.77375590801239 0.776577055454254 0.79054868221283 0.79572319984436 0.81066220998764 0.807676553726196 0.796836376190186 0.785613059997559 0.79130095243454 0.780136168003082 0.789162635803223 0.787846565246582 0.787644743919373 0.802628338336945 0.812864899635315 0.826990306377411 0.816572487354279 0.805959403514862 0.803600251674652 0.804721295833588 0.81680029630661 0.805382966995239 0.789811551570892 0.764946818351746 0.758483171463013 0.76327109336853 0.764315843582153 0.742546439170837 0.721514105796814 0.713364720344543 0.74153596162796
