data/climate_estimation/maxent_output/Alstroemeria_viridiflora.asc
NCOLS 150 
NROWS 113 
XLLCORNER -56 
YLLCORNER -22.6666666666667 
CELLSIZE 0.0833333333333333 
NODATA_value -3.4e+38 
[rows 80 to 99 of 113, columns 0 to 43 of 150]
0.231249153614044 0.235278129577637 0.23038674890995 0.235720038414001 0.23870025575161 0.235841810703278 0.262100964784622 0.266895800828934 0.260962307453156 0.265337616205215 0.274565607309341 0.273051828145981 0.260228753089905 0.25524240732193 0.273546010255814 0.252199560403824 0.260504603385925 0.274532049894333 0.278086721897125 0.290705323219299 0.303135603666306 0.30244106054306 0.315184235572815 0.316674053668976 0.314537465572357 0.325674116611481 0.332951694726944 0.342027544975281 0.343639761209488 0.339994698762894 0.356861442327499 0.340795338153839 0.350308895111084 0.351243734359741 0.351567417383194 0.357499986886978 0.348433375358582 0.347139656543732 0.346868962049484 0.351965069770813 0.347317010164261 0.343562364578247 0.342940270900726 0.338193982839584
0.230944529175758 0.232187941670418 0.230988070368767 0.237196534872055 0.240017086267471 0.259177297353745 0.255297362804413 0.250034838914871 0.276922523975372 0.274802058935165 0.27513512969017 0.270470827817917 0.263983190059662 0.271101027727127 0.262773424386978 0.264574021100998 0.25993400812149 0.265901952981949 0.277434885501862 0.291228443384171 0.288017570972443 0.296467155218124 0.297639161348343 0.310687750577927 0.317052483558655 0.323517471551895 0.324772238731384 0.328696995973587 0.330238163471222 0.330735921859741 0.338338196277618 0.333269238471985 0.346161127090454 0.337244719266891 0.34919011592865 0.350224137306213 0.337653905153275 0.346432417631149 0.345422118902206 0.343977153301239 0.339779615402222 0.342546880245209 0.334995269775391 0.341436803340912
0.231929585337639 0.233153656125069 0.227691456675529 0.235826402902603 0.249316245317459 0.254526227712631 0.259269893169403 0.253450155258179 0.275940388441086 0.280563235282898 0.275640457868576 0.276496678590775 0.266623139381409 0.274005383253098 0.280656158924103 0.279140025377274 0.287374258041382 0.282597273588181 0.283312261104584 0.296330571174622 0.290951937437057 0.299280196428299 0.291671752929688 0.306618601083755 0.318365484476089 0.305724322795868 0.32005587220192 0.324739068746567 0.338065147399902 0.329015761613846 0.345819443464279 0.340306550264359 0.332283735275269 0.339832633733749 0.333560049533844 0.34341761469841 0.33604633808136 0.340513110160828 0.341509610414505 0.343652784824371 0.338393211364746 0.332082569599152 0.332916408777237 0.338881880044937
0.226582765579224 0.232092782855034 0.226779118180275 0.24833208322525 0.26674410700798 0.259392529726028 0.263795733451843 0.273787021636963 0.267234623432159 0.269354373216629 0.286223918199539 0.286774188280106 0.282679796218872 0.272934406995773 0.28466260433197 0.283820420503616 0.305507361888885 0.298836380243301 0.303288668394089 0.290186703205109 0.286391943693161 0.289408177137375 0.299084812402725 0.297892093658447 0.303940415382385 0.305829524993896 0.316871672868729 0.315546870231628 0.338662922382355 0.336441457271576 0.330423146486282 0.345003247261047 0.33781886100769 0.334846794605255 0.332260191440582 0.332050532102585 0.342011541128159 0.338110566139221 0.334950655698776 0.345494031906128 0.338786125183105 0.329261779785156 0.323538035154343 0.338236093521118
0.226135015487671 0.219106033444405 0.230862811207771 0.249195888638496 0.270479083061218 0.259872585535049 0.258312523365021 0.271620452404022 0.279875427484512 0.284466207027435 0.278326869010925 0.291863471269608 0.292351067066193 0.275853902101517 0.288388311862946 0.300379693508148 0.31941756606102 0.303928285837173 0.305513173341751 0.299345403909683 0.286529302597046 0.283196330070496 0.290463536977768 0.302509367465973 0.311635673046112 0.307022213935852 0.315649420022964 0.308027505874634 0.318318963050842 0.333347648382187 0.329310089349747 0.337783962488174 0.335554093122482 0.339914798736572 0.330308854579926 0.339386701583862 0.334748327732086 0.342236489057541 0.335101574659348 0.333545356988907 0.333346992731094 0.326360166072845 0.331946045160294 0.329992353916168
0.21154673397541 0.213179126381874 0.230389431118965 0.241519272327423 0.282206773757935 0.288548141717911 0.272287905216217 0.262199431657791 0.276230335235596 0.287584245204926 0.296012431383133 0.283440887928009 0.290804028511047 0.302228808403015 0.297556608915329 0.304071933031082 0.319957673549652 0.305167734622955 0.295331180095673 0.294203817844391 0.270298361778259 0.282902270555496 0.289065092802048 0.291475355625153 0.306176453828812 0.309856116771698 0.309327304363251 0.321976780891418 0.326206058263779 0.328262329101562 0.322788298130035 0.325464099645615 0.338388413190842 0.329606056213379 0.327268123626709 0.325508862733841 0.33288362622261 0.341477781534195 0.339631855487823 0.343552052974701 0.335763156414032 0.339006274938583 0.316481292247772 0.327656835317612
0.2112807482481 0.215301632881165 0.222707331180573 0.230349466204643 0.259176939725876 0.263828992843628 0.257776200771332 0.260830283164978 0.268406122922897 0.278205960988998 0.283795744180679 0.29161062836647 0.291912317276001 0.315415441989899 0.312793970108032 0.313388109207153 0.312825411558151 0.307398021221161 0.296120584011078 0.28380361199379 0.279389500617981 0.284790545701981 0.2820083796978 0.291839927434921 0.295209228992462 0.305112570524216 0.307170450687408 0.309095203876495 0.322191506624222 0.328042298555374 0.338393211364746 0.338589608669281 0.326487630605698 0.336082875728607 0.328705102205276 0.333588272333145 0.327909618616104 0.321437180042267 0.33044758439064 0.33888578414917 0.336402028799057 0.323114514350891 0.321960836648941 0.320645213127136
0.200710892677307 0.206709027290344 0.212708935141563 0.21979683637619 0.229872271418571 0.247997716069221 0.258207231760025 0.2686468064785 0.275571376085281 0.276020020246506 0.288742780685425 0.29573267698288 0.291938424110413 0.308944076299667 0.323819994926453 0.302636563777924 0.296658337116241 0.294547945261002 0.295420348644257 0.268264085054398 0.274258315563202 0.283639997243881 0.293840408325195 0.294977277517319 0.30482891201973 0.303491145372391 0.305224120616913 0.308904409408569 0.312617719173431 0.32552632689476 0.327848345041275 0.327002763748169 0.324086248874664 0.335399657487869 0.332986861467361 0.337020456790924 0.342203497886658 0.330948889255524 0.340032935142517 0.32172492146492 0.321722984313965 0.316668391227722 0.325098127126694 0.326058089733124
0.199311181902885 0.202724933624268 0.20812115073204 0.220832794904709 0.225181490182877 0.233324334025383 0.242916285991669 0.265962362289429 0.273294597864151 0.273616075515747 0.280088424682617 0.292242497205734 0.28123277425766 0.299195617437363 0.312374740839005 0.298490583896637 0.288256198167801 0.278519481420517 0.284589618444443 0.26231187582016 0.273898392915726 0.291976869106293 0.288454562425613 0.286696225404739 0.294516623020172 0.306053757667542 0.3030606508255 0.31686344742775 0.317950904369354 0.320194602012634 0.325594037771225 0.324442058801651 0.32928141951561 0.341504901647568 0.333859413862228 0.327144831418991 0.332483112812042 0.325901597738266 0.323889404535294 0.324220210313797 0.326572507619858 0.328343510627747 0.314437031745911 0.31828698515892
0.190493643283844 0.192912876605988 0.195707991719246 0.224614948034286 0.235490426421165 0.234439417719841 0.250390827655792 0.245791375637054 0.258350938558578 0.258344322443008 0.282431066036224 0.273654222488403 0.280728220939636 0.295905023813248 0.306301176548004 0.288760900497437 0.280141681432724 0.272511601448059 0.266099542379379 0.277235895395279 0.279710829257965 0.291035830974579 0.300520032644272 0.292030185461044 0.2973672747612 0.298582315444946 0.305103927850723 0.312044441699982 0.3187375664711 0.31308388710022 0.311297804117203 0.326493382453918 0.326872497797012 0.329505145549774 0.329655915498734 0.327683955430984 0.336886376142502 0.319902628660202 0.332687050104141 0.327229857444763 0.327352046966553 0.317397564649582 0.313292056322098 0.320071339607239
0.184804052114487 0.188343062996864 0.194313332438469 0.202887967228889 0.217854410409927 0.220110908150673 0.236775621771812 0.252870112657547 0.252598881721497 0.251628667116165 0.26490244269371 0.26959291100502 0.259163618087769 0.27358078956604 0.29426583647728 0.271757423877716 0.260727673768997 0.261583060026169 0.270345956087112 0.266466617584229 0.275359094142914 0.28064301609993 0.285828709602356 0.298410475254059 0.297363996505737 0.309697359800339 0.302509129047394 0.306507676839828 0.323713511228561 0.311087936162949 0.317232638597488 0.322768092155457 0.331233710050583 0.335394382476807 0.331547617912292 0.335268408060074 0.324175596237183 0.333800673484802 0.331506252288818 0.319806575775146 0.316007912158966 0.32173752784729 0.320299446582794 0.306936144828796
0.169695228338242 0.175307244062424 0.186981409788132 0.188464105129242 0.206015437841415 0.216909751296043 0.227499812841415 0.239089593291283 0.238564655184746 0.240498512983322 0.249712944030762 0.261229068040848 0.277128338813782 0.278125494718552 0.275865584611893 0.244204223155975 0.245929405093193 0.254055261611938 0.253454834222794 0.278645783662796 0.269394725561142 0.281410098075867 0.279534608125687 0.290922224521637 0.297019839286804 0.299415707588196 0.314655363559723 0.30307948589325 0.314876824617386 0.313157141208649 0.311444103717804 0.32675176858902 0.328538477420807 0.327955633401871 0.32720822095871 0.328716665506363 0.329592108726501 0.315585851669312 0.322612226009369 0.319629698991776 0.328769713640213 0.327585518360138 0.311941653490067 0.316338241100311
0.155696377158165 0.164540454745293 0.179353922605515 0.185803011059761 0.18930372595787 0.200235918164253 0.216855317354202 0.229253336787224 0.255390763282776 0.248486384749413 0.258343160152435 0.250606447458267 0.262977719306946 0.259460240602493 0.260971993207932 0.255657732486725 0.253836184740067 0.252589613199234 0.263077080249786 0.261742681264877 0.274426370859146 0.27091908454895 0.28708291053772 0.299690097570419 0.292974680662155 0.300104320049286 0.30929970741272 0.316704034805298 0.314895182847977 0.313047468662262 0.31767749786377 0.324180036783218 0.316949486732483 0.318046271800995 0.315859705209732 0.316701322793961 0.315464854240417 0.313179612159729 0.324308037757874 0.308996438980103 0.328581839799881 0.311648011207581 0.315590053796768 0.316787600517273
0.143949642777443 0.150677919387817 0.164252161979675 0.173577785491943 0.179996222257614 0.190255805850029 0.197608560323715 0.222893044352531 0.237829551100731 0.248419761657715 0.24622343480587 0.238545432686806 0.235445648431778 0.242087468504906 0.246176794171333 0.244185745716095 0.24867382645607 0.254504591226578 0.247298240661621 0.263466149568558 0.269959896802902 0.279116600751877 0.280583798885345 0.297719568014145 0.287200272083282 0.296215623617172 0.311445444822311 0.310947090387344 0.310947090387344 0.321437060832977 0.309162259101868 0.328504920005798 0.320127815008163 0.318672180175781 0.310253620147705 0.31906658411026 0.320011258125305 0.31020450592041 0.316342532634735 0.310916095972061 0.303034693002701 0.306672871112823 0.3111831843853 0.308881133794785
0.136457830667496 0.139351591467857 0.149787321686745 0.155851647257805 0.178769528865814 0.191625192761421 0.190896138548851 0.208924889564514 0.215258106589317 0.223794057965279 0.219285473227501 0.220617085695267 0.219076201319695 0.218322023749352 0.231726288795471 0.23772805929184 0.238556265830994 0.253311723470688 0.245022356510162 0.255875200033188 0.267401069402695 0.274811983108521 0.285422325134277 0.282866060733795 0.296165555715561 0.297786206007004 0.311009585857391 0.314624220132828 0.315387427806854 0.317911416292191 0.307255774736404 0.314994424581528 0.310089081525803 0.319004595279694 0.306085556745529 0.317061007022858 0.319927185773849 0.311839073896408 0.311962783336639 0.2954341173172 0.302692383527756 0.296376466751099 0.294911026954651 0.295453608036041
0.130405485630035 0.126649811863899 0.136293783783913 0.147821083664894 0.167524889111519 0.182057574391365 0.188811957836151 0.188065275549889 0.188532143831253 0.197710558772087 0.197266966104507 0.191451773047447 0.196377530694008 0.213175863027573 0.20587483048439 0.223530247807503 0.226757422089577 0.24270761013031 0.241893604397774 0.253909081220627 0.261116087436676 0.277168214321136 0.283133715391159 0.29463329911232 0.299473226070404 0.298773348331451 0.303070694208145 0.307694584131241 0.312394917011261 0.309582471847534 0.313886344432831 0.312923461198807 0.312771439552307 0.304930925369263 0.303293853998184 0.304101377725601 0.300233513116837 0.299167782068253 0.302948892116547 0.294846475124359 0.29682195186615 0.28394028544426 0.28246346116066 0.278331816196442
0.118320152163506 0.116396024823189 0.127114921808243 0.139274805784225 0.159673675894737 0.16988368332386 0.17118826508522 0.166808307170868 0.163381025195122 0.170952588319778 0.167567327618599 0.178082302212715 0.183312758803368 0.185573995113373 0.198562860488892 0.201750382781029 0.225113108754158 0.233819857239723 0.244903102517128 0.245634406805038 0.257744014263153 0.266018748283386 0.274387419223785 0.283592402935028 0.301004528999329 0.289336860179901 0.30199134349823 0.302439004182816 0.313852667808533 0.315485119819641 0.315033823251724 0.298541039228439 0.302464962005615 0.308347672224045 0.291172534227371 0.286374807357788 0.28993558883667 0.288184642791748 0.290459662675858 0.28323221206665 0.27593320608139 0.276024907827377 0.269231766462326 0.269625395536423
0.111500352621078 0.108161404728889 0.113550812005997 0.124531827867031 0.140106678009033 0.153283193707466 0.147973030805588 0.150147020816803 0.145809665322304 0.139914184808731 0.153072893619537 0.156157836318016 0.163866698741913 0.176085740327835 0.187467128038406 0.183694422245026 0.205585032701492 0.213067308068275 0.230682209134102 0.235312938690186 0.247643113136292 0.254243165254593 0.271011292934418 0.275822043418884 0.285211771726608 0.293003708124161 0.290560752153397 0.294090032577515 0.30010786652565 0.311405152082443 0.303047388792038 0.308104366064072 0.293415278196335 0.304650574922562 0.285732120275497 0.273102730512619 0.277727246284485 0.280105441808701 0.269944459199905 0.272107183933258 0.262813597917557 0.256176859140396 0.240961909294128 0.252823799848557
0.0987199321389198 0.102324523031712 0.110100194811821 0.11259076744318 0.130504727363586 0.129720091819763 0.133124008774757 0.130164384841919 0.124912075698376 0.130177736282349 0.131490737199783 0.145264759659767 0.145332276821136 0.155102580785751 0.169331461191177 0.180202081799507 0.196795374155045 0.19935630261898 0.21785019338131 0.237488001585007 0.25327143073082 0.255410760641098 0.270563870668411 0.278886646032333 0.278854697942734 0.294365674257278 0.303729563951492 0.296589344739914 0.290823757648468 0.300692945718765 0.304602205753326 0.300944924354553 0.303749114274979 0.290563076734543 0.286549270153046 0.272917807102203 0.274856895208359 0.258752226829529 0.252295464277267 0.253414243459702 0.243703350424767 0.229355290532112 0.226599499583244 0.226551666855812
0.086856298148632 0.092097669839859 0.101234816014767 0.108975470066071 0.11672779917717 0.117808893322945 0.114611454308033 0.112291060388088 0.114339001476765 0.119144283235073 0.119501329958439 0.128871262073517 0.13211989402771 0.14446097612381 0.153876379132271 0.169107496738434 0.179754316806793 0.204502314329147 0.211023554205894 0.228211939334869 0.247359946370125 0.267754405736923 0.283620864152908 0.278663486242294 0.290270775556564 0.302579522132874 0.299350827932358 0.290744572877884 0.294069677591324 0.301278859376907 0.289677381515503 0.286581933498383 0.285270035266876 0.277754306793213 0.278303295373917 0.271314740180969 0.273818045854568 0.254086643457413 0.239533558487892 0.245757833123207 0.230061680078506 0.217356964945793 0.211036384105682 0.206209540367126
