data/climate_estimation/maxent_output/Alstroemeria_patagonica.asc
NCOLS 98 
NROWS 235 
XLLCORNER -73.1666666666667 
YLLCORNER -54.5 
CELLSIZE 0.0833333333333334 
NODATA_value -3.4e+38 
[rows 189 to 209 of 235, columns 0 to 46 of 98]
0.045386515557766 0.11492545902729 0.122181378304958 0.142905279994011 0.31862273812294 0.307348847389221 0.290798008441925 0.442909359931946 0.581768453121185 0.601865828037262 0.491015255451202 0.635805547237396 0.80490517616272 0.751483500003815 0.775754332542419 0.818108141422272 0.93394148349762 0.962867558002472 0.973331451416016 0.978935062885284 0.978713810443878 0.97924268245697 0.979501187801361 0.979433417320251 0.979994833469391 0.979495525360107 0.980290055274963 0.98025780916214 0.980262815952301 0.979925632476807 0.978349268436432 0.917586266994476 0.917702853679657 0.916673064231873 0.916614770889282 0.915865123271942 0.908541440963745 0.907956182956696 0.90810090303421 0.911076426506042 0.911064982414246 0.902087152004242 0.903425097465515 0.899469614028931 0.89996749162674 0.900332033634186 0.89200347661972
0.0594367645680904 0.0518022030591965 0.104393139481544 0.174020811915398 0.264959067106247 0.444729954004288 0.409605830907822 0.564177870750427 0.588851153850555 0.602232038974762 0.518536448478699 0.538589179515839 0.83968311548233 0.988301038742065 0.931356191635132 0.919461488723755 0.945862233638763 0.962544202804565 0.974175631999969 0.974803268909454 0.979345679283142 0.980524599552155 0.979811787605286 0.978571176528931 0.979191422462463 0.977597534656525 0.981198489665985 0.98123025894165 0.980196416378021 0.979387879371643 0.921089351177216 0.921450555324554 0.916991531848907 0.920503258705139 0.919530212879181 0.919694900512695 0.912646353244781 0.911679983139038 0.911121666431427 0.912751078605652 0.907866835594177 0.908643305301666 0.909740090370178 0.905762076377869 0.904881358146667 0.893704771995544 0.896138072013855
0.0409793704748154 0.12570995092392 0.119749829173088 0.320044755935669 0.418575465679169 0.536207318305969 0.535039484500885 0.84361732006073 0.722643256187439 0.951540648937225 0.959644615650177 0.974441647529602 0.939651966094971 0.983365714550018 0.961739838123322 0.96022492647171 0.962586522102356 0.969807624816895 0.970752060413361 0.973999083042145 0.975539445877075 0.974627256393433 0.978802978992462 0.979579091072083 0.978976130485535 0.97987288236618 0.98060154914856 0.980285406112671 0.981112718582153 0.980062246322632 0.981193244457245 0.924553990364075 0.920137763023376 0.920292258262634 0.921307325363159 0.921394407749176 0.917545020580292 0.917733192443848 0.916061758995056 0.907347023487091 0.911513984203339 0.908195972442627 0.904214322566986 0.90957236289978 0.904633700847626 0.900639474391937 0.89633846282959
0.0248081963509321 0.0314392410218716 0.0489944629371166 0.262156546115875 0.548375070095062 0.677263617515564 0.800521194934845 0.857512652873993 0.918157875537872 0.938107788562775 0.959741353988647 0.969906449317932 0.976441919803619 0.951835095882416 0.958230555057526 0.959257364273071 0.967203557491302 0.966597199440002 0.972916305065155 0.9753697514534 0.975405156612396 0.973317861557007 0.974887013435364 0.979519367218018 0.980703353881836 0.979122400283813 0.979251980781555 0.980805277824402 0.982220590114594 0.981585621833801 0.980717241764069 0.980673015117645 0.923140347003937 0.924120843410492 0.920270085334778 0.923376619815826 0.917035698890686 0.915641486644745 0.914836585521698 0.913093507289886 0.907252669334412 0.903812289237976 0.905324459075928 0.907326281070709 0.901417016983032 0.894373118877411 0.881314396858215
0.040098961442709 0.103329241275787 0.203572079539299 0.395589739084244 0.536367297172546 0.661615490913391 0.766768872737885 0.863109230995178 0.912250399589539 0.938408076763153 0.956598937511444 0.925061345100403 0.940824687480927 0.951843619346619 0.950087666511536 0.957707762718201 0.961178064346313 0.965201795101166 0.967726647853851 0.974318504333496 0.975592613220215 0.975744962692261 0.977477729320526 0.976688146591187 0.980471193790436 0.98007994890213 0.979453682899475 0.982673227787018 0.981321394443512 0.981238603591919 0.980562150478363 0.926951229572296 0.927177548408508 0.923361837863922 0.926381409168243 0.923597931861877 0.91764909029007 0.917920887470245 0.915874302387238 0.912726581096649 0.90738844871521 0.908823311328888 0.902791738510132 0.902277648448944 0.891530096530914 0.890690803527832 0.887053728103638
0.0605050884187222 0.130714163184166 0.203694045543671 0.236716985702515 0.284568607807159 0.317682921886444 0.547665536403656 0.857628524303436 0.870026886463165 0.741255819797516 0.88852846622467 0.90583997964859 0.922153353691101 0.932783007621765 0.945188283920288 0.953790783882141 0.955439686775208 0.96321702003479 0.9629065990448 0.972026765346527 0.970868170261383 0.972587645053864 0.976061463356018 0.977109611034393 0.977751791477203 0.980904400348663 0.980976998806 0.981085181236267 0.984268128871918 0.931118428707123 0.930588841438293 0.929182529449463 0.925886213779449 0.920980870723724 0.925905525684357 0.920848727226257 0.918551504611969 0.920917272567749 0.913705945014954 0.912732660770416 0.910861134529114 0.905987679958344 0.902997076511383 0.896360278129578 0.891339898109436 0.889065623283386 0.888696372509003
0.0419696420431137 0.120462112128735 0.244032204151154 0.357731759548187 0.472055345773697 0.652049422264099 0.755513072013855 0.838343381881714 0.897294163703918 0.911536574363708 0.847345948219299 0.894949615001678 0.907351791858673 0.913589060306549 0.920053780078888 0.938697159290314 0.946716070175171 0.951779723167419 0.959276139736176 0.958929419517517 0.966481149196625 0.971726059913635 0.97250759601593 0.977572441101074 0.978037178516388 0.981451153755188 0.982152342796326 0.980475723743439 0.9801424741745 0.982601463794708 0.932716488838196 0.932677507400513 0.928499758243561 0.929766893386841 0.926923334598541 0.92299884557724 0.923771321773529 0.921146750450134 0.916614532470703 0.912770509719849 0.909261286258698 0.903755366802216 0.895638644695282 0.896780550479889 0.894603669643402 0.893675684928894 0.892236292362213
0.0601192638278008 0.102889232337475 0.111680306494236 0.318527072668076 0.500629305839539 0.646959245204926 0.751690566539764 0.82850593328476 0.843384861946106 0.814304709434509 0.839461386203766 0.875683724880219 0.880082130432129 0.881988823413849 0.897842049598694 0.896573662757874 0.912025332450867 0.930469155311584 0.941141068935394 0.959505796432495 0.958812654018402 0.966394305229187 0.973094642162323 0.974016010761261 0.977816104888916 0.978907346725464 0.982164263725281 0.98193621635437 0.927022635936737 0.928028523921967 0.929091930389404 0.932119131088257 0.931084513664246 0.927539467811584 0.929057538509369 0.929754912853241 0.923504173755646 0.926129341125488 0.921272993087769 0.915833532810211 0.907318651676178 0.908797800540924 0.89798891544342 0.898862898349762 0.897827088832855 0.898649632930756 0.895208179950714
0.0327362567186356 0.0525544472038746 0.0615093410015106 0.0920980051159859 0.468996793031693 0.442076802253723 0.421444565057755 0.758863151073456 0.806514918804169 0.709743142127991 0.770341157913208 0.81752073764801 0.776391267776489 0.744028210639954 0.79526686668396 0.864490449428558 0.899163901805878 0.922515392303467 0.936563432216644 0.950779438018799 0.960905015468597 0.967913746833801 0.973013579845428 0.974458277225494 0.978981792926788 0.979381561279297 0.978214681148529 0.983310699462891 0.982927680015564 0.931212604045868 0.933114767074585 0.932182908058167 0.928937613964081 0.93138599395752 0.931006550788879 0.924208879470825 0.924431681632996 0.923673689365387 0.916205585002899 0.912771224975586 0.910828828811646 0.907684028148651 0.904097378253937 0.897855818271637 0.893448531627655 0.893244624137878 0.892868041992188
0.0344909355044365 0.0718170925974846 0.051213625818491 0.128419622778893 0.166163831949234 0.501765489578247 0.288111180067062 0.638825535774231 0.806031465530396 0.69651061296463 0.71139258146286 0.788846552371979 0.743679344654083 0.709019362926483 0.761209487915039 0.842080593109131 0.884443461894989 0.913120269775391 0.924968242645264 0.940014600753784 0.950716137886047 0.960084080696106 0.968095362186432 0.973501682281494 0.973400950431824 0.978419601917267 0.978543162345886 0.924821972846985 0.932832479476929 0.933186829090118 0.928973138332367 0.931514799594879 0.930159747600555 0.928139567375183 0.929171919822693 0.925821363925934 0.922659754753113 0.922055065631866 0.916233718395233 0.917868793010712 0.914218127727509 0.91139030456543 0.909736096858978 0.906912982463837 0.90013200044632 0.889098346233368 0.875842034816742
0.0271895993500948 0.0427401922643185 0.0756956040859222 0.29168564081192 0.331929177045822 0.618407070636749 0.671657502651215 0.777335166931152 0.7725949883461 0.660701513290405 0.690450072288513 0.747972726821899 0.71200704574585 0.668669819831848 0.725539088249207 0.80695652961731 0.859671115875244 0.896081805229187 0.922444701194763 0.939295053482056 0.94892030954361 0.960886836051941 0.962577819824219 0.969085335731506 0.974594712257385 0.976057410240173 0.979586064815521 0.979434251785278 0.926471710205078 0.935587763786316 0.931122601032257 0.934173107147217 0.929536759853363 0.932609975337982 0.932532250881195 0.928346395492554 0.928942263126373 0.921401679515839 0.921561598777771 0.917131304740906 0.913658797740936 0.912242114543915 0.906296193599701 0.896244645118713 0.887438893318176 0.88175767660141 0.882236897945404
0.0326354838907719 0.0292757209390402 0.0413982830941677 0.0448950417339802 0.278038442134857 0.601453959941864 0.75727915763855 0.834386944770813 0.652323663234711 0.549515545368195 0.688124537467957 0.741786301136017 0.766379654407501 0.801176130771637 0.828782916069031 0.857210516929626 0.888792753219604 0.909319758415222 0.914985418319702 0.929375410079956 0.941155135631561 0.954218983650208 0.961064279079437 0.969051003456116 0.969697654247284 0.976325988769531 0.975329577922821 0.927157700061798 0.926375269889832 0.92648184299469 0.930283725261688 0.932363867759705 0.934950053691864 0.932280361652374 0.933021724224091 0.929164528846741 0.929590046405792 0.926620602607727 0.925717234611511 0.920400142669678 0.917397975921631 0.909133672714233 0.901279449462891 0.894271969795227 0.887749671936035 0.886760771274567 0.875250399112701
0.0149718187749386 0.0674550160765648 0.11140962690115 0.165606036782265 0.216062799096107 0.438414454460144 0.702459752559662 0.838350296020508 0.841287076473236 0.810371100902557 0.696848571300507 0.699221253395081 0.753375649452209 0.791600108146667 0.820371329784393 0.864845931529999 0.883530855178833 0.906055390834808 0.912225723266602 0.928361475467682 0.938576996326447 0.950499832630157 0.954566121101379 0.962400317192078 0.964912474155426 0.969596147537231 0.975871622562408 0.915892541408539 0.915529549121857 0.927658379077911 0.92336094379425 0.926181375980377 0.925526022911072 0.931015431880951 0.928596496582031 0.928363382816315 0.928340256214142 0.9268758893013 0.921906530857086 0.919741213321686 0.909287452697754 0.90448933839798 0.897720873355865 0.896779716014862 0.895990133285522 0.888680696487427 0.884279608726501
0.0109792444854975 0.0269640758633614 0.0986671820282936 0.208046779036522 0.308644324541092 0.393157869577408 0.602600991725922 0.724228918552399 0.788578510284424 0.793712675571442 0.672975659370422 0.695088863372803 0.731005549430847 0.752806901931763 0.784421861171722 0.813194692134857 0.859409928321838 0.883854925632477 0.898014664649963 0.916934311389923 0.933176457881927 0.934703171253204 0.947675883769989 0.958472669124603 0.958472669124603 0.965844094753265 0.967441022396088 0.912165343761444 0.915603160858154 0.918089210987091 0.927539587020874 0.927199900150299 0.92571496963501 0.924287736415863 0.921903610229492 0.921741366386414 0.920125842094421 0.920272409915924 0.916142165660858 0.911289572715759 0.913756966590881 0.91082775592804 0.907481610774994 0.902168929576874 0.898481547832489 0.897400915622711 0.882261693477631
0.0093513485044241 0.0150864720344543 0.0612398572266102 0.118484549224377 -3.4e+38 0.320682644844055 0.495630174875259 0.69026130437851 0.691830694675446 0.718605279922485 0.729483246803284 0.655571162700653 0.695241808891296 0.707514762878418 0.757353246212006 0.792735934257507 0.814400374889374 0.840387105941772 0.875433266162872 0.89098334312439 0.910619854927063 0.928413987159729 0.930320382118225 0.948029816150665 0.956677377223969 0.956307888031006 0.893856346607208 0.898128509521484 0.909820437431335 0.905429720878601 0.904049038887024 0.913797318935394 0.917227745056152 0.918504178524017 0.912106573581696 0.915935277938843 0.910767078399658 0.911770164966583 0.906585395336151 0.914426565170288 0.910967707633972 0.909100651741028 0.908958435058594 0.908095300197601 0.89541631937027 0.891560733318329 0.891630351543427
0.00829409714788198 0.00963274855166674 0.0451857149600983 0.084031768143177 0.0638395100831985 0.281158119440079 0.294258952140808 0.449408382177353 0.545473694801331 0.599044382572174 0.537688851356506 0.585212051868439 0.588036060333252 0.640031456947327 0.698042392730713 0.733390510082245 0.776133716106415 0.805132925510406 0.837029814720154 0.859426200389862 0.892765939235687 0.909593105316162 0.913180351257324 0.931827783584595 0.939551711082458 0.949303925037384 0.867010474205017 0.88432788848877 0.880200266838074 0.888386785984039 0.897547960281372 0.901528179645538 0.893380522727966 0.903686702251434 0.901559889316559 0.908478498458862 0.901071131229401 0.900564432144165 0.900125682353973 0.901890933513641 0.895566880702972 0.897511303424835 0.883820235729218 0.883528172969818 0.880358576774597 0.876279056072235 0.879928886890411
0.00637588975951076 0.00865151267498732 0.0336789861321449 0.0332597680389881 0.0836221948266029 0.183372139930725 0.12488815933466 0.296724617481232 0.443684160709381 0.375266700983047 0.362060159444809 0.431452602148056 0.510141611099243 0.556577265262604 0.614852011203766 0.668076038360596 0.710455536842346 0.7486971616745 0.792852818965912 0.829640567302704 0.854832410812378 0.870201706886292 0.892447531223297 0.913427710533142 0.92390775680542 0.934109151363373 0.844409346580505 0.862555325031281 0.854190051555634 0.872107148170471 0.877564549446106 0.886878848075867 0.882771790027618 0.885161995887756 0.88042277097702 0.87762463092804 0.877111434936523 0.872026324272156 0.865269362926483 0.867075026035309 0.862757205963135 0.863887846469879 0.867305934429169 0.862878501415253 0.860934853553772 0.860962271690369 0.856724798679352
0.00448573613539338 0.00769672123715281 0.0111166825518012 0.0219169054180384 0.0422330312430859 0.102076277136803 0.167494848370552 0.253523021936417 0.327274560928345 0.224040180444717 0.272467076778412 0.32961368560791 0.411219567060471 0.454846173524857 0.483659356832504 0.530743539333344 0.590923011302948 0.666833877563477 0.727284371852875 0.748497605323792 0.805922031402588 0.85036838054657 0.870834648609161 0.88919734954834 0.796951293945312 0.817890048027039 0.82152783870697 0.832132577896118 0.853941142559052 0.839851379394531 0.858547925949097 0.860381662845612 0.858044803142548 0.867712736129761 0.866810142993927 0.862252056598663 0.856590628623962 0.858303248882294 0.844928920269012 0.846985638141632 0.847893953323364 0.843055069446564 0.838835477828979 0.824336588382721 0.824045240879059 0.817351222038269 0.827790677547455
0.00238882680423558 0.00339503539726138 0.00878842081874609 0.0174425132572651 0.0219333581626415 0.0454231724143028 0.0609495304524899 0.188053086400032 0.24125012755394 0.198749735951424 0.240658864378929 0.251769989728928 0.307681381702423 0.339662134647369 0.373455375432968 0.478648841381073 0.533669948577881 0.611550509929657 0.664812386035919 0.726593196392059 0.774698793888092 0.804316401481628 0.836900293827057 0.862905383110046 0.767971396446228 0.785410583019257 0.802746593952179 0.820784330368042 0.820826470851898 0.834400653839111 0.834400653839111 0.846453070640564 0.847701251506805 0.836994409561157 0.83830326795578 0.831847965717316 0.825499176979065 0.825558722019196 0.817512273788452 0.81175434589386 0.79734742641449 0.803490936756134 0.796808063983917 0.79539692401886 0.799474358558655 0.797704219818115 0.799639403820038
0.00199233461171389 0.00305241998285055 0.00581535510718822 0.0106715885922313 0.0187405478209257 0.032729085534811 0.0644535347819328 0.143127620220184 0.136885121464729 0.163818955421448 0.162664726376534 0.170414254069328 0.190617457032204 0.282111912965775 0.294615000486374 0.402545422315598 0.437404721975327 0.520938277244568 0.60791403055191 0.666130721569061 0.716453790664673 0.766099452972412 0.810161411762238 0.8319993019104 0.744523048400879 0.761253476142883 0.771251559257507 0.79025274515152 0.779235184192657 0.798479199409485 0.817499995231628 0.819219768047333 0.819219768047333 0.825189828872681 0.827878355979919 0.813556551933289 0.811144590377808 0.80492228269577 0.792816519737244 0.78805273771286 0.780823528766632 0.777938067913055 0.762200176715851 0.758788108825684 0.765808641910553 -3.4e+38 -3.4e+38
0.000929330126382411 0.00182657781988382 0.00322471070103347 0.00714533450081944 0.0131968799978495 0.0248502884060144 0.0348544828593731 0.0575015060603619 0.092517301440239 0.117983855307102 0.12491200119257 0.141436532139778 0.190252900123596 0.253075867891312 0.294888883829117 0.325388997793198 0.370878905057907 0.438733637332916 0.513239681720734 0.601419985294342 0.656845927238464 0.736263871192932 0.777115881443024 0.80249947309494 0.704193830490112 0.722786247730255 0.739030539989471 0.764615178108215 0.769023537635803 0.777589440345764 0.788419306278229 0.811236679553986 0.806790471076965 0.794226884841919 0.791801035404205 0.780764818191528 0.769987881183624 0.766767740249634 0.75209629535675 0.735566020011902 0.739358603954315 0.730681359767914 0.71315336227417 0.703212976455688 0.714286923408508 -3.4e+38 -3.4e+38
