data/climate_estimation/maxent_output/Alstroemeria_stenopetala.asc
NCOLS 144 
NROWS 131 
XLLCORNER -55.25 
YLLCORNER -20.6666666666667 
CELLSIZE 0.0833333333333333 
NODATA_value -3.4e+38 
[rows 80 to 99 of 131, columns 88 to 131 of 144]
0.879983246326447 0.882036328315735 0.860651612281799 0.879975497722626 0.883036196231842 0.896429359912872 0.900101363658905 0.914158523082733 0.896715641021729 0.907369136810303 0.917914807796478 0.848528742790222 0.763083100318909 0.742514789104462 0.748501718044281 0.684518873691559 0.676415085792542 0.84464168548584 0.916463553905487 0.896437585353851 0.876030802726746 0.828008472919464 0.718847692012787 0.649851977825165 0.630049347877502 0.44478452205658 0.431549340486526 0.307756781578064 0.267618745565414 0.28695210814476 0.258080959320068 0.137010931968689 0.0658987015485764 0.0612602867186069 0.0645866468548775 0.210390403866768 0.43117293715477 0.572617709636688 0.628478646278381 0.639089226722717 0.639379799365997 0.66413825750351 0.695429623126984 0.622860074043274
0.845150470733643 0.838318526744843 0.81858879327774 0.836012661457062 0.845237076282501 0.842676281929016 0.810974478721619 0.837023019790649 0.857544362545013 0.827317714691162 0.83972555398941 0.851877391338348 0.760992586612701 0.722831428050995 0.67145574092865 0.634321987628937 0.617000877857208 0.604895353317261 0.813015282154083 0.860850870609283 0.886531412601471 0.806480824947357 0.671062409877777 0.503209888935089 0.591536283493042 0.615330398082733 0.490130066871643 0.442321807146072 0.348251640796661 0.313209891319275 0.264165490865707 0.138738051056862 0.0657656341791153 0.0607830584049225 0.0703103318810463 0.205232292413712 0.465389788150787 0.6414435505867 0.581035554409027 0.602224349975586 0.650232672691345 0.737425148487091 0.78332132101059 0.695877015590668
0.800728023052216 0.778989851474762 0.790930390357971 0.797712028026581 0.804002165794373 0.79076886177063 0.737492561340332 0.734683096408844 0.724452972412109 0.743154227733612 0.755126595497131 0.709745645523071 0.619140982627869 0.605323493480682 0.636173129081726 0.578563988208771 0.548463046550751 0.520217716693878 0.638601958751678 0.699406564235687 0.744982242584229 0.702350378036499 0.536934196949005 0.514802813529968 0.672412395477295 0.621429264545441 0.516374170780182 0.5047367811203 0.453790634870529 0.322385311126709 0.269425392150879 0.143274545669556 0.0634373426437378 0.0661247074604034 0.161694467067719 0.39026865363121 0.564919888973236 0.601489007472992 0.675077140331268 0.701636850833893 0.737962424755096 0.763054549694061 0.819645881652832 0.852581322193146
0.751351773738861 0.767287611961365 0.792311131954193 0.792130053043365 0.750339984893799 0.685465216636658 0.671469390392303 0.654840171337128 0.6103196144104 0.605404317378998 0.600634455680847 0.551063477993011 0.478273212909698 0.508135259151459 0.482140481472015 0.497198432683945 0.507536649703979 0.468161016702652 0.486456125974655 0.398466557264328 0.262971729040146 0.594013512134552 0.555215299129486 0.58032101392746 0.68556535243988 0.611610651016235 0.563269793987274 0.499551504850388 0.330882281064987 0.301634639501572 0.148588716983795 0.0658212527632713 0.0632473006844521 0.171953186392784 0.173514917492867 0.362082928419113 0.561366438865662 0.660988211631775 0.706478178501129 0.752432703971863 0.794256806373596 0.836492538452148 0.857057332992554 0.868400633335114
0.669188261032104 0.6933673620224 0.730473935604095 0.719898998737335 0.703962922096252 0.628090679645538 0.597725331783295 0.525768637657166 0.509896576404572 0.496966987848282 0.455632865428925 0.391307294368744 0.360096901655197 0.372936010360718 0.386481940746307 0.417592197656631 0.44631016254425 0.42990306019783 0.352871924638748 0.209632560610771 0.196814835071564 0.281564921140671 0.594909012317657 0.112681403756142 0.554004788398743 0.53062105178833 0.562392830848694 0.410476207733154 0.347899109125137 0.192184016108513 0.0765997245907784 0.0580005086958408 0.0690475702285767 0.226664617657661 0.205299660563469 0.327926933765411 0.547388970851898 0.648954570293427 0.698945999145508 0.755718588829041 0.791143894195557 0.836471080780029 0.885156035423279 0.916361689567566
0.664564907550812 0.69442480802536 0.735693573951721 0.707259178161621 0.622203052043915 0.564234137535095 0.470885038375854 0.455935329198837 0.383224993944168 0.356627970933914 0.310641348361969 0.279259115457535 0.219672620296478 0.267715066671371 0.323969304561615 0.336915850639343 0.406959354877472 0.424005210399628 0.409917831420898 0.200194790959358 0.0875841453671455 0.241141855716705 0.364422708749771 0.102464236319065 0.274957001209259 0.54394268989563 0.605434834957123 0.567731916904449 0.467131465673447 0.16995769739151 0.0283551383763552 0.0278840810060501 0.0730528756976128 0.243878781795502 0.416094124317169 0.296949923038483 0.406818926334381 0.564651310443878 0.650713324546814 0.705477476119995 0.77328497171402 0.847068965435028 0.881700277328491 0.903202652931213
0.581538736820221 0.601458013057709 0.673198461532593 0.611794829368591 0.534516453742981 0.435126394033432 0.421237647533417 0.329912215471268 0.2798892557621 0.239143237471581 0.280844330787659 0.137531504034996 0.161138698458672 0.17925064265728 0.221310973167419 0.316853880882263 0.356815367937088 0.417801946401596 0.411952644586563 0.34874415397644 0.0858953222632408 0.0838561803102493 0.295117825269699 0.126990482211113 0.0950040966272354 0.426344871520996 0.583816707134247 0.493378460407257 0.445527076721191 0.299705356359482 0.0694058537483215 0.0720646977424622 0.189906477928162 0.39950555562973 0.416548043489456 0.316362053155899 0.267639756202698 0.403874278068542 0.511238157749176 0.623269319534302 0.70554107427597 0.827335178852081 0.853664457798004 0.878199279308319
0.590495526790619 0.590755045413971 0.538097202777863 0.510629296302795 0.473973959684372 0.419346898794174 0.334499895572662 0.258377909660339 0.215174406766891 0.193480283021927 0.197376236319542 0.0887660831212997 0.0840543285012245 0.120660938322544 0.18611478805542 0.272884875535965 0.351278692483902 0.447307735681534 0.436805844306946 0.367974609136581 0.198956444859505 0.0836159512400627 0.0370231047272682 0.0363768711686134 0.0947336032986641 0.248125001788139 0.491277873516083 0.444963842630386 0.374309897422791 0.398821234703064 0.322249501943588 0.173136964440346 0.228475838899612 0.431482046842575 0.427201300859451 0.389184772968292 0.225985407829285 0.213900819420815 0.341031759977341 0.442814022302628 0.480555057525635 0.716475188732147 0.827471911907196 0.845194697380066
0.535555362701416 0.544210374355316 0.537773847579956 0.43869286775589 0.449745208024979 0.336586534976959 0.277333229780197 0.229792922735214 0.152312263846397 0.133134737610817 0.106750786304474 0.0863306671380997 0.0466972440481186 0.0815755799412727 0.150171115994453 0.279974430799484 0.382042795419693 0.500040829181671 0.509408712387085 0.448305994272232 0.218599021434784 0.0996424779295921 0.273403584957123 0.0928452163934708 0.187064051628113 0.361537456512451 0.340808600187302 0.356818705797195 0.363432079553604 0.338080435991287 0.356694906949997 0.390421569347382 0.426208853721619 0.435938805341721 0.447018653154373 0.394945442676544 0.236978352069855 0.18510976433754 0.200338453054428 0.216276884078979 0.319093257188797 0.596047878265381 0.848375499248505 0.570614337921143
0.567918181419373 0.563286900520325 0.529659569263458 0.473257601261139 0.424288183450699 0.346039801836014 0.265532046556473 0.220883652567863 0.149259030818939 0.0941011756658554 0.0617204755544662 0.0584766827523708 0.0315465666353703 0.0606540516018867 0.133421123027802 0.301858723163605 0.462741374969482 0.528561115264893 0.505025446414948 0.482279568910599 0.405088275671005 0.240534514188766 0.789981007575989 0.261280685663223 0.218159541487694 0.376998841762543 0.397378027439117 0.484202831983566 0.486410021781921 0.383564084768295 0.42511847615242 0.520751416683197 0.461083441972733 0.462897956371307 0.442149490118027 0.372362464666367 0.123324543237686 0.136171922087669 0.306975305080414 0.261932462453842 0.241323783993721 0.294242143630981 0.608980476856232 0.459558129310608
0.646292150020599 0.588375210762024 0.541639745235443 0.502813518047333 0.399249821901321 0.337179362773895 0.306464195251465 0.278442651033401 0.251131147146225 0.103936448693275 0.0702901110053062 0.0553695149719715 0.0514616891741753 0.0902098789811134 0.174924492835999 0.326192647218704 0.560298264026642 0.578089475631714 0.568059980869293 0.527313351631165 0.435124218463898 0.461317151784897 0.762912333011627 0.232907950878143 0.394067853689194 0.443379908800125 0.5479416847229 0.557704269886017 0.509896039962769 0.507767617702484 0.445510566234589 0.563049614429474 0.604185521602631 0.51576030254364 0.418833255767822 0.155313909053802 0.140607491135597 0.118497669696808 0.138024285435677 0.23106674849987 0.16916561126709 0.19332617521286 0.337638288736343 0.25949838757515
0.636269986629486 0.621719062328339 0.562632143497467 0.521442115306854 0.405881285667419 0.349000155925751 0.321038484573364 0.392426639795303 0.329510927200317 0.132255494594574 0.104010842740536 0.0995844900608063 0.106911651790142 0.157130241394043 0.274560272693634 0.449477225542068 0.611135184764862 0.599389255046844 0.578507423400879 0.538730978965759 0.448715180158615 0.449340581893921 0.511961758136749 0.40168884396553 0.417140811681747 0.485803157091141 0.587260961532593 0.712692856788635 0.517105877399445 0.552712261676788 0.552765965461731 0.656735301017761 0.590070247650146 0.512082874774933 0.244990885257721 0.155788987874985 0.179777711629868 0.125270590186119 0.0651961490511894 0.254022300243378 0.300906777381897 0.411907017230988 0.197855874896049 0.196159616112709
0.665851354598999 0.630038142204285 0.583321273326874 0.463757783174515 0.45898175239563 0.398297041654587 0.438877195119858 0.433824777603149 0.400061547756195 0.298754692077637 0.169651359319687 0.158425405621529 0.193592667579651 0.279668241739273 0.400558084249496 0.530799210071564 0.600159347057343 0.604929387569427 0.596811532974243 0.569369256496429 0.480550050735474 0.458991140127182 0.449597001075745 0.468756258487701 0.471400499343872 0.568921208381653 0.611152470111847 0.572673380374908 0.566752552986145 0.706941604614258 0.744803190231323 0.800742208957672 0.789075970649719 0.559004962444305 0.223790228366852 0.164707526564598 0.239577367901802 0.0773509740829468 0.0706761255860329 0.0928273797035217 0.185734704136848 0.605031967163086 0.203280597925186 0.616742610931396
0.623058319091797 0.645266115665436 0.542050898075104 0.539648413658142 0.495836317539215 0.554304361343384 0.547949075698853 0.54966127872467 0.513098180294037 0.470757663249969 0.261644959449768 0.271355628967285 0.329857140779495 0.360829502344131 0.453874856233597 0.53968220949173 0.564672648906708 0.605063021183014 0.617463707923889 0.586406409740448 0.569454550743103 0.536849737167358 0.519488155841827 0.528406500816345 0.576178789138794 0.802406787872314 0.59598582983017 0.608331441879272 0.729449689388275 0.787032902240753 0.839175581932068 0.837556540966034 0.698923885822296 0.594323575496674 0.241643980145454 0.0807949528098106 0.0981459841132164 0.0922963917255402 0.0371971353888512 0.0620707906782627 0.103928916156292 0.308757424354553 0.281972289085388 0.698949217796326
0.586152911186218 0.673368453979492 0.599744021892548 0.536435961723328 0.590039730072021 0.645515561103821 0.621182858943939 0.594229876995087 0.59045547246933 0.457165896892548 0.374860018491745 0.368734687566757 0.39588651061058 0.461016952991486 0.494527101516724 0.536565601825714 0.595171093940735 0.597395241260529 0.577638626098633 0.618655145168304 0.657962739467621 0.713432848453522 0.717344164848328 0.593181610107422 0.801210939884186 0.84117329120636 0.779116034507751 0.760128736495972 0.806168675422668 0.826727688312531 0.880763709545135 0.717148065567017 0.659083425998688 0.33453094959259 0.0899177566170692 0.106137797236443 0.1335808634758 0.0566109083592892 0.0464710332453251 0.0688115656375885 0.136633738875389 0.691316723823547 0.711801111698151 0.7547727227211
0.612156510353088 0.648906230926514 0.642928063869476 0.593049883842468 0.72050929069519 0.667566776275635 0.627748787403107 0.600484728813171 0.661217093467712 0.490869522094727 0.439587354660034 0.461130440235138 0.503952503204346 0.571777522563934 0.599922597408295 0.614544451236725 0.635463237762451 0.606353521347046 0.618329524993896 0.624005079269409 0.756483137607574 0.868475556373596 0.785983264446259 0.81008642911911 0.854981005191803 0.853790998458862 0.752535045146942 0.822313129901886 0.866789817810059 0.850694477558136 0.88628876209259 0.757042944431305 0.427514910697937 0.355204880237579 0.107753835618496 0.156592220067978 0.218057066202164 0.0653799921274185 0.0570072457194328 0.0832343101501465 0.11225962638855 0.414334207773209 0.735111653804779 0.747893989086151
0.577924609184265 0.668666958808899 0.672177970409393 0.627276062965393 0.769834935665131 0.714150786399841 0.658285021781921 0.690478682518005 0.741186439990997 0.617551207542419 0.549427390098572 0.574264287948608 0.638746678829193 0.739020168781281 0.654222249984741 0.601660013198853 0.613377511501312 0.624698400497437 0.651419401168823 0.663981258869171 0.847491562366486 0.939133822917938 0.891086578369141 0.887087404727936 0.863685727119446 0.850097298622131 0.81504499912262 0.837273836135864 0.86606377363205 0.878901422023773 0.873958349227905 0.751704037189484 0.384113818407059 0.1218326613307 0.117089316248894 0.189229398965836 0.256594359874725 0.102004401385784 0.0798661634325981 0.0312104597687721 0.0329023189842701 0.182585269212723 0.745699822902679 0.936957597732544
0.639342606067657 0.705676674842834 0.703123152256012 0.681793808937073 0.789552390575409 0.767956614494324 0.709184169769287 0.727043211460114 0.876708924770355 0.785929203033447 0.646722733974457 0.631917953491211 0.734279692173004 0.748605310916901 0.688178181648254 0.654212117195129 0.672197043895721 0.679803729057312 0.727257907390594 0.744391977787018 0.862448751926422 0.949191093444824 0.92228502035141 0.897041976451874 0.903347432613373 0.86392879486084 0.824450850486755 0.876319587230682 0.878818511962891 0.911337912082672 0.837491273880005 0.739383220672607 0.389497667551041 0.119095779955387 0.233547583222389 0.250601679086685 0.279189735651016 0.280729711055756 0.11263108253479 0.0405649580061436 0.0357338599860668 0.402193963527679 0.436482548713684 0.929336428642273
0.679735839366913 0.754632711410522 0.722734570503235 0.817722797393799 0.82176285982132 0.798142790794373 0.795836687088013 0.78856885433197 0.917379140853882 0.779767990112305 0.685556411743164 0.726945221424103 0.736761093139648 0.722735583782196 0.696164667606354 0.643126964569092 0.758831381797791 0.873130798339844 0.869308233261108 0.864615261554718 0.902904987335205 0.949399590492249 0.92670077085495 0.910367250442505 0.903093039989471 0.882652103900909 0.875289440155029 0.890477180480957 0.878723204135895 0.879305124282837 0.810065507888794 0.455207407474518 0.128353521227837 0.126202523708344 0.183446422219276 0.27616873383522 0.29517063498497 0.317258208990097 0.144241809844971 0.104811422526836 0.0351243354380131 0.374482274055481 0.731380105018616 0.755755603313446
0.781956136226654 0.800691187381744 0.743820250034332 0.810384690761566 0.857186794281006 0.851052761077881 0.799661040306091 0.789124250411987 0.89704829454422 0.889166653156281 0.867603242397308 0.760238766670227 0.772924900054932 0.809374094009399 0.69683712720871 0.720709085464478 0.867066323757172 0.970850884914398 0.893835186958313 0.883415997028351 0.927636623382568 0.956056594848633 0.938353776931763 0.924578666687012 0.905426561832428 0.919524848461151 0.892652928829193 0.897830188274384 0.859003722667694 0.78289669752121 0.736418783664703 0.399304538965225 0.127619743347168 0.456971377134323 0.241618379950523 0.269819855690002 0.307285040616989 0.343061715364456 0.321568310260773 0.120511546730995 0.0974148884415627 0.334683746099472 0.385107487440109 0.316340565681458
