data/climate_estimation/maxent_output/Alstroemeria_caryophyllaea.asc
NCOLS 223 
NROWS 206 
XLLCORNER -55.4166666666667 
YLLCORNER -26.75 
CELLSIZE 0.0833333333333333 
NODATA_value -3.4e+38 
[rows 0 to 20 of 206, columns 46 to 91 of 223]
0.465412050485611 0.472919702529907 0.487301081418991 0.495322704315186 0.450549274682999 0.430625855922699 0.416718751192093 0.424626380205154 0.402842491865158 0.415467947721481 0.393583744764328 0.396748393774033 0.403085917234421 0.406687021255493 0.391519337892532 0.391655921936035 0.385344624519348 0.384107112884521 0.381394416093826 0.379424065351486 0.385602056980133 0.373274713754654 0.366389244794846 0.350448668003082 0.353918969631195 0.344916224479675 0.325801163911819 0.332491338253021 0.323675155639648 0.323766469955444 0.310790777206421 0.325986266136169 0.359164178371429 0.326450526714325 0.314237147569656 0.310182720422745 0.301991373300552 0.30115008354187 0.298263609409332 0.315098255872726 0.324136257171631 0.330422073602676 0.317340672016144 0.312369018793106 0.323889404535294 0.309586256742477
0.477684915065765 0.465186089277267 0.47911936044693 0.480291873216629 0.44043818116188 0.412583589553833 0.420091927051544 0.396014958620071 0.40642899274826 0.403898000717163 0.401077091693878 0.393336743116379 0.389392167329788 0.390016824007034 0.377773314714432 0.392282485961914 0.384735018014908 0.386314153671265 0.381804794073105 0.384169369935989 0.367861926555634 0.374835520982742 0.366082310676575 0.353025913238525 0.358308553695679 0.340804755687714 0.327194064855576 0.332335561513901 0.320051431655884 0.321745634078979 0.326525449752808 0.328404933214188 0.359254240989685 0.326843678951263 0.315261423587799 0.323370784521103 0.302666306495667 0.322074741125107 0.311243265867233 0.34551939368248 0.338252067565918 0.339995861053467 0.319536089897156 0.327079027891159 0.321295231580734 0.320100605487823
0.487131297588348 0.46876859664917 0.489070236682892 0.447142452001572 0.418436288833618 0.412068367004395 0.40762659907341 0.397878110408783 0.401071816682816 0.411132842302322 0.393104016780853 0.393438369035721 0.389028251171112 0.390641689300537 0.380312323570251 0.378222018480301 0.379523038864136 0.371279716491699 0.374101847410202 0.370374977588654 0.367205798625946 0.35137540102005 0.355572551488876 0.365084618330002 0.340035438537598 0.348201930522919 0.337802797555923 0.338127255439758 0.321126163005829 0.32085394859314 0.323512226343155 0.307493835687637 0.366107851266861 0.33702340722084 0.324172556400299 0.312961906194687 0.308740168809891 0.307587087154388 0.30549743771553 0.335181802511215 0.353870332241058 0.340877026319504 0.330447316169739 0.331369906663895 0.311814546585083 0.343334317207336
0.478322595357895 0.472325444221497 0.474810242652893 0.446943044662476 0.419903606176376 0.408887326717377 0.409214913845062 0.41204634308815 0.400173485279083 0.397002577781677 0.390973389148712 0.381443649530411 0.387433022260666 0.373217076063156 0.366164416074753 0.386404007673264 0.365691542625427 0.373082160949707 0.3743756711483 0.361394882202148 0.354568660259247 0.350385934114456 0.338765144348145 0.342841327190399 0.342747747898102 0.346516758203506 0.33409109711647 0.33731347322464 0.317374616861343 0.317932844161987 0.301936894655228 0.332817852497101 0.331775307655334 0.341783940792084 0.33971756696701 0.314441293478012 0.304466336965561 0.315043896436691 0.314637213945389 0.352136850357056 0.36835452914238 0.345267415046692 0.325957685709 0.322013407945633 0.324236154556274 0.340076923370361
0.465052634477615 0.458730816841125 0.464897215366364 0.440649181604385 0.422364443540573 0.412779867649078 0.396379232406616 0.382165223360062 0.376125991344452 0.389743447303772 0.377380818128586 0.370811372995377 0.369623601436615 0.371671497821808 0.366489291191101 0.358033210039139 0.363061487674713 0.353706061840057 0.357021689414978 0.361321985721588 0.358846098184586 0.351574510335922 0.345525652170181 0.346599638462067 0.34253340959549 0.333836048841476 0.336900234222412 0.334490418434143 0.327540785074234 0.330476373434067 0.327284634113312 0.351539939641953 0.351950585842133 0.326120018959045 0.328086018562317 0.317885190248489 0.315104126930237 0.314054578542709 0.30546897649765 0.349020451307297 0.391366213560104 0.374663323163986 0.334233105182648 0.323780655860901 0.33750781416893 0.342547357082367
0.440588086843491 0.433028846979141 0.429382920265198 0.422153115272522 0.412288695573807 0.399895250797272 0.394530713558197 0.388415604829788 0.389463484287262 0.382573157548904 0.374509036540985 0.371991217136383 0.365196377038956 0.360298424959183 0.358738660812378 0.352388978004456 0.355969697237015 0.351493775844574 0.353509485721588 0.346524626016617 0.350010812282562 0.347566038370132 0.348692744970322 0.333727121353149 0.331704676151276 0.333995282649994 0.332483053207397 0.322655409574509 0.323975265026093 0.331077814102173 0.333474695682526 0.345534414052963 0.364055395126343 0.32429975271225 0.32048973441124 0.315776407718658 0.302455067634583 0.299467653036118 0.30155947804451 0.346303194761276 0.400711238384247 0.392788946628571 0.338125735521317 0.357136398553848 0.34047070145607 0.343963474035263
0.439154326915741 0.432219564914703 0.430846124887466 0.423583388328552 0.409353077411652 0.388310194015503 0.380345433950424 0.377110153436661 0.391737878322601 0.381138175725937 0.366801679134369 0.374325066804886 0.355179220438004 0.349369376897812 0.364334881305695 0.358289331197739 0.355672985315323 0.348192006349564 0.347663998603821 0.351301163434982 0.349815040826797 0.351014077663422 0.338621318340302 0.334815144538879 0.335821777582169 0.33485472202301 0.319561332464218 0.324465066194534 0.323057264089584 0.327906906604767 0.326644718647003 0.335986226797104 0.358288884162903 0.332003861665726 0.32572078704834 0.323399543762207 0.308334946632385 0.303229510784149 0.300775766372681 0.326854944229126 0.413358598947525 0.399706542491913 0.377773851156235 0.367177098989487 0.361752510070801 0.354660600423813
0.432204037904739 0.440715938806534 0.420225828886032 0.401480793952942 0.383685946464539 0.392353475093842 0.381293267011642 0.37418606877327 0.370004266500473 0.372404903173447 0.368028283119202 0.369797676801682 0.357002317905426 0.351662248373032 0.343128174543381 0.346535742282867 0.341103225946426 0.341194182634354 0.342922359704971 0.340678930282593 0.336561352014542 0.339062124490738 0.33745014667511 0.343524783849716 0.330315232276917 0.342078864574432 0.326463580131531 0.326404720544815 0.327964246273041 0.335236698389053 0.334802597761154 0.325718551874161 0.363105982542038 0.336438775062561 0.335905820131302 0.337887465953827 0.32542484998703 0.30386608839035 0.302144199609756 0.316906005144119 0.395537078380585 0.419934958219528 0.393919885158539 0.374783098697662 0.368215501308441 0.360992163419724
0.430498838424683 0.428493350744247 0.414361596107483 0.389634042978287 0.392440259456635 0.383193373680115 0.367384493350983 0.362706452608109 0.356564909219742 0.353460073471069 0.345391124486923 0.347978889942169 0.356332868337631 0.355811238288879 0.344768136739731 0.33532652258873 0.327642470598221 0.344239562749863 0.341977804899216 0.341179311275482 0.330030560493469 0.340886056423187 0.335306793451309 0.325049877166748 0.322941035032272 0.330242156982422 0.336336702108383 0.335222005844116 0.346131324768066 0.338386982679367 0.344310522079468 0.335393905639648 0.330697476863861 0.336074471473694 0.324610888957977 0.321819692850113 0.318677186965942 0.310755282640457 0.314066410064697 0.33002370595932 0.395874619483948 0.420257657766342 0.394166111946106 0.386721819639206 0.377430230379105 0.375060796737671
0.42402309179306 0.405091226100922 0.410998851060867 0.385155081748962 0.389272183179855 0.378306180238724 0.368409544229507 0.363155514001846 0.359205096960068 0.35844412446022 0.353242456912994 0.350404113531113 0.343215793371201 0.333527356386185 0.334972023963928 0.332900792360306 0.329812794923782 0.326771795749664 0.330796867609024 0.327831417322159 0.327281951904297 0.327760457992554 0.326764076948166 0.327003419399261 0.32546204328537 0.329630613327026 0.331761538982391 0.336205393075943 0.345453083515167 0.337608456611633 0.33858135342598 0.353678554296494 0.335676491260529 0.325542747974396 0.316249161958694 0.32102632522583 0.328423202037811 0.330215752124786 0.338715106248856 0.351641178131104 0.371191382408142 0.42010286450386 0.417205005884171 0.402400493621826 0.38523280620575 0.392212808132172
0.407808303833008 0.416606396436691 0.415544480085373 0.42629411816597 0.410564661026001 0.371884554624557 0.357528388500214 0.358891904354095 0.352692484855652 0.357163399457932 0.340240955352783 0.339465916156769 0.331647127866745 0.332879781723022 0.342150121927261 0.321515500545502 0.335010409355164 0.317632764577866 0.323383897542953 0.331316977739334 0.327521234750748 0.328440010547638 0.327207744121552 0.329064071178436 0.337717741727829 0.33475536108017 0.328914850950241 0.33390399813652 0.342911154031754 0.333752363920212 0.363544017076492 0.343104839324951 0.336125433444977 0.313742250204086 0.318778932094574 0.357312858104706 0.362688153982162 0.363270133733749 0.351677805185318 0.371866255998611 0.401347041130066 0.449475437402725 0.433185458183289 0.409408122301102 0.406655460596085 0.379038512706757
0.4064000248909 0.402260601520538 0.416432172060013 0.39792600274086 0.423023521900177 0.374283820390701 0.36320036649704 0.343986600637436 0.354144394397736 0.337654799222946 0.336911916732788 0.339062601327896 0.320927381515503 0.318196386098862 0.330911695957184 0.325474441051483 0.320120275020599 0.318238496780396 0.324591100215912 0.324496537446976 0.320054084062576 0.316412597894669 0.316218882799149 0.315792828798294 0.324624717235565 0.322760015726089 0.330803275108337 0.331748843193054 0.335876733064651 0.357529610395432 0.350119709968567 0.343266308307648 0.336281955242157 0.337932646274567 0.347442746162415 0.372395545244217 0.361872941255569 0.37325444817543 0.387370347976685 0.3877212703228 0.395895481109619 0.402908951044083 0.434127688407898 0.427598267793655 0.387754589319229 0.404967874288559
0.401236176490784 0.382264345884323 0.383668094873428 0.402160137891769 0.3654765188694 0.346684575080872 0.336667537689209 0.336397558450699 0.336370766162872 0.3322833776474 0.334067612886429 0.324387609958649 0.318818539381027 0.317567586898804 0.316127300262451 0.311525076627731 0.311613798141479 0.327081501483917 0.312245756387711 0.324448496103287 0.319915533065796 0.318103224039078 0.313139855861664 0.316695541143417 0.324869006872177 0.324405074119568 0.322541207075119 0.33487007021904 0.337206423282623 0.340834975242615 0.347394645214081 0.354913353919983 0.348237901926041 0.351318657398224 0.369014471769333 0.370800971984863 0.391021817922592 0.389999687671661 0.399223685264587 0.404098927974701 0.403783947229385 0.410258531570435 0.446612983942032 0.457431703805923 0.429966300725937 0.388441413640976
0.388935267925262 0.381255805492401 0.361786693334579 0.361505627632141 0.357505679130554 0.329821437597275 0.330331355333328 0.323974430561066 0.323689937591553 0.315711945295334 0.316175937652588 0.305110484361649 0.323208421468735 0.320377141237259 0.319964736700058 0.321219474077225 0.316804438829422 0.31165885925293 0.315275818109512 0.311339497566223 0.328618079423904 0.320330858230591 0.32267352938652 0.332273721694946 0.330674767494202 0.333857357501984 0.327547311782837 0.329415172338486 0.339439690113068 0.345390200614929 0.35975170135498 0.364899873733521 0.360423862934113 0.362883895635605 0.402736306190491 0.405043661594391 0.393991529941559 0.408534526824951 0.427630007266998 0.424768567085266 0.423390597105026 0.419165343046188 0.484255343675613 0.458329975605011 0.435921788215637 0.398105055093765
0.372948437929153 0.360258758068085 0.362613409757614 0.367340266704559 0.357044607400894 0.333345830440521 0.324630945920944 0.327879905700684 0.303621083498001 0.304112672805786 0.296042442321777 0.29600778222084 0.296811282634735 0.30806976556778 0.306522399187088 0.305326014757156 0.300925850868225 0.313418537378311 0.31470188498497 0.314168900251389 0.311475396156311 0.316778421401978 0.316362202167511 0.315838754177094 0.315256118774414 0.317960381507874 0.329529613256454 0.330083876848221 0.34374675154686 0.352972149848938 0.370025724172592 0.364536732435226 0.366072446107864 0.385439485311508 0.409906774759293 0.402904719114304 0.41347524523735 0.422192245721817 0.40821573138237 0.407848387956619 0.40596479177475 0.409784823656082 0.458177089691162 0.461041748523712 0.422710806131363 0.395702838897705
0.366172462701797 0.353096693754196 0.343738973140717 0.342216670513153 0.334811985492706 0.315046489238739 0.314386546611786 0.31437885761261 0.304287850856781 0.309009879827499 0.308379739522934 0.30359411239624 0.30027824640274 0.298374265432358 0.296519905328751 0.309289783239365 0.306278675794601 0.300971776247025 0.303487479686737 0.303627103567123 0.297460496425629 0.310105323791504 0.321721643209457 0.314557254314423 0.317257732152939 0.324105620384216 0.342411190271378 0.334532976150513 0.345834523439407 0.353992223739624 0.364968001842499 0.364003926515579 0.360457718372345 0.377680838108063 0.387423127889633 0.411692917346954 0.403856366872787 0.400443881750107 0.397434830665588 0.40563639998436 0.412374407052994 0.422024548053741 0.417586863040924 0.454041928052902 0.426456302404404 0.419029951095581
0.352653533220291 0.347264140844345 0.345799148082733 0.326407551765442 0.313687741756439 0.305559098720551 0.295562565326691 0.295517176389694 0.293942332267761 0.294914901256561 0.287050724029541 0.287654191255569 0.287892013788223 0.291223347187042 0.29886794090271 0.298356354236603 0.294506132602692 0.288878798484802 0.304603964090347 0.30752232670784 0.296940058469772 0.300534695386887 0.320650070905685 0.319019377231598 0.31891992688179 0.321882486343384 0.328680485486984 0.333007037639618 0.351672768592834 0.363315105438232 0.361400455236435 0.363011568784714 0.351660847663879 0.382938861846924 0.421640813350677 0.385903567075729 0.381726682186127 0.392783671617508 0.406015276908875 0.407389611005783 0.39432966709137 0.403045177459717 0.413183301687241 0.411705613136292 0.440219402313232 0.426020383834839
0.355328559875488 0.356019854545593 0.333296865224838 0.327116191387177 0.304189652204514 0.305016934871674 0.297481387853622 0.284931480884552 0.281615346670151 0.297795027494431 0.27592071890831 0.289013117551804 0.287028223276138 0.286310464143753 0.299474060535431 0.29772937297821 0.297217637300491 0.295807540416718 0.3086316883564 0.310303926467896 0.301432073116302 0.304255276918411 0.311266750097275 0.3097964823246 0.320823818445206 0.326937526464462 0.330710411071777 0.342831462621689 0.348196268081665 0.367970705032349 0.351510316133499 0.347797214984894 0.352464348077774 0.364689141511917 0.379616916179657 0.380633920431137 0.377955138683319 0.386891067028046 0.404772162437439 0.416683554649353 0.379949331283569 0.383164554834366 0.390620678663254 0.387393087148666 0.426218718290329 0.428447365760803
0.348318159580231 0.333375126123428 0.317602932453156 0.314433187246323 0.304860293865204 0.292475938796997 0.286317020654678 0.284978836774826 0.280486762523651 0.275687754154205 0.27574759721756 0.276395201683044 0.28785303235054 0.287388116121292 0.28996953368187 0.28467732667923 0.285573124885559 0.29817208647728 0.295322358608246 0.300501793622971 0.312892615795135 0.305138498544693 0.310370057821274 0.309630483388901 0.308921724557877 0.316846638917923 0.3285271525383 0.341785490512848 0.348263204097748 0.349751085042953 0.347797214984894 0.35030809044838 0.351944237947464 0.359209150075912 0.36316642165184 0.356844633817673 0.369266331195831 0.377615094184875 0.406341582536697 0.400128215551376 0.383718580007553 0.379512757062912 0.375329285860062 0.388976395130157 0.390805125236511 0.390800535678864
0.346639722585678 0.340078055858612 0.32174676656723 0.302183479070663 0.293059080839157 0.282312572002411 0.275757342576981 0.276304394006729 0.270145863294601 0.27491557598114 0.266793012619019 0.278673052787781 0.278659522533417 0.278125017881393 0.290694713592529 0.288636326789856 0.284647196531296 0.299792796373367 0.288216948509216 0.298474729061127 0.299576997756958 0.295113086700439 0.315659552812576 0.311078548431396 0.320910036563873 0.330975830554962 0.317823171615601 0.332690864801407 0.352866381406784 0.356482833623886 0.357183575630188 0.358601987361908 0.361082285642624 0.365154206752777 0.356339901685715 0.359285414218903 0.358938187360764 0.369915992021561 0.388503879308701 0.382532000541687 0.363967657089233 0.384722828865051 0.37612372636795 0.379164397716522 0.363555520772934 0.381773054599762
0.351389318704605 0.324216842651367 0.322387099266052 0.297485560178757 0.286780923604965 0.283744692802429 0.266997933387756 0.265486806631088 0.274790942668915 0.274263173341751 0.265729665756226 0.265483558177948 0.279506653547287 0.280726164579391 0.290975540876389 0.289261907339096 0.285853624343872 0.287255585193634 0.289749443531036 0.287005722522736 0.287046879529953 0.300870269536972 0.299094796180725 0.316208600997925 0.322189956903458 0.324820756912231 0.327677518129349 0.336085855960846 0.345677465200424 0.348003357648849 0.353066653013229 0.365599095821381 0.368251621723175 0.363960891962051 0.352966338396072 0.362692683935165 0.373292148113251 0.358725219964981 0.355356127023697 0.351573407649994 0.360418140888214 0.356387317180634 0.356343746185303 0.361351013183594 0.37077996134758 0.386375606060028
