data/climate_estimation/maxent_output/Alstroemeria_werdermannii.asc
NCOLS 28 
NROWS 254 
XLLCORNER -71.4166666666667 
YLLCORNER -38.5 
CELLSIZE 0.0833333333333332 
NODATA_value -3.4e+38 
[rows 93 to 123 of 254, columns 0 to 27 of 28]
-3.4e+38 -3.4e+38 -3.4e+38 -3.4e+38 -3.4e+38 -3.4e+38 -3.4e+38 -3.4e+38 -3.4e+38 -3.4e+38 0.319304078817368 0.29558464884758 0.930582404136658 0.905412554740906 0.909879744052887 0.890166580677032 0.855030298233032 0.836538016796112 0.833511173725128 0.892087280750275 0.86834979057312 0.915057599544525 0.940554976463318 0.953319191932678 0.454906195402145 0.646152138710022 0.721056342124939 0.77890020608902
-3.4e+38 -3.4e+38 -3.4e+38 -3.4e+38 -3.4e+38 -3.4e+38 -3.4e+38 -3.4e+38 -3.4e+38 -3.4e+38 -3.4e+38 0.318523287773132 0.905432999134064 0.923706710338593 0.885278344154358 0.856491804122925 0.830050349235535 0.975760698318481 0.975519120693207 0.992117166519165 0.892513692378998 0.873688876628876 0.938516020774841 0.955209970474243 0.46493998169899 0.759312629699707 0.879969537258148 0.78706306219101
-3.4e+38 -3.4e+38 -3.4e+38 -3.4e+38 -3.4e+38 -3.4e+38 -3.4e+38 -3.4e+38 -3.4e+38 -3.4e+38 -3.4e+38 0.392644137144089 0.893854439258575 0.917999029159546 0.928165853023529 0.850060522556305 0.831349611282349 0.984175860881805 0.975701510906219 0.98506498336792 0.989860892295837 0.987531960010529 0.899988412857056 0.944092810153961 0.964082956314087 0.537106215953827 0.767997264862061 0.765547215938568
-3.4e+38 -3.4e+38 -3.4e+38 -3.4e+38 -3.4e+38 -3.4e+38 -3.4e+38 -3.4e+38 -3.4e+38 -3.4e+38 0.526217818260193 0.476317763328552 0.239666804671288 0.896591007709503 0.908538401126862 0.915194034576416 0.783180356025696 0.761606752872467 0.968825936317444 0.972997784614563 0.976133108139038 0.992240607738495 0.994558691978455 0.939049184322357 0.963918209075928 0.52593582868576 0.625037968158722 0.699295043945312
-3.4e+38 -3.4e+38 -3.4e+38 -3.4e+38 -3.4e+38 -3.4e+38 -3.4e+38 -3.4e+38 -3.4e+38 -3.4e+38 0.538683354854584 0.309961497783661 0.245014429092407 0.89476615190506 0.890600085258484 0.89849841594696 0.796546339988708 0.973199009895325 0.967949211597443 0.965333640575409 0.979548931121826 0.994572103023529 0.998593688011169 0.999362945556641 0.969703674316406 0.522826075553894 0.545352399349213 0.688991725444794
-3.4e+38 -3.4e+38 -3.4e+38 -3.4e+38 -3.4e+38 -3.4e+38 -3.4e+38 -3.4e+38 -3.4e+38 0.557502567768097 0.456925958395004 0.326577395200729 0.293300479650497 0.241426095366478 0.888760328292847 0.879777669906616 0.892731249332428 0.975252389907837 0.978808283805847 0.983363211154938 0.989961206912994 0.996114790439606 0.998909473419189 0.999708771705627 0.609657406806946 0.548809409141541 0.658423125743866 0.743974030017853
-3.4e+38 -3.4e+38 -3.4e+38 -3.4e+38 -3.4e+38 -3.4e+38 -3.4e+38 -3.4e+38 0.460233688354492 0.551241278648376 0.460958123207092 0.335724234580994 0.299182832241058 0.903887689113617 0.90000706911087 0.891103208065033 0.907730758190155 0.976164042949677 0.981576442718506 0.988121867179871 0.988777816295624 0.996653854846954 0.998691856861115 0.99989241361618 0.648550808429718 0.671830832958221 0.665500640869141 0.595753490924835
-3.4e+38 -3.4e+38 -3.4e+38 -3.4e+38 -3.4e+38 -3.4e+38 -3.4e+38 -3.4e+38 0.484737575054169 0.485070079565048 0.334528356790543 0.318363279104233 0.304909735918045 0.244973763823509 0.245571821928024 0.892623484134674 0.895290017127991 0.840856194496155 0.784491121768951 0.795834124088287 0.989345550537109 0.998719155788422 0.998275995254517 0.999713063240051 0.999874532222748 0.665864229202271 0.726672768592834 0.549600899219513
-3.4e+38 -3.4e+38 -3.4e+38 -3.4e+38 -3.4e+38 -3.4e+38 -3.4e+38 -3.4e+38 0.40237107872963 0.369473904371262 0.353729456663132 0.315961062908173 0.303393661975861 0.280781477689743 0.233228668570518 0.901979148387909 0.897345125675201 0.786543190479279 0.816521167755127 0.987252593040466 0.988154709339142 0.99790632724762 0.996363937854767 0.69052267074585 0.629553198814392 0.689030051231384 0.806905508041382 0.685547411441803
-3.4e+38 -3.4e+38 -3.4e+38 -3.4e+38 -3.4e+38 -3.4e+38 -3.4e+38 -3.4e+38 0.38329815864563 0.423718154430389 0.352849304676056 0.338723540306091 0.332445353269577 0.27983832359314 0.227134242653847 0.25309082865715 0.246591851115227 0.905543625354767 0.821651935577393 0.824992656707764 0.850312054157257 0.99740344285965 0.999999940395355 0.765325784683228 0.649962544441223 0.7260901927948 0.479344040155411 0.663666844367981
-3.4e+38 -3.4e+38 -3.4e+38 -3.4e+38 -3.4e+38 -3.4e+38 -3.4e+38 -3.4e+38 0.349196463823318 0.45723369717598 0.358043968677521 0.338267534971237 0.312788218259811 0.306362062692642 0.24448636174202 0.239767894148827 0.772553503513336 0.770090043544769 0.550456345081329 0.835446536540985 0.877075016498566 0.997991442680359 0.678738117218018 0.756667613983154 0.80561500787735 0.726740181446075 0.715110301971436 0.631449162960052
-3.4e+38 -3.4e+38 -3.4e+38 -3.4e+38 -3.4e+38 -3.4e+38 -3.4e+38 -3.4e+38 0.235456734895706 0.45236736536026 0.418926239013672 0.320126235485077 0.311255574226379 0.309742122888565 0.303084880113602 0.231188297271729 0.759011447429657 0.774839282035828 0.649429440498352 0.852156758308411 0.911013603210449 0.999653935432434 0.717083990573883 0.81287157535553 0.853023886680603 0.738439559936523 0.601556718349457 0.650041520595551
-3.4e+38 -3.4e+38 -3.4e+38 -3.4e+38 -3.4e+38 -3.4e+38 -3.4e+38 -3.4e+38 0.232629120349884 0.42961710691452 0.47087898850441 0.408273428678513 0.345882773399353 0.370115101337433 0.344538420438766 0.270751059055328 0.778316915035248 0.786693215370178 0.7278733253479 0.693613827228546 0.934716105461121 0.999767899513245 0.747936606407166 0.806149363517761 0.833698630332947 0.875515222549438 0.538116455078125 0.478574126958847
-3.4e+38 -3.4e+38 -3.4e+38 -3.4e+38 -3.4e+38 -3.4e+38 -3.4e+38 -3.4e+38 0.2344661206007 0.431176543235779 0.58424311876297 0.496041119098663 0.410019636154175 0.367879420518875 0.373260676860809 0.359168469905853 0.782251596450806 0.849584639072418 0.737157464027405 0.761834800243378 0.957992315292358 0.708580791950226 0.923584461212158 0.855494976043701 0.925213813781738 0.861238360404968 0.854247033596039 0.420534372329712
-3.4e+38 -3.4e+38 -3.4e+38 -3.4e+38 -3.4e+38 -3.4e+38 -3.4e+38 -3.4e+38 0.233291029930115 0.410702854394913 0.54245513677597 0.570416986942291 0.489834845066071 0.448031455278397 0.364952623844147 0.362479388713837 0.308768481016159 0.844415068626404 0.86487478017807 0.897975564002991 0.982534646987915 0.713897109031677 0.870636224746704 0.903252780437469 0.915443539619446 0.609100222587585 0.553172290325165 0.518548965454102
-3.4e+38 -3.4e+38 -3.4e+38 -3.4e+38 -3.4e+38 -3.4e+38 -3.4e+38 -3.4e+38 0.365658909082413 0.526658475399017 0.514519393444061 0.50858336687088 0.638432681560516 0.444049924612045 0.450933933258057 0.404379636049271 0.355800122022629 0.305585563182831 0.872508943080902 0.38483515381813 0.413532644510269 0.540965735912323 0.836624324321747 0.871771931648254 0.858981609344482 0.607286155223846 0.570506751537323 0.571871876716614
-3.4e+38 -3.4e+38 -3.4e+38 -3.4e+38 -3.4e+38 -3.4e+38 -3.4e+38 -3.4e+38 0.541195392608643 0.890011489391327 0.804774165153503 0.724735617637634 0.68974244594574 0.656538486480713 0.482970654964447 0.434288948774338 0.39690887928009 0.330427080392838 0.303942710161209 0.415964990854263 0.564045310020447 0.859175562858582 0.980201542377472 0.704930007457733 0.672983527183533 0.679271578788757 0.706855416297913 0.647782027721405
-3.4e+38 -3.4e+38 -3.4e+38 -3.4e+38 -3.4e+38 -3.4e+38 -3.4e+38 -3.4e+38 0.350706577301025 0.47507706284523 0.92096745967865 0.918355166912079 0.742344439029694 0.673544943332672 0.544413268566132 0.51096785068512 0.426557898521423 0.438913583755493 0.396293848752975 0.449506640434265 0.831996083259583 0.989037930965424 0.884161055088043 0.848332226276398 0.772172212600708 0.692732274532318 0.567072570323944 0.528116464614868
-3.4e+38 -3.4e+38 -3.4e+38 -3.4e+38 -3.4e+38 -3.4e+38 -3.4e+38 -3.4e+38 0.711796760559082 0.633765995502472 0.968331515789032 0.943233788013458 0.827175915241241 0.799040555953979 0.696382403373718 0.623320877552032 0.471921145915985 0.455618798732758 0.511256456375122 0.638105034828186 0.873351991176605 0.806881189346313 0.871877551078796 0.832052946090698 0.635851860046387 0.641145288944244 0.687798261642456 0.512464106082916
-3.4e+38 -3.4e+38 -3.4e+38 -3.4e+38 -3.4e+38 -3.4e+38 -3.4e+38 0.694305241107941 0.91535097360611 0.758712708950043 0.983440160751343 0.985019862651825 0.932462513446808 0.845062434673309 0.691764414310455 0.740773618221283 0.667106509208679 0.479141622781754 0.551039099693298 0.791790008544922 0.896100997924805 0.768567681312561 0.83940452337265 0.840850174427032 0.620808601379395 0.606486916542053 0.64992368221283 0.579340994358063
-3.4e+38 -3.4e+38 -3.4e+38 -3.4e+38 -3.4e+38 -3.4e+38 -3.4e+38 0.674248576164246 0.796909272670746 0.881200611591339 0.74097603559494 0.989639699459076 0.959522247314453 0.935224175453186 0.894064366817474 0.742474675178528 0.789239585399628 0.78769838809967 0.709852457046509 0.916534662246704 0.993383944034576 0.879986703395844 0.837584316730499 0.832091987133026 0.576311051845551 0.689942061901093 0.593904912471771 0.55099356174469
-3.4e+38 -3.4e+38 -3.4e+38 -3.4e+38 -3.4e+38 -3.4e+38 0.950187027454376 0.873322665691376 0.987271666526794 0.970359146595001 0.772769808769226 0.990321934223175 0.985792458057404 0.94400155544281 0.908977270126343 0.873690664768219 0.803289592266083 0.853823900222778 0.842003405094147 0.96666431427002 0.852636396884918 0.875484347343445 0.857856392860413 0.842464923858643 0.575204491615295 0.621708512306213 0.589961528778076 0.609269678592682
-3.4e+38 -3.4e+38 -3.4e+38 -3.4e+38 -3.4e+38 -3.4e+38 -3.4e+38 0.937556684017181 0.989806115627289 0.897815823554993 0.880698621273041 0.773496806621552 0.705322623252869 0.977957129478455 0.944701611995697 0.869570076465607 0.89842689037323 0.820239663124084 0.824955880641937 0.959008157253265 0.815601289272308 0.787026464939117 0.784005224704742 0.600726008415222 0.675819516181946 0.523564875125885 0.606870532035828 0.628425538539886
-3.4e+38 -3.4e+38 -3.4e+38 -3.4e+38 -3.4e+38 -3.4e+38 0.981271862983704 0.947335302829742 0.993747472763062 0.97545325756073 0.851220607757568 0.777907252311707 0.679762303829193 0.976813137531281 0.98089212179184 0.949564695358276 0.928798794746399 0.931158423423767 0.845120549201965 0.981581270694733 0.953164875507355 0.779361546039581 0.873701572418213 0.819309651851654 0.558964788913727 0.633661568164825 0.555787801742554 0.490936785936356
-3.4e+38 -3.4e+38 -3.4e+38 -3.4e+38 -3.4e+38 0.75635039806366 0.846293151378632 0.982568085193634 0.956782579421997 0.987632632255554 0.938628673553467 0.893230140209198 0.797112822532654 0.733919382095337 0.970203042030334 0.958634853363037 0.914040386676788 0.916617274284363 0.893725275993347 0.813658714294434 0.853880107402802 0.609315574169159 0.613961040973663 0.537749886512756 0.621966660022736 0.626534342765808 0.576681673526764 0.532343089580536
-3.4e+38 -3.4e+38 -3.4e+38 -3.4e+38 -3.4e+38 0.927009522914886 0.872646331787109 0.98046338558197 0.998306930065155 0.971706628799438 0.959462702274323 0.889685034751892 0.876123130321503 0.750263750553131 0.98933082818985 0.653216361999512 0.958206653594971 0.928961932659149 0.89456707239151 0.680427610874176 0.860801517963409 0.571637272834778 0.605093538761139 0.658701121807098 0.608265101909637 0.612166464328766 0.582893311977386 0.598128318786621
-3.4e+38 -3.4e+38 -3.4e+38 -3.4e+38 -3.4e+38 0.912717580795288 0.735924303531647 0.852174639701843 0.985979735851288 0.953900694847107 0.920167326927185 0.767926633358002 0.959797978401184 0.844836175441742 0.761698782444 0.668704152107239 0.96873152256012 0.913673222064972 0.922970354557037 0.777519285678864 0.672223150730133 0.725365698337555 0.524756908416748 0.579160571098328 0.626557528972626 0.516337454319 0.593060076236725 0.620699465274811
-3.4e+38 -3.4e+38 -3.4e+38 -3.4e+38 -3.4e+38 0.853633344173431 0.954856812953949 0.981115937232971 0.96072393655777 0.89267510175705 0.894536852836609 0.935821890830994 0.965812265872955 0.902372241020203 0.809797286987305 0.658753514289856 0.636317312717438 0.978085160255432 0.601013541221619 0.681939780712128 0.60882580280304 0.726382493972778 0.584364950656891 0.56117832660675 0.577293932437897 0.548438668251038 0.571776390075684 0.596966743469238
-3.4e+38 -3.4e+38 -3.4e+38 -3.4e+38 -3.4e+38 0.802524566650391 0.907087087631226 0.900456964969635 0.883930504322052 0.835300862789154 0.953651249408722 0.941002070903778 0.91632878780365 0.863590836524963 0.729666411876678 0.718320846557617 0.687232136726379 0.719998896121979 0.648063540458679 0.700263321399689 0.541431605815887 0.727070987224579 0.574394702911377 0.573051750659943 0.533411264419556 0.544829666614532 0.601279735565186 0.57469242811203
-3.4e+38 -3.4e+38 -3.4e+38 -3.4e+38 -3.4e+38 0.71634829044342 0.79888242483139 0.806669771671295 0.791969299316406 0.800103068351746 0.873653411865234 0.897900998592377 0.857836544513702 0.803953349590302 0.732323884963989 0.748036742210388 0.786205887794495 0.75129634141922 0.810470104217529 0.768673360347748 0.60573822259903 0.563842594623566 0.553724229335785 0.543945491313934 0.585287809371948 0.57626610994339 0.549230456352234 0.549149990081787
-3.4e+38 -3.4e+38 -3.4e+38 -3.4e+38 0.809057116508484 0.770549654960632 0.794378459453583 0.84876161813736 0.79297924041748 0.789714217185974 0.802002012729645 0.881560742855072 0.870526790618896 0.836659669876099 0.812982082366943 0.864225745201111 0.733350992202759 0.809984862804413 0.835737705230713 0.858001053333282 0.745927631855011 0.644114911556244 0.572958290576935 0.495830297470093 0.531890213489532 0.519593060016632 0.57880824804306 0.616080343723297
