data/climate_estimation/maxent_output/Alstroemeria_rupestris.asc
NCOLS 27 
NROWS 88 
XLLCORNER -43.75 
YLLCORNER -20.25 
CELLSIZE 0.0833333333333333 
NODATA_value -3.4e+38 
[rows 33 to 65 of 88, columns 0 to 26 of 27]
0.558644533157349 0.556234002113342 0.560875713825226 0.57885330915451 0.57658851146698 0.57277774810791 0.58167964220047 0.592796683311462 0.625753879547119 0.597514688968658 0.618439853191376 0.780432462692261 0.69264155626297 0.698168218135834 0.669805645942688 0.644771873950958 0.632456660270691 0.615376055240631 0.60911351442337 0.608667254447937 0.61049610376358 0.609910190105438 0.609972953796387 0.611134111881256 0.605771958827972 0.607049524784088 0.596207022666931
0.562496900558472 0.549978077411652 0.564904093742371 0.581458330154419 0.585495829582214 0.582922995090485 0.604384005069733 0.678407549858093 0.600850939750671 0.631310820579529 0.631617844104767 0.724162817001343 0.687461972236633 0.686504721641541 0.666914045810699 0.640554547309875 0.637784361839294 0.637325644493103 0.616789996623993 0.59970098733902 0.613528788089752 0.622143030166626 0.608389854431152 0.621262192726135 0.617709994316101 0.589519858360291 0.585687756538391
0.56298166513443 0.557222962379456 0.55547708272934 0.582098841667175 0.593011617660522 0.596131145954132 0.582284212112427 0.641899704933167 0.622546434402466 0.633519649505615 0.666690468788147 0.695781588554382 0.695290923118591 0.678556144237518 0.658599853515625 0.644688844680786 0.644909918308258 0.609089434146881 0.559947431087494 0.57420402765274 0.611231923103333 0.613805115222931 0.607241988182068 0.602667212486267 0.601449131965637 0.581935286521912 0.572259485721588
0.565718829631805 0.560443699359894 0.561022162437439 0.573504567146301 0.601506173610687 0.614121317863464 0.597900629043579 0.632683277130127 0.638526141643524 0.628761947154999 0.660863518714905 0.650822997093201 0.664477109909058 0.662328779697418 0.650761663913727 0.654499053955078 0.60350090265274 0.550893843173981 0.538446426391602 0.569581806659698 0.610017538070679 0.604899883270264 0.605791807174683 0.598813474178314 0.590863764286041 0.578185439109802 0.554068386554718
0.575140476226807 0.58039528131485 0.571196436882019 0.576113522052765 0.596586287021637 0.628193736076355 0.638890147209167 0.650598883628845 0.665887832641602 0.660678088665009 0.661877572536469 0.645912945270538 0.630205690860748 0.636025786399841 0.613958179950714 0.616225183010101 0.586186408996582 0.521166682243347 0.532239437103271 0.584414660930634 0.575303018093109 0.585547983646393 0.575314164161682 0.583822429180145 0.575982928276062 0.563766360282898 0.548092722892761
0.626870393753052 0.593114674091339 0.580063045024872 0.581808388233185 0.602133214473724 0.61151796579361 0.649787485599518 0.672397613525391 0.654658377170563 0.646823167800903 0.632492363452911 0.608942031860352 0.601532399654388 0.579739153385162 0.591036975383759 0.5933518409729 0.540768086910248 0.510022044181824 0.529737412929535 0.551604449748993 0.562508404254913 0.577913463115692 0.563192129135132 0.54254812002182 0.553951144218445 0.545344352722168 0.525625646114349
0.620879411697388 0.594735443592072 0.589443743228912 0.595293164253235 0.618513226509094 0.611888647079468 0.629811346530914 0.676896333694458 0.653429269790649 0.626691043376923 0.655433893203735 0.634409785270691 0.592092335224152 0.57574188709259 0.555036425590515 0.575002908706665 0.53551834821701 0.501076221466064 0.53357058763504 0.563393414020538 0.563672840595245 0.54165256023407 0.536073327064514 0.545797824859619 0.537127315998077 0.523482501506805 0.504811763763428
0.602102160453796 0.601008474826813 0.601416409015656 0.591138243675232 0.651863753795624 0.654814302921295 0.63109827041626 0.672403872013092 0.649348318576813 0.655099153518677 0.665308892726898 0.636455893516541 0.610623121261597 0.59319806098938 0.562667012214661 0.554323434829712 0.513964712619781 0.482002973556519 0.513086318969727 0.546251952648163 0.538392543792725 0.502920985221863 0.508904218673706 0.518247246742249 0.486760586500168 0.516494929790497 0.512531161308289
0.589971125125885 0.603495895862579 0.607976913452148 0.601697981357574 0.704900562763214 0.665187239646912 0.668875992298126 0.660421907901764 0.63571161031723 0.641011834144592 0.635967195034027 0.567468106746674 0.593795716762543 0.606735229492188 0.590008795261383 0.548226952552795 0.533139407634735 0.492445230484009 0.523278474807739 0.555284917354584 0.536065816879272 0.512037813663483 0.471491485834122 0.484361469745636 0.488805830478668 0.502787292003632 0.489635318517685
0.596146464347839 0.607252955436707 0.60724949836731 0.626762688159943 0.72123259305954 0.695185720920563 0.68238365650177 0.670496463775635 0.627509951591492 0.618984580039978 0.59221476316452 0.551522016525269 0.577618002891541 0.607546150684357 0.576567709445953 0.522790610790253 0.551972270011902 0.507519483566284 0.485802441835403 0.522645354270935 0.53809118270874 0.529329538345337 0.483122229576111 0.449162483215332 0.440748274326324 0.468716770410538 0.451566755771637
0.609019100666046 0.600385904312134 0.617064356803894 0.661451935768127 0.709220468997955 0.669089376926422 0.671427369117737 0.635490477085114 0.619503617286682 0.63549929857254 0.606436967849731 0.544123232364655 0.576678812503815 0.59632533788681 0.556510210037231 0.514393210411072 0.524143397808075 0.502530336380005 0.545133709907532 0.499992489814758 0.534494042396545 0.526597619056702 0.480061292648315 0.447209298610687 0.4122454226017 0.404328584671021 0.411854654550552
0.612384557723999 0.619947612285614 0.624640882015228 0.696140289306641 0.712347149848938 0.656505465507507 0.636220097541809 0.62130481004715 0.627419114112854 0.607469141483307 0.567746043205261 0.548688292503357 0.558775901794434 0.591455101966858 0.5461505651474 0.491371959447861 0.488672614097595 0.480998158454895 0.455205023288727 0.487494587898254 0.504972040653229 0.490016639232635 0.444034695625305 0.421168059110641 0.445068746805191 0.441743224859238 0.41330948472023
0.6133673787117 0.624317944049835 0.666345953941345 0.712773621082306 0.704583823680878 0.684931993484497 0.630316317081451 0.608505606651306 0.624458253383636 0.609114110469818 0.574253082275391 0.553398907184601 0.54572457075119 0.561920166015625 0.521936297416687 0.505616784095764 0.52252596616745 0.508115768432617 0.523347616195679 0.438978850841522 0.432910591363907 0.425445377826691 0.419802188873291 0.446920901536942 0.465932995080948 0.471661657094955 0.435234487056732
0.621520161628723 0.62410306930542 0.689364492893219 0.745631873607635 0.70865660905838 0.705275774002075 0.637695908546448 0.633768260478973 0.657990396022797 0.616849064826965 0.570210218429565 0.573659360408783 0.552508771419525 0.555149435997009 0.5494344830513 0.529882788658142 0.511198580265045 0.495793223381042 0.496269971132278 0.470962941646576 0.419902056455612 0.413168638944626 0.419256031513214 0.47284123301506 0.481600522994995 0.466794699430466 0.447665572166443
0.622200965881348 0.645382642745972 0.686553776264191 0.74640679359436 0.716541111469269 0.707347869873047 0.647216439247131 0.629891991615295 0.697550654411316 0.599148452281952 0.580300331115723 0.553554475307465 0.559011697769165 0.57062828540802 0.518647432327271 0.493347823619843 0.463491171598434 0.452068150043488 0.434149116277695 0.415817469358444 0.410495191812515 0.460853576660156 0.430087834596634 0.46815824508667 0.491089254617691 0.477075099945068 0.443174988031387
0.631623685359955 0.643860280513763 0.705141663551331 0.746408820152283 0.735334455966949 0.706883251667023 0.630413413047791 0.626688420772552 0.651357173919678 0.575830221176147 0.577762424945831 0.546416819095612 0.578287065029144 0.543264865875244 0.493637382984161 0.483019769191742 0.482210129499435 0.463795244693756 0.44047811627388 0.425299793481827 0.42662250995636 0.447281122207642 0.491595864295959 0.462343692779541 0.482392430305481 0.472429990768433 0.448468387126923
0.639924645423889 0.651932954788208 0.683831453323364 0.679918706417084 0.727083444595337 0.682964146137238 0.643195271492004 0.638647258281708 0.588197529315948 0.566135466098785 0.553436040878296 0.555597186088562 0.574170410633087 0.515353143215179 0.503905534744263 0.523075580596924 0.488946437835693 0.461329072713852 0.448647797107697 0.441974103450775 0.480794847011566 0.440880089998245 0.485149055719376 0.464287728071213 0.474341452121735 0.455233663320541 0.439358055591583
0.629837572574615 0.638560116291046 0.662318646907806 0.636331796646118 0.715601146221161 0.716966927051544 0.662489354610443 0.645833015441895 0.581945538520813 0.557964146137238 0.585135281085968 0.590290069580078 0.538758993148804 0.508429884910583 0.523672580718994 0.555368006229401 0.52096951007843 0.469904154539108 0.474867910146713 0.480597078800201 0.488842368125916 0.483297526836395 0.501766681671143 0.46961122751236 0.47559779882431 0.460562348365784 0.429857313632965
0.63219279050827 0.626330733299255 0.652952373027802 0.623062670230865 0.661236345767975 0.688525140285492 0.636475026607513 0.613946914672852 0.582582294940948 0.58364349603653 0.603210151195526 0.580323040485382 0.542673826217651 0.529109179973602 0.532449781894684 0.536508202552795 0.550759792327881 0.488314568996429 0.483452528715134 0.511316657066345 0.49955615401268 0.512676000595093 0.504270792007446 0.471822708845139 0.473541408777237 0.461301952600479 0.426400989294052
0.628939867019653 0.630983889102936 0.617531597614288 0.648501873016357 0.606849551200867 0.598780393600464 0.582344591617584 0.573812544345856 0.592459082603455 0.609771370887756 0.581928491592407 0.538522362709045 0.56232488155365 0.541292428970337 0.545775890350342 0.545063436031342 0.543489992618561 0.496967047452927 0.509539723396301 0.523676455020905 0.510385632514954 0.503280878067017 0.504792511463165 0.496746003627777 0.469135403633118 0.439518928527832 0.416834354400635
0.642659902572632 0.623798131942749 0.61441969871521 0.64926666021347 0.600326776504517 0.582487761974335 0.582164466381073 0.610991954803467 0.610015690326691 0.596987187862396 0.558276534080505 0.560015141963959 0.57856160402298 0.563358902931213 0.548470139503479 0.546585083007812 0.557623445987701 0.518454372882843 0.519919514656067 0.545849740505219 0.526793241500854 0.497305601835251 0.505189061164856 0.500799059867859 0.457497537136078 0.430425673723221 0.41347074508667
0.670055866241455 0.629612624645233 0.599021136760712 0.615411698818207 0.599241435527802 0.57985782623291 0.597569167613983 0.618539929389954 0.60425215959549 0.571855127811432 0.560648202896118 0.556515336036682 0.539447486400604 0.56291002035141 0.542631864547729 0.561952531337738 0.583039999008179 0.565439462661743 0.526179373264313 0.508484542369843 0.5012446641922 0.499195069074631 0.490514427423477 0.500160217285156 0.46642017364502 0.448988765478134 0.40842804312706
0.712324023246765 0.624842524528503 0.588403344154358 0.596498608589172 0.575772702693939 0.578745663166046 0.620822250843048 0.607605576515198 0.589459598064423 0.565765380859375 0.557563364505768 0.567360639572144 0.557592749595642 0.559734523296356 0.550207853317261 0.548320949077606 0.564240992069244 0.571205377578735 0.550700068473816 0.51278418302536 0.517956733703613 0.503532648086548 0.480313241481781 0.453929781913757 0.452440321445465 0.423528164625168 0.392536550760269
0.67131495475769 0.61573052406311 0.605664074420929 0.618365466594696 0.592391312122345 0.604637265205383 0.621498703956604 0.602299809455872 0.568517327308655 0.569935262203217 0.570475220680237 0.572595953941345 0.564508020877838 0.558301210403442 0.58788937330246 0.555897176265717 0.572713553905487 0.586713492870331 0.551956057548523 0.520479619503021 0.505986869335175 0.490442931652069 0.46404954791069 0.448843210935593 0.421143680810928 0.392396986484528 0.372214704751968
0.700536012649536 0.615032374858856 0.641620934009552 0.649016439914703 0.615380227565765 0.618164539337158 0.599160850048065 0.568062245845795 0.568702638149261 0.588710904121399 0.57659250497818 0.591609597206116 0.578870177268982 0.541041672229767 0.579948902130127 0.560784518718719 0.554578006267548 0.548471391201019 0.563300311565399 0.547423303127289 0.533180415630341 0.482315063476562 0.463296234607697 0.446899652481079 0.418588519096375 0.392659544944763 0.388578504323959
0.735430181026459 0.619549632072449 0.61689704656601 0.632213175296783 0.643641829490662 0.619715869426727 0.5963254570961 0.574976861476898 0.578400671482086 0.585167467594147 0.596350312232971 0.595116972923279 0.58332884311676 0.548299968242645 0.559259355068207 0.56298041343689 0.552959501743317 0.552410840988159 0.520175755023956 0.517273545265198 0.504716336727142 0.490068763494492 0.46729987859726 0.439380288124084 0.425111800432205 0.413597345352173 0.381780594587326
0.732962191104889 0.643295884132385 0.611064791679382 0.610141813755035 0.623313069343567 0.592850089073181 0.591482162475586 0.584294557571411 0.587285757064819 0.598364114761353 0.604347467422485 0.599771440029144 0.578109502792358 0.57130241394043 0.559562861919403 0.564906179904938 0.509071171283722 0.480153888463974 0.483888417482376 0.480432629585266 0.485047698020935 0.477989912033081 0.462896674871445 0.455853343009949 0.441617429256439 0.418293684720993 0.372177213430405
0.71242219209671 0.634762227535248 0.59144526720047 0.634624063968658 0.609752595424652 0.593523323535919 0.595072686672211 0.594565212726593 0.593958020210266 0.617573857307434 0.608425140380859 0.590816378593445 0.58802855014801 0.564649403095245 0.541306257247925 0.512714207172394 0.487922668457031 0.476093918085098 0.455202341079712 0.460191398859024 0.469785451889038 0.444079041481018 0.449898034334183 0.467858701944351 0.450617104768753 0.419553160667419 0.390479505062103
0.729869544506073 0.700098395347595 0.612463414669037 0.631129026412964 0.613955020904541 0.621450006961823 0.603360176086426 0.636743724346161 0.643053114414215 0.635918915271759 0.624644041061401 0.636621236801147 0.597202658653259 0.544605851173401 0.501124382019043 0.496659308671951 0.471273183822632 0.46267357468605 0.465214371681213 0.450068801641464 0.469383805990219 0.440366238355637 0.449283748865128 0.456097930669785 0.433414906263351 0.423563957214355 0.403660297393799
0.737450242042542 0.704884052276611 0.654821217060089 0.619481325149536 0.648362159729004 0.623127043247223 0.60880982875824 0.642586648464203 0.655332505702972 0.616615772247314 0.596462607383728 0.569225907325745 0.547093451023102 0.51256000995636 0.489737927913666 0.490266680717468 0.476897239685059 0.44882670044899 0.455126255750656 0.45853927731514 0.434325248003006 0.436676055192947 0.467849135398865 0.446085691452026 0.411542594432831 0.432013064622879 0.404966771602631
0.779381692409515 0.776094138622284 0.760868072509766 0.669869065284729 0.759560227394104 0.759123563766479 0.634744822978973 0.605224370956421 0.593867659568787 0.574387729167938 0.567419052124023 0.559299767017365 0.538113176822662 0.521211087703705 0.49834680557251 0.479080468416214 0.495871841907501 0.505353033542633 0.499769628047943 0.446849256753922 0.424292236566544 0.43705078959465 0.459208697080612 0.42135015130043 0.416252970695496 0.418080449104309 0.395002394914627
0.799283027648926 0.767304360866547 0.730899095535278 0.660133302211761 0.739448428153992 0.772648096084595 0.634313464164734 0.608376026153564 0.596123158931732 0.583382248878479 0.575392067432404 0.548747360706329 0.525012969970703 0.515278935432434 0.508032143115997 0.490589380264282 0.467616021633148 0.481984049081802 0.502804040908813 0.448338508605957 0.428895890712738 0.419701933860779 0.432934015989304 0.409917861223221 0.397714376449585 0.402534335851669 0.388792902231216
0.792144536972046 0.77549797296524 0.721796631813049 0.692528545856476 0.773004293441772 0.7087162733078 0.617152214050293 0.602829873561859 0.594065129756927 0.587539672851562 0.558178246021271 0.540924727916718 0.524996817111969 0.513535916805267 0.500740051269531 0.473087638616562 0.448971033096313 0.444420605897903 0.432053118944168 0.424858808517456 0.410769373178482 0.427016645669937 0.401158571243286 0.39753332734108 0.400136172771454 0.400203973054886 0.37998566031456
