data/climate_estimation/maxent_output/Alstroemeria_orchidioides.asc
NCOLS 62 
NROWS 90 
XLLCORNER -52.0833333333333 
YLLCORNER -23.0833333333333 
CELLSIZE 0.0833333333333333 
NODATA_value -3.4e+38 
[rows 20 to 39 of 90, columns 0 to 43 of 62]
0.736097633838654 0.745795965194702 0.763979136943817 0.779393136501312 0.789203286170959 0.782877326011658 0.791317105293274 0.78589653968811 0.777236700057983 0.77424156665802 0.783434092998505 0.773825109004974 0.766744077205658 0.759619057178497 0.766928017139435 0.75581818819046 0.740901470184326 0.730405151844025 0.722725212574005 0.729478061199188 0.720412790775299 0.716257214546204 0.699784159660339 0.692290842533112 0.696986436843872 0.69058895111084 0.696883022785187 0.689915537834167 0.67990118265152 0.665831506252289 0.671245396137238 0.679164230823517 0.676503658294678 0.662263929843903 0.662496149539948 0.664283514022827 0.678410291671753 0.680062115192413 0.673086106777191 0.683810114860535 0.689555585384369 0.675295233726501 0.668336033821106 0.684740841388702
0.730114996433258 0.751798152923584 0.765517473220825 0.776296496391296 0.780339241027832 0.781687140464783 0.778353691101074 0.780293583869934 0.779858827590942 0.767919659614563 0.770594298839569 0.765501141548157 0.760341167449951 0.760733962059021 0.771091878414154 0.759014904499054 0.751391649246216 0.732210397720337 0.720847904682159 0.71673309803009 0.713051199913025 0.701095581054688 0.696036875247955 0.690164566040039 0.688325107097626 0.694576323032379 0.685511529445648 0.688315629959106 0.680790066719055 0.668063640594482 0.674627840518951 0.689624488353729 0.669750988483429 0.660338699817657 0.660105526447296 0.666421413421631 0.689564883708954 0.674345195293427 0.666559100151062 0.673144638538361 0.672313332557678 0.665612161159515 0.658702731132507 0.671688079833984
0.733160734176636 0.747188687324524 0.762107253074646 0.765878796577454 0.76542466878891 0.77559220790863 0.779293358325958 0.775538980960846 0.773302674293518 0.772742986679077 0.767252683639526 0.770093321800232 0.767673850059509 0.768245697021484 0.765196800231934 0.756365776062012 0.735710322856903 0.730404555797577 0.712520718574524 0.717595458030701 0.710504412651062 0.696868777275085 0.695323407649994 0.681388318538666 0.6811763048172 0.672514259815216 0.668199837207794 0.676059365272522 0.671390235424042 0.659729599952698 0.670789301395416 0.684015274047852 0.673531651496887 0.65399694442749 0.659659147262573 0.68226546049118 0.67842710018158 0.673086106777191 0.659030139446259 0.667415499687195 0.656551420688629 0.665362596511841 0.650997936725616 0.66859894990921
0.728728055953979 0.735085129737854 0.738470852375031 0.744032025337219 0.756224155426025 0.75668466091156 0.763109564781189 0.767418086528778 0.765236496925354 0.764813482761383 0.767474353313446 0.765986323356628 0.759857356548309 0.760098397731781 0.755752265453339 0.753213584423065 0.743414103984833 0.721705615520477 0.713973999023438 0.70961993932724 0.69550895690918 0.695297479629517 0.685230255126953 0.677695214748383 0.674501717090607 0.678207874298096 0.669538378715515 0.663606286048889 0.656313598155975 0.654669284820557 0.661790728569031 0.66798460483551 0.661069571971893 0.650277078151703 0.65860915184021 0.661867558956146 0.66884046792984 0.654865086078644 0.660905361175537 0.663240790367126 0.647878646850586 0.65106612443924 0.647240519523621 0.643560290336609
0.710048377513885 0.714804351329803 0.723892450332642 0.724360942840576 0.748829245567322 0.757193088531494 0.764995992183685 0.75842559337616 0.757831394672394 0.760941565036774 0.761141896247864 0.760868549346924 0.760275661945343 0.752831816673279 0.752919673919678 0.739762604236603 0.719866871833801 0.716772615909576 0.70792543888092 0.711990594863892 0.703343689441681 0.699629783630371 0.682584047317505 0.681909739971161 0.682498753070831 0.671477317810059 0.663013696670532 0.662333726882935 0.662032544612885 0.658601224422455 0.686657786369324 0.66908186674118 0.655322313308716 0.662400960922241 0.659029304981232 0.665928840637207 0.667036294937134 0.660353422164917 0.64918065071106 0.648723244667053 0.65462988615036 0.640456259250641 0.644300997257233 0.627873599529266
0.707454025745392 0.709746837615967 0.708029270172119 0.714328408241272 0.747777879238129 0.745690941810608 0.751008272171021 0.750188648700714 0.757815003395081 0.754548251628876 0.760708451271057 0.754119634628296 0.747998595237732 0.753331065177917 0.747744858264923 0.739170908927917 0.727762401103973 0.717114746570587 0.711107075214386 0.697899222373962 0.695737659931183 0.689779460430145 0.677780628204346 0.670198142528534 0.664722561836243 0.672360122203827 0.679319679737091 0.671448826789856 0.663519859313965 0.667220056056976 0.688439846038818 0.650432825088501 0.654961287975311 0.675217032432556 0.663781940937042 0.668735206127167 0.68538635969162 0.671170949935913 0.644914746284485 0.634989321231842 0.661245048046112 0.643723249435425 0.638229787349701 0.637902081012726
0.706069231033325 0.706628620624542 0.699658632278442 0.704647600650787 0.735804557800293 0.740896701812744 0.743803739547729 0.738663017749786 0.746019124984741 0.747952461242676 0.754579305648804 0.755555987358093 0.746498107910156 0.749225556850433 0.747686743736267 0.737228691577911 0.732170760631561 0.717012047767639 0.710566461086273 0.696999967098236 0.690619826316833 0.679523348808289 0.676077902317047 0.668937385082245 0.666723310947418 0.666336119174957 0.677221834659576 0.687920033931732 0.696361660957336 0.698050558567047 0.672330796718597 0.649381160736084 0.646743416786194 0.686264634132385 0.689501881599426 0.673408269882202 0.663454592227936 0.663204073905945 0.642361044883728 0.637799203395844 0.710182368755341 0.652105093002319 0.634183943271637 0.656923949718475
0.712065815925598 0.706703424453735 0.724283635616302 0.703354895114899 0.717128217220306 0.733122646808624 0.732792794704437 0.743338465690613 0.733685970306396 0.736029803752899 0.73913186788559 0.751421451568604 0.748763501644135 0.743424952030182 0.734936058521271 0.729858994483948 0.717287003993988 0.709194719791412 0.702047407627106 0.685899615287781 0.685945332050323 0.673473000526428 0.669254899024963 0.666499495506287 0.67524653673172 0.666541874408722 0.682383835315704 0.682972729206085 0.705299913883209 0.695480465888977 0.655563056468964 0.642969489097595 0.651825726032257 0.701910436153412 0.709420680999756 0.680792272090912 0.651615679264069 0.651753783226013 0.632210791110992 0.637049436569214 0.659858167171478 0.649984538555145 0.645838856697083 0.649019181728363
0.712226271629333 0.714501738548279 0.71010833978653 0.706782221794128 0.68472021818161 0.715268611907959 0.725110113620758 0.726933479309082 0.728219866752625 0.732230126857758 0.732942819595337 0.744579672813416 0.750778317451477 0.735431671142578 0.731821775436401 0.722617208957672 0.728930056095123 0.712506115436554 0.703491032123566 0.693791210651398 0.678265869617462 0.676136374473572 0.669219136238098 0.667821168899536 0.668617784976959 0.674618780612946 0.678547084331512 0.680026054382324 0.683527290821075 0.680657684803009 0.649362146854401 0.64317524433136 0.666530609130859 0.694705188274384 0.6910240650177 0.675213396549225 0.653856039047241 0.6436368227005 0.636386156082153 0.631657958030701 0.649667143821716 0.637761235237122 0.6407430768013 0.665396749973297
0.70466023683548 0.710140645503998 0.705515027046204 0.694789230823517 0.690540313720703 0.696963906288147 0.723453104496002 0.709564745426178 0.717758238315582 0.720500528812408 0.723520517349243 0.738052666187286 0.748801708221436 0.748321056365967 0.742433249950409 0.73081111907959 0.722784101963043 0.713909268379211 0.70109760761261 0.689588189125061 0.684382617473602 0.666189253330231 0.662383913993835 0.660372257232666 0.667493343353271 0.674782335758209 0.671344518661499 0.672963738441467 0.670220077037811 0.683022975921631 0.660225927829742 0.652733027935028 0.675926506519318 0.68500167131424 0.665551781654358 0.672198414802551 0.661863923072815 0.643981397151947 0.628322124481201 0.634985685348511 0.631018400192261 0.613767504692078 0.637086570262909 0.648626983165741
0.695601522922516 0.700949192047119 0.703909754753113 0.698359847068787 0.701104819774628 0.685103535652161 0.698066294193268 0.699387431144714 0.705019533634186 0.710414886474609 0.716208279132843 0.715370118618011 0.739629626274109 0.738658726215363 0.755107641220093 0.750595808029175 0.744839251041412 0.709478259086609 0.713120520114899 0.699488759040833 0.682963669300079 0.666755139827728 0.662701964378357 0.657766401767731 0.663054287433624 0.657834589481354 0.666755735874176 0.672500610351562 0.679459810256958 0.669910788536072 0.654719948768616 0.662170231342316 0.677261769771576 0.659098923206329 0.657464265823364 0.679817378520966 0.674022495746613 0.650324106216431 0.630029916763306 0.6346834897995 0.614466428756714 0.6191086769104 0.629832804203033 0.640705108642578
0.673763632774353 0.697212994098663 0.691726982593536 0.690809547901154 0.685811161994934 0.691356301307678 0.684967517852783 0.688727200031281 0.698056817054749 0.692845046520233 0.706539690494537 0.696988523006439 0.721600532531738 0.737392067909241 0.720664739608765 0.745851457118988 0.728174448013306 0.721432745456696 0.712892770767212 0.704022586345673 0.692310214042664 0.669217884540558 0.661567032337189 0.648105978965759 0.659700870513916 0.668950855731964 0.678358435630798 0.673478901386261 0.671832025051117 0.652773678302765 0.646365880966187 0.671035706996918 0.681391060352325 0.660879492759705 0.655539214611053 0.656172513961792 0.667438745498657 0.657537758350372 0.637860834598541 0.622983574867249 0.610504686832428 0.619831740856171 0.623691201210022 0.63502162694931
0.642332017421722 0.670686602592468 0.682754397392273 0.679225742816925 0.675547182559967 0.671391069889069 0.680432438850403 0.680527150630951 0.673792481422424 0.674435079097748 0.681910991668701 0.689127326011658 0.707826495170593 0.724317669868469 0.69206178188324 0.710302710533142 0.724625110626221 0.724842965602875 0.701832592487335 0.697734594345093 0.69430685043335 0.67490017414093 0.65830785036087 0.644484758377075 0.658788859844208 0.653417766094208 0.654675662517548 0.6717649102211 0.67515617609024 0.654625415802002 0.648167967796326 0.662504434585571 0.664350211620331 0.66260814666748 0.652035176753998 0.639063894748688 0.6470707654953 0.62760055065155 0.621753692626953 0.61782032251358 0.62010270357132 0.615576326847076 0.607548356056213 0.610213100910187
0.633907437324524 0.639746129512787 0.660131692886353 0.659419059753418 0.661656141281128 0.660624146461487 0.662060499191284 0.665987610816956 0.677046656608582 0.671332478523254 0.668270766735077 0.678696274757385 0.698564231395721 0.702203869819641 0.684856355190277 0.670337617397308 0.680390238761902 0.689091861248016 0.686085820198059 0.684864282608032 0.675335288047791 0.679381549358368 0.663473606109619 0.652239739894867 0.647165060043335 0.64574271440506 0.65073162317276 0.669362604618073 0.659200847148895 0.644710719585419 0.654539465904236 0.661784052848816 0.668506264686584 0.655744612216949 0.643186509609222 0.639393091201782 0.630319237709045 0.62776517868042 0.621227443218231 0.611574649810791 0.610109686851501 0.602484703063965 0.611619889736176 0.604491531848907
0.65019166469574 0.641677141189575 0.638858139514923 0.647961020469666 0.645143508911133 0.642746388912201 0.647678136825562 0.656684935092926 0.651828825473785 0.675461649894714 0.650106906890869 0.668836295604706 0.674459278583527 0.686253011226654 0.670499980449677 0.664990425109863 0.658148169517517 0.670339107513428 0.660805821418762 0.664510786533356 0.672449171543121 0.658632099628448 0.662571132183075 0.647164463996887 0.640519022941589 0.642898201942444 0.663498520851135 0.659338772296906 0.658133208751678 0.642538487911224 0.653050303459167 0.659083724021912 0.668361306190491 0.660323679447174 0.640048742294312 0.64414256811142 0.634630680084229 0.641672790050507 0.639686822891235 0.631596803665161 0.645776808261871 0.613999485969543 0.615038990974426 0.652400851249695
0.640848100185394 0.640175521373749 0.639374196529388 0.640115141868591 0.644151568412781 0.636798202991486 0.624834775924683 0.63261467218399 0.64890843629837 0.652500569820404 0.646445393562317 0.64449679851532 0.661905169487 0.663692772388458 0.671100914478302 0.668037474155426 0.673413574695587 0.664079487323761 0.66237998008728 0.650902211666107 0.657521843910217 0.647145390510559 0.643207013607025 0.64916318655014 0.636111199855804 0.645570158958435 0.655242383480072 0.644380450248718 0.640794575214386 0.642520904541016 0.641349136829376 0.65084832906723 0.645799100399017 0.647299766540527 0.643791258335114 0.633389532566071 0.65057647228241 0.650649428367615 0.661034464836121 0.661582708358765 0.66668176651001 0.617185890674591 0.615858614444733 0.670141994953156
0.641148746013641 0.629963576793671 0.632647216320038 0.635319769382477 0.630335569381714 0.626257359981537 0.624893665313721 0.623636662960052 0.620118379592896 0.630034029483795 0.639719605445862 0.626955687999725 0.62785404920578 0.650716543197632 0.650553524494171 0.656280040740967 0.657079637050629 0.663117825984955 0.681242704391479 0.657529175281525 0.641197681427002 0.642768323421478 0.640302419662476 0.641845941543579 0.637672066688538 0.641165256500244 0.632749021053314 0.634466469287872 0.636621296405792 0.64697539806366 0.65433144569397 0.647487640380859 0.648703694343567 0.645428597927094 0.648081421852112 0.641416907310486 0.648162543773651 0.649246037006378 0.648829698562622 0.652892470359802 0.664166152477264 0.646694839000702 0.617166340351105 0.614027142524719
0.637698948383331 0.629222512245178 0.615566372871399 0.614757001399994 0.603050231933594 0.606052756309509 0.613345444202423 0.618393123149872 0.60914134979248 0.617205083370209 0.618773698806763 0.630379617214203 0.61874794960022 0.640495121479034 0.662657797336578 0.643831849098206 0.639504909515381 0.640177488327026 0.650072515010834 0.648117423057556 0.63357412815094 0.630072891712189 0.636257708072662 0.63228964805603 0.639018177986145 0.648688793182373 0.647035300731659 0.649412989616394 0.649316728115082 0.646412968635559 0.656573355197906 0.652635037899017 0.653439044952393 0.646004796028137 0.653634250164032 0.657333850860596 0.647189319133759 0.637022733688354 0.632666647434235 0.634492337703705 0.644344806671143 0.656493902206421 0.640462398529053 0.637458980083466
0.610715746879578 0.617883324623108 0.606842041015625 0.596820294857025 0.598667442798615 0.592153906822205 0.591689705848694 0.601777136325836 0.609288156032562 0.59166407585144 0.5979043841362 0.604951143264771 0.610458731651306 0.609770238399506 0.646588742733002 0.667098104953766 0.642391443252563 0.631070673465729 0.623740971088409 0.625303030014038 0.616949319839478 0.638334631919861 0.640997886657715 0.647266030311584 0.640843451023102 0.648446381092072 0.641059458255768 0.653777718544006 0.661211252212524 0.659482061862946 0.663882315158844 0.657960116863251 0.665887415409088 0.656827867031097 0.655019283294678 0.648601174354553 0.647316455841064 0.624491214752197 0.627672255039215 0.620917737483978 0.638447940349579 0.651838064193726 0.650053262710571 0.658385157585144
0.593334794044495 0.589399695396423 0.601922273635864 0.604012072086334 0.59715336561203 0.584938883781433 0.572525143623352 0.573846995830536 0.583201825618744 0.592400312423706 0.599963784217834 0.582827746868134 0.584829330444336 0.590730011463165 0.593851685523987 0.618005156517029 0.622712016105652 0.619419515132904 0.618163049221039 0.619120419025421 0.620595276355743 0.634287357330322 0.647987425327301 0.652905881404877 0.648290812969208 0.650729060173035 0.649393975734711 0.647171199321747 0.652365386486053 0.65050482749939 0.660557925701141 0.658863544464111 0.657307147979736 0.655613124370575 0.643008589744568 0.635196566581726 0.630116820335388 0.613692402839661 0.609711229801178 0.617798507213593 0.628227531909943 0.649168014526367 0.655942320823669 0.657894492149353
