data/climate_estimation/maxent_output/Alstroemeria_calliantha.asc
NCOLS 68 
NROWS 79 
XLLCORNER -45.5833333333333 
YLLCORNER -22.8333333333333 
CELLSIZE 0.0833333333333333 
NODATA_value -3.4e+38 
[rows 40 to 59 of 79, columns 0 to 45 of 68]
0.551780641078949 0.54487806558609 0.57084459066391 0.554093956947327 0.579081296920776 0.578046202659607 0.571199119091034 0.577318549156189 0.596567630767822 0.612226903438568 0.627403557300568 0.612044095993042 0.602560639381409 0.619692862033844 0.625518023967743 0.636820316314697 0.658608198165894 0.650322616100311 0.632542431354523 0.633114159107208 0.632725417613983 0.628848850727081 0.634240031242371 0.667620360851288 0.676843345165253 0.58684778213501 0.578895390033722 0.64692634344101 0.603131949901581 0.600539803504944 0.614710986614227 0.612282812595367 0.545259356498718 0.519726932048798 0.548381984233856 0.491673976182938 0.479063510894775 0.47475191950798 0.504291296005249 0.521752715110779 0.547652304172516 0.539320290088654 0.591189622879028 0.573066830635071 0.544720351696014 0.516501009464264
0.539530515670776 0.553243100643158 0.564287185668945 0.563887238502502 0.5906623005867 0.580561280250549 0.583627104759216 0.578166484832764 0.577468812465668 0.623149991035461 0.63422155380249 0.626169979572296 0.607324361801147 0.602166414260864 0.623009026050568 0.634438991546631 0.653017282485962 0.645957708358765 0.631126523017883 0.636687099933624 0.634129464626312 0.622098624706268 0.641574084758759 0.658743858337402 0.651618123054504 0.593653380870819 0.585508704185486 0.612858831882477 0.605908036231995 0.604847371578217 0.564474940299988 0.556840360164642 0.572166740894318 0.559332847595215 0.559111833572388 0.484268367290497 0.47634020447731 0.478087484836578 0.48824742436409 0.515462636947632 0.550368964672089 0.56722092628479 0.636522054672241 0.583990931510925 0.541462659835815 0.528746664524078
0.542795956134796 0.539395451545715 0.555968999862671 0.573905766010284 0.580218017101288 0.569807231426239 0.588421940803528 0.58141016960144 0.567327201366425 0.56968742609024 0.591755449771881 0.612990736961365 0.610199451446533 0.601991593837738 0.605947971343994 0.612777590751648 0.632378876209259 0.643668711185455 0.635235071182251 0.642380714416504 0.627469301223755 0.646985828876495 0.684574067592621 0.691519677639008 0.664165377616882 0.590886294841766 0.576579689979553 0.588537752628326 0.587180316448212 0.582050561904907 0.55718594789505 0.586686313152313 0.623037219047546 0.569630146026611 0.502230226993561 0.475820094347 0.476429551839828 0.479192823171616 0.532552242279053 0.536868274211884 0.563649296760559 0.609801411628723 0.643235623836517 0.601806819438934 0.590990900993347 0.538743078708649
0.537526369094849 0.546264171600342 0.563169836997986 0.588886857032776 0.59451150894165 0.578707456588745 0.590970039367676 0.581157028675079 0.571246743202209 0.57771509885788 0.603754699230194 0.620319306850433 0.631292760372162 0.617737829685211 0.599175810813904 0.611861407756805 0.619365155696869 0.622633159160614 0.631711840629578 0.63462883234024 0.628156661987305 0.650974631309509 0.668853878974915 0.700859248638153 0.707186579704285 0.628468036651611 0.603695213794708 0.620442569255829 0.640130221843719 0.58993935585022 0.57663482427597 0.562388956546783 0.597834885120392 0.538218140602112 0.485397160053253 0.471377938985825 0.474199384450912 0.492548733949661 0.553423881530762 0.566430807113647 0.57583475112915 0.627345502376556 0.650340497493744 0.632371425628662 0.582653760910034 0.551724433898926
0.53624826669693 0.55256587266922 0.577282845973969 0.60747092962265 0.613919794559479 0.58930915594101 0.597081542015076 0.579453885555267 0.57517272233963 0.590794861316681 0.594644904136658 0.625969409942627 0.647356569766998 0.635534524917603 0.600641131401062 0.595061063766479 0.60262131690979 0.606420934200287 0.620580673217773 0.647763669490814 0.649136066436768 0.645523130893707 0.68389493227005 0.70743054151535 0.66506165266037 0.613241076469421 0.599595367908478 0.585774898529053 0.591430425643921 0.585986614227295 0.601230502128601 0.586426854133606 0.594931244850159 0.504377603530884 0.478328853845596 0.474612474441528 0.466016352176666 0.488638162612915 0.559565365314484 0.585106074810028 0.605781555175781 0.646546125411987 0.673648297786713 0.626799881458282 0.565947294235229 0.565845906734467
0.54379540681839 0.56882506608963 0.590462982654572 0.62312638759613 0.599872469902039 0.60199773311615 0.603276371955872 0.581157922744751 0.575906455516815 0.589605689048767 0.59632009267807 0.59491091966629 0.626358926296234 0.623260378837585 0.59937584400177 0.595938920974731 0.586207330226898 0.600222766399384 0.651521325111389 0.696559846401215 0.647521078586578 0.658750653266907 0.739192843437195 0.712820887565613 0.678308308124542 0.646914482116699 0.598015427589417 0.602065980434418 0.587439894676208 0.593885004520416 0.591521859169006 0.59397566318512 0.609401702880859 0.485781311988831 0.473211348056793 0.469126611948013 0.475154519081116 0.481125563383102 0.557872235774994 0.572473049163818 0.618883192539215 0.704198479652405 0.667152047157288 0.604842841625214 0.564775049686432 0.570770502090454
0.545262694358826 0.569136917591095 0.609199643135071 0.630406558513641 0.60536777973175 0.608156025409698 0.615875065326691 0.588995814323425 0.578269183635712 0.589430570602417 0.607847094535828 0.628394484519958 0.637570977210999 0.634751200675964 0.63218080997467 0.634216547012329 0.590336382389069 0.617320001125336 0.628540456295013 0.742672383785248 0.686605632305145 0.637856960296631 0.728414952754974 0.735625684261322 0.794594049453735 0.776340425014496 0.623801946640015 0.607356786727905 0.593938767910004 0.583189189434052 0.545247197151184 0.565258502960205 0.537806034088135 0.476995289325714 0.490340113639832 0.480080485343933 0.493596464395523 0.500763297080994 0.551433622837067 0.575566232204437 0.611513793468475 0.678341627120972 0.625086545944214 0.575717031955719 0.590460300445557 0.582438111305237
0.55254203081131 0.580050230026245 0.610879898071289 0.639509499073029 0.615893542766571 0.606610298156738 0.601332068443298 0.59259569644928 0.580898940563202 0.583965122699738 0.597602963447571 0.641016066074371 0.652753114700317 0.648425817489624 0.637303709983826 0.597191512584686 0.602907240390778 0.585870921611786 0.611735343933105 0.730745673179626 0.740870773792267 0.648056089878082 0.675238847732544 0.752984702587128 0.786388516426086 0.652656555175781 0.617187082767487 0.592542290687561 0.58311653137207 0.560018479824066 0.544436633586884 0.545418858528137 0.499102354049683 0.513724803924561 0.499870151281357 0.493021637201309 0.514704763889313 0.548205077648163 0.562988221645355 0.576654553413391 0.623646557331085 0.643552601337433 0.623725771903992 0.584462642669678 0.600657939910889 0.587297976016998
0.562853217124939 0.597718119621277 0.628073275089264 0.650265574455261 0.629531264305115 0.615249931812286 0.5972940325737 0.589617490768433 0.590493142604828 0.604549407958984 0.598656117916107 0.618340492248535 0.663136959075928 0.671217978000641 0.628832995891571 0.614272773265839 0.617891311645508 0.594911813735962 0.615389823913574 0.69943368434906 0.713974416255951 0.656647682189941 0.673881351947784 0.704940140247345 0.734236419200897 0.64211642742157 0.607010960578918 0.568940043449402 0.552769064903259 0.534502923488617 0.509814739227295 0.51064658164978 0.500562369823456 0.515034675598145 0.494940936565399 0.501451253890991 0.556936979293823 0.588305592536926 0.605140686035156 0.58663421869278 0.642009973526001 0.651707351207733 0.613359689712524 0.59446781873703 0.631614089012146 0.618181049823761
0.591877162456512 0.621729671955109 0.633378446102142 0.659393131732941 0.629324734210968 0.624427318572998 0.604688286781311 0.598395764827728 0.59413743019104 0.613635182380676 0.605562090873718 0.600018680095673 0.635985732078552 0.646216630935669 0.635488212108612 0.63090580701828 0.623060703277588 0.636247158050537 0.611639320850372 0.685284852981567 0.708594799041748 0.694748222827911 0.701384782791138 0.743612885475159 0.763407230377197 0.697110772132874 0.614978015422821 0.578450620174408 0.539986848831177 0.530662357807159 0.537363827228546 0.526353120803833 0.500854909420013 0.516136586666107 0.499589860439301 0.521259605884552 0.582709133625031 0.60985279083252 0.61986255645752 0.611921370029449 0.678914427757263 0.642405331134796 0.676582157611847 0.595036685466766 0.659749507904053 0.863761067390442
0.603706955909729 0.603706955909729 0.632047653198242 0.649610280990601 0.65337198972702 0.634976446628571 0.610412657260895 0.605797708034515 0.604118883609772 0.620776236057281 0.64341014623642 0.614327549934387 0.611627459526062 0.638714373111725 0.660975456237793 0.65886664390564 0.648159623146057 0.657151520252228 0.626773059368134 0.693952560424805 0.694168508052826 0.695652186870575 0.737558901309967 0.755378067493439 0.759758949279785 0.69831782579422 0.605210781097412 0.566371262073517 0.558729648590088 0.56792825460434 0.537964820861816 0.518517434597015 0.512145042419434 0.536222219467163 0.512376964092255 0.520380437374115 0.606256127357483 0.634561538696289 0.654941022396088 0.63773375749588 0.667250216007233 0.694003939628601 0.719373643398285 0.629761338233948 0.722874164581299 0.919298589229584
0.586624383926392 0.590693533420563 0.623011827468872 0.648201763629913 0.659490704536438 0.63507342338562 0.623558163642883 0.638962388038635 0.613022089004517 0.645268619060516 0.649057686328888 0.620898425579071 0.61383056640625 0.616914689540863 0.644929766654968 0.673187553882599 0.669726252555847 0.664409756660461 0.642214059829712 0.631136953830719 0.636788606643677 0.655095934867859 0.683066189289093 0.731761634349823 0.725317597389221 0.691665410995483 0.625345706939697 0.598911643028259 0.573511183261871 0.563626289367676 0.539250075817108 0.543349087238312 0.554328799247742 0.553983688354492 0.53223705291748 0.556729555130005 0.615636646747589 0.702740967273712 0.730089485645294 0.665187478065491 0.64698588848114 0.647119045257568 0.723901689052582 0.654651343822479 0.679729521274567 0.781519711017609
0.588942289352417 0.592971503734589 0.607623398303986 0.625837087631226 0.649269998073578 0.671574354171753 0.667802512645721 0.669035911560059 0.643282055854797 0.663016080856323 0.667319118976593 0.631969213485718 0.638501942157745 0.646265506744385 0.662375688552856 0.688234567642212 0.677266716957092 0.642074942588806 0.623984754085541 0.632814288139343 0.644862473011017 0.652275025844574 0.668196976184845 0.703458428382874 0.698001146316528 0.616689920425415 0.588418066501617 0.591352522373199 0.578475654125214 0.567527711391449 0.545888066291809 0.551784217357635 0.562867403030396 0.586410105228424 0.556776702404022 0.564357876777649 0.623526930809021 0.70459908246994 0.722127258777618 0.640280902385712 0.62234902381897 0.614678680896759 0.665430068969727 0.644496440887451 0.655167281627655 0.667959272861481
0.580147206783295 0.590524256229401 0.605865001678467 0.62981128692627 0.663578987121582 0.67126077413559 0.668673455715179 0.656192421913147 0.661204934120178 0.671266674995422 0.676434099674225 0.660939335823059 0.680026352405548 0.669194459915161 0.672269999980927 0.681207120418549 0.657146513462067 0.627952754497528 0.634218335151672 0.657897770404816 0.648475646972656 0.666521728038788 0.658964335918427 0.591158807277679 0.597084224224091 0.596829891204834 0.589238941669464 0.568707227706909 0.568917572498322 0.553091585636139 0.556972742080688 0.555930435657501 0.561512053012848 0.581239104270935 0.571449100971222 0.584940493106842 0.658549606800079 0.75248646736145 0.631105661392212 0.619889438152313 0.625223159790039 0.627385973930359 0.569130897521973 0.617793440818787 0.63751608133316 0.654312074184418
0.587813317775726 0.60221129655838 0.625126302242279 0.641278326511383 0.663440346717834 0.657102763652802 0.652917325496674 0.665062308311462 0.67077112197876 0.692671179771423 0.682596862316132 0.682909965515137 0.689278781414032 0.695545077323914 0.69814521074295 0.682693719863892 0.646314442157745 0.636077761650085 0.641102969646454 0.662387549877167 0.650764226913452 0.674902200698853 0.628785848617554 0.588960766792297 0.582303822040558 0.599983513355255 0.609935462474823 0.587000370025635 0.569216907024384 0.552051424980164 0.579981029033661 0.566504955291748 0.579409003257751 0.574900269508362 0.596445322036743 0.591954290866852 0.634070754051208 0.677035808563232 0.597035348415375 0.573415040969849 0.638240456581116 0.634879350662231 0.534443080425262 0.566202282905579 0.621437728404999 0.608999073505402
0.586625218391418 0.589437425136566 0.60291999578476 0.61837762594223 0.63474029302597 0.627283155918121 0.651103556156158 0.683817207813263 0.69696706533432 0.689794063568115 0.698007583618164 0.689272999763489 0.691455662250519 0.670342683792114 0.676138699054718 0.651869118213654 0.667404770851135 0.642518401145935 0.645604074001312 0.654204547405243 0.675909340381622 0.668747305870056 0.603005707263947 0.588779807090759 0.597556114196777 0.586293816566467 0.59058552980423 0.575007021427155 0.566725850105286 0.558307647705078 0.572330832481384 0.58189594745636 0.571185231208801 0.551108181476593 0.582752704620361 0.60954475402832 0.676462590694427 0.603853166103363 0.543755888938904 0.540919482707977 0.642031848430634 0.556154906749725 0.503352403640747 0.554112136363983 0.621528804302216 0.604143023490906
0.568982362747192 0.587505996227264 0.609788954257965 0.596405804157257 0.613253653049469 0.623309373855591 0.654755771160126 0.663561284542084 0.69305431842804 0.686690509319305 0.69774979352951 0.682241916656494 0.671176135540009 0.649052679538727 0.670657157897949 0.635871231555939 0.63762766122818 0.653895616531372 0.660236537456512 0.673887968063354 0.689662575721741 0.691844880580902 0.635141730308533 0.603580832481384 0.597556114196777 0.585317134857178 0.580250024795532 0.591842889785767 0.576834142208099 0.57635372877121 0.588588833808899 0.576558828353882 0.469849973917007 0.453887909650803 0.471575170755386 0.579549968242645 0.615662753582001 0.571590483188629 0.496193498373032 0.538383305072784 0.565306425094604 0.51302170753479 0.481611251831055 0.53855174779892 0.570239663124084 0.598649203777313
0.567508578300476 0.575517237186432 0.58464777469635 0.584907054901123 0.602726519107819 0.629793524742126 0.665492236614227 0.668564319610596 0.687471330165863 0.680043816566467 0.685819327831268 0.66413676738739 0.654993176460266 0.644206762313843 0.636223673820496 0.615585386753082 0.617164254188538 0.646278262138367 0.659400761127472 0.681327402591705 0.681898772716522 0.706314027309418 0.716934680938721 0.654319882392883 0.600710272789001 0.589739918708801 0.59302693605423 0.607315480709076 0.601637244224548 0.593372464179993 0.566534757614136 0.470221787691116 0.444743186235428 0.442975640296936 0.462808430194855 0.577144384384155 0.552763044834137 0.502309143543243 0.452750355005264 0.494209617376328 0.469569116830826 0.492934018373489 0.501023352146149 0.487903416156769 0.501371622085571 0.587667226791382
0.569282591342926 0.578180909156799 0.583906710147858 0.585564732551575 0.588894486427307 0.608315050601959 0.631598114967346 0.646198034286499 0.660514652729034 0.669749677181244 0.669320285320282 0.669592082500458 0.650806307792664 0.625102818012238 0.624094426631927 0.6200852394104 0.610560119152069 0.620643973350525 0.632729113101959 0.65476256608963 0.675764501094818 0.696441173553467 0.712039530277252 0.719116985797882 0.637401700019836 0.607885122299194 0.613879561424255 0.602297067642212 0.566581308841705 0.568803608417511 0.487823486328125 0.445142447948456 0.435547977685928 0.446342021226883 0.538551151752472 0.542181730270386 0.507367968559265 0.428042411804199 0.420685082674026 0.426124334335327 0.438579708337784 0.457673639059067 0.479548245668411 0.479120492935181 0.477718085050583 0.509585320949554
0.56697678565979 0.565767526626587 0.584913849830627 0.582863986492157 0.609735012054443 0.610874831676483 0.619913935661316 0.648055970668793 0.644788980484009 0.659908533096313 0.658290505409241 0.665951669216156 0.663809239864349 0.651400983333588 0.637906789779663 0.63526326417923 0.63945060968399 0.633221626281738 0.650940239429474 0.657981872558594 0.685128033161163 0.700203657150269 0.722188353538513 0.71083676815033 0.626007497310638 0.581327676773071 0.54797238111496 0.547112822532654 0.507738411426544 0.496656984090805 0.45187520980835 0.448165237903595 0.454159796237946 0.482634633779526 0.539577305316925 0.473542779684067 0.449745893478394 0.449507802724838 0.446836590766907 0.43450590968132 0.450529158115387 0.451795727014542 0.463011831045151 0.463110476732254 0.459411054849625 0.472470015287399
