data/climate_estimation/maxent_output/Alstroemeria_paupercula.asc
NCOLS 53 
NROWS 252 
XLLCORNER -74.5 
YLLCORNER -36.3333333333333 
CELLSIZE 0.0833333333333334 
NODATA_value -3.4e+38 
[rows 0 to 26 of 252, columns 0 to 52 of 53]
0.216710910201073 0.32644972205162 0.182697623968124 0.168756082653999 0.141075760126114 0.108907490968704 0.00735056400299072 0.0049452162347734 0.0051593566313386 0.00698887975886464 0.00677478592842817 0.00580663327127695 0.00361520727165043 0.00514777889475226 0.224977493286133 0.00943644903600216 0.0116992183029652 0.013645026832819 0.00287570734508336 0.00210038549266756 0.00334859150461853 0.0036938430275768 0.00354670942761004 0.00289519061334431 0.00454244902357459 0.00655838428065181 0.00339542818255723 0.00189453933853656 0.00216853711754084 0.00253269984386861 0.00271806656382978 0.00193292135372758 0.00213183579035103 0.00223270338028669 0.00209765532054007 0.00229512015357614 0.00280021247453988 0.00222124950960279 0.0025876872241497 0.00216445815749466 0.00190368550829589 0.00195966521278024 0.00168996932916343 0.00178913993295282 0.00175052403938025 0.00168502517044544 0.00199279212392867 0.00229312595911324 0.00379093270748854 0.00581338303163648 0.00554835377261043 0.00677620666101575 0.00918679591268301
0.453234791755676 0.400455892086029 0.198813706636429 0.165359973907471 0.135134026408195 0.117039509117603 0.0134532796218991 0.00518424483016133 0.00854668393731117 0.00931730773299932 0.0070412652567029 0.0078682154417038 0.00537683395668864 0.0060072629712522 0.159552991390228 0.185209080576897 0.0160993244498968 0.0135976588353515 0.00773422466591001 0.00430396851152182 0.00457626115530729 0.00339014618657529 0.00302098458632827 0.00275217392481863 0.00366930034942925 0.0072339647449553 0.00625267019495368 0.00276087853126228 0.00226733507588506 0.00275494181551039 0.00280474731698632 0.00173142680432647 0.00175274221692234 0.00195971759967506 0.00204179319553077 0.00284627731889486 0.00344908982515335 0.00247282534837723 0.00259208516217768 0.00256225769408047 0.0021963061299175 0.0021839200053364 0.00209506484679878 0.00191877759061754 0.0020261078607291 0.00219184905290604 0.0023565087467432 0.00218669907189906 0.00318538071587682 0.00567316822707653 0.00681801745668054 0.00795483309775591 0.00882470887154341
0.540009021759033 0.230469554662704 0.205135270953178 0.184221550822258 0.193050369620323 0.194852441549301 0.163236424326897 0.00986227300018072 0.0159273575991392 0.146429121494293 0.0115723954513669 0.0118742100894451 0.0109736816957593 0.00769682973623276 0.00882770214229822 0.242728665471077 0.311262607574463 0.270412892103195 0.189632847905159 0.0109872594475746 0.00412980699911714 0.0022446196526289 0.00109915470238775 0.00228171236813068 0.00293948361650109 0.00520918238908052 0.015984233468771 0.00513097178190947 0.00821574311703444 0.00779822049662471 0.00531743466854095 0.00305165001191199 0.00299221184104681 0.00214799353852868 0.00309291924349964 0.00441506039351225 0.00435348739847541 0.00445259967818856 0.00274195894598961 0.0027811189647764 0.0026518446393311 0.00262422347441316 0.00282679800875485 0.00228801043704152 0.00210626563057303 0.00278317159973085 0.00239280797541142 0.00242131040431559 0.00279222847893834 0.00551342824473977 0.00732234632596374 0.00816253013908863 0.00929788034409285
0.635473012924194 0.55620002746582 0.379652738571167 0.264173626899719 0.421077400445938 0.271891713142395 0.181079432368279 0.0172957126051188 0.218463718891144 0.0171238332986832 0.0171014498919249 0.0193402227014303 0.145496994256973 0.0200263205915689 0.0122541291639209 0.0106060327962041 0.253017455339432 0.329018324613571 0.119708731770515 0.00710691930726171 0.00464053591713309 0.00371615262702107 0.00528755504637957 0.00798862613737583 0.00868090055882931 0.00424572685733438 0.0210167784243822 0.0112870596349239 0.0229154378175735 0.0170204192399979 0.0138907311484218 0.00727807404473424 0.00895061250776052 0.0069591891951859 0.00709245633333921 0.00286880461499095 0.00356415729038417 0.00368649768643081 0.00320447725243866 0.0024689647834748 0.00293294782750309 0.00287080719135702 0.00283562997356057 0.00282891700044274 0.00227899546734989 0.00306739192456007 0.00289882509969175 0.00354472012259066 0.00358908716589212 0.00551855098456144 0.00743427453562617 0.00881828926503658 0.0098270894959569
0.727595448493958 0.631220877170563 0.63292008638382 0.634598791599274 0.580941319465637 0.291486173868179 0.234146043658257 0.310636639595032 0.238594874739647 0.166780591011047 0.186993271112442 0.193332016468048 0.204904288053513 0.221991270780563 0.179063901305199 0.17721663415432 0.388778120279312 0.358047842979431 0.14057894051075 0.010218451730907 0.00751285627484322 0.00684554316103458 0.00998448859900236 0.181654900312424 0.182617023587227 0.00714644603431225 0.182468563318253 0.222491651773453 0.107137799263 0.00523356255143881 0.00340628251433372 0.00190157804172486 0.00348530802875757 0.00551009271293879 0.00412169704213738 0.00240179663524032 0.00270505785010755 0.0041780392639339 0.00365153420716524 0.00276752677746117 0.00287781958468258 0.00313621154054999 0.0029663322493434 0.00306693161837757 0.00347115774638951 0.00344094471074641 0.00368365389294922 0.0040727062150836 0.00440601259469986 0.0055615846067667 0.00813779514282942 0.00957748387008905 0.0107334600761533
0.758566856384277 0.725550353527069 0.738592743873596 0.731692016124725 0.671690285205841 0.613796234130859 0.507483601570129 0.325157105922699 0.229807898402214 0.202997833490372 0.239854231476784 0.330536097288132 0.284779340028763 0.367179453372955 0.337514907121658 0.361499547958374 0.625742733478546 0.515943825244904 0.300069391727448 0.155679762363434 0.0706847831606865 0.0662558600306511 0.0918302983045578 0.155716210603714 0.285389691591263 0.186593294143677 0.274308919906616 0.155468672513962 0.0664624273777008 0.00571717834100127 0.00378257152624428 0.00164685247000307 0.00301837315782905 0.00320473336614668 0.00367752625606954 0.00335621670819819 0.00404683826491237 0.00661519216373563 0.00503900507465005 0.00415121531113982 0.0035774284042418 0.00369260529987514 0.00327214482240379 0.00334229879081249 0.00376801379024982 0.00383268762379885 0.00407420890405774 0.00364913768135011 0.00411864556372166 0.00577155081555247 0.00741151999682188 0.00915125478059053 0.00959931593388319
-3.4e+38 0.902726173400879 0.903041243553162 0.789364993572235 0.788135707378387 0.730097472667694 0.589973390102386 0.461133778095245 0.343116462230682 0.355165392160416 0.484406709671021 0.635232210159302 0.495244920253754 0.494585812091827 0.517989158630371 0.501524329185486 0.733937799930573 0.70690655708313 0.579340875148773 0.269229739904404 0.108000375330448 0.121071375906467 0.236771211028099 0.287089556455612 0.457508951425552 0.31297767162323 0.224779412150383 0.123700842261314 0.0701443925499916 0.0603368915617466 0.0578538216650486 0.00456143543124199 0.00446879724040627 0.00459635909646749 0.0490270629525185 0.00399420084431767 0.00410614022985101 0.0456389747560024 0.0514577105641365 0.00515263061970472 0.00437146658077836 0.00415475619956851 0.00349858589470387 0.00299032707698643 0.0040465840138495 0.00406100787222385 0.00445559434592724 0.00438114302232862 0.00382879353128374 0.0044490066356957 0.00519268959760666 0.00794228725135326 0.00785565376281738
-3.4e+38 -3.4e+38 -3.4e+38 -3.4e+38 0.916376769542694 0.923645257949829 0.753680527210236 0.592326998710632 0.527811527252197 0.51481831073761 0.648957490921021 0.54989767074585 0.508743584156036 0.507895112037659 0.64122200012207 0.69152444601059 0.780852198600769 0.795295417308807 0.689692914485931 0.472710520029068 0.277503460645676 0.246413305401802 0.283367812633514 0.590781629085541 0.574808835983276 0.265499442815781 0.135102078318596 0.0932643339037895 0.0900138467550278 0.133581534028053 0.0959885492920876 0.0890299305319786 0.061926580965519 0.0751304402947426 0.0986652374267578 0.0480855777859688 0.00373075995594263 0.0501308813691139 0.0550838522613049 0.0370303019881248 0.00379037274979055 0.003804114414379 0.00363639113493264 0.00312654324807227 0.00345295178703964 0.00508681545034051 0.00540961371734738 0.00502728950232267 0.00382088986225426 0.0037971546407789 0.00472104782238603 0.00509776035323739 0.00683185970410705
-3.4e+38 -3.4e+38 -3.4e+38 -3.4e+38 -3.4e+38 0.934406816959381 0.63873291015625 0.737617373466492 0.738764941692352 0.706671178340912 0.754549443721771 0.660540461540222 0.674623608589172 0.60884815454483 0.733033537864685 0.760750234127045 0.643768727779388 0.4813052713871 0.476475358009338 0.507862389087677 0.443799406290054 0.453903526067734 0.474071025848389 0.808727979660034 0.664655387401581 0.645678520202637 0.297639697790146 0.240622997283936 0.198234632611275 0.200127333402634 0.187964111566544 0.178351134061813 0.119900196790695 0.129807382822037 0.120894983410835 0.0644943043589592 0.0665024593472481 0.073190413415432 0.0630223080515862 0.0375432632863522 0.0060611255466938 0.00537135452032089 0.00422479398548603 0.00353687792085111 0.00348699884489179 0.00539929186925292 0.00567464716732502 0.00423113070428371 0.00339365028776228 0.00452433247119188 0.00376720726490021 0.00414704205468297 0.00708578294143081
-3.4e+38 -3.4e+38 -3.4e+38 -3.4e+38 -3.4e+38 -3.4e+38 0.953842461109161 0.666313111782074 0.736719012260437 0.82121741771698 0.735595762729645 0.805264115333557 0.80631959438324 0.792318940162659 0.833741962909698 0.798426449298859 0.749717831611633 0.600858747959137 0.508497059345245 0.57988440990448 0.557731926441193 0.688825488090515 0.724944829940796 0.816872000694275 0.734016895294189 0.808174967765808 0.733828723430634 0.400784403085709 0.378108501434326 0.292413264513016 0.288327276706696 0.221421554684639 0.20224218070507 0.192255467176437 0.156296014785767 0.004414654802531 0.0671335309743881 0.0775448158383369 0.0712807476520538 0.0647774487733841 0.0626612976193428 0.00889374688267708 0.00686093606054783 0.00387713080272079 0.00455488776788116 0.00647700158879161 0.00613216357305646 0.00692228600382805 0.00590762635692954 0.00644780602306128 0.00394194852560759 0.00525743421167135 0.00720996037125587
-3.4e+38 -3.4e+38 -3.4e+38 -3.4e+38 -3.4e+38 -3.4e+38 -3.4e+38 -3.4e+38 0.961285293102264 0.878511011600494 0.871011674404144 0.844098687171936 0.689518392086029 0.76824027299881 0.863542020320892 0.867730140686035 0.871323645114899 0.788937568664551 0.789397001266479 0.801796078681946 0.825923919677734 0.825160384178162 0.864155232906342 0.873103559017181 0.504177093505859 0.840878486633301 0.736609220504761 0.599152624607086 0.475367099046707 0.39009815454483 0.391749948263168 0.292200595140457 0.304961651563644 0.278651416301727 0.174397990107536 0.00549536244943738 0.0631403475999832 0.0999072343111038 0.082033097743988 0.0536930896341801 0.00451144250109792 0.00846888497471809 0.00628446508198977 0.00441063800826669 0.00833748374134302 0.00926909223198891 0.00535268662497401 0.00469293305650353 0.00657211523503065 0.0039326217956841 0.00411028135567904 0.00663887010887265 0.00706555740907788
-3.4e+38 -3.4e+38 -3.4e+38 -3.4e+38 -3.4e+38 -3.4e+38 -3.4e+38 -3.4e+38 -3.4e+38 -3.4e+38 -3.4e+38 0.885150790214539 0.864278137683868 0.864971578121185 0.836127877235413 0.722078859806061 0.726338744163513 0.787384688854218 0.858209431171417 0.882370948791504 0.877167344093323 0.870825052261353 0.729661166667938 0.717141330242157 0.857314765453339 0.781359374523163 0.788388133049011 0.763791561126709 0.688243985176086 0.589839160442352 0.425071179866791 0.396324247121811 0.405445545911789 0.34448778629303 0.273808747529984 0.237656578421593 0.155408635735512 0.0757888481020927 0.0538010336458683 0.00566294509917498 0.0557258017361164 0.0072367126122117 0.00707847904413939 0.00598286837339401 0.00738938711583614 0.00917164888232946 0.00497270189225674 0.00489048333838582 0.00611015688627958 0.00401670951396227 0.00456978194415569 0.00609945366159081 0.00743475090712309
-3.4e+38 -3.4e+38 -3.4e+38 -3.4e+38 -3.4e+38 -3.4e+38 -3.4e+38 -3.4e+38 -3.4e+38 -3.4e+38 -3.4e+38 -3.4e+38 -3.4e+38 -3.4e+38 0.567768573760986 0.535839855670929 0.530214011669159 0.735515892505646 0.71582955121994 0.72623735666275 0.722960710525513 0.724097907543182 0.832381844520569 0.81644082069397 0.813007771968842 0.807518482208252 0.808194279670715 0.854263961315155 0.825269877910614 0.706313788890839 0.635022580623627 0.557076930999756 0.39234858751297 0.397948563098907 0.425759106874466 0.366302698850632 0.263963729143143 0.186569705605507 0.0699334964156151 0.0598181113600731 0.0638899207115173 0.0583654902875423 0.00623103184625506 0.0107869412750006 0.0106247756630182 0.0100872088223696 0.00621880311518908 0.00417615845799446 0.00532730622217059 0.00575113575905561 0.00592005532234907 0.00629991153255105 0.0057868086732924
-3.4e+38 -3.4e+38 -3.4e+38 -3.4e+38 -3.4e+38 -3.4e+38 -3.4e+38 -3.4e+38 -3.4e+38 -3.4e+38 -3.4e+38 -3.4e+38 -3.4e+38 -3.4e+38 -3.4e+38 -3.4e+38 0.563304603099823 0.556110680103302 0.546124696731567 0.522328197956085 0.474150121212006 0.455288499593735 0.708102107048035 0.707105338573456 0.816506803035736 0.817700505256653 0.743399381637573 0.72630649805069 0.764113187789917 0.809667527675629 0.863497734069824 0.705035448074341 0.503711402416229 0.436422288417816 0.449083536863327 0.430846333503723 0.32536506652832 0.217023938894272 0.0919582843780518 0.00564989447593689 0.00545680895447731 0.00585005106404424 0.00440492900088429 0.0850220769643784 0.144624829292297 0.0891669318079948 0.00626514572650194 0.00421152217313647 0.00582563690841198 0.0063107623718679 0.00546399177983403 0.00500026298686862 0.00690095545724034
-3.4e+38 -3.4e+38 -3.4e+38 -3.4e+38 -3.4e+38 -3.4e+38 -3.4e+38 -3.4e+38 -3.4e+38 -3.4e+38 -3.4e+38 -3.4e+38 -3.4e+38 -3.4e+38 -3.4e+38 -3.4e+38 -3.4e+38 0.577872216701508 0.759730696678162 0.766862750053406 0.755426645278931 0.749980747699738 0.497013002634048 0.46270889043808 0.458375304937363 0.425294607877731 0.767135381698608 0.738483309745789 0.763384938240051 0.74650764465332 0.804942429065704 0.719397902488708 0.576478481292725 0.462988823652267 0.421592503786087 0.427193433046341 0.335974901914597 0.25118488073349 0.16470867395401 0.106269046664238 0.0550233349204063 0.0605930164456367 0.00569597911089659 0.0670284330844879 0.149451524019241 0.0711730346083641 0.0667206048965454 0.00754854688420892 0.00640372419729829 0.00707878824323416 0.00601182598620653 0.0037103455979377 0.00511149037629366
-3.4e+38 -3.4e+38 -3.4e+38 -3.4e+38 -3.4e+38 -3.4e+38 -3.4e+38 -3.4e+38 -3.4e+38 -3.4e+38 -3.4e+38 -3.4e+38 -3.4e+38 -3.4e+38 -3.4e+38 -3.4e+38 -3.4e+38 -3.4e+38 -3.4e+38 -3.4e+38 0.770183265209198 0.760614216327667 0.768192291259766 0.737413227558136 0.727541625499725 0.716472685337067 0.699872076511383 0.4168581366539 0.795258760452271 0.762902915477753 0.733588874340057 0.850626468658447 0.679742693901062 0.468852460384369 0.459694594144821 0.387866765260696 0.310598760843277 0.2386334836483 0.221442013978958 0.22411347925663 0.164875611662865 0.235384568572044 0.164588183164597 0.0599569082260132 0.216195970773697 0.102808453142643 0.00646735168993473 0.00421002320945263 0.00638303300365806 0.00679874606430531 0.00637097982689738 0.00365785672329366 0.00346043519675732
-3.4e+38 -3.4e+38 -3.4e+38 -3.4e+38 -3.4e+38 -3.4e+38 -3.4e+38 -3.4e+38 -3.4e+38 -3.4e+38 -3.4e+38 -3.4e+38 -3.4e+38 -3.4e+38 -3.4e+38 -3.4e+38 -3.4e+38 -3.4e+38 -3.4e+38 -3.4e+38 -3.4e+38 -3.4e+38 -3.4e+38 0.906496703624725 0.893177568912506 0.876000225543976 0.439533531665802 0.406420141458511 0.385071694850922 0.636859834194183 0.742042064666748 0.712297379970551 0.811684429645538 0.643447041511536 0.490458518266678 0.426172256469727 0.436486661434174 0.400639981031418 0.312641054391861 0.321823179721832 0.327904611825943 0.317430168390274 0.311928898096085 0.247548177838326 0.274804025888443 0.146503806114197 0.0525248162448406 0.00432012695819139 0.00673910323530436 0.00670910766348243 0.00570104597136378 0.00559782003983855 0.00493081193417311
-3.4e+38 -3.4e+38 -3.4e+38 -3.4e+38 -3.4e+38 -3.4e+38 -3.4e+38 -3.4e+38 -3.4e+38 -3.4e+38 -3.4e+38 -3.4e+38 -3.4e+38 -3.4e+38 -3.4e+38 -3.4e+38 -3.4e+38 -3.4e+38 -3.4e+38 -3.4e+38 -3.4e+38 -3.4e+38 -3.4e+38 -3.4e+38 -3.4e+38 0.92936909198761 0.87894195318222 0.443192660808563 0.395584523677826 0.624185502529144 0.614574730396271 0.733509480953217 0.797848999500275 0.841247737407684 0.663967192173004 0.532795071601868 0.462926536798477 0.443461358547211 0.423558801412582 0.428866803646088 0.440111100673676 0.33556079864502 0.327943861484528 0.319212287664413 0.263278841972351 0.178165584802628 0.0640365704894066 0.00513731315732002 0.00582347717136145 0.00461653852835298 0.00444149691611528 0.00507825519889593 0.00493172416463494
-3.4e+38 -3.4e+38 -3.4e+38 -3.4e+38 -3.4e+38 -3.4e+38 -3.4e+38 -3.4e+38 -3.4e+38 -3.4e+38 -3.4e+38 -3.4e+38 -3.4e+38 -3.4e+38 -3.4e+38 -3.4e+38 -3.4e+38 -3.4e+38 -3.4e+38 -3.4e+38 -3.4e+38 -3.4e+38 -3.4e+38 -3.4e+38 -3.4e+38 -3.4e+38 0.995624363422394 0.848913550376892 0.454095274209976 0.645261228084564 0.636161386966705 0.631545662879944 0.736987233161926 0.829786658287048 0.873965561389923 0.700973153114319 0.633643686771393 0.542569279670715 0.454421550035477 0.460278391838074 0.448252856731415 0.369327127933502 0.391896158456802 0.265274196863174 0.125815197825432 0.0831606388092041 0.0532065406441689 0.0396528653800488 0.00518094515427947 0.00575986551120877 0.00588867673650384 0.00489723635837436 0.00494536897167563
-3.4e+38 -3.4e+38 -3.4e+38 -3.4e+38 -3.4e+38 -3.4e+38 -3.4e+38 -3.4e+38 -3.4e+38 -3.4e+38 -3.4e+38 -3.4e+38 -3.4e+38 -3.4e+38 -3.4e+38 -3.4e+38 -3.4e+38 -3.4e+38 -3.4e+38 -3.4e+38 -3.4e+38 -3.4e+38 -3.4e+38 -3.4e+38 -3.4e+38 -3.4e+38 -3.4e+38 0.890561759471893 0.995095610618591 0.84868198633194 0.671834290027618 0.642289817333221 0.629946649074554 0.866810083389282 0.867955505847931 0.883591055870056 0.841267883777618 0.663082957267761 0.598090529441833 0.527910470962524 0.44410315155983 0.382180273532867 0.376210331916809 0.248646840453148 0.157099023461342 0.0950942561030388 0.0505024716258049 0.0394407957792282 0.00515361502766609 0.00537261925637722 0.00572485011070967 0.00494532706215978 0.00324564054608345
-3.4e+38 -3.4e+38 -3.4e+38 -3.4e+38 -3.4e+38 -3.4e+38 -3.4e+38 -3.4e+38 -3.4e+38 -3.4e+38 -3.4e+38 -3.4e+38 -3.4e+38 -3.4e+38 -3.4e+38 -3.4e+38 -3.4e+38 -3.4e+38 -3.4e+38 -3.4e+38 -3.4e+38 -3.4e+38 -3.4e+38 -3.4e+38 -3.4e+38 -3.4e+38 -3.4e+38 -3.4e+38 0.896315515041351 0.888858616352081 0.858895063400269 0.861571848392487 0.848500549793243 0.939542651176453 0.874764978885651 0.855734646320343 0.867456555366516 0.797312438488007 0.576432108879089 0.535685360431671 0.44799280166626 0.447324305772781 0.398856371641159 0.383099913597107 0.217301875352859 0.137935191392899 0.0775152593851089 0.00534309260547161 0.00385269778780639 0.00421403907239437 0.00590206868946552 0.00446742447093129 0.00347794685512781
-3.4e+38 -3.4e+38 -3.4e+38 -3.4e+38 -3.4e+38 -3.4e+38 -3.4e+38 -3.4e+38 -3.4e+38 -3.4e+38 -3.4e+38 -3.4e+38 -3.4e+38 -3.4e+38 -3.4e+38 -3.4e+38 -3.4e+38 -3.4e+38 -3.4e+38 -3.4e+38 -3.4e+38 -3.4e+38 -3.4e+38 -3.4e+38 -3.4e+38 -3.4e+38 -3.4e+38 -3.4e+38 -3.4e+38 -3.4e+38 0.986716032028198 0.986311733722687 0.981131494045258 0.941069602966309 0.885041952133179 0.848057270050049 0.833099484443665 0.849846124649048 0.803656458854675 0.609967708587646 0.585186660289764 0.534173846244812 0.446416139602661 0.430345982313156 0.356456279754639 0.194324314594269 0.117976099252701 0.0580371282994747 0.00530404364690185 0.00823666248470545 0.00893139932304621 0.00437767570838332 0.00488210236653686
-3.4e+38 -3.4e+38 -3.4e+38 -3.4e+38 -3.4e+38 -3.4e+38 -3.4e+38 -3.4e+38 -3.4e+38 -3.4e+38 -3.4e+38 -3.4e+38 -3.4e+38 -3.4e+38 -3.4e+38 -3.4e+38 -3.4e+38 -3.4e+38 -3.4e+38 -3.4e+38 -3.4e+38 -3.4e+38 -3.4e+38 -3.4e+38 -3.4e+38 -3.4e+38 -3.4e+38 -3.4e+38 -3.4e+38 -3.4e+38 -3.4e+38 0.985071182250977 0.981720149517059 0.850327014923096 0.989219844341278 0.874908208847046 0.839037477970123 0.876886606216431 0.827593982219696 0.797880113124847 0.758771479129791 0.696292579174042 0.667033910751343 0.477209061384201 0.381266593933105 0.290041893720627 0.152037784457207 0.0985921621322632 0.0828635767102242 0.0935999006032944 0.0892073810100555 0.0108565473929048 0.00701590022072196
-3.4e+38 -3.4e+38 -3.4e+38 -3.4e+38 -3.4e+38 -3.4e+38 -3.4e+38 -3.4e+38 -3.4e+38 -3.4e+38 -3.4e+38 -3.4e+38 -3.4e+38 -3.4e+38 -3.4e+38 -3.4e+38 -3.4e+38 -3.4e+38 -3.4e+38 -3.4e+38 -3.4e+38 -3.4e+38 -3.4e+38 -3.4e+38 -3.4e+38 -3.4e+38 -3.4e+38 -3.4e+38 -3.4e+38 -3.4e+38 -3.4e+38 -3.4e+38 -3.4e+38 -3.4e+38 -3.4e+38 0.821211814880371 0.921876132488251 0.81145304441452 0.852984011173248 0.822304725646973 0.814121305942535 0.73219245672226 0.732002258300781 0.532918989658356 0.425655871629715 0.386382967233658 0.318854063749313 0.2717564702034 0.171244159340858 0.142877489328384 0.108264893293381 0.156839221715927 0.0899574384093285
-3.4e+38 -3.4e+38 -3.4e+38 -3.4e+38 -3.4e+38 -3.4e+38 -3.4e+38 -3.4e+38 -3.4e+38 -3.4e+38 -3.4e+38 -3.4e+38 -3.4e+38 -3.4e+38 -3.4e+38 -3.4e+38 -3.4e+38 -3.4e+38 -3.4e+38 -3.4e+38 -3.4e+38 -3.4e+38 -3.4e+38 -3.4e+38 -3.4e+38 -3.4e+38 -3.4e+38 -3.4e+38 -3.4e+38 -3.4e+38 -3.4e+38 -3.4e+38 -3.4e+38 -3.4e+38 -3.4e+38 -3.4e+38 0.809038519859314 0.840344905853271 0.865108013153076 0.844651460647583 0.779915809631348 0.800444304943085 0.745424628257751 0.761886298656464 0.735688447952271 0.489225208759308 0.4031021296978 0.381529897451401 0.35336172580719 0.29107466340065 0.247368037700653 0.182868152856827 0.125367790460587
-3.4e+38 -3.4e+38 -3.4e+38 -3.4e+38 -3.4e+38 -3.4e+38 -3.4e+38 -3.4e+38 -3.4e+38 -3.4e+38 -3.4e+38 -3.4e+38 -3.4e+38 -3.4e+38 -3.4e+38 -3.4e+38 -3.4e+38 -3.4e+38 -3.4e+38 -3.4e+38 -3.4e+38 -3.4e+38 -3.4e+38 -3.4e+38 -3.4e+38 -3.4e+38 -3.4e+38 -3.4e+38 -3.4e+38 -3.4e+38 -3.4e+38 -3.4e+38 -3.4e+38 -3.4e+38 -3.4e+38 -3.4e+38 -3.4e+38 0.991527259349823 0.800640046596527 0.788523018360138 0.784354031085968 0.824673056602478 0.818831622600555 0.804100573062897 0.787993311882019 0.749056398868561 0.741933047771454 0.720692753791809 0.403389424085617 0.333089351654053 0.312956839799881 0.298828154802322 0.177519083023071
-3.4e+38 -3.4e+38 -3.4e+38 -3.4e+38 -3.4e+38 -3.4e+38 -3.4e+38 -3.4e+38 -3.4e+38 -3.4e+38 -3.4e+38 -3.4e+38 -3.4e+38 -3.4e+38 -3.4e+38 -3.4e+38 -3.4e+38 -3.4e+38 -3.4e+38 -3.4e+38 -3.4e+38 -3.4e+38 -3.4e+38 -3.4e+38 -3.4e+38 -3.4e+38 -3.4e+38 -3.4e+38 -3.4e+38 -3.4e+38 -3.4e+38 -3.4e+38 -3.4e+38 -3.4e+38 -3.4e+38 -3.4e+38 -3.4e+38 0.992899179458618 0.587833344936371 0.73348081111908 0.539043843746185 0.719937443733215 0.691163599491119 0.751195251941681 0.739382147789001 0.71526300907135 0.759201765060425 0.742907822132111 0.454466134309769 0.429607331752777 0.309033542871475 0.281288832426071 0.136943459510803
