data/climate_estimation/maxent_output/Alstroemeria_foliosa.asc
NCOLS 165 
NROWS 166 
XLLCORNER -56.8333333333333 
YLLCORNER -24.3333333333333 
CELLSIZE 0.0833333333333333 
NODATA_value -3.4e+38 
[rows 76 to 94 of 166, columns 44 to 87 of 165]
0.337887823581696 0.329898059368134 0.310312449932098 0.307972818613052 0.297917753458023 0.297687292098999 0.263329863548279 0.262584388256073 0.224509209394455 0.17632731795311 0.182732358574867 0.162863969802856 0.141622543334961 0.126749038696289 0.126656889915466 0.0939182564616203 0.0741309896111488 0.0761197581887245 0.0724757760763168 0.0558362454175949 0.0397182293236256 0.0402080044150352 0.0321682058274746 0.0268562436103821 0.0284862406551838 0.0424447432160378 0.0378554649651051 0.0238305907696486 0.021041302010417 0.0172294341027737 0.0252436008304358 0.0264722555875778 0.0300200246274471 0.0217729825526476 0.0187719892710447 0.0214094631373882 0.0238513257354498 0.0212211180478334 0.0231450367718935 0.0248808562755585 0.0250991471111774 0.0262075010687113 0.0298935659229755 0.0410274900496006
0.330634593963623 0.297188550233841 0.305768460035324 0.294421821832657 0.271319091320038 0.263021022081375 0.276027262210846 0.260239094495773 0.218960076570511 0.20133949816227 0.205086544156075 0.149612292647362 0.144110590219498 0.117094174027443 0.116922698915005 0.0922653749585152 0.0719380378723145 0.0764889717102051 0.0658367574214935 0.0515688024461269 0.0373160056769848 0.0426065512001514 0.0359807685017586 0.0267292354255915 0.0304777696728706 0.0427736975252628 0.0439515896141529 0.0395983569324017 0.0305914841592312 0.0225334875285625 0.0221976060420275 0.0247261803597212 0.0266444645822048 0.0211683362722397 0.0186812076717615 0.0238103959709406 0.0227216966450214 0.021208668127656 0.023371048271656 0.0241329912096262 0.0240963157266378 0.0254720896482468 0.0433415211737156 0.0429527498781681
0.30072295665741 0.266893059015274 0.28573352098465 0.280220329761505 0.258416652679443 0.285585016012192 0.250708013772964 0.253752648830414 0.250882923603058 0.192456752061844 0.199045211076736 0.181684911251068 0.136960938572884 0.147291287779808 0.145495027303696 0.0937555283308029 0.0738422498106956 0.080556645989418 0.0618107467889786 0.0543336793780327 0.0488349944353104 0.0439339019358158 0.0335789397358894 0.0294547230005264 0.0340853407979012 0.0409634485840797 0.0379601009190083 0.037715632468462 0.0319073684513569 0.0295319184660912 0.0221369992941618 0.0293196346610785 0.0300543792545795 0.0207401998341084 0.0187997985631227 0.0293128751218319 0.0226718001067638 0.0203202683478594 0.0225263405591249 0.0240167658776045 0.0262162573635578 0.027152432128787 0.0372419431805611 0.0397280901670456
0.348451197147369 0.310286790132523 0.280957818031311 0.277544230222702 0.254337936639786 0.240963995456696 0.278945446014404 0.237494111061096 0.237643525004387 0.233892247080803 0.211704984307289 0.169763118028641 0.172848254442215 0.175538435578346 0.169633999466896 0.116129457950592 0.0788792371749878 0.077754482626915 0.071647509932518 0.0574694946408272 0.0500807948410511 0.0383926145732403 0.0376398041844368 0.0602279603481293 0.0461611188948154 0.0462605394423008 0.0343842133879662 0.0359953604638577 0.0376048013567924 0.0296766236424446 0.0254149250686169 0.0274614803493023 0.029018584638834 0.0254978481680155 0.0196743831038475 0.0268163401633501 0.0203438196331263 0.0214548353105783 0.0258030779659748 0.0310716032981873 0.0317512378096581 0.0299790538847446 0.0314574688673019 0.04070945084095
0.383023291826248 0.421445339918137 0.396348029375076 0.397409588098526 0.310331255197525 0.246723413467407 0.288896709680557 0.297319024801254 0.312801837921143 0.291174024343491 0.259488046169281 0.197904601693153 0.213865399360657 0.200632303953171 0.166401520371437 0.138953164219856 0.134920865297318 0.125696018338203 0.128940999507904 0.112616084516048 0.096349261701107 0.0653398931026459 0.0721071287989616 0.0717596635222435 0.0555389672517776 0.0541021674871445 0.0455993302166462 0.0428657457232475 0.0345564745366573 0.0296887643635273 0.0245826002210379 0.0247414316982031 0.0266871005296707 0.0259036030620337 0.0210761781781912 0.0216556712985039 0.0229983888566494 0.0249000787734985 0.0272070709615946 0.0353123731911182 0.0318693518638611 0.0287958141416311 0.0282507874071598 0.034552413970232
0.349512666463852 0.393506079912186 0.461184918880463 0.475236117839813 0.310415685176849 0.382616281509399 0.370932191610336 0.482082545757294 0.547768414020538 0.517951548099518 0.3633893430233 0.323189109563828 0.247178331017494 0.214493498206139 0.171008497476578 0.175154507160187 0.164515674114227 0.210282802581787 0.195442676544189 0.133685365319252 0.11568608880043 0.0823277086019516 0.0732675269246101 0.0654547065496445 0.0611571483314037 0.0488165579736233 0.046830590814352 0.0420121066272259 0.0396551862359047 0.0279531832784414 0.0300764925777912 0.0289986431598663 0.0260413009673357 0.0316880978643894 0.0228121969848871 0.0210667513310909 0.0220153462141752 0.0235808286815882 0.0252689048647881 0.0302945580333471 0.0299918465316296 0.0285829212516546 0.0281593389809132 0.0299538094550371
0.391329795122147 0.384781062602997 0.413930326700211 0.464463770389557 0.517432928085327 0.529406726360321 0.558071076869965 0.587420642375946 0.601507961750031 0.555144727230072 0.509166896343231 0.39317911863327 0.299158036708832 0.21682958304882 0.247761189937592 0.257625699043274 0.231922432780266 0.19417068362236 0.187051519751549 0.156336605548859 0.130467548966408 0.0917264074087143 0.0889160186052322 0.0722897574305534 0.070237509906292 0.0598580650985241 0.0632424652576447 0.0556428954005241 0.054779015481472 0.0420888029038906 0.0277598407119513 0.0281964652240276 0.028088316321373 0.0273237191140652 0.0282610356807709 0.0225274916738272 0.0217683743685484 0.0226597506552935 0.0239490177482367 0.0262406766414642 0.0267765503376722 0.0283714886754751 0.0276426877826452 0.041561521589756
0.365962296724319 0.356610178947449 0.363292127847672 0.470752418041229 0.527392983436584 0.509881734848022 0.518807351589203 0.572244107723236 0.527219712734222 0.522653639316559 0.493053942918777 0.424185872077942 0.351899474859238 0.238364040851593 0.29126113653183 0.237747579813004 0.208647966384888 0.202619642019272 0.188116282224655 0.159496083855629 0.141705960035324 0.13501088321209 0.107182800769806 0.0942894965410233 0.0903392359614372 0.0776545181870461 0.0660284236073494 0.067615732550621 0.0537252202630043 0.04821452870965 0.0385417677462101 0.0329277962446213 0.0284369606524706 0.0267169382423162 0.0252593383193016 0.0237996131181717 0.0257480945438147 0.0211653877049685 0.0270683597773314 0.0303607918322086 0.0316542945802212 0.0333922021090984 0.0261251851916313 0.0378568917512894
0.368387252092361 0.335532456636429 0.332139551639557 0.365449219942093 0.448674947023392 0.468642175197601 0.493697732686996 0.532358288764954 0.455045789480209 0.465942054986954 0.466062903404236 0.413823425769806 0.360984206199646 0.334633141756058 0.263061285018921 0.241203084588051 0.178522422909737 0.216595247387886 0.191554844379425 0.173419445753098 0.135651722550392 0.125493496656418 0.124426208436489 0.103775627911091 0.0947672426700592 0.0928034409880638 0.0744928121566772 0.0684807300567627 0.0704451724886894 0.0552790090441704 0.0436154454946518 0.0352863147854805 0.0352177023887634 0.0330206006765366 0.0252679605036974 0.0251847561448812 0.0257964320480824 0.0276986919343472 0.0280618220567703 0.0300240572541952 0.0300408769398928 0.0288275256752968 0.0305287409573793 0.0360007509589195
0.344906449317932 0.343704789876938 0.316350489854813 0.333355039358139 0.442272841930389 0.474725127220154 0.454433739185333 0.428710132837296 0.456816732883453 0.394557535648346 0.42207995057106 0.427502989768982 0.366276115179062 0.280904740095139 0.275012880563736 0.23468117415905 0.201446712017059 0.207626834511757 0.171620339155197 0.170323386788368 0.153474032878876 0.148315221071243 0.121257446706295 0.11954378336668 0.110381558537483 0.0990097895264626 0.0967125296592712 0.112939685583115 0.0853165090084076 0.0627216473221779 0.0444205366075039 0.0423982813954353 0.0347487516701221 0.0335837490856647 0.0326711721718311 0.0306886900216341 0.025393795222044 0.0264143999665976 0.0261229164898396 0.0279049091041088 0.028529429808259 0.029881689697504 0.0332364924252033 0.0545571148395538
0.404402196407318 0.398460865020752 0.323995262384415 0.31411138176918 0.385505527257919 0.408995419740677 0.407756149768829 0.381715506315231 0.405463010072708 0.359993696212769 0.359526634216309 0.413352906703949 0.356549769639969 0.292296648025513 0.240495085716248 0.220582246780396 0.19725376367569 0.21596759557724 0.204523548483849 0.1661027520895 0.158251866698265 0.153953924775124 0.146528169512749 0.128583967685699 0.103755377233028 0.116355806589127 0.135393381118774 0.111569955945015 0.0870457664132118 0.0800815671682358 0.0614861845970154 0.0457334779202938 0.0417521595954895 0.0414071641862392 0.0333238840103149 0.029970346018672 0.0324943698942661 0.0306709576398134 0.0283598676323891 0.0297955814749002 0.0410290993750095 0.034314651042223 0.0347893126308918 0.0585229992866516
0.366293251514435 0.374406844377518 0.395795941352844 0.347814649343491 0.350385338068008 0.384411782026291 0.384154200553894 0.362166047096252 0.354022145271301 0.333139657974243 0.326669871807098 0.395839661359787 0.3631831407547 0.292812287807465 0.258179932832718 0.212268754839897 0.19573412835598 0.215042322874069 0.206510841846466 0.191019967198372 0.16307458281517 0.145678162574768 0.140316843986511 0.144573777914047 0.130549028515816 0.154248744249344 0.139153882861137 0.127321153879166 0.116575345396996 0.0885867103934288 0.0808981209993362 0.060585867613554 0.0437590144574642 0.043544489890337 0.0381416119635105 0.0301167704164982 0.0314189791679382 0.0307647995650768 0.0355942286550999 0.0393119789659977 0.0658233314752579 0.0659520924091339 0.0589646622538567 0.0495566427707672
0.390629410743713 0.436164081096649 0.408525675535202 0.378412425518036 0.368576228618622 0.394052505493164 0.375615358352661 0.358176827430725 0.340565949678421 0.294656366109848 0.278221815824509 0.351817309856415 0.368841886520386 0.317421525716782 0.289917767047882 0.234151944518089 0.199734270572662 0.18964809179306 0.190980076789856 0.174311310052872 0.162722393870354 0.151139125227928 0.128523290157318 0.140596315264702 0.138789296150208 0.135129854083061 0.128223359584808 0.132845044136047 0.106551773846149 0.0952888056635857 0.0727133229374886 0.0557632707059383 0.0494406372308731 0.0418040491640568 0.0371149145066738 0.0369648970663548 0.0395336300134659 0.034993801265955 0.038259282708168 0.05651680752635 0.0586907230317593 0.0698727518320084 0.0596909746527672 0.0387244746088982
0.39599135518074 0.407002091407776 0.418313235044479 0.401590615510941 0.369962245225906 0.388128995895386 0.371017724275589 0.365182042121887 0.32995530962944 0.308170735836029 0.288803160190582 0.324317902326584 0.377815872430801 0.336546063423157 0.27592796087265 0.236036717891693 0.20582227408886 0.166030600667 0.17521445453167 0.1698949187994 0.154930159449577 0.141717940568924 0.145439565181732 0.126124694943428 0.154207214713097 0.146345987915993 0.148416817188263 0.125352248549461 0.127432838082314 0.109913043677807 0.0954801440238953 0.0711304023861885 0.0537198558449745 0.0488930009305477 0.0370153710246086 0.0372250452637672 0.0406709052622318 0.0422924011945724 0.0502333417534828 0.0525145195424557 0.0559992343187332 0.0533252693712711 0.054290559142828 0.0382991544902325
0.438200175762177 0.40226823091507 0.408747911453247 0.396972626447678 0.373864680528641 0.382737457752228 0.365134537220001 0.340583562850952 0.303978353738785 0.287454456090927 0.267145425081253 0.263733595609665 0.333821326494217 0.317884981632233 0.280260682106018 0.247324272990227 0.215573519468307 0.180940851569176 0.165768086910248 0.165459275245667 0.14971724152565 0.139800816774368 0.145059376955032 0.142289713025093 0.1488186866045 0.187796980142593 0.165718272328377 0.173376023769379 0.137347400188446 0.125429168343544 0.0899641215801239 0.0872065201401711 0.0639964714646339 0.0514688193798065 0.0450060442090034 0.0369731336832047 0.0389308780431747 0.0435378514230251 0.0466669164597988 0.0485441870987415 0.0550675243139267 0.059605784714222 0.0708979070186615 0.0336505770683289
0.417639642953873 0.427405327558517 0.420282036066055 0.415695488452911 0.386996060609818 0.390913993120193 0.392191648483276 0.330219894647598 0.298610597848892 0.2801713347435 0.257051706314087 0.247919619083405 0.220217376947403 0.304015159606934 0.310721635818481 0.271223276853561 0.238694325089455 0.207096591591835 0.171928510069847 0.159268438816071 0.147584840655327 0.144963219761848 0.142551511526108 0.145087718963623 0.132574900984764 0.173960283398628 0.199703350663185 0.184699043631554 0.206624493002892 0.156642064452171 0.122792690992355 0.105049304664135 0.0966622829437256 0.0682816952466965 0.0513821765780449 0.0450060442090034 0.0394131988286972 0.039413295686245 0.0445178858935833 0.0516093708574772 0.0574775822460651 0.060266237705946 0.0657070577144623 0.0330675467848778
0.424370914697647 0.415706962347031 0.408480882644653 0.406715989112854 0.409220218658447 0.38375261425972 0.35931596159935 0.311389148235321 0.285658001899719 0.28441521525383 0.280330449342728 0.270242393016815 0.25533327460289 0.263925909996033 0.322543859481812 0.262742161750793 0.222310662269592 0.21449488401413 0.195860043168068 0.162322089076042 0.145520955324173 0.147270008921623 0.144741877913475 0.143883228302002 0.141753628849983 0.170401707291603 0.200618356466293 0.153434157371521 0.203827619552612 0.14735135436058 0.133261054754257 0.100152365863323 0.0989800095558167 0.0729681476950645 0.0630922615528107 0.047252468764782 0.0463119745254517 0.0537088960409164 0.0652002617716789 0.0574557222425938 0.0594998486340046 0.0617932416498661 0.0406876653432846 0.0261692497879267
0.410552203655243 0.405516088008881 0.400504291057587 0.391700029373169 0.404553413391113 0.396412014961243 0.364573299884796 0.3399797976017 0.320385843515396 0.265121787786484 0.262976318597794 0.253362327814102 0.23773767054081 0.234135136008263 0.263193190097809 0.268322557210922 0.217115968465805 0.20365683734417 0.184092536568642 0.181650415062904 0.168151915073395 0.145770683884621 0.143389135599136 0.138844862580299 0.144202381372452 0.177114024758339 0.18322865664959 0.14741487801075 0.156479701399803 0.164074003696442 0.143520161509514 0.129329741001129 0.0994300246238708 0.0926031246781349 0.0702664032578468 0.0591449290513992 0.0497302375733852 0.056269247084856 0.05476313829422 0.0501515604555607 0.0589543208479881 0.0604596734046936 0.031101793050766 0.0272052027285099
0.357789129018784 0.394105076789856 0.407424122095108 0.397765517234802 0.400691449642181 0.373440563678741 0.370282113552094 0.352804630994797 0.307339370250702 0.26780241727829 0.270676553249359 0.271981686353683 0.259457677602768 0.224857836961746 0.211440712213516 0.244274511933327 0.215861886739731 0.212121292948723 0.183866456151009 0.16325780749321 0.170819491147995 0.166022256016731 0.151445686817169 0.144558623433113 0.156926557421684 0.168752491474152 0.180237710475922 0.146390900015831 0.138999730348587 0.127164050936699 0.133704885840416 0.107063286006451 0.117346458137035 0.0847631543874741 0.0945495590567589 0.0681327357888222 0.0515756718814373 0.0496022179722786 0.0542665310204029 0.0622046627104282 0.056868638843298 0.0566680729389191 0.0313963480293751 0.0267183911055326
