data/climate_estimation/maxent_output/Alstroemeria_brasiliensis.asc
NCOLS 202 
NROWS 153 
XLLCORNER -57.0833333333333 
YLLCORNER -23.25 
CELLSIZE 0.0833333333333333 
NODATA_value -3.4e+38 
[rows 40 to 59 of 153, columns 132 to 175 of 202]
0.83577024936676 0.832032680511475 0.830852746963501 0.824708819389343 0.818953931331635 0.811398446559906 0.807450652122498 0.800724983215332 0.795935750007629 0.787284255027771 0.791880667209625 0.78368467092514 0.768819332122803 0.7627312541008 0.758200347423553 0.756059408187866 0.761946737766266 0.758480846881866 0.76116144657135 0.76681387424469 0.772619307041168 0.773156523704529 0.776306569576263 0.778116881847382 0.773130595684052 0.771280944347382 0.769689798355103 0.765994250774384 0.762280344963074 0.767316222190857 0.771280944347382 0.763608813285828 0.765477895736694 0.763288915157318 0.760895133018494 0.757424652576447 0.750966131687164 0.749603927135468 0.745545506477356 0.749617338180542 0.743032813072205 0.74297708272934 0.745692133903503 0.739709079265594
0.830816447734833 0.825621604919434 0.823542475700378 0.820168733596802 0.818953931331635 0.815798878669739 0.809188663959503 0.791893303394318 0.789586961269379 0.789829611778259 0.772749841213226 0.773535907268524 0.765900671482086 0.764032602310181 0.752286195755005 0.754986822605133 0.756314039230347 0.752837657928467 0.75258195400238 0.753939568996429 0.757705390453339 0.768938660621643 0.765239298343658 0.763369619846344 0.759896695613861 0.764683067798615 0.759883522987366 0.764404773712158 0.762027621269226 0.764948129653931 0.760150194168091 0.75802755355835 0.758829176425934 0.753133237361908 0.756099224090576 0.752326190471649 0.743101954460144 0.737923324108124 0.739015758037567 0.745545506477356 0.744620501995087 0.733002007007599 0.733825266361237 0.726118147373199
0.81718921661377 0.820371627807617 0.818675518035889 0.816972851753235 0.817034423351288 0.805991053581238 0.801999628543854 0.795948266983032 0.787027835845947 0.781889855861664 0.777205288410187 0.768806278705597 0.763767242431641 0.754973530769348 0.756046116352081 0.756382167339325 0.753161668777466 0.748239696025848 0.749333918094635 0.749887228012085 0.7544766664505 0.757773458957672 0.759909927845001 0.756703078746796 0.75749272108078 0.760683238506317 0.756140828132629 0.75533664226532 0.75749272108078 0.756154119968414 0.754800081253052 0.754007875919342 0.750765144824982 0.749630689620972 0.74557238817215 0.748536825180054 0.736542582511902 0.733802914619446 0.727999925613403 0.734351396560669 0.731479942798615 0.725232779979706 0.722452223300934 0.724473714828491
0.819131970405579 0.80715137720108 0.817238748073578 0.809900403022766 0.807424545288086 0.800698518753052 0.799496948719025 0.792414367198944 0.786527395248413 0.784728050231934 0.774856984615326 0.765371143817902 0.76510626077652 0.761920392513275 0.753066599369049 0.752866089344025 0.743674218654633 0.741225957870483 0.738442599773407 0.743917167186737 0.750225722789764 0.744284749031067 0.748619019985199 0.749955892562866 0.751034677028656 0.749402642250061 0.755859553813934 0.75104808807373 0.747781038284302 0.750508844852448 0.752112150192261 0.746711790561676 0.746711790561676 0.743986248970032 0.748335301876068 0.743986248970032 0.73687219619751 0.733859062194824 0.735503673553467 0.723580062389374 0.726507365703583 0.719943106174469 0.723573446273804 0.714186906814575
0.805863440036774 0.809136629104614 0.803418159484863 0.804464042186737 0.805456936359406 0.795163452625275 0.790580570697784 0.787756979465485 0.777932941913605 0.779285788536072 0.777218222618103 0.760787725448608 0.757049202919006 0.757652342319489 0.75368595123291 0.746102809906006 0.744475483894348 0.736557960510254 0.733501315116882 0.738169491291046 0.739344596862793 0.738525629043579 0.740176439285278 0.742640793323517 0.742613792419434 0.743701159954071 0.746358573436737 0.729680478572845 0.739371657371521 0.741538763046265 0.740189909934998 0.744257807731628 0.741538763046265 0.742627263069153 0.742069661617279 0.731662452220917 0.726428329944611 0.733571112155914 0.720297873020172 0.718354225158691 0.721364200115204 0.727278828620911 0.719736158847809 0.722663581371307
0.816705226898193 0.810365676879883 0.802171766757965 0.794883787631989 0.802971005439758 0.792120695114136 0.78650027513504 0.781319439411163 0.780542492866516 0.772709131240845 0.763195037841797 0.766178369522095 0.755523264408112 0.747144162654877 0.748483240604401 0.743876755237579 0.738211870193481 0.735750377178192 0.728621363639832 0.730823934078217 0.734955728054047 0.737159252166748 0.734421133995056 0.736051261425018 0.737145721912384 0.736255347728729 0.740366160869598 0.728013634681702 0.724700272083282 0.732239246368408 0.739358127117157 0.737733125686646 0.740449011325836 0.735517203807831 0.737432658672333 0.746969163417816 0.738512098789215 0.729434192180634 0.723913431167603 0.720852673053741 0.719116926193237 0.725182831287384 0.719529151916504 0.725762844085693
0.815250039100647 0.807163596153259 0.801184833049774 0.797143638134003 0.793845772743225 0.78205531835556 0.778998613357544 0.774306416511536 0.774031817913055 0.765594840049744 0.762212753295898 0.755509972572327 0.754181504249573 0.747359395027161 0.744161784648895 0.738169491291046 0.736324965953827 0.730810284614563 0.729984819889069 0.730273723602295 0.733584761619568 0.733859062194824 0.729750514030457 0.728648722171783 0.733310341835022 0.732691466808319 0.730203688144684 0.725515723228455 0.720268547534943 0.726718068122864 0.731139898300171 0.733351171016693 0.732500314712524 0.735243320465088 0.735229730606079 0.74859219789505 0.738946318626404 0.737923324108124 0.721891045570374 0.716115653514862 0.727228939533234 0.721584618091583 0.721264362335205 0.711861670017242
0.804610669612885 0.796095669269562 0.796664535999298 0.791585087776184 0.782585024833679 0.775559604167938 0.775546669960022 0.765010893344879 0.766930639743805 0.761879086494446 0.754181504249573 0.752030372619629 0.743834555149078 0.743632018566132 0.745247364044189 0.731592535972595 0.727172434329987 0.726620495319366 0.732761323451996 0.730273723602295 0.724480390548706 0.722472608089447 0.72939145565033 0.7230264544487 0.723303318023682 0.726882815361023 0.729364097118378 0.721641361713409 0.718046963214874 0.734461903572083 0.730864882469177 0.735517203807831 0.737706005573273 0.734969317913055 0.735229730606079 0.736598610877991 0.743972778320312 0.742558121681213 0.734872460365295 0.728607714176178 0.722501873970032 0.722195565700531 0.717085182666779 0.721391677856445
0.796360611915588 0.795084953308105 0.78896963596344 0.787755310535431 0.781046032905579 0.779983699321747 0.76847380399704 0.762090623378754 0.760827362537384 0.752769231796265 0.748468101024628 0.74493396282196 0.743046283721924 0.741658985614777 0.732691466808319 0.730217337608337 0.730217337608337 0.724423706531525 0.727186143398285 0.730492532253265 0.721377909183502 0.727475702762604 0.719171941280365 0.716642796993256 0.718311071395874 0.71886670589447 0.720795869827271 0.72721529006958 0.720795869827271 0.730603396892548 0.730012118816376 0.728359401226044 0.735517203807831 0.733584761619568 0.735791087150574 0.737419128417969 0.739603936672211 0.733584761619568 0.735925555229187 0.737336039543152 0.726111114025116 0.718297302722931 0.716029226779938 0.714150369167328
0.799129128456116 0.786933839321136 0.786664545536041 0.774212241172791 0.781046032905579 0.769001066684723 0.764493882656097 0.756204307079315 0.752458393573761 0.738617420196533 0.745489954948425 0.742502391338348 0.740037679672241 0.737636506557465 0.732155740261078 0.739288687705994 0.725266814231873 0.725266814231873 0.722997188568115 0.723550856113434 0.724920094013214 0.723040163516998 0.722486317157745 0.718311071395874 0.716086208820343 0.710774123668671 0.718367993831635 0.7188960313797 0.72251558303833 0.716129422187805 0.72031158208847 0.729461491107941 0.730576157569885 0.738252520561218 0.742069661617279 0.736612200737 0.736625730991364 0.736064851284027 0.732486665248871 0.734407544136047 0.72169816493988 0.723303318023682 0.716863989830017 0.709110915660858
0.78719025850296 0.780487716197968 0.776836335659027 0.77290290594101 0.764439582824707 0.759973108768463 0.754890203475952 0.753816187381744 0.748682975769043 0.740799605846405 0.74440461397171 0.735117495059967 0.743115425109863 0.734090745449066 0.727405548095703 0.725819408893585 0.728522121906281 0.722152590751648 0.72688102722168 0.718003809452057 0.713535726070404 0.714358150959015 0.717768967151642 0.719158232212067 0.716713547706604 0.718381762504578 0.71391487121582 0.71502947807312 0.712771713733673 0.714430868625641 0.715294182300568 0.720325350761414 0.733872652053833 0.73304945230484 0.742899239063263 0.746156573295593 0.744542717933655 0.745898962020874 0.742899239063263 0.737706005573273 0.718575119972229 0.719408333301544 0.713508069515228 0.711918890476227
0.779969155788422 0.779956340789795 0.771853625774384 0.764982879161835 0.758036136627197 0.752941370010376 0.751864910125732 0.749493360519409 0.738890409469604 0.733128070831299 0.736486554145813 0.729624032974243 0.727419197559357 0.726867318153381 0.730794906616211 0.724104225635529 0.718003809452057 0.720502912998199 0.721625804901123 0.720780313014984 0.716599583625793 0.715499997138977 0.713606655597687 0.713606655597687 0.714792370796204 0.712269008159637 0.711976051330566 0.714179813861847 0.710272550582886 0.708594858646393 0.718062520027161 0.724756896495819 0.735256910324097 0.738539159297943 0.742355287075043 0.754800081253052 0.749416053295135 0.750765144824982 0.745274305343628 0.735187232494354 0.725792050361633 0.724423706531525 0.711289405822754 0.703449964523315
0.775270879268646 0.766252458095551 0.76154351234436 0.753505766391754 0.750800490379333 0.741560995578766 0.736100792884827 0.736156821250916 0.733951210975647 0.725968778133392 0.729567646980286 0.72070974111557 0.727143287658691 0.718823611736298 0.716599583625793 0.719670414924622 0.716613352298737 0.721902966499329 0.722734034061432 0.715429186820984 0.717447817325592 0.717447817325592 0.713549494743347 0.71639209985733 0.710801839828491 0.715057134628296 0.713398694992065 0.710872888565063 0.714221239089966 0.70972740650177 0.716699779033661 0.723373711109161 0.735804677009583 0.742912709712982 0.745356738567352 0.7542764544487 0.750170469284058 0.75258195400238 0.753106594085693 0.755549848079681 0.736241817474365 0.723856806755066 0.713270664215088 0.706268131732941
0.770276844501495 0.75665682554245 0.756724953651428 0.750800490379333 0.741302192211151 0.739107489585876 0.73753809928894 0.733416140079498 0.726810812950134 0.730393469333649 0.721541583538055 0.715164482593536 0.716891586780548 0.711582541465759 0.721625804901123 0.720794022083282 0.715221524238586 0.716613352298737 0.712991714477539 0.715778470039368 0.712433755397797 0.71271276473999 0.712433755397797 0.718352377414703 0.711067318916321 0.714235067367554 0.715070903301239 0.707796990871429 0.705836355686188 0.712561905384064 0.710872888565063 0.732788503170013 0.734434723854065 0.737719595432281 0.75320166349411 0.759896695613861 0.747184455394745 0.750696539878845 0.760375380516052 0.759815633296967 0.747955918312073 0.726910173892975 0.711275577545166 0.698123037815094
0.754767000675201 0.752079010009766 0.740960478782654 0.734935581684113 0.736661672592163 0.727582037448883 0.725083291530609 0.723686754703522 0.724337875843048 0.721000850200653 0.715150713920593 0.708730459213257 0.716056823730469 0.707948327064514 0.707668423652649 0.70908135175705 0.711037814617157 0.711875557899475 0.713549494743347 0.723010957241058 0.718003809452057 0.714107096195221 0.713270664215088 0.706325531005859 0.708831191062927 0.707223176956177 0.705836355686188 0.708090722560883 0.712282836437225 0.715070903301239 0.711459219455719 0.738006412982941 0.733351171016693 0.741021037101746 0.754826664924622 0.762572586536407 0.745830059051514 0.760095596313477 0.763819873332977 0.755804657936096 0.722983479499817 0.715486228466034 0.709906280040741 0.689883530139923
0.745323300361633 0.734949171543121 0.733015656471252 0.732536315917969 0.726478219032288 0.727306187152863 0.720652937889099 0.716291904449463 0.719891130924225 0.707611083984375 0.71271276473999 0.705441296100616 0.700373768806458 0.704937934875488 0.706913530826569 0.713062703609467 0.703758418560028 0.706282019615173 0.71271276473999 0.714107096195221 0.708787739276886 0.714929223060608 0.712685108184814 0.703185021877289 0.701585352420807 0.701599299907684 0.704714953899384 0.706396818161011 0.707250952720642 0.713691353797913 0.710062325000763 0.721212446689606 0.735284030437469 0.743469834327698 0.752408027648926 0.757238447666168 0.732648849487305 0.759562075138092 0.765145659446716 0.734555780887604 0.714314877986908 0.716599583625793 0.704052925109863 0.694979906082153
0.737959206104279 0.733290135860443 0.725855648517609 0.72978663444519 0.720375537872314 0.721235036849976 0.714828908443451 0.707833707332611 0.714621186256409 0.703981578350067 0.702073931694031 0.701569557189941 0.694531381130219 0.697631537914276 0.695927202701569 0.70128858089447 0.702412307262421 0.702412307262421 0.708242058753967 0.698953449726105 0.707108438014984 0.707948327064514 0.703198969364166 0.701276481151581 0.70325642824173 0.70328426361084 0.703298211097717 0.704995393753052 0.712296664714813 0.711752235889435 0.714819967746735 0.725088119506836 0.738006412982941 0.740203440189362 0.749429404735565 0.753739237785339 0.740938246250153 0.747996091842651 0.752057015895844 0.710142433643341 0.707331120967865 0.698051393032074 0.692722678184509 0.687379777431488
0.728282690048218 0.72697377204895 0.721428036689758 0.723714232444763 0.719001352787018 0.706082105636597 0.711761176586151 0.702297270298004 0.698923707008362 0.691565096378326 0.691919386386871 0.687395691871643 0.686052143573761 0.684054851531982 0.690281987190247 0.691412329673767 0.689999341964722 0.697349905967712 0.70465749502182 0.708299398422241 0.708565294742584 0.702665269374847 0.688529312610626 0.696492671966553 0.700433194637299 0.703551054000854 0.711989879608154 0.709489405155182 0.713691353797913 0.710355699062347 0.718992412090302 0.73089212179184 0.732527554035187 0.735557973384857 0.738825738430023 0.742368757724762 0.739288687705994 0.744745135307312 0.742040932178497 0.708730459213257 0.697769820690155 0.690166234970093 0.684519648551941 0.676302194595337
0.730760991573334 0.722273111343384 0.716985046863556 0.712262272834778 0.706936419010162 0.706447422504425 0.697430551052094 0.695825695991516 0.686205267906189 0.680876910686493 0.678889572620392 0.682381749153137 0.677541375160217 0.666695833206177 0.675239026546478 0.672678470611572 0.687170565128326 0.685174286365509 0.694517374038696 0.698462188243866 0.702398359775543 0.694757521152496 0.689929246902466 0.694815278053284 0.697098016738892 0.705556094646454 0.7038733959198 0.701921999454498 0.710900604724884 0.718158960342407 0.717338800430298 0.728138446807861 0.735284030437469 0.733899891376495 0.734996497631073 0.730314612388611 0.728386759757996 0.727503061294556 0.72446483373642 0.703463912010193 0.68762069940567 0.676842510700226 0.674027025699615 0.663981795310974
0.719222187995911 0.712806522846222 0.708056271076202 0.710586845874786 0.701887369155884 0.697444558143616 0.695839703083038 0.686785578727722 0.685652911663055 0.676914811134338 0.663499712944031 0.667009234428406 0.669289350509644 0.665569305419922 0.663558125495911 0.669048666954041 0.67075788974762 0.674954652786255 0.685471594333649 0.690847218036652 0.694799423217773 0.684876918792725 0.691638767719269 0.699336111545563 0.695913195610046 0.703254640102386 0.710327982902527 0.702202916145325 0.710621237754822 0.714819967746735 0.721503436565399 0.716989934444427 0.714735269546509 0.723428606987 0.720644056797028 0.715070903301239 0.716741144657135 0.715264797210693 0.704671442508698 0.679655194282532 0.668289482593536 0.668390274047852 0.65261310338974 0.64969402551651
