data/climate_estimation/maxent_output/Alstroemeria_longistaminea.asc
NCOLS 177 
NROWS 223 
XLLCORNER -50.5 
YLLCORNER -23.3333333333333 
CELLSIZE 0.0833333333333333 
NODATA_value -3.4e+38 
[rows 0 to 19 of 223, columns 46 to 91 of 177]
0.00503611285239458 0.00531090144068003 0.00632837926968932 0.00779547868296504 0.00880763866007328 0.00983554404228926 0.0096133416518569 0.00882120151072741 0.00922580994665623 0.0117736589163542 0.0135618317872286 0.0132317533716559 0.0125287240371108 0.0117311114445329 0.0111349560320377 0.011042632162571 0.00947272684425116 0.00754625909030437 0.00715205678716302 0.00598123017698526 0.00457354402169585 0.00418847473338246 0.00416658585891128 0.00424208771437407 0.00474586151540279 0.00563344359397888 0.00703389896079898 0.00831502676010132 0.00975636951625347 0.0100677236914635 0.0108644524589181 0.01235631108284 0.0129817482084036 0.0132253160700202 0.0134453419595957 0.0133757842704654 0.0131765445694327 0.0122220041230321 0.0132506722584367 0.0113429538905621 0.00881713163107634 0.00750486738979816 0.00656761229038239 0.00534991873428226 0.00524621875956655 0.00581228826195002
0.00494458386674523 0.00517247011885047 0.00627770693972707 0.00785357691347599 0.00954157952219248 0.00927015952765942 0.0095407934859395 0.00966025330126286 0.010374441742897 0.0122562777251005 0.0149296214804053 0.0133205484598875 0.0107502182945609 0.0109649505466223 0.0108376806601882 0.0110317738726735 0.0104610295966268 0.00851759966462851 0.00751343881711364 0.00733845587819815 0.00527069671079516 0.0040021208114922 0.00419887667521834 0.00469814706593752 0.00529887294396758 0.00634569954127073 0.00736262649297714 0.00936650391668081 0.00952308345586061 0.0111081739887595 0.0115034012123942 0.011963059194386 0.0116498814895749 0.0134270684793591 0.0137305492535233 0.0147250732406974 0.0146088972687721 0.0133008630946279 0.01296691223979 0.0105072082951665 0.00922488421201706 0.00761910760775208 0.00669742096215487 0.00555785791948438 0.005347799975425 0.00555462250486016
0.00592857785522938 0.00541377393528819 0.00723803183063865 0.00806544627994299 0.00912774913012981 0.0090722618624568 0.00927752628922462 0.00899163354188204 0.0109886061400175 0.0130509259179235 0.0113778924569488 0.0118153803050518 0.0109212026000023 0.0114264115691185 0.0113776568323374 0.0120393307879567 0.0104920137673616 0.0105711771175265 0.00832201447337866 0.00748178409412503 0.00512426486238837 0.00475589605048299 0.004684844519943 0.00591368600726128 0.00617172522470355 0.00740832788869739 0.00918805133551359 0.0104575473815203 0.0111853303387761 0.0118966931477189 0.0126472758129239 0.0125226620584726 0.0129291322082281 0.0142400227487087 0.0138322170823812 0.0139595679938793 0.0136773074045777 0.0127363642677665 0.0113694611936808 0.0105105107650161 0.00845313537865877 0.00672187283635139 0.00611223187297583 0.00623032543808222 0.0054515153169632 0.00522485375404358
0.00663217436522245 0.00664908671751618 0.00792804546654224 0.00906721223145723 0.0095536969602108 0.00810525380074978 0.00813973601907492 0.0109046455472708 0.0108625674620271 0.0106624709442258 0.0120917856693268 0.0101890088990331 0.0108715016394854 0.0127510456368327 0.0130849601700902 0.0130361830815673 0.0137246772646904 0.0126361642032862 0.00987383909523487 0.0082289008423686 0.00611674273386598 0.00636254670098424 0.00626135803759098 0.00662595126777887 0.00734217744320631 0.00875802244991064 0.0103039965033531 0.0113192331045866 0.0124814929440618 0.0136661613360047 0.0129107804968953 0.015424532815814 0.0140273338183761 0.0151881072670221 0.0125764096155763 0.0139569034799933 0.0134018296375871 0.0115689290687442 0.0103530986234546 0.00919242482632399 0.00731834070757031 0.00652402034029365 0.00661069201305509 0.00629417737945914 0.00562021229416132 0.00570088298991323
0.00478013278916478 0.00542317191138864 0.00600115209817886 0.00722108129411936 0.00876503903418779 0.00851854775100946 0.00925802066922188 0.0111897988244891 0.0111151086166501 0.0104979360476136 0.00968244858086109 0.0131424041464925 0.0116377547383308 0.012460489757359 0.0148187233135104 0.013989900238812 0.0137289259582758 0.0125916246324778 0.010698227211833 0.00942668598145247 0.00889268703758717 0.00907133240252733 0.00858712755143642 0.00817692186683416 0.00941502768546343 0.0105912750586867 0.0115705514326692 0.0126911643892527 0.0145878996700048 0.01310670748353 0.0139572219923139 0.0167696289718151 0.0172177813947201 0.0158973522484303 0.0143678393214941 0.0135041745379567 0.0118036773055792 0.0122241154313087 0.0103859724476933 0.00953803397715092 0.00736809568479657 0.00687573384493589 0.00561531959101558 0.00597888650372624 0.00634638220071793 0.00597410183399916
0.00481889257207513 0.00506414752453566 0.0058219819329679 0.0060807247646153 0.00631972635164857 0.00708133727312088 0.0106497053056955 0.0101038170978427 0.00954408664256334 0.0096777593716979 0.0108563173562288 0.0127392560243607 0.0139010781422257 0.013128018938005 0.0159795172512531 0.0150933694094419 0.0143759334459901 0.0136403180658817 0.0123047148808837 0.0111295357346535 0.0119221797212958 0.0119264991953969 0.00953714270144701 0.0100441491231322 0.0121274217963219 0.0109017658978701 0.0129030076786876 0.0143249370157719 0.0157921444624662 0.0165401827543974 0.0171264223754406 0.0180214680731297 0.0173823796212673 0.0172452162951231 0.015373851172626 0.0142058888450265 0.0133444052189589 0.0122698340564966 0.0105751352384686 0.00854076631367207 0.00736316153779626 0.00687573384493589 0.00638174870982766 0.00614681001752615 0.00583732221275568 0.00608939025551081
0.00500360550358891 0.00489190081134439 0.00548592628911138 0.00567806651815772 0.00542538613080978 0.00614926405251026 0.00683898013085127 0.00850335601717234 0.00869393907487392 0.0105215683579445 0.0112253651022911 0.0132251419126987 0.0136881479993463 0.0146528463810682 0.0173591524362564 0.0172434374690056 0.0162965953350067 0.0164244044572115 0.0146930431947112 0.0133399004116654 0.0143104465678334 0.0134479440748692 0.0123929502442479 0.0150521984323859 0.0145872142165899 0.0148668373003602 0.0157749447971582 0.0175640415400267 0.0172682516276836 0.0209226477891207 0.0189330708235502 0.0182632710784674 0.0182611830532551 0.0177333131432533 0.0171380136162043 0.0165508836507797 0.0140742678195238 0.0123793259263039 0.0109631428495049 0.00885446555912495 0.00797473359853029 0.00697074551135302 0.00667264591902494 0.0066956696100533 0.00632965145632625 0.00566282123327255
0.00405970495194197 0.00458500487729907 0.00467428611591458 0.00498616648837924 0.00562964286655188 0.00584534276276827 0.00599109614267945 0.00633424241095781 0.00668067764490843 0.00767760025337338 0.0115684494376183 0.0131771899759769 0.0130199063569307 0.0133758261799812 0.0161077436059713 0.0158031601458788 0.0173784028738737 0.0183004979044199 0.0152105512097478 0.0177440959960222 0.0169666614383459 0.0173225700855255 0.0154269682243466 0.0171260666102171 0.0216711238026619 0.0189511179924011 0.020411778241396 0.0154070202261209 0.015687694773078 0.0156712159514427 0.0142873954027891 0.0213356446474791 0.0203437972813845 0.0189846083521843 0.0176313892006874 0.0149395894259214 0.0136588364839554 0.014505073428154 0.0114544434472919 0.0106963533908129 0.00879528652876616 0.0077835563570261 0.00755721377208829 0.00620188051834702 0.00604463694617152 0.00572960171848536
0.0037326121237129 0.00396709842607379 0.00358481938019395 0.00374741200357676 0.00403208378702402 0.00489282375201583 0.00463907932862639 0.00505471136420965 0.00634885113686323 0.00831252709031105 0.00907990150153637 0.00806283019483089 0.00866569764912128 0.00847408175468445 0.00893500912934542 0.0106851765885949 0.0125774508342147 0.0189114548265934 0.0200079996138811 0.0231294985860586 0.0216541886329651 0.020105293020606 0.0203898455947638 0.0213935635983944 0.0172946732491255 0.0165906716138124 0.0177403371781111 0.0197383239865303 0.0184661038219929 0.0164364688098431 0.0169809907674789 0.0218216981738806 0.0239302888512611 0.0197199080139399 0.0186623204499483 0.0157025773078203 0.0149146234616637 0.0121359126642346 0.0121573638170958 0.010612603276968 0.00998538080602884 0.00900939386337996 0.00733844609931111 0.00644272426143289 0.00571010261774063 0.00570563273504376
0.00350843416526914 0.0030519946012646 0.00323288259096444 0.00326993665657938 0.00347567489370704 0.00374093116261065 0.00437036249786615 0.00556508870795369 0.00685627106577158 0.00791171286255121 0.00839964486658573 0.00831037294119596 0.00922405999153852 0.00776928989216685 0.00840619672089815 0.00895312707871199 0.0120895840227604 0.0156030729413033 0.0226345751434565 0.0233965367078781 0.0236293841153383 0.0257861744612455 0.0254765227437019 0.0261372048407793 0.0199015326797962 0.0215670857578516 0.0209988672286272 0.0207957122474909 0.0194830447435379 0.0200425088405609 0.018761295825243 0.0279261134564877 0.0259374789893627 0.0210787132382393 0.0183861423283815 0.0167153067886829 0.0146357845515013 0.0127344261854887 0.0127727491781116 0.0131137454882264 0.0112435296177864 0.009488420560956 0.00842946767807007 0.00677436357364058 0.00606377702206373 0.00563794746994972
0.00277631264179945 0.00259385630488396 0.00244311220012605 0.00262661231681705 0.00280348118394613 0.0031249150633812 0.00412712246179581 0.00520145241171122 0.0065047643147409 0.00756909744814038 0.00784196238964796 0.00781741552054882 0.00911251548677683 0.00654582306742668 0.00300835724920034 0.00584501447156072 0.0102094765752554 0.0131889339536428 0.0222975574433804 0.0272642727941275 0.027580913156271 0.0277132298797369 0.0238556917756796 0.0216893702745438 0.0224349778145552 0.025826457887888 0.0242323093116283 0.0225932989269495 0.0228361133486032 0.0230516605079174 0.0211747884750366 0.0204651691019535 0.0300532728433609 0.0236046649515629 0.0202489718794823 0.0168047193437815 0.0143867796286941 0.0126584991812706 0.0135231567546725 0.0127001218497753 0.0116768637672067 0.011424464173615 0.00792078021913767 0.00725969672203064 0.00633685011416674 0.00649840105324984
0.00242736493237317 0.00248937751166523 0.00220761843957007 0.00228526419959962 0.00268579553812742 0.00272829085588455 0.00403851317241788 0.00463125668466091 0.00548633839935064 0.00697354460135102 0.00714685441926122 0.00793095584958792 0.00715069053694606 0.00396643159911036 0.00474008964374661 0.00621123472228646 0.0113125359639525 0.0146663300693035 0.0254016742110252 0.020137207582593 0.0323250405490398 0.0334518849849701 0.0254794787615538 0.0251357816159725 0.0282651260495186 0.0284064095467329 0.0264654271304607 0.0204939022660255 0.0243650861084461 0.0233414508402348 0.0247308630496264 0.0213451236486435 0.0324584022164345 0.0284389089792967 0.0214296504855156 0.0187619403004646 0.0146614704281092 0.0144328568130732 0.0144790168851614 0.0137030901387334 0.0137227578088641 0.0124287903308868 0.00904493220150471 0.00857379846274853 0.00789752136915922 0.00689167715609074
0.00259233941324055 0.00245389784686267 0.00227957498282194 0.00241103651933372 0.00250062346458435 0.00273145013488829 0.0031391242519021 0.00405103154480457 0.00490340497344732 0.00620608543977141 0.00637684343382716 0.00652973959222436 0.00562141090631485 0.0066978931427002 0.00551894120872021 0.00709667755290866 0.0119448443874717 0.0150052392855287 0.0184258110821247 0.0232679508626461 0.021813252940774 0.0284959711134434 0.0306371822953224 0.0283854734152555 0.0323998183012009 0.0313603803515434 0.0269613675773144 0.0250768344849348 0.0267313830554485 0.0244473647326231 0.0239973329007626 0.0212747883051634 0.0199289545416832 0.0303119421005249 0.0234135128557682 0.0205106437206268 0.0182323176413774 0.0153953731060028 0.0142977014183998 0.0149557217955589 0.0140751944854856 0.0130250658839941 0.0106940930709243 0.0111380172893405 0.00915212370455265 0.00804911367595196
0.00256952038034797 0.00248779589310288 0.0022510455455631 0.00227882689796388 0.00260078185237944 0.00284613249823451 0.00326771568506956 0.00395594257861376 0.00465515116229653 0.00539489556103945 0.00650285603478551 0.00707312161102891 0.00802119262516499 0.00754409842193127 0.00915956124663353 0.00965085253119469 0.0127956354990602 0.0166381821036339 0.0186422076076269 0.0203401111066341 0.0227076262235641 0.0250563081353903 0.0332802459597588 0.0312270298600197 0.0283040851354599 0.0292918346822262 0.0272725094109774 0.0247182436287403 0.0250600893050432 0.0245988704264164 0.0235112067312002 0.01938346773386 0.0205801669508219 0.0183441247791052 0.0235931854695082 0.0213035922497511 0.0193732101470232 0.0176188535988331 0.0189295299351215 0.0190984923392534 0.0165095962584019 0.0162754654884338 0.015254600904882 0.0125685995444655 0.0104687018319964 0.00992068275809288
0.00260036927647889 0.00263637001626194 0.00253081088885665 0.00248998636379838 0.00244714412838221 0.00253088772296906 0.00314787402749062 0.00432409299537539 0.00418831128627062 0.00592042785137892 0.00579948164522648 0.00680688070133328 0.00836406741291285 0.00975658837705851 0.0110530452802777 0.0118793668225408 0.0147337503731251 0.0167811010032892 0.0173613894730806 0.0194471422582865 0.0212364606559277 0.0200781412422657 0.0248142946511507 0.0275478307157755 0.0263320300728083 0.0234099105000496 0.022689962759614 0.0224236100912094 0.0242399144917727 0.0220520291477442 0.0216921512037516 0.0210674423724413 0.0196345821022987 0.017456591129303 0.0245115645229816 0.0209494885057211 0.0203950423747301 0.0200881324708462 0.0188676435500383 0.0214265547692776 0.0190292168408632 0.0175616927444935 0.0133930090814829 0.00862635392695665 0.00871450547128916 0.00783435627818108
0.00260056904517114 0.00290581188164651 0.00290478440001607 0.0025143064558506 0.00234567560255527 0.00272017414681613 0.00334946601651609 0.00367485196329653 0.00496082426980138 0.00613291282206774 0.00702863978222013 0.00671149464324117 0.00887575186789036 0.00986146274954081 0.0115197757259011 0.0117558557540178 0.0135652227327228 0.0161005444824696 0.0175049491226673 0.0200000144541264 0.0203112084418535 0.0194737296551466 0.0201974250376225 0.0204077195376158 0.0222613867372274 0.0218808054924011 0.0198676288127899 0.0206732992082834 0.0220478381961584 0.0209145490080118 0.0210723448544741 0.0212071556597948 0.0187910217791796 0.0172496736049652 0.0173812191933393 0.0242240931838751 0.0236803833395243 0.0213365741074085 0.022721054032445 0.0214314460754395 0.0207250621169806 0.010187721811235 0.00957864616066217 0.0089860251173377 0.00957047287374735 0.00878369715064764
0.00293904496356845 0.00296184956096113 0.00266757351346314 0.00251115416176617 0.0024591654073447 0.00304179522208869 0.00340095208957791 0.00401786249130964 0.0049139903858304 0.00625394331291318 0.00716845504939556 0.00822229217737913 0.00807060115039349 0.00921003054827452 0.0108412569388747 0.0126878721639514 0.0139602338895202 0.014926278963685 0.0164860934019089 0.0186932981014252 0.0186824984848499 0.0184336118400097 0.0174732450395823 0.0166486166417599 0.0196786262094975 0.0186557676643133 0.0195238441228867 0.0191531386226416 0.020250353962183 0.0218607019633055 0.0216929409652948 0.0206621084362268 0.0185377970337868 0.0184142105281353 0.0166671574115753 0.0186746492981911 0.0169857330620289 0.0160421747714281 0.0172540117055178 0.0153978848829865 0.0123098865151405 0.0109861008822918 0.00982863362878561 0.00894550886005163 0.00772285321727395 0.00919780973345041
0.00295267254114151 0.00298447464592755 0.00276912213303149 0.00251154019497335 0.00267277075909078 0.00351108191534877 0.00380166596733034 0.00384340132586658 0.00514350645244122 0.00659600086510181 0.00703613273799419 0.00748844211921096 0.0091011393815279 0.00894184876233339 0.0114332064986229 0.0138045120984316 0.0155274029821157 0.0170076955109835 0.0189604815095663 0.020519083365798 0.0158699173480272 0.0152721721678972 0.0163611844182014 0.0164018999785185 0.0151043981313705 0.0166708696633577 0.0180435013025999 0.0171594321727753 0.0194962155073881 0.0217994172126055 0.0201392360031605 0.0196477137506008 0.0189020987600088 0.0188690517097712 0.0187024362385273 0.0191983729600906 0.020691204816103 0.0189626794308424 0.0204616487026215 0.017267843708396 0.0129118748009205 0.00827219150960445 0.0116874426603317 0.0120360953733325 0.00872996170073748 0.00733233988285065
0.0027032361831516 0.00265133567154408 0.00298913381993771 0.00312013481743634 0.00303436536341906 0.00412786705419421 0.00395182706415653 0.00426200404763222 0.00574728194624186 0.00728408340364695 0.00690186768770218 0.00854459963738918 0.00998296774923801 0.011992571875453 0.0151635939255357 0.0170352514833212 0.016310716047883 0.0145517783239484 0.0158772543072701 0.0165582224726677 0.0138380071148276 0.0136878322809935 0.0139526128768921 0.0126376524567604 0.0138968992978334 0.0150966811925173 0.0139412228018045 0.0149448802694678 0.018300661817193 0.0195375513285398 0.0209908653050661 0.0176084358245134 0.0177927669137716 0.0204056445509195 0.0198472328484058 0.0227977074682713 0.0235748570412397 0.0220969989895821 0.0202484093606472 0.0148371113464236 0.0154376002028584 0.0128414360806346 0.012217003852129 0.0118350991979241 0.0123177599161863 0.00846669916063547
0.00290840957313776 0.00296370801515877 0.00294728041626513 0.00315908528864384 0.00390067254193127 0.00419177580624819 0.00415037712082267 0.00451282924041152 0.00586416991427541 0.00854705460369587 0.0100638875737786 0.0122895939275622 0.0131568340584636 0.0114546231925488 0.0131352115422487 0.0148337855935097 0.0139591060578823 0.0146117946133018 0.0149463377892971 0.0122993914410472 0.012734480202198 0.012889095582068 0.0145238311961293 0.0122126387432218 0.0103300865739584 0.0117081226781011 0.0130607364699244 0.0145233487710357 0.0178091321140528 0.019758827984333 0.021703016012907 0.0193597842007875 0.0176616534590721 0.0207213871181011 0.0236700959503651 0.0251305252313614 0.0259102191776037 0.0211428217589855 0.0189172942191362 0.0172696281224489 0.0222319830209017 0.0154916876927018 0.0139027610421181 0.012291070073843 0.0101421689614654 0.00815914385020733
