data/climate_estimation/maxent_output/Alstroemeria_caryophyllaea.asc
NCOLS 223 
NROWS 206 
XLLCORNER -55.4166666666667 
YLLCORNER -26.75 
CELLSIZE 0.0833333333333333 
NODATA_value -3.4e+38 
[rows 0 to 20 of 206, columns 92 to 137 of 223]
0.304213643074036 0.312860518693924 0.314156204462051 0.297644764184952 0.304852098226547 0.315944582223892 0.322841554880142 0.321518540382385 0.331436991691589 0.331154733896255 0.349402397871017 0.350530236959457 0.354710668325424 0.356201201677322 0.360418409109116 0.353556156158447 0.339999914169312 0.340807527303696 0.322868883609772 0.32790544629097 0.333210825920105 0.345010012388229 0.338548004627228 0.326221585273743 0.341000199317932 0.321960717439651 0.32370001077652 0.349867582321167 0.34740474820137 0.342846244573593 0.345203071832657 0.344629138708115 0.346980482339859 0.3485307097435 0.343007922172546 0.356351405382156 0.360471278429031 0.343519032001495 0.355147451162338 0.372008770704269 0.385894626379013 0.391477078199387 0.381398320198059 0.395065456628799 0.377973586320877 0.377960860729218
0.321105659008026 0.316120713949203 0.326951265335083 0.323778361082077 0.314773559570312 0.328969955444336 0.322465538978577 0.31793949007988 0.323717772960663 0.336593627929688 0.348504900932312 0.38335445523262 0.360829949378967 0.405453771352768 0.37181693315506 0.351841568946838 0.350185930728912 0.3497294485569 0.335447043180466 0.343123733997345 0.35760885477066 0.352047890424728 0.322507798671722 0.32453915476799 0.333240956068039 0.329507917165756 0.327354729175568 0.342436462640762 0.338063597679138 0.342165648937225 0.34380242228508 0.336775839328766 0.342967540025711 0.351059317588806 0.359348446130753 0.363984405994415 0.380253374576569 0.366135239601135 0.369215071201324 0.363123893737793 0.390075892210007 0.418174475431442 0.407758265733719 0.408784419298172 0.375078678131104 0.330973416566849
0.341989874839783 0.341917604207993 0.33209815621376 0.326658099889755 0.343963414430618 0.329299181699753 0.326019078493118 0.326616585254669 0.331077069044113 0.334252148866653 0.357122451066971 0.369152992963791 0.377305775880814 0.375307410955429 0.372079074382782 0.357314199209213 0.357789099216461 0.343261063098907 0.354180037975311 0.349571526050568 0.352102756500244 0.367952585220337 0.34471794962883 0.333601385354996 0.350401610136032 0.333175271749496 0.341643571853638 0.347456961870193 0.343972951173782 0.339097380638123 0.331874519586563 0.346304923295975 0.345739156007767 0.356106162071228 0.354955792427063 0.384396344423294 0.37111559510231 0.368067562580109 0.379851460456848 0.39178267121315 0.395874589681625 0.410401910543442 0.389716804027557 0.373059451580048 0.366426408290863 0.344275593757629
0.344243884086609 0.344040602445602 0.320392638444901 0.333751022815704 0.341593950986862 0.34299173951149 0.329770863056183 0.331737846136093 0.340566098690033 0.349112331867218 0.355266720056534 0.346729099750519 0.352806955575943 0.350747048854828 0.373265415430069 0.405059039592743 0.404956877231598 0.359912544488907 0.364296108484268 0.362861067056656 0.365507572889328 0.374106049537659 0.35359662771225 0.348215609788895 0.354934394359589 0.357524633407593 0.35694083571434 0.343390315771103 0.354110956192017 0.345662474632263 0.341636747121811 0.34569901227951 0.357462763786316 0.365031599998474 0.384507060050964 0.384270906448364 0.375983983278275 0.363823413848877 0.35394287109375 0.382492035627365 0.396376252174377 0.388384521007538 0.36894503235817 0.35093691945076 0.356745481491089 0.328396618366241
0.339031308889389 0.340894043445587 0.339898020029068 0.335917204618454 0.340702712535858 0.33255735039711 0.328170269727707 0.327646195888519 0.341818898916245 0.346286743879318 0.336203873157501 0.344119846820831 0.349835604429245 0.373669922351837 0.403327435255051 0.422713875770569 0.384035617113113 0.393594235181808 0.408085942268372 0.354067236185074 0.372396558523178 0.381273537874222 0.36718425154686 0.356321632862091 0.362922936677933 0.370066821575165 0.372524589300156 0.36313995718956 0.374949127435684 0.362132966518402 0.368520259857178 0.364989519119263 0.365768849849701 0.38045471906662 0.409719854593277 0.405251324176788 0.39235708117485 0.375681757926941 0.388645589351654 0.374207973480225 0.378979325294495 0.377396702766418 0.371321350336075 0.344249427318573 0.340344309806824 0.303537666797638
0.373664915561676 0.357969015836716 0.353237152099609 0.337076961994171 0.336598515510559 0.329892933368683 0.328746378421783 0.338342308998108 0.340292125940323 0.343356847763062 0.351502537727356 0.347665220499039 0.364869296550751 0.384559899568558 0.397191733121872 0.403376460075378 0.385611534118652 0.377105504274368 0.384901642799377 0.378188580274582 0.404902368783951 0.378670006990433 0.367738097906113 0.380572646856308 0.372145116329193 0.381807148456573 0.386612296104431 0.426343739032745 0.390096962451935 0.389582216739655 0.389877885580063 0.394289463758469 0.388991981744766 0.390996605157852 0.393676698207855 0.406556010246277 0.40109920501709 0.389194905757904 0.39324826002121 0.392703950405121 0.390335977077484 0.369157999753952 0.369125485420227 0.349312126636505 0.328154683113098 0.320623219013214
0.366111218929291 0.359745293855667 0.362672209739685 0.354156106710434 0.346198230981827 0.332416266202927 0.346416652202606 0.344970226287842 0.342615127563477 0.351495921611786 0.342853724956512 0.357849895954132 0.364038676023483 0.370943754911423 0.385371327400208 0.392144173383713 0.404585719108582 0.407154202461243 0.414364755153656 0.422514021396637 0.444653064012527 0.386760503053665 0.377279341220856 0.377361387014389 0.424501001834869 0.463781207799911 0.440708488225937 0.409924477338791 0.414174348115921 0.454243749380112 0.431242793798447 0.411210745573044 0.389633744955063 0.418010175228119 0.419273346662521 0.415230393409729 0.415818244218826 0.415080338716507 0.44259974360466 0.3998763859272 0.415653824806213 0.389214009046555 0.386567711830139 0.37421527504921 0.376514226198196 0.346964746713638
0.370063781738281 0.375845789909363 0.372114151716232 0.359573781490326 0.352707147598267 0.353196859359741 0.34921407699585 0.360227763652802 0.352695286273956 0.346503496170044 0.344137877225876 0.359910726547241 0.365799129009247 0.367317408323288 0.374368339776993 0.387383043766022 0.409019380807877 0.427502155303955 0.453000843524933 0.462789505720139 0.467546999454498 0.437437534332275 0.405444771051407 0.425991654396057 0.495838224887848 0.495996087789536 0.480028122663498 0.42948517203331 0.43758437037468 0.460971474647522 0.454863280057907 0.462590754032135 0.454239398241043 0.441515147686005 0.429553985595703 0.407088756561279 0.4209905564785 0.424827724695206 0.41767817735672 0.425183653831482 0.441943019628525 0.432705372571945 0.394255012273788 0.402957230806351 0.414109379053116 0.370301932096481
0.376652330160141 0.381640017032623 0.383085608482361 0.365648746490479 0.360953509807587 0.370425015687943 0.353826075792313 0.366941422224045 0.361518412828445 0.379718095064163 0.371663421392441 0.406305968761444 0.376399785280228 0.374926775693893 0.371422588825226 0.394423961639404 0.41662609577179 0.428925454616547 0.450918018817902 0.465280205011368 0.486525386571884 0.494710713624954 0.502946496009827 0.490947514772415 0.501510620117188 0.511365175247192 0.52189314365387 0.509047746658325 0.48558509349823 0.470469892024994 0.49116039276123 0.48028776049614 0.463866978883743 0.456049799919128 0.457254022359848 0.425168007612228 0.418243259191513 0.434418797492981 0.434412926435471 0.435253202915192 0.422369450330734 0.451659977436066 0.43413057923317 0.422218501567841 0.44490060210228 0.416702836751938
0.391535967588425 0.382117450237274 0.372936218976974 0.372101604938507 0.3706034719944 0.353923499584198 0.359722584486008 0.368928134441376 0.387400358915329 0.382630378007889 0.361204892396927 0.360809743404388 0.375776410102844 0.381346613168716 0.371422588825226 0.405167400836945 0.420975595712662 0.429752975702286 0.453792810440063 0.463160574436188 0.478592783212662 0.491676568984985 0.504855334758759 0.497399300336838 0.508128046989441 0.494536697864532 0.504836201667786 0.535922169685364 0.516301274299622 0.460146933794022 0.482134073972702 0.472312897443771 0.468966603279114 0.460307896137238 0.438024640083313 0.431291431188583 0.444600760936737 0.424070864915848 0.435168743133545 0.440824449062347 0.460769414901733 0.464850395917892 0.440484166145325 0.447847634553909 0.485165446996689 0.45806884765625
0.391209304332733 0.395970910787582 0.37657442688942 0.37269651889801 0.377025246620178 0.369112133979797 0.358295202255249 0.365958720445633 0.39534404873848 0.396236002445221 0.376309841871262 0.374699473381042 0.378547996282578 0.417495727539062 0.410737097263336 0.400848209857941 0.41703525185585 0.436872541904449 0.447367876768112 0.470759242773056 0.466176778078079 0.49377304315567 0.512058794498444 0.514390110969543 0.507639348506927 0.5157231092453 0.535346567630768 0.545106410980225 0.531339406967163 0.513016819953918 0.488114833831787 0.490038424730301 0.448874443769455 0.432456284761429 0.428449034690857 0.436898589134216 0.453422546386719 0.450027704238892 0.43652930855751 0.459055483341217 0.495806813240051 0.480278491973877 0.44467368721962 0.478984504938126 0.499463975429535 0.490279287099838
0.395239442586899 0.385986745357513 0.379621624946594 0.38611301779747 0.377678692340851 0.368840247392654 0.370300710201263 0.375870883464813 0.384775161743164 0.403392761945724 0.379699617624283 0.374160379171371 0.377461433410645 0.406473487615585 0.442576289176941 0.399375170469284 0.409554064273834 0.430097669363022 0.462840974330902 0.462825655937195 0.476265668869019 0.495966762304306 0.498294979333878 0.493200272321701 0.507708370685577 0.518253207206726 0.536893129348755 0.55004471540451 0.528138220310211 0.501000821590424 0.50329053401947 0.480992287397385 0.455297619104385 0.460216969251633 0.438269674777985 0.454990774393082 0.449568122625351 0.457865655422211 0.466938078403473 0.479918748140335 0.517645597457886 0.526131153106689 0.485807329416275 0.500664591789246 0.515908777713776 0.504579901695251
0.395766854286194 0.393234491348267 0.389460206031799 0.387684851884842 0.3864626288414 0.371624022722244 0.376655250787735 0.390797406435013 0.373345851898193 0.399079829454422 0.397092550992966 0.387860029935837 0.365478247404099 0.4058857858181 0.395826935768127 0.424143433570862 0.409554064273834 0.425885558128357 0.448659539222717 0.472938716411591 0.487983584403992 0.496297776699066 0.50294029712677 0.51829582452774 0.538527965545654 0.53167998790741 0.529855191707611 0.554709315299988 0.562345862388611 0.510285198688507 0.498956739902496 0.473051697015762 0.473980158567429 0.459000617265701 0.437728226184845 0.451277524232864 0.448866575956345 0.490944892168045 0.506707072257996 0.511436104774475 0.536175668239594 0.5202357172966 0.531530499458313 0.50332772731781 0.49517160654068 0.524209439754486
0.392932146787643 0.388924568891525 0.389460206031799 0.387638211250305 0.364988505840302 0.370389997959137 0.369665324687958 0.365330904722214 0.374909371137619 0.375022411346436 0.396209061145782 0.395346492528915 0.37141278386116 0.396716177463531 0.386198431253433 0.451339691877365 0.434797942638397 0.439175426959991 0.458527565002441 0.456021755933762 0.479255944490433 0.489438354969025 0.473410695791245 0.522380948066711 0.531907320022583 0.526494145393372 0.506634712219238 0.537059724330902 0.552189826965332 0.521924912929535 0.509275555610657 0.468162298202515 0.477518439292908 0.462883144617081 0.459798663854599 0.468477159738541 0.493594080209732 0.508542835712433 0.508974671363831 0.513189256191254 0.521841704845428 0.510082304477692 0.50581693649292 0.501918137073517 0.489326864480972 0.516439974308014
0.401167362928391 0.395512759685516 0.38308846950531 0.379562020301819 0.371154963970184 0.374429494142532 0.364877104759216 0.363390684127808 0.366628438234329 0.375153183937073 0.395931392908096 0.396733224391937 0.390908896923065 0.405143529176712 0.417417883872986 0.450911313295364 0.438757181167603 0.464441359043121 0.453469067811966 0.457822173833847 0.466565608978271 0.47879683971405 0.499404281377792 0.502499520778656 0.53554779291153 0.532559990882874 0.504078388214111 0.560211956501007 0.552593171596527 0.567091703414917 0.522055625915527 0.497220426797867 0.495151460170746 0.468412727117538 0.476870059967041 0.496494084596634 0.528087854385376 0.501151740550995 0.500869810581207 0.52835887670517 0.513815462589264 0.501578867435455 0.501049876213074 0.493226140737534 0.469494044780731 0.505071580410004
0.407363682985306 0.402264475822449 0.387748628854752 0.384230494499207 0.375164061784744 0.368026107549667 0.370530664920807 0.367451965808868 0.366497159004211 0.375414222478867 0.400997787714005 0.413604378700256 0.401419699192047 0.390750408172607 0.399488657712936 0.434397369623184 0.422482162714005 0.4534912109375 0.467915683984756 0.491061270236969 0.478750795125961 0.496297776699066 0.51030695438385 0.48138353228569 0.507901012897491 0.52928501367569 0.507735729217529 0.531787037849426 0.534759283065796 0.544414758682251 0.505691349506378 0.502229452133179 0.507059037685394 0.492915660142899 0.512590527534485 0.543433308601379 0.512716174125671 0.485351949930191 0.496740490198135 0.524147391319275 0.519397437572479 0.520634055137634 0.49274867773056 0.488896638154984 0.495788961648941 0.482063472270966
0.380955010652542 0.376393139362335 0.384376168251038 0.380669921636581 0.363869518041611 0.356505930423737 0.369251102209091 0.374064832925797 0.378192692995071 0.376557111740112 0.384698390960693 0.413820505142212 0.412788718938828 0.393502056598663 0.396210998296738 0.414435774087906 0.46612149477005 0.471774816513062 0.489395886659622 0.494733601808548 0.490720868110657 0.492713451385498 0.509219586849213 0.523970425128937 0.522180020809174 0.497804909944534 0.492192506790161 0.509424448013306 0.552157521247864 0.548066675662994 0.514359056949615 0.496003836393356 0.512502014636993 0.516775369644165 0.505956709384918 0.494691848754883 0.478436499834061 0.477939158678055 0.482286095619202 0.503218948841095 0.515633702278137 0.515044093132019 0.485600411891937 0.481059581041336 0.510778069496155 0.497895956039429
0.384322196245193 0.385522425174713 0.369464993476868 0.369634300470352 0.365771532058716 0.366335421800613 0.361245691776276 0.369790315628052 0.381613940000534 0.393561393022537 0.401077330112457 0.413386791944504 0.421839833259583 0.409734636545181 0.399217039346695 0.470896512269974 0.463053584098816 0.47444623708725 0.484205633401871 0.47357764840126 0.469885945320129 0.482288420200348 0.499503910541534 0.517069697380066 0.503334879875183 0.490144193172455 0.499950081110001 0.496856778860092 0.499433547258377 0.477827697992325 0.473030716180801 0.477295011281967 0.511766016483307 0.504177689552307 0.524512112140656 0.498017370700836 0.497830718755722 0.49673792719841 0.45591276884079 0.476746499538422 0.499023705720901 0.499503046274185 0.476854801177979 0.472771942615509 0.449331760406494 0.475444048643112
0.402933090925217 0.402882277965546 0.397643029689789 0.379152864217758 0.371489584445953 0.381255000829697 0.386407166719437 0.357155293226242 0.384778648614883 0.373805671930313 0.374598652124405 0.40119481086731 0.41860231757164 0.403516829013824 0.403878808021545 0.463165611028671 0.470664024353027 0.474938213825226 0.471960544586182 0.45127809047699 0.457677572965622 0.471028536558151 0.490490138530731 0.506243526935577 0.530001938343048 0.527791678905487 0.519717633724213 0.493100553750992 0.491847276687622 0.521417796611786 0.554488480091095 0.541098475456238 0.552380740642548 0.572542786598206 0.573251843452454 0.542484879493713 0.526925444602966 0.50829404592514 0.496367365121841 0.504144191741943 0.484681874513626 0.476989895105362 0.490771532058716 0.468270301818848 0.457079142332077 0.460546493530273
0.419670075178146 0.404641360044479 0.40341791510582 0.398117035627365 0.388290494680405 0.375241369009018 0.402405977249146 0.367062270641327 0.376358330249786 0.3732530772686 0.380708932876587 0.390093237161636 0.42793408036232 0.409256994724274 0.45519033074379 0.455771565437317 0.442599058151245 0.426196694374084 0.431369662284851 0.442683190107346 0.474100768566132 0.498911052942276 0.4916832447052 0.490679562091827 0.502099692821503 0.511213302612305 0.527075827121735 0.523220837116241 0.536879301071167 0.581879138946533 0.613997876644135 0.588864266872406 0.609018683433533 0.685650408267975 0.652199983596802 0.608129978179932 0.58437168598175 0.546096205711365 0.522607505321503 0.518260419368744 0.476404935121536 0.469367176294327 0.468645036220551 0.443349927663803 0.434765934944153 0.427423089742661
0.403215438127518 0.401987135410309 0.414581149816513 0.394599437713623 0.411124885082245 0.378938168287277 0.376815646886826 0.362132579088211 0.37543985247612 0.377140164375305 0.374552488327026 0.381648004055023 0.394038021564484 0.418820261955261 0.448273569345474 0.406116515398026 0.434224367141724 0.435627013444901 0.43438321352005 0.459321141242981 0.472774863243103 0.484333753585815 0.467561006546021 0.478614538908005 0.49495530128479 0.53448486328125 0.557429075241089 0.528068721294403 0.564052104949951 0.616943061351776 0.632951080799103 0.630687534809113 0.667399883270264 0.711981058120728 0.704830944538116 0.648040413856506 0.579197943210602 0.541741073131561 0.518046975135803 0.495664477348328 0.468661844730377 0.468803435564041 0.462124973535538 0.443304926156998 0.417500972747803 0.406789660453796
