data/climate_estimation/maxent_output/Alstroemeria_brasiliensis.asc
NCOLS 202 
NROWS 153 
XLLCORNER -57.0833333333333 
YLLCORNER -23.25 
CELLSIZE 0.0833333333333333 
NODATA_value -3.4e+38 
[rows 20 to 39 of 153, columns 132 to 175 of 202]
0.87191915512085 0.875440180301666 0.874032020568848 0.871581494808197 0.868889153003693 0.867026090621948 0.862390637397766 0.861336648464203 0.853991389274597 0.84667706489563 0.838061630725861 0.831577360630035 0.808239936828613 0.81948322057724 0.816113591194153 0.813450753688812 0.812974810600281 0.808066666126251 0.801361620426178 0.80084902048111 0.798830986022949 0.791497945785522 0.797069847583771 0.795050144195557 0.791739821434021 0.79302304983139 0.792769134044647 0.796604752540588 0.798379898071289 0.798869967460632 0.797360897064209 0.803383886814117 0.803122460842133 0.797019898891449 0.805322766304016 0.804341971874237 0.798781156539917 0.798278510570526 0.802823841571808 0.80332213640213 0.803571105003357 0.79118025302887 0.794558227062225 0.789727866649628
0.87191915512085 0.872390866279602 0.869510591030121 0.866806745529175 0.866398692131042 0.865559816360474 0.858754634857178 0.860482096672058 0.852676153182983 0.847805559635162 0.842634260654449 0.839218854904175 0.823065519332886 0.821894526481628 0.818784654140472 0.816864371299744 0.812241852283478 0.807313859462738 0.806077003479004 0.800097823143005 0.798592209815979 0.79302304983139 0.798830986022949 0.798328399658203 0.797321796417236 0.793784081935883 0.796313345432281 0.792743980884552 0.800136685371399 0.799121081829071 0.800124287605286 0.803134799003601 0.798051953315735 0.802797496318817 0.799534261226654 0.799785017967224 0.799546658992767 0.804303348064423 0.804578065872192 0.802811503410339 0.800825834274292 0.799347162246704 0.802112638950348 0.794305026531219
0.867369771003723 0.865275323390961 0.87054306268692 0.868889153003693 0.861261188983917 0.857178211212158 0.858915090560913 0.856538951396942 0.850846529006958 0.848919034004211 0.844892501831055 0.832044303417206 0.824744164943695 0.821643352508545 0.817819595336914 0.819999933242798 0.81199723482132 0.808806121349335 0.809544444084167 0.807560801506042 0.802846968173981 0.798830986022949 0.79906964302063 0.795795857906342 0.793784081935883 0.793758928775787 0.800561487674713 0.796579778194427 0.798606276512146 0.802112638950348 0.799108624458313 0.8005490899086 0.801811814308167 0.802286326885223 0.804017782211304 0.80280989408493 0.8015496134758 0.799044787883759 0.800261437892914 0.803832292556763 0.798078536987305 0.801100790500641 0.799108624458313 0.800863027572632
0.863587915897369 0.86882609128952 0.864010751247406 0.865495920181274 0.859108805656433 0.860834181308746 0.857621431350708 0.851277232170105 0.850625455379486 0.84279191493988 0.840588986873627 0.835296511650085 0.828304946422577 0.818290412425995 0.820708394050598 0.829810380935669 0.81862884759903 0.819592118263245 0.816453695297241 0.809544444084167 0.807560801506042 0.804824829101562 0.800836622714996 0.797812879085541 0.798567295074463 0.805099308490753 0.800825834274292 0.799334764480591 0.804341971874237 0.799096167087555 0.802362203598022 0.79928332567215 0.796010851860046 0.799785017967224 0.795934081077576 0.795441329479218 0.799708843231201 0.80529659986496 0.800799369812012 0.798266053199768 0.796503067016602 0.794746994972229 0.799534261226654 0.794240593910217
0.865064978599548 0.866324603557587 0.858247578144073 0.860609769821167 0.85975307226181 0.855876803398132 0.854787945747375 0.851277232170105 0.845273971557617 0.848251402378082 0.838989973068237 0.835308015346527 0.831355333328247 0.823327720165253 0.823577880859375 0.828635334968567 0.822230100631714 0.817421734333038 0.819832623004913 0.815968871116638 0.814499199390411 0.813768625259399 0.808610200881958 0.80952000617981 0.798806071281433 0.798807740211487 0.798066079616547 0.802325069904327 0.802100241184235 0.807068347930908 0.800774574279785 0.799521803855896 0.807734251022339 0.797950565814972 0.79769891500473 0.802709400653839 0.798453509807587 0.795694053173065 0.803308188915253 0.802785158157349 0.796755313873291 0.79928332567215 0.800536692142487 0.799797475337982
0.862527966499329 0.864221930503845 0.858893752098083 0.85695093870163 0.854995250701904 0.856528222560883 0.853037595748901 0.84839540719986 0.852005481719971 0.843990981578827 0.840121567249298 0.838302433490753 0.831121504306793 0.822862386703491 0.825789213180542 0.824126601219177 0.823662161827087 0.823423802852631 0.820072948932648 0.814997673034668 0.813524842262268 0.815471470355988 0.810810506343842 0.81471836566925 0.808080494403839 0.799573183059692 0.800838232040405 0.805570781230927 0.802087903022766 0.807068347930908 0.803009688854218 0.803768992424011 0.799270868301392 0.80277281999588 0.795150935649872 0.80121123790741 0.79364413022995 0.800222516059875 0.803793668746948 0.803034365177155 0.80476325750351 0.798529922962189 0.800536692142487 0.798027038574219
0.862952411174774 0.862538456916809 0.859323740005493 0.85695093870163 0.853246092796326 0.853476166725159 0.850835561752319 0.850017726421356 0.850681722164154 0.845780432224274 0.839893281459808 0.832277536392212 0.830653488636017 0.825942397117615 0.828847289085388 0.826263010501862 0.820061028003693 0.821979105472565 0.817904949188232 0.817167937755585 0.815702199935913 0.813524842262268 0.81155788898468 0.808339297771454 0.805099308490753 0.797259330749512 0.809521615505219 0.802087903022766 0.809521615505219 0.804329633712769 0.804826438426971 0.800248980522156 0.802511096000671 0.803507804870605 0.805495381355286 0.809213042259216 0.807499587535858 0.811679720878601 0.803793668746948 0.802535831928253 0.800774574279785 0.805271983146667 0.80028623342514 0.79778790473938
0.861261188983917 0.86168760061264 0.858247578144073 0.856528222560883 0.850824594497681 0.853750884532928 0.85111266374588 0.847794473171234 0.84465616941452 0.845106303691864 0.835989773273468 0.828293263912201 0.827585935592651 0.828364849090576 0.822923064231873 0.820049107074738 0.818363726139069 0.816913962364197 0.81958019733429 0.813756585121155 0.808856546878815 0.813024818897247 0.816671848297119 0.810565173625946 0.801299631595612 0.80028623342514 0.799019873142242 0.806078612804413 0.811986744403839 0.808290421962738 0.806796550750732 0.807290971279144 0.810982763767242 0.815375149250031 0.817809164524078 0.808227717876434 0.80427873134613 0.809471249580383 0.804539561271667 0.804539561271667 0.804775595664978 0.797762930393219 0.79346764087677 0.80028623342514
0.859978139400482 0.858258306980133 0.855876803398132 0.853695154190063 0.856377184391022 0.851333379745483 0.851333379745483 0.846229076385498 0.841033279895782 0.841942608356476 0.836681663990021 0.828528761863708 0.824744164943695 0.821237087249756 0.821237087249756 0.815690159797668 0.817627489566803 0.814475059509277 0.817627489566803 0.812768518924713 0.812524259090424 0.807599127292633 0.808832108974457 0.812267661094666 0.808080494403839 0.802535831928253 0.801287233829498 0.809287846088409 0.809779703617096 0.812219202518463 0.809988856315613 0.809988856315613 0.808746635913849 0.815363109111786 0.81440269947052 0.814658045768738 0.81313419342041 0.813877880573273 0.806027889251709 0.802311062812805 0.80028623342514 0.795493125915527 0.793721199035645 0.792960107326508
0.857621431350708 0.855006039142609 0.854351341724396 0.855725467205048 0.854843437671661 0.850006759166718 0.849785149097443 0.848229289054871 0.835516273975372 0.836681663990021 0.827574253082275 0.826404273509979 0.827173829078674 0.822182714939117 0.819784939289093 0.810540854930878 0.809078335762024 0.808819890022278 0.807574689388275 0.810049772262573 0.810295343399048 0.808832108974457 0.809804081916809 0.804354250431061 0.801274836063385 0.797259330749512 0.807809293270111 0.810528695583344 0.811742007732391 0.810982763767242 0.812671661376953 0.810467839241028 0.816067099571228 0.815132260322571 0.817797183990479 0.82166862487793 0.809213042259216 0.804775595664978 0.808757245540619 0.796728670597076 0.800799369812012 0.795985817909241 0.790912866592407 0.790160715579987
0.85632199048996 0.855887591838837 0.855507910251617 0.857460260391235 0.849119246006012 0.848897039890289 0.845095157623291 0.840566396713257 0.838509023189545 0.831098318099976 0.823780715465546 0.821631491184235 0.818339824676514 0.8149374127388 0.809804081916809 0.806833326816559 0.805595338344574 0.797839462757111 0.807080566883087 0.805099308490753 0.804863393306732 0.810540854930878 0.805347383022308 0.808795511722565 0.801588356494904 0.809779703617096 0.810271024703979 0.816853940486908 0.814646005630493 0.814135074615479 0.812427282333374 0.811436414718628 0.814123034477234 0.816575825214386 0.817797183990479 0.81440269947052 0.814670145511627 0.805284261703491 0.811998844146729 0.805544555187225 0.802797496318817 0.793708622455597 0.793696105480194 0.788871109485626
0.855016887187958 0.857676386833191 0.855507910251617 0.858539283275604 0.850891768932343 0.846665978431702 0.835747361183167 0.834810674190521 0.832021117210388 0.826380848884583 0.82305371761322 0.818798184394836 0.816877961158752 0.812255561351776 0.804105699062347 0.799861252307892 0.792262673377991 0.789702534675598 0.793278455734253 0.79858136177063 0.799861252307892 0.803110122680664 0.807339906692505 0.80806827545166 0.80408102273941 0.807056069374084 0.805558502674103 0.810234487056732 0.813416063785553 0.811191439628601 0.813379764556885 0.809940159320831 0.820410430431366 0.818738400936127 0.819232165813446 0.816345572471619 0.810737550258636 0.808302640914917 0.81002539396286 0.801049590110779 0.79928332567215 0.79041576385498 0.787834823131561 0.785782396793365
0.856821656227112 0.857254683971405 0.853542745113373 0.846900880336761 0.844645023345947 0.843957424163818 0.835966885089874 0.832487523555756 0.823757112026215 0.827078580856323 0.822158992290497 0.819761097431183 0.80979186296463 0.8038569688797 0.797851920127869 0.795064330101013 0.78089314699173 0.784806311130524 0.785835027694702 0.794533133506775 0.796819448471069 0.801850557327271 0.805335104465485 0.809300065040588 0.806313991546631 0.806549191474915 0.805794060230255 0.80973094701767 0.807488977909088 0.808956265449524 0.81748366355896 0.819425106048584 0.823508560657501 0.821369767189026 0.818256080150604 0.815132260322571 0.814414739608765 0.813196301460266 0.806313991546631 0.805086970329285 0.797536194324493 0.792693614959717 0.782690823078156 0.782678008079529
0.862401127815247 0.853542745113373 0.851123571395874 0.845320045948029 0.843064665794373 0.836889207363129 0.832254409790039 0.82660573720932 0.827610850334167 0.824531614780426 0.816853940486908 0.811007082462311 0.806338548660278 0.798090994358063 0.791701972484589 0.78168249130249 0.780634105205536 0.773836672306061 0.774085402488708 0.782148420810699 0.788334131240845 0.803832292556763 0.804578065872192 0.799573183059692 0.798317551612854 0.805050075054169 0.806017220020294 0.800024926662445 0.811424314975739 0.811167120933533 0.815302908420563 0.813355565071106 0.819437026977539 0.816551804542542 0.813891530036926 0.811215758323669 0.807278692722321 0.805062353610992 0.803097784519196 0.799836397171021 0.791943728923798 0.781423807144165 0.7832071185112 0.77984344959259
0.855747044086456 0.848017513751984 0.845095157623291 0.842158317565918 0.842373847961426 0.833871603012085 0.834626436233521 0.833000957965851 0.818050622940063 0.824293792247772 0.81539922952652 0.803334534168243 0.79574579000473 0.787091434001923 0.782199680805206 0.77700936794281 0.772014915943146 0.774882912635803 0.775640666484833 0.781100749969482 0.784200191497803 0.792974352836609 0.794736087322235 0.795254528522491 0.796517252922058 0.799535870552063 0.799535870552063 0.804019391536713 0.806252598762512 0.808722198009491 0.816769957542419 0.818702578544617 0.816781938076019 0.809964537620544 0.813879430294037 0.805533885955811 0.802811503410339 0.796302437782288 0.796050071716309 0.792504191398621 0.792250037193298 0.791701972484589 0.7790647149086 0.77200186252594
0.850692689418793 0.847571313381195 0.844870150089264 0.838509023189545 0.83825695514679 0.838315308094025 0.832068920135498 0.826417565345764 0.821884214878082 0.818038702011108 0.810492157936096 0.79781448841095 0.787065982818604 0.786822199821472 0.775431334972382 0.772827804088593 0.770964324474335 0.769372522830963 0.771463751792908 0.779038965702057 0.784213006496429 0.787861883640289 0.795519828796387 0.799811542034149 0.796289920806885 0.790697634220123 0.803060710430145 0.801051199436188 0.798267722129822 0.800776183605194 0.806500136852264 0.804019391536713 0.806500136852264 0.805781781673431 0.801288902759552 0.798041164875031 0.794761180877686 0.79324072599411 0.791943728923798 0.788936138153076 0.78353077173233 0.773338913917542 0.77280181646347 0.770977377891541
0.848908007144928 0.843742847442627 0.844419658184052 0.843563199043274 0.836014151573181 0.832068920135498 0.827587485313416 0.819953799247742 0.815848588943481 0.810234487056732 0.798795282840729 0.791905879974365 0.785782396793365 0.783735811710358 0.768858551979065 0.764628767967224 0.769372522830963 0.768318057060242 0.775927543640137 0.775144219398499 0.7790647149086 0.782730877399445 0.787322342395782 0.789637625217438 0.793201327323914 0.793506979942322 0.791918516159058 0.801075994968414 0.797764599323273 0.798003733158112 0.800525903701782 0.79801619052887 0.799284994602203 0.792720437049866 0.795001626014709 0.797285974025726 0.789409220218658 0.782976269721985 0.780880331993103 0.781656861305237 0.770755290985107 0.771293938159943 0.768858551979065 0.768080353736877
0.845780432224274 0.849408864974976 0.840852200984955 0.84152352809906 0.835320949554443 0.833222091197968 0.819953799247742 0.817543625831604 0.811693429946899 0.809239029884338 0.797789514064789 0.787565946578979 0.777738928794861 0.774098336696625 0.768581807613373 0.768858551979065 0.765423655509949 0.769109010696411 0.764628767967224 0.771530568599701 0.77311760187149 0.778065323829651 0.78637421131134 0.788628041744232 0.783993601799011 0.786822199821472 0.789394855499268 0.792224824428558 0.790927171707153 0.790417432785034 0.792961776256561 0.787605702877045 0.793748021125793 0.787118494510651 0.785835027694702 0.782989084720612 0.780661463737488 0.76994001865387 0.772318005561829 0.77620142698288 0.771806180477142 0.76991218328476 0.763580739498138 0.758240103721619
0.850306510925293 0.83759081363678 0.839413583278656 0.832009553909302 0.828788995742798 0.82995194196701 0.820674300193787 0.814366519451141 0.801276504993439 0.79977422952652 0.792961776256561 0.781618416309357 0.77851927280426 0.775927543640137 0.769095957279205 0.764602482318878 0.763010144233704 0.76653641462326 0.772606313228607 0.769439518451691 0.776789247989655 0.772094666957855 0.784071981906891 0.779090464115143 0.780634105205536 0.780646920204163 0.783723056316376 0.777805149555206 0.779351830482483 0.78478080034256 0.779105007648468 0.781179428100586 0.780415177345276 0.781205117702484 0.777297377586365 0.772055625915527 0.768899440765381 0.765451669692993 0.769149959087372 0.763806700706482 0.758480846881866 0.75714385509491 0.759828865528107 0.754139840602875
0.838978588581085 0.834822177886963 0.832254409790039 0.829434394836426 0.825172126293182 0.815544188022614 0.819953799247742 0.812415182590485 0.801026403903961 0.794482946395874 0.791117131710052 0.787027835845947 0.781372487545013 0.76697164773941 0.764589309692383 0.758734703063965 0.765926897525787 0.761414527893066 0.775497734546661 0.77051842212677 0.772894501686096 0.778116881847382 0.779935121536255 0.770727515220642 0.779403269290924 0.775732934474945 0.777284443378448 0.772318005561829 0.777544856071472 0.776489794254303 0.775210678577423 0.780155897140503 0.775210678577423 0.773916184902191 0.768331170082092 0.76567530632019 0.760881900787354 0.757466197013855 0.756862878799438 0.74851006269455 0.752824306488037 0.752782583236694 0.751436531543732 0.746303081512451
