data/climate_estimation/maxent_output/Alstroemeria_hookeri.asc
NCOLS 44 
NROWS 233 
XLLCORNER -72.75 
YLLCORNER -37.1666666666667 
CELLSIZE 0.0833333333333334 
NODATA_value -3.4e+38 
[rows 115 to 137 of 233, columns 0 to 43 of 44]
-3.4e+38 -3.4e+38 -3.4e+38 -3.4e+38 -3.4e+38 -3.4e+38 -3.4e+38 -3.4e+38 -3.4e+38 -3.4e+38 -3.4e+38 -3.4e+38 -3.4e+38 -3.4e+38 -3.4e+38 -3.4e+38 -3.4e+38 -3.4e+38 -3.4e+38 -3.4e+38 -3.4e+38 0.254838168621063 0.41524001955986 0.522588491439819 0.449991494417191 0.31200098991394 0.275688052177429 0.316336959600449 0.398123055696487 0.271107763051987 0.176096558570862 0.0966837629675865 0.0636150687932968 0.305186688899994 0.0175152216106653 0.0135047370567918 0.00242166197858751 0.00309864734299481 0.000685992068611085 0.000801700400188565 0.000938264012802392 0.000399396813008934 0.00057210709201172 0.000591683143284172
-3.4e+38 -3.4e+38 -3.4e+38 -3.4e+38 -3.4e+38 -3.4e+38 -3.4e+38 -3.4e+38 -3.4e+38 -3.4e+38 -3.4e+38 -3.4e+38 -3.4e+38 -3.4e+38 -3.4e+38 -3.4e+38 -3.4e+38 -3.4e+38 -3.4e+38 -3.4e+38 -3.4e+38 0.220456019043922 0.306114226579666 0.300333201885223 0.279408097267151 0.235632687807083 0.311083108186722 0.293014049530029 0.24703711271286 0.220414042472839 0.121018141508102 0.109781071543694 0.0574645884335041 0.0620611310005188 0.0201489310711622 0.025270776823163 0.00189569185022265 0.00344287254847586 0.000447789730969816 0.00095058063743636 0.000865807582158595 0.000472810992505401 0.00105228880420327 0.000919115613214672
-3.4e+38 -3.4e+38 -3.4e+38 -3.4e+38 -3.4e+38 -3.4e+38 -3.4e+38 -3.4e+38 -3.4e+38 -3.4e+38 -3.4e+38 -3.4e+38 -3.4e+38 -3.4e+38 -3.4e+38 -3.4e+38 -3.4e+38 -3.4e+38 -3.4e+38 -3.4e+38 -3.4e+38 0.151987850666046 0.207321092486382 0.207471683621407 0.199586495757103 0.195272177457809 0.231297329068184 0.241105005145073 0.180093839764595 0.178099721670151 0.123128540813923 0.115162119269371 0.115176685154438 0.0700151771306992 0.0356518626213074 0.0338502489030361 0.00241695833392441 0.000880444480571896 0.000479084788821638 0.00125001836568117 0.000734905945137143 0.000542602967470884 0.000679586722981185 0.000658947741612792
-339999999999999996123846586046231871488.000000000000000 -3.4e+38 -3.4e+38 -3.4e+38 -3.4e+38 -3.4e+38 -3.4e+38 -3.4e+38 -3.4e+38 -3.4e+38 -3.4e+38 -3.4e+38 -3.4e+38 -3.4e+38 -3.4e+38 -3.4e+38 -3.4e+38 -3.4e+38 -3.4e+38 -3.4e+38 0.196515917778015 0.177817061543465 0.193555906414986 0.230822831392288 0.188119888305664 0.177196025848389 0.176558330655098 0.225031167268753 0.181872457265854 0.167291074991226 0.161621406674385 0.172234803438187 0.100471295416355 0.120873905718327 0.0394292064011097 0.0340234935283661 0.00433392869308591 0.00143436854705215 0.00152882887050509 0.00123053253628314 0.00066682230681181 0.000540827459190041 0.00067496212432161 0.00083424971671775
-3.4e+38 -3.4e+38 -3.4e+38 -3.4e+38 -3.4e+38 -3.4e+38 -3.4e+38 -3.4e+38 -3.4e+38 -3.4e+38 -3.4e+38 -3.4e+38 -3.4e+38 -3.4e+38 -3.4e+38 -3.4e+38 -3.4e+38 -3.4e+38 -3.4e+38 -3.4e+38 0.185866340994835 0.177860409021378 0.17309382557869 0.162641450762749 0.158865720033646 0.155163869261742 0.217852488160133 0.186506539583206 0.252827197313309 0.211117908358574 0.0709019675850868 0.205402344465256 0.213381797075272 0.167693957686424 0.0714269876480103 0.00392231438308954 0.00267277867533267 0.00168052746448666 0.00173523079138249 0.000887327070813626 0.000486929318867624 0.000518529792316258 0.000352099625160918 0.000590583309531212
-3.4e+38 -3.4e+38 -3.4e+38 -3.4e+38 -3.4e+38 -3.4e+38 -3.4e+38 -3.4e+38 -3.4e+38 -3.4e+38 -3.4e+38 -3.4e+38 -3.4e+38 -3.4e+38 -3.4e+38 -3.4e+38 -3.4e+38 -3.4e+38 -3.4e+38 0.190122276544571 0.226643815636635 0.233911216259003 0.219224780797958 0.204777404665947 0.179912447929382 0.142216041684151 0.154199093580246 0.242588803172112 0.234744906425476 0.246519640088081 0.212646514177322 0.173249810934067 0.198435574769974 0.101040296256542 0.00577816879376769 0.0045984354801476 0.00417926674708724 0.00137185829225928 0.00169913610443473 0.000495517742820084 0.0005133276572451 0.00087131472537294 0.000770302372984588 0.000805716321337968
-3.4e+38 -3.4e+38 -3.4e+38 -3.4e+38 -3.4e+38 -3.4e+38 -3.4e+38 -3.4e+38 -3.4e+38 -3.4e+38 -3.4e+38 -3.4e+38 -3.4e+38 -3.4e+38 -3.4e+38 -3.4e+38 -3.4e+38 -3.4e+38 -3.4e+38 0.184722453355789 0.279494673013687 0.262813121080399 0.203475594520569 0.175518035888672 0.161587402224541 0.160990610718727 0.139058202505112 0.216361567378044 0.221788883209229 0.362429887056351 0.354560017585754 0.249077439308167 0.205037176609039 0.103279389441013 0.00804806035012007 0.00530110206454992 0.00170387118123472 0.0017769931582734 0.000661963014863431 0.000741016236133873 0.000737571797799319 0.00078387523535639 0.000801227462943643 0.000767519639339298
-3.4e+38 -3.4e+38 -3.4e+38 -3.4e+38 -3.4e+38 -3.4e+38 -3.4e+38 -3.4e+38 -3.4e+38 -3.4e+38 -3.4e+38 -3.4e+38 -3.4e+38 -3.4e+38 -3.4e+38 -3.4e+38 -3.4e+38 -3.4e+38 -3.4e+38 0.288187265396118 0.119278095662594 0.280802667140961 0.223550766706467 0.212099596858025 0.152202486991882 0.147432059049606 0.1350177526474 0.204451650381088 0.206536799669266 0.299685567617416 0.367315858602524 0.335794806480408 0.249328136444092 0.0906976610422134 0.0133894309401512 0.00773514062166214 0.00183637603186071 0.00109718274325132 0.000683876976836473 0.000799579254817218 0.000941134640015662 0.00101154972799122 0.000594969955272973 0.00090393063146621
-3.4e+38 -3.4e+38 -3.4e+38 -3.4e+38 -3.4e+38 -3.4e+38 -3.4e+38 -3.4e+38 -3.4e+38 -3.4e+38 -3.4e+38 -3.4e+38 -3.4e+38 -3.4e+38 -3.4e+38 -3.4e+38 -3.4e+38 -3.4e+38 0.0784943252801895 0.0920539647340775 0.123678028583527 0.11026407033205 0.0967673733830452 0.210115551948547 0.0640896931290627 0.20320850610733 0.181554943323135 0.215241640806198 0.27447310090065 0.292633086442947 0.34086811542511 0.0599545687437057 0.139832615852356 0.196668863296509 0.0102474950253963 0.0018915943801403 0.00182946189306676 0.000593887001741678 0.00069220329169184 0.000770370534155518 0.00107662007212639 0.000785030832048506 0.000854903482832015 0.000774494779761881
-3.4e+38 -3.4e+38 -3.4e+38 -3.4e+38 -3.4e+38 -3.4e+38 -3.4e+38 -3.4e+38 -3.4e+38 -3.4e+38 -3.4e+38 -3.4e+38 -3.4e+38 -3.4e+38 -3.4e+38 -3.4e+38 -3.4e+38 -3.4e+38 0.0914391651749611 0.10090833902359 0.10638003051281 0.0934802070260048 0.0824703797698021 0.0627824068069458 0.0602238960564137 0.0603991411626339 0.0621460974216461 0.0966042429208755 0.19417604804039 0.189522042870522 0.157458245754242 0.0776056051254272 0.0297454204410315 0.248996689915657 0.0111206378787756 0.00348369008861482 0.00177719548810273 0.0011730482801795 0.000578432634938508 0.000502405920997262 0.000821471854578704 0.00065167696448043 0.00100127642508596 0.00098285567946732
-3.4e+38 -3.4e+38 -3.4e+38 -3.4e+38 -3.4e+38 -3.4e+38 -3.4e+38 -3.4e+38 -3.4e+38 -3.4e+38 -3.4e+38 -3.4e+38 -3.4e+38 -3.4e+38 -3.4e+38 -3.4e+38 -3.4e+38 -3.4e+38 0.0900466069579124 0.126289054751396 0.110869914293289 0.132530838251114 0.0784030109643936 0.0717813819646835 0.0667126253247261 0.0825597271323204 0.0694925412535667 0.106503210961819 0.191882327198982 0.220817178487778 0.196376383304596 0.0842636376619339 0.0281358305364847 0.0264534335583448 0.0114752873778343 0.00774680031463504 0.00172673328779638 0.000823597889393568 0.000506535870954394 0.00056040397612378 0.000618420192040503 0.000673401518724859 0.00109414372127503 0.00097778916824609
-3.4e+38 -3.4e+38 -3.4e+38 -3.4e+38 -3.4e+38 -3.4e+38 -3.4e+38 -3.4e+38 -3.4e+38 -3.4e+38 -3.4e+38 -3.4e+38 -3.4e+38 -3.4e+38 -3.4e+38 -3.4e+38 -3.4e+38 -3.4e+38 0.0943480655550957 0.140544310212135 0.138259097933769 0.142908021807671 0.121368505060673 0.0830126404762268 0.0674431845545769 0.0890007019042969 0.0901108607649803 0.090472050011158 0.153228148818016 0.197811722755432 0.185799703001976 0.0695948302745819 0.00376812205649912 0.00589625537395477 0.00322269764728844 0.00303049595095217 0.0013113598106429 0.00062014302238822 0.00054910039762035 0.000553331570699811 0.000581258442252874 0.000674875278491527 0.00102322443854064 0.00118205964099616
-3.4e+38 -3.4e+38 -3.4e+38 -3.4e+38 -3.4e+38 -3.4e+38 -3.4e+38 -3.4e+38 -3.4e+38 -3.4e+38 -3.4e+38 -3.4e+38 -3.4e+38 -3.4e+38 -3.4e+38 -3.4e+38 -3.4e+38 -3.4e+38 0.110015861690044 0.11372197419405 0.159079492092133 0.115586087107658 0.128787159919739 0.108531408011913 0.0823241621255875 0.0914497822523117 0.147540226578712 0.142582058906555 0.210487440228462 0.294979304075241 0.104774616658688 0.0160389021039009 0.00596335902810097 0.0061798682436347 0.00220773927867413 0.00137297005858272 0.000634855474345386 0.000545903923921287 0.000420277589000762 0.000544494250789285 0.000913515803404152 0.00107189698610455 0.00092813209630549 0.00129832373932004
-3.4e+38 -3.4e+38 -3.4e+38 -3.4e+38 -3.4e+38 -3.4e+38 -3.4e+38 -3.4e+38 -3.4e+38 -3.4e+38 -3.4e+38 -3.4e+38 -3.4e+38 -3.4e+38 -3.4e+38 -3.4e+38 -3.4e+38 0.140864729881287 0.126778557896614 0.165997698903084 0.162616416811943 0.0755963325500488 0.0613249354064465 0.0544702038168907 0.0905790627002716 0.128698617219925 0.307168692350388 0.360214710235596 0.230962812900543 0.285348802804947 0.109967909753323 0.0199963785707951 0.00279897009022534 0.00383438915014267 0.0018418199615553 0.00160170567687601 0.000723692821338773 0.000393702561268583 0.000557544233743101 0.00052274827612564 0.000546963477972895 0.000660567719023675 0.000970113731455058 0.00134728790726513
-3.4e+38 -3.4e+38 -3.4e+38 -3.4e+38 -3.4e+38 -3.4e+38 -3.4e+38 -3.4e+38 -3.4e+38 -3.4e+38 -3.4e+38 -3.4e+38 -3.4e+38 -3.4e+38 -3.4e+38 -3.4e+38 -3.4e+38 0.20358119904995 0.23529914021492 0.218515738844872 0.149571314454079 0.131138026714325 0.0461730472743511 0.0457537844777107 0.0388863012194633 0.147520273923874 0.279465079307556 0.379676967859268 0.345033586025238 0.290866494178772 0.0284355878829956 0.00804290268570185 0.00430604489520192 0.00239567738026381 0.00156200444325805 0.00103638682048768 0.000685719423927367 0.000553521502297372 0.000484753662021831 0.00052623194642365 0.00069740554317832 0.000672154885251075 0.00119582412298769 0.00156990287359804
-3.4e+38 -3.4e+38 -3.4e+38 -3.4e+38 -3.4e+38 -3.4e+38 -3.4e+38 -3.4e+38 -3.4e+38 -3.4e+38 -3.4e+38 -3.4e+38 -3.4e+38 -3.4e+38 -3.4e+38 -3.4e+38 -3.4e+38 0.21674557030201 0.117252208292484 0.148757383227348 0.129111722111702 0.100679852068424 0.0507822632789612 0.047789428383112 0.0419282764196396 0.143586754798889 0.330547630786896 0.441982805728912 0.430736780166626 0.0664898306131363 0.0424830727279186 0.00892370473593473 0.00276398239657283 0.00216031749732792 0.00196679611690342 0.000894825614523143 0.000453310873126611 0.000765356933698058 0.000461791933048517 0.000588897615671158 0.000556921120733023 0.000650056288577616 0.00117457890883088 0.00158722477499396
-3.4e+38 -3.4e+38 -3.4e+38 -3.4e+38 -3.4e+38 -3.4e+38 -3.4e+38 -3.4e+38 -3.4e+38 -3.4e+38 -3.4e+38 -3.4e+38 -3.4e+38 -3.4e+38 -3.4e+38 -3.4e+38 0.141807526350021 0.165133744478226 0.224233150482178 0.240330919623375 0.234562605619431 0.129845231771469 0.0860100015997887 0.063908264040947 0.0674937665462494 0.065850093960762 0.199126899242401 0.356202095746994 0.431246668100357 0.0636421293020248 0.0390148721635342 0.00455279182642698 0.00268486980348825 0.00307575310580432 0.00163275271188468 0.000997750787064433 0.000438883143942803 0.00056270690402016 0.000491416139993817 0.000537533778697252 0.000422686280217022 0.000847134797368199 0.00102134339977056 0.00191447394900024
-3.4e+38 -3.4e+38 -3.4e+38 -3.4e+38 -3.4e+38 -3.4e+38 -3.4e+38 -3.4e+38 -3.4e+38 -3.4e+38 -3.4e+38 -3.4e+38 -3.4e+38 -3.4e+38 -3.4e+38 0.229377537965775 0.207445845007896 0.265866488218307 0.261875033378601 0.241397857666016 0.302348256111145 0.180363163352013 0.123172052204609 0.11683302372694 0.11170394718647 0.374739050865173 0.491973429918289 0.193570330739021 0.322655469179153 0.135749489068985 0.0515675991773605 0.00533999921754003 0.00450830953195691 0.00264178868383169 0.00178791186772287 0.00104041222948581 0.00109173590317369 0.000608122150879353 0.0005067159072496 0.000441506417701021 0.00056839914759621 0.000661958183627576 0.00125953333918005 0.00220840238034725
-3.4e+38 -3.4e+38 -3.4e+38 -3.4e+38 -3.4e+38 -3.4e+38 -3.4e+38 -3.4e+38 -3.4e+38 -3.4e+38 -3.4e+38 -3.4e+38 -3.4e+38 -3.4e+38 0.278690189123154 0.259794145822525 0.277727603912354 0.318177074193954 0.306091994047165 0.307555854320526 0.296029627323151 0.158741936087608 0.116654418408871 0.12238447368145 0.153165474534035 0.317004770040512 0.310758143663406 0.184940710663795 0.112067699432373 0.237522691488266 0.0579843446612358 0.00535723427310586 0.0162870902568102 0.00338185834698379 0.00167662836611271 0.00103288155514747 0.000461019721115008 0.000588263617828488 0.000506922602653503 0.000653944618534297 0.000465248245745897 0.000615841709077358 0.00151548360008746 0.00154263072181493
-3.4e+38 -3.4e+38 -3.4e+38 -3.4e+38 -3.4e+38 -3.4e+38 -3.4e+38 -3.4e+38 -3.4e+38 -3.4e+38 -3.4e+38 -3.4e+38 -3.4e+38 -3.4e+38 0.364432632923126 0.362700551748276 0.333358108997345 0.274807244539261 0.251473158597946 0.221546217799187 0.169336438179016 0.159775465726852 0.135311990976334 0.163726702332497 0.197526589035988 0.30393448472023 0.253237247467041 0.218628332018852 0.104633815586567 0.113636821508408 0.0690553337335587 0.0341904759407043 0.00690791849046946 0.00144399597775191 0.00163411872927099 0.00132637284696102 0.000435760361142457 0.000576913123950362 0.000393155176425353 0.000404540012823418 0.000626903958618641 0.000891022034920752 0.00173556816298515 0.00123622710816562
-3.4e+38 -3.4e+38 -3.4e+38 -3.4e+38 -3.4e+38 -3.4e+38 -3.4e+38 -3.4e+38 -3.4e+38 -3.4e+38 -3.4e+38 -3.4e+38 -3.4e+38 0.255859404802322 0.406598716974258 0.383536219596863 0.339699417352676 0.18686705827713 0.204453408718109 0.199075669050217 0.2710902094841 0.208166375756264 0.190685927867889 0.191335618495941 0.371710151433945 0.460681229829788 0.320370227098465 0.230287149548531 0.0185613855719566 0.0304202251136303 0.0228819567710161 0.0358486026525497 0.00441602896898985 0.00191323645412922 0.00126924249343574 0.000863272522110492 0.000892596086487174 0.00045154441613704 0.000373044720618054 0.000379473756765947 0.000570312142372131 0.00083893648115918 0.00092142348876223 0.00140059588011354
-3.4e+38 -3.4e+38 -3.4e+38 -3.4e+38 -3.4e+38 -3.4e+38 -3.4e+38 -3.4e+38 -3.4e+38 -3.4e+38 -3.4e+38 -3.4e+38 -3.4e+38 -3.4e+38 0.245012521743774 0.211042359471321 0.222874090075493 0.20107589662075 0.210000336170197 0.2230554074049 0.219098836183548 0.342993289232254 0.257521271705627 0.256851434707642 0.358103394508362 0.423738658428192 0.164511784911156 0.0828853324055672 0.0518568903207779 0.00986582227051258 0.00448460225015879 0.00661620404571295 0.00297325965948403 0.00174740434158593 0.00151835521683097 0.000840477354358882 0.000821740424726158 0.000736732152290642 0.000435353169450536 0.000407895946409553 0.000418567506130785 0.000672242080327123 0.000665280618704855 0.00155748974066228
-3.4e+38 -3.4e+38 -3.4e+38 -3.4e+38 -3.4e+38 -3.4e+38 -3.4e+38 -3.4e+38 -3.4e+38 -3.4e+38 -3.4e+38 -3.4e+38 -3.4e+38 -3.4e+38 0.2696573138237 0.250636488199234 0.219202950596809 0.209310084581375 0.275729030370712 0.295312315225601 0.218371003866196 0.178252145648003 0.24951146543026 0.333510786294937 0.400456786155701 0.477062374353409 0.0962103083729744 0.0155741749331355 0.0610477291047573 0.0109348259866238 0.00451135635375977 0.00451043108478189 0.00275886477902532 0.00117498962208629 0.00124563614372164 0.00102434516884387 0.00107059301808476 0.00048875977518037 0.000440439500380307 0.000398429721826687 0.000421617936808616 0.000653865339700133 0.000779953203164041 0.000845181988552213
