data/climate_estimation/maxent_output/Alstroemeria_foliosa.asc
NCOLS 165 
NROWS 166 
XLLCORNER -56.8333333333333 
YLLCORNER -24.3333333333333 
CELLSIZE 0.0833333333333333 
NODATA_value -3.4e+38 
[rows 114 to 132 of 166, columns 88 to 131 of 165]
0.256893217563629 0.265181809663773 0.221779048442841 0.245578318834305 0.268186658620834 0.312009453773499 0.313594132661819 0.346278667449951 0.330661565065384 0.290951251983643 0.271502643823624 0.277113914489746 0.288171023130417 0.331481337547302 0.329999566078186 0.318433284759521 0.383582234382629 0.400553911924362 0.405655801296234 0.427825540304184 0.475007891654968 0.413421303033829 0.421563416719437 0.447037845849991 0.412537306547165 0.492932140827179 0.595512330532074 0.742799460887909 0.773673593997955 0.776552975177765 0.785400688648224 0.827924072742462 0.89506196975708 0.909234642982483 0.935737013816833 0.912197411060333 0.86993283033371 0.784059584140778 0.736762285232544 0.412653803825378 0.316700994968414 0.229964599013329 0.266997873783112 0.29694989323616
0.329847574234009 0.260621637105942 0.261452496051788 0.244876116514206 0.260251104831696 0.248284101486206 0.261428952217102 0.306695252656937 0.303446441888809 0.282977610826492 0.271939158439636 0.280085772275925 0.283180952072144 0.274338871240616 0.315159410238266 0.340949147939682 0.350981891155243 0.384188145399094 0.427232533693314 0.42120024561882 0.461398422718048 0.4837386906147 0.417171806097031 0.406215816736221 0.475244849920273 0.406627237796783 0.478611439466476 0.56508082151413 0.772489547729492 0.864383399486542 0.886572360992432 0.937735021114349 0.946636140346527 0.966865539550781 0.950482547283173 0.874759614467621 0.692125797271729 0.618890523910522 0.519056499004364 0.484469920396805 0.320130884647369 0.31360000371933 0.271150797605515 0.275232434272766
0.316405415534973 0.281764060258865 0.264416128396988 0.241229578852654 0.246429726481438 0.246761932969093 0.252458810806274 0.296481311321259 0.290465474128723 0.292994886636734 0.27491956949234 0.274975091218948 0.285887837409973 0.286020487546921 0.30540731549263 0.321373224258423 0.344865769147873 0.35804146528244 0.420717835426331 0.404668807983398 0.411387890577316 0.480588883161545 0.454668134450912 0.499566942453384 0.504037499427795 0.490792483091354 0.442285686731339 0.484391719102859 0.553768157958984 0.662811100482941 0.7035151720047 0.818708598613739 0.92020857334137 0.937970995903015 0.980488121509552 0.990369975566864 0.993975758552551 0.718699038028717 0.532993316650391 0.475285857915878 0.451488614082336 0.408028215169907 0.38466414809227 0.360828161239624
0.329276114702225 0.285465896129608 0.274279445409775 0.23606438934803 0.245253846049309 0.254304140806198 0.232320502400398 0.284486174583435 0.309365391731262 0.331918448209763 0.28245598077774 0.292642802000046 0.287988483905792 0.302524864673615 0.326519191265106 0.353408724069595 0.363786369562149 0.34492015838623 0.391332626342773 0.376311838626862 0.407341510057449 0.452371150255203 0.497918009757996 0.478102773427963 0.512929618358612 0.504753410816193 0.417632639408112 0.482275366783142 0.513449609279633 0.561892330646515 0.615998685359955 0.716140151023865 0.847710192203522 0.939218878746033 0.974867403507233 0.983479261398315 0.989216923713684 0.798973739147186 0.694848716259003 0.653136312961578 0.544169008731842 0.53880912065506 0.561762988567352 0.543336451053619
0.395455986261368 0.340381652116776 0.289443016052246 0.289158135652542 0.252063423395157 0.25909411907196 0.280406147241592 0.28535869717598 0.329825907945633 0.34052911400795 0.330085217952728 0.331134378910065 0.287467300891876 0.308444440364838 0.359507292509079 0.373019009828568 0.361687451601028 0.389867722988129 0.376350253820419 0.407341510057449 0.422729551792145 0.423032730817795 0.46310293674469 0.495159357786179 0.514264345169067 0.413435816764832 0.424249202013016 0.542997241020203 0.672870635986328 0.641692638397217 0.593200743198395 0.621156394481659 0.725818991661072 0.917656898498535 0.978210508823395 0.992321491241455 0.968241512775421 0.834581613540649 0.720770955085754 0.703424215316772 0.727304041385651 0.801133096218109 0.848733305931091 0.874138653278351
0.414589673280716 0.371994495391846 0.310185015201569 0.297841548919678 0.309744834899902 0.295507371425629 0.299712628126144 0.330051809549332 0.335315853357315 0.403655707836151 0.408207595348358 0.386092156171799 0.353317856788635 0.312598913908005 0.353756934404373 0.411891013383865 0.377646565437317 0.42713063955307 0.398743003606796 0.403163939714432 0.432422876358032 0.467399537563324 0.486343741416931 0.511075973510742 0.540807604789734 0.46806001663208 0.409098953008652 0.635375261306763 0.710508406162262 0.799510061740875 0.639590561389923 0.681692779064178 0.679175138473511 0.682316899299622 0.855256140232086 0.983511209487915 0.994319260120392 0.979262471199036 0.92952573299408 0.890213489532471 0.905757188796997 0.969357311725616 0.978363513946533 0.978026032447815
0.438888996839523 0.394734084606171 0.395370960235596 0.322765082120895 0.313920259475708 0.313909113407135 0.318796545267105 0.349464803934097 0.400697886943817 0.45300018787384 0.483700752258301 0.459235101938248 0.4037706553936 0.366270631551743 0.371455639600754 0.400604963302612 0.419349402189255 0.51596987247467 0.485944211483002 0.483806222677231 0.421493798494339 0.496463358402252 0.523795783519745 0.552795767784119 0.623955607414246 0.600246369838715 0.509214401245117 0.595907509326935 0.668874144554138 0.812173306941986 0.631926774978638 0.687659919261932 0.707889795303345 0.777818441390991 0.736520946025848 0.797313392162323 0.977985501289368 0.996654450893402 0.996184289455414 0.989494740962982 0.980274438858032 0.971469640731812 0.992653369903564 0.990234732627869
0.476324915885925 0.460277795791626 0.46836844086647 0.394931733608246 0.37407460808754 0.374307245016098 0.383381247520447 0.386685132980347 0.414127588272095 0.488199293613434 0.510740518569946 0.476487576961517 0.402110815048218 0.371226757764816 0.37333944439888 0.41024574637413 0.423331737518311 0.552302777767181 0.639685750007629 0.603800237178802 0.538972079753876 0.492290794849396 0.526538848876953 0.559465408325195 0.548381984233856 0.523302435874939 0.450227737426758 0.536827504634857 0.647307991981506 0.583351492881775 0.641037106513977 0.662105560302734 0.761465311050415 0.878987073898315 0.77165275812149 0.74890011548996 0.817509114742279 0.941241860389709 0.989625930786133 0.991398572921753 0.988154947757721 0.978091955184937 0.981113433837891 0.995392143726349
0.48827338218689 0.542428553104401 0.493824630975723 0.477203905582428 0.445615291595459 0.411177277565002 0.408833563327789 0.456905245780945 0.498648136854172 0.526579916477203 0.540443778038025 0.502443671226501 0.444329231977463 0.399233281612396 0.391336590051651 0.426929384469986 0.494857609272003 0.556875050067902 0.650965988636017 0.767884731292725 0.749563455581665 0.646280109882355 0.548091053962708 0.531122624874115 0.601171731948853 0.535823941230774 0.551296651363373 0.566996335983276 0.700285017490387 0.756783962249756 0.715402007102966 0.762518405914307 0.777425408363342 0.85099321603775 0.866770327091217 0.87309741973877 0.893211424350739 0.856488764286041 0.941814482212067 0.945172071456909 0.946597456932068 0.973908424377441 0.945632040500641 0.940253853797913
0.483055174350739 0.52947461605072 0.555457770824432 0.552482903003693 0.467695385217667 0.483285874128342 0.48665589094162 0.518024146556854 0.546474516391754 0.550447940826416 0.585975885391235 0.539494395256042 0.444248646497726 0.439825773239136 0.41224005818367 0.443569511175156 0.480226933956146 0.596774756908417 0.704860627651215 0.795726597309113 0.769473850727081 0.76935887336731 0.726224720478058 0.694556474685669 0.656874597072601 0.635168433189392 0.648306846618652 0.683981001377106 0.713091492652893 0.847689032554626 0.78695672750473 0.836828351020813 0.864271819591522 0.929042875766754 0.936228811740875 0.926594853401184 0.931730091571808 0.924652099609375 0.924709856510162 0.936253070831299 0.933371007442474 0.963843524456024 0.933718383312225 0.927702724933624
0.463795840740204 0.529711723327637 0.547953844070435 0.545667409896851 0.53656792640686 0.526997983455658 0.542524397373199 0.555119037628174 0.572543144226074 0.603921294212341 0.662054479122162 0.599961280822754 0.533235847949982 0.469705283641815 0.492119699716568 0.507766127586365 0.547070682048798 0.658159852027893 0.768985569477081 0.768323302268982 0.810262739658356 0.796214044094086 0.797722041606903 0.786503732204437 0.776583611965179 0.741955637931824 0.707635045051575 0.730357229709625 0.780929088592529 0.858494997024536 0.884673774242401 0.915427446365356 0.959932267665863 0.960770487785339 0.976131558418274 0.973013341426849 0.96319055557251 0.970579981803894 0.972173988819122 0.945732295513153 0.955503702163696 0.958105325698853 0.994894564151764 0.968386948108673
0.422964036464691 0.444158583879471 0.521593749523163 0.550152003765106 0.571456730365753 0.55808287858963 0.531924545764923 0.525498449802399 0.560061573982239 0.611508667469025 0.671876490116119 0.668894290924072 0.587714076042175 0.539242684841156 0.507331907749176 0.564440429210663 0.676694333553314 0.728675484657288 0.770266950130463 0.773602783679962 0.787716507911682 0.81095027923584 0.838246047496796 0.827717483043671 0.834501028060913 0.831832945346832 0.808993339538574 0.828101933002472 0.875089049339294 0.919543027877808 0.93094128370285 0.952551901340485 0.970553755760193 0.978279054164886 0.976168274879456 0.982004463672638 0.983648598194122 0.975459277629852 0.982413351535797 0.951578557491302 0.93478524684906 0.902467608451843 0.91094845533371 0.945489585399628
0.367790281772614 0.404177039861679 0.472146600484848 0.536431968212128 0.587711334228516 0.547150671482086 0.508259952068329 0.529391050338745 0.571214258670807 0.6025470495224 0.62398499250412 0.654400408267975 0.621360123157501 0.574300110340118 0.589904427528381 0.636081635951996 0.700862348079681 0.732423722743988 0.736406743526459 0.761413872241974 0.794818937778473 0.841450154781342 0.849261939525604 0.835550010204315 0.845005631446838 0.870282232761383 0.878078043460846 0.89460825920105 0.915709614753723 0.94748991727829 0.964325189590454 0.971892893314362 0.979550361633301 0.976849317550659 0.978551805019379 0.981037020683289 0.985047876834869 0.986428678035736 0.985163867473602 0.970915198326111 0.918214082717896 0.874617338180542 0.88026762008667 0.864662230014801
0.404110580682755 0.427996605634689 0.443213701248169 0.51726233959198 0.572592258453369 0.55435985326767 0.487694084644318 0.542216598987579 0.571175813674927 0.617423355579376 0.643635511398315 0.639944791793823 0.637743353843689 0.650841414928436 0.659657955169678 0.667651295661926 0.713937044143677 0.719709813594818 0.771457672119141 0.820305347442627 0.815251111984253 0.844627678394318 0.825586259365082 0.826957523822784 0.856721878051758 0.866217911243439 0.89115184545517 0.916489660739899 0.940056324005127 0.967028498649597 0.972479641437531 0.976497888565063 0.986234545707703 0.985477805137634 0.980583250522614 0.987115561962128 0.98995178937912 0.987196207046509 0.978445827960968 0.958332777023315 0.916609525680542 0.906874179840088 0.871704339981079 0.887405037879944
0.42425274848938 0.456521689891815 0.481646627187729 0.522937834262848 0.5502108335495 0.546839416027069 0.551132023334503 0.567903697490692 0.618976950645447 0.632183611392975 0.644211113452911 0.683834910392761 0.683726847171783 0.696343958377838 0.713602066040039 0.686660766601562 0.693240880966187 0.710015892982483 0.805290460586548 0.835547685623169 0.857559204101562 0.876311242580414 0.833268761634827 0.79672634601593 0.810839354991913 0.869355082511902 0.926570653915405 0.959163248538971 0.969453036785126 0.970999300479889 0.96018522977829 0.977583527565002 0.972519814968109 0.981479465961456 0.978891134262085 0.96415102481842 0.955870032310486 0.947529494762421 0.933088958263397 0.928321540355682 0.919673383235931 0.893353521823883 0.861018538475037 0.857617795467377
0.418658912181854 0.452569395303726 0.490075021982193 0.507186830043793 0.546357333660126 0.582640826702118 0.597737848758698 0.598952829837799 0.620514750480652 0.652725756168365 0.663501501083374 0.70400208234787 0.711040854454041 0.704581499099731 0.700609087944031 0.698398053646088 0.697543084621429 0.716128587722778 0.772674679756165 0.846577346324921 0.875523746013641 0.882596254348755 0.843467950820923 0.823338091373444 0.791089355945587 0.89586466550827 0.930030286312103 0.963519871234894 0.971552670001984 0.87790447473526 0.896616697311401 0.948537349700928 0.937993168830872 0.954632461071014 0.973225772380829 0.951840281486511 0.946007609367371 0.934198558330536 0.923349916934967 0.907120943069458 0.904117405414581 0.86706954240799 0.859360933303833 0.854971587657928
0.422193884849548 0.44556200504303 0.475984394550323 0.505693435668945 0.53885817527771 0.582892417907715 0.595205247402191 0.593667030334473 0.615193486213684 0.63984340429306 0.670580804347992 0.708545207977295 0.723989903926849 0.72848504781723 0.715246021747589 0.708433330059052 0.658632874488831 0.719997584819794 0.738119721412659 0.77301162481308 0.825343668460846 0.879469215869904 0.786243379116058 0.830365121364594 0.787164509296417 0.794248282909393 0.861060798168182 0.889983057975769 0.853222787380219 0.838743269443512 0.864720642566681 0.904917776584625 0.930316030979156 0.950686633586884 0.975088119506836 0.966229856014252 0.967866599559784 0.949382066726685 0.934939861297607 0.933497190475464 0.908409774303436 0.882925510406494 0.882773101329803 0.866553127765656
0.415517628192902 0.458268374204636 0.488848626613617 0.500041127204895 0.526545882225037 0.558751881122589 0.578047394752502 0.599539995193481 0.624153852462769 0.645240902900696 0.670710563659668 0.690038800239563 0.714333415031433 0.739696860313416 0.710722684860229 0.684942781925201 0.6510009765625 0.670712172985077 0.750090539455414 0.76020473241806 0.76039981842041 0.826480507850647 0.806924283504486 0.868526697158813 0.832284390926361 0.84786194562912 0.755917131900787 0.762888312339783 0.770337760448456 0.794993877410889 0.865057826042175 0.9385125041008 0.924112319946289 0.940200567245483 0.972063362598419 0.967455327510834 0.97292822599411 0.954393267631531 0.936001360416412 0.921736240386963 0.905674576759338 0.893868625164032 0.904701054096222 0.879317283630371
0.421942263841629 0.441005796194077 0.487637788057327 0.515822768211365 0.542564690113068 0.552640438079834 0.559295833110809 0.615910589694977 0.653532803058624 0.672081053256989 0.680667638778687 0.692808926105499 0.717935800552368 0.736778795719147 0.735414624214172 0.709560573101044 0.663358509540558 0.629966855049133 0.668706178665161 0.708238363265991 0.766242206096649 0.808502674102783 0.852204382419586 0.844280600547791 0.870397746562958 0.893436014652252 0.829479336738586 0.8010573387146 0.739214479923248 0.784826695919037 0.891953706741333 0.916041076183319 0.909445822238922 0.937217772006989 0.934334814548492 0.950696051120758 0.952437102794647 0.946050107479095 0.950746357440948 0.939311683177948 0.923767328262329 0.929377198219299 0.919460296630859 0.884771883487701
