data/climate_estimation/maxent_output/Alstroemeria_stenopetala.asc
NCOLS 144 
NROWS 131 
XLLCORNER -55.25 
YLLCORNER -20.6666666666667 
CELLSIZE 0.0833333333333333 
NODATA_value -3.4e+38 
[rows 20 to 39 of 131, columns 0 to 43 of 144]
0.0721126869320869 0.0725952312350273 0.0697801634669304 0.0703150853514671 0.0746892616152763 0.0343278832733631 0.0329663306474686 0.0343964472413063 0.0382029004395008 0.0848954021930695 0.0861405804753304 0.0899327099323273 0.0897278487682343 0.196678206324577 0.190028473734856 0.183741852641106 0.34926238656044 0.367108941078186 0.574996709823608 0.559647440910339 0.615853488445282 0.597947537899017 0.597218871116638 0.619509696960449 0.62410980463028 0.599251091480255 0.590339720249176 0.618660151958466 0.602739572525024 0.583333551883698 0.54418420791626 0.449067413806915 0.443130671977997 0.420007407665253 0.251857727766037 0.245703369379044 0.24334654211998 0.234113544225693 0.220427304506302 0.100068785250187 0.0992287322878838 0.0856704413890839 0.082864798605442 0.0795325413346291
0.0699047148227692 0.0708796009421349 0.0660993978381157 0.0658702552318573 0.0722669586539268 0.0691779181361198 0.0328374579548836 0.0348217971622944 0.083950012922287 0.0880217477679253 0.0837970897555351 0.088201642036438 0.0963799580931664 0.194670930504799 0.177655696868896 0.3555808365345 0.356263726949692 0.571743547916412 0.578064739704132 0.556775748729706 0.618934094905853 0.604685187339783 0.630292952060699 0.62911993265152 0.609721064567566 0.601804256439209 0.600920617580414 0.592005431652069 0.595605432987213 0.573916435241699 0.544896721839905 0.449067413806915 0.432977974414825 0.255808740854263 0.243532553315163 0.246433109045029 0.238491863012314 0.2402014285326 0.226335108280182 0.21745964884758 0.107044748961926 0.0980719998478889 0.0863795727491379 0.082958772778511
0.0709889754652977 0.0683333873748779 0.0695881396532059 0.0688171163201332 0.070321187376976 0.0715094208717346 0.0715359151363373 0.0814359560608864 0.0868731439113617 0.0834998041391373 0.0862305238842964 0.0924893468618393 0.198578760027885 0.188603550195694 0.180796504020691 0.38468062877655 0.388401478528976 0.582260310649872 0.554983079433441 0.632123470306396 0.606511056423187 0.617936313152313 0.6175696849823 0.61903327703476 0.602786958217621 0.62363213300705 0.608837187290192 0.604568243026733 0.584146678447723 0.565047442913055 0.473669439554214 0.456442803144455 0.432977974414825 0.254386514425278 0.244054168462753 0.242822259664536 0.240340024232864 0.246014982461929 0.241305395960808 0.221011489629745 0.211522772908211 0.0982607379555702 0.0995333716273308 0.0917593166232109
0.0659744888544083 0.068199947476387 0.0707971528172493 0.073559358716011 0.0714409351348877 0.0773107334971428 0.0789849236607552 0.0846016854047775 0.0882516801357269 0.0864949896931648 0.0842847675085068 0.189790472388268 0.187066495418549 0.191059321165085 0.383961766958237 0.393380224704742 0.594790697097778 0.569028735160828 0.64348429441452 0.639249682426453 0.612242817878723 0.626889228820801 0.625425815582275 0.601549983024597 0.614646255970001 0.619609951972961 0.620918095111847 0.594287633895874 0.59814041852951 0.582955837249756 0.48194894194603 0.451343834400177 0.422015905380249 0.248492643237114 0.231683477759361 0.235477298498154 0.245360255241394 0.245897546410561 0.254302054643631 0.113796323537827 0.105577848851681 0.104500636458397 0.0975115224719048 0.0963302776217461
0.138082265853882 0.0659064948558807 0.0725800171494484 0.0704561620950699 0.0721949338912964 0.0757373124361038 0.080510713160038 0.0851181969046593 0.0867886692285538 0.0894174501299858 0.190174654126167 0.188693955540657 0.188073620200157 0.197038412094116 0.390545010566711 0.407119125127792 0.602289199829102 0.58787989616394 0.656258285045624 0.621922552585602 0.621922552585602 0.606102168560028 0.604642331600189 0.608868479728699 0.602489769458771 0.579198360443115 0.622015297412872 0.60831755399704 0.599443972110748 0.596062123775482 0.479241639375687 0.469398140907288 0.270678162574768 0.260875135660172 0.245201915502548 0.231203213334084 0.243494361639023 0.246321216225624 0.120694510638714 0.123109683394432 0.116201609373093 0.1103251054883 0.108438909053802 0.0991553589701653
0.145790755748749 0.150744542479515 0.0715421214699745 0.0688979402184486 0.0719520449638367 0.0791793763637543 0.0853691026568413 0.0884605124592781 0.0862527415156364 0.182418555021286 0.178678795695305 0.179295912384987 0.203513354063034 0.409799367189407 0.406372576951981 0.608878314495087 0.598643362522125 0.66340047121048 0.644390225410461 0.640235364437103 0.584601640701294 0.603547751903534 0.556140661239624 0.551484823226929 0.60996413230896 0.595929265022278 0.628409028053284 0.599925816059113 0.599984109401703 0.589148819446564 0.48516571521759 0.480857253074646 0.282448798418045 0.267643600702286 0.246391832828522 0.247825443744659 0.114486657083035 0.115141116082668 0.117542937397957 0.116081938147545 0.120182365179062 0.0544006340205669 0.0513594448566437 0.0465663559734821
0.155370429158211 0.157178312540054 0.146613299846649 0.153632044792175 0.163235858082771 0.177214771509171 0.180751740932465 0.178231030702591 0.181133896112442 0.1777233928442 0.181985035538673 0.190233364701271 0.406313478946686 0.407271504402161 0.397201538085938 0.606533169746399 0.60778284072876 0.654643177986145 0.654357314109802 0.628527283668518 0.585137844085693 0.540226638317108 0.556670427322388 0.558464646339417 0.620372653007507 0.607618570327759 0.629717767238617 0.612430453300476 0.611141622066498 0.514737069606781 0.504049062728882 0.475456148386002 0.288534998893738 0.276157855987549 0.249713078141212 0.115819811820984 0.118245325982571 0.108084440231323 0.10953339189291 0.0528560802340508 0.0540031976997852 0.054824773222208 0.048527680337429 0.0412747040390968
0.159772470593452 0.156030789017677 0.154048681259155 0.163753017783165 0.172439336776733 0.175340190529823 0.169991984963417 0.168259173631668 0.180321723222733 0.180949807167053 0.195764675736427 0.387128323316574 0.400372296571732 0.400828748941422 0.401134073734283 0.607263267040253 0.590050339698792 0.658139586448669 0.634803771972656 0.624838471412659 0.599345803260803 0.555953204631805 0.545022547245026 0.564064681529999 0.619486510753632 0.644525945186615 0.63611251115799 0.617027282714844 0.621586441993713 0.515119314193726 0.513444721698761 0.293090790510178 0.289397716522217 0.273607909679413 0.123330302536488 0.11491134762764 0.119464322924614 0.110087677836418 0.0508942343294621 0.051023256033659 0.0504073463380337 0.0512043200433254 0.0489030331373215 0.0421112217009068
0.155383422970772 0.155456960201263 0.163153618574142 0.173295244574547 0.164420858025551 0.163527324795723 0.17218816280365 0.177796930074692 0.185172498226166 0.198032155632973 0.386455684900284 0.385197043418884 0.391745001077652 0.397132247686386 0.583185732364655 0.581009745597839 0.573560535907745 0.636157631874084 0.653770923614502 0.638395726680756 0.60466206073761 0.60223251581192 0.605756878852844 0.59391850233078 0.622623443603516 0.642140328884125 0.641124606132507 0.630215287208557 0.539489805698395 0.50747549533844 0.492558240890503 0.30323651432991 0.293641984462738 0.282510042190552 0.130041971802711 0.118947587907314 0.116061098873615 0.112917847931385 0.0499674566090107 0.047833014279604 0.0462279990315437 0.0498698763549328 0.0469385795295238 0.0425996333360672
0.166132017970085 0.155804365873337 0.170493304729462 0.178936064243317 0.174079239368439 0.168809980154037 0.173295244574547 0.18120276927948 0.181685835123062 0.189623638987541 0.196496114134789 0.19020314514637 0.377505213022232 0.391104221343994 0.607808828353882 0.598843216896057 0.568504989147186 0.672338604927063 0.671247541904449 0.641167521476746 0.667353093624115 0.619265139102936 0.599161505699158 0.622297644615173 0.631289184093475 0.654699385166168 0.648648977279663 0.64989846944809 0.549917876720428 0.533460438251495 0.312924444675446 0.318200409412384 0.295869886875153 0.292369604110718 0.129389777779579 0.124856501817703 0.116221107542515 0.112917847931385 0.054224606603384 0.0467315092682838 0.047193456441164 0.0466381311416626 0.0470298118889332 0.0479694530367851
0.175159096717834 0.154796943068504 0.17732734978199 0.168498963117599 0.0837421044707298 0.0833856165409088 0.0833856165409088 0.0873194858431816 0.086244560778141 0.180384412407875 0.179955169558525 0.181232422590256 0.385809749364853 0.407135277986526 0.39201295375824 0.618059754371643 0.609078526496887 0.69645482301712 0.665422558784485 0.652842938899994 0.671202719211578 0.658603549003601 0.626166820526123 0.635890960693359 0.634539306163788 0.655640423297882 0.643771350383759 0.562202930450439 0.541714191436768 0.333539068698883 0.308743000030518 0.30562898516655 0.304337322711945 0.146411374211311 0.135340288281441 0.121138162910938 0.122459456324577 0.118106067180634 0.0539455339312553 0.0506265200674534 0.0483505353331566 0.0464573241770267 0.0493454001843929 0.048648189753294
0.361905574798584 0.178436815738678 0.172592997550964 0.172835543751717 0.0846308767795563 0.0865442305803299 0.0840716436505318 0.0809620395302773 0.0796529427170753 0.0813058018684387 0.190779983997345 0.192821621894836 0.207761615514755 0.379049599170685 0.42668417096138 0.619156777858734 0.634541630744934 0.627378582954407 0.673638999462128 0.679984569549561 0.683246433734894 0.655573785305023 0.648823380470276 0.638006746768951 0.642607450485229 0.56294858455658 0.573179125785828 0.549172043800354 0.340161770582199 0.329670190811157 0.319615930318832 0.317973732948303 0.145031124353409 0.142935574054718 0.131212130188942 0.130080223083496 0.122698880732059 0.124091900885105 0.108775950968266 0.0532171092927456 0.048163253813982 0.0498837307095528 0.0514832623302937 0.0515924841165543
0.385543137788773 0.17366535961628 0.17627739906311 0.0854307413101196 0.0875013321638107 0.0784147381782532 0.0763412043452263 0.0787269696593285 0.0801597461104393 0.0887560173869133 0.0892566591501236 0.202143013477325 0.195129528641701 0.393764734268188 0.418525099754333 0.418321371078491 0.636947989463806 0.617868602275848 0.629785001277924 0.694862127304077 0.682006299495697 0.674575507640839 0.656149566173553 0.669120311737061 0.571620464324951 0.563267409801483 0.560450971126556 0.355948358774185 0.342933118343353 0.325457245111465 0.323003888130188 0.151130676269531 0.142468884587288 0.143279567360878 0.132006019353867 0.132256656885147 0.128660783171654 0.127781912684441 0.11647779494524 0.119572639465332 0.107330352067947 0.112332917749882 0.11750702559948 0.116688780486584
0.372838288545609 0.34783610701561 0.19231715798378 0.0855618938803673 0.0793615728616714 0.0356288142502308 0.0341146998107433 0.0354250185191631 0.0787683054804802 0.0918043181300163 0.0942180529236794 0.19207476079464 0.189999178051949 0.201655596494675 0.427419662475586 0.431837022304535 0.652061402797699 0.609865188598633 0.642975568771362 0.623199641704559 0.618810832500458 0.616982698440552 0.598708748817444 0.61562180519104 0.579398274421692 0.562282800674438 0.347984790802002 0.346093565225601 0.338193714618683 0.329877376556396 0.157332509756088 0.148132801055908 0.14713741838932 0.146351963281631 0.132059261202812 0.130678221583366 0.132908195257187 0.126405939459801 0.121360905468464 0.12656033039093 0.114983960986137 0.117382727563381 0.116621933877468 0.104654423892498
0.372715175151825 0.379932761192322 0.193710535764694 0.173966273665428 0.0784007608890533 0.0340191833674908 0.0346742011606693 0.0352784097194672 0.0777708068490028 0.085743248462677 0.0897773802280426 0.193449392914772 0.201166689395905 0.204283684492111 0.437114119529724 0.429645955562592 0.419557988643646 0.635442793369293 0.636350870132446 0.637258887290955 0.61784839630127 0.618403553962708 0.596494495868683 0.592537879943848 0.576922476291656 0.372600078582764 0.349446773529053 0.323086321353912 0.163135871291161 0.15250900387764 0.153792679309845 0.146125569939613 0.15084220468998 0.146972969174385 0.136288523674011 0.134553194046021 0.135939866304398 0.125653818249702 0.118213519454002 0.122145377099514 0.118065141141415 0.118865177035332 0.116183243691921 0.104749321937561
0.403684586286545 0.606651782989502 0.385906994342804 0.178349837660789 0.0792013183236122 0.0349234826862812 0.0356303751468658 0.0357336513698101 0.081226535141468 0.0887341499328613 0.0912857502698898 0.201910853385925 0.209169551730156 0.207394868135452 0.440722942352295 0.43006905913353 0.418525099754333 0.631866812705994 0.647039175033569 0.629460334777832 0.620504379272461 0.606786131858826 0.59768158197403 0.39319834113121 0.369736850261688 0.364425659179688 0.358910858631134 0.157850533723831 0.165334835648537 0.159295991063118 0.15019565820694 0.147547245025635 0.143491700291634 0.143603384494781 0.139737769961357 0.131807774305344 0.144072666764259 0.125071197748184 0.133649572730064 0.129391700029373 0.123813942074776 0.120071038603783 0.107621423900127 0.102240487933159
0.615061640739441 0.622752070426941 0.585968255996704 0.182355806231499 0.0786866322159767 0.0774702131748199 0.0338537432253361 0.0360694117844105 0.0864619314670563 0.0923438742756844 0.0913305953145027 0.211887955665588 0.212525069713593 0.405248880386353 0.448549032211304 0.439752280712128 0.404889971017838 0.439967811107635 0.43787744641304 0.628267705440521 0.628457307815552 0.607612371444702 0.39068603515625 0.382377505302429 0.361890912055969 0.374180942773819 0.177571147680283 0.164585515856743 0.154888719320297 0.157759591937065 0.158933043479919 0.149577245116234 0.141244471073151 0.142893701791763 0.142961844801903 0.136593818664551 0.142530202865601 0.129896089434624 0.141888901591301 0.142674490809441 0.13014917075634 0.119876362383366 0.107387468218803 0.100066900253296
0.630492985248566 0.629230678081512 0.578740894794464 0.383093774318695 0.0830922946333885 0.0774702131748199 0.0791328847408295 0.0864988192915916 0.0954739153385162 0.093450203537941 0.202137112617493 0.204267099499702 0.211128935217857 0.427802234888077 0.453818827867508 0.436406314373016 0.420175999403 0.454050153493881 0.432156205177307 0.420407295227051 0.415406107902527 0.411992579698563 0.386276423931122 0.37100875377655 0.362249881029129 0.185839369893074 0.175801202654839 0.169463887810707 0.156401187181473 0.071987047791481 0.0721341818571091 0.0722457394003868 0.0682772248983383 0.140162259340286 0.149083897471428 0.146245121955872 0.146054163575172 0.129117742180824 0.131175518035889 0.141497582197189 0.129183039069176 0.125933885574341 0.113871291279793 0.106535211205482
0.426421314477921 0.640985012054443 0.374787271022797 0.388936102390289 0.178278177976608 0.0784033983945847 0.0827760472893715 0.0876702442765236 0.0960223525762558 0.204682484269142 0.197257786989212 0.21162249147892 0.416316360235214 0.437413603067398 0.445657551288605 0.426683813333511 0.42431429028511 0.441219210624695 0.438647598028183 0.423160880804062 0.423172384500504 0.405713945627213 0.357987642288208 0.382798552513123 0.365444749593735 0.172720953822136 0.179161176085472 0.169074594974518 0.0742671564221382 0.0734581723809242 0.0740610286593437 0.0712881833314896 0.0732659921050072 0.0671765133738518 0.154230743646622 0.148284032940865 0.151382818818092 0.0610865354537964 0.144800961017609 0.147605583071709 0.0606396906077862 0.124529026448727 0.105190008878708 0.100215829908848
0.433140397071838 0.421113610267639 0.383798748254776 0.383111149072647 0.173133507370949 0.175808995962143 0.0889436900615692 0.198923990130424 0.209200367331505 0.205149784684181 0.203491479158401 0.222893193364143 0.222182750701904 0.231990590691566 0.233405604958534 0.226193651556969 0.450593233108521 0.470583945512772 0.441116243600845 0.439835399389267 0.410872429609299 0.382826745510101 0.373850584030151 0.398024350404739 0.381112396717072 0.174388945102692 0.172175019979477 0.169173374772072 0.0716252252459526 0.0689242109656334 0.0700637623667717 0.0745680630207062 0.0742267519235611 0.06608597189188 0.0697811916470528 0.0689506307244301 0.066705621778965 0.0581767819821835 0.0634235218167305 0.151592627167702 0.144855991005898 0.136508285999298 0.104985147714615 0.0986543521285057
