data/climate_estimation/maxent_output/Alstroemeria_revoluta.asc
NCOLS 31 
NROWS 64 
XLLCORNER -72.9166666666667 
YLLCORNER -38.1666666666667 
CELLSIZE 0.0833333333333332 
NODATA_value -3.4e+38 
[rows 29 to 57 of 64, columns 0 to 30 of 31]
-3.4e+38 -3.4e+38 -3.4e+38 -3.4e+38 -3.4e+38 0.985022842884064 0.984074831008911 0.991908490657806 0.992312014102936 0.985215127468109 0.94757491350174 0.947948396205902 0.931006491184235 0.687469184398651 0.731834471225739 0.745027244091034 0.486725181341171 0.442349523305893 0.476852715015411 0.51433390378952 0.670288920402527 0.727662146091461 0.929299294948578 0.944047272205353 0.969019412994385 0.982681810855865 0.986779034137726 0.982713878154755 0.960934400558472 0.980367422103882 0.976561665534973
-3.4e+38 -3.4e+38 -3.4e+38 -3.4e+38 0.985773682594299 0.989535927772522 0.991539478302002 0.990613281726837 0.98836362361908 0.984933614730835 0.955603718757629 0.959854006767273 0.846968650817871 0.623939096927643 0.65124899148941 0.440122008323669 0.397574633359909 0.401106119155884 0.448968291282654 0.511889219284058 0.664664566516876 0.807444453239441 0.916165828704834 0.949146330356598 0.961644768714905 0.993150532245636 0.987530827522278 0.984732270240784 0.985566854476929 0.961989343166351 0.953396081924438
-3.4e+38 -3.4e+38 -3.4e+38 -3.4e+38 0.982214450836182 0.991273522377014 0.996833980083466 0.993700623512268 0.98420512676239 0.962806940078735 0.923981904983521 0.858010292053223 0.747717499732971 0.624938130378723 0.516348600387573 0.436600834131241 0.413665384054184 0.400343656539917 0.452524989843369 0.482889086008072 0.574998617172241 0.902481734752655 0.949089884757996 0.983995318412781 0.990939259529114 0.983089745044708 0.984331429004669 0.979215443134308 0.974657654762268 0.967195093631744 0.958328187465668
-339999999999999996123846586046231871488.000000000000000 -3.4e+38 -3.4e+38 0.979419887065887 0.98794412612915 0.994798958301544 0.995609700679779 0.992076098918915 0.986191153526306 0.958484768867493 0.937481939792633 0.905986428260803 0.752012670040131 0.627367615699768 0.542572319507599 0.468517154455185 0.443299800157547 0.450712621212006 0.494771897792816 0.557471394538879 0.638535976409912 0.878181338310242 0.986990213394165 0.985551953315735 0.992767572402954 0.984219670295715 0.980221509933472 0.976918816566467 0.96950763463974 0.955231428146362 0.953291952610016
-3.4e+38 -3.4e+38 -3.4e+38 0.98124223947525 0.984161674976349 0.983310878276825 0.991731643676758 0.989187955856323 0.980513632297516 0.937363088130951 0.870616674423218 0.837612450122833 0.777862727642059 0.624055027961731 0.541779756546021 0.515371680259705 0.476111471652985 0.494340598583221 0.539993762969971 0.617155194282532 0.793339133262634 0.941369295120239 0.983561217784882 0.956778228282928 0.980013847351074 0.978563606739044 0.978423595428467 0.968725681304932 0.965460002422333 0.944597721099854 0.916378915309906
-3.4e+38 -3.4e+38 -3.4e+38 0.98403400182724 0.984598398208618 0.98802387714386 0.986125826835632 0.96823263168335 0.946933746337891 0.902017652988434 0.806111335754395 0.841885447502136 0.752510130405426 0.599261820316315 0.556971549987793 0.522657454013824 0.48043230175972 0.451387971639633 0.553748190402985 0.702178537845612 0.734519362449646 0.888249695301056 0.798769116401672 0.951313257217407 0.982160091400146 0.982811570167542 0.971640706062317 0.973484992980957 0.964948952198029 0.953507900238037 0.933245301246643
-3.4e+38 -3.4e+38 -3.4e+38 0.980487644672394 0.981760442256927 0.995762407779694 0.990954160690308 0.955462336540222 0.885491609573364 0.834455072879791 0.767635226249695 0.725607872009277 0.681294679641724 0.567345321178436 0.53257554769516 0.487388342618942 0.455781251192093 0.426081508398056 0.612262606620789 0.899422109127045 0.963357627391815 0.962737500667572 0.923714876174927 0.79898738861084 0.917025446891785 0.921058058738708 0.96928346157074 0.964928269386292 0.955051481723785 0.94717413187027 0.926815629005432
-3.4e+38 -3.4e+38 0.982270538806915 0.992954671382904 0.998160243034363 0.993176817893982 0.953353345394135 0.888692259788513 0.860017478466034 0.773685336112976 0.720408797264099 0.686113119125366 0.642332077026367 0.560482859611511 0.52721381187439 0.499451965093613 0.481229335069656 0.495939940214157 0.667922973632812 0.779134809970856 0.954987704753876 0.948643207550049 0.927636563777924 0.939322650432587 0.963619649410248 0.973841488361359 0.929087936878204 0.949597179889679 0.953243792057037 0.935454547405243 0.926566600799561
-3.4e+38 0.98588365316391 0.996113777160645 0.997083127498627 0.997230291366577 0.98455423116684 0.899293303489685 0.806581437587738 0.777194559574127 0.734488666057587 0.702278733253479 0.658406972885132 0.624358415603638 0.597116649150848 0.550575315952301 0.523422420024872 0.520975112915039 0.621163487434387 0.690426826477051 0.874452888965607 0.980369925498962 0.985737144947052 0.967586934566498 0.940304934978485 0.974442422389984 0.963778376579285 0.96527236700058 0.951049566268921 0.942793548107147 0.93169379234314 0.911509692668915
-3.4e+38 0.989533305168152 0.998394191265106 0.998820662498474 0.997167229652405 0.955308794975281 0.861599862575531 0.804518163204193 0.805387079715729 0.734299838542938 0.700870752334595 0.659692108631134 0.64514434337616 0.617761254310608 0.592456758022308 0.528133869171143 0.521976470947266 0.712306380271912 0.766174852848053 0.91300106048584 0.97835373878479 0.98320347070694 0.980164289474487 0.935473382472992 0.966074049472809 0.957700610160828 0.955562353134155 0.946455180644989 0.938592374324799 0.915988087654114 0.894427835941315
-3.4e+38 0.994756877422333 0.998666405677795 0.997960805892944 0.994104623794556 0.963645696640015 0.929241299629211 0.831713080406189 0.80376261472702 0.704771459102631 0.701101839542389 0.657826364040375 0.674006104469299 0.646274924278259 0.604196846485138 0.591562151908875 0.554886400699615 0.788038492202759 0.774377107620239 0.881925821304321 0.94174063205719 0.961380183696747 0.976178467273712 0.954269707202911 0.950264930725098 0.961311280727386 0.954540431499481 0.937332987785339 0.936826169490814 0.923310399055481 0.903964698314667
-3.4e+38 0.996869444847107 0.998837947845459 0.997903108596802 0.986052989959717 0.967365503311157 0.927362024784088 0.87626451253891 0.801617801189423 0.744222223758698 0.713999450206757 0.668396294116974 0.637831509113312 0.631345093250275 0.61357569694519 0.630252420902252 0.67957866191864 0.752856314182281 0.850479960441589 0.953616380691528 0.971744060516357 0.979752004146576 0.970734238624573 0.942290067672729 0.919648766517639 0.955066800117493 0.94900780916214 0.933608174324036 0.912022054195404 0.905237674713135 0.876403868198395
0.990675091743469 0.997103333473206 0.998654842376709 0.994528532028198 0.982360899448395 0.980664312839508 0.857728064060211 0.830648124217987 0.81414920091629 0.72557270526886 0.709262013435364 0.672028303146362 0.656434893608093 0.636253893375397 0.635413348674774 0.642150282859802 0.686652779579163 0.8091881275177 0.883356928825378 0.903014957904816 0.971598565578461 0.976710736751556 0.961641311645508 0.920908033847809 0.947434067726135 0.949911773204803 0.942634999752045 0.933273196220398 0.91916161775589 0.886711180210114 0.855461835861206
0.991350591182709 0.997627079486847 0.997813045978546 0.988909065723419 0.95739334821701 0.964546203613281 0.822214186191559 0.806814551353455 0.770533561706543 0.716042339801788 0.711757183074951 0.706274151802063 0.69729095697403 0.669661939144135 0.688365697860718 0.685483872890472 0.720131933689117 0.853697299957275 0.958618998527527 0.950837016105652 0.950927197933197 0.970015645027161 0.961723864078522 0.951780140399933 0.93221116065979 0.937936186790466 0.941885352134705 0.917620956897736 0.893419623374939 0.862778067588806 0.873795449733734
0.997684299945831 0.99869441986084 0.990391790866852 0.977442443370819 0.932193398475647 0.852107107639313 0.770547807216644 0.733782827854156 0.719127237796783 0.704785943031311 0.731405913829803 0.72673499584198 0.715904593467712 0.701641142368317 0.730960190296173 0.758076071739197 0.8722283244133 0.913526177406311 0.96139931678772 0.965860545635223 0.962067484855652 0.954922199249268 0.962105751037598 0.946240246295929 0.942039787769318 0.927182674407959 0.923995673656464 0.914195656776428 0.900827944278717 0.881728053092957 0.871084451675415
0.99791944026947 0.997988998889923 0.99113130569458 0.961818277835846 0.903572916984558 0.862431466579437 0.775334775447845 0.68762069940567 0.687663495540619 0.698203563690186 0.740202724933624 0.723474264144897 0.703584671020508 0.685088157653809 0.773146867752075 0.767891347408295 0.810979962348938 0.955560863018036 0.947548568248749 0.95186710357666 0.929684400558472 0.944534838199615 0.947265267372131 0.949258625507355 0.947552978992462 0.900200963020325 0.933884561061859 0.901555001735687 0.888324916362762 0.877290308475494 0.862769186496735
0.99702113866806 0.9961097240448 0.993404746055603 0.97089558839798 0.888003528118134 0.776990354061127 0.687087595462799 0.637376427650452 0.648969829082489 0.670378804206848 0.744203925132751 0.725955784320831 0.695257544517517 0.68384063243866 0.76036411523819 0.80200582742691 0.810815274715424 0.850384294986725 0.922003328800201 0.908124446868896 0.968267679214478 0.946862578392029 0.942415773868561 0.933830976486206 0.91781097650528 0.880776822566986 0.917117297649384 0.850475668907166 0.895532548427582 0.475691586732864 0.643219709396362
0.995603203773499 0.992538809776306 0.988901197910309 0.961308598518372 0.93286794424057 0.765489637851715 0.656302332878113 0.629348397254944 0.64903062582016 0.695720791816711 0.735703945159912 0.720163822174072 0.712706387042999 0.736690938472748 0.794984579086304 0.897266745567322 0.93319296836853 0.951708137989044 0.924321353435516 0.782854318618774 0.93665212392807 0.95221871137619 0.943011701107025 0.935584723949432 0.924823522567749 0.837544679641724 0.865178406238556 0.851799309253693 0.887400805950165 0.793448328971863 0.807035088539124
0.983197569847107 0.973850727081299 0.965833425521851 0.948328375816345 0.897053420543671 0.763457655906677 0.65825343132019 0.640612959861755 0.659220159053802 0.70050448179245 0.732164084911346 0.767871618270874 0.773116171360016 0.745336771011353 0.852624893188477 0.916660606861115 0.949325621128082 0.967432200908661 0.963141798973083 0.89760410785675 0.915596902370453 0.940925478935242 0.91919070482254 0.935386955738068 0.899592995643616 0.801484882831573 0.717909455299377 0.824159502983093 0.88069486618042 0.864690899848938 0.838672876358032
0.979344248771667 0.962749063968658 0.963711977005005 0.95256119966507 0.863195359706879 0.78255707025528 0.685041427612305 0.66195273399353 0.672670602798462 0.684455037117004 0.713749468326569 0.732259809970856 0.748380959033966 0.792626619338989 0.85390692949295 0.873537063598633 0.922967195510864 0.961313426494598 0.933038890361786 0.951663553714752 0.926443934440613 0.935054898262024 0.910111665725708 0.874673068523407 0.851988792419434 0.799952983856201 0.728642642498016 0.817701160907745 0.866135656833649 0.863606631755829 0.806555032730103
0.965391576290131 0.969679892063141 0.969966888427734 0.910755634307861 0.836073219776154 0.782570481300354 0.71671849489212 0.684097051620483 0.67143976688385 0.675262153148651 0.708616435527802 0.734271645545959 0.76865553855896 0.806175410747528 0.893615782260895 0.939946174621582 0.912025153636932 0.93792462348938 0.94544929265976 0.950973212718964 0.942702651023865 0.936580061912537 0.93070787191391 0.874396979808807 0.835635960102081 0.818019270896912 0.701329052448273 0.795939326286316 0.874724864959717 0.699131786823273 0.661106109619141
0.946319222450256 0.943451285362244 0.940741121768951 0.880495548248291 0.775978147983551 0.750265836715698 0.733134567737579 0.699187636375427 0.667155265808105 0.677003860473633 0.689771354198456 0.747429609298706 0.76412558555603 0.798300623893738 0.848918914794922 0.936955213546753 0.944389224052429 0.929693102836609 0.910031139850616 0.936035633087158 0.9455925822258 0.93710732460022 0.919493138790131 0.90424245595932 0.852563679218292 0.689239323139191 0.695883214473724 0.784514784812927 0.853255033493042 0.681120336055756 0.457891583442688
0.945983111858368 0.941158294677734 0.911052525043488 0.870347559452057 0.782417595386505 0.739567816257477 0.726635754108429 0.686913311481476 0.684534192085266 0.654979467391968 0.676114916801453 0.70902544260025 0.740569591522217 0.77593994140625 0.81601619720459 0.894672811031342 0.929784595966339 0.922372400760651 0.93349415063858 0.924443244934082 0.91211873292923 0.920717358589172 0.921433806419373 0.920527815818787 0.903936624526978 0.72345107793808 0.647652387619019 0.634541451931 0.855258762836456 0.616469919681549 0.466158509254456
0.911318302154541 0.89179527759552 0.866866588592529 0.788999497890472 0.751359522342682 0.711547911167145 0.678812921047211 0.647934257984161 0.626602530479431 0.646654307842255 0.627521872520447 0.651599049568176 0.68225234746933 0.791812002658844 0.868471920490265 0.921092867851257 0.922953307628632 0.864855647087097 0.922384262084961 0.908479690551758 0.916212677955627 0.903326034545898 0.90423721075058 0.89999395608902 0.845177114009857 0.679095089435577 0.479497343301773 0.6869136095047 0.830377697944641 0.520618081092834 0.333997040987015
0.901698410511017 0.875948369503021 0.790316343307495 0.759911060333252 0.746833324432373 0.699076652526855 0.649926066398621 0.60754382610321 0.597985088825226 0.610688924789429 0.622059762477875 0.598631083965302 0.709277987480164 0.678909778594971 0.698737621307373 0.827202141284943 0.845633864402771 0.859663963317871 0.919129252433777 0.888543426990509 0.914779841899872 0.913683474063873 0.905376791954041 0.892832279205322 0.811697602272034 0.646884322166443 0.550932049751282 0.678589940071106 0.700438916683197 0.459103882312775 0.400946468114853
0.887449443340302 0.852442145347595 0.8271644115448 0.726381659507751 0.69593745470047 0.64556097984314 0.587135076522827 0.536113381385803 0.535898864269257 0.562084436416626 0.536302804946899 0.583943247795105 0.626037299633026 0.637769103050232 0.700621247291565 0.834462225437164 0.786912679672241 0.778288602828979 0.899612843990326 0.877080142498016 0.898599565029144 0.897483289241791 0.868307769298553 0.847228527069092 0.795129299163818 0.657605588436127 0.530167937278748 0.496786415576935 0.450337111949921 0.415454864501953 0.323771864175797
0.921174108982086 0.83173006772995 0.826722741127014 0.720829367637634 0.634409546852112 0.561621904373169 0.460856586694717 0.458586007356644 0.489705204963684 0.513478934764862 0.518435537815094 0.57698929309845 0.644092500209808 0.688398718833923 0.806083858013153 0.876297652721405 0.888651430606842 0.919214844703674 0.902044773101807 0.860414624214172 0.903079032897949 0.876393735408783 0.894525587558746 0.883793592453003 0.842342853546143 0.69686359167099 0.639639139175415 0.573549628257751 0.630079686641693 0.604542195796967 0.390390872955322
0.931095659732819 0.872616291046143 0.857258081436157 0.694278001785278 0.624901175498962 0.539159297943115 0.453516393899918 0.419560849666595 0.435045838356018 0.424472838640213 0.461808204650879 0.560701310634613 0.616222321987152 0.713988482952118 0.718239903450012 0.766723096370697 0.813570380210876 0.84527850151062 0.896961867809296 0.895773589611053 0.851743578910828 0.888597011566162 0.862519085407257 0.826379299163818 0.783497631549835 0.714429020881653 0.755208969116211 0.646394312381744 0.700963735580444 0.709882795810699 0.511652410030365
0.9279904961586 0.924205243587494 0.863878905773163 0.717338263988495 0.636620700359344 0.574027717113495 0.5242760181427 0.450776427984238 0.424847066402435 0.385154157876968 0.471509695053101 0.585291802883148 0.608356297016144 0.674317419528961 0.744419157505035 0.761201739311218 0.873206555843353 0.847632825374603 0.86826354265213 0.877110719680786 0.88679426908493 0.866451680660248 0.863568246364594 0.831777274608612 0.709175527095795 0.769297957420349 0.767493963241577 0.681782007217407 0.651852548122406 0.688764095306396 0.501212060451508
