data/climate_estimation/maxent_output/Alstroemeria_julieae.asc
NCOLS 151 
NROWS 153 
XLLCORNER -52.5 
YLLCORNER -22.8333333333333 
CELLSIZE 0.0833333333333333 
NODATA_value -3.4e+38 
[rows 0 to 19 of 153, columns 44 to 87 of 151]
0.809170246124268 0.803501129150391 0.805995762348175 0.804555296897888 0.802484095096588 0.801668763160706 0.815994203090668 0.85087788105011 0.843740344047546 0.827791512012482 0.809656381607056 0.800308287143707 0.792584896087646 0.802705049514771 0.802372574806213 0.803631961345673 0.790946006774902 0.796254456043243 0.803752064704895 0.802501738071442 0.796109974384308 0.790923058986664 0.795468151569366 0.796286106109619 0.801422834396362 0.801898896694183 0.808548450469971 0.814196228981018 0.826006412506104 0.820385634899139 0.810484707355499 0.821177661418915 0.807842552661896 0.830583810806274 0.790695190429688 0.778215289115906 0.775069117546082 0.799767792224884 0.814318358898163 0.788488388061523 0.77460378408432 0.769252181053162 0.783117890357971 0.773655831813812
0.807312965393066 0.799532771110535 0.800481081008911 0.8025221824646 0.801056146621704 0.79976099729538 0.812577068805695 0.838647544384003 0.844771265983582 0.826004505157471 0.809343934059143 0.800960004329681 0.793713331222534 0.798874378204346 0.800323963165283 0.801096320152283 0.792093634605408 0.792400598526001 0.795612871646881 0.795169770717621 0.801565885543823 0.794504106044769 0.792732298374176 0.795147001743317 0.791617870330811 0.799832761287689 0.798062324523926 0.803039312362671 0.810157418251038 0.815477550029755 0.824377536773682 0.832660794258118 0.83593076467514 0.834475696086884 0.810998320579529 0.791212618350983 0.790904998779297 0.827326953411102 0.826876759529114 0.811682224273682 0.766250193119049 0.764231085777283 0.783445715904236 0.765779137611389
0.792621672153473 0.792744219303131 0.798674464225769 0.801555097103119 0.799639999866486 0.792223215103149 0.796902239322662 0.818074703216553 0.838099837303162 0.818840742111206 0.797132432460785 0.791470170021057 0.793890237808228 0.792116522789001 0.794388890266418 0.796949625015259 0.792593836784363 0.790622234344482 0.78786313533783 0.78982812166214 0.797909438610077 0.799498438835144 0.801597237586975 0.795484006404877 0.816679298877716 0.802722632884979 0.796798408031464 0.798732578754425 0.810157418251038 0.814860224723816 0.822712302207947 0.82788211107254 0.834004640579224 0.833724200725555 0.832542061805725 0.82430100440979 0.825658798217773 0.82172417640686 0.818519294261932 0.81436413526535 0.799846410751343 0.775349736213684 0.779830515384674 0.767323970794678
0.777004718780518 0.77798068523407 0.786891281604767 0.797411978244781 0.787388980388641 0.781608283519745 0.782609760761261 0.784117043018341 0.831598937511444 0.817476093769073 0.803369402885437 0.790984928607941 0.790839076042175 0.791486144065857 0.786420404911041 0.792271018028259 0.793238937854767 0.787537693977356 0.78982812166214 0.790961980819702 0.795506775379181 0.804641902446747 0.802095651626587 0.798381805419922 0.798381805419922 0.80397242307663 0.810453951358795 0.798732578754425 0.80810958147049 0.810656011104584 0.82180118560791 0.825463533401489 0.822893917560577 0.834166586399078 0.828659892082214 0.829122841358185 0.819116473197937 0.814812481403351 0.816523492336273 0.812194526195526 0.80671101808548 0.783805668354034 0.751819431781769 0.7464839220047
0.766297936439514 0.774351537227631 0.799063384532928 0.800353407859802 0.784310936927795 0.77032881975174 0.770846486091614 0.793139398097992 0.834030032157898 0.819351553916931 0.799725472927094 0.79101687669754 0.789526760578156 0.79197096824646 0.786925494670868 0.788367033004761 0.792432487010956 0.787716507911682 0.787732601165771 0.792109549045563 0.798404455184937 0.810787796974182 0.802428305149078 0.796478033065796 0.797918319702148 0.800644040107727 0.823757827281952 0.809845328330994 0.803228795528412 0.814396619796753 0.821953177452087 0.825147151947021 0.828794598579407 0.823363482952118 0.819865584373474 0.822028160095215 0.820033311843872 0.815121293067932 0.813884794712067 0.807495951652527 0.804032802581787 0.798618197441101 0.76616507768631 0.738172054290771
0.767825186252594 0.77969628572464 0.797641932964325 0.785961151123047 0.765322327613831 0.757680773735046 0.76074230670929 0.767851054668427 0.783353686332703 0.811003088951111 0.795904934406281 0.787430167198181 0.792793989181519 0.794581472873688 0.789380490779877 0.788243591785431 0.793093621730804 0.794381976127625 0.795362055301666 0.793899178504944 0.787407100200653 0.792464315891266 0.80953973531723 0.803536295890808 0.798557221889496 0.801914572715759 0.81887286901474 0.82923436164856 0.804966151714325 0.807827115058899 0.814720988273621 0.823499917984009 0.816601395606995 0.82306045293808 0.824588239192963 0.818044424057007 0.809640944004059 0.80824875831604 0.81015545129776 0.798442780971527 0.798618197441101 0.780538082122803 0.748065173625946 0.734886944293976
0.768160462379456 0.786613583564758 0.776391446590424 0.785160779953003 0.762304604053497 0.751559615135193 0.753627359867096 0.758386194705963 0.759081602096558 0.809309124946594 0.812920749187469 0.793171226978302 0.786615610122681 0.794098854064941 0.781360685825348 0.77755206823349 0.787267327308655 0.792448401451111 0.792448401451111 0.794236958026886 0.793608903884888 0.796180188655853 0.80670428276062 0.80687689781189 0.801794052124023 0.798413336277008 0.807497978210449 0.808907747268677 0.810016810894012 0.807827115058899 0.811916470527649 0.8236363530159 0.819850504398346 0.818029284477234 0.817707300186157 0.810577034950256 0.80824875831604 0.809515595436096 0.803701162338257 0.790369212627411 0.793309450149536 0.783378899097443 0.753783226013184 0.733859181404114
0.770853638648987 0.79607218503952 0.785830199718475 0.766028165817261 0.748491287231445 0.742980897426605 0.754514098167419 0.760792434215546 0.7653648853302 0.823707282543182 0.81198924779892 0.794636011123657 0.77622789144516 0.781853675842285 0.778213202953339 0.77755206823349 0.779533505439758 0.784453392028809 0.785776853561401 0.786429464817047 0.790346264839172 0.786771595478058 0.793769955635071 0.814851582050323 0.800856947898865 0.795072555541992 0.798930466175079 0.811870396137238 0.82728898525238 0.817201197147369 0.81255304813385 0.820750772953033 0.815523207187653 0.820460915565491 0.810249805450439 0.807747721672058 0.811075150966644 0.807794094085693 0.801785171031952 0.781015515327454 0.784181594848633 0.780422210693359 0.74845951795578 0.7266925573349
0.776904582977295 0.796232581138611 0.772420704364777 0.768243193626404 0.749366283416748 0.742956399917603 0.759623646736145 0.754148781299591 0.766558170318604 0.804613590240479 0.813224136829376 0.791734516620636 0.774426400661469 0.788422167301178 0.778559803962708 0.783674299716949 0.779549777507782 0.781031787395477 0.789048910140991 0.790524244308472 0.792141437530518 0.795859396457672 0.793608903884888 0.814712405204773 0.813924014568329 0.797812700271606 0.804673075675964 0.813009858131409 0.827738761901855 0.826667249202728 0.817983865737915 0.817999005317688 0.806617915630341 0.805501103401184 0.799161791801453 0.799814939498901 0.804948568344116 0.80463308095932 0.794742166996002 0.760396361351013 0.785505652427673 0.764869332313538 0.768278300762177 0.738101303577423
0.769700348377228 0.770361840724945 0.774908185005188 0.765869438648224 0.752936899662018 0.747264266014099 0.745215952396393 0.755018174648285 0.761992812156677 0.781432688236237 0.811671674251556 0.795615673065186 0.787989556789398 0.785349369049072 0.790570199489594 0.793631732463837 0.789736986160278 0.791841268539429 0.79103285074234 0.787625074386597 0.795217335224152 0.796019792556763 0.793286681175232 0.809570550918579 0.817361414432526 0.808773517608643 0.803251206874847 0.8078493475914 0.809898257255554 0.80878221988678 0.825176954269409 0.831341505050659 0.825493276119232 0.813529312610626 0.817707300186157 0.8023881316185 0.783445715904236 0.791324377059937 0.783166468143463 0.763454794883728 0.764178991317749 0.76132595539093 0.756066262722015 0.730612695217133
0.767666816711426 0.783884525299072 0.75428569316864 0.750336766242981 0.74500960111618 0.754660427570343 0.752782940864563 0.751226842403412 0.757910370826721 0.770778357982635 0.780593991279602 0.806974709033966 0.795471012592316 0.778559803962708 0.783346593379974 0.782198369503021 0.785979330539703 0.788422167301178 0.788747131824493 0.789250254631042 0.798474371433258 0.797652840614319 0.799408853054047 0.804988503456116 0.817361414432526 0.81114536523819 0.814712405204773 0.804057240486145 0.813490092754364 0.832548439502716 0.840049207210541 0.834313929080963 0.828958749771118 0.822620511054993 0.813079714775085 0.810592472553253 0.802086770534515 0.7805055975914 0.767827212810516 0.748923659324646 0.74534672498703 0.763521373271942 0.745225429534912 0.718811869621277
0.763614118099213 0.762111723423004 0.752219557762146 0.750826358795166 0.756833076477051 0.769049644470215 0.77158921957016 0.755317986011505 0.760091185569763 0.759091019630432 0.771572768688202 0.788330793380737 0.793686389923096 0.770260691642761 0.784695625305176 0.781721830368042 0.781228721141815 0.786142468452454 0.78516286611557 0.790709137916565 0.796058416366577 0.797835350036621 0.799606502056122 0.812876760959625 0.831170082092285 0.822885453701019 0.821031928062439 0.815345168113708 0.841365993022919 0.838756203651428 0.837575674057007 0.835511326789856 0.832394003868103 0.822150051593781 0.810093820095062 0.813389658927917 0.801134467124939 0.788715004920959 0.767827212810516 0.748236894607544 0.743605375289917 0.7415491938591 0.718777000904083 0.707598984241486
0.76157134771347 0.756313264369965 0.759363174438477 0.752041161060333 0.758718311786652 0.781738042831421 0.773421704769135 0.75975239276886 0.7565096616745 0.761614143848419 0.761968851089478 0.776409924030304 0.779754221439362 0.789451539516449 0.789126992225647 0.794314324855804 0.790100157260895 0.787299513816833 0.791388273239136 0.800418198108673 0.793969690799713 0.80246639251709 0.804853200912476 0.80265611410141 0.819375157356262 0.832519173622131 0.824564933776855 0.824247896671295 0.847974479198456 0.841365993022919 0.837429642677307 0.833006739616394 0.820750772953033 0.806932151317596 0.806947648525238 0.800626337528229 0.80556333065033 0.794726312160492 0.79198682308197 0.752895772457123 0.739437401294708 0.733527898788452 0.728304147720337 0.723760187625885
0.762264013290405 0.760041058063507 0.764786303043365 0.75664621591568 0.760396420955658 0.762475609779358 0.765821754932404 0.762266099452972 0.75907427072525 0.760937631130219 0.765845596790314 0.767189383506775 0.77741938829422 0.801409959793091 0.808050513267517 0.801251173019409 0.799644827842712 0.795615673065186 0.800281643867493 0.809317827224731 0.79879355430603 0.809748888015747 0.805341601371765 0.811167418956757 0.822133183479309 0.839620232582092 0.832237660884857 0.849528670310974 0.848399102687836 0.828501999378204 0.821381509304047 0.823051989078522 0.811347126960754 0.82564389705658 0.821115553379059 0.821100533008575 0.809827923774719 0.798251569271088 0.780999302864075 0.776559114456177 0.758565306663513 0.748648107051849 0.755214810371399 0.73830908536911
0.762787222862244 0.76360684633255 0.768346667289734 0.763977289199829 0.761387705802917 0.75629860162735 0.761066138744354 0.758694231510162 0.76361620426178 0.763953387737274 0.76195216178894 0.766870200634003 0.784220993518829 0.795791983604431 0.804102003574371 0.812137961387634 0.809474110603333 0.808535814285278 0.804417788982391 0.791427135467529 0.796875417232513 0.803763628005981 0.808811128139496 0.803605556488037 0.8167684674263 0.824133098125458 0.84527850151062 0.846134185791016 0.835188567638397 0.840628683567047 0.832400381565094 0.820162415504456 0.829576969146729 0.829591691493988 0.828824102878571 0.820643484592438 0.80824875831604 0.798411250114441 0.804175138473511 0.787608921527863 0.767357110977173 0.763521373271942 0.769266545772552 0.750112354755402
0.76562762260437 0.773023188114166 0.766652584075928 0.762063801288605 0.762739360332489 0.761387705802917 0.761742532253265 0.761759221553802 0.763784825801849 0.761421084403992 0.76534104347229 0.777899026870728 0.77806431055069 0.785038709640503 0.795791983604431 0.797249913215637 0.808238089084625 0.818224132061005 0.787462294101715 0.779566049575806 0.783706605434418 0.797851145267487 0.80865466594696 0.802640438079834 0.812411189079285 0.816922247409821 0.840779662132263 0.852508425712585 0.852229058742523 0.838290572166443 0.83930915594101 0.843109250068665 0.840787708759308 0.8268683552742 0.827462136745453 0.825508117675781 0.818963468074799 0.814194202423096 0.80384361743927 0.789218187332153 0.790385186672211 0.78321498632431 0.766255259513855 0.758486688137054
0.764466106891632 0.771189630031586 0.766276180744171 0.766108155250549 0.761556804180145 0.760372459888458 0.768801689147949 0.767652332782745 0.766325950622559 0.768691062927246 0.768212199211121 0.768212199211121 0.770738184452057 0.774625301361084 0.777277410030365 0.788005650043488 0.787517488002777 0.809176981449127 0.773904263973236 0.781541287899017 0.784057319164276 0.789428532123566 0.796875417232513 0.803431808948517 0.806301534175873 0.811494052410126 0.828059554100037 0.854609251022339 0.853776156902313 0.851515710353851 0.849965155124664 0.846981525421143 0.840063512325287 0.835232079029083 0.829293251037598 0.825673639774323 0.823696136474609 0.814039528369904 0.809203028678894 0.804175138473511 0.794758021831512 0.783362746238708 0.776631653308868 0.764573037624359
0.774702250957489 0.76562762260437 0.76661217212677 0.765283942222595 0.760372459888458 0.757658779621124 0.767460823059082 0.761573493480682 0.763953387737274 0.76649397611618 0.765148937702179 0.766685724258423 0.769217014312744 0.772755920886993 0.776449739933014 0.785054862499237 0.777608215808868 0.766894042491913 0.771779656410217 0.778929650783539 0.786018550395966 0.776591897010803 0.791388273239136 0.807595670223236 0.80900514125824 0.808826565742493 0.821083605289459 0.837713539600372 0.846703410148621 0.845135688781738 0.849105596542358 0.847407460212708 0.844113826751709 0.841799080371857 0.834938049316406 0.832260549068451 0.825974762439728 0.82172417640686 0.812023818492889 0.802102386951447 0.793599903583527 0.787446141242981 0.784197747707367 0.760503947734833
0.776029467582703 0.760718286037445 0.764930784702301 0.7674680352211 0.764442205429077 0.763093531131744 0.763093531131744 0.761573493480682 0.760558426380157 0.764458835124969 0.760937631130219 0.763993918895721 0.766870200634003 0.767054677009583 0.777773499488831 0.780610263347626 0.767414093017578 0.769742667675018 0.775936305522919 0.774442791938782 0.781416475772858 0.775249361991882 0.7822145819664 0.807580173015594 0.813534021377563 0.806144297122955 0.817229568958282 0.819237351417542 0.823210060596466 0.83342719078064 0.846276581287384 0.842375695705414 0.843956351280212 0.839628279209137 0.837721645832062 0.835358142852783 0.829719662666321 0.823241889476776 0.81450343132019 0.809983968734741 0.799877822399139 0.779203593730927 0.772905945777893 0.762829840183258
0.769669413566589 0.764112532138824 0.759363174438477 0.7674680352211 0.768490433692932 0.762418329715729 0.7656369805336 0.764795660972595 0.761573493480682 0.762097179889679 0.759057521820068 0.759921789169312 0.761292636394501 0.776449739933014 0.767558097839355 0.770277202129364 0.767558097839355 0.764017820358276 0.766726136207581 0.768922507762909 0.765549719333649 0.770093560218811 0.775272905826569 0.798209130764008 0.815095543861389 0.804259955883026 0.81555837392807 0.821692287921906 0.818778336048126 0.823073506355286 0.848560571670532 0.851089179515839 0.845258235931396 0.843956351280212 0.839032769203186 0.832563042640686 0.829719662666321 0.824754118919373 0.817277014255524 0.811075150966644 0.801785171031952 0.781837403774261 0.756305873394012 0.76380866765976
