data/climate_estimation/maxent_output/Alstroemeria_apertiflora.asc
NCOLS 103 
NROWS 56 
XLLCORNER -57.1666666666667 
YLLCORNER -27.5833333333333 
CELLSIZE 0.0833333333333334 
NODATA_value -3.4e+38 
[rows 20 to 39 of 56, columns 0 to 43 of 103]
0.135523647069931 0.148618310689926 0.161290377378464 0.298925280570984 0.354993879795074 0.411524593830109 0.400794178247452 0.352127343416214 0.351939827203751 0.481309324502945 0.537784397602081 0.58813089132309 0.651241362094879 0.689643144607544 0.651602745056152 0.63520622253418 0.639948427677155 0.605761587619781 0.621705889701843 0.612801969051361 0.612340152263641 0.626155138015747 0.606498241424561 0.614766180515289 0.603589057922363 0.568599700927734 0.5544074177742 0.493560284376144 0.427541226148605 0.390556484460831 0.381794333457947 0.284612536430359 0.353541225194931 0.430896461009979 0.504587352275848 0.607262492179871 0.666429162025452 0.749480724334717 0.799752354621887 0.80940705537796 0.7672119140625 0.746014535427094 0.800113260746002 0.83342707157135
0.140925601124763 0.153852090239525 0.260504513978958 0.313693195581436 0.369217157363892 0.425349086523056 0.403070658445358 0.361615151166916 0.323032975196838 0.457485228776932 0.560458719730377 0.645625054836273 0.67799699306488 0.753785252571106 0.720917642116547 0.671351253986359 0.666638553142548 0.691896140575409 0.663157224655151 0.645760059356689 0.631488978862762 0.631532907485962 0.640559792518616 0.636723458766937 0.619750618934631 0.605852007865906 0.556492447853088 0.49479278922081 0.42300933599472 0.367643475532532 0.226987540721893 0.263436883687973 0.345030218362808 0.432932257652283 0.529807686805725 0.592128455638885 0.660270094871521 0.743647634983063 0.797055602073669 0.804372489452362 0.782632648944855 0.779326498508453 0.834863483905792 0.89861124753952
0.218121528625488 0.232043534517288 0.258913427591324 0.306501835584641 0.359977632761002 0.406638950109482 0.395626097917557 0.360229521989822 0.366371303796768 0.513729631900787 0.622531890869141 0.682983875274658 0.734790861606598 0.775683641433716 0.776687324047089 0.720933437347412 0.708186030387878 0.709803402423859 0.68243271112442 0.65989089012146 0.642736673355103 0.645487368106842 0.637578368186951 0.632014751434326 0.645825684070587 0.600631773471832 0.546165466308594 0.493239790201187 0.430327773094177 0.38177078962326 0.233806326985359 0.318593084812164 0.400953680276871 0.488153278827667 0.57386988401413 0.659082651138306 0.709879398345947 0.755216777324677 0.805421113967896 0.841504454612732 0.822508275508881 0.811899244785309 0.85124933719635 0.916670799255371
0.235038042068481 0.248360306024551 0.278313606977463 0.31083071231842 0.356066048145294 0.397158712148666 0.391857475042343 0.419885545969009 0.446883827447891 0.503844380378723 0.623887181282043 0.743995606899261 0.781883358955383 0.784312725067139 0.783001840114594 0.755747437477112 0.731357216835022 0.702049970626831 0.70020604133606 0.655978918075562 0.651571989059448 0.641817152500153 0.661396563053131 0.67152214050293 0.645469784736633 0.623453855514526 0.566742420196533 0.506444096565247 0.451891750097275 0.26249498128891 0.272855550050735 0.31819474697113 0.42813503742218 0.52849292755127 0.604428350925446 0.647156059741974 0.704766631126404 0.748070299625397 0.784293830394745 0.824728071689606 0.869719624519348 0.88787305355072 0.878909111022949 0.899891316890717
0.254661560058594 0.261841267347336 0.273079991340637 0.320254296064377 0.360736608505249 0.410608321428299 0.390094041824341 0.428449213504791 0.467474013566971 0.515091955661774 0.590981602668762 0.719994723796844 0.750256359577179 0.78041660785675 0.774822652339935 0.76192307472229 0.726710736751556 0.690516352653503 0.67481803894043 0.641008913516998 0.657411277294159 0.66827791929245 0.653582692146301 0.635528266429901 0.623336970806122 0.60524046421051 0.601980865001678 0.554278254508972 0.478306889533997 0.41608053445816 0.301044434309006 0.348348051309586 0.463387489318848 0.502124726772308 0.603718340396881 0.652926921844482 0.709786415100098 0.784645318984985 0.819223523139954 0.839022397994995 0.868379175662994 0.860651195049286 0.879769265651703 0.879208981990814
0.270864427089691 0.278085291385651 0.291062116622925 0.339381366968155 0.359135568141937 0.374182611703873 0.401127338409424 0.424915850162506 0.477956146001816 0.535202741622925 0.613747358322144 0.662057161331177 0.769899368286133 0.778948903083801 0.769886016845703 0.72796094417572 0.69406270980835 0.651447176933289 0.62003880739212 0.610281050205231 0.641355037689209 0.639801263809204 0.642513573169708 0.645104467868805 0.619090437889099 0.6121786236763 0.579239785671234 0.532917857170105 0.501512408256531 0.428195178508759 0.298027873039246 0.344757944345474 0.452644497156143 0.486362934112549 0.553209483623505 0.636314809322357 0.835553705692291 0.85688728094101 0.791318297386169 0.857965111732483 0.836339235305786 0.834514915943146 0.835709750652313 0.844000160694122
0.279469758272171 0.294472008943558 0.297286540269852 0.330142229795456 0.386423289775848 0.411563456058502 0.418898433446884 0.43284398317337 0.449619084596634 0.494632631540298 0.566590309143066 0.615850210189819 0.675049543380737 0.758825898170471 0.732708215713501 0.681879281997681 0.622123599052429 0.599000573158264 0.554869174957275 0.544366359710693 0.568601548671722 0.587035477161407 0.601020038127899 0.624562561511993 0.592681109905243 0.605273604393005 0.607083380222321 0.544564783573151 0.492832869291306 0.438571900129318 0.442671298980713 0.364920943975449 0.434929013252258 0.463486105203629 0.523140251636505 0.717399299144745 0.783050537109375 0.866105079650879 0.904798269271851 0.834780216217041 0.81673401594162 0.793180108070374 0.769441962242126 0.7283975481987
0.2956762611866 0.296022742986679 0.337213397026062 0.358304142951965 0.38218879699707 0.392526835203171 0.400946348905563 0.39570540189743 0.430360913276672 0.479969322681427 0.53486955165863 0.539572715759277 0.567386388778687 0.46753454208374 0.456263870000839 0.436081230640411 0.39347118139267 0.501693367958069 0.451749473810196 0.439781486988068 0.474634796380997 0.499236017465591 0.541901767253876 0.553072273731232 0.556089580059052 0.558423340320587 0.581307590007782 0.553191721439362 0.518199563026428 0.453812748193741 0.428202837705612 0.355110824108124 0.417530506849289 0.480518341064453 0.68524706363678 0.699645817279816 0.72920697927475 0.81786447763443 0.882471203804016 0.867903888225555 0.69668835401535 0.686434328556061 0.613644421100616 0.565149426460266
0.318521648645401 0.322000861167908 0.340056568384171 0.410416603088379 0.428123384714127 0.41542175412178 0.379564881324768 0.392991095781326 0.410500913858414 0.428858995437622 0.459477186203003 0.455355703830719 0.351240932941437 0.358032315969467 0.369970887899399 0.357863277196884 0.326639026403427 0.29394742846489 0.284207671880722 0.38309383392334 0.38821879029274 0.435279250144958 0.470375269651413 0.50655996799469 0.516594886779785 0.559844434261322 0.566844165325165 0.53948438167572 0.468886077404022 0.427736341953278 0.395789206027985 0.333691895008087 0.433124959468842 0.487984150648117 0.701540350914001 0.693788468837738 0.6924809217453 0.740294873714447 0.77158123254776 0.781012296676636 0.744931101799011 0.581951558589935 0.51653927564621 0.467123299837112
0.33465787768364 0.359251111745834 0.373903393745422 0.415708631277084 0.426636427640915 0.405228167772293 0.394942730665207 0.403866320848465 0.397633224725723 0.395743936300278 0.419145077466965 0.307995706796646 0.322384923696518 0.324386119842529 0.297622859477997 0.300898909568787 0.305754631757736 0.281128138303757 0.249143779277802 0.217202171683311 0.223343446850777 0.389338612556458 0.422638475894928 0.465246260166168 0.462964624166489 0.443079173564911 0.46515280008316 0.45712074637413 0.414350122213364 0.374438613653183 0.35287481546402 0.304561764001846 0.453815937042236 0.554079949855804 0.751403391361237 0.730894684791565 0.732382833957672 0.701898336410522 0.705031096935272 0.704556047916412 0.673184454441071 0.552386045455933 0.507793128490448 0.489858269691467
0.459548085927963 0.456830263137817 0.452310413122177 0.456566452980042 0.415152341127396 0.405388027429581 0.391226023435593 0.389156401157379 0.404651999473572 0.383102834224701 0.412657380104065 0.317854821681976 0.315468668937683 0.344092726707458 0.30999743938446 0.307674735784531 0.317725956439972 0.273459792137146 0.257639527320862 0.226606398820877 0.232918217778206 0.358302503824234 0.398093819618225 0.406915664672852 0.380077660083771 0.370193332433701 0.36212033033371 0.379732817411423 0.357781499624252 0.32213494181633 0.331036597490311 0.316772699356079 0.476536929607391 0.744063258171082 0.800618290901184 0.809619188308716 0.785468101501465 0.752700388431549 0.690422415733337 0.682782173156738 0.662774264812469 0.517724096775055 0.536164999008179 0.540785551071167
0.557466149330139 0.577312409877777 0.521894037723541 0.473287642002106 0.411588847637177 0.383381545543671 0.386770129203796 0.377352863550186 0.40542858839035 0.405869871377945 0.402292668819427 0.297885030508041 0.333592712879181 0.350971192121506 0.333347141742706 0.328626453876495 0.344854086637497 0.327259480953217 0.300262808799744 0.27643558382988 0.406821429729462 0.408180862665176 0.404891282320023 0.396969765424728 0.353947401046753 0.310049176216125 0.212135553359985 0.301353991031647 0.305765718221664 0.263681590557098 0.334491670131683 0.448201686143875 0.483823239803314 0.796413362026215 0.827260494232178 0.827984869480133 0.79260641336441 0.766333341598511 0.701436161994934 0.664317965507507 0.19135607779026 0.190117135643959 0.524065256118774 0.568335771560669
0.403178364038467 0.420603483915329 0.519935309886932 0.445259094238281 0.387434065341949 0.372049361467361 0.364429801702499 0.370995312929153 0.369951099157333 0.374441653490067 0.399016678333282 0.413937836885452 0.315873622894287 0.322320878505707 0.362243443727493 0.400054574012756 0.400756388902664 0.38531619310379 0.350444197654724 0.350308924913406 0.465455085039139 0.48835089802742 0.448228240013123 0.381392180919647 0.348153650760651 0.313488662242889 0.287456542253494 0.263153821229935 0.251017451286316 0.252933114767075 0.317748367786407 0.408484786748886 0.387837827205658 0.593870937824249 0.839547336101532 0.802055299282074 0.795914947986603 0.737057149410248 0.699405431747437 0.19155441224575 0.187826603651047 0.191787421703339 0.208770900964737 0.630815625190735
0.403857350349426 0.34670552611351 0.32542011141777 0.281708061695099 0.267092823982239 0.262365072965622 0.255385339260101 0.344410300254822 0.364797472953796 0.402279615402222 0.402300775051117 0.435811430215836 0.441999763250351 0.322287499904633 0.386587113142014 0.473784923553467 0.480948686599731 0.493123471736908 0.465794086456299 0.575761914253235 0.535652339458466 0.510292649269104 0.470771938562393 0.389608234167099 0.365862548351288 0.329409897327423 0.303809404373169 0.313926607370377 0.28517159819603 0.243814691901207 0.31066220998764 0.24459619820118 0.300831288099289 0.445787280797958 0.531953871250153 0.544715166091919 0.54529082775116 0.685904622077942 0.689734816551208 0.19174924492836 0.192551285028458 0.217108711600304 0.596526622772217 0.685379147529602
0.371969729661942 0.289977759122849 0.257353663444519 0.275270909070969 0.265744119882584 0.238991752266884 0.221730917692184 0.327802032232285 0.365993320941925 0.370360970497131 0.447802096605301 0.446292877197266 0.439881145954132 0.356265276670456 0.455913871526718 0.551140964031219 0.592379748821259 0.588898301124573 0.532370328903198 0.612296342849731 0.580682873725891 0.548623025417328 0.466638326644897 0.413625001907349 0.380769610404968 0.344082832336426 0.337161213159561 0.33446940779686 0.30259844660759 0.285736590623856 0.289800494909286 0.205931827425957 0.23926068842411 0.31811735033989 0.407626688480377 0.454771220684052 0.470930427312851 0.487039625644684 0.495417267084122 0.513635218143463 0.529925525188446 0.565692484378815 0.604187369346619 0.676264047622681
0.347233861684799 0.259205877780914 0.242973744869232 0.268268257379532 0.263724684715271 0.237268179655075 0.222981438040733 0.311940133571625 0.301405996084213 0.341155529022217 0.406281650066376 0.461705237627029 0.495438605546951 0.396161258220673 0.468359798192978 0.564599633216858 0.633145093917847 0.597611963748932 0.568938076496124 0.645087122917175 0.61419689655304 0.542946636676788 0.488780647516251 0.419132262468338 0.377666562795639 0.357252091169357 0.363341271877289 0.348065435886383 0.342744380235672 0.300765186548233 0.205446347594261 0.202354714274406 0.226620003581047 0.278741210699081 0.334531515836716 0.389230310916901 0.41181680560112 0.428273886442184 0.462595552206039 0.486949473619461 0.531421840190887 0.558364510536194 0.582614362239838 0.602911591529846
0.307377994060516 0.275508880615234 0.266571581363678 0.280150473117828 0.287314087152481 0.266841232776642 0.215056627988815 0.28686049580574 0.29196959733963 0.335359424352646 0.368935972452164 0.407457828521729 0.408545792102814 0.509899914264679 0.484060317277908 0.535066425800323 0.608011841773987 0.61223167181015 0.576829016208649 0.635649502277374 0.580382525920868 0.530553758144379 0.483930587768555 0.423080801963806 0.375024825334549 0.355455636978149 0.359355390071869 0.376295477151871 0.353871643543243 0.33507052063942 0.225217998027802 0.232769846916199 0.223001077771187 0.23677770793438 0.291492104530334 0.34572896361351 0.375988781452179 0.413586735725403 0.444704622030258 0.468302577733994 0.497350692749023 0.551045417785645 0.552064478397369 0.551634848117828
0.227430284023285 0.241747960448265 0.226302340626717 0.251207232475281 0.264907240867615 0.228047460317612 0.279402643442154 0.284436374902725 0.288177579641342 0.331669241189957 0.355889201164246 0.369515359401703 0.420018196105957 0.451354950666428 0.510639250278473 0.584136843681335 0.528352737426758 0.577520728111267 0.53115850687027 0.624229073524475 0.583799660205841 0.528037905693054 0.462919175624847 0.417236506938934 0.365136563777924 0.349960058927536 0.358197659254074 0.357390820980072 0.36022087931633 0.262275516986847 0.26000440120697 0.24453467130661 0.23472586274147 0.258822232484818 0.255558133125305 0.293219983577728 0.332731962203979 0.38258022069931 0.416765004396439 0.47083255648613 0.48338720202446 0.541083216667175 0.507671117782593 0.513479232788086
0.197129175066948 0.194518089294434 0.194144681096077 0.202672630548477 0.190041720867157 0.186867907643318 0.278065621852875 0.33997118473053 0.322058707475662 0.36991348862648 0.377071559429169 0.392799079418182 0.400863796472549 0.439949989318848 0.463131755590439 0.525013446807861 0.598082780838013 0.582259774208069 0.581386923789978 0.576130568981171 0.53369128704071 0.466383695602417 0.465185582637787 0.410866588354111 0.381169706583023 0.374795585870743 0.338392019271851 0.353693187236786 0.335217922925949 0.263177901506424 0.26947957277298 0.260718017816544 0.260183691978455 0.264529377222061 0.274838954210281 0.285859972238541 0.314779222011566 0.34900489449501 0.379743576049805 0.423770844936371 0.451301544904709 0.198141247034073 0.199452042579651 0.500177919864655
0.261755257844925 0.178140327334404 0.181803420186043 0.1868936419487 0.192758873105049 0.254212230443954 0.259576916694641 0.314468950033188 0.306160181760788 0.366465836763382 0.371087074279785 0.40489199757576 0.407891839742661 0.421741098165512 0.459544390439987 0.519757390022278 0.542766094207764 0.496836334466934 0.504576981067657 0.478513777256012 0.466118931770325 0.473324328660965 0.439996421337128 0.396988153457642 0.392859041690826 0.360373169183731 0.349924713373184 0.351494938135147 0.335603564977646 0.281461894512177 0.267641961574554 0.289287924766541 0.284916311502457 0.28362825512886 0.275072872638702 0.270824670791626 0.290490567684174 0.315818756818771 0.329527705907822 0.369487553834915 0.417879581451416 0.173949420452118 0.180226966738701 0.196747839450836
