data/climate_estimation/maxent_output/Alstroemeria_ochracea.asc
NCOLS 71 
NROWS 101 
XLLCORNER -48.6666666666667 
YLLCORNER -24.9166666666667 
CELLSIZE 0.0833333333333333 
NODATA_value -3.4e+38 
[rows 0 to 19 of 101, columns 0 to 43 of 71]
0.747782945632935 0.751888811588287 0.750820219516754 0.763106405735016 0.786441683769226 0.777013719081879 0.756696879863739 0.747893691062927 0.756371855735779 0.757470846176147 0.740643799304962 0.749950885772705 0.763070940971375 0.760134756565094 0.752513468265533 0.74807596206665 0.755301177501678 0.75796240568161 0.751762747764587 0.751919388771057 0.733756244182587 0.700992584228516 0.697949647903442 0.696744441986084 0.688223302364349 0.687371432781219 0.68764591217041 0.726493179798126 0.743246674537659 0.74578469991684 0.725605487823486 0.705409586429596 0.691642284393311 0.687726199626923 0.690419316291809 0.664925575256348 0.653827130794525 0.649016857147217 0.635178804397583 0.621968507766724 0.617439329624176 0.618523776531219 0.612746000289917 0.618195712566376
0.745144307613373 0.735565543174744 0.738840758800507 0.742475748062134 0.751482605934143 0.76038521528244 0.753071427345276 0.735165178775787 0.748420596122742 0.741292357444763 0.734014332294464 0.752747058868408 0.761268258094788 0.759902358055115 0.750674307346344 0.739885866641998 0.738632321357727 0.742726027965546 0.745068967342377 0.744429886341095 0.722017288208008 0.68902999162674 0.682525098323822 0.69117283821106 0.680877208709717 0.669827997684479 0.673293471336365 0.69270271062851 0.705978333950043 0.715123414993286 0.708481252193451 0.69594943523407 0.693899631500244 0.702177286148071 0.691099107265472 0.673670530319214 0.669560194015503 0.654495000839233 0.642415404319763 0.621009171009064 0.617106795310974 0.615978956222534 0.61615914106369 0.615999400615692
0.752374351024628 0.74239844083786 0.744821012020111 0.738946378231049 0.730360627174377 0.736801445484161 0.736941397190094 0.731464028358459 0.731739163398743 0.72459751367569 0.744511246681213 0.771895110607147 0.791119158267975 0.771182179450989 0.745100557804108 0.737909138202667 0.73209011554718 0.731335699558258 0.736175358295441 0.7290358543396 0.706988513469696 0.678396224975586 0.669163823127747 0.662165522575378 0.668667078018188 0.665124475955963 0.658347070217133 0.666359126567841 0.667037725448608 0.676604628562927 0.706161379814148 0.702158272266388 0.703624725341797 0.704612851142883 0.691628754138947 0.684855103492737 0.66574364900589 0.646382093429565 0.636048913002014 0.624641537666321 0.621607482433319 0.615006029605865 0.623527586460114 0.61575722694397
0.740758717060089 0.742774784564972 0.745968461036682 0.7476846575737 0.736111223697662 0.743678450584412 0.73676198720932 0.735059082508087 0.72181248664856 0.718110799789429 0.733254730701447 0.779861330986023 0.795152544975281 0.771903216838837 0.739998996257782 0.730573415756226 0.723290920257568 0.718810021877289 0.719580829143524 0.718629658222198 0.692378103733063 0.661432266235352 0.665211141109467 0.649017989635468 0.648739874362946 0.653986632823944 0.649649381637573 0.651894211769104 0.661602199077606 0.655354380607605 0.683330297470093 0.707331657409668 0.672731459140778 0.699288785457611 0.693762362003326 0.681487023830414 0.665320873260498 0.654014348983765 0.649802327156067 0.633035659790039 0.61738520860672 0.622637271881104 0.644358277320862 0.627955198287964
0.720217108726501 0.727759957313538 0.733301222324371 0.742390990257263 0.733360350131989 0.728635311126709 0.724435448646545 0.726832509040833 0.72765851020813 0.7173131108284 0.73183286190033 0.776694595813751 0.767513513565063 0.751473605632782 0.733524680137634 0.722617924213409 0.714112102985382 0.70639044046402 0.707623660564423 0.6948401927948 0.681924343109131 0.647831857204437 0.6484215259552 0.641430616378784 0.63723349571228 0.640469074249268 0.645922660827637 0.64874529838562 0.65824294090271 0.653644859790802 0.67139858007431 0.707358181476593 0.66713148355484 0.682397425174713 0.698083758354187 0.69346010684967 0.67907989025116 0.664641320705414 0.641596376895905 0.630035161972046 0.624878346920013 0.627502977848053 0.654245674610138 0.648116111755371
0.721989691257477 0.720283687114716 0.72010862827301 0.73598438501358 0.716522037982941 0.713719189167023 0.706090927124023 0.716602444648743 0.71123731136322 0.704408586025238 0.718995094299316 0.74750292301178 0.745680689811707 0.724956870079041 0.710644900798798 0.708831310272217 0.700170755386353 0.696792423725128 0.69169294834137 0.70279461145401 0.641051292419434 0.644084572792053 0.633561193943024 0.629189729690552 0.632918536663055 0.641018390655518 0.644747138023376 0.647098064422607 0.651206433773041 0.653498530387878 0.654290318489075 0.692639112472534 0.685876071453094 0.664074182510376 0.678485751152039 0.685297310352325 0.669130802154541 0.658460199832916 0.635027587413788 0.632840871810913 0.630440175533295 0.636044442653656 0.651453375816345 0.651794672012329
0.701745092868805 0.70520031452179 0.715866267681122 0.725692212581635 0.709661483764648 0.711182236671448 0.690357744693756 0.702675044536591 0.696865558624268 0.705716133117676 0.716643512248993 0.714025557041168 0.718031525611877 0.718457221984863 0.706797420978546 0.695044159889221 0.689487516880035 0.681759178638458 0.68247652053833 0.690294921398163 0.636425137519836 0.62169748544693 0.620256662368774 0.624235868453979 0.632208526134491 0.634199321269989 0.650463819503784 0.650921821594238 0.656382501125336 0.658096075057983 0.652796149253845 0.658891797065735 0.655676662921906 0.662582993507385 0.67534351348877 0.669713258743286 0.656683325767517 0.640205085277557 0.641848266124725 0.638229489326477 0.631735265254974 0.6509108543396 0.656415164470673 0.65665191411972
0.6819669008255 0.704320669174194 0.702751755714417 0.717216730117798 0.70862740278244 0.685847043991089 0.680969417095184 0.691187977790833 0.685406863689423 0.698378264904022 0.702860474586487 0.712438583374023 0.698900640010834 0.7103111743927 0.690941572189331 0.685607314109802 0.676126420497894 0.660310685634613 0.661165535449982 0.658918619155884 0.648977875709534 0.605961322784424 0.610140323638916 0.619003534317017 0.632174730300903 0.640219926834106 0.655952990055084 0.663163185119629 0.661470115184784 0.661484003067017 0.667209148406982 0.688326001167297 0.665377020835876 0.660549163818359 0.664343416690826 0.65357106924057 0.652730286121368 0.650318503379822 0.640658378601074 0.639440894126892 0.646802663803101 0.653143107891083 0.65686047077179 0.65729159116745
0.669154703617096 0.681268036365509 0.684575080871582 0.700455486774445 0.695083618164062 0.677289545536041 0.677185893058777 0.676502108573914 0.693953514099121 0.706532001495361 0.716115236282349 0.716772377490997 0.704424500465393 0.701724946498871 0.694693744182587 0.677313208580017 0.681303143501282 0.655646443367004 0.630055606365204 0.618073642253876 0.631332397460938 0.603943586349487 0.616002976894379 0.627430975437164 0.637506723403931 0.653703033924103 0.662670791149139 0.668304681777954 0.665977001190186 0.671350419521332 0.674081563949585 0.730248153209686 0.683989405632019 0.669200956821442 0.663567364215851 0.671020865440369 0.676297068595886 0.673733949661255 0.65001368522644 0.658636271953583 0.655527055263519 0.662107288837433 0.663759171962738 0.650574505329132
0.670040845870972 0.667643547058105 0.686680316925049 0.681526958942413 0.668651401996613 0.659797728061676 0.667334675788879 0.68731027841568 0.715951323509216 0.726568937301636 0.715255796909332 0.716177046298981 0.710926711559296 0.692388296127319 0.687691152095795 0.691511809825897 0.700437068939209 0.701278507709503 0.628119826316833 0.615014135837555 0.607690215110779 0.620837092399597 0.62666779756546 0.638525128364563 0.650147795677185 0.665438115596771 0.670001924037933 0.680400967597961 0.678634405136108 0.679310321807861 0.689934015274048 0.726081669330597 0.676614582538605 0.672855079174042 0.682037949562073 0.698425471782684 0.696817338466644 0.682383596897125 0.682928621768951 0.657380342483521 0.663862287998199 0.671102344989777 0.669766485691071 0.640962600708008
0.664241790771484 0.658662438392639 0.676268339157104 0.664001286029816 0.659838199615479 0.657992005348206 0.68385374546051 0.694711923599243 0.714759349822998 0.719808578491211 0.720112681388855 0.707983553409576 0.711570978164673 0.693128645420074 0.688625574111938 0.692308247089386 0.721765339374542 0.71209454536438 0.645030200481415 0.623444378376007 0.621767818927765 0.624808013439178 0.63551926612854 0.646969616413116 0.663262903690338 0.679345905780792 0.682566583156586 0.683427214622498 0.682434678077698 0.687631189823151 0.686193108558655 0.701200664043427 0.679520845413208 0.679741382598877 0.686439275741577 0.70509535074234 0.707355678081512 0.683837294578552 0.685119569301605 0.681378781795502 0.68388831615448 0.688155949115753 0.661083400249481 0.630245268344879
0.668253421783447 0.654599010944366 0.67780065536499 0.654504656791687 0.65715080499649 0.665281534194946 0.692076086997986 0.700943648815155 0.718341886997223 0.719747006893158 0.720098972320557 0.709580361843109 0.694854199886322 0.690994560718536 0.690528154373169 0.709674298763275 0.719047844409943 0.719602584838867 0.700446605682373 0.643249750137329 0.636603474617004 0.644278585910797 0.646836936473846 0.659684240818024 0.676295638084412 0.686354100704193 0.692654252052307 0.694463729858398 0.697120368480682 0.695921003818512 0.692184746265411 0.688681721687317 0.690440118312836 0.689257562160492 0.706361472606659 0.709374606609344 0.701896250247955 0.69444078207016 0.698434472084045 0.710253953933716 0.725236535072327 0.724263191223145 0.674872279167175 0.617769539356232
0.653128027915955 0.654570460319519 0.654409348964691 0.640688717365265 0.675794661045074 0.682108402252197 0.696400582790375 0.685938954353333 0.708121299743652 0.71232670545578 0.716755509376526 0.699753940105438 0.697675764560699 0.695924937725067 0.72317510843277 0.730968594551086 0.732906401157379 0.732293128967285 0.72434937953949 0.667382895946503 0.661843359470367 0.668518304824829 0.659573256969452 0.669158518314362 0.683745682239532 0.694726169109344 0.702526569366455 0.703311383724213 0.699473917484283 0.703254818916321 0.711812198162079 0.706912875175476 0.704419314861298 0.711967468261719 0.738113939762115 0.708775877952576 0.706457316875458 0.710612893104553 0.72173023223877 0.733780443668365 0.736584365367889 0.712196469306946 0.684110820293427 0.626633942127228
0.648281931877136 0.656258285045624 0.641315519809723 0.656074166297913 0.67505407333374 0.688613057136536 0.677884578704834 0.693968534469604 0.698681235313416 0.704630732536316 0.720948696136475 0.704332828521729 0.698209047317505 0.719576835632324 0.730673015117645 0.733418881893158 0.72909015417099 0.73856258392334 0.700266540050507 0.673907518386841 0.670663118362427 0.660286724567413 0.667025685310364 0.678290724754333 0.686100542545319 0.6978679895401 0.705929219722748 0.704728901386261 0.709892153739929 0.718316972255707 0.731100082397461 0.728953182697296 0.718700230121613 0.741553902626038 0.745218992233276 0.726675748825073 0.718343734741211 0.725482702255249 0.731604278087616 0.749130368232727 0.71940690279007 0.699032187461853 0.666928291320801 0.613305687904358
0.652724146842957 0.648851811885834 0.652103304862976 0.672088861465454 0.681901454925537 0.684738278388977 0.672113537788391 0.684795260429382 0.696293830871582 0.706224083900452 0.718162655830383 0.714579999446869 0.70368629693985 0.737536609172821 0.735223293304443 0.726998269557953 0.721284806728363 0.740353286266327 0.688221454620361 0.677726626396179 0.673615515232086 0.678961873054504 0.689703106880188 0.703054547309875 0.706405699253082 0.710145056247711 0.715181589126587 0.715858042240143 0.719161212444305 0.745668053627014 0.771257042884827 0.748738646507263 0.752009332180023 0.754915833473206 0.755391240119934 0.724755525588989 0.734757661819458 0.739257454872131 0.737366735935211 0.748722791671753 0.729071319103241 0.693471312522888 0.673827886581421 0.626494944095612
0.662176072597504 0.645437657833099 0.676088333129883 0.675678551197052 0.683218598365784 0.682659327983856 0.672571837902069 0.68697053194046 0.684611737728119 0.699190199375153 0.713962852954865 0.715303719043732 0.705029428005219 0.741725981235504 0.736820220947266 0.715869724750519 0.719849109649658 0.741854608058929 0.704892218112946 0.690419793128967 0.690431952476501 0.702141344547272 0.726748406887054 0.715656936168671 0.705642521381378 0.71363753080368 0.721555054187775 0.728754281997681 0.732929587364197 0.768672347068787 0.792002141475677 0.777440309524536 0.770854532718658 0.762361109256744 0.753818929195404 0.73992520570755 0.73842054605484 0.74570232629776 0.750237703323364 0.746330201625824 0.724423289299011 0.681230187416077 0.639815390110016 0.633537769317627
0.662038326263428 0.659338355064392 0.669353842735291 0.679355204105377 0.688527345657349 0.67803418636322 0.680828452110291 0.675521552562714 0.691770076751709 0.705320000648499 0.725342810153961 0.715588271617889 0.718064248561859 0.745035171508789 0.733744323253632 0.720906257629395 0.731349408626556 0.767079889774323 0.738852500915527 0.70931339263916 0.7043297290802 0.732481718063354 0.732634723186493 0.720565319061279 0.718877792358398 0.728687703609467 0.744125068187714 0.752761483192444 0.757603466510773 0.779877662658691 0.804561138153076 0.790675699710846 0.782067179679871 0.777175068855286 0.75997918844223 0.747766613960266 0.751330673694611 0.751115262508392 0.761659801006317 0.749845504760742 0.717665493488312 0.684213817119598 0.639278829097748 0.696228504180908
0.646186649799347 0.656625986099243 0.684027671813965 0.693298637866974 0.688456237316132 0.681150019168854 0.679652690887451 0.696064352989197 0.698618233203888 0.719080746173859 0.730871140956879 0.721308827400208 0.74046117067337 0.746274948120117 0.742329239845276 0.731983661651611 0.730789065361023 0.773676633834839 0.733464777469635 0.716004312038422 0.723302006721497 0.727826595306396 0.724557757377625 0.726449251174927 0.721460402011871 0.755666434764862 0.790821313858032 0.79570859670639 0.788423180580139 0.799554526805878 0.805886507034302 0.796866476535797 0.785382211208344 0.777775406837463 0.765301406383514 0.756688356399536 0.758165299892426 0.750565409660339 0.749333322048187 0.738330125808716 0.703675210475922 0.652561902999878 0.646827101707458 0.673235535621643
0.626096785068512 0.656293213367462 0.67136025428772 0.680535078048706 0.699148893356323 0.683332085609436 0.706515550613403 0.717367231845856 0.727008283138275 0.739334523677826 0.739547431468964 0.726641774177551 0.739859461784363 0.752397537231445 0.749082744121552 0.73763120174408 0.733491599559784 0.762595653533936 0.76214998960495 0.756486356258392 0.733321964740753 0.728711068630219 0.748985886573792 0.727648735046387 0.740271151065826 0.786820709705353 0.826101124286652 0.816403985023499 0.79006290435791 0.800219178199768 0.808935105800629 0.800949513912201 0.790416717529297 0.778590857982635 0.780005216598511 0.763291656970978 0.762976229190826 0.740881741046906 0.734540164470673 0.714581489562988 0.685892820358276 0.64796769618988 0.696330010890961 0.701999127864838
0.634060442447662 0.653342008590698 0.670565128326416 0.697694361209869 0.681447088718414 0.684905707836151 0.718020081520081 0.740720391273499 0.750419676303864 0.752854883670807 0.752207577228546 0.729544401168823 0.743664383888245 0.754103422164917 0.746980547904968 0.734358072280884 0.743023633956909 0.74032324552536 0.77697479724884 0.750182569026947 0.739095151424408 0.750154137611389 0.770545899868011 0.730628073215485 0.75895768404007 0.809226274490356 0.832224488258362 0.813877582550049 0.795707643032074 0.785899341106415 0.800870597362518 0.798867404460907 0.793557107448578 0.792094707489014 0.777992367744446 0.772209048271179 0.754383385181427 0.720349669456482 0.715899586677551 0.706767022609711 0.66996169090271 0.648795664310455 0.698759734630585 0.712444186210632
