data/climate_estimation/maxent_output/Alstroemeria_umbellata.asc
NCOLS 22 
NROWS 224 
XLLCORNER -70.9166666666667 
YLLCORNER -36.25 
CELLSIZE 0.0833333333333331 
NODATA_value -3.4e+38 
[rows 39 to 77 of 224, columns 0 to 21 of 22]
-3.4e+38 -3.4e+38 -3.4e+38 -3.4e+38 -3.4e+38 -3.4e+38 -3.4e+38 -3.4e+38 0.000647615059278905 0.0001707982737571 0.000163292163051665 0.000162770549650304 0.000165816280059516 0.000178745336597785 0.000155655376147479 0.000149215498822741 0.00074838032014668 0.000727832433767617 0.000996804446913302 0.00433402787894011 0.0598484165966511 0.0836941301822662
-3.4e+38 -3.4e+38 -3.4e+38 -3.4e+38 -3.4e+38 -3.4e+38 -3.4e+38 -3.4e+38 0.000712114328052849 0.000157426344230771 0.00017138957628049 0.00015594442083966 0.000167037025676109 0.000179260110598989 0.000153708519064821 0.000153258588397875 0.00075411336729303 0.000712340464815497 0.000996804446913302 0.00505880638957024 0.057399608194828 0.0606613010168076
-3.4e+38 -3.4e+38 -3.4e+38 -3.4e+38 -3.4e+38 -3.4e+38 -3.4e+38 -3.4e+38 0.000743653974495828 0.000154430890688673 0.000174303699168377 0.000159651957801543 0.000170538361999206 0.000170665050973184 0.000162119758897461 0.000143885525176302 0.000734220433514565 0.000693526002578437 0.000954292831011117 0.00481752213090658 0.038500402122736 0.0322788842022419
-3.4e+38 -3.4e+38 -3.4e+38 -3.4e+38 -3.4e+38 -3.4e+38 -3.4e+38 -3.4e+38 -3.4e+38 0.000885448767803609 0.000160369905643165 0.000156774141942151 0.000175948807736859 0.000164430064614862 0.000149911094922572 0.000722972210496664 0.00071225909050554 0.000682015845086426 0.0043055759742856 0.00474821031093597 0.0382212474942207 0.0315107591450214
-3.4e+38 -3.4e+38 -3.4e+38 -3.4e+38 -3.4e+38 -3.4e+38 -3.4e+38 -3.4e+38 -3.4e+38 0.000785010866820812 0.000161225485499017 0.000159543531481177 0.0001614276698092 0.000146578648127615 0.000141883763717487 0.000711848610080779 0.000695317634381354 0.000662161386571825 0.00405480340123177 0.0217432584613562 0.0439976006746292 0.173875421285629
-3.4e+38 -3.4e+38 -3.4e+38 -3.4e+38 -3.4e+38 -3.4e+38 -3.4e+38 -3.4e+38 -3.4e+38 0.00132613896857947 0.000151442218339071 0.000176784116774797 0.000166648562299088 0.000157907648826949 0.000144342193379998 0.000698338029906154 0.000692918838467449 0.000674086739309132 0.00399865489453077 0.0205774549394846 0.0424246862530708 0.167044058442116
-3.4e+38 -3.4e+38 -3.4e+38 -3.4e+38 -3.4e+38 -3.4e+38 -3.4e+38 -3.4e+38 -3.4e+38 0.00129589752759784 0.000143748227856122 0.00016546570986975 0.000160241426783614 0.000153039392898791 0.000131642518681474 0.000697892159223557 0.000669738627038896 0.000672846741508693 0.00396142387762666 0.0199814233928919 0.0413195304572582 0.213253185153008
-3.4e+38 -3.4e+38 -3.4e+38 -3.4e+38 -3.4e+38 -3.4e+38 -3.4e+38 -3.4e+38 -3.4e+38 0.00173499342054129 0.000133081339299679 0.000148450388223864 0.000151767992065288 0.000147694532643072 0.000729931227397174 0.000706853636074811 0.000682759622577578 0.00392110086977482 0.00407430389896035 0.0200505219399929 0.0424719154834747 0.286839216947556
-3.4e+38 -3.4e+38 -3.4e+38 -3.4e+38 -3.4e+38 -3.4e+38 -3.4e+38 -3.4e+38 -3.4e+38 0.00172300625126809 0.000171160645550117 0.000182736024726182 0.000169968567206524 0.000888513633981347 0.000863835564814508 0.000713157001882792 0.000707987754140049 0.00416239118203521 0.00426088878884912 0.0198888815939426 0.0892558172345161 0.290991097688675
-3.4e+38 -3.4e+38 -3.4e+38 -3.4e+38 -3.4e+38 -3.4e+38 -3.4e+38 -3.4e+38 -3.4e+38 0.000809161050710827 0.000186697987373918 0.000200065071112476 0.00109656807035208 0.00102981401141733 0.000883725530002266 0.000741881493013352 0.000685979321133345 0.0041598635725677 0.0263166427612305 0.039493590593338 0.0957415476441383 0.0731533765792847
-3.4e+38 -3.4e+38 -3.4e+38 -3.4e+38 -3.4e+38 -3.4e+38 -3.4e+38 -3.4e+38 -3.4e+38 0.000135825423058122 0.000190502832992934 0.0011722669005394 0.00119739712681621 0.00121073413174599 0.00102525867987424 0.00087454478489235 0.000714512949343771 0.00416365452110767 0.0265510529279709 0.0551697053015232 0.196093872189522 0.122138805687428
-3.4e+38 -3.4e+38 -3.4e+38 -3.4e+38 -3.4e+38 -3.4e+38 -3.4e+38 -3.4e+38 -3.4e+38 0.000148790946695954 0.000209812031243928 0.00132114207372069 0.00131741911172867 0.00115797738544643 0.00622119521722198 0.00527557544410229 0.00449244305491447 0.00408896431326866 0.0262623876333237 0.0510738641023636 0.279469043016434 0.327504813671112
-3.4e+38 -3.4e+38 -3.4e+38 -3.4e+38 -3.4e+38 -3.4e+38 -3.4e+38 -3.4e+38 0.0056434846483171 0.000174178785528056 0.00139692379161716 0.00134726066607982 0.00815285462886095 0.00713038444519043 0.000989736174233258 0.00488250236958265 0.00436202110722661 0.0042201797477901 0.0261846818029881 0.0523834824562073 0.382836818695068 0.477737426757812
-3.4e+38 -3.4e+38 -3.4e+38 -3.4e+38 -3.4e+38 -3.4e+38 -3.4e+38 -3.4e+38 0.005562923848629 0.00130022515077144 0.00143663457129151 0.00138211657758802 0.0111767817288637 0.0103478124365211 0.00094053236534819 0.00467789079993963 0.00445368606597185 0.0264111384749413 0.027669832110405 0.120793431997299 0.055232398211956 0.44107785820961
-3.4e+38 -3.4e+38 -3.4e+38 -3.4e+38 -3.4e+38 -3.4e+38 -3.4e+38 -3.4e+38 0.00189253035932779 0.000209327743505128 0.00127621367573738 0.00135367573238909 0.0105686280876398 0.00110742286778986 0.00565919512882829 0.00479596853256226 0.00438849814236164 0.0259972736239433 0.0519774667918682 0.123916260898113 0.0343378596007824 0.143481478095055
-3.4e+38 -3.4e+38 -3.4e+38 -3.4e+38 -3.4e+38 -3.4e+38 -3.4e+38 -3.4e+38 0.00145697884727269 0.000194544641999528 0.000196742650587112 0.00121039629448205 0.00115632510278374 0.00931099336594343 0.00849789194762707 0.00496961362659931 0.00452189752832055 0.0278758574277163 0.0523192808032036 0.100293785333633 0.0320217609405518 0.134942620992661
-3.4e+38 -3.4e+38 -3.4e+38 -3.4e+38 -3.4e+38 -3.4e+38 -3.4e+38 -3.4e+38 0.00104085041675717 0.000230215999181382 0.00115250493399799 0.00115201598964632 0.00956456735730171 0.0100167533382773 0.00827605836093426 0.00490777334198356 0.0289264284074306 0.0299197193235159 0.123988814651966 0.0226537603884935 0.0469611696898937 0.178264081478119
-339999999999999996123846586046231871488.000000000000000 -3.4e+38 -3.4e+38 -3.4e+38 -3.4e+38 -3.4e+38 -3.4e+38 0.00617803493514657 0.000190494552953169 0.00129913969431072 0.00124426197726279 0.00129760184790939 0.0010899631306529 0.00611766986548901 0.00543886795639992 0.00682271784171462 0.0310659799724817 0.0561955906450748 0.123206607997417 0.103789739310741 0.0459981188178062 0.177642807364464
-3.4e+38 -3.4e+38 -3.4e+38 -3.4e+38 -3.4e+38 -3.4e+38 -3.4e+38 0.00649481173604727 0.000181213938049041 0.00116419361438602 0.00125371769536287 0.0116132795810699 0.00977080687880516 0.00913432892411947 0.00797481276094913 0.00716944085434079 0.0318741351366043 0.0553945153951645 0.0476695001125336 0.102116994559765 0.0453250594437122 0.183312177658081
-3.4e+38 -3.4e+38 -3.4e+38 -3.4e+38 -3.4e+38 -3.4e+38 -3.4e+38 0.00665612751618028 0.000173014152096584 0.00129137968178838 0.00134105607867241 0.0118682198226452 0.0103652067482471 0.00987433549016714 0.039355356246233 0.0327955186367035 0.032763447612524 0.0563660003244877 0.0465203523635864 0.0912777483463287 0.0280748195946217 0.107152879238129
-3.4e+38 -3.4e+38 -3.4e+38 -3.4e+38 -3.4e+38 -3.4e+38 -3.4e+38 0.00206333678215742 0.000194106309209019 0.00118969357572496 0.00114395865239203 0.00219952058978379 0.00975087564438581 0.00931074935942888 0.0377724803984165 0.0342512652277946 0.0327637940645218 0.0566607303917408 0.047554224729538 0.0195230003446341 0.0290853604674339 0.108201950788498
-3.4e+38 -3.4e+38 -3.4e+38 -3.4e+38 -3.4e+38 -3.4e+38 -3.4e+38 0.00222756038419902 0.00113554741255939 0.000191400904441252 0.00107369781471789 0.00114543247036636 0.00992998387664557 0.00914710108190775 0.0384609065949917 0.035782229155302 0.0588809363543987 0.0555585995316505 0.0485125370323658 0.0201016049832106 0.0475494153797626 0.156501546502113
-3.4e+38 -3.4e+38 -3.4e+38 -3.4e+38 -3.4e+38 -3.4e+38 -3.4e+38 0.00234335497952998 0.00117538974154741 0.00111992412712425 0.00118219968862832 0.00104759843088686 0.00890597887337208 0.00905896723270416 0.0376363880932331 0.0365444719791412 0.060493391007185 0.0498230010271072 0.0958161801099777 0.0208600461483002 0.0469830892980099 0.173003077507019
-3.4e+38 -3.4e+38 -3.4e+38 -3.4e+38 -3.4e+38 -3.4e+38 -3.4e+38 0.00188257696572691 0.0012801899574697 0.00108908349648118 0.00117252266500145 0.00205821776762605 0.00889064744114876 0.00821554381400347 0.0374006144702435 0.0366336777806282 0.0603827908635139 0.0515492595732212 0.105947010219097 0.0200893152505159 0.0457085147500038 0.17069448530674
-3.4e+38 -3.4e+38 -3.4e+38 -3.4e+38 -3.4e+38 -3.4e+38 -3.4e+38 0.00174760771915317 0.00128382793627679 0.00192878569941968 0.00115621474105865 0.00211232271976769 0.00894461292773485 0.00817356072366238 0.0373384207487106 0.0369046218693256 0.0616713538765907 0.0532349497079849 0.10870186239481 0.0198607929050922 0.0425741337239742 0.12058562040329
-3.4e+38 -3.4e+38 -3.4e+38 -3.4e+38 -3.4e+38 -3.4e+38 0.0018091854872182 0.00201893993653357 0.00232700118795037 0.00190404755994678 0.00197467650286853 0.00200599781237543 0.00863073114305735 0.00841119140386581 0.039178129285574 0.0369996763765812 0.0602480918169022 0.0517354421317577 0.094954714179039 0.0201155841350555 0.0298066157847643 0.0760152041912079
-3.4e+38 -3.4e+38 -3.4e+38 -3.4e+38 0.0022434217389673 0.00208680354990065 0.00199263752438128 0.00217710947617888 0.00223837816156447 0.00279085198417306 0.00199434021487832 0.00279345246963203 0.00951959565281868 0.00903491489589214 0.0363247729837894 0.0374019891023636 0.0588765516877174 0.023717800155282 0.0477498546242714 0.0199383459985256 0.0307160317897797 0.0816224962472916
-3.4e+38 -3.4e+38 -3.4e+38 -3.4e+38 0.00374071067199111 0.00219239690341055 0.002145936479792 0.00219691614620388 0.00212785298936069 0.00279862759634852 0.00286647747270763 0.00271918112412095 0.00255282525904477 0.00855368096381426 0.0100524667650461 0.0336091034114361 0.0568042434751987 0.0544132068753242 0.10811010748148 0.0216188486665487 0.0341927371919155 0.0873079597949982
-3.4e+38 -3.4e+38 -3.4e+38 0.00140347774140537 0.00378369446843863 0.0035496586933732 0.00342738209292293 0.00228365394286811 0.00224476400762796 0.0028835479170084 0.00279022613540292 0.0035176114179194 0.0031539115589112 0.00999466981738806 0.00932986382395029 0.0332331694662571 0.0591600462794304 0.117231331765652 0.115595474839211 0.0229435842484236 0.0364163890480995 0.0637494400143623
-3.4e+38 -3.4e+38 -3.4e+38 0.00251940917223692 0.00388535158708692 0.00375156197696924 0.00370081933215261 0.00230819685384631 0.00227767298929393 0.0027444907464087 0.00270761479623616 0.00339794624596834 0.00302226608619094 0.00961738266050816 0.00930497143417597 0.033356387168169 0.0620973706245422 0.128979757428169 0.036240179091692 0.0523553155362606 0.0378360152244568 0.0663048550486565
-3.4e+38 -3.4e+38 -3.4e+38 0.00143052393104881 0.0040050009265542 0.00394371151924133 0.00253410777077079 0.0022572036832571 0.00224660080857575 0.00210561766289175 0.0026366007514298 0.00235072080977261 0.00286635220982134 0.00952988211065531 0.00905196834355593 0.0314898975193501 0.0587630569934845 0.120695844292641 0.105780564248562 0.0358097516000271 0.0599700547754765 0.128282397985458
-3.4e+38 -3.4e+38 -3.4e+38 0.00256973085924983 0.0040367660112679 0.0136842345818877 0.00249161664396524 0.0022839333396405 0.0021382833365351 0.00205002957955003 0.00246005435474217 0.00224288669414818 0.00316801434382796 0.00921873282641172 0.00889515969902277 0.0332985557615757 0.063381090760231 0.0554052367806435 0.112757340073586 0.0378917641937733 0.056058194488287 0.0818700939416885
-3.4e+38 -3.4e+38 -3.4e+38 0.00257723336108029 0.00494269840419292 0.00236046826466918 0.00344049092382193 0.00225941650569439 0.00210182182490826 0.00198109750635922 0.00239570322446525 0.00290236715227365 0.00300060445442796 0.00289724580943584 0.0082646245136857 0.0299577880650759 0.030987337231636 0.0556647479534149 0.10298839956522 0.0352875106036663 0.0482452362775803 0.050451222807169
-3.4e+38 -3.4e+38 -3.4e+38 -3.4e+38 -3.4e+38 0.00120652199257165 0.00328384223394096 0.00213698111474514 0.00206054351292551 0.00194279861170799 0.00236721686087549 0.00283955200575292 0.00295196776278317 0.00273512722924352 0.00749522121623158 0.00733872037380934 0.0275536347180605 0.054743018001318 0.119691781699657 0.105480827391148 0.0332415662705898 0.0591064728796482
-3.4e+38 -3.4e+38 -3.4e+38 -3.4e+38 -3.4e+38 0.00122437975369394 0.00220645219087601 0.00214092526584864 0.00201443629339337 0.00185220211278647 0.00286972592584789 0.00270646368153393 0.00288338214159012 0.00261339219287038 0.00756397051736712 0.00737762916833162 0.0282877534627914 0.0518867000937462 0.0555841997265816 0.110388800501823 0.25734207034111 0.0678839832544327
-3.4e+38 -3.4e+38 -3.4e+38 -3.4e+38 0.00115793023724109 0.00333480979315937 0.00323235709220171 0.00298726698383689 0.00189570127986372 0.00180136959534138 0.00281148450449109 0.00293123628944159 0.00280805840156972 0.00258920853957534 0.00697055738419294 0.00792064610868692 0.0262663476169109 0.0254972334951162 0.0469433851540089 0.102847553789616 0.299370378255844 0.0676155835390091
-3.4e+38 -3.4e+38 -3.4e+38 -3.4e+38 0.00208205985836685 0.00216160505078733 0.00203346787020564 0.00289001874625683 0.00183881761040539 0.00254613719880581 0.00308307842351496 0.00283805071376264 0.00270566600374877 0.0025425162166357 0.00654431851580739 0.00677818059921265 0.00652442732825875 0.0241661015897989 0.0499647445976734 0.124660268425941 0.333457946777344 0.307360768318176
-3.4e+38 -3.4e+38 -3.4e+38 -3.4e+38 0.00382354110479355 0.00210171891376376 0.00194509094581008 0.00278132548555732 0.00259404233656824 0.00234573683701456 0.00287552597001195 0.00305989128537476 0.00283434288576245 0.0026191514916718 0.00241938396357 0.00623602140694857 0.00645206775516272 0.0242560990154743 0.0478724762797356 0.0643934682011604 0.142698407173157 0.270390540361404
-3.4e+38 -3.4e+38 -3.4e+38 -3.4e+38 0.00371088064275682 0.00900161173194647 0.00853948760777712 0.00243672518990934 0.0082325330004096 0.00790742784738541 0.00848386995494366 0.0028620776720345 0.00278067449107766 0.00254187686368823 0.00241112965159118 0.00614667870104313 0.0060024936683476 0.0234644170850515 0.027161305770278 0.05126016959548 0.120082952082157 0.140828415751457
