data/climate_estimation/maxent_output/Alstroemeria_psittacina.asc
NCOLS 310 
NROWS 287 
XLLCORNER -66.6666666666667 
YLLCORNER -36.3333333333333 
CELLSIZE 0.0833333333333333 
NODATA_value -3.4e+38 
[rows 147 to 167 of 287, columns 94 to 140 of 310]
0.782498717308044 0.802967071533203 0.79066789150238 0.798472106456757 0.784185767173767 0.773925542831421 0.753940463066101 0.738781034946442 0.720530092716217 0.704382479190826 0.693488836288452 0.725495398044586 0.720345437526703 0.775278747081757 0.812863528728485 0.812461197376251 0.785282611846924 0.761552810668945 0.730545401573181 0.719995200634003 0.718429982662201 0.747388601303101 0.880092442035675 0.892535209655762 0.919210612773895 0.930586218833923 0.924628794193268 0.927157580852509 0.944069564342499 0.955189287662506 0.947632551193237 0.936922311782837 0.918204665184021 0.90924209356308 0.923661053180695 0.932649970054626 0.946676194667816 0.942346513271332 0.954355120658875 0.958922445774078 0.959843575954437 0.965251445770264 0.96015340089798 0.96971595287323 0.97257399559021 0.980789959430695 0.985412836074829
0.766997516155243 0.800707459449768 0.806546449661255 0.823103904724121 0.784424066543579 0.778466045856476 0.754279375076294 0.734200596809387 0.718483567237854 0.708533227443695 0.711263298988342 0.726494073867798 0.758439600467682 0.780441403388977 0.822833299636841 0.922876358032227 0.907086670398712 0.894817173480988 0.875910997390747 0.867423892021179 0.863834619522095 0.865625202655792 0.897467136383057 0.914046168327332 0.921941995620728 0.933786630630493 0.924778878688812 0.934089541435242 0.950387239456177 0.943396866321564 0.931592643260956 0.910632312297821 0.90580826997757 0.90644109249115 0.902606248855591 0.923078298568726 0.933376729488373 0.943770527839661 0.95051497220993 0.957791805267334 0.95836877822876 0.962511837482452 0.963295161724091 0.969824254512787 0.970746636390686 0.980876445770264 0.985851168632507
0.763174593448639 0.799166023731232 0.801648080348969 0.814816296100616 0.812664031982422 0.789676487445831 0.766423523426056 0.750927329063416 0.735671281814575 0.71206122636795 0.749345123767853 0.81045526266098 0.824165999889374 0.925526976585388 0.932732760906219 0.935885429382324 0.927711486816406 0.911063373088837 0.901622354984283 0.895804047584534 0.900838255882263 0.900429844856262 0.910915195941925 0.92360657453537 0.929561197757721 0.936729609966278 0.930459678173065 0.940298497676849 0.945722043514252 0.934592843055725 0.915260970592499 0.906881093978882 0.884212374687195 0.880984723567963 0.890333890914917 0.914469599723816 0.928915560245514 0.946771681308746 0.94859516620636 0.961376130580902 0.958010911941528 0.962650239467621 0.963427245616913 0.967930376529694 0.969394326210022 0.977865099906921 0.984736979007721
0.866270184516907 0.785305857658386 0.81910502910614 0.828590393066406 0.815014243125916 0.782431125640869 0.789812624454498 0.779300212860107 0.763108372688293 0.767554461956024 0.850890040397644 0.87380987405777 0.865033984184265 0.945105791091919 0.942192375659943 0.936031341552734 0.941187083721161 0.937150239944458 0.918144345283508 0.912933111190796 0.917243540287018 0.916285276412964 0.917167365550995 0.933330118656158 0.936580657958984 0.934077143669128 0.931964039802551 0.95073801279068 0.952015936374664 0.93096399307251 0.915958166122437 0.892916560173035 0.875064492225647 0.857323825359344 0.890072345733643 0.910774409770966 0.933703899383545 0.946983933448792 0.960434436798096 0.958142459392548 0.962117195129395 0.959848344326019 0.967298448085785 0.968697845935822 0.969421982765198 0.978377103805542 0.984671115875244
0.861675918102264 0.896612823009491 0.820756137371063 0.835135042667389 0.805940568447113 0.814622163772583 0.928947567939758 0.823927104473114 0.808323860168457 0.814131021499634 0.839423537254333 0.87764310836792 0.963185667991638 0.955861628055573 0.94667649269104 0.939396619796753 0.944867968559265 0.947910487651825 0.937929451465607 0.926636457443237 0.922457456588745 0.927317798137665 0.922427475452423 0.925540089607239 0.931712865829468 0.931499123573303 0.940017640590668 0.951565325260162 0.951084554195404 0.936213552951813 0.924842417240143 0.912244021892548 0.888570666313171 0.87933737039566 0.901384651660919 0.931823551654816 0.950827836990356 0.961394906044006 0.971828997135162 0.969791233539581 0.96707558631897 0.967172503471375 0.971731543540955 0.963634729385376 0.973805844783783 0.974053204059601 0.984826445579529
0.874614894390106 0.897689700126648 0.912361443042755 0.92471170425415 0.933876037597656 0.939921021461487 0.94016420841217 0.939392745494843 0.938833951950073 0.941071093082428 0.935846865177155 0.957701861858368 0.969691336154938 0.96330589056015 0.95930153131485 0.95480889081955 0.956054329872131 0.952308893203735 0.94927591085434 0.939388990402222 0.934823215007782 0.92887419462204 0.926218807697296 0.933787167072296 0.93397444486618 0.940816879272461 0.946048438549042 0.950850248336792 0.952211380004883 0.945782601833344 0.944471955299377 0.937339067459106 0.930121779441833 0.929009795188904 0.938752770423889 0.953882575035095 0.968944370746613 0.973794519901276 0.981288611888885 0.979966700077057 0.980806291103363 0.973531901836395 0.974204838275909 0.974278628826141 0.977453827857971 0.980287313461304 0.98358690738678
0.889023959636688 0.906729876995087 0.91256183385849 0.936371028423309 0.941038250923157 0.946643710136414 0.949809014797211 0.953087031841278 0.960375607013702 0.956235289573669 0.954319357872009 0.959921598434448 0.967080533504486 0.971582233905792 0.97279965877533 0.969118118286133 0.969316899776459 0.953608274459839 0.944357991218567 0.925235033035278 0.932076334953308 0.923492014408112 0.933719992637634 0.939760625362396 0.941489279270172 0.943357884883881 0.950786352157593 0.96002596616745 0.963745296001434 0.961117327213287 0.956569492816925 0.957474052906036 0.964876890182495 0.919499099254608 0.928419649600983 0.936193883419037 0.94494616985321 0.986556529998779 0.9909907579422 0.991277039051056 0.989182889461517 0.986514687538147 0.983033001422882 0.982612609863281 0.979424893856049 0.978983640670776 0.985614955425262
0.900307834148407 0.919162809848785 0.93155312538147 0.939019381999969 0.954220056533813 0.960817694664001 0.958088457584381 0.965955495834351 0.962205052375793 0.966459453105927 0.966233611106873 0.960793972015381 0.966446161270142 0.973773121833801 0.974774241447449 0.974719405174255 0.964913010597229 0.957174897193909 0.945744514465332 0.930202841758728 0.922145903110504 0.924743473529816 0.927801907062531 0.935998797416687 0.948109686374664 0.95484870672226 0.959982931613922 0.960034012794495 0.97137838602066 0.969976663589478 0.971109569072723 0.976851880550385 0.938331305980682 0.944839715957642 0.954669833183289 0.958080232143402 0.962709784507751 0.971575260162354 0.976199626922607 0.995054721832275 0.995304584503174 0.993127703666687 0.990590214729309 0.98616760969162 0.985945582389832 0.982063174247742 0.987053871154785
0.911761045455933 0.928025543689728 0.936024248600006 0.942274212837219 0.95830625295639 0.963484108448029 0.968600869178772 0.966156244277954 0.971958756446838 0.972772300243378 0.972214579582214 0.973400413990021 0.968656182289124 0.974883496761322 0.978355586528778 0.977822959423065 0.966014325618744 0.960910022258759 0.949105024337769 0.926475346088409 0.90297394990921 0.923242747783661 0.939297080039978 0.947828769683838 0.946639120578766 0.951615810394287 0.965533852577209 0.974310338497162 0.97547060251236 0.976793587207794 0.976969063282013 0.948165595531464 0.949199438095093 0.961488485336304 0.97029185295105 0.97209233045578 0.977253377437592 0.980888843536377 0.985492646694183 0.985362589359283 0.987934947013855 0.995953559875488 0.994333207607269 0.992313921451569 0.990615844726562 0.990866422653198 0.99395877122879
0.921285212039948 0.929360449314117 0.943196952342987 0.955862462520599 0.961089789867401 0.96763813495636 0.972937524318695 0.973860383033752 0.977249622344971 0.978448569774628 0.976642072200775 0.977327823638916 0.976881146430969 0.973959505558014 0.974932312965393 0.976928293704987 0.967372953891754 0.961649060249329 0.955941438674927 0.937339246273041 0.921486020088196 0.930132210254669 0.940070271492004 0.953439891338348 0.950032293796539 0.962622463703156 0.976612865924835 0.980458617210388 0.976832330226898 0.982165515422821 0.981993079185486 0.955572247505188 0.963440239429474 0.965049505233765 0.971108675003052 0.970883071422577 0.975861966609955 0.986456573009491 0.988584935665131 0.988660454750061 0.989389300346375 0.997480154037476 0.996171414852142 0.996644079685211 0.997499644756317 0.997586190700531 0.997312605381012
0.925437033176422 0.942599236965179 0.947267472743988 0.953063607215881 0.961941242218018 0.972422480583191 0.974803030490875 0.976590692996979 0.980980694293976 0.980410754680634 0.981066286563873 0.981045305728912 0.979455173015594 0.978125274181366 0.976246893405914 0.979912757873535 0.980212092399597 0.977859199047089 0.960207164287567 0.9417964220047 0.935465753078461 0.947842836380005 0.952081084251404 0.958423256874084 0.967811107635498 0.976221919059753 0.98090386390686 0.982774257659912 0.981623351573944 0.983298122882843 0.986309289932251 0.96060711145401 0.966272532939911 0.97025203704834 0.970397293567657 0.972354650497437 0.975094020366669 0.977980613708496 0.985553205013275 0.988113224506378 0.996627449989319 0.996662080287933 0.996647000312805 0.997393488883972 0.998579561710358 0.998686492443085 0.991308093070984
0.929855704307556 0.936564207077026 0.952695310115814 0.959466814994812 0.967609524726868 0.970377445220947 0.977472543716431 0.97915381193161 0.982601583003998 0.98370748758316 0.984231293201447 0.984101235866547 0.983591675758362 0.985157907009125 0.984994769096375 0.985294878482819 0.982443034648895 0.981952786445618 0.922838151454926 0.903364598751068 0.877651154994965 0.905901312828064 0.967358350753784 0.969607710838318 0.976957619190216 0.984821856021881 0.983627021312714 0.984033644199371 0.987797021865845 0.987158060073853 0.988901555538177 0.988960444927216 0.967666149139404 0.971695244312286 0.973267138004303 0.970226943492889 0.966795384883881 0.973118960857391 0.979539453983307 0.98131251335144 0.994392454624176 0.994400799274445 0.996310710906982 0.998519420623779 0.999165892601013 0.999222099781036 0.998916208744049
0.937771618366241 0.947012841701508 0.953072905540466 0.957663416862488 0.968893229961395 0.968075335025787 0.976503372192383 0.979311645030975 0.981784760951996 0.985776126384735 0.985294580459595 0.986080944538116 0.988100290298462 0.989019334316254 0.9901482462883 0.986832022666931 0.988972067832947 0.947919189929962 0.934869527816772 0.91703337430954 0.929452180862427 0.951437711715698 0.948683321475983 0.946956992149353 0.966052234172821 0.96083277463913 0.958753287792206 0.992044150829315 0.987200856208801 0.988330125808716 0.990892589092255 0.989979565143585 0.991566479206085 0.974379062652588 0.965732872486115 0.957160294055939 0.951933801174164 0.957576036453247 0.96308434009552 0.992159843444824 0.993636548519135 0.996208965778351 0.997107088565826 0.99869167804718 0.999265193939209 0.999472141265869 0.999421715736389
0.938740909099579 0.949614405632019 0.95432847738266 0.963519394397736 0.965717971324921 0.97348827123642 0.974848866462708 0.97848904132843 0.982440590858459 0.986077964305878 0.982978761196136 0.985310792922974 0.987684607505798 0.988941729068756 0.990897834300995 0.990381956100464 0.991870164871216 0.961240112781525 0.946515560150146 0.941894948482513 0.95400732755661 0.970902621746063 0.969533085823059 0.972372949123383 0.978450357913971 0.977110981941223 0.976858019828796 0.994172751903534 0.991740465164185 0.991281509399414 0.991875529289246 0.992714524269104 0.991731464862823 0.972144722938538 0.960665702819824 0.941762804985046 0.928209066390991 0.939956307411194 0.956491410732269 0.989016175270081 0.993625998497009 0.995521247386932 0.998137891292572 0.99888402223587 0.999353766441345 0.999649226665497 0.999771654605865
0.938376188278198 0.944442093372345 0.951405763626099 0.955991268157959 0.966440796852112 0.971836745738983 0.973616719245911 0.981889605522156 0.979700267314911 0.984648048877716 0.983867287635803 0.983840823173523 0.985374212265015 0.989424645900726 0.992301166057587 0.993345201015472 0.994740545749664 0.971547245979309 0.96479195356369 0.965425908565521 0.966849803924561 0.979969024658203 0.97621214389801 0.981063723564148 0.976687848567963 0.977989554405212 0.980879902839661 0.99566262960434 0.995603978633881 0.995737671852112 0.994352519512177 0.994176685810089 0.993392825126648 0.97136789560318 0.962490975856781 0.943207144737244 0.930151581764221 0.938122987747192 0.952554881572723 0.991173088550568 0.994521796703339 0.997198224067688 0.998446762561798 0.999192118644714 0.999638855457306 0.999755561351776 0.99985682964325
0.940835416316986 0.948402643203735 0.958549618721008 0.964170455932617 0.969876706600189 0.970199286937714 0.974432408809662 0.984888911247253 0.984145700931549 0.982043504714966 0.983688831329346 0.977913975715637 0.984327733516693 0.990146815776825 0.992253243923187 0.992980420589447 0.994212985038757 0.976222336292267 0.979306697845459 0.976029574871063 0.97946709394455 0.971976399421692 0.969926059246063 0.985499799251556 0.984970211982727 0.986280143260956 0.987264096736908 0.995925903320312 0.996865928173065 0.99619996547699 0.996205627918243 0.994594752788544 0.995254456996918 0.992694497108459 0.968996465206146 0.957073509693146 0.943572878837585 0.955184400081635 0.964312851428986 0.992428421974182 0.995381474494934 0.997656583786011 0.998948633670807 0.999472618103027 0.999705731868744 0.999766647815704 0.999818503856659
0.939025461673737 0.948184072971344 0.9548379778862 0.962136447429657 0.964947402477264 0.967951357364655 0.977956652641296 0.98124635219574 0.982100605964661 0.97907155752182 0.97898656129837 0.979856789112091 0.98650711774826 0.989442050457001 0.994370341300964 0.993401229381561 0.995547473430634 0.996148109436035 0.986241221427917 0.984004855155945 0.980975270271301 0.971418261528015 0.979571223258972 0.985460519790649 0.987133502960205 0.987694025039673 0.996793389320374 0.994622528553009 0.99504142999649 0.996621012687683 0.996469259262085 0.996709823608398 0.995777308940887 0.994558751583099 0.99257630109787 0.990665912628174 0.968515813350677 0.967481195926666 0.977323710918427 0.995871961116791 0.996751666069031 0.998106479644775 0.999180734157562 0.999609887599945 0.9997318983078 0.999759137630463 0.999844551086426
0.939620554447174 0.948931753635406 0.953520059585571 0.955226302146912 0.964845478534698 0.96688848733902 0.977186441421509 0.977999687194824 0.979232311248779 0.978129684925079 0.979642629623413 0.980528235435486 0.985929429531097 0.990212798118591 0.994289398193359 0.993318438529968 0.996014058589935 0.99517822265625 0.996311604976654 0.983272612094879 0.979599714279175 0.979350864887238 0.982717573642731 0.986741244792938 0.989356219768524 0.985319197177887 0.994750142097473 0.994227528572083 0.990432679653168 0.995518505573273 0.995992720127106 0.996226847171783 0.99604743719101 0.99616152048111 0.99537181854248 0.993273437023163 0.993355453014374 0.993458926677704 0.994747519493103 0.995648503303528 0.99738484621048 0.998727142810822 0.999241173267365 0.999662101268768 0.999821186065674 0.999882936477661 0.99988716840744
0.936914622783661 0.954077482223511 0.961591064929962 0.963749408721924 0.966121852397919 0.971826434135437 0.97808164358139 0.9742431640625 0.975357890129089 0.981233179569244 0.984167277812958 0.985498607158661 0.987838625907898 0.99042022228241 0.991574048995972 0.993791162967682 0.995714545249939 0.994081854820251 0.995464324951172 0.997587621212006 0.998071074485779 0.988237679004669 0.986637830734253 0.987489283084869 0.988751947879791 0.996540725231171 0.994473397731781 0.993114113807678 0.990639686584473 0.996186077594757 0.996463894844055 0.996806621551514 0.996785163879395 0.995846927165985 0.995136082172394 0.995549440383911 0.995655477046967 0.996187329292297 0.996185541152954 0.997359752655029 0.998532593250275 0.999027252197266 0.999407052993774 0.999689877033234 0.999786734580994 0.99988055229187 0.999916911125183
0.949059426784515 0.956833243370056 0.965813159942627 0.967726588249207 0.972863912582397 0.970010340213776 0.976048529148102 0.975708961486816 0.975508809089661 0.978437960147858 0.982979774475098 0.983090043067932 0.990887105464935 0.991862714290619 0.99345076084137 0.994234681129456 0.995124399662018 0.99646669626236 0.996149122714996 0.997910737991333 0.998379349708557 0.998377680778503 0.99032199382782 0.989713311195374 0.997804880142212 0.997427940368652 0.996239960193634 0.994828879833221 0.99391895532608 0.993643760681152 0.996960759162903 0.997807562351227 0.997583150863647 0.997340619564056 0.997418642044067 0.996704161167145 0.997381031513214 0.997141122817993 0.997644007205963 0.998253464698792 0.998867273330688 0.999244689941406 0.999358117580414 0.999727666378021 0.999758303165436 0.99988204240799 0.999896109104156
0.950478196144104 0.955958247184753 0.965457141399384 0.970870792865753 0.969119966030121 0.973563075065613 0.974756836891174 0.975795924663544 0.977001786231995 0.982587277889252 0.985501050949097 0.982238233089447 0.986184060573578 0.989552736282349 0.993206441402435 0.993107259273529 0.994622111320496 0.994295418262482 0.995281755924225 0.99737423658371 0.99809592962265 0.998636543750763 0.998422086238861 0.998247742652893 0.997746288776398 0.996984541416168 0.996498823165894 0.995074689388275 0.99531751871109 0.996467411518097 0.995866119861603 0.99800568819046 0.997711300849915 0.99740469455719 0.997050106525421 0.998024821281433 0.997759699821472 0.997987449169159 0.998615801334381 0.998807191848755 0.999062895774841 0.999466478824615 0.9996537566185 0.999774694442749 0.999860525131226 0.999897420406342 0.999920725822449
