data/climate_estimation/maxent_output/Alstroemeria_monticola.asc
NCOLS 64 
NROWS 163 
XLLCORNER -44.5 
YLLCORNER -20.6666666666667 
CELLSIZE 0.0833333333333334 
NODATA_value -3.4e+38 
[rows 57 to 75 of 163, columns 0 to 43 of 64]
0.00577499438077211 0.00632582418620586 0.00630325684323907 0.00595313729718328 0.00577449193224311 0.00439986865967512 0.00393299572169781 0.00387755851261318 0.00349483615718782 0.0035708409268409 0.00393398851156235 0.00633439887315035 0.00305391801521182 0.00241415854543447 0.00206043338403106 0.0020563795696944 0.00200946000404656 0.00177523691672832 0.00337913865223527 0.00705708796158433 0.0126466220244765 0.0120230410248041 0.0219889674335718 0.0266471188515425 0.0405752658843994 0.0564926862716675 0.0618560984730721 0.146842837333679 0.0647783651947975 0.0795077681541443 0.166583508253098 0.147044897079468 0.284676164388657 0.518518209457397 0.780099868774414 0.863864183425903 0.997858345508575 0.998167932033539 0.995819091796875 0.998035490512848 0.998933374881744 0.995745539665222 0.994242310523987 0.992094337940216
0.00460267718881369 0.00474870158359408 0.0053956969641149 0.00527549162507057 0.0068907686509192 0.00625737523660064 0.00651199137791991 0.00590226473286748 0.0035934210754931 0.00351877370849252 0.00375456036999822 0.00343041936866939 0.00675831269472837 0.00208498281426728 0.0020187848713249 0.00226348009891808 0.00223678001202643 0.00201387517154217 0.00292627955786884 0.00333781191147864 0.0174798145890236 0.0237564314156771 0.0271087102591991 0.0247038193047047 0.0706446692347527 0.073540024459362 0.108866333961487 0.213841617107391 0.147090807557106 0.0746686831116676 0.155025109648705 0.179809600114822 0.257936656475067 0.515350759029388 0.890514731407166 0.9780552983284 0.999681055545807 0.999523758888245 0.996734023094177 0.996548712253571 0.998284995555878 0.987655878067017 0.984989941120148 0.979878008365631
0.00526888063177466 0.00517535163089633 0.00601070420816541 0.00631925649940968 0.0110381478443742 0.0103022484108806 0.00647490983828902 0.00572589552029967 0.00495207170024514 0.00336176552809775 0.00301420222967863 0.0025896776933223 0.00306773465126753 0.00241327844560146 0.00167145393788815 0.00220064749009907 0.00294850277714431 0.00513551710173488 0.0038086271379143 0.00332548702135682 0.00625875778496265 0.0213862024247646 0.0202334839850664 0.0170176010578871 0.0530541054904461 0.0981927961111069 0.220733463764191 0.329296141862869 0.163296595215797 0.0864711478352547 0.187904193997383 0.345259517431259 0.287638872861862 0.485632121562958 0.935666084289551 0.989865958690643 0.999908924102783 0.999751091003418 0.999462366104126 0.99516350030899 0.952803552150726 0.924604773521423 0.981842756271362 0.99485319852829
0.00839516334235668 0.00918888486921787 0.00959048513323069 0.0106979040428996 0.00997860357165337 0.0102108344435692 0.00725620100274682 0.00792700704187155 0.00850685127079487 0.0025896776933223 0.00264618149958551 0.00224334350787103 0.00381849543191493 0.00263094063848257 0.00149436900392175 0.00157566205598414 0.00278510968200862 0.00850579608231783 0.0088209779933095 0.00258325808681548 0.00277447979897261 0.0118935732170939 0.0254170037806034 0.0133861619979143 0.0187604036182165 0.0761753395199776 0.272638589143753 0.322365343570709 0.218286171555519 0.26629301905632 0.172859132289886 0.460769295692444 0.437940180301666 0.354025214910507 0.77143919467926 0.97363418340683 0.999709725379944 0.999112486839294 0.998952627182007 0.97226744890213 0.871105492115021 0.962663173675537 0.992308795452118 0.998593389987946
0.00774623081088066 0.00834350846707821 0.0108352042734623 0.0102734304964542 0.0110687939450145 0.011719218455255 0.0132301682606339 0.0109639381989837 0.00443977536633611 0.00345668219961226 0.00255884043872356 0.0026418415363878 0.00253513199277222 0.0028531935531646 0.00259134359657764 0.00165769387967885 0.00222958880476654 0.00637209136039019 0.00927013158798218 0.00248196092434227 0.00236716866493225 0.00294988602399826 0.0150610357522964 0.00792705174535513 0.00876427721232176 0.0623174533247948 0.160804212093353 0.210238009691238 0.246035724878311 0.255313873291016 0.182022050023079 0.616098642349243 0.707162737846375 0.345077574253082 0.456555783748627 0.889607489109039 0.999652445316315 0.998440802097321 0.991633355617523 0.918070495128632 0.88480418920517 0.971289813518524 0.994956374168396 0.998458802700043
0.00788923539221287 0.00877716578543186 0.0103570995852351 0.010331348516047 0.0110687902197242 0.0121116722002625 0.0143145611509681 0.0115357590839267 0.00878415815532207 0.00407658331096172 0.0026665716432035 0.00245848298072815 0.00247189938090742 0.0043512019328773 0.00235906755551696 0.00279155210591853 0.00429970817640424 0.00989395566284657 0.0147150056436658 0.00297548365779221 0.00242944154888391 0.0028934245929122 0.00414017913863063 0.00425230711698532 0.006000816822052 0.0299970284104347 0.0962714776396751 0.181361824274063 0.217792123556137 0.246323734521866 0.388829171657562 0.699447810649872 0.867808878421783 0.507314682006836 0.530008554458618 0.906655251979828 0.999588191509247 0.995996534824371 0.988312184810638 0.919772505760193 0.881361484527588 0.96722686290741 0.994986593723297 0.994267463684082
0.00685214390978217 0.00823756586760283 0.00879738852381706 0.00893631856888533 0.0107872178778052 0.0127330552786589 0.0106400214135647 0.00801480375230312 0.00313147529959679 0.00285573326982558 0.00222767656669021 0.00242609553970397 0.00320213125087321 0.00442839181050658 0.0025017315056175 0.00231681228615344 0.00576623063534498 0.00773643469437957 0.015862500295043 0.00523884827271104 0.00270940456539392 0.00327951111830771 0.0033447768073529 0.00418217666447163 0.00488079153001308 0.0121106598526239 0.187642470002174 0.115488499403 0.186003535985947 0.344353646039963 0.340076088905334 0.844875514507294 0.507619082927704 0.616403043270111 0.737958669662476 0.898055255413055 0.984499037265778 0.964869558811188 0.973028361797333 0.922084867954254 0.871018588542938 0.957754194736481 0.994661271572113 0.98934668302536
0.00790423341095448 0.00840151589363813 0.00863844994455576 0.00969936233013868 0.0113151166588068 0.0111273257061839 0.00409153522923589 0.00244044559076428 0.00233950465917587 0.00215568975545466 0.00229575717821717 0.00207084231078625 0.00302111590281129 0.00436317408457398 0.00341270188800991 0.00389155233278871 0.00739116920158267 0.0057392306625843 0.00851163174957037 0.0107577219605446 0.00480431923642755 0.00465323077514768 0.00517122121527791 0.00531451171264052 0.00805257633328438 0.0159642547369003 0.0353596284985542 0.0544113107025623 0.196488797664642 0.364632368087769 0.454372376203537 0.65448522567749 0.305712282657623 0.602307438850403 0.724207103252411 0.948807239532471 0.994542598724365 0.874870538711548 0.859504997730255 0.846231400966644 0.86750602722168 0.947428703308105 0.993067860603333 0.986512064933777
0.00576438289135695 0.00575508084148169 0.00620233314111829 0.0073390007019043 0.00880756694823503 0.00903826765716076 0.00244645518250763 0.00237778970040381 0.00193141854833812 0.00204279436729848 0.00176879321224988 0.00254267174750566 0.0028139865025878 0.00225356058217585 0.00445064064115286 0.00373444543220103 0.00382439652457833 0.00563901988789439 0.00817672722041607 0.0154866883531213 0.00537533592432737 0.00484265061095357 0.00470288749784231 0.00507934344932437 0.00634337402880192 0.011786469258368 0.0372030474245548 0.059050589799881 0.106296710669994 0.333313584327698 0.350396633148193 0.363908290863037 0.357420861721039 0.671992182731628 0.932344555854797 0.966458022594452 0.999529302120209 0.798774302005768 0.765779852867126 0.803338825702667 0.859926581382751 0.941688537597656 0.989586532115936 0.977455079555511
0.0060716737061739 0.00616386253386736 0.00581646338105202 0.00619034050032496 0.00526240980252624 0.00433601206168532 0.00267445738427341 0.00232055108062923 0.00192476145457476 0.00213759555481374 0.00182385568041354 0.0023468506988138 0.00241057318635285 0.00267218030057847 0.0025096139870584 0.00367821706458926 0.0037197161000222 0.00546979252249002 0.00517318723723292 0.0125875603407621 0.00617173360660672 0.00397818721830845 0.00481585832312703 0.00529878679662943 0.0067628282122314 0.00845897756516933 0.0383759029209614 0.0582327321171761 0.212957441806793 0.363391309976578 0.347106605768204 0.274529069662094 0.180828303098679 0.428797483444214 0.990223586559296 0.997961640357971 0.99931138753891 0.811983466148376 0.672898054122925 0.758081495761871 0.8479283452034 0.920278668403625 0.98408305644989 0.984384000301361
0.00534675968810916 0.0057320580817759 0.00647678039968014 0.00665891263633966 0.00525727262720466 0.00354991317726672 0.00391098158434033 0.00199985248036683 0.0023607152979821 0.00178101006895304 0.00194627698510885 0.00182067672722042 0.00248756166547537 0.00234927120618522 0.00224162405356765 0.0021632150746882 0.00218490627594292 0.00475927349179983 0.00294031179510057 0.0112574119120836 0.00970969628542662 0.00488542811945081 0.00430023716762662 0.00504370918497443 0.00662691192701459 0.00858964584767818 0.0151993557810783 0.0760466456413269 0.206724017858505 0.316204428672791 0.42861470580101 0.291571259498596 0.199860945343971 0.600854635238647 0.877504408359528 0.998454511165619 0.999508082866669 0.85179877281189 0.576436221599579 0.658918559551239 0.789408445358276 0.875407993793488 0.955252826213837 0.983903884887695
0.00619429256767035 0.00739128841087222 0.00693426234647632 0.0063242488540709 0.00596128776669502 0.00593728199601173 0.00479716528207064 0.00370393018238246 0.00216319016180933 0.00177809782326221 0.00176853768061846 0.00165860936976969 0.00162367708981037 0.00140283501241356 0.00120142416562885 0.00127526978030801 0.00226414017379284 0.00391354458406568 0.00336014269851148 0.00791595131158829 0.0120593393221498 0.00545431673526764 0.00593952462077141 0.00618737936019897 0.00589131144806743 0.00803551822900772 0.0237506255507469 0.0607848949730396 0.0838856846094131 0.303862184286118 0.644241392612457 0.584173083305359 0.265181988477707 0.858224093914032 0.989294588565826 0.997122883796692 0.999398827552795 0.962885618209839 0.502975106239319 0.575678646564484 0.727404654026031 0.824007391929626 0.9306361079216 0.97977077960968
0.00602320209145546 0.0062941899523139 0.00754109863191843 0.00701318448409438 0.00493509275838733 0.00498425401747227 0.00599604798480868 0.00392281357198954 0.00214804452843964 0.00193395698443055 0.00158268737141043 0.0014564108569175 0.00143204745836556 0.00136708538047969 0.00122834730427712 0.00145826523657888 0.00184584979433566 0.00279988325200975 0.00412729103118181 0.0096049252897501 0.017909636721015 0.0107301399111748 0.00771962059661746 0.00673430878669024 0.00731690227985382 0.00893069617450237 0.0136784771457314 0.0707920268177986 0.0815608203411102 0.420858860015869 0.790510475635529 0.903140187263489 0.817634999752045 0.97556072473526 0.995277047157288 0.996466755867004 0.999390065670013 0.995567500591278 0.773734390735626 0.622506260871887 0.64086252450943 0.727288782596588 0.854337573051453 0.921204090118408
0.0058779907412827 0.00643653841689229 0.00758960237726569 0.0052674189209938 0.0042572426609695 0.00434334995225072 0.0041970070451498 0.00239211204461753 0.00208982755430043 0.0017440909286961 0.00155167432967573 0.00134339276701212 0.00138240214437246 0.0011362707009539 0.00140656332951039 0.0014377252664417 0.00187257269863039 0.00363187189213932 0.00724615156650543 0.0078420601785183 0.0394503958523273 0.0133107462897897 0.0072230277583003 0.0077289785258472 0.00790158379822969 0.00964855402708054 0.0107621559873223 0.0264559350907803 0.0696056038141251 0.517158269882202 0.939173698425293 0.972269952297211 0.983738124370575 0.992234885692596 0.998324811458588 0.995768308639526 0.999099791049957 0.99859756231308 0.994863152503967 0.706221282482147 0.612323760986328 0.743207037448883 0.764049887657166 0.785706043243408
0.00638524070382118 0.00781370420008898 0.00653927912935615 0.00535844964906573 0.00347544136457145 0.00299863936379552 0.00220013922080398 0.00203442550264299 0.0015526635106653 0.00135692954063416 0.001215526368469 0.00125913170631975 0.00129941024351865 0.00126870383974165 0.00141799601260573 0.00157684553414583 0.00192228343803436 0.00260711275041103 0.011479795910418 0.0044395700097084 0.0211613681167364 0.0137757891789079 0.00768744433298707 0.00711326580494642 0.00899291690438986 0.00934720598161221 0.0112942717969418 0.0154945384711027 0.0858444422483444 0.713326811790466 0.969859719276428 0.985388338565826 0.992036640644073 0.976952016353607 0.999155819416046 0.996229529380798 0.997523963451385 0.99932861328125 0.998087644577026 0.902226626873016 0.583711743354797 0.793678820133209 0.809562265872955 0.747724711894989
0.00727267051115632 0.00848811119794846 0.00723451282829046 0.00570968491956592 0.00387301109731197 0.0029443281237036 0.00231002666987479 0.00205374998040497 0.00143718591425568 0.00119426369201392 0.00116907269693911 0.00107750506140292 0.00134159286972135 0.00115563126746565 0.00140545226167887 0.00159226031973958 0.00196330994367599 0.00249706115573645 0.00601549772545695 0.00495900772511959 0.0170427542179823 0.015864996239543 0.0128813721239567 0.00961955636739731 0.0107821188867092 0.0137689644470811 0.0133311562240124 0.0366524048149586 0.0784932896494865 0.840095996856689 0.967975080013275 0.982863008975983 0.991593599319458 0.958583950996399 0.996486842632294 0.999456465244293 0.998696446418762 0.998295307159424 0.99138617515564 0.997726500034332 0.647659122943878 0.810453116893768 0.878645181655884 0.842048645019531
0.00772412167862058 0.00829984806478024 0.00663094129413366 0.00469372794032097 0.00328538985922933 0.00302252778783441 0.00236650020815432 0.00190732348710299 0.00133746117353439 0.00124945247080177 0.00117770896758884 0.00091710512060672 0.00104634778108448 0.00111803959589452 0.00135660881642252 0.00160320324357599 0.00230475724674761 0.00277998810634017 0.00400145165622234 0.0071513238362968 0.00873734802007675 0.0210615564137697 0.0177757069468498 0.0133876074105501 0.0122742289677262 0.0137384850531816 0.0159883964806795 0.146223515272141 0.310198873281479 0.858090996742249 0.98348730802536 0.975552797317505 0.988296270370483 0.894763708114624 0.822587490081787 0.998962342739105 0.999562323093414 0.999296486377716 0.988145649433136 0.995541393756866 0.810538053512573 0.828282594680786 0.969675958156586 0.930504024028778
0.00954384915530682 0.00942174345254898 0.00516821537166834 0.00445717200636864 0.00360394967719913 0.00336999003775418 0.00231178780086339 0.00177932833321393 0.00185622309800237 0.00126943271607161 0.00123508623801172 0.00109484780114144 0.00127535057254136 0.00137766939587891 0.00163588637951761 0.0019967732951045 0.00298166461288929 0.00340542825870216 0.00534063763916492 0.00993641838431358 0.0102799693122506 0.0250632464885712 0.0388729125261307 0.0167068466544151 0.0158998779952526 0.0182252340018749 0.0214679315686226 0.0660255551338196 0.768267393112183 0.845101177692413 0.980826079845428 0.976832389831543 0.965263366699219 0.851905047893524 0.749787032604218 0.997620046138763 0.997082889080048 0.996277511119843 0.982821822166443 0.988314211368561 0.861241281032562 0.866296350955963 0.980086326599121 0.955652892589569
0.00808634702116251 0.00701407063752413 0.00437340373173356 0.00336363725364208 0.00298427441157401 0.00284395297057927 0.00273121264763176 0.002550492528826 0.001955526182428 0.00170862150844187 0.00159503275062889 0.00122059229761362 0.00124768458772451 0.00155852595344186 0.00217475881800056 0.0021798622328788 0.00365822110325098 0.00441830279305577 0.0118359280750155 0.0157444644719362 0.012749582529068 0.0168756972998381 0.0335920378565788 0.022597087547183 0.023011589422822 0.0236269887536764 0.0242836065590382 0.195092812180519 0.328913688659668 0.972876131534576 0.97385585308075 0.968667328357697 0.992324769496918 0.844330728054047 0.679882705211639 0.994708895683289 0.988389074802399 0.975229918956757 0.982823073863983 0.989689946174622 0.827873289585114 0.913202047348022 0.969261229038239 0.963590443134308
