data/climate_estimation/maxent_output/Alstroemeria_brasiliensis.asc
NCOLS 202 
NROWS 153 
XLLCORNER -57.0833333333333 
YLLCORNER -23.25 
CELLSIZE 0.0833333333333333 
NODATA_value -3.4e+38 
[rows 60 to 79 of 153, columns 132 to 175 of 202]
0.710852324962616 0.707007646560669 0.699638545513153 0.690601706504822 0.693497657775879 0.683299660682678 0.685086309909821 0.676274001598358 0.669714212417603 0.664940416812897 0.657802879810333 0.655003428459167 0.65042781829834 0.647838532924652 0.648124694824219 0.650186121463776 0.656191170215607 0.658704340457916 0.668990314006805 0.678663730621338 0.680637180805206 0.68319034576416 0.686845421791077 0.696490824222565 0.707473576068878 0.699882924556732 0.697631537914276 0.69912451505661 0.705303549766541 0.701949834823608 0.705246150493622 0.712783753871918 0.710829555988312 0.715084731578827 0.708916187286377 0.704434454441071 0.694575190544128 0.694024980068207 0.686901569366455 0.666008710861206 0.65801590681076 0.656973958015442 0.647550463676453 0.638888716697693
0.707833707332611 0.705664157867432 0.694344103336334 0.695204138755798 0.685864090919495 0.676215767860413 0.665950357913971 0.66632217168808 0.662313759326935 0.65695983171463 0.652657449245453 0.641195714473724 0.642700254917145 0.630943596363068 0.627492308616638 0.640453934669495 0.6464803814888 0.643817067146301 0.656132638454437 0.664157092571259 0.674698412418365 0.681488513946533 0.690295994281769 0.698504030704498 0.698785483837128 0.695659279823303 0.692555963993073 0.699615597724915 0.700544714927673 0.702792406082153 0.70503705739975 0.708398282527924 0.704742789268494 0.69574499130249 0.693178415298462 0.691470146179199 0.683546006679535 0.679857790470123 0.665569305419922 0.658514618873596 0.640850722789764 0.637787580490112 0.629208981990814 0.618827223777771
0.700316190719604 0.694965958595276 0.686699509620667 0.682746589183807 0.67678427696228 0.667375981807709 0.669385075569153 0.657744348049164 0.648021638393402 0.641137063503265 0.6432284116745 0.634049952030182 0.625802278518677 0.618071556091309 0.61862987279892 0.615467488765717 0.619746506214142 0.631802916526794 0.645276784896851 0.648666739463806 0.658945620059967 0.677555501461029 0.680919170379639 0.689969480037689 0.689107179641724 0.695123374462128 0.692569971084595 0.68236768245697 0.689461886882782 0.692077040672302 0.69237345457077 0.696886122226715 0.692077040672302 0.688402533531189 0.681305110454559 0.671896874904633 0.663901925086975 0.656118452548981 0.636885762214661 0.641909062862396 0.628534853458405 0.624238848686218 0.617968499660492 0.613976418972015
0.6932732462883 0.688752412796021 0.685072302818298 0.669641733169556 0.665950357913971 0.66710501909256 0.651682317256927 0.644227921962738 0.642582952976227 0.633991301059723 0.620216012001038 0.618585407733917 0.607429623603821 0.599989950656891 0.601775109767914 0.601190030574799 0.610890507698059 0.616068184375763 0.628621935844421 0.64382940530777 0.662985503673553 0.669259250164032 0.678079664707184 0.684619843959808 0.683457970619202 0.674057066440582 0.672634243965149 0.685485661029816 0.678393721580505 0.675835907459259 0.68075156211853 0.685854971408844 0.683588147163391 0.67478483915329 0.662730276584625 0.653273820877075 0.642085015773773 0.629769504070282 0.62779289484024 0.617266535758972 0.612402439117432 0.613002896308899 0.607012629508972 0.604740977287292
0.687054634094238 0.683371782302856 0.678277373313904 0.668516099452972 0.66480940580368 0.65216737985611 0.652753591537476 0.641078412532806 0.633131980895996 0.621661722660065 0.61334753036499 0.597649097442627 0.594015538692474 0.586344480514526 0.574711441993713 0.580096304416656 0.593730628490448 0.613404273986816 0.630883097648621 0.634878993034363 0.654357075691223 0.66235625743866 0.674682438373566 0.67837780714035 0.67095422744751 0.677497267723083 0.674924552440643 0.666081309318542 0.66957426071167 0.668719470500946 0.662159383296967 0.671085000038147 0.670230627059937 0.660533130168915 0.645276784896851 0.630570113658905 0.62779289484024 0.624356150627136 0.617125928401947 0.609542727470398 0.603256285190582 0.600130140781403 0.60072922706604 0.592686772346497
0.67762279510498 0.673145174980164 0.666791677474976 0.657100200653076 0.651881396770477 0.649607062339783 0.645028114318848 0.635277688503265 0.62131679058075 0.620530664920807 0.608786106109619 0.596209168434143 0.584552705287933 0.572927355766296 0.566725432872772 0.576083481311798 0.597705662250519 0.604769349098206 0.622790992259979 0.625081956386566 0.64550256729126 0.662941217422485 0.672718942165375 0.672690689563751 0.66782021522522 0.665510892868042 0.658931493759155 0.663499712944031 0.664157092571259 0.657304108142853 0.654145777225494 0.654445827007294 0.660804569721222 0.647280335426331 0.639263987541199 0.618270814418793 0.613692224025726 0.605899810791016 0.599903166294098 0.596692740917206 0.593571543693542 0.587819576263428 0.587819576263428 0.586411774158478
0.677695095539093 0.669086039066315 0.661955714225769 0.655099511146545 0.636996209621429 0.645028114318848 0.631281852722168 0.629849672317505 0.621044635772705 0.620244383811951 0.604513823986053 0.596010744571686 0.586060166358948 0.574356317520142 0.559063196182251 0.581129133701324 0.597560584545135 0.605268001556396 0.614703357219696 0.628246545791626 0.637985110282898 0.657815217971802 0.667591691017151 0.667848467826843 0.670172274112701 0.665012955665588 0.666424870491028 0.660146594047546 0.652987837791443 0.651858031749725 0.652144074440002 0.642986536026001 0.63811844587326 0.634667277336121 0.626375079154968 0.615709245204926 0.607600271701813 0.603900074958801 0.599617838859558 0.589570820331573 0.580986559391022 0.58270388841629 0.578745305538177 0.574140310287476
0.669100165367126 0.665094673633575 0.659671366214752 0.64587265253067 0.639860153198242 0.633859753608704 0.62784469127655 0.625567674636841 0.621044635772705 0.617682278156281 0.612018465995789 0.597436487674713 0.58833521604538 0.57429838180542 0.579129159450531 0.58616977930069 0.59271502494812 0.60585355758667 0.612714946269989 0.620728075504303 0.645443916320801 0.658957958221436 0.664169430732727 0.66992974281311 0.665896892547607 0.653002023696899 0.655560970306396 0.648968935012817 0.657575666904449 0.652144074440002 0.648425042629242 0.637259244918823 0.634695649147034 0.620861411094666 0.621074914932251 0.610773384571075 0.597335636615753 0.597335636615753 0.585588991641998 0.575316727161407 0.57250052690506 0.569036722183228 0.570477426052094 0.571608185768127
0.671108245849609 0.671962440013885 0.656755924224854 0.643882989883423 0.639573752880096 0.62784469127655 0.626426875591278 0.623936414718628 0.627159595489502 0.622636139392853 0.612663269042969 0.60178929567337 0.589757919311523 0.580519378185272 0.582164168357849 0.585317015647888 0.589298486709595 0.603839755058289 0.611856877803802 0.618724167346954 0.633115887641907 0.652655601501465 0.661586582660675 0.665639996528625 0.667037487030029 0.671012580394745 0.649541199207306 0.648396670818329 0.654717564582825 0.645276784896851 0.640681684017181 0.635254323482513 0.622020900249481 0.609585225582123 0.605298161506653 0.606471300125122 0.600473940372467 0.584736406803131 0.588505029678345 0.573038280010223 0.567907214164734 0.569064736366272 0.559129774570465 0.566806256771088
0.674108505249023 0.66820102930069 0.652123034000397 0.643882989883423 0.638442397117615 0.631009578704834 0.629950940608978 0.621073067188263 0.620859563350677 0.613763093948364 0.611219048500061 0.606644988059998 0.597721695899963 0.595980584621429 0.58878767490387 0.583896279335022 0.594139516353607 0.600699067115784 0.606696665287018 0.612986862659454 0.630824446678162 0.643484473228455 0.659573554992676 0.66047465801239 0.657531321048737 0.651499271392822 0.658418655395508 0.647824347019196 0.652774631977081 0.641827046871185 0.634667277336121 0.622006714344025 0.621074914932251 0.60785585641861 0.596919536590576 0.600401341915131 0.58699643611908 0.585092902183533 0.582464039325714 0.569631576538086 0.558230817317963 0.556011855602264 0.554903328418732 0.566255986690521
0.668427646160126 0.667002379894257 0.653852999210358 0.645828187465668 0.640174925327301 0.639975607395172 0.631970167160034 0.619069039821625 0.618283152580261 0.613763093948364 0.615538418292999 0.609503328800201 0.598021030426025 0.593116581439972 0.591078758239746 0.585302948951721 0.586724281311035 0.597275376319885 0.608983278274536 0.607825696468353 0.627086699008942 0.642052888870239 0.651541829109192 0.65553081035614 0.65665990114212 0.652643322944641 0.664998829364777 0.648410856723785 0.638376474380493 0.636085212230682 0.625701010227203 0.613304972648621 0.623938322067261 0.602685153484344 0.600415527820587 0.592716872692108 0.581824004650116 0.579058885574341 0.573604166507721 0.55824476480484 0.559945464134216 0.548349797725677 0.556854128837585 0.561184227466583
0.67391049861908 0.665649116039276 0.659369766712189 0.650765597820282 0.639329969882965 0.641421556472778 0.626800298690796 0.62851881980896 0.616765081882477 0.609386265277863 0.6048863530159 0.60285872220993 0.593459784984589 0.59626567363739 0.589370906352997 0.585317015647888 0.587307155132294 0.595564603805542 0.588358461856842 0.60896909236908 0.613544821739197 0.628776848316193 0.640592753887177 0.652943432331085 0.656945645809174 0.660345375537872 0.658704340457916 0.654989302158356 0.640939652919769 0.634065985679626 0.61824244260788 0.609587132930756 0.622506499290466 0.606684327125549 0.603555977344513 0.593571543693542 0.580121278762817 0.576166450977325 0.562536001205444 0.562831580638885 0.555997967720032 0.553962826728821 0.558553636074066 0.55637788772583
0.672202944755554 0.673982858657837 0.653067886829376 0.657084167003632 0.642766177654266 0.637038826942444 0.634820282459259 0.622504651546478 0.614475846290588 0.608242750167847 0.604315042495728 0.596595108509064 0.598891019821167 0.588291049003601 0.595366179943085 0.588743507862091 0.581908464431763 0.588444888591766 0.591773986816406 0.608125686645508 0.615261435508728 0.630495369434357 0.634850561618805 0.64284086227417 0.654073059558868 0.658418655395508 0.657547354698181 0.648396670818329 0.642085015773773 0.624527096748352 0.621949911117554 0.620187640190125 0.621647536754608 0.601814448833466 0.599545240402222 0.583257794380188 0.578717231750488 0.575883209705353 0.563930511474609 0.568557739257812 0.563113272190094 0.558258652687073 0.557501196861267 0.565539360046387
0.677693247795105 0.672560036182404 0.660512149333954 0.656798422336578 0.642179369926453 0.636738181114197 0.623849391937256 0.626499712467194 0.61190128326416 0.603099942207336 0.604600667953491 0.601744949817657 0.589415073394775 0.580263793468475 0.583612263202667 0.578518033027649 0.582404017448425 0.5832559466362 0.592357754707336 0.604125380516052 0.613544821739197 0.621544480323792 0.627602756023407 0.6460040807724 0.644917726516724 0.658132970333099 0.656975865364075 0.65154367685318 0.642085015773773 0.635138869285583 0.622823119163513 0.626487374305725 0.623938322067261 0.602114081382751 0.595851540565491 0.581554234027863 0.580419063568115 0.577597260475159 0.562268376350403 0.55889230966568 0.564311981201172 0.559664249420166 0.57053530216217 0.571527183055878
0.6813845038414 0.674281477928162 0.660797655582428 0.652781903743744 0.648762881755829 0.633301079273224 0.626485526561737 0.619326949119568 0.616251289844513 0.611460626125336 0.604600667953491 0.592831671237946 0.587153315544128 0.575161755084991 0.575103759765625 0.577864825725555 0.57750928401947 0.58460408449173 0.594636976718903 0.602624773979187 0.608896374702454 0.616391897201538 0.627903342247009 0.638273358345032 0.641709744930267 0.644345164299011 0.646306335926056 0.648309648036957 0.635138869285583 0.632274508476257 0.627992272377014 0.625083804130554 0.624224662780762 0.602399587631226 0.597277224063873 0.581270396709442 0.580419063568115 0.579298436641693 0.569036722183228 0.570521295070648 0.574553370475769 0.572783410549164 0.566357553005219 0.571513175964355
0.675703525543213 0.679258048534393 0.66714745759964 0.656285345554352 0.643897175788879 0.640534102916718 0.628476202487946 0.624539434909821 0.616324126720428 0.604572355747223 0.59830629825592 0.598547279834747 0.583458662033081 0.576861321926117 0.573405385017395 0.569020926952362 0.571564316749573 0.582331836223602 0.582331836223602 0.595207035541534 0.60833877325058 0.617492258548737 0.625854074954987 0.632514655590057 0.6304811835289 0.639705300331116 0.644058883190155 0.640021920204163 0.629036724567413 0.6233229637146 0.625069618225098 0.627389192581177 0.619929730892181 0.612988710403442 0.594996392726898 0.592074751853943 0.583839952945709 0.577016413211823 0.575613975524902 0.563662707805634 0.57541686296463 0.570803940296173 0.568261384963989 0.563170969486237
0.691380620002747 0.682379901409149 0.672632396221161 0.662854492664337 0.645600616931915 0.631854712963104 0.625238656997681 0.611917316913605 0.618944466114044 0.607216536998749 0.600018203258514 0.598832607269287 0.585659444332123 0.570903897285461 0.561537265777588 0.562619745731354 0.569020926952362 0.573558390140533 0.583765864372253 0.595791280269623 0.604909658432007 0.610626041889191 0.618078887462616 0.618923425674438 0.633028864860535 0.633087515830994 0.638602316379547 0.62413763999939 0.614948809146881 0.624196290969849 0.619643449783325 0.622734248638153 0.619871079921722 0.612144768238068 0.603841602802277 0.590081751346588 0.598944425582886 0.580135345458984 0.579284369945526 0.577102541923523 0.57135534286499 0.576180517673492 0.573421239852905 0.577174663543701
0.688822507858276 0.690590798854828 0.672690689563751 0.655971229076385 0.640447080135345 0.628102719783783 0.617780327796936 0.602984845638275 0.607415497303009 0.601716637611389 0.592817544937134 0.589627265930176 0.586796641349792 0.567528247833252 0.556829392910004 0.560439586639404 0.567130446434021 0.567891418933868 0.576942503452301 0.591232717037201 0.597773253917694 0.605195343494415 0.610611855983734 0.610025823116302 0.625281274318695 0.627072513103485 0.630781829357147 0.619270145893097 0.61524909734726 0.617266535758972 0.618425607681274 0.621030449867249 0.613002896308899 0.609198272228241 0.589512526988983 0.583243727684021 0.592943370342255 0.574170231819153 0.57559996843338 0.57908695936203 0.568175554275513 0.570789933204651 0.56925231218338 0.578577935695648
0.696588575839996 0.684705972671509 0.672690689563751 0.663198351860046 0.63900101184845 0.624665915966034 0.603754818439484 0.600628316402435 0.600715041160583 0.601372718811035 0.600530564785004 0.590210616588593 0.587081015110016 0.57319438457489 0.55626779794693 0.554598093032837 0.557347476482391 0.571453452110291 0.566284000873566 0.585244715213776 0.594922006130219 0.608125686645508 0.602968811988831 0.60954087972641 0.60916805267334 0.613802492618561 0.611572742462158 0.616994500160217 0.613560855388641 0.61413300037384 0.612716853618622 0.614147186279297 0.609212458133698 0.601784288883209 0.591789960861206 0.584664106369019 0.579568028450012 0.584480464458466 0.577952861785889 0.57850581407547 0.569305181503296 0.572855353355408 0.573421239852905 0.572217702865601
0.689374148845673 0.683486044406891 0.670881807804108 0.652812123298645 0.642510116100311 0.631913363933563 0.621603071689606 0.60987114906311 0.601885199546814 0.597034454345703 0.594197928905487 0.584806859493256 0.58340048789978 0.571497321128845 0.550941526889801 0.547585606575012 0.554892539978027 0.560806453227997 0.572373747825623 0.578801572322845 0.602711617946625 0.596207320690155 0.601342558860779 0.609041810035706 0.606155335903168 0.607012629508972 0.603284597396851 0.608155846595764 0.612144768238068 0.606141149997711 0.608999311923981 0.597775101661682 0.602640807628632 0.599428355693817 0.595793128013611 0.58233368396759 0.584182262420654 0.581910312175751 0.576449751853943 0.575541973114014 0.567965090274811 0.569745481014252 0.573435306549072 0.569615721702576
