data/climate_estimation/maxent_output/Alstroemeria_ochracea.asc
NCOLS 71 
NROWS 101 
XLLCORNER -48.6666666666667 
YLLCORNER -24.9166666666667 
CELLSIZE 0.0833333333333333 
NODATA_value -3.4e+38 
[rows 20 to 39 of 101, columns 0 to 43 of 71]
0.639642834663391 0.648714184761047 0.668980836868286 0.675885319709778 0.661961495876312 0.681586444377899 0.721555590629578 0.745406091213226 0.757159113883972 0.748394250869751 0.756736934185028 0.744148373603821 0.735737383365631 0.735823750495911 0.744008362293243 0.752985954284668 0.75418096780777 0.744995057582855 0.772954821586609 0.77126407623291 0.764392971992493 0.756549060344696 0.767375349998474 0.768061220645905 0.797943234443665 0.815058171749115 0.828952848911285 0.801875352859497 0.794196307659149 0.783053159713745 0.792834103107452 0.803740441799164 0.815645635128021 0.798307478427887 0.765663504600525 0.747781813144684 0.732458531856537 0.740981459617615 0.7447749376297 0.712962865829468 0.664461016654968 0.686803460121155 0.702681958675385 0.719357848167419
0.626280128955841 0.629940867424011 0.641746163368225 0.653790473937988 0.658317744731903 0.690395176410675 0.704389274120331 0.742324233055115 0.749018251895905 0.745394587516785 0.749807000160217 0.747955679893494 0.731512069702148 0.739862322807312 0.751868784427643 0.760080814361572 0.770953416824341 0.764936923980713 0.76018762588501 0.750103235244751 0.752884209156036 0.751745820045471 0.761376321315765 0.776292502880096 0.801078200340271 0.816062033176422 0.798168241977692 0.789780974388123 0.783256888389587 0.783149063587189 0.787492513656616 0.813636481761932 0.818275630474091 0.80334883928299 0.764150738716125 0.740026235580444 0.747875332832336 0.743673622608185 0.724564909934998 0.687751293182373 0.666297316551208 0.688584923744202 0.704108834266663 0.715750515460968
0.615017771720886 0.629795610904694 0.631494283676147 0.643235325813293 0.65149712562561 0.676293671131134 0.691693782806396 0.721860587596893 0.726679682731628 0.73812609910965 0.728704929351807 0.734268963336945 0.739206969738007 0.754920482635498 0.762158513069153 0.780393958091736 0.779744148254395 0.770319879055023 0.755471169948578 0.760926008224487 0.752093076705933 0.761487662792206 0.760263741016388 0.757173359394073 0.774789154529572 0.789547443389893 0.808815956115723 0.793781518936157 0.780058741569519 0.780757248401642 0.785829424858093 0.804993510246277 0.793264031410217 0.778934955596924 0.752175986766815 0.738953411579132 0.744287073612213 0.745856940746307 0.714020252227783 0.678333163261414 0.66353315114975 0.706477403640747 0.714727461338043 0.715494155883789
0.63260805606842 0.644027769565582 0.703053832054138 0.679904580116272 0.706114053726196 0.701594352722168 0.689400315284729 0.70325243473053 0.723383128643036 0.725755333900452 0.732396125793457 0.733049988746643 0.744480192661285 0.753760874271393 0.750455975532532 0.765653491020203 0.770155429840088 0.785392582416534 0.764027893543243 0.767552196979523 0.759740054607391 0.77413022518158 0.758376717567444 0.781465351581573 0.756770968437195 0.758492827415466 0.790281355381012 0.803461968898773 0.793353319168091 0.778293490409851 0.800908386707306 0.801442801952362 0.782701373100281 0.759497880935669 0.744596719741821 0.748953759670258 0.738438010215759 0.72183495759964 0.683484613895416 0.672674298286438 0.666935920715332 0.672800421714783 0.710158169269562 0.723770260810852
0.646733939647675 0.642086863517761 0.723785519599915 0.76361209154129 0.768704116344452 0.792384147644043 0.728605031967163 0.738870680332184 0.735808849334717 0.734324872493744 0.737724304199219 0.751618802547455 0.75288724899292 0.752329647541046 0.764244854450226 0.754477441310883 0.765054941177368 0.774997591972351 0.777133822441101 0.771654069423676 0.789525747299194 0.808004319667816 0.790182769298553 0.772060513496399 0.751583755016327 0.75229012966156 0.788564085960388 0.800588488578796 0.811314165592194 0.793878018856049 0.793613076210022 0.79591315984726 0.783443629741669 0.759207487106323 0.743476569652557 0.754954814910889 0.745297491550446 0.710548520088196 0.677249431610107 0.677477896213531 0.673877954483032 0.661252498626709 0.68664813041687 0.706406354904175
0.697197318077087 0.652936816215515 0.650574088096619 0.683172762393951 0.737116932868958 0.801516175270081 0.768404304981232 0.792669117450714 0.780365824699402 0.776513755321503 0.757724761962891 0.75017249584198 0.768875122070312 0.759566605091095 0.773158013820648 0.759777963161469 0.767722308635712 0.779946506023407 0.788794994354248 0.803124666213989 0.80417799949646 0.829362571239471 0.818040490150452 0.766684651374817 0.74703586101532 0.740129888057709 0.767578661441803 0.783502042293549 0.800552368164062 0.767372071743011 0.758177101612091 0.755939066410065 0.757364749908447 0.744217157363892 0.752978026866913 0.750281035900116 0.75391161441803 0.704454123973846 0.693616986274719 0.679377198219299 0.674880802631378 0.668995022773743 0.665607511997223 0.672359764575958
0.709786772727966 0.686925113201141 0.68619704246521 0.70467072725296 0.696637332439423 0.761041939258575 0.787461161613464 0.789812088012695 0.802216410636902 0.806697249412537 0.795935213565826 0.753746747970581 0.776856303215027 0.778935492038727 0.775123536586761 0.763820707798004 0.758240640163422 0.779069662094116 0.787813365459442 0.793417513370514 0.823567271232605 0.837803781032562 0.808741688728333 0.768545806407928 0.745805680751801 0.738890886306763 0.751964211463928 0.773941695690155 0.787232518196106 0.765174806118011 0.743029713630676 0.740468859672546 0.749363481998444 0.750263035297394 0.763860464096069 0.760157108306885 0.739707410335541 0.716411650180817 0.685599744319916 0.683947443962097 0.680570423603058 0.668489277362823 0.672863781452179 0.671647191047668
0.706447958946228 0.70518833398819 0.709325611591339 0.731193959712982 0.71701192855835 0.696912825107574 0.724515199661255 0.775028884410858 0.795983016490936 0.798615515232086 0.80368983745575 0.774314522743225 0.784688353538513 0.795541286468506 0.794359982013702 0.779080092906952 0.774601519107819 0.771345496177673 0.770953774452209 0.786835014820099 0.824226677417755 0.797965228557587 0.781699001789093 0.756576895713806 0.745588898658752 0.743589818477631 0.746833920478821 0.751514256000519 0.781374335289001 0.772892653942108 0.748464465141296 0.752383828163147 0.751383006572723 0.764099836349487 0.761206924915314 0.759625971317291 0.721211016178131 0.699800074100494 0.681749820709229 0.679908812046051 0.675607085227966 0.671424210071564 0.672047436237335 0.665074646472931
0.703190982341766 0.711376368999481 0.713783860206604 0.730833351612091 0.749480962753296 0.762485146522522 0.736248970031738 0.733746409416199 0.772485673427582 0.791004180908203 0.793845593929291 0.797908067703247 0.781779050827026 0.794934332370758 0.805077433586121 0.798234939575195 0.80301570892334 0.786756575107574 0.794361770153046 0.786940932273865 0.79526960849762 0.817389249801636 0.808274328708649 0.754772305488586 0.747825801372528 0.744507730007172 0.756304919719696 0.758574903011322 0.774800956249237 0.764467477798462 0.753737688064575 0.759224891662598 0.756494760513306 0.780091285705566 0.757328927516937 0.730033874511719 0.716304659843445 0.69005686044693 0.679915606975555 0.682121753692627 0.678259670734406 0.671521008014679 0.663063943386078 0.664575695991516
0.676632940769196 0.693224668502808 0.710236489772797 0.733476936817169 0.736799836158752 0.758274734020233 0.761748254299164 0.735271751880646 0.74990439414978 0.775678515434265 0.792093575000763 0.80135715007782 0.803001224994659 0.802697718143463 0.799768805503845 0.810773372650146 0.804684460163116 0.786557674407959 0.777978777885437 0.781796634197235 0.79606306552887 0.829539954662323 0.832257628440857 0.767565071582794 0.759163796901703 0.754088044166565 0.749324440956116 0.770179569721222 0.807587206363678 0.785474717617035 0.766089975833893 0.759815394878387 0.776527762413025 0.770878553390503 0.760812520980835 0.723843455314636 0.713190853595734 0.677417576313019 0.676429808139801 0.671244263648987 0.671416938304901 0.66509473323822 0.66533100605011 0.67370879650116
0.671109795570374 0.685921490192413 0.704248547554016 0.716505527496338 0.733404219150543 0.74935120344162 0.763628661632538 0.75078821182251 0.73518568277359 0.771242082118988 0.784925222396851 0.796377599239349 0.804211020469666 0.787254095077515 0.781646072864532 0.781650722026825 0.788819968700409 0.769256711006165 0.773882210254669 0.785944581031799 0.807191133499146 0.808035373687744 0.803603649139404 0.787725269794464 0.787009060382843 0.773013412952423 0.750624239444733 0.764389514923096 0.799933731555939 0.809032380580902 0.780576705932617 0.758024871349335 0.789828181266785 0.763386428356171 0.742457509040833 0.732106029987335 0.706405162811279 0.674046158790588 0.669908881187439 0.669535279273987 0.667894899845123 0.665740251541138 0.657804727554321 0.666974902153015
0.671842396259308 0.681382596492767 0.695172369480133 0.710867524147034 0.729530155658722 0.743623435497284 0.766081929206848 0.763906359672546 0.756886124610901 0.754789650440216 0.763882100582123 0.771024346351624 0.775297462940216 0.77236545085907 0.762326061725616 0.757282853126526 0.763848602771759 0.764995396137238 0.77997499704361 0.789803981781006 0.818606555461884 0.818810880184174 0.783465564250946 0.823034822940826 0.832701444625854 0.820919275283813 0.76913845539093 0.756137728691101 0.772855520248413 0.786562383174896 0.783856451511383 0.777604937553406 0.793933093547821 0.764405250549316 0.734241306781769 0.734841346740723 0.692427039146423 0.686476051807404 0.684996008872986 0.684617936611176 0.680834949016571 0.680062472820282 0.655582845211029 0.663439691066742
0.664585053920746 0.675182938575745 0.686549007892609 0.707422614097595 0.728551924228668 0.744646191596985 0.762679219245911 0.775650918483734 0.77629154920578 0.781386971473694 0.788970351219177 0.800170302391052 0.779619038105011 0.807731449604034 0.794534802436829 0.779340922832489 0.7790567278862 0.780027568340302 0.778726935386658 0.780548572540283 0.805431365966797 0.784501254558563 0.796162068843842 0.790805399417877 0.791263997554779 0.827775180339813 0.781961023807526 0.755584955215454 0.762082636356354 0.796642601490021 0.808663010597229 0.794450104236603 0.793995380401611 0.754745841026306 0.736465156078339 0.730558216571808 0.692351579666138 0.687123775482178 0.690614998340607 0.698941469192505 0.690622687339783 0.675083935260773 0.660408198833466 0.665623784065247
0.675258934497833 0.673130512237549 0.679582357406616 0.69842404127121 0.707702040672302 0.726193010807037 0.760675013065338 0.777867197990417 0.78190815448761 0.789087295532227 0.795282900333405 0.804288029670715 0.790831089019775 0.809754490852356 0.81267911195755 0.815744936466217 0.814947187900543 0.799049556255341 0.799201786518097 0.785018444061279 0.777386844158173 0.781585872173309 0.783091723918915 0.772092282772064 0.776445746421814 0.786182165145874 0.785470545291901 0.77786511182785 0.799692034721375 0.815922796726227 0.817376911640167 0.805660784244537 0.794186294078827 0.747142314910889 0.739089727401733 0.71225780248642 0.690204203128815 0.68863707780838 0.68932431936264 0.687529563903809 0.683337807655334 0.68213826417923 0.670907258987427 0.66212922334671
0.667786180973053 0.68309211730957 0.681209921836853 0.689120709896088 0.69563215970993 0.702872157096863 0.734197735786438 0.750387012958527 0.779762208461761 0.790296733379364 0.792857646942139 0.807580471038818 0.789820492267609 0.814834773540497 0.823285281658173 0.827729642391205 0.839932084083557 0.816739678382874 0.806700587272644 0.80133318901062 0.805271327495575 0.799851596355438 0.784233272075653 0.788972675800323 0.774098038673401 0.777687728404999 0.778788030147552 0.802488684654236 0.802173554897308 0.817412734031677 0.816018640995026 0.784672558307648 0.764015436172485 0.73086029291153 0.705856323242188 0.688047051429749 0.683159947395325 0.681788265705109 0.686821818351746 0.681160449981689 0.688184142112732 0.684157729148865 0.683786034584045 0.666809141635895
0.66573578119278 0.681492447853088 0.694083154201508 0.69892406463623 0.704855620861053 0.712103724479675 0.71391361951828 0.73749840259552 0.774685382843018 0.788241147994995 0.790631353855133 0.804830372333527 0.794632315635681 0.802594363689423 0.822722971439362 0.838424980640411 0.841990530490875 0.815379738807678 0.813191831111908 0.808266878128052 0.81304657459259 0.810057699680328 0.799033880233765 0.790177404880524 0.773354947566986 0.774086475372314 0.772439002990723 0.786983251571655 0.814601719379425 0.820789992809296 0.80554860830307 0.761768937110901 0.74691379070282 0.717485845088959 0.696822941303253 0.682479083538055 0.686266720294952 0.686451852321625 0.684076607227325 0.680850625038147 0.688802719116211 0.693251430988312 0.687352061271667 0.673585295677185
0.666421830654144 0.674512147903442 0.681575179100037 0.698191344738007 0.712367832660675 0.710482001304626 0.710651993751526 0.729483962059021 0.761219799518585 0.774635434150696 0.791609644889832 0.801337778568268 0.815895617008209 0.810095131397247 0.807671844959259 0.834300398826599 0.828566133975983 0.822509765625 0.824259519577026 0.814192712306976 0.816380023956299 0.806125521659851 0.81260484457016 0.797274947166443 0.769424736499786 0.768316030502319 0.768418848514557 0.773852944374084 0.782900631427765 0.799146473407745 0.806704580783844 0.768965005874634 0.758653879165649 0.720254302024841 0.680322051048279 0.679735541343689 0.676186442375183 0.675495326519012 0.671380996704102 0.686761617660522 0.690802276134491 0.679312407970428 0.69042444229126 0.675031006336212
0.661901295185089 0.67543888092041 0.680416882038116 0.689620912075043 0.684304893016815 0.678941190242767 0.692169606685638 0.704972982406616 0.724521934986115 0.733079075813293 0.762848675251007 0.804933786392212 0.819886028766632 0.829478740692139 0.818459331989288 0.839437901973724 0.846461594104767 0.843020975589752 0.827306032180786 0.820891737937927 0.822525084018707 0.813803374767303 0.8103147149086 0.80113697052002 0.773789823055267 0.77300101518631 0.789546728134155 0.773593842983246 0.790731370449066 0.804421246051788 0.80001962184906 0.78764671087265 0.75734281539917 0.699604094028473 0.671230971813202 0.672475695610046 0.676187932491302 0.673325657844543 0.664975345134735 0.691154897212982 0.682120144367218 0.703716456890106 0.69860166311264 0.68678891658783
0.645909428596497 0.654244184494019 0.667115688323975 0.661776661872864 0.660396099090576 0.671463310718536 0.681162357330322 0.692636489868164 0.702000439167023 0.729537785053253 0.747986257076263 0.786647379398346 0.800346255302429 0.819079458713531 0.828456044197083 0.839437901973724 0.855313658714294 0.84055882692337 0.852106094360352 0.852502048015594 0.847852885723114 0.844764709472656 0.826322078704834 0.78974574804306 0.778798282146454 0.778519690036774 0.803678512573242 0.806163728237152 0.784494996070862 0.796420872211456 0.771708965301514 0.788841426372528 0.764168500900269 0.683007776737213 0.665172576904297 0.665449440479279 0.66162896156311 0.656755030155182 0.669971108436584 0.685484170913696 0.692115008831024 0.714671969413757 0.706279277801514 0.704195141792297
0.635519742965698 0.649789154529572 0.661089837551117 0.64666074514389 0.655807912349701 0.667960822582245 0.683981239795685 0.694776237010956 0.701310634613037 0.710618793964386 0.721366226673126 0.754395604133606 0.771361768245697 0.805927753448486 0.835687935352325 0.836665451526642 0.832629084587097 0.8299880027771 0.84354293346405 0.846250295639038 0.848794996738434 0.85181725025177 0.850029826164246 0.832227408885956 0.807432055473328 0.792575240135193 0.802408695220947 0.820087015628815 0.802772164344788 0.754831254482269 0.728531122207642 0.709529757499695 0.689745366573334 0.664994299411774 0.663948118686676 0.657896459102631 0.651588320732117 0.654499173164368 0.654504299163818 0.675268948078156 0.694619357585907 0.705069005489349 0.698849856853485 0.716032087802887
