data/climate_estimation/maxent_output/Alstroemeria_presliana.asc
NCOLS 96 
NROWS 264 
XLLCORNER -73.1666666666667 
YLLCORNER -39.6666666666667 
CELLSIZE 0.0833333333333333 
NODATA_value -3.4e+38 
[rows 140 to 159 of 264, columns 45 to 89 of 96]
0.000531954923644662 0.000763618678320199 0.00134104175958782 0.00353629258461297 0.001473568379879 0.00280838808976114 0.0180600266903639 0.0329225324094296 0.00946401245892048 0.00479002250358462 0.00509798480197787 0.0237457565963268 0.00829813908785582 0.00336663681082428 0.00187481893226504 0.00263811065815389 0.00308363512158394 0.00382582214660943 0.013051032088697 0.0135028455406427 0.0182815939188004 0.00319484085775912 0.000844456255435944 0.000593589735217392 0.00057459034724161 0.000559031614102423 0.00214051245711744 0.0116755738854408 0.00297223031520844 0.0012752681504935 0.000433465786045417 0.000375280564185232 0.000391591194784269 0.000408402411267161 0.00040194223402068 0.000407760351663455 0.000451661879196763 0.000515111663844436 0.000534407270606607 0.000605617475230247 0.000595392310060561 0.00071763206506148 0.000840041320770979 0.000823152484372258 0.00086140277562663
0.000400373304728419 0.000666469568386674 0.00129726971499622 0.00155587575864047 0.00193626713007689 0.00199830438941717 0.018938485532999 0.0378383025527 0.012268578633666 0.00354670127853751 0.00237073563039303 0.00494094099849463 0.0027035775128752 0.00212670536711812 0.00174013467039913 0.00209095235913992 0.00193053262773901 0.00211719027720392 0.00309940031729639 0.00677748071029782 0.0434485860168934 0.00600708462297916 0.000696793140377849 0.000550876546185464 0.000567092734854668 0.00055412674555555 0.000906162487808615 0.0152932796627283 0.00396717386320233 0.00148868467658758 0.000340591097483411 0.000359109864803031 0.000362026738002896 0.000413654866861179 0.000455444882391021 0.000399376353016123 0.000462162715848535 0.000531953352037817 0.000527772528585047 0.00060809520073235 0.000712646404281259 0.000795962812844664 0.000919386220630258 0.000890397990588099 0.000936315336730331
0.000306962698232383 0.000580590509343892 0.000950834830291569 0.00104461668524891 0.000741719035431743 0.00822556763887405 0.0173519570380449 0.0233191400766373 0.0164422523230314 0.0033242548815906 0.00186108774505556 0.00157963752280921 0.00431444216519594 0.00144448864739388 0.00140930584166199 0.00168209534604102 0.00179168081376702 0.00219893711619079 0.003041529096663 0.00394098507240415 0.0251250900328159 0.0295135658234358 0.00169053568970412 0.00055441475706175 0.000455087312730029 0.000450528750661761 0.000746888224966824 0.00196087313815951 0.00538861146196723 0.000727358856238425 0.000362399412551895 0.000381150603061542 0.000354885327396914 0.00040773706859909 0.000443579279817641 0.000465034827357158 0.000461008923593909 0.000502246257383376 0.000572192075196654 0.000629649905022234 0.000779055233579129 0.000933210656512529 0.00104770041070879 0.00100524036679417 0.000937729200813919
0.000412144785514101 0.000640432292129844 0.000586280890274793 0.00150447571650147 0.000742113043088466 0.00191436219029129 0.00695728184655309 0.0282113291323185 0.016711164265871 0.00457953987643123 0.00140262173954397 0.00120382907334715 0.00257587595842779 0.00136008998379111 0.00130521098617464 0.0013372654793784 0.00154244469013065 0.00184369191993028 0.00393119547516108 0.00439188722521067 0.0143473073840141 0.0404015779495239 0.00464548775926232 0.000563862908165902 0.000503108778502792 0.000458840397186577 0.000613526324741542 0.0010505800601095 0.00618997681885958 0.000505427713505924 0.000352726579876617 0.000387900625355542 0.000387335137929767 0.000372680311556906 0.000441000825958326 0.00049100536853075 0.000453610467957333 0.000542585155926645 0.000611429335549474 0.000652560323942453 0.000808313547167927 0.00116139417514205 0.00125832506455481 0.00112150306813419 0.00100743235088885
0.000413296045735478 0.000388826476410031 0.000796460313722491 0.0019689321052283 0.000993535621091723 0.00162209721747786 0.00720466766506433 0.00980034284293652 0.0154220350086689 0.0130819845944643 0.00297464989125729 0.00118954991921782 0.00104267988353968 0.00119425635784864 0.00104136520531029 0.00126182637177408 0.00138691044412553 0.00160852586850524 0.00423792703077197 0.00451055821031332 0.00717421993613243 0.0175322573632002 0.0197042152285576 0.00358398095704615 0.000535999250132591 0.000470196595415473 0.000568222254514694 0.00111433665733784 0.00414005946367979 0.000479063746752217 0.000361159589374438 0.000349404668668285 0.000397427502321079 0.00042310802382417 0.00044098956277594 0.000489350466523319 0.000549702148418874 0.000568948686122894 0.000661987287458032 0.00068993354216218 0.000859460444189608 0.00107927690260112 0.00136065320111811 0.00121443730313331 0.00104058103170246
0.0002843662223313 0.000473213207442313 0.000762430252507329 0.00152641627937555 0.00197427556850016 0.00154275225941092 0.00603162543848157 0.00913855526596308 0.0164256989955902 0.0244914665818214 0.00771320983767509 0.0013574396725744 0.000805293151643127 0.00109335663728416 0.00185446988325566 0.00134786905255169 0.00163510860875249 0.00165649538394064 0.0024252706207335 0.00327704334631562 0.00498631224036217 0.00898821838200092 0.0212851092219353 0.00996498670428991 0.00208207545801997 0.00060593243688345 0.000459096045233309 0.00103203591424972 0.00172284722793847 0.000494080304633826 0.000342440354870632 0.000354195071849972 0.000341652077622712 0.000439350755186751 0.000457130227005109 0.000494718377012759 0.000540904991794378 0.000594940909650177 0.000695333757903427 0.000705832033418119 0.000923843297641724 0.00124191702343524 0.0013292646035552 0.00120126910042018 0.00112653488758951
0.000197727247723378 0.000667099608108401 0.00114513840526342 0.00338613544590771 0.00148390978574753 0.00271136430092156 0.00271497434005141 0.00705454079434276 0.0208679251372814 0.0255705155432224 0.00611473154276609 0.00135719554964453 0.000743089651223272 0.000627934990916401 0.000888690061401576 0.00138911418616772 0.00221968116238713 0.0020495755597949 0.00201785168610513 0.00256616622209549 0.00403059087693691 0.00996353384107351 0.0163521859794855 0.0132520496845245 0.00227562198415399 0.00102662644349039 0.000528337608557194 0.000739040318876505 0.000682290876284242 0.000505598611198366 0.000399011914851144 0.000368241453543305 0.000390059489291161 0.000409390864660963 0.000417953240685165 0.000483652984257787 0.000619122816715389 0.000630445661954582 0.000671940564643592 0.000733837194275111 0.000914055737666786 0.00130160246044397 0.00144884386099875 0.00121087208390236 0.00117244129069149
0.00018644800002221 0.000739589973818511 0.0011696555884555 0.00293185445480049 0.00346685852855444 0.00247855111956596 0.00514968065544963 0.0136383604258299 0.00381225789897144 0.0074701732955873 0.00385362631641328 0.00101005262695253 0.000841994944494218 0.000576824182644486 0.000526560936123133 0.00117848557420075 0.00168464309535921 0.00347444484941661 0.00232490641064942 0.00248184707015753 0.00346091622486711 0.00549478596076369 0.00624452764168382 0.00548784341663122 0.00201152474619448 0.00120526109822094 0.000531662255525589 0.00054507894674316 0.000476387009257451 0.000411677581723779 0.000421655015088618 0.000409413623856381 0.000456936424598098 0.000475250359158963 0.000473111722385511 0.0005540432757698 0.000524502887856215 0.000642400176730007 0.000786861113738269 0.000836658291518688 0.000930013018660247 0.00125353690236807 0.00141029385849833 0.0012626814423129 0.00125969853252172
0.000287519244011492 0.000353861221810803 0.00102451164275408 0.00185937527567148 0.0052752741612494 0.00238448451273143 0.00510287703946233 0.00902206171303988 0.00144043006002903 0.00357943354174495 0.00195025035645813 0.000949983834289014 0.000759928720071912 0.000603834167122841 0.000588565540965647 0.000565604481380433 0.00244917208328843 0.00195037107914686 0.00258532934822142 0.00267553515732288 0.00250997208058834 0.00316358706913888 0.00238389521837234 0.00214681471697986 0.0013072433648631 0.00235214573331177 0.000662658247165382 0.000513454549945891 0.000475440640002489 0.000471876584924757 0.000453774293418974 0.000446815916802734 0.000481425668112934 0.000537626212462783 0.00054046034347266 0.000564877293072641 0.000574850768316537 0.000708628562279046 0.000754458538722247 0.000931549759116024 0.00104006216861308 0.00135973142459989 0.00131421547848731 0.0013251492055133 0.0012010756181553
0.000264068803517148 0.000450323772383854 0.00120758160483092 0.00152573618106544 0.0025887715164572 0.00359299825504422 0.0102047771215439 0.00379083189181983 0.000973225687630475 0.00136989064048976 0.000876314123161137 0.000743601587601006 0.000819364388007671 0.000518359825946391 0.000519714434631169 0.000477795954793692 0.000830903300084174 0.00170673883985728 0.00197399477474391 0.00217016646638513 0.0020600922871381 0.00312477606348693 0.00129647389985621 0.00130311434622854 0.00104973267298192 0.00162697618361562 0.000726518279407173 0.000589335919357836 0.000521711772307754 0.00054792407900095 0.000534638471435755 0.000483624695334584 0.000525476702023298 0.000575462239794433 0.000652330054435879 0.00064328609732911 0.000677001953590661 0.000770241837017238 0.000931452261283994 0.0010269652120769 0.00106714677531272 0.00134484225418419 0.00137177389115095 0.0012729384470731 0.00128124433103949
0.000249427772359923 0.000441505399066955 0.000657564552966505 0.00134474376682192 0.00258777383714914 0.00169377552811056 0.00334213906899095 0.00173560064285994 0.000955434807110578 0.00103342265356332 0.00110555277206004 0.000589583010878414 0.000616411620285362 0.000433937966590747 0.000480594870168716 0.000454247143352404 0.00080440315650776 0.00256799068301916 0.00263947853818536 0.00214675324968994 0.00152585876639932 0.00167436257470399 0.00129178771749139 0.0011230040108785 0.000980627257376909 0.000850792101118714 0.000723304518032819 0.000712942972313613 0.000647648645099252 0.000588148832321167 0.000639591889921576 0.00059440266340971 0.000570878270082176 0.000687402847688645 0.000913359574042261 0.000759304326493293 0.000794496794696897 0.000894387427251786 0.00113047321792692 0.00128176982980222 0.00134484225418419 0.00132143194787204 0.00135270215105265 0.00135034567210823 0.00134856288786978
0.000149751707795076 0.000526875781361014 0.000721496471669525 0.000801212561782449 0.00184814946260303 0.00205213855952024 0.00593241490423679 0.00208322145044804 0.000838168838527054 0.00112436490599066 0.000670682347845286 0.000686534389387816 0.000487283483380452 0.000378697790438309 0.000408466730732471 0.000381435238523409 0.000379942852305248 0.000925407104659826 0.00419226009398699 0.00369638879783452 0.00143621023744345 0.00116240582428873 0.00118512962944806 0.00102998048532754 0.00100510928314179 0.000772330851759762 0.00076997495489195 0.000808889977633953 0.000774087209720165 0.00069263787008822 0.000693766865879297 0.000706656894180924 0.000734010885935277 0.000903239066246897 0.00127208034973592 0.00138179177884012 0.00126324745360762 0.00134785124100745 0.00147682207170874 0.00146729615516961 0.00180422270204872 0.00156785978469998 0.00149145035538822 0.00149904517456889 0.00160149845760316
0.000124239610158838 0.000195553177036345 0.00111575832124799 0.000917652796488255 0.00104207277763635 0.00153336359653622 0.00288704107515514 0.00206572259776294 0.000557489576749504 0.000677852076478302 0.000755179091356695 0.000793630199041218 0.000458257301943377 0.000318731821607798 0.000389141059713438 0.000352526491042227 0.000349359557731077 0.00054481253027916 0.00151126994751394 0.00690492102876306 0.00205660238862038 0.00126183044631034 0.000974526396021247 0.000930412206798792 0.000905764580238611 0.000914516043849289 0.000920339953154325 0.000780111295171082 0.000852254976052791 0.000731059582903981 0.000750098493881524 0.000703994825016707 0.000921102648135275 0.00105247052852064 0.00164217839483172 0.00297137093730271 0.00194797455333173 0.00247673015110195 0.00238106399774551 0.00209129764698446 0.00218396913260221 0.00203029741533101 0.00172951421700418 0.00164608249906451 0.00158308760728687
0.000114853006380145 0.000158465321874246 0.000328424299368635 0.000560526503250003 0.000619403144810349 0.00117897032760084 0.0026042484678328 0.0015347677981481 0.000693610403686762 0.000519399472977966 0.000655637122690678 0.000531821744516492 0.000386274099582806 0.000270661170361564 0.000324231456033885 0.000307140900986269 0.000419807736761868 0.000415750459069386 0.000603639869950712 0.0061299130320549 0.00268173543736339 0.00107234541792423 0.000899329490493983 0.000845411326736212 0.000854313722811639 0.000929379602894187 0.000884043925907463 0.000847421353682876 0.000903968466445804 0.000861648295540363 0.000882319756783545 0.000865668524056673 0.00114648998714983 0.00153189245611429 0.0020107002928853 0.0045356135815382 0.00372726982459426 0.00282140518538654 0.0026636712718755 0.00240369257517159 0.00254760985262692 0.00235601351596415 0.00188460515346378 0.00175359542481601 0.00166523398365825
0.000110072520328686 0.000204643802135251 0.000169282080605626 0.000285721354885027 0.000503601273521781 0.000645887979771942 0.00238249148242176 0.00196960777975619 0.000622287741862237 0.000411730201449245 0.00062404660275206 0.000383552018320188 0.000324147724313661 0.000325183704262599 0.000287078029941767 0.000285981834167615 0.000376815354684368 0.000353853567503393 0.000585470581427217 0.00340756610967219 0.00438064616173506 0.0011046581203118 0.000856404309161007 0.00081403210060671 0.000972315552644432 0.000909629452507943 0.0009032086818479 0.000893173739314079 0.0008472572080791 0.000953781011048704 0.000975561968516558 0.00114657217636704 0.0012620862107724 0.0017627568449825 0.00227940827608109 0.00407573720440269 0.00680220872163773 0.00335003319196403 0.00279418961144984 0.00280995643697679 0.00254945270717144 0.00253193406388164 0.00225932011380792 0.00207253801636398 0.00218437216244638
9.5971001428552e-05 0.000148546503623948 0.000325579923810437 0.000378161610569805 0.000447407044703141 0.000995403854176402 0.00203910050913692 0.00184299284592271 0.000642030034214258 0.000305009016301483 0.00035966545692645 0.000354598829289898 0.000258194631896913 0.000274956662906334 0.000270447751972824 0.000318106729537249 0.000346399814588949 0.000331031449604779 0.000401924102334306 0.0020896780770272 0.00408330978825688 0.00145189487375319 0.00103128328919411 0.000956393720116466 0.000786141376011074 0.00087626586901024 0.000869904702994972 0.000857118924614042 0.000841074157506227 0.000980855314992368 0.00103779684286565 0.00130763696506619 0.0015690098516643 0.00307743484154344 0.00249027297832072 0.00414864718914032 0.00528873363509774 0.00360886822454631 0.00317268678918481 0.00290724355727434 0.00280418200418353 0.00238248473033309 0.00220853369683027 0.00239083007909358 0.00245736609213054
9.8446624178905e-05 0.00017388655396644 0.000115520939289127 0.000195906264707446 0.0006786152953282 0.000648219836875796 0.00110767234582454 0.00125419278629124 0.000838954176288098 0.000351227208739147 0.000346526299836114 0.000370214780559763 0.000243715025135316 0.00025254170759581 0.000229268669500016 0.000285646761767566 0.000304513523587957 0.000291026430204511 0.000318703037919477 0.000862993590999395 0.00470517948269844 0.00224636238999665 0.00134382571559399 0.00122517033014446 0.000787616590969265 0.000832955178339034 0.000862946442794055 0.000891925010364503 0.00088751019211486 0.00105435738805681 0.00128739955835044 0.00161439995281398 0.00172314292285591 0.00440616440027952 0.00443761749193072 0.00409850291907787 0.0053367386572063 0.00545122474431992 0.00298324250616133 0.003044409211725 0.00265819486230612 0.00244559464044869 0.00273457285948098 0.0024975398555398 0.0023447023704648
5.90646304772235e-05 0.000152895343489945 0.000151724205352366 0.000249413074925542 0.000365795684047043 0.00035871219006367 0.000729660969227552 0.00118435057811439 0.000468224956421182 0.000361505342880264 0.000400666875066236 0.000428438041126356 0.000276121776551008 0.000222392249270342 0.000268022849923 0.000260267843259498 0.000247807474806905 0.000269679119810462 0.000363336963346228 0.000452107284218073 0.00212697102688253 0.00419251620769501 0.00316725741140544 0.00171030650380999 0.00113570177927613 0.000810779223684222 0.000824308488518 0.000907265697605908 0.000851359392981976 0.00113845698069781 0.00157095631584525 0.00197156355716288 0.00242998218163848 0.0044583585113287 0.00605155620723963 0.00462755654007196 0.00403319345787168 0.00422385334968567 0.00336875696666539 0.00303963222540915 0.00280406489036977 0.00284403003752232 0.00247532315552235 0.00237700249999762 0.00238319439813495
5.30865690961946e-05 0.000109869419247843 0.000125411199405789 0.000249283359153196 0.00028829529765062 0.000387103500543162 0.000737044436391443 0.00164576375391334 0.00092416483676061 0.000367217406164855 0.000450107007054612 0.000472548650577664 0.000295741047011688 0.000202626659302041 0.000242547554080375 0.000237951200688258 0.000218242828850634 0.000264327303739265 0.000334459356963634 0.000367905682651326 0.000472821790026501 0.00148233992513269 0.00441871443763375 0.00375406024977565 0.00187972630374134 0.000838676118291914 0.000793122453615069 0.000859441061038524 0.00117565947584808 0.00139274005778134 0.00160656438674778 0.00218622921966016 0.00305161322467029 0.00500290282070637 0.00960488989949226 0.00630634743720293 0.00423846999183297 0.00405267253518105 0.00312283122912049 0.00302618648856878 0.0033660726621747 0.00284560094587505 0.00240406487137079 0.00243592937476933 0.00236654723994434
3.89841370633803e-05 0.000101110133982729 0.000139013427542523 0.000172112064319663 0.000189417085493915 0.0004076523182448 0.00049991620471701 0.00100211519747972 0.000559022126253694 0.000397187133785337 0.000361116428393871 0.000298448285320774 0.000240228968323208 0.000216281288885511 0.000254657672485337 0.00021187518723309 0.000218569664866664 0.000294587691314518 0.000315387995215133 0.000351618364220485 0.000369274377590045 0.000665821717120707 0.00597322871908545 0.00895595364272594 0.00422336533665657 0.000990658067166805 0.000789195764809847 0.000998822739347816 0.00113648572005332 0.00126204220578074 0.00191805581562221 0.00263073015958071 0.00361647619865835 0.00597152160480618 0.00804557371884584 0.00610739178955555 0.00437173480167985 0.00401778006926179 0.00332606374286115 0.00309701357036829 0.00311889918521047 0.00253900070674717 0.00252501759678125 0.00255206157453358 0.00266575370915234
