data/climate_estimation/maxent_output/Alstroemeria_aurea.asc
NCOLS 80 
NROWS 311 
XLLCORNER -73.5833333333333 
YLLCORNER -55.3333333333333 
CELLSIZE 0.0833333333333334 
NODATA_value -3.4e+38 
[rows 76 to 94 of 311, columns 0 to 43 of 80]
-3.4e+38 -3.4e+38 -3.4e+38 -3.4e+38 -3.4e+38 -3.4e+38 -3.4e+38 -3.4e+38 -3.4e+38 -3.4e+38 -3.4e+38 0.0781163200736046 0.129527539014816 0.426939129829407 0.353779375553131 0.115597926080227 0.0546530522406101 0.0406205803155899 0.0307513307780027 0.0227647107094526 0.0227786190807819 0.0116731775924563 0.0125919273123145 0.0105214305222034 0.0116068795323372 0.0170661397278309 0.058300893753767 0.370334416627884 0.598808586597443 0.619027018547058 0.536731123924255 0.301072657108307 0.481423079967499 0.565400242805481 0.666952431201935 0.572387874126434 0.562500953674316 0.648387610912323 0.619271814823151 0.604453444480896 0.600217759609222 0.452093452215195 0.463386982679367 0.583996951580048
-3.4e+38 -3.4e+38 -3.4e+38 -3.4e+38 -3.4e+38 -3.4e+38 -3.4e+38 -3.4e+38 -3.4e+38 -3.4e+38 0.0788076594471931 0.173344746232033 0.560123801231384 0.390341252088547 0.156701192259789 0.0588946007192135 0.046772338449955 0.0256075300276279 0.0196376591920853 0.0203502960503101 0.0154673997312784 0.014107707887888 0.0149653712287545 0.01279391720891 0.0146114556118846 0.0231080055236816 0.0789224728941917 0.148942455649376 0.654403924942017 0.641856491565704 0.55652916431427 0.578491747379303 0.750739097595215 0.674289226531982 0.709906160831451 0.663206219673157 0.658309459686279 0.625254392623901 0.619841873645782 0.612821459770203 0.671674311161041 0.651289105415344 0.607303082942963 0.284229606389999
-339999999999999996123846586046231871488.000000000000000 -3.4e+38 -3.4e+38 -3.4e+38 -3.4e+38 -3.4e+38 -3.4e+38 -3.4e+38 -3.4e+38 0.0797525495290756 0.228069454431534 0.315298199653625 0.466696679592133 0.309578031301498 0.0857652425765991 0.0407555922865868 0.0269739963114262 0.0171906929463148 0.0144131779670715 0.0182310659438372 0.0177147705107927 0.0185729339718819 0.0144282747060061 0.0150417909026146 0.0178164187818766 0.0467457138001919 0.0740593746304512 0.371163129806519 0.750305771827698 0.664842844009399 0.742271423339844 0.692458212375641 0.664222717285156 0.648269355297089 0.669538140296936 0.65150910615921 0.674241960048676 0.624285399913788 0.603569388389587 0.600029110908508 0.588972687721252 0.657173752784729 0.49557438492775 0.560471951961517
-3.4e+38 -3.4e+38 -3.4e+38 -3.4e+38 -3.4e+38 -3.4e+38 -3.4e+38 -3.4e+38 -3.4e+38 0.0916283205151558 0.360415428876877 0.542912602424622 0.558363020420074 0.129966199398041 0.0708667188882828 0.0417249388992786 0.0292765013873577 0.0134309763088822 0.0146781904622912 0.0180339179933071 0.0236535165458918 0.0233297515660524 0.0235186740756035 0.017476748675108 0.0204922016710043 0.072885625064373 0.152789935469627 0.510144531726837 0.829561471939087 0.748390913009644 0.669840574264526 0.698673009872437 0.752203106880188 0.754840672016144 0.647494614124298 0.629234075546265 0.649610221385956 0.618214190006256 0.590094864368439 0.597313284873962 0.549228966236115 0.624762296676636 0.421724766492844 0.561871528625488
-3.4e+38 -3.4e+38 -3.4e+38 -3.4e+38 -3.4e+38 -3.4e+38 -3.4e+38 -3.4e+38 -3.4e+38 0.150444820523262 0.374199151992798 0.538071155548096 0.369842231273651 0.160903185606003 0.115788042545319 0.0445973165333271 0.0296820569783449 0.0205643381923437 0.0188482441008091 0.0299448985606432 0.0424090772867203 0.0416067652404308 0.0303492452949286 0.0238439086824656 0.0257106106728315 0.154336959123611 0.186258345842361 0.382371872663498 0.626412510871887 0.80488246679306 0.736036896705627 0.733620941638947 0.728055477142334 0.657179892063141 0.640467762947083 0.617795944213867 0.620311796665192 0.614889323711395 0.59969300031662 0.585900247097015 0.613333523273468 0.639210224151611 0.570907950401306 0.567706942558289
-3.4e+38 -3.4e+38 -3.4e+38 -3.4e+38 -3.4e+38 -3.4e+38 -3.4e+38 -3.4e+38 -3.4e+38 0.223089963197708 0.381099969148636 0.521477699279785 0.278917819261551 0.195054396986961 0.109677202999592 0.0667011439800262 0.0472798272967339 0.0309184174984694 0.0327582508325577 0.0413742922246456 0.0529597476124763 0.0531655214726925 0.0521698482334614 0.044187854975462 0.0797934830188751 0.175089195370674 0.283803701400757 0.745838701725006 0.808608829975128 0.745869219303131 0.731992721557617 0.786766648292542 0.738642573356628 0.644071459770203 0.641885697841644 0.621408760547638 0.605919241905212 0.604606211185455 0.595359802246094 0.579251110553741 0.550561368465424 0.598921597003937 0.572944462299347 0.551429808139801
-3.4e+38 -3.4e+38 -3.4e+38 -3.4e+38 -3.4e+38 -3.4e+38 -3.4e+38 -3.4e+38 0.107965089380741 0.214569255709648 0.434017509222031 0.322431445121765 0.22853396832943 0.345535933971405 0.100453764200211 0.0717156454920769 0.0649132579565048 0.0373401567339897 0.0432826392352581 0.0448302887380123 0.0605703666806221 0.057931300252676 0.076463058590889 0.079130120575428 0.107374675571918 0.265117287635803 0.436739474534988 0.563884854316711 0.810752928256989 0.739825248718262 0.816697299480438 0.690493643283844 0.740292012691498 0.748062074184418 0.626000940799713 0.628505289554596 0.609368503093719 0.583347201347351 0.608497023582458 0.465375244617462 0.546490848064423 0.573768973350525 0.581921935081482 0.526244401931763
-3.4e+38 -3.4e+38 -3.4e+38 -3.4e+38 -3.4e+38 -3.4e+38 -3.4e+38 -3.4e+38 0.135497972369194 0.266337543725967 0.320188015699387 0.180542543530464 0.153829365968704 0.264155656099319 0.107132792472839 0.081140972673893 0.0573700405657291 0.0385179631412029 0.0462689138948917 0.0526128299534321 0.0716107189655304 0.0676593258976936 0.0915706530213356 0.0979868024587631 0.127839714288712 0.426706671714783 0.825641751289368 0.777367830276489 0.852250635623932 0.808898150920868 0.719420552253723 0.813554346561432 0.803500890731812 0.719041585922241 0.630010604858398 0.609036982059479 0.587627172470093 0.568596243858337 0.569032967090607 0.601021528244019 0.392674744129181 0.510942101478577 0.493555217981339 0.547001898288727
-3.4e+38 -3.4e+38 -3.4e+38 -3.4e+38 -3.4e+38 -3.4e+38 -3.4e+38 0.127798318862915 0.182129830121994 0.326824337244034 0.147539764642715 0.129779770970345 0.14956197142601 0.137085348367691 0.112446293234825 0.0844568088650703 0.0672200545668602 0.0395601019263268 0.0398924313485622 0.0587874203920364 0.0784691646695137 0.102094829082489 0.14162877202034 0.176533609628677 0.478526949882507 0.566859066486359 0.883686184883118 0.858910024166107 0.864202857017517 0.87587571144104 0.730596005916595 0.712454080581665 0.704674363136292 0.712885022163391 0.70752090215683 0.619102001190186 0.61774617433548 0.581111133098602 0.578270077705383 0.570042431354523 0.275783598423004 0.529279947280884 0.486980348825455 0.530073761940002
-3.4e+38 -3.4e+38 -3.4e+38 -3.4e+38 -3.4e+38 -3.4e+38 0.117425680160522 0.144804909825325 0.282419383525848 0.383260071277618 0.184236511588097 0.175123676657677 0.151611983776093 0.211653456091881 0.16991126537323 0.0924478992819786 0.0804796293377876 0.0544453971087933 0.0449821129441261 0.0585373863577843 0.10237355530262 0.10016992688179 0.227825820446014 0.248750910162926 0.358038902282715 0.872901678085327 0.852833092212677 0.885662913322449 0.798893630504608 0.858255445957184 0.787892162799835 0.722865998744965 0.727265357971191 0.710430800914764 0.626747190952301 0.608521044254303 0.580959856510162 0.579983770847321 0.568291842937469 0.553557395935059 0.547444224357605 0.179679706692696 0.496236354112625 0.444471508264542
-3.4e+38 -3.4e+38 -3.4e+38 -3.4e+38 -3.4e+38 0.0921753644943237 0.0894086882472038 0.246720626950264 0.505699872970581 0.507645428180695 0.515221357345581 0.388679385185242 0.176188468933105 0.15347945690155 0.127219542860985 0.0991862788796425 0.0939016565680504 0.0890571400523186 0.0946038588881493 0.0988363400101662 0.125089719891548 0.167522937059402 0.285160899162292 0.396012365818024 0.423130422830582 0.517309129238129 0.750982642173767 0.725006997585297 0.794756174087524 0.848553240299225 0.791999399662018 0.790355622768402 0.710590243339539 0.668318867683411 0.608595192432404 0.650951683521271 0.589652836322784 0.548384666442871 0.567916631698608 0.528802514076233 0.529972910881042 0.44133123755455 0.0959425941109657 0.43569478392601
-3.4e+38 -3.4e+38 -3.4e+38 -3.4e+38 0.169081091880798 0.202028334140778 0.314247041940689 0.533148109912872 0.770818293094635 0.772207021713257 0.661467909812927 0.534339785575867 0.461501955986023 0.188360899686813 0.14636717736721 0.143653079867363 0.106276854872704 0.131013080477715 0.172074019908905 0.192697092890739 0.259826183319092 0.29779714345932 0.428613871335983 0.628182172775269 0.815339684486389 0.881105899810791 0.773158729076385 0.474033445119858 0.859270453453064 0.79065078496933 0.783916711807251 0.784811198711395 0.696795403957367 0.62112021446228 0.651991844177246 0.642765581607819 0.595359265804291 0.526646554470062 0.523856699466705 0.531342029571533 0.532759606838226 0.363846302032471 0.0440640337765217 0.0205185916274786
-3.4e+38 -3.4e+38 -3.4e+38 -3.4e+38 0.207756817340851 0.334404170513153 0.474878668785095 0.72973757982254 0.805628836154938 0.725859820842743 0.73297905921936 0.61199814081192 0.394890516996384 0.197992518544197 0.150203198194504 0.113644123077393 0.129706189036369 0.145606711506844 0.240924850106239 0.363938570022583 0.375590652227402 0.387802809476852 0.543408811092377 0.757671594619751 0.887729048728943 0.877848386764526 0.876440346240997 0.765182495117188 0.825301349163055 0.847802817821503 0.842782855033875 0.786264836788177 0.790858328342438 0.519255340099335 0.310356795787811 0.505769431591034 0.58788675069809 0.57464599609375 0.558645069599152 0.511718273162842 0.437512964010239 0.428086519241333 0.176409006118774 0.0246659852564335
-3.4e+38 -3.4e+38 -3.4e+38 -3.4e+38 -3.4e+38 0.562389731407166 0.72030121088028 0.828933477401733 0.839569270610809 0.794658184051514 0.799944639205933 0.747505128383636 0.371902227401733 0.28019592165947 0.168682560324669 0.12086021900177 0.160007074475288 0.197892934083939 0.314359903335571 0.365232467651367 0.382936000823975 0.449720412492752 0.652696669101715 0.693481981754303 0.853198647499084 0.880076587200165 0.802774608135223 0.864417016506195 0.859635055065155 0.834715843200684 0.840543568134308 0.771048009395599 0.632423639297485 0.527397036552429 0.327627748250961 0.497166454792023 0.566319704055786 0.58195835351944 0.497601479291916 0.524463415145874 0.446608781814575 0.428150564432144 0.395948648452759 0.0801782459020615
0.0672374665737152 -3.4e+38 -3.4e+38 -3.4e+38 0.500750005245209 0.730999231338501 0.730460166931152 0.781957149505615 0.769192218780518 0.809383392333984 0.810429334640503 0.559744358062744 0.293527215719223 0.19556300342083 0.124070331454277 0.127968966960907 0.184404760599136 0.27305594086647 0.33143737912178 0.381174981594086 0.441293507814407 0.569965183734894 0.789878249168396 0.885044753551483 0.856173694133759 0.880336344242096 0.865120768547058 0.830447673797607 0.832847595214844 0.835442185401917 0.763614892959595 0.772258877754211 0.593684136867523 0.597473382949829 0.303415030241013 0.479545563459396 0.603999853134155 0.312340259552002 0.256903469562531 0.465634047985077 0.447813659906387 0.428211152553558 0.344250857830048 0.0883525609970093
0.0845004394650459 0.126951679587364 -3.4e+38 -3.4e+38 0.497184246778488 0.654289782047272 0.803059279918671 0.62516313791275 0.674588620662689 0.681128740310669 0.682219445705414 0.52875691652298 0.207517474889755 0.115313217043877 0.0979743450880051 0.126394927501678 0.21090267598629 0.27996438741684 0.333284556865692 0.389508336782455 0.464425057172775 0.599398136138916 0.754395306110382 0.864755630493164 0.865486621856689 0.869592547416687 0.861680030822754 0.863261640071869 0.835736811161041 0.767609119415283 0.829060018062592 0.764091849327087 0.675419449806213 0.333269357681274 0.304139941930771 0.4422307908535 0.564028143882751 0.26889231801033 0.0466658361256123 0.180993378162384 0.459180772304535 0.428316175937653 0.335647016763687 0.0937194749712944
0.173531904816628 -3.4e+38 -3.4e+38 -3.4e+38 0.506265759468079 0.728527963161469 0.798126459121704 0.559078454971313 0.703835427761078 0.717331945896149 0.641117990016937 0.421268701553345 0.204972133040428 0.157696172595024 0.168117418885231 0.172199174761772 0.275990396738052 0.283114075660706 0.309071600437164 0.325990289449692 0.447662562131882 0.618856310844421 0.709018588066101 0.857170641422272 0.857625067234039 0.866977214813232 0.861622095108032 0.858813643455505 0.854726076126099 0.812295973300934 0.769667446613312 0.766351282596588 0.675678610801697 0.385323494672775 0.241417393088341 0.198518797755241 0.582747399806976 0.19442193210125 0.0500244125723839 0.202426746487617 0.260387748479843 0.367397397756577 0.380562573671341 0.300506293773651
0.320034265518188 0.367029041051865 0.336936056613922 0.370877653360367 0.499425202608109 0.775464117527008 0.83517050743103 0.643779993057251 0.644881248474121 0.631768941879272 0.561465620994568 0.396401941776276 0.326278775930405 0.159537553787231 0.158648192882538 0.212726771831512 0.237376943230629 0.266662627458572 0.27368089556694 0.28341081738472 0.387342721223831 0.714112937450409 0.814225912094116 0.86021625995636 0.84380179643631 0.754891753196716 0.8482745885849 0.844171941280365 0.856866955757141 0.842644333839417 0.810839593410492 0.754383683204651 0.730355441570282 0.323185563087463 0.104080855846405 0.286319494247437 0.479179441928864 0.0740992277860641 0.0167086943984032 0.0358158499002457 0.13319531083107 0.354604631662369 0.384555816650391 0.237555474042892
0.38753479719162 0.409337550401688 0.436083853244781 0.406423479318619 0.64415580034256 0.758407235145569 0.825391471385956 0.825468480587006 0.643412947654724 0.601976990699768 0.436227381229401 0.397648215293884 0.241155624389648 0.142700150609016 0.206652626395226 0.202287346124649 0.210172593593597 0.25243216753006 0.288923293352127 0.290059685707092 0.455672532320023 0.496318787336349 0.56679493188858 0.797183275222778 0.788490533828735 0.800384521484375 0.857104897499084 0.841680526733398 0.833558022975922 0.848499596118927 0.814538836479187 0.74589341878891 0.633551239967346 0.277704954147339 0.151881039142609 0.271465629339218 0.275336623191833 0.0453969463706017 0.0236560124903917 0.00879915989935398 0.0341867282986641 0.235082596540451 0.226523011922836 0.0745459049940109
