data/climate_estimation/maxent_output/Alstroemeria_amabilis.asc
NCOLS 7 
NROWS 166 
XLLCORNER -49.0833333333333 
YLLCORNER -26.3333333333333 
CELLSIZE 0.0833333333333337 
NODATA_value -3.4e+38 
[rows 0 to 125 of 166, columns 0 to 6 of 7]
0.003055694978684 0.00319216982461512 0.00313159893266857 0.00270788324996829 0.00280094938352704 0.00319782295264304 0.00361848389729857
0.00349786435253918 0.0033271515276283 0.00314658158458769 0.00303966691717505 0.00319724879227579 0.00406739534810185 0.00353909051045775
0.00351367611438036 0.0036582110915333 0.00365849817171693 0.00275972369126976 0.00387468794360757 0.0045278100296855 0.00397987617179751
0.00364929484203458 0.00380357820540667 0.00351926172152162 0.00351090752519667 0.00372333871200681 0.00582810072228312 0.00426912354305387
0.00369085697457194 0.00416443264111876 0.00344855221919715 0.00367181980982423 0.00416296254843473 0.00674982136115432 0.0047629582695663
0.00459920614957809 0.00503132259473205 0.00378993712365627 0.00434784078970551 0.00388002232648432 0.00506210001185536 0.0082154693081975
0.00500311935320497 0.00455976463854313 0.00408600084483624 0.00445308396592736 0.00446752877905965 0.00466046715155244 0.00662525882944465
0.00540760764852166 0.00458712410181761 0.00444836542010307 0.00452105002477765 0.00501973973587155 0.00566695770248771 0.00824882835149765
0.0051609817892313 0.00471515115350485 0.00430071260780096 0.00468954397365451 0.0055425027385354 0.00623402372002602 0.00944096967577934
0.00478386180475354 0.00479253474622965 0.00470578297972679 0.00484483363106847 0.00525607634335756 0.00665263179689646 0.0115199396386743
0.00569991581141949 0.00523929204791784 0.00501314317807555 0.00481578474864364 0.00523396395146847 0.00775118451565504 0.0144995283335447
0.00538176810368896 0.00521921878680587 0.00514423428103328 0.00527232373133302 0.00628653168678284 0.00880349986255169 0.0168751329183578
0.0052947411313653 0.00557108735665679 0.00548881199210882 0.00584881799295545 0.00695194443687797 0.0123656308278441 0.0145772816613317
0.00587612390518188 0.00640099588781595 0.00605669477954507 0.00676105730235577 0.0104794595390558 0.0125411879271269 0.0112810917198658
0.00592325115576386 0.00653155613690615 0.00742340693250299 0.012062213383615 0.0134392818436027 0.0164773110300303 0.0161310136318207
0.00658027920871973 0.00717561645433307 0.0112535953521729 0.0168068073689938 0.0190254244953394 0.0195310041308403 0.0168290864676237
0.00752478139474988 0.00867786258459091 0.0167687553912401 0.0181969366967678 0.0229600146412849 0.0169616676867008 0.0176080092787743
0.0089118629693985 0.0105975782498717 0.0158115793019533 0.0147153893485665 0.0134990178048611 0.012638047337532 0.0129427071660757
0.00933001469820738 0.010922878049314 0.0112230237573385 0.00998485833406448 0.0103540811687708 0.0124631579965353 0.00934713892638683
0.00849159806966782 0.00793849769979715 0.00797428656369448 0.00663489708676934 0.0080715948715806 0.0086665777489543 0.00811489950865507
0.00749543309211731 0.00705576920881867 0.00626381766051054 0.00715801678597927 0.00685083493590355 0.00723207835108042 0.00855841301381588
0.00654048891738057 0.00596640864387155 0.00641337223351002 0.00740680377930403 0.00817552022635937 0.00755880074575543 0.0122339027002454
0.00580843444913626 0.00560682266950607 0.00669464142993093 0.00737747829407454 0.00966293178498745 0.0102182012051344 0.0139619568362832
0.00560645153746009 0.00572834257036448 0.00671545090153813 0.00766434380784631 0.0103331357240677 0.00950647238641977 0.00879439897835255
0.00498346518725157 0.00516192615032196 0.00690894434228539 0.00922526512295008 0.00870887003839016 0.00985502731055021 0.00922293215990067
0.00513367541134357 0.00548918219283223 0.00679198931902647 0.00595176266506314 0.0066992393694818 0.00881285034120083 0.0116825867444277
0.00582432001829147 0.00573746394366026 0.00555600551888347 0.00715749757364392 0.00611541885882616 0.00668801227584481 0.00906451977789402
0.0064390473999083 0.0073395362123847 0.0100465901196003 0.0106312362477183 0.00610880041494966 0.00701350951567292 0.00794950127601624
0.00714326929301023 0.00883884076029062 0.0113674672320485 0.00897748395800591 0.00726653076708317 0.00752441491931677 0.0120236705988646
0.00830730237066746 0.0114700477570295 0.0079628974199295 0.0066753807477653 0.00634211953729391 0.00625264039263129 0.00906989257782698
0.0134438211098313 0.0133699961006641 0.0068345027975738 0.00724143069237471 0.00814496073871851 0.00685895653441548 0.0116465771570802
0.0119804348796606 0.00886653177440166 0.00663992343470454 0.00824194774031639 0.00889947637915611 0.00858678203076124 0.0110691152513027
0.0111011592671275 0.00664645479992032 0.00605570524930954 0.00817779265344143 0.00903877150267363 0.00899296905845404 0.0084369033575058
0.00714610796421766 0.00645814277231693 0.00693728215992451 0.00857245177030563 0.00962491519749165 0.00882407370954752 0.00842153280973434
0.00735872192308307 0.00669679464772344 0.00709161907434464 0.00820809043943882 0.0120017323642969 0.00941437296569347 0.00927195884287357
0.00814008433371782 0.0079388627782464 0.00875341892242432 0.0108094550669193 0.0120488749817014 0.00935025326907635 0.0106592085212469
0.0105232261121273 0.0109859360381961 0.0124722672626376 0.0159197747707367 0.0108048403635621 0.0111192306503654 0.0119981942698359
0.0083370404317975 0.0100637003779411 0.0142456218600273 0.0181048344820738 0.0119156232103705 0.0110322292894125 0.0123332180082798
0.00985649414360523 0.0177456196397543 0.0216251239180565 0.0220569726079702 0.0214749686419964 0.019292026758194 0.0163838416337967
0.0112145869061351 0.0197039879858494 0.032620333135128 0.0317590981721878 0.0315495692193508 0.02997044660151 0.0250476747751236
0.0100901732221246 0.0120351621881127 0.0232234783470631 0.0258089769631624 0.0333941839635372 0.0333960503339767 0.0320161506533623
0.0127928117290139 0.0144076514989138 0.0248848125338554 0.023786935955286 0.0292950011789799 0.0360606797039509 0.0336573794484138
0.010733706876636 0.0177153088152409 0.0300714448094368 0.0252877585589886 0.0287740938365459 0.0284808091819286 0.0407987348735332
0.0204560495913029 0.0276973061263561 0.0258855260908604 0.0247864164412022 0.0246422719210386 0.0252207852900028 0.0310963932424784
0.0316398218274117 0.0320713222026825 0.0334259867668152 0.0331782251596451 0.0328692309558392 0.0313769802451134 0.033761240541935
0.0241348631680012 0.0311922375112772 0.0310084167867899 0.0317004099488258 0.0300888121128082 0.0318509303033352 0.0366341918706894
0.0261843167245388 0.0392085574567318 0.0339399501681328 0.0333322063088417 0.0370725430548191 0.0355523601174355 0.0400482937693596
0.0265322085469961 0.0371386669576168 0.0371590852737427 0.0343759767711163 0.0360685773193836 0.0412861853837967 0.0442771166563034
0.0321665368974209 0.035549845546484 0.0344112180173397 0.0356623530387878 0.0356047041714191 0.0387065075337887 0.0412538908421993
0.0283934324979782 0.0334219969809055 0.0351488254964352 0.041218526661396 0.0393266938626766 0.0388083457946777 0.0398200899362564
0.0280143693089485 0.0293198172003031 0.0302579961717129 0.0394429378211498 0.0435828417539597 0.0468423590064049 0.0474438965320587
0.027805358171463 0.0303625166416168 0.0376892015337944 0.040316503494978 0.0438933335244656 0.0454395189881325 0.0508830510079861
0.0267518889158964 0.0328950062394142 0.0374723598361015 0.0426195375621319 0.0488026961684227 0.040350154042244 0.0478194020688534
0.0250042751431465 0.0326302461326122 0.0332570634782314 0.0404862351715565 0.0430224612355232 0.0465437583625317 0.0436515994369984
0.0257641952484846 0.0312985070049763 0.0355045571923256 0.0400109849870205 0.037149965763092 0.0381426922976971 0.0395514294505119
0.0262120570987463 0.0293053183704615 0.0366183966398239 0.0391695350408554 0.0318971164524555 0.0333401262760162 0.042237963527441
0.0251059290021658 0.0291533414274454 0.0310439765453339 0.039676483720541 0.0376505963504314 0.0321480482816696 0.0356151945888996
0.0272505916655064 0.030231649056077 0.0278887841850519 0.0350312478840351 0.0374737866222858 0.0315186567604542 0.0365161634981632
0.0334501713514328 0.0270905997604132 0.0278592817485332 0.0312840268015862 0.033084686845541 0.0300402212888002 0.0291607938706875
0.0330596826970577 0.0278887841850519 0.0250193756073713 0.0329763740301132 0.028588255867362 0.0330353565514088 0.0275823026895523
0.0255483984947205 0.0216288547962904 0.0238950215280056 0.0294251702725887 0.0275091342628002 0.0276892501860857 0.0265713594853878
0.0295653138309717 0.022957744076848 0.0201022550463676 0.0256464220583439 0.030291173607111 0.0270268674939871 0.0293803662061691
0.0372793041169643 0.0314123295247555 0.0217220634222031 0.0219995770603418 0.0315469466149807 0.0283693373203278 0.0259190332144499
0.0302227512001991 0.0297492984682322 0.0241989027708769 0.02094398252666 0.0577371269464493 0.0316014140844345 0.0236701238900423
0.0237453058362007 0.0291801914572716 0.0217136647552252 0.0254776664078236 0.0307602025568485 0.0303624290972948 0.0276807211339474
0.0234501156955957 0.0244273766875267 0.0211020689457655 0.0245833359658718 0.0325509011745453 0.0246315654367208 0.0299133900552988
0.0278520137071609 0.0231576785445213 0.0234925150871277 0.0290157292038202 0.0289085172116756 0.0246312581002712 0.0321419239044189
0.0371982827782631 0.0284248776733875 0.0204112026840448 0.0297574996948242 0.0208163112401962 0.0274663493037224 0.035138301551342
0.0349506065249443 0.0319156125187874 0.0260351989418268 0.0229998882859945 0.0260565932840109 0.0311879757791758 0.0329074561595917
0.019527355208993 0.0159327201545238 0.0174988489598036 0.0218458268791437 0.0284931939095259 0.0260735303163528 0.0309108030050993
0.0149603271856904 0.0187830720096827 0.0189140290021896 0.0210909247398376 0.0245328545570374 0.0258003957569599 0.0281316991895437
0.0160861555486917 0.0284830704331398 0.0336984433233738 0.0369145236909389 0.0535292960703373 0.0347119495272636 0.0416628308594227
0.0312334056943655 0.0500334352254868 0.0645675584673882 0.0662902444601059 0.0847578048706055 0.0463378988206387 0.042099766433239
0.0422149747610092 0.0582403093576431 0.0711417198181152 0.0783414244651794 0.0938558205962181 0.0888000801205635 0.0551953613758087
0.0506729558110237 0.0583715066313744 0.0645632296800613 0.0748563334345818 0.0875454992055893 0.0987110286951065 0.0785620138049126
0.0592065490782261 0.0737493559718132 0.0831739455461502 0.0793705955147743 0.102828085422516 0.1081932336092 0.101267635822296
0.0613634288311005 0.0723361968994141 0.0819916054606438 0.0901932567358017 0.089603953063488 0.105831682682037 0.104311212897301
0.0569790378212929 0.0725930258631706 0.0774245262145996 0.0804459974169731 0.0914128944277763 0.0891682878136635 0.10198962688446
0.0608877055346966 0.0676213502883911 0.0734769925475121 0.0826539471745491 0.0876322537660599 0.0885236635804176 0.0912534818053246
0.0751936584711075 0.0803493037819862 0.0790550485253334 0.0855423808097839 0.085328184068203 0.0951689854264259 0.0905395820736885
0.0719343796372414 0.0765102729201317 0.0869779735803604 0.088655911386013 0.0812495276331902 0.0841664522886276 0.0952314436435699
0.0740037858486176 0.0764926597476006 0.07911516726017 0.0901106223464012 0.093268059194088 0.0965293496847153 0.0876141339540482
0.0681457370519638 0.0686187148094177 0.0787867233157158 0.0821642726659775 0.085763230919838 0.0911832228302956 0.0990587249398232
0.0764208659529686 0.0717509761452675 0.0751108750700951 0.0830601900815964 0.0860385075211525 0.096574179828167 0.103528141975403
0.071988873183727 0.0859302580356598 0.0935542061924934 0.0920126214623451 0.0959754437208176 0.0977926179766655 0.0963933542370796
0.086661122739315 0.0913201496005058 0.100400842726231 0.0967839062213898 0.0933720543980598 0.102452203631401 0.110400654375553
0.0905808582901955 0.0928851366043091 0.090269111096859 0.0921188369393349 0.0843705385923386 0.086306981742382 0.0965338572859764
0.0838007628917694 0.101736508309841 0.0892859548330307 0.0791573747992516 0.0884739384055138 0.0881780982017517 0.0815017893910408
0.0827521905303001 0.0898248106241226 0.0967126712203026 0.0811974704265594 0.0755325928330421 0.0785397961735725 0.0819998681545258
0.0809920057654381 0.0943495854735374 0.0883777663111687 0.0865148454904556 0.0765508264303207 0.0745737105607986 0.0713604912161827
0.0822692438960075 0.0796834379434586 0.0908930376172066 0.0845045670866966 0.0753600671887398 0.0692132413387299 0.069995753467083
0.0664154216647148 0.0736023038625717 0.0758908241987228 0.0749563276767731 0.0726073384284973 0.068787693977356 0.0709537640213966
0.0669477581977844 0.0711939707398415 0.0747734308242798 0.0743037089705467 0.0776073634624481 0.0707403719425201 0.0702406838536263
0.0677391290664673 0.0622131004929543 0.0707395821809769 0.0826436653733253 0.0744483321905136 0.0753638446331024 0.0795749500393867
0.0690810233354568 0.0663476139307022 0.0701698735356331 0.0739874020218849 0.0815872624516487 0.077283687889576 0.0768252536654472
0.0658425837755203 0.0714614018797874 0.0692607834935188 0.0742921531200409 0.0847594738006592 0.0889860093593597 0.0816720351576805
0.0693776905536652 0.0753297433257103 0.0743819922208786 0.0802082866430283 0.0862105265259743 0.0949786007404327 0.0939072594046593
0.0751538947224617 0.0776131749153137 0.0827214568853378 0.0801221504807472 0.0906162261962891 0.098344661295414 0.0934716835618019
0.0823357030749321 0.0820981413125992 0.0888192355632782 0.0875061452388763 0.0885964259505272 0.0996990352869034 0.0880798250436783
0.0977757796645164 0.0888593047857285 0.0817340686917305 0.0888419225811958 0.0963190943002701 0.106164418160915 0.0909328982234001
0.0943811014294624 0.0898236036300659 0.0877870917320251 0.0965025275945663 0.105296209454536 0.125830560922623 0.106996923685074
0.0956437140703201 0.0957976803183556 0.0913895219564438 0.0948772057890892 0.112922042608261 0.126179039478302 0.119556345045567
0.101910926401615 0.102795518934727 0.100385569036007 0.105790942907333 0.107667796313763 0.113025262951851 0.116199813783169
0.120365008711815 0.104495011270046 0.109769411385059 0.106866002082825 0.107371911406517 0.115393027663231 0.110747955739498
0.125888720154762 0.117037244141102 0.119602389633656 0.115249089896679 0.12073565274477 0.112042278051376 0.128804102540016
0.138261824846268 0.139101788401604 0.130508542060852 0.119830273091793 0.124431386590004 0.131580650806427 0.146335631608963
0.167095243930817 0.157313376665115 0.13605609536171 0.131364703178406 0.138372734189034 0.142846167087555 0.15275827050209
0.172083362936974 0.167306199669838 0.163898304104805 0.162922576069832 0.159956529736519 0.156476095318794 0.15952904522419
0.197134912014008 0.187420651316643 0.187649831175804 0.191149890422821 0.190489888191223 0.182270094752312 0.173096969723701
0.227706640958786 0.210932865738869 0.20166040956974 0.214665547013283 0.207573786377907 0.216660499572754 0.201703399419785
0.246798366308212 0.24891784787178 0.240505591034889 0.249137803912163 0.232096508145332 0.246173679828644 0.234573036432266
0.25398388504982 0.249004602432251 0.24785989522934 0.238446161150932 0.250294834375381 0.270281434059143 0.265506535768509
0.278508096933365 0.255885392427444 0.254059106111526 0.260296046733856 0.253706097602844 0.278750896453857 0.271018594503403
0.292323380708694 0.284265428781509 0.258849859237671 0.273189842700958 0.28477469086647 0.289551824331284 0.299386560916901
0.319793611764908 0.300554245710373 0.271865367889404 0.291130274534225 0.284411400556564 0.3039411008358 0.304654687643051
0.336909145116806 0.314855545759201 0.294928908348083 0.277529001235962 0.300248563289642 0.302136093378067 0.339416444301605
0.388371050357819 0.36167186498642 0.331864058971405 0.317702651023865 0.294009119272232 0.324335843324661 0.365656912326813
0.427737027406693 0.365025192499161 0.340821832418442 0.319500386714935 0.305550783872604 0.342111319303513 0.361164420843124
0.432199656963348 0.422772645950317 0.397824257612228 0.356629371643066 0.329877018928528 0.336843818426132 0.415541291236877
0.479893118143082 0.468895107507706 0.454759418964386 0.426004827022552 0.378796488046646 0.377756029367447 0.42249071598053
0.471585631370544 0.495756238698959 0.461600482463837 0.484768360853195 0.465000152587891 0.418340921401978 0.420644491910934
0.486878514289856 0.542828559875488 0.481260120868683 0.49988579750061 0.510311722755432 0.497373312711716 0.500410854816437
0.492757260799408 0.533915400505066 0.524910688400269 0.529974043369293 0.575539946556091 0.583118557929993 0.589061141014099
0.476388454437256 0.530716776847839 0.555888831615448 0.575167834758759 0.599945902824402 0.637435138225555 0.640755712985992
0.46260803937912 0.513537466526031 0.56909054517746 0.622180163860321 0.633690714836121 0.647719502449036 0.683093667030334
0.478809863328934 0.513361096382141 0.556450605392456 0.593129754066467 0.630006492137909 0.63862544298172 0.671999216079712
