data/climate_estimation/maxent_output/Alstroemeria_foliosa.asc
NCOLS 165 
NROWS 166 
XLLCORNER -56.8333333333333 
YLLCORNER -24.3333333333333 
CELLSIZE 0.0833333333333333 
NODATA_value -3.4e+38 
[rows 0 to 18 of 166, columns 88 to 131 of 165]
0.00373342772945762 0.00481216516345739 0.00490579381585121 0.0051201144233346 0.00562974298372865 0.00502876425161958 0.00438055396080017 0.00332815852016211 0.0024739820510149 0.00259737763553858 0.00287849572487175 0.00250275968573987 0.00238417950458825 0.00236155861057341 0.00204890966415405 0.00221640570089221 0.00254305428825319 0.00367826316505671 0.00312283379025757 0.00204325257800519 0.00211345893330872 0.00216353754512966 0.00196170271374285 0.00188663264270872 0.0016533195739612 0.00154230196494609 0.00156880693975836 0.00149070494808257 0.00148397078737617 0.00156127102673054 0.0017799511551857 0.00151320674922317 0.00112839846406132 0.00108909048140049 0.0015236244071275 0.00210888381116092 0.00119701947551221 0.00124822440557182 0.00139701855368912 0.00169072847347707 0.00155615946277976 0.00165558094158769 0.00177483342122287 0.00191469781566411
0.00400408729910851 0.00391801632940769 0.0044383998028934 0.00451071094721556 0.00448461249470711 0.00447606155648828 0.0041609900072217 0.00317984400317073 0.00253056548535824 0.00284133199602365 0.00266056298278272 0.00299300160259008 0.00276016909629107 0.00273063941858709 0.00268676201812923 0.00227892654947937 0.00247288658283651 0.00466862553730607 0.00523286312818527 0.00317993760108948 0.00206408253870904 0.00221266038715839 0.00208901683799922 0.00200087600387633 0.00198146305046976 0.00161308795213699 0.00154330814257264 0.0015976371942088 0.00173950393218547 0.00155855622142553 0.00168869481422007 0.00173897924833 0.0015024202875793 0.00110675359610468 0.00133911776356399 0.001260737888515 0.00133384787477553 0.00124822440557182 0.00132633757311851 0.00149268750101328 0.00169101462233812 0.00180096714757383 0.00168916641268879 0.00167176022659987
0.00436024181544781 0.00398853700608015 0.00391948502510786 0.00401738192886114 0.0040333834476769 0.00435527600347996 0.00412945589050651 0.00318966130726039 0.00269490224309266 0.00390914548188448 0.00342448917217553 0.00288825016468763 0.00309755420312285 0.00338659365661442 0.00314332125708461 0.00266165449284017 0.00265692127868533 0.00630521075800061 0.00529677979648113 0.00346955610439181 0.00218009715899825 0.00211062119342387 0.00198473641648889 0.00200087600387633 0.00188989844173193 0.00147178559564054 0.00153315125498921 0.00147170410491526 0.00149676925502717 0.00154547218699008 0.00152943399734795 0.00177770340815187 0.00166256248485297 0.0013840141473338 0.00143976067192852 0.0011702753836289 0.00209918362088501 0.0015269456198439 0.00146419159136713 0.00157969980500638 0.00145014759618789 0.00159831088967621 0.0015622564824298 0.00146632664836943
0.00411460874602199 0.00390132959000766 0.0036761756055057 0.00388069427572191 0.00398718100041151 0.00422504730522633 0.00350437802262604 0.00317737786099315 0.00342117412947118 0.003981102257967 0.00325286132283509 0.00332570006139576 0.00331356842070818 0.00261652539484203 0.00263546640053391 0.0025197584182024 0.00278710434213281 0.00541948014870286 0.00475590908899903 0.00350068369880319 0.00261806999333203 0.00229028146713972 0.00216212891973555 0.00212491606362164 0.00201050634495914 0.00187184731476009 0.00161048350855708 0.00160090264398605 0.00151816615834832 0.0015086674829945 0.00153253471944481 0.00187814875971526 0.00171289872378111 0.0015043142484501 0.0015731897437945 0.00167059036903083 0.00208649365231395 0.0016387146897614 0.00161951431073248 0.00155583291780204 0.00143661838956177 0.00133931555319577 0.00140608078800142 0.00150137150194496
0.00405589025467634 0.00413488922640681 0.00350442552007735 0.00366193638183177 0.00364911463111639 0.00352589320391417 0.00303829181939363 0.00274795666337013 0.00291005754843354 0.00243927701376379 0.00284470967017114 0.0027430837508291 0.00249477871693671 0.00232061254791915 0.00259995739907026 0.00281867617741227 0.00285822292789817 0.00343761569820344 0.00505469227209687 0.0037049250677228 0.00341023690998554 0.00294718821533024 0.00281837536022067 0.00229141605086625 0.00219982955604792 0.00199895724654198 0.002003452507779 0.00202305684797466 0.00159769773017615 0.00150561076588929 0.00153875409159809 0.00193606514949352 0.00206874264404178 0.0016533232992515 0.00155702023766935 0.00161483837291598 0.0017486015567556 0.00137322884984314 0.00174039544072002 0.00181939476169646 0.0018276785267517 0.00162997201550752 0.00168916641268879 0.00170218630228192
0.00390436314046383 0.0037718138191849 0.0036504459567368 0.00347173004411161 0.00358093460090458 0.00309433951042593 0.0027704737149179 0.00215943926014006 0.00241822516545653 0.00411188043653965 0.00242474745027721 0.00221040705218911 0.00236351229250431 0.00267410790547729 0.00273391953669488 0.00249341456219554 0.0027574875857681 0.00326054217293859 0.00333597953431308 0.00537182670086622 0.00391311384737492 0.00224498519673944 0.00212493212893605 0.00219967239536345 0.00214218930341303 0.00198754039593041 0.00184654782060534 0.00198253896087408 0.00208544009365141 0.00173560658004135 0.00164257478900254 0.00171283085364848 0.0021378614474088 0.0019154668552801 0.00166366389021277 0.00157699873670936 0.00171031535137445 0.00234327372163534 0.0023187396582216 0.00202825106680393 0.0019360389560461 0.00188111001625657 0.00173315941356122 0.00176398269832134
0.00405590469017625 0.00368577777408063 0.00373905571177602 0.00352608389221132 0.00347010022960603 0.0027644750662148 0.00245447037741542 0.00206043641082942 0.00218468671664596 0.00240638037212193 0.0022705674637109 0.00186196353752166 0.00201018061488867 0.00240832986310124 0.00283967261202633 0.00221367133781314 0.00228854129090905 0.00257491925731301 0.00251561147160828 0.00402776058763266 0.0039861686527729 0.00285896868444979 0.0028317729011178 0.00230544037185609 0.00224478729069233 0.00207845005206764 0.00203606230206788 0.00190763571299613 0.00206514028832316 0.00218031019903719 0.0023009676951915 0.00242121913470328 0.00228273659013212 0.00222136755473912 0.00181502767372876 0.00171628734096885 0.00278479349799454 0.00267513818107545 0.00248026149347425 0.00238385424017906 0.00195759837515652 0.00167326617520303 0.00156324019189924 0.00167176022659987
0.00374396983534098 0.00344472914002836 0.00346933840774 0.00327829923480749 0.00281533901579678 0.00245447037741542 0.00199007010087371 0.00192626984789968 0.00194746255874634 0.00204024650156498 0.0017538801766932 0.00198582466691732 0.00216131401248276 0.00312707340344787 0.00283684697933495 0.00241320114582777 0.00233012833632529 0.00234996643848717 0.00265630055218935 0.00276950164698064 0.00325247785076499 0.00359196728095412 0.00343428621999919 0.00317888660356402 0.00293143535964191 0.00227793329395354 0.00254695420153439 0.00277284975163639 0.00220004166476429 0.00239982130005956 0.00231638364493847 0.00231438735499978 0.00243886117823422 0.00236937450245023 0.00211881357245147 0.00188930646982044 0.00286735966801643 0.00269450712949038 0.00261141988448799 0.00237958878278732 0.00155100598931313 0.00145479873754084 0.00148865394294262 0.00159090245142579
0.003850202774629 0.00333128473721445 0.00304341432638466 0.00312929693609476 0.00281780841760337 0.00238913996145129 0.00226542679592967 0.00200518406927586 0.00201312103308737 0.00173973105847836 0.00176969030871987 0.00184144068043679 0.00200047064572573 0.00259757647290826 0.00208085146732628 0.00199354416690767 0.00263952487148345 0.00248782197013497 0.00256659323349595 0.00249568140134215 0.00300493743270636 0.0047264895401895 0.00439258990809321 0.00417598290368915 0.00389981735497713 0.00349087221547961 0.00362648093141615 0.00413160026073456 0.00254765572026372 0.00276528135873377 0.00254939263686538 0.00256113545037806 0.00262304954230785 0.00328912865370512 0.00244356994517148 0.00308983726426959 0.00289245112799108 0.00220922939479351 0.00195161148440093 0.0018203635700047 0.00184685876592994 0.00192573410458863 0.0022002886980772 0.00182602042332292
0.00342909921891987 0.00344283087179065 0.0030690380372107 0.00279022962786257 0.00239026872441173 0.00219984748400748 0.00224933447316289 0.00205106358043849 0.00197590258903801 0.00167353451251984 0.00192472629714757 0.0021753094624728 0.00161358236800879 0.00181699928361923 0.00183980434667319 0.00202943524345756 0.00201755086891353 0.00207600742578506 0.00263505987823009 0.00297290645539761 0.00414331024512649 0.00479867495596409 0.0046623582020402 0.00505507923662663 0.00473127700388432 0.00492735626176 0.00414627976715565 0.00381644070148468 0.00268689496442676 0.00301362900063396 0.00279905344359577 0.00256438553333282 0.00261164386756718 0.00280135241337121 0.00365178007632494 0.00372719927690923 0.00219740997999907 0.00257965736091137 0.0023888573050499 0.00202070106752217 0.00249555218033493 0.0026386734098196 0.0021617456804961 0.00184263859409839
0.00349273812025785 0.00362638547085226 0.00308411428704858 0.002577421721071 0.00221179146319628 0.00199818750843406 0.00184944330248982 0.00179660320281982 0.00152977905236185 0.00164107454475015 0.0017949752509594 0.00157463306095451 0.00159481237642467 0.00170219398569316 0.00191653298679739 0.00218487065285444 0.00212291325442493 0.00230350415222347 0.00287119625136256 0.00322724948637187 0.00305450591258705 0.00425404077395797 0.00464719254523516 0.00484378635883331 0.00540791265666485 0.0071720820851624 0.00274196942336857 0.00248583313077688 0.00273525808006525 0.0029126638546586 0.00285192439332604 0.00253541441634297 0.00240067974664271 0.00256400438956916 0.00329594896174967 0.00386090623214841 0.00382079114206135 0.00260122865438461 0.0023622396402061 0.00287333619780838 0.00281977094709873 0.00228993478231132 0.002117132069543 0.0020481834653765
0.00335874920710921 0.00318753253668547 0.00307709351181984 0.002746039070189 0.00174275052268058 0.00153421540744603 0.00164281367324293 0.00180046109016985 0.00161663501057774 0.00171351421158761 0.00135055871214718 0.00140463642310351 0.00164419179782271 0.00178011122625321 0.00165915815159678 0.00205980986356735 0.0023275155108422 0.00255661620758474 0.00318569946102798 0.0032908208668232 0.00349119631573558 0.00439972896128893 0.00392828043550253 0.00430241087451577 0.00432848371565342 0.00545006524771452 0.00245455885306001 0.00255637033842504 0.00337070878595114 0.00268643163144588 0.00255830422975123 0.00246974616311491 0.0024964096955955 0.00273335725069046 0.00309129990637302 0.00435576774179935 0.00434589199721813 0.00371456006541848 0.00336005352437496 0.00321809016168118 0.00298743788152933 0.00298443739302456 0.00282582361251116 0.00229879422113299
0.00318842148408294 0.00256753317080438 0.00262605026364326 0.0021492843516171 0.00168620399199426 0.0015200125053525 0.00153189629781991 0.00174557056743652 0.00154365866910666 0.00152977905236185 0.00130769738461822 0.00155294453725219 0.0016327949706465 0.00189950654748827 0.00163097842596471 0.00201512826606631 0.00229817978106439 0.00244775414466858 0.00260237162001431 0.00312560354359448 0.00324822892434895 0.0036630944814533 0.00414855731651187 0.00442714104428887 0.00365115934982896 0.00320154381915927 0.0034801906440407 0.00325577380135655 0.00351115013472736 0.00253378855995834 0.00259813200682402 0.0034776518587023 0.00329273706302047 0.0027097596321255 0.0030967507045716 0.00347819505259395 0.0039947209879756 0.00396245671436191 0.00320707564242184 0.00340914726257324 0.00313330721110106 0.00297619239427149 0.00295948470011353 0.00240553123876452
0.00260417675599456 0.00264946976676583 0.00231643859297037 0.00212792726233602 0.00169840990565717 0.0014894186751917 0.00157497415784746 0.0015900315484032 0.00146978255361319 0.00136546371504664 0.00126445852220058 0.00151260220445693 0.00165429536718875 0.0017946072621271 0.00198831292800605 0.00198985333554447 0.00215982575900853 0.00233014090918005 0.00306064961478114 0.00328083150088787 0.00347793288528919 0.00384469353593886 0.00402944767847657 0.00436079967767 0.00359461712650955 0.00307999667711556 0.00318944198079407 0.00324789248406887 0.00332922954112291 0.00243243132717907 0.00241367262788117 0.0034528102260083 0.00355187058448792 0.00265168468467891 0.00299931922927499 0.00303997960872948 0.0031005444470793 0.00330043211579323 0.00390466675162315 0.00306925200857222 0.00311579275876284 0.00321018393151462 0.00298189395107329 0.00242787739261985
0.00271411542780697 0.00236668670549989 0.00200424320064485 0.00166233233176172 0.00136806850787252 0.00119879248086363 0.00111819000449032 0.00128031719941646 0.00124125170987099 0.00138899532612413 0.0015062108868733 0.00145702180452645 0.00166122417431325 0.00177133595570922 0.00203323061577976 0.00217467173933983 0.00213383487425745 0.00235823844559491 0.00273381010629237 0.00300860754214227 0.00323765934444964 0.00447779754176736 0.0031648869626224 0.00386000867001712 0.00281235855072737 0.00288078119046986 0.00305075314827263 0.00303192948922515 0.00288615864701569 0.00298065762035549 0.00276510952971876 0.00341806933283806 0.00399543857201934 0.00332554616034031 0.00411629397422075 0.00347723835147917 0.00337268807925284 0.00362360989674926 0.00501876138150692 0.00375151075422764 0.00349242938682437 0.00327266519889235 0.00308103882707655 0.00309692299924791
0.00316210417076945 0.00216492800973356 0.00189412187319249 0.00171004293952137 0.00132169178687036 0.00116676127072424 0.00113599188625813 0.00116868154145777 0.00122103653848171 0.00142029556445777 0.00151232222560793 0.00167333160061389 0.00201501557603478 0.00166948849800974 0.00205880426801741 0.00238836044445634 0.00220392621122301 0.0027855709195137 0.00284834462217987 0.00304682622663677 0.00277436873875558 0.00285154022276402 0.00281235855072737 0.00369560299441218 0.00254042516462505 0.00297700567170978 0.00298300827853382 0.00283386069349945 0.00283957389183342 0.00279417284764349 0.0028527828399092 0.00305066094733775 0.0036848287563771 0.00422152318060398 0.00440532062202692 0.00342587335035205 0.00361088919453323 0.00519863096997142 0.00590744568035007 0.00522357597947121 0.00351901887916028 0.00341054401360452 0.0032475998159498 0.00313639687374234
0.00291712139733136 0.00229076924733818 0.0017271067481488 0.00160798488650471 0.00130806001834571 0.00120179087389261 0.00113418442197144 0.00119156436994672 0.00129911082331091 0.0013920534402132 0.00150467467028648 0.00156799156684428 0.00194913998711854 0.00208559678867459 0.00251221586950123 0.00288125476799905 0.00298479455523193 0.0028555674944073 0.002913634525612 0.00291160237975419 0.00267244526185095 0.00258420524187386 0.00239754118956625 0.00222599739208817 0.00237453985027969 0.00225800182670355 0.00269921403378248 0.00270585436373949 0.00261247716844082 0.002741111908108 0.00286299805156887 0.00303236325271428 0.00291242753155529 0.00394139904528856 0.00481076771393418 0.00425177440047264 0.00340113416314125 0.00581853557378054 0.00685021840035915 0.00551272043958306 0.00376401445828378 0.00322263757698238 0.00299346423707902 0.00290967896580696
0.00271639926359057 0.00222377013415098 0.0018268326530233 0.00169626693241298 0.00142401759512722 0.00119871878996491 0.00124101189430803 0.00123941933270544 0.00135530170518905 0.00138618983328342 0.0013901274651289 0.00163300603162497 0.0018461310537532 0.00223370129242539 0.00236932025291026 0.00272513390518725 0.00304718944244087 0.00315293879248202 0.00293650105595589 0.00297881220467389 0.00299113104119897 0.00265765050426126 0.00234606815502048 0.0022744107991457 0.00223365263082087 0.00219640205614269 0.0027536260895431 0.00255949306301773 0.0025240876711905 0.00256035849452019 0.00267439079470932 0.00291659752838314 0.00287399720400572 0.00286845653317869 0.00299966405145824 0.00373000046238303 0.00280154403299093 0.00371698825620115 0.00644006626680493 0.00616761529818177 0.00568777462467551 0.00390956737101078 0.0034812989179045 0.00301099172793329
0.00243517896160483 0.00203364645130932 0.00222705374471843 0.00170246756169945 0.00135557109024376 0.00131403224077076 0.00126742932479829 0.00135054264683276 0.00134828581940383 0.0016192733310163 0.00166443991474807 0.00197145598940551 0.00213714735582471 0.00223602284677327 0.00256770104169846 0.00259607611224055 0.00277302181348205 0.00304546859115362 0.0032033093739301 0.00436900882050395 0.00317737110890448 0.00268890406005085 0.00253022718243301 0.00236154953017831 0.00228861789219081 0.00215762294828892 0.00205418327823281 0.00249709608033299 0.00255949306301773 0.00270390254445374 0.00273255072534084 0.00263302912935615 0.002775764092803 0.00277238083072007 0.00334631279110909 0.00398089690133929 0.00576602714136243 0.00926284771412611 0.0109856249764562 0.00809345208108425 0.00660409172996879 0.00540598295629025 0.00372795620933175 0.0031173350289464
