data/climate_estimation/maxent_output/Alstroemeria_sellowiana.asc
NCOLS 184 
NROWS 324 
XLLCORNER -63.9166666666667 
YLLCORNER -28.75 
CELLSIZE 0.0833333333333333 
NODATA_value -3.4e+38 
[rows 100 to 119 of 324, columns 44 to 87 of 184]
0.563730716705322 0.563420832157135 0.565335869789124 0.564756870269775 0.566299557685852 0.564291834831238 0.563019216060638 0.564409852027893 0.573885560035706 0.572118878364563 0.560362756252289 0.561276197433472 0.561169385910034 0.552542924880981 0.550735592842102 0.54736453294754 0.54867023229599 0.551420986652374 0.54951274394989 0.547412157058716 0.546838521957397 0.547639310359955 0.547167479991913 0.546966314315796 0.545741975307465 0.55381965637207 0.554719150066376 0.552271485328674 0.552712023258209 0.563521087169647 0.562157273292542 0.562002420425415 0.560720205307007 0.561744868755341 0.558861494064331 0.560201346874237 0.561280488967896 0.560853183269501 0.558545708656311 0.557629287242889 0.566507160663605 0.566093981266022 0.565805554389954 0.577556729316711
0.556019186973572 0.555864870548248 0.566791236400604 0.563734889030457 0.563318073749542 0.564141035079956 0.563071370124817 0.564221858978271 0.56188440322876 0.563440203666687 0.564975082874298 0.561136424541473 0.551410019397736 0.547565758228302 0.550889551639557 0.551054418087006 0.551282048225403 0.547624230384827 0.547942519187927 0.549963533878326 0.548355996608734 0.548048615455627 0.555023491382599 0.555629968643188 0.555662631988525 0.551904797554016 0.553452610969543 0.553346216678619 0.554139018058777 0.560164272785187 0.562953591346741 0.551791846752167 0.561136543750763 0.559704422950745 0.559811174869537 0.56013149023056 0.560569703578949 0.558887600898743 0.556871950626373 0.556365072727203 0.556684851646423 0.566400051116943 0.566983699798584 0.569400906562805
0.557165622711182 0.557666122913361 0.55477774143219 0.554612517356873 0.563579976558685 0.564130008220673 0.56263267993927 0.564606010913849 0.563536167144775 0.563547134399414 0.562311947345734 0.552238762378693 0.55353045463562 0.551351428031921 0.542136669158936 0.540683031082153 0.539157509803772 0.537738919258118 0.538055241107941 0.548795580863953 0.5468710064888 0.545942962169647 0.555662631988525 0.555662631988525 0.554219424724579 0.553016066551208 0.551739811897278 0.552696943283081 0.554873406887054 0.553063809871674 0.552451610565186 0.549593091011047 0.558258175849915 0.558033883571625 0.560643553733826 0.560061633586884 0.56034928560257 0.557750940322876 0.557666182518005 0.556045353412628 0.557905614376068 0.566126823425293 0.566093981266022 0.566710412502289
0.55477774143219 0.55658894777298 0.554568946361542 0.554153978824615 0.553786873817444 0.553786873817444 0.554410517215729 0.563049376010895 0.555420935153961 0.552998423576355 0.551967442035675 0.550765573978424 0.550234377384186 0.541590511798859 0.541495680809021 0.531673908233643 0.537822663784027 0.537575364112854 0.538055241107941 0.5376957654953 0.538102567195892 0.546414434909821 0.544851183891296 0.545062959194183 0.55295741558075 0.544036626815796 0.552686035633087 0.553934276103973 0.551450908184052 0.550670206546783 0.549241781234741 0.548238933086395 0.550839185714722 0.549103081226349 0.55767697095871 0.548275828361511 0.557111084461212 0.558876633644104 0.557901263237 0.557394087314606 0.556556344032288 0.565019011497498 0.564285099506378 0.564772129058838
0.555677652359009 0.556519210338593 0.556519210338593 0.556390881538391 0.554319143295288 0.554201722145081 0.555420935153961 0.551802515983582 0.552881121635437 0.552499175071716 0.553137481212616 0.552983343601227 0.540693700313568 0.543340802192688 0.530960381031036 0.530388593673706 0.532184183597565 0.530504286289215 0.529654502868652 0.536115050315857 0.536583662033081 0.544872760772705 0.543613314628601 0.541782915592194 0.541994333267212 0.552623212337494 0.552414655685425 0.553934276103973 0.550388216972351 0.550032794475555 0.548440277576447 0.549029469490051 0.550908744335175 0.547734439373016 0.549157440662384 0.546790897846222 0.555769145488739 0.557154774665833 0.556695580482483 0.556647777557373 0.555156052112579 0.563226342201233 0.563852965831757 0.561932444572449
0.555362224578857 0.556582152843475 0.556306064128876 0.555784165859222 0.554095268249512 0.553769171237946 0.553248047828674 0.553306698799133 0.552121460437775 0.542505443096161 0.541918516159058 0.542960941791534 0.541236937046051 0.529669225215912 0.532325565814972 0.523326933383942 0.520719528198242 0.521776676177979 0.529365420341492 0.525199174880981 0.528396606445312 0.535377979278564 0.542967617511749 0.542760193347931 0.54214745759964 0.5531005859375 0.541808605194092 0.549761831760406 0.552455544471741 0.549172341823578 0.549974203109741 0.550728797912598 0.548195481300354 0.547357738018036 0.547401189804077 0.547507226467133 0.556823968887329 0.554751753807068 0.555875718593597 0.557533442974091 0.552436411380768 0.551857054233551 0.552568852901459 0.560874879360199
0.556854128837585 0.557802855968475 0.556166768074036 0.556012451648712 0.553456664085388 0.555520713329315 0.553035199642181 0.553115606307983 0.554510235786438 0.542235672473907 0.541284322738647 0.542552888393402 0.53226763010025 0.532850921154022 0.529506504535675 0.52134895324707 0.513873100280762 0.520375072956085 0.51742559671402 0.525256812572479 0.524734199047089 0.53324168920517 0.532596170902252 0.532553136348724 0.540023446083069 0.541137933731079 0.540034294128418 0.548897325992584 0.547840356826782 0.547558784484863 0.54899674654007 0.548476934432983 0.548074305057526 0.545906126499176 0.547189056873322 0.555273294448853 0.55483216047287 0.553687155246735 0.554384529590607 0.554703950881958 0.562377631664276 0.552601456642151 0.5612433552742 0.560234069824219
0.557798683643341 0.555549204349518 0.55621463060379 0.555196940898895 0.553200304508209 0.554147183895111 0.552976548671722 0.555186033248901 0.552396953105927 0.542902648448944 0.542917609214783 0.539900362491608 0.532162547111511 0.529506504535675 0.522481322288513 0.520974695682526 0.519125640392303 0.518673419952393 0.515982031822205 0.527233779430389 0.524885594844818 0.522958755493164 0.532491087913513 0.532853484153748 0.532342970371246 0.540504097938538 0.540351092815399 0.53967022895813 0.549497663974762 0.549915671348572 0.547203958034515 0.546567797660828 0.546260714530945 0.546059608459473 0.546118080615997 0.552963972091675 0.552883625030518 0.554039120674133 0.554039120674133 0.552410423755646 0.552150011062622 0.553059577941895 0.56010115146637 0.559412658214569
0.556684613227844 0.55635803937912 0.556512415409088 0.553769171237946 0.554818749427795 0.546221554279327 0.544902682304382 0.542166471481323 0.54380065202713 0.542494595050812 0.541648805141449 0.539551258087158 0.53059846162796 0.5313481092453 0.529444634914398 0.520062565803528 0.519229710102081 0.51976090669632 0.516490519046783 0.522649765014648 0.523751199245453 0.522541344165802 0.531487822532654 0.521764397621155 0.531712770462036 0.529461979866028 0.538134872913361 0.538087546825409 0.536190450191498 0.536822557449341 0.532986640930176 0.542259693145752 0.545047700405121 0.544894278049469 0.544682502746582 0.552432119846344 0.55217170715332 0.552990019321442 0.550757169723511 0.550178289413452 0.551831007003784 0.559994399547577 0.547550618648529 0.559247076511383
0.555942714214325 0.555612146854401 0.553816914558411 0.55430144071579 0.555883944034576 0.547175645828247 0.546269118785858 0.54457825422287 0.543891489505768 0.540850877761841 0.539678335189819 0.531217455863953 0.532488524913788 0.529596507549286 0.520015835762024 0.528050005435944 0.518605351448059 0.525642812252045 0.524550557136536 0.52429473400116 0.522843658924103 0.521185636520386 0.521764397621155 0.522196352481842 0.520783603191376 0.529855847358704 0.527937054634094 0.534868955612183 0.536190450191498 0.534879803657532 0.532776474952698 0.532744228839874 0.542678534984589 0.542777597904205 0.551889479160309 0.549822747707367 0.5522780418396 0.552601277828217 0.549200713634491 0.548940777778625 0.559177219867706 0.550251960754395 0.557220101356506 0.549109756946564
0.555090427398682 0.557615518569946 0.555520713329315 0.552785515785217 0.553971111774445 0.545940279960632 0.543049097061157 0.542319655418396 0.544055700302124 0.541532218456268 0.539947748184204 0.531217455863953 0.529329001903534 0.530167996883392 0.528851866722107 0.526515781879425 0.525736629962921 0.516583740711212 0.52259224653244 0.522786140441895 0.521857976913452 0.523736357688904 0.520111799240112 0.521811187267303 0.520039618015289 0.525937557220459 0.525847792625427 0.525587618350983 0.534553289413452 0.532986640930176 0.531143009662628 0.541938424110413 0.542784333229065 0.54210239648819 0.538737773895264 0.538184523582458 0.549668908119202 0.549881339073181 0.547948956489563 0.544842600822449 0.548055052757263 0.547295033931732 0.556995928287506 0.556797802448273
0.554818749427795 0.557188928127289 0.555072724819183 0.55334347486496 0.544271528720856 0.543038249015808 0.54521369934082 0.544986844062805 0.54157966375351 0.542261362075806 0.530182898044586 0.530377805233002 0.52824878692627 0.528385698795319 0.527385294437408 0.526248872280121 0.525794267654419 0.523354828357697 0.521164238452911 0.522368788719177 0.513746559619904 0.52041357755661 0.518805265426636 0.517022967338562 0.518238484859467 0.516253292560577 0.526821494102478 0.52615749835968 0.524228930473328 0.530665278434753 0.531505048274994 0.540448248386383 0.541388213634491 0.538716077804565 0.547970592975616 0.547648191452026 0.54749870300293 0.548633217811584 0.546676337718964 0.545419692993164 0.54546719789505 0.545551538467407 0.546684801578522 0.557879269123077
0.555990517139435 0.552917897701263 0.554499268531799 0.55334347486496 0.555968582630157 0.554114401340485 0.545202791690826 0.543413996696472 0.541944205760956 0.538775861263275 0.539456367492676 0.538343071937561 0.530334830284119 0.536877930164337 0.53561806678772 0.535265803337097 0.523599743843079 0.523510158061981 0.523448526859283 0.522566676139832 0.511825501918793 0.508946239948273 0.507729291915894 0.508586227893829 0.515776753425598 0.51445746421814 0.516564905643463 0.51599907875061 0.524902760982513 0.521156013011932 0.521468758583069 0.529511392116547 0.540659487247467 0.538959443569183 0.53886479139328 0.53787899017334 0.54564905166626 0.547923028469086 0.544981002807617 0.545631587505341 0.548388421535492 0.543963134288788 0.543671548366547 0.544004082679749
0.556777596473694 0.554327309131622 0.553853750228882 0.555009841918945 0.554353177547455 0.543228089809418 0.543720543384552 0.542356252670288 0.540617883205414 0.530157208442688 0.539303481578827 0.539212942123413 0.527400135993958 0.536471426486969 0.52812248468399 0.534271478652954 0.531806826591492 0.533387124538422 0.523751020431519 0.522523999214172 0.510516762733459 0.508946239948273 0.507704019546509 0.50870406627655 0.506595432758331 0.506538569927216 0.515272557735443 0.512831211090088 0.512577652931213 0.520681738853455 0.519073069095612 0.527787625789642 0.52783465385437 0.536123871803284 0.537024855613708 0.536313056945801 0.535274982452393 0.536949336528778 0.536059260368347 0.535663843154907 0.544751703739166 0.543010830879211 0.542507886886597 0.544094920158386
0.555211901664734 0.553853750228882 0.553640902042389 0.553002417087555 0.553325772285461 0.544180512428284 0.543603837490082 0.543450534343719 0.539714872837067 0.541146099567413 0.528898894786835 0.53615540266037 0.52687668800354 0.535313010215759 0.535676121711731 0.534950017929077 0.533640444278717 0.534681558609009 0.530865967273712 0.518138349056244 0.509953677654266 0.508002877235413 0.506481766700745 0.506631016731262 0.506332576274872 0.503816902637482 0.503965795040131 0.512520551681519 0.509991943836212 0.509016096591949 0.519880354404449 0.518642127513885 0.526112914085388 0.526531398296356 0.526683032512665 0.525647640228271 0.535380244255066 0.534675776958466 0.534059464931488 0.533469140529633 0.535526216030121 0.533900618553162 0.542840182781219 0.541782796382904
0.563898086547852 0.555946707725525 0.556340277194977 0.551561236381531 0.553417086601257 0.544921696186066 0.544863283634186 0.54265171289444 0.540490508079529 0.5383580327034 0.535781383514404 0.538026690483093 0.534681558609009 0.533209085464478 0.535901665687561 0.533829152584076 0.531155228614807 0.531901001930237 0.520058274269104 0.499632924795151 0.498312890529633 0.499071061611176 0.495927393436432 0.494952917098999 0.504777908325195 0.503040969371796 0.503143668174744 0.501091003417969 0.501178979873657 0.510023593902588 0.521296322345734 0.517799437046051 0.517394304275513 0.515435874462128 0.524246096611023 0.527368783950806 0.523676991462708 0.533428549766541 0.532707631587982 0.532255113124847 0.53247606754303 0.530611634254456 0.538403809070587 0.53967010974884
0.567420244216919 0.565507531166077 0.555866241455078 0.554466426372528 0.544705748558044 0.541911602020264 0.541335701942444 0.542334496974945 0.538452684879303 0.527169227600098 0.528935134410858 0.527855217456818 0.523535549640656 0.532835781574249 0.535360276699066 0.533981502056122 0.531332969665527 0.521204352378845 0.509943068027496 0.500187039375305 0.496938079595566 0.497173756361008 0.494285017251968 0.495258897542953 0.495698302984238 0.502219498157501 0.502984344959259 0.500563859939575 0.499507933855057 0.507958889007568 0.508371531963348 0.50642329454422 0.505259096622467 0.513315618038177 0.512662410736084 0.513076663017273 0.514703214168549 0.521870970726013 0.529421389102936 0.530680119991302 0.531682848930359 0.530239045619965 0.537738740444183 0.538055062294006
0.566187024116516 0.555748701095581 0.552720069885254 0.553406178951263 0.542969048023224 0.544344782829285 0.541335701942444 0.539904296398163 0.540221095085144 0.527367830276489 0.538754224777222 0.535302221775055 0.523254334926605 0.526494324207306 0.531785190105438 0.520657777786255 0.519329488277435 0.518747687339783 0.508967280387878 0.498958200216293 0.49815422296524 0.495962709188461 0.495142430067062 0.495156913995743 0.492564290761948 0.49372586607933 0.491704970598221 0.500917375087738 0.498106628656387 0.496338039636612 0.49725741147995 0.504893660545349 0.50642329454422 0.502714216709137 0.502257466316223 0.513180255889893 0.511595666408539 0.520099282264709 0.520947515964508 0.521109223365784 0.530286073684692 0.529399991035461 0.526821553707123 0.526208579540253
0.564304053783417 0.562143325805664 0.552720069885254 0.553879618644714 0.544651508331299 0.541536211967468 0.541805863380432 0.541113495826721 0.537783265113831 0.538652837276459 0.527425587177277 0.52387011051178 0.520661890506744 0.525552868843079 0.522106528282166 0.521387338638306 0.518601059913635 0.507836282253265 0.509131491184235 0.498200088739395 0.49656480550766 0.494214355945587 0.492101281881332 0.49367368221283 0.48471075296402 0.480835318565369 0.489862054586411 0.488208293914795 0.4872967004776 0.487803041934967 0.497303247451782 0.493177264928818 0.494048237800598 0.502232372760773 0.502391636371613 0.501380026340485 0.510489881038666 0.510561525821686 0.52006733417511 0.518875598907471 0.516732513904572 0.519436180591583 0.525357067584991 0.523894131183624
0.564046204090118 0.561277389526367 0.553230106830597 0.553901314735413 0.551300764083862 0.539925813674927 0.539846122264862 0.540902197360992 0.536365926265717 0.536333620548248 0.526724934577942 0.52402138710022 0.524241089820862 0.523045599460602 0.521480858325958 0.520542919635773 0.516765832901001 0.507707893848419 0.508956670761108 0.507274448871613 0.493561387062073 0.493312001228333 0.483141422271729 0.491333484649658 0.481282949447632 0.480332463979721 0.47878035902977 0.48896336555481 0.488340735435486 0.485810160636902 0.483602732419968 0.494272828102112 0.492464810609818 0.491458296775818 0.488829165697098 0.499637693166733 0.499591737985611 0.508186340332031 0.507283449172974 0.516972184181213 0.515933632850647 0.515844523906708 0.524358868598938 0.522864937782288
