data/climate_estimation/maxent_output/Alstroemeria_sellowiana.asc
NCOLS 184 
NROWS 324 
XLLCORNER -63.9166666666667 
YLLCORNER -28.75 
CELLSIZE 0.0833333333333333 
NODATA_value -3.4e+38 
[rows 140 to 159 of 324, columns 44 to 87 of 184]
0.566618025302887 0.568568766117096 0.569308280944824 0.562884926795959 0.564146399497986 0.56275600194931 0.562601149082184 0.559241592884064 0.557512819766998 0.555281341075897 0.553071796894073 0.552804529666901 0.553071796894073 0.550806283950806 0.548056483268738 0.547222971916199 0.545633018016815 0.536598265171051 0.534833967685699 0.532951653003693 0.521908640861511 0.522023618221283 0.511975347995758 0.512803554534912 0.511664927005768 0.504452407360077 0.504391670227051 0.496744275093079 0.489230304956436 0.481141328811646 0.473341941833496 0.464801132678986 0.456638932228088 0.450138062238693 0.441301017999649 0.423986226320267 0.417757540941238 0.418624430894852 0.42671737074852 0.442713350057602 0.453498274087906 0.461321085691452 0.47027787566185 0.471015363931656
0.563797891139984 0.565627992153168 0.569570899009705 0.566740155220032 0.569719433784485 0.567135632038116 0.568373560905457 0.565555334091187 0.565625369548798 0.561107456684113 0.561840295791626 0.561464905738831 0.551597952842712 0.54654997587204 0.546889841556549 0.54524177312851 0.535592257976532 0.535138845443726 0.533361375331879 0.531213045120239 0.532263219356537 0.522602736949921 0.511458039283752 0.510573744773865 0.511491417884827 0.505661964416504 0.504937529563904 0.49553370475769 0.498686760663986 0.487594276666641 0.481352955102921 0.472484856843948 0.46289998292923 0.457943618297577 0.433356821537018 0.424390852451324 0.418036878108978 0.426626771688461 0.436801791191101 0.453205496072769 0.462099343538284 0.462588608264923 0.471657693386078 0.47956445813179
0.560303449630737 0.574834525585175 0.565975248813629 0.565144956111908 0.56561017036438 0.565861344337463 0.566245853900909 0.564469814300537 0.564063847064972 0.559505522251129 0.559078574180603 0.557835161685944 0.557386815547943 0.548140823841095 0.544167816638947 0.544124484062195 0.542807281017303 0.535966217517853 0.534655749797821 0.532190442085266 0.530977427959442 0.520236968994141 0.519936919212341 0.519936919212341 0.512158691883087 0.503854095935822 0.503512620925903 0.50498366355896 0.496877759695053 0.499138057231903 0.489211946725845 0.481081932783127 0.475001782178879 0.467977464199066 0.449580997228622 0.443255752325058 0.43639400601387 0.433819174766541 0.445984899997711 0.454074084758759 0.462677121162415 0.472101032733917 0.481218427419662 0.487469285726547
0.557187139987946 0.557709336280823 0.568242728710175 0.562090992927551 0.561770379543304 0.569951593875885 0.571168959140778 0.572575628757477 0.560337781906128 0.556897342205048 0.556779801845551 0.55777633190155 0.553918778896332 0.555894494056702 0.542628169059753 0.543701112270355 0.543701112270355 0.543394565582275 0.529104173183441 0.52994304895401 0.529671370983124 0.520132839679718 0.519926249980927 0.519911468029022 0.508985936641693 0.512454569339752 0.515458762645721 0.505292415618896 0.506868720054626 0.498524039983749 0.488400816917419 0.492031008005142 0.491364896297455 0.475412130355835 0.468117356300354 0.458799302577972 0.452180415391922 0.45215055346489 0.464008778333664 0.470868676900864 0.471891433000565 0.480961680412292 0.490613162517548 0.48893341422081
0.554901480674744 0.553352415561676 0.556999802589417 0.567813992500305 0.566801607608795 0.566410183906555 0.56946337223053 0.570091784000397 0.566473484039307 0.565697848796844 0.564771413803101 0.555324733257294 0.554909646511078 0.552733182907104 0.551999628543854 0.538582026958466 0.540788054466248 0.540587604045868 0.52985543012619 0.527936637401581 0.529729187488556 0.51653927564621 0.518189072608948 0.520895719528198 0.520177185535431 0.520328044891357 0.513313174247742 0.514303028583527 0.505586564540863 0.504815995693207 0.506875336170197 0.50004518032074 0.492437899112701 0.492886602878571 0.484814286231995 0.47879096865654 0.480183184146881 0.480817407369614 0.47165521979332 0.478443205356598 0.48004624247551 0.491156250238419 0.499728441238403 0.498295485973358
0.553044199943542 0.550024092197418 0.553246021270752 0.561286568641663 0.563328444957733 0.56359452009201 0.566521525382996 0.565461695194244 0.563321650028229 0.564985513687134 0.561942756175995 0.553834021091461 0.553100049495697 0.549182713031769 0.548812448978424 0.536368250846863 0.541982889175415 0.54042375087738 0.528821885585785 0.527517735958099 0.528806984424591 0.519482612609863 0.51958841085434 0.519437611103058 0.52104264497757 0.521682858467102 0.520056545734406 0.512117028236389 0.513992071151733 0.513941466808319 0.517205357551575 0.509992003440857 0.508407473564148 0.501041054725647 0.503490030765533 0.497186839580536 0.496559411287308 0.489585041999817 0.489235192537308 0.489987015724182 0.4991075694561 0.500219583511353 0.499057650566101 0.506912052631378
0.546957433223724 0.54559463262558 0.548808515071869 0.549053370952606 0.548723995685577 0.559460043907166 0.561404228210449 0.560660600662231 0.562145531177521 0.559736430644989 0.559913039207458 0.560281276702881 0.550643622875214 0.550595998764038 0.546325325965881 0.536884188652039 0.539990544319153 0.538403391838074 0.528015792369843 0.524949252605438 0.527131080627441 0.528084278106689 0.526248574256897 0.517253458499908 0.520213186740875 0.519852340221405 0.51984828710556 0.521608889102936 0.52108359336853 0.521777331829071 0.52594405412674 0.525893032550812 0.5178142786026 0.519136965274811 0.512191355228424 0.514942586421967 0.506135582923889 0.507279574871063 0.499168008565903 0.49811577796936 0.499488055706024 0.499703377485275 0.507381200790405 0.518386006355286
0.542477548122406 0.542583286762238 0.544382095336914 0.544097006320953 0.553476333618164 0.545601189136505 0.544498682022095 0.556047022342682 0.558418810367584 0.55702131986618 0.557080090045929 0.549991190433502 0.545963823795319 0.547517418861389 0.536131799221039 0.546844482421875 0.537069201469421 0.535558044910431 0.534926414489746 0.534937262535095 0.525561690330505 0.525410234928131 0.525770843029022 0.527802169322968 0.52739816904068 0.518276631832123 0.521191895008087 0.532098591327667 0.52976393699646 0.529915869235992 0.531475126743317 0.531590938568115 0.536614060401917 0.535513579845428 0.531044602394104 0.523781538009644 0.513269245624542 0.516792356967926 0.506085336208344 0.505772411823273 0.508789539337158 0.508284211158752 0.518740713596344 0.527818381786346
0.539788603782654 0.540542781352997 0.54267406463623 0.541452825069427 0.541045129299164 0.542192757129669 0.53997391462326 0.541897177696228 0.554060220718384 0.553766787052155 0.555529236793518 0.546245098114014 0.554772734642029 0.544290900230408 0.542926132678986 0.534857571125031 0.536694943904877 0.53413188457489 0.533979535102844 0.52450567483902 0.523101210594177 0.523414373397827 0.524606049060822 0.525305688381195 0.52544230222702 0.525463759899139 0.527902841567993 0.530943512916565 0.529181838035583 0.539683103561401 0.541157603263855 0.542367696762085 0.542896509170532 0.544527232646942 0.538554906845093 0.529051601886749 0.524274170398712 0.523899137973785 0.515739262104034 0.516286134719849 0.518630027770996 0.519620001316071 0.518902122974396 0.526724457740784
0.536381602287292 0.535796880722046 0.539577484130859 0.537515044212341 0.537620425224304 0.538132727146149 0.536624610424042 0.539952218532562 0.553612589836121 0.554831445217133 0.552431344985962 0.552277326583862 0.544645130634308 0.541810393333435 0.533627510070801 0.534052312374115 0.544079184532166 0.534284293651581 0.523748874664307 0.525258600711823 0.52583909034729 0.521938681602478 0.523864090442657 0.524804353713989 0.525860548019409 0.524137198925018 0.525798797607422 0.536297798156738 0.528993546962738 0.539461135864258 0.540497899055481 0.549034118652344 0.551722645759583 0.552143812179565 0.533310949802399 0.525927722454071 0.52070152759552 0.520805716514587 0.523863017559052 0.517303764820099 0.517643392086029 0.519766747951508 0.528233289718628 0.536903083324432
0.533808290958405 0.533645153045654 0.53396064043045 0.534624099731445 0.53620320558548 0.533677399158478 0.533887684345245 0.53447151184082 0.550210118293762 0.552798211574554 0.552266359329224 0.543210864067078 0.541307628154755 0.540680468082428 0.540964961051941 0.533663868904114 0.533000826835632 0.530176401138306 0.529333293437958 0.522694289684296 0.522496342658997 0.522136569023132 0.521557629108429 0.522539079189301 0.520443379878998 0.523531913757324 0.524382293224335 0.536388218402863 0.537594676017761 0.535771191120148 0.545778870582581 0.538725078105927 0.539084792137146 0.528461515903473 0.511568903923035 0.513578534126282 0.509687125682831 0.519577264785767 0.514168679714203 0.514890491962433 0.517679512500763 0.518352448940277 0.526914834976196 0.529339134693146
0.532398700714111 0.529922246932983 0.532967209815979 0.533630192279816 0.532999396324158 0.530971527099609 0.531738638877869 0.534402847290039 0.548054337501526 0.549031138420105 0.550671875476837 0.552097201347351 0.539402544498444 0.538089156150818 0.537678241729736 0.528379201889038 0.531819403171539 0.531315922737122 0.521385192871094 0.520655691623688 0.520098805427551 0.518953680992126 0.520964205265045 0.519574105739594 0.510877788066864 0.52258175611496 0.521758019924164 0.534061551094055 0.534130394458771 0.532364845275879 0.532570898532867 0.516411006450653 0.51533704996109 0.517679214477539 0.509383678436279 0.513417780399323 0.515180349349976 0.518802106380463 0.520927250385284 0.513407349586487 0.517113208770752 0.528558373451233 0.539494872093201 0.539331138134003
0.52706503868103 0.52707576751709 0.529922246932983 0.528978586196899 0.529235243797302 0.529329299926758 0.51972097158432 0.527366638183594 0.528612852096558 0.544133186340332 0.538682997226715 0.537507951259613 0.538362383842468 0.536766052246094 0.534928619861603 0.527064740657806 0.525661766529083 0.527321100234985 0.529731154441833 0.527840554714203 0.51669830083847 0.518928229808807 0.518304049968719 0.509110689163208 0.517446994781494 0.518138825893402 0.519164383411407 0.52897435426712 0.52172863483429 0.510769009590149 0.509792506694794 0.51007080078125 0.511385440826416 0.513720333576202 0.508557796478271 0.509796798229218 0.5125892162323 0.525411486625671 0.519264996051788 0.530214369297028 0.522131621837616 0.526128947734833 0.546106398105621 0.548149585723877
0.525766611099243 0.523254871368408 0.524133026599884 0.524597764015198 0.528390109539032 0.540294647216797 0.516393482685089 0.517177939414978 0.516751646995544 0.529947578907013 0.535626471042633 0.536501348018646 0.534617006778717 0.533144652843475 0.532147645950317 0.52575147151947 0.534529149532318 0.526400446891785 0.526097357273102 0.51673424243927 0.515348672866821 0.515244901180267 0.516963362693787 0.516554474830627 0.515884876251221 0.505622565746307 0.517137825489044 0.505799472332001 0.496686905622482 0.497412621974945 0.49746897816658 0.501140177249908 0.512156128883362 0.512466728687286 0.513502418994904 0.519885361194611 0.53132152557373 0.534311294555664 0.52656614780426 0.516271471977234 0.508052706718445 0.520100474357605 0.541344344615936 0.543997347354889
0.520141541957855 0.523521244525909 0.520377695560455 0.521107077598572 0.526797831058502 0.538198709487915 0.526731908321381 0.513799846172333 0.514836668968201 0.512307345867157 0.530334830284119 0.532666265964508 0.531767964363098 0.53146368265152 0.520557880401611 0.521840631961823 0.523964047431946 0.525412201881409 0.521976947784424 0.521106779575348 0.512928426265717 0.514110684394836 0.512617766857147 0.511935591697693 0.513081014156342 0.514853775501251 0.493065655231476 0.492145836353302 0.491952896118164 0.485716134309769 0.494610726833344 0.507084369659424 0.510847091674805 0.521684408187866 0.523865103721619 0.534128844738007 0.53681892156601 0.527950882911682 0.508094727993011 0.521612524986267 0.520850896835327 0.533599317073822 0.54526549577713 0.558026969432831
0.52170467376709 0.518680155277252 0.518160104751587 0.516912758350372 0.510207056999207 0.533869981765747 0.536828219890594 0.513435840606689 0.510285079479218 0.503020226955414 0.511247277259827 0.528657138347626 0.529065608978271 0.531448781490326 0.519204199314117 0.517654657363892 0.519979655742645 0.520751476287842 0.519497632980347 0.519555032253265 0.508643209934235 0.510088920593262 0.512913763523102 0.509661018848419 0.50251317024231 0.501348912715912 0.500888705253601 0.491815865039825 0.481826484203339 0.480986416339874 0.482441246509552 0.506249487400055 0.517986655235291 0.529135465621948 0.519492447376251 0.509499669075012 0.511056423187256 0.511470139026642 0.524980843067169 0.525576055049896 0.537206590175629 0.547560513019562 0.560684502124786 0.583302199840546
0.531193554401398 0.517461836338043 0.515012204647064 0.512763798236847 0.514007091522217 0.507167637348175 0.523895800113678 0.522732675075531 0.510424196720123 0.498217284679413 0.498478263616562 0.503353357315063 0.528432667255402 0.526191174983978 0.518017292022705 0.514196991920471 0.515473544597626 0.518830597400665 0.517338812351227 0.506122589111328 0.505061566829681 0.507039248943329 0.504929482936859 0.506515979766846 0.508944749832153 0.498819023370743 0.498067528009415 0.487407147884369 0.477706432342529 0.469423711299896 0.471767693758011 0.489790618419647 0.492137879133224 0.492993593215942 0.503520429134369 0.505062818527222 0.516931056976318 0.517866432666779 0.530497372150421 0.529029071331024 0.540522873401642 0.561508655548096 0.583869993686676 0.595476806163788
0.533908069133759 0.530176281929016 0.51304680109024 0.512317895889282 0.502121210098267 0.502563297748566 0.506116151809692 0.522434413433075 0.507502019405365 0.496025651693344 0.493954718112946 0.496694594621658 0.511990070343018 0.524471461772919 0.524215638637543 0.514021456241608 0.512742400169373 0.512110590934753 0.51366001367569 0.502445936203003 0.502594709396362 0.503653466701508 0.504270255565643 0.504209518432617 0.505500793457031 0.502519488334656 0.504205524921417 0.474906653165817 0.476303577423096 0.467581540346146 0.476130127906799 0.486907422542572 0.488209575414658 0.498951435089111 0.510153532028198 0.510552287101746 0.522221326828003 0.52199786901474 0.534593403339386 0.54328441619873 0.55322390794754 0.576379120349884 0.584794580936432 0.607162892818451
0.524140954017639 0.53930926322937 0.528430223464966 0.510249316692352 0.502531826496124 0.501197874546051 0.500377714633942 0.502814769744873 0.492834538221359 0.492890655994415 0.493252217769623 0.492280125617981 0.494745135307312 0.499505639076233 0.519684374332428 0.508977890014648 0.507600903511047 0.498523980379105 0.499282330274582 0.49784991145134 0.498929291963577 0.497789531946182 0.501599848270416 0.501040995121002 0.500877916812897 0.501298666000366 0.492176830768585 0.471080422401428 0.470826387405396 0.471350938081741 0.472034305334091 0.486362427473068 0.485219359397888 0.496268540620804 0.504972636699677 0.515697717666626 0.525828301906586 0.535699665546417 0.539891421794891 0.547476351261139 0.566119730472565 0.576511025428772 0.604896008968353 0.609676659107208
0.507847130298615 0.521338284015656 0.521646976470947 0.499967902898788 0.499850928783417 0.498330026865005 0.487720400094986 0.489271938800812 0.491729974746704 0.491975009441376 0.492890655994415 0.482654333114624 0.482800334692001 0.492402613162994 0.504494488239288 0.505611717700958 0.503642857074738 0.49389436841011 0.50518137216568 0.497983545064926 0.495715290307999 0.496563315391541 0.498494952917099 0.506643950939178 0.488179743289948 0.497228622436523 0.486911177635193 0.466664880514145 0.477968484163284 0.470897674560547 0.47819596529007 0.481230974197388 0.49287948012352 0.499680757522583 0.502363622188568 0.51121711730957 0.522115051746368 0.533076047897339 0.542531132698059 0.549850404262543 0.579988121986389 0.589018046855927 0.606268286705017 0.628202617168427
