data/climate_estimation/maxent_output/Alstroemeria_inodora.asc
NCOLS 204 
NROWS 301 
XLLCORNER -53.5 
YLLCORNER -29.6666666666667 
CELLSIZE 0.0833333333333333 
NODATA_value -3.4e+38 
[rows 126 to 146 of 301, columns 138 to 183 of 204]
0.856752216815948 0.919354856014252 0.938117802143097 0.901174962520599 0.913497984409332 0.899937570095062 0.872384011745453 0.851487874984741 0.90110856294632 0.938331127166748 0.974783897399902 0.996845066547394 0.999270081520081 0.999356150627136 0.999207139015198 0.996391594409943 0.9934903383255 0.997709512710571 0.989913046360016 0.990932404994965 0.988826990127563 0.992722511291504 0.998230278491974 0.99043220281601 0.990119695663452 0.985698461532593 0.985754907131195 0.983714044094086 0.986114740371704 0.985763907432556 0.977366149425507 0.990473449230194 0.976740717887878 0.911329746246338 0.88096410036087 0.840871453285217 -3.4e+38 -3.4e+38 -3.4e+38 -3.4e+38 -3.4e+38 -3.4e+38 -3.4e+38 -3.4e+38 -3.4e+38 -3.4e+38
0.91381973028183 0.848321318626404 0.925686955451965 0.901920914649963 0.884205222129822 0.88173371553421 0.898637354373932 0.881339609622955 0.921255588531494 0.953280568122864 0.991616427898407 0.998879432678223 0.998828113079071 0.998954653739929 0.997527718544006 0.992974877357483 0.987600743770599 0.98774391412735 0.989668250083923 0.987769961357117 0.983566224575043 0.990073442459106 0.993540287017822 0.987816512584686 0.988859832286835 0.986596405506134 0.985906898975372 0.985909581184387 0.996164798736572 0.997651159763336 0.979005455970764 0.993138611316681 0.967195451259613 0.934885501861572 0.917629957199097 0.875766813755035 -3.4e+38 -3.4e+38 -3.4e+38 -3.4e+38 -3.4e+38 -3.4e+38 -3.4e+38 -3.4e+38 -3.4e+38 -3.4e+38
0.826802015304565 0.866016566753387 0.912646412849426 0.891821801662445 0.879991829395294 0.899133443832397 0.88230437040329 0.902721703052521 0.896300435066223 0.937254428863525 0.99382883310318 0.999035835266113 0.997937202453613 0.98691463470459 0.9964759349823 0.99483996629715 0.986715793609619 0.988491356372833 0.983286738395691 0.980450391769409 0.983590185642242 0.981334686279297 0.993414223194122 0.988739907741547 0.985831379890442 0.990999579429626 0.989052474498749 0.996053993701935 0.999643802642822 0.999383687973022 0.986019372940063 0.980806469917297 0.964695632457733 0.950747907161713 0.912503004074097 0.911045491695404 0.879695892333984 -3.4e+38 -3.4e+38 -3.4e+38 -3.4e+38 -3.4e+38 -3.4e+38 -3.4e+38 -3.4e+38 -3.4e+38
0.80697101354599 0.868976354598999 0.834163784980774 0.855082035064697 0.885536313056946 0.862622320652008 0.876809239387512 0.934048116207123 0.947946965694427 0.958204865455627 0.975544571876526 0.999221205711365 0.955598831176758 0.997860908508301 0.998488128185272 0.997237324714661 0.996982753276825 0.994882881641388 0.991719663143158 0.980219125747681 0.979834675788879 0.980202555656433 0.981859862804413 0.990251839160919 0.987928926944733 0.993394374847412 0.99058324098587 0.997982561588287 0.999319136142731 0.995074927806854 0.980895042419434 0.985278367996216 0.978227019309998 0.956862390041351 0.935803413391113 0.922628223896027 0.892136991024017 -3.4e+38 -3.4e+38 -3.4e+38 -3.4e+38 -3.4e+38 -3.4e+38 -3.4e+38 -3.4e+38 -3.4e+38
0.838129281997681 0.812325179576874 0.788316071033478 0.822972357273102 0.871237635612488 0.852239608764648 0.85394012928009 0.859120428562164 0.906798362731934 0.931591331958771 0.96068662405014 0.932389736175537 0.921786963939667 0.998250484466553 0.999133586883545 0.998925805091858 0.998844385147095 0.988477945327759 0.970686733722687 0.973034560680389 0.978407502174377 0.982779085636139 0.9842449426651 0.982189953327179 0.980766713619232 0.98758602142334 0.986984014511108 0.991544425487518 0.994329750537872 0.986502468585968 0.979963719844818 0.990798056125641 0.974621415138245 0.966748714447021 0.952376186847687 0.933823764324188 0.933153629302979 -3.4e+38 -3.4e+38 -3.4e+38 -3.4e+38 -3.4e+38 -3.4e+38 -3.4e+38 -3.4e+38 -3.4e+38
0.793739914894104 0.804745197296143 0.821374356746674 0.787077188491821 0.791980087757111 0.809903144836426 0.848152101039886 0.846928954124451 0.857509016990662 0.880720555782318 0.901623666286469 0.967304944992065 0.998009741306305 0.997531712055206 0.999284625053406 0.998925685882568 0.999157905578613 0.994531154632568 0.964355051517487 0.975706160068512 0.985162258148193 0.983296573162079 0.98271119594574 0.984598100185394 0.994307041168213 0.980047583580017 0.981367349624634 0.986539006233215 0.989478349685669 0.982338666915894 0.981127679347992 0.982970058917999 0.966927051544189 0.965811371803284 0.960517883300781 0.940343260765076 0.932740092277527 -3.4e+38 -3.4e+38 -3.4e+38 -3.4e+38 -3.4e+38 -3.4e+38 -3.4e+38 -3.4e+38 -3.4e+38
0.761657536029816 0.759648382663727 0.74755448102951 0.797775983810425 0.877650141716003 0.901833176612854 0.847326397895813 0.889848411083221 0.925826251506805 0.954629898071289 0.990300953388214 0.998358070850372 0.998994886875153 0.998932898044586 0.999160885810852 0.999422371387482 0.99752938747406 0.985283195972443 0.975446343421936 0.984139561653137 0.982919096946716 0.981671631336212 0.990140080451965 0.985567271709442 0.992708623409271 0.982782304286957 0.979936838150024 0.981432318687439 0.988047480583191 0.985071063041687 0.984503388404846 0.97757351398468 0.969266831874847 0.962039709091187 0.948290467262268 0.948553800582886 0.937006592750549 -3.4e+38 -3.4e+38 -3.4e+38 -3.4e+38 -3.4e+38 -3.4e+38 -3.4e+38 -3.4e+38 -3.4e+38
0.777247250080109 0.77090984582901 0.866790115833282 0.86286598443985 0.865483641624451 0.897297263145447 0.853919148445129 0.933886528015137 0.968260049819946 0.982667088508606 0.99799907207489 0.999110519886017 0.998572170734406 0.998114228248596 0.996967852115631 0.996081054210663 0.991165101528168 0.969052791595459 0.984246492385864 0.989155232906342 0.983205020427704 0.974895119667053 0.979705154895782 0.974790394306183 0.978434026241302 0.984134376049042 0.981124818325043 0.985568404197693 0.995577096939087 0.991031885147095 0.988004863262177 0.981449902057648 0.978478014469147 0.966805279254913 0.965080976486206 0.9537273645401 0.946409523487091 0.945849597454071 -3.4e+38 -3.4e+38 -3.4e+38 -3.4e+38 -3.4e+38 -3.4e+38 -3.4e+38 -3.4e+38
0.85133969783783 0.824172019958496 0.950709879398346 0.919303238391876 0.892279744148254 0.885037839412689 0.880649626255035 0.970052301883698 0.977397322654724 0.992279827594757 0.999066710472107 0.998681306838989 0.997422814369202 0.991941750049591 0.986905574798584 0.979707837104797 0.985882461071014 0.983269214630127 0.995621263980865 0.974619388580322 0.952102541923523 0.95298707485199 0.959937512874603 0.960732817649841 0.97696328163147 0.978464663028717 0.979280769824982 0.988360702991486 0.995319187641144 0.994947731494904 0.990104556083679 0.981028199195862 0.973927199840546 0.968001067638397 0.960604429244995 0.951695263385773 0.948567509651184 0.925762891769409 -3.4e+38 -3.4e+38 -3.4e+38 -3.4e+38 -3.4e+38 -3.4e+38 -3.4e+38 -3.4e+38
0.844165921211243 0.834039866924286 0.906955182552338 0.906538009643555 0.886080801486969 0.91509598493576 0.946199715137482 0.924526929855347 0.911756753921509 0.945526123046875 0.973602771759033 0.994608700275421 0.995027244091034 0.996119260787964 0.992066502571106 0.969034492969513 0.965312719345093 0.962819159030914 0.973414599895477 0.954979300498962 0.944514989852905 0.940395772457123 0.940165579319 0.9492147564888 0.977357268333435 0.982836186885834 0.981062352657318 0.986629664897919 0.992915630340576 0.992822825908661 0.986818134784698 0.980040788650513 0.974642515182495 0.973335564136505 0.969891548156738 0.965451300144196 0.936964452266693 0.924150943756104 -3.4e+38 -3.4e+38 -3.4e+38 -3.4e+38 -3.4e+38 -3.4e+38 -3.4e+38 -3.4e+38
0.881071448326111 0.886947214603424 0.915612876415253 0.902566611766815 0.925046563148499 0.895101308822632 0.870684921741486 0.879258990287781 0.907060742378235 0.968745291233063 0.986615061759949 0.936155259609222 0.974889099597931 0.973055958747864 0.994015038013458 0.970223248004913 0.968098402023315 0.952435851097107 0.951527714729309 0.947689294815063 0.931480824947357 0.941135823726654 0.944526791572571 0.944946825504303 0.961999356746674 0.966423809528351 0.974712133407593 0.982513427734375 0.990535736083984 0.985707640647888 0.981917917728424 0.982179939746857 0.977188169956207 0.964434623718262 0.965994298458099 0.951934933662415 0.932252645492554 0.934254825115204 -3.4e+38 -3.4e+38 -3.4e+38 -3.4e+38 -3.4e+38 -3.4e+38 -3.4e+38 -3.4e+38
0.860338866710663 0.806987762451172 0.899413764476776 0.925093114376068 0.912248492240906 0.923806488513947 0.903494656085968 0.897584319114685 0.92061972618103 0.974355399608612 0.991462469100952 0.990735709667206 0.985209941864014 0.989725887775421 0.945351004600525 0.9676673412323 0.950204312801361 0.945237755775452 0.923008680343628 0.924560964107513 0.945648789405823 0.931302845478058 0.930666863918304 0.941394686698914 0.952155530452728 0.972756087779999 0.98435389995575 0.99096542596817 0.99325954914093 0.991993069648743 0.986366987228394 0.977774679660797 0.971101045608521 0.969705760478973 0.955259919166565 0.950711965560913 0.934016108512878 -3.4e+38 -3.4e+38 -3.4e+38 -3.4e+38 -3.4e+38 -3.4e+38 -3.4e+38 -3.4e+38 -3.4e+38
0.854616403579712 0.791520118713379 0.804093182086945 0.900133073329926 0.84249883890152 0.890985608100891 0.908855736255646 0.945355474948883 0.973475635051727 0.996465802192688 0.993468821048737 0.994894325733185 0.995162189006805 0.988030791282654 0.94989275932312 0.889882922172546 0.881227135658264 0.885949909687042 0.896133899688721 0.905337333679199 0.925323724746704 0.93623811006546 0.932071685791016 0.945042431354523 0.959137380123138 0.975922286510468 0.985937178134918 0.989702522754669 0.990832567214966 0.990943312644958 0.989994525909424 0.981330931186676 0.977111458778381 0.958309173583984 0.955197691917419 0.926075756549835 0.928614616394043 -3.4e+38 -3.4e+38 -3.4e+38 -3.4e+38 -3.4e+38 -3.4e+38 -3.4e+38 -3.4e+38 -3.4e+38
0.7062668800354 0.694187998771667 0.812495529651642 0.845929265022278 0.856061935424805 0.833379089832306 0.854085505008698 0.865152776241302 0.961480319499969 0.993537664413452 0.995581328868866 0.99181991815567 0.988557875156403 0.972440183162689 0.937050402164459 0.917121827602386 0.952232658863068 0.930869579315186 0.896318078041077 0.919885814189911 0.920316159725189 0.977721631526947 0.95937705039978 0.962993979454041 0.967572510242462 0.982897102832794 0.987634658813477 0.986404061317444 0.989200830459595 0.990143120288849 0.98888885974884 0.985946476459503 0.976498126983643 0.954770743846893 0.946648180484772 0.927164077758789 0.918580412864685 -3.4e+38 -3.4e+38 -3.4e+38 -3.4e+38 -3.4e+38 -3.4e+38 -3.4e+38 -3.4e+38 -3.4e+38
0.65080988407135 0.653828263282776 0.729024708271027 0.676069855690002 0.858180344104767 0.947813630104065 0.8798508644104 0.844882428646088 0.861140549182892 0.993758141994476 0.995064675807953 0.996806740760803 0.99344265460968 0.957119703292847 0.868723392486572 0.986629784107208 0.963168323040009 0.909060657024384 0.948369383811951 0.96578985452652 0.980022847652435 0.978693902492523 0.989380836486816 0.985688924789429 0.992798745632172 0.98510068655014 0.984514236450195 0.984747469425201 0.986359179019928 0.986523807048798 0.987450301647186 0.986881077289581 0.975607872009277 0.953203201293945 0.940355241298676 0.921510100364685 -3.4e+38 -3.4e+38 -3.4e+38 -3.4e+38 -3.4e+38 -3.4e+38 -3.4e+38 -3.4e+38 -3.4e+38 -3.4e+38
0.654930651187897 0.539019703865051 0.624867141246796 0.682995557785034 0.846459865570068 0.901166796684265 0.835713922977448 0.846211612224579 0.844368636608124 0.974412322044373 0.984228849411011 0.990440428256989 0.971372783184052 0.92922568321228 0.939741790294647 0.950265407562256 0.938607633113861 0.926709830760956 0.958346724510193 0.987309575080872 0.992403090000153 0.981295228004456 0.998089134693146 0.999119758605957 0.983672797679901 0.974522769451141 0.978626906871796 0.979472756385803 0.981487691402435 0.983698844909668 0.985365092754364 0.984274804592133 0.951142430305481 0.947985351085663 0.936512887477875 0.924948394298553 -3.4e+38 -3.4e+38 -3.4e+38 -3.4e+38 -3.4e+38 -3.4e+38 -3.4e+38 -3.4e+38 -3.4e+38 -3.4e+38
0.790886223316193 0.554300665855408 0.452877938747406 0.494866907596588 0.760982155799866 0.734287738800049 0.850621998310089 0.783228754997253 0.776770412921906 0.711819887161255 0.879412531852722 0.77398020029068 0.93795520067215 0.97505909204483 0.977914154529572 0.971005320549011 0.957957148551941 0.951989889144897 0.971095979213715 0.993243813514709 0.994363248348236 0.993738889694214 0.996009886264801 0.996896088123322 0.968563675880432 0.977713227272034 0.977467894554138 0.976549208164215 0.977768778800964 0.979611396789551 0.980422735214233 0.979113399982452 0.973677933216095 0.94751638174057 0.929189682006836 0.92068350315094 -3.4e+38 -3.4e+38 -3.4e+38 -3.4e+38 -3.4e+38 -3.4e+38 -3.4e+38 -3.4e+38 -3.4e+38 -3.4e+38
0.834693372249603 0.601887702941895 0.440459877252579 0.38638773560524 0.421644151210785 0.548085570335388 0.667836904525757 0.677602171897888 0.775080382823944 0.980344235897064 0.988120317459106 0.912490963935852 0.99127471446991 0.989048302173615 0.993546307086945 0.985247015953064 0.982495307922363 0.96705961227417 0.97935289144516 0.995330154895782 0.994862020015717 0.989401936531067 0.984919726848602 0.973848462104797 0.971317827701569 0.977698087692261 0.972878336906433 0.972009062767029 0.97401350736618 0.973719477653503 0.976731181144714 0.977446556091309 0.978052020072937 0.947589874267578 0.934653341770172 0.924799740314484 -3.4e+38 -3.4e+38 -3.4e+38 -3.4e+38 -3.4e+38 -3.4e+38 -3.4e+38 -3.4e+38 -3.4e+38 -3.4e+38
0.600577175617218 0.465553641319275 0.391243636608124 0.601026833057404 0.708996832370758 0.663742423057556 0.788763344287872 0.929342687129974 0.994216084480286 0.99603658914566 0.98355495929718 0.935140907764435 0.955615937709808 0.98890620470047 0.993614733219147 0.994062721729279 0.972967088222504 0.981361269950867 0.992343544960022 0.995777249336243 0.996435403823853 0.98256641626358 0.982530117034912 0.979765653610229 0.976552307605743 0.987530887126923 0.971574544906616 0.9658522605896 0.965440988540649 0.968664884567261 0.974905610084534 0.9784135222435 0.975193202495575 0.935745596885681 0.928225994110107 -3.4e+38 -3.4e+38 -3.4e+38 -3.4e+38 -3.4e+38 -3.4e+38 -3.4e+38 -3.4e+38 -3.4e+38 -3.4e+38 -3.4e+38
0.37217453122139 0.36865234375 0.528394460678101 0.841318488121033 0.887582957744598 0.885532200336456 0.936558961868286 0.969859063625336 0.995034575462341 0.994121015071869 0.987288475036621 0.926925837993622 0.924490094184875 0.972721040248871 0.991402804851532 0.9929159283638 0.996091187000275 0.996345341205597 0.996600747108459 0.996256768703461 0.998005449771881 0.99169534444809 0.99565577507019 0.996034324169159 0.995642006397247 0.972351849079132 0.967678964138031 0.959352016448975 0.970786511898041 0.968828976154327 0.970554351806641 0.974600851535797 0.965554594993591 0.938530445098877 0.930035054683685 -3.4e+38 -3.4e+38 -3.4e+38 -3.4e+38 -3.4e+38 -3.4e+38 -3.4e+38 -3.4e+38 -3.4e+38 -3.4e+38 -3.4e+38
0.379265606403351 0.458810657262802 0.788950502872467 0.926168739795685 0.96028608083725 0.948926270008087 0.952203691005707 0.980562746524811 0.994272947311401 0.992682576179504 0.992122054100037 0.948914766311646 0.966965556144714 0.985485196113586 0.991169393062592 0.997864127159119 0.995408177375793 0.994719207286835 0.992472469806671 0.989273071289062 0.99082350730896 0.990858793258667 0.965771794319153 0.965745031833649 0.961583912372589 0.956639051437378 0.954605877399445 0.960122168064117 0.976199567317963 0.967501699924469 0.971872687339783 0.971752405166626 0.962758779525757 0.932057499885559 0.927294969558716 -3.4e+38 -3.4e+38 -3.4e+38 -3.4e+38 -3.4e+38 -3.4e+38 -3.4e+38 -3.4e+38 -3.4e+38 -3.4e+38 -3.4e+38
