data/climate_estimation/maxent_output/Alstroemeria_pelegrina.asc
NCOLS 99 
NROWS 267 
XLLCORNER -77.1666666666667 
YLLCORNER -33.75 
CELLSIZE 0.0833333333333333 
NODATA_value -3.4e+38 
[rows 26 to 51 of 267, columns 0 to 56 of 99]
-3.4e+38 -3.4e+38 -3.4e+38 -3.4e+38 -3.4e+38 -3.4e+38 -3.4e+38 -3.4e+38 -3.4e+38 0.148390829563141 -3.4e+38 0.141169413924217 0.0871025323867798 0.0695610493421555 0.0786440148949623 0.0995533540844917 0.10958182066679 0.217838570475578 0.461116015911102 0.460138469934464 0.315571576356888 0.156216397881508 0.129488527774811 0.0153213012963533 0.0130033679306507 0.0134423915296793 0.0122864972800016 0.0118903359398246 0.0118716768920422 0.0127685256302357 0.0114397304132581 0.0106033235788345 0.00957553181797266 0.00883298646658659 0.00697174202650785 0.00872854329645634 0.00642919540405273 0.00584287149831653 0.00496513396501541 0.00579681852832437 0.00388248194940388 0.00270353490486741 0.00241740001365542 0.00437801703810692 0.00481318170204759 0.00387515849433839 0.0102176386862993 0.013232072815299 0.0106653794646263 0.00738795520737767 0.00232616509310901 0.00349686155095696 0.0146528510376811 0.0150730721652508 0.0130358831956983 0.0117758717387915 0.00350846094079316
-3.4e+38 -3.4e+38 -3.4e+38 -3.4e+38 -3.4e+38 -3.4e+38 -3.4e+38 -3.4e+38 0.154022410511971 0.144871771335602 0.145041301846504 0.132971927523613 0.0875449553132057 0.0659639090299606 0.0682352855801582 0.0711697041988373 0.124456942081451 0.194184169173241 0.288233697414398 0.295877307653427 0.362813740968704 0.445838510990143 0.210103154182434 0.0203213319182396 0.0150772156193852 0.0135692749172449 0.0131812952458858 0.012065545655787 0.0132492892444134 0.0138367470353842 0.0128330439329147 0.0107475472614169 0.0087340259924531 0.00764562841504812 0.0081828199326992 0.00969129800796509 0.00854634400457144 0.00679330574348569 0.00528269540518522 0.00468563288450241 0.00336864753626287 0.00350030278787017 0.003597816452384 0.00439605349674821 0.00554393790662289 0.00796979200094938 0.0137396724894643 0.0155619131401181 0.0135299228131771 0.00565481279045343 0.00245511322282255 0.00427230168133974 0.00588322943076491 0.0146297393366694 0.0148101635277271 0.00667790556326509 0.00429188553243876
-3.4e+38 -3.4e+38 -3.4e+38 -3.4e+38 -3.4e+38 -3.4e+38 -3.4e+38 -3.4e+38 0.153328835964203 0.144492670893669 0.14221478998661 0.125510171055794 0.103480324149132 0.0714366659522057 0.0666034370660782 0.0573660805821419 0.0701436176896095 0.106482908129692 0.103695005178452 0.246740654110909 0.490305751562119 0.31683737039566 0.175219655036926 0.126864776015282 0.106047697365284 0.0150287980213761 0.0147823486477137 0.0130262142047286 0.0129801258444786 0.0127811580896378 0.0132542150095105 0.0114195505157113 0.0097386846318841 0.00852444209158421 0.00805092789232731 0.00903970561921597 0.00956884305924177 0.00966222863644361 0.00606720801442862 0.00469939596951008 0.00330235017463565 0.00265798950567842 0.00726327858865261 0.0108212195336819 0.0130292838439345 0.01347850356251 0.014286894351244 0.0106304651126266 0.00531742302700877 0.00233610393479466 0.00311545049771667 0.00623672129586339 0.00821962766349316 0.0151796424761415 0.014232118614018 0.0101883290335536 0.00451405299827456
-3.4e+38 -3.4e+38 -3.4e+38 -3.4e+38 -3.4e+38 -3.4e+38 -3.4e+38 -3.4e+38 -3.4e+38 0.137432932853699 0.132428914308548 0.115063160657883 0.0864504128694534 0.0750403702259064 0.0678430646657944 0.0568138100206852 0.0570065677165985 0.0679014697670937 0.111601494252682 0.240665748715401 0.546486794948578 0.474669396877289 0.354001969099045 0.129713371396065 0.106002449989319 0.156175270676613 0.116452664136887 0.014696198515594 0.0141268391162157 0.0123891616240144 0.0133230444043875 0.012064223177731 0.012094390578568 0.00869298446923494 0.00812345091253519 0.00968953128904104 0.0104269497096539 0.0103801721706986 0.00673807831481099 0.0041896179318428 0.00550694856792688 0.0033740431535989 0.00256769172847271 0.00655408296734095 0.0114589631557465 0.0146705424413085 0.0100085902959108 0.00281745893880725 0.0022809284273535 0.00430165557190776 0.0101770116016269 0.00649629533290863 0.0185428746044636 0.0191051308065653 0.0139891812577844 0.00565647054463625 0.00974740460515022
-3.4e+38 -3.4e+38 -3.4e+38 -3.4e+38 -3.4e+38 -3.4e+38 -3.4e+38 -3.4e+38 -3.4e+38 -3.4e+38 0.129178628325462 0.113611750304699 0.0859235301613808 0.0670696571469307 0.0686791017651558 0.0580623671412468 0.0578791387379169 0.0634044036269188 0.0749895423650742 0.160258188843727 0.167859196662903 0.283961802721024 0.335916846990585 0.260591298341751 0.207798391580582 0.336506307125092 0.161040887236595 0.0150978248566389 0.0145495738834143 0.0122761428356171 0.0119554828852415 0.010461525991559 0.0109248282387853 0.0104235913604498 0.00866472534835339 0.00983456801623106 0.0107232956215739 0.0104987928643823 0.00671932706609368 0.00441205222159624 0.00843691173940897 0.00902762915939093 0.00171092269010842 0.00457780994474888 0.0100018605589867 0.0144585845991969 0.00273480545729399 0.00222033681347966 0.00495543889701366 0.0137722194194794 0.011614783667028 0.0141634391620755 0.0182941406965256 0.0120565751567483 0.00626303115859628 0.00721136294305325 0.0154151869937778
-3.4e+38 -3.4e+38 -3.4e+38 -3.4e+38 -3.4e+38 -3.4e+38 -3.4e+38 -3.4e+38 -3.4e+38 -3.4e+38 0.121806405484676 0.11619159579277 0.0866824313998222 0.0725363045930862 0.0632965564727783 0.0614485815167427 0.0605571158230305 0.0635147541761398 0.0690336748957634 0.0693238824605942 0.138341456651688 0.221080616116524 0.448820233345032 0.474317222833633 0.422559767961502 0.251827597618103 0.19788271188736 0.0164072439074516 0.0153462905436754 0.0135731995105743 0.0124580143019557 0.0111500862985849 0.0107865324243903 0.00988603103905916 0.00930654630064964 0.00869004521518946 0.00892937742173672 0.00768603384494781 0.00670427596196532 0.00598853640258312 0.0059070298448205 0.00739950174465775 0.00335915735922754 0.00428895279765129 0.00915305782109499 0.00741487555205822 0.00241945288144052 0.00456493860110641 0.00427125860005617 0.0146721722558141 0.0161584280431271 0.0177222918719053 0.0141275431960821 0.00680981948971748 0.00629778439179063 0.0146119361743331 0.018901152536273
-3.4e+38 -3.4e+38 -3.4e+38 -3.4e+38 -3.4e+38 -3.4e+38 -3.4e+38 -3.4e+38 -3.4e+38 -3.4e+38 0.122918076813221 0.108691044151783 0.101022019982338 0.078097976744175 0.0710177421569824 0.0730996653437614 0.0668354779481888 0.0567881315946579 0.0618528760969639 0.0703343525528908 0.0979635193943977 0.198358312249184 0.348136752843857 0.320817530155182 0.200185179710388 0.305628746747971 0.209388628602028 0.114093504846096 0.0168844535946846 0.0141470674425364 0.0129331778734922 0.0129340942949057 0.0110401948913932 0.0103565184399486 0.00965667981654406 0.00847841054201126 0.00780431553721428 0.00742816040292382 0.00691045261919498 0.00640072580426931 0.00787359196692705 0.00559428846463561 0.00395174697041512 0.00272463611327112 0.00508932862430811 0.0051904171705246 0.00323141296394169 0.00652063824236393 0.00295664486475289 0.00430748099461198 0.0094184847548604 0.0160923972725868 0.0134552624076605 0.0131085347384214 0.00712894648313522 0.016464851796627 0.0259013622999191
-3.4e+38 -3.4e+38 -3.4e+38 -3.4e+38 -3.4e+38 -3.4e+38 -3.4e+38 -3.4e+38 -3.4e+38 -3.4e+38 -3.4e+38 0.11613155156374 0.104448042809963 0.0795266404747963 0.0735505223274231 0.0631165131926537 0.0715383738279343 0.059725996106863 0.0552248582243919 0.074297808110714 0.0935478135943413 0.137234523892403 0.213129013776779 0.240007013082504 0.10320633649826 0.291055411100388 0.315669924020767 0.181295305490494 0.115567304193974 0.0150121850892901 0.0129508310928941 0.012865612283349 0.010969995521009 0.00995819363743067 0.00925555173307657 0.00979164987802505 0.00862564705312252 0.00650358991697431 0.00634441571310163 0.00671881390735507 0.00988013949245214 0.00782721675932407 0.00463387137278914 0.00326141621917486 0.00268990243785083 0.00443016411736608 0.00298160314559937 0.00357403513044119 0.0102725168690085 0.00800576247274876 0.00515025062486529 0.0133486222475767 0.0164258107542992 0.0190945286303759 0.0179669559001923 0.0110569959506392 0.0222322624176741
-3.4e+38 -3.4e+38 -3.4e+38 -3.4e+38 -3.4e+38 -3.4e+38 -3.4e+38 -3.4e+38 -3.4e+38 -3.4e+38 -3.4e+38 -3.4e+38 0.104360990226269 0.0787174329161644 0.0743002817034721 0.0639649331569672 0.0645893663167953 0.0609313249588013 0.0566885620355606 0.062611311674118 0.0755834579467773 0.0653651431202888 0.116285994648933 0.0999098718166351 0.0829797834157944 0.209021955728531 0.315110266208649 0.31941893696785 0.167890623211861 0.120345413684845 0.104784779250622 0.0124522242695093 0.0113236289471388 0.0107424985617399 0.00902250129729509 0.00860940292477608 0.00732339266687632 0.00778775848448277 0.00478114001452923 0.00433159992098808 0.00697178579866886 0.0069044167175889 0.00752647174522281 0.00628223549574614 0.00468251341953874 0.00506142480298877 0.00810830388218164 0.0040805246680975 0.00535695627331734 0.0108947977423668 0.00482507003471255 0.00590396299958229 0.0104403458535671 0.0212471261620522 0.0221630185842514 0.0177214127033949 0.0231019202619791
-3.4e+38 -3.4e+38 -3.4e+38 -3.4e+38 -3.4e+38 -3.4e+38 -3.4e+38 -3.4e+38 -3.4e+38 -3.4e+38 -3.4e+38 -3.4e+38 -3.4e+38 0.0978297293186188 0.0734439268708229 0.0914334505796432 0.0714025571942329 0.0639019310474396 0.0587620288133621 0.0562874190509319 0.0556741133332253 0.0626940950751305 0.0785235390067101 0.0734677314758301 0.0713205933570862 0.116182930767536 0.289710760116577 0.347741186618805 0.212929159402847 0.266507893800735 0.140698283910751 0.0138719342648983 0.0111020803451538 0.0104467263445258 0.00915989931672812 0.0078249629586935 0.00689248414710164 0.00615104101598263 0.00433135451748967 0.00810159835964441 0.00431544426828623 0.00521282572299242 0.00718192523345351 0.00814555212855339 0.0082729235291481 0.0072419517673552 0.0063640926964581 0.00419567571952939 0.00851449742913246 0.0118410680443048 0.0105918440967798 0.00896890927106142 0.0122804967686534 0.0210294295102358 0.0234754160046577 0.0220897123217583 0.027570579200983
-3.4e+38 -3.4e+38 -3.4e+38 -3.4e+38 -3.4e+38 -3.4e+38 -3.4e+38 -3.4e+38 -3.4e+38 -3.4e+38 -3.4e+38 -3.4e+38 -3.4e+38 -3.4e+38 0.0968626365065575 0.086903378367424 0.0806804299354553 0.0711365342140198 0.0575366988778114 0.0562219433486462 0.0559253022074699 0.0550525411963463 0.053606852889061 0.0470965839922428 0.0710204765200615 0.0810107588768005 0.124680563807487 0.221258297562599 0.294237971305847 0.238807708024979 0.0201594419777393 0.0138626946136355 0.0110138254240155 0.0100414678454399 0.0102420821785927 0.00740116508677602 0.00672403257340193 0.00683329533785582 0.00644354010000825 0.0078746322542429 0.00620745541527867 0.00561494193971157 0.00824513006955385 0.00753626739606261 0.0075464197434485 0.00435601593926549 0.00422510877251625 0.00573891261592507 0.0119743142277002 0.0146321896463633 0.0144494036212564 0.0146732656285167 0.0199534520506859 0.0216113608330488 0.0248166881501675 0.0276651009917259 0.0316088236868382
-3.4e+38 -3.4e+38 -3.4e+38 -3.4e+38 -3.4e+38 -3.4e+38 -3.4e+38 -3.4e+38 -3.4e+38 -3.4e+38 -3.4e+38 -3.4e+38 -3.4e+38 -3.4e+38 0.101896293461323 0.0953930169343948 0.0762175172567368 0.0737408027052879 0.0616820305585861 0.059570237994194 0.0614553466439247 0.0578750856220722 0.054290272295475 0.0515655688941479 0.0602749362587929 0.0631587356328964 0.072685107588768 0.119607649743557 0.375473290681839 0.188241302967072 0.110404796898365 0.01427495572716 0.0125602893531322 0.0101413996890187 0.00942616257816553 0.00909029692411423 0.00533622363582253 0.00444479193538427 0.00634576054289937 0.0065808012150228 0.00663716020062566 0.00675870385020971 0.00616997247561812 0.00607201363891363 0.00641269655898213 0.00743581214919686 0.00653486046940088 0.0054497723467648 0.0114007303491235 0.0150121673941612 0.0156102729961276 0.018278643488884 0.0230016615241766 0.0238398164510727 0.0264388117939234 0.0282457731664181 0.0361274518072605
-3.4e+38 -3.4e+38 -3.4e+38 -3.4e+38 -3.4e+38 -3.4e+38 -3.4e+38 -3.4e+38 -3.4e+38 -3.4e+38 -3.4e+38 -3.4e+38 -3.4e+38 -3.4e+38 -3.4e+38 0.100882530212402 0.0760901644825935 0.0932746455073357 0.0662212893366814 0.0842711105942726 0.0710606724023819 0.0599456317722797 0.0666537284851074 0.0583980791270733 0.0459932126104832 0.0570210441946983 0.0889024958014488 0.133482933044434 0.236290827393532 0.319944500923157 0.154899656772614 0.016652550548315 0.0127375544980168 0.00979277212172747 0.00802806578576565 0.0119238151237369 0.0147255472838879 0.00365787395276129 0.00461944052949548 0.00601513311266899 0.0080735320225358 0.00917492248117924 0.00443631689995527 0.00296468799933791 0.00395405991002917 0.00611126609146595 0.00781989190727472 0.00972629804164171 0.0119012491777539 0.0135073158890009 0.0166099462658167 0.0207827631384134 0.0230181682854891 0.0260243527591228 0.0266670044511557 0.0310744103044271 0.0338234528899193
-3.4e+38 -3.4e+38 -3.4e+38 -3.4e+38 -3.4e+38 -3.4e+38 -3.4e+38 -3.4e+38 -3.4e+38 -3.4e+38 -3.4e+38 -3.4e+38 -3.4e+38 -3.4e+38 -3.4e+38 -3.4e+38 0.105581104755402 0.0741068720817566 0.0916894748806953 0.0922270342707634 0.0633831322193146 0.0609578303992748 0.052390418946743 0.0616758204996586 0.0548919513821602 0.0515000745654106 0.0512249730527401 0.0736978203058243 0.0902752056717873 0.29055580496788 0.235816404223442 0.0221236813813448 0.0149363409727812 0.00992889795452356 0.00860774796456099 0.013432695530355 0.0218844432383776 0.00339167984202504 0.00308123556897044 0.00325523037463427 0.00709114735946059 0.00647938717156649 0.00223113410174847 0.00057746673701331 0.000927312823478132 0.00231172796338797 0.00396959111094475 0.00454624183475971 0.00828037038445473 0.0119431838393211 0.0177904553711414 0.0210895836353302 0.0247034355998039 0.0236575398594141 0.0283927470445633 0.0324116013944149 0.035969965159893
-3.4e+38 -3.4e+38 -3.4e+38 -3.4e+38 -3.4e+38 -3.4e+38 -3.4e+38 -3.4e+38 -3.4e+38 -3.4e+38 -3.4e+38 -3.4e+38 -3.4e+38 -3.4e+38 -3.4e+38 -3.4e+38 -3.4e+38 0.108230911195278 0.103835120797157 0.100102201104164 0.0783691331744194 0.06364456564188 0.0551050864160061 0.0629171803593636 0.0563381686806679 0.0474864095449448 0.0410651788115501 0.0962721481919289 0.109829030930996 0.197434440255165 0.413751006126404 0.252836674451828 0.0186598431318998 0.0134100401774049 0.0111237559467554 0.249130174517632 0.0120401307940483 0.00341028487309813 0.0028689329046756 0.0018973940750584 0.00331003568135202 0.00612583896145225 0.00510952388867736 0.00122120813466609 0.000826199655421078 0.00146163254976273 0.00621352298185229 0.0106921615079045 0.0126407025381923 0.0152461063116789 0.0175537448376417 0.0232090223580599 0.023508770391345 0.0213546436280012 0.0284660775214434 0.0322042666375637 0.0365832112729549
-3.4e+38 -3.4e+38 -3.4e+38 -3.4e+38 -3.4e+38 -3.4e+38 -3.4e+38 -3.4e+38 -3.4e+38 -3.4e+38 -3.4e+38 -3.4e+38 -3.4e+38 -3.4e+38 -3.4e+38 -3.4e+38 -3.4e+38 -3.4e+38 -3.4e+38 0.113470986485481 0.104474261403084 0.0793347209692001 0.0781894475221634 0.0935264006257057 0.0571475028991699 0.0496759973466396 0.0403618104755878 0.0531763546168804 0.0731746181845665 0.101440355181694 0.187130630016327 0.400177806615829 0.255404263734818 0.191714346408844 0.0308673400431871 0.0336218625307083 0.00644688634201884 0.00488322321325541 0.00328539242036641 0.0027468940243125 0.0028955030720681 0.00263730832375586 0.00265945494174957 0.00128091603983194 0.00187775678932667 0.00317123276181519 0.00396503321826458 0.012678250670433 0.0122451167553663 0.0159739777445793 0.0173432976007462 0.0217265989631414 0.0237206965684891 0.0213274192065001 0.0307760033756495 0.0320413187146187 0.0361155495047569
-3.4e+38 -3.4e+38 -3.4e+38 -3.4e+38 -3.4e+38 -3.4e+38 -3.4e+38 -3.4e+38 -3.4e+38 -3.4e+38 -3.4e+38 -3.4e+38 -3.4e+38 -3.4e+38 -3.4e+38 -3.4e+38 -3.4e+38 -3.4e+38 -3.4e+38 -3.4e+38 0.117605097591877 0.0757921114563942 0.12943422794342 0.126942813396454 0.06206039711833 0.048220444470644 0.0468573160469532 0.0677046775817871 0.0943329110741615 0.114268898963928 0.15517695248127 0.178772255778313 0.127609416842461 0.127145797014236 0.202472969889641 0.0207309983670712 0.0116222985088825 0.011996129527688 0.00807206798344851 0.00640909420326352 0.0135461483150721 0.00289046391844749 0.00148703588638455 0.00156201864592731 0.00584668247029185 0.00403648847714067 0.00687109725549817 0.0134675474837422 0.0133850798010826 0.0174384489655495 0.0177939049899578 0.0170500371605158 0.0249700900167227 0.0194649752229452 0.0268533416092396 0.0322839356958866 0.0379231870174408
-3.4e+38 -3.4e+38 -3.4e+38 -3.4e+38 -3.4e+38 -3.4e+38 -3.4e+38 -3.4e+38 -3.4e+38 -3.4e+38 -3.4e+38 -3.4e+38 -3.4e+38 -3.4e+38 -3.4e+38 -3.4e+38 -3.4e+38 -3.4e+38 -3.4e+38 -3.4e+38 -3.4e+38 0.124497599899769 0.0746050626039505 0.0767000243067741 0.0678204521536827 0.0551548451185226 0.0639883354306221 0.0928963348269463 0.0910767242312431 0.11214704066515 0.172628745436668 0.137094140052795 0.0836975798010826 0.173555269837379 0.332368731498718 0.269280344247818 0.0297470986843109 0.0266928058117628 0.169789090752602 0.181113690137863 0.0190095324069262 0.00330746709369123 0.00211464776657522 0.00253492058254778 0.0059236828237772 0.00675989920273423 0.00822529476135969 0.00741082802414894 0.0142207788303494 0.0219733100384474 0.0160575769841671 0.0146061517298222 0.015594907104969 0.0227572787553072 0.0330590642988682 0.0361412018537521 0.0354861244559288
-3.4e+38 -3.4e+38 -3.4e+38 -3.4e+38 -3.4e+38 -3.4e+38 -3.4e+38 -3.4e+38 -3.4e+38 -3.4e+38 -3.4e+38 -3.4e+38 -3.4e+38 -3.4e+38 -3.4e+38 -3.4e+38 -3.4e+38 -3.4e+38 -3.4e+38 -3.4e+38 -3.4e+38 -3.4e+38 0.138222128152847 0.0892391949892044 0.0742073208093643 0.0648355633020401 0.0603863634169102 0.0591449923813343 0.0900151431560516 0.140247121453285 0.156256005167961 0.0880929380655289 0.151197358965874 0.193326935172081 0.193534284830093 0.0917875170707703 0.197365954518318 0.167699530720711 0.0354293286800385 0.0202955584973097 0.0100288679823279 0.00547331664711237 0.00409319857135415 0.00650750147178769 0.00732739269733429 0.00990695971995592 0.0249338280409575 0.0102144982665777 0.0165095906704664 0.0131784770637751 0.0203759483993053 0.0187806077301502 0.0234719198197126 0.0354399010539055 0.0435421466827393 0.0404546931385994 0.03937803581357
-3.4e+38 -3.4e+38 -3.4e+38 -3.4e+38 -3.4e+38 -3.4e+38 -3.4e+38 -3.4e+38 -3.4e+38 -3.4e+38 -3.4e+38 -3.4e+38 -3.4e+38 -3.4e+38 -3.4e+38 -3.4e+38 -3.4e+38 -3.4e+38 -3.4e+38 -3.4e+38 -3.4e+38 -3.4e+38 0.159892067313194 0.15760737657547 0.110740773379803 0.076633132994175 0.0730215013027191 0.071892723441124 0.145794317126274 0.123800233006477 0.0984518527984619 0.0957895666360855 0.153136730194092 0.135491535067558 0.0937655940651894 0.220091581344604 0.347049981355667 0.0313336849212646 0.010328914038837 0.00724028330296278 0.00835406500846148 0.0141771510243416 0.0129279298707843 0.00760263670235872 0.0101092895492911 0.0162037461996078 0.0915002748370171 0.0120311053469777 0.0169018879532814 0.0257150400429964 0.020506015047431 0.0232222676277161 0.0336927175521851 0.0363315567374229 0.0377750396728516 0.0421636514365673 0.0439849905669689
-3.4e+38 -3.4e+38 -3.4e+38 -3.4e+38 -3.4e+38 -3.4e+38 -3.4e+38 -3.4e+38 -3.4e+38 -3.4e+38 -3.4e+38 -3.4e+38 -3.4e+38 -3.4e+38 -3.4e+38 -3.4e+38 -3.4e+38 -3.4e+38 -3.4e+38 -3.4e+38 -3.4e+38 -3.4e+38 -3.4e+38 0.181954964995384 0.158372685313225 0.102150112390518 0.0884163901209831 0.0886898189783096 0.0843067765235901 0.0958247259259224 0.0868062004446983 0.142026394605637 0.151765644550323 0.104403138160706 0.167147532105446 0.257041692733765 0.361119598150253 0.257466673851013 0.0161106586456299 0.00909395236521959 0.00862898211926222 0.0116180162876844 0.0104171857237816 0.00933645479381084 0.0113851670175791 0.0115382084622979 0.0813824981451035 0.0200757868587971 0.0250018686056137 0.0278812982141972 0.0314821116626263 0.0421396642923355 0.0328343436121941 0.0367210768163204 0.0404021628201008 0.0483222380280495 0.0470574051141739
-3.4e+38 -3.4e+38 -3.4e+38 -3.4e+38 -3.4e+38 -3.4e+38 -3.4e+38 -3.4e+38 -3.4e+38 -3.4e+38 -3.4e+38 -3.4e+38 -3.4e+38 -3.4e+38 -3.4e+38 -3.4e+38 -3.4e+38 -3.4e+38 -3.4e+38 -3.4e+38 -3.4e+38 -3.4e+38 -3.4e+38 -3.4e+38 0.178849428892136 0.163105338811874 0.138643816113472 0.1257593780756 0.105990700423717 0.101875446736813 0.097055546939373 0.0983722358942032 0.0858626961708069 0.0912332236766815 0.179684862494469 0.316686660051346 0.366261959075928 0.283082336187363 0.0382298119366169 0.0145477391779423 0.0182414930313826 0.0207697153091431 0.0132596138864756 0.0148921068757772 0.0123941972851753 0.0130515405908227 0.17545510828495 0.118317693471909 0.0313714817166328 0.0306169223040342 0.0282296799123287 0.0354015491902828 0.0351953469216824 0.0432398580014706 0.0481504239141941 0.055074006319046 0.0585108809173107
-3.4e+38 -3.4e+38 -3.4e+38 -3.4e+38 -3.4e+38 -3.4e+38 -3.4e+38 -3.4e+38 -3.4e+38 -3.4e+38 -3.4e+38 -3.4e+38 -3.4e+38 -3.4e+38 -3.4e+38 -3.4e+38 -3.4e+38 -3.4e+38 -3.4e+38 -3.4e+38 -3.4e+38 -3.4e+38 -3.4e+38 -3.4e+38 -3.4e+38 -3.4e+38 0.164784014225006 0.151330083608627 0.143053725361824 0.127701371908188 0.121342599391937 0.0886045694351196 0.0841913446784019 0.150626689195633 0.232402607798576 0.271117269992828 0.198092341423035 0.192069828510284 0.323770105838776 0.0267414934933186 0.0445323437452316 0.29498228430748 0.0284223407506943 0.0289079900830984 0.0261483713984489 0.0191583707928658 0.0256578829139471 0.105079621076584 0.0580779053270817 0.0723047479987144 0.137586385011673 0.0360385924577713 0.040909469127655 0.0593612566590309 0.0748239606618881 0.0631086304783821 0.0683351829648018
-3.4e+38 -3.4e+38 -3.4e+38 -3.4e+38 -3.4e+38 -3.4e+38 -3.4e+38 -3.4e+38 -3.4e+38 -3.4e+38 -3.4e+38 -3.4e+38 -3.4e+38 -3.4e+38 -3.4e+38 -3.4e+38 -3.4e+38 -3.4e+38 -3.4e+38 -3.4e+38 -3.4e+38 -3.4e+38 -3.4e+38 -3.4e+38 -3.4e+38 -3.4e+38 -3.4e+38 -3.4e+38 0.154032036662102 0.143181383609772 0.135829642415047 0.130739986896515 0.102933943271637 0.0833674669265747 0.127906158566475 0.116051830351353 0.0977853834629059 0.0944163575768471 0.273348063230515 0.0538108311593533 0.149076893925667 0.0484086945652962 0.0471900179982185 0.0515970773994923 0.286431521177292 0.0488849617540836 0.0365998186171055 0.0322346910834312 0.116425693035126 0.0598665662109852 0.219129204750061 0.0411948002874851 0.050615917891264 0.0576682165265083 0.0558403730392456 0.0511739403009415 0.051397193223238
-3.4e+38 -3.4e+38 -3.4e+38 -3.4e+38 -3.4e+38 -3.4e+38 -3.4e+38 -3.4e+38 -3.4e+38 -3.4e+38 -3.4e+38 -3.4e+38 -3.4e+38 -3.4e+38 -3.4e+38 -3.4e+38 -3.4e+38 -3.4e+38 -3.4e+38 -3.4e+38 -3.4e+38 -3.4e+38 -3.4e+38 -3.4e+38 -3.4e+38 -3.4e+38 -3.4e+38 -3.4e+38 -3.4e+38 -3.4e+38 0.144200384616852 0.142506346106529 0.13508814573288 0.0923601239919662 0.0838971361517906 0.0993552207946777 0.0779024958610535 0.0988017171621323 0.150752171874046 0.116595149040222 0.135283142328262 0.298517644405365 0.224937811493874 0.186797484755516 0.149588719010353 0.112300202250481 0.182740494608879 0.173779666423798 0.0442202091217041 0.05562449619174 0.247991055250168 0.0492341555655003 0.0541888922452927 0.0589645765721798 0.0535522066056728 0.131636887788773 0.12781323492527
-3.4e+38 -3.4e+38 -3.4e+38 -3.4e+38 -3.4e+38 -3.4e+38 -3.4e+38 -3.4e+38 -3.4e+38 -3.4e+38 -3.4e+38 -3.4e+38 -3.4e+38 -3.4e+38 -3.4e+38 -3.4e+38 -3.4e+38 -3.4e+38 -3.4e+38 -3.4e+38 -3.4e+38 -3.4e+38 -3.4e+38 -3.4e+38 -3.4e+38 -3.4e+38 -3.4e+38 -3.4e+38 -3.4e+38 -3.4e+38 -3.4e+38 -3.4e+38 0.14255528151989 0.117839880287647 0.127996727824211 0.109717205166817 0.0907677114009857 0.0776362195611 0.0880805999040604 0.100791364908218 0.163555487990379 0.22288116812706 0.132262259721756 0.0846556946635246 0.106812715530396 0.0609367825090885 0.0695454999804497 0.0468047931790352 0.0358744896948338 0.0311357118189335 0.0583063364028931 0.215898841619492 0.291264772415161 0.319002896547318 0.284036040306091 0.269022822380066 0.036202147603035
