data/climate_estimation/maxent_output/Alstroemeria_cunha.asc
NCOLS 102 
NROWS 191 
XLLCORNER -50.3333333333333 
YLLCORNER -29.6666666666667 
CELLSIZE 0.0833333333333333 
NODATA_value -3.4e+38 
[rows 0 to 19 of 191, columns 45 to 89 of 102]
0.000228866687393747 0.000373898452380672 0.000501998292747885 0.00101697084028274 0.00171100767329335 0.00156080292072147 0.00139908806886524 0.00127346988301724 0.0010807286016643 0.000967982166912407 0.000995473354123533 0.00095534062711522 0.000635000644251704 0.000580845342483371 0.000715172500349581 0.000751007173676044 0.00108107237610966 0.0012352264020592 0.00152813550084829 0.00162331841420382 0.00134923006407917 0.00139019975904375 0.00144782394636422 0.00150108302477747 0.00123698858078569 0.000823406560812145 0.000849116127938032 0.0009790591429919 0.000870242656674236 0.00145641609560698 0.00056900514755398 0.000365430663805455 0.000231138736126013 0.000191343482583761 0.000157661852426827 0.000129661231767386 0.000144998237374239 0.000161589428898878 0.000188006437383592 0.000226363961701281 0.000362734543159604 0.000405269587645307 0.000428063067374751 0.000417563482187688 0.000975767208728939
0.000253926933510229 0.000392909132642671 0.000700226111803204 0.000929865229409188 0.00236988859251142 0.00222149514593184 0.00164083926938474 0.00117380416486412 0.00109699531458318 0.00131535308901221 0.00124971906188875 0.00110666744876653 0.000954551855102181 0.00107891368679702 0.00115156057290733 0.00134415912907571 0.00123821035958827 0.00147089897654951 0.00143007980659604 0.00143398996442556 0.00141659239307046 0.00163217540830374 0.00170966633595526 0.00193082145415246 0.00196999730542302 0.00108595250640064 0.000933798728510737 0.00117183174006641 0.00101940880995244 0.000936302822083235 0.000492998922709376 0.000277547514997423 0.000217738546780311 0.000181191382580437 0.00015733037434984 0.000116758717922494 0.000129995416500606 0.000190458158613183 0.000210370140848681 0.000255037331953645 0.000288095092400908 0.000337678182404488 0.000382710975827649 0.000432941858889535 0.000560598913580179
0.000250439916271716 0.000481172959553078 0.00139630946796387 0.00246196379885077 0.00301224226132035 0.00186933670192957 0.00174787896685302 0.00198635249398649 0.00171493180096149 0.00137906754389405 0.00124971906188875 0.00122301944065839 0.00127564871218055 0.00134280626662076 0.0010908042313531 0.000964462873525918 0.00106309773400426 0.00108300580177456 0.00118711369577795 0.00113248988054693 0.00152624526526779 0.00175381544977427 0.00169038376770914 0.00162205332890153 0.00189827871508896 0.00190013868268579 0.00184819893911481 0.00122884369920939 0.000883434375282377 0.000675324816256762 0.00041513453470543 0.000303730717860162 0.000244770315475762 0.000178077010787092 0.000163280099513941 0.000130701489979401 0.000149521671119146 0.000219365523662418 0.000241505753365345 0.000278092862572521 0.000262118468526751 0.000290000229142606 0.000351115450030193 0.00045135070104152 0.000494643521960825
0.000410145701607689 0.000960756151471287 0.00166312791407108 0.00223364308476448 0.00428829668089747 0.00357202114537358 0.00370120932348073 0.00246753403916955 0.00218544248491526 0.0019803608302027 0.00153933255933225 0.00142192922066897 0.00132282171398401 0.0011485303984955 0.00120461080223322 0.00135495944414288 0.00136159965768456 0.00129890651442111 0.00120642140973359 0.00142699421849102 0.00149240193422884 0.000987061066552997 0.00107427150942385 0.00150236987974495 0.00177952623926103 0.00165431736968458 0.00175315327942371 0.000954745861236006 0.000711963279172778 0.000626685447059572 0.000474620872410014 0.000338362413458526 0.000282436405541375 0.000205214222660288 0.000166391473612748 0.000141900003654882 0.000157159796799533 0.0002029821916949 0.000216259722947143 0.000299941631965339 0.000300148734822869 0.000319039245368913 0.000375758216250688 0.000534852792043239 0.000545386807061732
0.000750887033063918 0.00154567754361778 0.00181457179132849 0.00293029192835093 0.00569845177233219 0.00509514706209302 0.00400082673877478 0.00380035978741944 0.00252422015182674 0.00229328125715256 0.0018416962120682 0.0017739242175594 0.00134776660706848 0.00148128776345402 0.00164359994232655 0.00159361422993243 0.00142550165764987 0.0014194828690961 0.00138808530755341 0.00145745114423335 0.00121781032066792 0.000832670659292489 0.000870087242219597 0.00101807911414653 0.00156810029875487 0.00154271977953613 0.00104421854484826 0.00086052727419883 0.000724881654605269 0.000601182167883962 0.000554512138478458 0.000437976123066619 0.000274617486866191 0.000247909920290112 0.000178379021235742 0.00016328165656887 0.000160564784891903 0.000186328979907557 0.00020567121100612 0.000235772604355589 0.000288866634946316 0.000344998028595001 0.000350030808476731 0.000428562081651762 0.000478214322356507
0.000682281679473817 0.00123555341269821 0.00174604903440922 0.00288062239997089 0.00199288269504905 0.00263566081412137 0.00502534164115787 0.00420680129900575 0.00367769366130233 0.00225463649258018 0.00233421730808914 0.00213734526187181 0.00223188009113073 0.00229601422324777 0.00226901122368872 0.00140955345705152 0.00165525870397687 0.0024642744101584 0.00267668277956545 0.00165223784279078 0.000812434474937618 0.000813442340586334 0.000763186020776629 0.00075728667434305 0.00122517719864845 0.00129238795489073 0.000730043509975076 0.000644758867565542 0.000640994578134269 0.000651042442768812 0.000548098294530064 0.000487796001834795 0.000461770832771435 0.000351759546902031 0.000219597815885209 0.0001882850920083 0.000223100185394287 0.000215949665289372 0.000257195875747129 0.000288892479147762 0.000342740415362641 0.000466976460302249 0.00057287747040391 0.000628624460659921 0.000570513715501875
0.000799046247266233 0.00159619969781488 0.00184423930477351 0.0020471103489399 0.00167359074112028 0.00212486693635583 0.00223669619299471 0.0035856852773577 0.00323353311978281 0.00398664502426982 0.00250169751234353 0.00256907683797181 0.00275268428958952 0.00244338135235012 0.00234563765116036 0.0026473575271666 0.00251009152270854 0.00172365212347358 0.00166545575484633 0.00127990334294736 0.00121978635434061 0.00136098463553935 0.000834275502711535 0.000832232530228794 0.000762761919759214 0.00065244606230408 0.000769751903135329 0.000695676484610885 0.000624924665316939 0.000559666194021702 0.000539386935997754 0.000627234578132629 0.000484893127577379 0.000364767038263381 0.000309209397528321 0.000255237508099526 0.000248703290708363 0.000319487211527303 0.000356556789483875 0.000388292217394337 0.000518202199600637 0.00173461134545505 0.00119004980660975 0.000937458884436637 0.00100642966572195
0.000827443029265851 0.000970725261140615 0.00151054793968797 0.00138480204623193 0.00178459368180484 0.00239917240105569 0.00220091338269413 0.00321524497121572 0.0043852049857378 0.00381024437956512 0.00389132718555629 0.00395633280277252 0.00291975797154009 0.00301577965728939 0.00294440425932407 0.00299340090714395 0.00173148233443499 0.00140366447158158 0.00183702574577183 0.00272486195899546 0.00159161712508649 0.00160192360635847 0.00119753309991211 0.000824182468932122 0.000841150642372668 0.000908397429157048 0.000871062045916915 0.000757657282520086 0.000850515381898731 0.000698752235621214 0.000580958789214492 0.000670024543069303 0.000518237473443151 0.000412273861002177 0.000420131516875699 0.000344953732565045 0.000351219641743228 0.000458359980257228 0.000448119855718687 0.000486503529828042 0.000668641179800034 0.001980593893677 0.0110129565000534 0.00562184490263462 0.0018602313939482
0.000674077367875725 0.000710412859916687 0.00123062473721802 0.00166909722611308 0.00173291272949427 0.00236266618594527 0.00359801878221333 0.00528106046840549 0.00452931132167578 0.00498403795063496 0.00456320680677891 0.00445294240489602 0.00403578812256455 0.0044861938804388 0.00307600316591561 0.00258397310972214 0.00170697725843638 0.00193309597671032 0.00290318368934095 0.00194218766409904 0.00184576085302979 0.00151538278441876 0.00131360837258399 0.00153814640361816 0.00110222061630338 0.000954709830693901 0.000890434137545526 0.00127984897699207 0.00128442246932536 0.000922650040592998 0.000801431073341519 0.000626857858151197 0.00051586446352303 0.000571139855310321 0.000773434818256646 0.00139931065496057 0.000621417071670294 0.00045439534005709 0.000505213276483119 0.000621003331616521 0.000790345016866922 0.00117730943020433 0.00200521224178374 0.00786108244210482 0.00335142714902759
0.000783691299147904 0.00287178019061685 0.0013127913698554 0.00204627099446952 0.00231729913502932 0.0018853445071727 0.00394832110032439 0.006176867056638 0.00607150606811047 0.0051413313485682 0.00489445216953754 0.00448601180687547 0.00513622490689158 0.00384420109912753 0.00265129073522985 0.00259041041135788 0.00323126465082169 0.00344590377062559 0.00416922895237803 0.00330193317495286 0.00155518448445946 0.00152485771104693 0.00165086262859404 0.00182771182153374 0.00206137588247657 0.00172789918724447 0.00153479119762778 0.00193035404663533 0.0014960675034672 0.000964964332524687 0.00082268682308495 0.000750035338569432 0.000602428975980729 0.000445222511189058 0.000862948771100491 0.00132783269509673 0.000592697120737284 0.000569000898394734 0.000537105486728251 0.000610136718023568 0.000807353237178177 0.000920635473448783 0.00120651675388217 0.00150846829637885 0.0131196742877364
0.00151613319758326 0.00621362868696451 0.0029431851580739 0.00223371479660273 0.00272946152836084 0.0033483097795397 0.00454144040122628 0.00760504882782698 0.00652452278882265 0.00656397454440594 0.00560110853984952 0.00486435368657112 0.00397271104156971 0.00356247136369348 0.00566636910662055 0.00625832239165902 0.00428331037983298 0.00450760778039694 0.00373705592937768 0.00169954565353692 0.00164206698536873 0.00249763368628919 0.00217495625838637 0.00214810227043927 0.00378626678138971 0.0031816610135138 0.00239572580903769 0.00145670096389949 0.00115762685891241 0.000911453389562666 0.000860239146277308 0.000768063066061586 0.000508450146298856 0.000498649722430855 0.000574666890315711 0.000655824027489871 0.000696291506756097 0.000650453963316977 0.000613418407738209 0.000583109038416296 0.000638847646769136 0.000783106486778706 0.000948547502048314 0.00090417149476707 0.00112633884418756
0.00566843943670392 0.00877240020781755 0.00514907902106643 0.00307282945141196 0.00348352827131748 0.00412661908194423 0.00587177556008101 0.00855183601379395 0.00696100853383541 0.00723669165745378 0.00657711271196604 0.0041442196816206 0.00500536244362593 0.0057825455442071 0.0064638564363122 0.0062503763474524 0.0036797970533371 0.00351024349220097 0.00212464109063148 0.00238119880668819 0.00371762202121317 0.0024151757825166 0.00378597597591579 0.00338746677152812 0.00458697741851211 0.00379653414711356 0.00278693484142423 0.00188331701792777 0.00122535740956664 0.00102260359562933 0.000623138039372861 0.000526370364241302 0.000582314445637167 0.000628322304692119 0.000596741214394569 0.000582429405767471 0.000679547199979424 0.000708246836438775 0.00059783982578665 0.000611365132499486 0.000626173161435872 0.000602405401878059 0.000632509356364608 0.000602053420152515 0.000650002679321915
0.01056535448879 0.00932366400957108 0.00677431281656027 0.00457147555425763 0.0041989809833467 0.00451118592172861 0.00685737561434507 0.00748477317392826 0.00781000731512904 0.00695830304175615 0.00534562487155199 0.00698125502094626 0.00749662285670638 0.0060066943988204 0.00592581322416663 0.00482647819444537 0.00366606214083731 0.00367154227569699 0.00443173246458173 0.00387656828388572 0.00278687733225524 0.00439311936497688 0.00492234248667955 0.00434454251080751 0.00510728731751442 0.00344613823108375 0.00279331137426198 0.00269844476133585 0.00150761660188437 0.00120857858564705 0.000702408084180206 0.000576134654693305 0.000606015790253878 0.000632813840638846 0.000705030339304358 0.000740600633434951 0.000613347976468503 0.000682603509631008 0.000739657145459205 0.000607183785177767 0.000565257389098406 0.000559569569304585 0.00053859077161178 0.000524949282407761 0.000702133926097304
0.010248851031065 0.00960699748247862 0.00697926199063659 0.00573028763756156 0.00508597120642662 0.00495593575760722 0.00777837494388223 0.00892654433846474 0.00845691747963428 0.0069458419457078 0.00838786829262972 0.00657273456454277 0.00734568946063519 0.00522276340052485 0.00485043507069349 0.00592309981584549 0.00753920571878552 0.0077385064214468 0.00455440394580364 0.00367619609460235 0.00415313336998224 0.00468622473999858 0.00469806650653481 0.00504090264439583 0.0056617702357471 0.00615523895248771 0.00379185331985354 0.00321768899448216 0.00357615202665329 0.00143444712739438 0.000943016610108316 0.00062824139604345 0.000772952276747674 0.00083722168346867 0.000888243434019387 0.000857209728565067 0.00073155527934432 0.000735814915969968 0.000774750602431595 0.00068785686744377 0.000515400664880872 0.000486471079057083 0.00374390953220427 0.00406392710283399 0.0028268804308027
0.00889953225851059 0.00960788782685995 0.00954716186970472 0.00722515536472201 0.00702458247542381 0.00623195013031363 0.00644329655915499 0.00829944293946028 0.007514881901443 0.00901416316628456 0.00834965333342552 0.00656584277749062 0.00516771897673607 0.00491672893986106 0.0063078454695642 0.00780402403324842 0.00797194801270962 0.00852298643440008 0.00527260452508926 0.00456422427669168 0.00599248800426722 0.00617631478235126 0.00523753324523568 0.00504610175266862 0.00459524616599083 0.00469653028994799 0.00447083031758666 0.00432349368929863 0.00430142926052213 0.00201798463240266 0.000881601707078516 0.000764865952078253 0.000795650004874915 0.000880900886841118 0.000939457735512406 0.000981080229394138 0.00090571230975911 0.00118101085536182 0.000759544025640935 0.000536238076165318 0.000448559381766245 0.000564843358006328 0.00689132791012526 0.00301487208344042 0.00054493173956871
0.00675404211506248 0.00963898003101349 0.0115050114691257 0.008258949033916 0.00700442725792527 0.00698847137391567 0.00678529590368271 0.00800839997828007 0.00790901202708483 0.0081065958365798 0.00768434489145875 0.00711896596476436 0.00722410995513201 0.00802839640527964 0.00857964251190424 0.00864854268729687 0.00885269232094288 0.00893193203955889 0.00528658740222454 0.00557621102780104 0.00545312184840441 0.00606001587584615 0.00623695598915219 0.00652194488793612 0.00540625909343362 0.00529343262314796 0.00468401424586773 0.00440464494749904 0.00440400745719671 0.00136454193852842 0.000897885067388415 0.000765192846301943 0.000882296590134501 0.00095156446332112 0.000971375615336001 0.000957996351644397 0.00106754759326577 0.00119795184582472 0.00069931719917804 0.000548439158592373 0.000425044650910422 0.000503631017636508 0.00717396521940827 0.00093166995793581 0.000661205966025591
0.00874358136206865 0.00619586184620857 0.00942447874695063 0.0131872110068798 0.00802665762603283 0.00778540037572384 0.00787433981895447 0.00754052074626088 0.00725726876407862 0.00659229280427098 0.00731468945741653 0.00897480733692646 0.00997346825897694 0.00847724266350269 0.00873477756977081 0.00887097511440516 0.0057869334705174 0.00509575987234712 0.00502412300556898 0.0033638090826571 0.00402665231376886 0.00322099775075912 0.00570818735286593 0.00598556734621525 0.00654514785856009 0.00534620229154825 0.00488227885216475 0.00400017574429512 0.00293108820915222 0.000838621635921299 0.000684663362335414 0.000799289264250547 0.000952854461502284 0.000947809545323253 0.00102223781868815 0.00103002518881112 0.00102788466028869 0.000825229857582599 0.000625962449703366 0.000481373339425772 0.000411110377172008 0.000420392287196591 0.00985288713127375 0.00112180586438626 0.000620051752775908
0.0114672100171447 0.00714260758832097 0.00775517849251628 0.0113351987674832 0.00754385907202959 0.0122623573988676 0.00905687175691128 0.00783384311944246 0.0087981540709734 0.00731321191415191 0.00829180330038071 0.0122873466461897 0.0139284608885646 0.013199551962316 0.0112434299662709 0.00942498259246349 0.0057472987100482 0.00309354229830205 0.0034146721009165 0.00328152091242373 0.00357738882303238 0.00331063149496913 0.00353946164250374 0.00370944966562092 0.00528536597266793 0.0042796041816473 0.00427395105361938 0.00426264060661197 0.00133672810625285 0.000644061889033765 0.000698364805430174 0.00086317874956876 0.000964000297244638 0.000983842997811735 0.00105130590964109 0.00105587369762361 0.000945912965107709 0.00069618079578504 0.000553685298655182 0.000469084858195856 0.00038507638964802 0.000348428206052631 0.00364362658001482 0.00193751871120185 0.000953702197875828
0.013422773219645 0.00928212609142065 0.00395840732380748 0.00743264053016901 0.00739733036607504 0.0127444844692945 0.0153682818636298 0.00954465381801128 0.00899839401245117 0.00877439975738525 0.010899112559855 0.0151742286980152 0.0127892196178436 0.00824148859828711 0.0105807362124324 0.0086574787274003 0.00477477489039302 0.00557079818099737 0.00359396450221539 0.00332164741121233 0.00343898171558976 0.00301845953799784 0.00328050530515611 0.0034454083070159 0.0033016256056726 0.0029196587856859 0.00239871465601027 0.00182006659451872 0.00124301644973457 0.000706175749655813 0.000746700505260378 0.000887699890881777 0.00105967512354255 0.00103515444789082 0.000980447046458721 0.00102113164030015 0.000796196341980249 0.000648852321319282 0.000550409604329616 0.000513367063831538 0.000428819650551304 0.000403744343202561 0.000741083989851177 0.000581557338591665 0.000956472475081682
0.0184074956923723 0.0138489678502083 0.00693361181765795 0.0052963113412261 0.00628523668274283 0.0103334914892912 0.0135915894061327 0.013203926384449 0.011690141633153 0.0166476182639599 0.0171966459602118 0.012409957125783 0.0103933764621615 0.00931466277688742 0.00809767562896013 0.00461193872615695 0.00504513643682003 0.00418923795223236 0.0039716549217701 0.00334853515960276 0.00294082309119403 0.00297028850764036 0.00298554985783994 0.00278435414656997 0.00270542106591165 0.00244189659133554 0.00210005743429065 0.00112889311276376 0.000980192213319242 0.000828580697998405 0.00114281172864139 0.00141126732341945 0.00121149234473705 0.00115054030902684 0.000992749235592782 0.000851891469210386 0.000793682644143701 0.000644086743704975 0.000555012782569975 0.000485906261019409 0.000518823449965566 0.00050664838636294 0.000648584857117385 0.000957477779593319 0.00120809429790825
