data/climate_estimation/maxent_output/Alstroemeria_viridiflora.asc
NCOLS 150 
NROWS 113 
XLLCORNER -56 
YLLCORNER -22.6666666666667 
CELLSIZE 0.0833333333333333 
NODATA_value -3.4e+38 
[rows 60 to 79 of 113, columns 0 to 43 of 150]
0.281352996826172 0.282876044511795 0.288144409656525 0.288392096757889 0.291304528713226 0.299964010715485 0.323060125112534 0.327995836734772 0.331350922584534 0.32885804772377 0.332247078418732 0.339155435562134 0.339513003826141 0.364407271146774 0.386474460363388 0.36530077457428 0.377988189458847 0.379692941904068 0.38481080532074 0.421455711126328 0.439930856227875 0.441058307886124 0.453784942626953 0.466609120368958 0.473169267177582 0.489005297422409 0.490324079990387 0.5052410364151 0.531827628612518 0.515622794628143 0.541504442691803 0.58215594291687 0.582806468009949 0.592742145061493 0.601527571678162 0.603030681610107 0.613442778587341 0.606334507465363 0.60833066701889 0.609981834888458 0.618773519992828 0.601328194141388 0.597785532474518 0.579719066619873
0.269310295581818 0.272670388221741 0.277226388454437 0.289893060922623 0.292379319667816 0.295639306306839 0.303397804498672 0.307882308959961 0.317468374967575 0.316813051700592 0.323968142271042 0.32812175154686 0.32916721701622 0.349266111850739 0.348933488130569 0.363689333200455 0.35325026512146 0.366681784391403 0.390259474515915 0.40393653512001 0.412921339273453 0.429050743579865 0.443721026182175 0.452008992433548 0.443037211894989 0.467176795005798 0.470712780952454 0.476599782705307 0.489142179489136 0.520813465118408 0.527442514896393 0.576752662658691 0.572302520275116 0.576040148735046 0.577427566051483 0.597302496433258 0.586602866649628 0.586067199707031 0.60990184545517 0.592051923274994 0.614520728588104 0.593908488750458 0.602555513381958 0.585602283477783
0.271577000617981 0.271401613950729 0.276002198457718 0.280267208814621 0.284195721149445 0.287024796009064 0.291853308677673 0.295797735452652 0.302532941102982 0.30086824297905 0.309708774089813 0.328994691371918 0.331847280263901 0.337323248386383 0.330393135547638 0.33826220035553 0.341184884309769 0.367304056882858 0.377784013748169 0.397966057062149 0.40712970495224 0.421768188476562 0.421768188476562 0.438908994197845 0.44399356842041 0.449434399604797 0.447866290807724 0.476730018854141 0.480965852737427 0.498405516147614 0.506081700325012 0.525909304618835 0.541136801242828 0.555187940597534 0.548824787139893 0.554723381996155 0.582531750202179 0.590129256248474 0.594228088855743 0.5975142121315 0.605380237102509 0.59999805688858 0.599466383457184 0.581117987632751
0.259391337633133 0.262205868959427 0.263331532478333 0.2637819647789 0.26572123169899 0.271623104810715 0.276466578245163 0.281091153621674 0.297824501991272 0.297538101673126 0.307471483945847 0.312428921461105 0.328444182872772 0.342560797929764 0.333039730787277 0.320596247911453 0.342717081308365 0.35452464222908 0.359495013952255 0.373171776533127 0.380037218332291 0.398166835308075 0.421768188476562 0.422577619552612 0.423169285058975 0.435310781002045 0.445396780967712 0.455168634653091 0.466953814029694 0.470649212598801 0.489860415458679 0.49649366736412 0.520705938339233 0.530017971992493 0.551912724971771 0.540781497955322 0.569162547588348 0.565541744232178 0.564983308315277 0.569368362426758 0.575807631015778 0.581188559532166 0.579048752784729 0.571560204029083
0.246044859290123 0.248931244015694 0.251894861459732 0.254874169826508 0.264386355876923 0.267891198396683 0.271797090768814 0.277731835842133 0.280977934598923 0.286665588617325 0.289103180170059 0.298931628465652 0.327396482229233 0.341932564973831 0.333400547504425 0.316007643938065 0.33609077334404 0.342586636543274 0.347250133752823 0.370919942855835 0.371691554784775 0.381845742464066 0.407066643238068 0.410112738609314 0.422669410705566 0.427758127450943 0.446537405252457 0.443245977163315 0.446432054042816 0.4683598279953 0.489472985267639 0.498103976249695 0.503363907337189 0.51090282201767 0.538312911987305 0.547431528568268 0.542671501636505 0.554031848907471 0.560489654541016 0.573791921138763 0.572880268096924 0.572405517101288 0.563401460647583 0.564864456653595
0.248931244015694 0.251044481992722 0.251852989196777 0.252835810184479 0.250052094459534 0.254038780927658 0.259380757808685 0.259791374206543 0.267159402370453 0.271680116653442 0.272404104471207 0.285364598035812 0.320689648389816 0.34778904914856 0.32488226890564 0.325421839952469 0.33560112118721 0.329113572835922 0.351485431194305 0.354127794504166 0.364194005727768 0.387095540761948 0.403552353382111 0.39505535364151 0.407123386859894 0.428720116615295 0.436388999223709 0.442987263202667 0.44263368844986 0.476593524217606 0.489472657442093 0.475255578756332 0.488422006368637 0.513519883155823 0.524708032608032 0.521253049373627 0.529428541660309 0.552435874938965 0.549540996551514 0.554449617862701 0.550244808197021 0.548085331916809 0.536438941955566 0.530959904193878
0.234089091420174 0.237321272492409 0.237325385212898 0.243985876441002 0.241869866847992 0.24074786901474 0.245495274662971 0.248468816280365 0.267813146114349 0.270755112171173 0.272709906101227 0.288729906082153 0.322205483913422 0.331530869007111 0.320794582366943 0.325024634599686 0.334606558084488 0.335363209247589 0.358314692974091 0.348437458276749 0.367144107818604 0.385600060224533 0.387708365917206 0.396376967430115 0.422521710395813 0.435048907995224 0.436953365802765 0.447279572486877 0.445662945508957 0.473549395799637 0.473276048898697 0.485340267419815 0.48925444483757 0.494715809822083 0.498390704393387 0.490046828985214 0.510833561420441 0.524123549461365 0.518687427043915 0.52399480342865 0.535853445529938 0.553416430950165 0.538393080234528 0.519540250301361
0.226372703909874 0.223413288593292 0.225280120968819 0.226705700159073 0.244355365633965 0.239867866039276 0.246753469109535 0.245836585760117 0.248816579580307 0.259661704301834 0.261025458574295 0.282655000686646 0.3251973092556 0.320803046226501 0.304924935102463 0.335066109895706 0.321575313806534 0.340538203716278 0.341726630926132 0.358250588178635 0.364536195993423 0.371889919042587 0.391518801450729 0.402195423841476 0.403733372688293 0.412195205688477 0.422885626554489 0.434262275695801 0.437332779169083 0.470771253108978 0.45921802520752 0.46534138917923 0.453868746757507 0.471049100160599 0.484016686677933 0.492591172456741 0.490667343139648 0.512567639350891 0.501718938350677 0.505156219005585 0.515803635120392 0.52796882390976 0.518672525882721 0.495365530252457
0.226141393184662 0.226481601595879 0.228542864322662 0.232035532593727 0.236163228750229 0.235304862260818 0.227614253759384 0.236277937889099 0.241823300719261 0.24460680782795 0.248013824224472 0.294618904590607 0.309661716222763 0.321691989898682 0.312353670597076 0.32365471124649 0.335961699485779 0.35296043753624 0.34690847992897 0.333208858966827 0.337371081113815 0.367202520370483 0.362350791692734 0.377512395381927 0.389015704393387 0.408639639616013 0.422575116157532 0.434529632329941 0.423932880163193 0.439063042402267 0.451626747846603 0.452980905771255 0.453509628772736 0.456382274627686 0.468251496553421 0.459322959184647 0.468145579099655 0.471489638090134 0.496554136276245 0.477235287427902 0.468761503696442 0.470103919506073 0.4644895195961 0.482747316360474
0.212235331535339 0.216113105416298 0.216154366731644 0.221548482775688 0.218864098191261 0.221765115857124 0.227049201726913 0.224304109811783 0.243685826659203 0.24735914170742 0.253586053848267 0.302002459764481 0.305217921733856 0.304843634366989 0.314147919416428 0.326405584812164 0.349992692470551 0.338184505701065 0.329153925180435 0.336402982473373 0.337816804647446 0.3392154276371 0.362376868724823 0.372338265180588 0.375449001789093 0.387356519699097 0.400465130805969 0.420295029878616 0.416420638561249 0.418593198060989 0.428075432777405 0.439899176359177 0.443072825670242 0.446440458297729 0.439581960439682 0.445600867271423 0.456581175327301 0.468302488327026 0.471283346414566 0.467549502849579 0.466015934944153 0.448181569576263 0.446013897657394 0.440938174724579
0.20286862552166 0.206977605819702 0.208094015717506 0.208842068910599 0.218652129173279 0.22407378256321 0.225551575422287 0.228306427598 0.227796405553818 0.236438974738121 0.244402810931206 0.272104948759079 0.293168485164642 0.314265072345734 0.311940461397171 0.330691456794739 0.346937447786331 0.325283020734787 0.330814599990845 0.33564680814743 0.332352042198181 0.34173858165741 0.35601818561554 0.357203841209412 0.362937837839127 0.381407082080841 0.390836179256439 0.39690825343132 0.413246542215347 0.422442197799683 0.431382715702057 0.434767156839371 0.436995625495911 0.433981746435165 0.435229450464249 0.439039677381516 0.437553316354752 0.438126504421234 0.458939492702484 0.438387513160706 0.439282715320587 0.435823678970337 0.431928604841232 0.441770136356354
0.205489799380302 0.203635513782501 0.205681785941124 0.210281267762184 0.212763786315918 0.214414045214653 0.21754090487957 0.22014856338501 0.225322678685188 0.2286486774683 0.249185085296631 0.280669331550598 0.272289425134659 0.291006654500961 0.324387341737747 0.33758220076561 0.343553394079208 0.340905129909515 0.342559665441513 0.329655647277832 0.320372521877289 0.332490593194962 0.338697880506516 0.360909938812256 0.373232871294022 0.378067165613174 0.403494447469711 0.39098384976387 0.388463258743286 0.396907538175583 0.404661446809769 0.417845696210861 0.426147878170013 0.435863643884659 0.434897005558014 0.444682598114014 0.417710393667221 0.41927108168602 0.42202165722847 0.432515949010849 0.427655339241028 0.432837516069412 0.413612633943558 0.412565767765045
0.205657124519348 0.206642895936966 0.199594169855118 0.199882581830025 0.201482236385345 0.204745069146156 0.20779737830162 0.222952902317047 0.227176934480667 0.232287093997002 0.249571204185486 0.258183717727661 0.257300287485123 0.272918969392776 0.305387556552887 0.319861531257629 0.323879390954971 0.346482902765274 0.344096779823303 0.324541449546814 0.324918419122696 0.324131429195404 0.340767949819565 0.34618729352951 0.362704545259476 0.385492205619812 0.379822462797165 0.382295578718185 0.384934812784195 0.402606576681137 0.414502114057541 0.40916320681572 0.417138248682022 0.422863662242889 0.432829082012177 0.414957314729691 0.42623907327652 0.418369293212891 0.416855573654175 0.408283233642578 0.417124629020691 0.421247124671936 0.40091809630394 0.405123472213745
0.215960383415222 0.21016189455986 0.210976079106331 0.198847278952599 0.20475298166275 0.209101870656013 0.207380294799805 0.209599569439888 0.214635103940964 0.234837129712105 0.247048601508141 0.236128598451614 0.249745666980743 0.255807727575302 0.303677588701248 0.308520585298538 0.318284600973129 0.320938408374786 0.326404839754105 0.329272896051407 0.31547886133194 0.327214807271957 0.327484726905823 0.330026507377625 0.349529355764389 0.36948224902153 0.384510517120361 0.388917714357376 0.375185042619705 0.39407879114151 0.406213819980621 0.407716184854507 0.40361350774765 0.41094297170639 0.413300395011902 0.407278954982758 0.425489485263824 0.418214052915573 0.40269461274147 0.395512580871582 0.396841615438461 0.386312872171402 0.3960020840168 0.379899978637695
0.22121761739254 0.207421943545341 0.211147725582123 0.214103281497955 0.204960629343987 0.210024148225784 0.196823462843895 0.206719964742661 0.207817420363426 0.249855607748032 0.249849632382393 0.244430422782898 0.242452368140221 0.254386872053146 0.286498606204987 0.291492938995361 0.310316979885101 0.314343065023422 0.330970734357834 0.324805200099945 0.324629545211792 0.315434038639069 0.33390536904335 0.343226850032806 0.350451201200485 0.378260016441345 0.382143348455429 0.374023526906967 0.380693584680557 0.368848383426666 0.37749844789505 0.390466064214706 0.40110194683075 0.39149072766304 0.402712881565094 0.399272471666336 0.397135823965073 0.397438317537308 0.388745993375778 0.396225541830063 0.384394943714142 0.382052004337311 0.372946947813034 0.379147887229919
0.219757705926895 0.216718584299088 0.212146535515785 0.216347455978394 0.205151945352554 0.205095827579498 0.215254083275795 0.204625457525253 0.215921893715858 0.256663054227829 0.233689442276955 0.239544287323952 0.246626958250999 0.251139581203461 0.27648138999939 0.273915261030197 0.297573059797287 0.324419945478439 0.325875818729401 0.320971965789795 0.318304061889648 0.319519907236099 0.329773336648941 0.329430311918259 0.346864342689514 0.360643267631531 0.365142941474915 0.377951294183731 0.366702675819397 0.375866860151291 0.375590801239014 0.389922678470612 0.384909629821777 0.376206696033478 0.383901506662369 0.388317048549652 0.399122595787048 0.387067645788193 0.37933337688446 0.373486191034317 0.373073756694794 0.367590665817261 0.367459416389465 0.369558870792389
0.221914604306221 0.223083317279816 0.222582757472992 0.215529799461365 0.218364357948303 0.20984111726284 0.214901283383369 0.220556855201721 0.235798507928848 0.244362041354179 0.237267404794693 0.23415869474411 0.251562654972076 0.255795031785965 0.26977863907814 0.269896477460861 0.292251795530319 0.289333313703537 0.306264102458954 0.321230441331863 0.331185519695282 0.326759248971939 0.337083399295807 0.330437928438187 0.342469424009323 0.348974883556366 0.359348297119141 0.35865706205368 0.375533193349838 0.361860394477844 0.369040787220001 0.383825868368149 0.384012430906296 0.367669135332108 0.373003751039505 0.367057502269745 0.382970631122589 0.380207121372223 0.373161852359772 0.368726640939713 0.361058175563812 0.36245185136795 0.362023413181305 0.357742846012115
0.228648632764816 0.220993667840958 0.225923880934715 0.218512177467346 0.220255255699158 0.222322091460228 0.215351641178131 0.232544034719467 0.25078147649765 0.247808799147606 0.239910468459129 0.236336424946785 0.246902763843536 0.254387617111206 0.257899522781372 0.250629067420959 0.268064826726913 0.271757215261459 0.295563012361526 0.321539700031281 0.32244673371315 0.318641483783722 0.328477710485458 0.328953891992569 0.33951273560524 0.353111743927002 0.358963072299957 0.346684545278549 0.361344635486603 0.362053781747818 0.364735901355743 0.357145309448242 0.378826081752777 0.370454281568527 0.356926798820496 0.365924149751663 0.3705173432827 0.371802181005478 0.367683082818985 0.370808452367783 0.364093899726868 0.352099001407623 0.347756683826447 0.360108911991119
0.232803612947464 0.222463384270668 0.224807307124138 0.230327486991882 0.223825007677078 0.226613476872444 0.230581820011139 0.252958983182907 0.249403163790703 0.243633612990379 0.260975062847137 0.24539403617382 0.250712245702744 0.249491468071938 0.246040895581245 0.250129610300064 0.254486739635468 0.274646371603012 0.275346696376801 0.296817690134048 0.306639850139618 0.317698150873184 0.327342689037323 0.319208949804306 0.333550453186035 0.342103481292725 0.342570930719376 0.342605918645859 0.339924186468124 0.352013915777206 0.346517294645309 0.366629242897034 0.35819074511528 0.363293886184692 0.350975126028061 0.359045416116714 0.362896502017975 0.359788626432419 0.354483991861343 0.355300515890121 0.347351551055908 0.348734021186829 0.347448229789734 0.36061817407608
0.230939865112305 0.236289694905281 0.231791943311691 0.235003396868706 0.2356146723032 0.227400064468384 0.240711897611618 0.266045749187469 0.250054866075516 0.262185335159302 0.254631340503693 0.260850131511688 0.261111080646515 0.256616085767746 0.244345545768738 0.249508336186409 0.254084855318069 0.261362344026566 0.274549245834351 0.294887632131577 0.310710489749908 0.313062578439713 0.312808662652969 0.325191348791122 0.328953713178635 0.335587561130524 0.348238080739975 0.341045618057251 0.349861562252045 0.336859166622162 0.34691521525383 0.354427099227905 0.354834139347076 0.353912979364395 0.358094185590744 0.358633100986481 0.356744319200516 0.354789674282074 0.354466050863266 0.354069799184799 0.351254343986511 0.350480496883392 0.339919120073318 0.354011744260788
