data/climate_estimation/maxent_output/Alstroemeria_magnifica.asc
NCOLS 32 
NROWS 195 
XLLCORNER -71.75 
YLLCORNER -34 
CELLSIZE 0.0833333333333335 
NODATA_value -3.4e+38 
[rows 145 to 173 of 195, columns 0 to 31 of 32]
-3.4e+38 -3.4e+38 -3.4e+38 -3.4e+38 -3.4e+38 0.678977131843567 0.969290316104889 0.96938955783844 0.935886144638062 0.89981210231781 0.886076271533966 0.954037487506866 0.898964285850525 0.488012939691544 0.850736141204834 0.593733847141266 0.207499653100967 0.0949211791157722 0.00953319668769836 0.00667577004060149 0.00807403866201639 0.00327519397251308 0.00241043046116829 0.00236165407113731 0.00187438784632832 0.00155693618580699 0.000981510733254254 0.000652210554108024 0.000591749441809952 0.000788002333138138 0.000725623802281916 0.000857052335049957
-3.4e+38 -3.4e+38 -3.4e+38 0.943080544471741 0.913122594356537 0.846437573432922 0.940809905529022 0.850556910037994 0.944885194301605 0.901133716106415 0.878678739070892 0.881348192691803 0.937324702739716 0.861916899681091 0.845591485500336 0.12943409383297 0.039568193256855 0.118551537394524 0.0364020243287086 0.0239824317395687 0.0100118825212121 0.00373425986617804 0.00210984447039664 0.00234634079970419 0.00184306502342224 0.0014789781998843 0.000957711657974869 0.000478621193906292 0.000461513875052333 0.000904559332411736 0.000772433006204665 0.000699714059010148
-339999999999999996123846586046231871488.000000000000000 -3.4e+38 -3.4e+38 0.93241935968399 0.974483072757721 0.989607512950897 0.976329863071442 0.958275139331818 0.919204831123352 0.874963760375977 0.924732089042664 0.787594616413116 0.766037464141846 0.842760801315308 0.852836549282074 0.503734409809113 0.0492321327328682 0.0217729639261961 0.0320562422275543 0.010401020757854 0.00757644837722182 0.00390292005613446 0.00288500403985381 0.00249420013278723 0.00202389783225954 0.00161865504924208 0.000716604816261679 0.000515346822794527 0.000461161194834858 0.000547112489584833 0.000650431495159864 0.00046914184349589
-3.4e+38 -3.4e+38 -3.4e+38 -3.4e+38 0.990082979202271 0.978552937507629 0.979323983192444 0.962755382061005 0.934661448001862 0.908470988273621 0.890960037708282 0.931052982807159 0.927865922451019 0.778628289699554 0.457659810781479 0.691688776016235 0.105939030647278 0.0139190470799804 0.0123165845870972 0.00912494584918022 0.00543642276898026 0.0035681608133018 0.00260065356269479 0.00252121011726558 0.00209083594381809 0.0015303420368582 0.000612055126111954 0.000390063476515934 0.000416880298871547 0.000562055211048573 0.000639454054180533 0.000302724976791069
-3.4e+38 0.983721852302551 0.986956298351288 0.989282727241516 0.987414419651031 0.984161257743835 0.975010633468628 0.940539300441742 0.949459135532379 0.933640778064728 0.925755143165588 0.943776547908783 0.929084360599518 0.434296250343323 0.210657358169556 0.422191500663757 0.0839796513319016 0.0462208203971386 0.00765797402709723 0.00730922166258097 0.00562367402017117 0.00477233761921525 0.00269060232676566 0.00265471125021577 0.00226013618521392 0.00145703135058284 0.000535911996848881 0.000262497691437602 0.000384060433134437 0.000359644967829809 0.000195218570297584 0.000258484971709549
0.983217835426331 0.994577944278717 0.986389219760895 0.982923269271851 0.988739192485809 0.978976905345917 0.967951834201813 0.964919447898865 0.933799624443054 0.904277145862579 0.911332726478577 0.947857618331909 0.928107559680939 0.912141025066376 0.107151009142399 0.0874780863523483 0.0337973833084106 0.0436559803783894 0.00785045232623816 0.00655455607920885 0.00570037681609392 0.00473114661872387 0.00201428518630564 0.00266144331544638 0.00201834691688418 0.00162848155014217 0.000562430534046143 0.000244299997575581 0.000289895106106997 0.000383041653549299 0.000208828467293642 0.000178098372998647
0.980612576007843 0.992120802402496 0.987777411937714 0.982821404933929 0.979415774345398 0.978194355964661 0.982641518115997 0.966036915779114 0.933682143688202 0.902717530727386 0.920120537281036 0.888326823711395 0.929953336715698 0.589401721954346 0.103121191263199 0.0596669651567936 0.0353033542633057 0.0304063353687525 0.0169954411685467 0.00614853901788592 0.00596967712044716 0.00412797043099999 0.00317393243312836 0.00155890232417732 0.00196568947285414 0.00144245696719736 0.000412781402701512 0.000274469319265336 0.000194190433830954 0.000239305227296427 0.000414328591432422 0.000230581368668936
0.987358570098877 0.994060337543488 0.987096190452576 0.987448215484619 0.991190433502197 0.986623227596283 0.976823151111603 0.952191710472107 0.933646023273468 0.92603075504303 0.935694396495819 0.918587684631348 0.921753585338593 0.478967577219009 0.242664679884911 0.0628795772790909 0.0356809683144093 0.0153535446152091 0.0153517965227365 0.00705990148708224 0.00672058248892426 0.0043147481046617 0.00402056099846959 0.00174131488893181 0.0019673069473356 0.00213316758163273 0.00100170646328479 0.000204624986508861 0.000176240253495052 0.000156473979586735 0.000130092186736874 0.000185336044523865
0.990566849708557 0.995845556259155 0.991908431053162 0.985826313495636 0.988238990306854 0.979859292507172 0.955405056476593 0.934052467346191 0.926998376846313 0.920307755470276 0.928489744663239 0.896908819675446 0.711996376514435 0.339416205883026 0.0754956528544426 0.0711449161171913 0.0524414591491222 0.0174739304929972 0.0132705420255661 0.0134969875216484 0.00545799871906638 0.00478638336062431 0.00334595912136137 0.00307646486908197 0.00199504033662379 0.00181672733742744 0.000925187370739877 0.000209364588954486 0.000182115079951473 0.000184147153049707 0.000105551313026808 0.000154768960783258
0.98824942111969 0.99334579706192 0.987921297550201 0.980786025524139 0.976576745510101 0.956805348396301 0.952179133892059 0.950575649738312 0.929503917694092 0.916357576847076 0.899777472019196 0.832416355609894 0.34200331568718 0.214592754840851 0.109169110655785 0.0746257454156876 0.0294419582933187 0.0242389608174562 0.0160036161541939 0.0190258901566267 0.00961445644497871 0.0045954748056829 0.00432797195389867 0.00331667182035744 0.00306840753182769 0.00187864969484508 0.000863821303937584 0.000244047114392743 0.000152093169162981 0.000152434062329121 0.000207586461328901 0.000171778578078374
0.988974332809448 0.982761263847351 0.986127018928528 0.978333711624146 0.977916717529297 0.9640132188797 0.966719150543213 0.946255922317505 0.926726281642914 0.90348207950592 0.864921569824219 0.87170284986496 0.783148169517517 0.565526068210602 0.257238268852234 0.071651503443718 0.0461782179772854 0.0233414173126221 0.017605472356081 0.0163007229566574 0.0118522886186838 0.00624688249081373 0.00402077240869403 0.00249102781526744 0.00209910864941776 0.00136466126423329 0.000433394976425916 0.000174453874933533 0.000152978042024188 0.000178974063601345 9.51949477894232e-05 0.000127925362903625
0.978987157344818 0.985387682914734 0.985883951187134 0.974474549293518 0.95412814617157 0.955864012241364 0.960520923137665 0.952534794807434 0.931212484836578 0.897684872150421 0.870578467845917 0.858462989330292 0.84322601556778 0.702386021614075 0.227708026766777 0.0736035257577896 0.0515396110713482 0.0250683426856995 0.0225835964083672 0.0152669185772538 0.0113639365881681 0.00541161093860865 0.00386863714084029 0.00259899580851197 0.00104838248807937 0.000807906384579837 0.000241729212575592 0.000164575700182468 0.000118859810754657 0.00017283383931499 0.000169338018167764 0.000242486654315144
0.964587390422821 0.985760927200317 0.981098711490631 0.981940269470215 0.980450093746185 0.966639816761017 0.960481405258179 0.955841243267059 0.924510538578033 0.904647886753082 0.841809570789337 0.799334764480591 0.806983888149261 0.47169491648674 0.191343322396278 0.0715837031602859 0.0408193580806255 0.0264688357710838 0.0255821365863085 0.0156584158539772 0.011762379668653 0.00805393513292074 0.00550299603492022 0.00157170521561056 0.00112070352770388 0.000395254523027688 0.000134897665702738 0.000118147931061685 0.000102662786957808 0.000146628663060255 0.000167817051988095 0.000263300200458616
0.957761466503143 0.964236617088318 0.968987584114075 0.970605134963989 0.968791961669922 0.9710533618927 0.960159480571747 0.944067418575287 0.922373235225677 0.913447737693787 0.857549428939819 0.818095862865448 0.616284132003784 0.333321064710617 0.256640404462814 0.134441137313843 0.0632548704743385 0.0368846170604229 0.0242122169584036 0.0181529317051172 0.0126842046156526 0.00854896288365126 0.00788014940917492 0.00394663354381919 0.00163027737289667 0.000430352112744004 8.47666888148524e-05 7.75370644987561e-05 8.15313833300024e-05 0.000132356231915765 0.000176177389221266 0.000209968886338174
0.947656035423279 0.971372902393341 0.982027649879456 0.962609708309174 0.958192944526672 0.959040939807892 0.952952921390533 0.926949381828308 0.902715444564819 0.892027795314789 0.865971922874451 0.57712310552597 0.619873821735382 0.440638601779938 0.197559759020805 0.0895303189754486 0.0765616893768311 0.0286533124744892 0.0298912040889263 0.0202883202582598 0.0133544523268938 0.0101057775318623 0.0093576330691576 0.00782792642712593 0.00173686759080738 0.00016481350758113 6.96964852977544e-05 6.06934700044803e-05 7.20203461241908e-05 0.000107911655504722 0.000175847628270276 0.000185640848940238
0.918110489845276 0.956225991249084 0.980953514575958 0.977169454097748 0.967739641666412 0.962751865386963 0.956690847873688 0.939598679542542 0.905252933502197 0.88146448135376 0.820509135723114 0.849901437759399 0.556910991668701 0.239792793989182 0.152414008975029 0.092703677713871 0.0563754327595234 0.0360941812396049 0.0260680131614208 0.0187500789761543 0.0146288583055139 0.0115181170403957 0.00930593255907297 0.00828805286437273 0.00135796226095408 0.000368274981155992 5.77151076868176e-05 4.52461026725359e-05 7.17028378858231e-05 9.47903099586256e-05 0.000137961018481292 0.000151680418639444
0.920448303222656 0.932669579982758 0.972236514091492 0.975477457046509 0.963433682918549 0.964468240737915 0.943505227565765 0.925540387630463 0.90755158662796 0.901622414588928 0.634565114974976 0.260146349668503 0.413361519575119 0.149432420730591 0.108857937157154 0.104951925575733 0.0913592278957367 0.0359078980982304 0.0282321013510227 0.0248659886419773 0.0141801731660962 0.0129521600902081 0.00883397925645113 0.00841026287525892 0.00214890134520829 0.00044215057278052 5.51605808141176e-05 2.5487397579127e-05 4.5812765165465e-05 4.8173049435718e-05 7.0207825046964e-05 3.53336727130227e-05
-3.4e+38 0.849907279014587 0.964602708816528 0.967361271381378 0.967186868190765 0.95070469379425 0.91456550359726 0.885373890399933 0.912626981735229 0.808261096477509 0.557080090045929 0.280794948339462 0.187145903706551 0.152948573231697 0.123257271945477 0.0748187154531479 0.0771906673908234 0.04584601521492 0.024245198816061 0.0175671353936195 0.0189774557948112 0.0168681293725967 0.0113413399085402 0.00780870858579874 0.00270646251738071 0.00028029183158651 5.37232590431813e-05 2.0294513888075e-05 3.65722589776851e-05 5.79491425014567e-05 7.2526112489868e-05 2.42423848249018e-05
-3.4e+38 0.826460540294647 0.890626311302185 0.919492423534393 0.943352401256561 0.926187515258789 0.917488217353821 0.863308429718018 0.891817450523376 0.729449093341827 0.413595020771027 0.23010042309761 0.164203733205795 0.256551265716553 0.0778224840760231 0.0745484828948975 0.0722507163882256 0.0455116704106331 0.0305190719664097 0.0225218962877989 0.0158882439136505 0.0108118783682585 0.01116275601089 0.00486541399732232 0.000726208207197487 0.000245131639530882 4.39929790445603e-05 2.47614825639175e-05 3.64282132068183e-05 9.10435119294561e-05 0.000272208941169083 3.95407005271409e-05
-3.4e+38 0.774881780147552 0.874379456043243 0.779662430286407 0.936847269535065 0.942716956138611 0.870434939861298 0.844629108905792 0.798395395278931 0.801144778728485 0.423731714487076 0.451879173517227 0.280137270689011 0.148699745535851 0.105159446597099 0.0753466784954071 0.0567337200045586 0.0455691702663898 0.0305266715586185 0.0311431251466274 0.0131015405058861 0.0109445312991738 0.0142940962687135 0.00467151496559381 0.00159282295498997 0.000261765002505854 5.60515618417412e-05 2.60108081420185e-05 3.66234526154585e-05 0.000146431324537843 0.00025784270837903 4.80934177176096e-05
-3.4e+38 0.651274621486664 0.753302693367004 0.719578087329865 0.805434584617615 0.839052796363831 0.862785696983337 0.847926497459412 0.82012939453125 0.671330392360687 0.591761648654938 0.532979905605316 0.158058851957321 0.165224477648735 0.117173545062542 0.102817326784134 0.0757322907447815 0.0583717226982117 0.0483029969036579 0.033914752304554 0.0221138559281826 0.0161627605557442 0.0147717194631696 0.00799406226724386 0.00217216811142862 0.000284859037492424 4.26384540332947e-05 2.54632377618691e-05 4.2673185816966e-05 9.95190275716595e-05 0.000385269027901813 2.68937801592983e-05
-3.4e+38 0.762891709804535 0.667303621768951 0.745402455329895 0.784810721874237 0.789615035057068 0.831541478633881 0.694946765899658 0.716721594333649 0.629337310791016 0.525171875953674 0.414051324129105 0.264131754636765 0.164222538471222 0.099679172039032 0.0719217285513878 0.0616893470287323 0.0573845095932484 0.0415723696351051 0.0318662635982037 0.0267116315662861 0.0216041170060635 0.0131087973713875 0.0143373617902398 0.00264289393089712 0.000285507208900526 4.14387468481436e-05 2.91742453555344e-05 5.1400773372734e-05 8.01336718723178e-05 0.000257303443504497 0.000181910465471447
-3.4e+38 -3.4e+38 0.727581262588501 0.838873147964478 0.822404742240906 0.809110224246979 0.754472434520721 0.780861020088196 0.718739092350006 0.721925854682922 0.557037234306335 0.429060846567154 0.316711634397507 0.160719096660614 0.124045521020889 0.0998180359601974 0.0753223896026611 0.0711036697030067 0.0454812310636044 0.0432278551161289 0.0198088325560093 0.0219581872224808 0.017238961532712 0.0127924252301455 0.00275555113330483 0.00025965049280785 3.64811858162284e-05 4.03213271056302e-05 5.88482180319261e-05 7.66748853493482e-05 0.000328009307850152 0.000488322577439249
-3.4e+38 -3.4e+38 0.718063056468964 0.710466742515564 0.852144777774811 0.843675851821899 0.825498640537262 0.693674206733704 0.542198002338409 0.634216904640198 0.422978967428207 0.477265357971191 0.293114542961121 0.252875953912735 0.207851961255074 0.0902390778064728 0.0713643357157707 0.0835447162389755 0.0497308820486069 0.0415487252175808 0.0243374723941088 0.023887861520052 0.0161891207098961 0.00942251831293106 0.0014200727455318 8.2283397205174e-05 4.47152015112806e-05 4.11834116675891e-05 4.59111397503875e-05 6.57163182040676e-05 0.000163826043717563 0.000325782806612551
-3.4e+38 -3.4e+38 0.683627009391785 0.668503046035767 0.693127274513245 0.81317400932312 0.800585150718689 0.682261884212494 0.72038072347641 0.471729397773743 0.368954002857208 0.343817412853241 0.26021409034729 0.177405849099159 0.221019849181175 0.124464586377144 0.0788399130105972 0.0521841943264008 0.0470424517989159 0.049785103648901 0.0347532592713833 0.0167874339967966 0.0102134142071009 0.00264651863835752 0.000889176328200847 0.000576368125621229 6.53867828077637e-05 4.36977934441529e-05 5.16111467732117e-05 6.08928894507699e-05 0.0002439816162223 0.000619666592683643
-3.4e+38 -3.4e+38 0.72575968503952 0.811755478382111 0.879280626773834 0.870664536952972 0.850951373577118 0.698292672634125 0.600646555423737 0.577796638011932 0.448294669389725 0.374840497970581 0.262750804424286 0.212478145956993 0.230965912342072 0.121659934520721 0.0995034426450729 0.0715556815266609 0.0436242260038853 0.0123583804816008 0.0266743078827858 0.0325625352561474 0.0124934148043394 0.0022828159853816 0.000978883588686585 0.00239724153652787 0.00074591301381588 5.47325689694844e-05 2.56511757470435e-05 6.47249471512623e-05 0.00138790474738926 0.000580071937292814
-3.4e+38 -3.4e+38 0.751356840133667 0.809466183185577 0.878156244754791 0.815906584262848 0.758889853954315 0.723296940326691 0.670581519603729 0.592817366123199 0.512112736701965 0.410398334264755 0.431943893432617 0.302132040262222 0.162494897842407 0.145323470234871 0.110573425889015 0.0880979672074318 0.0920708924531937 0.0196658708155155 0.0267759896814823 0.0243311319500208 0.01945217885077 0.00314942002296448 0.00371049088425934 0.00956707168370485 0.00620903121307492 0.000712270615622401 6.31469811196439e-05 5.7068627938861e-05 0.00043334873043932 0.000259382766671479
-3.4e+38 -3.4e+38 0.85830557346344 0.805615484714508 0.681398630142212 0.771041452884674 0.79194974899292 0.806180000305176 0.732510805130005 0.490025877952576 0.432775139808655 0.263954430818558 0.477239161729813 0.456106096506119 0.239789396524429 0.283918470144272 0.119194343686104 0.108928427100182 0.0859581977128983 0.0472335517406464 0.0241670347750187 0.0265521984547377 0.0258962064981461 0.00621369015425444 0.00834405981004238 0.0148990619927645 0.0120889889076352 0.00204636086709797 7.57657617214136e-05 3.27449233736843e-05 2.19800149352523e-05 8.99773513083346e-05
-3.4e+38 -3.4e+38 0.878598272800446 0.826718807220459 0.849225580692291 0.821754276752472 0.836382031440735 0.748572647571564 0.554196238517761 0.485673278570175 0.322914034128189 0.281914591789246 0.313313901424408 0.377737700939178 0.393501400947571 0.269060730934143 0.133931875228882 0.0916725471615791 0.0960639491677284 0.126268997788429 0.0689863413572311 0.0425700508058071 0.0325466245412827 0.00670426664873958 0.0184186156839132 0.0130593786016107 0.0112447552382946 0.00161158945411444 7.23050106898881e-05 1.81314917426789e-05 3.60438207280822e-05 2.14392257475993e-05
