data/climate_estimation/maxent_output/Alstroemeria_inodora.asc
NCOLS 204 
NROWS 301 
XLLCORNER -53.5 
YLLCORNER -29.6666666666667 
CELLSIZE 0.0833333333333333 
NODATA_value -3.4e+38 
[rows 147 to 167 of 301, columns 92 to 137 of 204]
0.47092992067337 0.494479387998581 0.465375781059265 0.434185832738876 0.349705189466476 0.287000566720963 0.292000204324722 0.332891583442688 0.405961960554123 0.432765156030655 0.371201753616333 0.389703452587128 0.433384299278259 0.545693457126617 0.558804512023926 0.554322063922882 0.52400004863739 0.567304849624634 0.601597368717194 0.630532681941986 0.627561092376709 0.638470590114594 0.655223429203033 0.640841424465179 0.575780153274536 0.524773061275482 0.537964522838593 0.654167771339417 0.804097831249237 0.76724249124527 0.768820345401764 0.680826008319855 0.719158291816711 0.821594059467316 0.690626263618469 0.659270346164703 0.569586396217346 0.637459933757782 0.662221312522888 0.540482699871063 0.469698697328568 0.417386323213577 0.409261375665665 0.379345864057541 0.346970558166504 0.369647294282913
0.425077885389328 0.467873483896255 0.422791302204132 0.404464840888977 0.359126061201096 0.312340915203094 0.326537311077118 0.378794252872467 0.443899214267731 0.453592330217361 0.407652735710144 0.381871104240417 0.430553913116455 0.504238307476044 0.583034634590149 0.584615647792816 0.557553291320801 0.559126555919647 0.582235336303711 0.604158699512482 0.611967861652374 0.631999492645264 0.646406352519989 0.673877477645874 0.5757075548172 0.544621109962463 0.590589582920074 0.723751485347748 0.798937618732452 0.795585334300995 0.799085855484009 0.710001587867737 0.71460747718811 0.753427386283875 0.652371227741241 0.656659960746765 0.558778941631317 0.725913882255554 0.624057352542877 0.463480263948441 0.446121960878372 0.506693065166473 0.476194947957993 0.392571926116943 0.399751365184784 0.446575939655304
0.381745517253876 0.429237633943558 0.400768935680389 0.378935009241104 0.401078522205353 0.385573238134384 0.360723853111267 0.402098208665848 0.459823131561279 0.471556186676025 0.460983842611313 0.403732448816299 0.409962058067322 0.474840730428696 0.502294361591339 0.534463584423065 0.56938499212265 0.595598220825195 0.573939740657806 0.539915263652802 0.58245986700058 0.676661908626556 0.622846305370331 0.576664328575134 0.568741083145142 0.587711215019226 0.614799618721008 0.690086364746094 0.688052535057068 0.819309175014496 0.769296646118164 0.723241150379181 0.727646946907043 0.662447929382324 0.578040957450867 0.564118683338165 0.575276970863342 0.716192185878754 0.530797064304352 0.520588934421539 0.607330322265625 0.510647177696228 0.422503918409348 0.446101307868958 0.47225233912468 0.714164018630981
0.384050190448761 0.365506410598755 0.366901904344559 0.37105005979538 0.37836018204689 0.396623730659485 0.42486959695816 0.447512626647949 0.467825055122375 0.479707032442093 0.478466361761093 0.416299700737 0.413448810577393 0.426111191511154 0.435091525316238 0.464899867773056 0.52794337272644 0.610860705375671 0.482000291347504 0.494139015674591 0.546586513519287 0.540649116039276 0.535192489624023 0.557231307029724 0.572408080101013 0.588306784629822 0.608547925949097 0.650705814361572 0.673734545707703 0.799513518810272 0.84778356552124 0.744596719741821 0.782795310020447 0.596007227897644 0.563238859176636 0.669014275074005 0.728953957557678 0.611731112003326 0.518466413021088 0.552122294902802 0.711094558238983 0.66063129901886 0.526205599308014 0.536178588867188 0.65397834777832 0.777723670005798
0.378939807415009 0.386386424303055 0.404725849628448 0.418942123651505 0.397301495075226 0.424326121807098 0.478264063596725 0.459300488233566 0.47961613535881 0.473591297864914 0.449107527732849 0.363771349191666 0.402340322732925 0.470619857311249 0.449322938919067 0.447268009185791 0.455233037471771 0.524965882301331 0.474592238664627 0.465806722640991 0.495591431856155 0.484750658273697 0.555533945560455 0.569923222064972 0.596544206142426 0.640608489513397 0.643196880817413 0.681889951229095 0.652362704277039 0.71847927570343 0.807922840118408 0.756841599941254 0.684156239032745 0.592411577701569 0.652253925800323 0.745344698429108 0.669413805007935 0.611165046691895 0.543382048606873 0.611834049224854 0.679366171360016 0.753064513206482 0.54753965139389 0.594079673290253 0.804650068283081 0.830739498138428
0.39865106344223 0.430570363998413 0.435873538255692 0.425468295812607 0.437209367752075 0.417023032903671 0.478058815002441 0.50728440284729 0.480134010314941 0.447002589702606 0.349990844726562 0.35620853304863 0.372140467166901 0.404707193374634 0.452465921640396 0.4172722697258 0.425820797681808 0.469014108181 0.43745356798172 0.448595941066742 0.46103847026825 0.494130522012711 0.510284125804901 0.571962296962738 0.603674292564392 0.642640829086304 0.649255454540253 0.635892510414124 0.682736575603485 0.637956082820892 0.587877750396729 0.575221002101898 0.571570992469788 0.657339990139008 0.742922425270081 0.660560250282288 0.547316431999207 0.689990162849426 0.671538412570953 0.680243968963623 0.734525918960571 0.787559926509857 0.612525939941406 0.788753509521484 0.893089532852173 0.914855778217316
0.400433361530304 0.434731721878052 0.481550991535187 0.424011796712875 0.442176789045334 0.446275293827057 0.498167872428894 0.486320853233337 0.4614377617836 0.389361083507538 0.330551147460938 0.368254244327545 0.368666112422943 0.358947843313217 0.439923375844955 0.454398930072784 0.500083565711975 0.443983167409897 0.443851500749588 0.616485238075256 0.430212795734406 0.461295306682587 0.519005179405212 0.604750096797943 0.580913782119751 0.644656479358673 0.584559917449951 0.579251348972321 0.678735852241516 0.623187005519867 0.558796465396881 0.571262657642365 0.675596058368683 0.681065678596497 0.715628147125244 0.566368043422699 0.626233756542206 0.711618483066559 0.74923700094223 0.733436703681946 0.778587520122528 0.843981623649597 0.741360664367676 0.840235233306885 0.962419450283051 0.949068367481232
0.419040888547897 0.431637972593307 0.429535567760468 0.435419797897339 0.494043558835983 0.525368630886078 0.561263978481293 0.573828160762787 0.475235372781754 0.36779510974884 0.346851289272308 0.409722506999969 0.350095838308334 0.337405741214752 0.361812710762024 0.428337246179581 0.557073712348938 0.42998194694519 0.560492336750031 0.596831977367401 0.436579078435898 0.426526546478271 0.499415725469589 0.53663444519043 0.57944518327713 0.664075016975403 0.582525491714478 0.555146813392639 0.635759711265564 0.574024200439453 0.554076254367828 0.639102816581726 0.729486882686615 0.721602141857147 0.626541316509247 0.616892576217651 0.673360764980316 0.649276256561279 0.74554830789566 0.719622850418091 0.844675540924072 0.938075184822083 0.921327948570251 0.916528940200806 0.856109797954559 0.884473621845245
0.48211607336998 0.421586334705353 0.433281898498535 0.492054998874664 0.51632022857666 0.551320314407349 0.572360396385193 0.508921682834625 0.479260355234146 0.384485214948654 0.330233663320541 0.346821308135986 0.345489263534546 0.306613057851791 0.343968093395233 0.388584971427917 0.48565611243248 0.467503130435944 0.599000871181488 0.588602960109711 0.395157277584076 0.418840020895004 0.426265329122543 0.44171217083931 0.694449961185455 0.736612319946289 0.567883491516113 0.534620225429535 0.556148529052734 0.536114394664764 0.600597500801086 0.709517300128937 0.709072411060333 0.64461475610733 0.613921105861664 0.610222458839417 0.732509613037109 0.673706352710724 0.78750604391098 0.821326673030853 0.859738945960999 0.914885640144348 0.967850506305695 0.953098356723785 0.891398191452026 0.972157299518585
0.478817880153656 0.477116137742996 0.474950850009918 0.503073394298553 0.524504542350769 0.57037478685379 0.501264035701752 0.485635370016098 0.417719215154648 0.333026021718979 0.343039840459824 0.363677263259888 0.326022267341614 0.303565889596939 0.328387469053268 0.421001046895981 0.574173212051392 0.585739433765411 0.622125089168549 0.561245024204254 0.369427055120468 0.382003098726273 0.410499155521393 0.444246560335159 0.74664306640625 0.632551789283752 0.545491755008698 0.593102753162384 0.614488065242767 0.597298502922058 0.672209084033966 0.755178272724152 0.694609403610229 0.611492156982422 0.726549863815308 0.73247104883194 0.794740378856659 0.781948268413544 0.826985001564026 0.898822069168091 0.867445349693298 0.943951010704041 0.973389565944672 0.950266778469086 0.928151249885559 0.9387446641922
0.477183759212494 0.464101791381836 0.49058985710144 0.515879094600677 0.528725445270538 0.556791186332703 0.502697229385376 0.433439940214157 0.41455402970314 0.339911460876465 0.37115266919136 0.404268890619278 0.316354662179947 0.295343995094299 0.324256867170334 0.362041652202606 0.522839069366455 0.580762445926666 0.618706047534943 0.505077600479126 0.358871310949326 0.37516388297081 0.410531282424927 0.479715257883072 0.734175324440002 0.690645039081573 0.538417398929596 0.614922404289246 0.681640625 0.664956629276276 0.680978775024414 0.670438230037689 0.644159257411957 0.657448589801788 0.795457422733307 0.793230473995209 0.823256433010101 0.852160453796387 0.798072457313538 0.88773250579834 0.899757862091064 0.92675769329071 0.944971978664398 0.972246944904327 0.988701701164246 0.983569920063019
0.468253999948502 0.472210139036179 0.487386375665665 0.51802259683609 0.539498329162598 0.549910306930542 0.490708410739899 0.414175182580948 0.344620198011398 0.336671382188797 0.376253038644791 0.415725350379944 0.355917543172836 0.310060799121857 0.241264969110489 0.236572578549385 0.442360192537308 0.57205718755722 0.655586659908295 0.473075866699219 0.349136263132095 0.358721911907196 0.3990458548069 0.567139089107513 0.769829392433167 0.709469199180603 0.532858073711395 0.587295353412628 0.656285107135773 0.721295475959778 0.714874505996704 0.656214952468872 0.644065976142883 0.713258981704712 0.78894966840744 0.816127002239227 0.866968750953674 0.853958487510681 0.838694334030151 0.893076419830322 0.926509857177734 0.944309949874878 0.942051351070404 0.936526119709015 0.933680355548859 0.969865441322327
0.466545224189758 0.474422097206116 0.506602942943573 0.519981741905212 0.54988706111908 0.512241840362549 0.476479053497314 0.411819249391556 0.336457490921021 0.404965758323669 0.405194371938705 0.424966305494308 0.429064601659775 0.343069225549698 0.252819836139679 0.242893248796463 0.483348429203033 0.520129203796387 0.650902926921844 0.380257695913315 0.3406642973423 0.335453391075134 0.403827488422394 0.715685307979584 0.761841416358948 0.72823041677475 0.587488949298859 0.57488626241684 0.622480034828186 0.688847064971924 0.674993216991425 0.681530296802521 0.689418315887451 0.762543022632599 0.797004222869873 0.862194240093231 0.859023451805115 0.83228325843811 0.860378086566925 0.887235820293427 0.922386705875397 0.808597445487976 0.646138668060303 0.69916307926178 0.79481440782547 0.884137451648712
0.470900356769562 0.485823005437851 0.508683681488037 0.513588905334473 0.528783679008484 0.487012296915054 0.428171873092651 0.341486066579819 0.342533886432648 0.376096725463867 0.430533140897751 0.436208009719849 0.445322513580322 0.402513056993484 0.327342182397842 0.234862759709358 0.472118586301804 0.562035143375397 0.580218195915222 0.339619517326355 0.311602532863617 0.399619668722153 0.571099281311035 0.691792488098145 0.745539128780365 0.700648844242096 0.62253612279892 0.597148835659027 0.680167853832245 0.663970589637756 0.658869087696075 0.718885660171509 0.732871174812317 0.791195690631866 0.838169932365417 0.843790054321289 0.86889785528183 0.905036628246307 0.88314813375473 0.88901948928833 0.80587774515152 0.65929913520813 0.680731177330017 0.581419467926025 0.688663184642792 0.802903592586517
0.515562355518341 0.521096408367157 0.5010005235672 0.495678603649139 0.469589501619339 0.461468428373337 0.399629652500153 0.34053173661232 0.430844962596893 0.41165292263031 0.425197750329971 0.450868248939514 0.469413787126541 0.447356998920441 0.350947916507721 0.312511652708054 0.444240182638168 0.480504304170609 0.419961482286453 0.302851110696793 0.315577775239944 0.540924549102783 0.693353354930878 0.734568536281586 0.781679749488831 0.6988884806633 0.68634432554245 0.607206881046295 0.704184949398041 0.696532189846039 0.715082406997681 0.71179860830307 0.801022589206696 0.864280879497528 0.875122785568237 0.908975183963776 0.946835875511169 0.896062791347504 0.835915744304657 0.722849428653717 0.716912269592285 0.6126309633255 0.643447399139404 0.639163434505463 0.609772741794586 0.740046918392181
0.5157710313797 0.530425310134888 0.490559637546539 0.430913835763931 0.437567919492722 0.444905072450638 0.389770358800888 0.375236511230469 0.439881324768066 0.464487195014954 0.473310142755508 0.453736752271652 0.465263366699219 0.459267258644104 0.379258573055267 0.328868120908737 0.335237562656403 0.410222351551056 0.292386204004288 0.339726388454437 0.378168135881424 0.57487541437149 0.637862086296082 0.724434852600098 0.710545301437378 0.732626676559448 0.715793788433075 0.6962850689888 0.679727435112 0.74444568157196 0.738059937953949 0.738305926322937 0.866078555583954 0.892007291316986 0.868193089962006 0.860745191574097 0.841703474521637 0.821130156517029 0.72489732503891 0.690390229225159 0.690256834030151 0.667420506477356 0.61121267080307 0.620625495910645 0.67787766456604 0.614664733409882
0.499953120946884 0.491870880126953 0.455513536930084 0.487456858158112 0.510314702987671 0.457277178764343 0.384496062994003 0.424852401018143 0.455410867929459 0.481582313776016 0.490363419055939 0.496690958738327 0.499761998653412 0.425000101327896 0.31732302904129 0.309844791889191 0.298439204692841 0.317977070808411 0.316375195980072 0.33630707859993 0.39232411980629 0.522668421268463 0.611115992069244 0.67871105670929 0.757106184959412 0.748823523521423 0.770490825176239 0.761638939380646 0.73414021730423 0.894550561904907 0.92939430475235 0.782762169837952 0.768862903118134 0.768264830112457 0.75893098115921 0.80384236574173 0.802393198013306 0.782276749610901 0.766016840934753 0.740877687931061 0.659797847270966 0.740963399410248 0.847363471984863 0.880503594875336 0.647787928581238 0.595681071281433
0.493407607078552 0.472705662250519 0.514418005943298 0.533481299877167 0.487332493066788 0.427893877029419 0.386824697256088 0.465083688497543 0.503670513629913 0.484472155570984 0.493617385625839 0.508401095867157 0.495916157960892 0.386135578155518 0.348779648542404 0.351369827985764 0.350669503211975 0.334188997745514 0.348954439163208 0.363598853349686 0.431296348571777 0.505427002906799 0.629386186599731 0.728132963180542 0.77847546339035 0.820920288562775 0.729147434234619 0.707369863986969 0.71519011259079 0.832168340682983 0.919911026954651 0.754206538200378 0.698516428470612 0.739668250083923 0.738587141036987 0.786819815635681 0.763892531394958 0.78788435459137 0.737026631832123 0.743203818798065 0.721557199954987 0.638178884983063 0.812229692935944 0.882814705371857 0.694858253002167 0.599285542964935
0.518028616905212 0.479334563016891 0.511566936969757 0.54094672203064 0.478101700544357 0.419346928596497 0.390016406774521 0.487903952598572 0.513808965682983 0.527173519134521 0.540331065654755 0.517203032970428 0.49901083111763 0.388916075229645 0.354153960943222 0.35038685798645 0.392525136470795 0.376008689403534 0.406150072813034 0.416127592325211 0.525309205055237 0.530156552791595 0.691284716129303 0.735642075538635 0.73744535446167 0.779744148254395 0.746743559837341 0.696970820426941 0.727338314056396 0.887348532676697 0.886186599731445 0.666809320449829 0.660515904426575 0.704908967018127 0.710146129131317 0.733997702598572 0.725158274173737 0.720498323440552 0.720019280910492 0.713446319103241 0.637675940990448 0.646536350250244 0.644996583461761 0.679088234901428 0.660049617290497 0.635073781013489
0.523342132568359 0.544941306114197 0.546702325344086 0.505665838718414 0.405945986509323 0.380501449108124 0.389253437519073 0.418819189071655 0.510518610477448 0.536633253097534 0.545094728469849 0.560299217700958 0.523844718933105 0.411508470773697 0.376180052757263 0.384591817855835 0.438121885061264 0.442041546106339 0.459966629743576 0.46822789311409 0.559191167354584 0.583293557167053 0.763900876045227 0.766688466072083 0.65324866771698 0.705872416496277 0.745825231075287 0.6775723695755 0.797595977783203 0.844884693622589 0.65731954574585 0.649709701538086 0.70166951417923 0.695382177829742 0.745192408561707 0.760341823101044 0.734923303127289 0.76574033498764 0.776344120502472 0.772648274898529 0.781177222728729 0.760098278522491 0.778648912906647 0.770783841609955 0.671273469924927 0.622139096260071
0.576552510261536 0.607360005378723 0.562461972236633 0.456943422555923 0.396692097187042 0.382214605808258 0.391728788614273 0.370988994836807 0.446932941675186 0.517409801483154 0.534699082374573 0.601450562477112 0.494789123535156 0.395167976617813 0.373722285032272 0.427989900112152 0.443714380264282 0.465564459562302 0.478544384241104 0.493718594312668 0.525125563144684 0.594721674919128 0.721977949142456 0.773163676261902 0.640159368515015 0.690537452697754 0.745564639568329 0.765857517719269 0.719786584377289 0.657023131847382 0.615495562553406 0.621248304843903 0.693210542201996 0.696900486946106 0.751980304718018 0.810028076171875 0.748181521892548 0.787506520748138 0.801953077316284 0.887264370918274 0.898759663105011 0.934670150279999 0.913204371929169 0.84104311466217 0.707487642765045 0.661742269992828
