data/climate_estimation/maxent_output/Alstroemeria_julieae.asc
NCOLS 151 
NROWS 153 
XLLCORNER -52.5 
YLLCORNER -22.8333333333333 
CELLSIZE 0.0833333333333333 
NODATA_value -3.4e+38 
[rows 40 to 59 of 153, columns 44 to 87 of 151]
0.795968234539032 0.802392959594727 0.821135222911835 0.850488543510437 0.831900060176849 0.808253526687622 0.816389501094818 0.798575818538666 0.794876098632812 0.801948666572571 0.823609173297882 0.842603147029877 0.86037290096283 0.880509495735168 0.898989140987396 0.89097386598587 0.871188938617706 0.821426510810852 0.814170360565186 0.810732901096344 0.810561656951904 0.825959920883179 0.860035419464111 0.847009599208832 0.808224558830261 0.806026756763458 0.806812822818756 0.808240056037903 0.817759335041046 0.826311826705933 0.842446744441986 0.869737327098846 0.86548787355423 0.854976177215576 0.848652184009552 0.847661316394806 0.838434398174286 0.83974289894104 0.837684690952301 0.833722293376923 0.828209221363068 0.828822135925293 0.826424062252045 0.818976640701294
0.796625256538391 0.80462235212326 0.835602760314941 0.842321336269379 0.826646685600281 0.803532302379608 0.809066891670227 0.800957918167114 0.798074066638947 0.795358002185822 0.817619144916534 0.853592336177826 0.866038382053375 0.876412808895111 0.890746533870697 0.897008717060089 0.883001208305359 0.83035135269165 0.834511160850525 0.816939353942871 0.851831138134003 0.809625506401062 0.832260549068451 0.822468757629395 0.810405790805817 0.803661167621613 0.806356847286224 0.815112709999084 0.823263347148895 0.831272721290588 0.843611001968384 0.869224548339844 0.866300523281097 0.859538376331329 0.852053880691528 0.847377598285675 0.842914879322052 0.836222112178802 0.833722293376923 0.829702973365784 0.825656831264496 0.823088407516479 0.816813945770264 0.807635307312012
0.805253028869629 0.82587343454361 0.834979772567749 0.825421571731567 0.823745548725128 0.822381496429443 0.831137001514435 0.831582367420197 0.806385934352875 0.824969232082367 0.81824779510498 0.846196532249451 0.864716410636902 0.877433001995087 0.877445578575134 0.89385598897934 0.886461913585663 0.851884603500366 0.840851068496704 0.825680136680603 0.854366898536682 0.823226928710938 0.852683305740356 0.830627858638763 0.813219428062439 0.812481105327606 0.814649403095245 0.819138169288635 0.82978492975235 0.839090168476105 0.844341933727264 0.862805426120758 0.867640793323517 0.855128288269043 0.850337624549866 0.845664322376251 0.846803426742554 0.841054618358612 0.840475797653198 0.83107191324234 0.829583346843719 0.826739430427551 0.825234532356262 0.815458357334137
0.831885397434235 0.835441470146179 0.843758881092072 0.841001927852631 0.835581958293915 0.841001927852631 0.859542548656464 0.842767477035522 0.807328402996063 0.812804877758026 0.817173600196838 0.848056614398956 0.851764559745789 0.851778388023376 0.839567244052887 0.887570559978485 0.875259876251221 0.875259876251221 0.85480260848999 0.857162654399872 0.856460869312286 0.844012975692749 0.837472915649414 0.852264404296875 0.809484720230103 0.811237573623657 0.817145168781281 0.814701795578003 0.821021497249603 0.833508253097534 0.849485158920288 0.867918491363525 0.861603140830994 0.8602135181427 0.850806772708893 0.850090205669403 0.843681812286377 0.839620172977448 0.838442504405975 0.834193766117096 0.826424062252045 0.816367626190186 0.812642991542816 0.808434247970581
0.849630355834961 0.855658411979675 0.845075607299805 0.845612347126007 0.828274786472321 0.817619144916534 0.847935080528259 0.820235788822174 0.833816111087799 0.828439176082611 0.83115166425705 0.837791860103607 0.824782013893127 0.837186992168427 0.828268349170685 0.848636448383331 0.872924447059631 0.872405290603638 0.87224406003952 0.880084455013275 0.867858946323395 0.874984681606293 0.861826121807098 0.833936333656311 0.80809885263443 0.816514909267426 0.814819097518921 0.811897158622742 0.826047122478485 0.833248436450958 0.848954737186432 0.865660786628723 0.863370597362518 0.858472466468811 0.851661741733551 0.845698654651642 0.839481234550476 0.83758819103241 0.82779598236084 0.828373610973358 0.822481751441956 0.818991720676422 0.812192499637604 0.815171658992767
0.857874572277069 0.875106036663055 0.848184168338776 0.850735723972321 0.842747032642365 0.822077810764313 0.824803411960602 0.826475083827972 0.843944728374481 0.819945633411407 0.811421990394592 0.815619230270386 0.821600258350372 0.823436319828033 0.835707902908325 0.858279824256897 0.89875990152359 0.903618276119232 0.88523668050766 0.878810584545135 0.892369031906128 0.891553580760956 0.860877752304077 0.817605912685394 0.817590713500977 0.814664661884308 0.813758611679077 0.821310997009277 0.828312635421753 0.839008450508118 0.847099840641022 0.860278904438019 0.859870612621307 0.855860531330109 0.844841837882996 0.844841837882996 0.844426691532135 0.839073956012726 0.830661714076996 0.823579251766205 0.822988271713257 0.820860683917999 0.815649628639221 0.818416118621826
0.852136731147766 0.841421246528625 0.837339401245117 0.833816111087799 0.823745548725128 0.819625079631805 0.819625079631805 0.839117050170898 0.848056614398956 0.817480742931366 0.815465033054352 0.821165323257446 0.823911786079407 0.831279098987579 0.874217629432678 0.917499661445618 0.931348443031311 0.9133260846138 0.896644592285156 0.897927701473236 0.899201810359955 0.877681851387024 0.82977020740509 0.814819097518921 0.816376209259033 0.814068138599396 0.814377427101135 0.813309252262115 0.827870011329651 0.840515077114105 0.844745516777039 0.854085743427277 0.846018016338348 0.848006725311279 0.848162293434143 0.847447633743286 0.841695666313171 0.839073956012726 0.835259199142456 0.832012593746185 0.820418417453766 0.811437249183655 0.809551119804382 0.79623931646347
0.833491802215576 0.833048641681671 0.84069836139679 0.8251051902771 0.818079352378845 0.832323551177979 0.819472253322601 0.824818313121796 0.837499916553497 0.825436413288116 0.824969232082367 0.819487333297729 0.836051046848297 0.872924447059631 0.914574205875397 0.923801839351654 0.909477651119232 0.881726086139679 0.855527877807617 0.880975604057312 0.849618256092072 0.826311826705933 0.820375204086304 0.811408579349518 0.815319359302521 0.815797209739685 0.825580596923828 0.818293154239655 0.836100816726685 0.838939249515533 0.83277839422226 0.842210054397583 0.848903238773346 0.849622488021851 0.850165665149689 0.844747304916382 0.841860413551331 0.83981454372406 0.829335570335388 0.824969172477722 0.81732714176178 0.812695622444153 0.805960595607758 0.803910732269287
0.828238785266876 0.825385332107544 0.828723430633545 0.821910858154297 0.831582367420197 0.839552938938141 0.816235542297363 0.820555925369263 0.831893682479858 0.845212340354919 0.827855229377747 0.838549435138702 0.886608123779297 0.906535983085632 0.908290147781372 0.915310144424438 0.914366185665131 0.893001556396484 0.855955958366394 0.829045355319977 0.826483488082886 0.815797209739685 0.815627813339233 0.812689006328583 0.820716798305511 0.819364666938782 0.824712097644806 0.826555788516998 0.842268824577332 0.842571079730988 0.832221925258636 0.838318228721619 0.843656003475189 0.850044965744019 0.841909348964691 0.845761060714722 0.840284407138824 0.828894019126892 0.822858154773712 0.823457717895508 0.819960653781891 0.819975733757019 0.816127121448517 0.805346310138702
0.828253567218781 0.827204704284668 0.823118388652802 0.828738212585449 0.850328087806702 0.855099260807037 0.817941129207611 0.824365317821503 0.835155785083771 0.843479812145233 0.851884603500366 0.859263837337494 0.890250384807587 0.907399356365204 0.90663468837738 0.910346210002899 0.912354171276093 0.901835680007935 0.86844527721405 0.832938253879547 0.829194664955139 0.821478128433228 0.812844157218933 0.814562559127808 0.819211781024933 0.81967031955719 0.819685399532318 0.821094751358032 0.835696041584015 0.84156197309494 0.837092995643616 0.833658456802368 0.836041033267975 0.84510201215744 0.844938814640045 0.837833166122437 0.831751704216003 0.832344472408295 0.822266161441803 0.823039650917053 0.819371223449707 0.811490058898926 0.808017492294312 0.805976152420044
0.841111779212952 0.836880087852478 0.838485658168793 0.857044637203217 0.859523236751556 0.858449637889862 0.823911786079407 0.821940839290619 0.835155785083771 0.844783544540405 0.850763440132141 0.853154897689819 0.878949522972107 0.886590838432312 0.894645154476166 0.898037910461426 0.905194103717804 0.898295700550079 0.863624513149261 0.831308424472809 0.825932860374451 0.816736102104187 0.815334558486938 0.808346271514893 0.811794459819794 0.812726318836212 0.816773116588593 0.826119542121887 0.842858850955963 0.838225662708282 0.831147909164429 0.828279316425323 0.826644778251648 0.833666682243347 0.840449810028076 0.831772744655609 0.830152690410614 0.830860793590546 0.825924396514893 0.819844663143158 0.815532505512238 0.812267243862152 0.811194181442261 0.800620257854462
0.836880087852478 0.847894847393036 0.846495270729065 0.867613017559052 0.867790281772614 0.858156383037567 0.833225607872009 0.82118034362793 0.825436413288116 0.857044637203217 0.866032660007477 0.864416360855103 0.862412452697754 0.883008122444153 0.898153007030487 0.902072012424469 0.895487248897552 0.896202862262726 0.85471099615097 0.825616836547852 0.829394519329071 0.815047800540924 0.812260627746582 0.812726318836212 0.813036501407623 0.814599692821503 0.814769446849823 0.821733415126801 0.823568940162659 0.825281918048859 0.824657022953033 0.829489290714264 0.827560007572174 0.832780241966248 0.833252847194672 0.83843070268631 0.832231998443604 0.831045210361481 0.822165787220001 0.816164135932922 0.813383758068085 0.814003050327301 0.806972622871399 0.791101515293121
0.84631872177124 0.851464629173279 0.851464629173279 0.848339676856995 0.858038723468781 0.844626426696777 0.836783409118652 0.833225607872009 0.828603506088257 0.83591890335083 0.851912260055542 0.878582417964935 0.887455761432648 0.87947952747345 0.886101901531219 0.891333520412445 0.895720601081848 0.889805674552917 0.835947871208191 0.823653995990753 0.816465437412262 0.815063059329987 0.817848324775696 0.811343133449554 0.811965227127075 0.811498761177063 0.808242797851562 0.816963851451874 0.809040784835815 0.819476902484894 0.825275421142578 0.819186210632324 0.818451046943665 0.834600925445557 0.834924221038818 0.835799276828766 0.833591938018799 0.824452817440033 0.818351686000824 0.816339910030365 0.808092832565308 0.806972622871399 0.796133399009705 0.784087479114532
0.854663968086243 0.848212122917175 0.857044637203217 0.845497846603394 0.855547487735748 0.851484537124634 0.848353624343872 0.849201321601868 0.835757732391357 0.848664343357086 0.868590235710144 0.88226193189621 0.885856986045837 0.895370483398438 0.886724948883057 0.886126041412354 0.893480598926544 0.878384590148926 0.825194478034973 0.819853246212006 0.81815505027771 0.812741637229919 0.813532054424286 0.814460396766663 0.806337356567383 0.806045114994049 0.805887758731842 0.810617327690125 0.843490362167358 0.822992920875549 0.823477327823639 0.825154364109039 0.819806039333344 0.826253175735474 0.839628994464874 0.834202706813812 0.831371545791626 0.822787880897522 0.820948958396912 0.811387240886688 0.797757148742676 0.791771233081818 0.788530290126801 0.788058638572693
0.844305694103241 0.835008800029755 0.847367942333221 0.854994058609009 0.859951317310333 0.864582538604736 0.85611355304718 0.844797670841217 0.841189324855804 0.887229681015015 0.896202862262726 0.899578452110291 0.883528590202332 0.896894335746765 0.896197855472565 0.8925461769104 0.89267635345459 0.853070616722107 0.823517560958862 0.818170189857483 0.814460396766663 0.810579836368561 0.811825096607208 0.814475655555725 0.80794495344162 0.807922720909119 0.802904188632965 0.823916375637054 0.859156668186188 0.837679147720337 0.823794960975647 0.826824605464935 0.82352215051651 0.833288431167603 0.837605178356171 0.832874178886414 0.820985615253448 0.825523734092712 0.811698317527771 0.801278412342072 0.792117238044739 0.800674200057983 0.793310225009918 0.795057415962219
0.844360411167145 0.830131590366364 0.83548492193222 0.851644396781921 0.860269665718079 0.875272572040558 0.868727743625641 0.854314565658569 0.867021441459656 0.886742234230042 0.894097864627838 0.902543723583221 0.893638551235199 0.902666985988617 0.89971512556076 0.893751323223114 0.887856125831604 0.837001919746399 0.818798065185547 0.812461853027344 0.813856959342957 0.814630210399628 0.811684966087341 0.805273354053497 0.812188625335693 0.807803630828857 0.820712924003601 0.862003803253174 0.862049639225006 0.839635252952576 0.832519888877869 0.825651109218597 0.823082685470581 0.829741477966309 0.833936989307404 0.824489176273346 0.822975993156433 0.814062237739563 0.798571705818176 0.798427760601044 0.800674200057983 0.801325440406799 0.794598042964935 0.785614311695099
0.853055119514465 0.834588289260864 0.83091127872467 0.84382164478302 0.866482734680176 0.863944470882416 0.884293258190155 0.888213157653809 0.884028792381287 0.897627294063568 0.896469712257385 0.896713256835938 0.900170743465424 0.89636504650116 0.901202917098999 0.892467796802521 0.867187678813934 0.822941482067108 0.81927216053009 0.815108776092529 0.813872277736664 0.814336359500885 0.813562631607056 0.807975888252258 0.819324016571045 0.817945778369904 0.823931276798248 0.865700960159302 0.858923971652985 0.851670265197754 0.834188163280487 0.822779417037964 0.826418340206146 0.828262627124786 0.831704020500183 0.825107753276825 0.813597857952118 0.79971045255661 0.802442669868469 0.801808476448059 0.798922300338745 0.787609696388245 0.776062905788422 0.778702259063721
0.847969114780426 0.841628849506378 0.844803869724274 0.856166243553162 0.87850421667099 0.87914913892746 0.890182971954346 0.890765011310577 0.900829672813416 0.896690368652344 0.896817743778229 0.895421624183655 0.894602417945862 0.891039490699768 0.896260261535645 0.892253935337067 0.861957907676697 0.844739377498627 0.822197735309601 0.810298800468445 0.811560153961182 0.812337279319763 0.811426639556885 0.808930695056915 0.806280016899109 0.807991325855255 0.820285618305206 0.858664035797119 0.853810250759125 0.843575358390808 0.83671373128891 0.824625253677368 0.822035431861877 0.829024851322174 0.824072182178497 0.816407322883606 0.801173448562622 0.806105196475983 0.790716826915741 0.787470042705536 0.780044853687286 0.776559889316559 0.774752140045166 0.785016298294067
0.840472161769867 0.843336224555969 0.843212962150574 0.849832952022552 0.860166311264038 0.869562089443207 0.871929228305817 0.873868644237518 0.885285198688507 0.880050957202911 0.868660986423492 0.872599303722382 0.87954717874527 0.879824101924896 0.892875134944916 0.870539247989655 0.842572867870331 0.85230827331543 0.822060823440552 0.812026560306549 0.809221208095551 0.804516017436981 0.836983740329742 0.85419362783432 0.849281251430511 0.824888944625854 0.819384396076202 0.848891794681549 0.847334504127502 0.843890607357025 0.831279814243317 0.824359536170959 0.821159482002258 0.818694889545441 0.813789904117584 0.808772206306458 0.80894410610199 0.798481941223145 0.786313354969025 0.780044853687286 0.775399625301361 0.774419963359833 0.788455009460449 0.781081259250641
0.848246157169342 0.849531173706055 0.846244871616364 0.857025861740112 0.854103684425354 0.85337495803833 0.855884313583374 0.860277235507965 0.869030296802521 0.869569420814514 0.86506313085556 0.863575518131256 0.863870680332184 0.864955842494965 0.888071715831757 0.861578762531281 0.825585186481476 0.835762143135071 0.826824605464935 0.814227521419525 0.805477559566498 0.809586763381958 0.835679650306702 0.862494766712189 0.856329619884491 0.853684902191162 0.826304137706757 0.834553599357605 0.840872287750244 0.840597152709961 0.831442952156067 0.817797005176544 0.813310027122498 0.807839334011078 0.80910724401474 0.797689974308014 0.79204934835434 0.786981463432312 0.776434123516083 0.775771260261536 0.781745851039886 0.781081259250641 0.779928922653198 0.777287364006042
