data/climate_estimation/maxent_output/Alstroemeria_aurea.asc
NCOLS 80 
NROWS 311 
XLLCORNER -73.5833333333333 
YLLCORNER -55.3333333333333 
CELLSIZE 0.0833333333333334 
NODATA_value -3.4e+38 
[rows 171 to 189 of 311, columns 0 to 43 of 80]
-3.4e+38 0.120084494352341 -3.4e+38 -3.4e+38 -3.4e+38 -3.4e+38 0.196015045046806 0.230920031666756 0.228608146309853 0.275646299123764 0.273967415094376 0.327965438365936 0.385940462350845 0.380533427000046 0.449690341949463 0.43904122710228 0.438363641500473 0.482634335756302 0.474359750747681 0.514272570610046 0.512414336204529 0.558448553085327 0.555557429790497 0.544610679149628 0.527750909328461 0.595633089542389 0.588318765163422 0.58508437871933 0.637838840484619 0.424512445926666 0.24853803217411 0.208493590354919 0.143937081098557 0.101774260401726 0.0783892720937729 0.0790007561445236 0.0591147728264332 0.0546618737280369 0.0516287200152874 0.0457170829176903 0.0456794798374176 0.0369567014276981 0.0388776026666164 0.0348384864628315
-3.4e+38 -3.4e+38 -3.4e+38 -3.4e+38 -3.4e+38 -3.4e+38 0.16541987657547 0.198529273271561 0.239171758294106 0.23932945728302 0.281344532966614 0.324862718582153 0.332919865846634 0.390293270349503 0.405355095863342 0.402573823928833 0.454622894525528 0.450757443904877 0.480483382940292 0.474543899297714 0.520333468914032 0.522886574268341 0.529997706413269 0.53370875120163 0.472060531377792 0.513645946979523 0.585163235664368 0.580720543861389 0.551008641719818 0.299588918685913 0.219497203826904 0.16426132619381 0.147462591528893 0.0857856720685959 0.0792883113026619 0.0654804483056068 0.0522879883646965 0.0556689128279686 0.0450770445168018 0.0517944246530533 0.0471294149756432 0.0323277674615383 0.0400006845593452 0.0390785709023476
-3.4e+38 -3.4e+38 -3.4e+38 0.102478988468647 0.134008958935738 0.164230585098267 0.168406963348389 0.165955007076263 0.20282606780529 0.207012012600899 0.247309163212776 0.295140206813812 0.352585345506668 0.357505708932877 0.358404725790024 0.416579574346542 0.408982425928116 0.452687919139862 0.448847413063049 0.43804520368576 0.48808291554451 0.486267596483231 0.508951306343079 0.550996720790863 0.531194508075714 0.568999350070953 0.558838784694672 0.591541767120361 0.467876464128494 0.308798998594284 0.185509890317917 0.141850754618645 0.127643421292305 0.0754996314644814 0.061933659017086 0.0664059445261955 0.0638049319386482 0.0433289036154747 0.0371970385313034 0.035049069672823 0.0313447117805481 0.0307167414575815 0.0327893681824207 0.0317725613713264
-3.4e+38 -3.4e+38 -3.4e+38 0.107615277171135 0.134398996829987 0.138748303055763 0.139948129653931 0.170469433069229 0.204634159803391 0.208958089351654 0.210063308477402 0.258674949407578 0.309222191572189 0.31333127617836 0.317872047424316 0.368186324834824 0.418496042490005 0.417976856231689 0.413287580013275 0.44758740067482 0.453894644975662 0.457596778869629 0.490851670503616 0.491991549730301 0.525569200515747 0.555913507938385 0.568983554840088 0.530117928981781 0.3706374168396 0.286276966333389 0.175212010741234 0.144929453730583 0.151200264692307 0.0829547345638275 0.0802993923425674 0.0755295231938362 0.0553007870912552 0.0418221689760685 0.0439822487533092 0.0328327156603336 0.0319425836205482 0.0337369181215763 0.0334759578108788 0.0323860868811607
0.063691258430481 -3.4e+38 -3.4e+38 0.0874665752053261 0.110097244381905 0.11454289406538 0.146111309528351 0.174035340547562 0.171623438596725 0.215124323964119 0.218188345432281 0.22366751730442 0.275122702121735 0.274076849222183 0.382134705781937 0.378666669130325 0.380533128976822 0.428259342908859 0.426973909139633 0.420165628194809 0.453956574201584 0.459574460983276 0.482244908809662 0.518160104751587 0.526513814926147 0.533494532108307 0.545732498168945 0.46632120013237 0.300139844417572 0.252535432577133 0.174630105495453 0.14622400701046 0.143185049295425 0.1083704829216 0.0910883024334908 0.083187147974968 0.0630968809127808 0.0449241474270821 0.0339156910777092 0.0334593467414379 0.0300145354121923 0.0340323075652122 0.0307147260755301 0.0290114097297192
0.0679421275854111 0.0692326277494431 -3.4e+38 0.0916704162955284 0.0937725678086281 0.120557375252247 0.119393527507782 0.151205077767372 0.185344457626343 0.1878801882267 0.221097275614738 0.269551604986191 0.280884057283401 0.291540890932083 0.344902455806732 0.343711912631989 0.381227552890778 0.39382016658783 0.428322464227676 0.425159215927124 0.454931110143661 0.464375436306 0.482586324214935 0.522376120090485 0.524822235107422 0.585331737995148 0.565972924232483 0.483462512493134 0.35639014840126 0.295343816280365 0.190446615219116 0.136270552873611 0.124484799802303 0.102540709078312 0.0607564598321915 0.0540983118116856 0.0455960333347321 0.0389816798269749 0.0329310037195683 0.0360129214823246 0.0326484926044941 0.0316689498722553 0.0297222025692463 0.0270644035190344
0.0695556849241257 -3.4e+38 -3.4e+38 0.0724602714180946 0.0960602089762688 0.0974810123443604 0.126418367028236 0.154930531978607 0.156851470470428 0.187447801232338 0.194183096289635 0.236845523118973 0.248762875795364 0.305101722478867 0.312140107154846 0.359035849571228 0.356169402599335 0.403460890054703 0.430721133947372 0.422877281904221 0.441316097974777 0.437092959880829 0.481956452131271 0.514133393764496 0.522625148296356 0.554660856723785 0.622853338718414 0.632549285888672 0.475655883550644 0.323120713233948 0.205993071198463 0.152228653430939 0.104123488068581 0.0685172230005264 0.0615199990570545 0.0505132786929607 0.0351447463035583 0.0429589338600636 0.0375106818974018 0.0351430773735046 0.0408088937401772 0.0328282043337822 0.0300773419439793 0.0289274249225855
0.0583499893546104 0.0588471032679081 -3.4e+38 0.0616487003862858 0.0793532505631447 0.0817310959100723 0.101992584764957 0.128978654742241 0.131377369165421 0.162542551755905 0.202207431197166 0.206152081489563 0.215649738907814 0.305636912584305 0.318170636892319 0.322961121797562 0.361412227153778 0.404236972332001 0.389084964990616 0.418097287416458 0.410764366388321 0.464615941047668 0.497621536254883 0.52793824672699 0.527873992919922 0.593856334686279 0.608687877655029 0.490021884441376 0.336382478475571 0.21379941701889 0.141213431954384 0.108865424990654 0.0899351090192795 0.0747719034552574 0.061698392033577 0.0512634739279747 0.0419510342180729 0.0422500930726528 0.0440259017050266 0.0422157049179077 0.0404151193797588 0.0342598631978035 0.0302648991346359 0.0330221392214298
-3.4e+38 -3.4e+38 -3.4e+38 0.0650080665946007 0.0833750888705254 0.0834119096398354 0.0860843732953072 0.10807840526104 0.13612774014473 0.13991405069828 0.1770880818367 0.177026569843292 0.219964385032654 0.274356544017792 0.279491633176804 0.326359570026398 0.365392088890076 0.364203691482544 0.3971306681633 0.399231433868408 0.400652527809143 0.43981671333313 0.461917072534561 0.494401812553406 0.559356689453125 0.575238108634949 0.551891267299652 0.441611260175705 0.289953023195267 0.20806397497654 0.142622739076614 0.119932219386101 0.0984818860888481 0.0704971700906754 0.063182607293129 0.0653641000390053 0.048749715089798 0.0475516356527805 0.0409752577543259 0.0390373319387436 0.0355669818818569 0.0369355380535126 0.0362892858684063 0.0302845109254122
0.0384702533483505 -3.4e+38 -3.4e+38 0.0667963698506355 0.0701021701097488 0.0892858430743217 0.0906380489468575 0.113900147378445 0.117194227874279 0.118247658014297 0.144492268562317 0.138945326209068 0.194783985614777 0.24093659222126 0.289070248603821 0.294788658618927 0.324230164289474 0.37558525800705 0.376101642847061 0.370871007442474 0.423273831605911 0.442343384027481 0.46007114648819 0.508282005786896 0.503621697425842 0.513921678066254 0.555376589298248 0.498861640691757 0.345262080430984 0.22359137237072 0.143110036849976 0.111894719302654 0.10704367607832 0.0901908427476883 0.079665020108223 0.060182448476553 0.0590757429599762 0.0476398579776287 0.0381421595811844 0.0432101152837276 0.0364742130041122 0.0444970279932022 0.0366841554641724 0.0313526578247547
-3.4e+38 0.0400227345526218 0.0521207749843597 0.0541807189583778 0.0702735632658005 0.0739553719758987 0.0958582013845444 0.0945738404989243 0.121919848024845 0.150545105338097 0.120231591165066 0.150139883160591 0.198110520839691 0.245500773191452 0.294183671474457 0.300878077745438 0.338393300771713 0.34116342663765 0.375192284584045 0.407627463340759 0.40262758731842 0.4410620033741 0.473445683717728 0.500039994716644 0.511802434921265 0.54429292678833 0.580177426338196 0.590179800987244 0.408916532993317 0.27267587184906 0.157745942473412 0.121676854789257 0.0989283993840218 0.091142401099205 0.0674586668610573 0.0651878193020821 0.0644104778766632 0.0514904148876667 0.0502623468637466 0.0516254082322121 0.0396665818989277 0.0402221493422985 0.0463597364723682 0.034601729363203
-3.4e+38 0.0420872457325459 0.0436304025352001 0.0577662438154221 0.0595190897583961 0.0610008537769318 0.0777091011404991 0.0769726485013962 0.0980075523257256 0.123406887054443 0.0932869911193848 0.162079975008965 0.207644149661064 0.254073083400726 0.248865053057671 0.283735632896423 0.344723999500275 0.338426023721695 0.377936184406281 0.373902857303619 0.404197722673416 0.436904489994049 0.471642315387726 0.509965777397156 0.538709938526154 0.553066492080688 0.533773481845856 0.48470413684845 0.297211527824402 0.21027635037899 0.190958008170128 0.120806202292442 0.101310014724731 0.0769560858607292 0.0807589069008827 0.0796590745449066 0.0639425292611122 0.0579984858632088 0.0500442981719971 0.0608547367155552 0.0488129146397114 0.0377970859408379 0.0468699969351292 0.0405491776764393
0.0263128448277712 0.034440666437149 0.0455433614552021 0.0474368333816528 0.0618360191583633 0.0637677535414696 0.0843059867620468 0.0832562744617462 0.0812250897288322 0.0757137909531593 0.0958765000104904 0.138239830732346 0.168769538402557 0.209298148751259 0.260271817445755 0.291252136230469 0.289066135883331 0.327586561441422 0.372030943632126 0.407409906387329 0.410346388816833 0.413688033819199 0.467151790857315 0.482445180416107 0.454091370105743 0.497237414121628 0.405728220939636 0.389324247837067 0.23423008620739 0.184409186244011 0.165954694151878 0.147461786866188 0.129813119769096 0.0977787896990776 0.0981604531407356 0.0728067681193352 0.0643186420202255 0.0579602420330048 0.0621704682707787 0.061306718736887 0.0503585487604141 0.0537670403718948 0.0436107888817787 0.0490986816585064
-3.4e+38 -3.4e+38 0.0377163253724575 0.0379709452390671 0.0492372140288353 0.0512123517692089 0.0676618218421936 0.0667562335729599 0.0609876476228237 0.0882523655891418 0.106547676026821 0.106109708547592 0.179540976881981 0.223605260252953 0.270227909088135 0.305557638406754 0.291461288928986 0.34909725189209 0.348717421293259 0.386436223983765 0.400410294532776 0.441300570964813 0.441959619522095 0.450551182031631 0.46234542131424 0.462336421012878 0.378289371728897 0.307498335838318 0.234316527843475 0.182683974504471 0.136935606598854 0.11370000243187 0.101446427404881 0.14540907740593 0.0964791849255562 0.0790194869041443 0.0716174468398094 0.0579086989164352 0.0534129440784454 0.0673887431621552 0.0509773306548595 0.0497769638895988 0.040854886174202 0.0373239032924175
-3.4e+38 -3.4e+38 0.0387592129409313 0.0405557304620743 0.042816624045372 0.0545874275267124 0.0538044907152653 0.0484585426747799 0.0900871530175209 0.116185300052166 0.112849585711956 0.115925185382366 0.144279763102531 0.19109171628952 0.238577276468277 0.269235372543335 0.302345454692841 0.360302269458771 0.37028643488884 0.40413624048233 0.420805722475052 0.440478205680847 0.480955541133881 0.521062016487122 0.527986764907837 0.505621075630188 0.506767988204956 0.458818405866623 0.336612105369568 0.216353639960289 0.178596645593643 0.159711599349976 0.123897060751915 0.132975161075592 0.104408130049706 0.0869921073317528 0.0886706039309502 0.0733608230948448 0.0596985034644604 0.0639796331524849 0.0555237792432308 0.0447070226073265 0.0415698997676373 0.0414174012839794
0.0221437774598598 0.0223493166267872 0.0312121901661158 0.032701138406992 0.0325774028897285 0.0409712977707386 0.059675358235836 0.0524041168391705 0.0948241427540779 0.12536533176899 0.122552767395973 0.154470294713974 0.154033303260803 0.142055556178093 0.222454965114594 0.255454033613205 0.28474298119545 0.327304571866989 0.350170493125916 0.37381112575531 0.407072275876999 0.412028551101685 0.419948250055313 0.42850050330162 0.493505269289017 0.537636339664459 0.549092710018158 0.555283904075623 0.425554573535919 0.335275232791901 0.237938821315765 0.197594031691551 0.178893595933914 0.145211681723595 0.142655432224274 0.0892462953925133 0.0956977531313896 0.0812154561281204 0.0606467686593533 0.0631100088357925 0.0580514594912529 0.0460951626300812 0.0449759103357792 0.0437752939760685
0.017924964427948 0.0179429687559605 0.0248604957014322 0.0347733721137047 0.0441532358527184 0.046719629317522 0.0603873021900654 0.0618115067481995 0.0793017148971558 0.10473744571209 0.13167704641819 0.132310688495636 0.151796743273735 0.197040393948555 0.243011280894279 0.281335890293121 0.309505343437195 0.333351105451584 0.358043432235718 0.38860958814621 0.465826094150543 0.485569089651108 0.489031940698624 0.463864266872406 0.498247057199478 0.508737564086914 0.520586609840393 0.494401842355728 0.493549436330795 0.340916216373444 0.260093152523041 0.214318558573723 0.178207471966743 0.144403979182243 0.134608075022697 0.119744636118412 0.072360172867775 0.0745762512087822 0.0710014626383781 0.0688754320144653 0.0577456764876842 0.0514936223626137 0.0445454828441143 0.0439689159393311
0.0186055302619934 0.0184662323445082 0.0266370233148336 0.0263416171073914 0.0501517951488495 0.0663547813892365 0.0484642647206783 0.058488491922617 0.0774816274642944 0.104273080825806 0.129642620682716 0.131672784686089 0.16504268348217 0.208263009786606 0.245871618390083 0.277830213308334 0.306940943002701 0.326083242893219 0.39091169834137 0.408198237419128 0.428734987974167 0.451767265796661 0.49322435259819 0.536784648895264 0.543397307395935 0.549949526786804 0.588455557823181 0.523472785949707 0.462351620197296 0.336418032646179 0.306427747011185 0.253558933734894 0.179188415408134 0.135604709386826 0.110046185553074 0.110710807144642 0.0667560622096062 0.0621310323476791 0.0607087314128876 0.0643226429820061 0.0535016134381294 0.0509505420923233 0.0490791983902454 0.0410810746252537
0.0147666996344924 0.0154121657833457 0.0227962210774422 0.0200875923037529 0.0285214800387621 0.0552190393209457 0.0530598349869251 0.0648218765854836 0.0669568628072739 0.104680024087429 0.114174388349056 0.105336867272854 0.18175220489502 0.219424247741699 0.24738273024559 0.275912553071976 0.309510767459869 0.352861672639847 0.393312960863113 0.421751707792282 0.430629014968872 0.504532933235168 0.54745227098465 0.576445400714874 0.581576228141785 0.58967924118042 0.593460619449615 0.584485352039337 0.497311681509018 0.366111367940903 0.26085889339447 0.216954797506332 0.16424073278904 0.111866839230061 0.0917226374149323 0.0848261415958405 0.0765161067247391 0.0594513118267059 0.0611390806734562 0.053349856287241 0.0441724173724651 0.0555919297039509 0.0525905638933182 0.0415155179798603
