data/climate_estimation/maxent_output/Alstroemeria_ligtu.asc
NCOLS 153 
NROWS 400 
XLLCORNER -77.5833333333333 
YLLCORNER -41.75 
CELLSIZE 0.0833333333333333 
NODATA_value -3.4e+38 
[rows 264 to 285 of 400, columns 102 to 152 of 153]
0.000195971500943415 0.000343620515195653 0.000625949644017965 0.000313585682306439 0.000250536249950528 0.000190438819117844 0.000254889047937468 0.000224838833673857 0.000170912651810795 0.000117458439490292 0.000157946720719337 0.000151426065713167 0.000241587869822979 0.000246186769800261 0.000352126604411751 0.00319630419835448 0.00157273898366839 0.00076536025153473 0.00066441687522456 0.000642106169834733 0.000683974067214876 0.000688016123604029 0.000652459741104394 0.000649135501589626 0.000768296187743545 0.00076142349280417 0.000821199791971594 0.000843577785417438 0.00117572851013392 0.00167522777337581 0.00228782673366368 0.00473884446546435 0.00419636024162173 0.00449849292635918 0.00436593173071742 0.00381266558542848 0.00343514955602586 0.00314459856599569 0.0024064565077424 0.00221538590267301 0.00201936974190176 0.00206799828447402 0.00209829676896334 0.00202457862906158 0.00211954768747091 0.00225654221139848 0.00252868118695915 0.00255073700100183 0.002381956204772 0.00300060748122633 0.00282337050884962
0.000137402661493979 0.000207043267437257 0.000531425350345671 0.000522872200235724 0.000212797051062807 0.00013718189438805 0.000255839055171236 0.000151743442984298 0.000135653346660547 0.000150333711644635 0.00013430324906949 0.000141017750138417 0.000205236196052283 0.000197750763618387 0.000360312813427299 0.00190802162978798 0.00258927932009101 0.00076547241769731 0.000638298515696079 0.000622660270892084 0.000694290094543248 0.000685384904500097 0.000710540334694088 0.000712708977516741 0.000712228822521865 0.000869730545673519 0.000937071570660919 0.00120087654795498 0.00132401089649647 0.001977464184165 0.00271076103672385 0.00445442507043481 0.00709522468969226 0.00504289194941521 0.00490325689315796 0.00417762296274304 0.00357438321225345 0.00351351429708302 0.0031299211550504 0.00277531542815268 0.00245793024078012 0.0024838293902576 0.00207379437051713 0.00234078080393374 0.00233425782062113 0.00244878069497645 0.00264828372746706 0.00234264484606683 0.00304330349899828 0.00326567492447793 0.00296049960888922
0.000187432509846985 0.000400354212615639 0.000474150263471529 0.000339827878633514 0.000135267415316775 8.20713248685934e-05 0.000128715400933288 0.000140119416755624 0.000100667341030203 0.000117129435238894 0.000121662873425521 0.000163118646014482 0.000184396965778433 0.000182645439053886 0.000227994227316231 0.00124411133583635 0.00240680365823209 0.000954045215621591 0.000753189204260707 0.000648448709398508 0.00053443992510438 0.000665086088702083 0.000689435284584761 0.000689415959641337 0.000707878789398819 0.000914319651201367 0.00101193448062986 0.00139114167541265 0.00174748827703297 0.00337174604646862 0.00284974253736436 0.00505695631727576 0.00621951464563608 0.00502756517380476 0.00484707392752171 0.00440102117136121 0.0042764856480062 0.0033563410397619 0.00307879759930074 0.00285367690958083 0.00295904302038252 0.00231560994870961 0.00247895321808755 0.00223366566933692 0.00261789932847023 0.00272331037558615 0.00301241781562567 0.00302067468874156 0.00325308460742235 0.00372035428881645 0.00415035290643573
0.000320812512654811 0.000195422093383968 0.000270195334451273 0.000302755594020709 0.000171697058249265 0.000112674526462797 0.000117222443805076 0.000141611351864412 8.91042072908022e-05 0.000102548154245596 9.49951354414225e-05 0.000138629460707307 0.000151963671669364 0.000150522741023451 0.000170983839780092 0.000527893891558051 0.00272920215502381 0.00134134024847299 0.000919149140827358 0.000916206859983504 0.000535278697498143 0.000622551247943193 0.000684819591697305 0.000751973828300834 0.000777999695856124 0.000982743687927723 0.00129888707306236 0.00176036544144154 0.00193798949476331 0.00451027927920222 0.00496487133204937 0.00463094888255 0.00593767780810595 0.00630042888224125 0.00448420410975814 0.0046889535151422 0.00400438858196139 0.00355851114727557 0.00343352276831865 0.00315159698948264 0.00274321436882019 0.00288990559056401 0.00234064646065235 0.00241635250858963 0.00333490921184421 0.00361463660374284 0.00320081738755107 0.00331235607154667 0.00398756470531225 0.00414018519222736 0.00424821581691504
0.000164515789947473 0.000112558038381394 0.000185623473953456 0.000317678845021874 9.05946290004067e-05 0.000115358445327729 0.000132065455545671 0.000141784010338597 0.000105823317426257 8.68053393787704e-05 0.000117307856271509 0.000116303926915862 0.000114825284981634 0.000129736014059745 0.000212336701224558 0.000274095160420984 0.00129845156334341 0.00247815088368952 0.00198976416140795 0.00118658551946282 0.000787860481068492 0.000609424780122936 0.00065996078774333 0.000802595226559788 0.000752445019315928 0.00109971279744059 0.00162799120880663 0.00184807600453496 0.00246466160751879 0.00436055334284902 0.00573576148599386 0.00538491597399116 0.0050780288875103 0.00563767040148377 0.00494627701118588 0.00451366323977709 0.00413196906447411 0.00372263859026134 0.00313077913597226 0.00295319617725909 0.00285470555536449 0.00216483743861318 0.00241932389326394 0.00252611679024994 0.00350990775041282 0.00405012909322977 0.00319588673301041 0.0035381882917136 0.00438429275527596 0.00480767572298646 0.00528363650664687
0.000132032175315544 0.00011380240903236 0.000176755405846052 0.000424046505941078 0.000165707329870202 0.000108564956462942 0.000145428653922863 0.000153808403410949 0.000111839573946781 7.54928842070512e-05 9.78687239694409e-05 0.000101429868664127 9.47787484619766e-05 0.0001259353448404 0.000186211167601869 0.000212322949664667 0.000275040714768693 0.000902969040907919 0.00260702637024224 0.00232057529501617 0.00120096758473665 0.000626125780399889 0.000639911449979991 0.00076819583773613 0.00100631208624691 0.0012287221616134 0.00142442621290684 0.00211572181433439 0.00316678429953754 0.00474604917690158 0.00846538040786982 0.00664999336004257 0.00530196167528629 0.00565748615190387 0.00453913910314441 0.00449697067961097 0.00448562623932958 0.00372435757890344 0.00301497289910913 0.00309442216530442 0.00302599999122322 0.00233578635379672 0.00226490362547338 0.00244843331165612 0.00478304643183947 0.00577813060954213 0.00452256016433239 0.0045227687805891 0.0046741240657866 0.00488067278638482 0.00819733832031488
8.79999424796551e-05 0.000135001842863858 0.000154684414155781 0.000250930403126404 0.000106640720332507 0.000115863615064882 0.000105736267869361 9.60315956035629e-05 8.43619927763939e-05 7.56480076233856e-05 0.000102911668363959 8.66571281221695e-05 9.25422282307409e-05 0.000145906815305352 0.000164612240041606 0.000199644564418122 0.000218832967220806 0.000413510337239131 0.00362319848500192 0.00452560000121593 0.00244543305598199 0.000734490575268865 0.000637260440271348 0.000784431176725775 0.000979667995125055 0.00106774736195803 0.00187756738159806 0.00276835029944777 0.00339367776177824 0.00560429506003857 0.00737132411450148 0.00634223408997059 0.00551142962649465 0.00476629985496402 0.00430861860513687 0.00403255503624678 0.00415912689641118 0.00318685988895595 0.00321953068487346 0.00329716317355633 0.0026793519500643 0.00281248101964593 0.00226592621766031 0.00304595450870693 0.00745532242581248 0.00803820509463549 0.00511617725715041 0.00490885367617011 0.00528858182951808 0.00705708935856819 0.0110811218619347
3.55611700797454e-05 0.000266707123955712 0.000157440052134916 0.000143604163895361 5.56507911824156e-05 0.000130562242702581 0.000107563690107781 6.15923636360094e-05 6.03864245931618e-05 8.05804884294048e-05 7.80282935011201e-05 0.000120743017760105 0.000126814105897211 0.000217630251427181 0.000256417435593903 0.000204970507184044 0.000204219424631447 0.000300436920952052 0.00162380759138614 0.00519437994807959 0.00272342655807734 0.00114164245314896 0.000666783249471337 0.0007320815930143 0.00100310507696122 0.00103898206725717 0.00182979716919363 0.00258172606118023 0.00411120150238276 0.0064681158401072 0.00594077305868268 0.00615840498358011 0.005910933483392 0.00403770385310054 0.00441838521510363 0.00413191318511963 0.00350481551140547 0.00347619433887303 0.00321210268884897 0.00282507087104023 0.00267551001161337 0.00222105300053954 0.00242001563310623 0.00366830104030669 0.00834605004638433 0.00896486826241016 0.00677786814048886 0.0049997721798718 0.00591830862686038 0.00804932322353125 0.0118025038391352
4.26169717684388e-05 6.97225041221827e-05 0.000165583551279269 0.000157996284542605 6.54756368021481e-05 8.05046001914889e-05 0.000101053905382287 5.21271977049764e-05 6.95218986948021e-05 6.10983479418792e-05 6.19223501416855e-05 0.000100196622952353 0.000461358926258981 0.00208844686858356 0.00287983613088727 0.000573818921111524 0.000225059528020211 0.000224878778681159 0.000702624151017517 0.00445476314052939 0.00295591214671731 0.000906146538909525 0.000609548704233021 0.00070782023249194 0.00088139739818871 0.00100039900280535 0.00166124035604298 0.00228611589409411 0.00437246868386865 0.00684126280248165 0.00450863968580961 0.00489829713478684 0.00469927210360765 0.00431197648867965 0.00433798227459192 0.00399182317778468 0.00321276229806244 0.00320728472433984 0.0031569569837302 0.0026571957860142 0.00267306389287114 0.002419174881652 0.00270219473168254 0.00370246381498873 0.00852271262556314 0.00830553192645311 0.00750985043123364 0.00636635674163699 0.00689459498971701 0.0130339059978724 0.0160060469061136
0.000114721209683921 4.14649693993852e-05 0.000347157649230212 8.38955747894943e-05 7.68775207689032e-05 5.14608109369874e-05 0.000201959584956057 9.1850379249081e-05 5.28325508639682e-05 6.62447564536706e-05 6.40434009255841e-05 0.00015573445125483 0.00094061967683956 0.00207930337637663 0.00193814211525023 0.000836265622638166 0.000217207954847254 0.000231668775086291 0.000679613614920527 0.00312601774930954 0.00270758755505085 0.000752348627429456 0.000503007904626429 0.000585544505156577 0.000800133857410401 0.000999485491774976 0.00152244162745774 0.00201287865638733 0.00337548763491213 0.00487593421712518 0.00414208089932799 0.00495062815025449 0.00399209605529904 0.00437264423817396 0.00420885300263762 0.00371260591782629 0.00337086641229689 0.00321027706377208 0.00242693489417434 0.00246708909980953 0.00246629724279046 0.00250950269401073 0.00221176352351904 0.00364515883848071 0.00885071605443954 0.0104320058599114 0.00756910163909197 0.0069028390571475 0.00774267828091979 0.014398543164134 0.0229858700186014
4.21515251218807e-05 7.18550436431542e-05 0.000114604496047832 5.76102247578092e-05 3.06940164591651e-05 6.13412848906592e-05 7.27164442650974e-05 5.16613654326648e-05 2.3460268494091e-05 4.88274708914105e-05 5.47597592230886e-05 0.000150982945342548 0.0014569842023775 0.00151094992179424 0.00170554383657873 0.000664327060803771 0.000199765534489416 0.000217529362998903 0.000428573286626488 0.000955944589804858 0.00130891369190067 0.00056013441644609 0.000497789296787232 0.000546577211935073 0.000726893835235387 0.000916917691938579 0.00138183007948101 0.00193507445510477 0.00251972465775907 0.00377363967709243 0.00367662729695439 0.00438554165884852 0.00414507184177637 0.00432527018710971 0.00356459757313132 0.00328779709525406 0.00263977400027215 0.00265943165868521 0.00226029776968062 0.00197018473409116 0.00221936358138919 0.00202806224115193 0.00262193940579891 0.00328038120642304 0.0105296056717634 0.0113708078861237 0.0100142443552613 0.00782597530633211 0.00803180038928986 0.0146597335115075 0.0272803492844105
6.3424748077523e-05 5.63734683964867e-05 0.000108701067802031 7.0761947426945e-05 1.26079230540199e-05 3.52887473127339e-05 1.51034710142994e-05 4.96673164889216e-05 3.17695667035878e-05 3.31641131197102e-05 5.42053749086335e-05 0.000322619656799361 0.00104289664886892 0.00136667140759528 0.00163210753817111 0.000310350849758834 0.000154519962961785 0.000194054257008247 0.000348963221767917 0.000384978658985347 0.000748613674659282 0.000510858080815524 0.000464678334537894 0.000544873939361423 0.000731024250853807 0.000888835405930877 0.00129870534874499 0.00173521437682211 0.0020702404435724 0.00307496474124491 0.00310001312755048 0.0038474346511066 0.00398133927956223 0.00356832123361528 0.00321000744588673 0.00316476938314736 0.00252725626341999 0.00257236161269248 0.00236492324620485 0.00198964052833617 0.00233928067609668 0.0024285176768899 0.00208379328250885 0.00266284449025989 0.00907875690609217 0.0113591942936182 0.00963188149034977 0.00802462175488472 0.0106520671397448 0.0156546123325825 0.0251448657363653
4.45150690211449e-05 3.6546254705172e-05 4.95747262903024e-05 1.69524046214065e-05 1.2448226698325e-05 2.21213304030243e-05 2.72638990281848e-05 2.74266840278869e-05 4.68744074169081e-05 2.29405795835191e-05 6.1127204389777e-05 0.000489680969621986 0.00147732417099178 0.00187450752127916 0.000754506036173552 0.000184134943992831 0.000131835695356131 0.000192496416275389 0.000288793613435701 0.000297407881589606 0.000433964771218598 0.000406353821745142 0.00044020323548466 0.000549709191545844 0.000679955759551376 0.000757391797378659 0.00117549917194992 0.00150265148840845 0.00159265287220478 0.00233427830971777 0.00247324211522937 0.00310458894819021 0.00328390230424702 0.00354626611806452 0.00274213496595621 0.00295506347902119 0.00251298071816564 0.00201847427524626 0.00220176973380148 0.00220831064507365 0.00250656553544104 0.0023227920755744 0.00239947088994086 0.002231186022982 0.0068616196513176 0.00836813915520906 0.00876922253519297 0.00925506465137005 0.0107086841017008 0.0208708271384239 0.0307950470596552
1.66284498845926e-05 2.61415098066209e-05 2.59747430391144e-05 1.16695364340558e-05 8.62915840116329e-06 1.09604516183026e-05 1.6348692952306e-05 4.27117993240245e-05 3.33614334522281e-05 2.63373494817642e-05 0.000119593983981758 0.000570368545595556 0.00110358220990747 0.0010353762190789 0.000276862701866776 0.000136949791340157 0.000140132920932956 0.000175991648575291 0.000242035981500521 0.000340952625265345 0.000358587218215689 0.000434746674727648 0.000425282749347389 0.000478964706417173 0.000618668796960264 0.000717659015208483 0.00116837001405656 0.00101487128995359 0.00140333105809987 0.00206603738479316 0.00214242725633085 0.00223598582670093 0.00315088336355984 0.00419885152950883 0.00254364474676549 0.00253232358954847 0.00219044275581837 0.00180279475171119 0.0022607569117099 0.00218633166514337 0.00184881861787289 0.00178163941018283 0.00222957716323435 0.00196580053307116 0.00359164481051266 0.0108002331107855 0.00829023309051991 0.00800343602895737 0.0104266693815589 0.0200448893010616 0.0262195281684399
5.46252704225481e-05 3.59814330295194e-05 7.87048775237054e-05 3.66261447197758e-05 2.42181813518982e-05 9.77132367552258e-06 1.57543727254961e-05 3.96266223106068e-05 3.44639993272722e-05 1.90144728549058e-05 4.25598555011675e-05 0.000188151156180538 0.000636128999758512 0.000581629108637571 0.00016995015903376 0.000121416625916027 0.000137061389978044 0.000175991648575291 0.00022844789782539 0.000310216564685106 0.000326400651829317 0.0004229805781506 0.000452639593277127 0.000527687254361808 0.000511311925947666 0.000740023679099977 0.000962858321145177 0.000842469744384289 0.00122852926142514 0.00141023471951485 0.00182448315899819 0.00195600953884423 0.00269793090410531 0.00503880297765136 0.00228096032515168 0.00174284097738564 0.0019019793253392 0.00184314558282495 0.00174170383252203 0.00218587880954146 0.00212146621197462 0.00178552477154881 0.00193525734357536 0.00196840381249785 0.00219076103530824 0.00555927585810423 0.0109492242336273 0.00824856851249933 0.00862500909715891 0.0146944150328636 0.0268398318439722
5.24213573953602e-05 2.23792794713518e-05 0.000103453698102385 4.31477456004359e-05 6.52678791084327e-05 1.66017580340849e-05 7.47267313272459e-06 9.0741777967196e-06 1.85002463695128e-05 2.2248914319789e-05 2.31999947573058e-05 7.07710496499203e-05 0.000118318035674747 0.000196355002117343 0.000123136982438155 0.000125145699712448 0.000145247075124644 0.000188014542800374 0.000227412703679875 0.00030320740188472 0.000340905564371496 0.000460726470919326 0.000510224490426481 0.00056016759481281 0.000537938380148262 0.000721102696843445 0.000864404020830989 0.000896625162567943 0.00104044505860656 0.00123957404866815 0.0014502692501992 0.00193739566020668 0.00242143915966153 0.00454575335606933 0.00202128128148615 0.0018062781309709 0.00176188803743571 0.00177031627390534 0.00179918250069022 0.00181246036663651 0.00191461911890656 0.00206389371305704 0.00180499348789454 0.00173461681697518 0.00216445326805115 0.00249458337202668 0.00601104507222772 0.00859309080988169 0.00865054503083229 0.0104379197582603 0.0268005859106779
5.40182481927332e-05 1.2695637451543e-05 0.000107663596281782 6.69255678076297e-05 7.9716533946339e-05 1.54020672198385e-05 6.20824721409008e-06 7.89631303632632e-06 1.6506284737261e-05 1.59923747560242e-05 2.92603835987393e-05 5.26775911566801e-05 9.51141555560753e-05 8.19344350020401e-05 0.000130319880554453 0.000152815468027256 0.000142850753036328 0.000131029999465682 0.000228692413656972 0.000240131208556704 0.000295096688205376 0.000415032962337136 0.000476701156003401 0.000540079257916659 0.000561862136237323 0.000651884241960943 0.000729686464183033 0.000737306370865554 0.000855773279909045 0.00105017283931375 0.00136281934101135 0.00172696216031909 0.00216409424319863 0.0033059767447412 0.00187548878602684 0.00193806877359748 0.00176403275690973 0.00170865783002228 0.00192144804168493 0.00174928526394069 0.0017536417581141 0.00203163200058043 0.00205429270863533 0.00214288057759404 0.00186390138696879 0.00229097157716751 0.00456396816298366 0.00628632633015513 0.00662254169583321 0.00802676938474178 0.0257420111447573
1.17007230073796e-05 1.24238922580844e-05 6.89658481860533e-05 5.56097802473232e-05 3.7379653804237e-05 1.55640627781395e-05 1.02800577224116e-05 1.66638819791842e-05 1.15885550258099e-05 2.09067038667854e-05 2.19098656089045e-05 2.97936730930815e-05 3.9855560316937e-05 7.48247330193408e-05 0.000140442862175405 0.000143303244840354 0.000129014500998892 0.000131665350636467 0.000195087559404783 0.000240513851167634 0.000239889894146472 0.000413728237617761 0.000619896163698286 0.000541673682164401 0.00057500833645463 0.000744425400625914 0.000579837244004011 0.000625337939709425 0.000861383101437241 0.00105174828786403 0.00133883906528354 0.00165009486954659 0.00205710018053651 0.0023320100735873 0.00182387034874409 0.00193730462342501 0.00175340927671641 0.001711385557428 0.00171682587824762 0.0017799778142944 0.00174139381852001 0.00182782602496445 0.00171130883973092 0.00220586569048464 0.00184197234921157 0.00217177462764084 0.00283171562477946 0.00464363908395171 0.00640384620055556 0.0101665118709207 0.0227535888552666
1.25117858260637e-05 3.32877971231937e-05 6.94968985044397e-05 4.01154575229157e-05 1.8772239855025e-05 9.84246435109526e-06 8.89248167368351e-06 9.68668337009149e-06 2.18746845348505e-05 1.63066342793172e-05 3.57131466444116e-05 3.57113240170293e-05 4.01603065256495e-05 6.7943510657642e-05 8.81133455550298e-05 9.5947427325882e-05 0.000121174882224295 0.000146988793858327 0.000186560006113723 0.000233213766478002 0.000256585597526282 0.000349170528352261 0.00068077479954809 0.000658950943034142 0.000631706323474646 0.000627330504357815 0.000616063829511404 0.000645809981506318 0.000825637893285602 0.00108713284134865 0.00119659549091011 0.00160951737780124 0.00199083075858653 0.00205133459530771 0.00186523259617388 0.00165661633946002 0.00153751391917467 0.0022315252572298 0.00189746113028377 0.0017731316620484 0.00218747067265213 0.00218808278441429 0.00205124169588089 0.00171073421370238 0.00189754122402519 0.00208875606767833 0.0021998593583703 0.00439799576997757 0.00630743289366364 0.021258007735014 0.0230824761092663
1.32731165649602e-05 7.29698585928418e-05 4.33817549492233e-05 5.96658646827564e-05 1.27707889987505e-05 6.20995569988736e-06 1.12414982140763e-05 1.63747063197661e-05 1.51019503391581e-05 2.30817222472979e-05 2.39199980569538e-05 5.18960114277434e-05 5.83602522965521e-05 6.53761380817741e-05 9.17993020266294e-05 9.31890317588113e-05 0.000113862697617151 0.000148414474097081 0.000188763558981009 0.000206381562747993 0.000295779871521518 0.000309452909277752 0.000531649624463171 0.000658933247905225 0.00066485209390521 0.000688838656060398 0.000712037668563426 0.000701555167324841 0.000890724011696875 0.00100845098495483 0.00116001348942518 0.00155457062646747 0.00188005692325532 0.0018246783874929 0.00207115174271166 0.00197625276632607 0.00204147235490382 0.00199243798851967 0.00179702881723642 0.00219957111403346 0.00215017050504684 0.00173491833265871 0.00187521439511329 0.00203237519599497 0.00202865083701909 0.00242213299497962 0.00305502442643046 0.00484994845464826 0.00576115120202303 0.0203363932669163 0.0206354819238186
1.09323145807139e-05 4.75243759865407e-05 3.71398746210616e-05 1.69565264513949e-05 9.60417401074665e-06 5.87887325309566e-06 6.16415672993753e-06 1.37043607537635e-05 1.9784371033893e-05 1.66872196132317e-05 3.04859768220922e-05 3.68365508620627e-05 3.48368957929779e-05 6.73867907607928e-05 7.70370024838485e-05 0.000113548463559709 0.000131234846776351 0.00016827491344884 0.000166779063874856 0.000205070740776137 0.000238118605921045 0.000238354186876677 0.000328415626427159 0.000787640630733222 0.000745133496820927 0.00078717787982896 0.000808935612440109 0.000774673477280885 0.000856749655213207 0.000829735770821571 0.00120376935228705 0.00129279308021069 0.00167188665363938 0.00188538688234985 0.0019691193010658 0.00200666324235499 0.00234553124755621 0.0022805561311543 0.00225689890794456 0.00223598745651543 0.00204676296561956 0.00206305366009474 0.00193895027041435 0.0020000587683171 0.00283116614446044 0.00326978950761259 0.00321432552300394 0.00375748239457607 0.00577871268615127 0.0220176596194506 0.0194945558905602
1.07754058262799e-05 8.18122935015708e-05 1.8181313862442e-05 7.66469202062581e-06 6.03947955823969e-06 8.38920368551044e-06 9.99870826490223e-06 7.77070181356976e-06 1.77966157934861e-05 2.65839480562136e-05 3.35637378157116e-05 5.04806776007172e-05 4.96199209010229e-05 5.28215896338224e-05 6.17869809502736e-05 0.000136361937620677 0.000143207842484117 0.000148755716509186 0.000124778875033371 0.00014434456534218 0.000237617568927817 0.000264839705778286 0.000359519006451592 0.000670001376420259 0.000579130370169878 0.000778650457505137 0.000670463836286217 0.000638349913060665 0.000738191651180387 0.000867080758325756 0.00101716024801135 0.00152584013994783 0.00206289952620864 0.00223827036097646 0.00253846100531518 0.00226786965504289 0.00220520049333572 0.00252202129922807 0.00226830062456429 0.00277526723220944 0.00266667734831572 0.00258719315752387 0.00203158380463719 0.00254279724322259 0.00389404431916773 0.00371026387438178 0.0034427847713232 0.00379106285981834 0.00506903510540724 0.0177740268409252 0.0170447546988726
