data/climate_estimation/maxent_output/Alstroemeria_longistyla.asc
NCOLS 116 
NROWS 217 
XLLCORNER -53.0833333333333 
YLLCORNER -19.5833333333333 
CELLSIZE 0.0833333333333333 
NODATA_value -3.4e+38 
[rows 114 to 132 of 217, columns 0 to 42 of 116]
0.240800499916077 0.253599852323532 0.255236566066742 0.268567681312561 0.270512670278549 0.20440773665905 0.243447884917259 0.255813419818878 0.245712921023369 0.112085305154324 0.112390793859959 0.123731836676598 0.118001759052277 0.0427015125751495 0.0426429361104965 0.0433508791029453 0.0433063544332981 0.0168908331543207 0.0160285923629999 0.0431232266128063 0.0409416630864143 0.040922224521637 0.040798507630825 0.0407511219382286 0.0406818762421608 0.0384899750351906 0.101493246853352 0.101536639034748 0.0963898077607155 0.101221777498722 0.101192951202393 0.101031355559826 0.106209225952625 0.241938322782516 0.241767317056656 0.242058902978897 0.253676325082779 0.23195418715477 0.243473365902901 0.233086377382278 0.233705833554268 0.323640733957291 0.339189648628235
0.240881755948067 0.273236840963364 0.255456924438477 0.26886311173439 0.304241985082626 0.319736808538437 0.243718072772026 0.268055617809296 0.277728170156479 0.278338879346848 0.114581637084484 0.120196081697941 0.120231620967388 0.045805599540472 0.0457299835979939 0.0412319898605347 0.0433113053441048 0.0432928875088692 0.0410558842122555 0.0410835929214954 0.0409595258533955 0.0408661738038063 0.0408614911139011 0.0386560000479221 0.0386099070310593 0.0405011810362339 0.106559783220291 0.101278319954872 0.101095341145992 0.10080049186945 0.100983262062073 0.100905604660511 0.100731752812862 0.24118372797966 0.23060730099678 0.241707071661949 0.242089062929153 0.231611117720604 0.243047147989273 0.233035251498222 0.244400694966316 0.234561577439308 0.325411528348923
0.259694069623947 0.261731266975403 0.275195121765137 0.28962904214859 0.304516911506653 0.320315003395081 0.322233289480209 0.264818578958511 0.290918529033661 0.283568650484085 0.296232730150223 0.120671488344669 0.115046054124832 0.109316572546959 0.0436367690563202 0.0435231141746044 0.043474055826664 0.0456349477171898 0.0433292835950851 0.0432761609554291 0.0410088561475277 0.0388234928250313 0.0388183444738388 0.0366460457444191 0.0365781486034393 0.0919142961502075 0.101147957146168 0.0958580821752548 0.095733642578125 0.100631065666676 0.0956933721899986 0.0956225544214249 0.100616060197353 0.240712285041809 0.24098251760006 0.241400182247162 0.230634108185768 0.242093741893768 0.231861546635628 0.222249925136566 0.233449772000313 0.234667897224426 0.235483258962631
0.230151042342186 0.261456280946732 0.275382995605469 0.289792835712433 0.304828435182571 0.320211470127106 0.360586732625961 0.393703579902649 0.396226406097412 0.29686313867569 0.297360509634018 0.297131836414337 0.126945957541466 0.115001127123833 0.114986822009087 0.045846838504076 0.0458270162343979 0.0457000210881233 0.0456656664609909 0.0432908944785595 0.0410062521696091 0.0409876778721809 0.0387286394834518 0.0367225706577301 0.0864702090620995 0.0872398465871811 0.0962873548269272 0.0958809703588486 0.095683716237545 0.0954314991831779 0.100327327847481 0.095363087952137 0.240345880389214 0.24046579003334 0.240698277950287 0.230305045843124 0.230339631438255 0.230906561017036 0.221138551831245 0.232362866401672 0.233238607645035 0.24530553817749 0.23559308052063
0.219777181744576 0.231701746582985 0.233539745211601 0.311352431774139 0.304743707180023 0.343787401914597 0.360745787620544 0.378417134284973 0.295736849308014 0.310373067855835 0.310979694128036 0.297141164541245 0.126943156123161 0.120823346078396 0.114993803203106 0.1205864995718 0.0457232892513275 0.0454925335943699 0.0481118075549603 0.0428118146955967 0.0420031808316708 0.037530891597271 0.0360404588282108 0.0902269035577774 0.0845363363623619 0.0869053229689598 0.0902135297656059 0.0858747512102127 0.0954868495464325 0.095279835164547 0.228141903877258 0.23930935561657 0.228970259428024 0.240166485309601 0.240398332476616 0.240687444806099 0.100693009793758 0.0914672538638115 0.0917339473962784 0.0967492759227753 0.097186379134655 0.0975952818989754 0.235321402549744
0.209778279066086 0.231488853693008 0.244058877229691 0.265066981315613 0.267103493213654 0.329518854618073 0.346504807472229 0.368224531412125 0.295515388250351 0.310057044029236 0.310021966695786 0.323627829551697 0.309817403554916 0.126709520816803 0.132847994565964 0.120129123330116 0.11975471675396 0.120023131370544 0.11878727376461 0.119047150015831 0.100984647870064 0.0996159762144089 0.0894196182489395 0.0858350172638893 0.084758572280407 0.0810272693634033 0.0816661491990089 0.0865971073508263 0.215538889169693 0.228301003575325 0.2280343323946 0.239138066768646 0.239760011434555 0.229092210531235 0.22921459376812 0.100635536015034 0.100706711411476 0.100859940052032 0.0962239056825638 0.0964072719216347 0.0971172228455544 0.0975305289030075 0.0980246439576149
0.232719540596008 0.237490653991699 0.251501560211182 0.262975752353668 0.267119854688644 0.329518854618073 0.344920456409454 0.268903195858002 0.278871357440948 0.308135539293289 0.30969250202179 0.3078832924366 0.308482348918915 0.314363867044449 0.138248100876808 0.136325031518936 0.129986435174942 0.129565343260765 0.122821249067783 0.110376209020615 0.111257143318653 0.105548202991486 0.0884623304009438 0.0843883752822876 0.0836924538016319 0.0845201462507248 0.0792569220066071 0.207082852721214 0.217693820595741 0.227447241544724 0.239324286580086 0.239465191960335 0.239637061953545 0.23974172770977 0.229325070977211 0.0955628529191017 0.0955302566289902 0.0956629887223244 0.0912081822752953 0.0914935916662216 0.0965563878417015 0.0969974920153618 0.0979212149977684
0.196299821138382 0.23653057217598 0.245202973484993 0.249969854950905 0.313400715589523 0.326458603143692 0.344920456409454 0.26736131310463 0.27771058678627 0.289765536785126 0.30505308508873 0.318973630666733 0.330509215593338 0.317308574914932 0.316361516714096 0.13848802447319 0.14836648106575 0.143696531653404 0.121488370001316 0.114628240466118 0.109335832297802 0.105038374662399 0.0966023877263069 0.0887579098343849 0.0833986401557922 0.0837832242250443 0.214206829667091 0.227202907204628 0.210837155580521 0.217246204614639 0.239827632904053 0.239959463477135 0.240199044346809 0.240333884954453 0.240401327610016 0.100587092339993 0.0955478325486183 0.091145820915699 0.0911676436662674 0.0912571176886559 0.0363836251199245 0.038501113653183 0.0387256667017937
0.201070606708527 0.2037383466959 0.24507874250412 0.258085519075394 0.316569298505783 0.320298463106155 0.33326268196106 0.261143684387207 0.261568576097488 0.287029087543488 0.307453006505966 0.313017666339874 0.341786891222 0.141360372304916 0.143077909946442 0.14715351164341 0.148816451430321 0.157347202301025 0.135929897427559 0.120576076209545 0.120412573218346 0.109362863004208 0.0973338186740875 0.0908268690109253 0.0891649127006531 0.216249167919159 0.216024175286293 0.22352796792984 0.22409051656723 0.230240732431412 0.241119503974915 0.240848153829575 0.241203501820564 0.241171836853027 0.240709260106087 0.100609973073006 0.100702412426472 0.0908386036753654 0.0909577086567879 0.0913133099675179 0.0363227725028992 0.0346053205430508 0.0386432409286499
0.201424866914749 0.203441932797432 0.253186374902725 0.265026837587357 0.314459025859833 0.331532120704651 0.251258224248886 0.267791897058487 0.27377462387085 0.272159814834595 0.295319437980652 0.313542395830154 0.14715987443924 0.152487739920616 0.152359932661057 0.152110323309898 0.161085560917854 0.164376318454742 0.141683131456375 0.133194282650948 0.121438652276993 0.114471651613712 0.103619508445263 0.098761223256588 0.221823811531067 0.226520970463753 0.240475744009018 0.230011790990829 0.244842484593391 0.24235811829567 0.254692286252975 0.239958062767982 0.242080643773079 0.242174923419952 0.241571038961411 0.0958895981311798 0.0957649722695351 0.0910349413752556 0.0910620465874672 0.0910745039582253 0.034418985247612 0.0364142321050167 0.0425131507217884
0.197328016161919 0.199243724346161 0.251857936382294 0.260684698820114 0.308820784091949 0.339399248361588 0.259650558233261 0.265785396099091 0.264339238405228 0.290690332651138 0.124017111957073 0.129665464162827 0.137612655758858 0.131310373544693 0.14686892926693 0.0632547959685326 0.068331815302372 0.0651154741644859 0.174540549516678 0.178272381424904 0.138782382011414 0.120635621249676 0.272451102733612 0.247025221586227 0.246972292661667 0.239474579691887 0.240037873387337 0.249922066926956 0.25848925113678 0.25371989607811 0.249420583248138 0.255540728569031 0.243252336978912 0.242989718914032 0.242382749915123 0.242110788822174 0.0914541631937027 0.0913136526942253 0.0864913687109947 0.0866011530160904 0.0362704806029797 0.0363391414284706 0.0425774455070496
0.204271927475929 0.231525674462318 0.259115368127823 0.30359360575676 0.321870505809784 0.334965527057648 0.256593614816666 0.273129224777222 0.275801122188568 0.116291135549545 0.128371953964233 0.115195043385029 0.126204818487167 0.0531402379274368 0.058876745402813 0.0626904368400574 0.0591230653226376 0.0530101284384727 0.0616923756897449 0.178481116890907 0.152736186981201 0.126028254628181 0.28136420249939 0.274227529764175 0.257060915231705 0.254539966583252 0.243722781538963 0.240498244762421 0.26489445567131 0.261691063642502 0.257654041051865 0.268751353025436 0.268233001232147 0.243980884552002 0.254621356725693 0.242492064833641 0.0964119955897331 0.0963684543967247 0.0912338569760323 0.0868899673223495 0.0870634838938713 0.0345645509660244 0.0406286232173443
0.200702026486397 0.24138817191124 0.266080021858215 0.31451216340065 0.327665150165558 0.242045059800148 0.265011638402939 0.270546108484268 0.114554882049561 0.119107089936733 0.116152450442314 0.117566049098969 0.0498163774609566 0.0523821301758289 0.0510259047150612 0.0560582503676414 0.0556894280016422 0.0538802072405815 0.0488016046583652 0.0632797032594681 0.151479631662369 0.128830388188362 0.292757034301758 0.2648865878582 0.251709461212158 0.257174015045166 0.259884178638458 0.264916598796844 0.271363884210587 0.271632015705109 0.257564455270767 0.255691707134247 0.269139915704727 0.256007254123688 0.255636513233185 0.243427857756615 0.242973357439041 0.0916321128606796 0.0916258469223976 0.0917739197611809 0.082907035946846 0.0923088565468788 0.0409220308065414
0.251463174819946 0.248628839850426 0.316968768835068 0.312660306692123 0.325898617506027 0.24972428381443 0.260085552930832 0.278234302997589 0.120325915515423 0.118040643632412 0.127726748585701 0.121689185500145 0.0496019907295704 0.0486319549381733 0.0459172390401363 0.0510345660150051 0.0499122440814972 0.0490128621459007 0.0484611801803112 0.0520189478993416 0.132054403424263 0.128703743219376 0.311965793371201 0.273123621940613 0.251473754644394 0.25861844420433 0.251914888620377 0.258532345294952 0.277419149875641 0.267578274011612 0.259206116199493 0.254082769155502 0.258134394884109 0.269286841154099 0.256536036729813 0.233519107103348 0.233159139752388 0.233058750629425 0.0920618250966072 0.0921649187803268 0.0925270244479179 0.102780573070049 0.108582615852356
0.264568865299225 0.26077526807785 0.320873767137527 0.333581566810608 0.248311936855316 0.272774040699005 0.271611362695694 0.286830097436905 0.123584732413292 0.1233866289258 0.113718420267105 0.121689185500145 0.0497975274920464 0.0474880635738373 0.0502382889389992 0.0479220598936081 0.0500112436711788 0.0565221384167671 0.0531139299273491 0.0469260886311531 0.130062848329544 0.132150158286095 0.295036047697067 0.257093280553818 0.255424290895462 0.249928504228592 0.277769356966019 0.259301483631134 0.269141107797623 0.28646582365036 0.283294230699539 0.271063625812531 0.259289145469666 0.25846654176712 0.257332265377045 0.256990730762482 0.244502708315849 0.244644612073898 0.243741393089294 0.102034248411655 0.0976515486836433 0.0986068770289421 0.109750851988792
0.255812525749207 0.322007030248642 0.340480953454971 0.256211638450623 0.255362063646317 0.270359426736832 0.281925886869431 0.129904299974442 0.129637390375137 0.120468132197857 0.119336403906345 0.126706227660179 0.0530560314655304 0.049307718873024 0.049481213092804 0.0477323047816753 0.0522129833698273 0.0573096387088299 0.0518893040716648 0.134689837694168 0.120024770498276 0.123036570847034 0.281137466430664 0.267471492290497 0.272039979696274 0.257671922445297 0.279212057590485 0.277170956134796 0.263636738061905 0.286163657903671 0.285117298364639 0.271046757698059 0.27182874083519 0.259435623884201 0.24690917134285 0.257735103368759 0.257720440626144 0.24571780860424 0.256751954555511 0.11343552172184 0.113814927637577 0.0991549342870712 0.110257029533386
0.315738767385483 0.329309493303299 0.256686121225357 0.257974833250046 0.26156160235405 0.278271704912186 0.121140591800213 0.127582147717476 0.126463234424591 0.133040547370911 0.134660422801971 0.143514722585678 0.123502969741821 0.0512338504195213 0.0492854453623295 0.054676678031683 0.0561816208064556 0.0626534596085548 0.145664170384407 0.142519891262054 0.120765000581741 0.274885207414627 0.293029755353928 0.280173867940903 0.271101415157318 0.275489002466202 0.277023404836655 0.270924687385559 0.272576153278351 0.279916137456894 0.282219439744949 0.281903445720673 0.271985203027725 0.271524965763092 0.271125137805939 0.258367419242859 0.270096898078918 0.281843662261963 0.269200354814529 0.281255662441254 0.114451371133327 0.109926752746105 0.110544800758362
0.327251017093658 0.248701065778732 0.264476835727692 0.259840369224548 0.275761246681213 0.119277276098728 0.124512150883675 0.133873254060745 0.124336391687393 0.139619886875153 0.140564888715744 0.146052777767181 0.142580226063728 0.140519499778748 0.138494446873665 0.144845828413963 0.161302149295807 0.160367131233215 0.152214512228966 0.151070117950439 0.127432316541672 0.29214683175087 0.293535709381104 0.276114791631699 0.27450504899025 0.272287905216217 0.296898424625397 0.268590867519379 0.277554363012314 0.293213993310928 0.282659947872162 0.272966086864471 0.272855192422867 0.284520745277405 0.284015506505966 0.270720839500427 0.270569890737534 0.29469895362854 0.294822692871094 0.307811081409454 0.126526817679405 0.121337972581387 0.11499859392643
0.244142919778824 0.258204519748688 0.267761051654816 0.278421610593796 0.12199953943491 0.123174913227558 0.129854217171669 0.138010427355766 0.133211672306061 0.139842808246613 0.144518718123436 0.148788213729858 0.145811006426811 0.158007338643074 0.151937574148178 0.161114290356636 0.154501557350159 0.157315716147423 0.345805644989014 0.333013445138931 0.315207242965698 0.291408091783524 0.293043375015259 0.270745187997818 0.284857600927353 0.274652928113937 0.291156262159348 0.281510829925537 0.272576153278351 0.293463408946991 0.291317671537399 0.294647842645645 0.26945024728775 0.266378551721573 0.284057080745697 0.282921850681305 0.270860344171524 0.294817715883255 0.307765394449234 0.334775984287262 0.139219358563423 0.127334520220757 0.121171064674854
