data/climate_estimation/maxent_output/Alstroemeria_sellowiana.asc
NCOLS 184 
NROWS 324 
XLLCORNER -63.9166666666667 
YLLCORNER -28.75 
CELLSIZE 0.0833333333333333 
NODATA_value -3.4e+38 
[rows 60 to 79 of 324, columns 132 to 175 of 184]
0.666426837444305 0.669785380363464 0.671288073062897 0.669438719749451 0.673762381076813 0.664864242076874 0.675598084926605 0.675095617771149 0.685539782047272 0.68297278881073 0.682021677494049 0.68363231420517 0.693551421165466 0.695489883422852 0.711274027824402 0.722397029399872 0.729518830776215 0.747436225414276 0.757540881633759 0.765892684459686 0.776516199111938 0.768189787864685 0.756657600402832 0.74838125705719 0.747478127479553 0.746691465377808 0.738496363162994 0.728944778442383 0.721126079559326 0.711155414581299 0.709882497787476 0.700082659721375 0.700237333774567 0.688536882400513 0.679027378559113 0.678919553756714 0.671419143676758 0.669565618038177 0.658585906028748 0.658597052097321 0.647761285305023 0.649390757083893 0.65735524892807 0.658054709434509
0.664557099342346 0.667453825473785 0.666916847229004 0.671601235866547 0.661737740039825 0.65048885345459 0.654506027698517 0.642097592353821 0.651687681674957 0.653626501560211 0.651927173137665 0.6733677983284 0.684104204177856 0.692971765995026 0.700707256793976 0.710360527038574 0.731413841247559 0.740183472633362 0.74842095375061 0.759310901165009 0.768069207668304 0.756468713283539 0.75895094871521 0.748668015003204 0.747142195701599 0.741802155971527 0.738764941692352 0.727902472019196 0.719350278377533 0.710109770298004 0.711276471614838 0.701698482036591 0.68950742483139 0.690591633319855 0.679135203361511 0.66889876127243 0.669737637042999 0.658676445484161 0.66008186340332 0.652278423309326 0.648521721363068 0.65824955701828 0.655884981155396 0.656768381595612
0.666506111621857 0.667950570583344 0.659558475017548 0.662544965744019 0.649136781692505 0.641212522983551 0.631634950637817 0.632085382938385 0.618755042552948 0.619216322898865 0.62986171245575 0.650205016136169 0.672876060009003 0.683328926563263 0.693330466747284 0.701859056949615 0.718919575214386 0.730546534061432 0.739323258399963 0.750188946723938 0.751392126083374 0.74807733297348 0.748774766921997 0.748045861721039 0.741966485977173 0.739680111408234 0.730185925960541 0.729972839355469 0.710278511047363 0.710230946540833 0.711111962795258 0.699472308158875 0.690606832504272 0.67947393655777 0.68250584602356 0.67861133813858 0.669931888580322 0.65792840719223 0.657662749290466 0.658373355865479 0.64968329668045 0.648874223232269 0.650117754936218 0.658406674861908
0.65564239025116 0.65498012304306 0.658713221549988 0.650765955448151 0.641864776611328 0.63115119934082 0.619759738445282 0.629524350166321 0.618193805217743 0.618085145950317 0.628388166427612 0.641738176345825 0.660104990005493 0.671583652496338 0.682887434959412 0.691904187202454 0.709585189819336 0.718781769275665 0.730305552482605 0.738494157791138 0.739680469036102 0.750566959381104 0.749588549137115 0.742116332054138 0.739033401012421 0.740430116653442 0.730337262153625 0.719242215156555 0.719205796718597 0.709854066371918 0.701243221759796 0.700613975524902 0.689608097076416 0.68030309677124 0.669622778892517 0.670968890190125 0.670871913433075 0.660856127738953 0.659256339073181 0.658557057380676 0.648781001567841 0.646716773509979 0.657430410385132 0.648548305034637
0.653883755207062 0.646773278713226 0.649380624294281 0.639717161655426 0.638645350933075 0.642079710960388 0.629659712314606 0.619231760501862 0.620149970054626 0.616965234279633 0.630795896053314 0.63921982049942 0.648759663105011 0.669376730918884 0.67396080493927 0.692654609680176 0.700149357318878 0.709175646305084 0.720725834369659 0.730298936367035 0.739880979061127 0.740662574768066 0.730488955974579 0.731140851974487 0.731151401996613 0.729991972446442 0.72210705280304 0.720964431762695 0.709847331047058 0.713308691978455 0.698787689208984 0.689489722251892 0.691003024578094 0.678608894348145 0.669638097286224 0.669093072414398 0.668011128902435 0.659521877765656 0.659630298614502 0.649807333946228 0.648889601230621 0.648721098899841 0.648687779903412 0.646668016910553
0.647017180919647 0.646147906780243 0.648092448711395 0.640118658542633 0.640460252761841 0.640921533107758 0.630529642105103 0.618546366691589 0.629180192947388 0.617617189884186 0.628681063652039 0.639159858226776 0.649318218231201 0.659387946128845 0.67144238948822 0.681885361671448 0.690691530704498 0.702326834201813 0.709175646305084 0.711966037750244 0.720504403114319 0.721868693828583 0.719926357269287 0.721611082553864 0.721737742424011 0.712560772895813 0.710477352142334 0.710228502750397 0.711475193500519 0.701428055763245 0.701107978820801 0.689472019672394 0.681890249252319 0.682380437850952 0.671021819114685 0.669168055057526 0.6597540974617 0.657704710960388 0.648425996303558 0.648111283779144 0.646324157714844 0.646312952041626 0.649242043495178 0.646091401576996
0.644255995750427 0.655243396759033 0.647331953048706 0.638671934604645 0.629997074604034 0.630312144756317 0.631823360919952 0.641604602336884 0.652846038341522 0.65138578414917 0.629348874092102 0.651359438896179 0.649052262306213 0.649763822555542 0.661242127418518 0.670268416404724 0.683392643928528 0.691656827926636 0.690321505069733 0.699033558368683 0.710719764232635 0.713660597801208 0.711754083633423 0.712294816970825 0.71111387014389 0.711749970912933 0.711044490337372 0.701465129852295 0.701939642429352 0.700953423976898 0.693048536777496 0.681690156459808 0.680947184562683 0.669366538524628 0.66953432559967 0.661455392837524 0.660853683948517 0.659455358982086 0.649164259433746 0.646725416183472 0.647036015987396 0.645998179912567 0.646432816982269 0.637636840343475
0.644597411155701 0.645792841911316 0.647096753120422 0.638747334480286 0.638856053352356 0.627777814865112 0.628636538982391 0.639794111251831 0.651266038417816 0.650869429111481 0.650712072849274 0.649577260017395 0.638702809810638 0.649763822555542 0.660883665084839 0.669235408306122 0.682272017002106 0.682423770427704 0.691549599170685 0.691823184490204 0.69064337015152 0.701580345630646 0.702433466911316 0.70331883430481 0.702359557151794 0.703127443790436 0.701800286769867 0.703068673610687 0.702642321586609 0.691289305686951 0.691182017326355 0.681226253509521 0.672814905643463 0.671853423118591 0.660913407802582 0.660652220249176 0.660973191261292 0.65102607011795 0.649381518363953 0.649658620357513 0.648681044578552 0.648485898971558 0.646324157714844 0.633951008319855
0.645373582839966 0.646797358989716 0.636865556240082 0.637023091316223 0.638534128665924 0.637874841690063 0.640315532684326 0.640401899814606 0.648049533367157 0.650787174701691 0.650483727455139 0.651793777942657 0.638376593589783 0.648633122444153 0.649063408374786 0.659451961517334 0.671603202819824 0.681302666664124 0.684780418872833 0.681636869907379 0.680975258350372 0.692370116710663 0.692536413669586 0.701926231384277 0.703616619110107 0.690606117248535 0.701307952404022 0.701708555221558 0.692103266716003 0.692639231681824 0.693363130092621 0.682518661022186 0.671701073646545 0.661594569683075 0.66132915019989 0.660857915878296 0.660592436790466 0.657892644405365 0.647224187850952 0.638222515583038 0.646197557449341 0.638522088527679 0.637119770050049 0.635473370552063
0.634706258773804 0.63692981004715 0.635249972343445 0.637087285518646 0.638924479484558 0.628385663032532 0.640468716621399 0.639337062835693 0.65087366104126 0.651139557361603 0.640919029712677 0.638684689998627 0.639295220375061 0.64879047870636 0.648568987846375 0.659332573413849 0.661952197551727 0.672203183174133 0.672512054443359 0.671285808086395 0.674187898635864 0.691757261753082 0.692910194396973 0.702618002891541 0.700944185256958 0.692525386810303 0.692499160766602 0.692846953868866 0.693201303482056 0.690831542015076 0.681751132011414 0.671656787395477 0.66074275970459 0.65998387336731 0.66165429353714 0.651681840419769 0.649880111217499 0.649396896362305 0.639107763767242 0.64723539352417 0.63799387216568 0.637124061584473 0.634694218635559 0.636733651161194
0.636832237243652 0.634406685829163 0.62613582611084 0.62549889087677 0.627613544464111 0.627336144447327 0.629173457622528 0.639026284217834 0.65087366104126 0.641744136810303 0.640810310840607 0.638538360595703 0.636292815208435 0.649577438831329 0.647910237312317 0.649562001228333 0.650442063808441 0.663051187992096 0.663626074790955 0.662710726261139 0.663546741008759 0.674128353595734 0.693220674991608 0.69327974319458 0.693017363548279 0.692669630050659 0.693811237812042 0.683124721050262 0.683662891387939 0.681880950927734 0.680900394916534 0.662111639976501 0.658866286277771 0.660432934761047 0.650236785411835 0.649922132492065 0.650666952133179 0.639156520366669 0.638237953186035 0.63796055316925 0.637199461460114 0.637401461601257 0.637363851070404 0.636744797229767
0.620731115341187 0.633443415164948 0.633334696292877 0.626226663589478 0.627205193042755 0.626867830753326 0.627242803573608 0.626432716846466 0.640390872955322 0.629113495349884 0.628097236156464 0.626248836517334 0.637098491191864 0.650098204612732 0.660626530647278 0.651060223579407 0.660177707672119 0.650572836399078 0.661029577255249 0.662482917308807 0.655221462249756 0.673856973648071 0.672728180885315 0.673901200294495 0.674992263317108 0.683155238628387 0.681696116924286 0.684323787689209 0.681755483150482 0.672686398029327 0.67148220539093 0.671098291873932 0.660817921161652 0.650128185749054 0.64874267578125 0.648585319519043 0.641140043735504 0.640596449375153 0.63840663433075 0.637660980224609 0.634121417999268 0.637210607528687 0.637319326400757 0.637472569942474
0.634628415107727 0.628292560577393 0.634954631328583 0.62671035528183 0.625731766223907 0.625263512134552 0.626856684684753 0.627085328102112 0.627074122428894 0.626867830753326 0.626639187335968 0.639772117137909 0.639044404029846 0.639940559864044 0.651232898235321 0.653497576713562 0.66169935464859 0.651539027690887 0.650430917739868 0.650040984153748 0.650849938392639 0.653619945049286 0.653110444545746 0.673868060112 0.682045578956604 0.674128353595734 0.670237720012665 0.672366619110107 0.671475529670715 0.66000771522522 0.661423921585083 0.650903820991516 0.651615262031555 0.642774820327759 0.63977974653244 0.641312897205353 0.639622271060944 0.638654947280884 0.637083947658539 0.638279974460602 0.636464893817902 0.62684041261673 0.637818455696106 0.63666695356369
0.624236285686493 0.623100340366364 0.62287175655365 0.62450248003006 0.625795960426331 0.62621545791626 0.626425981521606 0.61616462469101 0.617153644561768 0.626759111881256 0.640222191810608 0.639314889907837 0.63789027929306 0.648521840572357 0.649326682090759 0.651704847812653 0.652786374092102 0.652276992797852 0.649344801902771 0.64040470123291 0.641210198402405 0.65280020236969 0.652957439422607 0.662987172603607 0.663464903831482 0.665880799293518 0.663823127746582 0.661872804164886 0.663173139095306 0.648822247982025 0.651320278644562 0.652064979076385 0.640848994255066 0.639963865280151 0.638996541500092 0.639431416988373 0.629702627658844 0.640454411506653 0.630242109298706 0.635561645030975 0.636866509914398 0.624974131584167 0.63471394777298 0.634072661399841
0.624686598777771 0.623306632041931 0.622947156429291 0.614838898181915 0.626583695411682 0.616022706031799 0.616022706031799 0.625289976596832 0.615523993968964 0.617375195026398 0.639911472797394 0.640548348426819 0.640379726886749 0.648353278636932 0.64162003993988 0.649663746356964 0.649723649024963 0.640311419963837 0.641383111476898 0.640029788017273 0.639035880565643 0.642079889774323 0.649834930896759 0.652425765991211 0.653137028217316 0.652736067771912 0.652953207492828 0.651433110237122 0.661985456943512 0.651938319206238 0.650668680667877 0.642153441905975 0.642539501190186 0.630865454673767 0.642366647720337 0.632106125354767 0.628502249717712 0.627197444438934 0.627306163311005 0.628408968448639 0.626729190349579 0.635610461235046 0.634136855602264 0.633480191230774
0.62189769744873 0.622186183929443 0.613078951835632 0.615457355976105 0.615457355976105 0.614311218261719 0.626752197742462 0.616255402565002 0.615213513374329 0.616989314556122 0.629481554031372 0.642775475978851 0.650312721729279 0.651057541370392 0.641489148139954 0.63913094997406 0.639745473861694 0.640806257724762 0.63695216178894 0.641083598136902 0.641769170761108 0.643916487693787 0.65135532617569 0.652332603931427 0.65231716632843 0.651339948177338 0.653061747550964 0.651107370853424 0.65195369720459 0.652219593524933 0.642963111400604 0.641392529010773 0.64204478263855 0.641973674297333 0.631191670894623 0.629571735858917 0.629571735858917 0.627831935882568 0.625972330570221 0.627228319644928 0.628202676773071 0.635250866413116 0.635565936565399 0.635730385780334
0.622805058956146 0.621017098426819 0.614674806594849 0.613730609416962 0.614708125591278 0.617146909236908 0.627258241176605 0.616239964962006 0.617266535758972 0.628443121910095 0.636773824691772 0.638861894607544 0.638861894607544 0.638846457004547 0.630418360233307 0.626961171627045 0.630050301551819 0.628696620464325 0.640029788017273 0.639561593532562 0.640355944633484 0.651999950408936 0.651284277439117 0.639785766601562 0.641367673873901 0.650486588478088 0.65084570646286 0.651171445846558 0.649531185626984 0.641021907329559 0.632201194763184 0.632511973381042 0.631195902824402 0.631826043128967 0.6291743516922 0.627010822296143 0.629403054714203 0.630272924900055 0.629403054714203 0.628360152244568 0.626152157783508 0.623145639896393 0.632967352867126 0.632652282714844
0.611649394035339 0.612502694129944 0.610840737819672 0.610938131809235 0.614060640335083 0.614490866661072 0.614322364330292 0.614794433116913 0.628301084041595 0.626860916614532 0.625680327415466 0.63758373260498 0.639019370079041 0.637410819530487 0.628955960273743 0.626938998699188 0.628385841846466 0.630436480045319 0.629941582679749 0.630871474742889 0.640730857849121 0.641795575618744 0.643208682537079 0.650730133056641 0.652250409126282 0.652635991573334 0.641074895858765 0.643189013004303 0.641423404216766 0.631983697414398 0.632913589477539 0.632245719432831 0.628874778747559 0.632294535636902 0.631642043590546 0.629043459892273 0.628668487071991 0.619811356067657 0.629957914352417 0.618953108787537 0.622999310493469 0.623749136924744 0.624858438968658 0.623928964138031
0.612035036087036 0.61008083820343 0.610949277877808 0.611709296703339 0.612218737602234 0.612506926059723 0.612757384777069 0.615618944168091 0.625789046287537 0.628387451171875 0.626006484031677 0.625657975673676 0.63960075378418 0.62717592716217 0.629128932952881 0.627564787864685 0.628712058067322 0.627684652805328 0.628772020339966 0.627777993679047 0.630327761173248 0.641225636005402 0.642567694187164 0.64250773191452 0.651685178279877 0.652070820331573 0.642454743385315 0.641037344932556 0.629933059215546 0.629760086536407 0.630940854549408 0.629804611206055 0.62991338968277 0.631000757217407 0.621006906032562 0.621006906032562 0.628076016902924 0.61996454000473 0.620676577091217 0.615910708904266 0.615850806236267 0.617296516895294 0.615558207035065 0.616221189498901
0.609819233417511 0.612218916416168 0.612203478813171 0.610791981220245 0.614195823669434 0.614446401596069 0.614592552185059 0.615439236164093 0.615439236164093 0.626756429672241 0.627637445926666 0.626838564872742 0.628192126750946 0.637051284313202 0.626752197742462 0.627254009246826 0.626890182495117 0.628554582595825 0.630463063716888 0.627575933933258 0.627575933933258 0.62880539894104 0.640415906906128 0.642252743244171 0.642166197299957 0.641851305961609 0.642596781253815 0.632467448711395 0.633146524429321 0.63084751367569 0.632429838180542 0.630472481250763 0.630858719348907 0.630952000617981 0.620583295822144 0.628837168216705 0.61982250213623 0.617540419101715 0.617649078369141 0.61737185716629 0.617649078369141 0.606967926025391 0.605015337467194 0.604767680168152
