data/climate_estimation/maxent_output/Alstroemeria_werdermannii.asc
NCOLS 28 
NROWS 254 
XLLCORNER -71.4166666666667 
YLLCORNER -38.5 
CELLSIZE 0.0833333333333332 
NODATA_value -3.4e+38 
[rows 155 to 185 of 254, columns 0 to 27 of 28]
0.936830818653107 0.90408980846405 0.898567378520966 0.945133447647095 0.900079190731049 0.833018600940704 0.888953626155853 0.980486452579498 0.959999084472656 0.935487389564514 0.822802662849426 0.739149332046509 0.786721050739288 0.699088215827942 0.678340911865234 0.643749475479126 0.542837917804718 0.559877455234528 0.57301539182663 0.544977188110352 0.476623356342316 0.369775295257568 0.195377245545387 0.0857746154069901 0.0594033002853394 0.0476261004805565 0.03602409735322 0.0279419291764498
0.870277285575867 0.903711438179016 0.937478244304657 0.893423855304718 0.845096826553345 0.786522150039673 0.906403660774231 0.859246611595154 0.969444394111633 0.863889038562775 0.796658635139465 0.809613585472107 0.774622917175293 0.747282922267914 0.664259612560272 0.648188829421997 0.620349526405334 0.568753242492676 0.532314896583557 0.530059218406677 0.480261623859406 0.300975143909454 0.151032835245132 0.0874092429876328 0.0529780685901642 0.0382133685052395 0.0377629064023495 0.0397591777145863
0.935864388942719 0.924896955490112 0.886195421218872 0.808097720146179 0.789684772491455 0.857975125312805 0.945215225219727 0.928008913993835 0.921349227428436 0.899636745452881 0.844925343990326 0.785654306411743 0.782071888446808 0.742103159427643 0.708378255367279 0.655106544494629 0.59217631816864 0.571657657623291 0.521160066127777 0.531272351741791 0.516964435577393 0.431318730115891 0.215532869100571 0.0757856294512749 0.0474952943623066 0.0329776145517826 0.0392020046710968 0.0524375773966312
0.906652927398682 0.854034304618835 0.762777209281921 0.708455741405487 0.769757986068726 0.84638112783432 0.92780739068985 0.886054158210754 0.883892357349396 0.837815582752228 0.820145070552826 0.783879101276398 0.741030812263489 0.685869157314301 0.688283979892731 0.609230816364288 0.574370145797729 0.484703063964844 0.467289447784424 0.544339060783386 0.514350175857544 0.375202119350433 0.203946888446808 0.0829845890402794 0.0517486669123173 0.0387074500322342 0.044748842716217 0.060581237077713
0.847775101661682 0.744968175888062 0.755244970321655 0.775953233242035 0.737779974937439 0.781661927700043 0.81541907787323 0.832915365695953 0.843520700931549 0.847575008869171 0.844026207923889 0.809251844882965 0.780167877674103 0.681171238422394 0.64645904302597 0.569404184818268 0.598446488380432 0.461293697357178 0.430500686168671 0.511480510234833 0.501519978046417 0.33642303943634 0.194636881351471 0.0893636122345924 0.0503555983304977 0.0394804254174232 0.0459136515855789 0.0657098740339279
0.811082124710083 0.789612174034119 0.822109341621399 0.746533751487732 0.700484752655029 0.655572652816772 0.651069343090057 0.794237434864044 0.809169054031372 0.794498205184937 0.78846150636673 0.767895340919495 0.770029842853546 0.722827911376953 0.669087827205658 0.593698620796204 0.595999658107758 0.566772162914276 0.452867686748505 0.316289186477661 0.329478055238724 0.253774076700211 0.146409347653389 0.0703991800546646 0.0528972372412682 0.0502622872591019 0.0466655269265175 0.0585923530161381
0.712250530719757 0.768106043338776 0.80063408613205 0.826967835426331 0.742085635662079 0.679868578910828 0.723150968551636 0.751924276351929 0.78780472278595 0.72112649679184 0.71014529466629 0.7524054646492 0.763625681400299 0.708726167678833 0.684908628463745 0.634075224399567 0.553014636039734 0.444226503372192 0.40865832567215 0.329686045646667 0.159853890538216 0.149388045072556 0.0894395560026169 0.0580571666359901 0.0451697520911694 0.0574105493724346 0.0569693259894848 0.0852017998695374
0.858496010303497 0.792345404624939 0.806400299072266 0.857501924037933 0.719868898391724 0.735040187835693 0.816793739795685 0.674207866191864 0.695642828941345 0.714751899242401 0.784789144992828 0.756659030914307 0.736682176589966 0.704808533191681 0.681265830993652 0.567526042461395 0.458107650279999 0.420373320579529 0.309659510850906 0.199585035443306 0.145165622234344 0.0638089776039124 0.0513332113623619 0.0420376546680927 0.0388382263481617 0.0542045831680298 0.0638060346245766 0.109567657113075
0.791519582271576 0.857524931430817 0.79876172542572 0.798316299915314 0.74641752243042 0.798750162124634 0.721233248710632 0.727209746837616 0.794288039207458 0.726788401603699 0.707183718681335 0.644294500350952 0.662614524364471 0.697336971759796 0.673770189285278 0.639619886875153 0.469328641891479 0.347636550664902 0.440541356801987 0.391474008560181 0.221427232027054 0.0663080289959908 0.0286024585366249 0.0295021925121546 0.0307244639843702 0.0477589815855026 0.0728461220860481 0.0962942317128181
0.746013164520264 0.799487590789795 0.80948406457901 0.752778589725494 0.709625363349915 0.748531222343445 0.780178010463715 0.781238257884979 0.733558416366577 0.682315111160278 0.658955633640289 0.772148251533508 0.689468324184418 0.693427383899689 0.691204786300659 0.550855040550232 0.485095977783203 0.479713797569275 0.536092579364777 0.484489530324936 0.21221861243248 0.0557942800223827 0.0204514227807522 0.0179264061152935 0.026543777436018 0.0440670177340508 0.0801528841257095 0.0784741789102554
0.813131392002106 0.822194457054138 0.845307350158691 0.824204087257385 0.763373374938965 0.732280373573303 0.737627863883972 0.804758965969086 0.819154560565948 0.800119042396545 0.708626210689545 0.757802963256836 0.733281970024109 0.720525741577148 0.700995802879333 0.582309663295746 0.580680131912231 0.535660922527313 0.55416876077652 0.47233834862709 0.178879305720329 0.0599603205919266 0.019972076639533 0.0129463784396648 0.0283128023147583 0.035829484462738 0.0670790672302246 0.0646991357207298
0.808375537395477 0.858030378818512 0.815161526203156 0.788967311382294 0.752690851688385 0.747105300426483 0.792376637458801 0.792375445365906 0.784948348999023 0.822795271873474 0.767102956771851 0.780911505222321 0.736626446247101 0.717499971389771 0.723565816879272 0.682554662227631 0.62101948261261 0.620659172534943 0.561852931976318 0.461152195930481 0.235759794712067 0.0671696960926056 0.0187578573822975 0.00923904962837696 0.016732020303607 0.0148800229653716 0.0211939420551062 0.0272649843245745
0.824385643005371 0.768634557723999 0.681972563266754 0.752561509609222 0.765990972518921 0.719066679477692 0.764913976192474 0.872870743274689 0.857189178466797 0.835582256317139 0.801775217056274 0.76894348859787 0.679026067256927 0.684166669845581 0.723303020000458 0.680175602436066 0.630039036273956 0.575970768928528 0.496906876564026 0.396119147539139 0.174804776906967 0.045859057456255 0.0184435769915581 0.00809857062995434 0.0117030711844563 0.0166601911187172 0.0243946798145771 0.0132945654913783
0.707804024219513 0.677118301391602 0.722350060939789 0.710354864597321 0.744904756546021 0.642212390899658 0.855567693710327 0.880192875862122 0.824063003063202 0.819649696350098 0.794621169567108 0.759155750274658 0.718386709690094 0.73422235250473 0.706430971622467 0.681916058063507 0.674413323402405 0.623239159584045 0.466656863689423 0.235056042671204 0.0905312150716782 0.0362808555364609 0.0156016731634736 0.00898673105984926 0.0129496240988374 0.0429491437971592 0.112036682665348 0.0264158733189106
0.69243711233139 0.740656197071075 0.671378314495087 0.610352098941803 0.603922367095947 0.672569632530212 0.721903622150421 0.73147189617157 0.770320177078247 0.794506311416626 0.829807341098785 0.765473306179047 0.683800220489502 0.612670481204987 0.702969074249268 0.607427060604095 0.669215202331543 0.651199221611023 0.517781794071198 0.230019271373749 0.11015385389328 0.0439094677567482 0.0199542585760355 0.00981390289962292 0.0127235110849142 0.0638654753565788 0.101809427142143 0.0289294384419918
0.475062131881714 0.525613129138947 0.598877310752869 0.536898851394653 0.591832756996155 0.548332214355469 0.506261944770813 0.607880413532257 0.80589371919632 0.8347008228302 0.819902777671814 0.774053394794464 0.712368667125702 0.637112438678741 0.586817622184753 0.501494348049164 0.61171281337738 0.626768529415131 0.558164358139038 0.333974003791809 0.13130784034729 0.0455147363245487 0.0173496827483177 0.00994288641959429 0.0169044695794582 0.0473858714103699 0.129970073699951 0.0305640697479248
0.447142899036407 0.480621874332428 0.493055522441864 0.398544639348984 0.485818117856979 0.574154555797577 0.669793844223022 0.615017890930176 0.648378729820251 0.768527507781982 0.79844731092453 0.790871560573578 0.768843054771423 0.659421980381012 0.626027882099152 0.434553265571594 0.556262373924255 0.590233206748962 0.624483346939087 0.499085545539856 0.149600446224213 0.0468807034194469 0.0160356089472771 0.0114954859018326 0.0215159300714731 0.0388632714748383 0.0967639833688736 0.07762511074543
0.482508391141891 0.474358558654785 0.432801246643066 0.438864141702652 0.472345948219299 0.498962134122849 0.488569021224976 0.44696980714798 0.496400535106659 0.734934270381927 0.806996524333954 0.784425377845764 0.782821834087372 0.666544020175934 0.71112596988678 0.572656989097595 0.385284513235092 0.529014766216278 0.608720898628235 0.403114050626755 0.138073518872261 0.0405514538288116 0.0150012848898768 0.015479663386941 0.0261420514434576 0.0376737676560879 0.105280965566635 0.15015073120594
0.515454590320587 0.5174919962883 0.478044658899307 0.396443724632263 0.359465092420578 0.353929877281189 0.389988243579865 0.615368902683258 0.447545111179352 0.53468531370163 0.631327390670776 0.796642959117889 0.760782778263092 0.685522139072418 0.743809819221497 0.646802425384521 0.35468253493309 0.579735040664673 0.592015087604523 0.300693184137344 0.0868061929941177 0.0279344171285629 0.0187644921243191 0.0172405000776052 0.0218464769423008 0.034663125872612 0.0660293772816658 0.108770713210106
0.391322821378708 0.470067858695984 0.463491320610046 0.446089327335358 0.459011733531952 0.343007773160934 0.292146325111389 0.315335333347321 0.310863703489304 0.289428651332855 0.568320274353027 0.779307842254639 0.769075870513916 0.747075080871582 0.710257172584534 0.710059821605682 0.554625272750854 0.341771274805069 0.282864928245544 0.112068675458431 0.0602993927896023 0.0486641451716423 0.0262400284409523 0.0174472015351057 0.0207226313650608 0.0319140963256359 0.0824335217475891 0.159538343548775
0.534704327583313 0.530840337276459 0.501133859157562 0.378338307142258 0.418270111083984 0.420759737491608 0.361963748931885 0.443823039531708 0.508511602878571 0.330562949180603 0.500086665153503 0.607805013656616 0.693888902664185 0.717190086841583 0.724557399749756 0.685874462127686 0.67483252286911 0.604839324951172 0.264768719673157 0.101381711661816 0.0636675208806992 0.122197523713112 0.0634572058916092 0.0255402810871601 0.020222457125783 0.0319592021405697 0.122498348355293 0.151138052344322
0.501781582832336 0.465617388486862 0.428053051233292 0.456042617559433 0.551900804042816 0.530487895011902 0.475017219781876 0.468978732824326 0.634926676750183 0.576738715171814 0.364688962697983 0.652477025985718 0.755061268806458 0.715856313705444 0.727024257183075 0.690884292125702 0.668942928314209 0.635427057743073 0.330296576023102 0.115196712315083 0.143955275416374 0.277174443006516 0.219786152243614 0.0634389668703079 0.0264835767447948 0.0295701492577791 0.0675539970397949 0.0835202634334564
0.355106145143509 0.407169312238693 0.463695019483566 0.459023267030716 0.449779659509659 0.455901324748993 0.454381793737411 0.274180769920349 0.654355704784393 0.675985872745514 0.672773957252502 0.608337104320526 0.674203753471375 0.714324951171875 0.695161879062653 0.695169568061829 0.661434292793274 0.65260910987854 0.410073548555374 0.161115288734436 0.21854941546917 0.414820969104767 0.359487146139145 0.112057097256184 0.0298749562352896 0.0259048230946064 0.0278314240276814 0.0426725968718529
0.422385305166245 0.441487222909927 0.439691156148911 0.378663599491119 0.378976434469223 0.315313518047333 0.236173436045647 0.214344352483749 0.433971971273422 0.511021196842194 0.629892945289612 0.733206868171692 0.678670287132263 0.698158800601959 0.695769131183624 0.586356103420258 0.571933031082153 0.658574819564819 0.451925367116928 0.158066019415855 0.358097583055496 0.484937012195587 0.341265767812729 0.0922344923019409 0.0337857827544212 0.0241137910634279 0.0270273294299841 0.0284255053848028
0.363120496273041 0.326870679855347 0.288868188858032 0.328336596488953 0.270748436450958 0.274037539958954 0.251391977071762 0.255354404449463 0.332075536251068 0.357582092285156 0.483042776584625 0.675115823745728 0.729446232318878 0.738526046276093 0.697939515113831 0.546183049678802 0.484040141105652 0.619651257991791 0.344226747751236 0.31290391087532 0.519660174846649 0.479803919792175 0.290294617414474 0.0767315402626991 0.0346584320068359 0.0384457409381866 0.026950953528285 0.0299577992409468
0.325007826089859 0.307842552661896 0.340683609247208 0.290859133005142 0.23701123893261 0.280931144952774 0.219831854104996 0.187921896576881 0.19951868057251 0.50085586309433 0.487855613231659 0.588974297046661 0.649891018867493 0.655448615550995 0.67551064491272 0.625854790210724 0.524541318416595 0.450600653886795 0.402260571718216 0.527507603168488 0.54214483499527 0.435319423675537 0.259092926979065 0.0911211520433426 0.0335518568754196 0.0333271920681 0.0276081971824169 0.0469583757221699
0.392337828874588 0.291241437196732 0.26383364200592 0.27854186296463 0.260689347982407 0.196872845292091 0.202250525355339 0.237650468945503 0.195988476276398 0.306066364049911 0.337205618619919 0.419285953044891 0.630089938640594 0.700658142566681 0.712570309638977 0.656320929527283 0.654459357261658 0.588719964027405 0.542497992515564 0.528160035610199 0.535211682319641 0.458761125802994 0.367375999689102 0.0961203649640083 0.0289278272539377 0.0263562984764576 0.0349840484559536 0.061810415238142
0.433622896671295 0.31610769033432 0.343685179948807 0.323351919651031 0.395034462213516 0.233702108263969 0.206849589943886 0.210854783654213 0.14468377828598 0.173964321613312 0.312493681907654 0.392823815345764 0.488727271556854 0.608455002307892 0.659735262393951 0.686340391635895 0.672687590122223 0.615703225135803 0.59087997674942 0.577466130256653 0.543264150619507 0.486575692892075 0.296222060918808 0.0566094666719437 0.0310909505933523 0.0269737392663956 0.0397678464651108 0.0681882351636887
0.466117680072784 0.412240952253342 0.387350767850876 0.395284861326218 0.44269996881485 0.256998509168625 0.24011342227459 0.249677255749702 0.105438433587551 0.152401626110077 0.436308979988098 0.671274542808533 0.682592511177063 0.601031422615051 0.688486456871033 0.709010362625122 0.647184789180756 0.625358283519745 0.563407599925995 0.565404713153839 0.487007230520248 0.378467589616776 0.150208368897438 0.0258813295513391 0.0302189607173204 0.0275696944445372 0.0622779987752438 0.058438278734684
0.542939424514771 0.479731112718582 0.414677679538727 0.369063526391983 0.373343676328659 0.274240165948868 0.223956197500229 0.144203990697861 0.107168890535831 0.0866613239049911 0.150689214468002 0.371962130069733 0.561830341815948 0.43644517660141 0.571966469287872 0.682949841022491 0.649933159351349 0.625940144062042 0.594391345977783 0.53188943862915 0.52616935968399 0.351104885339737 0.0958577319979668 0.181586757302284 0.02932059019804 0.025397527962923 0.0737030133605003 0.0565669424831867
0.561977684497833 0.488433808088303 0.397761166095734 0.361324638128281 0.322917520999908 0.274537026882172 0.212518781423569 0.169205412268639 0.117091201245785 0.0893862843513489 0.0789211615920067 0.177445963025093 0.333259612321854 0.438167482614517 0.658006370067596 0.593728125095367 0.594129204750061 0.535811185836792 0.527216255664825 0.417061924934387 0.373740494251251 0.233268901705742 0.266835480928421 0.342262297868729 0.105904065072536 0.0213096756488085 0.0288166832178831 0.0549637973308563
