data/climate_estimation/maxent_output/Alstroemeria_plantaginea.asc
NCOLS 218 
NROWS 174 
XLLCORNER -56.3333333333333 
YLLCORNER -23.5 
CELLSIZE 0.0833333333333333 
NODATA_value -3.4e+38 
[rows 120 to 139 of 174, columns 44 to 87 of 218]
0.283844590187073 0.233606085181236 0.224899798631668 0.222444713115692 0.240543380379677 0.274086743593216 0.236519858241081 0.245274931192398 0.252796918153763 0.218210831284523 0.223383516073227 0.251805156469345 0.245161950588226 0.204300135374069 0.228150874376297 0.201735109090805 0.176583155989647 0.1746686398983 0.167923584580421 0.186310768127441 0.181395173072815 0.162227019667625 0.179550379514694 0.169423937797546 0.174117669463158 0.166392117738724 0.173892736434937 0.191746920347214 0.195030599832535 0.197021692991257 0.245180189609528 0.247117251157761 0.2227623462677 0.227308288216591 0.2462238073349 0.212724357843399 0.22773377597332 0.252105832099915 0.288188993930817 0.29782623052597 0.321995049715042 0.376158535480499 0.399214237928391 0.38770666718483
0.266574710607529 0.257897019386292 0.235303819179535 0.21440751850605 0.211776375770569 0.237166374921799 0.2156742811203 0.24302551150322 0.257153451442719 0.256866365671158 0.256427437067032 0.204328462481499 0.197211384773254 0.190075993537903 0.19600422680378 0.195271819829941 0.206964731216431 0.197163015604019 0.168068155646324 0.171786189079285 0.179103508591652 0.193980783224106 0.173274755477905 0.176759153604507 0.167330384254456 0.16536970436573 0.195865586400032 0.214792639017105 0.225996226072311 0.221270129084587 0.211024969816208 0.240894392132759 0.290474116802216 0.238776743412018 0.265037178993225 0.244495362043381 0.23215739428997 0.248166754841805 0.290570259094238 0.342290312051773 0.360331863164902 0.385213613510132 0.427349120378494 0.438099920749664
0.237649455666542 0.256196826696396 0.205056071281433 0.196628630161285 0.200592204928398 0.200781658291817 0.22385285794735 0.255399346351624 0.318231552839279 0.378874003887177 0.348961979150772 0.297897815704346 0.220587849617004 0.205329790711403 0.201827824115753 0.197920367121696 0.192149087786674 0.196776881814003 0.210199236869812 0.190064772963524 0.172760009765625 0.186509728431702 0.18033005297184 0.168975412845612 0.187023818492889 0.194337487220764 0.199584573507309 0.18185555934906 0.202208712697029 0.217728346586227 0.247438043355942 0.260144472122192 0.263295263051987 0.285457074642181 0.281036406755447 0.284595221281052 0.267260372638702 0.256804496049881 0.280442446470261 0.285734564065933 0.30098682641983 0.336383640766144 0.375359356403351 0.406195670366287
0.214128836989403 0.228216424584389 0.1827412545681 0.186260506510735 0.197827234864235 0.21271076798439 0.239966467022896 0.242407232522964 0.257185965776443 0.373072296380997 0.316097378730774 0.276774913072586 0.310708701610565 0.311111152172089 0.261150896549225 0.223999574780464 0.216925472021103 0.197219640016556 0.19340705871582 0.192333891987801 0.20456600189209 0.188741147518158 0.18621338903904 0.211968541145325 0.230664998292923 0.213271200656891 0.212020680308342 0.224233999848366 0.221884652972221 0.208282992243767 0.223837554454803 0.256367892026901 0.274116545915604 0.330682098865509 0.328590244054794 0.338237553834915 0.332352370023727 0.284615248441696 0.289209514856339 0.298163592815399 0.323209345340729 0.339779049158096 0.381972789764404 0.4159055352211
0.16989678144455 0.18052726984024 0.171632394194603 0.1856539696455 0.189975664019585 0.213921934366226 0.240870639681816 0.23643197119236 0.218056976795197 0.286058455705643 0.373684614896774 0.275734096765518 0.254496335983276 0.292123138904572 0.280580520629883 0.251096546649933 0.240293756127357 0.233842372894287 0.225188136100769 0.198349982500076 0.222446590662003 0.191784575581551 0.202570706605911 0.228535398840904 0.266616553068161 0.247110486030579 0.214341044425964 0.223697572946548 0.244952082633972 0.249199882149696 0.239766865968704 0.236280709505081 0.239339306950569 0.248121693730354 0.286441594362259 0.303824543952942 0.372241526842117 0.345378190279007 0.321363419294357 0.338428974151611 0.314092218875885 0.328215539455414 0.342974156141281 0.367558747529984
0.180173873901367 0.173478528857231 0.158712059259415 0.176560178399086 0.186969593167305 0.211487755179405 0.21927247941494 0.213312357664108 0.215963035821915 0.345464736223221 0.454658597707748 0.331212222576141 0.282480865716934 0.256737232208252 0.275796353816986 0.256925076246262 0.240381866693497 0.25418820977211 0.249601855874062 0.237892985343933 0.208709493279457 0.200429677963257 0.216601550579071 0.23380571603775 0.266440004110336 0.268829166889191 0.264480859041214 0.243925258517265 0.229463994503021 0.2356788367033 0.257064610719681 0.275374174118042 0.296314984560013 0.290455669164658 0.331733524799347 0.308476030826569 0.317017078399658 0.346320360898972 0.310135245323181 0.322772026062012 0.34577077627182 0.347952544689178 0.386439770460129 0.399831861257553
0.169948786497116 0.155298665165901 0.161394029855728 0.176268428564072 0.17192742228508 0.197102516889572 0.195975050330162 0.209061816334724 0.238082185387611 0.3227219581604 0.413366734981537 0.399431467056274 0.302392423152924 0.281461983919144 0.263687759637833 0.275894850492477 0.262613743543625 0.248555332422256 0.257107019424438 0.25333958864212 0.224028199911118 0.239288836717606 0.273793637752533 0.243971705436707 0.274456590414047 0.269389897584915 0.300503581762314 0.279206663370132 0.27908331155777 0.277003139257431 0.263458460569382 0.267310231924057 0.280933946371078 0.297248870134354 0.293355822563171 0.25906702876091 0.270620077848434 0.302610963582993 0.268248736858368 0.292936444282532 0.307631939649582 0.34331476688385 0.390965163707733 0.365384519100189
0.153185158967972 0.152744978666306 0.155540391802788 0.161610767245293 0.173598259687424 0.176035821437836 0.206383481621742 0.234556660056114 0.245187506079674 0.29306548833847 0.340100407600403 0.348769396543503 0.3165622651577 0.295734226703644 0.28844553232193 0.274651437997818 0.313405841588974 0.297260195016861 0.261089950799942 0.250903904438019 0.256240904331207 0.281904578208923 0.29175877571106 0.283952832221985 0.290306746959686 0.313699394464493 0.306232154369354 0.300465822219849 0.309523642063141 0.283862680196762 0.264601498842239 0.27630478143692 0.258677512407303 0.26980847120285 0.274593472480774 0.261795997619629 0.247292503714561 0.286489278078079 0.281520009040833 0.319950580596924 0.33349734544754 0.345487266778946 0.346005082130432 0.408018708229065
0.165246069431305 0.171541884541512 0.164729610085487 0.161578968167305 0.17142716050148 0.190806150436401 0.210157305002213 0.240289494395256 0.259005308151245 0.321519613265991 0.300747185945511 0.303009331226349 0.316822648048401 0.321402370929718 0.308531701564789 0.313176572322845 0.299162089824677 0.303400129079819 0.299037545919418 0.270226985216141 0.294780552387238 0.341427743434906 0.345171481370926 0.335470765829086 0.323646187782288 0.314988821744919 0.285975784063339 0.291613906621933 0.297927469015121 0.285036236047745 0.245675772428513 0.261950314044952 0.253122627735138 0.257440000772476 0.271629244089127 0.273662924766541 0.25571882724762 0.275297820568085 0.317185550928116 0.320162802934647 0.366929739713669 0.404819071292877 0.369475156068802 0.432211667299271
0.174914509057999 0.184136748313904 0.18217134475708 0.176609352231026 0.164197713136673 0.197670146822929 0.210315153002739 0.214592307806015 0.252743124961853 0.300082445144653 0.332639276981354 0.320159733295441 0.300362139940262 0.327791273593903 0.347970515489578 0.334831416606903 0.322769403457642 0.341381877660751 0.33924725651741 0.285314857959747 0.331202358007431 0.350828886032104 0.341081261634827 0.330156147480011 0.315133452415466 0.274234920740128 0.257805824279785 0.272765070199966 0.285882353782654 0.268642514944077 0.244001537561417 0.235303312540054 0.249450325965881 0.271511524915695 0.261988520622253 0.273092687129974 0.258271008729935 0.284485459327698 0.287553787231445 0.293893486261368 0.342773854732513 0.357786536216736 0.331356227397919 0.370932817459106
0.194486513733864 0.192454770207405 0.183309361338615 0.18415629863739 0.183134347200394 0.181377321481705 0.195394337177277 0.22163450717926 0.231750935316086 0.24555230140686 0.317224860191345 0.339019238948822 0.313304871320724 0.302089691162109 0.328995615243912 0.365116685628891 0.363653868436813 0.378032863140106 0.361083418130875 0.29440838098526 0.303426772356033 0.309409618377686 0.310850203037262 0.277372777462006 0.273049682378769 0.299709111452103 0.296002417802811 0.288156658411026 0.268983513116837 0.255739063024521 0.229694828391075 0.230417266488075 0.253677040338516 0.267402410507202 0.24514028429985 0.235017627477646 0.254536151885986 0.233773902058601 0.253110647201538 0.289452999830246 0.315285980701447 0.297556340694427 0.333221048116684 0.360666245222092
0.202377125620842 0.190338090062141 0.205928653478622 0.192672550678253 0.183222830295563 0.176192685961723 0.21512171626091 0.213164448738098 0.225720793008804 0.277909278869629 0.321905583143234 0.298596233129501 0.327279686927795 0.322712689638138 0.315053910017014 0.351014763116837 0.364517241716385 0.359260559082031 0.34843447804451 0.303217738866806 0.297523200511932 0.281007081270218 0.263509094715118 0.268354833126068 0.286569625139236 0.295942962169647 0.333315670490265 0.338201314210892 0.304116874933243 0.265544772148132 0.25792407989502 0.240743711590767 0.24030876159668 0.238081559538841 0.242945283651352 0.239042893052101 0.237543776631355 0.255996972322464 0.222395300865173 0.251551419496536 0.251368492841721 0.257341831922531 0.305017948150635 0.334226250648499
0.189450621604919 0.200316697359085 0.189216643571854 0.193320468068123 0.185409709811211 0.173018023371696 0.184886515140533 0.209837689995766 0.234809592366219 0.287939339876175 0.293866217136383 0.273596286773682 0.294365435838699 0.324274331331253 0.323000401258469 0.330384522676468 0.332889318466187 0.348856598138809 0.33905440568924 0.281989693641663 0.258415579795837 0.264319270849228 0.262147575616837 0.292524963617325 0.281195193529129 0.291027992963791 0.316735118627548 0.321813553571701 0.321898698806763 0.274800926446915 0.273618280887604 0.235900893807411 0.25672248005867 0.233554348349571 0.260015219449997 0.292834341526031 0.308639198541641 0.306823998689651 0.272394210100174 0.285889983177185 0.258440792560577 0.298507779836655 0.341949880123138 0.341322690248489
0.193599730730057 0.182291582226753 0.199700847268105 0.195315703749657 0.195688828825951 0.201337113976479 0.183732077479362 0.20001058280468 0.231067806482315 0.264808416366577 0.284649759531021 0.269649147987366 0.256950169801712 0.304541885852814 0.342827677726746 0.334485620260239 0.334351360797882 0.303000092506409 0.297090142965317 0.260882079601288 0.259326905012131 0.261122345924377 0.274073511362076 0.281489610671997 0.298112809658051 0.319203823804855 0.337556004524231 0.308993130922318 0.309400618076324 0.298014968633652 0.27611967921257 0.249911323189735 0.267436444759369 0.261074006557465 0.252054750919342 0.254370629787445 0.291954517364502 0.327616095542908 0.324135541915894 0.29182842373848 0.265333414077759 0.303070157766342 0.313550502061844 0.296640932559967
0.210814192891121 0.192637667059898 0.181122913956642 0.19856396317482 0.192745566368103 0.188317835330963 0.169380903244019 0.190038681030273 0.211631387472153 0.233746543526649 0.272358417510986 0.273824602365494 0.278308540582657 0.277020573616028 0.272223353385925 0.301435321569443 0.309844493865967 0.294990330934525 0.261681526899338 0.230636730790138 0.24310003221035 0.260262012481689 0.282419323921204 0.317665189504623 0.22878809273243 0.329108089208603 0.332425266504288 0.329744696617126 0.341379135847092 0.338583320379257 0.293879568576813 0.26768159866333 0.285458654165268 0.300139099359512 0.301321685314178 0.2772356569767 0.287601590156555 0.281203240156174 0.288250505924225 0.300611346960068 0.272139728069305 0.290732711553574 0.305707633495331 0.312473833560944
0.216370582580566 0.208339348435402 0.186316251754761 0.189272001385689 0.181945964694023 0.191241428256035 0.176599755883217 0.180147305130959 0.199030324816704 0.219179913401604 0.246543049812317 0.225570827722549 0.230369493365288 0.262586951255798 0.250996917486191 0.259727388620377 0.256430149078369 0.245784774422646 0.235261961817741 0.235423043370247 0.220946460962296 0.222458392381668 0.244813457131386 0.254926443099976 0.221734225749969 0.211979731917381 0.331084936857224 0.333474963903427 0.370134204626083 0.357847273349762 0.327880561351776 0.299990177154541 0.29178187251091 0.343291819095612 0.334464192390442 0.293530017137527 0.283432006835938 0.322617381811142 0.314108520746231 0.313408881425858 0.28453341126442 0.286941081285477 0.297753155231476 0.328474372625351
0.203739002346992 0.217192709445953 0.207558870315552 0.202845484018326 0.18857504427433 0.183118999004364 0.153816923499107 0.161873638629913 0.195529535412788 0.193446531891823 0.221493974328041 0.206199541687965 0.214382529258728 0.205678761005402 0.237868696451187 0.214968949556351 0.246811851859093 0.241847947239876 0.225167214870453 0.23426565527916 0.239536240696907 0.233127772808075 0.240265622735023 0.253711253404617 0.271446406841278 0.18693870306015 0.253119707107544 0.277349174022675 0.281589239835739 0.322880536317825 0.314357280731201 0.321018874645233 0.331590592861176 0.346493601799011 0.334737956523895 0.325269848108292 0.314965635538101 0.308000504970551 0.335832327604294 0.328524112701416 0.323104470968246 0.325512677431107 0.340344130992889 0.346309810876846
0.204870909452438 0.196817710995674 0.195538491010666 0.208951130509377 0.198361858725548 0.191096320748329 0.189378440380096 0.1657575070858 0.152485176920891 0.166469439864159 0.187329009175301 0.194355249404907 0.195287153124809 0.208260029554367 0.184788957238197 0.206898435950279 0.236729621887207 0.229028359055519 0.233698844909668 0.23538675904274 0.229432597756386 0.230517417192459 0.237858816981316 0.237498492002487 0.230921372771263 0.244755178689957 0.245376497507095 0.234457537531853 0.24816957116127 0.284228444099426 0.299074858427048 0.322257697582245 0.347815424203873 0.37948939204216 0.385819911956787 0.354270964860916 0.376200765371323 0.330549418926239 0.349341154098511 0.384933829307556 0.362002909183502 0.335337698459625 0.366863638162613 0.360820651054382
0.200193166732788 0.18478088080883 0.18002624809742 0.187599122524261 0.190837994217873 0.199055939912796 0.181624218821526 0.177270993590355 0.150982528924942 0.141676157712936 0.158972308039665 0.173322796821594 0.165880635380745 0.162559524178505 0.170299634337425 0.21339176595211 0.239264234900475 0.234276726841927 0.220725238323212 0.208916321396828 0.197823062539101 0.203306823968887 0.208367362618446 0.210720777511597 0.225723832845688 0.227829560637474 0.239655792713165 0.265527218580246 0.288295060396194 0.287117719650269 0.303119689226151 0.286927312612534 0.30608332157135 0.331830203533173 0.38171175122261 0.417959183454514 0.409204423427582 0.39134669303894 0.371235907077789 0.408974438905716 0.403907775878906 0.37709829211235 0.378252029418945 0.407521158456802
0.183108732104301 0.195694550871849 0.165281683206558 0.180897280573845 0.194476842880249 0.180584728717804 0.153849437832832 0.153102248907089 0.151605784893036 0.135018885135651 0.12672370672226 0.149452731013298 0.141207426786423 0.13782873749733 0.177802518010139 0.210630804300308 0.212678119540215 0.197767958045006 0.191491141915321 0.211670562624931 0.214093238115311 0.227366387844086 0.22212578356266 0.244160309433937 0.253085434436798 0.246157810091972 0.274687707424164 0.310121268033981 0.329328119754791 0.346790105104446 0.328959345817566 0.338218033313751 0.348285287618637 0.34671288728714 0.359184443950653 0.428751587867737 0.437473058700562 0.428383231163025 0.415069282054901 0.403956294059753 0.449813157320023 0.439197033643723 0.380145102739334 0.39667809009552
