data/climate_estimation/maxent_output/Alstroemeria_calliantha.asc
NCOLS 68 
NROWS 79 
XLLCORNER -45.5833333333333 
YLLCORNER -22.8333333333333 
CELLSIZE 0.0833333333333333 
NODATA_value -3.4e+38 
[rows 0 to 19 of 79, columns 0 to 45 of 68]
0.527624964714050 0.515187561511993 0.508307039737701 0.502056121826172 0.496409833431244 0.490457624197006 0.488847553730011 0.503394842147827 0.506315648555756 0.517110526561737 0.538105428218842 0.549359321594238 0.560338973999023 0.579411506652832 0.597299218177795 0.617609262466431 0.627711713314056 0.618318796157837 0.6324383020401 0.602709054946899 0.60011625289917 0.575006186962128 0.581484019756317 0.586650431156158 0.586221873760223 0.585305571556091 0.643375158309937 0.653792440891266 0.643776416778564 0.666830241680145 0.651741564273834 0.646332681179047 0.660164773464203 0.644954800605774 0.640308439731598 0.629187762737274 0.607965469360352 0.59784197807312 0.563955903053284 0.528225660324097 0.563017010688782 0.60470974445343 0.59579610824585 0.569582343101501 0.573583960533142 0.590917825698853
0.53179794549942 0.52161055803299 0.514150083065033 0.505813300609589 0.504525244235992 0.495622962713242 0.487986087799072 0.498815894126892 0.517748892307281 0.529829263687134 0.53067946434021 0.547295451164246 0.565633773803711 0.573431134223938 0.587992548942566 0.60504412651062 0.620347380638123 0.639153063297272 0.652433454990387 0.630766093730927 0.634606420993805 0.59375673532486 0.581050395965576 0.591485023498535 0.59701806306839 0.598029017448425 0.684046387672424 0.660097360610962 0.661775350570679 0.657248795032501 0.647237598896027 0.642178356647491 0.646320879459381 0.607649862766266 0.627680838108063 0.649357318878174 0.629716515541077 0.590949594974518 0.58205258846283 0.533252060413361 0.575716853141785 0.620183348655701 0.599342882633209 0.57567435503006 0.537316739559174 0.557853817939758
0.537059664726257 0.542157232761383 0.528743743896484 0.51104348897934 0.501689314842224 0.4986492395401 0.488857805728912 0.50335419178009 0.512947261333466 0.525153636932373 0.541290104389191 0.546264469623566 0.54992264509201 0.570203363895416 0.588083028793335 0.606189846992493 0.621143102645874 0.634474039077759 0.652390480041504 0.663748919963837 0.639339447021484 0.605495035648346 0.587004542350769 0.594869315624237 0.593334913253784 0.619101047515869 0.698424220085144 0.681868314743042 0.671399593353271 0.661739230155945 0.638454377651215 0.631350755691528 0.618683159351349 0.586512565612793 0.61439710855484 0.648246943950653 0.618191838264465 0.570261120796204 0.597805857658386 0.550851464271545 0.535598576068878 0.585077345371246 0.608589947223663 0.604176580905914 0.544129848480225 0.510780036449432
0.557158648967743 0.542422890663147 0.527385473251343 0.513947546482086 0.504904210567474 0.497499316930771 0.494676202535629 0.502240061759949 0.522824108600616 0.541290104389191 0.526731312274933 0.534266352653503 0.551989555358887 0.580380320549011 0.600779294967651 0.607026100158691 0.614748954772949 0.644407510757446 0.659224331378937 0.655046463012695 0.639296472072601 0.60982358455658 0.599345982074738 0.604681849479675 0.60772043466568 0.651892185211182 0.690075099468231 0.663972616195679 0.66212660074234 0.643265724182129 0.632717728614807 0.643096327781677 0.628391683101654 0.573836386203766 0.606467723846436 0.630816996097565 0.594376146793365 0.548733115196228 0.566044270992279 0.545373141765594 0.597884774208069 0.549112558364868 0.612982928752899 0.6113560795784 0.549889981746674 0.508921265602112
0.562492549419403 0.545682489871979 0.525648176670074 0.514503121376038 0.504863560199738 0.499655097723007 0.496044099330902 0.508215188980103 0.523926854133606 0.520039021968842 0.545452654361725 0.553731203079224 0.566644549369812 0.57772034406662 0.599725663661957 0.624715924263 0.618275821208954 0.645464360713959 0.65734452009201 0.650464653968811 0.634531438350677 0.603608727455139 0.602869749069214 0.622002184391022 0.622591495513916 0.682775974273682 0.691466093063354 0.655343770980835 0.639115393161774 0.634260952472687 0.637749493122101 0.623402655124664 0.601758658885956 0.584281742572784 0.584112823009491 0.627723813056946 0.579204678535461 0.526646316051483 0.52792751789093 0.528982222080231 0.502437651157379 0.536399781703949 0.571826577186584 0.554716289043427 0.512006402015686 0.488802939653397
0.549777626991272 0.538178980350494 0.525443017482758 0.515812993049622 0.504656136035919 0.508883416652679 0.49741929769516 0.497711032629013 0.515060603618622 0.531364917755127 0.553510844707489 0.56934005022049 0.575664937496185 0.591947793960571 0.608130156993866 0.625517785549164 0.625297725200653 0.640488624572754 0.661786079406738 0.652588486671448 0.62005078792572 0.621283948421478 0.609652757644653 0.620021343231201 0.656221449375153 0.695644319057465 0.687500238418579 0.675305426120758 0.636022508144379 0.626136064529419 0.637530267238617 0.624459862709045 0.605976402759552 0.580077350139618 0.567258715629578 0.589361488819122 0.554644525051117 0.539021134376526 0.560312747955322 0.561649858951569 0.580812454223633 0.490108162164688 0.487224400043488 0.487636655569077 0.485578566789627 0.525050818920135
0.551844358444214 0.542558252811432 0.525880992412567 0.509678602218628 0.50935024023056 0.53001481294632 0.51007205247879 0.49829313158989 0.513843178749084 0.53311413526535 0.549892246723175 0.571654081344604 0.575363993644714 0.587394773960114 0.614396870136261 0.6434366106987 0.641497790813446 0.645566403865814 0.649627447128296 0.660119116306305 0.636086463928223 0.635381519794464 0.618071138858795 0.621831119060516 0.676654696464539 0.715604603290558 0.688814699649811 0.692251086235046 0.642341017723083 0.644535005092621 0.662356972694397 0.631660282611847 0.598367631435394 0.607479929924011 0.574755609035492 0.587918281555176 0.582835853099823 0.572702586650848 0.554168939590454 0.552515983581543 0.55224871635437 0.531944096088409 0.483508884906769 0.486499905586243 0.502695560455322 0.5785191655159
0.561619699001312 0.5326828956604 0.518094003200531 0.511619508266449 0.517513573169708 0.541518807411194 0.537065625190735 0.4993796646595 0.496390998363495 0.509979963302612 0.552011966705322 0.561489820480347 0.571437656879425 0.586652159690857 0.616254448890686 0.635014712810516 0.650193452835083 0.651163697242737 0.667935431003571 0.680451333522797 0.684001326560974 0.643547117710114 0.620020568370819 0.633400678634644 0.668720126152039 0.720139980316162 0.699241936206818 0.694561779499054 0.647801220417023 0.643082737922668 0.693737089633942 0.621457815170288 0.605491042137146 0.57645571231842 0.589143693447113 0.599155485630035 0.555067300796509 0.5345219373703 0.510168313980103 0.501222550868988 0.488628357648849 0.471691250801086 0.476414412260056 0.547393441200256 0.517873108386993 0.58301043510437
0.550204277038574 0.526762962341309 0.519361555576324 0.519158184528351 0.527893245220184 0.543965518474579 0.545261323451996 0.511174440383911 0.493802309036255 0.505098283290863 0.53129905462265 0.562582314014435 0.575549125671387 0.591529548168182 0.603921592235565 0.619964003562927 0.63148295879364 0.635766863822937 0.659895479679108 0.673052310943604 0.683646619319916 0.640771210193634 0.627262473106384 0.639756977558136 0.687277793884277 0.718260407447815 0.710663795471191 0.69737309217453 0.642511248588562 0.639735162258148 0.659618139266968 0.602987587451935 0.603206217288971 0.573529720306396 0.61404412984848 0.580907702445984 0.529966175556183 0.524934113025665 0.535539746284485 0.519466578960419 0.49503219127655 0.487711250782013 0.499859273433685 0.533970296382904 0.600620627403259 0.579379081726074
0.531302988529205 0.536263108253479 0.532430291175842 0.52512127161026 0.542977511882782 0.550988912582397 0.552979528903961 0.536399781703949 0.496994704008102 0.495174646377563 0.514165639877319 0.536652207374573 0.541487812995911 0.584564387798309 0.609875023365021 0.621961772441864 0.603798866271973 0.627039849758148 0.6544389128685 0.642490923404694 0.630495607852936 0.630531847476959 0.636584937572479 0.64510303735733 0.67108941078186 0.668230950832367 0.711647212505341 0.680205702781677 0.651643037796021 0.648341298103333 0.612944185733795 0.588224828243256 0.576761841773987 0.581701576709747 0.610779285430908 0.554292738437653 0.547084331512451 0.569337725639343 0.540377616882324 0.511173605918884 0.509066104888916 0.510977864265442 0.568486988544464 0.529919624328613 0.6016685962677 0.586730062961578
0.543413877487183 0.53661036491394 0.535251379013062 0.543917059898376 0.549302637577057 0.551600575447083 0.553764343261719 0.542876780033112 0.50111848115921 0.491873294115067 0.49803951382637 0.504240036010742 0.529707491397858 0.564642906188965 0.629653990268707 0.575919389724731 0.586504101753235 0.618977189064026 0.611036896705627 0.60341465473175 0.609719395637512 0.619552850723267 0.631067335605621 0.635534286499023 0.653183043003082 0.642990052700043 0.700118958950043 0.709448397159576 0.664898276329041 0.661247491836548 0.600351870059967 0.58336341381073 0.611227214336395 0.621494889259338 0.578728020191193 0.548512518405914 0.561571180820465 0.601486325263977 0.577490210533142 0.531350433826447 0.537541389465332 0.558594107627869 0.584468185901642 0.589282691478729 0.629224717617035 0.613408088684082
0.569983780384064 0.546047508716583 0.555114209651947 0.554650127887726 0.557556688785553 0.561034202575684 0.549242675304413 0.528483271598816 0.487766474485397 0.504429161548615 0.529672563076019 0.512375771999359 0.515149354934692 0.529326140880585 0.591387987136841 0.561133682727814 0.580218553543091 0.600967824459076 0.591434121131897 0.607396602630615 0.613123595714569 0.629578173160553 0.636938273906708 0.634470880031586 0.652649223804474 0.633280217647552 0.660016715526581 0.687194466590881 0.653802633285522 0.629452526569366 0.599473893642426 0.607084453105927 0.631744563579559 0.608764111995697 0.580647885799408 0.563608288764954 0.575535893440247 0.587344706058502 0.607510149478912 0.546254754066467 0.550815880298615 0.599881291389465 0.597715020179749 0.626040637493134 0.646024882793427 0.620992302894592
0.579443991184235 0.57871013879776 0.553864121437073 0.560580134391785 0.568497836589813 0.562688529491425 0.535045087337494 0.488802343606949 0.485193282365799 0.486832201480865 0.507818758487701 0.544661164283752 0.522381782531738 0.533221185207367 0.572981655597687 0.554183006286621 0.568357467651367 0.576469957828522 0.595308423042297 0.604317009449005 0.616256356239319 0.637217402458191 0.63351047039032 0.634434700012207 0.627190887928009 0.648115515708923 0.619603455066681 0.609029233455658 0.598159432411194 0.592317819595337 0.615771949291229 0.636690437793732 0.608897149562836 0.569791078567505 0.6022789478302 0.589281141757965 0.592477083206177 0.602273046970367 0.609844863414764 0.559517800807953 0.59487110376358 0.62146532535553 0.622297286987305 0.63186252117157 0.644439697265625 0.655007839202881
0.579967617988586 0.5793297290802 0.572269320487976 0.577507555484772 0.578620195388794 0.554595768451691 0.523437976837158 0.480365693569183 0.496290743350983 0.488852709531784 0.500899136066437 0.54226016998291 0.556398570537567 0.593865275382996 0.582651197910309 0.58383184671402 0.657343089580536 0.578490138053894 0.599271535873413 0.609749853610992 0.640802502632141 0.622262895107269 0.637351512908936 0.619566380977631 0.61489075422287 0.644988477230072 0.613519430160522 0.595080137252808 0.596755504608154 0.627294659614563 0.626280307769775 0.624986827373505 0.582236528396606 0.592572748661041 0.616028010845184 0.612544178962708 0.60355681180954 0.610329747200012 0.62673807144165 0.590924382209778 0.607801258563995 0.652313232421875 0.63924515247345 0.616679966449738 0.641523957252502 0.655183732509613
0.589909195899963 0.595977008342743 0.605266273021698 0.618500053882599 0.616350531578064 0.567209661006927 0.511460959911346 0.491610050201416 0.524301469326019 0.501781284809113 0.494015842676163 0.514464139938354 0.571865022182465 0.646506249904633 0.578941881656647 0.651446938514709 0.675936698913574 0.588873267173767 0.576973915100098 0.606354236602783 0.62659478187561 0.62293142080307 0.65024596452713 0.620015680789948 0.600846827030182 0.621516048908234 0.604809045791626 0.592099845409393 0.612603187561035 0.639168620109558 0.628662407398224 0.59899514913559 0.589769601821899 0.597978889942169 0.585292398929596 0.610960364341736 0.597840309143066 0.629259407520294 0.661672830581665 0.648136556148529 0.624648690223694 0.604358077049255 0.607516825199127 0.622760057449341 0.635156333446503 0.661208629608154
0.607933104038239 0.614195466041565 0.624799370765686 0.628694176673889 0.602696597576141 0.575613379478455 0.521705627441406 0.499936670064926 0.508503615856171 0.506832242012024 0.498871922492981 0.532568395137787 0.57666939496994 0.628466844558716 0.618405997753143 0.678969442844391 0.674850881099701 0.591953217983246 0.584053516387939 0.584445774555206 0.587690651416779 0.680608570575714 0.67959725856781 0.612742185592651 0.59052300453186 0.59755402803421 0.583994925022125 0.594433307647705 0.633827567100525 0.628619432449341 0.609963655471802 0.593810737133026 0.588151216506958 0.613338351249695 0.598680973052979 0.618280351161957 0.617789030075073 0.624574542045593 0.645804226398468 0.666848719120026 0.650765478610992 0.612636744976044 0.642325699329376 0.638389348983765 0.623683214187622 0.609773933887482
0.621287167072296 0.625224232673645 0.641394019126892 0.608455061912537 0.589347183704376 0.557799100875854 0.510789692401886 0.513867557048798 0.527878165245056 0.523850321769714 0.505795419216156 0.532697200775146 0.611843705177307 0.671252191066742 0.678445160388947 0.69897198677063 0.671427428722382 0.584722757339478 0.587092876434326 0.578027009963989 0.593180894851685 0.695824503898621 0.641331970691681 0.602743029594421 0.604942798614502 0.61428427696228 0.600980460643768 0.617368638515472 0.639655113220215 0.620988368988037 0.592329680919647 0.610443472862244 0.612731218338013 0.625654637813568 0.618808746337891 0.624415218830109 0.653354823589325 0.62983626127243 0.656648933887482 0.677079856395721 0.649005055427551 0.624776005744934 0.620214402675629 0.616492092609406 0.586266279220581 0.585246920585632
0.631525754928589 0.628493368625641 0.639182567596436 0.616781055927277 0.581291139125824 0.561605930328369 0.520184636116028 0.542944967746735 0.56885552406311 0.525205135345459 0.509397149085999 0.539843201637268 0.576470136642456 0.666524052619934 0.682907283306122 0.701185941696167 0.663310766220093 0.588939547538757 0.595344662666321 0.588704943656921 0.603548526763916 0.694305241107941 0.660992860794067 0.598044455051422 0.623284697532654 0.636611223220825 0.619050681591034 0.623375773429871 0.613847196102142 0.594874680042267 0.599490821361542 0.632502794265747 0.627294719219208 0.640098631381989 0.636963725090027 0.608320653438568 0.645687997341156 0.637779057025909 0.641746699810028 0.64284086227417 0.66169798374176 0.668409645557404 0.654582858085632 0.607068359851837 0.589857339859009 0.592999339103699
0.637748241424561 0.640276074409485 0.637553572654724 0.611402988433838 0.569772660732269 0.531083464622498 0.523226678371429 0.55013632774353 0.58335018157959 0.563742876052856 0.534871399402618 0.525940656661987 0.52802848815918 0.646845102310181 0.682775318622589 0.706454873085022 0.650148332118988 0.600222647190094 0.587974607944489 0.581831276416779 0.644745826721191 0.701765775680542 0.679254531860352 0.596683382987976 0.605258226394653 0.621656835079193 0.636921525001526 0.627872347831726 0.607810735702515 0.596725404262543 0.608781099319458 0.628272891044617 0.639922440052032 0.650027871131897 0.640189707279205 0.617837131023407 0.633549332618713 0.643957734107971 0.644832611083984 0.64284086227417 0.624241411685944 0.620663702487946 0.628246545791626 0.609178900718689 0.588806748390198 0.572781443595886
0.639959871768951 0.650818228721619 0.637559473514557 0.60633796453476 0.573906242847443 0.529629468917847 0.57695209980011 0.580188512802124 0.59663462638855 0.601216673851013 0.566961467266083 0.549564898014069 0.539004266262054 0.656360507011414 0.676745235919952 0.706282496452332 0.617142915725708 0.596930265426636 0.567057073116302 0.582494139671326 0.696177959442139 0.700985610485077 0.67754340171814 0.613938987255096 0.596290528774261 0.603053331375122 0.619756102561951 0.604858696460724 0.605913460254669 0.604507207870483 0.618571221828461 0.634106814861298 0.653073787689209 0.649147629737854 0.630698204040527 0.630735278129578 0.628833651542664 0.640300929546356 0.587422609329224 0.545046985149384 0.556382715702057 0.569133937358856 0.590406358242035 0.586669743061066 0.580047965049744 0.593929588794708
