data/climate_estimation/maxent_output/Alstroemeria_andina.asc
NCOLS 15 
NROWS 123 
XLLCORNER -70.1666666666667 
YLLCORNER -36.4166666666667 
CELLSIZE 0.0833333333333333 
NODATA_value -3.4e+38 
[rows 0 to 55 of 123, columns 0 to 14 of 15]
0.056807238608599 0.029095122590661 0.0289402361959219 0.0464334525167942 0.0545378290116787 0.0635598227381706 0.291731029748917 0.371797263622284 0.5526442527771 0.705951511859894 0.735711276531219 0.721881926059723 0.903354525566101 0.928485870361328 0.939522802829742
0.0587463304400444 0.0734003037214279 0.0292659662663937 0.033582154661417 0.0434173531830311 0.0615156143903732 0.315542101860046 0.575311839580536 0.587627530097961 0.655138552188873 0.868771016597748 0.884273171424866 0.883396625518799 0.912734746932983 0.942858636379242
0.0431306846439838 0.0557929947972298 0.0676368698477745 0.0350585505366325 0.161608785390854 0.211776077747345 0.354858785867691 0.420398026704788 0.488857328891754 0.595728516578674 0.941365540027618 0.904828608036041 0.898943543434143 0.919825553894043 0.947752594947815
0.052974559366703 0.0678652673959732 0.0825472846627235 0.125310108065605 0.211918205022812 0.206294193863869 0.403107017278671 0.434841424226761 0.766364514827728 0.867686450481415 0.94135719537735 0.944485127925873 0.945316076278687 0.923965752124786 0.968056559562683
0.0783216133713722 0.0850242152810097 0.0919221490621567 0.128244832158089 0.196216240525246 0.363676279783249 0.521521866321564 0.903335094451904 0.932560861110687 0.937474012374878 0.95966249704361 0.980824410915375 0.977585256099701 0.930505096912384 0.962597787380219
0.141249239444733 0.130410924553871 0.105256333947182 0.162185862660408 0.232949465513229 0.445104271173477 0.709153175354004 0.878031969070435 0.907993793487549 0.975480139255524 0.995112359523773 0.988355100154877 0.970897555351257 0.957509994506836 0.969160676002502
0.144165575504303 0.174501433968544 0.138166576623917 0.195120632648468 0.297924429178238 0.402051687240601 0.65413099527359 0.77122437953949 0.939779937267303 0.967161774635315 0.994476556777954 0.993549585342407 0.98216325044632 0.966669201850891 0.969044387340546
0.147373259067535 0.188754841685295 0.187915220856667 0.213564798235893 0.411891758441925 0.39099794626236 0.756107568740845 0.917722880840302 0.791576981544495 0.945332229137421 0.98470139503479 0.995192110538483 0.985076189041138 0.972805023193359 0.981989443302155
0.109654150903225 0.206081956624985 0.263752222061157 0.246803417801857 0.346895605325699 0.68615448474884 0.81177693605423 0.767046511173248 0.732146143913269 0.944769144058228 0.952045440673828 0.990553498268127 0.967438459396362 0.950947344303131 0.975330770015717
0.108023270964622 0.133915781974792 0.230169892311096 0.236903190612793 0.323059529066086 0.734327077865601 0.675441086292267 0.699297606945038 0.928997397422791 0.95794016122818 0.988506317138672 0.991392314434052 0.961409509181976 0.967534720897675 0.984728395938873
0.121851220726967 0.167400538921356 0.175787702202797 0.197665750980377 0.368431478738785 0.377955704927444 0.640185534954071 0.736528694629669 0.826002418994904 0.901536285877228 0.962072432041168 0.992699384689331 0.974791347980499 0.966445922851562 0.97859662771225
0.061291366815567 0.152079537510872 0.170184969902039 0.145771399140358 0.28914675116539 0.335029125213623 0.636329054832458 0.673319876194 0.835671603679657 0.965056002140045 0.986139714717865 0.989835798740387 0.975757360458374 0.972523391246796 0.975362718105316
0.0800203531980515 0.0638435930013657 0.0927912220358849 0.151997447013855 0.56320595741272 0.727364003658295 0.586734652519226 0.749144315719604 0.95512843132019 0.988564610481262 0.982581496238708 0.991395115852356 0.983755230903625 0.979914665222168 0.972346127033234
0.0579171255230904 0.0336731262505054 0.0837462171912193 0.288760602474213 0.660400331020355 0.903244972229004 0.71543675661087 0.869359791278839 0.970707774162292 0.96137136220932 0.988629698753357 0.991972923278809 0.992225289344788 0.979837000370026 0.978183150291443
0.0866140350699425 0.152951002120972 0.0773026198148727 0.412702471017838 0.587019920349121 0.852663040161133 0.911392211914062 0.979386448860168 0.96354466676712 0.965927481651306 0.994138598442078 0.99029666185379 0.99000471830368 0.981948971748352 0.973525702953339
0.117647647857666 0.245156064629555 0.279330641031265 0.464437812566757 0.49002605676651 0.858473896980286 0.913331210613251 0.991647362709045 0.963868379592896 0.9656041264534 0.992161929607391 0.981238126754761 0.981209635734558 0.977327525615692 0.977397859096527
0.150855198502541 0.215347334742546 0.304249435663223 0.552354514598846 0.530737817287445 0.893532156944275 0.958496809005737 0.988152742385864 0.951789617538452 0.986510038375854 0.990890026092529 0.986671388149261 0.985391736030579 0.982726395130157 0.979375064373016
0.137817472219467 0.186426922678947 0.246855840086937 0.586239695549011 0.651091456413269 0.90927666425705 0.970796644687653 0.946636557579041 0.935295104980469 0.980575799942017 0.98692262172699 0.987708389759064 0.986126065254211 0.982757151126862 0.978389799594879
0.185472905635834 0.213990047574043 0.24958136677742 0.498733013868332 0.840946912765503 0.894973397254944 0.935911059379578 0.894296109676361 0.968056619167328 0.98691338300705 0.990253686904907 0.989660203456879 0.984352052211761 0.978449523448944 0.970970094203949
0.145912736654282 0.20009945333004 0.463345885276794 0.870701611042023 0.821190297603607 0.832201778888702 0.951669931411743 0.930467128753662 0.97186017036438 0.991735696792603 0.983497500419617 0.983220160007477 0.980398952960968 0.975756227970123 0.972058773040771
0.135664269328117 0.116245970129967 0.476773828268051 0.816263437271118 0.821499168872833 0.896264493465424 0.939315378665924 0.978976905345917 0.965345144271851 0.97352135181427 0.962088465690613 0.973786771297455 0.980823338031769 0.970350444316864 0.968935072422028
0.198131039738655 0.149671420454979 0.282273590564728 0.646780729293823 0.751190602779388 0.936689078807831 0.954124212265015 0.97986364364624 0.96656197309494 0.955231845378876 0.953007221221924 0.981778979301453 0.973417341709137 0.971495509147644 0.961566209793091
0.54810756444931 0.390764564275742 0.11659949272871 0.681661128997803 0.934025943279266 0.87670511007309 0.962957739830017 0.982055604457855 0.977531492710114 0.9737149477005 0.977171301841736 0.973275482654572 0.969087243080139 0.966279447078705 0.960738062858582
0.524635136127472 0.671016871929169 0.155975326895714 0.616544365882874 0.880836308002472 0.855677604675293 0.942940950393677 0.986042499542236 0.98778760433197 0.980092763900757 0.977525413036346 0.962749063968658 0.964118123054504 0.96435558795929 0.959606349468231
0.606411218643188 0.685743272304535 0.649640142917633 0.762262523174286 0.637422502040863 0.857408940792084 0.96576452255249 0.985779821872711 0.987016260623932 0.984288036823273 0.973177909851074 0.945918381214142 0.960039734840393 0.948517620563507 0.939507663249969
0.655674815177917 0.934057176113129 0.844291925430298 0.945290088653564 0.895691752433777 0.924364030361176 0.984932661056519 0.985094487667084 0.983097970485687 0.97827821969986 0.964389026165009 0.938632607460022 0.940447628498077 0.958955645561218 0.94351863861084
0.820651471614838 0.936333179473877 0.874234914779663 0.960205256938934 0.968926429748535 0.980639755725861 0.980561077594757 0.984366357326508 0.981476247310638 0.963785886764526 0.942112147808075 0.927042603492737 0.909319221973419 0.930182278156281 0.92777818441391
0.83068060874939 0.956167221069336 0.929269015789032 0.966529846191406 0.972286641597748 0.981153428554535 0.970793902873993 0.981057524681091 0.977240920066833 0.963811695575714 0.961945235729218 0.93784487247467 0.877599239349365 0.854388773441315 0.916002571582794
0.906121850013733 0.948894858360291 0.957818806171417 0.971112489700317 0.977689862251282 0.974637746810913 0.977325260639191 0.977337777614594 0.972803235054016 0.96103423833847 0.960796296596527 0.905415594577789 0.838869988918304 0.893447875976562 0.899476289749146
0.919545114040375 0.961744725704193 0.959247946739197 0.962174415588379 0.971730351448059 0.974962711334229 0.97675758600235 0.977557063102722 0.974446773529053 0.966124296188354 0.949054002761841 0.863825619220734 0.859777688980103 0.874567747116089 0.823879241943359
0.931857824325562 0.956421256065369 0.939794957637787 0.959053814411163 0.971752941608429 0.972855746746063 0.970517873764038 0.971803784370422 0.969544649124146 0.968623042106628 0.917722880840302 0.848007798194885 0.811194658279419 0.80289089679718 0.735358417034149
0.909790277481079 0.93452262878418 0.934041619300842 0.951902627944946 0.96766859292984 0.965020656585693 0.967467725276947 0.968390166759491 0.968582808971405 0.96443647146225 0.932691395282745 0.814754903316498 0.734521687030792 0.779492378234863 0.786758542060852
0.909351766109467 0.677265226840973 0.86726588010788 0.921471834182739 0.966650068759918 0.967959880828857 0.965939402580261 0.96533203125 0.953319609165192 0.958417236804962 0.907841920852661 0.750277161598206 0.743030309677124 0.826339900493622 0.717300057411194
0.501521706581116 0.832711100578308 0.954625248908997 0.935412526130676 0.950814485549927 0.964465916156769 0.958125412464142 0.961215317249298 0.958851993083954 0.915462851524353 0.845011353492737 0.691965758800507 0.770555317401886 0.765117764472961 0.709142327308655
0.56146228313446 0.885804176330566 0.943531811237335 0.946537137031555 0.948721945285797 0.954453825950623 0.957010507583618 0.959300816059113 0.956598043441772 0.892737209796906 0.812764942646027 0.7569979429245 0.680823504924774 0.571341335773468 0.71167653799057
0.845372140407562 0.930530548095703 0.940102279186249 0.936659634113312 0.930459499359131 0.946957945823669 0.954434335231781 0.950310826301575 0.942782759666443 0.896201550960541 0.822202563285828 0.857082903385162 0.690561771392822 0.523680031299591 0.821945548057556
0.898155272006989 0.917755842208862 0.937937021255493 0.939119160175323 0.940581381320953 0.926471471786499 0.940437972545624 0.94807893037796 0.942687571048737 0.88471782207489 0.838331878185272 0.814011037349701 0.71500164270401 0.602192223072052 0.74370139837265
0.916739761829376 0.911712944507599 0.922207593917847 0.92269504070282 0.924538969993591 0.941132068634033 0.931136786937714 0.928243458271027 0.921469867229462 0.843492686748505 0.790792047977448 0.725174069404602 0.643078684806824 0.635243654251099 0.706870079040527
0.896677732467651 0.890658915042877 0.918795049190521 0.916132211685181 0.926622807979584 0.924806416034698 0.92720764875412 0.932340323925018 0.91215580701828 0.801350593566895 0.769735097885132 0.641688406467438 0.487790077924728 0.716026782989502 0.65803599357605
0.893031775951385 0.908664166927338 0.897781074047089 0.906468152999878 0.91791182756424 0.908122658729553 0.912169635295868 0.917984426021576 0.916914403438568 0.825036287307739 0.680074572563171 0.593760251998901 0.501093685626984 0.743695080280304 0.72194516658783
0.862385630607605 0.884822845458984 0.895857155323029 0.89517080783844 0.896067976951599 0.900122284889221 0.90848970413208 0.917161464691162 0.850127279758453 0.903102576732635 0.674016118049622 0.467084050178528 0.636335134506226 0.834019124507904 0.463273614645004
0.859800755977631 0.881536424160004 0.882274389266968 0.860489726066589 0.881980419158936 0.900658190250397 0.886664807796478 0.894434869289398 0.762381017208099 0.895543694496155 0.751566648483276 0.549147427082062 0.489324331283569 0.817790448665619 0.614734470844269
0.863696157932281 0.858238577842712 0.872384428977966 0.863714635372162 0.880939722061157 0.883640050888062 0.884003221988678 0.875248551368713 0.78608900308609 0.888748943805695 0.756494164466858 0.509316861629486 0.316311091184616 0.721849918365479 0.616264998912811
0.831757545471191 0.846704721450806 0.853163361549377 0.852118670940399 0.859123766422272 0.861028730869293 0.869379103183746 0.859830796718597 0.868017673492432 0.807311296463013 0.6353719830513 0.451968669891357 0.242137357592583 0.584266304969788 0.58770215511322
0.81462025642395 0.783823370933533 0.843576490879059 0.807298839092255 0.848036408424377 0.853802859783173 0.84974193572998 0.845859348773956 0.830421149730682 0.670986294746399 0.422012776136398 0.292097866535187 0.15823221206665 0.437403917312622 0.439569115638733
0.625762701034546 0.730702817440033 0.818251430988312 0.771935999393463 0.838499188423157 0.83266681432724 0.807253062725067 0.838889837265015 0.768703937530518 0.518762171268463 0.248735666275024 0.114407800137997 0.129979178309441 0.237152472138405 0.387335032224655
0.717328131198883 0.733556985855103 0.791443765163422 0.796156823635101 0.811350166797638 0.785301148891449 0.803870618343353 0.82336437702179 0.63775235414505 0.371864795684814 0.196049749851227 0.0858171731233597 0.0947363451123238 0.144226834177971 0.375143527984619
0.743465065956116 0.753686308860779 0.746780753135681 0.78028815984726 0.745299339294434 0.792903900146484 0.796928465366364 0.799584329128265 0.589649677276611 0.331569105386734 0.168495580554008 0.0727575868368149 0.0587497986853123 0.0742583423852921 0.221439749002457
0.744426846504211 0.750761866569519 0.749310791492462 0.713156342506409 0.710714638233185 0.770933568477631 0.777312755584717 0.753074109554291 0.542391359806061 0.306674987077713 0.150798708200455 0.101984605193138 0.0547414682805538 0.0451349392533302 0.0602035410702229
0.709368646144867 0.727563500404358 0.719036757946014 0.638458371162415 0.699793636798859 0.732253789901733 0.755938172340393 0.736679136753082 0.509065330028534 0.299836218357086 0.148775771260262 0.113055437803268 0.0725554004311562 0.120036475360394 0.122266918420792
0.672118902206421 0.681318342685699 0.685958802700043 0.711494326591492 0.61173141002655 0.709371149539948 0.720453560352325 0.676348805427551 0.48745185136795 0.288463711738586 0.156359568238258 0.0821808502078056 0.116331182420254 0.219234988093376 0.273107767105103
0.633862912654877 0.664729714393616 0.673975110054016 0.676963150501251 0.591192662715912 0.646067202091217 0.699177622795105 0.661787211894989 0.485629707574844 0.2597496509552 0.144797146320343 0.168844446539879 0.194022923707962 0.344277322292328 0.292461216449738
0.598927736282349 0.642500162124634 0.650641977787018 0.679459273815155 0.627208292484283 0.600955784320831 0.684871137142181 0.632260501384735 0.505091309547424 0.297678858041763 0.168122082948685 0.248081251978874 0.285378605127335 0.40610608458519 0.324379622936249
0.529226720333099 0.598424077033997 0.626077711582184 0.60447233915329 0.625607550144196 0.630436360836029 0.658213675022125 0.617443323135376 0.508747160434723 0.302010893821716 0.195476666092873 0.184467777609825 0.292411714792252 0.286588609218597 0.160223484039307
0.519414782524109 0.561516165733337 0.575935840606689 0.603016316890717 0.573396325111389 0.615344285964966 0.603684782981873 0.592237234115601 0.460881352424622 0.324008524417877 0.257833689451218 0.285357266664505 0.308010309934616 0.170848399400711 0.0789331421256065
0.507142066955566 0.525595664978027 0.540422797203064 0.564369797706604 0.569936156272888 0.46302917599678 0.485854417085648 0.492984890937805 0.364573806524277 0.31077316403389 0.318348169326782 0.309099018573761 0.416548162698746 0.213421538472176 0.0581102669239044
