data/climate_estimation/maxent_output/Alstroemeria_plantaginea.asc
NCOLS 218 
NROWS 174 
XLLCORNER -56.3333333333333 
YLLCORNER -23.5 
CELLSIZE 0.0833333333333333 
NODATA_value -3.4e+38 
[rows 40 to 59 of 174, columns 132 to 175 of 218]
0.00257610809057951 0.00267015304416418 0.00252480641938746 0.00222491263411939 0.00194291083607823 0.0023795161396265 0.00223261956125498 0.00219147303141654 0.00251557794399559 0.00234206393361092 0.00249673658981919 0.00280649401247501 0.00286491308361292 0.00295874290168285 0.00315561820752919 0.00359261082485318 0.00274626119062304 0.0022007361985743 0.00053933379240334 0.000454589637229219 0.000359152792952955 0.000352071860106662 0.000566874397918582 0.000771739636547863 0.000400139368139207 0.000360604200977832 0.000930397072806954 0.00124997994862497 0.00288598169572651 0.000764602737035602 0.000303656124742702 0.000299529026960954 0.000310458795865998 0.000370226945960894 0.000438181305071339 0.00110044295433909 0.0291646961122751 0.0137713793665171 0.0246569458395243 0.0546511374413967 0.050989493727684 0.241872936487198 0.0785687416791916 0.105826742947102
0.00417278055101633 0.00258810329250991 0.0022861345205456 0.00240482739172876 0.00234707561321557 0.00238622631877661 0.0013968168059364 0.00139253493398428 0.00145353144034743 0.00153174425940961 0.0026947115547955 0.00300407619215548 0.00288758729584515 0.00299920770339668 0.00327058532275259 0.00320361414924264 0.00105614389758557 0.000532828504219651 0.000438330025644973 0.000389936001738533 0.000350088841514662 0.000315272569423541 0.000492308521643281 0.000621792569290847 0.000476893794257194 0.000540917797479779 0.00103834236506373 0.00081340508768335 0.00146384083200246 0.00178676273208112 0.000575400190427899 0.000517344509717077 0.000528930744621903 0.000586167094297707 0.000813784659840167 0.00151976989582181 0.00376348127610981 0.00527131743729115 0.0279063954949379 0.0656251013278961 0.0928530544042587 0.13378269970417 0.0372503362596035 0.104595109820366
0.00257426430471241 0.00281785614788532 0.00267793424427509 0.00263800122775137 0.00264194677583873 0.00248347129672766 0.00157641689293087 0.00149881828110665 0.00165024062152952 0.0015961704775691 0.00184457923751324 0.00181478238664567 0.00203350349329412 0.0021378924138844 0.00309086032211781 0.00247674575075507 0.000539296772330999 0.000463665026472881 0.000375263189198449 0.000369221088476479 0.000315306213451549 0.000458030815934762 0.000449410174041986 0.000374913273844868 0.000665374973323196 0.000517680193297565 0.000537902931682765 0.00073973648250103 0.0011483762646094 0.00285183591768146 0.000739553710445762 0.000554673373699188 0.000533296435605735 0.000576323363929987 0.00071436632424593 0.00120133464224637 0.00421509565785527 0.00610433053225279 0.0121138645336032 0.0680644363164902 0.0575752183794975 0.0575302019715309 0.045852679759264 0.118429817259312
0.0028451771941036 0.00281294458545744 0.00268568354658782 0.00267109647393227 0.00304265390150249 0.00176977529190481 0.00178380613215268 0.00171649316325784 0.00168128951918334 0.00174506474286318 0.0019181544193998 0.00190150574781001 0.001865767640993 0.00176076218485832 0.00157751201186329 0.00108188204467297 0.000537265965249389 0.00045466489973478 0.000385328545235097 0.000374405761249363 0.000336300960043445 0.000462549389339983 0.000446271122200415 0.000410406530136243 0.000355975760612637 0.000466334604425356 0.000543560483492911 0.000703714089468122 0.000769446487538517 0.00227632001042366 0.000903347507119179 0.000540968496352434 0.000563756038900465 0.000627895002253354 0.000771783466916531 0.00090260396245867 0.00512874638661742 0.00697635440155864 0.030660480260849 0.0694023296236992 0.0621813982725143 0.0289364643394947 0.0142842093482614 0.0561819262802601
0.00288079446181655 0.00281020742841065 0.0027218812610954 0.0026184821035713 0.00282870070077479 0.00181014568079263 0.00178045069333166 0.0018011792562902 0.00175065663643181 0.00190797448158264 0.00180745380930603 0.0017846921691671 0.00192064745351672 0.00182203366421163 0.00132782768923789 0.000810867932159454 0.000875233032274991 0.00042112177470699 0.000426551385316998 0.000366857217159122 0.000356116070179269 0.000334325683070347 0.000472882820758969 0.000433530221926048 0.000368243374396116 0.000321568077197298 0.000338030076818541 0.000785593234468251 0.000494602369144559 0.00208158837631345 0.00164312368724495 0.000657899130601436 0.000597952806856483 0.000601854815613478 0.000758510082960129 0.000904920103494078 0.00180828082375228 0.0101557169109583 0.0319088958203793 0.0630328506231308 0.0767152234911919 0.0289980415254831 0.0142096700146794 0.102701745927334
0.00285306945443153 0.0028769567143172 0.00295375497080386 0.00276476284489036 0.00183219253085554 0.0020638620480895 0.00204750103875995 0.00203456124290824 0.00192847044672817 0.00187477713916451 0.00199318630620837 0.00202182633802295 0.00190889509394765 0.0018561587203294 0.00147091876715422 0.00145818653982133 0.00109803094528615 0.000781448383349925 0.000421366770751774 0.000400446588173509 0.000375742762116715 0.000357175653334707 0.000343336054356769 0.000300043931929395 0.000238130305660889 0.000231799625908025 0.000389678549254313 0.000625645159743726 0.000595228979364038 0.00139605370350182 0.00227409671060741 0.000843266199808568 0.000750432431232184 0.000690932502038777 0.000717068265657872 0.000891245086677372 0.00315940496511757 0.00949028506875038 0.0110885091125965 0.0585868507623672 0.232977285981178 0.142152264714241 0.0306073483079672 0.304900646209717
0.00300270062871277 0.00312459259293973 0.00334488903172314 0.00311865331605077 0.00208549946546555 0.00201109400950372 0.00205503706820309 0.0019294077064842 0.0019252096535638 0.00193391065113246 0.00190929707605392 0.00182644638698548 0.0018128874944523 0.0016224222490564 0.00121366698294878 0.00114562129601836 0.00153479969594628 0.000906053057406098 0.000455716042779386 0.000427170743932948 0.000412927067372948 0.000376898446120322 0.000374039082089439 0.000331152783473954 0.000271063094260171 0.000265575479716063 0.000307305861497298 0.000540135661140084 0.000875381636433303 0.00194582110270858 0.00359429861418903 0.00176616723183542 0.000995066715404391 0.000758483773097396 0.000788016768638045 0.00095866119954735 0.00159600249025971 0.0107747884467244 0.0129998922348022 0.107180908322334 0.339775443077087 0.420554876327515 0.290398240089417 0.335732936859131
0.00330531015060842 0.00341418571770191 0.00340543524362147 0.00203495612367988 0.00211416627280414 0.00181871396489441 0.00165941845625639 0.00201539997942746 0.00170729693491012 0.00159067707136273 0.00171514577232301 0.00168470852077007 0.00174774776678532 0.00119020463898778 0.000947734573855996 0.00130339339375496 0.00112102925777435 0.000579201558139175 0.00048771733418107 0.000473655934911221 0.000480267044622451 0.000420198077335954 0.000388773914892226 0.000305670837406069 0.000317868863930926 0.00028654930065386 0.000364018080290407 0.000654459989164025 0.00141308992169797 0.00171166006475687 0.00972000136971474 0.00242150807753205 0.000925235857721418 0.000846350914798677 0.000860648753587157 0.00101364427246153 0.00129919173195958 0.00330620119348168 0.0128419063985348 0.181529298424721 0.463112622499466 0.405709654092789 0.371917068958282 0.374781638383865
0.00340433116070926 0.00340557261370122 0.00335557293146849 0.00201241066679358 0.00176576618105173 0.00188919214997441 0.00172145874239504 0.00158332719001919 0.00170129432808608 0.00176887342240661 0.00172773853410035 0.0018673975719139 0.00149619358126074 0.00112569145858288 0.000896092911716551 0.000844970636535436 0.000703710364177823 0.000646799337118864 0.000575647223740816 0.000602094689384103 0.000583676679525524 0.000509192876052111 0.000393563619581982 0.000330263894284144 0.000328752415953204 0.000315304205287248 0.000305708119412884 0.000441572949057445 0.0025394381955266 0.000845931353978813 0.00500492099672556 0.00274371355772018 0.00100570311769843 0.000868573435582221 0.000996214454062283 0.00102437869645655 0.00136069743894041 0.00206681108102202 0.0216250997036695 0.353141635656357 0.454463452100754 0.454532086849213 0.417338073253632 0.315166443586349
0.00327517441473901 0.00303947017528117 0.00200168811716139 0.0021330020390451 0.00191471597645432 0.00187313486821949 0.00206736940890551 0.00177506927866489 0.00161347072571516 0.00182173389475793 0.00172405352350324 0.00188116007484496 0.00154898210894316 0.00130770890973508 0.00117545702960342 0.00095119618345052 0.000775965803768486 0.000804681214503944 0.000911805313080549 0.00110690924338996 0.000883399392478168 0.000561863533221185 0.000400524586439133 0.000321131083182991 0.000332906434778124 0.000342268118401989 0.000360870675649494 0.000401587603846565 0.00112719391472638 0.000950419926084578 0.00374211766757071 0.00306234043091536 0.00188155425712466 0.00115413288585842 0.00123006070498377 0.00132094568107277 0.00146620918530971 0.00653641810640693 0.017010074108839 0.375425487756729 0.403133749961853 0.434476464986801 0.441979169845581 0.278586357831955
0.00357300974428654 0.00209973799064755 0.00187846552580595 0.00194992183241993 0.00222733849659562 0.00220351340249181 0.00205728388391435 0.0033087192568928 0.00147004832979292 0.00148221768904477 0.00177897536195815 0.00171296356711537 0.0014590461505577 0.00130739971064031 0.00134279695339501 0.00102444726508111 0.000751161074731499 0.000818963570054621 0.00123955600429326 0.00166023848578334 0.00113518163561821 0.000578692124690861 0.000384112092433497 0.000317520141834393 0.000328354828525335 0.000343863939633593 0.000449816870968789 0.000530590652488172 0.000806003459729254 0.00137065397575498 0.00162365601863712 0.00423001544550061 0.00307170185260475 0.00161409063730389 0.00143205502536148 0.0015380383701995 0.00177023664582521 0.0423908904194832 0.131507068872452 0.389630258083344 0.470741212368011 0.400467783212662 0.420344442129135 0.264336705207825
0.00209897710010409 0.00229205936193466 0.00234005902893841 0.00235089799389243 0.00231672008521855 0.00382525403983891 0.0039513953961432 0.00344197871163487 0.00312764593400061 0.0023332096170634 0.00202944385819137 0.00196903897449374 0.00107776408549398 0.0010695910314098 0.000986795523203909 0.000888534355908632 0.000640326063148677 0.00066959107061848 0.00111758580897003 0.00127402786165476 0.00104024517349899 0.000616233504842967 0.000405626080464572 0.000351326481904835 0.000375078787328675 0.000420120224589482 0.000602250744123012 0.000630312541034073 0.0010215078946203 0.00192252080887556 0.00172627600841224 0.00462748622521758 0.00615589926019311 0.00227106362581253 0.00191326811909676 0.0020673000253737 0.00208012131042778 0.010723439976573 0.336083650588989 0.359838426113129 0.447160750627518 0.45341569185257 0.289033234119415 0.23279196023941
0.00246195099316537 0.00253197830170393 0.00270983902737498 0.00433916505426168 0.00387609703466296 0.0034793964587152 0.00369797414168715 0.00390980718657374 0.00332886562682688 0.00229984801262617 0.00163842865731567 0.00113765418063849 0.000500681984703988 0.000529835466295481 0.000709574203938246 0.000686493469402194 0.000716991315130144 0.00081476429477334 0.000948395987506956 0.00101832719519734 0.000922368315514177 0.000612213392741978 0.000439180817920715 0.000412284280173481 0.000468134210677817 0.000486292439745739 0.00072916061617434 0.000838867272250354 0.00222694245167077 0.00279187061823905 0.00189540872815996 0.00240869005210698 0.00659008976072073 0.00295643485151231 0.00254183006472886 0.00252535962499678 0.00235424237325788 0.0380272194743156 0.0946761220693588 0.435803681612015 0.399333477020264 0.417225956916809 0.330473840236664 0.191402360796928
0.00272367359139025 0.00244928360916674 0.00230371719226241 0.00357336574234068 0.00394369568675756 0.00426021916791797 0.0050461390055716 0.00446574343368411 0.00332954688929021 0.00253542466089129 0.00213273661211133 0.00148782902397215 0.000544666603673249 0.000732726533897221 0.000945034378673881 0.00102735101245344 0.000978352269157767 0.00107227335684001 0.00116077356506139 0.000972397217992693 0.000818892498500645 0.000663029379211366 0.000564957328606397 0.000530035700649023 0.00061173242283985 0.000674328184686601 0.00114602968096733 0.00108889339026064 0.00150142714846879 0.00875321310013533 0.00361665128730237 0.00234834640286863 0.00566922407597303 0.00532017508521676 0.00542275840416551 0.00311232008971274 0.00275759352371097 0.00709175551310182 0.0363852009177208 0.406138330698013 0.462092787027359 0.415210127830505 0.347002953290939 0.296858310699463
0.00249314052052796 0.0024056660477072 0.0042704944498837 0.00446582632139325 0.0044000381603837 0.00444513559341431 0.00463275099173188 0.00433397898450494 0.00420144060626626 0.0035558280069381 0.00319456309080124 0.00256620906293392 0.000775055435951799 0.00203312048688531 0.00244228262454271 0.00264425715431571 0.00133183936122805 0.0026119404938072 0.00141470076050609 0.000819361070170999 0.000708910694811493 0.000670454348437488 0.000624367618001997 0.000657138705719262 0.000740984221920371 0.000818044587504119 0.00129186792764813 0.00140087399631739 0.00178342883009464 0.00953446142375469 0.00804362818598747 0.00316204829141498 0.00336026470176876 0.00602742843329906 0.00660428730770946 0.0131120318546891 0.00854372046887875 0.00282371649518609 0.125944301486015 0.351720929145813 0.429505407810211 0.372210562229156 0.195328190922737 0.103740178048611
0.00314005697146058 0.00317928334698081 0.00430892640724778 0.00413468154147267 0.00433965818956494 0.00470584351569414 0.0056070820428431 0.00588586367666721 0.00472345622256398 0.00456634350121021 0.0014874265762046 0.00136229419149458 0.00095026521012187 0.00174478313419968 0.00323019386269152 0.00319245434366167 0.00334210507571697 0.00367521331645548 0.00116138905286789 0.000768675119616091 0.000725972990039736 0.000657403259538114 0.000703300291206688 0.00075552862836048 0.000875378609634936 0.00102654926013201 0.00110181246418506 0.00138016976416111 0.00228730053640902 0.00331787648610771 0.0097561189904809 0.00431831553578377 0.0111356806010008 0.0104554751887918 0.00946498475968838 0.0430448651313782 0.0729985013604164 0.00920050032436848 0.011195819824934 0.101621851325035 0.0402467101812363 0.0125993508845568 0.209453627467155 0.119027078151703
0.00270967278629541 0.00268531241454184 0.00451490981504321 0.00500164739787579 0.00566279236227274 0.00543881673365831 0.00562950130552053 0.00510386237874627 0.00302093219943345 0.00243971031159163 0.00201290054246783 0.00199729204177856 0.00188863591756672 0.00223412271589041 0.00431561516597867 0.00374093023128808 0.00378654291853309 0.00281231547705829 0.00096790911629796 0.000762715877499431 0.000688933476340026 0.000741779804229736 0.00081797456368804 0.000904352404177189 0.000981375807896256 0.00110804266296327 0.00121494405902922 0.00141550740227103 0.00231878040358424 0.00301467953249812 0.00832413975149393 0.0101121058687568 0.0100600505247712 0.0115293506532907 0.0194035824388266 0.0924830883741379 0.0406714789569378 0.0261050816625357 0.0146650560200214 0.00427766749635339 0.0162362176924944 0.0034019504673779 0.00603924691677094 0.183636218309402
0.00325447577051818 0.00540169142186642 0.00575602240860462 0.00652916077524424 0.00660885777324438 0.0054132267832756 0.00540314568206668 0.00527091883122921 0.00503081828355789 0.00298191071487963 0.00238544587045908 0.00249158940277994 0.00279924739152193 0.00256217364221811 0.00505805388092995 0.00183424435090274 0.00131773459725082 0.000924357329495251 0.000826053437776864 0.000743402575608343 0.000667686923407018 0.000742074334993958 0.000791225815191865 0.000889497401658446 0.00100483174901456 0.00186287995893508 0.00204391963779926 0.00215510884299874 0.00159811798948795 0.00422555068507791 0.00676158349961042 0.00750620802864432 0.0201599076390266 0.0229129157960415 0.0255208760499954 0.0531137846410275 0.0392644926905632 0.00505548343062401 0.00354641466401517 0.0042880903929472 0.00920808594673872 0.00383435119874775 0.00332976272329688 0.0196503438055515
0.00693130167201161 0.00612794095650315 0.00678184302523732 0.00627262052148581 0.00604813965037465 0.00574920745566487 0.00622468627989292 0.00607465393841267 0.00623296666890383 0.00569820730015635 0.00288803433068097 0.00263025355525315 0.00315762008540332 0.0028236280195415 0.00267673586495221 0.00161860045045614 0.00104240607470274 0.000909011519979686 0.000834468402899802 0.000806817202828825 0.000685888750012964 0.00073104677721858 0.000934970215894282 0.00100185722112656 0.00158205255866051 0.00174990145023912 0.00195941468700767 0.0020791026763618 0.00228332285769284 0.00274136709049344 0.00499130506068468 0.0128290392458439 0.0459638461470604 0.0427704490721226 0.055969811975956 0.0462722778320312 0.082876905798912 0.0146760419011116 0.00355746480636299 0.00504649244248867 0.00540198991075158 0.00919861253350973 0.0143901389092207 0.00293201324529946
0.00519991759210825 0.00540440622717142 0.00526444613933563 0.00545760104432702 0.00506148533895612 0.00616790633648634 0.00663693388924003 0.00624548504129052 0.00553669175133109 0.00573139823973179 0.00533302687108517 0.00544964941218495 0.00312664452940226 0.00238415459170938 0.00193297886289656 0.00133233400993049 0.0011212311219424 0.000991654233075678 0.000843402754981071 0.00083444471238181 0.000751216895878315 0.00081654341192916 0.00101058871950954 0.00108431524131447 0.00169203046243638 0.00172066444065422 0.00181704584974796 0.00198284257203341 0.00231259688735008 0.00247992784716189 0.00337697938084602 0.0252541098743677 0.134988844394684 0.138332083821297 0.125495493412018 0.156274423003197 0.0670594051480293 0.0109925763681531 0.00297547876834869 0.00449058413505554 0.00450321333482862 0.00353274890221655 0.00276924599893391 0.00257542124018073
