data/climate_estimation/maxent_output/Alstroemeria_pygmaea.asc
NCOLS 164 
NROWS 335 
XLLCORNER -78.25 
YLLCORNER -36.0833333333333 
CELLSIZE 0.0833333333333334 
NODATA_value -3.4e+38 
[rows 230 to 252 of 335, columns 104 to 155 of 164]
0.120980225503445 0.0997900292277336 0.106214016675949 0.147031143307686 0.160031452775002 0.190687209367752 0.164344921708107 0.182613492012024 0.228903591632843 0.212741479277611 0.190744087100029 0.237061262130737 0.289776116609573 0.294329404830933 0.280340135097504 0.295154839754105 0.212148427963257 0.19105651974678 0.321900129318237 0.189490243792534 0.0561181753873825 0.0222258269786835 0.0122521771118045 0.01298803742975 0.0150502314791083 0.0434399805963039 0.273076415061951 0.566573023796082 0.372614443302155 0.182026013731956 0.0669414550065994 0.0164845120161772 0.0200430098921061 0.138834029436111 0.219862475991249 0.306116789579391 0.266888648271561 0.558917641639709 0.594787955284119 0.848760485649109 0.93268883228302 0.942099153995514 0.345729440450668 0.0316466465592384 0.00523147266358137 0.00135098735336214 0.000566349015571177 0.00031510999542661 0.000258024811046198 0.000306551955873147 0.00142094807233661 0.00202891090884805
0.140876904129982 0.103742957115173 0.0872774496674538 0.143499806523323 0.146372392773628 0.178587108850479 0.185706153512001 0.221601784229279 0.214953735470772 0.249769613146782 0.218199342489243 0.221475854516029 0.288819760084152 0.286168843507767 0.312358438968658 0.328406989574432 0.280742436647415 0.182128041982651 0.341200411319733 0.213463261723518 0.0962739884853363 0.0289140474051237 0.0106764985248446 0.0114238038659096 0.0115262176841497 0.052705567330122 0.409524589776993 0.518626153469086 0.498981535434723 0.0591591708362103 0.0200567953288555 0.0595485791563988 0.110621340572834 0.0454099625349045 0.124457143247128 0.149924576282501 0.159454435110092 0.302828997373581 0.270966589450836 0.270602971315384 0.621941089630127 0.493032544851303 0.0626179128885269 0.0640958771109581 0.0110692344605923 0.00158546445891261 0.000600322615355253 0.000399272161303088 0.00122644298244268 0.000400954682845622 0.00163108878768981 0.00232563354074955
0.130263090133667 0.0608337558805943 0.134851023554802 0.161707997322083 0.151608243584633 0.183706149458885 0.204018443822861 0.211138471961021 0.213295057415962 0.221630409359932 0.236580461263657 0.194552555680275 0.270395040512085 0.3013955950737 0.329614579677582 0.321920782327652 0.320854902267456 0.224991947412491 0.370957493782043 0.294883012771606 0.0816421508789062 0.0239917002618313 0.0151666542515159 0.0094241863116622 0.0223331712186337 0.120686337351799 0.446530848741531 0.39205613732338 0.183575943112373 0.0757771134376526 0.0583188124001026 0.0257443729788065 0.0378443710505962 0.0293846130371094 0.131627783179283 0.156972140073776 0.0499952733516693 0.0323492661118507 0.0248823929578066 0.033000648021698 0.110193014144897 0.209785610437393 0.0367018580436707 0.0672781616449356 0.0180511698126793 0.00344370305538177 0.00129073287826031 0.00226161908358335 0.00182146078441292 0.00201054522767663 0.00224854657426476 0.00294408202171326
0.0726722925901413 0.0504992306232452 0.118488870561123 0.149414643645287 0.18806204199791 0.202902808785439 0.195224106311798 0.208752676844597 0.231444671750069 0.250962167978287 0.238927692174911 0.20894655585289 0.242949455976486 0.28771510720253 0.328639626502991 0.346202284097672 0.253107577562332 0.239290237426758 0.301611363887787 0.221888661384583 0.095313660800457 0.037233293056488 0.0140983872115612 0.0360009744763374 0.0202050413936377 0.251695841550827 0.272144615650177 0.128111213445663 0.0875718668103218 0.0199028812348843 0.0606038458645344 0.0228754207491875 0.0726207122206688 0.0850451290607452 0.0997346863150597 0.1041664108634 0.0570606403052807 0.0159678589552641 0.0162876322865486 0.016384681686759 0.0296358503401279 0.0484667755663395 0.0379247590899467 0.0981054604053497 0.0204429049044847 0.00454201409593225 0.00599998375400901 0.00395831419155002 0.00365966791287065 0.00338736176490784 0.00370801542885602 0.00414961529895663
0.0596671365201473 0.0925247296690941 0.129929527640343 0.18705053627491 0.17017562687397 0.19377389550209 0.209449276328087 0.225895017385483 0.202121466398239 0.21029044687748 0.256023049354553 0.262011855840683 0.295985072851181 0.297387003898621 0.350751936435699 0.35432755947113 0.265115708112717 0.22643518447876 0.245136424899101 0.147892624139786 0.0795965641736984 0.0371342301368713 0.0181471239775419 0.0109258880838752 0.0376029796898365 0.220240965485573 0.11170469969511 0.0765837356448174 0.0163110122084618 0.0595273785293102 0.0591114945709705 0.0734027400612831 0.0746006295084953 0.0332318730652332 0.0909330025315285 0.055099219083786 0.014706663787365 0.0124664921313524 0.011895420961082 0.0100340992212296 0.0108639309182763 0.0305217020213604 0.10346682369709 0.191358998417854 0.0347862504422665 0.00726698664948344 0.00536048412322998 0.00826124660670757 0.00634467788040638 0.00512987328693271 0.00498551642522216 0.00559945404529572
0.0628105774521828 0.0846149325370789 0.175760373473167 0.168981775641441 0.182742938399315 0.207049965858459 0.209625765681267 0.221487656235695 0.191299274563789 0.143771782517433 0.21982230246067 0.260192573070526 0.297317743301392 0.299204736948013 0.349590420722961 0.323592901229858 0.275179386138916 0.178297847509384 0.191203162074089 0.382214605808258 0.18377049267292 0.0478361919522285 0.016164755448699 0.0135403890162706 0.0729356408119202 0.103683687746525 0.0386031158268452 0.038389727473259 0.0501693747937679 0.0530883371829987 0.064866915345192 0.0788942575454712 0.0720169022679329 0.0793001353740692 0.0590809211134911 0.0526655837893486 0.013467226177454 0.0116882789880037 0.0345821380615234 0.0294488407671452 0.00810297485440969 0.029931491240859 0.407854795455933 0.242941036820412 0.0197210442274809 0.0162633471190929 0.0131361586973071 0.0129585126414895 0.00997584871947765 0.00812501739710569 0.00724445469677448 0.00812953617423773
0.116460911929607 0.0999492034316063 0.126742303371429 0.12381923943758 0.167902827262878 0.19451966881752 0.208693608641624 0.186130091547966 0.166101977229118 0.194327533245087 0.233905419707298 0.292085111141205 0.282019078731537 0.33815523982048 0.340122938156128 0.388562500476837 0.362042754888535 0.240639954805374 0.197860896587372 0.287323087453842 0.122153885662556 0.0384170524775982 0.0245583187788725 0.0355643033981323 0.0407391637563705 0.0349118076264858 0.0339365415275097 0.0305610485374928 0.0609912499785423 0.0584815479815006 0.0632201880216599 0.0760398283600807 0.0810922458767891 0.0803921967744827 0.0613879933953285 0.0506948158144951 0.0452399253845215 0.0390341319143772 0.0327362976968288 0.0283290017396212 0.0288117248564959 0.0239897985011339 0.411652386188507 0.192194625735283 0.0175967328250408 0.0257257372140884 0.01539256144315 0.0200625490397215 0.0137311508879066 0.011192986741662 0.00967642851173878 0.0113352183252573
0.137039870023727 0.102645166218281 0.107304163277149 0.136909902095795 0.175356462597847 0.210975408554077 0.220302537083626 0.171580299735069 0.175561308860779 0.177517309784889 0.205003753304482 0.313141167163849 0.324307680130005 0.329013556241989 0.360078811645508 0.364395022392273 0.350469082593918 0.278972446918488 0.23114649951458 0.169450238347054 0.099194623529911 0.0463924817740917 0.0313927605748177 0.0451966747641563 0.0157374907284975 0.0205299966037273 0.0362919978797436 0.0339532010257244 0.0711989477276802 0.0733310654759407 0.068572536110878 0.0791669487953186 0.0753924995660782 0.0741251707077026 0.0559724122285843 0.0475128553807735 0.0432200320065022 0.0370862632989883 0.0333847030997276 0.0318341553211212 0.0336727313697338 0.18066032230854 0.615369975566864 0.150633379817009 0.0188123062252998 0.0246128384023905 0.0156921371817589 0.0277325231581926 0.0151748713105917 0.0143310921266675 0.0133808450773358 0.0133291203528643
0.146557718515396 0.149209544062614 0.158430889248848 0.173183023929596 0.175912961363792 0.182385444641113 0.210117757320404 0.16350981593132 0.21131007373333 0.175251454114914 0.22753381729126 0.308159291744232 0.294353455305099 0.327506124973297 0.367872595787048 0.415193229913712 0.397088944911957 0.390775173902512 0.281209170818329 0.330169767141342 0.36838972568512 0.0941783636808395 0.060805507004261 0.0388218834996223 0.0143644707277417 0.0630222111940384 0.0535655058920383 0.0634832456707954 0.0831169560551643 0.0742688253521919 0.0772494375705719 0.0766251459717751 0.0683459267020226 0.0617010667920113 0.0536991655826569 0.0438721925020218 0.0428566560149193 0.0359515771269798 0.0359220094978809 0.0359037294983864 0.0398186296224594 0.18713191151619 0.779613792896271 0.192925557494164 0.0651431009173393 0.0214756708592176 0.01431864220649 0.0331226959824562 0.0195562113076448 0.0171612091362476 0.0169247761368752 0.0164835248142481
0.184154704213142 0.165587559342384 0.17967689037323 0.172845110297203 0.177809074521065 0.204541400074959 0.210203260183334 0.218390718102455 0.25501424074173 0.264278531074524 0.286482900381088 0.30885311961174 0.29719752073288 0.356346696615219 0.393764168024063 0.383925169706345 0.40266215801239 0.459366619586945 0.434391885995865 0.48198601603508 0.510475039482117 0.256117761135101 0.0286271199584007 0.0532337315380573 0.064843162894249 0.00268787611275911 0.0266455505043268 0.0659118369221687 0.0809812471270561 0.074825145304203 0.0787445679306984 0.069227822124958 0.0622112154960632 0.0595762319862843 0.0525498688220978 0.0481331907212734 0.0413413234055042 0.0402533672749996 0.0361140929162502 0.0366498939692974 0.0456185452640057 0.1260766685009 0.804604172706604 0.403675943613052 0.100421473383904 0.0545952841639519 0.0568119622766972 0.0414562970399857 0.0241899695247412 0.0197898913174868 0.0205054804682732 0.0193418189883232
0.163660749793053 0.177001610398293 0.177997946739197 0.167634338140488 0.18631374835968 0.201638102531433 0.230377778410912 0.252675384283066 0.275337964296341 0.262277334928513 0.300893515348434 0.317441254854202 0.29487818479538 0.38257896900177 0.347373127937317 0.261597096920013 0.306217849254608 0.465148955583572 0.354143977165222 0.364763617515564 0.497186720371246 0.22866678237915 0.0271099824458361 0.0190305840224028 0.0682725459337234 0.0619605258107185 0.0568040981888771 0.111652813851833 0.0831582546234131 0.0842035785317421 0.082732692360878 0.0710816159844398 0.0609225369989872 0.0576256327331066 0.049181591719389 0.0455287769436836 0.0403802506625652 0.0388376638293266 0.0384491644799709 0.0411244109272957 0.0511336885392666 0.172902032732964 0.853864431381226 0.576246500015259 0.0909968018531799 0.0455249957740307 0.0654234439134598 0.0489686951041222 0.0405205152928829 0.0371658466756344 0.0312121473252773 0.0279047004878521
0.190125569701195 0.161637470126152 0.172224655747414 0.179618567228317 0.175657078623772 0.213305398821831 0.218150109052658 0.226853892207146 0.263956308364868 0.281446546316147 0.283712893724442 0.346484065055847 0.306396901607513 0.373516738414764 0.251130819320679 0.183765426278114 0.301204025745392 0.418414801359177 0.235664546489716 0.282232075929642 0.433442682027817 0.29928931593895 0.0488157905638218 0.0290503315627575 0.05085539072752 0.0565094090998173 0.0727093070745468 0.0755589827895164 0.083844393491745 0.0821215286850929 0.0806278213858604 0.0733782425522804 0.061701163649559 0.0562327727675438 0.0485401563346386 0.0462730526924133 0.0436950661242008 0.0364035330712795 0.0391297079622746 0.0467295795679092 0.0630652084946632 0.215450912714005 0.87328714132309 0.386394202709198 0.114824131131172 0.0546006560325623 0.0498885177075863 0.0460321791470051 0.0922995582222939 0.0630771592259407 0.0457285046577454 0.0358203127980232
0.165303766727448 0.158954530954361 0.182258829474449 0.183380022644997 0.186979204416275 0.187044769525528 0.227518647909164 0.240382418036461 0.248863205313683 0.281314522027969 0.321427792310715 0.325775533914566 0.274213582277298 0.273322194814682 0.168547570705414 0.13208732008934 0.357840001583099 0.346954166889191 0.135966569185257 0.183617040514946 0.412867426872253 0.403257578611374 0.0547020323574543 0.0325020290911198 0.0681810602545738 0.0569077543914318 0.0713512673974037 0.0828911289572716 0.098343089222908 0.106411688029766 0.136185541749001 0.0832256600260735 0.0624949336051941 0.0527620017528534 0.0512804165482521 0.0445563457906246 0.043898057192564 0.0413776338100433 0.0422139838337898 0.0464338324964046 0.0815733969211578 0.317393869161606 0.90445339679718 0.394121289253235 0.106287352740765 0.0414861775934696 0.03962142765522 0.0422165766358376 0.13748724758625 0.0714078769087791 0.048943929374218 0.0363883338868618
0.188719049096107 0.152757421135902 0.168518200516701 0.176243826746941 0.186193585395813 0.182182520627975 0.213290691375732 0.237964481115341 0.249921604990959 0.286945521831512 0.320029735565186 0.314127951860428 0.215204924345016 0.148767039179802 0.0962693467736244 0.107522837817669 0.294512242078781 0.152113929390907 0.0834684073925018 0.204819545149803 0.624241054058075 0.362709939479828 0.0671281665563583 0.0810656249523163 0.0815772190690041 0.0815158933401108 0.0984928980469704 0.0860092416405678 0.112473994493484 0.112974300980568 0.309409379959106 0.141551405191422 0.0703470706939697 0.0545195564627647 0.0509695783257484 0.0478578731417656 0.0435320734977722 0.043606024235487 0.0425591990351677 0.047345444560051 0.135359197854996 0.512864053249359 0.868108153343201 0.338433980941772 0.0742423608899117 0.0338445007801056 0.0359601303935051 0.0565784238278866 0.126448512077332 0.0628326684236526 0.0503587014973164 0.0389520712196827
0.178883761167526 0.164240464568138 0.178717613220215 0.194994688034058 0.188564345240593 0.188317835330963 0.204940035939217 0.231109023094177 0.276419520378113 0.298624724149704 0.274247199296951 0.275908857584 0.158214882016182 0.0659787058830261 0.0513175800442696 0.0871744379401207 0.13423153758049 0.082912266254425 0.0594586320221424 0.214361578226089 0.68169754743576 0.511930406093597 0.265144765377045 0.118291795253754 0.0916351526975632 0.0879063755273819 0.0978637486696243 0.123757489025593 0.129836842417717 0.161770671606064 0.523108422756195 0.206076771020889 0.0801947936415672 0.0550375133752823 0.0499243326485157 0.0468345135450363 0.0465698540210724 0.0423130877315998 0.0428890697658062 0.0633317232131958 0.386407941579819 0.530654549598694 0.376260429620743 0.142259776592255 0.0404254049062729 0.0306260790675879 0.0346372276544571 0.0884827375411987 0.0915968418121338 0.0592642202973366 0.0443420633673668 0.0322674177587032
0.175370007753372 0.169297263026237 0.177229002118111 0.189193218946457 0.173715144395828 0.188995867967606 0.222178786993027 0.230333387851715 0.266713917255402 0.29860931634903 0.249689534306526 0.183912590146065 0.105937160551548 0.0986133590340614 0.0407638102769852 0.0476212948560715 0.161995157599449 0.117659546434879 0.0992470756173134 0.337557643651962 0.696215629577637 0.445544302463531 0.302679121494293 0.193642824888229 0.173615828156471 0.109021343290806 0.103121854364872 0.134932830929756 0.226056516170502 0.464468479156494 0.798714518547058 0.270901292562485 0.091933473944664 0.0669049173593521 0.0526469871401787 0.0477148666977882 0.0473073311150074 0.050935260951519 0.0556676350533962 0.190740197896957 0.493993073701859 0.269064903259277 0.100262083113194 0.0436411127448082 0.0284875240176916 0.0280088894069195 0.0333430916070938 0.105607844889164 0.0815896540880203 0.051752969622612 0.039913609623909 0.026836147531867
0.178626105189323 0.177152708172798 0.162373244762421 0.171492323279381 0.164736717939377 0.188795015215874 0.206496819853783 0.237483620643616 0.288112074136734 0.283985942602158 0.25164395570755 0.154675543308258 0.0554648675024509 0.104207664728165 0.105809941887856 0.0873399451375008 0.0912705957889557 0.0663726851344109 0.111301846802235 0.426143735647202 0.692827761173248 0.618954360485077 0.367304265499115 0.321709990501404 0.328206300735474 0.094167098402977 0.105426274240017 0.195637777447701 0.764041662216187 0.828371047973633 0.891786694526672 0.221895605325699 0.104855313897133 0.0755779668688774 0.064162515103817 0.0539213344454765 0.0418319888412952 0.0496034249663353 0.0720499753952026 0.310379594564438 0.165794804692268 0.0663143321871758 0.0378372445702553 0.0268238075077534 0.0262214075773954 0.0261050797998905 0.0494727194309235 0.104008682072163 0.0693938508629799 0.0498401671648026 0.0348412953317165 0.0268614515662193
0.176743879914284 0.159921616315842 0.175983652472496 0.193366155028343 0.171178326010704 0.17166231572628 0.227870061993599 0.235487788915634 0.292010605335236 0.321114718914032 0.323845565319061 0.255870044231415 0.113343589007854 0.109937377274036 0.067737802863121 0.105573177337646 0.0536438040435314 0.056064922362566 0.131557181477547 0.414323657751083 0.705460071563721 0.645501613616943 0.495468378067017 0.371549814939499 0.354205816984177 0.11339395493269 0.10249188542366 0.372905224561691 0.90907609462738 0.954970836639404 0.791595578193665 0.191498711705208 0.116731815040112 0.0945180580019951 0.0623375736176968 0.0758526399731636 0.0507036931812763 0.108642801642418 0.098880760371685 0.127692490816116 0.0470075979828835 0.0281536169350147 0.0256088227033615 0.024271585047245 0.024906549602747 0.0252025350928307 0.0573857612907887 0.103500694036484 0.0653437003493309 0.0478247813880444 0.0309448670595884 0.0236853491514921
0.174524143338203 0.171516418457031 0.181372418999672 0.174562439322472 0.148316353559494 0.172669723629951 0.220678955316544 0.27577543258667 0.320869117975235 0.314963907003403 0.365765154361725 0.362064480781555 0.356207549571991 0.155987590551376 0.0991611555218697 0.0469328016042709 0.0459311157464981 0.060014370828867 0.214126408100128 0.447991549968719 0.747914671897888 0.819476127624512 0.5777627825737 0.481578141450882 0.230814799666405 0.108690045773983 0.0980823114514351 0.302370369434357 0.948574602603912 0.954351961612701 0.688585102558136 0.155737459659576 0.150037780404091 0.150868237018585 0.0724723190069199 0.0491131171584129 0.0829494819045067 0.0757250860333443 0.0346302501857281 0.027906147763133 0.0236405152827501 0.0241953860968351 0.0231660977005959 0.0230662133544683 0.0238603707402945 0.0233699344098568 0.0456412173807621 0.122635185718536 0.073803186416626 0.0473724640905857 0.0285428073257208 0.0231095273047686
0.173910945653915 0.15191575884819 0.163766771554947 0.163575381040573 0.148726060986519 0.186199977993965 0.282775938510895 0.274163901805878 0.299419492483139 0.281571060419083 0.3631511926651 0.392498224973679 0.486608028411865 0.27655491232872 0.0651896893978119 0.0440772511065006 0.046207245439291 0.0804070979356766 0.290722876787186 0.757255077362061 0.57279896736145 0.616897523403168 0.851593136787415 0.665038108825684 0.185848042368889 0.106776334345341 0.099540188908577 0.359969466924667 0.95818293094635 0.956087112426758 0.539404988288879 0.166471689939499 0.205802097916603 0.236813262104988 0.066151037812233 0.0403457507491112 0.075590007007122 0.0347261726856232 0.0248677302151918 0.0237502753734589 0.0228241253644228 0.0216846968978643 0.0217962134629488 0.0218173023313284 0.0221238359808922 0.0223237443715334 0.0280786957591772 0.100734792649746 0.0826209262013435 0.0463765114545822 0.0307516790926456 0.0231657791882753
0.178343266248703 0.162778541445732 0.148309513926506 0.149475604295731 0.149660974740982 0.147507458925247 0.210430189967155 0.228535532951355 0.317645043134689 0.223145201802254 0.284757882356644 0.419882625341415 0.394327312707901 0.310791373252869 0.0681982934474945 0.0365494266152382 0.0475415140390396 0.092616394162178 0.302046656608582 0.737736701965332 0.581867456436157 0.576257109642029 0.860517680644989 0.634476184844971 0.213544055819511 0.116539120674133 0.0925415232777596 0.349457919597626 0.917231678962708 0.796353936195374 0.331876814365387 0.192743256688118 0.287109225988388 0.387364864349365 0.0603554397821426 0.0375548899173737 0.0359766222536564 0.0284082163125277 0.0260670520365238 0.0224540662020445 0.0219576805830002 0.0223276223987341 0.0215969365090132 0.0220238342881203 0.0223554968833923 0.0226486809551716 0.0233039166778326 0.071989543735981 0.0919115617871284 0.0466441102325916 0.0282474234700203 0.022033529356122
0.173782080411911 0.158224672079086 0.145548850297928 0.156988352537155 0.178141996264458 0.177929177880287 0.222369432449341 0.247393250465393 0.29377156496048 0.184742480516434 0.194128707051277 0.348318636417389 0.215136721730232 0.0916032418608665 0.0401246249675751 0.0382941178977489 0.0459875129163265 0.0988612323999405 0.261830419301987 0.432718276977539 0.65014523267746 0.796998083591461 0.752108752727509 0.36852890253067 0.145720362663269 0.101568207144737 0.0919202044606209 0.275754064321518 0.710974633693695 0.27902752161026 0.202924087643623 0.236479863524437 0.332548201084137 0.165613293647766 0.0394455008208752 0.0300378687679768 0.0296809319406748 0.0279583279043436 0.0264569912105799 0.0248145591467619 0.0257694385945797 0.0239324662834406 0.0242208745330572 0.0221640504896641 0.021893909201026 0.0218184199184179 0.0211822316050529 0.0427163243293762 0.0818076580762863 0.0422737710177898 0.0269690286368132 0.0233901459723711
0.172616302967072 0.179296016693115 0.13863131403923 0.166554108262062 0.184533819556236 0.236090898513794 0.244517877697945 0.242934554815292 0.315322607755661 0.0890132412314415 0.0609212070703506 0.190919771790504 0.0929833054542542 0.124595895409584 0.0524289794266224 0.0425063744187355 0.0491006597876549 0.0709597617387772 0.17330314218998 0.466069728136063 0.809294104576111 0.788321077823639 0.525697648525238 0.201963603496552 0.109780214726925 0.0918664410710335 0.0849560424685478 0.138614043593407 0.631919026374817 0.198853641748428 0.153537064790726 0.257637083530426 0.284924268722534 0.0526971854269505 0.0296868961304426 0.02855802513659 0.0274218805134296 0.0274324864149094 0.0265051983296871 0.0259999837726355 0.0251034758985043 0.0240569580346346 0.0243289209902287 0.023739056661725 0.0228676442056894 0.0234722886234522 0.0221861489117146 0.0434366725385189 0.0607065968215466 0.0319126807153225 0.0259144194424152 0.0232665706425905
