data/climate_estimation/maxent_output/Amana_edulis.asc
NCOLS 424 
NROWS 130 
XLLCORNER 106.416666666667 
YLLCORNER 29.5833333333333 
CELLSIZE 0.0833333333333334 
NODATA_value -3.4e+38 
[rows 66 to 87 of 130, columns 0 to 47 of 424]
0.004312634468079 0.00354659929871559 0.0071029351092875 0.010429859161377 0.0107116447761655 0.01108293607831 0.0129897212609649 0.0135325100272894 0.0138621814548969 0.0127975028008223 0.0126797929406166 0.0125187495723367 0.0128938537091017 0.0137028554454446 0.0128482989966869 0.0131054669618607 0.0126734711229801 0.0122437849640846 0.0129086934030056 0.0128585705533624 0.012489409185946 0.0143444361165166 0.0130409970879555 0.0138720972463489 0.0154455630108714 0.0161592699587345 0.0179833192378283 0.0170963350683451 0.01372582744807 0.0125398254022002 0.0113709196448326 0.0118947494775057 0.0107303131371737 0.00833011511713266 0.00701830349862576 0.0061770617030561 0.00545105058699846 0.0048458818346262 0.00513146305456758 0.00538247870281339 0.00603566085919738 0.00599582120776176 0.0059711136855185 0.00672024954110384 0.00700282212346792 0.00709085259586573 0.00718061812222004 0.00770077900961041
0.00481976475566626 0.00413863733410835 0.00557074462994933 0.00761390989646316 0.01190001424402 0.0124574536457658 0.0121443094685674 0.0128006674349308 0.0151299433782697 0.0143127795308828 0.0141728976741433 0.013353162445128 0.0130449878051877 0.0128396134823561 0.0125826988369226 0.0130973700433969 0.013086867518723 0.0122942887246609 0.0123301446437836 0.0133782830089331 0.0138267045840621 0.0148607417941093 0.0154944695532322 0.0135884787887335 0.0129646165296435 0.0147257447242737 0.0143986875191331 0.0134382601827383 0.0128035545349121 0.0112262526527047 0.0103774582967162 0.00917433388531208 0.00824097078293562 0.00738115981221199 0.00623612757772207 0.0052672210149467 0.00473426468670368 0.0045507475733757 0.00482906214892864 0.0050891931168735 0.00526094064116478 0.00617194874212146 0.00621810974553227 0.00659957155585289 0.00683307461440563 0.0070250891149044 0.00746103981509805 0.0173851251602173
0.00601414544507861 0.00465699145570397 0.00490090390667319 0.00655012717470527 0.0108587546274066 0.0136507507413626 0.0139892669394612 0.0130357388406992 0.0138470800593495 0.0152063788846135 0.0138412769883871 0.0122955348342657 0.0126749537885189 0.0130562847480178 0.0136072589084506 0.0145333185791969 0.015434299595654 0.0150378616526723 0.0149597367271781 0.0143502950668335 0.0140798781067133 0.0130322761833668 0.0155430305749178 0.0155317038297653 0.0153809571638703 0.0150142861530185 0.0134172448888421 0.0105251800268888 0.0117367496713996 0.00937528256326914 0.00917777232825756 0.00916835013777018 0.00806533638387918 0.00679309805855155 0.0058446116745472 0.00480432482436299 0.00431255763396621 0.00428492203354836 0.00469296285882592 0.00497841741889715 0.00589629961177707 0.00611396785825491 0.00649055046960711 0.00681250542402267 0.0067797782830894 0.00719416560605168 0.00931161735206842 0.0143439974635839
0.00778660736978054 0.00661864085122943 0.00624808296561241 0.00584824476391077 0.00908901263028383 0.0108472397550941 0.0152863385155797 0.0159189291298389 0.014214301481843 0.0158422030508518 0.0184952057898045 0.0177976097911596 0.0168991778045893 0.0164404232054949 0.0156267546117306 0.0146100660786033 0.0149633241817355 0.0160128697752953 0.014046992175281 0.0128799621015787 0.0129626682028174 0.0120027270168066 0.0117795551195741 0.0117368437349796 0.0124275553971529 0.00968753080815077 0.00696632545441389 0.00744994776323438 0.00717752100899816 0.00788995064795017 0.00845677405595779 0.00847034808248281 0.00753970351070166 0.00630112271755934 0.00502525642514229 0.00418473221361637 0.00389756029471755 0.00422735465690494 0.00500136706978083 0.00521602388471365 0.00575973559170961 0.00604555010795593 0.00650186603888869 0.00690646283328533 0.00725296558812261 0.0078439163044095 0.00836848001927137 0.00844770390540361
0.0105803413316607 0.00897218566387892 0.00867538433521986 0.0105551443994045 0.0112780909985304 0.0116198100149632 0.0164262242615223 0.0153422793373466 0.0184229239821434 0.0170510839670897 0.0175080932676792 0.0164057277143002 0.0159043334424496 0.0180954579263926 0.0166320949792862 0.0166769120842218 0.0164214782416821 0.0158131327480078 0.0130385207012296 0.0109904836863279 0.0117906369268894 0.0102262059226632 0.00936539005488157 0.0087170610204339 0.0079975500702858 0.00678023882210255 0.00671221781522036 0.00636077905073762 0.00613071024417877 0.00714800739660859 0.00796668976545334 0.00891402643173933 0.0076805017888546 0.00590435136109591 0.00458458485081792 0.0036761243827641 0.00383878592401743 0.00454807607457042 0.00493730837479234 0.00543342530727386 0.00599182723090053 0.00740833301097155 0.00815387070178986 0.00914917141199112 0.0139845162630081 0.0140068996697664 0.0124173229560256 0.00978630967438221
0.00858643278479576 0.0120940180495381 0.0117055848240852 0.0114002292975783 0.0144906081259251 0.0157659482210875 0.018286544829607 0.0176092982292175 0.0184293165802956 0.0169257279485464 0.0160438921302557 0.0165025144815445 0.01502516400069 0.013781888410449 0.0134932994842529 0.0129047799855471 0.0115769347175956 0.00992473680526018 0.00945535115897655 0.00933920685201883 0.00870511122047901 0.00873010605573654 0.00826568622142076 0.00799016654491425 0.00752838887274265 0.00707168038934469 0.00663940282538533 0.00649390323087573 0.00611445587128401 0.00570549909025431 0.00624088058248162 0.00785847846418619 0.0068032038398087 0.00588170392438769 0.00484528392553329 0.00494870776310563 0.00576900178566575 0.00708912778645754 0.00732033001258969 0.0089352997019887 0.0255132708698511 0.0241843741387129 0.0260997712612152 0.0253007691353559 0.0243704114109278 0.0277334842830896 0.0292098987847567 0.0274311285465956
0.00666799023747444 0.00988168828189373 0.0132659235969186 0.0141689740121365 0.0172039028257132 0.0171987731009722 0.0183637049049139 0.0177185516804457 0.0167802348732948 0.0170363448560238 0.0148740774020553 0.0145923774689436 0.0143050430342555 0.0139214769005775 0.0132992016151547 0.0120364483445883 0.0108997765928507 0.00975922960788012 0.0093317674472928 0.00845118332654238 0.00810207612812519 0.00818636547774076 0.00805430579930544 0.00758649781346321 0.00685901520773768 0.00645571853965521 0.00606932630762458 0.00541490921750665 0.00429287599399686 0.00381210795603693 0.00422770949080586 0.00571084162220359 0.00598794128745794 0.00672884751111269 0.00824432726949453 0.00817827228456736 0.00890734884887934 0.00864112190902233 0.0113180996850133 0.025197496637702 0.0256383884698153 0.0225450433790684 0.0253166873008013 0.02701904065907 0.0286370906978846 0.0291533544659615 0.0275644343346357 0.0293876137584448
0.00736880442127585 0.00698242429643869 0.00914961565285921 0.00980702601373196 0.0106256986036897 0.0114728771150112 0.0159749481827021 0.0211383290588856 0.0220856219530106 0.0231798086315393 0.0221416503190994 0.0202073529362679 0.0152607476338744 0.0128402905538678 0.0120715321972966 0.0116947963833809 0.0113659100607038 0.0102637875825167 0.00925333984196186 0.00847179815173149 0.00764221325516701 0.00725538842380047 0.00665880460292101 0.00620855484157801 0.00591033045202494 0.00541036948561668 0.00488767819479108 0.00448893243446946 0.00435697985813022 0.00421257223933935 0.00396326649934053 0.00458993576467037 0.00563935749232769 0.00932348985224962 0.0143146002665162 0.0172928385436535 0.0168526116758585 0.0193492583930492 0.0261543765664101 0.025521332398057 0.0227596182376146 0.026534603908658 0.0302114877849817 0.0307345539331436 0.0321531109511852 0.0334749296307564 0.0340645685791969 0.0329517722129822
0.00773113081231713 0.00588982552289963 0.00892208609730005 0.0102914739400148 0.0127983167767525 0.0124177131801844 0.0108443386852741 0.0100478790700436 0.00980454590171576 0.0157949905842543 0.0164512153714895 0.0203355178236961 0.0240552723407745 0.0242915172129869 0.0186772979795933 0.0149932149797678 0.0127293132245541 0.0108240488916636 0.00959860719740391 0.0087248757481575 0.00793851353228092 0.00752811506390572 0.00687441788613796 0.00659930240362883 0.00628192164003849 0.00601386791095138 0.00576837314292789 0.0057074180804193 0.0060612615197897 0.00651476299390197 0.00622881203889847 0.00545886671170592 0.00703511200845242 0.00694320164620876 0.00749789131805301 0.0115414625033736 0.0139879686757922 0.0238880999386311 0.027045551687479 0.0271049719303846 0.0309855155646801 0.0318961925804615 0.0349729582667351 0.0346959047019482 0.0393830053508282 0.0388606376945972 0.0406730249524117 0.039452712982893
0.00887174904346466 0.0101423962041736 0.0116836903616786 0.0124359289184213 0.0123096788302064 0.0097671365365386 0.0118856364861131 0.00924952328205109 0.00963351689279079 0.0111064054071903 0.0134953716769814 0.0139353787526488 0.0138575555756688 0.0175327081233263 0.0260809063911438 0.0257289465516806 0.0260878205299377 0.0253986585885286 0.0187799483537674 0.0135619547218084 0.0101599358022213 0.00894165597856045 0.00818445347249508 0.00772058311849833 0.00742651056498289 0.00738833006471395 0.0070918039418757 0.0071002347394824 0.00749790016561747 0.00763588072732091 0.007900170981884 0.00780855631455779 0.00699209794402122 0.00838140025734901 0.00920876208692789 0.0119037618860602 0.0263895690441132 0.0275488346815109 0.0304312240332365 0.031651709228754 0.0332920178771019 0.0372447520494461 0.0401777066290379 0.0425817891955376 0.0443133488297462 0.0456322953104973 0.04549914970994 0.0417878404259682
0.0113289505243301 0.0134542258456349 0.0133001348003745 0.0149437971413136 0.0144794909283519 0.0141740776598454 0.0163788590580225 0.0173474252223969 0.0160794351249933 0.0156381074339151 0.0161061752587557 0.0149829778820276 0.0175664089620113 0.0192730445414782 0.022788779810071 0.0157847814261913 0.0129942130297422 0.0178892482072115 0.0192280691117048 0.023231403902173 0.0280870646238327 0.0172701347619295 0.0198021959513426 0.0180965792387724 0.0149369994178414 0.0116101559251547 0.0101734651252627 0.00898326188325882 0.00995312910526991 0.0138203529641032 0.0111808106303215 0.0103574562817812 0.00989301130175591 0.00956858415156603 0.0131536684930325 0.017644677311182 0.0285076163709164 0.0295517202466726 0.0320586748421192 0.037057850509882 0.0382207930088043 0.0388466119766235 0.0416137613356113 0.0482152886688709 0.0478323325514793 0.0477250665426254 0.0500629730522633 0.0494607016444206
0.014683392830193 0.0169429760426283 0.0180636439472437 0.0176863558590412 0.0192629192024469 0.0171271655708551 0.0180950164794922 0.0193175263702869 0.018443189561367 0.0165284555405378 0.0131288208067417 0.00668548000976443 0.00663701770827174 0.00869217794388533 0.0120009938254952 0.00750735681504011 0.0061713051982224 0.0142036993056536 0.0165066756308079 0.0184365250170231 0.0258423741906881 0.022260969504714 0.0228905603289604 0.0225279275327921 0.020510321483016 0.0240446534007788 0.0220372509211302 0.0243134554475546 0.0229453910142183 0.0214961618185043 0.0231617353856564 0.0229932609945536 0.0247467160224915 0.0254389606416225 0.0268683489412069 0.0276690144091845 0.031496986746788 0.034286480396986 0.0348680652678013 0.0399363152682781 0.0414983555674553 0.0436322614550591 0.0466484166681767 0.0463110953569412 0.0498420894145966 0.0482498444616795 0.0507602877914906 0.0507934056222439
0.0172066204249859 0.0154972169548273 0.0150596592575312 0.0163616538047791 0.0153194200247526 0.0152315488085151 0.0211455076932907 0.0195968635380268 0.0217512585222721 0.0183392260223627 0.0182538200169802 0.0155059248209 0.0146662387996912 0.0156217757612467 0.0135844852775335 0.0100541049614549 0.0183269195258617 0.0261992365121841 0.0244401786476374 0.0282484032213688 0.0281075686216354 0.0233028996735811 0.0179317593574524 0.0218891594558954 0.0224143397063017 0.0226461067795753 0.0193785130977631 0.02106898650527 0.0214473474770784 0.0228558257222176 0.0235902313143015 0.02487763017416 0.0244138222187757 0.0272605568170547 0.0299372151494026 0.0307479463517666 0.0338823050260544 0.0343966595828533 0.0363205447793007 0.0407381318509579 0.0415896847844124 0.0396440885961056 0.0429325327277184 0.0537236444652081 0.0552312359213829 0.0543923415243626 0.0551006458699703 0.0549094267189503
0.0179871469736099 0.0182846263051033 0.0189479943364859 0.0189794413745403 0.0191591344773769 0.0229519847780466 0.0246718917042017 0.0261361822485924 0.0259663071483374 0.0257002860307693 0.020872225984931 0.0233412832021713 0.0260259751230478 0.0230540558695793 0.019367802888155 0.0197754148393869 0.0210455544292927 0.0223004724830389 0.0256757996976376 0.0248459801077843 0.0248459801077843 0.0234363730996847 0.0209065694361925 0.0184406097978354 0.0230530649423599 0.0242823697626591 0.0239073112607002 0.0248285997658968 0.0246537774801254 0.024834705516696 0.0267302021384239 0.0266509875655174 0.0286813322454691 0.0284903701394796 0.030940942466259 0.032654233276844 0.0351071506738663 0.0355907157063484 0.0387187786400318 0.0417914018034935 0.0445690713822842 0.049289382994175 0.0536115504801273 0.0412821434438229 0.0466346591711044 0.0578588210046291 0.0606886073946953 0.0579757653176785
0.0145025076344609 0.0146784903481603 0.0177899915724993 0.0150133781135082 0.0198828559368849 0.0252297315746546 0.0296781528741121 0.0318716503679752 0.0271343644708395 0.0252834558486938 0.0262644905596972 0.0341868884861469 0.0302472934126854 0.0208917204290628 0.0150216659530997 0.0172418318688869 0.0182540453970432 0.0231996160000563 0.0265844017267227 0.0213608145713806 0.0215176735073328 0.0231852419674397 0.0264740847051144 0.0228959769010544 0.0250092521309853 0.0280923433601856 0.0284488052129745 0.0309241488575935 0.0283904876559973 0.0289170145988464 0.0293516274541616 0.0291356481611729 0.0284036248922348 0.0296111647039652 0.0313238054513931 0.0348680168390274 0.0361171029508114 0.0368139520287514 0.0398921109735966 0.0424344949424267 0.0458332151174545 0.0486710965633392 0.0504082292318344 0.0527290441095829 0.0565389767289162 0.0453176014125347 0.0382398590445518 0.0536811575293541
0.0141215901821852 0.0163843911141157 0.0167712494730949 0.0163942668586969 0.0189165323972702 0.0279348473995924 0.0331804603338242 0.0310262031853199 0.0254550762474537 0.0258437562733889 0.0361374355852604 0.035934716463089 0.0333161167800426 0.0361447297036648 0.0244910940527916 0.0262023918330669 0.0326596051454544 0.0265548899769783 0.037192527204752 0.0309651251882315 0.037230771034956 0.028371024876833 0.0326665341854095 0.0299837160855532 0.0304679870605469 0.0329995565116405 0.0388278737664223 0.0358237251639366 0.0353594496846199 0.0330971367657185 0.032082311809063 0.0323221534490585 0.0296995397657156 0.0306361746042967 0.0327269323170185 0.0355528295040131 0.0370343886315823 0.0390505157411098 0.0417619124054909 0.0435599125921726 0.0463312268257141 0.0487709082663059 0.0533664785325527 0.0555414222180843 0.0550787858664989 0.0606722570955753 0.0623737648129463 0.0443496778607368
0.0165496915578842 0.0205126609653234 0.0219823103398085 0.0191289149224758 0.0177572555840015 0.0340725295245647 0.0409631095826626 0.0356463640928268 0.0365549065172672 0.040568221360445 0.0405583903193474 0.031678669154644 0.038802158087492 0.0402256324887276 0.0399953871965408 0.042126789689064 0.0430538207292557 0.0393105074763298 0.0464580059051514 0.0405800640583038 0.0438141748309135 0.0373457632958889 0.0417904295027256 0.0381862409412861 0.0326237045228481 0.0338354371488094 0.0361543148756027 0.0387110710144043 0.0310708042234182 0.0369377955794334 0.033483948558569 0.0335243530571461 0.0321762263774872 0.034021370112896 0.0330908372998238 0.0319023169577122 0.0339603200554848 0.0406113602221012 0.0415722019970417 0.0397793650627136 0.0394132621586323 0.039840254932642 0.0516890622675419 0.0536871291697025 0.0607177466154099 0.0624334253370762 0.0669194236397743 0.0512683540582657
0.0221657995134592 0.0284784696996212 0.026339378207922 0.0205424819141626 0.0157718062400818 0.0294763818383217 0.0430831797420979 0.0414964556694031 0.0453540794551373 0.0462539382278919 0.0401349849998951 0.0412893146276474 0.0464830510318279 0.0471791550517082 0.0496967285871506 0.0486473143100739 0.050491489470005 0.0498368106782436 0.0520534701645374 0.0496388077735901 0.0522125288844109 0.0491888411343098 0.0503970272839069 0.0402159430086613 0.0352760776877403 0.033320888876915 0.0385155603289604 0.040040235966444 0.0428181178867817 0.0267890393733978 0.0370861552655697 0.0349325388669968 0.0277283918112516 0.0312644205987453 0.0383996851742268 0.0380672141909599 0.0347257032990456 0.0327819436788559 0.0363567136228085 0.0393322519958019 0.0443208552896976 0.0509312003850937 0.0541946291923523 0.0587295591831207 0.0530702620744705 0.0473688058555126 0.041163232177496 0.040946003049612
0.035495188087225 0.0287953112274408 0.0294583886861801 0.0305526778101921 0.0221878625452518 0.0310636200010777 0.0478947535157204 0.0444655306637287 0.0474432222545147 0.051557008177042 0.0497801303863525 0.0509501807391644 0.0520476810634136 0.0522614941000938 0.0553956814110279 0.0576649382710457 0.0567365176975727 0.0570793002843857 0.0577337816357613 0.0530893132090569 0.0593939833343029 0.0593939833343029 0.0572724230587482 0.0487690083682537 0.0428759604692459 0.0399340614676476 0.0416329056024551 0.046529695391655 0.0447402074933052 0.0389678217470646 0.0301720052957535 0.0374959744513035 0.0355228334665298 0.0322535187005997 0.0356657952070236 0.0401265285909176 0.0345249176025391 0.0391248315572739 0.0345690995454788 0.037549614906311 0.0369443520903587 0.049476645886898 0.052618470042944 0.0548094622790813 0.0588063038885593 0.065694585442543 0.0693486481904984 0.073553092777729
0.044428177177906 0.0417851582169533 0.0445854850113392 0.0485921874642372 0.0361195728182793 0.0479770340025425 0.0560921058058739 0.045554656535387 0.054833646863699 0.0559089928865433 0.0513825789093971 0.0504446029663086 0.0399983897805214 0.0320435799658298 0.0379630848765373 0.0451399758458138 0.0451445765793324 0.0473877005279064 0.0655400156974792 0.0476003997027874 0.0573253892362118 0.0628037378191948 0.0647058114409447 0.060957346111536 0.054750420153141 0.0547917783260345 0.048470888286829 0.0458880476653576 0.0486445389688015 0.0433320552110672 0.0309750381857157 0.036029826849699 0.038889329880476 0.0340831987559795 0.0391111895442009 0.0392977483570576 0.0379461012780666 0.0388777442276478 0.0388697050511837 0.0475247800350189 0.0399804562330246 0.0344336740672588 0.0255552213639021 0.02625940926373 0.0350646264851093 0.0653999522328377 0.0696399584412575 0.0724389031529427
0.0490352101624012 0.0583348162472248 0.0606262497603893 0.0631837323307991 0.0667497590184212 0.0698670968413353 0.0697253942489624 0.067432701587677 0.0542188324034214 0.0422579534351826 0.0352647453546524 0.0341536477208138 0.0284609403461218 0.0267297327518463 0.0281035304069519 0.0332367494702339 0.0390453450381756 0.0433909818530083 0.0382177233695984 0.0403507761657238 0.0551510043442249 0.066458597779274 0.0677326545119286 0.0638853907585144 0.0673625767230988 0.0606962963938713 0.0518828928470612 0.0551169738173485 0.0530250445008278 0.048274889588356 0.0389549098908901 0.0272389464080334 0.0339710414409637 0.0384008102118969 0.0446246229112148 0.0484486371278763 0.0429826155304909 0.0453759431838989 0.0406424999237061 0.0456878058612347 0.0483681000769138 0.0487957969307899 0.037453968077898 0.018541507422924 0.0380188152194023 0.0593236796557903 0.0597637183964252 0.0483350493013859
0.0523807555437088 0.0596990324556828 0.0587828867137432 0.0563506484031677 0.0630223155021667 0.0693260058760643 0.0740043073892593 0.0706041976809502 0.0512390062212944 0.0391027666628361 0.0343424491584301 0.0314572155475616 0.0337573625147343 0.0357026718556881 0.0367096439003944 0.0447481274604797 0.0464766547083855 0.0378311797976494 0.034815289080143 0.059685230255127 0.0729058608412743 0.0396674126386642 0.0550647415220737 0.0605580098927021 0.0687466934323311 0.0663234144449234 0.065316841006279 0.0607983134686947 0.057766430079937 0.0524923354387283 0.0507999733090401 0.0371666066348553 0.0195828974246979 0.0262905135750771 0.0388681814074516 0.0410901941359043 0.0373455546796322 0.0273464825004339 0.0387837141752243 0.0349105261266232 0.0334518477320671 0.0326875932514668 0.0275247599929571 0.0175049398094416 0.0468348786234856 0.0506415814161301 0.0415111258625984 0.0376382805407047
