data/climate_estimation/maxent_output/Amana_edulis.asc
NCOLS 424 
NROWS 130 
XLLCORNER 106.416666666667 
YLLCORNER 29.5833333333333 
CELLSIZE 0.0833333333333334 
NODATA_value -3.4e+38 
[rows 44 to 65 of 130, columns 0 to 47 of 424]
0.00135583209339529 0.0013339122524485 0.00135530834086239 0.00136030372232199 0.0013872169656679 0.00169616262428463 0.00197857478633523 0.00217623356729746 0.00230526691302657 0.00261841062456369 0.00248927273787558 0.00236866343766451 0.00240885047242045 0.00229528709314764 0.00237813871353865 0.00256366212852299 0.00281266449019313 0.00261191604658961 0.00252431887201965 0.00258146715350449 0.00295415427535772 0.00345578254200518 0.00359142781235278 0.00433760927990079 0.00449745263904333 0.00388652295805514 0.00383502198383212 0.00478522107005119 0.00506439432501793 0.00375180947594345 0.00429653795436025 0.00547705264762044 0.00612510228529572 0.00646289251744747 0.00762022472918034 0.00958921015262604 0.00929997768253088 0.0101143587380648 0.0104743791744113 0.0104983802884817 0.0101937968283892 0.00984460767358541 0.0089615611359477 0.00870336126536131 0.00896805617958307 0.00929128378629684 0.00922772567719221 0.00868998281657696
0.00140605820342898 0.00137129263021052 0.00148352584801614 0.00136886013206095 0.00155033310875297 0.00174417195376009 0.00203269976191223 0.00223854416981339 0.00245486851781607 0.00268948590382934 0.00260687572881579 0.00255655846558511 0.00267717894166708 0.00239878869615495 0.00271908729337156 0.00304270908236504 0.00311729870736599 0.00305626378394663 0.00286653940565884 0.0027067435439676 0.00298045948147774 0.003045350080356 0.00340658286586404 0.00369213474914432 0.00436657760292292 0.00489163072779775 0.00464904913678765 0.00499723805114627 0.00474451901391149 0.00386248109862208 0.00466408533975482 0.0051065101288259 0.0060708075761795 0.00767232896760106 0.00901002716273069 0.00968870054930449 0.0108836982399225 0.0108540151268244 0.010381780564785 0.00957093667238951 0.0100946556776762 0.0100703909993172 0.00955795496702194 0.00956020783632994 0.0090050557628274 0.00865747313946486 0.00888584367930889 0.00970088317990303
0.00138498330488801 0.00141173519659787 0.00155964016448706 0.00157187972217798 0.00176352169364691 0.00209022453054786 0.00229827244766057 0.00243975874036551 0.00239068339578807 0.00267210649326444 0.00292811635881662 0.00292475451715291 0.00282796402461827 0.00288978801108897 0.0028451094403863 0.00330116250552237 0.00351402745582163 0.0033293142914772 0.00316662550903857 0.00306235509924591 0.00273424293845892 0.00279666506685317 0.00280181062407792 0.00309476861730218 0.00354256713762879 0.00375713733956218 0.00469343131408095 0.00554076163098216 0.00574481301009655 0.00455169240012765 0.00480699492618442 0.00610340991988778 0.00537801813334227 0.00602058507502079 0.0072203129529953 0.00895403884351254 0.0103852646425366 0.00933864619582891 0.0082846200093627 0.00757922371849418 0.00953725911676884 0.00998492818325758 0.0101624736562371 0.00974640063941479 0.00978110823780298 0.00981925427913666 0.00984959490597248 0.00989652425050735
0.00154991238377988 0.00157440837938339 0.00173941988032311 0.00188465171959251 0.00210807262919843 0.0021124379709363 0.00235950527712703 0.00254318467341363 0.00273008015938103 0.00269305915571749 0.00289120571687818 0.00311803771182895 0.00345815368928015 0.00318218907341361 0.00309327198192477 0.0032146293669939 0.00370309711433947 0.00354127353057265 0.00356523878872395 0.00339308171533048 0.00298127694986761 0.00299128331243992 0.00336889876052737 0.00330192362889647 0.00301363738253713 0.00320357317104936 0.00380226760171354 0.00439754268154502 0.00589626934379339 0.00661159446462989 0.00696119433268905 0.00778069766238332 0.00686384877189994 0.00727885030210018 0.0065380516462028 0.00701472023501992 0.00844352133572102 0.00677249114960432 0.00678803911432624 0.00719622150063515 0.00763190817087889 0.00849608238786459 0.00857233721762896 0.00958434958010912 0.00891938712447882 0.00986751448363066 0.0100324768573046 0.00988296046853065
0.00187249341979623 0.00179542938712984 0.0020534370560199 0.0021832287311554 0.00212457031011581 0.00230071251280606 0.0024685119278729 0.00247248634696007 0.00248025567270815 0.00276790373027325 0.00306885037571192 0.00341535732150078 0.00373682356439531 0.00338544975966215 0.00333639257587492 0.0033448338508606 0.00374851399101317 0.00402589794248343 0.00384117919020355 0.00346949207596481 0.00330718047916889 0.0034456979483366 0.00387609773315489 0.00409474736079574 0.00394235458225012 0.00362503807991743 0.0037622656673193 0.00413614232093096 0.00455622700974345 0.00566756539046764 0.00634249811992049 0.0065535856410861 0.0081497160717845 0.00934766884893179 0.00856917817145586 0.00848559569567442 0.00708679668605328 0.00594880664721131 0.00713243801146746 0.00854999572038651 0.00902785919606686 0.00957111734896898 0.0101640345528722 0.00992704462260008 0.00811132788658142 0.00860461592674255 0.0094065610319376 0.0104538463056087
0.00196457258425653 0.00207455712370574 0.00215016608126462 0.00232511479407549 0.00258688814938068 0.00248558446764946 0.00258965534158051 0.00282730301842093 0.00289039430208504 0.00297401403076947 0.00331972958520055 0.00343314069323242 0.00374709838069975 0.00396582763642073 0.00379912019707263 0.00349802267737687 0.00363438134081662 0.00419992674142122 0.00430151680484414 0.00419461727142334 0.00390868727117777 0.00336309894919395 0.00369016360491514 0.00436841929331422 0.0045429328456521 0.00416019791737199 0.004576928447932 0.00522363651543856 0.00494632730260491 0.00495895743370056 0.0046026986092329 0.0052530593238771 0.00631026597693563 0.00757718970999122 0.00978220626711845 0.00963900238275528 0.00742070702835917 0.0063576539978385 0.00746677909046412 0.00680383201688528 0.0076494044624269 0.00935996137559414 0.00904834643006325 0.0102990651503205 0.0105508826673031 0.0113163180649281 0.0113421948626637 0.0112299919128418
0.00248873769305646 0.00234826165251434 0.00243867840617895 0.00271529704332352 0.00282195094041526 0.00279751140624285 0.00284619932062924 0.00290303397923708 0.00289444462396204 0.00300024566240609 0.00311345304362476 0.00333088915795088 0.00364566803909838 0.00386190530844033 0.00430105673149228 0.0041705658659339 0.00406367098912597 0.00429773516952991 0.00472219754010439 0.00430031912401319 0.00382114853709936 0.00357627961784601 0.00378235382959247 0.00448610493913293 0.00521116564050317 0.00568289263173938 0.0051478217355907 0.00606642849743366 0.00619752472266555 0.00623800326138735 0.00521782785654068 0.00570408161729574 0.00735258217900991 0.0088853919878602 0.00960888899862766 0.0102245938032866 0.00754735199734569 0.00650801369920373 0.00600711163133383 0.00564494961872697 0.00634042359888554 0.00750085990875959 0.00818558037281036 0.00920943915843964 0.0109101431444287 0.011217831633985 0.0114541715011001 0.0112700946629047
0.00296606216579676 0.00270453607663512 0.00260256649926305 0.00265318877063692 0.0029985390137881 0.00314102577976882 0.00318629667162895 0.00314309913665056 0.00340391299687326 0.00336363352835178 0.00337818032130599 0.00340466690249741 0.0036427085287869 0.00392280844971538 0.0043834475800395 0.00464507658034563 0.0047908159904182 0.00479962164536119 0.00461012776941061 0.00434497091919184 0.00466139288619161 0.00463216565549374 0.00427251262590289 0.0041286745108664 0.00506532983854413 0.0057637533172965 0.00740186264738441 0.0080791674554348 0.00801322143524885 0.00761807383969426 0.00763755943626165 0.00702426861971617 0.00714315986260772 0.00869156327098608 0.00997580774128437 0.010889089666307 0.00890809111297131 0.00890401098877192 0.00779768778011203 0.00638851244002581 0.00743181584402919 0.00785328727215528 0.0093891266733408 0.0104415360838175 0.0112565057352185 0.0114906653761864 0.0117079941555858 0.0117618497461081
0.00333648850210011 0.00305346609093249 0.00282897567376494 0.00292785745114088 0.00308689847588539 0.00334117421880364 0.00355621334165335 0.00373665266670287 0.00407340237870812 0.00384855689480901 0.00397747382521629 0.00421213684603572 0.00430226046591997 0.00413519330322742 0.00475737219676375 0.00498997699469328 0.0055442675948143 0.00558128301054239 0.00544637674465775 0.00548388250172138 0.00573065364733338 0.00547614693641663 0.00489544495940208 0.00425503961741924 0.00511203380301595 0.00603048363700509 0.00637768348678946 0.00703019415959716 0.00834351219236851 0.00962799042463303 0.00949660874903202 0.00901575665920973 0.00848727487027645 0.00926343630999327 0.0103041473776102 0.0110077476128936 0.0107509130612016 0.00883976556360722 0.00704489275813103 0.00624878192320466 0.00709739187732339 0.00790668651461601 0.00897730048745871 0.0100456858053803 0.011555066332221 0.0109474873170257 0.0111451521515846 0.0117094209417701
0.0036199283786118 0.00343321193940938 0.00348110101185739 0.00334714422933757 0.00333688431419432 0.00343655492179096 0.00343142030760646 0.00393110141158104 0.00431037275120616 0.00474597653374076 0.00463745696470141 0.00470209261402488 0.0052347001619637 0.0044566816650331 0.00455224839970469 0.00500218197703362 0.00548285385593772 0.00635411869734526 0.00670575769618154 0.00655896076932549 0.00625000800937414 0.00572175579145551 0.0052776369266212 0.00478270603343844 0.00481119472533464 0.00493582338094711 0.00531119294464588 0.00594994053244591 0.00687771802768111 0.00836973357945681 0.0105033041909337 0.0106659131124616 0.010492941364646 0.0105001488700509 0.0105386711657047 0.0111530628055334 0.0102344965562224 0.00975939631462097 0.00866251531988382 0.00716248946264386 0.00620847381651402 0.00710293464362621 0.00863276142627001 0.00912617053836584 0.0103172017261386 0.00578258140012622 0.00721869105473161 0.0116742635145783
0.00379254389554262 0.00411849189549685 0.00407239515334368 0.00367430481128395 0.00378575851209462 0.00364613509736955 0.00404699379578233 0.00479432241991162 0.00471095647662878 0.00476304953917861 0.00542942201718688 0.00539124943315983 0.00585422525182366 0.00530137540772557 0.00525689171627164 0.00561152724549174 0.00591950071975589 0.00660271476954222 0.00723670562729239 0.00663002673536539 0.00639561610296369 0.00640620570629835 0.0063400543294847 0.00576680991798639 0.00479332311078906 0.00479332311078906 0.00620333477854729 0.00716140260919929 0.00798961240798235 0.00872362591326237 0.00864552520215511 0.0107596851885319 0.0112356953322887 0.0113240005448461 0.0112384418025613 0.0113317761570215 0.01114147529006 0.00906708836555481 0.00762944156304002 0.00649815425276756 0.00586747843772173 0.00643543200567365 0.00718681234866381 0.00686542922630906 0.00725033180788159 0.00663487054407597 0.00900938082486391 0.0105396695435047
0.00379712972790003 0.00417019426822662 0.00441576354205608 0.0044939243234694 0.00441070413216949 0.004665806889534 0.0049118478782475 0.00562319438904524 0.00555596780031919 0.00576332118362188 0.00569432647898793 0.00620241276919842 0.00644635548815131 0.00654659187421203 0.00608242629095912 0.00675014453008771 0.00694265170022845 0.00698416447266936 0.00768128922209144 0.00747000658884645 0.00757117848843336 0.00649644806981087 0.00606808857992291 0.00616440735757351 0.00546131748706102 0.00477113435044885 0.00604927865788341 0.00599324284121394 0.00693153357133269 0.00718637928366661 0.00761382281780243 0.00892651919275522 0.0109030082821846 0.0118415122851729 0.0112844845280051 0.011422329582274 0.0102494908496737 0.0099739795550704 0.0093480609357357 0.00815319176763296 0.00624522380530834 0.00613335613161325 0.00532942265272141 0.00632738647982478 0.00578620471060276 0.00614329287782311 0.0111853377893567 0.0125815281644464
0.00368647463619709 0.00445721345022321 0.00464326282963157 0.00461124209687114 0.00501008192077279 0.0053227199241519 0.00590187404304743 0.00600606063380837 0.0063936491496861 0.00627306988462806 0.0064144991338253 0.00682727759703994 0.00696231611073017 0.00706339068710804 0.00636861845850945 0.00669691106304526 0.00736334128305316 0.00827004108577967 0.00843262393027544 0.00787586905062199 0.00735320476815104 0.00691713206470013 0.00718904379755259 0.00644811429083347 0.00566087616607547 0.00538341188803315 0.00616867514327168 0.00646884180605412 0.00754673220217228 0.0088362405076623 0.0106455581262708 0.0109825637191534 0.011550416238606 0.0118575161322951 0.0113097112625837 0.0112683866173029 0.0116357235237956 0.0121834278106689 0.0110634602606297 0.00826481729745865 0.00637547113001347 0.00550537602975965 0.00459514325484633 0.0054543730802834 0.00544187147170305 0.00871355459094048 0.011108280159533 0.0129712736234069
0.00415230775251985 0.00516254408285022 0.0051210718229413 0.00553598580881953 0.00570420315489173 0.00583016918972135 0.00614714436233044 0.00627649901434779 0.00698773330077529 0.00723258312791586 0.00721896393224597 0.00747910421341658 0.00772330770269036 0.00831897184252739 0.00721589755266905 0.00759859569370747 0.00831753481179476 0.00848493445664644 0.00910688191652298 0.00866708997637033 0.00834183115512133 0.00828669406473637 0.00761676114052534 0.00723513262346387 0.00691944966092706 0.00629900163039565 0.00768174789845943 0.00884220097213984 0.0101855332031846 0.010980935767293 0.0117600802332163 0.0134009988978505 0.0133766075596213 0.0127665344625711 0.0120273623615503 0.0115531058982015 0.0124307554215193 0.0124905537813902 0.0123015837743878 0.00942305848002434 0.00823983177542686 0.00770043209195137 0.00572358584031463 0.00662045693024993 0.00866109691560268 0.00946445949375629 0.0113740041851997 0.0134535180404782
0.00356321781873703 0.00479790521785617 0.00689195422455668 0.00704583339393139 0.00688161561265588 0.00705286860466003 0.00724922074005008 0.00722368434071541 0.0072552184574306 0.00775462482124567 0.00814233999699354 0.00775245483964682 0.00817351043224335 0.00891448557376862 0.00845044292509556 0.00834955740720034 0.00862891133874655 0.00936410017311573 0.00982402823865414 0.00903009902685881 0.00892889499664307 0.00875877682119608 0.0084137674421072 0.00823760684579611 0.0072754668071866 0.00638365698978305 0.00586188118904829 0.00691296858713031 0.00870459340512753 0.00899746362119913 0.0124992737546563 0.0133410561829805 0.0140647711232305 0.0136584416031837 0.0129716638475657 0.0119964294135571 0.0113930124789476 0.0125880399718881 0.0128424689173698 0.0120335780084133 0.010796245187521 0.00782137177884579 0.00704104639589787 0.00876484811306 0.0122185098007321 0.0132165122777224 0.0124661941081285 0.0123470555990934
0.00395464198663831 0.00347927561961114 0.00486717978492379 0.00732919294387102 0.00781583040952682 0.00877052266150713 0.00873102061450481 0.00859523564577103 0.00805460009723902 0.00812132377177477 0.00796207040548325 0.00921841431409121 0.00984976347535849 0.00904913991689682 0.00980820134282112 0.00939154252409935 0.00927728414535522 0.0100351134315133 0.00992448441684246 0.0092709306627512 0.00960264168679714 0.00908736418932676 0.0081807728856802 0.00864741858094931 0.00841156858950853 0.00727344350889325 0.00650131097063422 0.00596115691587329 0.00738331349566579 0.0109950127080083 0.0127131445333362 0.0124786756932735 0.0143000017851591 0.0141028417274356 0.0136023750528693 0.0131282182410359 0.0109829790890217 0.0118989320471883 0.012714546173811 0.0132123390212655 0.0109012089669704 0.0113825406879187 0.00996510311961174 0.0100444769486785 0.0118157472461462 0.0140358181670308 0.0133660919964314 0.00976755749434233
0.00450919941067696 0.00477121258154511 0.00495395576581359 0.00492674158886075 0.00781281664967537 0.008659603074193 0.00864832568913698 0.00896140560507774 0.00931801646947861 0.00931329280138016 0.00953166373074055 0.0104329232126474 0.0105240605771542 0.0107495170086622 0.0108037739992142 0.0106746181845665 0.00995128229260445 0.0107095632702112 0.010064035654068 0.0103220539167523 0.00999105256050825 0.0099272858351469 0.0104682901874185 0.0095233591273427 0.00877354014664888 0.00803108420222998 0.00708011351525784 0.00798244122415781 0.00701014837250113 0.00822961144149303 0.0112736681476235 0.0114347850903869 0.0116672674193978 0.0143605610355735 0.0142109077423811 0.0129102170467377 0.010823804885149 0.0105085903778672 0.010585312731564 0.0112396711483598 0.0120432712137699 0.0125261088833213 0.0134465890005231 0.0139229483902454 0.0148697420954704 0.0126079665496945 0.0105608431622386 0.00873613078147173
0.00480123981833458 0.00621051900088787 0.00732405949383974 0.00752595067024231 0.0089554013684392 0.00932797696441412 0.00970037560909986 0.00976771675050259 0.00993005000054836 0.00969886220991611 0.0104676289483905 0.0106037938967347 0.0101622212678194 0.00998827163130045 0.0103505169972777 0.0109156761318445 0.011180111207068 0.0109038501977921 0.0108175063505769 0.0112096518278122 0.0111776841804385 0.0111675877124071 0.0107442857697606 0.0105241164565086 0.00876492541283369 0.00825924333184958 0.00921924412250519 0.00839501991868019 0.00859887152910233 0.00922704208642244 0.0100972512736917 0.010467222891748 0.0112284924834967 0.0120215816423297 0.0132514340803027 0.0150938993319869 0.012326373718679 0.0106137003749609 0.00936573185026646 0.00932616833597422 0.0105036916211247 0.0111594367772341 0.0113766761496663 0.0119382534176111 0.0129461735486984 0.0112260207533836 0.00997697561979294 0.00824031420052052
0.00351600698195398 0.00633402215316892 0.00807872135192156 0.0090938787907362 0.00938465446233749 0.00857977103441954 0.00950477924197912 0.0101284654811025 0.0102708684280515 0.0109099103137851 0.0110599603503942 0.0114321047440171 0.0111387483775616 0.011814696714282 0.012146458029747 0.0117172608152032 0.0111305834725499 0.0119756637141109 0.0111928405240178 0.011817486025393 0.0119436988607049 0.0117468647658825 0.0103481570258737 0.0102962544187903 0.0111816357821226 0.0105446297675371 0.00987858884036541 0.0112988585606217 0.0124194817617536 0.0135002974420786 0.013002397492528 0.0152512500062585 0.0136929368600249 0.0156059945002198 0.0165712237358093 0.0146517772227526 0.0132298730313778 0.0110323997214437 0.0100544076412916 0.00876376684755087 0.00877381023019552 0.00955620035529137 0.0100889941677451 0.0107725206762552 0.0113389808684587 0.0114497290924191 0.00947602279484272 0.00775454379618168
0.00263732764869928 0.00458222907036543 0.00707563385367393 0.00898330565541983 0.00985569879412651 0.0100063160061836 0.00995955802500248 0.010077090933919 0.01097063254565 0.0108577348291874 0.0106372088193893 0.0109625924378633 0.0112213026732206 0.0114408591762185 0.0112585676833987 0.0121514527127147 0.0116623425856233 0.0120958602055907 0.011552594602108 0.0120691321790218 0.0121453264728189 0.0122373290359974 0.012502352707088 0.0132416849955916 0.010937113314867 0.00919512379914522 0.00979926437139511 0.0122561287134886 0.0177924577146769 0.0160225797444582 0.0160591918975115 0.0185249838978052 0.0178385190665722 0.0174778588116169 0.0157730970531702 0.0142864407971501 0.0131619228050113 0.0112704029306769 0.00888702552765608 0.00876711495220661 0.00781414844095707 0.00788354966789484 0.00996475853025913 0.0100621525198221 0.0102141303941607 0.00998074095696211 0.00829789415001869 0.00788641348481178
0.00408202549442649 0.00554570369422436 0.00626375013962388 0.00762317143380642 0.0108996424823999 0.0113737527281046 0.0104592647403479 0.0115601569414139 0.0118572227656841 0.0120933186262846 0.0118235303089023 0.0126659488305449 0.0129325119778514 0.0127463694661856 0.0129613727331161 0.0138556519523263 0.0128474440425634 0.0131673943251371 0.0126260174438357 0.0119209587574005 0.0124011477455497 0.0135848168283701 0.0137609671801329 0.0127185638993979 0.0105577139183879 0.00897102430462837 0.0107440249994397 0.0155073925852776 0.0178446713835001 0.0170562658458948 0.0182554461061954 0.0165663342922926 0.0187505166977644 0.017889678478241 0.0160050243139267 0.0128053650259972 0.00908527802675962 0.00843761581927538 0.00748007697984576 0.0079295551404357 0.00728978682309389 0.00688140233978629 0.00884699914604425 0.0088429469615221 0.00889302138239145 0.00892363023012877 0.006921018473804 0.00743687711656094
0.00319079868495464 0.00568191800266504 0.00862475205212831 0.00926422048360109 0.0107084885239601 0.0111755421385169 0.0124679850414395 0.0121999615803361 0.0123205175623298 0.012475642375648 0.0134130446240306 0.0125615121796727 0.0125301526859403 0.013242862187326 0.0134500749409199 0.0135426064953208 0.0128680728375912 0.0127940615639091 0.0123271569609642 0.0127771114930511 0.0131597928702831 0.0128082577139139 0.0141856297850609 0.0147582357749343 0.0132304802536964 0.0136976493522525 0.0138232940807939 0.0181760732084513 0.0154156778007746 0.0145442066714168 0.0132063217461109 0.0155106009915471 0.0182738602161407 0.0129661401733756 0.00869323778897524 0.00737131293863058 0.00646917847916484 0.00602686870843172 0.00614109029993415 0.00619074329733849 0.00643690349534154 0.00683741690590978 0.00819642934948206 0.00766840763390064 0.00778258917853236 0.00702416198328137 0.00676339818164706 0.00781834498047829
