data/climate_estimation/maxent_output/Amianthium_muscitoxicum.asc
NCOLS 258 
NROWS 171 
XLLCORNER -95 
YLLCORNER 27.4166666666667 
CELLSIZE 0.0833333333333333 
NODATA_value -3.4e+38 
[rows 0 to 20 of 171, columns 0 to 46 of 258]
0.001345803262666 0.00143499264959246 0.00150400260463357 0.00166873086709529 0.00180282548535615 0.00181647017598152 0.00187114591244608 0.00190140993800014 0.00191979086957872 0.00159913615789264 0.0016784449107945 0.00161631754599512 0.00162344984710217 0.0016173601616174 0.00166285352315754 0.00180653727147728 0.00184651697054505 0.00213141622953117 0.00270046247169375 0.00358476396650076 0.0047126286663115 0.0054487781599164 0.00460624322295189 0.00415691081434488 0.00346149899996817 0.00367738050408661 0.00345162581652403 0.00344431982375681 0.00294709112495184 0.0028885961510241 0.00246507348492742 0.00258791260421276 0.00230170134454966 0.00228514499031007 0.00197654007934034 0.00199026055634022 0.00202705967240036 0.00237770564854145 0.00241523375734687 0.0027164772618562 0.00288304919376969 0.00285527063533664 0.00327028892934322 0.00366571149788797 0.0040710880421102 0.00466903252527118 0.0045305504463613
0.00120718509424478 0.00133687502238899 0.00147811649367213 0.00166560080833733 0.00180029857438058 0.00186626811046153 0.00189971760846674 0.00192579021677375 0.00186770979780704 0.00196036882698536 0.00190552033018321 0.00189689663238823 0.001900763832964 0.00199868343770504 0.0019585385452956 0.00223544333130121 0.00244753062725067 0.00291328108869493 0.00387893570587039 0.00560660613700747 0.00805849116295576 0.0109474034979939 0.0106283640488982 0.00787038821727037 0.00530161708593369 0.00400606403127313 0.00363180949352682 0.00338063598610461 0.00297229457646608 0.00254863686859608 0.00254099653102458 0.00230115512385964 0.00221502804197371 0.00200997549109161 0.0020628091879189 0.00205746456049383 0.00227572582662106 0.0023338426835835 0.002737752860412 0.00282133021391928 0.00296915089711547 0.00332910194993019 0.00343805737793446 0.00373776257038116 0.0038769505918026 0.00431427080184221 0.00439245672896504
0.00117983645759523 0.00136133213527501 0.00145984720438719 0.00165942532476038 0.00176008918788284 0.00177328404970467 0.00192175398115069 0.00198677182197571 0.00198677182197571 0.00204279134050012 0.00193553336430341 0.00203926139511168 0.00204773317091167 0.00201458856463432 0.00232443562708795 0.0024776877835393 0.00288641755469143 0.00387503858655691 0.00514644384384155 0.00838644336909056 0.0140121877193451 0.0214576050639153 0.0265601594001055 0.018064234405756 0.00912279915064573 0.00532772019505501 0.00461027026176453 0.00392854586243629 0.00323705445043743 0.00294663570821285 0.00243208114989102 0.00226313062012196 0.00223484728485346 0.00207073404453695 0.00210381462238729 0.00231622881256044 0.00233745062723756 0.00274508027359843 0.00279912259429693 0.00314559112302959 0.00332328584045172 0.00353755615651608 0.00382386799901724 0.00396127626299858 0.00407037138938904 0.00393329514190555 0.00413786433637142
0.00120818428695202 0.00124935538042337 0.00143064721487463 0.00156007136683911 0.0017577187390998 0.00191757129505277 0.00192463328130543 0.00198272662237287 0.00201225909404457 0.00201694341376424 0.00227177329361439 0.00229568756185472 0.00238496903330088 0.00221448251977563 0.00229656789451838 0.00263353809714317 0.00297166057862341 0.00395031180232763 0.0065467469394207 0.0113153280690312 0.0253545381128788 0.0597037300467491 0.0861120596528053 0.0519697964191437 0.0181173421442509 0.00923659559339285 0.00579063408076763 0.00450617680326104 0.0033952456433326 0.00294984853826463 0.00257488596253097 0.00232038856483996 0.00207206909544766 0.00212869490496814 0.00222535198554397 0.00255659106187522 0.00283959624357522 0.0028675515204668 0.00330319977365434 0.00388207705691457 0.00397969223558903 0.00415692152455449 0.00411783345043659 0.00425560027360916 0.00405954010784626 0.00433540297672153 0.00411812448874116
0.00121639925055206 0.00127289840020239 0.00144850427750498 0.0015118025476113 0.00177146354690194 0.00184988661203533 0.00212260591797531 0.00215995917096734 0.00216141203418374 0.00219673872925341 0.00219944352284074 0.0022529864218086 0.00223099463619292 0.00228411518037319 0.00249754474498332 0.00251376233063638 0.00340529740788043 0.00451846513897181 0.00672837300226092 0.0131845688447356 0.0322010815143585 0.087863989174366 0.203734293580055 0.110935367643833 0.0313193202018738 0.0133908446878195 0.00713438913226128 0.00451046321541071 0.00389227364212275 0.00293489289470017 0.00267594889737666 0.00267248996533453 0.00235771550796926 0.00219613453373313 0.00250826845876873 0.00288987089879811 0.00308884144760668 0.00346594653092325 0.00390332611277699 0.00429206108674407 0.0045678811147809 0.00485490774735808 0.00443512899801135 0.00432676868513227 0.00443873321637511 0.00425885897129774 0.00421838415786624
0.00127460458315909 0.00127934396732599 0.00151841517072171 0.00153350608889014 0.00179560214746743 0.00183907791506499 0.0018596570007503 0.0018560349708423 0.00194932275917381 0.00218010018579662 0.00212938827462494 0.00225001969374716 0.00225469493307173 0.00220375438220799 0.00221997359767556 0.00256118038669229 0.00329751637764275 0.00436543300747871 0.00648719118908048 0.0112032182514668 0.0240486282855272 0.0601365976035595 0.0963117182254791 0.0745900794863701 0.0299451388418674 0.0136877028271556 0.00813125632703304 0.0051718233153224 0.00401992117986083 0.00335562019608915 0.00306749413721263 0.00277207512408495 0.00284089660272002 0.0029338994063437 0.00295640854164958 0.00354424305260181 0.00361452554352582 0.0040948954410851 0.00461763329803944 0.0045365528203547 0.00485524209216237 0.00492843985557556 0.00498863682150841 0.00442294869571924 0.00447318563237786 0.00390056474134326 0.00442657666280866
0.00134708569385111 0.00134136679116637 0.00148956582415849 0.00150529958773404 0.00159247021656483 0.001781738945283 0.00184189167339355 0.0018474271055311 0.00188868131954223 0.0018629435217008 0.0019255958031863 0.00208747573196888 0.00207377620972693 0.00204755924642086 0.00213191215880215 0.0025204299017787 0.00277239503338933 0.00371157866902649 0.0050445063970983 0.00759571278467774 0.0140187665820122 0.0280795060098171 0.038973443210125 0.0347115136682987 0.0205966141074896 0.0122260618954897 0.0071916040033102 0.00532513251528144 0.00404692394658923 0.00352816795930266 0.00351994903758168 0.00324173597618937 0.00340402754954994 0.00342145352624357 0.00359390280209482 0.00430768774822354 0.00486071640625596 0.00503196334466338 0.00557808019220829 0.00565560488030314 0.00565678998827934 0.00581362470984459 0.0058470512740314 0.00513930153101683 0.00448875315487385 0.00392423057928681 0.00445997109636664
0.00142372876871377 0.00143200601451099 0.00153101363684982 0.00161271065007895 0.0016518757911399 0.00163308437913656 0.00185494381003082 0.0018330990569666 0.00182431656867266 0.00179966108407825 0.0018605652730912 0.00187374628148973 0.00180704088415951 0.00181543594226241 0.00197575474157929 0.00246878457255661 0.00271892501041293 0.00316687463782728 0.003704629605636 0.00501217367127538 0.0083274720236659 0.013568420894444 0.0178122222423553 0.0181331988424063 0.0138555131852627 0.00959340576082468 0.00625233305618167 0.0049294694326818 0.00435431860387325 0.00373302632942796 0.0036775313783437 0.0034180071670562 0.00348899583332241 0.00379092432558537 0.00443938514217734 0.0051011610776186 0.00560815585777164 0.00590974325314164 0.00594245130196214 0.00652068108320236 0.00684741046279669 0.00670886551961303 0.0058538275770843 0.00568133406341076 0.00520901195704937 0.00510778464376926 0.00507340487092733
0.00142336578574032 0.0015236398903653 0.00160521769430488 0.00156460166908801 0.0016732788644731 0.00167291529942304 0.00172302569262683 0.00170485058333725 0.00167895935010165 0.00164321227930486 0.001691555371508 0.00156717246863991 0.00163103372324258 0.00177719898056239 0.00177857710514218 0.00204993691295385 0.0023875420447439 0.00285226153209805 0.00335386022925377 0.00420071883127093 0.00549538619816303 0.00837273057550192 0.00944252219051123 0.0111582921817899 0.00982034765183926 0.00746973464265466 0.00593412946909666 0.00516171893104911 0.00434803450480103 0.00394002581015229 0.00392565270885825 0.00366338645108044 0.00389597448520362 0.00442372588440776 0.00474214274436235 0.0055407490581274 0.0062811030074954 0.00648142397403717 0.00705974409356713 0.007139862049371 0.00699754152446985 0.00744878640398383 0.00650380225852132 0.00661851279437542 0.0057954378426075 0.00547926966100931 0.00566462380811572
0.00166814064141363 0.00166860048193485 0.00165446964092553 0.00163106457330287 0.00163388473447412 0.00173042237292975 0.00176630611531436 0.00175419740844518 0.00167163787409663 0.00164833443704993 0.00161778542678803 0.00161687668878585 0.0015905350446701 0.00174705707468092 0.00202877842821181 0.00204910384491086 0.00238040508702397 0.0026980412658304 0.00312166078947484 0.00368779199197888 0.00469721993431449 0.00555550586432219 0.00738282036036253 0.00749530643224716 0.00696124834939837 0.00523202493786812 0.00481445994228125 0.00433669053018093 0.00417561922222376 0.00417265482246876 0.00381549051962793 0.00408017123118043 0.00415026443079114 0.00481732748448849 0.00500264717265964 0.00583687843754888 0.00676475930958986 0.00668571749702096 0.00755495065823197 0.00773942563682795 0.0075067225843668 0.00719328410923481 0.00688946712762117 0.00660724053159356 0.00639111734926701 0.00612420914694667 0.00615612929686904
0.00173881906084716 0.00168671796564013 0.00171231792774051 0.00168383086565882 0.00168348615989089 0.00173591496422887 0.00172461103647947 0.00175278401002288 0.00174136005807668 0.00153074134141207 0.00145925220567733 0.00139754801057279 0.00159251282457262 0.00185509596485645 0.00205857562832534 0.00228860299102962 0.0026369399856776 0.00306343333795667 0.00312202144414186 0.00352121330797672 0.00422639399766922 0.00506521109491587 0.00600501196458936 0.00605116225779057 0.0048568295314908 0.00446385284885764 0.00428307428956032 0.00431713555008173 0.00399700785055757 0.00402508536353707 0.00425781914964318 0.00424237875267863 0.00430312333628535 0.00506778201088309 0.0053761787712574 0.00638789404183626 0.00655829068273306 0.00751020852476358 0.00778428232297301 0.00795129034668207 0.0076753837056458 0.00862157344818115 0.00809794850647449 0.00779513362795115 0.00741932773962617 0.00700401049107313 0.0067293057218194
0.00171967211645097 0.0017039735103026 0.0018217945471406 0.00181778438854963 0.0017818600172177 0.00179237371776253 0.00186263944488019 0.00182278244756162 0.00178977439645678 0.00179233634844422 0.00172562489751726 0.00170881231315434 0.00193399947602302 0.00214551808312535 0.00216190749779344 0.00246735452674329 0.00281080370768905 0.00316159334033728 0.00373677257448435 0.00445432960987091 0.00460829585790634 0.0053555415943265 0.00579360965639353 0.00587952369824052 0.00502035487443209 0.00395659497007728 0.0041389693506062 0.00403531920164824 0.00405948096886277 0.00410262541845441 0.00435731466859579 0.00465290388092399 0.00444255163893104 0.00529912672936916 0.00617685588076711 0.00662614498287439 0.00767422234639525 0.00754981115460396 0.00859641283750534 0.00816897116601467 0.00898042134940624 0.00862521678209305 0.00868108123540878 0.00841267220675945 0.00768586387857795 0.00830534100532532 0.00822572223842144
0.00176088127773255 0.0017740927869454 0.00180127378553152 0.00181071693077683 0.00192311953287572 0.00191991915926337 0.00186682492494583 0.00189359742216766 0.00189424341078848 0.00181775901000947 0.00177536439150572 0.00207682373002172 0.0024274222087115 0.00237503019161522 0.00260782754048705 0.00299680652096868 0.00341407209634781 0.0039574415422976 0.00460022315382957 0.00537178758531809 0.00646465690806508 0.00746195903047919 0.00760622089728713 0.00708914780989289 0.00623067282140255 0.00557488156482577 0.00506295450031757 0.0047712093219161 0.00486005283892155 0.00501718558371067 0.0048593464307487 0.00510142324492335 0.00518691958859563 0.00564541341736913 0.00628156494349241 0.00658625457435846 0.0076963291503489 0.00874342955648899 0.00849403254687786 0.00962070003151894 0.00969685986638069 0.00922028440982103 0.00895024556666613 0.0085144592449069 0.00912812352180481 0.00885805115103722 0.00963712204247713
0.00172933284193277 0.00176523672416806 0.00163212872575969 0.0019125392427668 0.00191178300883621 0.00192284106742591 0.00188626465387642 0.00192227680236101 0.00190768600441515 0.00219331053085625 0.00221113883890212 0.00240223039872944 0.00276420451700687 0.00276674539782107 0.00314072566106915 0.00319914845749736 0.00368500454351306 0.00462351460009813 0.00636661564931273 0.00818151421844959 0.00985228177160025 0.011971851810813 0.011719336733222 0.00952492095530033 0.00826247781515121 0.00737466802820563 0.00710648531094193 0.00639037182554603 0.00558894313871861 0.0056383884511888 0.00510884961113334 0.00538770901039243 0.00546600855886936 0.00566312344744802 0.00653763487935066 0.00697311293333769 0.00798935629427433 0.00891477428376675 0.00999480299651623 0.0113443415611982 0.0109454551711679 0.0103518664836884 0.0101167121902108 0.00966267194598913 0.0103935096412897 0.0102768763899803 0.0110569158568978
0.00170575745869428 0.00161652627866715 0.00165503425523639 0.00192572269588709 0.00195161055307835 0.00192052533384413 0.00201229122467339 0.00217655533924699 0.00233063939958811 0.00256822514347732 0.00251494417898357 0.00289133773185313 0.00290624098852277 0.0028632793109864 0.00326534593477845 0.00329296081326902 0.00444720359519124 0.00590073689818382 0.00772930961102247 0.0120734227821231 0.0174886528402567 0.0238038506358862 0.0231137573719025 0.0182250663638115 0.014678530395031 0.0125364167615771 0.0105601120740175 0.00930185988545418 0.00748384045436978 0.00652548018842936 0.00576138775795698 0.00601613661274314 0.00544414669275284 0.00584851950407028 0.00651824520900846 0.00778807699680328 0.00904634594917297 0.00971234869211912 0.0112097673118114 0.0126149440184236 0.0123521620407701 0.0119370026513934 0.0114155393093824 0.010842677205801 0.0107397502288222 0.0105783008038998 0.0106744198128581
0.00172219739761204 0.00163720943965018 0.00176936027128249 0.0019576579798013 0.00198975298553705 0.00229024840518832 0.00229024840518832 0.00236621685326099 0.00263265636749566 0.00264597591012716 0.00263387430459261 0.00263196206651628 0.00301850726827979 0.00302679184824228 0.00312811671756208 0.00374165154062212 0.0042548798955977 0.00627478677779436 0.0109466789290309 0.0213844776153564 0.0357873477041721 0.0565121062099934 0.0634444802999496 0.0498253405094147 0.0357688590884209 0.0237208921462297 0.0178359542042017 0.0121536366641521 0.00901010446250439 0.00759385246783495 0.00668861670419574 0.0070924530737102 0.00657561281695962 0.00652735307812691 0.00745839625597 0.00766150373965502 0.00887260027229786 0.0112148011103272 0.0130825005471706 0.0139017691835761 0.0136039732024074 0.0132379215210676 0.0127808079123497 0.0125582497566938 0.0121175162494183 0.0111270854249597 0.0109990136697888
0.00180423690471798 0.00167717272415757 0.00178880733437836 0.00207079178653657 0.00240894895978272 0.00237136520445347 0.00265443697571754 0.00272843264974654 0.00304607418365777 0.00272431317716837 0.00276389205828309 0.0028576988261193 0.00287717557512224 0.00316785275936127 0.00334268738515675 0.00393490074202418 0.00471348548308015 0.00705587537959218 0.0135570988059044 0.0303503219038248 0.0653426125645638 0.1297218054533 0.190862819552422 0.145102083683014 0.0810991302132607 0.0459619760513306 0.0259968284517527 0.0154863959178329 0.0109056029468775 0.00848420150578022 0.00741960713639855 0.00679768435657024 0.00732403574511409 0.00759281869977713 0.00760334823280573 0.00867606233805418 0.0102367205545306 0.011221731081605 0.0130669455975294 0.0140985557809472 0.0163075774908066 0.017457727342844 0.0170086733996868 0.0160570796579123 0.014638134278357 0.0131285935640335 0.0125130768865347
0.00188652309589088 0.00199238583445549 0.00204151310026646 0.00235965964384377 0.00270348158665001 0.0026724673807621 0.00280867470428348 0.00304747419431806 0.00326178735122085 0.00293383025564253 0.00291044358164072 0.00294420518912375 0.0030059777200222 0.00292854406870902 0.00347059080377221 0.00369248725473881 0.00493758637458086 0.00738418754190207 0.0164238791912794 0.0401276685297489 0.0991305336356163 0.2427027374506 0.412196636199951 0.288142561912537 0.136063039302826 0.0712890848517418 0.0357522889971733 0.0202305912971497 0.0120342830196023 0.00942534301429987 0.00862740818411112 0.00801629107445478 0.00860049016773701 0.00852403696626425 0.00889039132744074 0.00934605114161968 0.0109017658978701 0.012843488715589 0.0143716000020504 0.0165113732218742 0.0183546487241983 0.0211061779409647 0.0203065201640129 0.0189449042081833 0.016536196693778 0.014734392054379 0.0133558101952076
0.00193366326857358 0.0022680307738483 0.00239264057017863 0.00274806842207909 0.00280855037271976 0.00326236337423325 0.00354520906694233 0.00316485646180809 0.00317507819272578 0.0030096007976681 0.00299582863226533 0.00303241913206875 0.00302709289826453 0.00315332040190697 0.00373691786080599 0.00387196894735098 0.00472793821245432 0.00813474040478468 0.0172000601887703 0.0378700122237206 0.0993980839848518 0.235313266515732 0.359932661056519 0.295844972133636 0.160416841506958 0.0791180953383446 0.0401530005037785 0.0206689834594727 0.0134300552308559 0.00911062676459551 0.00835078209638596 0.00942792743444443 0.0100640878081322 0.00992531422525644 0.0101913986727595 0.0108936661854386 0.0110109187662601 0.0127019993960857 0.0163621678948402 0.0182557627558708 0.0203441195189953 0.0212569274008274 0.0228553991764784 0.0220025256276131 0.0198576264083385 0.0158924758434296 0.0143407043069601
0.00220863125286996 0.00241854041814804 0.00268922280520201 0.00286749564111233 0.00313594774343073 0.0034884880296886 0.00362807908095419 0.00331262336112559 0.00326174241490662 0.0033776240888983 0.00303884339518845 0.00317236525006592 0.00327730411663651 0.00383963622152805 0.00388628896325827 0.00395734934136271 0.00531492754817009 0.00844045449048281 0.0160012245178223 0.0303855277597904 0.0745793208479881 0.138513669371605 0.191319212317467 0.181208938360214 0.12905515730381 0.0677875578403473 0.0368315316736698 0.0216605868190527 0.0146148921921849 0.010948390699923 0.00989179685711861 0.00958663877099752 0.0100099388509989 0.0116124851629138 0.0113407783210278 0.0125161474570632 0.0126664433628321 0.0141178965568542 0.0180388446897268 0.0191590338945389 0.0210821349173784 0.0238984264433384 0.0234205387532711 0.0234862733632326 0.0212818365544081 0.0165609493851662 0.0161827243864536
0.00277281808666885 0.00283183483406901 0.00315454951487482 0.00310798594728112 0.00353115634061396 0.00405490677803755 0.00364783359691501 0.00363986985757947 0.00331527530215681 0.00346219725906849 0.00364353880286217 0.00362493470311165 0.00354843866080046 0.00357712898403406 0.00409991154447198 0.00459528295323253 0.00606569368392229 0.00836281292140484 0.0139756239950657 0.0242887437343597 0.0397618040442467 0.064859077334404 0.0828940942883492 0.0828877612948418 0.0704904496669769 0.0464476235210896 0.0358927473425865 0.0234080050140619 0.0157960820943117 0.0138057842850685 0.0114053897559643 0.0115557871758938 0.0117994835600257 0.0114973550662398 0.0131240310147405 0.0139437699690461 0.0136679485440254 0.0177218820899725 0.0192001555114985 0.021129859611392 0.0242739897221327 0.0239225775003433 0.0273072719573975 0.0238909851759672 0.0215150248259306 0.0174656771123409 0.0168002862483263
