data/climate_estimation/maxent_output/Amianthium_muscitoxicum.asc
NCOLS 258 
NROWS 171 
XLLCORNER -95 
YLLCORNER 27.4166666666667 
CELLSIZE 0.0833333333333333 
NODATA_value -3.4e+38 
[rows 0 to 20 of 171, columns 47 to 93 of 258]
0.00471405778080225 0.004716114141047 0.00419305311515927 0.00414816848933697 0.00367691367864609 0.00363227515481412 0.00365641689859331 0.0037094356957823 0.00418473687022924 0.00502174301072955 0.00590140465646982 0.00595904281362891 0.00726719293743372 0.00729994010180235 0.00818531960248947 0.00840790569782257 0.00856031943112612 0.00818029977381229 0.008212985470891 0.00816599372774363 0.00789052527397871 0.00717139057815075 0.00738752679899335 0.00713571859523654 0.00635111099109054 0.0062558208592236 0.00712384190410376 0.00720027275383472 0.0084366500377655 0.00920706428587437 0.00933056883513927 0.011176067404449 0.0121130691841245 0.0124395787715912 0.0125362481921911 0.0126243745908141 0.012499276548624 0.0141021646559238 0.0142159322276711 0.014727208763361 0.0148811498656869 0.0174969714134932 0.0179154053330421 0.0212275814265013 0.0219764802604914 0.0260217767208815 0.0264512430876493
0.004352075047791 0.00434998702257872 0.00434869341552258 0.00431565847247839 0.00416876468807459 0.00417184084653854 0.00417184084653854 0.00473950104787946 0.00487699126824737 0.00500246975570917 0.00588492304086685 0.00593493971973658 0.00712607428431511 0.00713015301153064 0.0072103631682694 0.00732429092749953 0.00841719098389149 0.00843109376728535 0.00826289411634207 0.00821163691580296 0.00712469918653369 0.00692293094471097 0.00716433441266418 0.00684622954577208 0.00721639022231102 0.00711840949952602 0.00784599035978317 0.0082919979467988 0.00906091462820768 0.00952554028481245 0.0107842897996306 0.0117500582709908 0.0119942119345069 0.0121545111760497 0.012231276370585 0.0121853463351727 0.0123147619888186 0.0141322435811162 0.0145351141691208 0.0152364680543542 0.0154266078025103 0.0173997990787029 0.0187646821141243 0.0224795769900084 0.0220667291432619 0.0237865019589663 0.0278529357165098
0.00399678945541382 0.00463796639814973 0.00468584755435586 0.00508579378947616 0.00517863221466541 0.00562836136668921 0.00625293608754873 0.00656285928562284 0.00584622705355287 0.00592513661831617 0.0057963440194726 0.00620336271822453 0.00632967334240675 0.00635110540315509 0.00767505774274468 0.00737770926207304 0.00749405147507787 0.00819335877895355 0.00736463395878673 0.00718066794797778 0.00733048329129815 0.00709560792893171 0.00690357154235244 0.00711840996518731 0.00780144706368446 0.00774015253409743 0.00912219285964966 0.00890879519283772 0.00946369115263224 0.0104031898081303 0.0105139818042517 0.0122811133041978 0.0124164763838053 0.0124207939952612 0.013996658846736 0.0142538798972964 0.0141491452232003 0.0147614870220423 0.0150231868028641 0.015570948831737 0.0163911711424589 0.0179314333945513 0.0191620066761971 0.0218293592333794 0.0222112592309713 0.0263327918946743 0.0271689854562283
0.00410507107153535 0.00478835450485349 0.00542060006409883 0.00532806199043989 0.00598348211497068 0.00688007613644004 0.0076746977865696 0.007796844933182 0.00743676722049713 0.00650382321327925 0.00694899260997772 0.00683307414874434 0.00691759772598743 0.00639392016455531 0.0067896181717515 0.006849923171103 0.00769881019368768 0.00761603564023972 0.00756357330828905 0.00754238525405526 0.00719509180635214 0.00697240233421326 0.00716903898864985 0.00784919317811728 0.00910583324730396 0.0100266924127936 0.0105361584573984 0.0106653776019812 0.0103683779016137 0.0105126611888409 0.0109183741733432 0.0107663320377469 0.0120042627677321 0.0122976452112198 0.014044645242393 0.0143147446215153 0.0144860856235027 0.014766251668334 0.0155390044674277 0.0160186104476452 0.0160550307482481 0.0185877624899149 0.0208144411444664 0.0240693539381027 0.025669427588582 0.0274794641882181 0.0306211318820715
0.00428883405402303 0.00480522261932492 0.00571060413494706 0.00610629096627235 0.00689202267676592 0.00777466548606753 0.00897293165326118 0.0089934915304184 0.00804839935153723 0.00775688281282783 0.00785304512828588 0.00823275838047266 0.00748933665454388 0.006688192486763 0.00666918931528926 0.00676261261105537 0.00768549554049969 0.0075565711595118 0.00763518223538995 0.00743082258850336 0.0070609962567687 0.00710136769339442 0.00800943840295076 0.0092642093077302 0.0104553457349539 0.0120330844074488 0.0118501335382462 0.0125243030488491 0.0124976076185703 0.0120786549523473 0.0122332088649273 0.0120050646364689 0.0118841333314776 0.0133025711402297 0.0143940253183246 0.0140158347785473 0.0145511850714684 0.0149389021098614 0.0158118419349194 0.0162577349692583 0.0188339632004499 0.0191302895545959 0.0223118811845779 0.0247185751795769 0.0258455406874418 0.0305468812584877 0.0316813923418522
0.00439349561929703 0.00514050526544452 0.00570966536179185 0.00713722081854939 0.0080559253692627 0.00948108173906803 0.00925217382609844 0.00902364123612642 0.0094754146412015 0.00943953078240156 0.00918945111334324 0.00909132417291403 0.00928172282874584 0.00762327946722507 0.00706521654501557 0.007739816326648 0.00792649108916521 0.00792966969311237 0.0088313315063715 0.00785746704787016 0.00754123507067561 0.0083804540336132 0.00939862988889217 0.0111450692638755 0.0122509011998773 0.0140675082802773 0.0141364596784115 0.0140389064326882 0.0146785750985146 0.0144131481647491 0.0129541382193565 0.0123341986909509 0.0128280157223344 0.0141265904530883 0.0145468413829803 0.0148147065192461 0.0151593135669827 0.0152919050306082 0.0179774239659309 0.0184878949075937 0.0189383178949356 0.0210841502994299 0.0224938094615936 0.0253138039261103 0.0300516504794359 0.0299903657287359 0.0318989269435406
0.00507870269939303 0.00519469380378723 0.00669954810291529 0.00720378151163459 0.00934407860040665 0.00991072505712509 0.0094703733921051 0.00969264935702085 0.00954387988895178 0.00945968460291624 0.00930639915168285 0.00918594747781754 0.0097188912332058 0.00857431627810001 0.00881509203463793 0.00817564595490694 0.00906380917876959 0.00866641197353601 0.00916640926152468 0.00858017150312662 0.00852805748581886 0.0095817893743515 0.0111719304695725 0.0124877383932471 0.0143513400107622 0.0167524851858616 0.0169515535235405 0.0170427858829498 0.016572792083025 0.0150038115680218 0.0147559139877558 0.0144586879760027 0.0144129516556859 0.0143025303259492 0.0143554611131549 0.0145274074748158 0.0167004186660051 0.0171879231929779 0.0175968557596207 0.0183176882565022 0.0213836133480072 0.0219949744641781 0.0247864685952663 0.0251427982002497 0.0304327979683876 0.0310832485556602 0.0358758457005024
0.00510727753862739 0.00540791638195515 0.00677616475149989 0.00845691468566656 0.010018571279943 0.0111191738396883 0.0110283996909857 0.00984893273562193 0.00963851436972618 0.00965489726513624 0.00947794411331415 0.00954022724181414 0.00937462784349918 0.00985792186111212 0.00871756765991449 0.00883721373975277 0.00887556467205286 0.00991576258093119 0.00999059807509184 0.0100662773475051 0.0101107954978943 0.0114049324765801 0.0124694183468819 0.0148524483665824 0.0170503761619329 0.0188805758953094 0.0188637729734182 0.0170443635433912 0.0167857371270657 0.0155688365921378 0.0152470739558339 0.0147515060380101 0.0145692229270935 0.0145967630669475 0.0160219203680754 0.0160299614071846 0.0165067929774523 0.0184641480445862 0.0192593205720186 0.0197795685380697 0.0234138686209917 0.0241879653185606 0.0245292577892542 0.0276168771088123 0.0304844900965691 0.0343205705285072 0.0356823541224003
0.00513598555698991 0.00608986523002386 0.00772235309705138 0.0100790150463581 0.012592988088727 0.0150143159553409 0.0118865985423326 0.00986530724912882 0.00890151597559452 0.010327355004847 0.010028556920588 0.00962990988045931 0.0097400788217783 0.00965944118797779 0.0100148934870958 0.0100277867168188 0.0110373198986053 0.0113592520356178 0.0115973493084311 0.0115252891555429 0.0128426374867558 0.0128033943474293 0.0162789337337017 0.0192461665719748 0.0190438590943813 0.0191270876675844 0.0200615953654051 0.0172940492630005 0.0157551877200603 0.0153420008718967 0.0154448105022311 0.0149981901049614 0.0171813312917948 0.0169911365956068 0.0161150526255369 0.018543653190136 0.0187381580471992 0.019163379445672 0.0215538144111633 0.0224641356617212 0.0231055021286011 0.0261707995086908 0.0268658827990294 0.0290465485304594 0.03303512185812 0.0341269969940186 0.0391621775925159
0.00557512836530805 0.00662019709125161 0.00848826486617327 0.0112775173038244 0.0133407087996602 0.0150610469281673 0.0120829045772552 0.0106725972145796 0.00949832890182734 0.00928231328725815 0.0101223150268197 0.0115046771243215 0.0111668277531862 0.011250976473093 0.0122405961155891 0.0121307838708162 0.0121738184243441 0.0124946581199765 0.0132853640243411 0.0132990516722202 0.014822612516582 0.0162212178111076 0.0189922135323286 0.0193203575909138 0.0212920773774385 0.0202443394809961 0.0197211671620607 0.0171722397208214 0.0155458776280284 0.0157156195491552 0.0154991941526532 0.0151147460564971 0.0167186632752419 0.01705227419734 0.0188864134252071 0.0189357381314039 0.021375821903348 0.0213698074221611 0.0215521175414324 0.0247210562229156 0.0257585365325212 0.0263967104256153 0.0280588306486607 0.0275805871933699 0.0323637537658215 0.0330732017755508 0.03847736120224
0.00678488565608859 0.00823129992932081 0.0100520253181458 0.0115333823487163 0.0135278441011906 0.013541460968554 0.0124740414321423 0.00999449193477631 0.00995177589356899 0.00963067077100277 0.0108124893158674 0.0113880056887865 0.0131464162841439 0.0126644298434258 0.0123787708580494 0.014144042506814 0.0141677940264344 0.0155641464516521 0.014189844019711 0.0170264597982168 0.0187260024249554 0.0189344845712185 0.0191766899079084 0.0208235308527946 0.0218814183026552 0.0190351977944374 0.0198277942836285 0.0175241772085428 0.0153631968423724 0.0161800570785999 0.0162906721234322 0.0176679864525795 0.0174442548304796 0.0188714601099491 0.0190097838640213 0.0210821591317654 0.0215689018368721 0.025105394423008 0.0245086532086134 0.0284076500684023 0.0289907827973366 0.0300358794629574 0.0308574419468641 0.0268184002488852 0.0321480669081211 0.033022228628397 0.0364509895443916
0.00916774943470955 0.0110614132136106 0.0112708145752549 0.0133655285462737 0.0138650145381689 0.0124193951487541 0.0111398296430707 0.0100640375167131 0.00902202725410461 0.00971418432891369 0.0123017858713865 0.0136423036456108 0.0153887523338199 0.0166076403111219 0.0163236726075411 0.0169484876096249 0.016022490337491 0.0186506472527981 0.0186263658106327 0.0187573824077845 0.0219965353608131 0.0216014795005322 0.0220448840409517 0.0223947037011385 0.0216017421334982 0.0196068361401558 0.0178037118166685 0.0171269234269857 0.0156736150383949 0.0160384457558393 0.0178833473473787 0.0178366452455521 0.0195980649441481 0.0193806011229753 0.0214755237102509 0.0218135546892881 0.0246706735342741 0.0286183822900057 0.0292596146464348 0.0322816334664822 0.0326477140188217 0.0304431430995464 0.0307600237429142 0.0310197304934263 0.032126072794199 0.0356110967695713 0.0380915403366089
0.0111727444455028 0.012629721313715 0.0129869161173701 0.0139464382082224 0.0126698315143585 0.0126698315143585 0.0114667266607285 0.011297975666821 0.0110924821346998 0.0126113798469305 0.014332958497107 0.0178680941462517 0.0194614008069038 0.0197771489620209 0.0195560045540333 0.0189520306885242 0.0193478148430586 0.0187447238713503 0.021905642002821 0.022148797288537 0.0248968303203583 0.0230454429984093 0.0230718366801739 0.0228423848748207 0.02230154722929 0.0196498259902 0.0196375325322151 0.0176930464804173 0.0176816489547491 0.0175972301512957 0.0207702834159136 0.0206702221184969 0.0232771802693605 0.0219620633870363 0.0254456792026758 0.0265924111008644 0.0292688887566328 0.0296474564820528 0.0333104506134987 0.0333895049989223 0.0336300022900105 0.0335611179471016 0.0338876582682133 0.0349205061793327 0.035538125783205 0.0362397246062756 0.0379871651530266
0.0128864422440529 0.0132389217615128 0.0138921067118645 0.0137839484959841 0.0125909661874175 0.011339402757585 0.0119674596935511 0.0131697375327349 0.0129566425457597 0.0146216275170445 0.0185287445783615 0.0208049602806568 0.0226685926318169 0.0234829597175121 0.0226461440324783 0.0193835254758596 0.0190631952136755 0.0219801384955645 0.022114235907793 0.0250432193279266 0.0269651357084513 0.0276317354291677 0.0273293014615774 0.0240509007126093 0.0233718566596508 0.0230574421584606 0.0222527794539928 0.0198433957993984 0.0205923840403557 0.0210016891360283 0.0209328625351191 0.023488599807024 0.0231823772192001 0.0262391623109579 0.0289311613887548 0.0300913732498884 0.0330457203090191 0.0339595600962639 0.0380821377038956 0.0383483096957207 0.038525078445673 0.038458913564682 0.0387143976986408 0.0384369157254696 0.0408861190080643 0.0413442701101303 0.0373179242014885
0.0120574375614524 0.0140886921435595 0.0136098135262728 0.0123932333663106 0.0127220107242465 0.0127220107242465 0.0133913476020098 0.0154000669717789 0.0164617858827114 0.0187286976724863 0.0212452616542578 0.0231534149497747 0.0260606799274683 0.026781365275383 0.0223807469010353 0.0219954922795296 0.022281602025032 0.0218533389270306 0.0222420021891594 0.0265870373696089 0.0275974944233894 0.0283674262464046 0.0278893150389194 0.0283467154949903 0.0279932823032141 0.0264058113098145 0.0270999725908041 0.0263015292584896 0.0257161818444729 0.0265979822725058 0.0265979822725058 0.0266668330878019 0.0264747813344002 0.0297528747469187 0.0338323749601841 0.0381977222859859 0.038034874945879 0.0428585670888424 0.0431213788688183 0.0440524518489838 0.0440666824579239 0.0445867255330086 0.0446548610925674 0.0470375344157219 0.0464212000370026 0.0415414534509182 0.0412993207573891
0.0123585937544703 0.0121868550777435 0.0131511799991131 0.0131440311670303 0.0149516370147467 0.0151358749717474 0.0168073736131191 0.0192975308746099 0.0193982739001513 0.0217896942049265 0.0243768934160471 0.0248316749930382 0.0269289128482342 0.0262474529445171 0.0258847009390593 0.0230627972632647 0.0231743231415749 0.0233783591538668 0.022768946364522 0.0276543889194727 0.0286627728492022 0.0286627728492022 0.0292505286633968 0.0294167418032885 0.0293603353202343 0.031208299100399 0.0308200418949127 0.0299196895211935 0.0306407101452351 0.0297869946807623 0.0317740179598331 0.0303808376193047 0.0318099036812782 0.0341668650507927 0.0434787198901176 0.0442213304340839 0.0491305440664291 0.0499606356024742 0.0502311214804649 0.0505801513791084 0.0536991134285927 0.0509827695786953 0.0542141906917095 0.0534041970968246 0.0535115860402584 0.046965915709734 0.0475744791328907
0.0129185542464256 0.0129743339493871 0.0147501127794385 0.0147774992510676 0.0168395284563303 0.019551333039999 0.0220394860953093 0.0221805591136217 0.0226898528635502 0.0246589817106724 0.0249516144394875 0.0253764241933823 0.0272940043359995 0.0276143345981836 0.0230081360787153 0.0226186327636242 0.0229274164885283 0.0236049760133028 0.0266466680914164 0.0276833567768335 0.0291197784245014 0.0298091415315866 0.0326351933181286 0.0331840924918652 0.0328955017030239 0.0381264500319958 0.0372503735125065 0.0354864187538624 0.0349221080541611 0.0355187132954597 0.036254521459341 0.0410872288048267 0.0413962677121162 0.0437906049191952 0.0492653958499432 0.0553662329912186 0.0566118508577347 0.0568020604550838 0.0608446896076202 0.0601595714688301 0.0618419460952282 0.0610693469643593 0.0622481629252434 0.0619997121393681 0.0647151917219162 0.0573132485151291 0.056252408772707
0.0132000278681517 0.0152221508324146 0.0151429465040565 0.0171904768794775 0.0188602972775698 0.0219051670283079 0.0227355621755123 0.0254554934799671 0.0254448670893908 0.0258596707135439 0.0266576409339905 0.0259112734347582 0.0250429697334766 0.0242661312222481 0.0240440517663956 0.0230815354734659 0.0229037944227457 0.0240972153842449 0.0266072601079941 0.0284277535974979 0.029462955892086 0.0299908295273781 0.0339164733886719 0.0396428108215332 0.0433928519487381 0.0433708876371384 0.0429296866059303 0.0445539467036724 0.0441893897950649 0.0471185594797134 0.0458507128059864 0.0472118481993675 0.053562268614769 0.0593031272292137 0.0598603263497353 0.0680463165044785 0.0679817423224449 0.0684865936636925 0.0725568234920502 0.0738202780485153 0.0824887976050377 0.0840636938810349 0.0835053399205208 0.075481653213501 0.0754712745547295 0.0742939114570618 0.0744768530130386
0.0143463276326656 0.0154831940308213 0.0178191419690847 0.0173968076705933 0.0202085692435503 0.0230526458472013 0.0272248759865761 0.027499932795763 0.0259233824908733 0.0262703914195299 0.0268401280045509 0.0255993157625198 0.026154775172472 0.0240150094032288 0.0248544905334711 0.0229053385555744 0.0228581987321377 0.0260923933237791 0.0295246988534927 0.0308584105223417 0.0320353955030441 0.0328945219516754 0.0384303592145443 0.0432372689247131 0.0449968203902245 0.0453033298254013 0.0479682013392448 0.0530564449727535 0.0550616048276424 0.0554916262626648 0.0569732412695885 0.0649005994200706 0.0642377957701683 0.0716805309057236 0.0721011459827423 0.0722620636224747 0.0738475993275642 0.073920451104641 0.0824928730726242 0.0848298743367195 0.0944124087691307 0.095799908041954 0.095727451145649 0.0863980576395988 0.0870643556118011 0.0943380743265152 0.100369349122047
0.0159065667539835 0.0165971349924803 0.0183600001037121 0.0206145700067282 0.0227451510727406 0.0247737839818001 0.0284958947449923 0.0276632457971573 0.0285408478230238 0.0279128365218639 0.0270975772291422 0.0262849237769842 0.0252302791923285 0.0247342009097338 0.0250972043722868 0.0243406780064106 0.0268033873289824 0.0267351903021336 0.0309727564454079 0.0353701151907444 0.0349444597959518 0.0376772321760654 0.0421571061015129 0.0512334108352661 0.0517299808561802 0.0574975199997425 0.0562129616737366 0.0619614012539387 0.0629113018512726 0.0643426775932312 0.0661420002579689 0.0736762657761574 0.0742040798068047 0.0825175270438194 0.0872637927532196 0.0842527151107788 0.0849156305193901 0.0848868191242218 0.0893758237361908 0.0994419753551483 0.112739540636539 0.114529259502888 0.114305295050144 0.092410571873188 0.116740591824055 0.12831012904644 0.128837242722511
0.016885619610548 0.0184714943170547 0.0211619809269905 0.0209709815680981 0.0241218861192465 0.0248231869190931 0.0257888156920671 0.0265858080238104 0.0263910237699747 0.0296402983367443 0.0280346386134624 0.0273419711738825 0.0262435004115105 0.0254821106791496 0.0249693598598242 0.024817731231451 0.0264030210673809 0.026871869340539 0.0300331246107817 0.034798588603735 0.0359654501080513 0.0433171838521957 0.0489985682070255 0.0561665743589401 0.0636562630534172 0.0633107572793961 0.0727581828832626 0.0716555193066597 0.0713887512683868 0.0855824202299118 0.0878465846180916 0.0880171433091164 0.0896017476916313 0.0983688309788704 0.0998153015971184 0.101266279816628 0.101760864257812 0.10230728238821 0.101823039352894 0.113524302840233 0.124571450054646 0.128263846039772 0.130829408764839 0.132029801607132 0.151896938681602 0.17144013941288 0.174212619662285
