data/climate_estimation/maxent_output/Amianthium_muscitoxicum.asc
NCOLS 258 
NROWS 171 
XLLCORNER -95 
YLLCORNER 27.4166666666667 
CELLSIZE 0.0833333333333333 
NODATA_value -3.4e+38 
[rows 42 to 62 of 171, columns 47 to 93 of 258]
0.242476403713226 0.246370866894722 0.263257324695587 0.288280487060547 0.26931220293045 0.285644263029099 0.292122364044189 0.282850921154022 0.249710023403168 0.225297465920448 0.199879840016365 0.200733780860901 0.205044686794281 0.207256197929382 0.233171582221985 0.281147837638855 0.349822640419006 0.335110425949097 0.340772122144699 0.364186346530914 0.361426562070847 0.396723717451096 0.443638652563095 0.474576681852341 0.509901881217957 0.540712058544159 0.5933438539505 0.628408253192902 0.342529565095901 0.359322249889374 0.373309314250946 0.359446108341217 0.364326268434525 0.338993191719055 0.325908213853836 0.328043699264526 0.344832867383957 0.355167090892792 0.355792045593262 0.368236869573593 0.367322713136673 0.361531972885132 0.370210379362106 0.373566508293152 0.374942511320114 0.374958992004395 0.378431558609009
0.255027294158936 0.272940188646317 0.263578325510025 0.279143244028091 0.300489664077759 0.305294007062912 0.328765511512756 0.31971350312233 0.315697014331818 0.278579950332642 0.252063065767288 0.210824638605118 0.212959617376328 0.235688924789429 0.260134488344193 0.313783466815948 0.352919816970825 0.38286429643631 0.411527067422867 0.41108050942421 0.431765466928482 0.447326451539993 0.501540422439575 0.532743573188782 0.565897166728973 0.598159909248352 0.653895020484924 0.347278922796249 0.362755715847015 0.373205870389938 0.377222836017609 0.368900507688522 0.36974036693573 0.374355316162109 0.378507912158966 0.360874861478806 0.362067222595215 0.364246159791946 0.379448086023331 0.376411557197571 0.373281419277191 0.37838214635849 0.375926554203033 0.370013356208801 0.384066611528397 0.389657080173492 0.395035088062286
0.257888615131378 0.276813626289368 0.270931154489517 0.291172921657562 0.310899972915649 0.34217381477356 0.363892048597336 0.362955152988434 0.385981857776642 0.351988017559052 0.287698656320572 0.290962904691696 0.265376210212708 0.262344986200333 0.31905996799469 0.317797631025314 0.396154820919037 0.422918736934662 0.455559849739075 0.470560044050217 0.491848111152649 0.512172222137451 0.561798393726349 0.590065479278564 0.621577560901642 0.652986466884613 0.344152957201004 0.360659807920456 0.372453689575195 0.382029950618744 0.385751754045486 0.392202168703079 0.37905889749527 0.380771487951279 0.386470049619675 0.385641753673553 0.379585683345795 0.38781800866127 0.389398843050003 0.378879725933075 0.389892667531967 0.38563734292984 0.372591316699982 0.376737982034683 0.39202469587326 0.391928344964981 0.404194593429565
0.256579518318176 0.280939131975174 0.272830605506897 0.295648097991943 0.321935534477234 0.351821899414062 0.408939331769943 0.4386265873909 0.434803783893585 0.4327632188797 0.361333012580872 0.329740822315216 0.324434250593185 0.325518548488617 0.326598823070526 0.357762038707733 0.435886800289154 0.493377208709717 0.515796601772308 0.537764608860016 0.554576635360718 0.578085899353027 0.600188910961151 0.673405706882477 0.336802065372467 0.351595044136047 0.377635896205902 0.374041527509689 0.383711189031601 0.394363015890121 0.399577081203461 0.405112862586975 0.399788469076157 0.390259355306625 0.386606276035309 0.388186037540436 0.386550426483154 0.386550426483154 0.406402230262756 0.395931750535965 0.38381290435791 0.381749361753464 0.382329344749451 0.398637294769287 0.398242771625519 0.416130572557449 0.410259962081909
0.282484740018845 0.279607236385345 0.274546921253204 0.310030311346054 0.331144601106644 0.394288152456284 0.458967387676239 0.514327526092529 0.507127821445465 0.501485407352448 0.441565483808517 0.434077590703964 0.397670775651932 0.398687899112701 0.401777148246765 0.43331041932106 0.48163315653801 0.528872668743134 0.576824843883514 0.601985156536102 0.619787991046906 0.640293419361115 0.664116859436035 0.373515903949738 0.365973770618439 0.387231290340424 0.374971687793732 0.383952617645264 0.409666478633881 0.398190438747406 0.408971816301346 0.409819275140762 0.410260885953903 0.411295115947723 0.40130028128624 0.409684836864471 0.406410753726959 0.403609216213226 0.405360549688339 0.39861387014389 0.398242592811584 0.409891128540039 0.410765528678894 0.410027772188187 0.429327338933945 0.418350279331207 0.40939599275589
0.306119799613953 0.309328824281693 0.330506354570389 0.301685899496078 0.320930570363998 0.433376133441925 0.523759067058563 0.546027064323425 0.538355827331543 0.537079095840454 0.527549743652344 0.55076265335083 0.506677865982056 0.481348276138306 0.520531713962555 0.540331244468689 0.568401992321014 0.620431840419769 0.639724731445312 0.669721484184265 0.708319127559662 0.73649400472641 0.390350759029388 0.391506731510162 0.393114030361176 0.393467783927917 0.399113953113556 0.409163504838943 0.41506090760231 0.408577293157578 0.418767631053925 0.422058463096619 0.416391581296921 0.415288925170898 0.414028197526932 0.414523541927338 0.413112819194794 0.413112819194794 0.40766042470932 0.425695657730103 0.422199696302414 0.422942161560059 0.426803886890411 0.438829153776169 0.434989809989929 0.426846355199814 0.416505306959152
0.335544139146805 0.379931002855301 0.372961670160294 0.399847328662872 0.476929605007172 0.551298320293427 0.600205957889557 0.616579473018646 0.614179670810699 0.568209826946259 0.609001457691193 0.610957205295563 0.575861155986786 0.603887021541595 0.609047114849091 0.6309614777565 0.658472716808319 0.68467915058136 0.720380544662476 0.734573483467102 0.401824802160263 0.40315243601799 0.40292763710022 0.403088748455048 0.405105113983154 0.401875525712967 0.407418370246887 0.415375292301178 0.421090692281723 0.428898245096207 0.421265602111816 0.423585057258606 0.420651167631149 0.425473779439926 0.418800920248032 0.419181793928146 0.419083178043365 0.433791667222977 0.436853915452957 0.435534000396729 0.428981482982635 0.435732454061508 0.446769416332245 0.446263343095779 0.43938884139061 0.436268299818039 0.431435286998749
0.409335553646088 0.435888290405273 0.476557284593582 0.505512475967407 0.579559087753296 0.631958723068237 0.659054517745972 0.644967913627625 0.63900089263916 0.639207005500793 0.644412577152252 0.666370332241058 0.664765119552612 0.687588930130005 0.689278900623322 0.719340741634369 0.759816408157349 0.752038896083832 0.767169892787933 0.41040974855423 0.413202792406082 0.415492027997971 0.414382219314575 0.417339324951172 0.41329824924469 0.415222376585007 0.41948390007019 0.418492883443832 0.435220420360565 0.434673845767975 0.43952950835228 0.441678166389465 0.446591228246689 0.441645532846451 0.444260597229004 0.440772414207458 0.440736442804337 0.438449054956436 0.438098162412643 0.433558583259583 0.459210127592087 0.456998199224472 0.456578552722931 0.44917505979538 0.446749329566956 0.438889741897583 0.441660434007645
0.445260107517242 0.551315605640411 0.54503458738327 0.567732393741608 0.641589224338531 0.701116502285004 0.714983820915222 0.7098029255867 0.720242917537689 0.715423464775085 0.71714061498642 0.755887746810913 0.761831402778625 0.765896558761597 0.771765470504761 0.781678259372711 0.780343115329742 0.777515828609467 0.418432414531708 0.41727489233017 0.417046159505844 0.430843889713287 0.434521824121475 0.43328645825386 0.432453781366348 0.432195037603378 0.43687230348587 0.423915237188339 0.431718081235886 0.440669417381287 0.441736459732056 0.445811837911606 0.44473135471344 0.446371704339981 0.445452362298965 0.446157813072205 0.445811241865158 0.443494290113449 0.463831156492233 0.463121384382248 0.462923914194107 0.461758375167847 0.465295970439911 0.456568479537964 0.452128052711487 0.449232459068298 0.444826781749725
0.477875918149948 0.568734765052795 0.593081533908844 0.616805136203766 0.688914120197296 0.712884485721588 0.729619324207306 0.750191569328308 0.753371477127075 0.771934390068054 0.767387270927429 0.770406424999237 0.773963093757629 0.779254376888275 0.782821238040924 0.787319898605347 0.78646981716156 0.42352893948555 0.419067531824112 0.414840579032898 0.419628530740738 0.439347237348557 0.435723215341568 0.433019936084747 0.437238752841949 0.43988424539566 0.439773768186569 0.449530839920044 0.454422146081924 0.455637693405151 0.445259094238281 0.444375067949295 0.446383148431778 0.447981268167496 0.452109932899475 0.465732783079147 0.47043576836586 0.468566089868546 0.467443555593491 0.463300883769989 0.462997496128082 0.468546330928802 0.468464255332947 0.46310567855835 0.456848174333572 0.455311268568039 0.473455965518951
0.509996473789215 0.576509356498718 0.600526630878448 0.648480236530304 0.717756032943726 0.756469905376434 0.769838511943817 0.784451961517334 0.786195397377014 0.789683043956757 0.784942269325256 0.786019086837769 0.786047041416168 0.788514673709869 0.793738067150116 0.790596902370453 0.426904290914536 0.422119349241257 0.419373363256454 0.414305984973907 0.41756996512413 0.415591478347778 0.433130264282227 0.434767574071884 0.435419887304306 0.439298182725906 0.439188659191132 0.449090182781219 0.457374066114426 0.463642776012421 0.462194085121155 0.465336114168167 0.466116398572922 0.466584473848343 0.468312233686447 0.471705794334412 0.472419142723083 0.467123180627823 0.473459243774414 0.471303284168243 0.471303284168243 0.468994647264481 0.473533451557159 0.467565774917603 0.48089462518692 0.48103466629982 0.481374174356461
0.54175877571106 0.583275258541107 0.63425087928772 0.702241122722626 0.769877135753632 0.783359169960022 0.788250148296356 0.797911286354065 0.796021819114685 0.804782927036285 0.801324069499969 0.798000156879425 0.796653091907501 0.793190896511078 0.793066263198853 0.431260168552399 0.428025364875793 0.42226779460907 0.419801563024521 0.413236349821091 0.41646346449852 0.414648294448853 0.432151049375534 0.438049972057343 0.436824679374695 0.443695962429047 0.449604839086533 0.452919274568558 0.45868593454361 0.464184761047363 0.467419892549515 0.465453624725342 0.469762146472931 0.46735480427742 0.471211075782776 0.47113636136055 0.473478078842163 0.473274201154709 0.47582334280014 0.473503619432449 0.47760808467865 0.476855844259262 0.477386504411697 0.493135035037994 0.488947033882141 0.486318200826645 0.489927798509598
0.571814835071564 0.647278428077698 0.684609353542328 0.733027875423431 0.789866507053375 0.793278634548187 0.797007143497467 0.445043385028839 0.451511144638062 0.449327886104584 0.450326800346375 0.443101555109024 0.42277917265892 0.418350011110306 0.409962922334671 0.410160571336746 0.405018478631973 0.42225170135498 0.417559295892715 0.417192965745926 0.412776589393616 0.415865242481232 0.433553814888 0.435916513204575 0.441011607646942 0.448023498058319 0.4542016685009 0.475321382284164 0.461222231388092 0.466258972883224 0.467220634222031 0.469416052103043 0.471877574920654 0.472386002540588 0.475403308868408 0.474079370498657 0.474615216255188 0.475634038448334 0.476609975099564 0.474866837263107 0.479807466268539 0.47785758972168 0.498849421739578 0.498000890016556 0.495473802089691 0.493494600057602 0.495584040880203
0.654876232147217 0.705488622188568 0.749553084373474 0.776549994945526 0.438634812831879 0.443580746650696 0.447410970926285 0.449057281017303 0.442841380834579 0.443180084228516 0.430280178785324 0.424705535173416 0.420699179172516 0.41478955745697 0.413484185934067 0.409659057855606 0.403196901082993 0.404665321111679 0.404957413673401 0.416123986244202 0.418711751699448 0.41332820057869 0.430051147937775 0.439832150936127 0.448256105184555 0.47227680683136 0.484706073999405 0.485666781663895 0.48573237657547 0.485044032335281 0.472934603691101 0.47262516617775 0.474657356739044 0.475426524877548 0.477872878313065 0.495879143476486 0.4789859354496 0.4789859354496 0.48000031709671 0.479515433311462 0.476038426160812 0.478643894195557 0.484655916690826 0.498590290546417 0.5042764544487 0.502504706382751 0.504737615585327
0.737827837467194 0.783585131168365 0.808212518692017 0.460391521453857 0.456641376018524 0.451194912195206 0.426385998725891 0.443993121385574 0.434460639953613 0.416497737169266 0.413829654455185 0.415598660707474 0.412359893321991 0.413127541542053 0.413286805152893 0.401781380176544 0.406121909618378 0.406807422637939 0.4057577252388 0.405746161937714 0.405853718519211 0.416165173053741 0.435869574546814 0.443674236536026 0.455405563116074 0.4636010825634 0.47134718298912 0.476304471492767 0.495449095964432 0.496354967355728 0.497908920049667 0.497832506895065 0.499024242162704 0.499472230672836 0.500735342502594 0.499815791845322 0.496976554393768 0.484696596860886 0.482231289148331 0.479586958885193 0.481997102499008 0.483013421297073 0.481174290180206 0.483585178852081 0.505642652511597 0.507773756980896 0.511198759078979
0.809512615203857 0.81609445810318 0.472404450178146 0.470851451158524 0.461453199386597 0.457601428031921 0.444958955049515 0.430872797966003 0.414649844169617 0.409020245075226 0.402493804693222 0.397354513406754 0.385398983955383 0.397661238908768 0.388320446014404 0.375498026609421 0.380287319421768 0.387182235717773 0.390575796365738 0.406375646591187 0.408214449882507 0.430576145648956 0.433287352323532 0.458662271499634 0.463826715946198 0.469206303358078 0.480564832687378 0.483044147491455 0.506867706775665 0.50569224357605 0.505957245826721 0.501886546611786 0.505417287349701 0.508536517620087 0.50327330827713 0.500807166099548 0.504568517208099 0.501870930194855 0.505798518657684 0.48647803068161 0.486350148916245 0.484461426734924 0.487038165330887 0.485993057489395 0.495269656181335 0.514632165431976 0.515344500541687
0.82472825050354 0.462946593761444 0.478875994682312 0.474755227565765 0.471341818571091 0.45653560757637 0.436301350593567 0.428154200315475 0.392890691757202 0.393859028816223 0.388330698013306 0.365117222070694 0.37006738781929 0.374603927135468 0.361858338117599 0.372669845819473 0.380391955375671 0.386903703212738 0.409390181303024 0.416307210922241 0.416580975055695 0.421212732791901 0.442586779594421 0.462480515241623 0.473225444555283 0.478066235780716 0.485250145196915 0.490232557058334 0.513952732086182 0.513797700405121 0.513178169727325 0.509909689426422 0.509170651435852 0.511881649494171 0.508181512355804 0.508184373378754 0.511526465415955 0.507078170776367 0.506608307361603 0.510559737682343 0.489588975906372 0.486934691667557 0.48918291926384 0.495082139968872 0.496253609657288 0.502501010894775 0.502397119998932
0.487903237342834 0.484975814819336 0.485196799039841 0.483873516321182 0.470575600862503 0.447316616773605 0.433144867420197 0.397401124238968 0.388733446598053 0.379198104143143 0.377864837646484 0.365291357040405 0.362366557121277 0.359092742204666 0.361168891191483 0.36408543586731 0.37701553106308 0.388100534677505 0.39673638343811 0.418104887008667 0.423736959695816 0.426693797111511 0.449274688959122 0.474954813718796 0.482152909040451 0.489869892597198 0.487927347421646 0.512142181396484 0.515320122241974 0.517399191856384 0.518684089183807 0.515253841876984 0.514222681522369 0.515475273132324 0.512153267860413 0.513111889362335 0.512412190437317 0.514196872711182 0.515623152256012 0.515012323856354 0.494759202003479 0.49340409040451 0.476007431745529 0.48016545176506 0.509124875068665 0.511362493038177 0.513408601284027
0.494738817214966 0.493212848901749 0.476241618394852 0.480881214141846 0.465970635414124 0.446415781974792 0.423291176557541 0.391005724668503 0.38585239648819 0.380312502384186 0.381417036056519 0.359802454710007 0.358134597539902 0.351948618888855 0.356430143117905 0.368245124816895 0.38270428776741 0.391870081424713 0.401566535234451 0.428043067455292 0.433484017848969 0.454797804355621 0.463831782341003 0.481894195079803 0.49002993106842 0.490105479955673 0.511203706264496 0.515778124332428 0.516882002353668 0.520545125007629 0.51573246717453 0.52085554599762 0.519579648971558 0.519800841808319 0.51874977350235 0.519715547561646 0.514349400997162 0.519927084445953 0.519980907440186 0.520865797996521 0.504250168800354 0.504699349403381 0.488499373197556 0.494847744703293 0.501927375793457 0.522009611129761 0.517717838287354
0.483275890350342 0.477201968431473 0.469214826822281 0.466305047273636 0.457105219364166 0.435894578695297 0.424923747777939 0.394945204257965 0.390508323907852 0.384500443935394 0.36876705288887 0.363773941993713 0.364708304405212 0.356799602508545 0.361183732748032 0.378442734479904 0.385540813207626 0.400845408439636 0.408197790384293 0.432094782590866 0.442719429731369 0.464790225028992 0.469058960676193 0.491059958934784 0.489763766527176 0.492659091949463 0.517114818096161 0.51958429813385 0.518434226512909 0.519780933856964 0.523825228214264 0.524882614612579 0.522540092468262 0.526867389678955 0.527943074703217 0.525270819664001 0.5233074426651 0.527670562267303 0.528919816017151 0.511188745498657 0.514988541603088 0.512364387512207 0.502207100391388 0.507460594177246 0.50731086730957 0.528292298316956 0.526830673217773
0.474064499139786 0.468569338321686 0.467616677284241 0.456522971391678 0.445549875497818 0.438521474599838 0.415869921445847 0.404686540365219 0.397492349147797 0.376186341047287 0.374599307775497 0.348085939884186 0.348929166793823 0.353896528482437 0.377702355384827 0.380264759063721 0.39794060587883 0.423083007335663 0.429049015045166 0.434027194976807 0.449520379304886 0.472196131944656 0.471047937870026 0.494819223880768 0.499133080244064 0.500083088874817 0.49934384226799 0.517037570476532 0.519424259662628 0.523064434528351 0.530817985534668 0.526623606681824 0.53092759847641 0.533585488796234 0.532253861427307 0.530488967895508 0.531847298145294 0.533686995506287 0.535535931587219 0.522070229053497 0.522090256214142 0.528964877128601 0.509382903575897 0.514396965503693 0.521086156368256 0.520736753940582 0.532754838466644
