data/climate_estimation/maxent_output/Androcymbium_roseum.asc
NCOLS 107 
NROWS 188 
XLLCORNER 16.4166666666667 
YLLCORNER -32.9166666666667 
CELLSIZE 0.0833333333333333 
NODATA_value -3.4e+38 
[rows 20 to 39 of 188, columns 44 to 87 of 107]
0.937594354152679 0.945511877536774 0.947491765022278 0.948203921318054 0.947797954082489 0.948349893093109 0.950556755065918 0.950587689876556 0.951247215270996 0.955113470554352 0.952468037605286 0.955707788467407 0.959798514842987 0.954162001609802 0.957666099071503 0.958838880062103 0.963734567165375 0.965241730213165 0.969299077987671 0.964405000209808 0.96687513589859 0.967438220977783 0.967903077602386 0.971823275089264 0.970568120479584 0.969995677471161 0.970643103122711 0.970749616622925 0.971080124378204 0.972364962100983 0.968924105167389 0.968233346939087 0.970576167106628 0.971440374851227 0.970145285129547 0.969529628753662 0.970420718193054 0.96720814704895 0.967658936977386 0.96623420715332 0.970546722412109 0.969852149486542 0.968194305896759 0.971449553966522
0.952074646949768 0.950122356414795 0.943241000175476 0.942699611186981 0.943992018699646 0.950678169727325 0.952070116996765 0.952398777008057 0.956536412239075 0.959454774856567 0.956149280071259 0.950357913970947 0.957791805267334 0.956869781017303 0.960732638835907 0.959791958332062 0.965155899524689 0.963807106018066 0.967258751392365 0.961536705493927 0.966425061225891 0.966752409934998 0.970851004123688 0.968748807907104 0.969012439250946 0.972266733646393 0.972334861755371 0.972275257110596 0.967433869838715 0.968577027320862 0.970447480678558 0.969236850738525 0.969564974308014 0.97147661447525 0.971097111701965 0.969217360019684 0.971128106117249 0.971834301948547 0.973462045192719 0.969423174858093 0.969709753990173 0.969567835330963 0.969499826431274 0.97220367193222
0.940600752830505 0.947137415409088 0.948872029781342 0.948770940303802 0.943518221378326 0.94725775718689 0.952889323234558 0.953844428062439 0.957472801208496 0.954698801040649 0.958862960338593 0.955618917942047 0.962721467018127 0.959578990936279 0.95725953578949 0.962784826755524 0.967664480209351 0.964176535606384 0.966183245182037 0.968952000141144 0.965654194355011 0.967425227165222 0.969285011291504 0.968437433242798 0.969621777534485 0.969621777534485 0.973851919174194 0.974342823028564 0.972698211669922 0.967453837394714 0.972485601902008 0.971107661724091 0.970029830932617 0.969473302364349 0.968589544296265 0.971281707286835 0.973186373710632 0.970577895641327 0.972570836544037 0.967959940433502 0.967006206512451 0.969211935997009 0.969915747642517 0.971054673194885
0.945637285709381 0.950717270374298 0.943616151809692 0.951057434082031 0.939133048057556 0.946469008922577 0.956243693828583 0.952682912349701 0.955003023147583 0.956206917762756 0.959273517131805 0.960797965526581 0.962211549282074 0.965988993644714 0.966427505016327 0.962834298610687 0.966099262237549 0.961680710315704 0.964546918869019 0.967790842056274 0.964202463626862 0.968074381351471 0.968250632286072 0.967771112918854 0.96784770488739 0.973136007785797 0.968014299869537 0.974022090435028 0.969039082527161 0.969582915306091 0.967333316802979 0.970207810401917 0.968075454235077 0.971835851669312 0.97027462720871 0.971405625343323 0.970757186412811 0.970958352088928 0.969263076782227 0.966595530509949 0.970130026340485 0.965671718120575 0.968565583229065 0.970550656318665
0.946162819862366 0.943008542060852 0.947316586971283 0.950613796710968 0.948508203029633 0.948160588741302 0.949623882770538 0.949718594551086 0.954341530799866 0.956294357776642 0.957837522029877 0.962326467037201 0.96379166841507 0.962027490139008 0.964774370193481 0.963559091091156 0.965596854686737 0.96266382932663 0.96402496099472 0.967041194438934 0.966631531715393 0.965151309967041 0.965368568897247 0.969819307327271 0.970593631267548 0.970593631267548 0.969500958919525 0.973095655441284 0.972786903381348 0.967406213283539 0.968939304351807 0.964240312576294 0.968075454235077 0.967936336994171 0.97108781337738 0.968445122241974 0.964720487594604 0.965667247772217 0.966402888298035 0.969670712947845 0.967178285121918 0.970874726772308 0.964255273342133 0.968049049377441
0.944595098495483 0.94471263885498 0.949335217475891 0.947862088680267 0.951425313949585 0.956032156944275 0.955472648143768 0.954276621341705 0.959702670574188 0.955765247344971 0.956965744495392 0.958412766456604 0.965957701206207 0.963250339031219 0.964002668857574 0.963170349597931 0.962998151779175 0.965939819812775 0.963859021663666 0.967965602874756 0.962771356105804 0.96619313955307 0.968353688716888 0.965749382972717 0.969574809074402 0.964015305042267 0.966123640537262 0.966033339500427 0.968774914741516 0.969666540622711 0.97154688835144 0.970720767974854 0.971591889858246 0.970878958702087 0.968581140041351 0.965452373027802 0.966257989406586 0.970225512981415 0.966057538986206 0.971283853054047 0.964657664299011 0.971966505050659 0.968410313129425 0.972271084785461
0.946082711219788 0.954061925411224 0.953302383422852 0.947115302085876 0.950586795806885 0.950667798519135 0.951675117015839 0.957045018672943 0.956832945346832 0.955684006214142 0.958172976970673 0.959459364414215 0.961835384368896 0.964954376220703 0.961984217166901 0.964079320430756 0.965161502361298 0.967378556728363 0.966542959213257 0.964100003242493 0.968798935413361 0.965068221092224 0.966963708400726 0.964458703994751 0.965590834617615 0.966940343379974 0.970031201839447 0.965912342071533 0.968624532222748 0.97042316198349 0.969903349876404 0.970148086547852 0.968605399131775 0.969521105289459 0.971340477466583 0.967544138431549 0.970059216022491 0.969972610473633 0.968000113964081 0.969830453395844 0.968107163906097 0.970972955226898 0.967729091644287 0.969550669193268
0.952013731002808 0.945628464221954 0.952193021774292 0.952030181884766 0.955999970436096 0.954281330108643 0.956394076347351 0.957873106002808 0.960104942321777 0.962184965610504 0.961167693138123 0.962057292461395 0.962612390518188 0.965169787406921 0.961555004119873 0.964288055896759 0.964489638805389 0.965847373008728 0.962262630462646 0.961886346340179 0.964524805545807 0.968536496162415 0.966880023479462 0.969982266426086 0.971113920211792 0.967713832855225 0.964940428733826 0.967709302902222 0.966527760028839 0.968878626823425 0.967280328273773 0.97058779001236 0.968283772468567 0.967697441577911 0.972181677818298 0.968133211135864 0.967395901679993 0.969210565090179 0.963864326477051 0.962426006793976 0.969372510910034 0.97094464302063 0.965427994728088 0.971756637096405
0.952941656112671 0.950856626033783 0.9477459192276 0.951294898986816 0.953567683696747 0.948497653007507 0.95722907781601 0.959260642528534 0.952613890171051 0.958937644958496 0.962254226207733 0.962545990943909 0.968221724033356 0.965746700763702 0.965691328048706 0.963574469089508 0.960570812225342 0.960894405841827 0.96234929561615 0.964969038963318 0.965019345283508 0.968828439712524 0.967316031455994 0.966034650802612 0.96782773733139 0.969207108020782 0.972774982452393 0.966770768165588 0.966213166713715 0.969365298748016 0.967812776565552 0.969714105129242 0.967764377593994 0.969886302947998 0.96507316827774 0.967921555042267 0.968102037906647 0.969731569290161 0.968323230743408 0.970114350318909 0.96716570854187 0.965242743492126 0.965321660041809 0.966682016849518
0.94870400428772 0.954471111297607 0.955450773239136 0.949674248695374 0.948807179927826 0.956091701984406 0.955446720123291 0.957373857498169 0.959015011787415 0.959005177021027 0.965643167495728 0.961905419826508 0.969086170196533 0.966334939002991 0.965679585933685 0.964257657527924 0.965188264846802 0.964944005012512 0.966218113899231 0.966891169548035 0.960989713668823 0.968361437320709 0.964240193367004 0.966166973114014 0.969435214996338 0.970135986804962 0.969913184642792 0.971799910068512 0.970941543579102 0.967365264892578 0.966612458229065 0.967610061168671 0.967687368392944 0.970032393932343 0.967202842235565 0.968010604381561 0.96833723783493 0.968403577804565 0.968272149562836 0.972236573696136 0.97017776966095 0.97053325176239 0.971852123737335 0.969964742660522
0.953517258167267 0.954552054405212 0.95005601644516 0.94793963432312 0.949298501014709 0.958976209163666 0.959393799304962 0.959175586700439 0.962458074092865 0.959136068820953 0.964041948318481 0.96454393863678 0.965551495552063 0.966558396816254 0.9657381772995 0.964396595954895 0.967346012592316 0.965933680534363 0.964902341365814 0.961134731769562 0.961023688316345 0.962394654750824 0.963816940784454 0.965673506259918 0.967404842376709 0.966202080249786 0.970332741737366 0.969987630844116 0.971685469150543 0.968910098075867 0.967245578765869 0.962448000907898 0.967426717281342 0.968393325805664 0.965871274471283 0.965885400772095 0.967934250831604 0.970193088054657 0.962795317173004 0.96381276845932 0.964948058128357 0.968464553356171 0.968583583831787 0.970984101295471
0.957068085670471 0.955767929553986 0.956617951393127 0.956805646419525 0.958948373794556 0.958626747131348 0.958531260490417 0.96440315246582 0.96535986661911 0.965161800384521 0.968166351318359 0.962229490280151 0.965811550617218 0.965876162052155 0.965703248977661 0.96350508928299 0.966080963611603 0.96842759847641 0.962809085845947 0.962818264961243 0.964919447898865 0.964537918567657 0.965078055858612 0.964742183685303 0.967789173126221 0.968334913253784 0.968824684619904 0.971729516983032 0.97029983997345 0.96820080280304 0.966047286987305 0.966530799865723 0.968414425849915 0.968889832496643 0.967056453227997 0.9657883644104 0.966124296188354 0.968411564826965 0.964464485645294 0.965224266052246 0.966255009174347 0.967445850372314 0.965300381183624 0.970235466957092
0.959210634231567 0.954610884189606 0.953305244445801 0.955076932907104 0.954483807086945 0.95904004573822 0.959844827651978 0.961908221244812 0.965807497501373 0.967587053775787 0.966037809848785 0.970144033432007 0.967381060123444 0.962290346622467 0.964641690254211 0.965345501899719 0.962889313697815 0.963941752910614 0.9662144780159 0.964718818664551 0.964580297470093 0.969634473323822 0.964200377464294 0.96482640504837 0.967450857162476 0.96235716342926 0.966350674629211 0.968808710575104 0.971224308013916 0.970932364463806 0.966030240058899 0.965948760509491 0.966487169265747 0.969249665737152 0.971459150314331 0.96934175491333 0.963847100734711 0.964174866676331 0.963808357715607 0.967642426490784 0.970696926116943 0.970894277095795 0.969642281532288 0.972258746623993
0.960173726081848 0.957263112068176 0.960958302021027 0.957251250743866 0.961787223815918 0.963616132736206 0.9629265666008 0.965600490570068 0.96468710899353 0.96430367231369 0.967716574668884 0.965832591056824 0.964097559452057 0.967266082763672 0.962437629699707 0.965950965881348 0.964628338813782 0.966851949691772 0.964108645915985 0.964657664299011 0.963852524757385 0.963966012001038 0.963423430919647 0.963801145553589 0.964317381381989 0.96591317653656 0.967154324054718 0.968885719776154 0.967154324054718 0.969740211963654 0.973004877567291 0.965785443782806 0.967469096183777 0.966085314750671 0.967863976955414 0.970400631427765 0.968659162521362 0.967926502227783 0.967237293720245 0.968181312084198 0.971853196620941 0.972392797470093 0.969506621360779 0.967433333396912
0.961970388889313 0.959583938121796 0.95934921503067 0.959625542163849 0.96069210767746 0.966533184051514 0.969009816646576 0.963384211063385 0.963730812072754 0.968715071678162 0.968858301639557 0.964462339878082 0.967186033725739 0.967767715454102 0.967953026294708 0.97001725435257 0.963945329189301 0.963033139705658 0.967449843883514 0.965734124183655 0.965309500694275 0.96863466501236 0.966295003890991 0.967625617980957 0.969000399112701 0.965725064277649 0.966223180294037 0.967040359973907 0.967999875545502 0.967234671115875 0.969644844532013 0.971441745758057 0.967758119106293 0.96942138671875 0.968890368938446 0.968019723892212 0.96832937002182 0.966886043548584 0.969035744667053 0.967446267604828 0.97042840719223 0.971621155738831 0.972978293895721 0.97473132610321
0.955691456794739 0.95863276720047 0.963324308395386 0.964903235435486 0.967023432254791 0.967586696147919 0.965272486209869 0.967510163784027 0.967213451862335 0.966838419437408 0.966163694858551 0.966906368732452 0.969661593437195 0.968870282173157 0.96625155210495 0.968571662902832 0.965061366558075 0.959937155246735 0.963056147098541 0.962102949619293 0.96710604429245 0.969047904014587 0.969141900539398 0.968530237674713 0.968530237674713 0.970943689346313 0.969982206821442 0.971557199954987 0.965331315994263 0.966878235340118 0.970815539360046 0.970444023609161 0.972190141677856 0.96720415353775 0.970143795013428 0.968861997127533 0.969979405403137 0.968280494213104 0.971513450145721 0.97207373380661 0.969813048839569 0.972485065460205 0.974768757820129 0.975963652133942
0.962027609348297 0.961938381195068 0.964518547058105 0.963974416255951 0.961601793766022 0.96605122089386 0.965534090995789 0.967924058437347 0.968301653862 0.968014061450958 0.967054784297943 0.969392657279968 0.970953524112701 0.97108793258667 0.959615767002106 0.963742017745972 0.964356601238251 0.966087758541107 0.960017502307892 0.965674161911011 0.965352296829224 0.966077983379364 0.967740058898926 0.970618844032288 0.965381801128387 0.970829665660858 0.97090470790863 0.969674289226532 0.970439255237579 0.971114218235016 0.968738615512848 0.971024870872498 0.966878235340118 0.963898003101349 0.967684149742126 0.973791182041168 0.972654342651367 0.971838712692261 0.970769941806793 0.972402930259705 0.972610294818878 0.974833250045776 0.975905001163483 0.97565495967865
0.962808132171631 0.967841863632202 0.964850246906281 0.968082964420319 0.969030141830444 0.968102276325226 0.965439677238464 0.966626465320587 0.96633380651474 0.971253454685211 0.969545722007751 0.966186106204987 0.968325734138489 0.966816842556 0.968207538127899 0.969912886619568 0.968536734580994 0.966808795928955 0.965183794498444 0.966635406017303 0.96444445848465 0.970811128616333 0.966191351413727 0.971069812774658 0.968904614448547 0.964643955230713 0.970300018787384 0.966875851154327 0.970979571342468 0.969916939735413 0.971351623535156 0.968264281749725 0.967905223369598 0.970669090747833 0.969996988773346 0.973699331283569 0.973834931850433 0.974610269069672 0.977547705173492 0.974981367588043 0.974981367588043 0.975808262825012 0.973880767822266 0.973629415035248
0.962448060512543 0.966309130191803 0.970055401325226 0.973850607872009 0.96855503320694 0.969284653663635 0.968553066253662 0.968642354011536 0.967754125595093 0.972843289375305 0.972407758235931 0.97269344329834 0.969089567661285 0.967066705226898 0.968758225440979 0.965042173862457 0.968072354793549 0.969122588634491 0.968546271324158 0.970974147319794 0.967659652233124 0.969331204891205 0.966620683670044 0.967778921127319 0.969055891036987 0.967615485191345 0.966032445430756 0.968255817890167 0.969516932964325 0.968575000762939 0.970984578132629 0.969323217868805 0.970847010612488 0.972730159759521 0.972684442996979 0.973105430603027 0.975605666637421 0.974293112754822 0.980616807937622 0.979364097118378 0.975727617740631 0.977854073047638 0.975943744182587 0.977095425128937
0.965750455856323 0.968389391899109 0.971375524997711 0.969589650630951 0.97337007522583 0.968980550765991 0.96748161315918 0.97097772359848 0.973419964313507 0.972775876522064 0.973165571689606 0.96993762254715 0.96993762254715 0.968153476715088 0.970744550228119 0.965928554534912 0.968363881111145 0.968235731124878 0.968648195266724 0.968927562236786 0.970043540000916 0.966582477092743 0.968856990337372 0.965858638286591 0.97375625371933 0.97206312417984 0.969010174274445 0.967050015926361 0.968831658363342 0.969459891319275 0.973065853118896 0.972020626068115 0.970961570739746 0.975657105445862 0.976686775684357 0.975420296192169 0.979014039039612 0.977411091327667 0.978670001029968 0.979087710380554 0.978799760341644 0.977653861045837 0.982128083705902 0.979364573955536
