data/climate_estimation/maxent_output/Androcymbium_bellum.asc
NCOLS 151 
NROWS 13 
XLLCORNER 17.3333333333333 
YLLCORNER -29.6666666666667 
CELLSIZE 0.0833333333333333 
NODATA_value -3.4e+38 
[rows 0 to 12 of 13, columns 44 to 87 of 151]
0.731252253055573 0.731766164302826 0.743181943893433 0.743929088115692 0.718979775905609 0.719936609268188 0.694948315620422 0.684802412986755 0.658748209476471 0.656997859477997 0.659817636013031 0.641443192958832 0.649285435676575 0.631981015205383 0.639302372932434 0.628781795501709 0.610519111156464 0.605472087860107 0.576635003089905 0.613959074020386 0.623920798301697 0.617918252944946 0.641296565532684 0.653532147407532 0.643497824668884 0.62950736284256 0.620657205581665 0.611267745494843 0.590754866600037 0.579231202602386 0.583464562892914 0.560686349868774 0.558139145374298 0.533763408660889 0.521031379699707 0.51374888420105 0.503316044807434 0.50928795337677 0.500365316867828 0.510143041610718 0.507566154003143 0.522963523864746 0.517950057983398 0.526243150234222
0.735494494438171 0.736042857170105 0.733687579631805 0.735992610454559 0.727075040340424 0.699874103069305 0.692605376243591 0.658244550228119 0.663843512535095 0.663161873817444 0.665967166423798 0.658216774463654 0.64308887720108 0.642207682132721 0.626046299934387 0.639169275760651 0.606742918491364 0.614280521869659 0.621596872806549 0.607129156589508 0.623916387557983 0.612103402614594 0.631502032279968 0.624143838882446 0.615742087364197 0.615040183067322 0.608568012714386 0.613536477088928 0.603291928768158 0.588957190513611 0.567598879337311 0.569558441638947 0.555813372135162 0.557408630847931 0.533702194690704 0.504975438117981 0.528637766838074 0.504569470882416 0.510125339031219 0.519870340824127 0.513036608695984 0.509448349475861 0.521907925605774 0.528749585151672
0.766314685344696 0.757685005664825 0.718963921070099 0.726634562015533 0.706966996192932 0.708250880241394 0.690641164779663 0.674433171749115 0.655755639076233 0.656035423278809 0.660020470619202 0.64434802532196 0.647721588611603 0.656482636928558 0.647388935089111 0.619055330753326 0.612706542015076 0.616967737674713 0.616026759147644 0.619070291519165 0.6282958984375 0.609753906726837 0.617783010005951 0.61824232339859 0.618271768093109 0.620789766311646 0.616049110889435 0.607947051525116 0.601474404335022 0.585751473903656 0.57502293586731 0.563262462615967 0.568487823009491 0.539369881153107 0.538405060768127 0.533677279949188 0.514229476451874 0.512921810150146 0.516853928565979 0.516236484050751 0.531336605548859 0.520580232143402 0.519119560718536 0.526683330535889
0.767156779766083 0.748650372028351 0.741076171398163 0.705608606338501 0.7230144739151 0.698174893856049 0.679475843906403 0.666444957256317 0.654663383960724 0.664700269699097 0.670083463191986 0.659166097640991 0.648664236068726 0.649320185184479 0.646524786949158 0.614842772483826 0.619105041027069 0.61803525686264 0.624921679496765 0.589322030544281 0.592142701148987 0.617171823978424 0.617631137371063 0.613963782787323 0.626639664173126 0.615394532680511 0.611312806606293 0.600494623184204 0.585419476032257 0.57813036441803 0.575242757797241 0.567854821681976 0.564477860927582 0.540014266967773 0.530129551887512 0.534726858139038 0.523165285587311 0.523189008235931 0.527368009090424 0.525799512863159 0.52988201379776 0.506092369556427 0.513552606105804 0.507802248001099
0.723408818244934 0.734368026256561 0.730947852134705 0.724381327629089 0.707325577735901 0.703778088092804 0.676294505596161 0.681978762149811 0.682604551315308 0.658724844455719 0.653408050537109 0.646745085716248 0.658635079860687 0.64629602432251 0.659828960895538 0.630758225917816 0.614851057529449 0.614643454551697 0.620183289051056 0.59580671787262 0.587978005409241 0.593058288097382 0.603872001171112 0.621368765830994 0.61701637506485 0.608892917633057 0.608602225780487 0.588095843791962 0.593951404094696 0.57459968328476 0.583072006702423 0.574189424514771 0.565840482711792 0.56532222032547 0.546970009803772 0.542437434196472 0.526837766170502 0.528607726097107 0.534159421920776 0.530080676078796 0.540700495243073 0.522115588188171 0.518142521381378 0.494052588939667
0.733221411705017 0.746550858020782 0.730431914329529 0.737310349941254 0.737429141998291 0.685869097709656 0.67309045791626 0.674791991710663 0.665878057479858 0.655174016952515 0.650637030601501 0.637953102588654 0.638557732105255 0.628901839256287 0.633988618850708 0.632300317287445 0.617579877376556 0.610873222351074 0.591815114021301 0.604051351547241 0.601090371608734 0.603684961795807 0.603975415229797 0.609506726264954 0.623774945735931 0.608058393001556 0.60194319486618 0.600599408149719 0.586937427520752 0.594815492630005 0.575012028217316 0.568171322345734 0.564870119094849 0.566808342933655 0.539286971092224 0.552065074443817 0.557878851890564 0.545887768268585 0.537426829338074 0.537368595600128 0.54194849729538 0.540545523166656 0.540824949741364 0.499598234891891
0.74056601524353 0.748592138290405 0.731888592243195 0.734311401844025 0.72901725769043 0.690776348114014 0.68865841627121 0.683952212333679 0.6548752784729 0.652276933193207 0.65304046869278 0.64133232831955 0.62677937746048 0.630679070949554 0.623597025871277 0.6224684715271 0.623224973678589 0.610401809215546 0.588608741760254 0.597281575202942 0.592789113521576 0.601417481899261 0.587442338466644 0.599426209926605 0.599665462970734 0.614118456840515 0.601491153240204 0.591572761535645 0.60317850112915 0.580352127552032 0.575932323932648 0.586075186729431 0.583839118480682 0.567062437534332 0.55602753162384 0.560918569564819 0.548026323318481 0.555656552314758 0.531939446926117 0.552970170974731 0.539701104164124 0.550641238689423 0.564758062362671 0.556569695472717
0.74959409236908 0.734991431236267 0.731804370880127 0.72199285030365 0.737938642501831 0.707821309566498 0.68179327249527 0.675464451313019 0.662125587463379 0.640709221363068 0.631924688816071 0.630172193050385 0.627120316028595 0.632953226566315 0.619731783866882 0.616933465003967 0.628750622272491 0.605995237827301 0.589934289455414 0.602602005004883 0.589883208274841 0.585002899169922 0.587997078895569 0.59448367357254 0.595475673675537 0.605931162834167 0.615014255046844 0.583481073379517 0.599560856819153 0.583480775356293 0.57995331287384 0.578179717063904 0.564070463180542 0.564626693725586 0.56177681684494 0.580935478210449 0.570054709911346 0.56644195318222 0.54354602098465 0.564469218254089 0.545513987541199 0.554824590682983 0.557136654853821 0.552133142948151
0.761871159076691 0.756430387496948 0.733665585517883 0.717886984348297 0.724929213523865 0.702190399169922 0.694963335990906 0.678141951560974 0.654455959796906 0.650552928447723 0.63051426410675 0.630846619606018 0.623772919178009 0.628321409225464 0.626907765865326 0.612077534198761 0.60687780380249 0.615239500999451 0.595335841178894 0.580042004585266 0.580596089363098 0.586522817611694 0.584901750087738 0.58500075340271 0.583879053592682 0.598390161991119 0.617367148399353 0.606878280639648 0.602777361869812 0.59113597869873 0.600315570831299 0.599939346313477 0.576270937919617 0.573697924613953 0.58133727312088 0.575937509536743 0.567595243453979 0.549995422363281 0.553090393543243 0.577317416667938 0.554512977600098 0.558757841587067 0.562030673027039 0.550584673881531
0.766530334949493 0.744102597236633 0.738310813903809 0.727746725082397 0.722744345664978 0.698492586612701 0.695490479469299 0.67781525850296 0.651536822319031 0.636256098747253 0.641502678394318 0.627122223377228 0.622376263141632 0.629079222679138 0.617148399353027 0.617835700511932 0.607130408287048 0.614479184150696 0.603914380073547 0.592162251472473 0.58823949098587 0.583536207675934 0.580497264862061 0.577344238758087 0.603987455368042 0.614556849002838 0.598274230957031 0.595464050769806 0.595811426639557 0.577424764633179 0.591343462467194 0.592233955860138 0.597048878669739 0.589408814907074 0.575910866260529 0.587540030479431 0.583154737949371 0.571205675601959 0.571862399578094 0.572502851486206 0.564095199108124 0.573067665100098 0.571206152439117 0.556945323944092
0.764246761798859 0.762033522129059 0.737493693828583 0.749754428863525 0.736195623874664 0.714901447296143 0.680935442447662 0.680622041225433 0.669687390327454 0.631724059581757 0.648869395256042 0.632880389690399 0.623239457607269 0.63834410905838 0.613518238067627 0.600002348423004 0.59264612197876 0.603138983249664 0.600776553153992 0.58609676361084 0.577537059783936 0.595512807369232 0.576525270938873 0.619381189346313 0.602036952972412 0.606036067008972 0.599367618560791 0.600660085678101 0.606602609157562 0.590869963169098 0.604956865310669 0.599239706993103 0.579334676265717 0.58634352684021 0.582361578941345 0.588948011398315 0.586813569068909 0.582884728908539 0.587312877178192 0.592690110206604 0.575534880161285 0.577124357223511 0.58977472782135 0.565247356891632
0.751911342144012 0.745981812477112 0.745546758174896 0.740317463874817 0.704438507556915 0.698487639427185 0.707218527793884 0.67924565076828 0.667544543743134 0.644765019416809 0.655281126499176 0.629446029663086 0.628897190093994 0.607886612415314 0.59684431552887 0.597706198692322 0.589538097381592 0.586433053016663 0.576442301273346 0.575480163097382 0.589411437511444 0.597614347934723 0.604148030281067 0.610395789146423 0.600222110748291 0.613410711288452 0.605107307434082 0.608558714389801 0.624267876148224 0.605557501316071 0.621969997882843 0.594485104084015 0.588568150997162 0.603633522987366 0.591865658760071 0.605477929115295 0.604383111000061 0.604930520057678 0.600131154060364 0.610616445541382 0.607705354690552 0.588068723678589 0.583534419536591 0.561191141605377
0.763154566287994 0.747819125652313 0.744633138179779 0.733591556549072 0.709320783615112 0.713655471801758 0.68535965681076 0.695420503616333 0.642782032489777 0.660353302955627 0.652237772941589 0.645414054393768 0.620108962059021 0.602370798587799 0.59881603717804 0.605315625667572 0.605415105819702 0.594417810440063 0.590783655643463 0.56492030620575 0.576955676078796 0.594803869724274 0.589700877666473 0.608362257480621 0.616865694522858 0.637458741664886 0.636991560459137 0.6442551612854 0.621535181999207 0.614443242549896 0.589789211750031 0.585074603557587 0.599579095840454 0.594953000545502 0.61470228433609 0.621071100234985 0.608402371406555 0.62150913476944 0.607908666133881 0.621239066123962 0.621881306171417 0.59832364320755 0.590768218040466 0.57605117559433
