data/climate_estimation/maxent_output/Androcymbium_scabromarginatum.asc
NCOLS 101 
NROWS 43 
XLLCORNER 16.9166666666667 
YLLCORNER -32.5 
CELLSIZE 0.0833333333333333 
NODATA_value -3.4e+38 
[rows 0 to 19 of 43, columns 45 to 89 of 101]
0.0592458657920361 0.0594698935747147 0.0552698895335197 0.0517680644989014 0.0448826625943184 0.0454231984913349 0.0426119454205036 0.049767330288887 0.0472983419895172 0.0383359044790268 0.0337002985179424 0.0324144177138805 0.032355073839426 0.0310463383793831 0.0284403469413519 0.0238393507897854 0.023564288392663 0.0222003776580095 0.0237049274146557 0.0234384648501873 0.0235357917845249 0.0240050330758095 0.0256073605269194 0.0274319015443325 0.0306019522249699 0.0313786827027798 0.0351163744926453 0.0360851213335991 0.0341667607426643 0.0328113287687302 0.031258013099432 0.0278630442917347 0.0267587136477232 0.0240484178066254 0.0215465743094683 0.0133418617770076 0.0106884678825736 0.0096824774518609 0.00926530081778765 0.00877413433045149 0.0117548583075404 0.0123699400573969 0.0124161280691624 0.0122334659099579 0.0125951673835516
0.0591512359678745 0.0541269443929195 0.0538090616464615 0.0505493134260178 0.0467893071472645 0.0437745153903961 0.0503573380410671 0.0408942364156246 0.0401814021170139 0.0357324182987213 0.0330573320388794 0.0321234688162804 0.0322514325380325 0.0286883153021336 0.0293734669685364 0.0260799564421177 0.023428238928318 0.0233915541321039 0.0224925242364407 0.0216192454099655 0.0227306801825762 0.0229480769485235 0.023965273052454 0.0272621177136898 0.0318132825195789 0.033176127821207 0.0336272269487381 0.035836610943079 0.0335850566625595 0.0297824684530497 0.0323716141283512 0.0256266407668591 0.0256980136036873 0.0239075440913439 0.0190114807337523 0.0116280140355229 0.00955858826637268 0.0090270284563303 0.00908010266721249 0.00946688652038574 0.0129122836515307 0.0104409446939826 0.0135445594787598 0.0156093342229724 0.0124672250822186
0.0554522722959518 0.0528998449444771 0.0509725697338581 0.0481730662286282 0.0440023168921471 0.0504795350134373 0.0497397035360336 0.0382718145847321 0.0362079404294491 0.0355271995067596 0.0330800600349903 0.0326274298131466 0.0305087100714445 0.0282101649791002 0.0282716061919928 0.02530387789011 0.0228506531566381 0.0226804334670305 0.0211503077298403 0.0222145989537239 0.0223530884832144 0.0235188249498606 0.0235059130936861 0.0259896591305733 0.0304618030786514 0.0300558712333441 0.0360655412077904 0.0372897684574127 0.0313581004738808 0.0286715105175972 0.0295482277870178 0.0275770612061024 0.0218066722154617 0.0187991429120302 0.016052283346653 0.0120864482596517 0.01046206895262 0.0104453852400184 0.0110789742320776 0.0108188409358263 0.0115262633189559 0.0121944146230817 0.0162944439798594 0.0144217116758227 0.0162265840917826
0.050311803817749 0.0506643131375313 0.0478748455643654 0.0447037778794765 0.0497992113232613 0.0470685884356499 0.044336061924696 0.0360969565808773 0.0356952883303165 0.0344707183539867 0.0324661992490292 0.0304942857474089 0.0303863808512688 0.0275250039994717 0.0261817295104265 0.0252271350473166 0.023073697462678 0.021735766902566 0.0203301887959242 0.0204081572592258 0.0268523395061493 0.0220313407480717 0.0221033319830894 0.0256619453430176 0.0274232272058725 0.0334157049655914 0.0333482809364796 0.0353250615298748 0.0288426261395216 0.0323330387473106 0.0290783066302538 0.0246490873396397 0.0185035243630409 0.0223872605711222 0.018776897341013 0.0138976098969579 0.0118105048313737 0.0119088487699628 0.0127203799784184 0.0130977183580399 0.0141918016597629 0.0146638350561261 0.0147159099578857 0.0167003888636827 0.0191436130553484
0.0528865829110146 0.0495090521872044 0.0475552827119827 0.0514004565775394 0.050485547631979 0.0464515052735806 0.0429862812161446 0.0412627942860126 0.033464577049017 0.0329748131334782 0.0307253710925579 0.0297513268887997 0.0281903669238091 0.0342400781810284 0.0312053225934505 0.0300777014344931 0.0286605749279261 0.021060137078166 0.0203730463981628 0.0241546109318733 0.0241775903850794 0.0252617094665766 0.0216781254857779 0.027555713430047 0.0290543865412474 0.0300066601485014 0.0339278392493725 0.0320761576294899 0.0307987909764051 0.0290647502988577 0.0279686022549868 0.0259979534894228 0.0257741324603558 0.0228861048817635 0.0222786944359541 0.0164490267634392 0.0142798498272896 0.0131955062970519 0.013508902862668 0.0147689608857036 0.0155565049499273 0.0163958370685577 0.0159534867852926 0.0183853842318058 0.0192604456096888
0.050953458994627 0.0470487289130688 0.0448272526264191 0.042860109359026 0.0398968309164047 0.041717953979969 0.0426875613629818 0.0334045439958572 0.0323731116950512 0.0310513861477375 0.0371722504496574 0.035755380988121 0.0319953598082066 0.0314308777451515 0.0248494222760201 0.0245530605316162 0.0269418768584728 0.0259582418948412 0.0240275394171476 0.0242546238005161 0.0233256481587887 0.0230776481330395 0.0247032940387726 0.0227074176073074 0.0266083460301161 0.0305426251143217 0.0296550262719393 0.0270092263817787 0.0267670229077339 0.0262294728308916 0.0284244660288095 0.0296316146850586 0.0277499537914991 0.026149645447731 0.0202205739915371 0.0186396446079016 0.0167660508304834 0.0154858427122235 0.0157381854951382 0.0166528727859259 0.0171931385993958 0.0175354890525341 0.0190773289650679 0.0191795099526644 0.0198770463466644
0.04837866127491 0.0489894263446331 0.0413847453892231 0.0414479710161686 0.0393600910902023 0.0377817675471306 0.0417803153395653 0.0334567166864872 0.0314437262713909 0.0382335223257542 0.034010399132967 0.0326019413769245 0.0345527306199074 0.0298323575407267 0.0243796445429325 0.0242695435881615 0.0226010791957378 0.0270909313112497 0.0241285152733326 0.0224967692047358 0.0248756520450115 0.0255036167800426 0.0216320473700762 0.0245332065969706 0.026872918009758 0.0298195406794548 0.0258292239159346 0.0251714587211609 0.0247270818799734 0.0272262990474701 0.0299300197511911 0.0302484109997749 0.0299182813614607 0.0296652670949697 0.0233353488147259 0.0211380571126938 0.0189806763082743 0.0185258127748966 0.0178964901715517 0.0173879135400057 0.0176511276513338 0.0185664258897305 0.0196050144731998 0.0200957264751196 0.0199710689485073
0.0496266558766365 0.0483854934573174 0.0461468137800694 0.0417379476130009 0.0396446697413921 0.034815888851881 0.0335261076688766 0.0324047654867172 0.0377612337470055 0.0360872372984886 0.0357162095606327 0.0324448421597481 0.0334529764950275 0.0241615753620863 0.0251424796879292 0.0233990997076035 0.0228000245988369 0.0209065228700638 0.0202812813222408 0.0243845824152231 0.023872273042798 0.0229051429778337 0.0223258212208748 0.0221389289945364 0.0208700392395258 0.0228046011179686 0.0218651611357927 0.0234075840562582 0.0245181601494551 0.0289042871445417 0.0306796245276928 0.0327038653194904 0.033571045845747 0.0311723314225674 0.025140268728137 0.0300251021981239 0.027154253795743 0.0216540396213531 0.0205062236636877 0.0193332321941853 0.0190256200730801 0.0188375059515238 0.0194792654365301 0.0198940616101027 0.0195293053984642
0.0494373217225075 0.0469190143048763 0.041517686098814 0.0421365052461624 0.0386437326669693 0.0351749807596207 0.0316312052309513 0.0379375778138638 0.0363101623952389 0.0367528758943081 0.0327924601733685 0.0332962162792683 0.0300337094813585 0.0246509555727243 0.0293259844183922 0.0289821475744247 0.0270970184355974 0.0266541950404644 0.0258591827005148 0.0245515834540129 0.024933060631156 0.0242754053324461 0.0248782709240913 0.0222158133983612 0.0187736283987761 0.0207251068204641 0.0211652182042599 0.0231593418866396 0.0260023716837168 0.0294562596827745 0.0328965373337269 0.0335867814719677 0.0346131138503551 0.035952415317297 0.0340790487825871 0.0323056429624557 0.0250961259007454 0.0234297662973404 0.0221777353435755 0.0217228662222624 0.0204323884099722 0.0200655981898308 0.0201466083526611 0.0196658913046122 0.0194743499159813
0.0510390065610409 0.0482960492372513 0.0424314886331558 0.0402333289384842 0.035220418125391 0.0333189591765404 0.0307002924382687 0.0368442311882973 0.0369475856423378 0.0326818823814392 0.0327353477478027 0.0302602350711823 0.0303217712789774 0.0308236125856638 0.0290675330907106 0.0275061205029488 0.0256267227232456 0.026940755546093 0.0258216746151447 0.0259385816752911 0.0236249323934317 0.0227656383067369 0.023911003023386 0.0258951466530561 0.0206803865730762 0.0195426251739264 0.0210684072226286 0.0247382428497076 0.0273479875177145 0.030328992754221 0.0333186015486717 0.0369430556893349 0.0382778942584991 0.0377845838665962 0.0373577401041985 0.0344901233911514 0.025555232539773 0.0236338712275028 0.0244115944951773 0.0221435949206352 0.0223858989775181 0.022152878344059 0.0191344302147627 0.0183909889310598 0.0178345069289207
0.0472092553973198 0.0463969372212887 0.0403256379067898 0.0393631607294083 0.0362157076597214 0.0439812690019608 0.0382221564650536 0.0366876572370529 0.0346231572329998 0.033727128058672 0.0322575494647026 0.0297279041260481 0.030850887298584 0.0287266280502081 0.0272979270666838 0.0266167838126421 0.0275313425809145 0.0262542814016342 0.0249133408069611 0.0266337431967258 0.0264727529138327 0.0263789426535368 0.0239575169980526 0.0228533465415239 0.0235945973545313 0.0265385434031487 0.0220542419701815 0.0257325805723667 0.0281439684331417 0.0304920971393585 0.0343850739300251 0.0376122258603573 0.0411136522889137 0.0387558899819851 0.036327488720417 0.0334733538329601 0.0325999595224857 0.0255815573036671 0.0244729947298765 0.0242342371493578 0.0226630046963692 0.0218502748757601 0.0202874001115561 0.0171334370970726 0.0177118740975857
0.0481379516422749 0.0447935871779919 0.0418944992125034 0.0475251600146294 0.0432509295642376 0.0398911200463772 0.036479078233242 0.035108033567667 0.0340563431382179 0.0317950733006001 0.0304419156163931 0.0274245012551546 0.0277989748865366 0.0262289550155401 0.0258957203477621 0.0258014239370823 0.024619285017252 0.0241422094404697 0.0241008121520281 0.0244805570691824 0.0259681101888418 0.0264598932117224 0.0258053578436375 0.0251271389424801 0.0246903020888567 0.0244704857468605 0.0246993489563465 0.0277042351663113 0.0290722232311964 0.0307646971195936 0.0338478051126003 0.0371347554028034 0.0394522659480572 0.0398285277187824 0.0360331907868385 0.0339632071554661 0.0321613028645515 0.024432048201561 0.0249524936079979 0.0248129609972239 0.022949330508709 0.0202036630362272 0.0205744430422783 0.019211957231164 0.0167642328888178
0.0459606982767582 0.0454034991562366 0.0518149100244045 0.0459127239882946 0.0436937063932419 0.0403221659362316 0.0354897640645504 0.0352320224046707 0.0345878563821316 0.0312754660844803 0.0301708020269871 0.0264852121472359 0.0266477409750223 0.0254533421248198 0.027081310749054 0.0265023950487375 0.025423152372241 0.0235778316855431 0.024119796231389 0.024733042344451 0.0251241493970156 0.025858361274004 0.0269149206578732 0.0257287882268429 0.0247711967676878 0.0268128011375666 0.028077881783247 0.0287855193018913 0.029543848708272 0.0321257710456848 0.0332892164587975 0.0365626439452171 0.0371364802122116 0.0381196588277817 0.033927608281374 0.0327167175710201 0.0300044994801283 0.0226856302469969 0.02266875654459 0.023354871198535 0.0221345480531454 0.020918320864439 0.0191735960543156 0.0164522230625153 0.0144484620541334
0.0403262861073017 0.0455492809414864 0.0492746904492378 0.0467357635498047 0.0429017543792725 0.0410762540996075 0.0374382920563221 0.0349499545991421 0.0339057929813862 0.0321678519248962 0.0300348047167063 0.0271055344492197 0.0268024764955044 0.0249922461807728 0.0264054797589779 0.0256140772253275 0.0247598066926003 0.024582751095295 0.0237523578107357 0.0249502323567867 0.0248325634747744 0.0271818544715643 0.026204539462924 0.0269209407269955 0.027247978374362 0.0274853855371475 0.0286303255707026 0.0289540234953165 0.0290742665529251 0.0311387442052364 0.0338208861649036 0.0347672998905182 0.0346551612019539 0.0337628051638603 0.0348890833556652 0.0311097763478756 0.0235923994332552 0.0227533057332039 0.0232669077813625 0.0225469842553139 0.0208874437958002 0.0196082852780819 0.0170334856957197 0.0168009083718061 0.0155041664838791
0.0409064739942551 0.0423531457781792 0.0430619455873966 0.0380676575005054 0.0359779708087444 0.0392391085624695 0.0383460223674774 0.0333959646522999 0.0334234349429607 0.0313717722892761 0.03071628510952 0.0288572944700718 0.0261967424303293 0.0260832216590643 0.0255636144429445 0.0252845678478479 0.0258179474622011 0.0252017453312874 0.0256770681589842 0.0245581734925508 0.0238202158361673 0.0271833334118128 0.0272294692695141 0.0277032535523176 0.0279862191528082 0.0290203336626291 0.0296125803142786 0.0302496943622828 0.0321078486740589 0.0314126759767532 0.0317528806626797 0.0346954725682735 0.0331464745104313 0.0323064550757408 0.0318801887333393 0.023680517449975 0.0239227078855038 0.0238275174051523 0.023322619497776 0.0223662909120321 0.0201730560511351 0.0203042086213827 0.017530744895339 0.0152465691789985 0.0124833509325981
0.0484114252030849 0.0444622449576855 0.0444131195545197 0.039299875497818 0.0369288474321365 0.0338618569076061 0.0377535745501518 0.0345044620335102 0.0352856926620007 0.0356063358485699 0.0329269468784332 0.0281618572771549 0.0267758276313543 0.0246891491115093 0.0253630131483078 0.0235796254128218 0.0248371679335833 0.0245588887482882 0.0273907016962767 0.0264246873557568 0.0259854476898909 0.0283501408994198 0.0282878391444683 0.0298386234790087 0.0313317626714706 0.0299353692680597 0.0319266282021999 0.0307574961334467 0.0312483813613653 0.0322023592889309 0.0331327952444553 0.03239656239748 0.0313678234815598 0.0260015986859798 0.0251880995929241 0.0245244335383177 0.0234695635735989 0.0241994820535183 0.0242447908967733 0.0238182991743088 0.0194744281470776 0.0207404661923647 0.0181478969752789 0.0149004459381104 0.0122875953093171
0.0576281100511551 0.0496655255556107 0.0432453043758869 0.0512726604938507 0.0461642481386662 0.0434686839580536 0.0410290360450745 0.0374629460275173 0.0354208163917065 0.035695344209671 0.035069614648819 0.0289345793426037 0.0270896889269352 0.0272211711853743 0.025210989639163 0.0265323985368013 0.0265805870294571 0.0256116017699242 0.0265549160540104 0.0273206010460854 0.0271089524030685 0.0270714815706015 0.0302561763674021 0.0327300913631916 0.033357635140419 0.0349531210958958 0.0347138568758965 0.0340764708817005 0.032817792147398 0.0335643365979195 0.0317736342549324 0.0322950147092342 0.0253288112580776 0.0256698187440634 0.0253939796239138 0.0257549453526735 0.0246120076626539 0.0255613029003143 0.0249120332300663 0.0262498147785664 0.022589985281229 0.0185752976685762 0.0187201742082834 0.0151828471571207 0.0129446871578693
0.0607786662876606 0.0580945387482643 0.0571405589580536 0.0538603290915489 0.0487158820033073 0.0453572012484074 0.0409479364752769 0.0385082140564919 0.0362267158925533 0.0336690209805965 0.0335386134684086 0.0318310186266899 0.0297627821564674 0.0266277715563774 0.0265177395194769 0.026391850784421 0.0260911490768194 0.0272447057068348 0.0301155634224415 0.0301137287169695 0.0288030095398426 0.0316105149686337 0.0334159508347511 0.0365096963942051 0.0366353169083595 0.0363237224519253 0.0387214682996273 0.0344958752393723 0.0346926599740982 0.0343707799911499 0.0319953262805939 0.0252105630934238 0.0240498837083578 0.0247259214520454 0.0242558810859919 0.0251838769763708 0.0252295061945915 0.0286499503999949 0.0285942833870649 0.0252439733594656 0.0266013517975807 0.0205525252968073 0.017904419451952 0.0151399374008179 0.0121865952387452
0.04550876095891 0.0518556348979473 0.0406819470226765 0.0507036782801151 0.0496360473334789 0.0452656932175159 0.0415102019906044 0.0397230051457882 0.0374381504952908 0.0345486328005791 0.0339729078114033 0.0296210274100304 0.0290898568928242 0.0291812084615231 0.0270761549472809 0.0296975988894701 0.027435539290309 0.0274338964372873 0.0284900050610304 0.0302097853273153 0.0313937626779079 0.0314208343625069 0.0332385674118996 0.0362990908324718 0.0365556664764881 0.0379981845617294 0.0395242534577847 0.0370125845074654 0.0345201604068279 0.034657709300518 0.0260940250009298 0.0254329890012741 0.0233568046241999 0.024275740608573 0.0237908028066158 0.0253786463290453 0.0267931763082743 0.0292965695261955 0.0319000966846943 0.0316113568842411 0.0287728197872639 0.0257071852684021 0.0184333883225918 0.0165545307099819 0.0147605435922742
0.0477629490196705 0.0543228052556515 0.0487838238477707 0.0527224615216255 0.0466650687158108 0.0433255545794964 0.0431611724197865 0.0417322963476181 0.0373043268918991 0.0362911187112331 0.0323253683745861 0.0320986248552799 0.0310630481690168 0.0297458823770285 0.0302262306213379 0.0299825966358185 0.0290428679436445 0.0294599775224924 0.029325794428587 0.0308629665523767 0.0330330021679401 0.0343047939240932 0.036681056022644 0.0394931547343731 0.0391510762274265 0.0409345328807831 0.0412392504513264 0.040558535605669 0.037004329264164 0.029604971408844 0.0270489621907473 0.024673854932189 0.0242919102311134 0.0236131213605404 0.0244599860161543 0.0272704418748617 0.03066629730165 0.032169196754694 0.0326289311051369 0.0342175886034966 0.0426132492721081 0.0278022568672895 0.0222605410963297 0.019029526039958 0.018063273280859
