data/climate_estimation/maxent_output/Androcymbium_striatum.asc
NCOLS 245 
NROWS 528 
XLLCORNER 21.9166666666667 
YLLCORNER -33.4166666666667 
CELLSIZE 0.0833333333333333 
NODATA_value -3.4e+38 
[rows 0 to 18 of 528, columns 43 to 85 of 245]
7.19326635589823e-06 7.47021749702981e-06 6.58405315334676e-06 6.9824895945203e-06 6.61274498270359e-06 6.6722568590194e-06 6.70176359562902e-06 6.79759023114457e-06 6.53843699183199e-06 7.3963419708889e-06 6.66580035613151e-06 6.53498182145995e-06 6.59345050735283e-06 6.9348311626527e-06 6.45529962639557e-06 6.47748902338208e-06 6.49527009954909e-06 6.09025028097676e-06 6.07774427408003e-06 5.61187698622234e-06 5.87969225307461e-06 6.31124976280262e-06 5.89984392718179e-06 5.31426621819264e-06 5.77910168431117e-06 5.70740803595982e-06 5.36961397301638e-06 5.97234520682832e-06 5.36817606189288e-06 5.33470802110969e-06 5.74646765016951e-06 5.43638225281029e-06 5.34371474714135e-06 5.3549761105387e-06 5.13611075803055e-06 5.08919993080781e-06 5.23333028468187e-06 4.82750738228788e-06 5.13887061970308e-06 5.05645220982842e-06 4.56483257949003e-06 4.65066523247515e-06 4.43593944510212e-06
7.78912090027006e-06 6.85140730638523e-06 7.19895479051047e-06 6.98828353051795e-06 6.99720249031088e-06 7.13040117261698e-06 6.88259888192988e-06 6.70880945108365e-06 6.42649365545367e-06 6.80168932376546e-06 7.03945397617645e-06 6.70417148285196e-06 6.04917522650794e-06 6.78890319250058e-06 6.4020937315945e-06 6.54612404105137e-06 6.88705358697916e-06 6.42202167000505e-06 6.23377263764269e-06 5.76351021663868e-06 5.77146602154244e-06 5.98282804276096e-06 5.56057739231619e-06 6.00859175392543e-06 5.94223638472613e-06 5.58663759875344e-06 5.51680113858311e-06 5.94360153627349e-06 5.27197425981285e-06 5.19507648277795e-06 5.63502999284538e-06 5.34192849954707e-06 5.58852752874373e-06 4.94035566589446e-06 5.36459583599935e-06 4.93803281642613e-06 5.27130032423884e-06 5.02030889037997e-06 4.84860765936901e-06 4.56790121461381e-06 4.24183963332325e-06 4.04936781706056e-06 4.22387756771059e-06
7.98497876530746e-06 7.34977265892667e-06 7.63895059208153e-06 6.9003576754767e-06 7.68341578805121e-06 6.55964777251938e-06 7.17408374839579e-06 6.94994969308027e-06 6.59340457787039e-06 6.61654348732554e-06 7.04795911588008e-06 7.13780218575266e-06 6.93281936037238e-06 6.25784014118835e-06 6.31424200037145e-06 6.30315207672538e-06 6.71369616611628e-06 5.91263687965693e-06 6.30350041319616e-06 5.92106243857415e-06 5.85190537094604e-06 5.58363717573229e-06 5.64521633350523e-06 5.98783526584157e-06 5.61005390409264e-06 5.69961730434443e-06 5.08539187649149e-06 5.76677030039718e-06 5.42879070053459e-06 5.36823154106969e-06 5.64387664780952e-06 5.36362585989991e-06 5.80388632442919e-06 5.1508563956304e-06 5.26011353940703e-06 5.05613888890366e-06 4.73091859021224e-06 4.90033244204824e-06 4.35367337559001e-06 4.53077655038214e-06 3.99021519115195e-06 4.27121085522231e-06 3.80554047296755e-06
7.97373195382534e-06 7.31184491087333e-06 7.78185949457111e-06 7.47217791285948e-06 6.86621888235095e-06 7.84899384598248e-06 7.00223790772725e-06 7.29889507056214e-06 7.23829361959361e-06 6.95592962074443e-06 6.67373296892038e-06 6.96115102982731e-06 6.95202106726356e-06 7.01981343809166e-06 6.87167448631953e-06 6.19030834059231e-06 6.26772134637577e-06 5.88758712183335e-06 5.86751139053376e-06 6.0524394029926e-06 6.22223114987719e-06 6.23535834165523e-06 6.2526851252187e-06 5.81761196372099e-06 5.58531883143587e-06 5.33473803443485e-06 5.28288046552916e-06 5.64677065995056e-06 5.37866071681492e-06 5.58445117349038e-06 5.61192791792564e-06 5.65536493013497e-06 5.49069227417931e-06 4.78976653539576e-06 4.78619995192275e-06 4.7638063733757e-06 4.7365660975629e-06 4.61894615000347e-06 4.25542475568363e-06 4.39978293798049e-06 4.1309067455586e-06 4.22121047449764e-06 4.02199111704249e-06
8.47706269269111e-06 7.36314223104273e-06 7.57431917008944e-06 7.88509805715876e-06 7.27455426385859e-06 7.63932803238276e-06 6.80479388392996e-06 7.41414805816021e-06 7.5283369369572e-06 7.55129349272465e-06 6.50849415251287e-06 6.92129606250091e-06 7.02342777003651e-06 7.3329374572495e-06 6.69699784339173e-06 6.85667737343465e-06 6.90445949658169e-06 6.73994509270415e-06 6.13982138020219e-06 6.31632065051235e-06 6.4585224208713e-06 6.32539286016254e-06 6.29929081696901e-06 5.88111788601964e-06 5.52012534171809e-06 5.52783876628382e-06 5.70199654248427e-06 5.75571493754978e-06 5.34804667040589e-06 5.91479692957364e-06 5.59563113711192e-06 5.17941680300282e-06 4.98447161589866e-06 4.79778373119188e-06 4.7568269110343e-06 5.07213053424493e-06 4.73092131869635e-06 4.88414343635668e-06 4.51535288448213e-06 4.29196506956941e-06 4.41940437667654e-06 4.0661893763172e-06 4.21213917434216e-06
8.52507037052419e-06 8.01992882770719e-06 8.11378595244605e-06 7.40693030820694e-06 7.70130827731919e-06 7.15792748451349e-06 7.60516059017391e-06 7.94182415120304e-06 7.6428877946455e-06 7.11818438503542e-06 7.6590440585278e-06 6.94853133609286e-06 6.41189399175346e-06 6.74579223414185e-06 6.83589314576238e-06 6.29385158390505e-06 6.65449715597788e-06 6.69207656756043e-06 6.76258605381008e-06 6.32847013548599e-06 6.39851396044833e-06 5.86777014177642e-06 6.23702908342239e-06 5.45807915841579e-06 5.82320581088425e-06 5.41623194294516e-06 5.90869058214594e-06 5.55980022909353e-06 5.35115168531775e-06 4.98842155138846e-06 5.33310912942397e-06 4.90550019094371e-06 4.98001099913381e-06 4.71590055894922e-06 5.28123655385571e-06 5.28876716998639e-06 4.67996596853482e-06 5.09420760863577e-06 4.20002243117779e-06 4.17293585996958e-06 4.083248313691e-06 4.15810154663632e-06 3.85195608032518e-06
8.58456496644067e-06 9.59391672950005e-06 9.40487825573655e-06 8.00869202066679e-06 8.35679293231806e-06 8.03526836534729e-06 7.59881277190289e-06 7.80433492764132e-06 7.55614564695861e-06 7.03318301020772e-06 7.38772223485284e-06 7.42224437999539e-06 7.42245856599766e-06 6.78512378726737e-06 6.80945140629774e-06 6.26913515588967e-06 6.75062574373442e-06 6.66272444505012e-06 6.22670086158905e-06 6.36569075140869e-06 5.92260630583041e-06 5.76516640649061e-06 5.73701390749193e-06 5.90605441175285e-06 5.49694323126459e-06 6.07567744737025e-06 5.64555284654489e-06 5.68134237255435e-06 5.27782640347141e-06 5.15645706400392e-06 5.12645829076064e-06 4.98991948916228e-06 4.88180103275226e-06 4.74387752547045e-06 5.03490400660667e-06 4.89366038891603e-06 4.80312246509129e-06 4.57109172202763e-06 4.57560099675902e-06 4.51658388556098e-06 4.08207324653631e-06 4.10731263400521e-06 3.93025220546406e-06
9.072590728465e-06 1.05092813100782e-05 9.07062440091977e-06 9.19033027457772e-06 8.36865365272388e-06 8.25453116704011e-06 7.88709712651325e-06 7.89189653005451e-06 7.34868081053719e-06 7.81044036557432e-06 7.53915082896128e-06 7.52788810132188e-06 7.33897377358517e-06 7.38349854145781e-06 7.10878066456644e-06 6.69079781800974e-06 6.59113447909476e-06 6.26652627033764e-06 6.22721017862204e-06 6.50529545964673e-06 6.19758293396444e-06 6.24802896709298e-06 5.76884622205398e-06 6.29113219474675e-06 5.90757827012567e-06 5.67610368307214e-06 5.9158796830161e-06 5.23230437465827e-06 5.19555715072784e-06 5.473862074723e-06 5.53971221961547e-06 4.96502752866945e-06 4.55595682069543e-06 4.93186507810606e-06 4.81279039377114e-06 4.7785015340196e-06 4.75914521302911e-06 4.71830753667746e-06 4.27631766797276e-06 4.68156031274702e-06 4.21827280661091e-06 4.35590936831431e-06 4.11546625400661e-06
1.04715018096613e-05 9.60559827944962e-06 9.63344791671261e-06 1.04668706626398e-05 9.16398767003557e-06 8.90052524482599e-06 9.22353956411825e-06 7.89203113527037e-06 7.77786499384092e-06 7.99903227743926e-06 7.62019135436276e-06 7.07226945451112e-06 7.36595575290266e-06 6.79508502798853e-06 7.71334816818126e-06 7.28516761228093e-06 7.22589948054519e-06 6.51184245725744e-06 6.51639902571333e-06 6.50342735752929e-06 6.21747403783957e-06 5.73215174881625e-06 5.88330567552475e-06 6.39342215436045e-06 5.95304254602524e-06 5.96983818468289e-06 5.53767540623085e-06 5.17188027515658e-06 5.21226684213616e-06 5.49576043340494e-06 5.48407888345537e-06 5.20358616995509e-06 4.69255655843881e-06 5.00007854498108e-06 4.93253537570126e-06 4.56692669104086e-06 4.92879235025612e-06 4.5744873204967e-06 4.02291652790154e-06 4.46200056103407e-06 4.45615842181724e-06 4.1944103941205e-06 4.44248553321813e-06
1.24344524010667e-05 1.02152698673308e-05 9.60392571869306e-06 1.122166395362e-05 1.01338782769744e-05 8.92968455445953e-06 9.40847803576617e-06 8.91686613613274e-06 9.09041773411445e-06 7.70405949879205e-06 7.51372999729938e-06 7.57122188588255e-06 6.73343993184972e-06 7.14210000296589e-06 7.15359556124895e-06 7.20904290574254e-06 6.85443501424743e-06 6.76505169394659e-06 7.18334649718599e-06 6.41805036138976e-06 6.24401536697405e-06 6.09462404099759e-06 6.12466965321801e-06 6.037302682671e-06 6.037302682671e-06 6.02878253630479e-06 5.62381228519371e-06 5.26338453710196e-06 5.46458250028081e-06 5.82413349548005e-06 5.19226750839152e-06 4.75747901873547e-06 4.72955980512779e-06 4.93558991365717e-06 5.03458204548224e-06 4.76259265269618e-06 4.79833624922321e-06 4.29972578785964e-06 4.33721606896142e-06 4.47760430688504e-06 4.38091637988691e-06 4.16484726883937e-06 4.09325548389461e-06
1.15580323836184e-05 1.11129902506946e-05 1.03198499346036e-05 1.10225946627907e-05 1.02304820757126e-05 9.790263902687e-06 9.42600763664814e-06 9.49250170378946e-06 8.96433175512357e-06 9.04942498891614e-06 8.27302119432716e-06 7.70933274907293e-06 7.51912648411235e-06 6.82527115714038e-06 6.77607795296353e-06 6.72397209200426e-06 6.73244994686684e-06 6.68936354486505e-06 6.62853517496842e-06 7.0223481998255e-06 6.58634007777437e-06 6.64131766825449e-06 6.72721853334224e-06 6.3035436141945e-06 5.9093649724673e-06 5.64829542781808e-06 5.42664474778576e-06 5.33510319655761e-06 5.2823106670985e-06 5.35412573299254e-06 4.95504900754895e-06 4.66393021270051e-06 4.96923939863336e-06 4.94138885187567e-06 5.0612356972124e-06 4.96752954859403e-06 4.84746260553948e-06 4.52099220638047e-06 4.51771438747528e-06 4.24344170824043e-06 4.42278860646184e-06 4.373215688247e-06 4.38062397734029e-06
1.16757128125755e-05 1.68591159308562e-05 1.21509237942519e-05 1.13131009129575e-05 9.91293381957803e-06 1.04629425550229e-05 9.97393544821534e-06 1.10466344267479e-05 9.9452354334062e-06 9.08457877812907e-06 8.99764927453361e-06 8.15816747490317e-06 7.40032328394591e-06 7.3722580964386e-06 7.43412783776876e-06 7.1810418376117e-06 6.7028813646175e-06 6.77334855936351e-06 6.8067656684434e-06 6.70199460728327e-06 6.57569898976362e-06 6.26229302724823e-06 6.35489141131984e-06 6.25716847935109e-06 5.89911360293627e-06 5.94538187215221e-06 5.59520776732825e-06 5.25772748005693e-06 5.24654706168803e-06 5.36343304702314e-06 4.95314588988549e-06 4.77267622045474e-06 4.72846022603335e-06 5.04483841723413e-06 4.63935248262715e-06 4.24433483203757e-06 5.06896139995661e-06 4.67989320895867e-06 4.60194678453263e-06 4.35399806519854e-06 4.26903670813772e-06 4.60331375506939e-06 4.48937726105214e-06
1.7016174751916e-05 1.39757885335712e-05 1.2213078662171e-05 1.24573998618871e-05 1.17126137411105e-05 1.18544967335765e-05 9.93418871075846e-06 1.05338585854042e-05 9.89868203760125e-06 1.01768191598239e-05 8.71617339726072e-06 8.57451777847018e-06 8.33806734590326e-06 7.437640306307e-06 7.53204949432984e-06 7.04579770172131e-06 7.30484680389054e-06 6.75775163472281e-06 6.75778028380591e-06 6.79057484376244e-06 6.77145817462588e-06 6.35839569440577e-06 6.38923620499554e-06 5.90975059822085e-06 5.96013160247821e-06 6.22358220425667e-06 5.21150923304958e-06 5.55783208255889e-06 5.63313506063423e-06 5.76192223888938e-06 5.39384973308188e-06 4.96940856464789e-06 4.78942638437729e-06 5.14612702318118e-06 4.82654468214605e-06 4.85804821437341e-06 4.38962251791963e-06 4.8432939365739e-06 4.84773590869736e-06 4.78328865938238e-06 4.42368536823778e-06 4.53019038104685e-06 4.60974570160033e-06
1.46058246173197e-05 1.46891052281717e-05 1.48463404912036e-05 1.46373477036832e-05 1.28600431708037e-05 1.18217676572385e-05 1.10336768557318e-05 1.15098291644244e-05 1.15424791147234e-05 9.53616472543217e-06 9.33066166908247e-06 8.63754485180834e-06 8.95679659151938e-06 8.26298128231429e-06 7.37079153623199e-06 7.22075446901727e-06 7.55456721890368e-06 7.57592079025926e-06 6.6132615756942e-06 6.68783013679786e-06 6.27984036327689e-06 6.68887059873668e-06 6.29712349109468e-06 6.12137728239759e-06 6.27420922683086e-06 5.92220203543548e-06 5.85117595619522e-06 5.17938269695151e-06 5.69881831324892e-06 5.31576961293467e-06 5.00707528772182e-06 5.1896927288908e-06 5.03552791997208e-06 4.87018178318976e-06 4.93783409183379e-06 4.54555583928595e-06 4.67232166556641e-06 4.62163461634191e-06 4.90191177959787e-06 4.46462854597485e-06 4.85050350107485e-06 4.57337773696054e-06 4.25001144321868e-06
1.67815669556148e-05 1.73991556948749e-05 1.79058861249359e-05 1.38340246849111e-05 1.30808948597405e-05 1.13158148451475e-05 1.10423761725542e-05 1.11049230326898e-05 1.08466065285029e-05 9.34992294787662e-06 9.34496074478375e-06 9.45829833653988e-06 8.85052122612251e-06 8.46586499392288e-06 8.32708064990584e-06 7.3928808888013e-06 7.44487033443875e-06 7.37117352400674e-06 7.42341126169777e-06 6.38907431493863e-06 6.60647901895572e-06 6.80494486005045e-06 6.29880651104031e-06 6.25881602900336e-06 5.8696100495581e-06 5.81570748181548e-06 5.43773785466328e-06 6.04155366090708e-06 5.57983094040537e-06 5.61435354029527e-06 5.30138413523673e-06 5.01888553117169e-06 4.76040895591723e-06 5.29896988155087e-06 4.82247105537681e-06 4.66754181616125e-06 4.79768232253264e-06 4.69712404083111e-06 4.43941235062084e-06 4.72700321552111e-06 4.80890957987867e-06 4.79913887829753e-06 4.76026889373315e-06
1.8507775166654e-05 1.94505009858403e-05 1.59286119014723e-05 1.44076784636127e-05 1.39594112624764e-05 1.2507863175415e-05 1.25611823023064e-05 1.29861764435191e-05 1.24513699120143e-05 1.01915138657205e-05 1.05436156445649e-05 1.08244867078611e-05 9.79212381935213e-06 1.01954992715036e-05 9.1309184426791e-06 8.48252784635406e-06 7.58985561333247e-06 7.28931354387896e-06 7.35688172426308e-06 7.36780202714726e-06 6.39802055957261e-06 6.73007389195845e-06 5.99314626015257e-06 6.24693257122999e-06 5.90859008298139e-06 5.88624789088499e-06 5.86954502068693e-06 5.47125273442362e-06 5.77731452722219e-06 5.33767843080568e-06 5.39858046977315e-06 5.00079522680608e-06 4.9828777264338e-06 4.90120009999373e-06 4.93345305585535e-06 4.83076291857287e-06 4.58283329862752e-06 4.63208743894938e-06 4.66948131361278e-06 4.94671758133336e-06 4.96496477353503e-06 4.51366759079974e-06 5.06997139382293e-06
2.31500762311043e-05 1.99851092475001e-05 1.66161935339915e-05 1.39352678161231e-05 1.31374572447385e-05 1.27002249428187e-05 1.2425808563421e-05 1.21454067993909e-05 1.25292999655358e-05 1.20058266475098e-05 1.06859606603393e-05 9.88998363027349e-06 9.07969024410704e-06 9.46724776440533e-06 8.9468067017151e-06 8.94647928362247e-06 8.21569847175851e-06 7.55855899114977e-06 7.37858181310003e-06 7.35334924684139e-06 6.88812406224315e-06 6.53133065497968e-06 6.75197361488244e-06 6.23488722339971e-06 5.95896381128114e-06 5.87508702665218e-06 5.88465263717808e-06 6.03573198532104e-06 5.66496419196483e-06 5.4683455346094e-06 5.06163360114442e-06 5.22969730809564e-06 4.64626600660267e-06 5.13022359882598e-06 5.42941552339471e-06 5.12243605044205e-06 4.6897835090931e-06 4.63704509456875e-06 4.86131466459483e-06 4.90214961246238e-06 4.75825117973727e-06 4.80830522064934e-06 4.82984296468203e-06
2.06272870855173e-05 1.96360124391504e-05 2.04138341359794e-05 1.83117153937928e-05 1.53857909026556e-05 1.31944398162887e-05 1.17723775474587e-05 1.24781845443067e-05 1.25319929793477e-05 1.10796918306733e-05 1.11010076579987e-05 9.99454914563103e-06 9.6047124316101e-06 8.81340019986965e-06 8.59377723827492e-06 8.6182853920036e-06 7.89880687079858e-06 8.30316548672272e-06 7.34354898668244e-06 7.44817634767969e-06 6.97728773957351e-06 6.76733270665864e-06 6.36957520327996e-06 6.36143340670969e-06 6.26309929430136e-06 5.78063145439955e-06 6.05009017817792e-06 6.14866894466104e-06 5.83263408771018e-06 5.4458246268041e-06 5.30336410520249e-06 4.90716820422676e-06 4.98641247759224e-06 5.09824030814343e-06 4.88643127027899e-06 4.92147682962241e-06 5.19065997650614e-06 4.9166519602295e-06 4.84870815853355e-06 4.85720920551103e-06 4.68760572402971e-06 4.55113104180782e-06 4.57045325674699e-06
1.90917053259909e-05 1.8284508769284e-05 2.07730536203599e-05 1.91230537893716e-05 1.76512057805667e-05 1.50177938849083e-05 1.34803522087168e-05 1.15473785626818e-05 1.16054934551357e-05 1.20761860671337e-05 1.10733872134006e-05 1.00474535429385e-05 9.27012297324836e-06 9.61664682108676e-06 9.65803519648034e-06 8.77811271493556e-06 8.79307208379032e-06 8.45164686325006e-06 8.48755553306546e-06 7.47128251532558e-06 7.21634614819777e-06 6.63757282381994e-06 6.74174953019246e-06 6.39352765574586e-06 6.24140693616937e-06 6.36153845334775e-06 6.44827696305583e-06 5.73888337385142e-06 5.93187223785208e-06 5.5861278269731e-06 5.4446700232802e-06 5.24886672792491e-06 5.49855167264468e-06 5.16070485900855e-06 5.04967329106876e-06 5.15665578859625e-06 5.17069292982342e-06 5.0770354391716e-06 4.94527694172575e-06 4.80037533634459e-06 4.74743546874379e-06 4.47298589278944e-06 4.7929966058291e-06
