data/climate_estimation/maxent_output/Androcymbium_cuspidatum.asc
NCOLS 22 
NROWS 32 
XLLCORNER 19.3333333333333 
YLLCORNER -34 
CELLSIZE 0.0833333333333333 
NODATA_value -3.4e+38 
0.666872084140778 0.778803825378418 0.830302059650421 0.912818074226379 0.936875581741333 0.955696642398834 0.957550644874573 0.934941172599792 0.934251606464386 0.900009751319885 0.883679330348969 0.398872584104538 0.355514407157898 0.308963477611542 0.293797373771667 0.252276629209518 0.197525411844254 0.16816671192646 0.0863543599843979 0.0693194046616554 0.0681602507829666 0.0705555453896523
0.65351003408432 0.721471130847931 0.821715295314789 0.898112893104553 0.92259007692337 0.935049533843994 0.953463613986969 0.949882447719574 0.931991279125214 0.916428029537201 0.903511166572571 0.40004163980484 0.362405508756638 0.335038334131241 0.284182786941528 0.244914382696152 0.204916134476662 0.202428579330444 0.15752387046814 0.0836798250675201 0.0693679451942444 0.065973088145256
0.639798283576965 0.729309022426605 0.787821829319 0.848425447940826 0.89378422498703 0.918189287185669 0.934640765190125 0.937880992889404 0.935992360115051 0.914244949817657 0.871030271053314 0.819793581962585 0.3940649330616 0.369561821222305 0.305015027523041 0.268596559762955 0.248089849948883 0.21095198392868 0.179804712533951 0.112274885177612 0.100860506296158 0.0825868248939514
0.56868314743042 0.612146496772766 0.701305031776428 0.834017276763916 0.895691871643066 0.907482087612152 0.933635294437408 0.924426376819611 0.940204739570618 0.940692484378815 0.913215935230255 0.852597594261169 0.411625295877457 0.38840526342392 0.341683834791183 0.307523369789124 0.262796193361282 0.23387722671032 0.215884864330292 0.124561011791229 0.121360920369625 0.102702341973782
0.444188594818115 0.464818269014359 0.606281638145447 0.746019661426544 0.752964794635773 0.889470994472504 0.924918711185455 0.924424886703491 0.94429087638855 0.945067524909973 0.919476389884949 0.849720180034637 0.80856728553772 0.395840644836426 0.362768918275833 0.313380420207977 0.282741397619247 0.248984053730965 0.237176939845085 0.150010228157043 0.128402218222618 0.12044782191515
0.407725960016251 0.429379969835281 0.508946180343628 0.564270317554474 0.669099748134613 0.847814679145813 0.909712910652161 0.933103382587433 0.934983551502228 0.93759161233902 0.929318070411682 0.85564649105072 0.844777345657349 0.427990406751633 0.375209242105484 0.360911637544632 0.333595782518387 0.278670638799667 0.261757582426071 0.253436684608459 0.153748422861099 0.131880953907967
0.388234049081802 0.3940809071064 0.443444609642029 0.488359272480011 0.643432796001434 0.623942732810974 0.836057603359222 0.924129009246826 0.934579908847809 0.89472633600235 0.927735328674316 0.617643713951111 0.618706703186035 0.59043550491333 0.395085960626602 0.399956524372101 0.343328207731247 0.324223637580872 0.299379140138626 0.260283142328262 0.162775188684464 0.161820307374001
0.315134733915329 0.362119048833847 0.327745169401169 0.500051915645599 0.545077800750732 0.558524310588837 0.721341788768768 0.904320657253265 0.914436280727386 0.890958786010742 0.921046137809753 0.894893109798431 0.610802233219147 0.8581183552742 0.441176414489746 0.424871951341629 0.386442810297012 0.348753303289413 0.33478707075119 0.309436112642288 0.296768695116043 0.184476360678673
0.227275982499123 0.298969656229019 0.303376525640488 0.335934430360794 0.466111749410629 0.584587633609772 0.664001762866974 0.820824027061462 0.89630663394928 0.880918383598328 0.887531459331512 0.901429712772369 0.876946330070496 0.88062709569931 0.624025762081146 0.613014698028564 0.615271151065826 0.417792767286301 0.36241888999939 0.351439446210861 0.330588608980179 0.219116106629372
0.291231572628021 0.250248730182648 0.314825177192688 0.314096868038177 0.369539618492126 0.472181677818298 0.524811863899231 0.664243102073669 0.748663544654846 0.86941534280777 0.867944538593292 0.903750896453857 0.876471877098083 0.881661415100098 0.893847942352295 0.64541620016098 0.621943712234497 0.607367813587189 0.42781674861908 0.3933145403862 0.368474096059799 0.24841096997261
0.409958332777023 0.313299238681793 0.326377540826797 0.368271321058273 0.446320623159409 0.426490157842636 0.507412433624268 0.704750716686249 0.709949612617493 0.757382035255432 0.866385698318481 0.902027368545532 0.895113527774811 0.894923985004425 0.898404121398926 0.66203635931015 0.63298761844635 0.645450174808502 0.465892285108566 0.432001620531082 0.426973819732666 0.401710450649261
0.331767350435257 0.287007242441177 0.29426297545433 0.375016897916794 0.453072518110275 0.453773230314255 0.564184784889221 0.521590888500214 0.606309711933136 0.681684613227844 0.881228864192963 0.913166284561157 0.89996749162674 0.912707388401031 0.904218316078186 0.912901103496552 0.911804556846619 0.657557129859924 0.472511738538742 0.472265034914017 0.464335471391678 0.46058651804924
0.3976911008358 0.286794722080231 0.333166927099228 0.346653401851654 0.441349416971207 0.453129827976227 0.493075281381607 0.577659845352173 0.602868318557739 0.667347311973572 0.739200949668884 0.570241570472717 0.903954029083252 0.912151217460632 0.897218763828278 0.904644846916199 0.917596042156219 0.668866634368896 0.667798578739166 0.496737331151962 0.485835134983063 0.492757678031921
0.44629892706871 0.347806394100189 0.325125336647034 0.329763561487198 0.356155723333359 0.429718255996704 0.523704767227173 0.589277923107147 0.628880679607391 0.68376761674881 0.711620926856995 0.786609530448914 0.892153918743134 0.908818244934082 0.919066727161407 0.923242330551147 0.917148292064667 0.671918869018555 0.692567408084869 0.531440615653992 0.521781802177429 0.51642256975174
0.367136627435684 0.359784513711929 0.309264749288559 0.351656794548035 0.39514371752739 0.448545098304749 0.542087316513062 0.582959055900574 0.690501868724823 0.796665191650391 0.779976487159729 0.374156087636948 0.878024518489838 0.90033745765686 0.928391695022583 0.932255685329437 0.933874607086182 0.71158230304718 0.709073662757874 0.714694142341614 0.558192014694214 0.546483814716339
0.360366255044937 0.331857532262802 0.366033673286438 0.344199985265732 0.420352578163147 0.525589466094971 0.530672490596771 0.669650614261627 0.790333449840546 0.79704624414444 0.776661694049835 0.396459639072418 0.377212524414062 0.43586853146553 0.508608758449554 0.935762941837311 0.935696363449097 0.720809996128082 0.729081034660339 0.736741542816162 0.725306272506714 0.553915321826935
0.441998720169067 0.394373565912247 0.422877192497253 0.499679327011108 0.476457118988037 0.540492236614227 0.562838792800903 0.642385542392731 0.735501706600189 0.783449053764343 0.853807926177979 0.853150069713593 0.437348961830139 0.443275839090347 0.494301646947861 0.529062747955322 0.748378574848175 0.759920179843903 0.59066641330719 0.585300743579865 0.58968198299408 0.594216763973236
0.543958187103271 0.410978376865387 0.436953216791153 0.553224325180054 0.480461627244949 0.558570206165314 0.691853880882263 0.748174130916595 0.767292857170105 0.83227676153183 0.859316349029541 0.894966900348663 0.495915800333023 0.499196887016296 0.495244592428207 0.734350025653839 0.758545696735382 0.608222246170044 0.60793936252594 0.59767758846283 0.579848527908325 0.607516407966614
0.417937457561493 0.363015055656433 0.439250111579895 0.547060132026672 0.554457545280457 0.589947462081909 0.653853118419647 0.73807954788208 0.812357664108276 0.860698640346527 0.880970060825348 0.939862012863159 0.935530483722687 0.929216384887695 0.938836336135864 0.948205530643463 0.605305910110474 0.587494850158691 0.614458322525024 0.591048717498779 0.617829084396362 0.632109403610229
0.353495538234711 0.341402888298035 0.40709462761879 0.555340111255646 0.562729299068451 0.664903402328491 0.716381072998047 0.802630305290222 0.846008896827698 0.893813908100128 0.921362638473511 0.912355005741119 0.940292000770569 0.978680789470673 0.961881935596466 0.956916034221649 0.954594731330872 0.587432146072388 0.618885815143585 0.605960071086884 0.655110359191895 0.664999067783356
0.347941488027573 0.343659430742264 0.455838263034821 0.615247130393982 0.630710363388062 0.730052947998047 0.73663866519928 0.838269174098969 0.857411026954651 0.912559330463409 0.918436408042908 0.942497432231903 0.970277607440948 0.974855303764343 0.979293048381805 0.975458383560181 0.949375867843628 0.623168528079987 0.595347583293915 0.485782831907272 0.526022434234619 0.552007734775543
0.262385934591293 0.303778380155563 0.562829911708832 0.555346250534058 0.653916835784912 0.784200131893158 0.852723300457001 0.857578217983246 0.909070312976837 0.916250705718994 0.937496423721313 0.938163340091705 0.957104504108429 0.964414656162262 0.974919617176056 0.972853362560272 0.611474215984344 0.624196231365204 0.471768468618393 0.526950001716614 0.549725413322449 0.580246329307556
0.374075412750244 0.450048267841339 0.524465203285217 0.665083765983582 0.659151911735535 0.777594029903412 0.830736577510834 0.932865977287292 0.942582070827484 0.945824384689331 0.961221039295197 0.972649216651917 0.973370313644409 0.980465173721313 0.983780682086945 0.98003488779068 0.979186832904816 0.495171427726746 0.511444091796875 0.55397367477417 0.608194887638092 0.620352208614349
0.152284726500511 0.348328560590744 0.489579260349274 0.661361694335938 0.715720653533936 0.821175932884216 0.907349467277527 0.937751412391663 0.935370922088623 0.954262614250183 0.96823263168335 0.978930711746216 0.98239004611969 0.987859666347504 0.988940894603729 0.98851490020752 0.989555954933167 0.988996028900146 0.986997425556183 0.604594171047211 0.631077408790588 0.64138650894165
0.134361922740936 0.255582392215729 0.487418591976166 0.706963837146759 0.799300074577332 0.818536996841431 0.883047938346863 0.93875926733017 0.940748691558838 0.959230720996857 0.973138511180878 0.976569175720215 0.982665598392487 0.988609671592712 0.988928020000458 0.989615082740784 0.989561021327972 0.985886871814728 0.989271223545074 0.99055951833725 0.991170883178711 0.977697014808655
0.326212257146835 0.446355015039444 0.498259097337723 0.568607091903687 0.682733774185181 0.824490547180176 0.874970376491547 0.928022444248199 0.947180449962616 0.964142501354218 0.967069029808044 0.975069284439087 0.984320223331451 0.984341084957123 0.987157702445984 0.989642977714539 0.989017426967621 0.989960551261902 0.989278376102448 0.989660322666168 0.981958389282227 0.986304461956024
0.356095433235168 0.338805854320526 0.444663375616074 0.622982740402222 0.712161958217621 0.788109838962555 0.874720990657806 0.922762632369995 0.955914199352264 0.965549290180206 0.978021800518036 0.974923849105835 0.976765215396881 0.98023784160614 0.985108077526093 0.984723091125488 0.982846081256866 0.973731815814972 0.973677039146423 0.988901674747467 0.977405071258545 0.976710796356201
0.359766602516174 0.458059072494507 0.545418322086334 0.639236986637115 0.684676766395569 0.781132996082306 0.849601447582245 0.912375390529633 0.944492816925049 0.951332807540894 0.971810698509216 0.979469656944275 0.978507280349731 0.980118036270142 0.977210104465485 0.974619090557098 0.975603699684143 0.958944261074066 0.959595859050751 0.964900255203247 0.966434001922607 0.97176206111908
0.381935358047485 0.56315141916275 0.663245618343353 0.695627629756927 0.768843173980713 0.818193793296814 0.84257960319519 0.908429384231567 0.930145382881165 0.948768973350525 0.962239742279053 0.974470615386963 0.9797083735466 0.974284052848816 0.971530377864838 0.969939172267914 0.96843421459198 0.95300954580307 0.953259110450745 0.952495694160461 0.956673562526703 0.961674213409424
0.325786203145981 0.579756677150726 0.692754745483398 0.769480586051941 0.838968992233276 0.894112467765808 0.92214298248291 0.935227036476135 0.931597590446472 0.917895793914795 0.928814351558685 0.954722702503204 0.96785306930542 0.976746380329132 0.973644137382507 0.977528035640717 0.976793169975281 0.973850011825562 0.947174787521362 0.942895531654358 0.9482541680336 0.94771021604538
0.369691997766495 0.483705937862396 0.507740080356598 0.68304169178009 0.893769800662994 0.889499545097351 0.94777250289917 0.944475114345551 0.937481760978699 0.925878286361694 0.938016176223755 0.932855129241943 0.940860688686371 0.960643887519836 0.966378927230835 0.957829236984253 0.92733371257782 0.922055721282959 0.929192185401917 0.930014967918396 0.932706892490387 0.934656083583832
0.267750233411789 0.345684796571732 0.426207065582275 0.72670304775238 0.760704815387726 0.870104312896729 0.929149508476257 0.939867258071899 0.940144896507263 0.926724553108215 0.915685713291168 0.926452934741974 0.928560316562653 0.937676012516022 0.939486622810364 0.93795120716095 0.893258094787598 0.945637822151184 0.943643748760223 0.917173266410828 0.91573691368103 0.915034353733063
