data/climate_estimation/maxent_output/Androcymbium_scabromarginatum.asc
NCOLS 101 
NROWS 43 
XLLCORNER 16.9166666666667 
YLLCORNER -32.5 
CELLSIZE 0.0833333333333333 
NODATA_value -3.4e+38 
[rows 20 to 39 of 43, columns 45 to 89 of 101]
0.042499627918005 0.0529667809605598 0.0533147752285004 0.0570599548518658 0.0487920269370079 0.0488222762942314 0.0439435839653015 0.0411374568939209 0.0393601953983307 0.0364232249557972 0.034624345600605 0.0360586643218994 0.0331084616482258 0.0356702879071236 0.0318365208804607 0.0315025560557842 0.0314482413232327 0.0313614681363106 0.0307447146624327 0.0332484468817711 0.0358203053474426 0.0351414121687412 0.0395863577723503 0.0399076715111732 0.0413267612457275 0.0454451963305473 0.0435992181301117 0.0440894551575184 0.0323564037680626 0.0315665155649185 0.0283547174185514 0.0256840530782938 0.0267039686441422 0.023772219195962 0.027533246204257 0.0301526561379433 0.0334646515548229 0.0344054587185383 0.0369230322539806 0.0502220951020718 0.0512694045901299 0.0330851785838604 0.0300302132964134 0.0212181862443686 0.0201154816895723
0.046574629843235 0.0543791800737381 0.0579203329980373 0.046960860490799 0.055655162781477 0.0563778690993786 0.049807108938694 0.0474087223410606 0.0415605194866657 0.0392548851668835 0.0411666519939899 0.0417206026613712 0.0394686460494995 0.0402193032205105 0.0363208092749119 0.0349456295371056 0.0319026075303555 0.0319730415940285 0.0343933440744877 0.0382260233163834 0.0379257909953594 0.0411083847284317 0.0418337695300579 0.0438015311956406 0.0464529357850552 0.0454328767955303 0.045547392219305 0.0459626279771328 0.0332830585539341 0.0316229462623596 0.02956816367805 0.0284301899373531 0.0270602479577065 0.0283780321478844 0.0316288582980633 0.0341834537684917 0.0364912301301956 0.0377651304006577 0.0414045453071594 0.0398340821266174 0.047737792134285 0.0360754914581776 0.03098607622087 0.0272087696939707 0.0236296020448208
0.0508309341967106 0.0554054230451584 0.046296801418066 0.0507687889039516 0.0583772175014019 0.0543976314365864 0.057367205619812 0.0501551069319248 0.0472569838166237 0.0514414757490158 0.0499779842793941 0.0467665269970894 0.0424012914299965 0.0403191633522511 0.0400896333158016 0.0429120846092701 0.0364428758621216 0.0358670242130756 0.0380571112036705 0.0385278351604939 0.0432673320174217 0.0473543703556061 0.0488352812826633 0.049454752355814 0.0479737035930157 0.04491126537323 0.0426681153476238 0.0417357124388218 0.03445790335536 0.0338987894356251 0.0306396018713713 0.0287619587033987 0.0283893588930368 0.0308903865516186 0.0329510644078255 0.0384979620575905 0.0398922599852085 0.0395398661494255 0.03949124366045 0.0449175946414471 0.0421134270727634 0.0405832566320896 0.0358561389148235 0.0327910482883453 0.0304253436625004
0.0545476824045181 0.0419078879058361 0.0517010428011417 0.0545562542974949 0.0559088252484798 0.0581971406936646 0.0558404661715031 0.0549394376575947 0.0586286075413227 0.0572612285614014 0.0621036142110825 0.0560905784368515 0.0481985025107861 0.0428058058023453 0.048215240240097 0.0525888614356518 0.0463976114988327 0.0396315976977348 0.0427792109549046 0.0428534634411335 0.0519798435270786 0.0557542480528355 0.0522487238049507 0.0422619134187698 0.0387827046215534 0.04590018466115 0.0457557067275047 0.0370268113911152 0.0358204580843449 0.0444334223866463 0.0329247713088989 0.0329761952161789 0.0319838523864746 0.0342688970267773 0.0376203134655952 0.0415593013167381 0.0421398803591728 0.0423395782709122 0.0421390980482101 0.038423839956522 0.0412530712783337 0.0367875397205353 0.0345797128975391 0.0343287922441959 0.0331859849393368
0.0577112436294556 0.0534517578780651 0.0514700077474117 0.0528756193816662 0.0544012002646923 0.0594824068248272 0.0515348985791206 0.0557237826287746 0.0611006803810596 0.0635142177343369 0.0655237957835197 0.0620765835046768 0.0582787990570068 0.0546684898436069 0.0572443269193172 0.0542150437831879 0.0484976507723331 0.0455751828849316 0.046277079731226 0.0533774569630623 0.0613379329442978 0.0604809857904911 0.0585664212703705 0.0461261458694935 0.0413455814123154 0.0382454134523869 0.039900291711092 0.0393449999392033 0.0403630211949348 0.043826412409544 0.0338732115924358 0.0379186160862446 0.0373773686587811 0.0360041782259941 0.040969043970108 0.0439511425793171 0.0416978821158409 0.0467073619365692 0.0460882000625134 0.0435082279145718 0.0404337756335735 0.0385572053492069 0.0398488268256187 0.0372389033436775 0.0362291857600212
0.0345515124499798 0.0509544387459755 0.0535739473998547 0.0486010424792767 0.0537645556032658 0.056692149490118 0.0527007356286049 0.0634916946291924 0.0587791912257671 0.0618347525596619 0.0600140057504177 0.0639144629240036 0.0608402453362942 0.0609774552285671 0.0562692433595657 0.0570052899420261 0.0579979196190834 0.0586123540997505 0.0617121420800686 0.0616017617285252 0.0695899724960327 0.0612827241420746 0.0539530590176582 0.0483724176883698 0.0452372804284096 0.0468707270920277 0.0433381833136082 0.0429927222430706 0.0427879095077515 0.0393734313547611 0.0358193516731262 0.0364302434027195 0.0379787757992744 0.037090215831995 0.0414213985204697 0.0455933287739754 0.0458559654653072 0.0456959791481495 0.0435407236218452 0.0440387241542339 0.0434042550623417 0.0393158383667469 0.0403025187551975 0.0380699038505554 0.0385153703391552
0.034776583313942 0.045909620821476 0.0407093837857246 0.0528381206095219 0.0496548302471638 0.0518120564520359 0.0627186447381973 0.0614505596458912 0.0625844746828079 0.0620799250900745 0.0647284761071205 0.0686621814966202 0.0647375136613846 0.0617829710245132 0.0604856386780739 0.0646132156252861 0.0651268362998962 0.0644846186041832 0.0664920508861542 0.0580102130770683 0.061496090143919 0.0624895542860031 0.0572208240628242 0.0545972660183907 0.0508168675005436 0.0499590933322906 0.0502465143799782 0.0484039783477783 0.0511141195893288 0.038553461432457 0.038174569606781 0.0393036268651485 0.0399322807788849 0.041296198964119 0.0448700375854969 0.0457205772399902 0.053583238273859 0.0435245297849178 0.046368233859539 0.0417036861181259 0.0436392165720463 0.0391390509903431 0.0384987369179726 0.045773483812809 0.0405200831592083
0.0432091951370239 0.0436971783638 0.0399080477654934 0.0531505644321442 0.0536156073212624 0.0640011951327324 0.0641835704445839 0.0567669495940208 0.0635742843151093 0.0691570639610291 0.0677000284194946 0.0687007308006287 0.0677280128002167 0.0670649185776711 0.0708521082997322 0.0736226662993431 0.0704605430364609 0.0684593468904495 0.0642781779170036 0.0685711428523064 0.0705944821238518 0.0640649273991585 0.0650848522782326 0.0614784769713879 0.0614394694566727 0.0546846389770508 0.0485607013106346 0.0493256412446499 0.0430453233420849 0.0386213846504688 0.0403970740735531 0.0425201170146465 0.0424350574612617 0.0452569462358952 0.0462410598993301 0.0497509874403477 0.0625263527035713 0.0608343333005905 0.0472312867641449 0.0420120283961296 0.043579563498497 0.0419760271906853 0.0439291745424271 0.0453049726784229 0.0481800921261311
0.0410224162042141 0.0408633723855019 0.0429395735263824 0.0573053136467934 0.054128635674715 0.0634886100888252 0.0533492900431156 0.0640727952122688 0.0637807920575142 0.0655980557203293 0.0678966864943504 0.0723496302962303 0.0716287270188332 0.0715214014053345 0.0801672264933586 0.079934224486351 0.0775899142026901 0.064190536737442 0.0777530297636986 0.0685596615076065 0.0668868646025658 0.0716568976640701 0.0619400665163994 0.0675628930330276 0.0642483457922935 0.0595455840229988 0.0565012209117413 0.0504082627594471 0.0462239906191826 0.0441738665103912 0.0440457761287689 0.0463482178747654 0.0480679161846638 0.0486609376966953 0.0525152608752251 0.0631639361381531 0.0615769885480404 0.0577546954154968 0.0571805499494076 0.0442140437662601 0.0474003031849861 0.0410698801279068 0.044873021543026 0.0462580248713493 0.044247705489397
0.0445492640137672 0.0503266416490078 0.0479249395430088 0.057464562356472 0.0566777475178242 0.0514641441404819 0.0555273927748203 0.0708536729216576 0.0619922280311584 0.0751803740859032 0.0772993415594101 0.076039046049118 0.0825340300798416 0.0754102990031242 0.0809013471007347 0.0835085064172745 0.0760016813874245 0.072442039847374 0.0712524503469467 0.0732814967632294 0.0626698434352875 0.0644600540399551 0.0719701424241066 0.0660899579524994 0.0717706605792046 0.0649236589670181 0.0655841380357742 0.0581307671964169 0.057706642895937 0.0472280420362949 0.048299103975296 0.0497952848672867 0.066192664206028 0.0558660179376602 0.0540799163281918 0.0535592138767242 0.0574529692530632 0.0629669949412346 0.0553345456719398 0.0511977896094322 0.0565652810037136 0.0472818799316883 0.0515005998313427 0.0518163666129112 0.0485576167702675
0.0444383472204208 0.0444960258901119 0.0580418035387993 0.051292609423399 0.0613212585449219 0.0657594501972198 0.057622779160738 0.0624743476510048 0.0699821710586548 0.0696002990007401 0.0705486387014389 0.0853988975286484 0.0825065895915031 0.0749016329646111 0.0795324444770813 0.0771630555391312 0.0782238095998764 0.0705581977963448 0.0745678693056107 0.066217303276062 0.0629308819770813 0.0625305026769638 0.0644705072045326 0.0754571184515953 0.0710731968283653 0.0715538188815117 0.0660793334245682 0.0635038465261459 0.0651847422122955 0.0581915341317654 0.0585483722388744 0.0726136714220047 0.066653311252594 0.0704672560095787 0.0607709512114525 0.0654199123382568 0.0677605345845222 0.0633023455739021 0.0585921593010426 0.0602357871830463 0.0516920052468777 0.0431418158113956 0.0458362773060799 0.0522752366960049 0.0487543828785419
0.0377275533974171 0.0447945035994053 0.0556846223771572 0.0437172688543797 0.042228389531374 0.0613280571997166 0.0509789362549782 0.0628765523433685 0.0679791122674942 0.0747624114155769 0.0759126394987106 0.0706876963376999 0.0844508185982704 0.0761068910360336 0.0661365836858749 0.0776473730802536 0.077226348221302 0.080653965473175 0.0680377408862114 0.0689185708761215 0.057940699160099 0.0672084093093872 0.0745100528001785 0.0792569741606712 0.081142745912075 0.0664696916937828 0.0807656273245811 0.0746180042624474 0.0680263265967369 0.0676471367478371 0.0816203877329826 0.0731360986828804 0.0780355706810951 0.0595961175858974 0.0725893005728722 0.0642652660608292 0.0676280632615089 0.0678395628929138 0.0548507049679756 0.0561151243746281 0.0438431203365326 0.0487487502396107 0.046770378947258 0.0508132912218571 0.051848117262125
0.0361053757369518 0.0429495722055435 0.0449845604598522 0.0382319130003452 0.0403642654418945 0.0438461229205132 0.0501251257956028 0.049948051571846 0.0550890751183033 0.0611809268593788 0.0739312469959259 0.0895679593086243 0.083699494600296 0.0738429948687553 0.0631547272205353 0.0718626454472542 0.0730077400803566 0.0662666857242584 0.0699172988533974 0.07106002420187 0.0722162052989006 0.067702516913414 0.0597809478640556 0.0798050910234451 0.0732921212911606 0.0820279568433762 0.0770272985100746 0.078944556415081 0.0814877599477768 0.0794229879975319 0.0740135163068771 0.0737711042165756 0.0830177292227745 0.0822320729494095 0.0764982476830482 0.0631150081753731 0.0575908832252026 0.0692341476678848 0.0684269741177559 0.0517285093665123 0.0341229774057865 0.0311598442494869 0.0398196876049042 0.0349190197885036 0.0484798401594162
0.0370775237679482 0.0415792427957058 0.0463613495230675 0.0352055765688419 0.0400887243449688 0.0435435362160206 0.051942091435194 0.0468400716781616 0.0569746010005474 0.0514359064400196 0.0815621316432953 0.0647929534316063 0.0648220703005791 0.0730142742395401 0.0669860318303108 0.0667542666196823 0.0575743056833744 0.0664270594716072 0.0593100599944592 0.0593577101826668 0.0762871131300926 0.0645538344979286 0.0588389970362186 0.0671501234173775 0.0891071632504463 0.0863999724388123 0.0875926539301872 0.0878959521651268 0.0831051170825958 0.0878165662288666 0.0868268385529518 0.0887981280684471 0.0803254470229149 0.0815322399139404 0.0759432166814804 0.0753570571541786 0.072600856423378 0.0559567473828793 0.0559784397482872 0.0514323562383652 0.0322278328239918 0.0231337640434504 0.0271421484649181 0.0232197511941195 0.0296241044998169
0.0321584790945053 0.0373193025588989 0.0392730049788952 0.0448554158210754 0.0403189212083817 0.044932659715414 0.0353634469211102 0.0478134900331497 0.0527793765068054 0.0468250960111618 0.0820156708359718 0.0646924301981926 0.067822203040123 0.0764176994562149 0.0616850629448891 0.0560430511832237 0.0685214102268219 0.0656784176826477 0.0761375203728676 0.0591180808842182 0.0540009737014771 0.05476463586092 0.0702158287167549 0.0678298473358154 0.0803846940398216 0.084442213177681 0.0915428102016449 0.0912559553980827 0.10273290425539 0.0793195739388466 0.0726358219981194 0.0806298926472664 0.0872884020209312 0.0823156833648682 0.0831512287259102 0.08324034512043 0.0759110823273659 0.0669490173459053 0.0549024976789951 0.0524251349270344 0.0348328091204166 0.0258619580417871 0.036135233938694 0.0282980855554342 0.034082718193531
0.0324479900300503 0.0312398765236139 0.0377025753259659 0.0483449921011925 0.0374694392085075 0.0376396290957928 0.0357232466340065 0.0460205860435963 0.0389396771788597 0.0504121109843254 0.0582004971802235 0.067036047577858 0.0645640194416046 0.0675258487462997 0.0688095092773438 0.0670917704701424 0.0571737997233868 0.0652753338217735 0.0651942789554596 0.0586821474134922 0.0570171810686588 0.0610705353319645 0.0636661723256111 0.0794661417603493 0.0764598175883293 0.0716100484132767 0.067743793129921 0.100144788622856 0.0970119833946228 0.0943368077278137 0.0993183255195618 0.0897192880511284 0.0800504833459854 0.0897242799401283 0.0803781598806381 0.0849235504865646 0.0669581741094589 0.0613636933267117 0.046487383544445 0.051834549754858 0.0404994450509548 0.0323752164840698 0.0491544865071774 0.0478554889559746 0.0475282333791256
0.0374198704957962 0.0344418175518513 0.0345011875033379 0.0417271107435226 0.0394007228314877 0.0340733453631401 0.03015529923141 0.04055480286479 0.0400223359465599 0.0446464605629444 0.044293399900198 0.0564391426742077 0.0558934658765793 0.0578417778015137 0.0590727552771568 0.0584625191986561 0.0677504986524582 0.0633859112858772 0.0527260154485703 0.0598149523139 0.0574493110179901 0.0589429810643196 0.0650752037763596 0.0721585378050804 0.0622059591114521 0.0650144517421722 0.0717829689383507 0.0952430889010429 0.0973721593618393 0.0819907039403915 0.0940948948264122 0.089016817510128 0.0976275503635406 0.0879795402288437 0.0821196064352989 0.078409306704998 0.0558346211910248 0.061549074947834 0.0483574867248535 0.045867495238781 0.0513470843434334 0.0277001690119505 0.0352362990379333 0.0488897711038589 0.0539296232163906
0.0409896150231361 0.0338415540754795 0.0392910838127136 0.0362300463020802 0.0458574704825878 0.0301235411316156 0.0411696098744869 0.0419565699994564 0.0362889803946018 0.0372778959572315 0.0439126119017601 0.0426871627569199 0.0492821484804153 0.0469084568321705 0.0456468537449837 0.0514974594116211 0.0559306778013706 0.0590267740190029 0.0607282966375351 0.0594746880233288 0.0504322424530983 0.0519913733005524 0.041499175131321 0.045870702713728 0.0549814812839031 0.0608576014637947 0.0729833617806435 0.0925844833254814 0.0983375310897827 0.0914718210697174 0.100276373326778 0.0959240421652794 0.096741683781147 0.0875004380941391 0.0545743554830551 0.0685417577624321 0.0446238107979298 0.0479044839739799 0.052787683904171 0.0227432921528816 0.025957964360714 0.0259437076747417 0.0354934930801392 0.0432421155273914 0.0498638339340687
0.0523445755243301 0.0405270457267761 0.0330956429243088 0.0285184439271688 0.0408525615930557 0.0248635485768318 0.0280215386301279 0.0289328210055828 0.0343226753175259 0.0335503257811069 0.0353443399071693 0.0334006883203983 0.0422217324376106 0.0486427657306194 0.0516537986695766 0.0476845055818558 0.0640849322080612 0.0415870808064938 0.050422552973032 0.0608973652124405 0.0314331315457821 0.0384607054293156 0.0305854678153992 0.0309286266565323 0.0844035074114799 0.0793204829096794 0.0745849311351776 0.0810908377170563 0.101946078240871 0.0948266759514809 0.0879161208868027 0.0996700078248978 0.0952462926506996 0.095395527780056 0.0608295574784279 0.0571201220154762 0.0552011877298355 0.0326114371418953 0.0387634560465813 0.0200663395226002 0.0187590233981609 0.026260731741786 0.0455203838646412 0.0424245223402977 0.0531493797898293
0.0578266270458698 0.0504514910280704 0.0325790084898472 0.0333778485655785 0.0268984772264957 0.0394252464175224 0.0262038800865412 0.0278210192918777 0.0284006856381893 0.0261128544807434 0.0371112897992134 0.0370238199830055 0.0270789247006178 0.0538961254060268 0.0657074525952339 0.0560473240911961 0.0590835772454739 0.0623449459671974 0.0817729458212852 0.0887323021888733 0.0461397506296635 0.0388348214328289 0.0487988442182541 0.0580212213099003 0.0765747576951981 0.0778877288103104 0.100234843790531 0.108482822775841 0.105588756501675 0.10035302489996 0.110580138862133 0.100478321313858 0.101793579757214 0.0999405682086945 0.0690057501196861 0.0747347772121429 0.0612380430102348 0.041038915514946 0.0219105631113052 0.0288012381643057 0.0300604552030563 0.0500701479613781 0.057502243667841 0.0537284091114998 0.0517439395189285
