data/climate_estimation/maxent_output/Androcymbium_walteri.asc
NCOLS 16 
NROWS 16 
XLLCORNER 17.0833333333333 
YLLCORNER -30.1666666666667 
CELLSIZE 0.0833333333333333 
NODATA_value -3.4e+38 
0.993304550647736 0.973732709884644 0.967973709106445 0.957421660423279 0.954100847244263 0.928806364536285 0.914492964744568 0.872666776180267 0.83471155166626 0.75703901052475 0.635378777980804 0.530317783355713 0.45259502530098 0.36704894900322 0.314636737108231 0.164989084005356
0.991894006729126 0.98434591293335 0.972421228885651 0.941462099552155 0.913077890872955 0.90995466709137 0.88337367773056 0.850064694881439 0.814207971096039 0.78980427980423 0.701221406459808 0.558389246463776 0.436465501785278 0.383976012468338 0.277182757854462 0.181711986660957
0.993763148784637 0.984130918979645 0.986721694469452 0.952949285507202 0.90546977519989 0.861129343509674 0.847033262252808 0.837157070636749 0.780762016773224 0.782239854335785 0.762224793434143 0.66820102930069 0.489647567272186 0.578567922115326 0.599518597126007 0.352063834667206
0.995762228965759 0.9892538189888 0.985675990581512 0.962569236755371 0.932190716266632 0.837446570396423 0.802008032798767 0.778749883174896 0.727772176265717 0.725734055042267 0.748212277889252 0.713706970214844 0.679139316082001 0.595150232315063 0.58119535446167 0.567518711090088
0.997049093246460 0.992298305034637 0.975788354873657 0.967718183994293 0.922544598579407 0.8793044090271 0.792022466659546 0.724157750606537 0.709202468395233 0.713165581226349 0.713474094867706 0.705265522003174 0.725675642490387 0.700992822647095 0.648327231407166 0.603403568267822
0.997952997684479 0.994729280471802 0.976751565933228 0.958624362945557 0.926866054534912 0.851011574268341 0.769365966320038 0.695100784301758 0.661769151687622 0.666558742523193 0.68071061372757 0.672381818294525 0.706459999084473 0.709556221961975 0.68616133928299 0.66986483335495
0.991300761699677 0.982059717178345 0.98040097951889 0.970893025398254 0.933670341968536 0.851736128330231 0.756560444831848 0.701910257339478 0.655455946922302 0.65214204788208 0.646759808063507 0.674017488956451 0.693410038948059 0.706209003925323 0.696715235710144 0.699840426445007
0.993083953857422 0.98383754491806 0.969708025455475 0.954045116901398 0.919703900814056 0.824375927448273 0.754676282405853 0.701931416988373 0.666404008865356 0.610000729560852 0.624394178390503 0.644219160079956 0.642921447753906 0.677327394485474 0.689278483390808 0.701025545597076
0.994987785816193 0.982950091362 0.978186309337616 0.973182737827301 0.928810298442841 0.816082298755646 0.749925315380096 0.668354451656342 0.619624316692352 0.585167288780212 0.601413309574127 0.603712618350983 0.624492645263672 0.662821054458618 0.675589203834534 0.683298230171204
0.994938969612122 0.990364491939545 0.975916087627411 0.958833158016205 0.934023320674896 0.867375254631042 0.771702289581299 0.703118503093719 0.602796971797943 0.573944985866547 0.591937959194183 0.607212722301483 0.640345215797424 0.636836647987366 0.665412604808807 0.663955867290497
0.988577783107758 0.963375449180603 0.960919141769409 0.9180988073349 0.862169444561005 0.807065069675446 0.800034642219543 0.676160037517548 0.627314269542694 0.558521628379822 0.581270933151245 0.575313985347748 0.612320125102997 0.622915327548981 0.658157348632812 0.666812479496002
0.988333225250244 0.966701447963715 0.940757930278778 0.895044028759003 0.891764044761658 0.757225692272186 0.794454514980316 0.73442006111145 0.605665624141693 0.589424908161163 0.592842280864716 0.591545581817627 0.611563384532928 0.587356269359589 0.631365060806274 0.630580842494965
0.982198715209961 0.941110670566559 0.915922522544861 0.914492428302765 0.893901169300079 0.812793374061584 0.799953818321228 0.705146253108978 0.644356787204742 0.671305775642395 0.663808524608612 0.62917560338974 0.618873000144958 0.607531130313873 0.654684543609619 0.627086520195007
0.963919103145599 0.940286934375763 0.937418818473816 0.915032863616943 0.888136625289917 0.856476664543152 0.768778145313263 0.74336963891983 0.705650210380554 0.689073145389557 0.667579472064972 0.641677379608154 0.628944933414459 0.632215023040771 0.636016130447388 0.648579359054565
-3.4e+38 0.950180768966675 0.922136843204498 0.917011380195618 0.897710561752319 0.870993435382843 0.791662573814392 0.711942970752716 0.684932053089142 0.642967104911804 0.614402770996094 0.606565177440643 0.617344379425049 0.599816262722015 0.636872589588165 0.63271701335907
-3.4e+38 0.936916768550873 0.927034199237823 0.90652596950531 0.893234014511108 0.836577832698822 0.833356440067291 0.767837226390839 0.658908605575562 0.634105324745178 0.587959945201874 0.578918516635895 0.562306106090546 0.579458117485046 0.614487290382385 0.623444199562073
