data/climate_estimation/maxent_output/Androcymbium_striatum.asc
NCOLS 245 
NROWS 528 
XLLCORNER 21.9166666666667 
YLLCORNER -33.4166666666667 
CELLSIZE 0.0833333333333333 
NODATA_value -3.4e+38 
[rows 437 to 455 of 528, columns 0 to 42 of 245]
0.00258225598372519 0.00261984951794147 0.00282914889976382 0.00385889853350818 0.00454542692750692 0.00413278443738818 0.00440566102042794 0.00457786675542593 0.0046474109403789 0.00470425002276897 0.00514931092038751 0.00694872997701168 0.00726442551240325 0.00837148446589708 0.00854131858795881 0.00991194136440754 0.0109010078012943 0.0133021427318454 0.0161665845662355 0.0176084544509649 0.0211622305214405 0.0187543295323849 0.0197071842849255 0.0206846036016941 0.0214780662208796 0.0193700399249792 0.0196537729352713 0.0191772244870663 0.0220544133335352 0.0226874854415655 0.0242982562631369 0.0267306491732597 0.0288406312465668 0.0283274073153734 0.0294758714735508 0.0310502089560032 0.0332083664834499 0.0357644855976105 0.043404046446085 0.0447279810905457 0.0497388280928135 0.049459308385849 0.0557298772037029
0.00281299487687647 0.00283999578095973 0.00304602412506938 0.00336568895727396 0.00432578008621931 0.00413418607786298 0.00446262583136559 0.00440135877579451 0.00502481078729033 0.00519309844821692 0.00545101892203093 0.00708134146407247 0.00767835322767496 0.00865285284817219 0.0100713903084397 0.00995262991636992 0.010387372225523 0.0127114811912179 0.0153759699314833 0.0180386155843735 0.0212360210716724 0.0120273353531957 0.0219019707292318 0.0210024155676365 0.0203347951173782 0.0209023728966713 0.0200739018619061 0.0199038367718458 0.0221360195428133 0.0239212214946747 0.0253095477819443 0.0255625024437904 0.0282164365053177 0.0281789265573025 0.0323800407350063 0.0330695249140263 0.0345659628510475 0.0351592414081097 0.0399682372808456 0.0446749217808247 0.0515219010412693 0.0552890747785568 0.0606868341565132
0.00247228145599365 0.0029507449362427 0.00305555039085448 0.00303891254588962 0.00343786482699215 0.00414549885317683 0.00443955743685365 0.00451857876032591 0.00464661885052919 0.00497802905738354 0.00550384260714054 0.0076318746432662 0.00840868707746267 0.00924225617200136 0.0101475641131401 0.00581212993711233 0.00582921179011464 0.00677254516631365 0.0142285283654928 0.00991610437631607 0.0117892883718014 0.0123382331803441 0.0125403627753258 0.0221985224634409 0.0213523618876934 0.0223327446728945 0.0208513531833887 0.021929707378149 0.0229570586234331 0.0228936169296503 0.027012761682272 0.0265678782016039 0.02925830706954 0.0321085155010223 0.0305213518440723 0.0288684982806444 0.0302502922713757 0.0352281183004379 0.038374450057745 0.043183870613575 0.0494187064468861 0.062475174665451 0.0656394362449646
0.00263686967082322 0.00268562138080597 0.00280786678195 0.00312584731727839 0.00309005286544561 0.00181481230538338 0.00227335677482188 0.00463804323226213 0.00477608805522323 0.00498904893174767 0.00591663876548409 0.00622026156634092 0.00890251062810421 0.00529982103034854 0.00610745279118419 0.00620607938617468 0.00603661872446537 0.00618705665692687 0.00768502987921238 0.00874290056526661 0.00976334884762764 0.0112621448934078 0.0114978766068816 0.0112809156998992 0.0114201800897717 0.0215800981968641 0.022287068888545 0.0223039034754038 0.0238060671836138 0.0243954304605722 0.0260719079524279 0.0291896630078554 0.0334503017365932 0.0361904539167881 0.0367100723087788 0.0341517589986324 0.0320505574345589 0.0334926247596741 0.0364425741136074 0.0438725538551807 0.0509146936237812 0.0632955133914948 0.0741731598973274
0.00245074182748795 0.00272395415231586 0.00288970931433141 0.00290868408046663 0.00337564200162888 0.00330827990546823 0.00337426760233939 0.00444820569828153 0.00509754801169038 0.00526020210236311 0.00609860895201564 0.0065075890161097 0.00487189739942551 0.00531771732494235 0.00675798067823052 0.00642809178680182 0.0062528564594686 0.00661361170932651 0.00690079759806395 0.00777048990130424 0.00844600517302752 0.00969822704792023 0.01046088244766 0.011358899064362 0.0113705266267061 0.0268731340765953 0.0298932455480099 0.0279406569898129 0.0295862704515457 0.0267225708812475 0.0284342374652624 0.0306086968630552 0.0373999625444412 0.0390260480344296 0.0382258482277393 0.0375778563320637 0.0330131985247135 0.0364923551678658 0.0380463488399982 0.0436241999268532 0.053569070994854 0.0638352707028389 0.0764579400420189
0.00248661916702986 0.00242350134067237 0.00265903957188129 0.0030780965462327 0.00299470219761133 0.00330145517364144 0.00357148260809481 0.00370575883425772 0.00481668440625072 0.00529987504705787 0.00609272345900536 0.00365481246262789 0.00403213547542691 0.00578171759843826 0.0118136946111917 0.00549708586186171 0.0063044554553926 0.00669761328026652 0.0074053187854588 0.00796882342547178 0.0085223400965333 0.00916644651442766 0.00988047663122416 0.0113020278513432 0.0142754008993506 0.0300070121884346 0.0343852154910564 0.0330442674458027 0.0317703783512115 0.0287534333765507 0.0303539875894785 0.0345601662993431 0.0367485396564007 0.0397676676511765 0.0400726497173309 0.039803858846426 0.0420638993382454 0.0373631976544857 0.0389619059860706 0.0422287620604038 0.0493892692029476 0.0615205354988575 0.0832670331001282
0.0021007233299315 0.00246929610148072 0.00240326183848083 0.0027852279599756 0.00281559908762574 0.00323870102874935 0.00356124434620142 0.00365692796185613 0.00510280719026923 0.00525259273126721 0.00595984142273664 0.00384573242627084 0.00718040065839887 0.0119188642129302 0.0100346859544516 0.00596681796014309 0.00682438910007477 0.007039331831038 0.00788932386785746 0.00820475351065397 0.00936561170965433 0.00969849247485399 0.013174632564187 0.0140900462865829 0.0295968521386385 0.0286279357969761 0.0354178547859192 0.0367460027337074 0.0349035486578941 0.0369498543441296 0.0320606827735901 0.0350640118122101 0.0400210991501808 0.0439185909926891 0.0459264181554317 0.0436885841190815 0.0451365895569324 0.051885362714529 0.0422988869249821 0.0461242906749249 0.0547836348414421 0.0671319589018822 0.0858697220683098
0.00222224718891084 0.00226634880527854 0.00222874409519136 0.0026188287883997 0.00293001579120755 0.00336804613471031 0.00383571884594858 0.00361597980372608 0.00412692176178098 0.00545134954154491 0.00653801206499338 0.00673205452039838 0.00751910172402859 0.0085991034284234 0.00562478462234139 0.00608249008655548 0.00658247712999582 0.00718881608918309 0.0101400064304471 0.0105738267302513 0.0110814906656742 0.0129949925467372 0.0140325995162129 0.0155892968177795 0.0291225742548704 0.0326017439365387 0.0374949090182781 0.0395169742405415 0.0387096330523491 0.0429320484399796 0.0433413237333298 0.0389331020414829 0.041367694735527 0.0485612750053406 0.0489502809941769 0.0475949048995972 0.0525234676897526 0.0554453991353512 0.0578764453530312 0.0569605603814125 0.0633175298571587 0.072925940155983 0.0843490734696388
0.000390940258512273 0.00199928623624146 0.00230585783720016 0.00277118710801005 0.00286675989627838 0.00305926566943526 0.00358680658973753 0.00383908441290259 0.00416355673223734 0.00532719492912292 0.00607338128611445 0.00668033724650741 0.00761391222476959 0.00750196818262339 0.00577032007277012 0.00665797619149089 0.00675305770710111 0.00762096513062716 0.00852853618562222 0.0104390829801559 0.0116094835102558 0.0131756970658898 0.0153135154396296 0.0156170623376966 0.0182082392275333 0.0373473912477493 0.0405734926462173 0.0449479222297668 0.0466274805366993 0.0409799814224243 0.0496066398918629 0.0508244670927525 0.0560701340436935 0.0462950021028519 0.0444765202701092 0.0438331328332424 0.047261256724596 0.0581207796931267 0.0639125108718872 0.0683200508356094 0.0613663755357265 0.0697138980031013 0.0918458551168442
0.00036624722997658 0.000360803591320291 0.000428806670242921 0.00263802357949317 0.0029969064053148 0.00311242113821208 0.00325196539051831 0.00369799579493701 0.00405186507850885 0.00437673600390553 0.00634167855605483 0.00682993186637759 0.00737757375463843 0.00449357880279422 0.00629839301109314 0.00685723032802343 0.00813072454184294 0.0084863007068634 0.0086820125579834 0.00967535190284252 0.0125980237498879 0.0141384284943342 0.01621038839221 0.0181152056902647 0.0203518588095903 0.0430522114038467 0.048479788005352 0.0490521118044853 0.0534333065152168 0.0530708506703377 0.0518543049693108 0.0485910885035992 0.0482058525085449 0.04047517105937 0.0412934124469757 0.0407630577683449 0.0439102128148079 0.0552150309085846 0.0563074387609959 0.064558357000351 0.0671202093362808 0.0716797336935997 0.0806090608239174
0.000384381884941831 0.000417096540331841 0.000406615115934983 0.000506930809933692 0.00283738505095243 0.00296690710820258 0.00328948767855763 0.00388737046159804 0.00428911205381155 0.00475831748917699 0.00655967369675636 0.00682523055002093 0.00794409308582544 0.0049826679751277 0.00509873032569885 0.00690748542547226 0.00804914999753237 0.00972797349095345 0.00973648950457573 0.0102192349731922 0.0107344444841146 0.0145004410296679 0.0166353471577168 0.0179086029529572 0.0225757192820311 0.0488859117031097 0.0570525377988815 0.0572320781648159 0.0610014908015728 0.0564340762794018 0.0491126254200935 0.0434969291090965 0.0415913984179497 0.0408638007938862 0.0355920866131783 0.0374585539102554 0.0389116816222668 0.0428522936999798 0.0491355322301388 0.0576256811618805 0.0686236917972565 0.0716021806001663 0.0731692463159561
0.000348744390066713 0.000382087106117979 0.000410508277127519 0.000506321841385216 0.00287418556399643 0.00337776192463934 0.00376360979862511 0.0039489190094173 0.00436925981193781 0.00492484960705042 0.00648882007226348 0.00726996222510934 0.00825198739767075 0.00542080774903297 0.00612161541357636 0.00844462960958481 0.00841016881167889 0.00812255777418613 0.00941495411098003 0.0111792562529445 0.0130881564691663 0.0152949374169111 0.0174193345010281 0.0200615953654051 0.0409163944423199 0.0453828684985638 0.0562043339014053 0.0592255368828773 0.0567340701818466 0.0544661767780781 0.0470766648650169 0.0420583039522171 0.0379370599985123 0.0353653728961945 0.0365793369710445 0.0323922820389271 0.0349677316844463 0.0413843579590321 0.0445445887744427 0.0528046377003193 0.062244888395071 0.0659250691533089 0.0717082396149635
0.000321329658618197 0.000382332829758525 0.000387122068786994 0.000486450706375763 0.00325532373972237 0.00358253833837807 0.0040597259066999 0.00414025038480759 0.00411095470190048 0.00438560824841261 0.0063096028752625 0.007311693392694 0.00813916698098183 0.0121375201269984 0.0114828310906887 0.00993920862674713 0.00988602731376886 0.010958218947053 0.0108990846201777 0.011048698797822 0.0118835186585784 0.0168650466948748 0.0192945674061775 0.0204486809670925 0.03970692679286 0.0482050403952599 0.0514706745743752 0.0524178482592106 0.0529818721115589 0.0532466769218445 0.0466930642724037 0.0413134507834911 0.0368315950036049 0.0313674919307232 0.0321039818227291 0.0344479270279408 0.0325166583061218 0.0382353626191616 0.0411935113370419 0.0474319644272327 0.0602765046060085 0.061177346855402 0.0658143311738968
0.000328762718709186 0.000406937964726239 0.000485722703160718 0.000494530075229704 0.00361330201849341 0.00397861376404762 0.00425745127722621 0.00468239560723305 0.00477574579417706 0.00506173726171255 0.00600938685238361 0.007311693392694 0.00480466615408659 0.0116979284211993 0.0121718915179372 0.0102536352351308 0.0112585946917534 0.0127596715465188 0.0140872206538916 0.0156222619116306 0.015052585862577 0.0194323509931564 0.0182735044509172 0.0214614365249872 0.0436549931764603 0.0488073192536831 0.0526513755321503 0.0511953495442867 0.0495850741863251 0.0483429878950119 0.0470131821930408 0.0424590930342674 0.0392014160752296 0.0297612436115742 0.0269170217216015 0.0328861400485039 0.036015473306179 0.0348328575491905 0.0392822548747063 0.0458929911255836 0.0571532025933266 0.057729572057724 0.0586134046316147
0.000399233162170276 0.000418509793234989 0.000504520488902926 0.00322271138429642 0.00379372644238174 0.00427888706326485 0.00525418296456337 0.00562765588983893 0.00546202762052417 0.00639497814700007 0.00698102731257677 0.007311693392694 0.00443694368004799 0.00550819747149944 0.010867141187191 0.00914455763995647 0.0105288540944457 0.0118767637759447 0.0144511554390192 0.0183088425546885 0.0245326068252325 0.0265622157603502 0.0242044925689697 0.0212643593549728 0.0437729209661484 0.0544122643768787 0.0616366676986217 0.065453939139843 0.0564361698925495 0.0501034073531628 0.0432832613587379 0.0397132895886898 0.0370934903621674 0.0302375201135874 0.0261441357433796 0.0256672482937574 0.0321634374558926 0.0399953126907349 0.0478459373116493 0.0568125434219837 0.0637363940477371 0.0616741180419922 0.0672613382339478
0.000436793779954314 0.00274777179583907 0.00286601088009775 0.00334079004824162 0.00433440273627639 0.0051874672062695 0.00711895013228059 0.006985395681113 0.00792519375681877 0.00797340925782919 0.00713682547211647 0.00722554000094533 0.00799867138266563 0.00532198464497924 0.00688921846449375 0.00925180967897177 0.0103535708039999 0.0117006013169885 0.0139229223132133 0.0166475772857666 0.0238971300423145 0.0281382892280817 0.0279119536280632 0.0307569205760956 0.0303280968219042 0.038350485265255 0.0794182568788528 0.0889458283782005 0.0660761445760727 0.0540614873170853 0.048892792314291 0.0425258539617062 0.033543586730957 0.028613593429327 0.0249630194157362 0.0268427040427923 0.0331231504678726 0.0513811968266964 0.0568758808076382 0.0605610236525536 0.0611229874193668 0.0574325285851955 0.0720918849110603
0.0027296154294163 0.00283482391387224 0.0034412401728332 0.00404442986473441 0.00466186227276921 0.00549103226512671 0.00812436081469059 0.0111803812906146 0.00990902539342642 0.00827078893780708 0.00830068252980709 0.00798432249575853 0.00487416982650757 0.00605955254286528 0.0102931316941977 0.0108429044485092 0.0125441458076239 0.0138473827391863 0.0153517937287688 0.0173190124332905 0.0215294621884823 0.0307246521115303 0.0334171801805496 0.0361102297902107 0.037528570741415 0.0443893931806087 0.0916856527328491 0.100399926304817 0.0822943449020386 0.0744372233748436 0.060601893812418 0.0420734621584415 0.0330317690968513 0.0207471065223217 0.026285907253623 0.0364123284816742 0.0652249455451965 0.0606548637151718 0.0503208599984646 0.0469254888594151 0.0509368292987347 0.060368038713932 0.0826829820871353
0.00284554623067379 0.00353994546458125 0.00353956501930952 0.00401512812823057 0.00477834464982152 0.00616654194891453 0.0107060261070728 0.0148534392938018 0.0126168169081211 0.00896884594112635 0.00856641493737698 0.00788266304880381 0.00963471550494432 0.00611858209595084 0.011306956410408 0.0161057896912098 0.0147305186837912 0.0193440429866314 0.0214449185878038 0.0213559959083796 0.0294980406761169 0.0323779098689556 0.0380953289568424 0.0426045954227448 0.0449844300746918 0.0535059981048107 0.0621148645877838 0.0572786666452885 0.0873280540108681 0.0766505897045135 0.0679455026984215 0.0562187880277634 0.0410849079489708 0.0210228953510523 0.0270744506269693 0.0308673214167356 0.0398089252412319 0.0536356754601002 0.0503295995295048 0.0565561279654503 0.0601385571062565 0.07684475928545 0.0752330496907234
0.00317224627360702 0.003564398502931 0.00424310890957713 0.00457922788336873 0.00466331001371145 0.00762662710621953 0.0122590539976954 0.0140806827694178 0.0122172012925148 0.00995405111461878 0.0088464617729187 0.00903473235666752 0.00979671627283096 0.00767416041344404 0.00986675079911947 0.015262727625668 0.0232193078845739 0.0235870406031609 0.0249006114900112 0.032168310135603 0.0349969416856766 0.0388117544353008 0.0433580242097378 0.0492722652852535 0.0590922497212887 0.0593861639499664 0.0560188218951225 0.0547676980495453 0.0835590437054634 0.0747944861650467 0.0640449747443199 0.0338502302765846 0.0330629944801331 0.0211802534759045 0.0203132405877113 0.0305393375456333 0.0403642095625401 0.0477753952145576 0.0555546060204506 0.0661306083202362 0.0853682532906532 0.0632481873035431 0.0648519918322563
