data/climate_estimation/maxent_output/Androcymbium_dregei.asc
NCOLS 171 
NROWS 98 
XLLCORNER 17.25 
YLLCORNER -33.8333333333333 
CELLSIZE 0.0833333333333333 
NODATA_value -3.4e+38 
[rows 20 to 39 of 98, columns 44 to 87 of 171]
0.00821029767394066 0.00796827115118504 0.00777144217863679 0.00823601428419352 0.00753942038863897 0.00786801520735025 0.00702734151855111 0.00675544375553727 0.00717141758650541 0.00672897044569254 0.00648218765854836 0.00626261672005057 0.00599062442779541 0.0059748524799943 0.00584485894069076 0.00554166547954082 0.00497401272878051 0.0276404749602079 0.0267653167247772 0.0247142147272825 0.0272423606365919 0.0252824779599905 0.0246449802070856 0.0246160663664341 0.0235377084463835 0.0923207998275757 0.0946408212184906 0.0911874622106552 0.0854447707533836 0.0843688175082207 0.0833083614706993 0.123609639704227 0.121865421533585 0.128170102834702 0.119992628693581 0.119419999420643 0.106418564915657 0.0991916805505753 0.0929860547184944 0.0912568792700768 0.0725252106785774 0.0681397020816803 0.0622657462954521 0.0712337866425514
0.00842202641069889 0.00795787665992975 0.00799684133380651 0.00799268763512373 0.00767686497420073 0.00746744405478239 0.00692226039245725 0.00695892004296184 0.00671918503940105 0.00642061978578568 0.00672343512997031 0.00653788587078452 0.00627335719764233 0.00576220918446779 0.00540683139115572 0.00543531309813261 0.029725780710578 0.0271661765873432 0.0241933427751064 0.0263156071305275 0.0249431915581226 0.0245660506188869 0.0239066369831562 0.0245101153850555 0.0794582664966583 0.097665898501873 0.0959626734256744 0.0920427218079567 0.0865498334169388 0.0846887454390526 0.0809879750013351 0.12462056428194 0.119730085134506 0.122890703380108 0.122050166130066 0.11003764718771 0.106122218072414 0.104032270610332 0.097044326364994 0.0905054807662964 0.0852419808506966 0.0716649517416954 0.0717809870839119 0.0686776638031006
0.0081621864810586 0.00820750184357166 0.00768394349142909 0.00789941009134054 0.00796566717326641 0.00790452770888805 0.00699855852872133 0.00737943686544895 0.00719890277832747 0.00698204850777984 0.00610551238059998 0.00600330857560039 0.00600205780938268 0.00592831755056977 0.0310668423771858 0.0288923066109419 0.0280413255095482 0.025932164862752 0.0255588684231043 0.0845733359456062 0.0822734236717224 0.0821583271026611 0.0834965109825134 0.0820517092943192 0.0822661146521568 0.0947683975100517 0.0929571911692619 0.0961606577038765 0.0901415050029755 0.130582839250565 0.133188456296921 0.125751852989197 0.127794653177261 0.122967205941677 0.116705894470215 0.111548386514187 0.11403352022171 0.0874408707022667 0.0934572964906693 0.0925233513116837 0.091627411544323 0.0702882334589958 0.0785544067621231 0.0732937455177307
0.00848308578133583 0.00774075416848063 0.00888021383434534 0.00821802485734224 0.00742503022775054 0.00721633527427912 0.00736384186893702 0.00703799491748214 0.00752114364877343 0.00680595682933927 0.00651259999722242 0.00665483670309186 0.0060210726223886 0.0316731669008732 0.0316386073827744 0.0276680719107389 0.0272251609712839 0.0252291765064001 0.082735575735569 0.0865128636360168 0.0823778733611107 0.078471727669239 0.0810046941041946 0.0844049379229546 0.0834396779537201 0.100805006921291 0.10014882683754 0.0979665145277977 0.139993444085121 0.135069519281387 0.126924648880959 0.124939627945423 0.125687330961227 0.120731726288795 0.122093819081783 0.117813251912594 0.113216735422611 0.0840177163481712 0.0982251912355423 0.0945166051387787 0.087382473051548 0.0718968659639359 0.0696120634675026 0.0786399692296982
0.00866252556443214 0.00827510748058558 0.00864264089614153 0.00842425134032965 0.00799702852964401 0.00828407984226942 0.00788215268403292 0.00755730317905545 0.00767424702644348 0.00680247554555535 0.0358177572488785 0.0343290418386459 0.0317695438861847 0.0314426496624947 0.0314089171588421 0.0275816489011049 0.0296520572155714 0.0887563824653625 0.0811291038990021 0.0787372291088104 0.110905677080154 0.0793620124459267 0.0763949006795883 0.0834241509437561 0.0810060873627663 0.0991716757416725 0.0855849161744118 0.153824046254158 0.146489277482033 0.139296039938927 0.132872238755226 0.133887842297554 0.13252167403698 0.130197316408157 0.131587713956833 0.115922339260578 0.0975481867790222 0.0941312238574028 0.0872694104909897 0.101683087646961 0.0957558825612068 0.0775282829999924 0.0777427703142166 0.0763611048460007
0.0092012258246541 0.00849263090640306 0.00867882370948792 0.00830753333866596 0.00823244825005531 0.00855474919080734 0.00804541353136301 0.00738521665334702 0.0385611988604069 0.0354744158685207 0.0375748313963413 0.0341366045176983 0.0333379022777081 0.032710537314415 0.0324176363646984 0.0294471103698015 0.100687995553017 0.0892485603690147 0.0780273675918579 0.112646520137787 0.110670626163483 0.114217109978199 0.111736841499805 0.0801269710063934 0.0871413946151733 0.112245082855225 0.109402790665627 0.156985312700272 0.154530465602875 0.153199389576912 0.138297334313393 0.133048340678215 0.132578462362289 0.133029729127884 0.1263058334589 0.102453947067261 0.0954901874065399 0.0947960913181305 0.0904649943113327 0.0838082730770111 0.0983764678239822 0.0965448245406151 0.0859961435198784 0.0863191038370132
0.00950574781745672 0.00916057918220758 0.00937297008931637 0.00862817838788033 0.00879054795950651 0.00814246945083141 0.041894506663084 0.0413248501718044 0.0398421697318554 0.0397140756249428 0.0397571660578251 0.0364763736724854 0.0325501523911953 0.0308602079749107 0.0316057093441486 0.103624686598778 0.0957998707890511 0.0873452797532082 0.0876649767160416 0.115741088986397 0.112172514200211 0.103602401912212 0.113758780062199 0.12375221401453 0.140403419733047 0.168384030461311 0.142910450696945 0.168775916099548 0.16447015106678 0.155825316905975 0.150829926133156 0.121017917990685 0.133782386779785 0.116274617612362 0.113256551325321 0.109043039381504 0.0994311198592186 0.0946259126067162 0.0869455337524414 0.088973194360733 0.0890184715390205 0.106991648674011 0.089508593082428 0.0872178748250008
0.00996413547545671 0.00946816429495811 0.00856176018714905 0.00875442381948233 0.0477467440068722 0.044765118509531 0.0472435131669044 0.0430045798420906 0.0422812439501286 0.0418003350496292 0.0385684780776501 0.0384815558791161 0.0359863452613354 0.108830220997334 0.109088145196438 0.0981647074222565 0.091312475502491 0.0942211598157883 0.124892331659794 0.113802038133144 0.119889922440052 0.111454889178276 0.10879298299551 0.135452911257744 0.141720443964005 0.182542487978935 0.16103658080101 0.190544277429581 0.180725693702698 0.169879570603371 0.163537040352821 0.128441229462624 0.127285987138748 0.125540554523468 0.109802663326263 0.108711563050747 0.102720849215984 0.0965940356254578 0.0918359979987144 0.0918241739273071 0.0938665270805359 0.0945076867938042 0.0877207443118095 0.0901149660348892
0.0103904847055674 0.00978868640959263 0.0482049286365509 0.053793303668499 0.0530524663627148 0.047080360352993 0.0479413531720638 0.0442958362400532 0.0446467734873295 0.0431213602423668 0.0373646765947342 0.038919486105442 0.113735862076283 0.118915885686874 0.111211486160755 0.0995460227131844 0.0975137427449226 0.101080752909184 0.138471692800522 0.126518741250038 0.123714677989483 0.117368042469025 0.127064257860184 0.151829779148102 0.16490738093853 0.170933336019516 0.202238664031029 0.199163690209389 0.195337459445 0.180706679821014 0.177570998668671 0.135999888181686 0.152960255742073 0.12489815056324 0.121026895940304 0.111638709902763 0.102000847458839 0.100416243076324 0.0927429124712944 0.0923199579119682 0.0949436128139496 0.0933303013443947 0.0909900963306427 0.0827499553561211
0.0594543181359768 0.0566266439855099 0.0551669597625732 0.0559275448322296 0.0496337227523327 0.050208393484354 0.050208393484354 0.0447969920933247 0.0472277142107487 0.0436831414699554 0.136543601751328 0.13072544336319 0.119168825447559 0.123918704688549 0.113119177520275 0.110918000340462 0.163427397608757 0.144015118479729 0.147993937134743 0.14461225271225 0.131785959005356 0.135884672403336 0.150632426142693 0.177940651774406 0.198289170861244 0.208895951509476 0.199267953634262 0.21349424123764 0.211247190833092 0.172065377235413 0.191244021058083 0.172309949994087 0.158093065023422 0.131235048174858 0.117458134889603 0.10978290438652 0.100990451872349 0.0988106057047844 0.0943671762943268 0.107545033097267 0.10372531414032 0.0899742767214775 0.0710394531488419 0.0794422775506973
0.0554615035653114 0.0613324567675591 0.0576713941991329 0.057555478066206 0.0567057430744171 0.0508076883852482 0.049568198621273 0.0485865958034992 0.0453802049160004 0.149119809269905 0.144817262887955 0.140525713562965 0.124265410006046 0.121219396591187 0.117371946573257 0.163168758153915 0.161567479372025 0.157487407326698 0.151867836713791 0.153561025857925 0.155490949749947 0.16824509203434 0.185128435492516 0.195877239108086 0.227609306573868 0.244606956839561 0.253019571304321 0.253552883863449 0.233144477009773 0.185055032372475 0.197397008538246 0.194097295403481 0.170163527131081 0.162129476666451 0.122984074056149 0.114644609391689 0.106243722140789 0.0981043204665184 0.0976776406168938 0.100856848061085 0.0872969403862953 0.0715609341859818 0.0756845697760582 0.0787163153290749
0.0639463663101196 0.0603192411363125 0.0632882341742516 0.0610432848334312 0.05435561388731 0.0554443076252937 0.0511592626571655 0.0484003573656082 0.158728197216988 0.160383656620979 0.136402562260628 0.136738538742065 0.122698120772839 0.127235889434814 0.166690036654472 0.169826477766037 0.170412391424179 0.15573550760746 0.164381310343742 0.16876694560051 0.176536753773689 0.181789934635162 0.19941945374012 0.229730606079102 0.260272800922394 0.320881545543671 0.303888380527496 0.270241916179657 0.250325590372086 0.198830097913742 0.214366421103477 0.201311737298965 0.180575102567673 0.166753903031349 0.128876879811287 0.123777583241463 0.114698581397533 0.123708918690681 0.10871297866106 0.0811600461602211 0.0665213763713837 0.0645707994699478 0.0698792263865471 0.0730101764202118
0.0631719455122948 0.0658305808901787 0.0621428899466991 0.0669674947857857 0.0635090321302414 0.0571064464747906 0.0541933588683605 0.16062593460083 0.166671365499496 0.152356445789337 0.145531207323074 0.133979275822639 0.192472413182259 0.181668773293495 0.18733611702919 0.182739228010178 0.169201746582985 0.174541294574738 0.176679998636246 0.182577267289162 0.198351174592972 0.20127360522747 0.209733530879021 0.244309082627296 0.271202504634857 0.316403388977051 0.300443142652512 0.267135173082352 0.256997346878052 0.222486793994904 0.193290174007416 0.209827437996864 0.190347760915756 0.178209707140923 0.152429297566414 0.119790494441986 0.128080621361732 0.121365271508694 0.0883641317486763 0.0575730353593826 0.0543215647339821 0.0591315180063248 0.0697310045361519 0.0740180015563965
0.066440187394619 0.0746699497103691 0.0673697665333748 0.0661283805966377 0.0640644282102585 0.0609562508761883 0.182351306080818 0.184104904532433 0.167453423142433 0.156141638755798 0.144214987754822 0.199605584144592 0.19410802423954 0.183042630553246 0.18671627342701 0.178914055228233 0.175986602902412 0.184595793485641 0.181969821453094 0.183830007910728 0.19501593708992 0.223003521561623 0.227766811847687 0.238074645400047 0.266524642705917 0.308367788791656 0.31263256072998 0.295739948749542 0.270234018564224 0.227574661374092 0.207365557551384 0.18754731118679 0.18419536948204 0.169048503041267 0.146083980798721 0.114196419715881 0.1270941644907 0.110973410308361 0.0721208676695824 0.0528321079909801 0.05104885622859 0.0551006458699703 0.0710339397192001 0.0762761980295181
0.0708405300974846 0.0715087354183197 0.0738573968410492 0.0643429979681969 0.216312691569328 0.206965267658234 0.185731619596481 0.182844817638397 0.174292176961899 0.151717409491539 0.210528790950775 0.205876514315605 0.189896181225777 0.19891619682312 0.182122200727463 0.184804230928421 0.182627886533737 0.186421498656273 0.192385137081146 0.206255570054054 0.207680463790894 0.200508996844292 0.215643987059593 0.227157637476921 0.269057542085648 0.266109645366669 0.323630899190903 0.267314165830612 0.280032575130463 0.237509414553642 0.237138718366623 0.180586755275726 0.16042397916317 0.167387068271637 0.14636592566967 0.133277758955956 0.118934839963913 0.0818034037947655 0.0632454305887222 0.0561867877840996 0.0638716146349907 0.065568208694458 0.0743843764066696 0.0704621747136116
0.255001068115234 0.232869997620583 0.261822521686554 0.232830569148064 0.224685713648796 0.205781221389771 0.202802091836929 0.180563122034073 0.167893320322037 0.214319989085197 0.205314561724663 0.207434460520744 0.191237181425095 0.206628069281578 0.184976994991302 0.188301056623459 0.179067596793175 0.186815366148949 0.196117714047432 0.214888900518417 0.19775202870369 0.214125141501427 0.216586336493492 0.21953772008419 0.252938091754913 0.266960710287094 0.289534449577332 0.274224460124969 0.249803498387337 0.221053063869476 0.226200044155121 0.183102801442146 0.154138386249542 0.136352956295013 0.144089236855507 0.126433193683624 0.0978577136993408 0.0692959651350975 0.0664094910025597 0.0649119839072227 0.0714386850595474 0.076709508895874 0.0840260684490204 0.0763345584273338
0.259866505861282 0.231099903583527 0.23105189204216 0.221000850200653 0.222415924072266 0.20317117869854 0.182572141289711 0.176857560873032 0.231939122080803 0.227205500006676 0.207755401730537 0.204114079475403 0.195944711565971 0.189355626702309 0.186196595430374 0.170636892318726 0.182822376489639 0.175629541277885 0.202035576105118 0.20559298992157 0.183686211705208 0.204927444458008 0.202537015080452 0.234716579318047 0.244198456406593 0.263489454984665 0.27053228020668 0.257504105567932 0.246416419744492 0.22249148786068 0.198894441127777 0.194959342479706 0.150202244520187 0.132158204913139 0.12142837792635 0.103708788752556 0.0817242115736008 0.0712499916553497 0.0663800835609436 0.0697588324546814 0.0774476081132889 0.0758592039346695 0.0903815105557442 0.0868989899754524
0.268782317638397 0.257136225700378 0.242094546556473 0.214757218956947 0.213438004255295 0.196643188595772 0.190456554293633 0.257030516862869 0.247666612267494 0.222893923521042 0.201612159609795 0.194641709327698 0.178354308009148 0.184605777263641 0.179579958319664 0.176324754953384 0.179215833544731 0.175646036863327 0.193839326500893 0.179371878504753 0.198567405343056 0.215715318918228 0.210263028740883 0.226062268018723 0.241718202829361 0.265267491340637 0.264314115047455 0.258139789104462 0.229052349925041 0.214980483055115 0.189864248037338 0.16339448094368 0.146442160010338 0.125269964337349 0.108507215976715 0.0903156921267509 0.0804043635725975 0.071684293448925 0.0725506097078323 0.0734801068902016 0.0760385766625404 0.0844971984624863 0.0771135240793228 0.0837575793266296
0.265338599681854 0.250594824552536 0.234881475567818 0.217073619365692 0.190479889512062 0.199705675244331 0.179833292961121 0.291251301765442 0.264801472425461 0.242908030748367 0.201706811785698 0.195100516080856 0.181465283036232 0.172592848539352 0.162934675812721 0.169935435056686 0.167717471718788 0.179930493235588 0.188710778951645 0.18056845664978 0.188159868121147 0.211735010147095 0.21212999522686 0.233548700809479 0.249022245407104 0.252586752176285 0.245341658592224 0.243848502635956 0.216851234436035 0.201367080211639 0.183236494660378 0.161909013986588 0.133204638957977 0.0892843529582024 0.0813278257846832 0.0804417282342911 0.0764840543270111 0.0787185728549957 0.0790570378303528 0.0793661177158356 0.0790067091584206 0.0817045718431473 0.0850173681974411 0.078579381108284
0.253141939640045 0.216387078166008 0.221342206001282 0.20864249765873 0.226675271987915 0.214062005281448 0.269396662712097 0.236872598528862 0.229864254593849 0.229074403643608 0.218955665826797 0.201365798711777 0.169520080089569 0.169524818658829 0.158589377999306 0.170461431145668 0.167153283953667 0.166046783328056 0.16897739470005 0.180041819810867 0.191043019294739 0.210205629467964 0.216469556093216 0.242293834686279 0.247796252369881 0.236614495515823 0.227663055062294 0.219411104917526 0.195620685815811 0.188976362347603 0.169676601886749 0.157042518258095 0.0990218967199326 0.0801617875695229 0.0731582641601562 0.0696454346179962 0.0659385025501251 0.0811656564474106 0.0851590111851692 0.0858075097203255 0.0841674581170082 0.0875228643417358 0.0925595834851265 0.0792817547917366
