data/climate_estimation/maxent_output/Androcymbium_longipes.asc
NCOLS 147 
NROWS 116 
XLLCORNER 20.4166666666667 
YLLCORNER -34.3333333333333 
CELLSIZE 0.0833333333333333 
NODATA_value -3.4e+38 
[rows 40 to 59 of 116, columns 90 to 134 of 147]
0.569956183433533 0.582676649093628 0.582109868526459 0.606137156486511 0.614601671695709 0.639808416366577 0.653127908706665 0.685788333415985 0.676282584667206 0.687884926795959 0.673334538936615 0.656195998191833 0.668916523456573 0.704142808914185 0.71715921163559 0.749509453773499 0.813635647296906 0.836894690990448 0.855179727077484 0.873616576194763 0.888243198394775 0.849848687648773 0.825345993041992 0.782067477703094 0.844933927059174 0.924331307411194 0.941921174526215 0.946401298046112 0.964744031429291 0.957972764968872 0.974985361099243 0.984031021595001 0.987675368785858 0.992514073848724 0.994863092899323 0.997365534305573 0.997927606105804 0.998952448368073 0.998769700527191 0.999243855476379 0.998086154460907 0.987564504146576 0.972909927368164 0.929280877113342 0.963500559329987
0.607883214950562 0.605823695659637 0.61216789484024 0.647057950496674 0.616579174995422 0.661284208297729 0.706078112125397 0.698124051094055 0.721967041492462 0.676417112350464 0.671784102916718 0.6775261759758 0.727100074291229 0.713098049163818 0.741258144378662 0.780619740486145 0.833333909511566 0.856189131736755 0.87002158164978 0.879094541072845 0.887976765632629 0.867487967014313 0.870156943798065 0.901973068714142 0.912503182888031 0.92271488904953 0.928587555885315 0.94601434469223 0.941088736057281 0.968968391418457 0.967825949192047 0.983216404914856 0.990596771240234 0.989999294281006 0.994387209415436 0.997304320335388 0.998462796211243 0.99886018037796 0.999283134937286 0.997831761837006 0.994373977184296 0.989975988864899 0.959419190883636 0.917250633239746 0.911543786525726
0.617507457733154 0.651638150215149 0.660313725471497 0.657597243785858 0.673678517341614 0.695091545581818 0.737750053405762 0.762742459774017 0.72474467754364 0.74223792552948 0.740645468235016 0.741787731647491 0.74374532699585 0.74640017747879 0.766208946704865 0.84341299533844 0.857872903347015 0.866802394390106 0.874121069908142 0.871661603450775 0.888043463230133 0.855035066604614 0.882356882095337 0.892488479614258 0.906500816345215 0.923893988132477 0.930579483509064 0.951155066490173 0.958601415157318 0.97281014919281 0.9722039103508 0.982211947441101 0.988695502281189 0.99446702003479 0.994842052459717 0.996988296508789 0.998055696487427 0.998399138450623 0.999048054218292 0.998771548271179 0.993178248405457 0.978595018386841 0.97685581445694 0.918506681919098 0.883246243000031
0.628569781780243 0.69249153137207 0.711409091949463 0.7212273478508 0.733812153339386 0.748582482337952 0.770798146724701 0.801508784294128 0.813891470432281 0.818341851234436 0.828656196594238 0.811168730258942 0.844564020633698 0.806286692619324 0.809781908988953 0.866535604000092 0.859908878803253 0.863742232322693 0.875313699245453 0.826140880584717 0.75272798538208 0.660033047199249 0.86664891242981 0.835570573806763 0.847255349159241 0.766980171203613 0.732181251049042 0.902775228023529 0.972567617893219 0.977296829223633 0.97025465965271 0.981031835079193 0.987444758415222 0.993796110153198 0.993741571903229 0.99569308757782 0.998276770114899 0.999268591403961 0.999287247657776 0.996932923793793 0.992087602615356 0.98128080368042 0.969215214252472 0.935046136379242 0.905018150806427
0.680388212203979 0.710017383098602 0.751510381698608 0.78287810087204 0.77574235200882 0.795859158039093 0.81134819984436 0.85256165266037 0.873225808143616 0.884395480155945 0.891241252422333 0.886408388614655 0.898100972175598 0.877579271793365 0.874695658683777 0.874617278575897 0.873469829559326 0.870560884475708 0.8077751994133 0.717112898826599 0.629380404949188 0.568993508815765 0.759199142456055 0.792741775512695 0.656566798686981 0.714656591415405 0.722557365894318 0.86231917142868 0.958738625049591 0.974977672100067 0.978014647960663 0.979476273059845 0.985287427902222 0.993592500686646 0.994143784046173 0.997165083885193 0.997050642967224 0.99821263551712 0.99937379360199 0.997725784778595 0.986276924610138 0.957472860813141 0.944020926952362 0.926618456840515 0.863479018211365
0.759446203708649 0.771903812885284 0.776375949382782 0.771187543869019 0.826659381389618 0.831236839294434 0.842716693878174 0.840073227882385 0.8459512591362 0.904081702232361 0.921107411384583 0.909352362155914 0.913526654243469 0.911337614059448 0.902139127254486 0.908203363418579 0.862625122070312 0.740586161613464 0.604503452777863 0.475070357322693 0.617504060268402 0.532315194606781 0.557476043701172 0.567699551582336 0.658348977565765 0.539160549640656 0.629131019115448 0.780451476573944 0.952726900577545 0.969678997993469 0.982295334339142 0.983681261539459 0.984337985515594 0.991561532020569 0.992201864719391 0.9952352643013 0.997291445732117 0.998840928077698 0.999169528484344 0.99824720621109 0.989308834075928 0.968662917613983 0.938548862934113 0.937375783920288 0.878484427928925
0.781067252159119 0.778792500495911 0.790230453014374 0.820468544960022 0.814003169536591 0.828248262405396 0.875413060188293 0.838196039199829 0.790286719799042 0.910175144672394 0.925771653652191 0.925856173038483 0.929148614406586 0.906209945678711 0.865462839603424 0.814892709255219 0.676167070865631 0.513071954250336 0.655231714248657 0.519798636436462 0.435730695724487 0.38567841053009 0.433342218399048 0.513156533241272 0.572208642959595 0.508991837501526 0.561482667922974 0.91853940486908 0.942577004432678 0.968744337558746 0.973570227622986 0.964580655097961 0.972209751605988 0.989195287227631 0.992904305458069 0.994580626487732 0.998401582241058 0.998322486877441 0.999396502971649 0.999107420444489 0.991036772727966 0.955108404159546 0.893478810787201 0.903065085411072 0.876103162765503
0.762659907341003 0.800684928894043 0.804159283638 0.830767691135406 0.838174819946289 0.870292603969574 0.873897135257721 0.821948945522308 0.756854176521301 0.769413709640503 0.914969325065613 0.936027526855469 0.884216248989105 0.65115875005722 0.549483120441437 0.596665859222412 0.596500158309937 0.551793038845062 0.628484189510345 0.561658143997192 0.446602404117584 0.567323684692383 0.529928922653198 0.394512534141541 0.437465637922287 0.557994544506073 0.637667298316956 0.76041179895401 0.642904102802277 0.947798192501068 0.96608579158783 0.978629529476166 0.982202887535095 0.990932881832123 0.991579353809357 0.993138015270233 0.998116552829742 0.998893558979034 0.999409735202789 0.995000422000885 0.980419635772705 0.928991079330444 0.878507256507874 0.893935799598694 0.84066516160965
0.752354085445404 0.779819190502167 0.822374880313873 0.824398398399353 0.863162398338318 0.897491574287415 0.901865720748901 0.736082673072815 0.645115673542023 0.716915190219879 0.767100930213928 0.876034438610077 0.853298425674438 0.745422899723053 0.614627778530121 0.555403053760529 0.586154580116272 0.578387379646301 0.56940633058548 0.518692910671234 0.47763779759407 0.613458871841431 0.395842581987381 0.372085094451904 0.495009809732437 0.494487017393112 0.682526826858521 0.794226348400116 0.565161645412445 0.696065843105316 0.952565848827362 0.982756674289703 0.974320590496063 0.991173684597015 0.994657933712006 0.997012555599213 0.998443722724915 0.998778343200684 0.999510169029236 0.990528464317322 0.952660083770752 0.916944682598114 0.892825543880463 0.873841762542725 0.697118043899536
0.728862047195435 0.765228569507599 0.822951555252075 0.8582603931427 0.861236989498138 0.892110109329224 0.868143022060394 0.769786059856415 0.666465699672699 0.774048924446106 0.782124698162079 0.794198453426361 0.874941289424896 0.868748784065247 0.734821915626526 0.628950417041779 0.671691596508026 0.706655085086823 0.643970251083374 0.460716843605042 0.415668606758118 0.460073679685593 0.416400283575058 0.41137021780014 0.432816475629807 0.437408089637756 0.492882341146469 0.681560575962067 0.882920444011688 0.906334578990936 0.953277826309204 0.897217035293579 0.985420286655426 0.989623367786407 0.995856523513794 0.971705853939056 0.952845573425293 0.988588929176331 0.996579110622406 0.977119982242584 0.925263643264771 0.905426263809204 0.887560129165649 0.855791628360748 0.767426252365112
0.660940766334534 0.75153386592865 0.831516683101654 0.854604005813599 0.874497890472412 0.819111049175262 0.764938592910767 0.737750589847565 0.739615857601166 0.805246353149414 0.800351798534393 0.808514058589935 0.846976101398468 0.889490962028503 0.880144417285919 0.869500577449799 0.72171014547348 0.717676222324371 0.711175382137299 0.572549760341644 0.621159851551056 0.694997787475586 0.642015278339386 0.75222909450531 0.769661426544189 0.732904255390167 0.832335472106934 0.938445091247559 0.956566035747528 0.967583000659943 0.952179074287415 0.984521389007568 0.990307748317719 0.993108987808228 0.99669998884201 0.997717976570129 0.974503993988037 0.914569079875946 0.99322783946991 0.960107207298279 0.894829392433167 0.780084908008575 0.671923518180847 0.861579775810242 0.783221185207367
0.695916295051575 0.768094956874847 0.825984299182892 0.857373774051666 0.870036542415619 0.829250633716583 0.807282090187073 0.794573366641998 0.801300466060638 0.835942625999451 0.843773484230042 0.823254704475403 0.836485087871552 0.816625952720642 0.859062016010284 0.883658587932587 0.841262221336365 0.803127706050873 0.750956594944 0.782002866268158 0.802866220474243 0.850188970565796 0.881158828735352 0.907963275909424 0.912273645401001 0.901958405971527 0.915494799613953 0.939390242099762 0.966969788074493 0.962899506092072 0.987118721008301 0.986560881137848 0.991992354393005 0.989450812339783 0.993243038654327 0.99599552154541 0.99829638004303 0.922264218330383 0.930123627185822 0.956871509552002 0.887963652610779 0.854871451854706 0.89307963848114 0.727160096168518 0.555280148983002
0.810461759567261 0.823528289794922 0.825086116790771 0.857327163219452 0.855613529682159 0.837353944778442 0.825070381164551 0.85258287191391 0.823824524879456 0.826075255870819 0.804684340953827 0.815027117729187 0.79962170124054 0.794994592666626 0.827164947986603 0.863749563694 0.867328226566315 0.820464789867401 0.775505065917969 0.799940526485443 0.783762872219086 0.827041983604431 0.883323907852173 0.907199561595917 0.925241827964783 0.909769177436829 0.934863805770874 0.952041327953339 0.968424737453461 0.978634774684906 0.987612068653107 0.988617181777954 0.995999991893768 0.995934784412384 0.9945307970047 0.997168242931366 0.998440265655518 0.997505486011505 0.971925497055054 0.969538271427155 0.889766097068787 0.862753093242645 0.823693752288818 0.647928237915039 0.560361683368683
0.798592448234558 0.813139379024506 0.824391663074493 0.89992082118988 0.858272016048431 0.850679337978363 0.851095616817474 0.840321183204651 0.829369425773621 0.800692498683929 0.819863975048065 0.789244413375854 0.78885293006897 0.770859003067017 0.798536062240601 0.828611969947815 0.852252125740051 0.750323534011841 0.708267509937286 0.658943474292755 0.728516638278961 0.808477282524109 0.849650204181671 0.851543068885803 0.826329469680786 0.860304176807404 0.91210013628006 0.94929826259613 0.961656093597412 0.969971776008606 0.985385954380035 0.997098505496979 0.997883260250092 0.998093485832214 0.997714817523956 0.998798668384552 0.997945368289948 0.993497312068939 0.9831662774086 0.964168131351471 0.916119515895844 0.836553931236267 0.775542140007019 0.647859394550323 0.572822511196136
0.862249433994293 0.91340035200119 0.912623584270477 0.902862668037415 0.897854745388031 0.8925421833992 0.850281059741974 0.849907457828522 0.822529077529907 0.834404408931732 0.791220963001251 0.825890302658081 0.7764772772789 0.793208241462708 0.767200469970703 0.849103391170502 0.732874810695648 0.798432111740112 0.578632473945618 0.620896399021149 0.726171433925629 0.743008434772491 0.769461393356323 0.773366034030914 0.847613453865051 0.859245300292969 0.865136325359344 0.885795474052429 0.933275103569031 0.95797860622406 0.991013884544373 0.997996151447296 0.998995363712311 0.9990394115448 0.998713314533234 0.998307585716248 0.99760913848877 0.993361949920654 0.962078154087067 0.923059523105621 0.923366963863373 0.83741170167923 0.709713518619537 0.631481349468231 -3.4e+38
0.93927538394928 0.959732234477997 0.954060733318329 0.934276640415192 0.932133734226227 0.850493431091309 0.826149523258209 0.828671395778656 0.843146800994873 0.83299595117569 0.835418105125427 0.814897954463959 0.812185049057007 0.815572500228882 0.793451607227325 0.819559097290039 0.843490362167358 0.870118677616119 0.658568620681763 0.473282188177109 0.537249684333801 0.677489161491394 0.732298910617828 0.785191833972931 0.812977254390717 0.82309752702713 0.886197924613953 0.902245104312897 0.931228280067444 0.97504198551178 0.99383133649826 0.996315240859985 0.997847974300385 0.998907387256622 0.999158561229706 0.998655378818512 0.996790051460266 0.97900116443634 0.974208533763885 0.951960623264313 0.908122479915619 0.780484974384308 0.74275529384613 -3.4e+38 -3.4e+38
0.963886976242065 0.97641909122467 0.939147174358368 0.929689049720764 0.928379893302917 0.887859463691711 0.838533163070679 0.814884781837463 0.82291305065155 0.825940728187561 0.849554061889648 0.834856808185577 0.794602036476135 0.80798077583313 0.819170773029327 0.837705910205841 0.870048880577087 0.878730654716492 0.695741772651672 0.4733527302742 0.444961547851562 0.590512275695801 0.669309914112091 0.736079037189484 0.781943261623383 0.856269896030426 0.916252613067627 0.942607879638672 0.970976054668427 0.987765789031982 0.991082429885864 0.994544982910156 0.997847139835358 0.998235464096069 0.998138785362244 0.997189044952393 0.984981179237366 0.96466338634491 0.9369877576828 0.89922571182251 0.81668758392334 0.803159415721893 -3.4e+38 -3.4e+38 -3.4e+38
0.944863080978394 0.941623091697693 0.875306725502014 0.945939242839813 0.921018302440643 0.898288369178772 0.884724020957947 0.850264489650726 0.818167746067047 0.838158249855042 0.832645058631897 0.828255295753479 0.843720674514771 0.860691845417023 0.869054555892944 0.889155209064484 0.861599504947662 0.783425867557526 0.492631912231445 0.534355938434601 0.488471925258636 0.544879853725433 0.564282059669495 0.7131068110466 0.836746037006378 0.885014355182648 0.945458173751831 0.935795187950134 0.976223945617676 0.989498794078827 0.990535855293274 0.995128393173218 0.996713221073151 0.997626423835754 0.998166680335999 0.994332909584045 0.970582962036133 0.941097795963287 0.91059398651123 0.861935019493103 0.831466138362885 -3.4e+38 -3.4e+38 -3.4e+38 -3.4e+38
0.929686784744263 0.933986485004425 0.817402839660645 0.870735764503479 0.844352006912231 0.880441129207611 0.883803963661194 0.869762003421783 0.813488125801086 0.827785015106201 0.84705924987793 0.858682036399841 0.855406820774078 0.864854276180267 0.898571908473969 0.899957537651062 0.866653740406036 0.506478309631348 0.526282370090485 0.622779488563538 0.777900755405426 0.604019939899445 0.632503688335419 0.649953305721283 0.781285583972931 0.912727534770966 0.952180087566376 0.948389828205109 0.961417138576508 0.988461077213287 0.988221168518066 0.99140590429306 0.997055470943451 0.9972003698349 0.997355818748474 0.981604218482971 0.963634252548218 0.919992804527283 0.868145108222961 0.853588759899139 -3.4e+38 -3.4e+38 -3.4e+38 -3.4e+38 -3.4e+38
0.880525052547455 0.894345164299011 0.775206744670868 0.775274813175201 0.837089359760284 0.883253931999207 0.87744927406311 0.88724023103714 0.87321400642395 0.816737711429596 0.847762644290924 0.870385050773621 0.882013499736786 0.906363904476166 0.896083950996399 0.896622657775879 0.793668508529663 0.521833539009094 0.504442811012268 0.727206647396088 0.765104651451111 0.914548099040985 0.89519327878952 0.798945605754852 0.829823434352875 0.882211804389954 0.915514051914215 0.968645930290222 0.981737613677979 0.99126672744751 0.982829630374908 0.991118788719177 0.998060286045074 0.997559905052185 0.991425156593323 0.957667410373688 0.905182123184204 0.853396892547607 0.874535262584686 0.852172076702118 -3.4e+38 -3.4e+38 -3.4e+38 -3.4e+38 -3.4e+38
