data/climate_estimation/maxent_output/Androcymbium_gramineum.asc
NCOLS 319 
NROWS 194 
XLLCORNER -13 
YLLCORNER 18.25 
CELLSIZE 0.0833333333333333 
NODATA_value -3.4e+38 
[rows 0 to 18 of 194, columns 88 to 131 of 319]
0.146915435791016 0.0918958187103271 0.0874148085713387 0.0819625779986382 0.0795435681939125 0.133640199899673 0.0834241807460785 0.081700325012207 0.0810180008411407 0.0851134955883026 0.0914665907621384 0.0972922965884209 0.106894850730896 0.100064016878605 0.109542012214661 0.0813021436333656 0.122277244925499 0.0692652612924576 0.0654788091778755 0.0667829811573029 0.0899139568209648 0.0720679983496666 0.108652867376804 0.0952378362417221 0.113227263092995 0.168104946613312 0.276551008224487 0.326671630144119 0.404296696186066 0.497885078191757 0.627259254455566 0.764695882797241 0.839194118976593 0.894633948802948 0.801820397377014 0.496831119060516 0.481743812561035 0.308230847120285 0.471512317657471 0.466038912534714 0.429234713315964 0.164530918002129 0.0958532467484474 0.233910426497459
0.0888214558362961 0.0944415852427483 0.0923926457762718 0.0911994352936745 0.0941172167658806 0.0920059159398079 0.0988259762525558 0.0980917140841484 0.101474940776825 0.0927407965064049 0.0943673849105835 0.167026415467262 0.100605897605419 0.10463872551918 0.114665627479553 0.07835553586483 0.0818568095564842 0.0534052699804306 0.0453788228332996 0.049233540892601 0.0570251159369946 0.0710614025592804 0.0830674767494202 0.11009369790554 0.130604475736618 0.23792664706707 0.265423864126205 0.28891396522522 0.368488788604736 0.483541667461395 0.611817955970764 0.698399007320404 0.752942681312561 0.789424300193787 0.524058282375336 0.529617011547089 0.309985458850861 0.116328209638596 0.192812263965607 0.295718789100647 0.285265862941742 0.269206345081329 0.260967969894409 0.237638264894485
0.0972580090165138 0.108861654996872 0.100117169320583 0.105878479778767 0.107602812349796 0.105508416891098 0.119532890617847 0.126056492328644 0.11119145154953 0.1154909953475 0.117316238582134 0.113999001681805 0.10286170989275 0.0823701992630959 0.116200104355812 0.0696093440055847 0.068441353738308 0.0624961666762829 0.0405480749905109 0.0552815236151218 0.0533922910690308 0.069346658885479 0.09230687469244 0.111138343811035 0.129625469446182 0.141036480665207 0.158768475055695 0.280309081077576 0.35525318980217 0.469536364078522 0.404448270797729 0.671534419059753 0.559675335884094 0.554664492607117 0.523148953914642 0.543069005012512 0.541906416416168 0.51273250579834 0.483879327774048 0.491936028003693 0.461826920509338 0.445814937353134 0.400760024785995 0.251943618059158
0.114766895771027 0.130610242486 0.133724451065063 0.136342599987984 0.131084203720093 0.127112969756126 0.131603047251701 0.15841780602932 0.142853081226349 0.13303878903389 0.129042357206345 0.129199534654617 0.12115378677845 0.120230585336685 0.116388067603111 0.0779258534312248 0.0601277910172939 0.0590593963861465 0.0755806714296341 0.0772552564740181 0.0726986452937126 0.0844079181551933 0.0714879781007767 0.126691848039627 0.138669267296791 0.162452429533005 0.183988839387894 0.205162167549133 0.261194884777069 0.333437144756317 0.396129041910172 0.442083209753036 0.499331563711166 0.512298405170441 0.520968437194824 0.34281325340271 0.334664463996887 0.33146408200264 0.310718506574631 0.312792062759399 0.289163678884506 0.276970446109772 0.414700865745544 0.375640213489532
0.13996784389019 0.100528679788113 0.112109705805779 0.110437221825123 0.149665832519531 0.174579575657845 0.173219576478004 0.174728393554688 0.160594955086708 0.147096127271652 0.149213448166847 0.149732932448387 0.140965014696121 0.137893155217171 0.0964413210749626 0.0761122182011604 0.110454484820366 0.101100534200668 0.0910744667053223 0.0840486586093903 0.0947301238775253 0.0699552968144417 0.0790491551160812 0.0976075008511543 0.111863203346729 0.182616770267487 0.19408755004406 0.2265445291996 0.308535993099213 0.347193866968155 0.268806397914886 0.29110848903656 0.31023183465004 0.307059466838837 0.310520261526108 0.196473598480225 0.199292972683907 0.191403955221176 0.302541851997375 0.304547160863876 0.290757417678833 0.285130798816681 0.399724185466766 0.372089952230453
0.153426513075829 0.160884827375412 0.114161111414433 0.125940963625908 0.19744348526001 0.136278584599495 0.132851824164391 0.131054356694221 0.135933801531792 0.122850485146046 0.117856316268444 0.13078498840332 0.126413598656654 0.126290023326874 0.108200810849667 0.0857087969779968 0.0883689820766449 0.0827620476484299 0.0741602033376694 0.0730099454522133 0.0810129344463348 0.0976295992732048 0.124217107892036 0.0908520072698593 0.149856925010681 0.141762763261795 0.212145268917084 0.187328577041626 0.211126387119293 0.245292916893959 0.115689761936665 0.072037935256958 0.0434861369431019 0.07469592243433 0.12406050413847 0.119627714157104 0.196877256035805 0.188078239560127 0.305048376321793 0.292700320482254 0.279008150100708 0.268968671560287 0.384820431470871 0.369127720594406
0.119260303676128 0.124816671013832 0.141356244683266 0.145945772528648 0.155831277370453 0.16722172498703 0.171129897236824 0.168865442276001 0.104063041508198 0.12122967094183 0.107208795845509 0.108214393258095 0.15681466460228 0.0910771563649178 0.125079184770584 0.101236365735531 0.08024762570858 0.0716301277279854 0.0549094639718533 0.0542588122189045 0.0708509981632233 0.0550045110285282 0.0771043822169304 0.0967721045017242 0.135256290435791 0.177995681762695 0.164138317108154 0.206195443868637 0.164161324501038 0.108390502631664 0.0729886069893837 0.0713221281766891 0.0728276371955872 0.118156209588051 0.115025170147419 0.114803358912468 0.197677597403526 0.299008041620255 0.301470786333084 0.29763588309288 0.280571520328522 0.261319875717163 0.385672509670258 0.237380787730217
0.125914469361305 0.134475663304329 0.143509417772293 0.0958024337887764 0.101876370608807 0.102927647531033 0.0699504092335701 0.0796945318579674 0.064364992082119 0.0732765719294548 0.114797435700893 0.104821391403675 0.123781897127628 0.119304724037647 0.0820798054337502 0.11879239231348 0.0823323726654053 0.0366989634931087 0.0326888933777809 0.0358929224312305 0.0435270182788372 0.0409125834703445 0.137447834014893 0.0633671954274178 0.09584791213274 0.175588473677635 0.191592365503311 0.145944401621819 0.107351087033749 0.1126758903265 0.0695472657680511 0.0728994160890579 0.115032993257046 0.117000415921211 0.184816941618919 0.184896573424339 0.282686233520508 0.293467193841934 0.282611817121506 0.269999027252197 0.262107998132706 0.251156747341156 0.244086742401123 0.230835273861885
0.0791082605719566 0.0826081782579422 0.0869982019066811 0.0532384179532528 0.0561395399272442 0.0377158522605896 0.0288282465189695 0.0385312438011169 0.0222604218870401 0.0432117246091366 0.0754217356443405 0.0801103934645653 0.0944639667868614 0.112706705927849 0.127535760402679 0.0723935514688492 0.0599521771073341 0.0350838266313076 0.0262213759124279 0.0219862945377827 0.0350080132484436 0.0681468397378922 0.0346933268010616 0.0395512618124485 0.184806436300278 0.187709838151932 0.209293678402901 0.152155607938766 0.166809976100922 0.106985300779343 0.114695504307747 0.112326182425022 0.109590455889702 0.17244628071785 0.178107291460037 0.176501482725143 0.283375918865204 0.281556457281113 0.27785661816597 0.264150530099869 0.249947845935822 0.242014452815056 0.238606989383698 0.209858670830727
0.0788474604487419 0.0458402037620544 0.0477603934705257 0.027716675773263 0.0183649715036154 0.0220277663320303 0.0175381805747747 0.0164108164608479 0.0228445511311293 0.0273588001728058 0.0541853047907352 0.0378679111599922 0.0524052977561951 0.124871671199799 0.0907075107097626 0.0409988611936569 0.0343188792467117 0.0354134254157543 0.0269812569022179 0.0326302275061607 0.0349031314253807 0.031462550163269 0.0269667375832796 0.160331889986992 0.200726509094238 0.212386295199394 0.230680823326111 0.161682114005089 0.162508219480515 0.109294004738331 0.107499696314335 0.10747205466032 0.104660093784332 0.173397213220596 0.172751858830452 0.265448838472366 0.263426125049591 0.250687032938004 0.248007714748383 0.239838644862175 0.236133202910423 0.223311394453049 0.219382494688034 0.210755988955498
0.0255195051431656 0.0259809885174036 0.0471650622785091 0.0283638834953308 0.0102117815986276 0.0123315816745162 0.0098335538059473 0.0117150954902172 0.0174569115042686 0.0222181566059589 0.0352701544761658 0.0304020084440708 0.0574481822550297 0.0985143184661865 0.0752280354499817 0.0597166642546654 0.0365367196500301 0.0332617200911045 0.0242828633636236 0.0259973537176847 0.0232111066579819 0.022089172154665 0.0448910444974899 0.151612132787704 0.224707961082458 0.239865064620972 0.24962392449379 0.165610417723656 0.163668498396873 0.103885225951672 0.103982329368591 0.0977136567234993 0.164511054754257 0.158148348331451 0.160943433642387 0.241931542754173 0.237599909305573 0.239466607570648 0.233994394540787 0.228790566325188 0.226952314376831 0.213942125439644 0.208605796098709 0.202617809176445
0.046989057213068 0.0497230216860771 0.0505916625261307 0.0285642575472593 0.0160718932747841 0.0114077599719167 0.00823947228491306 0.0117385815829039 0.0162141881883144 0.0270063914358616 0.0305126830935478 0.0340794064104557 0.0263478178530931 0.0307479966431856 0.0404342114925385 0.061260960996151 0.042628426104784 0.033658429980278 0.022952426224947 0.0264565590769053 0.0362184792757034 0.0436078608036041 0.160660356283188 0.236500009894371 0.224999248981476 0.247165322303772 0.162381365895271 0.164591431617737 0.103456273674965 0.104003481566906 0.101806789636612 0.0950692892074585 0.159710466861725 0.146805718541145 0.148217856884003 0.148920699954033 0.222818151116371 0.218204006552696 0.21606120467186 0.214029908180237 0.2098298817873 0.194911226630211 0.188669100403786 0.184145420789719
0.048755407333374 0.0520940460264683 0.0287208016961813 0.0289862658828497 0.0108115114271641 0.00795137044042349 0.00994302518665791 0.01279132720083 0.0159314256161451 0.024418443441391 0.0243382155895233 0.0269187744706869 0.0256276577711105 0.0318971127271652 0.0403875671327114 0.0393365100026131 0.0333246849477291 0.0362346917390823 0.0318892374634743 0.0344233177602291 0.0645551756024361 0.156972765922546 0.249396473169327 0.232269942760468 0.251041054725647 0.263944804668427 0.171591192483902 0.0982420295476913 0.0992396399378777 0.0932065919041634 0.0949095264077187 0.089733675122261 0.0863982364535332 0.140120133757591 0.138318359851837 0.134170204401016 0.20814973115921 0.204160213470459 0.205431938171387 0.195044055581093 0.18912872672081 0.17950938642025 0.174621492624283 0.174532577395439
0.0461333058774471 0.0498900413513184 0.0298030823469162 0.0173096340149641 0.00902387499809265 0.00891786627471447 0.0110808648169041 0.0132037904113531 0.0171864945441484 0.0208675116300583 0.0228563956916332 0.0260675791651011 0.0303401555866003 0.0304688718169928 0.0322223454713821 0.0323370583355427 0.0335522778332233 0.0339357741177082 0.0342127680778503 0.0338638834655285 0.152311399579048 0.153552174568176 0.229103788733482 0.234906747937202 0.245436564087868 0.255808711051941 0.160862773656845 0.0947686657309532 0.092505007982254 0.0885744169354439 0.0864694565534592 0.0835408642888069 0.0824184566736221 0.13255187869072 0.127261504530907 0.123040549457073 0.19478015601635 0.184579774737358 0.181718394160271 0.180717512965202 0.175842374563217 0.169803440570831 0.168563604354858 0.161138251423836
0.0272265579551458 0.0289955008774996 0.0185095556080341 0.00833183713257313 0.00923879817128181 0.010778128169477 0.0124755455181003 0.0151871088892221 0.0173690002411604 0.0179215259850025 0.022704154253006 0.0274618268013 0.0274035185575485 0.0282881874591112 0.0295734442770481 0.0357289351522923 0.0379717648029327 0.0613655261695385 0.0610545501112938 0.0900036171078682 0.137615233659744 0.211564689874649 0.210610330104828 0.229158163070679 0.230708509683609 0.151831105351448 0.148760199546814 0.0887709781527519 0.0870887413620949 0.052074883133173 0.0810855627059937 0.0769426301121712 0.119925670325756 0.120266243815422 0.112363860011101 0.113861538469791 0.113895885646343 0.174397140741348 0.168375387787819 0.167473718523979 0.162290185689926 0.157113954424858 0.155251160264015 0.150134608149529
0.0284744445234537 0.030500914901495 0.0122065162286162 0.00928114261478186 0.00910657271742821 0.0116801513358951 0.0140198059380054 0.0163522679358721 0.0191349666565657 0.0218656770884991 0.0257372558116913 0.025813976302743 0.0256059169769287 0.0278975013643503 0.03647780418396 0.0567244701087475 0.0528605319559574 0.0850536078214645 0.0835538879036903 0.130305424332619 0.122814677655697 0.204847976565361 0.213274925947189 0.22074992954731 0.215874552726746 0.142715930938721 0.142618224024773 0.0801364406943321 0.0473095439374447 0.0449964329600334 0.0450122952461243 0.072203204035759 0.0676263198256493 0.0652858316898346 0.104909241199493 0.0970447286963463 0.0991568639874458 0.154258266091347 0.149054527282715 0.150387167930603 0.139006391167641 0.139896586537361 0.142339929938316 0.137239098548889
0.0296998675912619 0.0340893231332302 0.0130619322881103 0.0156143559142947 0.00982613768428564 0.0133016034960747 0.0149434851482511 0.0168373752385378 0.0205435715615749 0.0217017214745283 0.0228784028440714 0.0297221057116985 0.0334960408508778 0.0278726667165756 0.0271719470620155 0.0356724113225937 0.0503308065235615 0.0725061297416687 0.11830896884203 0.116996668279171 0.115949057042599 0.120335482060909 0.134156182408333 0.136447191238403 0.137243896722794 0.134267583489418 0.120806872844696 0.0741710513830185 0.0438410453498363 0.0414309278130531 0.0396210998296738 0.0596207641065121 0.0586382932960987 0.0587658509612083 0.0896013155579567 0.0876569747924805 0.0883239805698395 0.138005062937737 0.138589054346085 0.13844633102417 0.134535908699036 0.135259240865707 0.0828248336911201 0.0837145671248436
0.0323811434209347 0.0210786666721106 0.0165096037089825 0.0124618681147695 0.0129970833659172 0.0152864987030625 0.0171630810946226 0.0190942734479904 0.0241246353834867 0.0251495447009802 0.0263730324804783 0.0280225109308958 0.0310610886663198 0.0335764735937119 0.0337021015584469 0.0465465523302555 0.0746681317687035 0.0717930942773819 0.107820823788643 0.114587709307671 0.119235880672932 0.123956739902496 0.122991189360619 0.126340165734291 0.124663412570953 0.118382103741169 0.0678963214159012 0.0648304745554924 0.0382082313299179 0.0366022549569607 0.0362993516027927 0.0342091619968414 0.0520002134144306 0.0811503008008003 0.0782081335783005 0.0774805620312691 0.123239956796169 0.120648324489594 0.118917882442474 0.0777866691350937 0.081843264400959 0.0758647546172142 0.0768905431032181 0.123654879629612
0.052142895758152 0.0203792471438646 0.0152527317404747 0.0189313516020775 0.0148028405383229 0.0162544958293438 0.0173946768045425 0.022388705983758 0.0227157436311245 0.0382230542600155 0.042250819504261 0.0440780892968178 0.043698113411665 0.029195312410593 0.0464004203677177 0.064392976462841 0.0632976144552231 0.0670984461903572 0.10459653288126 0.108440369367599 0.114551790058613 0.113587461411953 0.122033067047596 0.115392245352268 0.115750558674335 0.0639322474598885 0.0611184649169445 0.0570958778262138 0.0546790398657322 0.0306747555732727 0.031843114644289 0.0455551147460938 0.0700637921690941 0.0642104372382164 0.0689064189791679 0.107026040554047 0.102936282753944 0.111963599920273 0.113384112715721 0.0733392164111137 0.0738246962428093 0.0739763081073761 0.110724322497845 0.110730282962322
