data/climate_estimation/maxent_output/Androcymbium_palaestinum.asc
NCOLS 14 
NROWS 28 
XLLCORNER 34.5833333333333 
YLLCORNER 30.5833333333333 
CELLSIZE 0.0833333333333332 
NODATA_value -3.4e+38 
-339999999999999996123846586046231871488.000000000000000 -3.4e+38 -3.4e+38 -3.4e+38 -3.4e+38 0.779456615447998 0.72899866104126 0.792895495891571 0.847137272357941 0.928666949272156 0.974775969982147 0.957851111888885 0.950993001461029 0.876571893692017
-3.4e+38 -3.4e+38 -3.4e+38 -3.4e+38 0.740970134735107 0.77584320306778 0.849744856357574 0.842532694339752 0.904046714305878 0.950960040092468 0.952568590641022 0.953376650810242 0.923624515533447 0.849537551403046
-3.4e+38 -3.4e+38 -3.4e+38 -3.4e+38 0.760881304740906 0.704781055450439 0.863420784473419 0.903158128261566 0.895872116088867 0.963207006454468 0.93894499540329 0.916969656944275 0.880459129810333 0.825797915458679
-3.4e+38 -3.4e+38 -3.4e+38 -3.4e+38 0.695196390151978 0.752268016338348 0.84211665391922 0.910773277282715 0.949675679206848 0.958716869354248 0.942679882049561 0.899578213691711 0.873651683330536 0.840051233768463
-3.4e+38 -3.4e+38 -3.4e+38 0.543851256370544 0.594257295131683 0.701845705509186 0.794639587402344 0.894111394882202 0.953880071640015 0.939714252948761 0.915850818157196 0.897496998310089 0.8600714802742 0.869825899600983
-3.4e+38 -3.4e+38 -3.4e+38 0.457906872034073 0.495392322540283 0.623269438743591 0.752606272697449 0.858916997909546 0.92900562286377 0.940003573894501 0.919904589653015 0.866171658039093 0.847001016139984 0.866923153400421
-3.4e+38 -3.4e+38 -3.4e+38 0.409374594688416 0.463074594736099 0.577375411987305 0.73419862985611 0.823426008224487 0.903607070446014 0.933171629905701 0.897869229316711 0.838089406490326 0.841111361980438 0.792357325553894
-339999999999999996123846586046231871488.000000000000000 -3.4e+38 0.379745125770569 0.419752508401871 0.480531990528107 0.594555556774139 0.708576560020447 0.8296018242836 0.866396903991699 0.924310207366943 0.870125591754913 0.828381896018982 0.790322840213776 0.77314168214798
-3.4e+38 -3.4e+38 0.420430392026901 0.437627375125885 0.499307155609131 0.584378004074097 0.721527814865112 0.801588118076324 0.867566227912903 0.89232462644577 0.857320308685303 0.830016911029816 0.799849987030029 0.765898048877716
-3.4e+38 -3.4e+38 0.441544324159622 0.460629492998123 0.514241576194763 0.613706827163696 0.698840141296387 0.780450046062469 0.835446059703827 0.891493678092957 0.879699468612671 0.790056645870209 0.81757003068924 0.745568215847015
-3.4e+38 0.404994755983353 0.410463154315948 0.437766045331955 0.526959836483002 0.637485146522522 0.709206879138947 0.784296274185181 0.822771966457367 0.864975571632385 0.851563930511475 0.707106709480286 0.817546784877777 0.645695447921753
-3.4e+38 0.412274748086929 0.402768671512604 0.458732455968857 0.534180998802185 0.648896813392639 0.724257111549377 0.747935473918915 0.789987683296204 0.876898765563965 0.850321412086487 0.573509037494659 0.802012503147125 0.7205770611763
0.383170902729034 0.392005681991577 0.44565537571907 0.501892745494843 0.570522129535675 0.651649475097656 0.707232177257538 0.731986224651337 0.814437448978424 0.893689274787903 0.813456058502197 0.469123482704163 0.540188014507294 0.726655244827271
0.386581718921661 0.434454679489136 0.478362292051315 0.543489336967468 0.619109570980072 0.685558617115021 0.673645794391632 0.718088328838348 0.802758514881134 0.89760810136795 0.81708812713623 0.426969438791275 0.641170859336853 0.730585396289825
0.384202450513840 0.419912397861481 0.46911633014679 0.531819760799408 0.657512426376343 0.673213958740234 0.638382315635681 0.716742992401123 0.761976003646851 0.915752589702606 0.820436596870422 0.430407077074051 0.760022521018982 0.7260502576828
0.381440818309784 0.444323539733887 0.502183675765991 0.565672993659973 0.630478620529175 0.651310384273529 0.610602617263794 0.690594077110291 0.791516721248627 0.897222399711609 0.551159083843231 0.492505371570587 0.772448897361755 0.750440776348114
0.411241471767426 0.415017426013947 0.496252477169037 0.582993805408478 0.595211088657379 0.577956676483154 0.580676436424255 0.671890437602997 0.78131228685379 0.911491215229034 0.534451544284821 0.629129886627197 0.803207397460938 0.771716892719269
0.393371164798737 0.469505935907364 0.509904861450195 0.571139097213745 0.566776216030121 0.570325791835785 0.594558238983154 0.683850705623627 0.776044487953186 0.854472815990448 0.553788840770721 0.475457012653351 0.716320157051086 0.788031458854675
0.444845616817474 0.484786063432693 0.514943957328796 0.56843101978302 0.545020699501038 0.596421122550964 0.609890043735504 0.662978231906891 0.776074767112732 0.828080415725708 0.545873165130615 0.707724571228027 0.793239414691925 0.670508086681366
0.485527157783508 0.527310311794281 0.537008285522461 0.597065329551697 0.618409335613251 0.606952607631683 0.68096786737442 0.70336902141571 0.788201570510864 0.776758551597595 0.556766927242279 0.702378869056702 0.827900648117065 0.687641501426697
0.456006973981857 0.53800243139267 0.526204109191895 0.615206837654114 0.627764225006104 0.648316323757172 0.657859981060028 0.717853188514709 0.779214382171631 0.69893741607666 0.541174590587616 0.713693141937256 0.789080739021301 0.572393238544464
0.479618161916733 0.513088226318359 0.521029353141785 0.606698274612427 0.599207818508148 0.637454807758331 0.673351883888245 0.693821132183075 0.735556125640869 0.591910719871521 0.317994207143784 0.708082258701324 0.739038527011871 0.471209496259689
0.457897990942001 0.476807773113251 0.521407127380371 0.56646853685379 0.608825087547302 0.609804689884186 0.653047621250153 0.68380218744278 0.673781394958496 0.561612725257874 0.520910441875458 0.717293262481689 0.682848870754242 0.516466498374939
0.43764391541481 0.489879190921783 0.520199477672577 0.565739274024963 0.58089417219162 0.602202355861664 0.619533896446228 0.70945531129837 0.693539679050446 0.641226768493652 0.536332249641418 0.775517165660858 0.799299955368042 0.751701951026917
0.439197152853012 0.48414272069931 0.52476567029953 0.55580860376358 0.584053039550781 0.599513411521912 0.640970945358276 0.57307380437851 0.595405638217926 0.698543429374695 0.674793481826782 0.745062828063965 0.737968027591705 0.69213742017746
0.467309564352036 0.458413481712341 0.539473176002502 0.537640333175659 0.57648378610611 0.591237127780914 0.522946357727051 0.530041813850403 0.416226357221603 0.672145664691925 0.470370590686798 0.762575626373291 0.587833940982819 0.533766627311707
0.464791595935822 0.500079035758972 0.531066298484802 0.563512206077576 0.581114709377289 0.578442573547363 0.482087105512619 0.609097242355347 0.668229281902313 0.381494700908661 0.495825469493866 0.766236841678619 0.556104898452759 0.450090050697327
0.46943125128746 0.499248325824738 0.5093132853508 0.530734777450562 0.496049910783768 0.573899328708649 0.630843341350555 0.399444550275803 0.542824923992157 0.359243780374527 0.468022525310516 0.565229535102844 0.586121082305908 0.532673954963684
