data/climate_estimation/maxent_output/Androcymbium_melanthioides.asc
NCOLS 183 
NROWS 181 
XLLCORNER 17 
YLLCORNER -33.75 
CELLSIZE 0.0833333333333333 
NODATA_value -3.4e+38 
[rows 100 to 119 of 181, columns 88 to 131 of 183]
0.810440957546234 0.738020181655884 0.683928191661835 0.725281298160553 0.61137181520462 0.612186133861542 0.579890489578247 0.67418771982193 0.70477831363678 0.750966012477875 0.781253814697266 0.78797858953476 0.808391809463501 0.838812410831451 0.860646665096283 0.865254044532776 0.888026893138885 0.89086377620697 0.888428509235382 0.890797853469849 0.902856945991516 0.871308207511902 0.87317031621933 0.872252583503723 0.869705259799957 0.861084520816803 0.854716241359711 0.843239068984985 0.835269689559937 0.827282130718231 0.837989389896393 0.841573596000671 0.859601140022278 0.826974391937256 0.833515226840973 0.835675358772278 0.844388961791992 0.818319261074066 0.817749083042145 0.83073103427887 0.871561110019684 0.871627628803253 0.874938189983368 0.864580571651459
0.758143603801727 0.766102731227875 0.738793075084686 0.644987761974335 0.637411832809448 0.583232939243317 0.586803913116455 0.639060378074646 0.72199010848999 0.758284270763397 0.777222275733948 0.797158360481262 0.812159597873688 0.857056379318237 0.850360870361328 0.86350953578949 0.888842582702637 0.889858901500702 0.899540603160858 0.887021660804749 0.897395491600037 0.87062281370163 0.873503506183624 0.866674721240997 0.865039229393005 0.845582008361816 0.832407176494598 0.811149835586548 0.807647526264191 0.775245785713196 0.777350187301636 0.786793112754822 0.803113281726837 0.81498646736145 0.822779655456543 0.836544930934906 0.82709813117981 0.849870443344116 0.822941482067108 0.829882323741913 0.836689054965973 0.868310809135437 0.872656583786011 0.842432260513306
0.807163655757904 0.714678704738617 0.705453515052795 0.633113384246826 0.501563966274261 0.55584454536438 0.658513963222504 0.731928467750549 0.719038486480713 0.787544429302216 0.734890937805176 0.801729917526245 0.802768707275391 0.81611180305481 0.86029464006424 0.860139191150665 0.864496767520905 0.875641405582428 0.894110023975372 0.890587747097015 0.893182277679443 0.895993411540985 0.869346439838409 0.869024097919464 0.860959112644196 0.834680676460266 0.764551222324371 0.71584814786911 0.713303983211517 0.732511341571808 0.749737739562988 0.77049845457077 0.790857255458832 0.807726919651031 0.814604103565216 0.812937438488007 0.821591079235077 0.837227344512939 0.808726131916046 0.820838093757629 0.830771207809448 0.837648034095764 0.838450014591217 0.835813999176025
0.775452136993408 0.756591439247131 0.693431377410889 0.575757801532745 0.498845130205154 0.558132648468018 0.579099297523499 0.664549469947815 0.724050581455231 0.714339017868042 0.784652709960938 0.768663942813873 0.811204075813293 0.836405158042908 0.847134351730347 0.868349671363831 0.862041652202606 0.869326293468475 0.876311182975769 0.89142632484436 0.89495176076889 0.872134685516357 0.876571893692017 0.866551637649536 0.864200949668884 0.80139833688736 0.732909023761749 0.666344344615936 0.672366857528687 0.653683245182037 0.701871454715729 0.766544342041016 0.78606915473938 0.79344254732132 0.803248047828674 0.815640270709991 0.825414419174194 0.8350870013237 0.846105873584747 0.818943858146667 0.818623304367065 0.827406287193298 0.833850920200348 0.842160224914551
0.774245619773865 0.691594123840332 0.622625172138214 0.625481903553009 0.497177809476852 0.462431013584137 0.482795059680939 0.616007447242737 0.690731048583984 0.776530802249908 0.790275454521179 0.773039400577545 0.793062269687653 0.823295116424561 0.834129452705383 0.842794954776764 0.841329753398895 0.839960157871246 0.852081596851349 0.858019888401031 0.86701500415802 0.880483567714691 0.874213457107544 0.8486288189888 0.841651201248169 0.817751109600067 0.728971242904663 0.561696112155914 0.596118986606598 0.661566555500031 0.701396346092224 0.729480028152466 0.751431107521057 0.799752593040466 0.817063093185425 0.816960692405701 0.827305912971497 0.799078166484833 0.809291005134583 0.827504873275757 0.833997964859009 0.831752121448517 0.831528425216675 0.800457358360291
0.802083611488342 0.609745502471924 0.613098561763763 0.602997064590454 0.429915368556976 0.454098612070084 0.535470902919769 0.554930448532104 0.611234962940216 0.725488483905792 0.758595049381256 0.761348903179169 0.78226500749588 0.803523123264313 0.793297290802002 0.828656494617462 0.845829784870148 0.845424771308899 0.858571529388428 0.836370706558228 0.844042301177979 0.848462820053101 0.849803149700165 0.844366848468781 0.844238758087158 0.826290547847748 0.71893048286438 0.643826365470886 0.647903561592102 0.696083307266235 0.719999253749847 0.74098014831543 0.75813102722168 0.777530312538147 0.789631724357605 0.793079614639282 0.797346115112305 0.801298141479492 0.812346518039703 0.819356143474579 0.827856838703156 0.826717138290405 0.784845888614655 0.779828667640686
0.744306564331055 0.667131543159485 0.610620439052582 0.656290709972382 0.468064934015274 0.479717075824738 0.518264472484589 0.654135465621948 0.655900895595551 0.737991273403168 0.724273562431335 0.758271098136902 0.780724465847015 0.787457585334778 0.817148268222809 0.811643242835999 0.807536542415619 0.816094160079956 0.826579749584198 0.838406622409821 0.845802843570709 0.847868025302887 0.847308933734894 0.808358132839203 0.805913209915161 0.792682766914368 0.751520216464996 0.724581241607666 0.719764351844788 0.734724640846252 0.757696211338043 0.816314101219177 0.817935585975647 0.828782916069031 0.847493827342987 0.846645653247833 0.801755666732788 0.817844867706299 0.826661646366119 0.822041153907776 0.779692709445953 0.786265254020691 0.784772753715515 0.775043964385986
0.769365251064301 0.73980575799942 0.643924832344055 0.64810574054718 0.523573040962219 0.468747466802597 0.656156599521637 0.680989623069763 0.630112946033478 0.73710960149765 0.745319128036499 0.741350173950195 0.7725750207901 0.722447335720062 0.747856557369232 0.791645169258118 0.839312374591827 0.852081060409546 0.835120022296906 0.846040427684784 0.847057700157166 0.850973665714264 0.847244620323181 0.852255702018738 0.801813900470734 0.798889935016632 0.782993078231812 0.781169235706329 0.786593019962311 0.798507630825043 0.837698757648468 0.834724485874176 0.841598212718964 0.835978806018829 0.882205843925476 0.853501260280609 0.820140421390533 0.822183847427368 0.778702557086945 0.779284238815308 0.780904829502106 0.777330040931702 0.78181779384613 0.77033257484436
0.755625486373901 0.749234676361084 0.748963296413422 0.663683176040649 0.658123314380646 0.740858674049377 0.678877711296082 0.690457880496979 0.674676775932312 0.750732898712158 0.741257846355438 0.735078394412994 0.720398783683777 0.778375327587128 0.769680142402649 0.810452103614807 0.820391476154327 0.8420649766922 0.859115898609161 0.88336706161499 0.887803435325623 0.856744647026062 0.861043095588684 0.84651243686676 0.812662839889526 0.806998312473297 0.808526694774628 0.812937378883362 0.827360868453979 0.83217716217041 0.859908998012543 0.861161828041077 0.878892779350281 0.892056941986084 0.858315646648407 0.853924095630646 0.816390872001648 0.821013271808624 0.78757905960083 0.789255261421204 0.778358459472656 0.774371147155762 0.729573845863342 0.724874317646027
0.704985082149506 0.765155136585236 0.766316056251526 0.74549674987793 0.721848368644714 0.795282959938049 0.795418500900269 0.757630467414856 0.788993358612061 0.769919276237488 0.770840704441071 0.748652815818787 0.731300592422485 0.762042760848999 0.820897698402405 0.830952942371368 0.810350239276886 0.819326817989349 0.798865735530853 0.880498707294464 0.89288729429245 0.887864351272583 0.851803421974182 0.84545761346817 0.847156226634979 0.812174320220947 0.827780246734619 0.834256708621979 0.841633141040802 0.878088057041168 0.867775082588196 0.888213336467743 0.893187940120697 0.892315268516541 0.887848198413849 0.855383217334747 0.811023890972137 0.78402191400528 0.790699481964111 0.782776772975922 0.77287882566452 0.783737421035767 0.77423894405365 0.715869545936584
0.723867774009705 0.76490581035614 0.72367799282074 0.761163592338562 0.743686974048615 0.788944482803345 0.776679158210754 0.79627788066864 0.769237041473389 0.750707685947418 0.740822672843933 0.761860549449921 0.764474451541901 0.821286261081696 0.81980311870575 0.81781530380249 0.818227469921112 0.804398596286774 0.80382227897644 0.838155627250671 0.870039522647858 0.875600397586823 0.879505455493927 0.836896359920502 0.840106546878815 0.808255612850189 0.830510318279266 0.840237975120544 0.849612772464752 0.877415359020233 0.868246018886566 0.898496031761169 0.915054857730865 0.921924412250519 0.892945170402527 0.860873699188232 0.830722033977509 0.788782775402069 0.782480776309967 0.776162147521973 0.786290228366852 0.772966921329498 0.736445367336273 0.727002561092377
0.790699422359467 0.714365899562836 0.716528117656708 0.745294988155365 0.754042208194733 0.719903469085693 0.744035303592682 0.769979774951935 0.763177156448364 0.764212548732758 0.756648659706116 0.77772730588913 0.77903014421463 0.821693897247314 0.810309290885925 0.817973077297211 0.810605466365814 0.801594018936157 0.802487134933472 0.823643982410431 0.839102566242218 0.851356148719788 0.851170420646667 0.81563663482666 0.82031124830246 0.797999560832977 0.815715909004211 0.837212979793549 0.834461510181427 0.828241944313049 0.820804715156555 0.864166736602783 0.897365152835846 0.892314493656158 0.861811935901642 0.860815405845642 0.824927568435669 0.790006637573242 0.744457423686981 0.735537588596344 0.730262875556946 0.745212733745575 0.73396897315979 0.720022261142731
0.753169894218445 0.74771386384964 0.711042940616608 0.73405796289444 0.734843492507935 0.746611058712006 0.759754717350006 0.766458094120026 0.77175760269165 0.769931018352509 0.769322514533997 0.778734028339386 0.775075137615204 0.815655469894409 0.817875146865845 0.81038373708725 0.803225755691528 0.787596166133881 0.785809576511383 0.786856651306152 0.794755101203918 0.805271863937378 0.807279229164124 0.78496241569519 0.795758485794067 0.776970207691193 0.790919065475464 0.819998204708099 0.790543735027313 0.768678188323975 0.769649147987366 0.806752860546112 0.849408447742462 0.855935633182526 0.854227662086487 0.814371466636658 0.78663182258606 0.734713435173035 0.742863714694977 0.738186717033386 0.731326520442963 0.716946125030518 0.715215444564819 0.70599102973938
0.573347926139832 0.651955425739288 0.711269855499268 0.687358617782593 0.7516108751297 0.748410403728485 0.755706131458282 0.766213655471802 0.7928626537323 0.77986067533493 0.778891503810883 0.78592175245285 0.827720999717712 0.8216712474823 0.820193767547607 0.807493269443512 0.801584184169769 0.769842326641083 0.761836767196655 0.751686215400696 0.743052959442139 0.738277196884155 0.699740886688232 0.728066265583038 0.714807569980621 0.734032154083252 0.762769460678101 0.755677700042725 0.74917083978653 0.741681158542633 0.694000005722046 0.707356154918671 0.760711371898651 0.808777570724487 0.81475704908371 0.775499284267426 0.782677948474884 0.736520171165466 0.751980543136597 0.727908551692963 0.739466607570648 0.738656938076019 0.723927438259125 0.706564128398895
0.507847905158997 0.510783076286316 0.672625720500946 0.697991847991943 0.737887322902679 0.741435766220093 0.762764275074005 0.775907814502716 0.812813520431519 0.814027905464172 0.823131740093231 0.815140068531036 0.844690263271332 0.828124940395355 0.822925925254822 0.809178292751312 0.783761262893677 0.759925901889801 0.745777189731598 0.708988428115845 0.667289614677429 0.593749344348907 0.628931283950806 0.667683243751526 0.668451547622681 0.697365760803223 0.692334413528442 0.707287728786469 0.722978711128235 0.724399864673615 0.731352686882019 0.753087341785431 0.75905853509903 0.76439356803894 0.779520988464355 0.774292707443237 0.738849997520447 0.733854830265045 0.743528664112091 0.728883445262909 0.742112457752228 0.730088829994202 0.728215157985687 0.723814785480499
0.512779116630554 0.512776970863342 0.710755407810211 0.713102459907532 0.716057538986206 0.748121738433838 0.778650999069214 0.777105450630188 0.808151543140411 0.832562565803528 0.84198534488678 0.863118469715118 0.855276107788086 0.841559529304504 0.821748554706573 0.800681889057159 0.777284681797028 0.754237234592438 0.732642114162445 0.68895423412323 0.593163251876831 0.53838574886322 0.580027997493744 0.623744547367096 0.622455596923828 0.672628700733185 0.656671166419983 0.687324404716492 0.699839949607849 0.718113124370575 0.726903855800629 0.75218391418457 0.754836440086365 0.760879039764404 0.77270644903183 0.784976780414581 0.779223561286926 0.740759074687958 0.744562327861786 0.74954879283905 0.737748086452484 0.727736115455627 0.731440424919128 0.723566114902496
0.499550431966782 0.524125993251801 0.729223787784576 0.711219429969788 0.702634155750275 0.734181702136993 0.761480867862701 0.77043879032135 0.808020949363708 0.832285106182098 0.834104835987091 0.871245324611664 0.857401669025421 0.845830321311951 0.82625675201416 0.812596321105957 0.78214019536972 0.750455617904663 0.732183337211609 0.692927241325378 0.588606953620911 0.56014496088028 0.587074279785156 0.616269171237946 0.604847073554993 0.645092010498047 0.638324022293091 0.657379984855652 0.685908198356628 0.712304294109344 0.723003506660461 0.74456399679184 0.758268594741821 0.770983040332794 0.777878820896149 0.784346997737885 0.78142523765564 0.752500891685486 0.749145805835724 0.749412953853607 0.744417250156403 0.702333152294159 0.679703950881958 0.681997776031494
0.505975604057312 0.563264787197113 0.689996123313904 0.689697504043579 0.708089828491211 0.736035943031311 0.763480305671692 0.772677183151245 0.814794480800629 0.827031910419464 0.872432708740234 0.878397107124329 0.862253844738007 0.840326070785522 0.827378630638123 0.811047255992889 0.792918384075165 0.764664471149445 0.727498054504395 0.703573703765869 0.624437570571899 0.606424152851105 0.610102951526642 0.577949583530426 0.603146433830261 0.634926378726959 0.614718317985535 0.649782180786133 0.674855709075928 0.700716853141785 0.723925113677979 0.777877986431122 0.800626158714294 0.805607199668884 0.770382046699524 0.785572648048401 0.747433364391327 0.74648243188858 0.748916923999786 0.750462174415588 0.744178712368011 0.705134034156799 0.686805069446564 0.676048696041107
0.559932708740234 0.596697866916656 0.716392815113068 0.695668935775757 0.732365608215332 0.758374512195587 0.784076571464539 0.811649680137634 0.829773366451263 0.846399962902069 0.852973163127899 0.892935633659363 0.862169623374939 0.849589169025421 0.843573749065399 0.823290586471558 0.799730598926544 0.776027321815491 0.75467449426651 0.728208124637604 0.663559436798096 0.652857184410095 0.641297996044159 0.594784617424011 0.618042051792145 0.631386280059814 0.612460434436798 0.643027365207672 0.668646216392517 0.695175409317017 0.768497288227081 0.783806085586548 0.794919788837433 0.804372787475586 0.772361397743225 0.786961138248444 0.748570561408997 0.76150506734848 0.761616349220276 0.720595240592957 0.713931620121002 0.708907186985016 0.702801048755646 0.67790561914444
0.641920983791351 0.630900502204895 0.684828817844391 0.711672484874725 0.749171197414398 0.781849801540375 0.812766671180725 0.838467121124268 0.847772061824799 0.862054586410522 0.863443493843079 0.887582778930664 0.867928981781006 0.859869539737701 0.846550762653351 0.83187472820282 0.813763797283173 0.787987530231476 0.773570954799652 0.760253369808197 0.697489619255066 0.688213050365448 0.689775824546814 0.638601005077362 0.635254800319672 0.641163289546967 0.607422411441803 0.639135658740997 0.675416469573975 0.699107110500336 0.768237352371216 0.781874299049377 0.798678874969482 0.765291452407837 0.778822243213654 0.749782681465149 0.752304553985596 0.764773845672607 0.734698057174683 0.738747715950012 0.734154045581818 0.725639998912811 0.699607312679291 0.645839989185333
