data/climate_estimation/maxent_output/Androcymbium_eucomoides.asc
NCOLS 100 
NROWS 69 
XLLCORNER 17.5 
YLLCORNER -34.8333333333333 
CELLSIZE 0.0833333333333333 
NODATA_value -3.4e+38 
[rows 40 to 59 of 69, columns 44 to 87 of 100]
0.0755942910909653 0.0363347940146923 0.0122295198962092 0.0101264510303736 0.0116017237305641 0.0111979227513075 0.00973090808838606 0.0105874948203564 0.0151555286720395 0.0138288773596287 0.0140436217188835 0.0177572052925825 0.0168339554220438 0.0192550159990788 0.0181448813527822 0.0216797515749931 0.0244558844715357 0.0254722330719233 0.0264350157231092 0.0271885972470045 0.0268363356590271 0.0271609276533127 0.0276625193655491 0.0269231125712395 0.0274782553315163 0.0275563690811396 0.0253562871366739 0.0218757167458534 0.0238954853266478 0.0207879338413477 0.021828493103385 0.0231934916228056 0.0239690765738487 0.0233423449099064 0.0233334563672543 0.0283149182796478 0.0288735944777727 0.0356331020593643 0.035192646086216 0.0389339812099934 0.0418894402682781 0.0473203882575035 0.0476772375404835 0.0478012599050999
0.0232700519263744 0.0107752960175276 0.010651751421392 0.00921408552676439 0.0109419021755457 0.00918819010257721 0.00956693571060896 0.0117080444470048 0.0196937881410122 0.0142120067030191 0.0163910295814276 0.0181456170976162 0.0182111524045467 0.0192176960408688 0.0201772712171078 0.0254610851407051 0.0279915109276772 0.0311189033091068 0.0303209368139505 0.0271009281277657 0.0279734116047621 0.0274063758552074 0.0281233489513397 0.0266456231474876 0.0252110920846462 0.0258508305996656 0.0236359983682632 0.0214044135063887 0.0206303205341101 0.0223858077079058 0.0221484042704105 0.0222082119435072 0.0230521373450756 0.0252897068858147 0.0262010488659143 0.0287428554147482 0.02816516533494 0.0376321002840996 0.0430448539555073 0.038482878357172 0.0378556326031685 0.0403362847864628 0.0406652539968491 0.0433929562568665
0.0216938555240631 0.00962965283542871 0.0107103725895286 0.0118798585608602 0.00938470102846622 0.0115329567342997 0.0166339911520481 0.0174815431237221 0.0198389608412981 0.0196426566690207 0.0255514550954103 0.0190640259534121 0.0206978693604469 0.0237187333405018 0.0252729430794716 0.0279759932309389 0.0301217120140791 0.0337658636271954 0.0309804081916809 0.0294971410185099 0.0293052978813648 0.030149694532156 0.0284778382629156 0.0274042952805758 0.0280936788767576 0.0272068046033382 0.0254689734429121 0.024129580706358 0.0211381483823061 0.0213572587817907 0.0217536464333534 0.0270310882478952 0.0265682525932789 0.0271908082067966 0.0294286962598562 0.0293419938534498 0.0287980288267136 0.0322787128388882 0.0361992307007313 0.03448436409235 0.0322508960962296 0.0345391854643822 0.0349426753818989 0.0363519452512264
0.0241818372160196 0.0101900044828653 0.0111184036359191 0.0124894715845585 0.0103184403851628 0.0135675854980946 0.0140484534204006 0.0168719999492168 0.0235926862806082 0.0220064762979746 0.026557233184576 0.0293546691536903 0.0231928657740355 0.0292717888951302 0.0290612895041704 0.0347148254513741 0.0396069772541523 0.0410202480852604 0.0397559702396393 0.0348983630537987 0.0328046046197414 0.0294082146137953 0.0301636811345816 0.0278243254870176 0.0276895202696323 0.0273368377238512 0.0256502442061901 0.0246957037597895 0.0238105431199074 0.0236951056867838 0.0254520066082478 0.0277498066425323 0.0281641650944948 0.0312132742255926 0.0311633218079805 0.0346710085868835 0.0343835055828094 0.0349891930818558 0.0354999639093876 0.0330743007361889 0.0335920453071594 0.029986783862114 0.0353967770934105 0.0438343249261379
0.036387737840414 0.0125846127048135 0.00936824735254049 0.0140197416767478 0.0119404615834355 0.0197550226002932 0.0190242789685726 0.024620158597827 0.0237570032477379 0.0255790520459414 0.0266470480710268 0.0335192494094372 0.0291082356125116 0.0359783060848713 0.038197960704565 0.044155266135931 0.0465038679540157 0.0472679771482944 0.0473233535885811 0.0414827801287174 0.0387604162096977 0.03321598097682 0.0329163260757923 0.0305225905030966 0.0276406295597553 0.0276799686253071 0.0272228978574276 0.0242023766040802 0.0229931771755219 0.0252799745649099 0.027175597846508 0.0289665274322033 0.0309894420206547 0.0325276628136635 0.0371544510126114 0.0429938919842243 0.0386625304818153 0.0440981052815914 0.044248603284359 0.0442007035017014 0.0365932248532772 0.0267107896506786 0.0294321794062853 0.0522394627332687
0.0388027094304562 0.0149574251845479 0.0159106198698282 0.0158205069601536 0.0196226816624403 0.0229262188076973 0.0266323164105415 0.0293691661208868 0.0297036357223988 0.0288871712982655 0.0313880667090416 0.0343626514077187 0.0354266352951527 0.0417853407561779 0.0544438324868679 0.0593370273709297 0.067512035369873 0.0633623525500298 0.05661990493536 0.0507808811962605 0.0453772991895676 0.0437590405344963 0.036707691848278 0.0337210670113564 0.0301062446087599 0.0278635378926992 0.0273258090019226 0.0256418101489544 0.0255745742470026 0.0273665972054005 0.0291672814637423 0.0301118288189173 0.0286497361958027 0.0320574343204498 0.0406248942017555 0.04294378682971 0.0364350005984306 0.042883612215519 0.0453373119235039 0.0466996170580387 0.0367634519934654 0.0287493895739317 0.0307581461966038 0.0394844152033329
0.0253688674420118 0.0199890919029713 0.0187063347548246 0.0163699667900801 0.0211202278733253 0.0299352928996086 0.0319223515689373 0.0397363007068634 0.0401548743247986 0.0314407385885715 0.0377718508243561 0.0415494255721569 0.0571374073624611 0.0573640987277031 0.0765893906354904 0.0779252424836159 0.0805251225829124 0.0832750201225281 0.0804987773299217 0.0670939162373543 0.0585405118763447 0.0534453243017197 0.0450196713209152 0.0410520508885384 0.0332047939300537 0.031199561432004 0.025883499532938 0.0267376787960529 0.0285715404897928 0.0275375973433256 0.0382171273231506 0.0345247536897659 0.0317284800112247 0.0387941934168339 0.0422777272760868 0.0464469715952873 0.0407142341136932 0.0404949150979519 0.0420161411166191 0.0357659682631493 0.0310266297310591 0.0265146493911743 0.0246325191110373 0.0264604464173317
0.0248593036085367 0.0238326657563448 0.0244719162583351 0.0257297977805138 0.0252330619841814 0.0318715497851372 0.0348859280347824 0.040502492338419 0.0421285443007946 0.0341101810336113 0.0485160276293755 0.0703442618250847 0.0653581991791725 0.0890556946396828 0.0976062938570976 0.0931101813912392 0.0954096764326096 0.101592339575291 0.0883638113737106 0.0805884450674057 0.0761072039604187 0.0711168721318245 0.0607667677104473 0.0508226417005062 0.043353695422411 0.0373621545732021 0.0311057176440954 0.0296501405537128 0.0309848207980394 0.0397106483578682 0.0570557564496994 0.045881375670433 0.0375039651989937 0.0414731130003929 0.0558935441076756 0.0522800423204899 0.0476800240576267 0.0444549806416035 0.0442103855311871 0.0453198999166489 0.0399071462452412 0.0324996672570705 0.0277736354619265 0.0250918138772249
0.0263736788183451 0.0300595443695784 0.0337589830160141 0.0305252652615309 0.0298827476799488 0.0339033268392086 0.0429197922348976 0.0423035100102425 0.0423673316836357 0.0433248616755009 0.0590510778129101 0.0769253671169281 0.0762113258242607 0.0808925330638885 0.091782882809639 0.11537043005228 0.115111529827118 0.117556758224964 0.100700914859772 0.100357480347157 0.0842349901795387 0.0791448205709457 0.0753052234649658 0.0661601126194 0.056944876909256 0.0452549457550049 0.0393016077578068 0.0343269519507885 0.0371554866433144 0.043127816170454 0.0677507817745209 0.0517436489462852 0.0563387274742126 0.0703162923455238 0.0828409045934677 0.0705840662121773 0.060308899730444 0.057763583958149 0.0545282140374184 0.0600764863193035 0.0515684559941292 0.0450266115367413 0.0374551378190517 0.0318643040955067
0.0439553186297417 0.0478804185986519 0.0457285791635513 0.0505878068506718 0.0472649186849594 0.0434426628053188 0.0444106087088585 0.0414466857910156 0.0524534434080124 0.0630483999848366 0.0726538151502609 0.0838403180241585 0.115710116922855 0.0988382920622826 0.109670251607895 0.120938561856747 0.129820942878723 0.124757312238216 0.119073390960693 0.116052158176899 0.109242163598537 0.0955643951892853 0.0891416817903519 0.0755118429660797 0.0721262469887733 0.0713869631290436 0.0652184262871742 0.0504394546151161 0.0397562980651855 0.0469610691070557 0.0532377623021603 0.0571742206811905 0.0623842291533947 0.0763052105903625 0.0777854397892952 0.0758904367685318 0.0741087719798088 0.0767583325505257 0.0785781070590019 0.0858500152826309 0.0816911831498146 0.0753429383039474 0.0632622390985489 0.0597816444933414
0.131911918520927 0.157374888658524 0.167329415678978 0.131725326180458 0.100366726517677 0.0682448670268059 0.0978137776255608 0.119892649352551 0.175962507724762 0.195971459150314 0.19045689702034 0.20368005335331 0.178871870040894 0.15532311797142 0.210161685943604 0.188830524682999 0.1803018450737 0.188356682658195 0.204324036836624 0.193571329116821 0.164800837635994 0.153182417154312 0.135805368423462 0.11576321721077 0.111909963190556 0.102334253489971 0.0879140868782997 0.0541054047644138 0.0671914890408516 0.0749595239758492 0.0807665511965752 0.0842981040477753 0.0955329164862633 0.0934996753931046 0.0989816412329674 0.0940706133842468 0.096109539270401 0.0901390537619591 0.0833148956298828 0.10164487361908 0.111715547740459 0.110257111489773 0.0900316387414932 0.0945356041193008
0.782284796237946 0.250596940517426 0.263749212026596 0.263727456331253 0.287507265806198 0.149216994643211 0.240318819880486 0.234536185860634 0.225061938166618 0.192312508821487 0.221447229385376 0.219013690948486 0.17540679872036 0.22043089568615 0.1892049908638 0.183315977454185 0.227691784501076 0.208173647522926 0.205459728837013 0.22476264834404 0.224665641784668 0.222935780882835 0.237995505332947 0.210508659482002 0.200045973062515 0.192778915166855 0.155656933784485 0.17078597843647 0.192994177341461 0.175714120268822 0.155006483197212 0.147269755601883 0.141247540712357 0.147409602999687 0.14113537967205 0.138131365180016 0.128935769200325 0.127182289958 0.115129671990871 0.11525747179985 0.119110517203808 0.117945805191994 0.10505073517561 0.0932873114943504
0.837348699569702 0.916362941265106 0.296075046062469 0.279130667448044 0.279130667448044 0.0946929380297661 0.113210193812847 0.119265541434288 0.132804781198502 0.122022174298763 0.170222043991089 0.196732088923454 0.155423954129219 0.150070860981941 0.225891903042793 0.282715767621994 0.330588638782501 0.308497220277786 0.31192409992218 0.2779381275177 0.323346257209778 0.288778513669968 0.271732419729233 0.232689172029495 0.226630941033363 0.208597451448441 0.212216973304749 0.19943031668663 0.209785908460617 0.219451114535332 0.224997311830521 0.211248025298119 0.235911101102829 0.271247357130051 0.245751291513443 0.234750092029572 0.229685321450233 0.208001434803009 0.196595653891563 0.190106004476547 0.1808200776577 0.17564369738102 0.159414291381836 0.156154051423073
0.533076286315918 0.161113515496254 0.20451283454895 0.366577357053757 0.336312681436539 0.173314958810806 0.091207355260849 0.09903834015131 0.0863090381026268 0.0785937085747719 0.0584692768752575 0.0575780384242535 0.354443937540054 0.553545475006104 0.762874960899353 0.253114491701126 0.348753541707993 0.439927488565445 0.466783672571182 0.45826268196106 0.460065335035324 0.377071619033813 0.30957219004631 0.292428821325302 0.258489668369293 0.232608780264854 0.223788395524025 0.202369689941406 0.187585234642029 0.192074328660965 0.217374533414841 0.233638510107994 0.269823402166367 0.277539283037186 0.278454184532166 0.302166372537613 0.260568737983704 0.32455974817276 0.361844837665558 0.34442064166069 0.368528604507446 0.362007200717926 0.378090709447861 0.344498485326767
0.548206984996796 0.734731614589691 0.977631330490112 0.942098915576935 0.98016631603241 0.251144975423813 0.136560544371605 0.111837647855282 0.515361189842224 0.456576108932495 0.434182286262512 0.34411358833313 0.327185064554214 0.484012573957443 0.873137772083282 0.438782244920731 0.446761250495911 0.41035208106041 0.331456810235977 0.253473877906799 0.19217737019062 0.236376866698265 0.383450567722321 0.331830829381943 0.242089465260506 0.16749607026577 0.175097271800041 0.162784963846207 0.1432194262743 0.162504121661186 0.152765363454819 0.155593797564507 0.181403860449791 0.188913747668266 0.242958098649979 0.291832715272903 0.33967524766922 0.363390266895294 0.34515967965126 0.347829610109329 0.329868882894516 0.413852483034134 0.427557229995728 0.363702654838562
0.577552199363708 0.609845578670502 0.726541221141815 0.923619210720062 0.936798572540283 0.894457817077637 0.348876953125 0.552372515201569 0.57134997844696 0.595076322555542 0.789287924766541 0.716987252235413 0.873968303203583 0.957820057868958 0.438613563776016 0.535208225250244 0.626576483249664 0.57369601726532 0.626915276050568 0.60062301158905 0.567659795284271 0.492219835519791 0.447216153144836 0.345607310533524 0.306839674711227 0.261264652013779 0.290370583534241 0.271838039159775 0.306042283773422 0.270287722349167 0.27553117275238 0.282197177410126 0.272330403327942 0.236679121851921 0.196512430906296 0.228043273091316 0.250963300466537 0.299988806247711 0.440607100725174 0.402524352073669 0.442883461713791 0.506532251834869 0.542648255825043 0.533124983310699
0.696210205554962 0.70758181810379 0.700837016105652 0.742952644824982 0.753042697906494 0.745523035526276 0.760945200920105 0.898502886295319 0.943979442119598 0.997638344764709 0.992397785186768 0.994813621044159 0.98891270160675 0.611971437931061 0.59125542640686 0.573655664920807 0.593316912651062 0.683150470256805 0.58017361164093 0.550553619861603 0.523171126842499 0.519042730331421 0.547218382358551 0.523354649543762 0.453895717859268 0.397464662790298 0.314006119966507 0.317665547132492 0.340469121932983 0.343535482883453 0.342619031667709 0.343146502971649 0.359869480133057 0.324618279933929 0.381414473056793 0.398756384849548 0.405941605567932 0.439791262149811 0.485298544168472 0.402526050806046 0.468081951141357 0.576434731483459 0.980210781097412 0.981777906417847
0.760803401470184 0.787626028060913 0.794568777084351 0.835487246513367 0.83731335401535 0.856348514556885 0.94552880525589 0.997530817985535 0.995558798313141 0.996150135993958 0.700792610645294 0.636620402336121 0.674072444438934 0.682693660259247 0.66777241230011 0.647916674613953 0.67008250951767 0.639205396175385 0.726024806499481 0.698564350605011 0.677289545536041 0.592470645904541 0.563995718955994 0.49293065071106 0.533966302871704 0.542381286621094 0.467585474252701 0.39974045753479 0.37558701634407 0.305213063955307 0.278928279876709 0.281298786401749 0.284066945314407 0.29883873462677 0.311957091093063 0.329513669013977 0.414031773805618 0.452321350574493 0.457455158233643 0.475523710250854 0.494013369083405 0.486324548721313 0.496903985738754 0.957632422447205
0.846369624137878 0.881415724754333 0.947858393192291 0.932626485824585 0.941021263599396 0.942977428436279 0.991483271121979 0.997617244720459 0.998204469680786 0.999693870544434 0.999748110771179 0.999913334846497 0.86838299036026 0.850926399230957 0.766730844974518 0.608074486255646 0.517202496528625 0.623753309249878 0.76500529050827 0.785074591636658 0.75513219833374 0.720405220985413 0.656851768493652 0.429326951503754 0.48883518576622 0.524161159992218 0.471666097640991 0.429043710231781 0.419555723667145 0.328541249036789 0.285341829061508 0.219807967543602 0.501024961471558 0.510862767696381 0.252390772104263 0.313753366470337 0.355603396892548 0.405661523342133 0.885794579982758 0.878899931907654 0.910578191280365 0.915350556373596 0.894792258739471 0.881574213504791
0.766191601753235 0.79381263256073 0.847728073596954 0.885214388370514 0.917832970619202 0.972142219543457 0.98400753736496 0.99418169260025 0.999359786510468 0.999022722244263 0.999697327613831 0.999899864196777 0.999852359294891 0.805077075958252 0.662368476390839 0.545342862606049 0.592407941818237 0.832063734531403 0.736203968524933 0.996216893196106 0.987993359565735 0.982293963432312 0.954822361469269 0.904084384441376 0.425997465848923 0.864113092422485 0.922140777111053 0.930838823318481 -3.4e+38 -3.4e+38 -3.4e+38 0.425971359014511 0.319502651691437 0.307343810796738 0.443451106548309 0.529780030250549 0.523080468177795 0.615128576755524 0.67225706577301 0.65576446056366 0.623724400997162 0.640939712524414 0.68197625875473 0.729123413562775
