data/climate_estimation/maxent_output/Androcymbium_hantamense.asc
NCOLS 22 
NROWS 31 
XLLCORNER 19.0833333333333 
YLLCORNER -33.4166666666667 
CELLSIZE 0.0833333333333333 
NODATA_value -3.4e+38 
0.989903926849365 0.992355942726135 0.993854701519012 0.996417045593262 0.992870330810547 0.989844858646393 0.976541876792908 0.951275408267975 0.921515643596649 0.879812002182007 0.832182228565216 0.438335299491882 0.433130174875259 0.378881394863129 0.340314477682114 0.296749472618103 0.266898989677429 0.228918626904488 0.204744353890419 0.172410368919373 0.162993058562279 0.135523572564125
0.983890771865845 0.987943708896637 0.99117523431778 0.993370294570923 0.996022045612335 0.995236456394196 0.982730269432068 0.975853204727173 0.940929770469666 0.917330026626587 0.857748091220856 0.462661772966385 0.426055192947388 0.491613417863846 0.351007878780365 0.312235146760941 0.275090366601944 0.237559512257576 0.204706862568855 0.177434235811234 0.156837791204453 0.145930588245392
0.978050351142883 0.981396019458771 0.986212611198425 0.991376340389252 0.993740141391754 0.994468152523041 0.994432330131531 0.985417664051056 0.953580439090729 0.953318297863007 0.903621852397919 0.459603816270828 0.499770849943161 0.48972749710083 0.489760726690292 0.432625204324722 0.293407648801804 0.249019831418991 0.217968970537186 0.183982744812965 0.164431840181351 0.151469200849533
0.965745747089386 0.97469288110733 0.977160573005676 0.985638022422791 0.991742312908173 0.995473504066467 0.995268762111664 0.994655251502991 0.989947319030762 0.96922355890274 0.907535016536713 0.910915017127991 0.545878112316132 0.474217593669891 0.484355390071869 0.456702530384064 0.413547366857529 0.266038358211517 0.221340358257294 0.184672310948372 0.166360378265381 0.162793681025505
0.950934290885925 0.96622222661972 0.970039129257202 0.979632675647736 0.984368562698364 0.98964512348175 0.992227435112 0.994407474994659 0.991901040077209 0.989843726158142 0.965502738952637 0.953376293182373 0.912221431732178 0.520852088928223 0.491197943687439 0.472906857728958 0.4411501288414 0.383479982614517 0.321345955133438 0.20142537355423 0.178030759096146 0.157659113407135
0.913477838039398 0.946732640266418 0.956235766410828 0.968908071517944 0.979033708572388 0.990251839160919 0.994555473327637 0.996744155883789 0.988085925579071 0.980445027351379 0.976008236408234 0.970933973789215 0.955471813678741 0.524748384952545 0.531805217266083 0.493176221847534 0.477559030056 0.402681440114975 0.365561038255692 0.296712249517441 0.179510295391083 0.163848519325256
0.872629582881927 0.90941709280014 0.933635175228119 0.960334181785583 0.980676174163818 0.988310039043427 0.994660317897797 0.99573677778244 0.923222839832306 0.981187701225281 0.993779420852661 0.97659820318222 0.972087860107422 0.950616300106049 0.548010170459747 0.504376769065857 0.482009440660477 0.443076491355896 0.383577913045883 0.318138033151627 0.278620392084122 0.167858779430389
0.849696338176727 0.89173299074173 0.925336003303528 0.954243898391724 0.971745848655701 0.98447448015213 0.994231641292572 0.996407568454742 0.997277200222015 0.993322908878326 0.990084707736969 0.985804200172424 0.981573820114136 0.953672766685486 0.586414813995361 0.522863328456879 0.505999326705933 0.4490866959095 0.397673636674881 0.334730565547943 0.322183519601822 0.27014222741127
0.868835031986237 0.882234871387482 0.905643880367279 0.942923903465271 0.96613335609436 0.980080902576447 0.989809334278107 0.99413675069809 0.9975306391716 0.99746185541153 0.996735751628876 0.992577254772186 0.982761263847351 0.919822514057159 0.927225172519684 0.522409975528717 0.50746077299118 0.470418661832809 0.419096678495407 0.38459575176239 0.345425754785538 0.306038498878479
0.846145629882812 0.87027108669281 0.902851641178131 0.931179881095886 0.95846301317215 0.972900688648224 0.98729544878006 0.99418705701828 0.99716979265213 0.996602594852448 0.99730521440506 0.991273164749146 0.976745963096619 0.969881296157837 0.916990160942078 0.565250635147095 0.553567886352539 0.534305989742279 0.457753509283066 0.40893480181694 0.38071283698082 0.349977791309357
0.841289579868317 0.855507671833038 0.896542429924011 0.919544160366058 0.917732059955597 0.962136507034302 0.984469175338745 0.978197038173676 0.995554327964783 0.997119188308716 0.997137725353241 0.988314032554626 0.967071712017059 0.977518796920776 0.941544413566589 0.933084666728973 0.578192114830017 0.53807544708252 0.498134434223175 0.450344324111938 0.404704511165619 0.391457229852676
0.836972892284393 0.857802212238312 0.880346417427063 0.901686608791351 0.895449459552765 0.908612549304962 0.93196827173233 0.946547567844391 0.990362107753754 0.997517943382263 0.994431912899017 0.980678558349609 0.990334451198578 0.974441230297089 0.951344966888428 0.935676038265228 0.570276141166687 0.54481565952301 0.527727007865906 0.497764736413956 0.444060891866684 0.419191181659698
0.841316342353821 0.846363425254822 0.864481925964355 0.871124863624573 0.864260315895081 0.866518437862396 0.909497082233429 0.939864039421082 0.933323562145233 0.985036849975586 0.993660926818848 0.971486032009125 0.978773474693298 0.989917933940887 0.845881700515747 0.761009514331818 0.732126355171204 0.596396923065186 0.513873159885406 0.515751838684082 0.482801973819733 0.476217836141586
0.802796542644501 0.762494385242462 0.806457877159119 0.829912900924683 0.832629501819611 0.819081962108612 0.882203340530396 0.896661341190338 0.89964884519577 0.948365688323975 0.992357850074768 0.992402195930481 0.986394166946411 0.992230415344238 0.971195459365845 0.808097243309021 0.954613566398621 0.613634824752808 0.542326092720032 0.584401547908783 0.528522789478302 0.508742153644562
0.762381613254547 0.729186475276947 0.724246144294739 0.735154390335083 0.7729532122612 0.769279897212982 0.789398968219757 0.845229089260101 0.891233146190643 0.916168212890625 0.965126276016235 0.990993022918701 0.98339319229126 0.982083380222321 0.946586132049561 0.973973631858826 0.962382197380066 0.724155724048615 0.731063544750214 0.618608474731445 0.493349611759186 0.565063118934631
0.724369525909424 0.709565341472626 0.75746488571167 0.757209360599518 0.718547999858856 0.759814977645874 0.770675659179688 0.799566328525543 0.836023926734924 0.832199275493622 0.9084552526474 0.933274507522583 0.982054829597473 0.97945648431778 0.962008833885193 0.983075201511383 0.971165299415588 0.891242027282715 0.624072790145874 0.675916016101837 0.55815976858139 0.540162026882172
0.697695553302765 0.761408269405365 0.821759343147278 0.828798830509186 0.748616755008698 0.735374987125397 0.770986378192902 0.812336325645447 0.82678610086441 0.829365491867065 0.910881459712982 0.911673486232758 0.918936729431152 0.985355615615845 0.942322254180908 0.979434549808502 0.966610789299011 0.900254249572754 0.612989664077759 0.691576361656189 0.647296130657196 0.488955438137054
0.483043819665909 0.746827483177185 0.809067964553833 0.77032083272934 0.714230895042419 0.696334421634674 0.759168565273285 0.795368254184723 0.762954711914062 0.857708632946014 0.816703081130981 0.841354608535767 0.882940769195557 0.975966036319733 0.937555551528931 0.969200372695923 0.896383583545685 0.92073005437851 0.919901549816132 0.855252683162689 0.576599955558777 0.507375180721283
0.396993339061737 0.512667715549469 0.802561402320862 0.827527523040771 0.71064954996109 0.71657395362854 0.742317914962769 0.776505768299103 0.759603559970856 0.784146904945374 0.830580592155457 0.837117969989777 0.856121003627777 0.900726437568665 0.734236598014832 0.975473880767822 0.917766332626343 0.891356110572815 0.874762952327728 0.861528813838959 0.5489661693573 0.616426229476929
0.421939820051193 0.567964434623718 0.674351334571838 0.828717529773712 0.768346905708313 0.715798854827881 0.685351252555847 0.714673817157745 0.740304589271545 0.781154751777649 0.825180292129517 0.84858375787735 0.883633077144623 0.884925127029419 0.920326590538025 0.987407743930817 0.951690018177032 0.891650021076202 0.840700447559357 0.840981543064117 0.608535170555115 0.556156098842621
0.486064285039902 0.431222677230835 0.730587005615234 0.788774967193604 0.789827704429626 0.659993886947632 0.689654052257538 0.719721972942352 0.755976021289825 0.805218875408173 0.850524127483368 0.890224039554596 0.943194210529327 0.902832210063934 0.535701215267181 0.959382832050323 0.978508591651917 0.947307705879211 0.874439895153046 0.840409874916077 0.585196793079376 0.58370840549469
0.465996414422989 0.498254597187042 0.609770357608795 0.809934616088867 0.721087694168091 0.723495662212372 0.708186089992523 0.736692547798157 0.774834036827087 0.802010059356689 0.890336334705353 0.937142729759216 0.954732000827789 0.935174822807312 0.577461659908295 0.612326443195343 0.602522492408752 0.649490416049957 0.927648365497589 0.862488031387329 0.482618570327759 0.468037337064743
0.408622354269028 0.487267374992371 0.67486834526062 0.765053033828735 0.821330785751343 0.87381774187088 0.868417203426361 0.764557600021362 0.79490053653717 0.820290744304657 0.861388802528381 0.911597311496735 0.945231080055237 0.968147933483124 0.96124279499054 0.58782684803009 0.590835988521576 0.555777788162231 0.648059248924255 0.703446388244629 0.601707518100739 0.516056478023529
0.425853401422501 0.402951627969742 0.638534843921661 0.496640801429749 0.834831237792969 0.87515789270401 0.929929375648499 0.784478068351746 0.818752765655518 0.887683212757111 0.926362156867981 0.948287844657898 0.964797019958496 0.975996017456055 0.987519025802612 0.655459225177765 0.609634876251221 0.620920240879059 0.830112516880035 0.769852697849274 0.56676310300827 0.571556448936462
0.416159808635712 0.351277947425842 0.555629968643188 0.531305968761444 0.798431932926178 0.887278616428375 0.891541123390198 0.891244471073151 0.828295588493347 0.878585457801819 0.919691741466522 0.955921411514282 0.971495747566223 0.980002343654633 0.99738335609436 0.985230028629303 0.978610575199127 0.970551133155823 0.94869202375412 0.650534331798553 0.626436471939087 0.575018286705017
0.237017691135406 0.358370304107666 0.441151589155197 0.546961188316345 0.755533337593079 0.829576432704926 0.903472542762756 0.85833203792572 0.883650302886963 0.911015033721924 0.9426309466362 0.969244301319122 0.98121577501297 0.992963075637817 0.988779067993164 0.987501978874207 0.971758723258972 0.949365496635437 0.936271667480469 0.896827459335327 0.596298635005951 0.531246840953827
0.155840843915939 0.24502669274807 0.312946379184723 0.477023512125015 0.696111440658569 0.792971849441528 0.771386027336121 0.925321161746979 0.919006824493408 0.939471483230591 0.953510880470276 0.965302765369415 0.983729004859924 0.991860508918762 0.996770441532135 0.995325922966003 0.990575730800629 0.976061880588531 0.978370487689972 0.907152652740479 0.556136548519135 0.584418654441833
0.11843217164278 0.168112590909004 0.248481944203377 0.456968396902084 0.657603323459625 0.661449551582336 0.770768463611603 0.967100203037262 0.95146918296814 0.967350244522095 0.973604381084442 0.992832064628601 0.994554877281189 0.992066860198975 0.992512822151184 0.986365854740143 0.985020399093628 0.971082329750061 0.947942078113556 0.528008759021759 0.495676904916763 0.415462464094162
0.14074894785881 0.131492108106613 0.214943662285805 0.304523080587387 0.463240951299667 0.611048102378845 0.739953398704529 0.968650102615356 0.975202202796936 0.986585378646851 0.997512757778168 0.999411702156067 0.999390661716461 0.999364197254181 0.997989475727081 0.997117340564728 0.991032540798187 0.980436861515045 0.955167412757874 0.930372178554535 0.406537920236588 0.338531464338303
0.200127601623535 0.109182737767696 0.0869145840406418 0.134958535432816 0.395646899938583 0.632725358009338 0.776434302330017 0.890697836875916 0.983787655830383 0.98950058221817 0.999388873577118 0.999053716659546 0.999630808830261 0.999642312526703 0.998606324195862 0.995027124881744 0.946983098983765 0.925970554351807 0.887318193912506 0.882401525974274 0.913953423500061 0.916647017002106
0.102214761078358 0.0933680385351181 0.0564696751534939 0.0798015892505646 0.289563685655594 0.540063679218292 0.381692051887512 0.64065682888031 0.970937609672546 0.990634441375732 0.9989213347435 0.999248504638672 0.999668300151825 0.997640252113342 0.998753428459167 0.986812651157379 0.974836051464081 0.95666515827179 0.920149624347687 0.928402006626129 0.930019319057465 0.907778322696686
