data/climate_estimation/maxent_output/Androcymbium_irroratum.asc
NCOLS 97 
NROWS 40 
XLLCORNER 17.1666666666667 
YLLCORNER -32.25 
CELLSIZE 0.0833333333333333 
NODATA_value -3.4e+38 
[rows 20 to 39 of 40, columns 45 to 89 of 97]
0.645255267620087 0.643700778484344 0.621300876140594 0.603584289550781 0.597524762153625 0.599031388759613 0.577798783779144 0.562096357345581 0.565954327583313 0.565130472183228 0.55771803855896 0.543826818466187 0.54393458366394 0.535201728343964 0.524551749229431 0.510765135288239 0.523174583911896 0.498524814844131 0.509481191635132 0.5238978266716 0.504007279872894 0.516776323318481 0.52944016456604 0.522113978862762 0.52862560749054 0.514416635036469 0.515882432460785 0.502608418464661 0.493328392505646 0.500272750854492 0.477893352508545 0.483772397041321 0.483161956071854 0.489394873380661 0.495039224624634 0.502866744995117 0.497546941041946 0.502416729927063 0.481370776891708 0.452826410531998 0.415886104106903 0.394586443901062 0.375726699829102 0.361396461725235 0.362566620111465
0.663015842437744 0.63267594575882 0.608362674713135 0.610518157482147 0.609864056110382 0.587083280086517 0.572008848190308 0.556286036968231 0.555098056793213 0.561121106147766 0.546446144580841 0.550198912620544 0.536700069904327 0.523022949695587 0.51330178976059 0.515737950801849 0.509316563606262 0.504503786563873 0.506402194499969 0.513873994350433 0.513941526412964 0.524437189102173 0.521276473999023 0.528412282466888 0.531619668006897 0.519601106643677 0.516161441802979 0.50805401802063 0.506582617759705 0.500581502914429 0.485620826482773 0.488502144813538 0.478816211223602 0.491824716329575 0.512979984283447 0.503150880336761 0.519890129566193 0.509889543056488 0.489278256893158 0.469484150409698 0.444874703884125 0.417336970567703 0.401756674051285 0.390589743852615 0.377648383378983
0.658507645130157 0.63861083984375 0.611737310886383 0.604611456394196 0.583004832267761 0.571510314941406 0.561502814292908 0.547205030918121 0.563749849796295 0.550978660583496 0.543941855430603 0.524623334407806 0.521112978458405 0.503887355327606 0.514701187610626 0.519459247589111 0.519633054733276 0.512646734714508 0.515371799468994 0.516661047935486 0.525316834449768 0.517872929573059 0.520932137966156 0.515708565711975 0.515814185142517 0.521454751491547 0.514419674873352 0.51002961397171 0.50481790304184 0.504477500915527 0.498061150312424 0.497811913490295 0.489467471837997 0.495071262121201 0.503784000873566 0.501100182533264 0.501819252967834 0.498697340488434 0.487157702445984 0.473121911287308 0.457773447036743 0.437866002321243 0.421696603298187 0.414200186729431 0.394114345312119
0.636582434177399 0.620586276054382 0.605675101280212 0.600096642971039 0.586672186851501 0.573611915111542 0.557365357875824 0.543315351009369 0.547596752643585 0.551788568496704 0.538760364055634 0.532602429389954 0.51090669631958 0.502290189266205 0.505934000015259 0.499827742576599 0.500103056430817 0.514628529548645 0.516337096691132 0.520222663879395 0.526193976402283 0.519849419593811 0.51414829492569 0.523875772953033 0.52559107542038 0.515538334846497 0.512552678585052 0.51412969827652 0.519063651561737 0.497789949178696 0.511926412582397 0.514457583427429 0.483069658279419 0.4852394759655 0.493443876504898 0.506078720092773 0.509806156158447 0.496922194957733 0.48963063955307 0.483649075031281 0.46964505314827 0.448102444410324 0.438633143901825 0.440743237733841 0.43495312333107
0.646853387355804 0.633734464645386 0.594682514667511 0.587005972862244 0.59492164850235 0.580964803695679 0.559450209140778 0.540708243846893 0.551267087459564 0.545617520809174 0.531416952610016 0.53377491235733 0.517623841762543 0.511051952838898 0.50811493396759 0.497497171163559 0.503244042396545 0.515465199947357 0.508291482925415 0.515183329582214 0.535589039325714 0.52161979675293 0.518333852291107 0.532862544059753 0.516295492649078 0.507978737354279 0.518394291400909 0.514999508857727 0.499736219644547 0.502838850021362 0.504152536392212 0.51167106628418 0.502201437950134 0.48727023601532 0.494271725416183 0.488756537437439 0.505464971065521 0.499112874269485 0.472393065690994 0.472377628087997 0.474676579236984 0.459376186132431 0.452660024166107 0.453080058097839 0.444158285856247
0.633707642555237 0.617062211036682 0.595744073390961 0.596828877925873 0.5736323595047 0.588483393192291 0.570640981197357 0.557517051696777 0.562987625598907 0.548578679561615 0.546771585941315 0.532439053058624 0.521790266036987 0.523461043834686 0.521876931190491 0.522926092147827 0.508081018924713 0.512153804302216 0.510309338569641 0.525206029415131 0.52580326795578 0.529434204101562 0.543078780174255 0.532522141933441 0.51392263174057 0.509987831115723 0.518250286579132 0.516601264476776 0.517782330513 0.513731062412262 0.499100238084793 0.501382052898407 0.515489757061005 0.495512574911118 0.507851958274841 0.505490660667419 0.489958256483078 0.491289854049683 0.484579533338547 0.47367525100708 0.466335713863373 0.453674018383026 0.457004934549332 0.450699627399445 0.437494099140167
0.636262178421021 0.62301105260849 0.610338151454926 0.592137157917023 0.594427049160004 0.587546288967133 0.567623496055603 0.558741271495819 0.555604517459869 0.560030519962311 0.551147282123566 0.540921807289124 0.542902231216431 0.538298845291138 0.528189420700073 0.532536804676056 0.510722517967224 0.531724512577057 0.534679532051086 0.541335165500641 0.539291620254517 0.52643358707428 0.531424164772034 0.52062052488327 0.516910314559937 0.525589883327484 0.515620529651642 0.519463241100311 0.533686876296997 0.523309290409088 0.51798290014267 0.513441562652588 0.503637075424194 0.524991273880005 0.514959156513214 0.492722541093826 0.475039809942245 0.469362765550613 0.485429763793945 0.463842421770096 0.462382107973099 0.464857369661331 0.456780850887299 0.447868049144745 0.459820181131363
0.629108071327209 0.631046116352081 0.605833232402802 0.604375958442688 0.602659404277802 0.60049033164978 0.58745151758194 0.575562953948975 0.575192630290985 0.566053688526154 0.568676173686981 0.559750437736511 0.560999035835266 0.55330902338028 0.543639421463013 0.539268791675568 0.539295196533203 0.545911908149719 0.532698273658752 0.545797228813171 0.545728206634521 0.537721335887909 0.531007766723633 0.522029042243958 0.519501090049744 0.528836667537689 0.515899419784546 0.532625436782837 0.53534471988678 0.525763988494873 0.530235052108765 0.517840087413788 0.522836625576019 0.512125432491302 0.509383916854858 0.505150556564331 0.500935554504395 0.482019066810608 0.468431353569031 0.468239665031433 0.465759128332138 0.457286477088928 0.46994549036026 0.469974398612976 0.459766954183578
0.632247090339661 0.632653295993805 0.625208914279938 0.622189939022064 0.604084610939026 0.605250239372253 0.601981699466705 0.601653873920441 0.582295298576355 0.58878755569458 0.569544434547424 0.578831434249878 0.567635715007782 0.56832081079483 0.567107558250427 0.55537348985672 0.56867903470993 0.556082725524902 0.548285067081451 0.562881648540497 0.542798578739166 0.563521981239319 0.554828405380249 0.553614735603333 0.542255818843842 0.532994747161865 0.532338798046112 0.535554766654968 0.540088176727295 0.528928577899933 0.536779224872589 0.531775295734406 0.529671251773834 0.519290804862976 0.515720665454865 0.508049786090851 0.495786994695663 0.482534199953079 0.470225602388382 0.488538712263107 0.482116490602493 0.480461001396179 0.472546398639679 0.469046890735626 0.462950885295868
0.647311985492706 0.644975960254669 0.642122268676758 0.635417819023132 0.630428493022919 0.626807630062103 0.604024708271027 0.596618890762329 0.595263302326202 0.579568326473236 0.602070689201355 0.594267308712006 0.595901846885681 0.601125121116638 0.582536816596985 0.581550061702728 0.590520620346069 0.58068186044693 0.575565695762634 0.573183834552765 0.568212032318115 0.559234917163849 0.561743497848511 0.561017572879791 0.556065738201141 0.535539269447327 0.535799086093903 0.541292428970337 0.54441899061203 0.548442780971527 0.530749380588531 0.530669867992401 0.530917704105377 0.540446400642395 0.524570405483246 0.51786732673645 0.494920521974564 0.488661140203476 0.481992661952972 0.475249320268631 0.480066776275635 0.480669170618057 0.474061638116837 0.474223434925079 0.485875129699707
0.659332692623138 0.646834194660187 0.643017590045929 0.645914554595947 0.641951620578766 0.627641022205353 0.620684742927551 0.618714392185211 0.614476144313812 0.602039158344269 0.620986998081207 0.613422393798828 0.600054442882538 0.598269462585449 0.601920485496521 0.603738963603973 0.606725692749023 0.607737958431244 0.598398864269257 0.581437468528748 0.577323079109192 0.588899910449982 0.568157255649567 0.553839087486267 0.558989584445953 0.555937528610229 0.54957789182663 0.554641008377075 0.552686452865601 0.556134700775146 0.554859220981598 0.535008788108826 0.533401846885681 0.53344714641571 0.537296831607819 0.523781538009644 0.503108739852905 0.498822122812271 0.483812510967255 0.476881831884384 0.481645345687866 0.46647447347641 0.471822559833527 0.464612275362015 0.483506113290787
0.681245565414429 0.677592694759369 0.667081892490387 0.66070944070816 0.649232149124146 0.644832491874695 0.62931889295578 0.631948828697205 0.633184671401978 0.622415900230408 0.629842698574066 0.631339132785797 0.621411979198456 0.616152286529541 0.619864821434021 0.625708758831024 0.623991191387177 0.63145387172699 0.606977343559265 0.59510064125061 0.59407764673233 0.586155414581299 0.588916659355164 0.56717973947525 0.565122365951538 0.564827859401703 0.580335259437561 0.573307752609253 0.56593519449234 0.556775271892548 0.557379305362701 0.54362964630127 0.541943788528442 0.533012270927429 0.515747010707855 0.522087752819061 0.498733818531036 0.486921668052673 0.47922483086586 0.478360712528229 0.467569380998611 0.471678048372269 0.464734613895416 0.465075224637985 0.47324550151825
0.696347415447235 0.701804518699646 0.680090665817261 0.67343658208847 0.664553821086884 0.657688736915588 0.66631817817688 0.649574637413025 0.635213792324066 0.644976794719696 0.63291472196579 0.651521623134613 0.633708953857422 0.640566945075989 0.635150194168091 0.614077568054199 0.616996765136719 0.619916915893555 0.620492815971375 0.618550896644592 0.605436027050018 0.620661854743958 0.604301512241364 0.601053655147552 0.595350801944733 0.588938772678375 0.592537224292755 0.583784639835358 0.575060665607452 0.589834153652191 0.594121754169464 0.587127923965454 0.55865091085434 0.544422268867493 0.542954325675964 0.534964323043823 0.504296183586121 0.481291800737381 0.465264528989792 0.480272114276886 0.459668904542923 0.469776630401611 0.46361917257309 0.429082900285721 0.467604070901871
0.720099091529846 0.698536992073059 0.686755120754242 0.685617864131927 0.68557471036911 0.667604148387909 0.663715898990631 0.654897153377533 0.655820369720459 0.658462584018707 0.642818450927734 0.657777369022369 0.657011985778809 0.654742896556854 0.649844884872437 0.641704082489014 0.641850173473358 0.629912555217743 0.628322243690491 0.630177915096283 0.635449290275574 0.631697058677673 0.63425612449646 0.626457154750824 0.631258726119995 0.627132475376129 0.610632658004761 0.596290469169617 0.602379441261292 0.62092137336731 0.599043607711792 0.602423667907715 0.574141979217529 0.557337999343872 0.573479413986206 0.5615593791008 0.523099780082703 0.488138914108276 0.454671919345856 0.460938006639481 0.441491335630417 0.455302387475967 0.436162710189819 0.438231885433197 0.430003821849823
0.74168860912323 0.723662853240967 0.702404737472534 0.709163188934326 0.683039426803589 0.688458144664764 0.683551073074341 0.676123797893524 0.669729232788086 0.675971746444702 0.660817325115204 0.67134565114975 0.676491558551788 0.661525309085846 0.666174590587616 0.647924065589905 0.65965873003006 0.633444547653198 0.63177353143692 0.633518218994141 0.63549280166626 0.649915099143982 0.660917162895203 0.657329618930817 0.660779774188995 0.651827275753021 0.647276401519775 0.633312821388245 0.627740740776062 0.629451513290405 0.641273200511932 0.625036180019379 0.610512495040894 0.593710601329803 0.595486462116241 0.560264348983765 0.541065096855164 0.508617341518402 0.465200424194336 0.495975911617279 0.479604333639145 0.481817692518234 0.481049597263336 0.47149646282196 0.493378341197968
0.754323542118073 0.738877296447754 0.733790934085846 0.720935821533203 0.7086141705513 0.70181542634964 0.700551569461823 0.687357902526855 0.680045008659363 0.673128664493561 0.675370275974274 0.668416142463684 0.676103591918945 0.686212182044983 0.667189359664917 0.673318564891815 0.66267853975296 0.647530019283295 0.648377478122711 0.665415465831757 0.652308821678162 0.678061008453369 0.664196074008942 0.662233114242554 0.694498658180237 0.696671068668365 0.693506717681885 0.660043716430664 0.655565500259399 0.655194997787476 0.657539010047913 0.647139310836792 0.636761128902435 0.61603057384491 0.600339770317078 0.590130209922791 0.544757008552551 0.526815831661224 0.511296272277832 0.541183233261108 0.536986291408539 0.536289572715759 0.527584969997406 0.543146133422852 0.515702962875366
0.781942188739777 0.770811796188354 0.752462685108185 0.736035704612732 0.726824581623077 0.704567432403564 0.697379231452942 0.701904237270355 0.689834356307983 0.68201357126236 0.68606173992157 0.675720393657684 0.68425589799881 0.68423593044281 0.688814282417297 0.684798896312714 0.678892433643341 0.672118544578552 0.666567742824554 0.663893461227417 0.680512011051178 0.69052928686142 0.692437410354614 0.711938917636871 0.740351855754852 0.72421783208847 0.70709365606308 0.715651154518127 0.71145761013031 0.691728234291077 0.684731364250183 0.655680418014526 0.638601899147034 0.626617789268494 0.619598150253296 0.607573509216309 0.590573906898499 0.562075674533844 0.531570732593536 0.54648745059967 0.557797014713287 0.586848378181458 0.617364466190338 0.580882012844086 0.583958566188812
0.791784465312958 0.769748032093048 0.763581275939941 0.74911642074585 0.726889669895172 0.718272089958191 0.713000953197479 0.704857110977173 0.697890937328339 0.696721792221069 0.708361566066742 0.709576427936554 0.698948442935944 0.711501002311707 0.690965890884399 0.694134294986725 0.688990116119385 0.670260965824127 0.671497941017151 0.654557287693024 0.652128279209137 0.675526738166809 0.711919605731964 0.729814469814301 0.752148151397705 0.760725021362305 0.747213840484619 0.725647807121277 0.733195602893829 0.71864265203476 0.714518904685974 0.66239994764328 0.647554159164429 0.617195308208466 0.629093050956726 0.624117314815521 0.538421094417572 0.558396339416504 0.531251192092896 0.566940426826477 0.581889927387238 0.594741940498352 0.62552809715271 0.611285626888275 0.652349174022675
0.811672270298004 0.790954828262329 0.773232638835907 0.767713665962219 0.759743332862854 0.735834181308746 0.718053936958313 0.718669593334198 0.711181282997131 0.701040029525757 0.707455813884735 0.717813372612 0.713891088962555 0.727244198322296 0.70720374584198 0.720580279827118 0.699998378753662 0.65694922208786 0.669098317623138 0.65466320514679 0.644680976867676 0.730508029460907 0.741407990455627 0.754487335681915 0.770783245563507 0.765588760375977 0.769836902618408 0.761974513530731 0.754295408725739 0.73815643787384 0.728329837322235 0.694410979747772 0.677103817462921 0.654979884624481 0.600276827812195 0.62165105342865 0.534675598144531 0.530248701572418 0.552882492542267 0.670994281768799 0.69288843870163 0.670160531997681 0.712376177310944 0.74884557723999 0.729884326457977
0.817034304141998 0.812815129756927 0.791916370391846 0.781157255172729 0.769694209098816 0.748047530651093 0.728263080120087 0.728254854679108 0.747745156288147 0.716937124729156 0.73948723077774 0.758285701274872 0.747353911399841 0.739268362522125 0.762013137340546 0.771647155284882 0.766903221607208 0.699297428131104 0.678156793117523 0.693500339984894 0.749458014965057 0.801074326038361 0.802093982696533 0.788396120071411 0.788621485233307 0.770166516304016 0.776253044605255 0.790154457092285 0.78275865316391 0.758225202560425 0.7430220246315 0.731257379055023 0.719301760196686 0.700386106967926 0.657206356525421 0.587868273258209 0.593090236186981 0.594327807426453 0.652328968048096 0.710189521312714 0.734639108181 0.754660844802856 0.762629508972168 0.784783959388733 0.736653983592987
