data/climate_estimation/maxent_output/Androcymbium_ciliolatum.asc
NCOLS 97 
NROWS 55 
XLLCORNER 17.1666666666667 
YLLCORNER -33.5 
CELLSIZE 0.0833333333333333 
NODATA_value -3.4e+38 
[rows 0 to 19 of 55, columns 0 to 44 of 97]
0.400775521993637 0.478791236877441 0.66233241558075 0.729831576347351 0.635200440883636 0.799044668674469 0.734748721122742 0.604302763938904 0.400218576192856 0.321200370788574 0.125816822052002 0.120568625628948 0.118668340146542 0.0535262413322926 0.0527243725955486 0.0424688570201397 0.0519384630024433 0.0304878354072571 0.0529521554708481 0.0343099571764469 0.0136676747351885 0.00246698991395533 0.000155915244249627 0.00231763208284974 0.00273422198370099 0.00277448585256934 0.00246550259180367 0.00287004048004746 0.0234507732093334 0.0236915852874517 0.0231241285800934 0.020565377548337 0.0207490753382444 0.0181490276008844 0.0179531797766685 0.0187871251255274 0.0446380265057087 0.0457225702702999 0.0482883639633656 0.0518340840935707 0.0538601167500019 0.0559987351298332 0.0520105957984924 0.0532850734889507 0.0489386543631554
0.579265654087067 0.446359187364578 0.723201870918274 0.733750820159912 0.840705573558807 0.85843700170517 0.776271462440491 0.811242461204529 0.548716902732849 0.346597045660019 0.209960579872131 0.117255918681622 0.0987319201231003 0.102765753865242 0.0625931471586227 0.20778726041317 0.0319070108234882 0.0415733084082603 0.0416632331907749 0.0196332521736622 0.0160370655357838 0.0161705277860165 0.00221128878183663 0.00248071947135031 0.00304244388826191 0.0155851747840643 0.0214974749833345 0.0248394496738911 0.0218652375042439 0.0249916259199381 0.0551811084151268 0.0545510910451412 0.0485972575843334 0.0490402206778526 0.0452146232128143 0.0445916317403316 0.045984260737896 0.0458196140825748 0.048587828874588 0.0511596165597439 0.0506142638623714 0.0500200018286705 0.0499357357621193 0.04694988951087 0.0447234287858009
0.292181938886642 0.281365364789963 0.453225553035736 0.7730353474617 0.922979056835175 0.888334155082703 0.862795650959015 0.926476001739502 0.78984260559082 0.4638711810112 0.359760701656342 0.181534796953201 0.178583726286888 0.1545789539814 0.145757719874382 0.0574436672031879 0.188281118869781 0.0305607356131077 0.0429631434381008 0.0310747064650059 0.0268275551497936 0.0247396938502789 0.0229651294648647 0.0019114586757496 0.0159626808017492 0.0383416712284088 0.0542669557034969 0.0521496869623661 0.0499972328543663 0.061210997402668 0.0591706968843937 0.0556642450392246 0.055545162409544 0.051109928637743 0.048486266285181 0.0455286502838135 0.0476939082145691 0.0500638745725155 0.050607692450285 0.0496486127376556 0.0488776601850986 0.0471726059913635 0.0488973148167133 0.0446314625442028 0.0427825935184956
0.357432663440704 0.510446429252625 0.451578348875046 0.640538275241852 0.897114932537079 0.924133121967316 0.942493915557861 0.926459968090057 0.872612416744232 0.654368221759796 0.5019411444664 0.258298724889755 0.162610620260239 0.18067966401577 0.156629145145416 0.142002105712891 0.0298824533820152 0.0283567998558283 0.0296827908605337 0.0269168633967638 0.0197748765349388 0.0187154076993465 0.0205902438610792 0.0205008089542389 0.0204780008643866 0.037259753793478 0.0478093586862087 0.0459170155227184 0.0617664717137814 0.0411677472293377 0.0479084849357605 0.0608382113277912 0.0544618405401707 0.0507123507559299 0.0541013851761818 0.0521369278430939 0.0504229031503201 0.0518091544508934 0.0522270202636719 0.0484692230820656 0.048566646873951 0.0460481680929661 0.0426923856139183 0.0403255708515644 0.0378017798066139
0.260917216539383 0.447665631771088 0.540991544723511 0.578680336475372 0.933294951915741 0.941898882389069 0.980689704418182 0.97840142250061 0.962261617183685 0.870172142982483 0.750496625900269 0.427527785301208 0.268473088741302 0.218509554862976 0.15005062520504 0.145543366670609 0.145040228962898 0.172826275229454 0.0327701196074486 0.0253118742257357 0.0289453659206629 0.018414493650198 0.0185969769954681 0.0257338676601648 0.0295986738055944 0.0322835743427277 0.0432540848851204 0.0489435829222202 0.0440410040318966 0.0597087554633617 0.0537550896406174 0.0608460046350956 0.0487782992422581 0.0514554530382156 0.0510431565344334 0.0547248758375645 0.0480391681194305 0.054142139852047 0.0514323636889458 0.0459729060530663 0.0450469478964806 0.0437523722648621 0.0424672923982143 0.0401041358709335 0.0372520610690117
0.451327860355377 0.428911328315735 0.448331534862518 0.662876844406128 0.825150430202484 0.960584044456482 0.983148157596588 0.974581062793732 0.953683137893677 0.926926136016846 0.771968960762024 0.558952271938324 0.346491068601608 0.32466983795166 0.196269765496254 0.172062739729881 0.141419917345047 0.15339982509613 0.0310965590178967 0.0231109149754047 0.0303871016949415 0.0154359396547079 0.0183000117540359 0.0182794965803623 0.030148059129715 0.0356126613914967 0.0474490486085415 0.036573838442564 0.056271743029356 0.0480060465633869 0.0573324263095856 0.0534342415630817 0.0538124069571495 0.0466538444161415 0.043963722884655 0.0546749755740166 0.0523661188781261 0.0459690727293491 0.0506871603429317 0.0468420535326004 0.0585813857614994 0.0416165143251419 0.0362536571919918 0.0365099348127842 0.0354725271463394
0.464145123958588 0.570406556129456 0.641113996505737 0.690211296081543 0.773940622806549 0.991276264190674 0.970047533512115 0.975558340549469 0.986057460308075 0.95388001203537 0.899729371070862 0.756432235240936 0.507593989372253 0.400676250457764 0.271943926811218 0.207435011863708 0.162284076213837 0.118815191090107 0.103888414800167 0.0210951771587133 0.0231889747083187 0.0197757296264172 0.0122493542730808 0.0159984268248081 0.0191518552601337 0.0239630769938231 0.0294264648109674 0.0413302630186081 0.0462480373680592 0.0460840575397015 0.0363849364221096 0.0400042273104191 0.0393877886235714 0.052574522793293 0.0485550276935101 0.033499963581562 0.0437029115855694 0.0412829369306564 0.0405342616140842 0.0526331774890423 0.0441898442804813 0.0466289035975933 0.0391050651669502 0.0391268655657768 0.0315798372030258
0.494028508663177 0.644279897212982 0.483524829149246 0.711802661418915 0.812286555767059 0.979704678058624 0.997511267662048 0.988909184932709 0.996680617332458 0.959969758987427 0.948619604110718 0.843113303184509 0.679883241653442 0.46738737821579 0.388483077287674 0.231205090880394 0.154388770461082 0.119832292199135 0.102439537644386 0.0189216025173664 0.0201739128679037 0.0222841911017895 0.0133838308975101 0.0130440099164844 0.0156023483723402 0.0216415245085955 0.0234106536954641 0.0300594121217728 0.0330567732453346 0.0284044053405523 0.0414222702383995 0.0381280966103077 0.0368341468274593 0.0377930887043476 0.0376690700650215 0.0371645987033844 0.0450335592031479 0.0470689013600349 0.0507688485085964 0.037373099476099 0.0492723546922207 0.0482865013182163 0.0514130517840385 0.039983231574297 0.0273436829447746
0.420194357633591 0.440997719764709 0.529363214969635 0.617710173130035 0.859240174293518 0.88846492767334 0.985674440860748 0.989825665950775 0.990569353103638 0.961586534976959 0.924355506896973 0.835404694080353 0.798609375953674 0.556293666362762 0.398695796728134 0.309315145015717 0.17269167304039 0.141440495848656 0.0986296907067299 0.0836889892816544 0.0195063967257738 0.0179640483111143 0.0251380614936352 0.013653895817697 0.0174513589590788 0.015134054236114 0.0197268445044756 0.0235198270529509 0.0308395866304636 0.031928151845932 0.0272811893373728 0.0336045771837234 0.0391130372881889 0.0312549024820328 0.0287729315459728 0.0302337650209665 0.0380439795553684 0.0381567068397999 0.0401049293577671 0.0387168861925602 0.0328895971179008 0.0310573317110538 0.0412414707243443 0.0425477139651775 0.0404319949448109
0.529167950153351 0.482353657484055 0.705852270126343 0.762422502040863 0.822255373001099 0.818796336650848 0.994915723800659 0.984840929508209 0.996267795562744 0.980073571205139 0.955691635608673 0.906275629997253 0.857499659061432 0.634868443012238 0.479760259389877 0.360495328903198 0.221703171730042 0.156634360551834 0.125727564096451 0.087139904499054 0.0158529803156853 0.0158547591418028 0.0165403541177511 0.0108463494107127 0.0125326169654727 0.0124950623139739 0.0162904970347881 0.0210289992392063 0.0215026214718819 0.0241076946258545 0.0273286364972591 0.0273550767451525 0.0319411009550095 0.0304908510297537 0.0246867146342993 0.0293320100754499 0.0315239652991295 0.044388260692358 0.0423935689032078 0.0304365362972021 0.0427773408591747 0.043108407407999 0.0340527109801769 0.0284644607454538 0.0308714620769024
0.480012625455856 0.596668004989624 0.678036093711853 0.811766862869263 0.976941406726837 0.792727708816528 0.99126660823822 0.99318939447403 0.986331462860107 0.986140251159668 0.958203136920929 0.902733087539673 0.893386960029602 0.668924510478973 0.609648704528809 0.407847166061401 0.306343227624893 0.177647292613983 0.144383475184441 0.113631598651409 0.10378373414278 0.111861109733582 0.0171260349452496 0.0175368953496218 0.00938053801655769 0.0106518911197782 0.0147253731265664 0.0122857009992003 0.0150570208206773 0.0179160162806511 0.0236498787999153 0.0268098339438438 0.0297219231724739 0.0242735352367163 0.0252785086631775 0.0352997407317162 0.0323501117527485 0.0309397913515568 0.0278554502874613 0.0280376709997654 0.0320630669593811 0.0351076498627663 0.0311120245605707 0.0375563502311707 0.0358061045408249
0.493298649787903 0.577216565608978 0.71723198890686 0.795628011226654 0.978970110416412 0.983189523220062 0.996235489845276 0.997714221477509 0.989636361598969 0.992619872093201 0.99714607000351 0.897491812705994 0.854513466358185 0.878240764141083 0.62820827960968 0.485555976629257 0.371328294277191 0.305097132921219 0.219837591052055 0.171792268753052 0.103647001087666 0.113354042172432 0.08693877607584 0.0148544879630208 0.00803775433450937 0.00912688300013542 0.0124139897525311 0.0124100297689438 0.0156693551689386 0.0145459715276957 0.0165137257426977 0.0227404311299324 0.0203778091818094 0.0258039887994528 0.0251021198928356 0.0240917876362801 0.0336875729262829 0.0223968792706728 0.0299907308071852 0.0294927898794413 0.0273021832108498 0.0242241807281971 0.0352692045271397 0.0255416166037321 0.0303918067365885
0.488541901111603 0.633431494235992 0.707178711891174 0.784112155437469 0.853566884994507 0.992607772350311 0.989739656448364 0.995396852493286 0.996127784252167 0.99031138420105 0.992903172969818 0.976947963237762 0.949946880340576 0.903870701789856 0.813064277172089 0.659005105495453 0.508781850337982 0.367466241121292 0.252905011177063 0.193700909614563 0.153328776359558 0.112241491675377 0.108516849577427 0.0959119126200676 0.0146981775760651 0.00762928789481521 0.00854382384568453 0.0101373726502061 0.0144806131720543 0.0165714975446463 0.0161185190081596 0.0162991806864738 0.0165390372276306 0.024265106767416 0.0223631467670202 0.0270515326410532 0.0214286800473928 0.0242936871945858 0.0217933543026447 0.0195129979401827 0.0200476590543985 0.0207832548767328 0.0234334506094456 0.0238219257444143 0.038774237036705
0.100173525512218 0.601187288761139 0.704328954219818 0.770400583744049 0.834817409515381 0.876734018325806 0.993820548057556 0.99112069606781 0.998031675815582 0.99165678024292 0.991887927055359 0.976204931735992 0.973509252071381 0.911859750747681 0.861548066139221 0.773616194725037 0.527787327766418 0.452881395816803 0.29641929268837 0.248219847679138 0.174598425626755 0.123491168022156 0.109625704586506 0.0909555330872536 0.093864694237709 0.0142095107585192 0.0133327571675181 0.00904760230332613 0.0100608905777335 0.0127047002315521 0.012056433595717 0.0175782330334187 0.0148497316986322 0.0164782088249922 0.0189226046204567 0.0185893047600985 0.0245758611708879 0.0190432071685791 0.0169130470603704 0.0204022563993931 0.0176916401833296 0.0205736961215734 0.0192969590425491 0.0262370072305202 0.0326562561094761
0.099907293915749 0.595323622226715 0.683513224124908 0.773486316204071 0.811412572860718 0.84089457988739 0.991956651210785 0.991996169090271 0.992444038391113 0.981461882591248 0.978481411933899 0.972682237625122 0.987800717353821 0.936312615871429 0.839796364307404 0.809781551361084 0.661050081253052 0.501680135726929 0.379043728113174 0.290231078863144 0.240092232823372 0.169102296233177 0.130907237529755 0.119968257844448 0.0761301517486572 0.0947818085551262 0.0123283118009567 0.00816848129034042 0.0076708672568202 0.00861721858382225 0.0100316870957613 0.0124048180878162 0.0148400943726301 0.0142097538337111 0.0162816941738129 0.0180833861231804 0.0271012373268604 0.019950807094574 0.018904572352767 0.0181514117866755 0.0244886539876461 0.0188509989529848 0.0193563289940357 0.0216020122170448 0.0223968401551247
0.107841670513153 0.117490395903587 0.644234657287598 0.720144271850586 0.776860594749451 0.833619236946106 0.987299859523773 0.994721949100494 0.98625636100769 0.96187686920166 0.931781947612762 0.950654029846191 0.96147483587265 0.939938366413116 0.924730360507965 0.856016755104065 0.737475514411926 0.574655055999756 0.449877202510834 0.358944982290268 0.282605141401291 0.229450479149818 0.181042045354843 0.113779149949551 0.118965163826942 0.0817052870988846 0.081298753619194 0.0117191998288035 0.0076070767827332 0.00843830220401287 0.0109691163524985 0.0139230145141482 0.0157219581305981 0.0147200962528586 0.0230302084237337 0.017523230984807 0.0165955368429422 0.0188244413584471 0.018044313415885 0.0180014967918396 0.0174324680119753 0.0185763593763113 0.0244550853967667 0.0223801508545876 0.023017318919301
-3.4e+38 0.113243900239468 0.6305330991745 0.700380563735962 0.763621747493744 0.80971485376358 0.975534617900848 0.980182707309723 0.98255318403244 0.968157410621643 0.921030402183533 0.862108707427979 0.808004140853882 0.833138704299927 0.858067691326141 0.841879367828369 0.754168450832367 0.727023780345917 0.535270512104034 0.440198093652725 0.403954476118088 0.272578239440918 0.211021721363068 0.176644548773766 0.126832902431488 0.100217573344707 0.091457188129425 0.0750939548015594 0.0135935731232166 0.00763893779367208 0.00810538325458765 0.0083246473222971 0.0119731584563851 0.0173983611166477 0.019071327522397 0.0166118424385786 0.0142834885045886 0.0236332826316357 0.0148097015917301 0.0141631616279483 0.0228429324924946 0.0177069380879402 0.0335436128079891 0.0280076712369919 0.023920763283968
-3.4e+38 0.113199323415756 0.612482726573944 0.701643466949463 0.758919775485992 0.792965352535248 0.984400689601898 0.970532476902008 0.980935156345367 0.979747831821442 0.917392611503601 0.696735799312592 0.842801511287689 0.870394229888916 0.828559994697571 0.822668612003326 0.79779577255249 0.711792528629303 0.623861074447632 0.517406761646271 0.494744926691055 0.337755501270294 0.286591708660126 0.203724026679993 0.1694345921278 0.116638757288456 0.101740278303623 0.0866432636976242 0.0853760987520218 0.0127730313688517 0.00807356089353561 0.0089395884424448 0.00887718982994556 0.0132143469527364 0.0186371672898531 0.0194368865340948 0.018952913582325 0.0229967422783375 0.0206121318042278 0.0199915692210197 0.0292512495070696 0.0352071411907673 0.0357825383543968 0.0340973809361458 0.0411628969013691
-3.4e+38 -3.4e+38 0.122359924018383 0.665336191654205 0.727626383304596 0.805790543556213 0.824078440666199 0.988658428192139 0.968778729438782 0.991143047809601 0.990032196044922 0.814201533794403 0.916169941425323 0.898937225341797 0.935945153236389 0.915639162063599 0.828633189201355 0.805715382099152 0.759787142276764 0.640669107437134 0.498967528343201 0.427036166191101 0.395760804414749 0.341082364320755 0.264779508113861 0.186030566692352 0.120568715035915 0.116616286337376 0.0848921611905098 0.085742250084877 0.0146117154508829 0.00884458981454372 0.00870103295892477 0.0131156500428915 0.0142220892012119 0.0211371928453445 0.0196254756301641 0.0252379029989243 0.0239169858396053 0.0176752619445324 0.0225521344691515 0.0200008638203144 0.0213183984160423 0.026673037558794 0.0189583823084831
-3.4e+38 -3.4e+38 0.11902816593647 0.642377614974976 0.697788834571838 0.765271842479706 0.821867227554321 0.830384373664856 0.972335517406464 0.97646176815033 0.969233989715576 0.979320883750916 0.980270624160767 0.958270668983459 0.962736248970032 0.893379390239716 0.917120039463043 0.805662572383881 0.851033985614777 0.748993635177612 0.678240776062012 0.556262314319611 0.515799641609192 0.374916672706604 0.262581884860992 0.267549723386765 0.186087191104889 0.130758360028267 0.113330565392971 0.109263852238655 0.105507656931877 0.0139281442388892 0.0100801074877381 0.0114972908049822 0.0126954251900315 0.0154947908595204 0.0201958436518908 0.0237503200769424 0.02049938775599 0.0264737568795681 0.0219433940947056 0.0339698940515518 0.0225763339549303 0.0281722825020552 0.0248361323028803
