data/climate_estimation/maxent_output/Androcymbium_irroratum.asc
NCOLS 97 
NROWS 40 
XLLCORNER 17.1666666666667 
YLLCORNER -32.25 
CELLSIZE 0.0833333333333333 
NODATA_value -3.4e+38 
[rows 20 to 39 of 40, columns 0 to 44 of 97]
-339999999999999996123846586046231871488.000000000000000 -3.4e+38 -3.4e+38 0.979157686233521 0.9668830037117 0.968862414360046 0.955983519554138 0.953781843185425 0.94015097618103 0.938805460929871 0.930298805236816 0.903489649295807 0.896969616413116 0.897274851799011 0.880822718143463 0.898624122142792 0.886113286018372 0.880413949489594 0.874159812927246 0.871865093708038 0.888107299804688 0.888984680175781 0.894457578659058 0.901636242866516 0.912960767745972 0.90751588344574 0.909914016723633 0.906743288040161 0.911103427410126 0.897132813930511 0.879174053668976 0.876383900642395 0.863179266452789 0.844499051570892 0.83378529548645 0.822160005569458 0.808234751224518 0.781197667121887 0.769752323627472 0.749373137950897 0.741068303585052 0.73306405544281 0.723356485366821 0.696061074733734 0.669058620929718
-3.4e+38 -3.4e+38 -3.4e+38 0.975454986095428 0.963678002357483 0.964022874832153 0.961059629917145 0.948748350143433 0.938984870910645 0.933534681797028 0.920340895652771 0.904329657554626 0.905863344669342 0.90428352355957 0.904296100139618 0.899584352970123 0.879585325717926 0.871318757534027 0.876473844051361 0.885511159896851 0.889074742794037 0.880400896072388 0.876169621944427 0.885496497154236 0.903006374835968 0.902411341667175 0.900148153305054 0.907263696193695 0.903014957904816 0.902778327465057 0.893242418766022 0.876599788665771 0.867094397544861 0.847958266735077 0.843566238880157 0.829946577548981 0.808249294757843 0.795361638069153 0.783636868000031 0.77207624912262 0.744674384593964 0.71721750497818 0.715118765830994 0.69231641292572 0.661409318447113
-3.4e+38 -3.4e+38 -3.4e+38 -3.4e+38 0.964688718318939 0.959921836853027 0.961449503898621 0.94924658536911 0.932694137096405 0.927254557609558 0.916324257850647 0.917428493499756 0.897855281829834 0.911244630813599 0.899122059345245 0.896810114383698 0.885225653648376 0.887344002723694 0.880435287952423 0.883696675300598 0.880613684654236 0.886648535728455 0.889420509338379 0.89551055431366 0.890647292137146 0.890915930271149 0.890121281147003 0.899082243442535 0.898096859455109 0.904567718505859 0.894249558448792 0.885750114917755 0.874204456806183 0.849218785762787 0.851640820503235 0.833967864513397 0.814000129699707 0.802223086357117 0.781693637371063 0.765409469604492 0.742228925228119 0.719708204269409 0.704485535621643 0.679631292819977 0.678413927555084
-3.4e+38 -3.4e+38 -3.4e+38 -3.4e+38 0.965086460113525 0.964666366577148 0.946910858154297 0.936553120613098 0.929673254489899 0.925151526927948 0.893363773822784 0.906737685203552 0.903740108013153 0.906149327754974 0.907462894916534 0.89728981256485 0.90457147359848 0.888877689838409 0.894978821277618 0.890129804611206 0.884725630283356 0.888945162296295 0.893138229846954 0.880708158016205 0.886591970920563 0.891696393489838 0.8772794008255 0.888452768325806 0.895838499069214 0.902758836746216 0.905873954296112 0.88776707649231 0.882057309150696 0.869255304336548 0.855826616287231 0.834573030471802 0.814920425415039 0.802889943122864 0.788175463676453 0.765676498413086 0.747831404209137 0.730908751487732 0.69244909286499 0.694613099098206 0.657192707061768
-3.4e+38 -3.4e+38 -3.4e+38 -3.4e+38 -3.4e+38 0.954791307449341 0.95341968536377 0.939424276351929 0.919566988945007 0.895088672637939 0.886588394641876 0.892776727676392 0.894142866134644 0.910626292228699 0.915905237197876 0.913850784301758 0.913894236087799 0.90511417388916 0.896211862564087 0.902845978736877 0.896271526813507 0.895584464073181 0.878586232662201 0.855881214141846 0.86567485332489 0.873210489749908 0.867330729961395 0.872770965099335 0.882730960845947 0.904175519943237 0.900535941123962 0.887166976928711 0.869807600975037 0.864178001880646 0.84498918056488 0.836361169815063 0.812767446041107 0.809770703315735 0.784768164157867 0.770304799079895 0.746709406375885 0.720183551311493 0.692374885082245 0.662670135498047 0.647927463054657
-3.4e+38 -3.4e+38 -3.4e+38 -3.4e+38 -3.4e+38 -3.4e+38 0.952088117599487 0.943302571773529 0.91321337223053 0.896242141723633 0.89383989572525 0.899272084236145 0.905822813510895 0.909558713436127 0.926372647285461 0.926150441169739 0.915512263774872 0.909461259841919 0.900414705276489 0.9022576212883 0.894228041172028 0.887582182884216 0.873824894428253 0.850684106349945 0.848015606403351 0.852954864501953 0.861589670181274 0.868286848068237 0.878557860851288 0.888270676136017 0.899343371391296 0.893322587013245 0.875154674053192 0.860753118991852 0.839643061161041 0.830137014389038 0.820228159427643 0.804314374923706 0.781077802181244 0.768151462078094 0.749639213085175 0.728278934955597 0.702757954597473 0.670288622379303 0.65088164806366
-3.4e+38 -3.4e+38 -3.4e+38 -3.4e+38 -3.4e+38 -3.4e+38 0.953007161617279 0.945509314537048 0.930781483650208 0.936119973659515 0.927332401275635 0.909940183162689 0.912546455860138 0.911877989768982 0.922390162944794 0.917201817035675 0.922167599201202 0.912273585796356 0.91364973783493 0.894055724143982 0.891967177391052 0.855703771114349 0.852878570556641 0.837591350078583 0.85658061504364 0.843098044395447 0.852255165576935 0.862479031085968 0.866018891334534 0.888787508010864 0.894782543182373 0.899278998374939 0.893027007579803 0.871168434619904 0.84229451417923 0.836626529693604 0.833044469356537 0.810894966125488 0.799148797988892 0.77184271812439 0.759278416633606 0.724208891391754 0.701898396015167 0.678242921829224 0.671136915683746
-3.4e+38 -3.4e+38 -3.4e+38 -3.4e+38 -3.4e+38 -3.4e+38 -3.4e+38 0.942855298519135 0.949424743652344 0.942473232746124 0.938886165618896 0.939114212989807 0.925776124000549 0.92784571647644 0.925073564052582 0.915667057037354 0.915584921836853 0.917527735233307 0.898586809635162 0.902510404586792 0.886061251163483 0.852520287036896 0.803244471549988 0.825831651687622 0.844162464141846 0.843007326126099 0.838099300861359 0.850702226161957 0.863149464130402 0.881748199462891 0.887955129146576 0.899146974086761 0.892499327659607 0.877293825149536 0.849885821342468 0.843077957630157 0.832106173038483 0.811800003051758 0.796337842941284 0.780309438705444 0.744897782802582 0.725776195526123 0.707481265068054 0.685533046722412 0.667794406414032
-3.4e+38 -3.4e+38 -3.4e+38 -3.4e+38 -3.4e+38 -3.4e+38 -3.4e+38 -3.4e+38 0.95140552520752 0.942599475383759 0.939453899860382 0.930835485458374 0.922974944114685 0.924300253391266 0.923180222511292 0.928845882415771 0.925063610076904 0.921914994716644 0.917220652103424 0.887787401676178 0.881572186946869 0.846857368946075 0.762378036975861 0.779623627662659 0.813421666622162 0.814749717712402 0.825971961021423 0.831690549850464 0.855922102928162 0.861291289329529 0.885133862495422 0.869878947734833 0.870044827461243 0.871172666549683 0.86702698469162 0.852778315544128 0.844972491264343 0.821972787380219 0.794075846672058 0.786458373069763 0.758004128932953 0.737944960594177 0.715938925743103 0.677715063095093 0.658163189888
-3.4e+38 -3.4e+38 -3.4e+38 -3.4e+38 -3.4e+38 -3.4e+38 -3.4e+38 -3.4e+38 0.957626581192017 0.949228286743164 0.947853863239288 0.944310903549194 0.941292822360992 0.937262535095215 0.93390154838562 0.932049155235291 0.927821934223175 0.92058652639389 0.910200476646423 0.893268823623657 0.888863146305084 0.852085411548615 0.759848356246948 0.745832860469818 0.758521258831024 0.776038408279419 0.807947754859924 0.828625679016113 0.852966785430908 0.867545247077942 0.866227269172668 0.841772079467773 0.866706848144531 0.873621881008148 0.873021900653839 0.851582646369934 0.849515318870544 0.833626925945282 0.804862678050995 0.77640575170517 0.758884847164154 0.734625220298767 0.72209906578064 0.697551906108856 0.671686470508575
-339999999999999996123846586046231871488.000000000000000 -3.4e+38 -3.4e+38 -3.4e+38 -3.4e+38 -3.4e+38 -3.4e+38 -3.4e+38 -3.4e+38 0.956009924411774 0.95031213760376 0.950753390789032 0.948183000087738 0.955067098140717 0.941518306732178 0.941104769706726 0.925799667835236 0.924835801124573 0.905125796794891 0.880940318107605 0.869773030281067 0.845391094684601 0.773872673511505 0.727473974227905 0.747782647609711 0.772350966930389 0.797519326210022 0.809998214244843 0.837780833244324 0.857749879360199 0.867985308170319 0.882824301719666 0.875171005725861 0.881809949874878 0.871806085109711 0.868811666965485 0.859925270080566 0.832509994506836 0.807827949523926 0.798579812049866 0.766989707946777 0.743852853775024 0.717776000499725 0.704116702079773 0.684568762779236
-3.4e+38 -3.4e+38 -3.4e+38 -3.4e+38 -3.4e+38 -3.4e+38 -3.4e+38 -3.4e+38 -3.4e+38 -3.4e+38 0.949857354164124 0.950721025466919 0.95837789773941 0.952732443809509 0.958539307117462 0.946892976760864 0.933297753334045 0.919224619865417 0.904016137123108 0.881396472454071 0.849524617195129 0.798901319503784 0.74039763212204 0.746871411800385 0.740605711936951 0.752162218093872 0.779018223285675 0.796356737613678 0.819341421127319 0.847235262393951 0.860839664936066 0.870978534221649 0.87651264667511 0.883724510669708 0.879221081733704 0.856098413467407 0.853488802909851 0.843693733215332 0.819912374019623 0.805580317974091 0.785856544971466 0.759539246559143 0.739506483078003 0.70332396030426 0.687083303928375
-3.4e+38 -3.4e+38 -3.4e+38 -3.4e+38 -3.4e+38 -3.4e+38 -3.4e+38 -3.4e+38 -3.4e+38 -3.4e+38 -3.4e+38 0.953705012798309 0.953484654426575 0.951301574707031 0.954290568828583 0.948198735713959 0.929844677448273 0.913488388061523 0.889503121376038 0.86041122674942 0.840916991233826 0.778207778930664 0.742759823799133 0.717159152030945 0.728946328163147 0.75317919254303 0.757687449455261 0.792810499668121 0.805079936981201 0.826874136924744 0.843578219413757 0.851713716983795 0.851351022720337 0.868193566799164 0.872146785259247 0.861750662326813 0.852265298366547 0.855238616466522 0.824935734272003 0.811639428138733 0.800557076931 0.785282552242279 0.755615711212158 0.737944364547729 0.718188941478729
-3.4e+38 -3.4e+38 -3.4e+38 -3.4e+38 -3.4e+38 -3.4e+38 -3.4e+38 -3.4e+38 -3.4e+38 -3.4e+38 -3.4e+38 -3.4e+38 0.952064335346222 0.948258638381958 0.9293292760849 0.930835485458374 0.926248908042908 0.899509131908417 0.865220904350281 0.802408933639526 0.80200457572937 0.77723240852356 0.714295327663422 0.715262889862061 0.718493640422821 0.737728476524353 0.754513502120972 0.76957494020462 0.788999974727631 0.817249357700348 0.829891979694366 0.848357021808624 0.849057137966156 0.860812246799469 0.861088216304779 0.856184899806976 0.858638942241669 0.853633046150208 0.834252774715424 0.8184774518013 0.798530757427216 0.785171329975128 0.7716965675354 0.750175654888153 0.737348616123199
-3.4e+38 -3.4e+38 -3.4e+38 -3.4e+38 -3.4e+38 -3.4e+38 -3.4e+38 -3.4e+38 -3.4e+38 -3.4e+38 -3.4e+38 -3.4e+38 0.952832520008087 0.937513113021851 0.923305332660675 0.902378678321838 0.900792896747589 0.88437819480896 0.764715433120728 0.754470348358154 0.754293739795685 0.761366844177246 0.722658038139343 0.715552628040314 0.718054831027985 0.71920371055603 0.737994015216827 0.758120954036713 0.783400893211365 0.800755739212036 0.826301455497742 0.837418138980865 0.846169888973236 0.85212516784668 0.840081095695496 0.864356279373169 0.863308727741241 0.858552992343903 0.848165810108185 0.832804977893829 0.809226393699646 0.80885249376297 0.792506575584412 0.769045472145081 0.756295084953308
-3.4e+38 -3.4e+38 -3.4e+38 -3.4e+38 -3.4e+38 -3.4e+38 -3.4e+38 -3.4e+38 -3.4e+38 -3.4e+38 -3.4e+38 -3.4e+38 -3.4e+38 0.932331025600433 0.913970828056335 0.89513236284256 0.86311811208725 0.867332339286804 0.822766602039337 0.776888728141785 0.763525545597076 0.746996700763702 0.707906126976013 0.709997177124023 0.700279295444489 0.70013302564621 0.729075133800507 0.741700649261475 0.778358995914459 0.779375970363617 0.818759202957153 0.824716448783875 0.84801322221756 0.843498885631561 0.833516478538513 0.853382527828217 0.868005394935608 0.860095143318176 0.857988238334656 0.837924897670746 0.819731891155243 0.818670094013214 0.792566478252411 0.789778530597687 0.776680946350098
-3.4e+38 -3.4e+38 -3.4e+38 -3.4e+38 -3.4e+38 -3.4e+38 -3.4e+38 -3.4e+38 -3.4e+38 -3.4e+38 -3.4e+38 -3.4e+38 -3.4e+38 0.929127335548401 0.906726837158203 0.88801771402359 0.848529994487762 0.793277084827423 0.791210949420929 0.734083235263824 0.70136833190918 0.711579084396362 0.701736688613892 0.692382574081421 0.697779178619385 0.693328738212585 0.70737212896347 0.725318849086761 0.748970866203308 0.781621396541595 0.794465184211731 0.82159560918808 0.848106503486633 0.831484436988831 0.838916301727295 0.859764873981476 0.860869526863098 0.859322369098663 0.857528984546661 0.851550936698914 0.835962355136871 0.816049635410309 0.808253824710846 0.792888343334198 0.792730391025543
-3.4e+38 -3.4e+38 -3.4e+38 -3.4e+38 -3.4e+38 -3.4e+38 -3.4e+38 -3.4e+38 -3.4e+38 -3.4e+38 -3.4e+38 -3.4e+38 -3.4e+38 0.923780739307404 0.901576340198517 0.871731102466583 0.837464570999146 0.7824347615242 0.715586721897125 0.758623957633972 0.679400086402893 0.652269780635834 0.65788072347641 0.648596405982971 0.659906148910522 0.670843064785004 0.687291443347931 0.708285987377167 0.738722324371338 0.757176995277405 0.79430878162384 0.809170365333557 0.837608158588409 0.859723806381226 0.847322285175323 0.851967215538025 0.85673862695694 0.851589262485504 0.86312073469162 0.85275787115097 0.826532065868378 0.831582307815552 0.819456398487091 0.79825234413147 0.79739910364151
-3.4e+38 -3.4e+38 -3.4e+38 -3.4e+38 -3.4e+38 -3.4e+38 -3.4e+38 -3.4e+38 -3.4e+38 -3.4e+38 -3.4e+38 -3.4e+38 -3.4e+38 0.906764209270477 0.894066095352173 0.857691586017609 0.8256716132164 0.778613209724426 0.69549971818924 0.719581246376038 0.698895931243896 0.619602739810944 0.619722127914429 0.612322807312012 0.627282023429871 0.661249399185181 0.681722342967987 0.686246037483215 0.739960491657257 0.746731519699097 0.768711626529694 0.796755492687225 0.82882285118103 0.841541767120361 0.862749099731445 0.866432547569275 0.860736608505249 0.858538210391998 0.860613167285919 0.854080438613892 0.827827632427216 0.824228763580322 0.82666939496994 0.795486092567444 0.817527711391449
-3.4e+38 -3.4e+38 -3.4e+38 -3.4e+38 -3.4e+38 -3.4e+38 -3.4e+38 -3.4e+38 -3.4e+38 -3.4e+38 -3.4e+38 -3.4e+38 -3.4e+38 0.914939522743225 0.883986830711365 0.854433476924896 0.824139356613159 0.779065251350403 0.699965178966522 0.650438129901886 0.696551322937012 0.632510662078857 0.588729977607727 0.603206038475037 0.609708309173584 0.63426661491394 0.665426909923553 0.693459808826447 0.730427443981171 0.750071048736572 0.783848762512207 0.791477978229523 0.8247971534729 0.857560515403748 0.865468800067902 0.878244042396545 0.855777621269226 0.842672646045685 0.867067575454712 0.863120138645172 0.836559057235718 0.830895364284515 0.834600448608398 0.833352327346802 0.824183583259583
