data/climate_estimation/maxent_output/Androcymbium_volutare.asc
NCOLS 91 
NROWS 58 
XLLCORNER 17.6666666666667 
YLLCORNER -33.75 
CELLSIZE 0.0833333333333333 
NODATA_value -3.4e+38 
[rows 0 to 19 of 58, columns 45 to 89 of 91]
0.245030730962753 0.212686479091644 0.201320111751556 0.199403926730156 0.178936824202538 0.158076241612434 0.137017473578453 0.129866346716881 0.119510680437088 0.12428929656744 0.117288172245026 0.118834510445595 0.121659480035305 0.127598330378532 0.133115962147713 0.148952290415764 0.150295943021774 0.169540226459503 0.178735166788101 0.171993851661682 0.164436265826225 0.153351604938507 0.134964346885681 0.125597938895226 0.11153544485569 0.0955655798316002 0.0572908632457256 0.043797604739666 0.0382747687399387 0.0350544713437557 0.0325137116014957 0.0365587808191776 0.0386787913739681 0.0384261533617973 0.037142176181078 0.0374924317002296 0.0388218462467194 0.0346770919859409 0.0352494604885578 0.0398341380059719 0.0529559999704361 0.0688382014632225 0.0788210034370422 0.0950660333037376 0.0901178419589996
0.229579821228981 0.209325313568115 0.2027358263731 0.188663467764854 0.165423050522804 0.163511380553246 0.141492336988449 0.125950843095779 0.123425543308258 0.115245819091797 0.10670380294323 0.113409519195557 0.115911103785038 0.117150276899338 0.128846392035484 0.149654418230057 0.15762485563755 0.165027037262917 0.172965839505196 0.164917886257172 0.146824538707733 0.141165420413017 0.122146524488926 0.121166549623013 0.10884702205658 0.0847154036164284 0.0502587333321571 0.0390287414193153 0.035986665636301 0.034979622811079 0.0355838239192963 0.0427012220025063 0.0376384258270264 0.0430678948760033 0.0485205538570881 0.0435828417539597 0.0519002936780453 0.0430468246340752 0.0318407043814659 0.0392721183598042 0.049813661724329 0.0654924213886261 0.0772120952606201 0.0890020281076431 0.0877722352743149
0.235036000609398 0.209444835782051 0.199967876076698 0.177741825580597 0.163217306137085 0.155646950006485 0.135961696505547 0.124051705002785 0.117973834276199 0.109902955591679 0.111127227544785 0.112017899751663 0.113097876310349 0.115181967616081 0.122189894318581 0.145573958754539 0.144601136445999 0.159260764718056 0.162239640951157 0.152762830257416 0.142273917794228 0.130374267697334 0.120708964765072 0.101063266396523 0.0857084542512894 0.0709110498428345 0.0525622889399529 0.0435953140258789 0.0428511388599873 0.0436377935111523 0.0418474934995174 0.0428507924079895 0.0451356321573257 0.0523491054773331 0.0523646287620068 0.0585310310125351 0.0620369873940945 0.0696475356817245 0.0585522092878819 0.0512442886829376 0.0581236109137535 0.0722495466470718 0.0827889665961266 0.0929605662822723 0.0843186974525452
0.224451661109924 0.208994671702385 0.189905002713203 0.178487792611122 0.158053353428841 0.150288805365562 0.141011700034142 0.12654472887516 0.116569124162197 0.106199182569981 0.105345509946346 0.121283024549484 0.105979919433594 0.107281424105167 0.122382588684559 0.132898584008217 0.144316479563713 0.145787477493286 0.152903720736504 0.140270173549652 0.148555234074593 0.12770089507103 0.109768472611904 0.0878445282578468 0.0942244827747345 0.0745705366134644 0.0597456768155098 0.0497742258012295 0.0487469471991062 0.0519987195730209 0.052203681319952 0.0547035299241543 0.0561728961765766 0.0553141236305237 0.0621854551136494 0.0718804374337196 0.0740950405597687 0.071777880191803 0.0734144225716591 0.0723632797598839 0.0667642503976822 0.0745165571570396 0.0843451395630836 0.0950250774621964 0.0892418399453163
0.219361901283264 0.197494387626648 0.190106183290482 0.169393792748451 0.177898898720741 0.160389244556427 0.147163823246956 0.140891939401627 0.112801350653172 0.108293615281582 0.111689783632755 0.113075286149979 0.114149376749992 0.105633109807968 0.119941957294941 0.12643201649189 0.128644362092018 0.148463577032089 0.140033856034279 0.13823364675045 0.128066301345825 0.126214802265167 0.116181999444962 0.111305542290211 0.0976131334900856 0.0912824720144272 0.073002927005291 0.0617271065711975 0.0563550107181072 0.0556794442236423 0.0588646940886974 0.062043946236372 0.0640424564480782 0.0615046583116055 0.0711110532283783 0.0729850232601166 0.078288346529007 0.0766357257962227 0.0734397321939468 0.0749567821621895 0.0719244554638863 0.0800310298800468 0.0904245004057884 0.096706934273243 0.0956851691007614
0.207639992237091 0.214522391557693 0.204828128218651 0.171918645501137 0.16837477684021 0.141625136137009 0.13148806989193 0.132857248187065 0.127344042062759 0.114809110760689 0.113119773566723 0.107527129352093 0.106366366147995 0.1127023473382 0.10222926735878 0.113253489136696 0.13112761080265 0.129540249705315 0.120870620012283 0.122607812285423 0.118902385234833 0.1247378885746 0.132703229784966 0.119308479130268 0.111743740737438 0.091838426887989 0.0825465247035027 0.0746301114559174 0.0670792013406754 0.0647565498948097 0.0677781477570534 0.0692413970828056 0.068550668656826 0.0755250826478004 0.0760546773672104 0.0765521377325058 0.0787792205810547 0.07880849391222 0.0796773582696915 0.082160659134388 0.0803857296705246 0.0859837457537651 0.0859718099236488 0.0907230600714684 0.0900138914585114
0.228576883673668 0.202395737171173 0.184867039322853 0.186962530016899 0.15915235877037 0.138276785612106 0.129446297883987 0.120786428451538 0.130464270710945 0.116737298667431 0.105961203575134 0.110888384282589 0.110621891915798 0.0996628552675247 0.106537856161594 0.115094020962715 0.128240421414375 0.113721042871475 0.113182902336121 0.113542392849922 0.125297680497169 0.132670357823372 0.134470984339714 0.129992142319679 0.130581378936768 0.111061096191406 0.0979361832141876 0.0871182903647423 0.0816733539104462 0.0768303275108337 0.0721187740564346 0.0728750377893448 0.0738873705267906 0.0772740989923477 0.0809281319379807 0.0787189155817032 0.0789269432425499 0.0826844647526741 0.081172026693821 0.0831315219402313 0.0838106498122215 0.0887501910328865 0.0985928848385811 0.0906531885266304 0.0889795869588852
0.216878041625023 0.207785174250603 0.185011327266693 0.181208074092865 0.143657252192497 0.144757956266403 0.125796988606453 0.121873684227467 0.109329350292683 0.108805544674397 0.112826839089394 0.106153629720211 0.101595342159271 0.0984852612018585 0.0974300354719162 0.0932923853397369 0.100922591984272 0.0985813215374947 0.106624566018581 0.113087177276611 0.133184134960175 0.135176241397858 0.145008608698845 0.148113265633583 0.137363657355309 0.121767096221447 0.127597972750664 0.11237034201622 0.0983311906456947 0.0908325612545013 0.0811312794685364 0.0787624046206474 0.0785269141197205 0.0784152522683144 0.0809412896633148 0.0787064954638481 0.0764600560069084 0.0759620144963264 0.0791085511445999 0.0824118182063103 0.0813231989741325 0.0908999741077423 0.0907020717859268 0.0994559526443481 0.0955743566155434
0.221643507480621 0.194904893636703 0.190875247120857 0.165230989456177 0.14718171954155 0.149058163166046 0.148378655314445 0.129643753170967 0.126815944910049 0.122036561369896 0.110787838697433 0.111971490085125 0.109170839190483 0.109748229384422 0.0974791944026947 0.0842225402593613 0.092540942132473 0.0985046103596687 0.105916127562523 0.119576841592789 0.136617258191109 0.152578443288803 0.153281599283218 0.155891761183739 0.15870900452137 0.144820645451546 0.136573329567909 0.116126142442226 0.106383740901947 0.101190775632858 0.0967742204666138 0.0885692462325096 0.0857365727424622 0.0862839370965958 0.0859361737966537 0.0840295776724815 0.0801524221897125 0.0798844918608665 0.0772255063056946 0.0790601596236229 0.085757203400135 0.0948977619409561 0.103950992226601 0.101888343691826 0.109101675450802
0.202151477336884 0.194730505347252 0.177111148834229 0.167359337210655 0.163938462734222 0.153704211115837 0.138996973633766 0.127205386757851 0.127395048737526 0.122716940939426 0.119515478610992 0.109695479273796 0.10125358402729 0.105294860899448 0.114909984171391 0.0897976383566856 0.0885706096887589 0.0966551452875137 0.113574594259262 0.126761510968208 0.14213003218174 0.155251115560532 0.173331722617149 0.178434401750565 0.168524965643883 0.161764085292816 0.147296220064163 0.124685846269131 0.11179207265377 0.112092718482018 0.0989251807332039 0.0982992798089981 0.0981505438685417 0.0930759981274605 0.0894142165780067 0.08516875654459 0.0799679383635521 0.0780619904398918 0.0799472779035568 0.0787841975688934 0.0872774496674538 0.0939476415514946 0.0948584973812103 0.103355519473553 0.115661852061749
0.206511855125427 0.195669457316399 0.173442468047142 0.174185425043106 0.156537860631943 0.14239776134491 0.137726008892059 0.13915741443634 0.12956640124321 0.117279566824436 0.122155010700226 0.122459501028061 0.121600635349751 0.107752867043018 0.101865135133266 0.105820715427399 0.117581233382225 0.102298840880394 0.1183041036129 0.131381466984749 0.144347280263901 0.16466112434864 0.181057378649712 0.189164400100708 0.175352215766907 0.159315884113312 0.147645518183708 0.142874106764793 0.127141609787941 0.119036458432674 0.113046288490295 0.105963237583637 0.100239112973213 0.0977481752634048 0.0920017585158348 0.0879233106970787 0.086716502904892 0.0788761302828789 0.0793322324752808 0.0725333690643311 0.0840432792901993 0.08669313788414 0.0912980586290359 0.0982773527503014 0.120273537933826
0.202269896864891 0.18268246948719 0.163754656910896 0.161588564515114 0.151733264327049 0.139023825526237 0.13518238067627 0.125813290476799 0.118839494884014 0.116162553429604 0.114549659192562 0.118187502026558 0.12191553413868 0.118100896477699 0.114442817866802 0.112081252038479 0.11085357517004 0.117388568818569 0.129292100667953 0.139619469642639 0.150184080004692 0.161188095808029 0.179051592946053 0.184831291437149 0.183040782809258 0.162610471248627 0.150684624910355 0.142910838127136 0.123663604259491 0.123249672353268 0.122378773987293 0.111078687012196 0.105686582624912 0.100402168929577 0.0930154696106911 0.0894464924931526 0.0785214155912399 0.0752111449837685 0.0696397572755814 0.066224679350853 0.0803015753626823 0.0746927112340927 0.0857327207922935 0.0908887982368469 0.109570182859898
0.196344420313835 0.182225540280342 0.158469304442406 0.153354451060295 0.14614936709404 0.147028908133507 0.142869457602501 0.132690414786339 0.120385155081749 0.118699543178082 0.118602380156517 0.118210591375828 0.121024459600449 0.124565184116364 0.120242394506931 0.11492346227169 0.127153441309929 0.129050686955452 0.132516995072365 0.143262282013893 0.156390115618706 0.163757190108299 0.175016313791275 0.172199696302414 0.178652346134186 0.15727798640728 0.149881482124329 0.133942067623138 0.115067347884178 0.11377415060997 0.118910886347294 0.109395116567612 0.101355388760567 0.100865297019482 0.0898706912994385 0.080697238445282 0.0695072859525681 0.0652617067098618 0.0626387000083923 0.063645988702774 0.0640541240572929 0.0718338489532471 0.0827463641762733 0.0967879891395569 0.108669303357601
0.203181385993958 0.179557457566261 0.162790670990944 0.160832032561302 0.142865836620331 0.142536103725433 0.136923536658287 0.132425576448441 0.124675773084164 0.120246410369873 0.122451826930046 0.120112866163254 0.130031928420067 0.12404378503561 0.127287611365318 0.129244044423103 0.126748830080032 0.136486187577248 0.137632146477699 0.137170344591141 0.146921470761299 0.156825676560402 0.162348106503487 0.162966296076775 0.161573901772499 0.159920394420624 0.139285057783127 0.123377740383148 0.116614647209644 0.120791144669056 0.111943125724792 0.113551579415798 0.101681791245937 0.09288389980793 0.0843795835971832 0.0753293037414551 0.0677353590726852 0.0610745400190353 0.0553030446171761 0.0577289387583733 0.0581305027008057 0.0648571103811264 0.0736431330442429 0.087551973760128 0.0915978848934174
0.196216493844986 0.186442509293556 0.172917619347572 0.156354352831841 0.149382650852203 0.14421534538269 0.135217875242233 0.136905685067177 0.13377246260643 0.131281509995461 0.12522879242897 0.121471561491489 0.133049860596657 0.130195915699005 0.131846934556961 0.13354828953743 0.137273401021957 0.140810266137123 0.146096512675285 0.15463088452816 0.150951161980629 0.153007790446281 0.164214715361595 0.154896795749664 0.146289378404617 0.146653279662132 0.121613256633282 0.123030439019203 0.121369577944279 0.119910396635532 0.112669624388218 0.106538191437721 0.0996024012565613 0.0900274366140366 0.0832475572824478 0.0683678016066551 0.0621261671185493 0.0562150590121746 0.0540348403155804 0.0556840114295483 0.05963234603405 0.0614786669611931 0.0681339725852013 0.0745382234454155 0.0851206406950951
0.209752038121223 0.191634401679039 0.169009357690811 0.159044593572617 0.144069969654083 0.141633436083794 0.132900267839432 0.132013559341431 0.129524037241936 0.142166391015053 0.135891154408455 0.134053871035576 0.142969951033592 0.139529436826706 0.142937764525414 0.152142643928528 0.146895259618759 0.155858606100082 0.14880944788456 0.150653392076492 0.155292168259621 0.160664483904839 0.151751801371574 0.146764621138573 0.13413992524147 0.128850504755974 0.125901028513908 0.1214464828372 0.126087367534637 0.121454916894436 0.117596670985222 0.112412355840206 0.103391446173191 0.0932738557457924 0.079364076256752 0.0640670508146286 0.0577470995485783 0.053896926343441 0.0523413494229317 0.0540104173123837 0.0552520342171192 0.0573084764182568 0.0634741857647896 0.0706691965460777 0.0786678418517113
0.208761185407639 0.204666569828987 0.163863256573677 0.155920773744583 0.157369941473007 0.143037185072899 0.147527307271957 0.14184957742691 0.135189712047577 0.136423572897911 0.139902248978615 0.139725282788277 0.140392228960991 0.151253283023834 0.16130967438221 0.164945185184479 0.173208802938461 0.170404076576233 0.166754156351089 0.161148622632027 0.162881940603256 0.154875665903091 0.153282910585403 0.131304129958153 0.130793556571007 0.130300715565681 0.132540822029114 0.126390174031258 0.127488940954208 0.124422982335091 0.131531432271004 0.119278118014336 0.103864543139935 0.096206322312355 0.0865303426980972 0.0674542710185051 0.0577873475849628 0.0536872334778309 0.0499982684850693 0.0510396212339401 0.0498744510114193 0.0537771061062813 0.0601183250546455 0.0654882863163948 0.0739009529352188
0.200994729995728 0.194147154688835 0.182587996125221 0.173481434583664 0.151384457945824 0.152100220322609 0.150686472654343 0.139794126152992 0.144168436527252 0.157560095191002 0.15852914750576 0.15132574737072 0.162808030843735 0.168827638030052 0.182200938463211 0.183107376098633 0.181413918733597 0.194602742791176 0.175876438617706 0.175615265965462 0.170329540967941 0.158887401223183 0.135956972837448 0.126829743385315 0.127472877502441 0.121877253055573 0.12877981364727 0.129075795412064 0.144217297434807 0.145900547504425 0.13441875576973 0.134594649076462 0.11809379607439 0.0994144454598427 0.077837847173214 0.0686404705047607 0.0551505386829376 0.0491952523589134 0.0488176494836807 0.0517828091979027 0.0520541593432426 0.0568584278225899 0.0612784065306187 0.0597531087696552 0.0644003450870514
0.208826094865799 0.20320700109005 0.173975244164467 0.170121893286705 0.167588144540787 0.152443006634712 0.162385076284409 0.147150218486786 0.147994086146355 0.151599377393723 0.157788708806038 0.164800718426704 0.164838165044785 0.172477260231972 0.186312437057495 0.186093434691429 0.195288553833961 0.205091282725334 0.19116997718811 0.175775125622749 0.171484678983688 0.142996177077293 0.138695120811462 0.126077890396118 0.127070873975754 0.118736445903778 0.126162260770798 0.139173686504364 0.146744966506958 0.161326721310616 0.160361647605896 0.155118331313133 0.134986102581024 0.109388180077076 0.0847054868936539 0.0771791860461235 0.0571832023561001 0.055466677993536 0.0517906285822392 0.0530516542494297 0.0565381348133087 0.0510983802378178 0.0512540005147457 0.0569144636392593 0.0561604239046574
0.215267091989517 0.192706152796745 0.187874302268028 0.177062466740608 0.167610019445419 0.165515601634979 0.163855791091919 0.155927881598473 0.158082321286201 0.156849697232246 0.163282603025436 0.175196692347527 0.179351598024368 0.186786189675331 0.198208644986153 0.201940044760704 0.213073313236237 0.221367806196213 0.209301263093948 0.187247142195702 0.167052045464516 0.149608820676804 0.133490860462189 0.129604503512383 0.122681900858879 0.123016357421875 0.135516509413719 0.153812512755394 0.163404181599617 0.167623922228813 0.175509303808212 0.203431501984596 0.16515351831913 0.132197201251984 0.0842573419213295 0.0727753862738609 0.0619711242616177 0.0632428228855133 0.0581910721957684 0.0588220171630383 0.0578276738524437 0.052710734307766 0.0516081005334854 0.0503478497266769 0.0547370910644531
