data/climate_estimation/maxent_output/Androcymbium_longipes.asc
NCOLS 147 
NROWS 116 
XLLCORNER 20.4166666666667 
YLLCORNER -34.3333333333333 
CELLSIZE 0.0833333333333333 
NODATA_value -3.4e+38 
[rows 60 to 79 of 116, columns 45 to 89 of 147]
0.00870360992848873 0.0082939313724637 0.00858544185757637 0.00925003457814455 0.00972410105168819 0.00907839462161064 0.00973196793347597 0.0140597829595208 0.0202849172055721 0.0220491122454405 0.0270059797912836 0.0366584360599518 0.0355859585106373 0.0467938557267189 0.0670918673276901 0.0549076721072197 0.0497059598565102 0.0523231402039528 0.0615196488797665 0.0749286115169525 0.0738756358623505 0.0732588395476341 0.083465039730072 0.100136309862137 0.135870918631554 0.170572713017464 0.217189311981201 0.252113699913025 0.291093915700912 0.244782030582428 0.236979842185974 0.212449342012405 0.227859273552895 0.184798285365105 0.271952092647552 0.373267203569412 0.537673830986023 0.622517168521881 0.616049110889435 0.600161790847778 0.63645726442337 0.640736162662506 0.651695251464844 0.707356989383698 0.782969415187836
0.00732188764959574 0.00812301598489285 0.00724733481183648 0.00761396577581763 0.00702054332941771 0.00753967696800828 0.00770539930090308 0.0139669766649604 0.0159294847398996 0.0187473092228174 0.0240922998636961 0.0420039184391499 0.0554950833320618 0.0678757131099701 0.0615527927875519 0.0556138306856155 0.0529799424111843 0.0573914349079132 0.0661011412739754 0.0821180418133736 0.0848941653966904 0.0894438177347183 0.0898940339684486 0.0906112641096115 0.111692734062672 0.15889298915863 0.199155509471893 0.240373626351357 0.291219145059586 0.270099073648453 0.24750742316246 0.237171679735184 0.190472185611725 0.184658944606781 0.235134556889534 0.332378625869751 0.644834458827972 0.649634599685669 0.655246675014496 0.6176478266716 0.606794357299805 0.621111631393433 0.615817546844482 0.747033953666687 0.82652360200882
0.00792846921831369 0.00709652528166771 0.00788424722850323 0.00827095564454794 0.00688333064317703 0.0073729963041842 0.00763641903176904 0.0139987617731094 0.0118450690060854 0.0157157797366381 0.0234250146895647 0.0334872528910637 0.0489368960261345 0.0648764297366142 0.0595816932618618 0.0580314621329308 0.0634642317891121 0.0648939907550812 0.0615456327795982 0.0798585712909698 0.0957430601119995 0.119635172188282 0.118670396506786 0.110307797789574 0.12463466078043 0.162525355815887 0.202496513724327 0.278695106506348 0.285275429487228 0.255508780479431 0.25247448682785 0.265795230865479 0.184444710612297 0.249639227986336 0.351187378168106 0.425650477409363 0.635300159454346 0.635919094085693 0.648548066616058 0.617262899875641 0.585173666477203 0.601953208446503 0.637119233608246 0.752423048019409 0.704905092716217
0.00879794545471668 0.00876546092331409 0.00966935325413942 0.00845381058752537 0.00786746107041836 0.00656610168516636 0.00676894839853048 0.00860317144542933 0.0135323079302907 0.0193393193185329 0.0281191747635603 0.0358675122261047 0.0536633245646954 0.0647359937429428 0.062099676579237 0.0557902120053768 0.0680121704936028 0.0708056017756462 0.0674834400415421 0.0720750465989113 0.0962018072605133 0.129296436905861 0.140069127082825 0.142002493143082 0.149071514606476 0.173523917794228 0.258405983448029 0.274181574583054 0.27617558836937 0.258437693119049 0.225963339209557 0.206608027219772 0.20359693467617 0.29598006606102 0.395904153585434 0.515150606632233 0.623722314834595 0.631245970726013 0.608606934547424 0.602844834327698 0.608042478561401 0.586790382862091 0.695738792419434 0.729776501655579 0.65932559967041
0.011071608401835 0.0109272263944149 0.0102458409965038 0.00997513998299837 0.0110918786376715 0.00984115153551102 0.0105562033131719 0.00815954618155956 0.011275609023869 0.015748018398881 0.0257217977195978 0.0291073974221945 0.0426766276359558 0.055949866771698 0.060983520001173 0.0723151341080666 0.0757401064038277 0.0709324181079865 0.0709443986415863 0.0839889794588089 0.0896859392523766 0.128678217530251 0.15857195854187 0.172949224710464 0.184096395969391 0.226978346705437 0.239869520068169 0.251281231641769 0.246090292930603 0.251331984996796 0.240480557084084 0.19425293803215 0.20384319126606 0.237798526883125 0.351106703281403 0.451518148183823 0.588520169258118 0.62982964515686 0.531549274921417 0.547262966632843 0.618485808372498 0.657407879829407 0.669073581695557 0.657708346843719 0.608876287937164
0.0107874674722552 0.0116272829473019 0.0111247049644589 0.0109125971794128 0.0120553271844983 0.0121666779741645 0.0133358500897884 0.0115852868184447 0.0115303955972195 0.0152315916493535 0.0190233662724495 0.0271052699536085 0.0370559394359589 0.0481250695884228 0.0600647144019604 0.074188344180584 0.0859583541750908 0.0831484273076057 0.0855501070618629 0.104991257190704 0.112843550741673 0.143357396125793 0.148529231548309 0.15154293179512 0.186526417732239 0.205192998051643 0.217739656567574 0.236836835741997 0.243773728609085 0.253245979547501 0.216370895504951 0.203812912106514 0.265381932258606 0.354566097259521 0.355056017637253 0.444672405719757 0.560331881046295 0.554831206798553 0.484586596488953 0.585316181182861 0.624146223068237 0.658688306808472 0.672871828079224 0.637844264507294 0.571935534477234
0.0113867800682783 0.0123239159584045 0.0109719661995769 0.012385006994009 0.0121591677889228 0.0111076002940536 0.0110674407333136 0.0104236816987395 0.0103720482438803 0.012765952385962 0.0191230326890945 0.0246716775000095 0.0336300320923328 0.0419102869927883 0.0514913462102413 0.0831580311059952 0.0979070663452148 0.111561857163906 0.112775094807148 0.122661158442497 0.121914379298687 0.120417721569538 0.122688874602318 0.116084434092045 0.149103596806526 0.192053660750389 0.208102986216545 0.207231268286705 0.20514789223671 0.197466030716896 0.1719930768013 0.21351782977581 0.249888598918915 0.375342845916748 0.424452602863312 0.46133279800415 0.551841855049133 0.495779126882553 0.472309559583664 0.626783013343811 0.667546570301056 0.63818883895874 0.631780922412872 0.575669646263123 0.580513477325439
0.0158155597746372 0.0187874604016542 0.0134771764278412 0.0129793249070644 0.0113274119794369 0.00956071447581053 0.0110087431967258 0.0110290748998523 0.0120357451960444 0.0129610868170857 0.0163504127413034 0.024201599881053 0.0338147021830082 0.0325244851410389 0.0477400496602058 0.0802385956048965 0.101727537810802 0.102268077433109 0.0940039083361626 0.124103933572769 0.128972977399826 0.142526522278786 0.122230023145676 0.111416861414909 0.142180994153023 0.169692263007164 0.199407026171684 0.171911850571632 0.16069783270359 0.15653932094574 0.170664802193642 0.226897820830345 0.307902753353119 0.510965883731842 0.530586421489716 0.459019243717194 0.544701457023621 0.449701726436615 0.377262026071548 0.521385490894318 0.663372874259949 0.623046398162842 0.597649157047272 0.583007514476776 0.568500936031342
0.0172968488186598 0.0276971235871315 0.0172136034816504 0.0142185315489769 0.0102800503373146 0.011611882597208 0.0132285682484508 0.014300374314189 0.0156168453395367 0.0170745886862278 0.0146080385893583 0.018155612051487 0.0210549850016832 0.0265599731355906 0.0455777905881405 0.0623055472970009 0.0714762285351753 0.0806273445487022 0.0827675014734268 0.0948044285178185 0.100074574351311 0.107483439147472 0.114100232720375 0.0919531062245369 0.12366983294487 0.11796873062849 0.129896208643913 0.122233808040619 0.148442417383194 0.173990517854691 0.189693063497543 0.219169363379478 0.272780776023865 0.35715988278389 0.407257348299026 0.421949714422226 0.445851743221283 0.424656838178635 0.357630640268326 0.468609422445297 0.437675297260284 0.487348824739456 0.609074532985687 0.614819407463074 0.595674216747284
0.0225783661007881 0.0251288823783398 0.0178567860275507 0.0131265576928854 0.0149026457220316 0.0138705922290683 0.0160518568009138 0.0153095601126552 0.0120546743273735 0.0114277182146907 0.0132233323529363 0.0128590194508433 0.0154827013611794 0.0232074316591024 0.0345404483377934 0.0477291904389858 0.053832333534956 0.0607550740242004 0.0723698660731316 0.0668649896979332 0.0798192545771599 0.0967900976538658 0.106762684881687 0.0808004811406136 0.0920000895857811 0.0967351570725441 0.10415393859148 0.128404319286346 0.158081233501434 0.191635474562645 0.22192807495594 0.24096705019474 0.288617312908173 0.319459587335587 0.326912701129913 0.331555396318436 0.32627272605896 0.352831274271011 0.411571472883224 0.578505218029022 0.547729790210724 0.596955895423889 0.638322591781616 0.662669658660889 0.692881286144257
0.0281572788953781 0.0373127497732639 0.0284633431583643 0.0242697149515152 0.0181397721171379 0.0174601078033447 0.0163842476904392 0.0155116291716695 0.0132796037942171 0.0123185673728585 0.0133531484752893 0.013427946716547 0.0171677730977535 0.018579700961709 0.024165440350771 0.0325938947498798 0.0429543629288673 0.0490351915359497 0.0472443103790283 0.0466112345457077 0.0569337047636509 0.0661936178803444 0.0743013545870781 0.0738232880830765 0.0802451074123383 0.097672738134861 0.104275703430176 0.113601550459862 0.141100540757179 0.163178816437721 0.198180466890335 0.199793428182602 0.222835004329681 0.251145839691162 0.256153732538223 0.294649213552475 0.317876815795898 0.358920127153397 0.411084622144699 0.583444058895111 0.613733232021332 0.596416413784027 0.633860170841217 0.679883122444153 0.748075783252716
0.0213129427284002 0.0308184549212456 0.0287017840892076 0.0260526333004236 0.0225313976407051 0.0221939571201801 0.0221013352274895 0.0203164722770452 0.0137389441952109 0.0139793651178479 0.0145899392664433 0.014446017332375 0.0200922451913357 0.0213874280452728 0.0269739422947168 0.0322592966258526 0.0385840870440006 0.035668421536684 0.0416716448962688 0.0412132181227207 0.0470611564815044 0.066115066409111 0.0739548578858376 0.0786723643541336 0.0877990946173668 0.0845052525401115 0.0828965827822685 0.0923550873994827 0.104607336223125 0.12024050951004 0.147653937339783 0.141008585691452 0.19447760283947 0.204996079206467 0.264711707830429 0.328775644302368 0.465489238500595 0.509929835796356 0.525687694549561 0.584945797920227 0.599811196327209 0.620702505111694 0.664609968662262 0.694551408290863 0.726854979991913
0.0240520853549242 0.0263089444488287 0.0299566444009542 0.0336251221597195 0.0320443734526634 0.0281678773462772 0.0236189048737288 0.0210103616118431 0.0162745974957943 0.0182733815163374 0.0176980178803205 0.016613008454442 0.0232477188110352 0.0269745774567127 0.0296666882932186 0.0446966849267483 0.0432908050715923 0.0382932536303997 0.0348751358687878 0.0450700931251049 0.0517003312706947 0.0558821186423302 0.0728353038430214 0.0897184237837791 0.0861537903547287 0.0899991765618324 0.0857845321297646 0.0853563398122787 0.114327825605869 0.113108299672604 0.129020527005196 0.156331583857536 0.176299318671227 0.240482747554779 0.282454460859299 0.338387668132782 0.488618820905685 0.52286958694458 0.573669016361237 0.59144800901413 0.632858395576477 0.629693210124969 0.659432351589203 0.702892184257507 0.745373547077179
0.0287476889789104 0.0291733257472515 0.033031802624464 0.0370954275131226 0.0365408360958099 0.0332637578248978 0.0286224223673344 0.0246725548058748 0.0252474080771208 0.0240364521741867 0.0279673933982849 0.0262165032327175 0.0321668013930321 0.032958872616291 0.04281410202384 0.0591478236019611 0.0509623885154724 0.0502706952393055 0.0530343055725098 0.0456383936107159 0.060628205537796 0.0617479607462883 0.0803078860044479 0.115609720349312 0.0862544253468513 0.0803934931755066 0.0805077999830246 0.0844971165060997 0.157976806163788 0.150206357240677 0.146265551447868 0.158439174294472 0.174300566315651 0.226364567875862 0.250653505325317 0.333822518587112 0.467860132455826 0.527500689029694 0.564687132835388 0.587463736534119 0.629839062690735 0.648689985275269 0.685680449008942 0.710178554058075 0.751264452934265
0.0394243597984314 0.0368104875087738 0.0402065739035606 0.0483958050608635 0.0473987683653831 0.044767539948225 0.0355214588344097 0.0356080643832684 0.0370341800153255 0.0388849191367626 0.0430294647812843 0.0505176112055779 0.0448847413063049 0.0404275059700012 0.065228134393692 0.0699914991855621 0.0596498474478722 0.0547081902623177 0.0663032978773117 0.0555661655962467 0.0784946158528328 0.0756973326206207 0.0777222290635109 0.101803116500378 0.099008671939373 0.0803965702652931 0.0813178867101669 0.0853312909603119 0.118860810995102 0.189416334033012 0.195772707462311 0.201707020401955 0.209083050489426 0.218743875622749 0.251712769269943 0.406851381063461 0.469080626964569 0.537361443042755 0.552651345729828 0.582185387611389 0.623080015182495 0.657932281494141 0.713466882705688 0.72050005197525 0.758167266845703
0.0461305864155293 0.0465790256857872 0.0555706843733788 0.0560144335031509 0.0549732260406017 0.0596055239439011 0.0547091439366341 0.0611021965742111 0.0597667060792446 0.0612528100609779 0.0690609961748123 0.084615170955658 0.0716797634959221 0.0486841388046741 0.0569265559315681 0.080833837389946 0.0698850601911545 0.0901171639561653 0.136472389101982 0.091280922293663 0.118907123804092 0.116702795028687 0.105728052556515 0.11570205539465 0.144447758793831 0.0994309931993484 0.0883623361587524 0.106576487421989 0.1395663022995 0.205305337905884 0.329936355352402 0.247878968715668 0.281585901975632 0.273965716362 0.338700979948044 0.448877245187759 0.478547513484955 0.526399910449982 0.563388824462891 0.600021123886108 0.62734991312027 0.679777503013611 0.689859449863434 0.759169280529022 0.781135678291321
0.0628796890377998 0.0624979287385941 0.0628581568598747 0.0635991469025612 0.0636609569191933 0.0774503499269485 0.0789563059806824 0.0819995552301407 0.0821258127689362 0.0985360592603683 0.117494441568851 0.144933268427849 0.0889027193188667 0.072019174695015 0.0878286585211754 0.123481847345829 0.1460130661726 0.1679497808218 0.177778512239456 0.149069368839264 0.171468421816826 0.175727501511574 0.172292470932007 0.190568447113037 0.161158978939056 0.106595739722252 0.111796103417873 0.187066614627838 0.206913277506828 0.29123592376709 0.33241468667984 0.305515229701996 0.341790229082108 0.372497349977493 0.427301198244095 0.43288454413414 0.514671742916107 0.52805507183075 0.589697539806366 0.629446387290955 0.672724306583405 0.684453904628754 0.704051911830902 0.741341888904572 0.795905768871307
0.0966836810112 0.0893524885177612 0.0820707529783249 0.082283154129982 0.0806633159518242 0.0963397175073624 0.105074562132359 0.110731884837151 0.11493855714798 0.14531221985817 0.262504160404205 0.189769819378853 0.153275474905968 0.0990832149982452 0.132329508662224 0.172778755426407 0.248401120305061 0.215436235070229 0.241341486573219 0.213182851672173 0.242551222443581 0.241309061646461 0.244008332490921 0.264906704425812 0.215824827551842 0.194032207131386 0.190979942679405 0.207580357789993 0.326327502727509 0.330258578062057 0.345973283052444 0.315541177988052 0.346312969923019 0.389261871576309 0.431411802768707 0.465498000383377 0.510524213314056 0.565604150295258 0.612500071525574 0.647109508514404 0.685540199279785 0.691995203495026 0.741768479347229 0.768303275108337 0.828064799308777
0.130724236369133 0.117774859070778 0.0956956371665001 0.0990130975842476 0.104376897215843 0.107076793909073 0.134548395872116 0.158307552337646 0.185506939888 0.200893640518188 0.298691660165787 0.208705872297287 0.182687804102898 0.171427607536316 0.13666969537735 0.146842420101166 0.351347863674164 0.370619237422943 0.244465678930283 0.283310443162918 0.32888063788414 0.376539677381516 0.350476175546646 0.289925396442413 0.266410946846008 0.263594925403595 0.315875619649887 0.364909827709198 0.365271300077438 0.394610852003098 0.376712113618851 0.363961040973663 0.380755752325058 0.414632201194763 0.459324508905411 0.483864456415176 0.544984996318817 0.613264262676239 0.625695407390594 0.668925166130066 0.714954376220703 0.733696281909943 0.769285321235657 0.829574167728424 0.842350244522095
0.133468449115753 0.129230856895447 0.122207514941692 0.127676799893379 0.12660813331604 0.134855791926384 0.174814984202385 0.208756312727928 0.294537931680679 0.255918502807617 0.295236974954605 0.187523797154427 0.132042914628983 0.16982065141201 0.138483703136444 0.10734436661005 0.129993095993996 0.136014983057976 0.176484301686287 0.255036622285843 0.261127203702927 0.444748759269714 0.454560995101929 0.385537564754486 0.380119264125824 0.413359612226486 0.427242636680603 0.428482860326767 0.422406017780304 0.415452241897583 0.419430255889893 0.424798786640167 0.431978642940521 0.477278113365173 0.474894106388092 0.523212969303131 0.570866405963898 0.63712477684021 0.686704456806183 0.708249688148499 0.811425864696503 0.857661068439484 0.872756540775299 0.887637436389923 0.895260751247406
