data/climate_estimation/maxent_output/Androcymbium_burchellii.asc
NCOLS 57 
NROWS 48 
XLLCORNER 17.75 
YLLCORNER -34 
CELLSIZE 0.0833333333333333 
NODATA_value -3.4e+38 
[rows 0 to 19 of 48, columns 0 to 44 of 57]
0.989061772823334 0.991188168525696 0.985112309455872 0.991356670856476 0.987286150455475 0.986951112747192 0.988303244113922 0.984245657920837 0.984683394432068 0.979752480983734 0.980013370513916 0.956154584884644 0.935101866722107 0.881864547729492 0.82065361738205 0.77642560005188 0.713489592075348 0.693338513374329 0.225274667143822 0.208028361201286 0.14167432487011 0.140453919768333 0.148966819047928 0.125599130988121 0.141408875584602 0.107977025210857 0.102650560438633 0.0966078639030457 0.0897376835346222 0.0847792401909828 0.0801118165254593 0.0707704648375511 0.06485565751791 0.0561269596219063 0.0534422360360622 0.0501362793147564 0.0474078804254532 0.0544636659324169 0.0524365045130253 0.0492132678627968 0.0473764054477215 0.0437570214271545 0.0408047810196877 0.0382726341485977 0.0377978384494781
0.971792161464691 0.981526792049408 0.958208739757538 0.968346238136292 0.973993241786957 0.988298833370209 0.983851730823517 0.980404496192932 0.981372237205505 0.979531645774841 0.976216793060303 0.970127761363983 0.952123761177063 0.928881525993347 0.874180197715759 0.824543297290802 0.791044175624847 0.681032955646515 0.697922766208649 0.211975604295731 0.137323677539825 0.130202814936638 0.129165887832642 0.133359894156456 0.139759570360184 0.133651658892632 0.10302197188139 0.101209789514542 0.0892846658825874 0.105268232524395 0.0760761275887489 0.0712039843201637 0.0627964586019516 0.0606606118381023 0.0535772666335106 0.0500970780849457 0.0463765114545822 0.0439283959567547 0.0389578081667423 0.0381556265056133 0.0452872253954411 0.0446293130517006 0.0389194488525391 0.038540743291378 0.0357309766113758
0.971971273422241 0.960066914558411 0.922429084777832 0.912405490875244 0.963345587253571 0.97859400510788 0.979441821575165 0.98157262802124 0.980258643627167 0.980104207992554 0.976818323135376 0.971669435501099 0.967390596866608 0.950965642929077 0.91953307390213 0.879944622516632 0.803165256977081 0.787400364875793 0.690667688846588 0.657662272453308 0.201971113681793 0.134969338774681 0.132422029972076 0.142536342144012 0.152048721909523 0.143613427877426 0.131864815950394 0.123642757534981 0.0918764472007751 0.0820870622992516 0.078435406088829 0.0740631297230721 0.0677579864859581 0.0603630505502224 0.0528815500438213 0.0529482178390026 0.0479775406420231 0.0452066324651241 0.0403796918690205 0.0367637015879154 0.0353057160973549 0.0447006337344646 0.0390027388930321 0.0382961146533489 0.0383598245680332
0.972657740116119 0.954677164554596 0.929409623146057 0.899659276008606 0.878800213336945 0.91734516620636 0.95689982175827 0.976061820983887 0.976644337177277 0.974955797195435 0.9758540391922 0.972211420536041 0.974388480186462 0.972099363803864 0.944910287857056 0.910214781761169 0.8740114569664 0.812695801258087 0.754949033260345 0.708657801151276 0.650387167930603 0.216385424137115 0.135077953338623 0.127518191933632 0.125201553106308 0.137181982398033 0.146142333745956 0.131879523396492 0.11794526129961 0.0859419330954552 0.100150726735592 0.0737472176551819 0.0634658858180046 0.0615695230662823 0.054882887750864 0.067336693406105 0.0503332391381264 0.0428799353539944 0.0567057989537716 0.0506068915128708 0.0480941459536552 0.0465507879853249 0.042008101940155 0.0377069711685181 0.0387117527425289
0.968034982681274 0.949720799922943 0.967138469219208 0.8990837931633 0.789973080158234 0.895233690738678 0.950632989406586 0.966850578784943 0.972915649414062 0.972765743732452 0.969682276248932 0.968359887599945 0.96642678976059 0.970837652683258 0.961908996105194 0.944332301616669 0.899894535541534 0.862299919128418 0.797847807407379 0.754491090774536 0.699273645877838 0.672151505947113 0.199001207947731 0.132314160466194 0.130443155765533 0.124291650950909 0.144463986158371 0.14007368683815 0.126066625118256 0.110169254243374 0.106131464242935 0.0944885164499283 0.0693055391311646 0.0802076756954193 0.0794339701533318 0.0718359425663948 0.0680648237466812 0.0635116770863533 0.058742918074131 0.0542291365563869 0.0503432340919971 0.0453558154404163 0.0428262874484062 0.0392364375293255 0.0379967987537384
0.948608636856079 0.954919934272766 0.958517134189606 0.959184169769287 0.837986350059509 0.944752871990204 0.950729489326477 0.96947306394577 0.964312791824341 0.968909859657288 0.967023432254791 0.967439115047455 0.965065896511078 0.963528513908386 0.963850617408752 0.966788351535797 0.954568028450012 0.928284287452698 0.879478216171265 0.80653977394104 0.784165859222412 0.689680874347687 0.669165194034576 0.216676414012909 0.138135433197021 0.127036780118942 0.149180680513382 0.141202360391617 0.130485102534294 0.113828539848328 0.110942430794239 0.0992904603481293 0.0743436515331268 0.0666275545954704 0.0610000379383564 0.0544332303106785 0.0531686767935753 0.0445494055747986 0.0575687699019909 0.0535460561513901 0.0517724342644215 0.045498963445425 0.0440796911716461 0.0405986234545708 0.0388790406286716
0.567208409309387 0.926517724990845 0.932777643203735 0.939586639404297 0.951822102069855 0.950345814228058 0.95243901014328 0.961922645568848 0.959235608577728 0.965939819812775 0.957977414131165 0.96524852514267 0.964876294136047 0.960105717182159 0.963474631309509 0.965706288814545 0.959640860557556 0.923687100410461 0.929197072982788 0.865610182285309 0.803741216659546 0.76342898607254 0.731752097606659 0.706477761268616 0.207252994179726 0.145243287086487 0.141348004341125 0.137865230441093 0.13438381254673 0.124347276985645 0.113557405769825 0.102859243750572 0.0940340012311935 0.0823990702629089 0.0806880295276642 0.0575634352862835 0.0560592599213123 0.048970490694046 0.0586289092898369 0.0522975362837315 0.0494843423366547 0.0474946908652782 0.0457143522799015 0.0404831506311893 0.0394407361745834
0.537852108478546 0.908522069454193 0.910486578941345 0.913667619228363 0.927881956100464 0.932270884513855 0.934482276439667 0.95318078994751 0.951192498207092 0.957856059074402 0.956373691558838 0.955221772193909 0.954450905323029 0.960902154445648 0.959125280380249 0.963958740234375 0.959169387817383 0.948034405708313 0.929490983486176 0.909675359725952 0.873344242572784 0.82100510597229 0.772928714752197 0.753911852836609 0.687297463417053 0.213963881134987 0.237659722566605 0.147197052836418 0.14749501645565 0.134020105004311 0.115381292998791 0.107229121029377 0.0977406725287437 0.0832123681902885 0.0800856724381447 0.0705690681934357 0.0690297335386276 0.0648243874311447 0.0615359395742416 0.0539970509707928 0.0519224554300308 0.0480508841574192 0.0460120625793934 0.0424650236964226 0.0408038198947906
0.485944122076035 0.473954319953918 0.481547474861145 0.471764475107193 0.893923282623291 0.923291862010956 0.925028204917908 0.942025423049927 0.946240365505219 0.946304321289062 0.951509952545166 0.951567590236664 0.95112133026123 0.95178884267807 0.957034945487976 0.964323937892914 0.958149611949921 0.960051596164703 0.948648035526276 0.928895533084869 0.911142468452454 0.882426083087921 0.821422100067139 0.774196803569794 0.730251252651215 0.695013105869293 0.214584276080132 0.13845856487751 0.138996824622154 0.139448195695877 0.125345289707184 0.113956093788147 0.0976280719041824 0.0864712223410606 0.0813746228814125 0.0775980725884438 0.0749170109629631 0.066705234348774 0.0581408254802227 0.0586010701954365 0.0575569458305836 0.0519805140793324 0.0501706637442112 0.0454287379980087 0.0443461872637272
0.485661745071411 0.451369196176529 0.442368000745773 0.440042078495026 0.468838930130005 0.504802525043488 0.555553436279297 0.932818055152893 0.949427664279938 0.951792001724243 0.953692078590393 0.950829565525055 0.953800022602081 0.958524227142334 0.957417964935303 0.956251084804535 0.959355354309082 0.955993473529816 0.958138644695282 0.961479723453522 0.938493728637695 0.917469084262848 0.87808495759964 0.838081121444702 0.793941795825958 0.718645334243774 0.244566634297371 0.229318961501122 0.240083396434784 0.150900036096573 0.13236902654171 0.116294592618942 0.102636970579624 0.0905681252479553 0.0861176326870918 0.0773768797516823 0.0709955096244812 0.0640371665358543 0.061949759721756 0.0615398772060871 0.0552863553166389 0.0585024282336235 0.0510498471558094 0.0493812523782253 0.0502809695899487
0.439086109399796 0.413778036832809 0.0491419434547424 0.394615590572357 0.435891479253769 0.483061134815216 0.54754239320755 0.579901695251465 0.952992260456085 0.943047702312469 0.94941109418869 0.956215023994446 0.959702014923096 0.960165679454803 0.952459156513214 0.954996764659882 0.951607823371887 0.957745373249054 0.954615116119385 0.965139389038086 0.956344783306122 0.9527787566185 0.924539268016815 0.89880245923996 0.852838277816772 0.802279770374298 0.736945629119873 0.250363856554031 0.233239203691483 0.160685628652573 0.137380689382553 0.121224567294121 0.113736480474472 0.100459143519402 0.0884353891015053 0.0831991359591484 0.074216365814209 0.0667571276426315 0.0622093267738819 0.0598811097443104 0.0597539879381657 0.0557723045349121 0.0569216012954712 0.0580919794738293 0.0568647980690002
0.0511332750320435 0.39824765920639 0.373338371515274 0.0431100279092789 0.4238640666008 0.495248436927795 0.558624446392059 0.594193994998932 0.608924090862274 0.62531840801239 0.630396723747253 0.957606613636017 0.951743900775909 0.950228095054626 0.943576216697693 0.950155556201935 0.9464191198349 0.945644915103912 0.950991213321686 0.952488243579865 0.963893294334412 0.967156767845154 0.942096054553986 0.935100078582764 0.890978574752808 0.857407510280609 0.779293537139893 0.275559991598129 0.248500302433968 0.258149862289429 0.149850219488144 0.128919824957848 0.116080030798912 0.102017380297184 0.0914966017007828 0.0869385749101639 0.0771197974681854 0.0718387290835381 0.0671291947364807 0.064478799700737 0.061566449701786 0.0606104508042336 0.063087671995163 0.0628452226519585 0.0631987079977989
0.052930936217308 0.405707567930222 0.410291314125061 0.0489969402551651 0.054245013743639 0.527145564556122 0.579455852508545 0.624191164970398 0.624684691429138 0.64328008890152 0.642032265663147 0.634780645370483 0.606853663921356 0.594411015510559 0.603670835494995 0.940659403800964 0.93820059299469 0.945915997028351 0.943017303943634 0.948016285896301 0.95195072889328 0.960010290145874 0.957005321979523 0.943792462348938 0.911840677261353 0.90867692232132 0.841528058052063 0.287970304489136 0.291236162185669 0.26289764046669 0.240979537367821 0.209721639752388 0.125242114067078 0.108438029885292 0.0966060757637024 0.0815123617649078 0.0795532986521721 0.0751143991947174 0.0663367137312889 0.0653703436255455 0.0671622976660728 0.0660360753536224 0.0644361153244972 0.0607105046510696 0.0658346191048622
0.0503755733370781 0.0540777184069157 0.0546359717845917 0.0573596507310867 0.485594898462296 0.530409693717957 0.602918028831482 0.659110069274902 0.654652535915375 0.634257853031158 0.632972717285156 0.606581926345825 0.6014763712883 0.582185864448547 0.939289927482605 0.934604942798615 0.925032377243042 0.929904580116272 0.935736298561096 0.940534353256226 0.9493528008461 0.961512565612793 0.960044085979462 0.960095345973969 0.952094435691833 0.9227654337883 0.856103539466858 0.849482178688049 0.331499129533768 0.268975138664246 0.253340482711792 0.222790703177452 0.199353188276291 0.109190106391907 0.101392425596714 0.0821490809321404 0.0785530731081963 0.0756753534078598 0.0724661722779274 0.0713357999920845 0.0676956474781036 0.0637779533863068 0.0633379891514778 0.0615816190838814 0.0625736266374588
0.0528027229011059 0.0554648116230965 0.0582176186144352 0.0616008229553699 0.0653137862682343 0.564103722572327 0.605408072471619 0.639339804649353 0.643787503242493 0.64336621761322 0.626421630382538 0.603843212127686 0.580303549766541 0.569236099720001 0.91929966211319 0.906336903572083 0.916096091270447 0.929319560527802 0.925943315029144 0.942698538303375 0.943200528621674 0.947178244590759 0.951727032661438 0.956413745880127 0.96002459526062 0.963288247585297 0.921869874000549 0.896663963794708 0.834878265857697 0.298174560070038 0.258920252323151 0.231502786278725 0.214063659310341 0.194339156150818 0.16631056368351 0.0935981422662735 0.0835332572460175 0.0730996876955032 0.0722250044345856 0.0684520155191422 0.0666513070464134 0.0667565166950226 0.0619230940937996 0.0663316696882248 0.0682343766093254
-3.4e+38 0.0539607331156731 0.0597332902252674 0.0630169287323952 0.518308341503143 0.567568004131317 0.606476366519928 0.628895401954651 0.639738082885742 0.629875183105469 0.602963209152222 0.574756681919098 0.54696649312973 0.543848037719727 0.909881114959717 0.865701496601105 0.877808511257172 0.910141587257385 0.914128541946411 0.926338493824005 0.939802825450897 0.94612044095993 0.95972353219986 0.965675294399261 0.96612536907196 0.965589940547943 0.948664963245392 0.929835975170135 0.887940645217896 0.308628916740417 0.290030837059021 0.254071444272995 0.240133419632912 0.197102531790733 0.181524842977524 0.149148210883141 0.0840291455388069 0.0780958607792854 0.0780299156904221 0.0696080252528191 0.0664650425314903 0.0645666792988777 0.0665526986122131 0.0662455037236214 0.0683334171772003
-3.4e+38 0.0554982647299767 0.0556429401040077 0.0637896135449409 0.0714758411049843 0.560494363307953 0.593781292438507 0.609168469905853 0.624554634094238 0.59395694732666 0.580757200717926 0.549828350543976 0.543928027153015 0.526915550231934 0.512186825275421 0.858825385570526 0.842598438262939 0.883699476718903 0.898040950298309 0.911931157112122 0.937999427318573 0.945990264415741 0.957396388053894 0.970672488212585 0.902251422405243 0.967872619628906 0.976727962493896 0.941451370716095 0.918051838874817 0.866112172603607 0.299742966890335 0.267761826515198 0.247560381889343 0.223931029438972 0.192774802446365 0.162920370697975 0.146003141999245 0.0807219371199608 0.0757180228829384 0.0739066004753113 0.0697599276900291 0.0702145174145699 0.0744662582874298 0.0677379444241524 0.0747943222522736
-3.4e+38 -3.4e+38 0.0571659430861473 0.060124296694994 0.068990059196949 0.077861525118351 0.0845085307955742 0.605013072490692 0.604070365428925 0.570453941822052 0.536760926246643 0.518506050109863 0.511876344680786 0.497712939977646 0.497100740671158 0.833943843841553 0.82709264755249 0.864772200584412 0.890494763851166 0.910546779632568 0.932899475097656 0.938670516014099 0.963152348995209 0.968103110790253 0.972778737545013 0.976084113121033 0.974526107311249 0.958642065525055 0.939035356044769 0.883293330669403 0.327762603759766 0.282671540975571 0.259480148553848 0.233295038342476 0.208149746060371 0.173900201916695 0.168782234191895 0.146310642361641 0.0836025029420853 0.0785905942320824 0.0803662315011024 0.0767686069011688 0.0797094404697418 0.0804751440882683 0.0761756077408791
-3.4e+38 -3.4e+38 -3.4e+38 0.0599600933492184 0.0659867003560066 0.0776714906096458 0.0773846209049225 0.0821559503674507 0.0771952271461487 0.072756864130497 0.50442498922348 0.48295858502388 0.472872465848923 0.466709554195404 0.848572432994843 0.82573539018631 0.834960043430328 0.858070075511932 0.877449989318848 0.89754843711853 0.922572374343872 0.937586784362793 0.954109132289886 0.960861086845398 0.975162863731384 0.979642510414124 0.983901500701904 0.972546339035034 0.948317050933838 0.836682438850403 0.811979234218597 0.296951651573181 0.279863148927689 0.23769973218441 0.213695779442787 0.196915000677109 0.183506771922112 0.167275950312614 0.1048883497715 0.0900111272931099 0.089032307267189 0.0799427703022957 0.0828601196408272 0.0856354609131813 0.0856212973594666
-3.4e+38 -3.4e+38 -3.4e+38 -3.4e+38 0.47637614607811 0.0710412561893463 0.56681901216507 0.566794455051422 0.0725545063614845 0.513038218021393 0.488556176424026 0.457781165838242 0.445938110351562 0.457223415374756 0.832044661045074 0.820455193519592 0.824559330940247 0.84195464849472 0.86412638425827 0.898459553718567 0.920400083065033 0.933332502841949 0.951192736625671 0.964145302772522 0.978248476982117 0.984330952167511 0.984807550907135 0.97634345293045 0.958559930324554 0.928574085235596 0.815868973731995 0.336219698190689 0.320179313421249 0.285222619771957 0.229731872677803 0.208330824971199 0.198663413524628 0.184110999107361 0.109405629336834 0.106258772313595 0.0936406999826431 0.0958527699112892 0.0948262289166451 0.0939755737781525 0.0970693305134773
