data/climate_estimation/maxent_output/Androcymbium_exiguum.asc
NCOLS 30 
NROWS 110 
XLLCORNER 16.3333333333333 
YLLCORNER -30.9166666666667 
CELLSIZE 0.0833333333333333 
NODATA_value -3.4e+38 
[rows 31 to 61 of 110, columns 0 to 29 of 30]
0.00361564289778471 0.00463589327409863 0.00281689059920609 0.00537161994725466 0.00718111032620072 0.00584502005949616 0.0119541622698307 0.0080407839268446 0.00805111508816481 0.00554393092170358 0.00765078375115991 0.00603083847090602 0.00476428680121899 0.00284709990955889 0.00234794174320996 0.00310261780396104 0.00272002606652677 0.00186584866605699 0.0012523967307061 0.00174353970214725 0.00140255526639521 0.00188031338620931 0.00176948227453977 0.00167185883037746 0.0022878737654537 0.00292272865772247 0.00350833125412464 0.00421064672991633 0.00647710589691997 0.00637640804052353
0.0076922457665205 0.00421698344871402 0.00493507785722613 0.0032187073957175 0.00662186276167631 0.010009428486228 0.0127609139308333 0.00958525855094194 0.00861719530075788 0.00597361335530877 0.00828756019473076 0.00384519039653242 0.00319141428917646 0.0026679621078074 0.00337591511197388 0.00239153811708093 0.00211952836252749 0.00201551895588636 0.00125505693722516 0.00108675251249224 0.00151038216426969 0.00201754551380873 0.00192911014892161 0.0018210094422102 0.00188688712660223 0.00320547143928707 0.00272246543318033 0.00547865265980363 0.00551337329670787 0.00727925868704915
0.00897954683750868 0.00477727688848972 0.0049629514105618 0.00681378925219178 0.0104414550587535 0.0118593629449606 0.014782726764679 0.00844155717641115 0.0114390179514885 0.0076748002320528 0.00511624244973063 0.00369460531510413 0.00296290358528495 0.00221819407306612 0.00251282472163439 0.00219881953671575 0.0020657991990447 0.00199457397684455 0.00180885486770421 0.00170156173408031 0.00162605126388371 0.00233192485757172 0.0020878124050796 0.00307878851890564 0.00335710635408759 0.00243629701435566 0.00517305266112089 0.00462176417931914 0.0059584672562778 0.00713860429823399
0.0175115875899792 0.0127805303782225 0.0122875440865755 0.0111926319077611 0.00769549515098333 0.00731978099793196 0.0120285274460912 0.0123053574934602 0.0124337058514357 0.00817626342177391 0.00539965555071831 0.00367774884216487 0.00361029151827097 0.00295754545368254 0.00293581280857325 0.0019822099711746 0.00306251621805131 0.00265194149687886 0.00271672825329006 0.00289317825809121 0.00221726181916893 0.00296640326268971 0.00229673273861408 0.00361016625538468 0.00407625222578645 0.00475585833191872 0.00585016934201121 0.00558673869818449 0.00709109799936414 0.00828747171908617
0.0186667162925005 0.0131520060822368 0.0125711122527719 0.0131820859387517 0.0113679440692067 0.0105900950729847 0.00795991159975529 0.00722611742094159 0.00712247332558036 0.0075002470985055 0.00528709171339869 0.00233822641894221 0.0018826323794201 0.00237099314108491 0.00246961135417223 0.00249705812893808 0.00283541809767485 0.00413216277956963 0.00408394820988178 0.00469722924754024 0.00374060217291117 0.0040746508166194 0.00407704571262002 0.00426175585016608 0.00493047991767526 0.00526845920830965 0.00662867538630962 0.00591557798907161 0.00761493854224682 0.00849812664091587
0.0309099517762661 0.0244623590260744 0.0276867616921663 0.0100758848711848 0.008503133431077 0.00783008337020874 0.0107252784073353 0.00656905490905046 0.00560184475034475 0.00364852068014443 0.00258096563629806 0.00268498226068914 0.00212991540320218 0.00191392470151186 0.00331902876496315 0.00381660391576588 0.00360208307392895 0.00358153157867491 0.00451477849856019 0.00426635565236211 0.00532688340172172 0.00562772946432233 0.00582974916324019 0.00599607359617949 0.00490714842453599 0.00583174964413047 0.007046680431813 0.00676320027559996 0.00777553115040064 0.00910565070807934
0.0312453061342239 0.0303701553493738 0.0308142695575953 0.0170715879648924 0.01201431453228 0.0089194942265749 0.00822592340409756 0.00598302157595754 0.00451926374807954 0.00379575276747346 0.00277790054678917 0.00239087687805295 0.0024784873239696 0.00252927141264081 0.00275125587359071 0.00363000086508691 0.0050913393497467 0.00447790650650859 0.00683746812865138 0.00571071170270443 0.00713923294097185 0.00582527415826917 0.00529519282281399 0.0059140408411622 0.00723596522584558 0.00612449273467064 0.00817511789500713 0.00951382890343666 0.00821373797953129 0.0101082930341363
0.0436426550149918 0.024301690980792 0.0229034516960382 0.0173272434622049 0.0149428229779005 0.00707888882607222 0.00768458796665072 0.00700215250253677 0.00442987820133567 0.00495767081156373 0.00359271746128798 0.00277667352929711 0.00253034569323063 0.00185523473192006 0.00608141534030437 0.0077996919862926 0.00697771832346916 0.00671649165451527 0.0106857633218169 0.00730689894407988 0.00855657085776329 0.00751759158447385 0.00678909663110971 0.00871154852211475 0.00727886520326138 0.00936384312808514 0.0079951137304306 0.00700333062559366 0.00805145595222712 0.00799138192087412
0.0588256046175957 0.0258581824600697 0.0291405990719795 0.026757912710309 0.0109873991459608 0.0124945305287838 0.00569399166852236 0.00625007366761565 0.003912219312042 0.00338120386004448 0.00353569351136684 0.00292444974184036 0.00344300782307982 0.00397416297346354 0.00643042009323835 0.0130912316963077 0.0135885970667005 0.0129147442057729 0.015937078744173 0.0117460489273071 0.010917997919023 0.00994503498077393 0.00930650904774666 0.00804122909903526 0.0099235912784934 0.00937188789248466 0.00809105020016432 0.00749934604391456 0.00882862322032452 0.00774013623595238
0.0735263228416443 0.0566740073263645 0.0218354091048241 0.016388725489378 0.0169213451445103 0.0102044921368361 0.00570893054828048 0.00458858115598559 0.00534933898597956 0.00440089544281363 0.00378943560644984 0.00435723410919309 0.00462178885936737 0.00680072093382478 0.00940412469208241 0.0157556794583797 0.0201066602021456 0.019321670755744 0.0195667557418346 0.0164439473301172 0.0148615418002009 0.011359641328454 0.0115098264068365 0.0109065352007747 0.010409370996058 0.00908733811229467 0.00804045982658863 0.00755607709288597 0.00697021745145321 0.00870436802506447
0.0641148015856743 0.0332316011190414 0.0197795536369085 0.0169873479753733 0.0104518635198474 0.0118260886520147 0.00814012810587883 0.00683069415390491 0.00618650345131755 0.00573739176616073 0.00498933997005224 0.00557446200400591 0.00587286939844489 0.00905025936663151 0.0119107235223055 0.0166437551379204 0.0267486777156591 0.0268556531518698 0.0202758833765984 0.0162003822624683 0.0173856783658266 0.014439744874835 0.0122263450175524 0.0112412692978978 0.0116767846047878 0.0102458372712135 0.00941857323050499 0.00792314857244492 0.00751965073868632 0.00923191197216511
0.0879675969481468 0.0321788378059864 0.0167382881045341 0.0102581353858113 0.0105575378984213 0.00821617152541876 0.00819107703864574 0.00449548894539475 0.0069375061430037 0.00433926749974489 0.00468774419277906 0.00396161852404475 0.00707903318107128 0.0100497333332896 0.0180847123265266 0.0160272493958473 0.0227218680083752 0.0242507122457027 0.0224114898592234 0.0211953222751617 0.0170364230871201 0.0157826580107212 0.0123009718954563 0.0101218922063708 0.00936261005699635 0.0115645909681916 0.0112035041674972 0.0091802766546607 0.00766730401664972 0.00617604050785303
0.0515584088861942 0.0580834299325943 0.0238795522600412 0.0136508056893945 0.00719104520976543 0.010730929672718 0.00589902698993683 0.00621227826923132 0.00411244574934244 0.00585378240793943 0.00449693854898214 0.0067988014779985 0.0068649142049253 0.0101959658786654 0.0138127394020557 0.0226056035608053 0.0172220095992088 0.0235555786639452 0.0185911655426025 0.022301072254777 0.0150649612769485 0.0161537006497383 0.0147567437961698 0.0127822961658239 0.0114982770755887 0.00994547922164202 0.00791507214307785 0.00949717499315739 0.00831495504826307 0.0068062599748373
0.0391798280179501 0.0577927567064762 0.0206706337630749 0.0177133101969957 0.00936330016702414 0.0057101072743535 0.00516639649868011 0.00451724138110876 0.00585116166621447 0.00666510825976729 0.00444162869825959 0.00775800319388509 0.00726619642227888 0.00802889373153448 0.0120839159935713 0.0208275839686394 0.0188517943024635 0.0226506385952234 0.0211975183337927 0.0175539515912533 0.0199562069028616 0.014768373221159 0.012217422015965 0.013728748075664 0.0109541974961758 0.0123796872794628 0.0103484084829688 0.00835437513887882 0.00870944559574127 0.00743450736626983
0.0177700594067574 0.0208624787628651 0.0137419253587723 0.00982337445020676 0.00749354064464569 0.00844383798539639 0.00646273512393236 0.00818250328302383 0.00526328571140766 0.00582530116662383 0.0055906311608851 0.00546892639249563 0.00916452705860138 0.010587302967906 0.0114516951143742 0.0134383020922542 0.0186878237873316 0.0179446805268526 0.0180413480848074 0.0186774767935276 0.0147706270217896 0.0149559397250414 0.014038504101336 0.0137825179845095 0.0117424493655562 0.0120969275012612 0.0087473513558507 0.00905104167759418 0.00768959755077958 0.0078935157507658
0.020859781652689 0.0138314198702574 0.0144643383100629 0.0111268172040582 0.0064190998673439 0.0101071782410145 0.00638989405706525 0.00597682781517506 0.0055734128691256 0.00714797712862492 0.00773776508867741 0.00730994436889887 0.00981136877089739 0.0127358073368669 0.00925003830343485 0.014123166911304 0.0137615315616131 0.0153632154688239 0.0177037194371223 0.0169028993695974 0.0143335731700063 0.00989670772105455 0.0152424210682511 0.0140813840553164 0.0117735136300325 0.0123397894203663 0.0109175955876708 0.0110212033614516 0.00903561245650053 0.00906753167510033
0.0306382458657026 0.0147718489170074 0.0129696140065789 0.00877005606889725 0.0115127060562372 0.0128732053562999 0.0127127412706614 0.00735993264243007 0.00696265231817961 0.00769032631069422 0.00680844439193606 0.00873361248522997 0.0104890363290906 0.00832521915435791 0.0088885398581624 0.0151340486481786 0.0143961394205689 0.0124454647302628 0.0150315519422293 0.0150708695873618 0.0124189704656601 0.0149200251325965 0.0150094302371144 0.0123773021623492 0.0106209879741073 0.009508041664958 0.00936168525367975 0.00871123932301998 0.00981313828378916 0.010579826310277
0.0254216324537992 0.0182610563933849 0.0113206533715129 0.00856694113463163 0.0121016083285213 0.0105711175128818 0.0122432224452496 0.00973050110042095 0.0105203539133072 0.00756882224231958 0.00874924566596746 0.00710538355633616 0.0123279429972172 0.0109776714816689 0.0123113114386797 0.0089908055961132 0.00945067964494228 0.00813205353915691 0.0130827035754919 0.0113025764003396 0.0127262771129608 0.0132131008431315 0.0101444525644183 0.0132910786196589 0.0103670954704285 0.0116539476439357 0.0107113290578127 0.0107328286394477 0.011301995255053 0.00924617238342762
0.0204571075737476 0.0128466738387942 0.0132311303168535 0.00962928589433432 0.015250681899488 0.0121449502184987 0.0140967071056366 0.0135244028642774 0.00841948296874762 0.00885992310941219 0.0126426247879863 0.010862598195672 0.00785188097506762 0.0114888353273273 0.0120402537286282 0.0103873899206519 0.0100675597786903 0.0125463046133518 0.00967748742550611 0.00969541445374489 0.0090507734566927 0.0121535891667008 0.0105906026437879 0.00859574787318707 0.0114055201411247 0.00955926813185215 0.00963824801146984 0.0109927989542484 0.0101230582222342 0.0102367354556918
0.0325248800218105 0.0241748113185167 0.0159457828849554 0.0120599111542106 0.00983117520809174 0.0135524263605475 0.0211917124688625 0.0140099879354239 0.0118448017165065 0.00916721019893885 0.0117268608883023 0.00871500559151173 0.0134933330118656 0.0131169175729156 0.00771661708131433 0.00818136241286993 0.00944595504552126 0.00906915217638016 0.00910793337970972 0.0135065596550703 0.0113040301948786 0.00885622296482325 0.0153583744540811 0.0121544031426311 0.0111515931785107 0.009447967633605 0.00941144861280918 0.00843684002757072 0.0133355315774679 0.00891264993697405
0.0392279475927353 0.0307696536183357 0.0238941945135593 0.0182419624179602 0.0119784781709313 0.0201847404241562 0.0194464866071939 0.0254439245909452 0.0147861279547215 0.010600752197206 0.00910806097090244 0.0108027532696724 0.00890877563506365 0.0084336893633008 0.0107935396954417 0.0103484326973557 0.00881386827677488 0.00784850399941206 0.00719517283141613 0.0118650197982788 0.010487393476069 0.00802493002265692 0.0135283321142197 0.0111435651779175 0.0126358335837722 0.0130882356315851 0.0131776267662644 0.0125190382823348 0.0135032963007689 0.0113781141117215
0.0732234045863152 0.0374997816979885 0.0189723521471024 0.0191385876387358 0.0214613284915686 0.0227690525352955 0.0152612635865808 0.0201156679540873 0.0146044939756393 0.0111841624602675 0.0138460621237755 0.0102737788110971 0.0122085642069578 0.0108609804883599 0.0149521296843886 0.00758740399032831 0.0113915773108602 0.0101580219343305 0.0112925358116627 0.00886056758463383 0.0123972473666072 0.0109572596848011 0.00874140206724405 0.0115434182807803 0.0111682089045644 0.0110060693696141 0.0101389028131962 0.010867603123188 0.0113098965957761 0.00924550648778677
0.0790739357471466 0.0664088279008865 0.0573334656655788 0.0191185437142849 0.016109662130475 0.0225893463939428 0.0194256920367479 0.0161094423383474 0.0305648297071457 0.0173460207879543 0.012114399112761 0.0158891044557095 0.00947023276239634 0.0103675853461027 0.0105923237279058 0.010620572604239 0.00845098402351141 0.00889730360358953 0.0134722348302603 0.00972769409418106 0.0130602950230241 0.0113534284755588 0.0130692711099982 0.00811677984893322 0.012454723007977 0.0111054312437773 0.010222396813333 0.0107141435146332 0.0125481504946947 0.0131415463984013
0.17481255531311 0.110638782382011 0.0800776779651642 0.0320577621459961 0.020507451146841 0.0240887552499771 0.0247319974005222 0.0229822508990765 0.0294889062643051 0.0147397946566343 0.010730286128819 0.0122111262753606 0.0144633520394564 0.0157021190971136 0.00947742536664009 0.0086800679564476 0.0140849277377129 0.0126933148130774 0.0107204336673021 0.0126113658770919 0.0120948934927583 0.0115945376455784 0.0156766455620527 0.0142190046608448 0.0129498448222876 0.0133253838866949 0.0130781410261989 0.01302086468786 0.0087515264749527 0.0102258836850524
0.219641029834747 0.198636382818222 0.0919329449534416 0.0408488623797894 0.0315514169633389 0.0177536439150572 0.0182542577385902 0.0314581505954266 0.022163525223732 0.0208216551691294 0.0163896530866623 0.0118375411257148 0.0117327412590384 0.0146045396104455 0.0172319915145636 0.0133937206119299 0.00969683285802603 0.00826849415898323 0.0137875406071544 0.00943757407367229 0.0149049460887909 0.0117362318560481 0.0171202272176743 0.0107102673500776 0.00985412392765284 0.01488346606493 0.0145588554441929 0.00925964862108231 0.0132985701784492 0.0120831476524472
0.405928581953049 0.19061453640461 0.141946017742157 0.0663924515247345 0.0421028360724449 0.0179849956184626 0.0233582854270935 0.0200127735733986 0.0300354082137346 0.0271152686327696 0.01792230643332 0.0232735108584166 0.0211677961051464 0.0192368756979704 0.0129336286336184 0.0109647875651717 0.0148181468248367 0.0143301915377378 0.0101668713614345 0.014971119351685 0.0121071776375175 0.0136253209784627 0.0196657963097095 0.0153886154294014 0.0104223657399416 0.0109636820852757 0.00907678436487913 0.00954215042293072 0.0121905524283648 0.00993919931352139
0.435269892215729 0.348652780056 0.144644901156425 0.0989200919866562 0.0491158403456211 0.0266683809459209 0.0164815466850996 0.0255836378782988 0.0356720052659512 0.0216619409620762 0.0360449105501175 0.014503063634038 0.02128073759377 0.0172380339354277 0.0158741623163223 0.0138215525075793 0.00945769529789686 0.0139642804861069 0.0162537768483162 0.0120887039229274 0.0136287342756987 0.0116146877408028 0.0121325617656112 0.00940069742500782 0.0130729237571359 0.0151231754571199 0.00948034133762121 0.00946592912077904 0.00859244540333748 0.00770347286015749
0.584793508052826 0.374925673007965 0.214921578764915 0.134207248687744 0.0523176565766335 0.029410807415843 0.0272660404443741 0.0465580262243748 0.0333301872014999 0.0331206768751144 0.0297694243490696 0.0347269214689732 0.0233618319034576 0.0263589229434729 0.0236345920711756 0.0134454369544983 0.0123267648741603 0.0095751853659749 0.0186373256146908 0.0165408831089735 0.0108695821836591 0.0118178213015199 0.0200453456491232 0.0172829367220402 0.014345234259963 0.0145660974085331 0.0130001213401556 0.00715057039633393 0.0109163038432598 0.0101022273302078
0.696699857711792 0.474729686975479 0.345024943351746 0.203521355986595 0.104614563286304 0.035901166498661 0.0557742863893509 0.0345853790640831 0.0492208115756512 0.0494363084435463 0.0254092905670404 0.0329676792025566 0.0223679319024086 0.0189661346375942 0.0239809304475784 0.0225166976451874 0.0109464768320322 0.0190399512648582 0.0194913782179356 0.0156660191714764 0.0201283507049084 0.0147575698792934 0.0115527091547847 0.0137970242649317 0.0127153312787414 0.0118719208985567 0.00995600968599319 0.00851635634899139 0.00709218718111515 0.0110188731923699
0.720547556877136 0.580504179000854 0.417220443487167 0.227113962173462 0.177837640047073 0.0938076823949814 0.0601340308785439 0.0439934283494949 0.0586200393736362 0.0412582121789455 0.0433002300560474 0.0468093529343605 0.0349706746637821 0.0163439270108938 0.0172688066959381 0.0147371469065547 0.0181569494307041 0.0210100263357162 0.0149572901427746 0.0116078741848469 0.0100707793608308 0.0183539371937513 0.00921232532709837 0.00949891656637192 0.00811116583645344 0.0128086879849434 0.0116164153441787 0.0105148674920201 0.0122075406834483 0.0098441680893302
0.85576593875885 0.658913016319275 0.504369378089905 0.349274218082428 0.2777079641819 0.152848899364471 0.122370012104511 0.0579003803431988 0.0801901295781136 0.0764582678675652 0.0778192281723022 0.0406235493719578 0.0283920150250196 0.0327908024191856 0.0251455679535866 0.0193764809519053 0.0239057205617428 0.0103298583999276 0.0175243709236383 0.0126188881695271 0.0127558708190918 0.0118972072377801 0.0103767719119787 0.00660813925787807 0.0128350434824824 0.00858964864164591 0.011719411239028 0.00997177977114916 0.0114194294437766 0.0124686332419515
