data/climate_estimation/maxent_output/Androcymbium_dregei.asc
NCOLS 171 
NROWS 98 
XLLCORNER 17.25 
YLLCORNER -33.8333333333333 
CELLSIZE 0.0833333333333333 
NODATA_value -3.4e+38 
[rows 60 to 79 of 98, columns 44 to 87 of 171]
0.257287383079529 0.331825375556946 0.331072628498077 0.323492616415024 0.310206294059753 0.28399983048439 0.266855478286743 0.276630252599716 0.281082570552826 0.2679383456707 0.272122919559479 0.247823745012283 0.237418338656425 0.217725709080696 0.216258153319359 0.230557501316071 0.256705194711685 0.253612667322159 0.272521018981934 0.277316093444824 0.28846275806427 0.304848521947861 0.29976162314415 0.30197873711586 0.304324895143509 0.243165493011475 0.231613308191299 0.217555671930313 0.209708988666534 0.201689302921295 0.209321245551109 0.230912312865257 0.242682084441185 0.250106930732727 0.226816967129707 0.240820810198784 0.22228054702282 0.240339636802673 0.201641410589218 0.173305675387383 0.148635104298592 0.121145687997341 0.107791349291801 0.113350629806519
0.273804783821106 0.326130449771881 0.304517924785614 0.317713916301727 0.321876674890518 0.314070522785187 0.302436918020248 0.327155709266663 0.313062071800232 0.284452259540558 0.27040296792984 0.267263203859329 0.286268651485443 0.243151664733887 0.239555448293686 0.255282163619995 0.258950650691986 0.285705476999283 0.307960599660873 0.314593583345413 0.321908116340637 0.311443358659744 0.296149730682373 0.282870024442673 0.277594983577728 0.25115829706192 0.248588353395462 0.225036069750786 0.211472615599632 0.211463004350662 0.22677543759346 0.241281256079674 0.256606906652451 0.266259551048279 0.248114094138145 0.211706802248955 0.271598786115646 0.228652238845825 0.228191614151001 0.203596949577332 0.184409067034721 0.166288882493973 0.149892389774323 0.140871897339821
0.293463617563248 0.304453045129776 0.339782297611237 0.309192717075348 0.296450287103653 0.320701897144318 0.356552302837372 0.32737398147583 0.349895030260086 0.318005532026291 0.285439342260361 0.315072059631348 0.331312924623489 0.302835017442703 0.26280078291893 0.281108647584915 0.281608790159225 0.326529741287231 0.344674110412598 0.330159306526184 0.29569399356842 0.276448100805283 0.299960017204285 0.301791191101074 0.268508523702621 0.259553343057632 0.294621199369431 0.240854412317276 0.243058562278748 0.233232989907265 0.250748574733734 0.262810945510864 0.230335578322411 0.233750462532043 0.239123433828354 0.233522176742554 0.212658479809761 0.225346326828003 0.196643725037575 0.185935899615288 0.186909958720207 0.182214185595512 0.176070213317871 0.206400394439697
0.277471899986267 0.288207530975342 0.317843735218048 0.264945983886719 0.289996296167374 0.323951095342636 0.326955914497375 0.387956976890564 0.378490209579468 0.371885597705841 0.350126385688782 0.363750547170639 0.342316627502441 0.312371432781219 0.298281162977219 0.29579570889473 0.329868465662003 0.350943148136139 0.355969160795212 0.353460848331451 0.317549556493759 0.289924949407578 0.273735046386719 0.288169503211975 0.277047216892242 0.269337207078934 0.294912308454514 0.247152626514435 0.266573876142502 0.266503065824509 0.260830700397491 0.258392095565796 0.264180839061737 0.222193211317062 0.255106270313263 0.268506735563278 0.238441124558449 0.214286178350449 0.198306441307068 0.218994736671448 0.200314775109291 0.187427893280983 0.199529320001602 0.229742079973221
0.246419996023178 0.27776050567627 0.287603378295898 0.265981107950211 0.331248164176941 0.31347069144249 0.315866559743881 0.314819246530533 0.363986998796463 0.384020566940308 0.385814964771271 0.358611166477203 0.356188178062439 0.360446393489838 0.360784262418747 0.372298091650009 0.362110614776611 0.349147409200668 0.318604111671448 0.333832621574402 0.325097531080246 0.310628950595856 0.312753438949585 0.304329395294189 0.295356661081314 0.280395597219467 0.278724640607834 0.259917199611664 0.264631360769272 0.274358451366425 0.263670295476913 0.276278555393219 0.25907626748085 0.27196341753006 0.247224494814873 0.228293880820274 0.2258091121912 0.224647492170334 0.197561100125313 0.203290238976479 0.192559376358986 0.195341914892197 0.206692904233932 0.221850410103798
0.264049410820007 0.24835616350174 0.257264167070389 0.329313904047012 0.325508207082748 0.337731719017029 0.324839353561401 0.344621211290359 0.379652887582779 0.405547887086868 0.389677405357361 0.380046308040619 0.396459221839905 0.394891679286957 0.38576865196228 0.39454311132431 0.357412397861481 0.299625515937805 0.30400675535202 0.307842165231705 0.34536200761795 0.334953367710114 0.335057973861694 0.32891720533371 0.307080686092377 0.328023582696915 0.27473708987236 0.275185078382492 0.285565704107285 0.285910159349442 0.292292654514313 0.274102210998535 0.306853622198105 0.2767473757267 0.233574911952019 0.234074532985687 0.186925545334816 0.199755251407623 0.184383168816566 0.172873809933662 0.218008995056152 0.196589186787605 0.20577497780323 0.215393081307411
0.2636439204216 0.271123886108398 0.336789786815643 0.336037784814835 0.299065232276917 0.333942949771881 0.386969119310379 0.380169093608856 0.353457480669022 0.420253306627274 0.406240612268448 0.429548382759094 0.424763947725296 0.408697873353958 0.409473389387131 0.385850846767426 0.370893836021423 0.332753479480743 0.296268969774246 0.322298318147659 0.314600199460983 0.323935121297836 0.353264063596725 0.324086785316467 0.324577897787094 0.301458925008774 0.275234460830688 0.291821092367172 0.302785784006119 0.298235595226288 0.304709017276764 0.306085139513016 0.29852893948555 0.314948976039886 0.294252246618271 0.232248365879059 0.202935203909874 0.197237133979797 0.182651206851006 0.185894578695297 0.200012415647507 0.227208316326141 0.229874029755592 0.207855641841888
0.281387269496918 0.273816585540771 0.336221754550934 0.273280650377274 0.33546108007431 0.335637122392654 0.343229562044144 0.348414450883865 0.354766309261322 0.366236507892609 0.438057154417038 0.427398413419724 0.449113965034485 0.442923128604889 0.337254792451859 0.410694032907486 0.336642652750015 0.309589892625809 0.327345132827759 0.296581119298935 0.370184481143951 0.3450688123703 0.347008138895035 0.335760116577148 0.340255230665207 0.317633658647537 0.307229608297348 0.309307873249054 0.322144031524658 0.314504086971283 0.277322322130203 0.292614310979843 0.32364097237587 0.302476286888123 0.269991368055344 0.245971754193306 0.196631714701653 0.204642578959465 0.165091350674629 0.192088291049004 0.2034662514925 0.198297172784805 0.211083322763443 0.203652039170265
0.289284288883209 0.28521192073822 0.257489949464798 0.279117494821548 0.368610620498657 0.325328588485718 0.391590356826782 0.401624441146851 0.374288469552994 0.413213312625885 0.385847508907318 0.396824687719345 0.405320107936859 0.37371826171875 0.372767686843872 0.354131072759628 0.351201891899109 0.27265140414238 0.288318127393723 0.347914725542068 0.330276697874069 0.395890712738037 0.370339304208755 0.347962915897369 0.306120365858078 0.327534198760986 0.322239696979523 0.330954939126968 0.339345484972 0.338687419891357 0.302673041820526 0.276331305503845 0.274855345487595 0.26772940158844 0.290800631046295 0.229667320847511 0.196953132748604 0.212273955345154 0.184215053915977 0.213930740952492 0.218974575400352 0.199971243739128 0.21151028573513 0.242515906691551
0.262200772762299 0.305645614862442 0.32966810464859 0.285142511129379 0.309737175703049 0.351662576198578 0.3558449447155 0.353368997573853 0.423617869615555 0.423263639211655 0.369410514831543 0.39234858751297 0.410760223865509 0.401256293058395 0.352293610572815 0.365070164203644 0.307562083005905 0.286171972751617 0.274889022111893 0.26979011297226 0.349944919347763 0.345571517944336 0.360638856887817 0.304724305868149 0.294300973415375 0.343451350927353 0.375030398368835 0.379784762859344 0.360795766115189 0.372669696807861 0.332900762557983 0.294839143753052 0.285195857286453 0.290087521076202 0.269342392683029 0.240128338336945 0.231398075819016 0.205758810043335 0.164668127894402 0.174200341105461 0.20051035284996 0.180121853947639 0.206536918878555 0.218896254897118
0.24714782834053 0.237260028719902 0.302157938480377 0.261911630630493 0.308148711919785 0.333370119333267 0.370504170656204 0.37603035569191 0.349889606237411 0.411657333374023 0.364730179309845 0.339173346757889 0.395493596792221 0.381190121173859 0.378617227077484 0.316098779439926 0.316227197647095 0.275473058223724 0.28924572467804 0.301507145166397 0.33431088924408 0.372095376253128 0.308142691850662 0.345346391201019 0.311317652463913 0.301034778356552 0.337526082992554 0.384733647108078 0.363037079572678 0.340754717588425 0.280437469482422 0.308574825525284 0.251207917928696 0.262303024530411 0.254617720842361 0.215816587209702 0.204807236790657 0.160409614443779 0.16872176527977 0.170736908912659 0.172032803297043 0.179383471608162 0.190702855587006 0.188068047165871
0.226729080080986 0.237402155995369 0.245732441544533 0.267833769321442 0.262794494628906 0.279296398162842 0.302964329719543 0.356505900621414 0.435161143541336 0.396214008331299 0.377161532640457 0.316695719957352 0.349448144435883 0.343982845544815 0.309676259756088 0.302290707826614 0.307342052459717 0.312437891960144 0.290866851806641 0.260977536439896 0.321726351976395 0.319657802581787 0.375424563884735 0.341313362121582 0.336423456668854 0.352517187595367 0.364626526832581 0.314141064882278 0.323541045188904 0.348612934350967 0.354173809289932 0.335964530706406 0.253641366958618 0.228202730417252 0.270590662956238 0.261134684085846 0.185454130172729 0.126183778047562 0.116312988102436 0.142368286848068 0.126268148422241 0.16396701335907 0.130645737051964 0.112629495561123
0.219431906938553 0.234709396958351 0.245019316673279 0.276710957288742 0.255613654851913 0.286425977945328 0.266834110021591 0.381392538547516 0.31266450881958 0.325337409973145 0.358530431985855 0.32825556397438 0.322476893663406 0.286990523338318 0.311440944671631 0.27156063914299 0.271787822246552 0.315239012241364 0.276024281978607 0.254471302032471 0.292441964149475 0.379119843244553 0.378962010145187 0.393529266119003 0.3759386241436 0.363006591796875 0.369494408369064 0.339766085147858 0.384758561849594 0.380969315767288 0.388508886098862 0.361499130725861 0.304059684276581 0.277299761772156 0.242467001080513 0.230892196297646 0.189886838197708 0.123686023056507 0.0929026678204536 0.105168648064137 0.0918421521782875 0.112143695354462 0.0771043673157692 0.0880564600229263
0.255850195884705 0.240732818841934 0.254141509532928 0.214361608028412 0.257515877485275 0.276620090007782 0.254156172275543 0.372986286878586 0.31634384393692 0.330040961503983 0.348859876394272 0.311371803283691 0.293127685785294 0.330277532339096 0.314796596765518 0.338038563728333 0.276883691549301 0.228689461946487 0.221628502011299 0.290725439786911 0.289576947689056 0.34737104177475 0.373533129692078 0.398691892623901 0.40260848402977 0.426678478717804 0.342170357704163 0.314255356788635 0.33576837182045 0.361106812953949 0.357943147420883 0.382005006074905 0.349904716014862 0.313283115625381 0.287142783403397 0.22466866672039 0.192758366465569 0.134380087256432 0.102834805846214 0.136253207921982 0.111352376639843 0.129121199250221 0.12631818652153 0.127916917204857
0.275267153978348 0.233503729104996 0.231616362929344 0.217906504869461 0.257295519113541 0.223508343100548 0.271277248859406 0.298044413328171 0.324877828359604 0.313776552677155 0.331363022327423 0.336078345775604 0.328820884227753 0.292360126972198 0.310924828052521 0.302449852228165 0.275960206985474 0.253024905920029 0.250444531440735 0.2867471575737 0.327630758285522 0.343962758779526 0.314116775989532 0.306297034025192 0.446307629346848 0.425670057535172 0.416589200496674 0.407714515924454 0.388190805912018 0.355970233678818 0.39701035618782 0.358386814594269 0.368448734283447 0.29474675655365 0.265689581632614 0.202347725629807 0.186678424477577 0.151199176907539 0.128865584731102 0.186608850955963 0.178950324654579 0.177944511175156 0.211595624685287 0.246548384428024
0.254485070705414 0.238976716995239 0.219045504927635 0.194627076387405 0.238351762294769 0.22480146586895 0.240835279226303 0.247677087783813 0.288900166749954 0.274828284978867 0.283241510391235 0.294212967157364 0.287951499223709 0.319941192865372 0.302070945501328 0.260184347629547 0.28086331486702 0.265218108892441 0.255469918251038 0.280706018209457 0.319199055433273 0.298700481653214 0.305995404720306 0.347722887992859 0.453758537769318 0.450226455926895 0.375046998262405 0.430130749940872 0.418185591697693 0.437720000743866 0.40793040394783 0.376685798168182 0.340519726276398 0.256046891212463 0.27269920706749 0.221202939748764 0.198449566960335 0.18963485956192 0.117461562156677 0.142811298370361 0.186654672026634 0.236548826098442 0.260049641132355 0.257278710603714
0.22628590464592 0.250360935926437 0.195143774151802 0.248627573251724 0.237435221672058 0.202209576964378 0.19980700314045 0.229807958006859 0.221396207809448 0.246049031615257 0.248199701309204 0.247862875461578 0.257782340049744 0.284264951944351 0.277347683906555 0.284119874238968 0.270301729440689 0.215642973780632 0.220607906579971 0.183820277452469 0.198531597852707 0.230528071522713 0.290760546922684 0.356307506561279 0.446564435958862 0.472668260335922 0.436792373657227 0.450847923755646 0.455072432756424 0.451478898525238 0.418014615774155 0.267371892929077 0.29926061630249 0.187761083245277 0.215103730559349 0.230608776211739 0.102440200746059 0.115192748606205 0.112193658947945 0.147659778594971 0.175452277064323 0.220418572425842 0.268572241067886 0.254073649644852
0.18977215886116 0.234929636120796 0.16543772816658 0.179615646600723 0.17539581656456 0.184721767902374 0.173851445317268 0.184553176164627 0.164278641343117 0.191120520234108 0.238280430436134 0.258389830589294 0.252718836069107 0.335570424795151 0.217829406261444 0.266072332859039 0.286672800779343 0.151297077536583 0.177403122186661 0.14791651070118 0.148218259215355 0.393958240747452 0.38259819149971 0.375415503978729 0.41827118396759 0.484083712100983 0.458251714706421 0.435598641633987 0.476209551095963 0.457803070545197 0.449695318937302 0.303958594799042 0.288897633552551 0.251535207033157 0.141018271446228 0.162967264652252 0.0932060852646828 0.0882094502449036 0.116636015474796 0.241784617304802 0.242647752165794 0.268153965473175 0.27325913310051 0.344883501529694
0.202841877937317 0.172571882605553 0.215856239199638 0.162194430828094 0.167244613170624 0.148115873336792 0.136245772242546 0.186211451888084 0.218710139393806 0.138849750161171 0.271313667297363 0.364322900772095 0.317025274038315 0.32502281665802 0.35738816857338 0.437458693981171 0.459628909826279 0.209277749061584 0.181779533624649 0.218018800020218 0.299329906702042 0.428788721561432 0.433530688285828 0.495854556560516 0.516026675701141 0.497080892324448 0.477846533060074 0.52210396528244 0.490514367818832 0.484916895627975 0.473773390054703 0.367027252912521 0.380915701389313 0.313092321157455 0.204638138413429 0.105653196573257 0.130969539284706 0.135069474577904 0.241245210170746 0.311554133892059 0.313781797885895 0.31379172205925 0.336759626865387 0.355112165212631
0.187324658036232 0.174057528376579 0.125982254743576 0.107040353119373 0.129768148064613 0.154528111219406 0.14547099173069 0.151593074202538 0.36862576007843 0.382057189941406 0.378860831260681 0.344059228897095 0.348664134740829 0.349471062421799 0.445061951875687 0.471935421228409 0.391325414180756 0.440017759799957 0.337635666131973 0.324909031391144 0.39278507232666 0.420841425657272 0.441860765218735 0.411641031503677 0.501419603824615 0.502555668354034 0.485630720853806 0.517233908176422 0.411658138036728 0.440288364887238 0.412895709276199 0.414967119693756 0.379950523376465 0.38676244020462 0.238551169633865 0.134862095117569 0.275493890047073 0.401275664567947 0.262595683336258 0.307958990335464 0.345265209674835 0.350979387760162 0.332967877388 0.359828323125839
