data/climate_estimation/maxent_output/Androcymbium_volutare.asc
NCOLS 91 
NROWS 58 
XLLCORNER 17.6666666666667 
YLLCORNER -33.75 
CELLSIZE 0.0833333333333333 
NODATA_value -3.4e+38 
[rows 20 to 39 of 58, columns 45 to 89 of 91]
0.217660203576088 0.206552773714066 0.208383664488792 0.190330237150192 0.199603006243706 0.17550465464592 0.171968415379524 0.171206086874008 0.16874386370182 0.166078165173531 0.176867470145226 0.183258891105652 0.184234797954559 0.21077087521553 0.206392988562584 0.213383913040161 0.238894000649452 0.231506079435349 0.226264655590057 0.187775641679764 0.180606693029404 0.160012125968933 0.141709938645363 0.142936632037163 0.124905355274677 0.141311839222908 0.150592863559723 0.167941823601723 0.175595656037331 0.191481947898865 0.222248628735542 0.23120453953743 0.180603936314583 0.15349717438221 0.122209489345551 0.097125343978405 0.0789229422807693 0.0707823932170868 0.0665087923407555 0.0583175718784332 0.0571665689349174 0.0546746402978897 0.048820972442627 0.0479329526424408 0.050111573189497
0.234808549284935 0.234138488769531 0.232957482337952 0.222704991698265 0.2167729139328 0.201804175972939 0.194342404603958 0.175480902194977 0.174103066325188 0.188260495662689 0.194767996668816 0.192638009786606 0.211851581931114 0.216461673378944 0.228324070572853 0.244830220937729 0.233912497758865 0.23692823946476 0.237609997391701 0.190675109624863 0.181005641818047 0.166783079504967 0.160681560635567 0.146671503782272 0.146570324897766 0.16108275949955 0.170544251799583 0.183179825544357 0.19619856774807 0.21303816139698 0.239053845405579 0.248450711369514 0.198793202638626 0.168265715241432 0.144790753722191 0.128321304917336 0.10440631210804 0.0880885496735573 0.0775641426444054 0.0805310010910034 0.0737912580370903 0.061858057975769 0.0426067337393761 0.0314331948757172 0.0400173328816891
0.275657445192337 0.266190618276596 0.256173491477966 0.235303699970245 0.223929077386856 0.215268164873123 0.219584509730339 0.191803872585297 0.194134533405304 0.201822653412819 0.206473588943481 0.22338792681694 0.240890339016914 0.249674722552299 0.255858689546585 0.249039486050606 0.237286433577538 0.227539703249931 0.221788763999939 0.198827758431435 0.191185936331749 0.174194812774658 0.162888288497925 0.155660375952721 0.161328867077827 0.171153724193573 0.19533596932888 0.204085230827332 0.200204417109489 0.229740828275681 0.229102805256844 0.230570569634438 0.209512993693352 0.181945249438286 0.164597511291504 0.148343324661255 0.13048942387104 0.120148196816444 0.102753385901451 0.0924463644623756 0.0838361755013466 0.0663537159562111 0.0474811196327209 0.0346552133560181 0.039101418107748
0.307727694511414 0.32085707783699 0.292363911867142 0.264664679765701 0.230539202690125 0.257125437259674 0.260597229003906 0.231706768274307 0.207975268363953 0.218355372548103 0.218817248940468 0.263757526874542 0.275888890028 0.26998108625412 0.246358588337898 0.226733058691025 0.241013944149017 0.242635205388069 0.216747626662254 0.208207175135612 0.227503061294556 0.190110966563225 0.183354601264 0.173255726695061 0.183348566293716 0.199452206492424 0.211665213108063 0.215284422039986 0.216583654284477 0.231040075421333 0.224723666906357 0.222974225878716 0.210967049002647 0.199575200676918 0.180046483874321 0.160960525274277 0.152476370334625 0.153750702738762 0.138943895697594 0.111501954495907 0.0902592837810516 0.0690193027257919 0.050274308770895 0.0419323667883873 0.0419939085841179
0.359857022762299 0.338691473007202 0.324640303850174 0.305245012044907 0.286129266023636 0.293503046035767 0.277851402759552 0.25127962231636 0.233651861548424 0.234831616282463 0.267101436853409 0.298792332410812 0.299530029296875 0.294114530086517 0.270514786243439 0.249138355255127 0.229420810937881 0.23474009335041 0.228485822677612 0.225059360265732 0.223962917923927 0.196723237633705 0.208752155303955 0.203318357467651 0.194436222314835 0.215123012661934 0.227245450019836 0.225610375404358 0.239001706242561 0.229555800557137 0.237820684909821 0.234127551317215 0.21167878806591 0.19738844037056 0.195182546973228 0.18023145198822 0.173979014158249 0.170276001095772 0.154252260923386 0.119986549019814 0.0830495059490204 0.0640675127506256 0.0562228411436081 0.0481104478240013 0.0462260581552982
0.376674473285675 0.338471561670303 0.33868932723999 0.326064735651016 0.323957413434982 0.295569807291031 0.299810379743576 0.292271107435226 0.290230095386505 0.307506918907166 0.309017449617386 0.319856733083725 0.281251311302185 0.304356276988983 0.278255552053452 0.271609038114548 0.275662302970886 0.260964930057526 0.247085690498352 0.24123515188694 0.230949133634567 0.210341736674309 0.208620890974998 0.207467153668404 0.203334808349609 0.217695966362953 0.2432831376791 0.232644945383072 0.249653920531273 0.253232926130295 0.248246490955353 0.245255723595619 0.231550186872482 0.215662032365799 0.200658217072487 0.181184142827988 0.178537577390671 0.173552066087723 0.138692915439606 0.121761187911034 0.0976022928953171 0.0784435123205185 0.0600162297487259 0.0509374216198921 0.0461891740560532
0.35782128572464 0.34836745262146 0.360328763723373 0.349497467279434 0.331814527511597 0.321033537387848 0.336303263902664 0.335952401161194 0.331788927316666 0.334357768297195 0.321018517017365 0.324490815401077 0.336182028055191 0.329933643341064 0.319563627243042 0.294415295124054 0.29407063126564 0.290728062391281 0.276194214820862 0.26310932636261 0.231658309698105 0.226939141750336 0.226475730538368 0.230623513460159 0.227176040410995 0.237397909164429 0.242473557591438 0.267279475927353 0.255691558122635 0.259439468383789 0.191163614392281 0.193991020321846 0.209683820605278 0.170414716005325 0.175916165113449 0.183708712458611 0.174662917852402 0.165440320968628 0.158722147345543 0.118718482553959 0.0973627716302872 0.0864389538764954 0.0655542761087418 0.0408802516758442 0.0531856641173363
0.386307090520859 0.370440065860748 0.395651429891586 0.370310038328171 0.360551536083221 0.378463953733444 0.38458064198494 0.366354882717133 0.354655146598816 0.363720148801804 0.381532192230225 0.363477885723114 0.329990267753601 0.385560661554337 0.3754001557827 0.356792956590652 0.320035338401794 0.284574300050735 0.287282645702362 0.261263161897659 0.232148885726929 0.23607873916626 0.248434692621231 0.247763738036156 0.253281325101852 0.250579833984375 0.263336598873138 0.290654480457306 0.294749617576599 0.278771847486496 0.254050612449646 0.208761766552925 0.168343976140022 0.157573267817497 0.167795121669769 0.179988861083984 0.190399900078773 0.18295781314373 0.166549146175385 0.139123573899269 0.0988986566662788 0.0857761427760124 0.0730839669704437 0.0397053770720959 0.0658852607011795
0.400384724140167 0.433219432830811 0.44351527094841 0.416475355625153 0.389425992965698 0.424822956323624 0.419481158256531 0.410073012113571 0.39871272444725 0.438963711261749 0.44874694943428 0.415612071752548 0.379802644252777 0.412177056074142 0.386811286211014 0.384349793195724 0.352252691984177 0.332444250583649 0.304950773715973 0.283765733242035 0.262062758207321 0.26128751039505 0.272197097539902 0.271534562110901 0.274672955274582 0.292182862758636 0.304664492607117 0.305142372846603 0.319170475006104 0.277150332927704 0.229363426566124 0.192438527941704 0.15837374329567 0.193495094776154 0.192390114068985 0.1942408233881 0.181048989295959 0.178047224879265 0.168064638972282 0.135639891028404 0.101522170007229 0.0788978487253189 0.0859720632433891 0.0744631141424179 0.114754758775234
0.434416085481644 0.438841253519058 0.474054664373398 0.447229892015457 0.446817010641098 0.463917911052704 0.47857078909874 0.469830691814423 0.455363929271698 0.475213617086411 0.515724182128906 0.438946425914764 0.444143414497375 0.462991952896118 0.438569724559784 0.416429489850998 0.380471020936966 0.389762312173843 0.367061048746109 0.331002742052078 0.283213049173355 0.288076668977737 0.295654088258743 0.340623736381531 0.313334047794342 0.334567070007324 0.329489558935165 0.351332068443298 0.34718269109726 0.30750635266304 0.220609590411186 0.208684608340263 0.165964052081108 0.181409597396851 0.192848011851311 0.179579272866249 0.169817894697189 0.167609766125679 0.170430555939674 0.116777047514915 0.0594704337418079 0.0610294193029404 0.12545807659626 0.148139342665672 0.150994688272476
0.463170617818832 0.485636830329895 0.508795917034149 0.465219974517822 0.506761372089386 0.499213755130768 0.472184717655182 0.495288193225861 0.506766498088837 0.533627986907959 0.56597912311554 0.554493725299835 0.483516693115234 0.427365213632584 0.495519429445267 0.496575385332108 0.442174404859543 0.39250111579895 0.36477917432785 0.385236799716949 0.348954975605011 0.35116919875145 0.37662410736084 0.381803303956985 0.400069713592529 0.35169330239296 0.375504046678543 0.365182340145111 0.359485417604446 0.312299877405167 0.252023130655289 0.205871850252151 0.153683885931969 0.148936927318573 0.168592140078545 0.130053460597992 0.1508928835392 0.142858996987343 0.148046061396599 0.104778721928596 0.115983799099922 0.135525062680244 0.176412209868431 0.269239127635956 0.278587609529495
0.521189570426941 0.528788328170776 0.52313905954361 0.532535672187805 0.543738842010498 0.530892431735992 0.531696856021881 0.555044591426849 0.602458477020264 0.621722400188446 0.625030279159546 0.592652082443237 0.515574634075165 0.465851604938507 0.468739122152328 0.523483097553253 0.51130074262619 0.394009917974472 0.354264676570892 0.393485546112061 0.446264535188675 0.448251962661743 0.44426092505455 0.441456377506256 0.402124494314194 0.402980297803879 0.338991701602936 0.321516931056976 0.279394626617432 0.271924614906311 0.205608636140823 0.150856658816338 0.1430694013834 0.144055560231209 0.12184489518404 0.126853764057159 0.120073311030865 0.109028548002243 0.126287996768951 0.118290588259697 0.180483460426331 0.222022220492363 0.265714704990387 0.325219571590424 0.332537770271301
0.624186754226685 0.586647629737854 0.573767423629761 0.596128344535828 0.555555403232574 0.576056659221649 0.591175734996796 0.626109898090363 0.649641394615173 0.556369841098785 0.56467592716217 0.572988986968994 0.513534843921661 0.446902245283127 0.495105803012848 0.571328639984131 0.578601241111755 0.538443148136139 0.483601242303848 0.474104702472687 0.498218923807144 0.433729618787766 0.421800643205643 0.532155215740204 0.54874861240387 0.512489378452301 0.376537501811981 0.311817526817322 0.374237775802612 0.324763983488083 0.178649112582207 0.101345725357533 0.0804507061839104 0.108689114451408 0.0793866366147995 0.106505982577801 0.0786177739500999 0.0525873340666294 0.0876482874155045 0.090568408370018 0.13580647110939 0.103944145143032 0.147021040320396 0.262598276138306 0.298758685588837
0.609649300575256 0.628689885139465 0.637679636478424 0.600730121135712 0.611090898513794 0.644232213497162 0.682839751243591 0.659825623035431 0.658354818820953 0.516709208488464 0.51710832118988 0.518600583076477 0.454832315444946 0.398280739784241 0.509507656097412 0.638119399547577 0.652328670024872 0.643238544464111 0.63594514131546 0.630744397640228 0.535828113555908 0.464635878801346 0.546695411205292 0.582081854343414 0.548492550849915 0.539514124393463 0.490088045597076 0.38082566857338 0.413964152336121 0.323338091373444 0.184551000595093 0.0883209705352783 0.0528360530734062 0.0633068457245827 0.0435927771031857 0.0591051355004311 0.0337466672062874 0.0355061292648315 0.0362572483718395 0.0609343871474266 0.0535643547773361 0.0384618043899536 0.126206278800964 0.136502534151077 0.200201436877251
0.632391154766083 0.711033046245575 0.686335921287537 0.706520736217499 0.704813182353973 0.697370588779449 0.680590569972992 0.721469700336456 0.683699607849121 0.659636497497559 0.535008788108826 0.343057781457901 0.311547636985779 0.424909383058548 0.444671332836151 0.601586699485779 0.684469938278198 0.697206735610962 0.716804921627045 0.700423419475555 0.618706881999969 0.551924705505371 0.560431182384491 0.662600755691528 0.681371092796326 0.615903615951538 0.617018103599548 0.541225016117096 0.511058032512665 0.294235467910767 0.186039224267006 0.107389084994793 0.0590027198195457 0.0941822528839111 0.0664372965693474 0.0754264295101166 0.0696413815021515 0.0593751929700375 0.0882555022835732 0.0445052832365036 0.0460532680153847 0.0619039200246334 0.110909916460514 0.116987816989422 0.239421367645264
0.703513026237488 0.702333092689514 0.729861080646515 0.727548122406006 0.739164054393768 0.739562034606934 0.74003654718399 0.678911924362183 0.648484647274017 0.569679856300354 0.510302603244781 0.387169241905212 0.347662657499313 0.465057581663132 0.472511261701584 0.59283971786499 0.49835479259491 0.51657497882843 0.781844019889832 0.770487129688263 0.76624196767807 0.680846929550171 0.705920875072479 0.662647128105164 0.709165215492249 0.693410098552704 0.674655735492706 0.545978426933289 0.446429938077927 0.265755444765091 0.169433981180191 0.114890486001968 0.0907332748174667 0.152154669165611 0.133820414543152 0.12769940495491 0.142946481704712 0.164774775505066 0.0973795726895332 0.0753598138689995 0.125993892550468 0.0508149154484272 0.0930940583348274 0.229095160961151 0.304080665111542
0.671138763427734 0.69115674495697 0.726771593093872 0.650198340415955 0.663852274417877 0.678619921207428 0.615999281406403 0.642830669879913 0.581554234027863 0.493564277887344 0.483844548463821 0.413478016853333 0.366361856460571 0.392903596162796 0.483165949583054 0.516148746013641 0.509359359741211 0.643677413463593 0.798051238059998 0.804098427295685 0.673606216907501 0.791151702404022 0.791211605072021 0.772677779197693 0.742401719093323 0.700999855995178 0.643827080726624 0.462718188762665 0.462124198675156 0.335198283195496 0.230429545044899 0.167406499385834 0.0799597352743149 0.105532862246037 0.139406561851501 0.211609840393066 0.251066267490387 0.1704031676054 0.164698258042336 0.139069229364395 0.148070886731148 0.054856713861227 0.0651411488652229 0.18303370475769 0.235221058130264
0.499057054519653 0.58175265789032 0.534743428230286 0.564800322055817 0.582741916179657 0.606375992298126 0.510808765888214 0.575035512447357 0.471151202917099 0.475222885608673 0.408048063516617 0.272048592567444 0.285939007997513 0.215955749154091 0.217103868722916 0.297149509191513 0.454231172800064 0.628729045391083 0.790095686912537 0.799881935119629 0.7988600730896 0.798173785209656 0.813382744789124 0.793330550193787 0.7790407538414 0.497319638729095 0.503300547599792 0.233688965439796 0.293523281812668 0.292829781770706 0.0712849125266075 0.0912977680563927 0.0738878846168518 0.111839100718498 0.136077731847763 0.174722597002983 0.229867368936539 0.168124377727509 0.222984954714775 0.197398573160172 0.132684633135796 0.109134197235107 0.0261295810341835 0.108898676931858 0.145591825246811
0.392873853445053 0.404028236865997 0.340691357851028 0.34923991560936 0.464376091957092 0.523301601409912 0.541899979114532 0.741114258766174 0.392644196748734 0.512471199035645 0.435208797454834 0.154569387435913 0.195550486445427 0.142438426613808 0.137318998575211 0.635273098945618 0.641643404960632 0.662238955497742 0.764653861522675 0.821578323841095 0.817806899547577 0.814420938491821 0.838679850101471 0.798797965049744 0.802656948566437 0.586979031562805 0.564206719398499 0.373973280191422 0.124716624617577 0.178330957889557 0.0574953779578209 0.048830546438694 0.0750319734215736 0.316051155328751 0.330058485269547 0.272891491651535 0.285700500011444 0.359088629484177 0.34096086025238 0.26269069314003 0.165945157408714 0.0651785284280777 0.024306608363986 0.0505720674991608 0.0439824685454369
0.287312150001526 0.394870549440384 0.628039479255676 0.240972951054573 0.551086604595184 0.818986296653748 0.761592507362366 0.736527860164642 0.760625064373016 0.783861994743347 0.773914575576782 0.279711484909058 0.200027570128441 0.258969813585281 0.484039902687073 0.747203707695007 0.749957740306854 0.803108870983124 0.831727802753448 0.826197981834412 0.82538229227066 0.879105687141418 0.858523488044739 0.835254430770874 0.805825769901276 0.720385730266571 0.723891198635101 0.596802234649658 0.280748963356018 0.0872528851032257 0.100379653275013 0.106567107141018 0.271686226129532 0.426162123680115 0.397529602050781 0.345256268978119 0.351954460144043 0.316532373428345 0.278452903032303 0.153694704174995 0.0838591530919075 0.0178649052977562 0.0123489303514361 0.0177508741617203 0.0127908065915108
