data/climate_estimation/maxent_output/Androcymbium_melanthioides.asc
NCOLS 183 
NROWS 181 
XLLCORNER 17 
YLLCORNER -33.75 
CELLSIZE 0.0833333333333333 
NODATA_value -3.4e+38 
[rows 160 to 179 of 181, columns 0 to 43 of 183]
-3.4e+38 -3.4e+38 -3.4e+38 -3.4e+38 -3.4e+38 -3.4e+38 -3.4e+38 -3.4e+38 -3.4e+38 -3.4e+38 -3.4e+38 -3.4e+38 -3.4e+38 -3.4e+38 -3.4e+38 0.0404266528785229 0.0443415977060795 0.0399665012955666 0.0327754728496075 0.0382262133061886 0.036507174372673 0.00538959866389632 0.0193101558834314 0.0160725731402636 0.00514942174777389 0.00573897268623114 0.00187473313417286 0.00131324992980808 0.000919000769499689 0.00102813774719834 0.000478725996799767 0.000331620016368106 0.000330542534356937 0.000422393495682627 0.00030217767925933 0.000915306038223207 0.00441494351252913 0.0143411513417959 0.0119306724518538 0.0131686078384519 0.00559510895982385 0.00784786231815815 0.17560650408268 0.14697901904583
-3.4e+38 -3.4e+38 -3.4e+38 -3.4e+38 -3.4e+38 -3.4e+38 -3.4e+38 -3.4e+38 -3.4e+38 -3.4e+38 -3.4e+38 -3.4e+38 -3.4e+38 -3.4e+38 -3.4e+38 0.0433558933436871 0.04691456630826 0.0391799658536911 0.0273937899619341 0.0264729298651218 0.0369246639311314 0.00964245107024908 0.00342381442897022 0.0309353675693274 0.0293712709099054 0.0129093928262591 0.00530481850728393 0.00500631239265203 0.00288576958701015 0.00100991898216307 0.000436408707173541 0.000359060446498916 0.000247412361204624 0.000233186045079492 0.000399853888666257 0.000213953011552803 0.00103361567016691 0.00674964347854257 0.00731461867690086 0.0151487328112125 0.00797279179096222 0.0101463533937931 0.0172125641256571 0.203430190682411
-3.4e+38 -3.4e+38 -3.4e+38 -3.4e+38 -3.4e+38 -3.4e+38 -3.4e+38 -3.4e+38 -3.4e+38 -3.4e+38 -3.4e+38 -3.4e+38 -3.4e+38 -3.4e+38 -3.4e+38 0.0406739301979542 0.0449881516396999 0.0370910130441189 0.0266324114054441 0.0231148675084114 0.0300393812358379 0.0291451159864664 0.00240865419618785 0.0055371499620378 0.0701783448457718 0.0492054745554924 0.0258495509624481 0.0235183089971542 0.0141639728099108 0.00176787341479212 0.000562301138415933 0.000457452173577622 0.000264431379036978 0.000183019030373544 0.000349842855939642 0.000161708405357786 0.000127474588225596 0.000506289594341069 0.00955557636916637 0.0249529276043177 0.00884683337062597 0.00972240138798952 0.0190758556127548 0.177643269300461
-3.4e+38 -3.4e+38 -3.4e+38 -3.4e+38 -3.4e+38 -3.4e+38 -3.4e+38 -3.4e+38 -3.4e+38 -3.4e+38 -3.4e+38 -3.4e+38 -3.4e+38 -3.4e+38 -3.4e+38 0.0609681233763695 0.0521790124475956 0.0513924434781075 0.0307563804090023 0.0213076826184988 0.0255161598324776 0.032740656286478 0.0135004799813032 0.00411415006965399 0.0224267169833183 0.110013730823994 0.0314715392887592 0.0307844411581755 0.00958696752786636 0.00192080833949149 0.000453517219284549 0.00032130820909515 0.000233436876442283 0.000341498176567256 0.000159152536070906 0.000281632499536499 0.00016867122030817 0.000239659944782034 0.00530224107205868 0.0227826554328203 0.0181128662079573 0.0295883696526289 0.0275904405862093 0.0201876889914274
-3.4e+38 -3.4e+38 -3.4e+38 -3.4e+38 -3.4e+38 -3.4e+38 -3.4e+38 -3.4e+38 -3.4e+38 -3.4e+38 -3.4e+38 -3.4e+38 -3.4e+38 -3.4e+38 -3.4e+38 0.0507996305823326 0.0637901872396469 0.0394558347761631 0.0389699041843414 0.0296962447464466 0.0198321007192135 0.0336289703845978 0.0278985910117626 0.00437699910253286 0.0333883464336395 0.149117350578308 0.120258741080761 0.0476212576031685 0.0187849570065737 0.00258472235873342 0.000575342099182308 0.000399608310544863 0.000209188423468731 0.000293366494588554 0.000253568374319002 0.000198513967916369 0.000155855334014632 0.000129910826217383 0.000236634878092445 0.0126653332263231 0.0147096933797002 0.0363800413906574 0.0458333045244217 0.0410566665232182
-3.4e+38 -3.4e+38 -3.4e+38 -3.4e+38 -3.4e+38 -3.4e+38 -3.4e+38 -3.4e+38 -3.4e+38 -3.4e+38 -3.4e+38 -3.4e+38 -3.4e+38 -3.4e+38 -3.4e+38 -3.4e+38 0.0526031516492367 0.0558356605470181 0.0287858881056309 0.0391257815063 0.0227392390370369 0.0205851327627897 0.0269023012369871 0.00655597820878029 0.0226038172841072 0.106860212981701 0.091374360024929 0.0840566530823708 0.0567999146878719 0.00846667494624853 0.00102422968484461 0.00129477970767766 0.000651880691293627 0.000370526249753311 0.000261033274000511 0.000206744109163992 0.000192572115338407 0.000238691558479331 0.000114554721221793 0.000293819437501952 0.00772134587168694 0.0264137107878923 0.0447519868612289 0.0466232672333717
-3.4e+38 -3.4e+38 -3.4e+38 -3.4e+38 -3.4e+38 -3.4e+38 -3.4e+38 -3.4e+38 -3.4e+38 -3.4e+38 -3.4e+38 -3.4e+38 -3.4e+38 -3.4e+38 -3.4e+38 0.0556101426482201 0.0593579225242138 0.0482231713831425 0.0318607538938522 0.0216102879494429 0.0191997308284044 0.0191103760153055 0.0221038814634085 0.0127649148926139 0.0148466089740396 0.0576562434434891 0.1447743922472 0.052935928106308 0.0232793502509594 0.0129790753126144 0.00283442856743932 0.0017241359455511 0.000870887713972479 0.000424176949309185 0.000313140277285129 0.000409433007007465 0.000423005054472014 0.000864204426761717 0.000198760913917795 0.0259160380810499 0.00141950976103544 0.0105233304202557 0.0163272134959698 0.035270094871521
-3.4e+38 -3.4e+38 -3.4e+38 -3.4e+38 -3.4e+38 -3.4e+38 -3.4e+38 -3.4e+38 -3.4e+38 -3.4e+38 -3.4e+38 -3.4e+38 -3.4e+38 -3.4e+38 -3.4e+38 0.0627222284674644 0.0547426417469978 0.0604450292885303 0.0576293915510178 0.0246918071061373 0.0203365534543991 0.0162264313548803 0.00878601893782616 0.015738632529974 0.00798147078603506 0.0470552071928978 0.0894283577799797 0.0977542027831078 0.0344887226819992 0.0249125529080629 0.0074578644707799 0.00219914130866528 0.00101469946093857 0.000505319854710251 0.000353263370925561 0.000676216615829617 0.000736685818992555 0.000876904523465782 0.000422458106186241 0.0444849766790867 0.0417511686682701 0.0671318620443344 0.158396378159523 0.0102534843608737
-3.4e+38 -3.4e+38 -3.4e+38 -3.4e+38 -3.4e+38 -3.4e+38 -3.4e+38 -3.4e+38 -3.4e+38 -3.4e+38 0.0569361075758934 0.0741014555096626 0.0834810957312584 -3.4e+38 0.0770845711231232 0.0632395967841148 0.0574002228677273 0.051990132778883 0.0646936744451523 0.0384554266929626 0.0301454830914736 0.0248401835560799 0.00947283487766981 0.010003013536334 0.00978223793208599 0.0496849603950977 0.0669772103428841 0.0512822978198528 0.0665757954120636 0.112848050892353 0.0477192401885986 0.0155137777328491 0.00131582899484783 0.000600531930103898 0.000409198575653136 0.000343907042406499 0.000413148431107402 0.000790038320701569 0.00138306384906173 0.000938275305088609 0.0467916093766689 0.0553922094404697 0.089727021753788 0.157386839389801
-3.4e+38 -3.4e+38 -3.4e+38 -3.4e+38 -3.4e+38 -3.4e+38 -3.4e+38 -3.4e+38 -3.4e+38 -3.4e+38 0.0486920326948166 0.0768148526549339 0.134180709719658 0.0872939303517342 0.0714135244488716 0.0611479692161083 0.0467149391770363 0.0383151099085808 0.0338057279586792 0.0435316786170006 0.0443415269255638 0.0226475354284048 0.0116540277376771 0.00880922563374043 0.00891236308962107 0.0323084034025669 0.0958842858672142 0.0521057024598122 0.225868985056877 0.0735218599438667 0.0663517639040947 0.0604846030473709 0.00168221781495959 0.000720643845852464 0.000591826217714697 0.000720170617569238 0.0009879699209705 0.000859577325172722 0.00224728602916002 0.00336508336476982 0.128149852156639 0.0944279581308365 0.112761557102203 0.0892914235591888
-3.4e+38 -3.4e+38 -3.4e+38 -3.4e+38 -3.4e+38 -3.4e+38 -3.4e+38 -3.4e+38 -3.4e+38 -3.4e+38 0.0630094707012177 0.106201119720936 0.118937782943249 0.0684097707271576 0.0513826757669449 0.0377358868718147 0.0386803969740868 0.0304639469832182 0.025913754478097 0.0253863595426083 0.0323735773563385 0.0185875371098518 0.0122775686904788 0.00962258037179708 0.0113611044362187 0.02092320099473 0.0981502383947372 0.0667547136545181 0.16815459728241 0.0803448259830475 0.0544578470289707 0.138549789786339 0.00713079469278455 0.000760519644245505 0.00055800360860303 0.000477846304420382 0.000752891530282795 0.00131354294717312 0.00184272357728332 0.00269732065498829 0.00544265238568187 0.0030273727606982 0.00399734079837799 0.00453713722527027
-3.4e+38 -3.4e+38 -3.4e+38 -3.4e+38 -3.4e+38 -3.4e+38 -3.4e+38 -3.4e+38 -3.4e+38 -3.4e+38 0.0850140303373337 0.07532949000597 0.031872320920229 0.0335399210453033 0.0405632890760899 0.0426099263131618 0.030747452750802 0.0264100190252066 0.0231393724679947 0.0204978249967098 0.0181519873440266 0.0156357269734144 0.0115543724969029 0.00885081011801958 0.0238051693886518 0.0527099967002869 0.0336322747170925 0.0821598917245865 0.155060023069382 0.100418709218502 0.118501476943493 0.137464538216591 0.00253803562372923 0.000850873708259314 0.000555227103177458 0.000526177405845374 0.000855240563396364 0.00206305598840117 0.000942141865380108 0.00307952635921538 0.00521705858409405 0.00750452466309071 0.0095229921862483 0.00571846961975098
-3.4e+38 -3.4e+38 -3.4e+38 -3.4e+38 -3.4e+38 -3.4e+38 -3.4e+38 -3.4e+38 -3.4e+38 -3.4e+38 0.0469092503190041 0.025166641920805 0.00707501033321023 0.0133039485663176 0.0314615964889526 0.0397479385137558 0.0307870991528034 0.0297865252941847 0.0220094490796328 0.0232207290828228 0.0167686305940151 0.0123092718422413 0.00993395689874887 0.00835451669991016 0.0184479895979166 0.10599210113287 0.0631700828671455 0.165672227740288 0.165752589702606 0.128105401992798 0.122645400464535 0.266155958175659 0.00553353503346443 0.000872554315719754 0.000708193343598396 0.000589672301430255 0.00068061042111367 0.000331431569065899 0.00055011291988194 0.00143273000139743 0.00341467815451324 0.00287621188908815 0.00323486072011292 0.00213919975794852
-3.4e+38 -3.4e+38 -3.4e+38 -3.4e+38 -3.4e+38 -3.4e+38 -3.4e+38 -3.4e+38 -3.4e+38 -3.4e+38 -3.4e+38 0.01061060000211 0.00821084342896938 0.015441439114511 0.0358663387596607 0.0484960749745369 0.036636333912611 0.0300142969936132 0.0238414108753204 0.0208216439932585 0.0166672896593809 0.0125092836096883 0.0101254284381866 0.00776990130543709 0.00904818531125784 0.0930402204394341 0.084550753235817 0.169933587312698 0.125461235642433 0.117512330412865 0.222051486372948 0.24066087603569 0.0224133562296629 0.00153514312114567 0.00108572072349489 0.00116221513599157 0.000791440368629992 0.000873614975716919 0.000635823816992342 0.000731533102225512 0.000991386827081442 0.00119137368164957 0.00146134977694601 0.000919654150493443
-3.4e+38 -3.4e+38 -3.4e+38 -3.4e+38 -3.4e+38 -3.4e+38 -3.4e+38 -3.4e+38 -3.4e+38 -3.4e+38 -3.4e+38 -3.4e+38 0.0169018767774105 0.0381543412804604 0.0778121873736382 0.0754721090197563 0.0502065867185593 0.0406799986958504 0.0304949209094048 0.0194498021155596 0.0147368963807821 0.0120714521035552 0.00896260235458612 0.0065288576297462 0.0111071262508631 0.00774847157299519 0.0334260426461697 0.113208137452602 0.169319942593575 0.205741703510284 0.213285252451897 0.15528704226017 0.0418772138655186 0.00840783398598433 0.00707763945683837 0.00251008477061987 0.00672060297802091 0.0054723029024899 0.00416018720716238 0.00267639709636569 0.00214710459113121 0.00246620015241206 0.0023611499927938 0.00169020157773048
-3.4e+38 -3.4e+38 -3.4e+38 -3.4e+38 -3.4e+38 -3.4e+38 -3.4e+38 -3.4e+38 -3.4e+38 -3.4e+38 -3.4e+38 -3.4e+38 -3.4e+38 0.0992249622941017 0.127961441874504 0.132678732275963 0.0827091857790947 0.0587199330329895 0.0376282595098019 0.0233850367367268 0.0169580020010471 0.0140740424394608 0.0102121010422707 0.00747252115979791 0.0050674295052886 0.00412680814042687 0.0200821757316589 0.0203516334295273 0.0122218308970332 0.0582917146384716 0.125218838453293 0.136099308729172 0.0736891478300095 0.0270110312849283 0.0242737401276827 0.0102259609848261 0.00529004819691181 0.00483451783657074 0.00453226733952761 0.00532550690695643 0.0055577727034688 0.00893084518611431 0.00670437887310982 0.00741539942100644
-3.4e+38 -3.4e+38 -3.4e+38 -3.4e+38 -3.4e+38 -3.4e+38 -3.4e+38 -3.4e+38 -3.4e+38 -3.4e+38 -3.4e+38 -3.4e+38 0.0249311998486519 0.0593536905944347 0.104345329105854 0.165007710456848 0.149604842066765 0.0920939892530441 0.0592322386801243 0.0334628783166409 0.0207137577235699 0.0149042075499892 0.00993587728589773 0.00720992963761091 0.0057328543625772 0.00534002995118499 0.00648865103721619 0.0153012098744512 0.00776480045169592 0.0263406280428171 0.149041280150414 0.300728023052216 0.158702567219734 0.0310559831559658 0.0206368211656809 0.00953872315585613 0.00670289434492588 0.00519959256052971 0.0096824187785387 0.00604601763188839 0.00635469611734152 0.004854716360569 0.00396696897223592 0.00401269737631083
-3.4e+38 -3.4e+38 -3.4e+38 -3.4e+38 -3.4e+38 -3.4e+38 -3.4e+38 -3.4e+38 -3.4e+38 -3.4e+38 -3.4e+38 -3.4e+38 0.0237484127283096 0.0285076256841421 -3.4e+38 0.137017592787743 0.175635278224945 0.11489562690258 0.0736053064465523 0.0459036976099014 0.0292057916522026 0.0180025994777679 0.00852613337337971 0.00623086094856262 0.00453451182693243 0.0100288772955537 0.00471717584878206 0.0661232098937035 0.108963809907436 0.163896083831787 0.0925370752811432 0.0465541444718838 0.0252388529479504 0.0664073601365089 0.0527978017926216 0.0209799092262983 0.0102359345182776 0.00767296645790339 0.00519883912056684 0.0034903681371361 0.0043068896047771 0.0032863961532712 0.00301812682300806 0.00279439589940012
-3.4e+38 -3.4e+38 -3.4e+38 -3.4e+38 -3.4e+38 -3.4e+38 -3.4e+38 -3.4e+38 -3.4e+38 -3.4e+38 -3.4e+38 -3.4e+38 -3.4e+38 -3.4e+38 -3.4e+38 0.124874040484428 0.161746799945831 0.124225445091724 0.0841998532414436 0.0520512275397778 0.027074433863163 0.0127383470535278 0.00820127595216036 0.00499951979145408 0.00307513331063092 0.0115204388275743 0.00557123916223645 0.0194113627076149 0.135958075523376 0.0633553341031075 0.0341974422335625 0.1725744754076 0.139510333538055 0.157995849847794 0.101230949163437 0.0574364066123962 0.0246407687664032 0.0151129961013794 0.0110312271863222 0.00436761742457747 0.00270142895169556 0.00208053039386868 0.00454033119603992 0.00518109928816557
-3.4e+38 -3.4e+38 -3.4e+38 -3.4e+38 -3.4e+38 -3.4e+38 -3.4e+38 -3.4e+38 -3.4e+38 -3.4e+38 -3.4e+38 -3.4e+38 -3.4e+38 -3.4e+38 -3.4e+38 -3.4e+38 0.146627977490425 0.126024186611176 0.075914554297924 0.045449286699295 0.0268187262117863 0.0122503601014614 0.00653965817764401 0.00382762984372675 0.00291752582415938 0.031272292137146 0.00740935793146491 0.00857136305421591 0.0155931115150452 0.0197769813239574 0.0213052518665791 0.0456176549196243 0.0704434886574745 0.0910984799265862 0.106051430106163 0.0587316192686558 0.0316234603524208 0.0513942129909992 0.0372924990952015 0.0111554730683565 0.00477325962856412 0.00325324502773583 0.00275047309696674 0.00195129180792719
