data/climate_estimation/maxent_output/Androcymbium_striatum.asc
NCOLS 245 
NROWS 528 
XLLCORNER 21.9166666666667 
YLLCORNER -33.4166666666667 
CELLSIZE 0.0833333333333333 
NODATA_value -3.4e+38 
[rows 266 to 284 of 528, columns 86 to 128 of 245]
0.00527692539617419 0.00514763640239835 0.00549248559400439 0.00498439511284232 0.00485872244462371 0.00462819961830974 0.00456956680864096 0.00406057666987181 0.00376709457486868 0.00373453227803111 0.00328938965685666 0.00325317261740565 0.00334102706983685 0.00337861943989992 0.00316953449510038 0.00316284387372434 0.0029611166100949 0.00297240330837667 0.00286170747131109 0.00300332228653133 0.00341544090770185 0.0038415496237576 0.00428558792918921 0.00496710883453488 0.00534679833799601 0.00514732534065843 0.0059164552949369 0.00686995219439268 0.00832788459956646 0.0150936096906662 0.0147303864359856 0.00714315753430128 0.00393942510709167 0.00498655578121543 0.0039703631773591 0.00277484580874443 0.00164946645963937 0.00118194182869047 0.00115331879351288 0.000794038642197847 0.000617024023085833 0.00061902665765956 0.000314329459797591
0.00478042056784034 0.00476026581600308 0.00457246927544475 0.00419404357671738 0.00437977025285363 0.00452359346672893 0.00430406536906958 0.00388905196450651 0.00386067549698055 0.00372706726193428 0.0037269361782819 0.00346066965721548 0.00337727880105376 0.00336306588724256 0.0034074813593179 0.00317726191133261 0.00318117695860565 0.00307908467948437 0.00302922702394426 0.00327427848242223 0.00365502061322331 0.00394719513133168 0.00411322340369225 0.00466703064739704 0.0048133241944015 0.00534627167508006 0.00650441041216254 0.00663843611255288 0.00664625875651836 0.011859136633575 0.0068624964915216 0.00379445147700608 0.00354856695048511 0.00352159212343395 0.00336050684563816 0.00173808285035193 0.000985838705673814 0.000892343348823488 0.000856068625580519 0.000727896869648248 0.000605189532507211 0.000312145362840965 0.000335240009007975
0.00444959523156285 0.00457325717434287 0.00444511836394668 0.00430895062163472 0.00441992422565818 0.00469402642920613 0.00435158191248775 0.00403242232277989 0.00401636539027095 0.00365396845154464 0.00365861086174846 0.00369488028809428 0.00377132184803486 0.00320985470898449 0.00323044625110924 0.00322112813591957 0.00310727674514055 0.0030713111627847 0.00337327551096678 0.00333615625277162 0.00370071758516133 0.00382834207266569 0.00417659990489483 0.00473640719428658 0.00488548167049885 0.00570437172427773 0.00711522670462728 0.0066840760409832 0.00681771896779537 0.00951247848570347 0.00484863296151161 0.00387598853558302 0.00280812196433544 0.00236707855947316 0.00265035592019558 0.000902726606000215 0.000710952503141016 0.000726968224626034 0.000663498067297041 0.000622956198640168 0.000612095289397985 0.000311332696583122 0.000383731734473258
0.00445278221741319 0.00443773297592998 0.00474611204117537 0.00461707916110754 0.00491740647703409 0.00474938750267029 0.00454518152400851 0.0041401544585824 0.00403472268953919 0.00383381149731576 0.00393621157854795 0.0036055650562048 0.00361681333743036 0.00356880039907992 0.00347131863236427 0.00332154217176139 0.00347664952278137 0.0031661877874285 0.00337824644520879 0.00357707170769572 0.00376789993606508 0.00414773728698492 0.00463467743247747 0.00463911611586809 0.00495637953281403 0.00559381814673543 0.00623549660667777 0.00626365141943097 0.00905597023665905 0.008424436673522 0.00399014865979552 0.00293052126653492 0.00168204447254539 0.00328604830428958 0.0017215182306245 0.0010959847131744 0.000701581302564591 0.000621441169641912 0.000656895339488983 0.00063334999140352 0.000668573833536357 0.000731495616491884 0.000449978891992941
0.00478965416550636 0.00477813510224223 0.00475537963211536 0.00489601353183389 0.00500312261283398 0.00508374674245715 0.00467742001637816 0.00447038840502501 0.00412330916151404 0.00411233445629478 0.00368399336002767 0.00369821721687913 0.00356167438440025 0.00362029648385942 0.00349795655347407 0.00349660729989409 0.00365105015225708 0.00347741902805865 0.00335055543109775 0.00378047302365303 0.00388581911101937 0.00437547685578465 0.00425842544063926 0.00499315047636628 0.00578527338802814 0.00562797719612718 0.00621114997193217 0.00736826937645674 0.00914610736072063 0.00792002212256193 0.00432928698137403 0.00151563773397356 0.00157737452536821 0.00227840803563595 0.00105963391251862 0.000809768796898425 0.000792695384006947 0.000653910567052662 0.000651876674965024 0.000651217007543892 0.000727729697246104 0.000835244136396796 0.000510045618284494
0.00494449771940708 0.00513755297288299 0.00532370712608099 0.00530580151826143 0.00518265226855874 0.00535151269286871 0.00460774730890989 0.00435497611761093 0.00388462306000292 0.00390999438241124 0.0039562308229506 0.00382326822727919 0.00365649349987507 0.00345492316409945 0.00353018590249121 0.00353811006061733 0.00354228168725967 0.00370709272101521 0.00383300008252263 0.00390137336216867 0.00421249540522695 0.00435112789273262 0.00522258691489697 0.0057905176654458 0.00629832874983549 0.00670636538416147 0.00726800132542849 0.0102709336206317 0.00976409949362278 0.00664196815341711 0.00357320695184171 0.000717346265446395 0.00106420554220676 0.00106656376738101 0.00093231542268768 0.000741941796150059 0.00078425178071484 0.000752713647671044 0.00061053893296048 0.000627401226665825 0.00074705365113914 0.000909726193640381 0.00120160938240588
0.00497021339833736 0.00545520940795541 0.00531182158738375 0.00549309747293591 0.00542561430484056 0.00473377993330359 0.00454941764473915 0.00408119894564152 0.00417593540623784 0.00414009904488921 0.00395030016079545 0.00373979983851314 0.00379095785319805 0.00362537754699588 0.00356202782131732 0.00370709272101521 0.00375851965509355 0.00359489116817713 0.00386257795616984 0.00425954395905137 0.00472369324415922 0.00488687586039305 0.00534530216827989 0.0062055797316134 0.00710717681795359 0.00716141192242503 0.00936144590377808 0.00955481175333261 0.00907114893198013 0.00826336164027452 0.00197889003902674 0.00061564176576212 0.000724380719475448 0.00082787312567234 0.000802715832833201 0.000770124781411141 0.000657228927593678 0.000643344479613006 0.000653879367746413 0.000694906804710627 0.000772862927988172 0.000872176664415747 0.00131665682420135
0.00475871097296476 0.00546994991600513 0.00567551143467426 0.00524755707010627 0.00516316900029778 0.00460690120235085 0.00451775640249252 0.00431063352152705 0.00435431534424424 0.00433668121695518 0.00399705814197659 0.00382012338377535 0.00380132626742125 0.00373853160999715 0.00350974616594613 0.00356697989627719 0.00376429967582226 0.00390307605266571 0.00415672734379768 0.00396079802885652 0.00475318590179086 0.00512154726311564 0.00571240158751607 0.00696099502965808 0.00744312303140759 0.00859779119491577 0.0105933360755444 0.0115383425727487 0.0107323247939348 0.00748511264100671 0.000963630096521229 0.000641938881017268 0.000637994147837162 0.000686296436470002 0.000714903173502535 0.000721616437658668 0.000662303762510419 0.000612433941569179 0.000636069104075432 0.000698958989232779 0.000837294792290777 0.0010416415752843 0.00126069597899914
0.00502633256837726 0.00544595113024116 0.00558084854856133 0.00486353877931833 0.00485718715935946 0.00466690631583333 0.00464271288365126 0.00451753567904234 0.00443847663700581 0.00444083148613572 0.00420900201424956 0.00404611928388476 0.00403459928929806 0.00396823883056641 0.0037450531963259 0.00376863777637482 0.00383592676371336 0.00397212477400899 0.0041263229213655 0.00490156607702374 0.00484012719243765 0.0054801763035357 0.00593102397397161 0.00750664621591568 0.00962553452700377 0.0102758407592773 0.00953488051891327 0.0100555354729295 0.00687683885917068 0.00332233053632081 0.000707653001882136 0.00062851735856384 0.0005968680488877 0.000613946409430355 0.00067382981069386 0.000660171615891159 0.000576901889871806 0.000561062130145729 0.000623763422481716 0.000677485833875835 0.000886810710653663 0.00106558483093977 0.00157479709014297
0.00511362496763468 0.00519916834309697 0.00491502275690436 0.00500833569094539 0.00520646246150136 0.00497150048613548 0.00473269680514932 0.00461825169622898 0.00464793341234326 0.00447518285363913 0.00427431892603636 0.00411517359316349 0.0041134892962873 0.00389537867158651 0.0040117553435266 0.00403693411499262 0.00402830028906465 0.00419531017541885 0.00418803002685308 0.00507822958752513 0.00553168589249253 0.00727944914251566 0.00640052184462547 0.00761032989248633 0.00965514592826366 0.00858469400554895 0.00831189844757318 0.00762117421254516 0.00307219172827899 0.000872796925250441 0.000700050964951515 0.000636862823739648 0.000619535276200622 0.000552969402633607 0.000559940002858639 0.000561162189114839 0.000569684489164501 0.000616986711975187 0.000643671432044357 0.000747543061152101 0.000942509272135794 0.00116198044270277 0.00178474036511034
0.00582280987873673 0.0061064912006259 0.00584158347919583 0.00513578671962023 0.00510605238378048 0.00523326266556978 0.00499149551615119 0.00491304276511073 0.00448014447465539 0.00447371928021312 0.00457818526774645 0.00459420029073954 0.0042173839174211 0.00428813556209207 0.00422303937375546 0.00424882490187883 0.00467083556577563 0.00469995150342584 0.00447452394291759 0.00536924786865711 0.00679045589640737 0.0067527974024415 0.00678402092307806 0.0084106083959341 0.00972999539226294 0.00904797948896885 0.00853007473051548 0.00787432584911585 0.00195128982886672 0.000729678256902844 0.000640772166661918 0.000609108305070549 0.000571007782127708 0.000577347294893116 0.000531816971488297 0.000514834944624454 0.000528753036633134 0.000575921381823719 0.000699769298080355 0.000790085643529892 0.000958453805651516 0.00125116016715765 0.00173342612106353
0.00607697945088148 0.00612801453098655 0.00553854601457715 0.00540982512757182 0.00521276704967022 0.00528025720268488 0.00494069466367364 0.00518848234787583 0.00468948390334845 0.00448309630155563 0.0047143972478807 0.00491279829293489 0.00411772262305021 0.00424286397174001 0.00405344646424055 0.00432933168485761 0.00460463296622038 0.00480315973982215 0.00556348357349634 0.0069946595467627 0.00691505055874586 0.00693012541159987 0.0078828576952219 0.0092341024428606 0.00856923311948776 0.00795625988394022 0.00784095376729965 0.00525608332827687 0.00119724532123655 0.000668036635033786 0.000740083632990718 0.00067428284091875 0.000614197575487196 0.000541721936315298 0.000503798946738243 0.000533917162101716 0.000523810856975615 0.000561983673833311 0.000664417922962457 0.000834804959595203 0.00110497570130974 0.00154683482833207 0.00199282518588006
0.00613194657489657 0.00558188185095787 0.00557837588712573 0.00580987287685275 0.00562344724312425 0.00574894901365042 0.00522621162235737 0.00546401040628552 0.00530728558078408 0.00525850895792246 0.0051917782984674 0.00471432553604245 0.00501599023118615 0.00429825251922011 0.00452391756698489 0.00465964013710618 0.00518311141058803 0.0050790929235518 0.00682526221498847 0.00693806214258075 0.00789190083742142 0.00742402486503124 0.00928332470357418 0.00944179482758045 0.00791096314787865 0.00685116043314338 0.00640232535079122 0.00296292523853481 0.000754849927034229 0.000777948647737503 0.000817794469185174 0.000710178748704493 0.000582225911784917 0.000520980393048376 0.000475947599625215 0.000506470445543528 0.000512536498717964 0.000543492787983268 0.000759342045057565 0.000942659738939255 0.00138029118534178 0.00181513908319175 0.00256479391828179
0.00605609174817801 0.00587098440155387 0.00606219610199332 0.00613144785165787 0.00551787717267871 0.00599345797672868 0.00591662060469389 0.0058782328851521 0.00634907279163599 0.00590691901743412 0.00516082812100649 0.00473024696111679 0.00502425851300359 0.00458081439137459 0.00488078640773892 0.00512521667405963 0.00580988498404622 0.00548831187188625 0.00546890636906028 0.00743568828329444 0.00838686525821686 0.0087021142244339 0.00971339270472527 0.00974976643919945 0.00798545870929956 0.00694258511066437 0.00447750510647893 0.00324203702621162 0.00082306656986475 0.000647218141239136 0.000597988546360284 0.000602416810579598 0.000543189467862248 0.000473815860459581 0.000452250998932868 0.000463738717371598 0.000501543865539134 0.000575506826862693 0.000672289461363107 0.00088464078726247 0.00108083337545395 0.00168979808222502 0.00262623629532754
0.00621277745813131 0.00635634455829859 0.00614432571455836 0.00585322035476565 0.00596468430012465 0.00652330322191119 0.00636126752942801 0.0064862472936511 0.00745661603286862 0.00613196333870292 0.00533286202698946 0.00495893787592649 0.00528428610414267 0.00491614686325192 0.00554384524002671 0.00633979775011539 0.00592200318351388 0.0058369180187583 0.00651521980762482 0.0078155267983675 0.00939040724188089 0.00915135070681572 0.0100965993478894 0.00850747153162956 0.00764397392049432 0.00690401624888182 0.00471082143485546 0.00354707846418023 0.000734252505935729 0.000615064054727554 0.000537313346285373 0.00050247396575287 0.000496350810863078 0.000429639156209305 0.000428619649028406 0.000456785899586976 0.000536996638402343 0.000632179318927228 0.000769858888816088 0.000925828120671213 0.00139756524004042 0.00144024251494557 0.00211965432390571
0.00647343043237925 0.00655452441424131 0.00626888731494546 0.00599154317751527 0.00646655727177858 0.00657898979261518 0.00685308035463095 0.00827230699360371 0.00858385674655437 0.00667690951377153 0.00595709355548024 0.00557501660659909 0.00553535623475909 0.00587699096649885 0.00563216954469681 0.00697142537683249 0.00701476121321321 0.00616470444947481 0.00777407549321651 0.00945795699954033 0.0108816819265485 0.0109332362189889 0.0102317351847887 0.00889631919562817 0.0081114275380969 0.00821209046989679 0.00439055869355798 0.00142446649260819 0.000615470868069679 0.000620059785433114 0.000565218855626881 0.000479184498544782 0.000449136336101219 0.000431128399213776 0.000424714264227077 0.000436433445429429 0.000536597799509764 0.000605050357989967 0.000875881814863533 0.00113089778460562 0.00148987642023712 0.00191066029947251 0.00224533281289041
0.00658244686201215 0.00636886013671756 0.00616531586274505 0.00672984775155783 0.0067891669459641 0.0081511102616787 0.00940969120711088 0.00929544866085052 0.00909519102424383 0.00718671595677733 0.00645640026777983 0.00602910341694951 0.0066921915858984 0.0067116254940629 0.00634669372811913 0.00794386304914951 0.00874771270900965 0.00804012268781662 0.0095857298001647 0.0115353930741549 0.0120927188545465 0.0121007645502687 0.0113897062838078 0.010846858844161 0.00991712510585785 0.00997657794505358 0.00344488676637411 0.00084079010412097 0.000521503738127649 0.000576916849240661 0.000499833549838513 0.000428079772973433 0.000395947048673406 0.000358904886525124 0.000406152190407738 0.000483886629808694 0.000589302217122167 0.000730088213458657 0.000831577286589891 0.00107712543103844 0.00141824828460813 0.00199133227579296 0.0022486625239253
0.00613747863098979 0.0062088156118989 0.00658221263438463 0.00678817508742213 0.00730280252173543 0.00831526424735785 0.00953793525695801 0.0110028516501188 0.00926186144351959 0.00870107859373093 0.00712664797902107 0.00723016588017344 0.00710666365921497 0.00722835212945938 0.00874758418649435 0.00919993873685598 0.0126973995938897 0.0112137403339148 0.0122474757954478 0.0113703683018684 0.0133745213970542 0.0128787430003285 0.0115267699584365 0.0106565244495869 0.0111281974241138 0.00572205148637295 0.00065294181695208 0.000639780424535275 0.000449834944447502 0.000558776082471013 0.000516636704560369 0.000416652444982901 0.000341182254487649 0.000366357708116993 0.000410499225836247 0.000465162709588185 0.000597640057094395 0.000752470688894391 0.0009000085410662 0.00116160372272134 0.0013735166285187 0.00182659400161356 0.00210315734148026
0.00644291518256068 0.00635174429044127 0.00668901205062866 0.00779133290052414 0.00924778543412685 0.0107368296012282 0.0135701382532716 0.0112421782687306 0.0101075805723667 0.00846173893660307 0.0092988945543766 0.00973378960043192 0.00793934985995293 0.00638884026557207 0.00733386212959886 0.0107649844139814 0.0109487492591143 0.0125695345923305 0.0118470173329115 0.0112822242081165 0.0116263050585985 0.0104938140138984 0.0104139382019639 0.00982314720749855 0.00974540319293737 0.0018887675832957 0.000482861301861703 0.000445707206381485 0.000372958456864581 0.000488665828015655 0.00044986026478 0.00031725742155686 0.000325975328451023 0.000333588453941047 0.000379563134629279 0.000442962773377076 0.000549537828192115 0.000660525460261852 0.00102219823747873 0.00127418909687549 0.00137793109752238 0.00139185634907335 0.00172876438591629
