data/climate_estimation/maxent_output/Androcymbium_longipes.asc
NCOLS 147 
NROWS 116 
XLLCORNER 20.4166666666667 
YLLCORNER -34.3333333333333 
CELLSIZE 0.0833333333333333 
NODATA_value -3.4e+38 
[rows 0 to 19 of 116, columns 90 to 134 of 147]
0.132265895605087 0.225872740149498 0.665846109390259 0.694398581981659 0.344517111778259 0.127306133508682 0.116156972944736 0.0735554620623589 0.072393961250782 0.070204459130764 0.0503680668771267 0.0369817316532135 0.0313175357878208 0.0292086470872164 0.0238549653440714 0.0196896661072969 0.0196945983916521 0.0163446683436632 0.0160551853477955 0.0594731122255325 0.255606710910797 0.755846738815308 0.856931447982788 0.925747334957123 0.826390981674194 0.93486624956131 0.784440398216248 0.524422287940979 0.857269287109375 0.792386889457703 0.920453608036041 0.934966921806335 0.92851847410202 0.923014342784882 0.912320613861084 0.883796572685242 0.823796093463898 0.663042426109314 0.572399795055389 0.445458024740219 0.377170979976654 0.327309101819992 0.268023669719696 0.250918596982956 0.239373281598091
0.137162566184998 0.18732462823391 0.58736664056778 0.615219473838806 0.372991889715195 0.253963619470596 0.121305137872696 0.121900662779808 0.0652729645371437 0.0565003268420696 0.0418373718857765 0.0662686228752136 0.0624452009797096 0.0302105341106653 0.0248304717242718 0.0424223057925701 0.0596526712179184 0.0399319976568222 0.031210171058774 0.14746618270874 0.405624747276306 0.870247900485992 0.870648324489594 0.944576621055603 0.935390174388885 0.936966836452484 0.456297099590302 0.867725074291229 0.853810489177704 0.797451376914978 0.93864506483078 0.933458983898163 0.938413918018341 0.703447163105011 0.916351437568665 0.727975308895111 0.903141796588898 0.687521696090698 0.593930423259735 0.508504271507263 0.409661501646042 0.304951012134552 0.250881910324097 0.228804305195808 0.247673213481903
0.0812138915061951 0.0956919640302658 0.154408648610115 0.204510897397995 0.103642024099827 0.117428734898567 0.113124035298824 0.099049836397171 0.0898581221699715 0.0787681117653847 0.0754414498806 0.0722440779209137 0.0608753897249699 0.0539637356996536 0.0472160093486309 0.0475749745965004 0.0339509323239326 0.0218284707516432 0.0423761568963528 0.288253784179688 0.778477787971497 0.928434312343597 0.937435328960419 0.926690220832825 0.508073687553406 0.498407065868378 0.518455624580383 0.946890473365784 0.933929443359375 0.942908525466919 0.949471294879913 0.94608736038208 0.945113658905029 0.709247350692749 0.937400639057159 0.828187942504883 0.883879780769348 0.839095652103424 0.723545670509338 0.526184797286987 0.390433013439178 0.376793801784515 0.304880082607269 0.217857003211975 0.22118778526783
0.0713188871741295 0.0821442455053329 0.109097309410572 0.120823472738266 0.0751650854945183 0.0905441045761108 0.0832204446196556 0.079127736389637 0.072892852127552 0.0717951580882072 0.0688652694225311 0.0738352537155151 0.0740452036261559 0.0570076927542686 0.0537253953516483 0.0426075607538223 0.0422545708715916 0.0361648835241795 0.205255284905434 0.69655454158783 0.929660201072693 0.938037276268005 0.935133874416351 0.851552426815033 0.257186651229858 0.845456957817078 0.647016048431396 0.887784361839294 0.896755635738373 0.904421269893646 0.907693207263947 0.965226709842682 0.910987019538879 0.765180349349976 0.928568363189697 0.878931164741516 0.890413820743561 0.867741167545319 0.71395343542099 0.541786909103394 0.360395759344101 0.292723506689072 0.262575060129166 0.199306145310402 0.180475622415543
0.0633464008569717 0.0891512110829353 0.109746128320694 0.1053396910429 0.128059253096581 0.139639869332314 0.0727838575839996 0.0655525699257851 0.063714936375618 0.0613376013934612 0.0570677146315575 0.055713526904583 0.0657982155680656 0.0596768595278263 0.046178363263607 0.0538211092352867 0.0555083006620407 0.0452413037419319 0.275374591350555 0.867745935916901 0.91933685541153 0.931402862071991 0.925845980644226 0.250186234712601 0.838896572589874 0.940095901489258 0.864239394664764 0.950069606304169 0.959701538085938 0.923639714717865 0.766431510448456 0.960468411445618 0.655471086502075 0.771668076515198 0.939151525497437 0.892587184906006 0.917664766311646 0.79238623380661 0.596441030502319 0.480016767978668 0.444368690252304 0.374064743518829 0.323913156986237 0.256716966629028 0.266526758670807
0.0676602348685265 0.0744870901107788 0.0812206789851189 0.0929229781031609 0.113000281155109 0.13776046037674 0.124923817813396 0.113152079284191 0.0639740824699402 0.0547330565750599 0.0522778853774071 0.0515696704387665 0.0542592331767082 0.0509200282394886 0.061989139765501 0.0710398331284523 0.0575549639761448 0.0519303865730762 0.0705109015107155 0.737770557403564 0.914683401584625 0.934071600437164 0.924341559410095 0.596061885356903 0.923884689807892 0.89558070898056 0.946779549121857 0.94161731004715 0.940414726734161 0.922703921794891 0.797634184360504 0.954991817474365 0.847607731819153 0.957601249217987 0.941267192363739 0.934253990650177 0.89957183599472 0.924636006355286 0.769205749034882 0.647855579853058 0.592759728431702 0.488822162151337 0.416044741868973 0.375513404607773 0.379588782787323
0.0728370249271393 0.0752340406179428 0.0762721300125122 0.0932677462697029 0.0979593694210052 0.128420382738113 0.13403058052063 0.109395906329155 0.0612659715116024 0.0689576417207718 0.0995263606309891 0.0860818848013878 0.108013816177845 0.0876758769154549 0.088214099407196 0.040364857763052 0.0401525720953941 0.0696219876408577 0.0621243752539158 0.217901900410652 0.635790705680847 0.90559184551239 0.929446578025818 0.858243525028229 0.940608322620392 0.892512440681458 0.882286071777344 0.887845635414124 0.947585642337799 0.93346381187439 0.971733689308167 0.924728631973267 0.956465065479279 0.964044570922852 0.946133553981781 0.923314809799194 0.898604273796082 0.921777606010437 0.816922426223755 0.656916499137878 0.616971850395203 0.580949664115906 0.483008414506912 0.411919802427292 0.413439124822617
0.126375287771225 0.142993777990341 0.0906815528869629 0.0998092442750931 0.111253209412098 0.145539402961731 0.143876984715462 0.219222530722618 0.169632837176323 0.299438148736954 0.256831586360931 0.385758608579636 0.447421163320541 0.134400054812431 0.0922778770327568 0.0500673949718475 0.139015927910805 0.0454750619828701 0.111571460962296 0.422027796506882 0.60945338010788 0.844701051712036 0.847887873649597 0.862459778785706 0.908098876476288 0.858724474906921 0.831861257553101 0.899945914745331 0.929197788238525 0.749589800834656 0.974588096141815 0.97140371799469 0.967584431171417 0.961702346801758 0.941052556037903 0.921766221523285 0.916821897029877 0.918923020362854 0.788215219974518 0.601709961891174 0.636506199836731 0.67723137140274 0.557553887367249 0.491422533988953 0.418658137321472
0.139123693108559 0.171760141849518 0.186243891716003 0.224123910069466 0.144892036914825 0.286422401666641 0.338546693325043 0.248076602816582 0.332615971565247 0.384123563766479 0.781462371349335 0.504653334617615 0.360375314950943 0.367889046669006 0.44817578792572 0.370827287435532 0.12775656580925 0.03946153819561 0.115134768188 0.408249795436859 0.787968158721924 0.900909781455994 0.912603199481964 0.850463330745697 0.896481931209564 0.828477501869202 0.849253118038177 0.911851465702057 0.932023406028748 0.90881621837616 0.974005937576294 0.978881537914276 0.96396791934967 0.957972049713135 0.955984055995941 0.946894288063049 0.919426500797272 0.905574798583984 0.821767628192902 0.680639207363129 0.558423578739166 0.661212861537933 0.587108135223389 0.472560048103333 0.422396302223206
0.191633492708206 0.233506739139557 0.260280191898346 0.295001596212387 0.304901838302612 0.394504547119141 0.425329566001892 0.539704918861389 0.370162189006805 0.731094539165497 0.777602851390839 0.513821125030518 0.449130326509476 0.544736802577972 0.796109259128571 0.440486550331116 0.128403887152672 0.327809363603592 0.357618659734726 0.657722115516663 0.779107272624969 0.911143362522125 0.894461274147034 0.840436339378357 0.865186512470245 0.838987410068512 0.856548368930817 0.941171109676361 0.93056982755661 0.947950541973114 0.980223119258881 0.97148597240448 0.967874884605408 0.960363566875458 0.962843060493469 0.909215927124023 0.850721538066864 0.81909704208374 0.758427083492279 0.818377256393433 0.755674302577972 0.690881252288818 0.567003488540649 0.445248514413834 0.453817456960678
0.266460329294205 0.290877163410187 0.40047350525856 0.351772308349609 0.389608681201935 0.441959708929062 0.540632307529449 0.629089593887329 0.707324624061584 0.747406542301178 0.784050583839417 0.770225286483765 0.539426386356354 0.385340750217438 0.357831656932831 0.152364760637283 0.744769871234894 0.837899446487427 0.736680686473846 0.777571678161621 0.787597358226776 0.893990218639374 0.873669624328613 0.905011773109436 0.838882327079773 0.830953657627106 0.860409498214722 0.904409646987915 0.956725656986237 0.961656093597412 0.963158071041107 0.976626098155975 0.971462547779083 0.969678103923798 0.965167045593262 0.97214013338089 0.972556889057159 0.963095366954803 0.923638761043549 0.913761913776398 0.651935994625092 0.549811959266663 0.556617021560669 0.736143827438354 0.57048887014389
0.201059386134148 0.380483716726303 0.347215354442596 0.348927468061447 0.437155872583389 0.505660951137543 0.620960712432861 0.73818302154541 0.740262031555176 0.741198241710663 0.760676681995392 0.743627309799194 0.513183891773224 0.47641122341156 0.717642068862915 0.369045615196228 0.690170109272003 0.703677177429199 0.72075742483139 0.77677446603775 0.80900251865387 0.89308625459671 0.889388203620911 0.907588005065918 0.853313624858856 0.800803244113922 0.851143419742584 0.93954873085022 0.970072150230408 0.979952991008759 0.979669332504272 0.977989256381989 0.974131941795349 0.968198239803314 0.974946260452271 0.978878378868103 0.965879082679749 0.965457499027252 0.965786159038544 0.825098693370819 0.615614414215088 0.848522067070007 0.811541140079498 0.614873468875885 0.403020411729813
0.194145381450653 0.334216684103012 0.470603078603745 0.508561074733734 0.600762546062469 0.622558653354645 0.72714763879776 0.790746212005615 0.81423807144165 0.833408355712891 0.731924951076508 0.76210880279541 0.650400698184967 0.7260662317276 0.694945096969604 0.692852854728699 0.641648709774017 0.644949436187744 0.645531117916107 0.702125430107117 0.786557793617249 0.886812388896942 0.893954813480377 0.894836902618408 0.839417397975922 0.816268444061279 0.890386879444122 0.958466231822968 0.96052747964859 0.946096479892731 0.939656674861908 0.960862815380096 0.97160130739212 0.961170852184296 0.973898351192474 0.966519236564636 0.91851133108139 0.842170059680939 0.948732674121857 0.861645877361298 0.863867163658142 0.800757467746735 0.681606411933899 0.429724425077438 0.481172293424606
0.187713295221329 0.416786700487137 0.540936350822449 0.751270294189453 0.746424496173859 0.703585743904114 0.766619682312012 0.777402520179749 0.791890144348145 0.718851506710052 0.722905218601227 0.727978110313416 0.737311661243439 0.712940275669098 0.698906660079956 0.695026993751526 0.636755049228668 0.669187664985657 0.450360238552094 0.504002094268799 0.773502945899963 0.7840616106987 0.831279277801514 0.895460963249207 0.864114463329315 0.885098159313202 0.93567419052124 0.965888261795044 0.950853228569031 0.968559861183167 0.977541565895081 0.979696750640869 0.972439050674438 0.950625598430634 0.919505536556244 0.968672037124634 0.9367835521698 0.954458117485046 0.723040282726288 0.595008611679077 0.779664695262909 0.554817080497742 0.480004578828812 0.535262227058411 0.537582576274872
0.188938319683075 0.350032329559326 0.597510039806366 0.566157042980194 0.801582217216492 0.732990324497223 0.728228271007538 0.769078552722931 0.769636332988739 0.696915686130524 0.809808909893036 0.722838461399078 0.832744538784027 0.822485625743866 0.807608127593994 0.724535405635834 0.659634053707123 0.671557009220123 0.698649942874908 0.750711679458618 0.754116296768188 0.80990469455719 0.827058136463165 0.831161201000214 0.862680733203888 0.940192341804504 0.903424084186554 0.933343827724457 0.972427546977997 0.975545465946198 0.974154770374298 0.977189660072327 0.958222985267639 0.957885086536407 0.921624839305878 0.880068600177765 0.80657833814621 0.733015596866608 0.644954025745392 0.773809492588043 0.883691012859344 0.797081112861633 0.773579239845276 0.507490217685699 0.508453726768494
0.245462596416473 0.541699647903442 0.631597816944122 0.61664092540741 0.809549331665039 0.760226190090179 0.772577106952667 0.772257506847382 0.765365362167358 0.793847262859344 0.804244816303253 0.802928388118744 0.826979875564575 0.821990191936493 0.823305726051331 0.727127850055695 0.695679903030396 0.722648143768311 0.72567743062973 0.767382681369781 0.583412528038025 0.619872629642487 0.841808021068573 0.844586193561554 0.879721343517303 0.89303594827652 0.915895044803619 0.973968267440796 0.972591519355774 0.97299587726593 0.972060799598694 0.959249377250671 0.950722455978394 0.951589167118073 0.945358753204346 0.906000256538391 0.84841775894165 0.789327919483185 0.673920512199402 0.748135268688202 0.824622869491577 0.844631493091583 0.573498725891113 0.366795897483826 0.371812403202057
0.526837587356567 0.569355845451355 0.633178114891052 0.880227506160736 0.883170068264008 0.86574774980545 0.825502872467041 0.797112286090851 0.797325909137726 0.7874835729599 0.813598871231079 0.824353039264679 0.820560097694397 0.837383806705475 0.819871068000793 0.72510153055191 0.700364649295807 0.719090938568115 0.767698705196381 0.791073799133301 0.592853248119354 0.629800319671631 0.638142108917236 0.663035452365875 0.702018797397614 0.727902114391327 0.914165258407593 0.972850918769836 0.972732961177826 0.973766922950745 0.97136652469635 0.971351802349091 0.952694833278656 0.943619430065155 0.92282247543335 0.911922574043274 0.846095204353333 0.857377290725708 0.792622745037079 0.816874504089355 0.767845034599304 0.816997408866882 0.419381439685822 0.336375951766968 0.392572194337845
0.809664607048035 0.856187224388123 0.875243127346039 0.927796244621277 0.877171218395233 0.903023719787598 0.843737125396729 0.826065897941589 0.803394615650177 0.805402278900146 0.823436260223389 0.843875348567963 0.831295847892761 0.843285083770752 0.832264363765717 0.748513281345367 0.739111304283142 0.752383649349213 0.754168570041656 0.797103703022003 0.824793100357056 0.624023139476776 0.65636795759201 0.670287489891052 0.703255772590637 0.729840755462646 0.92597484588623 0.97210031747818 0.975291967391968 0.970122814178467 0.965944647789001 0.967169165611267 0.969595193862915 0.947892308235168 0.935069143772125 0.892410337924957 0.83292555809021 0.797608911991119 0.770529091358185 0.712642669677734 0.740701079368591 0.71017724275589 0.439263075590134 0.31501892209053 0.338196337223053
0.863573431968689 0.950176954269409 0.916826248168945 0.906815886497498 0.871553242206573 0.877848505973816 0.826794028282166 0.8332799077034 0.807510852813721 0.819583773612976 0.820842862129211 0.829299688339233 0.844777345657349 0.865012526512146 0.830193281173706 0.74438202381134 0.729077458381653 0.76091742515564 0.766323864459991 0.809196889400482 0.612407386302948 0.615334749221802 0.6397345662117 0.655192315578461 0.680315554141998 0.729402482509613 0.899125874042511 0.968652367591858 0.965357840061188 0.972763895988464 0.970718264579773 0.977306067943573 0.972948312759399 0.962557554244995 0.952755272388458 0.910206139087677 0.865721762180328 0.806749761104584 0.763681352138519 0.717491686344147 0.767083942890167 0.773383319377899 0.68854296207428 0.312109589576721 0.293763339519501
0.829892635345459 0.841776013374329 0.831235229969025 0.819105386734009 0.83210277557373 0.84630012512207 0.802786231040955 0.797437489032745 0.842796385288239 0.830704212188721 0.830490469932556 0.829901099205017 0.850341141223907 0.858748316764832 0.846740305423737 0.742339789867401 0.750535905361176 0.782564043998718 0.777632772922516 0.814425945281982 0.618372738361359 0.651730835437775 0.638743162155151 0.641852676868439 0.656300008296967 0.682857155799866 0.906660914421082 0.958899021148682 0.970020413398743 0.971387326717377 0.979936003684998 0.979641199111938 0.978875517845154 0.964513063430786 0.934522569179535 0.915003955364227 0.853336334228516 0.792473971843719 0.752854466438293 0.756480991840363 0.797116219997406 0.855441808700562 0.745520055294037 0.5150386095047 0.36788010597229
