data/climate_estimation/maxent_output/Androcymbium_eucomoides.asc
NCOLS 100 
NROWS 69 
XLLCORNER 17.5 
YLLCORNER -34.8333333333333 
CELLSIZE 0.0833333333333333 
NODATA_value -3.4e+38 
[rows 0 to 19 of 69, columns 44 to 87 of 100]
0.00206146505661309 0.00137404736597091 0.00135716225486249 0.00316014746204019 0.00301280687563121 0.00313053862191737 0.00330672552809119 0.00303112040273845 0.00318522332236171 0.00296637765131891 0.00270863971672952 0.00281225237995386 0.00264768674969673 0.0028750968631357 0.00289677549153566 0.00328733772039413 0.0034751754719764 0.00398262729868293 0.00494546629488468 0.00467627076432109 0.00687682256102562 0.0068780411966145 0.00504369242116809 0.00424041459336877 0.00526540540158749 0.00504342466592789 0.00342801352962852 0.00313104665838182 0.00267080008052289 0.00183708826079965 0.00160466937813908 0.00172145408578217 0.00199938588775694 0.00192616763524711 0.00223455694504082 0.00235333363525569 0.00422701146453619 0.00298224040307105 0.00364393834024668 0.00352504896000028 0.00373081606812775 0.00337106361985207 0.00359951658174396 0.00397002650424838
0.00176285218913108 0.00129037234000862 0.00125254655722529 0.00283699529245496 0.00292297056876123 0.00286242738366127 0.00313865346834064 0.00303746876306832 0.00292900134809315 0.0029353832360357 0.00269808922894299 0.00252847862429917 0.00246590352617204 0.00251669739373028 0.0038738192524761 0.00299099460244179 0.00312496465630829 0.0036824990529567 0.00415264721959829 0.00611660862341523 0.00600632652640343 0.00638901768252254 0.00452137226238847 0.00547042908146977 0.00487990910187364 0.00433875806629658 0.00268311938270926 0.00407602218911052 0.00345278368331492 0.00219031912274659 0.00189038377720863 0.00196823151782155 0.00219879695214331 0.00216842186637223 0.00256993202492595 0.00271536968648434 0.00298123969696462 0.00334357563406229 0.00420854846015573 0.00419023772701621 0.0040152445435524 0.00419213250279427 0.00476458948105574 0.00407630344852805
0.00161942502018064 0.00162858399562538 0.0011672890977934 0.00266700237989426 0.0025865170173347 0.0026501587126404 0.00282200844958425 0.0042404574342072 0.00403701700270176 0.0040456261485815 0.00387750705704093 0.00239634793251753 0.00232054200023413 0.00341112748719752 0.00347104202955961 0.0035996891092509 0.00291122286580503 0.00461981352418661 0.00496434699743986 0.00516019901260734 0.00603723479434848 0.00568489357829094 0.00537216849625111 0.00488619785755873 0.00440460816025734 0.00419654790312052 0.00438804272562265 0.00395734934136271 0.00382533250376582 0.00239960826002061 0.00222760741598904 0.00204182649031281 0.0021304888650775 0.00247252290137112 0.00273709907196462 0.00316323386505246 0.00306210108101368 0.00333939818665385 0.00395335676148534 0.00407664896920323 0.00394392851740122 0.00437698746100068 0.00458210753276944 0.00447091041132808
0.00153175799641758 0.00110246264375746 0.00111256027594209 0.00244135968387127 0.00363510078750551 0.00369238085113466 0.00366859510540962 0.00382475298829377 0.00260071619413793 0.00282412674278021 0.00357038364745677 0.00333270663395524 0.0032335352152586 0.00324452668428421 0.00322046945802867 0.00308002019301057 0.00347903184592724 0.00327101210132241 0.00425699213519692 0.00519026909023523 0.00504914298653603 0.0044766953215003 0.0040502049960196 0.00398040981963277 0.00479368027299643 0.00508330389857292 0.00484398426488042 0.00476777832955122 0.00308394781313837 0.00279554049484432 0.00241700583137572 0.00226680119521916 0.00252546300180256 0.00264144293032587 0.0028550922870636 0.00312640191987157 0.00340639683417976 0.00342841376550496 0.00380052789114416 0.00386409554630518 0.00391828874126077 0.0043636686168611 0.00459986506029963 0.00479042390361428
0.00148060289211571 0.00102142093237489 0.00100856367498636 0.00334711349569261 0.00326379900798202 0.00324962614104152 0.00378352170810103 0.0035630518104881 0.00250150426290929 0.00272107776254416 0.00253588287159801 0.00337498332373798 0.00312629411928356 0.00303754629567266 0.00362940062768757 0.0036839353851974 0.00285190134309232 0.00365516799502075 0.00434392318129539 0.00469899689778686 0.00410940870642662 0.00347367604263127 0.003623305587098 0.00413426943123341 0.00502335745841265 0.00508825713768601 0.00510031776502728 0.00521269254386425 0.00333544425666332 0.00305478367954493 0.00283629959449172 0.00273174117319286 0.0027252291329205 0.00261300336569548 0.00276739313267171 0.00305062951520085 0.00326153822243214 0.003256278578192 0.00343972584232688 0.00362894963473082 0.00366350542753935 0.00419141305610538 0.00458537973463535 0.00473144883289933
0.00101564091164619 0.00102163932751864 0.00324313412420452 0.00326803233474493 0.0032051766756922 0.00318082608282566 0.00360993552021682 0.00234292820096016 0.00243899109773338 0.00254381960257888 0.00248480541631579 0.00240128836594522 0.00235273712314665 0.00335409911349416 0.00342749548144639 0.00323632848449051 0.00321386964060366 0.00318179628811777 0.00277693755924702 0.00308769941329956 0.00288826273754239 0.00315856095403433 0.00353114306926727 0.00430458970367908 0.00505487341433764 0.0054617915302515 0.00542376795783639 0.00519488891586661 0.00337534165009856 0.0051228366792202 0.0046814102679491 0.00300192483700812 0.00296893413178623 0.00274862139485776 0.00273851654492319 0.00268489541485906 0.0029356935992837 0.00280577782541513 0.00280940299853683 0.00308704236522317 0.00318411039188504 0.00388712459243834 0.00419140886515379 0.00422705104574561
0.000939094403292984 0.00139121920801699 0.00304543133825064 0.00314106745645404 0.00302627612836659 0.00308399088680744 0.00332028931006789 0.00225427420809865 0.00332998367957771 0.00333363679237664 0.00349567434750497 0.00361898471601307 0.003489836351946 0.00328024639748037 0.00336792273446918 0.0032871593721211 0.00349359423853457 0.0032732542604208 0.0024298329371959 0.00264830724336207 0.0027597073931247 0.00307050906121731 0.003612618194893 0.00400663400068879 0.00483793020248413 0.00500153051689267 0.00562644517049193 0.00598541647195816 0.00603830302134156 0.00561582064256072 0.00351806590333581 0.00331549462862313 0.00286097335629165 0.0028148761484772 0.00275950040668249 0.00262257317081094 0.00271821254864335 0.00246681505814195 0.00251520937308669 0.00279087503440678 0.00305453664623201 0.0033355513587594 0.00356301409192383 0.00421921443194151
0.00095691008027643 0.00295702880248427 0.00294800568372011 0.00285270647145808 0.00285974680446088 0.0029008409474045 0.00317910546436906 0.00317288027144969 0.00311842886731029 0.0030823212582618 0.00296543072909117 0.00341963837854564 0.00343018886633217 0.00342350802384317 0.00323110865429044 0.00306720961816609 0.00330555043183267 0.00372483697719872 0.00282148621045053 0.00239244592376053 0.00263708434067667 0.00322175119072199 0.00369185046292841 0.00408579735085368 0.00465257978066802 0.00531605444848537 0.00559483328834176 0.00592968706041574 0.00620109867304564 0.00575901009142399 0.00334927439689636 0.00314557226374745 0.003095050342381 0.00289473007433116 0.00294587574899197 0.00273197866044939 0.00224700453691185 0.00214239209890366 0.00214642565697432 0.00256747030653059 0.00267736194655299 0.00319608650170267 0.00332843069918454 0.00403331499546766
0.00130850065033883 0.00292018917389214 0.00287333852611482 0.00278590084053576 0.00280810263939202 0.0026876125484705 0.00279164733365178 0.00293302675709128 0.00286952080205083 0.00293821189552546 0.00308571686036885 0.00333827454596758 0.0032345843501389 0.00345481582917273 0.00348168308846653 0.00363323371857405 0.00321128801442683 0.00296503352001309 0.00322797941043973 0.00366166094318032 0.00276402966119349 0.00319960853084922 0.00359122781082988 0.00408033281564713 0.00475689209997654 0.00538913486525416 0.00592254195362329 0.00579319708049297 0.00580932386219501 0.00521746976301074 0.00475658010691404 0.00303632440045476 0.00296990294009447 0.00295187323354185 0.00270192255266011 0.00264679989777505 0.00215776730328798 0.00195015512872487 0.00198448123410344 0.00231029116548598 0.00235402211546898 0.00256624259054661 0.00294983177445829 0.00365662830881774
0.00283100106753409 0.00270617729984224 0.00264754216186702 0.00265283975750208 0.00259822118096054 0.00241871317848563 0.00249762763269246 0.00246004038490355 0.00271136616356671 0.00270094978623092 0.00276001775637269 0.00267635774798691 0.0030832183547318 0.00309493532404304 0.00327646895311773 0.00356227112933993 0.00345707172527909 0.00324656441807747 0.00320318038575351 0.0033715320751071 0.00307065807282925 0.00336509221233428 0.00367563823238015 0.00402848748490214 0.00455987965688109 0.00510359182953835 0.00541512668132782 0.00580346351489425 0.00544555205851793 0.00492012407630682 0.00436981022357941 0.0027633560821414 0.0027850940823555 0.00276650232262909 0.00245909625664353 0.00211884686723351 0.00214442424476147 0.00199024192988873 0.00202934793196619 0.00196300796233118 0.00211533112451434 0.00222486653365195 0.00278684520162642 0.00323537737131119
0.00273795868270099 0.00273531512357295 0.00267831096425653 0.00252115773037076 0.00255019078031182 0.00231890892609954 0.00233724596910179 0.00233525666408241 0.00269008660688996 0.00276663457043469 0.00265356036834419 0.00261991447769105 0.0026733863633126 0.00310785742476583 0.00316852261312306 0.00338429887779057 0.00341888982802629 0.00341783161275089 0.00331581593491137 0.00356272514909506 0.00388603238388896 0.00394226470962167 0.00360527541488409 0.00405206950381398 0.00432961666956544 0.00485585303977132 0.0052116927690804 0.00533250207081437 0.00455897441133857 0.00445234403014183 0.00385188567452133 0.00243373471312225 0.00240493938326836 0.00234741321764886 0.00226479023694992 0.00232061394490302 0.00194495683535933 0.00188066007103771 0.00179325288627297 0.00170974887441844 0.00185955211054534 0.00200833985581994 0.00229284632951021 0.00260851415805519
0.00287766545079648 0.00268764514476061 0.00261461921036243 0.0026082054246217 0.00246110861189663 0.00236618937924504 0.0023523245472461 0.00224878778681159 0.00257059303112328 0.00261472421698272 0.00265023647807539 0.00258975476026535 0.0026025427505374 0.00272180256433785 0.0030748681165278 0.00340369436889887 0.0033857892267406 0.00339143048040569 0.00344080058857799 0.0035337635781616 0.00376636208966374 0.00390692660585046 0.00389662571251392 0.00429962715134025 0.00457985792309046 0.00473569007590413 0.00474958121776581 0.00452747521921992 0.00485311914235353 0.0042276126332581 0.00252733053639531 0.00240497710183263 0.00226500071585178 0.00229797093197703 0.00207284605130553 0.00216852407902479 0.00193306722212583 0.00186002999544144 0.00176956539507955 0.00161925726570189 0.00155177607666701 0.00157456623855978 0.00188188010361046 0.00211828993633389
0.00291669857688248 0.00264452490955591 0.00267013721168041 0.00255062570795417 0.00241503631696105 0.00239872839301825 0.0022527736146003 0.00224327482283115 0.00229364726692438 0.0024588534142822 0.00260032340884209 0.00264522689394653 0.00268743908964097 0.00268815783783793 0.00271644396707416 0.00340203568339348 0.00333351269364357 0.00343021657317877 0.003472262294963 0.00368462735787034 0.00377513328567147 0.0039317631162703 0.00429169507697225 0.00424484023824334 0.004300472792238 0.00457868259400129 0.00450094044208527 0.00466486485674977 0.00451548164710402 0.00265905749984086 0.00265126838348806 0.00241595832630992 0.00232492387294769 0.00239882036112249 0.00220769527368248 0.0021880988497287 0.00188350339885801 0.00166827731300145 0.00157566543202847 0.00150268815923482 0.00143525621388108 0.00144596584141254 0.00161678087897599 0.00205416884273291
0.0029982712585479 0.00269175856374204 0.0027293236926198 0.00328161893412471 0.00305530475452542 0.0024018136318773 0.0022776669356972 0.00221547554247081 0.00225525908172131 0.00219712406396866 0.00250050355680287 0.0025249095633626 0.002882010769099 0.00276049273088574 0.00283312937244773 0.00307748140767217 0.00346045102924109 0.00363924843259156 0.00371548999100924 0.0037344244774431 0.00388683727942407 0.00389054254628718 0.00402757711708546 0.00424200017005205 0.00435675447806716 0.00424746982753277 0.00427415687590837 0.00313941901549697 0.00302162277512252 0.00273353443481028 0.00260997144505382 0.0026667423080653 0.00282746902666986 0.00268299458548427 0.00216307584196329 0.00219352170825005 0.00208193040452898 0.00176340865436941 0.00140304700471461 0.00129654549527913 0.00131850491743535 0.00134808267466724 0.00135478260926902 0.00153387850150466
0.0031978168990463 0.00299812667071819 0.00304528791457415 0.00326894666068256 0.00322455796413124 0.00271730008535087 0.00236636190675199 0.00230839289724827 0.00220396439544857 0.00268428400158882 0.00263232365250587 0.00261563900858164 0.00282014114782214 0.00291888345964253 0.0029133316129446 0.00302402232773602 0.0036112992092967 0.00394429313018918 0.00425743358209729 0.00427045579999685 0.00430149678140879 0.0042387405410409 0.00417471956461668 0.00429279776290059 0.00420509744435549 0.00426109042018652 0.00313555216416717 0.0030699772760272 0.00300660845823586 0.0030346317216754 0.00285093113780022 0.00296418950892985 0.00298976199701428 0.00299226981587708 0.00274355919100344 0.00223765592090786 0.00219520833343267 0.00201908685266972 0.00159713870380074 0.00131473480723798 0.00123952049762011 0.00125300395302474 0.00128420593682677 0.00142272177617997
0.00314075266942382 0.00333645986393094 0.00312937540002167 0.00311174429953098 0.00307869887910783 0.00287069217301905 0.00249457824975252 0.00230134674347937 0.00232414691708982 0.00242055300623178 0.00271517154760659 0.00290630687959492 0.00323191680945456 0.00335843837819993 0.00315828737802804 0.00348227028734982 0.00416673021391034 0.00460562855005264 0.00445110583677888 0.00443931948393583 0.0045512281358242 0.00426282919943333 0.00426066340878606 0.00428239814937115 0.00414248323068023 0.0028501630295068 0.00271535199135542 0.00306954048573971 0.00295820576138794 0.00306858029216528 0.00307527557015419 0.00342759257182479 0.00334986415691674 0.00318307592533529 0.00320669845677912 0.00246769795194268 0.00212889816612005 0.0021240150090307 0.00151011347770691 0.00129081879276782 0.00118760101031512 0.00109435489866883 0.00128650909755379 0.00138688005972654
0.00314757274463773 0.00343790114857256 0.003356744768098 0.00316078262403607 0.0031457666773349 0.00281331315636635 0.0027525732293725 0.00255050091072917 0.00266650691628456 0.00296243745833635 0.00281949853524566 0.00292990147136152 0.00311558623798192 0.00334576959721744 0.00342467543669045 0.00362016027793288 0.00375752174295485 0.00449981447309256 0.0044704251922667 0.00450865179300308 0.00455215200781822 0.00446708919480443 0.00433363346382976 0.00442584743723273 0.00288000423461199 0.00283593661151826 0.0027449163608253 0.00287695229053497 0.00309599726460874 0.00319925509393215 0.0032809660769999 0.00377852702513337 0.00390394008718431 0.0041035134345293 0.00370024214498699 0.00347923557274044 0.00250210589729249 0.00222255359403789 0.00178512663114816 0.00135038199368864 0.00131544657051563 0.00134505506139249 0.00138337502721697 0.00133425206877291
0.00327501073479652 0.00359751773066819 0.00331613328307867 0.00325763085857034 0.00305477739311755 0.00303033506497741 0.00296070403419435 0.00291969766840339 0.00312041491270065 0.00309005076996982 0.00311490939930081 0.00324393156915903 0.00332882977090776 0.00338022783398628 0.00375662813894451 0.00390367629006505 0.00466547114774585 0.00480502238497138 0.00478312838822603 0.00482135452330112 0.00428346171975136 0.00487995939329267 0.0044045876711607 0.0030818753875792 0.00300768832676113 0.00284264073707163 0.00281260744668543 0.00289301038719714 0.00320140738040209 0.00346654513850808 0.00419974094256759 0.00426492281258106 0.0043533300049603 0.00458533549681306 0.00695410696789622 0.00354448007419705 0.00320781278423965 0.00302370404824615 0.00239529251120985 0.00193363288417459 0.00161498796660453 0.00162106554489583 0.00161830883007497 0.00141686690039933
0.00386163964867592 0.00367294019088149 0.00346165732480586 0.00342362280935049 0.0033984153997153 0.00354535412043333 0.00324690970592201 0.00369667378254235 0.00337397656403482 0.00338355870917439 0.00348326587118208 0.00361034180969 0.00369665282778442 0.00381579180248082 0.00471262633800507 0.00411418732255697 0.00453716609627008 0.00504884496331215 0.00499334093183279 0.00531186582520604 0.00508509436622262 0.00520682567730546 0.00330064375884831 0.00327915046364069 0.00311039132066071 0.00293753505684435 0.00308185676112771 0.00298631703481078 0.00366523815318942 0.00418037688359618 0.00458145467564464 0.00479132123291492 0.0050987028516829 0.00872673746198416 0.00876450072973967 0.00441145012155175 0.00374010042287409 0.00302946008741856 0.00274009443819523 0.00246777175925672 0.00227064709179103 0.00192098598927259 0.00189358741044998 0.00169915100559592
0.00435232557356358 0.0041621308773756 0.00383811956271529 0.00383724831044674 0.00455347076058388 0.00463215494528413 0.00411545252427459 0.00471718097105622 0.00392781011760235 0.00395821267738938 0.00368675449863076 0.0038461007643491 0.00416908971965313 0.00506142666563392 0.00497394660487771 0.00535882823169231 0.00526632368564606 0.00548316026106477 0.00562411453574896 0.00552287558093667 0.00529213575646281 0.00543500063940883 0.0033921948634088 0.00328625063411891 0.00319792330265045 0.00314495991915464 0.00308310519903898 0.00365843274630606 0.0041764359921217 0.00494526699185371 0.00517085194587708 0.00491903349757195 0.00592037197202444 0.00578674674034119 0.00829444918781519 0.00489916047081351 0.00407613022252917 0.00351424445398152 0.00339645124040544 0.00320337293669581 0.002859614090994 0.00242463010363281 0.00222428678534925 0.00189813831821084
