data/climate_estimation/maxent_output/Androcymbium_ciliolatum.asc
NCOLS 97 
NROWS 55 
XLLCORNER 17.1666666666667 
YLLCORNER -33.5 
CELLSIZE 0.0833333333333333 
NODATA_value -3.4e+38 
[rows 0 to 19 of 55, columns 45 to 89 of 97]
0.0441252999007702 0.0362065620720387 0.0363435633480549 0.0335684716701508 0.0448293872177601 0.0418318919837475 0.0389491356909275 0.0336574837565422 0.0328268185257912 0.0334813296794891 0.0412738770246506 0.0383850187063217 0.024971105158329 0.0252139084041119 0.0236656535416842 0.0253281611949205 0.0314988680183887 0.0307197719812393 0.0310445707291365 0.0327179320156574 0.0419717468321323 0.0448307730257511 0.0452037788927555 0.0498143024742603 0.0414940789341927 0.0399877391755581 0.0384067669510841 0.0351324789226055 0.0308613199740648 0.0284180510789156 0.0252579692751169 0.0227712672203779 0.0111351357772946 0.00888874195516109 0.00787828024476767 0.00992845837026834 0.00930269807577133 0.0182855743914843 0.0194146055728197 0.0194315481930971 0.0190210416913033 0.0192179605364799 0.0228469632565975 0.0140464268624783 0.0147201605141163
0.0426284484565258 0.037604033946991 0.0345925949513912 0.0455918870866299 0.0310622528195381 0.0300148073583841 0.0351798720657825 0.0320076383650303 0.0318277925252914 0.0418867506086826 0.0371658876538277 0.0377760641276836 0.033587072044611 0.031600296497345 0.0318254195153713 0.0308899953961372 0.0281606819480658 0.0289528593420982 0.0289646349847317 0.0365044586360455 0.0401182994246483 0.0436418987810612 0.0455086715519428 0.0479367673397064 0.0503892786800861 0.0375951863825321 0.033558938652277 0.0450029037892818 0.0286588985472918 0.0275760404765606 0.0252981055527925 0.0201998632401228 0.00991110783070326 0.00798389688134193 0.00738007389008999 0.00951575860381126 0.0100113358348608 0.0164997633546591 0.0133743779733777 0.0209557320922613 0.026868149638176 0.0173308346420527 0.0274234004318714 0.016202325001359 0.0122417379170656
0.0402726717293262 0.035468690097332 0.0463519208133221 0.0449778996407986 0.0287197977304459 0.0267374310642481 0.0356755182147026 0.0323239117860794 0.0315446369349957 0.0384924113750458 0.0354773737490177 0.035437498241663 0.0318699963390827 0.0294240396469831 0.0293716806918383 0.0283974632620811 0.0278833769261837 0.0281337555497885 0.0356952957808971 0.0347152911126614 0.0366219840943813 0.0412079691886902 0.0410000868141651 0.0607101023197174 0.0619832277297974 0.0439650788903236 0.032381109893322 0.0418818183243275 0.0384418331086636 0.0246600266546011 0.0205472856760025 0.0178365632891655 0.0104251392185688 0.00872886087745428 0.00821398571133614 0.0113204447552562 0.0110877538099885 0.0144104734063148 0.0153506016358733 0.0271839164197445 0.0188051927834749 0.0191623754799366 0.0225758999586105 0.0247597750276327 0.0211855750530958
0.034670390188694 0.0459628812968731 0.0429948158562183 0.038920845836401 0.0270923282951117 0.0266598779708147 0.034308847039938 0.0317455418407917 0.0292563028633595 0.0381016917526722 0.0336380302906036 0.0320103466510773 0.0314491614699364 0.0291782803833485 0.0281116850674152 0.0261152982711792 0.0256844591349363 0.0392335690557957 0.0322047509253025 0.0313487909734249 0.0350087396800518 0.0367821119725704 0.0539642721414566 0.0550494827330112 0.0571225546300411 0.0393505692481995 0.0455834753811359 0.0412988886237144 0.0348592773079872 0.0220030192285776 0.0315924845635891 0.0257597211748362 0.0154320122674108 0.0127644613385201 0.0125706139951944 0.0130310105159879 0.0134073477238417 0.0178504474461079 0.0180369634181261 0.0201921965926886 0.0197079032659531 0.0223911665380001 0.0209417436271906 0.0209474749863148 0.0241370033472776
0.0472816340625286 0.0453565418720245 0.0407291129231453 0.038033913820982 0.0360100753605366 0.0249260161072016 0.0328934341669083 0.0299701020121574 0.0288675334304571 0.034810233861208 0.0492986068129539 0.0441221110522747 0.0422269105911255 0.0413824059069157 0.0262702312320471 0.0254939645528793 0.0344495214521885 0.0346526652574539 0.0353038646280766 0.0303522013127804 0.045051284134388 0.0466636046767235 0.047556035220623 0.0544282160699368 0.0518410950899124 0.0523456111550331 0.0515268184244633 0.0410397388041019 0.037448812276125 0.0368191637098789 0.0318809263408184 0.0308017525821924 0.0183082912117243 0.0154790105298162 0.0142543846741319 0.0142823653295636 0.0187459960579872 0.0196525640785694 0.0225506592541933 0.0213830359280109 0.019337160512805 0.0202933866530657 0.0215689558535814 0.0218203030526638 0.0179335791617632
0.0292353890836239 0.0295021198689938 0.036185797303915 0.0379167832434177 0.0249630622565746 0.0236471407115459 0.0298844072967768 0.0422606095671654 0.0403164587914944 0.0453172586858273 0.0445717498660088 0.0290236603468657 0.0356638990342617 0.0381961055099964 0.0375134833157063 0.0349455438554287 0.0338891111314297 0.0320413745939732 0.0321172252297401 0.0329873077571392 0.0296152178198099 0.0422835983335972 0.0470494069159031 0.0471936725080013 0.0447729155421257 0.0373541638255119 0.0381003059446812 0.0508082881569862 0.0531991347670555 0.048429548740387 0.0446828566491604 0.0283185169100761 0.0251842327415943 0.0181513987481594 0.0164056774228811 0.0206464771181345 0.0213108062744141 0.0214069187641144 0.0205982383340597 0.0221134386956692 0.0222842432558537 0.0187294352799654 0.017461845651269 0.0203477293252945 0.0190158076584339
0.0316585078835487 0.0282912403345108 0.0271354280412197 0.0365884900093079 0.0250119138509035 0.0227622613310814 0.0420284196734428 0.0379951782524586 0.0360767878592014 0.0495058447122574 0.0411697290837765 0.0284879691898823 0.0347656793892384 0.0319405049085617 0.0371590591967106 0.0330353416502476 0.0305518731474876 0.0398008525371552 0.0399889722466469 0.0287481751292944 0.0383282564580441 0.0404356569051743 0.0448787286877632 0.0408850871026516 0.0341949872672558 0.0345447361469269 0.0382770374417305 0.0527830719947815 0.0535851456224918 0.0532204583287239 0.0507212840020657 0.0325318053364754 0.0289888828992844 0.0252735950052738 0.0240769274532795 0.0233247112482786 0.0220791641622782 0.0219426341354847 0.0199111048132181 0.0185447260737419 0.0192245524376631 0.0169434547424316 0.0175500605255365 0.0172558110207319 0.0175441149622202
0.0312748104333878 0.0294087007641792 0.0255701839923859 0.0253022853285074 0.0238801594823599 0.0424390360713005 0.0402966029942036 0.037596732378006 0.0350371785461903 0.0470501519739628 0.0277408212423325 0.0286090318113565 0.0321101173758507 0.0314932018518448 0.028552208095789 0.0282002836465836 0.0393705070018768 0.0373503863811493 0.035039808601141 0.0340808257460594 0.0336724631488323 0.0255295597016811 0.0278559979051352 0.0284247230738401 0.0314951352775097 0.033370528370142 0.040062602609396 0.0534828379750252 0.05781090259552 0.0592298470437527 0.0532561466097832 0.0346286781132221 0.0482502840459347 0.0429184436798096 0.0274170823395252 0.0259207356721163 0.021135238930583 0.021129060536623 0.0207324959337711 0.0168101694434881 0.0154858306050301 0.0150038544088602 0.0153676904737949 0.017182182520628 0.0186295937746763
0.0277639161795378 0.0273011978715658 0.0260655246675014 0.0234521329402924 0.032152134925127 0.0404640138149261 0.0393423996865749 0.0355657674372196 0.0360525362193584 0.0413733348250389 0.0283015351742506 0.0391234531998634 0.0386303886771202 0.0436090975999832 0.0422039441764355 0.0404137559235096 0.037695650011301 0.0387146659195423 0.0367567464709282 0.0363925844430923 0.0326441787183285 0.022417088970542 0.0252770911902189 0.0268838703632355 0.0303289145231247 0.036313459277153 0.0415476895868778 0.0484601408243179 0.0494807660579681 0.0626917332410812 0.0610633529722691 0.0606622509658337 0.055963721126318 0.0306133572012186 0.0279743131250143 0.0236415266990662 0.0213621333241463 0.0222846176475286 0.0175661128014326 0.0175046548247337 0.0139861367642879 0.0139758447185159 0.0138876177370548 0.0156201841309667 0.0145854772999883
0.0289528947323561 0.0263435635715723 0.024845601990819 0.0225604455918074 0.0422209724783897 0.0365008786320686 0.0360039919614792 0.0357907935976982 0.0328165329992771 0.0423125103116035 0.0371400974690914 0.0393096245825291 0.0361580289900303 0.0332403667271137 0.0413154698908329 0.0394363105297089 0.0391735024750233 0.0353359095752239 0.0330634862184525 0.0342225655913353 0.0365013256669044 0.0295883752405643 0.0235353205353022 0.0263459831476212 0.0320345237851143 0.0373392663896084 0.0437189377844334 0.0498080737888813 0.0572335347533226 0.0578518845140934 0.0612876787781715 0.0567615628242493 0.0543849132955074 0.0328983850777149 0.0297956392168999 0.0205314159393311 0.0202268324792385 0.0182686913758516 0.0163788869976997 0.0125208636745811 0.0119848567992449 0.0118324821814895 0.012875160202384 0.013273760676384 0.0148753970861435
0.0316075906157494 0.0317461155354977 0.0326948687434196 0.0329132340848446 0.0407916121184826 0.0392886362969875 0.0364642031490803 0.0359686464071274 0.0322660207748413 0.0318113677203655 0.0395020581781864 0.0353799536824226 0.0352524667978287 0.0362056568264961 0.0412972383201122 0.0378003567457199 0.0381750799715519 0.0396198332309723 0.0383533388376236 0.0343213975429535 0.0332584045827389 0.0338785424828529 0.0383512601256371 0.0276398994028568 0.0337642394006252 0.0385749228298664 0.0438551753759384 0.0516390167176723 0.0592320673167706 0.0547527596354485 0.0565795302391052 0.0545547120273113 0.0521439611911774 0.0406934954226017 0.0250020883977413 0.0237689446657896 0.0190515909343958 0.0174492355436087 0.0172498244792223 0.0133022265508771 0.0105554591864347 0.0115063153207302 0.0120612708851695 0.0129623934626579 0.0140257887542248
0.0441464744508266 0.0481766723096371 0.0444057136774063 0.0421441718935966 0.0349437035620213 0.0369512289762497 0.0359808728098869 0.0339691489934921 0.0297366119921207 0.0302030127495527 0.0278995595872402 0.0350923240184784 0.0340045690536499 0.0313658267259598 0.030099643394351 0.036851029843092 0.0365383662283421 0.0331662110984325 0.0381809808313847 0.0368337668478489 0.0361119359731674 0.0358520671725273 0.0356972739100456 0.0302848909050226 0.034441877156496 0.0400508977472782 0.0438227616250515 0.0500480309128761 0.0563915930688381 0.0513795800507069 0.0580633245408535 0.0541974864900112 0.0435676872730255 0.0342731550335884 0.0232970863580704 0.0187340267002583 0.0185826029628515 0.0155962789431214 0.0120300510898232 0.0130275087431073 0.0121798282489181 0.00994959753006697 0.00919025857001543 0.0109227327629924 0.0110508119687438
0.0425445102155209 0.0403038077056408 0.0415515713393688 0.0410332717001438 0.0407916493713856 0.0348021015524864 0.0352890230715275 0.0333805419504642 0.0286485850811005 0.0286655239760876 0.0269489958882332 0.0355811305344105 0.0356451719999313 0.0332906432449818 0.0298662781715393 0.0300594605505466 0.0374078527092934 0.0372523292899132 0.0376158058643341 0.0372182913124561 0.0370095483958721 0.036330621689558 0.0403464324772358 0.0419532619416714 0.045284278690815 0.0397280938923359 0.0452113747596741 0.0479947850108147 0.0515425987541676 0.0502811148762703 0.0552764497697353 0.046361219137907 0.0420598313212395 0.0286265462636948 0.0193153582513332 0.0167646203190088 0.0143515486270189 0.0147366942837834 0.0119996648281813 0.0108472397550941 0.00887283030897379 0.00757500249892473 0.00755866011604667 0.00871679373085499 0.0103851435706019
0.0344126969575882 0.0355624184012413 0.041938953101635 0.0417908914387226 0.0401384048163891 0.033816397190094 0.0367474220693111 0.029032401740551 0.0291051156818867 0.0291443970054388 0.0264760293066502 0.0314575508236885 0.0342412106692791 0.032751202583313 0.0306997187435627 0.0300542563199997 0.0296068470925093 0.0367899313569069 0.0395236536860466 0.0374858677387238 0.0391600169241428 0.0398436859250069 0.0385315269231796 0.0433473363518715 0.0458595268428326 0.0467617996037006 0.052047360688448 0.0455691404640675 0.0474080517888069 0.0518001616001129 0.0526847876608372 0.042973168194294 0.0352969318628311 0.0229874923825264 0.018959105014801 0.0142778605222702 0.0148607157170773 0.0118949273601174 0.0104998759925365 0.00846461672335863 0.00834670383483171 0.00781495869159698 0.00665756221860647 0.00599835766479373 0.00618393253535032
0.0263517815619707 0.0307968501001596 0.042984914034605 0.0423155501484871 0.0375976040959358 0.0364465191960335 0.0345260351896286 0.0267937984317541 0.0308231804519892 0.0284432880580425 0.026887908577919 0.0273622069507837 0.0300783570855856 0.0330776125192642 0.0328637026250362 0.0315461941063404 0.0309760849922895 0.0292467344552279 0.0405989661812782 0.0376743637025356 0.0387958027422428 0.0393654033541679 0.0418488308787346 0.0430778786540031 0.0464872531592846 0.0510860607028008 0.0513061992824078 0.0521012097597122 0.0451998524367809 0.0470953173935413 0.042984277009964 0.0465186983346939 0.0239629466086626 0.02344761043787 0.0164772067219019 0.0142564941197634 0.0133549571037292 0.0112013313919306 0.0111775808036327 0.00859737489372492 0.00691012432798743 0.0052803885191679 0.00486371666193008 0.00436327094212174 0.00529152201488614
0.0296718869358301 0.0223401188850403 0.0285809226334095 0.0433297865092754 0.0337810777127743 0.0272837821394205 0.0421730428934097 0.0397322252392769 0.0308872070163488 0.0292286276817322 0.0267030224204063 0.0262916479259729 0.0247802138328552 0.0322594009339809 0.0319460034370422 0.0340086072683334 0.0322972759604454 0.032422948628664 0.0331283286213875 0.041851133108139 0.0376909822225571 0.0363290198147297 0.0449908673763275 0.0419227220118046 0.0444733686745167 0.0465253777801991 0.0496695898473263 0.0508208870887756 0.0404017493128777 0.0465570725500584 0.0308123081922531 0.0294344294816256 0.0225242935121059 0.0235465839505196 0.0237301643937826 0.0181410852819681 0.0153597164899111 0.0103821912780404 0.0110565153881907 0.00850883964449167 0.00625791260972619 0.00470859976485372 0.00381081062369049 0.0039807534776628 0.00423508603125811
0.0307370331138372 0.0359133705496788 0.0339414440095425 0.0363291464745998 0.0360993444919586 0.0348291806876659 0.0385322421789169 0.0382315665483475 0.0344720594584942 0.0276558585464954 0.0257509965449572 0.0258252453058958 0.0361611023545265 0.0310692694038153 0.0324070751667023 0.0322327315807343 0.0331378690898418 0.0337052196264267 0.0325883068144321 0.0422836653888226 0.0405977852642536 0.0473570115864277 0.0440201871097088 0.0445834472775459 0.044200923293829 0.0479345619678497 0.0458495616912842 0.0485395565629005 0.042781438678503 0.0339987725019455 0.0275331009179354 0.0269829444587231 0.0270418412983418 0.0252119433134794 0.0182363782078028 0.0187743362039328 0.0171216018497944 0.0121943922713399 0.00882657337933779 0.00828800536692142 0.00547270802780986 0.00457580015063286 0.00335365370847285 0.00393841601908207 0.00415238831192255
0.0318731218576431 0.0381470061838627 0.0356311798095703 0.0354298204183578 0.0476024448871613 0.035978376865387 0.0455060079693794 0.0364883281290531 0.0312010012567043 0.0252762585878372 0.024838900193572 0.0272936560213566 0.0275298282504082 0.0348479971289635 0.0358016900718212 0.036786176264286 0.037146981805563 0.0346849821507931 0.0363791845738888 0.0483481325209141 0.049669411033392 0.0454253032803535 0.0456884875893593 0.0402833595871925 0.0510723367333412 0.0500848926603794 0.045352429151535 0.0477179624140263 0.0325048193335533 0.029261888936162 0.0334409400820732 0.0260651241987944 0.0291503127664328 0.0292263794690371 0.0213180724531412 0.0186288096010685 0.01445999648422 0.014933530241251 0.00966400559991598 0.0074695167131722 0.00452249636873603 0.00366718834266067 0.00312054227106273 0.00332888937555254 0.00313167157582939
0.0287068597972393 0.0293169021606445 0.0445988886058331 0.0323128774762154 0.0489085502922535 0.0407276973128319 0.0461885929107666 0.0460959784686565 0.0414123944938183 0.040351640433073 0.0274953357875347 0.036732941865921 0.0351798012852669 0.0351488590240479 0.0355124063789845 0.036188181489706 0.0378291942179203 0.0378890670835972 0.0375773422420025 0.038604348897934 0.051570575684309 0.0497735030949116 0.0478835292160511 0.0455584526062012 0.0518346503376961 0.0506503954529762 0.0486593022942543 0.0322044603526592 0.0321808867156506 0.0296329613775015 0.0310510098934174 0.0304855424910784 0.0260890107601881 0.0312946140766144 0.0246277675032616 0.0231363940984011 0.0189948584884405 0.015184280462563 0.0127730388194323 0.00722086476162076 0.00527695659548044 0.00466270698234439 0.00353824533522129 0.0031113272998482 0.00334068550728261
0.0377672947943211 0.0407780967652798 0.046034649014473 0.0335938669741154 0.0463764667510986 0.0403330400586128 0.0396352335810661 0.0445344261825085 0.0430585853755474 0.0376838408410549 0.0389480628073215 0.038994338363409 0.0385437421500683 0.0385543070733547 0.0379712097346783 0.0370485410094261 0.0381440371274948 0.040022574365139 0.0403979569673538 0.0520959757268429 0.0432554632425308 0.0529680214822292 0.050476785749197 0.0375798419117928 0.051877073943615 0.041597992181778 0.0316185653209686 0.0339124798774719 0.0307931490242481 0.0302440170198679 0.0298245046287775 0.0317256860435009 0.0259863324463367 0.029421541839838 0.0283245909959078 0.0311772041022778 0.0239484030753374 0.0329876281321049 0.0148505391553044 0.00935476087033749 0.00564919225871563 0.00543227791786194 0.00426719104871154 0.00384115404449403 0.00394709454849362
