data/climate_estimation/maxent_output/Androcymbium_exiguum.asc
NCOLS 30 
NROWS 110 
XLLCORNER 16.3333333333333 
YLLCORNER -30.9166666666667 
CELLSIZE 0.0833333333333333 
NODATA_value -3.4e+38 
[rows 62 to 92 of 110, columns 0 to 29 of 30]
0.900171875953674 0.807989776134491 0.59071159362793 0.513669490814209 0.368092209100723 0.203732848167419 0.20904204249382 0.122270666062832 0.090222641825676 0.119058109819889 0.10518990457058 0.0609533078968525 0.0495072230696678 0.0212610941380262 0.0296444185078144 0.0253284592181444 0.0146596999838948 0.0102225886657834 0.0113333975896239 0.0163236781954765 0.0127695789560676 0.0108185037970543 0.0148620149120688 0.012745144777 0.0107713788747787 0.00921872071921825 0.00908856745809317 0.00899186357855797 0.0115730911493301 0.0133539447560906
0.943158686161041 0.896806955337524 0.736293017864227 0.579753637313843 0.436688750982285 0.338930130004883 0.237771451473236 0.220889836549759 0.184649869799614 0.181800469756126 0.0760123059153557 0.102659568190575 0.0578072220087051 0.0481099933385849 0.0203725900501013 0.0277263596653938 0.0162077769637108 0.0134972045198083 0.00961524993181229 0.0177661385387182 0.0125800464302301 0.01551001239568 0.0107299340888858 0.018268033862114 0.0157389882951975 0.0146573800593615 0.0166640896350145 0.0155705297365785 0.0155851859599352 0.0154071673750877
0.970929443836212 0.940239489078522 0.844598650932312 0.724392533302307 0.521130979061127 0.44752761721611 0.363347798585892 0.302201509475708 0.236983314156532 0.139248788356781 0.140953540802002 0.0787186771631241 0.0847571790218353 0.0582937449216843 0.0530338734388351 0.0174675583839417 0.0135359670966864 0.0125493761152029 0.0189538598060608 0.0147621389478445 0.01804662309587 0.026590483263135 0.0165715292096138 0.0155758634209633 0.0172952376306057 0.0158882215619087 0.0156250465661287 0.0140225859358907 0.0199737399816513 0.0151480818167329
0.990634143352509 0.9667729139328 0.926114618778229 0.867052018642426 0.734481334686279 0.501761913299561 0.493665963411331 0.388861298561096 0.272566705942154 0.240098655223846 0.180587589740753 0.142022386193275 0.114975966513157 0.0440216585993767 0.0398306846618652 0.0392485447227955 0.0192960910499096 0.00964056514203548 0.0193961542099714 0.0110560646280646 0.0147331738844514 0.0271327644586563 0.0207574144005775 0.0129435127601027 0.0103638889268041 0.0174706466495991 0.0125933662056923 0.016033248975873 0.0160747114568949 0.0230346210300922
0.989334881305695 0.989652991294861 0.976841747760773 0.907367885112762 0.837794721126556 0.709840536117554 0.544895172119141 0.470858693122864 0.413563936948776 0.236052945256233 0.230198830366135 0.190134510397911 0.112509556114674 0.0602347441017628 0.0708475932478905 0.0514903739094734 0.0440391004085541 0.0221814829856157 0.0131854712963104 0.0144444676116109 0.0379982702434063 0.022133432328701 0.015258508734405 0.0138080101460218 0.0119916656985879 0.0144936069846153 0.010308900848031 0.0208571199327707 0.0252750087529421 0.0201421286910772
0.994371056556702 0.993361234664917 0.98850017786026 0.963943123817444 0.950986921787262 0.829598963260651 0.649297297000885 0.601750254631042 0.504716455936432 0.400769174098969 0.323508054018021 0.164198577404022 0.193293690681458 0.10404971987009 0.0898813232779503 0.0646414905786514 0.044596966356039 0.0292216129601002 0.0179379917681217 0.026204502210021 0.0333355441689491 0.0172999799251556 0.0191428624093533 0.0162552669644356 0.0169122833758593 0.0183680802583694 0.0145527245476842 0.0241258330643177 0.0192449484020472 0.013640359044075
0.996286869049072 0.993103861808777 0.990370392799377 0.973645746707916 0.971544921398163 0.900452315807343 0.725707471370697 0.674209833145142 0.677293360233307 0.520286440849304 0.376735955476761 0.288147956132889 0.225906357169151 0.13071483373642 0.0741592794656754 0.109460659325123 0.0447750240564346 0.0374531634151936 0.0250496827065945 0.0309317819774151 0.0214779321104288 0.0295367985963821 0.0216965544968843 0.0128803020343184 0.0152136022225022 0.013981862924993 0.0161319468170404 0.0194574277848005 0.0220391098409891 0.0196247547864914
0.998425960540771 0.995499968528748 0.992847681045532 0.986688852310181 0.97738915681839 0.938901543617249 0.844339370727539 0.699811339378357 0.671384871006012 0.642699956893921 0.475438684225082 0.322666317224503 0.204621449112892 0.226331159472466 0.123822428286076 0.111266665160656 0.0859514176845551 0.0502665378153324 0.0501136966049671 0.0346610583364964 0.0420993641018867 0.0299550872296095 0.0195487532764673 0.023562703281641 0.0179118122905493 0.017761617898941 0.0172872524708509 0.0152890142053366 0.0163092408329248 0.012350982055068
0.996569931507111 0.997143566608429 0.994418978691101 0.988284170627594 0.978897929191589 0.950539827346802 0.886771857738495 0.773053526878357 0.730164289474487 0.645706236362457 0.537330269813538 0.45292329788208 0.278569936752319 0.261952430009842 0.187538906931877 0.144714862108231 0.0933382958173752 0.0774311497807503 0.0588351413607597 0.0547062903642654 0.0394286923110485 0.0444138906896114 0.0341481007635593 0.023738332092762 0.0223770216107368 0.0197513811290264 0.0217199455946684 0.0171628184616566 0.0166627056896687 0.0102238617837429
0.998771965503693 0.997157752513885 0.996819853782654 0.990342319011688 0.986765027046204 0.964490115642548 0.919463813304901 0.87905353307724 0.79932576417923 0.676579773426056 0.573691427707672 0.516280353069305 0.352500766515732 0.253100603818893 0.188245534896851 0.150483623147011 0.0845511555671692 0.109212607145309 0.0720775946974754 0.0523929670453072 0.050424799323082 0.0554316006600857 0.0289311874657869 0.0241989884525537 0.0210265107452869 0.0144289266318083 0.0121230371296406 0.0171766970306635 0.0153192980214953 0.0128310564905405
0.998663604259491 0.998522698879242 0.996724784374237 0.994336009025574 0.991396009922028 0.964020907878876 0.94224750995636 0.869113802909851 0.86928391456604 0.775314211845398 0.68449878692627 0.569487631320953 0.477877050638199 0.28619858622551 0.315067440271378 0.181618332862854 0.101613841950893 0.102129355072975 0.0838024318218231 0.0895451381802559 0.0525033995509148 0.0362501554191113 0.0288391914218664 0.0266146417707205 0.016102796420455 0.0209834016859531 0.014019500464201 0.0149499392136931 0.0185662470757961 0.0198326054960489
0.998357057571411 0.999264240264893 0.998256802558899 0.99825519323349 0.995495021343231 0.989948987960815 0.982043385505676 0.95364773273468 0.947166323661804 0.875567018985748 0.756108999252319 0.696760594844818 0.584412634372711 0.459520041942596 0.386554211378098 0.20268377661705 0.181421279907227 0.152920678257942 0.0873733386397362 0.0970684364438057 0.056741077452898 0.0417450331151485 0.0311664696782827 0.0294464305043221 0.0245338156819344 0.0146414088085294 0.0207415316253901 0.0107885375618935 0.0151495924219489 0.0119592444971204
0.998327195644379 0.999427258968353 0.998898863792419 0.995823383331299 0.997003018856049 0.99621319770813 0.993346691131592 0.980708241462708 0.954625189304352 0.901719391345978 0.832392752170563 0.827816903591156 0.584700345993042 0.430074512958527 0.35948845744133 0.284561544656754 0.249548181891441 0.179243206977844 0.113333754241467 0.0726635754108429 0.0557925291359425 0.0525382421910763 0.0353420153260231 0.0359029434621334 0.0251577440649271 0.0191385392099619 0.0166452918201685 0.0124829355627298 0.0183512680232525 0.0135961454361677
0.999796271324158 0.999038994312286 0.999532759189606 0.997725546360016 0.994192659854889 0.996339976787567 0.985985815525055 0.985092759132385 0.986119747161865 0.970681965351105 0.924723148345947 0.889308750629425 0.742248177528381 0.543484449386597 0.525968730449677 0.41499537229538 0.297983407974243 0.218177333474159 0.145072534680367 0.0789452195167542 0.0912342518568039 0.0615836568176746 0.0583768934011459 0.0456600040197372 0.0308268945664167 0.025106105953455 0.0164093729108572 0.014820852316916 0.0192804615944624 0.0162208154797554
0.999528884887695 0.999213993549347 0.999178171157837 0.999399721622467 0.99911504983902 0.997280418872833 0.998720586299896 0.993417799472809 0.987976372241974 0.965571045875549 0.961983621120453 0.912294507026672 0.79143226146698 0.643200218677521 0.480978637933731 0.461770623922348 0.300657421350479 0.250825971364975 0.135404452681541 0.142732411623001 0.0876172408461571 0.0764296725392342 0.0843749791383743 0.0629230663180351 0.0428818687796593 0.0392844676971436 0.0239893551915884 0.0201355032622814 0.0149411512538791 0.0123666189610958
0.999375820159912 0.999341547489166 0.999198436737061 0.999172806739807 0.999083459377289 0.999118685722351 0.997868716716766 0.994216620922089 0.99031400680542 0.983951508998871 0.967617094516754 0.920594453811646 0.85463947057724 0.732075154781342 0.589546024799347 0.542445480823517 0.401991933584213 0.260497152805328 0.20015475153923 0.114245817065239 0.101998850703239 0.0677112936973572 0.075610063970089 0.0502622649073601 0.0328988134860992 0.0352257639169693 0.0333668366074562 0.0266269035637379 0.0203180070966482 0.0191523935645819
0.996329963207245 0.99947327375412 0.999262809753418 0.999093592166901 0.998999416828156 0.998853266239166 0.997621715068817 0.995372891426086 0.985665321350098 0.989933550357819 0.97771281003952 0.951576173305511 0.879303336143494 0.84868049621582 0.696551918983459 0.562170088291168 0.453698813915253 0.337614387273788 0.230680420994759 0.182101011276245 0.110354140400887 0.0976799950003624 0.0839291512966156 0.0614694692194462 0.0581433400511742 0.0430532246828079 0.035058181732893 0.0303168650716543 0.0175525154918432 0.0212800074368715
0.995859086513519 0.999414563179016 0.999527931213379 0.999774694442749 0.998640477657318 0.998772144317627 0.99926084280014 0.995897710323334 0.986338973045349 0.979933798313141 0.98077517747879 0.953207612037659 0.931088089942932 0.853439509868622 0.706213355064392 0.64952689409256 0.50350821018219 0.397307068109512 0.225682646036148 0.149247884750366 0.139236658811569 0.087971918284893 0.0894485637545586 0.0564563199877739 0.0762799233198166 0.0429864563047886 0.0381445959210396 0.0334017537534237 0.0339933224022388 0.027782641351223
0.99599826335907 0.998648107051849 0.998825907707214 0.998944818973541 0.999438524246216 0.999097228050232 0.998657047748566 0.9949871301651 0.992057502269745 0.963371396064758 0.97066593170166 0.94957423210144 0.958014607429504 0.848465979099274 0.767386317253113 0.609624564647675 0.48294585943222 0.37686151266098 0.247006312012672 0.167472004890442 0.156670227646828 0.106632485985756 0.0926342159509659 0.0681716874241829 0.0636361315846443 0.0555629767477512 0.0393215343356133 0.0409756526350975 0.0253764726221561 0.0239263921976089
0.997742056846619 0.998421609401703 0.999328374862671 0.999140024185181 0.999497592449188 0.998625755310059 0.998242914676666 0.994713604450226 0.972696959972382 0.971897125244141 0.951214671134949 0.966870725154877 0.965862452983856 0.930245578289032 0.814060151576996 0.668319046497345 0.532690763473511 0.446977227926254 0.282600432634354 0.178586408495903 0.170051485300064 0.129565626382828 0.10502228140831 0.105845734477043 0.0676471367478371 0.0634137839078903 0.0376599282026291 0.0329321064054966 0.0287789981812239 0.0328967235982418
0.998662292957306 0.999155879020691 0.999375641345978 0.999328851699829 0.998708248138428 0.999199688434601 0.99827641248703 0.996866345405579 0.992291569709778 0.976752042770386 0.935569763183594 0.961319744586945 0.943890929222107 0.940899729728699 0.76451301574707 0.72283810377121 0.571134448051453 0.414713978767395 0.264086216688156 0.189510658383369 0.163599908351898 0.150525733828545 0.119975619018078 0.0892325192689896 0.080260694026947 0.0526402294635773 0.0345008671283722 0.0302846040576696 0.0328424908220768 0.0481386035680771
-3.4e+38 -3.4e+38 0.999126434326172 0.999417781829834 0.999362468719482 0.999340951442719 0.99940037727356 0.996909022331238 0.992501318454742 0.982304573059082 0.953991532325745 0.936079859733582 0.930689752101898 0.906701385974884 0.904862701892853 0.64931446313858 0.526233851909637 0.397368222475052 0.326527118682861 0.165289521217346 0.189842492341995 0.172403603792191 0.130969434976578 0.0866635963320732 0.0777980163693428 0.0609705932438374 0.0438886471092701 0.0431388989090919 0.0362355634570122 0.0370679348707199
-339999999999999996123846586046231871488.000000000000000 -3.4e+38 0.998653709888458 0.999682068824768 0.999179601669312 0.997807323932648 0.997138500213623 0.998917698860168 0.996899247169495 0.986714780330658 0.947722017765045 0.950117409229279 0.930101752281189 0.889695286750793 0.808150887489319 0.679456949234009 0.635818481445312 0.43857479095459 0.300770670175552 0.187802985310555 0.177040621638298 0.172829285264015 0.0866538807749748 0.0668502375483513 0.0407063625752926 0.0518656298518181 0.032671045511961 0.029498590156436 0.0186462495476007 0.0422393977642059
-3.4e+38 -3.4e+38 -3.4e+38 0.992927968502045 0.999234795570374 0.997724711894989 0.995896816253662 0.994369149208069 0.997595131397247 0.985701024532318 0.951804399490356 0.940415799617767 0.90175187587738 0.870205938816071 0.776530921459198 0.661762893199921 0.53410267829895 0.43732950091362 0.296724110841751 0.24724292755127 0.118246614933014 0.0719053894281387 0.0337925627827644 0.0236079674214125 0.0399520806968212 0.0424644462764263 0.0396851897239685 0.0344358384609222 0.0302843078970909 0.0287670288234949
-3.4e+38 -3.4e+38 -3.4e+38 -3.4e+38 0.99732518196106 0.996865630149841 0.998720109462738 0.997784912586212 0.996494352817535 0.981350243091583 0.973372280597687 0.950488090515137 0.887014746665955 0.806511640548706 0.783004581928253 0.650863885879517 0.540256917476654 0.454878032207489 0.366731822490692 0.209399908781052 0.1681899279356 0.0678973719477654 0.0449792295694351 0.0516231581568718 0.0523707307875156 0.0574490651488304 0.053240928798914 0.0851487368345261 0.0733327344059944 0.0591941885650158
-3.4e+38 -3.4e+38 -3.4e+38 -3.4e+38 0.99784243106842 0.996224522590637 0.997840881347656 0.99318653345108 0.993276059627533 0.98088926076889 0.960898458957672 0.969715654850006 0.893211841583252 0.818759143352509 0.711065113544464 0.634605407714844 0.551859676837921 0.449398577213287 0.36615514755249 0.278377652168274 0.153190910816193 0.0991457551717758 0.0682840049266815 0.0789650082588196 0.10515171289444 0.0533844940364361 0.106219977140427 0.104901909828186 0.103522330522537 0.0910457149147987
-3.4e+38 -3.4e+38 -3.4e+38 -3.4e+38 -3.4e+38 0.995167076587677 0.9973024725914 0.988464832305908 0.990556001663208 0.982319593429565 0.97728568315506 0.972703516483307 0.921249330043793 0.842407524585724 0.68400514125824 0.614957749843597 0.554116904735565 0.422895193099976 0.372412204742432 0.310982763767242 0.210583791136742 0.146058052778244 0.0887084007263184 0.0724730715155602 0.072834312915802 0.11350629478693 0.0566560663282871 0.126553535461426 0.12968398630619 0.108977749943733
-3.4e+38 -3.4e+38 -3.4e+38 -3.4e+38 -3.4e+38 -3.4e+38 0.980233490467072 0.986951231956482 0.987993597984314 0.988034725189209 0.971597909927368 0.932840943336487 0.929457724094391 0.831987679004669 0.729320824146271 0.604827463626862 0.507076978683472 0.452138721942902 0.392334938049316 0.344665557146072 0.274009585380554 0.238086551427841 0.169198036193848 0.114762350916862 0.0890430584549904 0.0787294879555702 0.144054532051086 0.134235456585884 0.138794854283333 0.119680650532246
-3.4e+38 -3.4e+38 -3.4e+38 -3.4e+38 -3.4e+38 -3.4e+38 0.991359889507294 0.991454005241394 0.978440761566162 0.989321947097778 0.982422828674316 0.942406475543976 0.906291365623474 0.853030979633331 0.697179853916168 0.587539494037628 0.465951949357986 0.394405514001846 0.353831678628922 0.338402152061462 0.286504715681076 0.26088747382164 0.199477791786194 0.158402875065804 0.141278296709061 0.126257091760635 0.104196056723595 0.0833841860294342 0.13868236541748 0.151064932346344
-3.4e+38 -3.4e+38 -3.4e+38 -3.4e+38 -3.4e+38 -3.4e+38 -3.4e+38 0.96793258190155 0.980359315872192 0.950289666652679 0.939830422401428 0.947141826152802 0.931542694568634 0.845135033130646 0.69355845451355 0.572435796260834 0.468977123498917 0.405353635549545 0.37525549530983 0.344258040189743 0.32804000377655 0.282607555389404 0.238290548324585 0.202647164463997 0.175997108221054 0.157958149909973 0.132557362318039 0.116340257227421 0.163032695651054 0.176139965653419
-3.4e+38 -3.4e+38 -3.4e+38 -3.4e+38 -3.4e+38 -3.4e+38 -3.4e+38 0.965938568115234 0.978945672512054 0.965445995330811 0.934342384338379 0.9050173163414 0.873937845230103 0.821855485439301 0.694368898868561 0.53807544708252 0.489661008119583 0.415825575590134 0.3443962931633 0.339014530181885 0.306438952684402 0.261203646659851 0.260963916778564 0.230808913707733 0.218859672546387 0.191454753279686 0.172580063343048 0.147267505526543 0.116813376545906 0.169392794370651
