data/climate_estimation/maxent_output/Androcymbium_eucomoides.asc
NCOLS 100 
NROWS 69 
XLLCORNER 17.5 
YLLCORNER -34.8333333333333 
CELLSIZE 0.0833333333333333 
NODATA_value -3.4e+38 
[rows 40 to 59 of 69, columns 0 to 43 of 100]
-3.4e+38 -3.4e+38 -3.4e+38 -3.4e+38 -3.4e+38 -3.4e+38 -3.4e+38 -3.4e+38 -3.4e+38 -3.4e+38 0.849748969078064 0.770945727825165 0.639641404151917 0.552838683128357 0.423373967409134 0.390758782625198 0.409867227077484 0.218524008989334 0.313708633184433 0.715111136436462 0.590706765651703 0.519005060195923 0.42389777302742 0.182436749339104 0.111182242631912 0.0804893523454666 0.0711574479937553 0.0263378489762545 0.0222289953380823 0.0212494973093271 0.0208143871277571 0.0217800959944725 0.0176048781722784 0.0457184687256813 0.172049671411514 0.307083487510681 0.384240478277206 0.372006416320801 0.409302860498428 0.162199720740318 0.120598971843719 0.0535219497978687 0.0501043200492859 0.0528347417712212
-3.4e+38 -3.4e+38 -3.4e+38 -3.4e+38 -3.4e+38 -3.4e+38 -3.4e+38 -3.4e+38 -3.4e+38 0.908605992794037 0.849737465381622 0.78101509809494 0.65683376789093 0.532791554927826 0.453401893377304 0.438683956861496 0.39359450340271 0.281895786523819 0.271943777799606 0.54751992225647 0.660199105739594 0.380656987428665 0.260774195194244 0.207154780626297 0.0922822877764702 0.0826519429683685 0.0697431936860085 0.0607455894351006 0.0246443282812834 0.0279973465949297 0.0546371079981327 0.062578447163105 0.0185412038117647 0.00649371417239308 0.0761124566197395 0.205258741974831 0.246349811553955 0.375469565391541 0.381303906440735 0.162032589316368 0.128463536500931 0.133639276027679 0.0806748270988464 0.0632561519742012
-3.4e+38 -3.4e+38 -3.4e+38 -3.4e+38 -3.4e+38 -3.4e+38 -3.4e+38 -3.4e+38 -3.4e+38 0.929715633392334 0.886676669120789 0.817725479602814 0.727771580219269 0.575890064239502 0.501958191394806 0.376291424036026 0.287918537855148 0.319380521774292 0.207039788365364 0.463938027620316 0.560904204845428 0.539932131767273 0.301339477300644 0.161782249808311 0.129270508885384 0.0932301804423332 0.0704589560627937 0.054216530174017 0.0560586787760258 0.0627428516745567 0.0595164224505424 0.0713794678449631 0.0562394708395004 0.00784927885979414 0.00872946251183748 0.0100447665899992 0.0164725929498672 0.251680016517639 0.403919607400894 0.163443833589554 0.162045732140541 0.150988146662712 0.152742400765419 0.0613335408270359
-3.4e+38 -3.4e+38 -3.4e+38 -3.4e+38 0.724766194820404 0.893516659736633 0.989487111568451 -3.4e+38 0.972025275230408 0.949738144874573 0.889367580413818 0.821394264698029 0.82708615064621 0.671087205410004 0.563597023487091 0.527458310127258 0.309961199760437 0.272905588150024 0.228871449828148 0.499318301677704 0.496799379587173 0.37276953458786 0.437968552112579 0.351639181375504 0.255323529243469 0.170943096280098 0.0732071399688721 0.0594628714025021 0.0600317008793354 0.0542878098785877 0.0549897849559784 0.0658261179924011 0.0746026858687401 0.0664602890610695 0.0082296896725893 0.00863658078014851 0.0105211893096566 0.0200016908347607 0.0815449580550194 0.110774479806423 0.0499630533158779 0.037914901971817 0.0532572865486145 0.0488444715738297
-3.4e+38 -3.4e+38 -3.4e+38 -3.4e+38 0.720735013484955 0.936203002929688 0.990481376647949 0.9925457239151 0.973342835903168 0.947394728660583 0.877907037734985 0.815035343170166 0.718280375003815 0.764866650104523 0.776752352714539 0.535189211368561 0.35056859254837 0.275566637516022 0.240599066019058 0.362165689468384 0.6077761054039 0.334442108869553 0.582067787647247 0.362485647201538 0.292866557836533 0.307801932096481 0.0906313508749008 0.0658446028828621 0.0619036220014095 0.0674190893769264 0.076141782104969 0.0699878111481667 0.0939588025212288 0.113630518317223 0.0134412487968802 0.0118076000362635 0.0141270235180855 0.0540146678686142 0.0631269440054893 0.0350433886051178 0.034317322075367 0.0248314812779427 0.0331452749669552 0.0393052957952023
-3.4e+38 -3.4e+38 -3.4e+38 -3.4e+38 0.899024188518524 0.986505687236786 0.993087887763977 0.990481376647949 0.974077641963959 0.934471786022186 0.880748152732849 0.825270354747772 0.716503441333771 0.659844160079956 0.679764568805695 0.449114173650742 0.356776207685471 0.287657767534256 0.252854853868484 0.281265586614609 0.518082678318024 0.308467894792557 0.57236635684967 0.355729520320892 0.369798988103867 0.449293375015259 0.145282030105591 0.0710984021425247 0.0654102191329002 0.0623836368322372 0.068578228354454 0.0771626159548759 0.0949388965964317 0.192193418741226 0.155574887990952 0.117988720536232 0.153805866837502 0.143575042486191 0.0268776975572109 0.0281393844634295 0.0266154166311026 0.0237660501152277 0.0310619324445724 0.0419846065342426
-3.4e+38 -3.4e+38 -3.4e+38 -3.4e+38 0.994067847728729 0.99444580078125 0.970169126987457 0.969005703926086 0.960776567459106 0.923731029033661 0.863431572914124 0.820732116699219 0.71850174665451 0.667541682720184 0.555808901786804 0.461656004190445 0.364062488079071 0.279360979795456 0.367091417312622 0.473815679550171 0.283244103193283 0.366006076335907 0.454262763261795 0.314562648534775 0.341384768486023 0.401177525520325 0.109545901417732 0.0797214284539223 0.0723564550280571 0.0615410059690475 0.0739384591579437 0.0884188935160637 0.118614867329597 0.113430365920067 0.161448284983635 0.312549978494644 0.260235488414764 0.176570206880569 0.134789451956749 0.0221182107925415 0.0234664119780064 0.0246598571538925 0.0374319776892662 0.0561682470142841
-3.4e+38 -3.4e+38 -3.4e+38 -3.4e+38 0.995013058185577 0.975278675556183 0.806974232196808 0.905551254749298 0.934798657894135 0.933032095432281 0.896028518676758 0.825787961483002 0.763166010379791 0.688701331615448 0.568248093128204 0.46643403172493 0.370944708585739 0.276586771011353 0.320453733205795 0.511970698833466 0.424334108829498 0.493102163076401 0.45433896780014 0.392945051193237 0.518593013286591 0.494746148586273 0.159403249621391 0.0903381332755089 0.0902231261134148 0.070624478161335 0.0695966854691505 0.0904697179794312 0.110207587480545 0.154320880770683 0.22767736017704 0.23977130651474 0.264447242021561 0.196714833378792 0.131966650485992 0.0209948047995567 0.0206754263490438 0.0144325429573655 0.021008437499404 0.0279382839798927
-3.4e+38 -3.4e+38 -3.4e+38 -3.4e+38 -3.4e+38 0.931956171989441 0.889211654663086 0.925364673137665 0.959337949752808 0.944654405117035 0.90614116191864 0.843273460865021 0.777431070804596 0.672272503376007 0.55452424287796 0.452338427305222 0.363966792821884 0.268071860074997 0.241015404462814 0.53272408246994 0.510408639907837 0.490570157766342 0.34223684668541 0.33385381102562 0.576451361179352 0.559903860092163 0.257809221744537 0.107126504182816 0.0858935788273811 0.0892075821757317 0.123146511614323 0.132378146052361 0.122413128614426 0.126449540257454 0.139574751257896 0.144631415605545 0.156150639057159 0.134912639856339 0.0191000942140818 0.0179302580654621 0.0104298619553447 0.0141384722664952 0.0158555973321199 0.0251359641551971
-3.4e+38 -3.4e+38 -3.4e+38 -3.4e+38 -3.4e+38 -3.4e+38 0.968202412128448 0.989040195941925 0.988455235958099 0.97525817155838 0.939638316631317 0.877306818962097 0.791747689247131 0.681045114994049 0.547112166881561 0.452739477157593 0.40423709154129 0.295759797096252 0.279518961906433 0.18918664753437 0.33365398645401 0.487131595611572 0.53461742401123 0.555615365505219 0.623790085315704 0.658535242080688 0.31366965174675 0.175040513277054 0.159732520580292 0.183132261037827 0.293669432401657 0.273105174303055 0.23834790289402 0.208959639072418 0.222397282719612 0.231612533330917 0.212379232048988 0.169014364480972 0.144878178834915 0.0106935622170568 0.0102189360186458 0.0147666642442346 0.0203343406319618 0.0301976650953293
-3.4e+38 -3.4e+38 -3.4e+38 -3.4e+38 -3.4e+38 -3.4e+38 -3.4e+38 0.994395792484283 0.992891788482666 0.991181194782257 0.978168427944183 0.929466009140015 0.854723989963531 0.740282356739044 0.574506044387817 0.487615019083023 0.417435646057129 0.303514033555984 0.236080944538116 0.170675322413445 0.286730021238327 0.232862666249275 0.192091166973114 0.475067526102066 0.627472281455994 0.689500570297241 0.649109661579132 0.461311280727386 0.469404399394989 0.297296702861786 0.243004381656647 0.24610947072506 0.261186927556992 0.288471072912216 0.364546477794647 0.441197425127029 0.441178977489471 0.471594721078873 0.395760416984558 0.279110461473465 0.244646921753883 0.0219219233840704 0.0305015668272972 0.0562156476080418
-3.4e+38 -3.4e+38 -3.4e+38 -3.4e+38 -3.4e+38 -3.4e+38 0.342347621917725 0.875128030776978 0.977296531200409 0.98103541135788 0.976105511188507 0.954407751560211 0.891466379165649 0.81468653678894 0.695934891700745 0.543831288814545 0.458063364028931 0.333833962678909 0.282347202301025 0.231885075569153 0.220714405179024 0.280341923236847 0.200293526053429 0.383328348398209 0.70795089006424 0.594304025173187 0.664703130722046 0.514059364795685 0.462522804737091 0.298533886671066 0.25553971529007 0.267295807600021 0.37359020113945 0.348264753818512 0.382962673902512 0.347941637039185 0.340647310018539 0.349763691425323 0.306065231561661 0.246918275952339 0.228812396526337 0.250769108533859 0.37928032875061 0.481368541717529
-3.4e+38 -3.4e+38 -3.4e+38 -3.4e+38 -3.4e+38 -3.4e+38 0.32772633433342 0.358917534351349 -3.4e+38 0.981630921363831 0.971297442913055 0.959967851638794 0.917007803916931 0.836131393909454 0.769658446311951 0.599349915981293 0.411814332008362 0.351089894771576 0.295734524726868 0.353570580482483 0.20592688024044 0.641019940376282 0.664982974529266 0.672918736934662 0.770101130008698 0.593654036521912 0.401271045207977 0.675358295440674 0.646631598472595 0.487930923700333 0.342004388570786 0.307586133480072 0.297718286514282 0.291946053504944 0.339337468147278 0.323063045740128 0.322265863418579 0.322958946228027 0.304443866014481 0.309853583574295 0.347707986831665 0.39220005273819 0.556729316711426 0.842570424079895
-3.4e+38 -3.4e+38 -3.4e+38 -3.4e+38 -3.4e+38 -3.4e+38 -3.4e+38 -3.4e+38 -3.4e+38 0.975756645202637 0.969356417655945 0.943611204624176 0.914783000946045 0.855583846569061 0.763121604919434 0.607521712779999 0.426919847726822 0.317237973213196 0.274358093738556 0.507848083972931 0.292076736688614 0.545321702957153 0.69918966293335 0.796779811382294 0.64157634973526 0.731080532073975 0.766266405582428 0.742804288864136 0.735922157764435 0.715261518955231 0.538910806179047 0.479842871427536 0.44127094745636 0.337000250816345 0.266938775777817 0.253608882427216 0.407293945550919 0.475713312625885 0.349627643823624 0.245441570878029 0.270885109901428 0.547484755516052 0.422516793012619 0.428102135658264
-339999999999999996123846586046231871488.000000000000000 -3.4e+38 -3.4e+38 -3.4e+38 -3.4e+38 -3.4e+38 -3.4e+38 -3.4e+38 -3.4e+38 -3.4e+38 0.966786980628967 0.955789566040039 0.936659157276154 0.881130695343018 0.776172041893005 0.629705548286438 0.432126879692078 0.290805667638779 0.279336333274841 0.693329572677612 0.452047795057297 0.401835560798645 0.471483200788498 0.542584419250488 0.541589975357056 0.718622982501984 0.816158175468445 0.807681024074554 0.775960743427277 0.755013287067413 0.632189571857452 0.718710839748383 0.679307699203491 0.538583815097809 0.396059691905975 0.354874610900879 0.348964810371399 0.337547540664673 0.3372403383255 0.299042165279388 0.325726836919785 0.371497750282288 0.428757578134537 0.454846858978271
-3.4e+38 -3.4e+38 -3.4e+38 -3.4e+38 -3.4e+38 -3.4e+38 -3.4e+38 -3.4e+38 -3.4e+38 -3.4e+38 -3.4e+38 0.963326811790466 0.93212229013443 0.902862906455994 0.805581390857697 0.606864809989929 0.470157086849213 0.369480818510056 0.430369168519974 0.665039241313934 0.806538224220276 0.608697056770325 0.658679664134979 0.577896237373352 0.548130810260773 0.564615905284882 0.565305590629578 0.762913823127747 0.804649651050568 0.689161002635956 0.462267845869064 0.410632282495499 0.632396638393402 0.577790379524231 0.576083242893219 0.504896938800812 0.449402302503586 0.422144383192062 0.473677217960358 0.399804770946503 0.436562716960907 0.467254757881165 0.502159059047699 0.512280106544495
-3.4e+38 -3.4e+38 -3.4e+38 -3.4e+38 -3.4e+38 -3.4e+38 -3.4e+38 -3.4e+38 -3.4e+38 -3.4e+38 0.959667682647705 0.966394186019897 0.950587928295135 0.898839116096497 0.799838125705719 0.637923061847687 0.470610916614532 0.320749878883362 0.665913045406342 0.657074451446533 0.583610773086548 0.805810034275055 0.870964407920837 0.656365811824799 0.648869037628174 0.637542068958282 0.579624891281128 0.5073521733284 0.435869693756104 0.404616057872772 0.484082370996475 0.413233011960983 0.349824726581573 0.468399673700333 0.674102604389191 0.71941602230072 0.663173317909241 0.747914969921112 0.804433524608612 0.800568521022797 0.591531097888947 0.57600861787796 0.644489049911499 0.642853260040283
-3.4e+38 -3.4e+38 -3.4e+38 -3.4e+38 -3.4e+38 -3.4e+38 -3.4e+38 -3.4e+38 -3.4e+38 -3.4e+38 0.944387137889862 0.953958809375763 0.93990820646286 0.893522202968597 0.832749426364899 0.701393842697144 0.621763229370117 0.510410606861115 0.46999379992485 0.736719489097595 0.614130198955536 0.714584171772003 0.87147444486618 0.867359042167664 0.895501494407654 0.859187722206116 0.604514300823212 0.687713027000427 0.497233301401138 0.481492131948471 0.395221590995789 0.445627480745316 0.628626048564911 0.547106623649597 0.609908699989319 0.758927047252655 0.802293419837952 0.749477088451385 0.623145043849945 0.675857424736023 0.753271341323853 0.696046650409698 0.714974641799927 0.737983465194702
-3.4e+38 -3.4e+38 -3.4e+38 -3.4e+38 -3.4e+38 -3.4e+38 -3.4e+38 -3.4e+38 -3.4e+38 -3.4e+38 0.647932767868042 0.904383778572083 0.930460929870605 0.914388477802277 0.865225434303284 0.792320728302002 0.766326785087585 0.626788377761841 0.61882084608078 0.753419756889343 0.689211666584015 0.835635006427765 0.859179317951202 0.835299432277679 0.911678731441498 0.915567219257355 0.904417872428894 0.821224212646484 0.669950664043427 0.598244726657867 0.537935376167297 0.51541668176651 0.557594835758209 0.73764830827713 0.843226373195648 0.87918496131897 0.828481554985046 0.827934622764587 0.645756721496582 0.876045405864716 0.870809495449066 0.769736647605896 0.756865799427032 0.83444756269455
-3.4e+38 -3.4e+38 -3.4e+38 -3.4e+38 -3.4e+38 -3.4e+38 -3.4e+38 -3.4e+38 -3.4e+38 0.765946924686432 0.659947752952576 0.898256897926331 0.906277477741241 0.910139083862305 0.923545777797699 0.88497269153595 0.832530558109283 0.579358100891113 0.528009533882141 0.788936138153076 0.868797481060028 0.905063390731812 0.916092455387115 0.948162019252777 0.970940947532654 0.959895551204681 0.934270620346069 0.939961493015289 0.922644793987274 0.89094352722168 0.769819438457489 0.710300505161285 0.530279338359833 0.482474833726883 0.420726805925369 0.391922026872635 0.418378293514252 0.485529839992523 0.523686349391937 0.579919099807739 0.609840035438538 0.656632840633392 0.715100646018982 0.760124504566193
