data/climate_estimation/maxent_output/Androcymbium_bellum.asc
NCOLS 151 
NROWS 13 
XLLCORNER 17.3333333333333 
YLLCORNER -29.6666666666667 
CELLSIZE 0.0833333333333333 
NODATA_value -3.4e+38 
[rows 0 to 12 of 13, columns 0 to 43 of 151]
0.995290577411652 0.996649265289307 0.990584433078766 0.986596047878265 0.976900577545166 0.96149069070816 0.95276266336441 0.91815197467804 0.908440887928009 0.90725839138031 0.880177557468414 0.851743638515472 0.848151743412018 0.816043138504028 0.786191940307617 0.791671216487885 0.79011595249176 0.821995615959167 0.787951707839966 0.78457111120224 0.789291799068451 0.762707591056824 0.776771247386932 0.759092152118683 0.771434903144836 0.756203770637512 0.76636153459549 0.786244511604309 0.774461269378662 0.764922499656677 0.755505442619324 0.73187530040741 0.757961630821228 0.762170970439911 0.751123487949371 0.763549983501434 0.762024700641632 0.774023056030273 0.76019811630249 0.754352807998657 0.752331495285034 0.738704204559326 0.746320307254791 0.749707698822021
0.995120346546173 0.9958336353302 0.995693147182465 0.982002198696136 0.976110637187958 0.968724191188812 0.956519842147827 0.926166772842407 0.928775548934937 0.919070720672607 0.898258745670319 0.8776034116745 0.862377285957336 0.835065186023712 0.826847910881042 0.83870804309845 0.793581426143646 0.805516600608826 0.797052800655365 0.815863907337189 0.816701054573059 0.812427937984467 0.749077320098877 0.77053838968277 0.777281641960144 0.777863562107086 0.797482073307037 0.772600591182709 0.785701870918274 0.775297820568085 0.731683850288391 0.739375829696655 0.720934987068176 0.748107969760895 0.761893033981323 0.762063145637512 0.803535103797913 0.801288425922394 0.778190732002258 0.786340057849884 0.789178669452667 0.768757224082947 0.778471052646637 0.760346353054047
0.99410617351532 0.99361652135849 0.991030216217041 0.987767100334167 0.986947476863861 0.974571466445923 0.962377727031708 0.943610429763794 0.933699548244476 0.934537708759308 0.880816400051117 0.871748089790344 0.821954965591431 0.837642252445221 0.794731676578522 0.808513879776001 0.756740212440491 0.835676968097687 0.788890898227692 0.804762065410614 0.815742194652557 0.802862644195557 0.783583104610443 0.804547369480133 0.785056233406067 0.804125368595123 0.796014428138733 0.788144528865814 0.755523085594177 0.753701567649841 0.742158472537994 0.745257973670959 0.724735200405121 0.73161393404007 0.754946649074554 0.780398547649384 0.756071805953979 0.77646678686142 0.792793452739716 0.804304420948029 0.778231918811798 0.779722929000854 0.771465122699738 0.775854289531708
0.989559888839722 0.990215063095093 0.986343502998352 0.98384702205658 0.978891611099243 0.973777413368225 0.959634602069855 0.958953022956848 0.931330144405365 0.904887795448303 0.858601689338684 0.819626927375793 0.832708775997162 0.845412909984589 0.840421617031097 0.823727488517761 0.803276240825653 0.797865509986877 0.787213027477264 0.806250095367432 0.8090900182724 0.810164451599121 0.770868718624115 0.792027652263641 0.794912219047546 0.807914972305298 0.793295860290527 0.788506686687469 0.779933869838715 0.767063677310944 0.768060386180878 0.748565077781677 0.735991835594177 0.748133659362793 0.753638982772827 0.733003497123718 0.762869358062744 0.762846410274506 0.803032696247101 0.77814131975174 0.791896402835846 0.780157566070557 0.777932822704315 0.764833152294159
0.986173272132874 0.979788482189178 0.983451664447784 0.977215528488159 0.972483277320862 0.968935668468475 0.967316746711731 0.948225140571594 0.941904723644257 0.898452758789062 0.874772310256958 0.875148892402649 0.848305106163025 0.861409485340118 0.848554015159607 0.88931930065155 0.862205684185028 0.847978711128235 0.86225962638855 0.854362487792969 0.829755127429962 0.824448227882385 0.851715862751007 0.830750405788422 0.808614730834961 0.839245140552521 0.815386295318604 0.805489480495453 0.796426653862 0.761464357376099 0.773553431034088 0.736325681209564 0.735395610332489 0.750913977622986 0.735836923122406 0.73800265789032 0.75746077299118 0.756318509578705 0.770765542984009 0.780618846416473 0.797364950180054 0.7903932929039 0.770425140857697 0.761641025543213
0.986946702003479 0.980098724365234 0.969012677669525 0.970300674438477 0.970147013664246 0.956854641437531 0.960456490516663 0.958696484565735 0.943716049194336 0.919968962669373 0.924797654151917 0.927221059799194 0.905775010585785 0.877306520938873 0.901076793670654 0.892036855220795 0.887762427330017 0.893577456474304 0.896072149276733 0.857973456382751 0.868513405323029 0.831947982311249 0.856457829475403 0.866696894168854 0.846538841724396 0.830296695232391 0.835836887359619 0.80808699131012 0.777927994728088 0.76743221282959 0.742877244949341 0.748932063579559 0.727112770080566 0.728159666061401 0.733983218669891 0.742351889610291 0.760188043117523 0.757435619831085 0.767690598964691 0.764196753501892 0.799005568027496 0.778595447540283 0.786469161510468 0.75882363319397
0.990227997303009 0.983449995517731 0.964315950870514 0.961042761802673 0.955003499984741 0.941400527954102 0.946305453777313 0.955354928970337 0.94627845287323 0.944165945053101 0.920395076274872 0.915247976779938 0.909575879573822 0.91188657283783 0.88388204574585 0.913482487201691 0.90312260389328 0.891745924949646 0.888924658298492 0.886149942874908 0.882947027683258 0.884345531463623 0.86627608537674 0.855595767498016 0.831199169158936 0.830057084560394 0.823838889598846 0.805048763751984 0.793956637382507 0.796181321144104 0.786468267440796 0.758799731731415 0.75016063451767 0.748019754886627 0.749947011470795 0.76160329580307 0.76891016960144 0.770597398281097 0.792159855365753 0.758991003036499 0.785093009471893 0.773482322692871 0.780021250247955 0.765071034431458
0.990936458110809 0.982349157333374 0.973045766353607 0.957424283027649 0.938680410385132 0.938326060771942 0.941453635692596 0.947044432163239 0.945086181163788 0.954987764358521 0.951562583446503 0.931164622306824 0.920132875442505 0.915350794792175 0.923595547676086 0.920176565647125 0.91745936870575 0.903223156929016 0.90485280752182 0.907734870910645 0.898502945899963 0.892149448394775 0.890307188034058 0.862141489982605 0.845958471298218 0.84117990732193 0.81598562002182 0.834710657596588 0.819510996341705 0.801313877105713 0.774598121643066 0.760316014289856 0.776180803775787 0.779334843158722 0.761108636856079 0.787236928939819 0.788008570671082 0.771526038646698 0.77687656879425 0.773539483547211 0.771748483181 0.785796105861664 0.781799137592316 0.778079032897949
0.988258302211761 0.983716249465942 0.966456592082977 0.951417922973633 0.932390511035919 0.925195693969727 0.924242198467255 0.930011034011841 0.92934387922287 0.944306194782257 0.946168959140778 0.940710365772247 0.941843569278717 0.933944165706635 0.916349351406097 0.903690874576569 0.916404843330383 0.926912248134613 0.921561598777771 0.909905433654785 0.908117115497589 0.890026569366455 0.883785843849182 0.877278804779053 0.856677293777466 0.842765033245087 0.842727065086365 0.81525981426239 0.809913218021393 0.80635666847229 0.808571755886078 0.802377581596375 0.801810383796692 0.78743988275528 0.801140904426575 0.78984922170639 0.787733495235443 0.762948036193848 0.768569231033325 0.777696549892426 0.785327911376953 0.772643327713013 0.776729941368103 0.750823855400085
0.991458415985107 0.983246564865112 0.967127084732056 0.947948455810547 0.934707701206207 0.925132215023041 0.923207461833954 0.919648587703705 0.932828009128571 0.939239382743835 0.946219027042389 0.937636613845825 0.943607270717621 0.935024321079254 0.921549439430237 0.918666303157806 0.924790441989899 0.937156558036804 0.922532975673676 0.932099282741547 0.910926520824432 0.912904858589172 0.886586129665375 0.872952699661255 0.852496445178986 0.860446155071259 0.830559074878693 0.835548937320709 0.824265897274017 0.821744084358215 0.813052237033844 0.820346593856812 0.818712115287781 0.799907386302948 0.796490609645844 0.801719546318054 0.793913900852203 0.782109677791595 0.755740284919739 0.770672976970673 0.787581920623779 0.777130901813507 0.768313646316528 0.775574505329132
0.985619127750397 0.98057496547699 0.964454770088196 0.941712141036987 0.937398254871368 0.92899078130722 0.908039629459381 0.911784589290619 0.919456839561462 0.922168254852295 0.937312006950378 0.936408936977386 0.943523287773132 0.938988089561462 0.931070506572723 0.929037868976593 0.911320507526398 0.929060399532318 0.922240674495697 0.920137941837311 0.927783191204071 0.918081700801849 0.905029833316803 0.893607556819916 0.882202804088593 0.856638133525848 0.851897478103638 0.842940807342529 0.854442358016968 0.840329885482788 0.840151011943817 0.814246475696564 0.8110191822052 0.828907608985901 0.810066163539886 0.805688917636871 0.804283738136292 0.781760632991791 0.784603536128998 0.776465535163879 0.772978007793427 0.771995782852173 0.750155031681061 0.75372302532196
0.991380989551544 0.981842935085297 0.961388885974884 0.944168090820312 0.921307384967804 0.915678381919861 0.895251214504242 0.906189382076263 0.907622754573822 0.918747365474701 0.926758706569672 0.930226624011993 0.931586861610413 0.936468303203583 0.930875897407532 0.929340243339539 0.923634648323059 0.920268833637238 0.926571190357208 0.924261450767517 0.932035446166992 0.924356162548065 0.91245025396347 0.895721673965454 0.888880848884583 0.882726192474365 0.86860316991806 0.87194299697876 0.851390242576599 0.849354982376099 0.84783661365509 0.840069770812988 0.831870138645172 0.830002069473267 0.807124376296997 0.799122393131256 0.790517449378967 0.79762214422226 0.779810786247253 0.766045689582825 0.758096516132355 0.76466703414917 0.782682299613953 0.753738701343536
0.988464117050171 0.984398543834686 0.968949437141418 0.952253401279449 0.935620486736298 0.910623252391815 0.898378014564514 0.903768360614777 0.912180960178375 0.920521259307861 0.911665141582489 0.92797064781189 0.923156797885895 0.92987734079361 0.933569550514221 0.932827651500702 0.922207176685333 0.910372376441956 0.92245215177536 0.92667829990387 0.921462953090668 0.92756325006485 0.912856876850128 0.916555047035217 0.898842930793762 0.889167606830597 0.879142463207245 0.871798992156982 0.873713970184326 0.855298757553101 0.840366363525391 0.851963996887207 0.848874032497406 0.841038882732391 0.818599820137024 0.81050968170166 0.801046252250671 0.799336969852448 0.803129374980927 0.798786222934723 0.769360423088074 0.75994485616684 0.746629416942596 0.774512529373169
