data/climate_estimation/maxent_output/Androcymbium_ciliolatum.asc
NCOLS 97 
NROWS 55 
XLLCORNER 17.1666666666667 
YLLCORNER -33.5 
CELLSIZE 0.0833333333333333 
NODATA_value -3.4e+38 
[rows 20 to 39 of 55, columns 45 to 89 of 97]
0.0476195402443409 0.0350622124969959 0.0433934144675732 0.0480133630335331 0.0505428984761238 0.0382960438728333 0.0481142289936543 0.046824749559164 0.0463957637548447 0.0430824346840382 0.0454781465232372 0.0415189117193222 0.0418179221451283 0.0409695282578468 0.040260873734951 0.0385973528027534 0.0411295183002949 0.0510055646300316 0.0403150729835033 0.0463880486786366 0.0556794404983521 0.050922580063343 0.050635103136301 0.0530560985207558 0.0439541563391685 0.0332629419863224 0.0334432274103165 0.0348393097519875 0.0318899974226952 0.0320667698979378 0.029422814026475 0.0364313758909702 0.0284388605505228 0.0281016565859318 0.0336435697972775 0.0369304828345776 0.0478154458105564 0.0452661737799644 0.0202519260346889 0.0168281439691782 0.00818102899938822 0.00707917800173163 0.00625886954367161 0.00597039423882961 0.00445074634626508
0.0320420637726784 0.0447165556252003 0.0541108474135399 0.042914479970932 0.0414028503000736 0.0490770414471626 0.053180668503046 0.0645610764622688 0.058326318860054 0.0500860512256622 0.056073721498251 0.0479940176010132 0.0455884411931038 0.0405240692198277 0.040107436478138 0.0431683883070946 0.0559934079647064 0.0543781779706478 0.057805348187685 0.0569195635616779 0.0586336068809032 0.0570451840758324 0.0492134243249893 0.0442186184227467 0.0458330921828747 0.0311181712895632 0.0335294269025326 0.0347068831324577 0.0356119722127914 0.0319491289556026 0.0330526307225227 0.032840684056282 0.030923081561923 0.0306848995387554 0.0277472473680973 0.030142767354846 0.0271069202572107 0.0377664901316166 0.0226455237716436 0.0178128853440285 0.0138608003035188 0.0100157111883163 0.00824102852493525 0.00838244799524546 0.00694348150864244
0.0341736003756523 0.0432781837880611 0.0476550795137882 0.0496475547552109 0.0512496866285801 0.0597419925034046 0.0505523160099983 0.0604713074862957 0.0521954298019409 0.0658511593937874 0.065271720290184 0.062156155705452 0.0611718744039536 0.0551742650568485 0.0450264886021614 0.0466564744710922 0.0464265830814838 0.0624743551015854 0.0569846928119659 0.0584859289228916 0.053347647190094 0.0570409186184406 0.0541016310453415 0.0562408454716206 0.0554822646081448 0.0321246422827244 0.0310617815703154 0.0358730964362621 0.0355609431862831 0.0336150676012039 0.0331027694046497 0.0305969566106796 0.0313693583011627 0.0330276228487492 0.0305500999093056 0.0249216258525848 0.035115722566843 0.0275559592992067 0.0267980601638556 0.0224776528775692 0.0190954878926277 0.0160446763038635 0.013288632966578 0.0122941844165325 0.0127443727105856
0.0459855049848557 0.0472844876348972 0.0556461252272129 0.0477448403835297 0.0487445034086704 0.0531823635101318 0.0612920746207237 0.0531761720776558 0.0591796562075615 0.065570592880249 0.0641107782721519 0.073949933052063 0.0725251212716103 0.0748799294233322 0.0599879696965218 0.0616597309708595 0.0618126392364502 0.0695597976446152 0.0596609115600586 0.0621367022395134 0.0388104431331158 0.0345953404903412 0.0604681856930256 0.0555677190423012 0.03436029702425 0.0364474356174469 0.0524819940328598 0.0383634679019451 0.0316781885921955 0.0375402346253395 0.0333106555044651 0.0322484448552132 0.0269402042031288 0.0274890307337046 0.0290152579545975 0.0286251902580261 0.025458563119173 0.0271004475653172 0.0222577359527349 0.0201555173844099 0.0202470142394304 0.0186208691447973 0.0173073224723339 0.021314037963748 0.017563546076417
0.0415051504969597 0.0431167855858803 0.0530064105987549 0.0403621606528759 0.0454872101545334 0.0528528094291687 0.0524066425859928 0.0679366886615753 0.0651645585894585 0.0688605606555939 0.079257920384407 0.0744855925440788 0.0843356847763062 0.0721345469355583 0.0677953064441681 0.0653054341673851 0.0780227035284042 0.0557025969028473 0.069364920258522 0.0603445954620838 0.0379733815789223 0.0464499518275261 0.0428719334304333 0.0329986959695816 0.0344999097287655 0.0311098136007786 0.0466822162270546 0.039242334663868 0.0375465303659439 0.0383296944200993 0.0376735478639603 0.0314477421343327 0.0321503505110741 0.0252015870064497 0.0316251255571842 0.0339419320225716 0.0292799957096577 0.0251783765852451 0.0222102887928486 0.025010522454977 0.022293021902442 0.0193174742162228 0.021215882152319 0.0262819491326809 0.0234767496585846
0.038392998278141 0.0443616211414337 0.0451245531439781 0.0403211452066898 0.0551461987197399 0.0520851872861385 0.0508094280958176 0.0500630512833595 0.0609159655869007 0.0806454122066498 0.0805066451430321 0.0811166018247604 0.0934682488441467 0.0826808959245682 0.0735236182808876 0.0763320103287697 0.0897796228528023 0.0547115616500378 0.0379515811800957 0.0430748984217644 0.0446294471621513 0.046372652053833 0.0349411778151989 0.0393549278378487 0.0376147553324699 0.0326226502656937 0.0343776606023312 0.0410039611160755 0.0380180515348911 0.0359115079045296 0.0423785634338856 0.0342581123113632 0.0318832248449326 0.034350011497736 0.0310070272535086 0.0275793150067329 0.0267162844538689 0.0270417351275682 0.0221654698252678 0.0224268417805433 0.0209191348403692 0.0207354724407196 0.0225946418941021 0.0254268795251846 0.0220818184316158
0.0421815849840641 0.0381478630006313 0.0389594733715057 0.0557108372449875 0.0548211894929409 0.0582518503069878 0.0531125217676163 0.0570666082203388 0.0657843723893166 0.0780003219842911 0.0824342593550682 0.0891362950205803 0.0847000405192375 0.0837145894765854 0.089925542473793 0.0738106220960617 0.0588537454605103 0.0359082706272602 0.0361090824007988 0.0387574546039104 0.045260701328516 0.046192791312933 0.0459371320903301 0.0441760793328285 0.0370680689811707 0.0478142686188221 0.0421742461621761 0.0433268658816814 0.0334785543382168 0.0420274026691914 0.039247315376997 0.0341054573655128 0.0429702438414097 0.0438656136393547 0.0288385581225157 0.0279858000576496 0.0190720483660698 0.0213896669447422 0.019652022048831 0.0175135992467403 0.0236347671598196 0.0213006511330605 0.0225969217717648 0.0242764465510845 0.021729277446866
0.0425584502518177 0.0439511314034462 0.0587106645107269 0.0592208206653595 0.0499217659235001 0.0581280775368214 0.0699616149067879 0.0659881383180618 0.0595947951078415 0.0821386054158211 0.0735595226287842 0.0840742141008377 0.0781965777277946 0.0727056562900543 0.0774164795875549 0.0562839508056641 0.0507419109344482 0.0414737649261951 0.0349466949701309 0.0401005782186985 0.0392920970916748 0.0410551205277443 0.0495025739073753 0.049014788120985 0.0428127907216549 0.0435666218400002 0.0422812737524509 0.0334246903657913 0.0355044640600681 0.0442247353494167 0.0388303995132446 0.0400359146296978 0.0392506420612335 0.0530173517763615 0.0472224317491055 0.0278504025191069 0.0228096544742584 0.021411694586277 0.018341314047575 0.0182211585342884 0.0209105666726828 0.026051752269268 0.0265500489622355 0.0236465502530336 0.024457136169076
0.0459881164133549 0.0445622503757477 0.0536645464599133 0.0453088022768497 0.0590730272233486 0.058418370783329 0.0597418546676636 0.0580153241753578 0.0599046684801579 0.0624565295875072 0.0876182988286018 0.0786487236618996 0.0857168361544609 0.0832436457276344 0.0465799383819103 0.0596252866089344 0.043739378452301 0.0385556034743786 0.0401047393679619 0.0353893078863621 0.0501849874854088 0.0458771660923958 0.0453375466167927 0.0435863770544529 0.046761766076088 0.0465414188802242 0.0353408083319664 0.0358479879796505 0.0389497466385365 0.0400931350886822 0.0339718908071518 0.0374283529818058 0.0538397319614887 0.0500836819410324 0.0432659797370434 0.0363036505877972 0.0216445103287697 0.0218152962625027 0.0157470442354679 0.0204707775264978 0.0227642953395844 0.022151879966259 0.0238596368581057 0.0232560075819492 0.0254278592765331
0.0490708909928799 0.0481002070009708 0.0415584892034531 0.0456349775195122 0.0599068626761436 0.0496860258281231 0.0720190480351448 0.0716276466846466 0.0650501102209091 0.0758944600820541 0.067969523370266 0.0712104141712189 0.0732240602374077 0.0646369457244873 0.0543542467057705 0.0497321859002113 0.0470949523150921 0.0321804992854595 0.0346599780023098 0.0453715994954109 0.0426502414047718 0.0573555119335651 0.0509331375360489 0.0460471250116825 0.0370837301015854 0.0405851677060127 0.0375240854918957 0.0396683476865292 0.0416515953838825 0.0548952706158161 0.0387352891266346 0.0340095683932304 0.0348214693367481 0.0423065796494484 0.0476876460015774 0.034205287694931 0.0256639514118433 0.0279559474438429 0.0177007485181093 0.0234232842922211 0.0247731283307076 0.021847216412425 0.0235006045550108 0.0287454500794411 0.0243155416101217
0.0428920388221741 0.051079161465168 0.0566119141876698 0.045541800558567 0.0515205711126328 0.0606274753808975 0.0621728263795376 0.0599174052476883 0.0782344564795494 0.0776603892445564 0.0641506239771843 0.069744773209095 0.0623204186558723 0.0616977363824844 0.0507433786988258 0.0530133098363876 0.0408719219267368 0.0357613638043404 0.0326545536518097 0.0306017249822617 0.0464382208883762 0.0473746992647648 0.0498090237379074 0.0368557833135128 0.0338318087160587 0.043305616825819 0.047820933163166 0.0496319755911827 0.0594279393553734 0.0515120960772038 0.0544078350067139 0.0366888381540775 0.0440247990190983 0.0457229092717171 0.0420790277421474 0.0358671210706234 0.0326732881367207 0.0217672009021044 0.0150300301611423 0.0163973681628704 0.021171573549509 0.0170866008847952 0.0220432952046394 0.0240750908851624 0.0229489877820015
0.0381213612854481 0.0357710048556328 0.0494065545499325 0.0407925881445408 0.0489532575011253 0.0551601946353912 0.0646526589989662 0.0661004260182381 0.0592134371399879 0.075820229947567 0.0635023042559624 0.0474806353449821 0.0604137107729912 0.0576897449791431 0.0562937445938587 0.0436864458024502 0.0430721789598465 0.0345888994634151 0.0356984287500381 0.0363203175365925 0.0423540845513344 0.052127793431282 0.0400338545441628 0.0428207889199257 0.0352422446012497 0.0357883758842945 0.0434618443250656 0.0657468289136887 0.0487945042550564 0.0545821078121662 0.0347696132957935 0.0490175634622574 0.0359987281262875 0.0381055399775505 0.0362604707479477 0.0297369640320539 0.0252188388258219 0.0147985406219959 0.0158799141645432 0.016548715531826 0.0165510326623917 0.0178001783788204 0.0194924902170897 0.0192366279661655 0.0217442605644464
0.0339498966932297 0.0357333086431026 0.0370858088135719 0.0416604466736317 0.0402790196239948 0.0435676053166389 0.0487182140350342 0.0603686161339283 0.0815451219677925 0.072652630507946 0.0551108121871948 0.0438811294734478 0.0511042438447475 0.0502957403659821 0.0420630313456059 0.0391052849590778 0.0400462485849857 0.0410056225955486 0.0356925539672375 0.0292150359600782 0.0403700023889542 0.0429429523646832 0.0543282330036163 0.0468852445483208 0.044104740023613 0.0458586476743221 0.0493909791111946 0.038808211684227 0.040683027356863 0.0588176809251308 0.0624679140746593 0.058855414390564 0.0370423793792725 0.0312111712992191 0.0422473475337029 0.0394001975655556 0.022166671231389 0.0112018259242177 0.0102008497342467 0.0133529752492905 0.0116798682138324 0.0161582361906767 0.0124632501974702 0.0101188896223903 0.0160676147788763
0.0335053913295269 0.0358586348593235 0.0377082787454128 0.0436410084366798 0.0391092263162136 0.04570572078228 0.0414533913135529 0.0677650198340416 0.0519609004259109 0.0450081899762154 0.0526098757982254 0.0471285656094551 0.0457738675177097 0.0385766997933388 0.0420622266829014 0.0331226512789726 0.0331615805625916 0.0392276309430599 0.0316354185342789 0.0270562563091516 0.0363251678645611 0.057504415512085 0.0590105764567852 0.0621014200150967 0.0561054237186909 0.0533080510795116 0.0511410981416702 0.0432056188583374 0.0563327930867672 0.0587368384003639 0.0618276856839657 0.0566499345004559 0.0509550236165524 0.0423360839486122 0.0384026132524014 0.0339167937636375 0.023237906396389 0.0111805964261293 0.00792437139898539 0.00929061695933342 0.00789457559585571 0.0102776493877172 0.00648133363574743 0.0077557866461575 0.00833986792713404
0.0570193268358707 0.0371486470103264 0.0392743274569511 0.0315847247838974 0.040066085755825 0.0433750376105309 0.0392706915736198 0.0660424530506134 0.0525435507297516 0.0565303675830364 0.0618950463831425 0.0444715693593025 0.0408985018730164 0.0478743463754654 0.0439093187451363 0.0484613701701164 0.0350023955106735 0.0237491894513369 0.0225974805653095 0.0332033447921276 0.0347938537597656 0.0501739084720612 0.058134313672781 0.0662560984492302 0.0670426338911057 0.0693530142307281 0.0483367256820202 0.0416454114019871 0.0455582924187183 0.0655738711357117 0.0671523958444595 0.0637502744793892 0.0658024623990059 0.0546383410692215 0.0493306964635849 0.0320901907980442 0.0242589339613914 0.0130322445183992 0.00926133617758751 0.0135636776685715 0.0106850434094667 0.0131335081532598 0.0127413431182504 0.0129849249497056 0.0183374658226967
0.0603381991386414 0.0354969017207623 0.0353960506618023 0.0323926955461502 0.0393383763730526 0.0322893746197224 0.0428854078054428 0.0488892458379269 0.0552620328962803 0.0522903278470039 0.0467406585812569 0.0498736202716827 0.0471708178520203 0.0403997786343098 0.0433637201786041 0.0400344468653202 0.0356731154024601 0.0281239189207554 0.0274415239691734 0.0354188308119774 0.0418470576405525 0.0507975295186043 0.0416294708848 0.0422129556536674 0.0837425664067268 0.0742426961660385 0.0709501430392265 0.0658376589417458 0.0629861354827881 0.055767185986042 0.0681814551353455 0.0710603594779968 0.0729160085320473 0.0512010864913464 0.0443287305533886 0.027570515871048 0.0237749554216862 0.0184408072382212 0.0129113206639886 0.0212118774652481 0.0203371904790401 0.0204998701810837 0.0261580254882574 0.0322939455509186 0.0211665499955416
0.0527230948209763 0.0495854951441288 0.0327486246824265 0.0277575924992561 0.0357277803122997 0.0323563180863857 0.0357111990451813 0.0378891229629517 0.0468648001551628 0.0425337553024292 0.0449093990027905 0.0401517003774643 0.0383665300905704 0.0448386967182159 0.0406039319932461 0.0328219272196293 0.0358779430389404 0.0317177884280682 0.0288149453699589 0.0328082852065563 0.0433361008763313 0.0421753190457821 0.0431292094290257 0.056686095893383 0.0914847254753113 0.088580533862114 0.0608805529773235 0.0776352137327194 0.077074870467186 0.083714947104454 0.0748503357172012 0.0662074610590935 0.0647577345371246 0.0429464094340801 0.0472566299140453 0.0346591211855412 0.0267412103712559 0.0253592133522034 0.0119348345324397 0.0155868045985699 0.0223932825028896 0.0340662635862827 0.0430973544716835 0.0367088206112385 0.0371148809790611
0.0435858890414238 0.0500605776906013 0.027110617607832 0.0379199758172035 0.0348681025207043 0.0272517390549183 0.0254265740513802 0.03199827298522 0.0303337723016739 0.035201370716095 0.0300843436270952 0.0315966159105301 0.0312211308628321 0.0381212905049324 0.0335871875286102 0.0351735427975655 0.0321375876665115 0.0235839430242777 0.0245763007551432 0.0195932723581791 0.0213284306228161 0.0268741026520729 0.0390093699097633 0.0601707994937897 0.0917874053120613 0.104196026921272 0.085218645632267 0.0879488661885262 0.0945044755935669 0.0923396497964859 0.0805609673261642 0.038637176156044 0.0523233637213707 0.0243355203419924 0.0303945541381836 0.033268079161644 0.0100245829671621 0.0118282791227102 0.0117144612595439 0.0166349168866873 0.0211129654198885 0.0301158800721169 0.0432273298501968 0.0350551158189774 0.045715656131506
0.0335317812860012 0.0449830517172813 0.0213892199099064 0.0239287316799164 0.0215554535388947 0.0212602913379669 0.0198445599526167 0.0214484035968781 0.0187959522008896 0.0228304024785757 0.0316934287548065 0.0375367663800716 0.0324760116636753 0.0532681606709957 0.0250763222575188 0.0368406474590302 0.0368505157530308 0.0154529381543398 0.0189973153173923 0.0151533177122474 0.0155052915215492 0.0713365152478218 0.0685203596949577 0.0689665973186493 0.0870438665151596 0.109073489904404 0.0955774039030075 0.088344044983387 0.103677526116371 0.0974028259515762 0.0934599414467812 0.0483349226415157 0.0464671328663826 0.039761483669281 0.0175105500966311 0.0216149985790253 0.00924683455377817 0.00868962518870831 0.0127598522230983 0.0418992750346661 0.0429473407566547 0.0455376543104649 0.0445960536599159 0.0608762577176094 0.058124978095293
0.0335830487310886 0.0286342203617096 0.0364125929772854 0.018590684980154 0.0192456264048815 0.0165128074586391 0.0151367336511612 0.0221641417592764 0.032425332814455 0.0158526580780745 0.0396801419556141 0.0618391744792461 0.0493227727711201 0.0525294095277786 0.0650056004524231 0.0899537652730942 0.0984684228897095 0.0252736490219831 0.0204771105200052 0.0261818245053291 0.0460309945046902 0.0975844338536263 0.100422412157059 0.119452811777592 0.124157600104809 0.115218706429005 0.104627519845963 0.121252693235874 0.1115962266922 0.110027283430099 0.105317048728466 0.0718910619616508 0.0746339559555054 0.0540054105222225 0.0261428002268076 0.0109788728877902 0.0145951919257641 0.0155390659347177 0.0365139618515968 0.0606295987963676 0.0598246827721596 0.0571749471127987 0.0591123551130295 0.0618449449539185 0.0502835661172867
