data/climate_estimation/maxent_output/Androcymbium_roseum.asc
NCOLS 107 
NROWS 188 
XLLCORNER 16.4166666666667 
YLLCORNER -32.9166666666667 
CELLSIZE 0.0833333333333333 
NODATA_value -3.4e+38 
[rows 40 to 59 of 188, columns 0 to 43 of 107]
0.865477681159973 0.895167171955109 0.917202711105347 0.926606893539429 0.926892757415771 0.938805878162384 0.942746937274933 0.950161099433899 0.94773942232132 0.953667342662811 0.955572843551636 0.958488166332245 0.957841098308563 0.95474773645401 0.960733771324158 0.960553884506226 0.967025816440582 0.965210676193237 0.966816246509552 0.968798935413361 0.967768371105194 0.96742570400238 0.96364825963974 0.967383205890656 0.967540383338928 0.964871883392334 0.965022623538971 0.965162634849548 0.968986034393311 0.967950105667114 0.968951106071472 0.964960753917694 0.964289844036102 0.964498043060303 0.966401398181915 0.958540618419647 0.963326334953308 0.964600443840027 0.964607119560242 0.965615630149841 0.968558549880981 0.968500733375549 0.969803869724274 0.966198086738586
0.895865142345428 0.900090336799622 0.919154226779938 0.926008284091949 0.936136305332184 0.944555580615997 0.95605057477951 0.953211843967438 0.954880952835083 0.959361553192139 0.960715234279633 0.961301028728485 0.961746990680695 0.961677849292755 0.966376006603241 0.97057044506073 0.974074184894562 0.731256783008575 0.971201956272125 0.971220672130585 0.972716152667999 0.973124265670776 0.969368994235992 0.969016909599304 0.96630471944809 0.970512688159943 0.97026115655899 0.969792664051056 0.967590987682343 0.96648371219635 0.964765429496765 0.968756437301636 0.965309739112854 0.967658936977386 0.968309581279755 0.963907182216644 0.969126462936401 0.965265810489655 0.968154013156891 0.968925476074219 0.96826833486557 0.970204293727875 0.968332946300507 0.971984446048737
0.907330572605133 0.919788599014282 0.925905644893646 0.933442413806915 0.937195956707001 0.942520916461945 0.950235247612 0.957331359386444 0.963563024997711 0.964264512062073 0.964903295040131 0.967574179172516 0.966988265514374 0.9679354429245 0.973838567733765 0.975415229797363 0.759135901927948 0.742024838924408 0.978454530239105 0.97763729095459 0.978022456169128 0.973614573478699 0.975613236427307 0.976267576217651 0.373951643705368 0.382262974977493 0.374247342348099 0.97267746925354 0.975597441196442 0.973321735858917 0.971504807472229 0.970813155174255 0.970835745334625 0.971967399120331 0.971790313720703 0.972307622432709 0.971584022045135 0.968449175357819 0.971815288066864 0.968379259109497 0.97297590970993 0.97122848033905 0.975370168685913 0.973003327846527
0.912307739257812 0.929318726062775 0.935121059417725 0.94037252664566 0.94362610578537 0.946237444877625 0.957809686660767 0.956427037715912 0.961483240127563 0.969978988170624 0.969391763210297 0.970974445343018 0.976420223712921 0.973383545875549 0.979830682277679 0.977414786815643 0.764619708061218 0.77015221118927 0.764106214046478 0.984292924404144 0.97633296251297 0.977221429347992 0.979249000549316 0.383988797664642 0.395988166332245 0.390477746725082 0.376501470804214 0.378369122743607 0.977262198925018 0.977292776107788 0.974824011325836 0.976294040679932 0.977184176445007 0.979235172271729 0.976167142391205 0.975861787796021 0.975707948207855 0.973011374473572 0.972286343574524 0.974290907382965 0.974194228649139 0.969959378242493 0.973987817764282 0.979067027568817
0.928892493247986 0.928654134273529 0.940134167671204 0.945083558559418 0.955905616283417 0.951620578765869 0.954388439655304 0.956243753433228 0.971015810966492 0.970249831676483 0.973762392997742 0.97562313079834 0.974135398864746 0.978913545608521 0.980368137359619 0.982976734638214 0.783222913742065 0.781934320926666 0.98247754573822 0.981312155723572 0.979625165462494 0.981522798538208 0.980124890804291 0.410521447658539 0.400991767644882 0.406867533922195 0.389511853456497 0.399146109819412 0.977209687232971 0.977857768535614 0.978167057037354 0.978935718536377 0.978550374507904 0.979107201099396 0.980190396308899 0.981416285037994 0.978823363780975 0.978391766548157 0.978698909282684 0.980246543884277 0.97863095998764 0.978155553340912 0.977039515972137 0.974781155586243
0.932060360908508 0.936380863189697 0.947998583316803 0.949977338314056 0.9549640417099 0.956146359443665 0.959006190299988 0.967573225498199 0.96728253364563 0.970851898193359 0.976942300796509 0.974583387374878 0.975929915904999 0.981925904750824 0.981706500053406 0.982342302799225 0.981713116168976 0.801353991031647 0.986205518245697 0.983516216278076 0.984914839267731 0.98331606388092 0.40922337770462 0.408604919910431 0.412739425897598 0.402146756649017 0.405978053808212 0.398753523826599 0.980692923069 0.981347680091858 0.981526374816895 0.981864213943481 0.980316340923309 0.9803386926651 0.983706057071686 0.981828629970551 0.983143925666809 0.982937037944794 0.980274021625519 0.979620814323425 0.978314697742462 0.982097923755646 0.97896534204483 0.980115294456482
0.946603536605835 0.945810258388519 0.95529967546463 0.954899966716766 0.964556038379669 0.967078924179077 0.970038235187531 0.966365337371826 0.973212718963623 0.971589684486389 0.972746670246124 0.976901650428772 0.975191652774811 0.980972528457642 0.987128555774689 0.984222650527954 0.984883308410645 0.986112892627716 0.986929893493652 0.986094772815704 0.985901951789856 0.984841287136078 0.985291361808777 0.420475423336029 0.416430771350861 0.417655438184738 0.427182406187057 0.418772310018539 0.98294997215271 0.982362449169159 0.981807351112366 0.984997391700745 0.983497023582458 0.984222590923309 0.985730051994324 0.986318826675415 0.98834890127182 0.987836420536041 0.983085155487061 0.982971608638763 0.983799040317535 0.983813345432281 0.980783343315125 0.980387926101685
0.946057200431824 0.957009196281433 0.958600461483002 0.962462425231934 0.967405200004578 0.972611248493195 0.972888290882111 0.974823892116547 0.975350379943848 0.978805422782898 0.979423940181732 0.978698134422302 0.98375678062439 0.981777012348175 0.985523164272308 0.987434506416321 0.98837798833847 0.984647870063782 0.986701488494873 0.986219942569733 0.986411929130554 0.986432552337646 0.986696004867554 0.428214073181152 0.437093496322632 0.433241844177246 0.425961792469025 0.429460436105728 0.985171377658844 0.983441114425659 0.984564006328583 0.985223531723022 0.985912501811981 0.987182676792145 0.985989987850189 0.988249719142914 0.989133059978485 0.987448692321777 0.989123165607452 0.986885726451874 0.987449586391449 0.985660374164581 0.98720782995224 0.984915256500244
0.952405095100403 0.95845627784729 0.964844346046448 0.967303693294525 0.96902984380722 0.968223810195923 0.971874594688416 0.976880609989166 0.978341341018677 0.981163382530212 0.980319380760193 0.984340369701385 0.982164740562439 0.985710501670837 0.986163318157196 0.987660884857178 0.986928880214691 0.987838685512543 0.985820829868317 0.988225936889648 0.987123668193817 0.986888647079468 0.987382650375366 0.986035645008087 0.440072566270828 0.426541835069656 0.434409439563751 0.987073242664337 0.988337695598602 0.985979974269867 0.988746583461761 0.986687064170837 0.989865362644196 0.989827275276184 0.988869786262512 0.990071713924408 0.990146398544312 0.990182042121887 0.990828812122345 0.989681243896484 0.98999410867691 0.988691508769989 0.988999545574188 0.98646342754364
0.956511259078979 0.963782966136932 0.965036809444427 0.973861575126648 0.973171293735504 0.97554087638855 0.975086271762848 0.980349898338318 0.976896405220032 0.975984573364258 0.981715679168701 0.984698712825775 0.986284375190735 0.988915741443634 0.98692262172699 0.987448751926422 0.989486575126648 0.987916648387909 0.989055275917053 0.987438499927521 0.989014685153961 0.988880515098572 0.988591074943542 0.988233089447021 0.987181067466736 0.988594114780426 0.989237248897552 0.988139271736145 0.989499688148499 0.987313449382782 0.988927364349365 0.990249395370483 0.990026593208313 0.991536915302277 0.99202686548233 0.992269694805145 0.992606937885284 0.992339551448822 0.992506146430969 0.991855978965759 0.992112576961517 0.989964246749878 0.450502246618271 0.448379278182983
0.958771288394928 0.971199691295624 0.974401772022247 0.972145259380341 0.979294896125793 0.97900128364563 0.980189263820648 0.981458306312561 0.978204786777496 0.976868867874146 0.982182681560516 0.985346436500549 0.986583530902863 0.984645426273346 0.989148199558258 0.989744961261749 0.986862659454346 0.98827075958252 0.987889885902405 0.987987101078033 0.98926317691803 0.988734424114227 0.988767981529236 0.990374088287354 0.989958822727203 0.990002930164337 0.988894879817963 0.990441858768463 0.9882932305336 0.990680456161499 0.989622116088867 0.990911066532135 0.991160809993744 0.992243885993958 0.992532253265381 0.994004845619202 0.993867754936218 0.994004189968109 0.993467748165131 0.9933140873909 0.992064476013184 0.480035126209259 0.479885429143906 0.464118421077728
0.970142185688019 0.968875408172607 0.97652679681778 0.981010138988495 0.977287471294403 0.979108810424805 0.980113565921783 0.983867228031158 0.982080698013306 0.984903991222382 0.983242213726044 0.98451042175293 0.986615598201752 0.989002645015717 0.989400804042816 0.989816188812256 0.987969696521759 0.991194367408752 0.989190936088562 0.989427626132965 0.989579916000366 0.989798367023468 0.990449130535126 0.989781498908997 0.990075707435608 0.990439653396606 0.991183340549469 0.992492198944092 0.991001963615417 0.992216289043427 0.992435872554779 0.991628646850586 0.992226362228394 0.992547988891602 0.993144512176514 0.994230031967163 0.994149148464203 0.993808269500732 0.994790315628052 0.994266748428345 0.488081157207489 0.489207237958908 0.486080348491669 0.494907766580582
0.97553551197052 0.974936306476593 0.981435060501099 0.981406331062317 0.979304909706116 0.979758322238922 0.983133912086487 0.985091686248779 0.985975682735443 0.98543381690979 0.986704766750336 0.986536860466003 0.989430069923401 0.989632725715637 0.989911794662476 0.98998087644577 0.991103887557983 0.991047620773315 0.990986764431 0.991798639297485 0.989078879356384 0.990943551063538 0.992557942867279 0.992312252521515 0.992257297039032 0.993395745754242 0.993800759315491 0.992695808410645 0.993791103363037 0.993259191513062 0.992538511753082 0.991922378540039 0.993225336074829 0.992734849452972 0.994477212429047 0.995417356491089 0.995388448238373 0.996132910251617 0.995437562465668 0.511048197746277 0.50443971157074 0.490755438804626 0.499613672494888 0.495233625173569
0.982894420623779 0.982809901237488 0.984840750694275 0.985331594944 0.984048306941986 0.983954787254333 0.984889924526215 0.985515892505646 0.9873166680336 0.987117409706116 0.988021671772003 0.985720455646515 0.989922761917114 0.987580895423889 0.990173399448395 0.989303588867188 0.989760875701904 0.988819181919098 0.991958558559418 0.992780566215515 0.991622030735016 0.992665946483612 0.992623090744019 0.992808878421783 0.994022965431213 0.993237912654877 0.995149314403534 0.994491934776306 0.994355261325836 0.994759917259216 0.994592368602753 0.994034767150879 0.994348049163818 0.995296597480774 0.994958341121674 0.995582103729248 0.996058821678162 0.996460139751434 0.512934744358063 0.524095416069031 0.516294181346893 0.519023180007935 0.514215409755707 0.507449865341187
0.981084108352661 0.982214510440826 0.983902275562286 0.986983001232147 0.989372551441193 0.990327954292297 0.990608215332031 0.991661787033081 0.990964472293854 0.991178333759308 0.991027772426605 0.989955246448517 0.98882007598877 0.988880217075348 0.990134000778198 0.990164160728455 0.989846587181091 0.990972995758057 0.991841197013855 0.991700530052185 0.993266582489014 0.99271285533905 0.993807375431061 0.9935302734375 0.99485170841217 0.994541585445404 0.99548727273941 0.995725989341736 0.995619118213654 0.995698988437653 0.99579256772995 0.995579957962036 0.995148718357086 0.996499240398407 0.995841503143311 0.996040284633636 0.996999740600586 0.532283306121826 0.526522636413574 0.516965210437775 0.529257833957672 0.52305269241333 0.509698569774628 0.522178471088409
0.980416178703308 0.986648976802826 0.989391326904297 0.993004858493805 0.994938254356384 0.996254324913025 0.996839046478271 0.994922280311584 0.994416117668152 0.993409037590027 0.993063509464264 0.990499794483185 0.988727688789368 0.989483416080475 0.989764153957367 0.989943742752075 0.98958033323288 0.990237474441528 0.992480933666229 0.994367122650146 0.993324756622314 0.994375109672546 0.994961678981781 0.995774030685425 0.995627224445343 0.995161533355713 0.995708525180817 0.996568024158478 0.996613681316376 0.996279776096344 0.995218336582184 0.996750712394714 0.995926678180695 0.996777653694153 0.997104585170746 0.996962010860443 0.537689208984375 0.534568130970001 0.542388498783112 0.541189849376678 0.541726648807526 0.517131626605988 0.520815253257751 0.513768494129181
0.986294686794281 0.989510595798492 0.993574738502502 0.996126294136047 0.997619211673737 0.998414874076843 0.997227847576141 0.996457278728485 0.995189964771271 0.994011461734772 0.991448760032654 0.989917635917664 0.989326298236847 0.989649295806885 0.989381074905396 0.98926967382431 0.991479516029358 0.991803526878357 0.992652535438538 0.99483448266983 0.995335280895233 0.995460689067841 0.996343374252319 0.996674418449402 0.997016727924347 0.997074484825134 0.996841728687286 0.997237205505371 0.997619211673737 0.996815383434296 0.996923208236694 0.996776700019836 0.9973384141922 0.996958673000336 0.996748924255371 0.538449704647064 0.549471497535706 0.550427615642548 0.551315546035767 0.561051905155182 0.535684406757355 0.519748210906982 0.529526054859161 0.527489185333252
0.987353265285492 0.994526147842407 0.995993673801422 0.997772812843323 0.998216331005096 0.998291611671448 0.998058438301086 0.996264338493347 0.994731307029724 0.991912484169006 0.99065226316452 0.991137266159058 0.99062716960907 0.98960930109024 0.990314424037933 0.990050792694092 0.990699112415314 0.991604566574097 0.993410229682922 0.994572997093201 0.994876384735107 0.995508134365082 0.99639880657196 0.996740162372589 0.997541129589081 0.997358500957489 0.996711254119873 0.9977947473526 0.99824196100235 0.998066008090973 0.997856497764587 0.998113811016083 0.997638940811157 0.997952938079834 0.551591813564301 0.551000595092773 0.554767489433289 0.568439960479736 0.566163718700409 0.550485193729401 0.54832535982132 0.545740902423859 0.546103000640869 0.518668413162231
0.990541458129883 0.995074033737183 0.996262669563293 0.997540533542633 0.997484564781189 0.997372984886169 0.997600376605988 0.996264100074768 0.992780327796936 0.989204883575439 0.990485191345215 0.990087628364563 0.988422572612762 0.988121032714844 0.988203406333923 0.989857912063599 0.990394055843353 0.992524385452271 0.99402928352356 0.994504034519196 0.995030581951141 0.99655693769455 0.99729859828949 0.996504724025726 0.997732996940613 0.998291313648224 0.998128652572632 0.998394131660461 0.998525977134705 0.998044848442078 0.998560667037964 0.998396337032318 0.998282253742218 0.568044543266296 0.554641246795654 0.570952475070953 0.564284205436707 0.577551782131195 0.553953528404236 0.542358458042145 0.551410138607025 0.53294426202774 0.530807852745056 0.520241439342499
0.990336060523987 0.991747260093689 0.996525943279266 0.997911155223846 0.998070120811462 0.997910678386688 0.997383177280426 0.995629131793976 0.991687476634979 0.988938927650452 0.988657355308533 0.98962277173996 0.989360988140106 0.989272832870483 0.990797638893127 0.990988314151764 0.992815732955933 0.994667291641235 0.995301067829132 0.995681643486023 0.996171474456787 0.996687948703766 0.99754786491394 0.997942984104156 0.99844878911972 0.998647570610046 0.998514354228973 0.998642265796661 0.998761534690857 0.998785316944122 0.579090774059296 0.998617827892303 0.563495099544525 0.564338684082031 0.578880131244659 0.558238804340363 0.570010185241699 0.565532207489014 0.562314748764038 0.557087004184723 0.546546876430511 0.54036557674408 0.543222069740295 0.534873247146606
