data/climate_estimation/maxent_output/Androcymbium_exiguum.asc
NCOLS 30 
NROWS 110 
XLLCORNER 16.3333333333333 
YLLCORNER -30.9166666666667 
CELLSIZE 0.0833333333333333 
NODATA_value -3.4e+38 
[rows 0 to 30 of 110, columns 0 to 29 of 30]
0.008063431829214 0.00661363452672958 0.00711028045043349 0.00749033922329545 0.00933234766125679 0.00857384968549013 0.0103254672139883 0.00993280299007893 0.0104933381080627 0.0101378289982677 0.00999969709664583 0.0129323061555624 0.0155319552868605 0.0151820741593838 0.0148602919653058 0.0196629259735346 0.0209160186350346 0.0176071971654892 0.0210391096770763 0.0212254319339991 0.0229846015572548 0.0219822451472282 0.0217608772218227 0.0230333805084229 0.0193183477967978 0.0207643359899521 0.0219065696001053 0.0229574907571077 0.0231865234673023 0.0193401500582695
0.0076278536580503 0.00632055103778839 0.00697197346016765 0.00652610324323177 0.00751970196142793 0.00755515601485968 0.00764090800657868 0.00925954524427652 0.00918129552155733 0.0107666393741965 0.0111248167231679 0.0131077524274588 0.0146314045414329 0.0145088220015168 0.016066012904048 0.0161194000393152 0.0185431223362684 0.0188109241425991 0.0198849868029356 0.0207680519670248 0.024696147069335 0.0215338096022606 0.0231004450470209 0.0240676440298557 0.0254249144345522 0.0211531706154346 0.0208556745201349 0.020006138831377 0.0210468377918005 0.0210866946727037
0.00709086051210761 0.00564442155882716 0.00498788198456168 0.00548966508358717 0.00723140360787511 0.00705825816839933 0.00639131991192698 0.00763996271416545 0.00810794718563557 0.0107625387609005 0.0121741946786642 0.0125604569911957 0.0128783639520407 0.0150129226967692 0.0141958082094789 0.0161589030176401 0.0165096931159496 0.0190374869853258 0.0188896618783474 0.0227549877017736 0.0230634901672602 0.0260018948465586 0.0241651553660631 0.0257770381867886 0.0266366358846426 0.0246085301041603 0.02326949685812 0.0241826139390469 0.0243049431592226 0.0250364579260349
0.00550118228420615 0.00585819967091084 0.00614959234371781 0.00495986035093665 0.0068499525077641 0.00624312413856387 0.0054655228741467 0.00764668406918645 0.00903432816267014 0.00971314776688814 0.0124397575855255 0.0133265070617199 0.0140612032264471 0.0151162520051003 0.0153175117447972 0.0151268895715475 0.0171988047659397 0.0157659985125065 0.0201959274709225 0.0213652886450291 0.0209923218935728 0.0248839389532804 0.0263406410813332 0.0297426357865334 0.027451541274786 0.027855958789587 0.0273573026061058 0.0234125610440969 0.0266902260482311 0.0246133729815483
0.00595657667145133 0.00593695929273963 0.00629344442859292 0.00742285791784525 0.00715276831761003 0.00579679664224386 0.00584979960694909 0.00753115396946669 0.0104764308780432 0.0113140819594264 0.0109501630067825 0.0108768185600638 0.0137694524601102 0.0142888892441988 0.0151445399969816 0.0155184147879481 0.0146397231146693 0.0170044805854559 0.018977053463459 0.0200028847903013 0.0217116270214319 0.0259891636669636 0.0287604052573442 0.0307405777275562 0.0261095240712166 0.0274764392524958 0.0277573447674513 0.0287527292966843 0.0282690860331059 0.0282683968544006
0.00594701990485191 0.00750400079414248 0.00800916086882353 0.00696543138474226 0.00802461337298155 0.00789389386773109 0.00868739373981953 0.00910812243819237 0.0101179825142026 0.0114167686551809 0.0115657094866037 0.0097167044878006 0.0127146691083908 0.0118344081565738 0.0123746925964952 0.0159869864583015 0.0142533527687192 0.0162085592746735 0.0196173489093781 0.022338168695569 0.0242305193096399 0.0287177469581366 0.0271017849445343 0.0276985671371222 0.0291177555918694 0.0293816234916449 0.0300525017082691 0.0294440444558859 0.0282568447291851 0.0298076178878546
0.00743347546085715 0.00795230269432068 0.0062380195595324 0.00730765331536531 0.00674108695238829 0.00956991594284773 0.00890552159398794 0.00977087207138538 0.00954030454158783 0.010115216486156 0.0105377715080976 0.0112855145707726 0.0106015978381038 0.0132978772744536 0.0136424042284489 0.0154171539470553 0.0181681141257286 0.0191969927400351 0.0222105532884598 0.0243103206157684 0.0247922018170357 0.0257549565285444 0.0295145288109779 0.0311717707663774 0.027740404009819 0.0327971056103706 0.0315136015415192 0.0297211352735758 0.0284660756587982 0.0299811773002148
0.0072443182580173 0.00883532501757145 0.00851608067750931 0.00923070032149553 0.00978415552526712 0.00857042614370584 0.0121511686593294 0.00915657915174961 0.0102958539500833 0.0112699056044221 0.0106922872364521 0.0102502135559916 0.00895669218152761 0.0129831610247493 0.0140786999836564 0.0202762596309185 0.019650761038065 0.0193615388125181 0.0238368175923824 0.0291904453188181 0.0297249257564545 0.0289929062128067 0.0321763604879379 0.0272463299334049 0.0318024419248104 0.0315989963710308 0.0342127420008183 0.0333632379770279 0.0289057567715645 0.0312044657766819
0.00915654003620148 0.00923520419746637 0.012058568187058 0.0113759022206068 0.0119958389550447 0.00977693311870098 0.0105854701250792 0.0105696292594075 0.0110312327742577 0.0106345759704709 0.0113253621384501 0.00991026405245066 0.0101419137790799 0.0107028326019645 0.0148420073091984 0.0196836777031422 0.0230164863169193 0.0212955120950937 0.0237582791596651 0.0264065694063902 0.0271939467638731 0.0289503782987595 0.0269492585211992 0.0300696175545454 0.031397633254528 0.0316945873200893 0.0320328138768673 0.0283307861536741 0.0329795964062214 0.0279581770300865
0.0104981921613216 0.00922376289963722 0.0116464449092746 0.0100575461983681 0.0120936688035727 0.0115841645747423 0.0127418208867311 0.0147531572729349 0.0125728119164705 0.0132474731653929 0.0117934215813875 0.0100264986976981 0.0093735009431839 0.00980103574693203 0.0142580829560757 0.0186471007764339 0.0196716096252203 0.0241395495831966 0.0278028137981892 0.0296278707683086 0.0274916365742683 0.0288752596825361 0.0339556112885475 0.0348133333027363 0.0298816543072462 0.0301587469875813 0.035867590457201 0.0288364365696907 0.0303418729454279 0.0303205233067274
0.0134717058390379 0.0101456604897976 0.0141946291550994 0.0137366345152259 0.0115450285375118 0.012164518237114 0.0149644464254379 0.012570621445775 0.0148371951654553 0.0129501046612859 0.0105104763060808 0.0117158573120832 0.0121602201834321 0.0129191521555185 0.0139978751540184 0.0184371192008257 0.01990114338696 0.024532038718462 0.0258645489811897 0.0306915137916803 0.0283703431487083 0.0274759884923697 0.0319658629596233 0.0389170609414577 0.0377460531890392 0.0357905626296997 0.0329065546393394 0.0362921841442585 0.0313537530601025 0.0295747872442007
0.0135165583342314 0.0134553918614984 0.0116909435018897 0.0134353572502732 0.0113978339359164 0.012464695610106 0.0117931654676795 0.0130719542503357 0.0111319124698639 0.0138484034687281 0.0142682613804936 0.0137074170634151 0.0119697526097298 0.0163068305701017 0.015856621786952 0.0203939042985439 0.0192923489958048 0.0239802859723568 0.0265561733394861 0.0282264836132526 0.0297798961400986 0.0320100709795952 0.0377691835165024 0.0417723469436169 0.0389795713126659 0.0312501303851604 0.0327077843248844 0.0339222028851509 0.0295054130256176 0.0282398816198111
0.0118214469403028 0.0143967717885971 0.0149033078923821 0.0105344206094742 0.0138130849227309 0.0135395713150501 0.0122423693537712 0.0133518325164914 0.0127600906416774 0.0152590917423368 0.0129548832774162 0.0152669819071889 0.0170396585017443 0.0169427432119846 0.0195722691714764 0.0180513821542263 0.024125374853611 0.0235589761286974 0.0311061087995768 0.0348335728049278 0.0358905009925365 0.0319819189608097 0.0328099317848682 0.0343602858483791 0.0346402265131474 0.0305788181722164 0.0370064973831177 0.0342885665595531 0.0279310867190361 0.0272105094045401
0.0110166696831584 0.0101204561069608 0.0118449758738279 0.014654815196991 0.0113351894542575 0.0137071264907718 0.0118335131555796 0.0129356794059277 0.0144314747303724 0.0142370751127601 0.013559278100729 0.01615727879107 0.0153801348060369 0.0157697722315788 0.020763797685504 0.0183548498898745 0.0183732770383358 0.0247628968209028 0.0270531456917524 0.0330774821341038 0.0326521210372448 0.037704236805439 0.0386684313416481 0.0429419465363026 0.0339552573859692 0.0374100729823112 0.036169670522213 0.0308692399412394 0.0307337436825037 0.0248667094856501
0.00991066172719002 0.0160930845886469 0.0138783706352115 0.0128317214548588 0.0125154592096806 0.0132955741137266 0.0143319498747587 0.01094323489815 0.0152118289843202 0.0145318247377872 0.0151101220399141 0.0173283088952303 0.017728466540575 0.0200646631419659 0.0186097342520952 0.0208070203661919 0.022827435284853 0.0269712377339602 0.0351180471479893 0.0324032604694366 0.0373088419437408 0.0343006104230881 0.0371644198894501 0.037382859736681 0.0362583510577679 0.0366081260144711 0.0347241833806038 0.0321989320218563 0.0277604032307863 0.0273150429129601
0.0131156519055367 0.0112010492011905 0.014825327321887 0.0166076812893152 0.0155497463420033 0.01295864302665 0.010078702121973 0.0121891051530838 0.0139244440943003 0.0111454557627439 0.0144566344097257 0.0153159918263555 0.0163630153983831 0.0196089949458838 0.021776806563139 0.0215233992785215 0.0210934728384018 0.0280012749135494 0.0234711933881044 0.0319378860294819 0.0392993241548538 0.0311973169445992 0.0385184064507484 0.0326783359050751 0.030589060857892 0.0320597663521767 0.0335718356072903 0.0302345622330904 0.0242677293717861 0.0254160743206739
0.0167782064527273 0.0136432964354753 0.0146414991468191 0.0113009586930275 0.0124463876709342 0.0116092041134834 0.0100605832412839 0.0116871744394302 0.00992716103792191 0.0121546732261777 0.0117245959118009 0.0145454462617636 0.0134445829316974 0.0160897243767977 0.0152553301304579 0.0195325911045074 0.0238820612430573 0.0215329434722662 0.0229744631797075 0.0230554696172476 0.0255467053502798 0.0318226367235184 0.0319246202707291 0.0325702764093876 0.0337370671331882 0.0285334940999746 0.0299110673367977 0.0260556284338236 0.0300217010080814 0.0223908629268408
0.0108874104917049 0.0112574445083737 0.014351349323988 0.0127046592533588 0.015637893229723 0.00799238681793213 0.00751742720603943 0.00875897612422705 0.0120316920801997 0.0116677135229111 0.0113208331167698 0.0121511090546846 0.0131210302934051 0.017026899382472 0.0181990675628185 0.0196846574544907 0.0175998415797949 0.0206967983394861 0.018211092799902 0.0239682383835316 0.0272782556712627 0.0309619586914778 0.0245286822319031 0.0254613868892193 0.0260418597608805 0.0342008396983147 0.0328610017895699 0.0302042905241251 0.02677764557302 0.0270911082625389
0.0127688106149435 0.0118271615356207 0.0110731897875667 0.0119439046829939 0.0120030241087079 0.00927227456122637 0.00800947099924088 0.00985972303897142 0.0082612531259656 0.00990160275250673 0.00989852752536535 0.0110571328550577 0.013009742833674 0.0127215571701527 0.0112407859414816 0.0135478805750608 0.0126103246584535 0.0168860033154488 0.0194514151662588 0.0160462744534016 0.017632806673646 0.0221527405083179 0.0232548024505377 0.0268199536949396 0.0261914785951376 0.0263158846646547 0.0301990061998367 0.0299679413437843 0.0233137998729944 0.0225687641650438
0.00998327508568764 0.0100666088983417 0.0116355372592807 0.0103659443557262 0.00843246374279261 0.00823603663593531 0.00796246062964201 0.00727021973580122 0.00863591302186251 0.00731967994943261 0.00836624391376972 0.00919393356889486 0.0107282381504774 0.0116644883528352 0.0130718154832721 0.013127495534718 0.0121915591880679 0.0119832707569003 0.0130353486165404 0.0127137862145901 0.0152955446392298 0.0199273880571127 0.0227474980056286 0.02677714638412 0.0273871086537838 0.0307463873177767 0.0301779843866825 0.0313555710017681 0.0283850226551294 0.0290426444262266
0.00824077799916267 0.00847507175058126 0.00626215897500515 0.00766535196453333 0.0055751740001142 0.00598278362303972 0.00671610608696938 0.00577081926167011 0.00592762371525168 0.00750471698120236 0.00947510730475187 0.00751066021621227 0.00906998850405216 0.0101940874010324 0.00997767690569162 0.0112780863419175 0.00821882858872414 0.0120917670428753 0.0126451840624213 0.0129609927535057 0.0111812651157379 0.0144516425207257 0.0175958685576916 0.0187405385077 0.019164452329278 0.0213873703032732 0.0292903166264296 0.0320125259459019 0.0311061087995768 0.0261945929378271
0.0106387035921216 0.00627221073955297 0.00435331324115396 0.00526537653058767 0.00374500663019717 0.00407547410577536 0.00566307548433542 0.00524705043062568 0.00560342008247972 0.00713918078690767 0.00665472541004419 0.00855641067028046 0.00643480103462934 0.0076921246945858 0.0082568284124136 0.00930351670831442 0.0105980997905135 0.00941705796867609 0.00893231760710478 0.00986353866755962 0.0110299848020077 0.0138423396274447 0.0163460038602352 0.0201533455401659 0.0183968804776669 0.0193002726882696 0.0214424878358841 0.0291211064904928 0.0311859752982855 0.0280063115060329
0.0078356983140111 0.00689096376299858 0.00531987799331546 0.00363239436410367 0.00392462546005845 0.00323194148950279 0.0030917173717171 0.00326148653402925 0.00557568669319153 0.00447774399071932 0.00630326475948095 0.00587195344269276 0.00760381994768977 0.00872253999114037 0.00662714103236794 0.00617223139852285 0.00659725675359368 0.00681951967999339 0.00677124364301562 0.00663083652034402 0.00918212067335844 0.0109217260032892 0.0160641502588987 0.0175168290734291 0.0162990633398294 0.0174646191298962 0.0176611710339785 0.0190648082643747 0.0190249867737293 0.0215254817157984
0.00677000265568495 0.00404278142377734 0.00405681971460581 0.0022211296018213 0.00235583633184433 0.00267034326680005 0.00257095508277416 0.00333495647646487 0.00423751678317785 0.0052729737944901 0.00441345199942589 0.00554502895101905 0.00467044161632657 0.00586504908278584 0.00687463954091072 0.00747357401996851 0.0070958212018013 0.00760739156976342 0.00703937187790871 0.00694876722991467 0.00740705849602818 0.00935286376625299 0.011500190012157 0.0101047549396753 0.0136465430259705 0.0143896164372563 0.0140373269096017 0.0151318674907088 0.0150733357295394 0.0171374380588531
0.0057749361731112 0.00346053764224052 0.00329373404383659 0.00153715559281409 0.00186252570711076 0.00224729045294225 0.0019306386820972 0.00388718280009925 0.00303041865117848 0.00362585345283151 0.0041843387298286 0.00569932954385877 0.0052833640947938 0.00452974438667297 0.0046396623365581 0.00421501556411386 0.00530863553285599 0.00490564946085215 0.00419620517641306 0.00606882339343429 0.00650869542732835 0.00862527079880238 0.0102820713073015 0.0084957554936409 0.00743969576433301 0.010073603130877 0.0110685806721449 0.0117770042270422 0.0121627813205123 0.0144385350868106
0.00517016230151057 0.00317041506059468 0.00296397227793932 0.00176651158835739 0.00169460813049227 0.00195616413839161 0.00260324403643608 0.003191904630512 0.00395195512101054 0.00304026575759053 0.00391052709892392 0.00433378200978041 0.00551927369087934 0.00458754552528262 0.00563356233760715 0.00525406282395124 0.00486760679632425 0.00452151987701654 0.00394191592931747 0.00494099967181683 0.00507908454164863 0.00611722003668547 0.00623535178601742 0.00597972562536597 0.00506608188152313 0.0067126490175724 0.0071374555118382 0.00853367336094379 0.0107333371415734 0.0129301268607378
0.00457046180963516 0.00351193198002875 0.00269127730280161 0.00231030629947782 0.00163648987654597 0.00210181716829538 0.00250143860466778 0.0027901902794838 0.00325594958849251 0.00381798855960369 0.00462363939732313 0.00379008357413113 0.00455131102353334 0.00451899599283934 0.00509516568854451 0.0052367802709341 0.00515853194519877 0.00427682418376207 0.00395747553557158 0.00318039744161069 0.00421020435169339 0.0042054052464664 0.00431851577013731 0.00322143291123211 0.00428454717621207 0.00405971286818385 0.00477086706086993 0.00645345496013761 0.00836220383644104 0.0112471710890532
0.00633635371923447 0.00286362064071 0.00317922281101346 0.0026840902864933 0.00268507655709982 0.00342823029495776 0.00248603872023523 0.00297851860523224 0.00322021101601422 0.00406650360673666 0.00398396560922265 0.00483549851924181 0.00342489127069712 0.0052527547813952 0.00339160137809813 0.00344201503321528 0.00520432973280549 0.00432832166552544 0.00341174169443548 0.00272904941812158 0.00350396381691098 0.00294077908620238 0.00295215402729809 0.00232992274686694 0.00260298140347004 0.00219189235940576 0.00308368913829327 0.00429081823676825 0.00647133076563478 0.00957490038126707
0.005783808417618 0.00242930627427995 0.00327639002352953 0.00325937638990581 0.00329284672625363 0.00398801546543837 0.00359613355249166 0.00424542976543307 0.00417875964194536 0.00448472844436765 0.00472624134272337 0.00468109780922532 0.00438653584569693 0.00431566452607512 0.00306605664081872 0.00315767945721745 0.00276647973805666 0.00380784692242742 0.00295266672037542 0.00239862268790603 0.00297432020306587 0.0026021609082818 0.0022224779240787 0.00169829663354903 0.00170344836078584 0.00136408396065235 0.00208625360392034 0.00359542621299624 0.00549533171579242 0.00878463219851255
0.00588848209008574 0.00347863906063139 0.00275615486316383 0.00306360912509263 0.00345566892065108 0.00428643124178052 0.00428103562444448 0.00436307955533266 0.00472034374251962 0.00456998590379953 0.00641783606261015 0.00558963790535927 0.00466355355456471 0.00292198453098536 0.00415410427376628 0.00335709122009575 0.00248710135929286 0.00330554391257465 0.00252372492104769 0.00217477953992784 0.00255339429713786 0.002073964336887 0.00189741898793727 0.0015257295453921 0.00175802898593247 0.00161053775809705 0.00215880386531353 0.00340182590298355 0.00627279747277498 0.00818548910319805
0.00495242746546865 0.00412971898913383 0.00415973691269755 0.00265405047684908 0.00328061822801828 0.00456392019987106 0.00923244282603264 0.0100310686975718 0.00674637872725725 0.00487502245232463 0.00671024760231376 0.00462362123653293 0.0045726066455245 0.00457732565701008 0.00423898873850703 0.00341363111510873 0.00284037389792502 0.00211076065897942 0.00230538309551775 0.00168646464589983 0.00158154801465571 0.00170246523339301 0.00189696787856519 0.00157454365398735 0.00200263340957463 0.00207772688008845 0.00274991779588163 0.00370563473552465 0.00607046578079462 0.00808118470013142
