data/climate_estimation/maxent_output/Androcymbium_decipiens.asc
NCOLS 77 
NROWS 39 
XLLCORNER 25.8333333333333 
YLLCORNER -30.0833333333333 
CELLSIZE 0.0833333333333333 
NODATA_value -3.4e+38 
[rows 0 to 19 of 39, columns 0 to 45 of 77]
0.504256904125214 0.510273933410645 0.515679597854614 0.517782688140869 0.524847686290741 0.527382254600525 0.538973867893219 0.536774933338165 0.545746862888336 0.542644381523132 0.540520191192627 0.538273096084595 0.537901699542999 0.541608393192291 0.540404260158539 0.539067983627319 0.546371102333069 0.548757612705231 0.54407811164856 0.550239562988281 0.565006613731384 0.568853318691254 0.567849099636078 0.572360098361969 0.571183025836945 0.563236951828003 0.562024176120758 0.558812260627747 0.560835421085358 0.559924304485321 0.571449995040894 0.572739899158478 0.582045078277588 0.600157618522644 0.60544228553772 0.598732233047485 0.592339754104614 0.587737202644348 0.581502437591553 0.568543970584869 0.565844535827637 0.567210137844086 0.577426493167877 0.586817622184753 0.59586364030838 0.611356258392334
0.504739880561829 0.510067462921143 0.51175981760025 0.517498016357422 0.524765729904175 0.523999035358429 0.532566726207733 0.534166693687439 0.538223445415497 0.534462869167328 0.532034337520599 0.526321053504944 0.530918717384338 0.532746911048889 0.536282658576965 0.538187146186829 0.542811870574951 0.545113801956177 0.545876920223236 0.5523641705513 0.564810931682587 0.56857842206955 0.569292008876801 0.571375012397766 0.571019947528839 0.568797826766968 0.568989753723145 0.55997908115387 0.560017108917236 0.563036859035492 0.563567638397217 0.568256676197052 0.582759141921997 0.579643964767456 0.588145136833191 0.589368104934692 0.58389937877655 0.583575904369354 0.576446890830994 0.566436052322388 0.560325145721436 0.565448760986328 0.577108919620514 0.587664425373077 0.599277913570404 0.609817147254944
0.494936734437943 0.497319102287292 0.509770572185516 0.514032006263733 0.513768494129181 0.516530573368073 0.519725978374481 0.520396530628204 0.522091627120972 0.519892752170563 0.520527005195618 0.516331732273102 0.521590530872345 0.519326746463776 0.532634377479553 0.535908997058868 0.537000477313995 0.543256759643555 0.547313451766968 0.551948010921478 0.554253995418549 0.567370116710663 0.572637259960175 0.574769914150238 0.576960980892181 0.575823366641998 0.576433420181274 0.570874333381653 0.565481543540955 0.561464607715607 0.569811820983887 0.572218716144562 0.567451477050781 0.577298879623413 0.586455583572388 0.586812674999237 0.582868158817291 0.582755923271179 0.573728561401367 0.572069823741913 0.565607249736786 0.569689393043518 0.583382666110992 0.594317257404327 0.605493009090424 0.613551914691925
0.486390322446823 0.488890022039413 0.504011511802673 0.509761214256287 0.512297689914703 0.50942987203598 0.513043642044067 0.509383082389832 0.504867136478424 0.508024454116821 0.509247422218323 0.514685094356537 0.511635601520538 0.516526103019714 0.52382892370224 0.530413866043091 0.533684134483337 0.541232049465179 0.537752032279968 0.550232470035553 0.556391537189484 0.564131796360016 0.570590674877167 0.572834134101868 0.580049276351929 0.586902737617493 0.582606971263885 0.580375730991364 0.573503315448761 0.568024694919586 0.562591910362244 0.566147267818451 0.56707090139389 0.574015080928802 0.583644866943359 0.589424014091492 0.587110638618469 0.584255754947662 0.587144553661346 0.579555630683899 0.581956148147583 0.588282644748688 0.594337999820709 0.605367481708527 0.610780239105225 0.615822434425354
0.481545031070709 0.48976868391037 0.496403068304062 0.499026924371719 0.50757908821106 0.51349949836731 0.51310271024704 0.500909686088562 0.496151119470596 0.484177142381668 0.48763245344162 0.494589805603027 0.50350034236908 0.509403884410858 0.518481612205505 0.52176296710968 0.525905311107635 0.524065792560577 0.529582440853119 0.536619246006012 0.548438847064972 0.556572496891022 0.562292516231537 0.573282480239868 0.578900456428528 0.585169672966003 0.58794379234314 0.583299279212952 0.570942580699921 0.569879055023193 0.562998175621033 0.56013011932373 0.56498920917511 0.574864625930786 0.586747407913208 0.594155132770538 0.589406728744507 0.596689462661743 0.597754180431366 0.598696529865265 0.597740054130554 0.593296349048615 0.600959658622742 0.603213489055634 0.607769250869751 0.623128533363342
0.484848648309708 0.490673452615738 0.493542432785034 0.504401862621307 0.511827766895294 0.510651350021362 0.511426031589508 0.504202663898468 0.483934074640274 0.469280481338501 0.473320871591568 0.487130522727966 0.502812147140503 0.508820474147797 0.517613410949707 0.518115341663361 0.52021598815918 0.524416863918304 0.5303595662117 0.539020121097565 0.548342227935791 0.556689381599426 0.559777200222015 0.56764155626297 0.581198990345001 0.593103408813477 0.589585781097412 0.582981050014496 0.571986317634583 0.570384800434113 0.559744298458099 0.552777767181396 0.554094195365906 0.571101903915405 0.583267986774445 0.593511939048767 0.603052020072937 0.609389066696167 0.608878314495087 0.609075784683228 0.616143584251404 0.613409578800201 0.612685859203339 0.61200475692749 0.627005457878113 0.626314461231232
0.490489602088928 0.493770390748978 0.503366827964783 0.512205719947815 0.512564837932587 0.51851761341095 0.51824551820755 0.509984195232391 0.483267068862915 0.450602173805237 0.468174546957016 0.489340096712112 0.505160987377167 0.512948632240295 0.521990835666656 0.524654269218445 0.531306564807892 0.530026078224182 0.535534024238586 0.5426304936409 0.551357448101044 0.561159729957581 0.571999251842499 0.573261439800262 0.579203248023987 0.591293811798096 0.581776678562164 0.580936551094055 0.579143404960632 0.570054292678833 0.570882320404053 0.565191209316254 0.560448050498962 0.569308161735535 0.57777339220047 0.589028179645538 0.608262300491333 0.617357075214386 0.62679523229599 0.630718767642975 0.632758915424347 0.63443124294281 0.62543511390686 0.628908693790436 0.627232670783997 0.641018152236938
0.495472729206085 0.504659354686737 0.511785447597504 0.517034292221069 0.518227934837341 0.522303938865662 0.522758603096008 0.517776191234589 0.49954217672348 0.479632467031479 0.484208315610886 0.502346396446228 0.510061264038086 0.515225112438202 0.521168410778046 0.529761373996735 0.537189424037933 0.542064726352692 0.542929172515869 0.54809045791626 0.557638108730316 0.561471402645111 0.575718939304352 0.572832703590393 0.575419008731842 0.584403336048126 0.58726704120636 0.583407282829285 0.579529583454132 0.573312699794769 0.572500169277191 0.566990673542023 0.565867066383362 0.577053070068359 0.574515163898468 0.59119701385498 0.610294282436371 0.621151506900787 0.63290798664093 0.635037124156952 0.638169944286346 0.650050401687622 0.631882309913635 0.6466925740242 0.629187941551208 0.63201904296875
0.503901481628418 0.50928783416748 0.51953649520874 0.519169926643372 0.522062063217163 0.525216996669769 0.526141583919525 0.525905251502991 0.513057231903076 0.509687483310699 0.506193041801453 0.513861894607544 0.524848937988281 0.532416641712189 0.531182289123535 0.539525866508484 0.552238047122955 0.55511087179184 0.54448264837265 0.557156205177307 0.565621674060822 0.568457067012787 0.569815039634705 0.576571524143219 0.578206956386566 0.580426335334778 0.585881888866425 0.589799344539642 0.58212947845459 0.579940259456635 0.575930237770081 0.565857708454132 0.572958171367645 0.581135988235474 0.581209599971771 0.589809238910675 0.601299166679382 0.616841495037079 0.636004149913788 0.642501950263977 0.639954209327698 0.642269134521484 0.636176407337189 0.639130353927612 0.634690165519714 0.632491946220398
0.5073601603508 0.521304965019226 0.524148046970367 0.530743181705475 0.530523896217346 0.535029888153076 0.525945365428925 0.529241442680359 0.526861250400543 0.528750002384186 0.531069457530975 0.540139019489288 0.541524469852448 0.537331163883209 0.546922326087952 0.539182245731354 0.551862597465515 0.557257771492004 0.557537317276001 0.56537926197052 0.564954936504364 0.569773375988007 0.572928190231323 0.576560795307159 0.578794062137604 0.57944130897522 0.576511740684509 0.585273623466492 0.579287230968475 0.573973476886749 0.569538772106171 0.560672223567963 0.582323253154755 0.584586143493652 0.583795011043549 0.594380140304565 0.610062718391418 0.618720233440399 0.635464489459991 0.645629703998566 0.64942729473114 0.649615943431854 0.640527367591858 0.65165776014328 0.637444376945496 0.637334704399109
0.505613029003143 0.529196679592133 0.528365969657898 0.536116540431976 0.541701555252075 0.534540176391602 0.535922646522522 0.535716891288757 0.541244804859161 0.542091429233551 0.551158368587494 0.551627218723297 0.550957202911377 0.552198708057404 0.545021891593933 0.557643473148346 0.550502479076385 0.553756535053253 0.558358132839203 0.562506020069122 0.563589811325073 0.569409728050232 0.573045969009399 0.571638643741608 0.580642521381378 0.579907357692719 0.580552041530609 0.581763982772827 0.572305142879486 0.561625123023987 0.563226759433746 0.566974282264709 0.578817188739777 0.58749932050705 0.584303438663483 0.596024513244629 0.611859440803528 0.619671523571014 0.631639361381531 0.641782701015472 0.652942419052124 0.668231189250946 0.660227656364441 0.665689706802368 0.646449387073517 0.654561638832092
0.496753007173538 0.529020488262177 0.534432172775269 0.53336089849472 0.537796854972839 0.532834649085999 0.539136707782745 0.541323006153107 0.550126016139984 0.552564442157745 0.558481693267822 0.562723278999329 0.557524740695953 0.551136672496796 0.552970230579376 0.557752311229706 0.554374754428864 0.555653393268585 0.555254638195038 0.56034779548645 0.562407851219177 0.560278236865997 0.564797878265381 0.576180100440979 0.57581639289856 0.574671804904938 0.577839851379395 0.577105462551117 0.5649094581604 0.563883721828461 0.565016567707062 0.568276226520538 0.58212798833847 0.580504238605499 0.587474286556244 0.590803205966949 0.603399813175201 0.6121945977211 0.632388234138489 0.642555058002472 0.646931886672974 0.658468544483185 0.66816908121109 0.671318709850311 0.658778190612793 0.647112607955933
0.479109078645706 0.502532124519348 0.523684144020081 0.529532015323639 0.537018954753876 0.530116021633148 0.531928658485413 0.534942448139191 0.549895286560059 0.556725919246674 0.565436959266663 0.559952199459076 0.559619963169098 0.564583480358124 0.554330408573151 0.560959339141846 0.560806751251221 0.559177160263062 0.563190698623657 0.567702174186707 0.567469894886017 0.567197978496552 0.568056762218475 0.569471299648285 0.570621132850647 0.571626961231232 0.573639988899231 0.573680222034454 0.567758798599243 0.564099371433258 0.569471955299377 0.578106343746185 0.579324781894684 0.587278366088867 0.597491443157196 0.592788219451904 0.605236053466797 0.614628314971924 0.620829343795776 0.639449238777161 0.644895970821381 0.647025585174561 0.659893572330475 0.670984983444214 0.668393671512604 0.654668092727661
0.484093546867371 0.497077077627182 0.504193723201752 0.513489067554474 0.516766905784607 0.518544852733612 0.523901045322418 0.532055735588074 0.544457614421844 0.557542264461517 0.562712013721466 0.556488335132599 0.554533660411835 0.558647036552429 0.554273307323456 0.554487884044647 0.561647653579712 0.565857946872711 0.564938068389893 0.566913962364197 0.567428469657898 0.572542488574982 0.571925103664398 0.576460957527161 0.571691930294037 0.57149749994278 0.565293312072754 0.566288471221924 0.571158349514008 0.563769638538361 0.571256399154663 0.577104508876801 0.594723403453827 0.58906614780426 0.602655947208405 0.599075019359589 0.603993058204651 0.617943048477173 0.637921035289764 0.640922486782074 0.641366839408875 0.645599842071533 0.642538845539093 0.645623505115509 0.653557658195496 0.656589567661285
0.478191047906876 0.482353061437607 0.491131126880646 0.493793338537216 0.497024565935135 0.503512263298035 0.511545360088348 0.524928033351898 0.532064437866211 0.547986388206482 0.557794272899628 0.548593401908875 0.548563778400421 0.543279111385345 0.546222329139709 0.553435683250427 0.55673348903656 0.562025487422943 0.569925129413605 0.562811970710754 0.568954706192017 0.571407794952393 0.573647379875183 0.567911803722382 0.570049464702606 0.571915745735168 0.570958375930786 0.565477907657623 0.5654616355896 0.566071629524231 0.573098957538605 0.57847648859024 0.592152655124664 0.594178557395935 0.603889584541321 0.608414709568024 0.60544753074646 0.617943048477173 0.623085796833038 0.624727547168732 0.628699541091919 0.636325061321259 0.638824105262756 0.635723531246185 0.654861748218536 0.640998125076294
0.467798709869385 0.471890658140182 0.471501529216766 0.469041645526886 0.474070608615875 0.482559710741043 0.498812675476074 0.50705498456955 0.520281672477722 0.540321290493011 0.535657644271851 0.539725124835968 0.538559377193451 0.540844142436981 0.540170252323151 0.550374805927277 0.557636618614197 0.556039929389954 0.562731385231018 0.569034516811371 0.575143337249756 0.569549381732941 0.57353413105011 0.572360157966614 0.569665610790253 0.576580405235291 0.569269776344299 0.571515262126923 0.576336979866028 0.563896775245667 0.579274594783783 0.594700276851654 0.593240082263947 0.604371547698975 0.602071404457092 0.60699200630188 0.607335925102234 0.621113061904907 0.625508368015289 0.633906304836273 0.642208218574524 0.647336184978485 0.644343018531799 0.64459228515625 0.653146505355835 0.64212441444397
0.462662786245346 0.452126979827881 0.442245483398438 0.439895510673523 0.45114341378212 0.465927809476852 0.485463440418243 0.493577480316162 0.512979209423065 0.520347893238068 0.53079742193222 0.532442569732666 0.537782192230225 0.543419122695923 0.544006943702698 0.545681715011597 0.553604781627655 0.554371178150177 0.564887821674347 0.563236474990845 0.571141421794891 0.565060675144196 0.568226099014282 0.568362832069397 0.56957733631134 0.573359191417694 0.57650226354599 0.578647434711456 0.576139032840729 0.582798421382904 0.589578151702881 0.602959871292114 0.606902718544006 0.606286525726318 0.615018784999847 0.609818339347839 0.612197816371918 0.615236818790436 0.626577973365784 0.641090452671051 0.654891431331635 0.650712370872498 0.64830619096756 0.645360052585602 0.628592967987061 0.619354069232941
0.458491265773773 0.449870467185974 0.438490301370621 0.416641056537628 0.43248388171196 0.451939880847931 0.470109820365906 0.489023804664612 0.501453399658203 0.519625306129456 0.52318263053894 0.533864796161652 0.535362541675568 0.54553097486496 0.54518049955368 0.546977758407593 0.555319964885712 0.562986850738525 0.557672917842865 0.562628507614136 0.563615798950195 0.566788017749786 0.568002164363861 0.56804233789444 0.571564733982086 0.570690155029297 0.580513477325439 0.58612322807312 0.592189371585846 0.599580764770508 0.60484915971756 0.606077671051025 0.621032536029816 0.62307995557785 0.623253643512726 0.618766367435455 0.614509105682373 0.624400794506073 0.6187704205513 0.617442190647125 0.65205717086792 0.629139244556427 0.618312060832977 0.617313504219055 0.559737682342529 0.533716022968292
0.462354838848114 0.447446376085281 0.432716876268387 0.425778597593307 0.434937238693237 0.448497295379639 0.468071311712265 0.475868761539459 0.49393892288208 0.508159697055817 0.520121693611145 0.530428528785706 0.538038909435272 0.547180950641632 0.552754819393158 0.555478096008301 0.557510375976562 0.559670150279999 0.561665773391724 0.568953096866608 0.567525386810303 0.567865431308746 0.571822643280029 0.574826538562775 0.577334821224213 0.576520442962646 0.582769811153412 0.592539608478546 0.602522373199463 0.607524693012238 0.613183319568634 0.621753096580505 0.626343965530396 0.639060914516449 0.621264278888702 0.626875519752502 0.621523201465607 0.63669365644455 0.613209962844849 0.618057072162628 0.619509279727936 0.616865158081055 0.6002237200737 0.544584989547729 0.518301725387573 0.516611814498901
0.457944333553314 0.452788949012756 0.447707921266556 0.445421606302261 0.447831571102142 0.457952499389648 0.461627185344696 0.473916798830032 0.483461171388626 0.496759682893753 0.509420871734619 0.522598385810852 0.537121057510376 0.54445493221283 0.555995762348175 0.554432809352875 0.555025279521942 0.563844442367554 0.566037476062775 0.566047787666321 0.572359681129456 0.569440066814423 0.56971549987793 0.574990391731262 0.579482078552246 0.58196085691452 0.584314167499542 0.591368496417999 0.596906960010529 0.615698277950287 0.625853180885315 0.634185314178467 0.635670721530914 0.637612760066986 0.639717280864716 0.640691220760345 0.626382350921631 0.645952582359314 0.620185256004333 0.61406135559082 0.633929848670959 0.588009774684906 0.514559626579285 0.492612689733505 0.489792048931122 0.508998155593872
