data/climate_estimation/maxent_output/Androcymbium_burchellii.asc
NCOLS 57 
NROWS 48 
XLLCORNER 17.75 
YLLCORNER -34 
CELLSIZE 0.0833333333333333 
NODATA_value -3.4e+38 
[rows 20 to 39 of 48, columns 0 to 44 of 57]
-3.4e+38 -3.4e+38 -3.4e+38 -3.4e+38 -3.4e+38 0.504233598709106 0.504698693752289 0.513011038303375 0.524015188217163 0.501366019248962 0.458269447088242 0.448102623224258 0.821245610713959 0.828032255172729 0.833581566810608 0.791686296463013 0.821172773838043 0.828488826751709 0.87106865644455 0.89119428396225 0.898209631443024 0.935401082038879 0.953749895095825 0.941754937171936 0.97404932975769 0.983170628547668 0.985474407672882 0.978132843971252 0.958990514278412 0.945766627788544 0.854066371917725 0.824103951454163 0.341502368450165 0.304129123687744 0.261939585208893 0.232706353068352 0.211017817258835 0.208646312355995 0.127070784568787 0.115282841026783 0.112209610641003 0.109741128981113 0.108179688453674 0.106863677501678 0.0969366505742073
-3.4e+38 -3.4e+38 -3.4e+38 -3.4e+38 -3.4e+38 0.491621166467667 0.476139456033707 0.492152094841003 0.870670855045319 0.8722283244133 0.86645895242691 0.782343208789825 0.778265833854675 0.792584359645844 0.801647543907166 0.79499751329422 0.806782782077789 0.82196033000946 0.852886855602264 0.876848757266998 0.874017775058746 0.864557683467865 0.888776957988739 0.880745470523834 0.966404557228088 0.985308527946472 0.984573304653168 0.970178008079529 0.97710919380188 0.947038531303406 0.875950157642365 0.848108351230621 0.354048520326614 0.315326422452927 0.292602896690369 0.26630362868309 0.22967067360878 0.217550352215767 0.220363214612007 0.141001015901566 0.126618817448616 0.120407313108444 0.119888782501221 0.11963064968586 0.107752121984959
-3.4e+38 -3.4e+38 -3.4e+38 -3.4e+38 -3.4e+38 -3.4e+38 0.469286978244781 0.866566896438599 0.852492451667786 0.832736968994141 0.859916627407074 0.818158566951752 0.790914416313171 0.790008962154388 0.787231802940369 0.783158481121063 0.804803013801575 0.818568587303162 0.841708242893219 0.857969224452972 0.839945018291473 0.811777651309967 0.877300262451172 0.877882540225983 0.864068388938904 0.946492195129395 0.981677651405334 0.951818525791168 0.951708972454071 0.970577716827393 0.654470443725586 0.567175924777985 0.54292619228363 0.361528486013412 0.308040469884872 0.289635986089706 0.25541278719902 0.250538647174835 0.237944811582565 0.145776763558388 0.144758805632591 0.135331153869629 0.142919033765793 0.13000662624836 0.127049639821053
-3.4e+38 -3.4e+38 -3.4e+38 -3.4e+38 -3.4e+38 -3.4e+38 0.476676404476166 0.884726524353027 0.862134635448456 0.828075528144836 0.794474363327026 0.800160348415375 0.766006946563721 0.745105922222137 0.7717604637146 0.768435657024384 0.773068606853485 0.749528288841248 0.800535023212433 0.821483969688416 0.80816513299942 0.780466318130493 0.821507275104523 0.829206764698029 0.81318861246109 0.861116945743561 0.977035999298096 0.978977560997009 0.959068357944489 0.975292265415192 0.943515479564667 0.617277920246124 0.892486870288849 0.401041001081467 0.35271367430687 0.357441991567612 0.302141308784485 0.27710947394371 0.273789167404175 0.252819538116455 0.159826949238777 0.153998374938965 0.154348537325859 0.149360224604607 0.149923115968704
-339999999999999996123846586046231871488.000000000000000 -3.4e+38 -3.4e+38 -3.4e+38 -3.4e+38 -3.4e+38 0.878122746944427 0.862496376037598 0.848790347576141 0.821896910667419 0.767364919185638 0.72254741191864 0.775956928730011 0.715887725353241 0.70652449131012 0.71545135974884 0.735026717185974 0.728499293327332 0.713890731334686 0.713274300098419 0.740241825580597 0.716327369213104 0.730350077152252 0.758485734462738 0.795943260192871 0.802104353904724 0.874236345291138 0.961232006549835 0.953187823295593 0.952916383743286 0.919637680053711 0.933348894119263 0.927544951438904 0.59191220998764 0.582314789295197 0.49642887711525 0.333493232727051 0.335580438375473 0.310869961977005 0.315310567617416 0.190598994493484 0.175876304507256 0.174642831087112 0.1823700517416 0.182965353131294
-3.4e+38 -3.4e+38 -3.4e+38 -3.4e+38 -3.4e+38 -3.4e+38 0.860289037227631 0.860929548740387 0.825693607330322 0.819758057594299 0.783742666244507 0.697489380836487 0.744047582149506 0.754772007465363 0.673474371433258 0.694409906864166 0.708620607852936 0.715742945671082 0.743972957134247 0.738144934177399 0.688815176486969 0.698626041412354 0.713192462921143 0.734184622764587 0.741932928562164 0.687002122402191 0.782838463783264 0.7967569231987 0.931073606014252 0.932165443897247 0.93412321805954 0.952869355678558 0.941488027572632 0.843279182910919 0.48816105723381 0.549767315387726 0.427775770425797 0.364021718502045 0.313712149858475 0.345347583293915 0.211489647626877 0.214897155761719 0.212217554450035 0.204498067498207 0.193552777171135
-3.4e+38 -3.4e+38 -3.4e+38 -3.4e+38 -3.4e+38 -3.4e+38 0.87292891740799 0.860349535942078 0.840663850307465 0.819405853748322 0.766618669033051 0.6921147108078 0.660883247852325 0.751675486564636 0.682152509689331 0.552450299263 0.70279186964035 0.759523928165436 0.814529001712799 0.832136332988739 0.715779781341553 0.668721556663513 0.70258903503418 0.717773973941803 0.746044039726257 0.691428422927856 0.766759097576141 0.760055601596832 0.745728552341461 0.946719110012054 0.893343865871429 0.953593730926514 0.940143167972565 0.849818229675293 0.480325013399124 0.566785752773285 0.527928411960602 0.349901854991913 0.367397218942642 0.327515572309494 0.353378176689148 0.228692352771759 0.227215766906738 0.201744109392166 0.18599408864975
-3.4e+38 -3.4e+38 -3.4e+38 -3.4e+38 -3.4e+38 -3.4e+38 0.817397475242615 0.837440967559814 0.807420909404755 0.800836205482483 0.776086986064911 0.687426805496216 0.596109449863434 0.638361632823944 0.689738392829895 0.651387333869934 0.425552099943161 0.738216280937195 0.805729925632477 0.778156816959381 0.685568630695343 0.628072381019592 0.676038682460785 0.686267733573914 0.612225472927094 0.728588700294495 0.659726917743683 0.646280348300934 0.692885875701904 0.923426389694214 0.893565714359283 0.937105178833008 0.832207202911377 0.860595703125 0.873404145240784 0.808128714561462 0.438819020986557 0.366815209388733 0.352678805589676 0.33258855342865 0.23824754357338 0.173844888806343 0.197321489453316 0.224959686398506 0.199848726391792
-3.4e+38 -3.4e+38 -3.4e+38 -3.4e+38 -3.4e+38 -3.4e+38 0.836938440799713 0.799764037132263 0.82392144203186 0.766338646411896 0.740512371063232 0.692615807056427 0.570585966110229 0.550302624702454 0.681175291538239 0.633392453193665 0.322061896324158 0.442640781402588 0.813460052013397 0.844932377338409 0.696348369121552 0.652877748012543 0.673533797264099 0.662516415119171 0.607246518135071 0.621598780155182 0.647887527942657 0.638604998588562 0.634730696678162 0.701052248477936 0.476985067129135 0.949559926986694 0.846440136432648 0.789850234985352 0.788196980953217 0.806882858276367 0.412222892045975 0.492644488811493 0.335451036691666 0.339857250452042 0.237732946872711 0.211400866508484 0.159149840474129 0.23371134698391 0.269793689250946
-3.4e+38 -3.4e+38 -3.4e+38 -3.4e+38 -3.4e+38 -3.4e+38 -3.4e+38 0.831016838550568 0.78807806968689 0.804750978946686 0.679513096809387 0.672609686851501 0.610202074050903 0.513477087020874 0.645977914333344 0.582935988903046 0.377287805080414 0.535303056240082 0.672886610031128 0.850704908370972 0.767685890197754 0.67086124420166 0.603595376014709 0.615175843238831 0.598418533802032 0.602015316486359 0.634432315826416 0.654596567153931 0.697022914886475 0.667959272861481 0.745005548000336 0.962021231651306 0.902904510498047 0.794073820114136 0.731143414974213 0.761648416519165 0.463741838932037 0.444013237953186 0.319272965192795 0.305221199989319 0.273583829402924 0.223781511187553 0.396509647369385 0.258021384477615 0.244715869426727
-3.4e+38 -3.4e+38 -3.4e+38 -3.4e+38 -3.4e+38 -3.4e+38 0.825210809707642 0.813707411289215 0.814866960048676 0.804312705993652 0.784479439258575 0.717136979103088 0.59189647436142 0.516864836215973 0.565162241458893 0.587249100208282 0.496632844209671 0.353170841932297 0.751215279102325 0.813193142414093 0.80122971534729 0.602031111717224 0.608037412166595 0.609870254993439 0.61804062128067 0.637574315071106 0.701496243476868 0.721939504146576 0.803760051727295 0.70317667722702 0.262256562709808 0.87809020280838 0.95438551902771 0.917163014411926 0.796784460544586 0.75933051109314 0.457986772060394 0.471416294574738 0.40762659907341 0.258436530828476 0.292383044958115 0.389745056629181 0.268408954143524 0.256909817457199 0.232179135084152
-3.4e+38 -3.4e+38 -3.4e+38 -3.4e+38 -3.4e+38 -3.4e+38 0.806531310081482 0.809142768383026 0.742078900337219 0.670162081718445 0.753137588500977 0.689127206802368 0.668173372745514 0.670957028865814 0.508363425731659 0.583429932594299 0.502114474773407 0.47742235660553 0.587310135364532 0.849137723445892 0.715797126293182 0.682304501533508 0.642581760883331 0.622803330421448 0.608575463294983 0.64265239238739 0.741853892803192 0.787844300270081 0.840546131134033 0.78248131275177 0.298188745975494 0.316770404577255 0.341557741165161 0.421307563781738 0.910400331020355 0.796988129615784 0.338394224643707 0.346266567707062 0.348749458789825 0.32046514749527 0.320165723562241 0.433478981256485 0.274255752563477 0.281703501939774 0.305805593729019
-3.4e+38 0.154065608978271 0.234781473875046 0.387466073036194 -3.4e+38 0.745802044868469 0.786511719226837 0.811778903007507 0.771605312824249 0.414597630500793 0.632898151874542 0.548945665359497 0.513996601104736 0.671544373035431 0.572591185569763 0.513040482997894 0.436987608671188 0.496325969696045 0.708363771438599 0.786658763885498 0.846339643001556 0.891682863235474 0.841737747192383 0.643355190753937 0.639166474342346 0.666289389133453 0.690244674682617 0.746413946151733 0.816340208053589 0.875411629676819 0.861139535903931 0.321950972080231 0.326544642448425 0.3336541056633 0.439311653375626 0.62419068813324 0.521460115909576 0.409823954105377 0.414072245359421 0.368028312921524 0.40078341960907 0.468398660421371 0.294953227043152 0.325282245874405 0.331166982650757
-3.4e+38 0.149173438549042 0.243762299418449 0.354425519704819 0.681884348392487 0.756331145763397 0.794297695159912 0.841489791870117 0.833881080150604 0.79616504907608 0.379360973834991 0.161035224795341 0.507135808467865 0.621387422084808 0.56929337978363 0.480695843696594 0.479868233203888 0.382851451635361 0.670965433120728 0.384665817022324 0.889396905899048 0.906090378761292 0.94351726770401 0.682162880897522 0.675144612789154 0.730773746967316 0.790396332740784 0.839287579059601 0.857424020767212 0.905625462532043 0.948767304420471 0.407105684280396 0.371704488992691 0.389017999172211 0.70173591375351 0.673909723758698 0.451864272356033 0.454469531774521 0.409829318523407 0.465839982032776 0.443212628364563 0.499211132526398 0.326200008392334 0.310685366392136 0.405749827623367
-3.4e+38 0.200164914131165 0.297166079282761 0.550039112567902 0.72410124540329 0.81629079580307 0.876955449581146 0.863483369350433 0.868660628795624 0.827640652656555 0.749916672706604 0.367180198431015 0.619762420654297 0.605461120605469 0.547187089920044 0.435413062572479 0.447471350431442 0.35078626871109 0.598947942256927 0.477010726928711 0.860934257507324 0.932805359363556 0.872271835803986 0.843451738357544 0.6808922290802 0.732144296169281 0.772304236888885 0.8355313539505 0.884391069412231 0.920285522937775 0.987634897232056 0.965156614780426 0.946518898010254 0.948925316333771 0.927794754505157 0.486787080764771 0.464916855096817 0.436172783374786 0.416949838399887 0.449695944786072 0.49910181760788 0.491236835718155 0.374796450138092 0.461193919181824 0.467714935541153
-3.4e+38 0.418745338916779 0.578396379947662 0.835693776607513 0.865530014038086 0.853860914707184 0.850584030151367 0.886874556541443 0.876554787158966 0.841323912143707 0.790639162063599 0.720448970794678 0.666887640953064 0.610440015792847 0.544132828712463 0.357418864965439 0.271054446697235 0.420312106609344 0.469925314188004 0.518606185913086 0.810071587562561 0.87568336725235 0.888430953025818 0.772502660751343 0.749156177043915 0.769627869129181 0.797362267971039 0.868727147579193 0.920766413211823 0.960366904735565 0.954672932624817 0.970042526721954 0.964402616024017 0.941439509391785 0.930273175239563 0.885427296161652 0.425365805625916 0.400560617446899 0.429502785205841 0.474680036306381 0.461447060108185 0.387806087732315 0.417838275432587 0.46643990278244 0.457339555025101
-339999999999999996123846586046231871488.000000000000000 0.640668988227844 0.794330596923828 0.955747067928314 0.942388772964478 0.872638165950775 0.825001299381256 0.866202175617218 0.856045365333557 0.832369148731232 0.729421377182007 0.67792809009552 0.698161661624908 0.627859771251678 0.51304167509079 0.338455945253372 0.15833206474781 0.27821409702301 0.283702790737152 0.442720860242844 0.708467125892639 0.790677964687347 0.667050004005432 0.874565601348877 0.793989896774292 0.835025310516357 0.830932438373566 0.859273135662079 0.922757387161255 0.953063249588013 0.981801271438599 0.990693151950836 0.98728334903717 0.977553129196167 0.971735179424286 0.886777937412262 0.407224774360657 0.41080766916275 0.308519780635834 0.333833128213882 0.358301371335983 0.403127640485764 0.429085731506348 0.445835590362549 0.452608823776245
-3.4e+38 -3.4e+38 0.901364982128143 0.935189306735992 0.910563051700592 0.797307848930359 0.755252480506897 0.830357670783997 0.853253483772278 0.8336341381073 0.73588627576828 0.632001996040344 0.65365344285965 0.578035593032837 0.47985577583313 0.324341237545013 0.120681554079056 0.179223328828812 0.221435651183128 0.46821716427803 0.678148984909058 0.575717091560364 0.701615631580353 0.956650018692017 0.855517148971558 0.866152405738831 0.884344100952148 0.955998420715332 0.964974105358124 0.961859345436096 0.964796602725983 0.961914002895355 0.9644655585289 0.956170201301575 0.92702579498291 0.378307074308395 0.356912463903427 0.260167419910431 0.305525928735733 0.301998436450958 0.400410592556 0.381670564413071 0.381283313035965 0.392494171857834 0.372547030448914
-3.4e+38 -3.4e+38 -3.4e+38 0.859390258789062 0.728240311145782 0.568449974060059 0.614637196063995 0.750631928443909 0.785953044891357 0.794217050075531 0.740783989429474 0.560971140861511 0.561598122119904 0.566648304462433 0.468897968530655 0.260868579149246 0.187485083937645 0.175328850746155 0.216475963592529 0.266331881284714 0.387588798999786 0.53152334690094 0.636670172214508 0.963228821754456 0.936324179172516 0.9541175365448 0.982772648334503 0.997044026851654 0.996481537818909 0.996117055416107 0.993071436882019 0.992371022701263 0.987558543682098 0.978464186191559 0.946730554103851 0.91870254278183 0.260599136352539 0.228731602430344 0.292903661727905 0.340850114822388 0.374145954847336 0.314012110233307 0.35892242193222 0.346508502960205 0.364254534244537
-3.4e+38 -3.4e+38 -3.4e+38 -3.4e+38 0.400487124919891 0.371298015117645 0.419506877660751 0.576598644256592 0.674276173114777 0.732461988925934 0.700978219509125 0.550635993480682 0.489960104227066 0.475960552692413 0.436866402626038 0.294234216213226 0.230319127440453 0.160882905125618 0.138571321964264 0.190341427922249 0.411218404769897 0.591984748840332 0.698477804660797 0.845108389854431 0.974127948284149 0.968141853809357 0.995502293109894 0.994025528430939 0.996643483638763 0.99780398607254 0.995879411697388 0.989133954048157 0.919333755970001 0.910289645195007 0.869497299194336 0.89509105682373 0.943618774414062 0.944017052650452 0.328164488077164 0.332433521747589 0.286053329706192 0.148815274238586 0.123527437448502 0.134833604097366 0.168491199612617
