data/climate_estimation/maxent_output/Androcymbium_gramineum.asc
NCOLS 319 
NROWS 194 
XLLCORNER -13 
YLLCORNER 18.25 
CELLSIZE 0.0833333333333333 
NODATA_value -3.4e+38 
[rows 95 to 113 of 194, columns 220 to 263 of 319]
0.140654936432838 0.155597910284996 0.229401409626007 0.220685288310051 0.213785633444786 0.222523033618927 0.144228145480156 0.122944481670856 0.125276044011116 0.185865491628647 0.15050196647644 0.140002205967903 0.145048379898071 0.150771975517273 0.160878673195839 0.153444990515709 0.133405402302742 0.131891027092934 0.122962117195129 0.121142946183681 0.105038695037365 0.117406338453293 0.0990419238805771 0.0896124988794327 0.195681124925613 0.144471138715744 0.13278517127037 0.133866891264915 0.135150074958801 0.140621796250343 0.143857881426811 0.147970721125603 0.145597130060196 0.147926896810532 0.177201509475708 0.176121801137924 0.177355974912643 0.174968212842941 0.169043764472008 0.163970649242401 0.127647861838341 0.12845367193222 0.126372069120407 0.111934162676334
0.263596802949905 0.172451615333557 0.170842289924622 0.154546648263931 0.211616933345795 0.158757612109184 0.203297287225723 0.23185333609581 0.231919541954994 0.124284714460373 0.141797661781311 0.113443613052368 0.0894569456577301 0.135156393051147 0.145754262804985 0.15555576980114 0.152436003088951 0.111027032136917 0.113742657005787 0.117906227707863 0.211299136281013 0.103817403316498 0.131742551922798 0.116605132818222 0.190990969538689 0.150732770562172 0.243028879165649 0.300364285707474 0.116319231688976 0.125843793153763 0.118271328508854 0.113310627639294 0.13788166642189 0.145139366388321 0.164643511176109 0.154732540249825 0.16001632809639 0.162078872323036 0.149034306406975 0.144593700766563 0.135951384902 0.145150437951088 0.135709211230278 0.110014244914055
0.15657439827919 0.170804277062416 0.19042144715786 0.215909317135811 0.217105641961098 0.172737240791321 0.198569491505623 0.124173283576965 0.196771055459976 0.224023252725601 0.126313254237175 0.136092603206635 0.0936153307557106 0.0959497094154358 0.124211587011814 0.111499413847923 0.139352634549141 0.147710472345352 0.121752545237541 0.112241566181183 0.23308590054512 0.212272182106972 0.103581286966801 0.210104063153267 0.100079007446766 0.106911934912205 0.274509936571121 0.330556154251099 0.248934283852577 0.123984023928642 0.110356189310551 0.131673067808151 0.129916250705719 0.146051824092865 0.146568045020103 0.121359102427959 0.117613643407822 0.126013055443764 0.108565911650658 0.119859851896763 0.111120149493217 0.116018421947956 0.134405106306076 0.130055457353592
0.122819431126118 0.109225407242775 0.115571528673172 0.15917880833149 0.107993692159653 0.159415513277054 0.211748108267784 0.245687857270241 0.192450687289238 0.149390116333961 0.217646732926369 0.113985128700733 0.106161564588547 0.0812893733382225 0.17311991751194 0.079829253256321 0.0820328071713448 0.100086137652397 0.0906026065349579 0.0862235873937607 0.230717048048973 0.256565660238266 0.201808944344521 0.113614663481712 0.121883787214756 0.102875612676144 0.293105244636536 0.27808889746666 0.309613108634949 0.26203852891922 0.262684792280197 0.332712084054947 0.0909606963396072 0.105841279029846 0.100525394082069 0.0932510569691658 0.251398772001266 0.260893911123276 0.233617067337036 0.261242061853409 0.260815113782883 0.117354542016983 0.113452218472958 0.113214828073978
0.141967952251434 0.126864731311798 0.114899575710297 0.115283973515034 0.115563929080963 0.111593335866928 0.156925573945045 0.197856619954109 0.190069049596786 0.126177132129669 0.11236160248518 0.190674781799316 0.148532196879387 0.110071271657944 0.153851643204689 0.193858996033669 0.169901758432388 0.16379751265049 0.151874780654907 0.167359575629234 0.0885839238762856 0.219288945198059 0.26332300901413 0.108696602284908 0.104843527078629 0.112008862197399 0.247553959488869 0.259873449802399 0.268463224172592 0.253232717514038 0.249436855316162 0.322223097085953 0.285174280405045 0.299427539110184 0.299823403358459 0.281676471233368 0.283339947462082 0.344760119915009 0.344144225120544 0.259183496236801 0.221366867423058 0.265995442867279 0.241533622145653 0.0920854955911636
0.132381811738014 0.124118380248547 0.112395614385605 0.119192577898502 0.115684263408184 0.110936686396599 0.112182453274727 0.178551107645035 0.154850602149963 0.154850602149963 0.10662417858839 0.104183331131935 0.107368648052216 0.143988013267517 0.158792242407799 0.11634649336338 0.188581362366676 0.174239695072174 0.169418916106224 0.168780341744423 0.208100721240044 0.199096664786339 0.191709265112877 0.180131137371063 0.259411484003067 0.227527171373367 0.225567370653152 0.254838526248932 0.246792688965797 0.322592258453369 0.478679835796356 0.233816877007484 0.280909240245819 0.275962233543396 0.336795151233673 0.325833678245544 0.336967766284943 0.304538309574127 0.298613160848618 0.289844512939453 0.305980950593948 0.117037944495678 0.199927166104317 0.193047180771828
0.139672562479973 0.12621708214283 0.13845781981945 0.105070151388645 0.113840587437153 0.114630319178104 0.116986908018589 0.111079186201096 0.175545677542686 0.174538552761078 0.149243697524071 0.126035675406456 0.0991317257285118 0.110934466123581 0.13585789501667 0.195668697357178 0.18988923728466 0.156208276748657 0.194055706262589 0.158135131001472 0.154214352369308 0.186700597405434 0.217388495802879 0.183326199650764 0.175221055746078 0.249927371740341 0.245295211672783 0.237949252128601 0.249790817499161 0.275109857320786 0.312948435544968 0.228084668517113 0.0818418711423874 0.252573072910309 0.22635455429554 0.257207483053207 0.287971347570419 0.264538586139679 0.244918942451477 0.269829630851746 0.250901579856873 0.118813082575798 0.192699804902077 0.159173995256424
0.0994131937623024 0.111946247518063 0.107339933514595 0.161528527736664 0.0961897000670433 0.177890092134476 0.165283247828484 0.171036407351494 0.170099303126335 0.169406801462173 0.163603141903877 0.143941894173622 0.106269486248493 0.182422399520874 0.100052714347839 0.121277138590813 0.127460896968842 0.128627121448517 0.135667890310287 0.124047040939331 0.144851535558701 0.126011550426483 0.233563080430031 0.202625527977943 0.220636457204819 0.198100879788399 0.279427528381348 0.272296756505966 0.261013180017471 0.272956907749176 0.313847005367279 0.235725805163383 0.226670667529106 0.331063091754913 0.42138597369194 0.211417093873024 0.262772142887115 0.249163240194321 0.240403711795807 0.204818069934845 0.112396940588951 0.213372588157654 0.0991269052028656 0.21406877040863
0.107544720172882 0.11038102209568 0.115793101489544 0.110404960811138 0.112886518239975 0.111339762806892 0.0896015986800194 0.102502390742302 0.0951703041791916 0.166523620486259 0.164595350623131 0.141114428639412 0.0862292945384979 0.157883420586586 0.165776446461678 0.102591760456562 0.0980412065982819 0.119165346026421 0.116269208490849 0.167768090963364 0.172804653644562 0.151988804340363 0.154458865523338 0.108443446457386 0.205322042107582 0.227945685386658 0.182571992278099 0.215732648968697 0.203901723027229 0.223763063549995 0.216630801558495 0.0877804160118103 0.239649742841721 0.420407086610794 0.417169243097305 0.210439994931221 0.183889418840408 0.180097073316574 0.192149996757507 0.077250562608242 0.0889226645231247 0.187958419322968 0.100546956062317 0.0958667322993279
0.108190141618252 0.101528413593769 0.106430046260357 0.101269893348217 0.0873658582568169 0.104683965444565 0.09055295586586 0.0832879990339279 0.0921889096498489 0.104482099413872 0.156782478094101 0.150392934679985 0.0848611146211624 0.0877720490098 0.105275325477123 0.0805988535284996 0.135887995362282 0.0779592469334602 0.074721597135067 0.0836772993206978 0.126660212874413 0.160142362117767 0.14093816280365 0.121823236346245 0.186690643429756 0.174755126237869 0.117726914584637 0.166635558009148 0.166113823652267 0.230673864483833 0.201445534825325 0.200868427753448 0.251981884241104 0.253005087375641 0.371357619762421 0.382976502180099 0.354233533143997 0.189711138606071 0.0998027101159096 0.089329831302166 0.0866479575634003 0.177545011043549 0.0765703916549683 0.0806944146752357
0.101270861923695 0.100548297166824 0.256286352872849 0.0678305476903915 0.0742233023047447 0.0840199813246727 0.0848822221159935 0.0765420943498611 0.0791595950722694 0.0851668640971184 0.0608996227383614 0.0942727848887444 0.142536550760269 0.082433857023716 0.0760450586676598 0.10888547450304 0.102906785905361 0.0777562633156776 0.13606233894825 0.11244598031044 0.0835312679409981 0.12097742408514 0.116097390651703 0.115656986832619 0.193346783518791 0.196670159697533 0.183283522725105 0.177974179387093 0.188147813081741 0.181893303990364 0.185211256146431 0.189512237906456 0.175459980964661 0.251921594142914 0.223494932055473 0.177528381347656 0.121297881007195 0.0938616916537285 0.0696068406105042 0.0786648094654083 0.0790854245424271 0.0734999775886536 0.0732814148068428 0.0736093819141388
0.0984008237719536 0.0987819731235504 0.299957275390625 0.0953642874956131 0.0677356570959091 0.0758580267429352 0.0812790170311928 0.0758124366402626 0.0969145148992538 0.0775652229785919 0.0579770766198635 0.0912004634737968 0.0912004634737968 0.0776072219014168 0.072595551609993 0.0697681680321693 0.102813594043255 0.0788343176245689 0.0793938115239143 0.106749594211578 0.109042569994926 0.21656545996666 0.0997547209262848 0.0950435847043991 0.202679336071014 0.233048394322395 0.195391520857811 0.166804015636444 0.15348245203495 0.228193327784538 0.237295255064964 0.139950186014175 0.208708614110947 0.144769608974457 0.170383393764496 0.183990284800529 0.183158934116364 0.184576436877251 0.177947849035263 0.176121711730957 0.105743691325188 0.104852363467216 0.106792882084846 0.110960222780704
0.332065492868423 0.344968438148499 0.33256921172142 0.0648146122694016 0.0740311294794083 0.0673501938581467 0.0731243565678596 0.073255717754364 0.0625785738229752 0.0713995322585106 0.0853657647967339 0.0825523883104324 0.073268249630928 0.0852400586009026 0.0785946026444435 0.0663330405950546 0.0636432841420174 0.076015017926693 0.0761279463768005 0.0740195512771606 0.0767134577035904 0.142347544431686 0.148974314332008 0.15257266163826 0.148339554667473 0.215709447860718 0.224583595991135 0.218957051634789 0.144072234630585 0.22943377494812 0.143253579735756 0.220238670706749 0.15066197514534 0.126790583133698 0.119880743324757 0.180004104971886 0.192129835486412 0.164397820830345 0.180296570062637 0.145870894193649 0.149652421474457 0.149907112121582 0.149652421474457 0.135472372174263
0.312769949436188 0.323465466499329 0.316324532032013 0.253126323223114 0.049198605120182 0.0588773265480995 0.0678306818008423 0.0696692690253258 0.0602066889405251 0.0604953765869141 0.0688526704907417 0.0771551504731178 0.0771551504731178 0.0752184689044952 0.075129546225071 0.0711784437298775 0.0691215991973877 0.0914324074983597 0.070898212492466 0.0690106824040413 0.0680191367864609 0.0673360303044319 0.126309797167778 0.195139810442924 0.152727544307709 0.14597088098526 0.154465511441231 0.0897405967116356 0.122918538749218 0.0939960554242134 0.206713736057281 0.20140928030014 0.138102993369102 0.109806202352047 0.199900656938553 0.201000899076462 0.148919224739075 0.181440830230713 0.162549793720245 0.163235157728195 0.136947572231293 0.134274527430534 0.130471765995026 0.129485815763474
0.303178280591965 0.30414405465126 0.304575234651566 0.244106844067574 0.0463371314108372 0.0651968121528625 0.0635800138115883 0.0607007145881653 0.0579431056976318 0.104369804263115 0.0603796020150185 0.0717280656099319 0.0761775225400925 0.0757976621389389 0.0725350379943848 0.0676273852586746 0.0687757208943367 0.0633871108293533 0.0760558098554611 0.073321245610714 0.0691128820180893 0.0690948367118835 0.0734462514519691 0.0663428604602814 0.0833692997694016 0.0860580205917358 0.0950418710708618 0.103850789368153 0.0986030623316765 0.141198381781578 0.109037481248379 0.129068940877914 0.190618962049484 0.187095165252686 0.185941740870476 0.206312298774719 0.127275303006172 0.136589288711548 0.156893357634544 0.144550442695618 0.151840969920158 0.107042223215103 0.119207382202148 0.117123499512672
0.21421205997467 0.269135743379593 0.281415045261383 0.258875370025635 0.0436632968485355 0.0608390904963017 0.0609841011464596 0.0564962439239025 0.0556417182087898 0.0556417182087898 0.0619025193154812 0.0694462358951569 0.0453918874263763 0.117156207561493 0.111996009945869 0.0650905519723892 0.282560020685196 0.27044489979744 0.0600024349987507 0.0726275593042374 0.0725246742367744 0.0754253342747688 0.0740521177649498 0.0681649073958397 0.0930558070540428 0.0851558446884155 0.0940215513110161 0.0672043040394783 0.06153654307127 0.0945399105548859 0.0762532651424408 0.192844241857529 0.324468940496445 0.421925246715546 0.422498613595963 0.327733010053635 0.120205335319042 0.102961488068104 0.195761427283287 0.122918047010899 0.183829620480537 0.17932254076004 0.125044852495193 0.124937951564789
0.233810171484947 0.178576469421387 0.259630650281906 0.251025021076202 0.0429367311298847 0.158832669258118 0.0618842206895351 0.0424942299723625 0.223467022180557 0.0587191507220268 0.0629682019352913 0.173974603414536 0.188391417264938 0.180871307849884 0.181994512677193 0.0639451369643211 0.0637026503682137 0.261198908090591 0.258996397256851 0.247385546565056 0.235626325011253 0.0698006227612495 0.0691694766283035 0.0925334393978119 0.0952833294868469 0.0851851403713226 0.0894641503691673 0.0862726643681526 0.0877600908279419 0.076338954269886 0.122011430561543 0.419098198413849 0.521531939506531 0.448614627122879 0.229759961366653 0.198943570256233 0.0726674720644951 0.124271757900715 0.121270343661308 0.117331266403198 0.11994656920433 0.199878826737404 0.200530052185059 0.124199703335762
0.0827068462967873 0.0579337477684021 0.230763405561447 0.252670288085938 0.243615478277206 0.207957774400711 0.046123780310154 0.04471705108881 0.155741438269615 0.206533387303352 0.16397650539875 0.173249885439873 0.182356089353561 0.183037608861923 0.173758506774902 0.1754140406847 0.275299549102783 0.275299549102783 0.263092219829559 0.252225011587143 0.23046250641346 0.0437233224511147 0.0640110373497009 0.101435035467148 0.0837450325489044 0.0596730299293995 0.0747185871005058 0.079917885363102 0.0746969133615494 0.217035830020905 0.472080528736115 0.459432363510132 0.460543811321259 0.245996281504631 0.123119376599789 0.0690341889858246 0.091874472796917 0.127507105469704 0.0881652683019638 0.0991485342383385 0.0957133919000626 0.127999678254128 0.210483834147453 0.134107083082199
0.0566396005451679 0.0481184609234333 0.235895097255707 0.216194123029709 0.225633338093758 0.212870582938194 0.202655136585236 0.192349299788475 0.156420662999153 0.140194475650787 0.174959406256676 0.174329310655594 0.175892204046249 0.168165162205696 0.15996116399765 0.17046070098877 0.168670624494553 0.160699397325516 0.254829376935959 0.244559347629547 0.187742844223976 0.0737647265195847 0.0655457153916359 0.0614642947912216 0.0574624687433243 0.0574574433267117 0.0536812767386436 0.0737112984061241 0.0705164074897766 0.123987026512623 0.141584351658821 0.119198746979237 0.121351771056652 0.13360658288002 0.0732871145009995 0.0943588092923164 0.0558984614908695 0.0464757420122623 0.0826026871800423 0.0471029691398144 0.113225482404232 0.0765305459499359 0.10434452444315 0.0741887465119362
