data/climate_estimation/maxent_output/Androcymbium_volutare.asc
NCOLS 91 
NROWS 58 
XLLCORNER 17.6666666666667 
YLLCORNER -33.75 
CELLSIZE 0.0833333333333333 
NODATA_value -3.4e+38 
[rows 0 to 19 of 58, columns 0 to 44 of 91]
0.999926567077637 0.999593913555145 0.994736552238464 0.972945988178253 0.820264875888824 0.695130825042725 0.556207120418549 0.383173674345016 0.528052151203156 0.30909463763237 0.304334819316864 0.38062795996666 0.379335105419159 0.0707693696022034 0.0557707510888577 0.00669144885614514 0.000791084603406489 0.00619327556341887 0.00695885298773646 0.00680928537622094 0.00620283326134086 0.00654865987598896 0.0491589680314064 0.046955119818449 0.0469301491975784 0.0433830320835114 0.0424497127532959 0.0386964753270149 0.0383051075041294 0.0390260368585587 0.197849661111832 0.203275620937347 0.212737932801247 0.227555111050606 0.249918028712273 0.257137686014175 0.245896652340889 0.241386786103249 0.222113728523254 0.200699716806412 0.171615526080132 0.168676808476448 0.157292395830154 0.159084260463715 0.150713458657265
0.999933958053589 1 0.999992847442627 0.999541163444519 0.910402834415436 0.757882714271545 0.648875832557678 0.858075857162476 0.720440208911896 0.888212382793427 0.578894257545471 0.647619664669037 0.631491720676422 0.609467267990112 0.354235053062439 0.0592678822577 0.00745536526665092 0.00673150504007936 0.00783002749085426 0.0654657930135727 0.0623234435915947 0.0546926148235798 0.0536484271287918 0.052213829010725 0.238308355212212 0.237839221954346 0.215785667300224 0.215962991118431 0.202991113066673 0.204462096095085 0.20575475692749 0.204891487956047 0.218001335859299 0.229361027479172 0.240173757076263 0.230597764253616 0.241680279374123 0.225762978196144 0.212984710931778 0.194837123155594 0.182065472006798 0.162486329674721 0.167982161045074 0.145924597978592 0.136926770210266
0.999954164028168 1 0.999999761581421 0.999904870986938 0.99925684928894 0.97678941488266 0.956452369689941 0.92695814371109 0.866521537303925 0.708306670188904 0.87136322259903 0.60556024312973 0.684738636016846 0.62028306722641 0.643233060836792 0.651895105838776 0.356133848428726 0.008556361310184 0.0651266947388649 0.348980247974396 0.578347325325012 0.569559633731842 0.290214568376541 0.269024223089218 0.252647668123245 0.247070521116257 0.2413360029459 0.229459866881371 0.217970117926598 0.206445530056953 0.213398620486259 0.226565793156624 0.22562563419342 0.223360255360603 0.225402429699898 0.220938920974731 0.223193436861038 0.219069361686707 0.2054573148489 0.18913771212101 0.174015909433365 0.173902481794357 0.170542851090431 0.137036994099617 0.125125676393509
0.99955153465271 0.999994516372681 0.999999940395355 0.999991834163666 0.999877631664276 0.995735585689545 0.974493324756622 0.945811092853546 0.909126818180084 0.869675874710083 0.602228701114655 0.604136884212494 0.577099561691284 0.608102202415466 0.593157351016998 0.577936232089996 0.619692444801331 0.377605497837067 0.369182884693146 0.633186519145966 0.629173994064331 0.602916061878204 0.561750531196594 0.302662014961243 0.282119393348694 0.274642407894135 0.240407377481461 0.232270747423172 0.243572697043419 0.231511160731316 0.230930715799332 0.231600478291512 0.234655916690826 0.221690684556961 0.220634534955025 0.216401442885399 0.20142175257206 0.203705668449402 0.190237686038017 0.17652890086174 0.182024821639061 0.166190356016159 0.149099558591843 0.132804200053215 0.125598728656769
0.980942130088806 0.996372401714325 0.999999940395355 0.99999737739563 0.999980926513672 0.998165786266327 0.989404439926147 0.975361108779907 0.929984629154205 0.889921009540558 0.836950898170471 0.869878768920898 0.598954498767853 0.585096538066864 0.607376873493195 0.571661591529846 0.570390462875366 0.620862066745758 0.643995702266693 0.640870094299316 0.67379492521286 0.651490330696106 0.597311496734619 0.555100381374359 0.516082763671875 0.526772379875183 0.268853455781937 0.258637309074402 0.258425742387772 0.244285956025124 0.243906646966934 0.245020195841789 0.237634181976318 0.218942016363144 0.21653538942337 0.205759704113007 0.211822122335434 0.203383207321167 0.185729488730431 0.188950806856155 0.183458030223846 0.167073845863342 0.148228466510773 0.142145752906799 0.120737202465534
0.984761774539948 0.989741802215576 0.999993026256561 0.9999960064888 0.999955594539642 0.999513447284698 0.994565486907959 0.988133072853088 0.951093256473541 0.905701696872711 0.854848265647888 0.859871745109558 0.603503286838531 0.549803555011749 0.584949910640717 0.537548661231995 0.572414040565491 0.576709866523743 0.615786373615265 0.629555761814117 0.663728773593903 0.645733118057251 0.632373511791229 0.597663104534149 0.583964645862579 0.558889269828796 0.521062552928925 0.288202911615372 0.274472594261169 0.260672390460968 0.25145611166954 0.242567896842957 0.244690090417862 0.220986381173134 0.382338404655457 0.202296003699303 0.202144801616669 0.184927478432655 0.177435547113419 0.164690479636192 0.153618022799492 0.148586347699165 0.151921704411507 0.124292530119419 0.116798065602779
0.968239307403564 0.991375029087067 0.999913334846497 0.999979078769684 0.999992430210114 0.999911069869995 0.998696148395538 0.99267190694809 0.977374017238617 0.947291731834412 0.89169842004776 0.780398666858673 0.714133739471436 0.494949340820312 0.510953485965729 0.528684139251709 0.463058888912201 0.504604876041412 0.529171764850616 0.559294581413269 0.598109185695648 0.638574957847595 0.678797781467438 0.640870988368988 0.614798247814178 0.571019113063812 0.560132384300232 0.515402436256409 0.488493859767914 0.263775587081909 0.256064862012863 0.244212567806244 0.240510165691376 0.423020273447037 0.400355041027069 0.393182098865509 0.193052276968956 0.19576607644558 0.163621723651886 0.160755768418312 0.152177304029465 0.144723922014236 0.149130716919899 0.124473765492439 0.113633841276169
0.958791673183441 0.967846512794495 0.999902606010437 0.999888598918915 0.999990522861481 0.99995344877243 0.999495208263397 0.992922306060791 0.989851713180542 0.955686271190643 0.859015464782715 0.753505766391754 0.690420150756836 0.418357998132706 0.445905297994614 0.500936448574066 0.453930735588074 0.466016083955765 0.48092395067215 0.530223190784454 0.54655510187149 0.610127925872803 0.597272932529449 0.607022345066071 0.646413326263428 0.602863669395447 0.58515202999115 0.558529078960419 0.527620136737823 0.512591540813446 0.468729436397552 0.455535292625427 0.452732712030411 0.415024518966675 0.41416335105896 0.372611820697784 0.365650087594986 0.346337974071503 0.177868232131004 0.163428843021393 0.154828518629074 0.133149743080139 0.127506941556931 0.119416527450085 0.235500514507294
0.949407160282135 0.923685848712921 0.997858881950378 0.997566163539886 0.999807119369507 0.99967759847641 0.999675095081329 0.99631679058075 0.987007021903992 0.97832328081131 0.877072811126709 0.816309034824371 0.644490480422974 0.54963606595993 0.42890802025795 0.420947819948196 0.533364653587341 0.45094022154808 0.502349972724915 0.484488368034363 0.518331527709961 0.547074615955353 0.626726388931274 0.621044397354126 0.60533881187439 0.626280307769775 0.58967661857605 0.573911428451538 0.545088589191437 0.521866023540497 0.489708244800568 0.462628155946732 0.446424096822739 0.430557429790497 0.411583572626114 0.39473557472229 0.360837817192078 0.346318632364273 0.304935663938522 0.163933783769608 0.14847257733345 0.136374101042747 0.120780423283577 0.127509862184525 0.224801480770111
0.922536075115204 0.937225461006165 0.958471119403839 0.999864995479584 0.999923050403595 0.999822616577148 0.99984347820282 0.998674690723419 0.993508696556091 0.980975985527039 0.929523110389709 0.845353662967682 0.75318968296051 0.589739084243774 0.327616006135941 0.355993986129761 0.381473988294601 0.367676377296448 0.415165156126022 0.467579394578934 0.502897679805756 0.536934614181519 0.539725005626678 0.569958508014679 0.592487514019012 0.617426455020905 0.64443826675415 0.622389018535614 0.586364388465881 0.557164013385773 0.510228931903839 0.496550709009171 0.476199805736542 0.423513174057007 0.40908145904541 0.381895184516907 0.373849302530289 0.352348119020462 0.307760626077652 0.292418360710144 0.136658146977425 0.128863885998726 0.117450289428234 0.236089214682579 0.22995662689209
0.89959704875946 0.886638820171356 0.992662250995636 0.99985134601593 0.999935686588287 0.99997466802597 0.99993497133255 0.999195158481598 0.997376799583435 0.985947370529175 0.968694448471069 0.875221848487854 0.81618058681488 0.724530696868896 0.611817896366119 0.651493787765503 0.369978070259094 0.382913291454315 0.306041419506073 0.426559925079346 0.465973407030106 0.457552254199982 0.475456327199936 0.492605954408646 0.568122029304504 0.57455962896347 0.582818329334259 0.575157463550568 0.581030964851379 0.569953680038452 0.531479299068451 0.477369964122772 0.488120436668396 0.440915584564209 0.424523919820786 0.380706965923309 0.343212634325027 0.345525175333023 0.30383688211441 0.290886521339417 0.269142925739288 0.28492671251297 0.132931739091873 0.233094051480293 0.219326078891754
0.847082853317261 0.881271481513977 0.971712052822113 0.993357181549072 0.999968588352203 0.999920964241028 0.99981415271759 0.999666750431061 0.997016847133636 0.990533947944641 0.977027058601379 0.963978230953217 0.901187658309937 0.840089380741119 0.687574326992035 0.65976482629776 0.516614317893982 0.307248711585999 0.254824548959732 0.304040491580963 0.422508031129837 0.431254804134369 0.463347464799881 0.472124189138412 0.48390918970108 0.5616614818573 0.529169201850891 0.552721321582794 0.598052322864532 0.569688737392426 0.571560680866241 0.522712409496307 0.478891551494598 0.441178888082504 0.417493671178818 0.401392698287964 0.359766274690628 0.33335018157959 0.309239268302917 0.315694004297256 0.291355550289154 0.26619365811348 0.240160524845123 0.223113790154457 0.217151150107384
0.858719110488892 0.932201027870178 0.981965720653534 0.990216016769409 0.999910831451416 0.99990701675415 0.999950528144836 0.999880850315094 0.998350262641907 0.995722651481628 0.988831281661987 0.97598522901535 0.925994753837585 0.860266387462616 0.77735048532486 0.635570228099823 0.631235778331757 0.558397173881531 0.31268498301506 0.245931208133698 0.29275718331337 0.372457563877106 0.473957538604736 0.477677702903748 0.512291431427002 0.491788744926453 0.514511466026306 0.561736524105072 0.522659242153168 0.60214775800705 0.545613408088684 0.537186801433563 0.495370984077454 0.454606205224991 0.43116021156311 0.397045135498047 0.373091906309128 0.345748841762543 0.347491383552551 0.30648010969162 0.290055721998215 0.267576605081558 0.23477990925312 0.230838298797607 0.219555109739304
0.801694095134735 0.875132083892822 0.990117311477661 0.981251239776611 0.995289325714111 0.999825417995453 0.999862492084503 0.999882400035858 0.999118745326996 0.997711420059204 0.986129760742188 0.982519805431366 0.945620596408844 0.924109756946564 0.819935262203217 0.67084676027298 0.63157731294632 0.543272733688354 0.556014120578766 0.303568661212921 0.278679549694061 0.318530797958374 0.364316552877426 0.443224430084229 0.44797146320343 0.498499721288681 0.472293704748154 0.514245331287384 0.518884539604187 0.53765881061554 0.579473257064819 0.574450254440308 0.528314352035522 0.473802596330643 0.429008066654205 0.394125521183014 0.375848263502121 0.338819831609726 0.328940451145172 0.312975138425827 0.284274131059647 0.272930175065994 0.245332986116409 0.230523571372032 0.214349195361137
0.88739949464798 0.936917126178741 0.969190180301666 0.905351340770721 0.929848551750183 0.94986879825592 0.998656213283539 0.999626934528351 0.996982634067535 0.997338116168976 0.992793023586273 0.983707129955292 0.969474852085114 0.940771102905273 0.916635394096375 0.808618068695068 0.714850962162018 0.680236220359802 0.45283243060112 0.557089269161224 0.270072758197784 0.292653441429138 0.286877185106277 0.334087044000626 0.387274563312531 0.441506206989288 0.461530596017838 0.468280047178268 0.510229468345642 0.543200016021729 0.592281937599182 0.541531980037689 0.526936531066895 0.479333788156509 0.439504384994507 0.407589793205261 0.381185472011566 0.341166824102402 0.328279495239258 0.281425267457962 0.266025990247726 0.260506570339203 0.253993660211563 0.218062788248062 0.210381165146828
0.835909008979797 0.952861487865448 0.896798968315125 0.821244716644287 0.809332430362701 0.932901740074158 0.983653128147125 0.998834192752838 0.997576057910919 0.997138619422913 0.99513828754425 0.986981987953186 0.974462449550629 0.96204000711441 0.94085282087326 0.902836322784424 0.840417087078094 0.663369536399841 0.679305493831635 0.494250118732452 0.494404137134552 0.255467444658279 0.269094288349152 0.306543797254562 0.423718303442001 0.472753912210464 0.489587396383286 0.463880479335785 0.546301364898682 0.507694602012634 0.524684071540833 0.540537118911743 0.557006895542145 0.51576179265976 0.471367567777634 0.412593007087708 0.392769485712051 0.359063982963562 0.339392513036728 0.291004687547684 0.264076918363571 0.250228732824326 0.247061401605606 0.217973589897156 0.217083364725113
0.71580308675766 0.824742019176483 0.895485520362854 0.828724026679993 0.792852163314819 0.754794299602509 0.813132464885712 0.91128396987915 0.968120098114014 0.989483594894409 0.991082489490509 0.993495225906372 0.983556509017944 0.976760268211365 0.970283627510071 0.93423056602478 0.875381588935852 0.837082505226135 0.702649652957916 0.577438652515411 0.538343608379364 0.457143157720566 0.300114303827286 0.275354474782944 0.303540110588074 0.331338673830032 0.440030366182327 0.519846796989441 0.508326232433319 0.481769382953644 0.515880465507507 0.56352573633194 0.547655940055847 0.50966078042984 0.469724982976913 0.438813239336014 0.416373044252396 0.367611706256866 0.321653246879578 0.337468922138214 0.295229375362396 0.2785384953022 0.261390149593353 0.234796077013016 0.211490407586098
0.760382890701294 0.854570865631104 0.903484165668488 0.964706838130951 0.800417423248291 0.560783386230469 0.78663033246994 0.901444315910339 0.94069641828537 0.958107888698578 0.985698223114014 0.990707457065582 0.985919535160065 0.97852486371994 0.980202674865723 0.955357611179352 0.936387777328491 0.86651885509491 0.825898885726929 0.648715257644653 0.574278891086578 0.491749048233032 0.501955032348633 0.282359331846237 0.291565328836441 0.336779117584229 0.361083209514618 0.467447400093079 0.519625842571259 0.536165714263916 0.499183714389801 0.567849159240723 0.530193388462067 0.5326127409935 0.508652329444885 0.486979603767395 0.436225295066833 0.416781306266785 0.376670837402344 0.355348408222198 0.313482582569122 0.289752066135406 0.262504607439041 0.239905476570129 0.21732234954834
0.277414113283157 0.897932231426239 0.861291468143463 0.994454085826874 0.970926463603973 0.687537729740143 0.911387801170349 0.929476261138916 0.996721088886261 0.994761168956757 0.97707861661911 0.993533670902252 0.993096470832825 0.986105144023895 0.974644839763641 0.966363191604614 0.968163013458252 0.95708441734314 0.938716232776642 0.860969841480255 0.670320749282837 0.645932614803314 0.489641696214676 0.511427640914917 0.33052721619606 0.330492615699768 0.341726869344711 0.474783182144165 0.47833189368248 0.530235826969147 0.521278202533722 0.56181937456131 0.563199162483215 0.581660568714142 0.509435892105103 0.476123958826065 0.420299887657166 0.389513909816742 0.34101328253746 0.354491978883743 0.325392097234726 0.297185987234116 0.26436647772789 0.248512223362923 0.22312930226326
0.282025128602982 0.334481090307236 0.886829912662506 0.889399468898773 0.895610511302948 0.983400344848633 0.99390709400177 0.995465636253357 0.990749299526215 0.997699558734894 0.996220946311951 0.987559914588928 0.995696187019348 0.991615414619446 0.987729012966156 0.983646094799042 0.984778046607971 0.962190210819244 0.923273980617523 0.942633152008057 0.865057110786438 0.720859885215759 0.659408450126648 0.62133526802063 0.596659779548645 0.326568812131882 0.370323419570923 0.442489385604858 0.460453689098358 0.484560519456863 0.525296926498413 0.549308776855469 0.55791962146759 0.581078946590424 0.549487888813019 0.520024120807648 0.437912672758102 0.405593544244766 0.364965915679932 0.342561662197113 0.307004004716873 0.282258838415146 0.276245713233948 0.258434295654297 0.224079430103302
