data/climate_estimation/maxent_output/Anticlea_volcanica.asc
NCOLS 159 
NROWS 122 
XLLCORNER -103.25 
YLLCORNER 15.3333333333333 
CELLSIZE 0.0833333333333333 
NODATA_value -3.4e+38 
[rows 88 to 109 of 122, columns 50 to 99 of 159]
0.153683498501778 0.209467142820358 0.278057813644409 0.197502210736275 0.157576590776443 0.150372788310051 0.144542559981346 0.158958107233047 0.152510434389114 0.160817965865135 0.20211523771286 0.181745886802673 0.184617057442665 0.284433513879776 0.291787385940552 0.397574782371521 0.446230113506317 0.548286259174347 0.644445598125458 0.520689427852631 0.39901727437973 0.420977205038071 0.208250284194946 0.187167033553123 0.411492377519608 0.68903249502182 0.567654252052307 0.56977516412735 0.536248564720154 0.502643704414368 0.200640365481377 0.15425831079483 0.165086299180984 0.164902523159981 0.157094091176987 0.137830808758736 0.133998021483421 0.128078743815422 0.126407310366631 0.126230522990227 0.122602745890617 0.116200417280197 0.118622116744518 0.117858476936817 0.11379636824131 0.109305843710899 0.117940947413445 0.129502400755882 0.147296577692032 0.169954061508179
0.165630310773849 0.149165734648705 0.19996877014637 0.175382673740387 0.14155150949955 0.163525447249413 0.193945452570915 0.180940538644791 0.172627002000809 0.155992239713669 0.167580962181091 0.186355501413345 0.247764632105827 0.263743102550507 0.290707468986511 0.391576856374741 0.56097537279129 0.635472178459167 0.715133666992188 0.480330258607864 0.532392501831055 0.671263456344604 0.268879026174545 0.183123007416725 0.264268130064011 0.507587254047394 0.405863583087921 0.385030180215836 0.434319198131561 0.288351267576218 0.186051934957504 0.15489350259304 0.160713791847229 0.160656780004501 0.148007392883301 0.141169890761375 0.136352345347404 0.130362048745155 0.126861393451691 0.126988500356674 0.120761193335056 0.116725407540798 0.11728098988533 0.118481166660786 0.115972213447094 0.113771483302116 0.112742960453033 0.124482244253159 0.138222724199295 0.149027824401855
0.180928900837898 0.167160049080849 0.251786321401596 0.198644757270813 0.17010959982872 0.213167488574982 0.217381417751312 0.19355782866478 0.241268932819366 0.193707600235939 0.205879971385002 0.214596673846245 0.332051694393158 0.333796113729477 0.408625185489655 0.416996687650681 0.544880390167236 0.591612994670868 0.728191614151001 0.58162921667099 0.6263148188591 0.70086145401001 0.5757195353508 0.339526325464249 0.167137995362282 0.273955971002579 0.391753256320953 0.578785538673401 0.38378894329071 0.480194687843323 0.308284163475037 0.168788120150566 0.167825281620026 0.150624170899391 0.154755011200905 0.14437472820282 0.138003438711166 0.132734060287476 0.131970182061195 0.128167048096657 0.119040116667747 0.121520698070526 0.119110532104969 0.119311131536961 0.119758129119873 0.119552135467529 0.118183135986328 0.117851302027702 0.128628775477409 0.140226259827614
0.192401438951492 0.192649498581886 0.20984859764576 0.284949958324432 0.280001401901245 0.189818784594536 0.189575687050819 0.274573087692261 0.275323837995529 0.28096404671669 0.269090712070465 0.197200983762741 0.291258484125137 0.404640734195709 0.48266538977623 0.468892753124237 0.453192859888077 0.66560286283493 0.811626791954041 0.676299095153809 0.622557044029236 0.620173156261444 0.644291520118713 0.461383521556854 0.193840995430946 0.220049396157265 0.623878121376038 0.872112929821014 0.527568221092224 0.446235954761505 0.202361196279526 0.280696928501129 0.379909425973892 0.221834599971771 0.173748403787613 0.208355188369751 0.14739465713501 0.14126892387867 0.128913417458534 0.123293235898018 0.123808741569519 0.128606930375099 0.125498697161674 0.128094226121902 0.128403082489967 0.128643304109573 0.115902230143547 0.118345625698566 0.133674457669258 0.137353271245956
0.283900558948517 0.212606549263 0.279013872146606 0.295886218547821 0.254330486059189 0.231598436832428 0.260799139738083 0.381839066743851 0.367531597614288 0.374765187501907 0.317053079605103 0.229696989059448 0.364766418933868 0.475977301597595 0.51404732465744 0.375030547380447 0.467625677585602 0.620596945285797 0.675933063030243 0.681388199329376 0.619659185409546 0.640191853046417 0.707982063293457 0.529149055480957 0.354490220546722 0.184190392494202 0.6612908244133 0.817145824432373 0.661960005760193 0.380369633436203 0.3053278028965 0.374327182769775 0.226404204964638 0.186817154288292 0.178057938814163 0.299769371747971 0.158823534846306 0.145712748169899 0.133545681834221 0.128968387842178 0.131809696555138 0.137377560138702 0.133695796132088 0.126316264271736 0.127651512622833 0.121506400406361 0.114983081817627 0.1225281432271 0.135616883635521 0.136741071939468
0.334882408380508 0.322544544935226 0.298738241195679 0.410671502351761 0.431575447320938 0.303932100534439 0.249308675527573 0.362531334161758 0.36367854475975 0.424826920032501 0.382040411233902 0.307050347328186 0.395026326179504 0.36908882856369 0.398776918649673 0.371557891368866 0.470550268888474 0.588925302028656 0.614491641521454 0.692465603351593 0.671043038368225 0.716263890266418 0.769122362136841 0.673120260238647 0.391746759414673 0.209782361984253 0.377363979816437 0.524225175380707 0.550078332424164 0.668669700622559 0.599137008190155 0.523612201213837 0.254092454910278 0.209262877702713 0.208068549633026 0.178646042943001 0.181133955717087 0.154342547059059 0.139731332659721 0.140023112297058 0.140727087855339 0.138096794486046 0.135405465960503 0.130880519747734 0.127649813890457 0.127842009067535 0.129101946949959 0.135737806558609 0.137559577822685 0.135115846991539
0.476993501186371 0.417147755622864 0.406052768230438 0.504454910755157 0.511513471603394 0.332590252161026 0.280730396509171 0.31478825211525 0.31363844871521 0.35478338599205 0.404639691114426 0.333533495664597 0.344452828168869 0.484759718179703 0.516050696372986 0.41281071305275 0.482850641012192 0.582400321960449 0.692245543003082 0.730731427669525 0.767259657382965 0.766438663005829 0.77904212474823 0.731538474559784 0.586086690425873 0.381832659244537 0.270260870456696 0.548327803611755 0.59425675868988 0.488310426473618 0.864629507064819 0.638889133930206 0.493039816617966 0.321834027767181 0.27138364315033 0.187772989273071 0.185367792844772 0.17325247824192 0.150004729628563 0.148866772651672 0.151597186923027 0.147619128227234 0.142538070678711 0.136181026697159 0.140341192483902 0.14113013446331 0.14654815196991 0.149831160902977 0.146206468343735 0.144588500261307
0.559389531612396 0.451538741588593 0.633906483650208 0.61560845375061 0.430933594703674 0.321269482374191 0.31709948182106 0.36865296959877 0.348568856716156 0.383474975824356 0.563917517662048 0.472517609596252 0.463270515203476 0.508370339870453 0.634559631347656 0.633384227752686 0.71762627363205 0.651836812496185 0.724092960357666 0.744806826114655 0.734721124172211 0.691985487937927 0.733792006969452 0.732495546340942 0.558906435966492 0.637902915477753 0.384235709905624 0.524995863437653 0.831536412239075 0.539906322956085 0.830743789672852 0.910340309143066 0.677523672580719 0.425639688968658 0.342074483633041 0.443573504686356 0.269664764404297 0.201355084776878 0.177871063351631 0.167079865932465 0.156642138957977 0.150248825550079 0.146957486867905 0.148406937718391 0.152167856693268 0.148710027337074 0.15507598221302 0.15663680434227 0.153348088264465 0.151996076107025
0.503413617610931 0.588222742080688 0.826105415821075 0.675965785980225 0.478081315755844 0.439272344112396 0.397893369197845 0.525574564933777 0.504374980926514 0.504740178585052 0.695833206176758 0.566634476184845 0.573507249355316 0.53803288936615 0.575443208217621 0.759128451347351 0.850981771945953 0.706216990947723 0.698298990726471 0.770329475402832 0.748239755630493 0.656365811824799 0.693290650844574 0.721493303775787 0.521717190742493 0.653432071208954 0.478667348623276 0.571468830108643 0.902213037014008 0.76738977432251 0.806047677993774 0.945100367069244 0.774741590023041 0.383036315441132 0.423852324485779 0.759156703948975 0.419447511434555 0.329426020383835 0.28008359670639 0.194264695048332 0.172994568943977 0.163512781262398 0.158113673329353 0.156688183546066 0.155876412987709 0.158026695251465 0.155624806880951 0.157363325357437 0.153203547000885 0.152897462248802
0.366856575012207 0.575151383876801 0.699316799640656 0.803592562675476 0.752476334571838 0.683971762657166 0.527172088623047 0.531209588050842 0.67351621389389 0.653968334197998 0.72987288236618 0.697222769260406 0.570513248443604 0.754267573356628 0.597274243831635 0.686380505561829 0.677063405513763 0.71978235244751 0.703457832336426 0.861326158046722 0.766841292381287 0.69817590713501 0.676289618015289 0.642305016517639 0.546306133270264 0.629512548446655 0.723401784896851 0.68133270740509 0.885288536548615 0.715744018554688 0.750318825244904 0.938879311084747 0.736772954463959 0.564578711986542 0.421356439590454 0.624219715595245 0.725545942783356 0.49700739979744 0.291657745838165 0.248754069209099 0.190910890698433 0.181684195995331 0.172413259744644 0.168939843773842 0.159781694412231 0.158960968255997 0.162249818444252 0.162881895899773 0.158209636807442 0.160719588398933
0.586671590805054 0.556475222110748 0.654347538948059 0.799647986888885 0.731794834136963 0.739722549915314 0.738380074501038 0.60644143819809 0.849712431430817 0.80125629901886 0.769769906997681 0.799933135509491 0.662516832351685 0.808254480361938 0.703152656555176 0.647692561149597 0.677796185016632 0.721427083015442 0.661888301372528 0.729163825511932 0.815430283546448 0.670987069606781 0.651415050029755 0.650140941143036 0.658110439777374 0.61204469203949 0.575025022029877 0.688976943492889 0.917397677898407 0.804947733879089 0.683736860752106 0.794437348842621 0.929767787456512 0.841900944709778 0.49394029378891 0.702820122241974 0.840361654758453 0.536627113819122 0.33968511223793 0.288317441940308 0.207530707120895 0.199203416705132 0.194974899291992 0.17758709192276 0.170244887471199 0.17418347299099 0.19327974319458 0.181263417005539 0.165447622537613 0.172147184610367
0.560612320899963 0.452123731374741 0.544529557228088 0.49240317940712 0.499220043420792 0.628939092159271 0.746892154216766 0.760173320770264 0.729802250862122 0.533385396003723 0.451275318861008 0.44423970580101 0.633709013462067 0.700885772705078 0.806667327880859 0.73646491765976 0.71286553144455 0.768947899341583 0.644136488437653 0.590522468090057 0.719780087471008 0.695023894309998 0.58918309211731 0.603335559368134 0.704173684120178 0.678143441677094 0.487226694822311 0.484773188829422 0.876819908618927 0.930519998073578 0.855581045150757 0.932220280170441 0.960488975048065 0.772834599018097 0.482956349849701 0.721510827541351 0.911028146743774 0.610228896141052 0.477336585521698 0.346687227487564 0.248868837952614 0.238687351346016 0.260283142328262 0.208966359496117 0.18032518029213 0.187784075737 0.187486127018929 0.180890336632729 0.170341446995735 0.183996081352234
0.387631088495255 0.405817627906799 0.404083639383316 0.420760601758957 0.663580358028412 0.575658440589905 0.480607718229294 0.525299310684204 0.612725734710693 0.400666207075119 0.3197320997715 0.367089927196503 0.468716502189636 0.416103839874268 0.500055551528931 0.822160005569458 0.893991768360138 0.913808703422546 0.679052174091339 0.592046797275543 0.493152260780334 0.466313898563385 0.665727853775024 0.661070644855499 0.72813493013382 0.752862989902496 0.519641757011414 0.42256361246109 0.670252025127411 0.795120358467102 0.899612069129944 0.979681193828583 0.980896949768066 0.865861535072327 0.615763485431671 0.676261126995087 0.963654577732086 0.882706999778748 0.614740908145905 0.381279319524765 0.35687530040741 0.324410617351532 0.299894273281097 0.250036776065826 0.243717104196548 0.247839942574501 0.222146302461624 0.19452853500843 0.184878066182137 0.184859722852707
0.390513569116592 0.442611783742905 0.47221302986145 0.444787979125977 0.443923741579056 0.498232245445251 0.389872878789902 0.366608262062073 0.40201935172081 0.460327625274658 0.335469722747803 0.361394852399826 0.467214047908783 0.309422135353088 0.314458221197128 0.706040501594543 0.848682999610901 0.82048088312149 0.801391899585724 0.532364726066589 0.422070264816284 0.445089489221573 0.600155711174011 0.579753875732422 0.696881055831909 0.836348950862885 0.614459097385406 0.45155194401741 0.432851195335388 0.508183538913727 0.639855563640594 0.841908514499664 0.920056045055389 0.835258543491364 0.804833710193634 0.785178482532501 0.951051235198975 0.790482878684998 0.569162786006927 0.313772708177567 0.426979124546051 0.402226597070694 0.329672604799271 0.256975889205933 0.27498733997345 0.291043996810913 0.287917673587799 0.23459081351757 0.197849974036217 0.195909693837166
0.363733857870102 0.490584522485733 0.500597357749939 0.350412577390671 0.370095580816269 0.415728986263275 0.414143681526184 0.356912732124329 0.360588163137436 0.393154710531235 0.359017342329025 0.311673194169998 0.336247861385345 0.294595420360565 0.301651865243912 0.412066757678986 0.740322828292847 0.8037109375 0.860648930072784 0.443500816822052 0.416276514530182 0.499820828437805 0.538028955459595 0.667738735675812 0.730647444725037 0.876569271087646 0.80213475227356 0.431693285703659 0.436685621738434 0.55212664604187 0.499497592449188 0.578308880329132 0.843135893344879 0.862645030021667 0.727812945842743 0.828000366687775 0.877209842205048 0.752743542194366 0.5870561003685 0.534401416778564 0.586920022964478 0.320153594017029 0.299629986286163 0.353151440620422 0.332740843296051 0.30300298333168 0.3093441426754 0.276212304830551 0.230977386236191 0.214237704873085
0.362530171871185 0.413049757480621 0.460689544677734 0.384298861026764 0.325680166482925 0.366292804479599 0.354840874671936 0.317933678627014 0.35494002699852 0.317661911249161 0.340150743722916 0.381071895360947 0.287672430276871 0.279303580522537 0.332645773887634 0.334199100732803 0.48052841424942 0.766666769981384 0.73969966173172 0.414678782224655 0.509265661239624 0.518526256084442 0.551513850688934 0.667733252048492 0.871079742908478 0.81863796710968 0.706599056720734 0.426338940858841 0.448023647069931 0.657608330249786 0.840828597545624 0.785862684249878 0.74366819858551 0.790163576602936 0.525248944759369 0.786392748355865 0.793324053287506 0.570812225341797 0.535518646240234 0.717137157917023 0.762806355953217 0.558666586875916 0.318193376064301 0.291797310113907 0.439146429300308 0.398678302764893 0.337264567613602 0.284970909357071 0.263115525245667 0.246449500322342
0.291623204946518 0.330255925655365 0.35633647441864 0.322386533021927 0.34503698348999 0.356962114572525 0.318521201610565 0.359009146690369 0.3503577709198 0.311259061098099 0.311818420886993 0.330481380224228 0.269579201936722 0.300953030586243 0.400116175413132 0.320262134075165 0.372808635234833 0.786951839923859 0.442357629537582 0.518007457256317 0.666803419589996 0.724161088466644 0.697281777858734 0.764638185501099 0.808589696884155 0.802813768386841 0.548156023025513 0.400250911712646 0.383965641260147 0.551813960075378 0.714882075786591 0.65892481803894 0.764423847198486 0.725572109222412 0.629898607730865 0.637089312076569 0.812894880771637 0.407741904258728 0.322902947664261 0.472867637872696 0.450581669807434 0.470661401748657 0.473576158285141 0.479578912258148 0.402930706739426 0.543084740638733 0.44792851805687 0.268981546163559 0.256589978933334 0.256032079458237
0.293447107076645 0.308847814798355 0.304606676101685 0.298097461462021 0.313088536262512 0.336306035518646 0.306021898984909 0.34342023730278 0.340924739837646 0.305356651544571 0.294000297784805 0.30407378077507 0.27714803814888 0.325042933225632 0.404506236314774 0.487463504076004 0.341792047023773 0.556178152561188 0.430891662836075 0.44716465473175 0.477414220571518 0.645052134990692 0.830480754375458 0.829391300678253 0.793302118778229 0.859277248382568 0.53074187040329 0.433226346969604 0.41966924071312 0.613679885864258 0.526209235191345 0.577172160148621 0.522161662578583 0.434967488050461 0.452846705913544 0.480114161968231 0.607460618019104 0.360854357481003 0.483793646097183 0.464795053005219 0.300506353378296 0.333146423101425 0.527190744876862 0.483456343412399 0.307562857866287 0.31682500243187 0.3347148001194 0.296967327594757 0.263211190700531 0.252301454544067
0.283928722143173 0.286362081766129 0.289189010858536 0.293271571397781 0.307820081710815 0.30873715877533 0.295789003372192 0.295330017805099 0.308781415224075 0.33662086725235 0.3394715487957 0.324225753545761 0.313995569944382 0.359717577695847 0.410330891609192 0.432347774505615 0.348497241735458 0.309833139181137 0.403131812810898 0.427473425865173 0.39013084769249 0.53842306137085 0.628596723079681 0.708185493946075 0.55881130695343 0.669348299503326 0.536249220371246 0.404142916202545 0.554126143455505 0.914950609207153 0.702122092247009 0.546583473682404 0.570649027824402 0.415222972631454 0.402815014123917 0.522920370101929 0.341419875621796 0.293790638446808 0.561292350292206 0.91417396068573 0.51355105638504 0.302593886852264 0.269602179527283 0.323782235383987 0.285718023777008 0.268180519342422 0.252152144908905 0.242259576916695 0.221351653337479 0.229087650775909
-3.4e+38 0.291488736867905 0.29316720366478 0.288407504558563 0.291784942150116 0.28665417432785 0.283648610115051 0.285917222499847 0.291918367147446 0.290002077817917 0.299326688051224 0.28537705540657 0.298120200634003 0.31941431760788 0.375481843948364 0.405897855758667 0.43989822268486 0.39406743645668 0.357529819011688 0.390960991382599 0.409244924783707 0.367359220981598 0.438377976417542 0.682946443557739 0.636210322380066 0.595001876354218 0.72457617521286 0.397521823644638 0.446471393108368 0.570718467235565 0.613273322582245 0.502956688404083 0.3759486079216 0.528330564498901 0.585889995098114 0.537779152393341 0.359575122594833 0.507858395576477 0.5554558634758 0.797268509864807 0.771067380905151 0.434059232473373 0.275942623615265 0.255949169397354 0.328908801078796 0.37130144238472 0.273950159549713 0.228977292776108 0.223382189869881 0.222081854939461
-3.4e+38 -3.4e+38 -3.4e+38 -3.4e+38 0.288157075643539 0.293409615755081 0.296433657407761 0.292566865682602 0.29340186715126 0.291574537754059 0.288831293582916 0.288874268531799 0.288679301738739 0.291469752788544 0.263076543807983 0.32903790473938 0.433966726064682 0.357686817646027 0.355459213256836 0.403742730617523 0.390656918287277 0.389441519975662 0.464984834194183 0.608059823513031 0.605404078960419 0.551168322563171 0.618642926216125 0.438548535108566 0.471036285161972 0.613645076751709 0.447532385587692 0.445545583963394 0.477562785148621 0.572155714035034 0.774462103843689 0.504534482955933 0.549580037593842 0.476510465145111 0.403657257556915 0.412572592496872 0.516201853752136 0.302170425653458 0.254204273223877 0.250818133354187 0.266988754272461 0.307742893695831 0.272674977779388 0.234062135219574 0.232663735747337 0.233528837561607
-3.4e+38 -3.4e+38 -3.4e+38 -3.4e+38 -3.4e+38 0.29657655954361 0.309143841266632 0.302502602338791 0.295879691839218 0.291423141956329 0.289267420768738 0.301239609718323 0.304729729890823 0.272920161485672 0.252470970153809 0.250720679759979 0.380382776260376 0.317390024662018 0.407598435878754 0.517397403717041 0.506052792072296 0.439459919929504 0.443208307027817 0.437071084976196 0.436742603778839 0.710105836391449 0.453520566225052 0.68489795923233 0.49522653222084 0.480590432882309 0.485045611858368 0.548239946365356 0.731241583824158 0.78534197807312 0.959553897380829 0.74892795085907 0.676476299762726 0.429988175630569 0.367143094539642 0.354062050580978 0.307364523410797 0.287782311439514 0.333691596984863 0.34482330083847 0.31723752617836 0.261751472949982 0.229183778166771 0.228173941373825 0.247455164790154 0.240176796913147
