data/climate_estimation/maxent_output/Anticlea_volcanica.asc
NCOLS 159 
NROWS 122 
XLLCORNER -103.25 
YLLCORNER 15.3333333333333 
CELLSIZE 0.0833333333333333 
NODATA_value -3.4e+38 
[rows 66 to 87 of 122, columns 50 to 99 of 159]
0.637413084506989 0.679675817489624 0.665777802467346 0.688638031482697 0.71913731098175 0.761266350746155 0.812196612358093 0.862458109855652 0.839927911758423 0.798204004764557 0.850278675556183 0.837306618690491 0.805173337459564 0.672131597995758 0.566600322723389 0.39185243844986 0.299667507410049 0.330569505691528 0.375284284353256 0.261232256889343 0.220413908362389 0.202508091926575 0.157660365104675 0.144272208213806 0.150823980569839 0.141829296946526 0.141695201396942 0.149401292204857 0.157605022192001 0.15660634636879 0.150619074702263 -3.4e+38 -3.4e+38 -3.4e+38 -3.4e+38 -3.4e+38 -3.4e+38 -3.4e+38 -3.4e+38 -3.4e+38 -3.4e+38 -3.4e+38 -3.4e+38 -3.4e+38 -3.4e+38 -3.4e+38 -3.4e+38 -3.4e+38 -3.4e+38 -3.4e+38
0.587277948856354 0.595029413700104 0.622104585170746 0.659074127674103 0.682434737682343 0.742173075675964 0.843726336956024 0.847623288631439 0.755577087402344 0.794083118438721 0.861083209514618 0.843449473381042 0.759932696819305 0.712593913078308 0.605065941810608 0.582280218601227 0.52161717414856 0.506634652614594 0.578517198562622 0.528086125850677 0.532877683639526 0.35189351439476 0.243529587984085 0.230120822787285 0.268474519252777 0.240544989705086 0.215886384248734 0.226752296090126 0.179359167814255 0.235110729932785 0.178448587656021 0.165739372372627 -3.4e+38 -3.4e+38 -3.4e+38 -3.4e+38 -3.4e+38 -3.4e+38 -3.4e+38 -3.4e+38 -3.4e+38 -3.4e+38 -3.4e+38 -3.4e+38 -3.4e+38 -3.4e+38 -3.4e+38 -3.4e+38 -3.4e+38 -3.4e+38
0.563981771469116 0.579717993736267 0.641592681407928 0.671909511089325 0.6576828956604 0.675813734531403 0.753007888793945 0.734654486179352 0.787011861801147 0.842566430568695 0.844904601573944 0.769610226154327 0.754528164863586 0.767763674259186 0.700284123420715 0.665590822696686 0.619365096092224 0.64959055185318 0.663039863109589 0.707939624786377 0.706627011299133 0.608230173587799 0.496110409498215 0.291417628526688 0.503320693969727 0.545582354068756 0.430563747882843 0.542041599750519 0.346789568662643 0.275392353534698 0.249950900673866 0.179224148392677 0.168717414140701 -3.4e+38 -3.4e+38 -3.4e+38 -3.4e+38 -3.4e+38 -3.4e+38 -3.4e+38 -3.4e+38 -3.4e+38 -3.4e+38 -3.4e+38 -3.4e+38 -3.4e+38 -3.4e+38 -3.4e+38 -3.4e+38 -3.4e+38
0.552122414112091 0.572597920894623 0.608042418956757 0.625762701034546 0.654060423374176 0.723979830741882 0.659864127635956 0.685757398605347 0.752566516399384 0.855310261249542 0.887134969234467 0.867570638656616 0.89200097322464 0.839455008506775 0.796256422996521 0.827373683452606 0.639930427074432 0.72262716293335 0.847638070583344 0.920727431774139 0.912037968635559 0.75995922088623 0.713274359703064 0.513574540615082 0.681509733200073 0.75054544210434 0.681432485580444 0.668775260448456 0.522336781024933 0.32739070057869 0.244368433952332 0.199093088507652 0.172042921185493 -3.4e+38 -3.4e+38 -3.4e+38 -3.4e+38 -3.4e+38 -3.4e+38 -3.4e+38 -3.4e+38 -3.4e+38 -3.4e+38 -3.4e+38 -3.4e+38 -3.4e+38 -3.4e+38 -3.4e+38 -3.4e+38 -3.4e+38
0.562263548374176 0.566150009632111 0.590595841407776 0.627063155174255 0.751463294029236 0.735497415065765 0.676658987998962 0.685969173908234 0.695474743843079 0.742355227470398 0.792158663272858 0.811419010162354 0.923331320285797 0.781644523143768 0.71040278673172 0.673446595668793 0.712496638298035 0.738923490047455 0.787419557571411 0.8965944647789 0.886449813842773 0.798967242240906 0.805433630943298 0.87156754732132 0.775352418422699 0.564999997615814 0.436441540718079 0.387910395860672 0.364256680011749 0.288023084402084 0.245065227150917 0.198169708251953 0.178906813263893 -3.4e+38 -3.4e+38 -3.4e+38 -3.4e+38 -3.4e+38 -3.4e+38 -3.4e+38 -3.4e+38 -3.4e+38 -3.4e+38 -3.4e+38 -3.4e+38 -3.4e+38 -3.4e+38 -3.4e+38 -3.4e+38 -3.4e+38
0.560956299304962 0.554638266563416 0.566891551017761 0.641644239425659 0.825136601924896 0.815435886383057 0.759064316749573 0.754966735839844 0.747299492359161 0.738583147525787 0.745483338832855 0.762111604213715 0.784025371074677 0.763805687427521 0.938266575336456 0.862023234367371 0.85585629940033 0.682849764823914 0.710736453533173 0.77933406829834 0.766316056251526 0.785626709461212 0.92909562587738 0.9822958111763 0.798168540000916 0.540501475334167 0.451824694871902 0.340449541807175 0.279621481895447 0.243814915418625 0.224414482712746 0.20105317234993 0.180323034524918 0.181112885475159 -3.4e+38 -3.4e+38 -3.4e+38 -3.4e+38 -3.4e+38 -3.4e+38 -3.4e+38 -3.4e+38 -3.4e+38 -3.4e+38 -3.4e+38 -3.4e+38 -3.4e+38 -3.4e+38 -3.4e+38 -3.4e+38
0.55833911895752 0.557329177856445 0.586534917354584 0.790630638599396 0.991523683071136 0.953187584877014 0.825350284576416 0.78362500667572 0.761300325393677 0.759852051734924 0.747147977352142 0.74605268239975 0.726381599903107 0.724197685718536 0.810675323009491 0.860750675201416 0.735596716403961 0.636094868183136 0.668697655200958 0.686848700046539 0.743686437606812 0.82722145318985 0.961402177810669 0.954763531684875 0.622573137283325 0.44232040643692 0.408900260925293 0.355704426765442 0.281487375497818 0.224827170372009 0.194878697395325 0.176159739494324 0.182328552007675 0.184664681553841 -3.4e+38 -3.4e+38 -3.4e+38 -3.4e+38 -3.4e+38 -3.4e+38 -3.4e+38 -3.4e+38 -3.4e+38 -3.4e+38 -3.4e+38 -3.4e+38 -3.4e+38 -3.4e+38 -3.4e+38 -3.4e+38
0.546596765518188 0.573948264122009 0.617029845714569 0.845272839069366 0.993334472179413 0.90360015630722 0.732418715953827 0.692381978034973 0.71988832950592 0.742416739463806 0.727531373500824 0.721046805381775 0.718271732330322 0.672974467277527 0.658083260059357 0.673359572887421 0.677919805049896 0.636096596717834 0.693956017494202 0.724247753620148 0.729536175727844 0.844718933105469 0.931576490402222 0.7250896692276 0.510634303092957 0.390200644731522 0.307346731424332 0.289573043584824 0.26299375295639 0.214053556323051 0.1919224858284 0.184698417782784 0.188448593020439 0.177483633160591 -3.4e+38 -3.4e+38 -3.4e+38 -3.4e+38 -3.4e+38 -3.4e+38 -3.4e+38 -3.4e+38 -3.4e+38 -3.4e+38 -3.4e+38 -3.4e+38 -3.4e+38 -3.4e+38 -3.4e+38 -3.4e+38
0.540516436100006 0.57541698217392 0.60886150598526 0.769205629825592 0.974897503852844 0.952719688415527 0.755585610866547 0.663331270217896 0.64735609292984 0.662935554981232 0.682807803153992 0.753142654895782 0.906226277351379 0.76466703414917 0.626014471054077 0.624602079391479 0.620088517665863 0.614095509052277 0.656079947948456 0.832206249237061 0.768716335296631 0.940471053123474 0.906528174877167 0.67443060874939 0.551680505275726 0.407571762800217 0.345487028360367 0.28500097990036 0.229963973164558 0.200056076049805 0.184702411293983 0.178038954734802 0.176054745912552 0.169956415891647 0.180545479059219 -3.4e+38 -3.4e+38 -3.4e+38 -3.4e+38 -3.4e+38 -3.4e+38 -3.4e+38 -3.4e+38 -3.4e+38 -3.4e+38 -3.4e+38 -3.4e+38 -3.4e+38 -3.4e+38 -3.4e+38
0.679214060306549 0.648454546928406 0.648389399051666 0.760552167892456 0.984814882278442 0.999690234661102 0.870998501777649 0.679663836956024 0.635266780853271 0.62941437959671 0.660502851009369 0.783963918685913 0.985977113246918 0.859840571880341 0.650825321674347 0.604398369789124 0.600777268409729 0.61690890789032 0.670625865459442 0.741811633110046 0.840092062950134 0.989583015441895 0.949314475059509 0.757857799530029 0.59374213218689 0.522449195384979 0.397336661815643 0.316789031028748 0.251175701618195 0.214797720313072 0.179777517914772 0.164667919278145 0.144566461443901 0.158306062221527 0.179982841014862 0.195838406682014 -3.4e+38 -3.4e+38 -3.4e+38 -3.4e+38 -3.4e+38 -3.4e+38 -3.4e+38 -3.4e+38 -3.4e+38 -3.4e+38 -3.4e+38 -3.4e+38 -3.4e+38 -3.4e+38
0.961642444133759 0.911714553833008 0.767272174358368 0.77427464723587 0.946435689926147 0.999338984489441 0.909473836421967 0.716266632080078 0.61443430185318 0.614149689674377 0.623196303844452 0.689570307731628 0.753998637199402 0.703102052211761 0.717793047428131 0.630307912826538 0.662883162498474 0.672991156578064 0.731055080890656 0.80537885427475 0.915067732334137 0.997384130954742 0.928374409675598 0.726126790046692 0.5989750623703 0.489136755466461 0.377738058567047 0.308802872896194 0.2528455555439 0.210105627775192 0.175125390291214 0.139173656702042 0.132271945476532 0.141766548156738 0.172107324004173 0.189878210425377 -3.4e+38 -3.4e+38 -3.4e+38 -3.4e+38 -3.4e+38 -3.4e+38 -3.4e+38 -3.4e+38 -3.4e+38 -3.4e+38 -3.4e+38 -3.4e+38 -3.4e+38 -3.4e+38
0.856407165527344 0.78539365530014 0.756028175354004 0.743176996707916 0.941855430603027 0.999907314777374 0.896859765052795 0.691365599632263 0.618439435958862 0.597752571105957 0.594292521476746 0.627271950244904 0.622053682804108 0.607015073299408 0.590367615222931 0.525181114673615 0.566552579402924 0.72233659029007 0.729499101638794 0.825844049453735 0.951917886734009 0.999989867210388 0.990631878376007 0.722560048103333 0.585347294807434 0.517268717288971 0.528218924999237 0.294422447681427 0.230637460947037 0.199976786971092 0.168710589408875 0.153505697846413 0.129699736833572 0.137647375464439 0.155806884169579 0.174648433923721 0.189829185605049 0.198140487074852 -3.4e+38 -3.4e+38 -3.4e+38 -3.4e+38 -3.4e+38 -3.4e+38 -3.4e+38 -3.4e+38 -3.4e+38 -3.4e+38 -3.4e+38 -3.4e+38
0.44889110326767 0.567341089248657 0.667050182819366 0.72680675983429 0.901145756244659 0.956795036792755 0.739659905433655 0.621486186981201 0.584645628929138 0.587964236736298 0.561388194561005 0.577391803264618 0.563068926334381 0.566229283809662 0.510725438594818 0.465665459632874 0.483857125043869 0.609068751335144 0.789220452308655 0.803055465221405 0.92768931388855 0.993293106555939 0.905796647071838 0.617188334465027 0.507591485977173 0.456910610198975 0.455104917287827 0.291547924280167 0.217063903808594 0.190190374851227 0.165524363517761 0.152827426791191 0.132957607507706 0.13837519288063 0.150234416127205 0.162241995334625 0.174985572695732 0.184857368469238 -3.4e+38 -3.4e+38 -3.4e+38 -3.4e+38 -3.4e+38 -3.4e+38 -3.4e+38 -3.4e+38 -3.4e+38 -3.4e+38 -3.4e+38 -3.4e+38
0.250641107559204 0.324174612760544 0.511517822742462 0.657680809497833 0.717134535312653 0.716559112071991 0.607878267765045 0.532336294651031 0.517952382564545 0.587742567062378 0.557966411113739 0.537523627281189 0.511410415172577 0.496564656496048 0.469444245100021 0.459469765424728 0.511716663837433 0.573193967342377 0.643648743629456 0.732960879802704 0.804265856742859 0.843020379543304 0.756485462188721 0.506886303424835 0.418066084384918 0.335164248943329 0.283712983131409 0.239680990576744 0.193841248750687 0.176786750555038 0.164942592382431 0.154333308339119 0.150455698370934 0.136505872011185 0.143444553017616 0.149854004383087 0.159440666437149 0.169513985514641 0.175297364592552 -3.4e+38 -3.4e+38 -3.4e+38 -3.4e+38 -3.4e+38 -3.4e+38 -3.4e+38 -3.4e+38 -3.4e+38 -3.4e+38 -3.4e+38
0.206674426794052 0.263748377561569 0.353306293487549 0.496702611446381 0.57113641500473 0.615052044391632 0.461233705282211 0.43234971165657 0.449501603841782 0.492710173130035 0.425259351730347 0.428738743066788 0.496822983026505 0.493573904037476 0.466193586587906 0.486179769039154 0.490735024213791 0.647494316101074 0.648016810417175 0.718235194683075 0.78965699672699 0.679435789585114 0.519741833209991 0.613684177398682 0.447014391422272 0.359839528799057 0.290802091360092 0.224925488233566 0.193564668297768 0.172540470957756 0.15678708255291 0.151497676968575 0.151074677705765 0.140812456607819 0.142337590456009 0.144580274820328 0.148151054978371 0.158862739801407 0.16934172809124 0.185630038380623 0.190138638019562 -3.4e+38 -3.4e+38 -3.4e+38 -3.4e+38 -3.4e+38 -3.4e+38 -3.4e+38 -3.4e+38 -3.4e+38
0.202121675014496 0.208179920911789 0.277469664812088 0.32112455368042 0.365579187870026 0.361447066068649 0.309342861175537 0.321783125400543 0.317771315574646 0.334539532661438 0.272133737802505 0.284441083669662 0.360045284032822 0.421001464128494 0.448085874319077 0.480541884899139 0.501104533672333 0.544804930686951 0.759569704532623 0.735369861125946 0.743972480297089 0.664977788925171 0.772390127182007 0.755981683731079 0.610428333282471 0.428498983383179 0.433478683233261 0.245439916849136 0.192516967654228 0.170625910162926 0.159736514091492 0.156881779432297 0.138496413826942 0.137696623802185 0.138469398021698 0.137614920735359 0.144021064043045 0.152051284909248 0.16144672036171 0.177059337496758 0.188335806131363 0.202034816145897 0.202697232365608 0.204084932804108 0.20574164390564 0.209017395973206 0.215305984020233 0.201643690466881 -3.4e+38 -3.4e+38
0.173589378595352 0.203928917646408 0.219263285398483 0.217246159911156 0.217169433832169 0.2807876765728 0.240596666932106 0.246350988745689 0.252680331468582 0.265713393688202 0.222797140479088 0.24716429412365 0.30364927649498 0.357001006603241 0.462538778781891 0.556017935276031 0.527927875518799 0.514569580554962 0.562627136707306 0.649450480937958 0.719065368175507 0.862957417964935 0.86595755815506 0.798708736896515 0.677507519721985 0.440705895423889 0.312466472387314 0.361398160457611 0.216459974646568 0.168595537543297 0.161184906959534 0.15692013502121 0.136780485510826 0.136649683117867 0.134843647480011 0.136084377765656 0.140210703015327 0.150151535868645 0.158004641532898 0.169341415166855 0.184224873781204 0.196101307868958 0.190962687134743 0.190105050802231 0.193822503089905 0.221550911664963 0.265427350997925 0.226926788687706 0.205925136804581 -3.4e+38
0.174959689378738 0.241518899798393 0.218669474124908 0.170361414551735 0.167335540056229 0.187950789928436 0.186994284391403 0.208705648779869 0.240811631083488 0.203980594873428 0.192254260182381 0.234654933214188 0.315080910921097 0.421934723854065 0.489387512207031 0.540812313556671 0.60945051908493 0.627136826515198 0.512554407119751 0.517284631729126 0.649954855442047 0.733030021190643 0.848158538341522 0.775690972805023 0.75304114818573 0.545232355594635 0.292628914117813 0.168293386697769 0.188535153865814 0.170833230018616 0.161782935261726 0.152773633599281 0.135617300868034 0.133323147892952 0.131383046507835 0.134091779589653 0.137235805392265 0.14365816116333 0.149859502911568 0.159751638770103 0.171925723552704 0.179667472839355 0.175653517246246 0.174183323979378 0.183708712458611 0.218387469649315 0.387706458568573 0.347915560007095 0.198555886745453 0.214952439069748
0.194284990429878 0.229039371013641 0.279249757528305 0.164274901151657 0.147719636559486 0.194095999002457 0.236959233880043 0.210679322481155 0.195463299751282 0.183463647961617 0.190352410078049 0.288022994995117 0.407584935426712 0.439496666193008 0.506175458431244 0.541086852550507 0.610242187976837 0.675507843494415 0.628103256225586 0.519110679626465 0.470424205064774 0.53941947221756 0.693131566047668 0.781609237194061 0.770262837409973 0.648860573768616 0.234011650085449 0.168290495872498 0.161028519272804 0.188767313957214 0.175966382026672 0.153543844819069 0.146882370114326 0.132078006863594 0.131139934062958 0.131851300597191 0.133520185947418 0.13704027235508 0.140545383095741 0.148022994399071 0.153406530618668 0.159985333681107 0.15631203353405 0.156572252511978 0.174727350473404 0.174122974276543 0.208594977855682 0.251341581344604 0.206769078969955 0.215751513838768
0.154391676187515 0.195508033037186 0.216914564371109 0.158770576119423 0.144378885626793 0.198187962174416 0.257837176322937 0.168071746826172 0.153224959969521 0.155850291252136 0.189801841974258 0.342110991477966 0.426849842071533 0.39385449886322 0.489281684160233 0.540430724620819 0.505086183547974 0.638231694698334 0.589340031147003 0.532157778739929 0.38587149977684 0.32499098777771 0.400837689638138 0.613746047019958 0.774141490459442 0.700840950012207 0.336521178483963 0.274199157953262 0.15567909181118 0.154384955763817 0.17045196890831 0.163248762488365 0.150215208530426 0.145650669932365 0.130131050944328 0.131040930747986 0.130721032619476 0.1349116563797 0.133606553077698 0.137315183877945 0.141015335917473 0.141739413142204 0.141557395458221 0.139878571033478 0.143498376011848 0.144921138882637 0.159726962447166 0.204964742064476 0.202794790267944 0.313311785459518
0.137941434979439 0.148335427045822 0.175852701067924 0.161573201417923 0.186638966202736 0.153471693396568 0.167851358652115 0.15401616692543 0.199513286352158 0.162096336483955 0.198054775595665 0.323564827442169 0.254085063934326 0.296647101640701 0.387582421302795 0.375835508108139 0.473094522953033 0.49970069527626 0.443451225757599 0.468467831611633 0.39089760184288 0.248405024409294 0.238146215677261 0.517400741577148 0.733359634876251 0.763417959213257 0.634940326213837 0.374247431755066 0.174339890480042 0.150992691516876 0.151988998055458 0.173688337206841 0.150185033679008 0.14829808473587 0.148302629590034 0.132126286625862 0.1314367800951 0.127576261758804 0.127652853727341 0.131406158208847 0.130946308374405 0.128711923956871 0.129418551921844 0.129515379667282 0.129317998886108 0.131573215126991 0.14561952650547 0.200274094939232 0.263686984777451 0.306137174367905
0.137295201420784 0.177593737840652 0.219742447137833 0.161221817135811 0.177211597561836 0.159218713641167 0.148437350988388 0.142621546983719 0.153417259454727 0.171489909291267 0.194970667362213 0.224092543125153 0.188267424702644 0.269331127405167 0.269415497779846 0.33161249756813 0.432705461978912 0.551539123058319 0.626217663288116 0.60158509016037 0.616966843605042 0.283657938241959 0.210954949259758 0.278969407081604 0.601024866104126 0.654766023159027 0.491676360368729 0.579300701618195 0.35422682762146 0.210660010576248 0.143966734409332 0.159118250012398 0.163994506001472 0.15657465159893 0.151132449507713 0.135708272457123 0.130966529250145 0.128417700529099 0.126933097839355 0.125352039933205 0.123555228114128 0.12224019318819 0.122471891343594 0.12034023553133 0.117900140583515 0.117322467267513 0.124021001160145 0.146729186177254 0.179864764213562 0.198708981275558
