data/climate_estimation/maxent_output/Anticlea_occidentalis.asc
NCOLS 187 
NROWS 233 
XLLCORNER -128.666666666667 
YLLCORNER 40.5833333333333 
CELLSIZE 0.0833333333333333 
NODATA_value -3.4e+38 
[rows 60 to 79 of 233, columns 0 to 45 of 187]
0.430598527193069 0.474296748638153 0.528292953968048 0.62457287311554 0.544518828392029 0.563928306102753 0.57684063911438 0.576690316200256 0.611139357089996 0.635897815227509 0.576105237007141 0.569701969623566 0.589535295963287 0.622664213180542 0.612899839878082 0.542899131774902 0.366393029689789 0.530620515346527 0.670341610908508 0.74167799949646 0.787181437015533 0.794814646244049 0.653251588344574 0.475436925888062 0.531614184379578 0.516214966773987 0.616657078266144 0.610637366771698 0.475574254989624 0.485123991966248 0.481720507144928 0.554394364356995 0.587727308273315 0.583649456501007 0.610571324825287 0.627715229988098 0.683219432830811 0.677474558353424 0.618269920349121 0.491495490074158 0.417615294456482 0.410819411277771 0.409989863634109 0.405716001987457 0.380613088607788 0.384304970502853
0.366295695304871 0.45535796880722 0.528644204139709 0.776126861572266 0.575997292995453 0.542853713035583 0.540918946266174 0.55276358127594 0.604291260242462 0.646163642406464 0.605431497097015 0.629371821880341 0.597750723361969 0.652734756469727 0.657394111156464 0.721131145954132 0.558166921138763 0.386082231998444 0.552018880844116 0.67670089006424 0.748727917671204 0.781103372573853 0.796310782432556 0.607504546642303 0.488183259963989 0.477864176034927 0.532430589199066 0.553101658821106 0.562243819236755 0.501236200332642 0.4509197473526 0.561201810836792 0.624303460121155 0.60160356760025 0.606006503105164 0.602592587471008 0.638553559780121 0.664942741394043 0.682034194469452 0.621167182922363 0.578549146652222 0.471696615219116 0.384037494659424 0.394157975912094 0.368532419204712 0.364620357751846
0.459158897399902 0.527914106845856 0.599224150180817 0.476118147373199 0.760094106197357 0.523241341114044 0.54877758026123 0.557896494865417 0.533886194229126 0.531139075756073 0.548711478710175 0.570191502571106 0.594091415405273 0.618996679782867 0.647869408130646 0.712173998355865 0.71674919128418 0.54360830783844 0.392254382371902 0.468039512634277 0.536827147006989 0.720336973667145 0.71738064289093 0.794646143913269 0.660767734050751 0.525928914546967 0.543683171272278 0.549793541431427 0.514307618141174 0.521561980247498 0.526154041290283 0.501325666904449 0.519780158996582 0.606956422328949 0.637099146842957 0.620714068412781 0.598020613193512 0.559297502040863 0.531661689281464 0.513316631317139 0.496373683214188 0.488074481487274 0.516225278377533 0.457566946744919 0.407608360052109 0.340339571237564
0.441938728094101 0.495951265096664 0.572002649307251 0.686456680297852 0.695817112922668 0.484441131353378 0.505612671375275 0.539891064167023 0.541131794452667 0.605732083320618 0.643204569816589 0.602148294448853 0.624548435211182 0.66983437538147 0.699798226356506 0.678742527961731 0.603890359401703 0.598669052124023 0.488356351852417 0.472530364990234 0.500467658042908 0.509595036506653 0.661848306655884 0.752789855003357 0.723471462726593 0.603282809257507 0.610087215900421 0.596051156520844 0.590032875537872 0.626852571964264 0.6707843542099 0.59646087884903 0.50782173871994 0.535229384899139 0.575096189975739 0.579242646694183 0.534281730651855 0.601981103420258 0.606866061687469 0.613065123558044 0.552476704120636 0.544453084468842 0.57075560092926 0.568422496318817 0.438437283039093 0.380327969789505
0.882003843784332 0.534475088119507 0.676706433296204 0.717128455638885 0.554130792617798 0.442282259464264 0.472864359617233 0.498881429433823 0.533379375934601 0.573940873146057 0.554535269737244 0.631961643695831 0.644887804985046 0.599473237991333 0.591947257518768 0.612537384033203 0.578263938426971 0.568421244621277 0.528619647026062 0.575893104076385 0.460644483566284 0.406824141740799 0.470469355583191 0.676399052143097 0.717860817909241 0.693082571029663 0.646147310733795 0.624069929122925 0.650158524513245 0.737337946891785 0.792785882949829 0.687430322170258 0.636986255645752 0.549233615398407 0.557527482509613 0.547656834125519 0.592639684677124 0.630015790462494 0.646069169044495 0.64677220582962 0.625840306282043 0.596234142780304 0.525384783744812 0.454662322998047 0.434131503105164 0.391027539968491
0.958149552345276 0.931243002414703 0.876318752765656 0.656684756278992 0.611676216125488 0.570084393024445 0.576140761375427 0.463135987520218 0.520252048969269 0.514549434185028 0.594519972801208 0.614716589450836 0.55282986164093 0.636395037174225 0.635887682437897 0.619149267673492 0.672534108161926 0.69526344537735 0.680572032928467 0.71601939201355 0.622947037220001 0.485669493675232 0.467929840087891 0.725296318531036 0.66525411605835 0.617457509040833 0.517307102680206 0.499956846237183 0.527842819690704 0.644278168678284 0.710614740848541 0.729651808738708 0.674099802970886 0.613630473613739 0.616024672985077 0.535976350307465 0.615943372249603 0.686633408069611 0.678520321846008 0.642044544219971 0.630908727645874 0.558192610740662 0.533675074577332 0.502690196037292 0.529223918914795 0.518590986728668
0.958530485630035 0.950838923454285 0.838613092899323 0.515314102172852 0.619631171226501 0.653618454933167 0.614185988903046 0.684444665908813 0.626233220100403 0.492536395788193 0.478215277194977 0.516708135604858 0.60897034406662 0.620903313159943 0.661889791488647 0.618183493614197 0.668548464775085 0.712825357913971 0.601081252098083 0.732404708862305 0.671672165393829 0.56125682592392 0.497378587722778 0.601031899452209 0.625424087047577 0.479010373353958 0.541129887104034 0.554964780807495 0.489213168621063 0.51696252822876 0.554448544979095 0.617565989494324 0.622618079185486 0.623759090900421 0.622002243995667 0.629636764526367 0.605766773223877 0.631005883216858 0.642756581306458 0.620150208473206 0.596682190895081 0.611725866794586 0.57390034198761 0.53007435798645 0.576820254325867 0.612593352794647
0.963694989681244 0.956759333610535 0.732860207557678 0.552153766155243 0.518883168697357 0.495838642120361 0.540552139282227 0.588803052902222 0.590440511703491 0.456039845943451 0.492422223091125 0.426464319229126 0.551873624324799 0.627958655357361 0.592327654361725 0.562765300273895 0.612768113613129 0.658771634101868 0.718604028224945 0.696828067302704 0.676264762878418 0.590310156345367 0.530353844165802 0.514280617237091 0.490502625703812 0.653642356395721 0.670521020889282 0.653722524642944 0.601388156414032 0.510321915149689 0.469782650470734 0.495334595441818 0.431817620992661 0.497666329145432 0.618052303791046 0.622342705726624 0.611882090568542 0.614935398101807 0.646865606307983 0.688722908496857 0.683763206005096 0.654817521572113 0.646266043186188 0.633139967918396 0.583228588104248 0.510044038295746
0.963320732116699 0.962889194488525 0.799030721187592 0.746522903442383 0.54751443862915 0.467962443828583 0.374078243970871 0.440669983625412 0.602658271789551 0.492800951004028 0.449629575014114 0.471940368413925 0.503720760345459 0.53520941734314 0.531625688076019 0.526872396469116 0.615857660770416 0.638771116733551 0.614141821861267 0.583264052867889 0.573917627334595 0.566579520702362 0.717236936092377 0.670803487300873 0.633936524391174 0.729484856128693 0.730044841766357 0.740087389945984 0.712155878543854 0.656185567378998 0.531668782234192 0.558923780918121 0.60978764295578 0.432381510734558 0.425068467855453 0.600673377513885 0.691803872585297 0.68938809633255 0.667508244514465 0.665983378887177 0.684753000736237 0.648322224617004 0.598667144775391 0.623383462429047 0.584493458271027 0.512677431106567
0.960093855857849 0.950940370559692 0.80558568239212 0.745694994926453 0.672783851623535 0.816112160682678 0.515723347663879 0.405134528875351 0.479907631874084 0.44528791308403 0.543128907680511 0.441599160432816 0.471608400344849 0.497382700443268 0.53281581401825 0.530617952346802 0.530651330947876 0.535746932029724 0.550842523574829 0.544728755950928 0.559868693351746 0.550892472267151 0.604550123214722 0.6325364112854 0.660192787647247 0.670778572559357 0.678132295608521 0.725900053977966 0.711427628993988 0.748796999454498 0.706851363182068 0.533013105392456 0.641335248947144 0.591804623603821 0.432009100914001 0.475365698337555 0.555508852005005 0.587021708488464 0.617540717124939 0.637347221374512 0.650311589241028 0.595900893211365 0.59698086977005 0.609101116657257 0.602996170520782 0.519525468349457
0.972177505493164 0.935893356800079 0.668321251869202 0.578410387039185 0.417377591133118 0.650342047214508 0.496244758367538 0.401732414960861 0.304623156785965 0.457601755857468 0.436010599136353 0.500938892364502 0.443273812532425 0.487318634986877 0.498552471399307 0.528895378112793 0.529935419559479 0.520318746566772 0.521453201770782 0.584691524505615 0.634622156620026 0.665368914604187 0.577931344509125 0.672343790531158 0.669803023338318 0.632008075714111 0.622560739517212 0.642249941825867 0.727381467819214 0.690063059329987 0.68718957901001 0.559285521507263 0.59934276342392 0.59393572807312 0.522808372974396 0.467278033494949 0.579927027225494 0.579722940921783 0.596111834049225 0.568902134895325 0.511152863502502 0.541003882884979 0.527219712734222 0.509829640388489 0.502258896827698 0.467143028974533
0.968848168849945 0.870092809200287 0.700997531414032 0.740152478218079 0.598402142524719 0.556059122085571 0.459506571292877 0.198047369718552 0.412198930978775 0.470626294612885 0.500128626823425 0.459944516420364 0.466685771942139 0.598505437374115 0.622139990329742 0.499519765377045 0.518488883972168 0.518424868583679 0.517790675163269 0.535032689571381 0.607012510299683 0.604993224143982 0.605612099170685 0.574454128742218 0.602904379367828 0.630121052265167 0.628900825977325 0.618537545204163 0.620943784713745 0.586426854133606 0.567740380764008 0.52387273311615 0.47761744260788 0.457976311445236 0.496361166238785 0.47194629907608 0.513254940509796 0.55514395236969 0.534239888191223 0.536990225315094 0.567872822284698 0.597445547580719 0.553602457046509 0.483179301023483 0.433243751525879 0.432464420795441
0.92003720998764 0.751731336116791 0.624800384044647 0.560910999774933 0.604952812194824 0.601669430732727 0.571777999401093 0.161189347505569 0.453545272350311 0.424369275569916 0.230099365115166 0.422248303890228 0.526041924953461 0.403593063354492 0.549708127975464 0.474944323301315 0.497493356466293 0.525008916854858 0.548552572727203 0.559710323810577 0.536578118801117 0.549752652645111 0.605702996253967 0.636941015720367 0.630999624729156 0.598940372467041 0.595454335212708 0.595524609088898 0.615035235881805 0.626366555690765 0.566302180290222 0.567231357097626 0.545071840286255 0.563399612903595 0.549914062023163 0.532563805580139 0.605853855609894 0.544854164123535 0.544431984424591 0.622586250305176 0.626298844814301 0.586409509181976 0.558301150798798 0.514904677867889 0.508179783821106 0.516754567623138
0.813606381416321 0.753801941871643 0.82533723115921 0.697236359119415 0.541516363620758 0.494881421327591 0.429080188274384 0.25054544210434 0.214131519198418 0.334018766880035 0.427767664194107 0.422055453062057 0.263283222913742 0.418675541877747 0.497764945030212 0.505869388580322 0.463897198438644 0.49411553144455 0.513015985488892 0.542101740837097 0.557181239128113 0.552171766757965 0.603809833526611 0.655165135860443 0.661874353885651 0.628726243972778 0.620520234107971 0.652975022792816 0.628788113594055 0.645339667797089 0.651929318904877 0.647932589054108 0.626373648643494 0.586734175682068 0.574467778205872 0.56104177236557 0.585410356521606 0.586945533752441 0.586928904056549 0.626057267189026 0.615316092967987 0.62358295917511 0.639826953411102 0.637450098991394 0.601434707641602 0.540943384170532
0.725261092185974 0.758829832077026 0.769185245037079 0.67155396938324 0.640475034713745 0.689976155757904 0.279086589813232 0.537956297397614 0.299568086862564 0.378936201334 0.241956159472466 0.413397073745728 0.458156883716583 0.442326635122299 0.28548264503479 0.332756042480469 0.353840231895447 0.434771806001663 0.504535496234894 0.508465766906738 0.520865023136139 0.550521373748779 0.578246116638184 0.545559287071228 0.545629441738129 0.599719882011414 0.623689591884613 0.624992966651917 0.594140470027924 0.602180242538452 0.604516685009003 0.603788673877716 0.635113060474396 0.596304893493652 0.639437019824982 0.651192426681519 0.670493304729462 0.647118151187897 0.61128306388855 0.588316261768341 0.596706569194794 0.569557130336761 0.590697765350342 0.598005771636963 0.595782101154327 0.460805535316467
0.595598578453064 0.517526805400848 0.704516351222992 0.558532416820526 0.54536509513855 0.527061879634857 0.324589103460312 0.630516052246094 0.327650189399719 0.466423749923706 0.323559433221817 0.394183337688446 0.395964354276657 0.418312072753906 0.47178065776825 0.460261523723602 0.477395743131638 0.518820762634277 0.571613430976868 0.474908947944641 0.49730509519577 0.521835625171661 0.515811324119568 0.508207261562347 0.54168313741684 0.668272078037262 0.60926616191864 0.701007306575775 0.657180190086365 0.662980556488037 0.641312420368195 0.640594482421875 0.638796210289001 0.633577108383179 0.630576074123383 0.609390497207642 0.637497901916504 0.621068596839905 0.609296441078186 0.644064903259277 0.614082217216492 0.585980176925659 0.524503111839294 0.489752590656281 0.472786337137222 0.424505412578583
0.64129251241684 0.53240704536438 0.551569402217865 0.62969696521759 0.463596314191818 0.663747370243073 0.405508369207382 0.576034784317017 0.767867624759674 0.518411159515381 0.275867462158203 0.546851813793182 0.405700087547302 0.394848853349686 0.261273175477982 0.363949298858643 0.360755145549774 0.517161726951599 0.494121104478836 0.466748952865601 0.510753571987152 0.52650386095047 0.509010195732117 0.509304285049438 0.573449671268463 0.614122986793518 0.639699697494507 0.645598709583282 0.612411677837372 0.619129538536072 0.659813106060028 0.666734874248505 0.677493989467621 0.680971920490265 0.635884642601013 0.639284253120422 0.623663723468781 0.664579689502716 0.67584753036499 0.684450507164001 0.655973076820374 0.61586982011795 0.573859930038452 0.508794844150543 0.454608261585236 0.448139190673828
0.677377462387085 0.496283411979675 0.639452517032623 0.740078151226044 0.441979378461838 0.633994400501251 0.655584096908569 0.613716721534729 0.815833985805511 0.64932245016098 0.396379441022873 0.391015589237213 0.475329875946045 0.260104924440384 0.300520330667496 0.406399369239807 0.425249040126801 0.456434667110443 0.436100333929062 0.478732138872147 0.564431369304657 0.46485561132431 0.496475070714951 0.523642957210541 0.567624568939209 0.637531459331512 0.608925879001617 0.659389913082123 0.64025217294693 0.641322910785675 0.616247415542603 0.623255968093872 0.665084064006805 0.670261263847351 0.672637939453125 0.663808226585388 0.641651451587677 0.663976192474365 0.623953461647034 0.654525637626648 0.637349903583527 0.599047899246216 0.56594055891037 0.536917209625244 0.475237488746643 0.474692076444626
0.752167582511902 0.68923008441925 0.637023031711578 0.744850695133209 0.719705879688263 0.642378330230713 0.807998239994049 0.547122478485107 0.400292009115219 0.513393759727478 0.437790930271149 0.344530552625656 0.522552073001862 0.219536736607552 0.360560178756714 0.352091819047928 0.406987100839615 0.464533448219299 0.502295196056366 0.510975062847137 0.536925077438354 0.571867644786835 0.457900553941727 0.499697208404541 0.541333019733429 0.604634940624237 0.621106922626495 0.560816586017609 0.633893311023712 0.634426772594452 0.639937996864319 0.648787617683411 0.647807776927948 0.626625120639801 0.630928933620453 0.602539002895355 0.631117403507233 0.66798996925354 0.630976438522339 0.606483936309814 0.589643895626068 0.573104321956635 0.545441448688507 0.461012125015259 0.476669400930405 0.468996435403824
0.637440323829651 0.698302447795868 0.658523261547089 0.428486526012421 0.492994278669357 0.519736647605896 0.555930256843567 0.767225205898285 0.581097364425659 0.361141294240952 0.5436030626297 0.375795811414719 0.581808805465698 0.345554172992706 0.571071088314056 0.276642858982086 0.408782929182053 0.403947681188583 0.407789021730423 0.404487550258636 0.511222064495087 0.538985133171082 0.551651239395142 0.463620513677597 0.50546658039093 0.542168974876404 0.604953706264496 0.623568058013916 0.625129818916321 0.624415636062622 0.654432952404022 0.664945065975189 0.615030109882355 0.587611258029938 0.588198840618134 0.623975515365601 0.627390146255493 0.625145852565765 0.624484419822693 0.649931848049164 0.662237107753754 0.647697925567627 0.638518214225769 0.602565109729767 0.52737694978714 0.478382170200348
