data/climate_estimation/maxent_output/Anticlea_occidentalis.asc
NCOLS 187 
NROWS 233 
XLLCORNER -128.666666666667 
YLLCORNER 40.5833333333333 
CELLSIZE 0.0833333333333333 
NODATA_value -3.4e+38 
[rows 180 to 199 of 233, columns 46 to 91 of 187]
-3.4e+38 -3.4e+38 -3.4e+38 -3.4e+38 -3.4e+38 -3.4e+38 -3.4e+38 -3.4e+38 -3.4e+38 0.760041773319244 0.851201891899109 0.918857514858246 0.944319427013397 0.940295875072479 0.936485946178436 0.90127032995224 0.855744540691376 0.678952753543854 0.273151367902756 0.218462556600571 0.295059114694595 0.186045557260513 0.211803734302521 0.266504317522049 0.420538306236267 0.628762543201447 0.782569408416748 0.852573871612549 0.890521943569183 0.916682362556458 0.943218111991882 0.948853492736816 0.936803638935089 0.918810129165649 0.947794079780579 0.878132164478302 0.931243360042572 0.892519176006317 0.682765007019043 0.559837520122528 0.359221011400223 0.263482093811035 0.30016365647316 0.391825288534164 0.117050752043724 0.0347198881208897
-3.4e+38 -3.4e+38 -3.4e+38 -3.4e+38 -3.4e+38 -3.4e+38 -3.4e+38 -3.4e+38 -3.4e+38 0.689283907413483 0.810409486293793 0.923315048217773 0.923880338668823 0.922151505947113 0.92763489484787 0.884448707103729 0.804908096790314 0.509702682495117 0.317687600851059 0.212280735373497 0.279388278722763 0.2874775826931 0.254187375307083 0.339976727962494 0.450026154518127 0.635170638561249 0.839640378952026 0.891304552555084 0.929969191551208 0.933861255645752 0.932552516460419 0.944121956825256 0.957139611244202 0.948095917701721 0.943850934505463 0.91475385427475 0.932143688201904 0.909772455692291 0.716648638248444 0.536331593990326 0.283642590045929 0.165171906352043 0.102670088410378 0.0377163589000702 0.0209701135754585 0.0133281126618385
-3.4e+38 -3.4e+38 -3.4e+38 -3.4e+38 -3.4e+38 -3.4e+38 -3.4e+38 -3.4e+38 -3.4e+38 0.645260393619537 0.725704908370972 0.882952570915222 0.889928340911865 0.89294570684433 0.88415801525116 0.872973799705505 0.775149762630463 0.434214502573013 0.312369167804718 0.230435743927956 0.201010212302208 0.233683541417122 0.278864622116089 0.267155766487122 0.372896581888199 0.543350398540497 0.685322880744934 0.796804547309875 0.83668452501297 0.887111246585846 0.935177206993103 0.947753667831421 0.943738102912903 0.922414004802704 0.921765983104706 0.932963073253632 0.951122939586639 0.8887619972229 0.741903781890869 0.525525867938995 0.321309268474579 0.12178760021925 0.0290331672877073 0.0180364437401295 0.0180855356156826 0.0151358908042312
-3.4e+38 -3.4e+38 -3.4e+38 -3.4e+38 -3.4e+38 -3.4e+38 -3.4e+38 -3.4e+38 -3.4e+38 0.536964416503906 0.681494891643524 0.827504277229309 0.849879920482635 0.843966841697693 0.847950339317322 0.827608585357666 0.619223892688751 0.656093060970306 0.413073241710663 0.240611508488655 0.193445414304733 0.191490441560745 0.20754662156105 0.265131533145905 0.377018392086029 0.497754573822021 0.745609819889069 0.827178835868835 0.861916959285736 0.909240782260895 0.924853265285492 0.927401006221771 0.912649095058441 0.917285859584808 0.918785512447357 0.926554024219513 0.942306578159332 0.884113967418671 0.682924568653107 0.486615031957626 0.268418103456497 0.0892389789223671 0.0260412208735943 0.023653918877244 0.0285565461963415 0.0250487681478262
-3.4e+38 -3.4e+38 -3.4e+38 -3.4e+38 -3.4e+38 -3.4e+38 -3.4e+38 -3.4e+38 -3.4e+38 0.424745053052902 0.623349189758301 0.809738039970398 0.827155888080597 0.821672201156616 0.789740681648254 0.745930910110474 0.644324004650116 0.717392027378082 0.455898612737656 0.230033367872238 0.191899299621582 0.183558315038681 0.192787125706673 0.213979214429855 0.26137238740921 0.49977645277977 0.84610903263092 0.899445056915283 0.9272500872612 0.91468757390976 0.928064823150635 0.941945850849152 0.926597118377686 0.944779813289642 0.900782108306885 0.92889279127121 0.944523096084595 0.814215302467346 0.5355184674263 0.470841914415359 0.163057640194893 0.0764104127883911 0.0334175303578377 0.0448043942451477 0.030342074111104 0.0455791354179382
-3.4e+38 -3.4e+38 -3.4e+38 -3.4e+38 -3.4e+38 -3.4e+38 -3.4e+38 -3.4e+38 -3.4e+38 0.478397250175476 0.712577521800995 0.843347430229187 0.832143425941467 0.820319712162018 0.812020897865295 0.832709193229675 0.648003876209259 0.392663717269897 0.277924090623856 0.221440136432648 0.193686902523041 0.188985303044319 0.208825469017029 0.227726012468338 0.278545022010803 0.478718996047974 0.828478276729584 0.871694982051849 0.876762926578522 0.899083137512207 0.919777572154999 0.926127970218658 0.933281362056732 0.93651556968689 0.920113742351532 0.939139544963837 0.92912632226944 0.63071608543396 0.520371615886688 0.44787734746933 0.182404220104218 0.0841880142688751 0.0413900427520275 0.0471289940178394 0.0468564443290234 0.0647834464907646
-3.4e+38 -3.4e+38 -3.4e+38 -3.4e+38 -3.4e+38 -3.4e+38 -3.4e+38 -3.4e+38 -3.4e+38 0.56656014919281 0.770598888397217 0.856868267059326 0.853196442127228 0.850414276123047 0.822510242462158 0.831175625324249 0.70282393693924 0.404819458723068 0.262563407421112 0.225064396858215 0.203343987464905 0.186682596802711 0.308738350868225 0.439455896615982 0.288213163614273 0.461782544851303 0.773330748081207 0.791621327400208 0.80443924665451 0.88620001077652 0.921880185604095 0.934312760829926 0.929418206214905 0.931041717529297 0.914275228977203 0.945736467838287 0.863176107406616 0.507661700248718 0.455528289079666 0.424066752195358 0.220822557806969 0.0664017200469971 0.0505282953381538 0.05932292714715 0.082094207406044 0.0682339891791344
-3.4e+38 -3.4e+38 -3.4e+38 -3.4e+38 -3.4e+38 -3.4e+38 -3.4e+38 -3.4e+38 0.548473179340363 0.662724018096924 0.794602572917938 0.816986501216888 0.812428534030914 0.808905243873596 0.753644466400146 0.708790898323059 0.749970734119415 0.431620597839355 0.266690224409103 0.238349318504333 0.209689795970917 0.208414316177368 0.257023692131042 0.411672055721283 0.391260951757431 0.437012642621994 0.524793386459351 0.717175841331482 0.813127517700195 0.862493216991425 0.919900953769684 0.92035973072052 0.937522411346436 0.909867644309998 0.889303028583527 0.929854154586792 0.836890637874603 0.547154188156128 0.437240064144135 0.224964335560799 0.110350079834461 0.0675146505236626 0.0421375706791878 0.0378610901534557 0.0595725998282433 0.0435697659850121
-3.4e+38 -3.4e+38 -3.4e+38 -3.4e+38 -3.4e+38 -3.4e+38 -3.4e+38 -3.4e+38 0.580003678798676 0.709683120250702 0.781005322933197 0.797637343406677 0.787148475646973 0.781550049781799 0.799381852149963 0.818703770637512 0.715333998203278 0.457450181245804 0.288717448711395 0.23790243268013 0.221631333231926 0.222658753395081 0.55709969997406 0.636345624923706 0.554897546768188 0.669170141220093 0.805748343467712 0.84358274936676 0.90279358625412 0.906817078590393 0.926329374313354 0.911162257194519 0.917281985282898 0.865254700183868 0.841268062591553 0.906992673873901 0.859000146389008 0.652979135513306 0.318300843238831 0.138520047068596 0.0936218351125717 0.07368154078722 0.0587330237030983 0.0399968586862087 0.0384692810475826 0.0337543040513992
-3.4e+38 -3.4e+38 -3.4e+38 -3.4e+38 -3.4e+38 -3.4e+38 -3.4e+38 -3.4e+38 0.604126870632172 0.713404893875122 0.79487806558609 0.782323181629181 0.771127760410309 0.770106613636017 0.792763650417328 0.728855669498444 0.660717248916626 0.485374361276627 0.276912152767181 0.23254169523716 0.223473593592644 0.307995200157166 0.763030827045441 0.519308984279633 0.443898648023605 0.706273972988129 0.848667681217194 0.843471467494965 0.829228818416595 0.885459661483765 0.846412241458893 0.821530699729919 0.875243365764618 0.740417420864105 0.824383139610291 0.865484178066254 0.883566439151764 0.748368263244629 0.507039248943329 0.263923168182373 0.111664108932018 0.0864010378718376 0.0672429502010345 0.0512561164796352 0.043139573186636 0.0507159642875195
-3.4e+38 -3.4e+38 -3.4e+38 -3.4e+38 -3.4e+38 -3.4e+38 -3.4e+38 -3.4e+38 0.596145868301392 0.700147569179535 0.745886504650116 0.753864705562592 0.749297082424164 0.737280189990997 0.713532388210297 0.688758969306946 0.536560773849487 0.437446683645248 0.260744392871857 0.23676985502243 0.230946645140648 0.290334522724152 0.497471213340759 0.41958212852478 0.619374692440033 0.687275528907776 0.599913001060486 0.615868151187897 0.694079697132111 0.587194263935089 0.820015728473663 0.792404413223267 0.846206188201904 0.789067387580872 0.767367124557495 0.833871126174927 0.879239439964294 0.825217366218567 0.732667803764343 0.491446137428284 0.224679663777351 0.116752348840237 0.0861258506774902 0.0659444406628609 0.0510670766234398 0.0517470054328442
-3.4e+38 -3.4e+38 -3.4e+38 -3.4e+38 -3.4e+38 -3.4e+38 -3.4e+38 -3.4e+38 0.55517989397049 0.657522737979889 0.723601758480072 0.716326951980591 0.733054757118225 0.710235416889191 0.702018260955811 0.600719451904297 0.505058169364929 0.357500791549683 0.260428011417389 0.253358334302902 0.268018394708633 0.239156752824783 0.244322717189789 0.366840988397598 0.501116454601288 0.720627427101135 0.774891436100006 0.813330471515656 0.810201346874237 0.81148374080658 0.859517693519592 0.822140574455261 0.841888904571533 0.820742607116699 0.735090792179108 0.783169627189636 0.804845929145813 0.78504890203476 0.760720193386078 0.57468456029892 0.343807250261307 0.179584190249443 0.122413255274296 0.0909000262618065 0.0646249279379845 0.0504859052598476
-3.4e+38 -3.4e+38 -3.4e+38 -3.4e+38 -3.4e+38 -3.4e+38 -3.4e+38 -3.4e+38 0.524307787418365 0.627694189548492 0.710295736789703 0.710427045822144 0.721570611000061 0.720742166042328 0.592475473880768 0.581780195236206 0.559314489364624 0.474587589502335 0.325148105621338 0.313551008701324 0.358141362667084 0.24923275411129 0.233420789241791 0.283153861761093 0.369542926549911 0.429831624031067 0.627187490463257 0.689540505409241 0.726186394691467 0.816413342952728 0.855002284049988 0.82850182056427 0.797880887985229 0.749513626098633 0.751155018806458 0.764413058757782 0.665615499019623 0.735857844352722 0.629968225955963 0.527026295661926 0.330579578876495 0.210060015320778 0.190527960658073 0.163008570671082 0.114459529519081 0.0837300568819046
-3.4e+38 -3.4e+38 -3.4e+38 -3.4e+38 -3.4e+38 -3.4e+38 -3.4e+38 -3.4e+38 0.4914590716362 0.584927022457123 0.681077063083649 0.697327792644501 0.69768613576889 0.660239636898041 0.592575788497925 0.546957790851593 0.495034158229828 0.48901778459549 0.444691687822342 0.365276753902435 0.424158424139023 0.25827294588089 0.533086001873016 0.606590628623962 0.441423505544662 0.465101838111877 0.460323303937912 0.785631835460663 0.828313529491425 0.711137473583221 0.789342105388641 0.776085078716278 0.764237403869629 0.757799029350281 0.781223237514496 0.693848669528961 0.588327288627625 0.585233569145203 0.46077236533165 0.375991672277451 0.285538852214813 0.281413197517395 0.310004323720932 0.300212234258652 0.211757883429527 0.157094597816467
-3.4e+38 -3.4e+38 -3.4e+38 -3.4e+38 -3.4e+38 -3.4e+38 -3.4e+38 0.389061778783798 0.448406755924225 0.570675432682037 0.62657243013382 0.651856362819672 0.61319488286972 0.579332649707794 0.547433853149414 0.546795129776001 0.50484973192215 0.479542434215546 0.385558933019638 0.33964678645134 0.378560036420822 0.289118707180023 0.436195582151413 0.582242250442505 0.710569322109222 0.759099185466766 0.691067039966583 0.530178904533386 0.49312025308609 0.598556816577911 0.736008822917938 0.743240058422089 0.778573215007782 0.752921044826508 0.754787027835846 0.632607817649841 0.520996510982513 0.516665160655975 0.399790406227112 0.296981066465378 0.229817196726799 0.290336191654205 0.39547473192215 0.43634569644928 0.311740279197693 0.220550432801247
-3.4e+38 -3.4e+38 -3.4e+38 -3.4e+38 -3.4e+38 -3.4e+38 -3.4e+38 0.330487787723541 0.401325821876526 0.526996612548828 0.601188659667969 0.6344895362854 0.637081682682037 0.57768452167511 0.501062154769897 0.48673152923584 0.398640513420105 0.337383240461349 0.2514428794384 0.244444847106934 0.463064640760422 0.420040398836136 0.488589406013489 0.543029546737671 0.62152886390686 0.652973234653473 0.764617323875427 0.739345252513885 0.334110707044601 0.464535146951675 0.6784628033638 0.729613840579987 0.771013081073761 0.761789083480835 0.756974816322327 0.589383482933044 0.491434931755066 0.414314389228821 0.353607058525085 0.266712486743927 0.211697310209274 0.312888652086258 0.438992828130722 0.49305447936058 0.364534795284271 0.259482622146606
-3.4e+38 -3.4e+38 -3.4e+38 -3.4e+38 -3.4e+38 -3.4e+38 -3.4e+38 0.306314647197723 0.395909041166306 0.552164793014526 0.628977417945862 0.601168572902679 0.532104194164276 0.452086955308914 0.289120465517044 0.233821764588356 0.311411648988724 0.281953901052475 0.193015217781067 0.197373747825623 0.47429347038269 0.580503702163696 0.650774300098419 0.641755282878876 0.642582595348358 0.732695281505585 0.784384071826935 0.785943567752838 0.406323432922363 0.703073978424072 0.697029709815979 0.721810102462769 0.737100541591644 0.71463817358017 0.727745890617371 0.538308620452881 0.520150125026703 0.422100573778152 0.333348542451859 0.223326861858368 0.203318879008293 0.287658661603928 0.332267314195633 0.365893751382828 0.293591201305389 0.234645783901215
-3.4e+38 -3.4e+38 -3.4e+38 -3.4e+38 -3.4e+38 -3.4e+38 -3.4e+38 0.260359168052673 0.357845604419708 0.517342746257782 0.598055779933929 0.602067470550537 0.521406710147858 0.576637208461761 0.48044028878212 0.184398010373116 0.40245532989502 0.409504294395447 0.185359880328178 0.344425976276398 0.526953816413879 0.597348570823669 0.675018310546875 0.685269236564636 0.70238071680069 0.731671750545502 0.733184039592743 0.727774679660797 0.491463989019394 0.734176516532898 0.718847632408142 0.753985524177551 0.82004177570343 0.72087025642395 0.599793612957001 0.537372708320618 0.514989912509918 0.429226964712143 0.260588705539703 0.198894441127777 0.190290123224258 0.26231774687767 0.283082485198975 0.286141604185104 0.220565974712372 0.160348579287529
-3.4e+38 -3.4e+38 -3.4e+38 -3.4e+38 -3.4e+38 -3.4e+38 0.167775392532349 0.225850239396095 0.372369408607483 0.479281663894653 0.545109987258911 0.573840498924255 0.565741717815399 0.501905739307404 0.409787267446518 0.256978511810303 0.306696265935898 0.15561880171299 0.115276955068111 0.143467351794243 0.259881854057312 0.512973129749298 0.658948242664337 0.663415968418121 0.667792081832886 0.696865677833557 0.481817334890366 0.690963745117188 0.726792454719543 0.609405696392059 0.701630592346191 0.651897370815277 0.743386387825012 0.667111575603485 0.554798781871796 0.514037072658539 0.378465801477432 0.308012187480927 0.263352692127228 0.203374907374382 0.213822603225708 0.223503395915031 0.185646697878838 0.169799908995628 0.12995234131813 0.104472540318966
-3.4e+38 -3.4e+38 -3.4e+38 -3.4e+38 -3.4e+38 0.128706097602844 0.167202308773994 0.229958549141884 0.331379294395447 0.471354782581329 0.526805698871613 0.540258288383484 0.515060722827911 0.544019281864166 0.454027682542801 0.247671037912369 0.149437054991722 0.0991351082921028 0.117457926273346 0.163628026843071 0.259208589792252 0.594949007034302 0.444236904382706 0.636270523071289 0.495359808206558 0.48386350274086 0.450758218765259 0.69912588596344 0.728499531745911 0.696274757385254 0.687956750392914 0.663625001907349 0.708745777606964 0.691927492618561 0.555598199367523 0.491171658039093 0.353914171457291 0.322358340024948 0.413378983736038 0.394329339265823 0.383515447378159 0.353798240423203 0.282698124647141 0.148602962493896 0.10663840919733 0.0845252871513367
