data/climate_estimation/maxent_output/Anticlea_volcanica.asc
NCOLS 159 
NROWS 122 
XLLCORNER -103.25 
YLLCORNER 15.3333333333333 
CELLSIZE 0.0833333333333333 
NODATA_value -3.4e+38 
[rows 44 to 65 of 122, columns 0 to 49 of 159]
0.320781469345093 0.361619174480438 0.186405330896378 0.102053619921207 0.145581915974617 0.119362406432629 0.207503393292427 0.304889529943466 0.247145906090736 0.235301673412323 0.209942862391472 0.210571557283401 0.22515282034874 0.223373159766197 0.21500501036644 0.224845573306084 0.281970381736755 0.259180188179016 0.367173671722412 0.357595950365067 0.303413093090057 0.301994472742081 0.309142470359802 0.369114995002747 0.415051847696304 0.324949473142624 0.252459168434143 0.227481365203857 0.299098610877991 0.311105966567993 0.29473602771759 0.289264589548111 0.270548611879349 0.377339124679565 0.338787347078323 0.275604844093323 0.214752927422523 0.154563024640083 0.117003411054611 0.103429637849331 0.100159682333469 0.111364230513573 0.111807450652122 0.110248431563377 0.110982976853848 0.112639091908932 0.105812013149261 0.070828951895237 0.0728534311056137 0.0676215663552284
0.331662356853485 0.297885209321976 0.146666690707207 0.0966158956289291 0.107150942087173 0.228191867470741 0.36875456571579 0.261373996734619 0.207912415266037 0.186896607279778 0.217026397585869 0.230599716305733 0.246124103665352 0.231451332569122 0.221917122602463 0.229020416736603 0.260291010141373 0.334574639797211 0.40180841088295 0.342032074928284 0.292851746082306 0.298776984214783 0.312815010547638 0.336452007293701 0.444527357816696 0.343800246715546 0.242013305425644 0.228633865714073 0.30769556760788 0.308164477348328 0.277819752693176 0.27041482925415 0.313263237476349 0.256911277770996 0.260977923870087 0.279488772153854 0.167774617671967 0.155797645449638 0.169023975729942 0.144326642155647 0.10021498799324 0.0966308116912842 0.102317616343498 0.100037008523941 0.0916689112782478 0.0865998417139053 0.0831184089183807 0.0768809020519257 0.0777367576956749 0.0824928060173988
0.347610175609589 0.204217121005058 0.114361487329006 0.113221719861031 0.212449416518211 0.350992202758789 0.316996872425079 0.22014819085598 0.195458203554153 0.183872401714325 0.212143793702126 0.230085596442223 0.249364212155342 0.226923510432243 0.248803853988647 0.265173435211182 0.312809199094772 0.356186509132385 0.395388960838318 0.331320434808731 0.323102295398712 0.302401602268219 0.333392083644867 0.351325809955597 0.344219923019409 0.299704313278198 0.241619974374771 0.265907287597656 0.332270264625549 0.300030916929245 0.287175625562668 0.293945342302322 0.302795201539993 0.277133196592331 0.271446764469147 0.196324244141579 0.16645023226738 0.140240967273712 0.155158445239067 0.161233693361282 0.102829538285732 0.0938557609915733 0.111359171569347 0.115708291530609 0.109120547771454 0.0960443094372749 0.0766681283712387 0.0720081552863121 0.0903202146291733 0.124643579125404
0.371634185314178 0.134824395179749 0.110143288969994 0.177610024809837 0.28270098567009 0.294105172157288 0.241610527038574 0.192477107048035 0.181497290730476 0.169767171144485 0.175909459590912 0.188663676381111 0.20706070959568 0.215010389685631 0.253345996141434 0.274038583040237 0.248866051435471 0.239581152796745 0.263229548931122 0.29495444893837 0.313575595617294 0.298010677099228 0.32673853635788 0.348869532346725 0.330056071281433 0.308672696352005 0.294470578432083 0.423626154661179 0.402537435293198 0.322734177112579 0.34302219748497 0.379730761051178 0.340409338474274 0.379716485738754 0.282218724489212 0.210556820034981 0.178595528006554 0.124286271631718 0.179107949137688 0.152454048395157 0.143598645925522 0.121749974787235 0.0965939834713936 0.109909266233444 0.0977858304977417 0.0962299033999443 0.0753038078546524 0.103010594844818 0.150455206632614 0.161263853311539
0.354507088661194 0.131429582834244 0.130646646022797 0.238498121500015 0.318204700946808 0.272019922733307 0.207435712218285 0.161874696612358 0.143374636769295 0.141730442643166 0.162651002407074 0.173524513840675 0.185724258422852 0.219481334090233 0.260176181793213 0.237302646040916 0.214188188314438 0.228869885206223 0.347442835569382 0.374537110328674 0.325538128614426 0.346400767564774 0.4395492374897 0.39912548661232 0.335293620824814 0.346911907196045 0.490646332502365 0.359241247177124 0.312613397836685 0.304806619882584 0.349228620529175 0.400937855243683 0.380026131868362 0.40326988697052 0.365688771009445 0.289339691400528 0.186228603124619 0.204827710986137 0.149008601903915 0.125215247273445 0.17309159040451 0.11652947217226 0.114577032625675 0.0881131365895271 0.106902904808521 0.0769993886351585 0.0798532515764236 0.143811479210854 0.260466694831848 0.324821054935455
0.243331402540207 0.109972782433033 0.201738998293877 0.339436680078506 0.241737633943558 0.217630967497826 0.187092438340187 0.152720928192139 0.136071562767029 0.135411292314529 0.146392300724983 0.155564457178116 0.175045773386955 0.236446857452393 0.222854599356651 0.214593395590782 0.218489930033684 0.259239286184311 0.374681383371353 0.459429264068604 0.390596300363541 0.369593441486359 0.408745795488358 0.388835430145264 0.339892208576202 0.334258317947388 0.348128855228424 0.321084707975388 0.296676635742188 0.301195412874222 0.307613283395767 0.350973129272461 0.381050497293472 0.416318446397781 0.386989563703537 0.269745886325836 0.313930541276932 0.353832513093948 0.223318219184875 0.141543343663216 0.242231830954552 0.262312978506088 0.243328675627708 0.1163514778018 0.10347905009985 0.128924071788788 0.0820771753787994 0.159247681498528 0.391941457986832 0.480793476104736
0.131671249866486 0.125773772597313 0.310744196176529 0.26632496714592 0.2244823127985 0.214545026421547 0.188239231705666 0.164508685469627 0.14230141043663 0.136707589030266 0.142383724451065 0.158874452114105 0.190240725874901 0.212321981787682 0.201154425740242 0.205506816506386 0.224009126424789 0.278120011091232 0.317318975925446 0.403288334608078 0.461228042840958 0.416921943426132 0.377376139163971 0.379214435815811 0.40678808093071 0.355644524097443 0.317792743444443 0.295220047235489 0.300277829170227 0.290937215089798 0.321550965309143 0.334632188081741 0.354660004377365 0.389783710241318 0.398709744215012 0.345297634601593 0.412844717502594 0.464565813541412 0.229569539427757 0.144935250282288 0.310921847820282 0.306029707193375 0.284428864717484 0.154810041189194 0.141923740506172 0.113696128129959 0.099441260099411 0.123445548117161 0.282250553369522 0.317831844091415
0.133357554674149 0.17951412498951 0.33242055773735 0.263455748558044 0.218737840652466 0.208353981375694 0.195445716381073 0.178078606724739 0.168446227908134 0.158789038658142 0.170522391796112 0.161682814359665 0.184602066874504 0.196670889854431 0.208196833729744 0.22439256310463 0.214165434241295 0.258065402507782 0.251144230365753 0.302172422409058 0.438446253538132 0.406846851110458 0.391501903533936 0.4419906437397 0.468788743019104 0.387746334075928 0.34142941236496 0.300307512283325 0.294870644807816 0.290587157011032 0.304730296134949 0.329363912343979 0.403779685497284 0.424730360507965 0.431752592325211 0.373982757329941 0.334319770336151 0.389353454113007 0.381161630153656 0.285217791795731 0.335400104522705 0.280369102954865 0.50423538684845 0.323350369930267 0.164682149887085 0.0924256891012192 0.134636655449867 0.125866383314133 0.207376345992088 0.220098882913589
0.163685962557793 0.194668918848038 0.319564551115036 0.272742718458176 0.232116132974625 0.234199911355972 0.238425597548485 0.208260402083397 0.191904678940773 0.186458840966225 0.196275308728218 0.209863990545273 0.220077097415924 0.224091395735741 0.233254969120026 0.218424886465073 0.208013087511063 0.239785566926003 0.217308595776558 0.245654225349426 0.296100258827209 0.373846590518951 0.404404163360596 0.482540488243103 0.499094188213348 0.37938579916954 0.363517463207245 0.315425962209702 0.281116247177124 0.276995837688446 0.301120936870575 0.33384370803833 0.366865992546082 0.37907749414444 0.390460759401321 0.430197507143021 0.372271984815598 0.308623194694519 0.290836989879608 0.264402538537979 0.280956774950027 0.263218373060226 0.496211230754852 0.470242589712143 0.268498629331589 0.153874829411507 0.135172978043556 0.124924540519714 0.146249085664749 0.17912483215332
0.202564567327499 0.244487777352333 0.276452720165253 0.244142472743988 0.225537493824959 0.216713637113571 0.227009743452072 0.214942276477814 0.228495985269547 0.22612276673317 0.231605872511864 0.247888937592506 0.282073795795441 0.267250418663025 0.256031543016434 0.239139527082443 0.212281808257103 0.206975445151329 0.202171579003334 0.244450494647026 0.271033406257629 0.302364975214005 0.400548249483109 0.398263692855835 0.467407763004303 0.441976219415665 0.3805151283741 0.328293055295944 0.300644487142563 0.271218955516815 0.343443244695663 0.344087600708008 0.350294798612595 0.3630550801754 0.37731072306633 0.435702979564667 0.395769119262695 0.385859578847885 0.446054041385651 0.274853944778442 0.213430121541023 0.179277643561363 0.193464159965515 0.213779091835022 0.182755425572395 0.156433448195457 0.206868842244148 0.155970677733421 0.214160218834877 0.331464439630508
0.26495885848999 0.264915734529495 0.256991505622864 0.259209007024765 0.213694617152214 0.253790646791458 0.242000728845596 0.232472270727158 0.236760377883911 0.253468900918961 0.289832562208176 0.313558995723724 0.317469954490662 0.295202791690826 0.273699283599854 0.252939075231552 0.199020087718964 0.206342861056328 0.233853280544281 0.243721932172775 0.267425447702408 0.284230530261993 0.325733721256256 0.359084784984589 0.38594862818718 0.412967354059219 0.353909224271774 0.324861228466034 0.285231828689575 0.258453518152237 0.326653718948364 0.334174484014511 0.440855771303177 0.426660031080246 0.443432211875916 0.579530537128448 0.578212082386017 0.554067850112915 0.512331664562225 0.336562126874924 0.225748375058174 0.219473972916603 0.223396584391594 0.277382165193558 0.339742362499237 0.217677772045135 0.245238766074181 0.234857976436615 0.265977561473846 0.202761650085449
0.246504202485085 0.255443662405014 0.255398482084274 0.245509847998619 0.264082461595535 0.255601644515991 0.248673647642136 0.261667460203171 0.270821243524551 0.293422967195511 0.307930886745453 0.327897846698761 0.292725712060928 0.242075547575951 0.212391272187233 0.195535913109779 0.18873618543148 0.213461354374886 0.238066837191582 0.243968889117241 0.233180835843086 0.245931565761566 0.295486092567444 0.321207523345947 0.353991270065308 0.390541672706604 0.376787453889847 0.323239684104919 0.294176191091537 0.271852880716324 0.371459096670151 0.345374822616577 0.401406109333038 0.410019248723984 0.452406883239746 0.496363252401352 0.528995275497437 0.45185911655426 0.334806084632874 0.274761766195297 0.263728857040405 0.3138587474823 0.327503770589828 0.598221898078918 0.493644177913666 0.206964209675789 0.251344680786133 0.359370052814484 0.514528810977936 0.207061737775803
0.230991154909134 0.225033596158028 0.235747933387756 0.237789899110794 0.242356449365616 0.232642576098442 0.233092561364174 0.288870275020599 0.306249141693115 0.293134957551956 0.303440868854523 0.335823029279709 0.329353511333466 0.305519789457321 0.22937884926796 0.178848758339882 0.180812329053879 0.237295970320702 0.219456106424332 0.21865002810955 0.233915910124779 0.240072071552277 0.249212294816971 0.273537009954453 0.310480117797852 0.330084919929504 0.376125752925873 0.334227234125137 0.325807273387909 0.297904461622238 0.414006382226944 0.373102962970734 0.469690918922424 0.345608979463577 0.385834634304047 0.391603738069534 0.377648502588272 0.376106351613998 0.348698556423187 0.366867333650589 0.337982416152954 0.422296345233917 0.437717378139496 0.637079477310181 0.402038842439651 0.253537863492966 0.447104662656784 0.366037994623184 0.417034685611725 0.307271212339401
0.204835936427116 0.21939592063427 0.240631401538849 0.249650612473488 0.244563385844231 0.240189924836159 0.251811772584915 0.273905456066132 0.302497684955597 0.283732861280441 0.306970566511154 0.360308915376663 0.386252909898758 0.394275784492493 0.352653235197067 0.194863006472588 0.177484035491943 0.192557454109192 0.205628886818886 0.214600458741188 0.274694353342056 0.249813511967659 0.247613042593002 0.245378240942955 0.269259870052338 0.29677814245224 0.305040746927261 0.305765450000763 0.299241840839386 0.267386317253113 0.321394979953766 0.36142697930336 0.359310984611511 0.315167039632797 0.363886296749115 0.325228273868561 0.339910507202148 0.402392596006393 0.365918606519699 0.367262423038483 0.370250403881073 0.372317105531693 0.397786885499954 0.324553340673447 0.302758395671844 0.346940040588379 0.315302103757858 0.466745555400848 0.534234285354614 0.571045875549316
0.204499825835228 0.210138201713562 0.229232549667358 0.245504826307297 0.250074416399002 0.247862935066223 0.235935777425766 0.242227748036385 0.265909314155579 0.253972500562668 0.280669808387756 0.307539284229279 0.362345188856125 0.364246845245361 0.310042560100555 0.20455963909626 0.231489911675453 0.312165677547455 0.237837299704552 0.205997914075851 0.210506722331047 0.217759236693382 0.22339640557766 0.226103723049164 0.225258499383926 0.23986142873764 0.278721541166306 0.277121156454086 0.26912847161293 0.254342466592789 0.299750953912735 0.316446602344513 0.277622699737549 0.273351758718491 0.31121501326561 0.321339756250381 0.311754286289215 0.324059993028641 0.365095436573029 0.335272312164307 0.342553198337555 0.355335712432861 0.29349747300148 0.232911884784698 0.252104550600052 0.274639517068863 0.324751794338226 0.53202760219574 0.558000028133392 0.495481491088867
0.209976583719254 0.216054022312164 0.227934658527374 0.243748977780342 0.251208811998367 0.229906842112541 0.22232049703598 0.226415231823921 0.232646763324738 0.217796787619591 0.202237129211426 0.204930901527405 0.241622656583786 0.258082211017609 0.277751892805099 0.232675895094872 0.299050867557526 0.358135849237442 0.322828322649002 0.220431849360466 0.203542649745941 0.206263482570648 0.207559525966644 0.205682545900345 0.208793118596077 0.23723292350769 0.25050950050354 0.256406903266907 0.249138474464417 0.24127858877182 0.251804918050766 0.263203263282776 0.27152082324028 0.283402860164642 0.347051411867142 0.366194665431976 0.321329772472382 0.31874892115593 0.324475914239883 0.347792506217957 0.322667986154556 0.331147700548172 0.238116860389709 0.252535223960876 0.336621999740601 0.357821196317673 0.286137014627457 0.2945676445961 0.313948810100555 0.425729990005493
0.229460626840591 0.231089994311333 0.241788163781166 0.237712219357491 0.238418728113174 0.234149038791656 0.227768182754517 0.242093920707703 0.236856758594513 0.205668210983276 0.200856953859329 0.189352244138718 0.189281716942787 0.196379080414772 0.189891949295998 0.178844779729843 0.263107866048813 0.309684574604034 0.258796632289886 0.205809339880943 0.204665943980217 0.207665294408798 0.19364707171917 0.18840566277504 0.188508495688438 0.214262917637825 0.236645624041557 0.266274034976959 0.284712702035904 0.266104936599731 0.283368468284607 0.291104108095169 0.298602819442749 0.392818123102188 0.373449504375458 0.436539143323898 0.391565054655075 0.337189167737961 0.336296528577805 0.335383772850037 0.41024649143219 0.390010982751846 0.319340407848358 0.339199483394623 0.467031300067902 0.388447791337967 0.332932770252228 0.332132428884506 0.318194836378098 0.381044000387192
0.263836055994034 0.251012682914734 0.263384014368057 0.250745326280594 0.245863735675812 0.243009984493256 0.235177874565125 0.234605342149734 0.227494210004807 0.21609191596508 0.205268040299416 0.210063502192497 0.194946229457855 0.200933262705803 0.167736023664474 0.16764260828495 0.179898515343666 0.199340179562569 0.20273232460022 0.197232261300087 0.210275515913963 0.200062021613121 0.196293741464615 0.192819356918335 0.194992661476135 0.196222111582756 0.217598721385002 0.290741413831711 0.350491255521774 0.302815943956375 0.389269322156906 0.411196291446686 0.35378286242485 0.400299191474915 0.498702317476273 0.552873313426971 0.590834677219391 0.415075749158859 0.392955034971237 0.379277020692825 0.434551179409027 0.435335844755173 0.378003656864166 0.406570076942444 0.607652306556702 0.506961166858673 0.382984608411789 0.43912461400032 0.409998863935471 0.486692070960999
0.293527781963348 0.292883783578873 0.274023324251175 0.269842118024826 0.26532968878746 0.248566478490829 0.247536078095436 0.248488992452621 0.244213819503784 0.230528056621552 0.206186890602112 0.202529177069664 0.194392144680023 0.24623815715313 0.19062802195549 0.172226935625076 0.17746239900589 0.196175813674927 0.230108097195625 0.197874248027802 0.194374412298203 0.206375628709793 0.233276963233948 0.261603116989136 0.25213611125946 0.232083961367607 0.244092851877213 0.286153703927994 0.275600165128708 0.28187820315361 0.358292728662491 0.395004987716675 0.398136734962463 0.560024380683899 0.641396939754486 0.685121774673462 0.619281232357025 0.511844635009766 0.487129330635071 0.439938455820084 0.461018919944763 0.445028424263 0.419050931930542 0.632529199123383 0.644690573215485 0.529619634151459 0.509843051433563 0.493237495422363 0.438221454620361 0.538362503051758
0.316976636648178 0.306970953941345 0.296516537666321 0.2830511033535 0.276945620775223 0.264830648899078 0.263644218444824 0.262602239847183 0.255144864320755 0.241793259978294 0.229338094592094 0.215207770466805 0.197608798742294 0.19893342256546 0.213846638798714 0.195404648780823 0.196846827864647 0.196739196777344 0.201792523264885 0.196707174181938 0.230524092912674 0.271629422903061 0.325107991695404 0.221750944852829 0.222302570939064 0.25716707110405 0.266832083463669 0.287226021289825 0.30555859208107 0.338717818260193 0.442221134901047 0.618441939353943 0.43017789721489 0.467607051134109 0.603782296180725 0.684663832187653 0.739323139190674 0.701667129993439 0.601425588130951 0.485189348459244 0.485792398452759 0.490699857473373 0.547889292240143 0.570356726646423 0.531556785106659 0.520864248275757 0.497184604406357 0.449698060750961 0.443976879119873 0.529701173305511
0.342711299657822 0.33955129981041 0.332485407590866 0.351285457611084 0.313021957874298 0.294982552528381 0.28333392739296 0.282862991094589 0.279551804065704 0.252330869436264 0.226043894886971 0.225493937730789 0.268421053886414 0.274770796298981 0.302598088979721 0.245968759059906 0.233497962355614 0.224177449941635 0.217444539070129 0.262353867292404 0.257912635803223 0.278550297021866 0.262555092573166 0.283524304628372 0.259183168411255 0.302820235490799 0.31172850728035 0.340982884168625 0.337948888540268 0.358064621686935 0.335153311491013 0.37365597486496 0.382828742265701 0.501532137393951 0.722107470035553 0.662520945072174 0.703300416469574 0.709687888622284 0.646994769573212 0.60294109582901 0.555360674858093 0.593401253223419 0.667246222496033 0.714054048061371 0.583482801914215 0.52900505065918 0.431892573833466 0.451359927654266 0.489931255578995 0.530901491641998
0.392388790845871 0.387641072273254 0.36030974984169 0.385230779647827 0.4224813580513 0.35980424284935 0.311574727296829 0.294693529605865 0.293811678886414 0.261273175477982 0.238013938069344 0.216472610831261 0.217400759458542 0.350098043680191 0.31504300236702 0.314354866743088 0.308347195386887 0.285499095916748 0.269473731517792 0.308562040328979 0.326114267110825 0.415108442306519 0.468616753816605 0.419804841279984 0.332496881484985 0.282505869865417 0.297242760658264 0.39091631770134 0.391215980052948 0.323444128036499 0.335429042577744 0.354922711849213 0.372955858707428 0.419051378965378 0.730059266090393 0.665095925331116 0.636026382446289 0.645146667957306 0.692949771881104 0.888909816741943 0.771278202533722 0.721098363399506 0.704577505588531 0.7271888256073 0.598967313766479 0.558209776878357 0.506004333496094 0.508189618587494 0.552773356437683 0.660793781280518
