data/climate_estimation/maxent_output/Arachnitis_uniflora.asc
NCOLS 119 
NROWS 465 
XLLCORNER -73.5 
YLLCORNER -55.6666666666667 
CELLSIZE 0.0833333333333333 
NODATA_value -3.4e+38 
[rows 323 to 341 of 465, columns 0 to 41 of 119]
-3.4e+38 -3.4e+38 0.0742097347974777 0.113034844398499 0.170935302972794 0.133261099457741 0.136182591319084 0.221960484981537 0.223228633403778 0.395941883325577 0.540269196033478 0.678265511989594 0.763534128665924 0.473158270120621 0.707618057727814 0.924355208873749 0.943547129631042 0.949227452278137 0.987293601036072 0.988841414451599 0.987033128738403 0.990151286125183 0.991984486579895 0.983781456947327 0.983529090881348 0.981812655925751 0.97740513086319 0.953310191631317 0.832822382450104 0.734574675559998 0.652720212936401 0.598102807998657 0.520217835903168 0.436714947223663 0.397970974445343 0.371276497840881 0.317332923412323 0.29333758354187 0.272935509681702 0.257733166217804 0.253758102655411 0.247252315282822
-3.4e+38 -3.4e+38 0.0731551498174667 0.15051931142807 0.143983244895935 0.135424092411995 0.165013521909714 0.297497868537903 0.233594194054604 0.309705883264542 0.544815003871918 0.484578639268875 0.305641978979111 0.404948443174362 0.507257759571075 0.594047129154205 0.9429851770401 0.971372127532959 0.987909615039825 0.986357808113098 0.985726654529572 0.985691606998444 0.984225153923035 0.985128223896027 0.987430334091187 0.984118282794952 0.976054668426514 0.894180238246918 0.835582256317139 0.726496934890747 0.652195811271667 0.613812804222107 0.505791485309601 0.477796941995621 0.392336189746857 0.343485891819 0.315856009721756 0.296220660209656 0.27827912569046 0.274532586336136 0.266131490468979 0.263430804014206
-3.4e+38 -3.4e+38 0.0621171370148659 0.106238834559917 0.110787220299244 0.209768459200859 0.326024353504181 0.635003864765167 0.384575724601746 0.447564125061035 0.344188839197159 0.406096816062927 0.377659916877747 0.807880699634552 0.533689975738525 0.752302050590515 0.947533130645752 0.952974915504456 0.972556412220001 0.983280956745148 0.985120475292206 0.989087402820587 0.990974366664886 0.985429704189301 0.988344311714172 0.983770251274109 0.937034964561462 0.876502335071564 0.815119683742523 0.722475171089172 0.654611647129059 0.609387516975403 0.51874715089798 0.478871315717697 0.396121859550476 0.332539200782776 0.270313113927841 0.253692716360092 0.274639278650284 0.268299132585526 0.277053207159042 0.253739833831787
0.054861769080162 -3.4e+38 0.0577572211623192 0.0896518528461456 0.116889931261539 0.126237168908119 0.226813390851021 0.375709623098373 0.437907963991165 0.580475270748138 0.628375470638275 0.71855616569519 0.570115327835083 0.651793003082275 0.84616631269455 0.628513514995575 0.875980317592621 0.978428184986115 0.981174349784851 0.981560707092285 0.987360894680023 0.991412580013275 0.989006459712982 0.988838076591492 0.991876840591431 0.986251294612885 0.9763423204422 0.940854668617249 0.852068603038788 0.74425858259201 0.644094467163086 0.596923172473907 0.522398471832275 0.429630130529404 0.389701366424561 0.329804241657257 0.244434416294098 0.232228264212608 0.280811667442322 0.284149795770645 0.279284834861755 0.264558881521225
-3.4e+38 -3.4e+38 0.0558499060571194 0.0878375172615051 0.115702606737614 0.15961717069149 0.269885063171387 0.353126853704453 0.511802077293396 0.523295879364014 0.517865777015686 0.682126998901367 0.658648073673248 0.724091827869415 0.794494032859802 0.86698180437088 0.932706296443939 0.95676976442337 0.962897479534149 0.89596301317215 0.972495198249817 0.985233545303345 0.987385809421539 0.988369822502136 0.98425829410553 0.983580112457275 0.97461348772049 0.941006362438202 0.867626786231995 0.759157836437225 0.67362767457962 0.574049890041351 0.4802365899086 0.440131604671478 0.389323502779007 0.322083473205566 0.29411968588829 0.23381994664669 0.248674005270004 0.263790309429169 0.277210593223572 0.26675084233284
0.0439345799386501 -3.4e+38 0.0507617220282555 0.0649178102612495 0.0806863233447075 0.109454832971096 0.203482687473297 0.199443057179451 0.284213870763779 0.423469036817551 0.563568413257599 0.494806051254272 0.819289028644562 0.846788883209229 0.899201452732086 0.942753612995148 0.947071492671967 0.925661563873291 0.933272302150726 0.958364248275757 0.989860773086548 0.989600002765656 0.991300821304321 0.990500152111053 0.992465019226074 0.991154134273529 0.979035615921021 0.939376771450043 0.807590305805206 0.717164039611816 0.632372319698334 0.559884667396545 0.507537841796875 0.443206906318665 0.342211008071899 0.297698676586151 0.297667264938354 0.252213448286057 0.253356963396072 0.265003621578217 0.25518125295639 0.249874129891396
-3.4e+38 -3.4e+38 0.0917017981410027 0.106385327875614 0.0751950442790985 0.107048176229 0.114871747791767 0.205913111567497 0.313681840896606 0.395996391773224 0.311399042606354 0.482136517763138 0.891640365123749 0.905785381793976 0.911173284053802 0.92920446395874 0.920491755008698 0.971579194068909 0.98395162820816 0.986387372016907 0.984980046749115 0.9885094165802 0.991487979888916 0.993875741958618 0.992934763431549 0.987955749034882 0.972711741924286 0.88295179605484 0.820271909236908 0.720787525177002 0.66369903087616 0.592799246311188 0.508067786693573 0.434333622455597 0.370859831571579 0.300641685724258 0.276524841785431 0.263973951339722 0.2765152156353 0.255811601877213 0.224163949489594 0.213136717677116
-3.4e+38 -3.4e+38 0.0465354286134243 0.117899738252163 0.119649611413479 0.129618793725967 0.179933607578278 0.231000438332558 0.251221776008606 0.264866769313812 0.17011821269989 0.525937080383301 0.814967393875122 0.920431435108185 0.928633213043213 0.889890372753143 0.957023024559021 0.980058252811432 0.979651212692261 0.990223407745361 0.987153649330139 0.990167438983917 0.989122748374939 0.991231203079224 0.988874435424805 0.987893760204315 0.981285929679871 0.946904063224792 0.827235758304596 0.726395964622498 0.658339977264404 0.613888621330261 0.539223909378052 0.457223415374756 0.373614728450775 0.326879858970642 0.285478413105011 0.255967915058136 0.256257027387619 0.211486041545868 0.225544363260269 0.213302880525589
0.0401085317134857 0.0476939417421818 0.0537821538746357 0.104590833187103 0.116771101951599 0.202905967831612 0.14154314994812 0.311636179685593 0.390791207551956 0.266908913850784 0.332640707492828 0.555529236793518 0.692621886730194 0.844263017177582 0.928444147109985 0.937080860137939 0.961886525154114 0.979357838630676 0.984909057617188 0.985514998435974 0.98967570066452 0.989501416683197 0.992489993572235 0.991589069366455 0.992177486419678 0.990132331848145 0.986471712589264 0.961112797260284 0.91444331407547 0.755413413047791 0.676235854625702 0.610678732395172 0.548730969429016 0.486642718315125 0.405573129653931 0.34782811999321 0.294084429740906 0.277348279953003 0.255971938371658 0.213044658303261 0.202589854598045 0.202755585312843
0.0460671707987785 0.0610297583043575 0.0914235413074493 0.0900917127728462 0.111360125243664 0.121970020234585 0.148042216897011 0.189547255635262 0.248856529593468 0.120624043047428 0.464491218328476 0.740010559558868 0.753752410411835 0.721021771430969 0.762052476406097 0.955824136734009 0.944360017776489 0.978732168674469 0.982731521129608 0.987115919589996 0.986966788768768 0.989508807659149 0.990741312503815 0.993651270866394 0.991520762443542 0.988461852073669 0.98151820898056 0.894895195960999 0.825676202774048 0.790571451187134 0.682984292507172 0.627930998802185 0.544898211956024 0.515172243118286 0.432225227355957 0.358366459608078 0.313963085412979 0.277159303426743 0.271731674671173 0.233357235789299 0.201439455151558 0.205743625760078
0.0427641309797764 0.0772629827260971 0.0890823006629944 0.119473189115524 0.142119824886322 0.251626163721085 0.235589936375618 0.184575736522675 0.108698770403862 0.13641469180584 0.461700856685638 0.500869929790497 0.634861767292023 0.782552659511566 0.820700287818909 0.840799331665039 0.886446595191956 0.955055832862854 0.977105021476746 0.985331654548645 0.985758423805237 0.992561221122742 0.991327106952667 0.984695315361023 0.98541396856308 0.947914063930511 0.938910007476807 0.864274561405182 0.808979749679565 0.772449791431427 0.721929848194122 0.664675414562225 0.576791226863861 0.521324634552002 0.422988027334213 0.370578527450562 0.321352928876877 0.29844543337822 0.274231135845184 0.234659880399704 0.224885731935501 0.197378784418106
-3.4e+38 0.0718627870082855 0.0682610869407654 0.0836562514305115 0.101047843694687 0.184441938996315 0.170600801706314 0.0950492694973946 0.27777972817421 0.264126658439636 0.288618952035904 0.652514040470123 0.752283871173859 0.872606933116913 0.914380431175232 0.851071715354919 0.962230026721954 0.979902625083923 0.980994760990143 0.987912178039551 0.988460779190063 0.98901903629303 0.98617559671402 0.985805451869965 0.97863233089447 0.931688845157623 0.906468331813812 0.864938378334045 0.804838001728058 0.74731320142746 0.687997162342072 0.643388032913208 0.65862911939621 0.50962096452713 0.436382621526718 0.37898588180542 0.32256892323494 0.289967089891434 0.290142357349396 0.241665720939636 0.221451342105865 0.194631442427635
-3.4e+38 0.0762179493904114 0.096632108092308 0.124150313436985 0.138797417283058 0.143597260117531 0.0709205493330956 0.306768089532852 0.433667957782745 0.351945579051971 0.397426664829254 0.470333904027939 0.673400282859802 0.837797224521637 0.865753173828125 0.887621402740479 0.971730172634125 0.983137607574463 0.98880535364151 0.98671019077301 0.99158102273941 0.992162883281708 0.994143784046173 0.992736101150513 0.988019406795502 0.983512222766876 0.977549850940704 0.949005603790283 0.839236080646515 0.784794270992279 0.736167848110199 0.678529858589172 0.627319097518921 0.523133814334869 0.447084128856659 0.41677051782608 0.353917300701141 0.296753525733948 0.284014284610748 0.24933023750782 0.212258234620094 0.201971903443336
0.037216804921627 0.0667537376284599 0.089318536221981 0.0791494101285934 0.0739505365490913 0.22148023545742 0.105292789638042 0.370697945356369 0.545819640159607 0.492534220218658 0.627272009849548 0.583721995353699 0.423684805631638 0.732499420642853 0.770567774772644 0.818463683128357 0.892614841461182 0.974319994449615 0.985177099704742 0.989152312278748 0.983960032463074 0.981224298477173 0.98332405090332 0.988432645797729 0.990678369998932 0.989171922206879 0.986995339393616 0.970247626304626 0.936635792255402 0.887140333652496 0.833510398864746 0.75001472234726 0.649659514427185 0.584346354007721 0.467192798852921 0.434073358774185 0.375635385513306 0.313964784145355 0.283153533935547 0.255454272031784 0.212828397750854 0.206529900431633
0.0362251773476601 0.0647218376398087 0.108799800276756 0.124710321426392 0.161879166960716 0.229682803153992 0.246577560901642 0.337842255830765 0.508903443813324 0.619709849357605 0.585328578948975 0.50898814201355 0.696430206298828 0.855056941509247 0.906509816646576 0.908523917198181 0.915377020835876 0.977356910705566 0.982835412025452 0.988535642623901 0.993344306945801 0.992267847061157 0.987704932689667 0.986602962017059 0.986488938331604 0.983533263206482 0.980604290962219 0.976358890533447 0.942467629909515 0.901052534580231 0.831099033355713 0.748248875141144 0.657276272773743 0.588735461235046 0.525690674781799 0.409882575273514 0.376161187887192 0.296829849481583 0.285212606191635 0.254573881626129 0.229649618268013 0.206285551190376
0.0373901724815369 0.0801709666848183 0.0748385488986969 0.219456374645233 0.38256049156189 0.186440393328667 0.174938723444939 0.273641139268875 0.469495385885239 0.56179803609848 0.533029556274414 0.649700224399567 0.810510158538818 0.870846569538116 0.900718152523041 0.907894611358643 0.898218631744385 0.978220045566559 0.987367451190948 0.986033618450165 0.990984797477722 0.993377268314362 0.993822872638702 0.992114067077637 0.990436255931854 0.989791631698608 0.983499646186829 0.971418499946594 0.936828970909119 0.912546455860138 0.850481986999512 0.756462693214417 0.652887880802155 0.565330028533936 0.528725028038025 0.416567891836166 0.380344212055206 0.332121342420578 0.296267300844193 0.255459427833557 0.226553812623024 0.208690628409386
0.0486854687333107 0.0954835265874863 0.0525421015918255 0.0905463546514511 0.310346752405167 0.280011296272278 0.264385223388672 0.32939088344574 0.469794869422913 0.600114405155182 0.42288476228714 0.795159995555878 0.863827466964722 0.878965377807617 0.895003199577332 0.907602071762085 0.960056602954865 0.982129275798798 0.98790830373764 0.988062918186188 0.993457078933716 0.994030117988586 0.995698869228363 0.994853675365448 0.993380069732666 0.990929961204529 0.986099302768707 0.97712379693985 0.946526348590851 0.89689439535141 0.846843183040619 0.744488656520844 0.62455290555954 0.555087089538574 0.503945827484131 0.446041524410248 0.378471076488495 0.349171191453934 0.311440467834473 0.251974850893021 0.233072549104691 0.208544567227364
0.0395821146667004 0.0672194957733154 0.0713929906487465 0.0717954561114311 0.104038365185261 0.175518840551376 0.369112461805344 0.459311455488205 0.371303796768188 0.299014359712601 0.490834414958954 0.74730908870697 0.837100625038147 0.832235932350159 0.907833158969879 0.930731236934662 0.960378408432007 0.983460962772369 0.983635723590851 0.991924464702606 0.995351016521454 0.996501326560974 0.995741844177246 0.99540251493454 0.993943333625793 0.993019044399261 0.986633241176605 0.97951078414917 0.94640851020813 0.89143031835556 0.842416405677795 0.751688659191132 0.680051505565643 0.606685936450958 0.498822778463364 0.438485771417618 0.369985848665237 0.339643597602844 0.28768402338028 0.256714135408401 0.220379218459129 0.194788172841072
0.0667535290122032 0.0602337121963501 0.0861013159155846 0.201933488249779 0.0986580103635788 0.0978396162390709 0.29351618885994 0.413323074579239 0.259517073631287 0.117268972098827 0.118278689682484 0.371988117694855 0.447785913944244 0.887675166130066 0.953019320964813 0.971282124519348 0.983262658119202 0.986992120742798 0.994101583957672 0.99203085899353 0.989762485027313 0.985128104686737 0.991611480712891 0.994846701622009 0.994859337806702 0.989874601364136 0.986869812011719 0.965470612049103 0.941812634468079 0.881853222846985 0.828880846500397 0.743808567523956 0.655163586139679 0.578138887882233 0.472444802522659 0.396171987056732 0.348741114139557 0.306355655193329 0.272893458604813 0.245344206690788 0.212302148342133 0.200174376368523
