data/climate_estimation/maxent_output/Arachnitis_uniflora.asc
NCOLS 119 
NROWS 465 
XLLCORNER -73.5 
YLLCORNER -55.6666666666667 
CELLSIZE 0.0833333333333333 
NODATA_value -3.4e+38 
[rows 266 to 284 of 465, columns 42 to 83 of 119]
0.0410751402378082 0.0449935495853424 0.0404729284346104 0.0211265441030264 0.0140723055228591 0.0110850278288126 0.00911876372992992 0.00672824587672949 0.00490785110741854 0.00442321551963687 0.00392475724220276 0.00364033505320549 0.00291410344652832 0.00252931844443083 0.00205117044970393 0.00173502846155316 0.00155681581236422 0.00158821302466094 0.00178269192110747 0.00165921810548753 0.00174376333598047 0.00215871259570122 0.00228505837731063 0.00235938979312778 0.00241966778412461 0.00245034857653081 0.00233986461535096 0.00213605212047696 0.00223469315096736 0.00218720873817801 0.000538057123776525 0.000537982617970556 0.00054686825023964 0.000601475476287305 0.000594433106016368 0.000488936144392937 0.000438741553807631 0.000381768040824682 0.000318575272103772 0.000300436891848221 0.000296318117761984 0.000284061970887706
0.0623173713684082 0.051499892026186 0.0227308478206396 0.0160859748721123 0.0123202027752995 0.010100957006216 0.00878267828375101 0.00782668776810169 0.00619176030158997 0.0057073999196291 0.00498921470716596 0.00445635057985783 0.0040398184210062 0.00354353524744511 0.00278934254311025 0.00197586975991726 0.00197271560318768 0.00212214305065572 0.00205499678850174 0.00217928062193096 0.00277219712734222 0.00340032973326743 0.00301882089115679 0.00308231497183442 0.00292528164573014 0.00281716044992208 0.00275495182722807 0.00267011811956763 0.00244343956001103 0.000589015311561525 0.000616391305811703 0.000564706861041486 0.000617523561231792 0.000596361060161144 0.000567689305171371 0.000514927029144019 0.000428608123911545 0.000381649821065366 0.000348646775819361 0.000324022257700562 0.000340038503054529 0.000310980074573308
0.0369372107088566 0.0266993008553982 0.0204740893095732 0.0151808075606823 0.01220743637532 0.0108103137463331 0.00867775082588196 0.00797750428318977 0.00668043829500675 0.00599128007888794 0.00540784932672977 0.00463163666427135 0.003441829001531 0.00252234982326627 0.00224781804718077 0.0021568383090198 0.00242216000333428 0.0031908224336803 0.00334988348186016 0.00413334602490067 0.00410528481006622 0.0038315246347338 0.0033106270711869 0.00310585810802877 0.00308615062385798 0.00251751765608788 0.00208301632665098 0.00197881739586592 0.00193333567585796 0.000570015457924455 0.000574524281546474 0.000537138024810702 0.000587874790653586 0.000600193336140364 0.000595805235207081 0.000512611120939255 0.000479696842376143 0.000453445420134813 0.00043130264384672 0.000370563182514161 0.000392048619687557 0.000353487150277942
0.0349685996770859 0.0261345393955708 0.0199998281896114 0.0155633790418506 0.0119974985718727 0.0114616928622127 0.00963506195694208 0.0081083420664072 0.00495993765071034 0.0046422048471868 0.00346372392959893 0.00319535611197352 0.00275261304341257 0.00259132008068264 0.00237487978301942 0.00219077616930008 0.00282737403176725 0.00419402867555618 0.00518107367679477 0.00522628612816334 0.00455266796052456 0.000655360810924321 0.0039106197655201 0.00377786485478282 0.00314373592846096 0.00253997649997473 0.0025682863779366 0.00273858150467277 0.000542393769137561 0.000518741144333035 0.000441491923993453 0.00044356711441651 0.000458543829154223 0.000506356649566442 0.000551917823031545 0.000473859690828249 0.000466652592876926 0.000450067542260513 0.000430524931289256 0.000373969349311665 0.000355615629814565 0.000360449979780242
0.0456437543034554 0.0318381562829018 0.0229702666401863 0.0186695717275143 0.0137296244502068 0.0105947218835354 0.00824328698217869 0.00643505016341805 0.00474738050252199 0.00465590320527554 0.00449817953631282 0.00406715599820018 0.00319942738860846 0.00287236459553242 0.00264803925529122 0.00264550931751728 0.00332564720883965 0.00519300764426589 0.00592070072889328 0.00556921726092696 0.00501103233546019 0.00445979600772262 0.00460173329338431 0.00361345941200852 0.00287099834531546 0.00307326717302203 0.00319516169838607 0.0027568016666919 0.00229147635400295 0.000500031746923923 0.000484440446598455 0.00047528013237752 0.000493835657835007 0.000489302386995405 0.000497375323902816 0.000459110917290673 0.000452631764346734 0.000406133069191128 0.000419682706706226 0.000404110731324181 0.000382830476155505 0.000362548773409799
0.0525503382086754 0.0368562191724777 0.0309157781302929 0.0226284321397543 0.0165101662278175 0.0108645241707563 0.00825626496225595 0.0073315380141139 0.00500708585605025 0.00525754829868674 0.00393328629434109 0.00381067697890103 0.00374033069238067 0.00337141682393849 0.00293440371751785 0.00301383133046329 0.00390434823930264 0.00591520685702562 0.00618408247828484 0.00584345404058695 0.0050780326128006 0.000657862809021026 0.00407697493210435 0.00332208932377398 0.00317543628625572 0.003411456476897 0.000580978463403881 0.00291885551996529 0.00258355657570064 0.000538289023097605 0.000515135820023715 0.000481365248560905 0.000415756279835477 0.000391491543268785 0.000402331323130056 0.000425445439759642 0.000433789158705622 0.00040356203680858 0.000421685166656971 0.000397028838051483 0.000398424715967849 0.000347607478033751
0.0516990534961224 0.0395249351859093 0.0270026754587889 0.0175749771296978 0.0137482825666666 0.0110148964449763 0.00893464777618647 0.00696743978187442 0.00610385648906231 0.00539740547537804 0.00526213878765702 0.00457920972257853 0.0044801402837038 0.00358763453550637 0.00334809347987175 0.00402371864765882 0.00502883037552238 0.00667148688808084 0.00544057367369533 0.00412336317822337 0.00357504840940237 0.00325568323023617 0.00379430828616023 0.00384379271417856 0.000621572660747916 0.00358234951272607 0.000588799477554858 0.000572845572605729 0.000536261650267988 0.000480811489978805 0.000465536053525284 0.000465105258626863 0.000417304807342589 0.000407374871429056 0.000399413052946329 0.000372870126739144 0.000352632050635293 0.000366299296729267 0.000361068319762126 0.000372430076822639 0.000435573543654755 0.000416078371927142
0.0585926361382008 0.042141605168581 0.0286587588489056 0.021427396684885 0.0171452220529318 0.0131545765325427 0.00987295899540186 0.00830364041030407 0.0082929627969861 0.00723629631102085 0.0068955896422267 0.00572608737275004 0.00517266243696213 0.00431110197678208 0.00444540614262223 0.00375641603022814 0.00527152512222528 0.00488585792481899 0.00533434376120567 0.00484592327848077 0.0047041280195117 0.004160160664469 0.00391690200194716 0.000671690155286342 0.00359838968142867 0.000570229720324278 0.000545902876183391 0.000518338289111853 0.000520279281772673 0.000485943484818563 0.000463459815364331 0.000478075497085229 0.000435401278082281 0.000416953815147281 0.000368553795851767 0.000392186833778396 0.00035480281803757 0.000350933492882177 0.000343267194693908 0.000353530427673832 0.000402084668166935 0.00040888020885177
0.0555673018097878 0.0382542088627815 0.0278417021036148 0.0203313324600458 0.0164801385253668 0.013986811041832 0.0109105808660388 0.0103686051443219 0.00887664407491684 0.00869421754032373 0.00807719957083464 0.0068810461089015 0.00602001836523414 0.00551401032134891 0.00471106125041842 0.00414391793310642 0.00552374729886651 0.00792015623301268 0.00649456167593598 0.00513759767636657 0.00432201288640499 0.00395432766526937 0.000618438411038369 0.00065256078960374 0.00354313524439931 0.000606448447797447 0.000577823724597692 0.000553232675883919 0.000498048786539584 0.00051107129547745 0.00051591475494206 0.000481292605400085 0.000485845608636737 0.000433239678386599 0.000422981742303818 0.000409266853239387 0.000376398063963279 0.000363389583071694 0.000345393607858568 0.00036387424916029 0.000438040762674063 0.000438058166764677
0.0503044687211514 0.0324825756251812 0.0250757597386837 0.0241915415972471 0.0198589954525232 0.0166060458868742 0.0148651348426938 0.0175675377249718 0.0140182822942734 0.0102950744330883 0.0101849678903818 0.00969810597598553 0.00735896266996861 0.00657327752560377 0.00584837095811963 0.0061896569095552 0.00700856605544686 0.00841797329485416 0.00656586652621627 0.00533614587038755 0.00502758473157883 0.000654260045848787 0.000667937682010233 0.000704276782926172 0.00408392027020454 0.000679895398207009 0.000633998424746096 0.000602581014391035 0.000575610029045492 0.000558066531084478 0.000567219569347799 0.000527564319781959 0.000496539287269115 0.000457072834251449 0.000432265194831416 0.000425158708821982 0.000401168072130531 0.000388629239751026 0.000367051106877625 0.000359202560503036 0.000439693627413362 0.000431582098826766
0.0523783564567566 0.0441393330693245 0.0502448007464409 0.0420496463775635 0.034733384847641 0.0245377533137798 0.0212533716112375 0.0213265623897314 0.0204991921782494 0.0164427291601896 0.0125053459778428 0.0125092621892691 0.0113241132348776 0.00881202053278685 0.00809852965176105 0.00699336873367429 0.00932708848267794 0.00955267623066902 0.00795499980449677 0.00641730893403292 0.00582632143050432 0.000719835865311325 0.000683936523273587 0.00482448609545827 0.000768319994676858 0.000740709423553199 0.000707616272848099 0.000660031859297305 0.000619384984020144 0.000575324811507016 0.000601595733314753 0.000569033087231219 0.000525144801940769 0.00048647981020622 0.000464258104329929 0.00042989497887902 0.000443663273472339 0.000428698607720435 0.000428307364927605 0.00041368039092049 0.000429106643423438 0.000449622224550694
0.0768558457493782 0.0730172097682953 0.0683765783905983 0.0628966987133026 0.0497759692370892 0.0393445119261742 0.0241151675581932 0.0307031348347664 0.0267907436937094 0.0215613935142756 0.0164032261818647 0.0152391204610467 0.0126916449517012 0.0110857747495174 0.0100327972322702 0.00819271616637707 0.0104824490845203 0.0117428852245212 0.0105071272701025 0.00796428695321083 0.00690276687964797 0.000811318284831941 0.000805917836260051 0.000827269454021007 0.000801651971414685 0.000741196505259722 0.00070209224941209 0.000652030576020479 0.000636287732049823 0.000598303275182843 0.00061367847956717 0.000575576967094094 0.00054184952750802 0.000485113123431802 0.000468033482320607 0.000448246661107987 0.00049746863078326 0.000512000464368612 0.000476184010040015 0.000485521362861618 0.000505379925016314 0.000454478722531348
0.0715823918581009 0.0802725255489349 0.0736590996384621 0.0780114829540253 0.0712870880961418 0.0474714227020741 0.0401093624532223 0.0448903739452362 0.0368807278573513 0.0257533080875874 0.0218978337943554 0.0219544861465693 0.0165828801691532 0.014547978527844 0.0126998806372285 0.0118147945031524 0.0140681145712733 0.0134278954938054 0.011107761412859 0.00912547949701548 0.00851219240576029 0.000895118864718825 0.000909753143787384 0.000862430373672396 0.000831782876048237 0.000833672820590436 0.000744555494748056 0.000735497218556702 0.000689191627316177 0.000619207508862019 0.000638852652627975 0.000611579918768257 0.000573035329580307 0.000569680531043559 0.000542625086382031 0.000554803700651973 0.000576900143641979 0.000577760918531567 0.000568336923606694 0.000527853786479682 0.000542410823982209 0.000532113190274686
0.103362090885639 0.10111191123724 0.102982491254807 0.0920710787177086 0.0900278016924858 0.0689139813184738 0.0589641444385052 0.0525943636894226 0.0475143827497959 0.0331668667495251 0.0294355601072311 0.0246374160051346 0.0232045110315084 0.0198913104832172 0.017182907089591 0.0143860792741179 0.0142753636464477 0.0126941539347172 0.0124316271394491 0.0115525247529149 0.0104292873293161 0.0096440427005291 0.00101547210942954 0.000931857153773308 0.000895927543751895 0.000879784638527781 0.000831950164865702 0.000761343049816787 0.000698459392879158 0.000705530343111604 0.000674478942528367 0.0006652248557657 0.000606198271270841 0.00058036670088768 0.000605836161412299 0.000609108596108854 0.000634504540357739 0.000568669813219458 0.000558430794626474 0.000549770658835769 0.000607734953518957 0.000619584985543042
0.161978870630264 0.142116844654083 0.125836744904518 0.116901874542236 0.09548419713974 0.0907655134797096 0.0671383142471313 0.0563422180712223 0.0523201189935207 0.0399144738912582 0.0384153500199318 0.0287949964404106 0.0256041828542948 0.0219247061759233 0.0186255648732185 0.0183553118258715 0.0172824636101723 0.0146456202492118 0.0138725526630878 0.0132296858355403 0.0126780262216926 0.0120692420750856 0.00104333041235805 0.00103414698969573 0.000925093772821128 0.00090277538402006 0.00083834445104003 0.000784088973887265 0.000783981755375862 0.000716603244654834 0.000722294556908309 0.000683187623508275 0.000686825951561332 0.00067061884328723 0.000655409356113523 0.000625872460659593 0.000620118866208941 0.000629629765171558 0.000619864149484783 0.000629770627710968 0.000623272033408284 0.00060439674416557
0.144857734441757 0.185970574617386 0.188230231404305 0.142324268817902 0.127546638250351 0.107987016439438 0.0818381756544113 0.0771245732903481 0.0616346374154091 0.0528226494789124 0.0433955788612366 0.0373901315033436 0.0299092400819063 0.0255771726369858 0.0233819521963596 0.0241481829434633 0.0203344114124775 0.0166396331042051 0.0158432424068451 0.0141518507152796 0.0140234977006912 0.0161488000303507 0.00119745661504567 0.00106808845885098 0.0010438421741128 0.00100369041319937 0.000918500125408173 0.000845145550556481 0.000815388979390264 0.000785630603786558 0.000749655824620277 0.000729157240130007 0.000708558945916593 0.000713323359377682 0.000683975813444704 0.00064517738064751 0.0006951944087632 0.000695908616762608 0.00063949596369639 0.000641266466118395 0.000676626339554787 0.000643901177681983
0.198088183999062 0.158596888184547 0.175348922610283 0.1707933396101 0.146702229976654 0.113439209759235 0.102333553135395 0.0830681920051575 0.0749328583478928 0.0589047409594059 0.0470083132386208 0.0359844788908958 0.0325738303363323 0.030707286670804 0.0304116252809763 0.0255962479859591 0.0202777590602636 0.0199879519641399 0.0187592804431915 0.0155190080404282 0.0147049091756344 0.00143078225664794 0.001224709674716 0.00115315651055425 0.0010438421741128 0.00101327372249216 0.000950034183915704 0.000911343027837574 0.000836835359223187 0.00083220680244267 0.000804413168225437 0.000765101925935596 0.000751456362195313 0.000722793862223625 0.000728652230463922 0.00070079363649711 0.000740988878533244 0.000678950047586113 0.000649862631689757 0.000638304918538779 0.000672581780236214 0.000668290944304317
0.230824336409569 0.20106415450573 0.207046210765839 0.169454112648964 0.149390339851379 0.121588096022606 0.0933154374361038 0.0838344842195511 0.0683524534106255 0.0591475516557693 0.0464705936610699 0.038651779294014 0.0360114015638828 0.030868012458086 0.0319760218262672 0.0290021151304245 0.0238311197608709 0.0207865331321955 0.0183971170336008 0.0174154546111822 0.0149900512769818 0.0177087429910898 0.00127415498718619 0.0011297658784315 0.00106824398972094 0.000980718294158578 0.000851340475492179 0.000948030094150454 0.000906587229110301 0.000862182700075209 0.000848349591251463 0.000829241238534451 0.0007965755648911 0.000751992512959987 0.000729599327314645 0.000784774369094521 0.000749999308027327 0.000718589755706489 0.000729070161469281 0.00068573048338294 0.00071633281186223 0.000700352888088673
0.280845284461975 0.238608539104462 0.222543686628342 0.178752869367599 0.136408314108849 0.1258195489645 0.0958306863903999 0.0834085792303085 0.0645620003342628 0.0588450245559216 0.0488197915256023 0.0423826947808266 0.0416969954967499 0.0397276394069195 0.0321460217237473 0.0289484988898039 0.0216835141181946 0.0195192713290453 0.019133560359478 0.0157325770705938 0.0013997326605022 0.00142820447217673 0.00137277413159609 0.00123887427616864 0.00114920816849917 0.00102774635888636 0.000984679092653096 0.000969165528658777 0.000946773681789637 0.000958419579546899 0.000899119535461068 0.000815113540738821 0.000890291237737983 0.000855405640322715 0.000789430865552276 0.000863181019667536 0.000814792059827596 0.000817371706943959 0.000833645928651094 0.000803902046754956 0.000763934454880655 0.000845773844048381
