data/climate_estimation/maxent_output/Baeometra_uniflora.asc
NCOLS 38 
NROWS 24 
XLLCORNER 18.3333333333333 
YLLCORNER -34.6666666666667 
CELLSIZE 0.0833333333333334 
NODATA_value -3.4e+38 
0.238752335309982 0.35184034705162 0.846972465515137 0.578821301460266 0.497296243906021 0.598016858100891 0.131709083914757 0.164729818701744 0.128388300538063 0.350588291883469 0.205030724406242 0.0683833658695221 0.059605784714222 0.0219961050897837 0.00878288503736258 0.00449934974312782 0.00123465538490564 0.000779778929427266 0.00069952494231984 0.000487064418848604 0.000378680997528136 0.000383296166546643 0.000360692880349234 0.000296742160571739 4.55752888228744e-06 4.94632331538014e-06 8.96312576514902e-06 4.80434609926306e-05 0.00157475145533681 0.00228474382311106 0.000675260147545487 0.000485338678117841 0.0007757080020383 0.000755951681639999 0.000129840525914915 2.11294536711648e-05 1.57894028234296e-05 1.98762354557402e-05
0.244040787220001 0.349218994379044 0.32380810379982 0.894844591617584 0.840522587299347 0.657462179660797 0.220315828919411 0.175455078482628 0.221987724304199 0.212533384561539 0.288237392902374 0.0593791343271732 0.231594130396843 0.0178904421627522 0.0091499425470829 0.00657664518803358 0.00235343771055341 0.000843126676045358 0.000557536433916539 0.000487810233607888 0.000482412695419043 0.000367108033969998 0.000701572047546506 0.000760118826292455 1.2103016160836e-05 1.04819191619754e-05 2.04732950805919e-05 0.000369156972737983 0.000632570357993245 0.000317556463414803 0.000319380458677188 0.000163517921464518 0.000375941803213209 0.000585080299060792 0.000458442489616573 3.98834745283239e-05 1.64366956596496e-05 2.19919656956336e-05
0.270336151123047 0.363598525524139 0.305276691913605 0.450643271207809 0.857127785682678 0.269537299871445 0.22352360188961 0.174912109971046 0.226895347237587 0.201144352555275 0.176321044564247 0.0298147052526474 0.0939429774880409 0.0178476814180613 0.0154868895187974 0.0141776353120804 0.00303137651644647 0.00137918593827635 0.000630799797363579 0.000469516584416851 0.000407340558012947 0.000385765481041744 0.000707615865394473 0.00292369374074042 0.00241995276883245 0.00111487659160048 0.00370818260125816 0.00330928945913911 0.000105006081867032 0.000190839622518979 0.000175707173184492 0.000163894888828509 0.000356098200427368 0.000641329330392182 0.000661817495711148 4.83390904264525e-05 3.64307452400681e-05 3.8829239201732e-05
0.260481119155884 0.37815323472023 0.347128719091415 0.450498849153519 0.368821680545807 0.291660308837891 0.234885960817337 0.16235838830471 0.453889846801758 0.400728732347488 0.151975691318512 0.0506571903824806 0.0294752158224583 0.00904385093599558 0.0114518506452441 0.00792023725807667 0.00239442358724773 0.00141366710886359 0.00100988277699798 0.000432384666055441 0.000432161235949025 0.000428046099841595 0.000782598101068288 0.00078844022937119 0.00260206707753241 0.0135080767795444 0.0122344987466931 0.00613608583807945 0.00505649810656905 9.39318488235585e-05 0.000153145985677838 0.000180641494807787 0.000571032345760614 0.000934190407861024 0.000274209567578509 0.000114136579213664 7.21356045687571e-05 5.7459736126475e-05
0.449101597070694 0.408998519182205 0.55905956029892 0.618252456188202 0.53884220123291 0.32753849029541 0.23665526509285 0.191861853003502 0.448559731245041 0.448425322771072 0.245845049619675 0.16012442111969 0.0282692182809114 0.0166728477925062 0.0320170000195503 0.025245750322938 0.00520681496709585 0.0022748582996428 0.00129123951774091 0.000768674071878195 0.000425771635491401 0.000717730610631406 0.000799545261543244 0.00161757483147085 0.00501047354191542 0.00778050627559423 0.0127511695027351 0.00668423157185316 0.00539521966129541 8.80049556144513e-05 9.71774497884326e-05 6.60106888972223e-05 0.000205596123123541 0.000311250332742929 0.000278713181614876 0.000218123605009168 0.000152740074554458 0.000173788052052259
0.465933322906494 0.445732891559601 0.538570404052734 0.632439970970154 0.523974180221558 0.298650294542313 0.246056705713272 0.187895476818085 0.343684732913971 0.504757940769196 0.409738093614578 0.257035553455353 0.0152208125218749 0.00916303973644972 0.0498375073075294 0.0334196649491787 0.0088590681552887 0.00257682660594583 0.00105492386501282 0.0010118733625859 0.00108474120497704 0.00115771300625056 0.00146627624053508 0.00144564220681787 0.00233004265464842 0.00222107744775712 0.00357926241122186 0.00314975949004292 8.2715559983626e-05 7.97094398876652e-05 2.83618592220591e-05 6.39755453448743e-05 0.000113041904114652 0.000285840855212882 0.000307040085317567 0.000385089573683217 0.000476351066026837 0.000316790537908673
0.468777745962143 0.41726279258728 0.531627058982849 0.675516605377197 0.722565114498138 0.459675937891006 0.42003059387207 0.315645128488541 0.5071080327034 0.381078660488129 0.360979318618774 0.253011643886566 0.255201876163483 0.0966794267296791 0.0962892696261406 0.152575492858887 0.0118028614670038 0.00492050498723984 0.00231234100647271 0.00290789967402816 0.00660408148542047 0.00579678965732455 0.00444809347391129 0.00355819799005985 0.00590538838878274 0.00904337409883738 0.0077758920378983 0.00662947678938508 0.00585121102631092 3.0172004699125e-05 4.3807511246996e-05 0.000109411965240724 0.000216782122151926 0.000407862855354324 0.000594950746744871 0.000726327474694699 0.000767620571423322 0.000953296490479261
0.60964423418045 0.59114396572113 0.747735857963562 0.836496114730835 0.728383779525757 0.667545974254608 0.577212870121002 0.322741001844406 0.481492877006531 0.363567173480988 0.376946270465851 0.304797917604446 0.300750494003296 0.271099954843521 0.112296745181084 0.104878544807434 0.0919687673449516 0.0206280425190926 0.0236807875335217 0.00505111971870065 0.00432372698560357 0.00372266978956759 0.00536470441147685 0.00788697879761457 0.0227383561432362 0.0459896065294743 0.0501220375299454 0.0529705807566643 0.0470158122479916 0.0379655137658119 0.0380095429718494 0.000272225006483495 0.000421930628363043 0.000787225377280265 0.00146996253170073 0.00193392811343074 0.00215599336661398 0.00202125916257501
0.560608446598053 0.669782221317291 0.702330648899078 0.923637449741364 0.899301886558533 0.849604427814484 0.804315268993378 0.521229803562164 0.614205658435822 0.510845422744751 0.461209386587143 0.393343061208725 0.380617886781693 0.453726321458817 0.216163516044617 0.396016150712967 0.37358894944191 0.0443791747093201 0.0298988800495863 0.0104303900152445 0.00508590647950768 0.00750878918915987 0.0194474719464779 0.0180325601249933 0.040456298738718 0.0340141989290714 0.044893991202116 0.0482935830950737 0.0453969053924084 0.043553564697504 0.0400327779352665 0.0459387302398682 0.0679816678166389 0.053852953016758 0.0716394037008286 0.00435243267565966 0.00442566070705652 0.00478607323020697
0.663719832897186 0.830606281757355 0.880088686943054 0.905595242977142 0.932159245014191 0.887137711048126 0.781112670898438 0.727558016777039 0.634860455989838 0.590436697006226 0.485506951808929 0.602928400039673 0.576853394508362 0.53620970249176 0.567203998565674 0.446863442659378 0.181846454739571 0.155599862337112 0.113658174872398 0.0484823547303677 0.0189704243093729 0.0147648174315691 0.0212988685816526 0.0303741712123156 0.0429962836205959 0.0564416535198689 0.0533952638506889 0.0556319952011108 0.0546217076480389 0.0578498840332031 0.0678074657917023 0.0810616537928581 0.0611660219728947 0.142818659543991 0.0992235243320465 0.109141997992992 0.00426894752308726 0.0041422052308917
0.736320197582245 0.77834016084671 0.859072029590607 0.906914889812469 0.93011474609375 0.877594530582428 0.821606516838074 0.723940491676331 0.663239240646362 0.732368171215057 0.640319585800171 0.70259702205658 0.64608097076416 0.675629615783691 0.647758722305298 0.560466408729553 0.502337455749512 0.44300651550293 0.360343605279922 0.227059334516525 0.112149387598038 0.0911184102296829 0.0739850923418999 0.0628080517053604 0.0673796162009239 0.0672211796045303 0.090147353708744 0.100444585084915 0.0885310992598534 0.048991434276104 0.0560723803937435 0.123979866504669 0.0880691930651665 0.111582472920418 0.126029700040817 0.00505633978173137 0.00546096405014396 0.00524409906938672
0.784033238887787 0.783559203147888 0.876438021659851 0.925116658210754 0.924710273742676 0.906131625175476 0.856819212436676 0.713085234165192 0.690932154655457 0.825838387012482 0.788595199584961 0.73744660615921 0.741588532924652 0.741052210330963 0.687929451465607 0.638771593570709 0.597452640533447 0.506280779838562 0.447730630636215 0.348484486341476 0.242053866386414 0.258192896842957 0.191659584641457 0.14183621108532 0.118074208498001 0.111605875194073 0.112409040331841 0.124613575637341 0.126210644841194 0.0823448300361633 0.101790845394135 0.113282695412636 0.139149963855743 0.139100015163422 0.164410531520844 0.174300089478493 0.264977514743805 0.149008020758629
-339999999999999996123846586046231871488.000000000000000 0.873864531517029 0.895890712738037 0.951888680458069 0.941431283950806 0.896112740039825 0.861060738563538 0.825847148895264 0.830510199069977 0.819246053695679 0.8951136469841 0.866704046726227 0.841360747814178 0.724711954593658 0.634904861450195 0.65964937210083 0.597562849521637 0.539498031139374 0.482882112264633 0.410476088523865 0.272804200649261 0.219401955604553 0.242784962058067 0.196830898523331 0.181018024682999 0.177767068147659 0.185966849327087 0.184426560997963 0.227847412228584 0.135050624608994 0.154330655932426 0.182614207267761 0.200496733188629 0.195255264639854 0.214300915598869 0.206836089491844 0.213360115885735 0.206989169120789
0.904529869556427 0.93916529417038 0.95766806602478 0.941406905651093 0.925010681152344 0.876078188419342 0.837283492088318 0.775427341461182 0.869883000850677 0.772671520709991 0.632156193256378 0.865082919597626 0.908340871334076 0.801796913146973 0.754068732261658 0.708296060562134 0.610819399356842 0.487515211105347 0.368806719779968 0.293623358011246 0.334318548440933 0.305005818605423 0.239003822207451 0.264944970607758 0.290723145008087 0.256364107131958 0.270430773496628 0.268502622842789 0.285427063703537 0.307762831449509 0.215464264154434 0.260729908943176 0.263470262289047 0.279046684503555 0.29541027545929 0.286382138729095 0.264710009098053 0.269229352474213
0.940547585487366 0.961040258407593 0.970813691616058 0.940890252590179 0.925798714160919 0.862759947776794 0.874823272228241 0.859919369220734 0.834914743900299 0.843680322170258 0.6345374584198 0.752605974674225 0.908127903938293 0.89255303144455 0.864417731761932 0.820877730846405 0.626384139060974 0.645053744316101 0.416718751192093 0.371994227170944 0.308450222015381 0.362844288349152 0.441362351179123 0.422726541757584 0.444085776805878 0.395395636558533 0.405374348163605 0.429664820432663 0.305529415607452 0.294158279895782 0.259092569351196 0.309205949306488 0.346090108156204 0.354661494493484 0.350567400455475 0.355520099401474 0.33421579003334 0.332638084888458
0.60639351606369 0.937802016735077 0.96871542930603 0.951875627040863 0.92004919052124 0.892692089080811 0.88384997844696 0.758991181850433 0.719914674758911 0.841426968574524 0.725649297237396 0.852942109107971 0.862702608108521 0.799925446510315 0.862436354160309 0.85966283082962 0.798327088356018 0.717793107032776 0.602968871593475 0.529674232006073 0.488492667675018 0.497680872678757 0.578350841999054 0.587325096130371 0.565479815006256 0.512500524520874 0.50475400686264 0.490050286054611 0.324784815311432 0.476993203163147 0.455946266651154 0.324333071708679 0.345382571220398 0.303841441869736 0.301657438278198 0.281284272670746 0.365106582641602 0.260883390903473
0.581645011901855 0.928264617919922 0.943813860416412 0.94635534286499 0.959438920021057 0.940101742744446 0.919102072715759 0.68338668346405 0.546949088573456 0.870154500007629 0.895986318588257 0.9125697016716 0.875605344772339 0.908967912197113 0.906979501247406 0.872883498668671 0.852064907550812 0.824107468128204 0.760792076587677 0.700523912906647 0.681413531303406 0.706680536270142 0.467349141836166 0.439043134450912 0.376065164804459 0.338074713945389 0.370959043502808 0.388355404138565 0.374497443437576 0.359048098325729 0.426745414733887 0.471246063709259 0.408133059740067 0.431179940700531 0.49913877248764 0.475058823823929 0.494211316108704 0.411937952041626
0.768637239933014 0.894128143787384 0.934190690517426 -3.4e+38 -3.4e+38 0.960385918617249 0.944005727767944 0.76690262556076 0.774009823799133 0.680903792381287 0.907974004745483 0.916930377483368 0.92807000875473 0.914838850498199 0.921867489814758 0.878447830677032 0.847200870513916 0.802111744880676 0.788441181182861 0.76384037733078 0.757055044174194 0.777048408985138 0.719525277614594 0.485753208398819 0.451883941888809 0.413175642490387 0.44629579782486 0.398586809635162 0.392024457454681 0.414608478546143 0.472765982151031 0.507701456546783 0.502594828605652 0.505329668521881 0.520273387432098 0.523081541061401 0.506740629673004 0.448365390300751
0.616374731063843 0.650368571281433 -3.4e+38 -3.4e+38 -3.4e+38 0.943719983100891 0.797181487083435 0.823664665222168 0.903418600559235 0.822625279426575 0.941059291362762 0.940029799938202 0.918506324291229 0.886311292648315 0.882141947746277 0.911758959293365 0.905137777328491 0.841963708400726 0.802866101264954 0.788895428180695 0.793249309062958 0.796051561832428 0.722199678421021 0.52937912940979 0.510850727558136 0.504055738449097 0.497772186994553 0.464430600404739 0.42675319314003 0.487013310194016 0.508195042610168 0.524361968040466 0.546301960945129 0.539549648761749 0.546549320220947 0.55250209569931 0.511615991592407 0.470804244279861
0.526725232601166 0.553974628448486 -3.4e+38 -3.4e+38 -3.4e+38 0.898057341575623 0.884994208812714 0.902385473251343 0.915481448173523 0.937350153923035 0.938853204250336 0.896421074867249 0.912758409976959 0.886408388614655 0.895309269428253 0.886707127094269 0.896029055118561 0.875034213066101 0.875514090061188 0.852161467075348 0.863338708877563 0.854440748691559 0.831936597824097 0.599580824375153 0.55402272939682 0.544208884239197 0.57389110326767 0.547711968421936 0.522427439689636 0.538464605808258 0.554083168506622 0.513460516929626 0.562605679035187 0.482197195291519 0.463605105876923 0.509671568870544 0.674972116947174 0.63885760307312
-3.4e+38 0.53149151802063 -3.4e+38 -3.4e+38 -3.4e+38 0.898820400238037 0.89317387342453 0.916429996490479 0.918815493583679 0.88859635591507 0.895473301410675 0.845912277698517 0.844931125640869 0.87396514415741 0.897518932819366 0.896583676338196 0.875793218612671 0.876945614814758 0.875075042247772 0.87611198425293 0.861778438091278 0.869670689105988 0.917231798171997 0.739395976066589 0.646752059459686 0.583245277404785 0.511523723602295 0.538927018642426 0.574377477169037 0.577972590923309 0.561563670635223 0.535023927688599 0.498576790094376 0.453681498765945 0.434360146522522 0.427258491516113 0.652146279811859 0.657532155513763
-3.4e+38 -3.4e+38 -3.4e+38 -3.4e+38 -3.4e+38 -3.4e+38 -3.4e+38 -3.4e+38 -3.4e+38 0.783001482486725 0.747431755065918 0.71962571144104 0.717755317687988 0.774687111377716 0.864879190921783 0.850415945053101 0.820725679397583 0.863613128662109 0.86920702457428 0.876440227031708 0.874567091464996 0.900606334209442 0.922348022460938 0.922282814979553 0.908767998218536 0.68712317943573 0.641296446323395 0.552277982234955 0.528019607067108 0.507698655128479 0.535205483436584 -3.4e+38 -3.4e+38 -3.4e+38 0.736729204654694 0.598566174507141 0.694703996181488 -3.4e+38
-3.4e+38 -3.4e+38 -3.4e+38 -3.4e+38 -3.4e+38 -3.4e+38 -3.4e+38 -3.4e+38 -3.4e+38 -3.4e+38 -3.4e+38 -3.4e+38 0.569437205791473 0.654663681983948 0.738530516624451 0.814399182796478 0.857306301593781 0.844958901405334 0.853963315486908 0.838100850582123 0.86824756860733 0.885639131069183 0.929834306240082 0.947632372379303 0.915054023265839 0.898197293281555 -3.4e+38 -3.4e+38 -3.4e+38 -3.4e+38 -3.4e+38 -3.4e+38 -3.4e+38 -3.4e+38 -3.4e+38 -3.4e+38 -3.4e+38 -3.4e+38
-3.4e+38 -3.4e+38 -3.4e+38 -3.4e+38 -3.4e+38 -3.4e+38 -3.4e+38 -3.4e+38 -3.4e+38 -3.4e+38 -3.4e+38 0.316074460744858 0.43870684504509 0.495397806167603 0.598203420639038 0.685433328151703 0.771794319152832 0.829849720001221 0.863608121871948 0.871011078357697 0.881992936134338 0.92760306596756 0.938298761844635 0.951216101646423 0.934658348560333 -3.4e+38 -3.4e+38 -3.4e+38 -3.4e+38 -3.4e+38 -3.4e+38 -3.4e+38 -3.4e+38 -3.4e+38 -3.4e+38 -3.4e+38 -3.4e+38 -3.4e+38
