data/climate_estimation/maxent_output/Bomarea_dulcis.asc
NCOLS 181 
NROWS 558 
XLLCORNER -79.1666666666667 
YLLCORNER -52.0833333333333 
CELLSIZE 0.0833333333333333 
NODATA_value -3.4e+38 
[rows 374 to 395 of 558, columns 100 to 149 of 181]
0.0202916506677866 0.012907437980175 0.0244639441370964 0.0709975957870483 0.0504675470292568 0.0395338125526905 0.0587309338152409 0.0344741865992546 0.0163289867341518 0.0055877435952425 0.0012498841388151 0.000471139326691628 0.000317473051836714 0.000509469886310399 0.000530220160726458 0.000486298813484609 0.000528278411366045 0.000364706298569217 0.000210672951652668 0.000165677382028662 5.72292083234061e-05 3.50422596966382e-05 5.3094783652341e-05 5.26136573171243e-05 6.75137707730755e-05 9.05474880710244e-05 0.000104039121652022 0.00012774248898495 0.000159202085342258 0.000148131395690143 0.000195375992916524 0.000222773393034004 0.000259975815424696 0.000285530084511265 0.000289437710307539 0.000358046614564955 0.000349457404809073 0.000401146651711315 0.000383127800887451 0.000393086695112288 0.000366606749594212 0.000373177899746224 0.000379019533284009 0.000383233767934144 0.000355765194399282 0.00038294936530292 0.000394696660805494 0.000410551961977035 0.000414692156482488 0.000425816950155422
0.0206900127232075 0.0132461115717888 0.02319161221385 0.0571666359901428 0.0479223914444447 0.0249076299369335 0.0512916669249535 0.031737208366394 0.0253165848553181 0.0156206982210279 0.00352169014513493 0.000919068406801671 0.000266422284767032 0.00101949344389141 0.000973732734564692 0.000436829635873437 0.000148877472383901 0.000196516120922752 0.000129816879052669 6.99250304023735e-05 5.47983108845074e-05 3.28503156197257e-05 4.95533204230014e-05 5.57826388103422e-05 6.99082738719881e-05 7.61958581279032e-05 0.000101167570392136 0.000139419295010157 0.000143929893965833 0.000146563790622167 0.00018295441986993 0.000224265168071724 0.000235502346185967 0.000267777882982045 0.000319122977089137 0.000298777857096866 0.000305938272504136 0.000356598902726546 0.000340609200065956 0.000420496740844101 0.000363586965249851 0.000374414696125314 0.000358947581844404 0.000366848951671273 0.000357988814357668 0.000364242092473432 0.000380861078156158 0.000380284065613523 0.000403397891204804 0.000411885615903884
0.0257686451077461 0.0123085957020521 0.0232374425977468 0.0501995384693146 0.0123995784670115 0.00857567228376865 0.020416010171175 0.0258018225431442 0.0205385498702526 0.0123013276606798 0.00310562248341739 0.00119742343667895 0.000313247990561649 0.00146553409285843 0.000360668229404837 0.000390720553696156 0.000226652933633886 0.000108259104308672 0.000101389814517461 6.40920698060654e-05 4.78208094136789e-05 3.24389548040926e-05 7.39982497179881e-05 7.03399055055343e-05 6.17560290265828e-05 8.01855057943612e-05 8.88653594302014e-05 0.000125341000966728 0.000111993504106067 0.000139345138450153 0.000157335874973796 0.000205280623049475 0.000215023566852324 0.000266011629719287 0.000241365400142968 0.000261487031821162 0.00027727714041248 0.000352066155755892 0.000375781237380579 0.000358449382474646 0.000375260278815404 0.000362096470780671 0.000325015484122559 0.000324518303386867 0.000331586401443928 0.000373242131900042 0.000393121707020327 0.000391248991945758 0.000416715571191162 0.000411996908951551
0.0134336510673165 0.0124393301084638 0.0194085612893105 0.0596532486379147 0.00998665671795607 0.00246865628287196 0.00638448260724545 0.0211321916431189 0.0287864021956921 0.0141023322939873 0.00335833593271673 0.000661653932183981 0.000396171410102397 0.000507140648551285 0.000204414667678066 0.000176515590283088 0.000102078600320965 0.000109736363810953 5.8265111874789e-05 4.09842068620492e-05 3.67257089237683e-05 4.71422608825378e-05 6.91989480401389e-05 0.000101659366919193 7.58706373744644e-05 6.51359150651842e-05 7.7783566666767e-05 0.000103864796983544 0.000131601118482649 0.000121613215014804 0.000151190339238383 0.000179159920662642 0.000230898484005593 0.000266011629719287 0.00021702803496737 0.000227461277972907 0.000268372241407633 0.000318905804306269 0.000345088017638773 0.000334759999532253 0.00035267136991024 0.00036090039066039 0.000324060587445274 0.000320098886732012 0.000293693097773939 0.000346607499523088 0.000360342877684161 0.000403896963689476 0.000418969633756205 0.000435441615991294
0.0152815384790301 0.009879388846457 0.0079055093228817 0.0526568815112114 0.00706644589081407 0.00264466064982116 0.00730655994266272 0.00940589234232903 0.0185242127627134 0.0391924567520618 0.00973368994891644 0.00129687075968832 0.000407363899284974 0.000203264818992466 0.000139425319503061 7.77583409217186e-05 5.77586397412233e-05 8.47218252602033e-05 5.74594778299797e-05 3.94643902836833e-05 2.98108479910297e-05 2.67973045993131e-05 6.07569600106217e-05 6.93397741997615e-05 6.76727431709878e-05 7.1057744207792e-05 6.88756117597222e-05 8.00901179900393e-05 0.00011443979019532 0.000106133651570417 0.00016211140609812 0.000150782609125599 0.000198310939595103 0.000212366358027793 0.000192961262655444 0.000251334276981652 0.000270750751951709 0.000262930901953951 0.000289504445390776 0.000328179652569816 0.000315228855470195 0.000337505160132423 0.000363096070941538 0.000315069919452071 0.000321725266985595 0.000341187580488622 0.000361436686944216 0.000381965975975618 0.000408376159612089 0.0004406200023368
0.0131243597716093 0.00621462380513549 0.0121167795732617 0.0419196523725986 0.00353967142291367 0.00119571550749242 0.00200007646344602 0.00506179826334119 0.0169146806001663 0.0359984003007412 0.0124406460672617 0.00173417548649013 0.000556148588657379 0.000253093719948083 0.000169777995324694 0.000162062322488055 5.36499028385151e-05 3.35418808390386e-05 2.69255506282207e-05 1.63179392984603e-05 2.46025319938781e-05 4.39335635746829e-05 4.15431568399072e-05 4.55860863439739e-05 5.21573201694991e-05 5.94279881624971e-05 7.3580646130722e-05 8.21480352897197e-05 0.000114313632366247 0.000128063620650209 0.000134063840960152 0.000168498692801222 0.000191094848560169 0.000186212681001052 0.00021961067977827 0.000236428561038338 0.000253253529081121 0.000237068088608794 0.000251564721111208 0.000333806179696694 0.000314881384838372 0.000316366174956784 0.000304201123071834 0.000303988315863535 0.000335747725330293 0.000337393023073673 0.000342311890562996 0.000356839795131236 0.000367737142369151 0.000388696731533855
0.0116410637274384 0.00636042328551412 0.0114872762933373 0.0114650651812553 0.00269866245798767 0.00167106452863663 0.000778626243118197 0.00185435533057898 0.00892944727092981 0.00828703120350838 0.00345045607537031 0.00088305666577071 0.000374971685232595 0.000375730829546228 0.000170836530742235 9.9558055808302e-05 0.000110847788164392 6.10786955803633e-05 9.53661074163392e-05 1.81637624336872e-05 3.00825340673327e-05 1.42738081194693e-05 4.17867158830632e-05 4.27450686402153e-05 4.28727253165562e-05 4.32511224062182e-05 6.76668423693627e-05 9.43081759032793e-05 0.000106374092865735 0.000119621414341964 0.000125123871839605 0.000140022704727016 0.000155761415953748 0.000146344624226913 0.000171564912307076 0.000219172841752879 0.000246393610723317 0.000255298829870299 0.000276493170531467 0.000293035089271143 0.000325722474372014 0.000316846068017185 0.00027055706596002 0.000255839957389981 0.000282595137832686 0.000289401330519468 0.000313023367198184 0.000343459541909397 0.0003414576058276 0.000368154811440036
0.0133755328133702 0.0066726254299283 0.00438390858471394 0.00308904494158924 0.00204348471015692 0.00104430655483156 0.000532957725226879 0.00109314022120088 0.00100338726770133 0.00149156956467777 0.0016350313089788 0.000632037117611617 0.000624938926193863 0.000448434031568468 0.000224402421736158 0.000139830779517069 0.000112212168460246 4.98632434755564e-05 2.99932198686292e-05 1.60521503858035e-05 2.72991110250587e-05 4.60340015706606e-05 4.1799336031545e-05 4.49343751824927e-05 4.49598701379728e-05 3.66919011867139e-05 4.98168847116176e-05 7.17376096872613e-05 8.37094339658506e-05 0.000116367504233494 0.000124435697216541 0.000138792544021271 0.000142202421557158 0.000154254303197376 0.00016488041728735 0.000190396036487073 0.000205124975764193 0.000200209600734524 0.000217191336560063 0.000232777543715201 0.000272043398581445 0.000304599321680143 0.000293177668936551 0.000286348309600726 0.000280883512459695 0.000325004570186138 0.000356628414010629 0.000338033540174365 0.000363813305739313 0.000386695697670802
0.0160259325057268 0.0122182248160243 0.00738828629255295 0.00863677822053432 0.00660082418471575 0.00165893591474742 0.000771443184930831 0.000489495403598994 0.000575361249502748 0.000673532544169575 0.000851035525556654 0.000511975260451436 0.00113931728992611 0.000983126810751855 0.000369972258340567 0.000275065685855225 8.31124634714797e-05 4.31098233093508e-05 3.26560766552575e-05 6.13032170804217e-05 4.36061127402354e-05 6.27688932581805e-05 4.3876232666662e-05 3.82548860216048e-05 4.17599039792549e-05 4.88346558995545e-05 4.79026675748173e-05 5.66839153179899e-05 7.37848313292488e-05 7.94038787717e-05 0.0001119331427617 0.000122231154819019 0.000136873641167767 0.000141698226798326 0.000140203526825644 0.000170298895682208 0.000149429251905531 0.00018220191122964 0.00019620088278316 0.000242912574321963 0.000254082639003173 0.000301050633424893 0.000321559520671144 0.000270291784545407 0.00024565271451138 0.000266205373918638 0.000267840485321358 0.000333041127305478 0.000366049498552456 0.000379726378014311
0.0194515623152256 0.0252434350550175 0.0115986792370677 0.013820443302393 0.0148625802248716 0.00388573785312474 0.00111660815309733 0.00107001466676593 0.00102577242068946 0.0003754289355129 0.00043876058771275 0.00050341320456937 0.000945103587582707 0.00104145484510809 0.000308058515656739 0.000186677527381107 6.1085112974979e-05 4.35119291068986e-05 4.67881291115191e-05 7.67064993851818e-05 1.76976045622723e-05 1.63858803716721e-05 5.65968912269454e-05 5.024715574109e-05 5.31181576661766e-05 6.03453627263661e-05 5.71897544432431e-05 5.83817491133232e-05 6.44714236841537e-05 6.25660541118123e-05 8.39683634694666e-05 9.2609210696537e-05 0.000115396862383932 0.000112236964923795 0.000132628600113094 0.000174861008417793 0.000152089851326309 0.000146831371239386 0.000193772444617935 0.000212327548069879 0.000210863523534499 0.000279590807622299 0.000290722877252847 0.000272026692982763 0.000291552802082151 0.000291091273538768 0.000292883021757007 0.000321984785841778 0.00036063080187887 0.000390216271625832
0.0315872691571712 0.0297885704785585 0.0155536830425262 0.0113358339294791 0.0131738930940628 0.00375230610370636 0.0020264748018235 0.00209341710433364 0.000654167321044952 0.00041004954255186 0.000312551797833294 0.000326470850268379 0.000479607493616641 0.000407001032726839 0.000170516083016992 9.12059476831928e-05 5.66161616006866e-05 3.76653515559155e-05 3.88658663723618e-05 5.79132720304187e-05 2.23904226004379e-05 4.83747535326984e-05 8.12440266599879e-05 8.2534970715642e-05 5.84559784329031e-05 6.26413602731191e-05 5.76105339860078e-05 6.07857182330918e-05 6.83232137816958e-05 6.70853332849219e-05 7.90766425780021e-05 7.38509261282161e-05 8.24432572699152e-05 9.25346976146102e-05 0.000110235654574353 0.00012470010551624 0.000123602701933123 0.000176539106178097 0.000188853635336272 0.000184904172783718 0.000260974746197462 0.000279386440524831 0.000244478753302246 0.000270037213340402 0.000289837247692049 0.000265449489234015 0.000315905752358958 0.000345622131135315 0.00036779890069738 0.000370173831470311
0.0348689220845699 0.01377965323627 0.00692784786224365 0.00841588992625475 0.0157692413777113 0.00730221578851342 0.00257935374975204 0.00106548413168639 0.000583334593102336 0.000478730798931792 0.000380516197765246 0.000273990241112188 0.000409503612900153 0.000747915997635573 0.000236771709751338 0.000107078514702152 5.62426866963506e-05 3.45264270436019e-05 3.34382202709094e-05 2.40764220507117e-05 2.589473297121e-05 3.11285293719266e-05 6.5664506109897e-05 0.000170989165781066 9.21515238587745e-05 7.20656025805511e-05 6.57301789033227e-05 6.06924404564779e-05 5.78029103053268e-05 6.72206660965458e-05 7.54237480578013e-05 8.72712480486371e-05 8.32350051496178e-05 0.000109523032733705 0.00012128255184507 0.000119917727715801 0.000122071040095761 0.000135947251692414 0.000174058979609981 0.000201532442588359 0.000223498427658342 0.000222063128603622 0.000229063429287635 0.000280546140857041 0.000299994862871245 0.000294873578241095 0.000306637230096385 0.000326543493429199 0.000350226851878688 0.000353673647623509
0.0162888672202826 0.0100645087659359 0.0114559652283788 0.00657026981934905 0.00646377680823207 0.00481885578483343 0.00212614936754107 0.00146411382593215 0.000880646228324622 0.000403326819650829 0.000576404330786318 0.000303996814182028 0.000459125847555697 0.000797666085418314 0.000370061345165595 0.000130052038002759 5.413688995759e-05 3.54689691448584e-05 2.84140569419833e-05 2.26115025725449e-05 2.33759019465651e-05 2.64708232862176e-05 4.13501838920638e-05 0.000160067764227279 8.10388446552679e-05 7.02717297826894e-05 6.71223097015172e-05 6.04252345510758e-05 6.05848945269827e-05 6.54490577289835e-05 6.36139229754917e-05 7.46636505937204e-05 8.20746718090959e-05 9.55787181737833e-05 0.000104314203781541 0.000153925691847689 0.000124434416648 0.000125911930808797 0.00017849713913165 0.000178271351614967 0.000217635300941765 0.000236851454246789 0.000235284882364795 0.000270126096438617 0.000255799910519272 0.000246770301600918 0.000313073367578909 0.000302939472021535 0.000326024921378121 0.000283827801467851
0.0180244408547878 0.00985737424343824 0.00591076863929629 0.00480988016352057 0.0100892428308725 0.00484787719324231 0.0022305732127279 0.00311243929900229 0.00204049120657146 0.000515469466336071 0.000325541768688709 0.000263182824710384 0.000320430001011118 0.000568016199395061 0.000554575293790549 0.000269025913439691 7.88534816820174e-05 3.23421518260147e-05 2.34031649597455e-05 1.9367313143448e-05 1.47398422996048e-05 1.28252022477682e-05 5.97858743276447e-05 6.66001142235473e-05 8.21220310172066e-05 5.99810264247935e-05 5.51145531062502e-05 5.39690008736216e-05 5.53248828509822e-05 7.03480036463588e-05 6.52948438073508e-05 7.39003007765859e-05 7.34859422664158e-05 7.89568293839693e-05 8.40714637888595e-05 8.94223485374823e-05 9.85289880190976e-05 0.000153438784764148 0.000159840215928853 0.000164301847689785 0.000198882538825274 0.000199442220036872 0.000223554205149412 0.000225145980948582 0.000257867592154071 0.000248492404352874 0.000253849313594401 0.000272644276265055 0.000325665547279641 0.000324797903886065
0.0179132949560881 0.0101933153346181 0.00559002254158258 0.00752096576616168 0.00744122685864568 0.00453037582337856 0.00250405236147344 0.00203381036408246 0.00127896456979215 0.000838270760141313 0.000561720808036625 0.000305837253108621 0.000281348038697615 0.000358639896148816 0.000496070540975779 0.000203926378162578 0.000104398313851561 4.07812513003591e-05 2.5247552912333e-05 1.69645936693996e-05 1.2585791409947e-05 1.21331968330196e-05 7.65391996537801e-06 4.90307284053415e-05 5.16025102115236e-05 4.50060360890348e-05 3.66036438208539e-05 5.105339732836e-05 5.39269094588235e-05 7.30934261810035e-05 6.63842001813464e-05 6.92141184117645e-05 7.09932355675846e-05 6.94188347551972e-05 9.14048505364917e-05 8.51551958476193e-05 9.2707879957743e-05 0.000132056855363771 0.000114846297947224 0.000165047240443528 0.000185273282113485 0.0001908906706376 0.000229208351811394 0.000223469382035546 0.000215241656405851 0.00023255217820406 0.000234482969972305 0.000282391265500337 0.000273746234597638 0.000262866436969489
0.0180420558899641 0.0090132150799036 0.00549379549920559 0.00642487592995167 0.00533748231828213 0.0053213513456285 0.00320512033067644 0.00138055032584816 0.000672778463922441 0.000747086538467556 0.00062445382354781 0.000278076389804482 0.000249624339630827 0.000288269337033853 0.000453686283435673 0.000307942216750234 0.00012292483006604 5.68682626180816e-05 3.08429771394003e-05 1.84307464223821e-05 1.58458769874414e-05 1.06482875708025e-05 7.96572658146033e-06 8.95180619409075e-06 4.76007116958499e-05 4.42378768639173e-05 4.13529451179784e-05 4.96283355460037e-05 5.31005061930045e-05 5.39269094588235e-05 6.43578678136691e-05 6.02146610617638e-05 6.19254351477139e-05 6.46380649413913e-05 8.50636279210448e-05 7.73927313275635e-05 0.000103314181615133 0.000122863930300809 0.000124882571981288 0.000152189415530302 0.000150077306898311 0.000178726302692667 0.000188156918738969 0.000213416016777046 0.000209231846383773 0.000240542067331262 0.000236850682995282 0.000225350551772863 0.00026521465042606 0.000267460534814745
0.0190993677824736 0.00941451266407967 0.00523745082318783 0.00577096594497561 0.00814604572951794 0.00342218880541623 0.00184025918133557 0.000808184617199004 0.000623636005911976 0.000839615124277771 0.000572933000512421 0.000324318127240986 0.000230528283282183 0.000232580583542585 0.000385168590582907 0.000331876712152734 0.000163729913765565 6.74442853778601e-05 3.72404756490141e-05 2.38216471188935e-05 1.43701681736275e-05 1.16754317787127e-05 1.01934310805518e-05 8.37694369693054e-06 4.90262900711969e-05 4.18872405134607e-05 4.62893622170668e-05 5.54195503355004e-05 6.10746792517602e-05 5.73680954403244e-05 7.0606911322102e-05 7.55002402001992e-05 8.43040616018698e-05 8.21495632408187e-05 7.97290631453507e-05 6.80314333294518e-05 8.26657051220536e-05 9.99864641926251e-05 0.000110901841253508 0.000130034502944909 0.000126120910863392 0.000154701934661716 0.000163425138453022 0.000166681027621962 0.000199973335838877 0.000199931164388545 0.000200957147171721 0.000233568818657659 0.000233756203670055 0.000223277646000497
0.0291243623942137 0.011275096796453 0.00500855222344398 0.00812640506774187 0.00930506363511086 0.00360880861990154 0.00263298465870321 0.00118163484148681 0.000655445910524577 0.000811800709925592 0.000440262054326013 0.000325743807479739 0.000293030490865931 0.000198121939320117 0.000287204195046797 0.000350741116562858 0.000161753137945198 8.52278171805665e-05 4.14757996622939e-05 2.71999342658091e-05 1.40553538585664e-05 1.179812807095e-05 9.93163848761469e-06 8.75833757163491e-06 4.58730246464256e-05 4.54467954114079e-05 5.01760987390298e-05 5.17676708113868e-05 7.01523167663254e-05 8.46713082864881e-05 8.27781404950656e-05 0.000104962149634957 9.47463267948478e-05 0.000109152017103042 9.99293915810995e-05 9.76736919255927e-05 9.50019093579613e-05 0.000120812255772762 0.000103795020550024 0.000119103227916639 0.000114510185085237 0.000142603181302547 0.000154190856846981 0.000164237193530425 0.000180473813088611 0.000205677351914346 0.000203859424800612 0.000213052830076776 0.000215708088944666 0.000214740939554758
0.0359875783324242 0.0115986382588744 0.00553876627236605 0.00306194648146629 0.00470226584002376 0.00683063687756658 0.00446281628683209 0.00179225485771894 0.00113609537947923 0.000510719022713602 0.000390468252589926 0.000300206564133987 0.000271745549980551 0.000178564703674056 0.000219376728637144 0.00025954598095268 0.00015259938663803 8.82031745277345e-05 3.97553521906957e-05 2.71699464065023e-05 1.67011676239781e-05 1.24958296510158e-05 1.18562675197609e-05 9.95279333437793e-06 6.08562040724792e-05 5.07933764311019e-05 5.43968781130388e-05 5.72511453356128e-05 7.74475338403136e-05 9.12935865926556e-05 8.5356026829686e-05 9.07612702576444e-05 8.99978549568914e-05 9.75029397523031e-05 9.94540969259106e-05 0.000123111924040131 9.08277288544923e-05 0.000107672742160503 8.96467681741342e-05 0.000123923033243045 0.000111467379610986 0.000120687000162434 0.000167467384017073 0.000140466465381905 0.000150358231621794 0.000185191529453732 0.00017399009084329 0.000178515198058449 0.000210399593925104 0.000210196798434481
0.029737176373601 0.0116509748622775 0.00598972756415606 0.00261004152707756 0.00292785209603608 0.00381238502450287 0.00261444319039583 0.0017798786284402 0.00116411631461233 0.000444669451098889 0.000424047088017687 0.00036171727697365 0.000285095506114885 0.000176072673639283 0.000170027095009573 0.000167548467288725 0.000150471270899288 6.76106355967931e-05 4.53406937594991e-05 2.51667170232395e-05 2.03460549528245e-05 1.65031688084127e-05 1.50021460285643e-05 1.30942171381321e-05 4.9289214075543e-05 5.91877324040979e-05 4.97006949444767e-05 5.65701884625014e-05 6.06023168074898e-05 6.25359534751624e-05 7.20923126209527e-05 8.82040403666906e-05 7.81944181653671e-05 9.86293889582157e-05 0.000110485430923291 0.000108316315163393 0.000125610778923146 0.000128476196550764 0.000123598641948774 0.000139789990498684 0.000135572161525488 0.000134651621920057 0.000124170823255554 0.000139106094138697 0.000135333219077438 0.000165394361829385 0.000162805474246852 0.000172296349774115 0.000199817892280407 0.000197149027371779
0.0382661707699299 0.0112008452415466 0.00552610261365771 0.0024136935826391 0.00221445807255805 0.00151157542131841 0.00123443698976189 0.00116036739200354 0.000556459533981979 0.000609139911830425 0.000436492031440139 0.000375111616449431 0.000371614063624293 0.00026825544773601 0.000149113271618262 9.37653894652613e-05 6.74703333061188e-05 7.10424428689294e-05 4.28265739174094e-05 3.33951429638546e-05 2.63029596681008e-05 2.1893090888625e-05 1.44474188346067e-05 1.2271748346393e-05 1.11401886897511e-05 6.28833950031549e-05 5.77039972995408e-05 5.2893072279403e-05 5.49459036847111e-05 6.10714705544524e-05 6.47226042929105e-05 6.55613330309279e-05 6.52702656225301e-05 7.91091879364103e-05 0.000101599092886318 0.000101983612694312 0.000118934811325744 0.000131883934955113 0.000115412716695573 0.000141052878461778 0.000145451704156585 0.000157617978402413 0.000145575977512635 0.000162383323186077 0.000135563881485723 0.000140749165439047 0.000127896782942116 0.000138635557959788 0.000138627889100462 0.00015987892402336
0.0513325072824955 0.0153069216758013 0.00620223302394152 0.00281588500365615 0.00168968469370157 0.00111110240686685 0.000768047175370157 0.000696342787705362 0.000877596496138722 0.00107766839209944 0.000622776278760284 0.000363289407687262 0.000277234328677878 0.000179292517714202 0.000143423691042699 0.000130591914057732 7.05884231138043e-05 4.6934095735196e-05 5.35691615368705e-05 3.76043208234478e-05 2.71110293397214e-05 2.11012647923781e-05 1.52524444274604e-05 1.29068657770404e-05 1.12943826025003e-05 6.13551237620413e-05 5.64435576961841e-05 4.87235956825316e-05 4.65808698209003e-05 5.16515938215889e-05 5.42778070666827e-05 6.09051676292438e-05 7.69385223975405e-05 6.2487626564689e-05 7.62354684411548e-05 8.0399913713336e-05 9.51165420701727e-05 0.000111022127384786 0.000108113235910423 0.000115227965579834 0.00014125531015452 0.000131163178593852 0.000156924099428579 0.000163028409588151 0.000133844776428305 0.00013396970462054 0.000160893789143302 0.000118235766422004 0.00011983700824203 0.000133486595586874
