data/climate_estimation/maxent_output/Bomarea_ovata.asc
NCOLS 196 
NROWS 416 
XLLCORNER -79.5833333333333 
YLLCORNER -27.1666666666667 
CELLSIZE 0.0833333333333333 
NODATA_value -3.4e+38 
[rows 180 to 199 of 416, columns 135 to 179 of 196]
0.049722783267498 0.0496227368712425 0.0516229383647442 0.048833392560482 0.0470442771911621 0.0476009212434292 0.0449934527277946 0.0441413223743439 0.0421548448503017 0.039797730743885 0.0404227264225483 0.0420497320592403 0.0417189411818981 0.0406883433461189 0.042211689054966 0.040904276072979 0.0400532744824886 0.0397421084344387 0.0377138219773769 0.0360618941485882 0.0344214625656605 0.0336189046502113 0.0317653231322765 0.0308799315243959 0.029567314311862 0.0292788166552782 0.0299863163381815 0.0300153773277998 0.0301590915769339 0.0291884299367666 0.0304301045835018 0.0333867520093918 0.0354289151728153 0.0364871546626091 0.0372020192444324 0.0400015264749527 0.0400116629898548 0.0378765463829041 0.0346857495605946 0.0317932069301605 0.027900343760848 0.0277654379606247 0.0265428703278303 0.0255922339856625 0.0236038118600845
0.0516446679830551 0.0517697930335999 0.0491504706442356 0.0476950071752071 0.0479128398001194 0.0466789081692696 0.0453452691435814 0.0437879748642445 0.0432503148913383 0.0409169904887676 0.0408111363649368 0.0393883250653744 0.0399630442261696 0.0404794216156006 0.0416878312826157 0.0406523905694485 0.0401671975851059 0.0379204526543617 0.0358238257467747 0.0334365367889404 0.0330717302858829 0.0317918322980404 0.0310832262039185 0.0306598618626595 0.0300306603312492 0.0280717145651579 0.0278505515307188 0.0276627037674189 0.0278497822582722 0.0285086184740067 0.0299176070839167 0.032585296779871 0.0345498211681843 0.0357991270720959 0.0386814177036285 0.0405839942395687 0.0406450740993023 0.0389899760484695 0.0340005867183208 0.0316311679780483 0.0269883498549461 0.0276480745524168 0.0264185108244419 0.0259506125003099 0.02505181171
0.0515179485082626 0.0508366301655769 0.0491908937692642 0.0479101836681366 0.047379594296217 0.0446139015257359 0.0441467054188251 0.0433869436383247 0.0420373901724815 0.0419306494295597 0.0399864614009857 0.0405692160129547 0.0399277992546558 0.0385562926530838 0.0390029959380627 0.0392359495162964 0.0354785956442356 0.0355396717786789 0.0341703221201897 0.0335685685276985 0.0330398790538311 0.031511228531599 0.0306642577052116 0.0304149352014065 0.0296427011489868 0.0288662016391754 0.0270567927509546 0.026960538700223 0.0270906016230583 0.0263801719993353 0.02818538621068 0.0303013045340776 0.0319336242973804 0.0342586748301983 0.0349619872868061 0.0379427820444107 0.0383058898150921 0.0358363576233387 0.0331977717578411 0.0300412029027939 0.0292842090129852 0.0279422625899315 0.0264581479132175 0.0255654379725456 0.0246002990752459
0.0510076582431793 0.0503631010651588 0.0499255955219269 0.0495829433202744 0.0478391461074352 0.0448702052235603 0.0432501323521137 0.0425113812088966 0.04045020788908 0.0407906658947468 0.039241399616003 0.0403529815375805 0.0405764766037464 0.039670929312706 0.0375062003731728 0.0370611660182476 0.0367783904075623 0.0366353057324886 0.0347796939313412 0.0359026007354259 0.0341951996088028 0.0323828458786011 0.0333581976592541 0.0326690934598446 0.0308901816606522 0.0285283215343952 0.0281448569148779 0.0275809839367867 0.0265415720641613 0.0277032274752855 0.028320599347353 0.0287718325853348 0.0308237988501787 0.0326899960637093 0.0342527590692043 0.0356491655111313 0.0359881855547428 0.0355736389756203 0.0328279063105583 0.0309456121176481 0.0293262209743261 0.027772169560194 0.0264508202672005 0.0254242178052664 0.0243960712105036
0.0516501441597939 0.0495732054114342 0.0487599559128284 0.0483112074434757 0.046784233301878 0.0452924966812134 0.0440160520374775 0.0422755777835846 0.0414346307516098 0.0395104922354221 0.0403040461242199 0.039494626224041 0.0400512665510178 0.039318785071373 0.0360901243984699 0.0368051081895828 0.0369463339447975 0.0371905416250229 0.0358793325722218 0.0358712784945965 0.0352548398077488 0.0335197858512402 0.0335012674331665 0.0328171215951443 0.0305047910660505 0.0295925550162792 0.0290915407240391 0.0275597348809242 0.0275076013058424 0.0284343287348747 0.0275864247232676 0.0286742765456438 0.0287989694625139 0.030590932816267 0.0321703851222992 0.032729372382164 0.0334456041455269 0.0323103815317154 0.0317864306271076 0.0316726118326187 0.0303493347018957 0.0288621913641691 0.0276297777891159 0.0252298284322023 0.0245063621550798
0.0481942258775234 0.0502354763448238 0.0487461537122726 0.0467964112758636 0.0465947352349758 0.0448245443403721 0.0429287813603878 0.0403393134474754 0.0406773611903191 0.039461437612772 0.0390693359076977 0.0375827364623547 0.0359885208308697 0.0356666818261147 0.0353884026408195 0.0362180843949318 0.0369546376168728 0.0362768843770027 0.0373576655983925 0.0356658361852169 0.0352611467242241 0.0333905406296253 0.0332523658871651 0.0325986184179783 0.0302450396120548 0.0302402190864086 0.0293393842875957 0.0276256054639816 0.0275202859193087 0.0266475435346365 0.0272180829197168 0.0279627945274115 0.0286958012729883 0.0300685558468103 0.0310920774936676 0.0310594066977501 0.031967356801033 0.0310167074203491 0.0319155976176262 0.0309991743415594 0.029603062197566 0.0284865330904722 0.0263350456953049 0.0250187963247299 0.0240628272294998
0.0466866083443165 0.0479880161583424 0.0486290603876114 0.0461970008909702 0.0440123789012432 0.0433768294751644 0.0434339679777622 0.0409281216561794 0.0404307395219803 0.0389694534242153 0.0377181954681873 0.0353602543473244 0.0362612493336201 0.0338714644312859 0.0349460057914257 0.0347651615738869 0.0360242240130901 0.0366132892668247 0.0360561348497868 0.0355740897357464 0.034871868789196 0.0343204811215401 0.0325751751661301 0.0310123171657324 0.0304435938596725 0.0284034926444292 0.028350330889225 0.0276838168501854 0.0263906978070736 0.0274258982390165 0.0263920444995165 0.0269735176116228 0.0275281351059675 0.0287924632430077 0.0300073381513357 0.029888603836298 0.0289276093244553 0.029570609331131 0.0309078115969896 0.0302421096712351 0.0291376523673534 0.0269299373030663 0.0259336903691292 0.0251805242151022 0.0242707915604115
0.0457820482552052 0.0455031953752041 0.0451173633337021 0.0453923530876637 0.0448464676737785 0.0429887399077415 0.0421032942831516 0.0405129194259644 0.0410645604133606 0.0390142016112804 0.0367452837526798 0.0348085314035416 0.0330650098621845 0.0324933417141438 0.0335151478648186 0.0349475853145123 0.0358263365924358 0.0366673991084099 0.0359774120151997 0.0360769964754581 0.0353597775101662 0.0350207053124905 0.0330596938729286 0.0313586853444576 0.0306831486523151 0.0290189627557993 0.0282321199774742 0.0276308692991734 0.0270806234329939 0.0268577486276627 0.0267940126359463 0.0265239886939526 0.0260468833148479 0.0274488143622875 0.027273740619421 0.0281075909733772 0.0291854906827211 0.0293670985847712 0.0282092932611704 0.0296977367252111 0.0288003329187632 0.0277148615568876 0.0269458927214146 0.0252022761851549 0.0244514718651772
0.0487497299909592 0.048809140920639 0.0465786978602409 0.0446107760071754 0.0438603386282921 0.0435114726424217 0.0420506447553635 0.0429956801235676 0.0405072048306465 0.0386673845350742 0.037837278097868 0.0352231115102768 0.0318190343677998 0.031503789126873 0.0333590619266033 0.0345473252236843 0.035412821918726 0.0359920784831047 0.0359542109072208 0.0354769341647625 0.0352548770606518 0.0338208191096783 0.0334391184151173 0.0325116403400898 0.0311998166143894 0.0306368321180344 0.0297695677727461 0.0279614999890327 0.0271462481468916 0.0266193971037865 0.0253535583615303 0.0247811302542686 0.0241142380982637 0.0253493618220091 0.0259744320064783 0.0274050291627645 0.0271572731435299 0.0286229066550732 0.0286813527345657 0.0283483415842056 0.0285144411027431 0.0277019441127777 0.0269872583448887 0.0250759534537792 0.0246760547161102
0.0503179095685482 0.0505788028240204 0.0498627126216888 0.0455608852207661 0.0442383028566837 0.0440197475254536 0.0419169515371323 0.0425379388034344 0.0399689115583897 0.037680346518755 0.0371753536164761 0.0337558649480343 0.0307860691100359 0.0312587916851044 0.0340529419481754 0.0347889736294746 0.0344720557332039 0.0352937206625938 0.0347642078995705 0.0349044129252434 0.0346811078488827 0.0348734855651855 0.033068809658289 0.0320088639855385 0.0316997952759266 0.0311452634632587 0.0286385137587786 0.0284266509115696 0.0274904705584049 0.0265374165028334 0.0243625827133656 0.0232240967452526 0.0234045535326004 0.0254021603614092 0.0254972018301487 0.0265368092805147 0.0269551929086447 0.0278740171343088 0.0277807954698801 0.0279400497674942 0.0268077421933413 0.0274536702781916 0.0268361289054155 0.0253480542451143 0.0244710855185986
0.0507198236882687 0.0489215962588787 0.0487542673945427 0.0455074124038219 0.0440927781164646 0.0420828834176064 0.0422790087759495 0.0414570719003677 0.039607796818018 0.0375371165573597 0.0364820286631584 0.0328554734587669 0.0330605022609234 0.0334060154855251 0.0339347720146179 0.0344346389174461 0.0355911292135715 0.0345086678862572 0.0356570482254028 0.0344338901340961 0.034794420003891 0.0332454890012741 0.0332766026258469 0.0320242308080196 0.0315251685678959 0.031322818249464 0.0290255416184664 0.0288378857076168 0.0280512347817421 0.0268259141594172 0.0247384291142225 0.0226480755954981 0.0241808537393808 0.0252172760665417 0.0257005169987679 0.025773499161005 0.0266313720494509 0.0268883109092712 0.0270380694419146 0.0284437984228134 0.0271471720188856 0.0270873066037893 0.0254602581262589 0.0258587095886469 0.0240511279553175
0.0558664165437222 0.0511610433459282 0.0492862798273563 0.048639539629221 0.0467118285596371 0.0460260845720768 0.0417715087532997 0.0396795719861984 0.0379957146942616 0.0371393486857414 0.0357407554984093 0.0324844792485237 0.0327950455248356 0.032918356359005 0.0335809402167797 0.0328483618795872 0.0331124737858772 0.0342197604477406 0.0353691689670086 0.0342193022370338 0.0334448777139187 0.0333124101161957 0.0326824933290482 0.0325722880661488 0.0323000736534595 0.0317067317664623 0.0305857434868813 0.0301745235919952 0.0283009372651577 0.0270503126084805 0.0250784382224083 0.0247556753456593 0.0248325150460005 0.0244019441306591 0.0260665621608496 0.0252777226269245 0.0259475596249104 0.0265408419072628 0.0269884057343006 0.0270634572952986 0.0273978468030691 0.0267168544232845 0.0264140628278255 0.0249020326882601 0.0243421047925949
0.0568825602531433 0.0518379881978035 0.0497601814568043 0.0493156723678112 0.0488800443708897 0.0448742806911469 0.0435202307999134 0.039862722158432 0.0372629165649414 0.0358436815440655 0.0351349040865898 0.0322023332118988 0.0327455140650272 0.0329875163733959 0.0341405309736729 0.0340488106012344 0.0325457453727722 0.0343713350594044 0.0347957015037537 0.0339744426310062 0.0343193262815475 0.0334114879369736 0.0343436896800995 0.0335617549717426 0.0336330123245716 0.0328701734542847 0.0305880941450596 0.0297323111444712 0.0284487400203943 0.0277572050690651 0.0258141160011292 0.0252257231622934 0.0252257231622934 0.0248472895473242 0.0262507311999798 0.0251841153949499 0.0257657188922167 0.0263180881738663 0.0266156904399395 0.0270188953727484 0.0272971652448177 0.0271969866007566 0.0267081540077925 0.026292385533452 0.024720536544919
0.0549825094640255 0.0534797087311745 0.050935685634613 0.0501447953283787 0.0470862872898579 0.0449593849480152 0.0435903407633305 0.0416785515844822 0.0388511307537556 0.0360881425440311 0.0351811870932579 0.0315307714045048 0.0318789817392826 0.0329122841358185 0.0332978144288063 0.0326602980494499 0.0330372489988804 0.0325828082859516 0.0333303101360798 0.0340114831924438 0.0340764597058296 0.0335417054593563 0.0342689417302608 0.0348510928452015 0.0349363647401333 0.0340152829885483 0.0332742817699909 0.0306578502058983 0.029862966388464 0.0282998532056808 0.0257315747439861 0.0262827780097723 0.0250716973096132 0.0252758469432592 0.025502135977149 0.0259703528136015 0.0263647418469191 0.0261885467916727 0.0264657344669104 0.0268383901566267 0.0270530730485916 0.0271885134279728 0.0270385928452015 0.0266340728849173 0.0256710927933455
0.057477880269289 0.0555089674890041 0.0552378222346306 0.0525526367127895 0.0496129654347897 0.0478856414556503 0.0454297997057438 0.0414647273719311 0.0386858284473419 0.0369080789387226 0.0354624912142754 0.0311793070286512 0.0319080613553524 0.0326908901333809 0.033053670078516 0.0325010195374489 0.0326817147433758 0.0318414643406868 0.0325125902891159 0.0336878560483456 0.0343034826219082 0.0332022607326508 0.0343181006610394 0.0350304543972015 0.0344960726797581 0.034814715385437 0.033993985503912 0.0314672328531742 0.0304089058190584 0.0279501173645258 0.0274726487696171 0.0264381431043148 0.026690024882555 0.025566203519702 0.0256693623960018 0.0258599538356066 0.02590012550354 0.0253832694143057 0.0252827554941177 0.0257510282099247 0.0257352404296398 0.0271973684430122 0.0269316155463457 0.0267660263925791 0.0256008375436068
0.062230221927166 0.0594221949577332 0.0585061237215996 0.0544802583754063 0.0497180372476578 0.0469996072351933 0.0437129363417625 0.0413388088345528 0.0388939194381237 0.0350499898195267 0.0333192981779575 0.030896719545126 0.0307083167135715 0.0320602171123028 0.0326547026634216 0.0317587144672871 0.0323374047875404 0.0319194197654724 0.0331045724451542 0.0329829677939415 0.0322174727916718 0.0334243439137936 0.0330039821565151 0.0336484089493752 0.0349292233586311 0.0351786054670811 0.033455491065979 0.03187470510602 0.0289480891078711 0.0281321182847023 0.0285541508346796 0.0269815307110548 0.0269562210887671 0.0279715806245804 0.0280836466699839 0.0283880513161421 0.0278905984014273 0.0268734563142061 0.0268821362406015 0.0262065082788467 0.0258627999573946 0.026891278102994 0.0268243998289108 0.0264971889555454 0.0256169028580189
0.0661388859152794 0.0621666349470615 0.0585436150431633 0.0548124089837074 0.0509808920323849 0.045073539018631 0.0415043607354164 0.0376031659543514 0.0357429310679436 0.0346874445676804 0.0332804061472416 0.0318955592811108 0.0304805841296911 0.0309959556907415 0.0322567746043205 0.0316641964018345 0.0308891721069813 0.0326652750372887 0.0323615781962872 0.0327354744076729 0.0319303683936596 0.031428337097168 0.0327312797307968 0.033565316349268 0.0345564186573029 0.0335882306098938 0.0329097881913185 0.0302342548966408 0.0289935525506735 0.0297178402543068 0.0289975702762604 0.0270925257354975 0.0266671217978001 0.0269920509308577 0.0269570183008909 0.0261492412537336 0.0278580002486706 0.027105825021863 0.0262580271810293 0.0264496318995953 0.0272136442363262 0.0268670842051506 0.0263603553175926 0.0265576634556055 0.0259042177349329
0.0656805336475372 0.0602149367332458 0.0556546114385128 0.0499077588319778 0.0449813865125179 0.0411633476614952 0.0393622890114784 0.0369875691831112 0.0353078804910183 0.0355121344327927 0.0345679745078087 0.0317394509911537 0.0301346201449633 0.0305035039782524 0.030757250264287 0.0312873013317585 0.0316813439130783 0.0323672145605087 0.0317741483449936 0.0311514679342508 0.0322980470955372 0.0325076431035995 0.0336114540696144 0.0327655598521233 0.0318279638886452 0.0324485711753368 0.03357994556427 0.0305150840431452 0.0291282869875431 0.027718061581254 0.0277249533683062 0.0277069080621004 0.0270107220858335 0.0270478278398514 0.0266449954360723 0.0277898330241442 0.0269660372287035 0.0276446733623743 0.0273003093898296 0.0263934507966042 0.0269225928932428 0.0282806754112244 0.0268950238823891 0.0260558240115643 0.0247396342456341
0.060640811920166 0.0550557263195515 0.0513697080314159 0.0461920201778412 0.0447226017713547 0.0424610003829002 0.0398816950619221 0.0387966930866241 0.03654520586133 0.0349195450544357 0.0346471853554249 0.0309775900095701 0.0310594886541367 0.0315201804041862 0.0315442569553852 0.0310079418122768 0.0303556900471449 0.0306733716279268 0.0298324711620808 0.0306574311107397 0.0317394956946373 0.0323972553014755 0.0327887572348118 0.0316024571657181 0.0333480164408684 0.033543586730957 0.031767088919878 0.0305729042738676 0.0298983752727509 0.0295058507472277 0.0272449273616076 0.0281595773994923 0.0272593591362238 0.0272593591362238 0.0273331739008427 0.0278779398649931 0.0269760489463806 0.0269835479557514 0.0282893050462008 0.0285224243998528 0.0281594395637512 0.0297755729407072 0.0279556028544903 0.0265030171722174 0.0262354072183371
0.0598200038075447 0.0538388155400753 0.0512790232896805 0.0481795445084572 0.0443449094891548 0.0425448641180992 0.0395560078322887 0.0387022793292999 0.03654520586133 0.0335121899843216 0.0309616699814796 0.0296028684824705 0.0311313699930906 0.0310773123055696 0.0310234446078539 0.0304617788642645 0.0291168503463268 0.0297487545758486 0.0311190262436867 0.0300073102116585 0.0313135161995888 0.0301895681768656 0.0303301624953747 0.0311226323246956 0.0327273309230804 0.0338157564401627 0.0319967307150364 0.0317167900502682 0.0312542766332626 0.0285392086952925 0.0269492603838444 0.0281467735767365 0.0279406476765871 0.0271704252809286 0.027276773005724 0.0278197787702084 0.0265814531594515 0.0294181425124407 0.0294010248035192 0.0275668893009424 0.0285171009600163 0.0282931290566921 0.0283660478889942 0.0268184747546911 0.0267353840172291
