data/climate_estimation/maxent_output/Bomarea_uncifolia.asc
NCOLS 69 
NROWS 104 
XLLCORNER -79.75 
YLLCORNER -9.41666666666667 
CELLSIZE 0.0833333333333333 
NODATA_value -3.4e+38 
[rows 57 to 75 of 104, columns 0 to 42 of 69]
0.00390584557317197 0.014915375970304 0.128700658679008 0.463978886604309 0.405584365129471 0.695630133152008 0.740355670452118 0.540420293807983 0.461935847997665 0.317048370838165 0.17574717104435 0.0777032598853111 0.0964117348194122 0.0610759891569614 0.0436879396438599 0.163150250911713 0.415935903787613 0.595403671264648 0.352165937423706 0.355329692363739 0.35631275177002 0.214853897690773 0.254576236009598 0.180471643805504 0.12783782184124 0.0746624693274498 0.119449086487293 0.0889060720801353 0.0543333813548088 0.0365569703280926 0.0370673127472401 0.0251995995640755 0.0177580676972866 0.0172462034970522 0.0198381058871746 0.014439569786191 0.00662714196369052 0.00575167313218117 0.00580340577289462 0.00592208653688431 0.0053203790448606 0.00542873749509454 0.004723462741822
0.00534666888415813 0.0275995675474405 0.186671078205109 0.331256300210953 0.278022766113281 0.539378881454468 0.733282625675201 0.504629492759705 0.588512063026428 0.586528539657593 0.311553657054901 0.115173801779747 0.0842720493674278 0.0627414882183075 0.0560926608741283 0.104315660893917 0.321148991584778 0.631240904331207 0.671029329299927 0.654575884342194 0.485422641038895 0.30689799785614 0.426017969846725 0.273165851831436 0.193719282746315 0.103671707212925 0.105422392487526 0.087119497358799 0.0702637434005737 0.0625609382987022 0.056359950453043 0.0400517508387566 0.0314427092671394 0.0214619692414999 0.0216940380632877 0.0241914819926023 0.00843227561563253 0.00610302109271288 0.00632247887551785 0.00550593342632055 0.00517703918740153 0.0051305964589119 0.00474499352276325
0.00691284984350204 0.0651161372661591 0.169465124607086 0.260012090206146 0.231599017977715 0.441669523715973 0.686374664306641 0.517257869243622 0.37455290555954 0.618712902069092 0.377701878547668 0.128261461853981 0.0802793577313423 0.0780987292528152 0.0890307426452637 0.0837488174438477 0.163171142339706 0.266463696956635 0.553166329860687 0.692082703113556 0.557658433914185 0.452972918748856 0.472297161817551 0.512464106082916 0.277593970298767 0.151705116033554 0.0699009820818901 0.0460872650146484 0.0394878350198269 0.0415135025978088 0.0278104711323977 0.0257735848426819 0.023135706782341 0.0317998826503754 0.0328127071261406 0.0220347084105015 0.0103330938145518 0.00669526075944304 0.00614722725003958 0.00553562911227345 0.00535592995584011 0.00477930437773466 0.00451082270592451
0.00336903776042163 0.0275037381798029 0.121016174554825 0.114706590771675 0.13885734975338 0.388270646333694 0.48839482665062 0.509534657001495 0.284066647291183 0.580338776111603 0.539283215999603 0.147682055830956 0.0931491628289223 0.169217571616173 0.145656898617744 0.155704647302628 0.137990340590477 0.134785339236259 0.299473285675049 0.6252561211586 0.678434193134308 0.615281581878662 0.463755458593369 0.596171200275421 0.504155218601227 0.459706664085388 0.171055108308792 0.069240540266037 0.0387020483613014 0.0310197621583939 0.0258613862097263 0.0244125258177519 0.0221872217953205 0.0194609891623259 0.0313399918377399 0.0410231910645962 0.0171971097588539 0.00920454878360033 0.00617540441453457 0.00571638159453869 0.00544983148574829 0.0047357426956296 0.00433875806629658
0.00205317931249738 0.0051877973601222 0.0363883897662163 0.211144730448723 0.123022757470608 0.242597132921219 0.320938527584076 0.48039898276329 0.302927702665329 0.258827775716782 0.262621879577637 0.119776554405689 0.0866977274417877 0.278639674186707 0.471253752708435 0.442769914865494 0.360056757926941 0.239279180765152 0.244188413023949 0.389479577541351 0.610528588294983 0.530372619628906 0.623396813869476 0.566311836242676 0.582871377468109 0.521906673908234 0.341073542833328 0.144587427377701 0.0621455274522305 0.0312302727252245 0.0267296358942986 0.0223073456436396 0.0241164695471525 0.0215300433337688 0.0330273248255253 0.0706457421183586 0.0165269561111927 0.0121656218543649 0.00881090201437473 0.00615305127575994 0.00550564704462886 0.00440845405682921 0.00423947535455227
0.0017165100434795 0.00474485848098993 0.0223276615142822 0.17051012814045 0.179610386490822 0.143803343176842 0.126437038183212 0.369541794061661 0.440583884716034 0.410590529441833 0.190536707639694 0.288049876689911 0.129711091518402 0.122146546840668 0.470030426979065 0.593814074993134 0.664542734622955 0.492351591587067 0.371930539608002 0.395303040742874 0.560295641422272 0.42633268237114 0.667009234428406 0.616141796112061 0.615224063396454 0.561442375183105 0.508143067359924 0.319443255662918 0.129062712192535 0.0423177219927311 0.0250742994248867 0.0233124736696482 0.0225317385047674 0.0349418297410011 0.0323775708675385 0.0793961212038994 0.0372118204832077 0.0214186143130064 0.0132709173485637 0.00610508117824793 0.00490214955061674 0.00443184748291969 0.00393850170075893
0.0016638464294374 0.00250234641134739 0.0103170359507203 0.0833360925316811 0.266905546188354 0.389413267374039 0.253682821989059 0.0952093154191971 0.118471302092075 0.183888286352158 0.149405747652054 0.283145725727081 0.298705369234085 0.123157285153866 0.223151460289955 0.381195425987244 0.456323653459549 0.705024063587189 0.456059217453003 0.441831022500992 0.683440923690796 0.518509089946747 0.608482003211975 0.651840925216675 0.607482254505157 0.52307540178299 0.494479119777679 0.485832542181015 0.366014152765274 0.0867594033479691 0.0289968475699425 0.0234694816172123 0.0261898282915354 0.026392450556159 0.0320093594491482 0.0510144867002964 0.0664172172546387 0.0249922405928373 0.0207089800387621 0.00706518860533834 0.00486777070909739 0.00376557698473334 0.00331624830141664
0.00130426592659205 0.00197009206749499 0.0100945793092251 0.132181689143181 0.351489335298538 0.419540584087372 0.3426513671875 0.161858707666397 0.163914129137993 0.347104430198669 0.204251334071159 0.360205084085464 0.466887652873993 0.211143836379051 0.250014126300812 0.187920659780502 0.359481483697891 0.645090937614441 0.589913129806519 0.631206572055817 0.667199313640594 0.648553431034088 0.507669389247894 0.578872263431549 0.602779388427734 0.534228324890137 0.493281751871109 0.480057179927826 0.433609992265701 0.177629694342613 0.0600013583898544 0.0286012329161167 0.0304990820586681 0.0460432134568691 0.0318762473762035 0.0378666371107101 0.0347523167729378 0.0395090356469154 0.0204215981066227 0.0105308126658201 0.0048418790102005 0.00320853712037206 0.00251185055822134
0.00110870774369687 0.00160204863641411 0.00692225527018309 0.0962372198700905 0.323343515396118 0.394413024187088 0.457324683666229 0.312135189771652 0.102084450423717 0.304419279098511 0.246375679969788 0.516858696937561 0.509080410003662 0.478362858295441 0.254211783409119 0.300506353378296 0.203141152858734 0.369117885828018 0.54937332868576 0.630028784275055 0.637751281261444 0.551085889339447 0.516456365585327 0.544657945632935 0.525897264480591 0.572114765644073 0.539817571640015 0.503275573253632 0.398233443498611 0.214805036783218 0.125037297606468 0.0466493740677834 0.0611557923257351 0.0803923979401588 0.0595423057675362 0.0365165546536446 0.0310285910964012 0.0305984243750572 0.0169959329068661 0.0130657237023115 0.00688905315473676 0.00260730087757111 0.00193739077076316
0.000820222601760179 0.00112221878953278 0.00275941751897335 0.0191348399966955 0.0729318782687187 0.224293544888496 0.427452892065048 0.307357162237167 0.211850494146347 0.187023475766182 0.417395561933517 0.569531977176666 0.497683614492416 0.495550483465195 0.368383914232254 0.393407225608826 0.274209380149841 0.33470743894577 0.413262277841568 0.516270697116852 0.619510352611542 0.500663459300995 0.574071705341339 0.589624583721161 0.517471492290497 0.532184541225433 0.465383470058441 0.455295085906982 0.444740891456604 0.367737293243408 0.185987621545792 0.150133579969406 0.125559076666832 0.140076816082001 0.114158913493156 0.0658126547932625 0.0412683039903641 0.0325892902910709 0.0391517095267773 0.0313142910599709 0.0133741088211536 0.00249995081685483 0.00170568854082376
0.000860388157889247 0.0011750366538763 0.00208511529490352 0.00254592206329107 0.00748131657019258 0.174474954605103 0.422591686248779 0.33060485124588 0.326821804046631 0.21116416156292 0.382595747709274 0.480705887079239 0.502660393714905 0.488433748483658 0.562578022480011 0.433503597974777 0.381769835948944 0.218742057681084 0.427487879991531 0.504743814468384 0.557555437088013 0.550200283527374 0.49549412727356 0.528629958629608 0.498633712530136 0.402274042367935 0.294079303741455 0.335717916488647 0.391197204589844 0.419264316558838 0.342314869165421 0.217007011175156 0.191715970635414 0.162444248795509 0.110257379710674 0.101305447518826 0.0598172061145306 0.0294423177838326 0.0239630658179522 0.0236581396311522 0.0234970767050982 0.0102667054161429 0.0112559655681252
0.000796358392108232 0.000902118918020278 0.00167389190755785 0.00232432433404028 0.00796882808208466 0.03152209892869 0.0419912822544575 0.0821469575166702 0.367846101522446 0.280483424663544 0.262902140617371 0.42460024356842 0.512230575084686 0.503522992134094 0.549517452716827 0.46940690279007 0.577733516693115 0.381169557571411 0.210684269666672 0.368314623832703 0.540317177772522 0.53616988658905 0.491078108549118 0.524085402488708 0.483845263719559 0.336278229951859 0.300117760896683 0.28034844994545 0.225669845938683 0.3427814245224 0.336697429418564 0.284382075071335 0.161567211151123 0.157114967703819 0.091783732175827 0.0592952631413937 0.0468504913151264 0.0436855815351009 0.0327910147607327 0.035842876881361 0.0293438322842121 0.0179730039089918 0.0150878811255097
0.00105642213020474 0.00102399743627757 0.00139247113838792 0.00178204604890198 0.00230928417295218 0.00372117315419018 0.00691892579197884 0.0673422068357468 0.188008382916451 0.103788949549198 0.205740138888359 0.335768491029739 0.389336824417114 0.480446338653564 0.50816285610199 0.472083002328873 0.496828734874725 0.517291605472565 0.429262459278107 0.189047664403915 0.481520235538483 0.508598446846008 0.473924189805984 0.479816854000092 0.44196093082428 0.392356842756271 0.336066246032715 0.319096803665161 0.23488275706768 0.293515801429749 0.220288246870041 0.328175723552704 0.214485496282578 0.0942142382264137 0.102278366684914 0.0415659844875336 0.0338395684957504 0.0585076920688152 0.0327431000769138 0.0462945550680161 0.0391108021140099 0.0254152100533247 0.0177169647067785
0.00107282865792513 0.00140699872281402 0.00157877977471799 0.00144556851591915 0.00166019843891263 0.00252786395139992 0.00781950820237398 0.0221067164093256 0.0401467755436897 0.0708173587918282 0.154146149754524 0.244939416646957 0.419624775648117 0.485568791627884 0.497349828481674 0.474103838205338 0.498748064041138 0.443007677793503 0.487488627433777 0.143634051084518 0.396995961666107 0.465181350708008 0.472882300615311 0.444760113954544 0.466129988431931 0.425417870283127 0.363919645547867 0.300094753503799 0.205797806382179 0.201043397188187 0.191672921180725 0.244021460413933 0.168476790189743 0.0954761803150177 0.0581039637327194 0.0532555505633354 0.0336013026535511 0.0397323966026306 0.038650918751955 0.0340358503162861 0.0350051447749138 0.0262579061090946 0.0207661762833595
0.0010638622334227 0.00130502646788955 0.00150302378460765 0.00132221914827824 0.00182926014531404 0.00252257892861962 0.0116745242848992 0.0834369733929634 0.0719664767384529 0.128137171268463 0.195835143327713 0.236410990357399 0.470781028270721 0.475696414709091 0.444008082151413 0.458153814077377 0.433909744024277 0.447223842144012 0.420862913131714 0.284011840820312 0.149670794606209 0.414662510156631 0.432122468948364 0.453027158975601 0.404799252748489 0.326389282941818 0.292350560426712 0.217370569705963 0.226721554994583 0.11590600758791 0.161953315138817 0.184869885444641 0.130539774894714 0.0716175884008408 0.0424350388348103 0.0457261279225349 0.0322280004620552 0.0343086868524551 0.0399003550410271 0.0311966259032488 0.035029798746109 0.0265404414385557 0.0260067712515593
0.00106150086503476 0.00109633069951087 0.00118198548443615 0.00171183759812266 0.00227879639714956 0.00171695451717824 0.00412935111671686 0.0557897910475731 0.178996562957764 0.223965883255005 0.376081138849258 0.334007233381271 0.484065055847168 0.465866237878799 0.410446792840958 0.420679897069931 0.406676352024078 0.405719131231308 0.293863117694855 0.420393526554108 0.178249210119247 0.302953362464905 0.389460384845734 0.387244552373886 0.399659901857376 0.345902979373932 0.258941382169724 0.274066299200058 0.203008055686951 0.14373354613781 0.0882100611925125 0.106654174625874 0.106031723320484 0.0691498667001724 0.0615592673420906 0.0323257595300674 0.0361570417881012 0.0351141020655632 0.0395430848002434 0.0387002117931843 0.0391181595623493 0.0304188039153814 0.0245748590677977
0.00107624137308449 0.00106696621514857 0.00101635733153671 0.00114653166383505 0.00119907909538597 0.00153859285637736 0.00574871012941003 0.0146438740193844 0.124521531164646 0.34285980463028 0.4283766746521 0.436211615800858 0.448219031095505 0.44848108291626 0.422105699777603 0.41423425078392 0.394912958145142 0.403246700763702 0.403539091348648 0.401023268699646 0.161807611584663 0.241232648491859 0.375753998756409 0.340034872293472 0.357311755418777 0.363602191209793 0.322751194238663 0.256579548120499 0.258980244398117 0.180906280875206 0.102730043232441 0.109665066003799 0.122760511934757 0.0585845001041889 0.0372865274548531 0.0228487607091665 0.0354518368840218 0.0347714945673943 0.0392166152596474 0.0422605536878109 0.0354190915822983 0.0300105251371861 0.0242938417941332
0.00106259353924543 0.000930798531044275 0.00102951505687088 0.00118999008554965 0.00183552014641464 0.00251773116178811 0.00505321333184838 0.0803821310400963 0.250261396169662 0.288831770420074 0.29130944609642 0.273915410041809 0.347867965698242 0.433842808008194 0.417344719171524 0.367923825979233 0.363397061824799 0.368400603532791 0.357806473970413 0.394070237874985 0.159777030348778 0.163227528333664 0.369446694850922 0.328204244375229 0.337530255317688 0.3523910343647 0.307600200176239 0.273312270641327 0.222644373774529 0.152239337563515 0.0703256204724312 0.0633233115077019 0.0544937923550606 0.0595751032233238 0.0305368285626173 0.0254804790019989 0.0315592251718044 0.0374171361327171 0.0382277145981789 0.0391920991241932 0.0329114273190498 0.0279840752482414 0.0231627859175205
0.00100476108491421 0.000980032258667052 0.000953331124037504 0.0011932838242501 0.00223039998672903 0.00275416718795896 0.00370254111476243 0.021016038954258 0.111130870878696 0.177329257130623 0.0906128734350204 0.173294916749001 0.291013687849045 0.321535438299179 0.331391155719757 0.332534492015839 0.31029811501503 0.323233813047409 0.339112460613251 0.338652759790421 0.327723562717438 0.118925116956234 0.329554885625839 0.335873931646347 0.318462580442429 0.318877547979355 0.336779773235321 0.323212265968323 0.275568813085556 0.153946235775948 0.0623207986354828 0.0417835675179958 0.0299809910356998 0.0384643040597439 0.0231314413249493 0.024245971813798 0.025991452857852 0.0347632430493832 0.0337835848331451 0.0298708695918322 0.029935859143734 0.027053589001298 0.0209551434963942
