data/climate_estimation/maxent_output/Bomarea_multiflora.asc
NCOLS 201 
NROWS 372 
XLLCORNER -80.3333333333333 
YLLCORNER -19.3333333333333 
CELLSIZE 0.0833333333333333 
NODATA_value -3.4e+38 
[rows 95 to 113 of 372, columns 42 to 83 of 201]
0.16107514500618 0.14496810734272 0.163759484887123 0.206887632608414 0.135402634739876 0.0265727248042822 0.0279735513031483 0.194103300571442 0.818176031112671 0.79667866230011 0.893562614917755 0.856461763381958 0.889682650566101 0.830782532691956 0.413094162940979 0.00845050532370806 0.00326938112266362 0.00148390978574753 0.000967647472862154 0.00094880792312324 0.000467598874820396 0.000478141650091857 0.000762605282943696 0.00346325431019068 0.0208546221256256 0.677291035652161 0.80451375246048 0.818380177021027 0.812033236026764 0.798500239849091 0.765990257263184 0.756092309951782 0.679574251174927 0.734168708324432 0.663201451301575 0.0521333180367947 0.00502346828579903 0.00369305070489645 0.00245897029526532 0.00189360592048615 0.00155987590551376 0.00131400383543223
0.145302534103394 0.149733662605286 0.195158392190933 0.248864382505417 0.030394559726119 0.0250293705612421 0.0286753010004759 0.0668294802308083 0.664110481739044 0.820110142230988 0.877463221549988 0.854785025119781 0.851849377155304 0.832640409469604 0.322479397058487 0.0114852134138346 0.00455036573112011 0.00162561645265669 0.00907870754599571 0.0105587169528008 0.00058616470778361 0.000533366808667779 0.00435393629595637 0.0471886768937111 0.38503086566925 0.717106997966766 0.782076716423035 0.822424471378326 0.810175359249115 0.759005665779114 0.769749522209167 0.734828889369965 0.585782885551453 0.667354106903076 0.127427905797958 0.00710509577766061 0.00309495371766388 0.00283470493741333 0.0023201338481158 0.00186993787065148 0.00165278313215822 0.00141468236688524
0.0827885046601295 0.229339346289635 0.294221162796021 0.134581446647644 0.0218524318188429 0.0232421178370714 0.024841271340847 0.0649374797940254 0.776469886302948 0.867207407951355 0.889589786529541 0.867549121379852 0.845111310482025 0.362309455871582 0.0663453787565231 0.0172019433230162 0.0142149236053228 0.00392404804006219 0.109719403088093 0.0148066719993949 0.000583068816922605 0.0010508761042729 0.031950768083334 0.2594054043293 0.621096611022949 0.61194384098053 0.821105480194092 0.812916815280914 0.809208810329437 0.700447499752045 0.727678120136261 0.72163987159729 0.623402237892151 0.0349789895117283 0.0112267676740885 0.00544403027743101 0.00272287940606475 0.00216469098813832 0.00207495340146124 0.00189723912626505 0.0016217352822423 0.00143387203570455
0.23405359685421 0.746642172336578 0.328189671039581 0.0353851169347763 0.0169166028499603 0.0198440831154585 0.0219808891415596 0.0823411270976067 0.787239551544189 0.905594646930695 0.862848699092865 0.822643637657166 0.758416950702667 0.114852994680405 0.0307715889066458 0.00695905229076743 0.0183369312435389 0.0110721485689282 0.0684598460793495 0.00642011547461152 0.00050139770610258 0.00833720061928034 0.0809098482131958 0.590369939804077 0.193798735737801 0.686140120029449 0.80076390504837 0.738319396972656 0.76330429315567 0.640433847904205 0.645968854427338 0.663273632526398 0.174343898892403 0.0202527474611998 0.00798740424215794 0.00403184443712234 0.00245787762105465 0.00185709772631526 0.0017809746786952 0.00180290208663791 0.00165823358111084 0.0013880537590012
0.755927801132202 0.874592900276184 0.500483453273773 0.0237464867532253 0.0175032801926136 0.0186937749385834 0.022063260897994 0.0560912117362022 0.81697142124176 0.902093768119812 0.886540234088898 0.84306412935257 0.776657283306122 0.315273374319077 0.0445198565721512 0.0868891924619675 0.0678077787160873 0.012643825262785 0.00643882714211941 0.000843436282593757 0.000661999569274485 0.016089228913188 0.0997951328754425 0.356805741786957 0.062115628272295 0.730970144271851 0.782778859138489 0.555792152881622 0.638796627521515 0.440040737390518 0.310519397258759 0.148338422179222 0.0281667951494455 0.00891460850834846 0.00614620139822364 0.00386590044945478 0.00271482998505235 0.00192006898578256 0.00159561820328236 0.00151736300904304 0.00149249145761132 0.0013873950811103
0.852975130081177 0.882651209831238 0.252546846866608 0.0223420429974794 0.0186224412173033 0.0196049306541681 0.0231882594525814 0.048434741795063 0.830650091171265 0.912761509418488 0.888813972473145 0.833893239498138 0.530267775058746 0.577872395515442 0.0796082690358162 0.25268030166626 0.071662612259388 0.015237801708281 0.0014126809546724 0.00058570021064952 0.000863214256241918 0.00227420451119542 0.00863668229430914 0.189107209444046 0.72456157207489 0.594438135623932 0.693398416042328 0.281321585178375 0.387824863195419 0.0989041328430176 0.039025079458952 0.0312321372330189 0.0187403224408627 0.0232524313032627 0.0154537940397859 0.00287640723399818 0.00233622337691486 0.00186103291343898 0.00156455882824957 0.00136680074501783 0.0013143167598173 0.0011951548513025
0.776778817176819 0.511168897151947 0.0585677847266197 0.0214586313813925 0.0193221606314182 0.0204223357141018 0.0201901160180569 0.0919649377465248 0.868949770927429 0.905763626098633 0.866224348545074 0.794827938079834 0.807220041751862 0.785654366016388 0.118893831968307 0.391191393136978 0.0907756164669991 0.0344826802611351 0.000684426282532513 0.000672749825753272 0.00111927755642682 0.00411722017452121 0.148566588759422 0.441366344690323 0.762092888355255 0.759237289428711 0.429753810167313 0.0524316988885403 0.0370037890970707 0.0132108153775334 0.0115422839298844 0.0181405153125525 0.077139139175415 0.0327705852687359 0.012676203623414 0.00314576434902847 0.0018381696427241 0.00156105833593756 0.00135119410697371 0.00116180058103055 0.00108774204272777 0.00105388136580586
0.580947935581207 0.0957154929637909 0.0336715951561928 0.0210737008601427 0.0184805914759636 0.0204942878335714 0.0486833490431309 0.313951224088669 0.88193666934967 0.899192094802856 0.891568601131439 0.866168022155762 0.839385271072388 0.770441293716431 0.571248590946198 0.525533318519592 0.0808912143111229 0.00808289833366871 0.000709230604115874 0.000883307249750942 0.00148365821223706 0.0129613308236003 0.753497958183289 0.751393616199493 0.783181250095367 0.664942920207977 0.0873176157474518 0.0347852595150471 0.0104469582438469 0.007562514860183 0.0079186437651515 0.00898189377039671 0.0316882133483887 0.0250677149742842 0.0530316829681396 0.00586953153833747 0.00134979595895857 0.0013958141207695 0.00114872923586518 0.00105105224065483 0.000956568866968155 0.000870055751875043
0.546689033508301 0.101964071393013 0.0350206270813942 0.0267319716513157 0.0259091593325138 0.0476502291858196 0.171848937869072 0.70368355512619 0.879025101661682 0.888939738273621 0.882007777690887 0.836515426635742 0.775022029876709 0.75057715177536 0.818586587905884 0.783119201660156 0.0419114977121353 0.00228721275925636 0.000995374866761267 0.00118320877663791 0.0057279709726572 0.109104409813881 0.769542813301086 0.769693493843079 0.745265960693359 0.6916663646698 0.58532303571701 0.0834532752633095 0.00891448743641376 0.00802456401288509 0.00613135797902942 0.00558399222791195 0.00989057496190071 0.014832473360002 0.0597739964723587 0.00693481834605336 0.00124350388068706 0.0011491107288748 0.00107511773239821 0.0010235010413453 0.00090201263083145 0.000823123089503497
0.585394680500031 0.111641027033329 0.0937930196523666 0.0727618634700775 0.118857868015766 0.311400353908539 0.245975539088249 0.83042985200882 0.865886747837067 0.878576993942261 0.874323964118958 0.870678424835205 0.84229588508606 0.819716811180115 0.716843843460083 0.276963502168655 0.0100364675745368 0.00192492641508579 0.00113836384844035 0.00221103825606406 0.0133022665977478 0.385982900857925 0.78199565410614 0.801376342773438 0.793160259723663 0.736122667789459 0.530927002429962 0.0794547498226166 0.00786645896732807 0.00598191563040018 0.00593924568966031 0.00481872027739882 0.00529147032648325 0.0156448129564524 0.0336634069681168 0.0209923628717661 0.00132088072132319 0.00105994089972228 0.000964395236223936 0.000891296484041959 0.000812993675936013 0.000745628785807639
0.535818874835968 0.135261565446854 0.140260025858879 0.122259773313999 0.25894296169281 0.606426417827606 0.765985608100891 0.861785531044006 0.864822685718536 0.874150812625885 0.859712898731232 0.849888563156128 0.857998788356781 0.826759219169617 0.776442289352417 0.0761277750134468 0.00784501153975725 0.00259268563240767 0.00148305622860789 0.00502355769276619 0.119100987911224 0.785694062709808 0.803206861019135 0.783959925174713 0.772205293178558 0.728698432445526 0.361173897981644 0.0619679056107998 0.00677585927769542 0.00492560630664229 0.0053158663213253 0.00420867465436459 0.00329978088848293 0.00812425743788481 0.0202682018280029 0.0178534109145403 0.00153491750825197 0.00123381684534252 0.00100309669505805 0.000925282773096114 0.000855551741551608 0.00077356630936265
0.612145066261292 0.13897442817688 0.232680454850197 0.195603936910629 0.418904900550842 0.788485944271088 0.873694658279419 0.842417776584625 0.861649096012115 0.778691291809082 0.810729146003723 0.853396713733673 0.811989068984985 0.811540246009827 0.754974842071533 0.0355259515345097 0.0195936504751444 0.00511095020920038 0.00300100771710277 0.0955484434962273 0.775413513183594 0.783255457878113 0.758192300796509 0.725142300128937 0.7333163022995 0.598807871341705 0.569126665592194 0.034060325473547 0.00772787164896727 0.0046860771253705 0.00433921674266458 0.00435504363849759 0.00300433114171028 0.00460268929600716 0.0048395162448287 0.014586347155273 0.00231582601554692 0.00136030721478164 0.00119043816812336 0.000984101556241512 0.000842646055389196 0.000756228808313608
0.380109906196594 0.214524239301682 0.270390659570694 0.355030030012131 0.671247363090515 0.83770215511322 0.83776581287384 0.838919401168823 0.832821846008301 0.719077408313751 0.738326370716095 0.82299143075943 0.738278269767761 0.776228010654449 0.186316385865211 0.0164832156151533 0.00637262361124158 0.00361304846592247 0.00933580100536346 0.776240944862366 0.790465235710144 0.776905417442322 0.741506695747375 0.416544437408447 0.518374443054199 0.243748173117638 0.56434440612793 0.062982514500618 0.00725444173440337 0.00472526950761676 0.00428691552951932 0.00451009208336473 0.00353831937536597 0.00278009055182338 0.00277325813658535 0.00562677532434464 0.00244598998688161 0.00126249901950359 0.00115219689905643 0.000931374961510301 0.000844213936943561 0.000719822710379958
0.324186891317368 0.363644361495972 0.369816303253174 0.456104785203934 0.762294232845306 0.828747451305389 0.83383172750473 0.825409233570099 0.824639737606049 0.770354807376862 0.638446927070618 0.718137860298157 0.382688075304031 0.233395457267761 0.034175168722868 0.00918000563979149 0.00672780768945813 0.00684370426461101 0.147953227162361 0.764996409416199 0.787489295005798 0.778395533561707 0.742754518985748 0.566903233528137 0.0892392545938492 0.0657287761569023 0.363542795181274 0.0394757091999054 0.00644058082252741 0.00488179083913565 0.00396980065852404 0.00397274736315012 0.00364698236808181 0.00267334911040962 0.00218210997991264 0.00433337362483144 0.00404985062777996 0.00132056989241391 0.00121693138498813 0.00105435098521411 0.000871690630447119 0.000696987321134657
0.314736813306808 0.317042469978333 0.390354722738266 0.474512189626694 0.775196671485901 0.862787008285522 0.821834802627563 0.806759893894196 0.817966938018799 0.481924682855606 0.328516334295273 0.332511514425278 0.33828142285347 0.045590128749609 0.0481818728148937 0.0174080599099398 0.0226454753428698 0.0813761726021767 0.180410265922546 0.777230024337769 0.76567530632019 0.754866600036621 0.615358233451843 0.145765066146851 0.0352974198758602 0.0445411279797554 0.0151980044320226 0.0143233463168144 0.00546979065984488 0.00460279127582908 0.00468265591189265 0.00364559446461499 0.00322303012944758 0.00268512638285756 0.00224546552635729 0.0113582601770759 0.00525495456531644 0.00135586457327008 0.00126330705825239 0.00105019891634583 0.000924882013350725 0.000755804183427244
0.384412407875061 0.39608496427536 0.450768858194351 0.590866327285767 0.808316707611084 0.826653957366943 0.790875673294067 0.779950380325317 0.806082665920258 0.714771807193756 0.45058012008667 0.115980856120586 0.0867324396967888 0.0328685529530048 0.0288100689649582 0.0259869825094938 0.352490544319153 0.524095773696899 0.754029035568237 0.756630480289459 0.760223150253296 0.657854497432709 0.129307478666306 0.0270757433027029 0.0233600456267595 0.0116074113175273 0.00675255432724953 0.0089466879144311 0.00567454006522894 0.00488556129857898 0.00474039185792208 0.00376946548931301 0.00337156816385686 0.00266066752374172 0.00223855720832944 0.00981951132416725 0.00479139341041446 0.00136383704375476 0.00118046894203871 0.00102263898588717 0.000868916336912662 0.000722280121408403
0.135173007845879 0.499296724796295 0.620226323604584 0.837765872478485 0.853187739849091 0.828923046588898 0.810895979404449 0.77072548866272 0.809731066226959 0.791366517543793 0.596705615520477 0.227697938680649 0.37101674079895 0.152174979448318 0.046811506152153 0.0634957700967789 0.669649004936218 0.771060585975647 0.737286984920502 0.748063445091248 0.63668429851532 0.331750422716141 0.0422433018684387 0.0141234593465924 0.00789552461355925 0.00695915007963777 0.00499450834468007 0.00506691262125969 0.00554890697821975 0.00459851138293743 0.00419910484924912 0.00357278995215893 0.00324236648157239 0.002787598175928 0.00238011567853391 0.00476879766210914 0.00353972590528429 0.00135623186361045 0.00105168973095715 0.000926889304537326 0.000793514074757695 0.000652082613669336
0.0991123020648956 0.387492924928665 0.839933454990387 0.840308129787445 0.809330463409424 0.852065682411194 0.774750828742981 0.802503824234009 0.791650474071503 0.672883570194244 0.464301824569702 0.701178371906281 0.215258494019508 0.0461691990494728 0.0316031686961651 0.212700664997101 0.771925747394562 0.736192166805267 0.726801872253418 0.686821520328522 0.209543436765671 0.291635513305664 0.0449712090194225 0.0145463543012738 0.00933924689888954 0.00613811705261469 0.00538890715688467 0.00458065094426274 0.00472585158422589 0.00435839174315333 0.00436985120177269 0.00337859755381942 0.00294636888429523 0.00278751412406564 0.00227513001300395 0.00249671842902899 0.00259697414003313 0.00134654471185058 0.00115799985360354 0.00101099698804319 0.000900312443263829 0.000713854562491179
0.0670066550374031 0.718416213989258 0.867010474205017 0.796347379684448 0.791184484958649 0.763918697834015 0.787862956523895 0.800534725189209 0.792090713977814 0.641274154186249 0.668799221515656 0.611668348312378 0.0534410178661346 0.0308676231652498 0.051523495465517 0.493912070989609 0.729184329509735 0.726326107978821 0.703064680099487 0.349392533302307 0.0908686816692352 0.220334380865097 0.0450235307216644 0.0143033023923635 0.00583468889817595 0.0053508342243731 0.00497524300590158 0.00469614751636982 0.00450580101460218 0.00397845730185509 0.00338715617544949 0.00323393242433667 0.00284411082975566 0.0024035987444222 0.00211280840449035 0.00189675437286496 0.00167519471142441 0.00144945131614804 0.00125569582451135 0.00111632328480482 0.000883337750565261 0.000758228998165578
