data/climate_estimation/maxent_output/Bomarea_superba.asc
NCOLS 135 
NROWS 125 
XLLCORNER -79.0833333333333 
YLLCORNER -16.4166666666667 
CELLSIZE 0.0833333333333333 
NODATA_value -3.4e+38 
[rows 0 to 20 of 125, columns 0 to 45 of 135]
0.953369081020355 0.97231137752533 0.96444833278656 0.986458778381348 0.988798141479492 0.951325535774231 0.981454849243164 0.99502831697464 0.997423768043518 0.999900221824646 0.997355043888092 0.996848106384277 0.999850511550903 0.998522698879242 0.9995157122612 0.999738276004791 0.999667286872864 0.999877452850342 0.999835431575775 0.999343276023865 0.992755174636841 0.863612771034241 0.673764288425446 0.629484474658966 0.630593001842499 0.625584900379181 0.674382448196411 0.789241790771484 0.850038945674896 0.665633678436279 0.64722615480423 0.444027930498123 0.383514493703842 0.34680250287056 0.329372316598892 0.326686561107635 0.323897153139114 0.34926638007164 0.36440110206604 0.364810824394226 0.339365422725677 0.33185413479805 0.320714622735977 0.299953937530518 0.283939898014069 0.265212506055832
0.961998105049133 0.99203622341156 0.973001301288605 0.993307292461395 0.997457325458527 0.980912506580353 0.984513938426971 0.978511989116669 0.993923604488373 0.999742984771729 0.999477505683899 0.999720871448517 0.999846339225769 0.999765634536743 0.998489856719971 0.999346613883972 0.999736964702606 0.999694168567657 0.999735891819 0.99954092502594 0.996047794818878 0.947749972343445 0.798595190048218 0.658592760562897 0.658862352371216 0.742845118045807 0.67154449224472 0.718112766742706 0.713700592517853 0.753212928771973 0.641308426856995 0.520067274570465 0.380829244852066 0.325214326381683 0.29496642947197 0.296485483646393 0.308993756771088 0.315478265285492 0.331156373023987 0.347010165452957 0.343275427818298 0.33185413479805 0.319925993680954 0.301535606384277 0.291149526834488 0.265212506055832
0.92595386505127 0.988106787204742 0.979180872440338 0.998795092105865 0.998493313789368 0.998004734516144 0.986039578914642 0.990024626255035 0.981632828712463 0.994575440883636 0.999240517616272 0.999757528305054 0.999801635742188 0.999282002449036 0.998813569545746 0.999151527881622 0.998785257339478 0.99923837184906 0.998976647853851 0.998986005783081 0.993191599845886 0.961065411567688 0.905977666378021 0.74551796913147 0.792086243629456 0.847772061824799 0.796478688716888 0.711691796779633 0.694373607635498 0.70298308134079 0.606193542480469 0.559678852558136 0.445951849222183 0.30235755443573 0.269422560930252 0.268498867750168 0.279460906982422 0.282373338937759 0.314106822013855 0.325972676277161 0.320060580968857 0.316769897937775 0.306961506605148 0.295789897441864 0.281100541353226 0.271705955266953
0.969517827033997 0.961066782474518 0.99655693769455 0.999561846256256 0.998645782470703 0.998568296432495 0.994780421257019 0.995903134346008 0.988917589187622 0.994181931018829 0.996769905090332 0.998902201652527 0.999781489372253 0.998701810836792 0.999446988105774 0.999625742435455 0.99872350692749 0.998937726020813 0.997368156909943 0.9966801404953 0.996326625347137 0.991431713104248 0.948131144046783 0.926767230033875 0.90788722038269 0.926906287670135 0.90432208776474 0.821003019809723 0.748370289802551 0.717549920082092 0.761094808578491 0.730454087257385 0.586194157600403 0.304162532091141 0.256556630134583 0.248254850506783 0.251716166734695 0.261002033948898 0.25818794965744 0.305909752845764 0.309405833482742 0.309591561555862 0.293169260025024 0.285341143608093 0.276969015598297 0.26329305768013
0.992706835269928 0.970672607421875 0.995834290981293 0.998704850673676 0.998954296112061 0.998716413974762 0.999512255191803 0.997419416904449 0.995672404766083 0.983933210372925 0.997409641742706 0.998892724514008 0.999644100666046 0.999363541603088 0.998546421527863 0.999211132526398 0.998439133167267 0.99522191286087 0.984287798404694 0.988765776157379 0.993226706981659 0.995479226112366 0.988797843456268 0.962096810340881 0.954789757728577 0.941467106342316 0.897984564304352 0.891140818595886 0.814137041568756 0.696088135242462 0.665827214717865 0.675004363059998 0.69032347202301 0.541312158107758 0.572596430778503 0.378469407558441 0.248889178037643 0.23808990418911 0.231417253613472 0.27213716506958 0.291838824748993 0.297915130853653 0.288206815719604 0.282490700483322 0.2779421210289 0.278692185878754
0.996486783027649 0.987354040145874 0.983910620212555 0.997658014297485 0.999295711517334 0.999035179615021 0.999678909778595 0.998420000076294 0.999696850776672 0.996150135993958 0.981849730014801 0.995888650417328 0.999547004699707 0.999466955661774 0.998589754104614 0.999070465564728 0.998333990573883 0.99109023809433 0.985915720462799 0.981865406036377 0.965719878673553 0.988855481147766 0.987549722194672 0.979931056499481 0.93500018119812 0.934748947620392 0.869447886943817 0.806410014629364 0.772809863090515 0.767470479011536 0.723296523094177 0.741591155529022 0.714786648750305 0.648490786552429 0.626824855804443 0.612548232078552 0.46423152089119 0.293671429157257 0.23891207575798 0.249844506382942 0.267614275217056 0.279155880212784 0.286855012178421 0.291904985904694 0.28882959485054 0.273514926433563
0.968939185142517 0.919407546520233 0.971454918384552 0.993209660053253 0.996476709842682 0.99901157617569 0.999793946743011 0.998682379722595 0.999497413635254 0.999566674232483 0.997548818588257 0.977757573127747 0.998750865459442 0.99932587146759 0.998292088508606 0.998369157314301 0.998742938041687 0.995010852813721 0.990471839904785 0.987880408763885 0.969681084156036 0.982172071933746 0.960709571838379 0.986213684082031 0.960163414478302 0.865373551845551 0.884126961231232 0.745569050312042 0.716088056564331 0.81936126947403 0.724610507488251 0.78439074754715 0.742721676826477 0.684939980506897 0.655595481395721 0.521926462650299 0.424977719783783 0.394704103469849 0.326127678155899 0.290335893630981 0.277610152959824 0.287373065948486 0.294643312692642 0.291651040315628 0.299440264701843 0.29386693239212
0.80040180683136 0.875156462192535 0.946955025196075 0.981229305267334 0.998573064804077 0.999573111534119 0.999659419059753 0.999083936214447 0.999455392360687 0.99962055683136 0.999048471450806 0.964594662189484 0.996630012989044 0.9984250664711 0.99869441986084 0.997619152069092 0.998420596122742 0.996654510498047 0.993271470069885 0.985842764377594 0.959843456745148 0.955327868461609 0.948882222175598 0.968672275543213 0.936498939990997 0.868798136711121 0.795305669307709 0.78803676366806 0.714432418346405 0.75568699836731 0.758258521556854 0.745669305324554 0.734560191631317 0.684932589530945 0.675222754478455 0.544194996356964 0.462995082139969 0.465348333120346 0.389046102762222 0.429981380701065 0.300260722637177 0.304549306631088 0.310680776834488 0.315265685319901 0.301438629627228 0.30614161491394
0.8729527592659 0.928839504718781 0.968695163726807 0.981024920940399 0.99983823299408 0.999874591827393 0.998851597309113 0.999396145343781 0.999599456787109 0.99900871515274 0.997878730297089 0.992282271385193 0.964599370956421 0.997319519519806 0.998397469520569 0.998023509979248 0.99642539024353 0.991171658039093 0.986363291740417 0.96738874912262 0.968465864658356 0.889086186885834 0.930872142314911 0.94386613368988 0.905346214771271 0.823692679405212 0.741623938083649 0.761315286159515 0.703554928302765 0.723457217216492 0.767156422138214 0.72711843252182 0.742296040058136 0.686843037605286 0.70916885137558 0.72395533323288 0.567450881004333 0.548928618431091 0.459460139274597 0.466943025588989 0.416047513484955 0.341196119785309 0.331212520599365 0.331171900033951 0.313285112380981 0.32963353395462
0.97568678855896 0.985790908336639 0.999121069908142 0.997080326080322 0.999946892261505 0.999952256679535 0.999020576477051 0.999474465847015 0.99970018863678 0.998093724250793 0.994545698165894 0.998097479343414 0.975489854812622 0.993231058120728 0.998449742794037 0.997714161872864 0.997060120105743 0.992913365364075 0.98124635219574 0.983082473278046 0.960458219051361 0.919821083545685 0.84362781047821 0.874251842498779 0.875779926776886 0.816968441009521 0.804360330104828 0.695648670196533 0.726846396923065 0.720341861248016 0.752372443675995 0.761889636516571 0.748242676258087 0.700102090835571 0.690400660037994 0.716639518737793 0.709157049655914 0.595359742641449 0.513744175434113 0.480304896831512 0.533931374549866 0.507804155349731 0.382300108671188 0.353409945964813 0.342094987630844 0.334140837192535
0.955500364303589 0.999614596366882 0.999943792819977 0.999904632568359 0.999880015850067 0.999961614608765 0.999747633934021 0.999796390533447 0.999778211116791 0.998852968215942 0.998145580291748 0.998202681541443 0.971696555614471 0.987127125263214 0.998879909515381 0.998339653015137 0.9979447722435 0.994882941246033 0.990982532501221 0.980180561542511 0.979215562343597 0.94873434305191 0.866429626941681 0.878111898899078 0.895136713981628 0.787624418735504 0.715681970119476 0.613883316516876 0.72450989484787 0.715362727642059 0.734687149524689 0.761379241943359 0.721738934516907 0.687777519226074 0.674614727497101 0.66319328546524 0.699799656867981 0.651284158229828 0.574435889720917 0.526484251022339 0.491986155509949 0.57943332195282 0.41810929775238 0.382594078779221 0.373906165361404 0.356810033321381
0.998010158538818 0.999044299125671 0.99910444021225 0.997720122337341 0.999499320983887 0.999919712543488 0.99987119436264 0.999862670898438 0.999745190143585 0.999184846878052 0.997941315174103 0.998063981533051 0.975314617156982 0.971831679344177 0.996389150619507 0.998654723167419 0.99775755405426 0.994586229324341 0.98949408531189 0.983674824237823 0.969326257705688 0.929089784622192 0.800503849983215 0.789931893348694 0.768121004104614 0.787062764167786 0.677557706832886 0.627282440662384 0.682974338531494 0.729050099849701 0.745980679988861 0.741428256034851 0.701219797134399 0.670828521251678 0.646003603935242 0.659355103969574 0.685599684715271 0.61757230758667 0.549591362476349 0.516504406929016 0.521726548671722 0.548084080219269 0.431335717439651 0.39833590388298 0.392619758844376 0.374734282493591
0.96474677324295 0.99114727973938 0.938904881477356 0.987119376659393 0.99895304441452 0.999378859996796 0.999274015426636 0.998933970928192 0.997803449630737 0.998899459838867 0.998803675174713 0.997562825679779 0.995555460453033 0.952524065971375 0.995246648788452 0.997589766979218 0.997875571250916 0.996609568595886 0.996396064758301 0.992488443851471 0.983561992645264 0.931859135627747 0.778591334819794 0.712517917156219 0.653455018997192 0.711387634277344 0.621748685836792 0.63286942243576 0.641852557659149 0.703303277492523 0.722449004650116 0.686923265457153 0.689323782920837 0.672668993473053 0.629706561565399 0.61838436126709 0.666854023933411 0.544075548648834 0.483596235513687 0.472025901079178 0.491968631744385 0.511553168296814 0.416246622800827 0.401887595653534 0.398193836212158 0.396445721387863
0.611116111278534 0.848423182964325 0.808791518211365 0.958056747913361 0.992759764194489 0.999608755111694 0.996570765972137 0.996687233448029 0.996282637119293 0.997120380401611 0.999116837978363 0.99824184179306 0.996423065662384 0.972226560115814 0.985219419002533 0.996851146221161 0.997980356216431 0.997853696346283 0.996463537216187 0.993007719516754 0.981132090091705 0.898605525493622 0.798016786575317 0.657826721668243 0.586565971374512 0.626932978630066 0.584991633892059 0.621745526790619 0.589927732944489 0.635192215442657 0.657737493515015 0.665576040744781 0.655591428279877 0.629862546920776 0.658948361873627 0.64067155122757 0.613191843032837 0.53287011384964 0.477014124393463 0.444267123937607 0.432145208120346 0.453278481960297 0.421584129333496 0.408443182706833 0.420629501342773 0.414075970649719
0.520072400569916 0.545311272144318 0.647197365760803 0.76867949962616 0.886732041835785 0.993803799152374 0.998019278049469 0.997549116611481 0.997593522071838 0.998004376888275 0.997743248939514 0.998094141483307 0.997147560119629 0.991949856281281 0.946003139019012 0.989230334758759 0.996000349521637 0.997530519962311 0.996244311332703 0.992842972278595 0.958155691623688 0.900759100914001 0.803458511829376 0.730343639850616 0.536259114742279 0.604059278964996 0.570953130722046 0.557187497615814 0.524816811084747 0.570178508758545 0.587817311286926 0.608832716941833 0.608470141887665 0.585726022720337 0.612977087497711 0.658403396606445 0.585504949092865 0.595118820667267 0.473962992429733 0.436858862638474 0.416281551122665 0.403513938188553 0.421584129333496 0.414035022258759 0.412145644426346 0.419982194900513
0.642153561115265 0.951778709888458 0.921470046043396 0.935486197471619 0.961268424987793 0.936154663562775 0.968486189842224 0.995918929576874 0.996817231178284 0.996394217014313 0.995250463485718 0.995303809642792 0.996949255466461 0.991896450519562 0.963505387306213 0.980058431625366 0.995011627674103 0.996499717235565 0.995125234127045 0.987430334091187 0.974728584289551 0.918764650821686 0.851592481136322 0.75494909286499 0.582389116287231 0.537496030330658 0.606390774250031 0.437552720308304 0.481055468320847 0.50719541311264 0.537203371524811 0.537854492664337 0.559234261512756 0.593421638011932 0.614317774772644 0.564856827259064 0.539632797241211 0.606281697750092 0.451559811830521 0.427188396453857 0.411123663187027 0.388447552919388 0.404496788978577 0.396218508481979 0.399896949529648 0.410755008459091
0.885987222194672 0.978257179260254 0.957294762134552 0.986275732517242 0.998712599277496 0.994970083236694 0.995863735675812 0.999079585075378 0.999293386936188 0.997409641742706 0.987709999084473 0.991564393043518 0.992041647434235 0.958915770053864 0.930248618125916 0.927058339118958 0.985210359096527 0.996510863304138 0.99376779794693 0.975832998752594 0.967907786369324 0.951081156730652 0.921721637248993 0.846275150775909 0.761942386627197 0.698239684104919 0.480258226394653 0.45219624042511 0.429896324872971 0.463273584842682 0.495523422956467 0.491510778665543 0.526523292064667 0.670727491378784 0.60622626543045 0.530143737792969 0.484253704547882 0.552871942520142 0.446958273649216 0.40418940782547 0.391832798719406 0.382873207330704 0.38406977057457 0.393524259328842 0.399335116147995 0.397356182336807
0.852644920349121 0.543415248394012 0.578684687614441 0.891119360923767 0.990992188453674 0.981793642044067 0.975678682327271 0.98950332403183 0.9954514503479 0.998010635375977 0.984134078025818 0.968278706073761 0.978413760662079 0.990369498729706 0.983063340187073 0.926378071308136 0.972773253917694 0.996399104595184 0.996038854122162 0.994169592857361 0.986959755420685 0.972768247127533 0.95770388841629 0.835790514945984 0.760383725166321 0.750706493854523 0.536500096321106 0.574062883853912 0.396768450737 0.426885217428207 0.440228253602982 0.432475954294205 0.457025617361069 0.686125934123993 0.595148086547852 0.530265092849731 0.447153389453888 0.596942007541656 0.504258632659912 0.425429999828339 0.378543347120285 0.361300706863403 0.373645842075348 0.373011022806168 0.370196461677551 0.382572829723358
0.562930941581726 0.465301930904388 0.540982306003571 0.522026896476746 0.679282367229462 0.76418662071228 0.878047287464142 0.928020060062408 0.996058523654938 0.994183480739594 0.979954600334167 0.965300261974335 0.99326503276825 0.995282530784607 0.966251790523529 0.967113733291626 0.920652091503143 0.987513899803162 0.996840178966522 0.996353149414062 0.985704362392426 0.972699701786041 0.941089630126953 0.823071718215942 0.888144969940186 0.837239325046539 0.513231992721558 0.39134681224823 0.379503488540649 0.402855426073074 0.42365950345993 0.38594263792038 0.429558008909225 0.585566401481628 0.499041080474854 0.529062747955322 0.443234175443649 0.412319719791412 0.519088804721832 0.367265492677689 0.414480775594711 0.342328250408173 0.349016904830933 0.347491830587387 0.350532233715057 0.351332873106003
0.502013206481934 0.481268554925919 0.535574615001678 0.743691146373749 0.692290961742401 0.772612035274506 0.965176045894623 0.996162712574005 0.998788893222809 0.998062670230865 0.991947412490845 0.961410820484161 0.989724457263947 0.995010495185852 0.978796124458313 0.993686378002167 0.931001126766205 0.982783198356628 0.99652510881424 0.995886087417603 0.989821910858154 0.972416937351227 0.944150030612946 0.931217670440674 0.863121092319489 0.893592774868011 0.725096940994263 0.29664608836174 0.421500116586685 0.36431759595871 0.488918662071228 0.332930386066437 0.445917963981628 0.49063977599144 0.464240908622742 0.512844860553741 0.448412537574768 0.351409822702408 0.37099027633667 0.351086884737015 0.403746992349625 0.31843090057373 0.327709853649139 0.324766635894775 0.328812092542648 0.328728318214417
0.45149952173233 0.519576728343964 0.566412448883057 0.88180011510849 0.989082157611847 0.88640558719635 0.918321669101715 0.955226898193359 0.997050642967224 0.998607099056244 0.998167634010315 0.989537537097931 0.990565121173859 0.995380699634552 0.986882984638214 0.993750274181366 0.961231291294098 0.967208921909332 0.997417509555817 0.997559010982513 0.997096836566925 0.996143817901611 0.976292550563812 0.930556535720825 0.924078464508057 0.919091403484344 0.803810238838196 0.352644264698029 0.323641777038574 0.613007545471191 0.413520336151123 0.335308194160461 0.503693997859955 0.433085292577744 0.438320606946945 0.512148678302765 0.399656772613525 0.338313221931458 0.322329789400101 0.352435529232025 0.341301143169403 0.292913883924484 0.301011562347412 0.300721377134323 0.308616697788239 0.30754765868187
