data/climate_estimation/maxent_output/Bomarea_boliviensis.asc
NCOLS 41 
NROWS 159 
XLLCORNER -68.1666666666667 
YLLCORNER -29.5 
CELLSIZE 0.0833333333333335 
NODATA_value -3.4e+38 
[rows 84 to 104 of 159, columns 0 to 40 of 41]
0.395115107297897 0.611630141735077 0.466657996177673 0.370434552431107 0.391384840011597 0.457622081041336 0.466343253850937 0.480923175811768 0.513741195201874 0.393215000629425 0.61379599571228 0.553628206253052 0.554963171482086 0.710817217826843 0.685325264930725 0.611981213092804 0.830096423625946 0.834386050701141 0.909752607345581 0.875522136688232 0.844004690647125 0.918352842330933 0.95056813955307 0.939323425292969 0.926128029823303 0.956077873706818 0.973054707050323 0.985242426395416 0.98125809431076 0.973451614379883 0.986907660961151 0.986766338348389 0.99233067035675 0.996033549308777 0.995697915554047 0.996556460857391 0.993513822555542 0.993250548839569 0.996930956840515 0.884831845760345 0.17829492688179
0.38685867190361 0.61150461435318 0.469590425491333 0.40613928437233 0.380888313055038 0.345733493566513 0.451174855232239 0.479330360889435 0.390192240476608 0.452865362167358 0.509009540081024 0.537343740463257 0.576461493968964 0.571988642215729 0.710170984268188 0.628457248210907 0.825783610343933 0.852468729019165 0.911723971366882 0.88392037153244 0.864256262779236 0.923798680305481 0.950399041175842 0.945231080055237 0.96679699420929 0.960489511489868 0.975996792316437 0.971656560897827 0.982138872146606 0.978286862373352 0.987833142280579 0.986305594444275 0.99152547121048 0.998041272163391 0.997607529163361 0.996182024478912 0.997578978538513 0.996695399284363 0.962851285934448 0.835017085075378 0.162690386176109
0.426559388637543 0.388360053300858 0.49937778711319 0.403393238782883 0.27439758181572 0.280478239059448 0.488583564758301 0.529550313949585 0.430789768695831 0.374240607023239 0.544008731842041 0.589945375919342 0.570488452911377 0.703775346279144 0.708059728145599 0.687106847763062 0.835413157939911 0.846532464027405 0.910074830055237 0.868781268596649 0.877053081989288 0.923151552677155 0.906928062438965 0.947796642780304 0.966293096542358 0.960475206375122 0.976522028446198 0.970546782016754 0.983321666717529 0.980225324630737 0.984851837158203 0.975774824619293 0.992562890052795 0.99737685918808 0.997895777225494 0.997677326202393 0.996556282043457 0.993740975856781 0.592181861400604 0.76980721950531 0.365434676408768
0.410362422466278 0.388432502746582 0.505448460578918 0.432286322116852 0.488213002681732 0.448884636163712 0.50071120262146 0.509147167205811 0.461336106061935 0.562608897686005 0.571438848972321 0.578681588172913 0.555803000926971 0.686208486557007 0.697194218635559 0.725159347057343 0.853411078453064 0.850475311279297 0.817437708377838 0.865602076053619 0.880508124828339 0.922186613082886 0.900301337242126 0.947584450244904 0.968087375164032 0.964101314544678 0.975677073001862 0.973498940467834 0.983120620250702 0.981232166290283 0.983509421348572 0.982172071933746 0.996768057346344 0.995883584022522 0.994539201259613 0.997867286205292 0.837053418159485 0.569195806980133 0.249500289559364 0.945321977138519 0.593266069889069
0.4570172727108 0.435898751020432 0.560574769973755 0.433478891849518 0.370456248521805 0.443941533565521 0.493937402963638 0.490459084510803 0.444833695888519 0.583508968353271 0.566975772380829 0.575871765613556 0.545124590396881 0.673572421073914 0.687408804893494 0.731693804264069 0.852514326572418 0.846138477325439 0.784322798252106 0.867290794849396 0.872819542884827 0.924521207809448 0.909848928451538 0.943283081054688 0.967047452926636 0.979721069335938 0.977029085159302 0.974831223487854 0.983078718185425 0.980177998542786 0.985346615314484 0.993973612785339 0.995816290378571 0.996594786643982 0.992612242698669 0.994357824325562 0.655353844165802 0.307949006557465 0.225749671459198 0.697823524475098 0.177019447088242
0.487290292978287 0.55160528421402 0.19343701004982 0.472897887229919 0.410701423883438 0.506556570529938 0.42922568321228 0.432493388652802 0.410985052585602 0.58907151222229 0.593167304992676 0.599981904029846 0.565539121627808 0.662436962127686 0.662257194519043 0.665437281131744 0.852417171001434 0.83773148059845 0.783379137516022 0.87859445810318 0.876061797142029 0.921764135360718 0.954763174057007 0.971802234649658 0.967940151691437 0.979331076145172 0.977360248565674 0.969868957996368 0.983879327774048 0.97603303194046 0.987520456314087 0.995484054088593 0.997082829475403 0.993890047073364 0.998202085494995 0.967573046684265 0.242469877004623 0.118506595492363 0.0769385620951653 0.137472927570343 0.0849039107561111
0.495526611804962 0.266126424074173 0.198198735713959 0.471580922603607 0.335865020751953 0.459228813648224 0.466326892375946 0.461415946483612 0.438992381095886 0.590298473834991 0.626378536224365 0.63043200969696 0.602861285209656 0.555139482021332 0.711047053337097 0.659921407699585 0.846495568752289 0.831932008266449 0.759852945804596 0.882394671440125 0.879967868328094 0.923829972743988 0.956392824649811 0.972143173217773 0.964491605758667 0.977857828140259 0.976359009742737 0.973052442073822 0.982000350952148 0.976985991001129 0.982766628265381 0.99627697467804 0.997338116168976 0.997916400432587 0.972002923488617 0.60203742980957 0.126986294984818 0.118877813220024 0.0913528278470039 0.103488907217979 0.0669767633080482
0.602990627288818 0.235590204596519 0.512832462787628 0.474324524402618 0.409408390522003 0.361232697963715 0.453651785850525 0.482381492853165 0.451686412096024 0.462406754493713 0.639740765094757 0.638110995292664 0.601352274417877 0.558976471424103 0.744282484054565 0.695036709308624 0.845755219459534 0.820360898971558 0.750484943389893 0.873590409755707 0.874001622200012 0.915933191776276 0.915511131286621 0.945713043212891 0.965327322483063 0.960549890995026 0.975505411624908 0.970922648906708 0.982630670070648 0.96942937374115 0.981411337852478 0.996768712997437 0.985412061214447 0.993024051189423 0.6705521941185 0.26309460401535 0.0818032175302505 0.0884750336408615 0.134920686483383 0.114132553339005 0.0634708404541016
0.258421242237091 0.283441066741943 0.51472008228302 0.456218391656876 0.461847305297852 0.429799854755402 0.591058373451233 0.477374643087387 0.474257349967957 0.602131426334381 0.609268009662628 0.633352339267731 0.601044714450836 0.802996873855591 0.719037771224976 0.717201769351959 0.848062455654144 0.80691921710968 0.792837262153625 0.852387368679047 0.85302746295929 0.891737580299377 0.902655124664307 0.941699683666229 0.934235751628876 0.955372631549835 0.967914223670959 0.966376841068268 0.978693604469299 0.955376148223877 0.985981345176697 0.998024463653564 0.974845886230469 0.62840074300766 0.322282671928406 0.279574811458588 0.0971027612686157 0.0712039023637772 0.0567732863128185 0.10460127145052 0.0727160796523094
0.311240136623383 0.331317782402039 0.495504945516586 0.522735357284546 0.426084458827972 0.422568261623383 0.587271749973297 0.449276775121689 0.452616363763809 0.599629461765289 0.536132335662842 0.63286292552948 0.697609305381775 0.811946988105774 0.681287109851837 0.731768429279327 0.843590438365936 0.800060153007507 0.838801145553589 0.773312985897064 0.761222362518311 0.863726735115051 0.947904586791992 0.941768944263458 0.910732388496399 0.95243638753891 0.967701435089111 0.969918727874756 0.970654010772705 0.970839023590088 0.993425309658051 0.998818397521973 0.818113744258881 0.538680016994476 0.208895608782768 0.2964928150177 0.122158363461494 0.0694556012749672 0.124364987015724 0.10504787415266 0.0802006423473358
0.379953682422638 0.509775221347809 0.385440945625305 0.37994396686554 0.512968778610229 0.59049254655838 0.381427586078644 0.564647734165192 0.505298018455505 0.636801958084106 0.59500652551651 0.628716111183167 0.696580767631531 0.805309534072876 0.778781414031982 0.739864349365234 0.817285776138306 0.798679649829865 0.868261456489563 0.818112432956696 0.836875379085541 0.865910351276398 0.946574628353119 0.937777638435364 0.921574413776398 0.940163195133209 0.975881993770599 0.985076606273651 0.968668520450592 0.958805501461029 0.980035245418549 0.999078869819641 0.747076392173767 0.380377113819122 0.169490024447441 0.105449646711349 0.127703249454498 0.175522401928902 0.0738410204648972 0.0534173585474491 0.0371691584587097
0.366113722324371 0.404569834470749 0.518122136592865 0.482511430978775 0.561566591262817 0.460488438606262 0.405987650156021 0.58064728975296 0.542016685009003 0.648643851280212 0.619223713874817 0.603568732738495 0.604876220226288 0.723516047000885 0.779474198818207 0.673628747463226 0.788249611854553 0.836968600749969 0.823762655258179 0.841556549072266 0.896401405334473 0.88843709230423 0.889228820800781 0.927636682987213 0.904451668262482 0.958477795124054 0.971596479415894 0.983726322650909 0.979249536991119 0.984259963035583 0.996619820594788 0.999240636825562 0.673970699310303 0.152185574173927 0.0944547057151794 0.0821686983108521 0.120470754802227 0.20884408056736 0.149493753910065 0.124702304601669 0.106307305395603
0.441356688737869 0.398952335119247 0.318036079406738 0.524691343307495 0.437321424484253 0.438889443874359 0.409403920173645 0.581140398979187 0.521624028682709 0.520980894565582 0.650663554668427 0.624031484127045 0.612397253513336 0.79959762096405 0.769433438777924 0.714508295059204 0.726453602313995 0.623184204101562 0.749919533729553 0.813523888587952 0.889035582542419 0.886199772357941 0.88144451379776 0.922484517097473 0.943648934364319 0.951681911945343 0.968991160392761 0.982632339000702 0.98950183391571 0.981129884719849 0.953276574611664 0.999427199363708 0.92811393737793 0.203598842024803 0.10600808262825 0.0949652269482613 0.0959185585379601 0.188336044549942 0.165349185466766 0.154766976833344 0.110615953803062
0.490929037332535 0.448364675045013 0.469981819391251 0.501164793968201 0.49338898062706 0.476571619510651 0.444854110479355 0.565742433071136 0.555383682250977 0.516556322574615 0.656413972377777 0.685146331787109 0.688291847705841 0.79850310087204 0.775925397872925 0.811836004257202 0.700140118598938 0.764542758464813 0.818615436553955 0.849999129772186 0.847391068935394 0.895610272884369 0.935330331325531 0.918769598007202 0.956080615520477 0.972375631332397 0.984195649623871 0.982164859771729 0.994598150253296 0.983388781547546 0.973772048950195 0.998586714267731 0.971867322921753 0.24092610180378 0.119644694030285 0.105928562581539 0.201593264937401 0.193618223071098 0.200610622763634 0.167454198002815 0.117458432912827
0.458988338708878 0.442101418972015 0.489524960517883 0.52922135591507 0.509808540344238 0.457423150539398 0.438952267169952 0.567311346530914 0.57367205619812 0.534357786178589 0.608612656593323 0.590477168560028 0.618002593517303 0.796935498714447 0.75456166267395 0.818104267120361 0.728974759578705 0.743167161941528 0.847890138626099 0.86320835351944 0.886924386024475 0.86197704076767 0.877271413803101 0.916139364242554 0.880540668964386 0.976868391036987 0.980234503746033 0.992618799209595 0.993753671646118 0.986004054546356 0.992184340953827 0.995985388755798 0.981332004070282 0.512773513793945 0.153324127197266 0.121398963034153 0.227185964584351 0.226412937045097 0.215876519680023 0.165119543671608 0.137998551130295
0.477626591920853 0.476642996072769 0.342867106199265 0.526599287986755 0.510376632213593 0.457912623882294 0.417274802923203 0.560939788818359 0.567181348800659 0.523778975009918 0.697974622249603 0.629119515419006 0.612477719783783 0.799482703208923 0.758100986480713 0.805669486522675 0.758699476718903 0.812830626964569 0.857481777667999 0.789959251880646 0.90239155292511 0.824182093143463 0.837579369544983 0.970846176147461 0.890156388282776 0.977939128875732 0.962251424789429 0.995687901973724 0.996731460094452 0.983582019805908 0.999465942382812 0.991694271564484 0.80932742357254 0.464590400457382 0.186491832137108 0.228718414902687 0.241244032979012 0.238620787858963 0.221968099474907 0.175494223833084 0.162316247820854
0.454359203577042 0.397372335195541 0.482666224241257 0.524023592472076 0.504864990711212 0.449703603982925 0.407015800476074 0.561418414115906 0.550681352615356 0.517384111881256 0.65499085187912 0.630179345607758 0.612311780452728 0.718762278556824 0.69600385427475 0.815482020378113 0.761230766773224 0.79719489812851 0.861297965049744 0.78873348236084 0.870337784290314 0.729135513305664 0.907080769538879 0.955614507198334 0.926336050033569 0.966291606426239 0.98388546705246 0.993638336658478 0.995681464672089 0.991839647293091 0.998159170150757 0.981947422027588 0.569239497184753 0.390068262815475 0.321201801300049 0.271664917469025 0.258341729640961 0.261246830224991 0.223863884806633 0.191379770636559 0.209387823939323
0.40857869386673 0.475162178277969 0.33630907535553 0.506194233894348 0.506602823734283 0.47344908118248 0.429203391075134 0.578397750854492 0.554186582565308 0.534124255180359 0.746828079223633 0.630963206291199 0.597872316837311 0.7139652967453 0.689706683158875 0.664595663547516 0.767126321792603 0.722300231456757 0.802274227142334 0.860129356384277 0.8373703956604 0.778226017951965 0.935769200325012 0.971280753612518 0.95269650220871 0.963572919368744 0.98605740070343 0.986519396305084 0.998565256595612 0.999412178993225 0.975829780101776 0.845415234565735 0.418863713741302 0.337145328521729 0.314419686794281 0.292137056589127 0.265054225921631 0.241059422492981 0.229627475142479 0.269079893827438 0.412651836872101
0.452862113714218 0.390717774629593 0.364829540252686 0.509980499744415 0.499105393886566 0.465659648180008 0.425072729587555 0.578851103782654 0.55104386806488 0.534547746181488 0.721627056598663 0.736700236797333 0.807575464248657 0.713613152503967 0.690557777881622 0.755057036876678 0.826388657093048 0.730376839637756 0.800554633140564 0.88901424407959 0.817105531692505 0.801423013210297 0.928265333175659 0.967053174972534 0.984250366687775 0.977433264255524 0.99103856086731 0.99536520242691 0.996686816215515 0.996502459049225 0.821799993515015 0.483208924531937 0.321142941713333 0.338849395513535 0.362964540719986 0.300176978111267 0.249889552593231 0.250485152006149 0.248667761683464 0.403141587972641 0.540130436420441
0.461224555969238 0.442559063434601 0.354915142059326 0.516966223716736 0.495080292224884 0.467670083045959 0.423725813627243 0.572879374027252 0.561329305171967 0.535694658756256 0.672654092311859 0.694672226905823 0.796575725078583 0.714844644069672 0.683229744434357 0.789062023162842 0.736545443534851 0.720990121364594 0.850314855575562 0.854632794857025 0.858716368675232 0.790379583835602 0.931050896644592 0.96323698759079 0.982642948627472 0.980963885784149 0.984299302101135 0.991626143455505 0.99563330411911 0.969151675701141 0.64515233039856 0.396478354930878 0.322477042675018 0.372352480888367 0.479766756296158 0.31455785036087 0.251550495624542 0.237989246845245 0.227193728089333 0.272320866584778 0.362453758716583
0.313924640417099 0.386807322502136 0.388644009828568 0.525772273540497 0.529701948165894 0.482235729694366 0.441728353500366 0.582598030567169 0.559809386730194 0.518908143043518 0.649546563625336 0.64083468914032 0.608776271343231 0.709081411361694 0.738139033317566 0.768284380435944 0.738295018672943 0.807061433792114 0.810707867145538 0.845499753952026 0.86785876750946 0.501786947250366 0.920011818408966 0.961117565631866 0.985848128795624 0.984395265579224 0.972763180732727 0.989937782287598 0.995063364505768 0.894157946109772 0.503783583641052 0.395891964435577 0.337144076824188 0.37482813000679 0.547182440757751 0.338137358427048 0.277197659015656 0.239449337124825 0.240371689200401 0.260416120290756 0.29363602399826
