data/climate_estimation/maxent_output/Bomarea_densiflora.asc
NCOLS 119 
NROWS 162 
XLLCORNER -79.9166666666667 
YLLCORNER -12.3333333333333 
CELLSIZE 0.0833333333333334 
NODATA_value -3.4e+38 
[rows 0 to 18 of 162, columns 0 to 42 of 119]
-339999999999999996123846586046231871488.000000000000000 -3.4e+38 -3.4e+38 -3.4e+38 -3.4e+38 -3.4e+38 -3.4e+38 -3.4e+38 0.0231625121086836 0.0210800059139729 0.021201953291893 0.0193109847605228 0.0185986664146185 0.0183909721672535 0.0194449182599783 0.0247122198343277 0.0390454418957233 0.0379302948713303 0.0568393543362617 0.0920659899711609 0.157277688384056 0.487941235303879 0.359985262155533 0.639074981212616 0.878614366054535 0.915369629859924 0.893329799175262 0.91023051738739 0.882725656032562 0.851056694984436 0.847916901111603 0.774759471416473 0.734568953514099 0.70325756072998 0.602440536022186 0.512404322624207 0.650393486022949 0.714081466197968 0.197096839547157 0.0659759044647217 0.0887749195098877 0.234405845403671 0.0333446562290192
-3.4e+38 -3.4e+38 -3.4e+38 -3.4e+38 0.0517812147736549 0.0524428449571133 0.0417439267039299 0.030488409101963 0.0259742196649313 0.0221994500607252 0.018925204873085 0.0181043166667223 0.0172247104346752 0.017765324562788 0.0201715901494026 0.0290049780160189 0.0483092330396175 0.0572161711752415 0.103578105568886 0.164289727807045 0.250959187746048 0.348432868719101 0.563134253025055 0.828253448009491 0.923301100730896 0.919027924537659 0.917364537715912 0.907479584217072 0.889399111270905 0.847559750080109 0.830395460128784 0.768137753009796 0.710456430912018 0.672546148300171 0.709723234176636 0.657515287399292 0.488157242536545 0.391392141580582 0.122542768716812 0.0312880091369152 0.0301244724541903 0.0182539504021406 0.0128048425540328
-3.4e+38 0.0703979656100273 0.0998427495360374 0.0859626904129982 0.090733490884304 0.0699414983391762 0.0465385057032108 0.0333382450044155 0.0266811139881611 0.0221685878932476 0.0187739860266447 0.0188862960785627 0.0196493789553642 0.0215669702738523 0.0260458458214998 0.038467463105917 0.0770678967237473 0.14533357322216 0.330427706241608 0.311571538448334 0.359201550483704 0.568382143974304 0.89532083272934 0.931291103363037 0.898192167282104 0.906581997871399 0.914977312088013 0.887009739875793 0.87069833278656 0.843715846538544 0.774161875247955 0.739857196807861 0.675479352474213 0.660072684288025 0.709816157817841 0.591546714305878 0.459358900785446 0.327909529209137 0.0465112030506134 0.0198353752493858 0.0178330447524786 0.0154764512553811 0.0119495140388608
0.0485177375376225 0.068972997367382 0.0808736979961395 0.0738089457154274 0.101057440042496 0.0655699446797371 0.0401064492762089 0.0385716892778873 0.0285552088171244 0.0201485604047775 0.0183499380946159 0.0180753767490387 0.0221633017063141 0.0245900396257639 0.0402030162513256 0.0868112742900848 0.148179993033409 0.129341840744019 0.320121496915817 0.556396961212158 0.750256419181824 0.784163594245911 0.899109840393066 0.925428509712219 0.90846186876297 0.919959485530853 0.909723162651062 0.871396839618683 0.832482099533081 0.785205185413361 0.757866561412811 0.709742903709412 0.682549774646759 0.649673521518707 0.557951152324677 0.307475328445435 0.130891472101212 0.058043509721756 0.0222731661051512 0.0174551922827959 0.0174262579530478 0.0153799243271351 0.0141901876777411
0.0517285093665123 0.08116514980793 0.083021305501461 0.0607244335114956 0.0600158534944057 0.0527514144778252 0.0397399291396141 0.0408148914575577 0.0304068140685558 0.0238406397402287 0.021464254707098 0.0202572960406542 0.0209607183933258 0.0338940620422363 0.0901757106184959 0.212871506810188 0.426251798868179 0.251399219036102 0.234774723649025 0.266921609640121 0.592445731163025 0.886415064334869 0.95371812582016 0.903250515460968 0.913645088672638 0.906160533428192 0.871912181377411 0.82883208990097 0.800613462924957 0.768115162849426 0.732993423938751 0.618409872055054 0.604704558849335 0.418262630701065 0.224770456552505 0.0920659899711609 0.0429889187216759 0.0223560743033886 0.0179617181420326 0.0173973720520735 0.0160341840237379 0.0153799243271351 0.0136807253584266
0.0546708293259144 0.0754824280738831 0.0750832930207253 0.0899493843317032 0.0386141687631607 0.0628575310111046 0.0407027639448643 0.040276076644659 0.0314079523086548 0.0310956127941608 0.0286239273846149 0.0230665002018213 0.0282058771699667 0.0490087941288948 0.105315014719963 0.288738369941711 0.420567572116852 0.409768968820572 0.549176514148712 0.73235821723938 0.524687767028809 0.910807549953461 0.940255105495453 0.924807131290436 0.901583731174469 0.900760650634766 0.862159311771393 0.823530972003937 0.755375385284424 0.729598939418793 0.686457931995392 0.627650856971741 0.359781742095947 0.187007054686546 0.0753336250782013 0.0374644957482815 0.0231963414698839 0.0186013039201498 0.016040712594986 0.0155362449586391 0.0152527401223779 0.0145595567300916 0.0142681915313005
0.0427024737000465 0.0796638652682304 0.0908296033740044 0.0764216706156731 0.034714587032795 0.0476665534079075 0.0471139810979366 0.0447861962020397 0.0499446876347065 0.0367452837526798 0.0290237236768007 0.0446960218250751 0.0721021592617035 0.103157326579094 0.139307871460915 0.241656944155693 0.498290777206421 0.783907651901245 0.928844630718231 0.927111804485321 0.929487526416779 0.835368990898132 0.967661559581757 0.944302141666412 0.923328697681427 0.87449437379837 0.832641124725342 0.781103312969208 0.738161027431488 0.696360051631927 0.682673037052155 0.504225015640259 0.24131666123867 0.0745564922690392 0.0522052906453609 0.037158165127039 0.0238512065261602 0.0170613564550877 0.0161722898483276 0.0149269243702292 0.0142247835174203 0.0143927875906229 0.0140563873574138
0.0353167057037354 0.0641567260026932 0.071332074701786 0.0591723397374153 0.0497465543448925 0.0410992950201035 0.0541025623679161 0.0631902068853378 0.0544538833200932 0.0503744669258595 0.0656051784753799 0.10422421246767 0.233109384775162 0.437083870172501 0.298560529947281 0.491769254207611 0.875078499317169 0.979001522064209 0.970921814441681 0.973395943641663 0.984582543373108 0.865925490856171 0.967651128768921 0.941639184951782 0.912964403629303 0.861533522605896 0.839338362216949 0.809890925884247 0.741213619709015 0.700650990009308 0.60577130317688 0.271001219749451 0.0744365751743317 0.0405911915004253 0.0363731496036053 0.0300866384059191 0.0217106975615025 0.0172921922057867 0.01663788408041 0.0154610043391585 0.0134670911356807 0.0139738079160452 0.0134395258501172
0.0394641049206257 0.077021986246109 0.106700576841831 0.070334255695343 0.0583549775183201 0.0488358810544014 0.0426749475300312 0.0475299768149853 0.0512091293931007 0.0504977405071259 0.0757641941308975 0.181160643696785 0.620340526103973 0.745795667171478 0.617424726486206 0.902907073497772 0.925470292568207 0.989875853061676 0.963289380073547 0.961814224720001 0.98056298494339 0.837683439254761 0.896893918514252 0.890074372291565 0.898856699466705 0.881955564022064 0.805643796920776 0.736046075820923 0.606296181678772 0.618574261665344 0.392778038978577 0.108454152941704 0.0359683111310005 0.0267017781734467 0.0284927040338516 0.0238512065261602 0.0205936618149281 0.0172921922057867 0.0170289576053619 0.0162803065031767 0.0143967606127262 0.0143265025690198 0.0136647941544652
0.0488126240670681 0.103428073227406 0.112591564655304 0.0754372105002403 0.0460331849753857 0.0454888120293617 0.0451260469853878 0.043818037956953 0.043207086622715 0.0462800711393356 0.0772421434521675 0.299424082040787 0.624063491821289 0.823457300662994 0.872186660766602 0.963627517223358 0.771130204200745 0.908155977725983 0.961858689785004 0.987991034984589 0.966296970844269 0.96896231174469 0.948441624641418 0.895654141902924 0.893467426300049 0.857626020908356 0.783653318881989 0.679411113262177 0.535025537014008 0.45082300901413 0.204309836030006 0.052037987858057 0.0324312932789326 0.0235658977180719 0.0223878342658281 0.0210070256143808 0.0184916518628597 0.0180253684520721 0.0170289576053619 0.0163615811616182 0.0148568209260702 0.0141086354851723 0.0141031835228205
0.0450441315770149 0.0944677516818047 0.0982620418071747 0.0588927939534187 0.0559479482471943 0.0472360625863075 0.0469248816370964 0.0436715371906757 0.0468265861272812 0.0568992458283901 0.0734111741185188 0.168833032250404 0.400665014982224 0.496373683214188 0.642188429832458 0.708875000476837 0.803645431995392 0.981651723384857 0.976279437541962 0.991176784038544 0.971185445785522 0.967619836330414 0.93176257610321 0.917182445526123 0.88969212770462 0.847575068473816 0.650936782360077 0.526598811149597 0.296900033950806 0.123966075479984 0.081312321126461 0.045360129326582 0.0301356967538595 0.0255470238626003 0.0223339218646288 0.0199566669762135 0.0180962886661291 0.0170358866453171 0.0170076433569193 0.016391197219491 0.0154353501275182 0.0151307741180062 0.0152780935168266
0.0634762346744537 0.104895509779453 0.0781826674938202 0.0617844015359879 0.0557492524385452 0.054791983217001 0.0474260523915291 0.0452973060309887 0.0510086715221405 0.0673319846391678 0.0829651355743408 0.120674051344395 0.193037673830986 0.331671327352524 0.35874131321907 0.471754372119904 0.805884659290314 0.995024383068085 0.988167285919189 0.991965651512146 0.978136241436005 0.961676299571991 0.917987644672394 0.89519327878952 0.873267292976379 0.7753866314888 0.533539474010468 0.201376855373383 0.119928508996964 0.0691718459129333 0.0675259381532669 0.0491993576288223 0.0279714595526457 0.0248069949448109 0.0224042665213346 0.0202553458511829 0.0185838602483273 0.0181453414261341 0.018510028719902 0.0158269889652729 0.0157483480870724 0.0148302745074034 0.0145560968667269
0.0867718905210495 0.111105240881443 0.0795833468437195 0.0668758004903793 0.0635725781321526 0.0557642467319965 0.0480717346072197 0.0449998937547207 0.0477232374250889 0.0680468454957008 0.120665356516838 0.173905700445175 0.359784752130508 0.599201619625092 0.585654139518738 0.639658510684967 0.84758847951889 0.947504043579102 0.979463875293732 0.946845591068268 0.964838266372681 0.957853198051453 0.912473618984222 0.87025111913681 0.862427771091461 0.811542332172394 0.469591736793518 0.285769015550613 0.135686278343201 0.0613285750150681 0.0725191831588745 0.0666194558143616 0.0320040360093117 0.0255137365311384 0.0218043047934771 0.0202418975532055 0.0199423190206289 0.0195173230022192 0.0183876659721136 0.0183267872780561 0.0165592487901449 0.0158796329051256 0.0157178845256567
0.0885398387908936 0.0965630784630775 0.0843943655490875 0.0736081227660179 0.067568451166153 0.0610268674790859 0.0511577427387238 0.0460163205862045 0.0570578314363956 0.0822325572371483 0.149814620614052 0.251329153776169 0.369565039873123 0.649032771587372 0.763737499713898 0.923801183700562 0.98529976606369 0.988478124141693 0.975011110305786 0.992190957069397 0.990838825702667 0.967081248760223 0.860769033432007 0.858323872089386 0.830811858177185 0.75345253944397 0.639783501625061 0.274015486240387 0.159051418304443 0.0894084870815277 0.0476939380168915 0.0425975769758224 0.027063237503171 0.025287076830864 0.0239539295434952 0.0210244059562683 0.0203344840556383 0.0202418975532055 0.0191023498773575 0.0169794447720051 0.0179051943123341 0.0161788742989302 0.0154653340578079
0.103616535663605 0.103616535663605 0.0855041295289993 0.0727339759469032 0.0758253633975983 0.0608090870082378 0.0503713488578796 0.0504744611680508 0.069069892168045 0.0928716436028481 0.152661859989166 0.261650830507278 0.564566552639008 0.638118863105774 0.858143866062164 0.961575448513031 0.995921611785889 0.994190037250519 0.864788055419922 0.964253604412079 0.955518901348114 0.926244854927063 0.845122575759888 0.826581537723541 0.816653072834015 0.616316437721252 0.664713263511658 0.448036730289459 0.21634866297245 0.131307974457741 0.0561119057238102 0.0385816879570484 0.0291122570633888 0.0275863613933325 0.0248215086758137 0.0220494531095028 0.0214376170188189 0.0192932691425085 0.0181443430483341 0.0165153574198484 0.0164606235921383 0.0161627922207117 0.0149294566363096
0.101636402308941 0.0873228684067726 0.0811606273055077 0.0717406645417213 0.067995473742485 0.0562020875513554 0.051224771887064 0.0581457652151585 0.0668775364756584 0.103205844759941 0.141675412654877 0.225316137075424 0.648221552371979 0.802357792854309 0.918410778045654 0.990115940570831 0.978596985340118 0.963948905467987 0.837404668331146 0.9857097864151 0.890883445739746 0.847523331642151 0.833269238471985 0.805204153060913 0.778015434741974 0.541013479232788 0.500476181507111 0.375846415758133 0.305212289094925 0.162550494074821 0.0667074620723724 0.0437354147434235 0.029721824452281 0.0274501126259565 0.0254024378955364 0.0217954572290182 0.0208115205168724 0.0190391261130571 0.0186146982014179 0.0177102796733379 0.0158922933042049 0.0159451514482498 0.0143554536625743
0.0930805578827858 0.0823638066649437 0.0791065916419029 0.068884052336216 0.06097511947155 0.0555627942085266 0.055988434702158 0.0673163756728172 0.0847163945436478 0.128754556179047 0.243926256895065 0.326261073350906 0.609282493591309 0.897547006607056 0.946021378040314 0.978173911571503 0.975247919559479 0.912079453468323 0.869088411331177 0.938428044319153 0.866466343402863 0.838352262973785 0.828805863857269 0.789103448390961 0.75267618894577 0.520505905151367 0.301722347736359 0.38947319984436 0.306739419698715 0.198971927165985 0.0999305546283722 0.0338478684425354 0.0269117169082165 0.0237470716238022 0.0236295536160469 0.021340062841773 0.0207511261105537 0.0190517827868462 0.0178150683641434 0.0162046123296022 0.016150901094079 0.0152855105698109 0.0147666903212667
0.0788460075855255 0.0838332176208496 0.0768164321780205 0.0620778687298298 0.0602283552289009 0.0568803325295448 0.055413082242012 0.066836915910244 0.0964388996362686 0.159727722406387 0.360249191522598 0.546714425086975 0.744546473026276 0.885592222213745 0.95886904001236 0.981972575187683 0.972990751266479 0.853006362915039 0.911754012107849 0.917025089263916 0.861733555793762 0.836681425571442 0.811254382133484 0.756810784339905 0.622638165950775 0.404768735170364 0.393292099237442 0.429819405078888 0.333837598562241 0.23253221809864 0.0545613095164299 0.0283540301024914 0.0238257385790348 0.0212292093783617 0.0203681960701942 0.0268511194735765 0.0261251237243414 0.0192599631845951 0.018623000010848 0.0171684045344591 0.0152022745460272 0.0154385836794972 0.0144645515829325
0.0827492848038673 0.0877665355801582 0.0846214517951012 0.0655029565095901 0.0602283552289009 0.0542823486030102 0.0541294813156128 0.0621510893106461 0.117783099412918 0.363986283540726 0.7000333070755 0.729465305805206 0.738851189613342 0.82884806394577 0.954908072948456 0.961666226387024 0.978009641170502 0.9174964427948 0.96116042137146 0.889644801616669 0.869654357433319 0.818778514862061 0.786987841129303 0.743321657180786 0.566605627536774 0.409506291151047 0.505851864814758 0.500579833984375 0.398759216070175 0.180931836366653 0.0421881787478924 0.0263837389647961 0.0232898779213428 0.0261078309267759 0.0253429412841797 0.0258674956858158 0.0263224672526121 0.0246681682765484 0.017368957400322 0.0157461278140545 0.0160097442567348 0.0151267144829035 0.0146824605762959
