data/climate_estimation/maxent_output/Bomarea_setacea.asc
NCOLS 134 
NROWS 286 
XLLCORNER -79.6666666666667 
YLLCORNER -15.5 
CELLSIZE 0.0833333333333334 
NODATA_value -3.4e+38 
[rows 133 to 151 of 286, columns 0 to 42 of 134]
0.0402950868010521 0.0156337581574917 0.592107772827148 0.905500531196594 0.887742877006531 0.894484281539917 0.896478295326233 0.888267815113068 0.861174345016479 0.851256012916565 0.887516438961029 0.821923136711121 0.875327825546265 0.895196557044983 0.55206423997879 0.214525640010834 0.0475707724690437 0.129909813404083 0.408978164196014 0.106221437454224 0.0377261154353619 0.0395828112959862 0.0135422646999359 0.0174522157758474 0.0162627529352903 0.015585252083838 0.0139028560370207 0.0149507401511073 0.012269583530724 0.00817671231925488 0.00861306674778461 0.00861094426363707 0.00889023952186108 0.00812513846904039 0.00813277158886194 0.00841010548174381 0.00927109643816948 0.0094282440841198 0.008568050339818 0.0107316933572292 0.0102277444675565 0.0100324861705303 0.00877057295292616
0.0212845001369715 0.0921269655227661 0.0136429332196712 0.917341589927673 0.886745512485504 0.890117824077606 0.846094071865082 0.850813150405884 0.791542589664459 0.850190043449402 0.853967845439911 0.840481877326965 0.875223338603973 0.873565018177032 0.587518215179443 0.120455674827099 0.116272941231728 0.120152086019516 0.202270179986954 0.0574270263314247 0.0210299026221037 0.0154342567548156 0.0163469221442938 0.0171844996511936 0.0153319826349616 0.0147651201114058 0.0136909876018763 0.0132460501044989 0.0121632274240255 0.0130209652706981 0.0128934374079108 0.0134170185774565 0.0138341933488846 0.00886756367981434 0.00832242239266634 0.00844513066112995 0.00835220981389284 0.00870704464614391 0.00969783309847116 0.00932782515883446 0.00984861515462399 0.00946311000734568 0.0091542936861515
0.0358593575656414 0.0148312924429774 0.478429317474365 0.911420881748199 0.890946686267853 0.855098128318787 0.832702219486237 0.839191138744354 0.825372397899628 0.845221638679504 0.832020044326782 0.841691970825195 0.862258017063141 0.807926774024963 0.332121610641479 0.207527950406075 0.134449318051338 0.06764055788517 0.142185032367706 0.0436422452330589 0.0298434644937515 0.0267247725278139 0.0152137251570821 0.0183628778904676 0.015231691300869 0.0154014555737376 0.0142276780679822 0.0143592124804854 0.0129100540652871 0.0129867931827903 0.0136549351736903 0.0117618385702372 0.0122399451211095 0.0127404639497399 0.0124544939026237 0.0130712846294045 0.0140081010758877 0.0117708435282111 0.0110228583216667 0.0118215642869473 0.0118099385872483 0.0084132831543684 0.0121382577344775
0.0231751706451178 0.021712638437748 0.810100913047791 0.889796853065491 0.882975578308105 0.870886087417603 0.828531920909882 0.855477750301361 0.841948986053467 0.834958910942078 0.834144711494446 0.864961445331573 0.839717030525208 0.602282881736755 0.145523458719254 0.103641472756863 0.0820607095956802 0.0491734817624092 0.0442498922348022 0.0193847417831421 0.0286210440099239 0.0234831012785435 0.0244366116821766 0.0191087126731873 0.016647320240736 0.0158927794545889 0.0144745847210288 0.0153757203370333 0.0127993561327457 0.0135410334914923 0.011562867090106 0.0114932423457503 0.0119210807606578 0.0124284559860826 0.0120783662423491 0.0120020136237144 0.0138502679765224 0.0133634582161903 0.014638782478869 0.0118583738803864 0.0121879447251558 0.0108626959845424 0.0114841721951962
0.0144998142495751 0.869044125080109 0.873865067958832 0.858951389789581 0.865784883499146 0.893249869346619 0.896277129650116 0.834539830684662 0.846890330314636 0.828728854656219 0.842974603176117 0.852691471576691 0.836112558841705 0.30401936173439 0.173134833574295 0.141927286982536 0.194527581334114 0.0738876536488533 0.0942952260375023 0.0290717650204897 0.0338874943554401 0.0225118082016706 0.0249628685414791 0.0195510257035494 0.0158810466527939 0.0162483416497707 0.0143678206950426 0.014978002756834 0.0125803528353572 0.012748209759593 0.0111700054258108 0.0120340660214424 0.0119839888066053 0.0118007371202111 0.0128906276077032 0.0124849649146199 0.0134669551625848 0.0132646821439266 0.0136949373409152 0.0140259517356753 0.0105420015752316 0.0115282041952014 0.0112215699627995
0.0382389947772026 0.367165774106979 0.886651813983917 0.790309488773346 0.65570479631424 0.409237533807755 0.899270713329315 0.847562551498413 0.842855393886566 0.83733856678009 0.870945394039154 0.805660903453827 0.775116980075836 0.288275599479675 0.124681510031223 0.328350186347961 0.212903678417206 0.0780376791954041 0.238078117370605 0.0944671556353569 0.0257990565150976 0.0224801152944565 0.0239534694701433 0.0201785992830992 0.0160907432436943 0.0166080202907324 0.0142399398609996 0.0146030858159065 0.0134894577786326 0.0133616235107183 0.0118900155648589 0.0120311127975583 0.012172581627965 0.01256965380162 0.0128042744472623 0.0133475894108415 0.0134022608399391 0.0139299165457487 0.013748318888247 0.0142205031588674 0.0145812584087253 0.0138406604528427 0.0118065979331732
0.0694012269377708 0.0522757545113564 0.0905911549925804 0.133977770805359 0.181424930691719 0.63503897190094 0.87162846326828 0.877425789833069 0.857581555843353 0.87214058637619 0.831703662872314 0.811566054821014 0.351099222898483 0.266269952058792 0.13291896879673 0.366070985794067 0.419292777776718 0.138658970594406 0.337388843297958 0.174724623560905 0.0302622821182013 0.0214890502393246 0.0217171385884285 0.0185308083891869 0.0158808212727308 0.0172926001250744 0.0156585574150085 0.0151059394702315 0.0132050449028611 0.013363728299737 0.0127562126144767 0.0121905868873 0.0121667115017772 0.013212900608778 0.0128393108025193 0.0121020674705505 0.0134379984810948 0.0138343498110771 0.0146667547523975 0.0146093554794788 0.0146054290235043 0.0144193843007088 0.0139885870739818
0.0140085155144334 0.0643419995903969 0.0997683107852936 0.170990884304047 0.302747160196304 0.92318320274353 0.927076876163483 0.895525276660919 0.877674043178558 0.88142454624176 0.855782628059387 0.867938756942749 0.190981939435005 0.21847066283226 0.146646454930305 0.491128385066986 0.26460337638855 0.223671689629555 0.245002314448357 0.163944348692894 0.0271402765065432 0.0210836455225945 0.0229217782616615 0.0196024961769581 0.017154298722744 0.0167437624186277 0.0145797226577997 0.0150355380028486 0.0128561528399587 0.013289911672473 0.0121274273842573 0.0119757791981101 0.0126267094165087 0.0126541247591376 0.0127667970955372 0.0133023662492633 0.0129457572475076 0.0134251965209842 0.0142159964889288 0.0142441270872951 0.0139950588345528 0.0149473519995809 0.0160335227847099
0.0704235062003136 0.118520148098469 0.71476149559021 0.405767768621445 0.35729318857193 0.492704123258591 0.914298117160797 0.91130405664444 0.921152114868164 0.915204346179962 0.834714889526367 0.268310844898224 0.175739496946335 0.106233797967434 0.163493424654007 0.554377615451813 0.15180042386055 0.164330869913101 0.10882043838501 0.037029717117548 0.0171699021011591 0.0198506005108356 0.0222416836768389 0.0204718131572008 0.0157122779637575 0.0148276323452592 0.0142650753259659 0.01355966553092 0.0135602448135614 0.0125449728220701 0.0115171428769827 0.0116351814940572 0.0121315233409405 0.0122742550447583 0.0126038650050759 0.0126302698627114 0.012842376716435 0.0137145631015301 0.0135646918788552 0.0142559595406055 0.0140216592699289 0.0158783067017794 0.0153342289850116
0.111084215342999 0.81699275970459 0.907190263271332 0.877894520759583 0.449811816215515 0.925320267677307 0.934565484523773 0.932018160820007 0.472940534353256 0.812487602233887 0.88836681842804 0.234237387776375 0.150324150919914 0.0795720145106316 0.128726318478584 0.377508908510208 0.112140238285065 0.0902238413691521 0.0432938598096371 0.0265234913676977 0.0191865041851997 0.0189552176743746 0.0158920027315617 0.0186193026602268 0.0149060804396868 0.0139408092945814 0.0143559128046036 0.012400739826262 0.0123475044965744 0.0125591643154621 0.0128077501431108 0.0124820163473487 0.0119833126664162 0.0129466615617275 0.0128761744126678 0.0124257523566484 0.0128032192587852 0.0133052170276642 0.0134697817265987 0.0152226025238633 0.0151152806356549 0.0158130675554276 0.0149773554876447
0.0606930889189243 0.132433876395226 0.712644219398499 0.924254715442657 0.895293533802032 0.904410183429718 0.94297456741333 0.927740573883057 0.291670978069305 0.484726279973984 0.498651832342148 0.207147672772408 0.217901647090912 0.0804005786776543 0.196414232254028 0.202789545059204 0.0626294612884521 0.0800222977995872 0.0408293344080448 0.0200079195201397 0.0274038705974817 0.0206192210316658 0.0144556248560548 0.014882399700582 0.0220276825129986 0.0146671049296856 0.0128016602247953 0.0122285084798932 0.0119230607524514 0.0124362939968705 0.0125466333702207 0.0116978920996189 0.0116113927215338 0.011906391941011 0.0122633641585708 0.0123625118285418 0.0125917866826057 0.0141173675656319 0.0142559474334121 0.0143372621387243 0.014837633818388 0.0144416000694036 0.0159427374601364
0.021225277334452 0.0443552695214748 0.287685334682465 0.904480397701263 0.924323499202728 0.934853732585907 0.94922000169754 0.873876869678497 0.483799695968628 0.182037204504013 0.138743340969086 0.125676825642586 0.150929674506187 0.11020141094923 0.29527822136879 0.178046897053719 0.0430484190583229 0.0747183114290237 0.034784872084856 0.0263421852141619 0.0205825641751289 0.020289009436965 0.0147030726075172 0.0140951778739691 0.0181438568979502 0.0130752129480243 0.0128329787403345 0.0116023831069469 0.0118303997442126 0.0117994686588645 0.0121510541066527 0.0107807153835893 0.0113871991634369 0.0120110791176558 0.0131921404972672 0.0132856210693717 0.014083918184042 0.0141663895919919 0.0133388778194785 0.0142615223303437 0.0162997506558895 0.0155801260843873 0.015232415869832
0.0158449318259954 0.0204597432166338 0.315504938364029 0.830137491226196 0.895709276199341 0.918301165103912 0.905087053775787 0.839284658432007 0.625746428966522 0.147346422076225 0.129242241382599 0.0748789608478546 0.0851068720221519 0.117899134755135 0.364177525043488 0.0747693628072739 0.0329599715769291 0.0497349984943867 0.0345628820359707 0.0219604223966599 0.0172124691307545 0.0238741580396891 0.0133742466568947 0.0137581368908286 0.0164060983806849 0.013071664609015 0.0119395554065704 0.0120376460254192 0.0112381167709827 0.0115897208452225 0.0123713137581944 0.0104397069662809 0.0120210312306881 0.0130086801946163 0.0131368981674314 0.0124915298074484 0.0132066532969475 0.0133119290694594 0.0133606009185314 0.0148140592500567 0.0156324673444033 0.0154705056920648 0.0165932383388281
0.0125106731429696 0.0468491017818451 0.31389045715332 0.580338895320892 0.868885457515717 0.879828870296478 0.750106751918793 0.802564561367035 0.536989092826843 0.130391374230385 0.0754543170332909 0.062093336135149 0.145342096686363 0.196403458714485 0.523037910461426 0.124843381345272 0.0290238559246063 0.0395326837897301 0.0499805435538292 0.0374918505549431 0.0246344935148954 0.0177713911980391 0.0127804223448038 0.011510462500155 0.0142735885456204 0.0159296188503504 0.0118544409051538 0.011225339025259 0.0113405873999 0.0115910954773426 0.0111667746677995 0.0117901498451829 0.0120973642915487 0.0122615927830338 0.0123297004029155 0.0123457973822951 0.0130800614133477 0.0146050872281194 0.0138827078044415 0.014643837697804 0.0154361901804805 0.0170055590569973 0.0166196394711733
0.026829082518816 0.100189320743084 0.346341341733932 0.0869583189487457 0.744679927825928 0.878364741802216 0.907355964183807 0.677299499511719 0.65558260679245 0.105917036533356 0.151573017239571 0.0630867332220078 0.0696778818964958 0.304388821125031 0.155114382505417 0.0676633417606354 0.056221716105938 0.0331756882369518 0.0419314019382 0.0458475314080715 0.0390432178974152 0.0178089793771505 0.0125481374561787 0.0115520805120468 0.0115748587995768 0.0158007498830557 0.0107499863952398 0.0106762694194913 0.0108519038185477 0.0110221831128001 0.011198366060853 0.0112816384062171 0.0114715313538909 0.01152288261801 0.0115391984581947 0.0122496383264661 0.0129412272945046 0.0136760417371988 0.0137054407969117 0.0137271638959646 0.0160514526069164 0.016022028401494 0.0171411987394094
0.0494434833526611 0.0125826597213745 0.0463526956737041 0.0380322299897671 0.580010175704956 0.916615068912506 0.932263970375061 0.82628732919693 0.231280162930489 0.149340882897377 0.230636849999428 0.0873700901865959 0.0507150739431381 0.142402395606041 0.0567057803273201 0.071939505636692 0.139476045966148 0.0407264120876789 0.039214700460434 0.0213978048413992 0.0264273192733526 0.0159096140414476 0.0115958917886019 0.0108134504407644 0.0102842748165131 0.0172270201146603 0.0109515758231282 0.0100122839212418 0.0108665823936462 0.0103799300268292 0.0105620203539729 0.0106726307421923 0.0106421979144216 0.0114162741228938 0.0126670300960541 0.0126827452331781 0.0126849943771958 0.0125463176518679 0.0146164372563362 0.0149652315303683 0.0158181861042976 0.0158868860453367 0.0178178194910288
0.0212509054690599 0.0100362654775381 0.141580998897552 0.174250721931458 0.464223742485046 0.909581959247589 0.939498960971832 0.928569793701172 0.246848747134209 0.606669545173645 0.545064091682434 0.207210302352905 0.046406477689743 0.0684123262763023 0.0377183854579926 0.0354077443480492 0.166888535022736 0.0578477382659912 0.0664877220988274 0.0328494645655155 0.017900051549077 0.0117101045325398 0.0103204883635044 0.00984044652432203 0.0106133753433824 0.0185089539736509 0.00975944008678198 0.00937902834266424 0.0101837553083897 0.00967888720333576 0.0105186644941568 0.00987392570823431 0.0119388327002525 0.0118891717866063 0.0118153179064393 0.0117628909647465 0.0114467674866319 0.0140049979090691 0.0133946789428592 0.0134135112166405 0.0164115559309721 0.016114791855216 0.0173741653561592
0.0134472819045186 0.0365033075213432 0.420908510684967 0.722953498363495 0.234147951006889 0.676196396350861 0.932155668735504 0.932251453399658 0.568178653717041 0.652205228805542 0.199104264378548 0.140570849180222 0.0563358888030052 0.0467766001820564 0.0430584438145161 0.0275312699377537 0.0412459261715412 0.0242846198379993 0.111038438975811 0.0312665998935699 0.0158309154212475 0.0106437392532825 0.0102068800479174 0.00921101309359074 0.0133796967566013 0.0150608522817492 0.00847946759313345 0.00997691694647074 0.00956929754465818 0.00913535058498383 0.0097849490121007 0.0104663306847215 0.0106036085635424 0.0114858131855726 0.0114907156676054 0.0125111872330308 0.0122750028967857 0.013742383569479 0.013280875980854 0.0142508512362838 0.0146055668592453 0.0158056542277336 0.0176967978477478
0.0309236962348223 0.0665982887148857 0.134452730417252 0.590670883655548 0.459175050258636 0.570037364959717 0.941277801990509 0.936842739582062 0.900961101055145 0.678451836109161 0.240325629711151 0.0679356530308723 0.0528147928416729 0.0335214585065842 0.0324303582310677 0.0217308178544044 0.0412849821150303 0.025532178580761 0.0430181287229061 0.0234797559678555 0.0176900718361139 0.0104606654495001 0.00952689815312624 0.00868674926459789 0.0133539047092199 0.0134945847094059 0.00889058131724596 0.00985685642808676 0.00916618853807449 0.00894824881106615 0.00960944686084986 0.0105021670460701 0.0107238115742803 0.0130500681698322 0.0125009529292583 0.0114443171769381 0.0119048617780209 0.0138447657227516 0.0135995764285326 0.0143090626224875 0.0148606849834323 0.016301030293107 0.0180256869643927
