data/climate_estimation/maxent_output/Bomarea_spissiflora.asc
NCOLS 12 
NROWS 64 
XLLCORNER -79 
YLLCORNER -5.41666666666667 
CELLSIZE 0.0833333333333333 
NODATA_value -3.4e+38 
0.352784067392349 0.802343606948853 0.942449152469635 0.987762212753296 0.999998211860657 1 0.996794998645782 0.981759309768677 0.998943507671356 1 1 1
0.405561000108719 0.724281013011932 0.976951241493225 0.995467364788055 0.999999582767487 0.999999940395355 0.995297312736511 0.983660936355591 0.999996900558472 1 1 0.99999862909317
0.581939220428467 0.84624582529068 0.977659940719604 0.999230086803436 0.99999988079071 0.999925076961517 0.992613673210144 0.996442377567291 0.999999940395355 1 1 0.999999940395355
0.760426104068756 0.834436595439911 0.955823183059692 0.999391496181488 1 0.999957919120789 0.998180091381073 0.999862253665924 1 1 0.999998331069946 0.99996143579483
0.905731856822968 0.950365126132965 0.980085134506226 0.99866783618927 0.999998807907104 0.999984383583069 1 0.999999940395355 1 1 1 0.999514281749725
0.980871498584747 0.994853377342224 0.995684027671814 0.99999988079071 1 0.999999940395355 1 1 1 1 1 0.999998271465302
0.994564175605774 0.998544633388519 0.999994099140167 1 1 1 1 1 1 1 1 0.999990582466125
0.999611675739288 0.999396920204163 0.999998927116394 1 0.999996483325958 0.999999165534973 1 1 1 0.999999582767487 0.99992036819458 0.995960533618927
0.999142229557037 0.999936699867249 1 0.999959230422974 0.999225914478302 0.999946236610413 0.999999940395355 1 1 1 0.998168587684631 0.918913543224335
0.999991357326508 0.999997615814209 1 0.999916195869446 0.99352902173996 0.999883949756622 1 1 1 0.99990326166153 0.979232788085938 0.892550051212311
0.999991893768311 0.99999988079071 1 0.998269438743591 0.979020416736603 0.999824821949005 1 1 0.999924778938293 0.994656443595886 0.963767468929291 0.851135909557343
0.999990880489349 1 1 0.998973369598389 0.974944651126862 0.9909747838974 0.999839663505554 0.999999821186066 0.999982833862305 0.943800032138824 0.873465538024902 0.838732957839966
0.993232727050781 0.999999940395355 1 0.999999940395355 0.993564546108246 0.979311525821686 0.999986350536346 0.999999701976776 0.999416053295135 0.989839017391205 0.795608699321747 0.780457675457001
0.995495498180389 1 1 0.999969005584717 0.96327793598175 0.850630044937134 0.999861061573029 0.999999642372131 0.999665677547455 0.957400381565094 0.716361999511719 0.777602791786194
0.999817252159119 1 0.999993920326233 0.995604038238525 0.948684871196747 0.822783946990967 0.956746578216553 0.962284803390503 0.986144781112671 0.717031002044678 0.705769658088684 0.762061774730682
1 1 1 0.99999988079071 0.964818954467773 0.918045878410339 0.806495547294617 0.817251443862915 0.762063443660736 0.793352961540222 0.717669725418091 0.762882649898529
0.999999940395355 1 1 0.99999988079071 0.999921798706055 0.979454696178436 0.990660488605499 0.966279029846191 0.803750932216644 0.788962781429291 0.789732992649078 0.77193158864975
0.999076128005981 1 0.999999940395355 0.999940454959869 0.999999344348907 0.953638255596161 0.993914425373077 0.98873907327652 0.754944443702698 0.75678151845932 0.777387142181396 0.73509806394577
0.99688309431076 1 0.999993979930878 0.99260276556015 0.945564270019531 0.961451947689056 1 0.999990940093994 0.962042093276978 0.774970769882202 0.795797765254974 0.74054491519928
0.999499142169952 1 0.999998509883881 0.999676883220673 0.957946598529816 0.999997854232788 1 0.999993145465851 0.975677967071533 0.819943785667419 0.806111216545105 0.775232076644897
0.999817967414856 1 1 0.999997437000275 0.99851655960083 0.999999582767487 1 0.997389078140259 0.859866797924042 0.812193036079407 0.801859855651855 0.779906928539276
0.993240237236023 1 1 0.999992609024048 0.999959349632263 0.999999761581421 1 0.999999821186066 0.96413242816925 0.830133318901062 0.795752584934235 0.774575293064117
0.955692231655121 0.999999225139618 1 0.999997973442078 0.999999940395355 1 1 0.999964535236359 0.970604836940765 0.808675646781921 0.795743703842163 0.764607667922974
0.919231414794922 0.999989449977875 0.999999940395355 0.999999940395355 1 1 1 0.99999988079071 0.963018894195557 0.81942492723465 0.788742005825043 0.718057453632355
0.963604986667633 0.999943852424622 0.999980628490448 1 1 1 1 0.998124539852142 0.937348246574402 0.811023056507111 0.762844502925873 0.730285584926605
0.995914101600647 0.996638596057892 0.999979257583618 1 1 1 0.999994337558746 0.986817896366119 0.884600222110748 0.785223364830017 0.70652186870575 0.661891043186188
0.954613566398621 0.999322295188904 0.999999940395355 1 1 1 0.999981820583344 0.987240195274353 0.899350345134735 0.793079257011414 0.622659504413605 0.660906910896301
0.9986572265625 1 1 1 1 1 0.999940514564514 0.989337742328644 0.871519267559052 0.682356595993042 0.501669645309448 0.65708065032959
0.999990522861481 1 1 1 0.999991476535797 0.999923348426819 0.999999761581421 0.995438039302826 0.824305713176727 0.567035436630249 0.440613269805908 0.675625205039978
0.999858498573303 0.99998539686203 0.999998450279236 0.999709248542786 0.997894942760468 0.973131656646729 0.974218666553497 0.928602278232574 0.760981619358063 0.508034527301788 0.493247866630554 0.652162671089172
0.999999523162842 0.999992847442627 0.999959647655487 0.99919867515564 0.961752653121948 0.95995432138443 0.855591356754303 0.707377016544342 0.63728666305542 0.402455776929855 0.547829806804657 0.687322914600372
0.999647080898285 0.984935820102692 0.990606546401978 0.996996104717255 0.969553768634796 0.998174369335175 0.906867980957031 0.458819180727005 0.372888594865799 0.386346071958542 0.620685517787933 0.634499371051788
0.951749742031097 0.914480447769165 0.976968884468079 0.958317935466766 0.981028079986572 0.966692447662354 0.844332933425903 0.621600449085236 0.347723335027695 0.538223028182983 0.721039414405823 0.510017275810242
0.82729583978653 0.911137878894806 0.946751773357391 0.988219976425171 0.996304035186768 0.971914231777191 0.83103334903717 0.530529737472534 0.533461153507233 0.530609309673309 0.618886470794678 0.426792055368423
0.906646549701691 0.978900253772736 0.926454424858093 0.995859265327454 0.997765481472015 0.889334499835968 0.742569804191589 0.646078884601593 0.58440762758255 0.429320901632309 0.563177645206451 0.396027207374573
0.966368556022644 0.965774655342102 0.958166182041168 0.999912261962891 0.978799700737 0.8476282954216 0.608693718910217 0.536218643188477 0.490477323532104 0.417416840791702 0.396751374006271 0.334313541650772
0.976805984973907 0.972391307353973 0.991149306297302 0.999686181545258 0.961763381958008 0.765397727489471 0.625426054000854 0.596982657909393 0.608991980552673 0.484060406684875 0.516504764556885 0.3697469830513
0.985655844211578 0.996847808361053 0.991651237010956 0.917303323745728 0.887836873531342 0.78236186504364 0.571702063083649 0.722860336303711 0.639477849006653 0.486880928277969 0.631670594215393 0.513854920864105
0.998374402523041 0.989412188529968 0.958698272705078 0.928322613239288 0.809196650981903 0.735776960849762 0.579483091831207 0.743702590465546 0.748452365398407 0.561327159404755 0.706814408302307 0.601348519325256
0.999662041664124 0.997064232826233 0.94547039270401 0.941265881061554 0.667413175106049 0.688023447990417 0.593164503574371 0.77406907081604 0.68938535451889 0.645493447780609 0.651433527469635 0.600343883037567
0.995797872543335 0.990791440010071 0.945056855678558 0.77626371383667 0.642130613327026 0.536188662052155 0.588461458683014 0.80542665719986 0.601307332515717 0.607185304164886 0.535621345043182 0.437104433774948
0.938869178295135 0.976184189319611 0.972338140010834 0.762806177139282 0.647209465503693 0.495957642793655 0.584519803524017 0.743722081184387 0.57113379240036 0.533670127391815 0.450193971395493 0.428461700677872
0.849991500377655 0.940803170204163 0.905445396900177 0.759238362312317 0.702815353870392 0.531671702861786 0.664125919342041 0.652357637882233 0.491659760475159 0.531801104545593 0.46174168586731 0.411562353372574
0.952460646629333 0.767316401004791 0.704790472984314 0.686468303203583 0.670943975448608 0.61609023809433 0.747548758983612 0.62507688999176 0.467231452465057 0.536647498607635 0.455536097288132 0.454536825418472
0.961300134658813 0.727574408054352 0.67193591594696 0.551003813743591 0.601378798484802 0.647559225559235 0.768738985061646 0.555936813354492 0.460847020149231 0.512081205844879 0.47981122136116 0.449256151914597
0.945314705371857 0.644701600074768 0.589677393436432 0.542499125003815 0.674010992050171 0.696400880813599 0.820805728435516 0.624212920665741 0.466237396001816 0.495378583669662 0.514972984790802 0.500990509986877
0.939279556274414 0.588665723800659 0.680869042873383 0.533968687057495 0.567532300949097 0.761498212814331 0.663521587848663 0.56186306476593 0.538702130317688 0.491688430309296 0.514894306659698 0.524497449398041
0.705958724021912 0.636813700199127 0.741973757743835 0.555080354213715 0.507605373859406 0.647765040397644 0.534964025020599 0.56186306476593 0.66162520647049 0.520667493343353 0.523479580879211 0.476906150579453
0.681429386138916 0.912185609340668 0.891555666923523 0.731826841831207 0.482858508825302 0.558882534503937 0.492843508720398 0.489094942808151 0.691780805587769 0.583010137081146 0.578251242637634 0.53192013502121
0.849801242351532 0.938477158546448 0.670207858085632 0.638768017292023 0.518924236297607 0.499246001243591 0.515110433101654 0.469852238893509 0.519682168960571 0.491563200950623 0.630199491977692 0.537444591522217
0.989849090576172 0.928802192211151 0.7231684923172 0.518904626369476 0.482791721820831 0.455739945173264 0.467156261205673 0.451924532651901 0.521554827690125 0.518372356891632 0.562661647796631 0.525050461292267
0.972902655601501 0.736956655979156 0.707819521427155 0.489085495471954 0.496421575546265 0.43452176451683 0.484289467334747 0.446486532688141 0.465019673109055 0.509576439857483 0.530429840087891 0.533331096172333
0.934412717819214 0.812833309173584 0.578790783882141 0.631752490997314 0.527129054069519 0.481504827737808 0.491293877363205 0.467812806367874 0.525653481483459 0.541667997837067 0.512432873249054 0.545441806316376
0.936690509319305 0.830797731876373 0.842058122158051 0.704881429672241 0.625858187675476 0.477778732776642 0.484699666500092 0.516710937023163 0.525703012943268 0.554867267608643 0.543538749217987 0.544239342212677
0.863309800624847 0.917470037937164 0.965530931949615 0.861692607402802 0.548783123493195 0.480514913797379 0.478347718715668 0.552683174610138 0.54296875 0.553910374641418 0.542518019676208 0.541217565536499
0.950805842876434 0.969267070293427 0.794862985610962 0.748092472553253 0.640454590320587 0.482066601514816 0.54576313495636 0.531462788581848 0.526623368263245 0.557791173458099 0.551947832107544 0.529813885688782
0.957983016967773 0.97838968038559 0.828123569488525 0.757299721240997 0.657931983470917 0.534186959266663 0.601081252098083 0.546534836292267 0.559689044952393 0.565301775932312 0.575064718723297 0.558396220207214
0.842790603637695 0.934686958789825 0.74950909614563 0.652778506278992 0.599861621856689 0.534963190555573 0.578525543212891 0.537713289260864 0.545251250267029 0.551827013492584 0.577913641929626 0.566993236541748
0.778946757316589 0.9520383477211 0.774904012680054 0.704266667366028 0.666502058506012 0.55704528093338 0.553186118602753 0.556721985340118 0.54914379119873 0.554041504859924 0.564410805702209 0.563246786594391
0.544260144233704 0.874683141708374 0.666931986808777 0.955231070518494 0.859318315982819 0.63802695274353 0.533768594264984 0.544059097766876 0.53937953710556 0.581490278244019 0.589094221591949 0.564309477806091
0.454702943563461 0.781033277511597 0.681439101696014 0.955231070518494 0.767183780670166 0.680114209651947 0.575380802154541 0.520370662212372 0.53641676902771 0.526237010955811 0.563814222812653 0.57316392660141
0.675011336803436 0.538791060447693 0.516317427158356 0.913546860218048 0.856277942657471 0.790465831756592 0.522283971309662 0.503465414047241 0.52869313955307 0.547999143600464 0.55964869260788 0.58797013759613
0.874522805213928 0.676308333873749 0.457815527915955 0.710711419582367 0.941316545009613 0.833227634429932 0.505469918251038 0.51760470867157 0.536556661128998 0.577273011207581 0.667669117450714 0.641101896762848
0.879402875900269 0.580124258995056 0.436760038137436 0.504117071628571 0.762338161468506 0.77426540851593 0.520341277122498 0.705394506454468 0.755326986312866 0.729494869709015 0.717038929462433 0.72288966178894
