data/climate_estimation/maxent_output/Bomarea_brevis.asc
NCOLS 180 
NROWS 156 
XLLCORNER -78.5833333333333 
YLLCORNER -18.3333333333333 
CELLSIZE 0.0833333333333333 
NODATA_value -3.4e+38 
[rows 80 to 99 of 156, columns 44 to 87 of 180]
0.977819740772247 0.950746953487396 0.711211621761322 0.928431332111359 0.834642946720123 0.387061595916748 0.948745965957642 0.92548531293869 0.406569749116898 0.0442125126719475 0.0153678013011813 0.0308070946484804 0.0913242027163506 0.16542661190033 0.205897733569145 0.325845181941986 0.570790231227875 0.789615571498871 0.417849034070969 0.0527067296206951 0.0132278800010681 0.0109631419181824 0.0145990988239646 0.0136921843513846 0.00862808618694544 0.0107946442440152 0.026584567502141 0.0538791790604591 0.0688752084970474 0.0904974117875099 0.0718314200639725 0.0806381851434708 0.0565061047673225 0.0902702286839485 0.0656698271632195 0.0363995209336281 0.019405834376812 0.0129927033558488 0.0148004973307252 0.0138134509325027 0.0130886826664209 0.0130230421200395 0.0126892346888781 0.0126359919086099
0.98707902431488 0.991150736808777 0.841225802898407 0.993005335330963 0.941749513149261 0.617118358612061 0.29155769944191 0.783538162708282 0.203095406293869 0.029919670894742 0.0214677546173334 0.0408919081091881 0.0887202396988869 0.305988401174545 0.410164475440979 0.774868011474609 0.759915947914124 0.843769729137421 0.703307330608368 0.142399162054062 0.0270711723715067 0.0140339927747846 0.0116170309484005 0.0124482987448573 0.00971194356679916 0.0095461830496788 0.0119698652997613 0.0450899377465248 0.108782134950161 0.235037907958031 0.180059373378754 0.0838104039430618 0.162811353802681 0.0983564704656601 0.0772953107953072 0.109172396361828 0.0393260419368744 0.0160973202437162 0.0160491205751896 0.0148694077506661 0.0147943357005715 0.0135154677554965 0.0134478732943535 0.0133798224851489
0.984511733055115 0.990846693515778 0.956201612949371 0.987331390380859 0.994953811168671 0.987277805805206 0.3585145175457 0.236709877848625 0.151691541075706 0.0483657047152519 0.0227629709988832 0.0399523451924324 0.0514534264802933 0.452055037021637 0.479490876197815 0.903023481369019 0.976955652236938 0.930430114269257 0.59168529510498 0.106766059994698 0.149446472525597 0.0393998138606548 0.0249254610389471 0.029226528480649 0.0195978544652462 0.0151977641507983 0.0274428464472294 0.0385371409356594 0.0714143291115761 0.0906190872192383 0.175779476761818 0.135803908109665 0.371885657310486 0.371233195066452 0.262149810791016 0.0990504622459412 0.0936031639575958 0.033316757529974 0.019316079095006 0.0157733839005232 0.0156803261488676 0.0166006777435541 0.0147397210821509 0.013470777310431
0.978189587593079 0.930992901325226 0.820985198020935 0.994052767753601 0.985445082187653 0.994543254375458 0.988994538784027 0.548594236373901 0.1274354159832 0.0912861675024033 0.0322012007236481 0.023548997938633 0.107588462531567 0.484956830739975 0.985703110694885 0.993212282657623 0.979422271251678 0.496657907962799 0.220815494656563 0.403890252113342 0.328313291072845 0.106333151459694 0.0434955134987831 0.0215481631457806 0.0143626052886248 0.026220828294754 0.0529352426528931 0.131188794970512 0.164691790938377 0.270102798938751 0.559258639812469 0.85749477148056 0.723678231239319 0.53412526845932 0.692116022109985 0.316860169172287 0.114478081464767 0.048796284943819 0.0780618265271187 0.0308315213769674 0.0169784128665924 0.013835615478456 0.0123680699616671 0.0133799947798252
0.988067805767059 0.988952934741974 0.992734968662262 0.949490070343018 0.98590499162674 0.991461217403412 0.994654297828674 0.970437586307526 0.347739636898041 0.220495581626892 0.118840746581554 0.0299454387277365 0.0681383311748505 0.8494793176651 0.991384565830231 0.997772812843323 0.995885670185089 0.787718713283539 0.707255959510803 0.478224635124207 0.0873856097459793 0.146213561296463 0.10488860309124 0.0376388020813465 0.020521542057395 0.0243416912853718 0.0335106737911701 0.0630511492490768 0.159969508647919 0.419985890388489 0.740998983383179 0.915084779262543 0.993040680885315 0.954822540283203 0.996208906173706 0.966399490833282 0.229830622673035 0.184768199920654 0.187928855419159 0.137244641780853 0.0552378781139851 0.0177257303148508 0.0142539506778121 0.013003877364099
0.980211675167084 0.990388989448547 0.990032732486725 0.992167711257935 0.993248999118805 0.993535697460175 0.995425760746002 0.93924880027771 0.993077754974365 0.934878349304199 0.159803956747055 0.0697222724556923 0.031218383461237 0.179561138153076 0.681339800357819 0.994440019130707 0.997812628746033 0.997133493423462 0.67609041929245 0.114147402346134 0.393594086170197 0.191202536225319 0.0410471558570862 0.0282030664384365 0.0319707691669464 0.0579588338732719 0.150520026683807 0.313856542110443 0.448957234621048 0.196459054946899 0.237906321883202 0.320281088352203 0.990335404872894 0.995464205741882 0.99413537979126 0.829098105430603 0.392528921365738 0.145732969045639 0.212650611996651 0.169949889183044 0.101551815867424 0.0615957044064999 0.0186049919575453 0.0130826747044921
0.984114587306976 0.96679675579071 0.991953492164612 0.975390076637268 0.993704617023468 0.991714477539062 0.993930220603943 0.995788097381592 0.993961274623871 0.980291426181793 0.97191971540451 0.212165594100952 0.0607295148074627 0.0588325522840023 0.657025337219238 0.994103908538818 0.984519064426422 0.990315735340118 0.776466131210327 0.225686520338058 0.152354866266251 0.0898536592721939 0.0400566421449184 0.127860546112061 0.152739509940147 0.233491644263268 0.0911015197634697 0.23353423178196 0.446605175733566 0.839514851570129 0.957446694374084 0.839137196540833 0.572579920291901 0.995729207992554 0.996326923370361 0.946772992610931 0.413522630929947 0.22194117307663 0.0915131196379662 0.128524631261826 0.0614211894571781 0.0298996213823557 0.0467044524848461 0.0160132050514221
0.976614356040955 0.904598236083984 0.984774172306061 0.992415249347687 0.98404586315155 0.977763652801514 0.995235502719879 0.994758009910583 0.988967180252075 0.994521141052246 0.996395945549011 0.959920704364777 0.147983714938164 0.0423877537250519 0.077561229467392 0.860014796257019 0.994060695171356 0.766217947006226 0.238339602947235 0.10566034168005 0.0416091568768024 0.047414343804121 0.0398871675133705 0.0452162884175777 0.0613310895860195 0.0466120019555092 0.0625434070825577 0.0963131114840508 0.0793886482715607 0.154271423816681 0.127755641937256 0.755357623100281 0.95821475982666 0.524774610996246 0.988064289093018 0.994802236557007 0.538966953754425 0.5164994597435 0.152885958552361 0.0701258033514023 0.0843267068266869 0.0258202012628317 0.0171233508735895 0.0255083870142698
0.976578533649445 0.942182600498199 0.966881036758423 0.988501608371735 0.99188244342804 0.991989433765411 0.993882060050964 0.994490623474121 0.985111713409424 0.992649376392365 0.995869815349579 0.961628019809723 0.443588018417358 0.135199666023254 0.0447192303836346 0.160096421837807 0.951940357685089 0.604295551776886 0.145410880446434 0.117615967988968 0.150926560163498 0.0857366621494293 0.143277078866959 0.159002378582954 0.32684114575386 0.415173828601837 0.548141360282898 0.757451713085175 0.0857879593968391 0.652465879917145 0.218276515603065 0.283302903175354 0.58001983165741 0.984731256961823 0.881090641021729 0.995992004871368 0.994454979896545 0.471270531415939 0.193248689174652 0.0628378912806511 0.0384062305092812 0.0361584424972534 0.0170368086546659 0.0166696943342686
0.95789110660553 0.961237847805023 0.981756865978241 0.98460066318512 0.994213938713074 0.988760411739349 0.9771848320961 0.990911722183228 0.989776730537415 0.989486157894135 0.996007263660431 0.996122062206268 0.993095517158508 0.862801849842072 0.381729573011398 0.0527190826833248 0.336291968822479 0.488064557313919 0.256904929876328 0.206863671541214 0.376519203186035 0.196035161614418 0.752618372440338 0.648156881332397 0.624966204166412 0.871709823608398 0.513522207736969 0.153575584292412 0.644502282142639 0.778440773487091 0.905680298805237 0.921565353870392 0.911174476146698 0.980940163135529 0.994648993015289 0.968164086341858 0.994622230529785 0.388950854539871 0.27541595697403 0.0736518800258636 0.0504059642553329 0.0404854416847229 0.0193981658667326 0.0280148796737194
0.803018450737 0.927808344364166 0.978088021278381 0.990726828575134 0.99178010225296 0.991028130054474 0.983558773994446 0.979803085327148 0.982260644435883 0.972579658031464 0.993627309799194 0.992033779621124 0.991546511650085 0.995926439762115 0.992537021636963 0.148146793246269 0.100631400942802 0.441368937492371 0.420210540294647 0.866942584514618 0.422917127609253 0.444563001394272 0.701938450336456 0.989555835723877 0.9834343791008 0.789007365703583 0.137918531894684 0.862884223461151 0.986976683139801 0.571760833263397 0.956995368003845 0.990862250328064 0.986960411071777 0.906157732009888 0.944808185100555 0.993866741657257 0.993101894855499 0.947870075702667 0.919588387012482 0.171302989125252 0.0464299134910107 0.0290374122560024 0.0236714817583561 0.0339644066989422
0.793774902820587 0.904612302780151 0.970541656017303 0.962154924869537 0.982375681400299 0.987166285514832 0.985455989837646 0.83294552564621 0.993156969547272 0.973169326782227 0.99232691526413 0.992942631244659 0.988405168056488 0.994837880134583 0.939640700817108 0.643836677074432 0.0873502120375633 0.220880672335625 0.967038929462433 0.996606647968292 0.81041294336319 0.952380180358887 0.978841125965118 0.994999945163727 0.994449734687805 0.988547801971436 0.689874291419983 0.44383493065834 0.971004664897919 0.989479720592499 0.965143978595734 0.970500409603119 0.943556427955627 0.990994036197662 0.944547176361084 0.929585635662079 0.992667019367218 0.979629755020142 0.989570260047913 0.292989283800125 0.0607353746891022 0.0289648026227951 0.0250190794467926 0.0294298622757196
0.56341141462326 0.844417631626129 0.908982217311859 0.892382502555847 0.933369517326355 0.986718058586121 0.972839295864105 0.913745999336243 0.97156435251236 0.990617275238037 0.981962561607361 0.98337060213089 0.994261741638184 0.991767823696136 0.995458006858826 0.973388075828552 0.247242510318756 0.223435312509537 0.914641320705414 0.993792653083801 0.992920339107513 0.984027206897736 0.993390679359436 0.993557393550873 0.982829570770264 0.895466864109039 0.602518856525421 0.403571099042892 0.857152938842773 0.943434417247772 0.966415643692017 0.940266251564026 0.903609335422516 0.864144265651703 0.88075989484787 0.849583208560944 0.862842500209808 0.952706277370453 0.993795573711395 0.825146436691284 0.356295168399811 0.0903231725096703 0.0571806989610195 0.0522976107895374
0.437665700912476 0.559142827987671 0.686901926994324 0.813815534114838 0.79622620344162 0.952524781227112 0.979281783103943 0.979140996932983 0.937158942222595 0.972649276256561 0.986388504505157 0.990489304065704 0.963687896728516 0.986451148986816 0.995887517929077 0.993918836116791 0.821456372737885 0.16923700273037 0.320055603981018 0.646959841251373 0.989643394947052 0.995672047138214 0.990929305553436 0.994170427322388 0.988770544528961 0.984597623348236 0.985463440418243 0.669679582118988 0.975690722465515 0.928548693656921 0.923546373844147 0.852640926837921 0.794187009334564 0.822461366653442 0.820689141750336 0.805305063724518 0.775141537189484 0.791010200977325 0.913571834564209 0.956673264503479 0.973078429698944 0.459367096424103 0.547313153743744 0.301959216594696
0.409290075302124 0.479136675596237 0.616742491722107 0.6519535779953 0.737501859664917 0.869937300682068 0.958588480949402 0.965429723262787 0.983550906181335 0.977262198925018 0.9764803647995 0.980197906494141 0.986656963825226 0.839502811431885 0.921249270439148 0.992960870265961 0.994704067707062 0.837279319763184 0.367307841777802 0.989471077919006 0.993799924850464 0.983009040355682 0.951158881187439 0.973375916481018 0.945324242115021 0.931013524532318 0.961138069629669 0.951478660106659 0.977537095546722 0.945648908615112 0.923350393772125 0.873568832874298 0.789809823036194 0.719996392726898 0.678806185722351 0.663592219352722 0.722245037555695 0.732971370220184 0.825544714927673 0.832853257656097 0.939233601093292 0.994691789150238 0.983990907669067 0.967686057090759
0.435994982719421 0.401255995035172 0.498762398958206 0.570740222930908 0.700423121452332 0.792732238769531 0.905576705932617 0.906751930713654 0.948524355888367 0.948060929775238 0.977677524089813 0.972597360610962 0.989486455917358 0.87883847951889 0.883047223091125 0.862793922424316 0.993830978870392 0.991636395454407 0.586124837398529 0.498580694198608 0.991029977798462 0.974567830562592 0.973264694213867 0.987052261829376 0.983757376670837 0.839500248432159 0.952172875404358 0.961448788642883 0.842388331890106 0.836990594863892 0.784291863441467 0.825118601322174 0.683701992034912 0.682581782341003 0.762768447399139 0.712786972522736 0.652081549167633 0.665584146976471 0.681873857975006 0.74506413936615 0.722127318382263 0.853580713272095 0.840734541416168 0.8851038813591
0.376233965158463 0.410488158464432 0.412011682987213 0.478911429643631 0.640965163707733 0.773056507110596 0.829861700534821 0.838433563709259 0.861708998680115 0.876335263252258 0.933565497398376 0.957647264003754 0.955782473087311 0.978167653083801 0.988453388214111 0.944498717784882 0.735559582710266 0.988679945468903 0.991746008396149 0.517070949077606 0.868375599384308 0.989418625831604 0.9884113073349 0.709966659545898 0.971282482147217 0.984302699565887 0.881654262542725 0.784207999706268 0.722290635108948 0.808683156967163 0.723926424980164 0.719145238399506 0.645701229572296 0.632880449295044 0.708411931991577 0.671437919139862 0.674810588359833 0.652239143848419 0.667496204376221 0.677453696727753 0.678821623325348 0.670870006084442 0.579908907413483 0.59620863199234
0.403713524341583 0.400152713060379 0.39148274064064 0.4683518409729 0.522614300251007 0.619791686534882 0.689583837985992 0.69960629940033 0.809895873069763 0.824374318122864 0.897054195404053 0.953138411045074 0.91352391242981 0.958837032318115 0.978664457798004 0.986527025699615 0.990395188331604 0.591099321842194 0.742902398109436 0.701983094215393 0.504445016384125 0.375401735305786 0.904586672782898 0.986845076084137 0.965022385120392 0.933986961841583 0.966867089271545 0.896881818771362 0.843185424804688 0.785195231437683 0.752335429191589 0.669369697570801 0.573933184146881 0.624127566814423 0.570817887783051 0.584982633590698 0.623641669750214 0.626722574234009 0.526657581329346 0.604233086109161 0.61814945936203 0.542543649673462 0.431025862693787 0.498115062713623
0.327522546052933 0.371800899505615 0.398523598909378 0.461194962263107 0.49433496594429 0.542551159858704 0.641368389129639 0.683173537254333 0.719023287296295 0.755815088748932 0.826259076595306 0.881382703781128 0.958096027374268 0.863718688488007 0.975006639957428 0.985442876815796 0.989138424396515 0.971676647663116 0.987430989742279 0.993067681789398 0.956204116344452 0.989933729171753 0.887286782264709 0.968894600868225 0.928679883480072 0.920149326324463 0.877405285835266 0.774694561958313 0.818239986896515 0.788943469524384 0.72584730386734 0.663808047771454 0.590048491954803 0.63107430934906 0.590550065040588 0.53669661283493 0.591966807842255 0.577222943305969 0.608680367469788 0.486798316240311 0.487906455993652 0.538359999656677 0.483842939138412 0.383396416902542
0.250651270151138 0.27678456902504 0.355749279260635 0.398936361074448 0.478739142417908 0.569737792015076 0.627182483673096 0.654550194740295 0.700142562389374 0.780353248119354 0.747155904769897 0.843561887741089 0.906120419502258 0.913707494735718 0.975784242153168 0.970165431499481 0.97746604681015 0.988248825073242 0.991944909095764 0.991341829299927 0.990288436412811 0.991177618503571 0.973378419876099 0.93550318479538 0.931577920913696 0.91918933391571 0.87122768163681 0.85339093208313 0.833279430866241 0.928707420825958 0.833412170410156 0.656979441642761 0.686661958694458 0.513356149196625 0.537686288356781 0.580584943294525 0.545021653175354 0.588053405284882 0.659688353538513 0.499177396297455 0.476884633302689 0.457979172468185 0.441611081361771 0.399201273918152
