data/climate_estimation/maxent_output/Bomarea_angulata.asc
NCOLS 69 
NROWS 147 
XLLCORNER -79.5 
YLLCORNER -7.16666666666667 
CELLSIZE 0.0833333333333333 
NODATA_value -3.4e+38 
[rows 38 to 56 of 147, columns 0 to 41 of 69]
-3.4e+38 -3.4e+38 -3.4e+38 -3.4e+38 -3.4e+38 -3.4e+38 -3.4e+38 -3.4e+38 0.00298850005492568 -3.4e+38 -3.4e+38 0.00124425964895636 0.000837751140352339 0.00050653814105317 0.000316616700729355 0.000251927296631038 0.000237554457271472 0.000303776352666318 0.000544396229088306 0.00124968774616718 0.00417302362620831 0.00555756688117981 0.0064828391186893 0.00969283934682608 0.0148235773667693 0.0294107720255852 0.0136259589344263 0.0107735199853778 0.0114397536963224 0.0156833305954933 0.0397637747228146 0.0598069503903389 0.348933666944504 0.861350178718567 0.54775732755661 0.448154002428055 0.807004272937775 0.649662017822266 0.554705321788788 0.451288998126984 0.398536086082458 0.342507988214493
-3.4e+38 -3.4e+38 -3.4e+38 -3.4e+38 -3.4e+38 -3.4e+38 0.00377765693701804 0.0031155189499259 0.00276368134655058 0.00226982473395765 0.00172145909164101 0.00126444105990231 0.000778632645960897 0.000484414806123823 0.000255876191658899 0.000176245011971332 0.000177041787537746 0.000280751613900065 0.000617076060734689 0.00220902101136744 0.00486759515479207 0.00765958288684487 0.00916894339025021 0.0115967150777578 0.021899800747633 0.0568635873496532 0.0155532602220774 0.0166356731206179 0.0179674867540598 0.0290190111845732 0.118332527577877 0.271811693906784 0.592024207115173 0.870840728282928 0.795853435993195 0.66396152973175 0.766421139240265 0.59345543384552 0.495477706193924 0.35614275932312 0.307518631219864 0.300562500953674
-3.4e+38 -3.4e+38 -3.4e+38 -3.4e+38 -3.4e+38 0.00438916170969605 0.00397469662129879 0.00342215155251324 0.00296031893230975 0.00252085621468723 0.00187657843343914 0.00121911126188934 0.000772380910348147 0.000425566016929224 0.000247898424277082 0.000139667870826088 0.000141284763230942 0.000241492336499505 0.000671407498884946 0.00295907375402749 0.00471768947318196 0.0113690234720707 0.0447398275136948 0.0179676245898008 0.029727078974247 0.0452547185122967 0.0216320343315601 0.0207942277193069 0.0314035229384899 0.116846241056919 0.378194093704224 0.691727995872498 0.61252897977829 0.78322559595108 0.837293922901154 0.719351291656494 0.511141359806061 0.334356695413589 0.30119851231575 0.285605132579803 0.226188123226166 0.189382046461105
-3.4e+38 -3.4e+38 -3.4e+38 -3.4e+38 -3.4e+38 0.00445781601592898 0.00434508686885238 0.00336262490600348 0.00298385019414127 0.00245362403802574 0.00191963545512408 0.00128603412304074 0.000812702812254429 0.000489254598505795 0.00029837602050975 0.000193274085177109 0.000237616171943955 0.000300185289233923 0.000995697570033371 0.00227264291606843 0.00670496141538024 0.0252253096550703 0.160037755966187 0.161631748080254 0.0283939763903618 0.0290030334144831 0.0301527306437492 0.0436639003455639 0.0632467120885849 0.231760203838348 0.375886797904968 0.445196032524109 0.456279516220093 0.440593004226685 0.792918503284454 0.663993000984192 0.499034255743027 0.292085528373718 0.263573378324509 0.208011358976364 0.191964909434319 0.171657860279083
-3.4e+38 -3.4e+38 -3.4e+38 -3.4e+38 -3.4e+38 0.00439632032066584 0.00402686698362231 0.00342401186935604 0.00305441999807954 0.00234515382908285 0.00174289604183286 0.00129174429457635 0.000850459153298289 0.000638980884104967 0.000530321965925395 0.00044082966633141 0.000646639964543283 0.00091276754392311 0.00179676397237927 0.00337930233217776 0.00983533822000027 0.0566440410912037 0.281324028968811 0.299736022949219 0.0266185328364372 0.0406153798103333 0.0893556103110313 0.240260496735573 0.28980615735054 0.381356090307236 0.621698081493378 0.372251003980637 0.5758256316185 0.685162484645844 0.461854338645935 0.218545511364937 0.452954828739166 0.286361664533615 0.214355304837227 0.144015297293663 0.131434231996536 0.117729976773262
-3.4e+38 -3.4e+38 -3.4e+38 -3.4e+38 -3.4e+38 -3.4e+38 -3.4e+38 0.00288534443825483 0.00250718579627573 0.00224149064160883 0.00173559761606157 0.00143735285382718 0.0011484760325402 0.000950098095927387 0.000910889415536076 0.000944272906053811 0.00104828015901148 0.00140115979593247 0.00296301604248583 0.00492704380303621 0.012897627428174 0.0775758251547813 0.293464839458466 0.123312160372734 0.0753152444958687 0.229923039674759 0.114535771310329 0.179313078522682 0.166579693555832 0.379751324653625 0.498395651578903 0.317927002906799 0.594831347465515 0.298195481300354 0.0370455347001553 0.184412613511086 0.107119135558605 0.149481281638145 0.162986069917679 0.12878979742527 0.11150549352169 0.0566825717687607
-3.4e+38 -3.4e+38 -3.4e+38 -3.4e+38 -3.4e+38 -3.4e+38 0.00313541991636157 0.00268372567370534 0.00253670569509268 0.00221414444968104 0.00216490868479013 0.0016961086075753 0.00145766488276422 0.00125651247799397 0.00114106037653983 0.00101851730141789 0.000906970293726772 0.0028979133348912 0.0115393334999681 0.0172772593796253 0.0202223360538483 0.146840736269951 0.35031846165657 0.215851500630379 0.153005495667458 0.364232301712036 0.368068039417267 0.454275041818619 0.529426395893097 0.537418723106384 0.330851644277573 0.304345488548279 0.297866225242615 0.370499461889267 0.0743063315749168 0.0124433692544699 0.0727436542510986 0.0549297370016575 0.116451859474182 0.0657689496874809 0.0667203888297081 0.0129916463047266
-3.4e+38 -3.4e+38 -3.4e+38 -3.4e+38 -3.4e+38 0.00303763570263982 0.00302492384798825 0.00305016385391355 0.00285554607398808 0.00275124935433269 0.0025590630248189 0.00224528671242297 0.001988465199247 0.00173798832111061 0.00125858082901686 0.000929853180423379 0.00396315474063158 0.0704527422785759 0.0905202999711037 0.0865628719329834 0.17833337187767 0.441614270210266 0.439493179321289 0.389232277870178 0.466790556907654 0.554978430271149 0.70536744594574 0.858596980571747 0.742522776126862 0.652249813079834 0.302289873361588 0.101089417934418 0.194231629371643 0.202246159315109 0.0461907014250755 0.00531092891469598 0.00720247300341725 0.0524474196135998 0.0260405614972115 0.0151443937793374 0.00540373288094997 0.0016708557959646
-3.4e+38 -3.4e+38 -3.4e+38 -3.4e+38 0.00417129322886467 0.00355513929389417 0.00342615135014057 0.00299305468797684 0.00302047003060579 0.00326023157685995 0.00313084060326219 0.00295493868179619 0.00273202359676361 0.00209292420186102 0.0018823902355507 0.00397398695349693 0.030158556997776 0.0661764591932297 0.207187131047249 0.471397161483765 0.732659041881561 0.854761719703674 0.77793300151825 0.795190572738647 0.693103313446045 0.873290598392487 0.962776899337769 0.875636875629425 0.39438796043396 0.364584118127823 0.329921245574951 0.143116593360901 0.189804330468178 0.110663503408432 0.0068457736633718 0.015874344855547 0.0646241754293442 0.0322526358067989 0.00240527326241136 0.00131645915098488 0.000565141439437866 0.000407314742915332
-3.4e+38 -3.4e+38 -3.4e+38 0.00487465597689152 0.00431385356932878 0.00399449001997709 0.00324984849430621 0.00309901731088758 0.00325449113734066 0.0036720298230648 0.00376116973347962 0.00370143074542284 0.00384952314198017 0.00326080084778368 0.0031681323889643 0.0113715510815382 0.187426790595055 0.117436848580837 0.527837753295898 0.769060850143433 0.943938255310059 0.954901039600372 0.975114464759827 0.916652858257294 0.851936221122742 0.965995132923126 0.912564635276794 0.770195841789246 0.718726456165314 0.430236101150513 0.154884293675423 0.0774868875741959 0.0366840995848179 0.0229656044393778 0.00275792414322495 0.00451847957447171 0.0207619536668062 0.00138202856760472 0.000596847210545093 0.000514870567712933 0.000439875002484769 0.000395614479202777
0.00898495875298977 0.00621684128418565 0.00520166242495179 0.0046514687128365 0.00396781926974654 0.00303669227287173 0.002762739546597 0.00269512902013958 0.00322931818664074 0.00394182140007615 0.00478885183110833 0.00482177408412099 0.00516787357628345 0.00656604999676347 0.0135035654529929 0.0492136217653751 0.119581744074821 0.442537784576416 0.769935011863708 0.954789817333221 0.973371505737305 0.986500561237335 0.985673666000366 0.972143590450287 0.928749799728394 0.969398558139801 0.877111911773682 0.705576598644257 0.635811805725098 0.213729485869408 0.120479203760624 0.148387923836708 0.0876859873533249 0.00686286389827728 0.000994892907328904 0.00111385702621192 0.00079563504550606 0.000564394984394312 0.000510168145410717 0.000458291353425011 0.000447534228442237 0.000423265475546941
0.00632893014699221 0.00553476391360164 0.00446708872914314 0.00376756535843015 0.00321930390782654 0.00235356204211712 0.00227200007066131 0.00273542641662061 0.00332472077570856 0.00437629595398903 0.00535746617242694 0.00734677631407976 0.0162933357059956 0.0889319181442261 0.0978734195232391 0.14622075855732 0.455784440040588 0.871408879756927 0.977096915245056 0.972197473049164 0.981121361255646 0.990964472293854 0.985608220100403 0.987007200717926 0.98073822259903 0.869101762771606 0.75911945104599 0.522961318492889 0.385692715644836 0.163469761610031 0.124304212629795 0.106575801968575 0.0633819177746773 0.00211140280589461 0.000915513199288398 0.000709210929926485 0.000648574088700116 0.000607077847234905 0.000500152178574353 0.000524405855685472 0.000491053913719952 0.000444897217676044
0.00605490524321795 0.00461235316470265 0.00382995884865522 0.00317823397926986 0.002552121412009 0.00205820938572288 0.00198625517077744 0.00262120459228754 0.00343218422494829 0.0051294369623065 0.00932024512439966 0.0217590145766735 0.0193235538899899 0.0985695272684097 0.305237472057343 0.563871562480927 0.740066885948181 0.902439296245575 0.988834142684937 0.983027160167694 0.992559194564819 0.993436813354492 0.986571669578552 0.975623607635498 0.9525266289711 0.855293393135071 0.864791393280029 0.352299243211746 0.283630549907684 0.191337272524834 0.106231808662415 0.0170746352523565 0.00377200823277235 0.00140296039171517 0.00102840352337807 0.000916208315175027 0.000689979118760675 0.000689107400830835 0.000595780729781836 0.000573356868699193 0.000538652937393636 0.000502334674820304
0.00516495341435075 0.00402478175237775 0.0033892837818712 0.00290275854058564 0.00244763516820967 0.0021837274543941 0.00211823172867298 0.00248121446929872 0.00430929940193892 0.0117714898660779 0.0350804328918457 0.117462567985058 0.0652839913964272 0.0768610537052155 0.135332763195038 0.517438292503357 0.909950971603394 0.993588447570801 0.98934531211853 0.992255449295044 0.992156565189362 0.979134738445282 0.97176992893219 0.966006517410278 0.914467036724091 0.889888167381287 0.817087292671204 0.448141008615494 0.237472459673882 0.0631977990269661 0.0124428262934089 0.00359377474524081 0.00217580585740507 0.00160627800505608 0.00134638103190809 0.00109748961403966 0.000878569495398551 0.000722464406862855 0.000675001938361675 0.000611217692494392 0.000597124337218702 0.000587847200222313
0.00417045503854752 0.00321944616734982 0.00294922455213964 0.00240350514650345 0.00229276390746236 0.00237381644546986 0.00223358836956322 0.00304243620485067 0.00560529297217727 0.014584856107831 0.059451874345541 0.120344154536724 0.177217274904251 0.321443557739258 0.567608118057251 0.530734539031982 0.963624715805054 0.9980788230896 0.998197495937347 0.995634973049164 0.995482563972473 0.984910190105438 0.969795763492584 0.937009572982788 0.913409054279327 0.73916494846344 0.578668177127838 0.236879467964172 0.0586034804582596 0.0123820155858994 0.00501999678090215 0.00302664749324322 0.00216915621422231 0.00167634396348149 0.00145445216912776 0.00124138570390642 0.000967854110058397 0.000861662032548338 0.000754496839363128 0.000713162997271866 0.000648220768198371 0.000663550104945898
0.00303356861695647 0.00235662143677473 0.00213040318340063 0.002121641067788 0.00203051324933767 0.00198152335360646 0.00323577015660703 0.00649392092600465 0.0127346804365516 0.0228881109505892 0.0532129220664501 0.153525948524475 0.345244586467743 0.672931313514709 0.796386420726776 0.94537615776062 0.943452179431915 0.999529719352722 0.997275412082672 0.999072253704071 0.977931141853333 0.971711456775665 0.94896388053894 0.917270958423615 0.837935626506805 0.504941046237946 0.471330642700195 0.0956080257892609 0.0152614247053862 0.00789977237582207 0.00493695680052042 0.00316628185100853 0.0020984997972846 0.00168425578158349 0.00140032113995403 0.00113611668348312 0.000969435379374772 0.000927347748074681 0.000864748959429562 0.000756278168410063 0.000758455309551209 0.00071653031045571
0.00182560028042644 0.00160988478455693 0.001501833088696 0.0015359710669145 0.00184672593604773 0.00297482125461102 0.00735863810405135 0.0237537119537592 0.0624985545873642 0.0547130145132542 0.122291691601276 0.403467983007431 0.922637522220612 0.988194763660431 0.997288167476654 0.988320350646973 0.94257390499115 0.999696791172028 0.997572302818298 0.995372772216797 0.982290685176849 0.986422717571259 0.95605081319809 0.944069623947144 0.726253151893616 0.543759167194366 0.118578188121319 0.0177453104406595 0.00853115506470203 0.00591353280469775 0.0043730977922678 0.00298787979409099 0.00209479127079248 0.00168834871146828 0.00133938749786466 0.000885494751855731 0.00083664053818211 0.000862063956446946 0.000886165595147759 0.000852048920933157 0.000867308874148875 0.000804971728939563
0.00113987014628947 0.00092840485740453 0.000858169514685869 0.000993580208159983 0.00118820951320231 0.00246185949072242 0.0124754393473268 0.0831223130226135 0.152522712945938 0.13245689868927 0.388777375221252 0.430742174386978 0.91820102930069 0.990422785282135 0.995847284793854 0.971027016639709 0.885333657264709 0.987898886203766 0.999728500843048 0.998745381832123 0.996999979019165 0.980224132537842 0.925289034843445 0.876276910305023 0.627586662769318 0.26956170797348 0.031007919460535 0.00904741510748863 0.00604514544829726 0.00520991487428546 0.00399577198550105 0.00314497225917876 0.00214969459921122 0.00176920753438026 0.0013592328177765 0.000934188487008214 0.000902732717804611 0.000946870888583362 0.00102108612190932 0.000958723539952189 0.000980428187176585 0.000979590229690075
0.000744988734368235 0.000595995341427624 0.000530537799932063 0.000530800549313426 0.000718918570782989 0.00175515306182206 0.0204022880643606 0.0806096419692039 0.200833186507225 0.289491474628448 0.527011692523956 0.333135813474655 0.666418552398682 0.991233170032501 0.996833026409149 0.961735546588898 0.995154440402985 0.999540269374847 0.999861538410187 0.998950362205505 0.993237137794495 0.979260921478271 0.940291523933411 0.663757145404816 0.435258477926254 0.0656227990984917 0.0134945856407285 0.00809416640549898 0.00532552832737565 0.00436820602044463 0.00363021553494036 0.002791000995785 0.00229072035290301 0.00181558530312032 0.00144586688838899 0.00113396334927529 0.00102404784411192 0.00110941613093019 0.00108617928344756 0.00116085098125041 0.0011072619818151 0.00114391907118261
