data/climate_estimation/maxent_output/Bomarea_multiflora.asc
NCOLS 201 
NROWS 372 
XLLCORNER -80.3333333333333 
YLLCORNER -19.3333333333333 
CELLSIZE 0.0833333333333333 
NODATA_value -3.4e+38 
[rows 209 to 227 of 372, columns 84 to 125 of 201]
0.00467410171404481 0.00478792190551758 0.00504208309575915 0.00507948081940413 0.00543434452265501 0.00608044769614935 0.00601210491731763 0.00645604636520147 0.00712570874020457 0.00686885556206107 0.00646394584327936 0.00688843987882137 0.00738094141706824 0.00727060530334711 0.00725832208991051 0.00755407987162471 0.00798614323139191 0.00806331168860197 0.00859206821769476 0.00842540711164474 0.00838340725749731 0.00836924090981483 0.00806548446416855 0.00864099152386189 0.00926966406404972 0.00925333332270384 0.0086842393502593 0.00901877135038376 0.00897115468978882 0.00883814599364996 0.00858294311910868 0.00910062342882156 0.00964916963130236 0.00887977238744497 0.0090075945481658 0.00941527914255857 0.0101628489792347 0.0110685890540481 0.010300287976861 0.0103934146463871 0.0110139027237892 0.0104087945073843
0.00456307549029589 0.0046255667693913 0.0050475774332881 0.00537957297638059 0.00551933562383056 0.00562885543331504 0.00640822574496269 0.00703050429001451 0.00699521275237203 0.00641016010195017 0.00688915327191353 0.00724612781777978 0.00731692602857947 0.00741496914997697 0.0073422878049314 0.00773727102205157 0.00778872659429908 0.00823061633855104 0.00849482696503401 0.00812162645161152 0.00782709196209908 0.0077876066789031 0.00839855428785086 0.0086942333728075 0.00915192347019911 0.00858903955668211 0.00870395451784134 0.00880308728665113 0.00846472103148699 0.00838779751211405 0.00904594827443361 0.00946987420320511 0.00905685406178236 0.00878639426082373 0.00916373915970325 0.0092250807210803 0.010303751565516 0.0101242074742913 0.0102626699954271 0.0101625081151724 0.00995700340718031 0.00961323641240597
0.0045782015658915 0.00484821805730462 0.00521061196923256 0.00501261418685317 0.00583804864436388 0.00586138339713216 0.00625827629119158 0.00620993180200458 0.00642930064350367 0.00635361764580011 0.00677106576040387 0.00706138322129846 0.00702758319675922 0.00702740345150232 0.00706233317032456 0.00777982454746962 0.00822153687477112 0.00819407403469086 0.00811598543077707 0.00787342619150877 0.00865861680358648 0.00798950158059597 0.00857259053736925 0.00910390354692936 0.00905613508075476 0.00837003625929356 0.00845002755522728 0.00808574631810188 0.0087022827938199 0.00913108699023724 0.00942183285951614 0.0093911737203598 0.00857711397111416 0.0091317780315876 0.0101815387606621 0.00950592011213303 0.0107932658866048 0.00989932101219893 0.010290514677763 0.00989201292395592 0.00944042112678289 0.00964753422886133
0.00454630935564637 0.00489050196483731 0.00506908306851983 0.00536024896427989 0.00564119126647711 0.00574663607403636 0.00671760272234678 0.00666212663054466 0.0061545348726213 0.00679191388189793 0.00678890943527222 0.00667518097907305 0.0064754756167531 0.00690075848251581 0.0069315112195909 0.00726190861314535 0.00816516950726509 0.0081361373886466 0.00768593745306134 0.00838516652584076 0.00851116981357336 0.00842674542218447 0.00852506887167692 0.00894067902117968 0.00902571249753237 0.00854075886309147 0.00860057398676872 0.00872258376330137 0.00943037215620279 0.00946209114044905 0.00891902297735214 0.00903299450874329 0.00820218864828348 0.00905584171414375 0.00981009192764759 0.00961859710514545 0.00972829107195139 0.0100916037335992 0.0101087391376495 0.00999481044709682 0.00946999248117208 0.00940843205899
0.00476177874952555 0.00472781388089061 0.00558130396530032 0.00587073713541031 0.00566211948171258 0.00621975027024746 0.00630035111680627 0.00628869235515594 0.00665621925145388 0.00686040567234159 0.00695471884682775 0.00633661774918437 0.0070612165145576 0.00766284065321088 0.0071079907938838 0.00753694865852594 0.00793855357915163 0.00816814880818129 0.00823585316538811 0.00823585316538811 0.00838305056095123 0.00835535675287247 0.0083662923425436 0.00887359119951725 0.00915663689374924 0.00842043943703175 0.00861315615475178 0.00853684358298779 0.00913895852863789 0.00855743419378996 0.00827337708324194 0.00833369512110949 0.00817335303872824 0.00817837752401829 0.00893672648817301 0.00971275195479393 0.00989280454814434 0.00984606798738241 0.00963842961937189 0.00977907236665487 0.00942180212587118 0.00867883209139109
0.00479348376393318 0.00461137155070901 0.00528871268033981 0.00571807799860835 0.00595787400379777 0.0061001293361187 0.00597440404817462 0.00601398479193449 0.0061678416095674 0.00666115758940578 0.00691603729501367 0.00698843458667397 0.00741023570299149 0.00694852601736784 0.00701783550903201 0.00741917453706264 0.00806428119540215 0.00793204549700022 0.00776312267407775 0.00764295645058155 0.00753913912922144 0.00802040286362171 0.00872125849127769 0.00867393054068089 0.00846322812139988 0.00843272916972637 0.00869144685566425 0.00867755617946386 0.00909831840544939 0.00863050669431686 0.00867079570889473 0.00901095848530531 0.0083807772025466 0.00833784323185682 0.00888743624091148 0.0094198789447546 0.00951363518834114 0.00971443485468626 0.00989158172160387 0.00897619035094976 0.00858951173722744 0.00869091786444187
0.00487253209576011 0.0046107373200357 0.00485197780653834 0.00586838508024812 0.00609721336513758 0.00594397634267807 0.00591340055689216 0.00627210596576333 0.00617830874398351 0.00627870531752706 0.00653935316950083 0.00672892481088638 0.00706792436540127 0.00730048352852464 0.00738621316850185 0.00734519539400935 0.00805226154625416 0.0079917386174202 0.00803876854479313 0.00739111984148622 0.00770502258092165 0.00841615721583366 0.00873391330242157 0.00838252063840628 0.00830276124179363 0.00821065623313189 0.00829264055937529 0.00817984901368618 0.00777630647644401 0.00809072516858578 0.00865009892731905 0.00817746017128229 0.00816945545375347 0.00819249264895916 0.00851885322481394 0.00947216246277094 0.0095897912979126 0.00899765454232693 0.0083513930439949 0.00832429900765419 0.00837935972958803 0.00864221714437008
0.00470927823334932 0.00502656772732735 0.00500099547207355 0.00555976200848818 0.00594138586893678 0.00640533678233624 0.00622362364083529 0.00623008422553539 0.00616843393072486 0.00622605578973889 0.00656005553901196 0.00659847911447287 0.00714721856638789 0.00728756794705987 0.00716094998642802 0.0074629308655858 0.00788474269211292 0.00822574272751808 0.0078349094837904 0.00746986968442798 0.00795186776667833 0.00797568913549185 0.00813199672847986 0.00750485388562083 0.0081903450191021 0.00847883243113756 0.00801577512174845 0.0080903135240078 0.00775654055178165 0.00848814193159342 0.00803392007946968 0.00807705521583557 0.00816402770578861 0.00811040587723255 0.00874445773661137 0.0089089423418045 0.00877908710390329 0.00883900560438633 0.00889725051820278 0.0091297160834074 0.00922160595655441 0.00814213138073683
0.00477145472541451 0.00468606501817703 0.00470804143697023 0.00563715817406774 0.00590618746355176 0.005874780472368 0.0062486557289958 0.00622637290507555 0.0057066404260695 0.00656231353059411 0.0066484734416008 0.00732684880495071 0.00717728585004807 0.00773202627897263 0.0077018472366035 0.0074268295429647 0.00789674837142229 0.00790582504123449 0.00742478389292955 0.00752088986337185 0.00804064981639385 0.00794832035899162 0.00796161778271198 0.00808960292488337 0.00833309255540371 0.00772429117932916 0.00831933785229921 0.00802916847169399 0.00798175390809774 0.00791721697896719 0.00798763148486614 0.00847694743424654 0.00818027649074793 0.0089089423418045 0.00953897181898355 0.00890746433287859 0.00892225746065378 0.00870377942919731 0.0089359637349844 0.00835343636572361 0.00838028453290462 0.00825268961489201
0.00484507763758302 0.00486185401678085 0.00504472246393561 0.00532721960917115 0.0057345163077116 0.00573856569826603 0.00570693146437407 0.00575016671791673 0.00623715342953801 0.00643076933920383 0.00693698693066835 0.00708751333877444 0.00715661467984319 0.00762613816186786 0.00713157933205366 0.00715643400326371 0.00759927509352565 0.00730784749612212 0.00752736674621701 0.00777404569089413 0.00857704132795334 0.00782523211091757 0.00873403158038855 0.00824402086436749 0.00810784008353949 0.00814828835427761 0.00797936506569386 0.00753944925963879 0.00766446813941002 0.00791220925748348 0.00828628055751324 0.0080866040661931 0.00870620738714933 0.00914174690842628 0.00920097343623638 0.00929177459329367 0.00877158809453249 0.00867385882884264 0.00860912818461657 0.00880720186978579 0.00881575047969818 0.00795730948448181
0.00448253657668829 0.00476178573444486 0.00535765662789345 0.00584733719006181 0.00576994102448225 0.00569153111428022 0.0059995730407536 0.00581679074093699 0.00616652797907591 0.00663260091096163 0.00687359413132071 0.00692712143063545 0.00704852072522044 0.00688633369281888 0.00690234825015068 0.00725617073476315 0.00725535396486521 0.00689146341755986 0.00780654093250632 0.00811373628675938 0.00784473214298487 0.00850666593760252 0.00785166118294001 0.00809904467314482 0.00848998688161373 0.00801011547446251 0.00832009315490723 0.00840266607701778 0.00820236839354038 0.00823362451046705 0.00838344171643257 0.0084121311083436 0.00843964889645576 0.00806062202900648 0.00857507158070803 0.00876953545957804 0.00823833607137203 0.00826047360897064 0.00836469512432814 0.00807666964828968 0.00778571795672178 0.00699489656835794
0.00452665844932199 0.00511418981477618 0.00527464505285025 0.00559200718998909 0.00560482405126095 0.00551909254863858 0.00570015655830503 0.00589078292250633 0.00648808991536498 0.00700528267771006 0.00708670448511839 0.00738356076180935 0.00680615939199924 0.00742293335497379 0.00711623765528202 0.0067404517903924 0.00687451614066958 0.00724410684779286 0.0077969878911972 0.00824195519089699 0.00837617460638285 0.00848723854869604 0.00773341674357653 0.00799659267067909 0.00845645274966955 0.00791918858885765 0.00814803410321474 0.00777494162321091 0.00830203387886286 0.0079314848408103 0.00753973051905632 0.00781710632145405 0.00792773347347975 0.00761818280443549 0.00762876868247986 0.00758589152246714 0.00721907895058393 0.00719453068450093 0.00697453692555428 0.00715834414586425 0.00680121779441833 0.00668058032169938
0.00466725928708911 0.00495900958776474 0.00574471382424235 0.00553794065490365 0.00583673687651753 0.00568676926195621 0.00582060031592846 0.00633882218971848 0.0068027307279408 0.00723063852638006 0.00728478096425533 0.00761871924623847 0.00737017951905727 0.0067317676730454 0.00651420699432492 0.00698577938601375 0.00694081699475646 0.00741131417453289 0.00792772322893143 0.00817686412483454 0.00820834469050169 0.00773332826793194 0.00844219233840704 0.00791002810001373 0.00748331937938929 0.0074375681579113 0.00765133090317249 0.00696239294484258 0.00701983040198684 0.00718069914728403 0.00691137881949544 0.00683297496289015 0.00685758981853724 0.00705030839890242 0.00727310730144382 0.0071131382137537 0.00713648740202188 0.0071761216968298 0.00712068565189838 0.0065453234128654 0.00667390646412969 0.00662052445113659
0.00488048000261188 0.00501746777445078 0.0054367370903492 0.00581916188821197 0.00576503481715918 0.0054679224267602 0.00583935994654894 0.00633077975362539 0.00709060300141573 0.00733808521181345 0.007593157235533 0.00719151366502047 0.00668386369943619 0.00660896860063076 0.00712706381455064 0.00664188247174025 0.00720180571079254 0.00735595589503646 0.00729700364172459 0.00798859540373087 0.00761364120990038 0.00770244607701898 0.00735965697094798 0.00764665612950921 0.00706208776682615 0.00700579676777124 0.00682676024734974 0.00700603378936648 0.00706392899155617 0.00717458641156554 0.00704774167388678 0.00674654543399811 0.00675516808405519 0.00689220149070024 0.00722366943955421 0.00694690970703959 0.00650312472134829 0.00665312446653843 0.00664617214351892 0.0071527985855937 0.00715261558070779 0.00729468837380409
0.00517168128862977 0.0053249909542501 0.00549044366925955 0.00562827056273818 0.00551980268210173 0.00583759695291519 0.00611076503992081 0.006422049831599 0.00688276626169682 0.00674599967896938 0.00709145655855536 0.00672374526038766 0.0069764694198966 0.00714547140523791 0.00678349006921053 0.00641764746978879 0.0070124245248735 0.00704620406031609 0.00670402310788631 0.0070131802931428 0.00677328417077661 0.00694332597777247 0.00674360152333975 0.00680384458974004 0.00630967319011688 0.00621215207502246 0.00685727735981345 0.0070617850869894 0.00705683510750532 0.00699882535263896 0.00711600575596094 0.00689894892275333 0.00720973219722509 0.00746957631781697 0.00680641736835241 0.00687449425458908 0.0069466051645577 0.00709532061591744 0.00689431559294462 0.00717827770859003 0.00710986694321036 0.007016537245363
0.00502110179513693 0.00539571419358253 0.00581969367340207 0.0056598992086947 0.00604577176272869 0.00600596889853477 0.00600100122392178 0.00604176660999656 0.00602279510349035 0.00654112687334418 0.00649945391342044 0.00635962560772896 0.00702108396217227 0.00693689333274961 0.00671723345294595 0.00682141585275531 0.00687238434329629 0.00631669955328107 0.0067935548722744 0.00647629145532846 0.00647596316412091 0.00632758485153317 0.00599766848608851 0.00617359206080437 0.00642763823270798 0.00674379104748368 0.0067443042062223 0.00690585933625698 0.0070540439337492 0.00704521918669343 0.00689587136730552 0.00671597290784121 0.007228909060359 0.00715434271842241 0.00720063177868724 0.00747848208993673 0.00743131386116147 0.00698551069945097 0.00703155715018511 0.00710799265652895 0.00738069554790854 0.00768437748774886
0.00477785943076015 0.00516208354383707 0.00528445187956095 0.00519917020574212 0.00567784626036882 0.00535355368629098 0.00551508227363229 0.00568451127037406 0.00586731126531959 0.0063144052401185 0.00627137161791325 0.00649941945448518 0.00693527422845364 0.00733996881172061 0.00679434789344668 0.00673436233773828 0.00644623441621661 0.00659836968407035 0.00636408571153879 0.00629388727247715 0.00584084074944258 0.00626615853980184 0.00649949954822659 0.00647133169695735 0.0066736931912601 0.00669956766068935 0.00718844868242741 0.00757571868598461 0.0074701439589262 0.00674620503559709 0.00629968661814928 0.00657663121819496 0.00738856149837375 0.00716962479054928 0.00700535299256444 0.00740750320255756 0.00756653351709247 0.00692749628797174 0.00683902250602841 0.00744241429492831 0.00733423652127385 0.00694854371249676
0.00479014404118061 0.00491865491494536 0.00526064448058605 0.00553722586482763 0.00550963543355465 0.00561196031048894 0.00555465742945671 0.0060220523737371 0.00610401760786772 0.0064773946069181 0.00645224237814546 0.00640870770439506 0.00669737160205841 0.00658273976296186 0.00626956112682819 0.0060966769233346 0.00609914353117347 0.00600601127371192 0.00599619001150131 0.00608001090586185 0.00626967148855329 0.0063299210742116 0.00615876400843263 0.00681164534762502 0.00659167766571045 0.00652550347149372 0.00688801798969507 0.00715951016172767 0.00690219085663557 0.00635943794623017 0.00651795091107488 0.00708356779068708 0.00747999688610435 0.00754383904859424 0.00771596049889922 0.00791828613728285 0.00713380472734571 0.00707159377634525 0.00718945218250155 0.00736473128199577 0.00689897313714027 0.00638920767232776
0.00475017307326198 0.00528181716799736 0.00532696535810828 0.00538204098120332 0.00577716063708067 0.00571133894845843 0.00606706831604242 0.00590782379731536 0.00599455274641514 0.00607631914317608 0.00582186924293637 0.00591749884188175 0.00606652582064271 0.00617300719022751 0.00620751501992345 0.00638270284980536 0.00614488357678056 0.00602937489748001 0.00627396628260612 0.00653157057240605 0.00665933871641755 0.00654502166435122 0.00625872379168868 0.00663350336253643 0.00624729786068201 0.00690697133541107 0.00682213669642806 0.00618215603753924 0.00628920458257198 0.00646370276808739 0.00678302394226193 0.00699536176398396 0.00769021222367883 0.00756848603487015 0.00763127394020557 0.0071830665692687 0.00686843367293477 0.00685117999091744 0.00714593939483166 0.00689087621867657 0.00641087349504232 0.00643075862899423
