data/climate_estimation/maxent_output/Bomarea_involucrosa.asc
NCOLS 96 
NROWS 84 
XLLCORNER -76.8333333333333 
YLLCORNER -16 
CELLSIZE 0.0833333333333333 
NODATA_value -3.4e+38 
[rows 19 to 37 of 84, columns 44 to 87 of 96]
0.00323152937926352 0.00318200048059225 0.00322910258546472 0.00332748959772289 0.00358340214006603 0.003575170179829 0.00387694407254457 0.00413586478680372 0.00490042567253113 0.00555999903008342 0.00538244238123298 0.005639404989779 0.00565900234505534 0.00593863846734166 0.00612201262265444 0.00612988835200667 0.00610755197703838 0.00624585058540106 0.0063439579680562 0.00608052080497146 0.00655314512550831 0.00694488594308496 0.00725453207269311 0.00755188567563891 0.00759567692875862 0.00855983234941959 0.00870803277939558 0.00878304708749056 0.00904456060379744 0.00971562042832375 0.0101015930995345 0.0104739367961884 0.0113329412415624 0.0114826858043671 0.0119925709441304 0.0122820464894176 0.0115372268483043 0.01205899938941 0.0130256665870547 0.0140198329463601 0.0137853566557169 0.0143804708495736 0.0151717327535152 0.0158928744494915
0.00335720973089337 0.00323430541902781 0.00346109736710787 0.00345788267441094 0.00374440033920109 0.00394042348489165 0.00403686054050922 0.00438964040949941 0.00521629815921187 0.00521131651476026 0.00532408570870757 0.00556894624605775 0.00565946567803621 0.00535057578235865 0.00533016584813595 0.00574641581624746 0.00545996800065041 0.00547623680904508 0.00594511674717069 0.00624751579016447 0.00671646045520902 0.00687256641685963 0.00701754493638873 0.00869693234562874 0.00821042899042368 0.0083839874714613 0.00862609315663576 0.00892152637243271 0.00910906493663788 0.00955334026366472 0.00950224418193102 0.0102600585669279 0.0109952921047807 0.012060122564435 0.012311689555645 0.0122555112466216 0.0133176194503903 0.0136518683284521 0.0144630363211036 0.0142635125666857 0.0152638349682093 0.0148017341271043 0.0150334341451526 0.0157814733684063
0.00324041745625436 0.00315073993988335 0.00366439111530781 0.00380083336494863 0.00404965505003929 0.00428136670961976 0.00454109814018011 0.00461085932329297 0.00504932878538966 0.00523659866303205 0.00543780578300357 0.00532443728297949 0.00565813621506095 0.00559623120352626 0.0055931294336915 0.00520540261641145 0.00521045830100775 0.00596903217956424 0.00619635032489896 0.00664615770801902 0.00677124597132206 0.00730359321460128 0.00768488179892302 0.0084592504426837 0.00867049489170313 0.00808994565159082 0.00848330650478601 0.0089073684066534 0.00906775146722794 0.00988268293440342 0.0105675552040339 0.0105010084807873 0.0113875605165958 0.0128079149872065 0.0124454954639077 0.0130453435704112 0.0146108213812113 0.0155280297622085 0.0160298626869917 0.0158875994384289 0.0161029603332281 0.0168241448700428 0.0169428624212742 0.0170280579477549
0.00329821370542049 0.00346039654687047 0.00347139104269445 0.00356502668000758 0.00395574700087309 0.00414037425071001 0.00435264827683568 0.00463459920138121 0.00492844358086586 0.00509546231478453 0.00503226555883884 0.00519688054919243 0.00556331500411034 0.0051398784853518 0.00511895772069693 0.00544814951717854 0.00580660393461585 0.00568074360489845 0.0060193594545126 0.00636061606928706 0.00687262834981084 0.00707351369783282 0.00788672734051943 0.00814799219369888 0.00829373486340046 0.00878462754189968 0.00923328567296267 0.00926755368709564 0.0101979412138462 0.0108171608299017 0.0107818953692913 0.0117752840742469 0.0116906156763434 0.0122885433956981 0.0138848274946213 0.014272827655077 0.0150486510246992 0.0156848039478064 0.0161738228052855 0.016455901786685 0.0165348518639803 0.0178990326821804 0.0172752011567354 0.0172527208924294
0.00325222872197628 0.00347294425591826 0.00374666065908968 0.00377679080702364 0.00402852008119226 0.00408766465261579 0.00442998483777046 0.00455368822440505 0.00478588230907917 0.00496451742947102 0.00529919471591711 0.00538416719064116 0.00532611459493637 0.00534091703593731 0.00529134226962924 0.00562036829069257 0.00597815169021487 0.0061414809897542 0.00642672926187515 0.00709869991987944 0.00745145510882139 0.00751443346962333 0.00748093565925956 0.00784223712980747 0.00833772867918015 0.00837972667068243 0.00859775301069021 0.00958421546965837 0.00952000450342894 0.0109467813745141 0.0111507680267096 0.0113311046734452 0.0125231053680182 0.0136186052113771 0.0147834699600935 0.0150084272027016 0.0158803965896368 0.0156677663326263 0.0161590948700905 0.0167372152209282 0.0170369856059551 0.0175968166440725 0.0182319059967995 0.0188160240650177
0.00349279306828976 0.003802903695032 0.00390571798197925 0.00382594857364893 0.00406537810340524 0.00408266531303525 0.00425517512485385 0.00437766360118985 0.00428949622437358 0.00450689578428864 0.00470916274935007 0.00550709897652268 0.0059745404869318 0.00602178368717432 0.00588030181825161 0.00568093871697783 0.00622447254136205 0.00599454063922167 0.00613882532343268 0.00660796044394374 0.00685845967382193 0.00699039176106453 0.00733823515474796 0.0078628771007061 0.00797443371266127 0.00835202634334564 0.00862054154276848 0.00915557704865932 0.0101283676922321 0.0104471296072006 0.0107784271240234 0.0120220771059394 0.0125190075486898 0.0130361383780837 0.0134288165718317 0.0143108582124114 0.0148862591013312 0.0170654058456421 0.018389081582427 0.0182089786976576 0.0191049817949533 0.0198823176324368 0.0201700031757355 0.0219898354262114
0.00394523469731212 0.00396666629239917 0.00378587422892451 0.00383321009576321 0.00417603040114045 0.00394132500514388 0.00432945461943746 0.00431412365287542 0.00449691480025649 0.00444819033145905 0.00467132218182087 0.00461298832669854 0.00557241681963205 0.00572570879012346 0.00567080127075315 0.00591676170006394 0.00593328149989247 0.0060186036862433 0.00607415195554495 0.00639404775574803 0.00621781917288899 0.0064125438220799 0.00683254282921553 0.00749446777626872 0.00762836216017604 0.0084482217207551 0.00875257235020399 0.00896727293729782 0.0102665452286601 0.0106223002076149 0.0103312032297254 0.0112658981233835 0.0129232881590724 0.0133920684456825 0.0136751504614949 0.0154413757845759 0.0159059278666973 0.0175436921417713 0.0191221795976162 0.0190362315624952 0.0209704525768757 0.0224025547504425 0.0225568003952503 0.0233442615717649
0.0039802030660212 0.00411146879196167 0.00409127585589886 0.00392184127122164 0.00410225335508585 0.00441198609769344 0.00441198609769344 0.00427625700831413 0.0044201253913343 0.00449524028226733 0.00542412046343088 0.0058117019943893 0.00606876844540238 0.00592960603535175 0.00607642764225602 0.00569964246824384 0.00579118588939309 0.00595371657982469 0.00587846618145704 0.00623213266953826 0.00593835115432739 0.00598876038566232 0.00676080677658319 0.00675226422026753 0.00717469537630677 0.00767495948821306 0.00763532100245357 0.008925243280828 0.0090641425922513 0.00984135083854198 0.0107442736625671 0.0111455954611301 0.011946901679039 0.0127284694463015 0.0137959802523255 0.0151470433920622 0.0160087812691927 0.0168686341494322 0.0189385395497084 0.0206679031252861 0.0219045914709568 0.0239942260086536 0.0249503590166569 0.0261943675577641
0.00451002828776836 0.00413597980514169 0.00389507319778204 0.00411146879196167 0.00422463612630963 0.00415996555238962 0.0043421178124845 0.00450521195307374 0.0047725448384881 0.00459728809073567 0.00516382930800319 0.005837582051754 0.00598693266510963 0.00597181543707848 0.00544135738164186 0.00562185468152165 0.0057457759976387 0.0060777529142797 0.00559944426640868 0.00596218463033438 0.00586287630721927 0.00597253115847707 0.00612816354259849 0.00672567263245583 0.00671856803819537 0.00669480534270406 0.00751068070530891 0.00753867160528898 0.00869238376617432 0.00977369491010904 0.0101847900077701 0.0109789073467255 0.0117948865517974 0.0122104296460748 0.0135576240718365 0.0141113260760903 0.0154154105111957 0.016526086255908 0.018273588269949 0.0195351410657167 0.022664463147521 0.0241826083511114 0.0269403532147408 0.0278927199542522
0.00482626724988222 0.00454074889421463 0.00435993913561106 0.00405168533325195 0.00410861149430275 0.00408232910558581 0.00418635457754135 0.00421365164220333 0.00439635291695595 0.00447635119780898 0.00456632953137159 0.00535300327464938 0.00567003758624196 0.00554252276197076 0.00532699143514037 0.00530651677399874 0.00520504172891378 0.00521389907225966 0.00534351030364633 0.00567140430212021 0.00562139693647623 0.0056621260009706 0.00621172320097685 0.00623906077817082 0.00653495732694864 0.00717413006350398 0.0067656422033906 0.00743019720539451 0.00795166101306677 0.00882396660745144 0.0101878056302667 0.0105151822790504 0.0119241336360574 0.0120435226708651 0.0131942490115762 0.0140687134116888 0.0154155539348722 0.0164809767156839 0.0175022296607494 0.0190876070410013 0.0213665571063757 0.0244706701487303 0.0253261178731918 0.026428759098053
0.00472118798643351 0.00467403186485171 0.00426738616079092 0.00450797006487846 0.00426316540688276 0.00458262208849192 0.00403944170102477 0.00415249168872833 0.00419091153889894 0.00426863040775061 0.00462803011760116 0.00467619486153126 0.0046281642280519 0.00462744804099202 0.00482986168935895 0.00468182656913996 0.00451385835185647 0.00478781061246991 0.00497760390862823 0.0050796908326447 0.00519993482157588 0.00566118024289608 0.00581080373376608 0.00591924367472529 0.00643080612644553 0.00643525552004576 0.00645159976556897 0.00714862858876586 0.00748084858059883 0.00825617462396622 0.00857309252023697 0.00927467364817858 0.0109578343108296 0.0122066102921963 0.0130294607952237 0.0137949269264936 0.0147435087710619 0.0159087646752596 0.0174600798636675 0.0197017882019281 0.0210238602012396 0.0221154876053333 0.0248617473989725 0.0251650754362345
0.00462876306846738 0.00468636211007833 0.0045688608661294 0.00453660963103175 0.00431186659261584 0.00435491837561131 0.00421544210985303 0.00426737638190389 0.00423771003261209 0.0045693195424974 0.00430533243343234 0.00447117537260056 0.00436917366459966 0.00419237837195396 0.0040673715993762 0.00419253762811422 0.00430649193003774 0.00436079967767 0.00455533945932984 0.00442365417256951 0.00478222873061895 0.00561374938115478 0.00577272474765778 0.00584808085113764 0.00576187996193767 0.00649392511695623 0.00652092834934592 0.0069505232386291 0.00739781092852354 0.00777075905352831 0.00806905329227448 0.00816994067281485 0.00932937394827604 0.0109007777646184 0.0120975822210312 0.0127427401021123 0.0141845522448421 0.015369382686913 0.0166854709386826 0.017703503370285 0.0201755315065384 0.0217338819056749 0.022831168025732 0.0239514093846083
0.00502046477049589 0.0049564391374588 0.00497893569990993 0.00454924069344997 0.00436777714639902 0.00421862863004208 0.00396562274545431 0.0039224405772984 0.00401733769103885 0.00437781913205981 0.00417913869023323 0.00420172372832894 0.00415922328829765 0.00388782774098217 0.00385797768831253 0.00396139733493328 0.00395936938002706 0.00397509057074785 0.00412253849208355 0.00416999217122793 0.00422800751402974 0.00513847032561898 0.00513544678688049 0.00521269626915455 0.00527141708880663 0.0052928407676518 0.00577157223597169 0.00617385236546397 0.00644970359280705 0.00719455257058144 0.00718638207763433 0.00788111984729767 0.00808804109692574 0.00958496704697609 0.0108464229851961 0.0117291323840618 0.0131220417097211 0.0143676893785596 0.0156740788370371 0.0173648968338966 0.0189002752304077 0.0190114360302687 0.0211968515068293 0.0219756420701742
0.00539589487016201 0.00534256035462022 0.00489387288689613 0.00469980714842677 0.00486640958115458 0.00463233049958944 0.00421824911609292 0.00417113304138184 0.00415465421974659 0.00427582953125238 0.00413130084052682 0.00405368348583579 0.0040673715993762 0.00392300495877862 0.00391391618177295 0.00367811298929155 0.00398757634684443 0.0037604384124279 0.00366811407729983 0.00397377414628863 0.0041213957592845 0.00437493855133653 0.00458918744698167 0.00487769627943635 0.0047632148489356 0.00505480449646711 0.00532342027872801 0.00534990150481462 0.0060141677968204 0.0061773075722158 0.00635259412229061 0.00692372722551227 0.00749632762745023 0.00795685406774282 0.00915415398776531 0.0100198844447732 0.0114347254857421 0.0121543342247605 0.013238319195807 0.0147409914061427 0.0160205699503422 0.0173594523221254 0.0181291121989489 0.0194756276905537
0.00572452042251825 0.00571640441194177 0.00511041050776839 0.00472609838470817 0.00459181796759367 0.00455002347007394 0.00484624179080129 0.00468102982267737 0.00442829448729753 0.0043873330578208 0.00402538804337382 0.00385390990413725 0.00393812311813235 0.00372713198885322 0.00366586097516119 0.00375180132687092 0.0035906876437366 0.00370877678506076 0.00338322389870882 0.00351556693203747 0.00349422404542565 0.00370266148820519 0.00383473606780171 0.00419697072356939 0.00426770141348243 0.00445867190137506 0.00466778175905347 0.00502463430166245 0.00523184053599834 0.0055855861864984 0.00573412189260125 0.00597727485001087 0.00650602811947465 0.00672178389504552 0.0074131190776825 0.00832757446914911 0.00961349811404943 0.010910795070231 0.0125403106212616 0.013637819327414 0.0140727683901787 0.015081238001585 0.0154596269130707 0.0173259936273098
0.00668488815426826 0.0060388371348381 0.00517511274665594 0.0049137924797833 0.00487894332036376 0.00624934397637844 0.0060158334672451 0.00520218024030328 0.00481095584109426 0.00479335989803076 0.00498126912862062 0.00445627374574542 0.00382616836577654 0.00371529371477664 0.00361026148311794 0.00341059034690261 0.00355428154580295 0.00342626427300274 0.00341447535902262 0.00344278663396835 0.00335837574675679 0.00335268420167267 0.00345380650833249 0.00340242800302804 0.00374271860346198 0.00377218518406153 0.00404432089999318 0.00414032023400068 0.0044410927221179 0.00464797019958496 0.00503441831097007 0.00506200082600117 0.00565809058025479 0.0059851654805243 0.00651371572166681 0.00726089021191001 0.00784977152943611 0.009077288210392 0.00979918334633112 0.0109380362555385 0.0117893069982529 0.0139484070241451 0.0142021933570504 0.0144411297515035
0.00641418155282736 0.00662561925128102 0.00536103965714574 0.00515276100486517 0.00490315817296505 0.0057248123921454 0.0100745838135481 0.019539488479495 0.0171899646520615 0.00964685436338186 0.0101584419608116 0.00607685744762421 0.00523790344595909 0.0042639160528779 0.00425415905192494 0.00365005596540868 0.00348130613565445 0.00326453451998532 0.00316133443266153 0.00323506165295839 0.00300740660168231 0.00286051817238331 0.0030155626591295 0.00297492858953774 0.00330417486838996 0.00348652875982225 0.00341855455189943 0.00350362854078412 0.00374652305617929 0.00371150462888181 0.00415090331807733 0.00440380489453673 0.00463103363290429 0.00487963110208511 0.00554076815024018 0.00594222918152809 0.00675638811662793 0.00722585525363684 0.00832172483205795 0.00950847845524549 0.0102042984217405 0.0106370039284229 0.0119827296584845 0.012673519551754
0.00656033866107464 0.00726456940174103 0.00664827786386013 0.00478514796122909 0.00547207565978169 0.00964574329555035 0.0158146806061268 0.019009156152606 0.0229830108582973 0.0182742699980736 0.0204474311321974 0.0130716571584344 0.0209900718182325 0.0146426316350698 0.00743730133399367 0.00440685823559761 0.00331695680506527 0.00350172119215131 0.00309378979727626 0.00300621869973838 0.00298812217079103 0.00272572739049792 0.00267520942725241 0.00282651977613568 0.0028440763708204 0.00294246803969145 0.00303454580716789 0.00301532028242946 0.00323729892261326 0.00323741417378187 0.00330451154150069 0.0035387254320085 0.00385090918280184 0.00394437182694674 0.0043933386914432 0.00509572820737958 0.00557940080761909 0.00582217099145055 0.00666164001449943 0.0073816585354507 0.00824067462235689 0.00899602565914392 0.00949889048933983 0.0100874463096261
0.00748276431113482 0.00640261312946677 0.00627705082297325 0.00546478619799018 0.0048330812714994 0.0054683038033545 0.0136837558820844 0.0282603967934847 0.0548764057457447 0.0437842980027199 0.020383620634675 0.0382823757827282 0.0220457725226879 0.0158781930804253 0.0211756005883217 0.00738419825211167 0.00367627735249698 0.00333899981342256 0.00319435843266547 0.0030590919777751 0.0026617874391377 0.00267505622468889 0.00253011495806277 0.00245531229302287 0.00242343335412443 0.00243793264962733 0.00253275618888438 0.00251283473335207 0.00250927940942347 0.00256117642857134 0.00265156617388129 0.0028024953790009 0.00293197156861424 0.00330723868682981 0.00355683453381062 0.00397542398422956 0.00427826680243015 0.00498082861304283 0.00546435220167041 0.00645637977868319 0.00681509263813496 0.00760851381346583 0.00858482345938683 0.00904520787298679
