data/climate_estimation/maxent_output/Bomarea_macusanii.asc
NCOLS 102 
NROWS 79 
XLLCORNER -76.1666666666667 
YLLCORNER -16.4166666666667 
CELLSIZE 0.0833333333333333 
NODATA_value -3.4e+38 
[rows 21 to 41 of 79, columns 0 to 46 of 102]
1 1 1 1 1 1 1 1 1 1 1 1 0.999688982963562 0.999856233596802 1 0.99999988079071 0.999941468238831 0.999999344348907 0.94178569316864 0.639735221862793 0.388510435819626 0.310750782489777 0.323736906051636 0.265104174613953 0.161862298846245 0.169457525014877 0.264403969049454 0.388421803712845 0.638892352581024 0.898910641670227 0.74186909198761 0.454874336719513 0.314654678106308 0.178798720240593 0.148890227079391 0.14722815155983 0.139920547604561 0.137660533189774 0.140731006860733 0.139629170298576 0.141212746500969 0.1405099183321 0.144152015447617 0.141146034002304 0.142694905400276 0.145816460251808 0.147204518318176
1 1 1 1 1 1 1 0.999986052513123 0.999998331069946 1 1 1 0.999999046325684 0.999996364116669 1 0.999999940395355 0.948184669017792 0.999998927116394 0.998118996620178 0.717090785503387 0.462201744318008 0.350693613290787 0.289031147956848 0.254005134105682 0.177710980176926 0.158799827098846 0.194117665290833 0.279857695102692 0.41059485077858 0.73023647069931 0.77583509683609 0.51399952173233 0.331333011388779 0.213993117213249 0.164397075772285 0.152533322572708 0.146756380796432 0.144860297441483 0.142577663064003 0.144191786646843 0.144814774394035 0.145959585905075 0.144123792648315 0.141118332743645 0.14565671980381 0.145816460251808 0.14555960893631
1 1 1 1 1 1 1 0.999990105628967 0.998714208602905 0.999997913837433 1 1 1 1 1 0.99820739030838 0.85200709104538 0.833999931812286 0.999816834926605 0.887662708759308 0.609427273273468 0.45383694767952 0.352792024612427 0.265354096889496 0.192141711711884 0.16434021294117 0.156592279672623 0.201985865831375 0.333576172590256 0.459658861160278 0.751387178897858 0.643495142459869 0.33692729473114 0.247890546917915 0.16570058465004 0.148855432868004 0.148646026849747 0.152670159935951 0.145582988858223 0.14214189350605 0.141434833407402 0.146922886371613 0.151577681303024 0.151553958654404 0.153236404061317 0.149578034877777 0.145793557167053
1 1 1 1 1 1 1 1 0.999999761581421 0.994480192661285 0.999778985977173 1 1 1 1 1 0.997088372707367 0.673000693321228 0.981630802154541 0.999744117259979 0.865637838840485 0.603744566440582 0.393984943628311 0.25807511806488 0.222451120615005 0.153482422232628 0.153590232133865 0.16434021294117 0.281859517097473 0.441086798906326 0.532395362854004 0.554395437240601 0.442785292863846 0.259960025548935 0.180605039000511 0.14585717022419 0.162888213992119 0.162661015987396 0.143515020608902 0.145116031169891 0.15049284696579 0.17168103158474 0.171627953648567 0.15342178940773 0.159386157989502 0.163386970758438 0.161754414439201
1 1 1 1 1 1 1 1 1 0.999868094921112 0.98488861322403 0.999999046325684 1 1 0.999999642372131 0.999769330024719 0.999999403953552 0.769120335578918 0.55672013759613 0.708534061908722 0.90381520986557 0.933383405208588 0.425401777029037 0.284065216779709 0.21371254324913 0.146378219127655 0.142970457673073 0.183001026511192 0.259053975343704 0.317786663770676 0.415451020002365 0.470048725605011 0.675991415977478 0.36302575469017 0.199252292513847 0.154701352119446 0.158873647451401 0.168107867240906 0.147932693362236 0.147909477353096 0.148123636841774 0.162012413144112 0.212975427508354 0.27140611410141 0.258131325244904 0.209521025419235 0.222275972366333
1 1 1 1 1 1 1 0.999999582767487 0.999998390674591 0.999982833862305 0.979572176933289 0.991074621677399 1 1 0.999999642372131 0.877901971340179 0.742493689060211 0.584046125411987 0.71078896522522 0.677927732467651 0.45601287484169 0.77069765329361 0.740698277950287 0.468779593706131 0.211413607001305 0.139728769659996 0.202490776777267 0.285815358161926 0.365419924259186 0.381889402866364 0.443394154310226 0.53898423910141 0.647223174571991 0.47931632399559 0.25203675031662 0.167123362421989 0.156659170985222 0.167039275169373 0.16520120203495 0.147510841488838 0.153129354119301 0.201055720448494 0.246765732765198 0.264385104179382 0.28007847070694 0.271327614784241 0.275997370481491
1 1 1 1 1 1 1 1 1 1 0.999822735786438 0.980431735515594 0.999998867511749 1 1 0.999860763549805 0.992177724838257 0.639690220355988 0.949289500713348 0.71383011341095 0.531567335128784 0.388091653585434 0.620730459690094 0.351361751556396 0.179411038756371 0.156081274151802 0.220813274383545 0.294786751270294 0.433428734540939 0.480614870786667 0.621837317943573 0.622617483139038 0.655872344970703 0.597508788108826 0.338618695735931 0.207144841551781 0.167887389659882 0.156909272074699 0.164003103971481 0.148402184247971 0.150346219539642 0.156786903738976 0.232515260577202 0.302928328514099 0.390173077583313 0.347186118364334 0.273162215948105
1 1 1 1 1 1 1 1 1 1 1 0.999891340732574 0.999995768070221 1 0.996712803840637 0.999987781047821 0.998899877071381 0.74853652715683 0.999997437000275 0.983624577522278 0.843793928623199 0.405448406934738 0.350790768861771 0.317953169345856 0.206598922610283 0.152623161673546 0.20423498749733 0.231947392225266 0.479287922382355 0.500714838504791 0.712081491947174 0.800113022327423 0.72360622882843 0.538000643253326 0.308376580476761 0.332099765539169 0.228589221835136 0.200061768293381 0.208138480782509 0.183737933635712 0.165694281458855 0.19651372730732 0.22026926279068 0.264893651008606 0.2802394926548 0.353677660226822 0.321242421865463
0.999999523162842 1 1 1 1 1 1 1 1 1 0.999999761581421 0.999998867511749 0.999998390674591 0.99999862909317 0.999338805675507 0.926024496555328 0.700864732265472 0.576442003250122 0.988141238689423 0.999999403953552 0.99968808889389 0.856496214866638 0.506393253803253 0.279137462377548 0.253848612308502 0.165861502289772 0.158837080001831 0.291696310043335 0.48817852139473 0.82056987285614 0.900875806808472 0.797869265079498 0.493499964475632 0.380189627408981 0.45197656750679 0.415039241313934 0.295132458209991 0.227225467562675 0.188717812299728 0.164779916405678 0.191827848553658 0.240849792957306 0.308722853660583 0.332946598529816 0.394952118396759 0.522178590297699 0.670471906661987
0.999996483325958 1 1 1 1 1 1 1 1 1 0.999999463558197 0.999999284744263 0.99962717294693 0.999955832958221 0.999999821186066 0.999802470207214 0.999754667282104 0.978597640991211 0.70762038230896 0.827380418777466 0.999987185001373 0.999877750873566 0.74046117067337 0.389279216527939 0.330102980136871 0.274661958217621 0.166736468672752 0.239345118403435 0.624427855014801 0.852450251579285 0.988921284675598 0.946812748908997 0.609459102153778 0.570058584213257 0.478351801633835 0.280320942401886 0.320407807826996 0.293171674013138 0.209404334425926 0.18385075032711 0.188358172774315 0.202728420495987 0.251466482877731 0.335405200719833 0.465734153985977 0.61416494846344 0.71968013048172
1 1 1 0.999399125576019 1 1 1 1 1 1 1 0.999999940395355 1 0.999978721141815 0.99999988079071 0.999986708164215 0.996831357479095 0.999832451343536 0.999617040157318 0.963888049125671 0.913375437259674 0.969898700714111 0.672645032405853 0.877923190593719 0.69034332036972 0.293514579534531 0.232938438653946 0.170231461524963 0.337958335876465 0.548340499401093 0.893505692481995 0.995092213153839 0.970678448677063 0.539212286472321 0.29904317855835 0.443270802497864 0.346939831972122 0.217308148741722 0.196201503276825 0.199827522039413 0.234583333134651 0.316461950540543 0.411641746759415 0.467597603797913 0.359237521886826 0.389866441488266 0.425888478755951
1 1 0.999944090843201 0.999979078769684 1 1 1 1 1 1 1 0.999999940395355 1 1 0.997305631637573 0.998150885105133 1 0.980723798274994 0.99999988079071 0.996706366539001 0.99975711107254 0.913375437259674 0.996853709220886 0.999842941761017 0.775210797786713 0.739242613315582 0.334991276264191 0.218090072274208 0.215831562876701 0.526963472366333 0.905459880828857 0.798225820064545 0.852126717567444 0.601567447185516 0.37099677324295 0.321043521165848 0.27651584148407 0.218449890613556 0.297009706497192 0.308669775724411 0.344996184110641 0.26530784368515 0.365960329771042 0.458490014076233 0.65066921710968 0.769321322441101 0.660122394561768
1 0.99999988079071 0.84613561630249 1 1 1 1 1 1 1 1 1 1 1 0.999999642372131 0.999974310398102 1 0.999807894229889 0.988619923591614 0.999996960163116 0.99999988079071 0.962595224380493 0.995389103889465 0.999997317790985 0.999676287174225 0.989921152591705 0.719832062721252 0.293015629053116 0.18260283768177 0.242068633437157 0.625692009925842 0.898773729801178 0.57135283946991 0.355057448148727 0.282032936811447 0.216139763593674 0.216731563210487 0.214525297284126 0.214782863855362 0.232310175895691 0.219785541296005 0.235723003745079 0.273961931467056 0.25144836306572 0.317234605550766 0.300047427415848 0.600182771682739
0.999887585639954 0.999999642372131 0.714027285575867 0.999980449676514 1 1 1 1 1 1 1 1 1 1 1 0.999992787837982 1 1 0.999201595783234 0.939150214195251 0.999546825885773 0.947511732578278 0.949635088443756 0.999998986721039 0.999874770641327 0.998627901077271 0.710560858249664 0.408459454774857 0.275840610265732 0.187005043029785 0.300992518663406 0.7218416929245 0.503204882144928 0.305220454931259 0.280462324619293 0.30570387840271 0.261316478252411 0.305800646543503 0.310623615980148 0.395986318588257 0.439545303583145 0.502894997596741 0.608587324619293 0.261439174413681 0.562481760978699 0.351946234703064 0.391313403844833
0.752297759056091 0.48592671751976 0.619342029094696 0.47109243273735 0.999918818473816 1 1 1 1 1 1 1 1 1 1 0.999999225139618 0.999999940395355 0.999910771846771 0.999881267547607 0.982072234153748 0.855442702770233 0.714756608009338 0.829535663127899 0.999941170215607 0.99998539686203 0.985995471477509 0.974186420440674 0.883028209209442 0.619982302188873 0.384546458721161 0.200829058885574 0.395857274532318 0.452803134918213 0.363076627254486 0.336733490228653 0.419901341199875 0.343037515878677 0.588337182998657 0.53644335269928 0.535959720611572 0.680109739303589 0.504222631454468 0.305177420377731 0.569397449493408 0.631325602531433 0.74250853061676 0.740416467189789
0.23230005800724 0.145577535033226 0.276038140058517 0.705421686172485 0.999695718288422 1 1 1 1 1 1 1 1 1 1 1 1 0.999971985816956 0.996810436248779 0.958428978919983 0.992664158344269 0.756263375282288 0.730703234672546 0.999994516372681 0.999999940395355 0.99958461523056 0.999691486358643 0.999945461750031 0.999168634414673 0.892745673656464 0.273735880851746 0.248220130801201 0.432270765304565 0.423502177000046 0.660138845443726 0.451516836881638 0.45019006729126 0.567289769649506 0.876140952110291 0.858381032943726 0.638348460197449 0.309428930282593 0.689157426357269 0.897491037845612 0.537834823131561 0.793313264846802 0.958142399787903
0.0955444648861885 0.598628044128418 0.968257308006287 0.992000699043274 0.999651670455933 1 1 1 1 1 1 1 1 1 1 1 1 0.999968707561493 0.999999642372131 0.999645113945007 0.879139959812164 0.792967438697815 0.559998631477356 0.936861097812653 0.999999701976776 0.999605894088745 0.97884076833725 0.99995619058609 0.984393119812012 0.681950390338898 0.511594891548157 0.223859429359436 0.331587195396423 0.769622921943665 0.96882951259613 0.638972818851471 0.755708336830139 0.834897041320801 0.983832001686096 0.994562327861786 0.896686792373657 0.607715666294098 0.499848574399948 0.836030960083008 0.940981984138489 0.819470643997192 0.994907975196838
0.167530491948128 0.564537882804871 0.918452739715576 0.999994218349457 1 1 0.99999988079071 1 1 1 1 1 1 1 1 1 0.999999940395355 0.99999988079071 1 0.999999940395355 0.990365445613861 0.817999720573425 0.629031896591187 0.738662660121918 0.989774882793427 0.999979853630066 0.822006404399872 0.98930549621582 0.999798595905304 0.981869339942932 0.792289435863495 0.342265635728836 0.326453655958176 0.704933404922485 0.912609159946442 0.927089750766754 0.845315873622894 0.984163284301758 0.978774964809418 0.864571988582611 0.718061447143555 0.545191645622253 0.470336318016052 0.717698395252228 0.795686185359955 0.992400467395782 0.992262601852417
0.141529396176338 0.242852851748466 0.840815484523773 0.99990051984787 0.999999940395355 0.999996304512024 0.999688029289246 0.999999344348907 1 1 1 1 1 1 1 1 1 1 1 1 0.99995756149292 0.962307572364807 0.811360538005829 0.654191434383392 0.739138543605804 0.999400794506073 0.985572278499603 0.732141196727753 0.863340437412262 0.993951797485352 0.997626543045044 0.60894650220871 0.296653687953949 0.39141833782196 0.534736752510071 0.887110233306885 0.996967315673828 0.999927282333374 0.994702816009521 0.996869802474976 0.999523222446442 0.996883571147919 0.5975102186203 0.864181637763977 0.998585939407349 0.999346137046814 0.999994814395905
0.037577636539936 0.176995232701302 0.315414041280746 0.679645359516144 0.962813675403595 0.999996662139893 0.819103181362152 0.993582785129547 1 1 1 1 1 1 1 1 1 1 1 1 0.999999284744263 0.99576723575592 0.995435237884521 0.869319140911102 0.886618494987488 0.933115303516388 0.999953031539917 0.936624050140381 0.593410611152649 0.689034640789032 0.999279975891113 0.997837364673615 0.634884774684906 0.405948996543884 0.901729583740234 0.999538600444794 0.999998688697815 1 0.999997556209564 1 1 0.99939888715744 0.810826778411865 0.901497542858124 0.968350291252136 0.99547266960144 0.998895049095154
0.0139883495867252 0.0414669811725616 0.0805794075131416 0.239009350538254 0.621478796005249 0.931218385696411 0.535022377967834 0.999705493450165 1 0.999982595443726 1 1 1 1 1 1 1 1 1 1 0.999998688697815 0.996900379657745 0.999963581562042 0.999360859394073 0.999935507774353 0.997209548950195 0.998931229114532 0.948489964008331 0.646741628646851 0.665892839431763 0.640205919742584 0.995179057121277 0.999744296073914 0.51617693901062 0.482452273368835 0.923597574234009 0.999997317790985 0.999992668628693 0.997861444950104 0.999724328517914 1 0.999923944473267 0.993287444114685 0.999998033046722 0.999853372573853 0.999997437000275 0.999370753765106
