data/climate_estimation/maxent_output/Bomarea_angulata.asc
NCOLS 69 
NROWS 147 
XLLCORNER -79.5 
YLLCORNER -7.16666666666667 
CELLSIZE 0.0833333333333333 
NODATA_value -3.4e+38 
[rows 57 to 75 of 147, columns 0 to 41 of 69]
0.000523582159075886 0.000433166103903204 0.000359619676601142 0.000380377663532272 0.000564150570426136 0.00103309832047671 0.00676119653508067 0.0359825380146503 0.0640570893883705 0.136460274457932 0.241809874773026 0.442950397729874 0.896644651889801 0.984312117099762 0.994902789592743 0.998946309089661 0.999570965766907 0.998570621013641 0.99865061044693 0.997585713863373 0.99174028635025 0.913939952850342 0.744841933250427 0.184068873524666 0.0311178453266621 0.0166348703205585 0.0108586652204394 0.00705175008624792 0.00558996899053454 0.0043253106996417 0.0034271243494004 0.00274992967024446 0.00212231278419495 0.00187465024646372 0.00154232757631689 0.00132345128804445 0.00124967191368341 0.00139337300788611 0.00124457862693816 0.00117489136755466 0.00126299925614148 0.00120569206774235
0.000457458634627983 0.00034770998172462 0.000303039036225528 0.000288960349280387 0.000392190821003169 0.000610184739343822 0.0025455781724304 0.014113306067884 0.0351360999047756 0.0511376336216927 0.0987242236733437 0.556325912475586 0.934892952442169 0.98802125453949 0.997800886631012 0.999179005622864 0.998280107975006 0.998500168323517 0.997632622718811 0.996535301208496 0.983583927154541 0.785632431507111 0.0841231271624565 0.0307294558733702 0.0142708038911223 0.011948224157095 0.00907082669436932 0.00582837639376521 0.00431538699194789 0.00365429557859898 0.00288836658000946 0.00235221465118229 0.0020223252940923 0.00194783695042133 0.00150511821266264 0.00147730449680239 0.00140697578899562 0.0014947964809835 0.00138309481553733 0.0013345533516258 0.00133268756326288 0.00117160123772919
0.000349804060533643 0.000265891751041636 0.000222205955651589 0.000241503439610824 0.000243191592744552 0.000563686655368656 0.00352531019598246 0.016897888854146 0.0652791857719421 0.0832187682390213 0.163286104798317 0.610458791255951 0.930434048175812 0.970363080501556 0.995859205722809 0.998999536037445 0.999323844909668 0.998291015625 0.995234549045563 0.995812475681305 0.982123076915741 0.611438632011414 0.158788576722145 0.0220934618264437 0.0124818300828338 0.0101540628820658 0.00782384630292654 0.00562852574512362 0.004154356662184 0.00296384491957724 0.00236679008230567 0.00210693432018161 0.00193223799578846 0.0017784257652238 0.00179731997195631 0.00169186433777213 0.00156840798445046 0.00166556611657143 0.00150856783147901 0.00143243512138724 0.00136699003633112 0.00116054329555482
0.000319898186717182 0.000230100835324265 0.000168097700225189 0.000215298961848021 0.000219911045860499 0.000723285367712379 0.00366622069850564 0.00746846618130803 0.0673831477761269 0.201687708497047 0.482169061899185 0.862418651580811 0.973072469234467 0.945609986782074 0.99918669462204 0.999545633792877 0.999825477600098 0.986070275306702 0.98650735616684 0.989704787731171 0.950811743736267 0.815923273563385 0.111250355839729 0.0243970658630133 0.0103785283863544 0.00953044835478067 0.00689611490815878 0.00443423725664616 0.0035871840082109 0.00285667926073074 0.00198445119895041 0.00178154045715928 0.00185904128011316 0.00185535883065313 0.00162754242774099 0.00190741685219109 0.00172988674603403 0.00172738917171955 0.0016891248524189 0.001505057211034 0.00151220930274576 0.00131060229614377
0.000303278706269339 0.000217705251998268 0.00019161679665558 0.000282068212982267 0.000331117858877406 0.000829659693408757 0.00325583107769489 0.0214650817215443 0.0482135079801083 0.286993801593781 0.752526879310608 0.966156482696533 0.978060603141785 0.827375710010529 0.957875609397888 0.999898850917816 0.99966424703598 0.969846904277802 0.944650173187256 0.977905690670013 0.835078716278076 0.769684314727783 0.27929276227951 0.0356870032846928 0.0114983348175883 0.00790296029299498 0.00590250734239817 0.00417271489277482 0.00353056681342423 0.00246845395304263 0.00176078046206385 0.00160712539218366 0.00166319997515529 0.00173624826129526 0.00169660407118499 0.00182134588249028 0.00186488206963986 0.00183718849439174 0.0017729114042595 0.00159625429660082 0.00152116443496197 0.00146102835424244
0.000305304594803602 0.000239717846852727 0.000251453020609915 0.000334360229317099 0.000613557698670775 0.00103881838731468 0.00277606095187366 0.0334954969584942 0.119123041629791 0.36467769742012 0.976137459278107 0.995742857456207 0.93919712305069 0.787264287471771 0.998436748981476 0.995204925537109 0.980762004852295 0.941438734531403 0.868218958377838 0.836472690105438 0.627334356307983 0.451166689395905 0.117528967559338 0.0525128692388535 0.0133093222975731 0.00719688599929214 0.00547079648822546 0.00368690094910562 0.00323450355790555 0.00247748265974224 0.00172007328364998 0.00164029037114233 0.0016333555104211 0.0018064210889861 0.00194709922652692 0.00192067900206894 0.00205388432368636 0.00184993783477694 0.00173318048473448 0.00184420018922538 0.00163212965708226 0.0015970750246197
0.000324559456203133 0.000294628203846514 0.000332325551426038 0.000540147826541215 0.00116807583253831 0.00249310932122171 0.00563292996957898 0.0300360135734081 0.210791647434235 0.500019729137421 0.974614024162292 0.992564857006073 0.891885817050934 0.820768237113953 0.998686790466309 0.989286482334137 0.973703980445862 0.95367306470871 0.896828472614288 0.845745146274567 0.505719661712646 0.0821487382054329 0.0989737659692764 0.0394105389714241 0.0131587674841285 0.00725894933566451 0.00438589742407203 0.00324431341141462 0.00253108446486294 0.00233881850726902 0.00187604269012809 0.00187208782881498 0.00184457760769874 0.00195149169303477 0.00192181230522692 0.00208096485584974 0.00209010485559702 0.00202678423374891 0.00177773961331695 0.00181308214087039 0.00162214017473161 0.0015974473208189
0.000366037071216851 0.000338078592903912 0.000385598337743431 0.000689191045239568 0.00158270308747888 0.00567678594961762 0.0204340890049934 0.0717300176620483 0.250043511390686 0.703191220760345 0.981858134269714 0.918903291225433 0.720392882823944 0.845414578914642 0.997948467731476 0.989380657672882 0.979275047779083 0.91266530752182 0.806033074855804 0.668440401554108 0.167802348732948 0.113693915307522 0.114519335329533 0.0356974080204964 0.0136279966682196 0.00566243659704924 0.00369223789311945 0.00285025220364332 0.00228921184316278 0.00194852100685239 0.00266593368723989 0.00258698873221874 0.00214367033913732 0.00227635120972991 0.00230269716121256 0.00219256686978042 0.00224566436372697 0.00206316844560206 0.00205628690309823 0.00180362060200423 0.00171722681261599 0.00156136241275817
0.000409375410526991 0.00036752232699655 0.000414594949688762 0.000917212571948767 0.00514224218204618 0.0343261919915676 0.053552683442831 0.0794395729899406 0.205033197999001 0.769503712654114 0.995342075824738 0.958431899547577 0.798265099525452 0.979089081287384 0.995876967906952 0.995176255702972 0.970508873462677 0.927935540676117 0.668890118598938 0.495413452386856 0.128825053572655 0.219148337841034 0.130930557847023 0.0436501167714596 0.00963885989040136 0.00470457039773464 0.00342685962095857 0.00289172446355224 0.00299276900477707 0.00265312567353249 0.00264736218377948 0.00291003007441759 0.00287520908750594 0.00231687282212079 0.00226644962094724 0.00244668428786099 0.00228597316890955 0.00220076693221927 0.00220813136547804 0.00195907428860664 0.00166402268223464 0.00169126619584858
0.000408047460950911 0.000376065232558176 0.000428425351856276 0.0018485754262656 0.0436557866632938 0.180583879351616 0.119259089231491 0.17831888794899 0.324069499969482 0.764863193035126 0.992823839187622 0.99143397808075 0.99873673915863 0.999164223670959 0.995028436183929 0.991226553916931 0.991512298583984 0.921552360057831 0.677871525287628 0.188469544053078 0.181560471653938 0.187615066766739 0.0521306432783604 0.0175983626395464 0.00663262838497758 0.00425342144444585 0.00373643380589783 0.003804364008829 0.00317545398138463 0.00276698521338403 0.00263326778076589 0.00301539851352572 0.00306932954117656 0.0022955525200814 0.00266638025641441 0.00252409651875496 0.00221637240611017 0.00203625462017953 0.00209673075005412 0.00186003069393337 0.00178262358531356 0.00167995085939765
0.000365297717507929 0.000348159752320498 0.000578850333113223 0.00224594213068485 0.0105904703959823 0.156455725431442 0.295837342739105 0.473690330982208 0.640926897525787 0.99692964553833 0.999309241771698 0.999561965465546 0.998433828353882 0.996030390262604 0.996312201023102 0.993983507156372 0.991201400756836 0.916668176651001 0.672185182571411 0.154828086495399 0.237112641334534 0.0808894038200378 0.0807739719748497 0.0112475929781795 0.00563841732218862 0.00433269236236811 0.00346800591796637 0.00385580165311694 0.0030793787445873 0.00292930332943797 0.00284397648647428 0.00309775909408927 0.00314624537713826 0.00231543299742043 0.00268034101463854 0.00236299983225763 0.00229166308417916 0.00196934677660465 0.00194164668209851 0.00193988729733974 0.00184419623110443 0.00178257026709616
0.000380005541956052 0.000373329443391412 0.000661260797642171 0.000727559323422611 0.0111322561278939 0.247546777129173 0.52852189540863 0.832456588745117 0.99772983789444 0.999747335910797 0.999726474285126 0.999464571475983 0.997082650661469 0.996562778949738 0.996797442436218 0.995341837406158 0.992076754570007 0.894766867160797 0.575668215751648 0.106620885431767 0.0493984147906303 0.0135109005495906 0.0127635188400745 0.00682408455759287 0.00444997008889914 0.00396659597754478 0.00369320553727448 0.00300552020780742 0.00325999269261956 0.0033033131621778 0.00322674936614931 0.00343034463003278 0.00238774693571031 0.00249914568848908 0.00224437215365469 0.00226881145499647 0.0021036344114691 0.00194920471403748 0.00175827636849135 0.00167621916625649 0.00172498042229563 0.0016785153420642
0.000406752602430061 0.000378874159650877 0.00051653478294611 0.000704325211700052 0.00437692273408175 0.0700720772147179 0.898567795753479 0.98261171579361 0.999759614467621 0.999918341636658 0.999920666217804 0.999919652938843 0.999031722545624 0.998469412326813 0.997939109802246 0.994287669658661 0.963066935539246 0.745536983013153 0.397215843200684 0.0550260618329048 0.0120984520763159 0.00806215684860945 0.00652286177501082 0.0047129774466157 0.00345906708389521 0.00349260284565389 0.00335517432540655 0.00300038931891322 0.0029887615237385 0.00266878120601177 0.00324005610309541 0.00247845984995365 0.00251452904194593 0.00258084526285529 0.0024448053445667 0.00208181096240878 0.00204306887462735 0.00189411104656756 0.00192497239913791 0.001823112484999 0.00173992395866662 0.00152644782792777
0.000409050117013976 0.000347798224538565 0.000406140723498538 0.000616825011093169 0.00509047461673617 0.23517507314682 0.874507129192352 0.988807260990143 0.999901056289673 0.999857664108276 0.999880611896515 0.999939143657684 0.999547004699707 0.999141275882721 0.997575342655182 0.996062457561493 0.89076840877533 0.153456494212151 0.0971516892313957 0.0184009782969952 0.00674131372943521 0.00551863852888346 0.0043189525604248 0.00376289081759751 0.00287901842966676 0.00284500000998378 0.00301637966185808 0.00275004771538079 0.0027887208852917 0.0026677860878408 0.00240030325949192 0.00257611717097461 0.00252078706398606 0.00246597686782479 0.0020474458578974 0.00221097096800804 0.0019554637838155 0.0019554637838155 0.00193837704136968 0.00181261252146214 0.0015678534982726 0.00160715985111892
0.000457307382021099 0.000384533195756376 0.000310153031023219 0.000425641075707972 0.00470936438068748 0.180129006505013 0.952554166316986 0.997414767742157 0.999808967113495 0.999736249446869 0.998880863189697 0.999842166900635 0.99969470500946 0.998881936073303 0.997507154941559 0.977217197418213 0.695533215999603 0.0710745304822922 0.0384096913039684 0.00896028243005276 0.00359348300844431 0.00376585405319929 0.00364321563392878 0.00349198747426271 0.00267568929120898 0.00266452366486192 0.00271909055300057 0.00253639789298177 0.00266298349015415 0.00244056945666671 0.00251290388405323 0.00231892406009138 0.00238237367011607 0.0022512236610055 0.00226191757246852 0.00186778209172189 0.00181146536488086 0.00191189360339195 0.00193141482304782 0.00176416127942502 0.00171922601293772 0.00153155741281807
0.000365989661077037 0.000351277732988819 0.000278931955108419 0.000468605663627386 0.011627983301878 0.248219564557076 0.960481226444244 0.999417304992676 0.999820351600647 0.998882591724396 0.996618568897247 0.999432802200317 0.999622941017151 0.998601853847504 0.987619757652283 0.870537936687469 0.501124024391174 0.0332137010991573 0.0242709629237652 0.0037524183280766 0.00188765116035938 0.00293783866800368 0.00295908818952739 0.0023961344268173 0.00239034648984671 0.00231685116887093 0.0024256999604404 0.00242191832512617 0.00242937216535211 0.00235870620235801 0.00226711668074131 0.00236571603454649 0.00216190051287413 0.00208549667149782 0.00201575574465096 0.00194419093895704 0.00196776422671974 0.0018782609840855 0.00188622553832829 0.00173398852348328 0.00165396323427558 0.00155736308079213
0.000217704640817828 0.000269970099907368 0.000478797679534182 0.00507745426148176 0.0433113314211369 0.282267391681671 0.974285900592804 0.999831974506378 0.999921679496765 0.999181985855103 0.994399189949036 0.996472597122192 0.994298756122589 0.99572628736496 0.964316129684448 0.534492909908295 0.101692363619804 0.0270974319428205 0.0074665853753686 0.00215963320806623 0.00172341288998723 0.00190751405898482 0.00195994577370584 0.0021433534566313 0.00235625798813999 0.00229251850396395 0.00220550107769668 0.00228892755694687 0.00206819688901305 0.00197220337577164 0.00197434960864484 0.0020515862852335 0.0019879147876054 0.00205270224250853 0.0017885904526338 0.0019004960777238 0.00181555212475359 0.00175919954199344 0.00178733305074275 0.00166553200688213 0.00161648041103035 0.00166363129392266
0.000127159772092 0.000169912920682691 0.000309537426801398 0.00201255478896201 0.020812775939703 0.208755880594254 0.712038278579712 0.999707579612732 0.999978125095367 0.999800026416779 0.99611222743988 0.991258442401886 0.997921943664551 0.995693206787109 0.886010527610779 0.704143226146698 0.0852647349238396 0.0369016267359257 0.00461606169119477 0.00203248462639749 0.00174206157680601 0.00175836123526096 0.00198184419423342 0.00226695532910526 0.00218998128548265 0.00216543162241578 0.00220523960888386 0.00224360334686935 0.00201318180188537 0.001876380876638 0.00190667563583702 0.00197924789972603 0.00177156995050609 0.00184835714753717 0.00180913822259754 0.00171451573260128 0.00178441894240677 0.00180345971602947 0.00174411421176046 0.00158324383664876 0.0016411206452176 0.00159960682503879
8.64187968545593e-05 0.000107520500023384 0.000258742773439735 0.0012832460924983 0.0793642178177834 0.207576110959053 0.86918032169342 0.999882638454437 0.999689698219299 0.998896300792694 0.980305254459381 0.91453230381012 0.994588971138 0.996333181858063 0.877538204193115 0.537841737270355 0.144096225500107 0.0229145605117083 0.00401048269122839 0.00231228675693274 0.00223701284267008 0.00209202896803617 0.00214679981581867 0.00220961403101683 0.00225156103260815 0.0021655538585037 0.00217959540896118 0.00193268829025328 0.00199718493968248 0.00195901957340539 0.00192833808250725 0.00174856907688081 0.00172296492382884 0.0017951347399503 0.00171265145763755 0.00166130939032882 0.00157261604908854 0.00157261604908854 0.00153037696145475 0.00143024395219982 0.00149247411172837 0.00138663791585714
