data/climate_estimation/maxent_output/Bomarea_purpurea.asc
NCOLS 94 
NROWS 254 
XLLCORNER -79.75 
YLLCORNER -13.0833333333333 
CELLSIZE 0.0833333333333333 
NODATA_value -3.4e+38 
[rows 171 to 189 of 254, columns 43 to 85 of 94]
0.0164460819214582 0.0153942294418812 0.0146448966115713 0.0166892055422068 0.0159611906856298 0.0156074222177267 0.0158599335700274 0.0153404921293259 0.014415280893445 0.0132919196039438 0.0125558488070965 0.0112093444913626 0.011278017424047 0.0110096093267202 0.0107455374673009 0.0107455374673009 0.0111571541056037 0.0116262370720506 0.0111254323273897 0.0108700795099139 0.0117390416562557 0.0121558653190732 0.0126321911811829 0.0130564225837588 0.0131711484864354 0.0143477329984307 0.0145382788032293 0.013888880610466 0.0145749282091856 0.0148874195292592 0.014750505797565 0.015254370868206 0.0161881651729345 0.016879141330719 0.016595670953393 0.0163632780313492 0.0176786333322525 0.0187278389930725 0.0190682448446751 0.0193818528205156 0.0190446618944407 0.0192586109042168 0.0193312056362629
0.0165075492113829 0.0146916611120105 0.0150387678295374 0.0145413158461452 0.0153143359348178 0.0150045109912753 0.0150337889790535 0.0145958457142115 0.0138675849884748 0.0130991209298372 0.0121195036917925 0.0110213253647089 0.0112591721117496 0.0112410197034478 0.0113911330699921 0.0106287086382508 0.0109724961221218 0.0112463627010584 0.0113014774397016 0.0114453984424472 0.0122615238651633 0.012625670991838 0.0119234146550298 0.0125602716580033 0.0136339720338583 0.0146052511408925 0.0144854672253132 0.0147038772702217 0.014582946896553 0.0153499459847808 0.0145361889153719 0.014681925997138 0.0162781625986099 0.016724331304431 0.0173115003854036 0.015959532931447 0.0164537765085697 0.0195227302610874 0.0197986718267202 0.0187695417553186 0.0188427083194256 0.0194929838180542 0.0191228035837412
0.0302545707672834 0.015180547721684 0.0144330086186528 0.0133043620735407 0.0134392725303769 0.0140875419601798 0.0144669283181429 0.014854178763926 0.0138014387339354 0.0132296858355403 0.0129645885899663 0.012105000205338 0.012040157802403 0.0112601472064853 0.0112435575574636 0.011170269921422 0.0108709493651986 0.0114323040470481 0.0116465426981449 0.0113546932116151 0.0122416820377111 0.0126084731891751 0.0121478093788028 0.0125868786126375 0.0134231438860297 0.0142867565155029 0.0141096273437142 0.0151978228241205 0.0146086402237415 0.0145538430660963 0.0137740420177579 0.0145999472588301 0.0154947182163596 0.0156871508806944 0.0164894666522741 0.0169716700911522 0.0169210936874151 0.0180217232555151 0.0189885515719652 0.0194860119372606 0.0189269166439772 0.019387312233448 0.0184215344488621
0.0792184099555016 0.04518011957407 0.0189597439020872 0.0142970252782106 0.0136897787451744 0.013227473013103 0.0139208389446139 0.014834183268249 0.0147887356579304 0.013836563564837 0.0131388651207089 0.0127053270116448 0.0122430883347988 0.0123140010982752 0.0116217080503702 0.0115585029125214 0.0121136922389269 0.0120450211688876 0.0125971464440227 0.0124072767794132 0.0121684856712818 0.0123690813779831 0.0133389299735427 0.0129655795171857 0.0126312542706728 0.013462420552969 0.0146213239058852 0.0134294303134084 0.0140015985816717 0.0143529064953327 0.0149011760950089 0.0151748284697533 0.0149467820301652 0.0150329265743494 0.0155361630022526 0.0154898315668106 0.0157664269208908 0.0179601013660431 0.0185802057385445 0.0186509639024734 0.0187726449221373 0.0188942644745111 0.0183671042323112
0.047923281788826 0.032585684210062 0.0297348331660032 0.0222076158970594 0.016874298453331 0.0143749350681901 0.0145149193704128 0.0158764291554689 0.0148223908618093 0.0149112809449434 0.0142608927562833 0.013063095510006 0.0130162984132767 0.012970132753253 0.0121471034362912 0.0121020972728729 0.0124838892370462 0.0135232266038656 0.0132717406377196 0.0128646502271295 0.0131368599832058 0.0129422843456268 0.013274610042572 0.0134049011394382 0.0130467535927892 0.0141173955053091 0.0137771982699633 0.0140699278563261 0.013449246995151 0.0142740085721016 0.0140260169282556 0.0156572833657265 0.0159687604755163 0.01594378054142 0.0157887879759073 0.0157641656696796 0.0160873029381037 0.0169817749410868 0.0173777230083942 0.0177991762757301 0.0180305521935225 0.0180959794670343 0.0196638312190771
0.0460641868412495 0.033769752830267 0.0379055477678776 0.0282722562551498 0.0355908237397671 0.0157301500439644 0.0156192807480693 0.0164871383458376 0.0162732414901257 0.0150776188820601 0.0154212610796094 0.0147735830396414 0.0131215266883373 0.0132171176373959 0.0138692390173674 0.0127015309408307 0.0126411151140928 0.0130635919049382 0.013181721791625 0.0140375327318907 0.0140008442103863 0.0137666622176766 0.0127523979172111 0.0134820686653256 0.0135288909077644 0.0133139472454786 0.0137912249192595 0.0132927726954222 0.013877428136766 0.0141404792666435 0.013907671906054 0.0144517486914992 0.0151628004387021 0.0150665361434221 0.0150318797677755 0.0158543568104506 0.0166055895388126 0.0181981530040503 0.018173610791564 0.0176972281187773 0.0182739924639463 0.017695065587759 0.0196201018989086
0.124821335077286 0.0535132400691509 0.0526972338557243 0.0364123843610287 0.0408733487129211 0.0327315293252468 0.0199186895042658 0.0177950169891119 0.0173381920903921 0.0159967951476574 0.0168595425784588 0.0154920360073447 0.0142867155373096 0.0141018452122808 0.0142693342640996 0.0142406709492207 0.0138121554628015 0.0133611867204309 0.0138970147818327 0.0133181484416127 0.0139145124703646 0.0134950587525964 0.0130873890593648 0.0130821028724313 0.0140846390277147 0.0139407012611628 0.0136309545487165 0.0130717102438211 0.0135393152013421 0.0143059231340885 0.0142654627561569 0.0144797116518021 0.0143777308985591 0.0151253798976541 0.0151004232466221 0.0166402962058783 0.0168389175087214 0.0168551709502935 0.0173440482467413 0.0172392595559359 0.0179296359419823 0.0179631523787975 0.0198843497782946
0.107477180659771 0.129577323794365 0.0640179589390755 0.0450457632541656 0.0413193553686142 0.0628545060753822 0.0576113164424896 0.0251234211027622 0.0197958927601576 0.0179865807294846 0.0174015555530787 0.0174237955361605 0.0164193585515022 0.0154085904359818 0.0152093153446913 0.015026886947453 0.0147768799215555 0.0154943717643619 0.014647239819169 0.0150373093783855 0.014072404243052 0.0137859648093581 0.0144271496683359 0.013485443778336 0.0164092089980841 0.0152742769569159 0.0142339197918773 0.0136298760771751 0.0137429581955075 0.0143211288377643 0.0145997926592827 0.0152752883732319 0.0147959776222706 0.0151820769533515 0.0157495979219675 0.0158089529722929 0.0180513262748718 0.0175452046096325 0.0177538823336363 0.0172040071338415 0.0180269461125135 0.0191885270178318 0.0202891677618027
0.071018323302269 0.112759307026863 0.0934417322278023 0.0606246143579483 0.0494825839996338 0.0444384068250656 0.0873266234993935 0.0309785418212414 0.0226550456136465 0.0208300743252039 0.0184118133038282 0.0177617929875851 0.0167772751301527 0.0160949993878603 0.0160024911165237 0.0161914080381393 0.0165931452065706 0.0156290177255869 0.0152140790596604 0.0157046914100647 0.0142312319949269 0.0134385284036398 0.0139485970139503 0.0137631120160222 0.0131739620119333 0.0171377994120121 0.0183547399938107 0.0150055717676878 0.0141421630978584 0.0143382009118795 0.0146155664697289 0.0148351080715656 0.0156056489795446 0.0154491616412997 0.0159376747906208 0.0169637110084295 0.0173026584088802 0.0178977195173502 0.0175382643938065 0.0176101848483086 0.0181616507470608 0.019769674167037 0.0216160509735346
0.0706555843353271 0.103216864168644 0.0733998641371727 0.0498813427984715 0.0472250655293465 0.0520366504788399 0.0702115446329117 0.0308337155729532 0.024284714832902 0.0231170896440744 0.0194574724882841 0.0197203569114208 0.0174393560737371 0.0183575712144375 0.0176909230649471 0.0170825719833374 0.0173750445246696 0.0168226659297943 0.0163151696324348 0.0164295174181461 0.0157591719180346 0.0139558846130967 0.01378508284688 0.0125118885189295 0.0125879235565662 0.0136017147451639 0.0141568081453443 0.0171838384121656 0.0148181170225143 0.0142186731100082 0.0152891464531422 0.0153312776237726 0.0158175192773342 0.0160697475075722 0.016440499573946 0.0175452046096325 0.017750758677721 0.0180203337222338 0.0170826334506273 0.0187156200408936 0.0195736233144999 0.0199586525559425 0.0207349117845297
0.0551938936114311 0.0962032750248909 0.0423436537384987 0.0325628034770489 0.0334384106099606 0.0423006676137447 0.0529413931071758 0.0249266270548105 0.0223758649080992 0.0215262845158577 0.0209569279104471 0.0203249249607325 0.0186501815915108 0.0215157661587 0.019844688475132 0.0194228179752827 0.018480509519577 0.0180731918662786 0.0186177454888821 0.0179744828492403 0.0155032128095627 0.0149517636746168 0.0143262147903442 0.0138663556426764 0.013058383949101 0.0144664524123073 0.0147293154150248 0.0203582514077425 0.0157567132264376 0.0154158864170313 0.0147112300619483 0.0154753867536783 0.0155749786645174 0.0159066952764988 0.0164527334272861 0.0173170175403357 0.0193582382053137 0.0180328488349915 0.0184567496180534 0.0187321156263351 0.0191653966903687 0.0192253906279802 0.0188022833317518
0.0784016773104668 0.0723127722740173 0.0410518459975719 0.0306046213954687 0.0269026588648558 0.0271684769541025 0.0313921011984348 0.0241847075521946 0.0221914201974869 0.0233757682144642 0.0214899126440287 0.0201904438436031 0.0203309524804354 0.0231502037495375 0.0227880496531725 0.0227378997951746 0.0196700822561979 0.0205260738730431 0.0212201066315174 0.0218147877603769 0.0164988748729229 0.0148967392742634 0.0149168847128749 0.0138780381530523 0.0129569675773382 0.0136309480294585 0.0149334305897355 0.0190860498696566 0.0212328787893057 0.0163277704268694 0.015388241969049 0.0161865465342999 0.0156767517328262 0.0152776120230556 0.0160806719213724 0.0170626938343048 0.0167461037635803 0.0167671199887991 0.0186294782906771 0.0175522733479738 0.0170885175466537 0.0180594623088837 0.0185540113598108
0.105148047208786 0.0630816146731377 0.0772831439971924 0.030482204630971 0.0262471698224545 0.0231988076120615 0.0221375711262226 0.0241007804870605 0.022644117474556 0.0217044819146395 0.0218419395387173 0.0210265852510929 0.0205722581595182 0.020366782322526 0.024252574890852 0.025254774838686 0.020608801394701 0.0203577168285847 0.0224773045629263 0.0242257006466389 0.0201402846723795 0.0168415866792202 0.0150813907384872 0.0137002458795905 0.0130395414307714 0.014256245456636 0.0136661613360047 0.017219414934516 0.0208568423986435 0.0188982542604208 0.0148450443521142 0.0158753022551537 0.0165767036378384 0.0155455451458693 0.0164937432855368 0.0162918344140053 0.0170460324734449 0.0179757867008448 0.0179424770176411 0.0175165869295597 0.0174735579639673 0.0183550454676151 0.019809503108263
0.0570156089961529 0.048332367092371 0.0903462842106819 0.0288562942296267 0.0249121841043234 0.0229837968945503 0.0203671548515558 0.0220327284187078 0.0205296725034714 0.0206614658236504 0.0215712804347277 0.0201403740793467 0.0208201799541712 0.0206896234303713 0.0210304968059063 0.0231337584555149 0.0223344881087542 0.0203022342175245 0.0211827121675014 0.0216362439095974 0.023258263245225 0.0188768692314625 0.0154265221208334 0.0138774644583464 0.0127664553001523 0.0143861267715693 0.0152681935578585 0.0160671770572662 0.0184055399149656 0.0207595434039831 0.0158753022551537 0.0153329828754067 0.0166376493871212 0.0166202653199434 0.016700116917491 0.0173262134194374 0.0179757867008448 0.0178895071148872 0.0182537771761417 0.0184063501656055 0.0190840028226376 0.0189059507101774 0.0195354614406824
0.0519185997545719 0.0386538654565811 0.0697503909468651 0.032037042081356 0.0231840945780277 0.0215882919728756 0.0206610858440399 0.0202335808426142 0.0210857354104519 0.0215704627335072 0.0207128189504147 0.0196911506354809 0.0205196030437946 0.0191392283886671 0.0197016559541225 0.0208022892475128 0.0203260499984026 0.0191437713801861 0.0180708914995193 0.0197055339813232 0.0188342034816742 0.0190139450132847 0.0180896520614624 0.0147799830883741 0.0136598134413362 0.0148946801200509 0.0154917435720563 0.0150159876793623 0.0166491214185953 0.0197292193770409 0.015404493547976 0.015819413587451 0.0162557139992714 0.0160168502479792 0.0166751574724913 0.0159305147826672 0.0176005847752094 0.0181499551981688 0.0173306725919247 0.0187720637768507 0.0198463853448629 0.0207989551126957 0.0214966870844364
0.0605786293745041 0.033882200717926 0.108277224004269 0.0597829297184944 0.0321106947958469 0.0222795903682709 0.0196292567998171 0.0208787117153406 0.0196778830140829 0.0191825088113546 0.0197858717292547 0.018453523516655 0.0195278394967318 0.0190323479473591 0.0194812994450331 0.0203301515430212 0.0191470589488745 0.0181422438472509 0.0199802462011576 0.0184088237583637 0.016574252396822 0.0162393059581518 0.0161255318671465 0.0151863200590014 0.0141845913603902 0.0149978520348668 0.0149316797032952 0.0153355812653899 0.0151544250547886 0.0159477051347494 0.0147700412198901 0.0151260122656822 0.0155822057276964 0.0161268822848797 0.0160184036940336 0.016296399757266 0.0175165869295597 0.0170471426099539 0.0170063506811857 0.01847861148417 0.0201443303376436 0.0192256588488817 0.0191376060247421
0.0698945671319962 0.0388186722993851 0.0322881639003754 0.0719275251030922 0.0244666207581758 0.0342096276581287 0.0188561882823706 0.0190780162811279 0.0179245322942734 0.0180140882730484 0.0175438616424799 0.0176075045019388 0.0183989312499762 0.0174386724829674 0.0190147813409567 0.0191334597766399 0.018517978489399 0.0193345360457897 0.0190264545381069 0.0180855542421341 0.0164178386330605 0.0165451671928167 0.015100110322237 0.0143803292885423 0.0136926975101233 0.0147314574569464 0.0158115569502115 0.0147907352074981 0.0163161586970091 0.0152616379782557 0.0152616379782557 0.0158415678888559 0.0166751574724913 0.0165559258311987 0.017265148460865 0.0170415993779898 0.0172830950468779 0.0185697786509991 0.0168230552226305 0.0185684189200401 0.0190484169870615 0.0197414271533489 0.019381333142519
0.071495845913887 0.047023318707943 0.0226657278835773 0.0279522873461246 0.0241343788802624 0.0369061343371868 0.0174856260418892 0.0182253047823906 0.0169897060841322 0.0168174859136343 0.0166249889880419 0.0157675202935934 0.0182069055736065 0.0170393064618111 0.0179260540753603 0.0172417126595974 0.0182380825281143 0.0199702903628349 0.0188554488122463 0.0178726185113192 0.01739501953125 0.016366645693779 0.0147340605035424 0.0153866102918983 0.0159578453749418 0.0139962062239647 0.0142280822619796 0.0157420206815004 0.0162605084478855 0.0174554977566004 0.0154749099165201 0.0165959000587463 0.0167469065636396 0.0161242038011551 0.017235029488802 0.0177195258438587 0.0179777760058641 0.0186196956783533 0.0173822864890099 0.0178158581256866 0.0182679258286953 0.0193619076162577 0.018800113350153
0.0800003856420517 0.0378487668931484 0.0243219770491123 0.022207248955965 0.0284548364579678 0.0252750311046839 0.0162706840783358 0.0173417124897242 0.016064140945673 0.0161889251321554 0.0154184689745307 0.0157860200852156 0.0168192218989134 0.0154991494491696 0.0167794674634933 0.0167697127908468 0.0168616157025099 0.0185020342469215 0.018301097676158 0.0167602524161339 0.0175450332462788 0.0176973827183247 0.0153322760015726 0.0154016502201557 0.0154136009514332 0.0135967964306474 0.0144875664263964 0.0144793288782239 0.0162032339721918 0.0191489886492491 0.0158070009201765 0.0158572811633348 0.016901608556509 0.0160055831074715 0.0174840074032545 0.0181191395968199 0.0180651713162661 0.0178648885339499 0.0181557927280664 0.0181515160948038 0.0171716809272766 0.0177612323313951 0.0170398056507111
