data/climate_estimation/maxent_output/Bomarea_uncifolia.asc
NCOLS 69 
NROWS 104 
XLLCORNER -79.75 
YLLCORNER -9.41666666666667 
CELLSIZE 0.0833333333333333 
NODATA_value -3.4e+38 
[rows 19 to 37 of 104, columns 0 to 42 of 69]
0.000637852295767516 0.000360536912921816 0.00021577556617558 0.00010625382856233 9.68967360677198e-05 0.00014377803017851 0.00263593811541796 0.199684500694275 0.499786496162415 0.920524775981903 0.998415231704712 0.999647259712219 0.999879598617554 0.999883890151978 0.992131054401398 0.627181351184845 0.0643589943647385 0.00295333890244365 0.0011343868682161 0.00237619783729315 0.000292343844193965 0.000315456331009045 8.07663382147439e-05 0.000122307421406731 0.000207210134249181 0.00021424850274343 0.000183213545824401 0.000144333956995979 0.000140899763209745 0.000129820895381272 0.00012941297609359 0.000118795207527 0.000117377174319699 0.000118648822535761 0.000109623790194746 9.83212084975094e-05 9.10848466446623e-05 8.89620423549786e-05 8.80483348737471e-05 8.67551498231478e-05 7.87324679549783e-05 8.6495594587177e-05 8.49381758598611e-05
0.000650267000310123 0.000380539917387068 0.000249933218583465 0.00013848562957719 0.000121673918329179 0.000267751223873347 0.0196840390563011 0.231524452567101 0.660826981067657 0.988877415657043 0.998717606067657 0.999404847621918 0.998057067394257 0.961693942546844 0.823323369026184 0.926242589950562 0.0899181663990021 0.00197220128029585 0.00252332165837288 0.00244702026247978 0.000178542177309282 0.000363907864084467 0.000283427245449275 0.000271576864179224 0.000240908047999255 0.000227004769840278 0.000202992261620238 0.000170489642187022 0.000174377884832211 0.000171330582816154 0.000157920221681707 0.000152401131344959 0.000148429840919562 0.000152297812746838 0.000131311768200248 0.000121031618618872 0.000113016430987045 0.000117294111987576 9.64447899605148e-05 9.6747993666213e-05 9.22111648833379e-05 9.34972049435601e-05 8.30199351185001e-05
0.000680438533890992 0.000455416215118021 0.000292227981844917 0.000173971537151374 0.000328298861859366 0.00901378504931927 0.163013130426407 0.674061357975006 0.898508012294769 0.969093441963196 0.986684501171112 0.991210222244263 0.931905150413513 0.727101981639862 0.116596564650536 0.0651080757379532 0.00943672005087137 0.000958223477937281 0.00234109535813332 0.00152903841808438 0.000154676134116016 0.000295902427751571 0.000689200416672975 0.000528940523508936 0.000269011885393411 0.000256831932347268 0.000236037405556999 0.000202437382540666 0.000202113209525123 0.000197240980924107 0.0001975002232939 0.000186348421266302 0.000167300153407268 0.000182690724614076 0.000166677753441036 0.000162442709552124 0.000159810922923498 0.000143779121572152 0.000123501624329947 0.000120322438306175 0.000113303132820874 9.98080722638406e-05 9.93426874629222e-05
0.000884896086063236 0.000570943346247077 0.000494088046252728 0.00218667485751212 0.0317458808422089 0.25103235244751 0.82972651720047 0.983035206794739 0.992901921272278 0.972457408905029 0.96460086107254 0.951573133468628 0.897906064987183 0.32542684674263 0.106031805276871 0.00726506393402815 0.00186822272371501 0.0010779689764604 0.00172229541931301 0.000508030469063669 8.1768084783107e-05 0.00048484731814824 0.00057821866357699 0.000420728261815384 0.000312803429551423 0.000302810803987086 0.00025120735517703 0.000239790373598225 0.000224032162805088 0.000220484769670293 0.000227490687393583 0.000220448346226476 0.000219001405639574 0.000226879114052281 0.000202537776203826 0.000192150284419768 0.000182364485226572 0.000172994812601246 0.000161637377459556 0.000153281405800954 0.00014235069102142 0.000138614515890367 0.000133113921037875
0.00111195282079279 0.00122299056965858 0.00418931618332863 0.240883708000183 0.244774982333183 0.862017452716827 0.984351873397827 0.985762417316437 0.958163857460022 0.888123452663422 0.77354234457016 0.811152637004852 0.798244953155518 0.422595679759979 0.595036685466766 0.0298338402062654 0.00182311527896672 0.00141344428993762 0.00131640967447311 0.000281710672425106 0.000133800247567706 0.000521328998729587 0.000484762276755646 0.000387354491977021 0.000431206659413874 0.000323813554132357 0.000344914442393929 0.000343077204888687 0.000256746861850843 0.000243856207816862 0.000249452219577506 0.000247000338276848 0.000259585620369762 0.00027584278723225 0.000234526902204379 0.000238941065617837 0.000238266875385307 0.000232273465371691 0.000211764316190965 0.000211047765333205 0.000217267603147775 0.000197946021216922 0.000195641172467731
0.00191863463260233 0.00462608365342021 0.0699771121144295 0.408109158277512 0.682910084724426 0.968082308769226 0.969577610492706 0.945061504840851 0.876156866550446 0.601194977760315 0.519624710083008 0.672793567180634 0.547927618026733 0.561346650123596 0.25396516919136 0.00650044344365597 0.0011487101437524 0.001146842376329 0.000612837262451649 0.000116413670184556 0.000364037638064474 0.000657323107589036 0.000493218190968037 0.000411902758060023 0.000442895776359364 0.000452409585705027 0.000407791521865875 0.000411027111113071 0.00039345322875306 0.000370923022273928 0.000314590142806992 0.000336820725351572 0.000340268947184086 0.000368598120985553 0.000333884701831266 0.000320554856443778 0.00030648082611151 0.000299265084322542 0.000335932068992406 0.000314088450977579 0.000317824917146936 0.00028311021742411 0.000279492203844711
0.00283735035918653 0.00272935256361961 0.0178152229636908 0.198818013072014 0.783061921596527 0.964199304580688 0.93193393945694 0.816453397274017 0.541948735713959 0.370334833860397 0.521396517753601 0.598641335964203 0.662957966327667 0.66253787279129 0.351014256477356 0.00851604528725147 0.00128152233082801 0.000763134332373738 0.000446056248620152 0.000138120580231771 0.000582773122005165 0.000593010452575982 0.000484210817376152 0.000434706686064601 0.000535981031134725 0.000518676824867725 0.000456446985481307 0.000458661030279472 0.000418767362134531 0.000434427231084555 0.000462622876511887 0.000482775911223143 0.000527804775629193 0.00054893153719604 0.000469777238322422 0.000467587291495875 0.000436920381616801 0.000437331094872206 0.000480353803141043 0.000525006267707795 0.000488175282953307 0.000422971992520615 0.000443059980170801
0.004116420168430 0.00582539197057486 0.0908140540122986 0.452473282814026 0.673033356666565 0.886795699596405 0.805437922477722 0.696988165378571 0.550400674343109 0.537413716316223 0.709987699985504 0.567273795604706 0.68015468120575 0.639424741268158 0.151440903544426 0.00240446976386011 0.000691843859385699 0.000555926468223333 0.000646119122393429 0.00023673550458625 0.000644794665277004 0.000564363901503384 0.000626026827376336 0.000458029593573883 0.000640994519926608 0.000587474671192467 0.000549378688447177 0.000554589205421507 0.000549870659597218 0.000576694961637259 0.000569719064515084 0.000637145421933383 0.000647364242468029 0.000714267953298986 0.000784458825364709 0.00082652032142505 0.000753496191464365 0.000831527810078114 0.000854570826049894 0.000841074564959854 0.000918625155463815 0.000805892806965858 0.000680766650475562
0.0106380376964808 0.0805862545967102 0.141383826732635 0.550523519515991 0.887707412242889 0.855629205703735 0.83710128068924 0.668384909629822 0.655063152313232 0.694497287273407 0.683676838874817 0.659093499183655 0.766334056854248 0.523542523384094 0.0244351550936699 0.00131769245490432 0.00085758138448 0.00068546220427379 0.000866579997818917 0.000725547666661441 0.000685269362293184 0.000770575716160238 0.000804814626462758 0.000621433893684298 0.000698329764418304 0.000721308286301792 0.000674212817102671 0.000667964050080627 0.000705379585269839 0.000646465923637152 0.000711073749698699 0.000749190396163613 0.000781236798502505 0.000882738211657852 0.00100333848968148 0.00107473763637245 0.00111479696352035 0.00133420631755143 0.00132070330437273 0.00146261230111122 0.00132832943927497 0.00130091735627502 0.0012852429645136
0.0173080079257488 0.193030819296837 0.625121414661407 0.608740627765656 0.670841336250305 0.716318666934967 0.741194844245911 0.7134969830513 0.705293357372284 0.728658676147461 0.698324680328369 0.754742026329041 0.743633985519409 0.432684987783432 0.00344616244547069 0.00110857817344368 0.000753547938074917 0.000470942381070927 0.000553633028175682 0.000341051636496559 0.000668906199280173 0.000542037014383823 0.000902853324078023 0.000672024732921273 0.000742155534680933 0.000775258289650083 0.000759038492105901 0.0007842862396501 0.000809754710644484 0.000778872577939183 0.000799901958089322 0.000842232315335423 0.00100799032952636 0.00109370879363269 0.00115518097300082 0.00142659374978393 0.0015784022398293 0.00174787489231676 0.00182601518463343 0.00205511553213 0.00231262156739831 0.00194987654685974 0.00218813773244619
0.068921186029911 0.206094801425934 0.51516330242157 0.601583182811737 0.629336416721344 0.647266268730164 0.535196840763092 0.726280987262726 0.723869562149048 0.734734237194061 0.759194672107697 0.680546700954437 0.241796061396599 0.132641777396202 0.00244826986454427 0.00141652335878462 0.000896328827366233 0.000433513865573332 0.000556025072000921 0.000200655456865206 0.000216167347389273 0.000731938693206757 0.000962890917435288 0.000765637145377696 0.000796008273027837 0.000841205648612231 0.000892548530828208 0.000877753074746579 0.000862977292854339 0.000921983213629574 0.000967258296441287 0.00107199256308377 0.00118555582594126 0.0013102674856782 0.00152474362403154 0.00174273026641458 0.00204862933605909 0.00232887757010758 0.00273103243671358 0.00288604130037129 0.00333722401410341 0.00320577132515609 0.00295189372263849
0.0122761130332947 0.0467175617814064 0.0908171683549881 0.160225421190262 0.172911703586578 0.142305508255959 0.73536890745163 0.721064031124115 0.770431458950043 0.765487372875214 0.788525819778442 0.642183899879456 0.175168812274933 0.00929616577923298 0.00275392923504114 0.00160398904699832 0.00126146106049418 0.00133015692699701 0.000338987476425245 0.000196727982256562 0.00016862312622834 0.00065616104984656 0.001032191561535 0.000765362521633506 0.000802768103312701 0.000914860866032541 0.0010684619192034 0.0010896340245381 0.00102359789889306 0.00103099318221211 0.00109885958954692 0.00128442281857133 0.00141028198413551 0.00154731993097812 0.00183954101521522 0.00215111207216978 0.0022813412360847 0.00298782764002681 0.00362084433436394 0.00412275083363056 0.00431075971573591 0.00429529650136828 0.00412667822092772
0.0225811805576086 0.0686335638165474 0.0726231634616852 0.102055266499519 0.136431500315666 0.269242495298386 0.826393723487854 0.847676753997803 0.79872053861618 0.802599668502808 0.816723108291626 0.331832885742188 0.26007154583931 0.00490437354892492 0.00275795697234571 0.00179110199678689 0.00295369978994131 0.000461995980003849 0.000360632984666154 0.000223398470552638 0.000227375072427094 0.000792744103819132 0.00110855000093579 0.000778897025156766 0.000914578093215823 0.00101678911596537 0.00103160215076059 0.00102178100496531 0.00105269264895469 0.0011149097699672 0.00121959112584591 0.00138684059493244 0.00150170631241053 0.00180323410313576 0.00202495651319623 0.00236480217427015 0.00289351237006485 0.00315642985515296 0.00381302181631327 0.00477191619575024 0.00506532751023769 0.00496836146339774 0.00523102702572942
0.047786109149456 0.326224952936172 0.504835367202759 0.663203120231628 0.589379847049713 0.326663345098495 0.742858529090881 0.926311016082764 0.810834527015686 0.78793066740036 0.701158344745636 0.297962069511414 0.00982401613146067 0.00374428695067763 0.00449869921430945 0.0020868587307632 0.00261310092173517 0.000473952619358897 0.000272703618975356 0.000341592764016241 0.000684616970829666 0.000758434587623924 0.00111130124423653 0.000982995727099478 0.000763980497140437 0.000982170808129013 0.00112453929614276 0.00105061731301248 0.00120220857206732 0.00124762812629342 0.00124074600171298 0.0013568481663242 0.00159830367192626 0.0019242005655542 0.00224126945249736 0.00272409059107304 0.00308408495038748 0.00362238381057978 0.00429782457649708 0.00511223590001464 0.00552608259022236 0.00540429912507534 0.00583724537864327
0.0433562099933624 0.261543244123459 0.659713208675385 0.738730251789093 0.809046030044556 0.790643870830536 0.899686932563782 0.852710366249084 0.862326860427856 0.135073110461235 0.341828614473343 0.500987887382507 0.00625230604782701 0.00319577660411596 0.00581170478835702 0.00200549094006419 0.00177088181953877 0.000694415182806551 0.000562016619369388 0.000857700477354228 0.000924161053262651 0.000811103673186153 0.00106128980405629 0.00101486535277218 0.000888929818756878 0.00095789908664301 0.00107122422195971 0.00112212914973497 0.00112312065903097 0.00118505966383964 0.00128355552442372 0.00147339433897287 0.00193956959992647 0.00221055373549461 0.0026546441949904 0.00295265926979482 0.00339573691599071 0.00379060208797455 0.004584651440382 0.00527890166267753 0.00591704016551375 0.0059944991953671 0.00613117776811123
0.0132154785096645 0.0234429966658354 0.061074785888195 0.660582959651947 0.828942179679871 0.871763527393341 0.929280877113342 0.854095220565796 0.861513197422028 0.0308811217546463 0.0845622420310974 0.0408865176141262 0.00348715553991497 0.00542107783257961 0.00370109430514276 0.00118990149348974 0.00135956436861306 0.00119902426376939 0.00062594044720754 0.000823117035906762 0.000875583966262639 0.000988590181805193 0.00102585460990667 0.00100796320475638 0.00100766937248409 0.000742511067073792 0.00100495270453393 0.00114450778346509 0.00117988372221589 0.00118109316099435 0.00137498939875513 0.00155180972069502 0.00188288919162005 0.00208896212279797 0.00245018419809639 0.00297540496103466 0.00343973166309297 0.00404663756489754 0.00465504173189402 0.00524240545928478 0.00580340903252363 0.00580673664808273 0.00553988385945559
0.00755172781646252 0.0121816881000996 0.0189616326242685 0.453126966953278 0.816808104515076 0.854560911655426 0.88400274515152 0.879983484745026 0.796420753002167 0.125946849584579 0.00580683210864663 0.00310856010764837 0.00205255998298526 0.00355138024315238 0.00154747359920293 0.00107968028169125 0.0012815787922591 0.0013244841247797 0.000585501489695162 0.000925306347198784 0.000826161471195519 0.000745444616768509 0.000870947493240237 0.00100087525788695 0.000937259523198009 0.000597058853600174 0.000901160878129303 0.00108467671088874 0.00114613946061581 0.00125392829068005 0.00133566872682422 0.00158892478793859 0.00174456764943898 0.00222335546277463 0.00256713107228279 0.00318833929486573 0.00363694713450968 0.00450234534218907 0.00471371738240123 0.00501197995617986 0.00572416558861732 0.00586443860083818 0.00638380832970142
0.00699764117598534 0.00709562422707677 0.00780142471194267 0.171060010790825 0.738046646118164 0.834957361221313 0.864700138568878 0.869794964790344 0.704577445983887 0.181027948856354 0.00545666506513953 0.00317830592393875 0.00286526419222355 0.00103965739253908 0.000429550855187699 0.00143439590465277 0.00110586313530803 0.00141939579043537 0.000835480575915426 0.000764054129831493 0.000821648514829576 0.00071721663698554 0.00082556571578607 0.000941312697250396 0.000883242522832006 0.000577860861085355 0.000875202298630029 0.000969468732364476 0.00122782471589744 0.00122195354197174 0.00145991472527385 0.00166382966563106 0.00179657235275954 0.00216907192952931 0.00266330293379724 0.00334847997874022 0.0036100388970226 0.00421275990083814 0.00463337823748589 0.00513706495985389 0.0056126220151782 0.00629940908402205 0.00595671031624079
0.007340291980654 0.0101339826360345 0.0351609475910664 0.257217705249786 0.529437363147736 0.743099391460419 0.710234761238098 0.470892518758774 0.402174383401871 0.129388570785522 0.0057042189873755 0.00310967396944761 0.00158652220852673 0.00087859173072502 0.000659727724269032 0.0047499923966825 0.000832883059047163 0.00131387799046934 0.000916019373107702 0.000560890010092407 0.000520595291163772 0.00067295873304829 0.000773126957938075 0.000859084248077124 0.000839184504002333 0.000752791878767312 0.000726426485925913 0.000996130518615246 0.00110401213169098 0.00124593777582049 0.00141278596129268 0.00162038579583168 0.00180326076224446 0.00220504147000611 0.00254207476973534 0.00304366275668144 0.00338079151697457 0.00384726817719638 0.00438235281035304 0.00485766865313053 0.00542261777445674 0.00570951960980892 0.00629666494205594
