data/climate_estimation/maxent_output/Bomarea_coccinea.asc
NCOLS 132 
NROWS 274 
XLLCORNER -78.5833333333333 
YLLCORNER -16.8333333333333 
CELLSIZE 0.0833333333333333 
NODATA_value -3.4e+38 
[rows 190 to 208 of 274, columns 86 to 128 of 132]
0.0892122015357018 0.0884394124150276 0.0837425664067268 0.0814438015222549 0.0791024938225746 0.0742741078138351 0.0714866891503334 0.0710279196500778 0.0700190812349319 0.0725679099559784 0.0714376345276833 0.0694605931639671 0.0737535580992699 0.0743389800190926 0.0693852305412292 0.0690009593963623 0.0713310614228249 0.0731765627861023 0.0744331702589989 0.0843509361147881 0.0853539705276489 0.0870546326041222 0.0875189155340195 0.0856786295771599 0.0817545875906944 0.0875051021575928 0.0884333476424217 0.0910214558243752 0.0961103215813637 0.0954151898622513 0.0947713777422905 0.0982922464609146 0.102569408714771 0.101823560893536 0.0972427278757095 0.101864032447338 0.0972808599472046 0.0919851213693619 0.0879744589328766 0.0859300270676613 0.0857251659035683 0.0841775014996529 0.0786061435937881
0.0925903618335724 0.0922165960073471 0.089821882545948 0.0826640725135803 0.0786421149969101 0.0766944214701653 0.0711413472890854 0.0776635855436325 0.0730418786406517 0.0736822485923767 0.0750535279512405 0.0737823247909546 0.0756561458110809 0.0766272023320198 0.0741617232561111 0.0741414576768875 0.0765896216034889 0.0781731009483337 0.0835551247000694 0.0861881002783775 0.0875340476632118 0.0895941630005836 0.0850122272968292 0.0860843062400818 0.0889264941215515 0.085735522210598 0.0873138383030891 0.0943051725625992 0.0877526104450226 0.0881142839789391 0.0957968309521675 0.0941178500652313 0.0933639630675316 0.094960480928421 0.0955951139330864 0.0951700210571289 0.0915422588586807 0.0890308395028114 0.0911908820271492 0.0908464789390564 0.0879645124077797 0.0806588977575302 0.0789741575717926
0.0927774682641029 0.0969286412000656 0.0886071249842644 0.0827915668487549 0.0817791372537613 0.0788547694683075 0.0793237313628197 0.0780010521411896 0.0761894658207893 0.0762007459998131 0.0750306397676468 0.0743390992283821 0.0776317268610001 0.0765352547168732 0.0775474309921265 0.0778876319527626 0.0778519287705421 0.0846681371331215 0.0840730592608452 0.0862341895699501 0.0864502713084221 0.0860744640231133 0.0859097167849541 0.0887415334582329 0.0861188173294067 0.0901588797569275 0.0865533053874969 0.0877636522054672 0.0881254225969315 0.0904206782579422 0.0914042890071869 0.0908709168434143 0.0936207547783852 0.0904913693666458 0.0920142605900764 0.0893742963671684 0.0863572061061859 0.088072195649147 0.0866324678063393 0.084498219192028 0.0829978883266449 0.079899825155735 0.0760959461331367
0.0953547284007072 0.0936076566576958 0.0893583297729492 0.089182049036026 0.0841839089989662 0.0846120491623878 0.0831832811236382 0.0861193686723709 0.0827979817986488 0.0816911533474922 0.0798737853765488 0.0800504758954048 0.0761240348219872 0.0813349708914757 0.0796917900443077 0.0837671682238579 0.0846361741423607 0.0874358788132668 0.0891185626387596 0.0866183787584305 0.0852858498692513 0.0933350399136543 0.0934541299939156 0.0948475450277328 0.095368780195713 0.0908428505063057 0.0882354453206062 0.0832014828920364 0.0843588039278984 0.0870419666171074 0.0869240388274193 0.086095355451107 0.0877036452293396 0.0911189466714859 0.0921758636832237 0.0905603393912315 0.0861141681671143 0.0860931351780891 0.0859030783176422 0.0808537378907204 0.0838219523429871 0.080922931432724 0.078864760696888
0.097987100481987 0.0971548557281494 0.0931607484817505 0.0905007943511009 0.0886689424514771 0.0913911089301109 0.0893493294715881 0.0874175876379013 0.0839609801769257 0.085550844669342 0.0848864912986755 0.0820689350366592 0.0864650830626488 0.0856841877102852 0.0873390883207321 0.0855803340673447 0.0878009423613548 0.0842210128903389 0.0892068222165108 0.0935157835483551 0.0920825824141502 0.0985220894217491 0.0978224277496338 0.0928378999233246 0.0900547206401825 0.0902869403362274 0.0937099009752274 0.0835745185613632 0.0815037563443184 0.0837885513901711 0.0870379954576492 0.0850419998168945 0.0807396322488785 0.0841931477189064 0.0871141999959946 0.0880994722247124 0.0896725729107857 0.08880215883255 0.0869993641972542 0.0853364691138268 0.0840588286519051 0.0805472657084465 0.0796168297529221
0.0981970727443695 0.102122657001019 0.0986673161387444 0.0902862995862961 0.0917698070406914 0.0931442305445671 0.0903176516294479 0.0946925431489944 0.0926336348056793 0.0872086435556412 0.0868985280394554 0.0902509987354279 0.0906546786427498 0.0890942737460136 0.0905817896127701 0.0910986512899399 0.0937176644802094 0.093480609357357 0.0979477763175964 0.0969053357839584 0.0914429873228073 0.103539429605007 0.0931310057640076 0.0948331952095032 0.0956871062517166 0.0975456759333611 0.0898268297314644 0.0925610363483429 0.0830415710806847 0.0852286741137505 0.0780307874083519 0.0792076364159584 0.0796471610665321 0.083736427128315 0.0831611156463623 0.0880141854286194 0.0883251950144768 0.0922663360834122 0.0855254679918289 0.0859412923455238 0.0877184122800827 0.0841530784964561 0.0814393013715744
0.104265615344048 0.101306647062302 0.0965235233306885 0.0929283276200294 0.0988137871026993 0.0975212678313255 0.0981336310505867 0.0942165181040764 0.092947244644165 0.0901778191328049 0.0937313735485077 0.0963830575346947 0.0959037691354752 0.0940901935100555 0.0992035642266273 0.102252095937729 0.102129250764847 0.0990632474422455 0.102170117199421 0.0962920859456062 0.0917084738612175 0.0957982838153839 0.0988249182701111 0.0984313040971756 0.0925908610224724 0.0939462557435036 0.0943632274866104 0.0909743458032608 0.0835987776517868 0.0773329436779022 0.0761196836829185 0.0742562934756279 0.0765407010912895 0.0770624056458473 0.077662006020546 0.0877744480967522 0.0896979048848152 0.0881794393062592 0.093179427087307 0.093083381652832 0.0873222276568413 0.082624264061451 0.0823659971356392
0.104311026632786 0.101067990064621 0.103005670011044 0.104420371353626 0.103780478239059 0.101917818188667 0.10198487341404 0.0995151698589325 0.0976055711507797 0.100343890488148 0.0995521694421768 0.102341771125793 0.105002418160439 0.10585081577301 0.104423865675926 0.107923097908497 0.106302917003632 0.106994263827801 0.103199861943722 0.0954819694161415 0.0970264002680779 0.100804559886456 0.10319247096777 0.106438353657722 0.098764680325985 0.0960229709744453 0.0898601487278938 0.0806961730122566 0.0821144357323647 0.0770038291811943 0.0718671381473541 0.0670612528920174 0.0729461461305618 0.0707730278372765 0.0735125541687012 0.0778649002313614 0.0868113338947296 0.0903048291802406 0.0934331566095352 0.0922214537858963 0.0879107192158699 0.0854595750570297 0.0851952731609344
0.106761865317822 0.109137766063213 0.112789981067181 0.107769139111042 0.107676044106483 0.104360356926918 0.108313582837582 0.105623237788677 0.106179043650627 0.106410466134548 0.109895594418049 0.115164369344711 0.112255647778511 0.114553384482861 0.112262777984142 0.107337363064289 0.11031299829483 0.108659140765667 0.103195831179619 0.0964479520916939 0.10204192250967 0.0992639064788818 0.0997305065393448 0.100272335112095 0.0954624116420746 0.0881877169013023 0.0752346217632294 0.0794932320713997 0.0722129717469215 0.068637527525425 0.0634309053421021 0.0612269304692745 0.0615138038992882 0.0646207183599472 0.0712610483169556 0.0732055455446243 0.0832140073180199 0.0862601399421692 0.0881027802824974 0.0906058475375175 0.0877018347382545 0.0834970772266388 0.0865170061588287
0.113428123295307 0.11399532109499 0.113663762807846 0.111379683017731 0.118861764669418 0.117333799600601 0.113328173756599 0.11247506737709 0.116568073630333 0.114173248410225 0.115536831319332 0.119230434298515 0.116140738129616 0.11919392645359 0.118272729218006 0.107848219573498 0.110375910997391 0.115527547895908 0.118828877806664 0.105708442628384 0.109771572053432 0.104878149926662 0.108942680060863 0.103521175682545 0.0930147841572762 0.0934907421469688 0.0773506462574005 0.0713383331894875 0.0709601864218712 0.0654880553483963 0.0656516775488853 0.0578612275421619 0.0545544661581516 0.0524266324937344 0.0618285350501537 0.0633854791522026 0.0706885382533073 0.0785024762153625 0.0808549076318741 0.0811249315738678 0.0807999446988106 0.0832702368497849 0.0802618563175201
0.116562053561211 0.114484868943691 0.130531787872314 0.122383125126362 0.121168501675129 0.118836395442486 0.119118437170982 0.119046404957771 0.120311997830868 0.115423753857613 0.12011381983757 0.120966024696827 0.12406999617815 0.123294651508331 0.122226744890213 0.12475498765707 0.121254123747349 0.125202432274818 0.119493514299393 0.118508100509644 0.112925708293915 0.10505111515522 0.0985338911414146 0.0899976789951324 0.0881380438804626 0.0912103801965714 0.0813607648015022 0.0746385082602501 0.0664898827672005 0.060963548719883 0.0554828867316246 0.054765697568655 0.0510932728648186 0.0505555123090744 0.0510601401329041 0.0561628900468349 0.0647168159484863 0.0717607140541077 0.0759233683347702 0.0747877135872841 0.0724978148937225 0.0774398520588875 0.0777674615383148
0.125186502933502 0.127042427659035 0.133860111236572 0.132927671074867 0.123794615268707 0.122247412800789 0.124369129538536 0.122873924672604 0.128544673323631 0.130009993910789 0.126922756433487 0.130343601107597 0.125996440649033 0.131238102912903 0.127011895179749 0.128243520855904 0.122307121753693 0.120041564106941 0.125021934509277 0.122745648026466 0.123329840600491 0.0993714407086372 0.100633904337883 0.100090235471725 0.0880722999572754 0.0893867388367653 0.0833394527435303 0.0715797394514084 0.062878280878067 0.0600127913057804 0.0546449534595013 0.0493035465478897 0.0485187210142612 0.0461984314024448 0.0465167686343193 0.0515250526368618 0.0607702322304249 0.0642655491828918 0.0675472095608711 0.0680160894989967 0.0722931697964668 0.073508009314537 0.0718160271644592
0.129580453038216 0.137146323919296 0.138553410768509 0.136839807033539 0.139615252614021 0.141241878271103 0.13791435956955 0.141244232654572 0.143432915210724 0.139899179339409 0.135597333312035 0.138378530740738 0.129954695701599 0.13227890431881 0.130300953984261 0.123971842229366 0.120059959590435 0.12035807967186 0.120685271918774 0.123032614588737 0.122235305607319 0.108471281826496 0.104795351624489 0.0951445549726486 0.0856216847896576 0.0859575942158699 0.0779654160141945 0.0694442093372345 0.0685442909598351 0.0567422322928905 0.0533109083771706 0.0488149709999561 0.0454315394163132 0.0444233007729053 0.0448834933340549 0.0482383258640766 0.0552998259663582 0.0598917827010155 0.0614061690866947 0.0656142830848694 0.0661959499120712 0.0649403259158134 0.0655379220843315
0.144058108329773 0.141422182321548 0.143760323524475 0.14706352353096 0.144576117396355 0.142796218395233 0.151538953185081 0.146772608160973 0.153598561882973 0.150824919342995 0.14438608288765 0.145684972405434 0.12993086874485 0.128141835331917 0.129519954323769 0.119352348148823 0.117515072226524 0.115430548787117 0.115407600998878 0.119718655943871 0.116504162549973 0.10210407525301 0.0909107699990273 0.0927688032388687 0.0848376899957657 0.0750672072172165 0.0761609598994255 0.0736263543367386 0.0649247318506241 0.0567422322928905 0.0503784380853176 0.0413152500987053 0.0425249449908733 0.0427503474056721 0.044513825327158 0.0473583713173866 0.0501466281712055 0.053824495524168 0.0562730841338634 0.0611481815576553 0.0618364997208118 0.062905453145504 0.0688050240278244
0.147296145558357 0.149384692311287 0.154217809438705 0.15265217423439 0.154113590717316 0.15463025867939 0.157095849514008 0.163834050297737 0.159035995602608 0.157592043280602 0.147878855466843 0.138456836342812 0.130787044763565 0.127991750836372 0.118442110717297 0.116449750959873 0.113460876047611 0.113300882279873 0.113873079419136 0.108484268188477 0.106146596372128 0.107584290206432 0.0960142239928246 0.0915630012750626 0.0879328995943069 0.080643966794014 0.0761785060167313 0.0707707107067108 0.0612893924117088 0.0599296055734158 0.0534858554601669 0.044276338070631 0.0411353334784508 0.0431233458220959 0.0468745157122612 0.0443302765488625 0.0466795712709427 0.0539023354649544 0.0530799739062786 0.0562712401151657 0.0561973080039024 0.0631281211972237 0.0677678510546684
0.147618100047112 0.153060480952263 0.15995454788208 0.162126958370209 0.171010836958885 0.172038659453392 0.170257762074471 0.177759394049644 0.172198787331581 0.162860423326492 0.144350200891495 0.140810072422028 0.134975135326385 0.130071625113487 0.113096743822098 0.111131235957146 0.107919298112392 0.107377804815769 0.106189034879208 0.102112546563148 0.0931999534368515 0.0972484946250916 0.0938740596175194 0.0801873803138733 0.0808223336935043 0.0833683684468269 0.0736668333411217 0.0715811550617218 0.0662066712975502 0.061598677188158 0.0582077875733376 0.0490189120173454 0.046385832130909 0.0461445637047291 0.0442061871290207 0.0481810234487057 0.0480391979217529 0.0494950786232948 0.0517687425017357 0.0583310797810555 0.0607236213982105 0.0639136508107185 0.0625526085495949
0.15086418390274 0.162444248795509 0.163319975137711 0.167925357818604 0.17165370285511 0.167438179254532 0.183348625898361 0.180557861924171 0.16637410223484 0.162297874689102 0.156360998749733 0.140373364090919 0.140189692378044 0.131366908550262 0.122942596673965 0.110730171203613 0.108019828796387 0.0967132747173309 0.0957036390900612 0.0919580832123756 0.0902507156133652 0.0888006389141083 0.0813665837049484 0.0815896168351173 0.0761640891432762 0.0760680511593819 0.0696971714496613 0.0709643289446831 0.0646409839391708 0.0625488236546516 0.0535835586488247 0.0500937774777412 0.0463701859116554 0.0448678880929947 0.0458218976855278 0.0470997132360935 0.0476369224488735 0.0501971878111362 0.0528613291680813 0.056422483175993 0.0527901649475098 0.057886466383934 0.059435848146677
0.166933670639992 0.167711794376373 0.175879314541817 0.173185110092163 0.172721907496452 0.183825522661209 0.175666406750679 0.188917368650436 0.174613744020462 0.166223600506783 0.147277474403381 0.144388288259506 0.137327447533607 0.123202808201313 0.114310018718243 0.109940528869629 0.0985836088657379 0.0926163867115974 0.0862643644213676 0.0829306095838547 0.0793752372264862 0.0721278861165047 0.0672042593359947 0.0666866824030876 0.0694880411028862 0.0660389363765717 0.064932256937027 0.0677178576588631 0.0585768930613995 0.057218961417675 0.0525981932878494 0.049808356910944 0.0464377403259277 0.0476443320512772 0.0442131347954273 0.045153371989727 0.0474404208362103 0.0472807064652443 0.0516287423670292 0.0495849959552288 0.0528905168175697 0.0610950663685799 0.0568234138190746
0.173571273684502 0.187055766582489 0.184946224093437 0.188083872199059 0.202304244041443 0.189403161406517 0.198285564780235 0.187282279133797 0.178016722202301 0.167252510786057 0.162962555885315 0.157502174377441 0.139664679765701 0.134401977062225 0.113901622593403 0.110944457352161 0.0987913087010384 0.0888801962137222 0.0788328945636749 0.0739681124687195 0.0657873749732971 0.0662718266248703 0.0615089572966099 0.0651094317436218 0.0680480450391769 0.0669091120362282 0.0668948069214821 0.0636893957853317 0.0613651610910892 0.0556723177433014 0.0481420680880547 0.0494556836783886 0.0488908812403679 0.0492548272013664 0.0470015406608582 0.0481790192425251 0.0495435483753681 0.0504573918879032 0.0518614575266838 0.0535425208508968 0.0560340657830238 0.0568481422960758 0.053754735738039
