data/climate_estimation/maxent_output/Bomarea_nematocaulon.asc
NCOLS 25 
NROWS 17 
XLLCORNER -76.1666666666667 
YLLCORNER -10.5833333333333 
CELLSIZE 0.0833333333333331 
NODATA_value -3.4e+38 
0.571381151676178 0.420704901218414 0.317200839519501 0.523133099079132 0.838889300823212 0.746370315551758 0.541756093502045 0.116600058972836 0.125418275594711 0.140016540884972 0.175916880369186 0.223819524049759 0.257331639528275 0.328365117311478 0.374253481626511 0.41732981801033 0.469638645648956 0.525225639343262 0.620755553245544 0.517916083335876 0.506044566631317 0.537024021148682 0.559034883975983 0.540781795978546 0.557543933391571
0.669112324714661 0.455392122268677 0.421197474002838 0.421042948961258 0.765366017818451 0.904978036880493 0.769063591957092 0.197444975376129 0.167681679129601 0.181936219334602 0.215649142861366 0.2511106133461 0.296425849199295 0.349924862384796 0.40823957324028 0.45565664768219 0.535041749477386 0.585237324237823 0.659906625747681 0.558556020259857 0.505306661128998 0.531305134296417 0.530925512313843 0.531961798667908 0.546191811561584
0.862915515899658 0.835160195827484 0.685910999774933 0.874176859855652 0.704975962638855 0.887629866600037 0.706002354621887 0.256248295307159 0.221857786178589 0.224064841866493 0.244944170117378 0.289948105812073 0.331539869308472 0.389403015375137 0.412653625011444 0.470224738121033 0.619546949863434 0.74890923500061 0.675735831260681 0.543165504932404 0.522723138332367 0.528876125812531 0.527052044868469 0.529498934745789 0.536631107330322
0.92523854970932 0.890902519226074 0.744945108890533 0.919260919094086 0.883307635784149 0.922017157077789 0.821734607219696 0.336246192455292 0.274960100650787 0.279349684715271 0.289112985134125 0.320699036121368 0.354399859905243 0.395150005817413 0.42739924788475 0.477841287851334 0.518331527709961 0.719347178936005 0.733872294425964 0.582282781600952 0.516458868980408 0.519674479961395 0.5206698179245 0.534837126731873 0.534205257892609
0.978047847747803 0.910008788108826 0.838679373264313 0.911199808120728 0.948168396949768 0.957386255264282 0.873423457145691 0.415777623653412 0.317692935466766 0.312883526086807 0.322474479675293 0.357369244098663 0.383053928613663 0.410517871379852 0.435303330421448 0.468821913003922 0.495982587337494 0.565593600273132 0.696355104446411 0.665976285934448 0.571992456912994 0.516157448291779 0.529082059860229 0.52418714761734 0.537678182125092
0.982322990894318 0.939364194869995 0.950398623943329 0.870446145534515 0.952061116695404 0.962555944919586 0.912153303623199 0.536223888397217 0.373139053583145 0.358930110931396 0.368092477321625 0.381465166807175 0.40885654091835 0.429063588380814 0.43704754114151 0.470771253108978 0.506738603115082 0.540802597999573 0.628399252891541 0.66542512178421 0.596953630447388 0.505688011646271 0.508693814277649 0.531192302703857 0.531499564647675
0.98161244392395 0.984471917152405 0.989462912082672 0.952868640422821 0.921876490116119 0.951653361320496 0.827429175376892 0.637430667877197 0.408251613378525 0.399581223726273 0.399385213851929 0.407019406557083 0.420149922370911 0.434866786003113 0.44333216547966 0.470100253820419 0.493624031543732 0.518275678157806 0.544370591640472 0.58589494228363 0.593798041343689 0.510642647743225 0.508714556694031 0.525757670402527 0.511545419692993
0.983898401260376 0.9796262383461 0.977823495864868 0.970316290855408 0.953185260295868 0.964043140411377 0.908203363418579 0.669450283050537 0.486362397670746 0.431252717971802 0.417701572179794 0.42250856757164 0.428466260433197 0.430008322000504 0.463774621486664 0.466783702373505 0.48421922326088 0.503430366516113 0.51645416021347 0.542898535728455 0.555156826972961 0.52448558807373 0.51823627948761 0.497832655906677 0.508265197277069
0.98241651058197 0.982831060886383 0.983977735042572 0.986974537372589 0.98961466550827 0.969357311725616 0.836989343166351 0.655464231967926 0.574836790561676 0.451317548751831 0.436678349971771 0.436015069484711 0.440097779035568 0.454488456249237 0.456082761287689 0.464750081300735 0.474901139736176 0.481990426778793 0.503740191459656 0.495410770177841 0.521982491016388 0.534362494945526 0.533315181732178 0.515466630458832 0.513595879077911
0.996343076229095 0.989115595817566 0.995477139949799 0.990902602672577 0.969367146492004 0.945439100265503 0.905627489089966 0.759438872337341 0.655553817749023 0.458712100982666 0.434135049581528 0.448182702064514 0.452564090490341 0.447302103042603 0.449263989925385 0.458319813013077 0.467472165822983 0.477850139141083 0.461420148611069 0.456751972436905 0.50769180059433 0.526294946670532 0.50279289484024 0.510910332202911 0.517546772956848
0.997722744941711 0.996963381767273 0.994737446308136 0.986722648143768 0.975522518157959 0.912033140659332 0.827008545398712 0.650463581085205 0.708283245563507 0.448431670665741 0.40323868393898 0.400908768177032 0.392792195081711 0.390346080064774 0.40370237827301 0.390929788351059 0.381374925374985 0.400965481996536 0.410028666257858 0.432613998651505 0.471925556659698 0.521807849407196 0.513697743415833 0.518298864364624 0.526722311973572
0.997344553470612 0.997817814350128 0.994772017002106 0.992251038551331 0.990776896476746 0.917968511581421 0.949091196060181 0.715046882629395 0.73934018611908 0.46433037519455 0.371466517448425 0.351883560419083 0.339498370885849 0.307176828384399 0.294591784477234 0.296878099441528 0.30576628446579 0.336776196956635 0.390017479658127 0.428983479738235 0.450450927019119 0.502630233764648 0.550067484378815 0.527968406677246 0.517860174179077
0.994332671165466 0.997705936431885 0.994896054267883 0.989754796028137 0.981323182582855 0.941147267818451 0.946105599403381 0.890290439128876 0.731476664543152 0.459014624357224 0.348062098026276 0.305076390504837 0.287367075681686 0.251440823078156 0.219096332788467 0.205305606126785 0.229770198464394 0.277804255485535 0.339498341083527 0.416627943515778 0.481716305017471 0.490150362253189 0.568816065788269 0.54064005613327 0.529557049274445
0.995871007442474 0.997209250926971 0.994454324245453 0.986720323562622 0.981664717197418 0.972986221313477 0.960551917552948 0.897422611713409 0.752533316612244 0.507042288780212 0.359645336866379 0.308649331331253 0.250312626361847 0.251957714557648 0.168184414505959 0.157708033919334 0.190103814005852 0.235836461186409 0.315317213535309 0.415009260177612 0.47296991944313 0.513568341732025 0.555254518985748 0.550266742706299 0.507426857948303
0.998097538948059 0.997329771518707 0.99439549446106 0.991599202156067 0.988560318946838 0.984757125377655 0.971481144428253 0.886615693569183 0.922346115112305 0.671927213668823 0.37372288107872 0.326892197132111 0.269914150238037 0.248547315597534 0.172344192862511 0.161667838692665 0.187077730894089 0.273418724536896 0.323385685682297 0.357479810714722 0.465052664279938 0.518252730369568 0.565536379814148 0.521668255329132 0.489576995372772
0.998261213302612 0.998567521572113 0.996141016483307 0.99232804775238 0.990151226520538 0.982794106006622 0.924746036529541 0.872246384620667 0.87175315618515 0.927773237228394 0.663784980773926 0.431227177381516 0.317009955644608 0.26615184545517 0.233842581510544 0.196620419621468 0.236225992441177 0.295813888311386 0.343039095401764 0.375398635864258 0.434903085231781 0.470251441001892 0.542535066604614 0.591070115566254 0.514419794082642
0.998100757598877 0.997316598892212 0.998345077037811 0.994971871376038 0.989055693149567 0.979630351066589 0.97361946105957 0.934276819229126 0.839129745960236 0.891998529434204 0.851828694343567 0.601875185966492 0.335978746414185 0.31842502951622 0.280724942684174 0.249498322606087 0.274231493473053 0.34994313120842 0.365251541137695 0.393746554851532 0.431706368923187 0.453747123479843 0.496744364500046 0.544654428958893 0.516152799129486
