data/climate_estimation/maxent_output/Bomarea_involucrosa.asc
NCOLS 96 
NROWS 84 
XLLCORNER -76.8333333333333 
YLLCORNER -16 
CELLSIZE 0.0833333333333333 
NODATA_value -3.4e+38 
[rows 0 to 18 of 84, columns 0 to 43 of 96]
0.816488802433014 0.5527184009552 0.336335867643356 0.200715005397797 0.207624420523643 0.0764662623405457 0.0157275553792715 0.00408905604854226 0.00142472295556217 0.000951378082390875 0.0163890235126019 0.0894008651375771 0.00840624049305916 0.00166818790603429 2.00678932742449e-05 1.7532353012939e-05 3.89313099731226e-05 9.27786313695833e-05 0.000180410483153537 0.000330017879605293 0.000509261735714972 0.000968911685049534 0.00121776887681335 0.00141756446100771 0.00177233119029552 0.002378054196015 0.00259945425204933 0.00248657655902207 0.0025819530710578 0.00286324531771243 0.00295951310545206 0.00313986022956669 0.00344478199258447 0.00355311902239919 0.00366137316450477 0.00393719412386417 0.00418630987405777 0.0039095445536077 0.00379848619922996 0.00378883816301823 0.00384826492518187 0.00422709295526147 0.00396550027653575 0.00429553864523768
0.630150139331818 0.684681117534637 0.306050926446915 0.187128409743309 0.190208777785301 0.240873172879219 0.111433133482933 0.0108112944290042 0.00220598536543548 0.000608253118116409 0.00112635735422373 0.0150235015898943 0.0364263653755188 0.00343130412511528 0.000256704865023494 3.0833045457257e-05 7.05279744579457e-05 0.000119604665087536 0.000218741042772308 0.000349709996953607 0.000570082454942167 0.000957992859184742 0.00121139956172556 0.00158010132145137 0.00199276907369494 0.00300400936976075 0.00411279127001762 0.00237368256784976 0.00239039422012866 0.00250328960828483 0.00275421771220863 0.00289925583638251 0.00318126520141959 0.00327090080827475 0.00340575631707907 0.0037618710193783 0.00374118378385901 0.00364855444058776 0.0037964463699609 0.00409085815772414 0.00402117893099785 0.00424369238317013 0.00416952790692449 0.00435197539627552
0.802450358867645 0.72956246137619 0.465534567832947 0.221830651164055 0.139276057481766 0.0750123858451843 0.020816083997488 0.00615329761058092 0.0031891402322799 0.00114969909191132 0.00056920840870589 0.00363342883065343 0.0443745367228985 0.0247573498636484 0.0093443039804697 9.60965844569728e-05 0.000138708332087845 0.00019177669310011 0.000277724262559786 0.000419597083237022 0.000656453252304345 0.00104383856523782 0.0013138564536348 0.00168980180751532 0.00249204854480922 0.00437880260869861 0.0116480458527803 0.00258162175305188 0.00247354269959033 0.00237570679746568 0.00243316660635173 0.00304760923609138 0.00311180576682091 0.00328224035911262 0.00314942141994834 0.00361334532499313 0.00372076709754765 0.00392016395926476 0.00390985235571861 0.00400988897308707 0.00425755465403199 0.00431235879659653 0.00411281967535615 0.00424764538183808
0.906080961227417 0.749404609203339 0.680188655853271 0.275343000888824 0.105781726539135 0.0605548992753029 0.126828208565712 0.0478081852197647 0.00777964619919658 0.00185716175474226 0.00160195794887841 0.00176282017491758 0.0247907899320126 0.120047345757484 0.0373327322304249 0.000373660062905401 0.000259171618381515 0.000278360384982079 0.000384638115065172 0.000527413154486567 0.000925836618989706 0.00121174217201769 0.00138729310128838 0.00183662632480264 0.005476632155478 0.0104459896683693 0.016755597665906 0.00413077929988503 0.00237779272720218 0.00229428708553314 0.00259105185978115 0.00292543438263237 0.00284130335785449 0.00316456938162446 0.00318566104397178 0.00343682849779725 0.00339852692559361 0.00384997040964663 0.00407584710046649 0.00414846790954471 0.00438853912055492 0.0043165641836822 0.00424907170236111 0.00429357960820198
0.763760805130005 0.852610468864441 0.849915146827698 0.479726552963257 0.324726223945618 0.233877345919609 0.604318261146545 0.19148463010788 0.0478089712560177 0.0348431691527367 0.0122016808018088 0.0754662826657295 0.0175413712859154 0.094783328473568 0.0199937373399734 0.000650314264930785 0.000433892389992252 0.000424609635956585 0.000491293962113559 0.000747221347410232 0.000989459804259241 0.001209577312693 0.0015679084463045 0.002319420222193 0.0127181457355618 0.0481326021254063 0.0232366137206554 0.00389894004911184 0.00220590829849243 0.00221475376747549 0.00236325478181243 0.00263868784531951 0.00272122933529317 0.00296378810890019 0.00304511818103492 0.0031302385032177 0.00329452753067017 0.00367519073188305 0.00398091785609722 0.0043925354257226 0.00441896170377731 0.0042107030749321 0.00441325642168522 0.0043744808062911
0.749514937400818 0.909918427467346 0.903598785400391 0.790445387363434 0.786604762077332 0.736447811126709 0.748785018920898 0.391478091478348 0.108770042657852 0.0715967193245888 0.0189271010458469 0.135212942957878 0.089737705886364 0.161668121814728 0.0579538159072399 0.00117437459994107 0.00061506568454206 0.000645740830805153 0.000704995356500149 0.000932557915803045 0.00119268044363707 0.00143083767034113 0.00161421543452889 0.00219527073204517 0.004246786236763 0.0350723452866077 0.0413258075714111 0.00679795257747173 0.00252286600880325 0.00216579553671181 0.00229547894559801 0.00230788812041283 0.00256913993507624 0.00280316174030304 0.00279942830093205 0.00306551437824965 0.00341294705867767 0.00354948872700334 0.00395958311855793 0.00429709954187274 0.0042728497646749 0.00445682788267732 0.00444324780255556 0.00432938523590565
0.753260672092438 0.8582563996315 0.91207492351532 0.894864439964294 0.836555361747742 0.705088138580322 0.606547892093658 0.523085951805115 0.423874855041504 0.130531221628189 0.0483841001987457 0.145807236433029 0.278060674667358 0.358987212181091 0.0982434153556824 0.00263033714145422 0.000891037750989199 0.000903574284166098 0.00097609095973894 0.00111687020398676 0.00131779897492379 0.00146401824895293 0.00160548696294427 0.00208402867428958 0.00279096397571266 0.00760093657299876 0.0361594520509243 0.0236394200474024 0.00565089378505945 0.00219958904199302 0.00213851314038038 0.00226570735685527 0.00229155551642179 0.00256913993507624 0.00273534469306469 0.00300455605611205 0.00331659684889019 0.00351462326943874 0.00356529746204615 0.00408505136147141 0.00430756434798241 0.00466607883572578 0.00438859080895782 0.00420215725898743
0.859684824943542 0.802457273006439 0.890886723995209 0.901124954223633 0.847546398639679 0.793274641036987 0.784506738185883 0.74973464012146 0.499174416065216 0.22624509036541 0.288148254156113 0.0961507856845856 0.359039604663849 0.399895220994949 0.178421229124069 0.00670440727844834 0.00118692591786385 0.00122576160356402 0.00115912419278175 0.0013147892896086 0.00145723356399685 0.00157131091691554 0.00165130931418389 0.0018545783823356 0.00239448505453765 0.00461157318204641 0.0207982193678617 0.0320961885154247 0.00772829866036773 0.0022727414034307 0.00215112115256488 0.00215916475281119 0.00225826282985508 0.00255379127338529 0.00270250462926924 0.00277432007715106 0.00307470629923046 0.00337399472482502 0.00381081970408559 0.0039717648178339 0.00416756933555007 0.00455294316634536 0.00488768517971039 0.00446902681142092
0.832424402236938 0.77506685256958 0.850959420204163 0.89680552482605 0.893535137176514 0.851050674915314 0.80565994977951 0.761138200759888 0.531127333641052 0.549281716346741 0.614406049251556 0.321495950222015 0.221201032400131 0.346681833267212 0.0802229791879654 0.0152133852243423 0.00161570450291038 0.00140770734287798 0.00141026312485337 0.00151472876314074 0.00147874152753502 0.00161819194909185 0.00167002680245787 0.00184999918565154 0.00242715259082615 0.00403564516454935 0.00638802861794829 0.0151458866894245 0.00805348716676235 0.00265633128583431 0.0022803470492363 0.00208291597664356 0.00239090318791568 0.00244450941681862 0.00263067125342786 0.00259899534285069 0.00294408388435841 0.00327636650763452 0.00376133597455919 0.00397620024159551 0.00378661160357296 0.00416070362553 0.00443492038175464 0.004515599925071
0.811130166053772 0.868588209152222 0.842147827148438 0.877962350845337 0.864051461219788 0.801077723503113 0.69549947977066 0.630569338798523 0.558986604213715 0.527324438095093 0.520264089107513 0.476046025753021 0.358243554830551 0.446958154439926 0.22248113155365 0.0220431350171566 0.00458051590248942 0.00170286046341062 0.00167988636530936 0.00156454264651984 0.0015905809123069 0.00175269262399524 0.00165980029851198 0.0019650140311569 0.00225895154289901 0.00305619323626161 0.00427867192775011 0.00605672178789973 0.00654890574514866 0.00299641443416476 0.00338428700342774 0.0022747409529984 0.00232872646301985 0.00237896153703332 0.00247507798485458 0.00250260252505541 0.00301282713189721 0.00321632460691035 0.00346930744126439 0.00376160582527518 0.00391465611755848 0.00375230005010962 0.00409462954849005 0.00439003622159362
0.832493245601654 0.87718677520752 0.819269061088562 0.856770217418671 0.80083829164505 0.685563027858734 0.578887045383453 0.447914212942123 0.613135397434235 0.599146246910095 0.632010877132416 0.653525471687317 0.685201466083527 0.517223834991455 0.111416801810265 0.0209289584308863 0.00969155598431826 0.00220886361785233 0.00181512744165957 0.00174302700906992 0.00168593251146376 0.00163533340673894 0.00179719808511436 0.00184355897363275 0.00208119978196919 0.00246400269679725 0.00338681321591139 0.00503398571163416 0.00824926886707544 0.00410232366994023 0.00347215961664915 0.00234954757615924 0.00225267396308482 0.00239248247817159 0.00243450701236725 0.00243827351368964 0.00292151933535933 0.00300847738981247 0.00321127823553979 0.00337732676416636 0.00357173313386738 0.0039002662524581 0.00406443048268557 0.00394506752490997
0.930343985557556 0.872911036014557 0.843021333217621 0.869734883308411 0.79686051607132 0.700597107410431 0.538760960102081 0.591843247413635 0.790766716003418 0.65851753950119 0.744028866291046 0.753835737705231 0.534978628158569 0.36866021156311 0.261767536401749 0.0560356713831425 0.024727763608098 0.00285597215406597 0.0019082830986008 0.00193826423492283 0.0017624800093472 0.00171858700923622 0.00174441421404481 0.00185959099326283 0.00197156285867095 0.00220066355541348 0.00290366052649915 0.00428347708657384 0.0119984671473503 0.0095490925014019 0.00484412768855691 0.00284084980376065 0.00218663644045591 0.00228177732788026 0.00231804070062935 0.00263843149878085 0.00280089699663222 0.00323338783346117 0.00330137461423874 0.00334857730194926 0.0033325431868434 0.00352654280140996 0.00390620343387127 0.00412156712263823
0.945676684379578 0.866025686264038 0.866876542568207 0.867072701454163 0.828083395957947 0.834134042263031 0.707275927066803 0.565032482147217 0.795648813247681 0.773263394832611 0.758546888828278 0.697935879230499 0.60593193769455 0.277527630329132 0.11826266348362 0.0263206269592047 0.0406338013708591 0.00334467366337776 0.00188970030285418 0.00164895760826766 0.00165959016885608 0.00151524576358497 0.00138103100471199 0.0014335191808641 0.00158850441221148 0.00189786008559167 0.00293489987961948 0.00459447549656034 0.00727015035226941 0.0141110327094793 0.0110666370019317 0.00400489615276456 0.00225027650594711 0.00220217113383114 0.00237216544337571 0.00258919550105929 0.0028202198445797 0.00303680426441133 0.00326937134377658 0.00323098758235574 0.00313031114637852 0.00330735044553876 0.00356871704570949 0.0039798985235393
0.950481593608856 0.899042308330536 0.882871329784393 0.881265699863434 0.874260783195496 0.857052743434906 0.761649250984192 0.613318204879761 0.794584333896637 0.789954304695129 0.756952881813049 0.757383584976196 0.730354070663452 0.321085751056671 0.426306396722794 0.044367965310812 0.0605333223938942 0.00570851191878319 0.00196605455130339 0.0014795504976064 0.00159305683337152 0.00108573259785771 0.000928031397052109 0.000909535563550889 0.00102077284827828 0.00166945124510676 0.00322383898310363 0.00717606535181403 0.00791608262807131 0.013101757504046 0.0206484422087669 0.0064454348757863 0.00246031046845019 0.00235341140069067 0.00250953156501055 0.00265435082837939 0.00295025273226202 0.00297748134471476 0.00302016525529325 0.00311623583547771 0.00317203463055193 0.00349840382114053 0.00351882050745189 0.00379423424601555
0.950197756290436 0.937886893749237 0.896945476531982 0.903284788131714 0.847402572631836 0.849376320838928 0.762611448764801 0.70873486995697 0.772449374198914 0.801651954650879 0.778890311717987 0.738080441951752 0.671179294586182 0.424570977687836 0.434458047151566 0.237150013446808 0.0692848488688469 0.00579003151506186 0.00186672422569245 0.00140763528179377 0.00120956101454794 0.000963585800491273 0.000598906597588211 0.000555367500055581 0.000707272905856371 0.00109617027919739 0.00260294508188963 0.00622546719387174 0.0122479191049933 0.0122032957151532 0.0283350050449371 0.0111634433269501 0.00240117660723627 0.00246186414733529 0.00247797323390841 0.00267411884851754 0.00288697145879269 0.00297591043636203 0.00345226028002799 0.00333052803762257 0.00310826580971479 0.00337377120740712 0.00359047274105251 0.00361738493666053
0.956401526927948 0.944776475429535 0.914254307746887 0.901156187057495 0.863304316997528 0.759225368499756 0.800255656242371 0.813707649707794 0.77976530790329 0.797017395496368 0.757973551750183 0.720554351806641 0.682603001594543 0.589434862136841 0.554516077041626 0.300676137208939 0.0824249088764191 0.0108594167977571 0.00278160301968455 0.00162603706121445 0.00102270557545125 0.00134002114646137 0.000425880600232631 0.00033949883072637 0.000530414981767535 0.00100432813633233 0.00246453634463251 0.00712341303005815 0.0139719620347023 0.0190595798194408 0.0257652662694454 0.0191049166023731 0.00309829553589225 0.00251333531923592 0.00254016788676381 0.00286812428385019 0.00285730022005737 0.00311748823150992 0.00336617883294821 0.00309589761309326 0.00307426881045103 0.00328237353824079 0.00336543819867074 0.00362548441626132
0.959642827510834 0.952763020992279 0.935152053833008 0.916174829006195 0.865052044391632 0.830188274383545 0.840521454811096 0.818383395671844 0.812324643135071 0.799898326396942 0.767469584941864 0.7602419257164 0.760919809341431 0.746993601322174 0.630762457847595 0.335007756948471 0.398767381906509 0.0515155680477619 0.00447818264365196 0.00269794021733105 0.00178092170972377 0.00151815603021532 0.000506123702507466 0.000433567882282659 0.000565093825571239 0.00170836306642741 0.00292691169306636 0.00368029135279357 0.0123935025185347 0.0194097422063351 0.0337665751576424 0.0160330068320036 0.00381036219187081 0.00268261204473674 0.00279054022394121 0.00287384702824056 0.00316486530937254 0.00347066880203784 0.00340694678016007 0.00350221246480942 0.00326825119554996 0.00315887643955648 0.00322687067091465 0.00355177279561758
0.95416134595871 0.953837335109711 0.946380794048309 0.905721366405487 0.857078194618225 0.87576425075531 0.862323582172394 0.823592066764832 0.824296832084656 0.804562568664551 0.763050377368927 0.729059100151062 0.740913331508636 0.746423780918121 0.431001126766205 0.298949509859085 0.316132456064224 0.41518634557724 0.0472133681178093 0.0104093281552196 0.00394571339711547 0.00213274918496609 0.00130316021386534 0.000627461355179548 0.000990059226751328 0.00298826862126589 0.00468512298539281 0.0055023580789566 0.00960170850157738 0.0133560774847865 0.0244477353990078 0.0360248759388924 0.00485367514193058 0.00287544564343989 0.00297729438170791 0.00304626347497106 0.00335597014054656 0.00366923259571195 0.00372205208986998 0.00366675015538931 0.00324285263195634 0.00320621160790324 0.00303473393432796 0.00327690434642136
0.962422311306 0.954092264175415 0.94793164730072 0.921889841556549 0.909216701984406 0.896917223930359 0.885556221008301 0.848235845565796 0.830827116966248 0.81810849905014 0.813855886459351 0.783294200897217 0.750389516353607 0.703453958034515 0.690286934375763 0.491995930671692 0.280728161334991 0.367958545684814 0.231566801667213 0.034801971167326 0.00580135313794017 0.00423663482069969 0.00245488132350147 0.00127383193466812 0.00187524268403649 0.00534903677180409 0.00495504029095173 0.00601080944761634 0.00952562689781189 0.0114518040791154 0.0155677041038871 0.0232821498066187 0.00877656415104866 0.00328619405627251 0.00319871469400823 0.00304571003653109 0.00338876596651971 0.00374016468413174 0.00373914418742061 0.00343033135868609 0.00305706355720758 0.00295844092033803 0.00303161516785622 0.0031443890184164
