data/climate_estimation/maxent_output/Bomarea_formosissima.asc
NCOLS 147 
NROWS 146 
XLLCORNER -75.6666666666667 
YLLCORNER -21 
CELLSIZE 0.0833333333333333 
NODATA_value -3.4e+38 
[rows 60 to 79 of 146, columns 88 to 131 of 147]
0.138450548052788 0.143264636397362 0.10897883027792 0.0768398642539978 0.0746198296546936 0.0710812136530876 0.0687031298875809 0.0628308206796646 0.0613067671656609 0.0582747310400009 0.0579942613840103 0.0558736883103848 0.0532087720930576 0.0544315911829472 0.0543122179806232 0.0557632148265839 0.0559135191142559 0.0563245117664337 0.0597340166568756 0.0574811473488808 0.0618675947189331 0.0629035830497742 0.0636035725474358 0.0644273534417152 0.0684647411108017 0.0663045719265938 0.07064488530159 0.066938504576683 0.0648842453956604 0.058411605656147 0.0607443042099476 0.0577904582023621 0.0548255369067192 0.0538121573626995 0.0520921610295773 0.0541615039110184 0.0519958920776844 0.0537429489195347 0.0567071028053761 0.0603513158857822 0.0562754906713963 0.0575592219829559 0.057966772466898 0.0573173575103283
0.17196598649025 0.153068408370018 0.165906220674515 0.114587426185608 0.0762249156832695 0.073812372982502 0.0682145059108734 0.0646853148937225 0.0574943237006664 0.0571164600551128 0.0563121698796749 0.0542246922850609 0.0538625493645668 0.053568709641695 0.0531811118125916 0.0535729080438614 0.0582038685679436 0.0588812790811062 0.0584677420556545 0.0597488842904568 0.060514185577631 0.0638671740889549 0.0639870911836624 0.0645764768123627 0.0678240209817886 0.0706339105963707 0.0709309801459312 0.0730327144265175 0.0710561722517014 0.0681862980127335 0.0678378641605377 0.0684766918420792 0.0638470873236656 0.063086025416851 0.0624055974185467 0.06230778247118 0.0622141845524311 0.0623930990695953 0.062836654484272 0.0619768239557743 0.0594329088926315 0.060647115111351 0.0598071776330471 0.0616591386497021
0.162905052304268 0.152424708008766 0.14789479970932 0.153058841824532 0.0901240110397339 0.0753542482852936 0.0715962573885918 0.0633153691887856 0.059201791882515 0.0578462705016136 0.0538177229464054 0.0532010570168495 0.0529001280665398 0.0522820577025414 0.0536096356809139 0.052951768040657 0.0534158758819103 0.0572050400078297 0.0599754601716995 0.0579933486878872 0.0610658451914787 0.0615808963775635 0.062228586524725 0.064412459731102 0.0667102038860321 0.06692785769701 0.0710612609982491 0.0739164426922798 0.0691433623433113 0.0699818953871727 0.0690563172101974 0.0691870003938675 0.0693874806165695 0.0679022073745728 0.0653432682156563 0.0659071058034897 0.063136488199234 0.0613321140408516 0.0613053068518639 0.0615842938423157 0.0612590201199055 0.0614308714866638 0.0615938790142536 0.0616746805608273
0.175183475017548 0.13434000313282 0.130492597818375 0.1234395429492 0.16935059428215 0.0887597724795341 0.0492444261908531 0.0470759384334087 0.062888391315937 0.0575431771576405 0.0555094666779041 0.052519541233778 0.0541850216686726 0.053206279873848 0.0537433475255966 0.0528248585760593 0.054368793964386 0.0564726367592812 0.059061337262392 0.0560704991221428 0.0577551759779453 0.0619591921567917 0.0638863444328308 0.0648031607270241 0.0660991072654724 0.0687929689884186 0.0701375305652618 0.0704993084073067 0.0746343359351158 0.0724104344844818 0.0724066272377968 0.0697503909468651 0.0681172087788582 0.0669254958629608 0.0655528083443642 0.0646837502717972 0.0633650794625282 0.0625100135803223 0.0618913024663925 0.0615689605474472 0.0593057908117771 0.0605996027588844 0.0607135854661465 0.0602498091757298
0.363384693861008 0.19620569050312 0.148571625351906 0.122513078153133 0.129387438297272 0.154595956206322 0.0632937774062157 0.0484704598784447 0.0451512895524502 0.0587833262979984 0.0574114695191383 0.0534569285809994 0.0502559319138527 0.050121184438467 0.0515475273132324 0.050964780151844 0.0540607012808323 0.0544042587280273 0.0573861822485924 0.057031013071537 0.0606264881789684 0.0597668588161469 0.0610969886183739 0.0646979212760925 0.0646365061402321 0.0668154582381248 0.0693317726254463 0.0700579062104225 0.070825569331646 0.0710472911596298 0.0719485804438591 0.0671567544341087 0.0689077004790306 0.0687154158949852 0.0660398304462433 0.0639499127864838 0.0621230714023113 0.0633789300918579 0.0621561370790005 0.0616293177008629 0.0595087110996246 0.0588595382869244 0.0595449879765511 0.0602834485471249
0.39711806178093 0.370507806539536 0.275901854038239 0.137879580259323 0.0741928592324257 0.0695898681879044 0.135422796010971 0.0519268773496151 0.0449412018060684 0.0430368259549141 0.0574144348502159 0.0514263808727264 0.0501535311341286 0.0496769212186337 0.050213910639286 0.0507488213479519 0.0507142096757889 0.0539794601500034 0.0569351688027382 0.057542260736227 0.0580352358520031 0.0592015869915485 0.0638481825590134 0.0639045909047127 0.0654207542538643 0.0653871893882751 0.0674500614404678 0.0712286829948425 0.0690612941980362 0.0686697587370872 0.0691267549991608 0.067064493894577 0.0686289966106415 0.0685971677303314 0.0656545832753181 0.0637528821825981 0.0633586049079895 0.0616712048649788 0.0620862171053886 0.0615367218852043 0.0592666193842888 0.0571438260376453 0.0568320527672768 0.0578656308352947
0.644637167453766 0.512571573257446 0.503249943256378 0.24332919716835 0.0692472010850906 0.0647290572524071 0.0813322514295578 0.0823437497019768 0.0525403618812561 0.0454918257892132 0.0420325621962547 0.0538246668875217 0.0520105585455894 0.0514426939189434 0.0486101917922497 0.0511208027601242 0.0527003854513168 0.0539997145533562 0.0563341975212097 0.0572967194020748 0.0618730187416077 0.0612473152577877 0.0617287270724773 0.0633457377552986 0.0656010136008263 0.0676204338669777 0.0666019842028618 0.0688102319836617 0.0684397742152214 0.0709511488676071 0.0712627172470093 0.0712627172470093 0.0700030401349068 0.067565880715847 0.0646496564149857 0.0652369186282158 0.0659874975681305 0.0624093636870384 0.0616192072629929 0.0613881498575211 0.0598481260240078 0.0590390078723431 0.0581045523285866 0.0568818673491478
0.74941748380661 0.657281875610352 0.509887516498566 0.238837167620659 0.0786674544215202 0.0596790164709091 0.0622259452939034 0.0658184811472893 0.0851422622799873 0.0563768073916435 0.0493038669228554 0.0427531562745571 0.0555167123675346 0.053276065737009 0.0510583259165287 0.0537115558981895 0.0548395663499832 0.0564337894320488 0.0592386685311794 0.0603843629360199 0.0613357201218605 0.0629872530698776 0.0646429508924484 0.0646930336952209 0.0661114901304245 0.0678045526146889 0.0686176940798759 0.0686228796839714 0.0681024640798569 0.0662341639399529 0.0726685002446175 0.070676326751709 0.0672655999660492 0.0666697770357132 0.0683288276195526 0.0679396241903305 0.0648570880293846 0.0627828761935234 0.061661634594202 0.060230016708374 0.0602103509008884 0.0574159845709801 0.0586751028895378 0.0574623793363571
0.746120572090149 0.689000606536865 0.470718264579773 0.31097999215126 0.17383100092411 0.063609890639782 0.0577120669186115 0.0539739169180393 0.0585638843476772 0.0563959591090679 0.0664468333125114 0.0573992840945721 0.0412652641534805 0.0569649524986744 0.0556591674685478 0.0555222406983376 0.0548586249351501 0.0551700405776501 0.0584688112139702 0.0616549886763096 0.0639684870839119 0.0634942352771759 0.0660315752029419 0.0695230290293694 0.0701825022697449 0.0699477568268776 0.071968786418438 0.0727747306227684 0.0713521838188171 0.0667575299739838 0.0680498853325844 0.071840412914753 0.0695077404379845 0.0706050395965576 0.0685283690690994 0.0674574673175812 0.0647664144635201 0.0640084072947502 0.0612616986036301 0.0603032074868679 0.0592109523713589 0.0576150566339493 0.0578009821474552 0.0568320192396641
0.680197894573212 0.6709885597229 0.471174210309982 0.24610510468483 0.277963697910309 0.0974979102611542 0.0594141520559788 0.0529879555106163 0.0481989197432995 0.0456505864858627 0.0589662790298462 0.0718155205249786 0.0500843524932861 0.043507095426321 0.0590551048517227 0.0546975024044514 0.057414036244154 0.0582094602286816 0.0618162378668785 0.0621580071747303 0.0653311237692833 0.0693403631448746 0.0679839849472046 0.0716912001371384 0.0735615193843842 0.0703459158539772 0.0727928578853607 0.0717826411128044 0.0720610320568085 0.0722046196460724 0.0698354542255402 0.0729427859187126 0.0716599822044373 0.0684380233287811 0.0693467259407043 0.0680139437317848 0.0660316646099091 0.0612823367118835 0.0614234730601311 0.0602286793291569 0.0580468103289604 0.0582713671028614 0.057300753891468 0.0592110008001328
0.676273345947266 0.679780006408691 0.660947203636169 0.421651899814606 0.259588301181793 0.20881175994873 0.0733501687645912 0.0580895319581032 0.0476619526743889 0.055889867246151 0.0543895997107029 0.0631645321846008 0.1162284091115 0.0762419849634171 0.0608170703053474 0.0610680170357227 0.0578878000378609 0.0589698292315006 0.065131776034832 0.070533774793148 0.0700382217764854 0.0694536343216896 0.0738330408930779 0.0703391432762146 0.0744994431734085 0.0713449195027351 0.0710451602935791 0.0690300241112709 0.0740270391106606 0.0713974460959435 0.070316344499588 0.0746636092662811 0.0719775184988976 0.0728790238499641 0.0716722831130028 0.0673042461276054 0.0673100277781487 0.0615680031478405 0.0609410889446735 0.0588502325117588 0.0588234513998032 0.0572636872529984 0.0577632114291191 0.0587494857609272
0.651279270648956 0.653497636318207 0.658581018447876 0.38073855638504 0.335206419229507 0.274577379226685 0.175409212708473 0.0694467052817345 0.0534320510923862 0.0695941746234894 0.0586236007511616 0.0509516336023808 0.0583214461803436 0.0969669073820114 0.065199077129364 0.0629570186138153 0.0574465803802013 0.0628441944718361 0.0687194615602493 0.0748545303940773 0.0770679488778114 0.0715180784463882 0.0765780583024025 0.0719371661543846 0.0692476779222488 0.0725544318556786 0.0724930092692375 0.0717668831348419 0.0739641264081001 0.0722845941781998 0.0729407742619514 0.0760456994175911 0.0762659162282944 0.0747925266623497 0.0719959512352943 0.0679178833961487 0.0651150122284889 0.063558042049408 0.0598714984953403 0.0586716867983341 0.0559906363487244 0.0568577572703362 0.0581037029623985 0.0586768165230751
0.453436851501465 0.640435993671417 0.620521903038025 0.332440614700317 0.181153491139412 0.192727446556091 0.281194508075714 0.146652668714523 0.0601111203432083 0.0643210783600807 0.057657528668642 0.0514178574085236 0.086684063076973 0.0894501060247421 0.0681544616818428 0.0650671944022179 0.0604792349040508 0.0618048831820488 0.0760029926896095 0.0813738033175468 0.0787860378623009 0.0738119855523109 0.0704090148210526 0.0720918551087379 0.0704917013645172 0.0707749128341675 0.073954738676548 0.0723558887839317 0.0724690929055214 0.074841320514679 0.0772217661142349 0.0771637707948685 0.0738709047436714 0.0762440487742424 0.0713899806141853 0.0676725953817368 0.0650096163153648 0.0628532916307449 0.060525506734848 0.0583992712199688 0.0570290349423885 0.0555735863745213 0.0588683001697063 0.0596171133220196
0.476892292499542 0.396088510751724 0.614746987819672 0.591133117675781 0.261155754327774 0.120453290641308 0.141917735338211 0.163686946034431 0.166079491376877 0.119460128247738 0.0537715554237366 0.0826986059546471 0.0930265486240387 0.102637626230717 0.0717733725905418 0.0663957148790359 0.0679673403501511 0.067275695502758 0.072894811630249 0.0754950866103172 0.075690820813179 0.0707035064697266 0.0703231990337372 0.0693024173378944 0.0742634758353233 0.0698897615075111 0.075230099260807 0.0740543752908707 0.0731228813529015 0.0742358639836311 0.0722804963588715 0.0727070793509483 0.0712021216750145 0.0688325390219688 0.0689635127782822 0.068226046860218 0.0654417872428894 0.0652953311800957 0.0621268674731255 0.0592471286654472 0.0583059228956699 0.0576689317822456 0.0578296929597855 0.0569954179227352
0.330681145191193 0.399834722280502 0.500594079494476 0.581676363945007 0.395140647888184 0.176570698618889 0.109971545636654 0.112618938088417 0.283204048871994 0.21925376355648 0.0969657450914383 0.0854711160063744 0.0866466835141182 0.13001374900341 0.0907047614455223 0.069237120449543 0.0685773566365242 0.06809151917696 0.0688489824533463 0.0712281763553619 0.0695350840687752 0.0702551826834679 0.0687229856848717 0.0689569115638733 0.0698713958263397 0.0683165639638901 0.0689419135451317 0.0711432173848152 0.0716314613819122 0.0727577582001686 0.070574089884758 0.0711896866559982 0.0687468722462654 0.0662040412425995 0.0702372640371323 0.0631069913506508 0.0616846978664398 0.0607318989932537 0.0601107440888882 0.0589389204978943 0.0605480670928955 0.0571358017623425 0.0578103922307491 0.0581840500235558
0.283443778753281 0.267623335123062 0.490250200033188 0.586996734142303 0.560249269008636 0.301190912723541 0.154140084981918 0.105596512556076 0.125291243195534 0.254772394895554 0.190217331051826 0.123571798205376 0.102527871727943 0.0994484052062035 0.132047593593597 0.0768546164035797 0.0691888332366943 0.0705648213624954 0.0688309594988823 0.0703692063689232 0.0690581798553467 0.0650969594717026 0.0688758864998817 0.0671175643801689 0.0695326328277588 0.0667857974767685 0.0660391673445702 0.0670374855399132 0.0707697495818138 0.0693848878145218 0.0658047050237656 0.0692546963691711 0.0666036084294319 0.0667833834886551 0.0654226988554001 0.0626915022730827 0.0618034340441227 0.0606674998998642 0.0610321760177612 0.0596832595765591 0.0591693483293056 0.0566587559878826 0.0564608201384544 0.0569845028221607
0.330907016992569 0.28461566567421 0.363541036844254 0.521918416023254 0.556103944778442 0.429636299610138 0.219085693359375 0.137773096561432 0.115607261657715 0.102659910917282 0.225017949938774 0.224974766373634 0.136564940214157 0.109592691063881 0.133724570274353 0.0971682518720627 0.0681849420070648 0.0682463422417641 0.0705470442771912 0.0741560012102127 0.0692170336842537 0.0706818997859955 0.0689144879579544 0.0658303871750832 0.0669350996613503 0.0671594440937042 0.0654905736446381 0.0662680491805077 0.0648890808224678 0.06696567684412 0.0662497729063034 0.0652042180299759 0.0674204751849174 0.0630586519837379 0.063069574534893 0.06528539955616 0.0645866096019745 0.0611341446638107 0.0614430494606495 0.0603178963065147 0.0560172274708748 0.0584218800067902 0.0571782477200031 0.0601788200438023
0.263960301876068 0.223191723227501 0.23203182220459 0.364214539527893 0.424821883440018 0.344522178173065 0.263262957334518 0.0963625609874725 0.113434955477715 0.129833430051804 0.100391238927841 0.181351378560066 0.175690233707428 0.146437302231789 0.136486485600471 0.120996847748756 0.0801176130771637 0.0653847604990005 0.0687584355473518 0.0775259211659431 0.0734390914440155 0.0729888677597046 0.0674617141485214 0.0660075172781944 0.0657194703817368 0.0629273056983948 0.0669009163975716 0.0661737695336342 0.063214436173439 0.0634755641222 0.0651748031377792 0.0647578164935112 0.0637955814599991 0.0625860095024109 0.0616047941148281 0.0607816129922867 0.0603079684078693 0.0598016567528248 0.057725265622139 0.0570812970399857 0.0580305717885494 0.0566121786832809 0.0548322275280952 0.0571570657193661
0.388543605804443 0.287799268960953 0.184300273656845 0.207005023956299 0.335354030132294 0.221606373786926 0.320303857326508 0.145098805427551 0.0863934457302094 0.092528410255909 0.1437878459692 0.102412797510624 0.174674049019814 0.250957548618317 0.177719846367836 0.131555318832397 0.097283810377121 0.0708144307136536 0.0627735629677773 0.072179913520813 0.0773607939481735 0.0815595760941505 0.0691242441534996 0.0687579140067101 0.0651054009795189 0.0625418424606323 0.0665311366319656 0.0635847225785255 0.0622700154781342 0.0635834932327271 0.0620819106698036 0.0632394999265671 0.0628942400217056 0.0601087100803852 0.0604562424123287 0.0587091222405434 0.0599417723715305 0.059201430529356 0.0577762424945831 0.0554600656032562 0.0573928244411945 0.0535879693925381 0.0572805181145668 0.0552033372223377
0.526065111160278 0.383338302373886 0.225492745637894 0.195041611790657 0.179388999938965 0.178554818034172 0.143837288022041 0.162863776087761 0.142085790634155 0.0932119786739349 0.0909222960472107 0.171929076313972 0.112132333219051 0.153362661600113 0.24423186480999 0.199596494436264 0.116910018026829 0.0941178277134895 0.0699936896562576 0.0670262798666954 0.06911501288414 0.0804445669054985 0.067004382610321 0.0662323758006096 0.0636147931218147 0.0612089708447456 0.0600961074233055 0.0587288625538349 0.0604613497853279 0.0605002082884312 0.0584986954927444 0.0563355088233948 0.0569327473640442 0.0583839155733585 0.0570869967341423 0.0555646233260632 0.0544495359063148 0.0549194738268852 0.0534821450710297 0.0528577193617821 0.052381094545126 0.0542733706533909 0.054066501557827 0.0541545413434505
