data/climate_estimation/maxent_output/Bomarea_patinii.asc
NCOLS 78 
NROWS 227 
XLLCORNER -79.25 
YLLCORNER -11.0833333333333 
CELLSIZE 0.0833333333333333 
NODATA_value -3.4e+38 
[rows 114 to 132 of 227, columns 0 to 41 of 78]
0.150385141372681 0.35593593120575 0.310579568147659 0.576368391513824 0.68411910533905 0.828282833099365 0.70216703414917 0.462634891271591 0.673520088195801 0.760325014591217 0.640276968479156 0.520097017288208 0.452546060085297 0.128891095519066 0.0621023960411549 0.0440008640289307 0.0428056381642818 0.0292717926204205 0.0193492826074362 0.0125011233612895 0.0126129509881139 0.0135603435337543 0.0120202787220478 0.0105991680175066 0.00922528374940157 0.0082166213542223 0.00956381298601627 0.00775322690606117 0.00734019046649337 0.00565561838448048 0.00465436046943069 0.00432055536657572 0.00467408075928688 0.00436144368723035 0.00443988619372249 0.00422905897721648 0.00412812270224094 0.00424159271642566 0.00383646297268569 0.00450931815430522 0.00431864708662033 0.00435507344081998
0.0767761990427971 0.339899599552155 0.323312103748322 0.637116134166718 0.784391522407532 0.872700870037079 0.824866950511932 0.615565180778503 0.743450522422791 0.782529473304749 0.60946786403656 0.478461623191833 0.406005650758743 0.191948428750038 0.0707447752356529 0.0511029101908207 0.036120280623436 0.031134620308876 0.0152748301625252 0.0132552916184068 0.0132466740906239 0.0111469440162182 0.0103865247219801 0.010119060985744 0.00896489713340998 0.00888044945895672 0.00719264755025506 0.00721663702279329 0.00608784146606922 0.00520470319315791 0.00509263575077057 0.00489257276058197 0.00456584105268121 0.00407092459499836 0.00431660003960133 0.00456341030076146 0.00448674149811268 0.00389316445216537 0.00427059829235077 0.00411801505833864 0.00427783513441682 0.00453835120424628
0.132431700825691 0.328628480434418 0.321100234985352 0.494542568922043 0.752448499202728 0.849223256111145 0.851701021194458 0.749171018600464 0.792265892028809 0.792345523834229 0.750950455665588 0.552472531795502 0.42885234951973 0.200561076402664 0.0762784257531166 0.0492351688444614 0.0338134542107582 0.0277634654194117 0.0167071782052517 0.0112364655360579 0.011808704584837 0.0109617598354816 0.00890971440821886 0.00782918184995651 0.0076601579785347 0.00682030897587538 0.006600939668715 0.00587238976731896 0.00541667826473713 0.00459706177935004 0.00450232485309243 0.00400838628411293 0.00451643485575914 0.00407135765999556 0.00419942801818252 0.00430584419518709 0.00418772595003247 0.00382210873067379 0.0040940591134131 0.00406272290274501 0.00409887405112386 0.00405004527419806
0.0261610243469477 0.383199632167816 0.42301881313324 0.445017397403717 0.684569716453552 0.772317707538605 0.87020218372345 0.867861330509186 0.872761309146881 0.834810197353363 0.74852579832077 0.599433481693268 0.419837564229965 0.271361321210861 0.0941356047987938 0.0546130910515785 0.0369899459183216 0.0285547114908695 0.0160113554447889 0.0136385709047318 0.0100645301863551 0.0088325897231698 0.00924733653664589 0.00769552867859602 0.00638798251748085 0.00622684182599187 0.0057960138656199 0.00621995376423001 0.00538719305768609 0.0048564188182354 0.0043825157918036 0.00456971023231745 0.00393120292574167 0.00373920728452504 0.00394812505692244 0.00372799439355731 0.00370348407886922 0.00375159806571901 0.00363994459621608 0.0040250918827951 0.00403822539374232 0.00359428068622947
0.0146397482603788 0.287369340658188 0.559796452522278 0.681200087070465 0.642701745033264 0.800504148006439 0.826064705848694 0.893831491470337 0.877910256385803 0.866505980491638 0.788769960403442 0.61066722869873 0.460105627775192 0.280123710632324 0.0783456414937973 0.0573548302054405 0.0640754848718643 0.0453553982079029 0.0156202549114823 0.0120595721527934 0.00978127587586641 0.00880484655499458 0.00735818361863494 0.00633435091003776 0.00596395041793585 0.00549555104225874 0.00537050934508443 0.00511022284626961 0.00557333137840033 0.0049531739205122 0.00408594124019146 0.00409987894818187 0.00386839150451124 0.00352815445512533 0.00356604554690421 0.0038544675335288 0.00400114478543401 0.00375120737589896 0.00382785242982209 0.0039473595097661 0.00390310259535909 0.00360853178426623
0.00312137650325894 0.241906821727753 0.378915011882782 0.637526988983154 0.636441826820374 0.783075213432312 0.818086206912994 0.892698049545288 0.893998324871063 0.851053774356842 0.714070439338684 0.601942479610443 0.366664737462997 0.185190007090569 0.106305360794067 0.0756073221564293 0.0650788471102715 0.0492857471108437 0.014547417871654 0.0111513994634151 0.00839170068502426 0.00632431032136083 0.00518861878663301 0.00501609873026609 0.00498013803735375 0.00455406727269292 0.00534992851316929 0.00530213443562388 0.00460434705018997 0.00458249915391207 0.00424603465944529 0.00414612190797925 0.0039819604717195 0.00376959331333637 0.00377119379118085 0.00422411784529686 0.00344366300851107 0.00366942142136395 0.00340442080050707 0.0038816228043288 0.00401590531691909 0.00377073534764349
0.00287905312143266 0.0162834767252207 0.525270223617554 0.490625977516174 0.604436874389648 0.797167956829071 0.810688555240631 0.830813586711884 0.879502475261688 0.822844684123993 0.677279353141785 0.545295119285583 0.311301469802856 0.114436984062195 0.0803014934062958 0.0884297266602516 0.110827259719372 0.107017867267132 0.0125415045768023 0.0108341397717595 0.00802295282483101 0.00571679277345538 0.00488618388772011 0.00420474307611585 0.00477744592353702 0.00458441115915775 0.0041596619412303 0.00491854827851057 0.00448731938377023 0.00426826905459166 0.00447691278532147 0.00456867879256606 0.00488358549773693 0.00424202298745513 0.00395667226985097 0.00375259248539805 0.0037575326859951 0.00366274127736688 0.00356270815245807 0.00350091350264847 0.00369569845497608 0.00368326366879046
0.00467136641964316 0.115110367536545 0.58144873380661 0.727674424648285 0.751739799976349 0.815497517585754 0.825891613960266 0.825380384922028 0.883834183216095 0.80793422460556 0.705189287662506 0.576936364173889 0.349562913179398 0.0776814669370651 0.105515070259571 0.118946976959705 0.252364426851273 0.0725215151906013 0.00905386358499527 0.0102156987413764 0.00682526221498847 0.00428760703653097 0.00428064819425344 0.00411759549751878 0.00381544954143465 0.00364292343147099 0.00357959722168744 0.00388895347714424 0.00410164194181561 0.00448352517560124 0.00380726903676987 0.00429652957245708 0.00430915225297213 0.00422510644420981 0.00440318929031491 0.0038273788522929 0.00396894104778767 0.00375001132488251 0.00365246389992535 0.00326184392906725 0.00316274329088628 0.00343762221746147
0.0600018426775932 0.469255000352859 0.421517908573151 0.690059959888458 0.781233251094818 0.775925397872925 0.86329573392868 0.884949624538422 0.850892663002014 0.794793903827667 0.699949443340302 0.538684904575348 0.141103774309158 0.0381941944360733 0.154489457607269 0.0833286419510841 0.1638513058424 0.073756568133831 0.00616626208648086 0.00645716907456517 0.00614564353600144 0.00382495601661503 0.00382027355954051 0.00350973079912364 0.00360463093966246 0.00329944910481572 0.00309039931744337 0.00371713167987764 0.00386290159076452 0.00410617142915726 0.00387287279590964 0.00373922614380717 0.00431296043097973 0.00400741305202246 0.00394773064181209 0.00453149294480681 0.00371942366473377 0.0036093620583415 0.00360269122757018 0.00348993460647762 0.00322990026324987 0.00334907183423638
0.188495382666588 0.478128343820572 0.560846269130707 0.795647978782654 0.80439031124115 0.839049339294434 0.866386115550995 0.801581799983978 0.782910764217377 0.803151309490204 0.70561671257019 0.405233442783356 0.0712454095482826 0.0305337272584438 0.187538534402847 0.0710362866520882 0.051584966480732 0.0315134823322296 0.00466181617230177 0.00449233967810869 0.00403230078518391 0.00318188709206879 0.00345550081692636 0.00359322619624436 0.00338405696675181 0.00335234776139259 0.00317713711410761 0.00338996597565711 0.00352678098715842 0.00349346222355962 0.00351079879328609 0.00390365812927485 0.00443607801571488 0.00432449299842119 0.00414331210777164 0.00425631739199162 0.00380408042110503 0.00365492794662714 0.00345644215121865 0.0034222926478833 0.00306993583217263 0.00302456598728895
0.416335433721542 0.666996896266937 0.751142561435699 0.756685078144073 0.765569269657135 0.805834352970123 0.719958186149597 0.728142738342285 0.685847103595734 0.648308575153351 0.597359895706177 0.285035252571106 0.0497321747243404 0.0442328378558159 0.168180570006371 0.0795174092054367 0.0167014542967081 0.0105728758499026 0.0040940223261714 0.00406981445848942 0.00343939242884517 0.00305500882677734 0.0031399994622916 0.00332816923037171 0.00343089317902923 0.00331413163803518 0.00295810448005795 0.00328831863589585 0.0032226275652647 0.00349100772291422 0.00371699361130595 0.00382498535327613 0.00402164040133357 0.00417067343369126 0.0045003411360085 0.00438013812527061 0.00374172371812165 0.0040315194055438 0.00338366744108498 0.00354133103974164 0.00308295339345932 0.00318603706546128
0.667595565319061 0.771221876144409 0.803583443164825 0.745612919330597 0.695355415344238 0.702571988105774 0.66373485326767 0.60283362865448 0.631684958934784 0.4236661195755 0.180030807852745 0.111212655901909 0.0210300367325544 0.0726710706949234 0.206678673624992 0.0460298769176006 0.0239874143153429 0.00564990378916264 0.00382173550315201 0.00399659993126988 0.00315995188429952 0.00301244063302875 0.0029574129730463 0.00293947523459792 0.00312981614843011 0.00311152590438724 0.00308913993649185 0.00339249195531011 0.0032822999637574 0.00321834674105048 0.00332476175390184 0.00334124197252095 0.00352196581661701 0.00370166287757456 0.00374008226208389 0.00397272128611803 0.00391002139076591 0.0034101924393326 0.00327117298729718 0.00313365436159074 0.00326499785296619 0.00307291862554848
0.740146100521088 0.772532224655151 0.70222020149231 0.563922643661499 0.518172979354858 0.518516778945923 0.576033055782318 0.584556221961975 0.636492788791656 0.547287702560425 0.0355963259935379 0.0194077603518963 0.0216555539518595 0.120838284492493 0.141425013542175 0.0264471247792244 0.017657283693552 0.00425568968057632 0.00599850621074438 0.00389138073660433 0.00480758864432573 0.0046596173197031 0.00281270244158804 0.00268802070058882 0.00294256722554564 0.0029108829330653 0.00301816128194332 0.00313596241176128 0.00277300039306283 0.00318315275944769 0.00320901582017541 0.00311767891980708 0.00341162574477494 0.00364419119432569 0.0039365622214973 0.00376052525825799 0.00409658113494515 0.00348769268020988 0.00298609724268317 0.00284466706216335 0.00332413776777685 0.00300586107186973
0.731028139591217 0.681781232357025 0.579081654548645 0.396830976009369 0.403300583362579 0.459221392869949 0.433283805847168 0.506685137748718 0.538030982017517 0.402095884084702 0.103808254003525 0.0150347352027893 0.0635646730661392 0.264380872249603 0.0551603138446808 0.0129291713237762 0.0143294222652912 0.00419201701879501 0.00499729719012976 0.00502852210775018 0.0046475320123136 0.00453393673524261 0.00480787595734 0.00424359180033207 0.00285872002132237 0.00310925161466002 0.00308722909539938 0.0032191991340369 0.0029156063683331 0.00299965729936957 0.00323633966036141 0.00335723394528031 0.00349064450711012 0.00319583853706717 0.00386408646591008 0.00362757733091712 0.0035120602697134 0.00331128248944879 0.00347384624183178 0.00316734006628394 0.00344726792536676 0.00363968824967742
0.686439633369446 0.520878314971924 0.373975247144699 0.314999759197235 0.385275900363922 0.443102151155472 0.439992845058441 0.500931799411774 0.504184722900391 0.408682346343994 0.050970271229744 0.0551092252135277 0.0592437796294689 0.123547434806824 0.0220577567815781 0.0062630670145154 0.00445894477888942 0.00518627511337399 0.00489878095686436 0.00464089121669531 0.00428321538493037 0.00434769736602902 0.00407498888671398 0.00409600883722305 0.00442507304251194 0.00448036147281528 0.00472209276631474 0.00483354553580284 0.00320251611992717 0.00303179328329861 0.00318969460204244 0.00325677893124521 0.00345895369537175 0.00368739594705403 0.00346813094802201 0.00375321647152305 0.00352173135615885 0.00331065873615444 0.00351858208887279 0.00400025211274624 0.00340179074555635 0.00348983705043793
0.555087089538574 0.428975462913513 0.354921281337738 0.339982867240906 0.402805328369141 0.389916956424713 0.443597465753555 0.469729214906693 0.453344851732254 0.205901175737381 0.110702835023403 0.0726117566227913 0.024772871285677 0.082272507250309 0.0154198249801993 0.0100691635161638 0.00737810786813498 0.004640759434551 0.00521730678156018 0.00458110449835658 0.00451181549578905 0.00451755337417126 0.00451007857918739 0.00447349203750491 0.00444912957027555 0.00472302502021194 0.00440650479868054 0.0046114781871438 0.00493584526702762 0.00480277370661497 0.00470632081851363 0.00535163283348083 0.00459256628528237 0.00429760245606303 0.00486831646412611 0.00475161243230104 0.00334450486116111 0.00479624280706048 0.00507219694554806 0.00344262062571943 0.00349178747273982 0.00302366586402059
0.604745864868164 0.411867409944534 0.382732391357422 0.392242789268494 0.405793875455856 0.380785644054413 0.481109887361526 0.433314561843872 0.395416706800461 0.0698607861995697 0.0451396219432354 0.0338865146040916 0.0170128997415304 0.0142532512545586 0.00533161545172334 0.00820482242852449 0.00652440963312984 0.0070494394749403 0.00547533063217998 0.00502299098297954 0.00469649396836758 0.00460512610152364 0.00492288265377283 0.00432197796180844 0.00466722156852484 0.00434261979535222 0.00427486514672637 0.00448217568919063 0.00473291147500277 0.00457677291706204 0.00462654232978821 0.00579478871077299 0.00547157740220428 0.00553537206724286 0.00463354168459773 0.00477296253666282 0.00454817852005363 0.00507493270561099 0.00506189046427608 0.00471613788977265 0.0047958130016923 0.00451081525534391
0.458824127912521 0.431240499019623 0.432224780321121 0.422476261854172 0.404055833816528 0.41803565621376 0.450307101011276 0.431724727153778 0.200873836874962 0.0903002768754959 0.0724043920636177 0.108682855963707 0.0316264666616917 0.0468541942536831 0.00891520362347364 0.0123736569657922 0.00617579836398363 0.00721487449482083 0.00544370850548148 0.00477594044059515 0.00481452001258731 0.00461482256650925 0.00481083011254668 0.00426495913416147 0.00431165983900428 0.00404260260984302 0.00451347976922989 0.0044515784829855 0.00427318178117275 0.00483773974701762 0.00474429223686457 0.00534407421946526 0.00526718609035015 0.00558346416801214 0.00597464712336659 0.00429808022454381 0.00499608181416988 0.00455373665317893 0.00486280908808112 0.00540105998516083 0.00505432579666376 0.00480628618970513
0.382576674222946 0.426442563533783 0.47590759396553 0.44584584236145 0.467576175928116 0.460186392068863 0.497709274291992 0.463412404060364 0.207654401659966 0.0564723275601864 0.219548061490059 0.131361916661263 0.0339014790952206 0.147705569863319 0.0517142526805401 0.00813656207174063 0.00595904048532248 0.00672716787084937 0.00556423747912049 0.00469390256330371 0.00491320388391614 0.00454445742070675 0.00452083302661777 0.00457901880145073 0.00445858109742403 0.00443517090752721 0.00446929689496756 0.00450333254411817 0.00469445297494531 0.00480575766414404 0.00507994787767529 0.0051688589155674 0.00584211386740208 0.00552353262901306 0.00610159384086728 0.00593713950365782 0.00552679691463709 0.00510910106822848 0.00466358521953225 0.00497323926538229 0.00503301015123725 0.00537869706749916
