data/climate_estimation/maxent_output/Bomarea_formosissima.asc
NCOLS 147 
NROWS 146 
XLLCORNER -75.6666666666667 
YLLCORNER -21 
CELLSIZE 0.0833333333333333 
NODATA_value -3.4e+38 
[rows 40 to 59 of 146, columns 0 to 43 of 147]
0.875463724136353 0.892050087451935 0.909098982810974 0.930660307407379 0.916051805019379 0.912876904010773 0.937297701835632 0.930846512317657 0.927640438079834 0.92762416601181 0.940888822078705 0.944573163986206 0.948980033397675 0.95832622051239 0.968857109546661 0.396573215723038 0.264344394207001 0.152908131480217 0.0767558440566063 0.0564703978598118 0.0578551068902016 0.0539559908211231 0.357160568237305 0.35997074842453 0.836924612522125 0.954685270786285 0.871554911136627 0.445282161235809 0.0817281901836395 0.112193718552589 0.040937140583992 0.0301050897687674 0.0327103696763515 0.025273758918047 0.0216955617070198 0.0317826457321644 0.038741260766983 0.0623607039451599 0.0760885030031204 0.128195852041245 0.107346229255199 0.278665840625763 0.273830205202103 0.186330541968346
0.871575593948364 0.875647604465485 0.901886880397797 0.937764585018158 0.93515932559967 0.930441975593567 0.926354587078094 0.932879447937012 0.928826808929443 0.915070295333862 0.909340560436249 0.868115186691284 0.952715933322906 0.947467088699341 0.961647748947144 0.980774879455566 0.560681164264679 0.161205947399139 0.124463081359863 0.0701287239789963 0.0539851300418377 0.083907850086689 0.388591557741165 0.9756760597229 0.977464139461517 0.961026549339294 0.368412554264069 0.152309462428093 0.289372354745865 0.236871644854546 0.0877092704176903 0.0473096631467342 0.0271979831159115 0.0207364074885845 0.0320774503052235 0.0521935224533081 0.11311861872673 0.132348299026489 0.200996369123459 0.423374474048615 0.766964375972748 0.611286282539368 0.410623997449875 0.575949966907501
0.846997857093811 0.886762917041779 0.898324251174927 0.921833634376526 0.944172978401184 0.919992089271545 0.922512412071228 0.926398634910583 0.915518939495087 0.938771307468414 0.942935228347778 0.937772989273071 0.929039120674133 0.967345297336578 0.958742916584015 0.96883237361908 0.980487108230591 0.374063938856125 0.221101671457291 0.121844574809074 0.0642571076750755 0.0793243944644928 0.809723675251007 0.982061207294464 0.986959993839264 0.980043053627014 0.668982625007629 0.580079615116119 0.362457752227783 0.0749517232179642 0.12178011238575 0.0910665318369865 0.0446552485227585 0.027310386300087 0.0303190778940916 0.0384976454079151 0.0606324560940266 0.12688547372818 0.309312492609024 0.584770023822784 0.842235207557678 0.98665976524353 0.925590693950653 0.990988314151764
0.837508499622345 0.858351528644562 0.888085663318634 0.911912560462952 0.906614542007446 0.927532732486725 0.908632874488831 0.921919822692871 0.923766911029816 0.939920365810394 0.939102470874786 0.943060755729675 0.954276263713837 0.96501612663269 0.973690748214722 0.977319002151489 0.951157927513123 0.987285137176514 0.949833631515503 0.155754640698433 0.0832479223608971 0.0628003552556038 0.137899741530418 0.596038639545441 0.986415207386017 0.987901270389557 0.984727799892426 0.551793992519379 0.0920927822589874 0.289782762527466 0.150440379977226 0.0495994724333286 0.0368405617773533 0.0405675880610943 0.0640695095062256 0.133422002196312 0.239348754286766 0.334518522024155 0.150986477732658 0.172372460365295 0.238627076148987 0.980393886566162 0.993641793727875 0.992356300354004
0.823402881622314 0.854739904403687 0.881035029888153 0.891894102096558 0.89115709066391 0.919666647911072 0.885806441307068 0.9186692237854 0.933841526508331 0.939642131328583 0.930515825748444 0.954363226890564 0.94684886932373 0.960085868835449 0.96749871969223 0.973849773406982 0.983511030673981 0.981654047966003 0.987124741077423 0.984952569007874 0.191007375717163 0.0786586776375771 0.0804987773299217 0.575886368751526 0.984460711479187 0.981337010860443 0.972602963447571 0.65584671497345 0.165568485856056 0.127196654677391 0.0849343091249466 0.0496681444346905 0.122972875833511 0.142596960067749 0.202876225113869 0.0958000123500824 0.189943566918373 0.336825460195541 0.729311883449554 0.917471826076508 0.730260074138641 0.448309242725372 0.9925656914711 0.991022765636444
0.824838995933533 0.844128429889679 0.861316621303558 0.86198890209198 0.891833245754242 0.918852210044861 0.854915082454681 0.896845996379852 0.938314616680145 0.951353192329407 0.901284277439117 0.950017750263214 0.963659942150116 0.958536446094513 0.957669675350189 0.9742391705513 0.978997886180878 0.975331246852875 0.987573623657227 0.993542373180389 0.978133857250214 0.142329186201096 0.077893853187561 0.0867480412125587 0.837009310722351 0.986738801002502 0.691985011100769 0.189383327960968 0.104835353791714 0.055503573268652 0.0640169084072113 0.053485170006752 0.0607391856610775 0.0779523774981499 0.059138149023056 0.0719375461339951 0.0954454243183136 0.0824530124664307 0.128076538443565 0.107114844024181 0.631639719009399 0.937053382396698 0.401366472244263 0.988372564315796
0.789256036281586 0.808857440948486 0.830961525440216 0.832844376564026 0.849547922611237 0.862767517566681 0.840006589889526 0.866274416446686 0.891925156116486 0.960577487945557 0.932544648647308 0.949476599693298 0.9660484790802 0.973495066165924 0.983364820480347 0.983252823352814 0.98577082157135 0.975381374359131 0.985074043273926 0.992485404014587 0.981604278087616 0.438700139522552 0.137113064527512 0.0813976675271988 0.15829898416996 0.943532466888428 0.536648213863373 0.131108924746513 0.117960870265961 0.144194945693016 0.0984392613172531 0.142382547259331 0.156039670109749 0.268034964799881 0.325406104326248 0.410298705101013 0.63824075460434 0.0899519100785255 0.508265674114227 0.171604469418526 0.214476183056831 0.446437746286392 0.983127176761627 0.819527387619019
0.774947583675385 0.782365560531616 0.828651010990143 0.824016928672791 0.827500820159912 0.850014567375183 0.854242622852325 0.886605501174927 0.934552788734436 0.95916360616684 0.953222513198853 0.97784286737442 0.979525923728943 0.982421338558197 0.974457025527954 0.957972705364227 0.978281795978546 0.984774053096771 0.982769727706909 0.995998859405518 0.996196091175079 0.995158910751343 0.898187577724457 0.378552079200745 0.090254046022892 0.295895636081696 0.433279156684875 0.221582680940628 0.192257642745972 0.309917628765106 0.182005450129509 0.602990686893463 0.500054180622101 0.478170186281204 0.732785582542419 0.410821557044983 0.156546950340271 0.542177438735962 0.659089684486389 0.849316537380219 0.887593865394592 0.860873997211456 0.973808884620667 0.992848873138428
0.745701313018799 0.755377411842346 0.789296984672546 0.804804742336273 0.809164762496948 0.830092072486877 0.865407228469849 0.852571308612823 0.88564670085907 0.894747793674469 0.942685008049011 0.972970187664032 0.989237189292908 0.991537094116211 0.993220090866089 0.975787043571472 0.96534276008606 0.979781985282898 0.976544380187988 0.990160405635834 0.989749312400818 0.986419081687927 0.991592764854431 0.992047667503357 0.183399826288223 0.140470921993256 0.407463937997818 0.379693776369095 0.801969647407532 0.368593573570251 0.381053954362869 0.573938190937042 0.973504245281219 0.963417232036591 0.669216334819794 0.152588665485382 0.766254544258118 0.978214204311371 0.433303266763687 0.950879037380219 0.995186269283295 0.994163513183594 0.892495036125183 0.993618607521057
0.694387495517731 0.713094770908356 0.722341239452362 0.767327964305878 0.796806156635284 0.822775304317474 0.836325168609619 0.865994274616241 0.882012128829956 0.922757863998413 0.939707219600677 0.975739359855652 0.964637875556946 0.984683930873871 0.985702276229858 0.980557084083557 0.84666109085083 0.995528817176819 0.979487895965576 0.991230010986328 0.996636629104614 0.988418340682983 0.993886351585388 0.98096776008606 0.68271940946579 0.151101380586624 0.242506131529808 0.964318454265594 0.990073919296265 0.722994923591614 0.920069932937622 0.946255683898926 0.990227341651917 0.994332015514374 0.966108918190002 0.566618144512177 0.344171106815338 0.954430639743805 0.989254951477051 0.955194294452667 0.997867345809937 0.995140194892883 0.993782460689545 0.990925371646881
0.461614310741425 0.630882084369659 0.698654413223267 0.727881073951721 0.717267692089081 0.796310245990753 0.817903161048889 0.835852146148682 0.891936838626862 0.887164294719696 0.939505994319916 0.949763000011444 0.933880984783173 0.960429608821869 0.99583888053894 0.983023166656494 0.933889865875244 0.980176270008087 0.996989965438843 0.982032775878906 0.996707618236542 0.996512651443481 0.98928290605545 0.994194447994232 0.988589346408844 0.30748525261879 0.295367360115051 0.912126779556274 0.986933708190918 0.985154390335083 0.965794682502747 0.991785764694214 0.988372564315796 0.958119630813599 0.775480985641479 0.50175142288208 0.319525480270386 0.791462957859039 0.937801778316498 0.997933089733124 0.997919678688049 0.992838561534882 0.99220860004425 0.98458468914032
0.194821879267693 0.188501432538033 0.632400751113892 0.639844536781311 0.6892329454422 0.788102507591248 0.835704326629639 0.850043177604675 0.864567458629608 0.880871057510376 0.887697517871857 0.918744027614594 0.928524374961853 0.937412619590759 0.972377121448517 0.995910942554474 0.986672580242157 0.960289537906647 0.985371768474579 0.990646779537201 0.996019661426544 0.992254436016083 0.996017754077911 0.995579183101654 0.993758618831635 0.874387979507446 0.259249657392502 0.377509236335754 0.629700899124146 0.980256080627441 0.995655119419098 0.996660768985748 0.995027720928192 0.996013998985291 0.996924519538879 0.994472682476044 0.544737815856934 0.970246493816376 0.997364699840546 0.997131884098053 0.992571294307709 0.988442659378052 0.988625049591064 0.984844744205475
0.00578372739255428 0.0457797273993492 0.575655221939087 0.616655468940735 0.644653499126434 0.778028249740601 0.795913577079773 0.826061248779297 0.8426393866539 0.862123608589172 0.877742171287537 0.906114459037781 0.917434453964233 0.931315362453461 0.947443902492523 0.980943620204926 0.982934653759003 0.99603658914566 0.995014846324921 0.990658342838287 0.988209128379822 0.995405912399292 0.91579931974411 0.978060364723206 0.99399596452713 0.994479358196259 0.882533669471741 0.463005512952805 0.986686825752258 0.99611496925354 0.996672928333282 0.995075821876526 0.996926009654999 0.994596242904663 0.992806315422058 0.9967902302742 0.952208280563354 0.973977446556091 0.98943018913269 0.996707677841187 0.995490252971649 0.989515244960785 0.977551341056824 0.974688827991486
0.00202814303338528 0.0498555824160576 0.421644300222397 0.204959392547607 0.562194228172302 0.701787769794464 0.75862181186676 0.787301063537598 0.816127717494965 0.843928933143616 0.870428085327148 0.877705633640289 0.897572994232178 0.918935179710388 0.920176208019257 0.955320000648499 0.95470267534256 0.97280615568161 0.977078795433044 0.98333740234375 0.984721660614014 0.997099757194519 0.962558925151825 0.971359610557556 0.950342178344727 0.995232462882996 0.996014833450317 0.681992471218109 0.57081663608551 0.989185929298401 0.996460616588593 0.997033059597015 0.995514273643494 0.995954096317291 0.985276818275452 0.996558845043182 0.993374705314636 0.989446222782135 0.992210328578949 0.983428180217743 0.991064071655273 0.985492289066315 0.973032295703888 0.979814410209656
0.00575480982661247 0.0305707063525915 0.00659392355009913 0.182803347706795 0.583075523376465 0.654728055000305 0.743091106414795 0.79052197933197 0.769904315471649 0.815741300582886 0.852998495101929 0.868826985359192 0.872598767280579 0.900918006896973 0.905894458293915 0.933044672012329 0.941281974315643 0.951746642589569 0.963198363780975 0.978270947933197 0.984043717384338 0.991185486316681 0.995112895965576 0.993149220943451 0.991020202636719 0.861014068126678 0.995416104793549 0.994182050228119 0.625617861747742 0.921695709228516 0.99184912443161 0.986078083515167 0.702778816223145 0.974183201789856 0.996164858341217 0.991125583648682 0.984880983829498 0.978985607624054 0.98475456237793 0.97603964805603 0.979373753070831 0.979612410068512 0.977731466293335 0.979665577411652
0.00352708087302744 0.0191225353628397 0.00828100554645061 0.166486501693726 0.414723545312881 0.626888513565063 0.701696395874023 0.751429080963135 0.743917047977448 0.764921545982361 0.808728456497192 0.847457826137543 0.881281733512878 0.884187400341034 0.86503803730011 0.892274141311646 0.911325395107269 0.930024147033691 0.942164182662964 0.968652606010437 0.9805948138237 0.980367600917816 0.993649899959564 0.99343478679657 0.995106995105743 0.99614679813385 0.715769052505493 0.855333030223846 0.805634379386902 0.601161062717438 0.502114534378052 0.937642455101013 0.996989369392395 0.97863107919693 0.963098168373108 0.993791103363037 0.983407497406006 0.98433119058609 0.966438412666321 0.982115089893341 0.979962348937988 0.900174379348755 0.974034368991852 0.964838922023773
0.00109157303813845 0.0011069270549342 0.00473920162767172 0.0424491539597511 0.135159835219383 0.429199755191803 0.667006313800812 0.75028932094574 0.711240887641907 0.712000489234924 0.712837934494019 0.798700749874115 0.796268165111542 0.835930824279785 0.856503069400787 0.88860297203064 0.889042496681213 0.91247695684433 0.939740180969238 0.94419252872467 0.970328092575073 0.981530785560608 0.945938289165497 0.986123740673065 0.995566546916962 0.995829641819 0.99191153049469 0.99337363243103 0.996975183486938 0.984304130077362 0.994948327541351 0.938422858715057 0.997877299785614 0.996591150760651 0.991762757301331 0.966046810150146 0.807646989822388 0.863711476325989 0.969047129154205 0.977271258831024 0.966650545597076 0.961378455162048 0.961556911468506 0.949057459831238
0.000427348597440869 0.000781445705797523 0.00726966466754675 0.0343415811657906 0.402158141136169 0.401416182518005 0.657848179340363 0.676028370857239 0.455784857273102 0.455427974462509 0.492731779813766 0.70830100774765 0.811145901679993 0.844021916389465 0.891171932220459 0.908993303775787 0.935786545276642 0.963442623615265 0.974448204040527 0.934637725353241 0.965818226337433 0.970471084117889 0.987359821796417 0.990191519260406 0.994330763816833 0.995252370834351 0.994382083415985 0.996680736541748 0.997179746627808 0.995074868202209 0.996645629405975 0.989683091640472 0.981504738330841 0.98488187789917 0.994836688041687 0.988126695156097 0.988776445388794 0.98282390832901 0.982869982719421 0.984609961509705 0.970698714256287 0.964179217815399 0.93357902765274 0.943125069141388
0.000450246472610161 0.0010640105465427 0.00323378806933761 0.0173642262816429 0.0279152803122997 0.154811263084412 0.403191447257996 0.453481554985046 0.4558946788311 0.470960468053818 0.719957590103149 0.775823295116425 0.787652492523193 0.78602933883667 0.818091690540314 0.855531871318817 0.908187806606293 0.89283287525177 0.935809552669525 0.968729734420776 0.968227684497833 0.969399809837341 0.979357659816742 0.985097706317902 0.986994504928589 0.996627449989319 0.997616708278656 0.998016357421875 0.992753267288208 0.988653898239136 0.994069457054138 0.997605919837952 0.979391515254974 0.990132987499237 0.980471014976501 0.975081503391266 0.974679231643677 0.974484980106354 0.967525601387024 0.981258392333984 0.972734987735748 0.984325647354126 0.952922224998474 0.92753130197525
0.000269350915914401 0.000364568870281801 0.000446242687758058 0.000852699857205153 0.0088158966973424 0.12780673801899 0.122287184000015 0.413020431995392 0.455957591533661 0.458153963088989 0.738456726074219 0.757281601428986 0.791435658931732 0.755711793899536 0.558144688606262 0.578699707984924 0.84596186876297 0.872778177261353 0.896111786365509 0.91769415140152 0.978524923324585 0.972150027751923 0.988474905490875 0.991881728172302 0.992888331413269 0.995622336864471 0.997614681720734 0.994551479816437 0.984693944454193 0.977891981601715 0.986752510070801 0.997263491153717 0.96403843164444 0.993558764457703 0.993108332157135 0.970043420791626 0.960703015327454 0.982123911380768 0.977800309658051 0.943803429603577 0.925417363643646 0.934774875640869 0.98659747838974 0.968855917453766
