data/climate_estimation/maxent_output/Bomarea_macusanii.asc
NCOLS 102 
NROWS 79 
XLLCORNER -76.1666666666667 
YLLCORNER -16.4166666666667 
CELLSIZE 0.0833333333333333 
NODATA_value -3.4e+38 
[rows 0 to 20 of 79, columns 47 to 93 of 102]
0.143854007124901 0.149445191025734 0.150723487138748 0.142971053719521 0.13717494904995 0.137618452310562 0.142556637525558 0.149299487471581 0.142965540289879 0.141591757535934 0.144068777561188 0.142226845026016 0.14316762983799 0.141358509659767 0.146889954805374 0.138940736651421 0.137402251362801 0.142333328723907 0.13963095843792 0.148108005523682 0.145773038268089 0.138526305556297 0.137586459517479 0.143190562725067 0.140296787023544 0.139620155096054 0.143213093280792 0.146213322877884 0.143421038985252 0.140578061342239 0.141464293003082 0.138308301568031 0.130745723843575 0.133959352970123 0.132927387952805 0.130745723843575 0.130745723843575 0.129250019788742 0.131507188081741 0.12774983048439 0.124901868402958 0.127088770270348 0.128104165196419 0.127280041575432 0.121285878121853 0.121444925665855 0.115707010030746
0.143831387162209 0.14725786447525 0.146390125155449 0.146413117647171 0.142310529947281 0.142741248011589 0.145236626267433 0.148507699370384 0.145492970943451 0.149223551154137 0.141975775361061 0.147269636392593 0.143555551767349 0.142020478844643 0.140699341893196 0.138471469283104 0.142568051815033 0.141347572207451 0.143454685807228 0.145750135183334 0.1427361369133 0.140705198049545 0.142272040247917 0.140225037932396 0.136040255427361 0.13867349922657 0.145248666405678 0.141786992549896 0.145174607634544 0.140125811100006 0.137662202119827 0.13697561621666 0.135483801364899 0.129711002111435 0.133716508746147 0.130978494882584 0.126983374357224 0.131954699754715 0.125120103359222 0.123125731945038 0.128953665494919 0.123826332390308 0.120120026171207 0.11702885478735 0.116289734840393 0.114783301949501 0.115370742976665
0.148664131760597 0.149351522326469 0.149159133434296 0.147517457604408 0.146413117647171 0.14683210849762 0.145213812589645 0.145915180444717 0.145236626267433 0.149147644639015 0.143100067973137 0.142131820321083 0.141747415065765 0.143398061394691 0.13909912109375 0.138673111796379 0.145709976553917 0.142031863331795 0.141369834542274 0.145961448550224 0.143657401204109 0.142071098089218 0.136238634586334 0.133859097957611 0.141586691141129 0.142501160502434 0.144086286425591 0.142422884702682 0.143573001027107 0.139471933245659 0.137488946318626 0.136604011058807 0.138602524995804 0.138777062296867 0.133547827601433 0.132424592971802 0.129711002111435 0.126571580767632 0.124555751681328 0.125916168093681 0.125283822417259 0.12094434350729 0.12031602114439 0.115716427564621 0.114257983863354 0.113535217940807 0.109021291136742
0.141925171017647 0.146768629550934 0.143527016043663 0.143088608980179 0.13969612121582 0.149130001664162 0.14628691971302 0.142416566610336 0.146075189113617 0.14124721288681 0.14170278608799 0.141474828124046 0.140384361147881 0.144714012742043 0.137515589594841 0.140627413988113 0.142674267292023 0.141048014163971 0.141070231795311 0.14018626511097 0.139082968235016 0.137321218848228 0.142299935221672 0.140202939510345 0.142043247818947 0.144295394420624 0.145898729562759 0.142193868756294 0.140600219368935 0.136625602841377 0.139072194695473 0.13855342566967 0.136776238679886 0.134584233164787 0.13221038877964 0.128454849123955 0.127623662352562 0.12292068451643 0.124486602842808 0.124511271715164 0.122127532958984 0.117828786373138 0.11704295873642 0.115380138158798 0.112035401165485 0.108799025416374 0.10937961935997
0.143667578697205 0.146510243415833 0.141897350549698 0.14324577152729 0.14650459587574 0.148844495415688 0.145795002579689 0.146498948335648 0.15003602206707 0.138945624232292 0.138743624091148 0.138520047068596 0.143741339445114 0.143763944506645 0.142405554652214 0.139877736568451 0.142831027507782 0.143313810229301 0.14519140124321 0.139039099216461 0.137277871370316 0.137965843081474 0.145413607358932 0.145436450839043 0.142199367284775 0.144063621759415 0.143139988183975 0.142702654004097 0.138400986790657 0.137683942914009 0.140147909522057 0.137857407331467 0.137413203716278 0.135697603225708 0.132278352975845 0.129056006669998 0.130085915327072 0.123698927462101 0.122278042137623 0.121706202626228 0.123081721365452 0.11915884912014 0.111294813454151 0.111317038536072 0.110231891274452 0.108481578528881 0.104290388524532
0.148518607020378 0.149789690971375 0.152855470776558 0.149491518735886 0.143453761935234 0.14324577152729 0.14324577152729 0.141435742378235 0.142780154943466 0.142321422696114 0.141430273652077 0.140472382307053 0.141402542591095 0.138563767075539 0.139883160591125 0.139855697751045 0.145823955535889 0.14370208978653 0.142573460936546 0.140594378113747 0.138144999742508 0.146304681897163 0.142383560538292 0.145413607358932 0.150124743580818 0.145875811576843 0.144476473331451 0.14105387032032 0.143753260374069 0.143753260374069 0.1437758654356 0.134557723999023 0.134653314948082 0.130363985896111 0.130528956651688 0.133690163493156 0.128800943493843 0.130039602518082 0.12249681353569 0.125661954283714 0.116652049124241 0.115536831319332 0.111678034067154 0.110952757298946 0.107198946177959 0.106189832091331 0.106194026768208
0.151058509945869 0.148681208491325 0.151833072304726 0.148541897535324 0.146854639053345 0.147823318839073 0.143172651529312 0.142276629805565 0.139104008674622 0.145020171999931 0.143397554755211 0.143420115113258 0.139394387602806 0.136985838413239 0.139586448669434 0.145755246281624 0.141619428992271 0.140527933835983 0.138079613447189 0.139894381165504 0.139192193746567 0.149072200059891 0.141219913959503 0.150077700614929 0.148612648248672 0.143708050251007 0.142350137233734 0.143522292375565 0.140098318457603 0.140346348285675 0.139493927359581 0.134192168712616 0.13765686750412 0.13436159491539 0.134844601154327 0.134748890995979 0.130436062812805 0.129010036587715 0.121657907962799 0.117412067949772 0.115762859582901 0.111959539353848 0.11110819876194 0.10823442786932 0.104089833796024 0.10601544380188 0.104940958321095
0.152248173952103 0.155716925859451 0.152295827865601 0.151833072304726 0.148489594459534 0.144514992833138 0.144514992833138 0.1465904712677 0.143633887171745 0.139306485652924 0.137764275074005 0.138231337070465 0.139098629355431 0.140649080276489 0.145686566829681 0.141574829816818 0.138438418507576 0.137791752815247 0.143448635935783 0.146212801337242 0.142752587795258 0.145504504442215 0.139789968729019 0.145732760429382 0.146459415555 0.141164511442184 0.142098873853683 0.141208991408348 0.141686752438545 0.136378318071365 0.133758828043938 0.13765686750412 0.136722445487976 0.140247046947479 0.134918957948685 0.133400365710258 0.130456745624542 0.123047702014446 0.122229531407356 0.115845933556557 0.111771881580353 0.106424435973167 0.109998650848866 0.104064859449863 0.100716806948185 0.101852647960186 0.10288891941309
0.148164421319962 0.148425459861755 0.152248173952103 0.15227198600769 0.149397820234299 0.144701927900314 0.143105089664459 0.142416059970856 0.141296684741974 0.139010891318321 0.138612359762192 0.137249991297722 0.137444660067558 0.145640805363655 0.141052976250648 0.142215356230736 0.141730472445488 0.13973468542099 0.144509837031364 0.142685204744339 0.139949232339859 0.139471441507339 0.142215758562088 0.14612703025341 0.140892952680588 0.143685445189476 0.139378592371941 0.140302121639252 0.136356770992279 0.137928053736687 0.13899564743042 0.140092894434929 0.138471782207489 0.13891912996769 0.134770199656487 0.128424450755119 0.118195571005344 0.118950627744198 0.114376977086067 0.107668340206146 0.101033419370651 0.100058943033218 0.0997494533658028 0.0997172668576241 0.102554962038994 0.0974509119987488 0.0984290018677711
0.148378908634186 0.148402184247971 0.144197762012482 0.148396477103233 0.147707402706146 0.146998167037964 0.143520966172218 0.141707763075829 0.137282311916351 0.136130183935165 0.13720665872097 0.140312075614929 0.144639700651169 0.143273741006851 0.146923720836639 0.145772010087967 0.14535017311573 0.142595395445824 0.143949881196022 0.141241654753685 0.137889370322227 0.139877647161484 0.139696434140205 0.137261420488358 0.137061670422554 0.138935267925262 0.135414317250252 0.136706158518791 0.139126747846603 0.143494173884392 0.138946428894997 0.143005326390266 0.147149279713631 0.140898808836937 0.131279036402702 0.13153862953186 0.11815320700407 0.113835178315639 0.110510304570198 0.107156358659267 0.104186214506626 0.0969147533178329 0.0936597585678101 0.0884161069989204 0.0946362018585205 0.0914241522550583 0.0896156132221222
0.148593693971634 0.147406905889511 0.144667610526085 0.144690349698067 0.143734872341156 0.140378028154373 0.139273330569267 0.137217298150063 0.1394212692976 0.138945132493973 0.144367605447769 0.151454240083694 0.151076257228851 0.148512780666351 0.146877601742744 0.143887549638748 0.141613453626633 0.140273675322533 0.136280715465546 0.138541802763939 0.139186307787895 0.133721232414246 0.133263021707535 0.133499905467033 0.136377826333046 0.137678116559982 0.136835277080536 0.141292035579681 0.137121304869652 0.140224948525429 0.146236181259155 0.146024510264397 0.140744000673294 0.132581651210785 0.131725832819939 0.126516565680504 0.120445601642132 0.115670680999756 0.109946042299271 0.100956290960312 0.0971963703632355 0.0928501784801483 0.0899573937058449 0.0886598601937294 0.085401676595211 0.0861039832234383 0.0882513374090195
0.152890577912331 0.14597125351429 0.145994186401367 0.144616544246674 0.144203335046768 0.142611518502235 0.143222734332085 0.146900236606598 0.145697295665741 0.142706736922264 0.150604858994484 0.153985619544983 0.150064677000046 0.147938698530197 0.148014053702354 0.144305497407913 0.138410717248917 0.13820943236351 0.137737110257149 0.139970794320107 0.134721487760544 0.136028736829758 0.133173510432243 0.139153584837914 0.136066451668739 0.14115309715271 0.137137144804001 0.136297360062599 0.141264319419861 0.143370285630226 0.148973435163498 0.141603410243988 0.141831547021866 0.141375616192818 0.130194053053856 0.126016184687614 0.121585495769978 0.112273260951042 0.105833195149899 0.09829081594944 0.0934143215417862 0.089474655687809 0.0870022177696228 0.0836321637034416 0.0823146104812622 0.0839347317814827 0.0888033360242844
0.145742654800415 0.145013645291328 0.144599393010139 0.143695205450058 0.143667072057724 0.142925053834915 0.145030841231346 0.145469084382057 0.147533878684044 0.146326199173927 0.150076225399971 0.155117496848106 0.150017663836479 0.148843869566917 0.151217728853226 0.146000131964684 0.1469636708498 0.145315602421761 0.140058577060699 0.135461419820786 0.135019063949585 0.137905299663544 0.13421243429184 0.13991042971611 0.138585433363914 0.135969936847687 0.134048774838448 0.134961143136024 0.1358792334795 0.139028236269951 0.1414864808321 0.140672042965889 0.142747476696968 0.135569378733635 0.127270489931107 0.122380159795284 0.116155803203583 0.109686806797981 0.104605101048946 0.0945904776453972 0.0904865711927414 0.0863768309354782 0.0812346041202545 0.0787615701556206 0.0796900764107704 0.0818043276667595 0.0861387997865677
0.147764623165131 0.147787809371948 0.144990861415863 0.144990861415863 0.145195558667183 0.145167157053947 0.148175716400146 0.151022717356682 0.155074998736382 0.157790139317513 0.156287297606468 0.156311690807343 0.149970650672913 0.151874125003815 0.151655033230782 0.150469601154327 0.145925715565681 0.148309424519539 0.1429253667593 0.142947867512703 0.144379064440727 0.142964839935303 0.134944573044777 0.136694580316544 0.138291254639626 0.133073702454567 0.130812451243401 0.130853921175003 0.131533056497574 0.134371936321259 0.134849742054939 0.13402284681797 0.12956240773201 0.125811591744423 0.119230180978775 0.111499838531017 0.108100362122059 0.107216402888298 0.101885706186295 0.0945904776453972 0.0869528725743294 0.0793569013476372 0.0756356939673424 0.0756387338042259 0.079073041677475 0.0820306837558746 0.0816847160458565
0.151040136814117 0.156835287809372 0.153146892786026 0.15489374101162 0.158392280340195 0.154123201966286 0.156104758381844 0.151945024728775 0.150680914521217 0.153817221522331 0.159002915024757 0.162553563714027 0.153266578912735 0.151826590299606 0.146825313568115 0.143121466040611 0.146114304661751 0.144452229142189 0.143340766429901 0.141757681965828 0.14038909971714 0.137964770197868 0.136237576603889 0.136060684919357 0.130920767784119 0.129484802484512 0.130698651075363 0.132183745503426 0.130781531333923 0.127678960561752 0.126686811447144 0.128780424594879 0.125452890992165 0.121083937585354 0.118157751858234 0.112871117889881 0.105202578008175 0.101163387298584 0.0944188386201859 0.0947661846876144 0.0885415002703667 0.0766256749629974 0.0722560063004494 0.0752203315496445 0.0796932056546211 0.0778971314430237 0.0779574140906334
0.151850029826164 0.152663767337799 0.155813112854958 0.155588880181313 0.156530424952507 0.155310466885567 0.151146277785301 0.148291453719139 0.148953914642334 0.151867866516113 0.146606802940369 0.146108269691467 0.153218641877174 0.150786831974983 0.147176057100296 0.143003389239311 0.150510430335999 0.145053446292877 0.143915116786957 0.14125744998455 0.134190738201141 0.137206465005875 0.135247856378555 0.135290622711182 0.128682836890221 0.128098621964455 0.127058133482933 0.127466440200806 0.124886706471443 0.123467989265919 0.116086028516293 0.119762279093266 0.11650326102972 0.10949369519949 0.109893068671227 0.109695374965668 0.101742349565029 0.101110465824604 0.0982985347509384 0.095768965780735 0.0936104878783226 0.0818576142191887 0.0783425122499466 0.0790150985121727 0.076947808265686 0.0804978832602501 0.0801418125629425
0.155540302395821 0.157232210040092 0.157232210040092 0.160722196102142 0.15675587952137 0.152312725782394 0.155952617526054 0.155455529689789 0.155673608183861 0.150104984641075 0.149169459939003 0.142124816775322 0.141212552785873 0.142096951603889 0.143909156322479 0.145093023777008 0.143852785229683 0.143413469195366 0.136688411235809 0.137103497982025 0.137146800756454 0.131329461932182 0.13520510494709 0.133894741535187 0.132596075534821 0.127163589000702 0.126811668276787 0.119395561516285 0.11939088255167 0.116159863770008 0.114253260195255 0.113730207085609 0.107228942215443 0.107405208051205 0.104156650602818 0.103340409696102 0.0985521152615547 0.099552758038044 0.0977261066436768 0.0961945876479149 0.0871078073978424 0.0835912600159645 0.0787518098950386 0.0766911208629608 0.0776089355349541 0.078393466770649 0.0788030177354813
0.160242468118668 0.164339184761047 0.161466047167778 0.16100937128067 0.152997374534607 0.156652063131332 0.156597182154655 0.155655279755592 0.154881313443184 0.154881313443184 0.150005161762238 0.145993560552597 0.14340752363205 0.142969444394112 0.143430083990097 0.138409733772278 0.140024766325951 0.141306921839714 0.13701693713665 0.135958030819893 0.129136085510254 0.129950702190399 0.128942236304283 0.125855147838593 0.123061157763004 0.123859941959381 0.118566788733006 0.115692809224129 0.111472390592098 0.109060280025005 0.104877673089504 0.0996527150273323 0.0954794809222221 0.0952141955494881 0.0974783375859261 0.0938751995563507 0.0928273573517799 0.0956684872508049 0.0903144702315331 0.0889940485358238 0.0856581553816795 0.0822275429964066 0.0778400152921677 0.0785084664821625 0.0754506513476372 0.0763542428612709 0.0771266296505928
0.160043522715569 0.157709851861 0.156932651996613 0.159962639212608 0.156408324837685 0.15566124022007 0.151974111795425 0.155110567808151 0.153331637382507 0.153600946068764 0.149478435516357 0.145172134041786 0.144032970070839 0.14680740237236 0.142801016569138 0.142414957284927 0.140112593770027 0.134831830859184 0.133072376251221 0.132804840803146 0.132182434201241 0.134285524487495 0.126760676503181 0.127581685781479 0.119404479861259 0.121164605021477 0.115600347518921 0.112299188971519 0.105024807155132 0.101118035614491 0.0937158912420273 0.0929584056138992 0.0893619880080223 0.0925276875495911 0.0964506193995476 0.0953755676746368 0.0952525660395622 0.0929510816931725 0.0919130221009254 0.0882119983434677 0.0806912258267403 0.0820339024066925 0.0813830718398094 0.0817776024341583 0.0789795815944672 0.0800700560212135 0.0806222856044769
0.154610082507133 0.152134403586388 0.147810474038124 0.147972375154495 0.147735223174095 0.148662567138672 0.14789704978466 0.147844955325127 0.151387870311737 0.154513373970985 0.149116426706314 0.152931362390518 0.148610129952431 0.146663531661034 0.145981788635254 0.146239340305328 0.142728090286255 0.139343455433846 0.130449429154396 0.128391861915588 0.13025376200676 0.133140653371811 0.139447867870331 0.132464542984962 0.13039830327034 0.123031511902809 0.116261020302773 0.10803434252739 0.105243906378746 0.100368462502956 0.0985952392220497 0.0933419540524483 0.0879941061139107 0.0893655493855476 0.0861909613013268 0.0881190598011017 0.0900406986474991 0.0862679407000542 0.0851903334259987 0.085616372525692 0.0859015285968781 0.0874718874692917 0.0842211544513702 0.0814922377467155 0.0762732625007629 0.0773279592394829 0.0794373005628586
0.146916702389717 0.146187976002693 0.147365808486938 0.146399855613708 0.147031545639038 0.139633983373642 0.142997056245804 0.143407106399536 0.143407106399536 0.146801322698593 0.159533977508545 0.153050467371941 0.149442985653877 0.148964762687683 0.149577304720879 0.148406639695168 0.142587870359421 0.137000113725662 0.132448345422745 0.130996912717819 0.124652624130249 0.124380983412266 0.131126537919044 0.130697250366211 0.12554070353508 0.122310377657413 0.116525195538998 0.11081425845623 0.107800900936127 0.102270193397999 0.0968825966119766 0.0956409275531769 0.0908708274364471 0.0924527645111084 0.0864182710647583 0.0904128178954124 0.091180182993412 0.0886773392558098 0.0860966742038727 0.088154710829258 0.0849900469183922 0.0838969871401787 0.0810429006814957 0.0840844884514809 0.0800146162509918 0.0782116055488586 0.0799560695886612
