data/climate_estimation/maxent_output/Bomarea_salsilla.asc
NCOLS 37 
NROWS 83 
XLLCORNER -73.6666666666667 
YLLCORNER -38.75 
CELLSIZE 0.0833333333333332 
NODATA_value -3.4e+38 
[rows 25 to 49 of 83, columns 0 to 36 of 37]
-3.4e+38 -3.4e+38 -3.4e+38 -3.4e+38 -3.4e+38 -3.4e+38 -3.4e+38 -3.4e+38 -3.4e+38 -3.4e+38 -3.4e+38 -3.4e+38 -3.4e+38 -3.4e+38 -3.4e+38 -3.4e+38 -3.4e+38 -3.4e+38 -3.4e+38 -3.4e+38 -3.4e+38 0.73652845621109 0.746760070323944 0.704369485378265 0.791397333145142 0.722050964832306 0.614584386348724 0.0465431697666645 0.0548765249550343 0.806384980678558 0.835934340953827 0.791122257709503 0.947507381439209 0.934767007827759 0.865995109081268 0.390686631202698 0.466292530298233
-3.4e+38 -3.4e+38 -3.4e+38 -3.4e+38 -3.4e+38 -3.4e+38 -3.4e+38 -3.4e+38 -3.4e+38 -3.4e+38 -3.4e+38 -3.4e+38 -3.4e+38 -3.4e+38 -3.4e+38 -3.4e+38 -3.4e+38 -3.4e+38 -3.4e+38 -3.4e+38 0.74975448846817 0.845794141292572 0.8587646484375 0.786775588989258 0.751219868659973 0.620637238025665 0.708823382854462 0.59283721446991 0.57319700717926 0.0375180467963219 0.609565317630768 0.630254149436951 0.798794984817505 0.874070167541504 0.743349432945251 0.403601467609406 0.446101099252701
-3.4e+38 -3.4e+38 -3.4e+38 -3.4e+38 -3.4e+38 -3.4e+38 -3.4e+38 -3.4e+38 -3.4e+38 -3.4e+38 -3.4e+38 -3.4e+38 -3.4e+38 -3.4e+38 -3.4e+38 -3.4e+38 -3.4e+38 -3.4e+38 -3.4e+38 0.665664911270142 0.757296741008759 0.865710437297821 0.873119592666626 0.831807017326355 0.746825158596039 0.547301530838013 0.494491666555405 0.406241834163666 0.631123661994934 0.773352801799774 0.654924750328064 0.841009557247162 0.928928732872009 0.666915953159332 0.353957206010818 0.330779552459717 0.545647501945496
-3.4e+38 -3.4e+38 -3.4e+38 -3.4e+38 -3.4e+38 -3.4e+38 -3.4e+38 -3.4e+38 -3.4e+38 -3.4e+38 -3.4e+38 -3.4e+38 -3.4e+38 -3.4e+38 -3.4e+38 -3.4e+38 -3.4e+38 -3.4e+38 -3.4e+38 0.659111738204956 0.852329730987549 0.931138157844543 0.858722507953644 0.778725624084473 0.72091406583786 0.537193477153778 0.426596701145172 0.422212362289429 0.505773067474365 0.605666279792786 0.825267612934113 0.777592658996582 0.569524645805359 0.399733245372772 0.367385983467102 0.446163773536682 0.621478021144867
-3.4e+38 -3.4e+38 -3.4e+38 -3.4e+38 -3.4e+38 -3.4e+38 -3.4e+38 -3.4e+38 -3.4e+38 -3.4e+38 -3.4e+38 -3.4e+38 -3.4e+38 -3.4e+38 -3.4e+38 -3.4e+38 -3.4e+38 -3.4e+38 -3.4e+38 -3.4e+38 0.750019907951355 0.958922207355499 0.820680379867554 0.716296076774597 0.652188420295715 0.53074723482132 0.437977343797684 0.445551484823227 0.450500994920731 0.815713405609131 0.634545147418976 0.478245615959167 0.458284020423889 0.392182588577271 0.340084940195084 0.576452434062958 0.650557279586792
-3.4e+38 -3.4e+38 -3.4e+38 -3.4e+38 -3.4e+38 -3.4e+38 -3.4e+38 -3.4e+38 -3.4e+38 -3.4e+38 -3.4e+38 -3.4e+38 -3.4e+38 -3.4e+38 -3.4e+38 -3.4e+38 -3.4e+38 -3.4e+38 -3.4e+38 0.608015596866608 0.697504878044128 0.968563914299011 0.913644254207611 0.669970154762268 0.609882116317749 0.566732943058014 0.43886598944664 0.465382426977158 0.490559965372086 0.424275815486908 0.0325189717113972 0.49842444062233 0.454082190990448 0.407807201147079 0.358576834201813 0.720725536346436 0.808566570281982
-3.4e+38 -3.4e+38 -3.4e+38 -3.4e+38 -3.4e+38 -3.4e+38 -3.4e+38 -3.4e+38 -3.4e+38 -3.4e+38 -3.4e+38 -3.4e+38 -3.4e+38 -3.4e+38 -3.4e+38 -3.4e+38 -3.4e+38 -3.4e+38 -3.4e+38 0.665879487991333 0.772141635417938 0.927096128463745 0.953964173793793 0.701335549354553 0.679426431655884 0.532175004482269 0.459286272525787 0.421161144971848 0.526326298713684 0.613180875778198 0.456167727708817 0.505733668804169 0.526149809360504 0.489655435085297 0.553304553031921 0.740813910961151 0.828890144824982
-3.4e+38 -3.4e+38 -3.4e+38 -3.4e+38 -3.4e+38 -3.4e+38 -3.4e+38 -3.4e+38 -3.4e+38 -3.4e+38 -3.4e+38 -3.4e+38 -3.4e+38 -3.4e+38 -3.4e+38 -3.4e+38 -3.4e+38 -3.4e+38 -3.4e+38 0.7849480509758 0.762711465358734 0.78644585609436 0.836508452892303 0.818206667900085 0.701618432998657 0.862200081348419 0.614846765995026 0.465400129556656 0.697446465492249 0.629470825195312 0.786343038082123 0.737386226654053 0.689484477043152 0.656291365623474 0.787171721458435 0.826841056346893 0.831056118011475
-3.4e+38 -3.4e+38 -3.4e+38 -3.4e+38 -3.4e+38 -3.4e+38 -3.4e+38 -3.4e+38 -3.4e+38 -3.4e+38 -3.4e+38 -3.4e+38 -3.4e+38 -3.4e+38 -3.4e+38 -3.4e+38 -3.4e+38 -3.4e+38 -3.4e+38 0.817300736904144 0.765206158161163 0.781265020370483 0.764556586742401 0.707659006118774 0.750916719436646 0.92183381319046 0.771220743656158 0.529037833213806 0.608754694461823 0.715449631214142 0.722164034843445 0.752765357494354 0.75809109210968 0.778216779232025 0.745508432388306 0.826027452945709 0.901558816432953
-3.4e+38 -3.4e+38 -3.4e+38 -3.4e+38 -3.4e+38 -3.4e+38 -3.4e+38 -3.4e+38 -3.4e+38 -3.4e+38 -3.4e+38 -3.4e+38 -3.4e+38 -3.4e+38 -3.4e+38 -3.4e+38 -3.4e+38 -3.4e+38 0.811659514904022 0.843711316585541 0.807236015796661 0.828290343284607 0.809838473796844 0.692029654979706 0.81363171339035 0.825395822525024 0.773705303668976 0.631405055522919 0.528584897518158 0.549026668071747 0.798786818981171 0.753362357616425 0.751612484455109 0.776579260826111 0.861915946006775 0.760106921195984 0.878716886043549
-3.4e+38 -3.4e+38 -3.4e+38 -3.4e+38 -3.4e+38 -3.4e+38 -3.4e+38 -3.4e+38 -3.4e+38 -3.4e+38 -3.4e+38 -3.4e+38 -3.4e+38 -3.4e+38 -3.4e+38 -3.4e+38 -3.4e+38 -3.4e+38 0.93097460269928 0.847904324531555 0.844126880168915 0.820998847484589 0.798861503601074 0.719168066978455 0.901314735412598 0.960377991199493 0.875706732273102 0.779668927192688 0.683824479579926 0.596651077270508 0.582585871219635 0.602762699127197 0.680407345294952 0.897808253765106 0.853849351406097 0.846694827079773 0.872547268867493
-3.4e+38 -3.4e+38 -3.4e+38 -3.4e+38 -3.4e+38 -3.4e+38 -3.4e+38 -3.4e+38 -3.4e+38 -3.4e+38 -3.4e+38 -3.4e+38 -3.4e+38 -3.4e+38 -3.4e+38 -3.4e+38 -3.4e+38 0.93883603811264 0.9523965716362 0.913015723228455 0.853864133358002 0.774028718471527 0.807278037071228 0.828413724899292 0.834631621837616 0.730709969997406 0.837274730205536 0.887540817260742 0.503159284591675 0.465321689844131 0.50903332233429 0.627650678157806 0.683176696300507 0.874403476715088 0.902114450931549 0.880164206027985 0.883263826370239
-3.4e+38 -3.4e+38 -3.4e+38 -3.4e+38 -3.4e+38 -3.4e+38 -3.4e+38 -3.4e+38 -3.4e+38 -3.4e+38 -3.4e+38 -3.4e+38 -3.4e+38 -3.4e+38 -3.4e+38 -3.4e+38 -3.4e+38 0.936241865158081 0.956994533538818 0.936402201652527 0.926211297512054 0.813758671283722 0.783585608005524 0.76803582906723 0.677449703216553 0.75534862279892 0.804321050643921 0.535169005393982 0.433955281972885 0.426498919725418 0.541420340538025 0.649147808551788 0.727203905582428 0.796312212944031 0.891324579715729 0.884450733661652 0.837018191814423
-3.4e+38 -3.4e+38 -3.4e+38 -3.4e+38 -3.4e+38 -3.4e+38 -3.4e+38 -3.4e+38 -3.4e+38 -3.4e+38 -3.4e+38 -3.4e+38 -3.4e+38 -3.4e+38 -3.4e+38 -3.4e+38 -3.4e+38 0.932888627052307 0.936263680458069 0.888991892337799 0.869093298912048 0.880592048168182 0.783386409282684 0.591168403625488 0.67913955450058 0.624080836772919 0.485147505998611 0.647779822349548 0.416357219219208 0.387762546539307 0.56569504737854 0.685060381889343 0.839918076992035 0.882832288742065 0.881355762481689 0.876861751079559 0.847883462905884
-3.4e+38 -3.4e+38 -3.4e+38 -3.4e+38 -3.4e+38 -3.4e+38 -3.4e+38 -3.4e+38 -3.4e+38 -3.4e+38 -3.4e+38 -3.4e+38 -3.4e+38 -3.4e+38 -3.4e+38 -3.4e+38 0.931097507476807 0.935554623603821 0.957740306854248 0.945791065692902 0.86257266998291 0.886101305484772 0.908467590808868 0.579283833503723 0.47107321023941 0.548950135707855 0.614592015743256 0.543011665344238 0.426745414733887 0.454010814428329 0.591085970401764 0.795099318027496 0.900263607501984 0.917039394378662 0.89887261390686 0.87283718585968 0.815164923667908
-3.4e+38 -3.4e+38 -3.4e+38 -3.4e+38 -3.4e+38 -3.4e+38 -3.4e+38 -3.4e+38 -3.4e+38 -3.4e+38 -3.4e+38 -3.4e+38 -3.4e+38 -3.4e+38 -3.4e+38 0.88378381729126 0.920319736003876 0.982970893383026 0.961187303066254 0.954093992710114 0.913186013698578 0.96465015411377 0.818694591522217 0.56225973367691 0.569814205169678 0.457772850990295 0.457125037908554 0.368012487888336 0.419901072978973 0.472742795944214 0.691257297992706 0.796520590782166 0.894658625125885 0.905041933059692 0.901004612445831 0.842617154121399 0.777108132839203
-3.4e+38 -3.4e+38 -3.4e+38 -3.4e+38 -3.4e+38 -3.4e+38 -3.4e+38 -3.4e+38 -3.4e+38 -3.4e+38 -3.4e+38 -3.4e+38 -3.4e+38 -3.4e+38 0.837341368198395 0.899294555187225 0.974987089633942 0.989527404308319 0.987661600112915 0.954156816005707 0.965642035007477 0.950291514396667 0.539600729942322 0.594352662563324 0.581333458423615 0.270055115222931 0.249113082885742 0.297801196575165 0.345259308815002 0.561414301395416 0.627502977848053 0.903010666370392 0.89254903793335 0.908480286598206 0.89279043674469 0.826856791973114 0.723753273487091
-339999999999999996123846586046231871488.000000000000000 -3.4e+38 -3.4e+38 -3.4e+38 -3.4e+38 -3.4e+38 -3.4e+38 -3.4e+38 -3.4e+38 -3.4e+38 -3.4e+38 -3.4e+38 -3.4e+38 0.755214214324951 0.845195949077606 0.953129231929779 0.98600709438324 0.990069508552551 0.988012313842773 0.964492797851562 0.984814643859863 0.823351442813873 0.458758383989334 0.459379136562347 0.216472089290619 0.178630694746971 0.208564206957817 0.265533208847046 0.35801437497139 0.569739401340485 0.724009931087494 0.898765683174133 0.928967595100403 0.894080340862274 0.864072263240814 0.807436466217041 0.770643889904022
-3.4e+38 -3.4e+38 -3.4e+38 -3.4e+38 -3.4e+38 -3.4e+38 -3.4e+38 -3.4e+38 -3.4e+38 -3.4e+38 -3.4e+38 -3.4e+38 -3.4e+38 0.689012229442596 0.879540860652924 0.98484879732132 0.991496801376343 0.987535297870636 0.972144424915314 0.944827795028687 0.877225995063782 0.681828558444977 0.450208991765976 0.326334923505783 0.216553315520287 0.205667093396187 0.206792712211609 0.281655311584473 0.326178014278412 0.468062102794647 0.892118573188782 0.918779969215393 0.919905602931976 0.874474227428436 0.866300582885742 0.793452024459839 0.692434430122375
-3.4e+38 -3.4e+38 -3.4e+38 -3.4e+38 -3.4e+38 -3.4e+38 -3.4e+38 -3.4e+38 -3.4e+38 -3.4e+38 -3.4e+38 -3.4e+38 0.491049140691757 0.747046232223511 0.949117064476013 0.987925291061401 0.991646826267242 0.991259813308716 0.972075462341309 0.942275822162628 0.901626944541931 0.672339856624603 0.482075721025467 0.334128051996231 0.291510075330734 0.26988011598587 0.284566313028336 0.343490540981293 0.454354345798492 0.559288859367371 0.885903775691986 0.921702980995178 0.899114012718201 0.878537476062775 0.743271589279175 0.705216646194458 0.703108668327332
-3.4e+38 -3.4e+38 -3.4e+38 -3.4e+38 -3.4e+38 -3.4e+38 -3.4e+38 -3.4e+38 -3.4e+38 -3.4e+38 -3.4e+38 -3.4e+38 0.528299391269684 0.703252613544464 0.903370141983032 0.990083277225494 0.989827454090118 0.989169955253601 0.945702791213989 0.875573873519897 0.817584574222565 0.708124339580536 0.448629528284073 0.342301100492477 0.369004726409912 0.323331564664841 0.358848750591278 0.442306697368622 0.533100187778473 0.792370676994324 0.927074730396271 0.925914347171783 0.921903908252716 0.88158905506134 0.730656504631042 0.7215416431427 0.719712734222412
-3.4e+38 -3.4e+38 -3.4e+38 -3.4e+38 -3.4e+38 -3.4e+38 -3.4e+38 -3.4e+38 -3.4e+38 -3.4e+38 -3.4e+38 -3.4e+38 0.686654031276703 0.807241439819336 0.969106614589691 0.988138616085052 0.977382004261017 0.957410335540771 0.912653982639313 0.765867471694946 0.78665554523468 0.667420864105225 0.409450322389603 0.401127606630325 0.372636646032333 0.332384079694748 0.339730769395828 0.483734369277954 0.681112706661224 0.735528588294983 0.908973753452301 0.825487315654755 0.903454184532166 0.81636917591095 0.855951249599457 0.791321575641632 0.71923565864563
-3.4e+38 -3.4e+38 -3.4e+38 -3.4e+38 -3.4e+38 -3.4e+38 -3.4e+38 -3.4e+38 -3.4e+38 -3.4e+38 -3.4e+38 -3.4e+38 0.841672241687775 0.927488327026367 0.997712075710297 0.997534155845642 0.971091508865356 0.882731914520264 0.811424136161804 0.711830258369446 0.614252388477325 0.570411622524261 0.391323983669281 0.385073035955429 0.322522938251495 0.299804121255875 0.313208699226379 0.566510558128357 0.923301100730896 0.928007662296295 0.929369330406189 0.920026898384094 0.84673023223877 0.865857362747192 0.841044008731842 0.753792703151703 0.624968647956848
-3.4e+38 -3.4e+38 -3.4e+38 -3.4e+38 -3.4e+38 -3.4e+38 -3.4e+38 -3.4e+38 -3.4e+38 -3.4e+38 -3.4e+38 0.830730795860291 0.961836159229279 0.998304665088654 0.998051464557648 0.982986569404602 0.903062880039215 0.840604662895203 0.674599587917328 0.586688280105591 0.560671508312225 0.483538806438446 0.397820174694061 0.395445138216019 0.341836243867874 0.335497677326202 0.37911182641983 0.628279387950897 0.762033522129059 0.946788430213928 0.937374889850616 0.918327927589417 0.872248530387878 0.853919565677643 0.788250327110291 0.778479874134064 0.687569200992584
-3.4e+38 -3.4e+38 -3.4e+38 -3.4e+38 -3.4e+38 -3.4e+38 -3.4e+38 -3.4e+38 -3.4e+38 -3.4e+38 0.80525803565979 0.970309734344482 0.994076490402222 0.998191833496094 0.996201276779175 0.939397990703583 0.771059811115265 0.687237083911896 0.56393826007843 0.517723143100739 0.515252828598022 0.499399662017822 0.47122049331665 0.391437411308289 0.364767670631409 0.356791943311691 0.519503653049469 0.625506997108459 0.905310988426208 0.928211569786072 0.871915638446808 0.889491319656372 0.89605987071991 0.758003234863281 0.679421007633209 0.701850235462189 0.636398673057556
