data/climate_estimation/maxent_output/Bomarea_dissitifolia.asc
NCOLS 46 
NROWS 130 
XLLCORNER -79.3333333333333 
YLLCORNER -10.8333333333333 
CELLSIZE 0.0833333333333332 
NODATA_value -3.4e+38 
[rows 95 to 113 of 130, columns 0 to 43 of 46]
0.000537600368261337 0.000806736585218459 0.000815338804386556 0.000906517379917204 0.00179638038389385 0.00192153139505535 0.00192507833708078 0.0103704305365682 0.0391097888350487 0.0612371824681759 0.132493883371353 0.192931935191154 0.16372649371624 0.171114534139633 0.229633152484894 0.177614375948906 0.191977053880692 0.193553522229195 0.202260568737984 0.183125376701355 0.059786319732666 0.126446604728699 0.237833425402641 0.289931803941727 0.240014255046844 0.266652047634125 0.301035910844803 0.278068840503693 0.382267385721207 0.186851322650909 0.113927870988846 0.0367616005241871 0.102939918637276 0.139104902744293 0.151714295148849 0.0756316557526588 0.0954457670450211 0.0595605298876762 0.0776425749063492 0.0909419357776642 0.0966588854789734 0.0810620710253716 0.0245392508804798 0.0133274383842945
-3.4e+38 0.00069913367042318 0.000747454527299851 0.0012725240085274 0.00110403471626341 0.00149828044231981 0.00160559813957661 0.00546346046030521 0.0818061381578445 0.102510094642639 0.0988528728485107 0.158110857009888 0.149912133812904 0.174604043364525 0.143604144454002 0.18977989256382 0.157535791397095 0.172898516058922 0.179799526929855 0.123707257211208 0.0762570425868034 0.193326488137245 0.233016923069954 0.27665963768959 0.266074687242508 0.2682746052742 0.287008881568909 0.262391746044159 0.311701238155365 0.389394462108612 0.136301174759865 0.0557466298341751 0.0403367057442665 0.116872623562813 0.154748305678368 0.143936768174171 0.116287223994732 0.0491754338145256 0.168473064899445 0.123216025531292 0.105894684791565 0.108930967748165 0.0157090816646814 0.0121186282485723
-3.4e+38 -3.4e+38 0.00105586973950267 0.00111817661672831 0.0014474606141448 0.00120673305355012 0.00220622355118394 0.0144023941829801 0.0940329283475876 0.0976160690188408 0.0696206390857697 0.141551837325096 0.120773993432522 0.142656087875366 0.103126034140587 0.0917289853096008 0.175239488482475 0.161503702402115 0.149765506386757 0.170858725905418 0.0653722360730171 0.154425323009491 0.211215600371361 0.216213315725327 0.238716036081314 0.177849277853966 0.176795423030853 0.239594295620918 0.370882332324982 0.258812069892883 0.210832074284554 0.0970149859786034 0.0349112749099731 0.03568459674716 0.0638583227992058 0.139406368136406 0.111714988946915 0.0833970904350281 0.0900500193238258 0.160277038812637 0.126088380813599 0.0662447661161423 0.0219120737165213 0.0121439415961504
-3.4e+38 -3.4e+38 -3.4e+38 0.00105799827724695 0.00136825873050839 0.0013242339482531 0.00184517842717469 0.00302126118913293 0.0208228025585413 0.0219497419893742 0.0414187610149384 0.112139783799648 0.118014231324196 0.13867124915123 0.0561180151998997 0.0620913878083229 0.0560488179326057 0.13836407661438 0.139761790633202 0.155552804470062 0.156928107142448 0.0959139466285706 0.141344964504242 0.1449014544487 0.192335426807404 0.211965590715408 0.194012105464935 0.201872229576111 0.333823412656784 0.328474193811417 0.399858802556992 0.225175753235817 0.0613565221428871 0.0320716574788094 0.0524566806852818 0.0840371698141098 0.107295982539654 0.120957255363464 0.0677590668201447 0.222224056720734 0.162280604243279 0.143054381012917 0.0756814256310463 0.0104561224579811
-339999999999999996123846586046231871488.000000000000000 -3.4e+38 -3.4e+38 -3.4e+38 0.000863469380419701 0.00149120984133333 0.00134086247999221 0.00201149424538016 0.00551739474758506 0.0120772970840335 0.0651423260569572 0.114280112087727 0.116960406303406 0.104775436222553 0.0208394378423691 0.0289959907531738 0.128046363592148 0.140302300453186 0.140969589352608 0.136520966887474 0.145301282405853 0.102135546505451 0.0945388898253441 0.199140176177025 0.198956355452538 0.224572330713272 0.217712551355362 0.188491493463516 0.239763289690018 0.256384015083313 0.367354452610016 0.239548146724701 0.0859949886798859 0.0321975648403168 0.0262388940900564 0.0324080288410187 0.050634577870369 0.151970058679581 0.160258591175079 0.2316724807024 0.296238929033279 0.167195484042168 0.0754733011126518 0.00964388344436884
-3.4e+38 -3.4e+38 -3.4e+38 -3.4e+38 0.00103916751686484 0.000829911674372852 0.00140939326956868 0.00141718704253435 0.0016709667397663 0.00306239142082632 0.0204655397683382 0.0879205018281937 0.108533374965191 0.0805095955729485 0.0147071518003941 0.0559140928089619 0.125565364956856 0.0973095297813416 0.109493345022202 0.140039876103401 0.159646108746529 0.0937625989317894 0.0645035430788994 0.101114556193352 0.192209184169769 0.233797699213028 0.228825122117996 0.236304089426994 0.235094130039215 0.264398664236069 0.30543252825737 0.364694148302078 0.195520266890526 0.0481464043259621 0.0232079979032278 0.0185375642031431 0.0200202595442533 0.0721131190657616 0.322826445102692 0.203463822603226 0.294462263584137 0.221953749656677 0.0545650571584702 0.00783879123628139
-3.4e+38 -3.4e+38 -3.4e+38 -3.4e+38 0.000825233408249915 0.000836530118249357 0.00115684745833278 0.000960182631388307 0.00162115541752428 0.00187890569213778 0.004944390617311 0.0274393279105425 0.0942546501755714 0.0313291512429714 0.0138607546687126 0.0745640695095062 0.0856269523501396 0.100583769381046 0.104551248252392 0.127435296773911 0.139482229948044 0.142170399427414 0.138413533568382 0.120815441012383 0.148334637284279 0.195987522602081 0.222167164087296 0.249060407280922 0.205826222896576 0.214295223355293 0.281477719545364 0.266997963190079 0.396863251924515 0.116250813007355 0.0277943573892117 0.0178471859544516 0.0248741526156664 0.0397170968353748 0.179379627108574 0.167561337351799 0.215860724449158 0.0593340545892715 0.0189706478267908 0.0130598936229944
-3.4e+38 -3.4e+38 -3.4e+38 -3.4e+38 -3.4e+38 0.000749076076317579 0.000732151151169091 0.000915810349397361 0.00132542080245912 0.00187309074681252 0.00357363326475024 0.00941192451864481 0.0360326059162617 0.0109016951173544 0.0223175548017025 0.077933169901371 0.104497618973255 0.120793268084526 0.133043199777603 0.111264012753963 0.139718249440193 0.134425520896912 0.104642428457737 0.114646762609482 0.09575504809618 0.137501791119576 0.201828554272652 0.231339156627655 0.245028853416443 0.25835919380188 0.26596662402153 0.273644357919693 0.349585443735123 0.151537179946899 0.0471370369195938 0.0297006238251925 0.0328977443277836 0.0517775341868401 0.0807171016931534 0.227889373898506 0.121041379868984 0.0331482850015163 0.0187620278447866 0.0254062302410603
-3.4e+38 -3.4e+38 -3.4e+38 -3.4e+38 -3.4e+38 -3.4e+38 0.000706796941813082 0.00126866949722171 0.000960034201852977 0.0017073821509257 0.00235040695406497 0.00359791028313339 0.00763569585978985 0.00804741494357586 0.0231785643845797 0.0265462789684534 0.0473327897489071 0.0480208061635494 0.0912823081016541 0.096388466656208 0.134189680218697 0.125241920351982 0.136428996920586 0.154430612921715 0.0900330767035484 0.18465667963028 0.194150403141975 0.214723542332649 0.20876407623291 0.209721565246582 0.181902214884758 0.23254719376564 0.350621372461319 0.333652168512344 0.117423750460148 0.0505537912249565 0.0238078646361828 0.0553901866078377 0.0357873812317848 0.199462056159973 0.155661448836327 0.0333536900579929 0.0153364110738039 0.0101557271555066
-3.4e+38 -3.4e+38 -3.4e+38 -3.4e+38 -3.4e+38 -3.4e+38 0.000665385974571109 0.000808350800070912 0.00146900152321905 0.00133749144151807 0.00178657996002585 0.00239232508465648 0.00596831785514951 0.0125584118068218 0.00845986418426037 0.0410335250198841 0.0152089782059193 0.0491419620811939 0.0670907720923424 0.0802846327424049 0.116089217364788 0.148075267672539 0.141000241041183 0.148474290966988 0.111658670008183 0.147276759147644 0.200950488448143 0.223220139741898 0.188927575945854 0.203596591949463 0.175571948289871 0.202058061957359 0.267259299755096 0.247986987233162 0.306309342384338 0.0648200958967209 0.0277507789433002 0.044290766119957 0.0222839619964361 0.255885004997253 0.232004001736641 0.0565047189593315 0.033470444381237 0.0165482815355062
-3.4e+38 -3.4e+38 -3.4e+38 -3.4e+38 -3.4e+38 -3.4e+38 0.000644400366581976 0.000661471101921052 0.000821831286884844 0.00150891742669046 0.0018746176501736 0.00274013611488044 0.00483113341033459 0.0161003712564707 0.0446008443832397 0.063140019774437 0.0668542981147766 0.0193890165537596 0.0880386158823967 0.0712317675352097 0.0699018985033035 0.110411830246449 0.150936469435692 0.138679370284081 0.166246801614761 0.100161276757717 0.184725433588028 0.206858739256859 0.215766742825508 0.240737617015839 0.270955801010132 0.257378935813904 0.338195413351059 0.277970343828201 0.375997722148895 0.193546414375305 0.0405278578400612 0.0221771728247404 0.0246734488755465 0.143133267760277 0.19888511300087 0.144005492329597 0.0510005503892899 0.0132737560197711
-3.4e+38 -3.4e+38 -3.4e+38 -3.4e+38 -3.4e+38 -3.4e+38 -3.4e+38 0.000632040610071272 0.000686614017467946 0.00118857040069997 0.00135451171081513 0.00192301883362234 0.00267970864661038 0.00855550915002823 0.0664055719971657 0.0634642466902733 0.0628602281212807 0.0496768802404404 0.072597935795784 0.0466940328478813 0.0572736114263535 0.0820445343852043 0.129861250519753 0.123883716762066 0.155088618397713 0.122740298509598 0.137806385755539 0.182589113712311 0.212518647313118 0.268045008182526 0.271730959415436 0.289404153823853 0.193668857216835 0.178885862231255 0.229103773832321 0.285711139440536 0.0561919398605824 0.0251316875219345 0.0170607212930918 0.0605293624103069 0.232985138893127 0.17787566781044 0.0221697576344013 0.0071551282890141
-3.4e+38 -3.4e+38 -3.4e+38 -3.4e+38 -3.4e+38 -3.4e+38 -3.4e+38 0.000550419266801327 0.00060817738994956 0.000671902904286981 0.000930521287955344 0.00153283646795899 0.0030936268158257 0.00816457718610764 0.0140833221375942 0.0476769283413887 0.0506162382662296 0.0546394921839237 0.0676929727196693 0.0462494939565659 0.0495178364217281 0.0752282813191414 0.132684141397476 0.11918306350708 0.116492502391338 0.118202805519104 0.0877363681793213 0.141680091619492 0.224926516413689 0.250196486711502 0.243600651621819 0.192925810813904 0.152826055884361 0.133867144584656 0.200499206781387 0.30132594704628 0.074442446231842 0.038238912820816 0.0109100509434938 0.0505039915442467 0.152030915021896 0.269720256328583 0.0767279788851738 0.0213503800332546
-3.4e+38 -3.4e+38 -3.4e+38 -3.4e+38 -3.4e+38 -3.4e+38 -3.4e+38 0.000542729336302727 0.000474235799629241 0.000745667377486825 0.000881234009284526 0.00127995852380991 0.00218608439899981 0.00341808330267668 0.00442710937932134 0.029079282656312 0.0631468743085861 0.0735372081398964 0.0407257750630379 0.0717009305953979 0.054239746183157 0.0658470392227173 0.115997008979321 0.124849140644073 0.152234598994255 0.159208193421364 0.18535415828228 0.134064555168152 0.144089996814728 0.219613239169121 0.275748610496521 0.186900392174721 0.132704764604568 0.132418051362038 0.16412279009819 0.287849575281143 0.133548989892006 0.0575310252606869 0.0176915600895882 0.0090019078925252 0.129804655909538 0.246519818902016 0.0789159759879112 0.030839255079627
-3.4e+38 -3.4e+38 -3.4e+38 -3.4e+38 -3.4e+38 -3.4e+38 -3.4e+38 -3.4e+38 0.000685520877595991 0.000699230178724974 0.000601539213676006 0.000698185118380934 0.00165238638874143 0.00196623895317316 0.00328144361265004 0.0110398940742016 0.0633978247642517 0.0664149820804596 0.0544792860746384 0.09254290163517 0.0707954317331314 0.0540281869471073 0.0628894120454788 0.141429454088211 0.153309464454651 0.116402953863144 0.158220902085304 0.180437818169594 0.115308128297329 0.19461216032505 0.188317805528641 0.252738296985626 0.109429463744164 0.160564839839935 0.157263860106468 0.140142545104027 0.206841126084328 0.104095228016376 0.0360292159020901 0.0047581666149199 0.0102530885487795 0.111148476600647 0.174050703644753 0.0457328669726849
-3.4e+38 -3.4e+38 -3.4e+38 -3.4e+38 -3.4e+38 -3.4e+38 -3.4e+38 -3.4e+38 0.000503920309711248 0.000653525290545076 0.000890044844709337 0.000999698298983276 0.00122736440971494 0.00205952068790793 0.00392263708636165 0.0210134033113718 0.0697121396660805 0.041409470140934 0.0798578336834908 0.0774658545851707 0.119286820292473 0.0601196140050888 0.0757837370038033 0.106170654296875 0.0822794213891029 0.1080012768507 0.11966846883297 0.164629533886909 0.151066482067108 0.215440168976784 0.243698805570602 0.238542556762695 0.162705019116402 0.0903936922550201 0.14931745827198 0.235768213868141 0.146728575229645 0.0675189793109894 0.0482104830443859 0.0108950957655907 0.00443696929141879 0.048975083976984 0.193751692771912 0.141717046499252
-3.4e+38 -3.4e+38 -3.4e+38 -3.4e+38 -3.4e+38 -3.4e+38 -3.4e+38 -3.4e+38 -3.4e+38 0.000457157875644043 0.000522089016158134 0.000734722649212927 0.00120014802087098 0.00200708024203777 0.00449153687804937 0.0112826842814684 0.061094306409359 0.0475730635225773 0.0405014827847481 0.0965452715754509 0.0869777873158455 0.109345048666 0.0638350397348404 0.0677954703569412 0.0769790634512901 0.141349539160728 0.158901005983353 0.165337413549423 0.186376303434372 0.180813387036324 0.227950662374496 0.265602707862854 0.23341178894043 0.11431435495615 0.143528521060944 0.217967003583908 0.170766085386276 0.213318735361099 0.0760849490761757 0.0220026504248381 0.0177073236554861 0.0241281576454639 0.146760255098343 0.152095273137093
-3.4e+38 -3.4e+38 -3.4e+38 -3.4e+38 -3.4e+38 -3.4e+38 -3.4e+38 -3.4e+38 -3.4e+38 -3.4e+38 0.000581103551667184 0.000838585663586855 0.00115303345955908 0.0015864297747612 0.00205302471294999 0.0109841721132398 0.0595660321414471 0.0600038394331932 0.0416165739297867 0.0406956970691681 0.106811389327049 0.118296399712563 0.0630676224827766 0.0630237460136414 0.0819701626896858 0.145464211702347 0.144638106226921 0.176935389637947 0.175436764955521 0.187222540378571 0.248492673039436 0.277834892272949 0.316452652215958 0.14317399263382 0.105252183973789 0.110546864569187 0.226654678583145 0.124563619494438 0.201512768864632 0.178814500570297 0.0944576412439346 0.181619390845299 0.113839507102966 0.172327533364296
-3.4e+38 -3.4e+38 -3.4e+38 -3.4e+38 -3.4e+38 -3.4e+38 -3.4e+38 -3.4e+38 -3.4e+38 -3.4e+38 0.000565246271435171 0.00049571436829865 0.000911149138119072 0.00116159382741898 0.00218300940468907 0.00410374673083425 0.0127233741804957 0.0415233969688416 0.0625148415565491 0.0513704195618629 0.0599945150315762 0.123558051884174 0.0721072480082512 0.0650486797094345 0.0732718035578728 0.14300049841404 0.159805625677109 0.155271485447884 0.169181555509567 0.21315523982048 0.235206067562103 0.245777636766434 0.279483944177628 0.30524742603302 0.338162302970886 0.300244450569153 0.354857712984085 0.102237805724144 0.10583221912384 0.147331044077873 0.122366294264793 0.0846115276217461 0.135088503360748 0.0968000367283821
