data/climate_estimation/maxent_output/Bomarea_superba.asc
NCOLS 135 
NROWS 125 
XLLCORNER -79.0833333333333 
YLLCORNER -16.4166666666667 
CELLSIZE 0.0833333333333333 
NODATA_value -3.4e+38 
[rows 84 to 104 of 125, columns 46 to 91 of 135]
0.999999463558197 0.999999940395355 1 0.999998688697815 0.999999046325684 0.999483644962311 0.999419212341309 0.999908804893494 0.999329149723053 0.972322225570679 0.930724680423737 0.908023655414581 0.91485583782196 0.964675784111023 0.996688306331635 0.90313720703125 0.966649889945984 0.991531014442444 0.942053139209747 0.872483670711517 0.680390298366547 0.68476527929306 0.799736082553864 0.894536912441254 0.883201420307159 0.820442199707031 0.9452845454216 0.937467455863953 0.813683331012726 0.684239447116852 0.60742861032486 0.575125575065613 0.746153771877289 0.832082986831665 0.969605147838593 0.972725212574005 0.992124319076538 0.986772298812866 0.98022586107254 0.981512486934662 0.983194172382355 0.986630082130432 0.982540488243103 0.727512240409851 0.237510308623314 0.0959696695208549
0.999999940395355 0.999999940395355 0.999999940395355 0.99999988079071 0.999999761581421 0.999999284744263 0.999979197978973 0.999832451343536 0.999947428703308 0.994610071182251 0.942703425884247 0.914452612400055 0.898405373096466 0.89487099647522 0.986657857894897 0.964928984642029 0.885392069816589 0.920157134532928 0.969931066036224 0.97564697265625 0.805809199810028 0.703869819641113 0.726636826992035 0.716317117214203 0.869716703891754 0.975616872310638 0.993239045143127 0.966765224933624 0.972663104534149 0.985430061817169 0.973144173622131 0.616354882717133 0.850027799606323 0.978555381298065 0.983412146568298 0.992501258850098 0.990962266921997 0.987171828746796 0.977008044719696 0.984071791172028 0.98540723323822 0.977323710918427 0.990263760089874 0.988360166549683 0.926641464233398 0.301131188869476
0.999999821186066 0.999999940395355 0.99999988079071 0.999999761581421 0.999999761581421 0.999998927116394 0.999988377094269 0.999981760978699 0.99997752904892 0.997487246990204 0.964112460613251 0.960990190505981 0.892833948135376 0.885118246078491 0.896007776260376 0.993462920188904 0.914993047714233 0.85095089673996 0.861926138401031 0.984757781028748 0.975763499736786 0.812755405902863 0.751657068729401 0.894675195217133 0.988547682762146 0.997684180736542 0.998755395412445 0.996740579605103 0.998632371425629 0.998463749885559 0.983944654464722 0.804792046546936 0.873286306858063 0.939825177192688 0.96974790096283 0.979825675487518 0.982302665710449 0.990616917610168 0.99043881893158 0.991848230361938 0.98208224773407 0.972038924694061 0.978128015995026 0.988494634628296 0.980702519416809 0.948924720287323
0.999995648860931 0.999999463558197 0.999995470046997 0.999996244907379 0.999998152256012 0.999999642372131 0.999999344348907 0.999993801116943 0.999856650829315 0.995939075946808 0.952711462974548 0.989477157592773 0.975400805473328 0.989779651165009 0.962160766124725 0.977003574371338 0.9419926404953 0.856253445148468 0.849878311157227 0.847206950187683 0.976489961147308 0.992032468318939 0.815107762813568 0.767271459102631 0.914630949497223 0.9975625872612 0.995851933956146 0.97713041305542 0.98750114440918 0.999180495738983 0.98914635181427 0.958000183105469 0.993192493915558 0.983159363269806 0.990934312343597 0.978127062320709 0.951411783695221 0.966359734535217 0.975228786468506 0.974794268608093 0.971699118614197 0.963860332965851 0.960333347320557 0.976382553577423 0.95835930109024 0.974668383598328
0.999981284141541 0.999998092651367 0.999998986721039 0.999958634376526 0.999990344047546 0.999998807907104 0.999998152256012 0.999992370605469 0.99988853931427 0.99400782585144 0.939748346805573 0.9607173204422 0.994838654994965 0.996834516525269 0.994151175022125 0.989588797092438 0.885383307933807 0.908650934696198 0.935869514942169 0.854355096817017 0.83522093296051 0.919736862182617 0.937675297260284 0.821115672588348 0.856210350990295 0.935320556163788 0.93984192609787 0.781535446643829 0.89420622587204 0.984649002552032 0.99623829126358 0.995018124580383 0.995619058609009 0.986932814121246 0.991674065589905 0.980662882328033 0.945281445980072 0.939285397529602 0.954489946365356 0.960745453834534 0.954864323139191 0.953959226608276 0.949610710144043 0.957499146461487 0.957953691482544 0.948115706443787
0.999690473079681 0.999971091747284 0.999992430210114 0.999900043010712 0.999374747276306 0.99990850687027 0.999997496604919 0.999980688095093 0.99992561340332 0.998166918754578 0.985566318035126 0.987191319465637 0.955657422542572 0.938471376895905 0.985442817211151 0.972266376018524 0.87027508020401 0.887654483318329 0.994747638702393 0.95922315120697 0.949761569499969 0.830539762973785 0.829308569431305 0.825748026371002 0.833890378475189 0.794585466384888 0.858972489833832 0.972123265266418 0.90954464673996 0.867918789386749 0.96691620349884 0.942041456699371 0.92906254529953 0.898474156856537 0.945606410503387 0.944206893444061 0.918909847736359 0.923251390457153 0.934661865234375 0.945323169231415 0.945974826812744 0.943718791007996 0.943560838699341 0.938667774200439 0.942932665348053 0.934956610202789
0.999740362167358 0.999937295913696 0.999981939792633 0.999658465385437 0.997860193252563 0.985757827758789 0.994503736495972 0.96566766500473 0.997576713562012 0.995506286621094 0.993789911270142 0.987937033176422 0.912203907966614 0.897801578044891 0.934346675872803 0.99473112821579 0.91444331407547 0.873021006584167 0.924335479736328 0.989432692527771 0.96251255273819 0.872277617454529 0.924761950969696 0.957469582557678 0.903776347637177 0.954187273979187 0.869199454784393 0.986882567405701 0.984200417995453 0.949704647064209 0.894580543041229 0.823835432529449 0.822388589382172 0.899072527885437 0.951474130153656 0.95436304807663 0.929213285446167 0.945124566555023 0.921857059001923 0.899178802967072 0.906729459762573 0.932294011116028 0.924903750419617 0.921288013458252 0.916635513305664 0.91024523973465
0.999121129512787 0.99972128868103 0.999718606472015 0.998267233371735 0.995944023132324 0.994779050350189 0.991267204284668 0.999401271343231 0.967132151126862 0.986186563968658 0.961570084095001 0.91116601228714 0.889776945114136 0.900875449180603 0.939108788967133 0.93535315990448 0.969950914382935 0.867886185646057 0.931369423866272 0.995207965373993 0.995373606681824 0.92102974653244 0.955138564109802 0.939767062664032 0.942137777805328 0.949672043323517 0.938569009304047 0.918977558612823 0.9350625872612 0.980255782604218 0.983445823192596 0.936951100826263 0.924617886543274 0.913983047008514 0.921782255172729 0.905870139598846 0.919707357883453 0.95092099905014 0.902214586734772 0.906871557235718 0.912963509559631 0.910986125469208 0.9221271276474 0.902734518051147 0.880513668060303 0.900988519191742
0.997768759727478 0.998181998729706 0.999636054039001 0.999391436576843 0.999363720417023 0.999566256999969 0.999731123447418 0.999806642532349 0.999129414558411 0.998858690261841 0.997235655784607 0.950720846652985 0.993113934993744 0.948661863803864 0.899709224700928 0.934916496276855 0.980157792568207 0.943528175354004 0.864680111408234 0.886740326881409 0.965848863124847 0.973610162734985 0.965260624885559 0.995703458786011 0.997745335102081 0.993410706520081 0.983904302120209 0.923941016197205 0.946832478046417 0.992717206478119 0.99002081155777 0.975284457206726 0.967210173606873 0.903393447399139 0.906254053115845 0.883748412132263 0.878690779209137 0.912150382995605 0.900249481201172 0.876993119716644 0.881028711795807 0.882901966571808 0.88984090089798 0.886438012123108 0.874509453773499 0.882223606109619
0.983589947223663 0.989587128162384 0.997973382472992 0.998966813087463 0.997638404369354 0.999801158905029 0.99991762638092 0.99987930059433 0.999050080776215 0.991134881973267 0.961099863052368 0.98384428024292 0.998109817504883 0.995720148086548 0.977838754653931 0.902471423149109 0.950363636016846 0.875678598880768 0.910157203674316 0.955329835414886 0.97460675239563 0.97979348897934 0.992089986801147 0.998243749141693 0.998967707157135 0.997173070907593 0.975785493850708 0.919214904308319 0.952197968959808 0.954158425331116 0.983192682266235 0.984006822109222 0.929195821285248 0.906219005584717 0.939542412757874 0.942608594894409 0.917515516281128 0.880766451358795 0.878251075744629 0.871744751930237 0.870004773139954 0.869002640247345 0.910693883895874 0.861449539661407 0.848000764846802 0.869643867015839
0.976898670196533 0.982116043567657 0.995072245597839 0.995804488658905 0.989415168762207 0.999477982521057 0.999569177627563 0.999637603759766 0.998893022537231 0.994254469871521 0.956429123878479 0.959682703018188 0.992146670818329 0.996286451816559 0.996629536151886 0.964273631572723 0.91599315404892 0.896638154983521 0.884207189083099 0.991051495075226 0.996654510498047 0.998412787914276 0.998457729816437 0.997604429721832 0.996087670326233 0.975067317485809 0.918481290340424 0.937174439430237 0.964863836765289 0.962732493877411 0.983331322669983 0.974126696586609 0.945067167282104 0.895883619785309 0.945821285247803 0.96482527256012 0.931011021137238 0.881255865097046 0.866665840148926 0.861791968345642 0.838895440101624 0.833774030208588 0.835579514503479 0.846141755580902 0.845910787582397 0.859152376651764
0.983854472637177 0.989051163196564 0.951833367347717 0.967086017131805 0.98931759595871 0.998677492141724 0.997876048088074 0.998283088207245 0.998766541481018 0.998633801937103 0.980126619338989 0.967830896377563 0.995206713676453 0.997549116611481 0.997265040874481 0.974957585334778 0.88578873872757 0.974538266658783 0.941597163677216 0.918740808963776 0.98701536655426 0.997259676456451 0.998214185237885 0.994093239307404 0.932044565677643 0.916060984134674 0.952944219112396 0.983765184879303 0.951368033885956 0.991522371768951 0.987963497638702 0.972134947776794 0.899830102920532 0.912623643875122 0.947705149650574 0.939282357692719 0.876546263694763 0.851912140846252 0.821462154388428 0.827429950237274 0.812574148178101 0.802515804767609 0.805973827838898 0.776688933372498 0.800463795661926 0.829875469207764
0.933431148529053 0.953632891178131 0.810569643974304 0.941247344017029 0.990553617477417 0.997051179409027 0.995158553123474 0.993072807788849 0.988598525524139 0.992892503738403 0.989626884460449 0.987122058868408 0.995933175086975 0.997970402240753 0.997450590133667 0.97054260969162 0.910425782203674 0.989225745201111 0.993517518043518 0.877317070960999 0.976736903190613 0.995515525341034 0.996988475322723 0.929238975048065 0.907055616378784 0.969188988208771 0.993387222290039 0.985284924507141 0.987348437309265 0.990554511547089 0.964384019374847 0.922502160072327 0.913538873195648 0.944248139858246 0.944916725158691 0.909949541091919 0.853142201900482 0.829568088054657 0.819028794765472 0.845732390880585 0.82772022485733 0.797970533370972 0.776697158813477 0.803388893604279 0.767003536224365 0.763308703899384
0.839933037757874 0.822023391723633 0.677894353866577 0.930956184864044 0.994176208972931 0.997351050376892 0.995644807815552 0.991545677185059 0.988451659679413 0.992064535617828 0.987521111965179 0.985847413539886 0.987089216709137 0.988933861255646 0.983817160129547 0.968899428844452 0.944388210773468 0.981266796588898 0.986839294433594 0.939872622489929 0.969043672084808 0.992178678512573 0.987923443317413 0.921493113040924 0.966444611549377 0.956332623958588 0.991604447364807 0.993182361125946 0.991224944591522 0.97366589307785 0.924368321895599 0.902199864387512 0.944246709346771 0.954439103603363 0.923447966575623 0.866032421588898 0.841079354286194 0.849402666091919 0.81242424249649 0.86272269487381 0.794720232486725 0.808981657028198 0.735987901687622 0.744011342525482 0.722614407539368 0.714844942092896
0.751935422420502 0.632163941860199 0.704679608345032 0.938303351402283 0.975872218608856 0.990017950534821 0.993288099765778 0.992807924747467 0.994495749473572 0.984562814235687 0.984451591968536 0.988295137882233 0.983759462833405 0.973811089992523 0.95978569984436 0.931659460067749 0.972602188587189 0.98801463842392 0.971112251281738 0.948231816291809 0.921807646751404 0.970715343952179 0.972454488277435 0.936252772808075 0.976043283939362 0.922095417976379 0.944356501102448 0.970486640930176 0.988645851612091 0.974336326122284 0.964049279689789 0.901648104190826 0.95528382062912 0.973426043987274 0.911685764789581 0.884601652622223 0.836564123630524 0.795764267444611 0.75786554813385 0.797255754470825 0.719002425670624 0.764676988124847 0.728114902973175 0.7030189037323 0.699671924114227 0.695348858833313
0.634322345256805 0.493379890918732 0.724593460559845 0.887335658073425 0.938433587551117 0.957328140735626 0.98750901222229 0.986455738544464 0.990965247154236 0.982521057128906 0.986039996147156 0.988760590553284 0.989957511425018 0.987236738204956 0.964751064777374 0.937198340892792 0.978829801082611 0.994662702083588 0.98841404914856 0.951730608940125 0.923794031143188 0.914154887199402 0.953763961791992 0.922462642192841 0.930811882019043 0.983194351196289 0.970759272575378 0.939992487430573 0.974993526935577 0.978528022766113 0.97818398475647 0.969589650630951 0.924299001693726 0.9624342918396 0.958421528339386 0.887270510196686 0.83083301782608 0.785054981708527 0.721459925174713 0.724224925041199 0.644626080989838 0.69475781917572 0.642088115215302 0.634145617485046 0.680360734462738 0.689324259757996
0.436322569847107 0.321509301662445 0.589694619178772 0.690011620521545 0.864000916481018 0.936521649360657 0.940835416316986 0.947556138038635 0.978632092475891 0.98004561662674 0.985879123210907 0.976455450057983 0.983803689479828 0.97513622045517 0.978307843208313 0.925670981407166 0.915715038776398 0.979241371154785 0.982764899730682 0.980299532413483 0.969823479652405 0.949257731437683 0.955229163169861 0.977120161056519 0.933684766292572 0.946003377437592 0.979292333126068 0.930310189723969 0.935156404972076 0.948903799057007 0.982769131660461 0.978825330734253 0.949165463447571 0.943612277507782 0.946829736232758 0.912003517150879 0.810916185379028 0.765081346035004 0.731689512729645 0.689829885959625 0.674619257450104 0.763174414634705 0.743855834007263 0.637001752853394 0.715114653110504 0.630502104759216
0.216182336211205 0.273428171873093 0.477570056915283 0.708307802677155 0.871379435062408 0.915942549705505 0.86439049243927 0.920567393302917 0.954400539398193 0.972346067428589 0.96748274564743 0.937989354133606 0.968053638935089 0.962185680866241 0.958249390125275 0.924615502357483 0.985403895378113 0.934665501117706 0.957627475261688 0.978704869747162 0.982081472873688 0.976906478404999 0.964403450489044 0.954534828662872 0.92363041639328 0.971612691879272 0.975465953350067 0.967698693275452 0.958253979682922 0.954043686389923 0.97242283821106 0.974116206169128 0.966257512569427 0.963646471500397 0.958805084228516 0.932559788227081 0.860855579376221 0.769608676433563 0.772278189659119 0.736344158649445 0.695339143276215 0.747514963150024 0.741195321083069 0.811788618564606 0.719165921211243 0.606457889080048
0.221317052841187 0.262210488319397 0.448103159666061 0.556764364242554 0.678073287010193 0.75881028175354 0.887143313884735 0.938675343990326 0.946104168891907 0.962913990020752 0.934702455997467 0.898518681526184 0.944998264312744 0.955574333667755 0.963521420955658 0.965376436710358 0.979237675666809 0.963255345821381 0.952974736690521 0.980955421924591 0.979746520519257 0.972261548042297 0.935063481330872 0.900250971317291 0.933610081672668 0.979256868362427 0.979289174079895 0.975534319877625 0.969557166099548 0.975597858428955 0.976594030857086 0.975018799304962 0.977829933166504 0.977019548416138 0.948628783226013 0.913801193237305 0.851044237613678 0.788417518138885 0.852707803249359 0.793252289295197 0.718291461467743 0.763950526714325 0.825255632400513 0.850942015647888 0.759070456027985 0.599984705448151
0.206261411309242 0.218627870082855 0.21668304502964 0.328238666057587 0.572077572345734 0.857973456382751 0.920885980129242 0.93462872505188 0.935741782188416 0.935542941093445 0.942660331726074 0.898390173912048 0.891308784484863 0.862443923950195 0.888781309127808 0.953907251358032 0.960914552211761 0.969773471355438 0.96381151676178 0.954345107078552 0.962588787078857 0.951044976711273 0.964298486709595 0.952504575252533 0.940465033054352 0.972140491008759 0.981184959411621 0.973167300224304 0.976601004600525 0.988810539245605 0.978987991809845 0.986610591411591 0.985294699668884 0.989177167415619 0.970595419406891 0.912798166275024 0.910212516784668 0.882271528244019 0.816967666149139 0.77977180480957 0.819322168827057 0.861711323261261 0.859417617321014 0.734182298183441 0.664112627506256 0.610313534736633
0.165477529168129 0.212147638201714 0.226433888077736 0.294503509998322 0.559705197811127 0.754799962043762 0.884934902191162 0.920705735683441 0.923108577728271 0.923125267028809 0.922592043876648 0.919403851032257 0.877286016941071 0.879847407341003 0.793535530567169 0.904005765914917 0.938133597373962 0.972518861293793 0.982906997203827 0.917997896671295 0.868119657039642 0.910064816474915 0.942691206932068 0.961962401866913 0.968949019908905 0.976294159889221 0.976909756660461 0.982287287712097 0.987890362739563 0.987445890903473 0.988593339920044 0.984571933746338 0.980955421924591 0.984159469604492 0.975455760955811 0.953384876251221 0.93628716468811 0.91350919008255 0.854279339313507 0.847482740879059 0.89752721786499 0.863898634910583 0.785558819770813 0.666119754314423 0.638023793697357 0.584504008293152
