data/climate_estimation/maxent_output/Bomarea_linifolia.asc
NCOLS 72 
NROWS 123 
XLLCORNER -78.9166666666667 
YLLCORNER -3.41666666666667 
CELLSIZE 0.0833333333333333 
NODATA_value -3.4e+38 
[rows 38 to 56 of 123, columns 0 to 42 of 72]
-3.4e+38 -3.4e+38 -3.4e+38 -3.4e+38 -3.4e+38 -3.4e+38 -3.4e+38 -3.4e+38 -3.4e+38 -3.4e+38 -3.4e+38 -3.4e+38 -3.4e+38 -3.4e+38 -3.4e+38 -3.4e+38 -3.4e+38 -3.4e+38 -3.4e+38 -3.4e+38 0.478246986865997 0.431807816028595 0.271337330341339 0.0542154535651207 0.0240939576178789 0.0594850704073906 0.062273696064949 0.0723505690693855 0.0899392664432526 0.02263811416924 0.0177912283688784 0.0196122881025076 0.0344130620360374 0.263979434967041 0.705029010772705 0.796183347702026 0.76911985874176 0.750789284706116 0.685533702373505 0.147228047251701 0.00744292326271534 0.00298550492152572 0.00110441434662789
-3.4e+38 -3.4e+38 -3.4e+38 -3.4e+38 -3.4e+38 -3.4e+38 -3.4e+38 -3.4e+38 -3.4e+38 -3.4e+38 -3.4e+38 -3.4e+38 -3.4e+38 -3.4e+38 -3.4e+38 -3.4e+38 -3.4e+38 -3.4e+38 0.385128915309906 0.43566307425499 0.392431050539017 0.292954951524734 0.110953159630299 0.0352153442800045 0.0304856821894646 0.0397684834897518 0.0886995494365692 0.11039212346077 0.061645146459341 0.0150526743382215 0.01197942905128 0.0131304496899247 0.0314634069800377 0.451540499925613 0.810340762138367 0.815443336963654 0.795481324195862 0.659966945648193 0.171817451715469 0.0384267009794712 0.0112666906788945 0.00902791041880846 0.00237498339265585
-3.4e+38 -3.4e+38 -3.4e+38 -3.4e+38 -3.4e+38 -3.4e+38 -3.4e+38 -3.4e+38 -3.4e+38 -3.4e+38 -3.4e+38 -3.4e+38 -3.4e+38 -3.4e+38 -3.4e+38 -3.4e+38 -3.4e+38 -3.4e+38 0.361047029495239 0.362853020429611 0.334166646003723 0.260612428188324 0.0760691240429878 0.0358768180012703 0.0512367263436317 0.0844057351350784 0.30956295132637 0.115782044827938 0.0213413555175066 0.012468216009438 0.0113295027986169 0.0102174878120422 0.0366207845509052 0.584883868694305 0.829404771327972 0.793676495552063 0.705712258815765 0.351577043533325 0.0616590343415737 0.0198032166808844 0.00510573666542768 0.0111279850825667 0.00650833686813712
-3.4e+38 -3.4e+38 -3.4e+38 -3.4e+38 -3.4e+38 -3.4e+38 -3.4e+38 -3.4e+38 -3.4e+38 -3.4e+38 -3.4e+38 -3.4e+38 -3.4e+38 -3.4e+38 -3.4e+38 -3.4e+38 -3.4e+38 0.321681350469589 0.340965777635574 0.333036482334137 0.269425123929977 0.224698141217232 0.0598394945263863 0.0423796102404594 0.167918890714645 0.329550832509995 0.787402272224426 0.163704663515091 0.0153106385841966 0.0130840707570314 0.0130122313275933 0.0138982385396957 0.0268935579806566 0.706730246543884 0.841047346591949 0.81619256734848 0.759902834892273 0.374697625637054 0.139985933899879 0.0271860789507627 0.0453284978866577 0.0354674085974693 0.00723774032667279
-3.4e+38 -3.4e+38 -3.4e+38 -3.4e+38 -3.4e+38 -3.4e+38 -3.4e+38 -3.4e+38 -3.4e+38 -3.4e+38 -3.4e+38 -3.4e+38 -3.4e+38 -3.4e+38 -3.4e+38 -3.4e+38 0.284124165773392 0.319724947214127 0.33143937587738 0.326893776655197 0.269442439079285 0.196128711104393 0.068219393491745 0.0913753286004066 0.216871529817581 0.65868467092514 0.75949615240097 0.0936011448502541 0.0151910120621324 0.0137833971530199 0.0141844591125846 0.0153201604261994 0.024082362651825 0.686906218528748 0.845736622810364 0.807360053062439 0.632910192012787 0.199239671230316 0.228112891316414 0.042494997382164 0.10132797062397 0.0367555916309357 0.00855707656592131
-3.4e+38 -3.4e+38 -3.4e+38 -3.4e+38 -3.4e+38 -3.4e+38 -3.4e+38 -3.4e+38 -3.4e+38 -3.4e+38 -3.4e+38 -3.4e+38 -3.4e+38 -3.4e+38 -3.4e+38 -3.4e+38 0.283854931592941 0.329430490732193 0.375034064054489 0.389254003763199 0.339178621768951 0.238215461373329 0.0664448142051697 0.0519255176186562 0.0537121035158634 0.353989243507385 0.183150351047516 0.030839154496789 0.014164537191391 0.0142943635582924 0.0153637025505304 0.0138703286647797 0.0362653359770775 0.780153214931488 0.845085442066193 0.78808182477951 0.473273813724518 0.527509331703186 0.382120102643967 0.0549996271729469 0.142459005117416 0.0428160093724728 0.0176285486668348
-3.4e+38 -3.4e+38 -3.4e+38 -3.4e+38 -3.4e+38 -3.4e+38 -3.4e+38 -3.4e+38 -3.4e+38 -3.4e+38 -3.4e+38 -3.4e+38 -3.4e+38 -3.4e+38 -3.4e+38 0.253319263458252 0.30168604850769 0.35224375128746 0.480733871459961 0.552473902702332 0.499335765838623 0.130681574344635 0.0737503618001938 0.0436871387064457 0.0485471934080124 0.219301164150238 0.0507502928376198 0.0203482117503881 0.0134594459086657 0.0123758055269718 0.0146542163565755 0.0233590193092823 0.0967329293489456 0.840126514434814 0.861837148666382 0.834276437759399 0.797645926475525 0.749552071094513 0.36115175485611 0.20311251282692 0.18432280421257 0.0395827256143093 0.00427778763696551
-3.4e+38 -3.4e+38 -3.4e+38 -3.4e+38 -3.4e+38 -3.4e+38 -3.4e+38 -3.4e+38 0.0688426941633224 -3.4e+38 -3.4e+38 -3.4e+38 -3.4e+38 -3.4e+38 0.206712782382965 0.240561842918396 0.279593884944916 0.410305052995682 0.580650627613068 0.710195302963257 0.698879063129425 0.159056678414345 0.0827776938676834 0.0679597705602646 0.0822437331080437 0.207226052880287 0.0534135214984417 0.0224387068301439 0.0166980531066656 0.0156320352107286 0.0234807152301073 0.0539603009819984 0.281174689531326 0.863172054290771 0.862391233444214 0.83472466468811 0.753940403461456 0.410036325454712 0.334478259086609 0.65911591053009 0.399662286043167 0.0204026736319065 0.000510544923599809
-3.4e+38 -3.4e+38 -3.4e+38 -3.4e+38 -3.4e+38 -3.4e+38 -3.4e+38 -3.4e+38 0.0664356723427773 -3.4e+38 -3.4e+38 -3.4e+38 -3.4e+38 -3.4e+38 0.171410441398621 0.203956842422485 0.27808666229248 0.434573709964752 0.62284654378891 0.790839076042175 0.749335050582886 0.14366489648819 0.0684240013360977 0.102600030601025 0.47602790594101 0.233519673347473 0.0548826567828655 0.0455864667892456 0.0351057723164558 0.0462134033441544 0.0950955674052238 0.0779277086257935 0.712711215019226 0.867111086845398 0.865876138210297 0.854418694972992 0.840876817703247 0.773874700069427 0.753991305828094 0.295337051153183 0.0890312865376472 0.0045781284570694 0.000297585589578375
-3.4e+38 -3.4e+38 -3.4e+38 -3.4e+38 -3.4e+38 -3.4e+38 -3.4e+38 -3.4e+38 -3.4e+38 -3.4e+38 -3.4e+38 -3.4e+38 -3.4e+38 -3.4e+38 0.170747056603432 0.194465398788452 0.275521785020828 0.418947368860245 0.548643052577972 0.706806004047394 0.637068212032318 0.191110149025917 0.0826675742864609 0.0709860995411873 0.469620108604431 0.217495962977409 0.0605116672813892 0.0589598342776299 0.0510791093111038 0.0870903432369232 0.188010886311531 0.41046068072319 0.877434968948364 0.881420373916626 0.886945128440857 0.833225071430206 0.867743790149689 0.864322543144226 0.790661156177521 0.417929917573929 0.0329365432262421 0.00236221821978688 0.00038112883339636
-3.4e+38 -3.4e+38 -3.4e+38 -3.4e+38 -3.4e+38 -3.4e+38 -3.4e+38 -3.4e+38 -3.4e+38 -3.4e+38 -3.4e+38 -3.4e+38 -3.4e+38 0.13658182322979 0.171978399157524 0.204763725399971 0.251967072486877 0.341934442520142 0.379901230335236 0.307059228420258 0.15473647415638 0.0842465832829475 0.0449642539024353 0.149789422750473 0.405561506748199 0.24819116294384 0.06300388276577 0.0872515141963959 0.0726241394877434 0.126859605312347 0.476660817861557 0.832204103469849 0.887926876544952 0.847265899181366 0.472308695316315 0.671448826789856 0.889832019805908 0.732882022857666 0.638677000999451 0.361433774232864 0.0174897611141205 0.0104190688580275 0.00108750199433416
-3.4e+38 -3.4e+38 -3.4e+38 -3.4e+38 -3.4e+38 -3.4e+38 -3.4e+38 0.0484166108071804 0.054329939186573 0.0548519641160965 -3.4e+38 0.0598482228815556 0.079754650592804 0.128195717930794 0.177883848547935 0.207300215959549 0.205911248922348 0.188448533415794 0.173152044415474 0.0848109200596809 0.066866971552372 0.0530451722443104 0.0565463304519653 0.10365429520607 0.573719322681427 0.154813274741173 0.0869004055857658 0.100300148129463 0.117769531905651 0.233529016375542 0.689067184925079 0.897429227828979 0.90350604057312 0.801475942134857 0.350669920444489 0.369185894727707 0.806524693965912 0.353974044322968 0.468874990940094 0.0694866478443146 0.00868691131472588 0.00259747309610248 0.00164951838087291
-3.4e+38 -3.4e+38 -3.4e+38 -3.4e+38 -3.4e+38 0.0455813594162464 0.0483170412480831 0.0580214448273182 0.0567052103579044 0.0566114485263824 0.0553491711616516 0.0555360540747643 0.0636019557714462 0.117197118699551 0.189335584640503 0.173859104514122 0.128214493393898 0.0997326821088791 0.062468271702528 0.0557261407375336 0.0491850599646568 0.0351089537143707 0.0388691760599613 0.15663143992424 0.484719783067703 0.129097267985344 0.132635727524757 0.130049929022789 0.146776735782623 0.351141810417175 0.703597724437714 0.898709297180176 0.879730463027954 0.892687380313873 0.398419320583344 0.286956876516342 0.347899079322815 0.155155152082443 0.0897891744971275 0.0172891318798065 0.00529293669387698 0.00402074633166194 0.00475746765732765
-3.4e+38 -3.4e+38 -3.4e+38 -3.4e+38 0.0487557910382748 0.0518999360501766 0.0537032969295979 0.0589634031057358 0.0563470162451267 0.0571730472147465 0.0561387799680233 0.0516586527228355 0.0565437935292721 0.095452293753624 0.127754166722298 0.115502424538136 0.0705836564302444 0.0442786887288094 0.0567714050412178 0.177002191543579 0.0360811352729797 0.0791101679205894 0.0491685792803764 0.40377214550972 0.271553426980972 0.111720949411392 0.111423134803772 0.128893807530403 0.151437908411026 0.341914534568787 0.820370137691498 0.886860489845276 0.85303807258606 0.729529559612274 0.20801305770874 0.150390908122063 0.145119279623032 0.137287393212318 0.0216889400035143 0.0222381856292486 0.0105626964941621 0.0142201967537403 0.0460977666079998
-3.4e+38 -3.4e+38 -3.4e+38 -3.4e+38 0.0541353560984135 0.0504774153232574 0.0528461970388889 0.05046596378088 0.054571595042944 0.0568008087575436 0.0556459985673428 0.055990144610405 0.0637312605977058 0.0764631330966949 0.0805699080228806 0.0682070851325989 0.0453805364668369 0.0719581693410873 0.195190981030464 0.190809354186058 0.0507885180413723 0.0929163694381714 0.114438444375992 0.534864783287048 0.142124161124229 0.119411237537861 0.126840367913246 0.135373562574387 0.185657724738121 0.503236532211304 0.894349157810211 0.849284827709198 0.833318173885345 0.847206175327301 0.357940435409546 0.198312610387802 0.0620618909597397 0.0463169999420643 0.0167392548173666 0.015386319719255 0.0162186827510595 0.142381012439728 0.214228555560112
-3.4e+38 -3.4e+38 -3.4e+38 0.0489909090101719 0.0504033342003822 0.0520437210798264 0.0561272390186787 0.0617279149591923 0.0608054511249065 0.0622592009603977 0.060117844492197 0.0596686601638794 0.0639522448182106 0.0613574981689453 0.0529042221605778 0.043212603777647 0.0385302565991879 0.543685495853424 0.846007645130157 0.327139258384705 0.103220246732235 0.577338874340057 0.284233748912811 0.100062362849712 0.0267539918422699 0.0542999543249607 0.143299028277397 0.202662214636803 0.516861379146576 0.7579066157341 0.807518064975739 0.778953850269318 0.807151019573212 0.825812697410583 0.532493412494659 0.268381744623184 0.103403672575951 0.151554226875305 0.0720792561769485 0.0273632705211639 0.0398506298661232 0.321282982826233 0.762701153755188
-3.4e+38 -3.4e+38 -3.4e+38 0.0473994426429272 0.0522500015795231 0.0576232634484768 0.0573150776326656 0.0663682371377945 0.0661717504262924 0.0658610537648201 0.0651247650384903 0.0620908327400684 0.0596276856958866 0.0503640994429588 0.0439006835222244 0.0326341763138771 0.0489229261875153 0.456787198781967 0.833440780639648 0.342215895652771 0.258795171976089 0.576040685176849 0.0774317234754562 0.0141555927693844 0.0107130371034145 0.0424893349409103 0.12367158383131 0.472727626562119 0.70050460100174 0.862950563430786 0.815044462680817 0.798908591270447 0.830169498920441 0.570855736732483 0.320401728153229 0.206381380558014 0.352487206459045 0.100817643105984 0.0295018143951893 0.0216337200254202 0.102418944239616 0.653470098972321 0.710468173027039
-3.4e+38 -3.4e+38 0.0471296384930611 0.0486837290227413 0.0533495731651783 0.0553926676511765 0.0604116879403591 0.0690820515155792 0.0716157779097557 0.0680177956819534 0.0689227804541588 0.0653216615319252 0.0562213025987148 0.0459260419011116 0.0342361070215702 0.0284595247358084 0.0876753628253937 0.147500544786453 0.556895077228546 0.608187913894653 0.610087752342224 0.110913649201393 0.0076523763127625 0.00756940804421902 0.0130148893222213 0.0290944259613752 0.282825440168381 0.70499187707901 0.805363893508911 0.763056397438049 0.767873883247375 0.843789100646973 0.779845178127289 0.538927376270294 0.306172609329224 0.329317212104797 0.289854198694229 0.038852646946907 0.0213401149958372 0.0370955616235733 0.202660769224167 0.684266269207001 0.668906569480896
-3.4e+38 -3.4e+38 0.0442020781338215 0.0483019761741161 0.05314751714468 0.0611484423279762 0.067314013838768 0.0740452632308006 0.079006552696228 0.081019289791584 0.0780488327145576 0.0670105516910553 0.0556586310267448 0.040718961507082 0.0339499302208424 0.0273340456187725 0.0319231785833836 0.0340184569358826 0.143429026007652 0.764088034629822 0.206708058714867 0.0163934100419283 0.00272827572189271 0.0067965192720294 0.0208106730133295 0.0699530020356178 0.477546751499176 0.851695418357849 0.764080464839935 0.797171413898468 0.827728986740112 0.821903645992279 0.631899893283844 0.62557065486908 0.491137713193893 0.506059110164642 0.119514189660549 0.0399464555084705 0.0448246002197266 0.130495220422745 0.505867600440979 0.630271971225739 0.464586228132248
