data/climate_estimation/maxent_output/Bomarea_brevis.asc
NCOLS 180 
NROWS 156 
XLLCORNER -78.5833333333333 
YLLCORNER -18.3333333333333 
CELLSIZE 0.0833333333333333 
NODATA_value -3.4e+38 
[rows 40 to 59 of 156, columns 132 to 175 of 180]
0.00732793007045984 0.00665701646357775 0.00561342621222138 0.00564220733940601 0.00573311327025294 0.00574285117909312 0.00510750850662589 0.00523350620642304 0.00480056693777442 0.00481691164895892 0.00483312597498298 0.00485380552709103 0.00454899622127414 0.00456433976069093 0.00458384258672595 0.00420178938657045 0.00420895218849182 0.00435292208567262 0.00389214907772839 0.0038056077901274 0.00341260200366378 0.00340098142623901 0.00334153650328517 0.0033385674469173 0.00304694776423275 0.00309608387760818 0.00310137961059809 0.00310404831543565 0.00299642840400338 0.00299905030988157 0.00310346623882651 0.00310347136110067 0.0033788257278502 0.00337911443784833 0.00337333441711962 0.00336499395780265 0.00342449289746583 0.00307758036069572 0.00329180434346199 0.00323960883542895 0.00323693826794624 0.00318833696655929 0.0031407168135047 0.00282045663334429
0.0067406096495688 0.00653594871982932 0.00531361298635602 0.0053136982023716 0.00581073714420199 0.00582049461081624 0.00526063516736031 0.00538557209074497 0.00480053620412946 0.00482084415853024 0.00476492336019874 0.00446557579562068 0.00448834057897329 0.00420489860698581 0.00422288198024035 0.004244405310601 0.00429303152486682 0.00396914500743151 0.00393502553924918 0.00358407292515039 0.00351526378653944 0.0036329769063741 0.00330825196579099 0.00330540258437395 0.00361751252785325 0.0036758326459676 0.00360264466144145 0.00347691425122321 0.00317592406645417 0.00329549424350262 0.00311137968674302 0.00310879969038069 0.00338184693828225 0.00337602966465056 0.00337633979506791 0.00336478743702173 0.0030675062444061 0.00342155457474291 0.00329473172314465 0.00328897428698838 0.00328631070442498 0.00323163997381926 0.00316784367896616 0.00322410161606967
0.00707620801404119 0.00660647079348564 0.00595274707302451 0.00564879970625043 0.00557815842330456 0.00581064401194453 0.00533164851367474 0.00478026736527681 0.0053275222890079 0.00474873185157776 0.00501574762165546 0.00449555972591043 0.00425154389813542 0.00414540292695165 0.00416666595265269 0.0041843787766993 0.00394352059811354 0.00398922711610794 0.00362291908822954 0.00348618114367127 0.00365779013372958 0.00359063153155148 0.00327260908670723 0.00320537714287639 0.00326698995195329 0.00338706863112748 0.00309378956444561 0.00343653373420238 0.00325432303361595 0.00301694893278182 0.00311668659560382 0.00333956629037857 0.00338477827608585 0.0033791025634855 0.00343079515732825 0.0034160241484642 0.00341032375581563 0.00342157669365406 0.00341585581190884 0.00333638652227819 0.00328075233846903 0.00321338861249387 0.00298367138020694 0.00318341189995408
0.0070552141405642 0.00751561019569635 0.00619174586609006 0.00562426960095763 0.00548000354319811 0.00538537371903658 0.00543988309800625 0.00538121489807963 0.0053276508115232 0.00491953594610095 0.0045149247162044 0.00463396217674017 0.00458403909578919 0.00460347067564726 0.00431291945278645 0.00389293162152171 0.00390679202973843 0.00411127787083387 0.00377739383839071 0.00343672116287053 0.00331430905498564 0.00330572645179927 0.0033000239636749 0.00329739367589355 0.0032350942492485 0.00305505096912384 0.00340146198868752 0.00316547928377986 0.00326542230322957 0.00331249041482806 0.00311939837411046 0.00341331236995757 0.00371179566718638 0.00343958591111004 0.00349734211340547 0.0031854419503361 0.00341622834093869 0.00340157467871904 0.00339307729154825 0.00338443764485419 0.00339552899822593 0.00332280411385 0.0033059089910239 0.00352898077107966
0.00747198099270463 0.0073750214651227 0.00657677836716175 0.00631214492022991 0.00594271160662174 0.00587923498824239 0.00524283107370138 0.00484541431069374 0.00489879725500941 0.00459111016243696 0.00454140035435557 0.00446613831445575 0.00451133539900184 0.00453071342781186 0.00417003920301795 0.00448151072487235 0.00441794656217098 0.00398965226486325 0.003637206973508 0.00351044721901417 0.00350148137658834 0.00321885640732944 0.00344683392904699 0.00319468136876822 0.00319468136876822 0.00324620632454753 0.00336191849783063 0.00311769149266183 0.00321933254599571 0.00357501115649939 0.00374625297263265 0.00379696022719145 0.00404201913625002 0.0037620251532644 0.0035536081995815 0.00355084589682519 0.0035418679472059 0.00345343723893166 0.00344469421543181 0.00345307285897434 0.00344131467863917 0.00360729405656457 0.00359208881855011 0.00352822034619749
0.00667602149769664 0.00650039920583367 0.00584529340267181 0.00609389506280422 0.00602879887446761 0.00579124363139272 0.00535396812483668 0.00452167168259621 0.0044766440987587 0.00484592746943235 0.00447344407439232 0.0044922991655767 0.00413824571296573 0.00414893170818686 0.00410047313198447 0.00425842450931668 0.00466404668986797 0.00420793099328876 0.00414123991504312 0.00391582911834121 0.00333316461183131 0.0031705719884485 0.00340091483667493 0.00333538954146206 0.00322166224941611 0.00327361095696688 0.0033902982249856 0.0031359763815999 0.00386372581124306 0.00383472931571305 0.00342195946723223 0.00372134684585035 0.00377166923135519 0.00382940471172333 0.00361416419036686 0.00360795389860868 0.00334721803665161 0.00358042563311756 0.0033245615195483 0.00350272841751575 0.00382156972773373 0.00373328733257949 0.00366173032671213 0.00364308012649417
0.0067922156304121 0.00623355386778712 0.00600767554715276 0.00601368118077517 0.00598352868109941 0.00533135188743472 0.0049270992167294 0.00444990303367376 0.00441326946020126 0.00436568399891257 0.00447727600112557 0.00451079988852143 0.00415895320475101 0.00408313423395157 0.00395577773451805 0.00383104104548693 0.00377674028277397 0.00399195263162255 0.0039321705698967 0.00385633623227477 0.00323595525696874 0.00301685533486307 0.00295999203808606 0.00306798191741109 0.0032937100622803 0.00341548235155642 0.00358196720480919 0.00362727604806423 0.00437063677236438 0.00383472326211631 0.00374623481184244 0.00380003708414733 0.00420148158445954 0.00388777744956315 0.00367240095511079 0.003412876278162 0.00372789590619504 0.00339258345775306 0.00332158082164824 0.00388967501930892 0.00408863089978695 0.00399756245315075 0.0037111584097147 0.00356661365367472
0.00660699047148228 0.0057159261777997 0.00593362981453538 0.00575670041143894 0.00523333484306931 0.00528632616624236 0.00486164866015315 0.00481308903545141 0.00443530594930053 0.00446210987865925 0.00410672044381499 0.00414496939629316 0.00374112534336746 0.00367977167479694 0.00397227890789509 0.00384365487843752 0.00371456192806363 0.0039220224134624 0.00378568493761122 0.00341304647736251 0.00341304647736251 0.00291067641228437 0.00342173688113689 0.00319918990135193 0.00302968779578805 0.00336928199976683 0.00370868388563395 0.0045585036277771 0.0044593489728868 0.00364769180305302 0.00382572063244879 0.0038581055123359 0.00370949693024158 0.00403386726975441 0.00381049863062799 0.00379758654162288 0.00378465140238404 0.00371537054888904 0.00362277426756918 0.00394558347761631 0.00414737313985825 0.00412614224478602 0.00405441550537944 0.00397330429404974
0.00557841407135129 0.00556465843692422 0.00530440593138337 0.00563261518254876 0.00509054446592927 0.00477215414866805 0.00472073862329125 0.00474080163985491 0.00444296561181545 0.00448417384177446 0.00413801521062851 0.00414846744388342 0.00402262480929494 0.00396562647074461 0.00383722991682589 0.00370834628120065 0.00372678088024259 0.00352250575087965 0.00364617933519185 0.00351934158243239 0.00301945954561234 0.00302467797882855 0.00282786414027214 0.00277625513263047 0.00327814114280045 0.0033890507183969 0.00347594055347145 0.00383193721063435 0.00387639715336263 0.00399211514741182 0.00382562843151391 0.00365705671720207 0.00351182208396494 0.00390113820321858 0.00375917344354093 0.00385871110484004 0.00378464511595666 0.00404350738972425 0.0037525927182287 0.00394199648872018 0.00423146830871701 0.00442884862422943 0.00434013130143285 0.00472647277638316
0.00567363295704126 0.00550012430176139 0.00524700991809368 0.00509505951777101 0.00513779278844595 0.0047126691788435 0.00473277363926172 0.00484958849847317 0.00447672372683883 0.00419400678947568 0.00414150068536401 0.00408972287550569 0.00404629716649652 0.00427583698183298 0.00413395510986447 0.00399156380444765 0.00384947774000466 0.00346450111828744 0.00334405316971242 0.00315708084963262 0.0025951077695936 0.00242704316042364 0.00182472041342407 0.00223132059909403 0.00305310823023319 0.00350624951533973 0.00342317973263562 0.00346172414720058 0.00389248668216169 0.00406962027773261 0.00390338152647018 0.00373439583927393 0.00379716884344816 0.00364359118975699 0.00389741966500878 0.00394044583663344 0.004209921695292 0.00376868178136647 0.003746023401618 0.00402216799557209 0.00428846012800932 0.00450631137937307 0.00481476308777928 0.00471849227324128
0.00520449690520763 0.00504520162940025 0.00526502309367061 0.00522509543225169 0.00471283588558435 0.00472886767238379 0.00442800065502524 0.0045411242172122 0.00418695714324713 0.00429020496085286 0.0045451526530087 0.00448455521836877 0.00405325414612889 0.00398542732000351 0.0041199098341167 0.00364918471314013 0.00352302682586014 0.00310275051742792 0.00299727264791727 0.00220108614303172 0.0019828649237752 0.00159652205184102 0.00146409892477095 0.00150152354035527 0.0022427118383348 0.00322023034095764 0.00296669290401042 0.00321528036147356 0.00331125291995704 0.00378771801479161 0.00426819082349539 0.00408106250688434 0.00353796943090856 0.00399352284148335 0.0041816271841526 0.00462674954906106 0.00460709445178509 0.00418845796957612 0.00410805642604828 0.00440172338858247 0.00437920028343797 0.00418594945222139 0.00448791170492768 0.00471030548214912
0.00525657739490271 0.00525290938094258 0.00537769868969917 0.00494436454027891 0.00487841060385108 0.00459075020626187 0.0041450965218246 0.00464917719364166 0.00459501426666975 0.0043013240210712 0.00464951992034912 0.00449219159781933 0.00442919740453362 0.0043552964925766 0.00391476741060615 0.00364225939847529 0.00326872058212757 0.00253007793799043 0.00212551886215806 0.00171643018256873 0.0014824103564024 0.00145528116263449 0.00109005824197084 0.000999852316454053 0.00171764078550041 0.00251115974970162 0.00275220931507647 0.0027206102386117 0.00307716126553714 0.00323412334546447 0.0034524598158896 0.00356152188032866 0.00365904183126986 0.00443131476640701 0.00403411826118827 0.00440509989857674 0.00429524714127183 0.00421295547857881 0.0041841072961688 0.00439792033284903 0.0043755080550909 0.0042709275148809 0.00457897689193487 0.0049824109300971
0.00499735213816166 0.005853405687958 0.00568406330421567 0.00515265623107553 0.00474823964759707 0.00437056878581643 0.00462211947888136 0.00466929003596306 0.00436315778642893 0.00431997748091817 0.00465718982741237 0.00448839692398906 0.00457553751766682 0.00405961833894253 0.0039909859187901 0.00338812358677387 0.00320888450369239 0.00281584751792252 0.00206711562350392 0.00156161992345005 0.00141246162820607 0.00103824469260871 0.00111409975215793 0.00111888453830034 0.00134124339092523 0.00233564898371696 0.00279872817918658 0.00297856470569968 0.0031372185330838 0.00329986377619207 0.00372417340986431 0.00350518128834665 0.00388443656265736 0.00429206620901823 0.00435011042281985 0.00465003773570061 0.00463028391823173 0.0046023684553802 0.00451411167159677 0.00439428305253386 0.00437173433601856 0.00500855734571815 0.00490410253405571 0.00497817154973745
0.00509068975225091 0.00529276439920068 0.00529327802360058 0.00490258960053325 0.00483720749616623 0.0048736478202045 0.00481274630874395 0.0047565451823175 0.00446686381474137 0.0043197120539844 0.00426217028871179 0.00475188717246056 0.00435905391350389 0.00414210371673107 0.00357610639184713 0.00345997419208288 0.00299363234080374 0.00239979452453554 0.00197231792844832 0.00159473938401788 0.00131856009829789 0.00129551521968096 0.00106748507823795 0.00133665429893881 0.00166302162688226 0.00255782646127045 0.00271165953017771 0.0029413802549243 0.00338966865092516 0.00342716090381145 0.00360192055813968 0.00378093286417425 0.00381617643870413 0.00424131331965327 0.0042133410461247 0.00492710107937455 0.00465720240026712 0.00453326897695661 0.00451016845181584 0.00409677857533097 0.00446436135098338 0.00467242999002337 0.00457109045237303 0.00497376779094338
0.00518168602138758 0.00503163039684296 0.00455828756093979 0.00484911492094398 0.00492749735713005 0.00489025702700019 0.00482921022921801 0.00444885715842247 0.00480885105207562 0.00480882823467255 0.00450444174930453 0.00413430575281382 0.00399186229333282 0.00352671276777983 0.00340737495571375 0.00353628350421786 0.00340601289644837 0.00263862637802958 0.00221292860805988 0.00163076573517174 0.00175954878795892 0.00132534792646766 0.00135923270136118 0.00169543968513608 0.00192357052583247 0.00265073403716087 0.00283513101749122 0.00291148643009365 0.00328416610136628 0.0031477571465075 0.00355916935950518 0.00373751693405211 0.00406767101958394 0.00417754286900163 0.00446943892166018 0.00484883692115545 0.00490603176876903 0.00488519296050072 0.00444249995052814 0.00451341830193996 0.00471100397408009 0.00503336638212204 0.00500349467620254 0.00543805072084069
0.00527413515374064 0.00477776536718011 0.00464339088648558 0.00493543921038508 0.00501547940075397 0.00497767934575677 0.00458555668592453 0.00452824681997299 0.00488633802160621 0.00449003325775266 0.00420104758813977 0.00413427921012044 0.00399171467870474 0.00387511122971773 0.00365792820230126 0.00359937152825296 0.00348712084814906 0.00307016796432436 0.00270829652436078 0.00218345480971038 0.00223926082253456 0.00168395962100476 0.00172548578120768 0.00225838739424944 0.00256527378223836 0.00270689441822469 0.0028423520270735 0.00298331934027374 0.00336226378567517 0.00333998142741621 0.00350870378315449 0.00356221967376769 0.00401008082553744 0.00435936683788896 0.0041045262478292 0.00488123157992959 0.00521471444517374 0.00527145341038704 0.00447228644043207 0.00451732845976949 0.00516103347763419 0.00503788748756051 0.00547509733587503 0.00543779786676168
0.00537266256287694 0.00486709736287594 0.00517310434952378 0.00502771185711026 0.00506581971421838 0.00554845808073878 0.00510887801647186 0.00504085654392838 0.00473006442189217 0.00427986122667789 0.00460377754643559 0.00453076837584376 0.00437465310096741 0.00393760111182928 0.00374185922555625 0.00360543979331851 0.0035522214602679 0.00349588715471327 0.00338000128977001 0.00277983956038952 0.00224112370051444 0.00214045913890004 0.00191687804181129 0.00261744461022317 0.0026174655649811 0.00301488675177097 0.00284718698821962 0.00294592883437872 0.00303404917940497 0.00341942626982927 0.0034619951620698 0.0038476896006614 0.00403705798089504 0.00438867462798953 0.00435178773477674 0.00465432647615671 0.00515022641047835 0.00484825577586889 0.00442077871412039 0.00437278300523758 0.00510179391130805 0.0050418539904058 0.0055956351570785 0.00595357501879334
0.00502506690099835 0.00534103950485587 0.00526979146525264 0.00522552104666829 0.00518617546185851 0.00527020357549191 0.00530552444979548 0.00480623077601194 0.00441513769328594 0.00465496582910419 0.00467776507139206 0.00460388092324138 0.00408683996647596 0.00402789749205112 0.00416688015684485 0.0036912877112627 0.00363675225526094 0.00358223938383162 0.00315921916626394 0.00316557358019054 0.00285332929342985 0.00266370549798012 0.00267052068375051 0.00271250144578516 0.00297470390796661 0.00301992730237544 0.00312607432715595 0.0029544320423156 0.00333115039393306 0.00369993248023093 0.00375307071954012 0.00415827939286828 0.00390970055013895 0.00426145922392607 0.00462719611823559 0.00468575535342097 0.00474084820598364 0.00479259015992284 0.00477220164611936 0.00472020963206887 0.0047675590030849 0.00507581187412143 0.00560514023527503 0.00608957884833217
0.00534364907070994 0.00519315898418427 0.00539053697139025 0.00506689166650176 0.00492031779140234 0.00519942725077271 0.00480988854542375 0.0045545045286417 0.00481024710461497 0.00510849477723241 0.00468606827780604 0.00422324240207672 0.004547119140625 0.00441830093041062 0.00426610233262181 0.00391210336238146 0.00352331576868892 0.00339930946938694 0.00328389462083578 0.00328649301081896 0.00355195999145508 0.00324818468652666 0.00297291507013142 0.00297550694085658 0.00338199269026518 0.00336224352940917 0.00313360313884914 0.003024788107723 0.00335927098058164 0.00365617382340133 0.0037030556704849 0.00411442574113607 0.00393937667831779 0.00421447725966573 0.00466223061084747 0.00462322868406773 0.00477674882858992 0.00441375933587551 0.00470850104466081 0.00509774731472135 0.00480374600738287 0.00501230964437127 0.00553044117987156 0.00610017450526357
0.00640694703906775 0.00555144436657429 0.00534793501719832 0.00507140206173062 0.0046666543930769 0.00496166106313467 0.00499498378485441 0.00543620157986879 0.00527443084865808 0.00541752856224775 0.00486638676375151 0.00478926114737988 0.00465535931289196 0.0045881480909884 0.00443042442202568 0.00436017941683531 0.00392481777817011 0.00345990806818008 0.00373290153220296 0.00360612291842699 0.0033676924649626 0.00307871075347066 0.00314938277006149 0.00345365260727704 0.00309183076024055 0.00343938497826457 0.0033237615134567 0.0028245251160115 0.00314045557752252 0.00349162542261183 0.00346541125327349 0.00384238408878446 0.00425747456029058 0.00415841257199645 0.00461478298529983 0.00475683202967048 0.00439541600644588 0.00444733118638396 0.00508977798745036 0.00503416545689106 0.00519254058599472 0.00561505742371082 0.00585028948262334 0.00645063910633326
