data/climate_estimation/maxent_output/Bomarea_densiflora.asc
NCOLS 119 
NROWS 162 
XLLCORNER -79.9166666666667 
YLLCORNER -12.3333333333333 
CELLSIZE 0.0833333333333334 
NODATA_value -3.4e+38 
[rows 95 to 113 of 162, columns 43 to 85 of 119]
0.0215890537947416 0.0270418226718903 0.0474491156637669 0.0636352300643921 0.0309891924262047 0.0223100390285254 0.022480946034193 0.0352760627865791 0.0342064909636974 0.0157809387892485 0.0125116566196084 0.0113445352762938 0.0111573012545705 0.0109409661963582 0.0103246113285422 0.0101035246625543 0.0101372292265296 0.0105124721303582 0.0105827106162906 0.0114393215626478 0.0115482928231359 0.0122535545378923 0.0116835860535502 0.0120514091104269 0.0129354801028967 0.0129677476361394 0.016318267211318 0.0158905312418938 0.0149209871888161 0.0145537657663226 0.0148660391569138 0.0156073281541467 0.0157897938042879 0.0161879453808069 0.016105780377984 0.0167112331837416 0.0174527671188116 0.0177473574876785 0.0201013665646315 0.019673015922308 0.0197710581123829 0.0196484550833702 0.0201429072767496
0.0187916029244661 0.0233823005110025 0.0302232839167118 0.0543713793158531 0.0465554781258106 0.0295592918992043 0.0248557236045599 0.023848520591855 0.0494228340685368 0.0184915643185377 0.0133402571082115 0.0122203519567847 0.0108977686613798 0.0105299884453416 0.0100364508107305 0.00995323061943054 0.0100867142900825 0.0106711657717824 0.0112880393862724 0.0114335678517818 0.0115290926769376 0.012314853258431 0.0118920812383294 0.0117739615961909 0.0127777773886919 0.0133090056478977 0.013609517365694 0.0182335469871759 0.0205751415342093 0.0164379440248013 0.0154525954276323 0.0155814336612821 0.0164089035242796 0.0165182091295719 0.0169908665120602 0.0175424721091986 0.01825787499547 0.01887346804142 0.0202966406941414 0.0206827614456415 0.0198776852339506 0.0201897397637367 0.0205269698053598
0.0174787621945143 0.0186552219092846 0.0300699416548014 0.0491013079881668 0.0351818427443504 0.0234011616557837 0.0239386577159166 0.0272509325295687 0.0392100065946579 0.0172434560954571 0.0136203188449144 0.0131086939945817 0.0107894707471132 0.0109159229323268 0.00983787514269352 0.0108640966936946 0.0108640966936946 0.0109003242105246 0.0116060841828585 0.011951582506299 0.0123880878090858 0.0127221569418907 0.0127857839688659 0.0121444510295987 0.0126298945397139 0.0122777940705419 0.0131501825526357 0.0146697778254747 0.0157958921045065 0.0190940033644438 0.0165456477552652 0.0161387696862221 0.0172226559370756 0.0175424721091986 0.01825787499547 0.0183489304035902 0.019325515255332 0.0200098622590303 0.0205802470445633 0.0209125764667988 0.0198475364595652 0.02139344625175 0.0224045794457197
0.0186599139124155 0.0189656298607588 0.0226808525621891 0.0458387695252895 0.0184708219021559 0.0149428024888039 0.0160758960992098 0.0217137150466442 0.0288283862173557 0.0130333341658115 0.0117616029456258 0.0112809650599957 0.0109848007559776 0.0103870835155249 0.0100468723103404 0.0120220230892301 0.0117062292993069 0.0118828341364861 0.0121742635965347 0.012574914842844 0.0141808213666081 0.0139386374503374 0.0126930633559823 0.0131113445386291 0.0132427914068103 0.0139016741886735 0.0134822316467762 0.0151905370876193 0.0164089035242796 0.0231939181685448 0.0179548896849155 0.0176007710397243 0.0171005874872208 0.017902459949255 0.0183564200997353 0.0185322277247906 0.0190840493887663 0.0202364008873701 0.0219676475971937 0.0211981423199177 0.0220509339123964 0.0222036968916655 0.0224252585321665
0.0174687094986439 0.0286619812250137 0.0362689234316349 0.0346700102090836 0.0181894078850746 0.0138689717277884 0.0127524258568883 0.0138283567503095 0.0159960929304361 0.0120989913120866 0.0112997535616159 0.0116972904652357 0.0104008950293064 0.0101271439343691 0.0104709574952722 0.0125651396811008 0.0135623002424836 0.0134180663153529 0.0126384571194649 0.0137667115777731 0.0156686827540398 0.0174458995461464 0.0137230958789587 0.0132964411750436 0.0137916943058372 0.0142139028757811 0.0137637332081795 0.014513879083097 0.0165456477552652 0.0221134144812822 0.0250981878489256 0.0190947987139225 0.0181932952255011 0.0187874995172024 0.0187067463994026 0.017780214548111 0.0188545938581228 0.0198909230530262 0.0197586007416248 0.0196143258363008 0.0221165139228106 0.0202699322253466 0.0197454635053873
0.0183274038136005 0.0299590639770031 0.0519011579453945 0.0300949569791555 0.0392679125070572 0.0139323053881526 0.0127056781202555 0.0115970578044653 0.0114907883107662 0.0120989913120866 0.0113752223551273 0.0107679069042206 0.0105580817908049 0.0101765319705009 0.010185120627284 0.0104652643203735 0.0137438494712114 0.0155568951740861 0.012829034589231 0.0135172866284847 0.0163915269076824 0.0193669851869345 0.0165684334933758 0.0149036236107349 0.013971159234643 0.0139609454199672 0.0142980413511395 0.0156056359410286 0.0155046489089727 0.020133588463068 0.0242139026522636 0.0226818025112152 0.0174570810049772 0.0189933348447084 0.019759526476264 0.0181092750281096 0.0195425804704428 0.0190475843846798 0.0200503077358007 0.0211032181978226 0.0212462432682514 0.0204073693603277 0.0202584061771631
0.0305489990860224 0.0402742959558964 0.0271080639213324 0.0226211529225111 0.0474123544991016 0.0138247581198812 0.012339879758656 0.0117524564266205 0.0108640966936946 0.0114893652498722 0.010576075874269 0.0105897998437285 0.0106465136632323 0.00980241317301989 0.0100425193086267 0.0104478551074862 0.0109716467559338 0.0139594534412026 0.0140525586903095 0.0132071003317833 0.0150873623788357 0.0165684334933758 0.0195483155548573 0.0168374869972467 0.014706221409142 0.0141933504492044 0.0138328885659575 0.0163027625530958 0.0173399336636066 0.0188750717788935 0.0220078378915787 0.0250669401139021 0.0189933348447084 0.01836165972054 0.0201082080602646 0.0200085118412971 0.0196863319724798 0.0206328481435776 0.0214808881282806 0.0209330078214407 0.0215596724301577 0.0218663718551397 0.0227645207196474
0.0720746293663979 0.0455378741025925 0.0262603312730789 0.019470589235425 0.0372795313596725 0.0170443262904882 0.012339879758656 0.0117524564266205 0.0114437025040388 0.0110280681401491 0.0113374255597591 0.0113185746595263 0.0106113478541374 0.009805160574615 0.0101433582603931 0.00962798111140728 0.0105244219303131 0.0117062292993069 0.0125546613708138 0.0126482881605625 0.0129901571199298 0.0150279188528657 0.0155156860128045 0.0169878136366606 0.0168849434703588 0.0149509385228157 0.0150923551991582 0.0165756177157164 0.0179942306131124 0.0173461437225342 0.019920390099287 0.0241199247539043 0.018767736852169 0.0190473198890686 0.0192581880837679 0.0192469637840986 0.0198198519647121 0.0184865370392799 0.0207085534930229 0.0215485338121653 0.0201001241803169 0.022270193323493 0.0236051492393017
0.0897830501198769 0.0508443042635918 0.0332282967865467 0.018805542960763 0.0619180500507355 0.0360141657292843 0.0190516952425241 0.013344394043088 0.0119026200845838 0.0123558873310685 0.0111758857965469 0.0107740517705679 0.0105475336313248 0.0100336195901036 0.0101433582603931 0.0102924657985568 0.0105351889505982 0.0116092450916767 0.011795474216342 0.0119032608345151 0.0136180426925421 0.0135418195277452 0.0132517199963331 0.0138078648597002 0.0147414728999138 0.0154179353266954 0.0152665171772242 0.0170894283801317 0.0169684514403343 0.0179747007787228 0.0180920474231243 0.0190475843846798 0.0178838931024075 0.0182817708700895 0.0185541845858097 0.0192469637840986 0.0189611949026585 0.0190289970487356 0.020778076723218 0.0196630693972111 0.019448084756732 0.0218583066016436 0.0242941863834858
0.0561168156564236 0.034002523869276 0.0424497909843922 0.0242737382650375 0.020968709141016 0.0452862456440926 0.0167638324201107 0.0225094854831696 0.0125651396811008 0.0122236786410213 0.0111202243715525 0.0109184822067618 0.0103216990828514 0.010185120627284 0.010160262696445 0.0100385751575232 0.0106764351949096 0.0113797299563885 0.0117850303649902 0.0126482881605625 0.0134074250236154 0.0135143613442779 0.0128676146268845 0.01392328646034 0.0134320519864559 0.0140152173116803 0.0144751509651542 0.0165342278778553 0.0183745808899403 0.0171863958239555 0.0194708239287138 0.0182171147316694 0.0182171147316694 0.0189668294042349 0.0201799962669611 0.0198136903345585 0.0205510277301073 0.0200307499617338 0.0203957408666611 0.0222690161317587 0.0195901114493608 0.02226198092103 0.0225806012749672
0.0406651720404625 0.0336936749517918 0.0470802970230579 0.0326027870178223 0.0168428551405668 0.0207613855600357 0.0181864742189646 0.0271169152110815 0.0128611093387008 0.0129039529711008 0.0116835860535502 0.0110648395493627 0.0107561312615871 0.0100385751575232 0.0107836043462157 0.0102582480758429 0.0107025494799018 0.0107507202774286 0.0117850303649902 0.0134744560346007 0.0128951407968998 0.0131063638255 0.0135311661288142 0.0135718090459704 0.0129176629707217 0.0146894417703152 0.0166099350899458 0.015625974163413 0.0157502740621567 0.0182274896651506 0.0191172659397125 0.0207042843103409 0.0182171147316694 0.0201797168701887 0.0200326777994633 0.0190279893577099 0.0206253454089165 0.0210021641105413 0.0210725478827953 0.0225948449224234 0.0209230706095695 0.0217829067260027 0.0226776674389839
0.0355962291359901 0.03746223077178 0.0557248406112194 0.0297949332743883 0.0206961594521999 0.0192421264946461 0.0238419435918331 0.020873649045825 0.0135525669902563 0.0141142169013619 0.0123970583081245 0.0118008051067591 0.0108821950852871 0.0107203805819154 0.0108821950852871 0.010198088362813 0.0108586307615042 0.0107507202774286 0.0111825466156006 0.0122370170429349 0.0128476042300463 0.0119767496362329 0.0133246388286352 0.0144333289936185 0.0131880147382617 0.0140558369457722 0.0155116366222501 0.0143074216321111 0.0163818951696157 0.0162658877670765 0.0188285429030657 0.0227643959224224 0.018548671156168 0.018548671156168 0.0201769880950451 0.0186140257865191 0.0211652349680662 0.0220303721725941 0.0218627844005823 0.0218627844005823 0.023106973618269 0.0232766326516867 0.0215457864105701
0.036535132676363 0.0490294359624386 0.0355772376060486 0.0424240827560425 0.0304826311767101 0.0236065573990345 0.0436145067214966 0.0140572916716337 0.0127546191215515 0.0143745765089989 0.0129354801028967 0.0116060841828585 0.0108767207711935 0.0115099241957068 0.0115290926769376 0.0108767207711935 0.0108586307615042 0.0106874061748385 0.0113695012405515 0.0120673673227429 0.0116848470643163 0.0119767496362329 0.0138013530522585 0.0133032528683543 0.0130433524027467 0.0133432969450951 0.0152224777266383 0.015728110447526 0.014454010874033 0.0166147034615278 0.0173052586615086 0.0230084657669067 0.0195235144346952 0.0192383769899607 0.0205519162118435 0.0197442285716534 0.0215562526136637 0.021487420424819 0.0222838819026947 0.0211639758199453 0.0238000229001045 0.0237131528556347 0.0243148636072874
0.0415323004126549 0.050162173807621 0.0378170385956764 0.0445521622896194 0.0721318125724792 0.0769422352313995 0.0370784364640713 0.013905506581068 0.0133063150569797 0.0142802000045776 0.0136082693934441 0.012542231939733 0.0128711126744747 0.0122128576040268 0.0115796811878681 0.0109858894720674 0.0112565420567989 0.0105042466893792 0.0116648124530911 0.0107160266488791 0.0113145615905523 0.011450445279479 0.0133032528683543 0.0134417610242963 0.0131880147382617 0.0137771004810929 0.0138672366738319 0.0137229431420565 0.0147135797888041 0.0161339193582535 0.018012186512351 0.0196671262383461 0.0222690161317587 0.0190298203378916 0.0210128203034401 0.0200337991118431 0.0200430769473314 0.021408898755908 0.0203536078333855 0.0204990357160568 0.022078026086092 0.0211224816739559 0.0224786084145308
0.0736380741000175 0.0508208870887756 0.0633765310049057 0.0734012573957443 0.0773141607642174 0.0671423152089119 0.024949487298727 0.0144232790917158 0.0142328198999166 0.0148224495351315 0.0144336335361004 0.0140215372666717 0.0134956352412701 0.0126089081168175 0.0119839012622833 0.0120438588783145 0.0114956554025412 0.0111587950959802 0.0113660208880901 0.0106960330158472 0.0118379117920995 0.0117629878222942 0.0128428023308516 0.0134821375831962 0.0129336984828115 0.0135647710412741 0.0151541065424681 0.015728110447526 0.0164327677339315 0.0219533685594797 0.0182117000222206 0.0195243582129478 0.0200316179543734 0.0215583238750696 0.0193857531994581 0.020192414522171 0.0202069766819477 0.0204282999038696 0.0209749862551689 0.0226508621126413 0.0229291394352913 0.0234379172325134 0.0219441056251526
0.0888804197311401 0.0471179708838463 0.128490909934044 0.097589947283268 0.0879140347242355 0.0906084254384041 0.0189510006457567 0.0147779816761613 0.0149508249014616 0.0149615546688437 0.0174273122102022 0.0154505940154195 0.0148871820420027 0.013929913751781 0.0133755477145314 0.0123392129316926 0.0125833293423057 0.0114079229533672 0.0123051162809134 0.0114102633669972 0.0116221318021417 0.0127284247428179 0.0114781307056546 0.0127817392349243 0.0135262170806527 0.0134654119610786 0.015426148660481 0.0180113352835178 0.0198906920850277 0.0186849217861891 0.0171083733439445 0.0184119157493114 0.0242207925766706 0.0202571395784616 0.0210225470364094 0.0210356805473566 0.0208058468997478 0.0224081985652447 0.0219170060008764 0.0213889479637146 0.0220245700329542 0.0246155224740505 0.0233474671840668
0.0870750322937965 0.0717542842030525 0.0801411643624306 0.127690806984901 0.104978747665882 0.064043752849102 0.0274199619889259 0.0169276800006628 0.016250828281045 0.014986427500844 0.0184739846736193 0.0173407904803753 0.0153993619605899 0.0146751645952463 0.0142577979713678 0.0132159357890487 0.0133706340566278 0.0122325187548995 0.0120448675006628 0.011296384036541 0.0122773200273514 0.0117471367120743 0.0110634071752429 0.013309283182025 0.0129705742001534 0.0127811962738633 0.0141243366524577 0.0174945965409279 0.01630749553442 0.0167318917810917 0.0181415732949972 0.016551686450839 0.0214730557054281 0.0205636713653803 0.020869143307209 0.0215838439762592 0.0209026243537664 0.0220019035041332 0.0226006880402565 0.0249780174344778 0.0221383590251207 0.0221006963402033 0.0226320549845695
0.0862473174929619 0.0972087830305099 0.0653589814901352 0.183889329433441 0.134384766221046 0.122235707938671 0.0750666707754135 0.0166605077683926 0.0139364888891578 0.0132145490497351 0.019121466204524 0.0180434193462133 0.0155220618471503 0.0150649063289165 0.0151401599869132 0.0135947549715638 0.0129118543118238 0.0125610549002886 0.0112003935500979 0.0115485666319728 0.0110347820445895 0.0115204444155097 0.011648315936327 0.0130560230463743 0.0122293885797262 0.0133011229336262 0.0146446609869599 0.0158228632062674 0.0166038051247597 0.0172294247895479 0.0183379538357258 0.0169858708977699 0.0185598358511925 0.0195374097675085 0.0196950491517782 0.0209043435752392 0.0207777563482523 0.0231891497969627 0.021743468940258 0.0220220740884542 0.0222630500793457 0.0240888632833958 0.023619556799531
0.0563958510756493 0.120721749961376 0.127908796072006 0.194297075271606 0.24977208673954 0.141639217734337 0.079130157828331 0.0172885693609715 0.0136144645512104 0.0142290033400059 0.0144433891400695 0.0182470940053463 0.0171258077025414 0.0156774837523699 0.0149403074756265 0.0137538565322757 0.0131269115954638 0.0129212262108922 0.0132384784519672 0.0123336324468255 0.011605535633862 0.0110949808731675 0.0118653858080506 0.0126775531098247 0.0130006829276681 0.0133501105010509 0.0139615703374147 0.0152523722499609 0.0164748728275299 0.0167925171554089 0.0168519057333469 0.0176164899021387 0.0193211194127798 0.0202808547765017 0.0211352538317442 0.0199325177818537 0.021006990224123 0.021664023399353 0.0228028744459152 0.0219395123422146 0.022389592602849 0.0250422600656748 0.0239403881132603
