data/climate_estimation/maxent_output/Bomarea_ovata.asc
NCOLS 196 
NROWS 416 
XLLCORNER -79.5833333333333 
YLLCORNER -27.1666666666667 
CELLSIZE 0.0833333333333333 
NODATA_value -3.4e+38 
[rows 220 to 239 of 416, columns 90 to 134 of 196]
0.0674001127481461 0.0661833509802818 0.0672819167375565 0.0688926801085472 0.0677082687616348 0.0690604969859123 0.0710122212767601 0.0722530335187912 0.0747711732983589 0.0794679895043373 0.0776137039065361 0.0763099193572998 0.0788317397236824 0.0776457116007805 0.0774887651205063 0.0783203467726707 0.0772651806473732 0.073960117995739 0.0755375474691391 0.0753935575485229 0.0741815716028214 0.0793225094676018 0.0794460400938988 0.0781418606638908 0.0778140500187874 0.0776205733418465 0.0780973806977272 0.0780210718512535 0.0810364931821823 0.0779005885124207 0.0783727988600731 0.0765460208058357 0.0750967040657997 0.0737778544425964 0.0720539540052414 0.0700403228402138 0.0665707811713219 0.0632898285984993 0.060244332998991 0.0589685142040253 0.0548533201217651 0.0481614470481873 0.0463350862264633 0.0465893298387527 0.0458313673734665
0.0696968585252762 0.0687668174505234 0.0699334293603897 0.07123813778162 0.0732847452163696 0.0746413022279739 0.0797210931777954 0.0820340886712074 0.0808024555444717 0.0799068212509155 0.0772462338209152 0.0796971619129181 0.0791261047124863 0.078148253262043 0.0791425779461861 0.0796433165669441 0.0800517871975899 0.0802535563707352 0.0796183943748474 0.0819743350148201 0.0799368992447853 0.0818223282694817 0.0822406783699989 0.0803244113922119 0.0776898041367531 0.0771571323275566 0.0771070867776871 0.0781660526990891 0.0780718550086021 0.0773468464612961 0.0764349400997162 0.0757258012890816 0.0743685960769653 0.0720675215125084 0.0689131692051888 0.0679247006773949 0.065478190779686 0.0632898285984993 0.0596497096121311 0.0578624084591866 0.0527095757424831 0.0499627776443958 0.0518723167479038 0.0504175052046776 0.0454413220286369
0.0783273130655289 0.0774227976799011 0.0770343989133835 0.0774575844407082 0.0769707709550858 0.0744821354746819 0.0764573290944099 0.0784303769469261 0.0811737626791 0.083070807158947 0.0807207450270653 0.0798988416790962 0.0778181105852127 0.0765696689486504 0.0793907195329666 0.0809214860200882 0.0803510174155235 0.080214686691761 0.0814361497759819 0.0805921331048012 0.0791083946824074 0.0791244506835938 0.0774629935622215 0.0773783773183823 0.0820750147104263 0.0849916860461235 0.0828161761164665 0.0818963721394539 0.0814656987786293 0.0823697596788406 0.083593875169754 0.080098070204258 0.0795030891895294 0.0778365954756737 0.0732297003269196 0.0692458599805832 0.0641722828149796 0.0611932128667831 0.0595556125044823 0.0555254779756069 0.05406628921628 0.0521398782730103 0.0549556165933609 0.0498105846345425 0.0452924594283104
0.0790486186742783 0.077760636806488 0.0793541744351387 0.0773493722081184 0.0760658755898476 0.0743376836180687 0.0761475041508675 0.0751512199640274 0.0738366395235062 0.0750675722956657 0.0799941346049309 0.0795189067721367 0.0809017494320869 0.0795057564973831 0.0825747326016426 0.0835848599672318 0.0829232186079025 0.0795581042766571 0.0779027342796326 0.0821053087711334 0.0822419971227646 0.0819283798336983 0.0819480568170547 0.0818746015429497 0.083889551460743 0.0869756564497948 0.0844566822052002 0.0864260941743851 0.0851678401231766 0.0856951698660851 0.0854675248265266 0.0821858942508698 0.0795366764068604 0.0794170945882797 0.0746690332889557 0.0711511373519897 0.0692762061953545 0.065222293138504 0.061890609562397 0.0579268783330917 0.0595109909772873 0.0567194260656834 0.054262924939394 0.0530251711606979 0.048992283642292
0.0813196375966072 0.0836637914180756 0.0785241425037384 0.0771759152412415 0.0787258744239807 0.0781160593032837 0.0793599486351013 0.0752057284116745 0.0736658051609993 0.0739801079034805 0.0734718590974808 0.0751083716750145 0.0769364461302757 0.076831266283989 0.0810585543513298 0.0807844772934914 0.0784419327974319 0.0811318010091782 0.0805608108639717 0.0789287760853767 0.0820747390389442 0.0839252546429634 0.0855509042739868 0.084680937230587 0.0840344205498695 0.0851235166192055 0.0879239737987518 0.0872450843453407 0.090339370071888 0.0897725746035576 0.0883169546723366 0.0883693471550941 0.0839919745922089 0.0811318308115005 0.0764553397893906 0.0737506151199341 0.0737999305129051 0.0680093690752983 0.0633077546954155 0.0598446950316429 0.057124637067318 0.0545586757361889 0.052716076374054 0.0508555844426155 0.0490023829042912
0.083813339471817 0.0800627022981644 0.0776852443814278 0.0797851756215096 0.0817575603723526 0.0783662647008896 0.0785295590758324 0.0780139192938805 0.0763986930251122 0.0747711434960365 0.0752239376306534 0.0744650810956955 0.0745541304349899 0.0753633230924606 0.0751757845282555 0.0790839269757271 0.0806013718247414 0.0803709775209427 0.0781149119138718 0.0808785036206245 0.0804736018180847 0.081077441573143 0.0804501846432686 0.0832959860563278 0.0821507200598717 0.0843006446957588 0.0826292186975479 0.0881485790014267 0.0877537652850151 0.089180551469326 0.0878583267331123 0.0844631791114807 0.0818775594234467 0.0784302279353142 0.0754901841282845 0.0732293725013733 0.0674897357821465 0.0644874572753906 0.0630288273096085 0.0578570812940598 0.0549453981220722 0.0531382225453854 0.0502971820533276 0.0484604164958 0.047280091792345
0.0803858190774918 0.079350620508194 0.0781788304448128 0.0771794989705086 0.0754666551947594 0.0776027143001556 0.0788374170660973 0.0771119743585587 0.0761667788028717 0.0766827911138535 0.075585849583149 0.0776151195168495 0.0790475904941559 0.0755268484354019 0.0768784135580063 0.0754327699542046 0.0766674131155014 0.080839030444622 0.0812413096427917 0.0863459408283234 0.0812873542308807 0.0843315497040749 0.0816045328974724 0.084295466542244 0.0836513862013817 0.0828392282128334 0.0811990275979042 0.083096481859684 0.0842512249946594 0.0847893208265305 0.0836854055523872 0.0840923637151718 0.0841751918196678 0.0810568109154701 0.078045591711998 0.0742460116744041 0.0708031430840492 0.0660755038261414 0.0593621172010899 0.0595484226942062 0.057314071804285 0.0572532378137112 0.054521806538105 0.052866667509079 0.0510898269712925
0.0706676617264748 0.0725216567516327 0.0713556855916977 0.0712343081831932 0.0719260573387146 0.0730762183666229 0.0754179060459137 0.0775389298796654 0.0778712779283524 0.0805345103144646 0.0784138068556786 0.0795562416315079 0.0786972939968109 0.078199602663517 0.0793412253260612 0.0779034793376923 0.075480118393898 0.0746819376945496 0.0779084861278534 0.084562674164772 0.0916386991739273 0.0901178941130638 0.0885664746165276 0.0869067385792732 0.0853681713342667 0.0832724124193192 0.0853736400604248 0.0847370997071266 0.0848143771290779 0.0867900475859642 0.0821711793541908 0.0802718549966812 0.0766917988657951 0.0745766088366508 0.0743929371237755 0.0704579800367355 0.0644578710198402 0.0639923140406609 0.0632049962878227 0.0634439885616302 0.060272891074419 0.0573490597307682 0.0521461628377438 0.0503225438296795 0.0489763803780079
0.0677468553185463 0.0670046433806419 0.0687195509672165 0.0669779554009438 0.0686903670430183 0.0702023208141327 0.0684867799282074 0.0731067955493927 0.0842556059360504 0.0824422985315323 0.0805036947131157 0.079780749976635 0.0844404175877571 0.083310067653656 0.0812404453754425 0.0790531933307648 0.0778338760137558 0.0765140354633331 0.0729029402136803 0.0775563642382622 0.0860735401511192 0.0882888436317444 0.0867893025279045 0.0889114364981651 0.0867411717772484 0.0855814293026924 0.0853243544697762 0.0871807187795639 0.0854826495051384 0.085910327732563 0.084744393825531 0.0820808559656143 0.0781757459044456 0.0767428949475288 0.076654739677906 0.0722650587558746 0.0687674656510353 0.0661598443984985 0.0645462200045586 0.0620397813618183 0.059007715433836 0.0579470470547676 0.0547911450266838 0.050589244812727 0.0495878532528877
0.0649251341819763 0.0635611563920975 0.0652837678790092 0.0635389611124992 0.0657227784395218 0.0666788518428802 0.0687380731105804 0.0705543756484985 0.0804258733987808 0.0829043388366699 0.081468291580677 0.0793386921286583 0.0782412216067314 0.0795019268989563 0.0815374031662941 0.0799092575907707 0.0804587006568909 0.0765162631869316 0.0778996869921684 0.0736406370997429 0.0809973478317261 0.086363784968853 0.0850648730993271 0.0863517224788666 0.0894467681646347 0.0880717933177948 0.0868622437119484 0.0843096598982811 0.082518681883812 0.0839003697037697 0.0845217034220695 0.081393651664257 0.077862523496151 0.0780341476202011 0.0722146704792976 0.0683460235595703 0.0680980086326599 0.0656460151076317 0.062117088586092 0.0593551844358444 0.0572658702731133 0.0549698658287525 0.0543908514082432 0.0528307296335697 0.0466153249144554
0.0662301853299141 0.0650672391057014 0.0650197118520737 0.0688312575221062 0.0647302642464638 0.0636830404400826 0.0677235573530197 0.0693410187959671 0.073723778128624 0.0793116316199303 0.0805329531431198 0.0796480253338814 0.08159439265728 0.0831234082579613 0.0782341361045837 0.078356996178627 0.0775774791836739 0.0764412581920624 0.078008271753788 0.0755696594715118 0.0745086818933487 0.078448474407196 0.0813100561499596 0.0820893719792366 0.0821651518344879 0.0809289515018463 0.0829143822193146 0.0816347077488899 0.0810164883732796 0.0818330645561218 0.0805104896426201 0.076929472386837 0.0777745023369789 0.0746195837855339 0.0743770599365234 0.0708363279700279 0.0669362843036652 0.0645836517214775 0.0614300519227982 0.0592444650828838 0.0564892627298832 0.0569340847432613 0.0539141669869423 0.0504036173224449 0.046063706278801
0.0623187720775604 0.064453013241291 0.0662301778793335 0.0657623261213303 0.0673243999481201 0.0642509758472443 0.0656160190701485 0.0675042197108269 0.068437784910202 0.0738289132714272 0.0782966315746307 0.0763327851891518 0.0784761756658554 0.0854571461677551 0.0823542475700378 0.0806477814912796 0.0821600556373596 0.0806933790445328 0.0788359940052032 0.0800893902778625 0.0748119279742241 0.0728322565555573 0.0740793347358704 0.0783992409706116 0.0801340863108635 0.0812468305230141 0.0805794671177864 0.0772673711180687 0.0769789591431618 0.0743109732866287 0.0762734413146973 0.0766471326351166 0.0765979215502739 0.0739655792713165 0.069981724023819 0.0667452067136765 0.0661181807518005 0.064565047621727 0.0592907220125198 0.0565907768905163 0.0537832081317902 0.0501147545874119 0.0494955144822598 0.0475511811673641 0.0482631996273994
0.0642852485179901 0.0636730715632439 0.0669170618057251 0.0681584626436234 0.0675045475363731 0.0661401599645615 0.0681634843349457 0.066590778529644 0.0653049275279045 0.0705173388123512 0.0739728510379791 0.0792575627565384 0.0785051733255386 0.0800734311342239 0.0821806043386459 0.0843399539589882 0.0861638635396957 0.0874918922781944 0.0823220759630203 0.0824489668011665 0.0801190659403801 0.077075831592083 0.0731788799166679 0.0715075060725212 0.0762004032731056 0.0757431387901306 0.0737249255180359 0.0740304887294769 0.077520564198494 0.0751376524567604 0.0729143023490906 0.0693296939134598 0.0692915171384811 0.066206268966198 0.0654306039214134 0.0628753453493118 0.0601123236119747 0.0607502683997154 0.06021548807621 0.0582119002938271 0.0532053932547569 0.0508756376802921 0.0513541214168072 0.0496494844555855 0.0504347570240498
0.0744782388210297 0.0777048319578171 0.0707305744290352 0.0703218802809715 0.067100927233696 0.0658315494656563 0.0673209950327873 0.0680304244160652 0.0678050071001053 0.0691788643598557 0.072231225669384 0.0771519169211388 0.0836213603615761 0.0832740068435669 0.0819958746433258 0.0835415050387383 0.083442211151123 0.0867561101913452 0.088819146156311 0.0863372907042503 0.0841217339038849 0.0836801156401634 0.0817954018712044 0.0769550502300262 0.0714412108063698 0.0752672329545021 0.0762300118803978 0.0724266842007637 0.0697744861245155 0.0706294327974319 0.0706564486026764 0.0705725401639938 0.0686552673578262 0.064880408346653 0.0621593184769154 0.0613006055355072 0.05985376983881 0.0596372187137604 0.055597685277462 0.053854689002037 0.0502034202218056 0.0512783154845238 0.0509689375758171 0.0494720861315727 0.049619622528553
0.177769958972931 0.120641365647316 0.0856091231107712 0.0699570402503014 0.074678510427475 0.072337418794632 0.071551613509655 0.0706414058804512 0.0719442218542099 0.0715387687087059 0.0736194849014282 0.0763374716043472 0.0877864435315132 0.0902611762285233 0.0897811651229858 0.0909560099244118 0.0891046673059464 0.088019959628582 0.0886859148740768 0.0885801687836647 0.0880042687058449 0.0885681286454201 0.087498664855957 0.0850080698728561 0.0751907154917717 0.0717275813221931 0.0682940036058426 0.0660126581788063 0.0654594302177429 0.0617411583662033 0.0618546344339848 0.0666420757770538 0.0666409656405449 0.0636512711644173 0.0635832399129868 0.0608903169631958 0.0590575113892555 0.0568573325872421 0.056350514292717 0.0535594187676907 0.050441849976778 0.0509968139231205 0.0514613576233387 0.0493630580604076 0.0489594601094723
0.18766725063324 0.230997025966644 0.122710019350052 0.077725276350975 0.0789933875203133 0.0788279995322227 0.0786121264100075 0.0771766752004623 0.0762747526168823 0.0764894932508469 0.0762955769896507 0.0756507888436317 0.0829477161169052 0.0895266309380531 0.0980871766805649 0.0969938039779663 0.0952942967414856 0.0921057835221291 0.0883292481303215 0.0863838419318199 0.090514749288559 0.0922715738415718 0.0883318409323692 0.0862863063812256 0.0858015343546867 0.0828362852334976 0.0774981826543808 0.0729072764515877 0.0701683759689331 0.0668835639953613 0.0636646822094917 0.0585784316062927 0.0601491928100586 0.0629605427384377 0.0603324063122272 0.0577765144407749 0.0582172647118568 0.0564835704863071 0.0538426712155342 0.0501533225178719 0.0525139346718788 0.0527536273002625 0.0510738976299763 0.0496341325342655 0.0469583682715893
0.400698274374008 0.209674283862114 0.202305123209953 0.114951901137829 0.0883522555232048 0.0837990343570709 0.0847622230648994 0.0894442349672318 0.0873257368803024 0.0826854333281517 0.0827759578824043 0.0823327973484993 0.0827755704522133 0.08587297052145 0.0936266928911209 0.100039571523666 0.0995104536414146 0.101773113012314 0.102912962436676 0.0953852981328964 0.0911435931921005 0.0928518623113632 0.0927101150155067 0.0854308009147644 0.0848051682114601 0.0814466327428818 0.0784491524100304 0.0753765180706978 0.0718244537711143 0.0669996216893196 0.0642115846276283 0.0608919188380241 0.0559736751019955 0.0578076392412186 0.0572348646819592 0.0550740212202072 0.0547771900892258 0.0531680285930634 0.0512051433324814 0.0494476407766342 0.0499007850885391 0.050633080303669 0.0496176294982433 0.0484678149223328 0.0466469153761864
0.724866211414337 0.443099975585938 0.224015682935715 0.135249853134155 0.180756598711014 0.118881583213806 0.0894977375864983 0.0836320593953133 0.0819893330335617 0.0846670046448708 0.0854830220341682 0.0864677652716637 0.08683842420578 0.0886607319116592 0.0885704979300499 0.09452885389328 0.10432305932045 0.101665988564491 0.103964775800705 0.105054177343845 0.0977475717663765 0.0943800285458565 0.0976594761013985 0.0928400084376335 0.0865699425339699 0.08297099173069 0.0782846435904503 0.0720988363027573 0.069160096347332 0.0690905749797821 0.0640410706400871 0.0589936673641205 0.057920478284359 0.0532025620341301 0.054386779665947 0.0550980120897293 0.052535530179739 0.0511238053441048 0.050954781472683 0.0497361160814762 0.0499698705971241 0.0498186685144901 0.0473102889955044 0.0461779944598675 0.0429829321801662
0.993939518928528 0.927354097366333 0.354043453931808 0.301768392324448 0.299054503440857 0.24190180003643 0.168181493878365 0.101486086845398 0.0911780148744583 0.0885443687438965 0.0889469236135483 0.0942442715167999 0.0942341163754463 0.0977172181010246 0.0981405600905418 0.0972759649157524 0.0997854471206665 0.104196362197399 0.105749696493149 0.107739068567753 0.103672631084919 0.0988530293107033 0.100880399346352 0.0981306806206703 0.0940302237868309 0.0897184312343597 0.0858569517731667 0.0793715715408325 0.0721080154180527 0.0688743367791176 0.0631617307662964 0.0582267716526985 0.0557811632752419 0.0548761449754238 0.0523662753403187 0.05222337692976 0.0505859702825546 0.0497386194765568 0.0493742600083351 0.0469989068806171 0.0462669692933559 0.0446534268558025 0.0453777760267258 0.0438537001609802 0.0443618483841419
0.986203134059906 0.799717903137207 0.505000412464142 0.253476500511169 0.308765977621078 0.27537739276886 0.22273425757885 0.197019785642624 0.111430466175079 0.0965332388877869 0.0965441763401031 0.0985314920544624 0.103365615010262 0.108058899641037 0.10709835588932 0.108087614178658 0.105083085596561 0.103733189404011 0.105397991836071 0.107044793665409 0.106559559702873 0.10474106669426 0.100508950650692 0.0965522602200508 0.0963822081685066 0.0920602008700371 0.0857942178845406 0.0827615857124329 0.0756689831614494 0.0708198770880699 0.067763440310955 0.0627317354083061 0.0575175546109676 0.0520779155194759 0.0503751002252102 0.0500575229525566 0.0477488338947296 0.0455362610518932 0.0456842556595802 0.0460756719112396 0.0441597625613213 0.0447068475186825 0.0429786667227745 0.043984230607748 0.0453251861035824
