data/climate_estimation/maxent_output/Bomarea_pardina.asc
NCOLS 68 
NROWS 159 
XLLCORNER -79.6666666666667 
YLLCORNER -11.25 
CELLSIZE 0.0833333333333334 
NODATA_value -3.4e+38 
[rows 19 to 37 of 159, columns 0 to 43 of 68]
0.0265708640217781 0.0148691339418292 0.0158362276852131 0.0163127947598696 0.0169029608368874 0.0177889727056026 0.0227907691150904 0.0576395131647587 0.616360604763031 0.858756065368652 0.9212526679039 0.93713515996933 0.950713455677032 0.935622036457062 0.935143291950226 0.897730827331543 0.905015766620636 0.884615659713745 0.900528311729431 0.922573387622833 0.983928740024567 0.975103974342346 0.911281168460846 0.970088720321655 0.993532359600067 0.989436686038971 0.993160605430603 0.982783675193787 0.345713168382645 0.173411011695862 0.104340426623821 0.0927865356206894 0.0837275832891464 0.0648345649242401 0.0589089617133141 0.050692830234766 0.0422694124281406 0.0350476838648319 0.0294833928346634 0.0312276184558868 0.0281805228441954 0.0290693342685699 0.0261468682438135 0.0249820556491613
0.0167831350117922 0.0161245316267014 0.0137265743687749 0.0148137202486396 0.014575095847249 0.0174724124372005 0.0271552447229624 0.045792069286108 0.224272549152374 0.737423598766327 0.813856899738312 0.895941853523254 0.927783489227295 0.952749848365784 0.919976592063904 0.852231979370117 0.919727265834808 0.950337767601013 0.946145951747894 0.890680372714996 0.924405753612518 0.953107714653015 0.946753025054932 0.980533540248871 0.993719875812531 0.986999750137329 0.82535308599472 0.566056370735168 0.281131654977798 0.153373852372169 0.120233252644539 0.0965865105390549 0.0778315737843513 0.0646353289484978 0.0540449805557728 0.0537165217101574 0.0463620163500309 0.0384955778717995 0.0367920249700546 0.0395021103322506 0.0339740067720413 0.0308104753494263 0.0293195229023695 0.0240689888596535
0.0146094104275107 0.0130446860566735 0.0138837592676282 0.0127833811566234 0.0136480964720249 0.0184469856321812 0.0326184071600437 0.0517764836549759 0.104038618505001 0.270246624946594 0.691333115100861 0.754612267017365 0.83603048324585 0.946970164775848 0.936667621135712 0.895210027694702 0.922188818454742 0.952311754226685 0.85932332277298 0.955591201782227 0.946950554847717 0.948431968688965 0.991289615631104 0.994745254516602 0.955802798271179 0.796827077865601 0.43341475725174 0.442165911197662 0.298113286495209 0.135304942727089 0.107246413826942 0.0926792323589325 0.0764514356851578 0.0652454569935799 0.0596921779215336 0.0627475529909134 0.0446662418544292 0.0442618913948536 0.0401638150215149 0.0404029227793217 0.0339147113263607 0.0312568843364716 0.029096070677042 0.0234915520995855
0.0114909596741199 0.0116001488640904 0.0115154581144452 0.0111386477947235 0.0121084293350577 0.0155692957341671 0.0334230475127697 0.0914159342646599 0.183226868510246 0.657508790493011 0.881076276302338 0.874787390232086 0.903413414955139 0.95476633310318 0.920769512653351 0.900288701057434 0.898617267608643 0.892936170101166 0.872445046901703 0.940618455410004 0.919479310512543 0.920022308826447 0.94886177778244 0.995966970920563 0.981831729412079 0.797509789466858 0.394923865795135 0.471426665782928 0.414905816316605 0.160478100180626 0.114180468022823 0.0837328359484673 0.0735334977507591 0.0711411535739899 0.0675686970353127 0.0615509487688541 0.0612510479986668 0.0529209300875664 0.0450346879661083 0.0462106838822365 0.0394921116530895 0.0331533290445805 0.0293109007179737 0.0240779034793377
0.00898541044443846 0.00790408160537481 0.0104731675237417 0.0113684134557843 0.0122869871556759 0.0206923317164183 0.0445620641112328 0.119101211428642 0.323307484388351 0.632685899734497 0.874506175518036 0.93233335018158 0.967311799526215 0.957565665245056 0.917049050331116 0.889113545417786 0.890233635902405 0.891701996326447 0.923357486724854 0.922097027301788 0.90465635061264 0.943978726863861 0.979993462562561 0.982784628868103 0.985380947589874 0.872239708900452 0.616454124450684 0.291009128093719 0.237077832221985 0.124969907104969 0.107845574617386 0.099646620452404 0.0767757296562195 0.0700706765055656 0.0738451778888702 0.067589096724987 0.0534548833966255 0.0608900226652622 0.0500758774578571 0.0471198558807373 0.0410266071557999 0.0336810350418091 0.0323361307382584 0.0285160541534424
0.00806562229990959 0.0075468709692359 0.0100926216691732 0.011234357021749 0.0141085060313344 0.0266241282224655 0.0480918027460575 0.109663769602776 0.320953607559204 0.80794882774353 0.866517186164856 0.947564959526062 0.94718998670578 0.949372708797455 0.91242241859436 0.842316389083862 0.863500833511353 0.976786077022552 0.977646470069885 0.895811915397644 0.848959028720856 0.922151684761047 0.993429481983185 0.962823390960693 0.963550984859467 0.984237372875214 0.816320419311523 0.346325188875198 0.206588163971901 0.136166989803314 0.125743240118027 0.0972743928432465 0.0808341428637505 0.0758221223950386 0.0689482837915421 0.0626160427927971 0.0544126555323601 0.0540094748139381 0.051718395203352 0.0455687157809734 0.0421599857509136 0.033519309014082 0.0295015182346106 0.0285037383437157
0.00903229136019945 0.0103855077177286 0.0105526242405176 0.0121589349582791 0.0168265085667372 0.0235428586602211 0.0506550185382366 0.0921083465218544 0.220492303371429 0.835009753704071 0.928935587406158 0.954864978790283 0.950991272926331 0.924822211265564 0.864131212234497 0.793972551822662 0.907013893127441 0.96106094121933 0.915957570075989 0.848406553268433 0.755407691001892 0.777772486209869 0.992409110069275 0.951835632324219 0.977197825908661 0.966639637947083 0.91373348236084 0.422242105007172 0.239911049604416 0.136267066001892 0.12460021674633 0.102669216692448 0.078419491648674 0.0739776715636253 0.0668101832270622 0.0657527819275856 0.0613863058388233 0.0522206090390682 0.0526846311986446 0.0431292168796062 0.0375580824911594 0.0389771573245525 0.0317533351480961 0.0290066655725241
0.0106817139312625 0.0113073429092765 0.0120704397559166 0.0146665703505278 0.0202531088143587 0.0312406867742538 0.066101111471653 0.198753297328949 0.379263997077942 0.782600283622742 0.946238458156586 0.958477020263672 0.935183703899384 0.931972503662109 0.871248781681061 0.805158972740173 0.976088404655457 0.90576559305191 0.888796985149384 0.889044344425201 0.853915572166443 0.877591848373413 0.968194663524628 0.986629545688629 0.94299989938736 0.942395806312561 0.947963237762451 0.645077645778656 0.167655721306801 0.118703916668892 0.0916921719908714 0.0908474996685982 0.0794901177287102 0.0780776664614677 0.0692733079195023 0.061948150396347 0.0519445464015007 0.0517608113586903 0.0476344339549541 0.0462085194885731 0.0384036228060722 0.0374284908175468 0.0308884028345346 0.027028389275074
0.0113500347360969 0.0116274273023009 0.0131463296711445 0.0151118636131287 0.0200641043484211 0.036254521459341 0.0891564711928368 0.36824244260788 0.679888367652893 0.85556423664093 0.93804931640625 0.953295052051544 0.942552864551544 0.952890992164612 0.882308185100555 0.908650159835815 0.973679840564728 0.879266083240509 0.861549317836761 0.80122983455658 0.771923363208771 0.962298393249512 0.971488893032074 0.9562047123909 0.872456669807434 0.908224761486053 0.916420698165894 0.314670920372009 0.127984628081322 0.0924755036830902 0.0774711742997169 0.0701825991272926 0.114565946161747 0.111419185996056 0.071005254983902 0.0630914270877838 0.0546797104179859 0.0451211407780647 0.0488654151558876 0.0439347177743912 0.0451630130410194 0.0373777821660042 0.0330030098557472 0.0257655754685402
0.0118369646370411 0.0113636590540409 0.0122089004144073 0.0140877580270171 0.0189569108188152 0.0496312938630581 0.357998132705688 0.757932126522064 0.82658988237381 0.861057341098785 0.915486633777618 0.949378788471222 0.910835862159729 0.958120226860046 0.940767765045166 0.949028372764587 0.926494836807251 0.850452363491058 0.880738198757172 0.88228315114975 0.616198241710663 0.921343326568604 0.938178956508636 0.80646675825119 0.737935662269592 0.781361103057861 0.87782084941864 0.221080332994461 0.113105535507202 0.093055434525013 0.107118546962738 0.100162386894226 0.108593732118607 0.113245420157909 0.0937086045742035 0.0560269691050053 0.0467189624905586 0.048684261739254 0.0446551144123077 0.0454571358859539 0.0472400188446045 0.0400444008409977 0.0313639752566814 0.0287974122911692
0.0111499661579728 0.0107831908389926 0.0116739626973867 0.0130993062630296 0.0174377709627151 0.114140264689922 0.78527957201004 0.908551037311554 0.885218977928162 0.926699995994568 0.922838389873505 0.930310308933258 0.953760623931885 0.963841140270233 0.932165801525116 0.96203750371933 0.883242011070251 0.855952858924866 0.808789789676666 0.906193256378174 0.923843145370483 0.924824476242065 0.834975957870483 0.632147073745728 0.819234728813171 0.822149515151978 0.741822600364685 0.179863914847374 0.119320943951607 0.128308862447739 0.111346788704395 0.104532942175865 0.101105742156506 0.10901553183794 0.0925504788756371 0.046976026147604 0.0485538765788078 0.048542208969593 0.0417549796402454 0.0403094738721848 0.0418948605656624 0.0357492417097092 0.0325656607747078 0.0283154230564833
0.014287912286818 0.013425019569695 0.0111591024324298 0.0111486501991749 0.0242232847958803 0.139558881521225 0.522633790969849 0.888900637626648 0.91409569978714 0.928058624267578 0.904544532299042 0.90982460975647 0.904359042644501 0.953245878219604 0.91186386346817 0.739491045475006 0.821719944477081 0.815590918064117 0.733977675437927 0.776057839393616 0.707736849784851 0.829219281673431 0.690235197544098 0.713940858840942 0.553886771202087 0.794658839702606 0.693664848804474 0.247466027736664 0.10596327483654 0.131453469395638 0.10522984713316 0.104169860482216 0.106406547129154 0.104928344488144 0.0921030044555664 0.0468504726886749 0.0506174825131893 0.0461009331047535 0.0434582941234112 0.0387270636856556 0.0382092520594597 0.0371123775839806 0.0332444459199905 0.0295027140527964
0.0143948420882225 0.0133319776505232 0.0112459221854806 0.0109468679875135 0.0277451500296593 0.034059826284647 0.542338788509369 0.899128377437592 0.841554522514343 0.842432677745819 0.877560317516327 0.821419179439545 0.951616168022156 0.873971998691559 0.627591490745544 0.667080342769623 0.792506456375122 0.782041549682617 0.710282802581787 0.700590848922729 0.691877245903015 0.739753365516663 0.790141105651855 0.832685649394989 0.773454785346985 0.799211442470551 0.467380553483963 0.218677133321762 0.119587473571301 0.0831083431839943 0.104957386851311 0.114789739251137 0.11150649189949 0.111920647323132 0.0564977452158928 0.0552272237837315 0.0429141595959663 0.0428138598799706 0.0377482026815414 0.0364480279386044 0.0326469466090202 0.0299702789634466 0.0306758284568787 0.0274394024163485
0.0120424143970013 0.0112085342407227 0.011920565739274 0.0125256702303886 0.0182776730507612 0.0326743610203266 0.270333886146545 0.829103052616119 0.809024035930634 0.775904655456543 0.850105881690979 0.845998704433441 0.883826375007629 0.897772789001465 0.64891529083252 0.701157629489899 0.882154583930969 0.758709192276001 0.815558314323425 0.750767171382904 0.712309420108795 0.804077744483948 0.900254309177399 0.874203562736511 0.857295155525208 0.65935868024826 0.207311227917671 0.117404170334339 0.0960146859288216 0.0739769265055656 0.0798364803195 0.0754146501421928 0.102611884474754 0.0641040578484535 0.0609148666262627 0.0581054352223873 0.0541831403970718 0.0468237958848476 0.0403518378734589 0.0355715788900852 0.0380862914025784 0.0345505215227604 0.0306840632110834 0.0242208167910576
0.0107822427526116 0.0107687581330538 0.00992028135806322 0.00962210260331631 0.0144185684621334 0.0289922077208757 0.343298941850662 0.870452761650085 0.715295612812042 0.711477935314178 0.762466788291931 0.713880836963654 0.708414196968079 0.82775342464447 0.7588170170784 0.703857958316803 0.840570867061615 0.741398274898529 0.806843936443329 0.833338260650635 0.757307529449463 0.879688858985901 0.612782537937164 0.585861921310425 0.534659147262573 0.525785028934479 0.13147209584713 0.079206109046936 0.0762223750352859 0.065784715116024 0.0713095888495445 0.0676880478858948 0.0605907551944256 0.0650345161557198 0.0610031895339489 0.0581773482263088 0.0438592545688152 0.0482176691293716 0.0408809892833233 0.0421942099928856 0.0401851013302803 0.0352886952459812 0.0275373868644238 0.0260383542627096
0.011004026979208 0.0115244435146451 0.00926767755299807 0.00873797666281462 0.0112591665238142 0.0224660728126764 0.32477068901062 0.858570158481598 0.653718888759613 0.668046295642853 0.663735032081604 0.657797634601593 0.540824115276337 0.783431768417358 0.656253576278687 0.787309110164642 0.840183436870575 0.792915940284729 0.689848363399506 0.888252317905426 0.781247913837433 0.811930358409882 0.319631904363632 0.373477846384048 0.485763490200043 0.554367065429688 0.101645961403847 0.0676891803741455 0.0684719011187553 0.0636621490120888 0.07056675106287 0.0623946189880371 0.0664714276790619 0.0605267584323883 0.0599651373922825 0.0535782724618912 0.0528940930962563 0.0417379476130009 0.0423720329999924 0.0423293933272362 0.0382392331957817 0.032644085586071 0.0304621160030365 0.0243187844753265
0.0110933529213071 0.00924689043313265 0.00743680587038398 0.00682585313916206 0.00926931574940681 0.0244508627802134 0.569679081439972 0.752558410167694 0.62327629327774 0.641196846961975 0.620801210403442 0.529724657535553 0.430126577615738 0.744421601295471 0.744473516941071 0.847011685371399 0.788859248161316 0.662177860736847 0.575694262981415 0.882010996341705 0.812387406826019 0.391052156686783 0.191197782754898 0.322355687618256 0.319680571556091 0.147646561264992 0.0774908438324928 0.0653634071350098 0.0669416785240173 0.0647613704204559 0.0636441931128502 0.0636708736419678 0.0648464486002922 0.0663499012589455 0.0570683404803276 0.0491422228515148 0.0503806732594967 0.0451935864984989 0.052268959581852 0.0450126901268959 0.0396840944886208 0.0326265841722488 0.0293705202639103 0.0248145237565041
0.00707898614928126 0.00637414027005434 0.00517859030514956 0.00522523792460561 0.013595113530755 0.324557155370712 0.779528796672821 0.70360279083252 0.58109450340271 0.592734754085541 0.655098378658295 0.545095384120941 0.445725947618484 0.684822618961334 0.795423090457916 0.798924744129181 0.731405794620514 0.591581463813782 0.777760863304138 0.87995570898056 0.765104591846466 0.231564044952393 0.158102244138718 0.143778070807457 0.103579126298428 0.0863211825489998 0.0882101356983185 0.0770139247179031 0.0672042220830917 0.0637275874614716 0.0552907437086105 0.0497183911502361 0.0479512698948383 0.0488216131925583 0.0503495410084724 0.0494915843009949 0.0391578003764153 0.0412717014551163 0.0440991520881653 0.0439521744847298 0.039562426507473 0.0331901498138905 0.0298951622098684 0.027833066880703
0.00385218299925327 0.00353461294434965 0.00350384251214564 0.00376626127399504 0.00654257880523801 0.0887532904744148 0.690783500671387 0.72405081987381 0.50909149646759 0.624638676643372 0.659656763076782 0.688927710056305 0.639640033245087 0.660004556179047 0.849734425544739 0.82044780254364 0.593053936958313 0.469300806522369 0.57395726442337 0.651438057422638 0.565489709377289 0.220997378230095 0.162617638707161 0.116178907454014 0.0954741463065147 0.102031126618385 0.0899487808346748 0.0698835998773575 0.0641059800982475 0.0641132146120071 0.0575066544115543 0.049309816211462 0.0493731014430523 0.0482028387486935 0.0424265787005424 0.0413893312215805 0.0400993376970291 0.0359300300478935 0.0419429801404476 0.0435698889195919 0.039997786283493 0.0317710936069489 0.032182514667511 0.0272847209125757
