data/climate_estimation/maxent_output/Bomarea_salsilla.asc
NCOLS 37 
NROWS 83 
XLLCORNER -73.6666666666667 
YLLCORNER -38.75 
CELLSIZE 0.0833333333333332 
NODATA_value -3.4e+38 
[rows 50 to 74 of 83, columns 0 to 36 of 37]
-3.4e+38 -3.4e+38 -3.4e+38 -3.4e+38 -3.4e+38 -3.4e+38 -3.4e+38 -3.4e+38 -3.4e+38 -3.4e+38 0.878399074077606 0.995368719100952 0.998764157295227 0.998698770999908 0.979783177375793 0.892822802066803 0.77374678850174 0.716962218284607 0.521853506565094 0.515742421150208 0.508527815341949 0.547908842563629 0.496921420097351 0.458468705415726 0.334367334842682 0.336138188838959 0.61599338054657 0.747113943099976 0.929720640182495 0.945330142974854 0.876936733722687 0.83071368932724 0.877678692340851 0.821545600891113 0.788545966148376 0.644823610782623 0.550357699394226
-3.4e+38 -3.4e+38 -3.4e+38 -3.4e+38 -3.4e+38 -3.4e+38 -3.4e+38 -3.4e+38 -3.4e+38 -3.4e+38 0.951016426086426 0.995962560176849 0.998265981674194 0.998269379138947 0.989148497581482 0.967315971851349 0.806692898273468 0.726322889328003 0.548771262168884 0.548124551773071 0.577286899089813 0.646698713302612 0.590848207473755 0.45232743024826 0.379337936639786 0.349381774663925 0.76695728302002 0.779465436935425 0.90740966796875 0.913762927055359 0.905409336090088 0.823719322681427 0.825518906116486 0.784578740596771 0.690391838550568 0.61038076877594 0.504579842090607
-3.4e+38 -3.4e+38 -3.4e+38 -3.4e+38 -3.4e+38 -3.4e+38 -3.4e+38 -3.4e+38 -3.4e+38 -3.4e+38 0.982766449451447 0.996537387371063 0.998962581157684 0.996212542057037 0.992306292057037 0.96584540605545 0.892554521560669 0.773734867572784 0.648867607116699 0.634935438632965 0.630456745624542 0.621028125286102 0.582175433635712 0.520349681377411 0.460205286741257 0.548997700214386 0.690414607524872 0.858136773109436 0.938665091991425 0.90651661157608 0.856964647769928 0.829371273517609 0.853249728679657 0.806114554405212 0.664480865001678 0.599684417247772 0.504830062389374
-3.4e+38 -3.4e+38 -3.4e+38 -3.4e+38 -3.4e+38 -3.4e+38 -3.4e+38 -3.4e+38 -3.4e+38 0.920903325080872 0.976166486740112 0.995484173297882 0.995296537876129 0.993196725845337 0.996685922145844 0.915015757083893 0.847301006317139 0.805912971496582 0.654223799705505 0.664308965206146 0.639741241931915 0.650894045829773 0.596369624137878 0.583860874176025 0.55845832824707 0.581951916217804 0.754764258861542 0.916643857955933 0.929033041000366 0.90414834022522 0.839772522449493 0.853639006614685 0.838020384311676 0.77940160036087 0.725317776203156 0.557125985622406 0.521849989891052
-3.4e+38 -3.4e+38 -3.4e+38 -3.4e+38 -3.4e+38 -3.4e+38 -3.4e+38 -3.4e+38 -3.4e+38 0.915797293186188 0.982193648815155 0.990587174892426 0.988778173923492 0.980351209640503 0.993146061897278 0.899062991142273 0.83926397562027 0.749517619609833 0.643008291721344 0.668489933013916 0.687912046909332 0.690011262893677 0.61983585357666 0.622194647789001 0.5924311876297 0.62209141254425 0.833374857902527 0.933629274368286 0.93269157409668 0.907629787921906 0.868130922317505 0.786572873592377 0.81872147321701 0.781676709651947 0.65654844045639 0.548429369926453 0.473185509443283
-3.4e+38 -3.4e+38 -3.4e+38 -3.4e+38 -3.4e+38 -3.4e+38 -3.4e+38 -3.4e+38 0.860227167606354 0.948323905467987 0.984427630901337 0.976306438446045 0.972845077514648 0.956623911857605 0.934449911117554 0.873162031173706 0.788247287273407 0.724387586116791 0.62763500213623 0.641633570194244 0.698134243488312 0.698792278766632 0.677467107772827 0.688142716884613 0.693003118038177 0.856576442718506 0.932440578937531 0.947205543518066 0.920410394668579 0.914489269256592 0.910152554512024 0.782364308834076 0.73186206817627 0.661867082118988 0.637313663959503 0.560235738754272 0.477881610393524
-3.4e+38 -3.4e+38 -3.4e+38 -3.4e+38 -3.4e+38 -3.4e+38 -3.4e+38 0.740660905838013 0.851655840873718 0.952411830425262 0.986878871917725 0.975203692913055 0.95716255903244 0.944121301174164 0.960446238517761 0.903293669223785 0.758557915687561 0.717339038848877 0.646115779876709 0.635715782642365 0.661132454872131 0.715084671974182 0.661593914031982 0.762441873550415 0.749683141708374 0.800952851772308 0.937828660011292 0.929533898830414 0.934342801570892 0.915299475193024 0.880288541316986 0.778165221214294 0.724830448627472 0.69310075044632 0.650063931941986 0.515368103981018 0.450080513954163
-3.4e+38 -3.4e+38 -3.4e+38 -3.4e+38 -3.4e+38 -3.4e+38 0.650088012218475 0.641445636749268 0.887285351753235 0.967569172382355 0.984319686889648 0.99191015958786 0.983089745044708 0.939949512481689 0.898886799812317 0.82571268081665 0.737479150295258 0.710941195487976 0.679226815700531 0.783608376979828 0.713580071926117 0.699680685997009 0.717356979846954 0.778930962085724 0.822829484939575 0.815165936946869 0.85340428352356 0.932207345962524 0.927321374416351 0.840121805667877 0.82466721534729 0.784614980220795 0.740583717823029 0.663678467273712 0.594990372657776 0.457357197999954 0.505294501781464
-3.4e+38 -3.4e+38 -3.4e+38 -3.4e+38 -3.4e+38 0.677199363708496 0.776894807815552 0.862605094909668 0.953574359416962 0.984022319316864 0.990978300571442 0.993401825428009 0.984848201274872 0.973563075065613 0.897129952907562 0.8282630443573 0.814628958702087 0.754638016223907 0.801147937774658 0.856068968772888 0.800935983657837 0.796773195266724 0.803548574447632 0.83918422460556 0.956425428390503 0.955253660678864 0.933476388454437 0.934562206268311 0.806825041770935 0.871025800704956 0.768410623073578 0.741334140300751 0.693109512329102 0.614562749862671 0.643637180328369 0.554542899131775 0.532771646976471
-3.4e+38 -3.4e+38 -3.4e+38 -3.4e+38 -3.4e+38 0.695228397846222 0.860566318035126 0.943328857421875 0.967842102050781 0.984837889671326 0.977377891540527 0.981967270374298 0.977930963039398 0.962406575679779 0.886672854423523 0.807531356811523 0.777694821357727 0.797257363796234 0.826413452625275 0.894631922245026 0.930361866950989 0.915749132633209 0.842999815940857 0.958300471305847 0.962593078613281 0.94579142332077 0.919414460659027 0.899685800075531 0.919808030128479 0.912260770797729 0.809862971305847 0.779143095016479 0.691786885261536 0.681306183338165 0.63555109500885 0.521435499191284 0.450157314538956
-3.4e+38 -3.4e+38 -3.4e+38 -3.4e+38 -3.4e+38 -3.4e+38 0.928686499595642 0.961650967597961 0.990290284156799 0.992427945137024 0.983202397823334 0.983564078807831 0.981659710407257 0.935258805751801 0.904728651046753 0.80612713098526 0.788996756076813 0.833247363567352 0.859165251255035 0.906388580799103 0.929600179195404 0.932220220565796 0.946009814739227 0.970063447952271 0.971508681774139 0.962649881839752 0.924831092357635 0.74366420507431 0.843258202075958 0.862467050552368 0.778850555419922 0.762746691703796 0.722003698348999 0.66211199760437 0.634551346302032 0.511577367782593 0.447687059640884
-3.4e+38 0.327930331230164 -3.4e+38 -3.4e+38 -3.4e+38 0.880650818347931 0.968647837638855 0.968945562839508 0.987669289112091 0.98825991153717 0.993697226047516 0.993915140628815 0.960392415523529 0.907241225242615 0.852126121520996 0.765647053718567 0.795857608318329 0.838631927967072 0.881784081459045 0.917521715164185 0.944085896015167 0.95398074388504 0.976353645324707 0.977377533912659 0.959217429161072 0.964849472045898 0.93861985206604 0.873484194278717 0.793032824993134 0.750469863414764 0.774747908115387 0.669171392917633 0.720515131950378 0.665816903114319 0.605323612689972 0.484204739332199 0.403943777084351
-3.4e+38 0.331341534852982 0.4427829682827 -3.4e+38 -3.4e+38 0.893734812736511 0.957690060138702 0.978774905204773 0.969501674175262 0.980261087417603 0.981317460536957 0.983905017375946 0.949928879737854 0.828459739685059 0.758417546749115 0.779961287975311 0.79402631521225 0.839901626110077 0.886272728443146 0.946896731853485 0.954807281494141 0.95671421289444 0.974561214447021 0.976530134677887 0.94406932592392 0.931341528892517 0.927148580551147 0.907211303710938 0.86415046453476 0.778840839862823 0.686105370521545 0.700200736522675 0.63889342546463 0.633627235889435 0.523255050182343 0.455925673246384 0.426238089799881
0.351443976163864 0.306635558605194 -3.4e+38 -3.4e+38 -3.4e+38 0.932144641876221 0.943220198154449 0.96448802947998 0.964417815208435 0.983381032943726 0.986286044120789 0.980152547359467 0.95716792345047 0.885321021080017 0.830741405487061 0.83369392156601 0.813799440860748 0.889810502529144 0.915087997913361 0.942271769046783 0.917997181415558 0.963456332683563 0.984645009040833 0.978267669677734 0.968000471591949 0.923827409744263 0.927929759025574 0.893449366092682 0.860630571842194 0.826996743679047 0.660485148429871 0.635645866394043 0.601255476474762 0.512423157691956 0.557141661643982 0.431348145008087 0.357394963502884
0.432436764240265 0.501259326934814 0.664287209510803 0.691732704639435 0.788580000400543 0.915776193141937 0.959840297698975 0.975949585437775 0.972758054733276 0.973371267318726 0.98322719335556 0.972261905670166 0.952167689800262 0.927697420120239 0.824498891830444 0.798745155334473 0.817032337188721 0.85958606004715 0.906225740909576 0.914926290512085 0.894810795783997 0.93955010175705 0.979458391666412 0.974736571311951 0.945884883403778 0.909646689891815 0.947803556919098 0.855839312076569 0.866643905639648 0.823541939258575 0.724517703056335 0.650989353656769 0.602747082710266 0.553103804588318 0.522790372371674 0.234605804085732 0.36425718665123
0.557299435138702 0.6375932097435 0.717377007007599 0.77691525220871 0.831695675849915 0.947403073310852 0.949928224086761 0.971212565898895 0.984015762805939 0.98040360212326 0.977709233760834 0.949400186538696 0.948898434638977 0.904732584953308 0.823928594589233 0.813809394836426 0.800763428211212 0.832807302474976 0.912992179393768 0.92606109380722 0.842143833637238 0.965384006500244 0.96431577205658 0.949215471744537 0.962861835956573 0.95409619808197 0.926386833190918 0.882031321525574 0.877091884613037 0.752700924873352 0.734319031238556 0.641372323036194 0.570193231105804 0.540610730648041 0.48602569103241 0.348837018013 0.359497427940369
0.65619170665741 0.710879564285278 0.739591062068939 0.813997566699982 0.914699733257294 0.959106981754303 0.954224228858948 0.969968616962433 0.985623002052307 0.965215682983398 0.954565465450287 0.947845995426178 0.901005208492279 0.892212450504303 0.838744401931763 0.782569408416748 0.759248733520508 0.8178790807724 0.896785736083984 0.815912246704102 0.824777483940125 0.86175262928009 0.886061072349548 0.873104810714722 0.941491782665253 0.892795503139496 0.846040189266205 0.868098735809326 0.87732857465744 0.788736402988434 0.741303145885468 0.680435180664062 0.598059356212616 0.57979416847229 0.485141515731812 0.322599083185196 0.236412972211838
0.764171719551086 0.78327077627182 0.826567351818085 0.843012452125549 0.908246994018555 0.934804201126099 0.961713850498199 0.957540810108185 0.976825714111328 0.985881745815277 0.923003315925598 0.931952595710754 0.887519299983978 0.869905233383179 0.833236157894135 0.715878009796143 0.727366864681244 0.784144937992096 0.86068731546402 0.822712123394012 0.788081467151642 0.86792129278183 0.897649943828583 0.867876887321472 0.940786480903625 0.907452940940857 0.831210613250732 0.776433527469635 0.833217263221741 0.78216016292572 0.731565296649933 0.62179434299469 0.55443149805069 0.540319263935089 0.495145201683044 0.392721384763718 0.299464911222458
0.726643264293671 0.781814336776733 0.79960709810257 0.85186368227005 0.880413472652435 0.90440970659256 0.942755818367004 0.934605658054352 0.948390066623688 0.979813992977142 0.964688003063202 0.949489176273346 0.901953816413879 0.916768789291382 0.843333959579468 0.730398535728455 0.726844668388367 0.796808362007141 0.767875611782074 0.795025050640106 0.787249505519867 0.800337612628937 0.863320052623749 0.808695435523987 0.795507788658142 0.856151878833771 0.861037015914917 0.778709828853607 0.795682072639465 0.795870363712311 0.744919419288635 0.653023958206177 0.62688821554184 0.555719912052155 0.491543799638748 0.436829894781113 0.32661771774292
0.723780512809753 0.743384063243866 0.757665157318115 0.80090719461441 0.854791939258575 0.860598027706146 0.857153475284576 0.890207171440125 0.963033080101013 0.97788941860199 0.9749795794487 0.968163371086121 0.954892456531525 0.913309931755066 0.781123518943787 0.758855938911438 0.813005924224854 0.829276621341705 0.722042381763458 0.790322840213776 0.812200367450714 0.826543927192688 0.842402160167694 0.798936486244202 0.759199559688568 0.848297834396362 0.885100364685059 0.839683592319489 0.8367840051651 0.701136767864227 0.617065727710724 0.656337380409241 0.610593736171722 0.57800430059433 0.481313675642014 0.389891386032104 0.320060908794403
0.63835346698761 0.663878679275513 0.762426674365997 0.799331367015839 0.862760007381439 0.796799600124359 0.733994245529175 0.916145801544189 0.947890400886536 0.963163793087006 0.974484622478485 0.977033078670502 0.954763770103455 0.93261706829071 0.865266382694244 0.810343623161316 0.888605058193207 0.88119775056839 0.765946447849274 0.777430951595306 0.759913861751556 0.676739633083344 0.678723037242889 0.732782363891602 0.869270980358124 0.785033226013184 0.628691375255585 0.744781672954559 0.820344030857086 0.806659579277039 0.73668760061264 0.674535274505615 0.57587194442749 0.517988860607147 0.434249430894852 0.394792109727859 0.248469322919846
0.628320395946503 0.662629663944244 0.712791502475739 0.788558900356293 0.826985597610474 0.881861686706543 0.861666619777679 0.733489990234375 0.852791607379913 0.95765745639801 0.972999393939972 0.925308704376221 0.913201749324799 0.961731016635895 0.960346281528473 0.975934207439423 0.952441215515137 0.887276172637939 0.814356088638306 0.838502049446106 0.884630441665649 0.816094517707825 0.704739212989807 0.644746899604797 0.814790546894073 0.621766984462738 0.802843630313873 0.852712273597717 0.807223498821259 0.747754693031311 0.616984009742737 0.653291642665863 0.530723869800568 0.519134521484375 0.471483200788498 0.328628033399582 0.275555372238159
-3.4e+38 0.608230173587799 0.653242886066437 0.737176239490509 0.795785427093506 0.834043681621552 0.857368648052216 0.897339046001434 0.937261521816254 0.965425312519073 0.953853726387024 0.873394072055817 0.883602917194366 0.958864033222198 0.965601623058319 0.968489527702332 0.956450343132019 0.928356170654297 0.865149319171906 0.864519953727722 0.890098690986633 0.796016454696655 0.724007487297058 0.573247909545898 0.462587267160416 0.733028590679169 0.823234260082245 0.785227835178375 0.767047345638275 0.626092970371246 0.560079216957092 0.614642679691315 0.495495647192001 0.439846783876419 0.446037948131561 0.346348881721497 0.242149904370308
-3.4e+38 0.591575562953949 0.593159377574921 0.692702949047089 0.755782306194305 0.879944980144501 0.880409955978394 0.946405470371246 0.949580430984497 0.904104471206665 0.854701042175293 0.911054491996765 0.92175167798996 0.940659582614899 0.965938627719879 0.9670729637146 0.95930004119873 0.925915122032166 0.862268269062042 0.832967162132263 0.782702386379242 0.71858286857605 0.627013325691223 0.687943518161774 0.6088507771492 0.647245645523071 0.797956824302673 0.789250135421753 0.7646524310112 0.772326767444611 0.61699253320694 0.563778758049011 0.489218145608902 0.507510364055634 0.461674302816391 0.304871916770935 0.209123373031616
-3.4e+38 -3.4e+38 0.610641479492188 0.623488068580627 0.700085639953613 0.790240049362183 0.887910187244415 0.965389668941498 0.916863858699799 0.793034613132477 0.739561200141907 0.800725281238556 0.934690773487091 0.957066297531128 0.960481941699982 0.958535134792328 0.947869956493378 0.926209211349487 0.806659340858459 0.764661014080048 0.653064548969269 0.624400794506073 0.499600440263748 0.525078356266022 0.6298006772995 0.681935250759125 0.558071970939636 0.70235550403595 0.649883627891541 0.775639235973358 0.691327810287476 0.535154402256012 0.491381883621216 0.420887142419815 0.41933935880661 0.299545139074326 0.196260526776314
