data/climate_estimation/maxent_output/Bomarea_diffracta.asc
NCOLS 43 
NROWS 42 
XLLCORNER -76.75 
YLLCORNER 3.33333333333333 
CELLSIZE 0.0833333333333332 
NODATA_value -3.4e+38 
[rows 0 to 19 of 42, columns 0 to 42 of 43]
0.019584039226174 0.0817286148667336 0.271115273237228 0.350002884864807 0.354391813278198 0.883459568023682 0.701211810112 0.494653850793839 0.549906492233276 0.691453814506531 0.0261170919984579 0.808559417724609 0.986190378665924 0.957617163658142 0.957868158817291 0.928323268890381 0.698700368404388 0.538027465343475 0.503336727619171 0.411142110824585 0.680085241794586 0.668290615081787 0.530381262302399 0.212377026677132 0.085090659558773 0.0375393219292164 0.042412132024765 0.0224377922713757 0.0147122889757156 0.0126132871955633 0.0118868770077825 0.0113151194527745 0.0124911777675152 0.0105100404471159 0.0106438202783465 0.0139255477115512 0.01557891163975 0.0230050887912512 0.0612360239028931 0.493233621120453 0.948303401470184 0.946799397468567 0.189795434474945
0.0153829492628574 0.118656985461712 0.286821126937866 0.184988141059875 0.158861830830574 0.781322538852692 0.900736689567566 0.806664884090424 0.743660151958466 0.763452470302582 0.0601519271731377 0.198866933584213 0.973685741424561 0.935878336429596 0.875202536582947 0.842492282390594 0.730458557605743 0.550160706043243 0.499159514904022 0.329587399959564 0.665804445743561 0.615937292575836 0.464346766471863 0.265607923269272 0.109239690005779 0.0471345633268356 0.031580526381731 0.019270196557045 0.010312550701201 0.0119808595627546 0.0128963300958276 0.011686903424561 0.0132575184106827 0.0125668542459607 0.0126790711656213 0.0173468496650457 0.0181242022663355 0.0421896353363991 0.0892586037516594 0.809380412101746 0.962418675422668 0.286352455615997 0.122373223304749
0.0164877492934465 0.0405135303735733 0.108000725507736 0.0719259008765221 0.088506206870079 0.718848168849945 0.952578365802765 0.946447730064392 0.91565066576004 0.716122329235077 0.179595485329628 0.0202011093497276 0.894862055778503 0.926882266998291 0.662328600883484 0.601219773292542 0.644891083240509 0.607981622219086 0.535324513912201 0.47224560379982 0.671124756336212 0.58908474445343 0.462328672409058 0.265986055135727 0.147190675139427 0.0401387475430965 0.0365355275571346 0.0165423508733511 0.00949886627495289 0.0120060928165913 0.0151078877970576 0.0146623821929097 0.0157216731458902 0.0169094670563936 0.0195034351199865 0.0230625346302986 0.0281174592673779 0.0897193998098373 0.263035237789154 0.945091247558594 0.954388916492462 0.340488433837891 0.239734530448914
0.0322385840117931 0.040972862392664 0.0636837258934975 0.0449031852185726 0.0591891743242741 0.484645068645477 0.922772347927094 0.967442333698273 0.979155361652374 0.750851333141327 0.0732559785246849 0.000821465626358986 0.497313469648361 0.880481660366058 0.621416330337524 0.494220167398453 0.525968670845032 0.544688165187836 0.519506096839905 0.729711711406708 0.633832335472107 0.405923187732697 0.362375617027283 0.251117795705795 0.135627508163452 0.0502168610692024 0.037447527050972 0.0109104355797172 0.00847829971462488 0.012733718380332 0.0174452606588602 0.0200512278825045 0.0199255552142859 0.0220751725137234 0.0251795779913664 0.0350368022918701 0.0791874155402184 0.124470442533493 0.755336701869965 0.966200649738312 0.970577597618103 0.162428840994835 0.114232294261456
0.0492515861988068 0.0397310070693493 0.147281900048256 0.0382875427603722 0.115452110767365 0.367008745670319 0.783228933811188 0.990096211433411 0.981411933898926 0.817558109760284 0.171183407306671 0.00200181873515248 0.141833648085594 0.757564604282379 0.624948859214783 0.475433588027954 0.58715808391571 0.661275625228882 0.816793918609619 0.906774401664734 0.826819121837616 0.607135474681854 0.329552829265594 0.208166107535362 0.114820152521133 0.06316027790308 0.0271203313022852 0.00953031703829765 0.0108570475131273 0.0183183047920465 0.0232417117804289 0.0258458033204079 0.0288456529378891 0.0289123263210058 0.0312119666486979 0.0779246091842651 0.116125769913197 0.105271384119987 0.374702900648117 0.966805934906006 0.952097713947296 0.177893772721291 0.899650096893311
0.0640636533498764 0.0460647344589233 0.196859255433083 0.0660399869084358 0.174843996763229 0.447925329208374 0.632233083248138 0.902660429477692 0.945399522781372 0.867489278316498 0.146804168820381 0.113076575100422 0.617164313793182 0.832614541053772 0.763678252696991 0.619749546051025 0.749050080776215 0.830306112766266 0.928757429122925 0.938095688819885 0.806948184967041 0.528166770935059 0.224970474839211 0.154218643903732 0.0766793787479401 0.0490408018231392 0.0202831439673901 0.0141075877472758 0.0181543510407209 0.0220787283033133 0.0295168049633503 0.0361341126263142 0.0353759154677391 0.0346488133072853 0.0887543931603432 0.520407557487488 0.153549328446388 0.323539316654205 0.965684056282043 0.969634711742401 0.725897192955017 0.652657449245453 0.971767902374268
0.124313741922379 0.0733363479375839 0.132923126220703 0.0504378415644169 0.239148676395416 0.637535750865936 0.823169827461243 0.803700268268585 0.952900469303131 0.812605440616608 0.122378662228584 0.391560077667236 0.823759198188782 0.78837114572525 0.717458605766296 0.839028298854828 0.858439028263092 0.934833347797394 0.973280847072601 0.967713892459869 0.773641884326935 0.618659317493439 0.333829253911972 0.110056482255459 0.0599914565682411 0.0289880391210318 0.015541429631412 0.0173423178493977 0.0190547872334719 0.0291292555630207 0.0438392907381058 0.0354821048676968 0.0495954230427742 0.0501327589154243 0.215703964233398 0.867023825645447 0.20995557308197 0.306532442569733 0.983676373958588 0.97895473241806 0.492915987968445 0.971367657184601 0.979546844959259
0.235684931278229 0.14170241355896 0.0722460001707077 0.0955487266182899 0.119470097124577 0.526553332805634 0.91591614484787 0.768088340759277 0.888325273990631 0.544573724269867 0.17426398396492 0.329216122627258 0.811744213104248 0.705054640769958 0.862255215644836 0.907442510128021 0.920384526252747 0.938365638256073 0.943369507789612 0.987085461616516 0.969656109809875 0.607770562171936 0.291103184223175 0.0823472514748573 0.0489624962210655 0.0186873357743025 0.0165950749069452 0.0198979359120131 0.0235957931727171 0.0294991359114647 0.0427954830229282 0.042621660977602 0.0467199422419071 0.0941078513860703 0.285816878080368 0.516728401184082 0.580819845199585 0.969572246074677 0.986628532409668 0.941544771194458 0.988344252109528 0.993676900863647 0.976835906505585
0.495363533496857 0.335094749927521 0.13739638030529 0.159780412912369 0.112224347889423 0.316585689783096 0.81653356552124 0.890319645404816 0.914904117584229 0.684536039829254 0.303549468517303 0.288854777812958 0.784635961055756 0.759646356105804 0.951715469360352 0.939504563808441 0.94246631860733 0.936764597892761 0.94854736328125 0.955221176147461 0.966881692409515 0.83358895778656 0.277882784605026 0.0503483153879642 0.0339108742773533 0.0146154491230845 0.0164096429944038 0.0207934156060219 0.0223664026707411 0.0353951826691628 0.0467552505433559 0.0450832732021809 0.0957047268748283 0.172136515378952 0.768649339675903 0.986693918704987 0.990405678749084 0.974368810653687 0.956333875656128 0.911141633987427 0.991549968719482 0.989564657211304 0.979484856128693
0.609967768192291 0.533847212791443 0.29811617732048 0.171729847788811 0.161285951733589 0.342966556549072 0.767673373222351 0.965069472789764 0.93610817193985 0.765564024448395 0.442871570587158 0.500251710414886 0.506888151168823 0.847512602806091 0.968451142311096 0.915413022041321 0.948157548904419 0.944029450416565 0.91582202911377 0.797864496707916 0.921904325485229 0.289107024669647 0.140605464577675 0.0414935946464539 0.0201409049332142 0.0154503220692277 0.0175763163715601 0.0187543090432882 0.0212731510400772 0.0348210036754608 0.0818780213594437 0.0527386553585529 0.444898247718811 0.339385986328125 0.975959241390228 0.940662086009979 0.913787543773651 0.981462061405182 0.957774937152863 0.983781933784485 0.979864895343781 0.938593685626984 0.745739042758942
0.573342144489288 0.580678641796112 0.436966270208359 0.235086396336555 0.24133412539959 0.596818268299103 0.825503885746002 0.949721097946167 0.891904234886169 0.574745893478394 0.175775110721588 0.246943101286888 0.518922686576843 0.843489587306976 0.863754153251648 0.925790190696716 0.950377643108368 0.965452790260315 0.899038851261139 0.671381950378418 0.310762286186218 0.256018787622452 0.153845429420471 0.0325445793569088 0.0197508335113525 0.0160155277699232 0.0180037561804056 0.0186976715922356 0.0239879805594683 0.0840257331728935 0.0755996853113174 0.167518123984337 0.379174917936325 0.959356009960175 0.912378489971161 0.930694758892059 0.940779566764832 0.947733879089355 0.928480327129364 0.910361886024475 0.905325770378113 0.766780138015747 0.594122111797333
0.512518405914307 0.552681386470795 0.532696604728699 0.346120029687881 0.638625860214233 0.752675294876099 0.750959277153015 0.919682264328003 0.791661083698273 0.500208497047424 0.209617987275124 0.167056679725647 0.308012902736664 0.264243215322495 0.502953350543976 0.895813465118408 0.919380247592926 0.921001851558685 0.895919859409332 0.773339569568634 0.493248760700226 0.263199985027313 0.090717613697052 0.0295473616570234 0.0140803484246135 0.0120428865775466 0.0137432776391506 0.0211167726665735 0.0259873270988464 0.159628555178642 0.143574059009552 0.129299804568291 0.274877548217773 0.945380985736847 0.864915072917938 0.942582607269287 0.946233212947845 0.8917196393013 0.844245851039886 0.722241461277008 0.680437743663788 0.609173595905304 0.463653117418289
0.493092030286789 0.545637369155884 0.548786759376526 0.45453292131424 0.815938532352448 0.839669108390808 0.642588675022125 0.789525091648102 0.821120142936707 0.329905897378922 0.546888053417206 0.876450955867767 0.476579874753952 0.0632847175002098 0.462162554264069 0.887281000614166 0.874036312103271 0.904300808906555 0.892676293849945 0.900240361690521 0.925421297550201 0.31230616569519 0.106173470616341 0.0242804624140263 0.0106916045770049 0.0105930054560304 0.0141984550282359 0.0172429531812668 0.0361422412097454 0.164108589291573 0.16695012152195 0.130872711539268 0.74139803647995 0.923314094543457 0.879169702529907 0.863345503807068 0.750868916511536 0.678557872772217 0.665440738201141 0.627602756023407 0.665442705154419 0.339668273925781 0.174284100532532
0.423813879489899 0.576962411403656 0.606183469295502 0.591314494609833 0.594040513038635 0.684343755245209 0.656811892986298 0.8150954246521 0.925045609474182 0.591930449008942 0.519094228744507 0.935947418212891 0.676089406013489 0.0999159663915634 0.262898236513138 0.621513366699219 0.771789610385895 0.910177707672119 0.836681365966797 0.881713032722473 0.862362742424011 0.308071315288544 0.0806833952665329 0.0162697434425354 0.0101922946050763 0.0112435603514314 0.0156106818467379 0.0211184285581112 0.12867796421051 0.237224817276001 0.257036924362183 0.322065800428391 0.325023859739304 0.447356641292572 0.860455572605133 0.688927471637726 0.659638583660126 0.597182273864746 0.459877490997314 0.570114612579346 0.262881189584732 0.170320525765419 0.0754941627383232
0.469513088464737 0.614567339420319 0.641795933246613 0.641900777816772 0.505657017230988 0.671598196029663 0.799884378910065 0.736438870429993 0.899141252040863 0.825783789157867 0.620389223098755 0.887096166610718 0.784530341625214 0.355763018131256 0.267537325620651 0.73762834072113 0.833810567855835 0.912949204444885 0.896827220916748 0.601121962070465 0.713778495788574 0.517562031745911 0.111255660653114 0.0156595390290022 0.0114742079749703 0.0105675645172596 0.0216387528926134 0.10680790990591 0.330373615026474 0.207068920135498 0.495234400033951 0.375140696763992 0.242518976330757 0.869973301887512 0.689370334148407 0.471407502889633 0.462935596704483 0.232981249690056 0.171150803565979 0.255339384078979 0.125982984900475 0.0794954970479012 0.0346604362130165
0.472213447093964 0.598509788513184 0.587779998779297 0.576997876167297 0.68261194229126 0.877867221832275 0.742174565792084 0.540360450744629 0.805618822574615 0.924806654453278 0.824364840984344 0.943418383598328 0.932572901248932 0.716719210147858 0.404559671878815 0.798969030380249 0.912552058696747 0.925215303897858 0.795285582542419 0.663123667240143 0.896623492240906 0.322921305894852 0.0689534842967987 0.0119445398449898 0.0116931051015854 0.0102434903383255 0.0317828580737114 0.177599787712097 0.390652269124985 0.535508632659912 0.494213908910751 0.322392523288727 0.442160218954086 0.807374238967896 0.324954926967621 0.244379550218582 0.287057250738144 0.189682200551033 0.156047344207764 0.15588590502739 0.0867951884865761 0.049951434135437 0.0274393316358328
0.439447432756424 0.751037061214447 0.753647148609161 0.65038537979126 0.8265181183815 0.806686580181122 0.632935881614685 0.539145290851593 0.467758566141129 0.773636758327484 0.817952275276184 0.911759376525879 0.699323117733002 0.449056893587112 0.36739307641983 0.772839367389679 0.939396798610687 0.958379209041595 0.886615097522736 0.903899967670441 0.874303340911865 0.435918509960175 0.044560294598341 0.0126384953036904 0.00961580593138933 0.0152679476886988 0.168398886919022 0.472686409950256 0.53752988576889 0.450254142284393 0.690223217010498 0.578571498394012 0.549320936203003 0.830325067043304 0.337678104639053 0.167677611112595 0.173487678170204 0.236066460609436 0.212999433279037 0.102306120097637 0.0498436130583286 0.0304669346660376 0.0555220656096935
0.44217911362648 0.655929386615753 0.768126726150513 0.780852377414703 0.884508728981018 0.735367119312286 0.750152945518494 0.600593626499176 0.509694457054138 0.394602090120316 0.691517114639282 0.800662279129028 0.701092302799225 0.147347867488861 0.567711532115936 0.863505959510803 0.976006329059601 0.978062629699707 0.965810477733612 0.885046720504761 0.722736060619354 0.627058923244476 0.0376154109835625 0.0173477455973625 0.00834290031343699 0.0390424765646458 0.0688544884324074 0.64899092912674 0.605640053749084 0.513568162918091 0.431735426187515 0.654859900474548 0.811901330947876 0.604596734046936 0.34209543466568 0.178069114685059 0.132124468684196 0.278784781694412 0.149279817938805 0.0556916184723377 0.0222423188388348 0.0193749964237213 0.0241522919386625
0.951476275920868 0.985349178314209 0.871674239635468 0.80982369184494 0.907863080501556 0.854102075099945 0.810472309589386 0.685614407062531 0.545358002185822 0.635012030601501 0.595932900905609 0.62068635225296 0.349920302629471 0.139685988426208 0.618117928504944 0.904608845710754 0.978464901447296 0.97695779800415 0.97706663608551 0.889870047569275 0.658765375614166 0.690666258335114 0.0404327921569347 0.0129571873694658 0.0114934127777815 0.0991076231002808 0.178015545010567 0.359553247690201 0.646712005138397 0.560248851776123 0.707626402378082 0.846436202526093 0.63064968585968 0.66839075088501 0.218613147735596 0.12192165106535 0.145670726895332 0.154810324311256 0.0812937766313553 0.0241788122802973 0.0131807755678892 0.0132324621081352 0.0193426012992859
1 1 0.990521132946014 0.958493947982788 0.959577620029449 0.881167590618134 0.831711769104004 0.851597309112549 0.580335080623627 0.723024427890778 0.542960166931152 0.525744020938873 0.189631313085556 0.128639727830887 0.695409417152405 0.941285133361816 0.97069787979126 0.965581893920898 0.924463331699371 0.850628972053528 0.658604443073273 0.443278431892395 0.0395739041268826 0.0127595458179712 0.0065208999440074 0.127648174762726 0.11118957400322 0.120120242238045 0.557780086994171 0.647681057453156 0.778406858444214 0.655156075954437 0.749638736248016 0.606382846832275 0.317854315042496 0.218216300010681 0.181671172380447 0.107312947511673 0.149721309542656 0.0211022645235062 0.0123788816854358 0.0168860219419003 0.0178571585565805
