data/climate_estimation/maxent_output/Bomarea_linifolia.asc
NCOLS 72 
NROWS 123 
XLLCORNER -78.9166666666667 
YLLCORNER -3.41666666666667 
CELLSIZE 0.0833333333333333 
NODATA_value -3.4e+38 
[rows 76 to 94 of 123, columns 0 to 42 of 72]
0.179501637816429 0.215577811002731 0.127892166376114 0.164034694433212 0.122946336865425 0.114599287509918 0.738412082195282 0.724593937397003 0.0346569158136845 0.0139192584902048 0.0221729166805744 0.128315955400467 0.740356922149658 0.828152656555176 0.719878673553467 0.672747135162354 0.405147105455399 0.493353009223938 0.24707867205143 0.0777416378259659 0.0331241525709629 0.0260880421847105 0.0259839631617069 0.0217890217900276 0.0186686646193266 0.0149233993142843 0.0140940584242344 0.0126470196992159 0.0108704753220081 0.0116756400093436 0.0119354585185647 0.0111969718709588 0.011047100648284 0.0116840396076441 0.0110492631793022 0.00944694504141808 0.00802640989422798 0.00836263969540596 0.00782433524727821 0.0066005066037178 0.00556055456399918 0.00461107864975929 0.00381686957553029
0.176464587450027 0.248655319213867 0.233389019966125 0.144116565585136 0.0456232316792011 0.0533732511103153 0.775527834892273 0.174597874283791 0.0279830247163773 0.0317094251513481 0.236349985003471 0.263700634241104 0.791676104068756 0.800070106983185 0.757822573184967 0.509654462337494 0.37042647600174 0.29026734828949 0.117358736693859 0.0458662398159504 0.030276445671916 0.022706663236022 0.0195168145000935 0.018620390444994 0.0157416816800833 0.014440793544054 0.0139353619888425 0.0124701457098126 0.0114634484052658 0.010614993982017 0.0121020600199699 0.0110359415411949 0.0118811130523682 0.0114740403369069 0.0107117230072618 0.0099777914583683 0.00962835270911455 0.00887707155197859 0.00869187247008085 0.00664618844166398 0.00560751184821129 0.00475877802819014 0.00405211094766855
0.0988557562232018 0.114149741828442 0.11876317858696 0.0957444980740547 0.0418278612196445 0.118424654006958 0.178390100598335 0.0713759437203407 0.310246706008911 0.213479816913605 0.813946545124054 0.76374477148056 0.826415002346039 0.802265167236328 0.464124649763107 0.301294147968292 0.155809327960014 0.0901109650731087 0.0679460167884827 0.0404955819249153 0.0281558092683554 0.0245942119508982 0.021462008357048 0.0178632754832506 0.0161029994487762 0.0137687204405665 0.014448668807745 0.0128626683726907 0.0124493828043342 0.0115454792976379 0.0127833820879459 0.0114920698106289 0.0112578589469194 0.0115450797602534 0.0107180336490273 0.0103638945147395 0.0106571977958083 0.00901075825095177 0.00803793594241142 0.00765097653493285 0.00599307380616665 0.00493235047906637 0.00425235461443663
0.0225383434444666 0.0607151240110397 0.0613937452435493 0.0524511374533176 0.0394587703049183 0.0880200937390327 0.115807354450226 0.164480328559875 0.301557272672653 0.471279114484787 0.88154125213623 0.85284548997879 0.837523877620697 0.648890495300293 0.275712996721268 0.0942382961511612 0.0880976617336273 0.0575918033719063 0.059373252093792 0.0425466485321522 0.0260984990745783 0.0218297354876995 0.0205210894346237 0.0184668581932783 0.0171164851635695 0.0155082056298852 0.0159469004720449 0.0133230583742261 0.0126656880602241 0.0123601853847504 0.0123478267341852 0.01114287879318 0.0110157914459705 0.0111693758517504 0.010554269887507 0.010604115203023 0.0104664899408817 0.0097285695374012 0.00803351495414972 0.00747333327308297 0.00654797069728374 0.00534025533124804 0.00401307409629226
0.0806766375899315 0.167730212211609 0.121929652988911 0.0968538671731949 0.0404576137661934 0.0241371598094702 0.0345700830221176 0.864748954772949 0.688834607601166 0.691121160984039 0.859446585178375 0.831748783588409 0.809362292289734 0.776422917842865 0.240374341607094 0.14249187707901 0.0993510484695435 0.0539752915501595 0.0650329142808914 0.0642425194382668 0.0291896145790815 0.0239178463816643 0.0196929778903723 0.0190293565392494 0.0183779578655958 0.0179778449237347 0.0170479416847229 0.0160750988870859 0.0151629894971848 0.0132031813263893 0.0135086700320244 0.0125679709017277 0.0112165184691548 0.0113639179617167 0.0103973858058453 0.0103360740467906 0.0106049170717597 0.00998494029045105 0.00865220744162798 0.00753289181739092 0.00637945393100381 0.00560186523944139 0.00464462488889694
0.100958146154881 0.182531878352165 0.172426611185074 0.0893549770116806 0.0648925006389618 0.0375019796192646 0.025294054299593 0.100974380970001 0.0998725891113281 0.402325361967087 0.835175693035126 0.817122757434845 0.793201088905334 0.627417147159576 0.435659408569336 0.145125195384026 0.120951659977436 0.0897889509797096 0.0412526428699493 0.0370129495859146 0.0253968872129917 0.0235277563333511 0.0230454280972481 0.0202917270362377 0.0198935847729445 0.0194293204694986 0.0178267937153578 0.0153134418651462 0.0158452466130257 0.0140620935708284 0.0140204196795821 0.0127434991300106 0.0114011289551854 0.0113858291879296 0.0109921284019947 0.0106713715940714 0.00963866431266069 0.00973338447511196 0.00780242262408137 0.00664750952273607 0.00640113977715373 0.00500829238444567 0.00446142256259918
0.189178109169006 0.179486259818077 0.168247565627098 0.0693939700722694 0.139067888259888 0.0445933453738689 0.0124331153929234 0.0254537425935268 0.865889430046082 0.895129978656769 0.7963587641716 0.754296183586121 0.778362512588501 0.38334932923317 0.496612519025803 0.232603028416634 0.16145122051239 0.128605961799622 0.0519052520394325 0.036317303776741 0.0280278120189905 0.0279578939080238 0.0238662753254175 0.0234103351831436 0.0216010026633739 0.0202207062393427 0.0179576892405748 0.0158493481576443 0.0152124734595418 0.0143056306988001 0.0133781153708696 0.0126470699906349 0.0112509587779641 0.0109125413000584 0.0112056694924831 0.00992371141910553 0.00964527670294046 0.0092182420194149 0.00851030275225639 0.0064819254912436 0.00594115303829312 0.00494692102074623 0.00400333013385534
0.190252840518951 0.223183318972588 0.196637555956841 0.395919233560562 0.704265117645264 0.0367011576890945 0.0115198697894812 0.0716251954436302 0.879864931106567 0.823514997959137 0.761621534824371 0.69174736738205 0.675511956214905 0.341043919324875 0.280428051948547 0.197797775268555 0.170727118849754 0.139517053961754 0.0629338994622231 0.040726225823164 0.0290082432329655 0.027437336742878 0.0254548247903585 0.0239232834428549 0.0222007501870394 0.019627146422863 0.0176815576851368 0.0160501971840858 0.0145628154277802 0.0142838079482317 0.0120552247390151 0.0119367586448789 0.0117568904533982 0.0104571292176843 0.0106707355007529 0.0101526593789458 0.0095354625955224 0.00865032337605953 0.00800399575382471 0.00648366427049041 0.00572656979784369 0.00427497876808047 0.00405038241297007
0.133732438087463 0.227558255195618 0.0805508270859718 0.528924286365509 0.686630129814148 0.0400823652744293 0.017309682443738 0.843791842460632 0.822116553783417 0.795926570892334 0.775431752204895 0.710343599319458 0.66981041431427 0.309511303901672 0.167032346129417 0.174115687608719 0.181354835629463 0.168502196669579 0.100665360689163 0.0332493856549263 0.0270630959421396 0.0235006753355265 0.0229928083717823 0.021765923127532 0.0217610467225313 0.0195621680468321 0.0174306742846966 0.0145375411957502 0.0133131705224514 0.0128922546282411 0.0125488862395287 0.0114625804126263 0.011099056340754 0.0101542621850967 0.00983112771064043 0.0101235508918762 0.00895582605153322 0.00868023373186588 0.00728790508583188 0.00625933846458793 0.0055229770950973 0.00475102430209517 0.00378646049648523
0.184798941016197 0.211997494101524 0.125275641679764 0.659917414188385 0.268779039382935 0.0470096617937088 0.0642285123467445 0.889145374298096 0.797678828239441 0.77844512462616 0.717477858066559 0.641789674758911 0.443874180316925 0.182681515812874 0.183297589421272 0.188074469566345 0.194018647074699 0.188373371958733 0.0515124946832657 0.0274292137473822 0.0225041825324297 0.020928094163537 0.0200216248631477 0.0209115128964186 0.0197796560823917 0.0192642658948898 0.0161819141358137 0.0138672096654773 0.0123370066285133 0.0128679741173983 0.0120242033153772 0.0121387466788292 0.0108971064910293 0.00999443419277668 0.00939591787755489 0.0101198107004166 0.00833714939653873 0.00762761291116476 0.00702167628332973 0.00629197433590889 0.00542739499360323 0.00466948188841343 0.00417043268680573
0.16096268594265 0.205960720777512 0.180086717009544 0.819979012012482 0.33837166428566 0.107642263174057 0.357317715883255 0.841722667217255 0.785548150539398 0.772817373275757 0.729685723781586 0.578205704689026 0.359540969133377 0.177302494645119 0.243033200502396 0.223061323165894 0.192238360643387 0.153345018625259 0.0409950315952301 0.0261107366532087 0.0221354831010103 0.0191632807254791 0.0177791360765696 0.0198878720402718 0.0195879191160202 0.0155445039272308 0.014936912804842 0.0124190645292401 0.012603129260242 0.0119675723835826 0.0127672106027603 0.0124000525102019 0.0113871907815337 0.0100283613428473 0.0101252757012844 0.00935553852468729 0.00803845468908548 0.00739023089408875 0.00680307392030954 0.00598328746855259 0.00513908453285694 0.00415683863684535 0.00398166198283434
0.218595281243324 0.135045275092125 0.173792079091072 0.591607511043549 0.436977952718735 0.87207704782486 0.888131856918335 0.799645602703094 0.768067479133606 0.748587608337402 0.696693658828735 0.477540403604507 0.198032051324844 0.205451399087906 0.311179637908936 0.201153293251991 0.205204248428345 0.130370169878006 0.0350869484245777 0.0255876202136278 0.0220464132726192 0.0195627305656672 0.0186043325811625 0.0186468046158552 0.0184002723544836 0.0159272570163012 0.0127515234053135 0.0126585615798831 0.0123930769041181 0.0112185180187225 0.0109394872561097 0.0118006132543087 0.0105387680232525 0.0101817296817899 0.00967890955507755 0.0084580946713686 0.00778327183797956 0.00725370366126299 0.00625834986567497 0.00578451249748468 0.00492382328957319 0.00449292734265327 0.00382280349731445
0.117565497756004 0.107063435018063 0.49164342880249 0.724010527133942 0.794193625450134 0.860623240470886 0.725909173488617 0.767654716968536 0.75211888551712 0.703148722648621 0.683490812778473 0.55651867389679 0.178495287895203 0.285761177539825 0.20196259021759 0.231918603181839 0.206832185387611 0.128475204110146 0.0441347621381283 0.0228264313191175 0.0210898350924253 0.0173063576221466 0.018059853464365 0.0183968208730221 0.0173603519797325 0.0153493275865912 0.0132862273603678 0.0130004957318306 0.0126003827899694 0.0115831717848778 0.0105949891731143 0.0109635852277279 0.0113462954759598 0.0102764051407576 0.00989392399787903 0.00870341993868351 0.00768281146883965 0.0078328400850296 0.00625808816403151 0.00599645962938666 0.00521670700982213 0.00486750062555075 0.00383108132518828
0.116178162395954 0.257704883813858 0.524492979049683 0.864608883857727 0.843256592750549 0.666459083557129 0.690029084682465 0.752760231494904 0.735061883926392 0.692583560943604 0.639403700828552 0.484462469816208 0.156206324696541 0.177280217409134 0.222070664167404 0.231956362724304 0.218584164977074 0.0886988043785095 0.0420255102217197 0.0246703438460827 0.0193420313298702 0.0168161243200302 0.018262455239892 0.0184126123785973 0.017584964632988 0.0153017221018672 0.0139136165380478 0.0118551841005683 0.0119997123256326 0.0109234154224396 0.0106153832748532 0.0102073615416884 0.0101011246442795 0.00963910855352879 0.00933985970914364 0.00853686593472958 0.00763274123892188 0.0068626357242465 0.00633448455482721 0.00624875305220485 0.00515078101307154 0.00470770709216595 0.00435090577229857
0.104393608868122 0.239675462245941 0.47737330198288 0.426584988832474 0.676122307777405 0.5398069024086 0.706744730472565 0.798854768276215 0.712468981742859 0.684918165206909 0.542954683303833 0.294979482889175 0.175855934619904 0.182705506682396 0.169227316975594 0.184390783309937 0.137509793043137 0.0431165657937527 0.0266190469264984 0.0226464625447989 0.0176774207502604 0.0168078001588583 0.0170183423906565 0.016612259671092 0.0163672361522913 0.0149531783536077 0.014964790083468 0.014411486685276 0.0127698397263885 0.0114806285127997 0.0104488600045443 0.01150834094733 0.0111206546425819 0.00960678979754448 0.00842898245900869 0.0085137989372015 0.00758397346362472 0.00638892920687795 0.00649913586676121 0.00547022046521306 0.00525064673274755 0.00459811091423035 0.00457420479506254
0.100237257778645 0.233233079314232 0.160424783825874 0.155929133296013 0.388426840305328 0.70105391740799 0.706043362617493 0.767511188983917 0.712239444255829 0.605883061885834 0.163343697786331 0.138919815421104 0.196511775255203 0.107750043272972 0.108683936297894 0.108229629695415 0.112100206315517 0.0323072448372841 0.0212770849466324 0.0197051633149385 0.0179521609097719 0.0174840707331896 0.0163063500076532 0.0150304939597845 0.0152902482077479 0.0153197171166539 0.0149872731417418 0.0121550420299172 0.0125098377466202 0.0116522200405598 0.0118009215220809 0.0119768371805549 0.0106770815327764 0.00931120570749044 0.00895901303738356 0.0079853693023324 0.00770226260647178 0.00686567556113005 0.00652000959962606 0.0055687571875751 0.00509428279474378 0.00501952692866325 0.00427778717130423
0.115580469369888 0.171211004257202 0.155723884701729 0.0743574574589729 0.378464460372925 0.615913033485413 0.74664032459259 0.770159423351288 0.688960611820221 0.436739593744278 0.160596266388893 0.152938783168793 0.144328236579895 0.0738042742013931 0.0828502774238586 0.106275074183941 0.129274487495422 0.0265084803104401 0.0208296217024326 0.0190461203455925 0.0175504740327597 0.0185006912797689 0.0161708798259497 0.01563117839396 0.0152454450726509 0.0153932496905327 0.0141023639589548 0.0135364076122642 0.0119457859545946 0.012029429897666 0.0119631495326757 0.0115452092140913 0.0100635066628456 0.0100531680509448 0.00845602806657553 0.00867831334471703 0.00778125552460551 0.00690984074026346 0.00644587120041251 0.0055410317145288 0.00514062866568565 0.00507723540067673 0.00470784539356828
0.127550020813942 0.171204701066017 0.0898258686065674 0.0569272488355637 0.456230819225311 0.735787272453308 0.77629566192627 0.699632704257965 0.526675283908844 0.343496084213257 0.160744205117226 0.151559308171272 0.0883524194359779 0.0581239014863968 0.0751055404543877 0.0758058503270149 0.0395092815160751 0.0240265335887671 0.0198897812515497 0.0200381111353636 0.0187713112682104 0.0178793650120497 0.0172826163470745 0.0166724342852831 0.0160322431474924 0.0149767566472292 0.0134441452100873 0.0137804308906198 0.01257140096277 0.0142628271132708 0.013333042152226 0.0119448080658913 0.0101320864632726 0.00980062782764435 0.00859255995601416 0.00877795089036226 0.0071496763266623 0.00708939461037517 0.00661336677148938 0.00568818068131804 0.00503173982724547 0.00502211833372712 0.00460975291207433
0.117284387350082 0.212312027812004 0.147639736533165 0.0750969648361206 0.259052932262421 0.676260530948639 0.748861789703369 0.667691946029663 0.30060413479805 0.147393390536308 0.153261333703995 0.137820914387703 0.0678842216730118 0.0531717501580715 0.0451478362083435 0.0317777320742607 0.0264839399605989 0.0266580302268267 0.0222794469445944 0.0200501214712858 0.0188919231295586 0.0158327389508486 0.0148650789633393 0.0135738775134087 0.0141759412363172 0.01368463691324 0.0134827019646764 0.0120393736287951 0.0124625097960234 0.0132161360234022 0.0123199196532369 0.0118021629750729 0.0103175956755877 0.0099105192348361 0.00935165770351887 0.00911173038184643 0.0076338816434145 0.00711633963510394 0.00600084569305182 0.00559794809669256 0.00507624400779605 0.00520401448011398 0.00480720167979598
