data/climate_estimation/maxent_output/Bomarea_pauciflora.asc
NCOLS 94 
NROWS 157 
XLLCORNER -79.25 
YLLCORNER -3.25 
CELLSIZE 0.0833333333333333 
NODATA_value -3.4e+38 
[rows 95 to 113 of 157, columns 0 to 43 of 94]
-3.4e+38 -3.4e+38 -3.4e+38 -3.4e+38 -3.4e+38 0.0630481839179993 -3.4e+38 -3.4e+38 0.0442707575857639 0.0351180285215378 0.0243254210799932 0.0182273183017969 0.0122591136023402 0.00927520822733641 0.00730460649356246 0.00618447037413716 0.00649724062532187 0.0103385299444199 0.0117791779339314 0.0170548409223557 0.0237997695803642 0.0592005513608456 0.160389870405197 0.0297530926764011 0.015205948613584 0.016113955527544 0.0218967609107494 0.168404161930084 0.250466227531433 0.817950427532196 0.519281327724457 0.566777884960175 0.673673450946808 0.441874146461487 0.209251642227173 0.169707491993904 0.113823339343071 0.0830825492739677 0.100662246346474 0.202248260378838 0.158735707402229 0.107853710651398 0.438472419977188 0.40320959687233
-3.4e+38 -3.4e+38 -3.4e+38 0.0523977056145668 0.0525565892457962 0.0563195794820786 0.0591292977333069 0.056635994464159 0.0422017127275467 0.0341816209256649 0.0226990301162004 0.0169028397649527 0.0122208287939429 0.0092156371101737 0.0078008621931076 0.00697004143148661 0.00876704603433609 0.0106175132095814 0.0179615244269371 0.0274400059133768 0.041513703763485 0.107149764895439 0.309856563806534 0.022303456440568 0.02809570543468 0.031878437846899 0.0853089988231659 0.511942982673645 0.78218799829483 0.866972088813782 0.453790813684464 0.447371602058411 0.487755626440048 0.428813993930817 0.472753435373306 0.394605606794357 0.246315985918045 0.181244358420372 0.243434891104698 0.233521357178688 0.222670361399651 0.470207571983337 0.482687443494797 0.163915544748306
-3.4e+38 -3.4e+38 0.0446209125220776 0.0479541383683681 0.0505816712975502 0.0541206374764442 0.0565115064382553 0.0554284229874611 0.0423828922212124 0.0329856127500534 0.0242141969501972 0.0162190236151218 0.0125473961234093 0.00982487853616476 0.00768588623031974 0.00671914592385292 0.0103249913081527 0.00959953386336565 0.0625078901648521 0.332460701465607 0.0584003739058971 0.134145140647888 0.167783468961716 0.0310222953557968 0.0414882861077785 0.0702774971723557 0.538625121116638 0.915854513645172 0.623117029666901 0.503739476203918 0.440938204526901 0.415245831012726 0.252606302499771 0.50140643119812 0.622622191905975 0.616484344005585 0.455033421516418 0.345491647720337 0.323181450366974 0.33932301402092 0.468797832727432 0.260114878416061 0.220519691705704 0.0193500462919474
-3.4e+38 -3.4e+38 0.0387927927076817 0.043453861027956 0.0429150499403477 0.0482387617230415 0.049275316298008 0.0482550710439682 0.0410888157784939 0.0306939240545034 0.0233052391558886 0.0168255008757114 0.0124666662886739 0.0107408249750733 0.00826920103281736 0.00871630012989044 0.00781991519033909 0.0151653150096536 0.15032596886158 0.711367726325989 0.664844810962677 0.0922009348869324 0.0725954994559288 0.0528696775436401 0.100969895720482 0.194493651390076 0.767355024814606 0.89597874879837 0.53165078163147 0.495799660682678 0.493879467248917 0.354120284318924 0.177631855010986 0.415578186511993 0.568606555461884 0.594999730587006 0.590819656848907 0.57330858707428 0.551058411598206 0.170831695199013 0.0484363920986652 0.0361723676323891 0.0436539053916931 0.00739257829263806
-3.4e+38 -3.4e+38 0.036932785063982 0.036396037787199 0.0375243984162807 0.0427835062146187 0.0413019880652428 0.0401248335838318 0.0361877791583538 0.0300286523997784 0.0250123701989651 0.0202868934720755 0.0142873730510473 0.0137610165402293 0.011505302041769 0.0116062108427286 0.0114374412223697 0.0257468372583389 0.336642056703568 0.872701525688171 0.823620915412903 0.0812807828187943 0.0945125222206116 0.220564007759094 0.787468910217285 0.808790743350983 0.905185520648956 0.493626773357391 0.629624545574188 0.446470618247986 0.392404139041901 0.134768575429916 0.0621723607182503 0.239753007888794 0.399892657995224 0.547226905822754 0.757098734378815 0.675351917743683 0.56841629743576 0.0997128263115883 0.0120743755251169 0.0133007615804672 0.00926712714135647 0.00587996561080217
-3.4e+38 -3.4e+38 -3.4e+38 -3.4e+38 0.0306835006922483 0.0307760704308748 0.0353606417775154 0.0323652699589729 0.0296898148953915 0.0270560868084431 0.0241114143282175 0.0230799745768309 0.0184567403048277 0.0194122642278671 0.0156103316694498 0.0199629552662373 0.019842280074954 0.0356191322207451 0.364403247833252 0.827037811279297 0.462902009487152 0.201149135828018 0.598218739032745 0.195011973381042 0.412861704826355 0.442192673683167 0.784029841423035 0.469796150922775 0.549040377140045 0.409314662218094 0.0862549617886543 0.0200567450374365 0.0768247544765472 0.0697371512651443 0.172795847058296 0.55340164899826 0.609867691993713 0.625068724155426 0.350281417369843 0.0379917621612549 0.00834211613982916 0.00754147581756115 0.00515393353998661 0.00569470319896936
-3.4e+38 -3.4e+38 -3.4e+38 0.0243993774056435 0.0239871647208929 0.0275562815368176 0.0281238909810781 0.0282703023403883 0.0222179032862186 0.0221473425626755 0.0236987695097923 0.025448190048337 0.0283017493784428 0.0358928106725216 0.0293031856417656 0.058209452778101 0.070820614695549 0.0558022297918797 0.528255224227905 0.765556216239929 0.506417572498322 0.34646001458168 0.770832240581512 0.580097913742065 0.707448303699493 0.77460390329361 0.731819212436676 0.590697228908539 0.521787643432617 0.498536974191666 0.349072098731995 0.0383551344275475 0.022134667262435 0.0781141817569733 0.110572814941406 0.558674991130829 0.391092270612717 0.563779354095459 0.0999225452542305 0.0110647855326533 0.00519952829927206 0.00512030208483338 0.00537863606587052 0.0054303384386003
-3.4e+38 -3.4e+38 0.0212346222251654 0.0230708010494709 0.0209881458431482 0.0234348047524691 0.0249546878039837 0.0230119153857231 0.0190603584051132 0.0195048563182354 0.0192718375474215 0.0335029400885105 0.0353811532258987 0.0565014220774174 0.356680482625961 0.38016539812088 0.3180071413517 0.526996850967407 0.740464985370636 0.722018539905548 0.628263354301453 0.567420482635498 0.895265817642212 0.903073310852051 0.800239145755768 0.481263697147369 0.391748458147049 0.538497745990753 0.843069851398468 0.570668935775757 0.427186220884323 0.0538190901279449 0.0243902541697025 0.0339616276323795 0.147139221429825 0.148424729704857 0.120400793850422 0.0506942607462406 0.0178326331079006 0.00512860110029578 0.0047655152156949 0.00441803969442844 0.00461683096364141 0.0052842372097075
-3.4e+38 0.0214877538383007 0.0213272832334042 0.021245364099741 0.0203893315047026 0.0180502533912659 0.0185729023069143 0.0196236167103052 0.0175676830112934 0.0198193024843931 0.0263939425349236 0.0266964603215456 0.0408425107598305 0.153436034917831 0.274872630834579 0.58799821138382 0.693882882595062 0.851807236671448 0.924535512924194 0.897928833961487 0.791395366191864 0.637882232666016 0.467927008867264 0.900561332702637 0.491744548082352 0.642825067043304 0.530739903450012 0.356018275022507 0.621705234050751 0.420398116111755 0.130867764353752 0.0319885760545731 0.0641042366623878 0.330527305603027 0.257388412952423 0.0306862331926823 0.0148792611435056 0.00559721468016505 0.00445896899327636 0.00436625396832824 0.0047646900638938 0.00442327279597521 0.00448622927069664 0.00505385268479586
0.0239102710038424 0.0221559144556522 0.0232077725231647 0.021360769867897 0.018050629645586 0.0151841128244996 0.0127817699685693 0.0146197294816375 0.0214702561497688 0.0198005009442568 0.0298849530518055 0.0425561740994453 0.0782570913434029 0.556949138641357 0.348628312349319 0.642890155315399 0.731328189373016 0.947432041168213 0.835773766040802 0.905815660953522 0.934218525886536 0.698507964611053 0.659101724624634 0.484685659408569 0.493167847394943 0.492576062679291 0.449706315994263 0.50536984205246 0.790866851806641 0.810966730117798 0.0871743857860565 0.0382384099066257 0.0494967401027679 0.202876657247543 0.0169738326221704 0.00590950297191739 0.00434196926653385 0.00410811183974147 0.00416101422160864 0.00425881519913673 0.00426435517147183 0.00420585507526994 0.00466693239286542 0.00489416299387813
0.0247086342424154 0.0233088061213493 0.0182080548256636 0.0170350559055805 0.0140943685546517 0.0123413912951946 0.0118508515879512 0.0165369641035795 0.0293161310255527 0.0317521803081036 0.0602284967899323 0.0976960733532906 0.194632977247238 0.345511585474014 0.590586364269257 0.633668899536133 0.941147446632385 0.919574022293091 0.892508924007416 0.873759090900421 0.877998828887939 0.592162013053894 0.513528943061829 0.464099317789078 0.498081088066101 0.490641355514526 0.742109715938568 0.772795081138611 0.459408223628998 0.338438481092453 0.0645526573061943 0.0132842725142837 0.0132672423496842 0.00730179762467742 0.00501771876588464 0.00425830436870456 0.00405570212751627 0.00433814339339733 0.00417744787409902 0.00411846349015832 0.00432043801993132 0.00451175076887012 0.00475170137360692 0.00451951380819082
0.0243673380464315 0.0209438297897577 0.0146091794595122 0.0132772559300065 0.012396034784615 0.0135989366099238 0.0140516422688961 0.0227978620678186 0.0572925060987473 0.116010032594204 0.429527640342712 0.32472562789917 0.392929911613464 0.544625043869019 0.769355893135071 0.949703633785248 0.735797345638275 0.825113713741302 0.842758297920227 0.66200453042984 0.597862839698792 0.639491856098175 0.434554159641266 0.488837778568268 0.534884750843048 0.58639121055603 0.795826435089111 0.69914174079895 0.457991540431976 0.256257653236389 0.0202309582382441 0.00712380837649107 0.00655975705012679 0.00586657598614693 0.00435128202661872 0.00401103356853127 0.00446360744535923 0.00440932530909777 0.0041943620890379 0.00420816196128726 0.00458358880132437 0.00439130049198866 0.00416991952806711 0.00439629564061761
0.0245878174901009 0.0171869341284037 0.0126573480665684 0.0105495378375053 0.0131836785003543 0.0139772491529584 0.0256417207419872 0.0785631909966469 0.17617404460907 0.137006103992462 0.401782095432281 0.585088729858398 0.575756192207336 0.599218964576721 0.662699937820435 0.861587822437286 0.762908518314362 0.82755172252655 0.754230856895447 0.608762681484222 0.510227799415588 0.363145709037781 0.400293618440628 0.361859023571014 0.589936673641205 0.669765949249268 0.580463647842407 0.147728860378265 0.0458875522017479 0.024927444756031 0.00819963216781616 0.0060052783228457 0.00600539054721594 0.00541362911462784 0.00563077256083488 0.00459471670910716 0.00478301756083965 0.00458646472543478 0.00433050468564034 0.00432932656258345 0.00448642950505018 0.00387131725437939 0.00411587860435247 0.00436379062011838
0.0216951686888933 0.0194426141679287 0.0147679466754198 0.0126254241913557 0.0123437652364373 0.0225103180855513 0.0953756719827652 0.298784673213959 0.474517464637756 0.329822570085526 0.292268544435501 0.290460377931595 0.494349747896194 0.678231179714203 0.928625762462616 0.601717591285706 0.743143558502197 0.743843257427216 0.622619330883026 0.393903583288193 0.270699113607407 0.330688983201981 0.366294950246811 0.291650921106339 0.531373977661133 0.251252353191376 0.0816387459635735 0.0317163392901421 0.0163645837455988 0.00741662457585335 0.00564161734655499 0.00572367710992694 0.00517791928723454 0.00545706925913692 0.00534131331369281 0.00523517001420259 0.00510639743879437 0.00516965519636869 0.00450222566723824 0.00457865232601762 0.00455461163073778 0.00431058695539832 0.00460585532709956 0.00478716613724828
0.019300227984786 0.0212440863251686 0.0215623527765274 0.0158798117190599 0.0204721987247467 0.0429954528808594 0.115868866443634 0.377439767122269 0.452581882476807 0.434504002332687 0.502742171287537 0.535727560520172 0.382679879665375 0.633187651634216 0.839309930801392 0.656684517860413 0.521611511707306 0.568107128143311 0.463195085525513 0.295672059059143 0.29205846786499 0.278963446617126 0.390210151672363 0.450508415699005 0.147505983710289 0.0485770665109158 0.0236005242913961 0.0122994408011436 0.00728594418615103 0.00555556500330567 0.00488558877259493 0.00470838928595185 0.00487653305754066 0.00454299384728074 0.00503243040293455 0.00487112998962402 0.00496314326301217 0.00442980835214257 0.00490324478596449 0.00461281882598996 0.00460262317210436 0.0044574486091733 0.00433092331513762 0.00440013082697988
0.0222412794828415 0.0197581276297569 0.0194579474627972 0.032020527869463 0.062608540058136 0.113907046616077 0.171146228909492 0.310299932956696 0.440665364265442 0.54395991563797 0.634795188903809 0.627513885498047 0.531872153282166 0.490597873926163 0.936205327510834 0.898682773113251 0.659614086151123 0.640310049057007 0.360953271389008 0.295760333538055 0.281936019659042 0.33768430352211 0.517005980014801 0.316045433282852 0.0568551868200302 0.0218285024166107 0.0182760078459978 0.0121570788323879 0.00708249025046825 0.00526444800198078 0.0049033141694963 0.0044774878770113 0.00418121181428432 0.0045004147104919 0.00466962018981576 0.00458525447174907 0.00476812804117799 0.0046079927124083 0.00479880487546325 0.00449096923694015 0.00439979555085301 0.00451700342819095 0.0043567712418735 0.00437213201075792
0.0199894495308399 0.0233163293451071 0.0335766449570656 0.0747871920466423 0.220805644989014 0.464986503124237 0.328909784555435 0.439943343400955 0.581664383411407 0.809956967830658 0.917715787887573 0.919669985771179 0.652797758579254 0.445503801107407 0.628949224948883 0.869198620319366 0.77008318901062 0.551286101341248 0.341486990451813 0.349353402853012 0.31905734539032 0.416683852672577 0.410219192504883 0.0946495905518532 0.0220038443803787 0.0123468888923526 0.0112605392932892 0.00889559462666512 0.00627642311155796 0.00473906053230166 0.00450880499556661 0.00438423966988921 0.00385858397930861 0.00432351231575012 0.00413869833573699 0.00417060451582074 0.00414183549582958 0.00464701093733311 0.00428895326331258 0.00460571562871337 0.00450639752671123 0.00471933512017131 0.00469389278441668 0.00453218491747975
0.0151425497606397 0.0172508824616671 0.0311161335557699 0.130561292171478 0.547071397304535 0.496320873498917 0.483337819576263 0.604560315608978 0.504504859447479 0.704960823059082 0.93737381696701 0.949230968952179 0.501142263412476 0.358837902545929 0.376355081796646 0.436342835426331 0.611066877841949 0.375481396913528 0.28534522652626 0.284679144620895 0.198564529418945 0.342262417078018 0.185069859027863 0.0289950389415026 0.0113068567588925 0.00831062439829111 0.00789834838360548 0.00676616979762912 0.00560888089239597 0.00474425964057446 0.00466583855450153 0.0043955990113318 0.00395606597885489 0.00448271865025163 0.00424151308834553 0.0040884530171752 0.00403695926070213 0.00422533694654703 0.00449754344299436 0.00441866973415017 0.00423107389360666 0.00491131469607353 0.00468517281115055 0.00455014500766993
0.00981705728918314 0.0120458835735917 0.0271497797220945 0.224970579147339 0.546649634838104 0.51098370552063 0.503847658634186 0.619856595993042 0.42339226603508 0.459232807159424 0.927464663982391 0.792416751384735 0.441174358129501 0.447418034076691 0.798725962638855 0.498404771089554 0.549135804176331 0.341656357049942 0.322456181049347 0.234958440065384 0.200725361704826 0.215144544839859 0.0564868673682213 0.0174125954508781 0.0100379744544625 0.0071442904882133 0.00591732421889901 0.00579563016071916 0.00485636852681637 0.00469799339771271 0.00465920846909285 0.00441989488899708 0.0039011612534523 0.00390502018854022 0.004435108974576 0.00411450816318393 0.00438830070197582 0.00430169468745589 0.00444885203614831 0.00467719882726669 0.00497581902891397 0.0051066093146801 0.00566126825287938 0.00454714940860868
