data/climate_estimation/maxent_output/Bomarea_macusanii.asc
NCOLS 102 
NROWS 79 
XLLCORNER -76.1666666666667 
YLLCORNER -16.4166666666667 
CELLSIZE 0.0833333333333333 
NODATA_value -3.4e+38 
[rows 0 to 20 of 79, columns 0 to 46 of 102]
0.871622204780579 0.868030667304993 0.913339734077454 0.960674405097961 0.989311635494232 0.834947824478149 0.426200449466705 0.373672276735306 0.321295708417892 0.215714812278748 0.189493954181671 0.179298758506775 0.170426517724991 0.163760632276535 0.153822898864746 0.153822898864746 0.165763720870018 0.175793915987015 0.198745220899582 0.228357240557671 0.270768523216248 0.198121055960655 0.182425871491432 0.141812682151794 0.132632046937943 0.127798900008202 0.128026813268661 0.137871861457825 0.136247545480728 0.142947241663933 0.145702585577965 0.140659153461456 0.144531324505806 0.144968181848526 0.141079843044281 0.147360756993294 0.146859884262085 0.142975673079491 0.141646400094032 0.137839809060097 0.137195721268654 0.137460738420486 0.134625643491745 0.142259821295738 0.139306575059891 0.1419977247715 0.139547929167747
0.999918341636658 0.952552437782288 0.999605238437653 0.997171700000763 0.814473986625671 0.64221853017807 0.50504994392395 0.419724971055984 0.390031039714813 0.237765550613403 0.19145305454731 0.202411532402039 0.174869477748871 0.163576364517212 0.158053189516068 0.162074282765388 0.166161492466927 0.174641102552414 0.199552208185196 0.22282238304615 0.317794978618622 0.296616971492767 0.209519878029823 0.152389764785767 0.13477349281311 0.131989479064941 0.132438510656357 0.136494606733322 0.139338448643684 0.140819326043129 0.149414643645287 0.147510409355164 0.13995885848999 0.144299209117889 0.142885699868202 0.147049576044083 0.148733139038086 0.146859884262085 0.142695412039757 0.140963807702065 0.137395650148392 0.136114045977592 0.141913801431656 0.136350318789482 0.138590589165688 0.14358326792717 0.140180036425591
0.999998927116394 0.999984681606293 0.9997598528862 0.977509617805481 0.889427065849304 0.544538557529449 0.468309819698334 0.39206850528717 0.427430063486099 0.264765083789825 0.198518499732018 0.193466663360596 0.19076868891716 0.170130178332329 0.166804894804955 0.16133351624012 0.172236040234566 0.192585825920105 0.223113015294075 0.252208828926086 0.288545846939087 0.347455114126205 0.308124452829361 0.190348625183105 0.140024662017822 0.136327996850014 0.129678472876549 0.137357205152512 0.137330204248428 0.147066578269005 0.147747233510017 0.141090750694275 0.146171271800995 0.139059334993362 0.141063079237938 0.147712677717209 0.145874053239822 0.145246908068657 0.142036035656929 0.140036299824715 0.140058368444443 0.143684223294258 0.145823121070862 0.142852693796158 0.139690324664116 0.139959752559662 0.139032915234566
0.999992847442627 1 0.999773740768433 0.999769032001495 0.998559355735779 0.586664497852325 0.730658710002899 0.429030179977417 0.456391781568527 0.322099238634109 0.207946792244911 0.192350849509239 0.219920083880424 0.172268599271774 0.166488379240036 0.168905898928642 0.1772580742836 0.210173755884171 0.261311143636703 0.304089933633804 0.301508396863937 0.348815739154816 0.390182673931122 0.241042390465736 0.138605803251266 0.137806594371796 0.131963446736336 0.134285509586334 0.141096204519272 0.139760926365852 0.137747079133987 0.143841579556465 0.141545847058296 0.138562485575676 0.148430749773979 0.14983569085598 0.150527998805046 0.145874053239822 0.145246908068657 0.147383883595467 0.147430151700974 0.14645816385746 0.143015146255493 0.138328939676285 0.143082663416862 0.1425950974226 0.139459937810898
0.997351288795471 1 0.999994039535522 0.993630647659302 0.964840710163116 0.692975878715515 0.779623031616211 0.590089559555054 0.471119731664658 0.318447798490524 0.210687950253487 0.194210112094879 0.212524399161339 0.198615103960037 0.174766972661018 0.167494907975197 0.171294718980789 0.196100413799286 0.242858335375786 0.314717769622803 0.360456973314285 0.352670103311539 0.42738664150238 0.293095082044601 0.148691803216934 0.134073749184608 0.134746953845024 0.134285509586334 0.143154829740524 0.148013308644295 0.148407474160194 0.152259424328804 0.142231017351151 0.141268163919449 0.142818257212639 0.152717500925064 0.155092939734459 0.142583161592484 0.13793171942234 0.141785278916359 0.140692606568336 0.139761313796043 0.140709325671196 0.136484414339066 0.140025466680527 0.146000325679779 0.14738430082798
0.999595880508423 1 0.999925076961517 0.981869518756866 0.964035451412201 0.905526757240295 0.860405743122101 0.642186641693115 0.506436109542847 0.379393875598907 0.268828421831131 0.238344416022301 0.207218319177628 0.253574520349503 0.173666596412659 0.17507591843605 0.17545385658741 0.191087529063225 0.246056750416756 0.331878244876862 0.376274555921555 0.39841428399086 0.423025250434875 0.364866256713867 0.165590509772301 0.134943589568138 0.134768262505531 0.137996643781662 0.145474374294281 0.151802614331245 0.150804430246353 0.141773909330368 0.142253413796425 0.142432168126106 0.148930773139 0.149332910776138 0.152663871645927 0.141240447759628 0.141562670469284 0.135990351438522 0.14067043364048 0.139289513230324 0.144050762057304 0.147136256098747 0.151844725012779 0.151815131306648 0.149742752313614
1 1 0.999999523162842 0.99992847442627 0.999570369720459 0.996523439884186 0.950460612773895 0.65391081571579 0.811253428459167 0.50860995054245 0.309682935476303 0.296247750520706 0.266649842262268 0.268158227205276 0.185016721487045 0.169865876436234 0.175919935107231 0.248523563146591 0.271647453308105 0.274905055761337 0.375774949789047 0.410102993249893 0.453497767448425 0.353578835725784 0.173622339963913 0.137092366814613 0.136032938957214 0.13978835940361 0.143796339631081 0.147932261228561 0.148407474160194 0.152229756116867 0.151093363761902 0.145440310239792 0.142661526799202 0.149595826864243 0.143762618303299 0.137027829885483 0.137049481272697 0.139700636267662 0.141079843044281 0.137752816081047 0.141096606850624 0.140615239739418 0.151282638311386 0.15154866874218 0.154948621988297
1 1 1 1 0.999997913837433 0.997060120105743 0.757371962070465 0.647036969661713 0.705833613872528 0.865237057209015 0.546905994415283 0.436119496822357 0.360916823148727 0.297792464494705 0.255777090787888 0.180628806352615 0.213764607906342 0.284010678529739 0.312700510025024 0.310998648405075 0.348684847354889 0.368707537651062 0.425182193517685 0.465573847293854 0.212119773030281 0.139294505119324 0.133009567856789 0.137351885437965 0.149175405502319 0.152449607849121 0.156591400504112 0.156116828322411 0.141290411353111 0.141312673687935 0.139552429318428 0.139706045389175 0.139706045389175 0.135316669940948 0.139459043741226 0.140858262777328 0.137736409902573 0.140648275613785 0.144288077950478 0.142644986510277 0.148646026849747 0.156866326928139 0.155613720417023
1 1 1 1 0.999999403953552 0.987073004245758 0.97632896900177 0.832251131534576 0.660697877407074 0.789581716060638 0.749800443649292 0.552926003932953 0.397001266479492 0.387665748596191 0.313586443662643 0.22504086792469 0.249975353479385 0.353984504938126 0.316754728555679 0.319968938827515 0.346745818853378 0.345285028219223 0.370212763547897 0.407927423715591 0.263636410236359 0.15395487844944 0.139135926961899 0.141851857304573 0.143379718065262 0.153451770544052 0.157618179917336 0.155698135495186 0.138879105448723 0.141612738370895 0.137985944747925 0.135119527578354 0.135098174214363 0.139530435204506 0.135514080524445 0.137692928314209 0.136828407645226 0.139722660183907 0.139021262526512 0.142622545361519 0.147015169262886 0.152450039982796 0.152420327067375
1 1 1 0.999999284744263 0.999921143054962 0.999982476234436 0.999572098255157 0.822410106658936 0.69089686870575 0.716272234916687 0.766559422016144 0.628778100013733 0.482762902975082 0.497227996587753 0.319857031106949 0.305224984884262 0.304431736469269 0.351095199584961 0.397169500589371 0.374204486608505 0.34251657128334 0.322949767112732 0.342493534088135 0.377275049686432 0.369386434555054 0.166715666651726 0.142030149698257 0.134757801890373 0.139130532741547 0.147268280386925 0.153967127203941 0.148001909255981 0.137834072113037 0.134100541472435 0.134970560669899 0.134949222207069 0.133146196603775 0.136392518877983 0.135514080524445 0.143790781497955 0.136806800961494 0.139075890183449 0.140399754047394 0.144033670425415 0.152212217450142 0.156567394733429 0.152450039982796
1 1 1 0.999999940395355 0.99999475479126 0.972004532814026 0.886409163475037 0.788425981998444 0.676595151424408 0.713342130184174 0.672068238258362 0.620913624763489 0.563028395175934 0.529242694377899 0.401559680700302 0.398361325263977 0.381292253732681 0.355988532304764 0.426722019910812 0.397273331880569 0.357831597328186 0.346781522035599 0.34773850440979 0.351620465517044 0.472504287958145 0.231550306081772 0.167769625782967 0.177744075655937 0.144741013646126 0.13895021378994 0.138279542326927 0.134821742773056 0.139645874500275 0.13785582780838 0.134970560669899 0.138431861996651 0.138584345579147 0.143790781497955 0.136542931199074 0.138540625572205 0.140085369348526 0.145127236843109 0.144220024347305 0.144423738121986 0.152378499507904 0.154857769608498 0.152426183223724
1 1 1 1 0.999743103981018 0.997636914253235 0.999054968357086 0.846464812755585 0.705130040645599 0.597646474838257 0.53177398443222 0.588068783283234 0.470958471298218 0.435091614723206 0.43167769908905 0.421329826116562 0.487591207027435 0.383350253105164 0.454589933156967 0.428917855024338 0.38887831568718 0.365232706069946 0.337398678064346 0.303320735692978 0.382871091365814 0.386090010404587 0.263388484716415 0.194862887263298 0.191315829753876 0.140250861644745 0.142756879329681 0.138230547308922 0.140753284096718 0.135407507419586 0.136726185679436 0.138879105448723 0.143790781497955 0.139936789870262 0.140041217207909 0.136935994029045 0.140487790107727 0.144355639815331 0.147845581173897 0.14810611307621 0.15577694773674 0.153087347745895 0.149479061365128
1 1 1 1 1 0.999999821186066 0.999998569488525 0.999223589897156 0.947406709194183 0.673696279525757 0.37192091345787 0.482864439487457 0.393209189176559 0.335331737995148 0.258363723754883 0.305225789546967 0.37562483549118 0.446577668190002 0.496934980154037 0.531321227550507 0.478303760290146 0.364719122648239 0.329701125621796 0.295694380998611 0.286119490861893 0.304358869791031 0.254282355308533 0.215514302253723 0.170026436448097 0.136726185679436 0.142298206686974 0.141790747642517 0.137714669108391 0.142275810241699 0.136656120419502 0.135364711284637 0.136833712458611 0.140338808298111 0.140316694974899 0.136962935328484 0.144129350781441 0.140487790107727 0.144123792648315 0.147845581173897 0.149461388587952 0.155528470873833 0.149508252739906
1 1 1 1 0.999999940395355 0.999909281730652 0.997327923774719 0.937781810760498 0.870982885360718 0.590333342552185 0.326279163360596 0.326052844524384 0.47038659453392 0.42107480764389 0.308653801679611 0.268092334270477 0.277755409479141 0.33223283290863 0.273495078086853 0.346098303794861 0.486982196569443 0.425182193517685 0.354992747306824 0.371462732553482 0.347479254007339 0.336186468601227 0.312636911869049 0.242253422737122 0.168562412261963 0.139574438333511 0.146348863840103 0.148001909255981 0.146325886249542 0.138584345579147 0.13774174451828 0.139059334993362 0.133366972208023 0.133730456233025 0.133014649152756 0.141857251524925 0.143666654825211 0.142515853047371 0.143177255988121 0.140913456678391 0.144559517502785 0.149461388587952 0.151116907596588
1 1 1 1 1 1 0.999999761581421 0.999382257461548 0.774297297000885 0.461039811372757 0.427846550941467 0.555292367935181 0.667689740657806 0.488783478736877 0.362924039363861 0.39604452252388 0.280116349458694 0.254904359579086 0.359354466199875 0.311621010303497 0.270544737577438 0.374243050813675 0.359318733215332 0.410645723342896 0.381987631320953 0.306948512792587 0.343115031719208 0.293418735265732 0.193159744143486 0.141334936022758 0.152932107448578 0.156062111258507 0.148802608251572 0.141445770859718 0.137893527746201 0.141245916485786 0.137676537036896 0.135620728135109 0.140697553753853 0.143003180623055 0.136032849550247 0.136054337024689 0.140714272856712 0.137130260467529 0.140963301062584 0.144123792648315 0.145725384354591
1 1 1 1 1 1 1 0.997369945049286 0.842239201068878 0.339962631464005 0.551551520824432 0.755779147148132 0.927113950252533 0.671430826187134 0.534397125244141 0.358991026878357 0.291921228170395 0.264277696609497 0.365122497081757 0.325410783290863 0.309967160224915 0.222716331481934 0.231251180171967 0.217388108372688 0.303642570972443 0.24566225707531 0.309002101421356 0.289123058319092 0.21759931743145 0.142197638750076 0.151229023933411 0.151743441820145 0.151719689369202 0.142795786261559 0.143926024436951 0.140747338533401 0.135620728135109 0.13409486413002 0.139415070414543 0.136962935328484 0.135375127196312 0.143255919218063 0.139788269996643 0.140239521861076 0.144797593355179 0.144332945346832 0.144304677844048
1 1 1 1 1 1 0.999984800815582 0.996859908103943 0.859330236911774 0.555248379707336 0.587681412696838 0.925475180149078 0.998682975769043 0.938802123069763 0.645566940307617 0.463770180940628 0.385466307401657 0.312679797410965 0.246058881282806 0.295631736516953 0.287111520767212 0.233888059854507 0.216421604156494 0.195471987128258 0.27180689573288 0.227486416697502 0.20204658806324 0.207261145114899 0.224859833717346 0.153931245207787 0.143346101045609 0.150557368993759 0.151205345988274 0.146411672234535 0.145269215106964 0.142594188451767 0.140996426343918 0.135204508900642 0.134116068482399 0.137627750635147 0.141173720359802 0.139541134238243 0.139541134238243 0.142286702990532 0.143847033381462 0.148250758647919 0.148569867014885
1 1 1 1 1 0.99999988079071 0.999984502792358 0.997596681118011 0.999997973442078 0.785167992115021 0.571825563907623 0.980571508407593 0.999988257884979 0.999998331069946 0.971885144710541 0.737796485424042 0.442311406135559 0.282190680503845 0.265477657318115 0.267261445522308 0.246276348829269 0.343173533678055 0.273378223180771 0.207386493682861 0.31096825003624 0.424846261739731 0.291270166635513 0.197185561060905 0.18367412686348 0.154664874076843 0.147967293858528 0.150981336832047 0.166194543242455 0.157532393932343 0.148802608251572 0.148117512464523 0.13938769698143 0.137850001454353 0.134380832314491 0.135204508900642 0.139365717768669 0.141173720359802 0.141578987240791 0.142672449350357 0.140797048807144 0.143334522843361 0.152182027697563
1 1 1 1 1 0.9999920129776 0.999988675117493 0.999887466430664 1 0.987333238124847 0.600785791873932 0.762094080448151 0.99696809053421 0.99999988079071 0.999995648860931 0.934214115142822 0.540829539299011 0.44321084022522 0.354704976081848 0.258309006690979 0.250179797410965 0.385024011135101 0.341770440340042 0.222932547330856 0.220664322376251 0.350550711154938 0.477974861860275 0.361551642417908 0.330841869115829 0.215587645769119 0.177806064486504 0.159597128629684 0.169587686657906 0.175005435943604 0.157753109931946 0.152390196919441 0.144152015447617 0.140764072537422 0.134354367852211 0.141018629074097 0.136542931199074 0.133920535445213 0.135615468025208 0.139563143253326 0.139267057180405 0.143311977386475 0.155928388237953
1 1 1 1 1 0.999999940395355 1 1 1 0.999877870082855 0.940591216087341 0.756261765956879 0.974266469478607 0.999999940395355 1 0.997557580471039 0.685438275337219 0.70543497800827 0.532664477825165 0.322100639343262 0.246855393052101 0.32731956243515 0.342191070318222 0.225632056593895 0.178148329257965 0.216308131814003 0.444874256849289 0.615394651889801 0.61739045381546 0.536516427993774 0.273802191019058 0.180784747004509 0.184131264686584 0.164352282881737 0.153117164969444 0.144894242286682 0.148187234997749 0.13764414191246 0.137249201536179 0.135636895895004 0.138290151953697 0.134476214647293 0.137378796935081 0.139563143253326 0.143847033381462 0.146572157740593 0.150275036692619
1.000000000000000 1 1 1 1 1 1 1 1 1 0.999880611896515 0.998101472854614 0.907210350036621 0.999999523162842 1 0.999999046325684 0.992256164550781 0.987706780433655 0.860042870044708 0.459741979837418 0.285233348608017 0.295297622680664 0.308980762958527 0.243057936429977 0.175667151808739 0.201367855072021 0.323939085006714 0.510374486446381 0.824849367141724 0.861602544784546 0.456039518117905 0.308407574892044 0.205130591988564 0.171740651130676 0.151998534798622 0.142628058791161 0.133141025900841 0.136580780148506 0.144429311156273 0.133698925375938 0.135658338665962 0.138687834143639 0.13913582265377 0.142694905400276 0.139513731002808 0.143261358141899 0.146991565823555
