data/climate_estimation/maxent_output/Bomarea_macrocephala.asc
NCOLS 97 
NROWS 278 
XLLCORNER -72.3333333333333 
YLLCORNER -35.9166666666667 
CELLSIZE 0.0833333333333333 
NODATA_value -3.4e+38 
[rows 42 to 62 of 278, columns 46 to 91 of 97]
0.475726306438446 0.430080026388168 0.443988770246506 0.332593709230423 0.291898339986801 0.497393041849136 0.521323919296265 0.272967636585236 0.0819911882281303 0.0262924339622259 0.00569157674908638 0.00566329481080174 0.0103450892493129 0.00542868953198195 0.00377792771905661 0.0178533457219601 0.00692581664770842 0.0103544062003493 0.0078926719725132 0.00715129543095827 0.0043872706592083 0.00735590793192387 0.00534963421523571 0.00683037750422955 0.00678030541166663 0.00906740594655275 0.00714699504896998 0.00393048813566566 0.00239390251226723 0.0023120129480958 0.00192782189697027 0.00211219512857497 0.00237358920276165 0.00267016352154315 0.00270774634554982 0.0028324038721621 0.0030322487000376 0.00290236808359623 0.00140157761052251 0.00275999493896961 0.00282230600714684 0.00308369426056743 0.00308402790687978 0.00321694603189826 0.00287871318869293 0.0029400906059891
0.627360045909882 0.593802571296692 0.535834014415741 0.471339166164398 0.419452607631683 0.418379873037338 0.380034029483795 0.551418662071228 0.149005740880966 0.0461117997765541 0.0115056410431862 0.00970902945846319 0.00608361652120948 0.0674770325422287 0.0078759016469121 0.0244343485683203 0.0228281673043966 0.0181138161569834 0.0259935576468706 0.0154904369264841 0.00612444011494517 0.00919654872268438 0.00584402540698647 0.0110091725364327 0.0103846807032824 0.00800933409482241 0.0102065121755004 0.00885089673101902 0.00397911109030247 0.00256470823660493 0.00263700052164495 0.00243825674988329 0.00256804982200265 0.00262432731688023 0.0028324038721621 0.00283640413545072 0.00143424980342388 0.00143404526170343 0.00146554759703577 0.00136339629534632 0.00149450148455799 0.00167590961791575 0.00345046469010413 0.00337396701797843 0.00344325019977987 0.00343322404660285
0.766881287097931 0.852756857872009 0.768101990222931 0.634016335010529 0.675998568534851 0.584757149219513 0.445168972015381 0.608317971229553 0.541749775409698 0.281442940235138 0.088274672627449 0.0216442029923201 0.00874391291290522 0.0269424133002758 0.00972960889339447 0.0123756248503923 0.0781424343585968 0.0890874564647675 0.0543088801205158 0.0240954458713531 0.0058366977609694 0.0235601626336575 0.00824177730828524 0.00904089026153088 0.0146432360634208 0.0096230385825038 0.0103615159168839 0.0110344309359789 0.00945535954087973 0.00455040205270052 0.00392157025635242 0.00281368545256555 0.00296409684233367 0.00311485794372857 0.00283828075043857 0.00143418263178319 0.00150077370926738 0.00150042201858014 0.00160786497872323 0.00160700117703527 0.00152894214261323 0.00175172311719507 0.00394220324233174 0.00394046679139137 0.00376476440578699 0.00367224728688598
0.812936902046204 0.869711220264435 0.909386932849884 0.823828458786011 0.800260007381439 0.804798364639282 0.775010764598846 0.580461800098419 0.560864746570587 0.661214709281921 0.518499255180359 0.226868823170662 0.0625912472605705 0.00540543254464865 0.0278271194547415 0.0124775748699903 0.0277646835893393 0.273914575576782 0.231766372919083 0.137167453765869 0.0144974254071712 0.0258498471230268 0.0212232526391745 0.0112711265683174 0.021120335906744 0.0123649630695581 0.0191900134086609 0.0128172999247909 0.0124272834509611 0.0128034986555576 0.00750326924026012 0.00378682604059577 0.0033916833344847 0.00325898663140833 0.00154113897588104 0.00153493590187281 0.00157030718401074 0.00168253993615508 0.00164381170179695 0.00146205711644143 0.00163785950280726 0.00175059179309756 0.00209951167926192 0.00431216694414616 0.00429829815402627 0.00392825668677688
0.852657496929169 0.840952515602112 0.872326076030731 0.839292407035828 0.848386645317078 0.826742351055145 0.86449259519577 0.819208681583405 0.518983483314514 0.777753531932831 0.317838579416275 0.110901892185211 0.0620292611420155 0.0753266960382462 0.0139954946935177 0.0403495244681835 0.0287259798496962 0.110439695417881 0.239873170852661 0.168377563357353 0.0730314627289772 0.0146312704309821 0.10423481464386 0.0252414755523205 0.0213390588760376 0.0170692801475525 0.0246331728994846 0.0131856026127934 0.0150003815069795 0.0142497960478067 0.0139209656044841 0.00691616581752896 0.00395153975114226 0.00333210732787848 0.00161217537242919 0.00156955572310835 0.00180183351039886 0.00172213418409228 0.00164398096967489 0.00157129811123013 0.00156531401444227 0.00183417345397174 0.00229931203648448 0.00492035085335374 0.00470493314787745 0.00448363414034247
0.883139312267303 0.890916764736176 0.907348930835724 0.871711194515228 0.876912772655487 0.914794445037842 0.780234754085541 0.660758554935455 0.860737442970276 0.729641497135162 0.441572576761246 0.33123654127121 0.74604195356369 0.214089900255203 0.219560354948044 0.0426821000874043 0.0397615134716034 0.204651832580566 0.32126522064209 0.327584445476532 0.0802165865898132 0.0576609186828136 0.1700279712677 0.119382806122303 0.10724700987339 0.0560277923941612 0.0316700004041195 0.0182421859353781 0.023942643776536 0.0161452367901802 0.0147825377061963 0.0159255750477314 0.0085694519802928 0.00414647441357374 0.00172844820190221 0.00193454045802355 0.00188360013999045 0.00184211903251708 0.00164299656171352 0.00157216284424067 0.00152869638986886 0.00171245203819126 0.002246611751616 0.00503119733184576 0.00513187050819397 0.00448363414034247
0.8365678191185 0.888866245746613 0.909038662910461 0.892346262931824 0.849089920520782 0.912949740886688 0.94791167974472 0.926739394664764 0.50665408372879 0.150973007082939 0.217709928750992 0.814446091651917 0.806002974510193 0.648390829563141 0.583085298538208 0.0785789862275124 0.276473522186279 0.33802455663681 0.299944579601288 0.206219524145126 0.0312657468020916 0.0646228790283203 0.231873229146004 0.207843139767647 0.176859304308891 0.113209471106529 0.0205264315009117 0.0167625993490219 0.0234077386558056 0.0328357107937336 0.0203219950199127 0.0164566449820995 0.0113129876554012 0.00733271986246109 0.00483871158212423 0.00207264837808907 0.00226931367069483 0.00197103689424694 0.00164463662076741 0.00153500307351351 0.00172277668025345 0.00175026198849082 0.0020971589256078 0.00470081251114607 0.0047916229814291 0.00428173504769802
0.780895173549652 0.874377489089966 0.923452913761139 0.957338631153107 0.92467874288559 0.95148378610611 0.971425175666809 0.974851787090302 0.771710216999054 0.193469762802124 0.893394529819489 0.939772665500641 0.541528165340424 0.725167155265808 0.767213642597198 0.524679005146027 0.189806684851646 0.375508993864059 0.0761925578117371 0.0966112911701202 0.0612947195768356 0.292350202798843 0.272944748401642 0.242656901478767 0.183838203549385 0.173770189285278 0.0643717274069786 0.0391693040728569 0.0459801405668259 0.0648969784379005 0.0237214211374521 0.0154782710596919 0.0186729729175568 0.0184434186667204 0.0088804280385375 0.00266209966503084 0.00237549329176545 0.00232121697627008 0.00198033545166254 0.00168224656954408 0.00171925837639719 0.00183847662992775 0.0020938718225807 0.00429413421079516 0.00427854247391224 0.00391056481748819
0.788203060626984 0.85747230052948 0.809411942958832 0.957825303077698 0.980283260345459 0.966665267944336 0.957572042942047 0.965233623981476 0.79817807674408 0.81195330619812 0.928938329219818 0.951039433479309 0.693254470825195 0.301324754953384 0.794251024723053 0.781940519809723 0.560857594013214 0.131138667464256 0.196704402565956 0.496507197618484 0.130583137273788 0.306965380907059 0.322942733764648 0.286166846752167 0.218464776873589 0.183625355362892 0.172613084316254 0.151699706912041 0.159743458032608 0.120476953685284 0.0226856302469969 0.0201898887753487 0.01726602204144 0.0189418233931065 0.0145586412400007 0.00724847568199039 0.00291080493479967 0.0024297886993736 0.00202604057267308 0.00198084814473987 0.00175874959677458 0.00183719757478684 0.00215086294338107 0.00449458230286837 0.00448105577379465 0.00372523558326066
0.73768025636673 0.689804017543793 0.738573133945465 0.938407838344574 0.989563643932343 0.992011606693268 0.958488166332245 0.986308991909027 0.979363203048706 0.978392779827118 0.914804339408875 0.952134251594543 0.889430522918701 0.609127938747406 0.639192402362823 0.80351984500885 0.864868879318237 0.201863169670105 0.192237049341202 0.587051153182983 0.359627217054367 0.100128777325153 0.391804665327072 0.296467304229736 0.252407133579254 0.238290905952454 0.168580904603004 0.152030393481255 0.162347137928009 0.0489811562001705 0.0261455364525318 0.0308796372264624 0.019460953772068 0.0187829248607159 0.0190832354128361 0.0150676043704152 0.00585580989718437 0.00265649100765586 0.00259764515794814 0.0022661667317152 0.00215535890311003 0.00220255763269961 0.00215377542190254 0.00428163446485996 0.00400104327127337 0.00365475309081376
0.821667671203613 0.73617023229599 0.747580647468567 0.913349568843842 0.979517877101898 0.991573452949524 0.998829185962677 0.977053701877594 0.960614621639252 0.966704726219177 0.965496003627777 0.94318425655365 0.897917091846466 0.866935193538666 0.754291951656342 0.877033054828644 0.839859843254089 0.670345366001129 0.481890559196472 0.289032340049744 0.580392301082611 0.183626249432564 0.331815272569656 0.394838750362396 0.258864760398865 0.243606254458427 0.202427804470062 0.144681662321091 0.288183927536011 0.159073203802109 0.051346231251955 0.0892944261431694 0.0186695829033852 0.01850725710392 0.0259611755609512 0.0195207428187132 0.0126085197553039 0.0170955192297697 0.0125511465594172 0.00569212576374412 0.00270818895660341 0.00478358147665858 0.00459036929532886 0.00399050861597061 0.00348808569833636 0.00313060730695724
0.869584858417511 0.820167481899261 0.697618186473846 0.863010406494141 0.974242866039276 0.990334987640381 0.999593138694763 0.987021386623383 0.777469396591187 0.768910646438599 0.940279126167297 0.942402780056 0.922039151191711 0.873319566249847 0.818546116352081 0.786909759044647 0.858457088470459 0.847189784049988 0.817436516284943 0.438562035560608 0.654840350151062 0.578984558582306 0.345108270645142 0.528869032859802 0.369271606206894 0.274483114480972 0.209472984075546 0.158738136291504 0.328119337558746 0.381946206092834 0.211843237280846 0.107311829924583 0.0548443682491779 0.199879065155983 0.0795846804976463 0.0449977852404118 0.0173466615378857 0.0152736967429519 0.0149298282340169 0.0157868415117264 0.0121942264959216 0.00952464900910854 0.00599640421569347 0.00391916837543249 0.00326669868081808 0.0029040640220046
0.916591286659241 0.890710413455963 0.826554179191589 0.834699213504791 0.955029785633087 0.99680083990097 0.999773740768433 0.999429523944855 0.982405483722687 0.872006952762604 0.901115000247955 0.885847449302673 0.863945782184601 0.887043535709381 0.890520930290222 0.75903183221817 0.718580782413483 0.849312543869019 0.821355998516083 0.581561088562012 0.71301943063736 0.612310290336609 0.646020829677582 0.605178117752075 0.410891771316528 0.377129822969437 0.51456755399704 0.404735147953033 0.264047235250473 0.271060049533844 0.398144692182541 0.259527862071991 0.693633794784546 0.621184110641479 0.80992579460144 0.0379326827824116 0.030739888548851 0.0221350193023682 0.0252613835036755 0.0193951409310102 0.0166378207504749 0.0118013182654977 0.0120095638558269 0.00544611271470785 0.00633344892412424 0.00480386428534985
0.905892491340637 0.915509521961212 0.946150004863739 0.972784519195557 0.985277771949768 0.995240807533264 0.998819172382355 0.996698141098022 0.973959684371948 0.915943622589111 0.91456001996994 0.894752442836761 0.878769814968109 0.893443524837494 0.882648229598999 0.850378572940826 0.824453473091125 0.896246790885925 0.883417904376984 0.804017663002014 0.796189367771149 0.782432019710541 0.754646182060242 0.570308208465576 0.650564134120941 0.450573295354843 0.200342610478401 0.265343278646469 0.496198058128357 0.735134482383728 0.710061192512512 0.762427747249603 0.808390915393829 0.788135290145874 0.77875542640686 0.826445877552032 0.782904386520386 0.0415919050574303 0.0242619384080172 0.0168671999126673 0.0129824643954635 0.0106501802802086 0.0125805120915174 0.0105057628825307 0.00710512790828943 0.00835612323135138
0.918727040290833 0.954844892024994 0.958727598190308 0.985664904117584 0.989936947822571 0.992395043373108 0.99750417470932 0.980683088302612 0.952296555042267 0.858631670475006 0.8950554728508 0.9216228723526 0.910171151161194 0.921514213085175 0.892448842525482 0.842305660247803 0.783196687698364 0.804970145225525 0.826658964157104 0.842005670070648 0.857683897018433 0.795502126216888 0.710269391536713 0.632449507713318 0.635120749473572 0.293802320957184 0.208071574568748 0.270258665084839 0.373038947582245 0.581679463386536 0.751712560653687 0.785301923751831 0.814874649047852 0.813179790973663 0.669162392616272 0.690916121006012 0.720278978347778 0.812925755977631 0.101937532424927 0.114817291498184 0.0450016781687737 0.0112886019051075 0.00893562287092209 0.0117514943704009 0.0100416988134384 0.00426467973738909
0.915455102920532 0.934049546718597 0.963054299354553 0.978482604026794 0.980682015419006 0.988037168979645 0.984955251216888 0.968215703964233 0.930835068225861 0.893790781497955 0.948370099067688 0.951804935932159 0.928481340408325 0.943513154983521 0.933487713336945 0.930239856243134 0.917240858078003 0.830092012882233 0.772695362567902 0.831533849239349 0.85189551115036 0.829211294651031 0.652845561504364 0.454299092292786 0.279706835746765 0.210990473628044 0.219716444611549 0.319729417562485 0.412810295820236 0.408154398202896 0.584624290466309 0.602124214172363 0.747887492179871 0.799037635326385 0.721155762672424 0.649044096469879 0.695999503135681 0.705829262733459 0.519347786903381 0.678138315677643 0.760555148124695 0.0553160458803177 0.0267997290939093 0.0437404811382294 0.0533179715275764 0.0112902335822582
0.913181364536285 0.910523235797882 0.942308843135834 0.941828966140747 0.966435313224792 0.974003195762634 0.974419057369232 0.973706543445587 0.945849716663361 0.966059565544128 0.964246153831482 0.967233836650848 0.981695890426636 0.96900486946106 0.966306626796722 0.958240747451782 0.942314386367798 0.923236429691315 0.872780501842499 0.773694634437561 0.851161479949951 0.852424204349518 0.794986486434937 0.685869872570038 0.614770710468292 0.328722506761551 0.172065302729607 0.318123549222946 0.595218896865845 0.497591823339462 0.487709671258926 0.626320958137512 0.668260395526886 0.775654315948486 0.647793292999268 0.631234884262085 0.710813403129578 0.427203625440598 0.339043229818344 0.692866683006287 0.719221770763397 0.697471022605896 0.745331346988678 0.73915833234787 0.668927907943726 0.292164325714111
0.897480666637421 0.910384237766266 0.889940798282623 0.92208343744278 0.90363347530365 0.966252565383911 0.967425525188446 0.972188413143158 0.977524876594543 0.971524477005005 0.971801161766052 0.96724134683609 0.968978643417358 0.983549654483795 0.981106698513031 0.978586316108704 0.972895264625549 0.949522435665131 0.909934997558594 0.76246303319931 0.810879230499268 0.853162229061127 0.847448587417603 0.810766935348511 0.721937716007233 0.477899998426437 0.254952549934387 0.256548196077347 0.553037762641907 0.646676123142242 0.621243000030518 0.621976912021637 0.714716553688049 0.641816079616547 0.620799839496613 0.629569947719574 0.595620036125183 0.182036980986595 0.200300514698029 0.503052175045013 0.522808015346527 0.645679473876953 0.752598524093628 0.694636464118958 0.7212855219841 0.0597515404224396
0.838412582874298 0.893347382545471 0.881043910980225 0.873722732067108 0.885566651821136 0.867088556289673 0.933173358440399 0.968173384666443 0.976789891719818 0.975162863731384 0.977980554103851 0.977487504482269 0.974563717842102 0.971697926521301 0.990906774997711 0.990740239620209 0.98584645986557 0.973689794540405 0.947546720504761 0.85894387960434 0.846188426017761 0.814981579780579 0.770530223846436 0.713244080543518 0.667237818241119 0.390994936227798 0.430727750062943 0.252191811800003 0.262750566005707 0.395306020975113 0.517262876033783 0.564167976379395 0.607480764389038 0.663818359375 0.639983057975769 0.667532324790955 0.58692991733551 0.264162808656693 0.212915435433388 0.275828510522842 0.365813702344894 0.503226220607758 0.550938427448273 0.500312447547913 0.760593771934509 0.417804926633835
0.782410740852356 0.84990257024765 0.830394446849823 0.845127165317535 0.836546540260315 0.868049800395966 0.871647357940674 0.948667168617249 0.97070986032486 0.977616488933563 0.975642323493958 0.97759747505188 0.976412951946259 0.983826637268066 0.98430073261261 0.995662033557892 0.993742287158966 0.987285435199738 0.964576900005341 0.916349112987518 0.853629648685455 0.825458407402039 0.799718677997589 0.759668469429016 0.7432901263237 0.576370418071747 0.562185347080231 0.42502549290657 0.366479367017746 0.205057516694069 0.273142755031586 0.211066409945488 0.470598310232162 0.528015732765198 0.565723121166229 0.515898883342743 0.277141481637955 0.196969032287598 0.274108171463013 0.298545271158218 0.387432277202606 0.463930815458298 0.568642556667328 0.3073670566082 0.719990670681 0.650550901889801
0.615837097167969 0.718767642974854 0.774439334869385 0.771423757076263 0.822746455669403 0.863502442836761 0.870867490768433 0.847405850887299 0.92954558134079 0.967347383499146 0.976840198040009 0.977557241916656 0.98325651884079 0.987305402755737 0.992581248283386 0.997461259365082 0.996368110179901 0.993663907051086 0.948714554309845 0.904801547527313 0.853501439094543 0.833228886127472 0.840854823589325 0.799132168292999 0.756843209266663 0.668552458286285 0.587780654430389 0.566602945327759 0.338128566741943 0.209343135356903 0.113815262913704 0.0910476744174957 0.101285390555859 0.281927824020386 0.155465126037598 0.220500707626343 0.154196336865425 0.247811049222946 0.283031165599823 0.312821358442307 0.38890615105629 0.493287801742554 0.573469460010529 0.61281943321228 0.384684771299362 0.523056924343109
