data/climate_estimation/maxent_output/Bomarea_glaucescens.asc
NCOLS 35 
NROWS 165 
XLLCORNER -79.5 
YLLCORNER -8.25 
CELLSIZE 0.0833333333333335 
NODATA_value -3.4e+38 
[rows 115 to 137 of 165, columns 0 to 34 of 35]
0.0121894581243396 0.0125581473112106 0.043025828897953 0.221231207251549 0.468397796154022 0.237177789211273 0.0155661981552839 0.0707059800624847 0.055846594274044 0.0175254866480827 0.0047068246640265 0.00702742766588926 0.00454523554071784 0.00419820612296462 0.0169652197510004 0.00729803089052439 0.00812553986907005 0.00492185493931174 0.00270954938605428 0.00151927082333714 0.00136014935560524 0.00124993233475834 0.00137088925112039 0.00290768011473119 0.00121725432109088 0.00121041585225612 0.00112163624726236 0.00107265694532543 0.00107911345548928 0.00107357057277113 0.00110211211722344 0.00110898329876363 0.0011177163105458 0.00111922400537878 0.00119128648657352
0.0580183044075966 0.0997986868023872 0.00921375956386328 0.063573494553566 0.528548061847687 0.382514387369156 0.0510509684681892 0.0934325829148293 0.0141930365934968 0.0105184409767389 0.00571534270420671 0.0047759679146111 0.00514978868886828 0.00323376595042646 0.00487295631319284 0.00330217974260449 0.0117994202300906 0.00447902781888843 0.00246759224683046 0.001480852952227 0.00140914635267109 0.00117628928273916 0.00214077276177704 0.0022830746602267 0.00119005201850086 0.00112145009916276 0.00106356281321496 0.00100955902598798 0.00105738232377917 0.00115060084499419 0.0011286250082776 0.00114944984670728 0.00113953812979162 0.00116718281060457 0.00122411770280451
0.0116845844313502 0.0659202337265015 0.0321014374494553 0.0446107275784016 0.466595590114594 0.400082647800446 0.246177107095718 0.0873226076364517 0.0182991623878479 0.00584675604477525 0.00470877019688487 0.00345773645676672 0.00334316398948431 0.00258265086449683 0.0049035307019949 0.00356793194077909 0.00625621434301138 0.00372477434575558 0.00285755400545895 0.00154573807958513 0.00135400833096355 0.00113689096178859 0.00207862444221973 0.00243257987312973 0.0012697750935331 0.00115072098560631 0.00113205565139651 0.00103297329042107 0.00110832368955016 0.00113742402754724 0.00110034993849695 0.00109734968282282 0.00115977076347917 0.00113317649811506 0.00109280401375145
0.00272466079331934 0.025193627923727 0.206612125039101 0.0707042217254639 0.335155129432678 0.188206672668457 0.171977192163467 0.0223913211375475 0.016405925154686 0.00475127855315804 0.00470882840454578 0.00255477707833052 0.00363131263293326 0.00229958817362785 0.00241642748005688 0.00273722386918962 0.00332250189967453 0.00331044662743807 0.00225808192044497 0.00159362470731139 0.00131876883096993 0.00114826345816255 0.00144118326716125 0.00295345601625741 0.00126813387032598 0.00114914088044316 0.00109738309402019 0.00113175355363637 0.00106909032911062 0.00102156680077314 0.00110787083394825 0.00110008043702692 0.0010986152337864 0.00107299420051277 0.00111742340959609
0.00268830545246601 0.0578138642013073 0.438762664794922 0.355026841163635 0.238329470157623 0.134232893586159 0.109553918242455 0.0379234440624714 0.00873052421957254 0.00998915173113346 0.0054558627307415 0.00359600805677474 0.00338970171287656 0.0028248701710254 0.0033006623852998 0.0033361716195941 0.00275249709375203 0.0031016836874187 0.00196808739565313 0.00154149055015296 0.00136799598112702 0.00118500855751336 0.00214980496093631 0.00168751669116318 0.00101956794969738 0.00114591559395194 0.00113657407928258 0.0010731159709394 0.00106385571416467 0.0010750622022897 0.00110042979940772 0.00110405229497701 0.0011154372477904 0.00113795895595104 0.00116969039663672
0.00697219744324684 0.127626851201057 0.312274247407913 0.32543870806694 0.0637482777237892 0.0461064949631691 0.113564245402813 0.0454271472990513 0.0408460572361946 0.0155547065660357 0.00893823243677616 0.00344704603776336 0.00266401981934905 0.00451205298304558 0.00343233603052795 0.00311073078773916 0.00310623343102634 0.00257734721526504 0.00175870838575065 0.00164562300778925 0.00148375786375254 0.00171117507852614 0.00275843217968941 0.00126859219744802 0.00115877040661871 0.001148363458924 0.00109217991121113 0.00108538498170674 0.00107428058981895 0.00111824122723192 0.00108435819856822 0.00110227020923048 0.00112825864925981 0.00114973110612482 0.00118352600838989
0.0297194309532642 0.346384972333908 0.351291686296463 0.0755994021892548 0.01567317917943 0.0477678999304771 0.06187903881073 0.0872319340705872 0.129285365343094 0.0412146933376789 0.00574198318645358 0.00370640656910837 0.00271991663612425 0.00509805884212255 0.00423736590892076 0.00311483349651098 0.00312243448570371 0.00239132833667099 0.00190084322821349 0.00164339039474726 0.00171997759025544 0.00252727093175054 0.00197264039888978 0.001353481085971 0.00119934347458184 0.00113354902714491 0.0011328486725688 0.00113229441922158 0.00109870894812047 0.00112829590216279 0.00109821883961558 0.00107337022200227 0.00115980731789023 0.00120965775568038 0.0011495731305331
0.402323633432388 0.597154796123505 0.399267494678497 0.121333494782448 0.00997370388358831 0.0357109606266022 0.126021564006805 0.148760437965393 0.0354459621012211 0.022275211289525 0.0105827609077096 0.00324680400080979 0.00468989508226514 0.00409131729975343 0.0035683901514858 0.00326951453462243 0.00297543383203447 0.00223570177331567 0.00236953538842499 0.00186356506310403 0.00371888489462435 0.0032735881395638 0.00163148972205818 0.00135796156246215 0.00128802284598351 0.00122179801110178 0.00116062781307846 0.00118003680836409 0.00112293264828622 0.00115469587035477 0.00119290640577674 0.00114985834807158 0.00117671443149447 0.00126496597658843 0.00115912535693496
0.432821333408356 0.482747375965118 0.14716249704361 0.0335988365113735 0.00758122699335217 0.0223835837095976 0.143948838114738 0.178136631846428 0.040380235761404 0.0258237570524216 0.012188483029604 0.00440585566684604 0.00697163678705692 0.00399472564458847 0.00343997706659138 0.00312753557227552 0.00327258487232029 0.00249889609403908 0.00204161880537868 0.00213471427559853 0.00473690126091242 0.00303255207836628 0.00193117221351713 0.00141857494600117 0.00135656225029379 0.00124762381892651 0.00115507550071925 0.00123175245244056 0.00122695800382644 0.00120066502131522 0.00118627306073904 0.00119075924158096 0.00115665490739048 0.00125612050760537 0.00118573941290379
0.126047402620316 0.399930238723755 0.160267665982246 0.0418268777430058 0.00523076625540853 0.0112240072339773 0.0547550953924656 0.0962370112538338 0.0281151104718447 0.0157035738229752 0.00961028598248959 0.00410604290664196 0.00595608400180936 0.00340572139248252 0.00302918790839612 0.0028660986572504 0.00316209509037435 0.00244418508373201 0.00220295554026961 0.00220198673196137 0.00476280320435762 0.00355772441253066 0.00291984900832176 0.00180229707621038 0.00145099312067032 0.0013219858519733 0.00128388730809093 0.00126784364692867 0.00129202497191727 0.00114359450526536 0.00122009357437491 0.00118195195682347 0.00116553262341768 0.00114559254143387 0.00117825635243207
0.540162444114685 0.206329360604286 0.0463818050920963 0.0185093656182289 0.00392184033989906 0.00853247847408056 0.0368321128189564 0.114329949021339 0.0311313010752201 0.0201210286468267 0.0139827113598585 0.00540630985051394 0.00473561836406589 0.00343978754244745 0.00334181752987206 0.00349009153433144 0.00299235573038459 0.0025929098483175 0.0023458048235625 0.00265199830755591 0.00564219476655126 0.0047757220454514 0.00336193083785474 0.00263883988372982 0.00164112774655223 0.00149637262802571 0.00143876718357205 0.00128014490474015 0.00119277590420097 0.00120576587505639 0.00115388038102537 0.00122948025818914 0.00125066156033427 0.0012690044241026 0.00119144166819751
0.654660522937775 0.373836159706116 0.262489259243011 0.167762905359268 0.00669420324265957 0.00570476474240422 0.0100678019225597 0.0610128417611122 0.0179388485848904 0.10696866363287 0.0466002076864243 0.0109294531866908 0.00341259688138962 0.00275909341871738 0.00272301631048322 0.0053582233376801 0.00497156428173184 0.0027385470457375 0.00268526840955019 0.00924587249755859 0.0109824342653155 0.00755139999091625 0.00552068604156375 0.00385932577773929 0.00223720935173333 0.00151071697473526 0.00145450688432902 0.00138172553852201 0.0012781088007614 0.00135175685863942 0.00131128157954663 0.00135197513736784 0.00136697734706104 0.00146254315041006 0.00136941089294851
0.444096297025681 0.364955395460129 0.320080637931824 0.13965779542923 0.016323633491993 0.0176608543843031 0.00541555695235729 0.0353472344577312 0.0186925213783979 0.108239024877548 0.0286996178328991 0.014969089999795 0.00635270401835442 0.00266248034313321 0.00258549535647035 0.00289619015529752 0.00417607231065631 0.00334769068285823 0.00231992802582681 0.00453967833891511 0.00997425802052021 0.00906696356832981 0.00512460526078939 0.00473834946751595 0.00483440747484565 0.00217671389691532 0.00150352891068906 0.00151068193372339 0.00144175975583494 0.00146955589298159 0.00135400460567325 0.00135747122112662 0.00153854314703494 0.00161479297094047 0.00161894864868373
0.125190183520317 0.477754205465317 0.557733833789825 0.309719741344452 0.0851499289274216 0.0540947504341602 0.0199161544442177 0.00857271533459425 0.00745591428130865 0.0761949419975281 0.0483618639409542 0.0308509077876806 0.0035648406483233 0.00235664239153266 0.00233956705778837 0.00315219536423683 0.00346446363255382 0.00451381737366319 0.00621869508177042 0.00417572306469083 0.00647016242146492 0.010419737547636 0.00473502464592457 0.00549294892698526 0.0054716938175261 0.00491152005270123 0.00314194709062576 0.00231998017989099 0.00153808994218707 0.00152625539340079 0.00165980856399983 0.00166459160391241 0.00167115114163607 0.00172927905805409 0.00173975108191371
0.128321498632431 0.318263024091721 0.206891492009163 0.0669390484690666 0.0392361022531986 0.116200394928455 0.0574561394751072 0.019561693072319 0.00454383390024304 0.0227068308740854 0.0906786769628525 0.0424200147390366 0.00352711020968854 0.00364211900159717 0.00368832913227379 0.00548105267807841 0.0112574622035027 0.00808361545205116 0.0248774159699678 0.0105890585109591 0.0139756891876459 0.012888471595943 0.00602205283939838 0.0112962974235415 0.00821428559720516 0.00541422562673688 0.00590261584147811 0.00565025070682168 0.00333635974675417 0.00187624280806631 0.00162531796377152 0.00173998554237187 0.00165566278155893 0.00176250434014946 0.00195800652727485
0.0998053252696991 0.109552480280399 0.235388159751892 0.098027341067791 0.0249828174710274 0.0344826988875866 0.0594050623476505 0.0107988230884075 0.00366069609299302 0.00503225717693567 0.0279647372663021 0.0298635680228472 0.00435460824519396 0.0183749292045832 0.0214249864220619 0.0218823403120041 0.0175914261490107 0.0186456479132175 0.0577250719070435 0.0260014701634645 0.0214903149753809 0.0253539811819792 0.0133298123255372 0.0174584351480007 0.0137341860681772 0.00658998358994722 0.00507742678746581 0.00590497627854347 0.00633432529866695 0.00650195358321071 0.00418005092069507 0.00200457801111042 0.0019397521391511 0.00185418070759624 0.00192755134776235
0.128279954195023 0.0805087313055992 0.366389185190201 0.237909823656082 0.0432207733392715 0.0153886107727885 0.0140634588897228 0.00680492073297501 0.00395803619176149 0.00367814558558166 0.00629062717780471 0.00847752392292023 0.00690480601042509 0.0316281840205193 0.17071707546711 0.0485696755349636 0.023971701040864 0.0170460324734449 0.0558110177516937 0.0412374809384346 0.0433081910014153 0.0318567417562008 0.0199699122458696 0.0253943856805563 0.0252262242138386 0.0170960538089275 0.00703761540353298 0.00633692508563399 0.00671613262966275 0.00556416157633066 0.00756289623677731 0.00734111154451966 0.00228215428069234 0.00200437754392624 0.00201914412900805
0.212387472391129 0.0694174319505692 0.423218101263046 0.484384208917618 0.124771483242512 0.069122388958931 0.0406440682709217 0.0139863761141896 0.00405980320647359 0.00557426596060395 0.00414159288629889 0.00361230806447566 0.0174462180584669 0.10807965695858 0.301907271146774 0.0842397138476372 0.0960166603326797 0.102733612060547 0.0471397154033184 0.0680490136146545 0.0448138155043125 0.0298947636038065 0.016141165047884 0.0364298187196255 0.0294144060462713 0.0176043156534433 0.0130404578521848 0.0147322788834572 0.0104387421160936 0.007768914103508 0.00806371495127678 0.0107299089431763 0.00691341795027256 0.00225488445721567 0.00192950328346342
0.0838482156395912 0.0332653969526291 0.205857947468758 0.452211856842041 0.0817808955907822 0.149541065096855 0.111715383827686 0.0350640080869198 0.0063842018134892 0.0040915017016232 0.00338711822405457 0.00341356475837529 0.00603077048435807 0.0422830507159233 0.259702324867249 0.412614732980728 0.398631483316422 0.157427757978439 0.067839689552784 0.124761529266834 0.0700567662715912 0.044022586196661 0.0189181733876467 0.024570245295763 0.0223701000213623 0.0198770277202129 0.0210213121026754 0.0209912117570639 0.015749104321003 0.0133150275796652 0.00925964117050171 0.010454666800797 0.0128989294171333 0.00319329067133367 0.00204957532696426
0.0697863772511482 0.027851989492774 0.148014858365059 0.483861088752747 0.107128880918026 0.0410255789756775 0.15977256000042 0.0433440208435059 0.00631090300157666 0.00365640432573855 0.0035342404153198 0.00377345341257751 0.00385077763348818 0.00806886330246925 0.0228231251239777 0.150172844529152 0.400079727172852 0.173224717378616 0.108642622828484 0.131501033902168 0.213903278112411 0.0684754475951195 0.0276879277080297 0.0114012416452169 0.00881849322468042 0.00882596988230944 0.0110626174136996 0.00810570362955332 0.00842389836907387 0.00828756298869848 0.0134631050750613 0.0150289349257946 0.010549739934504 0.00420784903690219 0.00224718265235424
0.00709746778011322 0.008557946421206 0.10368475317955 0.174507677555084 0.143642723560333 0.0261820387095213 0.145974144339561 0.110254995524883 0.00834059808403254 0.00394853902980685 0.00910462997853756 0.00594475399702787 0.00665920320898294 0.0053828819654882 0.00496584642678499 0.0258747339248657 0.224474042654037 0.357154160737991 0.19600647687912 0.11208451539278 0.313223749399185 0.1939597427845 0.22361396253109 0.0334520079195499 0.0126227783039212 0.00777390412986279 0.00722822081297636 0.0068191746249795 0.00704032694920897 0.00683158030733466 0.0066124820150435 0.0129441088065505 0.0201563108712435 0.00738802086561918 0.00344211095944047
0.0709054246544838 0.00951961893588305 0.0335202254354954 0.0484173484146595 0.130913764238358 0.0322839915752411 0.0238917917013168 0.0221646707504988 0.00600829627364874 0.00339825032278895 0.0227348655462265 0.0736088529229164 0.0704362392425537 0.0409612059593201 0.0131202647462487 0.0114217754453421 0.0481759123504162 0.198336482048035 0.120893098413944 0.220799520611763 0.184790000319481 0.424202680587769 0.228551357984543 0.0978327617049217 0.0276823826134205 0.0120638385415077 0.00675909593701363 0.00656698225066066 0.00620920630171895 0.00717567233368754 0.00649655237793922 0.0125088281929493 0.0355417095124722 0.00654512690380216 0.0049130991101265
0.0468803010880947 0.0351437479257584 0.0191943757236004 0.0088546322658658 0.0700524225831032 0.0896749719977379 0.0684656500816345 0.0146613400429487 0.0286214109510183 0.00645037181675434 0.0055826329626143 0.0785224661231041 0.142353937029839 0.198286086320877 0.0944826304912567 0.0435609593987465 0.0564866475760937 0.141568869352341 0.0737333819270134 0.402992725372314 0.375677764415741 0.425309836864471 0.450266510248184 0.353894531726837 0.0992303267121315 0.0260766502469778 0.00873276218771935 0.00602041557431221 0.00586891314014792 0.00596273969858885 0.0111536104232073 0.0114710154011846 0.0377423204481602 0.0156447272747755 0.00863665901124477
