data/climate_estimation/maxent_output/Bomarea_nervosa.asc
NCOLS 82 
NROWS 182 
XLLCORNER -79.5 
YLLCORNER -10.9166666666667 
CELLSIZE 0.0833333333333333 
NODATA_value -3.4e+38 
[rows 76 to 94 of 182, columns 0 to 42 of 82]
0.000514295883476734 0.000561325519811362 0.000725056452210993 0.00164440856315196 0.0655330568552017 0.104727484285831 0.363720178604126 0.802949726581573 0.970792651176453 0.944512963294983 0.993112325668335 0.999165177345276 0.99997878074646 0.926747560501099 0.494490802288055 0.049412876367569 0.0122217126190662 0.00410557212308049 0.0027348673902452 0.0020744155626744 0.0018036438850686 0.00164482940454036 0.00177495204843581 0.00185609166510403 0.00168907293118536 0.00166219717357308 0.00175046373624355 0.00170766247902066 0.00159688200801611 0.00145389616955072 0.00133664393797517 0.00143601617310196 0.00144288328010589 0.00153713137842715 0.00167895527556539 0.00174864765722305 0.00185838586185127 0.00193088746163994 0.00204699556343257 0.0021411944180727 0.00223690341226757 0.00227686343714595 0.00234685465693474
0.000615363009274006 0.000718227471224964 0.000985455350019038 0.00178567331749946 0.00520365219563246 0.14369098842144 0.565541744232178 0.679671227931976 0.959698081016541 0.963814914226532 0.986420750617981 0.99975711107254 0.999734163284302 0.759427607059479 0.232904270291328 0.0381907075643539 0.0127545921131968 0.00805359147489071 0.00495414109900594 0.00393890542909503 0.00334419147111475 0.00263486290350556 0.00271715712733567 0.00245147361420095 0.0020587332546711 0.00206323154270649 0.00188343063928187 0.00181703234557062 0.00169294653460383 0.00180524808820337 0.0016777504933998 0.00167565327137709 0.00171007844619453 0.00176496850326657 0.0018569998210296 0.00184971338603646 0.00196261052042246 0.00206028716638684 0.00211053248494864 0.00215512327849865 0.00211277953349054 0.00214931205846369 0.0022639415692538
0.000732997665181756 0.000881445477716625 0.00124914583284408 0.00317340297624469 0.0476420558989048 0.170230194926262 0.456504762172699 0.924372017383575 0.976271510124207 0.981791734695435 0.991327106952667 0.999835848808289 0.999789774417877 0.660524547100067 0.20978932082653 0.0434224233031273 0.0269133690744638 0.0109657514840364 0.00708131026476622 0.00570071954280138 0.00458008097484708 0.00401758216321468 0.00387356779538095 0.00319792120717466 0.00264238566160202 0.00257092248648405 0.00238937512040138 0.00234476733021438 0.00228947144933045 0.00218545529060066 0.00212685600854456 0.00209810025990009 0.00203031697310507 0.00215598265640438 0.00207635690458119 0.00216964818537235 0.00212259497493505 0.00214775581844151 0.00218608696013689 0.00217622634954751 0.00222020479850471 0.00225097057409585 0.00226509105414152
0.000884550507180393 0.00113211199641228 0.00259716715663671 0.0320841707289219 0.129629358649254 0.319324761629105 0.899483859539032 0.968802094459534 0.959074139595032 0.989796102046967 0.997925460338593 0.99998265504837 0.999043464660645 0.712980568408966 0.1164331138134 0.0282263122498989 0.0520884841680527 0.0128957685083151 0.0109847476705909 0.0051184231415391 0.00549777364358306 0.00504085514694452 0.00514347478747368 0.00436676805838943 0.00347288651391864 0.00330216437578201 0.00302372593432665 0.00296741724014282 0.00271408399567008 0.0026634088717401 0.00260652625001967 0.00254798796959221 0.00247719348408282 0.0025332875084132 0.00248103938065469 0.00234309351071715 0.00244080275297165 0.00235751294530928 0.00232116761617362 0.00232609920203686 0.00234560226090252 0.00228160293772817 0.00225193123333156
0.00115853233728558 0.00154838035814464 0.00488861370831728 0.058654859662056 0.143976151943207 0.771501958370209 0.994404971599579 0.978392720222473 0.988117277622223 0.999397754669189 0.999994277954102 0.999984502792358 0.999988853931427 0.77806568145752 0.0587338469922543 0.0591358654201031 0.0536617524921894 0.00969547778367996 0.0127600003033876 0.0109268091619015 0.00906847044825554 0.00584812741726637 0.0054146540351212 0.00479380041360855 0.00401655305176973 0.00398032600060105 0.00366198970004916 0.00352153810672462 0.0033732068259269 0.00327833765186369 0.00323087093420327 0.00302713131532073 0.00303439004346728 0.00302326865494251 0.00281145726330578 0.0026864807587117 0.00274356896989048 0.00266694091260433 0.002503318246454 0.00258146901614964 0.00245368154719472 0.00245104194618762 0.00241900142282248
0.00153301551472396 0.00427053263410926 0.0344003103673458 0.12118262052536 0.808117091655731 0.98389345407486 0.999150931835175 0.999971985816956 0.999991297721863 0.999998033046722 0.999974071979523 0.790490567684174 0.656721353530884 0.263607203960419 0.0322313085198402 0.0549920201301575 0.0410771034657955 0.00876838155090809 0.0133604938164353 0.0171717200428247 0.0118876108899713 0.00632317969575524 0.00595833174884319 0.00544416019693017 0.00460528628900647 0.00446640979498625 0.00421227002516389 0.00399890821427107 0.00388175807893276 0.00355805875733495 0.00357998814433813 0.00360884051769972 0.00353214121423662 0.00345293409191072 0.00338302040472627 0.00325290835462511 0.0030926582403481 0.00309108686633408 0.00285649788565934 0.00295902788639069 0.0027787231374532 0.0027874035295099 0.00280483160167933
0.0113503048196435 0.0249959863722324 0.121427685022354 0.977693498134613 0.99105703830719 0.993647277355194 0.999902904033661 0.999999046325684 0.999999523162842 0.999999344348907 0.994780659675598 0.797757267951965 0.121733397245407 0.0388173349201679 0.0264788176864386 0.0396769940853119 0.0190930459648371 0.0054213716648519 0.0178603623062372 0.0170735213905573 0.00970712397247553 0.00713744340464473 0.00668715825304389 0.00558982603251934 0.00519297597929835 0.0047839405015111 0.00467283977195621 0.0044318251311779 0.00426107319071889 0.00427171820774674 0.00415493734180927 0.00406514387577772 0.0039336490444839 0.00393861439079046 0.00395487667992711 0.00384020432829857 0.00378398830071092 0.00363317970186472 0.00358788250014186 0.0034661425743252 0.00349586945958436 0.0033014623913914 0.00322108948603272
0.0821455866098404 0.0754454582929611 0.97284734249115 0.987246930599213 0.995105803012848 0.999938488006592 0.999999523162842 0.999979436397552 0.999999642372131 0.99999988079071 0.99955803155899 0.999980568885803 0.532324373722076 0.0392394438385963 0.0333266928792 0.0325178727507591 0.0129279335960746 0.00799389835447073 0.0172244403511286 0.0146327801048756 0.00878739729523659 0.00971945747733116 0.00695265177637339 0.00753035023808479 0.00732635660097003 0.00524715008214116 0.00498052639886737 0.00467982375994325 0.00469736801460385 0.00466891564428806 0.00479976693168283 0.00480714207515121 0.00474148383364081 0.00454870844259858 0.00487787183374166 0.00437807710841298 0.00453992281109095 0.00447118328884244 0.00426531955599785 0.00413464475423098 0.00415905984118581 0.00403533317148685 0.00391921261325479
0.307933181524277 0.976077675819397 0.990294635295868 0.996742904186249 0.999822378158569 0.999996662139893 0.99789947271347 0.993425786495209 0.999995768070221 0.999986112117767 0.999996721744537 0.996726334095001 0.141568034887314 0.0286405421793461 0.0276791211217642 0.0221748035401106 0.00818013772368431 0.0158929005265236 0.0163486618548632 0.0137549974024296 0.00901683792471886 0.00991162750869989 0.00978140439838171 0.0087026609107852 0.00855470634996891 0.00800127163529396 0.00754034006968141 0.0057043950073421 0.00557086104527116 0.00561978621408343 0.00580000458285213 0.00616645440459251 0.00595312425866723 0.00591697869822383 0.00614746520295739 0.00621906900778413 0.00627263961359859 0.0057899197563529 0.00561710726469755 0.00571898370981216 0.00526264030486345 0.00508360331878066 0.00501160230487585
0.0400654599070549 0.97367650270462 0.990403234958649 0.999010622501373 0.999943673610687 0.993351578712463 0.935342311859131 0.991627931594849 0.99977844953537 0.999999821186066 0.99999988079071 0.999555945396423 0.18954148888588 0.0324727259576321 0.0247274413704872 0.0172572415322065 0.00856938306242228 0.0180978458374739 0.013221631757915 0.0103811388835311 0.00915941968560219 0.011679332703352 0.0110402349382639 0.00951937399804592 0.00947697926312685 0.00851764623075724 0.0087424935773015 0.00899807270616293 0.0086473822593689 0.00888253748416901 0.00965758040547371 0.00761981215327978 0.00785600673407316 0.00788616202771664 0.00807270966470242 0.00842272490262985 0.00844793207943439 0.00857432000339031 0.00802784040570259 0.00824130605906248 0.00814354699105024 0.00756818987429142 0.00684538763016462
0.237900346517563 0.963562250137329 0.99650377035141 0.999333679676056 0.999070465564728 0.986624360084534 0.986705005168915 0.999594032764435 0.999291121959686 0.99999988079071 0.999999403953552 0.958073914051056 0.0572600811719894 0.0207387395203114 0.0190567299723625 0.0189211461693048 0.0122558819130063 0.0184804182499647 0.0139616429805756 0.0131292454898357 0.00934271048754454 0.0134884947910905 0.0122952172532678 0.0111447777599096 0.0110580194741488 0.0107646379619837 0.0106213297694921 0.0103070857003331 0.0106142433360219 0.0113748554140329 0.0117654474452138 0.0120647270232439 0.0135331274941564 0.0139342900365591 0.0137293804436922 0.0132854571565986 0.0134369125589728 0.013961611315608 0.0136590804904699 0.0117050409317017 0.0133799146860838 0.0128149874508381 0.00999074429273605
0.555839538574219 0.987947642803192 0.99631255865097 0.99878978729248 0.99560934305191 0.991012156009674 0.996929824352264 0.99911493062973 0.999891817569733 0.999999940395355 0.99999076128006 0.323940336704254 0.0275180116295815 0.0238245315849781 0.0207129437476397 0.0220303311944008 0.0179038401693106 0.0140770375728607 0.015989575535059 0.0165570005774498 0.0124238701537251 0.0140718389302492 0.0144985364750028 0.0132044889032841 0.0127328289672732 0.0120651545003057 0.0122567601501942 0.0121431797742844 0.0124944988638163 0.0131883192807436 0.0141218714416027 0.0151321748271585 0.0174037497490644 0.0183864068239927 0.0183667298406363 0.0200659390538931 0.0213957186788321 0.0187522396445274 0.0193574596196413 0.0192764978855848 0.018148697912693 0.017874812707305 0.0171845518052578
0.899334311485291 0.974404633045197 0.987586200237274 0.991877734661102 0.991607129573822 0.99628096818924 0.997453987598419 0.999468505382538 0.999991595745087 0.99999988079071 0.999912023544312 0.0616061240434647 0.027834590524435 0.0213913340121508 0.0210211798548698 0.0185615792870522 0.0146372988820076 0.0145060550421476 0.0143726635724306 0.0181938242167234 0.0132016818970442 0.0146216079592705 0.0152699649333954 0.0145497256889939 0.0138667458668351 0.0132617270573974 0.0140170278027654 0.0140460673719645 0.0151992402970791 0.0147493062540889 0.0164707880467176 0.0201271288096905 0.0218719150871038 0.0237826611846685 0.0254088640213013 0.0275710355490446 0.0296340733766556 0.0311993211507797 0.0279853418469429 0.0278427489101887 0.026971410959959 0.0251809936016798 0.0231665559113026
0.740450084209442 0.607321262359619 0.367243468761444 0.244004175066948 0.988131165504456 0.997286021709442 0.998112618923187 0.999864816665649 0.99999988079071 0.95976984500885 0.906226456165314 0.0470404289662838 0.0325442962348461 0.0348593927919865 0.0211347639560699 0.0194160118699074 0.0123799443244934 0.010888060554862 0.014344984665513 0.0188888534903526 0.0143829984590411 0.0151244215667248 0.016080554574728 0.0151630891487002 0.0144656766206026 0.0148265091702342 0.0148789705708623 0.015970379114151 0.0163042489439249 0.0180567614734173 0.0199754107743502 0.0225687716156244 0.0255991891026497 0.0286510623991489 0.03309191390872 0.0343350730836391 0.0396581329405308 0.0411553755402565 0.0442162305116653 0.0448259338736534 0.0344770550727844 0.033384770154953 0.029978645965457
0.0609846971929073 0.0836013182997704 0.108426056802273 0.414586395025253 0.992081165313721 0.996454417705536 0.999564707279205 0.99998950958252 0.999991178512573 0.890644907951355 0.112810015678406 0.0511465892195702 0.0354425981640816 0.0514672584831715 0.058900099247694 0.0156086925417185 0.0135905519127846 0.010313012637198 0.015955226495862 0.0193241685628891 0.0139901526272297 0.0148925678804517 0.0167894642800093 0.0154277235269547 0.015090542845428 0.0152138033881783 0.0159590914845467 0.0168617945164442 0.0177937839180231 0.0198168344795704 0.0223249159753323 0.0259154848754406 0.0296813976019621 0.0357428267598152 0.038783572614193 0.0440510660409927 0.0503247529268265 0.0540109537541866 0.0531871356070042 0.052203930914402 0.0492369905114174 0.0444398634135723 0.041955903172493
0.0615273751318455 0.0875889956951141 0.189819321036339 0.889531314373016 0.954019367694855 0.997977316379547 0.999837338924408 0.999997437000275 0.976707518100739 0.977553367614746 0.0638714730739594 0.0484196990728378 0.0391908884048462 0.106294028460979 0.0223633665591478 0.0192508902400732 0.0136644849553704 0.0124055640771985 0.0169117450714111 0.019897909834981 0.0139105720445514 0.016363637521863 0.0163305718451738 0.0157883707433939 0.0163252893835306 0.015951793640852 0.0168192256242037 0.0175872128456831 0.019594844430685 0.0221866946667433 0.0247029755264521 0.0286150835454464 0.0338565185666084 0.0391656905412674 0.0462569929659367 0.053333830088377 0.0572736635804176 0.060975257307291 0.0626031309366226 0.0606711320579052 0.0566214993596077 0.0511995032429695 0.0462754517793655
0.526360213756561 0.259622693061829 0.254699170589447 0.599388360977173 0.979493975639343 0.999106228351593 0.99998939037323 0.999998807907104 0.966782987117767 0.11187219619751 0.0564496405422688 0.0730476304888725 0.0478152632713318 0.0915220379829407 0.0190261229872704 0.0127907795831561 0.0141372550278902 0.0170748345553875 0.0136120328679681 0.0198195297271013 0.0154992369934916 0.0134081821888685 0.0167909320443869 0.0158228725194931 0.0160104800015688 0.0160611476749182 0.0171316228806973 0.0181838050484657 0.0212972853332758 0.0230142753571272 0.0260017793625593 0.030841251835227 0.0358982607722282 0.0425930805504322 0.049589890986681 0.0584274604916573 0.0614177994430065 0.0685548409819603 0.0702550485730171 0.0641244575381279 0.061378538608551 0.0596746988594532 0.0543429106473923
0.869530260562897 0.857892274856567 0.600204944610596 0.979569435119629 0.996257662773132 0.999545931816101 0.572661280632019 0.959981024265289 0.999616801738739 0.0830307081341743 0.0522281192243099 0.0976799502968788 0.0380264557898045 0.0571259893476963 0.0220292005687952 0.0176986437290907 0.0193409137427807 0.0180917680263519 0.0143083035945892 0.0182095691561699 0.0187637284398079 0.01419329456985 0.0159660149365664 0.0154762761667371 0.0150316478684545 0.0165215786546469 0.0178203266113997 0.0190231744199991 0.0215874724090099 0.022689076140523 0.0261905267834663 0.030620401725173 0.0367188304662704 0.0416558459401131 0.0530932173132896 0.0578170642256737 0.0648626834154129 0.0675302892923355 0.0695532932877541 0.0703665614128113 0.0683109611272812 0.0626205429434776 0.0588880069553852
0.505862712860107 0.956951320171356 0.943368792533875 0.985888659954071 0.997472107410431 0.999948680400848 0.224495932459831 0.475714892148972 0.339913666248322 0.053372360765934 0.0745467990636826 0.0634155571460724 0.0291919354349375 0.0368582829833031 0.0259686596691608 0.0181326251477003 0.0183893945068121 0.015622703358531 0.0163067821413279 0.0165204405784607 0.0181113854050636 0.0155080910772085 0.0133473509922624 0.0144625985994935 0.0151668665930629 0.0156082548201084 0.0171730536967516 0.0186105594038963 0.021237688139081 0.0233559608459473 0.0282557420432568 0.0320513471961021 0.0365219824016094 0.0429919771850109 0.0490840449929237 0.0553438365459442 0.0606538318097591 0.0665691494941711 0.0713201388716698 0.0726292654871941 0.0671956613659859 0.0626240149140358 0.0591993033885956
