data/climate_estimation/maxent_output/Bomarea_formosissima.asc
NCOLS 147 
NROWS 146 
XLLCORNER -75.6666666666667 
YLLCORNER -21 
CELLSIZE 0.0833333333333333 
NODATA_value -3.4e+38 
[rows 20 to 39 of 146, columns 88 to 131 of 147]
0.0222845617681742 0.0199610143899918 0.0194794237613678 0.0196175947785378 0.0207024253904819 0.0203868299722672 0.0207348242402077 0.0191303361207247 0.0186061821877956 0.0185889359563589 0.017226330935955 0.0163347702473402 0.0170269254595041 0.0179379228502512 0.0182452443987131 0.0172399990260601 0.0173491612076759 0.016730185598135 0.0182203967124224 0.017401060089469 0.0170203018933535 0.0162426047027111 0.014941624365747 0.014518222771585 0.0146871339529753 0.0126337492838502 0.0117115313187242 0.0109138572588563 0.0104984194040298 0.0107933450490236 0.010119678452611 0.0101339258253574 0.00953751616179943 0.0106516378000379 0.011045747436583 0.0112009588629007 0.010909428820014 0.0112798241898417 0.0117164254188538 0.0106393722817302 0.0107043348252773 0.010061820037663 0.0107224835082889 0.0110299419611692
0.0221313331276178 0.0252408050000668 0.022654565051198 0.0213569197803736 0.0211252924054861 0.0199796389788389 0.0205261670053005 0.0205528698861599 0.02081080339849 0.0198113471269608 0.0193909928202629 0.0182980056852102 0.0196648836135864 0.0201788526028395 0.0186247900128365 0.0186906531453133 0.0190890897065401 0.018855107948184 0.018589960411191 0.0184953846037388 0.0179950688034296 0.0180227272212505 0.0169788971543312 0.014434153214097 0.014631001278758 0.0128934029489756 0.0117408661171794 0.0111520821228623 0.011610409244895 0.0110331559553742 0.0103440312668681 0.0102648884057999 0.0106130940839648 0.0108619118109345 0.0117822261527181 0.0115249129012227 0.012304806150496 0.0113166281953454 0.0116043416783214 0.0117243975400925 0.0111997220665216 0.0118818590417504 0.0116500156000257 0.0110760685056448
0.0278230495750904 0.0255793444812298 0.0250207185745239 0.024798359721899 0.0237265340983868 0.0224253460764885 0.0219712369143963 0.0203494764864445 0.020644549280405 0.020672220736742 0.0216585770249367 0.0207108538597822 0.021427758038044 0.0208118725568056 0.0215059425681829 0.0206881668418646 0.0216051004827023 0.0209236927330494 0.0192363318055868 0.0192890558391809 0.0190208498388529 0.0195271000266075 0.0169580392539501 0.0160552393645048 0.0147651545703411 0.0139965182170272 0.0139957489445806 0.0122406166046858 0.0116291325539351 0.0104182595387101 0.0100951446220279 0.010734342969954 0.0111814150586724 0.0108619118109345 0.0120878079906106 0.0118678333237767 0.0117521286010742 0.0127507410943508 0.01202108617872 0.0126797873526812 0.0115146916359663 0.0103362519294024 0.0106008797883987 0.0106200696900487
0.0343554317951202 0.0293333325535059 0.0279356744140387 0.0283822901546955 0.0244004596024752 0.0234695468097925 0.0235856231302023 0.0233499612659216 0.0220671147108078 0.0223379451781511 0.0241053029894829 0.0219351444393396 0.0226090103387833 0.0238262545317411 0.0227191802114248 0.0207334402948618 0.0220038704574108 0.022279804572463 0.0211155880242586 0.022081172093749 0.0213074013590813 0.0191167183220387 0.0189377777278423 0.0175441466271877 0.017098905518651 0.0149993449449539 0.0144081357866526 0.0132550839334726 0.0119985388591886 0.011824045330286 0.011411395855248 0.0114430142566562 0.0117880087345839 0.0117715084925294 0.0124582257121801 0.013642436824739 0.0131038185209036 0.0141691686585546 0.0135095249861479 0.011687321588397 0.0108722914010286 0.0103971976786852 0.00959856901317835 0.00998762901872396
0.0379114858806133 0.0339617505669594 0.0328196510672569 0.0301718041300774 0.0269470661878586 0.0280523840337992 0.0256693456321955 0.0251111183315516 0.026324775069952 0.0238662995398045 0.0244887005537748 0.0240698456764221 0.0230200234800577 0.0256822388619184 0.0225289296358824 0.0233044847846031 0.0225858855992556 0.021411120891571 0.0219652932137251 0.0243350360542536 0.0227654483169317 0.0216039624065161 0.0204948373138905 0.0192124824970961 0.0178244840353727 0.0170035269111395 0.0158961769193411 0.0135808177292347 0.012268453836441 0.0119036436080933 0.0114625636488199 0.011780634522438 0.0118408547714353 0.011433694511652 0.0122244032099843 0.0130926417186856 0.0139382649213076 0.0127193592488766 0.0128920637071133 0.0114274332299829 0.011734152212739 0.0119825145229697 0.0109398877248168 0.0112197818234563
0.0442378148436546 0.0388724394142628 0.0372367426753044 0.0332468412816525 0.0302267465740442 0.0301943849772215 0.0304711386561394 0.0281081907451153 0.0266460943967104 0.0256876200437546 0.02752978913486 0.0280374381691217 0.0244853980839252 0.0248659122735262 0.0232896022498608 0.0230108015239239 0.0246928092092276 0.0261434204876423 0.0233177281916142 0.025063781067729 0.0252983346581459 0.0237447936087847 0.0216379594057798 0.0217058043926954 0.0186780039221048 0.0198593847453594 0.017291534692049 0.0142399286851287 0.0125705953687429 0.0122487070038915 0.0122005138546228 0.0118594719097018 0.0109765911474824 0.0116370525211096 0.0124969845637679 0.0125765446573496 0.0127838421612978 0.0119348112493753 0.0119796758517623 0.0109951524063945 0.0103141237050295 0.0108264042064548 0.0108237080276012 0.0106960544362664
0.0484796091914177 0.0466088354587555 0.0406906418502331 0.0376224517822266 0.035416305065155 0.0320517756044865 0.033883348107338 0.0299391131848097 0.0283928159624338 0.0269195530563593 0.0273157376796007 0.0258111134171486 0.024721622467041 0.0266734603792429 0.0256058592349291 0.025413328781724 0.0249132290482521 0.0249177981168032 0.0252241808921099 0.0262232329696417 0.0259171314537525 0.0226683747023344 0.0218734163790941 0.0216913614422083 0.0217326730489731 0.0207521002739668 0.0190638490021229 0.0164211336523294 0.014756535179913 0.0134128797799349 0.0131340939551592 0.0121271926909685 0.0125767542049289 0.0129348430782557 0.0124263679608703 0.0124435881152749 0.0123592298477888 0.0117755075916648 0.0114490808919072 0.0107064824551344 0.0103857554495335 0.010804864577949 0.0103818103671074 0.0100799361243844
0.0525870583951473 0.0479709506034851 0.0446668639779091 0.0412798784673214 0.0379715785384178 0.034639447927475 0.0322471000254154 0.0293192490935326 0.030308997258544 0.0281472112983465 0.0292597506195307 0.0281212460249662 0.0257872752845287 0.0266234427690506 0.0282727386802435 0.030191333964467 0.0255899485200644 0.0273351687937975 0.0255548413842916 0.0261149238795042 0.0249570328742266 0.025562921538949 0.0234935469925404 0.0241604931652546 0.0233205650001764 0.0202442165464163 0.0197836328297853 0.0165363848209381 0.0154245896264911 0.0140846520662308 0.01310477219522 0.0128243323415518 0.0122252544388175 0.0121739283204079 0.0126625755801797 0.0120628019794822 0.0113432426005602 0.0116322040557861 0.0106344241648912 0.0101490654051304 0.0102625172585249 0.00992411095649004 0.0100135272368789 0.00949257239699364
0.0560802444815636 0.0510566011071205 0.0464796051383018 0.0437782071530819 0.0373494327068329 0.0340793691575527 0.0332959145307541 0.0335250534117222 0.0317589268088341 0.0321919694542885 0.0338857471942902 0.0289192404597998 0.030070923268795 0.0313786566257477 0.0280790012329817 0.0271272715181112 0.0270010661333799 0.0248429011553526 0.0269396938383579 0.0261946246027946 0.0250899065285921 0.0249651987105608 0.0254975240677595 0.0246703829616308 0.0230136420577765 0.0211604423820972 0.0192188955843449 0.0179636664688587 0.0163103584200144 0.0147604402154684 0.013551514595747 0.0122909918427467 0.0124426037073135 0.0123659735545516 0.0126309534534812 0.0116938427090645 0.0113714309409261 0.0113258194178343 0.0112136416137218 0.010749994777143 0.0101757440716028 0.00948882289230824 0.00981811806559563 0.0100386301055551
0.0565995052456856 0.0503136739134789 0.0482087023556232 0.0418803133070469 0.0385695770382881 0.039566233754158 0.0341637507081032 0.0343595333397388 0.0301817301660776 0.0333221331238747 0.0314134545624256 0.0325604379177094 0.032038364559412 0.0301698185503483 0.0260511096566916 0.0263661853969097 0.0268077906221151 0.0262489356100559 0.0275043323636055 0.0296805500984192 0.0266277696937323 0.0246637631207705 0.0251325182616711 0.0258886180818081 0.0236631035804749 0.0200988072901964 0.0197828505188227 0.018196227028966 0.0172607861459255 0.0162045359611511 0.0151472175493836 0.0133765852078795 0.0125824743881822 0.013587461784482 0.0122111346572638 0.011980296112597 0.0118038291111588 0.0112639283761382 0.0117830596864223 0.0112867914140224 0.0104194059967995 0.0103808268904686 0.010589019395411 0.0103605706244707
0.0609143897891045 0.0548835806548595 0.0511703453958035 0.0445952452719212 0.040844950824976 0.0419084057211876 0.0378275290131569 0.0355962440371513 0.0370835140347481 0.0352143682539463 0.0335413105785847 0.0318801179528236 0.0327454097568989 0.0293924640864134 0.0269787777215242 0.0278361719101667 0.0294560249894857 0.0273388382047415 0.0277345702052116 0.0275533776730299 0.0261885970830917 0.0266281813383102 0.0233088321983814 0.0237895976752043 0.0199829917401075 0.0194607544690371 0.0206757821142673 0.0178951732814312 0.0172607861459255 0.0162407364696264 0.0146161634474993 0.0141102252528071 0.0129760578274727 0.0134931085631251 0.0115019241347909 0.0136325666680932 0.0119067430496216 0.010921772569418 0.0107234977185726 0.010185114108026 0.0101459668949246 0.0100407404825091 0.0103399446234107 0.0104093970730901
0.0631377771496773 0.0541969388723373 0.0550015643239021 0.046851959079504 0.0454955473542213 0.0427782312035561 0.0424032211303711 0.0396520085632801 0.0377426669001579 0.0355255901813507 0.0355255901813507 0.0315895341336727 0.0298547558486462 0.0314405187964439 0.0304886568337679 0.0308629833161831 0.0301431901752949 0.0290179792791605 0.0298152267932892 0.0270461924374104 0.0256312526762486 0.0238813515752554 0.0235745534300804 0.0221806615591049 0.0216676592826843 0.0211193300783634 0.0195426885038614 0.0182578582316637 0.01800780557096 0.0160135291516781 0.0148127414286137 0.013829899020493 0.0129760578274727 0.0132540231570601 0.0124633461236954 0.0122798075899482 0.0118271233513951 0.0121564073488116 0.0116224475204945 0.0111642004922032 0.0108045414090157 0.0107054244726896 0.0111317364498973 0.0104588679969311
0.0568719245493412 0.054405465722084 0.0540340431034565 0.0504829734563828 0.0505806617438793 0.0473208874464035 0.04397277161479 0.0411787182092667 0.037409495562315 0.0332683324813843 0.0344651229679585 0.0324325188994408 0.0335985422134399 0.037675604224205 0.0341700576245785 0.0327902995049953 0.0302926618605852 0.0281712412834167 0.0287906136363745 0.0277842152863741 0.026184156537056 0.024767966940999 0.0223931930959225 0.0202365163713694 0.021091066300869 0.022447170689702 0.0193693116307259 0.018015269190073 0.0176370218396187 0.0172274969518185 0.0155238024890423 0.0143006145954132 0.0139685617759824 0.0129900788888335 0.0127736385911703 0.0132786352187395 0.0120675824582577 0.0116008874028921 0.0114962328225374 0.0117585062980652 0.0113206263631582 0.010732252150774 0.0110735464841127 0.0114077609032393
0.0563147626817226 0.0533647276461124 0.0550866238772869 0.0538986921310425 0.0483585633337498 0.0457461103796959 0.0419921353459358 0.0417140051722527 0.0386185832321644 0.0403686016798019 0.0374381542205811 0.0372007861733437 0.0351971499621868 0.0359497852623463 0.0317559242248535 0.033180795609951 0.0309984777122736 0.0297170598059893 0.0279026459902525 0.0280883554369211 0.0271634478121996 0.0242310091853142 0.0218890365213156 0.0220094379037619 0.0224786959588528 0.0207234192639589 0.0206491220742464 0.0183387137949467 0.0179269779473543 0.0180715061724186 0.016890550032258 0.0139534920454025 0.0148984575644135 0.0141994301229715 0.0124355116859078 0.0122518949210644 0.0122551405802369 0.0117839463055134 0.0110034318640828 0.0116601884365082 0.0117186829447746 0.0116316992789507 0.0112508665770292 0.0120540792122483
0.0595624372363091 0.0603451356291771 0.0565470531582832 0.0533552132546902 0.0463937781751156 0.0454403609037399 0.0454521961510181 0.0441180020570755 0.0447022467851639 0.0403008013963699 0.0368682369589806 0.0373577587306499 0.0343150459229946 0.0351536460220814 0.0359389707446098 0.0334298424422741 0.0330157056450844 0.0298322159796953 0.0295083466917276 0.0282428003847599 0.0243083611130714 0.023751113563776 0.0238753445446491 0.022553775459528 0.0217893496155739 0.0209805406630039 0.0210960004478693 0.0192445982247591 0.0175571981817484 0.0178037323057652 0.0167268868535757 0.0151174338534474 0.0138442870229483 0.0141407176852226 0.0147978710010648 0.0124451611191034 0.0126731060445309 0.0124888746067882 0.0126649392768741 0.012612278573215 0.0118385497480631 0.0119329281151295 0.0115139055997133 0.0115088913589716
0.0635749697685242 0.0554393045604229 0.0554180331528187 0.0512386001646519 0.0475803092122078 0.0463427528738976 0.0503077879548073 0.0476610288023949 0.0439111888408661 0.0397750623524189 0.0385738015174866 0.0393919385969639 0.0344580784440041 0.0384887754917145 0.0411943048238754 0.0346246287226677 0.0328613296151161 0.0286158565431833 0.0277247205376625 0.0273719802498817 0.0256965775042772 0.0275164172053337 0.0248286109417677 0.0235342383384705 0.0225839782506227 0.0222589559853077 0.0214337538927794 0.0194653123617172 0.0193996448069811 0.0174111165106297 0.0182374697178602 0.0163389649242163 0.0153372352942824 0.0142352348193526 0.014119821600616 0.0129306521266699 0.0129301389679313 0.0129441106691957 0.0128576001152396 0.012006881646812 0.012750412337482 0.0130186369642615 0.0127593502402306 0.0119053795933723
0.0595247596502304 0.0599012337625027 0.0509748533368111 0.0471397191286087 0.0504602789878845 0.0532286763191223 0.0486543625593185 0.0467395782470703 0.0405287556350231 0.042867474257946 0.0417966358363628 0.041854340583086 0.0376360677182674 0.0354983545839787 0.0381659045815468 0.0363215133547783 0.0345819927752018 0.0288474392145872 0.0290567129850388 0.0275647360831499 0.0265068076550961 0.0250375159084797 0.0253940001130104 0.0229599103331566 0.0209807138890028 0.0224339943379164 0.0211957134306431 0.0194219946861267 0.0190569162368774 0.0190392546355724 0.0170325767248869 0.0172030683606863 0.0169541426002979 0.0150853786617517 0.0145683381706476 0.0148680415004492 0.013737989589572 0.013089582324028 0.0131776425987482 0.0123919853940606 0.0127537902444601 0.0122612081468105 0.013704739511013 0.0133760534226894
0.0585463345050812 0.0579294338822365 0.0501622185111046 0.0529172904789448 0.0548068881034851 0.0515927821397781 0.047967005521059 0.0464853309094906 0.0432844199240208 0.0470616519451141 0.0426816307008266 0.0387768894433975 0.0419340282678604 0.0366011150181293 0.0365579351782799 0.0359926149249077 0.0320242941379547 0.031487550586462 0.0297079384326935 0.0300620198249817 0.0284330081194639 0.0267988815903664 0.0252253506332636 0.0261490531265736 0.0230279602110386 0.0229495093226433 0.0215175747871399 0.0196010116487741 0.0199296809732914 0.0201745498925447 0.0191448926925659 0.0174737442284822 0.0157220419496298 0.0155991055071354 0.0157789718359709 0.0151062561199069 0.0139812082052231 0.0132101010531187 0.0129186306148767 0.0123120388016105 0.0129941049963236 0.013324586674571 0.0138352317735553 0.0130840232595801
0.0617333389818668 0.0534861125051975 0.0519723519682884 0.0565063431859016 0.0543268993496895 0.0525875389575958 0.0471309386193752 0.0456702224910259 0.0482002645730972 0.0430968068540096 0.043583232909441 0.0411470755934715 0.0415068976581097 0.0411427915096283 0.0389325618743896 0.0379944518208504 0.0327507294714451 0.028880512341857 0.0316532626748085 0.0302734207361937 0.0278710853308439 0.0271581038832664 0.0260645095258951 0.0234032645821571 0.0226209796965122 0.0229495093226433 0.02190319634974 0.0224200319498777 0.0220041647553444 0.0220768954604864 0.0191343929618597 0.0165607240051031 0.0172956567257643 0.0167819708585739 0.0156073579564691 0.0162173174321651 0.0148542327806354 0.0145018789917231 0.015142441727221 0.0133175225928426 0.0131695354357362 0.012547786347568 0.012770576402545 0.0132044907659292
0.0584241040050983 0.0561273470520973 0.0545143969357014 0.0581855811178684 0.0551808513700962 0.051842387765646 0.0505353547632694 0.0499686039984226 0.053656667470932 0.0487348213791847 0.0439217276871204 0.0414670631289482 0.0406487546861172 0.0404133833944798 0.040276937186718 0.0381525158882141 0.0340809412300587 0.0323258489370346 0.0330757610499859 0.0313982851803303 0.0289184655994177 0.028311787173152 0.0255477707833052 0.0241430383175611 0.0237958524376154 0.024959422647953 0.0236016307026148 0.0215935558080673 0.0192220527678728 0.0196754839271307 0.0183497462421656 0.0174578726291656 0.0172571260482073 0.0172750484198332 0.0157518107444048 0.0163738895207644 0.0162090454250574 0.0158556625247002 0.0153809497132897 0.0133210495114326 0.0140189845114946 0.014156905002892 0.0139061417430639 0.0132686756551266
