data/climate_estimation/maxent_output/Bomarea_hirsuta.asc
NCOLS 158 
NROWS 198 
XLLCORNER -85.1666666666667 
YLLCORNER -5.75 
CELLSIZE 0.0833333333333334 
NODATA_value -3.4e+38 
[rows 176 to 197 of 198, columns 100 to 149 of 158]
0.00451246509328485 0.00473561650142074 0.00471515767276287 0.00506811309605837 0.00515098962932825 0.0052220462821424 0.00548691675066948 0.00593350920826197 0.00659189419820905 0.00653547141700983 0.00718128960579634 0.00732798269018531 0.0076875127851963 0.00825318042188883 0.00857346318662167 0.00879533030092716 0.00924156978726387 0.00920258555561304 0.00913699064403772 0.009022181853652 0.00908058881759644 0.00837977416813374 0.00809552147984505 0.00725003844127059 0.00661916332319379 0.00626695808023214 0.0055383020080626 0.00538947759196162 0.00528013799339533 0.00519732851535082 0.00532588828355074 0.00559744937345386 0.00548925157636404 0.00565780606120825 0.00568652618676424 0.00602593319490552 0.00581695651635528 0.00622903602197766 0.00615565059706569 0.00622408231720328 0.0060347355902195 0.00630635023117065 0.00612483592703938 0.00649730442091823 0.00716625107452273 0.00811124686151743 0.00831756088882685 0.00879568886011839 0.00935125537216663 0.00931201688945293
0.00470411358401179 0.00499990954995155 0.00509850867092609 0.0052144112996757 0.00540101667866111 0.00557211134582758 0.00564166810363531 0.00574387144297361 0.00643571000546217 0.00658501591533422 0.00681116199120879 0.0074606966227293 0.00741845648735762 0.00801084842532873 0.00846179015934467 0.00860556215047836 0.0089347967877984 0.00847253389656544 0.00848921202123165 0.00886074732989073 0.0086894677951932 0.00828608497977257 0.00782223232090473 0.00755338370800018 0.00662320200353861 0.00620497297495604 0.00598037615418434 0.00576224597170949 0.00552969193086028 0.00521439732983708 0.0052894102409482 0.00539304502308369 0.00536528695374727 0.00605516182258725 0.00630623521283269 0.00621253391727805 0.00640020705759525 0.00687688170000911 0.00678206561133265 0.00637739151716232 0.00636588362976909 0.00615159841254354 0.00655120797455311 0.00681250402703881 0.00717938086017966 0.00797784514725208 0.00873379036784172 0.0088250832632184 0.00966457556933165 0.0100617278367281
0.00466725369915366 0.00476162973791361 0.00495416903868318 0.0051495935767889 0.0054078116081655 0.00569955538958311 0.00560657400637865 0.00578752998262644 0.00630080420523882 0.00674599036574364 0.00701119378209114 0.00688150990754366 0.0076716048642993 0.00774358864873648 0.00807719957083464 0.00843471474945545 0.00868113618344069 0.00871874671429396 0.00873642787337303 0.00835428107529879 0.00850976351648569 0.00809157360345125 0.0079831425100565 0.00733988638967276 0.00690825469791889 0.00637884298339486 0.0061877048574388 0.0058913049288094 0.0057740081101656 0.00552399223670363 0.00562743889167905 0.00557376677170396 0.00550416670739651 0.00591190112754703 0.00599695276468992 0.00632058875635266 0.0065071121789515 0.00706834811717272 0.00691765546798706 0.00661608576774597 0.00623087724670768 0.00619089649990201 0.0064395465888083 0.00662109069526196 0.0077626770362258 0.0078380610793829 0.00853135902434587 0.00923616159707308 0.00990662630647421 0.0096631059423089
0.00479991035535932 0.00492452597245574 0.00508505757898092 0.005275156814605 0.00547032617032528 0.00562671665102243 0.00582661246880889 0.00589853897690773 0.00622176192700863 0.00687872432172298 0.00688932789489627 0.00708587933331728 0.00729007786139846 0.00753850024193525 0.00806730985641479 0.00841936655342579 0.00822329241782427 0.00823694188147783 0.00825628917664289 0.00859303586184978 0.00813006982207298 0.00788856577128172 0.00758277904242277 0.00713104801252484 0.00691517489030957 0.00683740014210343 0.00638834107667208 0.00626482721418142 0.00580828776583076 0.00541366264224052 0.00542785599827766 0.00533186830580235 0.00547361839562654 0.00554555607959628 0.00584022887051105 0.00574878789484501 0.006324945949018 0.0066145290620625 0.00660811457782984 0.00640136282891035 0.00624401029199362 0.00653274497017264 0.00670146942138672 0.00695748953148723 0.00812678690999746 0.00878889765590429 0.00879609677940607 0.00879818201065063 0.00945380982011557 0.0100311590358615
0.00466348463669419 0.00476583186537027 0.00489181187003851 0.00507823191583157 0.00542000355198979 0.00564180221408606 0.00552361225709319 0.00581087311729789 0.00615963479503989 0.00621706433594227 0.00680023245513439 0.00718464283272624 0.00732043851166964 0.00749467965215445 0.00754744466394186 0.00796390045434237 0.0082095405086875 0.0079966839402914 0.00787682831287384 0.00772650586441159 0.00755406357347965 0.00750387413427234 0.0073700868524611 0.00721451407298446 0.00682879704982042 0.00659040128812194 0.00653822813183069 0.00630929600447416 0.00621492089703679 0.0054607717320323 0.00543266674503684 0.00532494019716978 0.00513901095837355 0.0051975348033011 0.00574380345642567 0.00572840124368668 0.00597066478803754 0.00622808979824185 0.00629080133512616 0.00625122431665659 0.00683736894279718 0.0063268169760704 0.00648532528430223 0.00719261355698109 0.00837128050625324 0.00900043826550245 0.0092369681224227 0.00955787859857082 0.00959398318082094 0.0103087164461613
0.00468505034223199 0.00469277612864971 0.00504088774323463 0.00518268439918756 0.00528691057115793 0.00569650018587708 0.00559124397113919 0.00565342465415597 0.00632062880322337 0.00624481216073036 0.00651297206059098 0.00725515326485038 0.00732633378356695 0.00763736106455326 0.00763000175356865 0.00747098587453365 0.00766184367239475 0.00801250338554382 0.00762156909331679 0.00747335236519575 0.00762890139594674 0.00715398788452148 0.00719350157305598 0.00713795749470592 0.00710855796933174 0.00693517224863172 0.0067604067735374 0.00636888388544321 0.00626302417367697 0.00601812684908509 0.00518061080947518 0.00504649104550481 0.00501858349889517 0.0050097806379199 0.00544568942859769 0.00564314657822251 0.0059542371891439 0.00652650650590658 0.00660046609118581 0.00689770933240652 0.00634761247783899 0.00686624320223927 0.00698604015633464 0.00750031461939216 0.00792953744530678 0.00920900329947472 0.00929146632552147 0.00989740341901779 0.0100295981392264 0.0103675751015544
0.00476951291784644 0.00492477091029286 0.00522313266992569 0.00520743848755956 0.00530492747202516 0.00573361851274967 0.00550532247871161 0.00559432804584503 0.00600077398121357 0.00647034635767341 0.0064370078034699 0.00659973919391632 0.00700916396453977 0.00734580075368285 0.00732839107513428 0.00746559491381049 0.00717675872147083 0.0073067438788712 0.00740013923496008 0.0071401041932404 0.00713482173159719 0.00726225506514311 0.00705150980502367 0.00693181809037924 0.00677268300205469 0.00691876839846373 0.00677220057696104 0.00678118411451578 0.00646945834159851 0.00602375622838736 0.0051492378115654 0.00490988558158278 0.00470209866762161 0.0048490478657186 0.00525534013286233 0.00560027360916138 0.006108901463449 0.00625066645443439 0.00659639574587345 0.00658154627308249 0.00678140623494983 0.0071175959892571 0.0076754936017096 0.00821454171091318 0.0085910027846694 0.00882973615080118 0.00947035197168589 0.0100506534799933 0.0102613400667906 0.0102613400667906
0.00494388863444328 0.00524617172777653 0.00535523099824786 0.0053689144551754 0.00534482160583138 0.00533954752609134 0.00560053950175643 0.0055845882743597 0.00618705106899142 0.00618537701666355 0.00624682195484638 0.00676468387246132 0.00684456387534738 0.00715088285505772 0.00685961032286286 0.00696735410019755 0.0071642161346972 0.00706954021006823 0.00692050671204925 0.00703094340860844 0.00689567858353257 0.00702802604064345 0.00662048021331429 0.00681568309664726 0.00701923482120037 0.00671007996425033 0.00680673634633422 0.00683523947373033 0.00709645310416818 0.00687601836398244 0.00592917855829 0.00499591371044517 0.00486370548605919 0.00499202450737357 0.00510148704051971 0.00515884626656771 0.00549255730584264 0.00603801477700472 0.00589170726016164 0.00645186007022858 0.00722923036664724 0.00724494364112616 0.00761950667947531 0.00787840317934752 0.00895782094448805 0.00918379984796047 0.00986949913203716 0.0103998938575387 0.00986472610384226 0.00952946301549673
0.00535776652395725 0.00578280538320541 0.00544380815699697 0.005686039570719 0.00571566447615623 0.00594762340188026 0.00585890328511596 0.00609332136809826 0.00616160687059164 0.00620761094614863 0.00631080381572247 0.00630613975226879 0.00656072329729795 0.00679782498627901 0.00668866420164704 0.00664836168289185 0.00679277488961816 0.00674295285716653 0.00663177296519279 0.00675887754186988 0.00699672242626548 0.00678245443850756 0.00676663126796484 0.00649690022692084 0.00658038910478354 0.00669076759368181 0.0069413660094142 0.0067700557410717 0.00713645899668336 0.00677105225622654 0.00601874897256494 0.00560911977663636 0.00536310533061624 0.00518984766677022 0.00506587326526642 0.00510846683755517 0.0052272048778832 0.00545624038204551 0.00606124196201563 0.00670219119638205 0.00761275365948677 0.00757834454998374 0.00807257741689682 0.0087248170748353 0.00910737086087465 0.00914955418556929 0.00973368063569069 0.00984015315771103 0.00960987061262131 0.00960302446037531
0.005582211073488 0.00606639822944999 0.00583591917529702 0.00577059900388122 0.00584808690473437 0.00611612666398287 0.0058582634665072 0.00622250232845545 0.00629317993298173 0.00631949258968234 0.00653180945664644 0.00650597689673305 0.00656898645684123 0.00657163932919502 0.00640791933983564 0.00659494753926992 0.00636508828029037 0.00652625365182757 0.00671124644577503 0.00658250181004405 0.00664195930585265 0.00668181758373976 0.00664110435172915 0.00626952666789293 0.0062952097505331 0.00657274061813951 0.00663480721414089 0.00690984353423119 0.0061585009098053 0.00623700767755508 0.00606630276888609 0.00543256569653749 0.00510778650641441 0.00470397621393204 0.00495042279362679 0.00489425752311945 0.0049863257445395 0.00549014797434211 0.00566224660724401 0.00629739556461573 0.00686269858852029 0.0074332021176815 0.00786427408456802 0.00884982012212276 0.00948558561503887 0.00914092920720577 0.0092867324128747 0.00987972225993872 0.0096755838021636 0.0101685309782624
0.00572896795347333 0.00629329774528742 0.00602118717506528 0.00594664271920919 0.00596927059814334 0.00594371929764748 0.00619027065113187 0.00628946069628 0.00629349239170551 0.00645066890865564 0.00658152205869555 0.00653394125401974 0.00633688364177942 0.00633414974436164 0.00610591238364577 0.00632818462327123 0.00626664981245995 0.0062604695558548 0.00643676891922951 0.00642706034705043 0.00612890953198075 0.0060919551178813 0.00613252818584442 0.00631046062335372 0.0065090567804873 0.00639687571674585 0.00650616316124797 0.0062852050177753 0.00572393881157041 0.00570411374792457 0.00521364482119679 0.00513422768563032 0.00487897964194417 0.00456253113225102 0.00477860355749726 0.00442964304238558 0.0047555910423398 0.00474705873057246 0.00535634346306324 0.00582467624917626 0.00642199674621224 0.00703297136351466 0.00736259156838059 0.00798934698104858 0.00861518830060959 0.00906841363757849 0.0092989606782794 0.00887785386294127 0.00966494344174862 0.0107323778793216
0.00580314779654145 0.00587377091869712 0.00583563046529889 0.00572060793638229 0.00633801752701402 0.00621676677837968 0.00631654821336269 0.00649126246571541 0.006567164324224 0.00651213154196739 0.00688498327508569 0.00667888158932328 0.00604661833494902 0.00575481867417693 0.00594779569655657 0.00567169720306993 0.00579453259706497 0.0059372317045927 0.00603728275746107 0.00597882829606533 0.00596841378137469 0.0059923711232841 0.00622154166921973 0.00612957729026675 0.00626709964126348 0.00617459183558822 0.0061384136788547 0.00557139562442899 0.00552927423268557 0.00515436567366123 0.00511638261377811 0.00466230837628245 0.00462336465716362 0.00448287092149258 0.00401520216837525 0.0042476593516767 0.00436898460611701 0.0043672937899828 0.00475202966481447 0.00532113621011376 0.00578013155609369 0.00649105897173285 0.00705828843638301 0.00738769024610519 0.00862325169146061 0.0094176921993494 0.00943441689014435 0.00989474076777697 0.0109522519633174 0.0108563862740993
0.00614067213609815 0.00620467122644186 0.00598952826112509 0.00645082024857402 0.00648485496640205 0.00637621851637959 0.00649880152195692 0.00672321440652013 0.00679326429963112 0.00683487206697464 0.00651038298383355 0.00652870442718267 0.0060082976706326 0.00575791671872139 0.00558202248066664 0.0057530808262527 0.00573225039988756 0.0056045581586659 0.00538563821464777 0.00574897648766637 0.00586395850405097 0.00579512445256114 0.00596001232042909 0.00606241449713707 0.0057881330139935 0.00542007246986032 0.00538354646414518 0.00509588792920113 0.00506376521661878 0.00482630264014006 0.00460960064083338 0.00447515957057476 0.00416968204081059 0.00401000725105405 0.00389829301275313 0.00396383972838521 0.00383736751973629 0.00410084240138531 0.00443532364442945 0.0047769290395081 0.00514253554865718 0.00588537193834782 0.00689167529344559 0.00772357452660799 0.00846962723881006 0.00885883346199989 0.0097525492310524 0.0102266231551766 0.0110636353492737 0.0105931973084807
0.00652026291936636 0.00669110473245382 0.00630262400954962 0.00643670093268156 0.00654136389493942 0.00662032468244433 0.00680936640128493 0.00676253763958812 0.00695912446826696 0.00710975984111428 0.00668915593996644 0.00634454004466534 0.00593520142138004 0.0057843211106956 0.00553153175860643 0.00560018979012966 0.00554501777514815 0.00528734223917127 0.00524107087403536 0.00545265711843967 0.00575344683602452 0.00592751801013947 0.00575939565896988 0.00543913012370467 0.0054636262357235 0.0052195037715137 0.00502991862595081 0.00496600614860654 0.00480109034106135 0.0046318843960762 0.00403499882668257 0.00398455653339624 0.00393428094685078 0.0036746715195477 0.00360391405411065 0.00352134928107262 0.00373469851911068 0.00404615700244904 0.00412304233759642 0.00441949302330613 0.00479088025167584 0.00550313713029027 0.00630285497754812 0.00735356379300356 0.00815710891038179 0.00894102919846773 0.0100036598742008 0.00999151635915041 0.0110113434493542 0.0110666304826736
0.00672788452357054 0.00717970449477434 0.00738416472449899 0.00754486350342631 0.0071635665372014 0.00725443009287119 0.00745848752558231 0.00708798132836819 0.00729419756680727 0.00686249602586031 0.0070935538969934 0.00672324700281024 0.00612983340397477 0.00550154550001025 0.00559411523863673 0.00542007759213448 0.00517191691324115 0.00505735306069255 0.00525420159101486 0.00506897736340761 0.00496788183227181 0.00523728458210826 0.00537558924406767 0.00533969514071941 0.00512453634291887 0.00489563168957829 0.0047909845598042 0.0045643150806427 0.00444336514919996 0.00407789554446936 0.00398154882714152 0.00387965096160769 0.00357534945942461 0.00344282551668584 0.00345874577760696 0.0034407158382237 0.00367331202141941 0.0037856858689338 0.0039435182698071 0.00433060573413968 0.00474355462938547 0.00513641582801938 0.00581546640023589 0.00703126005828381 0.00779265630990267 0.00879727024585009 0.00965373497456312 0.0102866813540459 0.0108015751466155 0.0110915638506413
0.00732852192595601 0.00813802890479565 0.00830177217721939 0.00850379560142756 0.00813796743750572 0.00755822006613016 0.00754845095798373 0.00757835945114493 0.0071026524528861 0.00713784666731954 0.00725275836884975 0.00662042619660497 0.00649125780910254 0.00562143977731466 0.00526828598231077 0.00537088559940457 0.00514292204752564 0.00531520321965218 0.00519165396690369 0.00482207350432873 0.00481907185167074 0.00490481965243816 0.00479427073150873 0.00478912144899368 0.00482218619436026 0.00497634056955576 0.00434197438880801 0.00426969211548567 0.00392545247450471 0.00389765296131372 0.00380037655122578 0.003487708279863 0.00347208161838353 0.00335898599587381 0.0033893680665642 0.0032781669870019 0.00368956662714481 0.00361546874046326 0.00400498928502202 0.00406409194692969 0.00471085449680686 0.00510469079017639 0.00579452095553279 0.00652308156713843 0.00721276132389903 0.00815487559884787 0.00963244866579771 0.00952728092670441 0.0112065058201551 0.0117222657427192
0.00775655405595899 0.00843133497983217 0.00894271954894066 0.00943061709403992 0.00908787734806538 0.00895308703184128 0.00792297907173634 0.00763031700626016 0.00728903152048588 0.00737703591585159 0.00737884221598506 0.00700246589258313 0.00636100489646196 0.00606149900704622 0.00615292182192206 0.00531505001708865 0.00535649666562676 0.00532710459083319 0.00525467796251178 0.00512364646419883 0.00492854369804263 0.00488123064860702 0.00474394904449582 0.00469241011887789 0.00474279467016459 0.00446793017908931 0.00428907107561827 0.00404830789193511 0.00400340789929032 0.00390340364538133 0.00359850795939565 0.00332863396033645 0.00333289406262338 0.00318715744651854 0.00324605614878237 0.00329436874017119 0.00354147655889392 0.00387805607169867 0.00391011778265238 0.00438888277858496 0.00468188151717186 0.0054081859998405 0.00562068307772279 0.00646320031955838 0.00718175433576107 0.00843014474958181 0.00894314702600241 0.00968228746205568 0.0112595809623599 0.0112994238734245
0.00915168412029743 0.00879610702395439 0.00949976313859224 0.00973748974502087 0.0101195443421602 0.00982662383466959 0.00928849168121815 0.0084421606734395 0.00766757689416409 0.00751472031697631 0.00721474457532167 0.00694491341710091 0.00635814107954502 0.0064924000762403 0.00630796095356345 0.00595259899273515 0.00597770558670163 0.00539451790973544 0.00532359862700105 0.00514515163376927 0.00495679629966617 0.00451910402625799 0.0045039989054203 0.00455963518470526 0.00447340402752161 0.00457991659641266 0.00448956806212664 0.0041755479760468 0.00383231486193836 0.00364398583769798 0.0035631088539958 0.00324310013093054 0.00333667336963117 0.00349053461104631 0.00332725560292602 0.00340670649893582 0.00365433259867132 0.00397193990647793 0.00417877407744527 0.00461545027792454 0.00492595881223679 0.00528443325310946 0.00588094117119908 0.00659354031085968 0.00764519022777677 0.00799469370394945 0.0090182414278388 0.0096701281145215 0.0111145004630089 0.0117905465885997
0.0115986512973905 0.00961462315171957 0.00983584485948086 0.00985328573733568 0.0105661451816559 0.0106872599571943 0.00958137214183807 0.00881383661180735 0.00793107692152262 0.00732641760259867 0.00713996449485421 0.00692968256771564 0.00674411188811064 0.00675513735041022 0.00665517756715417 0.00654639257118106 0.00600819382816553 0.00536360312253237 0.00527684343978763 0.00492546521127224 0.0048353523015976 0.00470317294821143 0.00470315804705024 0.00473435549065471 0.00456669554114342 0.00457087066024542 0.00416641542688012 0.00405264087021351 0.0039099152199924 0.00353881623595953 0.00322443642653525 0.00321420398540795 0.00320029794238508 0.00329486979171634 0.00331005756743252 0.00355877005495131 0.00366085860878229 0.00387058197520673 0.00455885333940387 0.00495190499350429 0.00500175636261702 0.00543215498328209 0.00616585742682219 0.00694150198251009 0.00755565008148551 0.00839656963944435 0.00872964505106211 0.00940818246454 0.0105315130203962 0.0115814534947276
0.0386433713138103 0.0112559171393514 0.00992249976843596 0.0101982494816184 0.0106319189071655 0.010213297791779 0.0104294149205089 0.00883328728377819 0.00774348946288228 0.00707639893516898 0.00683141173794866 0.00669619301334023 0.00705072889104486 0.00690628634765744 0.00719949789345264 0.00666320044547319 0.00632251473143697 0.00588587298989296 0.00536195561289787 0.00505218096077442 0.0049701202660799 0.00490578357130289 0.00462660565972328 0.00472286948934197 0.00454966351389885 0.00448916340246797 0.00440541142597795 0.00433139223605394 0.00423286063596606 0.00376415741629899 0.00328730023466051 0.0032554289791733 0.00320714479312301 0.00320029794238508 0.00325443618930876 0.00327996537089348 0.00367111433297396 0.00441812397912145 0.00454348744824529 0.00475544901564717 0.00511624570935965 0.00559750525280833 0.00644552102312446 0.00707635609433055 0.00772182177752256 0.00849546585232019 0.00873157009482384 0.00953542813658714 0.0109346592798829 0.0117243845015764
0.0841691568493843 0.0168797504156828 0.0104156024754047 0.0106632737442851 0.0101452162489295 0.00978249497711658 0.00950455386191607 0.00863497611135244 0.00790310092270374 0.00670377118512988 0.00644346978515387 0.00689185969531536 0.00707549229264259 0.00691932626068592 0.00645567756146193 0.00674237404018641 0.00635284604504704 0.00564945582300425 0.00508033763617277 0.00498535810038447 0.00493096280843019 0.00472462410107255 0.00467428658157587 0.00460611376911402 0.00457942299544811 0.00439843162894249 0.00427669752389193 0.00417755544185638 0.00407732836902142 0.00398624176159501 0.00380242383107543 0.00366673618555069 0.00339889409951866 0.0033063271548599 0.0037743563298136 0.00379032082855701 0.00414023082703352 0.00451355986297131 0.00479705957695842 0.00498214736580849 0.00546112703159451 0.0058625116944313 0.00648952927440405 0.00705480668693781 0.00783229619264603 0.00806702300906181 0.00861868914216757 0.00940579921007156 0.0101139210164547 0.010902532376349
0.0706441476941109 0.0237436555325985 0.0114157320931554 0.0107759358361363 0.0103506930172443 0.00995359942317009 0.00857152789831161 0.00776237947866321 0.00735103385522962 0.00630271434783936 0.00653890008106828 0.0062570609152317 0.00664598029106855 0.00616460153833032 0.00605951156467199 0.00616120221093297 0.00576096633449197 0.00562494993209839 0.00486421072855592 0.00484282476827502 0.00470140483230352 0.00484460731968284 0.00492556439712644 0.00487211439758539 0.00459714606404305 0.00447456166148186 0.00425476115196943 0.00424531428143382 0.00415845308452845 0.0039057566318661 0.00379273295402527 0.0038585898000747 0.0038511382881552 0.00374743156135082 0.00384612381458282 0.00425243796780705 0.00426118494942784 0.00455279275774956 0.00490920478478074 0.00537469564005733 0.00577074429020286 0.00632334500551224 0.00679930206388235 0.00720018520951271 0.0076580299064517 0.00787306390702724 0.00848592538386583 0.00957783497869968 0.00990494340658188 0.0103839449584484
