data/climate_estimation/maxent_output/Bomarea_multiflora.asc
NCOLS 201 
NROWS 372 
XLLCORNER -80.3333333333333 
YLLCORNER -19.3333333333333 
CELLSIZE 0.0833333333333333 
NODATA_value -3.4e+38 
[rows 114 to 132 of 372, columns 84 to 125 of 201]
0.00073424237780273 0.000714190537109971 0.000587105343583971 0.000647990091238171 0.000633518560789526 0.000472129584522918 0.000318751146551222 0.000286808935925364 0.000256120838457718 0.000223062466830015 0.000202576105948538 0.000199936970602721 0.000213160426937975 0.000243329981458373 0.000265790440607816 0.000291602802462876 0.00032291779643856 0.000364476320100948 0.000400632241507992 0.000416737428167835 0.000486337579786777 0.000515650201123208 0.000566138478461653 0.000815491890534759 0.00102455145679414 0.00106174347456545 0.00126874924171716 0.00106455676723272 0.00100460730027407 0.00112790788989514 0.00124772067647427 0.00136966572608799 0.0015668161213398 0.00159516674466431 0.001903998083435 0.00197328953072429 0.00210493849590421 0.00213609123602509 0.00216530030593276 0.0023476171772927 0.00285455887205899 0.0032268010545522
0.000913809519261122 0.000807326927315444 0.000748844468034804 0.000685539154801518 0.000607732275966555 0.000507112243212759 0.000419151241658255 0.000355677446350455 0.000321843719575554 0.000313536322209984 0.00029723608167842 0.00028185365954414 0.000257358187809587 0.000265716895228252 0.000291525153443217 0.000322880077874288 0.0003637557674665 0.000423185148974881 0.000462452269857749 0.000520610134117305 0.000537983607500792 0.000612983771134168 0.000667027430608869 0.00088027206948027 0.00103285349905491 0.00152230670209974 0.00130954990163445 0.0018792349146679 0.00115619180724025 0.00125780620146543 0.00138415989931673 0.00156732858158648 0.00163591257296503 0.0017929133027792 0.00182752450928092 0.00200928165577352 0.00214458326809108 0.00211634510196745 0.00250808452256024 0.00300132716074586 0.00334585295058787 0.00371621642261744
0.000966912892181426 0.00089051719987765 0.000819787324871868 0.000766015902627259 0.000580566353164613 0.000492682214826345 0.000422934972448274 0.000401156459702179 0.000379028235329315 0.00034962355857715 0.000354945485014468 0.000358984369086102 0.000336630910169333 0.00031884471536614 0.000318686623359099 0.000416097522247583 0.000493272033054382 0.0004442973586265 0.000517584325280041 0.000621168233919889 0.000695544003974646 0.000660580000840127 0.000813073071185499 0.00114435143768787 0.00129020458552986 0.00129726389423013 0.00108124141115695 0.00115384045056999 0.00121284695342183 0.00138549145776778 0.00141008372884244 0.00157156935892999 0.00180687219835818 0.00185709830839187 0.00208930112421513 0.00226965197362006 0.0025070933625102 0.00298237986862659 0.00305529870092869 0.00360982934944332 0.00388146797195077 0.00388266774825752
0.00101930485107005 0.00096150190802291 0.000878360646311194 0.000739938870538026 0.000621371262241155 0.000546653231140226 0.000477189081721008 0.000451399275334552 0.000449751154519618 0.000428891187766567 0.000397770636482164 0.000403914047637954 0.000399987824494019 0.000387963547836989 0.000408129970310256 0.0004594586789608 0.000490730570163578 0.00058490555966273 0.000591338088270277 0.000730879954062402 0.000825910887215286 0.000780993257649243 0.000887433940079063 0.00116897723637521 0.00146051868796349 0.00120940746273845 0.00108416029252112 0.00118600646965206 0.00133074168115854 0.00142369279637933 0.00157458044122905 0.00184950488619506 0.0019969237037003 0.00202963408082724 0.00245830626226962 0.00287317996844649 0.00316048506647348 0.00319951865822077 0.00367398839443922 0.00419313600286841 0.00440361583605409 0.00480031548067927
0.000987809151411057 0.000968740379903466 0.000883263070136309 0.000779944355599582 0.000670742243528366 0.000686200801283121 0.000572508783079684 0.000495022046379745 0.000558622239623219 0.000477603316539899 0.000483893934870139 0.000437670707469806 0.000517815991770476 0.000509989098645747 0.000471739331260324 0.000518215936608613 0.000582078646402806 0.000632086012046784 0.000692805740982294 0.000852546188980341 0.000973618356510997 0.000934673065785319 0.00103523279540241 0.00108206528238952 0.00154520466458052 0.00186856277287006 0.00119179813191295 0.00130604021251202 0.00147014402318746 0.00163506774697453 0.00191395450383425 0.00195745984092355 0.00217703077942133 0.00242473091930151 0.00274207442998886 0.00333118555136025 0.00358359050005674 0.00378903839737177 0.00372122437693179 0.00402300525456667 0.00432626344263554 0.00468386244028807
0.00108332908712327 0.000976589042693377 0.000924842548556626 0.000841628643684089 0.000692981586325914 0.000707078957930207 0.000687426887452602 0.000590209907386452 0.000570549163967371 0.000594632816500962 0.000543869158718735 0.000571131065953523 0.000601979030761868 0.000615633151028305 0.000616285251453519 0.000639403704553843 0.000645199383143336 0.000838465930428356 0.000850469921715558 0.000918228295631707 0.00101018964778632 0.00137792178429663 0.00149234849959612 0.00122557731810957 0.00148283177986741 0.00194159930106252 0.0015737465582788 0.00157294888049364 0.00166710210032761 0.00182369200047106 0.00215728813782334 0.00221041240729392 0.00248057092539966 0.00272728083655238 0.00315754464827478 0.00339943170547485 0.00349804409779608 0.00395973958075047 0.00401721149682999 0.00459312135353684 0.0048153786920011 0.00482154218479991
0.00120845483615994 0.000953028444200754 0.000878463150002062 0.00081613112706691 0.000841274682898074 0.000780142785515636 0.000761281291488558 0.000712693494278938 0.000684836239088327 0.000687278341501951 0.000657689233776182 0.00061882205773145 0.000624354055617005 0.000686065584886819 0.000746661680750549 0.000743473356124014 0.000787458848208189 0.000859487918205559 0.000866877613589168 0.000994066358543932 0.0010420453036204 0.00115290191024542 0.00155815947800875 0.00153026892803609 0.00155337050091475 0.00158352556172758 0.00178216875065118 0.00181164056994021 0.0019184360280633 0.0021887538023293 0.00227612466551363 0.00250862701795995 0.00275399978272617 0.00307943345978856 0.0032198685221374 0.00340964016504586 0.00373612577095628 0.00406856648623943 0.00488728610798717 0.00507144862785935 0.00541124446317554 0.00596241606399417
0.00131975498516113 0.00120786298066378 0.00107697711791843 0.000991247594356537 0.00136788364034146 0.000853938690852374 0.000784153526183218 0.000785656156949699 0.000750588835217059 0.000771955121308565 0.000754666049033403 0.000680704310070723 0.000681018340401351 0.000725685269571841 0.000822802365291864 0.000839647487737238 0.000879322644323111 0.000923478917684406 0.000989238382317126 0.00109504058491439 0.00123175652697682 0.00127079838421196 0.00130987563170493 0.00156706280540675 0.00156938272994012 0.00174858560785651 0.0019583273679018 0.0021473509259522 0.00230150064453483 0.00234703742899001 0.00275925709865987 0.00272450200282037 0.00304898153990507 0.00341692380607128 0.00354032544419169 0.00379581074230373 0.0043362695723772 0.00481336796656251 0.0058466955088079 0.006016262806952 0.00644129607826471 0.00644210306927562
0.00140071287751198 0.00134670210536569 0.00120975752361119 0.00111345620825887 0.00210369098931551 0.0019296690588817 0.000945082691032439 0.000862692075315863 0.000833348487503827 0.000773834646679461 0.000798704102635384 0.000762859417591244 0.000773477891925722 0.000823012669570744 0.00085512810619548 0.000935856660362333 0.000883963715750724 0.000996082788333297 0.00106182880699635 0.00110840180423111 0.00122031790670007 0.00133876979816705 0.00141122646164149 0.00165420956909657 0.00170117767993361 0.00208423100411892 0.00267832283861935 0.00271431170403957 0.00259135710075498 0.00269987154752016 0.00281694135628641 0.00286005972884595 0.00329721067100763 0.0035409084521234 0.00380574213340878 0.00416852859780192 0.00476523162797093 0.00511808879673481 0.00556609872728586 0.00593540444970131 0.00661444012075663 0.00722559494897723
0.00134799280203879 0.00130279338918626 0.00121959706302732 0.00110776501242071 0.00202839961275458 0.00383115350268781 0.0020161725115031 0.000939538003876805 0.000921152241062373 0.000928335066419095 0.000872362346854061 0.000902922241948545 0.000891907548066229 0.000850232434459031 0.00086981343338266 0.000937931414227933 0.000958702876232564 0.00109622976742685 0.00116839888505638 0.00122721563093364 0.0012978280428797 0.00138939206954092 0.00156646361574531 0.00170755793806165 0.00186064012814313 0.00238607032224536 0.00317405769601464 0.00241120019927621 0.00250692502595484 0.00301292818039656 0.00301035959273577 0.0032760628964752 0.00336276600137353 0.0036850213073194 0.00419825548306108 0.00411793496459723 0.00481306901201606 0.0054675261490047 0.00626778416335583 0.00631149811670184 0.00732171442359686 0.00792927760630846
0.00135414069518447 0.00132868275977671 0.00135255674831569 0.00122851366177201 0.00169390626251698 0.00196195091120899 0.00182226405013353 0.00102821667678654 0.00117904110811651 0.00115102564450353 0.000981180695816875 0.000966603867709637 0.000965517072472721 0.00105732248630375 0.000990408123470843 0.00105772062670439 0.00109631894156337 0.00117245758883655 0.00126873399131 0.00137231301050633 0.00150016159750521 0.00152785831596702 0.00165540724992752 0.00230190251022577 0.00203612726181746 0.00266622565686703 0.00285400077700615 0.00247173733077943 0.0025543412193656 0.00320019503124058 0.00313853519037366 0.00347893568687141 0.0039772242307663 0.00409852946177125 0.00461704190820456 0.00467464607208967 0.0052450206130743 0.00603297166526318 0.00665098382160068 0.00802387110888958 0.00895377807319164 0.00834118667989969
0.00151051266584545 0.00138581346254796 0.00145538907963783 0.00125878781545907 0.00122112163808197 0.00136424112133682 0.00140558101702482 0.00119707081466913 0.00115559273399413 0.00114064349327236 0.00108815811108798 0.00109535502269864 0.00116224703378975 0.00118342973291874 0.00122424471192062 0.00125363341066986 0.00118668179493397 0.00131929572671652 0.00137379381339997 0.00154200859833509 0.00160698278341442 0.0017441944219172 0.00189230323303491 0.00237289909273386 0.00213066791184247 0.00239864713512361 0.00251459935680032 0.00297311134636402 0.00363493012264371 0.00316930981352925 0.00346338399685919 0.0037430296652019 0.00421209679916501 0.00456254370510578 0.00497045507654548 0.00560526736080647 0.00579368602484465 0.00731840683147311 0.00728478329256177 0.00789824873209 0.00850575976073742 0.0095091238617897
0.00152748066466302 0.00151236145757139 0.00157293700613081 0.00145341304596514 0.00135535467416048 0.00141503650229424 0.00197324482724071 0.00201318180188537 0.00122304586693645 0.00119658361654729 0.00108347996138036 0.00121265719644725 0.00131599837914109 0.00136669899802655 0.00136906397528946 0.00124401575885713 0.00133144797291607 0.00143695529550314 0.00162795791402459 0.00162325904238969 0.00171774323098361 0.00178510206751525 0.00192516180686653 0.00216071424074471 0.0024457392282784 0.00271096965298057 0.00299030588939786 0.00336118508130312 0.00374800013378263 0.00449147634208202 0.00362496054731309 0.00431630108505487 0.00542431650683284 0.00499366410076618 0.00551981758326292 0.00584361888468266 0.00719473464414477 0.00881774164736271 0.00777473533526063 0.00839388184249401 0.00949058402329683 0.00960900355130434
0.00167281052563339 0.00155995413661003 0.00161032832693309 0.00158296211156994 0.00149057526141405 0.0014721960760653 0.00216264533810318 0.00340368668548763 0.00164434674661607 0.0013496452011168 0.00131369894370437 0.00131213129498065 0.0013762692688033 0.00135337840765715 0.00138628936838359 0.00137153523974121 0.00140442838892341 0.00157027272507548 0.00170398480258882 0.00197134353220463 0.00197491864673793 0.00207162788137794 0.00237727630883455 0.00248756562359631 0.00256184628233314 0.00268131494522095 0.00317563186399639 0.00333399302326143 0.00482892850413918 0.0048762927763164 0.00410172762349248 0.00425732741132379 0.00471780030056834 0.00534755876287818 0.00579310115426779 0.00677861273288727 0.00726564833894372 0.00909354537725449 0.00917966570705175 0.00940737966448069 0.010613695718348 0.00969597138464451
0.00172972667496651 0.00160977197811007 0.00165034120436758 0.00162891414947808 0.00159464462194592 0.00162355089560151 0.00282152253203094 0.00322055583819747 0.00146517553366721 0.00145911099389195 0.00132407248020172 0.00124972406774759 0.00146632338874042 0.00158005463890731 0.00149691326078027 0.00142268289346248 0.00144789239857346 0.00166809861548245 0.00190005905460566 0.00202853768132627 0.00228807074017823 0.00234075612388551 0.00250630499795079 0.00263400841504335 0.00267707277089357 0.00284216599538922 0.0033137274440378 0.00332925817929208 0.00435207551345229 0.00426766276359558 0.00449528032913804 0.00466966954991221 0.00520762521773577 0.005780179053545 0.00682501960545778 0.00748914014548063 0.00791615433990955 0.00873820297420025 0.0097567280754447 0.00987800396978855 0.0103510245680809 0.0100726969540119
0.00197981484234333 0.00191829213872552 0.00185380852781236 0.00181029248051345 0.0019042834173888 0.00187676376663148 0.00221908977255225 0.00230093114078045 0.00205909903161228 0.00155304430518299 0.00152723281644285 0.00147304940037429 0.00151961110532284 0.00157908082474023 0.00159793335478753 0.00164216617122293 0.00171789957676083 0.00177537358831614 0.00207338575273752 0.00224836566485465 0.00237231515347958 0.00244810851290822 0.00268635456450284 0.0028145385440439 0.00314063229598105 0.00324404845014215 0.00351302768103778 0.00380835519172251 0.00414980854839087 0.00478183059021831 0.00553987734019756 0.00553788430988789 0.00589113915339112 0.00646815029904246 0.00781202455982566 0.00787562225013971 0.00814349669963121 0.00884357839822769 0.00969275832176208 0.0107279662042856 0.0109979268163443 0.0122273247689009
0.00198658369481564 0.00199814280495048 0.00205245614051819 0.00190884352196008 0.00193472020328045 0.00196699239313602 0.00227579055353999 0.00187726388685405 0.00207397947087884 0.00167735072318465 0.00170077360235155 0.00167780288029462 0.00154065655078739 0.00158614432439208 0.00172557262703776 0.00181798753328621 0.00176373298745602 0.00196469645015895 0.00202451017685235 0.00223510270006955 0.00258160755038261 0.00259447237476707 0.00281771132722497 0.00331739825196564 0.00339554529637098 0.00385222933255136 0.00402139127254486 0.00417290022596717 0.00473169237375259 0.00656656222417951 0.00929151847958565 0.00778315262869 0.00604259641841054 0.00722979661077261 0.00792084820568562 0.00755421537905931 0.00865288637578487 0.00961478147655725 0.0103935142979026 0.0121786883100867 0.0117379380390048 0.0123331863433123
0.00205658725462854 0.00267478497698903 0.00234151678159833 0.00214311177842319 0.00296731572598219 0.00398628693073988 0.00221250974573195 0.00220524705946445 0.00195894879288971 0.00180320965591818 0.00179298594594002 0.00159006926696748 0.00178970780689269 0.00173226138576865 0.00179355125874281 0.00183000846300274 0.00193442916497588 0.00218619382940233 0.00222204951569438 0.00225776783190668 0.00267880340106785 0.00277746911160648 0.00299656693823636 0.00327684474177659 0.00372866983525455 0.00379290105774999 0.00427670311182737 0.00442045740783215 0.004980000667274 0.0051735402084887 0.00700378371402621 0.0115468334406614 0.00648592319339514 0.00720358034595847 0.00818943232297897 0.00829546712338924 0.0088733583688736 0.00943554844707251 0.0105798216536641 0.0119045879691839 0.0113646732643247 0.0128410207107663
0.00242240307852626 0.00497905723750591 0.00310455355793238 0.0028691824991256 0.00245782546699047 0.00328560499474406 0.00305917230434716 0.00187396246474236 0.00208988902159035 0.00203003897331655 0.00187846447806805 0.00168354238849133 0.00189080834388733 0.00188637943938375 0.00208337372168899 0.00200332095846534 0.00200340012088418 0.0021500310394913 0.00239274953491986 0.0024178116582334 0.00272162933833897 0.00277002924121916 0.00324792740866542 0.00328073836863041 0.00364752532914281 0.00382265634834766 0.00467227725312114 0.00421310868114233 0.00507322652265429 0.00590966595336795 0.0107475034892559 0.0106123518198729 0.00780154438689351 0.00769438548013568 0.00882883090525866 0.00898092612624168 0.00932783726602793 0.00908070337027311 0.0099113117903471 0.0114575736224651 0.0126720312982798 0.0134365754202008
