data/climate_estimation/maxent_output/Bomarea_crassifolia.asc
NCOLS 167 
NROWS 224 
XLLCORNER -79.75 
YLLCORNER -10.8333333333333 
CELLSIZE 0.0833333333333334 
NODATA_value -3.4e+38 
[rows 95 to 113 of 224, columns 0 to 41 of 167]
0.00560241192579269 0.00455190241336823 0.00496196979656816 0.0062740771099925 0.00913095753639936 0.0128072667866945 0.0161492992192507 0.0268127415329218 0.0396914966404438 0.0734737142920494 0.294116914272308 0.389944672584534 0.477271884679794 0.689118921756744 0.791237413883209 0.432676583528519 0.232766762375832 0.503852665424347 0.976935207843781 0.948010206222534 0.933775305747986 0.906382143497467 0.910248041152954 0.512307643890381 0.626745581626892 0.245672106742859 0.136542439460754 0.026760034263134 0.014233878813684 0.014189793728292 0.0128821628168225 0.0109553439542651 0.0101210586726665 0.00759822595864534 0.00723569933325052 0.00619663577526808 0.00578607013449073 0.00540004437789321 0.00522381206974387 0.00599985755980015 0.00579923996701837 0.00614756159484386
0.0063991816714406 0.00511699495837092 0.00574472360312939 0.0084837768226862 0.0115315048024058 0.0140512203797698 0.0186055954545736 0.0312951765954494 0.0653413757681847 0.106261819601059 0.277790457010269 0.519052088260651 0.470312774181366 0.743595063686371 0.785083591938019 0.434749364852905 0.309406787157059 0.908141851425171 0.958578169345856 0.931495010852814 0.944931209087372 0.926925361156464 0.931083917617798 0.622408509254456 0.141394466161728 0.268398284912109 0.135010927915573 0.0379631593823433 0.0140677681192756 0.0128453243523836 0.0116481957957149 0.0104120522737503 0.00919720716774464 0.00777503941208124 0.00784326251596212 0.00677343551069498 0.00608267728239298 0.00514431111514568 0.00556294387206435 0.00594969792291522 0.00651519512757659 0.00622025830671191
0.00739764282479882 0.00539064919576049 0.00604936666786671 0.00914874579757452 0.0117657585069537 0.0139175867661834 0.0196198541671038 0.0369877927005291 0.0965781137347221 0.233929440379143 0.363257318735123 0.49665305018425 0.623871028423309 0.766200125217438 0.664077281951904 0.473913192749023 0.498851895332336 0.96295177936554 0.945424616336823 0.91852205991745 0.911703646183014 0.90012538433075 0.859926402568817 0.316274851560593 0.282455772161484 0.391648650169373 0.158044561743736 0.0558049008250237 0.0144256902858615 0.0121204517781734 0.0115095563232899 0.0102688418701291 0.00853970367461443 0.010770064778626 0.0099802240729332 0.00766791356727481 0.00669324351474643 0.00566145172342658 0.00579261966049671 0.00651756627485156 0.00666391802951694 0.00717118987813592
0.00862385425716639 0.00551958382129669 0.00540315033867955 0.00760797597467899 0.0110299652442336 0.0132296606898308 0.0236252099275589 0.0905839577317238 0.281464248895645 0.301569610834122 0.331174522638321 0.478759706020355 0.659516215324402 0.836166381835938 0.683637499809265 0.594339728355408 0.717339038848877 0.966854810714722 0.941478967666626 0.92174506187439 0.907934069633484 0.873900711536407 0.786277711391449 0.308519333600998 0.644637405872345 0.549685478210449 0.232769757509232 0.0312145445495844 0.0140496594831347 0.0126766320317984 0.0118693560361862 0.0125314928591251 0.0112620927393436 0.0115149021148682 0.0113323945552111 0.00926725100725889 0.00654732761904597 0.00550219276919961 0.00648393575102091 0.00667128525674343 0.00709101557731628 0.00765829952433705
0.00680100172758102 0.00531983701512218 0.00518165435642004 0.00726130418479443 0.00996709801256657 0.0122988624498248 0.036564826965332 0.302133530378342 0.529919028282166 0.437864691019058 0.426006078720093 0.486143231391907 0.685776889324188 0.742843270301819 0.695134222507477 0.93447732925415 0.961562216281891 0.941308081150055 0.936580955982208 0.925647616386414 0.918126106262207 0.911811351776123 0.504875063896179 0.543836951255798 0.803245723247528 0.254395186901093 0.109396807849407 0.0239928290247917 0.0138501999899745 0.0132343741133809 0.01570157520473 0.0138327330350876 0.0127711463719606 0.0122301401570439 0.0118337059393525 0.00997940171509981 0.006395248696208 0.00637048669159412 0.00664105033501983 0.00643898546695709 0.00639463821426034 0.00716019049286842
0.00654170988127589 0.00633445288985968 0.00691977795213461 0.00674137799069285 0.007453219499439 0.0130588775500655 0.0404671132564545 0.126128017902374 0.455372005701065 0.547687113285065 0.638390600681305 0.638367295265198 0.756432354450226 0.822585761547089 0.828204393386841 0.959975600242615 0.929070055484772 0.930033266544342 0.909214437007904 0.889495372772217 0.862527012825012 0.850627422332764 0.519202768802643 0.780734419822693 0.392138808965683 0.521856307983398 0.0691927820444107 0.0231366194784641 0.0151435844600201 0.0135744949802756 0.0163487046957016 0.0136677920818329 0.0133624887093902 0.0120429545640945 0.0117106847465038 0.00994464103132486 0.00641375686973333 0.00627295626327395 0.00620043184608221 0.00659042503684759 0.00616470212116838 0.0065819788724184
0.00655761314556003 0.00626869639381766 0.00603994680568576 0.00579425087198615 0.00627079419791698 0.0126103749498725 0.0149544617161155 0.12642502784729 0.519011914730072 0.628263175487518 0.639257490634918 0.68687492609024 0.825947344303131 0.860848009586334 0.913056313991547 0.900745451450348 0.899512767791748 0.92195326089859 0.89915806055069 0.878393411636353 0.841426730155945 0.833413243293762 0.43363082408905 0.223646387457848 0.0816626250743866 0.0925656482577324 0.0461267344653606 0.0199795048683882 0.0161523576825857 0.0149629674851894 0.0134627232328057 0.0144401658326387 0.0139575283974409 0.0127417789772153 0.0122869750484824 0.0076375063508749 0.00683586206287146 0.00541126681491733 0.00586009304970503 0.00597377587109804 0.00601248955354095 0.00587934721261263
0.00534994248300791 0.00562680186703801 0.00527120847254992 0.00544007075950503 0.00576812773942947 0.00840495526790619 0.0132819376885891 0.059445321559906 0.269893497228622 0.599839210510254 0.630236685276031 0.675735175609589 0.801102817058563 0.783371210098267 0.867430925369263 0.90041846036911 0.895283102989197 0.93308037519455 0.895916104316711 0.889756083488464 0.850029051303864 0.784511923789978 0.228809222579002 0.0473743639886379 0.0381124205887318 0.0349588170647621 0.0253057926893234 0.0159251485019922 0.0166596882045269 0.0163716189563274 0.0137379765510559 0.0134153580293059 0.0113658374175429 0.0123579567298293 0.00912132766097784 0.00802730955183506 0.00720217311754823 0.0061179967597127 0.00551306316629052 0.00586711522191763 0.00580560183152556 0.00643598567694426
0.00508800661191344 0.00525745376944542 0.00515307113528252 0.00479324068874121 0.00459554558619857 0.00608228659257293 0.0110321696847677 0.0669188946485519 0.457722991704941 0.60711544752121 0.623671054840088 0.715112864971161 0.724591135978699 0.761561155319214 0.863788962364197 0.913538694381714 0.877880096435547 0.902692854404449 0.883537411689758 0.861677467823029 0.432745337486267 0.343388617038727 0.0912959352135658 0.0265255719423294 0.0238289199769497 0.0219020638614893 0.0225543957203627 0.0144040361046791 0.0161793008446693 0.0168325826525688 0.01414027903229 0.012706758454442 0.0110033182427287 0.00911705289036036 0.00895038060843945 0.00783927831798792 0.00693958299234509 0.00547347078099847 0.00593737279996276 0.00571715319529176 0.00610655546188354 0.00651020975783467
0.00519305793568492 0.00532292667776346 0.00539876148104668 0.00459521403536201 0.00430016731843352 0.00497482577338815 0.00824325811117887 0.060122936964035 0.395505398511887 0.606743454933167 0.671352624893188 0.7381312251091 0.780016481876373 0.681015312671661 0.835127294063568 0.864667236804962 0.910157859325409 0.904569029808044 0.866460025310516 0.816412091255188 0.225515127182007 0.179681167006493 0.0381284952163696 0.0156766194850206 0.0205544549971819 0.0226721540093422 0.0261714179068804 0.0149288401007652 0.0167737789452076 0.0163724832236767 0.0140109164640307 0.0131085133180022 0.0106254499405622 0.00977828912436962 0.00813803263008595 0.00772537104785442 0.00676530785858631 0.00622238498181105 0.00516533618792892 0.00544970808550715 0.00612896075472236 0.0063776345923543
0.00446855183690786 0.00541852368041873 0.00464656576514244 0.00395773770287633 0.00360378762707114 0.00439746724441648 0.00807704590260983 0.120268851518631 0.491997629404068 0.626505315303802 0.708122968673706 0.783814430236816 0.692988872528076 0.565991699695587 0.79128509759903 0.892199516296387 0.909040570259094 0.85971462726593 0.786663115024567 0.787887811660767 0.125740319490433 0.12240919470787 0.0143197197467089 0.00950900185853243 0.019474133849144 0.0221997983753681 0.0149316163733602 0.0137702943757176 0.0141308167949319 0.0147693380713463 0.0135100511834025 0.0122443502768874 0.0105903781950474 0.00915852375328541 0.0086104916408658 0.00721789058297873 0.00649996101856232 0.00573416845872998 0.00546814734116197 0.00620619300752878 0.00620027352124453 0.00635696155950427
0.00333831715397537 0.00384927750565112 0.00353800156153738 0.00299159297719598 0.00301945232786238 0.00551997730508447 0.0481622032821178 0.186256751418114 0.555951833724976 0.67608654499054 0.712670087814331 0.801113843917847 0.696165144443512 0.553475916385651 0.652384579181671 0.814348518848419 0.8837930560112 0.843622207641602 0.767976045608521 0.307655960321426 0.110944636166096 0.0310172606259584 0.00991146638989449 0.0094127394258976 0.0122428825125098 0.0118460152298212 0.0122543517500162 0.0140006896108389 0.0128923058509827 0.012433972209692 0.0122817605733871 0.0101295197382569 0.00880853459239006 0.00796304922550917 0.00773634202778339 0.00677421176806092 0.00647693313658237 0.00528869591653347 0.00554667366668582 0.00576837593689561 0.00590213714167476 0.00604522787034512
0.00223984778858721 0.00245965295471251 0.00227945880033076 0.00225113402120769 0.00236261705867946 0.00339640188030899 0.0185831040143967 0.154875174164772 0.39846995472908 0.666597425937653 0.780354380607605 0.797580420970917 0.858012497425079 0.637427449226379 0.596343457698822 0.871545732021332 0.888830244541168 0.803548216819763 0.751019358634949 0.270152896642685 0.173167839646339 0.0184393804520369 0.00992837734520435 0.0108426958322525 0.0115806590765715 0.0128124989569187 0.0152674168348312 0.0140781318768859 0.0115620903670788 0.0113506652414799 0.0112137086689472 0.00941845681518316 0.00812109932303429 0.00768823688849807 0.00736297201365232 0.00612659007310867 0.00597367854788899 0.00540624093264341 0.00515189534053206 0.00582135515287519 0.00611797254532576 0.00611201394349337
0.00175069773104042 0.00186794088222086 0.0017474100459367 0.00182311655953526 0.00212651793844998 0.00338458176702261 0.0113948984071612 0.212889716029167 0.4035364985466 0.713511288166046 0.778924226760864 0.86582350730896 0.825177073478699 0.517518579959869 0.337093442678452 0.830842137336731 0.889133274555206 0.803351163864136 0.698197185993195 0.329311162233353 0.11603694409132 0.0147751774638891 0.011093252338469 0.0158255659043789 0.0160072799772024 0.0166861042380333 0.0165355987846851 0.015185697004199 0.012122736312449 0.0107262274250388 0.00887918192893267 0.00890649855136871 0.00809031073004007 0.00737817538902164 0.00628518126904964 0.00592894805595279 0.00579359987750649 0.00533864367753267 0.00523882731795311 0.00501935975626111 0.0052228169515729 0.00518895965069532
0.00159909203648567 0.00145787070505321 0.00160242558922619 0.00163170369341969 0.00177976989652961 0.00739504443481565 0.053057137876749 0.224179193377495 0.609978854656219 0.763577878475189 0.796294748783112 0.856190800666809 0.665125489234924 0.518632888793945 0.28927931189537 0.608182609081268 0.66737824678421 0.74301153421402 0.298812538385391 0.343763709068298 0.0547736138105392 0.01260996889323 0.0142754400148988 0.0174558665603399 0.017751669511199 0.01508420240134 0.0108991442248225 0.0115627245977521 0.0111699057742953 0.0100085744634271 0.00843640509992838 0.00777307106181979 0.00694780191406608 0.00726300152018666 0.00647531868889928 0.006223123986274 0.00573646230623126 0.00548733025789261 0.00540789635851979 0.00519968988373876 0.0048250094987452 0.00446518883109093
0.0014653216348961 0.00135380134452134 0.00132148317061365 0.00139201642014086 0.00232332316227257 0.0111602861434221 0.0702093169093132 0.369089245796204 0.694407343864441 0.678404211997986 0.766888439655304 0.816767871379852 0.898722767829895 0.592675924301147 0.565966188907623 0.374598562717438 0.438198685646057 0.342370808124542 0.168930262327194 0.209736719727516 0.0266902130097151 0.0127582242712379 0.013451243750751 0.0176652260124683 0.0201223567128181 0.0154894301667809 0.0162240080535412 0.0136734955012798 0.010632598772645 0.00939222611486912 0.00847964081913233 0.00748896459117532 0.00658452324569225 0.0062265251763165 0.00626707915216684 0.00581982219591737 0.00538430456072092 0.00581486010923982 0.00545093137770891 0.00523225869983435 0.00521742878481746 0.00495072547346354
0.00138505327049643 0.00126178481150419 0.00122435251250863 0.00125447963364422 0.00197867024689913 0.00687081320211291 0.0397519618272781 0.255543291568756 0.659650087356567 0.730902373790741 0.723741233348846 0.772317588329315 0.926862418651581 0.901814639568329 0.728107690811157 0.732316553592682 0.749355316162109 0.488532453775406 0.15934619307518 0.0482116676867008 0.0210346076637506 0.00804373621940613 0.0116583229973912 0.0161745771765709 0.0133088529109955 0.0143952528014779 0.0125527232885361 0.0101685021072626 0.00948646571487188 0.00925425346940756 0.00859820749610662 0.00778305670246482 0.00720540201291442 0.00655991397798061 0.00578548246994615 0.00577241694554687 0.0052360869012773 0.00557832140475512 0.00527400244027376 0.00501935975626111 0.00479019386693835 0.00492655020207167
0.001261913334019 0.00115113379433751 0.00109345931559801 0.0011319323675707 0.00148278102278709 0.0124586410820484 0.114670671522617 0.237061232328415 0.598105430603027 0.739393949508667 0.710925817489624 0.906299948692322 0.892693221569061 0.93902713060379 0.651178240776062 0.816364943981171 0.80036324262619 0.401598751544952 0.197576507925987 0.0381660833954811 0.00717356149107218 0.00721497321501374 0.0101332478225231 0.00991371367126703 0.00995872542262077 0.0132094733417034 0.0126862693578005 0.00975231826305389 0.00944328866899014 0.00833052024245262 0.008970039896667 0.00836129393428564 0.00732747185975313 0.00633129384368658 0.00594913633540273 0.00577054545283318 0.00512060010805726 0.00505291670560837 0.0045641646720469 0.0046370136551559 0.00460732774809003 0.00463671609759331
0.00117689277976751 0.00108221266418695 0.00100058992393315 0.000956850009970367 0.00142381922341883 0.00359717663377523 0.0489395298063755 0.312597334384918 0.539463341236115 0.66651725769043 0.719187796115875 0.896056354045868 0.710449159145355 0.53181916475296 0.694208323955536 0.962277889251709 0.930576741695404 0.784622132778168 0.188555926084518 0.0218746028840542 0.0098901204764843 0.00687854271382093 0.0105103636160493 0.00992632564157248 0.00851319823414087 0.00852942746132612 0.0103253796696663 0.00994258373975754 0.00971580855548382 0.00755239743739367 0.00717773428186774 0.00732076494023204 0.00682332366704941 0.00589501950889826 0.00540645653381944 0.00488129770383239 0.00493525667116046 0.00496653327718377 0.00486004538834095 0.00501118041574955 0.00450711324810982 0.00454215332865715
