data/climate_estimation/maxent_output/Bomarea_distichifolia.asc
NCOLS 171 
NROWS 187 
XLLCORNER -80.0833333333333 
YLLCORNER -17.4166666666667 
CELLSIZE 0.0833333333333333 
NODATA_value -3.4e+38 
[rows 40 to 59 of 187, columns 90 to 134 of 171]
0.0237119421362877 0.0238728616386652 0.0303275398910046 0.0287262182682753 0.02910709194839 0.0273944102227688 0.0269665792584419 0.0293713100254536 0.029334481805563 0.0313889272511005 0.0287419222295284 0.0305829402059317 0.0286030396819115 0.0300187338143587 0.0269924644380808 0.0276148971170187 0.0243801046162844 0.0237795412540436 0.0229217931628227 0.0262158885598183 0.0211925134062767 0.0183510016649961 0.022418312728405 0.0192461851984262 0.0196921583265066 0.0212094504386187 0.0206273160874844 0.0144402664154768 0.0171136688441038 0.0159661173820496 0.012996407225728 0.0134927378967404 0.0135184833779931 0.0121458014473319 0.0114602250978351 0.0116212544962764 0.0104940282180905 0.0112909488379955 0.00973822269588709 0.00943099334836006 0.00906929839402437 0.00866238586604595 0.00814652629196644 0.00833388604223728 0.00818786025047302
0.0267425458878279 0.0285956654697657 0.0290980767458677 0.0266076643019915 0.0277749747037888 0.0283513572067022 0.0262500159442425 0.0277441330254078 0.0304602440446615 0.0247238278388977 0.0288941003382206 0.0264637935906649 0.0283847060054541 0.0280284509062767 0.0264123752713203 0.0286384522914886 0.0262483842670918 0.0277611948549747 0.0267568230628967 0.0266291107982397 0.026662589982152 0.0233178064227104 0.0215738620609045 0.020330211147666 0.0184580367058516 0.0171815548092127 0.0197978094220161 0.0153370499610901 0.0157413240522146 0.0152813214808702 0.0143539616838098 0.0160094108432531 0.013713582418859 0.0154227819293737 0.0116244228556752 0.0104812830686569 0.0111693693324924 0.0111698787659407 0.0101397605612874 0.0103550059720874 0.00877639558166265 0.00862680375576019 0.00715996557846665 0.00876868609338999 0.00815478712320328
0.0261988826096058 0.028824919834733 0.0294357128441334 0.0288671888411045 0.029372937977314 0.0285014975816011 0.029111722484231 0.0312101636081934 0.0303508508950472 0.0294671058654785 0.027913948521018 0.0304038245230913 0.0305493529886007 0.0293745938688517 0.0324529185891151 0.0274496432393789 0.0292117614299059 0.0273919869214296 0.0242179352790117 0.0227864310145378 0.0237015895545483 0.0223002545535564 0.0240160301327705 0.0217972546815872 0.0220083519816399 0.0199310444295406 0.017387431114912 0.0193467307835817 0.0181520227342844 0.0169037133455276 0.0164476055651903 0.0153821296989918 0.0151426373049617 0.0158878676593304 0.0108866058290005 0.0118809612467885 0.0111587848514318 0.00963816046714783 0.00819352082908154 0.00968276429921389 0.00939269829541445 0.00883394479751587 0.007636156398803 0.00675010308623314 0.00875143613666296
0.0284844785928726 0.0279463678598404 0.029918635264039 0.0298436861485243 0.0277627427130938 0.0290373526513577 0.0294203124940395 0.0304343048483133 0.0310734212398529 0.033538568764925 0.0339085645973682 0.0311397630721331 0.0325621925294399 0.0322681963443756 0.0312437601387501 0.0266931336373091 0.0268598645925522 0.0254322122782469 0.0269374642521143 0.0256281364709139 0.0226674843579531 0.0230338126420975 0.0249775275588036 0.0271320194005966 0.0252040941268206 0.021297724917531 0.0204560272395611 0.0194215215742588 0.0169614534825087 0.0167982503771782 0.0144974542781711 0.015464136376977 0.0136562408879399 0.013070453889668 0.0139097152277827 0.0126381739974022 0.0124008227139711 0.00910832360386848 0.00954753719270229 0.00785255525261164 0.00896098464727402 0.00859637744724751 0.00937188323587179 0.00863838288933039 0.00954884570091963
0.0277569014579058 0.0269913375377655 0.0276390220969915 0.0288106966763735 0.0292039234191179 0.0277382954955101 0.0300243701785803 0.031721718609333 0.0311330668628216 0.0337156988680363 0.0343584567308426 0.0343584567308426 0.0305206887423992 0.02774902805686 0.0252377670258284 0.0291176736354828 0.0291176736354828 0.0324227437376976 0.0257268901914358 0.0254449918866158 0.0282051879912615 0.0288456324487925 0.0263016261160374 0.0253611914813519 0.0218738466501236 0.024036955088377 0.0205544456839561 0.0189240369945765 0.0188995506614447 0.0172907132655382 0.0146589800715446 0.0156363472342491 0.014057251624763 0.0117660965770483 0.0128467530012131 0.0115586724132299 0.0108559783548117 0.0127216596156359 0.0104655167087913 0.0105299381539226 0.00927820522338152 0.00688853953033686 0.00848094187676907 0.00838058535009623 0.00965764373540878
0.0263161286711693 0.0253093615174294 0.0256990343332291 0.0292954705655575 0.0315473228693008 0.0314744524657726 0.0298401229083538 0.031964186578989 0.033139169216156 0.0321193039417267 0.0341480821371078 0.0340876132249832 0.0301153548061848 0.0293756518512964 0.0290957428514957 0.0294598806649446 0.0275112427771091 0.0312594100832939 0.0318245850503445 0.0286682210862637 0.026100154966116 0.0263946000486612 0.0235557202249765 0.0243720524013042 0.0244195479899645 0.01951496116817 0.0212883595377207 0.0189640428870916 0.0200987868010998 0.0173740386962891 0.0153016215190291 0.0177901275455952 0.0167276225984097 0.0144364284351468 0.0136581882834435 0.0113158756867051 0.0108402017503977 0.0118912979960442 0.00971793662756681 0.0095970518887043 0.00849288888275623 0.00944576505571604 0.00863377097994089 0.00892829522490501 0.00877003557980061
0.0291728936135769 0.028989976271987 0.0295367110520601 0.0310072340071201 0.0332821719348431 0.0315195173025131 0.0321970023214817 0.0326540619134903 0.0329361371695995 0.0329361706972122 0.0336191840469837 0.0339417457580566 0.033506665378809 0.0282453671097755 0.0311572141945362 0.0308289751410484 0.031952753663063 0.0303397215902805 0.029900636523962 0.0288471058011055 0.0286826025694609 0.02682332880795 0.0251867473125458 0.0256108827888966 0.0265307817608118 0.0222775116562843 0.0191431771963835 0.0203882958739996 0.0217987205833197 0.0197933949530125 0.0167840030044317 0.0206689797341824 0.0197854116559029 0.0174515061080456 0.0157638564705849 0.0167745891958475 0.012853835709393 0.0101788649335504 0.0104867592453957 0.0102219339460135 0.00976850651204586 0.0105352690443397 0.0104535706341267 0.0109128709882498 0.0104090636596084
0.0295367110520601 0.0298589766025543 0.0318022631108761 0.0315693467855453 0.0317846089601517 0.0321131646633148 0.0312081817537546 0.030932554975152 0.0338524915277958 0.0356397740542889 0.0344591476023197 0.0348544083535671 0.0353728272020817 0.0315919034183025 0.0296158026903868 0.0309977848082781 0.0306149385869503 0.029068423435092 0.0293205194175243 0.0293205194175243 0.0306687094271183 0.0259218700230122 0.0272122789174318 0.0285586956888437 0.0263287723064423 0.0238989554345608 0.0207736007869244 0.0224316995590925 0.0194065254181623 0.0202611982822418 0.0194882526993752 0.021406939253211 0.0185030680149794 0.0173819251358509 0.0162180587649345 0.0148081965744495 0.0135580645874143 0.0121440896764398 0.0108419172465801 0.0118210064247251 0.013236615806818 0.0117159057408571 0.0107816755771637 0.0108293769881129 0.00970951654016972
0.030083766207099 0.0300212651491165 0.0318068005144596 0.0319303423166275 0.0321090891957283 0.030458752065897 0.0322975255548954 0.0323787033557892 0.0347429178655148 0.032686423510313 0.0349307172000408 0.0330828763544559 0.0330828763544559 0.0313267149031162 0.0315750353038311 0.035480972379446 0.03370151668787 0.0325169824063778 0.0305805318057537 0.0276397317647934 0.0304883159697056 0.0270044133067131 0.0282670930027962 0.0266329646110535 0.0226443689316511 0.0250255279242992 0.0238768830895424 0.021586749702692 0.0218163914978504 0.0205952040851116 0.0204575750976801 0.02201858907938 0.0175418984144926 0.0166377741843462 0.0157998222857714 0.0159607883542776 0.0138994632288814 0.0137070054188371 0.0128493700176477 0.0144822709262371 0.0143910637125373 0.0127409696578979 0.01492137927562 0.0141990203410387 0.014110310934484
0.0304280407726765 0.0320538468658924 0.0334518291056156 0.0315317288041115 0.0318799503147602 0.0322994887828827 0.0348726883530617 0.0365852378308773 0.036936741322279 0.0346837751567364 0.0326452255249023 0.0318106673657894 0.031531848013401 0.0330810658633709 0.035480972379446 0.035480972379446 0.0381665341556072 0.0357157252728939 0.0316384583711624 0.0319557078182697 0.0261010956019163 0.0310370475053787 0.030742110684514 0.0245214533060789 0.0245264656841755 0.0202552676200867 0.0211163423955441 0.0234941244125366 0.023819824680686 0.0207047089934349 0.0232675522565842 0.0195839572697878 0.0179173927754164 0.017196686938405 0.0170568246394396 0.0155208613723516 0.0153799653053284 0.0138195939362049 0.0164537932723761 0.0155514348298311 0.0149350976571441 0.0146078048273921 0.0125708794221282 0.0134013760834932 0.0140905631706119
0.0325209833681583 0.0328835509717464 0.03255570307374 0.0318035483360291 0.0334930568933487 0.0321870073676109 0.0339332744479179 0.0365597791969776 0.0365852378308773 0.0352325774729252 0.0336030721664429 0.0324245505034924 0.0335883162915707 0.0326262339949608 0.0369247980415821 0.0356838218867779 0.0336227528750896 0.0297445897012949 0.0300739221274853 0.0309478286653757 0.0299010034650564 0.031136330217123 0.0255462843924761 0.0268724840134382 0.0247636567801237 0.023967744782567 0.0249892752617598 0.0242696087807417 0.0214641634374857 0.0208646040409803 0.0207947827875614 0.0220356453210115 0.0210836678743362 0.0194689929485321 0.0171142052859068 0.0188075285404921 0.0173057280480862 0.0156568456441164 0.0170092936605215 0.0187715850770473 0.0158084277063608 0.0155592886731029 0.0149209713563323 0.0148681038990617 0.0136888585984707
0.0333257354795933 0.0318799503147602 0.0313369855284691 0.0321604758501053 0.0345057062804699 0.0326063856482506 0.0342660546302795 0.0362948812544346 0.0346310809254646 0.0351350903511047 0.0351350903511047 0.0339092575013638 0.0341681502759457 0.0372527837753296 0.0362461246550083 0.0338539928197861 0.0335098095238209 0.0321021229028702 0.0317063368856907 0.0353811420500278 0.0338223725557327 0.0289281196892262 0.028137193992734 0.0265726763755083 0.0254086181521416 0.0277489703148603 0.0265192426741123 0.0251220799982548 0.0244216248393059 0.025905217975378 0.025123218074441 0.0208314917981625 0.0220377761870623 0.0210552234202623 0.0200970489531755 0.0166963916271925 0.0167533308267593 0.0178129337728024 0.0183744207024574 0.016271373257041 0.0151372961699963 0.016248531639576 0.0161639656871557 0.0160208120942116 0.0156699176877737
0.0326186008751392 0.0338389687240124 0.0320932231843472 0.0337272323668003 0.0340469144284725 0.0341896042227745 0.0341944769024849 0.0363015383481979 0.0360496453940868 0.0361184105277061 0.0353938266634941 0.0352707654237747 0.0371056422591209 0.0392963774502277 0.0397285744547844 0.0366056300699711 0.032595731317997 0.0381479114294052 0.0372956991195679 0.0319184511899948 0.0280877985060215 0.0284743923693895 0.0233002807945013 0.0234084967523813 0.0257034860551357 0.023775776848197 0.0287482179701328 0.0271500758826733 0.0254015978425741 0.0234579537063837 0.0258342642337084 0.0220059305429459 0.0186976883560419 0.0233562774956226 0.0199967008084059 0.0194886215031147 0.0193023327738047 0.019265566021204 0.0180536303669214 0.0202910024672747 0.0163107011467218 0.0187684185802937 0.0183845218271017 0.0147066432982683 0.0151313086971641
0.0327687487006187 0.032047588378191 0.032814335078001 0.0343090705573559 0.0332376658916473 0.0338345058262348 0.0338345058262348 0.038135502487421 0.0384332463145256 0.038528386503458 0.0367803834378719 0.0352908745408058 0.0358121581375599 0.0395032912492752 0.0360694825649261 0.0333484560251236 0.0365137755870819 0.0357912965118885 0.0326053500175476 0.0321670882403851 0.0289225429296494 0.0295077469199896 0.0275586433708668 0.0238052848726511 0.0283823423087597 0.0229427516460419 0.023638628423214 0.0233910959213972 0.0238628890365362 0.0241298079490662 0.0241473317146301 0.0242754891514778 0.0237682815641165 0.0206803977489471 0.0246042478829622 0.018834276124835 0.019484980031848 0.0196819193661213 0.0210154131054878 0.0194314531981945 0.0197143070399761 0.0194946862757206 0.0213830471038818 0.022215636447072 0.0168597921729088
0.0321497768163681 0.0336796753108501 0.0338487401604652 0.0343997851014137 0.034978486597538 0.0348371751606464 0.0337700136005878 0.0375631526112556 0.0373599454760551 0.0361138395965099 0.0349970683455467 0.0367411747574806 0.0390065126121044 0.0375878512859344 0.0367871262133121 0.0361662209033966 0.0331851541996002 0.0301067717373371 0.0295657142996788 0.031528253108263 0.027814906090498 0.028428802266717 0.0266633164137602 0.0264732707291842 0.0284223612397909 0.0256662648171186 0.0244302228093147 0.0252764672040939 0.0251320600509644 0.0242444407194853 0.0251801162958145 0.0217841602861881 0.0222684107720852 0.0213202275335789 0.0254134684801102 0.023295046761632 0.0189345087856054 0.0200591497123241 0.018520399928093 0.0163502208888531 0.0200644768774509 0.0193638112396002 0.0201911516487598 0.0201819017529488 0.0168109741061926
0.0334793888032436 0.0336562134325504 0.0347216762602329 0.0343096032738686 0.0362413935363293 0.0365187041461468 0.0355232059955597 0.0377611182630062 0.0376940555870533 0.0342272222042084 0.0369039438664913 0.0388932637870312 0.0391302332282066 0.0387313365936279 0.0360656268894672 0.0340806096792221 0.0321529544889927 0.0334191098809242 0.0330951623618603 0.0323764979839325 0.0313737168908119 0.0270493607968092 0.0288103669881821 0.0246074162423611 0.0244302228093147 0.0243522860109806 0.0264535807073116 0.0260013584047556 0.028265081346035 0.0236590709537268 0.0247099511325359 0.0231556836515665 0.0241367295384407 0.0243456270545721 0.0255720932036638 0.0235881637781858 0.0218287780880928 0.0236178655177355 0.0215647406876087 0.0203860513865948 0.0201620664447546 0.0238310992717743 0.0191392302513123 0.0159410368651152 0.0201318860054016
0.0339306145906448 0.0347470678389072 0.035567969083786 0.0358657389879227 0.0377380587160587 0.0342613011598587 0.0362609215080738 0.0364578887820244 0.0353640839457512 0.0362048260867596 0.0380177684128284 0.0387170054018497 0.0385432578623295 0.0380840264260769 0.0344716049730778 0.0347247160971165 0.0340424105525017 0.0350908897817135 0.0327876023948193 0.0323000960052013 0.027296481654048 0.0299298632889986 0.0274350326508284 0.0253611393272877 0.0274455081671476 0.026990108191967 0.0258820243179798 0.0269988346844912 0.025055130943656 0.0221287216991186 0.0269605182111263 0.0266266632825136 0.0227006580680609 0.0234984625130892 0.0231752768158913 0.0205289646983147 0.0240109078586102 0.0235113147646189 0.0237720534205437 0.0250034257769585 0.0257793236523867 0.02563208155334 0.0261762924492359 0.0217078514397144 0.0193221066147089
0.0346725210547447 0.0361322984099388 0.0363740213215351 0.0371087528765202 0.0367746986448765 0.0349304638803005 0.0363285802304745 0.0349942818284035 0.0334228873252869 0.0373499058187008 0.0390417091548443 0.0382565148174763 0.0379314124584198 0.0371235087513924 0.0351810082793236 0.0359738580882549 0.0356262698769569 0.0316526554524899 0.0302650444209576 0.0305368229746819 0.0299298632889986 0.028076084330678 0.0275173373520374 0.0263085402548313 0.0265942756086588 0.0246019624173641 0.0235800128430128 0.0239060316234827 0.0245869494974613 0.0205563902854919 0.0186327528208494 0.0210827309638262 0.0194536354392767 0.0212050322443247 0.0198068115860224 0.0218312218785286 0.0207674354314804 0.0236660186201334 0.0235643722116947 0.0238256901502609 0.0258931834250689 0.0262516755610704 0.0244210101664066 0.0228572953492403 0.0211278256028891
0.0359662547707558 0.0369120500981808 0.036259226500988 0.0359776318073273 0.0390347428619862 0.0356938280165195 0.0360721126198769 0.0351642966270447 0.0365998931229115 0.0371120125055313 0.0412647388875484 0.0400506556034088 0.0394025631248951 0.0365801863372326 0.0363903567194939 0.0378463268280029 0.0351534076035023 0.0323982052505016 0.0323771759867668 0.0295635592192411 0.0299459379166365 0.0294249057769775 0.0253678485751152 0.0244624242186546 0.0243532247841358 0.0208905544131994 0.0221040919423103 0.0192527398467064 0.0217107385396957 0.0238701328635216 0.0224533062428236 0.0211563147604465 0.0224092211574316 0.025783434510231 0.0229445789009333 0.0270404405891895 0.0264995861798525 0.0269648730754852 0.0269983280450106 0.0290010459721088 0.0290822330862284 0.0280285701155663 0.0218535996973515 0.0218545906245708 0.0205622389912605
0.0387105792760849 0.0395950525999069 0.0390353463590145 0.0385557040572166 0.0358074232935905 0.0348064750432968 0.0354340672492981 0.0352480746805668 0.0369653850793839 0.0394429042935371 0.0405069328844547 0.0410885773599148 0.0387670807540417 0.0386570654809475 0.0363144278526306 0.0339559130370617 0.0335854105651379 0.030933627858758 0.0285691823810339 0.0280452594161034 0.0270388517528772 0.0258339568972588 0.0230764094740152 0.0246836952865124 0.0226146653294563 0.0181992426514626 0.0205293297767639 0.0201094821095467 0.021114993840456 0.0218567177653313 0.0233809258788824 0.0226309783756733 0.0242956671863794 0.0226271413266659 0.0227686017751694 0.0254206638783216 0.0227892957627773 0.0262628216296434 0.0267689637839794 0.0250784084200859 0.025198969990015 0.0245316158980131 0.0248332656919956 0.024313198402524 0.0226446315646172
