data/climate_estimation/maxent_output/Bomarea_ovata.asc
NCOLS 196 
NROWS 416 
XLLCORNER -79.5833333333333 
YLLCORNER -27.1666666666667 
CELLSIZE 0.0833333333333333 
NODATA_value -3.4e+38 
[rows 280 to 299 of 416, columns 90 to 134 of 196]
0.697487413883209 0.651764452457428 0.498703867197037 0.488569855690002 0.511440336704254 0.561489045619965 0.406217694282532 0.413875132799149 0.475510120391846 0.527274131774902 0.501548171043396 0.43790864944458 0.431782215833664 0.38465890288353 0.327840447425842 0.484004855155945 0.539578080177307 0.61448472738266 0.584897816181183 0.519055247306824 0.572695791721344 0.681814312934875 0.851635932922363 0.834456622600555 0.861772418022156 0.893341541290283 0.901341319084167 0.857686340808868 0.833450198173523 0.822072267532349 0.835628390312195 0.858555734157562 0.882961809635162 0.909730017185211 0.927237391471863 0.938896656036377 0.936413526535034 0.896027326583862 0.849422335624695 0.82786101102829 0.838546335697174 0.88313102722168 0.309072256088257 0.416898936033249 0.680925130844116
0.936631202697754 0.874925136566162 0.82802540063858 0.648148477077484 0.756067276000977 0.907677233219147 0.505264103412628 0.331164062023163 0.488320171833038 0.550430119037628 0.450216054916382 0.32684725522995 0.380660802125931 0.360645592212677 0.316297262907028 0.382833570241928 0.619039416313171 0.699438393115997 0.681836605072021 0.49055227637291 0.445717006921768 0.57108211517334 0.620129942893982 0.741666734218597 0.883218050003052 0.881693542003632 0.84040629863739 0.881336390972137 0.856174230575562 0.845977187156677 0.850253999233246 0.867350101470947 0.891193330287933 0.910358726978302 0.92368346452713 0.927709102630615 0.921133458614349 0.921823978424072 0.91296398639679 0.890819191932678 0.862500429153442 0.832231402397156 0.618496656417847 0.450839817523956 0.42305663228035
0.912026345729828 0.92297488451004 0.933209538459778 0.904497861862183 0.924793004989624 0.925843298435211 0.615909039974213 0.640306651592255 0.709149062633514 0.580842077732086 0.423558503389359 0.509124994277954 0.475498646497726 0.371406584978104 0.350440591573715 0.340069800615311 0.584239184856415 0.663000643253326 0.479809373617172 0.366701036691666 0.515779614448547 0.411151468753815 0.436317682266235 0.73476231098175 0.884122312068939 0.906696140766144 0.880626499652863 0.842921853065491 0.87915712594986 0.877048969268799 0.87203460931778 0.883280694484711 0.889730274677277 0.911000669002533 0.912372171878815 0.911758303642273 0.920131206512451 0.903503119945526 0.900634706020355 0.83421117067337 0.84203052520752 0.827178716659546 0.739918529987335 0.588963866233826 0.46398913860321
0.656772017478943 0.822297036647797 0.903319656848907 0.924697637557983 0.93814617395401 0.94257116317749 0.348685473203659 0.57598602771759 0.684778809547424 0.629266798496246 0.576060652732849 0.570563733577728 0.622229337692261 0.490840315818787 0.325543642044067 0.416597843170166 0.529691696166992 0.632806599140167 0.643740296363831 0.679364383220673 0.573914289474487 0.319295465946198 0.483805358409882 0.735139787197113 0.864624798297882 0.883172035217285 0.899627566337585 0.774987876415253 0.858176827430725 0.880782663822174 0.879322469234467 0.873802781105042 0.885733067989349 0.888800442218781 0.897044062614441 0.89910215139389 0.822096407413483 0.887513518333435 0.853992164134979 0.707827031612396 0.765596687793732 0.812115907669067 0.787777245044708 0.718268990516663 0.611769735813141
0.393898397684097 0.62830376625061 0.739354431629181 0.810036540031433 0.81013011932373 0.928905963897705 0.300624758005142 0.485899150371552 0.782519698143005 0.666027784347534 0.428412646055222 0.337084382772446 0.563424825668335 0.412108331918716 0.352193504571915 0.653135120868683 0.772715985774994 0.435089647769928 0.366339862346649 0.557661533355713 0.307542711496353 0.331975281238556 0.567706286907196 0.697787523269653 0.80930894613266 0.850300550460815 0.859224259853363 0.84625506401062 0.886218905448914 0.85520726442337 0.840646386146545 0.840162694454193 0.875882625579834 0.88209331035614 0.878126084804535 0.88109016418457 0.805684089660645 0.841442227363586 0.832322835922241 0.840460002422333 0.805817663669586 0.819558382034302 0.808642446994781 0.778685390949249 0.738792300224304
0.875419437885284 0.542998313903809 0.540034234523773 0.647395551204681 0.674513101577759 0.894044280052185 0.910033583641052 0.912521660327911 0.583890795707703 0.402545869350433 0.319809854030609 0.440216898918152 0.439113020896912 0.443485885858536 0.371519565582275 0.534485399723053 0.705067753791809 0.318431347608566 0.342819899320602 0.494368255138397 0.279575616121292 0.348564982414246 0.490584343671799 0.587242782115936 0.629012048244476 0.764164090156555 0.812769055366516 0.751026153564453 0.842277050018311 0.787952780723572 0.739214539527893 0.689565241336823 0.67307984828949 0.8322674036026 0.815559387207031 0.755266666412354 0.83758670091629 0.84710019826889 0.83287250995636 0.82091873884201 0.821798980236053 0.83812940120697 0.836154460906982 0.825778305530548 0.815767705440521
0.997727334499359 0.799352407455444 0.88386344909668 0.472860991954803 0.364136397838593 0.529504001140594 0.743786752223969 0.865413963794708 0.913685083389282 0.499237984418869 0.42173507809639 0.481019169092178 0.440717190504074 0.363789439201355 0.716943204402924 0.695555686950684 0.709869265556335 0.410727620124817 0.269307225942612 0.385993897914886 0.41703462600708 0.431899428367615 0.482062250375748 0.433560997247696 0.448758512735367 0.660572648048401 0.606944918632507 0.669005692005157 0.747045814990997 0.736751735210419 0.692277848720551 0.669778764247894 0.578413784503937 0.778134644031525 0.704580903053284 0.549143493175507 0.763193309307098 0.795027434825897 0.810963571071625 0.8207186460495 0.823934853076935 0.818636178970337 0.826512575149536 0.8373664021492 0.830066084861755
0.999837219715118 0.999393701553345 0.987387239933014 0.72338342666626 0.453631013631821 0.651373088359833 0.673056185245514 0.771668076515198 0.890462100505829 0.614136338233948 0.267319023609161 0.271355211734772 0.29668602347374 0.217750787734985 0.686842441558838 0.933764219284058 0.786455512046814 0.392630219459534 0.255250066518784 0.34843310713768 0.447605699300766 0.367488473653793 0.347184032201767 0.507635176181793 0.565736532211304 0.535175919532776 0.370236128568649 0.476659327745438 0.47303095459938 0.689853370189667 0.624026477336884 0.680977702140808 0.604512751102448 0.625323712825775 0.716175854206085 0.705349385738373 0.713854372501373 0.750743865966797 0.783472299575806 0.766873419284821 0.775217294692993 0.793161988258362 0.817684471607208 0.818224310874939 0.815254509449005
0.999998509883881 0.99966287612915 0.997072041034698 0.937831461429596 0.327046692371368 0.724939703941345 0.625312030315399 0.73515921831131 0.870001971721649 0.87003767490387 0.649227678775787 0.357035279273987 0.409654825925827 0.279257953166962 0.503978312015533 0.933598875999451 0.60803633928299 0.610920131206512 0.463977307081223 0.368513345718384 0.419379681348801 0.404710918664932 0.236334472894669 0.338660269975662 0.49652087688446 0.350156724452972 0.415735334157944 0.631709516048431 0.568035781383514 0.618008136749268 0.567172527313232 0.586290001869202 0.672572731971741 0.673273622989655 0.637943089008331 0.627517700195312 0.646053373813629 0.702722251415253 0.770336985588074 0.785514950752258 0.751982450485229 0.737990617752075 0.79086446762085 0.802176654338837 0.789921045303345
0.999996781349182 0.999998986721039 0.999744951725006 0.945073008537292 0.537395536899567 0.498864024877548 0.771838665008545 0.850324392318726 0.893844306468964 0.906077980995178 0.892249703407288 0.882883071899414 0.882399380207062 0.892345368862152 0.426199376583099 0.866665661334991 0.759507954120636 0.358952134847641 0.207443490624428 0.367502987384796 0.414947718381882 0.367461562156677 0.201080143451691 0.202627018094063 0.239835202693939 0.301451981067657 0.4538254737854 0.501357853412628 0.689545750617981 0.624065101146698 0.502977252006531 0.489262849092484 0.622653901576996 0.597758054733276 0.647630214691162 0.58884859085083 0.560608506202698 0.600017309188843 0.655300438404083 0.58805376291275 0.620293140411377 0.679895758628845 0.728547513484955 0.749262511730194 0.784364581108093
0.999998867511749 0.999999165534973 0.999999761581421 0.994678914546967 0.961968541145325 0.545918166637421 0.703422605991364 0.665090560913086 0.761651754379272 0.834171652793884 0.766053378582001 0.752573609352112 0.599525570869446 0.610509753227234 0.844097137451172 0.755440890789032 0.883533179759979 0.383350998163223 0.209357559680939 0.374300599098206 0.369447767734528 0.322055101394653 0.335871994495392 0.291743546724319 0.246327817440033 0.242645472288132 0.366448998451233 0.564872741699219 0.660719752311707 0.65075421333313 0.509916305541992 0.430906444787979 0.545413732528687 0.541217386722565 0.624736428260803 0.596256136894226 0.583921790122986 0.605563580989838 0.631639957427979 0.553103625774384 0.449378371238708 0.512919306755066 0.563307285308838 0.729483604431152 0.783248007297516
0.999999940395355 0.999999761581421 0.999999642372131 0.99990177154541 0.992602705955505 0.734110355377197 0.312716007232666 0.387049585580826 0.638201355934143 0.675871074199677 0.49956077337265 0.503539800643921 0.626306653022766 0.589401185512543 0.49322235584259 0.758052289485931 0.873893320560455 0.44316029548645 0.23263330757618 0.293065637350082 0.218940898776054 0.241685479879379 0.287586182355881 0.278399020433426 0.271037042140961 0.296004235744476 0.441523790359497 0.657375812530518 0.602670967578888 0.458274006843567 0.321644932031631 0.420255154371262 0.552403748035431 0.617852449417114 0.623087406158447 0.600097596645355 0.597985744476318 0.614819467067719 0.642100930213928 0.649071276187897 0.634926199913025 0.61491733789444 0.61860853433609 0.678391814231873 0.754497468471527
0.99999988079071 0.999999642372131 0.999999344348907 0.999999463558197 0.998886406421661 0.983966469764709 0.940159797668457 0.303954243659973 0.335255563259125 0.2870072722435 0.31893789768219 0.422292172908783 0.719781041145325 0.631315767765045 0.728256285190582 0.727773070335388 0.551371574401855 0.345727473497391 0.241065815091133 0.245911791920662 0.282222390174866 0.293237715959549 0.258236169815063 0.271715819835663 0.302939474582672 0.278238087892532 0.318456947803497 0.466213554143906 0.560479879379272 0.366486370563507 0.255706340074539 0.521389901638031 0.618751645088196 0.610228061676025 0.641443371772766 0.642139852046967 0.624844968318939 0.627883017063141 0.624948143959045 0.651141762733459 0.660000205039978 0.629993140697479 0.631149888038635 0.624648451805115 0.688729405403137
0.997643768787384 0.999871253967285 0.999977111816406 0.999994874000549 0.989904224872589 0.970894038677216 0.947261810302734 0.801926136016846 0.271251797676086 0.497395902872086 0.197103783488274 0.579088389873505 0.585492610931396 0.701105833053589 0.799058735370636 0.790725588798523 0.582429170608521 0.29993000626564 0.215443179011345 0.223640099167824 0.237950518727303 0.281189769506454 0.25930717587471 0.147990614175797 0.247413292527199 0.260256618261337 0.2728650867939 0.415876775979996 0.507122397422791 0.400143325328827 0.324080139398575 0.433345019817352 0.561440050601959 0.564849674701691 0.647552788257599 0.632280170917511 0.634713172912598 0.620994687080383 0.643681764602661 0.670056223869324 0.655791103839874 0.614614427089691 0.601445198059082 0.624983787536621 0.660919427871704
0.632536709308624 0.741226375102997 0.992328584194183 0.994131445884705 0.846689760684967 0.963748455047607 0.986466407775879 0.955944776535034 0.611791789531708 0.647923469543457 0.377208441495895 0.530449271202087 0.328979104757309 0.621187627315521 0.643456280231476 0.791773974895477 0.70842844247818 0.476750552654266 0.207241520285606 0.145427778363228 0.160802125930786 0.286582797765732 0.221208676695824 0.15510006248951 0.222567498683929 0.248043075203896 0.285650193691254 0.236488565802574 0.411414563655853 0.442590892314911 0.326387196779251 0.461752325296402 0.481707841157913 0.575238406658173 0.648077130317688 0.654346942901611 0.646917402744293 0.613874316215515 0.664305925369263 0.653703391551971 0.660713732242584 0.628050446510315 0.632073760032654 0.593627572059631 0.537003993988037
-3.4e+38 0.216822862625122 0.252234667539597 0.273450314998627 0.834732472896576 0.953427970409393 0.985629916191101 0.995173096656799 0.841684639453888 0.614841878414154 0.844312489032745 0.593843400478363 0.365575730800629 0.45131516456604 0.389187961816788 0.656306684017181 0.751132428646088 0.648478507995605 0.318494260311127 0.201960563659668 0.396648496389389 0.448867380619049 0.204391956329346 0.231434985995293 0.280115604400635 0.2459587007761 0.21163634955883 0.248056679964066 0.319430232048035 0.374302625656128 0.425628989934921 0.39461475610733 0.387006640434265 0.564233124256134 0.579202055931091 0.669005692005157 0.665502846240997 0.65642124414444 0.63935911655426 0.654621958732605 0.630545079708099 0.648159623146057 0.647002279758453 0.62290632724762 0.538444757461548
-3.4e+38 -3.4e+38 0.236980617046356 0.238873913884163 0.651055634021759 0.641668498516083 0.948804199695587 0.993680775165558 0.97988361120224 0.893105804920197 0.615701258182526 0.206887289881706 0.541273236274719 0.335646778345108 0.212820708751678 0.624055743217468 0.724681079387665 0.734607219696045 0.503377199172974 0.459872961044312 0.549578428268433 0.580777108669281 0.563898742198944 0.353437662124634 0.238271862268448 0.2607042491436 0.321659177541733 0.310156136751175 0.308566898107529 0.47729954123497 0.472098141908646 0.322015464305878 0.320195972919464 0.575447082519531 0.598653197288513 0.586549997329712 0.637837529182434 0.65793365240097 0.635090470314026 0.624181747436523 0.632323145866394 0.63561874628067 0.657118499279022 0.618421018123627 0.600511789321899
-3.4e+38 -3.4e+38 -3.4e+38 -3.4e+38 -3.4e+38 -3.4e+38 0.629595041275024 0.864329814910889 0.999337792396545 0.98759126663208 0.896856546401978 0.78780734539032 0.217529341578484 0.159421026706696 0.555562257766724 0.195273354649544 0.561543345451355 0.550931334495544 0.593612313270569 0.66450971364975 0.656379699707031 0.632991135120392 0.688313663005829 0.62949126958847 0.320285081863403 0.187814980745316 0.223520681262016 0.374627113342285 0.407484889030457 0.45854178071022 0.439391911029816 0.454109907150269 0.359675347805023 0.495392501354218 0.560892820358276 0.513412833213806 0.601438999176025 0.637549936771393 0.635557532310486 0.632564127445221 0.638347923755646 0.59052836894989 0.620881140232086 0.62990802526474 0.623948097229004
-3.4e+38 -3.4e+38 -3.4e+38 -3.4e+38 -3.4e+38 -3.4e+38 -3.4e+38 0.661032378673553 0.987791955471039 0.99336451292038 0.985627830028534 0.99220484495163 0.746123671531677 0.487064570188522 0.366977453231812 0.143106251955032 0.508750915527344 0.524761497974396 0.387535899877548 0.475625723600388 0.589581608772278 0.587235331535339 0.591134607791901 0.642520010471344 0.325433909893036 0.268698364496231 0.183891236782074 0.256491750478745 0.295684039592743 0.40176984667778 0.524289548397064 0.51725560426712 0.35981959104538 0.521859049797058 0.569304704666138 0.49618998169899 0.547958254814148 0.573838233947754 0.59083890914917 0.570062935352325 0.586028218269348 0.578725814819336 0.58467960357666 0.575294613838196 0.580335259437561
-3.4e+38 -3.4e+38 -3.4e+38 -3.4e+38 -3.4e+38 -3.4e+38 -3.4e+38 -3.4e+38 0.5356285572052 0.99958860874176 0.998380243778229 0.98148787021637 0.966898560523987 0.912953078746796 0.92157781124115 0.91674792766571 0.650396227836609 0.364489793777466 0.301243722438812 0.173419311642647 0.378230631351471 0.346020758152008 0.444585829973221 0.591138780117035 0.613687098026276 0.4096300303936 0.128539338707924 0.124583400785923 0.158522978425026 0.327743053436279 0.53492683172226 0.562473356723785 0.575967192649841 0.588533878326416 0.595414638519287 0.518062114715576 0.591655015945435 0.585015773773193 0.561106562614441 0.570912539958954 0.580800890922546 0.555648863315582 0.57203334569931 0.582180500030518 0.586007595062256
