data/climate_estimation/maxent_output/Bomarea_glaucescens.asc
NCOLS 35 
NROWS 165 
XLLCORNER -79.5 
YLLCORNER -8.25 
CELLSIZE 0.0833333333333335 
NODATA_value -3.4e+38 
[rows 69 to 91 of 165, columns 0 to 34 of 35]
0.000455196597613394 0.000667232903651893 0.000841153087094426 0.00119078857824206 0.00216037989594042 0.00495135970413685 0.0124201690778136 0.0475744493305683 0.167227372527122 0.649728119373322 0.92396479845047 0.789489269256592 0.297590136528015 0.354035079479218 0.814194619655609 0.90865695476532 0.81977903842926 0.785424709320068 0.551082134246826 0.231522276997566 0.0735315755009651 0.0637579560279846 0.0754314586520195 0.0535850450396538 0.0441914573311806 0.00822353456169367 0.00376044027507305 0.00301064481027424 0.00273146852850914 0.0026452683378011 0.00372667307965457 0.00369998323731124 0.00267262593843043 0.00253310520201921 0.00223610154353082
0.000425708538386971 0.000576667138375342 0.000838367035612464 0.00141200213693082 0.00472526578232646 0.0190446656197309 0.0278166122734547 0.0426219031214714 0.118052542209625 0.602128386497498 0.918257117271423 0.834055364131927 0.423730701208115 0.609428882598877 0.905223309993744 0.87297511100769 0.698314011096954 0.600664615631104 0.585727155208588 0.189606383442879 0.0650647878646851 0.139693349599838 0.112356834113598 0.0622925534844398 0.0338054820895195 0.00603005988523364 0.0034334328956902 0.00298550096340477 0.00335207767784595 0.00327723380178213 0.00358093227259815 0.00375131657347083 0.00340167386457324 0.0022789491340518 0.00196430366486311
0.000391217734431848 0.00055738992523402 0.00077859841985628 0.0022546008694917 0.0256268065422773 0.127517595887184 0.0705433860421181 0.105704799294472 0.183849811553955 0.421735644340515 0.901497483253479 0.886904180049896 0.861544549465179 0.82389235496521 0.886274933815002 0.919922530651093 0.877746343612671 0.458899766206741 0.274702072143555 0.0988781154155731 0.108796469867229 0.190457254648209 0.0729987546801567 0.0593118593096733 0.0270276293158531 0.00512254191562533 0.00350891682319343 0.00371855567209423 0.0034111391287297 0.00339219253510237 0.00333367357961833 0.00356850796379149 0.00330213503912091 0.00212773121893406 0.00210030097514391
0.000372281530871987 0.000468018261017278 0.000853762496262789 0.00235545937903225 0.0069943112321198 0.0935345888137817 0.174675986170769 0.284049302339554 0.321984171867371 0.848504304885864 0.900092601776123 0.852979302406311 0.898180723190308 0.91186136007309 0.888278305530548 0.864942848682404 0.797242403030396 0.717012107372284 0.445244908332825 0.106127388775349 0.183233812451363 0.0847367718815804 0.106057770550251 0.0574829317629337 0.0258166752755642 0.00734872370958328 0.00327896233648062 0.00379290757700801 0.00328585435636342 0.00331310485489666 0.00343240844085813 0.00342218368314207 0.0032895349431783 0.00212412909604609 0.00218653888441622
0.000325943430652842 0.00037627958226949 0.000833393947687 0.0010748254135251 0.00736983818933368 0.133109733462334 0.273729085922241 0.395494878292084 0.734477281570435 0.932315349578857 0.897393882274628 0.902934491634369 0.878435492515564 0.862358093261719 0.879444301128387 0.83494234085083 0.761010706424713 0.683321952819824 0.332837015390396 0.0873485654592514 0.0637402161955833 0.060557808727026 0.0687424689531326 0.0550562851130962 0.0162192787975073 0.00690615782514215 0.00371576705947518 0.0027136723510921 0.00323413289152086 0.00349858240224421 0.00345585728064179 0.00354979396797717 0.00229552481323481 0.00222853873856366 0.00184286595322192
0.000259652035310864 0.000322063569910824 0.000539804284926504 0.00103227281942964 0.00358763430267572 0.0300859399139881 0.453612297773361 0.466806501150131 0.761639356613159 0.888532161712646 0.718459367752075 0.761813402175903 0.930858969688416 0.878058433532715 0.815849900245667 0.704059243202209 0.574958205223083 0.393088668584824 0.196294605731964 0.0622031167149544 0.0413525700569153 0.0381445325911045 0.0400940701365471 0.0273935440927744 0.00714715896174312 0.00396820576861501 0.00321719073690474 0.00253867916762829 0.00261503225192428 0.00254682963714004 0.00321975280530751 0.00225639878772199 0.00224167970009148 0.00213782396167517 0.00221371976658702
0.000203792544198222 0.00024579165619798 0.000406642269808799 0.000891255796886981 0.00437168218195438 0.0909822061657906 0.397233843803406 0.567372679710388 0.857310831546783 0.608350098133087 0.448167055845261 0.59882003068924 0.822766363620758 0.849541783332825 0.808722317218781 0.791724324226379 0.442923426628113 0.0904311388731003 0.070169486105442 0.0524271763861179 0.0203104969114065 0.0207127071917057 0.020262848585844 0.0217046048492193 0.00498971808701754 0.00301365181803703 0.00276232813484967 0.00240813661366701 0.0025062239728868 0.00234300433658063 0.00216080760583282 0.00227454677224159 0.0021630881819874 0.00217811926268041 0.00178268074523658
0.000172479456523433 0.000204751122510061 0.000364829757018015 0.000765443488489836 0.00409207725897431 0.0650126114487648 0.609589278697968 0.689085841178894 0.83862292766571 0.578645527362823 0.323427945375443 0.573594629764557 0.826456427574158 0.819235563278198 0.792287528514862 0.583855450153351 0.289445638656616 0.0564978756010532 0.0507651045918465 0.0293030198663473 0.0117855602875352 0.0142132742330432 0.0198212675750256 0.0249683391302824 0.00394539255648851 0.00273395027033985 0.00265968614257872 0.00246585928834975 0.00258412421680987 0.00230438122525811 0.00233775889500976 0.00217935023829341 0.00216008652932942 0.00198432221077383 0.00203741970472038
0.000134510322823189 0.000182500880328007 0.000337877252604812 0.00081500131636858 0.00755717558786273 0.0783086568117142 0.590913236141205 0.757923305034637 0.822812616825104 0.416689068078995 0.255893051624298 0.563721597194672 0.849007844924927 0.815970420837402 0.597696959972382 0.411180943250656 0.249180525541306 0.043494276702404 0.0458230599761009 0.0141800520941615 0.00859029963612556 0.0132954940199852 0.0131325414404273 0.006055798381567 0.00314830197021365 0.00279273628257215 0.00280719366855919 0.00262716505676508 0.00249365693889558 0.00244646216742694 0.00235246284864843 0.00237133866176009 0.00209886929951608 0.00186793401371688 0.0019387862412259
9.45066785789095e-05 0.000146319784107618 0.000374689319869503 0.0031875348649919 0.017104858532548 0.0873022899031639 0.587328672409058 0.840985357761383 0.845951735973358 0.469888895750046 0.251007378101349 0.324837923049927 0.570887923240662 0.760342240333557 0.685455739498138 0.208806023001671 0.0634349137544632 0.0401618853211403 0.0263299513608217 0.00962832570075989 0.00730836857110262 0.00628524180501699 0.00441361358389258 0.00366381672210991 0.00373662589117885 0.00329617946408689 0.00282884063199162 0.00264435401186347 0.00223053991794586 0.00198982935398817 0.001929423189722 0.0018617962487042 0.00191802042536438 0.00186496740207076 0.00159055925905704
6.9784524384886e-05 0.000101233927125577 0.000218043918721378 0.00139566382858902 0.0100300367921591 0.052731491625309 0.24368816614151 0.761365532875061 0.863986372947693 0.803908705711365 0.360441774129868 0.262467950582504 0.65731418132782 0.756416618824005 0.578170299530029 0.403505146503448 0.0549337267875671 0.0400068983435631 0.0194001905620098 0.00939320400357246 0.00748233962804079 0.00521101383492351 0.0041944682598114 0.00423376401886344 0.00378559925593436 0.00295901601202786 0.00259695365093648 0.00258163432590663 0.00233692559413612 0.00200051185674965 0.00192035012878478 0.00185893208254129 0.00169260008260608 0.00163072114810348 0.00161690614186227
5.07550321344752e-05 8.31468641990796e-05 0.000200633134227246 0.000782897928729653 0.0201377607882023 0.0476416610181332 0.304146528244019 0.81492006778717 0.836658954620361 0.643006980419159 0.233808323740959 0.103943690657616 0.56769722700119 0.744567930698395 0.606971025466919 0.286953061819077 0.069357194006443 0.0373561047017574 0.0186536479741335 0.0111601008102298 0.0112071633338928 0.00668590702116489 0.00532132154330611 0.00479662232100964 0.00424817949533463 0.00325256609357893 0.00280813011340797 0.00224593468010426 0.00213224953040481 0.00233877869322896 0.00220100278966129 0.00188144540879875 0.00171405414585024 0.00163578719366342 0.00151139590889215
4.27476443292107e-05 6.22404695604928e-05 0.000424750032834709 0.00310201570391655 0.0239349696785212 0.155852243304253 0.499074339866638 0.824094235897064 0.710913836956024 0.387357473373413 0.200639471411705 0.0891087427735329 0.250102162361145 0.29340136051178 0.379717141389847 0.0586705282330513 0.0681275874376297 0.0327828042209148 0.0187703818082809 0.0178248379379511 0.0170555356889963 0.0098804235458374 0.0055274860933423 0.00332622160203755 0.00333039881661534 0.00314532639458776 0.00268884585238993 0.00225447537377477 0.00210921815596521 0.00180582352913916 0.00213240482844412 0.00200632447376847 0.00186837674118578 0.00165164691861719 0.00153013854287565
3.44584223057609e-05 8.51534423418343e-05 0.000567520211916417 0.00373961008153856 0.0364625565707684 0.48564487695694 0.794050216674805 0.820984899997711 0.875477612018585 0.793488800525665 0.222448363900185 0.166456863284111 0.0898837819695473 0.101302683353424 0.0705647543072701 0.0357116796076298 0.0406173281371593 0.0316672623157501 0.0261047631502151 0.0225188881158829 0.0245069619268179 0.0181643031537533 0.00692991772666574 0.00641017779707909 0.00442212633788586 0.00319303525611758 0.00272698467597365 0.00241944845765829 0.0021008406765759 0.0018535868730396 0.00173935515340418 0.00189196271821856 0.00177300453651696 0.00157388672232628 0.00164552498608828
2.79387259070063e-05 6.7779459641315e-05 0.000324845314025879 0.00201067188754678 0.0279296673834324 0.373206943273544 0.760173141956329 0.849408388137817 0.917580008506775 0.798490524291992 0.587366878986359 0.284577250480652 0.357985615730286 0.296031296253204 0.104765698313713 0.0349618531763554 0.0341290943324566 0.0305880643427372 0.0212397985160351 0.0190735962241888 0.0192863661795855 0.00832484755665064 0.00745351240038872 0.00483345333486795 0.00346674444153905 0.00301550421863794 0.00292451959103346 0.00253631314262748 0.00229482538998127 0.00204070867039263 0.00190696900244802 0.0017079416429624 0.00164613325614482 0.00149349798448384 0.00157406844664365
0.000024066872356 4.50773222837597e-05 0.000499088899232447 0.00545540358871222 0.0245421882718801 0.218406364321709 0.454883903264999 0.840130984783173 0.826314628124237 0.616978168487549 0.740685164928436 0.203214719891548 0.403665006160736 0.384046673774719 0.0945589691400528 0.0378697589039803 0.0309025403112173 0.0202278736978769 0.020300529897213 0.015878951177001 0.00769315985962749 0.00592978345230222 0.00752702448517084 0.00586030352860689 0.00372530054301023 0.00325827463530004 0.00284672901034355 0.00297838519327343 0.00261991005390882 0.00221841759048402 0.00188640924170613 0.00180594471748918 0.00172716844826937 0.00153876002877951 0.00147308374289423
1.82064231921686e-05 4.3575455492828e-05 0.000173474501934834 0.0021255521569401 0.0376915261149406 0.154924795031548 0.340246081352234 0.833214163780212 0.715491414070129 0.342919528484344 0.194081783294678 0.205301389098167 0.82163941860199 0.722907185554504 0.265155911445618 0.0375920310616493 0.0269061420112848 0.0176130123436451 0.0151575859636068 0.0208144765347242 0.0089377798140049 0.00513263419270515 0.00411589909344912 0.00487348763272166 0.00438724551349878 0.00354418810456991 0.00264532677829266 0.00245125778019428 0.00238879397511482 0.00210415408946574 0.00180196424480528 0.00164758553728461 0.0014741865452379 0.00148247566539794 0.00147491390816867
1.36537755679456e-05 2.29963898163987e-05 7.15644200681709e-05 0.00359909259714186 0.0465186350047588 0.108491398394108 0.45393443107605 0.849954009056091 0.766635835170746 0.54418420791626 0.211897701025009 0.703446805477142 0.890687465667725 0.721534132957458 0.28842031955719 0.0668802261352539 0.0281619746237993 0.0184501577168703 0.0156774185597897 0.0165110249072313 0.00918220169842243 0.00579313980415463 0.0035716169513762 0.00341920671053231 0.00336706824600697 0.00298047089017928 0.0026945557910949 0.00235050870105624 0.00214438489638269 0.00242333649657667 0.00204298575408757 0.00190069386735559 0.00154183898121119 0.00130049476865679 0.00121241284068674
1.23384006656124e-05 1.90738246601541e-05 4.34512658102904e-05 0.00188756687566638 0.0325506441295147 0.113456845283508 0.510015487670898 0.847804248332977 0.8681480884552 0.743290185928345 0.411340892314911 0.741208910942078 0.886179268360138 0.458321988582611 0.0959199890494347 0.0409768521785736 0.0299294274300337 0.0210822317749262 0.0163818541914225 0.012387540191412 0.00989740528166294 0.00463910726830363 0.00390540156513453 0.00374787836335599 0.00299104489386082 0.00272336741909385 0.00268738716840744 0.00233307178132236 0.00223664357326925 0.00190223217941821 0.00191719189751893 0.00165752798784524 0.00144338491372764 0.00142227218020707 0.00135459890589118
1.04411374195479e-05 1.61595944518922e-05 3.54927797161508e-05 0.00303474278189242 0.0254930909723043 0.0653732419013977 0.221111223101616 0.77875804901123 0.850367665290833 0.688271582126617 0.580444872379303 0.756380915641785 0.857637107372284 0.788673937320709 0.224161028862 0.0418764427304268 0.028176249936223 0.0199442319571972 0.0141981989145279 0.0102601489052176 0.0087492736056447 0.00504377065226436 0.00352568295784295 0.00333120673894882 0.00302427518181503 0.0025607910938561 0.00227446341887116 0.00208952720277011 0.0019173885229975 0.00185796397272497 0.00171193259302527 0.00157314958050847 0.00139832752756774 0.0013478621840477 0.00122519209980965
1.07588502942235e-05 1.85217922989978e-05 3.29781069012824e-05 0.000733268214389682 0.019237233325839 0.0549471750855446 0.0851976796984673 0.697016954421997 0.846351325511932 0.71325147151947 0.78943920135498 0.889740169048309 0.851146340370178 0.649973928928375 0.219400718808174 0.0417550541460514 0.030764602124691 0.0194537807255983 0.0138772204518318 0.0105423387140036 0.00839442573487759 0.00468406686559319 0.00396713288500905 0.0030320193618536 0.00266475207172334 0.00257981056347489 0.00221271580085158 0.00190435675904155 0.00185748934745789 0.00173732650000602 0.00175568123813719 0.00158938497770578 0.00147283507976681 0.00131591316312551 0.00132141658104956
1.02319008874474e-05 2.08460696740076e-05 3.84845698135905e-05 0.000441372249042615 0.0255899205803871 0.0364961959421635 0.0661256015300751 0.593589901924133 0.768516361713409 0.756515562534332 0.862561404705048 0.910140931606293 0.878584980964661 0.804908394813538 0.186966896057129 0.0483916476368904 0.0297815054655075 0.0151957916095853 0.0126211140304804 0.0140397856011987 0.0104985004290938 0.0045498781837523 0.00346259563229978 0.00290916906669736 0.00264119450002909 0.00226859445683658 0.00196612253785133 0.00180337822530419 0.00164490146562457 0.00162338616792113 0.00158670055679977 0.00162991171237081 0.00148651306517422 0.00121450342703611 0.00121401564683765
1.24506805150304e-05 2.42095738940407e-05 5.35743747605011e-05 0.000154529625433497 0.00569985155016184 0.0105610089376569 0.110152803361416 0.523803472518921 0.601898312568665 0.811038792133331 0.891527056694031 0.877766788005829 0.81257826089859 0.379878103733063 0.129952356219292 0.0333292372524738 0.0233938936144114 0.0166507866233587 0.0137244705110788 0.0122210523113608 0.00998158939182758 0.00409248098731041 0.00330246449448168 0.00265818205662072 0.00208577048033476 0.0017004661494866 0.00163442885968834 0.00160608324222267 0.00150333647616208 0.00161521299742162 0.00161068141460419 0.00144223542883992 0.00134559418074787 0.00125479768030345 0.00120758230332285
