data/climate_estimation/maxent_output/Bomarea_boliviensis.asc
NCOLS 41 
NROWS 159 
XLLCORNER -68.1666666666667 
YLLCORNER -29.5 
CELLSIZE 0.0833333333333335 
NODATA_value -3.4e+38 
[rows 105 to 125 of 159, columns 0 to 40 of 41]
0.449950069189072 0.405688941478729 0.417349278926849 0.488851726055145 0.51783287525177 0.492254376411438 0.45105192065239 0.596445083618164 0.56748378276825 0.531176805496216 0.649282157421112 0.635050773620605 0.588237941265106 0.693555653095245 0.746098637580872 0.782056331634521 0.735876321792603 0.865230321884155 0.772141337394714 0.853137135505676 0.822572350502014 0.896704316139221 0.918424844741821 0.959897100925446 0.982844531536102 0.98422908782959 0.971807599067688 0.979125201702118 0.998644828796387 0.9740110039711 0.58347088098526 0.381344169378281 0.333946228027344 0.387804836034775 0.653749883174896 0.297916173934937 0.250133663415909 0.217678964138031 0.235492572188377 0.326522350311279 0.25618788599968
0.445339620113373 0.42838042974472 0.551376700401306 0.433011829853058 0.480597496032715 0.479065090417862 0.453693360090256 0.676052033901215 0.560725569725037 0.644443929195404 0.69249415397644 0.696674108505249 0.587122559547424 0.777374386787415 0.765629708766937 0.829074203968048 0.731911897659302 0.804345667362213 0.495040148496628 0.857207179069519 0.881926476955414 0.924502491950989 0.851101934909821 0.958592057228088 0.980611264705658 0.982435822486877 0.984642922878265 0.993220925331116 0.996131181716919 0.991953730583191 0.777521431446075 0.524541676044464 0.330515325069427 0.34663912653923 0.764841914176941 0.385151594877243 0.225439041852951 0.205422356724739 0.229633972048759 0.243814215064049 0.200550824403763
0.443804442882538 0.468784898519516 0.456716239452362 0.383070528507233 0.548463106155396 0.483095675706863 0.56473833322525 0.676803588867188 0.545902609825134 0.704835414886475 0.67687714099884 0.712781369686127 0.788713276386261 0.767630338668823 0.80462247133255 0.812810003757477 0.809743285179138 0.808587372303009 0.721617817878723 0.847757816314697 0.870893836021423 0.920203387737274 0.939655780792236 0.966265797615051 0.972214341163635 0.980003356933594 0.981405913829803 0.980596363544464 0.986030399799347 0.963931679725647 0.947432816028595 0.690606474876404 0.326894164085388 0.374886333942413 0.753428280353546 0.400308430194855 0.462676405906677 0.304059416055679 0.0858285054564476 0.103558979928493 0.271156460046768
0.245363041758537 0.330963939428329 0.492842704057693 0.442570447921753 0.548143744468689 0.573545694351196 0.431240797042847 0.611834943294525 0.553336977958679 0.715641260147095 0.722619950771332 0.738506436347961 0.784073293209076 0.772784113883972 0.804261565208435 0.811117887496948 0.848482489585876 0.83773672580719 0.871714532375336 0.889124572277069 0.892793357372284 0.93393748998642 0.933002591133118 0.947220265865326 0.957443118095398 0.971027731895447 0.970513761043549 0.988503098487854 0.98805958032608 0.9704509973526 0.839101672172546 0.53120368719101 0.352209836244583 0.387749403715134 0.420795023441315 0.465825438499451 0.880871117115021 0.385620176792145 0.0934032201766968 0.0812813192605972 0.0697671175003052
0.320460647344589 0.46286615729332 0.343134969472885 0.444322109222412 0.593968570232391 0.618327379226685 0.432452291250229 0.606750309467316 0.55221039056778 0.726015329360962 0.683038115501404 0.753378033638 0.783105432987213 0.760275900363922 0.824197709560394 0.822358012199402 0.829011917114258 0.797825515270233 0.867044746875763 0.881457030773163 0.920039117336273 0.89966207742691 0.906459271907806 0.929843902587891 0.96110075712204 0.952621698379517 0.970846831798553 0.987355530261993 0.994013428688049 0.946437954902649 0.767650127410889 0.469139128923416 0.368586391210556 0.51063472032547 0.456727236509323 0.962172627449036 0.871278405189514 0.355648159980774 0.0843948423862457 0.0641641467809677 0.0528770945966244
0.299503654241562 0.251609891653061 0.329690158367157 0.352458983659744 0.401899605989456 0.577690958976746 0.607054591178894 0.52889496088028 0.621889114379883 0.719779074192047 0.690415024757385 0.754318177700043 0.77298504114151 0.761500656604767 0.813894331455231 0.807871997356415 0.83186286687851 0.812929213047028 0.883814036846161 0.890540897846222 0.863132119178772 0.884741067886353 0.874812364578247 0.874643683433533 0.951223373413086 0.972128570079803 0.977247834205627 0.984184920787811 0.987003684043884 0.940099060535431 0.653766691684723 0.483655154705048 0.444871425628662 0.630340278148651 0.728061854839325 0.976286888122559 0.89276921749115 0.354784786701202 0.0744172185659409 0.0650343969464302 0.0560345277190208
0.280104547739029 0.412795305252075 0.217509761452675 0.183694288134575 0.304577052593231 0.632563889026642 0.465630114078522 0.560813367366791 0.660736382007599 0.640148818492889 0.677646517753601 0.726413547992706 0.717536449432373 0.765625894069672 0.795065820217133 0.796479403972626 0.813693523406982 0.84528911113739 0.768561184406281 0.90344101190567 0.858971476554871 0.874143779277802 0.913383901119232 0.84393697977066 0.931734442710876 0.956410527229309 0.967787802219391 0.976604163646698 0.984044015407562 0.967700481414795 0.799480438232422 0.50626015663147 0.61353999376297 0.969120442867279 0.93337607383728 0.919552505016327 0.926548182964325 0.172573804855347 0.0708734691143036 0.063898466527462 0.0577696859836578
0.372403532266617 0.238745331764221 0.338856607675552 0.260576695203781 0.563775658607483 0.442406564950943 0.463501006364822 0.547571837902069 0.581925213336945 0.354999095201492 0.696177363395691 0.652828752994537 0.73292201757431 0.675707459449768 0.74016273021698 0.81028413772583 0.820173323154449 0.853675961494446 0.88351047039032 0.822841227054596 0.852271258831024 0.891644954681396 0.912190854549408 0.806040704250336 0.889110863208771 0.888311326503754 0.959825813770294 0.972794711589813 0.98586094379425 0.915019333362579 0.809594213962555 0.78410017490387 0.863898277282715 0.983725011348724 0.923275768756866 0.898928165435791 0.907845735549927 0.160318553447723 0.0879181399941444 0.0694241970777512 0.0606614127755165
0.315509796142578 0.274607717990875 0.421820104122162 0.34952574968338 0.405900299549103 0.465298533439636 0.571171045303345 0.465233027935028 0.569762408733368 0.511044323444366 0.591636061668396 0.638591766357422 0.750561773777008 0.651674389839172 0.782959818840027 0.816100776195526 0.803745567798615 0.840133965015411 0.81540709733963 0.827082931995392 0.87080305814743 0.900151431560516 0.885123014450073 0.841642439365387 0.772817313671112 0.772240340709686 0.913970768451691 0.934917211532593 0.967160165309906 0.800370931625366 0.934145152568817 0.898666381835938 0.934528172016144 0.891376197338104 0.731576085090637 0.758517384529114 0.602714419364929 0.159674510359764 0.098438024520874 0.0749125704169273 0.0657113194465637
0.254629105329514 0.230799347162247 0.356946676969528 0.557086884975433 0.561225473880768 0.437492936849594 0.440380722284317 0.50871068239212 0.69465434551239 0.708831191062927 0.722724735736847 0.646457135677338 0.585091650485992 0.525277316570282 0.777921497821808 0.670664191246033 0.778803467750549 0.887473404407501 0.850746333599091 0.874055922031403 0.809504389762878 0.838600277900696 0.842872142791748 0.92085212469101 0.900235891342163 0.81588339805603 0.787666320800781 0.89654153585434 0.967199802398682 0.834896802902222 0.988863110542297 0.961605548858643 0.880428910255432 0.84376460313797 0.89987850189209 0.566431939601898 0.319910943508148 0.12567575275898 0.208717748522758 0.0783875212073326 0.0664780363440514
0.203738659620285 0.317290335893631 0.328701317310333 0.435015857219696 0.569828629493713 0.478173136711121 0.503077030181885 0.670841455459595 0.638051569461823 0.720789194107056 0.69258439540863 0.680987238883972 0.473519682884216 0.546379923820496 0.635539293289185 0.682159304618835 0.653407871723175 0.860112905502319 0.808685421943665 0.805922746658325 0.926018714904785 0.844386219978333 0.859449803829193 0.936971127986908 0.947665393352509 0.81572425365448 0.744618594646454 0.780532240867615 0.957579851150513 0.82592099905014 0.993963599205017 0.960182070732117 0.871933281421661 0.915503680706024 0.85856020450592 0.47903111577034 0.316399842500687 0.269482493400574 0.136260509490967 0.22560653090477 0.0795451924204826
0.233871161937714 0.354720413684845 0.438810646533966 0.47629314661026 0.507138669490814 0.547103404998779 0.596914649009705 0.61047625541687 0.577218890190125 0.713386118412018 0.704506754875183 0.704033195972443 0.478751987218857 0.545267045497894 0.352281451225281 0.46068799495697 0.690034627914429 0.797609388828278 0.750308215618134 0.940872848033905 0.94978928565979 0.848365604877472 0.891348779201508 0.98053777217865 0.988079607486725 0.895966768264771 0.719854414463043 0.760072529315948 0.886963427066803 0.851473271846771 0.990760862827301 0.899796903133392 0.890579402446747 0.728852033615112 0.484368056058884 0.436430096626282 0.315729945898056 0.329636514186859 0.40628045797348 0.58944970369339 0.223017618060112
0.285487830638885 0.464693248271942 0.370642691850662 0.412899672985077 0.409490197896957 0.489987045526505 0.533164322376251 0.582788825035095 0.603862583637238 0.706748127937317 0.718571066856384 0.548365592956543 0.523776173591614 0.559181690216064 0.564079403877258 0.618876993656158 0.691268920898438 0.785920679569244 0.723343849182129 0.931347966194153 0.95688533782959 0.945330917835236 0.972434461116791 0.973699569702148 0.986914157867432 0.866013407707214 0.759203314781189 0.779661059379578 0.876477897167206 0.971478164196014 0.991955876350403 0.786893606185913 0.715471029281616 0.383229374885559 0.370827168226242 0.328781455755234 0.324712693691254 0.363274723291397 0.501326501369476 0.815284669399261 0.267080515623093
0.297277927398682 0.275601148605347 0.367676734924316 0.395294576883316 0.452020317316055 0.411756455898285 0.496811330318451 0.581219255924225 0.589311301708221 0.702044427394867 0.720764338970184 0.7213174700737 0.670940399169922 0.585940539836884 0.576073348522186 0.612155675888062 0.696076214313507 0.777400314807892 0.758205950260162 0.865542709827423 0.930822193622589 0.959333896636963 0.974617838859558 0.716330468654633 0.956149995326996 0.960205972194672 0.793420612812042 0.812748908996582 0.972181499004364 0.999023139476776 0.987678349018097 0.636311948299408 0.422858029603958 0.377923607826233 0.314829707145691 0.31537589430809 0.319352060556412 0.35013684630394 0.453419715166092 0.757850766181946 0.122899614274502
0.290561705827713 0.365229099988937 0.469491422176361 0.318530052900314 0.431720018386841 0.520526587963104 0.486539453268051 0.596610605716705 0.608181059360504 0.607758402824402 0.687472403049469 0.744486153125763 0.682444334030151 0.780001521110535 0.705334305763245 0.682150483131409 0.752126097679138 0.816360771656036 0.795528948307037 0.77705705165863 0.848183572292328 0.916474282741547 0.897126317024231 0.958326518535614 0.960614025592804 0.987441420555115 0.851022601127625 0.918126702308655 0.943579137325287 0.99920529127121 0.995715916156769 0.580527782440186 0.424197494983673 0.343991935253143 0.290921211242676 0.279491364955902 0.319729834794998 0.511457741260529 0.460549592971802 0.215002492070198 0.0804792419075966
0.208652943372726 0.388117104768753 0.362044632434845 0.35470986366272 0.351854413747787 0.4858238697052 0.494379341602325 0.540437579154968 0.542127072811127 0.599458456039429 0.71293032169342 0.781798481941223 0.570821285247803 0.649083197116852 0.725138187408447 0.700403332710266 0.791111648082733 0.8469198346138 0.847875833511353 0.753705620765686 0.884316921234131 0.856300592422485 0.806318640708923 0.987962365150452 0.984967827796936 0.951852798461914 0.939797222614288 0.944156229496002 0.960725545883179 0.99909108877182 0.985539972782135 0.638624310493469 0.485712021589279 0.306710809469223 0.272305458784103 0.255493640899658 0.287173420190811 0.654867053031921 0.219354018568993 0.137845411896706 0.0713959336280823
0.214958399534225 0.28884094953537 0.326751738786697 0.297683298587799 0.357215940952301 0.484494388103485 0.539580643177032 0.454562902450562 0.566995322704315 0.572820782661438 0.736126244068146 0.775153338909149 0.72040331363678 0.306674540042877 0.758646786212921 0.83641505241394 0.814217269420624 0.88657146692276 0.875096201896667 0.84079384803772 0.893554925918579 0.790030121803284 0.978826522827148 0.987361967563629 0.955307722091675 0.943386554718018 0.936067819595337 0.896854341030121 0.985749840736389 0.999500870704651 0.989420831203461 0.603093028068542 0.437192559242249 0.260689616203308 0.218095943331718 0.190850704908371 0.277600586414337 0.301565825939178 0.131417781114578 0.217218682169914 0.0779530331492424
0.215754926204681 0.315848559141159 0.190654590725899 0.323882192373276 0.379473745822906 0.503803789615631 0.602857351303101 0.531131207942963 0.592573821544647 0.568183720111847 0.76804107427597 0.769942760467529 0.617919027805328 0.338853180408478 0.793705582618713 0.851889729499817 0.928230822086334 0.940525054931641 0.953480422496796 0.885056018829346 0.926557064056396 0.848347187042236 0.98178231716156 0.989160597324371 0.992939054965973 0.874059617519379 0.932178974151611 0.938331604003906 0.998747110366821 0.999284327030182 0.975130796432495 0.573815107345581 0.377156794071198 0.190315887331963 0.157989948987961 0.138871967792511 0.123563006520271 0.119675450026989 0.090664878487587 0.101620592176914 0.0554801113903522
0.239465296268463 0.227254539728165 0.20840035378933 0.268401920795441 0.427950769662857 0.557579040527344 0.6166170835495 0.618372678756714 0.684902906417847 0.647134363651276 0.759811997413635 0.785235166549683 0.522878348827362 0.34416139125824 0.856726884841919 0.850948095321655 0.885383248329163 0.943070471286774 0.906259596347809 0.899379074573517 0.860485315322876 0.983738780021667 0.941236317157745 0.988870799541473 0.987743139266968 0.915877342224121 0.951444089412689 0.956501424312592 0.999155700206757 0.996926307678223 0.959474205970764 0.344070971012115 0.219161093235016 0.137526407837868 0.102288022637367 0.11024172604084 0.0955088883638382 0.0670679435133934 0.0673402324318886 0.0486881621181965 0.0399982482194901
0.205967232584953 0.256802409887314 0.226039096713066 0.361915677785873 0.429788678884506 0.509564280509949 0.54460996389389 0.589784264564514 0.638652920722961 0.756712257862091 0.763134598731995 0.730267584323883 0.437842577695847 0.66066175699234 0.847232758998871 0.843718826770782 0.890021443367004 0.856367588043213 0.833545625209808 0.84859174489975 0.956756353378296 0.891718506813049 0.91226327419281 0.99092036485672 0.945179641246796 0.848402261734009 0.906452834606171 0.964065849781036 0.997157216072083 0.985643982887268 0.983602464199066 0.877919971942902 0.295297265052795 0.0497312694787979 0.0793036296963692 0.0690752118825912 0.0831131786108017 0.0423255488276482 0.0459694676101208 0.0366572476923466 0.0361271351575851
0.17503234744072 0.151492699980736 0.245953261852264 0.34953048825264 0.343463838100433 0.495503425598145 0.615801930427551 0.672996759414673 0.644685029983521 0.622436165809631 0.694048821926117 0.754575073719025 0.748280584812164 0.817272543907166 0.847759246826172 0.876341462135315 0.942283928394318 0.903190732002258 0.737266421318054 0.889004409313202 0.958537757396698 0.870513141155243 0.876919507980347 0.987945675849915 0.922256410121918 0.850933730602264 0.93176394701004 0.998865306377411 0.999476134777069 0.991583406925201 0.969648122787476 0.274823069572449 0.088206373155117 0.0528068020939827 0.0318365395069122 0.0439264699816704 0.0443424731492996 0.0264614392071962 0.0292617380619049 0.0294074434787035 0.0302431900054216
