data/climate_estimation/maxent_output/Bomarea_crassifolia.asc
NCOLS 167 
NROWS 224 
XLLCORNER -79.75 
YLLCORNER -10.8333333333333 
CELLSIZE 0.0833333333333334 
NODATA_value -3.4e+38 
[rows 57 to 75 of 224, columns 84 to 125 of 167]
0.000338371872203425 0.000260039640124887 0.000275936879916117 0.000230215620831586 0.0002338014455745 0.000255184393608943 0.000262626708718017 0.000267494498984888 0.000258011888945475 0.000270458374870941 0.000304957444313914 0.000332631752826273 0.000343409919878468 0.000424670346546918 0.000413326371926814 0.000467329635284841 0.000505798729136586 0.00059979862999171 0.000642482307739556 0.000697942392434925 0.000761359406169504 0.000944359751883894 0.00103562721051276 0.0010944438399747 0.00136552471667528 0.00156152434647083 0.00172092777211219 0.00197085132822394 0.00226010358892381 0.00197245785966516 0.00219574896618724 0.00274362228810787 0.00290663307532668 0.00288100726902485 0.00310440571047366 0.00339293363504112 0.00345470546744764 0.00341329025104642 0.0036548781208694 0.00378009746782482 0.00399988051503897 0.00423601595684886
0.000282531313132495 0.000252283207373694 0.000228094053454697 0.00023943223641254 0.000220540867303498 0.000219900073716417 0.000239011336816475 0.000272418226813897 0.000276450213277712 0.00029195993556641 0.000309432012727484 0.000325323519064113 0.000368167413398623 0.000392518879380077 0.000408701773267239 0.000505910604260862 0.000626922701485455 0.00066132313804701 0.000736607995349914 0.000846947077661753 0.000915188633371145 0.000973912712652236 0.00109163019806147 0.00110767339356244 0.00137821061071008 0.00169471325352788 0.00204906170256436 0.00243873288854957 0.00235988898202777 0.00199221586808562 0.00243007554672658 0.00294282287359238 0.00312954233959317 0.00323762209154665 0.0034064098726958 0.00350609258748591 0.00356722204014659 0.00387496966868639 0.00348139414563775 0.00409915018826723 0.00444779917597771 0.00441152928397059
0.000193788044271059 0.000164788289112039 0.000160116789629683 0.000145889294799417 0.000163809600053355 0.000205557094886899 0.000225712181418203 0.000207322736969218 0.000236482155742124 0.000271367956884205 0.000294949859380722 0.000316983496304601 0.000364229403203353 0.000413079047575593 0.000504435680340976 0.00053966511040926 0.000547014060430229 0.000687319610733539 0.000724902900401503 0.000778154993895441 0.000930490321479738 0.000976865994744003 0.00111037318129092 0.00113245588727295 0.00141457724384964 0.00164783233776689 0.00237265601754189 0.00224197213537991 0.00202441005967557 0.00234320480376482 0.00254344427958131 0.00306509947404265 0.00314400531351566 0.00345823657698929 0.00351897347718477 0.00382756837643683 0.00384526117704809 0.00390347698703408 0.00387720670551062 0.00420378101989627 0.00416105147451162 0.00429349718615413
0.000165770426974632 0.000149324332596734 0.000132236644276418 0.00012659645290114 0.000129118736367673 0.000137981376610696 0.000147312588524073 0.000207136632525362 0.000233563550864346 0.000264092173893005 0.000304416404105723 0.000327957706758752 0.000415695802075788 0.000424266851041466 0.000476319459266961 0.00055854773381725 0.00062472908757627 0.000682605023030192 0.000711848319042474 0.00087522913236171 0.00084966141730547 0.000992108951322734 0.00111935124732554 0.00128482689615339 0.00158612220548093 0.00209564343094826 0.00236590253189206 0.00215347250923514 0.00214703963138163 0.00256715016439557 0.0031104008667171 0.00325923203490674 0.00366778625175357 0.00382451084442437 0.00379409478046 0.00393415940925479 0.00390834175050259 0.00414084177464247 0.00413226149976254 0.00440206937491894 0.00415140902623534 0.00421243859454989
0.000136500369990245 0.00012151786359027 0.000115468479634728 0.000113492358650547 0.000123329213238321 0.000130907748825848 0.000141606331453659 0.000159386661835015 0.000198230860405602 0.00023769072140567 0.000342164537869394 0.000365356623660773 0.000432939443271607 0.000478967238450423 0.000578359991777688 0.00061223132070154 0.000693950161803514 0.000702158082276583 0.000860089086927474 0.000933132017962635 0.000993440044112504 0.00114119215868413 0.00131752050947398 0.00154076050966978 0.00182061735540628 0.00225080223754048 0.00235978164710104 0.002448461484164 0.00235940283164382 0.00310251046903431 0.00352557469159365 0.00366608938202262 0.00363983027637005 0.00374484667554498 0.00384855922311544 0.00388920935802162 0.00396906305104494 0.00405304925516248 0.00399951357394457 0.00396133447065949 0.00514234742149711 0.00509924534708261
0.00010733243834693 0.000104954073322006 0.000103157886769623 0.000114415939606261 0.000130339176394045 0.000148372782859951 0.000162156895385124 0.000184014308615588 0.000209653284400702 0.000244089373154566 0.000379763951059431 0.000427696999395266 0.000458044232800603 0.000521139125339687 0.000568070681765676 0.000685364881064743 0.000736079819034785 0.000812062295153737 0.000965221610385925 0.00118325115181506 0.00122068054042757 0.00143420381937176 0.00170595303643495 0.00203033909201622 0.0022098827175796 0.00261352979578078 0.00277411402203143 0.00262436969205737 0.00320661626756191 0.00347423739731312 0.00354956206865609 0.0039341626688838 0.00390839343890548 0.0039393026381731 0.00432229926809669 0.00431946059688926 0.00440433900803328 0.0046504708006978 0.00400356762111187 0.00483799679204822 0.00553964963182807 0.00579894473776221
0.000108241598354653 9.88407118711621e-05 0.000100366472906899 0.00011510089825606 0.00013278954429552 0.000142177785164677 0.000170636034454219 0.000207513890927657 0.000225402443902567 0.000275931815849617 0.000310959585476667 0.000348849804140627 0.000467619101982564 0.000541883171536028 0.000612737087067217 0.000647347827907652 0.000720704847481102 0.000906884961295873 0.00107682927045971 0.00129674002528191 0.00170130387414247 0.0018362810369581 0.00203048693947494 0.00222032237797976 0.00237271166406572 0.00257629808038473 0.00278683984652162 0.00281524984166026 0.00347552937455475 0.00349787599407136 0.00381837435998023 0.0036330500151962 0.00396133633330464 0.00416623987257481 0.00421877205371857 0.00439932802692056 0.00448191678151488 0.00426737032830715 0.00470132706686854 0.00477460213005543 0.00618813745677471 0.00520534534007311
0.000172806627233513 0.00012718079960905 0.00011540071136551 0.000126114042359404 0.000136175629450008 0.000155764573719352 0.000186726610991172 0.000201248534722254 0.000237743166508153 0.000267599418293685 0.000303560635074973 0.00034788396442309 0.000519626948516816 0.000558393367100507 0.000626701046712697 0.000719758507329971 0.000792432692833245 0.00101218686904758 0.00114569929428399 0.00144224555697292 0.00166002789046615 0.00208396371454 0.00233447621576488 0.00299830595031381 0.00229397160001099 0.00252562994137406 0.00273822131566703 0.00293072359636426 0.003086221171543 0.00340738845989108 0.00377391697838902 0.00387967145070434 0.00437381165102124 0.00426869373768568 0.00434784730896354 0.00477476278319955 0.00431194202974439 0.00460069580003619 0.00478100497275591 0.00532677909359336 0.00563002564013004 0.00507365074008703
0.000144580815685913 0.000129994281451218 0.000142041011713445 0.000149637315189466 0.000153561908518896 0.000175979395862669 0.000190581529750489 0.00022007011284586 0.000234822800848633 0.000293813616735861 0.000323624379234388 0.000400886754505336 0.000448028586106375 0.000675296236295253 0.00078225857578218 0.000820566841866821 0.00091024924768135 0.00103796250186861 0.00122932007070631 0.00145338929723948 0.00177685217931867 0.00199619377963245 0.00211421749554574 0.00260878261178732 0.00224427576176822 0.00268883421085775 0.00288150575943291 0.00308447796851397 0.0033804033882916 0.00336851458996534 0.00366322137415409 0.00381081691011786 0.00393371190875769 0.0043902974575758 0.00428099976852536 0.00445984024554491 0.00504439976066351 0.00499720638617873 0.00524854427203536 0.00555318733677268 0.00556997628882527 0.00527330953627825
0.000184936841833405 0.000170433195307851 0.000154938112245873 0.000160669951583259 0.000188948499271646 0.00020373283769004 0.000215953201404773 0.000247085961746052 0.00025476302835159 0.000312152318656445 0.000394130998756737 0.000432944827480242 0.000505589239764959 0.000713685527443886 0.000814377679489553 0.000962892896495759 0.00102564471308142 0.00123916892334819 0.00139075517654419 0.00166325434111059 0.00188475183676928 0.00198070891201496 0.00214135693386197 0.00246621132828295 0.00244952272623777 0.00261165131814778 0.00274794176220894 0.00314050144515932 0.00336692784912884 0.00384622509591281 0.00395810790359974 0.00381971313618124 0.00370636745356023 0.00388580420985818 0.004333829972893 0.00539886904880404 0.00526947341859341 0.00551717774942517 0.00550273386761546 0.005367461591959 0.00528036709874868 0.00554494420066476
0.000239906672504731 0.000192418490769342 0.000181528725079261 0.000181581868673675 0.00018793910567183 0.000212541548535228 0.000240181805565953 0.000285916903521866 0.000281194515991956 0.000374377006664872 0.000378173659555614 0.000475514796562493 0.000545467773918062 0.000749312399420887 0.000850114156492054 0.00101600447669625 0.00129135430324823 0.0015560791362077 0.00157028948888183 0.00178679765667766 0.00188068544957787 0.00211683986708522 0.00228021526709199 0.00243918620981276 0.00276309158653021 0.00301244552247226 0.00351648801006377 0.00337498751468956 0.00377116864547133 0.00407387129962444 0.00427675293758512 0.00429065432399511 0.00416679354384542 0.00455519370734692 0.00498868944123387 0.0054305181838572 0.00614376598969102 0.00580904958769679 0.00582276983186603 0.00584075273945928 0.0054701748304069 0.00551993120461702
0.000289377640001476 0.000251976365689188 0.000227046781219542 0.000207111501367763 0.000201854069018736 0.000235934669035487 0.000284868641756475 0.000320464983815327 0.000358153483830392 0.000413020752603188 0.000487631070427597 0.000546823197510093 0.000627697387244552 0.000860458938404918 0.000993866357021034 0.0011275839060545 0.00169108051341027 0.00203615636564791 0.00212926906533539 0.00251777283847332 0.00228635896928608 0.00216603255830705 0.00246833614073694 0.00269958260469139 0.00294319679960608 0.00333307101391256 0.00336680538021028 0.00412796344608068 0.00399482157081366 0.00420674635097384 0.00423775613307953 0.00426617776975036 0.00420714216306806 0.00484266690909863 0.00544560793787241 0.00612389156594872 0.00592207768931985 0.00600920291617513 0.00567598501220345 0.00627117510885 0.00561668444424868 0.00529487943276763
0.000378389260731637 0.000338070443831384 0.000325455708662048 0.000323177286190912 0.000320752296829596 0.000301066786050797 0.000324720836943015 0.000362885475624353 0.000413020752603188 0.000485843454953283 0.000577629485633224 0.00064055243274197 0.000904761080164462 0.00100852770265192 0.00121203123126179 0.00135016068816185 0.00180385797284544 0.00203964253887534 0.00277460180222988 0.00264248112216592 0.00345586822368205 0.00263516884297132 0.00278013339266181 0.00295153050683439 0.00327459163963795 0.00353120150975883 0.00366313429549336 0.00360598089173436 0.00390637433156371 0.00425647012889385 0.0039434633217752 0.00433154264464974 0.00492561468854547 0.00539887230843306 0.00576450675725937 0.00578634953126311 0.00557094672694802 0.00574973365291953 0.00633610785007477 0.00609071599319577 0.00571415014564991 0.00577688775956631
0.000486437435029075 0.000479262758744881 0.000381234218366444 0.000397842435631901 0.000412107910960913 0.000394809059798717 0.000404305232223123 0.000407684507081285 0.000542017165571451 0.00064851000206545 0.00065192423062399 0.000754233566112816 0.00113151909317821 0.00130861415527761 0.0013536533806473 0.00164877995848656 0.00225070468150079 0.00238330755382776 0.00254891323857009 0.00228824815712869 0.00236970628611743 0.00254743662662804 0.00298227998428047 0.00293026468716562 0.00325117586180568 0.0037172578740865 0.00383256329223514 0.00420356029644608 0.00430081179365516 0.00456051016226411 0.00531606515869498 0.00509076518937945 0.00575721077620983 0.00613661156967282 0.00593086518347263 0.00519507192075253 0.00627901777625084 0.00612591113895178 0.00612518843263388 0.00606268877163529 0.00615277793258429 0.00651451153680682
0.000588061637245119 0.000583758170250803 0.000596206926275045 0.00050570850726217 0.000444893579697236 0.000488948775455356 0.000506984943058342 0.000630535243544728 0.000751132378354669 0.000796987675130367 0.00105952390003949 0.00111637718509883 0.0013544742250815 0.00160367682110518 0.00155873724725097 0.00179739529266953 0.00213756272569299 0.00272603612393141 0.00238898070529103 0.00227879267185926 0.00241393246687949 0.00271271006204188 0.00298450351692736 0.00326312170363963 0.00388446450233459 0.0039230240508914 0.00391324749216437 0.00454487465322018 0.00495200976729393 0.00539309065788984 0.00505088362842798 0.00584504054859281 0.00668219104409218 0.00668791681528091 0.0067719747312367 0.00624823989346623 0.00588099239394069 0.00630493182688951 0.00615317141637206 0.00618871720507741 0.00581773044541478 0.00644944934174418
0.000657187774777412 0.00077596987830475 0.000620992039330304 0.00064553675474599 0.000584312016144395 0.0007696378743276 0.000756765308324248 0.000715712201781571 0.000897830992471427 0.000968584849033505 0.00118806154932827 0.00134303094819188 0.00168588501401246 0.00184931966941804 0.00181203347165138 0.0019975476898253 0.00212587276473641 0.0027242770884186 0.00336944265291095 0.00250094966031611 0.00257455999962986 0.00291061471216381 0.00312804873101413 0.00388252316042781 0.00384931173175573 0.00418680161237717 0.00442974921315908 0.0046175979077816 0.00540930218994617 0.00598272867500782 0.00563104823231697 0.00577919650822878 0.00621979078277946 0.00615234207361937 0.00615340936928988 0.00604993617162108 0.00643263850361109 0.00632996344938874 0.00612522149458528 0.00601262925192714 0.00572642078623176 0.00599042745307088
0.000805376213975251 0.000753863423597068 0.000827978132292628 0.000779809430241585 0.00086903030751273 0.000898725760634989 0.000951234949752688 0.00098378153052181 0.00108565960545093 0.00111962936352938 0.00149481440894306 0.00155245547648519 0.00179145508445799 0.00190641859080642 0.00252584577538073 0.00260831392370164 0.00251184008084238 0.00297864968888462 0.00352167664095759 0.00289493636228144 0.00311478856019676 0.00324490619823337 0.0034802972804755 0.00388446100987494 0.0039210612885654 0.00428050849586725 0.00448702229186893 0.00509736593812704 0.0053243525326252 0.00552353588864207 0.00579743226990104 0.00586907705292106 0.00637347064912319 0.00660472409799695 0.00640344526618719 0.00591622851788998 0.00630959076806903 0.0064382329583168 0.0064324764534831 0.00628900667652488 0.00521412258967757 0.00613808631896973
0.000982152763754129 0.00101769145112485 0.00103845493867993 0.0009835259988904 0.000961382349487394 0.00100939464755356 0.00111159507650882 0.00122326833661646 0.00127118127420545 0.00146776076871902 0.00156735116615891 0.00160972459707409 0.0018902838928625 0.00200115912593901 0.0022443865891546 0.0028061259072274 0.0028695638757199 0.00292135565541685 0.0030101106967777 0.00325083476491272 0.00328203500248492 0.003483158769086 0.00397512735798955 0.00414272863417864 0.00436207512393594 0.00457001011818647 0.00503372820094228 0.0051054609939456 0.00508252764120698 0.005398522131145 0.00547079695388675 0.00675906101241708 0.00674255052581429 0.00657375110313296 0.00666921585798264 0.0069680237211287 0.0065790843218565 0.00729287089779973 0.00662031769752502 0.0068449703976512 0.00603013392537832 0.00581955816596746
0.00116382702253759 0.00117162754759192 0.00125380489043891 0.001199766760692 0.00110051804222167 0.00113264704123139 0.00119702005758882 0.00144556607119739 0.00150506210047752 0.00164309667889029 0.00162994069978595 0.00185270444490016 0.00204197294078767 0.00230982201173902 0.00243077310733497 0.00251928181387484 0.00299524329602718 0.00285846530459821 0.00308449799194932 0.00345845939591527 0.00361957121640444 0.00404348177835345 0.00411867490038276 0.00482728518545628 0.00455140601843596 0.00494234031066298 0.00536187924444675 0.00544894672930241 0.00555908260867 0.0061511336825788 0.00644897483289242 0.00740090245380998 0.00740801123902202 0.00741960201412439 0.006791727617383 0.00690175034105778 0.00692817196249962 0.00673524104058743 0.00625618221238256 0.00607407744973898 0.00586756877601147 0.00569317489862442
