data/climate_estimation/maxent_output/Bomarea_dissitifolia.asc
NCOLS 46 
NROWS 130 
XLLCORNER -79.3333333333333 
YLLCORNER -10.8333333333333 
CELLSIZE 0.0833333333333332 
NODATA_value -3.4e+38 
[rows 0 to 18 of 130, columns 0 to 43 of 46]
0.001742322230712 0.0025978044141084 0.00321504357270896 0.00697625568136573 0.019963413476944 0.0436488203704357 0.0389025472104549 0.0329214781522751 0.0149158565327525 0.0181946232914925 0.00891479384154081 0.00576287554576993 0.00951340701431036 0.590433776378632 0.999357938766479 0.99975860118866 0.999555230140686 0.997556209564209 0.738853454589844 0.894522309303284 0.565781652927399 0.0611805431544781 0.0253169611096382 0.0312249511480331 0.028249079361558 0.0213863961398602 0.0186277292668819 0.0148471342399716 0.0113421306014061 0.0108370594680309 0.0108770560473204 0.0112877925857902 0.0113484989851713 0.0120583763346076 0.0125351613387465 0.0120627759024501 0.0116675132885575 0.0107772508636117 0.0106685264036059 0.0102201206609607 0.00903932191431522 0.00875504687428474 0.00821953825652599 0.00840871222317219
0.00215978547930717 0.00288105569779873 0.00503573939204216 0.00806678738445044 0.017805315554142 0.0492276735603809 0.0228185430169106 0.0281470492482185 0.0716179758310318 0.294772058725357 0.0162082947790623 0.0149064036086202 0.0200918428599834 0.9999138712883 0.999792158603668 0.999548852443695 0.998941779136658 0.994512736797333 0.593509912490845 0.687771856784821 0.360969662666321 0.193019106984138 0.0631344839930534 0.0347971618175507 0.0276914704591036 0.0200890451669693 0.0174508541822433 0.0145390843972564 0.0112582817673683 0.0107035916298628 0.0108692143112421 0.0119135621935129 0.0125360703095794 0.0122874472290277 0.0129411714151502 0.0124822072684765 0.0115701649338007 0.0118354745209217 0.0112500172108412 0.0107645792886615 0.0101124662905931 0.0092739537358284 0.00882873591035604 0.00887059140950441
0.00270660035312176 0.00419130455702543 0.00827888865023851 0.0162406992167234 0.0299142654985189 0.0859097540378571 0.0261421203613281 0.0151211721822619 0.143375754356384 0.247088491916656 0.0237321760505438 0.0267186686396599 0.582301914691925 0.999962210655212 0.999826073646545 0.998735129833221 0.994454026222229 0.980766475200653 0.717164635658264 0.17465628683567 0.314962923526764 0.158314272761345 0.0651005432009697 0.0373003333806992 0.0226864609867334 0.0178552530705929 0.0149525050073862 0.0140890730544925 0.0121942246332765 0.011804573237896 0.0118450932204723 0.0123512465506792 0.0126502672210336 0.0135426316410303 0.0135518666356802 0.0130589632317424 0.0122216958552599 0.0120533155277371 0.0113292271271348 0.0110989743843675 0.0107324775308371 0.0099741630256176 0.00992480292916298 0.00930462684482336
0.00304416357539594 0.0050278939306736 0.0105576114729047 0.0293156057596207 0.0708884745836258 0.0620052926242352 0.0341464951634407 0.0217795241624117 0.160309985280037 0.0436280220746994 0.0395470224320889 0.029721200466156 0.999308228492737 0.999966621398926 0.999889612197876 0.999264597892761 0.989111423492432 0.856977760791779 0.441163033246994 0.355197042226791 0.378820538520813 0.152916133403778 0.0690390691161156 0.0299653839319944 0.0199065059423447 0.0164071246981621 0.0137519724667072 0.0125917978584766 0.0161993689835072 0.016067273914814 0.0130763938650489 0.0140283023938537 0.0144800581037998 0.0139961987733841 0.0142211802303791 0.0133795496076345 0.0133622707799077 0.0124903144314885 0.0120117049664259 0.0111202392727137 0.011713252402842 0.0105465119704604 0.0103079499676824 0.00994429644197226
0.00325897638686001 0.00647556781768799 0.0273027494549751 0.102239541709423 0.0748595595359802 0.0601955242455006 0.0523015111684799 0.0347963534295559 0.442771434783936 0.0547349080443382 0.0365981347858906 0.0978314131498337 0.999959766864777 0.999976277351379 0.999260246753693 0.996843874454498 0.986972272396088 0.798418641090393 0.381466418504715 0.661985814571381 0.51462060213089 0.198882520198822 0.0509632080793381 0.0254517607390881 0.0190466847270727 0.0167968813329935 0.0183288045227528 0.0171478483825922 0.016561595723033 0.0173373389989138 0.0181245636194944 0.014398424886167 0.0147175062447786 0.0154080046340823 0.0145692229270935 0.0138825485482812 0.0138920983299613 0.0129715921357274 0.0119531340897083 0.0117694484069943 0.01165836956352 0.010549389757216 0.0102237164974213 0.0102262161672115
0.00333537254482508 0.0107689509168267 0.09620401263237 0.0353470109403133 0.0535978451371193 0.0297612361609936 0.0407530851662159 0.05750697478652 0.129136592149734 0.0679116547107697 0.956734955310822 0.999576151371002 0.999965310096741 0.999975979328156 0.99997752904892 0.989460110664368 0.902660846710205 0.515898585319519 0.570961713790894 0.71127712726593 0.220327764749527 0.0966052412986755 0.0392860844731331 0.0236390512436628 0.0199871491640806 0.0213136821985245 0.0189111810177565 0.0174757149070501 0.016395790502429 0.0181565079838037 0.0184745118021965 0.0149582317098975 0.0160161480307579 0.0158289074897766 0.0146296788007021 0.0137455370277166 0.0134761985391378 0.012596033513546 0.0121348956599832 0.0116311656311154 0.0110994894057512 0.0106105841696262 0.0101365372538567 0.00970381777733564
0.00390213006176054 0.0121979722753167 0.0384915359318256 0.0373268313705921 0.0293812323361635 0.0323868282139301 0.0478715859353542 0.284447699785233 0.590701401233673 0.515349566936493 0.999832391738892 0.99996280670166 0.999977946281433 0.999980092048645 0.999961376190186 0.998818159103394 0.971975803375244 0.504290997982025 0.742009282112122 0.367105454206467 0.422449380159378 0.0689066201448441 0.0339994356036186 0.0252537578344345 0.0203312151134014 0.0221790373325348 0.0196856949478388 0.0183324553072453 0.0184050388634205 0.0188725758343935 0.019628657028079 0.0150620369240642 0.0164165627211332 0.0153158670291305 0.0147736892104149 0.0136095695197582 0.0131715163588524 0.0128086823970079 0.012365497648716 0.0119927050545812 0.0113769378513098 0.0107360668480396 0.0105928955599666 0.00989472959190607
0.00374133046716452 0.00427298387512565 0.0362939424812794 0.0216162968426943 0.0395666658878326 0.0630293563008308 0.174824431538582 0.865822434425354 0.588581919670105 0.994092047214508 0.99949985742569 0.999941527843475 0.999980509281158 0.999976992607117 0.999932587146759 0.997725963592529 0.929534673690796 0.412510603666306 0.223456904292107 0.0781601071357727 0.0784346982836723 0.0455546118319035 0.0274014305323362 0.023466968908906 0.0213510356843472 0.0179949142038822 0.0206517465412617 0.0208150986582041 0.019958658143878 0.0206894110888243 0.0152912847697735 0.016035009175539 0.0151377022266388 0.0147128282114863 0.0140648474916816 0.0133062498643994 0.0124854799360037 0.0119716674089432 0.0121203837916255 0.0117783956229687 0.0113978236913681 0.0108846668154001 0.0105519779026508 0.00971887446939945
0.00224954611621797 0.00371570326387882 0.0193433929234743 0.0538391210138798 0.0514406301081181 0.115280210971832 0.202729374170303 0.766688108444214 0.630545258522034 0.966037690639496 0.998964428901672 0.999935448169708 0.999959170818329 0.999878168106079 0.997883558273315 0.965488255023956 0.80157208442688 0.243129670619965 0.06409652531147 0.0473425313830376 0.0391843244433403 0.0302015542984009 0.0218191463500261 0.0203350409865379 0.0196842588484287 0.0184519160538912 0.018288804218173 0.01730852201581 0.0207897592335939 0.0155889103189111 0.015931187197566 0.0159442517906427 0.015844939276576 0.0146886305883527 0.0137458322569728 0.0131340613588691 0.0130771733820438 0.0125030288472772 0.0122030824422836 0.0114985769614577 0.0113169141113758 0.010863016359508 0.00978220533579588 0.0105759585276246
0.0010646270820871 0.00248025730252266 0.0205560959875584 0.0190208200365305 0.0935018509626389 0.175799518823624 0.473651647567749 0.607019066810608 0.612366378307343 0.931257128715515 0.99925309419632 0.999950230121613 0.999975025653839 0.999966621398926 0.985452592372894 0.522474825382233 0.390376597642899 0.096349686384201 0.0389810130000114 0.033066775649786 0.0278064906597137 0.0254668332636356 0.0187355373054743 0.0178286358714104 0.0180711168795824 0.0169585645198822 0.0176589246839285 0.0171912182122469 0.016144709661603 0.0166380498558283 0.016134325414896 0.0159593615680933 0.0143436519429088 0.0146752456203103 0.0137110678479075 0.0137053765356541 0.0133602237328887 0.012838426977396 0.0117263710126281 0.0116241574287415 0.0110827917233109 0.011492108926177 0.010595572181046 0.0106028523296118
0.000646915170364082 0.0012722744140774 0.0173345152288675 0.0168975125998259 0.179327145218849 0.393368452787399 0.736950874328613 0.685929238796234 0.472413271665573 0.949120223522186 0.99962306022644 0.99997752904892 0.999966979026794 0.998161017894745 0.914098978042603 0.287675678730011 0.196686655282974 0.0514138378202915 0.0221022646874189 0.0239719729870558 0.0250926110893488 0.0243254527449608 0.0170456916093826 0.0163381323218346 0.0169754698872566 0.0163374543190002 0.0166525263339281 0.0161467902362347 0.0165084525942802 0.0156857054680586 0.0155243976041675 0.0149697437882423 0.0149273332208395 0.0135952038690448 0.0133498786017299 0.0134371062740684 0.0130884284153581 0.0124863870441914 0.012103739194572 0.01150718703866 0.011472512036562 0.0112748667597771 0.0106516778469086 0.0104837045073509
0.000451487198006362 0.00106477970257401 0.0222556497901678 0.022857928648591 0.266075909137726 0.619622647762299 0.80154949426651 0.533387541770935 0.46915140748024 0.987160801887512 0.999935030937195 0.999980032444 0.998725056648254 0.973994374275208 0.84451812505722 0.160624757409096 0.134945690631866 0.0227082166820765 0.0133285708725452 0.0204765684902668 0.0199635960161686 0.0165395736694336 0.0150138223543763 0.0154000530019403 0.0158204827457666 0.0158172082155943 0.0157601106911898 0.0157660376280546 0.0153214884921908 0.0157077498733997 0.0146086402237415 0.0140490755438805 0.0140348635613918 0.0137450126931071 0.0140889780595899 0.0133869620040059 0.0131355244666338 0.0123146455734968 0.0119115170091391 0.0115631502121687 0.0114634539932013 0.010494944639504 0.0109910210594535 0.0107123954221606
0.000598622078541666 0.00897543877363205 0.0210956279188395 0.027550395578146 0.491552114486694 0.731246173381805 0.873993694782257 0.724598467350006 0.565048635005951 0.902890026569366 0.998351633548737 0.999895393848419 0.998587131500244 0.817650258541107 0.403906345367432 0.135379180312157 0.0445505753159523 0.0144277792423964 0.0120708076283336 0.013213261961937 0.013451661914587 0.0141584184020758 0.0153430160135031 0.0153459059074521 0.0149867990985513 0.0152062531560659 0.0145076606422663 0.013848140835762 0.0140868732705712 0.013667025603354 0.0138631854206324 0.0137832444161177 0.0126278502866626 0.0129705416038632 0.0131300073117018 0.0133081339299679 0.0130460998043418 0.0122979395091534 0.0120647409930825 0.0120802130550146 0.0122787179425359 0.0108736818656325 0.0103988498449326 0.00971235241740942
0.000301238207612187 0.0030814076308161 0.0246509686112404 0.0166065692901611 0.254119336605072 0.778427183628082 0.894803583621979 0.986892580986023 0.872603476047516 0.914387166500092 0.999749422073364 0.999893546104431 0.990703105926514 0.94564163684845 0.349755853414536 0.20603583753109 0.0292584598064423 0.0140541335567832 0.0125001333653927 0.0126301646232605 0.0137276509776711 0.014876221306622 0.0147187234833837 0.014504462480545 0.0145212272182107 0.0147216320037842 0.01394381839782 0.0133402021601796 0.0133386813104153 0.0133409220725298 0.0125591726973653 0.0126354116946459 0.012615779414773 0.0121794771403074 0.0126910153776407 0.0130976382642984 0.0127276908606291 0.012007107026875 0.0123039130121469 0.0117833036929369 0.0114752035588026 0.0103901084512472 0.010908380150795 0.0102182794362307
0.000281191983958706 0.00157233735080808 0.0222588013857603 0.0263921674340963 0.344038397073746 0.820595622062683 0.952406406402588 0.998324453830719 0.80318295955658 0.671316623687744 0.998974740505219 0.999899327754974 0.992114961147308 0.863948106765747 0.416016608476639 0.138713717460632 0.0265935640782118 0.0159115996211767 0.0158914159983397 0.0145659167319536 0.0151677913963795 0.0149706909433007 0.0153817571699619 0.0146027095615864 0.0144716361537576 0.0132808582857251 0.0133352354168892 0.0136909121647477 0.0135035831481218 0.0126984510570765 0.0122352344915271 0.0123598342761397 0.0119509603828192 0.0116301560774446 0.01149489171803 0.0114996898919344 0.0117768095806241 0.0111023541539907 0.0113995922729373 0.0107625024393201 0.0117889074608684 0.0117049515247345 0.010895180515945 0.0100503219291568
0.000733910943381488 0.00813140626996756 0.0132548557594419 0.174742951989174 0.581514716148376 0.872909188270569 0.994093060493469 0.96366423368454 0.827299892902374 0.62605619430542 0.88696563243866 0.911966264247894 0.933000862598419 0.391925483942032 0.396272957324982 0.0741770640015602 0.0262501370161772 0.0218443311750889 0.0192930325865746 0.0159917417913675 0.0149055942893028 0.0133693534880877 0.014176893979311 0.0139366257935762 0.0135807106271386 0.0131821557879448 0.0130789745599031 0.0123682823032141 0.0132696004584432 0.0130429835990071 0.0125822899863124 0.0120323859155178 0.0117418430745602 0.0116091165691614 0.0115653509274125 0.011007628403604 0.010487730614841 0.0108604710549116 0.0112273469567299 0.0107207745313644 0.0116561288014054 0.0106037305667996 0.011145593598485 0.0112175978720188
0.00123966217506677 0.00927518215030432 0.0291440188884735 0.442475527524948 0.563900530338287 0.829896450042725 0.940857946872711 0.999708116054535 0.846927583217621 0.81443065404892 0.695693135261536 0.6310054063797 0.473605275154114 0.213129326701164 0.228727877140045 0.0485827475786209 0.0327926203608513 0.0269007850438356 0.02473970875144 0.0199231039732695 0.0155842630192637 0.015541622415185 0.0150501374155283 0.01404635515064 0.013529758900404 0.0132622476667166 0.012946480885148 0.012327391654253 0.0120900059118867 0.0124373883008957 0.0122267184779048 0.0116231050342321 0.0122019555419683 0.011905568651855 0.0113903963938355 0.0112497797235847 0.0112083973363042 0.0106931319460273 0.0104295704513788 0.0108327306807041 0.0110713532194495 0.0108994105830789 0.0111324097961187 0.0114150978624821
0.000487277226056904 0.00545932818204165 0.0160480998456478 0.327429592609406 0.701671183109283 0.811096370220184 0.926269114017487 0.999829292297363 0.999438345432281 0.950800955295563 0.96817684173584 0.903005063533783 0.581627607345581 0.195281833410263 0.0752985179424286 0.0457777865231037 0.0344136729836464 0.0266022607684135 0.0227764397859573 0.0163242351263762 0.016034260392189 0.0155859421938658 0.0144058130681515 0.0137633960694075 0.0141631830483675 0.0136615373194218 0.0133397858589888 0.0127292685210705 0.0124994991347194 0.0120292557403445 0.0119272796437144 0.0113638024777174 0.0117328520864248 0.0115947788581252 0.0111034847795963 0.0111163640394807 0.0112403836101294 0.0101893022656441 0.0108309527859092 0.0108327306807041 0.0108134616166353 0.0119731733575463 0.0103349927812815 0.0106036858633161
0.00103204406332225 0.0123482719063759 0.0147035010159016 0.185592010617256 0.452291309833527 0.599915683269501 0.99252450466156 0.998851537704468 0.999911487102509 0.876333594322205 0.979920744895935 0.941036462783813 0.557702362537384 0.239928483963013 0.0712877884507179 0.0386445298790932 0.0330107994377613 0.0272149182856083 0.0180194694548845 0.0168597977608442 0.0174450110644102 0.0166506059467793 0.0146003384143114 0.0146902874112129 0.013814858160913 0.0143027938902378 0.0139398016035557 0.0129859736189246 0.0122524788603187 0.0121307242661715 0.0118975341320038 0.0114269256591797 0.0114217959344387 0.0105834640562534 0.0107022058218718 0.0106834871694446 0.0108151119202375 0.0101921465247869 0.0105146821588278 0.0101257814094424 0.0104594537988305 0.010909060947597 0.0115041090175509 0.0110784955322742
