data/climate_estimation/maxent_output/Bomarea_superba.asc
NCOLS 135 
NROWS 125 
XLLCORNER -79.0833333333333 
YLLCORNER -16.4166666666667 
CELLSIZE 0.0833333333333333 
NODATA_value -3.4e+38 
[rows 42 to 62 of 125, columns 46 to 91 of 135]
0.180294066667557 0.199525788426399 0.22107794880867 0.240511104464531 0.270302176475525 0.298304915428162 0.38309982419014 0.56835150718689 0.518279790878296 0.381363332271576 0.312232822179794 0.322319477796555 0.320764064788818 0.332100570201874 0.332867592573166 0.344361335039139 0.345867842435837 0.345822870731354 0.35869637131691 0.360619068145752 0.363087117671967 0.376610606908798 0.377668827772141 0.363791316747665 0.353465050458908 0.334355056285858 0.314860939979553 0.290183842182159 0.279603451490402 0.259762287139893 0.250702351331711 0.249494433403015 0.255105912685394 0.264169961214066 0.270308703184128 0.280074805021286 0.292397260665894 0.301561892032623 0.307316213846207 0.317288130521774 0.321303725242615 0.325054824352264 0.320926994085312 0.313823163509369 0.311754107475281 0.306332021951675
0.198309242725372 0.218174412846565 0.234913408756256 0.24255359172821 0.269281327724457 0.302503973245621 0.347058683633804 0.475878745317459 0.52964460849762 0.413938939571381 0.304554224014282 0.306471765041351 0.325395822525024 0.326492458581924 0.319855898618698 0.330707669258118 0.335354685783386 0.334298878908157 0.349509567022324 0.360379666090012 0.35519728064537 0.36495053768158 0.36760002374649 0.371356099843979 0.361039459705353 0.348637819290161 0.317873597145081 0.30918151140213 0.295113056898117 0.26777520775795 0.270279228687286 0.261522501707077 0.26981782913208 0.269024223089218 0.279669404029846 0.289425730705261 0.303366005420685 0.303579062223434 0.312382400035858 0.317808836698532 0.323119193315506 0.314783424139023 0.319120764732361 0.311380833387375 0.315382033586502 0.305711060762405
0.217654839158058 0.226555168628693 0.239860787987709 0.24739071726799 0.268853932619095 0.292220324277878 0.325030863285065 0.359952658414841 0.42369470000267 0.411571562290192 0.311174750328064 0.307206898927689 0.318781912326813 0.313037991523743 0.321217000484467 0.328596234321594 0.341872781515121 0.330669403076172 0.34080445766449 0.34678927063942 0.354268193244934 0.359319895505905 0.36033895611763 0.36532273888588 0.367065340280533 0.347706735134125 0.328136324882507 0.314706891775131 0.300873607397079 0.296171247959137 0.283655196428299 0.279296100139618 0.277943998575211 0.286028921604156 0.292153388261795 0.30181759595871 0.309335052967072 0.30988147854805 0.315275073051453 0.320739269256592 0.312081009149551 0.319305747747421 0.31426140666008 0.313263386487961 0.315382033586502 0.296695351600647
0.229451894760132 0.234325364232063 0.23886801302433 0.261615484952927 0.26786944270134 0.283688604831696 0.306489080190659 0.325675994157791 0.356854677200317 0.370083689689636 0.325082153081894 0.323858112096786 0.300691217184067 0.309577643871307 0.319150805473328 0.317796289920807 0.337866932153702 0.33040389418602 0.335088759660721 0.336763560771942 0.354356616735458 0.3497574031353 0.350760400295258 0.353863686323166 0.358052462339401 0.35515695810318 0.345636904239655 0.32618710398674 0.31303870677948 0.303788751363754 0.299442887306213 0.293201208114624 0.295814484357834 0.29500076174736 0.29976686835289 0.302998274564743 0.309917956590652 0.31628081202507 0.318786293268204 0.315976589918137 0.319002419710159 0.311710238456726 0.308657109737396 0.315528392791748 0.313489824533463 0.297332584857941
0.241456568241119 0.243835985660553 0.253566384315491 0.258415639400482 0.265454441308975 0.275355130434036 0.285478502511978 0.309814542531967 0.313325494527817 0.347509443759918 0.340815454721451 0.335948944091797 0.31405371427536 0.312637716531754 0.307014316320419 0.312850713729858 0.334203779697418 0.324514985084534 0.338221669197083 0.342986911535263 0.334623754024506 0.34191370010376 0.340848296880722 0.335047096014023 0.354800879955292 0.351606220006943 0.349994212388992 0.349071502685547 0.328939974308014 0.318473756313324 0.310826003551483 0.302015691995621 0.314866006374359 0.304694503545761 0.30578625202179 0.303247004747391 0.313009232282639 0.31930884718895 0.328650146722794 0.317243695259094 0.311412394046783 0.315076440572739 0.321073055267334 0.325743049383163 0.309215635061264 0.301088809967041
0.252434402704239 0.254072934389114 0.250201463699341 0.253185510635376 0.260974556207657 0.268957674503326 0.279910385608673 0.272903829813004 0.278773635625839 0.345730751752853 0.354278177022934 0.319540321826935 0.314799785614014 0.314753174781799 0.313894689083099 0.320318996906281 0.324250876903534 0.32937091588974 0.323908597230911 0.341173052787781 0.337087839841843 0.327488452196121 0.335677325725555 0.330598294734955 0.338333874940872 0.344806998968124 0.34576028585434 0.339387327432632 0.34460261464119 0.333568751811981 0.321517497301102 0.324705958366394 0.309170663356781 0.313965409994125 0.320621132850647 0.312671512365341 0.319116503000259 0.317656576633453 0.322510242462158 0.325280159711838 0.322584569454193 0.322241336107254 0.320132851600647 0.317435175180435 0.311792939901352 0.310103058815002
0.216751798987389 0.211589619517326 0.20911867916584 0.216300889849663 0.20892795920372 0.204691454768181 0.220258414745331 0.235288426280022 0.260497748851776 0.30214461684227 0.361924409866333 0.348763257265091 0.32833656668663 0.32240429520607 0.323650717735291 0.314001500606537 0.32345575094223 0.318704545497894 0.331768214702606 0.329108476638794 0.321638256311417 0.335411846637726 0.319976955652237 0.322392463684082 0.331335842609406 0.330137878656387 0.338491082191467 0.333536386489868 0.33465850353241 0.336803793907166 0.343612253665924 0.347557365894318 0.335131168365479 0.327411562204361 0.325122952461243 0.319071859121323 0.328146129846573 0.325507909059525 0.327112317085266 0.326421916484833 0.327381074428558 0.324253052473068 0.315343052148819 0.313417106866837 0.309290617704391 0.303507298231125
0.183166459202766 0.176419660449028 0.151739716529846 0.142915442585945 0.143753424286842 0.150230467319489 0.176232606172562 0.222211286425591 0.267434537410736 0.286903232336044 0.34288689494133 0.399041146039963 0.346939951181412 0.318146377801895 0.325778722763062 0.315301775932312 0.316606104373932 0.322965115308762 0.32069456577301 0.312930792570114 0.322020769119263 0.317133277654648 0.306905895471573 0.326464504003525 0.328107506036758 0.327571332454681 0.324554353952408 0.332109808921814 0.342393785715103 0.344574898481369 0.341127634048462 0.339193820953369 0.334893196821213 0.344247788190842 0.335401803255081 0.325575262308121 0.326226413249969 0.329754889011383 0.325577527284622 0.323906242847443 0.313849866390228 0.319569915533066 0.311049669981003 0.303609222173691 0.304588675498962 0.289069801568985
0.154348224401474 0.141929224133492 0.119215160608292 0.0971990674734116 0.0901328474283218 0.104641690850258 0.135200843214989 0.184800088405609 0.254059553146362 0.322539418935776 0.329860121011734 0.427157282829285 0.372613042593002 0.326747119426727 0.322922974824905 0.327185243368149 0.319338023662567 0.328108161687851 0.331651657819748 0.320927292108536 0.326051443815231 0.313157051801682 0.307275086641312 0.306654870510101 0.325705498456955 0.324524909257889 0.309576392173767 0.308875501155853 0.321863234043121 0.322163432836533 0.320952743291855 0.325691103935242 0.319104015827179 0.3249651491642 0.335949689149857 0.337627619504929 0.326758027076721 0.332067549228668 0.319372355937958 0.31552129983902 0.318928718566895 0.31635120511055 0.307421296834946 0.306184142827988 0.306043237447739 0.285189360380173
0.158022522926331 0.119248934090137 0.122557789087296 0.0703524500131607 0.0643175467848778 0.0824887529015541 0.111608423292637 0.168275624513626 0.256551742553711 0.319828808307648 0.362924993038177 0.410829573869705 0.397540241479874 0.314144372940063 0.332611352205276 0.332108169794083 0.328488022089005 0.335957437753677 0.335532575845718 0.323084771633148 0.309509992599487 0.307791084051132 0.30170065164566 0.311021238565445 0.310687333345413 0.316130787134171 0.305345773696899 0.315157055854797 0.308546155691147 0.316680997610092 0.312480181455612 0.323451340198517 0.332726806402206 0.336578130722046 0.335210174322128 0.33700630068779 0.330290764570236 0.33700630068779 0.331646293401718 0.32190153002739 0.309943556785583 0.306798666715622 0.303500205278397 0.297155499458313 0.292880743741989 0.289417505264282
0.176051735877991 0.135939449071884 0.12175614386797 0.0737059861421585 0.0677445903420448 0.0815641507506371 0.138124749064445 0.176088556647301 0.202672839164734 0.309804052114487 0.36727312207222 0.431203722953796 0.366007536649704 0.305047452449799 0.336302846670151 0.34234744310379 0.341756016016006 0.333889335393906 0.323380649089813 0.318857371807098 0.314420878887177 0.313310742378235 0.302533566951752 0.296948134899139 0.303182631731033 0.300622284412384 0.295768320560455 0.300329625606537 0.304690361022949 0.312891215085983 0.310417860746384 0.315674275159836 0.313405632972717 0.326457768678665 0.329063564538956 0.334745049476624 0.328831017017365 0.323866486549377 0.330331295728683 0.324023902416229 0.311119973659515 0.309690624475479 0.297650754451752 0.292596846818924 0.283745288848877 0.289172887802124
0.276396036148071 0.175769746303558 0.135801792144775 0.112562954425812 0.0870920792222023 0.111134432256222 0.158674329519272 0.196472272276878 0.222275495529175 0.279223948717117 0.316568821668625 0.39699199795723 0.456845641136169 0.329037666320801 0.340024143457413 0.349628239870071 0.346952348947525 0.346444606781006 0.334320515394211 0.327423959970474 0.31815105676651 0.294818609952927 0.289697200059891 0.289212316274643 0.288444638252258 0.293548762798309 0.293333470821381 0.300226420164108 0.308335423469543 0.307015866041183 0.311269134283066 0.320431292057037 0.315041184425354 0.322354227304459 0.33381387591362 0.326460063457489 0.325735777616501 0.335565865039825 0.328526228666306 0.321301698684692 0.311785906553268 0.301081955432892 0.297830998897552 0.295559406280518 0.290219187736511 0.279216259717941
0.466273427009583 0.194564059376717 0.177450925111771 0.145977571606636 0.120964162051678 0.139786094427109 0.202925652265549 0.212866872549057 0.237178042531013 0.275618344545364 0.298287123441696 0.342652887105942 0.397816956043243 0.346187740564346 0.365177839994431 0.378262579441071 0.372535735368729 0.352372497320175 0.344969660043716 0.33223283290863 0.321235090494156 0.291022688150406 0.291377007961273 0.284162938594818 0.280269831418991 0.285259902477264 0.29951199889183 0.295735865831375 0.301730662584305 0.30248498916626 0.306690216064453 0.306649059057236 0.312999963760376 0.320242941379547 0.326154619455338 0.324136406183243 0.319375425577164 0.322617202997208 0.325735777616501 0.32296296954155 0.311013907194138 0.29893434047699 0.292490899562836 0.288579106330872 0.283815443515778 0.272709310054779
0.607365429401398 0.269629299640656 0.309040188789368 0.171063378453255 0.176143139600754 0.182325229048729 0.22454047203064 0.279033213853836 0.284377992153168 0.285226672887802 0.290273725986481 0.327779352664948 0.374026298522949 0.417412519454956 0.374825268983841 0.393417000770569 0.376519113779068 0.364576131105423 0.347432285547256 0.337362796068192 0.312455236911774 0.292530685663223 0.27739617228508 0.279152482748032 0.283511847257614 0.281252145767212 0.293054044246674 0.293791472911835 0.3118656873703 0.30248498916626 0.309870719909668 0.310790300369263 0.319941818714142 0.324217021465302 0.327686160802841 0.326154619455338 0.319864243268967 0.319864243268967 0.313183635473251 0.312447905540466 0.308331161737442 0.300978541374207 0.291473001241684 0.284708559513092 0.277055263519287 0.268875777721405
0.5857213139534 0.428690433502197 0.379039734601974 0.253803163766861 0.253644555807114 0.260764330625534 0.255739241838455 0.32244861125946 0.3187096118927 0.309244722127914 0.32113441824913 0.340474992990494 0.366876423358917 0.471461981534958 0.389228373765945 0.407156407833099 0.429850190877914 0.387658983469009 0.364779770374298 0.339661985635757 0.316267669200897 0.30404457449913 0.287440448999405 0.28163093328476 0.290114015340805 0.291265845298767 0.30451762676239 0.294848084449768 0.304255217313766 0.30563423037529 0.314858913421631 0.314971059560776 0.314151167869568 0.321297407150269 0.328338146209717 0.323379129171371 0.317615151405334 0.317912369966507 0.313407838344574 0.310714364051819 0.298969835042953 0.29329714179039 0.285328209400177 0.275208532810211 0.270493686199188 0.263730198144913
0.523136138916016 0.384216457605362 0.332708895206451 0.310483306646347 0.29878368973732 0.355968177318573 0.301635324954987 0.34506419301033 0.347282975912094 0.340211689472198 0.344673484563828 0.352228045463562 0.354761928319931 0.405557960271835 0.428836315870285 0.405649960041046 0.429998070001602 0.445543706417084 0.381144821643829 0.363421142101288 0.329784125089645 0.319905966520309 0.297793596982956 0.300582379102707 0.300728380680084 0.307824552059174 0.308371752500534 0.303639680147171 0.299715340137482 0.305304765701294 0.312114298343658 0.318063348531723 0.320619076490402 0.32822248339653 0.324860960245132 0.320240050554276 0.327148199081421 0.312297582626343 0.306942820549011 0.298862099647522 0.298545867204666 0.290183216333389 0.278475046157837 0.279390454292297 0.268751263618469 0.260899186134338
0.44853338599205 0.384864926338196 0.323701143264771 0.282483547925949 0.287835776805878 0.308444172143936 0.349449783563614 0.395750164985657 0.444507956504822 0.406218826770782 0.348576605319977 0.369996845722198 0.373663663864136 0.393582582473755 0.423553556203842 0.416100978851318 0.44134983420372 0.445190906524658 0.402119517326355 0.383792549371719 0.353898376226425 0.324656397104263 0.327566772699356 0.309902191162109 0.311005979776382 0.310379981994629 0.313409298658371 0.31612041592598 0.308911859989166 0.319036275148392 0.313330680131912 0.317051112651825 0.322884052991867 0.322240144014359 0.33052721619606 0.324326455593109 0.316491425037384 0.305702179670334 0.302739828824997 0.29566490650177 0.286776751279831 0.276786327362061 0.275215834379196 0.267670869827271 0.265001326799393 0.257111579179764
0.421047747135162 0.422289103269577 0.364248126745224 0.326959699392319 0.321138143539429 0.325428187847137 0.327128857374191 0.346114933490753 0.397451400756836 0.426715850830078 0.384354472160339 0.366170585155487 0.406669229269028 0.392909318208694 0.412898451089859 0.418337285518646 0.438011020421982 0.479726850986481 0.427837491035461 0.40606364607811 0.385337829589844 0.363090515136719 0.337929457426071 0.331594318151474 0.328978985548019 0.320231050252914 0.313771277666092 0.308355927467346 0.323713541030884 0.323561429977417 0.320426136255264 0.320574283599854 0.315036118030548 0.318771779537201 0.32500833272934 0.324361264705658 0.311413437128067 0.306070268154144 0.292664736509323 0.286951839923859 0.278710633516312 0.27022984623909 0.265063315629959 0.261323302984238 0.25683131814003 0.255632311105728
0.502647578716278 0.653204262256622 0.414962947368622 0.349168837070465 0.346666485071182 0.343444496393204 0.353888213634491 0.358156889677048 0.377208918333054 0.41373211145401 0.381596684455872 0.365090161561966 0.422080487012863 0.401183038949966 0.412306398153305 0.416939496994019 0.438082218170166 0.472894161939621 0.454879999160767 0.435954689979553 0.412936180830002 0.381441175937653 0.360861212015152 0.347938001155853 0.346985876560211 0.340129047632217 0.327859580516815 0.332406491041183 0.334620773792267 0.318540215492249 0.318540215492249 0.324773401021957 0.316930264234543 0.324586063623428 0.327409505844116 0.318473964929581 0.306108564138412 0.3016636967659 0.287056416273117 0.28516161441803 0.285788804292679 0.269775748252869 0.266014248132706 0.253717243671417 0.246104821562767 0.243521749973297
0.823012351989746 0.964112937450409 0.664088666439056 0.43634444475174 0.347924441099167 0.339101940393448 0.350292474031448 0.359418302774429 0.381324917078018 0.396950006484985 0.472729593515396 0.481580823659897 0.483915597200394 0.440083026885986 0.45818954706192 0.404016882181168 0.423768013715744 0.471122205257416 0.475853860378265 0.459119468927383 0.437950730323792 0.417888849973679 0.388725966215134 0.375928193330765 0.363702207803726 0.345660150051117 0.339175403118134 0.34503361582756 0.336521714925766 0.325337946414948 0.343016892671585 0.328360319137573 0.329358905553818 0.33171546459198 0.325120896100998 0.310161828994751 0.310758948326111 0.289906322956085 0.284441232681274 0.279022246599197 0.269843131303787 0.26238802075386 0.25078472495079 0.24155730009079 0.235162615776062 0.234933108091354
0.97199022769928 0.997193396091461 0.958281755447388 0.622293770313263 0.4093978703022 0.362861603498459 0.36292028427124 0.397698402404785 0.402867823839188 0.44175511598587 0.462906360626221 0.489165037870407 0.496306657791138 0.435610234737396 0.488778203725815 0.485270112752914 0.467781454324722 0.451861888170242 0.506318330764771 0.476339131593704 0.462417483329773 0.435118079185486 0.403531491756439 0.392624914646149 0.386533588171005 0.375675886869431 0.355631202459335 0.34713414311409 0.349622070789337 0.349988728761673 0.336326420307159 0.336326420307159 0.336721748113632 0.324813455343246 0.318366020917892 0.296831965446472 0.292213082313538 0.283411413431168 0.275990962982178 0.271165579557419 0.260782778263092 0.24883671104908 0.244253218173981 0.239079132676125 0.231982186436653 0.222355872392654
