data/climate_estimation/maxent_output/Bomarea_patinii.asc
NCOLS 78 
NROWS 227 
XLLCORNER -79.25 
YLLCORNER -11.0833333333333 
CELLSIZE 0.0833333333333333 
NODATA_value -3.4e+38 
[rows 76 to 94 of 227, columns 0 to 41 of 78]
-3.4e+38 -3.4e+38 -3.4e+38 -3.4e+38 0.0207522083073854 0.0212191920727491 0.02400610037148 0.0247549898922443 0.0279749538749456 0.0292383674532175 0.0272845700383186 0.0274129249155521 0.0234042089432478 0.0246462412178516 0.0226925499737263 0.0392617471516132 0.0479028336703777 0.122443556785583 0.534394860267639 0.809501051902771 0.592722237110138 0.330334186553955 0.710423290729523 0.310768216848373 0.57670134305954 0.599071621894836 0.859309077262878 0.614149451255798 0.635823905467987 0.661526501178741 0.641801416873932 0.138647601008415 0.585636675357819 0.515856921672821 0.623690783977509 0.775622725486755 0.771245956420898 0.74615889787674 0.540290057659149 0.0689931586384773 0.0109629258513451 0.00820082053542137
-3.4e+38 -3.4e+38 -3.4e+38 0.0173505488783121 0.0176652632653713 0.0196714363992214 0.0218563918024302 0.0267514120787382 0.0254249013960361 0.0268982984125614 0.0294473618268967 0.0347278192639351 0.0369292758405209 0.0482679009437561 0.0521081276237965 0.174266785383224 0.238792315125465 0.215888172388077 0.666680574417114 0.818079054355621 0.64178478717804 0.532622754573822 0.824050068855286 0.712905883789062 0.821818351745605 0.854279220104218 0.856594562530518 0.65721583366394 0.640438199043274 0.695488274097443 0.66753888130188 0.325269162654877 0.0800943374633789 0.387155532836914 0.389664560556412 0.761384129524231 0.634112119674683 0.702853202819824 0.194438561797142 0.0145990708842874 0.00525544676929712 0.0047974893823266
-3.4e+38 -3.4e+38 0.0163958929479122 0.0166934169828892 0.0158622302114964 0.0183046367019415 0.0243303887546062 0.0281289722770452 0.0254323855042458 0.0268680769950151 0.0261692218482494 0.0488789789378643 0.0475394278764725 0.0996260866522789 0.659583151340485 0.692433297634125 0.620459139347076 0.730727553367615 0.824056267738342 0.815451741218567 0.801849126815796 0.775972843170166 0.846323013305664 0.860888063907623 0.852017641067505 0.721900343894958 0.647094488143921 0.630576014518738 0.657336354255676 0.684167385101318 0.677615225315094 0.263446986675262 0.0596733540296555 0.0913551524281502 0.444511204957962 0.342541128396988 0.251587420701981 0.0960803106427193 0.0254679843783379 0.00549601763486862 0.00506568839773536 0.00417518895119429
-3.4e+38 0.0157200247049332 0.0155181037262082 0.0160219594836235 0.0155064109712839 0.0170262567698956 0.0209120232611895 0.0289470385760069 0.0302477013319731 0.0303014516830444 0.0420736186206341 0.0410246588289738 0.0899210572242737 0.418743103742599 0.626319527626038 0.773838400840759 0.82041072845459 0.860765516757965 0.864858567714691 0.858960568904877 0.870982348918915 0.846395313739777 0.684226453304291 0.857247889041901 0.70403915643692 0.687372088432312 0.629424452781677 0.56275463104248 0.619571447372437 0.69184410572052 0.481875032186508 0.0929346457123756 0.207784458994865 0.607399106025696 0.46826234459877 0.0502837970852852 0.0216236244887114 0.00651846034452319 0.00455944193527102 0.00451428303495049 0.00471421470865607 0.00428966945037246
0.0174772273749113 0.0156179890036583 0.0170320551842451 0.0158906597644091 0.0162690151482821 0.0165354516357183 0.0187595803290606 0.0252320729196072 0.039542380720377 0.0367305539548397 0.0570230521261692 0.0884668231010437 0.225966572761536 0.755775928497314 0.671241044998169 0.807648658752441 0.851705491542816 0.866254150867462 0.843983590602875 0.847771465778351 0.840186834335327 0.875165522098541 0.804449141025543 0.672467648983002 0.633443295955658 0.644508361816406 0.602333843708038 0.60491555929184 0.620088517665863 0.629826724529266 0.278324335813522 0.0643261298537254 0.100902371108532 0.390240043401718 0.0245479084551334 0.00683493446558714 0.00513935135677457 0.00448052398860455 0.00422684801742435 0.00466024409979582 0.00439000269398093 0.00428973045200109
0.019468791782856 0.0179450251162052 0.0161778554320335 0.0158982537686825 0.0150019340217113 0.0166809055954218 0.0201251059770584 0.0310084912925959 0.0580309666693211 0.0688668638467789 0.151294961571693 0.272680044174194 0.496045470237732 0.651186406612396 0.782216250896454 0.835879623889923 0.847832202911377 0.844063520431519 0.821773111820221 0.802781343460083 0.835859715938568 0.882166862487793 0.764828145503998 0.62601500749588 0.618791282176971 0.636234164237976 0.643380403518677 0.640621483325958 0.726068615913391 0.643848538398743 0.152239546179771 0.0177525728940964 0.0176062472164631 0.00893066916614771 0.0055989739485085 0.0047836727462709 0.00444674538448453 0.00455282814800739 0.00444346759468317 0.00424503535032272 0.00427216663956642 0.00474260980263352
0.020427918061614 0.0190401077270508 0.0162188541144133 0.0172588154673576 0.0181988645344973 0.0208741892129183 0.0261189918965101 0.0457838550209999 0.123951770365238 0.288324743509293 0.600732862949371 0.585670351982117 0.640380442142487 0.751113593578339 0.802091836929321 0.870708882808685 0.828931510448456 0.803166687488556 0.765101432800293 0.750990211963654 0.749955654144287 0.839675664901733 0.590210497379303 0.614300131797791 0.610431969165802 0.635345995426178 0.624408364295959 0.660719990730286 0.70687860250473 0.566651940345764 0.0334229096770287 0.00875700917094946 0.00736907543614507 0.0065213656052947 0.00502683082595468 0.00442959042266011 0.00501306029036641 0.00487260473892093 0.00447846623137593 0.00459809647873044 0.00488651916384697 0.00456479797139764
0.0216665733605623 0.0164697524160147 0.0155100151896477 0.0154745187610388 0.0199562553316355 0.0231941100209951 0.0466362088918686 0.146172136068344 0.299246430397034 0.2570621073246 0.570499300956726 0.744093716144562 0.830035209655762 0.808081269264221 0.806207001209259 0.859235882759094 0.828669250011444 0.7604700922966 0.728927433490753 0.691694676876068 0.73516845703125 0.580057144165039 0.556669116020203 0.587154924869537 0.59931218624115 0.659648180007935 0.698842644691467 0.506192982196808 0.161911845207214 0.0467666573822498 0.0112304743379354 0.00745460158213973 0.00741915730759501 0.00627323286607862 0.0064818556420505 0.00543984025716782 0.00545372068881989 0.00531489634886384 0.00484026549383998 0.00476730754598975 0.00510900421068072 0.0040060062892735
0.0213575251400471 0.0188513640314341 0.0174679514020681 0.0169145297259092 0.0178514085710049 0.0346611365675926 0.143289998173714 0.38453221321106 0.637424945831299 0.441850274801254 0.428291201591492 0.477990120649338 0.714222609996796 0.780896902084351 0.859566807746887 0.814860999584198 0.804576635360718 0.711644768714905 0.648063361644745 0.599257349967957 0.535893440246582 0.507431983947754 0.594133615493774 0.715029895305634 0.67709082365036 0.650909185409546 0.32382333278656 0.0949334725737572 0.0316093489527702 0.0121637731790543 0.00853421352803707 0.00820529833436012 0.00724538043141365 0.00687670055776834 0.00617966987192631 0.00610986538231373 0.00580455316230655 0.00582840014249086 0.00537825189530849 0.0050959549844265 0.0049032149836421 0.00459528900682926
0.019861850887537 0.0220172144472599 0.0222404710948467 0.0181201081722975 0.024655893445015 0.0547117628157139 0.161707520484924 0.462503165006638 0.614249527454376 0.589861512184143 0.654740154743195 0.789257705211639 0.566738069057465 0.753629207611084 0.855883359909058 0.833966314792633 0.751629710197449 0.742566704750061 0.654136657714844 0.537801623344421 0.521807849407196 0.506700158119202 0.554126679897308 0.665269017219543 0.557017683982849 0.241833344101906 0.0710206627845764 0.0271406900137663 0.0134406806901097 0.00936763919889927 0.00759281776845455 0.00732309278100729 0.00725607760250568 0.00637715728953481 0.00658311508595943 0.00602961843833327 0.00604734476655722 0.00536496844142675 0.00573398964479566 0.00515642110258341 0.00521710142493248 0.00521491747349501
0.028867594897747 0.0234291721135378 0.0198212154209614 0.037051510065794 0.0753749534487724 0.139091938734055 0.221239402890205 0.385647565126419 0.649567306041718 0.81570166349411 0.873121440410614 0.846520364284515 0.754721701145172 0.634367406368256 0.837362885475159 0.786243379116058 0.75746089220047 0.667590320110321 0.583116412162781 0.486950308084488 0.504714727401733 0.562532663345337 0.554617047309875 0.721250593662262 0.310741692781448 0.071907676756382 0.0444955080747604 0.0268053580075502 0.0137071963399649 0.00855699554085732 0.00773993134498596 0.00703316228464246 0.0063838423229754 0.00644861254841089 0.0064360243268311 0.00627853721380234 0.00579250603914261 0.00574519112706184 0.0055998214520514 0.00555332424119115 0.00529531808570027 0.00530395423993468
0.0275797192007303 0.0301604568958282 0.0460777096450329 0.103808879852295 0.303408831357956 0.601921856403351 0.434309840202332 0.633447289466858 0.836746633052826 0.788485467433929 0.877469956874847 0.883936822414398 0.678461968898773 0.498522281646729 0.720582485198975 0.798117518424988 0.762583673000336 0.672427237033844 0.567822813987732 0.531048357486725 0.644784331321716 0.568669080734253 0.677188634872437 0.393624186515808 0.0756210908293724 0.0332268960773945 0.027362022548914 0.019696393981576 0.0119825433939695 0.00826626271009445 0.00763983745127916 0.00704445922747254 0.00554453115910292 0.00606799824163318 0.00579990120604634 0.00565725238993764 0.00565423117950559 0.00611136853694916 0.00541645381599665 0.00578706851229072 0.0054774614982307 0.00553435087203979
0.0213707201182842 0.024037653580308 0.047139186412096 0.194650992751122 0.729820311069489 0.811218798160553 0.707291066646576 0.845756709575653 0.886180698871613 0.874954700469971 0.894312798976898 0.881516695022583 0.660070478916168 0.374971985816956 0.553921222686768 0.81744110584259 0.810280025005341 0.644771039485931 0.638213455677032 0.529762327671051 0.695818901062012 0.628415942192078 0.575211703777313 0.126187220215797 0.0307972859591246 0.0198719184845686 0.0191592648625374 0.0146671682596207 0.0112870633602142 0.00835733395069838 0.00799634866416454 0.00728044472634792 0.00592542765662074 0.00638070190325379 0.00604864722117782 0.00592330703511834 0.00561257265508175 0.00580803351476789 0.00608090730383992 0.00541940005496144 0.00496758427470922 0.00582887139171362
0.0140468589961529 0.0180280394852161 0.0420689098536968 0.336933374404907 0.72600132226944 0.830642938613892 0.837611138820648 0.898171126842499 0.748802304267883 0.825422406196594 0.898006200790405 0.815203666687012 0.623100519180298 0.634730994701385 0.828177809715271 0.85539847612381 0.836987316608429 0.580290496349335 0.651357054710388 0.706629633903503 0.65229332447052 0.651887893676758 0.250956475734711 0.0515910051763058 0.0267862118780613 0.0164808183908463 0.0137054836377501 0.0121800452470779 0.00937132816761732 0.00867507793009281 0.007956906221807 0.00732748443260789 0.00619114935398102 0.00596018973737955 0.00645760959014297 0.00599198462441564 0.00635653547942638 0.00598587328568101 0.00642471015453339 0.00594284059479833 0.00619956012815237 0.00617230869829655
0.0134644852951169 0.0214332714676857 0.0354963317513466 0.142798319458961 0.50777941942215 0.619887292385101 0.701852560043335 0.735347390174866 0.766849875450134 0.871934294700623 0.79529732465744 0.824095726013184 0.871392726898193 0.840279698371887 0.813697457313538 0.834840953350067 0.708026707172394 0.625112414360046 0.663763582706451 0.619840681552887 0.402842998504639 0.152326881885529 0.0938645824790001 0.0432857647538185 0.0238976906985044 0.0181577410548925 0.0145131321623921 0.011250295676291 0.00923373177647591 0.007923130877316 0.00771611696109176 0.00712350383400917 0.00677450420334935 0.00641585700213909 0.00706687057390809 0.00627886550500989 0.00590305915102363 0.00664924876764417 0.00650883698835969 0.00660477858036757 0.00703156599774957 0.00631299754604697
0.0143961422145367 0.0276146400719881 0.0418384857475758 0.0690425559878349 0.156354352831841 0.379484325647354 0.420987963676453 0.540021061897278 0.732822597026825 0.894803047180176 0.803320705890656 0.851060390472412 0.866621613502502 0.860062181949615 0.793757319450378 0.666230499744415 0.64123672246933 0.720058917999268 0.612026631832123 0.199172019958496 0.138299643993378 0.0851957127451897 0.0740330517292023 0.0473549999296665 0.0211476497352123 0.016053905710578 0.0134909749031067 0.0109394369646907 0.00920372549444437 0.00855671893805265 0.00860307924449444 0.0069282865151763 0.00678214011713862 0.00638167886063457 0.00650882394984365 0.00626180088147521 0.00617912085726857 0.00678521487861872 0.00652652373537421 0.00690028397366405 0.00724214827641845 0.00688536884263158
0.0122334053739905 0.0298272762447596 0.0717184022068977 0.114769138395786 0.395921468734741 0.711296916007996 0.668684363365173 0.680993974208832 0.773995935916901 0.722293436527252 0.706416487693787 0.878908932209015 0.882540881633759 0.867185652256012 0.761721432209015 0.593838632106781 0.594692289829254 0.608234226703644 0.574999213218689 0.364249289035797 0.0968349352478981 0.0681787580251694 0.0757347568869591 0.0671839639544487 0.0240307413041592 0.0169666260480881 0.0128995878621936 0.0110859367996454 0.0102272378280759 0.00944102834910154 0.00851096026599407 0.0082743326202035 0.0073915091343224 0.00694440258666873 0.00736569939181209 0.0067656165920198 0.00665373308584094 0.00644380273297429 0.006190350279212 0.00682522216811776 0.00745860068127513 0.00713661452755332
0.0173133164644241 0.0395326390862465 0.0886275991797447 0.188399136066437 0.384127169847488 0.747893810272217 0.803576707839966 0.895488202571869 0.898320496082306 0.780764997005463 0.642682075500488 0.739248514175415 0.731305837631226 0.869370937347412 0.620884954929352 0.585908889770508 0.616229951381683 0.670456826686859 0.667944669723511 0.364144504070282 0.115425579249859 0.0819808840751648 0.0447096973657608 0.0354773588478565 0.0189711600542068 0.0167880095541477 0.0147698512300849 0.0111596221104264 0.0107801528647542 0.010002383030951 0.0090565774589777 0.00738680828362703 0.00817409437149763 0.00714687164872885 0.00717932125553489 0.00716990930959582 0.0063696070574224 0.00701828766614199 0.00719026522710919 0.00774780102074146 0.00696598412469029 0.00726249255239964
0.0208476893603802 0.0397895500063896 0.0804355666041374 0.185850217938423 0.674980282783508 0.727900624275208 0.823270618915558 0.864206850528717 0.919518887996674 0.773240089416504 0.410330086946487 0.543971717357635 0.8930544257164 0.828366637229919 0.607356190681458 0.58444082736969 0.575198352336884 0.720267713069916 0.646328866481781 0.637438833713531 0.235225230455399 0.0981018394231796 0.0505019836127758 0.0317522138357162 0.0211930498480797 0.0190547574311495 0.0153663624078035 0.0125058386474848 0.0112165557220578 0.00944162998348475 0.00853717140853405 0.00700906617566943 0.00704445270821452 0.00708624999970198 0.00713828625157475 0.00691598933190107 0.00641462113708258 0.00667735049501061 0.00736643979325891 0.00672678137198091 0.00744841434061527 0.00693135522305965
