data/climate_estimation/maxent_output/Bomarea_distichifolia.asc
NCOLS 171 
NROWS 187 
XLLCORNER -80.0833333333333 
YLLCORNER -17.4166666666667 
CELLSIZE 0.0833333333333333 
NODATA_value -3.4e+38 
[rows 80 to 99 of 187, columns 0 to 44 of 171]
-3.4e+38 -3.4e+38 -3.4e+38 -3.4e+38 -3.4e+38 -3.4e+38 -3.4e+38 -3.4e+38 -3.4e+38 -3.4e+38 -3.4e+38 -3.4e+38 -3.4e+38 -3.4e+38 0.00344933266751468 0.0045769102871418 0.00434405542910099 0.00998301897197962 0.0199830420315266 0.0521858073771 0.117422312498093 0.300364464521408 0.174874797463417 0.245130389928818 0.61794126033783 0.649798214435577 0.829850196838379 0.845893263816833 0.709590554237366 0.937940955162048 0.961513996124268 0.983412802219391 0.990958333015442 0.979628622531891 0.992983996868134 0.963603734970093 0.976031959056854 0.986133098602295 0.991089999675751 0.992595434188843 0.994267463684082 0.870820462703705 0.378179877996445 0.0781620368361473 0.0341569557785988
-3.4e+38 -3.4e+38 -3.4e+38 -3.4e+38 -3.4e+38 -3.4e+38 -3.4e+38 -3.4e+38 -3.4e+38 -3.4e+38 -3.4e+38 -3.4e+38 -3.4e+38 -3.4e+38 -3.4e+38 0.00330605637282133 0.00941285584121943 0.00483630364760756 0.0192986391484737 0.0347100533545017 0.0486291833221912 0.140449091792107 0.135682255029678 0.245577603578568 0.370482414960861 0.449542075395584 0.570579826831818 0.533114016056061 0.592643976211548 0.942738950252533 0.975752115249634 0.973474383354187 0.991118788719177 0.978062748908997 0.959488213062286 0.98015969991684 0.97595751285553 0.996832847595215 0.994139432907104 0.958339035511017 0.946151673793793 0.784226715564728 0.743745923042297 0.283505856990814 0.0855859220027924
-3.4e+38 -3.4e+38 -3.4e+38 -3.4e+38 -3.4e+38 -3.4e+38 -3.4e+38 -3.4e+38 -3.4e+38 -3.4e+38 -3.4e+38 -3.4e+38 -3.4e+38 -3.4e+38 -3.4e+38 0.00320561649277806 0.00390448607504368 0.0106768859550357 0.0136820254847407 0.0134873604401946 0.0328842252492905 0.0802275240421295 0.18637053668499 0.139837086200714 0.394061982631683 0.269802570343018 0.509995222091675 0.285494327545166 0.447277814149857 0.731173634529114 0.874953508377075 0.832746982574463 0.966474294662476 0.991886019706726 0.990027785301208 0.934826552867889 0.943876326084137 0.996699810028076 0.995566308498383 0.988069355487823 0.987978100776672 0.993644535541534 0.974336802959442 0.714180648326874 0.122160695493221
-3.4e+38 -3.4e+38 -3.4e+38 -3.4e+38 -3.4e+38 -3.4e+38 -3.4e+38 -3.4e+38 -3.4e+38 -3.4e+38 -3.4e+38 -3.4e+38 -3.4e+38 -3.4e+38 -3.4e+38 0.00300420145504177 0.00311890081502497 0.00550807546824217 0.0116584356874228 0.0176510419696569 0.0318750999867916 0.0632109120488167 0.157733276486397 0.296905219554901 0.352377623319626 0.385320603847504 0.309090882539749 0.592182219028473 0.303212493658066 0.340132653713226 0.64483767747879 0.931613683700562 0.828408062458038 0.987018167972565 0.984966516494751 0.936939060688019 0.92515367269516 0.985157310962677 0.993663966655731 0.990954458713531 0.996024668216705 0.989189147949219 0.99540913105011 0.792066037654877 0.527693271636963
-3.4e+38 -3.4e+38 -3.4e+38 -3.4e+38 -3.4e+38 -3.4e+38 -3.4e+38 -3.4e+38 -3.4e+38 -3.4e+38 -3.4e+38 -3.4e+38 -3.4e+38 -3.4e+38 -3.4e+38 -3.4e+38 0.00298662902787328 0.00343117117881775 0.0109146013855934 0.0112632820382714 0.0163229070603848 0.034070860594511 0.112026326358318 0.260454535484314 0.271227121353149 0.233827382326126 0.476244479417801 0.501755058765411 0.118955314159393 0.151258125901222 0.398006081581116 0.849266111850739 0.966384053230286 0.933300077915192 0.992685079574585 0.994632422924042 0.883954465389252 0.926964581012726 0.961209893226624 0.989622056484222 0.992462992668152 0.991809546947479 0.958202540874481 0.865094125270844 0.683963179588318
-3.4e+38 -3.4e+38 -3.4e+38 -3.4e+38 -3.4e+38 -3.4e+38 -3.4e+38 -3.4e+38 -3.4e+38 -3.4e+38 -3.4e+38 -3.4e+38 -3.4e+38 -3.4e+38 -3.4e+38 -3.4e+38 0.00271189119666815 0.00305802817456424 0.00347355147823691 0.00995520129799843 0.0170556735247374 0.0389353483915329 0.119532659649849 0.151189044117928 0.317130982875824 0.156660228967667 0.307324975728989 0.484691053628922 0.125757321715355 0.122702471911907 0.348933696746826 0.824630677700043 0.958234488964081 0.980055272579193 0.98904949426651 0.982832610607147 0.995317399501801 0.979194760322571 0.947409212589264 0.993638753890991 0.994519650936127 0.975773453712463 0.926067292690277 0.890119612216949 0.679467976093292
-3.4e+38 -3.4e+38 -3.4e+38 -3.4e+38 -3.4e+38 -3.4e+38 -3.4e+38 -3.4e+38 -3.4e+38 -3.4e+38 -3.4e+38 -3.4e+38 -3.4e+38 -3.4e+38 -3.4e+38 -3.4e+38 0.00316188344731927 0.00397867430001497 0.007196094840765 0.0103400005027652 0.0145795894786716 0.0358047224581242 0.04072280600667 0.0526345334947109 0.18783238530159 0.231706827878952 0.394259214401245 0.313476949930191 0.262044578790665 0.139200359582901 0.253332585096359 0.654133260250092 0.936270296573639 0.880360841751099 0.90217912197113 0.978630661964417 0.995803534984589 0.994933128356934 0.947261810302734 0.98238605260849 0.995335578918457 0.970991134643555 0.871683895587921 0.893079042434692 0.70488440990448
-3.4e+38 -3.4e+38 -3.4e+38 -3.4e+38 -3.4e+38 -3.4e+38 -3.4e+38 -3.4e+38 -3.4e+38 -3.4e+38 -3.4e+38 -3.4e+38 -3.4e+38 -3.4e+38 -3.4e+38 -3.4e+38 -3.4e+38 0.0054457332007587 0.00583009840920568 0.00915796309709549 0.0139667633920908 0.0141457719728351 0.0152051895856857 0.0507546626031399 0.129040196537971 0.245927140116692 0.217424392700195 0.360004872083664 0.594031393527985 0.174234449863434 0.130365982651711 0.1930882781744 0.913078486919403 0.878482520580292 0.572787046432495 0.832170605659485 0.950191736221313 0.991077721118927 0.993289887905121 0.996382892131805 0.996570765972137 0.951875686645508 0.871576249599457 0.876364171504974 0.90501457452774
-3.4e+38 -3.4e+38 -3.4e+38 -3.4e+38 -3.4e+38 -3.4e+38 -3.4e+38 -3.4e+38 -3.4e+38 -3.4e+38 -3.4e+38 -3.4e+38 -3.4e+38 -3.4e+38 -3.4e+38 -3.4e+38 -3.4e+38 0.00775176146999002 0.00541183305904269 0.00658444920554757 0.007346261292696 0.0121925296261907 0.0185015797615051 0.045374047011137 0.169004738330841 0.214183792471886 0.0875670090317726 0.327203571796417 0.575070559978485 0.749771356582642 0.140060573816299 0.26423454284668 0.497123658657074 0.299715906381607 0.482140064239502 0.525189220905304 0.848840236663818 0.996860384941101 0.915448188781738 0.987781941890717 0.994966924190521 0.99269962310791 0.860063433647156 0.773472130298615 0.653434216976166
-3.4e+38 -3.4e+38 -3.4e+38 -3.4e+38 -3.4e+38 -3.4e+38 -3.4e+38 -3.4e+38 -3.4e+38 -3.4e+38 -3.4e+38 -3.4e+38 -3.4e+38 -3.4e+38 -3.4e+38 -3.4e+38 -3.4e+38 -3.4e+38 0.00704675819724798 0.00798571296036243 0.0113141294568777 0.0100267166271806 0.0231120176613331 0.0639959573745728 0.146020099520683 0.318241864442825 0.0796962231397629 0.0550580397248268 0.477209895849228 0.623130202293396 0.514028608798981 0.140482813119888 0.1699308604002 0.220881700515747 0.698114395141602 0.804952800273895 0.993761360645294 0.995254576206207 0.803758859634399 0.908592402935028 0.994639158248901 0.996123790740967 0.927402913570404 0.694040536880493 0.597338318824768
-3.4e+38 -3.4e+38 -3.4e+38 -3.4e+38 -3.4e+38 -3.4e+38 -3.4e+38 -3.4e+38 -3.4e+38 -3.4e+38 -3.4e+38 -3.4e+38 -3.4e+38 -3.4e+38 -3.4e+38 -3.4e+38 -3.4e+38 -3.4e+38 -3.4e+38 0.00686766812577844 0.00580634875223041 0.00875395257025957 0.0122874174267054 0.0286675207316875 0.128363013267517 0.302358061075211 0.147012144327164 0.0536388456821442 0.050718042999506 0.484100162982941 0.793774843215942 0.116264022886753 0.0919438451528549 0.197587296366692 0.784794867038727 0.988055765628815 0.9952751994133 0.823930144309998 0.831134557723999 0.993975758552551 0.966298639774323 0.969288110733032 0.988224804401398 0.949312090873718 0.879616260528564
-3.4e+38 -3.4e+38 -3.4e+38 -3.4e+38 -3.4e+38 -3.4e+38 -3.4e+38 -3.4e+38 -3.4e+38 -3.4e+38 -3.4e+38 -3.4e+38 -3.4e+38 -3.4e+38 -3.4e+38 -3.4e+38 -3.4e+38 -3.4e+38 -3.4e+38 0.00677438685670495 0.00741617986932397 0.00620150659233332 0.011006542481482 0.023643558844924 0.069595493376255 0.140747994184494 0.21428644657135 0.139984354376793 0.0762786641716957 0.0976924151182175 0.745639860630035 0.169840320944786 0.118872672319412 0.167800351977348 0.745179951190948 0.85176008939743 0.752808809280396 0.745690286159515 0.928133726119995 0.99461430311203 0.857045412063599 0.875864446163177 0.988079369068146 0.990570545196533 0.993829071521759
-3.4e+38 -3.4e+38 -3.4e+38 -3.4e+38 -3.4e+38 -3.4e+38 -3.4e+38 -3.4e+38 -3.4e+38 -3.4e+38 -3.4e+38 -3.4e+38 -3.4e+38 -3.4e+38 -3.4e+38 -3.4e+38 -3.4e+38 -3.4e+38 -3.4e+38 -3.4e+38 0.00735033163800836 0.00721163488924503 0.0111695686355233 0.0158694609999657 0.0197658725082874 0.0456210374832153 0.0982247665524483 0.24054442346096 0.214538142085075 0.100729562342167 0.72931170463562 0.516621470451355 0.101620510220528 0.119774177670479 0.530319094657898 0.833724021911621 0.439917385578156 0.548954904079437 0.964901566505432 0.994521737098694 0.965181171894073 0.829789817333221 0.875642478466034 0.967971205711365 0.994388222694397
-3.4e+38 -3.4e+38 -3.4e+38 -3.4e+38 -3.4e+38 -3.4e+38 -3.4e+38 -3.4e+38 -3.4e+38 -3.4e+38 -3.4e+38 -3.4e+38 -3.4e+38 -3.4e+38 -3.4e+38 -3.4e+38 -3.4e+38 -3.4e+38 -3.4e+38 -3.4e+38 0.00679746177047491 0.0149121377617121 0.0131083121523261 0.0199498925358057 0.031925018876791 0.141605973243713 0.195053458213806 0.262933522462845 0.124007381498814 0.0526585057377815 0.279740929603577 0.334311693906784 0.130046203732491 0.117423430085182 0.548882007598877 0.329339653253555 0.313891887664795 0.487252622842789 0.897428393363953 0.965909957885742 0.987607598304749 0.906487584114075 0.829341292381287 0.954835295677185 0.986137449741364
-339999999999999996123846586046231871488.000000000000000 -3.4e+38 -3.4e+38 -3.4e+38 -3.4e+38 -3.4e+38 -3.4e+38 -3.4e+38 -3.4e+38 -3.4e+38 -3.4e+38 -3.4e+38 -3.4e+38 -3.4e+38 -3.4e+38 -3.4e+38 -3.4e+38 -3.4e+38 -3.4e+38 -3.4e+38 0.00634461082518101 0.00682780658826232 0.0110964570194483 0.0161727797240019 0.0211284831166267 0.0562054589390755 0.164785608649254 0.136217832565308 0.0378782264888287 0.129190310835838 0.0657101571559906 0.379749208688736 0.193355575203896 0.0901301875710487 0.211265757679939 0.225315690040588 0.262819737195969 0.448391765356064 0.748004794120789 0.977346420288086 0.991207957267761 0.963631510734558 0.836010098457336 0.859820783138275 0.939755737781525
-3.4e+38 -3.4e+38 -3.4e+38 -3.4e+38 -3.4e+38 -3.4e+38 -3.4e+38 -3.4e+38 -3.4e+38 -3.4e+38 -3.4e+38 -3.4e+38 -3.4e+38 -3.4e+38 -3.4e+38 -3.4e+38 -3.4e+38 -3.4e+38 -3.4e+38 -3.4e+38 -3.4e+38 0.00481298333033919 0.00643874937668443 0.0120402295142412 0.0264688767492771 0.0314830206334591 0.139880940318108 0.181007668375969 0.159886285662651 0.25213548541069 0.0608232468366623 0.142836004495621 0.177918553352356 0.0727458745241165 0.0909143388271332 0.135885864496231 0.249658197164536 0.504694283008575 0.816126108169556 0.982369184494019 0.948588609695435 0.972152054309845 0.906761884689331 0.908568203449249 0.979659974575043
-3.4e+38 -3.4e+38 -3.4e+38 -3.4e+38 -3.4e+38 -3.4e+38 -3.4e+38 -3.4e+38 -3.4e+38 -3.4e+38 -3.4e+38 -3.4e+38 -3.4e+38 -3.4e+38 -3.4e+38 -3.4e+38 -3.4e+38 -3.4e+38 -3.4e+38 -3.4e+38 -3.4e+38 0.00505309598520398 0.00632916856557131 0.00998824927955866 0.0154780903831124 0.0355055555701256 0.106253683567047 0.163778871297836 0.221530392765999 0.0657733604311943 0.0314727425575256 0.0721850469708443 0.135280013084412 0.0551305897533894 0.0767242163419724 0.122961014509201 0.2541823387146 0.540799021720886 0.916897892951965 0.976386189460754 0.935256600379944 0.979312121868134 0.949716866016388 0.983787059783936 0.991528570652008
-3.4e+38 -3.4e+38 -3.4e+38 -3.4e+38 -3.4e+38 -3.4e+38 -3.4e+38 -3.4e+38 -3.4e+38 -3.4e+38 -3.4e+38 -3.4e+38 -3.4e+38 -3.4e+38 -3.4e+38 -3.4e+38 -3.4e+38 -3.4e+38 -3.4e+38 -3.4e+38 -3.4e+38 0.00300063914619386 0.00350621645338833 0.00847414322197437 0.00929056480526924 0.014183146879077 0.0278999004513025 0.0557920671999454 0.177460387349129 0.109248302876949 0.0616047494113445 0.0447780340909958 0.101547248661518 0.0723090544342995 0.0677372962236404 0.10678631067276 0.193044990301132 0.370277255773544 0.576001286506653 0.708992540836334 0.952303826808929 0.963004469871521 0.928481757640839 0.983088552951813 0.991161644458771
-3.4e+38 -3.4e+38 -3.4e+38 -3.4e+38 -3.4e+38 -3.4e+38 -3.4e+38 -3.4e+38 -3.4e+38 -3.4e+38 -3.4e+38 -3.4e+38 -3.4e+38 -3.4e+38 -3.4e+38 -3.4e+38 -3.4e+38 -3.4e+38 -3.4e+38 -3.4e+38 -3.4e+38 -3.4e+38 0.00303099909797311 0.00435455702245235 0.00867513287812471 0.0132814068347216 0.0268670096993446 0.0971912741661072 0.166976615786552 0.204646170139313 0.107747405767441 0.0976278334856033 0.0622517839074135 0.0991784632205963 0.0945623889565468 0.217953994870186 0.209799438714981 0.244652733206749 0.357638150453568 0.608892142772675 0.960251748561859 0.942176520824432 0.925011515617371 0.968529224395752 0.950501441955566
-3.4e+38 -3.4e+38 -3.4e+38 -3.4e+38 -3.4e+38 -3.4e+38 -3.4e+38 -3.4e+38 -3.4e+38 -3.4e+38 -3.4e+38 -3.4e+38 -3.4e+38 -3.4e+38 -3.4e+38 -3.4e+38 -3.4e+38 -3.4e+38 -3.4e+38 -3.4e+38 -3.4e+38 -3.4e+38 0.00132345641031861 0.00371864694170654 0.00606343615800142 0.0186166688799858 0.0227596499025822 0.059184804558754 0.164389178156853 0.189536899328232 0.183332487940788 0.198993250727654 0.157964512705803 0.0840693265199661 0.0872078165411949 0.364616006612778 0.289620697498322 0.196770042181015 0.291908293962479 0.56554388999939 0.9130699634552 0.93028199672699 0.883425235748291 0.87665319442749 0.899911463260651
