data/climate_estimation/maxent_output/Bomarea_dissitifolia.asc
NCOLS 46 
NROWS 130 
XLLCORNER -79.3333333333333 
YLLCORNER -10.8333333333333 
CELLSIZE 0.0833333333333332 
NODATA_value -3.4e+38 
[rows 19 to 37 of 130, columns 0 to 43 of 46]
0.000197972141904756 0.00624644849449396 0.0168777536600828 0.0691440030932426 0.327737838029861 0.537896275520325 0.972881555557251 0.889452934265137 0.671815574169159 0.89951753616333 0.999967694282532 0.998692691326141 0.837817966938019 0.245497673749924 0.0670733824372292 0.0393029600381851 0.0311510097235441 0.0350505188107491 0.0221293866634369 0.0181746184825897 0.0169432014226913 0.0168850291520357 0.0160921849310398 0.0156028429046273 0.0142483310773969 0.0137165384367108 0.013694167137146 0.013334384188056 0.0124945091083646 0.01194360665977 0.0111613906919956 0.0112726064398885 0.0112518016248941 0.0110551016405225 0.0112237175926566 0.0106198573485017 0.0104441959410906 0.00994533486664295 0.0104477135464549 0.00976946577429771 0.0101338587701321 0.0110297342762351 0.0114390831440687 0.0107148457318544
8.41465516714379e-05 0.0114059755578637 0.020025635138154 0.047700822353363 0.277614653110504 0.368033438920975 0.979249477386475 0.990723609924316 0.789279043674469 0.999800622463226 0.999996542930603 0.999036729335785 0.863598883152008 0.367424041032791 0.0861194208264351 0.0491566732525826 0.0387154035270214 0.0363858342170715 0.0255511105060577 0.0205519441515207 0.0167381428182125 0.0166257470846176 0.0167540721595287 0.0157286040484905 0.0149989780038595 0.014329606667161 0.0136930420994759 0.0142738502472639 0.0131096327677369 0.0126061281189322 0.0116425836458802 0.0106723587960005 0.0103600258007646 0.0107510564848781 0.0105211054906249 0.0106183793395758 0.0103088496252894 0.0102606546133757 0.0103952428326011 0.00995488278567791 0.0110159432515502 0.0111932959407568 0.011402390897274 0.0115694310516119
7.31785476091318e-05 0.00681711500510573 0.0158547572791576 0.0261643007397652 0.149701714515686 0.37803915143013 0.678398787975311 0.998818218708038 0.994214832782745 0.999847769737244 0.99999326467514 0.972993969917297 0.526877164840698 0.258563637733459 0.106206871569157 0.0620890185236931 0.0480378642678261 0.0365351177752018 0.0300177801400423 0.0202818773686886 0.019164377823472 0.018596151843667 0.0171125568449497 0.016481701284647 0.0162757635116577 0.0148532502353191 0.0143558103591204 0.0134179536253214 0.0131552722305059 0.0123737649992108 0.0114017836749554 0.0113338995724916 0.0110169751569629 0.0106961447745562 0.0102407028898597 0.0102643920108676 0.0105266841128469 0.0106563428416848 0.0101277967914939 0.0106796845793724 0.0109221963211894 0.0113640539348125 0.0117551097646356 0.0118708675727248
8.47544361022301e-05 0.0110445311293006 0.0144424000754952 0.022876875475049 0.0590733550488949 0.213412642478943 0.451021671295166 0.989152371883392 0.998788595199585 0.999831438064575 0.999981045722961 0.999734818935394 0.776780128479004 0.250179141759872 0.106315031647682 0.0670906826853752 0.0499679110944271 0.0382606163620949 0.033344179391861 0.0239395461976528 0.0197283960878849 0.0196735113859177 0.0187773630023003 0.017277667298913 0.0160757433623075 0.0150061678141356 0.0140430741012096 0.0135366944596171 0.012980773113668 0.0121333114802837 0.0116400755941868 0.0112780649214983 0.010513374581933 0.0106642451137304 0.0103119416162372 0.0100906677544117 0.0102752298116684 0.0103707807138562 0.0100735453888774 0.0106885004788637 0.0108893355354667 0.0110886069014668 0.0115033108741045 0.011480774730444
9.22337276278995e-05 0.00235856650397182 0.017576277256012 0.0197353065013885 0.0247555896639824 0.132818073034286 0.190687730908394 0.768204271793365 0.99418318271637 0.998893618583679 0.999944746494293 0.992290258407593 0.734567821025848 0.229853764176369 0.124211885035038 0.0742725506424904 0.0554935149848461 0.0435180999338627 0.0355706140398979 0.0261685885488987 0.0234056133776903 0.0200472939759493 0.0187322050333023 0.0186974387615919 0.0170225873589516 0.0153934760019183 0.0147658046334982 0.0139241274446249 0.0135168507695198 0.0124791916459799 0.0118082268163562 0.0112568493932486 0.0110959662124515 0.010445705614984 0.00993949081748724 0.0101318033412099 0.01011504791677 0.00994365010410547 0.0102450326085091 0.0100356340408325 0.0106512140482664 0.0110077373683453 0.0108098518103361 0.010758139193058
0.000121895114716608 0.0014705394860357 0.0111398790031672 0.0168130677193403 0.0270832553505898 0.0980781391263008 0.169167995452881 0.37915301322937 0.748144745826721 0.975610196590424 0.993012964725494 0.999547243118286 0.650600016117096 0.236773535609245 0.126301899552345 0.0710418075323105 0.0576525777578354 0.0510252714157104 0.0415132008492947 0.0289251338690519 0.0239207278937101 0.0214448645710945 0.0202956404536963 0.0186311025172472 0.0171594712883234 0.0163640733808279 0.0148027772083879 0.0142654255032539 0.0137094808742404 0.0132937636226416 0.0124094542115927 0.0111380983144045 0.0108903525397182 0.0105299251154065 0.00974159315228462 0.00974428560584784 0.0099417082965374 0.0104431882500648 0.0101742539554834 0.0105765331536531 0.0108006065711379 0.0110831493511796 0.0110133877024055 0.0114863878116012
0.000162682830705307 0.000443192315287888 0.0250372402369976 0.0685884431004524 0.0156643614172935 0.0925057157874107 0.31849479675293 0.127790153026581 0.538816332817078 0.842461824417114 0.99809056520462 0.891269445419312 0.47979348897934 0.169041484594345 0.107947655022144 0.0777351334691048 0.0628646537661552 0.053657341748476 0.0439503490924835 0.0303823817521334 0.0260247178375721 0.0224054902791977 0.0186176486313343 0.0160393547266722 0.0158689524978399 0.01598996296525 0.0151809388771653 0.0151220550760627 0.0144333401694894 0.0132767269387841 0.0121761010959744 0.0114562548696995 0.0111222751438618 0.0105854459106922 0.0101728718727827 0.00981418695300817 0.010527110658586 0.00959773454815149 0.00995825137943029 0.00976364128291607 0.0106420544907451 0.0114038083702326 0.0111761325970292 0.0115192597731948
0.000205177231691778 0.00045610626693815 0.00254108943045139 0.0621591582894325 0.0377521961927414 0.035409614443779 0.163319051265717 0.246748208999634 0.379541009664536 0.987852215766907 0.995625078678131 0.729942262172699 0.315942615270615 0.147360488772392 0.093382902443409 0.0724258199334145 0.0646264106035233 0.0569681003689766 0.0478749983012676 0.030076127499342 0.0280397050082684 0.0234006773680449 0.0189976096153259 0.0171168390661478 0.0154358446598053 0.0162877980619669 0.0157223120331764 0.0147359734401107 0.0147054679691792 0.013483895920217 0.0124004641547799 0.0119335493072867 0.0117731159552932 0.0117293288931251 0.0108024086803198 0.0101977381855249 0.00988516304641962 0.00998334400355816 0.00982956867665052 0.00989940855652094 0.0102686295285821 0.01108093932271 0.0115711688995361 0.0117607535794377
0.000253429112490267 0.000804281560704112 0.0196442194283009 0.021922629326582 0.0263860914856195 0.166713863611221 0.343247324228287 0.408105880022049 0.710405588150024 0.982094347476959 0.993702530860901 0.67177826166153 0.300199568271637 0.154201105237007 0.0835830271244049 0.0763246566057205 0.0664874315261841 0.0622305236756802 0.0465699918568134 0.0260862484574318 0.0285762902349234 0.0220129322260618 0.0163337867707014 0.0162827242165804 0.0159642286598682 0.0152494646608829 0.0147251822054386 0.0140670174732804 0.0141728539019823 0.0137205999344587 0.0132828382775187 0.0117950662970543 0.0119406981393695 0.0113544799387455 0.0106880841776729 0.0106478650122881 0.00992596428841352 0.010095065459609 0.0100179370492697 0.0103798126801848 0.010483568534255 0.0107881939038634 0.011256106197834 0.0116368075832725
0.000556315470021218 0.00832215882837772 0.00700867502018809 0.0219366084784269 0.264781564474106 0.541047751903534 0.538194358348846 0.618397295475006 0.915672659873962 0.998749554157257 0.98642885684967 0.718241691589355 0.229445099830627 0.103445045650005 0.0639730170369148 0.0772929117083549 0.060898095369339 0.0545690059661865 0.0455745793879032 0.0197836495935917 0.0219307169318199 0.0212608799338341 0.0155146336182952 0.0157162062823772 0.0147013859823346 0.0150672849267721 0.0140532394871116 0.0135284513235092 0.0143908094614744 0.0136856036260724 0.0135524906218052 0.0122157447040081 0.01166180241853 0.0113439550623298 0.0106245391070843 0.0102218156680465 0.0103864902630448 0.00963107869029045 0.00990024860948324 0.0105571877211332 0.0110895717516541 0.011202379129827 0.011840826831758 0.0120952501893044
0.00102894438896328 0.0223431400954723 0.00687764212489128 0.328495264053345 0.910110831260681 0.659140050411224 0.776681482791901 0.997142910957336 0.99871426820755 0.993587672710419 0.999231815338135 0.80324113368988 0.190045461058617 0.0844415873289108 0.0515137761831284 0.0716734752058983 0.0558665506541729 0.046123705804348 0.0401276834309101 0.0169619061052799 0.0169351734220982 0.0162542462348938 0.0139040593057871 0.0149296820163727 0.015510750003159 0.0148827470839024 0.0148399127647281 0.0141485342755914 0.0146230664104223 0.0136328116059303 0.0129369543865323 0.0124121913686395 0.01202492415905 0.0119488649070263 0.0112157054245472 0.0104619944468141 0.0100992042571306 0.00972448568791151 0.00999034289270639 0.0105683198198676 0.0112454276531935 0.0114018730819225 0.0115858716890216 0.0121807968243957
0.0100099453702569 0.0114744696766138 0.355197131633759 0.77044403553009 0.96869570016861 0.99885481595993 0.999781548976898 0.995437026023865 0.975228071212769 0.708396434783936 0.679039478302002 0.382224708795547 0.128817155957222 0.0665098428726196 0.0564246773719788 0.0648759007453918 0.0522752180695534 0.0349984616041183 0.0295372344553471 0.0151902483776212 0.0160474926233292 0.0149907488375902 0.0139378905296326 0.0146213723346591 0.0151274036616087 0.0154785541817546 0.0152066824957728 0.0139089422300458 0.0147808091714978 0.0140218362212181 0.0137024456635118 0.013357637450099 0.0126393139362335 0.0123111112043262 0.011529378592968 0.0115019241347909 0.0105257453396916 0.0102022560313344 0.0107609452679753 0.0108462832868099 0.0120640564709902 0.0118976151570678 0.0127880861982703 0.0126822907477617
0.00838818866759539 0.760589003562927 0.947650849819183 0.973920524120331 0.999515116214752 0.999556720256805 0.99882972240448 0.99380749464035 0.837885797023773 0.69230318069458 0.280918180942535 0.127997055649757 0.0915569588541985 0.03837014362216 0.0570447258651257 0.0618354715406895 0.0450698249042034 0.0376417450606823 0.0192169565707445 0.0151041774079204 0.0164463128894567 0.0145553480833769 0.0143175572156906 0.014235426671803 0.0148022929206491 0.0154435634613037 0.0154415285214782 0.0154108852148056 0.0155361164361238 0.0148745588958263 0.0138063374906778 0.0133523354306817 0.012899779714644 0.0123159913346171 0.0118866479024291 0.011516310274601 0.0112246721982956 0.0111897652968764 0.0111473677679896 0.011638980358839 0.0120215518400073 0.013060593046248 0.0131431743502617 0.0132394032552838
0.769043803215027 0.932054042816162 0.979240596294403 0.999691367149353 0.998029887676239 0.971150100231171 0.981076002120972 0.986338496208191 0.890710592269897 0.979113578796387 0.492629885673523 0.0535150170326233 0.0346499495208263 0.0369646362960339 0.0635137930512428 0.0562889613211155 0.0361657701432705 0.0313112847507 0.0161709804087877 0.023447323590517 0.0164967942982912 0.0219631735235453 0.0218129549175501 0.0142246838659048 0.0143508641049266 0.0152846071869135 0.0151991089805961 0.0154980355873704 0.0156392212957144 0.0143870683386922 0.0145827000960708 0.0137907220050693 0.0133638633415103 0.0129348151385784 0.0132308006286621 0.0131296487525105 0.0122055197134614 0.012706246227026 0.012347374111414 0.0120902787894011 0.0125493770465255 0.0138096790760756 0.0140122892335057 0.0138934785500169
0.949195802211761 0.986995458602905 0.999385118484497 0.998911142349243 0.884988188743591 0.798245966434479 0.953959047794342 0.904559433460236 0.945313096046448 0.856176912784576 0.272697478532791 0.0896351486444473 0.0290537513792515 0.0561051592230797 0.0771297365427017 0.0435617566108704 0.0291855558753014 0.028969606384635 0.0166242364794016 0.0207536388188601 0.0220882091671228 0.0211086422204971 0.0216190051287413 0.0230169743299484 0.0217760000377893 0.0152383521199226 0.0155286537483335 0.0156053593382239 0.0158724524080753 0.0152119603008032 0.014914995059371 0.0151488753035665 0.0146537944674492 0.0143480328842998 0.013338178396225 0.0139170242473483 0.0135074770078063 0.0134801296517253 0.0135271670296788 0.01417017262429 0.0141261611133814 0.0151610793545842 0.0162217505276203 0.0156403761357069
0.94904088973999 0.998278617858887 0.99762499332428 0.828789472579956 0.434287071228027 0.788759350776672 0.907711148262024 0.967633903026581 0.983159005641937 0.896612823009491 0.295352250337601 0.0648166015744209 0.0573420710861683 0.049811102449894 0.0538719445466995 0.0339209213852882 0.0199791211634874 0.0169625710695982 0.0195127744227648 0.0209696460515261 0.0213002152740955 0.020408732816577 0.0215130653232336 0.0207851640880108 0.0218220427632332 0.0233971532434225 0.023218285292387 0.0236842110753059 0.0247455630451441 0.0163770504295826 0.0154099138453603 0.015545416623354 0.0153337772935629 0.0155065255239606 0.0150328073650599 0.0146791655570269 0.015425568446517 0.0150104193016887 0.0146314539015293 0.0156861860305071 0.0169165693223476 0.015838636085391 0.0167570486664772 0.0175224300473928
0.984414279460907 0.994527161121368 0.974380493164062 0.674205005168915 0.688629627227783 0.941586017608643 0.885439693927765 0.983204662799835 0.986720621585846 0.672931551933289 0.150760009884834 0.077646516263485 0.0595006756484509 0.036559022963047 0.0471472851932049 0.0299105420708656 0.0261984337121248 0.0275734923779964 0.018572935834527 0.0227116420865059 0.0214288607239723 0.0215695183724165 0.0226440168917179 0.0228602681308985 0.0236031468957663 0.023763345554471 0.0244770720601082 0.0244496464729309 0.025062458589673 0.0255647804588079 0.0253724101930857 0.0242158956825733 0.0246711876243353 0.0207857489585876 0.0197244137525558 0.0208324398845434 0.0210545994341373 0.0157844722270966 0.0215774122625589 0.0222456082701683 0.0167867615818977 0.0171349551528692 0.0163032375276089 0.0169711243361235
0.981405377388 0.994910418987274 0.922713994979858 0.611300230026245 0.814565002918243 0.8901407122612 0.934358298778534 0.99771124124527 0.939732849597931 0.406400561332703 0.0752283483743668 0.0576768331229687 0.0461771264672279 0.0346225388348103 0.0309482049196959 0.0192881561815739 0.0298731476068497 0.0257355570793152 0.0285943225026131 0.0237635746598244 0.0237219147384167 0.0227275583893061 0.0234708711504936 0.0244197975844145 0.0236162189394236 0.0247997064143419 0.0241327080875635 0.024325355887413 0.0249132756143808 0.0255656205117702 0.0255723465234041 0.0254027005285025 0.0275605525821447 0.0270543359220028 0.0263441912829876 0.0217864774167538 0.0224442556500435 0.0225921459496021 0.0234774779528379 0.0241997726261616 0.0234216321259737 0.0239747446030378 0.0225705597549677 0.0224976297467947
0.797276854515076 0.634956777095795 0.525698065757751 0.867623507976532 0.786152064800262 0.908935308456421 0.978719472885132 0.995614647865295 0.898514866828918 0.15361125767231 0.0784748494625092 0.0635868757963181 0.0686443224549294 0.0410527922213078 0.0423553586006165 0.026457292959094 0.0288407579064369 0.0252665877342224 0.029391149058938 0.0243617054075003 0.0229903738945723 0.0234626773744822 0.0235879644751549 0.0240554716438055 0.0236560106277466 0.024015624076128 0.0240076798945665 0.0247063431888819 0.0250534247606993 0.0258030705153942 0.0271681118756533 0.0264192670583725 0.0278057400137186 0.0278104804456234 0.0284525584429502 0.0291102658957243 0.0227543767541647 0.0245104618370533 0.0239544827491045 0.024649303406477 0.0256372708827257 0.0247606076300144 0.0232199989259243 0.022697689011693
