data/climate_estimation/maxent_output/Bomarea_glaucescens.asc
NCOLS 35 
NROWS 165 
XLLCORNER -79.5 
YLLCORNER -8.25 
CELLSIZE 0.0833333333333335 
NODATA_value -3.4e+38 
[rows 46 to 68 of 165, columns 0 to 34 of 35]
-3.4e+38 -3.4e+38 -3.4e+38 -3.4e+38 -3.4e+38 0.00154432177077979 0.00169273931533098 0.00168477301485837 0.00176351238042116 0.00175512034911662 0.00193876260891557 0.00306349922902882 0.00439534150063992 0.0066673974506557 0.00918982550501823 0.0123286414891481 0.0133631024509668 0.0100196283310652 0.00780589785426855 0.00670451670885086 0.00644874246791005 0.0206665266305208 0.107392877340317 0.076751209795475 0.0102247623726726 0.00899284984916449 0.00728415558114648 0.0128371277824044 0.0231042299419641 0.132294878363609 0.268954426050186 0.607071220874786 0.51271653175354 0.475431025028229 0.290221959352493
-3.4e+38 -3.4e+38 -3.4e+38 -3.4e+38 -3.4e+38 0.0015398112591356 0.0015805329894647 0.00170750205870718 0.00180217484012246 0.00181642733514309 0.0019095444586128 0.00295240012928843 0.00475436309352517 0.0076852017082274 0.0106168948113918 0.0117123611271381 0.013419340364635 0.0112493634223938 0.00930820032954216 0.00735124526545405 0.0109464135020971 0.0356912203133106 0.216311544179916 0.165234327316284 0.0110156815499067 0.0122407954186201 0.0244034547358751 0.14547897875309 0.203242123126984 0.288229614496231 0.516653716564178 0.617013454437256 0.406449139118195 0.297901540994644 0.166203543543816
-3.4e+38 -3.4e+38 -3.4e+38 -3.4e+38 -3.4e+38 -3.4e+38 -3.4e+38 0.00157177285291255 0.00162028626073152 0.00181544513907284 0.00192442478146404 0.00313775707036257 0.00580546632409096 0.010553871281445 0.0165939033031464 0.0201171338558197 0.0270021203905344 0.0156877655535936 0.0189294274896383 0.01270392537117 0.0149011453613639 0.0414054580032825 0.192903116345406 0.0489665605127811 0.0250521153211594 0.0728472843766212 0.024010831490159 0.0474191978573799 0.0490608885884285 0.212755650281906 0.522928714752197 0.484527826309204 0.279246389865875 0.14791776239872 0.0219161882996559
-3.4e+38 -3.4e+38 -3.4e+38 -3.4e+38 -3.4e+38 -3.4e+38 0.00141675863415003 0.00143676705192775 0.00163215596694499 0.00175756216049194 0.00219850311987102 0.00290017970837653 0.00476267235353589 0.00921470671892166 0.0203790608793497 0.0389535911381245 0.0804912447929382 0.0378910005092621 0.0330555252730846 0.0284846927970648 0.0212546288967133 0.0629260316491127 0.188470080494881 0.058722797781229 0.0458941087126732 0.206311702728271 0.0782848298549652 0.165126740932465 0.21605210006237 0.246174290776253 0.5302494764328 0.383264571428299 0.257445782423019 0.168382316827774 0.0645208954811096
-3.4e+38 -3.4e+38 -3.4e+38 -3.4e+38 -3.4e+38 0.00144316779915243 0.00146845681592822 0.00142904534004629 0.00159862753935158 0.00197644159197807 0.00259450497105718 0.0029536266811192 0.00424202950671315 0.00670609483495355 0.028477530926466 0.0709059685468674 0.0589094571769238 0.0579350814223289 0.0663321986794472 0.0547365769743919 0.084226980805397 0.191922247409821 0.175242885947227 0.116790048778057 0.109713934361935 0.310980141162872 0.337637633085251 0.524184882640839 0.512616574764252 0.432747691869736 0.402564406394958 0.523871302604675 0.209410846233368 0.131056949496269 0.0327488705515862
-3.4e+38 -3.4e+38 -3.4e+38 -3.4e+38 0.00147029513027519 0.00147430668585002 0.00152812281157821 0.00153583975043148 0.00165813812054694 0.00184904865454882 0.00286112655885518 0.00397913018241525 0.00539394002407789 0.0117699224501848 0.0145429391413927 0.0315265953540802 0.0486708618700504 0.0547857694327831 0.0975309014320374 0.161633402109146 0.375996559858322 0.498701363801956 0.404064148664474 0.338744670152664 0.208709329366684 0.739161133766174 0.524212062358856 0.562021851539612 0.59737503528595 0.409290641546249 0.175227865576744 0.198220446705818 0.113674722611904 0.0505161136388779 0.0168892033398151
-3.4e+38 -3.4e+38 -3.4e+38 0.0016408875817433 0.00153077719733119 0.00172850163653493 0.00167120445985347 0.00171038729604334 0.00172281207051128 0.00185446185059845 0.00255362968891859 0.00562287075445056 0.00566984480246902 0.011696164496243 0.0275973249226809 0.0344928205013275 0.0923675373196602 0.0661971569061279 0.130664855241776 0.283920228481293 0.581990122795105 0.799603462219238 0.698198020458221 0.461096078157425 0.30600181221962 0.560482978820801 0.549115240573883 0.535947263240814 0.456865966320038 0.281561106443405 0.108924388885498 0.192740395665169 0.266732633113861 0.0337932743132114 0.0136743411421776
0.000715377973392606 0.00107463821768761 0.00144444813486189 0.00174157123547047 0.00175261287949979 0.00174767326097935 0.00173489598091692 0.00166361720766872 0.00178980769123882 0.00197464390657842 0.00314908684231341 0.00697308126837015 0.00927743036299944 0.0206167511641979 0.0306893456727266 0.0387371145188808 0.0638127848505974 0.116494461894035 0.215219065546989 0.570350587368011 0.70778888463974 0.696556329727173 0.606266260147095 0.486492693424225 0.324078589677811 0.561700224876404 0.586541950702667 0.510013461112976 0.419442385435104 0.382206797599792 0.21216194331646 0.0875024944543839 0.0597605966031551 0.0245399903506041 0.0072164055891335
0.000644855201244354 0.00109609682112932 0.0015348952729255 0.00187893421389163 0.00190104206558317 0.00178581825457513 0.00188231794163585 0.0019678131211549 0.00202247896231711 0.00252699200063944 0.00435234745964408 0.0102345664054155 0.0200154893100262 0.0494348108768463 0.0516739748418331 0.0631666332483292 0.108953170478344 0.336151540279388 0.662196576595306 0.896654605865479 0.767317116260529 0.609794497489929 0.680584490299225 0.588286161422729 0.41138568520546 0.651955187320709 0.589290857315063 0.467451304197311 0.385220557451248 0.328009247779846 0.130749315023422 0.0673621073365211 0.0482232943177223 0.00964542292058468 0.00374438893049955
0.00103672756813467 0.00119996431749314 0.00171604193747044 0.00194138754159212 0.00173671497032046 0.00172137084882706 0.00178435747511685 0.00202212575823069 0.00221301894634962 0.00399342039600015 0.0100905960425735 0.0183944012969732 0.0169406589120626 0.0484605357050896 0.0972280576825142 0.197570979595184 0.188585534691811 0.272845715284348 0.856297791004181 0.877459824085236 0.614519357681274 0.563023328781128 0.498582005500793 0.444019705057144 0.540945410728455 0.592894852161407 0.363112717866898 0.443386733531952 0.280088186264038 0.129665523767471 0.0500153377652168 0.0223187357187271 0.0111328326165676 0.00373076205141842 0.00274326256476343
0.00112748565152287 0.00132947124075145 0.00176473334431648 0.00182686420157552 0.0018905223114416 0.00184557936154306 0.00182493077591062 0.00186925486195832 0.00289487256668508 0.00937047693878412 0.0246501620858908 0.0531693808734417 0.0325807929039001 0.0328800082206726 0.042076725512743 0.0939826741814613 0.277457356452942 0.585810601711273 0.942294538021088 0.83141827583313 0.564481675624847 0.500616848468781 0.476091653108597 0.524715602397919 0.582257509231567 0.405158817768097 0.183399811387062 0.248633861541748 0.076291449368 0.0359222516417503 0.0152555853128433 0.00727318925783038 0.00328890373930335 0.00255180802196264 0.00243077985942364
0.00124985072761774 0.00130697328131646 0.00161555071827024 0.00169983971863985 0.00195056572556496 0.0020378774497658 0.00181142601650208 0.0021273719612509 0.00421409728005528 0.010797506198287 0.0310561321675777 0.0506794489920139 0.0504538863897324 0.0798191800713539 0.159960925579071 0.0679610371589661 0.251422524452209 0.882828593254089 0.9078249335289 0.89149796962738 0.765994846820831 0.623389482498169 0.636427700519562 0.447079449892044 0.389890909194946 0.374647736549377 0.263116657733917 0.0655514448881149 0.0310821458697319 0.0119921024888754 0.00554458191618323 0.0031669270247221 0.00236875121481717 0.00202810880728066 0.00190238957293332
0.00117589998990297 0.00125373422633857 0.00155757181346416 0.00190751859918237 0.00188895326573402 0.00177876965608448 0.00264295074157417 0.00498449243605137 0.0088334372267127 0.0136205060407519 0.0252318941056728 0.0584605485200882 0.170832574367523 0.460852026939392 0.418518841266632 0.341590762138367 0.138650715351105 0.615862011909485 0.574198246002197 0.703423738479614 0.473243325948715 0.60712730884552 0.586351096630096 0.423990577459335 0.329307079315186 0.512803733348846 0.12862303853035 0.0411152727901936 0.0116807417944074 0.00783064030110836 0.00547586055472493 0.00320220203138888 0.00207870732992887 0.00189513107761741 0.00168595113791525
0.000978603959083557 0.00130565010476857 0.00168469257187098 0.00175446202047169 0.00204218062572181 0.00284726149402559 0.00594872515648603 0.016581978648901 0.0396261140704155 0.0271409172564745 0.0493693724274635 0.255935817956924 0.725046217441559 0.85776549577713 0.822385013103485 0.489740312099457 0.127052634954453 0.273224771022797 0.42849388718605 0.444344073534012 0.444277971982956 0.658801555633545 0.681551218032837 0.322017639875412 0.42021432518959 0.222509860992432 0.0451408326625824 0.0113045871257782 0.00578544288873672 0.00502721546217799 0.00410069013014436 0.00279409764334559 0.00206618406809866 0.00193706492427737 0.00177958863787353
0.000893136486411095 0.00100494443904608 0.00126145489048213 0.00154306087642908 0.00167735340073705 0.00286958506330848 0.0101662389934063 0.0664034336805344 0.121792674064636 0.0661240145564079 0.289174944162369 0.408558785915375 0.848072946071625 0.90340530872345 0.885735094547272 0.477779895067215 0.0938566997647285 0.15950483083725 0.18106272816658 0.432585805654526 0.718937993049622 0.405676454305649 0.360813975334167 0.160722151398659 0.228382468223572 0.0736750066280365 0.0170850362628698 0.00485981861129403 0.00349862361326814 0.00381861953064799 0.00304748397320509 0.00258046807721257 0.00205432996153831 0.00200523412786424 0.00190780556295067
0.000765027478337288 0.000887025729753077 0.00104340305551887 0.00116041442379355 0.0014251071261242 0.00262705725617707 0.0178610011935234 0.062294464558363 0.17255699634552 0.211446404457092 0.550879061222076 0.133145183324814 0.387945204973221 0.889724791049957 0.739170610904694 0.389076918363571 0.306913048028946 0.364502936601639 0.261675298213959 0.461836487054825 0.688491642475128 0.367259919643402 0.211652994155884 0.140871092677116 0.100327052175999 0.0329409576952457 0.00722516514360905 0.00434632925316691 0.00301863229833543 0.00284622446633875 0.00260362378321588 0.0022262604907155 0.00212558754719794 0.00198890664614737 0.00188682344742119
0.000651732902042568 0.000801089976448566 0.000939659890718758 0.00114480464253575 0.00159970961976796 0.00236564292572439 0.00674933521077037 0.0284899286925793 0.0404899455606937 0.0621938407421112 0.0801477879285812 0.153292551636696 0.754738390445709 0.759166419506073 0.760080516338348 0.569841861724854 0.450370758771896 0.785846412181854 0.532813131809235 0.664030015468597 0.591704905033112 0.201297327876091 0.116592839360237 0.0537137910723686 0.019261822104454 0.0117647908627987 0.0061737191863358 0.00400596624240279 0.00337013811804354 0.00282219657674432 0.00246718362905085 0.00221175164915621 0.00200281501747668 0.00205078953877091 0.00193688971921802
0.00054729136172682 0.000654589792247862 0.000830740085802972 0.00127814197912812 0.00204603746533394 0.00296921981498599 0.00380862317979336 0.00673499470576644 0.0194422882050276 0.0210854187607765 0.0308881159871817 0.142707213759422 0.842031240463257 0.727805733680725 0.782514750957489 0.603949666023254 0.685378670692444 0.850168168544769 0.817336440086365 0.697318911552429 0.283770084381104 0.120440684258938 0.0357884094119072 0.019601734355092 0.00928935781121254 0.00957604683935642 0.00672647031024098 0.00358877214603126 0.00312980450689793 0.00284236506558955 0.00254291435703635 0.00232676789164543 0.00221151625737548 0.00233806041069329 0.00188300071749836
0.000404266000259668 0.000556658778805286 0.000783281284384429 0.00111335352994502 0.00264113838784397 0.0052901916205883 0.00531075987964869 0.0191853139549494 0.0536932423710823 0.0436111837625504 0.0520828366279602 0.187686875462532 0.378997087478638 0.585604012012482 0.893498480319977 0.79533463716507 0.73025369644165 0.814693510532379 0.776843726634979 0.682739555835724 0.477222621440887 0.0987251475453377 0.0527098551392555 0.0258211307227612 0.00840851385146379 0.0106950337067246 0.0100910197943449 0.00423468137159944 0.00332183088175952 0.00270997360348701 0.00254812696948647 0.00257037463597953 0.00253141787834466 0.00238110730424523 0.00235533388331532
0.000319211627356708 0.000566989125218242 0.000917786383070052 0.00155250588431954 0.00361411040648818 0.00572111643850803 0.00867557618767023 0.0179927945137024 0.0571226961910725 0.100220650434494 0.375278294086456 0.678568422794342 0.6405348777771 0.540957093238831 0.657037258148193 0.606907427310944 0.566852569580078 0.89170229434967 0.874968707561493 0.5448939204216 0.310079097747803 0.212162375450134 0.0479258298873901 0.0306542720645666 0.0152720781043172 0.00648764986544847 0.00575971603393555 0.00354911503382027 0.00323846843093634 0.00318351527675986 0.00283418479375541 0.00273194024339318 0.00278387404978275 0.00255162827670574 0.0021469674538821
0.000305591034702957 0.000572019256651402 0.000950157933402807 0.00160660245455801 0.00287520536221564 0.00444387225434184 0.00825398880988359 0.0375424772500992 0.0466157160699368 0.175501525402069 0.516003608703613 0.889477372169495 0.757122457027435 0.263124525547028 0.385437458753586 0.760786056518555 0.751655697822571 0.809404373168945 0.783353447914124 0.573697030544281 0.184414610266685 0.259841054677963 0.100985020399094 0.0379625000059605 0.0272649582475424 0.00811888370662928 0.00523900287225842 0.00385117041878402 0.00372203323058784 0.003340233117342 0.00315811671316624 0.00307389814406633 0.00271618505939841 0.00242839008569717 0.00216059759259224
0.000332327821524814 0.000607184192631394 0.000917920144274831 0.00126214337069541 0.00208107172511518 0.00330039369873703 0.00521386740729213 0.0415607169270515 0.0907214432954788 0.300652980804443 0.915247559547424 0.888130009174347 0.393527925014496 0.171031162142754 0.54142552614212 0.878060758113861 0.815719723701477 0.806991100311279 0.7742520570755 0.634647309780121 0.151669383049011 0.137239679694176 0.0646806359291077 0.0492458455264568 0.0307653434574604 0.0105164675042033 0.00618674186989665 0.00398952281102538 0.00379695417359471 0.00351341348141432 0.00310631725005805 0.00297069922089577 0.00265354500152171 0.00253800768405199 0.00230509391985834
0.000418814597651362 0.00065635540522635 0.000908938643988222 0.00122282525990158 0.00191474601160735 0.00415961304679513 0.00654818676412106 0.0264961887151003 0.190434113144875 0.475137889385223 0.862137377262115 0.852479577064514 0.338750213384628 0.224409207701683 0.721002995967865 0.917095363140106 0.821589708328247 0.730143547058105 0.604587197303772 0.471889287233353 0.14708799123764 0.0487519018352032 0.0596076063811779 0.0490751676261425 0.0384954176843166 0.0185713022947311 0.00462857540696859 0.00362999923527241 0.00312045682221651 0.00318087544292212 0.00299280462786555 0.00293002207763493 0.00264762085862458 0.00242697377689183 0.00207269680686295
