data/climate_estimation/maxent_output/Bomarea_coccinea.asc
NCOLS 132 
NROWS 274 
XLLCORNER -78.5833333333333 
YLLCORNER -16.8333333333333 
CELLSIZE 0.0833333333333333 
NODATA_value -3.4e+38 
[rows 19 to 37 of 274, columns 86 to 128 of 132]
0.0117882750928402 0.0121989585459232 0.0135132381692529 0.0140201700851321 0.0156992860138416 0.01661098562181 0.0139403566718102 0.0125807896256447 0.0122465146705508 0.0119823152199388 0.0146696763113141 0.0156610850244761 0.0181280635297298 0.0184668097645044 0.0193517431616783 0.0199069026857615 0.0199361778795719 0.0209722295403481 0.0213303882628679 0.0236129313707352 0.0249358657747507 0.0275571551173925 0.0297324303537607 0.0297731906175613 0.0292188692837954 0.0286898110061884 0.0308640282601118 0.0331534184515476 0.0335737094283104 0.0332439765334129 0.0372901558876038 0.0393173918128014 0.0395600199699402 0.0403983518481255 0.0411728546023369 0.0407513864338398 0.0409587137401104 0.0423412583768368 0.0441425368189812 0.0456288643181324 0.0411694869399071 0.0427404567599297 0.0410565063357353
0.0112496903166175 0.0104174697771668 0.0119754998013377 0.012638327665627 0.0130029721185565 0.013331076130271 0.0147148976102471 0.0134176602587104 0.0143531514331698 0.015094761736691 0.0148885194212198 0.0171075444668531 0.0172791536897421 0.0198507457971573 0.0199628490954638 0.0208239536732435 0.021359495818615 0.0230153892189264 0.0254384502768517 0.0265635065734386 0.02705311588943 0.0322536565363407 0.0328477844595909 0.0323717407882214 0.0336679816246033 0.0350647009909153 0.0369831547141075 0.0371612645685673 0.0400701798498631 0.0400717072188854 0.0408474802970886 0.0396572165191174 0.0414767116308212 0.0404859185218811 0.040913287550211 0.0413160026073456 0.0423589870333672 0.0436282977461815 0.0449637472629547 0.045861404389143 0.0469127856194973 0.0470763072371483 0.0479045771062374
0.00957728270441294 0.0112316831946373 0.0112622873857617 0.0123704513534904 0.013054670765996 0.0134086906909943 0.0127870729193091 0.0143160158768296 0.0147375361993909 0.0144132673740387 0.0153848752379417 0.0166086591780186 0.0185475293546915 0.0202164053916931 0.022988323122263 0.0227255169302225 0.0246239081025124 0.0251143872737885 0.0257501024752855 0.0281001217663288 0.028781846165657 0.0329658724367619 0.0322788059711456 0.0362619683146477 0.0395906120538712 0.0402170643210411 0.0417206138372421 0.0414825081825256 0.0425311885774136 0.0408036261796951 0.0419410280883312 0.0422770343720913 0.0411945357918739 0.0422492623329163 0.0435505248606205 0.0442776121199131 0.0444732084870338 0.0460047125816345 0.0446272492408752 0.0451582819223404 0.0484777316451073 0.0484128408133984 0.0492887422442436
0.00978507939726114 0.00972884241491556 0.0097282687202096 0.0102110356092453 0.0109019381925464 0.0124932816252112 0.0131644560024142 0.0148562723770738 0.0155562786385417 0.0168920438736677 0.0172551684081554 0.0187849327921867 0.0195426214486361 0.0214198175817728 0.0242454279214144 0.0259423833340406 0.0272906441241503 0.0262987669557333 0.0287397131323814 0.0290246978402138 0.0326406061649323 0.0320502184331417 0.0382952280342579 0.0389433018863201 0.0403545945882797 0.0403535775840282 0.0418294072151184 0.0419823788106441 0.0430896915495396 0.0426277816295624 0.0416111275553703 0.0417987443506718 0.0442303754389286 0.0452461652457714 0.0457886308431625 0.0459537282586098 0.0448456481099129 0.0465062186121941 0.0479844249784946 0.0475650988519192 0.0480131395161152 0.0499568842351437 0.0504971854388714
0.00911562889814377 0.00883435364812613 0.009771971963346 0.00947035010904074 0.0104011055082083 0.0126168495044112 0.0130674839019775 0.0143418833613396 0.0161630623042583 0.0195080116391182 0.0177743714302778 0.0196249242872 0.0223156530410051 0.0231104139238596 0.0234068371355534 0.025688050314784 0.0272046271711588 0.0270890220999718 0.030874390155077 0.0314226262271404 0.0317757911980152 0.0353520624339581 0.0393486358225346 0.0389627814292908 0.0417862273752689 0.0449306964874268 0.0443702712655067 0.0447068884968758 0.0449996404349804 0.0461022704839706 0.043161902576685 0.0469957888126373 0.0486130192875862 0.0473371334373951 0.0472146198153496 0.0463735051453114 0.0473526194691658 0.0493341200053692 0.0475418232381344 0.0473699197173119 0.0472960360348225 0.0489736050367355 0.0507411099970341
0.0103764189407229 0.00952546205371618 0.00880943052470684 0.0105539262294769 0.0109190344810486 0.0128348916769028 0.0140483593568206 0.0160892438143492 0.0178498011082411 0.020070293918252 0.0205621235072613 0.0205914080142975 0.0227315165102482 0.0251533556729555 0.0258698277175426 0.0262264627963305 0.0279792957007885 0.0301880352199078 0.0304251797497272 0.032274954020977 0.0357518084347248 0.0378908142447472 0.0400708094239235 0.0414956547319889 0.0423139072954655 0.044673778116703 0.0445791706442833 0.0451649054884911 0.0459202975034714 0.0469772554934025 0.0479008741676807 0.0463583283126354 0.0476477108895779 0.0480272360146046 0.0486890152096748 0.0477535426616669 0.0477308891713619 0.0485979318618774 0.0484265573322773 0.0500905960798264 0.0483500324189663 0.0482291765511036 0.0489520318806171
0.00977576617151499 0.00962430238723755 0.0101292161270976 0.0111083015799522 0.0123062580823898 0.0144008575007319 0.0157618373632431 0.0186936352401972 0.0197918508201838 0.0197420157492161 0.0205363817512989 0.0223806593567133 0.0238734856247902 0.0245576817542315 0.0260067135095596 0.0291888993233442 0.0285356231033802 0.030551927164197 0.032774168998003 0.0359759032726288 0.0362286902964115 0.0387476719915867 0.042629424482584 0.0455659739673138 0.0468690916895866 0.0456536486744881 0.0477737188339233 0.0481181107461452 0.0477085039019585 0.0480719022452831 0.0481074675917625 0.0509034767746925 0.0510876327753067 0.0506740026175976 0.0502039417624474 0.0506032779812813 0.0520019978284836 0.0520168803632259 0.0514227822422981 0.0514629632234573 0.0483720488846302 0.0479552671313286 0.0509212054312229
0.0105122020468116 0.0103933764621615 0.0113320760428905 0.012607061304152 0.0141592724248767 0.0164709016680717 0.0191376730799675 0.0198395624756813 0.0210025887936354 0.0214573368430138 0.0222912766039371 0.0223159324377775 0.0249417517334223 0.0254373662173748 0.0276694316416979 0.0281623043119907 0.0309873055666685 0.032501894980669 0.0349813252687454 0.0370994135737419 0.0401261821389198 0.0387097559869289 0.0459634624421597 0.0448867157101631 0.045998077839613 0.0473447628319263 0.0490825511515141 0.0494732148945332 0.0506282299757004 0.0485094077885151 0.0501433983445168 0.0514221414923668 0.0513125211000443 0.0522428303956985 0.0529610626399517 0.0545476488769054 0.0539243035018444 0.0551383569836617 0.0534786693751812 0.0509656630456448 0.0502790436148643 0.0491997897624969 0.0536075048148632
0.0106472847983241 0.0122739998623729 0.0141028137877584 0.0134764043614268 0.0150473713874817 0.0168419983237982 0.0204417854547501 0.0211243089288473 0.0216423030942678 0.0223874635994434 0.0237509179860353 0.0226962827146053 0.0259860847145319 0.0288227461278439 0.0300037916749716 0.030555248260498 0.0335683785378933 0.0341116040945053 0.0371026322245598 0.0406555272638798 0.0405400283634663 0.0434122309088707 0.045831810683012 0.0488488227128983 0.0500433556735516 0.0501523651182652 0.0511055923998356 0.0519982166588306 0.0517386198043823 0.0515934452414513 0.053211510181427 0.0543320253491402 0.0564789511263371 0.0571666620671749 0.0587855987250805 0.0558314584195614 0.057249590754509 0.0545912086963654 0.0561184100806713 0.057721484452486 0.0583492740988731 0.0540979243814945 0.0541904121637344
0.0123775526881218 0.0135396216064692 0.014526485465467 0.0150729520246387 0.015582200139761 0.0167247820645571 0.019302586093545 0.0221113283187151 0.0221084710210562 0.0223570428788662 0.024088878184557 0.0250516831874847 0.0257583428174257 0.0283685103058815 0.0290919542312622 0.0343089699745178 0.0349866151809692 0.0367449820041656 0.0374866984784603 0.0405398719012737 0.0414526499807835 0.0452135428786278 0.0490610599517822 0.0499896481633186 0.0529712550342083 0.0536447539925575 0.0530728623270988 0.0533039458096027 0.0558098703622818 0.0573301203548908 0.0585566163063049 0.0609930902719498 0.0625604093074799 0.0619837269186974 0.0623845010995865 0.0603005141019821 0.059318371117115 0.0589799955487251 0.059642568230629 0.0593011006712914 0.058159988373518 0.0563186630606651 0.0595630519092083
0.0152670564129949 0.015726413577795 0.0176130793988705 0.0180023293942213 0.0194045212119818 0.0191665273159742 0.0213155504316092 0.0219861529767513 0.0231955237686634 0.0240203086286783 0.0242897029966116 0.0259781237691641 0.0292773246765137 0.0316518135368824 0.0333830825984478 0.0372648984193802 0.0404133312404156 0.0397024042904377 0.0413433834910393 0.0480629280209541 0.0494978353381157 0.0533244125545025 0.055436447262764 0.0573158971965313 0.0564059317111969 0.0570161640644073 0.0604841969907284 0.0628660395741463 0.0642928332090378 0.0646158158779144 0.065267913043499 0.0667282268404961 0.0653650090098381 0.0628308206796646 0.0641514286398888 0.0618390031158924 0.0641323104500771 0.064398780465126 0.0633043348789215 0.0646778717637062 0.0644200444221497 0.0622260496020317 0.0629867836833
0.0161917842924595 0.0163757149130106 0.0186251569539309 0.0196223352104425 0.0196320433169603 0.0208032671362162 0.0229384917765856 0.0228072311729193 0.0239544417709112 0.0237498711794615 0.0258701276034117 0.0284251179546118 0.0295874979346991 0.032920278608799 0.0377922207117081 0.0395378991961479 0.0400397628545761 0.0437827371060848 0.0457891747355461 0.0519673526287079 0.055052001029253 0.0582437478005886 0.0599362514913082 0.0583983734250069 0.0585455559194088 0.0616603344678879 0.0642699748277664 0.0662284940481186 0.0696143433451653 0.0687790811061859 0.0709689781069756 0.0713241994380951 0.0710251331329346 0.0698501095175743 0.0687930062413216 0.0716628730297089 0.0715645328164101 0.0700812712311745 0.073254369199276 0.0682034939527512 0.0686690434813499 0.068199947476387 0.0707658603787422
0.0178276095539331 0.0193602871149778 0.0206593163311481 0.018164424225688 0.0210463833063841 0.022018376737833 0.0228729713708162 0.0250960290431976 0.0234184376895428 0.0252945739775896 0.0286678913980722 0.0313451327383518 0.0334819331765175 0.0358331874012947 0.0408909134566784 0.0414076335728168 0.0434298180043697 0.0446539185941219 0.0532065518200397 0.0561382286250591 0.0592983029782772 0.0598997697234154 0.0607412531971931 0.0619733817875385 0.0646852403879166 0.0691890493035316 0.0693730860948563 0.069057509303093 0.0738306865096092 0.072691410779953 0.0738906338810921 0.0759114623069763 0.0747648477554321 0.0727259591221809 0.0760741010308266 0.0777852684259415 0.077510192990303 0.0769903585314751 0.0768866837024689 0.076232485473156 0.0739862993359566 0.0740418881177902 0.0746713429689407
0.0174372233450413 0.0198315642774105 0.0208118055015802 0.0210462268441916 0.021711029112339 0.023694122210145 0.0244678184390068 0.0278891231864691 0.0276804603636265 0.0288697239011526 0.0302653387188911 0.0323760211467743 0.03654745221138 0.0379175283014774 0.0408358983695507 0.0434334427118301 0.0484848469495773 0.051894873380661 0.0555447861552238 0.0596435219049454 0.0616811960935593 0.0638375207781792 0.0633849650621414 0.0666140615940094 0.0701416730880737 0.0742459818720818 0.0794105753302574 0.0748649835586548 0.0761198252439499 0.0770741626620293 0.0795150101184845 0.0787869989871979 0.0804794430732727 0.0823793336749077 0.0817782431840897 0.0828825533390045 0.0828238055109978 0.0862440466880798 0.0834878012537956 0.0837257578969002 0.0834011808037758 0.0815271064639091 0.0784940049052238
0.0175436623394489 0.0182507485151291 0.0196702517569065 0.0210781954228878 0.0231349393725395 0.0236547570675611 0.0266271252185106 0.0267999842762947 0.0287915132939816 0.0310855098068714 0.0347262248396873 0.0388153456151485 0.0397690273821354 0.0397113487124443 0.0409601517021656 0.047155886888504 0.0492278598248959 0.0583896674215794 0.0620504394173622 0.0637452527880669 0.0629357323050499 0.068514958024025 0.0741127505898476 0.0745374336838722 0.0780752077698708 0.0792261436581612 0.0804731175303459 0.0811350643634796 0.0834627076983452 0.0834186971187592 0.0830056369304657 0.0838348418474197 0.0886995047330856 0.0917328149080276 0.0890674516558647 0.0917684808373451 0.092350073158741 0.0900774896144867 0.0910298749804497 0.0902814045548439 0.0907864049077034 0.0877742767333984 0.0868139788508415
0.0171277020126581 0.0171744916588068 0.0191239677369595 0.0211658980697393 0.0236240793019533 0.0266548730432987 0.0299543216824532 0.0319302678108215 0.0316593535244465 0.0344598591327667 0.0400869660079479 0.040218211710453 0.0431815795600414 0.0463116951286793 0.0471575707197189 0.0539668463170528 0.059782188385725 0.0634303912520409 0.0649898648262024 0.0694153010845184 0.0704475864768028 0.0735202059149742 0.0751770809292793 0.0795379504561424 0.0812459141016006 0.0812226235866547 0.081294558942318 0.0877321884036064 0.089170902967453 0.0918482467532158 0.0915603265166283 0.0958680137991905 0.0976315960288048 0.0954399332404137 0.0953707098960876 0.09797552973032 0.0978234708309174 0.0966934859752655 0.0967087969183922 0.0985106974840164 0.0972799435257912 0.0950086042284966 0.0926658511161804
0.0170499198138714 0.0193909369409084 0.0204015616327524 0.0216697584837675 0.0231228265911341 0.0270583312958479 0.0290250983089209 0.0301026534289122 0.035441879183054 0.0392015278339386 0.0419921912252903 0.0464295148849487 0.0512578189373016 0.0461248084902763 0.0502028577029705 0.0616342574357986 0.0651984140276909 0.0694467797875404 0.0737488865852356 0.0706540495157242 0.0744935944676399 0.0778437107801437 0.0801411271095276 0.0812391042709351 0.0822836235165596 0.088890828192234 0.0910451114177704 0.0878424942493439 0.0903908237814903 0.0924496203660965 0.0968330651521683 0.0960261076688766 0.0968384444713593 0.0961444154381752 0.096208244562149 0.0958982855081558 0.0938347205519676 0.095253199338913 0.102392792701721 0.101176828145981 0.101085148751736 0.0981524884700775 0.099358931183815
0.0200341660529375 0.0208031833171844 0.0225446913391352 0.025021081790328 0.0264165233820677 0.0276741646230221 0.0300850085914135 0.0302501432597637 0.0355617552995682 0.0414737984538078 0.0476007498800755 0.0541819594800472 0.0525577776134014 0.0467680096626282 0.0560175180435181 0.0683431029319763 0.0705754533410072 0.0740216299891472 0.0755090489983559 0.0792622566223145 0.077421210706234 0.0830678269267082 0.0854223072528839 0.0829676985740662 0.0832056403160095 0.0878554359078407 0.0901125371456146 0.0820447281002998 0.0830132812261581 0.0879258066415787 0.0881771743297577 0.0888131558895111 0.087506927549839 0.0893059372901917 0.0891143530607224 0.0894229710102081 0.0852055475115776 0.0882222205400467 0.0990207642316818 0.0973275601863861 0.103563152253628 0.101653359830379 0.099211297929287
0.0179606191813946 0.0213278643786907 0.0221236050128937 0.0233065821230412 0.0265850853174925 0.0275342650711536 0.0302241835743189 0.0305635705590248 0.0361269228160381 0.0404590182006359 0.0530035868287086 0.0505607277154922 0.0480874739587307 0.055639024823904 0.0610221959650517 0.0726683959364891 0.0748709291219711 0.076616033911705 0.0791567042469978 0.0805292427539825 0.0846775397658348 0.0816905125975609 0.0823074504733086 0.0865066722035408 0.0817574188113213 0.0850018560886383 0.085606649518013 0.0773938894271851 0.0793679729104042 0.0842037796974182 0.0846433266997337 0.0823426693677902 0.0826308727264404 0.082686185836792 0.0790534093976021 0.0823268070816994 0.0807646885514259 0.0788963511586189 0.0793952420353889 0.088086761534214 0.0890737473964691 0.088380441069603 0.0980187878012657
