data/climate_estimation/maxent_output/Bomarea_setacea.asc
NCOLS 134 
NROWS 286 
XLLCORNER -79.6666666666667 
YLLCORNER -15.5 
CELLSIZE 0.0833333333333334 
NODATA_value -3.4e+38 
[rows 209 to 227 of 286, columns 0 to 42 of 134]
-3.4e+38 -3.4e+38 -3.4e+38 -3.4e+38 -3.4e+38 -3.4e+38 -3.4e+38 -3.4e+38 -3.4e+38 -3.4e+38 -3.4e+38 -3.4e+38 0.00176766444928944 0.00180440512485802 0.00215604528784752 0.00292766559869051 0.00404002377763391 0.00441889651119709 0.0117385517805815 0.0241389330476522 0.0708076655864716 0.0729704350233078 0.0974158421158791 0.181963324546814 0.140479266643524 0.0742436125874519 0.092274397611618 0.462538212537766 0.46391761302948 0.28757581114769 0.437046080827713 0.556204855442047 0.702756345272064 0.803704142570496 0.843346953392029 0.8686483502388 0.683553397655487 0.573085129261017 0.571875274181366 0.607022523880005 0.424536854028702 0.248816624283791 0.113989509642124
-3.4e+38 -3.4e+38 -3.4e+38 -3.4e+38 -3.4e+38 -3.4e+38 -3.4e+38 -3.4e+38 -3.4e+38 -3.4e+38 -3.4e+38 -3.4e+38 0.00186678429599851 0.00167515221983194 0.00210054079070687 0.0023088192101568 0.00329646724276245 0.00507905427366495 0.0107273701578379 0.0375992022454739 0.0677452683448792 0.038902685046196 0.101139612495899 0.174108758568764 0.254127025604248 0.0813837349414825 0.116018526256084 0.186184152960777 0.12646396458149 0.225983649492264 0.277427494525909 0.455592423677444 0.75783896446228 0.619681417942047 0.818716406822205 0.848686039447784 0.796760678291321 0.521863102912903 0.449714303016663 0.376460909843445 0.298118233680725 0.174481570720673 0.127893671393394
-3.4e+38 -3.4e+38 -3.4e+38 -3.4e+38 -3.4e+38 -3.4e+38 -3.4e+38 -3.4e+38 -3.4e+38 -3.4e+38 -3.4e+38 -3.4e+38 -3.4e+38 0.00166850676760077 0.00185900833457708 0.00261413957923651 0.00292215845547616 0.00578768318518996 0.0133279813453555 0.0259511433541775 0.0877098515629768 0.034829493612051 0.0275871455669403 0.147191971540451 0.192520990967751 0.170945391058922 0.0841473639011383 0.0922170057892799 0.136768013238907 0.327655822038651 0.423965245485306 0.67261004447937 0.721340298652649 0.474307596683502 0.673805356025696 0.857262670993805 0.854701519012451 0.641322374343872 0.392521977424622 0.34786182641983 0.434890240430832 0.331411451101303 0.200719431042671
-3.4e+38 -3.4e+38 -3.4e+38 -3.4e+38 -3.4e+38 -3.4e+38 -3.4e+38 -3.4e+38 -3.4e+38 -3.4e+38 -3.4e+38 -3.4e+38 -3.4e+38 -3.4e+38 0.00178194651380181 0.00190438411664218 0.00265711406245828 0.00367448409087956 0.00650570075958967 0.0246446169912815 0.0832372158765793 0.0519037954509258 0.0278382450342178 0.0268108434975147 0.156811222434044 0.284129679203033 0.0638270452618599 0.110303267836571 0.108640693128109 0.369860112667084 0.629478454589844 0.70032811164856 0.45535671710968 0.494136780500412 0.850893259048462 0.791290640830994 0.804194808006287 0.761075615882874 0.669831693172455 0.55499005317688 0.816344916820526 0.488158702850342 0.323049962520599
-3.4e+38 -3.4e+38 -3.4e+38 -3.4e+38 -3.4e+38 -3.4e+38 -3.4e+38 -3.4e+38 -3.4e+38 -3.4e+38 -3.4e+38 -3.4e+38 -3.4e+38 -3.4e+38 0.00174123921897262 0.00175871164537966 0.0020386534743011 0.00296871666796505 0.00595935573801398 0.013637020252645 0.0277427583932877 0.059487022459507 0.0522381439805031 0.0357034765183926 0.0428518578410149 0.256580233573914 0.07911317050457 0.0653969049453735 0.0959195047616959 0.350332915782928 0.454482823610306 0.393997430801392 0.410098820924759 0.588883996009827 0.849714040756226 0.655314803123474 0.702353179454803 0.834970891475677 0.843818247318268 0.846879899501801 0.848342478275299 0.657206833362579 0.344259858131409
-3.4e+38 -3.4e+38 -3.4e+38 -3.4e+38 -3.4e+38 -3.4e+38 -3.4e+38 -3.4e+38 -3.4e+38 -3.4e+38 -3.4e+38 -3.4e+38 -3.4e+38 -3.4e+38 -3.4e+38 0.00203544343821704 0.00233198399655521 0.0030191782861948 0.00421684887260199 0.00557961547747254 0.0106636323034763 0.0213323123753071 0.0665328130125999 0.0715370401740074 0.0442073494195938 0.24219237267971 0.179798647761345 0.0606775693595409 0.0832367986440659 0.210324794054031 0.440119177103043 0.23066633939743 0.311028808355331 0.646485567092896 0.857934534549713 0.786267399787903 0.678709328174591 0.712591946125031 0.817054331302643 0.84047943353653 0.76201719045639 0.716602742671967 0.648026466369629
-3.4e+38 -3.4e+38 -3.4e+38 -3.4e+38 -3.4e+38 -3.4e+38 -3.4e+38 -3.4e+38 -3.4e+38 -3.4e+38 -3.4e+38 -3.4e+38 -3.4e+38 -3.4e+38 -3.4e+38 0.0019025121582672 0.00326591217890382 0.00359821459278464 0.00520099466666579 0.00790673401206732 0.0263940673321486 0.04808334633708 0.0796452015638351 0.0485242046415806 0.0294638723134995 0.100358687341213 0.117092862725258 0.0632824003696442 0.0675766244530678 0.216706410050392 0.154977172613144 0.188617244362831 0.282994329929352 0.524144291877747 0.709112167358398 0.820542931556702 0.734312772750854 0.691297173500061 0.797983765602112 0.852272927761078 0.850661814212799 0.841882586479187 0.650528907775879
-339999999999999996123846586046231871488.000000000000000 -3.4e+38 -3.4e+38 -3.4e+38 -3.4e+38 -3.4e+38 -3.4e+38 -3.4e+38 -3.4e+38 -3.4e+38 -3.4e+38 -3.4e+38 -3.4e+38 -3.4e+38 -3.4e+38 0.00178700895048678 0.00196343148127198 0.00331311160698533 0.00466150650754571 0.00523216836154461 0.0121642053127289 0.0360076725482941 0.0433553382754326 0.0214660707861185 0.0510158948600292 0.0346754938364029 0.130134671926498 0.080970361828804 0.0513747669756413 0.0975224822759628 0.102343894541264 0.135435119271278 0.239386528730392 0.415578633546829 0.775357127189636 0.845388293266296 0.792940318584442 0.698242664337158 0.711554169654846 0.786023736000061 0.831409633159637 0.840118408203125 0.651297450065613
-3.4e+38 -3.4e+38 -3.4e+38 -3.4e+38 -3.4e+38 -3.4e+38 -3.4e+38 -3.4e+38 -3.4e+38 -3.4e+38 -3.4e+38 -3.4e+38 -3.4e+38 -3.4e+38 -3.4e+38 -3.4e+38 0.00179402646608651 0.00221434212289751 0.00337717588990927 0.00625126995146275 0.00790075678378344 0.026796942576766 0.050836093723774 0.0485300235450268 0.0765576288104057 0.0337725467979908 0.0601890794932842 0.0717941522598267 0.0470110774040222 0.063092976808548 0.0766317173838615 0.13142329454422 0.262860089540482 0.456710010766983 0.818894326686859 0.734105169773102 0.798177123069763 0.744887351989746 0.761258184909821 0.834684133529663 0.810426712036133 0.77069628238678 0.666157007217407
-3.4e+38 -3.4e+38 -3.4e+38 -3.4e+38 -3.4e+38 -3.4e+38 -3.4e+38 -3.4e+38 -3.4e+38 -3.4e+38 -3.4e+38 -3.4e+38 -3.4e+38 -3.4e+38 -3.4e+38 -3.4e+38 0.00169603968970478 0.0023578021209687 0.00315322261303663 0.0039074569940567 0.0081592733040452 0.0203731879591942 0.0311545506119728 0.0550754554569721 0.0288265738636255 0.0202722679823637 0.037061408162117 0.056355856359005 0.0346974395215511 0.0584057793021202 0.0747205018997192 0.135065957903862 0.281398057937622 0.543083667755127 0.77536928653717 0.667248785495758 0.823392271995544 0.788190186023712 0.830597043037415 0.811243295669556 0.689502835273743 0.307771474123001 0.671524882316589
-3.4e+38 -3.4e+38 -3.4e+38 -3.4e+38 -3.4e+38 -3.4e+38 -3.4e+38 -3.4e+38 -3.4e+38 -3.4e+38 -3.4e+38 -3.4e+38 -3.4e+38 -3.4e+38 -3.4e+38 -3.4e+38 0.00118238001596183 0.00131706660613418 0.0028965468518436 0.002880152547732 0.00417553959414363 0.00668240431696177 0.0124737517908216 0.0388368852436543 0.0343556180596352 0.0285886693745852 0.0287369322031736 0.0456679239869118 0.0456580594182014 0.0558643266558647 0.0600478425621986 0.115694940090179 0.172012433409691 0.325750142335892 0.40386626124382 0.729026257991791 0.796835124492645 0.763017117977142 0.828899383544922 0.787068009376526 0.411737978458405 0.617569863796234 0.827671349048615
-3.4e+38 -3.4e+38 -3.4e+38 -3.4e+38 -3.4e+38 -3.4e+38 -3.4e+38 -3.4e+38 -3.4e+38 -3.4e+38 -3.4e+38 -3.4e+38 -3.4e+38 -3.4e+38 -3.4e+38 -3.4e+38 -3.4e+38 0.00120930431876332 0.00147800135891885 0.00295576499775052 0.00362256122753024 0.00700195459648967 0.018163425847888 0.0353757217526436 0.0473396331071854 0.0343901962041855 0.041471604257822 0.0349549986422062 0.0447507239878178 0.0537928305566311 0.0986907631158829 0.122568733990192 0.132595896720886 0.211133822798729 0.358903020620346 0.764874935150146 0.765727758407593 0.760337352752686 0.805993437767029 0.800815403461456 0.789042711257935 0.478213369846344 0.828963339328766
-3.4e+38 -3.4e+38 -3.4e+38 -3.4e+38 -3.4e+38 -3.4e+38 -3.4e+38 -3.4e+38 -3.4e+38 -3.4e+38 -3.4e+38 -3.4e+38 -3.4e+38 -3.4e+38 -3.4e+38 -3.4e+38 -3.4e+38 0.000692697358317673 0.00146159227006137 0.00228040781803429 0.00478323828428984 0.00585142057389021 0.0123305283486843 0.0345195047557354 0.0416093878448009 0.0389713644981384 0.0487306825816631 0.0536436326801777 0.0404481552541256 0.0438835471868515 0.129589676856995 0.117446303367615 0.119808949530125 0.191054835915565 0.345566183328629 0.634717226028442 0.741257667541504 0.726263523101807 0.738637804985046 0.761946976184845 0.817414343357086 0.551714539527893 0.832834720611572
-3.4e+38 -3.4e+38 -3.4e+38 -3.4e+38 -3.4e+38 -3.4e+38 -3.4e+38 -3.4e+38 -3.4e+38 -3.4e+38 -3.4e+38 -3.4e+38 -3.4e+38 -3.4e+38 -3.4e+38 -3.4e+38 -3.4e+38 -3.4e+38 0.00078935018973425 0.00175842549651861 0.00349669787101448 0.00475672865286469 0.0165161117911339 0.0378289930522442 0.027813458815217 0.0219299215823412 0.0426105707883835 0.0336545892059803 0.0317847803235054 0.062870629131794 0.146163567900658 0.132908895611763 0.131680905818939 0.228237509727478 0.350804477930069 0.418878495693207 0.685525298118591 0.67537122964859 0.78919780254364 0.782104551792145 0.768195390701294 0.746096134185791 0.806865096092224
-3.4e+38 -3.4e+38 -3.4e+38 -3.4e+38 -3.4e+38 -3.4e+38 -3.4e+38 -3.4e+38 -3.4e+38 -3.4e+38 -3.4e+38 -3.4e+38 -3.4e+38 -3.4e+38 -3.4e+38 -3.4e+38 -3.4e+38 -3.4e+38 0.00066999439150095 0.000880200939718634 0.00274817971512675 0.00529322493821383 0.0109456581994891 0.017556631937623 0.0111814746633172 0.0200966466218233 0.0357029028236866 0.0291933752596378 0.0366868115961552 0.0768351182341576 0.103548966348171 0.07593834400177 0.158675014972687 0.17896780371666 0.301600515842438 0.401469051837921 0.578453361988068 0.664379239082336 0.757072269916534 0.766603291034698 0.78236335515976 0.787273645401001 0.819231808185577
-3.4e+38 -3.4e+38 -3.4e+38 -3.4e+38 -3.4e+38 -3.4e+38 -3.4e+38 -3.4e+38 -3.4e+38 -3.4e+38 -3.4e+38 -3.4e+38 -3.4e+38 -3.4e+38 -3.4e+38 -3.4e+38 -3.4e+38 -3.4e+38 -3.4e+38 0.000715354341082275 0.00188363832421601 0.00532840099185705 0.00655188597738743 0.00620607053861022 0.0114409327507019 0.0275457911193371 0.0348283909261227 0.036054402589798 0.0350326299667358 0.0572130680084229 0.094580814242363 0.11261373013258 0.145954042673111 0.18022882938385 0.254469782114029 0.343979328870773 0.506009519100189 0.62781947851181 0.745632112026215 0.764509499073029 0.786567091941833 0.775395333766937 0.799355089664459
-3.4e+38 -3.4e+38 -3.4e+38 -3.4e+38 -3.4e+38 -3.4e+38 -3.4e+38 -3.4e+38 -3.4e+38 -3.4e+38 -3.4e+38 -3.4e+38 -3.4e+38 -3.4e+38 -3.4e+38 -3.4e+38 -3.4e+38 -3.4e+38 -3.4e+38 0.000647319189738482 0.000821904221083969 0.00272568757645786 0.0047765881754458 0.00463786302134395 0.00870219245553017 0.0149523057043552 0.0317678116261959 0.0317052640020847 0.0457357838749886 0.0525352098047733 0.060114897787571 0.0898192450404167 0.12104269862175 0.176171913743019 0.213901594281197 0.279646664857864 0.417886793613434 0.697558343410492 0.740517497062683 0.741779446601868 0.76044625043869 0.783450663089752 0.778641998767853
-3.4e+38 -3.4e+38 -3.4e+38 -3.4e+38 -3.4e+38 -3.4e+38 -3.4e+38 -3.4e+38 -3.4e+38 -3.4e+38 -3.4e+38 -3.4e+38 -3.4e+38 -3.4e+38 -3.4e+38 -3.4e+38 -3.4e+38 -3.4e+38 -3.4e+38 -3.4e+38 0.000710684864316136 0.000854425656143576 0.00183522887527943 0.00240164110437036 0.00656425347551703 0.0125201120972633 0.0218396447598934 0.0300196185708046 0.0228771660476923 0.0276528708636761 0.0527010858058929 0.0744866728782654 0.106800772249699 0.17890477180481 0.236971437931061 0.303702175617218 0.447166293859482 0.6405348777771 0.685347437858582 0.6963050365448 0.731132507324219 0.782938599586487 0.765420913696289
-3.4e+38 -3.4e+38 -3.4e+38 -3.4e+38 -3.4e+38 -3.4e+38 -3.4e+38 -3.4e+38 -3.4e+38 -3.4e+38 -3.4e+38 -3.4e+38 -3.4e+38 -3.4e+38 -3.4e+38 -3.4e+38 -3.4e+38 -3.4e+38 -3.4e+38 -3.4e+38 -3.4e+38 0.000367637432646006 0.000812709738966078 0.00189607113134116 0.00264990562573075 0.00643397262319922 0.00970487017184496 0.0160727053880692 0.0252774246037006 0.0441063717007637 0.0630842372775078 0.0642763376235962 0.0877163410186768 0.137669682502747 0.19910079240799 0.279656976461411 0.375944882631302 0.538636684417725 0.632213652133942 0.674582719802856 0.711763739585876 0.739731431007385 0.741600036621094
