data/climate_estimation/maxent_output/Bomarea_purpurea.asc
NCOLS 94 
NROWS 254 
XLLCORNER -79.75 
YLLCORNER -13.0833333333333 
CELLSIZE 0.0833333333333333 
NODATA_value -3.4e+38 
[rows 0 to 18 of 254, columns 43 to 85 of 94]
0.00880585238337517 0.0256937146186829 0.0210487507283688 0.0137352328747511 0.00858008954674006 0.00713250506669283 0.00492049148306251 0.00372532848268747 0.00314011890441179 0.00279759359546006 0.00304653984494507 0.00371847930364311 0.00390103086829185 0.00391135178506374 0.00360030098818243 0.00376268941909075 0.00401700008660555 0.00428026961162686 0.0059333024546504 0.00521361967548728 0.00759011507034302 0.0157273150980473 0.106699004769325 0.152497813105583 0.0484748147428036 0.0136274378746748 0.00292988982982934 0.00168947735801339 0.00171832402702421 0.00186626520007849 0.00288811116479337 0.00427148770540953 0.00838941335678101 0.0770215764641762 0.450557261705399 0.180015310645103 0.365105748176575 0.676143229007721 0.724115788936615 0.113365344703197 0.0410936400294304 0.132670402526855 0.00716919219121337
0.0211146008223295 0.0532876923680305 0.0311632864177227 0.0135300029069185 0.00809517037123442 0.00643049646168947 0.00489940727129579 0.00402668351307511 0.00338215962983668 0.00322555005550385 0.00343427411280572 0.00355964549817145 0.00400897208601236 0.0039011740591377 0.00354821956716478 0.00359045527875423 0.00362577755004168 0.00388647639192641 0.00779063021764159 0.0089043602347374 0.00639827735722065 0.0219299774616957 0.115036569535732 0.111735232174397 0.0460621863603592 0.0094740241765976 0.00260989274829626 0.00196992862038314 0.00193053332623094 0.00222372659482062 0.00255039613693953 0.00339506240561604 0.00557464733719826 0.049859307706356 0.596378684043884 0.506654798984528 0.514720618724823 0.816902756690979 0.783096790313721 0.356326252222061 0.241590663790703 0.0238482095301151 0.00764271290972829
0.01992960087955 0.0253988057374954 0.0211475696414709 0.00867106765508652 0.00772537523880601 0.0064620622433722 0.00548922177404165 0.00464142626151443 0.00408519664779305 0.00382356904447079 0.00364514323882759 0.00369598576799035 0.00392954470589757 0.00377297773957253 0.00363635923713446 0.00351617368869483 0.00315728154964745 0.004177316557616 0.00970412883907557 0.0104440683498979 0.0240598116070032 0.0576854981482029 0.0946830585598946 0.0750821232795715 0.0235785432159901 0.00818043481558561 0.00251992978155613 0.00228868331760168 0.00227387365885079 0.00231704022735357 0.00263323658145964 0.0035873232409358 0.00475120358169079 0.023121090605855 0.29797026515007 0.824797749519348 0.663921236991882 0.905153572559357 0.83990466594696 0.813618421554565 0.116386875510216 0.0156092792749405 0.00785550475120544
0.0206638276576996 0.0168543476611376 0.0162753649055958 0.00885250605642796 0.00806643906980753 0.00680853379890323 0.00701145129278302 0.00594984693452716 0.00503272237256169 0.00431423401460052 0.00404040468856692 0.00390821555629373 0.0041494220495224 0.00370998866856098 0.00360870850272477 0.0033179649617523 0.00313363713212311 0.00342185795307159 0.00720145367085934 0.0097914282232523 0.0405164994299412 0.0971624031662941 0.131886228919029 0.0698565766215324 0.0275709442794323 0.00563459051772952 0.0028210966847837 0.00228433404117823 0.00238706963136792 0.00229535554535687 0.00257088267244399 0.0030449228361249 0.00404467759653926 0.005995430983603 0.104218631982803 0.748258411884308 0.816536962985992 0.909779191017151 0.917371809482574 0.482589095830917 0.0597132667899132 0.0196649469435215 0.0531343296170235
0.0131914401426911 0.0132214510813355 0.0151780843734741 0.0093309422954917 0.00942609459161758 0.0113641116768122 0.0132871260866523 0.0102886548265815 0.00568478973582387 0.0051139248535037 0.00452438136562705 0.00464221462607384 0.00447918148711324 0.00413057953119278 0.00376524752937257 0.00322131183929741 0.00325199658982456 0.00333215552382171 0.00570746604353189 0.0141222821548581 0.0264637414366007 0.114082857966423 0.0366068072617054 0.0248352512717247 0.0147076919674873 0.00456960359588265 0.00305082788690925 0.00264618475921452 0.00255863694474101 0.00268366397358477 0.00271458551287651 0.00316265434958041 0.00346748600713909 0.00484394654631615 0.0301253218203783 0.256201565265656 0.705228447914124 0.882017433643341 0.939832270145416 0.901601612567902 0.245333150029182 0.0946168527007103 0.202222034335136
0.0102392854169011 0.0115790916606784 0.0157608892768621 0.0137727940455079 0.0390934348106384 0.0483068712055683 0.0306667760014534 0.0134186157956719 0.00684326607733965 0.00540708983317018 0.00495296204462647 0.00536531489342451 0.00646486692130566 0.00408980762585998 0.00359347090125084 0.0030805051792413 0.0029634537640959 0.00312103424221277 0.00737330038100481 0.0163697469979525 0.0219922177493572 0.139467105269432 0.0414582751691341 0.0436602048575878 0.00974998623132706 0.00447680195793509 0.00311610428616405 0.00290724611841142 0.0028053168207407 0.0027737976051867 0.0029623294249177 0.0032881386578083 0.00364609411917627 0.00351829989813268 0.0178470704704523 0.0788170769810677 0.528661608695984 0.926148414611816 0.951223850250244 0.862652599811554 0.224476844072342 0.707424283027649 0.29046818614006
0.0157225541770458 0.0137520274147391 0.0163242928683758 0.0621411502361298 0.0569509714841843 0.0543663650751114 0.0392641127109528 0.022075243294239 0.0130596943199635 0.00686525600031018 0.00541845895349979 0.00846211891621351 0.00998993590474129 0.00425961287692189 0.00343417865224183 0.00314317387528718 0.00309486291371286 0.00321486126631498 0.00822917930781841 0.0174655318260193 0.0236008986830711 0.0834399089217186 0.0949910059571266 0.0395400114357471 0.0124879386276007 0.00470865052193403 0.00383152510039508 0.00383564946241677 0.00364538258872926 0.00288256024941802 0.00285994540899992 0.00322416028939188 0.00317508983425796 0.00319769070483744 0.0174468718469143 0.0504897497594357 0.4826799929142 0.9354208111763 0.955070495605469 0.957807123661041 0.873987257480621 0.954141616821289 0.79888653755188
0.0240563340485096 0.0227195061743259 0.0230989530682564 0.110789656639099 0.124163113534451 0.0780127346515656 0.0350287519395351 0.0296327192336321 0.0440846458077431 0.0103218136355281 0.00505527621135116 0.0195413138717413 0.0119493464007974 0.00613721739500761 0.0041040307842195 0.00352689391002059 0.00354783236980438 0.00346594187431037 0.00906064920127392 0.014028649777174 0.0184580665081739 0.0610199272632599 0.0684616938233376 0.0540297627449036 0.0137984529137611 0.00681438762694597 0.00437475321814418 0.00368444947525859 0.0032161686103791 0.00343579845502973 0.00357337226159871 0.00299800233915448 0.00256852200254798 0.00331253767944872 0.0111794862896204 0.0205846969038248 0.213721573352814 0.911735773086548 0.963039934635162 0.966148972511292 0.960356473922729 0.959150731563568 0.95679247379303
0.044677771627903 0.0535249933600426 0.0649529695510864 0.451155930757523 0.428949415683746 0.193792298436165 0.192768022418022 0.27441543340683 0.0852797776460648 0.0134883671998978 0.0103730419650674 0.0255705527961254 0.0141150979325175 0.00746561028063297 0.00531870452687144 0.00469695450738072 0.00420351745560765 0.0039231120608747 0.0084221763536334 0.0132659170776606 0.0201128553599119 0.0172541793435812 0.0627298057079315 0.0363384857773781 0.0284232217818499 0.00852735433727503 0.00420453678816557 0.00434129778295755 0.0044764163903892 0.00322160962969065 0.00322644389234483 0.00320494943298399 0.00281102606095374 0.00260792323388159 0.00721524935215712 0.0203269384801388 0.15356607735157 0.91517573595047 0.953495025634766 0.964202165603638 0.966894447803497 0.971805214881897 0.964357554912567
0.125029012560844 0.097394086420536 0.161710679531097 0.708433985710144 0.702219069004059 0.438756942749023 0.247973948717117 0.300269573926926 0.091931015253067 0.0202084593474865 0.0344817712903023 0.0297818221151829 0.0354617461562157 0.0159547757357359 0.00658396538347006 0.00628662062808871 0.00578709412366152 0.00483528571203351 0.00854488741606474 0.0165628306567669 0.0185259152203798 0.0147724030539393 0.0198753122240305 0.0260776150971651 0.011633531190455 0.00647238362580538 0.00429651793092489 0.00430598016828299 0.00377338635735214 0.00353492517024279 0.00312870112247765 0.00361508154310286 0.00295794615522027 0.0039349808357656 0.00607647420838475 0.0281465277075768 0.118693985044956 0.635862827301025 0.967784762382507 0.95263797044754 0.957995474338531 0.960296392440796 0.966016948223114
0.427590072154999 0.43933641910553 0.716361463069916 0.7184938788414 0.212031871080399 0.141827464103699 0.133386835455894 0.0532556921243668 0.0362794399261475 0.0379063673317432 0.0542131438851357 0.0525309629738331 0.0861176773905754 0.0278201289474964 0.00802129972726107 0.00921900849789381 0.00736498460173607 0.00823937077075243 0.00732167344540358 0.0166136398911476 0.0153380455449224 0.0123753324151039 0.0144273051992059 0.0143337324261665 0.00755406124517322 0.00457120407372713 0.00417283037677407 0.00428110733628273 0.00394790293648839 0.00352699612267315 0.00326832570135593 0.00382148614153266 0.00313451420515776 0.00495834182947874 0.0165203176438808 0.0323261879384518 0.0947288125753403 0.377293825149536 0.973477005958557 0.948240458965302 0.96334707736969 0.962726414203644 0.970864176750183
0.72613000869751 0.720717668533325 0.730790734291077 0.719871461391449 0.203930273652077 0.0738212764263153 0.0700592771172523 0.108354657888412 0.127129822969437 0.123970717191696 0.0877216905355453 0.133939921855927 0.19755083322525 0.0323117785155773 0.0201240442693233 0.0114624314010143 0.00981562584638596 0.0125152440741658 0.00794117990881205 0.0135317593812943 0.0155467735603452 0.0101967062801123 0.0102054579183459 0.00767344702035189 0.00491500040516257 0.00447618076577783 0.00446778023615479 0.00465754605829716 0.00402775872498751 0.0031533834990114 0.00404907576739788 0.00311401090584695 0.00319983507506549 0.00971160642802715 0.0448197461664677 0.0921183973550797 0.0615166388452053 0.677904844284058 0.966752350330353 0.950578212738037 0.954393327236176 0.964609205722809 0.923571288585663
0.19384802877903 0.667603850364685 0.717571437358856 0.240493357181549 0.0399018563330173 0.0688696950674057 0.187163427472115 0.31555387377739 0.492464870214462 0.255081653594971 0.111397258937359 0.134623169898987 0.29334157705307 0.0386886410415173 0.060320820659399 0.0182302091270685 0.0189553983509541 0.0151729630306363 0.0115326326340437 0.0138689009472728 0.0129115236923099 0.00897149462252855 0.00878895167261362 0.00589647842571139 0.00498206680640578 0.00491461390629411 0.00475799897685647 0.00458289729431272 0.00472516659647226 0.00395975634455681 0.003060920862481 0.00426960177719593 0.00761446682736278 0.00570943206548691 0.0524070709943771 0.128274783492088 0.0698225200176239 0.365634769201279 0.897231101989746 0.95804351568222 0.931242704391479 0.92456990480423 0.915861546993256
0.231410384178162 0.288900315761566 0.725664675235748 0.278888314962387 0.0758167430758476 0.202698171138763 0.510077118873596 0.725133299827576 0.693877041339874 0.533273994922638 0.179496645927429 0.209001943469048 0.132124379277229 0.161767199635506 0.140821889042854 0.0520474873483181 0.0237917397171259 0.0204874463379383 0.0135106472298503 0.0133993113413453 0.0109035614877939 0.00849579181522131 0.00661715632304549 0.00536338426172733 0.005434341263026 0.00535008078441024 0.00471123261377215 0.00483287544921041 0.00506495079025626 0.00397362466901541 0.00322925997897983 0.00626474851742387 0.0485770888626575 0.014195735566318 0.13959926366806 0.0939941555261612 0.099708303809166 0.174656018614769 0.695138394832611 0.941014766693115 0.95168399810791 0.893518030643463 0.896999180316925
0.0736394748091698 0.159067094326019 0.627814054489136 0.0847737565636635 0.188845172524452 0.716134250164032 0.745589077472687 0.701046288013458 0.738620638847351 0.522883296012878 0.201569721102715 0.12729050219059 0.214498102664948 0.252698570489883 0.178389742970467 0.109518609941006 0.0562554486095905 0.031274352222681 0.015434087254107 0.0182268414646387 0.0100880358368158 0.00673155207186937 0.00634408462792635 0.00572924315929413 0.00526114692911506 0.00508358329534531 0.00438934890553355 0.00471399212256074 0.00498659536242485 0.00448070466518402 0.00383461103774607 0.00453791860491037 0.0121789835393429 0.168908968567848 0.374830067157745 0.060660894960165 0.092399887740612 0.259849548339844 0.340244799852371 0.779990792274475 0.950547099113464 0.935766875743866 0.860955417156219
0.114015854895115 0.151996970176697 0.454974979162216 0.0511740073561668 0.637195110321045 0.665325284004211 0.732471883296967 0.716400623321533 0.756233155727386 0.677369177341461 0.315763473510742 0.167663618922234 0.0987324565649033 0.177338913083076 0.164555221796036 0.121127627789974 0.0651664212346077 0.0357196107506752 0.0199074018746614 0.0199396535754204 0.0106896553188562 0.00700362119823694 0.00484042800962925 0.00486170314252377 0.00475021684542298 0.00448070466518402 0.00484233582392335 0.00468377163633704 0.00379843031987548 0.00430285278707743 0.0041060489602387 0.00888650957494974 0.114456176757812 0.525061130523682 0.393058449029922 0.0502669289708138 0.215696543455124 0.113355658948421 0.141881182789803 0.668936252593994 0.849271416664124 0.843881905078888 0.883991241455078
0.336353093385696 0.381643354892731 0.538575053215027 0.0769201442599297 0.138390347361565 0.69147789478302 0.745592594146729 0.743437826633453 0.745992243289948 0.711889147758484 0.337822675704956 0.201231583952904 0.0797623693943024 0.128417626023293 0.132888361811638 0.1004783436656 0.0707192942500114 0.0389275550842285 0.0214432645589113 0.0147632667794824 0.00927235465496778 0.00627744290977716 0.00449948431923985 0.00465308874845505 0.00517023913562298 0.00481170695275068 0.00474520307034254 0.00410158606246114 0.00425506616011262 0.00434277206659317 0.00657166354358196 0.00878355000168085 0.128829762339592 0.448232352733612 0.0823154523968697 0.0778216868638992 0.0928981155157089 0.165355607867241 0.0888851955533028 0.313551783561707 0.885657489299774 0.620240151882172 0.931562542915344
0.709926903247833 0.713402390480042 0.557068526744843 0.121364757418633 0.0604416765272617 0.72372305393219 0.724647879600525 0.774693667888641 0.758400738239288 0.689009487628937 0.492649704217911 0.167167395353317 0.102671973407269 0.128038212656975 0.12937094271183 0.0919339880347252 0.0661539435386658 0.0444687455892563 0.0177325811237097 0.0150684537366033 0.00652929814532399 0.00430396804586053 0.00330349337309599 0.00409828266128898 0.00404186872765422 0.00406084256246686 0.00470771826803684 0.00319414469413459 0.00370745314285159 0.00425926456227899 0.010241437703371 0.038706861436367 0.298853069543839 0.500512361526489 0.0662010237574577 0.138833194971085 0.215017765760422 0.269597858190536 0.26506119966507 0.149140030145645 0.613088846206665 0.223675981163979 0.811876356601715
0.633266389369965 0.584262788295746 0.489209890365601 0.0771576538681984 0.0149888126179576 0.314886748790741 0.758202612400055 0.747035264968872 0.691520690917969 0.503117382526398 0.187082320451736 0.116327308118343 0.165967613458633 0.103945881128311 0.0796792209148407 0.0721817165613174 0.0574473887681961 0.0392383635044098 0.020828552544117 0.0157910790294409 0.0041094203479588 0.004103425424546 0.00356060382910073 0.00381872919388115 0.00323460786603391 0.00383789464831352 0.00363288377411664 0.00372559297829866 0.00442480435594916 0.00694422982633114 0.0119411833584309 0.106361173093319 0.496118903160095 0.357039541006088 0.061884693801403 0.122710533440113 0.12150801718235 0.250816226005554 0.20338062942028 0.166256323456764 0.146333590149879 0.169402658939362 0.881854295730591
