data/climate_estimation/maxent_output/Bomarea_setacea.asc
NCOLS 134 
NROWS 286 
XLLCORNER -79.6666666666667 
YLLCORNER -15.5 
CELLSIZE 0.0833333333333334 
NODATA_value -3.4e+38 
[rows 114 to 132 of 286, columns 0 to 42 of 134]
0.000940609839744866 0.00147866399493068 0.00234667398035526 0.00348463631235063 0.00793485995382071 0.0302893854677677 0.330645531415939 0.537882506847382 0.872178137302399 0.851559102535248 0.898427248001099 0.925881385803223 0.859456598758698 0.730395197868347 0.840687572956085 0.846557796001434 0.820269525051117 0.802493035793304 0.679705321788788 0.429087400436401 0.0986538603901863 0.0616665445268154 0.0747534111142159 0.0609368979930878 0.055146262049675 0.0516421683132648 0.0519683696329594 0.0430260002613068 0.0420064590871334 0.0331611149013042 0.0326720774173737 0.0358983911573887 0.031518068164587 0.0256172977387905 0.021197123453021 0.0211797263473272 0.0202628821134567 0.0166939403861761 0.0159531999379396 0.0158127658069134 0.0178735535591841 0.0160615835338831 0.016231769695878
0.000526391377206892 0.000542464316822588 0.00118937401566654 0.00191415369044989 0.0197602193802595 0.128403648734093 0.364759027957916 0.6683189868927 0.892070531845093 0.863462626934052 0.943767070770264 0.903246998786926 0.855361640453339 0.722207069396973 0.790177702903748 0.796491980552673 0.846843004226685 0.660024285316467 0.697453558444977 0.266621679067612 0.085076592862606 0.0817433521151543 0.0796616971492767 0.0682872161269188 0.0517290011048317 0.0370082035660744 0.0384615175426006 0.0414117015898228 0.0354480296373367 0.033723272383213 0.0296510998159647 0.027108259499073 0.0273321848362684 0.0267574023455381 0.022329043596983 0.0208473447710276 0.0199702773243189 0.0166769400238991 0.0161736682057381 0.0147300800308585 0.0132605703547597 0.015677884221077 0.0159846916794777
0.000314772798446938 0.000281182234175503 0.000415429123677313 0.00251372903585434 0.0346211865544319 0.162724196910858 0.539609313011169 0.82302862405777 0.784953951835632 0.843778073787689 0.863467514514923 0.930121123790741 0.826569020748138 0.790048539638519 0.735145211219788 0.772417426109314 0.72316712141037 0.55376124382019 0.596538066864014 0.152027681469917 0.0803614109754562 0.0770121440291405 0.0998790562152863 0.0810526311397552 0.0527373850345612 0.0497824624180794 0.0434606857597828 0.0382298529148102 0.0358795560896397 0.0308465920388699 0.0296567939221859 0.0247244779020548 0.0240350943058729 0.0252202861011028 0.021250868216157 0.0198200419545174 0.0209916848689318 0.0198743212968111 0.0186691004782915 0.0179714635014534 0.0168523024767637 0.0155708426609635 0.0147136552259326
0.00033458648249507 0.000270420539891347 0.000240515408222564 0.0016537313349545 0.0158068649470806 0.107930183410645 0.462010264396667 0.804627060890198 0.830102503299713 0.807929456233978 0.784131586551666 0.933311343193054 0.90435516834259 0.850427150726318 0.839666843414307 0.841433465480804 0.785155594348907 0.536058306694031 0.229673534631729 0.105733498930931 0.0538706965744495 0.0604669936001301 0.0725848749279976 0.0482778213918209 0.0507422499358654 0.0428848601877689 0.0367556437849998 0.0338713303208351 0.034455880522728 0.0288215968757868 0.0277047660201788 0.0260072518140078 0.0221663527190685 0.0209621284157038 0.0206103306263685 0.0192986242473125 0.0172733291983604 0.0167812071740627 0.0155446790158749 0.0148492958396673 0.0170510299503803 0.0148636261001229 0.0154330190271139
0.000615462835412472 0.000483455514768139 0.000394285656511784 0.00099601608235389 0.0327446796000004 0.216811373829842 0.459827095270157 0.625270009040833 0.87797874212265 0.814030706882477 0.917329251766205 0.944297313690186 0.937246978282928 0.826780498027802 0.863991141319275 0.872704207897186 0.731431841850281 0.572503089904785 0.195441395044327 0.0477585755288601 0.0409144647419453 0.0483046732842922 0.039390292018652 0.0406559035181999 0.0428392700850964 0.0436676032841206 0.0343006551265717 0.0331115983426571 0.030146012082696 0.0314169004559517 0.0298057645559311 0.0237565897405148 0.0218285769224167 0.0213859286159277 0.0209061056375504 0.0192415937781334 0.0163733642548323 0.0146080143749714 0.0145544651895761 0.0141865639016032 0.0139305051416159 0.0127796670421958 0.0148889366537333
0.000904872082173824 0.000524508184753358 0.000427060847869143 0.00138270214665681 0.0066634975373745 0.134990498423576 0.549365103244781 0.513747751712799 0.833647131919861 0.822332322597504 0.929193317890167 0.935579240322113 0.875953495502472 0.84519374370575 0.90789657831192 0.912915050983429 0.864965915679932 0.56409764289856 0.0987715274095535 0.0469529330730438 0.0448849014937878 0.0520141124725342 0.0414512418210506 0.0303988642990589 0.0314286015927792 0.0374210774898529 0.0344414561986923 0.0314017906785011 0.0269631259143353 0.0253380052745342 0.0253859534859657 0.0240685362368822 0.0220002997666597 0.0204115677624941 0.0161206256598234 0.01634063385427 0.0162047073245049 0.0157260876148939 0.0158436894416809 0.0139523139223456 0.0134927341714501 0.0123781440779567 0.0127985812723637
0.000645846244879067 0.000510814250446856 0.000418360694311559 0.000816363142803311 0.00258409581147134 0.233595341444016 0.55626380443573 0.49541038274765 0.817929685115814 0.785420596599579 0.904072701931 0.949482798576355 0.901526808738708 0.916298687458038 0.892993688583374 0.906652688980103 0.891512155532837 0.748724460601807 0.141416504979134 0.0546928271651268 0.0448111444711685 0.042272973805666 0.0395812205970287 0.0294113848358393 0.0257011149078608 0.0249605402350426 0.0288870297372341 0.0263545140624046 0.0244938880205154 0.0227335710078478 0.0211840718984604 0.0228221397846937 0.0202622637152672 0.0194078125059605 0.0168151687830687 0.0145913679152727 0.013892175629735 0.0148826586082578 0.013919991441071 0.0139906276017427 0.0132409539073706 0.0129293417558074 0.0130271883681417
0.000248831318458542 0.000353026087395847 0.00045739533379674 0.000830311968456954 0.00213003298267722 0.145511597394943 0.528237640857697 0.454395145177841 0.784927189350128 0.805992484092712 0.845320105552673 0.914889454841614 0.94193297624588 0.90835976600647 0.88104248046875 0.907938182353973 0.809564590454102 0.585185587406158 0.242540597915649 0.0749346241354942 0.0461986027657986 0.039901714771986 0.0389271676540375 0.0277847275137901 0.0251240823417902 0.0240331348031759 0.0246103461831808 0.0230724643915892 0.0226594507694244 0.0229523237794638 0.022595701739192 0.0204059928655624 0.0201478321105242 0.0182259269058704 0.0163171645253897 0.0160457734018564 0.0155014349147677 0.0147176906466484 0.0133991111069918 0.0135915391147137 0.0140342256054282 0.0137778706848621 0.0124979503452778
0.000264249101746827 0.000344684696756303 0.000477549096103758 0.000901575316675007 0.00230855634436011 0.222977861762047 0.515172362327576 0.505575001239777 0.749314069747925 0.799927413463593 0.83618950843811 0.906678855419159 0.938740968704224 0.897198081016541 0.883077919483185 0.910734236240387 0.903574585914612 0.588449895381927 0.265206933021545 0.0802269950509071 0.0462654903531075 0.0406721010804176 0.0348470620810986 0.0276302769780159 0.0212570615112782 0.0244524069130421 0.0227526910603046 0.0201216693967581 0.0182890314608812 0.0194464977830648 0.0176952108740807 0.0172566864639521 0.0161213967949152 0.0152186397463083 0.0138476742431521 0.0135326059535146 0.012150077149272 0.0145951071754098 0.0134689882397652 0.0134107600897551 0.013620519079268 0.0132610462605953 0.0124367773532867
0.000292961398372427 0.000374292285414413 0.000558555475436151 0.00148073944728822 0.00241575273685157 0.0544289126992226 0.453367441892624 0.647711932659149 0.708243131637573 0.790234744548798 0.731332898139954 0.889984250068665 0.907498180866241 0.891219735145569 0.873588740825653 0.92977112531662 0.918720006942749 0.587904334068298 0.356536000967026 0.119801968336105 0.0614049769937992 0.0468560419976711 0.0374850519001484 0.0291582904756069 0.0252884235233068 0.0204340908676386 0.0184732675552368 0.0216167867183685 0.0188959557563066 0.0163626652210951 0.0159631464630365 0.0148514322936535 0.0171062331646681 0.0152520136907697 0.0141668375581503 0.0132376439869404 0.0134757850319147 0.0118888914585114 0.0111540099605918 0.0115389246493578 0.0110720042139292 0.0109024187549949 0.0111654186621308
0.000326380279147997 0.000405056343879551 0.000821784022264183 0.00159099185839295 0.00335811334662139 0.0334341712296009 0.434550672769547 0.572596371173859 0.581581354141235 0.758305609226227 0.735159873962402 0.864629805088043 0.869544982910156 0.875454545021057 0.859435617923737 0.902414619922638 0.926453590393066 0.656089663505554 0.381110578775406 0.109725952148438 0.0749488770961761 0.0816340371966362 0.0630785524845123 0.0266178846359253 0.0242905095219612 0.0210464335978031 0.0197400767356157 0.0172778852283955 0.0152876125648618 0.0166112165898085 0.0150790177285671 0.0149123501032591 0.0141442930325866 0.0165252592414618 0.0149151524528861 0.0126843107864261 0.0123649630695581 0.0117878783494234 0.0107405204325914 0.010689789429307 0.0112718418240547 0.0117309996858239 0.0111074578016996
0.000344493688317016 0.000669495202600956 0.00093180185649544 0.00209794286638498 0.00472837686538696 0.00985209364444017 0.280436605215073 0.334870338439941 0.400978624820709 0.782800614833832 0.863878607749939 0.519434869289398 0.855536758899689 0.849381446838379 0.881213426589966 0.946401536464691 0.899398803710938 0.472906231880188 0.271744459867477 0.156676009297371 0.110610328614712 0.0940935388207436 0.0751281380653381 0.0266837626695633 0.0214726459234953 0.017486410215497 0.0142316529527307 0.0137482192367315 0.013459661975503 0.0135220307856798 0.012688435614109 0.0156730245798826 0.0150059582665563 0.0131638720631599 0.0139539008960128 0.0129879117012024 0.0125041315332055 0.0118987010791898 0.0113118290901184 0.0110284388065338 0.0121648730710149 0.0104077439755201 0.0110218375921249
0.000395514507545158 0.000705662008840591 0.00138183904346079 0.00262889661826193 0.00551766296848655 0.00922587513923645 0.0288326032459736 0.447897255420685 0.701368093490601 0.58291232585907 0.817259252071381 0.776414573192596 0.850685834884644 0.873520135879517 0.911468088626862 0.947608649730682 0.775027275085449 0.413504064083099 0.187038719654083 0.128483265638351 0.143652975559235 0.187182754278183 0.17505170404911 0.024478655308485 0.0219240169972181 0.017731798812747 0.0138845909386873 0.0123041225597262 0.010938030667603 0.0137280151247978 0.0132799465209246 0.0121219670400023 0.0147272450849414 0.0132051222026348 0.0120903374627233 0.0134758790954947 0.0134642207995057 0.0138637823984027 0.0123124439269304 0.0114538110792637 0.0110293664038181 0.0110237365588546 0.0109658511355519
0.00052070408128202 0.00103165511973202 0.00225760857574642 0.00391857186332345 0.0060837073251605 0.0137056857347488 0.160026833415031 0.418438762426376 0.438692182302475 0.850580751895905 0.849975228309631 0.836028695106506 0.853756487369537 0.866234481334686 0.916801750659943 0.941523969173431 0.832176387310028 0.478102803230286 0.136439844965935 0.191114813089371 0.199278473854065 0.391351610422134 0.1229627430439 0.0194320604205132 0.0216588117182255 0.0160831343382597 0.0114394137635827 0.0113440761342645 0.0110614011064172 0.0104809077456594 0.0100424308329821 0.0110533721745014 0.0113715101033449 0.011290417984128 0.0130004901438951 0.0110955303534865 0.0117929149419069 0.0126665309071541 0.0120543967932463 0.0122337527573109 0.0111238602548838 0.0114952968433499 0.011206085793674
0.000873788609169424 0.00242075836285949 0.00346895214170218 0.00578916165977716 0.0111067332327366 0.0983326137065887 0.234249427914619 0.692245006561279 0.858026444911957 0.83838814496994 0.813658118247986 0.855497300624847 0.869167685508728 0.879994928836823 0.92481404542923 0.954770028591156 0.76816326379776 0.242997482419014 0.079908661544323 0.266763657331467 0.143557861447334 0.271652281284332 0.128964260220528 0.0158874858170748 0.0154315661638975 0.0151002528145909 0.0105295795947313 0.0106187416240573 0.00987888779491186 0.0101339183747768 0.00939999148249626 0.0089784599840641 0.0112438015639782 0.0109239816665649 0.0109955305233598 0.0113280983641744 0.0107847740873694 0.0126745998859406 0.0116955991834402 0.0112700387835503 0.01374108530581 0.0107129393145442 0.0108128767460585
0.00188377813901752 0.00392435304820538 0.00574064347893 0.007192671764642 0.0170068461447954 0.184409156441689 0.215659722685814 0.877782583236694 0.903322696685791 0.835321307182312 0.855486810207367 0.903244853019714 0.907038927078247 0.923291563987732 0.893192887306213 0.954291105270386 0.569053411483765 0.134001106023788 0.0723088830709457 0.313909202814102 0.134273037314415 0.0996115058660507 0.0667537450790405 0.0129846204072237 0.0129842599853873 0.0108354957774282 0.00911321770399809 0.00980367138981819 0.0102045480161905 0.00979859288781881 0.00977830030024052 0.00926705822348595 0.00963792018592358 0.01048444211483 0.0100371455773711 0.00971527211368084 0.0112571297213435 0.0130782062187791 0.0123091666027904 0.0115832174196839 0.0131027577444911 0.0119681488722563 0.0109011558815837
0.00275889039039612 0.00536029180511832 0.00710858823731542 0.0153692970052361 0.135648235678673 0.392144322395325 0.864094793796539 0.916804373264313 0.938663423061371 0.941193819046021 0.931434154510498 0.922590374946594 0.938448429107666 0.942372381687164 0.940186202526093 0.884503483772278 0.405665516853333 0.108107775449753 0.096558690071106 0.287465155124664 0.141221642494202 0.0415348596870899 0.0267171543091536 0.0128382351249456 0.0119863590225577 0.00966558046638966 0.00896121934056282 0.00940101686865091 0.0097632072865963 0.0100434888154268 0.00983289256691933 0.00894778873771429 0.00958693865686655 0.00910726469010115 0.0104250060394406 0.0105436211451888 0.0114714642986655 0.011335726827383 0.0124247260391712 0.0127156469970942 0.0132880751043558 0.0108396587893367 0.0117872757837176
0.00406971061602235 0.00926407519727945 0.040108647197485 0.127001404762268 0.378807693719864 0.927016139030457 0.883819460868835 0.867652714252472 0.926737725734711 0.933759033679962 0.92765873670578 0.925803005695343 0.927631139755249 0.931932389736176 0.567412793636322 0.326214015483856 0.227665275335312 0.0571582280099392 0.139500454068184 0.333453088998795 0.0948598831892014 0.0598859414458275 0.0162519607692957 0.0124645754694939 0.0120377074927092 0.00923901703208685 0.00903629697859287 0.00900389533489943 0.00816183537244797 0.00860123429447412 0.00860380940139294 0.00855667516589165 0.0100846868008375 0.00958559196442366 0.00903777219355106 0.0100161852315068 0.00974383298307657 0.00956625584512949 0.0106664653867483 0.0104782525449991 0.0118265086784959 0.0117624448612332 0.00996708311140537
0.0116554535925388 0.048002403229475 0.122800596058369 0.099386177957058 0.914191365242004 0.862132430076599 0.88341224193573 0.91434520483017 0.904566645622253 0.903981626033783 0.880581140518188 0.903392970561981 0.912894785404205 0.93371307849884 0.885219037532806 0.0941328331828117 0.0569394677877426 0.0627555176615715 0.218219295144081 0.233655706048012 0.0641470551490784 0.0441020391881466 0.0132648404687643 0.0202462915331125 0.0119742881506681 0.0145126972347498 0.0143072856590152 0.00883326213806868 0.00777894025668502 0.00831445958465338 0.00824636779725552 0.00851982366293669 0.00872920546680689 0.00782951433211565 0.00924019794911146 0.009045978076756 0.00862335972487926 0.00985292810946703 0.0102235283702612 0.0105448607355356 0.0110218990594149 0.0117311254143715 0.00955387111753225
