data/climate_estimation/maxent_output/Bomarea_diffracta.asc
NCOLS 43 
NROWS 42 
XLLCORNER -76.75 
YLLCORNER 3.33333333333333 
CELLSIZE 0.0833333333333332 
NODATA_value -3.4e+38 
[rows 20 to 39 of 42, columns 0 to 42 of 43]
1 0.999927520751953 0.953800857067108 0.987763166427612 0.779192864894867 0.766615211963654 0.756212830543518 0.963325142860413 0.916782915592194 0.576683461666107 0.39623498916626 0.389185041189194 0.18525992333889 0.142858535051346 0.649872481822968 0.95829051733017 0.960280120372772 0.964292943477631 0.952172577381134 0.860551238059998 0.743611514568329 0.449601620435715 0.0346466489136219 0.0148527463898063 0.00337318563833833 0.168143808841705 0.559556305408478 0.179156556725502 0.522949635982513 0.668681919574738 0.695528507232666 0.766994595527649 0.765030324459076 0.388180881738663 0.227577820420265 0.219233930110931 0.119269050657749 0.100893884897232 0.0545312687754631 0.0265094302594662 0.0147206941619515 0.00790308881551027 0.00701472396031022
0.588702142238617 0.60125470161438 0.867865025997162 0.898577034473419 0.45595708489418 0.536827623844147 0.578819453716278 0.89057594537735 0.721928477287292 0.457759857177734 0.2278151512146 0.352233588695526 0.198830798268318 0.227583765983582 0.619777798652649 0.96183830499649 0.943143725395203 0.93383800983429 0.959768831729889 0.92731124162674 0.808897793292999 0.262443602085114 0.0124815385788679 0.00767455762252212 0.0043290569446981 0.24861603975296 0.845458507537842 0.233577817678452 0.413520365953445 0.753718733787537 0.936544239521027 0.835589349269867 0.538301944732666 0.264682292938232 0.224983260035515 0.219787418842316 0.127647668123245 0.0654173269867897 0.0310397278517485 0.0154327275231481 0.0160618796944618 0.00905235949903727 0.0210062600672245
0.395899891853333 0.548719584941864 0.843127310276031 0.482691586017609 0.235985398292542 0.486613124608994 0.568365454673767 0.74223667383194 0.482518494129181 0.441513121128082 0.183412417769432 0.250436007976532 0.303119212388992 0.329519033432007 0.831308007240295 0.982043743133545 0.923710584640503 0.921874761581421 0.958327114582062 0.948207557201385 0.776598811149597 0.233083069324493 0.013730245642364 0.00767888408154249 0.013208488933742 0.234815299510956 0.71504682302475 0.541038811206818 0.761472463607788 0.698961079120636 0.660304009914398 0.481919825077057 0.314294397830963 0.298428952693939 0.240348652005196 0.286855280399323 0.428436994552612 0.148377150297165 0.0442377254366875 0.0294369198381901 0.0215793568640947 0.0279580596834421 0.0604873970150948
0.350944072008133 0.542055070400238 0.512665629386902 0.475975841283798 0.462138116359711 0.443514943122864 0.512316942214966 0.746356308460236 0.475117444992065 0.21772925555706 0.130194813013077 0.223619759082794 0.429878562688828 0.55557507276535 0.97105884552002 0.960995137691498 0.908129930496216 0.918347120285034 0.920776844024658 0.984766364097595 0.745750784873962 0.160851404070854 0.0112423272803426 0.00580442044883966 0.0232202559709549 0.641899228096008 0.787016570568085 0.914682984352112 0.85103178024292 0.580289304256439 0.361682027578354 0.295718610286713 0.325931578874588 0.355437010526657 0.249584957957268 0.495029121637344 0.294961750507355 0.139257445931435 0.107495047152042 0.0567797087132931 0.088115781545639 0.101528458297253 0.0585213117301464
0.237750008702278 0.307161122560501 0.719078302383423 0.659552335739136 0.522261023521423 0.774726033210754 0.747671484947205 0.635778844356537 0.45323982834816 0.105978153645992 0.146020784974098 0.302027344703674 0.370089739561081 0.666518092155457 0.976600468158722 0.93469649553299 0.932100296020508 0.90004163980484 0.931700527667999 0.982437312602997 0.731101453304291 0.0707631036639214 0.0138091566041112 0.00505542568862438 0.0663415044546127 0.432061016559601 0.883466958999634 0.830343008041382 0.600661098957062 0.272527545690536 0.2141123265028 0.282766133546829 0.412775546312332 0.422674983739853 0.513671278953552 0.690633058547974 0.352070510387421 0.21797613799572 0.19829660654068 0.17133991420269 0.328742891550064 0.186395734548569 0.0163918416947126
0.22929048538208 0.204691037535667 0.1819908618927 0.204531416296959 0.379579246044159 0.836373925209045 0.625897765159607 0.649366974830627 0.285013347864151 0.0879824161529541 0.169472515583038 0.327191680669785 0.479749292135239 0.894912719726562 0.985264718532562 0.949489057064056 0.91176837682724 0.912152826786041 0.923324167728424 0.977831065654755 0.726808071136475 0.0428408905863762 0.0094760712236166 0.00866508577018976 0.211599946022034 0.158359751105309 0.437876552343369 0.335094511508942 0.587284803390503 0.164772629737854 0.162681311368942 0.346095681190491 0.452674090862274 0.450321406126022 0.595688223838806 0.654040038585663 0.667991578578949 0.45856973528862 0.422306895256042 0.52634459733963 0.535424292087555 0.0511395186185837 0.0257800463587046
0.0998310297727585 0.0899130702018738 0.0571719780564308 0.163376718759537 0.286680191755295 0.795437157154083 0.633646607398987 0.624345183372498 0.121213905513287 0.125705048441887 0.448053777217865 0.501227796077728 0.637669444084167 0.802083015441895 0.972858846187592 0.953668475151062 0.926576256752014 0.905655980110168 0.92288202047348 0.945339202880859 0.539070785045624 0.0211664848029613 0.0083799883723259 0.00695592630654573 0.0439215376973152 0.0706599950790405 0.0497502870857716 0.118372403085232 0.518078327178955 0.288630723953247 0.160076692700386 0.325238466262817 0.582373797893524 0.470717310905457 0.48841118812561 0.708347916603088 0.657460868358612 0.387601435184479 0.471619665622711 0.520682871341705 0.420796781778336 0.0362466536462307 0.0647577494382858
0.0639853477478027 0.0418353453278542 0.0505483411252499 0.517380177974701 0.818111419677734 0.735221982002258 0.860872030258179 0.571053385734558 0.134187996387482 0.192493408918381 0.403312295675278 0.565434455871582 0.67233020067215 0.873187303543091 0.972979068756104 0.978303790092468 0.966286301612854 0.928109705448151 0.96930205821991 0.925342202186584 0.318974614143372 0.0121054826304317 0.0085639962926507 0.00830831471830606 0.0134120639413595 0.0286973658949137 0.046024851500988 0.251351296901703 0.565492749214172 0.277514696121216 0.245987966656685 0.265401840209961 0.551886320114136 0.417415678501129 0.420349180698395 0.723263800144196 0.692047119140625 0.592855215072632 0.637031674385071 0.758752048015594 0.0728840902447701 0.0123425228521228 0.0216114446520805
0.0428687557578087 0.0344933308660984 0.0806961134076118 0.287939578294754 0.615801692008972 0.925381779670715 0.857042074203491 0.277594476938248 0.164891570806503 0.222116649150848 0.378947794437408 0.496118158102036 0.602290153503418 0.943073868751526 0.980524182319641 0.957837581634521 0.857174873352051 0.753398418426514 0.597915232181549 0.28977632522583 0.0263927355408669 0.0103336730971932 0.0111013473942876 0.00891246553510427 0.0182871781289577 0.0211046151816845 0.0429317876696587 0.406049698591232 0.422324955463409 0.462914705276489 0.622740030288696 0.443147391080856 0.428553879261017 0.297527104616165 0.306474655866623 0.646291196346283 0.717673540115356 0.581918954849243 0.74226039648056 0.413599938154221 0.011415921151638 0.00918156560510397 0.00887187197804451
0.0372751317918301 0.0319664590060711 0.055123332887888 0.324201077222824 0.810972452163696 0.890247225761414 0.679648637771606 0.187225505709648 0.179344773292542 0.329392939805984 0.353793531656265 0.392801105976105 0.873644173145294 0.973110556602478 0.98350602388382 0.950756371021271 0.849337577819824 0.719442427158356 0.497001975774765 0.0600010268390179 0.0171873662620783 0.0114227253943682 0.00526688992977142 0.00530658615753055 0.00763389188796282 0.0270441863685846 0.148062646389008 0.491941273212433 0.442684441804886 0.571520984172821 0.743633031845093 0.586715042591095 0.398419946432114 0.330425977706909 0.442285478115082 0.467189848423004 0.668044865131378 0.765965759754181 0.867076635360718 0.044165275990963 0.0100152334198356 0.0025931722484529 0.000451747822808102
0.0375164933502674 0.0263178702443838 0.243027463555336 0.939164280891418 0.927625000476837 0.851667046546936 0.314377158880234 0.184609889984131 0.226997956633568 0.559404790401459 0.822403192520142 0.813002645969391 0.942051351070404 0.983134210109711 0.987287282943726 0.967415809631348 0.956558227539062 0.825209140777588 0.342597901821136 0.0634744390845299 0.00503999320790172 0.00291811837814748 0.00254567200317979 0.00347880111075938 0.00896248780190945 0.0207938402891159 0.145713105797768 0.308921694755554 0.639088809490204 0.559407949447632 0.829138457775116 0.830605447292328 0.544525384902954 0.335809141397476 0.543735384941101 0.628847360610962 0.709282040596008 0.865903973579407 0.0422358289361 0.00847211852669716 0.00161018408834934 0.000506998447235674 0.000270078948233277
0.0348914302885532 0.0420941412448883 0.860027492046356 0.980241775512695 0.857163488864899 0.616196274757385 0.194170892238617 0.237010106444359 0.312489688396454 0.714604794979095 0.944279551506042 0.938430845737457 0.96998530626297 0.994440138339996 0.990609407424927 0.949406564235687 0.857335150241852 0.476597160100937 0.144287809729576 0.00724773481488228 0.00177129276562482 0.00134614366106689 0.00190927984658629 0.00453268084675074 0.00930843688547611 0.0321858413517475 0.277690798044205 0.509099721908569 0.670124590396881 0.844018518924713 0.868670463562012 0.619646728038788 0.470941156148911 0.459810525178909 0.604758679866791 0.770254909992218 0.875373721122742 0.0671456009149551 0.00972634647041559 0.00311811175197363 0.00104016566183418 0.00037316107773222 0.000266791495960206
0.0430138520896435 0.182778000831604 0.957934677600861 0.966703832149506 0.739712178707123 0.174991130828857 0.13842236995697 0.323990136384964 0.726439535617828 0.91612434387207 0.967764616012573 0.986673057079315 0.994704127311707 0.985409080982208 0.980024993419647 0.948540806770325 0.840581953525543 0.0692671239376068 0.0250475257635117 0.00211258884519339 0.000855243182741106 0.00102581991814077 0.0017976516392082 0.0060553252696991 0.0228361617773771 0.0831131190061569 0.725210905075073 0.838904857635498 0.74821662902832 0.880217909812927 0.893726706504822 0.759776413440704 0.554662823677063 0.5699502825737 0.735843896865845 0.687654316425323 0.315616428852081 0.014613650739193 0.0023762967903167 0.000876881240401417 0.000456968497019261 0.000269992277026176 0.000252726982580498
0.050813596695662 0.882502019405365 0.992057859897614 0.945416033267975 0.68354594707489 0.15300415456295 0.195316180586815 0.69509482383728 0.916267096996307 0.955885708332062 0.964011788368225 0.994647085666656 0.996401250362396 0.976777255535126 0.951269090175629 0.942436635494232 0.81296980381012 0.206905618309975 0.00170583487488329 0.000894985452760011 0.00118718750309199 0.00128785951528698 0.00232574087567627 0.0198300145566463 0.0464846529066563 0.202887296676636 0.84190559387207 0.827069103717804 0.815825462341309 0.892329275608063 0.895333588123322 0.935450315475464 0.750581741333008 0.572206795215607 0.814400851726532 0.260697901248932 0.0195662640035152 0.00413376512005925 0.000949262641370296 0.000403520185500383 0.000266130606178194 0.000158696479047649 0.000149451399920508
0.088374637067318 0.922671377658844 0.964107394218445 0.849321007728577 0.67144101858139 0.14723464846611 0.643450498580933 0.839213490486145 0.938325107097626 0.984641849994659 0.991298317909241 0.991841197013855 0.992456138134003 0.994763255119324 0.969127833843231 0.972752273082733 0.934710681438446 0.00504035130143166 0.000848823750857264 0.000951328373048455 0.00142211047932506 0.00192359229549766 0.00393348000943661 0.0306812319904566 0.0466873720288277 0.464765012264252 0.916712403297424 0.794933319091797 0.852673649787903 0.890751123428345 0.905923008918762 0.934239029884338 0.690281629562378 0.740595102310181 0.889820277690887 0.0942263901233673 0.01816051825881 0.00342778139747679 0.000699206080753356 0.000233592101722024 0.000137759707286023 0.000108180844108574 0.000104118546005338
0.751914978027344 0.854371547698975 0.849211573600769 0.768085241317749 0.22725810110569 0.235750019550323 0.785724401473999 0.972219586372375 0.980978310108185 0.984442830085754 0.998899042606354 0.995347023010254 0.989871680736542 0.990474700927734 0.97591644525528 0.975664734840393 0.274581789970398 0.0014551846543327 0.000870390329509974 0.000841563334688544 0.00154577370267361 0.00258436775766313 0.0081516932696104 0.0200201030820608 0.219847872853279 0.835744142532349 0.881349861621857 0.907913267612457 0.900091588497162 0.883869290351868 0.901768028736115 0.9250248670578 0.815508544445038 0.858297526836395 0.832102596759796 0.0595648214221001 0.0179132390767336 0.00228443858213723 0.000567813811358064 0.000213568520848639 0.000124656085972674 9.53851122176275e-05 7.24215715308674e-05
0.590641856193542 0.654531419277191 0.779372811317444 0.702307105064392 0.131802707910538 0.16638046503067 0.861075937747955 0.994414567947388 0.992042601108551 0.99802827835083 0.999620258808136 0.998892188072205 0.991308569908142 0.991385638713837 0.253984421491623 0.197529941797256 0.00409606238827109 0.00110377173405141 0.000625214946921915 0.000705268292222172 0.00138422020245343 0.0023655102122575 0.00894943717867136 0.0270399581640959 0.673333942890167 0.942338526248932 0.882977187633514 0.859205424785614 0.862136662006378 0.920397222042084 0.941830933094025 0.747119963169098 0.816984534263611 0.895662724971771 0.246041625738144 0.0427133925259113 0.0122024696320295 0.00155066105071455 0.000503017916344106 0.000294773577479646 0.000157313159434125 0.000115963841381017 8.04868832346983e-05
0.642172038555145 0.648522973060608 0.665534138679504 0.591289699077606 0.0885521695017815 0.0761294066905975 0.687612950801849 0.995414257049561 0.995395421981812 0.99959921836853 0.997152507305145 0.998876810073853 0.991384744644165 0.963808357715607 0.0503631271421909 0.0140882665291429 0.00375890149734914 0.00119288032874465 0.000914104224648327 0.000553115387447178 0.000997438794001937 0.00216167489998043 0.0126434341073036 0.0852824375033379 0.879204571247101 0.878552794456482 0.854972720146179 0.830713033676147 0.888085842132568 0.922326445579529 0.944816410541534 0.842350661754608 0.86460816860199 0.808107197284698 0.425717800855637 0.0235942639410496 0.00763196824118495 0.00169952295254916 0.000658014672808349 0.000369036919437349 0.000211798716918565 0.000156821450218558 0.000111399283923674
0.643492460250854 0.665730714797974 0.713058173656464 0.115072876214981 0.0755558833479881 0.0953589454293251 0.354415863752365 0.950539767742157 0.99006974697113 0.99882173538208 0.998640239238739 0.993019819259644 0.99171507358551 0.950964629650116 0.0748377069830894 0.0210346914827824 0.00441946787759662 0.0322229936718941 0.0296065248548985 0.000374464289052412 0.000656999356579036 0.00809700787067413 0.134036347270012 0.655672132968903 0.906575262546539 0.876454472541809 0.783343732357025 0.847692370414734 0.849855840206146 0.920682668685913 0.922502636909485 0.857367038726807 0.82286012172699 0.672583401203156 0.0388209782540798 0.00420903787016869 0.0021792184561491 0.00124074914492667 0.000824562157504261 0.000542196212336421 0.000336204131599516 0.000222983289859258 0.000162316311616451
0.694400191307068 0.80928909778595 0.667433500289917 0.0642299428582191 0.0493626035749912 0.0586955919861794 0.317566156387329 0.927177369594574 0.999378323554993 0.999657511711121 0.999218225479126 0.994292020797729 0.957712471485138 0.50040078163147 0.113902948796749 0.0863075628876686 0.0134171489626169 0.425441056489944 0.0355717353522778 0.000292572862235829 0.000835467944853008 0.0818516910076141 0.512666702270508 0.9142986536026 0.901641845703125 0.785214781761169 0.762344300746918 0.855661988258362 0.793301641941071 0.894228994846344 0.89579576253891 0.834831416606903 0.263452917337418 0.0699745267629623 0.0117967976257205 0.0019994406029582 0.00109013554174453 0.00101420120336115 0.00091633852571249 0.000651026784908026 0.00047919515054673 0.000338238052790985 0.000242091933614574
