data/climate_estimation/maxent_output/Bomarea_boliviensis.asc
NCOLS 41 
NROWS 159 
XLLCORNER -68.1666666666667 
YLLCORNER -29.5 
CELLSIZE 0.0833333333333335 
NODATA_value -3.4e+38 
[rows 63 to 83 of 159, columns 0 to 40 of 41]
0.312811493873596 0.215526714920998 0.17051862180233 0.309252113103867 0.266274869441986 0.321071207523346 0.259350061416626 0.287839502096176 0.484141528606415 0.479937523603439 0.472693890333176 0.425633937120438 0.57133686542511 0.543695330619812 0.507552981376648 0.625491440296173 0.608324468135834 0.722697198390961 0.688981533050537 0.709933280944824 0.80338716506958 0.823856294155121 0.947633147239685 0.944249927997589 0.98519378900528 0.98648464679718 0.986531555652618 0.988698542118073 0.928930401802063 0.948229670524597 0.901042938232422 0.951783001422882 0.989069700241089 0.98961067199707 0.885585188865662 0.858498871326447 0.978070914745331 0.990917861461639 0.990343272686005 0.957291066646576 0.466285616159439
0.201683595776558 0.251203119754791 0.222747460007668 0.160299971699715 0.200857803225517 0.3386549949646 0.232209131121635 0.312709182500839 0.296554446220398 0.482821255922318 0.488324642181396 0.465303987264633 0.611956059932709 0.567613005638123 0.516010224819183 0.65213406085968 0.620227098464966 0.736792743206024 0.723534643650055 0.696981966495514 0.801474988460541 0.76917552947998 0.946935772895813 0.968023836612701 0.964192271232605 0.987752676010132 0.981969058513641 0.989866971969604 0.957200646400452 0.986372351646423 0.943962097167969 0.94782018661499 0.980070054531097 0.986170589923859 0.852864921092987 0.947872459888458 0.992024719715118 0.991845667362213 0.991839468479156 0.62437117099762 0.40544256567955
0.204349383711815 0.257414191961288 0.198274448513985 0.294385522603989 0.206077054142952 0.212719917297363 0.340038418769836 0.294432133436203 0.303166091442108 0.515933692455292 0.485246002674103 0.467725098133087 0.603306651115417 0.574581325054169 0.533642888069153 0.68757826089859 0.622080087661743 0.600072860717773 0.736721396446228 0.682636320590973 0.799735546112061 0.849105298519135 0.943680942058563 0.992922604084015 0.991266429424286 0.990443289279938 0.972313761711121 0.985338926315308 0.956330478191376 0.985902070999146 0.960910201072693 0.955791473388672 0.960486650466919 0.97711181640625 0.885046184062958 0.986885368824005 0.992339789867401 0.990282773971558 0.982282280921936 0.531872391700745 0.443535089492798
0.250203877687454 0.134608656167984 0.185709446668625 0.28324156999588 0.306382089853287 0.193546459078789 0.30707785487175 0.255990386009216 0.326967120170593 0.524457395076752 0.505286395549774 0.444380700588226 0.402573883533478 0.611591935157776 0.558510541915894 0.692433655261993 0.65831458568573 0.61258065700531 0.704470276832581 0.696485221385956 0.797465622425079 0.948747396469116 0.970872461795807 0.989328145980835 0.989951312541962 0.984184920787811 0.984345257282257 0.985190510749817 0.970179080963135 0.984718978404999 0.967299461364746 0.951482534408569 0.939497292041779 0.961088597774506 0.943180859088898 0.989353001117706 0.988600015640259 0.990024328231812 0.970546662807465 0.549692690372467 0.446639508008957
0.204194724559784 0.245234698057175 0.189318433403969 0.21232832968235 0.227309659123421 0.358042150735855 0.415078908205032 0.388717323541641 0.310185700654984 0.527039349079132 0.501588463783264 0.446192592382431 0.396165549755096 0.60283887386322 0.538674533367157 0.605764806270599 0.62687885761261 0.6216179728508 0.696478426456451 0.69880998134613 0.922078549861908 0.953888535499573 0.971030056476593 0.992155373096466 0.979140520095825 0.98254007101059 0.987210392951965 0.98311448097229 0.97537899017334 0.977807819843292 0.970389902591705 0.953050553798676 0.951382458209991 0.947245597839355 0.966076195240021 0.98809802532196 0.986776947975159 0.991805911064148 0.940620124340057 0.582187831401825 0.600731670856476
0.225677415728569 0.175972178578377 0.241362378001213 0.223439067602158 0.317538768053055 0.30998420715332 0.259140372276306 0.278798431158066 0.311904549598694 0.320566684007645 0.439921200275421 0.323005765676498 0.544614374637604 0.521108031272888 0.455097079277039 0.454632669687271 0.609034240245819 0.619423568248749 0.739827394485474 0.782188296318054 0.915591716766357 0.947868168354034 0.980498194694519 0.964991509914398 0.977245271205902 0.989747226238251 0.990606009960175 0.987582206726074 0.978129029273987 0.983333587646484 0.964350163936615 0.956701457500458 0.956287622451782 0.972143113613129 0.977152347564697 0.987931728363037 0.987880766391754 0.989505887031555 0.946366906166077 0.840856850147247 0.71162474155426
0.221009001135826 0.134763598442078 0.202021330595016 0.247442066669464 0.27960616350174 0.305025547742844 0.262242704629898 0.283517301082611 0.312444627285004 0.317718863487244 0.425963908433914 0.435439556837082 0.50296938419342 0.520545959472656 0.488996028900146 0.674761652946472 0.675021767616272 0.636275470256805 0.730022370815277 0.706737518310547 0.918572783470154 0.945349633693695 0.982645094394684 0.96468448638916 0.988306939601898 0.990843594074249 0.990700125694275 0.984266221523285 0.987134516239166 0.971412360668182 0.963991820812225 0.954494178295135 0.96108490228653 0.978520750999451 0.983087062835693 0.988895416259766 0.987533569335938 0.991892158985138 0.978712618350983 0.855386555194855 0.749796748161316
0.249273553490639 0.172416418790817 0.188065305352211 0.265726804733276 0.21627339720726 0.231075897812843 0.258194923400879 0.357782334089279 0.296768695116043 0.542188405990601 0.508879959583282 0.457237184047699 0.589863836765289 0.54910546541214 0.532162249088287 0.657464146614075 0.654710948467255 0.589986562728882 0.749948799610138 0.709221601486206 0.924358189105988 0.971952438354492 0.970683157444 0.964385271072388 0.98785662651062 0.991592705249786 0.984302699565887 0.988900065422058 0.986182272434235 0.981155216693878 0.965644121170044 0.966207802295685 0.967254042625427 0.978880107402802 0.982401251792908 0.989488959312439 0.988937973976135 0.989609241485596 0.97208559513092 0.836404979228973 0.827580809593201
0.242492914199829 0.171960458159447 0.229147270321846 0.196339279413223 0.406648874282837 0.353069514036179 0.213174059987068 0.336230307817459 0.430481553077698 0.535202026367188 0.50500077009201 0.374721497297287 0.571895897388458 0.564607262611389 0.561507999897003 0.710631847381592 0.653331756591797 0.53440910577774 0.680188179016113 0.720329403877258 0.922004163265228 0.973820984363556 0.93932032585144 0.924206554889679 0.978487432003021 0.98574161529541 0.988056540489197 0.988971769809723 0.987970530986786 0.98300564289093 0.979925036430359 0.973395049571991 0.98183274269104 0.98206639289856 0.984424233436584 0.98786586523056 0.988635957241058 0.989909529685974 0.880350053310394 0.874335885047913 0.848469436168671
0.347987532615662 0.244598582386971 0.213490575551987 0.235941857099533 0.360373854637146 0.32171157002449 0.210629910230637 0.299278527498245 0.405970692634583 0.509837865829468 0.482672065496445 0.433582752943039 0.520925879478455 0.522202014923096 0.500347435474396 0.691482067108154 0.657592952251434 0.623635768890381 0.75477796792984 0.871764063835144 0.928015828132629 0.954239010810852 0.941635251045227 0.929196357727051 0.97731739282608 0.989654064178467 0.991742074489594 0.986921191215515 0.989191472530365 0.98832905292511 0.988161385059357 0.985343277454376 0.980896592140198 0.983159840106964 0.988518595695496 0.98740828037262 0.988390803337097 0.973053693771362 0.973144590854645 0.980667531490326 0.894246280193329
0.338577002286911 0.207726180553436 0.208876833319664 0.192566126585007 0.242210850119591 0.245350033044815 0.24885356426239 0.385944724082947 0.349273532629013 0.509053587913513 0.465286493301392 0.395169883966446 0.558675169944763 0.526382088661194 0.488052725791931 0.670537769794464 0.674831807613373 0.656538426876068 0.759716212749481 0.898427069187164 0.928295791149139 0.951663613319397 0.937727749347687 0.917351901531219 0.976580321788788 0.991567432880402 0.989464998245239 0.987467646598816 0.992026090621948 0.987777173519135 0.987311184406281 0.98725289106369 0.985803067684174 0.986595451831818 0.987801671028137 0.983953952789307 0.989570438861847 0.991841673851013 0.988363087177277 0.914103806018829 0.452040612697601
0.310949742794037 0.204242378473282 0.335077077150345 0.215605080127716 0.208160787820816 0.22085103392601 0.321153998374939 0.340130180120468 0.425728619098663 0.442932337522507 0.419711053371429 0.345676571130753 0.373910665512085 0.486170053482056 0.517988204956055 0.562982857227325 0.538918673992157 0.623467445373535 0.767903745174408 0.89320307970047 0.939541041851044 0.92061722278595 0.898540318012238 0.931338429450989 0.979411065578461 0.993814945220947 0.994023561477661 0.992770493030548 0.989622056484222 0.993129670619965 0.989138841629028 0.990977883338928 0.987557947635651 0.989072918891907 0.986284792423248 0.981990933418274 0.990105152130127 0.992859423160553 0.990086078643799 0.886453807353973 0.378451198339462
0.332587510347366 0.258347064256668 0.201691806316376 0.235008299350739 0.183231845498085 0.238547876477242 0.377141952514648 0.374599754810333 0.322342872619629 0.479364007711411 0.415664434432983 0.375802546739578 0.487558454275131 0.466351360082626 0.456374883651733 0.548264265060425 0.67280513048172 0.651459157466888 0.750757873058319 0.82148814201355 0.862345516681671 0.92152351140976 0.895351946353912 0.967567682266235 0.982681930065155 0.988272905349731 0.992863953113556 0.990211308002472 0.991834223270416 0.988992214202881 0.991650640964508 0.990253090858459 0.989916086196899 0.987682163715363 0.991600513458252 0.991752326488495 0.993315160274506 0.993969678878784 0.937593638896942 0.567597389221191 0.133091583848
0.389165610074997 0.315200179815292 0.197710379958153 0.314488023519516 0.19998836517334 0.344220697879791 0.290287017822266 0.350129276514053 0.279072821140289 0.443013876676559 0.452050477266312 0.44204568862915 0.384974360466003 0.442637026309967 0.56601357460022 0.53605455160141 0.664784133434296 0.66135048866272 0.761367917060852 0.752370536327362 0.867867410182953 0.933290660381317 0.896909713745117 0.949586749076843 0.982705473899841 0.989925742149353 0.986529111862183 0.990764617919922 0.995481073856354 0.995438456535339 0.991965532302856 0.989549398422241 0.991545498371124 0.984046161174774 0.984088480472565 0.993799328804016 0.992515623569489 0.993133246898651 0.937685906887054 0.62058687210083 0.106399156153202
0.138511836528778 0.401180893182755 0.229419708251953 0.326546400785446 0.374756991863251 0.262766152620316 0.247458338737488 0.430851072072983 0.398823201656342 0.317387074232101 0.372918248176575 0.436255991458893 0.551466524600983 0.547591507434845 0.518552720546722 0.559222817420959 0.710101723670959 0.672830581665039 0.788515031337738 0.769838392734528 0.889890670776367 0.849637985229492 0.900211691856384 0.947030007839203 0.969801425933838 0.980845868587494 0.986767411231995 0.992373824119568 0.995369017124176 0.995055139064789 0.993332982063293 0.994105219841003 0.989986658096313 0.992320477962494 0.988370597362518 0.995458900928497 0.955046474933624 0.993349194526672 0.938331007957458 0.375018060207367 0.081806406378746
0.484990149736404 0.377624303102493 0.32678148150444 0.168940350413322 0.210995256900787 0.453358292579651 0.320588231086731 0.452322393655777 0.302127420902252 0.500080049037933 0.427398651838303 0.403648227453232 0.448312431573868 0.581886768341064 0.509227931499481 0.690106213092804 0.684738636016846 0.651297807693481 0.699261605739594 0.779475212097168 0.87352329492569 0.813982307910919 0.892557740211487 0.9481440782547 0.970113754272461 0.984257698059082 0.989446401596069 0.993876039981842 0.992192566394806 0.995636641979218 0.992772459983826 0.993256688117981 0.989362776279449 0.991758465766907 0.993093609809875 0.994666397571564 0.991002023220062 0.922673106193542 0.578278541564941 0.227468729019165 0.0757455304265022
0.40244123339653 0.483974069356918 0.384637951850891 0.244563564658165 0.406455636024475 0.430892288684845 0.320099025964737 0.437240093946457 0.338978260755539 0.537935793399811 0.49616077542305 0.501628875732422 0.459928125143051 0.487393170595169 0.499329060316086 0.591118514537811 0.733866333961487 0.674870431423187 0.599168360233307 0.707697510719299 0.845283150672913 0.817192375659943 0.89488810300827 0.899935901165009 0.940972328186035 0.983936965465546 0.982357621192932 0.989297866821289 0.993757605552673 0.991923928260803 0.995265245437622 0.992658257484436 0.993044316768646 0.99531477689743 0.995446562767029 0.99387913942337 0.99552971124649 0.868517160415649 0.963462829589844 0.41189980506897 0.0720926448702812
0.392006784677505 0.418799638748169 0.370434552431107 0.330139368772507 0.316567301750183 0.302388548851013 0.340882539749146 0.432489961385727 0.35542219877243 0.35371407866478 0.539951026439667 0.541372418403625 0.488228142261505 0.59255588054657 0.564090430736542 0.582311928272247 0.736917495727539 0.763341069221497 0.774053335189819 0.79384982585907 0.887843310832977 0.855806052684784 0.899333655834198 0.89094489812851 0.917010128498077 0.971659362316132 0.982391953468323 0.989343881607056 0.989328145980835 0.991633772850037 0.990711808204651 0.99462503194809 0.996103227138519 0.99515038728714 0.996040165424347 0.985732316970825 0.995361268520355 0.996903598308563 0.993407905101776 0.769468128681183 0.0928210094571114
0.384603053331375 0.357874035835266 0.498774915933609 0.327693849802017 0.347700655460358 0.300367653369904 0.354919672012329 0.454310446977615 0.350740730762482 0.351742535829544 0.596293449401855 0.564928233623505 0.520976901054382 0.502904772758484 0.565819799900055 0.715682804584503 0.73482620716095 0.796946823596954 0.871137678623199 0.849184930324554 0.906579554080963 0.8903529047966 0.927784740924835 0.91452431678772 0.94886326789856 0.974653601646423 0.984359085559845 0.981549203395844 0.98740154504776 0.978771150112152 0.990071415901184 0.990720868110657 0.995021164417267 0.997539222240448 0.997556805610657 0.987575471401215 0.987460017204285 0.994018495082855 0.992387473583221 0.544334709644318 0.135438024997711
0.369951665401459 0.606103897094727 0.476165294647217 0.414295613765717 0.266356766223907 0.354166269302368 0.334914326667786 0.377312004566193 0.376208066940308 0.551613628864288 0.523029386997223 0.54839688539505 0.529166460037231 0.669331431388855 0.688664734363556 0.646098256111145 0.778034150600433 0.816951274871826 0.893392384052277 0.87948215007782 0.791658103466034 0.893679559230804 0.946123063564301 0.93072634935379 0.953236937522888 0.976107060909271 0.972409784793854 0.982107102870941 0.978036522865295 0.977645933628082 0.984890580177307 0.990989148616791 0.994225084781647 0.996114313602448 0.99748420715332 0.992758929729462 0.995742559432983 0.995269477367401 0.995961248874664 0.890809178352356 0.179943785071373
0.361779481172562 0.579191267490387 0.427629619836807 0.38608381152153 0.332021832466125 0.38492140173912 0.34977725148201 0.413091778755188 0.518425464630127 0.392629235982895 0.597569763660431 0.550620079040527 0.538439929485321 0.666765809059143 0.683355510234833 0.629117727279663 0.811343431472778 0.832760870456696 0.900898337364197 0.877146184444427 0.831343173980713 0.910856902599335 0.95016473531723 0.936421990394592 0.919654548168182 0.954698741436005 0.973587989807129 0.983753800392151 0.976932644844055 0.971738278865814 0.987032473087311 0.991644263267517 0.995718061923981 0.991271317005157 0.995110988616943 0.996525943279266 0.995811820030212 0.991480231285095 0.995728969573975 0.922461152076721 0.20489276945591
