data/climate_estimation/maxent_output/Bomarea_coccinea.asc
NCOLS 132 
NROWS 274 
XLLCORNER -78.5833333333333 
YLLCORNER -16.8333333333333 
CELLSIZE 0.0833333333333333 
NODATA_value -3.4e+38 
[rows 57 to 75 of 274, columns 43 to 85 of 132]
0.0531932711601257 0.0493511371314526 0.0524944812059402 0.0516156069934368 0.0534815676510334 0.0491179116070271 0.055654302239418 0.0502261966466904 0.0475882142782211 0.0527509264647961 0.0517158322036266 0.0574865192174911 0.0531072355806828 0.0513255633413792 0.055831253528595 0.0561095625162125 0.0521510541439056 0.0568392984569073 0.054387278854847 0.0512623675167561 0.0499933697283268 0.0471533723175526 0.0468895994126797 0.0428852066397667 0.0410075075924397 0.0457869991660118 0.0449588112533092 0.0431786887347698 0.0420420691370964 0.0372105203568935 0.0376802273094654 0.0384241119027138 0.0397867150604725 0.0376510582864285 0.040376428514719 0.0422210656106472 0.038254801183939 0.0433169640600681 0.0431531071662903 0.0476939789950848 0.0445209816098213 0.0487329885363579 0.0451109707355499
0.0520430877804756 0.0497603751718998 0.0503165647387505 0.0526651926338673 0.0523021146655083 0.0574564188718796 0.054216343909502 0.0510237887501717 0.0479302741587162 0.0505969747900963 0.0515863373875618 0.0550886169075966 0.0541444681584835 0.0520866960287094 0.049924373626709 0.0547780878841877 0.0540347471833229 0.0511098727583885 0.049573116004467 0.049748707562685 0.046288400888443 0.0505475960671902 0.0503330081701279 0.046949714422226 0.0457848645746708 0.04922229424119 0.0544638633728027 0.0574841909110546 0.0389123409986496 0.03746722266078 0.0339479334652424 0.038026824593544 0.0413516275584698 0.0445869602262974 0.0412582084536552 0.0389549136161804 0.039745781570673 0.0426763817667961 0.0495865605771542 0.0458284579217434 0.0473381504416466 0.0435034111142159 0.047828447073698
0.0532583184540272 0.0524233728647232 0.0539272278547287 0.050970520824194 0.0515380874276161 0.0576830580830574 0.0559696145355701 0.0543299317359924 0.0558035559952259 0.0545563772320747 0.0551219619810581 0.0587967969477177 0.0574224069714546 0.0534474551677704 0.0509011074900627 0.048979613929987 0.0557669885456562 0.0544422306120396 0.0526015721261501 0.0512736067175865 0.049409244209528 0.0486629791557789 0.0471920073032379 0.0460212863981724 0.044818326830864 0.0444409139454365 0.0544366054236889 0.0766463205218315 0.047833651304245 0.0393233485519886 0.0406096167862415 0.0409486033022404 0.0411455929279327 0.0405714176595211 0.0429004952311516 0.0384323298931122 0.040641225874424 0.0427448898553848 0.0467947348952293 0.0423713177442551 0.0454444624483585 0.0431755781173706 0.0445729717612267
0.0548302195966244 0.0507766976952553 0.0485604740679264 0.0524200461804867 0.0514632798731327 0.0554742850363255 0.0548977181315422 0.0536305494606495 0.0580443441867828 0.0550675988197327 0.0541238002479076 0.0525530055165291 0.0578748881816864 0.05733747407794 0.0533714853227139 0.0504617728292942 0.0518569722771645 0.0494007654488087 0.0542259775102139 0.0470936670899391 0.0502373613417149 0.0434378385543823 0.0450424142181873 0.0489255078136921 0.042832288891077 0.0444129258394241 0.0680007413029671 0.0736372023820877 0.041468158364296 0.0376241095364094 0.0378884971141815 0.0374128483235836 0.0426633469760418 0.0407020635902882 0.0415023453533649 0.0379065908491611 0.0397513844072819 0.0406175404787064 0.0435479357838631 0.0463873706758022 0.0417074672877789 0.0440306663513184 0.04383335262537
0.0510101690888405 0.0537967123091221 0.0504482053220272 0.0510075837373734 0.0510420985519886 0.0512963384389877 0.0558712929487228 0.055248811841011 0.0584178753197193 0.0582078285515308 0.0545933023095131 0.0521393530070782 0.0530048422515392 0.0570296943187714 0.0546490661799908 0.0532159470021725 0.0537301413714886 0.0527768656611443 0.051477562636137 0.0500637702643871 0.0490987151861191 0.0506250262260437 0.0474184416234493 0.0472064614295959 0.0492154993116856 0.0487530939280987 0.0523255951702595 0.0560062974691391 0.0511689819395542 0.0420765392482281 0.0414896570146084 0.0386525318026543 0.0408757291734219 0.0390230379998684 0.0405782461166382 0.041710402816534 0.0381564572453499 0.0422951281070709 0.0417926050722599 0.0422520115971565 0.0415478311479092 0.0445982217788696 0.0425395667552948
0.0525370128452778 0.0540696866810322 0.0521812178194523 0.0568226464092731 0.0515774823725224 0.0528288632631302 0.0574530474841595 0.0582570508122444 0.0566315799951553 0.0594272539019585 0.0572759211063385 0.0545896738767624 0.0552565641701221 0.0528895668685436 0.0505866967141628 0.0503308363258839 0.0548809617757797 0.0557529777288437 0.0539803132414818 0.0549949556589127 0.0503375977277756 0.0507579930126667 0.0527737140655518 0.0455495081841946 0.0451064929366112 0.0453063063323498 0.0493206270039082 0.0447036810219288 0.0498529076576233 0.0402534753084183 0.0426215790212154 0.0429597198963165 0.0389853194355965 0.0391811020672321 0.0377136655151844 0.0380455814301968 0.0359427370131016 0.0385736003518105 0.0421768501400948 0.0385141409933567 0.043547235429287 0.0419153347611427 0.0381428338587284
0.0465187020599842 0.0488622449338436 0.0520172938704491 0.0512697026133537 0.0550568662583828 0.0517625249922276 0.0581807382404804 0.0586966536939144 0.0562478825449944 0.062564916908741 0.0603036805987358 0.0577080771327019 0.0552391670644283 0.0552764609456062 0.0527394339442253 0.0523977279663086 0.0506390519440174 0.049121018499136 0.0496631860733032 0.049519769847393 0.0488495416939259 0.0601790361106396 0.0521235801279545 0.0480362959206104 0.0574491359293461 0.0782599076628685 0.0506303869187832 0.0458830371499062 0.0444997325539589 0.0429797023534775 0.0394214168190956 0.0378009639680386 0.0413176529109478 0.0376047119498253 0.0384319871664047 0.034966591745615 0.039021622389555 0.0364757776260376 0.0386815592646599 0.0360862985253334 0.0399926416575909 0.0367345325648785 0.0340914539992809
0.0479867309331894 0.0505464598536491 0.0539981685578823 0.0516248606145382 0.0576222203671932 0.0541188381612301 0.0515926852822304 0.0583435222506523 0.0576357245445251 0.0550717264413834 0.0561450719833374 0.0535103417932987 0.0576662681996822 0.0551200360059738 0.0547442138195038 0.0526826046407223 0.0528115928173065 0.0533446967601776 0.0502391345798969 0.051038533449173 0.0512371361255646 0.0829245895147324 0.0599366389214993 0.056401651352644 0.0535264723002911 0.0637060850858688 0.0618965402245522 0.0435026362538338 0.0417913198471069 0.0403842777013779 0.0421432927250862 0.035166010260582 0.0366366319358349 0.0400900691747665 0.0381390117108822 0.038019135594368 0.0359386764466763 0.0348738133907318 0.037428505718708 0.03365533426404 0.0355318859219551 0.0331170596182346 0.0355805307626724
0.0508527010679245 0.0538093447685242 0.0518884509801865 0.0543454326689243 0.0535107515752316 0.0568227544426918 0.0553142093122005 0.0522997789084911 0.0567986182868481 0.0565736070275307 0.0567929074168205 0.0576506890356541 0.05754454433918 0.0549066737294197 0.0520863123238087 0.05152627825737 0.0461903773248196 0.0502274073660374 0.0459562130272388 0.0480694957077503 0.0502042211592197 0.0659031271934509 0.0698090568184853 0.0532818101346493 0.0492549650371075 0.0529968850314617 0.05944899097085 0.0425530783832073 0.0428312830626965 0.0449031554162502 0.0366609580814838 0.0375771075487137 0.0343245640397072 0.0361242778599262 0.0359196998178959 0.0363683775067329 0.0328247845172882 0.0346746034920216 0.0340100638568401 0.0354671850800514 0.0322990640997887 0.0303254034370184 0.0319541990756989
0.0517285093665123 0.0486536100506783 0.0527388006448746 0.0561927519738674 0.0569946393370628 0.0641423463821411 0.0606613717973232 0.0590542182326317 0.0640227794647217 0.0578852780163288 0.0592860393226147 0.0586510114371777 0.0582721941173077 0.0583124831318855 0.055261392146349 0.0520484149456024 0.0515838898718357 0.047885213047266 0.0501568727195263 0.0490487776696682 0.0504067800939083 0.0566103234887123 0.059898030012846 0.0460466332733631 0.0446586534380913 0.0467475838959217 0.0524613037705421 0.0451619140803814 0.0367134027183056 0.0393526516854763 0.0335458405315876 0.0360813029110432 0.0353347100317478 0.0333856418728828 0.0357018448412418 0.0349075384438038 0.0348754972219467 0.0321385115385056 0.0345465019345284 0.0316141657531261 0.0285202208906412 0.0295875705778599 0.0264134481549263
0.0451945587992668 0.0526439510285854 0.0561380013823509 0.0604734607040882 0.0613554678857327 0.0641696229577065 0.0668925642967224 0.0599065534770489 0.0590103156864643 0.0568128898739815 0.0614910498261452 0.0597534812986851 0.060741264373064 0.0594938136637211 0.0576314628124237 0.0577529221773148 0.053719449788332 0.0473494902253151 0.0455279350280762 0.0469415113329887 0.0456398092210293 0.0614893697202206 0.0511079095304012 0.0459002815186977 0.0458334051072598 0.0467342548072338 0.055182620882988 0.0583306513726711 0.0388030149042606 0.0335588380694389 0.0361599624156952 0.0327582620084286 0.0325603261590004 0.0349213927984238 0.0335440933704376 0.0357435569167137 0.0335897654294968 0.0300176180899143 0.0312030781060457 0.0290835816413164 0.0287491288036108 0.0258893352001905 0.0232384670525789
0.0477367118000984 0.0553857013583183 0.0598255582153797 0.0590830296278 0.0643905103206635 0.0719639286398888 0.0689514726400375 0.0654071643948555 0.0613593012094498 0.0581107810139656 0.0548941604793072 0.0564678348600864 0.0557022467255592 0.0549467317759991 0.0531060323119164 0.0523856692016125 0.049301166087389 0.0501383654773235 0.0480902902781963 0.046725008636713 0.047882329672575 0.0488718412816525 0.0536214411258698 0.043727558106184 0.0424833372235298 0.0434744916856289 0.0441534779965878 0.0511667393147945 0.0391641557216644 0.0340998321771622 0.0316037386655807 0.033046118915081 0.030754528939724 0.0340441837906837 0.0365511514246464 0.0329609140753746 0.0312379002571106 0.0333298407495022 0.0276804771274328 0.0249619390815496 0.0258226282894611 0.0240465383976698 0.0216730087995529
0.049838375300169 0.0523532703518867 0.0625339299440384 0.0592644102871418 0.0705102011561394 0.0683066323399544 0.07221519947052 0.0698119103908539 0.0634573623538017 0.0607924796640873 0.0613380298018456 0.0608765184879303 0.0585280023515224 0.0587362945079803 0.0569541044533253 0.0560213886201382 0.0533746555447578 0.0466670244932175 0.0444665402173996 0.0454373583197594 0.0418656058609486 0.0431058332324028 0.0449604950845242 0.0464741662144661 0.0446203984320164 0.0396776124835014 0.0414801873266697 0.0448378212749958 0.0333070755004883 0.0322621576488018 0.0332030355930328 0.0306772515177727 0.0334930531680584 0.0309398882091045 0.0326741598546505 0.0312367547303438 0.0330402962863445 0.0286716911941767 0.0295728370547295 0.0262857619673014 0.0229843109846115 0.0217358376830816 0.0214857254177332
0.0498189181089401 0.0552813820540905 0.0644550696015358 0.0609150901436806 0.0701464414596558 0.0703916177153587 0.0690361112356186 0.0725740790367126 0.067234493792057 0.0649688243865967 0.0586642734706402 0.0564598180353642 0.0567421838641167 0.0554948523640633 0.0516718104481697 0.050678338855505 0.0496137887239456 0.0476886704564095 0.0463189817965031 0.0459508076310158 0.0404086858034134 0.0415927246212959 0.042700819671154 0.0409038886427879 0.0411400906741619 0.0417084582149982 0.040873110294342 0.0380266569554806 0.0331408828496933 0.0306296683847904 0.0314989984035492 0.0306342095136642 0.0281721223145723 0.0300018824636936 0.0299682263284922 0.0330499671399593 0.0283394604921341 0.025603462010622 0.0259808525443077 0.0241674203425646 0.0213729441165924 0.0214924644678831 0.0187737122178078
0.0493895225226879 0.0551984384655952 0.0554100088775158 0.0617002286016941 0.0736384838819504 0.0726748555898666 0.070966400206089 0.0665753930807114 0.0638114288449287 0.062635600566864 0.062321949750185 0.0601780787110329 0.0600477643311024 0.0581448040902615 0.0517817176878452 0.046772800385952 0.046468798071146 0.0443257316946983 0.0451640188694 0.0413736738264561 0.0421573743224144 0.039702732115984 0.0439533665776253 0.0366405136883259 0.0371739268302917 0.0384436547756195 0.0396001264452934 0.037240955978632 0.0316932015120983 0.0327455103397369 0.0340032428503036 0.0292665213346481 0.0299137551337481 0.0278665069490671 0.0303644817322493 0.026971448212862 0.0249490067362785 0.0251698717474937 0.023302374407649 0.0235171914100647 0.0212497543543577 0.0191743709146976 0.0174680706113577
0.0439051799476147 0.0498753562569618 0.0561432540416718 0.0648789554834366 0.0697437524795532 0.0712441578507423 0.0706900581717491 0.0665195062756538 0.0579725615680218 0.0653119459748268 0.0576300509274006 0.0557820238173008 0.0537794195115566 0.0516971126198769 0.0511420629918575 0.0498709864914417 0.0491218119859695 0.0489434972405434 0.041667215526104 0.0412755720317364 0.0398964248597622 0.0398514233529568 0.0436113551259041 0.0382136963307858 0.0376091599464417 0.0406475737690926 0.0360710360109806 0.0328524000942707 0.0335511900484562 0.0343136265873909 0.0305009353905916 0.0330126509070396 0.0276636201888323 0.0286291744560003 0.0274543631821871 0.0285758674144745 0.0263870730996132 0.0228051468729973 0.0244322586804628 0.0222227927297354 0.0191591084003448 0.0173273663967848 0.0176552683115005
0.0457938872277737 0.0477474927902222 0.0537879727780819 0.0567026287317276 0.0641163066029549 0.0628242567181587 0.0616265200078487 0.0600192621350288 0.0594235062599182 0.0597220808267593 0.0577283836901188 0.0505060292780399 0.0500629469752312 0.0490996055305004 0.0484152175486088 0.0462016239762306 0.0467021428048611 0.0439897924661636 0.0427239425480366 0.0425826199352741 0.0359377451241016 0.0374498106539249 0.03963403403759 0.0360767170786858 0.0360110923647881 0.036865871399641 0.0370660573244095 0.033613596111536 0.0300946701318026 0.0334572158753872 0.0343560166656971 0.0321135595440865 0.0278667826205492 0.0278651677072048 0.0286674369126558 0.0254060830920935 0.0235638134181499 0.0239548869431019 0.0215830691158772 0.0197330843657255 0.0192442908883095 0.0178360976278782 0.0162272099405527
0.0448154918849468 0.0438337586820126 0.0445344485342503 0.054376307874918 0.0587729103863239 0.0577304475009441 0.059533204883337 0.058646310120821 0.0532812923192978 0.0508184023201466 0.0489890836179256 0.0497174076735973 0.049254734069109 0.0502741634845734 0.0443199872970581 0.0426808185875416 0.0433303788304329 0.0419168323278427 0.0399214811623096 0.0398902632296085 0.0378666706383228 0.0378370210528374 0.0392553545534611 0.0385922193527222 0.0336338132619858 0.034272275865078 0.033388439565897 0.0345311798155308 0.0350599735975266 0.0339850634336472 0.0316279381513596 0.0330232493579388 0.0265871062874794 0.0280478410422802 0.0256827753037214 0.0256478935480118 0.0238493867218494 0.0211532358080149 0.019538464024663 0.0195975713431835 0.0176404882222414 0.0156725291162729 0.0143544394522905
0.0390006229281425 0.042166955769062 0.0446991175413132 0.049096766859293 0.0498560443520546 0.0501244887709618 0.0503759644925594 0.0580682754516602 0.0497836880385876 0.0465464517474174 0.0460308715701103 0.0448539070785046 0.0430949069559574 0.0439898110926151 0.0433132909238338 0.038673397153616 0.0385193675756454 0.0368963442742825 0.0389938056468964 0.0365764200687408 0.036674115806818 0.0361710861325264 0.0391491614282131 0.0372024886310101 0.0372803881764412 0.0366773717105389 0.0325277037918568 0.03854925557971 0.0467172749340534 0.0360078066587448 0.0347296334803104 0.0281983148306608 0.0279650501906872 0.0262190997600555 0.0262598227709532 0.02463373914361 0.0216595381498337 0.0225724242627621 0.0197472684085369 0.01719412766397 0.0163923315703869 0.0148393716663122 0.0143395839259028
