data/climate_estimation/maxent_output/Bomarea_purpurea.asc
NCOLS 94 
NROWS 254 
XLLCORNER -79.75 
YLLCORNER -13.0833333333333 
CELLSIZE 0.0833333333333333 
NODATA_value -3.4e+38 
[rows 133 to 151 of 254, columns 0 to 42 of 94]
0.0334603972733021 0.0315457545220852 0.0699222683906555 0.895740389823914 0.969500839710236 0.970990717411041 0.971309661865234 0.91564953327179 0.905647575855255 0.916236162185669 0.931555271148682 0.944743156433105 0.980145394802094 0.964051127433777 0.469017297029495 0.0522523336112499 0.0381665006279945 0.0308246891945601 0.0198919158428907 0.0172092076390982 0.0110546946525574 0.0165826585143805 0.01461411267519 0.0150759164243937 0.0131214344874024 0.0131497532129288 0.0124449860304594 0.0126837510615587 0.0134246414527297 0.0126208523288369 0.013473542407155 0.0133827812969685 0.0135120255872607 0.0143638094887137 0.01535037253052 0.0153805026784539 0.015460042282939 0.0179595518857241 0.0174646899104118 0.0176752544939518 0.0146991843357682 0.014877637848258 0.0148715674877167
0.0505275242030621 0.0923428013920784 0.899502456188202 0.895290732383728 0.914126634597778 0.928675711154938 0.935231983661652 0.932758688926697 0.922089874744415 0.924980163574219 0.93206924200058 0.955517888069153 0.975025475025177 0.960131943225861 0.132218241691589 0.0623139888048172 0.052162267267704 0.0704068243503571 0.0294414013624191 0.0375513955950737 0.014520576223731 0.0159779079258442 0.0147885475307703 0.0156898591667414 0.0136779407039285 0.0130228400230408 0.0131319034844637 0.0132436994463205 0.0137513065710664 0.0131849301978946 0.0134181510657072 0.0135969305410981 0.0150326369330287 0.0153856026008725 0.015553523786366 0.0175767485052347 0.0176908522844315 0.0191885251551867 0.0192559584975243 0.0203751381486654 0.0214755665510893 0.0166094712913036 0.018327172845602
0.0280528124421835 0.158675447106361 0.400553077459335 0.894373953342438 0.904788374900818 0.592095851898193 0.376641929149628 0.933247208595276 0.937511503696442 0.932485938072205 0.951456725597382 0.974061012268066 0.953316211700439 0.878535985946655 0.133339047431946 0.0463898852467537 0.138354018330574 0.0847867950797081 0.0315397381782532 0.0880588740110397 0.0391686595976353 0.0148352095857263 0.0151604134589434 0.0158851686865091 0.0142978122457862 0.0135388011112809 0.0140230730175972 0.013632352463901 0.013860197737813 0.0145790791139007 0.0147312730550766 0.0152018908411264 0.0158149264752865 0.016449511051178 0.0176094472408295 0.0185857154428959 0.0200981590896845 0.0209634248167276 0.0225681886076927 0.0227837841957808 0.024391945451498 0.0245259366929531 0.0230759624391794
0.0347351431846619 0.0597171187400818 0.0541222877800465 0.200715109705925 0.33554807305336 0.226750716567039 0.55297064781189 0.926413953304291 0.937514066696167 0.956064343452454 0.970770239830017 0.97203117609024 0.927941918373108 0.198490217328072 0.109021708369255 0.0490059927105904 0.171732261776924 0.195487380027771 0.0517961718142033 0.140663370490074 0.0693017840385437 0.0161064974963665 0.0162378344684839 0.0161596909165382 0.0147114545106888 0.0137554435059428 0.0152053022757173 0.015542509034276 0.014907905831933 0.0148558970540762 0.0152861932292581 0.0168886762112379 0.016814149916172 0.0173099227249622 0.0193531140685081 0.0198544301092625 0.0194581765681505 0.0227177403867245 0.0246224645525217 0.0267062932252884 0.0270242262631655 0.0269762556999922 0.0263858810067177
0.0597653649747372 0.0195344462990761 0.0787575989961624 0.240824818611145 0.17259319126606 0.303139507770538 0.957264006137848 0.976555049419403 0.952583193778992 0.967055141925812 0.975728392601013 0.977549314498901 0.96391236782074 0.091327041387558 0.0833425894379616 0.0540121123194695 0.241933345794678 0.111419834196568 0.0910930186510086 0.0979279428720474 0.0650541484355927 0.0172671042382717 0.0164053905755281 0.0169272273778915 0.0159243494272232 0.014954854734242 0.0147666875272989 0.014579483307898 0.0150319049134851 0.0149391936138272 0.0157125890254974 0.0166592746973038 0.0169629398733377 0.0185995064675808 0.0193274617195129 0.0204233527183533 0.0223819632083178 0.0226067192852497 0.0245640408247709 0.0274361968040466 0.0280115306377411 0.0274513587355614 0.029192017391324
0.016796326264739 0.190574064850807 0.258641421794891 0.790829122066498 0.429683864116669 0.351299375295639 0.551813662052155 0.991085648536682 0.965461850166321 0.989631414413452 0.990785837173462 0.972136080265045 0.179038241505623 0.0823318213224411 0.0620523281395435 0.0608412176370621 0.276786923408508 0.0592768378555775 0.061670359224081 0.0429303795099258 0.0188955292105675 0.0135071603581309 0.0171196460723877 0.0177220292389393 0.0169326569885015 0.0139606259763241 0.0151321152225137 0.0144898137077689 0.0158254001289606 0.0160264763981104 0.0151749970391393 0.0160429086536169 0.0169364288449287 0.018467815592885 0.0195342097431421 0.0211134403944016 0.0220100805163383 0.0234455931931734 0.0259513054043055 0.0271929726004601 0.028856934979558 0.0283288322389126 0.0295161157846451
0.111444376409054 0.21385246515274 0.83766758441925 0.941326856613159 0.94236433506012 0.555969953536987 0.983353614807129 0.975451827049255 0.984236657619476 0.600606799125671 0.984284460544586 0.984972357749939 0.146079659461975 0.0802314355969429 0.0594256184995174 0.0562941394746304 0.162070989608765 0.0466259010136127 0.0371679365634918 0.0227723475545645 0.0195862781256437 0.0148824639618397 0.017779404297471 0.014277053065598 0.0165553335100412 0.0145271196961403 0.0142879458144307 0.0147982407361269 0.0145844491198659 0.0148147121071815 0.0153828710317612 0.0162858422845602 0.0188452024012804 0.0190672781318426 0.0213406607508659 0.0220115724951029 0.0224344283342361 0.0237822085618973 0.0259066596627235 0.0273488238453865 0.0288020875304937 0.0287462715059519 0.0298918038606644
0.0741517618298531 0.0715626329183578 0.19283726811409 0.507410109043121 0.96667468547821 0.964950382709503 0.979116380214691 0.981070041656494 0.994267821311951 0.309317499399185 0.678915560245514 0.529425799846649 0.11809591203928 0.128172561526299 0.0584572479128838 0.0745004639029503 0.0776657685637474 0.0334211438894272 0.0351469703018665 0.0235423129051924 0.0172218922525644 0.0225787181407213 0.0186544340103865 0.014477176591754 0.014700660482049 0.0192698128521442 0.0145296491682529 0.0149650909006596 0.0146262617781758 0.0144131211563945 0.0155604481697083 0.0162752885371447 0.0178726837038994 0.0183867923915386 0.0196764636784792 0.0213404893875122 0.0224466305226088 0.0239481125026941 0.0252472665160894 0.0264019630849361 0.0274443086236715 0.028164055198431 0.0271875932812691
0.0137418657541275 0.00959738437086344 0.0378631874918938 0.327772945165634 0.971060812473297 0.983101785182953 0.987678706645966 0.987561881542206 0.997422933578491 0.709994256496429 0.13477136194706 0.0959934890270233 0.0779922679066658 0.0981504768133163 0.059566967189312 0.12409508228302 0.0694339424371719 0.0313873142004013 0.0349157601594925 0.0238640885800123 0.0205039791762829 0.016666566953063 0.0191381238400936 0.0145355816930532 0.0138373598456383 0.0154288550838828 0.0141717009246349 0.0147494822740555 0.013983984477818 0.0145899197086692 0.0148774581030011 0.0160332284867764 0.016512967646122 0.0184546858072281 0.0200655031949282 0.0213540252298117 0.0223751794546843 0.0252870228141546 0.025439765304327 0.0248806606978178 0.0272456109523773 0.0281614158302546 0.0284742768853903
0.00741557078436017 0.00983528979122639 0.0137156918644905 0.208704501390457 0.719230175018311 0.931671559810638 0.987214803695679 0.995652198791504 0.996218800544739 0.917221128940582 0.119767464697361 0.0923108607530594 0.0603455454111099 0.0472979731857777 0.0496151223778725 0.161715790629387 0.0443787798285484 0.0288186054676771 0.0299049355089664 0.0245097037404776 0.0197729114443064 0.0158807374536991 0.0211447104811668 0.0145236486569047 0.0145410308614373 0.0155940800905228 0.0139866769313812 0.0135622499510646 0.0146571584045887 0.0139751033857465 0.0150935584679246 0.0164579134434462 0.0162671394646168 0.0175658985972404 0.0199155751615763 0.021960686892271 0.0215996392071247 0.0236084461212158 0.0244231168180704 0.0253986045718193 0.0262064132839441 0.0284277033060789 0.0273878984153271
0.00825478229671717 0.0114200171083212 0.0465912222862244 0.276617586612701 0.509983360767365 0.819700658321381 0.967594504356384 0.977413177490234 0.987817287445068 0.818865478038788 0.114439725875854 0.0669544637203217 0.0475054383277893 0.0627620220184326 0.081789992749691 0.269302040338516 0.055163785815239 0.0281361117959023 0.0285915583372116 0.0276403110474348 0.024268789216876 0.0201020892709494 0.018392039462924 0.0136491106823087 0.0126156434416771 0.015574861317873 0.0166643261909485 0.0135650001466274 0.0134780844673514 0.0141338827088475 0.0149334575980902 0.0152722829952836 0.016359843313694 0.0177305582910776 0.0187975279986858 0.0202345866709948 0.0208908468484879 0.0226579084992409 0.0237549971789122 0.0239338986575603 0.0258762072771788 0.0269921272993088 0.0282682329416275
0.0592874214053154 0.050248384475708 0.143110811710358 0.242109388113022 0.0696727111935616 0.793300032615662 0.985102653503418 0.993427693843842 0.926898241043091 0.891940474510193 0.0978962182998657 0.121602296829224 0.0537926629185677 0.0469807684421539 0.144761323928833 0.0767500996589661 0.0398396849632263 0.0359783470630646 0.0277280285954475 0.0272699780762196 0.0292474720627069 0.0253568943589926 0.0173666924238205 0.0133741209283471 0.0124079575762153 0.0122442403808236 0.0172312557697296 0.0134402709081769 0.0127929700538516 0.0136197041720152 0.014850027859211 0.015676973387599 0.0159377250820398 0.017032204195857 0.0180096458643675 0.018538536503911 0.0204982981085777 0.020567137748003 0.0221330467611551 0.0230641290545464 0.0239349920302629 0.0252531226724386 0.0267874449491501
0.00880675762891769 0.131232067942619 0.0252985209226608 0.0563463270664215 0.0402445718646049 0.611954510211945 0.956337928771973 0.989495098590851 0.970556080341339 0.268622994422913 0.145896807312965 0.204508274793625 0.0652680769562721 0.0392509996891022 0.0676064044237137 0.0347139053046703 0.0466832704842091 0.0695753917098045 0.0302029903978109 0.0278098881244659 0.020016809925437 0.0222884584218264 0.0160283781588078 0.0121578583493829 0.0113642355427146 0.0121514499187469 0.0181918758898973 0.0137196741998196 0.0135884582996368 0.0137303043156862 0.0139354886487126 0.0149334780871868 0.0156134124845266 0.0169698912650347 0.0178786274045706 0.0192689467221498 0.0200840793550014 0.0209182817488909 0.0220116190612316 0.0240315683186054 0.0240727961063385 0.024886354804039 0.0261525139212608
0.0155096556991339 0.033821452409029 0.0193681754171848 0.112315185368061 0.124415419995785 0.477343082427979 0.925709664821625 0.988603174686432 0.981493294239044 0.228722497820854 0.792532205581665 0.642192602157593 0.191198855638504 0.0360087752342224 0.0462694503366947 0.0295840911567211 0.027807230129838 0.0847153216600418 0.0412060171365738 0.0393373444676399 0.0268511641770601 0.0185055490583181 0.0128519646823406 0.0121320812031627 0.0116645554080606 0.0126297622919083 0.0194547902792692 0.0125423483550549 0.0131635088473558 0.0133503638207912 0.0136571722105145 0.0146116316318512 0.0153813669458032 0.0166573785245419 0.0172421634197235 0.0181538444012403 0.0187030285596848 0.0200737845152617 0.0207383241504431 0.0226862747222185 0.0234587620943785 0.0237140618264675 0.025436157360673
0.027160732075572 0.0205395203083754 0.0431483052670956 0.271890699863434 0.489103436470032 0.240591004490852 0.835674345493317 0.980708181858063 0.991608798503876 0.631165683269501 0.888839542865753 0.173007994890213 0.103125587105751 0.0439928770065308 0.0342575833201408 0.0336300879716873 0.0225124657154083 0.0318525023758411 0.0215356424450874 0.0593539886176586 0.0259698331356049 0.016386192291975 0.0121533293277025 0.0118105821311474 0.0107181966304779 0.0158866718411446 0.0166736282408237 0.0121485814452171 0.0124217635020614 0.0127608748152852 0.012887317687273 0.0140762142837048 0.0160689670592546 0.0165961571037769 0.0173741709440947 0.0178892351686954 0.019093731418252 0.0202649757266045 0.0207030605524778 0.0222300589084625 0.0237700752913952 0.0239376556128263 0.0252049155533314
0.0656398087739944 0.0465211793780327 0.0629519820213318 0.104476593434811 0.398038536310196 0.457194030284882 0.700706779956818 0.980881810188293 0.987040996551514 0.980426251888275 0.857589781284332 0.229727178812027 0.0578348636627197 0.0397386290132999 0.0265099909156561 0.0234714802354574 0.0172284673899412 0.0312304459512234 0.0211840141564608 0.0350713990628719 0.0230078492313623 0.0175143163651228 0.0118946628645062 0.0109975086525083 0.0101303951814771 0.0155345415696502 0.0174215231090784 0.0123740853741765 0.0123541820794344 0.0131527911871672 0.012985154055059 0.0145300347357988 0.0157729126513004 0.0158548392355442 0.0165846850723028 0.0178125631064177 0.0180908069014549 0.0180139318108559 0.0197581555694342 0.0208274647593498 0.0229908991605043 0.0228138715028763 0.0237067174166441
0.0536248050630093 0.0402572751045227 0.0972912982106209 0.0628729611635208 0.219782292842865 0.69837886095047 0.810686767101288 0.94332492351532 0.975786924362183 0.967004597187042 0.307018339633942 0.207812294363976 0.0497476793825626 0.0425664000213146 0.0209155343472958 0.0253648851066828 0.0151595519855618 0.014642876572907 0.0166383981704712 0.0186794232577085 0.0197356622666121 0.014177804812789 0.0116216139867902 0.0104517908766866 0.00990246515721083 0.0118901105597615 0.0204994380474091 0.0123072471469641 0.0121930697932839 0.0126929776743054 0.013888013549149 0.0139979906380177 0.0139455096796155 0.0154505893588066 0.0160986613482237 0.0166693348437548 0.0171726178377867 0.017951188609004 0.0196145437657833 0.0205609165132046 0.0217848904430866 0.0225641559809446 0.0237527713179588
0.0409382656216621 0.0527650937438011 0.0554822087287903 0.0737607181072235 0.425533324480057 0.858544170856476 0.869888424873352 0.913172900676727 0.961708307266235 0.921731770038605 0.4915691614151 0.109766513109207 0.117780156433582 0.0522927939891815 0.02923365496099 0.0226733926683664 0.0180749502032995 0.0191903095692396 0.0182938650250435 0.0153143629431725 0.0169455464929342 0.0124890618026257 0.0108133433386683 0.010448457673192 0.00994124822318554 0.0158288273960352 0.0141341080889106 0.0107361534610391 0.0123282289132476 0.0130033390596509 0.0132077233865857 0.0135380150750279 0.0141504248604178 0.0148763973265886 0.0156589671969414 0.0164142698049545 0.0174351669847965 0.0182240586727858 0.0188308004289865 0.0200720448046923 0.021547207608819 0.0210241451859474 0.0222979877144098
0.051439456641674 0.0469833761453629 0.0550136119127274 0.0933531075716019 0.469898104667664 0.771748661994934 0.814764142036438 0.751837611198425 0.622894942760468 0.931116938591003 0.564329445362091 0.515004515647888 0.206510692834854 0.101114682853222 0.0288183707743883 0.0187950972467661 0.0326760113239288 0.0188906881958246 0.0162243600934744 0.0162505432963371 0.0141317211091518 0.0112161440774798 0.0113324327394366 0.0110331224277616 0.0128599917516112 0.019513288512826 0.0117031233385205 0.0117882899940014 0.0125343557447195 0.0128065329045057 0.0131549928337336 0.0133328000083566 0.0141538605093956 0.0142521299421787 0.0150332795456052 0.0157599188387394 0.0169492773711681 0.0173396319150925 0.0186257679015398 0.0189828015863895 0.0198153425008059 0.0213414970785379 0.0220110565423965
