data/climate_estimation/maxent_output/Bomarea_densiflora.asc
NCOLS 119 
NROWS 162 
XLLCORNER -79.9166666666667 
YLLCORNER -12.3333333333333 
CELLSIZE 0.0833333333333334 
NODATA_value -3.4e+38 
[rows 0 to 18 of 162, columns 43 to 85 of 119]
0.0138375237584114 0.0111935352906585 0.00971723720431328 0.00893722381442785 0.00948097929358482 0.00871516671031713 0.00827906653285027 0.00815752055495977 0.0085352398455143 0.00776611501350999 0.00819228403270245 0.00814901012927294 0.00787245761603117 0.00690848054364324 0.00801015459001064 0.00790439639240503 0.00820119306445122 0.00727797579020262 0.00670819729566574 0.0065000387839973 0.00685524707660079 0.00703050429001451 0.00563697423785925 0.00520723545923829 0.00581692950800061 0.00549150630831718 0.00497058453038335 0.00521466229110956 0.00493375584483147 0.00395148852840066 0.00419203983619809 0.00410101469606161 0.00404087221249938 0.00387132400646806 0.0036540690343827 0.00344433425925672 0.00306402705609798 0.0030093383975327 0.00302790966816247 0.0026965590659529 0.00260833441279829 0.00279808579944074 0.00339306192472577
0.0111336745321751 0.0101864961907268 0.00971723720431328 0.0094228982925415 0.00882901530712843 0.00851314980536699 0.00921275280416012 0.00891690701246262 0.00771870231255889 0.00779399834573269 0.00751265324652195 0.00744351977482438 0.0073227328248322 0.00671668443828821 0.00675727566704154 0.00823147594928741 0.00773147912696004 0.00728856865316629 0.00642849924042821 0.00587387150153518 0.00621855584904552 0.00607892172411084 0.00594581896439195 0.00533337937667966 0.00540134217590094 0.00475517613813281 0.00479952991008759 0.00463360128924251 0.00468521332368255 0.0051004346460104 0.00419203983619809 0.00384203484281898 0.00411618920043111 0.0036356863565743 0.00343968998640776 0.00352153810672462 0.00321480701677501 0.00310965301468968 0.00298578385263681 0.0028881102334708 0.00275573739781976 0.00265574501827359 0.00363198271952569
0.0106976740062237 0.0110087785869837 0.0103295845910907 0.00945434253662825 0.00941801816225052 0.00955779850482941 0.00887951254844666 0.00765603967010975 0.00743930134922266 0.00775525253266096 0.00811652839183807 0.0080101927742362 0.00725384941324592 0.00726892706006765 0.00766514101997018 0.00803056918084621 0.00821221433579922 0.00691175181418657 0.00701447203755379 0.00574524560943246 0.00624154135584831 0.00587050709873438 0.00656860833987594 0.00551352137699723 0.00512930564582348 0.00487967301160097 0.00461676996201277 0.00473765144124627 0.00482566654682159 0.00470254430547357 0.00410016672685742 0.00428596744313836 0.00399551820009947 0.00375781790353358 0.00340177514590323 0.00322961434721947 0.003117301966995 0.00290893414057791 0.00305209401994944 0.0029747704975307 0.0028556757606566 0.00291970442049205 0.00479918625205755
0.0126236863434315 0.0116799958050251 0.0112859848886728 0.0102889249101281 0.00973718054592609 0.00991206988692284 0.00779241696000099 0.00765207223594189 0.00812118873000145 0.00771870231255889 0.00752985570579767 0.00729353260248899 0.00692723924294114 0.00738882971927524 0.007279506418854 0.00816080160439014 0.00719936238601804 0.00682044588029385 0.00668607978150249 0.00616249535232782 0.00585223594680429 0.00549635849893093 0.00576318334788084 0.00614658277481794 0.00530257308855653 0.00509157497435808 0.00498896883800626 0.00508191157132387 0.00463384855538607 0.00437511783093214 0.00405498640611768 0.00413056556135416 0.00439130468294024 0.00350309675559402 0.00345170800574124 0.00332650449126959 0.00332650449126959 0.0034644843544811 0.00313977594487369 0.00321414228528738 0.00330647197552025 0.00317477528005838 0.00351839466020465
0.0134551962837577 0.0125237703323364 0.0119527755305171 0.011099711060524 0.010246753692627 0.00953257456421852 0.00884456839412451 0.00874960143119097 0.00901601277291775 0.00785618461668491 0.00766199780628085 0.00673143286257982 0.0065200855024159 0.00687632942572236 0.00726440735161304 0.0072527127340436 0.00701589183881879 0.00707668717950583 0.00644393591210246 0.00590548291802406 0.00522948894649744 0.00535617070272565 0.00563697423785925 0.00592391937971115 0.00529415206983685 0.00507281394675374 0.00463384855538607 0.00498896883800626 0.00459975423291326 0.00489772157743573 0.00398099981248379 0.00383663433603942 0.00401030294597149 0.00385062699206173 0.00398078747093678 0.00379414996132255 0.00326561345718801 0.00330201326869428 0.00347730773501098 0.00324612017720938 0.00333117390982807 0.00317066325806081 0.0034981716889888
0.0132774347439408 0.0127337882295251 0.0116121424362063 0.0113424705341458 0.0103152263909578 0.0101598287001252 0.00984626077115536 0.00884456839412451 0.008814319036901 0.007599794305861 0.00766199780628085 0.00728407595306635 0.00612877728417516 0.00612372113391757 0.00653024949133396 0.00691320560872555 0.00673700263723731 0.0064509785734117 0.00626982981339097 0.00588863343000412 0.00640482781454921 0.00544618675485253 0.00526522006839514 0.00533337937667966 0.00494495080783963 0.00490703526884317 0.00448238290846348 0.0041702538728714 0.00444046081975102 0.00421671569347382 0.00395169947296381 0.00382248824462295 0.00346466922201216 0.00335135590285063 0.00346466922201216 0.00349036464467645 0.00341384299099445 0.00414767768234015 0.0038164877332747 0.00333899632096291 0.00436798669397831 0.00593306962400675 0.00346466922201216
0.0138707393780351 0.0123994154855609 0.0119254132732749 0.0111924624070525 0.0110628241673112 0.0103324148803949 0.00996171403676271 0.00897588301450014 0.00878190062940121 0.00813210383057594 0.00807865522801876 0.00750443851575255 0.00685672555118799 0.00701924972236156 0.00624746270477772 0.00621281564235687 0.00722601730376482 0.00686845229938626 0.00629300391301513 0.00558275077491999 0.00549635849893093 0.00536637054756284 0.00479466840624809 0.0052264928817749 0.00513091217726469 0.00479192053899169 0.00433721672743559 0.00466965744271874 0.00439153891056776 0.00469334749504924 0.00396632263436913 0.00363512872718275 0.00393712986260653 0.00383663433603942 0.0037166012916714 0.00356859853491187 0.00385083258152008 0.00707138981670141 0.00465097557753325 0.00414789887145162 0.00365100218914449 0.00478076655417681 0.00446584774181247
0.0128645449876785 0.0127792600542307 0.012607361190021 0.0112040620297194 0.0112672178074718 0.0105233862996101 0.0104133961722255 0.0101940417662263 0.00931513123214245 0.00820723362267017 0.00765603967010975 0.00738464202731848 0.00727348960936069 0.00668016728013754 0.00612367084249854 0.00637535285204649 0.00631829304620624 0.00679287174716592 0.00589507073163986 0.00650545256212354 0.00562411034479737 0.00522948894649744 0.00465511530637741 0.00486600259318948 0.00514011410996318 0.00431254599243402 0.00465244753286242 0.00425786431878805 0.00466129602864385 0.00436936924234033 0.00415618252009153 0.00406509358435869 0.00390065391547978 0.00360423396341503 0.00375919649377465 0.00383783713914454 0.00393218221142888 0.00527063943445683 0.00594797823578119 0.00442644814029336 0.00360423396341503 0.00411866325885057 0.00483552878722548
0.0131675200536847 0.0124154724180698 0.0121613759547472 0.012165866792202 0.01098941732198 0.0100508285686374 0.0107123199850321 0.0101966774091125 0.00947852805256844 0.00852679368108511 0.00756082311272621 0.00684961210936308 0.00675630755722523 0.00650144089013338 0.00553365936502814 0.00548268668353558 0.00644959975033998 0.00649736076593399 0.00573511514812708 0.00605488987639546 0.00528206862509251 0.00508640287443995 0.00531677575781941 0.00473336316645145 0.00501851458102465 0.00449133338406682 0.00460119545459747 0.00450037559494376 0.00435326341539621 0.00413390295580029 0.00451702438294888 0.0043767224997282 0.00390937691554427 0.00392957637086511 0.00399698363617063 0.00402661925181746 0.00375371193513274 0.00479190610349178 0.00543029466643929 0.00394899724051356 0.00372821907512844 0.00399299897253513 0.00468960497528315
0.0132333599030972 0.01313766092062 0.012324289418757 0.0125356093049049 0.0113992374390364 0.0113903880119324 0.0109831551089883 0.0113142356276512 0.00949432980269194 0.00857834424823523 0.00771269993856549 0.00730340229347348 0.00690032495185733 0.00701014744117856 0.00655809044837952 0.00531349051743746 0.00559543585404754 0.00565872574225068 0.00567197054624557 0.00508154416456819 0.00507188448682427 0.0051528406329453 0.00479465397074819 0.00503996340557933 0.00498445332050323 0.00522948894649744 0.00486321374773979 0.00473913596943021 0.00432122871279716 0.00433721672743559 0.00411038612946868 0.00388884916901588 0.00445828540250659 0.00372821907512844 0.00359825394116342 0.00381177384406328 0.00389719777740538 0.00514872977510095 0.00438019121065736 0.00384003878571093 0.00385424960404634 0.00385424960404634 0.00520904920995235
0.0140548413619399 0.0132319033145905 0.0131814191117883 0.0120952744036913 0.0119031993672252 0.0119336014613509 0.0110014518722892 0.0107990615069866 0.0104518430307508 0.00917887594550848 0.00797288399189711 0.00699742836877704 0.00700287567451596 0.00731098558753729 0.00640092464163899 0.00553365936502814 0.00506468070670962 0.0052754944190383 0.00503107393160462 0.00479531288146973 0.00477242050692439 0.00444537261500955 0.004494892898947 0.00466396892443299 0.00456996029242873 0.00475939363241196 0.00457765068858862 0.00463795894756913 0.00456996029242873 0.00450295628979802 0.00408247578889132 0.00402260525152087 0.00410402379930019 0.00428326614201069 0.00345495599322021 0.0037198995705694 0.00349346245639026 0.0037977194879204 0.00385594926774502 0.00367659796029329 0.00395850418135524 0.00373132852837443 0.00431861728429794
0.0137475999072194 0.0130274621769786 0.01313766092062 0.0119751477614045 0.0117543274536729 0.012053313665092 0.0113548887893558 0.0107095520943403 0.0102792726829648 0.0095232967287302 0.00862605031579733 0.00674929795786738 0.00723920157179236 0.00650144089013338 0.00632056733593345 0.00583686027675867 0.00546248815953732 0.00554533675312996 0.00467296317219734 0.00454508373513818 0.00501602375879884 0.00430363975465298 0.00462965387851 0.00523885106667876 0.00486600259318948 0.00492019671946764 0.00399299897253513 0.00443693296983838 0.00467233546078205 0.00440428406000137 0.00453633489087224 0.00450295628979802 0.00423607230186462 0.00380088668316603 0.00409230357035995 0.00387173914350569 0.0039642876945436 0.00421502022072673 0.00433459552004933 0.00398159539327025 0.00385746406391263 0.00379101652652025 0.00407527154311538
0.0144356749951839 0.0136338202282786 0.0124465245753527 0.0116562740877271 0.0115989046171308 0.0118433171883225 0.0112302703782916 0.0106273032724857 0.0106096332892776 0.00928087998181581 0.00914986152201891 0.00726029416546226 0.00700287567451596 0.00684599904343486 0.00566963758319616 0.00499979732558131 0.00497205182909966 0.00501932157203555 0.00445394637063146 0.00436416128650308 0.00466785719618201 0.00453198654577136 0.00440006237477064 0.00480378698557615 0.00486600259318948 0.0048124035820365 0.00497022550553083 0.00455691246315837 0.00427963444963098 0.00431136135011911 0.00430269818753004 0.00430269818753004 0.00377290952019393 0.00397315248847008 0.00373678049072623 0.00362796196714044 0.00420407671481371 0.00390471611171961 0.00418200483545661 0.00387597619555891 0.00381912779994309 0.00387597619555891 0.00408167811110616
0.0143567621707916 0.0129645690321922 0.0132238660007715 0.0130288964137435 0.012860313989222 0.011455686762929 0.0112864794209599 0.00998076144605875 0.00909545924514532 0.00978328846395016 0.00821148790419102 0.00742271263152361 0.00673873955383897 0.00564142223447561 0.00538412481546402 0.00436917273327708 0.00457545137032866 0.00453446432948112 0.00435396376997232 0.00439651310443878 0.00490613654255867 0.00492428289726377 0.00448205880820751 0.00508154416456819 0.00471089035272598 0.00447354977950454 0.00431136135011911 0.00449009984731674 0.00429546879604459 0.00444063218310475 0.004144252743572 0.00446944544091821 0.00432334234938025 0.00405163830146194 0.00386168528348207 0.00401284545660019 0.00382470805197954 0.00424143113195896 0.00429152743890882 0.0037876816932112 0.00365031394176185 0.00383845460601151 0.00374047295190394
0.0141494171693921 0.0126571394503117 0.0124672427773476 0.012762326747179 0.0117579884827137 0.012053313665092 0.0112047176808119 0.0106477607041597 0.00909545924514532 0.00927912630140781 0.00798656139522791 0.00665939645841718 0.00620303209871054 0.00534775340929627 0.00464499043300748 0.00456002028658986 0.00404992466792464 0.00385282491333783 0.00374842225573957 0.00397925404831767 0.00444063218310475 0.00466785719618201 0.00466785719618201 0.00467623071745038 0.00419747876003385 0.00407081749290228 0.00446193665266037 0.00403036503121257 0.00421300949528813 0.0044365581125021 0.00433933781459928 0.00440391199663281 0.00435539241880178 0.00418200483545661 0.0040124193765223 0.00391000602394342 0.00405712658539414 0.00466102594509721 0.00485528726130724 0.00375980162061751 0.00391571875661612 0.00386691698804498 0.00381635571829975
0.0132092479616404 0.0137412957847118 0.012365834787488 0.0121096055954695 0.0121962931007147 0.0114074964076281 0.010600202716887 0.0104894144460559 0.00902233924716711 0.00898999907076359 0.00655845645815134 0.00655086617916822 0.0058369766920805 0.00513496249914169 0.00434064120054245 0.00394040532410145 0.00323788123205304 0.00295093911699951 0.0030570887029171 0.00365273468196392 0.004144252743572 0.00423711165785789 0.00436416128650308 0.00457877339795232 0.00406024744734168 0.00392749439924955 0.00424424326047301 0.00431323982775211 0.00428149942308664 0.00428149942308664 0.00368560827337205 0.00395357422530651 0.00365847814828157 0.00405712658539414 0.00381576828658581 0.00419425219297409 0.00390758272260427 0.00461712246760726 0.00457545137032866 0.00421656994149089 0.00369695597328246 0.00398932117968798 0.00343364384025335
0.0134031679481268 0.0131653975695372 0.0122226905077696 0.0117523539811373 0.0115873394533992 0.0110271172598004 0.0111077539622784 0.0101680401712656 0.00914276670664549 0.00889803096652031 0.00751732010394335 0.00604017032310367 0.00647078035399318 0.00574648519977927 0.00438899733126163 0.00357196433469653 0.00307913194410503 0.00257725710980594 0.00267429812811315 0.00319569790735841 0.00385435856878757 0.00395531766116619 0.00414243340492249 0.00421963911503553 0.00403582490980625 0.00393899763002992 0.00424098130315542 0.00404216954484582 0.00469557335600257 0.00440987665206194 0.00383047922514379 0.00409380812197924 0.00374651490710676 0.00407871603965759 0.0038360757753253 0.00365621061064303 0.00417620129883289 0.00398042006418109 0.00475553935393691 0.00412415992468596 0.0037175992038101 0.00354327913373709 0.0037869019433856
0.01462022960186 0.0134388441219926 0.0128145394846797 0.0115200262516737 0.0123140774667263 0.01058413926512 0.0103467972949147 0.0101511236280203 0.00937107112258673 0.00819319859147072 0.00757099827751517 0.0064993416890502 0.00552821904420853 0.00559412222355604 0.00435670092701912 0.00354566914029419 0.00326157221570611 0.002769939834252 0.00264480873011053 0.0030620286706835 0.00336587592028081 0.00372684095054865 0.00417194794863462 0.00389730790629983 0.00417194794863462 0.00424116337671876 0.00432020518928766 0.00398932117968798 0.00437520025297999 0.00410895608365536 0.00423217099159956 0.0040713008493185 0.0040713008493185 0.00449819024652243 0.00386612094007432 0.00397318368777633 0.003829101100564 0.00377293908968568 0.00463509187102318 0.00460873078554869 0.00436039362102747 0.00396738760173321 0.00391755253076553
0.0148898530751467 0.0138240084052086 0.012561347335577 0.0123229324817657 0.0116162691265345 0.0101827327162027 0.00974352937191725 0.00960460305213928 0.00873115472495556 0.0077239410020411 0.0063086966983974 0.00652336142957211 0.00606249831616879 0.00487124500796199 0.00448266742751002 0.0036685592494905 0.00329311424866319 0.00287648406811059 0.00313655124045908 0.00307913194410503 0.00344778085127473 0.00342239812016487 0.00395374372601509 0.00424970267340541 0.00429704785346985 0.00400529708713293 0.00406491057947278 0.00357754062861204 0.00388042815029621 0.00427154265344143 0.00435114931315184 0.00385749433189631 0.00426488649100065 0.00415604235604405 0.00424916483461857 0.00406495667994022 0.0037255419883877 0.00354253244586289 0.00420234631747007 0.00463565858080983 0.00431240070611238 0.00403503933921456 0.00381755549460649
