data/climate_estimation/maxent_output/Bomarea_pardina.asc
NCOLS 68 
NROWS 159 
XLLCORNER -79.6666666666667 
YLLCORNER -11.25 
CELLSIZE 0.0833333333333334 
NODATA_value -3.4e+38 
[rows 76 to 94 of 159, columns 0 to 43 of 68]
0.600184202194214 0.706407785415649 0.28842493891716 0.743178844451904 0.87579619884491 0.793733060359955 0.821338713169098 0.863038659095764 0.930364370346069 0.835822820663452 0.74397474527359 0.165286421775818 0.1493871062994 0.0646806135773659 0.0969609171152115 0.0534733906388283 0.0533039569854736 0.0659779831767082 0.0783286765217781 0.0711225494742393 0.0477278418838978 0.0312094986438751 0.0243735387921333 0.020406911149621 0.0274804402142763 0.059404194355011 0.0244757384061813 0.0234556067734957 0.0223374273627996 0.0259436499327421 0.0237588435411453 0.0220986101776361 0.0272108316421509 0.0270068757236004 0.0270141381770372 0.0286978967487812 0.0296766366809607 0.0318484716117382 0.0326435007154942 0.0380596406757832 0.0352037735283375 0.0358021929860115 0.0440447963774204 0.0413456410169601
0.242172315716743 0.59925252199173 0.270136445760727 0.823436915874481 0.860540449619293 0.852815926074982 0.827696323394775 0.813626945018768 0.900342881679535 0.875488817691803 0.393074095249176 0.491714984178543 0.207658588886261 0.106295123696327 0.112894177436829 0.0703006312251091 0.0839158296585083 0.0863552093505859 0.0603023692965508 0.0725469812750816 0.040463600307703 0.0293577145785093 0.0257761366665363 0.0214099809527397 0.0433411039412022 0.032150860875845 0.0199933312833309 0.0238030031323433 0.0236306432634592 0.0237332601100206 0.0234538055956364 0.0262459889054298 0.0268264692276716 0.029701005667448 0.0303210206329823 0.0314558036625385 0.0318882912397385 0.0332414843142033 0.0346316210925579 0.0372844487428665 0.032163318246603 0.0332409776747227 0.0430885776877403 0.0441804938018322
0.662659168243408 0.359764873981476 0.617602050304413 0.902940452098846 0.872869670391083 0.870097815990448 0.793718993663788 0.73231428861618 0.888822436332703 0.870240330696106 0.922784388065338 0.758539259433746 0.419064700603485 0.111300066113472 0.0742980390787125 0.133335396647453 0.0879929587244987 0.0790674313902855 0.0716565847396851 0.0569105930626392 0.0379144698381424 0.0357209444046021 0.0288022197782993 0.0346831977367401 0.0590234063565731 0.0265900976955891 0.0241388846188784 0.0238993018865585 0.0242955293506384 0.0241066589951515 0.0237204767763615 0.0278593637049198 0.0264722723513842 0.0294312071055174 0.0306480843573809 0.034758448600769 0.0354915969073772 0.0344374589622021 0.0333276465535164 0.0342922806739807 0.0349714979529381 0.0340295732021332 0.0444025471806526 0.0420447364449501
0.666961908340454 0.825493574142456 0.808690011501312 0.903687596321106 0.884041726589203 0.846456170082092 0.543232262134552 0.753772020339966 0.836099922657013 0.922808110713959 0.967000484466553 0.940036058425903 0.266382485628128 0.134211227297783 0.0834286734461784 0.16680346429348 0.11823096126318 0.0786962360143661 0.0786620900034904 0.0565635152161121 0.0421625860035419 0.0354632362723351 0.0352447964251041 0.0526742376387119 0.0426470302045345 0.0290175378322601 0.0249193273484707 0.0256867837160826 0.0253326967358589 0.0258114282041788 0.0268809385597706 0.0280993562191725 0.0295944716781378 0.0307119321078062 0.0348329097032547 0.037350807338953 0.0354303792119026 0.0364325195550919 0.0354013964533806 0.0402894392609596 0.0377209633588791 0.0419524721801281 0.0417813584208488 0.0403141714632511
0.708371102809906 0.907140016555786 0.915881872177124 0.86543196439743 0.871773481369019 0.862576425075531 0.372505754232407 0.713845610618591 0.913138866424561 0.956128299236298 0.856302678585052 0.854644060134888 0.552113592624664 0.123778700828552 0.180269971489906 0.135813057422638 0.101553358137608 0.0836175084114075 0.0742436870932579 0.0514901801943779 0.0572599433362484 0.0420061908662319 0.0890370383858681 0.0730962455272675 0.0336400344967842 0.0292600151151419 0.0275349598377943 0.0284890662878752 0.0268734954297543 0.029652426019311 0.0278738476336002 0.0319705009460449 0.0330540463328362 0.0341039896011353 0.0373868755996227 0.0412721671164036 0.0355722233653069 0.034921508282423 0.0365365706384182 0.0422485060989857 0.0364651046693325 0.043636579066515 0.0417590662837029 0.0401209443807602
0.633808314800262 0.798074066638947 0.907578110694885 0.879428744316101 0.884236931800842 0.822531700134277 0.358059644699097 0.687681436538696 0.906575918197632 0.957414567470551 0.883826017379761 0.848422825336456 0.585972607135773 0.192041710019112 0.336719542741776 0.132694616913795 0.0970222949981689 0.0862559303641319 0.0856151059269905 0.0605701617896557 0.0467250235378742 0.0507356896996498 0.12121457606554 0.067355215549469 0.0415028519928455 0.030924191698432 0.0322869680821896 0.0294607914984226 0.028727937489748 0.0317935198545456 0.0347048379480839 0.0334638468921185 0.0359405800700188 0.0353998504579067 0.0361773371696472 0.0410599000751972 0.0374429784715176 0.0374163687229156 0.0377142168581486 0.0373032316565514 0.0425684042274952 0.0413348115980625 0.0377656146883965 0.0395336076617241
0.494081050157547 0.708611667156219 0.904587984085083 0.886614799499512 0.895356118679047 0.837044656276703 0.304613769054413 0.439619481563568 0.799600541591644 0.948919415473938 0.78391021490097 0.558793365955353 0.390440553426743 0.180485680699348 0.290241748094559 0.117749929428101 0.0829552933573723 0.0776121988892555 0.082623727619648 0.0598429217934608 0.0524163544178009 0.0529884174466133 0.123776294291019 0.0842557772994041 0.0652373507618904 0.0425701588392258 0.0356327518820763 0.0313152596354485 0.0334744267165661 0.0328086130321026 0.0372275821864605 0.0310196615755558 0.0370267033576965 0.0369925647974014 0.036478515714407 0.0347511433064938 0.0357892327010632 0.0365926288068295 0.0424065366387367 0.0399788618087769 0.0399686545133591 0.0402331650257111 0.0404053330421448 0.0372941829264164
0.67993175983429 0.79195773601532 0.859106957912445 0.898495614528656 0.862980782985687 0.76515930891037 0.185135662555695 0.303634077310562 0.738121867179871 0.966812908649445 0.825476586818695 0.685802638530731 0.557945430278778 0.243647366762161 0.21959587931633 0.121688812971115 0.107133284211159 0.103499658405781 0.0779041051864624 0.0648627430200577 0.0578995682299137 0.0626521334052086 0.173234105110168 0.127818122506142 0.0794874727725983 0.0639034137129784 0.0413410216569901 0.0370825305581093 0.0390127301216125 0.0368704274296761 0.0328094586730003 0.0365246497094631 0.0358722805976868 0.0393679551780224 0.0396704748272896 0.0396810732781887 0.0357312560081482 0.0454267971217632 0.0438633970916271 0.0405921265482903 0.0400403216481209 0.04117801040411 0.0411890037357807 0.0383127704262733
0.860922276973724 0.889855980873108 0.841513454914093 0.873855412006378 0.883220434188843 0.874404549598694 0.310333281755447 0.188730359077454 0.26817587018013 0.916812360286713 0.493811637163162 0.981358647346497 0.954428970813751 0.447268337011337 0.143941089510918 0.092110276222229 0.0817141309380531 0.206354886293411 0.186311036348343 0.0713591575622559 0.0695815458893776 0.336323797702789 0.417069911956787 0.257927596569061 0.157223731279373 0.105710625648499 0.0568519160151482 0.0415503159165382 0.0392550677061081 0.0404669977724552 0.0397341214120388 0.0432051084935665 0.0429326742887497 0.0431538932025433 0.0450252965092659 0.0473790131509304 0.0416783690452576 0.0419651381671429 0.0424943044781685 0.0418789274990559 0.0398360230028629 0.036967821419239 0.0373623631894588 0.0386898331344128
0.816132307052612 0.864777863025665 0.87322461605072 0.867719650268555 0.872880637645721 0.879339516162872 0.629357814788818 0.560711860656738 0.109925948083401 0.820110082626343 0.504409790039062 0.981840193271637 0.88054370880127 0.58006763458252 0.27085554599762 0.101596847176552 0.0854993760585785 0.0983280017971992 0.148493021726608 0.102424718439579 0.0591653883457184 0.144260391592979 0.372763961553574 0.332081288099289 0.155593290925026 0.140056550502777 0.144724100828171 0.0599705092608929 0.0447831116616726 0.0457582287490368 0.0459138862788677 0.0464027971029282 0.0424380749464035 0.043046809732914 0.0496235862374306 0.0519699715077877 0.0507519766688347 0.0514955408871174 0.0434829108417034 0.0419849902391434 0.0414730943739414 0.0382411442697048 0.0374073274433613 0.0341313704848289
0.434891700744629 0.867632329463959 0.878988862037659 0.854638814926147 0.869714140892029 0.932244479656219 0.94913113117218 0.882217824459076 0.527485966682434 0.160455629229546 0.142549708485603 0.974492967128754 0.952155292034149 0.924696564674377 0.127229765057564 0.0883262455463409 0.08320552110672 0.123483650386333 0.129161641001701 0.163700237870216 0.223725810647011 0.131849616765976 0.228200316429138 0.368007957935333 0.141405984759331 0.168688550591469 0.167354270815849 0.142253577709198 0.0952922180294991 0.0700726583600044 0.0471776388585567 0.0487387292087078 0.053187757730484 0.0545953698456287 0.0536641590297222 0.0546970404684544 0.0534897483885288 0.0525468438863754 0.0466743670403957 0.0435613058507442 0.037987157702446 0.0397492758929729 0.0343115031719208 0.031824953854084
0.323936104774475 0.817863821983337 0.850190699100494 0.851844072341919 0.899080336093903 0.862849295139313 0.811392784118652 0.982479274272919 0.929048717021942 0.468055427074432 0.0768373608589172 0.663022696971893 0.984726786613464 0.945075035095215 0.113643601536751 0.124727070331573 0.139182403683662 0.207632511854172 0.44691002368927 0.299250215291977 0.824930906295776 0.389692693948746 0.498059958219528 0.459946542978287 0.176751717925072 0.380327880382538 0.257741302251816 0.164768904447556 0.182099401950836 0.17155933380127 0.102773308753967 0.0601634718477726 0.0499157048761845 0.0547260381281376 0.0489670373499393 0.0532775186002254 0.0612794198095798 0.055654339492321 0.0514550358057022 0.0490900240838528 0.0395082831382751 0.0357752777636051 0.0321306176483631 0.0354778133332729
0.21625642478466 0.793811440467834 0.837017297744751 0.837018072605133 0.886733889579773 0.940555930137634 0.734106242656708 0.793934941291809 0.938047230243683 0.213191911578178 0.0583550482988358 0.102921806275845 0.825896859169006 0.884175777435303 0.126347318291664 0.693800389766693 0.797617495059967 0.807741701602936 0.685488283634186 0.695069015026093 0.913131654262543 0.845603406429291 0.738091230392456 0.80095374584198 0.485807359218597 0.606984734535217 0.476025432348251 0.211541891098022 0.152751103043556 0.184326156973839 0.219158083200455 0.227011308073997 0.152486190199852 0.0619101896882057 0.0597131885588169 0.0531066060066223 0.0555077940225601 0.0525984205305576 0.0555783025920391 0.0526259243488312 0.0440158657729626 0.0377426333725452 0.0317014716565609 0.0317785777151585
0.115400679409504 0.584344565868378 0.831935703754425 0.832086861133575 0.827082455158234 0.909084439277649 0.815622925758362 0.454111635684967 0.356858104467392 0.115508571267128 0.0586884170770645 0.0648858770728111 0.144865587353706 0.23058944940567 0.202003657817841 0.925864815711975 0.967817842960358 0.949514150619507 0.8442502617836 0.658839106559753 0.945761442184448 0.903479278087616 0.899651110172272 0.852521181106567 0.713751554489136 0.799453377723694 0.801894545555115 0.642055809497833 0.233359932899475 0.224045157432556 0.239485800266266 0.204538837075233 0.280811905860901 0.295798867940903 0.0675931796431541 0.0569509826600552 0.055124506354332 0.050802506506443 0.059283621609211 0.0541951283812523 0.0454828701913357 0.0389937721192837 0.0314574055373669 0.0284369252622128
0.053102757781744 0.450163811445236 0.770556211471558 0.798838675022125 0.757655739784241 0.805012226104736 0.907220482826233 0.905156254768372 0.812381982803345 0.336763322353363 0.062009621411562 0.108551979064941 0.0827115774154663 0.0753737688064575 0.580729722976685 0.969879984855652 0.96174168586731 0.973193109035492 0.963278532028198 0.957110166549683 0.935406506061554 0.945595860481262 0.928796708583832 0.881778419017792 0.602443873882294 0.88148307800293 0.830625116825104 0.664491236209869 0.494015127420425 0.568074703216553 0.407163351774216 0.282499045133591 0.312150925397873 0.428107887506485 0.278354406356812 0.0623298361897469 0.0480572804808617 0.0493113957345486 0.0496509186923504 0.0457604639232159 0.0456741973757744 0.0356714054942131 0.031155738979578 0.0267179310321808
0.112564072012901 0.545284569263458 0.71914941072464 0.609609603881836 0.783459305763245 0.776756644248962 0.829124808311462 0.932993471622467 0.953231394290924 0.805227398872375 0.113802544772625 0.0692568048834801 0.0550711899995804 0.0626579970121384 0.160688072443008 0.936687767505646 0.961788535118103 0.933009028434753 0.944012343883514 0.952637493610382 0.940982401371002 0.943001687526703 0.9352987408638 0.92116379737854 0.72306901216507 0.854714632034302 0.819920241832733 0.762630641460419 0.774196803569794 0.774518430233002 0.632085561752319 0.532407820224762 0.347870111465454 0.402378767728806 0.538713455200195 0.0929353162646294 0.0488663502037525 0.0494798123836517 0.0432699099183083 0.0402958728373051 0.0392231270670891 0.0362006835639477 0.0311376769095659 0.0257383938878775
0.266970068216324 0.511571228504181 0.589704394340515 0.541281282901764 0.746012687683105 0.705400943756104 0.802479088306427 0.777193605899811 0.933869898319244 0.841055274009705 0.105386957526207 0.0530866868793964 0.0568951666355133 0.0724550262093544 0.0805100426077843 0.252460598945618 0.774036526679993 0.944723665714264 0.920476615428925 0.921568155288696 0.927028119564056 0.906079947948456 0.912922561168671 0.904171049594879 0.87920469045639 0.431868940591812 0.31933981180191 0.314479380846024 0.406288951635361 0.270908743143082 0.283925294876099 0.270210295915604 0.505596339702606 0.587234199047089 0.391945987939835 0.125552520155907 0.0543209202587605 0.0462724603712559 0.0417293198406696 0.0388469509780407 0.0338021516799927 0.0307005904614925 0.0278197322040796 0.0236208476126194
0.0888991057872772 0.383809387683868 0.340558528900146 0.37392595410347 0.706851899623871 0.724947512149811 0.737760543823242 0.631194233894348 0.871639311313629 0.90195494890213 0.151978328824043 0.058809868991375 0.208666488528252 0.132723703980446 0.171192213892937 0.142032340168953 0.139513671398163 0.831652164459229 0.896464705467224 0.874877750873566 0.889729142189026 0.849152326583862 0.852559626102448 0.849022448062897 0.867281854152679 0.848319888114929 0.460825353860855 0.252074062824249 0.224879890680313 0.192413866519928 0.192970514297485 0.181347787380219 0.161334738135338 0.437895685434341 0.742448747158051 0.243464827537537 0.0907702594995499 0.0432792194187641 0.0424793511629105 0.0378522202372551 0.0323668271303177 0.0263912845402956 0.0238708350807428 0.0231231469660997
0.00407653395086527 0.109999962151051 0.465235620737076 0.339878857135773 0.490644305944443 0.581594944000244 0.714704394340515 0.604505300521851 0.587799608707428 0.604877054691315 0.101997867226601 0.0492260605096817 0.645604491233826 0.893578112125397 0.871544182300568 0.850591003894806 0.406041383743286 0.388959735631943 0.855715215206146 0.845060050487518 0.857381224632263 0.834774434566498 0.8243647813797 0.815807282924652 0.842318892478943 0.8375324010849 0.787476480007172 0.39426577091217 0.177717506885529 0.167137205600739 0.143837332725525 0.158090576529503 0.131765872240067 0.375167965888977 0.795743703842163 0.185021162033081 0.136618360877037 0.0865039303898811 0.0473980903625488 0.03828951343894 0.0291754435747862 0.0259275697171688 0.0205537173897028 0.0229371022433043
