data/climate_estimation/maxent_output/Bomarea_pardina.asc
NCOLS 68 
NROWS 159 
XLLCORNER -79.6666666666667 
YLLCORNER -11.25 
CELLSIZE 0.0833333333333334 
NODATA_value -3.4e+38 
[rows 114 to 132 of 159, columns 0 to 43 of 68]
-3.4e+38 0.00101811403874308 0.00103502196725458 0.000999512150883675 0.000991178909316659 0.00125037308316678 0.00183351431041956 0.0019763947930187 0.00136809900868684 0.0022609531879425 0.00215556262992322 0.00383123685605824 0.00704879593104124 0.0164994597434998 0.0286114886403084 0.0983617380261421 0.101153470575809 0.0793048217892647 0.0782136172056198 0.151543617248535 0.173865020275116 0.131462171673775 0.145811215043068 0.145969972014427 0.211524650454521 0.23258700966835 0.280023008584976 0.294558793306351 0.347595542669296 0.384940505027771 0.366915971040726 0.39573010802269 0.436361402273178 0.0924279615283012 0.0492988899350166 0.0440352708101273 0.0475554727017879 0.0493994988501072 0.0320062711834908 0.0465660877525806 0.201413214206696 0.100897841155529 0.136427685618401 0.0572648756206036
-3.4e+38 -3.4e+38 0.00122537382412702 0.00113067019265145 0.00101384159643203 0.000965886516496539 0.00107897026464343 0.00146316993050277 0.00128815008793026 0.00186590594239533 0.00442478526383638 0.0037565806414932 0.00605974113568664 0.0377323515713215 0.0793158784508705 0.098507896065712 0.116299413144588 0.0975057482719421 0.0685675069689751 0.122912369668484 0.14449717104435 0.134504929184914 0.188387900590897 0.14889420568943 0.19854810833931 0.185317248106003 0.250665068626404 0.291427969932556 0.312619596719742 0.378719985485077 0.386127591133118 0.384792745113373 0.41454890370369 0.345647692680359 0.045755110681057 0.0823657885193825 0.0639113262295723 0.115255735814571 0.0390145629644394 0.0800593048334122 0.117288798093796 0.09405817091465 0.145799368619919 0.0872357860207558
-3.4e+38 -3.4e+38 0.00150135695002973 0.00130846176762134 0.00106514617800713 0.000980412471108139 0.000998284434899688 0.00106189178768545 0.00129496271256357 0.00171066471375525 0.00884268246591091 0.0304476227611303 0.0104151107370853 0.0174585171043873 0.0285603795200586 0.0798928290605545 0.104919910430908 0.119595617055893 0.0940748900175095 0.112759418785572 0.131651625037193 0.130967706441879 0.156725093722343 0.142998293042183 0.16770838201046 0.17538595199585 0.192370295524597 0.228059098124504 0.260402947664261 0.34102463722229 0.38040217757225 0.414127439260483 0.407360434532166 0.472130119800568 0.0742564499378204 0.0786449760198593 0.2403634339571 0.0924820452928543 0.0565026737749577 0.15264818072319 0.0976348966360092 0.105907276272774 0.182012006640434 0.0772020518779755
-3.4e+38 0.00114010507240891 0.00135027815122157 0.00124377885367721 0.00111666414886713 0.00105138740036637 0.00104666233528405 0.00115502520930022 0.00140240998007357 0.00227719964459538 0.0146438917145133 0.0519763752818108 0.0489731207489967 0.0360839106142521 0.0224011205136776 0.0357945151627064 0.085140161216259 0.10253618657589 0.0970668643712997 0.106154024600983 0.126270234584808 0.128005236387253 0.148832410573959 0.140463441610336 0.138886168599129 0.148120805621147 0.166995972394943 0.212375089526176 0.256855219602585 0.296611845493317 0.336660355329514 0.381241679191589 0.407682090997696 0.362498015165329 0.0906696692109108 0.056786123663187 0.28917208313942 0.106709480285645 0.240388318896294 0.27137216925621 0.0947421789169312 0.146270513534546 0.0932805612683296 0.118919849395752
-3.4e+38 -3.4e+38 -3.4e+38 0.00121173157822341 0.00113072560634464 0.00108717696275562 0.00113851577043533 0.00130066520068794 0.00218745553866029 0.00315882125869393 0.00401802873238921 0.0320582576096058 0.0521284639835358 0.0505095832049847 0.067699208855629 0.0762531459331512 0.0806537270545959 0.101623982191086 0.113906942307949 0.0902498066425323 0.133081018924713 0.132613331079483 0.114735953509808 0.13620588183403 0.12682643532753 0.170564219355583 0.150169804692268 0.159727141261101 0.198089689016342 0.279756546020508 0.306933283805847 0.360084176063538 0.4111667573452 0.238165989518166 0.184105575084686 0.0609108842909336 0.277209341526031 0.250247895717621 0.548347949981689 0.123670645058155 0.107376866042614 0.153835937380791 0.102782018482685 0.127420946955681
-3.4e+38 -3.4e+38 -3.4e+38 -3.4e+38 0.000999542651697993 0.00113510992377996 0.00115567457396537 0.00119858409743756 0.00166842935141176 0.00173296732828021 0.0017734618159011 0.00728499703109264 0.0253754444420338 0.0400113053619862 0.0675897598266602 0.0723473355174065 0.0569914132356644 0.0643446668982506 0.108296804130077 0.0729535892605782 0.101372748613358 0.10200347751379 0.09247075766325 0.121280692517757 0.120142459869385 0.160386502742767 0.144703984260559 0.14635306596756 0.197751611471176 0.208548799157143 0.226853132247925 0.303129494190216 0.376797586679459 0.36758017539978 0.230977758765221 0.0686524659395218 0.225318923592567 0.332066833972931 0.384356826543808 0.173881158232689 0.244854629039764 0.145091503858566 0.197392970323563 0.243996322154999
-339999999999999996123846586046231871488.000000000000000 -3.4e+38 -3.4e+38 -3.4e+38 -3.4e+38 0.0010462406789884 0.00109379692003131 0.00122684892266989 0.00128712260629982 0.00139504368416965 0.00149690161924809 0.00358310830779374 0.0380265228450298 0.0504082627594471 0.0546399764716625 0.0619065575301647 0.0511612184345722 0.0829231217503548 0.0923356786370277 0.0951081663370132 0.0534144192934036 0.0659893229603767 0.0721062123775482 0.114619642496109 0.115229785442352 0.147030651569366 0.114341042935848 0.109263308346272 0.132677510380745 0.181646689772606 0.223121106624603 0.2497498691082 0.365780353546143 0.408147007226944 0.272618800401688 0.106244787573814 0.076227679848671 0.260706871747971 0.370067030191422 0.359527677297592 0.318419992923737 0.125864565372467 0.43379220366478 0.325250774621964
-3.4e+38 -3.4e+38 -3.4e+38 -3.4e+38 -3.4e+38 -3.4e+38 0.00120466155931354 0.00121357734315097 0.00128804438281804 0.00139374553691596 0.00178925890941173 0.00820404570549726 0.0380468852818012 0.0457392409443855 0.0445764139294624 0.0527232624590397 0.0391109585762024 0.0679547861218452 0.077100470662117 0.079683892428875 0.0947676301002502 0.0653549283742905 0.0463263690471649 0.0774864852428436 0.113306969404221 0.14314678311348 0.0866658091545105 0.155835762619972 0.132835924625397 0.194628521800041 0.286564707756042 0.337501287460327 0.375766903162003 0.395366936922073 0.44495290517807 0.193828076124191 0.0644626393914223 0.0692090019583702 0.147569507360458 0.347395807504654 0.281451672315598 0.22085864841938 0.241185456514359 0.427399009466171
-3.4e+38 -3.4e+38 -3.4e+38 -3.4e+38 -3.4e+38 -3.4e+38 -3.4e+38 0.00118142133578658 0.00127643451560289 0.00137370510492474 0.00152253941632807 0.0020555651281029 0.0110723897814751 0.0141874197870493 0.0271184220910072 0.0490130521357059 0.0391137488186359 0.0611246824264526 0.0534374341368675 0.0622830130159855 0.0648595914244652 0.0738476440310478 0.0406047105789185 0.0635573640465736 0.109486915171146 0.125298082828522 0.14805044233799 0.182029902935028 0.1532112210989 0.1610067486763 0.232822805643082 0.319530516862869 0.382935076951981 0.38540780544281 0.393664330244064 0.486929506063461 0.116604492068291 0.0563220120966434 0.116055026650429 0.205882027745247 0.285606533288956 0.308013588190079 0.184284746646881 0.499658495187759
-3.4e+38 -3.4e+38 -3.4e+38 -3.4e+38 -3.4e+38 -3.4e+38 -3.4e+38 -3.4e+38 0.00116026378236711 0.00127629411872476 0.00134623958729208 0.00149165710899979 0.00314326491206884 0.00739649403840303 0.0318600572645664 0.0527890920639038 0.0402847900986671 0.0423202104866505 0.0217434428632259 0.0311314184218645 0.0575452670454979 0.0582989379763603 0.0446899943053722 0.0425086803734303 0.0934198647737503 0.130805015563965 0.137032553553581 0.130309239029884 0.136269748210907 0.138684213161469 0.170602679252625 0.229468122124672 0.262248665094376 0.240609705448151 0.422900795936584 0.493953704833984 0.180370941758156 0.0619439631700516 0.0557708367705345 0.0809673368930817 0.140182718634605 0.391848772764206 0.414989858865738 0.476339757442474
-3.4e+38 -3.4e+38 -3.4e+38 -3.4e+38 -3.4e+38 -3.4e+38 -3.4e+38 -3.4e+38 0.00115583732258528 0.00113105564378202 0.00125003140419722 0.00129494734574109 0.00146386388223618 0.00232790899462998 0.0114472676068544 0.0414742976427078 0.0428258441388607 0.0455817878246307 0.0139935268089175 0.0487070307135582 0.0550973452627659 0.0215245839208364 0.0287683364003897 0.0491807237267494 0.0969440490007401 0.121880270540714 0.115141339600086 0.170600920915604 0.106021799147129 0.108366094529629 0.115751184523106 0.168117925524712 0.202671214938164 0.262359648942947 0.391712725162506 0.470988988876343 0.404137402772903 0.103938430547714 0.0527731701731682 0.0523220635950565 0.064311146736145 0.200482562184334 0.436551213264465 0.474757194519043
-3.4e+38 -3.4e+38 -3.4e+38 -3.4e+38 -3.4e+38 -3.4e+38 -3.4e+38 -3.4e+38 0.00105556333437562 0.00108032335992903 0.00115747947711498 0.00114677636884153 0.00140946614556015 0.00159506336785853 0.00287172850221395 0.0167646408081055 0.0460816994309425 0.0203541181981564 0.0115228043869138 0.0524124503135681 0.0206020083278418 0.0273428149521351 0.0313430204987526 0.0502119846642017 0.063334047794342 0.0571484044194221 0.0944682657718658 0.161046460270882 0.180955737829208 0.137651473283768 0.0898300036787987 0.156752079725266 0.220962464809418 0.270820379257202 0.381295442581177 0.331607162952423 0.443818718194962 0.251002430915833 0.0735856518149376 0.0536501631140709 0.0820664092898369 0.119310423731804 0.416791707277298 0.377344131469727
-3.4e+38 -3.4e+38 -3.4e+38 -3.4e+38 -3.4e+38 -3.4e+38 -3.4e+38 -3.4e+38 -3.4e+38 0.00103318796027452 0.00106477714143693 0.00109932036139071 0.00117211334872991 0.00148392876144499 0.00231863791123033 0.00525178341194987 0.0233080498874187 0.00756402779370546 0.0176436565816402 0.0472997538745403 0.0444687604904175 0.0938350036740303 0.0684967413544655 0.0413127578794956 0.123114712536335 0.115648247301579 0.127945691347122 0.153012037277222 0.155297636985779 0.192122936248779 0.121694348752499 0.152258798480034 0.178350120782852 0.207159399986267 0.212638899683952 0.261734247207642 0.405441761016846 0.323384702205658 0.117568381130695 0.095623679459095 0.10330706089735 0.149349063634872 0.221797734498978 0.416296750307083
-3.4e+38 -3.4e+38 -3.4e+38 -3.4e+38 -3.4e+38 -3.4e+38 -3.4e+38 -3.4e+38 -3.4e+38 -3.4e+38 0.00101937644649297 0.0011221116874367 0.0011042533442378 0.00138982338830829 0.00176081154495478 0.00233168457634747 0.00422534113749862 0.00475538801401854 0.0160480029881001 0.021112198010087 0.0371314808726311 0.0345921218395233 0.0267903953790665 0.0337088108062744 0.128204926848412 0.139670118689537 0.151435047388077 0.158646121621132 0.175652250647545 0.105677172541618 0.14356404542923 0.145083755254745 0.254540860652924 0.25686901807785 0.302186250686646 0.355305373668671 0.448581337928772 0.430414706468582 0.266904950141907 0.135601088404655 0.0851680636405945 0.158504873514175 0.121367178857327 0.399305254220963
-3.4e+38 -3.4e+38 -3.4e+38 -3.4e+38 -3.4e+38 -3.4e+38 -3.4e+38 -3.4e+38 -3.4e+38 -3.4e+38 0.00100535270757973 0.00104598083999008 0.00114226178266108 0.00120058015454561 0.00131644192151725 0.00180186412762851 0.00317256641574204 0.00700853578746319 0.00540076522156596 0.0253662448376417 0.0126000046730042 0.025081830099225 0.0135306855663657 0.0218525398522615 0.0516156516969204 0.104134656488895 0.0900614932179451 0.14166447520256 0.200848370790482 0.144292414188385 0.0967747569084167 0.111064933240414 0.243211731314659 0.270204842090607 0.268496960401535 0.269456177949905 0.254301756620407 0.334030717611313 0.46002584695816 0.169228628277779 0.0963644087314606 0.143907904624939 0.0865091755986214 0.423004001379013
-3.4e+38 -3.4e+38 -3.4e+38 -3.4e+38 -3.4e+38 -3.4e+38 -3.4e+38 -3.4e+38 -3.4e+38 -3.4e+38 0.000999668030999601 0.00100390915758908 0.00106258003506809 0.00113798421807587 0.00137722818180919 0.00183291337452829 0.00271628191694617 0.00973276328295469 0.0268928501754999 0.0272030271589756 0.0332665480673313 0.0174462646245956 0.038904033601284 0.0173422582447529 0.0184529647231102 0.0551280602812767 0.141981393098831 0.0703517496585846 0.159544289112091 0.19544780254364 0.0934832319617271 0.0993475541472435 0.160934954881668 0.21037919819355 0.214380621910095 0.246420234441757 0.222097903490067 0.271203815937042 0.459608167409897 0.367278337478638 0.121980525553226 0.0899890288710594 0.095268189907074 0.33733057975769
-3.4e+38 -3.4e+38 -3.4e+38 -3.4e+38 -3.4e+38 -3.4e+38 -3.4e+38 -3.4e+38 -3.4e+38 -3.4e+38 -3.4e+38 0.0009971943218261 0.00100471673067659 0.00108173757325858 0.00116798758972436 0.00139990902971476 0.00187627121340483 0.00454347347840667 0.0308994501829147 0.0164993479847908 0.0153690427541733 0.0502498298883438 0.0359571799635887 0.00662145018577576 0.00858664233237505 0.0247060246765614 0.121020823717117 0.236983731389046 0.11940960586071 0.201986894011497 0.208689376711845 0.0781074166297913 0.105277329683304 0.147510603070259 0.196951016783714 0.219676375389099 0.257037311792374 0.281654387712479 0.396845132112503 0.44350329041481 0.148993015289307 0.0867579728364944 0.0893375799059868 0.155184060335159
-3.4e+38 -3.4e+38 -3.4e+38 -3.4e+38 -3.4e+38 -3.4e+38 -3.4e+38 -3.4e+38 -3.4e+38 -3.4e+38 -3.4e+38 0.000956898904405534 0.000987631501629949 0.00101317535154521 0.00111039250623435 0.00131080963183194 0.00201161461882293 0.00433564838021994 0.008819873444736 0.0372221916913986 0.0100529631599784 0.0406436510384083 0.0626966655254364 0.00787360873073339 0.00807953998446465 0.0240239184349775 0.116178147494793 0.20047715306282 0.254861623048782 0.189256981015205 0.216074138879776 0.253880083560944 0.1546740680933 0.13592492043972 0.215972542762756 0.246845349669456 0.271761506795883 0.256918787956238 0.334366530179977 0.466297209262848 0.173049047589302 0.131481766700745 0.0934358090162277 0.1475889980793
-3.4e+38 -3.4e+38 -3.4e+38 -3.4e+38 -3.4e+38 -3.4e+38 -3.4e+38 -3.4e+38 -3.4e+38 -3.4e+38 -3.4e+38 0.000971694360487163 0.000984909594990313 0.00105168344452977 0.00111842877231538 0.00125356437638402 0.00175294221844524 0.00213974597863853 0.00263830041512847 0.0191369876265526 0.0202870424836874 0.0441668145358562 0.049165528267622 0.0215202663093805 0.00953629612922668 0.0164975970983505 0.0799517184495926 0.266966313123703 0.128240570425987 0.109831094741821 0.164423197507858 0.224984332919121 0.218678891658783 0.11980439722538 0.188321962952614 0.23173052072525 0.238515064120293 0.284876316785812 0.309289216995239 0.407159179449081 0.278879463672638 0.150455757975578 0.105575568974018 0.0997678935527802
