data/climate_estimation/maxent_output/Bomarea_chiriquina.asc
NCOLS 28 
NROWS 18 
XLLCORNER -84.4166666666667 
YLLCORNER 8.5 
CELLSIZE 0.0833333333333332 
NODATA_value -3.4e+38 
0.045894924551249 0.0550960749387741 0.0653351619839668 0.136006519198418 0.247211098670959 0.774388909339905 0.985836327075958 0.907193958759308 0.024952283129096 0.00207996135577559 0.00120632955804467 0.000555310340132564 0.000231188416364603 2.85429323412245e-05 5.97404105064925e-05 0.00059744220925495 0.0025629096198827 0.00266214180737734 -3.4e+38 -3.4e+38 -3.4e+38 -3.4e+38 -3.4e+38 -3.4e+38 -3.4e+38 -3.4e+38 -3.4e+38 -3.4e+38
0.159438535571098 0.134710371494293 0.246328726410866 0.468644946813583 0.240835696458817 0.264076292514801 0.432641118764877 0.0923010259866714 0.0192817039787769 0.016068110242486 0.0106766391545534 0.0307609923183918 0.01085349265486 0.010664259083569 0.000367587897926569 1.66620047821198e-05 0.000429563253419474 0.00183871807530522 -3.4e+38 -3.4e+38 -3.4e+38 -3.4e+38 -3.4e+38 -3.4e+38 -3.4e+38 -3.4e+38 -3.4e+38 -3.4e+38
0.234907731413841 0.122636362910271 0.169835031032562 0.318901807069778 0.455008834600449 0.597374975681305 0.321838349103928 0.109158791601658 0.0608510300517082 0.0420652143657207 0.0684401839971542 0.100786976516247 0.0426561608910561 0.132611513137817 0.163094684481621 0.00314945401623845 4.89854246552568e-05 0.000839167041704059 0.00381103018298745 -3.4e+38 -3.4e+38 -3.4e+38 -3.4e+38 -3.4e+38 -3.4e+38 -3.4e+38 -3.4e+38 -3.4e+38
0.157994076609612 0.164741888642311 0.398929417133331 0.698606550693512 0.696065723896027 0.964679896831512 0.989115238189697 0.117705956101418 0.0101003209128976 0.00414521433413029 0.0642167627811432 0.199076920747757 0.221438974142075 0.368473440408707 0.0495944246649742 0.000291012431262061 6.27530898782425e-05 0.000181891809916124 0.0025744556915015 0.00465595256537199 -3.4e+38 -3.4e+38 -3.4e+38 -3.4e+38 -3.4e+38 -3.4e+38 -3.4e+38 -3.4e+38
0.146559119224548 0.123313270509243 0.220341071486473 0.559461534023285 0.639075756072998 0.948368608951569 0.999818325042725 0.999957680702209 0.999953031539917 0.999995350837708 0.744541525840759 0.401195496320724 0.730800569057465 0.374723672866821 0.0374694392085075 0.00435906136408448 0.000544838374480605 0.000273565063253045 0.00111644365824759 0.00266300071962178 0.00280857319012284 0.00329835410229862 -3.4e+38 -3.4e+38 -3.4e+38 -3.4e+38 -3.4e+38 -3.4e+38
0.113135136663914 0.108849719166756 0.186727091670036 0.250097662210464 0.272978276014328 0.839890658855438 0.997398436069489 0.999997556209564 0.999999523162842 0.99999988079071 1 1 0.899109899997711 0.403254002332687 0.435474067926407 0.0318628624081612 0.000978273572400212 0.000265589042101055 0.000399662065319717 0.000930037465877831 0.000560174230486155 0.000767714926041663 0.00166310044005513 0.00269304658286273 -3.4e+38 -3.4e+38 -3.4e+38 -3.4e+38
-3.4e+38 0.12727352976799 0.182408481836319 0.255032777786255 0.29259666800499 0.314960211515427 0.672846674919128 0.911883115768433 0.948181092739105 0.898951709270477 1 1 0.999218702316284 0.999129414558411 0.768436431884766 0.372689545154572 0.0264732837677002 0.00640162779018283 0.0069411750882864 0.00167935062199831 0.000639229663647711 0.000273596000624821 0.00044159751269035 0.00100812409073114 0.00076606054790318 0.00125729280989617 -3.4e+38 -3.4e+38
-3.4e+38 -3.4e+38 0.280622869729996 0.323259621858597 0.320710271596909 0.321587264537811 0.388587325811386 0.705934047698975 0.521159470081329 0.797172904014587 0.999985754489899 1 1 0.999999940395355 0.999820649623871 0.992919921875 0.57372510433197 0.153490453958511 0.356139868497849 0.016754450276494 0.00321612041443586 0.000909852213226259 0.000739566108677536 0.000786716002039611 0.00116697954945266 0.00168309162836522 0.00225952942855656 0.00189985940232873
-3.4e+38 -3.4e+38 -3.4e+38 -3.4e+38 -3.4e+38 0.271163940429688 0.281213611364365 0.391848266124725 0.413191795349121 0.220375448465347 0.378928035497665 0.881801247596741 0.998956799507141 0.876144468784332 0.999931454658508 0.999994993209839 0.999999105930328 0.990281701087952 0.544221818447113 0.331260204315186 0.144117966294289 0.0139638315886259 0.00254195998422801 0.00464698672294617 0.00153691996820271 0.00208920589648187 0.00228160247206688 0.00143274769652635
-3.4e+38 -3.4e+38 -3.4e+38 -3.4e+38 -3.4e+38 -3.4e+38 0.294233560562134 0.298462927341461 0.340551942586899 0.256951957941055 0.183181092143059 0.277155011892319 0.324265539646149 0.349451512098312 0.740808606147766 0.999909222126007 1 0.999665498733521 0.989320635795593 0.9634770154953 0.809805691242218 0.399729251861572 0.0141878267750144 0.0134562887251377 0.00743306474760175 0.00139085401315242 0.00148565648123622 0.00110142910853028
-339999999999999996123846586046231871488.000000000000000 -3.4e+38 -3.4e+38 -3.4e+38 -3.4e+38 -3.4e+38 -3.4e+38 0.239181041717529 0.2890664935112 0.320605784654617 0.18061663210392 0.209151089191437 0.262292057275772 0.218530267477036 0.31486251950264 0.938858091831207 0.999893724918365 0.999999403953552 0.999999940395355 0.998122334480286 0.80542778968811 0.254849553108215 0.075041227042675 0.0174173433333635 0.0156116494908929 0.00440393341705203 0.00109782838262618 0.00088835263159126
-3.4e+38 -3.4e+38 -3.4e+38 -3.4e+38 -3.4e+38 -3.4e+38 -3.4e+38 -3.4e+38 -3.4e+38 0.28673592209816 0.224362760782242 0.182563677430153 0.177539616823196 0.193654865026474 0.108715943992138 0.259680300951004 0.90297657251358 0.999640941619873 0.999972820281982 0.99996542930603 0.91166615486145 0.668277204036713 0.129022091627121 0.0613450109958649 0.0278966519981623 0.00685095507651567 0.00180540757719427 -3.4e+38
-3.4e+38 -3.4e+38 -3.4e+38 -3.4e+38 -3.4e+38 -3.4e+38 -3.4e+38 -3.4e+38 -3.4e+38 0.330984711647034 0.296629518270493 0.294457137584686 0.293321162462234 0.18011711537838 0.181503906846046 0.15423110127449 0.321579873561859 0.890554249286652 0.991267681121826 0.991435110569 0.978745698928833 0.911707699298859 0.657527148723602 0.145650923252106 0.0712095648050308 0.015868779271841 0.0028421962633729 0.000817665713839233
-3.4e+38 -3.4e+38 -3.4e+38 -3.4e+38 -3.4e+38 -3.4e+38 -3.4e+38 -3.4e+38 -3.4e+38 0.414328962564468 0.374381691217422 0.239929169416428 0.211160153150558 0.294969320297241 0.578071534633636 0.725890338420868 0.489082306623459 0.70102459192276 0.943042993545532 0.982204794883728 0.979718089103699 0.994975626468658 0.986825346946716 0.801317691802979 0.623507738113403 0.128093913197517 0.0135194445028901 0.00298588909208775
-3.4e+38 -3.4e+38 -3.4e+38 -3.4e+38 -3.4e+38 -3.4e+38 -3.4e+38 -3.4e+38 -3.4e+38 0.542168796062469 0.464270174503326 0.315472096204758 0.13715885579586 0.0479569286108017 0.334405273199081 0.933228492736816 0.947641134262085 0.975985646247864 0.85409551858902 0.854179739952087 0.967536330223083 0.940239787101746 0.998563289642334 0.779626131057739 0.84717583656311 0.47712105512619 0.0543353781104088 0.019508633762598
-339999999999999996123846586046231871488.000000000000000 -3.4e+38 -3.4e+38 -3.4e+38 -3.4e+38 -3.4e+38 0.625610589981079 -3.4e+38 0.638275623321533 0.607418060302734 0.529152691364288 0.388288021087646 0.201711177825928 0.165755331516266 0.0956868454813957 0.166150107979774 0.281398504972458 0.761601269245148 0.738975286483765 0.68902176618576 0.868644714355469 0.894164502620697 0.829414248466492 0.529517412185669 0.415471702814102 0.189190104603767 0.314992696046829 0.315222054719925
-3.4e+38 -3.4e+38 -3.4e+38 -3.4e+38 -3.4e+38 -3.4e+38 -3.4e+38 -3.4e+38 0.673980891704559 0.631184637546539 0.537590861320496 0.33356186747551 0.179769590497017 0.0418679006397724 0.114474460482597 0.168618336319923 0.0963653549551964 0.143293753266335 0.332851737737656 0.602635383605957 0.684112310409546 0.747022807598114 0.734791934490204 0.807911336421967 0.772138178348541 0.57736611366272 0.266761004924774 0.431094229221344
-3.4e+38 -3.4e+38 -3.4e+38 -3.4e+38 -3.4e+38 -3.4e+38 -3.4e+38 -3.4e+38 0.587057590484619 0.506204903125763 0.526929020881653 0.501043021678925 0.199430152773857 0.0982958972454071 -3.4e+38 0.084802158176899 0.0994092598557472 0.116252452135086 0.173528790473938 0.252581715583801 0.362376153469086 0.412792950868607 0.450836539268494 0.36907285451889 0.22948157787323 0.202942490577698 0.448637217283249 0.350880056619644
