data/climate_estimation/maxent_output/Bomarea_acutifolia.asc
NCOLS 291 
NROWS 195 
XLLCORNER -105.5 
YLLCORNER 8.08333333333333 
CELLSIZE 0.0833333333333333 
NODATA_value -3.4e+38 
[rows 69 to 91 of 195, columns 106 to 158 of 291]
0.23334313929081 0.148515224456787 0.0975871086120605 0.0305646844208241 0.0240389052778482 0.0195789895951748 0.0180962160229683 0.0187130142003298 0.0203307662159204 0.021780900657177 0.0229561608284712 0.0232047773897648 0.0239129420369864 0.0266195181757212 0.0286845844238997 0.0525083467364311 0.106151789426804 0.39044663310051 0.275717794895172 0.0314406305551529 0.0315037444233894 0.0335522629320621 0.0354249626398087 -3.4e+38 -3.4e+38 -3.4e+38 -3.4e+38 -3.4e+38 -3.4e+38 -3.4e+38 -3.4e+38 -3.4e+38 -3.4e+38 -3.4e+38 -3.4e+38 -3.4e+38 -3.4e+38 -3.4e+38 -3.4e+38 -3.4e+38 -3.4e+38 -3.4e+38 -3.4e+38 -3.4e+38 -3.4e+38 -3.4e+38 0.00676143215969205 0.00705037219449878 0.0074919224716723 0.00566023075953126 0.00977287348359823 0.007890485227108 0.0069597945548594
0.364276349544525 0.260726392269135 0.115321569144726 0.0708253383636475 0.0247527156025171 0.0224353987723589 0.0201835595071316 0.0196155812591314 0.0210329033434391 0.0203411970287561 0.0209452081471682 0.0204006601125002 0.0192972049117088 0.017846031114459 0.0222689229995012 0.0479330606758595 0.058589693158865 0.110195435583591 0.184541955590248 0.054486121982336 0.0440008267760277 0.0745076686143875 0.0319926366209984 0.0226444881409407 -3.4e+38 -3.4e+38 -3.4e+38 -3.4e+38 -3.4e+38 -3.4e+38 -3.4e+38 -3.4e+38 -3.4e+38 -3.4e+38 -3.4e+38 -3.4e+38 -3.4e+38 0.012190735898912 0.0121339559555054 0.00932174548506737 0.00678018666803837 0.005306676030159 0.00466782553121448 0.00444589555263519 0.00523826712742448 0.00689393887296319 0.00689888140186667 0.0066018900834024 0.00553367426618934 0.00495888851583004 0.00858886819332838 0.00782960280776024 0.00664937542751431
0.227091386914253 0.24671658873558 0.186954587697983 0.0965564623475075 0.0851426273584366 0.0299462117254734 0.024851581081748 0.0229083001613617 0.0222250763326883 0.0202967245131731 0.018596475943923 0.0180101152509451 0.015528685413301 0.0143802259117365 0.0161923188716173 0.020190978422761 0.0258280523121357 0.0408091954886913 0.113490857183933 0.0607801042497158 0.179079800844193 0.362408518791199 0.0502055324614048 0.0514091216027737 -3.4e+38 -3.4e+38 -3.4e+38 -3.4e+38 -3.4e+38 -3.4e+38 -3.4e+38 -3.4e+38 -3.4e+38 -3.4e+38 0.0106544410809875 0.0103719541803002 0.00979647040367126 0.010002720169723 0.00974585302174091 0.00786824151873589 0.00558318104594946 0.00401397608220577 0.00352144218049943 0.00352533743716776 0.00422455184161663 0.00565043743699789 0.00564296124503016 0.00541800307109952 0.00496439402922988 0.00442789914086461 0.00813342165201902 0.00774016417562962 0.00724178785458207
0.248312935233116 0.191554009914398 0.295310199260712 0.13880155980587 0.116696581244469 0.114186257123947 0.0342126972973347 0.0277966726571321 0.0225107837468386 0.0210780501365662 0.0188915301114321 0.0162075478583574 0.0128201898187399 0.0118561899289489 0.014002931304276 0.0146580329164863 0.0190830156207085 0.0308573413640261 0.0975671038031578 0.116913057863712 0.172192618250847 0.230570733547211 0.0509250313043594 0.0352542102336884 0.0425666607916355 -3.4e+38 -3.4e+38 -3.4e+38 -3.4e+38 -3.4e+38 -3.4e+38 -3.4e+38 0.0284051261842251 0.0105800023302436 0.0105816442519426 0.00909543130546808 0.00801318697631359 0.00694850739091635 0.00570540362969041 0.00496374862268567 0.00381473731249571 0.0033229875843972 0.0024166579823941 0.00244029820896685 0.00289321993477643 0.00388236483559012 0.00438817637041211 0.00477455882355571 0.0042544174939394 0.00385526684112847 0.00786830112338066 0.00751079665496945 0.00739505607634783
0.595090687274933 0.206939056515694 0.280011713504791 0.256593823432922 0.184004783630371 0.138888120651245 0.0464640930294991 0.0372749008238316 0.0280010271817446 0.0247189532965422 0.0193887464702129 0.0150396665558219 0.0122215114533901 0.0120281800627708 0.0127624673768878 0.0139734093099833 0.0147145995870233 0.0191913992166519 0.0344589538872242 0.0682269632816315 0.0382287688553333 0.0293510798364878 0.0554684214293957 0.0419659279286861 0.036699216812849 0.0335415154695511 -3.4e+38 -3.4e+38 0.0355219580233097 0.037316158413887 0.0394862666726112 0.0308707803487778 0.0256387069821358 0.00913687329739332 0.00807763263583183 0.00764316925778985 0.00651484169065952 0.00541835185140371 0.00449105398729444 0.00403516041114926 0.00282640708610415 0.00238548940978944 0.00182996119838208 0.00152771582361311 0.00201329821720719 0.00278738094493747 0.00336390570737422 0.00372148724272847 0.00337476818822324 0.00311808241531253 0.00697679398581386 0.00693101575598121 0.00733258062973619
0.994257509708405 0.608735740184784 0.333790510892868 0.358844876289368 0.307073891162872 0.208381786942482 0.0650680586695671 0.0510371848940849 0.0370765365660191 0.0309814848005772 0.0237656943500042 0.0183116495609283 0.0142519427463412 0.0124706402420998 0.0138663640245795 0.0139794293791056 0.0130114853382111 0.0166189204901457 0.0207151416689157 0.0359978899359703 0.0572355687618256 0.0509091503918171 0.0420191958546638 0.0325375944375992 0.029678899794817 0.0327593758702278 0.0284689795225859 0.0330127850174904 0.0302530694752932 0.0303547102957964 0.0268316585570574 0.0225087013095617 0.0201135538518429 0.0184513963758945 0.00721935648471117 0.00622083339840174 0.0061952150426805 0.00526719074696302 0.00463926652446389 0.00383015163242817 0.00287237716838717 0.00208423193544149 0.00161857611965388 0.00136157777160406 0.00168466218747199 0.00254201865755022 0.00312806153669953 0.00293813413009048 0.00291042472235858 0.00623336294665933 0.00631925696507096 0.00685860542580485 0.00722359213978052
0.652552962303162 0.575493276119232 0.432909786701202 0.452859878540039 0.223903879523277 0.136966660618782 0.0925678685307503 0.0659430325031281 0.0498837195336819 0.0384681522846222 0.0297731831669807 0.021482078358531 0.0172790475189686 0.0182344447821379 0.0194506738334894 0.0182025730609894 0.0171226132661104 0.0165268499404192 0.02172458358109 0.0301591511815786 0.0372378043830395 0.0348735153675079 0.0307117346674204 0.0249809101223946 0.0257465206086636 0.0272752903401852 0.0235185027122498 0.0222555138170719 0.0241515152156353 0.0242305193096399 0.0216048024594784 0.0211618654429913 0.0194054674357176 0.0183002464473248 0.00610534800216556 0.00625067437067628 0.00527328765019774 0.00497992895543575 0.00463651213794947 0.00401240726932883 0.00284479651600122 0.00203085551038384 0.00181803142186254 0.0016391125973314 0.00157084374222904 0.00195626891218126 0.00238394411280751 0.00279588741250336 0.00611915159970522 0.00564394984394312 0.00653259921818972 0.00648784171789885 0.00667741848155856
0.891108334064484 0.745275020599365 0.306335628032684 0.311514765024185 0.221745729446411 0.198610216379166 0.13201804459095 0.083266943693161 0.056693147867918 0.0479709282517433 0.0388202667236328 0.0248498264700174 0.0247109513729811 0.0245586615055799 0.0247878674417734 0.0238025113940239 0.0227831955999136 0.0227179415524006 0.0223749335855246 0.0257314071059227 0.0329871140420437 0.0339364409446716 0.0260353144258261 0.020035220310092 0.0200810208916664 0.0213473215699196 0.0198664329946041 0.0192296393215656 0.0181917045265436 0.0195682737976313 0.0203694961965084 0.0180997252464294 0.0184526536613703 0.015703184530139 0.0159581322222948 0.00509383017197251 0.00519692758098245 0.00478229112923145 0.00465596048161387 0.00463366135954857 0.00332016497850418 0.00291831861250103 0.00238515110686421 0.00209489441476762 0.00168669410049915 0.0016362015157938 0.00228207861073315 0.00279535911977291 0.00629301415756345 0.00654318695887923 0.00661705434322357 0.00603872258216143 0.00582504132762551
0.835306346416473 0.313442975282669 0.609181940555573 0.855706393718719 0.450788199901581 0.282543510198593 0.385815590620041 0.128997221589088 0.0837653279304504 0.0517281629145145 0.0370351225137711 0.0352716483175755 0.0371349044144154 0.0331947207450867 0.035391665995121 0.0384632870554924 0.037221934646368 0.0254453904926777 0.0241508856415749 0.0323940999805927 0.036103505641222 0.0327186398208141 0.0236061979085207 0.0168273542076349 0.0160337798297405 0.0162164829671383 0.0161131098866463 0.0170491151511669 0.0160103905946016 0.0171620193868876 0.0175627768039703 0.0162437278777361 0.0155096920207143 0.0157030168920755 0.0135735785588622 0.00555713986977935 0.00477199349552393 0.00452150870114565 0.00445721810683608 0.00389278959482908 0.00368123105727136 0.00343124312348664 0.0029528783634305 0.00269223237410188 0.00233385246247053 0.00217915093526244 0.00245402823202312 0.0066793798469007 0.00723078427836299 0.00750325201079249 0.00736933900043368 0.00628514168784022 0.00563568947836757
0.690652906894684 0.533924698829651 0.714696228504181 0.381741255521774 0.31619194149971 0.306539475917816 0.689428806304932 0.178345069289207 0.109362289309502 0.0619963482022285 0.0482329614460468 0.0505877994000912 0.0560331344604492 0.0507204867899418 0.038650494068861 0.0364028811454773 0.0323817394673824 0.0271189976483583 0.0310558844357729 0.0400930978357792 0.0405891425907612 0.0315712653100491 0.0245513133704662 0.0170433279126883 0.0145206721499562 0.0146831907331944 0.0145697612315416 0.0149849811568856 0.0155066186562181 0.016070144250989 0.0168785881251097 0.0164424981921911 0.0163661856204271 0.0163617264479399 0.0149027239531279 0.0129937753081322 0.00484421150758862 0.00439019221812487 0.00447616539895535 0.00398105941712856 0.00361192901618779 0.00405913032591343 0.00338946119882166 0.00350833730772138 0.00346223986707628 0.00327037437818944 0.00363543350249529 0.00351561629213393 0.0080448416993022 0.0082185547798872 0.00728407269343734 0.00651527987793088 0.00561021454632282
0.825204432010651 0.887073516845703 0.881757259368896 0.411297529935837 0.336946219205856 0.350672006607056 0.293870657682419 0.274223923683167 0.155713960528374 0.0885716527700424 0.0761477500200272 0.0745492950081825 0.0641933456063271 0.0564790889620781 0.0422921441495419 0.034010723233223 0.0330416411161423 0.0354589708149433 0.0456607080996037 0.0482472591102123 0.0454178489744663 0.0378281660377979 0.0279635209590197 0.0202458128333092 0.0151992309838533 0.0148532567545772 0.0146112563088536 0.0136990454047918 0.0139648672193289 0.0132464189082384 0.0131639260798693 0.0146942520514131 0.0180977676063776 0.0164867360144854 0.0153214847669005 0.0131105296313763 0.00490137655287981 0.00474116345867515 0.0046584140509367 0.00432252930477262 0.00430945167317986 0.00409268913790584 0.00416918564587831 0.00429308461025357 0.00415818579494953 0.00417349021881819 0.00459697004407644 0.00434544030576944 0.00849014520645142 0.00858943816274405 0.0076602203771472 0.00666902493685484 0.00571046164259315
0.594983577728271 0.956816792488098 0.919610798358917 0.842690825462341 0.608596682548523 0.500853300094604 0.302973181009293 0.278441160917282 0.225102841854095 0.121732994914055 0.11105914413929 0.111831873655319 0.0917562320828438 0.0712580382823944 0.0492793321609497 0.0478757247328758 0.0494852028787136 0.0562549158930779 0.0728745386004448 0.0691690742969513 0.0590496584773064 0.0477187857031822 0.032077495008707 0.0235832519829273 0.0185907203704119 0.015374937094748 0.00560177303850651 0.00522696133702993 0.00568938301876187 0.0122439181432128 0.0122182043269277 0.0153946997597814 0.0175424180924892 0.0193848758935928 0.0175742711871862 0.0155409211292863 0.00565738836303353 0.00561788585036993 0.00483451643958688 0.00480222189798951 0.00541572598740458 0.00535375950857997 0.00493906065821648 0.00470858905464411 0.00467637786641717 0.00477189756929874 0.00534454779699445 0.00470115197822452 0.00394925847649574 0.00978490337729454 0.0123015101999044 0.00859148241579533 0.00782590173184872
0.601732969284058 0.95230758190155 0.981347382068634 0.942240536212921 0.772656559944153 0.665153026580811 0.858539521694183 0.51233297586441 0.2824387550354 0.203213512897491 0.161829099059105 0.124449603259563 0.0979849994182587 0.0824493542313576 0.0803562253713608 0.0783301144838333 0.07051981985569 0.0901668965816498 0.0915795564651489 0.0893877595663071 0.0716549232602119 0.0589694753289223 0.0428742505609989 0.0311652068048716 0.0243419744074345 0.00708169862627983 0.00607942324131727 0.00585812190547585 0.00693352846428752 0.00515980552881956 0.00537876086309552 0.00731394439935684 0.00766902510076761 0.00895725749433041 0.0223864112049341 0.0188339147716761 0.00670627551153302 0.00622198078781366 0.00592128094285727 0.00673802103847265 0.0067520197480917 0.00825759582221508 0.00759050715714693 0.00945251435041428 0.00812818668782711 0.0079292431473732 0.00625100638717413 0.00750551698729396 0.00602326961234212 0.0124401785433292 0.0294192787259817 0.0259381681680679 0.0120869344100356
0.867934763431549 0.927738010883331 0.980755925178528 0.965714871883392 0.647504448890686 0.781734824180603 0.998319804668427 0.860338866710663 0.732333600521088 0.556525230407715 0.208046928048134 0.148745179176331 0.117216631770134 0.0940188840031624 0.0930456221103668 0.0951713174581528 0.101647555828094 0.0966118276119232 0.105288691818714 0.0975852981209755 0.0849338546395302 0.0673147439956665 0.0519406124949455 0.041426558047533 0.0128744710236788 0.00998782180249691 0.00841273367404938 0.0095850694924593 0.00985792186111212 0.00845077726989985 0.0070405644364655 0.00899842288345098 0.0106873009353876 0.0233783163130283 0.023244159296155 0.00989613682031631 0.00875958614051342 0.0078960545361042 0.00687825912609696 0.0106305060908198 0.0177109017968178 0.018547410145402 0.0114821642637253 0.0195393189787865 0.0234663914889097 0.0267312377691269 0.0108136320486665 0.022758711129427 0.0470388680696487 0.0452026538550854 0.0166173502802849 0.0212276801466942 0.0134596573188901
0.711948335170746 0.814412176609039 0.967935264110565 0.926818013191223 0.834102690219879 0.723568081855774 0.974709451198578 0.998042821884155 0.970512688159943 0.541869699954987 0.362109631299973 0.169762045145035 0.130068704485893 0.105819255113602 0.0988308116793633 0.101637922227383 0.101326525211334 0.111959710717201 0.116016671061516 0.115030325949192 0.105548337101936 0.0920288264751434 0.0726594999432564 0.0532967336475849 0.0175721012055874 0.012704050168395 0.0114421648904681 0.0113250678405166 0.0132329473271966 0.0132891219109297 0.0118356077000499 0.011101589538157 0.0103778140619397 0.01102374214679 0.027297368273139 0.0264492742717266 0.0120404958724976 0.00985608994960785 0.00915845949202776 0.0123488279059529 0.0181677751243114 0.0347018092870712 0.0332245565950871 0.040568832308054 0.0555050782859325 0.0930822938680649 0.0439164824783802 0.0349574573338032 0.0478899367153645 0.362027078866959 0.10251672565937 0.073976144194603 0.0235268604010344
0.817327737808228 0.627812445163727 0.868521392345428 0.956476092338562 0.981150686740875 0.720904529094696 0.98986691236496 0.99989640712738 0.98510354757309 0.729013502597809 0.480423837900162 0.172466337680817 0.160749465227127 0.14989960193634 0.108712576329708 0.102921880781651 0.113099187612534 0.145646438002586 0.137083888053894 0.124291248619556 0.133436411619186 0.113851748406887 0.0888968482613564 0.0663316547870636 0.0214996505528688 0.0142606170848012 0.0145998485386372 0.0151443714275956 0.014405463822186 0.0166137237101793 0.0148754203692079 0.015441820025444 0.0129310823976994 0.0264253485947847 0.0261746309697628 0.0277829132974148 0.0289921704679728 0.0216452330350876 0.010611180216074 0.0142713440582156 0.0490247644484043 0.0579434596002102 0.116853296756744 0.129532516002655 0.162142306566238 0.19951169192791 0.120096698403358 0.0817534551024437 0.117333061993122 0.0855381563305855 0.386270403862 0.520958840847015 0.173369944095612
0.900796353816986 0.890773594379425 0.923417270183563 0.957820773124695 0.925484657287598 0.601839423179626 0.981861591339111 0.999812364578247 0.992431342601776 0.97603440284729 0.707874536514282 0.25474750995636 0.223348587751389 0.299529939889908 0.168251380324364 0.10243983566761 0.116209402680397 0.1210692897439 0.12221298366785 0.11650837957859 0.14096312224865 0.125724986195564 0.099702276289463 0.0288252346217632 0.0236616339534521 0.0221513863652945 0.0252697095274925 0.022581497207284 0.0230116471648216 0.016381599009037 0.0162726547569036 0.0245102774351835 0.0602854937314987 0.0337589755654335 0.024163044989109 0.0232498440891504 0.0246951207518578 0.0197009332478046 0.0233449134975672 0.0299528669565916 0.0533336587250233 0.164458945393562 0.29293167591095 0.209573656320572 0.377884387969971 0.422939300537109 0.0972238630056381 0.0603303872048855 0.176845565438271 0.282167613506317 0.280838757753372 0.179391637444496 0.325022518634796
0.80005818605423 0.888889074325562 0.936417520046234 0.950206398963928 0.955469608306885 0.787883520126343 0.953221499919891 0.996172666549683 0.999982357025146 0.990409255027771 0.755145370960236 0.651687860488892 0.481182336807251 0.352948278188705 0.173737332224846 0.156635284423828 0.157319813966751 0.140638068318367 0.121262229979038 0.120293118059635 0.121734492480755 0.128922387957573 0.0909392535686493 0.0773910582065582 0.042440440505743 0.0564959831535816 0.0571835786104202 0.0300768688321114 0.0239163711667061 0.02219383046031 0.0152063351124525 0.077764704823494 0.0666297003626823 0.0346565507352352 0.0206487141549587 0.0232986584305763 0.0203818865120411 0.0205507222563028 0.0155748073011637 0.0256512444466352 0.0471801981329918 0.125044301152229 0.187097817659378 0.184819594025612 0.230435147881508 0.46874874830246 0.307566583156586 0.223048612475395 0.133062064647675 0.177730143070221 0.518368721008301 0.580962240695953 0.285590350627899
0.310594379901886 0.510848104953766 0.844323217868805 0.91977071762085 0.934429466724396 0.955911219120026 0.981346487998962 0.994514107704163 0.999537527561188 0.957762062549591 0.411823898553848 0.778330028057098 0.692021489143372 0.393333673477173 0.131989136338234 0.155412584543228 0.181440517306328 0.171911865472794 0.138538241386414 0.107120774686337 0.103247240185738 0.104163132607937 0.0931491479277611 0.0810449570417404 0.129341021180153 0.0878841727972031 0.137790963053703 0.260236918926239 0.0905541405081749 0.0624535456299782 0.0431093126535416 0.0910683199763298 0.141912519931793 0.0436489805579185 0.028961356729269 0.0334015116095543 0.0492935590445995 0.0288884714245796 0.0208088550716639 0.0222214721143246 0.0786236077547073 0.0693667382001877 0.231543332338333 0.328447073698044 0.397801667451859 0.579758942127228 0.581866204738617 0.462994456291199 0.512933015823364 0.351939678192139 0.252642542123795 0.251117318868637 0.493244856595993
0.338584393262863 0.284472674131393 0.384516179561615 0.857858657836914 0.932274281978607 0.885450422763824 0.981123328208923 0.994652807712555 0.995491802692413 0.942076146602631 0.903750419616699 0.941445529460907 0.292263269424438 0.22005033493042 0.333026319742203 0.229893639683723 0.154405578970909 0.156465113162994 0.128493160009384 0.105809301137924 0.0872542709112167 0.0903570204973221 0.080378532409668 0.0737008899450302 0.078259140253067 0.0853792056441307 0.144724801182747 0.219591289758682 0.257679671049118 0.250460982322693 0.207987621426582 0.166226148605347 0.191583320498466 0.116016633808613 0.0502238795161247 0.0562255643308163 0.118007607758045 0.137316256761551 0.0510779283940792 0.0434816218912601 0.108576290309429 0.323679953813553 0.196609988808632 0.241319566965103 0.577308237552643 0.671882748603821 0.792084515094757 0.692474603652954 0.825481772422791 0.834823489189148 0.733574450016022 0.450890332460403 0.548561334609985
0.448528587818146 0.821664452552795 0.715109705924988 0.648804008960724 0.835371315479279 0.488890737295151 0.927910625934601 0.980750262737274 0.836917281150818 0.835973918437958 0.98347681760788 0.991927802562714 0.831212162971497 0.182807266712189 0.11803574860096 0.480706095695496 0.337395459413528 0.162818431854248 0.0992966666817665 0.0808665081858635 0.0723468065261841 0.0678324550390244 0.0656720921397209 0.0656571984291077 0.0937129259109497 0.208746865391731 0.210081487894058 0.330219000577927 0.369950711727142 0.689467191696167 0.388947337865829 0.230679348111153 0.100480481982231 0.0508796572685242 0.0895002037286758 0.0766998529434204 0.0714004635810852 0.227116778492928 0.106586180627346 0.103752009570599 0.245343387126923 0.253410488367081 0.269235759973526 0.291252940893173 0.328030318021774 0.652582824230194 0.948317885398865 0.926342666149139 0.924566864967346 0.908083200454712 0.871950745582581 0.827696204185486 0.742231011390686
0.342235743999481 0.562840640544891 0.473980635404587 0.65603768825531 0.638710498809814 0.581760764122009 0.705695807933807 0.961417555809021 0.412845700979233 0.26069438457489 0.599068939685822 0.517811119556427 0.501498341560364 0.479237914085388 0.477337688207626 0.288862973451614 0.612673342227936 0.392606288194656 0.0573442801833153 0.0474019572138786 0.0551225766539574 0.0533026903867722 0.0516811013221741 0.128254771232605 0.212041050195694 0.56363445520401 0.740671753883362 0.769038081169128 0.570564329624176 0.639539241790771 0.312049210071564 0.22805580496788 0.223276406526566 0.152042269706726 0.12680384516716 0.110817141830921 0.0955495834350586 0.121450513601303 0.136553943157196 0.119296722114086 0.235516414046288 0.169569030404091 0.17391100525856 0.268433958292007 0.251108735799789 0.357377082109451 0.938686430454254 0.906195461750031 0.865031540393829 0.861709177494049 0.883644759654999 0.848726868629456 0.909337639808655
0.297223150730133 0.212958872318268 0.326069921255112 0.264553099870682 0.222742572426796 0.263687014579773 0.370623499155045 0.668156743049622 0.228689849376678 0.484886556863785 0.452852547168732 0.142894059419632 0.195022076368332 0.555136442184448 0.416039764881134 0.126357078552246 0.0849473848938942 0.102422952651978 0.0623207315802574 0.0436358749866486 0.0402044579386711 0.0371215306222439 0.0332091115415096 0.039860125631094 0.107701249420643 0.365923434495926 0.393678575754166 0.254101991653442 0.843249142169952 0.669001758098602 0.427859336137772 0.481743574142456 0.281897991895676 0.157398149371147 0.099298320710659 0.0872240364551544 0.112080819904804 0.107754297554493 0.13072781264782 0.171215444803238 0.200110211968422 0.170964866876602 0.130687430500984 0.0259824804961681 0.12416235357523 0.341911256313324 0.868076920509338 0.907131850719452 0.893775880336761 0.86464923620224 0.898882508277893 0.92437332868576 0.920584797859192
