data/climate_estimation/maxent_output/Bomarea_pauciflora.asc
NCOLS 94 
NROWS 157 
XLLCORNER -79.25 
YLLCORNER -3.25 
CELLSIZE 0.0833333333333333 
NODATA_value -3.4e+38 
[rows 19 to 37 of 157, columns 0 to 43 of 94]
-3.4e+38 0.000934456998948008 -3.4e+38 0.00092913000844419 0.000882265390828252 -3.4e+38 -3.4e+38 -3.4e+38 -3.4e+38 -3.4e+38 -3.4e+38 0.00296704284846783 0.00392976310104132 0.00560453860089183 0.00738965440541506 0.00500504812225699 0.00517367850989103 0.00684068817645311 0.00699302367866039 0.00769871566444635 0.00933633372187614 0.0387462191283703 0.1115667745471 0.312922745943069 0.0819227173924446 0.0312344096601009 0.0243611019104719 0.0207247473299503 -3.4e+38 0.0199444405734539 0.0253933854401112 0.0297886449843645 0.026036849245429 0.0205868743360043 0.0211396589875221 0.0143612856045365 0.00909178517758846 0.00515807420015335 0.00437345448881388 0.00425470434129238 0.0034727503079921 0.00309835304506123 0.00263499119319022 0.00193542044144124
-3.4e+38 -3.4e+38 -3.4e+38 -3.4e+38 -3.4e+38 -3.4e+38 -3.4e+38 -3.4e+38 -3.4e+38 0.0027320422232151 0.00209703575819731 0.0033063527662307 0.00477144122123718 0.00814913585782051 0.00806078501045704 0.00561832124367356 0.00495611410588026 0.00519907101988792 0.00559710897505283 0.00551383662968874 0.00753297004848719 0.0220686327666044 0.126880317926407 0.278490751981735 0.146939903497696 0.0310152545571327 0.0211167689412832 0.019568856805563 0.0177476555109024 0.0192638486623764 0.0190348699688911 0.0219144877046347 0.0318734161555767 0.0241477880626917 0.0234220270067453 0.0156384017318487 0.00950657203793526 0.00630396325141191 0.00564892636612058 0.00476265652105212 0.0050476435571909 0.00368086295202374 0.00271271402016282 0.0018985727801919
-3.4e+38 -3.4e+38 -3.4e+38 -3.4e+38 -3.4e+38 -3.4e+38 -3.4e+38 -3.4e+38 -3.4e+38 0.00318289874121547 0.00361752673052251 0.00346826831810176 0.0045752702280879 0.0109779546037316 0.00779699394479394 0.00615678401663899 0.00440464681014419 0.00475034257397056 0.00902084913104773 0.00518806837499142 0.00553264934569597 0.0119076762348413 0.0415211580693722 0.127170756459236 0.119663007557392 0.0217065382748842 0.0193557161837816 0.0194698441773653 0.0177103225141764 0.0186773221939802 0.0160576831549406 0.014792769216001 0.0263947825878859 0.0324747338891029 0.0206725504249334 0.0170686077326536 0.0106239169836044 0.00778662972152233 0.020993560552597 0.0114544248208404 0.00643477728590369 0.003207937348634 0.0028427648358047 0.00221418449655175
-3.4e+38 -3.4e+38 -3.4e+38 -3.4e+38 -3.4e+38 -3.4e+38 -3.4e+38 -3.4e+38 -3.4e+38 0.00261910213157535 0.0130770020186901 0.00807649828493595 0.00480557745322585 0.00808458216488361 0.00943482667207718 0.0058022802695632 0.00428785104304552 0.00648141140118241 0.0480963028967381 0.0069237919524312 0.0058339643292129 0.0069739818572998 0.0140865510329604 0.0493871048092842 0.0466907806694508 0.0222001653164625 0.0151245715096593 0.0168094448745251 -3.4e+38 0.0131831401959062 0.0141635583713651 0.013705600053072 0.0426842719316483 0.0517205223441124 0.0273512750864029 0.0131441066041589 0.0150449220091105 0.0255494508892298 0.0778368934988976 0.0256132744252682 0.00681091705337167 0.00341023737564683 0.00302470475435257 0.00230907509103417
-3.4e+38 -3.4e+38 -3.4e+38 -3.4e+38 -3.4e+38 -3.4e+38 -3.4e+38 -3.4e+38 -3.4e+38 -3.4e+38 0.00552950892597437 0.0169502515345812 0.00856213271617889 0.00748071540147066 0.00891019124537706 0.00752419047057629 0.00547060184180737 0.0112916734069586 0.0763424411416054 0.0173703040927649 0.00657606963068247 0.00641556177288294 0.00928897969424725 0.0186395607888699 0.0252770185470581 0.0137710198760033 0.0123473154380918 0.0141280200332403 0.0145386094227433 0.0150988176465034 0.0123775443062186 0.0131057985126972 0.0388732515275478 0.0600499622523785 0.0255553182214499 0.0143880723044276 0.0163396690040827 0.0255446825176477 0.027382830157876 0.0161275397986174 0.00461147353053093 0.00373383797705173 0.00306053692474961 0.00250522140413523
-3.4e+38 -3.4e+38 -3.4e+38 -3.4e+38 -3.4e+38 -3.4e+38 -3.4e+38 -3.4e+38 -3.4e+38 -3.4e+38 -3.4e+38 0.0403264053165913 0.0221281461417675 0.0322281457483768 0.00819521863013506 0.0190495643764734 0.00984110310673714 0.021393796429038 0.123122975230217 0.0398111455142498 0.00737519189715385 0.00918031483888626 0.0104470308870077 0.00851040426641703 0.0111756157130003 0.00832722429186106 0.00958190206438303 0.0105527006089687 0.0127941472455859 0.0133239096030593 0.0134051740169525 0.0132176512852311 0.0248587615787983 0.0392127968370914 0.0183002594858408 0.0159361641854048 0.0142961200326681 0.0213370695710182 0.0118725132197142 0.0109665310010314 0.00456575956195593 0.00389359169639647 0.00317878811620176 0.0033356046769768
-3.4e+38 -3.4e+38 -3.4e+38 -3.4e+38 -3.4e+38 -3.4e+38 -3.4e+38 -3.4e+38 -3.4e+38 -3.4e+38 -3.4e+38 0.00954974442720413 0.0474258214235306 0.103660374879837 0.0215383786708117 0.0235765613615513 0.0125092901289463 0.02305574901402 0.15779222548008 0.0480377785861492 0.0101745389401913 0.0122497193515301 0.00840017572045326 0.00592163437977433 0.00644156942144036 0.00676821870729327 0.007484030444175 0.00877397321164608 0.00914814136922359 0.0103328330442309 0.0107420859858394 0.0118632344529033 0.0206276103854179 0.0838061645627022 0.0337547473609447 0.015193066559732 0.0107391960918903 0.00935079995542765 0.00839453935623169 0.009831796400249 0.00477272272109985 0.00467393267899752 0.00617589941248298 0.0075411731377244
-3.4e+38 -3.4e+38 -3.4e+38 -3.4e+38 -3.4e+38 -3.4e+38 -3.4e+38 -3.4e+38 -3.4e+38 -3.4e+38 -3.4e+38 -3.4e+38 0.0106985326856375 0.0276851002126932 0.0303762033581734 0.0834657549858093 0.0158627070486546 0.0130686461925507 0.0459301173686981 0.0761718153953552 0.0294363796710968 0.0173078160732985 0.00621683709323406 0.00539964064955711 0.00594631768763065 0.00637464411556721 0.00644143577665091 0.00746181095018983 0.00778795685619116 0.00793289300054312 0.00800934433937073 0.00967894494533539 0.040642935782671 0.0742007941007614 0.0483766458928585 0.0186667572706938 0.0126980300992727 0.00874362513422966 0.00694795697927475 0.00958704948425293 0.00800944305956364 0.0325077623128891 0.0400353893637657 0.0215409677475691
-3.4e+38 -3.4e+38 -3.4e+38 -3.4e+38 -3.4e+38 -3.4e+38 -3.4e+38 -3.4e+38 -3.4e+38 -3.4e+38 -3.4e+38 -3.4e+38 0.00558649795129895 0.00591969722881913 0.0147632919251919 0.0795510038733482 0.0476427040994167 0.0122905261814594 0.016452232375741 0.034974817186594 0.0672779381275177 0.0198246892541647 0.00579579174518585 0.00538589712232351 0.00536438869312406 0.00486813252791762 0.00537464581429958 0.00572090316563845 0.00615218607708812 0.00661036372184753 0.00699823861941695 0.00703887222334743 0.0176345705986023 0.114446133375168 0.0463841930031776 0.0289802998304367 0.0149264205247164 0.0107798725366592 0.00831176247447729 0.0099191926419735 0.0606729462742805 0.0507080219686031 0.0486493185162544 0.0293872002512217
-3.4e+38 -3.4e+38 -3.4e+38 -3.4e+38 -3.4e+38 -3.4e+38 -3.4e+38 -3.4e+38 -3.4e+38 -3.4e+38 -3.4e+38 -3.4e+38 -3.4e+38 0.0108381994068623 0.0105995051562786 0.0209744069725275 0.0409086532890797 0.0210571885108948 0.0156872645020485 0.0245068687945604 0.0275798309594393 0.00963482912629843 0.00560430902987719 0.00545563641935587 0.00469206878915429 0.00466728955507278 0.00487998453900218 0.00541071174666286 0.00736562954261899 0.00549787702038884 0.00558835081756115 0.00631878664717078 0.00812952313572168 0.115143418312073 0.0568420067429543 0.0416171997785568 0.0249819979071617 0.0168147198855877 0.0155616234987974 0.0162613242864609 0.118018992245197 0.142765790224075 0.077064722776413 0.0255402326583862
-3.4e+38 -3.4e+38 -3.4e+38 -3.4e+38 -3.4e+38 -3.4e+38 -3.4e+38 -3.4e+38 -3.4e+38 -3.4e+38 -3.4e+38 -3.4e+38 -3.4e+38 -3.4e+38 0.0165204517543316 0.0302777942270041 0.0198082979768515 0.0200437791645527 0.0162104219198227 0.0195551756769419 0.0145519338548183 0.00850465428084135 0.00781463459134102 0.00620756158605218 0.00512514589354396 0.00496071157976985 0.00482530798763037 0.00519735738635063 0.00516614317893982 0.00542769953608513 0.00496211554855108 0.00511048082262278 0.00582814496010542 0.0228908471763134 0.116078585386276 0.104344815015793 0.124445021152496 0.0385206528007984 0.0493390150368214 0.0636629536747932 0.534160494804382 0.513306498527527 0.228321090340614 0.230780407786369
-3.4e+38 -3.4e+38 -3.4e+38 -3.4e+38 -3.4e+38 -3.4e+38 -3.4e+38 -3.4e+38 -3.4e+38 -3.4e+38 -3.4e+38 -3.4e+38 -3.4e+38 -3.4e+38 -3.4e+38 0.0171244405210018 0.0292985178530216 0.0120085394009948 0.0191491916775703 0.0148534970358014 0.0210606716573238 0.0115882605314255 0.0156184630468488 0.00869208294898272 0.00506183877587318 0.00476876040920615 0.00483909109607339 0.00516836019232869 0.00529947923496366 0.00507901003584266 0.00488203298300505 0.00492711318656802 0.00493999477475882 0.00776060111820698 0.0582779310643673 0.420108824968338 0.258983999490738 0.138880968093872 0.104249268770218 0.192810833454132 0.684724926948547 0.699933767318726 0.516113460063934 0.308450788259506
-3.4e+38 -3.4e+38 -3.4e+38 -3.4e+38 -3.4e+38 -3.4e+38 -3.4e+38 -3.4e+38 -3.4e+38 -3.4e+38 -3.4e+38 -3.4e+38 -3.4e+38 -3.4e+38 -3.4e+38 0.0110802203416824 0.0160548854619265 0.0100871101021767 0.015816668048501 0.024213545024395 0.0279324818402529 0.0191785879433155 0.013402134180069 0.00699312286451459 0.00524628022685647 0.0055995536968112 0.00469664251431823 0.00484790978953242 0.00463194167241454 0.00477475579828024 0.0050582685507834 0.0049885855987668 0.00609438633546233 0.00637902365997434 0.0189187023788691 0.339638322591782 0.602479159832001 0.507549345493317 0.509160995483398 0.69579541683197 0.727096259593964 0.245538085699081 0.149047136306763 0.149244159460068
-3.4e+38 -3.4e+38 -3.4e+38 -3.4e+38 -3.4e+38 -3.4e+38 -3.4e+38 -3.4e+38 -3.4e+38 -3.4e+38 -3.4e+38 -3.4e+38 -3.4e+38 -3.4e+38 -3.4e+38 -3.4e+38 0.00776541559025645 0.0085229342803359 0.0092210303992033 0.0152841825038195 0.0158967599272728 0.0180386044085026 0.00745131587609649 0.00647666165605187 0.00682778237387538 0.00614659348502755 0.00513968197628856 0.00487430719658732 0.00459990091621876 0.00447451788932085 0.00547024514526129 0.00519892293959856 0.0108111910521984 0.011861284263432 0.0389153324067593 0.405007153749466 0.752954721450806 0.811987161636353 0.7623171210289 0.910544872283936 0.773372113704681 0.228062614798546 0.0663299262523651 0.0655906200408936
-3.4e+38 -3.4e+38 -3.4e+38 -3.4e+38 -3.4e+38 -3.4e+38 -3.4e+38 -3.4e+38 -3.4e+38 -3.4e+38 -3.4e+38 -3.4e+38 -3.4e+38 -3.4e+38 -3.4e+38 -3.4e+38 -3.4e+38 -3.4e+38 0.00844606850296259 0.0132425157353282 0.0119413863867521 0.0126084098592401 0.0117726176977158 0.00730361603200436 0.00952486973255873 0.00658996915444732 0.00448598200455308 0.00480892695486546 0.00392644107341766 0.00364280468784273 0.00553010497242212 0.00599836092442274 0.0192349534481764 0.0141689591109753 0.0149569287896156 0.0727744773030281 0.110265746712685 0.216982364654541 0.644986569881439 0.750231087207794 0.281245142221451 0.0332637615501881 0.0625479370355606 0.215847909450531
-3.4e+38 -3.4e+38 -3.4e+38 -3.4e+38 -3.4e+38 -3.4e+38 -3.4e+38 -3.4e+38 -3.4e+38 -3.4e+38 -3.4e+38 -3.4e+38 -3.4e+38 -3.4e+38 -3.4e+38 -3.4e+38 -3.4e+38 -3.4e+38 0.0103741977363825 0.014737538062036 0.0198569744825363 0.0146740907803178 0.0169287100434303 0.0111668324097991 0.0101357856765389 0.00537703698500991 0.00467688404023647 0.00383092137053609 0.0032592574134469 0.00340420892462134 0.00356702622957528 0.00499874725937843 0.0166590977460146 0.0206200685352087 0.0274572763592005 0.0716308429837227 0.122100532054901 0.260187119245529 0.340214669704437 0.763630509376526 0.331797212362289 0.0703131556510925 0.222412064671516 0.537476599216461
-3.4e+38 -3.4e+38 -3.4e+38 -3.4e+38 -3.4e+38 -3.4e+38 -3.4e+38 -3.4e+38 -3.4e+38 -3.4e+38 -3.4e+38 -3.4e+38 -3.4e+38 -3.4e+38 -3.4e+38 -3.4e+38 -3.4e+38 -3.4e+38 0.012420667335391 0.0167546030133963 0.0244819670915604 0.0213631559163332 0.0264453459531069 0.0164527073502541 0.00981813669204712 0.00533496774733067 0.00432201474905014 0.00301998225040734 0.00278795626945794 0.00258122175000608 0.00288628647103906 0.0123339835554361 0.0227144807577133 0.0268647652119398 0.0380669124424458 0.230813428759575 0.0801446586847305 0.0654182806611061 0.173215553164482 0.592021942138672 0.0698137879371643 0.207351431250572 0.700933396816254 0.847054660320282
-3.4e+38 -3.4e+38 -3.4e+38 -3.4e+38 -3.4e+38 -3.4e+38 -3.4e+38 -3.4e+38 -3.4e+38 -3.4e+38 -3.4e+38 -3.4e+38 -3.4e+38 -3.4e+38 -3.4e+38 -3.4e+38 -3.4e+38 -3.4e+38 -3.4e+38 0.0106989247724414 0.019172539934516 0.0213366355746984 0.0249323863536119 0.0328611172735691 0.0097228242084384 0.00518124457448721 0.00354635831899941 0.00252802530303597 0.00216055056080222 0.00207892921753228 0.0025976886972785 0.0095275491476059 0.0293253734707832 0.0371404476463795 0.0417843088507652 0.433322638273239 0.181587263941765 0.106433145701885 0.154016584157944 0.484387278556824 0.0278680734336376 0.53955203294754 0.902917861938477 0.851052939891815
-3.4e+38 -3.4e+38 -3.4e+38 -3.4e+38 -3.4e+38 -3.4e+38 -3.4e+38 -3.4e+38 -3.4e+38 -3.4e+38 -3.4e+38 -3.4e+38 -3.4e+38 -3.4e+38 -3.4e+38 -3.4e+38 -3.4e+38 -3.4e+38 -3.4e+38 -3.4e+38 0.0163542833179235 0.013211534358561 0.0228291228413582 0.016049126163125 0.00682709971442819 0.00402267882600427 0.00296717579476535 0.00205259141512215 0.00184019259177148 0.00187641521915793 0.00188983452972025 0.01292659714818 0.0302578117698431 0.0214623082429171 0.0191965475678444 0.24390597641468 0.530603170394897 0.365614056587219 0.42057666182518 0.524244844913483 0.0439022555947304 0.0956195890903473 0.8777796626091 0.812779545783997
