data/climate_estimation/maxent_output/Bomarea_nervosa.asc
NCOLS 82 
NROWS 182 
XLLCORNER -79.5 
YLLCORNER -10.9166666666667 
CELLSIZE 0.0833333333333333 
NODATA_value -3.4e+38 
[rows 95 to 113 of 182, columns 0 to 42 of 82]
0.261645823717117 0.935996949672699 0.974401414394379 0.990800678730011 0.9979008436203 0.99995744228363 0.562013566493988 0.0678780451416969 0.0465303026139736 0.0341922901570797 0.054720014333725 0.0304878950119019 0.0302773714065552 0.0342810563743114 0.0242945607751608 0.0164711885154247 0.0184501670300961 0.0164218079298735 0.0139955133199692 0.0135594755411148 0.0158491879701614 0.0144766354933381 0.0111398147419095 0.0139706395566463 0.0141872828826308 0.0151531016454101 0.016123728826642 0.0180686619132757 0.0202158782631159 0.02403767965734 0.0265711881220341 0.0321755632758141 0.0350028909742832 0.0405904166400433 0.0464970991015434 0.0532852374017239 0.0592616833746433 0.0647424980998039 0.0710124894976616 0.0662172958254814 0.064842477440834 0.0664772689342499 0.0692445859313011
0.102378830313683 0.798345923423767 0.96041464805603 0.995062172412872 0.999742209911346 0.999662756919861 0.79875123500824 0.0683525055646896 0.0503240041434765 0.0507006570696831 0.0196472015231848 0.0098916869610548 0.043977715075016 0.0230675879865885 0.0237453021109104 0.0187248904258013 0.016305873170495 0.0149685414507985 0.0120952697470784 0.0126889003440738 0.0142911002039909 0.0123952096328139 0.0102898525074124 0.0122637832537293 0.0133796092122793 0.014141901396215 0.0156342592090368 0.0174985732883215 0.0198686216026545 0.0228827334940434 0.0259125474840403 0.0299991089850664 0.0337872244417667 0.037884209305048 0.0443758852779865 0.0499487519264221 0.0549665428698063 0.0596859492361546 0.0644826516509056 0.0668148025870323 0.065297357738018 0.0676036477088928 0.0635102167725563
0.165651828050613 0.500821352005005 0.904556334018707 0.992398262023926 0.966993749141693 0.976050317287445 0.678171992301941 0.103207305073738 0.0529036708176136 0.0286826491355896 0.0179710444062948 0.0182534903287888 0.122837483882904 0.0194112360477448 0.0222918353974819 0.0185944568365812 0.0140352845191956 0.0135020632296801 0.013830155134201 0.0110485488548875 0.012715837918222 0.0125195765867829 0.00984916556626558 0.00901212636381388 0.0114890774711967 0.0133258942514658 0.0152477733790874 0.0166913941502571 0.0182240791618824 0.0220485143363476 0.025753166526556 0.0288857463747263 0.0325054787099361 0.037444107234478 0.0427556745707989 0.0484168902039528 0.0513261966407299 0.0556789599359035 0.06454948335886 0.0633576437830925 0.0653472617268562 0.069070003926754 0.0632502362132072
0.0962953120470047 0.073996514081955 0.634356796741486 0.972254693508148 0.999176025390625 0.878545165061951 0.820966064929962 0.124014645814896 0.0805667787790298 0.039525356143713 0.0223455522209406 0.0516312271356583 0.0285225082188845 0.0156547296792269 0.0169864352792501 0.0170264951884747 0.0154277943074703 0.013600854203105 0.0126370964571834 0.009418492205441 0.0108246272429824 0.0114257466048002 0.0107761509716511 0.00940317381173372 0.0113733233883977 0.012292611412704 0.0139351142570376 0.0155138401314616 0.017910722643137 0.0207813046872616 0.023671654984355 0.0270718988031149 0.0313842371106148 0.0355088338255882 0.0385549664497375 0.0441549904644489 0.0485876090824604 0.0534798912703991 0.0589039996266365 0.0609165728092194 0.0641883537173271 0.064196489751339 0.0650575235486031
0.036361999809742 0.0374928303062916 0.41683304309845 0.946532011032104 0.997055947780609 0.94276487827301 0.369145572185516 0.185816586017609 0.145074471831322 0.0453361421823502 0.0258409064263105 0.0248515009880066 0.0148910535499454 0.0204679388552904 0.0175635498017073 0.0155403027310967 0.0142464218661189 0.0123949600383639 0.0122563587501645 0.00923859514296055 0.010191953741014 0.0101659493520856 0.00991599448025227 0.00948038790374994 0.0106531232595444 0.0111534986644983 0.0126224746927619 0.0149839026853442 0.017130583524704 0.019513126462698 0.0216088201850653 0.0262875873595476 0.0281511191278696 0.0322730988264084 0.0368624664843082 0.040412899106741 0.0450010523200035 0.0507066585123539 0.0565936639904976 0.0598731525242329 0.0607807897031307 0.0637323558330536 0.063088171184063
0.0499707013368607 0.0672835558652878 0.275597512722015 0.900997579097748 0.997544646263123 0.994433164596558 0.318833082914352 0.695266664028168 0.480234563350677 0.12673644721508 0.0252964161336422 0.0219504218548536 0.0165631100535393 0.0151268532499671 0.0294724386185408 0.0186351202428341 0.0163051970303059 0.0139733934774995 0.00849000085145235 0.00916790030896664 0.00886148028075695 0.00914531201124191 0.00844816863536835 0.00927665550261736 0.0098009966313839 0.0101671339944005 0.0119056887924671 0.0135475676506758 0.016469469293952 0.018253218382597 0.0211539212614298 0.023321719840169 0.0266747586429119 0.0293431021273136 0.0329018719494343 0.0381301641464233 0.0406911671161652 0.0449549183249474 0.0524341091513634 0.0547482073307037 0.0593470968306065 0.0625747814774513 0.0613559149205685
0.149760827422142 0.385135859251022 0.0775039792060852 0.488655745983124 0.997572839260101 0.999419093132019 0.62862354516983 0.810084939002991 0.187064900994301 0.0820361897349358 0.0308769289404154 0.0209893304854631 0.0181127395480871 0.0139978807419538 0.0162330735474825 0.0116849774494767 0.0248500630259514 0.0124815553426743 0.00707400310784578 0.00814009737223387 0.00768737401813269 0.00819951575249434 0.00626055663451552 0.00763085624203086 0.0087800370529294 0.0103329168632627 0.0118000144138932 0.0130350636318326 0.0153622385114431 0.016542099416256 0.019305557012558 0.0224177055060863 0.0255821663886309 0.0275132823735476 0.0310852900147438 0.0369008034467697 0.0398701354861259 0.0423875339329243 0.0475441478192806 0.0532764494419098 0.0558159425854683 0.0583383813500404 0.0579785443842411
0.0406617820262909 0.254817932844162 0.191292315721512 0.376206040382385 0.996322453022003 0.998533427715302 0.988468706607819 0.771990537643433 0.233782440423965 0.0588252656161785 0.0343725606799126 0.0213164854794741 0.0149789834395051 0.0102468943223357 0.0150603484362364 0.00893306825309992 0.0164959132671356 0.0107702761888504 0.00620945822447538 0.0070235813036561 0.00702025135979056 0.0075107654556632 0.00635488936677575 0.00729419989511371 0.0080591943114996 0.00947370659559965 0.0109516568481922 0.012743747793138 0.0136487856507301 0.0164585988968611 0.0185612514615059 0.0219665952026844 0.0235835760831833 0.0255249571055174 0.0291574131697416 0.0325187146663666 0.0356029979884624 0.0418903455138206 0.0461228601634502 0.0497628413140774 0.0561071299016476 0.0587035268545151 0.0605625510215759
0.0234811175614595 0.104665517807007 0.75260317325592 0.499738097190857 0.978082776069641 0.959382891654968 0.948590517044067 0.345813125371933 0.225623562932014 0.0584160462021828 0.0408579930663109 0.0209711473435163 0.0163922272622585 0.0093581872060895 0.00681927660480142 0.00783656071871519 0.00628637056797743 0.00741281779482961 0.00587645499035716 0.00631533190608025 0.00640039797872305 0.00672504678368568 0.00643486808985472 0.00757582439109683 0.00784049648791552 0.00889639183878899 0.010409789159894 0.0116680162027478 0.01380002964288 0.0156936887651682 0.0173210054636002 0.020042585209012 0.0227937698364258 0.0251000057905912 0.0272952914237976 0.0315761864185333 0.0347035974264145 0.0363477766513824 0.0441742278635502 0.0488747619092464 0.0512691847980022 0.0571675449609756 0.0576354190707207
0.0293813124299049 0.244505167007446 0.960329413414001 0.950763046741486 0.931557536125183 0.908008575439453 0.864104688167572 0.501415967941284 0.160014823079109 0.12825320661068 0.0505888648331165 0.0260499659925699 0.0152617022395134 0.0101921074092388 0.00719586107879877 0.00657119555398822 0.00601343950256705 0.00522583909332752 0.00571453291922808 0.00585920829325914 0.00598697876557708 0.00654375553131104 0.00630207173526287 0.00707013811916113 0.0085179666057229 0.00892977230250835 0.0104388576000929 0.0119679970666766 0.0133850621059537 0.0147681068629026 0.0171483065932989 0.0187202338129282 0.0207911394536495 0.0235385503619909 0.0259669870138168 0.0302930884063244 0.0335050188004971 0.0359212569892406 0.0421903505921364 0.0464641451835632 0.0506596751511097 0.0536968372762203 0.0560989081859589
0.0329767540097237 0.45735839009285 0.872943103313446 0.922779858112335 0.563062012195587 0.620232701301575 0.868983268737793 0.571948707103729 0.476091027259827 0.196511209011078 0.0947012826800346 0.0263605620712042 0.0123432632535696 0.0176165699958801 0.0065458589233458 0.00577272055670619 0.00545952375978231 0.005098981782794 0.00538960704579949 0.00551744969561696 0.00605289312079549 0.00619975291192532 0.00703080231323838 0.00720793288201094 0.00837759021669626 0.00953652150928974 0.0108412690460682 0.0120724830776453 0.0133578116074204 0.0139449900016189 0.0157932937145233 0.0179321113973856 0.0195696633309126 0.0211537592113018 0.0242388769984245 0.0289727095514536 0.0311237201094627 0.0342417173087597 0.0403843224048615 0.0453052967786789 0.0468611754477024 0.0535956211388111 0.0552325546741486
0.0781047940254211 0.841645061969757 0.906788766384125 0.437488943338394 0.30247899889946 0.592235386371613 0.706722259521484 0.797409415245056 0.885243237018585 0.432516425848007 0.0698467716574669 0.0310913641005754 0.01232392154634 0.0214294586330652 0.010398575104773 0.00544628361240029 0.00526771973818541 0.005079235881567 0.00545445131137967 0.00548885483294725 0.00585424900054932 0.00720700947567821 0.00720839994028211 0.00768522685393691 0.00879756361246109 0.0100509021431208 0.0120442770421505 0.0124115142971277 0.0131458304822445 0.014116189442575 0.0154022630304098 0.0177532806992531 0.0180308185517788 0.0192511435598135 0.0228836890310049 0.0276106391102076 0.0302340723574162 0.0320121981203556 0.0394579246640205 0.0444835871458054 0.0458678565919399 0.0506338812410831 0.0541898049414158
0.876152455806732 0.985704004764557 0.95475560426712 0.599061369895935 0.180733576416969 0.505018293857574 0.877732396125793 0.909586250782013 0.509876310825348 0.292837828397751 0.137017622590065 0.0274711325764656 0.0284764692187309 0.0169396735727787 0.00822636019438505 0.005370466504246 0.00515988515689969 0.00512861786410213 0.00519459554925561 0.00581195391714573 0.00863929837942123 0.00987845845520496 0.00778117869049311 0.00885497499257326 0.00968546979129314 0.0109534990042448 0.0117766717448831 0.0129699744284153 0.013741122558713 0.014261681586504 0.0158491339534521 0.0172858089208603 0.0174712054431438 0.0189157705754042 0.0218668133020401 0.0262628458440304 0.0290896743535995 0.0305590890347958 0.0373215563595295 0.0418508350849152 0.0459519736468792 0.0491132587194443 0.0501259192824364
0.909863531589508 0.975863695144653 0.60951828956604 0.258820861577988 0.120694905519485 0.340523988008499 0.925184905529022 0.950277864933014 0.531417429447174 0.392360806465149 0.166706874966621 0.038976363837719 0.0584331303834915 0.0152350571006536 0.00594246760010719 0.00465640192851424 0.00523255718871951 0.00516220787540078 0.0058538899756968 0.00638926681131124 0.0176872499287128 0.0100055951625109 0.00954545941203833 0.0103171858936548 0.0108597707003355 0.0115451728925109 0.0133478799834847 0.013817623257637 0.0142832109704614 0.0158439427614212 0.0164395626634359 0.0185307897627354 0.0184826366603374 0.0192205440253019 0.0205074306577444 0.0260079633444548 0.0284941270947456 0.0323740839958191 0.039041418582201 0.0398541949689388 0.0433331318199635 0.0479403510689735 0.0466747432947159
0.499132424592972 0.947439908981323 0.652995526790619 0.326221376657486 0.0835113227367401 0.188725277781487 0.677294313907623 0.825389623641968 0.484734743833542 0.308711349964142 0.171415269374847 0.0443474762141705 0.070866622030735 0.0135852284729481 0.00688771717250347 0.00579132977873087 0.00599237019196153 0.00588256632909179 0.00682890322059393 0.00765604618936777 0.0222831089049578 0.0134712271392345 0.013903128914535 0.0121187819167972 0.0128313787281513 0.01395293045789 0.0147656630724669 0.0158674772828817 0.0163674987852573 0.0176839902997017 0.0184866450726986 0.0199030563235283 0.0195959601551294 0.0212830454111099 0.0228125117719173 0.0262684803456068 0.0298982225358486 0.0347595997154713 0.039606723934412 0.0396562591195107 0.0419268980622292 0.0456894971430302 0.0449470318853855
0.983925104141235 0.768575072288513 0.345309048891068 0.19592872262001 0.07840745896101 0.169652685523033 0.529249429702759 0.901411354541779 0.536238610744476 0.403605490922928 0.279282599687576 0.0852422490715981 0.0685485601425171 0.0143671128898859 0.0139603037387133 0.0144039131700993 0.00925997085869312 0.00773697672411799 0.00844046287238598 0.0114336982369423 0.030556458979845 0.0260943807661533 0.0204982627183199 0.0179630201309919 0.0159418415278196 0.0169754829257727 0.017732972279191 0.0178534779697657 0.0197989195585251 0.0198735576122999 0.0207146406173706 0.0208704154938459 0.0220333896577358 0.0234014056622982 0.024979293346405 0.0286732446402311 0.029176689684391 0.0375050157308578 0.0366496481001377 0.0387950055301189 0.0410861037671566 0.0425879955291748 0.0463064461946487
0.994799435138702 0.958026885986328 0.91279798746109 0.822999238967896 0.109055377542973 0.128523781895638 0.242244303226471 0.790108561515808 0.433671921491623 0.899230420589447 0.668521344661713 0.237506598234177 0.0389709919691086 0.0131616732105613 0.0109257772564888 0.0708311423659325 0.0431031100451946 0.0127806207165122 0.0147110391408205 0.102273881435394 0.140173673629761 0.0778350681066513 0.0500572398304939 0.0345985889434814 0.0235189702361822 0.0199456531554461 0.0220732409507036 0.0222664549946785 0.0230837669223547 0.0231438223272562 0.0224006492644548 0.0249635614454746 0.0230135060846806 0.0273916143923998 0.0289873499423265 0.0294991247355938 0.0323225073516369 0.0365666747093201 0.0355729348957539 0.0413833819329739 0.0412251465022564 0.0400647111237049 0.0445724874734879
0.970466673374176 0.966182768344879 0.963931977748871 0.783894538879395 0.216216847300529 0.280463963747025 0.188449516892433 0.648503959178925 0.471561372280121 0.920481503009796 0.585099697113037 0.363137900829315 0.137994185090065 0.0231101457029581 0.0153092928230762 0.0232591480016708 0.0558273084461689 0.0257001928985119 0.0165613498538733 0.0439242906868458 0.158339262008667 0.140804529190063 0.0695004239678383 0.0636318773031235 0.0642075389623642 0.0313690826296806 0.0268678031861782 0.0263729058206081 0.0276004038751125 0.0278704259544611 0.0298735145479441 0.0284639988094568 0.0315771214663982 0.0338071398437023 0.0330560803413391 0.0322572700679302 0.0357681587338448 0.0330187901854515 0.0352459847927094 0.0384986214339733 0.0359513238072395 0.0426182001829147 0.0433569513261318
0.644542872905731 0.99095219373703 0.998368978500366 0.98604691028595 0.833645343780518 0.66819429397583 0.350063502788544 0.296943068504333 0.336028635501862 0.881256639957428 0.75268143415451 0.610539197921753 0.084282785654068 0.0260482709854841 0.0187489483505487 0.0385052002966404 0.0498009733855724 0.0838711187243462 0.124949611723423 0.0588627494871616 0.11335451900959 0.207306787371635 0.0865011736750603 0.108443662524223 0.106541678309441 0.100249223411083 0.0571027211844921 0.0417070388793945 0.034267071634531 0.0326927378773689 0.0365401245653629 0.0336765982210636 0.0354112796485424 0.0379179492592812 0.0385825075209141 0.0373833738267422 0.0368424616754055 0.0355154201388359 0.0372026301920414 0.0360794365406036 0.0377027466893196 0.0417423322796822 0.0368951521813869
