data/climate_estimation/maxent_output/Bomarea_macrocephala.asc
NCOLS 97 
NROWS 278 
XLLCORNER -72.3333333333333 
YLLCORNER -35.9166666666667 
CELLSIZE 0.0833333333333333 
NODATA_value -3.4e+38 
[rows 231 to 251 of 278, columns 46 to 91 of 97]
0.0865564122796059 0.0753473490476608 0.117634929716587 0.107717327773571 0.189502209424973 0.20464514195919 0.219381079077721 0.308784395456314 0.311810165643692 0.37068584561348 0.417660266160965 0.491630345582962 0.615580081939697 0.664780914783478 0.633124589920044 0.80088222026825 0.7947598695755 0.711766719818115 0.686862111091614 0.636448681354523 0.585734069347382 0.585470974445343 0.570471286773682 0.508464157581329 0.548192262649536 0.561055541038513 0.47920897603035 0.496359199285507 0.451716005802155 0.413681238889694 0.379396855831146 0.357349336147308 0.393825262784958 0.361346900463104 0.315562903881073 0.324280977249146 0.333893895149231 0.328483611345291 0.344882071018219 0.367665946483612 0.460007131099701 0.499910682439804 0.816812336444855 0.792976319789886 0.600891590118408 0.519162833690643
0.0706895217299461 0.0956989377737045 0.0862006619572639 0.148191094398499 0.176446080207825 0.175740420818329 0.275974720716476 0.285358935594559 0.374310374259949 0.388443857431412 0.464624643325806 0.535090208053589 0.611252188682556 0.581469714641571 0.661317467689514 0.676405191421509 0.83945506811142 0.790694177150726 0.750976204872131 0.69857794046402 0.602823197841644 0.592676997184753 0.50605434179306 0.557151913642883 0.501098930835724 0.533685326576233 0.516492247581482 0.459494262933731 0.448327511548996 0.476022392511368 0.436798632144928 0.424307584762573 0.391632199287415 0.356978535652161 0.36116087436676 0.335904717445374 0.321515619754791 0.377960562705994 0.392587721347809 0.374902844429016 0.415384829044342 0.501867771148682 0.841793894767761 0.782893478870392 0.607213258743286 0.583403170108795
0.0539946630597115 0.0866387262940407 0.114294856786728 0.135975748300552 0.205257728695869 0.20059859752655 0.213746637105942 0.227527841925621 0.395604282617569 0.417955577373505 0.506966412067413 0.474180817604065 0.491170674562454 0.580050468444824 0.690655410289764 0.704903066158295 0.796458065509796 0.720065832138062 0.715597033500671 0.626381039619446 0.562309563159943 0.54975688457489 0.526738584041595 0.51203054189682 0.552731871604919 0.583368957042694 0.572616338729858 0.559046387672424 0.472039610147476 0.43325287103653 0.440788269042969 0.414845913648605 0.439426422119141 0.416914820671082 0.379489213228226 0.324082732200623 0.358800232410431 0.433257758617401 0.418512403964996 0.395384758710861 0.408244282007217 0.466298609972 0.78126060962677 0.758561789989471 0.55193418264389 0.523029267787933
0.0847113952040672 0.124092780053616 0.103503353893757 0.17406652867794 0.166376382112503 0.266991466283798 0.248044207692146 0.284543037414551 0.301225036382675 0.370803117752075 0.426659345626831 0.476245403289795 0.545169711112976 0.639273941516876 0.702209651470184 0.667986690998077 0.679334998130798 0.734743177890778 0.744440317153931 0.715192079544067 0.614144146442413 0.593969106674194 0.581197679042816 0.553026974201202 0.510306477546692 0.565124034881592 0.562915146350861 0.54605108499527 0.50158703327179 0.486739903688431 0.436157912015915 0.42295315861702 0.499936610460281 0.490987539291382 0.466186195611954 0.509756445884705 0.489962309598923 0.445702850818634 0.426122844219208 0.402165800333023 0.418545842170715 0.471892416477203 0.769863367080688 0.765364348888397 0.62492173910141 0.535485982894897
0.0694209486246109 0.103239141404629 0.14885975420475 0.145130008459091 0.207024738192558 0.231254056096077 0.291663616895676 0.340007930994034 0.354229480028152 0.413184255361557 0.401776760816574 0.504561126232147 0.572967350482941 0.683571696281433 0.610925376415253 0.65379524230957 0.660127639770508 0.778814554214478 0.782399237155914 0.667086482048035 0.624155282974243 0.569070756435394 0.525544583797455 0.566003203392029 0.580170273780823 0.592345714569092 0.544666409492493 0.510253667831421 0.487341612577438 0.473355352878571 0.530946016311646 0.619347870349884 0.692932903766632 0.598138034343719 0.549467742443085 0.561631619930267 0.510194480419159 0.422610700130463 0.437125355005264 0.418934732675552 0.426174759864807 0.492647051811218 0.689814567565918 0.781134426593781 0.658784687519073 0.529370784759521
0.0970861688256264 0.139557287096977 0.124214328825474 0.180927187204361 0.194488704204559 0.258365988731384 0.25577774643898 0.269825965166092 0.386122703552246 0.410413831472397 0.441001653671265 0.54237699508667 0.622062802314758 0.556245982646942 0.612277507781982 0.627354502677917 0.70366907119751 0.733532607555389 0.742576122283936 0.687485039234161 0.668225824832916 0.578958988189697 0.581698060035706 0.553702354431152 0.55759733915329 0.56749826669693 0.601062297821045 0.579322814941406 0.541100263595581 0.542659103870392 0.761258184909821 0.748722016811371 0.71845006942749 0.593376219272614 0.602265894412994 0.559520661830902 0.483528405427933 0.467023134231567 0.438764035701752 0.409558415412903 0.418989062309265 0.463624686002731 0.683763980865479 0.765745222568512 0.621549844741821 0.535364627838135
0.119157209992409 0.111775569617748 0.153491035103798 0.229440689086914 0.22386971116066 0.324808180332184 0.311015665531158 0.300866723060608 0.319869339466095 0.341296464204788 0.499005794525146 0.57460755109787 0.478956818580627 0.561851024627686 0.62651652097702 0.68780779838562 0.658945202827454 0.850519239902496 0.748603701591492 0.685161471366882 0.633973717689514 0.571182072162628 0.529851078987122 0.529612421989441 0.564834177494049 0.53658539056778 0.553849816322327 0.581980466842651 0.584505558013916 0.607604920864105 0.808274984359741 0.769444048404694 0.715575098991394 0.615790188312531 0.560759603977203 0.519643783569336 0.536790609359741 0.469675660133362 0.430392056703568 0.400677889585495 0.411482274532318 0.484887570142746 0.657870054244995 0.741741299629211 0.606082320213318 0.527034938335419
0.107628479599953 0.147761285305023 0.211588233709335 0.187266051769257 0.301759481430054 0.246103942394257 0.352265626192093 0.334924459457397 0.327817499637604 0.347507447004318 0.510419130325317 0.46540442109108 0.488274604082108 0.562703430652618 0.683205604553223 0.695502698421478 0.656223773956299 0.803956508636475 0.765320241451263 0.747966170310974 0.720338404178619 0.620643138885498 0.515012681484222 0.614780902862549 0.59113872051239 0.597460746765137 0.576230049133301 0.698811829090118 0.667152941226959 0.815710067749023 0.848667502403259 0.795485377311707 0.688788831233978 0.629320621490479 0.602797269821167 0.57041722536087 0.493748277425766 0.462167888879776 0.393779963254929 0.424283653497696 0.422909498214722 0.496961027383804 0.621771454811096 0.726064145565033 0.597965598106384 0.483850598335266
0.123565211892128 0.152876451611519 0.171501323580742 0.20750817656517 0.302310019731522 0.29324471950531 0.293577134609222 0.383971035480499 0.344543814659119 0.402386128902435 0.425482600927353 0.468023180961609 0.528161704540253 0.635662734508514 0.693245589733124 0.59858238697052 0.664296627044678 0.679452955722809 0.731950402259827 0.690628290176392 0.680098235607147 0.616023302078247 0.589865505695343 0.606025040149689 0.579834938049316 0.592074513435364 0.648502826690674 0.767789542675018 0.808457553386688 0.827060103416443 0.809430599212646 0.758718430995941 0.704098582267761 0.684595108032227 0.598366737365723 0.551375210285187 0.519090712070465 0.468558371067047 0.445200800895691 0.429884642362595 0.45215779542923 0.465812623500824 0.648224651813507 0.687369167804718 0.506786704063416 0.444066852331161
0.159687921404839 0.163530096411705 0.217640295624733 0.284404188394547 0.250510215759277 0.253652274608612 0.273905396461487 0.320854157209396 0.386232107877731 0.382389962673187 0.407583266496658 0.43499681353569 0.522738933563232 0.635589361190796 0.661928594112396 0.611897826194763 0.631600260734558 0.658278703689575 0.676572978496552 0.688712179660797 0.681333959102631 0.646435618400574 0.622191548347473 0.605266153812408 0.619416415691376 0.619423866271973 0.668121099472046 0.876195430755615 0.882474958896637 0.861265480518341 0.800692319869995 0.758740425109863 0.722359836101532 0.630674481391907 0.604018449783325 0.504666805267334 0.480367690324783 0.467230707406998 0.441868662834167 0.433907270431519 0.42696550488472 0.464355766773224 0.650407791137695 0.612787365913391 0.454005300998688 0.399212390184402
0.157954812049866 0.191940829157829 0.229221329092979 0.216535836458206 0.262034863233566 0.257577270269394 0.334010004997253 0.373022586107254 0.321263521909714 0.419863432645798 0.408254772424698 0.452686011791229 0.536434769630432 0.598486542701721 0.576288998126984 0.598970115184784 0.574170887470245 0.630998730659485 0.664058446884155 0.761616230010986 0.681809067726135 0.686349093914032 0.62124502658844 0.618437707424164 0.601381361484528 0.591842472553253 0.688935279846191 0.848111271858215 0.855749666690826 0.82168984413147 0.737256407737732 0.748384892940521 0.722039699554443 0.619531273841858 0.528886735439301 0.495362758636475 0.480631321668625 0.437132060527802 0.430984199047089 0.458934664726257 0.498892813920975 0.502539455890656 0.615354895591736 0.482742577791214 0.378428310155869 0.361899495124817
0.190789356827736 0.253977686166763 0.300816923379898 0.262933433055878 0.322791963815689 0.314707428216934 0.361549913883209 0.351489156484604 0.327947944402695 0.323459565639496 0.360619783401489 0.468949973583221 0.520208775997162 0.472813904285431 0.54320752620697 0.598841369152069 0.55206710100174 0.598143696784973 0.672200918197632 0.77411961555481 0.682243824005127 0.729200005531311 0.633980274200439 0.583250343799591 0.565311789512634 0.60361647605896 0.658646464347839 0.837518632411957 0.826474905014038 0.774237990379333 0.697330296039581 0.691591560840607 0.615130007266998 0.614229321479797 0.521992862224579 0.511479258537292 0.486607313156128 0.464324593544006 0.459068447351456 0.463489860296249 0.45352628827095 0.531868875026703 0.520526885986328 0.472756594419479 0.347251296043396 0.355514049530029
0.280985951423645 0.355454325675964 0.299118548631668 0.328813880681992 0.292943149805069 0.363039761781693 0.328434228897095 0.361033231019974 0.336847305297852 0.308942407369614 0.348984479904175 0.370269417762756 0.376960039138794 0.442218810319901 0.518706738948822 0.583779215812683 0.559534192085266 0.581640541553497 0.598177790641785 0.655473589897156 0.672124624252319 0.637079894542694 0.623686134815216 0.596499860286713 0.591148197650909 0.608393669128418 0.661931753158569 0.852839171886444 0.799502372741699 0.668503642082214 0.605587899684906 0.645962417125702 0.57431024312973 0.555523276329041 0.512400388717651 0.470306605100632 0.499155431985855 0.511926174163818 0.518966495990753 0.482367247343063 0.50408399105072 0.533477485179901 0.491419047117233 0.437518358230591 0.354829847812653 0.311112374067307
0.31761822104454 0.332330405712128 0.322416692972183 0.26976665854454 0.377699732780457 0.287250548601151 0.340252310037613 0.297031074762344 0.329264521598816 0.364319831132889 0.315109461545944 0.332075595855713 0.355667412281036 0.420364171266556 0.536742269992828 0.52889883518219 0.539528071880341 0.564965844154358 0.609069168567657 0.650296330451965 0.673803210258484 0.59022319316864 0.571071088314056 0.519727230072021 0.523579597473145 0.608986675739288 0.655907094478607 0.859226047992706 0.710336625576019 0.645435035228729 0.589703798294067 0.597300291061401 0.541113436222076 0.526234447956085 0.465785026550293 0.474754601716995 0.56661856174469 0.551226615905762 0.483864188194275 0.506124138832092 0.496302723884583 0.504047274589539 0.454289704561234 0.407767802476883 0.374542444944382 0.295034259557724
0.275572836399078 0.298371136188507 0.334288537502289 0.349000066518784 0.283566504716873 0.308767139911652 0.346991151571274 0.275984734296799 0.239934787154198 0.29946380853653 0.299848765134811 0.281546920537949 0.337719053030014 0.387299507856369 0.485112130641937 0.475236505270004 0.561479032039642 0.59778356552124 0.649274468421936 0.611441373825073 0.645119369029999 0.544997215270996 0.547211766242981 0.523537039756775 0.54999303817749 0.566607296466827 0.614700734615326 0.74716979265213 0.642488360404968 0.628019690513611 0.518358647823334 0.514655292034149 0.504609227180481 0.461761206388474 0.434511750936508 0.444471001625061 0.528510332107544 0.538156270980835 0.447899967432022 0.416089862585068 0.41958349943161 0.427956998348236 0.421285837888718 0.379402756690979 0.316133141517639 0.296296626329422
0.284943997859955 0.266212493181229 0.251732140779495 0.301211565732956 0.328852117061615 0.295051515102386 0.257714927196503 0.281654566526413 0.258819192647934 0.28285476565361 0.243280187249184 0.264402657747269 0.284357517957687 0.328377217054367 0.447548002004623 0.485874027013779 0.542261183261871 0.522475361824036 0.612740397453308 0.620786666870117 0.590225100517273 0.536736726760864 0.47708922624588 0.495258837938309 0.565304517745972 0.557910144329071 0.586955845355988 0.630011022090912 0.604822754859924 0.541488409042358 0.503504395484924 0.445037364959717 0.436273455619812 0.422038972377777 0.396692752838135 0.440097630023956 0.443791300058365 0.458561807870865 0.409513741731644 0.38062110543251 0.376450717449188 0.362689644098282 0.346635043621063 0.332504421472549 0.308932214975357 0.288522332906723
0.363786578178406 0.359579175710678 0.360706299543381 0.289329648017883 0.259520769119263 0.281120806932449 0.276637852191925 0.236771762371063 0.259470462799072 0.211044177412987 0.222724393010139 0.21838267147541 0.254246711730957 0.325537145137787 0.42993900179863 0.433905959129333 0.541381776332855 0.552539169788361 0.576176643371582 0.613782525062561 0.530169486999512 0.485279232263565 0.4827721118927 0.507903218269348 0.499342978000641 0.537679135799408 0.547842085361481 0.608206033706665 0.598485827445984 0.530659139156342 0.506397902965546 0.40890645980835 0.428379446268082 0.393601268529892 0.370567321777344 0.393984884023666 0.430171310901642 0.392222940921783 0.375385314226151 0.386557340621948 0.395758211612701 0.342023611068726 0.327930778264999 0.315569311380386 0.289404630661011 0.252337634563446
0.417409032583237 0.39960652589798 0.292928963899612 0.335988581180573 0.316824406385422 0.223712399601936 0.244266480207443 0.243194296956062 0.206191569566727 0.211448729038239 0.211737871170044 0.19987790286541 0.210921317338943 0.281337380409241 0.37227937579155 0.437629133462906 0.524694919586182 0.559874355792999 0.511690378189087 0.54585337638855 0.530431985855103 0.488457649946213 0.427874982357025 0.44971290230751 0.45042210817337 0.493257015943527 0.523550391197205 0.526512145996094 0.578924357891083 0.506795346736908 0.454953610897064 0.415172308683395 0.39116495847702 0.36119532585144 0.312518000602722 0.342942327260971 0.354788511991501 0.3381367623806 0.347239404916763 0.345340520143509 0.335424900054932 0.321234256029129 0.282877177000046 0.274249464273453 0.275538772344589 0.258170485496521
0.4422966837883 0.429710358381271 0.313850104808807 0.321094274520874 0.276937037706375 0.261495441198349 0.233419626951218 0.214155599474907 0.194138139486313 0.21636937558651 0.19867417216301 0.224243879318237 0.266536623239517 0.323540240526199 0.32221320271492 0.453041523694992 0.39749002456665 0.488730877637863 0.530757904052734 0.471503436565399 0.449104964733124 0.431731998920441 0.436645120382309 0.464683711528778 0.475340753793716 0.488805145025253 0.510421216487885 0.523592889308929 0.501857757568359 0.49253436923027 0.454769641160965 0.372729986906052 0.36160409450531 0.332198709249496 0.311762034893036 0.312620043754578 0.303741484880447 0.273096203804016 0.309259593486786 0.342872858047485 0.315402537584305 0.322298586368561 0.300662368535995 0.261678129434586 0.273082047700882 0.236331343650818
0.392664074897766 0.439798444509506 0.295710265636444 0.295730829238892 0.252717077732086 0.221584767103195 0.228439077734947 0.217872977256775 0.22803807258606 0.213417902588844 0.222036391496658 0.217778712511063 0.208783626556396 0.281469404697418 0.348401069641113 0.416050165891647 0.425398975610733 0.422085046768188 0.456022709608078 0.460258007049561 0.461354434490204 0.418075442314148 0.422475814819336 0.382383227348328 0.453080832958221 0.474438160657883 0.509209513664246 0.500716626644135 0.467639148235321 0.472741186618805 0.405687689781189 0.371890038251877 0.345661282539368 0.289689004421234 0.292511701583862 0.261760294437408 0.259530276060104 0.27694508433342 0.296653389930725 0.291931807994843 0.296414077281952 0.284914165735245 0.276301503181458 0.248319923877716 0.27016282081604 0.217313632369041
0.373099744319916 0.37157329916954 0.367331236600876 0.274139702320099 0.251955717802048 0.277865201234818 0.243268206715584 0.202315226197243 0.201930701732635 0.216151043772697 0.205664470791817 0.224247053265572 0.265762031078339 0.284001410007477 0.371486157178879 0.417258143424988 0.421720534563065 0.429425835609436 0.484721630811691 0.451850920915604 0.444518446922302 0.444709181785583 0.412191867828369 0.404683083295822 0.411526381969452 0.462623506784439 0.498707920312881 0.494050294160843 0.456394404172897 0.421386539936066 0.421386539936066 0.383677244186401 0.305189430713654 0.300036132335663 0.280657261610031 0.240965455770493 0.262164890766144 0.278528600931168 0.299618691205978 0.274417877197266 0.281412184238434 0.247203558683395 0.273979067802429 0.259717375040054 0.22930571436882 0.21658593416214
