data/climate_estimation/maxent_output/Bomarea_dulcis.asc
NCOLS 181 
NROWS 558 
XLLCORNER -79.1666666666667 
YLLCORNER -52.0833333333333 
CELLSIZE 0.0833333333333333 
NODATA_value -3.4e+38 
[rows 66 to 87 of 558, columns 50 to 99 of 181]
0.242783531546593 0.101178325712681 0.0666283145546913 0.05650894343853 0.0996153578162193 0.0824570283293724 0.0747810751199722 0.0418993569910526 0.0439846180379391 0.0389731638133526 0.0672512874007225 0.0462075918912888 0.0696952566504478 0.0578852444887161 0.0350763723254204 0.0196272227913141 0.0192922949790955 0.0183462053537369 0.0177959967404604 0.0155303776264191 0.0155020086094737 0.0148914847522974 0.0145151633769274 0.0144845498725772 0.0147804915904999 0.0147792976349592 0.016414899379015 0.0160447843372822 0.0166251603513956 0.0166079644113779 0.0178712084889412 0.0176822151988745 0.0177655164152384 0.0181139335036278 0.0215555112808943 0.0223132930696011 0.021373188123107 0.0216601956635714 0.0217763744294643 0.0222797859460115 0.0214470904320478 0.0218708328902721 0.0223124641925097 0.022434588521719 0.0227634105831385 0.0246479697525501 0.0247753132134676 0.0255817361176014 0.0249617770314217 0.0262115933001041
0.359298467636108 0.175419420003891 0.120084024965763 0.0721571147441864 0.050690408796072 0.0692412555217743 0.0677747428417206 0.0461032651364803 0.0392128862440586 0.0314982533454895 0.054340586066246 0.0367253124713898 0.0324834436178207 0.0343942455947399 0.0378224700689316 0.021517600864172 0.0176522731781006 0.0186908803880215 0.019096028059721 0.0187167637050152 0.017809571698308 0.0149043137207627 0.0155129730701447 0.0155426235869527 0.0154039310291409 0.015101351775229 0.0170130059123039 0.0174533519893885 0.0174533519893885 0.0166269782930613 0.0171789731830359 0.0187487415969372 0.0207459442317486 0.0217708833515644 0.0237314980477095 0.0233212746679783 0.0241245664656162 0.0218369755893946 0.0223550014197826 0.0236177779734135 0.0239767152816057 0.0236905757337809 0.022931257262826 0.0231473855674267 0.0239692106842995 0.0238778479397297 0.0236769318580627 0.0252562034875154 0.0249871909618378 0.0265122465789318
0.797525584697723 0.456981629133224 0.166271552443504 0.0609378106892109 0.0588935948908329 0.0560854859650135 0.0529209040105343 0.0892300084233284 0.0570135004818439 0.035646490752697 0.0662918165326118 0.122438840568066 0.0557482652366161 0.0292223431169987 0.0258886609226465 0.0211856737732887 0.018571887165308 0.0193375796079636 0.0214382689446211 0.0195365250110626 0.0182786919176579 0.0173747260123491 0.0165057666599751 0.0158073585480452 0.0152335660532117 0.0155426235869527 0.0157341454178095 0.0167698487639427 0.0173722915351391 0.0175063908100128 0.0192761477082968 0.0187338870018721 0.0202308055013418 0.0224601272493601 0.0224991962313652 0.0240947976708412 0.0229387506842613 0.0235154908150434 0.0236960202455521 0.0248325988650322 0.0238048024475574 0.0245933923870325 0.0249409172683954 0.0249068140983582 0.0241805836558342 0.0253190454095602 0.0250092372298241 0.0249834805727005 0.0252541489899158 0.0243031121790409
0.935329854488373 0.751837253570557 0.256976991891861 0.159595087170601 0.104375369846821 0.0554040558636189 0.054883249104023 0.10918353497982 0.08554557710886 0.0406598560512066 0.0368467606604099 0.0820402801036835 0.155806645750999 0.091253899037838 0.0741936713457108 0.0320809036493301 0.0236157141625881 0.0196633469313383 0.0213539712131023 0.0212862566113472 0.0193617213517427 0.0183003079146147 0.0172066241502762 0.0161527302116156 0.015737121924758 0.0152283925563097 0.0161764733493328 0.01590296626091 0.0163296293467283 0.0162521824240685 0.0169416200369596 0.0185087490826845 0.0190848615020514 0.0214956142008305 0.021807424724102 0.022726446390152 0.0233207251876593 0.0238315332680941 0.0240678172558546 0.0238354727625847 0.024671146646142 0.0257981009781361 0.0259172562509775 0.024618960916996 0.0273289382457733 0.0263698827475309 0.0260586962103844 0.0277000851929188 0.027214540168643 0.0273384135216475
0.953481197357178 0.881175994873047 0.400236040353775 0.399293273687363 0.219860509037971 0.0858662202954292 0.0527637898921967 0.0824421569705009 0.0854295864701271 0.0389804728329182 0.0280079934746027 0.0353173725306988 0.13015128672123 0.295542389154434 0.273492187261581 0.205476462841034 0.0487032756209373 0.0240694843232632 0.0246140733361244 0.0214587561786175 0.0183590389788151 0.0165552422404289 0.0156488940119743 0.0157884806394577 0.0146343596279621 0.0163517668843269 0.0157852787524462 0.0165920294821262 0.0159812029451132 0.0160646587610245 0.0174313019961119 0.0180569421499968 0.0195829793810844 0.0201098173856735 0.0204966682940722 0.0202136896550655 0.0211762990802526 0.0212438460439444 0.0220584943890572 0.0236113499850035 0.0244639031589031 0.0259543508291245 0.0268617421388626 0.027587816119194 0.0286685880273581 0.0277080293744802 0.0300179924815893 0.0296860635280609 0.0287241153419018 0.0289467945694923
0.954535663127899 0.938276171684265 0.844906747341156 0.832241773605347 0.657469689846039 0.167971402406693 0.0667137280106544 0.0657051280140877 0.0704253986477852 0.0454582460224628 0.0260907635092735 0.0313996002078056 0.0656809657812119 0.179395765066147 0.586367428302765 0.652302443981171 0.143861263990402 0.0596369504928589 0.0274062026292086 0.0211762674152851 0.0174191854894161 0.0166204329580069 0.0147875072434545 0.0157242380082607 0.0159948542714119 0.0157471597194672 0.0152250872924924 0.0160706583410501 0.0156856402754784 0.0162081196904182 0.0172980353236198 0.0183724276721478 0.0182698052376509 0.0195414796471596 0.0198452994227409 0.0193395167589188 0.0200485680252314 0.0214087534695864 0.0220693778246641 0.0226980708539486 0.0236360710114241 0.0243178252130747 0.0251857750117779 0.0312151908874512 0.0320809669792652 0.0309606660157442 0.0306375827640295 0.0330981351435184 0.0319632701575756 0.0331417322158813
0.949277579784393 0.941296696662903 0.921286404132843 0.936349213123322 0.756665945053101 0.313734918832779 0.120030760765076 0.0749730095267296 0.07699304074049 0.0497898012399673 0.0252229105681181 0.0247762314975262 0.0449759960174561 0.0910922586917877 0.3051438331604 0.695020258426666 0.429872661828995 0.14217920601368 0.0566572546958923 0.0230380054563284 0.016811016947031 0.016581567004323 0.0153497001156211 0.0155455730855465 0.0158927738666534 0.0156163051724434 0.0152026759460568 0.0152521831914783 0.0152402613312006 0.0154587421566248 0.0158812701702118 0.0184239819645882 0.0185154210776091 0.0189592838287354 0.0192612558603287 0.0197519659996033 0.0200871080160141 0.0214300602674484 0.0216976683586836 0.0230025108903646 0.0232238546013832 0.0246799513697624 0.026066230610013 0.0309574082493782 0.0317385084927082 0.0316854156553745 0.0321811810135841 0.0320259220898151 0.0328745134174824 0.0338143333792686
0.955129623413086 0.941445827484131 0.769692599773407 0.942385613918304 0.883356153964996 0.439523190259933 0.162388429045677 0.0935128480195999 0.0624016933143139 0.0476722568273544 0.0283342096954584 0.0249419324100018 0.0273443851619959 0.0471784695982933 0.0949792936444283 0.423078387975693 0.486524432897568 0.181122079491615 0.0652043148875237 0.0276924055069685 0.019195556640625 0.0154899759218097 0.0157112460583448 0.0155775817111135 0.0152595425024629 0.0148556726053357 0.0162922888994217 0.0162861626595259 0.0159432701766491 0.0161801222711802 0.0170324388891459 0.01810516230762 0.0182610042393208 0.0185040701180696 0.0195365715771914 0.0202213488519192 0.0212840754538774 0.0218700394034386 0.0239165592938662 0.0236979387700558 0.0240010172128677 0.0261557903140783 0.0280065070837736 0.0294836945831776 0.0327846482396126 0.0334662608802319 0.0329484976828098 0.0345896296203136 0.0341927893459797 0.0356524065136909
0.953239917755127 0.879611909389496 0.669269979000092 0.629898905754089 0.916297316551208 0.710164129734039 0.28885492682457 0.145273640751839 0.0874893441796303 0.0533001534640789 0.0320927239954472 0.0259053930640221 0.0223258920013905 0.0288428906351328 0.0647634193301201 0.127335026860237 0.441582679748535 0.283402860164642 0.0616590864956379 0.0330915451049805 0.0182615574449301 0.0166292060166597 0.0159021690487862 0.0162360817193985 0.0153330527245998 0.0143063943833113 0.0152105987071991 0.0155678642913699 0.0168430171906948 0.0169797968119383 0.0174029711633921 0.0176808312535286 0.0179357025772333 0.0179851315915585 0.0195588488131762 0.020204858854413 0.0212223194539547 0.0226277504116297 0.0220078527927399 0.023524722084403 0.0236830525100231 0.024722907692194 0.0259877759963274 0.0271183140575886 0.0292917247861624 0.0329811088740826 0.0351190604269505 0.0356865525245667 0.0376607812941074 0.0370349287986755
0.941858947277069 0.95490300655365 0.881748735904694 0.395630121231079 0.812386155128479 0.915624439716339 0.667605698108673 0.279714524745941 0.110706925392151 0.050203301012516 0.0376292839646339 0.0246007237583399 0.0227969866245985 0.0234945807605982 0.0457228757441044 0.117343850433826 0.183812335133553 0.205139622092247 0.116255760192871 0.034087747335434 0.0194962434470654 0.0152930673211813 0.0174633879214525 0.0160006564110518 0.0148418555036187 0.0148209100589156 0.0151757979765534 0.0186391454190016 0.0194126702845097 0.017560014501214 0.0174850206822157 0.019024807959795 0.0202890690416098 0.0204412825405598 0.0198081489652395 0.0206885281950235 0.0207554418593645 0.0216809324920177 0.0239180270582438 0.0254933591932058 0.0259803831577301 0.0275080632418394 0.0269112233072519 0.0274537988007069 0.0303022377192974 0.0318944491446018 0.0350795611739159 0.0349696055054665 0.0366419181227684 0.0383762940764427
0.941945850849152 0.925292730331421 0.944848597049713 0.550872981548309 0.281147390604019 0.438838541507721 0.718567132949829 0.753746628761292 0.133156508207321 0.059314887970686 0.0383125320076942 0.0223494898527861 0.0211137719452381 0.0253016818314791 0.0381144620478153 0.0555622838437557 0.0991452410817146 0.130758121609688 0.337953895330429 0.0672418624162674 0.0234446693211794 0.0158361047506332 0.0165024884045124 0.0166050847619772 0.0152126979082823 0.0152537627145648 0.0151975611224771 0.0172349829226732 0.0263425540179014 0.0426284819841385 0.0400533340871334 0.0292814150452614 0.0336996801197529 0.0259537342935801 0.0244095716625452 0.0233950037509203 0.0262452512979507 0.0241642948240042 0.0256763100624084 0.0264005027711391 0.0272184666246176 0.0282204281538725 0.027486702427268 0.0275686252862215 0.0279462561011314 0.0318303219974041 0.035126619040966 0.039074819535017 0.0385555811226368 0.038632582873106
0.938988268375397 0.679062902927399 0.529035806655884 0.326558113098145 0.486818671226501 0.417527616024017 0.180687993764877 0.539534389972687 0.465811312198639 0.158241346478462 0.0403032191097736 0.0235060788691044 0.0306929145008326 0.0497001372277737 0.0669046714901924 0.0756709352135658 0.109171263873577 0.187393069267273 0.292470663785934 0.138047143816948 0.0323840603232384 0.0169264674186707 0.0155511107295752 0.0167987793684006 0.017114145681262 0.0142191359773278 0.0153763368725777 0.0234852433204651 0.0346106998622417 0.0409607924520969 0.0489379800856113 0.0434972755610943 0.0525824800133705 0.0398640148341656 0.0604789331555367 0.053949985653162 0.0389344580471516 0.0316010825335979 0.02659054659307 0.0304087083786726 0.0306643340736628 0.0285456366837025 0.0298486556857824 0.0302732735872269 0.0306620951741934 0.032203521579504 0.0339514836668968 0.0390431210398674 0.0403952561318874 0.0401294566690922
0.952756583690643 0.925190210342407 0.851785004138947 0.379866242408752 0.781579673290253 0.480194091796875 0.247577428817749 0.133263275027275 0.312437444925308 0.0913771316409111 0.0321762748062611 0.0255825705826283 0.0336916148662567 0.0460568964481354 0.105499319732189 0.130492985248566 0.282005369663239 0.268822491168976 0.319670706987381 0.235486254096031 0.0536681190133095 0.0222503393888474 0.016508424654603 0.0154123865067959 0.0151543505489826 0.0144306914880872 0.0141774732619524 0.0162271540611982 0.0296493768692017 0.0511510595679283 0.089774377644062 0.0827165693044662 0.0496175922453403 0.0863821282982826 0.0641797184944153 0.0582271069288254 0.076627716422081 0.0445125550031662 0.0303134005516768 0.0329353511333466 0.0331634171307087 0.0332477353513241 0.0330703072249889 0.0347191244363785 0.0347169041633606 0.0350727587938309 0.0356142297387123 0.0391653068363667 0.0432175733149052 0.0460100024938583
0.868948817253113 0.938776791095734 0.892872750759125 0.535151422023773 0.942005813121796 0.829808950424194 0.681463718414307 0.14285059273243 0.101679876446724 0.0735921189188957 0.0400645434856415 0.0252403635531664 0.0330009274184704 0.0339189097285271 0.144010171294212 0.139301121234894 0.382850676774979 0.528131484985352 0.405425846576691 0.168611362576485 0.0421979427337646 0.0523400343954563 0.0253242943435907 0.0205073151737452 0.0213118195533752 0.0181867070496082 0.0173007789999247 0.0220929346978664 0.0265825558453798 0.0385668724775314 0.0457331016659737 0.0717198476195335 0.0697691738605499 0.147034183144569 0.156833842396736 0.129953473806381 0.0697230771183968 0.0716015323996544 0.0462418124079704 0.0380957163870335 0.0355883426964283 0.0364184826612473 0.0403967648744583 0.0361830331385136 0.0358101390302181 0.0369455404579639 0.0371951833367348 0.0373111329972744 0.0392988175153732 0.0431012064218521
0.903016805648804 0.714558005332947 0.483925074338913 0.357416778802872 0.841936111450195 0.946329891681671 0.923505187034607 0.683939278125763 0.20673006772995 0.065294548869133 0.0539924800395966 0.0292199365794659 0.0250839535146952 0.0464239493012428 0.144756630063057 0.591371417045593 0.722657263278961 0.538550317287445 0.136325389146805 0.0665962398052216 0.10573161393404 0.0880036428570747 0.0390568301081657 0.025355152785778 0.0177922677248716 0.0155667150393128 0.02030398696661 0.0290693491697311 0.051192294806242 0.0613556504249573 0.0899193286895752 0.175692707300186 0.345939815044403 0.288170248270035 0.201771840453148 0.289035141468048 0.153755813837051 0.082041397690773 0.0572959184646606 0.0749195516109467 0.0534878969192505 0.0397303737699986 0.0346233546733856 0.0364915654063225 0.0386971421539783 0.0394165590405464 0.0414279028773308 0.0411372482776642 0.042746264487505 0.0428822189569473
0.950436890125275 0.925275146961212 0.920179963111877 0.81050318479538 0.470092386007309 0.657609343528748 0.943460464477539 0.928563416004181 0.512871623039246 0.121266104280949 0.0797409787774086 0.0528677180409431 0.0268226098269224 0.0378927029669285 0.295076072216034 0.655554533004761 0.872138738632202 0.773476183414459 0.240132480859756 0.203682720661163 0.126399755477905 0.0333669036626816 0.0491828732192516 0.0375339761376381 0.0220890697091818 0.0175238437950611 0.0187358483672142 0.0218984596431255 0.0317962430417538 0.0611744709312916 0.125125348567963 0.235931620001793 0.384935081005096 0.691370606422424 0.48692911863327 0.797915160655975 0.55793684720993 0.124640762805939 0.116349965333939 0.123761877417564 0.115095838904381 0.0798779055476189 0.0440381728112698 0.042285580188036 0.0419723577797413 0.0388301052153111 0.0414464995265007 0.0434776395559311 0.0456420741975307 0.0519542619585991
0.951005101203918 0.946484565734863 0.883266687393188 0.921902537345886 0.923686146736145 0.813612401485443 0.756868660449982 0.830249607563019 0.442760646343231 0.741125106811523 0.421615302562714 0.060155063867569 0.0375432260334492 0.0253731217235327 0.0581914260983467 0.196979746222496 0.739938378334045 0.894354939460754 0.827301621437073 0.174070686101913 0.0368866175413132 0.0947435647249222 0.0523070842027664 0.0226469505578279 0.01868586987257 0.0197027083486319 0.0266233906149864 0.048689991235733 0.0859367102384567 0.122548118233681 0.0702930018305779 0.0856639519333839 0.115601263940334 0.657431423664093 0.846162378787994 0.764824330806732 0.358493089675903 0.186088427901268 0.103415049612522 0.13957180082798 0.12884084880352 0.114642485976219 0.0962382256984711 0.0516248755156994 0.0420993603765965 0.0445026531815529 0.0459774099290371 0.0500192530453205 0.0535581260919571 0.0535021498799324
0.889139890670776 0.901302576065063 0.956759452819824 0.831786453723907 0.954391062259674 0.886587738990784 0.936242938041687 0.761445462703705 0.902366578578949 0.937928318977356 0.55908328294754 0.496593534946442 0.0666107162833214 0.0322287417948246 0.0322417207062244 0.17796602845192 0.750779449939728 0.56466943025589 0.608863115310669 0.219094887375832 0.0548678040504456 0.0431307405233383 0.0303064752370119 0.0213880185037851 0.0409769900143147 0.0432415492832661 0.0577596165239811 0.0343279726803303 0.0641405060887337 0.11511804163456 0.284766644239426 0.446959048509598 0.312229990959167 0.203501597046852 0.801072657108307 0.851352155208588 0.500123500823975 0.188561171293259 0.132960468530655 0.0887992978096008 0.118820898234844 0.0968474224209785 0.0685901045799255 0.0936926975846291 0.052357092499733 0.0498672984540462 0.0546695552766323 0.0583182126283646 0.0603087320923805 0.0625040382146835
0.954408228397369 0.950380265712738 0.962483286857605 0.93449878692627 0.867370784282684 0.951700389385223 0.95490288734436 0.817306518554688 0.903886497020721 0.953216671943665 0.939087927341461 0.890464305877686 0.467879861593246 0.0487897992134094 0.0269595477730036 0.0327234864234924 0.299641996622086 0.749139010906219 0.20839224755764 0.0551278628408909 0.0352738872170448 0.0213740263134241 0.0229651983827353 0.0211202763020992 0.0224490445107222 0.0256574470549822 0.0222724732011557 0.0272678695619106 0.0361533388495445 0.0347512066364288 0.0526579767465591 0.0531983561813831 0.249288514256477 0.48804047703743 0.185044929385185 0.641534149646759 0.800505340099335 0.238686829805374 0.24017445743084 0.115700095891953 0.0925954878330231 0.114092379808426 0.0672461614012718 0.0543304346501827 0.0743865594267845 0.0506853424012661 0.0524231195449829 0.0586788207292557 0.0618143677711487 0.0615455806255341
0.965945601463318 0.950628638267517 0.959828674793243 0.957868933677673 0.922464847564697 0.803732097148895 0.938293278217316 0.832862913608551 0.834328591823578 0.961485862731934 0.942468285560608 0.933740854263306 0.473806232213974 0.106364190578461 0.0421879850327969 0.0259351395070553 0.0458219721913338 0.408991783857346 0.147323817014694 0.0383605733513832 0.0337510220706463 0.0400064140558243 0.0291287638247013 0.0405267961323261 0.0399086102843285 0.0695693120360374 0.0924803763628006 0.124727480113506 0.226923003792763 0.0350574366748333 0.177390530705452 0.0723601505160332 0.0962640792131424 0.190586537122726 0.648252844810486 0.373954683542252 0.873114049434662 0.798592448234558 0.217211112380028 0.136124521493912 0.0905327275395393 0.0825353115797043 0.0823371037840843 0.0573742166161537 0.0588630847632885 0.0660400912165642 0.064290814101696 0.0678762868046761 0.0723014920949936 0.0732484385371208
0.961125791072845 0.955256342887878 0.95798647403717 0.939034461975098 0.941111147403717 0.876435458660126 0.746479451656342 0.530035018920898 0.69469153881073 0.949553608894348 0.958729922771454 0.895541727542877 0.871653974056244 0.758551776409149 0.322097510099411 0.0884030014276505 0.0271009616553783 0.0762676596641541 0.109159670770168 0.0558824874460697 0.0494065955281258 0.078290581703186 0.0491540022194386 0.193149760365486 0.150391459465027 0.147643476724625 0.284165054559708 0.130768224596977 0.0465869903564453 0.192646667361259 0.248327910900116 0.389795303344727 0.42048305273056 0.38839715719223 0.612296342849731 0.861995458602905 0.551905333995819 0.776655316352844 0.193432554602623 0.16571880877018 0.105514980852604 0.0945352017879486 0.0931796655058861 0.0624169297516346 0.089645691215992 0.071744978427887 0.0697388201951981 0.0716809630393982 0.0824772492051125 0.0842648074030876
0.964701473712921 0.966189503669739 0.960569143295288 0.944091320037842 0.925247490406036 0.879252731800079 0.917939364910126 0.604767322540283 0.541773796081543 0.957020699977875 0.964419066905975 0.945881366729736 0.948467612266541 0.954696178436279 0.940093100070953 0.750302910804749 0.0418159030377865 0.0339714847505093 0.0952453017234802 0.0881218612194061 0.276075065135956 0.0949286445975304 0.0980222821235657 0.17502236366272 0.65443354845047 0.598027110099792 0.233771920204163 0.0426884442567825 0.29003432393074 0.692567050457001 0.161981329321861 0.497965157032013 0.821786344051361 0.865591526031494 0.418966054916382 0.933327436447144 0.791099190711975 0.773102223873138 0.511546850204468 0.495763659477234 0.149655759334564 0.0983346402645111 0.081141009926796 0.0719982534646988 0.105454914271832 0.0988348573446274 0.119801580905914 0.122230492532253 0.102784425020218 0.0905281528830528
