data/climate_estimation/maxent_output/Bomarea_patacocensis.asc
NCOLS 20 
NROWS 37 
XLLCORNER -79.1666666666667 
YLLCORNER -1.5 
CELLSIZE 0.0833333333333336 
NODATA_value -3.4e+38 
-339999999999999996123846586046231871488.000000000000000 0.00314943958073854 0.00341950729489326 0.00343525200150907 0.0040750945918262 0.00361818005330861 0.00422114785760641 0.00686848629266024 0.0104465438053012 0.0168783962726593 0.0241452753543854 0.0304604079574347 0.0431867092847824 0.0474748946726322 0.0490787513554096 0.0499084815382957 0.0644335597753525 0.0449752919375896 0.459491789340973 0.34823551774025
-3.4e+38 -3.4e+38 -3.4e+38 0.00293621607124805 0.00277904514223337 0.00348753202706575 0.00376140070147812 0.00726148020476103 0.0142347700893879 0.0280742514878511 0.0444108061492443 0.0680865347385406 0.0934068262577057 0.0637225657701492 0.101940363645554 0.081417128443718 0.0855823680758476 0.0547764152288437 0.440500736236572 0.0758758634328842
-3.4e+38 -3.4e+38 0.00255510187707841 0.00240434985607862 0.00260643940418959 0.0029577212408185 0.00492058414965868 0.00666042510420084 0.0126478737220168 0.0236594881862402 0.0555460676550865 0.0985883548855782 0.183469191193581 0.170391336083412 0.167012602090836 0.144673496484756 0.11557012796402 0.102972336113453 0.476739943027496 0.0862986296415329
-3.4e+38 0.00260326568968594 0.00245623826049268 0.00210177898406982 0.00243627722375095 0.00410491973161697 0.00610152026638389 0.00856905616819859 0.0125840175896883 0.0233763735741377 0.0720919817686081 0.158783853054047 0.214559555053711 0.162541553378105 0.182372406125069 0.141881674528122 0.148341074585915 0.467117846012115 0.413154363632202 0.239783957600594
0.0022359627764672 0.00220438721589744 0.00222817971371114 0.00213243719190359 0.00218846439383924 0.00404710555449128 0.00794874504208565 0.0115135554224253 0.0213372521102428 0.0356191247701645 0.047546312212944 0.128117635846138 0.221928879618645 0.190659701824188 0.189649730920792 0.340310126543045 0.739238142967224 0.769221127033234 0.723018765449524 0.66787850856781
0.00207311217673123 0.00238490616902709 0.00221702316775918 0.00234083249233663 0.00263919471763074 0.00392919685691595 0.00721216155216098 0.018266037106514 0.0219064056873322 0.0424109324812889 0.0977486371994019 0.156110599637032 0.171578511595726 0.168689757585526 0.259790569543839 0.644358098506927 0.767559170722961 0.81803560256958 0.679855644702911 0.54553484916687
0.00221004919148982 0.00213588215410709 0.0023520328104496 0.00240392028354108 0.00332921836525202 0.00500130886211991 0.00988704152405262 0.0245333611965179 0.0359478928148746 0.076549343764782 0.124583356082439 0.153110653162003 0.163190871477127 0.214664414525032 0.459262281656265 0.670804738998413 0.659712076187134 0.613482177257538 0.516300737857819 0.489493072032928
0.00227908929809928 0.00247458158992231 0.003240812337026 0.00354359112679958 0.00432980200275779 0.00619045831263065 0.0122890546917915 0.0299595315009356 0.0704702213406563 0.0963422805070877 0.132976070046425 0.128516972064972 0.206790432333946 0.670729100704193 0.79032951593399 0.898518562316895 0.680452227592468 0.46486696600914 0.61004102230072 0.587106645107269
0.00195995345711708 0.00251564919017255 0.00294372695498168 0.00355137162841856 0.00437904102727771 0.00821484625339508 0.0212587434798479 0.0398611463606358 0.0451287813484669 0.0951007455587387 0.184428200125694 0.387847155332565 0.383102715015411 0.570141315460205 0.850486576557159 0.855251431465149 0.457993805408478 0.414125800132751 0.387224555015564 0.467731237411499
0.00201968941837549 0.00223266915418208 0.00262660067528486 0.00287606613710523 0.00505698844790459 0.0143276648595929 0.0431775264441967 0.115464545786381 0.0610468611121178 0.0591634847223759 0.085222914814949 0.193491831421852 0.545824289321899 0.7424476146698 0.968348324298859 0.772092223167419 0.392638266086578 0.308922678232193 0.349488615989685 0.542028248310089
0.001916087348945 0.00207581208087504 0.00197140662930906 0.00271385279484093 0.00499027781188488 0.0120608061552048 0.0555381812155247 0.111007794737816 0.106331251561642 0.161427214741707 0.339066714048386 0.140344768762589 0.516094386577606 0.875750064849854 0.936064302921295 0.912899732589722 0.718049108982086 0.5187868475914 0.599719226360321 0.569356799125671
0.00193527794908732 0.00170588970649987 0.00286844954825938 0.0054041869007051 0.00992776453495026 0.0174816213548183 0.0456006824970245 0.141271784901619 0.418394237756729 0.764123320579529 0.722105622291565 0.516179621219635 0.273443698883057 0.699210226535797 0.483663588762283 0.635361850261688 0.292333602905273 0.514990091323853 0.63679975271225 0.525706052780151
0.00204477948136628 0.00300869229249656 0.00682118721306324 0.0228511095046997 0.0828078389167786 0.0462979339063168 0.126504942774773 0.596446633338928 0.948460698127747 0.973735272884369 0.949247419834137 0.778077065944672 0.272858738899231 0.594697296619415 0.41484346985817 0.346181213855743 0.320380508899689 0.679779052734375 0.709380924701691 0.572315990924835
0.00163913948927075 0.00297255720943213 0.0120513094589114 0.169450730085373 0.352389007806778 0.183993697166443 0.680980384349823 0.686891734600067 0.946464478969574 0.971748888492584 0.923168361186981 0.698571503162384 0.239942520856857 0.257248312234879 0.377148598432541 0.498362898826599 0.759458065032959 0.525319874286652 0.460529834032059 0.502464890480042
0.00122154341079295 0.00261244573630393 0.0265415832400322 0.161755234003067 0.472697287797928 0.560159802436829 0.841703355312347 0.336559891700745 0.602021098136902 0.968593001365662 0.910505414009094 0.584929347038269 0.505770802497864 0.555493175983429 0.521257281303406 0.637842833995819 0.715027213096619 0.599852561950684 0.56554502248764 0.431111037731171
0.00137074827216566 0.00207042670808733 0.00847415532916784 0.0540177524089813 0.0918100848793983 0.183345690369606 0.256144106388092 0.334156036376953 0.903735458850861 0.947658836841583 0.841325700283051 0.796547770500183 0.710170805454254 0.74021852016449 0.586133241653442 0.714918732643127 0.686905026435852 0.552626430988312 0.424077868461609 0.29633766412735
0.00164575956296176 0.00231081014499068 0.00404648622497916 0.0104738082736731 0.034295916557312 0.0499794892966747 0.092153936624527 0.328317493200302 0.921253561973572 0.885837078094482 0.905755579471588 0.832077622413635 0.736742794513702 0.892615139484406 0.857222199440002 0.783435225486755 0.574215650558472 0.472864001989365 0.281288921833038 0.119824767112732
0.00165417371317744 0.00404001260176301 0.00698937010020018 0.035088337957859 0.168306350708008 0.144624918699265 0.176846891641617 0.367207467556 0.475042849779129 0.69157612323761 0.923891067504883 0.87273246049881 0.754939019680023 0.833117008209229 0.857463777065277 0.79973441362381 0.655622899532318 0.402358025312424 0.304628700017929 0.149740025401115
0.00219108047895133 0.00501596229150891 0.0129680978134274 0.034951739013195 0.183371901512146 0.336507648229599 0.570708453655243 0.836473941802979 0.761797785758972 0.663039445877075 0.851510345935822 0.827564775943756 0.754168927669525 0.949528098106384 0.933924078941345 0.746419787406921 0.515908896923065 0.358674615621567 0.230302691459656 0.16714733839035
0.0022335743997246 0.00482735270634294 0.0132615650072694 0.114996179938316 0.168035507202148 0.457890897989273 0.769108593463898 0.953567087650299 0.845952689647675 0.42723548412323 0.60957133769989 0.939243733882904 0.883399665355682 0.844384491443634 0.766485929489136 0.691489815711975 0.358853101730347 0.395799160003662 0.190044030547142 0.146153599023819
0.002143571153283 0.00365147716365755 0.00874194223433733 0.147435590624809 0.391941517591476 0.610829710960388 0.976942598819733 0.981344819068909 0.65450245141983 0.317777872085571 0.753165304660797 0.949501693248749 0.884374856948853 0.792367041110992 0.670775830745697 0.536488592624664 0.350414663553238 0.21067388355732 0.15996789932251 0.114259444177151
0.0025727937463671 0.00755812088027596 0.014728314243257 0.100749239325523 0.554821133613586 0.728274047374725 0.969433665275574 0.966575860977173 0.5498046875 0.323784738779068 0.905831158161163 0.947859942913055 0.858926713466644 0.734727680683136 0.567633748054504 0.474328607320786 0.250419735908508 0.152807995676994 0.117022253572941 0.0961882770061493
0.00328510091640055 0.0150540973991156 0.0544053539633751 0.211241200566292 0.544502139091492 0.824738323688507 0.977226316928864 0.896677613258362 0.470525711774826 0.606505274772644 0.909817814826965 0.916813135147095 0.851182579994202 0.705224990844727 0.446573108434677 0.36527681350708 0.160489320755005 0.133311167359352 0.109035074710846 0.0862500369548798
0.0142248924821615 0.100696392357349 0.155645996332169 0.205436989665031 0.433537811040878 0.829046308994293 0.973018169403076 0.901974737644196 0.675113320350647 0.81258088350296 0.913602352142334 0.920594811439514 0.749795854091644 0.617590188980103 0.387135356664658 0.269914358854294 0.123274080455303 0.151844829320908 0.115615896880627 0.0691923722624779
0.154306963086128 0.626468300819397 0.364619702100754 0.495245158672333 0.554241895675659 0.738498389720917 0.947006285190582 0.919423639774323 0.907670795917511 0.8922398686409 0.844527125358582 0.872549474239349 0.920229136943817 0.541257798671722 0.338507115840912 0.15401990711689 0.132989332079887 0.147684901952744 0.084477461874485 0.0594975352287292
0.0275527145713568 0.521983742713928 0.698249936103821 0.777077496051788 0.685598850250244 0.938868165016174 0.941497385501862 0.940764546394348 0.889850497245789 0.746522486209869 0.786867260932922 0.808444559574127 0.83306497335434 0.595302283763885 0.321669489145279 0.111590966582298 0.14838533103466 0.0855618715286255 0.0820061862468719 0.0496650822460651
0.030857790261507 0.726520776748657 0.768854141235352 0.788510620594025 0.884356617927551 0.93458080291748 0.96987783908844 0.885905861854553 0.621562421321869 0.614109337329865 0.74650377035141 0.784442961215973 0.780218541622162 0.487877875566483 0.228856146335602 0.0752767473459244 0.0693764388561249 0.0601332746446133 0.0541487261652946 0.0453016348183155
0.00989381689578295 0.222649246454239 0.905172288417816 0.766220033168793 0.906360149383545 0.898422718048096 0.737936437129974 0.759735941886902 0.748329997062683 0.666890978813171 0.751146554946899 0.739405691623688 0.5576052069664 0.278998494148254 0.144978567957878 0.0724409148097038 0.0605483241379261 0.0477557219564915 0.046851959079504 0.0310490652918816
0.0126309711486101 0.699587345123291 0.827745676040649 0.809256494045258 0.92131894826889 0.625795066356659 0.379869520664215 0.480736017227173 0.641720175743103 0.628131747245789 0.705166101455688 0.744294464588165 0.342443615198135 0.0982816070318222 0.065718412399292 0.0672893896698952 0.0300829373300076 0.028661921620369 0.0252113211899996 0.0232782457023859
0.0115966964513063 0.63114470243454 0.889784693717957 0.836448550224304 0.843770802021027 0.504870235919952 0.201149642467499 0.399434298276901 0.577689588069916 0.649974584579468 0.725269794464111 0.493693709373474 0.167074546217918 0.0848943293094635 0.0545219779014587 0.0412993207573891 0.017767645418644 0.0185857079923153 0.0213091000914574 0.0242282245308161
0.040988974273205 0.6927370429039 0.867208480834961 0.838373243808746 0.772397220134735 0.294253647327423 0.109039895236492 0.337181895971298 0.66354113817215 0.707087635993958 0.5001460313797 0.220433428883553 0.118967548012733 0.066325418651104 0.0498063080012798 0.0224326644092798 0.0113570969551802 0.014843569137156 0.0156399048864841 0.00819804798811674
0.195820569992065 0.73012900352478 0.783453822135925 0.913491129875183 0.797790229320526 0.244228348135948 0.086311936378479 0.15183687210083 0.438875585794449 0.684402287006378 0.477354884147644 0.102686002850533 0.0684032887220383 0.0606887191534042 0.0395135805010796 0.0147093078121543 0.0102763678878546 0.009149762801826 0.00672043487429619 0.00576538033783436
0.0796210393309593 0.634837746620178 0.499217063188553 0.748460114002228 0.835659027099609 0.570158898830414 0.15795835852623 0.112451076507568 0.568658769130707 0.650043189525604 0.289695650339127 0.1444431245327 0.0332911051809788 0.0331330895423889 0.0305430050939322 0.0135846622288227 0.0100782103836536 0.0072696846909821 0.00604811869561672 0.00668204762041569
0.240556314587593 0.541052162647247 0.470137000083923 0.829089462757111 0.706622362136841 0.420694649219513 0.0758409351110458 0.0499182641506195 0.433021128177643 0.64493054151535 0.292618542909622 0.0722673535346985 0.0148476818576455 0.0361027084290981 0.028635423630476 0.0169447362422943 0.0145742585882545 0.00917579047381878 0.00725866621360183 0.00710833305492997
0.348080933094025 0.587010264396667 0.611831963062286 0.81077516078949 0.440097332000732 0.171472281217575 0.0664262250065804 0.0377618968486786 0.0875212773680687 0.0800449624657631 0.107023023068905 0.0160456113517284 0.0157946459949017 0.0384651310741901 0.0292363557964563 0.0253404974937439 0.0219857208430767 0.0122311171144247 0.00784753635525703 0.00522364815697074
0.470418989658356 0.724916636943817 0.941273510456085 0.862527132034302 0.836688995361328 0.625151693820953 0.120232984423637 0.072215773165226 0.0326616615056992 0.0342261604964733 0.0227907914668322 0.0387168899178505 0.0189184788614511 0.0429401472210884 0.0379980988800526 0.0323842205107212 0.0300840623676777 0.0230584032833576 0.00984599627554417 0.00925069581717253
0.399977296590805 0.652383387088776 0.859185874462128 0.92915666103363 0.943627178668976 0.651369333267212 0.49170109629631 0.144451498985291 0.183363720774651 0.0883586853742599 0.026788430288434 0.0377984717488289 0.0482146963477135 0.0473139733076096 0.0368583872914314 0.0316462628543377 0.0284563060849905 0.0131244072690606 0.0108433403074741 0.00785852037370205
