data/climate_estimation/maxent_output/Bomarea_macrocephala.asc
NCOLS 97 
NROWS 278 
XLLCORNER -72.3333333333333 
YLLCORNER -35.9166666666667 
CELLSIZE 0.0833333333333333 
NODATA_value -3.4e+38 
[rows 63 to 83 of 278, columns 46 to 91 of 97]
0.583975434303284 0.589553713798523 0.673985481262207 0.692618012428284 0.814153611660004 0.87239283323288 0.882798850536346 0.930583477020264 0.834137499332428 0.761676430702209 0.971583902835846 0.982933759689331 0.983804285526276 0.991433322429657 0.994498729705811 0.998366713523865 0.997927486896515 0.997018396854401 0.966313421726227 0.736255168914795 0.77939373254776 0.85025954246521 0.855362236499786 0.792858719825745 0.73756343126297 0.70245760679245 0.638994097709656 0.594392240047455 0.487421721220016 0.341781914234161 0.169832691550255 0.230071023106575 0.0848982408642769 0.0911041498184204 0.147079735994339 0.106301456689835 0.136285483837128 0.181395977735519 0.266274839639664 0.304071962833405 0.362016886472702 0.427288234233856 0.419056355953217 0.577889978885651 0.435648024082184 0.456471621990204
0.38663524389267 0.333700835704803 0.503327429294586 0.765191793441772 0.820863544940948 0.864592432975769 0.884566187858582 0.89443051815033 0.891128718852997 0.77443265914917 0.941635727882385 0.976372957229614 0.984396934509277 0.986404061317444 0.993193387985229 0.998057842254639 0.997019708156586 0.996176958084106 0.946391582489014 0.812108814716339 0.727276086807251 0.830347895622253 0.830819845199585 0.816035330295563 0.737058997154236 0.727948367595673 0.694298624992371 0.665474474430084 0.395613104104996 0.343020379543304 0.47328519821167 0.417698889970779 0.115157872438431 0.0869251862168312 0.0971358418464661 0.119257442653179 0.129924729466438 0.150900840759277 0.196680918335915 0.32912403345108 0.366228431463242 0.399734109640121 0.469106703996658 0.3369180560112 0.396009057760239 0.455090284347534
0.464025139808655 0.517618417739868 0.687815546989441 0.798649072647095 0.824328660964966 0.859973907470703 0.879470705986023 0.886720657348633 0.861903190612793 0.923047959804535 0.93657648563385 0.975919544696808 0.976521551609039 0.985021352767944 0.994050323963165 0.994643867015839 0.989522218704224 0.986873745918274 0.970956146717072 0.918553113937378 0.803202986717224 0.798137247562408 0.862160503864288 0.829715490341187 0.723703026771545 0.712944149971008 0.748836696147919 0.725429713726044 0.635597288608551 0.0956766456365585 0.167688935995102 0.158378839492798 0.0895621627569199 0.108637556433678 0.0817944034934044 0.10790441930294 0.117949388921261 0.180198311805725 0.203763157129288 0.290202677249908 0.335829973220825 0.375455141067505 0.415704399347305 0.342195361852646 0.500248312950134 0.594863295555115
0.640086770057678 0.699559390544891 0.7597776055336 0.813120067119598 0.82570868730545 0.811513185501099 0.855284750461578 0.854845225811005 0.84908789396286 0.937366127967834 0.940393149852753 0.956308603286743 0.967437028884888 0.980619013309479 0.988978564739227 0.992267966270447 0.983140587806702 0.983039259910583 0.968575716018677 0.920258939266205 0.861778736114502 0.867098331451416 0.864444196224213 0.874139070510864 0.729459166526794 0.674074172973633 0.760977625846863 0.715005099773407 0.453095883131027 0.146615877747536 0.073087714612484 0.0702510103583336 0.0578945018351078 0.0897387191653252 0.0826194658875465 0.0990066379308701 0.123193994164467 0.177396401762962 0.220289960503578 0.269312918186188 0.302575796842575 0.380701720714569 0.444034665822983 0.46559265255928 0.526688814163208 0.647646903991699
0.745746195316315 0.770765960216522 0.787079632282257 0.808254241943359 0.827932059764862 0.823691010475159 0.842863619327545 0.846719682216644 0.855708956718445 0.878455340862274 0.946532547473907 0.948691606521606 0.95131915807724 0.971557140350342 0.971461415290833 0.986193776130676 0.98197329044342 0.977457284927368 0.961970627307892 0.9040886759758 0.869884788990021 0.860925436019897 0.903845191001892 0.879058718681335 0.783518493175507 0.776387572288513 0.604794502258301 0.737636625766754 0.53728199005127 0.181062594056129 0.0792462229728699 0.0564445443451405 0.0648969635367393 0.0579495094716549 0.0722660794854164 0.0897217690944672 0.108884431421757 0.139533087611198 0.20005689561367 0.231864213943481 0.28698006272316 0.298545718193054 0.395602196455002 0.394790530204773 0.563689887523651 0.60020899772644
0.706501185894012 0.737847149372101 0.763815999031067 0.773515403270721 0.77097225189209 0.783994436264038 0.839516758918762 0.842344880104065 0.85643059015274 0.864851951599121 0.873190522193909 0.93394011259079 0.936034917831421 0.94086366891861 0.964824497699738 0.964101374149323 0.97160142660141 0.972420573234558 0.95849072933197 0.926078677177429 0.887941837310791 0.785895824432373 0.882201552391052 0.898114383220673 0.863117158412933 0.847985804080963 0.781614363193512 0.525173902511597 0.68125718832016 0.51481294631958 0.336512416601181 0.122509382665157 0.0869324430823326 0.0670959949493408 0.0677805691957474 0.0730253085494041 0.0961579829454422 0.124193176627159 0.164563313126564 0.179419338703156 0.251976281404495 0.324885159730911 0.275946348905563 0.230302587151527 0.344406813383102 0.426590740680695
0.655157685279846 0.681125819683075 0.771624684333801 0.778727531433105 0.786026537418365 0.789790093898773 0.79652327299118 0.800594568252563 0.844041407108307 0.837287604808807 0.840132117271423 0.883596479892731 0.915494024753571 0.921209752559662 0.946318030357361 0.952591776847839 0.96362692117691 0.967260837554932 0.968698799610138 0.940761685371399 0.927311718463898 0.830754995346069 0.855113863945007 0.919995248317719 0.89480459690094 0.850259363651276 0.625321269035339 0.488137125968933 0.474260360002518 0.297333747148514 0.134816154837608 0.18877799808979 0.107948809862137 0.109954163432121 0.0636856853961945 0.0748190954327583 0.0905289649963379 0.114250406622887 0.161365911364555 0.157017365098 0.233138099312782 0.251679271459579 0.187395200133324 0.349573731422424 0.193973287940025 0.206741124391556
0.68236780166626 0.700561881065369 0.721782445907593 0.717888832092285 0.741681039333344 0.795939981937408 0.794092178344727 0.798105001449585 0.787838816642761 0.81690239906311 0.810821294784546 0.814709007740021 0.85080486536026 0.845107734203339 0.88702255487442 0.898268461227417 0.918581187725067 0.93847918510437 0.978678822517395 0.968630492687225 0.953488528728485 0.874191045761108 0.880633473396301 0.944848239421844 0.921160936355591 0.820276856422424 0.635408759117126 0.5416579246521 0.700980424880981 0.75652939081192 0.703661203384399 0.629208326339722 0.25277704000473 0.0725060850381851 0.0730436369776726 0.0869703590869904 0.125147014856339 0.15096914768219 0.15891931951046 0.150643467903137 0.159591168165207 0.186643347144127 0.308425635099411 0.296523600816727 0.248084366321564 0.365728497505188
0.578389644622803 0.590211808681488 0.650480926036835 0.735352396965027 0.759196817874908 0.728753745555878 0.79225105047226 0.785340905189514 0.784167170524597 0.752598702907562 0.795554757118225 0.79383397102356 0.815734624862671 0.843418478965759 0.845346629619598 0.863116681575775 0.887370407581329 0.922372758388519 0.963458240032196 0.976207792758942 0.971411406993866 0.958468854427338 0.927855432033539 0.908216893672943 0.903751254081726 0.883983016014099 0.739028573036194 0.597341418266296 0.471565574407578 0.784654259681702 0.789364874362946 0.457235842943192 0.250028491020203 0.394009411334991 0.247073113918304 0.305258691310883 0.117480732500553 0.149518355727196 0.164863109588623 0.165748402476311 0.190308779478073 0.185799434781075 0.367292702198029 0.406881242990494 0.252879172563553 0.504062712192535
0.535883963108063 0.599878966808319 0.454087555408478 0.611805319786072 0.710288405418396 0.757713317871094 0.747213959693909 0.721764147281647 0.778264701366425 0.746242642402649 0.772385478019714 0.754707753658295 0.792258024215698 0.812404274940491 0.73783552646637 0.730752348899841 0.875189244747162 0.9061678647995 0.965117990970612 0.978007793426514 0.984403550624847 0.981864809989929 0.93882542848587 0.884643912315369 0.92010909318924 0.912758827209473 0.84225994348526 0.753044784069061 0.545573592185974 0.620311498641968 0.766132652759552 0.652527630329132 0.66896116733551 0.567605912685394 0.49501696228981 0.351694673299789 0.191259026527405 0.150922730565071 0.164792746305466 0.207309305667877 0.187049224972725 0.260460555553436 0.363441646099091 0.453926593065262 0.330250352621078 0.476496279239655
0.605022966861725 0.586201727390289 0.555921852588654 0.498443126678467 0.672419309616089 0.645739018917084 0.759930372238159 0.74244487285614 0.730921447277069 0.742286562919617 0.732210397720337 0.653333306312561 0.736830830574036 0.688383936882019 0.711342394351959 0.733004152774811 0.854750454425812 0.895354568958282 0.960702061653137 0.971717536449432 0.979478001594543 0.978132605552673 0.937450528144836 0.933963537216187 0.930576324462891 0.930545747280121 0.907553553581238 0.86519581079483 0.706862092018127 0.719739139080048 0.844877183437347 0.831321954727173 0.781852126121521 0.560221195220947 0.550375163555145 0.531590640544891 0.314835011959076 0.20706669986248 0.187469184398651 0.194818690419197 0.187451839447021 0.307729154825211 0.401674538850784 0.462009787559509 0.370738655328751 0.384304344654083
0.518142640590668 0.54052197933197 0.62365984916687 0.636213362216949 0.621595025062561 0.663623094558716 0.656226217746735 0.708186984062195 0.739934086799622 0.762592911720276 0.733796000480652 0.672507345676422 0.688330769538879 0.728507518768311 0.727277874946594 0.742804169654846 0.876862406730652 0.918966114521027 0.966283857822418 0.974288642406464 0.983750820159912 0.820720314979553 0.870672285556793 0.958768427371979 0.944627165794373 0.851282358169556 0.915814459323883 0.933295488357544 0.855985105037689 0.870622277259827 0.887946724891663 0.857941508293152 0.796325206756592 0.619145810604095 0.632476568222046 0.53849995136261 0.53983873128891 0.417496293783188 0.335396021604538 0.256447553634644 0.211189851164818 0.294178605079651 0.450281769037247 0.497917473316193 0.432512611150742 0.341077983379364
0.534144282341003 0.581179678440094 0.592068552970886 0.571850478649139 0.684495747089386 0.645780682563782 0.678310692310333 0.661277174949646 0.701759994029999 0.734910666942596 0.71781313419342 0.75775420665741 0.69711846113205 0.737098932266235 0.751457631587982 0.826677978038788 0.898095726966858 0.916440725326538 0.935140430927277 0.975676715373993 0.982454180717468 0.96737664937973 0.952584385871887 0.979052245616913 0.957452356815338 0.859941720962524 0.870105147361755 0.95191490650177 0.932924866676331 0.918084621429443 0.836154401302338 0.872489213943481 0.858603298664093 0.720822393894196 0.65966123342514 0.566027998924255 0.477427065372467 0.442474573850632 0.311697155237198 0.28600338101387 0.325944691896439 0.390756905078888 0.492484658956528 0.529200315475464 0.436181902885437 0.443223923444748
0.409218788146973 0.499080955982208 0.567200541496277 0.622008919715881 0.633448481559753 0.67450624704361 0.637324392795563 0.691205322742462 0.67751407623291 0.648928105831146 0.704047560691833 0.76287430524826 0.709044754505157 0.758790016174316 0.783578634262085 0.856987833976746 0.888715088367462 0.908989608287811 0.95884644985199 0.966829359531403 0.985427558422089 0.975792944431305 0.943679630756378 0.920929074287415 0.982398152351379 0.972009479999542 0.972614586353302 0.965575575828552 0.95643275976181 0.941301345825195 0.851858377456665 0.812989592552185 0.860141754150391 0.770811855792999 0.624429881572723 0.606789708137512 0.552249789237976 0.508228659629822 0.29209303855896 0.360854387283325 0.503153026103973 0.49828040599823 0.600302994251251 0.601228535175323 0.522975504398346 0.483264535665512
0.577558994293213 0.560131072998047 0.638575792312622 0.609624743461609 0.642177224159241 0.638382911682129 0.679832935333252 0.663095593452454 0.715717077255249 0.69787061214447 0.685833215713501 0.680977821350098 0.701751112937927 0.705271422863007 0.867705762386322 0.895672082901001 0.925219297409058 0.942815721035004 0.960671007633209 0.97406017780304 0.981632888317108 0.984679698944092 0.942273378372192 0.940983593463898 0.969494521617889 0.986140489578247 0.980677306652069 0.971958577632904 0.972192227840424 0.960158407688141 0.947108030319214 0.906756162643433 0.815317749977112 0.722341418266296 0.749223947525024 0.741283118724823 0.695610404014587 0.464296191930771 0.322861820459366 0.52460652589798 0.59853720664978 0.534066021442413 0.63292396068573 0.687879383563995 0.657009601593018 0.600172758102417
0.605889439582825 0.65945291519165 0.501873195171356 0.578250348567963 0.609716236591339 0.660226404666901 0.674280822277069 0.70610499382019 0.690361261367798 0.682708978652954 0.666029274463654 0.673759698867798 0.77501392364502 0.746323585510254 0.790302693843842 0.909354209899902 0.919205129146576 0.938677847385406 0.96178126335144 0.974924087524414 0.986571848392487 0.990536153316498 0.880342662334442 0.887139618396759 0.871645152568817 0.974975228309631 0.96862518787384 0.982816815376282 0.973181903362274 0.974377810955048 0.961753666400909 0.933674097061157 0.872974991798401 0.869218528270721 0.855101823806763 0.797836005687714 0.743415951728821 0.533362567424774 0.314823150634766 0.515499532222748 0.563512742519379 0.54150927066803 0.450449466705322 0.696872353553772 0.683125972747803 0.716763436794281
0.551818013191223 0.595566511154175 0.566754877567291 0.62185126543045 0.568486034870148 0.626621246337891 0.631472289562225 0.669749677181244 0.662157118320465 0.714452385902405 0.726538598537445 0.751612603664398 0.783213019371033 0.75769305229187 0.803643822669983 0.863295674324036 0.906246781349182 0.942515194416046 0.966050088405609 0.982623994350433 0.98977792263031 0.953349769115448 0.872486650943756 0.823292672634125 0.811700284481049 0.876620471477509 0.938272595405579 0.989534854888916 0.981275796890259 0.973080337047577 0.960787713527679 0.890748858451843 0.899912655353546 0.867543935775757 0.901797473430634 0.895001411437988 0.810972452163696 0.779314339160919 0.602345108985901 0.407113075256348 0.463148444890976 0.533450126647949 0.425014764070511 0.505114316940308 0.594581007957458 0.718859374523163
0.500308036804199 0.600436985492706 0.684998571872711 0.609788775444031 0.649552166461945 0.603228151798248 0.656460165977478 0.7202108502388 0.690644979476929 0.678026437759399 0.721541881561279 0.744300365447998 0.790874481201172 0.77400666475296 0.844388484954834 0.837954938411713 0.89957720041275 0.931067943572998 0.958066403865814 0.961756527423859 0.977161884307861 0.942600429058075 0.892945945262909 0.713046550750732 0.696025490760803 0.836738288402557 0.866392374038696 0.967844605445862 0.991349160671234 0.986290872097015 0.976705431938171 0.960319578647614 0.935248017311096 0.896457433700562 0.8691086769104 0.869188487529755 0.851097702980042 0.85394150018692 0.737424194812775 0.515949666500092 0.692217886447906 0.761744022369385 0.706725716590881 0.410897940397263 0.511707782745361 0.811836123466492
0.467909246683121 0.555595338344574 0.653341591358185 0.709254562854767 0.614091873168945 0.67837256193161 0.60681289434433 0.654848456382751 0.622022092342377 0.594978153705597 0.674810945987701 0.747700929641724 0.798263907432556 0.791013121604919 0.852307200431824 0.906677722930908 0.91568660736084 0.951818227767944 0.952731728553772 0.966678023338318 0.92613559961319 0.916472971439362 0.842566251754761 0.686576008796692 0.886647582054138 0.758678436279297 0.70738822221756 0.874795198440552 0.979190468788147 0.977948844432831 0.984400033950806 0.954940438270569 0.918544471263885 0.932079672813416 0.913439393043518 0.896631121635437 0.87759530544281 0.879047811031342 0.817171990871429 0.616538405418396 0.840069115161896 0.829665184020996 0.79193902015686 0.62572968006134 0.54593414068222 0.816914498806
0.501537978649139 0.638648152351379 0.56758713722229 0.678756713867188 0.613706946372986 0.463246643543243 0.570531904697418 0.639976382255554 0.630513250827789 0.590953826904297 0.724664688110352 0.826631486415863 0.81887149810791 0.808651983737946 0.857389271259308 0.907375454902649 0.903308510780334 0.896809875965118 0.929682731628418 0.943841278553009 0.906059980392456 0.917237341403961 0.888436675071716 0.87222808599472 0.788180768489838 0.748264908790588 0.861451387405396 0.812930047512054 0.926739871501923 0.972838461399078 0.988193094730377 0.965302169322968 0.936894953250885 0.961403012275696 0.947269141674042 0.925056934356689 0.901626944541931 0.889967262744904 0.87384295463562 0.754616677761078 0.872192203998566 0.877417802810669 0.864377617835999 0.677618563175201 0.423112004995346 0.744458734989166
0.599809229373932 0.572594881057739 0.701874375343323 0.532912492752075 0.528401494026184 0.659104645252228 0.585038721561432 0.654935598373413 0.605777740478516 0.599179029464722 0.736355543136597 0.753758549690247 0.820834636688232 0.892072439193726 0.857115805149078 0.912786960601807 0.911493301391602 0.843082189559937 0.872190117835999 0.821304380893707 0.865561425685883 0.881121516227722 0.847977936267853 0.822197318077087 0.715121924877167 0.833574175834656 0.768238484859467 0.831819832324982 0.931300938129425 0.975283086299896 0.971008539199829 0.971901476383209 0.979026436805725 0.968785166740417 0.960153877735138 0.949083805084229 0.903616726398468 0.900793254375458 0.878813922405243 0.872595191001892 0.902235746383667 0.898256421089172 0.842491805553436 0.624521672725677 0.588646590709686 0.455765902996063
