data/climate_estimation/maxent_output/Bomarea_patinii.asc
NCOLS 78 
NROWS 227 
XLLCORNER -79.25 
YLLCORNER -11.0833333333333 
CELLSIZE 0.0833333333333333 
NODATA_value -3.4e+38 
[rows 95 to 113 of 227, columns 0 to 41 of 78]
0.0177848264575005 0.0377420596778393 0.065721794962883 0.131024017930031 0.722626388072968 0.840839385986328 0.877116858959198 0.937980532646179 0.905479073524475 0.614268839359283 0.359339475631714 0.7528977394104 0.686401784420013 0.598407089710236 0.620153725147247 0.596520364284515 0.598443388938904 0.697805881500244 0.649155676364899 0.508226335048676 0.438044279813766 0.142606884241104 0.0559351556003094 0.0340958796441555 0.0208330135792494 0.018455633893609 0.0159968752413988 0.0121928853914142 0.0112693924456835 0.0092730326578021 0.00835132971405983 0.00774374464526772 0.0069405697286129 0.00735546881332994 0.00642051920294762 0.00645391223952174 0.0073271943256259 0.00641725212335587 0.00684058107435703 0.00731907272711396 0.00693967938423157 0.00647159479558468
0.0212540253996849 0.0446247719228268 0.115941621363163 0.191173866391182 0.650956690311432 0.849832117557526 0.883956968784332 0.905878663063049 0.904540538787842 0.697835385799408 0.485698401927948 0.889601290225983 0.602892339229584 0.563765645027161 0.625416159629822 0.602305769920349 0.612040519714355 0.658185482025146 0.451992243528366 0.582140684127808 0.451377272605896 0.204769656062126 0.0826154127717018 0.0251002758741379 0.0181374214589596 0.0151621885597706 0.0141815887764096 0.0113989701494575 0.0111956056207418 0.00928157474845648 0.00799693912267685 0.00672068912535906 0.00680820783600211 0.00670845340937376 0.00697643822059035 0.00621809205040336 0.00662555173039436 0.00628607161343098 0.00641434406861663 0.00688281934708357 0.006388986017555 0.00666774855926633
0.0225824378430843 0.0553997568786144 0.1775803565979 0.455836445093155 0.771823406219482 0.830627083778381 0.893268167972565 0.926890313625336 0.921796023845673 0.740521669387817 0.767616868019104 0.82593834400177 0.569127142429352 0.527252078056335 0.575324237346649 0.582011044025421 0.638245284557343 0.591988444328308 0.558698892593384 0.581034481525421 0.477887481451035 0.284588545560837 0.041686799377203 0.0195057168602943 0.0158130805939436 0.0133778704330325 0.0118052251636982 0.0153553765267134 0.0137182893231511 0.00955850817263126 0.00825345516204834 0.0070548951625824 0.00636912602931261 0.00705196987837553 0.0066397781483829 0.00715216994285583 0.00666095782071352 0.00656201411038637 0.00614354852586985 0.00736957136541605 0.00609969114884734 0.00596741493791342
0.0308792013674974 0.167730584740639 0.603149831295013 0.693181753158569 0.747423648834229 0.814500570297241 0.895951747894287 0.903001487255096 0.933800220489502 0.829080700874329 0.887862801551819 0.650636076927185 0.54236775636673 0.535451531410217 0.529232859611511 0.569028437137604 0.614302456378937 0.60286670923233 0.553886234760284 0.543790280818939 0.498738795518875 0.186973139643669 0.0311509165912867 0.018009852617979 0.0150601370260119 0.0159095004200935 0.0144585883244872 0.0145272193476558 0.0141066573560238 0.011406634002924 0.00770530756562948 0.00642966059967875 0.00702793849632144 0.00671193422749639 0.00704410346224904 0.00752026028931141 0.00711869960650802 0.00641172332689166 0.00680198101326823 0.00641401158645749 0.00552827958017588 0.00541079416871071
0.0646722167730331 0.680131196975708 0.810042321681976 0.790078938007355 0.819370329380035 0.818774700164795 0.856218218803406 0.928138732910156 0.942636907100677 0.876802742481232 0.846622824668884 0.591026127338409 0.571491479873657 0.506171762943268 0.535881459712982 0.579747498035431 0.617514312267303 0.58636212348938 0.529431581497192 0.507281124591827 0.393715173006058 0.136193558573723 0.0278192311525345 0.0191428940743208 0.0197814647108316 0.0168955214321613 0.0148200383409858 0.0141291432082653 0.0140601517632604 0.011731056496501 0.00687584746629 0.00689367344602942 0.00708529213443398 0.00638388562947512 0.00623418809846044 0.00688713835552335 0.00613587209954858 0.00615859031677246 0.0060833734460175 0.00564727140590549 0.00535202445462346 0.00513461930677295
0.0754774510860443 0.275074571371078 0.785636842250824 0.815430879592896 0.827658236026764 0.801279425621033 0.891803383827209 0.892952620983124 0.895787537097931 0.852380573749542 0.690062463283539 0.608500063419342 0.501189291477203 0.444304198026657 0.471882820129395 0.524077594280243 0.579236209392548 0.527206540107727 0.517445147037506 0.487661421298981 0.330973386764526 0.127480089664459 0.0391944758594036 0.0188047084957361 0.0202812328934669 0.0162167251110077 0.0150666628032923 0.014798091724515 0.0137135880067945 0.0118255512788892 0.00698361080139875 0.00708722975105047 0.00681006209924817 0.00658243615180254 0.00601262738928199 0.00633758585900068 0.00643079122528434 0.00627201935276389 0.00628164876252413 0.0058533763512969 0.00529462657868862 0.00562052568420768
0.0210698936134577 0.287961810827255 0.770792901515961 0.739216387271881 0.759864270687103 0.823149740695953 0.873005390167236 0.899762749671936 0.867832124233246 0.715755820274353 0.654066562652588 0.607980668544769 0.477391511201859 0.430573552846909 0.467506468296051 0.501913249492645 0.524222254753113 0.458429783582687 0.35585144162178 0.371544718742371 0.268513381481171 0.0882652327418327 0.0397678650915623 0.0227540824562311 0.0157507136464119 0.0165414027869701 0.0173775851726532 0.015543463639915 0.014667309820652 0.00847758539021015 0.00787162408232689 0.00619911728426814 0.00632041832432151 0.00588939059525728 0.00578386150300503 0.00558888027444482 0.00539124570786953 0.00580804701894522 0.00586099550127983 0.0057259751483798 0.00527565786615014 0.00509359128773212
0.0206362139433622 0.1261056214571 0.709155201911926 0.719216883182526 0.675657331943512 0.801658451557159 0.868208587169647 0.852250695228577 0.861924409866333 0.748375296592712 0.666207671165466 0.593972504138947 0.457150787115097 0.473934024572372 0.492822557687759 0.512216091156006 0.458002269268036 0.252411305904388 0.20148840546608 0.205088630318642 0.145661368966103 0.0419173315167427 0.0275812670588493 0.0221239887177944 0.0159907881170511 0.0148832062259316 0.012945706024766 0.0146570540964603 0.0101511487737298 0.00895615480840206 0.00838793441653252 0.00756464246660471 0.00670624803751707 0.0061208656989038 0.00562915252521634 0.00637225899845362 0.00641713803634048 0.00578177208080888 0.00521799409762025 0.00550798699259758 0.00523773860186338 0.00440680282190442
0.0181206054985523 0.151327952742577 0.724760949611664 0.591456651687622 0.584441065788269 0.776431024074554 0.699570059776306 0.678399801254272 0.78705757856369 0.747447550296783 0.642267763614655 0.530092716217041 0.449739843606949 0.469312846660614 0.491357028484344 0.471123933792114 0.35601869225502 0.134700447320938 0.124438747763634 0.112958788871765 0.119044475257397 0.0318286009132862 0.0228130519390106 0.0205129906535149 0.0163450837135315 0.015224345959723 0.0128453830257058 0.0104454811662436 0.010110754519701 0.0093033742159605 0.00837015453726053 0.00637767184525728 0.0068251290358603 0.00617502490058541 0.00665204925462604 0.00667021609842777 0.00640507601201534 0.00532022025436163 0.0055435411632061 0.00510333990678191 0.00528187584131956 0.00486226752400398
0.0138668771833181 0.139500558376312 0.703290224075317 0.515896558761597 0.61275327205658 0.710137486457825 0.661333620548248 0.471594512462616 0.720240890979767 0.686381757259369 0.615728557109833 0.510220944881439 0.462196588516235 0.446603626012802 0.437190920114517 0.408320963382721 0.188955262303352 0.0656253471970558 0.0886444747447968 0.114508338272572 0.13670726120472 0.0263110548257828 0.0224907714873552 0.0205138325691223 0.0171311032027006 0.0165127199143171 0.0130701418966055 0.011976296082139 0.00999711360782385 0.00916560925543308 0.00808233488351107 0.00740128010511398 0.00606851512566209 0.00645467638969421 0.00667421193793416 0.00636317115277052 0.00592867285013199 0.00579672958701849 0.00519099039956927 0.00560313183814287 0.00511534418910742 0.00486096739768982
0.013594807125628 0.317703276872635 0.608134210109711 0.505015909671783 0.637291014194489 0.686397671699524 0.480427026748657 0.394551664590836 0.636236548423767 0.673714637756348 0.556896209716797 0.464673906564713 0.424454241991043 0.447975814342499 0.356689304113388 0.349061459302902 0.0701746642589569 0.0337982662022114 0.076258085668087 0.078127533197403 0.0352949909865856 0.0215112268924713 0.0207400526851416 0.0213400088250637 0.0186443869024515 0.0163765326142311 0.0144316237419844 0.0117166135460138 0.0114206802099943 0.00913865026086569 0.00750008411705494 0.00732868490740657 0.00669602351263165 0.00780394393950701 0.00713147362694144 0.00656358525156975 0.00592749286442995 0.00558435637503862 0.00526224495843053 0.00530655030161142 0.00454984279349446 0.00496511673554778
0.126482427120209 0.583893120288849 0.512500762939453 0.505798101425171 0.604310750961304 0.720607995986938 0.553663074970245 0.423690795898438 0.520731270313263 0.484452724456787 0.485878735780716 0.469703018665314 0.444742858409882 0.449072629213333 0.333509355783463 0.145809426903725 0.0365071855485439 0.0294134505093098 0.0298545248806477 0.0231344737112522 0.02223358489573 0.0257190298289061 0.022426912561059 0.0187562759965658 0.0179081726819277 0.0129312006756663 0.010655271820724 0.00990218389779329 0.00909661129117012 0.0082209063693881 0.0079127186909318 0.00606441451236606 0.00635818764567375 0.00685612764209509 0.00723130768164992 0.00683236867189407 0.00597771583124995 0.00566080585122108 0.00582020729780197 0.00581973185762763 0.00490823714062572 0.00474061816930771
0.0411263629794121 0.449532955884933 0.515261471271515 0.360926151275635 0.677987217903137 0.729637980461121 0.736091554164886 0.524242162704468 0.414739370346069 0.530012667179108 0.515547275543213 0.470099151134491 0.432841181755066 0.394554942846298 0.357523620128632 0.0925149843096733 0.0353972017765045 0.03163668140769 0.0251337345689535 0.0244693495333195 0.0269741509109735 0.0240620151162148 0.0187772512435913 0.0160327460616827 0.0159717369824648 0.0129036922007799 0.010298004373908 0.00909208320081234 0.00886958371847868 0.00714264111593366 0.00689596822485328 0.00619713822379708 0.00565927056595683 0.00696035986766219 0.00732858618721366 0.00690418900921941 0.00582646718248725 0.00603520451113582 0.00579941039904952 0.00512736337259412 0.00456450553610921 0.00486836256459355
0.0217879228293896 0.532526671886444 0.498217463493347 0.429926246404648 0.688090860843658 0.749352157115936 0.624550223350525 0.397064477205276 0.293813169002533 0.47307425737381 0.514690458774567 0.477301716804504 0.390180915594101 0.32348495721817 0.314116030931473 0.0749514251947403 0.0412509255111217 0.052291214466095 0.0375334434211254 0.0326784811913967 0.0302437264472246 0.0267659481614828 0.0192763619124889 0.016614792868495 0.0122966160997748 0.0119146732613444 0.0121625503525138 0.0105655482038856 0.0083136847242713 0.00708346767351031 0.00679958332329988 0.00615669880062342 0.00557998940348625 0.00526414904743433 0.00534683233126998 0.00552284484729171 0.00487722596153617 0.00516885006800294 0.00478218914940953 0.00528922211378813 0.00514131365343928 0.00474388431757689
0.132226675748825 0.519079804420471 0.344853281974792 0.605374574661255 0.744953811168671 0.697448015213013 0.504347085952759 0.371293216943741 0.314404010772705 0.392175674438477 0.380917131900787 0.428920924663544 0.35034590959549 0.319076627492905 0.203429162502289 0.0660507082939148 0.0652181953191757 0.0687438324093819 0.048947099596262 0.0304204765707254 0.0174528732895851 0.0179819893091917 0.017919784411788 0.0147105641663074 0.0120828486979008 0.010517405346036 0.00885050464421511 0.00964430347084999 0.00875567458570004 0.00775878364220262 0.00678687728941441 0.0063524809665978 0.00571135431528091 0.0054079657420516 0.00481281755492091 0.00429435120895505 0.0047083874233067 0.00488963723182678 0.0043946411460638 0.00525500951334834 0.00444700988009572 0.00496738590300083
0.174039840698242 0.415850877761841 0.543306112289429 0.584774792194366 0.728709995746613 0.758691668510437 0.697548866271973 0.413881063461304 0.379329264163971 0.369281649589539 0.384898781776428 0.367944687604904 0.389520555734634 0.358690649271011 0.12280660867691 0.0693522319197655 0.0681297183036804 0.0852150395512581 0.0754243060946465 0.0344315096735954 0.0330940894782543 0.0237618088722229 0.0168276932090521 0.0144219854846597 0.0119839664548635 0.0103068388998508 0.00833325926214457 0.00774223729968071 0.00818259734660387 0.00720021687448025 0.00632047653198242 0.00682297069579363 0.00629578763619065 0.00591215211898088 0.00560356955975294 0.00519689219072461 0.00480503682047129 0.00445966236293316 0.00456440402194858 0.00452268635854125 0.00450934236869216 0.00456993700936437
0.0850046798586845 0.434867769479752 0.473734676837921 0.694678246974945 0.642980515956879 0.750269293785095 0.713652551174164 0.577260076999664 0.472036451101303 0.468579560518265 0.434970766305923 0.366465002298355 0.381035059690475 0.18221752345562 0.0975514873862267 0.0477622263133526 0.0560541339218616 0.0676593035459518 0.0338514298200607 0.0335510447621346 0.0234224162995815 0.0169154070317745 0.0147331487387419 0.0142012964934111 0.0117183532565832 0.0104278149083257 0.00935557950288057 0.00803825538605452 0.00696987379342318 0.00677176844328642 0.00598617782816291 0.00606813654303551 0.00569476326927543 0.00526149710640311 0.00494638876989484 0.00514669762924314 0.00437903730198741 0.00470282137393951 0.00449360394850373 0.00440477347001433 0.00526143331080675 0.00412986008450389
0.221446767449379 0.400335431098938 0.340762048959732 0.537103295326233 0.729966640472412 0.790847420692444 0.661103188991547 0.663935124874115 0.43079736828804 0.508683860301971 0.481245279312134 0.325150102376938 0.383181989192963 0.151055410504341 0.0434978306293488 0.0422426424920559 0.0446863435208797 0.0266403593122959 0.0228189118206501 0.0299060642719269 0.0258632078766823 0.0165460873395205 0.0149605702608824 0.0126565862447023 0.0134483017027378 0.0119015499949455 0.00945618376135826 0.00782392732799053 0.00735708093270659 0.00700874114409089 0.00606364943087101 0.00550232175737619 0.00473723700270057 0.00473640486598015 0.0046328860335052 0.00455566868185997 0.00407515512779355 0.00441710092127323 0.00411303155124187 0.00417866418138146 0.00425982242450118 0.00450259819626808
0.0884154215455055 0.400804281234741 0.322617620229721 0.506010174751282 0.770427584648132 0.782111942768097 0.577781498432159 0.42330127954483 0.454450845718384 0.682737231254578 0.645005106925964 0.46121820807457 0.375679403543472 0.0916305854916573 0.0481851436197758 0.0363982394337654 0.0549141429364681 0.0294358860701323 0.0178621392697096 0.0157382097095251 0.020158302038908 0.0181160513311625 0.0154234459623694 0.0108782993629575 0.00998971704393625 0.00992139521986246 0.00877794250845909 0.00726160034537315 0.00648976024240255 0.00540325092151761 0.0054629142396152 0.00545234652236104 0.00515432422980666 0.0052288481965661 0.00453322753310204 0.00434474227949977 0.00394744006916881 0.00406322814524174 0.00365582178346813 0.00389531115069985 0.00423763133585453 0.00426813401281834
