data/climate_estimation/maxent_output/Bomarea_pauciflora.asc
NCOLS 94 
NROWS 157 
XLLCORNER -79.25 
YLLCORNER -3.25 
CELLSIZE 0.0833333333333333 
NODATA_value -3.4e+38 
[rows 38 to 56 of 157, columns 0 to 43 of 94]
-3.4e+38 -3.4e+38 -3.4e+38 -3.4e+38 -3.4e+38 -3.4e+38 -3.4e+38 -3.4e+38 -3.4e+38 -3.4e+38 -3.4e+38 -3.4e+38 -3.4e+38 -3.4e+38 -3.4e+38 -3.4e+38 -3.4e+38 -3.4e+38 -3.4e+38 -3.4e+38 0.0118839247152209 -3.4e+38 0.0149860251694918 0.0112596033141017 0.00577194755896926 0.00440791994333267 0.00295039801858366 0.00199452042579651 0.00167577178217471 0.00175264442805201 0.00181007047649473 0.00456845434382558 0.0122034633532166 0.00901923142373562 0.0124063352122903 0.176444441080093 0.725928604602814 0.742480874061584 0.694456517696381 0.543054282665253 0.0575860179960728 0.0271736942231655 0.727188348770142 0.778028726577759
-3.4e+38 -3.4e+38 -3.4e+38 -3.4e+38 -3.4e+38 -3.4e+38 -3.4e+38 -3.4e+38 -3.4e+38 -3.4e+38 -3.4e+38 -3.4e+38 -3.4e+38 -3.4e+38 -3.4e+38 -3.4e+38 -3.4e+38 -3.4e+38 -3.4e+38 -3.4e+38 -3.4e+38 -3.4e+38 0.00837655086070299 0.0152339497581124 0.00928286742419004 0.00543642835691571 0.00378998019732535 0.0027395854704082 0.00211369479075074 0.00174705381505191 0.00216664304025471 0.00409794505685568 0.00659283017739654 0.0052115791477263 0.00778485788032413 0.0657157823443413 0.659237265586853 0.824510097503662 0.865972220897675 0.474975943565369 0.027831856161356 0.00403078179806471 0.200863301753998 0.711098730564117
-339999999999999996123846586046231871488.000000000000000 -3.4e+38 -3.4e+38 -3.4e+38 -3.4e+38 -3.4e+38 -3.4e+38 -3.4e+38 -3.4e+38 -3.4e+38 -3.4e+38 -3.4e+38 -3.4e+38 -3.4e+38 -3.4e+38 -3.4e+38 -3.4e+38 -3.4e+38 -3.4e+38 -3.4e+38 -3.4e+38 -3.4e+38 0.0124215371906757 0.0192007496953011 0.0132781350985169 0.0059003559872508 0.00436929799616337 0.00345361651852727 0.00267213257029653 0.00202960893511772 0.00198296527378261 0.00226958026178181 0.0119478423148394 0.00402862066403031 0.0119046783074737 0.0463074035942554 0.395261466503143 0.904991269111633 0.882068991661072 0.580306112766266 0.0387126877903938 0.0054829497821629 0.051773227751255 0.640070915222168
-3.4e+38 -3.4e+38 -3.4e+38 -3.4e+38 -3.4e+38 -3.4e+38 -3.4e+38 -3.4e+38 -3.4e+38 -3.4e+38 -3.4e+38 -3.4e+38 -3.4e+38 -3.4e+38 -3.4e+38 -3.4e+38 -3.4e+38 -3.4e+38 -3.4e+38 -3.4e+38 -3.4e+38 -3.4e+38 0.0119067998602986 0.019086554646492 0.0124214040115476 0.00727910222485662 0.00476112077012658 0.00387157639488578 0.00278862658888102 0.00251502287574112 0.00181063683703542 0.00172309938352555 0.0135718612000346 0.00549275940284133 0.0153098981827497 0.0641901195049286 0.209862768650055 0.650882065296173 0.787540435791016 0.571503818035126 0.0239693596959114 0.0250786002725363 0.173762261867523 0.717073798179626
-3.4e+38 -3.4e+38 -3.4e+38 -3.4e+38 -3.4e+38 -3.4e+38 -3.4e+38 -3.4e+38 -3.4e+38 -3.4e+38 -3.4e+38 -3.4e+38 -3.4e+38 -3.4e+38 -3.4e+38 -3.4e+38 -3.4e+38 -3.4e+38 -3.4e+38 -3.4e+38 -3.4e+38 0.01728305965662 0.018736619502306 0.0431953109800816 0.0183163192123175 0.00780939357355237 0.00561075564473867 0.00405947910621762 0.00279693119227886 0.00246588583104312 0.00186828605365008 0.00176340900361538 0.0075017916969955 0.00359905418008566 0.0184519700706005 0.179158166050911 0.514815270900726 0.480868399143219 0.790948987007141 0.426466882228851 0.0169905833899975 0.0553094409406185 0.543270766735077 0.480884492397308
-3.4e+38 -3.4e+38 -3.4e+38 -3.4e+38 -3.4e+38 -3.4e+38 -3.4e+38 -3.4e+38 -3.4e+38 -3.4e+38 -3.4e+38 -3.4e+38 -3.4e+38 -3.4e+38 -3.4e+38 -3.4e+38 -3.4e+38 -3.4e+38 -3.4e+38 -3.4e+38 -3.4e+38 0.0201296415179968 0.015913600102067 0.0267449878156185 0.0257076937705278 0.00783998519182205 0.00619356334209442 0.00411982974037528 0.0033639851026237 0.00262909638695419 0.00203443062491715 0.00185934617184103 0.00246021221391857 0.00472536077722907 0.0071688643656671 0.0885831713676453 0.745286464691162 0.4670549929142 0.632468402385712 0.125546872615814 0.0209752414375544 0.0375958308577538 0.447235226631165 0.239069133996964
-3.4e+38 -3.4e+38 -3.4e+38 -3.4e+38 -3.4e+38 -3.4e+38 -3.4e+38 -3.4e+38 -3.4e+38 -3.4e+38 -3.4e+38 -3.4e+38 -3.4e+38 -3.4e+38 -3.4e+38 -3.4e+38 -3.4e+38 -3.4e+38 -3.4e+38 -3.4e+38 -3.4e+38 0.0149717116728425 0.0120815197005868 0.0224718898534775 0.0268609505146742 0.00862189568579197 0.00605911714956164 0.00415711244568229 0.003281663171947 0.00284472131170332 0.00227865250781178 0.0020139105618 0.00198096479289234 0.00567439431324601 0.00565413478761911 0.0204096306115389 0.532089531421661 0.677124917507172 0.723407745361328 0.213464289903641 0.0358626507222652 0.0298573113977909 0.375823140144348 0.395471006631851
-3.4e+38 -3.4e+38 -3.4e+38 -3.4e+38 -3.4e+38 -3.4e+38 -3.4e+38 -3.4e+38 -3.4e+38 -3.4e+38 -3.4e+38 -3.4e+38 -3.4e+38 -3.4e+38 -3.4e+38 -3.4e+38 -3.4e+38 -3.4e+38 -3.4e+38 -3.4e+38 -3.4e+38 -3.4e+38 0.00994574930518866 0.0205550640821457 0.0220436900854111 0.0139327617362142 0.00683352909982204 0.00408135587349534 0.00348882423713803 0.00259505934081972 0.00226748967543244 0.00211767526343465 0.0022468485403806 0.00420035468414426 0.00573579035699368 0.0175772793591022 0.497314810752869 0.881679892539978 0.796539962291718 0.294237792491913 0.051521148532629 0.0633836314082146 0.111140005290508 0.554540812969208
-3.4e+38 -3.4e+38 -3.4e+38 -3.4e+38 -3.4e+38 -3.4e+38 -3.4e+38 -3.4e+38 -3.4e+38 -3.4e+38 -3.4e+38 -3.4e+38 -3.4e+38 -3.4e+38 -3.4e+38 -3.4e+38 -3.4e+38 -3.4e+38 -3.4e+38 -3.4e+38 -3.4e+38 -3.4e+38 0.00806548912078142 0.0114941792562604 0.0109150940552354 0.0075818533077836 0.00752533692866564 0.00416378444060683 0.00301242573186755 0.00223234435543418 0.0021069124341011 0.00226443447172642 0.0022475563455373 0.00374463456682861 0.00580162741243839 0.033220436424017 0.603105425834656 0.828482091426849 0.635102808475494 0.12500861287117 0.019697904586792 0.0269156582653522 0.106409952044487 0.493380635976791
-3.4e+38 -3.4e+38 -3.4e+38 -3.4e+38 -3.4e+38 -3.4e+38 -3.4e+38 -3.4e+38 -3.4e+38 -3.4e+38 -3.4e+38 -3.4e+38 -3.4e+38 -3.4e+38 -3.4e+38 -3.4e+38 -3.4e+38 -3.4e+38 -3.4e+38 -3.4e+38 -3.4e+38 -3.4e+38 -3.4e+38 0.007930145598948 0.00757348630577326 0.00599911157041788 0.00647384813055396 0.00434542167931795 0.00310820527374744 0.00230496819131076 0.00204689707607031 0.00210167630575597 0.00190988031681627 0.00297650205902755 0.00840017292648554 0.0448845960199833 0.389359146356583 0.653828561306 0.312496185302734 0.0707972869277 0.027261795476079 0.0244225896894932 0.0441658608615398 0.035470724105835
-3.4e+38 -3.4e+38 -3.4e+38 -3.4e+38 -3.4e+38 -3.4e+38 -3.4e+38 -3.4e+38 -3.4e+38 -3.4e+38 -3.4e+38 -3.4e+38 -3.4e+38 -3.4e+38 -3.4e+38 -3.4e+38 -3.4e+38 -3.4e+38 -3.4e+38 -3.4e+38 -3.4e+38 -3.4e+38 -3.4e+38 0.00532778631895781 0.00614925660192966 0.00592781696468592 0.00476492615416646 0.00460366392508149 0.00285461731255054 0.00235884753055871 0.00209604157134891 0.00207967148162425 0.00205228547565639 0.00254330853931606 0.00835315231233835 0.0147073622792959 0.0449730940163136 0.518874764442444 0.555164277553558 0.0422400124371052 0.097059428691864 0.479432076215744 0.0658497586846352 0.0114701399579644
-3.4e+38 -3.4e+38 -3.4e+38 -3.4e+38 -3.4e+38 -3.4e+38 -3.4e+38 -3.4e+38 -3.4e+38 -3.4e+38 -3.4e+38 -3.4e+38 -3.4e+38 -3.4e+38 -3.4e+38 -3.4e+38 -3.4e+38 -3.4e+38 -3.4e+38 -3.4e+38 -3.4e+38 -3.4e+38 -3.4e+38 0.00568536436185241 0.00880059879273176 0.00852503161877394 0.00430793315172195 0.00495788967236876 0.00278821703977883 0.00243826303631067 0.0020054632332176 0.00217061769217253 0.00207709451206028 0.00206503854133189 0.0044259293936193 0.00907537247985601 0.0262945536524057 0.49138617515564 0.79518586397171 0.164895787835121 0.119074888527393 0.708085417747498 0.221078246831894 0.0122075332328677
-3.4e+38 -3.4e+38 -3.4e+38 -3.4e+38 -3.4e+38 -3.4e+38 -3.4e+38 -3.4e+38 -3.4e+38 -3.4e+38 -3.4e+38 -3.4e+38 -3.4e+38 -3.4e+38 -3.4e+38 -3.4e+38 -3.4e+38 -3.4e+38 -3.4e+38 -3.4e+38 0.0105438856408 0.0109806368127465 0.0087337689474225 0.0114591047167778 0.0170550160109997 0.009122209623456 0.00441041681915522 0.00385886477306485 0.00301600992679596 0.00257023400627077 0.00202817935496569 0.00209312979131937 0.00207736389711499 0.00208955490961671 0.00267738895490766 0.00663206912577152 0.0326556377112865 0.348973393440247 0.725931107997894 0.674330472946167 0.254196137189865 0.758859574794769 0.483558177947998 0.0522565431892872
-3.4e+38 -3.4e+38 -3.4e+38 -3.4e+38 -3.4e+38 -3.4e+38 -3.4e+38 -3.4e+38 -3.4e+38 -3.4e+38 -3.4e+38 -3.4e+38 -3.4e+38 -3.4e+38 -3.4e+38 -3.4e+38 -3.4e+38 -3.4e+38 -3.4e+38 -3.4e+38 0.0119601124897599 0.0169210843741894 0.0112371994182467 0.0232654325664043 0.0250196326524019 0.00904778856784105 0.0055274753831327 0.00436268886551261 0.00336167355999351 0.00247386749833822 0.0021618518512696 0.0021404679864645 0.00208302470855415 0.00177296402398497 0.00313055003061891 0.00935104861855507 0.0138799678534269 0.0274781361222267 0.491232007741928 0.816668033599854 0.602227449417114 0.831278443336487 0.8368159532547 0.420486927032471
-3.4e+38 -3.4e+38 -3.4e+38 -3.4e+38 -3.4e+38 -3.4e+38 -3.4e+38 -3.4e+38 -3.4e+38 -3.4e+38 -3.4e+38 -3.4e+38 -3.4e+38 -3.4e+38 -3.4e+38 -3.4e+38 -3.4e+38 -3.4e+38 -3.4e+38 -3.4e+38 0.0143662951886654 0.0121034160256386 0.00955073535442352 0.024064177647233 0.0352101698517799 0.00983801577240229 0.00531922606751323 0.00397654250264168 0.00343539658933878 0.00271993642672896 0.00197552074678242 0.00246923230588436 0.00231339246965945 0.00225274614058435 0.00344395264983177 0.00655905250459909 0.00813729036599398 0.0227618701756001 0.0438689664006233 0.547826826572418 0.628175318241119 0.792847275733948 0.439860492944717 0.12834644317627
-3.4e+38 -3.4e+38 -3.4e+38 -3.4e+38 -3.4e+38 -3.4e+38 -3.4e+38 -3.4e+38 -3.4e+38 -3.4e+38 -3.4e+38 -3.4e+38 -3.4e+38 -3.4e+38 -3.4e+38 -3.4e+38 -3.4e+38 -3.4e+38 -3.4e+38 -3.4e+38 -3.4e+38 0.00861631333827972 0.00910019315779209 0.0171345043927431 0.0285380072891712 0.00907466094940901 0.00574498297646642 0.00377645716071129 0.00329442787915468 0.00334102124907076 0.00211805407889187 0.0026961537078023 0.00277861510403454 0.00295986025594175 0.00370790529996157 0.00541301723569632 0.0102045619860291 0.0158739034086466 0.0354481525719166 0.0528414584696293 0.434910207986832 0.699884116649628 0.451921969652176 0.0295933298766613
-3.4e+38 -3.4e+38 -3.4e+38 -3.4e+38 -3.4e+38 -3.4e+38 -3.4e+38 -3.4e+38 -3.4e+38 -3.4e+38 -3.4e+38 -3.4e+38 -3.4e+38 -3.4e+38 -3.4e+38 -3.4e+38 -3.4e+38 -3.4e+38 -3.4e+38 -3.4e+38 -3.4e+38 -3.4e+38 0.00899645499885082 0.0117487069219351 0.0227304454892874 0.00887941382825375 0.00590934511274099 0.00456945551559329 0.00480156298726797 0.00541938096284866 0.00449513038620353 0.00472129508852959 0.00339907757006586 0.0029769882094115 0.00449902890250087 0.00838420819491148 0.0265968441963196 0.118549808859825 0.0669366344809532 0.335829108953476 0.441225349903107 0.394600868225098 0.0886014029383659 0.0269751772284508
-3.4e+38 -3.4e+38 -3.4e+38 -3.4e+38 -3.4e+38 -3.4e+38 -3.4e+38 -3.4e+38 -3.4e+38 -3.4e+38 -3.4e+38 -3.4e+38 -3.4e+38 -3.4e+38 -3.4e+38 -3.4e+38 -3.4e+38 -3.4e+38 -3.4e+38 -3.4e+38 -3.4e+38 -3.4e+38 0.00931625720113516 0.0100549282506108 0.0120563022792339 0.0092146685346961 0.00738273095339537 0.0050200461409986 0.00670308992266655 0.0118368463590741 0.0129549335688353 0.00766337849199772 0.0053785527125001 0.00498970039188862 0.0334662087261677 0.0356878563761711 0.223152175545692 0.672109246253967 0.389181554317474 0.607611775398254 0.308974862098694 0.22653728723526 0.0373231433331966 0.026650857180357
-3.4e+38 -3.4e+38 -3.4e+38 -3.4e+38 -3.4e+38 -3.4e+38 -3.4e+38 -3.4e+38 -3.4e+38 -3.4e+38 -3.4e+38 -3.4e+38 -3.4e+38 -3.4e+38 -3.4e+38 -3.4e+38 -3.4e+38 -3.4e+38 -3.4e+38 -3.4e+38 -3.4e+38 -3.4e+38 0.0089945150539279 0.0100168008357286 0.00943751819431782 0.00830706674605608 0.00655412115156651 0.00567042035982013 0.00703880842775106 0.0103232711553574 0.011895040050149 0.00671708630397916 0.00466196704655886 0.00661036651581526 0.0186524447053671 0.101401060819626 0.307462990283966 0.856797218322754 0.793700635433197 0.470627844333649 0.0673891454935074 0.0900812819600105 0.0285090822726488 0.0271066259592772
