data/climate_estimation/maxent_output/Bomarea_uncifolia.asc
NCOLS 69 
NROWS 104 
XLLCORNER -79.75 
YLLCORNER -9.41666666666667 
CELLSIZE 0.0833333333333333 
NODATA_value -3.4e+38 
[rows 0 to 18 of 104, columns 0 to 42 of 69]
0.000162984797498 0.000128649160615169 9.32923721848056e-05 6.77912394166924e-05 5.22267364431173e-05 5.34527353011072e-05 6.97154318913817e-05 0.000663406157400459 0.0641579180955887 0.630168914794922 0.899167776107788 0.98282390832901 0.966121554374695 0.965554773807526 0.985732078552246 0.978751957416534 0.977357089519501 0.950508952140808 0.917575180530548 0.618813335895538 0.0308031514286995 0.0109901530668139 6.66366322548129e-05 1.461982174078e-05 8.93368360266322e-06 6.45026830170536e-06 5.17872831551358e-06 4.70010745630134e-05 0.000203516232431866 0.000300326617434621 0.000269227370154113 0.00020925780700054 0.000176771427504718 0.000131082051666453 0.000117726202006452 9.23720290302299e-05 6.83705220581032e-05 5.63262692594435e-05 6.04209999437444e-05 6.72983223921619e-05 7.9550089139957e-05 9.96957387542352e-05 0.000117577808850911
0.000153177548781969 0.000125736725749448 0.000109779502963647 7.70959231886081e-05 5.97635626036208e-05 3.70496964023914e-05 4.06816507165786e-05 0.000580717518460006 0.0395796187222004 0.871474862098694 0.937037885189056 0.971393823623657 0.96118700504303 0.909587979316711 0.978529632091522 0.982844114303589 0.976066946983337 0.945268034934998 0.839028477668762 0.402408212423325 0.00283046602271497 0.000910541391931474 1.89329166460084e-05 8.24901235318976e-06 1.0793389265018e-05 6.49382582196267e-06 4.86760245621554e-06 8.04827650426887e-05 0.00023798733309377 0.00026972041814588 0.00022375829576049 0.00017885684792418 0.000147105121868663 0.000124729063827544 9.22224135138094e-05 8.38299456518143e-05 7.2293150878977e-05 5.62848290428519e-05 4.72785686724819e-05 5.3647378081223e-05 7.58958485675976e-05 0.000103593738458585 0.000115721282782033
0.00010787024802994 0.000122797486255877 0.000102329475339502 7.82424685894512e-05 5.01207978231832e-05 3.19173523166683e-05 4.57409041700885e-05 0.00138907739892602 0.0684702321887016 0.886799812316895 0.955526947975159 0.975356161594391 0.919963896274567 0.849028646945953 0.964188694953918 0.984236538410187 0.966412007808685 0.895103633403778 0.640036463737488 0.255108654499054 0.000512788770720363 0.000300536747090518 5.11462076246971e-06 3.15168972520041e-06 9.60942725214409e-06 1.3151719031157e-05 2.76535865850747e-05 9.62518388405442e-05 0.000140793083119206 0.000159719318617135 0.000157990391016938 0.000146699443575926 0.000114083544758614 9.20182792469859e-05 8.06474854471162e-05 6.72506575938314e-05 6.93848269293085e-05 4.64161130366847e-05 5.09336750837974e-05 5.08758967043832e-05 6.51073423796333e-05 9.24422638490796e-05 0.000111903849756345
8.2681312051136e-05 9.60731704253703e-05 9.66386796790175e-05 7.26661965018138e-05 5.08774865011219e-05 6.14707023487426e-05 0.000690654502250254 0.00482406420633197 0.122105248272419 0.887747168540955 0.985023379325867 0.986893832683563 0.943811535835266 0.856596887111664 0.903969824314117 0.930279076099396 0.942229151725769 0.826692044734955 0.277642220258713 0.0122774010524154 0.000378055818146095 1.39632802529377e-05 2.9460618407029e-06 4.00720182369696e-06 1.21849279821618e-05 2.6996225642506e-05 4.68881698907353e-05 6.5882115450222e-05 7.4368916102685e-05 0.000100828292488586 0.000117083633085713 0.000115607894258574 0.000107857129478361 9.51600013650022e-05 9.44718922255561e-05 6.78846845403314e-05 6.44213214400224e-05 5.46067130926531e-05 5.89394148846623e-05 5.41211047675461e-05 5.77310856897384e-05 7.7504308137577e-05 9.52757909544744e-05
6.25811007921584e-05 7.47855010558851e-05 8.66311602294445e-05 6.73177491989918e-05 5.25156574440189e-05 4.16509428760037e-05 0.000290750293061137 0.00262161600403488 0.0543761402368546 0.60243022441864 0.968820095062256 0.992847561836243 0.983044445514679 0.903018832206726 0.856024444103241 0.961882054805756 0.943113625049591 0.686542749404907 0.467491149902344 0.015444191172719 0.00178951746784151 5.52902929484844e-06 3.0879039059073e-06 5.64467563890503e-06 1.60484178195475e-05 3.67452812497504e-05 6.00684579694644e-05 6.45352411083877e-05 7.16424838174134e-05 9.80276890913956e-05 9.83318386715837e-05 8.077787788352e-05 8.18734843051061e-05 8.30212811706588e-05 8.07824762887321e-05 6.30518989055417e-05 6.57434502500109e-05 5.47699382877909e-05 5.80036248720717e-05 5.83975197514519e-05 6.36071199551225e-05 7.31945983716287e-05 8.68572969920933e-05
6.33337840554304e-05 6.44252722850069e-05 7.39435345167294e-05 6.15717144683003e-05 4.75223423563875e-05 4.38960378232878e-05 0.000179384282091632 0.0109673356637359 0.0580606162548065 0.652507960796356 0.980561077594757 0.980405151844025 0.960916757583618 0.796559274196625 0.598895668983459 0.936483025550842 0.945766806602478 0.671518802642822 0.335723102092743 0.0626251101493835 0.000483273761346936 3.33256753037858e-06 3.18735806104087e-06 7.11936809238978e-06 2.20395595533773e-05 4.50593215646222e-05 5.49512260477059e-05 6.25522588961758e-05 6.70223234919831e-05 7.01394674251787e-05 7.16243157512508e-05 8.1624515587464e-05 5.4326155805029e-05 5.13176855747588e-05 4.96775974170305e-05 5.36832631041761e-05 5.82501961616799e-05 5.6055563618429e-05 6.10431961831637e-05 6.23558444203809e-05 6.88691070536152e-05 7.22801487427205e-05 8.40501088532619e-05
6.82310419506393e-05 4.55974623037037e-05 4.31804146501236e-05 3.75203308067285e-05 2.78102725133067e-05 0.000150079882587306 0.00137865159194916 0.0169102251529694 0.415957391262054 0.841129302978516 0.980735182762146 0.95778751373291 0.902506470680237 0.770413339138031 0.54511970281601 0.61409592628479 0.49536070227623 0.406159400939941 0.0528361238539219 0.0533027164638042 5.75003759877291e-05 2.27395025831356e-06 2.80148697129334e-06 4.3883746911888e-06 1.30600847114692e-05 3.25572036672384e-05 4.5834545744583e-05 5.64700676477514e-05 5.70591437281109e-05 6.30074864602648e-05 6.19626953266561e-05 6.14202654105611e-05 6.46405896986835e-05 5.35274302819744e-05 4.701822399511e-05 4.9870021030074e-05 5.28257151017897e-05 5.60046100872569e-05 6.311073229881e-05 6.57525451970287e-05 6.67470449116081e-05 7.03527257428505e-05 8.75132682267576e-05
7.16288122930564e-05 3.38054051098879e-05 2.25727217184613e-05 1.81199648068286e-05 3.19061327900272e-05 0.000283321598544717 0.00222119991667569 0.0576961897313595 0.732769012451172 0.980331480503082 0.978741466999054 0.996583521366119 0.980013370513916 0.807286500930786 0.620010018348694 0.345829457044601 0.19013412296772 0.0758780986070633 0.00259576248936355 0.00620072055608034 7.4354070420668e-06 1.39819223932136e-06 1.81597101800435e-06 2.49511890615395e-06 5.52726532987435e-06 2.20465608435916e-05 2.97461883747019e-05 4.61345225630794e-05 5.11143662151881e-05 5.30125180375762e-05 5.56039849470835e-05 5.60001899430063e-05 5.44453941984102e-05 5.45615512237418e-05 4.69794795208145e-05 4.71886960440315e-05 4.9316200602334e-05 5.65143636777066e-05 5.56773848074954e-05 5.6288146879524e-05 6.54894902254455e-05 6.99467636877671e-05 7.60857292334549e-05
9.85356091405265e-05 4.0397972043138e-05 2.15623567783041e-05 1.33302646645461e-05 1.69284703588346e-05 9.13347903406247e-05 0.00135103508364409 0.0418920367956161 0.649002969264984 0.942064523696899 0.99689257144928 0.999208629131317 0.976359307765961 0.952526867389679 0.746146440505981 0.769580245018005 0.432604193687439 0.132696539163589 0.00203978479839861 4.09940003009979e-05 4.50405923402286e-06 8.41606606627465e-07 1.94780295714736e-06 3.38410200129147e-06 1.09403790702345e-05 1.65699530043639e-05 3.24831089528743e-05 4.01003635488451e-05 4.48697792307939e-05 4.75820452265907e-05 5.44549584446941e-05 5.33835118403658e-05 5.48344287381042e-05 5.28078744537197e-05 4.96944157930557e-05 5.33882484887727e-05 5.09080819028895e-05 5.56758604943752e-05 5.50112999917474e-05 5.73397264815867e-05 6.03315165790264e-05 6.80039956932887e-05 6.97717987350188e-05
0.000177365640411153 8.08318945928477e-05 4.01303805119824e-05 1.88821104529779e-05 1.34300971694756e-05 0.000251717603532597 0.00592545513063669 0.0490795001387596 0.494435995817184 0.765960872173309 0.992021024227142 0.981253445148468 0.950893580913544 0.980695784091949 0.713667392730713 0.719039499759674 0.426117658615112 0.147728130221367 0.00576389022171497 2.92184595309664e-05 8.3714996890194e-07 6.99734016507136e-07 2.27408895625558e-06 7.60996181270457e-06 1.32201303131296e-05 1.5325482308981e-05 2.356658296776e-05 3.21428924507927e-05 4.11826767958701e-05 4.00120843551122e-05 4.41001357103232e-05 4.88576442876365e-05 4.94744563184213e-05 4.84035335830413e-05 4.65425109723583e-05 4.69120423076674e-05 4.53585780633148e-05 5.09394776599947e-05 5.16109357704408e-05 5.65128793823533e-05 5.96208847127855e-05 6.71572925057262e-05 7.269478373928e-05
0.000123721780255437 7.65655713621527e-05 5.21585934620816e-05 2.62133889918914e-05 1.46121510624653e-05 2.5133034796454e-05 0.00219628494232893 0.0990079268813133 0.435626775026321 0.689622461795807 0.9889777302742 0.963039696216583 0.893887400627136 0.758801579475403 0.749839961528778 0.988117098808289 0.821311831474304 0.241333395242691 0.00456585781648755 1.12121406345977e-05 2.63673518929863e-06 1.19684443689039e-06 1.69952375017601e-06 6.91712693878799e-06 1.48349909068202e-05 2.29038869292708e-05 2.3680668164161e-05 2.6717949367594e-05 3.99066884710919e-05 4.05556966143195e-05 4.1244722524425e-05 4.52225540357176e-05 5.00693422509357e-05 4.81609858979937e-05 4.63885407953057e-05 4.49551152996719e-05 4.61693489341997e-05 4.7458157496294e-05 5.11954131070524e-05 5.68201066926122e-05 5.8454490499571e-05 6.746084545739e-05 7.34281347831711e-05
0.000186433127964847 9.54896240727976e-05 5.35055260115769e-05 3.03781671391334e-05 1.44899058796e-05 1.05550107036834e-05 0.00701719801872969 0.144634798169136 0.36258003115654 0.769625544548035 0.997234225273132 0.962649703025818 0.930620431900024 0.769382774829865 0.985382199287415 0.998412311077118 0.876207172870636 0.247506409883499 0.0174479149281979 5.25517534697428e-05 8.17522413854022e-06 3.69820986634295e-06 2.75899674306856e-06 7.40463110560086e-06 1.46931288327323e-05 2.10438338399399e-05 2.92207532766042e-05 3.67744978575502e-05 4.11010696552694e-05 4.31441403634381e-05 4.68881407869048e-05 4.50331281172112e-05 4.68592443212401e-05 4.40826843259856e-05 4.67264289909508e-05 4.41077754658181e-05 4.16757029597647e-05 4.34985922765918e-05 5.16487125423737e-05 5.13889499416109e-05 5.62337008886971e-05 6.29537971690297e-05 7.03755358699709e-05
0.000187007637578063 9.87213716143742e-05 5.73840516153723e-05 3.60406629624777e-05 1.88201429409673e-05 1.21263556138729e-05 0.00348691013641655 0.119756579399109 0.344738274812698 0.79514342546463 0.992351114749908 0.994239509105682 0.964565813541412 0.917329609394073 0.990510165691376 0.998363733291626 0.557017266750336 0.0636362060904503 0.00489298440515995 0.000195025932043791 1.21871880764957e-05 9.19998910831055e-06 5.93155436945381e-06 8.63995228428394e-06 1.62333999469411e-05 2.30112964345608e-05 3.01626987493364e-05 3.70653797290288e-05 4.62263305962551e-05 4.75440538139082e-05 4.31439439125825e-05 4.8283975047525e-05 4.7324865590781e-05 4.51509004051331e-05 4.55159060948063e-05 4.25059042754583e-05 4.16743350797333e-05 4.54739383712877e-05 4.91093524033204e-05 5.23369781149086e-05 5.69933399674483e-05 6.74611364956945e-05 7.59125323384069e-05
0.00019963200611528 0.000118723473860882 7.21345786587335e-05 4.10853099310771e-05 2.46211275225505e-05 1.96234941540752e-05 0.00785492081195116 0.121250510215759 0.274968832731247 0.586654245853424 0.989410996437073 0.99644273519516 0.982557058334351 0.97593355178833 0.992875933647156 0.997585833072662 0.960503697395325 0.139519527554512 0.00462349690496922 0.000248719938099384 2.64481022895779e-05 1.88090198207647e-05 1.39958110594307e-05 1.52904940478038e-05 2.15541404031683e-05 2.72914694505744e-05 3.69537192455027e-05 4.66930032416712e-05 4.86582357552834e-05 5.14371531608049e-05 5.06325013702735e-05 4.62388852611184e-05 4.63143805973232e-05 4.48092941951472e-05 4.40974472439848e-05 4.22553421230987e-05 4.31166954513174e-05 4.17592964367941e-05 4.86266035295557e-05 5.32222184119746e-05 6.20023638475686e-05 6.93816546117887e-05 7.73061765357852e-05
0.000243052607402205 0.000154875320731662 9.37197110033594e-05 5.87103568250313e-05 3.74947376258206e-05 2.58559957728721e-05 0.000675849732942879 0.0789515525102615 0.246934875845909 0.412110060453415 0.981368124485016 0.999184966087341 0.993831694126129 0.997885644435883 0.99976110458374 0.997766077518463 0.675465166568756 0.108994208276272 0.00449005234986544 0.000545681221410632 6.13776501268148e-05 2.74875837931177e-05 1.99297501239926e-05 2.32999573199777e-05 3.06621222989634e-05 3.8446578400908e-05 4.28424682468176e-05 4.89966187160462e-05 5.94703560636844e-05 5.88417278777342e-05 5.54160178580787e-05 5.49429278180469e-05 5.17890584887937e-05 4.85732125525828e-05 4.12850022257771e-05 3.76156895072199e-05 4.40723379142582e-05 5.24386305187363e-05 5.32019876118284e-05 5.50413933524396e-05 6.22260413365439e-05 6.69757500872947e-05 7.56206281948835e-05
0.000327925226883963 0.00021172477863729 0.000117430987302214 7.43813870940357e-05 4.85545533592813e-05 3.85599996661767e-05 0.000357132434146479 0.178981214761734 0.183636352419853 0.344063729047775 0.971238672733307 0.997175693511963 0.999374866485596 0.999842643737793 0.99995493888855 0.999415695667267 0.941992521286011 0.0668220594525337 0.00499801756814122 0.000636406592093408 9.27589499042369e-05 5.33443744643591e-05 4.0320708649233e-05 3.8115176721476e-05 5.05946336488705e-05 5.15692263434175e-05 5.5471871746704e-05 6.34327006991953e-05 6.40668731648475e-05 6.58554854453541e-05 6.30829672445543e-05 5.92808246437926e-05 5.94076045672409e-05 5.15660831297282e-05 4.68346370325889e-05 4.39891118730884e-05 5.14920502610039e-05 5.20701796631329e-05 5.57847997697536e-05 6.09068265475798e-05 6.50449437671341e-05 7.17761504347436e-05 7.59136892156675e-05
0.000413578207371756 0.000251509482041001 0.000153351065819152 0.000102508238342125 6.73173053655773e-05 5.29783101228531e-05 6.67906278977171e-05 0.0140192722901702 0.0250697173178196 0.503132700920105 0.967988073825836 0.992508888244629 0.999856472015381 0.999984085559845 0.999878346920013 0.991586148738861 0.182937562465668 0.0244655925780535 0.0018322947435081 0.000447440950665623 0.00018467812333256 0.00010264698357787 7.78220346546732e-05 6.36771583231166e-05 8.12684447737411e-05 7.69023317843676e-05 7.23259072401561e-05 7.09510131855495e-05 6.42489176243544e-05 6.84500773786567e-05 7.25437203072943e-05 6.69996588840149e-05 6.82313038851134e-05 5.89346891501918e-05 5.48856442037504e-05 5.21663423569407e-05 5.32261074113194e-05 5.85752677579876e-05 6.0624566685874e-05 6.39875506749377e-05 6.92014873493463e-05 7.843085040804e-05 7.54631182644516e-05
0.000502307608257979 0.000299825827823952 0.000174840679392219 0.000111849796667229 8.33730155136436e-05 6.64930485072546e-05 6.74333132337779e-05 0.000142644959851168 0.0820666402578354 0.828596711158752 0.905885756015778 0.99500298500061 0.999936461448669 0.999995350837708 0.999843597412109 0.787743628025055 0.0768996551632881 0.00907881557941437 0.00132614851463586 0.000579730200115591 0.000338771846145391 0.000176478220964782 9.83793652267195e-05 6.49372886982746e-05 0.000124909332953393 0.000115262220788281 0.000102200407127384 8.83465909282677e-05 8.53571327752434e-05 7.76323868194595e-05 8.55220641824417e-05 8.32076621009037e-05 8.1913014582824e-05 7.61390765546821e-05 6.89995140419342e-05 6.57256750855595e-05 6.40170183032751e-05 6.62211459712125e-05 6.88394939061254e-05 7.10319800418802e-05 7.14787747710943e-05 7.46534788049757e-05 7.66232478781603e-05
0.000563424837309867 0.000316067395033315 0.000176606641616672 0.000108850093965884 8.77811035024934e-05 7.63550779083744e-05 0.000121541808766779 0.00388129730708897 0.148629665374756 0.547116279602051 0.962602555751801 0.999104678630829 0.99991512298584 0.99997466802597 0.999900043010712 0.758301794528961 0.054231446236372 0.00633752765133977 0.00138477957807481 0.00120863050688058 0.000375450938008726 0.000183369425940327 8.00835914560594e-05 0.000110299602965824 0.000169615843333304 0.000166678233654238 0.000133902896777727 0.000108658350654878 0.000107929481600877 0.000104493083199486 0.000102261481515598 0.000101968318631407 9.90858679870144e-05 9.21778046176769e-05 8.92972166184336e-05 8.62900124047883e-05 7.59124159230851e-05 8.01611313363537e-05 7.49020910006948e-05 7.35710491426289e-05 7.5938027293887e-05 7.81120397732593e-05 8.20923887658864e-05
