data/climate_estimation/maxent_output/Bomarea_hirsuta.asc
NCOLS 158 
NROWS 198 
XLLCORNER -85.1666666666667 
YLLCORNER -5.75 
CELLSIZE 0.0833333333333334 
NODATA_value -3.4e+38 
[rows 132 to 153 of 198, columns 100 to 149 of 158]
0.017061511054635 0.0143472878262401 0.011714450083673 0.0108651770278811 0.0114392386749387 0.0113542079925537 0.0118565335869789 0.0117482412606478 0.0113291861489415 0.0110216289758682 0.011773144826293 0.0105416160076857 0.0106323594227433 0.0107167446985841 0.0101822186261415 0.00881582126021385 0.00795827712863684 0.00739416293799877 0.00631398521363735 0.00651761842891574 0.0053303805179894 0.00483567593619227 0.00476012611761689 0.00454976409673691 0.00450748158618808 0.00522327283397317 0.00590635789558291 0.00662485836073756 0.00748894223943353 0.00689234910532832 0.00748329656198621 0.00750840781256557 0.00729383202269673 0.00694378977641463 0.00754629541188478 0.00715348403900862 0.00735580595210195 0.00731411622837186 0.0073756380006671 0.00812051445245743 0.00721309473738074 0.00727842375636101 0.00686542876064777 0.00687853014096618 0.0087967636063695 0.00873461738228798 0.00849838554859161 0.0078053162433207 0.0077086603268981 0.00911622773855925
0.0175105910748243 0.0133104072883725 0.0109060127288103 0.0115475663915277 0.0114369764924049 0.0118580954149365 0.0119259096682072 0.01187963783741 0.0116419829428196 0.011863456107676 0.0112318666651845 0.0101871062070131 0.00969785917550325 0.00965790543705225 0.00927455071359873 0.0084427846595645 0.00694895023480058 0.00695913564413786 0.00667927274480462 0.00553705915808678 0.00552691938355565 0.00484007829800248 0.00462977169081569 0.00456503638997674 0.00505161471664906 0.0050210477784276 0.00557794328778982 0.00567233562469482 0.00668699387460947 0.00730798719450831 0.00739374943077564 0.00699863769114017 0.00711707724258304 0.00623561209067702 0.00671102898195386 0.00731718353927135 0.0071535836905241 0.00661263475194573 0.00753031950443983 0.00742266094312072 0.00768254790455103 0.00749924313277006 0.0068408795632422 0.00654331734403968 0.00805985182523727 0.00867702253162861 0.00819405727088451 0.00788071285933256 0.00740991765633225 0.00892755575478077
0.017339676618576 0.012786703184247 0.0110911149531603 0.0114436121657491 0.0111760459840298 0.0108462497591972 0.01131830830127 0.0108903190121055 0.010866392403841 0.0108642484992743 0.0101397018879652 0.00987589824944735 0.0096662500873208 0.00909946393221617 0.00850407592952251 0.00803480017930269 0.00754187628626823 0.00637680245563388 0.00595214031636715 0.00624719820916653 0.00572436349466443 0.00546286953613162 0.00487398961558938 0.0046383598819375 0.00503639969974756 0.00539904367178679 0.00542479939758778 0.00491905305534601 0.00586664397269487 0.00659092422574759 0.00687234150245786 0.00647884188219905 0.00698849372565746 0.00686626322567463 0.00708367209881544 0.00785019155591726 0.00722702452912927 0.00687726866453886 0.00742554618045688 0.00793145783245564 0.00776738533750176 0.00662943813949823 0.00684899836778641 0.00722905760630965 0.00732492189854383 0.00787736475467682 0.00800167396664619 0.00776440743356943 0.00768940709531307 0.00822679419070482
0.0177463516592979 0.013225837610662 0.0116319973021746 0.0117519246414304 0.0112230591475964 0.0107108699157834 0.0109960753470659 0.0113140055909753 0.010799259878695 0.0107070291414857 0.0100678438320756 0.00964661873877048 0.00977959670126438 0.00908329151570797 0.00880296248942614 0.00809341389685869 0.0076975948177278 0.0063631976954639 0.00543427560478449 0.00570497009903193 0.00579153979197145 0.00520498026162386 0.00513220438733697 0.00489396648481488 0.00493763852864504 0.00538119208067656 0.0052850185893476 0.00537304906174541 0.005495710298419 0.00606546457856894 0.00684351520612836 0.00659377034753561 0.00701583456248045 0.00716767413541675 0.00768746947869658 0.00781537406146526 0.0075715403072536 0.00686922809109092 0.0071385707706213 0.00686662876978517 0.00728695001453161 0.00710657145828009 0.00669608870521188 0.00694797188043594 0.0074052163399756 0.0066269407980144 0.00666213361546397 0.00658019306138158 0.00671105738729239 0.00705244857817888
0.0155741851776838 0.0134429186582565 0.0109517127275467 0.0108849788084626 0.0106267808005214 0.0103351967409253 0.0103587051853538 0.0104718822985888 0.0104436343535781 0.0103804739192128 0.00985928811132908 0.00944635365158319 0.00901703722774982 0.00890944991260767 0.00889737345278263 0.00799664109945297 0.00786501076072454 0.0073884972371161 0.00623997440561652 0.00622031092643738 0.00629977416247129 0.00520652765408158 0.00510438904166222 0.00549602368846536 0.00485330773517489 0.00519141461700201 0.00522340787574649 0.005550567060709 0.00592536246404052 0.00617304956540465 0.00656865211203694 0.00660248706117272 0.00656511960551143 0.00672907894477248 0.00712527148425579 0.00729555357247591 0.00756286550313234 0.00789214577525854 0.00740907806903124 0.00772888353094459 0.00805157702416182 0.00813030079007149 0.00747805926948786 0.00715178903192282 0.00681219855323434 0.00671477150171995 0.00709808990359306 0.00648735836148262 0.0072939177043736 0.00853564869612455
0.0148388752713799 0.0133183924481273 0.0132084153592587 0.0122313480824232 0.0106618292629719 0.0102353794500232 0.0113263418897986 0.0114537784829736 0.0102922292426229 0.00983897130936384 0.00993913970887661 0.00942263752222061 0.00868114456534386 0.00904840789735317 0.00801731925457716 0.00806271377950907 0.00754087558016181 0.00794592220336199 0.00636383099481463 0.00644117966294289 0.00640054466202855 0.0062375869601965 0.00544944312423468 0.00548734376206994 0.00510142277926207 0.00506264064460993 0.00520598515868187 0.0059663956053555 0.00613510515540838 0.00571264512836933 0.00630479399114847 0.00661112600937486 0.00632841093465686 0.00650991406291723 0.00684852292761207 0.0069172983057797 0.0075476854108274 0.00742051331326365 0.00708035286515951 0.00840846914798021 0.00780238397419453 0.00814162567257881 0.00841747503727674 0.00813161768019199 0.0076313205063343 0.00780851300805807 0.00675868755206466 0.00707739638164639 0.00694874208420515 0.00823250785470009
0.0149461729452014 0.0140740741044283 0.0115075288340449 0.0113805513828993 0.0113862305879593 0.0118058240041137 0.0120995249599218 0.0114813204854727 0.0104129686951637 0.0100428937003016 0.00961170066148043 0.00954979564994574 0.00921414978802204 0.00890940427780151 0.00826246291399002 0.00780503218993545 0.00819030217826366 0.00746271060779691 0.00634513702243567 0.00678971782326698 0.007107172627002 0.00635836832225323 0.00575776025652885 0.00583573756739497 0.00552551308646798 0.00519587099552155 0.00497347768396139 0.00554818287491798 0.00607957830652595 0.00598727399483323 0.00591505272313952 0.00609612418338656 0.00706928689032793 0.00710559543222189 0.00682243751361966 0.00711913080886006 0.00753371929749846 0.00739249587059021 0.00677223782986403 0.00787534285336733 0.007468166295439 0.00808938313275576 0.00780709786340594 0.00786474719643593 0.00738287903368473 0.00786812417209148 0.00769231002777815 0.00770402140915394 0.00639444123953581 0.00706452876329422
0.0153292454779148 0.0135169215500355 0.0124574992805719 0.0116616981104016 0.0121789975091815 0.0120405741035938 0.0112461671233177 0.0104877054691315 0.0105894524604082 0.00968788284808397 0.00979884341359138 0.00964357703924179 0.00908402446657419 0.00909283757209778 0.00835728924721479 0.00821825861930847 0.0085194306448102 0.00807434786111116 0.00676265405490994 0.00644203973934054 0.00696003623306751 0.00630942080169916 0.0060396334156394 0.00632435129955411 0.00631812959909439 0.0060295732691884 0.00572742568328977 0.00595877086743712 0.00637851469218731 0.0061188992112875 0.00575181189924479 0.00584018183872104 0.00618411833420396 0.00666500953957438 0.00706908293068409 0.00689848372712731 0.00719860754907131 0.00697929225862026 0.00686858408153057 0.0075320340692997 0.00722610345110297 0.00751563580706716 0.00721756275743246 0.00708319758996367 0.00752430036664009 0.00688390806317329 0.0079531678929925 0.00735666789114475 0.00705981208011508 0.00641219178214669
0.0154273984953761 0.0129224825650454 0.0129483640193939 0.0118713704869151 0.014633628539741 0.0136485742405057 0.0121020199730992 0.010618899948895 0.0104481587186456 0.00966772716492414 0.0097473282366991 0.00872863829135895 0.00890325102955103 0.00888236053287983 0.0086141237989068 0.0079982727766037 0.00828483421355486 0.00786042027175426 0.00735357636585832 0.00615056464448571 0.0061367666348815 0.00697983102872968 0.00633483799174428 0.00589932408183813 0.00639020791277289 0.00597907183691859 0.00589426048099995 0.00594616867601871 0.0061229937709868 0.00664216047152877 0.00629632733762264 0.00669408496469259 0.00615081423893571 0.00656472938135266 0.00613092631101608 0.00741549860686064 0.00704238750040531 0.00624705431982875 0.00666037201881409 0.00739979045465589 0.00755977816879749 0.00763361435383558 0.0068581672385335 0.00688459537923336 0.00660325353965163 0.00657281279563904 0.00683559710159898 0.00698906322941184 0.0073283901438117 0.0070527708157897
0.0144255878403783 0.0130284400656819 0.0111537706106901 0.0111983809620142 0.0132790468633175 0.0137923462316394 0.0126941930502653 0.0112635083496571 0.011039424687624 0.0104648945853114 0.0105538321658969 0.00942816399037838 0.00905928201973438 0.00832530111074448 0.00828630849719048 0.00769608793780208 0.00841437932103872 0.00807140860706568 0.00723095843568444 0.00631711166352034 0.00635589240118861 0.00610631704330444 0.0060347025282681 0.00627850648015738 0.00685350503772497 0.00613666046410799 0.00588553864508867 0.00592363346368074 0.00550685357302427 0.00621196161955595 0.00627293111756444 0.00683091208338737 0.00600892771035433 0.00622814241796732 0.00666880095377564 0.0066667590290308 0.0066389380954206 0.00617340626195073 0.00667570158839226 0.00649470556527376 0.00720719620585442 0.00710230506956577 0.0072551928460598 0.00676896702498198 0.00681435642763972 0.00588866043835878 0.005986038595438 0.00642756372690201 0.00653292192146182 0.00716950464993715
0.0131894871592522 0.0119308959692717 0.0113076409325004 0.0104895839467645 0.0126584228128195 0.0137334149330854 0.0130587760359049 0.0116238947957754 0.0119420047849417 0.0109516335651278 0.00999328400939703 0.0090717663988471 0.00962413381785154 0.00888190511614084 0.00849383417516947 0.00792765617370605 0.00840399321168661 0.00764468871057034 0.00712599791586399 0.00720289116725326 0.00746695790439844 0.00607775710523129 0.00559689197689295 0.00587659981101751 0.00690166233107448 0.00759466039016843 0.00647694570943713 0.0063941995613277 0.00641465978696942 0.00672265468165278 0.00713898101821542 0.00778348417952657 0.00706145586445928 0.0065122121013701 0.00619346182793379 0.00598980532959104 0.00652986066415906 0.00700117275118828 0.0067858574911952 0.00634135026484728 0.0068578370846808 0.00728565827012062 0.00637723784893751 0.00677396450191736 0.00669909175485373 0.00624703569337726 0.00602967478334904 0.00616708630695939 0.0068134656175971 0.00666673993691802
0.0132159246131778 0.0119371544569731 0.0108276838436723 0.0106056639924645 0.0104649746790528 0.0107308328151703 0.0108665684238076 0.00987609848380089 0.0105872517451644 0.00966759771108627 0.010133502073586 0.00995633937418461 0.00906080566346645 0.00870272889733315 0.00872599240392447 0.00849373266100883 0.00812956131994724 0.00807277020066977 0.00683733820915222 0.00675819395110011 0.00645110430195928 0.00721946079283953 0.00564730353653431 0.00583329470828176 0.00596682168543339 0.0070741418749094 0.0072708697989583 0.00711705582216382 0.00626862002536654 0.00588359590619802 0.00669231917709112 0.00734369037672877 0.00738139450550079 0.00720914592966437 0.0067747519351542 0.00634564040228724 0.00620978511869907 0.0060722790658474 0.00621866062283516 0.00585748953744769 0.00596587592735887 0.00670619308948517 0.00639469129964709 0.0062745469622314 0.00650900974869728 0.00621039187535644 0.00569125637412071 0.00595544837415218 0.0059358598664403 0.00642279023304582
0.0143239172175527 0.0121485637500882 0.0116208996623755 0.0108291553333402 0.0106326937675476 0.00983545463532209 0.00942998751997948 0.00954022258520126 0.00968165788799524 0.00905290804803371 0.00994771812111139 0.00905067194253206 0.00965531915426254 0.00954381842166185 0.00874173827469349 0.00861587561666965 0.00835822429507971 0.00809428747743368 0.00694844825193286 0.00677401665598154 0.0065373326651752 0.00687639228999615 0.00667574256658554 0.00569719402119517 0.00579715985804796 0.00660075759515166 0.00679275160655379 0.00735069019719958 0.00660259695723653 0.00598755106329918 0.00666543608531356 0.00662647886201739 0.00648896209895611 0.00641863280907273 0.00632128957659006 0.0063718045130372 0.00629259645938873 0.00574609031900764 0.00553161138668656 0.00592134287580848 0.00557591253891587 0.00583641557022929 0.00620022276416421 0.00580752454698086 0.00573467696085572 0.00586599437519908 0.00550139928236604 0.00571084907278419 0.00600701617076993 0.00615626852959394
0.0141371134668589 0.0120798144489527 0.0121004087850451 0.0119242127984762 0.0116340108215809 0.0108715584501624 0.0106036635115743 0.0102963643148541 0.00955187994986773 0.00958470720797777 0.00915563479065895 0.00891903229057789 0.00897500198334455 0.0101280491799116 0.00940875336527824 0.00802069995552301 0.00838431064039469 0.00828038435429335 0.00728295184671879 0.00677514588460326 0.00726570887491107 0.00664882501587272 0.00676477048546076 0.00591648370027542 0.00645718025043607 0.00644922954961658 0.00710462592542171 0.0071089924313128 0.00680607231333852 0.00642637722194195 0.0066323708742857 0.00657316204160452 0.00653474219143391 0.00625983625650406 0.00608520302921534 0.00620869779959321 0.00596517464146018 0.0058129271492362 0.0055014006793499 0.00540990242734551 0.00541222048923373 0.00544297182932496 0.00560344103723764 0.00573912635445595 0.00555229280143976 0.00557312881574035 0.00573786627501249 0.00537140062078834 0.00547858513891697 0.00565732922405005
0.012295332737267 0.0112044280394912 0.0113688800483942 0.0111249508336186 0.0107951108366251 0.0105071924626827 0.0101401265710592 0.00950606819242239 0.00966469757258892 0.00920670386403799 0.00906791165471077 0.00977102387696505 0.00851750560104847 0.00848756730556488 0.0087871327996254 0.00853751134127378 0.00782872084528208 0.00777128105983138 0.00783394183963537 0.00723202107474208 0.00676986202597618 0.00629802094772458 0.00616921065375209 0.00598686700686812 0.00610421411693096 0.00636207545176148 0.00646353699266911 0.00696680182591081 0.00654543098062277 0.00653634173795581 0.00643750932067633 0.00640637194737792 0.00626554293558002 0.00622827000916004 0.00639160396531224 0.00570417521521449 0.00563790695741773 0.0056098853237927 0.00500809960067272 0.00488893780857325 0.00512304622679949 0.00476135825738311 0.00511899311095476 0.00579828582704067 0.00570080149918795 0.00557035114616156 0.0055610965937376 0.00539033208042383 0.00497767562046647 0.00510078808292747
0.0133200045675039 0.0119030056521297 0.0109898690134287 0.00982925482094288 0.00983402784913778 0.0098260035738349 0.00977771263569593 0.00900535937398672 0.00913325324654579 0.00877684447914362 0.00878386478871107 0.00874680560082197 0.00878703407943249 0.00851627811789513 0.00799637939780951 0.00779180834069848 0.00717007135972381 0.00733297830447555 0.00723554519936442 0.0070675234310329 0.00718619441613555 0.00707251764833927 0.00632216548547149 0.00644443649798632 0.00598357012495399 0.00592538341879845 0.00607992429286242 0.00652918173000216 0.00690089538693428 0.00625704508274794 0.00603774283081293 0.00577703258022666 0.00599196227267385 0.00619195168837905 0.00577165139839053 0.00530855590477586 0.005325838457793 0.00521986931562424 0.0049332631751895 0.00473657436668873 0.00472233956679702 0.00468579819425941 0.00462430156767368 0.00493887579068542 0.00509205041453242 0.00532174995169044 0.00539486529305577 0.00520578399300575 0.00530793471261859 0.00514463149011135
0.0109826121479273 0.0109560303390026 0.0110202999785542 0.0102155022323132 0.0102723613381386 0.00975219439715147 0.00919961184263229 0.00881945714354515 0.00855649635195732 0.00817642360925674 0.00808868743479252 0.0082899508997798 0.00816441886126995 0.0078074848279357 0.00774878403171897 0.00773048354312778 0.00737931532785296 0.00765140866860747 0.00721450429409742 0.00718063535168767 0.00691817747429013 0.00702608842402697 0.00648580584675074 0.00593728525564075 0.0058573791757226 0.00579234911128879 0.00584616186097264 0.006032042670995 0.00627216463908553 0.00671488000079989 0.00620944239199162 0.00571960723027587 0.0054265009239316 0.00570788746699691 0.00537243718281388 0.00529023678973317 0.00531452614814043 0.0050044571980834 0.00492189824581146 0.00451253913342953 0.00446724658831954 0.0047438726760447 0.00444895261898637 0.00468836072832346 0.00471773045137525 0.0047321324236691 0.00478482432663441 0.00500105461105704 0.00503877876326442 0.00494843767955899
0.011512303724885 0.010073752142489 0.00933592859655619 0.00927069690078497 0.00917003024369478 0.00929008238017559 0.00911128800362349 0.00904308725148439 0.00904763303697109 0.00869060773402452 0.00889529939740896 0.00836953707039356 0.00859424192458391 0.00845103804022074 0.00828796904534101 0.00944480393081903 0.0086435042321682 0.00766710797324777 0.00811938755214214 0.00812781415879726 0.00646695448085666 0.0065922406502068 0.00648444890975952 0.00630824454128742 0.00581458583474159 0.00584492925554514 0.0057808025740087 0.00601666094735265 0.00645821774378419 0.00647238967940211 0.00620089052245021 0.00596085097640753 0.00564238149672747 0.00551051553338766 0.00518322084099054 0.00510285748168826 0.00526369735598564 0.00515204714611173 0.00508148781955242 0.0046987421810627 0.00435083033517003 0.00440658116713166 0.00435344083234668 0.00439466908574104 0.0048390906304121 0.00485648354515433 0.00478698732331395 0.00464164139702916 0.00508031109347939 0.00490214256569743
0.0103700589388609 0.0102921845391393 0.00977695919573307 0.0091358395293355 0.00845641642808914 0.00911122001707554 0.00935500394552946 0.00930835865437984 0.00837222672998905 0.00896069966256618 0.00844551343470812 0.00875972304493189 0.00865588709712029 0.00841950159519911 0.00817454140633345 0.00783105660229921 0.00829594023525715 0.00754144415259361 0.00775551469996572 0.00773796485736966 0.00675385212525725 0.00614522909745574 0.00669505167752504 0.00607907073572278 0.00601600389927626 0.00571188190951943 0.00599459698423743 0.00590306986123323 0.00595603650435805 0.00645913276821375 0.00609520496800542 0.0060484972782433 0.00612777378410101 0.00569114694371819 0.00528097385540605 0.00516378087922931 0.00539766531437635 0.00528367096558213 0.0049060694873333 0.00467033265158534 0.00448003271594644 0.00424784328788519 0.00424066139385104 0.00423278100788593 0.00460660178214312 0.00486882776021957 0.00449806684628129 0.00461534643545747 0.00474164681509137 0.00477827806025743
0.00945211015641689 0.00929406471550465 0.00875896401703358 0.00910145044326782 0.00840356200933456 0.00857909582555294 0.00865832902491093 0.00858209747821093 0.00790365878492594 0.00841770693659782 0.00829484406858683 0.00808948930352926 0.0079903993755579 0.00765484338626266 0.00732237519696355 0.00717438152059913 0.00726897176355124 0.00708043668419123 0.00702082552015781 0.00689947884529829 0.00706059439107776 0.00596274342387915 0.0060234135016799 0.00635576155036688 0.00619295379146934 0.00638717785477638 0.00572439702227712 0.00577111542224884 0.00605215597897768 0.0064719463698566 0.0064877369441092 0.00606064219027758 0.00609650043770671 0.00545682199299335 0.00513737788423896 0.00547363283112645 0.00536592863500118 0.0052490564994514 0.00490272045135498 0.00485375989228487 0.00465045683085918 0.00455518020316958 0.00454605929553509 0.00432736938819289 0.00440974999219179 0.00482243578881025 0.00494157196953893 0.00505726924166083 0.00491021387279034 0.00518813077360392
0.0104856388643384 0.0092092752456665 0.00911180302500725 0.00838055182248354 0.00831513293087482 0.00853027030825615 0.00813103187829256 0.00803607329726219 0.0079214246943593 0.00762604735791683 0.008077472448349 0.00793875381350517 0.00706225540488958 0.0073031703941524 0.00735323783010244 0.00736039131879807 0.00673628319054842 0.00718950433656573 0.00649247830733657 0.00716834096238017 0.00761998118832707 0.00617125164717436 0.00567803392186761 0.00610649771988392 0.00653539691120386 0.00668983114883304 0.00615762174129486 0.00586069794371724 0.00597168691456318 0.00600255187600851 0.00611265748739243 0.0062294015660882 0.00623977091163397 0.00618846388533711 0.00570288859307766 0.00599783333018422 0.00561341503635049 0.00560057815164328 0.0055803800933063 0.00492740655317903 0.00483260257169604 0.00468639889732003 0.00475318729877472 0.00446264119818807 0.00452948827296495 0.00481154723092914 0.0049027749337256 0.0050407350063324 0.00515874801203609 0.00497476244345307
0.00988831929862499 0.00849408190697432 0.00877873972058296 0.00828295759856701 0.00774582382291555 0.00787664670497179 0.0081452215090394 0.00828221254050732 0.00797160528600216 0.00782807543873787 0.00786376744508743 0.00791032705456018 0.00722260121256113 0.0070819896645844 0.00685024261474609 0.0069870431907475 0.00732252467423677 0.00721267610788345 0.00718695996329188 0.00641941837966442 0.00631794659420848 0.00660593155771494 0.00629095453768969 0.00577377574518323 0.00566813163459301 0.00635383184999228 0.00632052449509501 0.00645273644477129 0.00596822565421462 0.00585083523765206 0.00609623268246651 0.00657186657190323 0.00639230851083994 0.0063673323020339 0.00601461157202721 0.00596440816298127 0.00637861434370279 0.00580772338435054 0.005571692250669 0.00539935659617186 0.00516929198056459 0.00501955952495337 0.00481848372146487 0.00474535673856735 0.00477853417396545 0.00511940941214561 0.00516392663121223 0.00510941306129098 0.005248146597296 0.0052195698954165
