data/climate_estimation/maxent_output/Bomarea_vargasii.asc
NCOLS 37 
NROWS 36 
XLLCORNER -79 
YLLCORNER -10.0833333333333 
CELLSIZE 0.0833333333333332 
NODATA_value -3.4e+38 
[rows 0 to 24 of 36, columns 0 to 36 of 37]
0.408904016017914 0.350895345211029 0.669785976409912 0.877170383930206 0.977430105209351 0.919284701347351 0.915318965911865 0.896997570991516 0.900614261627197 0.942316651344299 0.904476165771484 0.874603152275085 0.681512773036957 0.752172827720642 0.860544621944427 0.879590153694153 0.870844423770905 0.826710045337677 0.778445363044739 0.662995278835297 0.322012603282928 0.173386856913567 0.0861790180206299 0.0609262548387051 0.0681012198328972 0.054990042001009 0.0639907345175743 0.0706545934081078 0.0846120789647102 0.0970201045274734 0.0951979383826256 0.0836640298366547 0.0686431527137756 0.0577474720776081 0.0452240891754627 0.0400553159415722 0.0363198257982731
0.131132289767265 0.197765648365021 0.304783344268799 0.475533187389374 0.885482907295227 0.944143176078796 0.938974976539612 0.935221493244171 0.93483430147171 0.910611569881439 0.910387516021729 0.879167139530182 0.831173717975616 0.563659012317657 0.787126123905182 0.839632928371429 0.871055126190186 0.835427105426788 0.783023595809937 0.53645783662796 0.330726385116577 0.179577514529228 0.118975698947906 0.0487750694155693 0.0599381513893604 0.0514611899852753 0.0461642928421497 0.0482575595378876 0.0563008300960064 0.0613131746649742 0.0676164180040359 0.0599433481693268 0.0501887574791908 0.0445025786757469 0.0482757687568665 0.0383980609476566 0.038237314671278
0.674631476402283 0.581301867961884 0.620669841766357 0.714302837848663 0.623166143894196 0.745360553264618 0.911521315574646 0.918242871761322 0.920311152935028 0.900625765323639 0.887482225894928 0.889413177967072 0.829990029335022 0.651427209377289 0.736730635166168 0.844777345657349 0.859173536300659 0.826297461986542 0.749409735202789 0.634741842746735 0.38184854388237 0.237503051757812 0.133794069290161 0.0560553818941116 0.0429250039160252 0.0555192157626152 0.0260345730930567 0.0323034264147282 0.036760613322258 0.0407291352748871 0.044023122638464 0.0434983968734741 0.0403356291353703 0.0423403717577457 0.0358042865991592 0.0339880473911762 0.0390500016510487
0.792600154876709 0.699465751647949 0.844175577163696 0.962480485439301 0.911608338356018 0.920155048370361 0.958815515041351 0.962506473064423 0.923828423023224 0.839774489402771 0.861373543739319 0.858299314975739 0.650141894817352 0.528072357177734 0.500744104385376 0.771713256835938 0.868518054485321 0.817838251590729 0.674486100673676 0.608068764209747 0.500953197479248 0.381387203931808 0.219602689146996 0.130694061517715 0.0908946990966797 0.0294388476759195 0.0249910112470388 0.0221410766243935 0.0265459679067135 0.0300067812204361 0.0303504951298237 0.0334107540547848 0.0552100278437138 0.0396677851676941 0.0300933253020048 0.026472132652998 0.0318959057331085
0.135990962386131 0.152485251426697 0.514599084854126 0.877937257289886 0.816842496395111 0.789041817188263 0.860780537128448 0.901281476020813 0.934831857681274 0.819290339946747 0.738933086395264 0.776531040668488 0.828961193561554 0.776866734027863 0.507922828197479 0.68068253993988 0.879720091819763 0.866853296756744 0.834128081798553 0.752001583576202 0.6285400390625 0.527089416980743 0.207991093397141 0.129494413733482 0.117180682718754 0.0379729308187962 0.043153278529644 0.0168578140437603 0.0195600502192974 0.0211773775517941 0.0205215439200401 0.022923557087779 0.0601251907646656 0.0371615998446941 0.028994819149375 0.0218449626117945 0.0374344848096371
0.0805296450853348 0.125377863645554 0.110792763531208 0.213893488049507 0.29424461722374 0.475907653570175 0.609830260276794 0.919059574604034 0.895684897899628 0.796628594398499 0.727602362632751 0.871213436126709 0.87741094827652 0.680638432502747 0.671505153179169 0.478878647089005 0.790175139904022 0.891935765743256 0.877790033817291 0.751715540885925 0.635968506336212 0.461092710494995 0.194371819496155 0.284294873476028 0.192200273275375 0.0329176373779774 0.0158177930861712 0.014541600830853 0.0160101372748613 0.0179590415209532 0.0152467284351587 0.0181861389428377 0.0368797890841961 0.0239061992615461 0.0272843241691589 0.0199847612529993 0.0177800115197897
0.0840520635247231 0.11200387775898 0.28384929895401 0.226733013987541 0.312572687864304 0.741974055767059 0.927891552448273 0.952361702919006 0.937441349029541 0.881842136383057 0.718794584274292 0.846840858459473 0.88261342048645 0.759524524211884 0.85761559009552 0.509411990642548 0.770884811878204 0.891910910606384 0.875414550304413 0.793475329875946 0.647526919841766 0.477374404668808 0.40854486823082 0.240681409835815 0.285248994827271 0.096410796046257 0.00851181894540787 0.0174335371702909 0.0124116204679012 0.0242702681571245 0.0104451384395361 0.0186920501291752 0.0227818302810192 0.0200940165668726 0.0258470699191093 0.0192910376936197 0.0126724038273096
0.0958807617425919 0.134931370615959 0.496049791574478 0.867191076278687 0.499721348285675 0.574324488639832 0.701277732849121 0.930532515048981 0.947126150131226 0.94224601984024 0.858718633651733 0.867572426795959 0.893147766590118 0.811194062232971 0.866164922714233 0.640972912311554 0.666359603404999 0.914047062397003 0.914524674415588 0.903907716274261 0.881626129150391 0.655082106590271 0.401657700538635 0.371329426765442 0.35328021645546 0.149443402886391 0.0121386162936687 0.00961962714791298 0.0469885393977165 0.015697505325079 0.01006168872118 0.0247857850044966 0.0166362393647432 0.0170504134148359 0.0258048698306084 0.0144485039636493 0.0110358223319054
0.121153883635998 0.226237088441849 0.735344707965851 0.997009694576263 0.969904780387878 0.888090550899506 0.671415865421295 0.753709495067596 0.939915597438812 0.946437835693359 0.916398525238037 0.911247849464417 0.903181493282318 0.858250319957733 0.914859533309937 0.771873712539673 0.588522911071777 0.915753781795502 0.937016665935516 0.920157432556152 0.830123424530029 0.767691552639008 0.525406897068024 0.506919145584106 0.244064599275589 0.100247390568256 0.0122268563136458 0.00513473525643349 0.0501862466335297 0.0148674165830016 0.0369510538876057 0.0394059605896473 0.0140749383717775 0.0196806918829679 0.0135720688849688 0.0158109795302153 0.0114997895434499
0.235621273517609 0.343662053346634 0.403481185436249 0.973956942558289 0.996939837932587 0.983709752559662 0.989752352237701 0.974184334278107 0.94715827703476 0.94899445772171 0.955965757369995 0.891551792621613 0.934904754161835 0.91965115070343 0.915827691555023 0.882837951183319 0.573562741279602 0.802233695983887 0.945170879364014 0.948659777641296 0.939582705497742 0.661255776882172 0.715841948986053 0.525346875190735 0.213750869035721 0.0589133203029633 0.0347907692193985 0.00571305863559246 0.0473378300666809 0.0386232919991016 0.0994510501623154 0.0159916412085295 0.0132095906883478 0.0172549095004797 0.0122681148350239 0.0141773670911789 0.0269043557345867
0.204350888729095 0.198313847184181 0.197232395410538 0.574566304683685 0.938530743122101 0.9806187748909 0.992543697357178 0.980520188808441 0.955456912517548 0.928753972053528 0.963985741138458 0.89359176158905 0.935843646526337 0.939617455005646 0.926653325557709 0.917225480079651 0.636990070343018 0.8504399061203 0.935527086257935 0.964029252529144 0.938732445240021 0.938752114772797 0.944684267044067 0.792661130428314 0.388480007648468 0.103711500763893 0.0450347736477852 0.00760950986295938 0.0355092585086823 0.0535282343626022 0.0586210824549198 0.0209577493369579 0.0298518482595682 0.0150971245020628 0.0215518213808537 0.0269829202443361 0.026801249012351
0.137425139546394 0.16624391078949 0.175429776310921 0.431466311216354 0.995544850826263 0.99738597869873 0.988631427288055 0.98207950592041 0.963373303413391 0.974880278110504 0.976244807243347 0.966008365154266 0.918147087097168 0.934982359409332 0.937197923660278 0.906914234161377 0.765826463699341 0.961189150810242 0.964232981204987 0.967857539653778 0.969151437282562 0.964111328125 0.956814885139465 0.881852149963379 0.531706750392914 0.30037248134613 0.0600476861000061 0.0139945782721043 0.00860969722270966 0.0402996577322483 0.0593233369290829 0.0554833114147186 0.0390873774886131 0.0111854244023561 0.0604252107441425 0.0369609408080578 0.0310960318893194
0.150357186794281 0.165725857019424 0.245153874158859 0.728782653808594 0.999046444892883 0.996796131134033 0.981864094734192 0.985146641731262 0.970843136310577 0.979632258415222 0.978923261165619 0.978829145431519 0.985933423042297 0.966310441493988 0.948282241821289 0.970158040523529 0.765181183815002 0.965298891067505 0.973728358745575 0.979062259197235 0.98187929391861 0.925227522850037 0.595500946044922 0.591206967830658 0.385971695184708 0.173777282238007 0.112406142055988 0.0323097668588161 0.00716261053457856 0.00731527060270309 0.0163917727768421 0.0491355508565903 0.0344755277037621 0.0218235086649656 0.0236609857529402 0.0525333881378174 0.0378109738230705
0.156035751104355 0.173025414347649 0.212291970849037 0.304335027933121 0.849406898021698 0.854306280612946 0.954237401485443 0.992039799690247 0.982695937156677 0.989869594573975 0.950947523117065 0.963572800159454 0.942410409450531 0.985083699226379 0.966066241264343 0.978037595748901 0.968037962913513 0.858552753925323 0.925585508346558 0.934958457946777 0.977729678153992 0.987606287002563 0.863340556621552 0.57308030128479 0.466176420450211 0.601846635341644 0.377560257911682 0.119686231017113 0.0153189674019814 0.00581380585208535 0.0113905956968665 0.0221484545618296 0.0331528633832932 0.0386449955403805 0.015601946040988 0.089726984500885 0.0539598986506462
0.117918431758881 0.159798473119736 0.17204387485981 0.212377443909645 0.471264660358429 0.725087463855743 0.990411341190338 0.997458517551422 0.991278350353241 0.987628221511841 0.7550328373909 0.851265549659729 0.991292655467987 0.990713834762573 0.978679478168488 0.973733961582184 0.986717641353607 0.915511012077332 0.825370848178864 0.992626190185547 0.992063641548157 0.993052423000336 0.989655911922455 0.88680100440979 0.860792517662048 0.910761773586273 0.539836645126343 0.133510902523994 0.0258565731346607 0.00505560450255871 0.00327317300252616 0.00425816560164094 0.00883581209927797 0.0579944215714931 0.0588951371610165 0.10029374808073 0.142129153013229
0.117357678711414 0.110801309347153 0.150748297572136 0.155927717685699 0.189784407615662 0.285351544618607 0.845598995685577 0.997217297554016 0.997103333473206 0.99284428358078 0.650681972503662 0.975328922271729 0.996392011642456 0.97052925825119 0.972247898578644 0.986371636390686 0.994257748126984 0.922391831874847 0.70018595457077 0.882751762866974 0.99219936132431 0.99322384595871 0.990096509456635 0.988566398620605 0.976670384407043 0.945198833942413 0.618977308273315 0.268041908740997 0.0996124967932701 0.00850112643092871 0.00247841351665556 0.00163876626174897 0.00181896274443716 0.0156829617917538 0.185682579874992 0.0899985134601593 0.153584346175194
0.0898036509752274 0.0975235477089882 0.125702783465385 0.10951267182827 0.142617255449295 0.175480827689171 0.399238348007202 0.930719316005707 0.998753309249878 0.909063398838043 0.645967900753021 0.995830953121185 0.978364288806915 0.989194810390472 0.987018585205078 0.993613719940186 0.995575368404388 0.992996573448181 0.982419788837433 0.951496720314026 0.977371156215668 0.990996122360229 0.992594480514526 0.993245720863342 0.959492266178131 0.834312915802002 0.631408452987671 0.68259584903717 0.302083969116211 0.0400807596743107 0.00306575605645776 0.00135537679307163 0.0025124135427177 0.00629206094890833 0.0771222710609436 0.0687292963266373 0.101426899433136
-3.4e+38 0.0808525830507278 0.0888738110661507 0.0936274752020836 0.133887499570847 0.206333011388779 0.365560919046402 0.656143307685852 0.973155081272125 0.631640076637268 0.859185576438904 0.996779024600983 0.998202323913574 0.999846458435059 0.999254167079926 0.993786156177521 0.999105930328369 0.995854377746582 0.964186728000641 0.960457563400269 0.869977831840515 0.950608551502228 0.993732094764709 0.994412243366241 0.991520285606384 0.98723441362381 0.966571927070618 0.905450582504272 0.459288716316223 0.0622280240058899 0.00847320351749659 0.00338636408559978 0.0043349270708859 0.0112288761883974 0.0213170275092125 0.117863580584526 0.0422150790691376
-339999999999999996123846586046231871488.000000000000000 -3.4e+38 0.0758978202939034 0.11864497512579 0.0966958478093147 0.195125341415405 0.21782973408699 0.361010670661926 0.542205572128296 0.54070782661438 0.883738458156586 0.880909562110901 0.977967858314514 0.949414134025574 0.994607388973236 0.99375855922699 0.99861216545105 0.9935182929039 0.995359778404236 0.995733439922333 0.891840577125549 0.995370030403137 0.995596528053284 0.995705127716064 0.976188182830811 0.922320961952209 0.717593789100647 0.648411750793457 0.372383266687393 0.257869571447372 0.044421773403883 0.00974949169903994 0.00246032839640975 0.0128281181678176 0.00572400540113449 0.0999447330832481 0.0633067786693573
-3.4e+38 -3.4e+38 0.0682408586144447 0.0795309618115425 0.135777592658997 0.149611666798592 0.17218604683876 0.218779951334 0.506583273410797 0.705977380275726 0.555723369121552 0.962198615074158 0.691440522670746 0.952868580818176 0.991196513175964 0.990425884723663 0.997751176357269 0.999467432498932 0.999102473258972 0.997412800788879 0.95928418636322 0.974405407905579 0.996114075183868 0.995590627193451 0.965104937553406 0.940898954868317 0.85021436214447 0.820917308330536 0.898652613162994 0.706151306629181 0.233193635940552 0.0169079843908548 0.00346598424948752 0.00866418890655041 0.00259130215272307 0.150331452488899 0.137423098087311
-3.4e+38 -3.4e+38 0.0634329468011856 0.0639946460723877 0.0879024267196655 0.135664045810699 0.195544138550758 0.292649954557419 0.443535417318344 0.851428210735321 0.987622261047363 0.994344055652618 0.995564103126526 0.773174941539764 0.99694687128067 0.994943082332611 0.990883469581604 0.998306274414062 0.999298751354218 0.997953653335571 0.997108101844788 0.919787347316742 0.996594309806824 0.997102677822113 0.995451211929321 0.989627659320831 0.990626454353333 0.96161812543869 0.986013650894165 0.913791120052338 0.327556669712067 0.116522625088692 0.00804260559380054 0.00296972738578916 0.00362739386036992 0.0623773001134396 0.104847632348537
-3.4e+38 -3.4e+38 -3.4e+38 0.0620986223220825 0.0665489584207535 0.112320683896542 0.136931747198105 0.194761767983437 0.297770291566849 0.650065302848816 0.998857140541077 0.996571600437164 0.997166097164154 0.980154871940613 0.993053019046783 0.990865647792816 0.995396971702576 0.995942652225494 0.998778641223907 0.99508261680603 0.99829638004303 0.968479514122009 0.967935383319855 0.997672140598297 0.997484683990479 0.997397422790527 0.991452634334564 0.988701581954956 0.877773582935333 0.717063188552856 0.548235654830933 0.236141711473465 0.0164335425943136 0.00437443843111396 0.0043646995909512 0.0205695610493422 0.157400950789452
-3.4e+38 -3.4e+38 -3.4e+38 0.0565417930483818 0.0606068968772888 0.0671762004494667 0.108237005770206 0.177060782909393 0.336817711591721 0.658349394798279 0.814945340156555 0.990276694297791 0.99427193403244 0.991610050201416 0.993810176849365 0.99198991060257 0.994391024112701 0.995821714401245 0.999037802219391 0.992795288562775 0.985902011394501 0.975908577442169 0.919764816761017 0.97126567363739 0.996977210044861 0.998206496238708 0.989866077899933 0.930305361747742 0.819976210594177 0.704814553260803 0.566956758499146 0.2781862616539 0.0284883175045252 0.0106898974627256 0.0053459769114852 0.0160112101584673 0.0827129408717155
-3.4e+38 -3.4e+38 -3.4e+38 0.059657696634531 0.0608529224991798 0.0830676034092903 0.111189559102058 0.157215520739555 0.291446089744568 0.355322241783142 0.429731816053391 0.956878483295441 0.99692577123642 0.996945738792419 0.970991253852844 0.998150408267975 0.996995389461517 0.995845019817352 0.999232172966003 0.99705171585083 0.99918121099472 0.998883783817291 0.998724043369293 0.975609302520752 0.970711708068848 0.997560381889343 0.996926188468933 0.94334203004837 0.813389003276825 0.636489689350128 0.628882646560669 0.30641707777977 0.0768824741244316 0.0209522638469934 0.00761766685172915 0.00525483954697847 0.0669242963194847
-3.4e+38 -3.4e+38 -3.4e+38 -3.4e+38 0.0702755525708199 0.0765200182795525 0.0922252982854843 0.12686525285244 0.178698644042015 0.20304436981678 0.312774181365967 0.742956161499023 0.997285783290863 0.998175203800201 0.990456819534302 0.998852550983429 0.999406158924103 0.997729480266571 0.997293770313263 0.998816072940826 0.999236822128296 0.998850226402283 0.999298095703125 0.998900473117828 0.94562029838562 0.988121807575226 0.975748419761658 0.985050916671753 0.796012103557587 0.632403492927551 0.624324083328247 0.648629009723663 0.405489087104797 0.0539083331823349 0.0110976211726665 0.00346367643214762 0.00592416385188699
