data/climate_estimation/maxent_output/Bomarea_acutifolia.asc
NCOLS 291 
NROWS 195 
XLLCORNER -105.5 
YLLCORNER 8.08333333333333 
CELLSIZE 0.0833333333333333 
NODATA_value -3.4e+38 
[rows 23 to 45 of 195, columns 53 to 105 of 291]
0.075142003595829 0.0701692253351212 0.0765862688422203 0.0944928675889969 0.0968383103609085 0.091435469686985 0.130181342363358 0.15613029897213 0.0654920488595963 0.032324630767107 0.027166523039341 0.018999258056283 0.021926810964942 0.0316719114780426 0.0339906848967075 0.0426609665155411 0.0695871263742447 0.105360709130764 0.183649763464928 0.193345233798027 0.243163734674454 0.0769983753561974 0.0778085514903069 0.0636153668165207 0.0686476826667786 0.124156512320042 0.0422306433320045 0.0414329543709755 0.0405092351138592 0.0341527350246906 0.0316908471286297 0.00908049754798412 0.0107529452070594 0.0167549569159746 0.0230998713523149 0.0287125706672668 0.0372125618159771 0.0430954582989216 0.0468759126961231 0.0452079959213734 -3.4e+38 -3.4e+38 -3.4e+38 -3.4e+38 -3.4e+38 -3.4e+38 -3.4e+38 -3.4e+38 -3.4e+38 -3.4e+38 -3.4e+38 -3.4e+38 -3.4e+38
0.0817398130893707 0.0735599622130394 0.0744539722800255 0.125230550765991 0.139663994312286 0.123422928154469 0.141041338443756 0.138175040483475 0.104956246912479 0.0449575148522854 0.0212582852691412 0.0195719785988331 0.0176458340138197 0.0245070401579142 0.0307407528162003 0.0371025241911411 0.0508077330887318 0.0850887224078178 0.167036980390549 0.183920219540596 0.17166955769062 0.0904377773404121 0.0844805538654327 0.0630568414926529 0.0613020397722721 0.0988128408789635 0.0653999075293541 0.0477783679962158 0.0484393425285816 0.0407207980751991 0.0116854440420866 0.0108149312436581 0.012718197889626 0.0177470464259386 0.0226505622267723 0.0275073144584894 0.0367347896099091 0.0386999696493149 0.0458085723221302 0.0480166897177696 -3.4e+38 -3.4e+38 -3.4e+38 -3.4e+38 -3.4e+38 -3.4e+38 -3.4e+38 -3.4e+38 -3.4e+38 -3.4e+38 -3.4e+38 -3.4e+38 -3.4e+38
0.0860575288534164 0.0669035539031029 0.0828066244721413 0.131784081459045 0.159531801939011 0.157407149672508 0.117957763373852 0.0716201290488243 0.0605990290641785 0.0436842553317547 0.0246877875179052 0.0235248729586601 0.0204896554350853 0.034566268324852 0.042451299726963 0.0351292788982391 0.0432198494672775 0.0925552025437355 0.191599950194359 0.194896221160889 0.139923110604286 0.0978183597326279 0.0851821899414062 0.05995237454772 0.0665474086999893 0.0942594483494759 0.0720476284623146 0.0486620217561722 0.0459426045417786 0.0121578443795443 0.0126313250511885 0.01330840960145 0.0152488835155964 0.0199963860213757 0.0211932696402073 0.0238465443253517 0.0315679125487804 0.0390650033950806 0.0463048815727234 0.0487034767866135 -3.4e+38 -3.4e+38 -3.4e+38 -3.4e+38 -3.4e+38 -3.4e+38 -3.4e+38 -3.4e+38 -3.4e+38 -3.4e+38 -3.4e+38 -3.4e+38 -3.4e+38
0.105581857264042 0.0817909091711044 0.0912387296557426 0.110144771635532 0.166966646909714 0.182324230670929 0.14085927605629 0.130515769124031 0.0433064289391041 0.0815883576869965 0.0561372376978397 0.0317651256918907 0.0220196731388569 0.0243491046130657 0.046694066375494 0.04196472838521 0.052142396569252 0.101058423519135 0.207928761839867 0.140561684966087 0.119878210127354 0.107691779732704 0.0763115882873535 0.0679143741726875 0.0644049271941185 0.096453033387661 0.0769238471984863 0.0429502055048943 0.0429735258221626 0.0129104824736714 0.0134513704106212 0.0147991823032498 0.0166979506611824 0.0183700323104858 0.0208666492253542 0.024896839633584 0.0293138492852449 0.0341856479644775 0.0393331609666348 0.0441013537347317 -3.4e+38 -3.4e+38 -3.4e+38 -3.4e+38 -3.4e+38 -3.4e+38 -3.4e+38 -3.4e+38 -3.4e+38 -3.4e+38 -3.4e+38 -3.4e+38 -3.4e+38
0.161737129092216 0.161803781986237 0.0863635092973709 0.103938780725002 0.168473392724991 0.228319257497787 0.159534081816673 0.0521571934223175 0.061781469732523 0.0481131188571453 0.0591824240982533 0.044417142868042 0.0281782429665327 0.0275681354105473 0.04336853697896 0.0448581837117672 0.0599107332527637 0.111021853983402 0.164840787649155 0.132143899798393 0.109247751533985 0.107472367584705 0.0974738895893097 0.0653609782457352 0.0537553280591965 0.0892348363995552 0.0756592079997063 0.0362828187644482 0.0103429900482297 0.0121652064844966 0.01569071598351 0.0180759038776159 0.0194741543382406 0.0184182208031416 0.0210592579096556 0.0230232607573271 0.0262771621346474 0.0322785936295986 0.0351606272161007 0.0392642356455326 0.0377386286854744 -3.4e+38 -3.4e+38 -3.4e+38 -3.4e+38 -3.4e+38 -3.4e+38 -3.4e+38 -3.4e+38 -3.4e+38 -3.4e+38 -3.4e+38 -3.4e+38
0.202599674463272 0.130867049098015 0.0803032666444778 0.135899066925049 0.173230946063995 0.199667066335678 0.216266930103302 0.187463358044624 0.109411008656025 0.148027330636978 0.0954480618238449 0.0457532592117786 0.0317129790782928 0.0298250839114189 0.0381986536085606 0.0533684380352497 0.0668208971619606 0.0843080654740334 0.0909903720021248 0.115575857460499 0.104121148586273 0.100036397576332 0.101499766111374 0.0857872739434242 0.0499113649129868 0.0585472546517849 0.053704883903265 0.0368579179048538 0.0097499480471015 0.0128173772245646 0.0157163664698601 0.0203367434442043 0.0184544213116169 0.0196260213851929 0.0211505088955164 0.0212201345711946 0.0240980871021748 0.0319343544542789 0.0322703309357166 0.0344210378825665 0.0373520068824291 -3.4e+38 -3.4e+38 -3.4e+38 -3.4e+38 -3.4e+38 -3.4e+38 -3.4e+38 -3.4e+38 -3.4e+38 -3.4e+38 -3.4e+38 -3.4e+38
0.157130539417267 0.0772962868213654 0.0949879214167595 0.127731814980507 0.161184057593346 0.196894630789757 0.214354127645493 0.247941717505455 0.283133447170258 0.325714558362961 0.306229263544083 0.0883585810661316 0.0423200614750385 0.0383875295519829 0.0442017503082752 0.0700009241700172 0.0701938048005104 0.0644337832927704 0.101482354104519 0.105195052921772 0.103115946054459 0.104780741035938 0.116461850702763 0.115845009684563 0.0511717312037945 0.0531273521482944 0.0436155684292316 0.0334675125777721 0.0387188717722893 0.0119885066524148 0.0153807951137424 0.0190755538642406 0.0194923225790262 0.0196487326174974 0.0201697554439306 0.0196209512650967 0.0237234439700842 0.0286308135837317 0.030815739184618 0.034539457410574 0.0337057709693909 0.0377606190741062 -3.4e+38 -3.4e+38 -3.4e+38 -3.4e+38 -3.4e+38 -3.4e+38 -3.4e+38 -3.4e+38 -3.4e+38 -3.4e+38 -3.4e+38
0.108613051474094 0.0959095060825348 0.140013426542282 0.144932761788368 0.153188303112984 0.162697091698647 0.158537328243256 0.244628474116325 0.270649045705795 0.263919353485107 0.220438584685326 0.120728075504303 0.0766930356621742 0.0568317510187626 0.0572911761701107 0.0728460699319839 0.0700747221708298 0.0755203887820244 0.0916483178734779 0.104422263801098 0.115326084196568 0.0889264568686485 0.111316241323948 0.105872295796871 0.0666751936078072 0.0544046387076378 0.0436893478035927 0.0394266545772552 0.0397551730275154 0.0423442795872688 0.0127109801396728 0.0151994554325938 0.0164522882550955 0.0149656841531396 0.0142925344407558 0.0154330171644688 0.0215935371816158 0.0260549951344728 0.0285528879612684 0.0347387678921223 0.034359522163868 0.0382404513657093 0.0398140773177147 -3.4e+38 -3.4e+38 -3.4e+38 -3.4e+38 -3.4e+38 -3.4e+38 -3.4e+38 -3.4e+38 -3.4e+38 -3.4e+38
0.124857105314732 0.106213420629501 0.142694175243378 0.144407644867897 0.135843709111214 0.138128817081451 0.189674690365791 0.1662737429142 0.188854530453682 0.244345098733902 0.11322145909071 0.115353956818581 0.167091235518456 0.110670007765293 0.0696667954325676 0.0757000520825386 0.0783591121435165 0.0884297341108322 0.0866927802562714 0.0874626636505127 0.0952786803245544 0.0975816324353218 0.121208526194096 0.160627782344818 0.0854256451129913 0.060164924710989 0.0582951605319977 0.0504304990172386 0.0396950021386147 0.0379584990441799 0.0120703596621752 0.0133683485910296 0.0139893181622028 0.0155658340081573 0.0135857304558158 0.0158717185258865 0.0203978102654219 0.0255356188863516 0.0287151709198952 0.0337302163243294 0.0342055186629295 0.0327083878219128 0.0383820608258247 0.0410685874521732 -3.4e+38 -3.4e+38 -3.4e+38 -3.4e+38 -3.4e+38 -3.4e+38 -3.4e+38 -3.4e+38 -3.4e+38
0.130696147680283 0.138720452785492 0.169739067554474 0.145340204238892 0.141552686691284 0.150016888976097 0.174669668078423 0.176183089613914 0.188549116253853 0.133024528622627 0.120098635554314 0.102053001523018 0.119062423706055 0.128270879387856 0.0781363397836685 0.0816324800252914 0.0938895791769028 0.101815037429333 0.106047421693802 0.101053580641747 0.0872665122151375 0.0905162170529366 0.171929240226746 0.329457521438599 0.140833765268326 0.0896459519863129 0.0949035435914993 0.0595611296594143 0.0374612919986248 0.0304582007229328 0.0102840280160308 0.0122040435671806 0.0136666996404529 0.0159490797668695 0.0162634365260601 0.0174049790948629 0.0201589968055487 0.0218522194772959 0.0267990790307522 0.0285849217325449 0.0290074273943901 0.0271669868379831 0.0323141813278198 0.0402105003595352 0.0398938246071339 -3.4e+38 -3.4e+38 -3.4e+38 -3.4e+38 -3.4e+38 -3.4e+38 -3.4e+38 -3.4e+38
0.18999619781971 0.214517399668694 0.182314619421959 0.143509268760681 0.1527419090271 0.190454006195068 0.181756168603897 0.249218717217445 0.188712194561958 0.135141536593437 0.120248839259148 0.0832294523715973 0.144846469163895 0.111532688140869 0.109064444899559 0.0931122377514839 0.0901159718632698 0.0995706021785736 0.0964927673339844 0.0997118130326271 0.0838648974895477 0.159347862005234 0.308192908763885 0.363247662782669 0.262434631586075 0.198831111192703 0.0865325778722763 0.0502923615276814 0.0390583351254463 0.0333978720009327 0.0110507924109697 0.0129434447735548 0.0490397624671459 0.0499077402055264 0.0194717515259981 0.0186955574899912 0.0441062785685062 0.0446055270731449 0.0484373047947884 0.0211862158030272 0.024819215759635 0.0268786400556564 0.0316509157419205 0.0330553352832794 0.0394252240657806 0.0431299358606339 -3.4e+38 -3.4e+38 -3.4e+38 -3.4e+38 -3.4e+38 -3.4e+38 -3.4e+38
0.277320206165314 0.212775409221649 0.15510518848896 0.143434628844261 0.157266035676003 0.198914632201195 0.203426852822304 0.255038529634476 0.260238230228424 0.191542461514473 0.112012051045895 0.143609136343002 0.107815064489841 0.0937841534614563 0.154358208179474 0.0844574496150017 0.0999214351177216 0.077632263302803 0.101852864027023 0.0744887441396713 0.0885991379618645 0.210828423500061 0.475119173526764 0.670953273773193 0.435891419649124 0.181531563401222 0.0774547383189201 0.0570849925279617 0.0499968156218529 0.0389108173549175 0.0381790660321712 0.0436084903776646 0.0481889396905899 0.0468203462660313 0.0488491095602512 0.0445217229425907 0.0411181449890137 0.0397189371287823 0.0386544987559319 0.0474720001220703 0.0245961155742407 0.0250205527991056 0.0232705175876617 0.0272352732717991 0.0332035534083843 -3.4e+38 -3.4e+38 -3.4e+38 -3.4e+38 -3.4e+38 -3.4e+38 -3.4e+38 -3.4e+38
0.257859468460083 0.19269286096096 0.142368227243423 0.142872512340546 0.149087131023407 0.166772976517677 0.187756672501564 0.243462041020393 0.24198791384697 0.150280550122261 0.223803609609604 0.303523629903793 0.15692912042141 0.100740432739258 0.199287086725235 0.262302726507187 0.238935232162476 0.102283038198948 0.0926308035850525 0.125628545880318 0.0863417461514473 0.22536426782608 0.703738451004028 0.78554379940033 0.479396432638168 0.242505475878716 0.126837328076363 0.0709498971700668 0.0799615830183029 0.051223911345005 0.041267141699791 0.0411979667842388 0.0398626103997231 0.0407368466258049 0.0429046750068665 0.044255368411541 0.0412493981420994 0.0450153686106205 0.0478611662983894 0.0562022924423218 0.0609862543642521 0.0221550595015287 0.0207201540470123 0.0204198136925697 0.0247243382036686 -3.4e+38 -3.4e+38 -3.4e+38 -3.4e+38 -3.4e+38 -3.4e+38 -3.4e+38 -3.4e+38
0.204819664359093 0.151092737913132 0.148672893643379 0.134366691112518 0.157805368304253 0.162512987852097 0.17343382537365 0.205517411231995 0.228654503822327 0.211451455950737 0.279352068901062 0.351216375827789 0.136840999126434 0.0943535193800926 0.264191925525665 0.288036793470383 0.289065808057785 0.116496592760086 0.123638942837715 0.0985076278448105 0.101686500012875 0.153516918420792 0.473832637071609 0.623796880245209 0.370185434818268 0.188481166958809 0.201441943645477 0.11547264456749 0.0750642865896225 0.0533649735152721 0.0451111346483231 0.0428223349153996 0.0408448278903961 0.0372188165783882 0.0400868505239487 0.0461720936000347 0.043919775635004 0.059719767421484 0.179201319813728 0.102058656513691 0.0668407380580902 0.0507594011723995 0.0193450003862381 0.0164434649050236 0.0198488291352987 -3.4e+38 -3.4e+38 -3.4e+38 -3.4e+38 -3.4e+38 -3.4e+38 -3.4e+38 -3.4e+38
0.243053033947945 0.160621762275696 0.146015644073486 0.13407538831234 0.149388432502747 0.16192814707756 0.201494678854942 0.214216947555542 0.230086833238602 0.210232734680176 0.188291534781456 0.257767766714096 0.269771307706833 0.185384660959244 0.247059881687164 0.194450587034225 0.494285762310028 0.3611741065979 0.125592052936554 0.073349691927433 0.12688247859478 0.132047593593597 0.279366225004196 0.381996363401413 0.211763456463814 0.193604007363319 0.174221470952034 0.0987315028905869 0.0811275988817215 0.0652119815349579 0.0565047636628151 0.0579856410622597 0.0469513796269894 0.0426377430558205 0.0430249720811844 0.0476771108806133 0.0560106709599495 0.0849897712469101 0.157906785607338 0.0818794295191765 0.0681228488683701 0.0583785064518452 0.0455133765935898 0.0382306575775146 0.0413399673998356 -3.4e+38 -3.4e+38 -3.4e+38 -3.4e+38 -3.4e+38 -3.4e+38 -3.4e+38 -3.4e+38
0.276329070329666 0.194618329405785 0.145186737179756 0.134991824626923 0.147115454077721 0.180292159318924 0.189293652772903 0.193686634302139 0.206163629889488 0.25090354681015 0.220157146453857 0.156118005514145 0.142306044697762 0.124198824167252 0.140807434916496 0.129647701978683 0.42967090010643 0.508434057235718 0.235982462763786 0.116767331957817 0.111776538193226 0.119968429207802 0.169745475053787 0.27281054854393 0.270489454269409 0.298602819442749 0.144816696643829 0.152813464403152 0.112046256661415 0.0796969160437584 0.0778221487998962 0.0683808699250221 0.0609079599380493 0.0554728657007217 0.044317863881588 0.0449081249535084 0.057425994426012 0.0619138777256012 0.0730765014886856 0.0584775283932686 0.058248158544302 0.0551681779325008 0.0465089119970798 0.0426315814256668 0.0416328497231007 -3.4e+38 -3.4e+38 -3.4e+38 -3.4e+38 -3.4e+38 -3.4e+38 -3.4e+38 -3.4e+38
0.286789625883102 0.239902406930923 0.172094315290451 0.134321436285973 0.200541257858276 0.197248697280884 0.192536681890488 0.199469476938248 0.217242583632469 0.260031759738922 0.230551615357399 0.233894988894463 0.278693854808807 0.1227817684412 0.0804504230618477 0.0702262222766876 0.0901802554726601 0.138216719031334 0.102734953165054 0.0942630991339684 0.148928567767143 0.129453226923943 0.223703026771545 0.506166696548462 0.299020648002625 0.165324598550797 0.310319483280182 0.158545210957527 0.229187399148941 0.293003916740417 0.17773799598217 0.0869289562106133 0.0631887167692184 0.0594308525323868 0.0510792396962643 0.0446297563612461 0.0508077368140221 0.0515673346817493 0.0419384017586708 0.0402030684053898 0.0396590568125248 0.0460685864090919 0.0478313304483891 0.0464619100093842 0.0468069948256016 0.0503971725702286 -3.4e+38 -3.4e+38 -3.4e+38 -3.4e+38 -3.4e+38 -3.4e+38 -3.4e+38
0.272209018468857 0.245552822947502 0.169177368283272 0.130216985940933 0.198973342776299 0.191531494259834 0.324859708547592 0.299406617879868 0.309095501899719 0.375031799077988 0.369816035032272 0.35749626159668 0.332977145910263 0.187826558947563 0.0751205533742905 0.0785044208168983 0.0903682336211205 0.176735043525696 0.307176440954208 0.098948709666729 0.154305428266525 0.150251030921936 0.237229779362679 0.209220960736275 0.20597630739212 0.624638497829437 0.581593811511993 0.17927198112011 0.500904023647308 0.562309741973877 0.275610357522964 0.112860217690468 0.073189303278923 0.0608245618641376 0.0712136030197144 0.0733178406953812 0.0559128485620022 0.0481935031712055 0.0314792543649673 0.027178730815649 0.0281449425965548 0.0326443687081337 0.0370720773935318 0.0446650274097919 0.0481480993330479 0.0505786277353764 -3.4e+38 -3.4e+38 -3.4e+38 -3.4e+38 -3.4e+38 -3.4e+38 -3.4e+38
0.354734182357788 0.237363189458847 0.204312771558762 0.153147056698799 0.284898996353149 0.231311857700348 0.29559987783432 0.281502693891525 0.32744488120079 0.356311559677124 0.335038751363754 0.286649107933044 0.197872892022133 0.118951551616192 0.101799301803112 0.147485628724098 0.17890353500843 0.492807298898697 0.500367283821106 0.0881442725658417 0.119101755321026 0.28301665186882 0.605834603309631 0.163122043013573 0.229750201106071 0.644355654716492 0.654343128204346 0.367647618055344 0.565291941165924 0.577547252178192 0.327152490615845 0.128329277038574 0.0893456861376762 0.0941731259226799 0.0790940821170807 0.168750777840614 0.0877759680151939 0.0546404980123043 0.0305379405617714 0.0189119316637516 0.0189963132143021 0.0252668522298336 0.0285013075917959 0.0373781733214855 0.0431992411613464 0.0477187633514404 0.0489312186837196 -3.4e+38 -3.4e+38 -3.4e+38 -3.4e+38 -3.4e+38 -3.4e+38
0.389240264892578 0.283584535121918 0.275820076465607 0.215870410203934 0.359963446855545 0.28063690662384 0.396530568599701 0.201489105820656 0.247959181666374 0.249312996864319 0.229217201471329 0.241144225001335 0.23269234597683 0.228224068880081 0.197258546948433 0.248977720737457 0.286203563213348 0.423966199159622 0.26431941986084 0.102495297789574 0.336998879909515 0.194871932268143 0.373350530862808 0.235993817448616 0.186282277107239 0.274644136428833 0.48586830496788 0.50573205947876 0.66303539276123 0.545197606086731 0.431599318981171 0.34520348906517 0.183756425976753 0.221176356077194 0.119588196277618 0.118734166026115 0.0808998942375183 0.0549716018140316 0.0426678657531738 0.0242195669561625 0.015898946672678 0.0171389635652304 0.0275104641914368 0.0330259576439857 0.0367089807987213 0.0431077368557453 0.0469584912061691 -3.4e+38 -3.4e+38 -3.4e+38 -3.4e+38 -3.4e+38 -3.4e+38
0.246718317270279 0.258020848035812 0.239178761839867 0.203389257192612 0.257925391197205 0.286939352750778 0.253983914852142 0.181717395782471 0.224358186125755 0.176842465996742 0.185515105724335 0.252905249595642 0.243598252534866 0.239245221018791 0.220978677272797 0.201883614063263 0.226954609155655 0.166071265935898 0.139887973666191 0.157294064760208 0.092445120215416 0.265045315027237 0.374647110700607 0.477924108505249 0.429863661527634 0.233464688062668 0.331035763025284 0.679079353809357 0.736177980899811 0.601577699184418 0.574201464653015 0.498538136482239 0.535125911235809 0.324128061532974 0.195188999176025 0.109333083033562 0.101956553757191 0.0982037708163261 0.0559396296739578 0.0615857467055321 0.0221980642527342 0.017001461237669 0.0309022832661867 0.0305532366037369 0.0347521677613258 0.039525780826807 0.0514641292393208 -3.4e+38 -3.4e+38 -3.4e+38 -3.4e+38 -3.4e+38 -3.4e+38
0.24408757686615 0.231613710522652 0.212195947766304 0.186313182115555 0.22784312069416 0.231157049536705 0.177235171198845 0.162427946925163 0.179047912359238 0.16810730099678 0.169793576002121 0.179191187024117 0.239652559161186 0.219789549708366 0.200292527675629 0.196762353181839 0.14929872751236 0.0815769284963608 0.0825297608971596 0.083698183298111 0.098578505218029 0.279394388198853 0.307449132204056 0.315913587808609 0.275335311889648 0.221508353948593 0.267692178487778 0.300421804189682 0.70549350976944 0.748496174812317 0.668306589126587 0.731111407279968 0.543975830078125 0.406161397695541 0.331374019384384 0.267467170953751 0.228845506906509 0.13491502404213 0.0729939937591553 0.064021535217762 0.0341149196028709 0.0188482459634542 0.0210569072514772 0.0260083600878716 0.0289353858679533 0.0369249358773232 0.0448719076812267 0.0517720356583595 -3.4e+38 -3.4e+38 -3.4e+38 -3.4e+38 -3.4e+38
0.20657953619957 0.191618070006371 0.174189820885658 0.166872352361679 0.172277271747589 0.183064535260201 0.187321215867996 0.183909490704536 0.214596152305603 0.203603506088257 0.177072629332542 0.1894291639328 0.21181645989418 0.229082107543945 0.195399761199951 0.181939899921417 0.0940632596611977 0.0980848744511604 0.15813435614109 0.149610102176666 0.0832543522119522 0.0862389132380486 0.0774968191981316 0.154273092746735 0.230171456933022 0.284337133169174 0.300363391637802 0.281088680028915 0.323198080062866 0.578411042690277 0.764183104038239 0.731603443622589 0.781266987323761 0.645557165145874 0.479675710201263 0.481556504964828 0.337618798017502 0.225897118449211 0.134714514017105 0.159654170274734 0.103406146168709 0.0375253297388554 0.0238122716546059 0.020937841385603 0.0266633294522762 0.0309402979910374 0.0391407273709774 0.0554190799593925 0.0619197934865952 -3.4e+38 -3.4e+38 -3.4e+38 -3.4e+38
