data/climate_estimation/maxent_output/Burchardia_bairdiae.asc
NCOLS 12 
NROWS 33 
XLLCORNER 115.083333333333 
YLLCORNER -32.4166666666667 
CELLSIZE 0.0833333333333333 
NODATA_value -3.4e+38 
0.897278249263763 0.915523529052734 0.836154520511627 0.355903059244156 0.247748866677284 0.215298607945442 0.142479598522186 0.112118303775787 0.0797149091959 0.0585308112204075 0.0416824370622635 0.0337810963392258
0.919071197509766 0.898260593414307 0.875845611095428 0.414029270410538 0.324537843465805 0.219637230038643 0.173254981637001 0.133478924632072 0.10786771774292 0.071631945669651 0.0594346262514591 0.0373489148914814
0.929735004901886 0.912638962268829 0.882255375385284 0.484472185373306 0.369764655828476 0.270002692937851 0.228791579604149 0.139734014868736 0.108513623476028 0.0836419239640236 0.061858169734478 0.0379429124295712
0.762888789176941 0.924667954444885 0.893189370632172 0.544319272041321 0.407104134559631 0.367337942123413 0.248987078666687 0.185368359088898 0.136573076248169 0.102273568511009 0.0734438300132751 0.0549860261380672
0.441888242959976 0.927032589912415 0.927601099014282 0.557642221450806 0.489160984754562 0.394139498472214 0.29454442858696 0.249188020825386 0.183091327548027 0.125300005078316 0.0936127752065659 0.0523580014705658
0.624503374099731 0.650627970695496 0.638521730899811 0.61085045337677 0.547406613826752 0.435235589742661 0.326822727918625 0.306852012872696 0.194745302200317 0.161997735500336 0.101096510887146 0.0683918967843056
0.334480464458466 0.615098834037781 0.690005362033844 0.681165039539337 0.575926601886749 0.52103054523468 0.449324905872345 0.333196520805359 0.236456230282784 0.158547967672348 0.104015700519085 0.0602378882467747
0.274746030569077 0.376482516527176 0.667676985263824 0.678581058979034 0.655994057655334 0.602254152297974 0.44315779209137 0.295955568552017 0.238529413938522 0.178122386336327 0.0946711450815201 0.0642394945025444
0.240438908338547 0.528848350048065 0.638135194778442 0.926974296569824 0.927367389202118 0.874775946140289 0.392074227333069 0.370141595602036 0.252046853303909 0.185991644859314 0.132056280970573 0.0691334530711174
0.222539797425270 0.27703657746315 0.882038772106171 0.945863783359528 0.919200003147125 0.905451655387878 0.483314424753189 0.367654860019684 0.326022982597351 0.207595735788345 0.121763870120049 0.0874313116073608
0.39793673157692 0.512665152549744 0.863061666488647 0.938192009925842 0.955049097537994 0.944780290126801 0.857592105865479 0.400454789400101 0.247717618942261 0.20234876871109 0.150968238711357 0.0727230682969093
0.374490320682526 0.450925469398499 0.810742378234863 0.922919869422913 0.962872266769409 0.954605937004089 0.893698036670685 0.763177216053009 0.30855530500412 0.206000193953514 0.18634819984436 0.0937962904572487
0.363432586193085 0.403372794389725 0.754183828830719 0.893813073635101 0.956214129924774 0.958507239818573 0.933391273021698 0.851872563362122 0.652736365795135 0.225375145673752 0.174993678927422 0.115756630897522
-3.4e+38 0.365640878677368 0.694068014621735 0.824397623538971 0.935510694980621 0.952895700931549 0.94425493478775 0.899955093860626 0.763961911201477 0.644972383975983 0.470656365156174 0.144950807094574
-3.4e+38 0.367043048143387 0.632256209850311 0.723301470279694 0.913282752037048 0.92046731710434 0.954902172088623 0.915454804897308 0.83729350566864 0.684455811977386 0.59621524810791 0.436139732599258
-3.4e+38 -3.4e+38 0.362793177366257 0.6579310297966 0.853628695011139 0.95047801733017 0.965379297733307 0.954793214797974 0.894023478031158 0.844609916210175 0.705942749977112 0.57190877199173
-3.4e+38 -3.4e+38 0.347590893507004 0.605899572372437 0.783337354660034 0.907599747180939 0.960266530513763 0.974597275257111 0.939380705356598 0.876128077507019 0.782344818115234 0.681790351867676
-3.4e+38 -3.4e+38 -3.4e+38 0.563612282276154 0.651758670806885 0.804368078708649 0.928244411945343 0.958555817604065 0.950449049472809 0.883317112922668 0.829019844532013 0.764265418052673
-339999999999999996123846586046231871488.000000000000000 -3.4e+38 -3.4e+38 0.574185907840729 0.622870922088623 0.748550951480865 0.859820961952209 0.950589179992676 0.956071019172668 0.811404883861542 0.824994146823883 0.825397074222565
-3.4e+38 -3.4e+38 -3.4e+38 -3.4e+38 0.612617194652557 0.451036185026169 0.840644240379333 0.897945821285248 0.942272841930389 0.863339006900787 0.817950904369354 0.822734594345093
-3.4e+38 -3.4e+38 -3.4e+38 -3.4e+38 0.373577535152435 0.435792714357376 0.548491775989532 0.639551818370819 0.886095225811005 0.888255178928375 0.81971400976181 0.7873575091362
-3.4e+38 -3.4e+38 -3.4e+38 -3.4e+38 -3.4e+38 0.670430123806 0.740587830543518 0.820863544940948 0.847511410713196 0.879025220870972 0.835979223251343 0.777371287345886
-3.4e+38 -3.4e+38 -3.4e+38 -3.4e+38 -3.4e+38 -3.4e+38 0.707776725292206 0.795442223548889 0.888162612915039 0.877891838550568 0.850694537162781 0.76775187253952
-3.4e+38 -3.4e+38 -3.4e+38 -3.4e+38 -3.4e+38 -3.4e+38 0.757337749004364 0.792313098907471 0.870804965496063 0.878693699836731 0.861255705356598 0.793831288814545
-3.4e+38 -3.4e+38 -3.4e+38 -3.4e+38 -3.4e+38 -3.4e+38 -3.4e+38 0.789323210716248 0.844982922077179 0.876661717891693 0.86951345205307 0.807756066322327
-3.4e+38 -3.4e+38 -3.4e+38 -3.4e+38 -3.4e+38 -3.4e+38 -3.4e+38 0.78623628616333 0.812547445297241 0.863565266132355 0.873469471931458 0.812669932842255
-3.4e+38 -3.4e+38 -3.4e+38 -3.4e+38 -3.4e+38 -3.4e+38 -3.4e+38 0.746753931045532 0.81340104341507 0.85608184337616 0.879254043102264 0.79144024848938
-339999999999999996123846586046231871488.000000000000000 -3.4e+38 -3.4e+38 -3.4e+38 0.334810614585876 0.400391846895218 -3.4e+38 0.763122320175171 0.817178845405579 0.868890583515167 0.861030995845795 0.677648067474365
-3.4e+38 -3.4e+38 -3.4e+38 -3.4e+38 0.323439747095108 0.405365377664566 -3.4e+38 0.770924746990204 0.836072444915771 0.86624550819397 0.848894417285919 0.5738245844841
-3.4e+38 -3.4e+38 -3.4e+38 -3.4e+38 -3.4e+38 -3.4e+38 0.640925407409668 0.655658066272736 0.822411596775055 0.845645070075989 0.814619183540344 0.557636797428131
-3.4e+38 -3.4e+38 -3.4e+38 -3.4e+38 -3.4e+38 -3.4e+38 0.628586173057556 0.633682727813721 0.775280177593231 0.771382927894592 0.789399802684784 0.457984566688538
-3.4e+38 -3.4e+38 -3.4e+38 -3.4e+38 -3.4e+38 -3.4e+38 -3.4e+38 0.681876480579376 0.75685840845108 0.768231689929962 0.761530816555023 0.400130093097687
-3.4e+38 -3.4e+38 -3.4e+38 -3.4e+38 -3.4e+38 -3.4e+38 -3.4e+38 0.641027212142944 0.709664583206177 0.731944501399994 0.711326479911804 0.311736255884171
