data/climate_estimation/maxent_output/Burchardia_multiflora.asc
NCOLS 44 
NROWS 77 
XLLCORNER 114.666666666667 
YLLCORNER -35.1666666666667 
CELLSIZE 0.0833333333333334 
NODATA_value -3.4e+38 
[rows 46 to 68 of 77, columns 0 to 43 of 44]
-3.4e+38 -3.4e+38 -3.4e+38 -3.4e+38 -3.4e+38 -3.4e+38 -3.4e+38 -3.4e+38 -3.4e+38 -3.4e+38 -3.4e+38 0.860530018806458 0.845119535923004 0.804714620113373 0.837839066982269 0.778796374797821 0.570608615875244 0.549953043460846 0.571239948272705 0.5780308842659 0.630259692668915 0.604974865913391 0.670137047767639 0.776064276695251 0.790232300758362 0.833716750144958 0.837329685688019 0.792663991451263 0.798376441001892 0.49281233549118 0.408213704824448 0.339943826198578 0.283904582262039 0.242890670895576 0.2007667273283 0.182932108640671 0.169118568301201 0.14655439555645 0.142730429768562 0.151410445570946 0.159886375069618 0.14858478307724 0.149798020720482 0.146737724542618
-3.4e+38 -3.4e+38 -3.4e+38 -3.4e+38 -3.4e+38 -3.4e+38 -3.4e+38 -3.4e+38 -3.4e+38 -3.4e+38 -3.4e+38 0.890481054782867 0.883265495300293 0.834493160247803 0.814692854881287 0.738028466701508 0.558381974697113 0.541402995586395 0.559352099895477 0.585351884365082 0.547687888145447 0.631554126739502 0.698861479759216 0.787204563617706 0.830981433391571 0.855291426181793 0.844503462314606 0.822079658508301 0.796130955219269 0.789178252220154 0.709480166435242 0.377010077238083 0.323939293622971 0.229729190468788 0.367312669754028 0.337599784135818 0.297563433647156 0.134837090969086 0.132252246141434 0.143002599477768 0.132398828864098 0.137685626745224 0.142528519034386 0.137085884809494
-3.4e+38 -3.4e+38 -3.4e+38 -3.4e+38 -3.4e+38 -3.4e+38 -3.4e+38 -3.4e+38 -3.4e+38 -3.4e+38 -3.4e+38 0.874933123588562 0.85607385635376 0.883781790733337 0.857041954994202 0.737424552440643 0.57232803106308 0.586206197738647 0.576983034610748 0.566180288791656 0.604062139987946 0.665454208850861 0.716527163982391 0.793141186237335 0.823552370071411 0.85771656036377 0.854268193244934 0.820306360721588 0.794044733047485 0.798266410827637 0.738081574440002 0.66392320394516 0.561481416225433 0.403290599584579 0.365779429674149 0.248774856328964 0.307291835546494 0.274550288915634 0.128796651959419 0.146160423755646 0.13657246530056 0.144319042563438 0.145028486847878 0.138866990804672
-3.4e+38 -3.4e+38 -3.4e+38 -3.4e+38 -3.4e+38 -3.4e+38 -3.4e+38 -3.4e+38 -3.4e+38 -3.4e+38 -3.4e+38 0.912412345409393 0.893094301223755 0.875651955604553 0.840968608856201 0.713208794593811 0.578531980514526 0.574973046779633 0.568301975727081 0.58829653263092 0.67194139957428 0.652786731719971 0.744651675224304 0.778931975364685 0.827218234539032 0.834178566932678 0.86042732000351 0.848677337169647 0.813867092132568 0.798995792865753 0.768491804599762 0.684234857559204 0.565487146377563 0.367760568857193 0.271816939115524 0.253242790699005 0.25616991519928 0.139040514826775 0.128432184457779 0.142203956842422 0.134763956069946 0.142318919301033 0.140033006668091 0.133491799235344
-3.4e+38 -3.4e+38 -3.4e+38 -3.4e+38 -3.4e+38 -3.4e+38 -3.4e+38 -3.4e+38 -3.4e+38 -3.4e+38 -3.4e+38 0.903282105922699 0.911725163459778 0.893995404243469 0.861389935016632 0.685936272144318 0.568935871124268 0.581116020679474 0.608243405818939 0.614629447460175 0.678375124931335 0.684809267520905 0.738785982131958 0.771116256713867 0.817494511604309 0.810479402542114 0.820989847183228 0.813816010951996 0.80192244052887 0.792247116565704 0.76809298992157 0.663589835166931 0.537804007530212 0.402169048786163 0.269983023405075 0.264636904001236 0.234761387109756 0.285501182079315 0.165367275476456 0.143554866313934 0.14719957113266 0.13270115852356 0.136580318212509 0.12366060167551
-3.4e+38 -3.4e+38 -3.4e+38 -3.4e+38 -3.4e+38 -3.4e+38 -3.4e+38 -3.4e+38 -3.4e+38 -3.4e+38 -3.4e+38 -3.4e+38 0.904526948928833 0.875085353851318 0.844257354736328 0.691328108310699 0.609477996826172 0.612387478351593 0.626250207424164 0.647650003433228 0.681664168834686 0.701532006263733 0.760977506637573 0.786152303218842 0.781535446643829 0.817996203899384 0.788220345973969 0.767870366573334 0.787530958652496 0.731354773044586 0.745976090431213 0.635186195373535 0.561093032360077 0.415122985839844 0.353459507226944 0.300902456045151 0.181314811110497 0.163932263851166 0.156599089503288 0.161847084760666 0.157174915075302 0.141805246472359 0.140038624405861 0.128656253218651
-3.4e+38 -3.4e+38 -3.4e+38 -3.4e+38 -3.4e+38 -3.4e+38 -3.4e+38 -3.4e+38 -3.4e+38 -3.4e+38 -3.4e+38 -3.4e+38 0.909327805042267 0.887491762638092 0.834593534469604 0.688402414321899 0.642982244491577 0.616946518421173 0.614457011222839 0.651194632053375 0.696350753307343 0.708226561546326 0.771873295307159 0.74777626991272 0.779277086257935 0.796553730964661 0.752398490905762 0.723478674888611 0.723346590995789 0.718429863452911 0.678408741950989 0.601379573345184 0.530073583126068 0.459285825490952 0.459855258464813 0.421282529830933 0.408203095197678 0.199410483241081 0.177366778254509 0.196061551570892 0.169393226504326 0.151756972074509 0.139974161982536 0.131209939718246
-3.4e+38 -3.4e+38 -3.4e+38 -3.4e+38 -3.4e+38 -3.4e+38 -3.4e+38 -3.4e+38 -3.4e+38 -3.4e+38 -3.4e+38 -3.4e+38 0.910841107368469 0.877570152282715 0.794014692306519 0.670251429080963 0.627694129943848 0.626390993595123 0.630362927913666 0.667113542556763 0.689717173576355 0.704532206058502 0.759998321533203 0.780540585517883 0.796852886676788 0.792189478874207 0.796367585659027 0.737118184566498 0.705436944961548 0.693960726261139 0.626190423965454 0.56267637014389 0.519000947475433 0.543835043907166 0.503531754016876 0.466980427503586 0.472960412502289 0.425725549459457 0.20795576274395 0.178437918424606 0.158825248479843 0.152200043201447 0.146834403276443 0.140543773770332
-3.4e+38 -3.4e+38 -3.4e+38 -3.4e+38 -3.4e+38 -3.4e+38 -3.4e+38 -3.4e+38 -3.4e+38 -3.4e+38 -3.4e+38 0.904772639274597 0.890278816223145 0.877710819244385 0.768868386745453 0.678461849689484 0.624270677566528 0.647777318954468 0.637984931468964 0.68776535987854 0.708543539047241 0.72833514213562 0.753316402435303 0.791275978088379 0.812708914279938 0.803746581077576 0.805712997913361 0.683444321155548 0.590250611305237 0.597410619258881 0.599620580673218 0.590542554855347 0.609618246555328 0.569964706897736 0.529465615749359 0.489843279123306 0.451170206069946 0.445390731096268 0.403002589941025 0.192285597324371 0.168206974864006 0.17318357527256 0.147653192281723 0.120299264788628
-3.4e+38 -3.4e+38 -3.4e+38 -3.4e+38 -3.4e+38 -3.4e+38 -3.4e+38 -3.4e+38 -3.4e+38 -3.4e+38 -3.4e+38 0.888538062572479 0.876917719841003 0.830955147743225 0.70798933506012 0.681216061115265 0.646982789039612 0.656301379203796 0.660509705543518 0.69907546043396 0.736272156238556 0.7557133436203 0.781217932701111 0.811525523662567 0.819121181964874 0.843407809734344 0.780821084976196 0.728950619697571 0.58272385597229 0.616626501083374 0.598880529403687 0.624938309192657 0.614437818527222 0.583192646503448 0.562679529190063 0.503917157649994 0.483764499425888 0.461238622665405 0.395175844430923 0.385578751564026 0.188841953873634 0.1738640666008 0.153324082493782 0.122035637497902
-3.4e+38 -3.4e+38 -3.4e+38 -3.4e+38 -3.4e+38 -3.4e+38 -3.4e+38 -3.4e+38 -3.4e+38 -3.4e+38 0.886325895786285 0.883347690105438 0.85041618347168 0.801508069038391 0.727510869503021 0.670892834663391 0.678584516048431 0.673126339912415 0.691418170928955 0.742901861667633 0.778562307357788 0.784494161605835 0.796251893043518 0.800378322601318 0.837506115436554 0.84710955619812 0.779328882694244 0.755787134170532 0.642623424530029 0.60809063911438 0.601334571838379 0.602011024951935 0.578043282032013 0.563736855983734 0.562365174293518 0.528428912162781 0.508872866630554 0.470896393060684 0.409262806177139 0.191371962428093 0.180875405669212 0.166278317570686 0.157819241285324 0.107426516711712
-3.4e+38 -3.4e+38 -3.4e+38 -3.4e+38 0.905805885791779 0.882983207702637 -3.4e+38 -3.4e+38 -3.4e+38 0.904234886169434 0.887459993362427 0.87224292755127 0.813355386257172 0.794467687606812 0.761174499988556 0.751945316791534 0.737037539482117 0.723403096199036 0.719589412212372 0.758150219917297 0.768768668174744 0.786039710044861 0.800112664699554 0.796234726905823 0.85995078086853 0.852602005004883 0.795518398284912 0.734344780445099 0.709518730640411 0.634176313877106 0.686576008796692 0.641323924064636 0.624399542808533 0.604593992233276 0.572483599185944 0.560994207859039 0.467343538999557 0.467723190784454 0.211195036768913 0.20394591987133 0.184830203652382 0.146185040473938 0.124303482472897 0.133178770542145
-3.4e+38 -3.4e+38 -3.4e+38 -3.4e+38 0.887044608592987 0.893319189548492 0.883685827255249 0.823930859565735 0.82053816318512 0.885463833808899 0.882291555404663 0.85345858335495 0.822025835514069 0.801981866359711 0.763547718524933 0.745625734329224 0.719186961650848 0.733380734920502 0.757912695407867 0.774819731712341 0.762073159217834 0.815326035022736 0.812624573707581 0.838658571243286 0.853325188159943 0.846673965454102 0.791804611682892 0.767054259777069 0.734714686870575 0.667267501354218 0.619481146335602 0.627840757369995 0.587807595729828 0.572735130786896 0.558792769908905 0.591407179832458 0.507569015026093 0.428645372390747 0.223003596067429 0.205932423472404 0.176308736205101 0.146716862916946 0.12160437554121 0.113082334399223
-3.4e+38 -3.4e+38 -3.4e+38 0.803184926509857 0.85401439666748 0.892583012580872 0.89650559425354 0.871800363063812 0.86944180727005 0.880663275718689 0.867138981819153 0.838363409042358 0.82992947101593 0.799809455871582 0.754436612129211 0.740871131420135 0.74048113822937 0.75681334733963 0.773719251155853 0.758526027202606 0.766970574855804 0.823813736438751 0.824102938175201 0.856674075126648 0.866207480430603 0.832976698875427 0.804840445518494 0.739178478717804 0.735469043254852 0.686698615550995 0.653741657733917 0.637228429317474 0.617890119552612 0.587913691997528 0.583587110042572 0.563800394535065 0.482342690229416 0.426921635866165 0.402464777231216 0.361080557107925 0.17907626926899 0.170797631144524 0.242134422063828 0.202616736292839
-339999999999999996123846586046231871488.000000000000000 -3.4e+38 -3.4e+38 0.744736433029175 0.800638377666473 0.845160603523254 0.845724523067474 0.853581428527832 0.86453652381897 0.85513037443161 0.848147630691528 0.852952837944031 0.848434031009674 0.800006091594696 0.768327295780182 0.801033079624176 0.778326511383057 0.761390388011932 0.778111398220062 0.78724867105484 0.818938791751862 0.819500386714935 0.84898453950882 0.859023153781891 0.844324171543121 0.829543352127075 0.793496608734131 0.745695352554321 0.71594250202179 0.65652984380722 0.655063271522522 0.639134585857391 0.622408211231232 0.595410227775574 0.585089921951294 0.556915879249573 0.479300230741501 0.394906461238861 0.204443365335464 0.194530367851257 0.162925615906715 0.285719126462936 0.208137527108192 0.165171146392822
-3.4e+38 -3.4e+38 -3.4e+38 0.618272662162781 0.656730473041534 0.749994575977325 0.806221067905426 0.811495661735535 0.822707176208496 0.835104703903198 0.855381071567535 0.866276144981384 0.872075378894806 0.838200867176056 0.787826895713806 0.777192175388336 0.778693020343781 0.782523810863495 0.775378704071045 0.788570821285248 0.826229751110077 0.821323394775391 0.822732031345367 0.83764523267746 0.831516087055206 0.824253618717194 0.783845961093903 0.738084256649017 0.727209210395813 0.699529826641083 0.645597040653229 0.629576086997986 0.642180144786835 0.607688307762146 0.56455785036087 0.547248363494873 0.453431457281113 0.383520394563675 0.1559147387743 0.164993941783905 0.281880021095276 0.28080740571022 0.237740248441696 0.152848973870277
-3.4e+38 -3.4e+38 -3.4e+38 0.567074775695801 0.558645784854889 0.718201220035553 0.771514594554901 0.81522411108017 0.817032516002655 0.856968522071838 0.862339556217194 0.880181789398193 0.880309045314789 0.835015654563904 0.764934360980988 0.785692155361176 0.809481084346771 0.796709179878235 0.791464507579803 0.812129616737366 0.80976665019989 0.8446284532547 0.824365198612213 0.830027163028717 0.833183288574219 0.821207284927368 0.799946308135986 0.75193989276886 0.709126889705658 0.69082498550415 0.665278315544128 0.636993587017059 0.63722175359726 0.60653692483902 0.581325888633728 0.525200963020325 0.454034686088562 0.392167896032333 0.284744441509247 0.306240767240524 0.295353680849075 0.243738859891891 0.151123747229576 0.165105745196342
-3.4e+38 -3.4e+38 -3.4e+38 -3.4e+38 0.498892605304718 0.611441671848297 0.771742343902588 0.811335265636444 0.8415167927742 0.86510443687439 0.855139672756195 0.879999697208405 0.851674795150757 0.831145823001862 0.760892450809479 0.769759058952332 0.768815696239471 0.764493584632874 0.806186735630035 0.795330107212067 0.809122979640961 0.819267332553864 0.829263508319855 0.815960824489594 0.824418425559998 0.834307432174683 0.797107696533203 0.761744499206543 0.735967397689819 0.705241620540619 0.661362111568451 0.661184072494507 0.649219453334808 0.610682427883148 0.570569336414337 0.517023205757141 0.442471325397491 0.400948315858841 0.344059675931931 0.328200787305832 0.303431898355484 0.226571664214134 0.162981033325195 0.141740322113037
-3.4e+38 -3.4e+38 -3.4e+38 0.439662098884583 0.429061323404312 0.529404759407043 0.689995646476746 0.849624156951904 0.849003493785858 0.866324901580811 0.853568494319916 0.834437429904938 0.842443525791168 0.798490166664124 0.754541993141174 0.770552158355713 0.770164012908936 0.794143557548523 0.775233685970306 0.787245810031891 0.794484376907349 0.803561627864838 0.81848007440567 0.823214650154114 0.821804344654083 0.862239062786102 0.844019412994385 0.804423987865448 0.767270505428314 0.715559720993042 0.722501039505005 0.663040339946747 0.660214900970459 0.606662452220917 0.592227458953857 0.522996783256531 0.459617882966995 0.422172367572784 0.380488216876984 0.339771896600723 0.319462507963181 0.23920963704586 0.196182519197464 0.150086656212807
-3.4e+38 -3.4e+38 -3.4e+38 -3.4e+38 0.370292216539383 0.461664080619812 0.599145591259003 0.776325106620789 0.866462826728821 0.837472796440125 0.817411661148071 0.802620112895966 0.809121191501617 0.778959631919861 0.732235312461853 0.733478128910065 0.765241801738739 0.769709587097168 0.781110823154449 0.781182825565338 0.804459869861603 0.820811212062836 0.815750241279602 0.82507336139679 0.833543658256531 0.821905851364136 0.839060842990875 0.838676333427429 0.79855740070343 0.769487082958221 0.758129239082336 0.718697786331177 0.671494364738464 0.617415189743042 0.604938209056854 0.535281121730804 0.504823863506317 0.458174049854279 0.42234468460083 0.374078005552292 0.318113207817078 0.262822151184082 0.190252497792244 0.154889613389969
-3.4e+38 -3.4e+38 -3.4e+38 -3.4e+38 0.32425731420517 0.369290381669998 0.490855872631073 0.64961850643158 0.782857477664948 0.859711706638336 0.836399912834167 0.813521087169647 0.782391488552094 0.75737601518631 0.703846514225006 0.694814205169678 0.716222822666168 0.734142422676086 0.766263067722321 0.778066217899323 0.822237849235535 0.81145840883255 0.831602990627289 0.829200625419617 0.842444956302643 0.822103381156921 0.806442618370056 0.848546504974365 0.81666761636734 0.790040194988251 0.752920210361481 0.732105910778046 0.698229670524597 0.638257682323456 0.596767604351044 0.552663505077362 0.507826566696167 0.515834927558899 0.449320197105408 0.372399747371674 0.310375034809113 0.278185188770294 0.229417875409126 0.209254547953606
-3.4e+38 -3.4e+38 -3.4e+38 -3.4e+38 -3.4e+38 0.341217756271362 -3.4e+38 -3.4e+38 0.737771451473236 0.814061343669891 0.80992591381073 0.781288921833038 0.801932156085968 0.756392478942871 0.68999046087265 0.675379633903503 0.677275359630585 0.693101167678833 0.734653055667877 0.764626324176788 0.790615320205688 0.808946311473846 0.821687698364258 0.83560049533844 0.840458750724792 0.804531395435333 0.816522657871246 0.834216952323914 0.853255748748779 0.8216952085495 0.800811588764191 0.786639988422394 0.720819294452667 0.686855018138885 0.619805335998535 0.591249465942383 0.559451997280121 0.488652557134628 0.470219850540161 0.395328015089035 0.393484652042389 0.356810182332993 0.161005914211273 0.193803012371063
-3.4e+38 -3.4e+38 -3.4e+38 -3.4e+38 -3.4e+38 -3.4e+38 -3.4e+38 -3.4e+38 -3.4e+38 -3.4e+38 0.792377710342407 0.744356215000153 0.745540916919708 0.748361825942993 0.689683258533478 0.609106004238129 0.636775314807892 0.685951173305511 0.699614286422729 0.733165323734283 0.719622194766998 0.776055753231049 0.794194281101227 0.792026042938232 0.80611264705658 0.822142541408539 0.798195481300354 0.80828732252121 0.793822467327118 0.798920869827271 0.800032436847687 0.801438510417938 0.772701621055603 0.702093958854675 0.689925789833069 0.658248662948608 0.614895045757294 0.594918191432953 0.433847695589066 0.445313662290573 0.353108286857605 0.389827042818069 0.371613830327988 0.350185066461563
