data/climate_estimation/maxent_output/Burchardia_multiflora.asc
NCOLS 44 
NROWS 77 
XLLCORNER 114.666666666667 
YLLCORNER -35.1666666666667 
CELLSIZE 0.0833333333333334 
NODATA_value -3.4e+38 
[rows 0 to 22 of 77, columns 0 to 43 of 44]
0.532505095005035 0.253593027591705 0.324878960847855 0.36440896987915 0.262870907783508 0.321376472711563 0.362652659416199 0.295488178730011 0.257809937000275 0.209948748350143 0.205058261752129 0.155003935098648 0.112389840185642 0.104104228317738 0.0753664374351501 0.0180789548903704 0.0149829313158989 0.0129681136459112 0.0101255681365728 0.00844755955040455 0.00769755523651838 0.00708409724757075 0.00680733565241098 0.00594016024842858 0.00592339923605323 0.00524343363940716 0.00495032779872417 0.00511158863082528 0.00492904800921679 0.00510750059038401 0.00596049521118402 0.00502715539187193 0.00499803526327014 0.00648131873458624 0.00604911986738443 0.00642715534195304 0.00603344431146979 0.00621671229600906 0.00614109076559544 0.00633563566952944 0.00463339313864708 0.0047927456907928 0.00393173191696405 0.0047487230040133
0.530954658985138 0.526161909103394 0.601883172988892 0.302380591630936 0.347427546977997 0.318616569042206 0.288079619407654 0.316563785076141 0.260863989591599 0.218115732073784 0.220042020082474 0.177044734358788 0.147363469004631 0.138033747673035 0.0971644446253777 0.079742893576622 0.0185189247131348 0.0161026995629072 0.0148876179009676 0.0102143390104175 0.00903069507330656 0.00811002869158983 0.00697573367506266 0.00676426198333502 0.00587559072300792 0.00630965502932668 0.00562389940023422 0.00606056628748775 0.00538607221096754 0.00532870506867766 0.00651872344315052 0.0062543866224587 0.00693803885951638 0.0066429921425879 0.00669759372249246 0.00643899338319898 0.0070138587616384 0.00759651837870479 0.00671359151601791 0.00657713506370783 0.00569331459701061 0.00418698322027922 0.00403645727783442 0.00332748354412615
0.528551578521729 0.522515416145325 0.487262606620789 0.653324544429779 0.33536684513092 0.323809593915939 0.285320937633514 0.319850116968155 0.278637170791626 0.239935219287872 0.208540022373199 0.202032625675201 0.187723457813263 0.151067033410072 0.123908139765263 0.0913409292697906 0.0212688073515892 0.0178824532777071 0.0153514426201582 0.0130796581506729 0.0093607883900404 0.00857849605381489 0.00987187307327986 0.00877742003649473 0.00799558497965336 0.00703341653570533 0.00705370167270303 0.00727854017168283 0.00665799481794238 0.00606320891529322 0.00696758087724447 0.00685738492757082 0.00681722583249211 0.0073791672475636 0.00671908259391785 0.00663271360099316 0.00913080386817455 0.00906968489289284 0.00689485389739275 0.00626085884869099 0.0058989217504859 0.0050429324619472 0.00491215195506811 0.00410440051928163
-3.4e+38 0.526226758956909 0.497807770967484 0.586928486824036 0.272133529186249 0.322530478239059 0.284618258476257 0.252004265785217 0.21850311756134 0.184422746300697 0.212473288178444 0.220179960131645 0.17423677444458 0.188402116298676 0.127767503261566 0.104548253118992 0.0208764262497425 0.0196425449103117 0.0144399041309953 0.0141462441533804 0.0103278672322631 0.0106727443635464 0.0111857019364834 0.0101375998929143 0.00949551537632942 0.00828513968735933 0.00787975359708071 0.00758636509999633 0.00732198962941766 0.00695490231737494 0.0074155661277473 0.00822664238512516 0.00774820940569043 0.00770502211526036 0.00731544476002455 0.00754386140033603 0.00775995291769505 0.0087508549913764 0.00885080080479383 0.0063294917345047 0.00597855262458324 0.00593046098947525 0.00562507472932339 0.00421860394999385
-3.4e+38 -3.4e+38 0.49296161532402 0.466414839029312 0.558822751045227 0.244200929999352 0.222958788275719 0.250701040029526 0.224072873592377 0.181403994560242 0.21954970061779 0.242636576294899 0.187039986252785 0.181502282619476 0.126522600650787 0.0970990061759949 0.0213475599884987 0.018558980897069 0.0171101707965136 0.014291507191956 0.0128537686541677 0.0114064952358603 0.0114124529063702 0.0113030998036265 0.00976444967091084 0.00939226429909468 0.00898575130850077 0.00929172523319721 0.00790272373706102 0.00830091070383787 0.00794111844152212 0.00808312930166721 0.0082209138199687 0.00813539419323206 0.00831253360956907 0.00741565506905317 0.0092207221314311 0.00905350409448147 0.00920132175087929 0.00677506998181343 0.00781406834721565 0.00673490902408957 0.00493924925103784 0.00426796125248075
-3.4e+38 -3.4e+38 0.495418906211853 0.460625499486923 0.440885454416275 0.257365792989731 0.228203952312469 0.204346358776093 0.228143289685249 0.193661063909531 0.22441528737545 0.196458071470261 0.192141771316528 0.189726233482361 0.139351010322571 0.0884824693202972 0.0214943531900644 0.0206961520016193 0.0173792336136103 0.0158594716340303 0.0147913219407201 0.0128517048433423 0.0120530454441905 0.0115743512287736 0.0118936225771904 0.010071855969727 0.00941222161054611 0.00984088238328695 0.00894029811024666 0.00901491567492485 0.00874171778559685 0.00933957472443581 0.00870105344802141 0.00853007938712835 0.00870031490921974 0.00870840437710285 0.00829390063881874 0.00803855713456869 0.00730363139882684 0.00687834806740284 0.00804707501083612 0.00666060717776418 0.0081459591165185 0.00531089305877686
-3.4e+38 -3.4e+38 0.493091881275177 0.464060634374619 0.572014808654785 0.264087706804276 0.24209825694561 0.267113775014877 0.295847356319427 0.316773384809494 0.280666053295135 0.247049763798714 0.179371535778046 0.177724003791809 0.128846198320389 0.108077511191368 0.0259755477309227 0.023800652474165 0.0186995770782232 0.0156372617930174 0.014886443503201 0.01381232496351 0.0136795621365309 0.0131753599271178 0.0123137384653091 0.012086508795619 0.0109848789870739 0.0106163369491696 0.00970547925680876 0.0105477748438716 0.0100096249952912 0.0103126056492329 0.0100167207419872 0.0084178363904357 0.00968657061457634 0.00156056939158589 0.0093641709536314 0.0088627552613616 0.00811571814119816 0.00756005849689245 0.0078695360571146 0.00644265301525593 0.00475037703290582 0.00462973117828369
-3.4e+38 -3.4e+38 -3.4e+38 0.618467748165131 0.572561681270599 0.550524473190308 0.302573561668396 0.34714487195015 0.305661708116531 0.334743738174438 0.286803364753723 0.240597486495972 0.195869565010071 0.179969787597656 0.14289416372776 0.139267578721046 0.0289327148348093 0.0244210734963417 0.0228352919220924 0.0184200685471296 0.0167369823902845 0.015657976269722 0.0145783005282283 0.0140994926914573 0.0123566491529346 0.0133495070040226 0.0122216520830989 0.0123423123732209 0.0106301978230476 0.0102602457627654 0.0105162486433983 0.0103166876360774 0.0095718065276742 0.0122375302016735 0.0100163277238607 0.00923025514930487 0.0094690565019846 0.00858362391591072 0.0108737703412771 0.0104372603818774 0.00962371565401554 0.00705594476312399 0.00579669279977679 0.00489957490935922
-3.4e+38 -3.4e+38 -3.4e+38 0.59686416387558 0.714946866035461 0.662330746650696 0.403085350990295 0.355520009994507 0.385636538267136 0.351451545953751 0.302929878234863 0.307465851306915 0.255550712347031 0.176620304584503 0.183840289711952 0.143181875348091 0.0343337468802929 0.0291580930352211 0.0226965583860874 0.0214755795896053 0.0202082116156816 0.016876332461834 0.0157392602413893 0.0160422939807177 0.0143427522853017 0.0151305235922337 0.014243328012526 0.0137939192354679 0.0127703193575144 0.0119338529184461 0.0124770095571876 0.0141070513054729 0.0106594040989876 0.0100700007751584 0.011508128605783 0.0120232040062547 0.0122482515871525 0.0130487363785505 0.0118147172033787 0.0103557361289859 0.00960132852196693 0.00930690113455057 0.00714092096313834 0.00607171049341559
-3.4e+38 -3.4e+38 -3.4e+38 0.618550360202789 0.714469969272614 0.66837477684021 0.394982635974884 0.425867855548859 0.395594030618668 0.353253722190857 0.380085736513138 0.320356726646423 0.278729915618896 0.244173467159271 0.197098761796951 0.160139128565788 0.0323438085615635 0.0291620027273893 0.0339352674782276 0.0285570751875639 0.0217991527169943 0.0232323091477156 0.0234178137034178 0.0166689846664667 0.0175962708890438 0.0167468078434467 0.0161520652472973 0.0140639506280422 0.0134611185640097 0.0163486991077662 0.016855102032423 0.0140302376821637 0.0134382182732224 0.0142239555716515 0.0140642700716853 0.0124766938388348 0.0122987180948257 0.0112960049882531 0.0104736536741257 0.0116475457325578 0.0103762401267886 0.00956070516258478 0.00691581470891833 0.00628729350864887
-3.4e+38 -3.4e+38 -3.4e+38 0.63047856092453 0.592300891876221 0.650546967983246 0.611716508865356 0.335229068994522 0.378826141357422 0.4360311627388 0.394105643033981 0.344065070152283 0.289720803499222 0.254166424274445 0.210969254374504 0.183361157774925 0.164562195539474 0.0375161580741405 0.0351405628025532 0.0342523381114006 0.0290238671004772 0.027336185798049 0.0243634879589081 0.0251991618424654 0.0184438824653625 0.0233008470386267 0.020397711545229 0.0193161461502314 0.019431110471487 0.0183306485414505 0.017546596005559 0.0162963848561049 0.0150750642642379 0.0148071944713593 0.015226568095386 0.0141756506636739 0.0133039336651564 0.0119084771722555 0.011862020008266 0.0108472444117069 0.0102969314903021 0.00771344127133489 0.00915956404060125 0.00755784008651972
-3.4e+38 -3.4e+38 -3.4e+38 0.626904428005219 0.588484585285187 0.533528327941895 0.614698708057404 0.530236780643463 0.387524247169495 0.429905444383621 0.492570370435715 0.438354671001434 0.323696821928024 0.274218022823334 0.236651435494423 0.200141817331314 0.178438395261765 0.177890911698341 0.0375420264899731 0.0366513170301914 0.0339655950665474 0.0344017259776592 0.0292265992611647 0.0263500865548849 0.0275157205760479 0.0236472990363836 0.0226073693484068 0.0218917094171047 0.0193751100450754 0.0184189267456532 0.0196051988750696 0.0193586759269238 0.0179593041539192 0.0148770241066813 0.0167506113648415 0.016525212675333 0.0152273047715425 0.0130305299535394 0.0124045787379146 0.0121155846863985 0.0129264108836651 0.0098868478089571 0.00815638247877359 0.00705469865351915
-3.4e+38 -3.4e+38 -3.4e+38 0.48833966255188 0.605047285556793 0.562047719955444 0.489504158496857 0.512127637863159 0.312961518764496 0.361445754766464 0.51596987247467 0.475110590457916 0.425098955631256 0.325121313333511 0.266408652067184 0.233548849821091 0.237476125359535 0.225210905075073 0.186284452676773 0.0445219911634922 0.0414227023720741 0.0346025042235851 0.0311850011348724 0.0296707060188055 0.0292131099849939 0.0289773400872946 0.0264564547687769 0.0238498095422983 0.0230936035513878 0.0220869090408087 0.0226189065724611 0.0197821501642466 0.0182959530502558 0.0182511378079653 0.015195693820715 0.0155781358480453 0.0150721380487084 0.015434630215168 0.0143977338448167 0.0118254590779543 0.013812848366797 0.0123626170679927 0.010433504357934 0.00808804668486118
-3.4e+38 -3.4e+38 -3.4e+38 0.498374223709106 0.497011125087738 0.587088048458099 0.518565654754639 0.545817375183105 0.326481491327286 0.396314740180969 0.446634352207184 0.515659391880035 0.448239386081696 0.395466953516006 0.289941549301147 0.250985950231552 0.239272996783257 0.230405002832413 0.217885285615921 0.175809234380722 0.0444282777607441 0.0375949405133724 0.0316096544265747 0.0340589880943298 0.0359069816768169 0.0314568467438221 0.0295413639396429 0.0283144973218441 0.0261376034468412 0.0220996383577585 0.0213591400533915 0.0200238395482302 0.018829558044672 0.0183272492140532 0.0177618619054556 0.0158575382083654 0.0162986218929291 0.0180471856147051 0.0164601597934961 0.0143960760906339 0.0141111603006721 0.0103597044944763 0.0123500777408481 0.0101996213197708
-3.4e+38 -3.4e+38 -3.4e+38 0.52458381652832 0.511563718318939 0.46685653924942 0.567109823226929 0.60697066783905 0.366124510765076 0.415840655565262 0.471436321735382 0.540763139724731 0.505723237991333 0.45605280995369 0.386110842227936 0.338621348142624 0.290199130773544 0.247167766094208 0.228643804788589 0.195877879858017 0.181935593485832 0.155827581882477 0.0398639626801014 0.0394304618239403 0.0387278012931347 0.0365836918354034 0.0335886925458908 0.0333351567387581 0.0285922847688198 0.0263157170265913 0.0307242181152105 0.0272193923592567 0.0239098928868771 0.0220126751810312 0.0202917587012053 0.0214671660214663 0.0203959997743368 0.0190257597714663 0.0175168327987194 0.0160019360482693 0.0144976144656539 0.0138205429539084 0.011994986794889 0.0104822497814894
-3.4e+38 -3.4e+38 -3.4e+38 0.527437388896942 0.525195360183716 0.253474503755569 0.58687686920166 0.652407109737396 0.418276101350784 0.449570000171661 0.480493664741516 0.541157007217407 0.533253908157349 0.524139702320099 0.441240400075912 0.379253476858139 0.291280061006546 0.272600799798965 0.233266308903694 0.217984139919281 0.198365539312363 0.181748852133751 0.0466680862009525 0.0434180088341236 0.0459542497992516 0.0366809703409672 0.0385219715535641 0.0345692969858646 0.0315004773437977 0.0332004576921463 0.0293138697743416 0.0270790494978428 0.0271273162215948 0.0266335159540176 0.0270418655127287 0.0221795439720154 0.0214873738586903 0.0204064566642046 0.0191441606730223 0.0167473312467337 0.0177901219576597 0.0159159936010838 0.0137872975319624 0.0100542549043894
-3.4e+38 -3.4e+38 -3.4e+38 0.13739039003849 0.293927788734436 0.3543501496315 0.419822216033936 0.394654542207718 0.441569060087204 0.504315733909607 0.502082288265228 0.556973814964294 0.545918881893158 0.537050604820251 0.49572366476059 0.404320329427719 0.337673038244247 0.278120517730713 0.244241565465927 0.230370730161667 0.207397848367691 0.189777433872223 0.192525446414948 0.178838059306145 0.0468217842280865 0.0459569953382015 0.0394316613674164 0.045182004570961 0.0428092367947102 0.0363387390971184 0.0344520807266235 0.0329146683216095 0.0316685885190964 0.0277682300657034 0.0270268954336643 0.0223921053111553 0.0231567118316889 0.0199944116175175 0.021613173186779 0.0191360637545586 0.0189134199172258 0.0173194818198681 0.0145283127203584 0.0121307037770748
-3.4e+38 -3.4e+38 -3.4e+38 0.14235021173954 0.139489755034447 0.269349664449692 0.342092126607895 0.429416090250015 0.506011784076691 0.535266995429993 0.569757878780365 0.590215921401978 0.552915453910828 0.561590611934662 0.516304969787598 0.422527700662613 0.316841840744019 0.297829389572144 0.260496586561203 0.222140535712242 0.221295520663261 0.190241172909737 0.186612218618393 0.191749587655067 0.199750363826752 0.170908704400063 0.0500458329916 0.0491903573274612 0.0469266921281815 0.0422209501266479 0.0405635572969913 0.0362465940415859 0.0344869159162045 0.0301114320755005 0.0272627305239439 0.0256301015615463 0.0225291159003973 0.0232553500682116 0.0210440903902054 0.0203579440712929 0.0183357689529657 0.0170447677373886 0.0144986966624856 0.0102609721943736
-3.4e+38 -3.4e+38 -3.4e+38 -3.4e+38 0.138437703251839 0.275473147630692 0.277935355901718 0.373736441135406 0.437488943338394 0.498707354068756 0.525063991546631 0.617156684398651 0.567976355552673 0.570948660373688 0.544853746891022 0.412914216518402 0.330739080905914 0.336248338222504 0.296569496393204 0.251149207353592 0.213843762874603 0.203818902373314 0.208355262875557 0.21083477139473 0.214828059077263 0.186067938804626 0.0436639674007893 0.0450285114347935 0.0482289865612984 0.0441118888556957 0.0419936142861843 0.0360809005796909 0.03396912291646 0.0335098281502724 0.0317494422197342 0.0284347292035818 0.0288015380501747 0.025129146873951 0.0239008031785488 0.0217271260917187 0.0192260947078466 0.0181776322424412 0.015177084133029 0.0127866789698601
-3.4e+38 -3.4e+38 -3.4e+38 -3.4e+38 0.133934333920479 0.276314198970795 0.377544432878494 0.429040372371674 0.799127638339996 0.876933038234711 0.886215627193451 0.618340671062469 0.605862975120544 0.600115299224854 0.575479209423065 0.487071305513382 0.35247340798378 0.291471689939499 0.310003697872162 0.262514650821686 0.202323883771896 0.190497279167175 0.196596428751945 0.193279445171356 0.198620319366455 0.196300283074379 0.165354251861572 0.0496728755533695 0.0469609797000885 0.0454118140041828 0.0417509078979492 0.0403316132724285 0.036228634417057 0.0354105643928051 0.0322562083601952 0.0294446647167206 0.0317975655198097 0.0288246870040894 0.0237075816839933 0.0218769200146198 0.0192599389702082 0.0208946950733662 0.0176709201186895 0.0150816589593887
-339999999999999996123846586046231871488.000000000000000 -3.4e+38 -3.4e+38 -3.4e+38 0.12999863922596 0.290093302726746 0.275873750448227 0.645614743232727 0.82802939414978 0.871038794517517 0.905908405780792 0.65771472454071 0.643438160419464 0.662903547286987 0.607028603553772 0.479729771614075 0.391530692577362 0.325367718935013 0.299972504377365 0.23610782623291 0.204327508807182 0.184691399335861 0.174969747662544 0.172976553440094 0.176817148923874 0.183466643095016 0.179259151220322 0.19416669011116 0.0522434860467911 0.0475070439279079 0.0411291196942329 0.0432927273213863 0.0349032171070576 0.0328028835356236 0.0346419736742973 0.0316620916128159 0.0308773331344128 0.0263308994472027 0.030373664572835 0.0229194276034832 0.0216038301587105 0.0191100928932428 0.0164344143122435 0.0133712738752365
-3.4e+38 -3.4e+38 -3.4e+38 -3.4e+38 0.252966046333313 0.503763318061829 0.522245645523071 0.678424119949341 0.760222733020782 0.838517487049103 0.939519822597504 0.945265769958496 0.662052631378174 0.641177356243134 0.617920100688934 0.539548099040985 0.420648455619812 0.337915062904358 0.289167016744614 0.251394122838974 0.201577559113503 0.169488668441772 0.147996440529823 0.149416163563728 0.177718132734299 0.173568412661552 0.179030448198318 0.200655773282051 0.182519614696503 0.046480368822813 0.0480409823358059 0.0389779396355152 0.14803384244442 0.141144186258316 0.126689225435257 0.134477689862251 0.135164231061935 0.118982188403606 0.0283191315829754 0.0252480246126652 0.0226374547928572 0.0199191924184561 0.0168954320251942 0.0139457797631621
-3.4e+38 -3.4e+38 -3.4e+38 -3.4e+38 -3.4e+38 0.49874073266983 0.513261556625366 0.678214251995087 0.794891655445099 0.869144320487976 0.950678765773773 0.960521697998047 0.947344243526459 0.665716826915741 0.624859094619751 0.564431011676788 0.475532293319702 0.341020107269287 0.282691150903702 0.269025981426239 0.250478893518448 0.180085465312004 0.160877153277397 0.162810072302818 0.174748033285141 0.184986129403114 0.19159671664238 0.186262369155884 0.188471719622612 0.046676866710186 0.0405650958418846 0.0387820526957512 0.0384212136268616 0.138750478625298 0.136226311326027 0.128055065870285 0.138473302125931 0.122683718800545 0.0281153209507465 0.0254262164235115 0.0233969446271658 0.021678514778614 0.0199231524020433 0.0170193295925856
