data/climate_estimation/maxent_output/Burchardia_congesta.asc
NCOLS 45 
NROWS 83 
XLLCORNER 114.5 
YLLCORNER -35.25 
CELLSIZE 0.0833333333333333 
NODATA_value -3.4e+38 
[rows 0 to 22 of 83, columns 0 to 44 of 45]
0.353309422731400 0.649565160274506 0.698697865009308 0.678460776805878 0.656040966510773 0.632214426994324 0.652456223964691 0.634223520755768 0.59977912902832 0.52155464887619 0.302989959716797 0.225296825170517 0.161184072494507 0.119789466261864 0.0803698003292084 0.0521872639656067 0.0466822497546673 0.0384618453681469 0.0330124907195568 0.0255547761917114 0.0198758970946074 0.0169863253831863 0.0128907412290573 0.0132013587281108 0.0103994309902191 0.0100622624158859 0.00766582880169153 0.00752916373312473 0.00537514500319958 0.00454526441171765 0.00514680845662951 0.00345970643684268 0.00398341659456491 0.000772106053773314 0.000942111713811755 0.000970054999925196 0.00101775815710425 0.000965875515248626 0.00142564647831023 0.00108243245631456 0.00438225362449884 0.0053154663182795 0.00535713974386454 0.00463388860225677 0.00465160887688398
0.65601372718811 0.657414793968201 0.67846417427063 0.636230230331421 0.655750751495361 0.625202834606171 0.655100047588348 0.632207572460175 0.598685920238495 0.543246626853943 0.299914658069611 0.26194429397583 0.184746965765953 0.122179642319679 0.086465135216713 0.0723282620310783 0.0622173212468624 0.0413189977407455 0.0314054191112518 0.0217155572026968 0.0181695949286222 0.0189377758651972 0.0155226746574044 0.0109651824459434 0.00974978785961866 0.0089996038004756 0.00823356118053198 0.00585335167124867 0.00650458037853241 0.00646380009129643 0.00444089667871594 0.00510536460205913 0.00356231816112995 0.000658320030197501 0.000686133629642427 0.000848701747599989 0.00101169035769999 0.00146429345477372 0.00117605307605118 0.00120808952488005 0.00440717861056328 0.00463385879993439 0.00491411425173283 0.00408567301928997 0.00492513319477439
0.348787665367126 0.65183436870575 0.635931372642517 0.628734290599823 0.649374723434448 0.681761026382446 0.653545916080475 0.635194599628448 0.596162259578705 0.597710907459259 0.526289284229279 0.276440322399139 0.184531942009926 0.131053268909454 0.104157418012619 0.0628149211406708 0.055391039699316 0.0359392166137695 0.0339773632586002 0.0292118843644857 0.0243179183453321 0.0175520293414593 0.0165322106331587 0.013122919946909 0.0113113690167665 0.00986065994948149 0.0111664952710271 0.0084686242043972 0.00820875447243452 0.00652043800801039 0.00561955012381077 0.0011323734652251 0.00112984189763665 0.00113160558976233 0.00527121452614665 0.00513871666043997 0.00520346034318209 0.00541861075907946 0.00629691500216722 0.00643373280763626 0.00778905209153891 0.00598397525027394 0.00608536461368203 0.00519617879763246 0.0042026680894196
0.346429437398911 0.647880792617798 0.632306814193726 0.634429156780243 0.660646557807922 0.671975791454315 0.653250277042389 0.631560444831848 0.646534562110901 0.597710788249969 0.548851430416107 0.52376002073288 0.204202622175217 0.165819853544235 0.0933270826935768 0.0662397667765617 0.0561294108629227 0.042719054967165 0.0344206131994724 0.0272302385419607 0.0295665264129639 0.0244452003389597 0.0195386223495007 0.0169011112302542 0.0128962704911828 0.0103724068030715 0.0114244697615504 0.0111037464812398 0.0104187233373523 0.00962238293141127 0.00836887024343014 0.00694875931367278 0.00859502516686916 0.00571692548692226 0.00877563748508692 0.00626463815569878 0.00448351725935936 0.0063109421171248 0.00770703284069896 0.00775430491194129 0.00813815649598837 0.00834314338862896 0.00510649010539055 0.00639044586569071 0.00432584946975112
-3.4e+38 0.345101535320282 0.638118624687195 0.624000132083893 0.651390314102173 0.674852430820465 0.606752872467041 0.623076319694519 0.645376920700073 0.619662702083588 0.559549748897552 0.497181385755539 0.448248416185379 0.323179602622986 0.22494150698185 0.139653846621513 0.115339107811451 0.0430800653994083 0.0511763393878937 0.0405303277075291 0.0276884753257036 0.0227680653333664 0.0209978464990854 0.0168086793273687 0.0175268445163965 0.0137787247076631 0.0120492251589894 0.0116843525320292 0.0118952309712768 0.0101921493187547 0.0094211557880044 0.00773798115551472 0.00751661602407694 0.00850851275026798 0.00692648533731699 0.0069232820533216 0.00806457456201315 0.00992862973362207 0.00856065563857555 0.0085715688765049 0.00817526783794165 0.00735872285440564 0.00790229998528957 0.00677569070830941 0.00647225370630622
0.760789096355438 0.76734733581543 0.763789415359497 0.636822462081909 0.664217352867126 0.670162200927734 0.596625030040741 0.630701303482056 0.65533858537674 0.60909765958786 0.578432023525238 0.518187880516052 0.514964818954468 0.378553599119186 0.285663694143295 0.221033200621605 0.132685154676437 0.0629983320832253 0.0481386594474316 0.0397004038095474 0.0364381074905396 0.0282534286379814 0.0241134315729141 0.0213292390108109 0.0195030532777309 0.0158952418714762 0.0161960627883673 0.0126646179705858 0.0117815872654319 0.0121229523792863 0.0105372983962297 0.0106392093002796 0.0104127824306488 0.0100341541692615 0.0097833164036274 0.0114441942423582 0.00871595647186041 0.0103671588003635 0.00919182412326336 0.00933092460036278 0.0090591786429286 0.00940221920609474 0.00685560703277588 0.00697698909789324 0.00559294689446688
-3.4e+38 0.759392499923706 0.759935557842255 0.754307508468628 0.767479598522186 0.638092875480652 0.652448773384094 0.617676675319672 0.611000955104828 0.628078043460846 0.567164242267609 0.526911497116089 0.531374454498291 0.453762978315353 0.384812116622925 0.317761451005936 0.202991485595703 0.148297622799873 0.0703632980585098 0.0555292218923569 0.0498328544199467 0.0373988300561905 0.0314858369529247 0.0254704840481281 0.0208383314311504 0.0189197789877653 0.0150746088474989 0.0132980942726135 0.013707903213799 0.0117361834272742 0.0123790446668863 0.0110820084810257 0.0123752867802978 0.0106027685105801 0.0131655456498265 0.0107299275696278 0.0110222036018968 0.0107340682297945 0.0132751390337944 0.0145075777545571 0.011850762180984 0.0103080859407783 0.00841644033789635 0.00610664440318942 0.00576237728819251
-3.4e+38 -3.4e+38 0.753006100654602 0.747110724449158 0.730459749698639 0.77714216709137 0.645673155784607 0.629228293895721 0.600922465324402 0.624372601509094 0.605636119842529 0.546807944774628 0.51615983247757 0.505236387252808 0.460136324167252 0.36003789305687 0.287550538778305 0.176484346389771 0.084344744682312 0.0632676258683205 0.0501106902956963 0.0401805453002453 0.0325898341834545 0.0283912736922503 0.027363508939743 0.0223107822239399 0.0190561134368181 0.0150138977915049 0.0152138713747263 0.0168794970959425 0.013812773860991 0.0143159776926041 0.0127586843445897 0.0126223983243108 0.0125725539401174 0.0142904575914145 0.0119809359312057 0.0121317617595196 0.0163241382688284 0.0162503458559513 0.0124738784506917 0.00990262813866138 0.00872494000941515 0.00739754037931561 0.007180190179497
-3.4e+38 -3.4e+38 -3.4e+38 0.743986427783966 0.727103173732758 0.753682136535645 0.610677003860474 0.628144443035126 0.599524259567261 0.586447179317474 0.550407230854034 0.505724012851715 0.511731922626495 0.523634374141693 0.469132214784622 0.448609292507172 0.30861884355545 0.22401088476181 0.0767451375722885 0.0727896839380264 0.0452166683971882 0.0452740713953972 0.0376804545521736 0.0300034545361996 0.032924335449934 0.0280426368117332 0.0242674667388201 0.0194325689226389 0.0177576243877411 0.0165358651429415 0.0161249749362469 0.0143234943971038 0.0145333483815193 0.0174687653779984 0.0152701744809747 0.0153976744040847 0.0129321021959186 0.0149038201197982 0.0152941280975938 0.0133688217028975 0.0148752983659506 0.0102425320073962 0.00880405772477388 0.00894413609057665 0.00824751704931259
-3.4e+38 -3.4e+38 -3.4e+38 -3.4e+38 0.721385180950165 0.710083663463593 0.725594162940979 0.578126013278961 0.552186727523804 0.576082587242126 0.555687725543976 0.495398223400116 0.506016433238983 0.536832332611084 0.497002482414246 0.434260696172714 0.297009229660034 0.191551968455315 0.0789309293031693 0.0668165162205696 0.0627830550074577 0.0455896817147732 0.03935357183218 0.0335513353347778 0.0328782685101032 0.0321277603507042 0.0247320178896189 0.0230547394603491 0.0211547631770372 0.0214216820895672 0.0171135794371367 0.019135095179081 0.0167239531874657 0.0166828259825706 0.0166323091834784 0.0168688800185919 0.0172318704426289 0.015450194478035 0.0160939320921898 0.0158623717725277 0.0154551332816482 0.0109290275722742 0.0108580030500889 0.00906288251280785 0.0072439587675035
-3.4e+38 -3.4e+38 -3.4e+38 -3.4e+38 0.718696773052216 0.704347610473633 0.686592400074005 0.579526901245117 0.546092569828033 0.530009686946869 0.553068399429321 0.523306012153625 0.516654491424561 0.493372172117233 0.497001737356186 0.470186829566956 0.338098138570786 0.21108366549015 0.0792986005544662 0.0763993337750435 0.0575696118175983 0.0503409542143345 0.0484517738223076 0.0391265451908112 0.0345325395464897 0.0326486453413963 0.0334700793027878 0.0258493423461914 0.0227055642753839 0.0239517278969288 0.0210820995271206 0.0216425340622663 0.0197373572736979 0.0204807389527559 0.0198061894625425 0.0197914931923151 0.0187630746513605 0.0203374419361353 0.0183960776776075 0.0165366008877754 0.0132846031337976 0.0110413106158376 0.0109754418954253 0.00904257874935865 0.0106476619839668
-3.4e+38 -3.4e+38 -3.4e+38 -3.4e+38 0.711290299892426 0.699637770652771 0.727030873298645 0.582304358482361 0.553522706031799 0.564633131027222 0.597488582134247 0.603271126747131 0.568843185901642 0.539380192756653 0.462370544672012 0.435271084308624 0.338726788759232 0.27362996339798 0.103439502418041 0.0944106876850128 0.0645830556750298 0.0461647547781467 0.0446135625243187 0.0427848137915134 0.0422634556889534 0.0389784052968025 0.034267034381628 0.0338371098041534 0.0279300212860107 0.02580801025033 0.0230559203773737 0.0262793842703104 0.0253636073321104 0.0260509941726923 0.0240430738776922 0.0183187816292048 0.0234548039734364 0.0034328531473875 0.0214872546494007 0.0187264923006296 0.0159553699195385 0.01359832752496 0.0107376463711262 0.00878110993653536 0.00638204719871283
-3.4e+38 -3.4e+38 -3.4e+38 -3.4e+38 -3.4e+38 0.74652099609375 0.72222489118576 0.701728224754333 0.593942821025848 0.610734403133392 0.586824655532837 0.610555410385132 0.567550361156464 0.539527833461761 0.483694106340408 0.485152333974838 0.373205691576004 0.321423292160034 0.112239055335522 0.0907968804240227 0.084788516163826 0.0595428310334682 0.0519127286970615 0.0492509640753269 0.043927725404501 0.0404459834098816 0.0325268432497978 0.0385081730782986 0.032637745141983 0.0335679277777672 0.02622439712286 0.024364709854126 0.0249367766082287 0.0243454109877348 0.0216367486864328 0.0246656741946936 0.0228549260646105 0.0202170126140118 0.0217834264039993 0.0185921229422092 0.0194785948842764 0.0175145845860243 0.0140537824481726 0.00972013548016548 0.0081374878063798
-3.4e+38 -3.4e+38 -3.4e+38 -3.4e+38 -3.4e+38 0.73311322927475 0.774975419044495 0.740379393100739 0.640958428382874 0.611407101154327 0.632354199886322 0.610779047012329 0.573796033859253 0.58839476108551 0.543610215187073 0.457336694002151 0.42088907957077 0.331478506326675 0.143065214157104 0.11766242235899 0.0793318226933479 0.0753850638866425 0.0679368004202843 0.0515209212899208 0.046007078140974 0.0469524823129177 0.0391789115965366 0.0458193384110928 0.0411669798195362 0.0385684780776501 0.0336858294904232 0.0299264471977949 0.0315626114606857 0.0277394913136959 0.0248136762529612 0.0225409809499979 0.0287107937037945 0.0232900846749544 0.0252492390573025 0.0265285037457943 0.0228682719171047 0.0156163545325398 0.0143309505656362 0.0141158513724804 0.0100085316225886
-3.4e+38 -3.4e+38 -3.4e+38 -3.4e+38 -3.4e+38 0.741691946983337 0.773741066455841 0.740821599960327 0.626350164413452 0.641362130641937 0.604611933231354 0.597575664520264 0.631486117839813 0.589195191860199 0.571570336818695 0.541316628456116 0.474178642034531 0.369942426681519 0.1204784065485 0.110702410340309 0.109752982854843 0.0840324237942696 0.0717962607741356 0.0625689402222633 0.0663497075438499 0.0476506352424622 0.0514486208558083 0.0486389249563217 0.0447036549448967 0.0358056798577309 0.032722145318985 0.0357209593057632 0.036870401352644 0.0274642892181873 0.0251014996320009 0.029072530567646 0.0297836996614933 0.0241489913314581 0.0239141881465912 0.020625963807106 0.0174694806337357 0.0213606432080269 0.0175503455102444 0.0143752554431558 0.0098520889878273
-3.4e+38 -3.4e+38 -3.4e+38 -3.4e+38 -3.4e+38 0.744844257831573 0.725967347621918 0.729745745658875 0.693189859390259 0.568108797073364 0.592911601066589 0.645593225955963 0.630863547325134 0.602893352508545 0.578000426292419 0.547661483287811 0.482577592134476 0.433941185474396 0.394109845161438 0.151091367006302 0.112166307866573 0.109382443130016 0.0849622711539268 0.0758884027600288 0.064358688890934 0.0708371549844742 0.0524931997060776 0.0630731657147408 0.04714235663414 0.04533851146698 0.0455219410359859 0.0412039496004581 0.0377161279320717 0.0335592478513718 0.0293745808303356 0.0279926732182503 0.0311602689325809 0.0281890723854303 0.0251102410256863 0.0209560468792915 0.0211363490670919 0.0161162279546261 0.015051425434649 0.0107867196202278 0.0128115396946669
-3.4e+38 -3.4e+38 -3.4e+38 -3.4e+38 -3.4e+38 0.745866477489471 0.723975777626038 0.684847831726074 0.691116333007812 0.635734915733337 0.604114651679993 0.638045430183411 0.685697495937347 0.660492599010468 0.601499795913696 0.566259801387787 0.521136999130249 0.478849977254868 0.430480778217316 0.360714763402939 0.117694914340973 0.115800455212593 0.10246304422617 0.108843885362148 0.0840163677930832 0.0689587816596031 0.0719986632466316 0.0597974732518196 0.0541013330221176 0.0498604737222195 0.0420101284980774 0.0383739583194256 0.0433982461690903 0.0405185669660568 0.0381074175238609 0.0279078558087349 0.035370621830225 0.0344658009707928 0.0306450910866261 0.0238257832825184 0.0217885132879019 0.0198405086994171 0.0175349116325378 0.0129019906744361 0.0104871448129416
-3.4e+38 -3.4e+38 -3.4e+38 -3.4e+38 -3.4e+38 0.70348197221756 0.731552064418793 0.701542615890503 0.638580679893494 0.613735556602478 0.560717880725861 0.596083402633667 0.688503265380859 0.668229937553406 0.66289871931076 0.61713057756424 0.554971694946289 0.540480315685272 0.510851979255676 0.489733099937439 0.378870755434036 0.144369721412659 0.134514838457108 0.10275299847126 0.0879532471299171 0.084045484662056 0.0752750858664513 0.0750018879771233 0.0694166123867035 0.0564410798251629 0.0520185269415379 0.0499534830451012 0.0541175492107868 0.0432254336774349 0.0383602529764175 0.0373222157359123 0.0278432797640562 0.0284965299069881 0.0278615970164537 0.0286307223141193 0.0258257277309895 0.0190964415669441 0.0184634290635586 0.0156111717224121 0.0133212646469474
-3.4e+38 -3.4e+38 -3.4e+38 -3.4e+38 -3.4e+38 0.711292624473572 0.707888305187225 0.720616519451141 0.669945359230042 0.657466530799866 0.577946484088898 0.623001217842102 0.653032183647156 0.700855016708374 0.667906641960144 0.650642812252045 0.587476491928101 0.540560364723206 0.513217628002167 0.521147668361664 0.468148678541183 0.343420952558517 0.141460403800011 0.10907243937254 0.0835593789815903 0.0940529927611351 0.0991525202989578 0.0803944244980812 0.0799561068415642 0.0689129382371902 0.0605405643582344 0.0491790398955345 0.0452532656490803 0.0407028943300247 0.0369025133550167 0.0360943004488945 0.0353310629725456 0.0288443006575108 0.0300732143223286 0.0292175132781267 0.0250602606683969 0.0181276593357325 0.0176972150802612 0.012249288149178 0.0150815658271313
-3.4e+38 -3.4e+38 -3.4e+38 -3.4e+38 -3.4e+38 0.734856009483337 0.722986817359924 0.696200966835022 0.714221715927124 0.715311825275421 0.618754088878632 0.646487057209015 0.675233066082001 0.703980624675751 0.685443341732025 0.685488760471344 0.655926883220673 0.627672493457794 0.599277317523956 0.547482788562775 0.499611616134644 0.423101007938385 0.372760534286499 0.297667145729065 0.112971186637878 0.116907954216003 0.104733251035213 0.100408598780632 0.0836954265832901 0.0877517387270927 0.068682387471199 0.0608213469386101 0.0627895817160606 0.0529669299721718 0.0428548045456409 0.0470522567629814 0.0416693761944771 0.03773507848382 0.0338979847729206 0.0302441250532866 0.0264184549450874 0.0222626943141222 0.0180267617106438 0.0163736622780561 0.014317792840302
-3.4e+38 -3.4e+38 -3.4e+38 -3.4e+38 -3.4e+38 0.760408580303192 0.749078631401062 0.608708083629608 0.743272542953491 0.759201169013977 0.667092978954315 0.67212849855423 0.690605521202087 0.715143203735352 0.714846253395081 0.709198892116547 0.693558275699615 0.678004145622253 0.59061199426651 0.597984969615936 0.529913127422333 0.476978808641434 0.413544178009033 0.368985056877136 0.142529234290123 0.119342938065529 0.133474960923195 0.0936326384544373 0.103515855967999 0.0849776417016983 0.0746581926941872 0.0669920518994331 0.0563893392682076 0.0495138019323349 0.0528444610536098 0.0500763542950153 0.0508074946701527 0.0378734618425369 0.0366179421544075 0.0332204923033714 0.0300620254129171 0.0248374845832586 0.0246227961033583 0.0197697058320045 0.0161762144416571
-339999999999999996123846586046231871488.000000000000000 -3.4e+38 -3.4e+38 -3.4e+38 -3.4e+38 0.317566871643066 0.63354218006134 0.61678683757782 0.63847553730011 0.651222407817841 0.660832107067108 0.706676185131073 0.6864914894104 0.727892220020294 0.7291619181633 0.709969103336334 0.71642655134201 0.690268218517303 0.651431620121002 0.600509107112885 0.555349349975586 0.517285227775574 0.44238618016243 0.385287314653397 0.380250453948975 0.347094029188156 0.12561309337616 0.124843187630177 0.0990543961524963 0.101763673126698 0.0977505818009377 0.0760167092084885 0.0684053748846054 0.0688279494643211 0.06382105499506 0.0510026440024376 0.0500690154731274 0.0377317443490028 0.0388403236865997 0.0320050753653049 0.0344040207564831 0.0294391568750143 0.0280511882156134 0.0236764475703239 0.0167653523385525
-3.4e+38 -3.4e+38 -3.4e+38 -3.4e+38 -3.4e+38 0.312956571578979 0.309458553791046 0.580952405929565 0.594037771224976 0.657404482364655 0.704509913921356 0.70473438501358 0.732661366462708 0.740628898143768 0.73273116350174 0.730304598808289 0.727399170398712 0.70695549249649 0.622976183891296 0.637201726436615 0.593652784824371 0.514937818050385 0.491567403078079 0.380852311849594 0.372767716646194 0.350295573472977 0.370469182729721 0.295507460832596 0.106821246445179 0.111161209642887 0.109947822988033 0.0949437245726585 0.0871478319168091 0.0736809596419334 0.0721790716052055 0.0576622821390629 0.0498564690351486 0.0447491928935051 0.0375011079013348 0.0366858094930649 0.031403373926878 0.0288460850715637 0.0240301601588726 0.0196325201541185 0.0161690525710583
