data/climate_estimation/maxent_output/Burchardia_congesta.asc
NCOLS 45 
NROWS 83 
XLLCORNER 114.5 
YLLCORNER -35.25 
CELLSIZE 0.0833333333333333 
NODATA_value -3.4e+38 
[rows 23 to 45 of 83, columns 0 to 44 of 45]
-3.4e+38 -3.4e+38 -3.4e+38 -3.4e+38 -3.4e+38 -3.4e+38 0.297967821359634 0.57695859670639 0.595599472522736 0.644076764583588 0.674546837806702 0.699347257614136 0.700966596603394 0.734092593193054 0.703635036945343 0.745485961437225 0.740135490894318 0.693214356899261 0.655979156494141 0.662807703018188 0.622796237468719 0.541530966758728 0.476597756147385 0.425244599580765 0.421407222747803 0.40201073884964 0.416735768318176 0.332637935876846 0.102278009057045 0.0903809443116188 0.105372041463852 0.0979835167527199 0.0892226696014404 0.0731709450483322 0.066061332821846 0.0659188330173492 0.0595247149467468 0.0503129661083221 0.0488512590527534 0.0409860052168369 0.0364661291241646 0.0309339389204979 0.0261755157262087 0.0216854028403759 0.017271351069212
-3.4e+38 -3.4e+38 -3.4e+38 -3.4e+38 -3.4e+38 -3.4e+38 0.284772098064423 0.568113386631012 0.617290675640106 0.61521852016449 0.859986245632172 0.880753099918365 0.878289043903351 0.707178711891174 0.730080842971802 0.763184130191803 0.754513680934906 0.748198628425598 0.668102502822876 0.633612036705017 0.641939520835876 0.578722417354584 0.435918509960175 0.384421139955521 0.382987231016159 0.358220130205154 0.377005845308304 0.342754423618317 0.271972000598907 0.10217122733593 0.092592753469944 0.0912299752235413 0.0875555276870728 0.0838342234492302 0.0673625990748405 0.0716613531112671 0.0610156618058681 0.0536991953849792 0.0581611916422844 0.0478904508054256 0.0336479842662811 0.0304577853530645 0.0223697237670422 0.0297686140984297 0.0204002931714058
-3.4e+38 -3.4e+38 -3.4e+38 -3.4e+38 -3.4e+38 -3.4e+38 0.273186534643173 0.581717789173126 0.570442259311676 0.828771233558655 0.881443381309509 0.892946302890778 0.906729221343994 0.736920058727264 0.751887023448944 0.812559247016907 0.780752539634705 0.742398262023926 0.714511752128601 0.661557495594025 0.654613077640533 0.568268418312073 0.461990654468536 0.38841912150383 0.345241367816925 0.320169180631638 0.307199329137802 0.310504823923111 0.308675795793533 0.308752208948135 0.102729551494122 0.0983032360672951 0.0790202394127846 0.0858590975403786 0.0633422061800957 0.0573420450091362 0.0678115338087082 0.0602469108998775 0.0552346780896187 0.0386417619884014 0.0484251044690609 0.0314471088349819 0.0261303577572107 0.0217910651117563 0.0177082624286413
-3.4e+38 -3.4e+38 -3.4e+38 -3.4e+38 -3.4e+38 -3.4e+38 0.478001445531845 0.814514219760895 0.821064651012421 0.849433422088623 0.86629319190979 0.887434840202332 0.931878566741943 0.936166107654572 0.754661440849304 0.759686648845673 0.783681690692902 0.779350221157074 0.735032379627228 0.681966364383698 0.638195335865021 0.573977947235107 0.462010204792023 0.346191972494125 0.264768868684769 0.25495183467865 0.310980916023254 0.306312412023544 0.311199337244034 0.318208456039429 0.266307234764099 0.0883519574999809 0.0947667881846428 0.0702725127339363 0.200227752327919 0.182542130351067 0.156207799911499 0.166990801692009 0.169238895177841 0.127872824668884 0.0404483526945114 0.0356104448437691 0.0299121104180813 0.0224211346358061 0.0176739022135735
-3.4e+38 -3.4e+38 -3.4e+38 -3.4e+38 -3.4e+38 -3.4e+38 -3.4e+38 0.813356399536133 0.826043605804443 0.857661426067352 0.887582838535309 0.906991839408875 0.946273624897003 0.951270282268524 0.936341047286987 0.778621673583984 0.778940856456757 0.802895128726959 0.774592578411102 0.704209506511688 0.63839864730835 0.639327585697174 0.578294456005096 0.397494554519653 0.294450789690018 0.284216016530991 0.295098841190338 0.342831283807755 0.346077769994736 0.320740312337875 0.272037088871002 0.084432490170002 0.0701921358704567 0.067807525396347 0.0695874467492104 0.180173516273499 0.177949830889702 0.158924922347069 0.165784731507301 0.143855854868889 0.0386230312287807 0.0338781923055649 0.0305981021374464 0.0250056460499763 0.0204411614686251
-3.4e+38 -3.4e+38 -3.4e+38 -3.4e+38 -3.4e+38 -3.4e+38 -3.4e+38 0.819762349128723 0.826206505298615 0.865468323230743 0.897046327590942 0.921677768230438 0.956617116928101 0.945947766304016 0.947562634944916 0.925417423248291 0.785602509975433 0.78941798210144 0.783360600471497 0.670732140541077 0.672395765781403 0.65778511762619 0.619943797588348 0.459801435470581 0.375407844781876 0.332930684089661 0.321949511766434 0.345674812793732 0.32069006562233 0.315454930067062 0.346487760543823 0.0891421809792519 0.0866938084363937 0.0780363902449608 0.0653584823012352 0.191595524549484 0.17159529030323 0.168917834758759 0.152975842356682 0.145445495843887 0.0393308252096176 0.0391320884227753 0.0315735600888729 0.0307774934917688 0.0281077157706022
-3.4e+38 -3.4e+38 -3.4e+38 -3.4e+38 -3.4e+38 -3.4e+38 -3.4e+38 -3.4e+38 0.820812582969666 0.87520307302475 0.874244034290314 0.930008769035339 0.947729110717773 0.952231049537659 0.940560102462769 0.939579248428345 0.922160029411316 0.882909595966339 0.786068975925446 0.681877851486206 0.690685033798218 0.675719380378723 0.636073529720306 0.593967974185944 0.483202397823334 0.43818587064743 0.406477779150009 0.365026772022247 0.332194477319717 0.320638567209244 0.294711947441101 0.0822068378329277 0.0644101426005363 0.0721580758690834 0.0562921389937401 0.0568759255111217 0.190073519945145 0.16296161711216 0.16477245092392 0.04660639539361 0.039428286254406 0.044844426214695 0.0364582128822803 0.0252648014575243 0.030181385576725
-3.4e+38 -3.4e+38 -3.4e+38 -3.4e+38 -3.4e+38 -3.4e+38 -3.4e+38 -3.4e+38 0.823458611965179 0.871888160705566 0.872446119785309 0.909244954586029 0.86607962846756 0.962899327278137 0.9450364112854 0.922796785831451 0.927576184272766 0.895968377590179 0.891857087612152 0.854718267917633 0.842612266540527 0.750461339950562 0.686053335666656 0.645618736743927 0.624065518379211 0.544383764266968 0.497273802757263 0.431645840406418 0.341638803482056 0.323468744754791 0.266116112470627 0.0657180696725845 0.0566604472696781 0.0555695965886116 0.0539908744394779 0.0502714104950428 0.173188924789429 0.145196557044983 0.148692190647125 0.0426346324384212 0.0446928143501282 0.0423216931521893 0.0271897669881582 0.0287353191524744 0.0273035373538733
-3.4e+38 -3.4e+38 -3.4e+38 -3.4e+38 -3.4e+38 -3.4e+38 -3.4e+38 -3.4e+38 -3.4e+38 0.827324986457825 0.870623767375946 0.905042290687561 0.925749123096466 0.940433979034424 0.926045060157776 0.932743787765503 0.908794105052948 0.905307233333588 0.871305465698242 0.870046019554138 0.853255033493042 0.847901225090027 0.71892511844635 0.718386352062225 0.648346126079559 0.614077150821686 0.559298694133759 0.455504268407822 0.323683559894562 0.311588048934937 0.28404688835144 0.0694077834486961 0.0611036047339439 0.0543017499148846 0.058812715113163 0.0467027574777603 0.0564308762550354 0.141874775290489 0.0483775287866592 0.0416623204946518 0.0383074432611465 0.0375378876924515 0.0346876122057438 0.0285125263035297 0.0335120968520641
-3.4e+38 -3.4e+38 -3.4e+38 -3.4e+38 -3.4e+38 -3.4e+38 -3.4e+38 -3.4e+38 -3.4e+38 0.819396317005157 0.862062811851501 0.897903561592102 0.891577243804932 0.909752488136292 0.900703907012939 0.900904417037964 0.907713174819946 0.9028400182724 0.871788501739502 0.846424877643585 0.824809849262238 0.852939605712891 0.751808404922485 0.73249214887619 0.682888805866241 0.6536945104599 0.550068497657776 0.459869176149368 0.357237488031387 0.326700329780579 0.250773906707764 0.172212079167366 0.0551171600818634 0.0533335916697979 0.0486014857888222 0.0460764281451702 0.157451838254929 0.0426646694540977 0.0403173416852951 0.0418318212032318 0.0482133217155933 0.0358148813247681 0.0301875192672014 0.0282540768384933 0.0340550318360329
-3.4e+38 -3.4e+38 -3.4e+38 -3.4e+38 -3.4e+38 -3.4e+38 -3.4e+38 -3.4e+38 -3.4e+38 -3.4e+38 0.841867029666901 0.847736775875092 0.83785617351532 0.871644377708435 0.860364615917206 0.903948903083801 0.89863133430481 0.895200192928314 0.872157335281372 0.831140100955963 0.858181595802307 0.700687110424042 0.745232343673706 0.718691289424896 0.695677220821381 0.708696782588959 0.63902747631073 0.491034209728241 0.393635392189026 0.309647262096405 0.280222624540329 0.224133893847466 0.215777739882469 0.193489819765091 0.0453641936182976 0.149345904588699 0.0418455228209496 0.152009949088097 0.151442959904671 0.0423624850809574 0.040417768061161 0.0311070438474417 0.0279130879789591 0.0319192484021187 0.024343142285943
-3.4e+38 -3.4e+38 -3.4e+38 -3.4e+38 -3.4e+38 -3.4e+38 -3.4e+38 -3.4e+38 -3.4e+38 -3.4e+38 0.838482260704041 0.841533243656158 0.834868490695953 0.821556925773621 0.854698479175568 0.865716099739075 0.885324954986572 0.883646249771118 0.820056676864624 0.828640162944794 0.85234934091568 0.65440160036087 0.721821427345276 0.748619794845581 0.707302749156952 0.689425110816956 0.655531704425812 0.531793355941772 0.415549874305725 0.32435604929924 0.287396997213364 0.255534678697586 0.229894548654556 0.220640078186989 0.171492785215378 0.170139387249947 0.156106561422348 0.15423658490181 0.134060144424438 0.0362220108509064 0.0327338725328445 0.0303460024297237 0.0271507855504751 0.0245403088629246 0.026218980550766
-3.4e+38 -3.4e+38 -3.4e+38 -3.4e+38 -3.4e+38 -3.4e+38 -3.4e+38 -3.4e+38 -3.4e+38 -3.4e+38 -3.4e+38 0.837944090366364 0.783766746520996 0.819042026996613 0.800426065921783 0.818201005458832 0.849385142326355 0.842737019062042 0.802873432636261 0.767537474632263 0.599286079406738 0.638803899288177 0.684720814228058 0.73567146062851 0.744846999645233 0.673606157302856 0.674595236778259 0.564403116703033 0.434461563825607 0.397404700517654 0.313410073518753 0.23385688662529 0.219413504004478 0.17491626739502 0.186548247933388 0.172976285219193 0.156104251742363 0.141561195254326 0.124745644629002 0.109695553779602 0.118302002549171 0.0305563937872648 0.0287531260401011 0.0238403957337141 0.0290066562592983
-3.4e+38 -3.4e+38 -3.4e+38 -3.4e+38 -3.4e+38 -3.4e+38 -3.4e+38 -3.4e+38 -3.4e+38 -3.4e+38 -3.4e+38 0.78652435541153 0.784623622894287 0.764479100704193 0.747353494167328 0.757406294345856 0.851693332195282 0.838205873966217 0.72686505317688 0.696505725383759 0.558020174503326 0.609401285648346 0.682097971439362 0.739560663700104 0.729711353778839 0.687834680080414 0.663893401622772 0.571509659290314 0.423027694225311 0.334168761968613 0.32366931438446 0.269000649452209 0.236985266208649 0.230688482522964 0.181413114070892 0.17426960170269 0.180148407816887 0.159677416086197 0.127683579921722 0.114959426224232 0.0998051092028618 0.100933335721493 0.0875926911830902 0.102899760007858 0.130879417061806
-3.4e+38 -3.4e+38 -3.4e+38 -3.4e+38 -3.4e+38 -3.4e+38 -3.4e+38 -3.4e+38 -3.4e+38 -3.4e+38 -3.4e+38 -3.4e+38 0.820942461490631 0.809335470199585 0.782319664955139 0.745231807231903 0.780811011791229 0.786717057228088 0.718847513198853 0.690118014812469 0.764890730381012 0.594440817832947 0.619763016700745 0.671062529087067 0.665725946426392 0.683766841888428 0.669338941574097 0.611499309539795 0.521271646022797 0.371420323848724 0.344756901264191 0.30628228187561 0.253386616706848 0.273979693651199 0.236128211021423 0.163353770971298 0.179576367139816 0.13691733777523 0.136277168989182 0.131264105439186 0.118479005992413 0.105276867747307 0.105316244065762 0.11897598952055 0.151111781597137
-3.4e+38 -3.4e+38 -3.4e+38 -3.4e+38 -3.4e+38 -3.4e+38 -3.4e+38 -3.4e+38 -3.4e+38 -3.4e+38 -3.4e+38 -3.4e+38 -3.4e+38 0.799927294254303 0.776563823223114 0.815869212150574 0.816619694232941 0.742710888385773 0.72726833820343 0.683686971664429 0.526064038276672 0.583492279052734 0.652762711048126 0.669823050498962 0.659771323204041 0.672343075275421 0.631058037281036 0.628360509872437 0.537332832813263 0.438706278800964 0.382190525531769 0.379544764757156 0.354458957910538 0.287886619567871 0.225933849811554 0.190926060080528 0.189732894301414 0.170697316527367 0.1369559019804 0.149947285652161 0.134619534015656 0.120344914495945 0.126769810914993 0.123001717031002 0.140633702278137
-3.4e+38 -3.4e+38 -3.4e+38 -3.4e+38 -3.4e+38 -3.4e+38 -3.4e+38 -3.4e+38 -3.4e+38 -3.4e+38 -3.4e+38 -3.4e+38 -3.4e+38 0.839918851852417 0.813884139060974 0.814441382884979 0.813299536705017 0.734441816806793 0.676027297973633 0.718676388263702 0.742481350898743 0.781128346920013 0.583390414714813 0.580788433551788 0.627710998058319 0.660653650760651 0.640190482139587 0.678668737411499 0.641772150993347 0.477220177650452 0.417278230190277 0.401976346969604 0.380244731903076 0.331432640552521 0.28813698887825 0.2454863935709 0.222900912165642 0.176575049757957 0.138365849852562 0.151371583342552 0.121963329613209 0.110019810497761 0.123392812907696 0.123528204858303 0.158882990479469
-3.4e+38 -3.4e+38 -3.4e+38 -3.4e+38 -3.4e+38 -3.4e+38 -3.4e+38 -3.4e+38 -3.4e+38 -3.4e+38 -3.4e+38 -3.4e+38 -3.4e+38 -3.4e+38 0.845444679260254 0.818504691123962 0.824848115444183 0.747946858406067 0.740212798118591 0.711277186870575 0.720615863800049 0.755258083343506 0.787391066551208 0.566437959671021 0.614201664924622 0.65497487783432 0.626060307025909 0.631055414676666 0.638649046421051 0.561753332614899 0.588781297206879 0.519258618354797 0.437408059835434 0.355730921030045 0.306873857975006 0.233963221311569 0.254994541406631 0.203559413552284 0.174679920077324 0.160071164369583 0.142066493630409 0.124385744333267 0.127380684018135 0.131336063146591 0.144509077072144
-3.4e+38 -3.4e+38 -3.4e+38 -3.4e+38 -3.4e+38 -3.4e+38 -3.4e+38 -3.4e+38 -3.4e+38 -3.4e+38 -3.4e+38 -3.4e+38 -3.4e+38 -3.4e+38 0.850701928138733 0.817531049251556 0.823398888111115 0.801419615745544 0.796458303928375 0.658835291862488 0.723666310310364 0.773950815200806 0.77960216999054 0.791165590286255 0.602735638618469 0.616682171821594 0.664641737937927 0.660742163658142 0.612629592418671 0.621003568172455 0.645359396934509 0.537024855613708 0.443938195705414 0.462358772754669 0.363318920135498 0.292265683412552 0.291883111000061 0.210500955581665 0.197339862585068 0.146223813295364 0.13990506529808 0.120875857770443 0.133082032203674 0.129211291670799 0.147179946303368
-339999999999999996123846586046231871488.000000000000000 -3.4e+38 -3.4e+38 -3.4e+38 -3.4e+38 -3.4e+38 -3.4e+38 -3.4e+38 -3.4e+38 -3.4e+38 -3.4e+38 -3.4e+38 -3.4e+38 -3.4e+38 0.820190966129303 0.865694761276245 0.820491075515747 0.807954072952271 0.7894486784935 0.598499536514282 0.712899148464203 0.764712572097778 0.783013045787811 0.799535274505615 0.558532893657684 0.585828006267548 0.619489192962646 0.643106341362 0.631963849067688 0.662320017814636 0.612569689750671 0.649747550487518 0.567634284496307 0.417248338460922 0.415424078702927 0.363056421279907 0.319924801588058 0.224344253540039 0.164129301905632 0.16362664103508 0.141960650682449 0.151476353406906 0.127579629421234 0.126463457942009 0.144172936677933
-3.4e+38 -3.4e+38 -3.4e+38 -3.4e+38 -3.4e+38 -3.4e+38 -3.4e+38 -3.4e+38 -3.4e+38 -3.4e+38 -3.4e+38 0.825026571750641 0.883283376693726 -3.4e+38 0.903950929641724 0.871776163578033 0.780453681945801 0.741969883441925 0.769664585590363 0.66381299495697 0.686970233917236 0.749756991863251 0.772919952869415 0.807476460933685 0.816640257835388 0.55035936832428 0.591895401477814 0.648463070392609 0.62051659822464 0.663040697574615 0.644100725650787 0.607986569404602 0.55261641740799 0.455044031143188 0.388555288314819 0.315152943134308 0.290636003017426 0.210079804062843 0.190482288599014 0.165170952677727 0.157255575060844 0.138890609145164 0.145490527153015 0.151226311922073 0.137403458356857
-3.4e+38 -3.4e+38 -3.4e+38 -3.4e+38 -3.4e+38 -3.4e+38 -3.4e+38 -3.4e+38 -3.4e+38 -3.4e+38 -3.4e+38 0.821205377578735 0.884413719177246 -3.4e+38 0.908673882484436 0.882775723934174 0.782370388507843 0.775406002998352 0.792799413204193 0.74146693944931 0.766134977340698 0.758511424064636 0.788267850875854 0.818366289138794 0.814202904701233 0.801820337772369 0.592530846595764 0.64555436372757 0.582623302936554 0.559771656990051 0.629049122333527 0.557619214057922 0.596024751663208 0.508057832717896 0.406491011381149 0.350293695926666 0.323051869869232 0.247749701142311 0.209337621927261 0.163237541913986 0.154802978038788 0.146537020802498 0.130321353673935 0.131258890032768 0.134288713335991
-3.4e+38 -3.4e+38 -3.4e+38 -3.4e+38 -3.4e+38 -3.4e+38 -3.4e+38 -3.4e+38 -3.4e+38 -3.4e+38 -3.4e+38 -3.4e+38 -3.4e+38 0.889694035053253 0.891956090927124 0.872775137424469 0.769359648227692 0.750522434711456 0.784740090370178 0.733978986740112 0.742640554904938 0.767515957355499 0.791948974132538 0.822671473026276 0.819339871406555 0.816015899181366 0.594997763633728 0.620891213417053 0.58989405632019 0.595637679100037 0.556567192077637 0.558546245098114 0.575334370136261 0.513541221618652 0.462401211261749 0.398873656988144 0.289154678583145 0.261849343776703 0.187886014580727 0.152797743678093 0.154374182224274 0.140417158603668 0.150629684329033 0.144735112786293 0.151096194982529
