data/climate_estimation/maxent_output/Burchardia_monantha.asc
NCOLS 30 
NROWS 36 
XLLCORNER 115.5 
YLLCORNER -35.0833333333333 
CELLSIZE 0.0833333333333333 
NODATA_value -3.4e+38 
-339999999999999996123846586046231871488.000000000000000 0.134746760129929 0.134534478187561 0.208655133843422 0.0746985375881195 0.111741699278355 0.58441150188446 0.403614282608032 0.374501019716263 0.39099109172821 0.457629919052124 0.490709841251373 0.532304406166077 0.556328892707825 0.2332963347435 0.254395723342896 0.137983292341232 0.143599674105644 0.142366200685501 0.151398241519928 0.159114092588425 0.159775629639626 0.158176511526108 0.155423447489738 0.134906709194183 0.130755111575127 0.103202760219574 0.143511146306992 0.14817787706852 0.129759222269058
-3.4e+38 0.13295029103756 0.120915181934834 0.0928582847118378 0.150914177298546 0.109492428600788 0.536494493484497 0.399563014507294 0.374091476202011 0.397312879562378 0.419925332069397 0.475849062204361 0.514494001865387 0.567742824554443 0.605458378791809 0.260338544845581 0.140912815928459 0.163585871458054 0.163403883576393 0.188153609633446 0.178726404905319 0.168241381645203 0.159127593040466 0.141184896230698 0.144370868802071 0.129487037658691 0.124508313834667 0.111352331936359 0.171381503343582 0.13417261838913
-3.4e+38 -3.4e+38 0.0983265116810799 0.0866844579577446 0.140042275190353 0.221976235508919 0.516411364078522 0.413034796714783 0.386435866355896 0.413237303495407 0.424454301595688 0.475915849208832 0.532310366630554 0.590809226036072 0.60884952545166 0.261673718690872 0.287969082593918 0.158236861228943 0.180231884121895 0.189168006181717 0.174023374915123 0.17658868432045 0.172292679548264 0.16794753074646 0.141692265868187 0.145192176103592 0.11751788854599 0.110612690448761 0.101374804973602 0.182152763009071
-3.4e+38 -3.4e+38 0.0795494392514229 0.0740326270461082 0.125552669167519 0.193503111600876 0.450426042079926 0.404666870832443 0.378787964582443 0.395832300186157 0.43757751584053 0.483672469854355 0.512755930423737 0.592664659023285 0.626568019390106 0.514993965625763 0.299229592084885 0.167520120739937 0.18535515666008 0.202539369463921 0.181087151169777 0.203169524669647 0.186563655734062 0.173580661416054 0.147031545639038 0.134232699871063 0.149534672498703 0.115185402333736 0.102399550378323 0.162858292460442
-3.4e+38 -3.4e+38 0.15589302778244 0.136265844106674 0.225634604692459 0.167974293231964 0.388893723487854 0.353582262992859 0.355896949768066 0.393391340970993 0.432371616363525 0.484336704015732 0.533412873744965 0.588840126991272 0.624842047691345 0.536240458488464 0.570164620876312 0.34770330786705 0.201731741428375 0.208021894097328 0.199293434619904 0.201620608568192 0.175922319293022 0.167291477322578 0.150845870375633 0.129244551062584 0.138703942298889 0.106253959238529 0.101731956005096 0.160076722502708
-3.4e+38 0.147972241044044 0.142278730869293 0.250948876142502 0.207404211163521 0.289143890142441 0.369652509689331 0.336470037698746 0.36463737487793 0.402441650629044 0.317898392677307 0.363129526376724 0.418857216835022 0.600151777267456 0.634124875068665 0.699383139610291 0.738810122013092 0.365237027406693 0.412645787000656 0.420298010110855 0.425897181034088 0.380835860967636 0.171331495046616 0.177418723702431 0.165631085634232 0.153606221079826 0.116770721971989 0.0989505052566528 0.0918393358588219 0.138311922550201
-3.4e+38 0.289479911327362 0.268530666828156 0.22702556848526 0.374909549951553 0.434453576803207 0.329806357622147 0.319301724433899 0.347463667392731 0.287813425064087 0.342584490776062 0.202345043420792 0.24069008231163 0.63279402256012 0.676429450511932 0.741751790046692 0.777520298957825 0.673025548458099 0.726123034954071 0.464479088783264 0.408984005451202 0.356113851070404 0.184903293848038 0.176580265164375 0.152629569172859 0.137943550944328 0.118587747216225 0.0868878439068794 0.0854557678103447 0.131507456302643
-3.4e+38 0.47800424695015 0.465104132890701 0.378949075937271 0.345220476388931 0.397838354110718 0.315206110477448 0.310372620820999 0.344515651464462 0.304474800825119 0.172270119190216 0.214110523462296 0.262171983718872 0.649989724159241 0.70902156829834 0.757820248603821 0.791163682937622 0.819655656814575 0.824998259544373 0.846136212348938 0.692537426948547 0.398375242948532 0.364070743322372 0.17282335460186 0.277819722890854 0.245265737175941 0.187785461544991 0.074562706053257 0.0761769562959671 0.118353053927422
-3.4e+38 0.46096482872963 0.422919899225235 0.647901475429535 0.584124445915222 0.499182820320129 0.340768843889236 0.355152398347855 0.363631188869476 0.292305827140808 0.194124549627304 0.2306277602911 0.270125240087509 0.528818190097809 0.714938163757324 0.764967799186707 0.811547160148621 0.813554763793945 0.806865453720093 0.84389054775238 0.82280707359314 0.68239551782608 0.598757803440094 0.283812373876572 0.2913798391819 0.102978602051735 0.2173141092062 0.161957830190659 0.0677919536828995 0.136160686612129
-339999999999999996123846586046231871488.000000000000000 0.729571521282196 0.682129800319672 0.637591779232025 0.5615274310112 0.485363692045212 0.359244823455811 0.361778646707535 0.370267301797867 0.309916585683823 0.380317896604538 0.231618657708168 0.479702949523926 0.527116775512695 0.730816066265106 0.760922312736511 0.808825075626373 0.840229451656342 0.835646450519562 0.833605527877808 0.841630280017853 0.809314012527466 0.616596817970276 0.248794063925743 0.112397760152817 0.108988925814629 0.111331403255463 0.0927030444145203 0.0777444541454315 0.122336573898792
-3.4e+38 0.71042275428772 0.820407152175903 0.776964366436005 0.701137900352478 0.473786771297455 0.367180943489075 0.374959111213684 0.405919373035431 0.333378046751022 0.392591953277588 0.420922964811325 0.476773500442505 0.537539005279541 0.736083984375 0.757370173931122 0.796195328235626 0.820266008377075 0.826544225215912 0.841606497764587 0.844070196151733 0.796515762805939 0.601651012897491 0.31031334400177 0.119582265615463 0.111862398684025 0.0800633728504181 0.174923598766327 0.176320105791092 0.128026187419891
-3.4e+38 -3.4e+38 0.807612240314484 0.751721024513245 0.676142394542694 0.481729239225388 0.40164840221405 0.41148766875267 0.430873602628708 0.458820968866348 0.507760584354401 0.433918058872223 0.498124659061432 0.543774485588074 0.728363037109375 0.787262320518494 0.652047157287598 0.79467511177063 0.835720181465149 0.806967198848724 0.861337661743164 0.675845801830292 0.65241539478302 0.32208725810051 0.269692748785019 0.172050610184669 0.205055043101311 0.155442640185356 0.123829863965511 0.160047143697739
-3.4e+38 -3.4e+38 0.813673913478851 0.75771701335907 0.652657568454742 0.481761604547501 0.433051317930222 0.413137078285217 0.425789654254913 0.469329744577408 0.523992955684662 0.555313289165497 0.642567098140717 0.675945639610291 0.59654176235199 0.64122861623764 0.646267056465149 0.667715132236481 0.696247398853302 0.827951610088348 0.821281492710114 0.664239764213562 0.633599996566772 0.505407631397247 0.572757065296173 0.526400148868561 0.530043601989746 0.226024985313416 0.16743041574955 0.250999718904495
-3.4e+38 -3.4e+38 0.813881397247314 0.744324266910553 0.604517102241516 0.465194672346115 0.430388689041138 0.427362978458405 0.438025951385498 0.480606436729431 0.520532548427582 0.564086973667145 0.641816556453705 0.706745147705078 0.755023777484894 0.660357713699341 0.709239959716797 0.695297598838806 0.68906158208847 0.719030797481537 0.67763489484787 0.659907639026642 0.609657526016235 0.759845793247223 0.666366755962372 0.605768322944641 0.61580753326416 0.504270970821381 0.261695712804794 0.193473845720291
-3.4e+38 0.827148199081421 0.786042094230652 0.732304334640503 0.576178193092346 0.476403564214706 0.426721572875977 0.447519898414612 0.445306807756424 0.50888454914093 0.546574711799622 0.594498813152313 0.654892086982727 0.723660409450531 0.778577268123627 0.685958921909332 0.736163258552551 0.439854115247726 0.395896017551422 0.422633200883865 0.65959507226944 0.64289253950119 0.67977637052536 0.641884684562683 0.675172924995422 0.654446601867676 0.553900480270386 0.56335186958313 0.467064201831818 0.22475092113018
-3.4e+38 0.80407577753067 0.759326636791229 0.674894571304321 0.519025981426239 0.4805728495121 0.450946241617203 0.45745849609375 0.467565923929214 0.524329125881195 0.579615771770477 0.627205312252045 0.683624029159546 0.748609483242035 0.797469794750214 0.843607902526855 0.72824239730835 0.711924195289612 0.393758326768875 0.657423734664917 0.659416556358337 0.67089182138443 0.646486341953278 0.642583847045898 0.687480926513672 0.621376931667328 0.62546980381012 0.584004819393158 0.422363996505737 0.437774151563644
0.819425165653229 0.787962913513184 0.718831598758698 0.623679876327515 0.54262101650238 0.486206412315369 0.48576232790947 0.490608870983124 0.503865778446198 0.570326566696167 0.630594968795776 0.6761834025383 0.723716974258423 0.768531978130341 0.828066289424896 0.861760377883911 0.733438432216644 0.755178034305573 0.672728359699249 0.656611442565918 0.667353928089142 0.656079351902008 0.623628079891205 0.621373236179352 0.718863725662231 0.670933902263641 0.601429164409637 0.59563934803009 0.480979084968567 0.192950055003166
0.818911671638489 0.775914430618286 0.679632008075714 0.621502578258514 0.572134673595428 0.561400055885315 0.550696671009064 0.544210731983185 0.550815045833588 0.602028787136078 0.656098306179047 0.702539145946503 0.763289570808411 0.792052686214447 0.862283766269684 0.879880905151367 0.862204551696777 0.846029877662659 0.842941045761108 0.794630467891693 0.849510073661804 0.778370916843414 0.765894711017609 0.708648324012756 0.688191831111908 0.687934398651123 0.445839524269104 0.51655238866806 0.24579381942749 0.229219272732735
0.817566990852356 0.76245641708374 0.702851057052612 0.655386686325073 0.596472859382629 0.578798651695251 0.563585877418518 0.590542018413544 0.621992170810699 0.661664247512817 0.692548274993896 0.75778204202652 0.79242342710495 0.844255864620209 0.858891725540161 0.880376100540161 0.866342663764954 0.876700639724731 0.885000765323639 0.848358988761902 0.773270785808563 0.783143281936646 0.706526517868042 0.689346969127655 0.675793409347534 0.717394411563873 0.522950351238251 0.423818141222 0.265659153461456 0.244336947798729
0.801320850849152 0.757611036300659 0.734597444534302 0.685114204883575 0.635206699371338 0.622716128826141 0.619691014289856 0.650921165943146 0.673721790313721 0.693828582763672 0.726362526416779 0.796268045902252 0.82579779624939 0.869639337062836 0.884031713008881 0.877494871616364 0.889632880687714 0.865126132965088 0.881155550479889 0.829136490821838 0.784065663814545 0.802845299243927 0.787256836891174 0.677610039710999 0.666424632072449 0.625203371047974 0.491383224725723 0.410549283027649 0.436713695526123 0.45712274312973
0.784354448318481 0.779083609580994 0.770989775657654 0.713664174079895 0.69438761472702 0.710540115833282 0.70013028383255 0.695040345191956 0.725834488868713 0.74818629026413 0.803519368171692 0.82769513130188 0.866646468639374 0.882140815258026 0.874474763870239 0.878734648227692 0.889004588127136 0.875838160514832 0.86860579252243 0.783824622631073 0.787326991558075 0.782670617103577 0.732555687427521 0.712639391422272 0.706822872161865 0.703946650028229 0.520859479904175 0.379170477390289 0.225375577807426 0.27505162358284
0.81454986333847 0.809043049812317 0.813969790935516 0.786064863204956 0.754395186901093 0.743892014026642 0.749037206172943 0.758097052574158 0.768218040466309 0.801538169384003 0.846180438995361 0.850601971149445 0.86246919631958 0.884265720844269 0.874797344207764 0.891944110393524 0.888697922229767 0.873493552207947 0.882663905620575 0.858791708946228 0.796568334102631 0.753224611282349 0.808861076831818 0.755977272987366 0.680757522583008 0.69596004486084 0.500462591648102 0.400757968425751 0.0985909700393677 0.184300899505615
0.84317547082901 0.857192277908325 0.856108367443085 0.817735731601715 0.764362633228302 0.783072531223297 0.814197361469269 0.810443520545959 0.828893840312958 0.858456909656525 0.860110521316528 0.896689832210541 0.881685495376587 0.887332320213318 0.897634744644165 0.898583352565765 0.902132511138916 0.889902651309967 0.868531107902527 0.855466544628143 0.844903171062469 0.771399259567261 0.786153435707092 0.698404490947723 0.750686228275299 0.679219841957092 0.623046517372131 0.488292992115021 0.186389654874802 0.341441661119461
0.864271581172943 0.886227607727051 0.85549408197403 0.832266926765442 0.77531099319458 0.787455797195435 0.805389404296875 0.816516578197479 0.858163952827454 0.857997357845306 0.871192336082458 0.882965862751007 0.899689078330994 0.888478100299835 0.901361286640167 0.909918785095215 0.904723465442657 0.892071425914764 0.883790135383606 0.865598261356354 0.822950720787048 0.804148435592651 0.823816776275635 0.76639711856842 0.694047927856445 0.682334244251251 0.561882495880127 0.561367332935333 0.465660989284515 0.434964627027512
0.863276958465576 0.867911815643311 0.859828650951385 0.826365113258362 0.785179853439331 0.798811137676239 0.812178134918213 0.842790901660919 0.82948225736618 0.851755380630493 0.861055552959442 0.874711751937866 0.889385879039764 0.902189970016479 0.900067567825317 0.932371497154236 0.930689334869385 0.910894453525543 0.877296090126038 0.83068311214447 0.857602417469025 0.771200001239777 0.795555412769318 0.73737108707428 0.711379528045654 0.601874947547913 0.538584172725677 0.539165258407593 0.448632717132568 0.408053457736969
0.745862901210785 0.821129560470581 0.85386061668396 0.831249833106995 0.787086486816406 0.77822357416153 0.800207197666168 0.812226474285126 0.827562034130096 0.842418909072876 0.865536749362946 0.883583724498749 0.892678558826447 0.904254257678986 0.912878274917603 0.907634496688843 0.910536646842957 0.917229831218719 0.904522299766541 0.858793079853058 0.875478029251099 0.803082287311554 0.757927417755127 0.707136273384094 0.725205361843109 0.616607487201691 0.573696851730347 0.516552090644836 0.467840760946274 0.418791502714157
0.676639080047607 0.737532019615173 0.771975934505463 0.825199902057648 0.76996898651123 0.753953337669373 0.755398988723755 0.779872477054596 0.807057499885559 0.82716429233551 0.87880527973175 0.878987550735474 0.903755605220795 0.900931000709534 0.917908251285553 0.900906562805176 0.889637470245361 0.918567895889282 0.874701201915741 0.845776379108429 0.816896319389343 0.79029393196106 0.761815965175629 0.668480575084686 0.673452019691467 0.559731900691986 0.46401908993721 0.483724385499954 0.429656624794006 0.384756535291672
0.569164693355560 0.638604283332825 0.724963903427124 0.759386599063873 0.755601644515991 0.736131906509399 0.727499842643738 0.740237891674042 0.779216349124908 0.822088241577148 0.850830078125 0.878520488739014 0.888490915298462 0.906359851360321 0.910983026027679 0.881152629852295 0.89562726020813 0.895430266857147 0.912724792957306 0.84626442193985 0.815404236316681 0.804649591445923 0.709367156028748 0.679152131080627 0.611210286617279 0.569267392158508 0.473809063434601 0.407256960868835 0.405112624168396 0.356175482273102
0.557963609695435 0.552781939506531 0.594019412994385 0.630179345607758 0.641358733177185 0.602767884731293 0.68235445022583 0.740635931491852 0.757455945014954 0.79567563533783 0.788117349147797 0.846143662929535 0.871675193309784 0.868333578109741 0.879662811756134 0.898163199424744 0.873000860214233 0.874394476413727 0.8456209897995 0.785913825035095 0.756804287433624 0.733703315258026 0.702496945858002 0.593702852725983 0.575218141078949 0.539360225200653 0.45900022983551 0.458756983280182 0.344901472330093 0.381222456693649
-3.4e+38 -3.4e+38 0.511496007442474 0.536743640899658 0.548721194267273 0.578375041484833 0.599774837493896 0.650124132633209 0.71346527338028 0.736961662769318 0.754225075244904 0.800868809223175 0.833768367767334 0.840134501457214 0.852093577384949 0.872694790363312 0.863929748535156 0.841075003147125 0.835142433643341 0.810066163539886 0.738257586956024 0.720268189907074 0.695843935012817 0.611128330230713 0.550760507583618 0.51674473285675 0.43025740981102 0.436940371990204 0.359412342309952 0.354515582323074
-3.4e+38 -3.4e+38 -3.4e+38 0.49814584851265 0.497253805398941 0.511351346969604 0.533615350723267 0.607584238052368 0.65432608127594 0.704073429107666 0.749208390712738 0.7488813996315 0.779931604862213 0.819820523262024 0.826793789863586 0.840559184551239 0.83050149679184 0.836626350879669 0.82651287317276 0.789222121238708 0.714860200881958 0.695192217826843 0.593642234802246 0.563883066177368 0.521603107452393 0.422539860010147 0.376650094985962 0.359663784503937 0.37421128153801 0.344219148159027
-3.4e+38 -3.4e+38 -3.4e+38 -3.4e+38 0.459433823823929 0.455989271402359 0.473937034606934 0.524557590484619 0.575037181377411 0.629121005535126 0.686509251594543 0.708747982978821 0.769571006298065 0.816041648387909 0.823106408119202 0.830941379070282 0.843640506267548 0.848867356777191 0.835811078548431 0.820307970046997 0.793242454528809 0.706602573394775 0.609273076057434 0.580883145332336 0.564073145389557 0.516349375247955 0.43481832742691 0.392213523387909 0.379947006702423 0.290913313627243
-3.4e+38 -3.4e+38 -3.4e+38 -3.4e+38 -3.4e+38 0.418397396802902 0.416080564260483 0.473964661359787 0.498020142316818 0.568117499351501 0.609775722026825 0.638594031333923 0.697169601917267 0.720448970794678 0.747288584709167 0.785049140453339 0.813260316848755 0.789588332176208 0.839909374713898 0.836567342281342 0.771701037883759 0.659229278564453 0.64305704832077 0.62922877073288 0.612129926681519 0.476667374372482 0.461363136768341 0.370582669973373 0.311082005500793 0.323164820671082
-3.4e+38 -3.4e+38 -3.4e+38 -3.4e+38 -3.4e+38 0.402652829885483 0.416851729154587 0.451071113348007 0.47003698348999 0.517120540142059 0.506482303142548 0.581210076808929 0.628237903118134 0.611979365348816 0.631685256958008 0.701991438865662 0.711953222751617 0.71806013584137 0.737438321113586 0.725511312484741 0.706960737705231 0.653516471385956 0.58183217048645 0.550245881080627 0.575271666049957 0.434034258127213 0.437482535839081 0.347446411848068 0.295175135135651 0.313620716333389
-3.4e+38 -3.4e+38 -3.4e+38 -3.4e+38 -3.4e+38 -3.4e+38 -3.4e+38 -3.4e+38 -3.4e+38 -3.4e+38 0.449765741825104 0.48603555560112 0.51214861869812 0.526740491390228 0.536279201507568 0.549457371234894 0.596974611282349 0.621703267097473 0.624693274497986 0.594067990779877 0.598129570484161 0.554371297359467 0.572334766387939 0.52031546831131 0.508931159973145 0.479540705680847 0.446427047252655 0.354651629924774 0.31605589389801 0.299073785543442
-3.4e+38 -3.4e+38 -3.4e+38 -3.4e+38 -3.4e+38 -3.4e+38 -3.4e+38 -3.4e+38 -3.4e+38 -3.4e+38 -3.4e+38 0.39937350153923 0.445292264223099 0.432482123374939 0.473296284675598 0.50848662853241 0.512989282608032 0.535374224185944 0.54605507850647 0.530231475830078 0.571072041988373 0.520382404327393 0.488009244203568 0.506483197212219 0.430853366851807 0.424860328435898 0.424802631139755 0.355090022087097 0.366880565881729 0.317983359098434
