data/climate_estimation/maxent_output/Burchardia_multiflora.asc
NCOLS 44 
NROWS 77 
XLLCORNER 114.666666666667 
YLLCORNER -35.1666666666667 
CELLSIZE 0.0833333333333334 
NODATA_value -3.4e+38 
[rows 23 to 45 of 77, columns 0 to 43 of 44]
-3.4e+38 -3.4e+38 -3.4e+38 -3.4e+38 -3.4e+38 0.511250257492065 0.504447638988495 0.675068736076355 0.797611176967621 0.892384707927704 0.966580748558044 0.948694825172424 0.958103954792023 0.935389280319214 0.658521592617035 0.574163556098938 0.511375844478607 0.332133769989014 0.314833909273148 0.295064240694046 0.269766241312027 0.20957039296627 0.186170354485512 0.182593777775764 0.155791863799095 0.16607777774334 0.189225733280182 0.184412583708763 0.215221002697945 0.0482111163437366 0.0468500852584839 0.0430859513580799 0.033203013241291 0.128355622291565 0.119205489754677 0.134114295244217 0.128228172659874 0.124671034514904 0.0286589320749044 0.0284762606024742 0.0244902577251196 0.0244762897491455 0.0226598531007767 0.0226216576993465
-3.4e+38 -3.4e+38 -3.4e+38 -3.4e+38 -3.4e+38 -3.4e+38 0.503172039985657 0.675911247730255 0.695890069007874 0.899795770645142 0.950755596160889 0.952155113220215 0.942577004432678 0.951889395713806 0.938922524452209 0.890692114830017 0.563617527484894 0.405517667531967 0.364786595106125 0.328270852565765 0.294642418622971 0.251684933900833 0.234452024102211 0.225318416953087 0.18738466501236 0.177188605070114 0.191466212272644 0.18401999771595 0.193574592471123 0.0456745885312557 0.0388618148863316 0.0359578728675842 0.0307940542697906 0.0303394459187984 0.139927163720131 0.131249010562897 0.134762823581696 0.0325435698032379 0.0296378340572119 0.0313243269920349 0.0275847744196653 0.0235297922044992 0.0245391149073839 0.0233402699232101
-3.4e+38 -3.4e+38 -3.4e+38 -3.4e+38 -3.4e+38 -3.4e+38 0.518496572971344 0.671067655086517 0.671327829360962 0.818712472915649 0.697628855705261 0.974008083343506 0.944606244564056 0.919287085533142 0.9437335729599 0.906540095806122 0.902617216110229 0.832845270633698 0.777918994426727 0.42853307723999 0.358179360628128 0.325113922357559 0.281138390302658 0.267309963703156 0.266090393066406 0.229487806558609 0.201377525925636 0.184026792645454 0.184695854783058 0.0414984598755836 0.0324241779744625 0.0307669416069984 0.0303941294550896 0.028383219614625 0.133726730942726 0.123398520052433 0.129076465964317 0.0322386957705021 0.0325119718909264 0.0302024967968464 0.0243202801793814 0.0253341253846884 0.0246389042586088 0.025255985558033
-3.4e+38 -3.4e+38 -3.4e+38 -3.4e+38 -3.4e+38 -3.4e+38 -3.4e+38 0.516109049320221 0.658677816390991 0.79407262802124 0.896462798118591 0.944538235664368 0.920793294906616 0.93551778793335 0.914740383625031 0.922887802124023 0.871543645858765 0.872351050376892 0.842479348182678 0.782497406005859 0.415191113948822 0.394946932792664 0.313841998577118 0.294506013393402 0.291725277900696 0.243583410978317 0.195591807365417 0.201964810490608 0.186373874545097 0.0413368158042431 0.0335033014416695 0.0306513942778111 0.0309220254421234 0.0275591872632504 0.0356875099241734 0.121340192854404 0.0333106145262718 0.0321578495204449 0.030406329780817 0.0291640516370535 0.0279274396598339 0.0255064312368631 0.0273968130350113 0.0243563298135996
-3.4e+38 -3.4e+38 -3.4e+38 -3.4e+38 -3.4e+38 -3.4e+38 -3.4e+38 0.519149720668793 0.661098122596741 0.78111743927002 0.793908059597015 0.877875328063965 0.875915586948395 0.878386557102203 0.9100541472435 0.923643112182617 0.880006551742554 0.83607006072998 0.817219197750092 0.833938479423523 0.467966049909592 0.415670245885849 0.370698750019073 0.345846056938171 0.28125473856926 0.274164795875549 0.228536978363991 0.208397403359413 0.173370838165283 0.123103260993958 0.036165751516819 0.0307672023773193 0.029401334002614 0.027850117534399 0.127559080719948 0.0307139996439219 0.0304100271314383 0.0323482863605022 0.0348589457571507 0.0296479091048241 0.0267330314964056 0.0256338883191347 0.0280487630516291 0.0274518448859453
-3.4e+38 -3.4e+38 -3.4e+38 -3.4e+38 -3.4e+38 -3.4e+38 -3.4e+38 -3.4e+38 0.633760094642639 0.643376111984253 0.649025440216064 0.768160343170166 0.766813933849335 0.899470448493958 0.894930481910706 0.912155389785767 0.888664364814758 0.814330875873566 0.865688681602478 0.555919408798218 0.499443084001541 0.429953575134277 0.384368598461151 0.383850991725922 0.33869993686676 0.271601796150208 0.241548553109169 0.202756091952324 0.185075476765633 0.160296276211739 0.153971493244171 0.146401152014732 0.0324065499007702 0.128206923604012 0.0307755284011364 0.124914407730103 0.128627672791481 0.0319122970104218 0.0309498626738787 0.0279287621378899 0.0259657334536314 0.0276182834059 0.0244209207594395 0.0282127074897289
-3.4e+38 -3.4e+38 -3.4e+38 -3.4e+38 -3.4e+38 -3.4e+38 -3.4e+38 -3.4e+38 0.64011549949646 0.637727081775665 0.640991032123566 0.640352785587311 0.764308452606201 0.833173930644989 0.867099463939667 0.896003544330597 0.811235666275024 0.825711905956268 0.846231579780579 0.532972097396851 0.541385114192963 0.476974666118622 0.408678263425827 0.374801635742188 0.338624179363251 0.293780505657196 0.233571857213974 0.201569229364395 0.189283818006516 0.179464265704155 0.167536571621895 0.163423359394073 0.125988006591797 0.136617124080658 0.132575288414955 0.125803470611572 0.115812554955482 0.0293642096221447 0.0275767613202333 0.0274360496550798 0.0254001747816801 0.0256377067416906 0.0260593760758638 0.0283534545451403
-3.4e+38 -3.4e+38 -3.4e+38 -3.4e+38 -3.4e+38 -3.4e+38 -3.4e+38 -3.4e+38 -3.4e+38 0.645973265171051 0.482749283313751 0.64080685377121 0.623603820800781 0.727312028408051 0.828287422657013 0.836794495582581 0.796111583709717 0.747110366821289 0.463148385286331 0.530792474746704 0.539316236972809 0.485516488552094 0.450049459934235 0.361331909894943 0.339211374521255 0.299960434436798 0.24376754462719 0.232886433601379 0.177958339452744 0.155572324991226 0.146116822957993 0.126762583851814 0.129633128643036 0.127612367272377 0.129902347922325 0.121525578200817 0.11265080422163 0.107964277267456 0.114118173718452 0.0273792389780283 0.0279613323509693 0.0261383075267076 0.0284966453909874 0.0324489548802376
-3.4e+38 -3.4e+38 -3.4e+38 -3.4e+38 -3.4e+38 -3.4e+38 -3.4e+38 -3.4e+38 -3.4e+38 0.482992082834244 0.486092567443848 0.472955137491226 0.462432950735092 0.575132787227631 0.857255339622498 0.844706952571869 0.669741690158844 0.633923053741455 0.444014728069305 0.506331741809845 0.548660039901733 0.533794224262238 0.439824014902115 0.375582545995712 0.338116943836212 0.29691818356514 0.234886810183525 0.186430677771568 0.178078651428223 0.162533730268478 0.15433058142662 0.153747290372849 0.134645774960518 0.127193257212639 0.147023752331734 0.135115280747414 0.113247714936733 0.113457947969437 0.106197483837605 0.110177487134933 0.107031628489494 0.116695262491703 0.127876952290535 0.136763766407967
-3.4e+38 -3.4e+38 -3.4e+38 -3.4e+38 -3.4e+38 -3.4e+38 -3.4e+38 -3.4e+38 -3.4e+38 -3.4e+38 0.62893533706665 0.618666410446167 0.595850706100464 0.558712303638458 0.735163867473602 0.770554721355438 0.665830075740814 0.625784277915955 0.742360591888428 0.497402846813202 0.498345911502838 0.451064795255661 0.419012755155563 0.369243502616882 0.340518295764923 0.299442768096924 0.278295040130615 0.199513152241707 0.194443836808205 0.182795062661171 0.162962824106216 0.166364997625351 0.157044425606728 0.12364350259304 0.143404588103294 0.122879408299923 0.123376935720444 0.120877996087074 0.119266517460346 0.112154312431812 0.116186156868935 0.129008248448372 0.141495138406754 0.143093138933182
-3.4e+38 -3.4e+38 -3.4e+38 -3.4e+38 -3.4e+38 -3.4e+38 -3.4e+38 -3.4e+38 -3.4e+38 -3.4e+38 -3.4e+38 0.609258949756622 0.594523429870605 0.775485455989838 0.822932422161102 0.691595673561096 0.678557276725769 0.6196608543396 0.424263715744019 0.438332766294479 0.507094621658325 0.451144486665726 0.392986297607422 0.341018438339233 0.289554834365845 0.299774795770645 0.27635931968689 0.219857051968575 0.206139296293259 0.208382800221443 0.202237531542778 0.182684227824211 0.155689015984535 0.140796840190887 0.148267015814781 0.137213975191116 0.121190391480923 0.131714254617691 0.127989366650581 0.123766824603081 0.125696107745171 0.128520593047142 0.139563217759132 0.140903159976006
-3.4e+38 -3.4e+38 -3.4e+38 -3.4e+38 -3.4e+38 -3.4e+38 -3.4e+38 -3.4e+38 -3.4e+38 -3.4e+38 -3.4e+38 0.739610493183136 0.703560948371887 0.778209924697876 0.824193775653839 0.684994101524353 0.582815527915955 0.683907687664032 0.729743182659149 0.761861622333527 0.466461092233658 0.444113880395889 0.402416676282883 0.350084036588669 0.300503611564636 0.321999192237854 0.309434652328491 0.23330457508564 0.183419495820999 0.221706852316856 0.226558968424797 0.204714596271515 0.185448363423347 0.160540536046028 0.167126938700676 0.138957649469376 0.121891133487225 0.131770804524422 0.120775781571865 0.119165636599064 0.126526638865471 0.126728430390358 0.146693363785744 0.135788261890411
-3.4e+38 -3.4e+38 -3.4e+38 -3.4e+38 -3.4e+38 -3.4e+38 -3.4e+38 -3.4e+38 -3.4e+38 -3.4e+38 -3.4e+38 -3.4e+38 0.80743533372879 0.779413402080536 0.835687696933746 0.702637135982513 0.714295983314514 0.678000330924988 0.702201962471008 0.741438627243042 0.749402701854706 0.45115539431572 0.46157968044281 0.378663212060928 0.306239247322083 0.285953044891357 0.278218686580658 0.221413731575012 0.27514785528183 0.258026957511902 0.234405010938644 0.215764805674553 0.186194971203804 0.152835994958878 0.177680656313896 0.153791144490242 0.141084909439087 0.140473440289497 0.131453886628151 0.122597984969616 0.127690583467484 0.134198352694511 0.140770152211189 0.147425532341003
-3.4e+38 -3.4e+38 -3.4e+38 -3.4e+38 -3.4e+38 -3.4e+38 -3.4e+38 -3.4e+38 -3.4e+38 -3.4e+38 -3.4e+38 -3.4e+38 0.825278222560883 0.782966136932373 0.840712785720825 0.814873397350311 0.817750453948975 0.594066262245178 0.710512399673462 0.754907071590424 0.749500870704651 0.75971382856369 0.462756216526031 0.447698622941971 0.361210614442825 0.315085262060165 0.26984179019928 0.273977726697922 0.286235839128494 0.261300027370453 0.242604225873947 0.246795788407326 0.212351098656654 0.176801562309265 0.196838781237602 0.161637887358665 0.152329787611961 0.131122544407845 0.134391292929649 0.125572070479393 0.131750464439392 0.130364149808884 0.1413254737854 0.130598708987236
-3.4e+38 -3.4e+38 -3.4e+38 -3.4e+38 -3.4e+38 -3.4e+38 -3.4e+38 -3.4e+38 -3.4e+38 -3.4e+38 -3.4e+38 -3.4e+38 0.740131556987762 0.888369381427765 0.842774212360382 0.835746645927429 0.811422288417816 0.527795970439911 0.676231265068054 0.715387582778931 0.724803328514099 0.736943960189819 0.447174996137619 0.445579767227173 0.438613712787628 0.330895990133286 0.303571611642838 0.323983013629913 0.2912637591362 0.301380604505539 0.27849355340004 0.23599947988987 0.231115326285362 0.206071466207504 0.189750403165817 0.173300012946129 0.142672583460808 0.143646523356438 0.133945629000664 0.136820897459984 0.131048321723938 0.129388988018036 0.14039309322834 0.133234664797783
-3.4e+38 -3.4e+38 -3.4e+38 -3.4e+38 -3.4e+38 -3.4e+38 -3.4e+38 -3.4e+38 -3.4e+38 0.742816388607025 0.856027960777283 -3.4e+38 0.921945095062256 0.894964158535004 0.775546789169312 0.723417162895203 0.802649736404419 0.663924753665924 0.678629338741302 0.716233789920807 0.721702992916107 0.750739097595215 0.760674357414246 0.434181660413742 0.431231617927551 0.360057950019836 0.30357038974762 0.321370214223862 0.319534629583359 0.298997670412064 0.280265241861343 0.255741775035858 0.229073882102966 0.197794675827026 0.186489254236221 0.174597024917603 0.166482344269753 0.148388832807541 0.143675416707993 0.133590772747993 0.138823330402374 0.146116673946381 0.140878245234489 0.149666041135788
-3.4e+38 -3.4e+38 -3.4e+38 -3.4e+38 -3.4e+38 -3.4e+38 -3.4e+38 -3.4e+38 -3.4e+38 0.7401162981987 0.856844425201416 -3.4e+38 0.925909459590912 0.90533459186554 0.769405901432037 0.808552205562592 0.826790750026703 0.660774827003479 0.673921406269073 0.685538291931152 0.705466687679291 0.727127611637115 0.750168800354004 0.742194890975952 0.438889592885971 0.422814071178436 0.315214425325394 0.29053869843483 0.32140988111496 0.294084787368774 0.2983278632164 0.280457615852356 0.233234286308289 0.217975556850433 0.209234178066254 0.178395450115204 0.160370245575905 0.154140666127205 0.145377770066261 0.143070206046104 0.134514525532722 0.140907526016235 0.140293776988983 0.139005079865456
-339999999999999996123846586046231871488.000000000000000 -3.4e+38 -3.4e+38 -3.4e+38 -3.4e+38 -3.4e+38 -3.4e+38 -3.4e+38 -3.4e+38 -3.4e+38 -3.4e+38 0.850215435028076 0.852227807044983 0.888824701309204 0.750604152679443 0.77945202589035 0.824516177177429 0.68186742067337 0.646280884742737 0.654008269309998 0.70780074596405 0.731078147888184 0.761431872844696 0.766238451004028 0.466764450073242 0.432092279195786 0.322305947542191 0.29267355799675 0.29092013835907 0.294960916042328 0.29205796122551 0.285706669092178 0.261789917945862 0.244562044739723 0.203965619206429 0.185202494263649 0.14727646112442 0.147686451673508 0.149838790297508 0.142906382679939 0.152012825012207 0.146887421607971 0.155009359121323 0.156977385282516
-3.4e+38 -3.4e+38 -3.4e+38 -3.4e+38 -3.4e+38 -3.4e+38 -3.4e+38 -3.4e+38 -3.4e+38 -3.4e+38 -3.4e+38 0.846412420272827 0.833532452583313 0.797245979309082 0.830940663814545 0.768938601016998 0.793162703514099 0.671072721481323 0.640829920768738 0.650322914123535 0.667970538139343 0.711606681346893 0.737074375152588 0.778511643409729 0.780085444450378 0.46448165178299 0.356963336467743 0.34716859459877 0.322696775197983 0.34729266166687 0.323152840137482 0.29840087890625 0.271021872758865 0.226812332868576 0.214756071567535 0.192616209387779 0.170755490660667 0.154190808534622 0.159813821315765 0.154024288058281 0.164101123809814 0.160525351762772 0.151209697127342 0.153010472655296
-3.4e+38 -3.4e+38 -3.4e+38 -3.4e+38 -3.4e+38 -3.4e+38 -3.4e+38 -3.4e+38 -3.4e+38 -3.4e+38 -3.4e+38 -3.4e+38 0.796298861503601 0.77557373046875 0.810669422149658 0.840197265148163 0.777446389198303 0.685055375099182 0.646513104438782 0.660833597183228 0.660097301006317 0.699485898017883 0.748193800449371 0.796759366989136 0.779905021190643 0.460512012243271 0.437715798616409 0.360375910997391 0.378374606370926 0.361475676298141 0.320563197135925 0.314911812543869 0.285402297973633 0.256327718496323 0.209083274006844 0.20122429728508 0.170746862888336 0.157234281301498 0.154744043946266 0.170977920293808 0.160433396697044 0.149202480912209 0.14909890294075 0.14173786342144
-3.4e+38 -3.4e+38 -3.4e+38 -3.4e+38 -3.4e+38 -3.4e+38 -3.4e+38 -3.4e+38 -3.4e+38 -3.4e+38 -3.4e+38 -3.4e+38 0.743130683898926 0.726247489452362 0.778103470802307 0.801752090454102 0.723792850971222 0.676108002662659 0.635383367538452 0.638129711151123 0.672015607357025 0.705581426620483 0.720706164836884 0.77415668964386 0.785346984863281 0.755940437316895 0.454735964536667 0.405411154031754 0.402053743600845 0.367986053228378 0.326712965965271 0.342328578233719 0.303326278924942 0.263743698596954 0.212589174509048 0.19031710922718 0.198147460818291 0.161050781607628 0.154268339276314 0.168247297406197 0.158638909459114 0.151156574487686 0.161454692482948 0.141233667731285
-3.4e+38 -3.4e+38 -3.4e+38 -3.4e+38 -3.4e+38 -3.4e+38 -3.4e+38 -3.4e+38 -3.4e+38 -3.4e+38 -3.4e+38 -3.4e+38 0.821186125278473 0.786685705184937 0.817030727863312 0.757894515991211 0.660228908061981 0.613436579704285 0.594861388206482 0.625791192054749 0.65394252538681 0.688645720481873 0.724603533744812 0.746345639228821 0.771785914897919 0.780337154865265 0.762522101402283 0.450319319963455 0.406068235635757 0.372613936662674 0.346851199865341 0.329784870147705 0.279564946889877 0.254392296075821 0.214477270841599 0.185681194067001 0.180117771029472 0.159374296665192 0.150797143578529 0.157910093665123 0.156461089849472 0.154765576124191 0.161763921380043 0.140802621841431
-3.4e+38 -3.4e+38 -3.4e+38 -3.4e+38 -3.4e+38 -3.4e+38 -3.4e+38 -3.4e+38 -3.4e+38 -3.4e+38 -3.4e+38 0.801287233829498 0.791362762451172 0.832437872886658 0.786388695240021 0.786515295505524 0.630359292030334 0.583402991294861 0.605246603488922 0.630020320415497 0.610250234603882 0.650635480880737 0.705417931079865 0.742691159248352 0.757747232913971 0.799346148967743 0.822726547718048 0.481447666883469 0.476763814687729 0.453580439090729 0.428235918283463 0.362792134284973 0.270403683185577 0.25213223695755 0.221969202160835 0.200481399893761 0.174065679311752 0.157208576798439 0.144745618104935 0.149082258343697 0.154635369777679 0.156265944242477 0.14749564230442 0.142077937722206
