data/climate_estimation/maxent_output/Burchardia_umbellata.asc
NCOLS 496 
NROWS 241 
XLLCORNER 113.166666666667 
YLLCORNER -43.1666666666667 
CELLSIZE 0.0833333333333334 
NODATA_value -3.4e+38 
[rows 22 to 43 of 241, columns 294 to 342 of 496]
0.000118475662020501 0.000115918235678691 0.000118407835543621 0.000126242317492142 0.000137003007694148 0.000135002264869399 0.000127278326544911 0.0001346174540231 0.000141385346069001 0.00014901343092788 9.67777305049822e-05 0.000105650731711648 0.000103551239590161 0.000248209951678291 0.000259430235018954 0.000276957231108099 0.000320144201396033 0.000335415359586477 0.000351351394783705 0.000372723676264286 0.00036693352740258 0.000421095959609374 0.000429820385761559 0.000452929409220815 0.000612873351201415 0.000648794753942639 0.000740077928639948 0.000806260155513883 0.000875958241522312 0.0014071767218411 0.00153402343858033 0.00168332399334759 0.00192037306260318 0.00208259210921824 0.00216490053571761 0.00216417666524649 0.00219912524335086 0.00211830623447895 0.00217378465458751 0.00208404613658786 0.00214234320446849 0.00276770396158099 0.00227281008847058 0.00248624733649194 0.00275220652110875 0.00329210283234715 0.00347310141660273 0.00378860486671329 0.00401529110968113
0.000107587264210451 0.000109591026557609 0.000113914888061117 0.00011447470751591 0.000124904428957961 8.38127889437601e-05 0.000134781774249859 0.000137830313178711 0.000132526372908615 0.00013626177678816 9.59110839175992e-05 0.000110141234472394 0.000118474985356443 0.000263895140960813 0.000242425085161813 0.000283196335658431 0.000306044705212116 0.000329474627505988 0.000356370699591935 0.000329968257574365 0.000370675756130368 0.000412201217841357 0.000431169173680246 0.000469545979285613 0.000467603706056252 0.000471166800707579 0.000500543275848031 0.000713846588041633 0.000787950993981212 0.00131918175611645 0.00144758156966418 0.00161410763394088 0.00181740603875369 0.00194257614202797 0.00182736932765692 0.00193958485033363 0.00190604920499027 0.0018803762504831 0.0020102490670979 0.00201194291003048 0.00227426760829985 0.0023099216632545 0.00239005172625184 0.00210289913229644 0.00242175022140145 0.00257539818994701 0.00317657692357898 0.00312955887056887 0.00316096260212362
0.000109606713522226 0.000105834951682482 0.000107161067717243 0.000108344560430851 0.000108998057839926 0.000113366877485532 0.000129018124425784 0.000127246647025459 0.00014005383127369 0.000135769761982374 9.98249015538022e-05 0.000106231367681175 0.000112043519038707 0.000230345671297982 0.000246317445999011 0.000278821942629293 0.00028881398611702 0.000315790501190349 0.000314473902108148 0.000343568215612322 0.000345462205586955 0.000369098241208121 0.000403513025958091 0.000425934296799824 0.00045814216719009 0.000494110863655806 0.00051067752065137 0.0007133525214158 0.00112164218444377 0.00124488084111363 0.00127058592624962 0.00138953200075775 0.00166491197887808 0.00177849631290883 0.00173808133695275 0.00175507762469351 0.001754344208166 0.00165267905686051 0.00174666370730847 0.00186405552085489 0.00220216671004891 0.0022413267288357 0.0022963359951973 0.00232864124700427 0.0024408558383584 0.00296680489555001 0.00253048469312489 0.002665946027264 0.00343382498249412
0.00010508989362279 0.000102378588053398 0.000101536577858496 0.000100484256108757 0.000118092400953174 0.000108111096778885 8.11805366538465e-05 0.000118595249659847 0.000134444315335713 0.000138913514092565 9.99883050099015e-05 0.000100741861388087 0.00010658724932 0.00022591078595724 0.000264045316725969 0.000266017479589209 0.000284199049929157 0.000281623564660549 0.000318908103508875 0.00033712136792019 0.000327392393955961 0.000359054422006011 0.000328658352373168 0.000390189990866929 0.000425886159064248 0.000413504079915583 0.000556794053409249 0.000625341490376741 0.000683089951053262 0.00126132508739829 0.00134619185701013 0.00142704881727695 0.00148292630910873 0.001627087011002 0.00162092538084835 0.00163076992612332 0.00164151273202151 0.00162192969582975 0.00159715430345386 0.00151776743587106 0.00178598531056195 0.00217366125434637 0.00215164432302117 0.00208606338128448 0.00233192509040236 0.00233615864999592 0.00280027836561203 0.00297463522292674 0.00281310803256929
9.28907975321636e-05 0.000104234990430996 0.000101308403827716 0.000101909776276443 0.000104267433925997 0.000111421861220151 6.92521061864682e-05 0.000113104579213541 0.000117706513265148 0.000132550951093435 8.40130742290057e-05 9.50516914599575e-05 0.000110227476397995 0.000229636978474446 0.000263654452282935 0.000259871390881017 0.000287945091258734 0.000287003989797086 0.000314040255034342 0.000320481485687196 0.000342384242685512 0.000323130778269842 0.000337387114996091 0.00038485077675432 0.000400547491153702 0.00051986682228744 0.000569627562072128 0.000599635415710509 0.00062023481586948 0.00109702441841364 0.00124498724471778 0.00122400315012783 0.00121986831072718 0.00139340199530125 0.00139713892713189 0.00145326880738139 0.00142961251549423 0.00140695017762482 0.00144114543218166 0.00135951722040772 0.0018426199676469 0.0020141014829278 0.00185901660006493 0.00190731009934098 0.00198543770238757 0.00220049102790654 0.00242516398429871 0.00255513493902981 0.00172314641531557
8.94662371138111e-05 9.54924325924367e-05 9.54340721364133e-05 9.90176486084238e-05 0.000100408076832537 0.000107111867691856 6.89519220031798e-05 0.000115040551463608 0.000118863616080489 0.000125700331409462 8.2202794146724e-05 9.01487001101486e-05 9.51528636505827e-05 0.000233946251682937 0.000234902399824932 0.00025423796614632 0.000249702483415604 0.000289679854176939 0.000280629843473434 0.00031352648511529 0.000307930255075917 0.000329810776747763 0.000332982977852225 0.000346344022545964 0.000403973768698052 0.000393782393075526 0.000522429414559156 0.00054139964049682 0.000606156885623932 0.000934971729293466 0.00104435533285141 0.00120282953139395 0.00122601259499788 0.0012688662391156 0.00127436360344291 0.00130952009931207 0.00133038638159633 0.00128955079708248 0.00130152876954526 0.00133059720974416 0.00137098832055926 0.00143679673783481 0.00176202028524131 0.00183751620352268 0.00171799352392554 0.00183797790668905 0.00205210270360112 0.00219969684258103 0.00156716362107545
8.53267047205009e-05 8.47712581162341e-05 9.34333293116651e-05 8.939384133555e-05 9.49830209719948e-05 0.000103329490229953 0.000103329490229953 7.91026177466847e-05 0.000119058073323686 0.000122131677926518 7.86631353548728e-05 9.1272326244507e-05 8.96448909770697e-05 0.000230773672228679 0.000241995643591508 0.000245024188188836 0.000247854419285432 0.000268812756985426 0.000261858775047585 0.00029349813121371 0.000314554839860648 0.000312501477310434 0.000339337129844353 0.000353113457094878 0.000360123987775296 0.000423501449404284 0.00041935799526982 0.000415512942709029 0.000562242930755019 0.00057434948394075 0.000606991758104414 0.000992858316749334 0.000982459983788431 0.00107521144673228 0.00106467981822789 0.00110925326589495 0.00111330626532435 0.00122443144209683 0.00129065464716405 0.00130128697492182 0.0012994009302929 0.00135507842060179 0.0012800315162167 0.00156723510008305 0.00106674258131534 0.00169447099324316 0.00180520443245769 0.00190822151489556 0.00128583132755011
8.37301631690934e-05 8.54661266203038e-05 8.76179910846986e-05 8.76179910846986e-05 9.4686787633691e-05 9.51273323153146e-05 0.000109141823486425 7.75660882936791e-05 0.000118054071208462 0.000131092994706705 7.90285412222147e-05 8.55316393426619e-05 9.18714213185012e-05 0.000199256101041101 0.000224666262511164 0.000240281122387387 0.000256100465776399 0.000240660228882916 0.000267351133516058 0.000272654491709545 0.000281550048384815 0.000308743794448674 0.000309446506435052 0.000327328045386821 0.000360123987775296 0.000370001012925059 0.000404089194489643 0.000445863784989342 0.000440055329818279 0.000593959935940802 0.000610243761911988 0.000634081952739507 0.000628383189905435 0.000642328581307083 0.000647079898044467 0.000692054512910545 0.000765940989367664 0.000751605723053217 0.00114699767436832 0.00115732895210385 0.00115472823381424 0.00119311059825122 0.00119921646546572 0.000920499209314585 0.00152561080176383 0.00152821757365018 0.00169499544426799 0.00111474352888763 0.0011653738329187
7.8535609645769e-05 8.28139236546122e-05 8.67619601194747e-05 8.71880984050222e-05 9.1120098659303e-05 9.59075478021987e-05 0.000114074275188614 7.37185764592141e-05 0.000122576908324845 0.000134347938001156 8.31376382848248e-05 8.0937948951032e-05 8.86653579073027e-05 9.13190742721781e-05 0.000232799662626348 0.000235480925766751 0.000235480925766751 0.000247103889705613 0.000249414821155369 0.000263441383140162 0.000275345490081236 0.000273996673058718 0.000304532295558602 0.000328194291796535 0.000315544311888516 0.000365782208973542 0.000364585692295805 0.000386320403777063 0.000406964973080903 0.000529098964761943 0.000579732062760741 0.000592220749240369 0.000612962758168578 0.000602434214670211 0.000637991994153708 0.000648540852125734 0.000705962942447513 0.000700694043189287 0.00103990046773106 0.000873756594955921 0.00112117768730968 0.00108766870107502 0.00114620476961136 0.000917346449568868 0.000895893666893244 0.000978629803285003 0.00147880078293383 0.00100441987160593 0.00111840921454132
7.70936167100444e-05 7.79592010076158e-05 8.61274675116874e-05 8.63379027578048e-05 9.18674486456439e-05 9.26209249882959e-05 0.000107739717350341 7.13011177140288e-05 7.82355709816329e-05 0.000117005496576894 7.99382833065465e-05 7.47301892261021e-05 8.18018161226064e-05 8.82938402355649e-05 0.000215091669815592 0.000231659927521832 0.000224446877837181 0.000228274060646072 0.000243300193687901 0.000244564842432737 0.000270432094112039 0.000268667208729312 0.000283218367258087 0.000290886091534048 0.000312970747472718 0.000318138772854581 0.000372114853234962 0.000382440019166097 0.000469558261102065 0.000491785584017634 0.000539893400855362 0.000531707075424492 0.000602010113652796 0.000564433285035193 0.000592318247072399 0.000647478154860437 0.00061668228590861 0.000648146728053689 0.00104234332684427 0.000891536299604923 0.000980743207037449 0.000978180789388716 0.00105543166864663 0.000673623522743583 0.000820823304820806 0.000668492401018739 0.00100045104045421 0.000950486515648663 0.000986143131740391
7.59134200052358e-05 7.8749202657491e-05 8.6635940533597e-05 8.33580779726617e-05 8.89865550561808e-05 8.98630896699615e-05 9.81495541054755e-05 6.61155354464427e-05 7.59269241825677e-05 0.000124396116007119 0.000121979137475137 8.32486402941868e-05 8.90679875737987e-05 8.91645831870846e-05 9.71802946878597e-05 0.000221528534893878 0.0002192834217567 0.000223348019062541 0.000245658564381301 0.000245256902417168 0.00024690997088328 0.000248574215220287 0.00027715420583263 0.000297494174446911 0.000299942563287914 0.000316721911076456 0.000342938670655712 0.000338653364451602 0.000482176430523396 0.000466630444861948 0.000498897512443364 0.000554239202756435 0.000528806238435209 0.000569764000829309 0.000561090768314898 0.000546923954971135 0.000552000827156007 0.000568214687518775 0.000967184954788536 0.00098050944507122 0.000937854929361492 0.000633664254564792 0.000639087404124439 0.000663866871036589 0.00118302111513913 0.00066558487014845 0.00101308757439256 0.000674591690767556 0.000878472230397165
7.5050993473269e-05 7.8749202657491e-05 8.49545540404506e-05 8.76320773386396e-05 8.74406250659376e-05 8.54947938933037e-05 9.33012197492644e-05 0.000100258170277812 6.98099247529171e-05 0.00012562250776682 0.000134008398163132 9.61867845035158e-05 9.30912647163495e-05 8.34904567454942e-05 9.06387576833367e-05 0.00021615851437673 0.000215372579987161 0.00021918467245996 0.00023028020223137 0.000225808282266371 0.00023774869623594 0.000229717261390761 0.000255585880950093 0.000271225231699646 0.000290146039333194 0.00029842191725038 0.000311576877720654 0.000334218959324062 0.000435302237747237 0.000474339758511633 0.00045904636499472 0.00048439743113704 0.000527940166648477 0.000535189115907997 0.000524765462614596 0.000570136355236173 0.000583735061809421 0.000560810614842921 0.000529832672327757 0.000591576797887683 0.000898763362783939 0.000919590296689421 0.000575564336031675 0.000739317445550114 0.00078511139145121 0.000789185054600239 0.000604418746661395 0.000608534144703299 0.000812192796729505
7.21146425348707e-05 7.90779304224998e-05 8.6635940533597e-05 8.35783503134735e-05 8.51846489240415e-05 8.6226784333121e-05 8.99651204235852e-05 0.000107841340650339 7.29651292203926e-05 0.000125845981528983 0.000125341815873981 9.2720496468246e-05 8.77050624694675e-05 8.4467013948597e-05 8.57345294207335e-05 0.000209465302759781 0.000209370962693356 0.000229843150009401 0.000232871025218628 0.000229467448662035 0.000242373105720617 0.000237253858358599 0.000254687533015385 0.000266637449385598 0.000284372799796984 0.000278965511824936 0.00031038568704389 0.000326372450217605 0.000330010312609375 0.000413747853599489 0.000419387768488377 0.000480008544400334 0.000471787905553356 0.000482106028357521 0.000520092609804124 0.00051353796152398 0.000767211546190083 0.000549162388779223 0.00052950088866055 0.00053846457740292 0.000524183909874409 0.000894317927304655 0.000554138445295393 0.000717061047907919 0.000738010567147285 0.000766468234360218 0.000625728105660528 0.000573804369196296 0.000524509756360203
6.9431058363989e-05 7.38019589334726e-05 7.46502846595831e-05 8.15557359601371e-05 6.00720341026317e-05 9.29187153815292e-05 9.40309619181789e-05 0.000103561127616558 7.52396299503744e-05 0.000122305063996464 0.000122705663670786 0.000131365755805746 8.67066482896917e-05 9.08022266230546e-05 8.65802794578485e-05 0.000207758886972442 0.000210151774808764 0.00024882223806344 0.000244274124270305 0.000237572283367626 0.000224781440920196 0.000220771398744546 0.000269694399321452 0.00026925333077088 0.000287081929855049 0.00028662261320278 0.000299577892292291 0.000318140402669087 0.00033856913796626 0.00040332818753086 0.000341761158779263 0.000423925404902548 0.000435897265560925 0.000474890402983874 0.000488457502797246 0.000487485172925517 0.000518135610036552 0.000521169684361666 0.000532323960214853 0.000501162081491202 0.000533544924110174 0.000521767360623926 0.000638367782812566 0.000641537015326321 0.000509694975335151 0.000515695835929364 0.000554207887034863 0.000529174052644521 0.000534579681698233
6.89792141201906e-05 7.46502846595831e-05 8.55488106026314e-05 8.40786160551943e-05 5.93625409237575e-05 9.15621349122375e-05 9.11143579287454e-05 0.000101383666333277 0.000113373935164418 7.86304444773123e-05 0.000130563712446019 0.000129077438032255 8.73468598001637e-05 8.82085150806233e-05 0.000140931180794723 9.51513429754414e-05 0.00022389180958271 0.000238653679843992 0.000237096624914557 0.000229462413699366 0.000229462413699366 0.000241410351009108 0.000263467372860759 0.000257800827967003 0.000286434747977182 0.000291831645881757 0.000292309880023822 0.000322449661325663 0.000335490156430751 0.000313702039420605 0.000337695208145306 0.000440646457718685 0.000436336529674008 0.000435329915490001 0.000469817168777809 0.000468973768875003 0.00046834273962304 0.000499605375807732 0.000492902821861207 0.000471580540761352 0.000476351560791954 0.000502822047565132 0.000626601802650839 0.000718792027328163 0.000727083242964 0.000698512711096555 0.000503558898344636 0.000509537407197058 0.000491496059112251
6.41050355625339e-05 7.22061522537842e-05 8.23949085315689e-05 8.40256398078054e-05 9.15303244255483e-05 6.48354398435913e-05 8.988959598355e-05 9.88733445410617e-05 0.000113730398879852 7.47120648156852e-05 0.000122605400974862 0.000120419303129893 0.000137837181682698 9.24982014112175e-05 9.97521565295756e-05 0.000143905243021436 0.000231726502534002 0.000231726502534002 0.000241403162362985 0.000239436034462415 0.000260435277596116 0.000258312473306432 0.000263436551904306 0.000254030746873468 0.000264641857938841 0.000292788870865479 0.000312747113639489 0.000296457699732855 0.000308165443129838 0.000320343999192119 0.000327885238220915 0.000322558888001367 0.000407931744121015 0.000435900699812919 0.000443615368567407 0.000491340644657612 0.000497449887916446 0.000495382759254426 0.000507348449900746 0.000486753531731665 0.000482847797684371 0.000853300211019814 0.000904804735910147 0.000483078736579046 0.000468380167149007 0.000718792027328163 0.000697726034559309 0.000468160549644381 0.000470467639388517
4.27243940066546e-05 6.87287101754919e-05 8.19456836325116e-05 8.48530617076904e-05 8.95477569429204e-05 6.45183608867228e-05 0.000103043203125708 9.77484523900785e-05 0.0001035500827129 0.00011930429172935 8.23020309326239e-05 0.000136714254040271 0.000135600479552522 0.000100407291029114 0.000103497455711477 0.000157954229507595 0.000163560602231883 0.000253107922617346 0.00024896944523789 0.000248562224442139 0.000250725861405954 0.000254030746873468 0.000247869378654286 0.000247059244429693 0.000259919441305101 0.000290114781819284 0.000291383592411876 0.000290026742732152 0.000284450710751116 0.000291049218503758 0.000322031031828374 0.000324678956530988 0.00039898170507513 0.000419385323766619 0.000440431642346084 0.000569089257624 0.000603742140810937 0.000595888239331543 0.000466682831756771 0.000459928618511185 0.000470945378765464 0.000872211414389312 0.000604919623583555 0.000442054850282148 0.000444338336819783 0.000668318651150912 0.000635575095657259 0.000666935928165913 0.00061865511815995
4.5243687054608e-05 6.99443990015425e-05 7.96593812992796e-05 8.08819750091061e-05 8.89645016286522e-05 6.51540758553892e-05 9.71114059211686e-05 0.000101999452454038 0.000104919789009728 0.000116985567728989 8.87275891727768e-05 0.000130631640786305 0.000147548358654603 0.000147548358654603 0.000105386956420261 0.00011273319250904 0.000164967030286789 0.000163354692631401 0.000245669478317723 0.000241285568336025 0.00023697987489868 0.00024654105072841 0.000247754709562287 0.000247754709562287 0.00025611836463213 0.00028624979313463 0.000289320043521002 0.0002943322469946 0.000276395992841572 0.00026635269750841 0.000293441727990285 0.000282596563920379 0.000362037651939318 0.000410837674280629 0.00042245551594533 0.00044278847053647 0.000453689572168514 0.000553761958144605 0.000456241803476587 0.000546283321455121 0.000563047477044165 0.000439706112956628 0.000450913939857855 0.000433083274401724 0.000456025445600972 0.000444338336819783 0.000668674765620381 0.000778582820203155 0.000626572989858687
0.000102003577922005 4.91995051561389e-05 7.70632395870052e-05 8.46171169541776e-05 8.77215425134636e-05 6.43838866380975e-05 6.94249902153388e-05 0.00010658054088708 0.000103489401226398 0.000120780474389903 0.000133276029373519 0.000151028914842755 0.000146585662150756 0.000157636372023262 0.000154570036102086 0.000154317211126909 0.000175381035660394 0.000174807631992735 0.000357701705070212 0.000255121878581122 0.000256380619248375 0.00025512435240671 0.000258065294474363 0.000244470837060362 0.000271571392659098 0.000269206968368962 0.000287944625597447 0.000281419197563082 0.000300195853924379 0.000293176708510146 0.000306247413391247 0.000292697077384219 0.000379021104890853 0.000367573869880289 0.000399607641156763 0.000413208617828786 0.000423084362410009 0.00041888456325978 0.000496212102007121 0.000562958652153611 0.000492535124067217 0.000572092016227543 0.000520949950441718 0.000539152417331934 0.000630362308584154 0.000424017052864656 0.000733264721930027 0.000769074016716331 0.000765934295486659
9.9212113127578e-05 0.000107679901702795 0.000115009454020765 0.000191112514585257 0.000194895852473564 9.32637267396785e-05 6.80944576743059e-05 0.00011030748282792 0.00011974731751252 0.000129832595121115 0.000125536316772923 0.00013992004096508 0.000147466023918241 0.000146459322422743 0.000157982649398036 0.000166210593306459 0.000177172754774801 0.00017141351418104 0.00040593947051093 0.000403289654059336 0.000394213100662455 0.000265230046352372 0.000267095660092309 0.000262673158431426 0.000272310251602903 0.000276808277703822 0.00027771622990258 0.000265868613496423 0.000272031698841602 0.000269603275228292 0.000269670126726851 0.000274120626272634 0.000342946994351223 0.00038615454104729 0.000402292207581922 0.000377705728169531 0.000398775795474648 0.000508549041114748 0.000498012290336192 0.000481895840493962 0.000564975664019585 0.000545558228623122 0.000680696160998195 0.000691512366756797 0.00071863125776872 0.000786361284554005 0.000721888791304082 0.000751495477743447 0.00070615450385958
0.000107679901702795 0.000108762658783235 0.000118248004582711 0.000188843201613054 8.4938234067522e-05 0.000200995040358976 6.67233398417011e-05 7.31258114683442e-05 0.00011565514432732 0.000128444837173447 0.000139234791276976 0.000140838965307921 0.000155654313857667 0.000174060289282352 0.000167851598234847 0.000188570076716132 0.000188570076716132 0.000192628300283104 0.000188879188499413 0.000414676120271906 0.000417400733567774 0.000387176958611235 0.000264796137344092 0.000277835817541927 0.000266700400970876 0.000267137307673693 0.000265828712144867 0.000261552078882232 0.000272031698841602 0.000276757462415844 0.000276757462415844 0.000271183263976127 0.00034576520556584 0.000351196533301845 0.000400184042518958 0.000400839780922979 0.000375201168935746 0.000385929335607216 0.000372885609976947 0.000368837150745094 0.00052236980991438 0.000553177902474999 0.000723955570720136 0.000719229225069284 0.000696703849826008 0.000719229050446302 0.00073696649633348 0.000744248158298433 0.000731478619854897
0.000105679457192309 0.00010683415166568 0.000119607597298454 0.00012751470785588 0.000203307296033017 0.000209787191124633 0.000152933207573369 7.25304053048603e-05 0.000111927532998379 0.000124785670777783 0.000143892801133916 0.000155440531671047 0.000170127677847631 0.000176369707332924 0.000193633954040706 0.000196130305994302 0.000193591942661442 0.000201338101760484 0.000193894462427124 0.000436419359175488 0.000407323648687452 0.000393919937778264 0.000374618452042341 0.000260414148215204 0.000260874105151743 0.000262158311670646 0.000274680729489774 0.000261512846918777 0.000277846149401739 0.000280129461316392 0.000275622791377828 0.000255175225902349 0.00032969206222333 0.000347177498042583 0.00034806173061952 0.000353805720806122 0.00036464401637204 0.000350174668710679 0.00034280217369087 0.00034298756509088 0.000525801791809499 0.000667169049847871 0.000680411234498024 0.000702431483659893 0.000740219198632985 0.000713383196853101 0.000746229372452945 0.000906911620404571 0.000744931865483522
