data/climate_estimation/maxent_output/Burchardia_congesta.asc
NCOLS 45 
NROWS 83 
XLLCORNER 114.5 
YLLCORNER -35.25 
CELLSIZE 0.0833333333333333 
NODATA_value -3.4e+38 
[rows 46 to 68 of 83, columns 0 to 44 of 45]
-3.4e+38 -3.4e+38 -3.4e+38 -3.4e+38 -3.4e+38 -3.4e+38 -3.4e+38 -3.4e+38 -3.4e+38 -3.4e+38 -3.4e+38 -3.4e+38 -3.4e+38 0.886052787303925 0.877481937408447 0.82623565196991 0.811034798622131 0.744200527667999 0.770627021789551 0.716743469238281 0.709256649017334 0.734986364841461 0.767838597297668 0.789929330348969 0.819097280502319 0.854517817497253 0.842367649078369 0.633657217025757 0.601936101913452 0.647279798984528 0.619352638721466 0.649290800094604 0.615660429000854 0.526575982570648 0.458831191062927 0.337475925683975 0.315461188554764 0.257271349430084 0.226217180490494 0.192086607217789 0.169508591294289 0.149693325161934 0.168420195579529 0.159875512123108 0.133134305477142
-3.4e+38 -3.4e+38 -3.4e+38 -3.4e+38 -3.4e+38 -3.4e+38 -3.4e+38 -3.4e+38 -3.4e+38 -3.4e+38 -3.4e+38 -3.4e+38 -3.4e+38 -3.4e+38 0.832766115665436 0.803138017654419 0.790042698383331 0.78284627199173 0.757694065570831 0.722841084003448 0.695889353752136 0.719426870346069 0.726984262466431 0.783747673034668 0.832910239696503 0.865456879138947 0.851320385932922 0.585535645484924 0.609311759471893 0.596073985099792 0.642740786075592 0.638953149318695 0.56492292881012 0.545607328414917 0.463332831859589 0.397912323474884 0.287588238716125 0.274323523044586 0.211281672120094 0.192283719778061 0.179553240537643 0.179771617054939 0.155888810753822 0.139288872480392 0.128546670079231
-3.4e+38 -3.4e+38 -3.4e+38 -3.4e+38 -3.4e+38 -3.4e+38 -3.4e+38 -3.4e+38 -3.4e+38 -3.4e+38 -3.4e+38 -3.4e+38 -3.4e+38 -3.4e+38 0.787636578083038 0.765170335769653 0.763783693313599 0.756527781486511 0.687034606933594 0.687718987464905 0.660076975822449 0.669222056865692 0.731412589550018 0.771626710891724 0.789183557033539 0.849795281887054 0.86972051858902 0.836840569972992 0.589297950267792 0.608823657035828 0.63857501745224 0.606001138687134 0.544364809989929 0.590318620204926 0.481713503599167 0.40515810251236 0.287643283605576 0.243917644023895 0.262576580047607 0.193167492747307 0.17703615128994 0.165661618113518 0.150958329439163 0.138850226998329 0.144700244069099
-3.4e+38 -3.4e+38 -3.4e+38 -3.4e+38 -3.4e+38 -3.4e+38 -3.4e+38 -3.4e+38 -3.4e+38 -3.4e+38 -3.4e+38 -3.4e+38 -3.4e+38 -3.4e+38 0.807366788387299 0.776931703090668 0.777833878993988 0.726285219192505 0.609305560588837 0.586110472679138 0.579093992710114 0.629235684871674 0.668806731700897 0.719729959964752 0.770728886127472 0.830726265907288 0.859109282493591 0.867282509803772 0.863748610019684 0.590632259845734 0.611745417118073 0.583991408348083 0.538639783859253 0.535951316356659 0.420208483934402 0.353937238454819 0.28620120882988 0.221684545278549 0.224487632513046 0.181057006120682 0.169676676392555 0.152404174208641 0.145891785621643 0.139844223856926 0.143135994672775
-3.4e+38 -3.4e+38 -3.4e+38 -3.4e+38 -3.4e+38 -3.4e+38 -3.4e+38 -3.4e+38 -3.4e+38 -3.4e+38 -3.4e+38 -3.4e+38 -3.4e+38 0.815556347370148 0.792279660701752 0.79912930727005 0.753018975257874 0.744480729103088 0.572792947292328 0.550943911075592 0.59135115146637 0.630434691905975 0.622200667858124 0.672453701496124 0.7431321144104 0.808834135532379 0.837476134300232 0.883797645568848 0.909176647663116 0.610946178436279 0.629538118839264 0.616509914398193 0.61068719625473 0.52294796705246 0.38623970746994 0.341825008392334 0.287205815315247 0.247678562998772 0.195228546857834 0.16720087826252 0.153669208288193 0.135875657200813 0.142928019165993 0.139070063829422 0.121413715183735
-3.4e+38 -3.4e+38 -3.4e+38 -3.4e+38 -3.4e+38 -3.4e+38 -3.4e+38 -3.4e+38 -3.4e+38 -3.4e+38 -3.4e+38 -3.4e+38 -3.4e+38 0.850600063800812 0.822388112545013 0.776771545410156 0.780788600444794 0.725443065166473 0.509206652641296 0.508452713489532 0.551535308361053 0.568537712097168 0.638410210609436 0.649281919002533 0.731239855289459 0.841142177581787 0.861226797103882 0.908782958984375 0.917807936668396 0.898914277553558 0.91322124004364 0.659446775913239 0.560669481754303 0.449093729257584 0.395466059446335 0.32300853729248 0.245075568556786 0.211934149265289 0.186895295977592 0.146121069788933 0.141687020659447 0.129412323236465 0.144938573241234 0.129335075616837 0.121576547622681
-3.4e+38 -3.4e+38 -3.4e+38 -3.4e+38 -3.4e+38 -3.4e+38 -3.4e+38 -3.4e+38 -3.4e+38 -3.4e+38 -3.4e+38 -3.4e+38 -3.4e+38 0.861265122890472 0.849019408226013 0.801650941371918 0.773091793060303 0.66706109046936 0.517013549804688 0.501686632633209 0.53072464466095 0.574897170066833 0.576456606388092 0.676114678382874 0.754572749137878 0.83406537771225 0.891671240329742 0.920706570148468 0.915221571922302 0.910927414894104 0.891803383827209 0.906660556793213 0.84105509519577 0.486372649669647 0.415866851806641 0.284922510385513 0.425485134124756 0.374281942844391 0.301381528377533 0.126001790165901 0.123114943504333 0.114139832556248 0.101147703826427 0.110835008323193 0.107438333332539
-3.4e+38 -3.4e+38 -3.4e+38 -3.4e+38 -3.4e+38 -3.4e+38 -3.4e+38 -3.4e+38 -3.4e+38 -3.4e+38 -3.4e+38 -3.4e+38 -3.4e+38 0.84236079454422 0.826748371124268 0.84128338098526 0.81302398443222 0.666595757007599 0.531298875808716 0.545544862747192 0.555839002132416 0.550851047039032 0.641634166240692 0.706746280193329 0.769029796123505 0.836353242397308 0.882309854030609 0.913346827030182 0.918566763401031 0.898895025253296 0.887342214584351 0.902489900588989 0.848852634429932 0.788063585758209 0.629827201366425 0.445389598608017 0.408991307020187 0.280042409896851 0.315584719181061 0.262090414762497 0.112020194530487 0.120048493146896 0.102383427321911 0.105964682996273 0.106345191597939
-3.4e+38 -3.4e+38 -3.4e+38 -3.4e+38 -3.4e+38 -3.4e+38 -3.4e+38 -3.4e+38 -3.4e+38 -3.4e+38 -3.4e+38 -3.4e+38 -3.4e+38 0.866989731788635 0.845400989055634 0.831780254840851 0.796724915504456 0.646871626377106 0.537189662456512 0.535781383514404 0.544685840606689 0.572030067443848 0.675151646137238 0.694690346717834 0.762049376964569 0.812278568744659 0.876010835170746 0.883234977722168 0.901600003242493 0.913591802120209 0.894536197185516 0.874817132949829 0.868163287639618 0.781743228435516 0.627965033054352 0.384076327085495 0.296530246734619 0.280266404151917 0.283171683549881 0.130715385079384 0.114639796316624 0.109419852495193 0.098847895860672 0.102267935872078 0.0931439846754074
-3.4e+38 -3.4e+38 -3.4e+38 -3.4e+38 -3.4e+38 -3.4e+38 -3.4e+38 -3.4e+38 -3.4e+38 -3.4e+38 -3.4e+38 -3.4e+38 -3.4e+38 0.853903293609619 0.871246755123138 0.856582522392273 0.82519268989563 0.640526831150055 0.528008759021759 0.561485767364502 0.590107023715973 0.604161083698273 0.67865127325058 0.683103919029236 0.751159191131592 0.793356239795685 0.859188377857208 0.852737247943878 0.855144441127777 0.869612097740173 0.880021214485168 0.868402063846588 0.854764878749847 0.75698047876358 0.574038982391357 0.431752860546112 0.288587778806686 0.287203997373581 0.231566622853279 0.256491243839264 0.138464584946632 0.108765482902527 0.107409983873367 0.0851162075996399 0.0836859792470932
-3.4e+38 -3.4e+38 -3.4e+38 -3.4e+38 -3.4e+38 -3.4e+38 -3.4e+38 -3.4e+38 -3.4e+38 -3.4e+38 -3.4e+38 -3.4e+38 -3.4e+38 -3.4e+38 0.862547874450684 0.83171671628952 0.801272928714752 0.653495609760284 0.578984022140503 0.596058666706085 0.606588125228882 0.64425140619278 0.684625267982483 0.698462069034576 0.768456816673279 0.80804318189621 0.81732851266861 0.84685480594635 0.824471831321716 0.830097317695618 0.85759961605072 0.808411300182343 0.8451007604599 0.713077127933502 0.609900951385498 0.440988391637802 0.358334332704544 0.267940551042557 0.157183215022087 0.129241526126862 0.11199776828289 0.128101661801338 0.114301547408104 0.0971352681517601 0.0840838402509689
-3.4e+38 -3.4e+38 -3.4e+38 -3.4e+38 -3.4e+38 -3.4e+38 -3.4e+38 -3.4e+38 -3.4e+38 -3.4e+38 -3.4e+38 -3.4e+38 -3.4e+38 -3.4e+38 0.883409142494202 0.867004871368408 0.807713687419891 0.653663516044617 0.622357964515686 0.605284094810486 0.592394828796387 0.637402474880219 0.687287449836731 0.705441474914551 0.787074208259583 0.778886198997498 0.812100112438202 0.825149953365326 0.783784985542297 0.789201438426971 0.799516975879669 0.79794442653656 0.77757728099823 0.670225739479065 0.570759177207947 0.44170069694519 0.456589013338089 0.377763628959656 0.365417897701263 0.170576155185699 0.138290390372276 0.155922591686249 0.120891124010086 0.108207076787949 0.082120805978775
-3.4e+38 -3.4e+38 -3.4e+38 -3.4e+38 -3.4e+38 -3.4e+38 -3.4e+38 -3.4e+38 -3.4e+38 -3.4e+38 -3.4e+38 -3.4e+38 -3.4e+38 -3.4e+38 0.887932240962982 0.855721116065979 0.764497578144073 0.659013509750366 0.601831376552582 0.61873197555542 0.626228928565979 0.65774941444397 0.680334210395813 0.708678066730499 0.765891849994659 0.80585914850235 0.821624577045441 0.810638904571533 0.833768308162689 0.798653364181519 0.777353465557098 0.787775635719299 0.722952008247375 0.621735215187073 0.538309812545776 0.568552076816559 0.487731337547302 0.431703358888626 0.441475808620453 0.365296900272369 0.162025600671768 0.125097393989563 0.10307752341032 0.0872053653001785 0.0839386880397797
-3.4e+38 -3.4e+38 -3.4e+38 -3.4e+38 -3.4e+38 -3.4e+38 -3.4e+38 -3.4e+38 -3.4e+38 -3.4e+38 -3.4e+38 -3.4e+38 -3.4e+38 0.86158162355423 0.848372101783752 0.857079207897186 0.756989240646362 0.669735014438629 0.603770017623901 0.637019336223602 0.634775102138519 0.673382222652435 0.694497168064117 0.74668025970459 0.764349341392517 0.810509622097015 0.830981254577637 0.811344861984253 0.849731266498566 0.781671941280365 0.698278903961182 0.703696310520172 0.667485177516937 0.63508677482605 0.670234322547913 0.589086174964905 0.514533698558807 0.472590893507004 0.418591290712357 0.411667108535767 0.324571132659912 0.148858785629272 0.107471130788326 0.118961915373802 0.083006389439106
-3.4e+38 -3.4e+38 -3.4e+38 -3.4e+38 -3.4e+38 -3.4e+38 -3.4e+38 -3.4e+38 -3.4e+38 -3.4e+38 -3.4e+38 -3.4e+38 -3.4e+38 0.839813053607941 0.850558519363403 0.802684426307678 0.68838506937027 0.675239503383636 0.625511705875397 0.647684514522552 0.638353407382965 0.686292886734009 0.736286461353302 0.770271122455597 0.791373133659363 0.827072978019714 0.829297780990601 0.851043462753296 0.820182740688324 0.782034158706665 0.650079369544983 0.649256527423859 0.654887676239014 0.674459755420685 0.636326134204865 0.597898721694946 0.542822241783142 0.464319288730621 0.441927939653397 0.402619868516922 0.313469052314758 0.301676988601685 0.128167137503624 0.116373226046562 0.0827807039022446
-3.4e+38 -3.4e+38 -3.4e+38 -3.4e+38 -3.4e+38 -3.4e+38 -3.4e+38 -3.4e+38 -3.4e+38 -3.4e+38 -3.4e+38 -3.4e+38 0.829551994800568 0.849781215190887 0.818291485309601 0.790219366550446 0.709601223468781 0.654417753219604 0.672402441501617 0.662031888961792 0.67552375793457 0.735270619392395 0.776069343090057 0.800667643547058 0.818461358547211 0.818221211433411 0.835265159606934 0.851028561592102 0.807263851165771 0.812611401081085 0.680556535720825 0.653093278408051 0.648421704769135 0.638454079627991 0.594610393047333 0.573713481426239 0.55473792552948 0.496439456939697 0.439544767141342 0.401037365198135 0.31415668129921 0.126610770821571 0.116271145641804 0.0882139578461647 0.0828003212809563
-3.4e+38 -3.4e+38 -3.4e+38 -3.4e+38 -3.4e+38 -3.4e+38 0.782753348350525 0.752399504184723 -3.4e+38 -3.4e+38 -3.4e+38 0.843672335147858 0.827872455120087 0.834959030151367 0.774367213249207 0.781259298324585 0.745335459709167 0.744509100914001 0.732250213623047 0.715250670909882 0.716970205307007 0.742289245128632 0.773904263973236 0.798182129859924 0.804655373096466 0.794873714447021 0.863004505634308 0.850640058517456 0.802865386009216 0.755017280578613 0.723639786243439 0.639554440975189 0.706235826015472 0.632780015468597 0.619706034660339 0.58161199092865 0.549834549427032 0.521276116371155 0.389961957931519 0.357243746519089 0.141756445169449 0.136221289634705 0.115857362747192 0.0693429335951805 0.0613949224352837
-339999999999999996123846586046231871488.000000000000000 -3.4e+38 -3.4e+38 -3.4e+38 -3.4e+38 -3.4e+38 0.770512282848358 0.769708096981049 0.773573040962219 0.738465249538422 0.746523559093475 0.810989081859589 0.816291391849518 0.808216750621796 0.79781848192215 0.784067273139954 0.739593982696533 0.724211513996124 0.707631051540375 0.740064978599548 0.755403518676758 0.787539541721344 0.778375804424286 0.836729109287262 0.827801525592804 0.847229063510895 0.857767462730408 0.844915270805359 0.801128149032593 0.780567049980164 0.770163357257843 0.695390999317169 0.620978176593781 0.628418207168579 0.570643126964569 0.528274476528168 0.515803337097168 0.544378817081451 0.432185292243958 0.323105812072754 0.145609065890312 0.126257434487343 0.0982465222477913 0.0670269876718521 0.0549361258745193
-3.4e+38 -3.4e+38 -3.4e+38 -3.4e+38 -3.4e+38 0.725869953632355 0.699078440666199 0.769202530384064 0.793099880218506 0.766157269477844 0.774152100086212 0.80294531583786 0.808930039405823 0.800542771816254 0.795980215072632 0.767147421836853 0.731108427047729 0.727719187736511 0.730587422847748 0.763532876968384 0.789029002189636 0.782001614570618 0.789352297782898 0.848007619380951 0.826183080673218 0.855251550674438 0.861939191818237 0.821372509002686 0.812279880046844 0.731152534484863 0.737512469291687 0.69526344537735 0.634672880172729 0.648131668567657 0.607904195785522 0.535797595977783 0.504911303520203 0.471468538045883 0.379631876945496 0.300234317779541 0.27313631772995 0.221644431352615 0.0950446501374245 0.0796657353639603 0.109888046979904
-3.4e+38 -3.4e+38 -3.4e+38 -3.4e+38 -3.4e+38 0.67783510684967 0.673005878925323 0.694169700145721 0.712313652038574 0.735210180282593 0.778021693229675 0.793244004249573 0.808527410030365 0.814366459846497 0.816841602325439 0.767116069793701 0.76017814874649 0.789651036262512 0.795227587223053 0.786838054656982 0.806997716426849 0.798328042030334 0.829767644405365 0.825974106788635 0.855788469314575 0.857986152172089 0.816044390201569 0.792626678943634 0.772046089172363 0.719814002513885 0.699167191982269 0.64430570602417 0.629296839237213 0.630156874656677 0.603960990905762 0.553681373596191 0.52216511964798 0.460954517126083 0.364848405122757 0.251518696546555 0.118958599865437 0.107653006911278 0.0696230232715607 0.126595437526703 0.0889758169651031
-3.4e+38 -3.4e+38 -3.4e+38 -3.4e+38 -3.4e+38 0.592677891254425 0.560040175914764 0.56721693277359 0.649421334266663 0.6682088971138 0.712420284748077 0.751874029636383 0.801373720169067 0.82431024312973 0.852175414562225 0.825814545154572 0.810807526111603 0.788145959377289 0.810581862926483 0.819023191928864 0.807988524436951 0.801617562770844 0.841476559638977 0.83215320110321 0.808784365653992 0.827165305614471 0.779007971286774 0.778171539306641 0.737866342067719 0.679575622081757 0.67748612165451 0.652238667011261 0.591540455818176 0.574153959751129 0.621036231517792 0.541763544082642 0.45776903629303 0.417753487825394 0.313427329063416 0.233950451016426 0.0876624211668968 0.0816488340497017 0.12181306630373 0.120746299624443 0.099637359380722
-3.4e+38 -3.4e+38 -3.4e+38 -3.4e+38 -3.4e+38 0.534726560115814 0.536369979381561 0.566651880741119 0.594801008701324 0.661892592906952 0.689769387245178 0.765239477157593 0.799971640110016 0.853891611099243 0.870804071426392 0.846417486667633 0.790639340877533 0.820194602012634 0.834470212459564 0.823307693004608 0.813050210475922 0.81630140542984 0.812857747077942 0.848934590816498 0.812135696411133 0.804141402244568 0.78877204656601 0.752429187297821 0.747321903705597 0.693438649177551 0.628876209259033 0.610846400260925 0.600079834461212 0.556474506855011 0.581007421016693 0.519266843795776 0.482185065746307 0.392552524805069 0.296151727437973 0.244078934192657 0.155955299735069 0.144073635339737 0.125505581498146 0.100788407027721 0.0601214580237865
-3.4e+38 -3.4e+38 -3.4e+38 -3.4e+38 -3.4e+38 -3.4e+38 0.456053882837296 0.563052475452423 0.604644477367401 0.639977991580963 0.70501983165741 0.765937805175781 0.787773251533508 0.854321897029877 0.852574646472931 0.851749360561371 0.792363882064819 0.808439970016479 0.79112309217453 0.785914957523346 0.832571506500244 0.8190838098526 0.830796420574188 0.814999222755432 0.825238883495331 0.780194103717804 0.753018200397491 0.751471877098083 0.713194727897644 0.676362872123718 0.650266289710999 0.628700613975525 0.563889920711517 0.569984436035156 0.58622932434082 0.539808809757233 0.449298202991486 0.36133137345314 0.272567838430405 0.226769179105759 0.165779948234558 0.139570131897926 0.127160534262657 0.091218464076519 0.0637035071849823
