data/climate_estimation/maxent_output/Burchardia_umbellata.asc
NCOLS 496 
NROWS 241 
XLLCORNER 113.166666666667 
YLLCORNER -43.1666666666667 
CELLSIZE 0.0833333333333334 
NODATA_value -3.4e+38 
[rows 154 to 175 of 241, columns 343 to 391 of 496]
0.234691366553307 0.208336889743805 0.195235520601273 0.232044547796249 0.215009689331055 0.21419869363308 0.203629270195961 0.215528652071953 0.212631836533546 0.200455367565155 0.207059144973755 0.229278773069382 0.223337218165398 0.243904590606689 0.231862798333168 0.213293164968491 0.239372745156288 0.233110621571541 0.245013520121574 0.245439082384109 0.239783063530922 0.249723419547081 0.285912394523621 0.280001163482666 0.279487431049347 0.285637140274048 0.277963012456894 0.270859330892563 0.285309880971909 0.264032900333405 0.263296127319336 0.249421328306198 0.248342245817184 0.240683823823929 0.232290253043175 0.250801920890808 0.249048739671707 0.260696291923523 0.274774044752121 0.274193733930588 0.287525832653046 0.286880522966385 0.292895704507828 0.3108891248703 0.332448303699493 0.18357290327549 0.197219297289848 0.204192534089088 0.208501815795898
0.243383184075356 0.205022946000099 0.214489981532097 0.23292875289917 0.222744479775429 0.226351752877235 0.248362198472023 0.230199709534645 0.212681964039803 0.214514598250389 0.202514886856079 0.219616964459419 0.22462897002697 0.242574706673622 0.231620341539383 0.232687428593636 0.239841669797897 0.252486109733582 0.258931487798691 0.238915249705315 0.253227025270462 0.250829696655273 0.272752583026886 0.287756830453873 0.288722932338715 0.286232978105545 0.271194994449615 0.277202010154724 0.306424915790558 0.29021829366684 0.268838196992874 0.260348945856094 0.267688751220703 0.260461151599884 0.265417546033859 0.270812183618546 0.278456419706345 0.276285737752914 0.290967613458633 0.288683652877808 0.297509700059891 0.303812503814697 0.318495124578476 0.326900273561478 0.367373824119568 0.378661930561066 0.21502648293972 0.232391819357872 0.44311597943306
0.263497442007065 0.247314378619194 0.225532621145248 0.250067472457886 0.265441834926605 0.264714568853378 0.273828715085983 0.260204195976257 0.243878334760666 0.225381627678871 0.22097809612751 0.226658746600151 0.243858829140663 0.250513821840286 0.250839471817017 0.252038210630417 0.266377091407776 0.26447781920433 0.270699948072433 0.27054551243782 0.257939010858536 0.271422654390335 0.302761018276215 0.301138162612915 0.292753010988235 0.28042471408844 0.271856844425201 0.278855472803116 0.300328493118286 0.29669377207756 0.284342229366302 0.276200383901596 0.267316371202469 0.273623496294022 0.272338777780533 0.292423993349075 0.291067212820053 0.299263596534729 0.299074918031693 0.313313573598862 0.312813609838486 0.336755275726318 0.354149550199509 0.380058199167252 0.405619770288467 0.421628296375275 0.450606465339661 0.481598645448685 0.501268148422241
0.286556780338287 0.242225095629692 0.240845873951912 0.263725847005844 0.307254076004028 0.313572525978088 0.319339990615845 0.298391878604889 0.28397536277771 0.264009237289429 0.24527370929718 0.244900807738304 0.270971238613129 0.27039235830307 0.278441101312637 0.282057285308838 0.29403355717659 0.30389004945755 0.300870060920715 0.293842852115631 0.310481518507004 0.331790596246719 0.338617295026779 0.339525312185287 0.317711770534515 0.308982312679291 0.284890294075012 0.27865269780159 0.299616456031799 0.291634321212769 0.283158808946609 0.297765642404556 0.297015875577927 0.302805155515671 0.308196485042572 0.307560533285141 0.307624876499176 0.322060495615005 0.321128487586975 0.330304831266403 0.354137778282166 0.354280889034271 0.399174064397812 0.419791847467422 0.466905146837234 0.486773550510406 0.517206072807312 0.548062324523926 0.598858714103699
0.357721567153931 0.274594485759735 0.2750343978405 0.307328581809998 0.377718210220337 0.419423490762711 0.377902746200562 0.329023689031601 0.308415770530701 0.303012192249298 0.291812658309937 0.301321685314178 0.299432694911957 0.302579522132874 0.311559855937958 0.326644599437714 0.349170029163361 0.325523674488068 0.365372121334076 0.345716416835785 0.354915410280228 0.469541251659393 0.471665441989899 0.428118109703064 0.375769287347794 0.332476288080215 0.32450658082962 0.3061463534832 0.298597246408463 0.313948333263397 0.305824369192123 0.304422289133072 0.304681032896042 0.33589044213295 0.35942679643631 0.358920037746429 0.357168823480606 0.368553400039673 0.374350190162659 0.373382717370987 0.412083089351654 0.411130636930466 0.439485549926758 0.468644589185715 0.506774187088013 0.56307315826416 0.595230638980865 0.626707017421722 0.646991491317749
0.415593296289444 0.365145683288574 0.331020414829254 0.401111721992493 0.592553973197937 0.593044877052307 0.516064286231995 0.38728603720665 0.351593345403671 0.320936143398285 0.309439420700073 0.313570976257324 0.322217643260956 0.316553175449371 0.333586484193802 0.354421198368073 0.377169907093048 0.383510917425156 0.365902453660965 0.406939774751663 0.418982565402985 0.495883136987686 0.569886326789856 0.515717029571533 0.459249168634415 0.374738425016403 0.349780738353729 0.341275960206985 0.34040904045105 0.349083304405212 0.339993119239807 0.337634205818176 0.380145907402039 0.389638513326645 0.406729608774185 0.432441651821136 0.441776156425476 0.413475632667542 0.423597186803818 0.421254247426987 0.432423293590546 0.452282220125198 0.481227785348892 0.523377656936646 0.586320638656616 0.661674082279205 0.685428559780121 0.719139039516449 0.703932464122772
0.554949641227722 0.448361188173294 0.386778384447098 0.497601181268692 0.713827788829803 0.711784482002258 0.670918405056 0.527607202529907 0.439231634140015 0.376704961061478 0.359681069850922 0.342378050088882 0.3511723279953 0.360178261995316 0.352280825376511 0.379418015480042 0.395714312791824 0.419213175773621 0.409999489784241 0.526362299919128 0.546371459960938 0.545909523963928 0.592457056045532 0.568947672843933 0.519379794597626 0.431425213813782 0.403418093919754 0.374810516834259 0.392313629388809 0.374293446540833 0.383216381072998 0.440186768770218 0.450358688831329 0.490489453077316 0.364332884550095 0.538239717483521 0.525450944900513 0.464376121759415 0.462993264198303 0.473249614238739 0.50625741481781 0.504383683204651 0.556859731674194 0.612937450408936 0.678247094154358 0.69165962934494 0.714626729488373 0.710590541362762 0.729148387908936
0.625748932361603 0.566492974758148 0.47236767411232 0.632145583629608 0.749280869960785 0.736134171485901 0.711293339729309 0.581826031208038 0.467375785112381 0.410140812397003 0.396284610033035 0.380703747272491 0.380778938531876 0.387802302837372 0.401048362255096 0.427219331264496 0.442137837409973 0.500358760356903 0.527820229530334 0.503176391124725 0.557850658893585 0.57599937915802 0.662028729915619 0.656601667404175 0.529669642448425 0.521264791488647 0.452598839998245 0.430822879076004 0.440991222858429 0.428376376628876 0.488527566194534 0.584567844867706 0.554551422595978 0.553963899612427 0.461244940757751 0.660350739955902 0.616187334060669 0.516866087913513 0.540480375289917 0.537121117115021 0.583185434341431 0.604756951332092 0.635621011257172 0.691059112548828 0.714935898780823 0.726478338241577 0.731894969940186 0.720332086086273 0.732661187648773
0.654169678688049 0.559253394603729 0.521984875202179 0.60506546497345 0.742562472820282 0.746066987514496 0.714412033557892 0.568753838539124 0.494364023208618 0.448585957288742 0.43188464641571 0.434134513139725 0.408162921667099 0.416240006685257 0.464174091815948 0.482741624116898 0.500083923339844 0.669318020343781 0.709080696105957 0.583114266395569 0.540797472000122 0.571745097637177 0.738951086997986 0.726966500282288 0.616745233535767 0.523371338844299 0.479919970035553 0.478618711233139 0.511521697044373 0.563364803791046 0.662812769412994 0.668257176876068 0.648394107818604 0.658357441425323 0.67853045463562 0.742546617984772 0.655501306056976 0.632826149463654 0.662672162055969 0.682102143764496 0.683192610740662 0.692591845989227 0.705766618251801 0.716677784919739 0.727069139480591 0.7309450507164 0.733231544494629 0.742624878883362 0.71351569890976
0.649171471595764 0.592291116714478 0.571157693862915 0.600650310516357 0.645486950874329 0.661283075809479 0.631053864955902 0.576604306697845 0.575123429298401 0.533788442611694 0.506473422050476 0.484720647335052 0.487735271453857 0.508339166641235 0.555049777030945 0.604828059673309 0.652822911739349 0.746078133583069 0.7372105717659 0.714546382427216 0.613699197769165 0.673612713813782 0.757046759128571 0.677007436752319 0.556609809398651 0.534391939640045 0.534164786338806 0.589194297790527 0.631749927997589 0.709743142127991 0.754991769790649 0.749919831752777 0.766481578350067 0.745624899864197 0.756954312324524 0.760560810565948 0.733450889587402 0.712605714797974 0.72375625371933 0.696763575077057 0.697567522525787 0.707456648349762 0.721691846847534 0.716168582439423 0.725657939910889 0.727980554103851 0.728761970996857 0.750335812568665 0.730609118938446
0.765079140663147 0.707704186439514 0.670392334461212 0.663200736045837 0.695764899253845 0.719086110591888 0.705834865570068 0.682416498661041 0.678745925426483 0.630647003650665 0.606050193309784 0.576106250286102 0.60778021812439 0.664437770843506 0.742795884609222 0.781108140945435 0.766929686069489 0.797132790088654 0.800818383693695 0.76637327671051 0.703655362129211 0.674790024757385 0.776041924953461 0.711522400379181 0.677928447723389 0.630765438079834 0.600085616111755 0.701099991798401 0.768823623657227 0.786576628684998 0.792884051799774 0.786164999008179 0.792151212692261 0.790670335292816 0.801089823246002 0.79533439874649 0.785972774028778 0.750545501708984 0.759958744049072 0.728670656681061 0.716728329658508 0.702990114688873 0.719835996627808 0.719792604446411 0.731464922428131 0.725470721721649 0.747459053993225 0.717142105102539 0.685312807559967
0.786099672317505 0.784784197807312 0.777237057685852 0.778007805347443 0.790150284767151 0.791171133518219 0.789636850357056 0.808558523654938 0.791276156902313 0.753407299518585 0.723877966403961 0.727600395679474 0.752551555633545 0.784850895404816 0.789845049381256 0.800547778606415 0.800652325153351 0.795393645763397 0.797229290008545 0.801423311233521 0.740694880485535 0.693115293979645 0.742491126060486 0.737436771392822 0.678385496139526 0.654065251350403 0.694490015506744 0.783870875835419 0.800598800182343 0.796743273735046 0.794749021530151 0.796935260295868 0.805358648300171 0.808492839336395 0.807496845722198 0.804603397846222 0.795430779457092 0.779284536838531 0.766591310501099 0.738142669200897 0.72421669960022 0.73527979850769 0.749879360198975 0.747766554355621 0.741476535797119 0.753256320953369 0.748036682605743 0.699420273303986 0.678502976894379
0.79453456401825 0.802248597145081 0.805422604084015 0.805842876434326 0.80115157365799 0.802045464515686 0.814890384674072 0.817255854606628 0.824207186698914 0.805772602558136 0.79535973072052 0.793073177337646 0.790529012680054 0.793909907341003 0.801455080509186 0.805505156517029 0.810474336147308 0.808136701583862 0.801021993160248 0.811440408229828 0.775092601776123 0.767634332180023 0.74321848154068 0.705459594726562 0.71943598985672 0.691129624843597 0.761742055416107 0.794810116291046 0.795067965984344 0.786078035831451 0.782083511352539 0.79694014787674 0.803730487823486 0.810497045516968 0.810685336589813 0.806365013122559 0.800334751605988 0.792389929294586 0.787323415279388 0.78435480594635 0.761594355106354 0.780724942684174 0.762740015983582 0.749125361442566 0.744665443897247 0.728902101516724 0.737715303897858 0.723631680011749 0.717249751091003
0.796612143516541 0.79488480091095 0.800056517124176 0.805553734302521 0.81740939617157 0.817472815513611 0.823239088058472 0.823987007141113 0.784040749073029 0.810953855514526 0.804972231388092 0.809186279773712 0.798254728317261 0.803873836994171 0.804916799068451 0.812807381153107 0.810099124908447 0.792843282222748 0.8035808801651 0.805380642414093 0.786408066749573 0.779504716396332 0.777344167232513 0.769901514053345 0.761644780635834 0.765377879142761 0.774679720401764 0.783737003803253 0.792418360710144 0.785276830196381 0.795180141925812 0.796073496341705 0.810677230358124 0.815051198005676 0.815616965293884 0.803961634635925 0.795011699199677 0.796537935733795 0.802248895168304 0.797149538993835 0.788240790367126 0.788962066173553 0.773937821388245 0.748947203159332 0.742681741714478 0.717552363872528 0.760261476039886 0.733693718910217 0.728002548217773
0.796482801437378 0.796142995357513 0.800195515155792 0.80512410402298 0.805691719055176 0.81431120634079 0.80285781621933 0.803018271923065 0.774332642555237 0.813870847225189 0.811010956764221 0.805396378040314 0.817431271076202 0.809764921665192 0.811741709709167 0.813847959041595 0.815272986888885 0.804455399513245 0.789725124835968 0.787228643894196 0.787730932235718 0.789125263690948 0.797286927700043 0.78575474023819 0.772656857967377 0.773143231868744 0.770004987716675 0.771947264671326 0.789821624755859 0.799125909805298 0.801340878009796 0.810795783996582 0.813217163085938 0.817240238189697 0.808378934860229 0.805314898490906 0.802596688270569 0.805294692516327 0.809274256229401 0.802526712417603 0.79412305355072 0.778465390205383 0.78427654504776 0.775960087776184 0.758279323577881 0.760657072067261 0.771138966083527 0.74706894159317 0.699502050876617
0.791210472583771 0.799112975597382 0.798044323921204 0.800683975219727 0.801360607147217 0.808091640472412 0.800163447856903 0.80982893705368 0.79230409860611 0.79034024477005 0.816087603569031 0.807705283164978 0.816050291061401 0.820204079151154 0.811195254325867 0.811971485614777 0.812860250473022 0.795041918754578 0.804124712944031 0.809996426105499 0.804274320602417 0.79919821023941 0.803571283817291 0.794680237770081 0.799061059951782 0.77493953704834 0.766308307647705 0.777463912963867 0.794153034687042 0.802265644073486 0.814699411392212 0.818088114261627 0.820473313331604 0.818051695823669 0.802495062351227 0.811910510063171 0.809687077999115 0.819828689098358 0.816868603229523 0.815432012081146 0.803295314311981 0.799670875072479 0.806078851222992 0.792081415653229 0.793044447898865 0.762315630912781 0.772494316101074 0.768597185611725 0.738828301429749
0.772199988365173 0.783738493919373 0.792413949966431 0.789809942245483 0.79292106628418 0.806661784648895 0.773693978786469 0.795523941516876 0.806586861610413 0.769582152366638 0.787305116653442 0.806508183479309 0.80843585729599 0.810778021812439 0.809709429740906 0.800969004631042 0.793834269046783 0.770495116710663 0.779288589954376 0.798042237758636 0.798000633716583 0.800610899925232 0.795395731925964 0.808784246444702 0.806141793727875 0.80628514289856 0.798931062221527 0.798047363758087 0.793529212474823 0.795271933078766 0.8040531873703 0.819761097431183 0.826592624187469 0.821900248527527 0.827778875827789 0.829746782779694 0.829184293746948 0.835756659507751 0.836195111274719 0.827845692634583 0.813239514827728 0.807224988937378 0.806747794151306 0.797249615192413 0.801795542240143 0.763952612876892 0.726260423660278 0.763715088367462 0.748478531837463
0.771684527397156 0.775333404541016 0.775625705718994 0.777921438217163 0.783533930778503 0.779652893543243 0.772437274456024 0.804328262805939 0.802598416805267 0.779175996780396 0.799641489982605 0.796070039272308 0.799877882003784 0.796802937984467 0.797294020652771 0.801797807216644 0.800369322299957 0.800911664962769 0.806067526340485 0.814649283885956 0.809379696846008 0.800980567932129 0.757418036460876 0.781466841697693 0.815858542919159 0.815717279911041 0.805114924907684 0.794787108898163 0.785040438175201 0.782667398452759 0.780782759189606 0.813249349594116 0.834935247898102 0.83331960439682 0.815701603889465 0.844732582569122 0.849977791309357 0.846184432506561 0.847900569438934 0.845858573913574 0.807152688503265 0.762434065341949 0.806276619434357 0.816163241863251 0.81482595205307 0.782087385654449 0.693921327590942 0.759353041648865 0.630989491939545
0.767822206020355 0.769811928272247 0.775166988372803 0.768059551715851 0.778599321842194 0.77533882856369 0.78382134437561 0.791907250881195 0.795243144035339 0.791892290115356 0.792942225933075 0.785393238067627 0.788301050662994 0.78022974729538 0.796908557415009 0.795550465583801 0.795129835605621 0.804960668087006 0.817716300487518 0.826220810413361 0.820979118347168 0.811225891113281 0.79794043302536 0.806975662708282 0.822309613227844 0.824791431427002 0.819145143032074 0.809622228145599 0.80967915058136 0.77522999048233 0.806429743766785 0.832903027534485 0.836674451828003 0.856115937232971 0.849613010883331 0.842297554016113 0.848278284072876 0.835814893245697 0.850281059741974 0.856140613555908 0.857497215270996 0.808465898036957 0.793276906013489 0.826002955436707 0.790871262550354 0.711371004581451 0.704395353794098 0.767273187637329 0.575188457965851
0.772010743618011 0.759064674377441 0.760669112205505 0.758443772792816 0.767955899238586 0.772052526473999 0.783599317073822 0.786696076393127 0.806374251842499 0.796505689620972 0.791857182979584 0.787998795509338 0.770665407180786 0.790681004524231 0.790524542331696 0.790035843849182 0.797999739646912 0.805234670639038 0.824201643466949 0.818958520889282 0.823361873626709 0.81946736574173 0.809837818145752 0.819843769073486 0.83672171831131 0.829275369644165 0.828801810741425 0.827338695526123 0.830876350402832 0.833732545375824 0.846009314060211 0.846900701522827 0.841362357139587 0.851676225662231 0.849694788455963 0.826665818691254 0.818611562252045 0.82676750421524 0.845190465450287 0.85619580745697 0.850458443164825 0.870972394943237 0.857650518417358 0.828438937664032 0.802637279033661 0.645856261253357 0.721646189689636 0.728457808494568 0.577527940273285
0.774867594242096 0.76348489522934 0.750433623790741 0.74072676897049 0.744719445705414 0.760014712810516 0.784785568714142 0.791954040527344 0.803730547428131 0.801859974861145 0.801760077476501 0.792364180088043 0.783047318458557 0.782596945762634 0.792583167552948 0.792416274547577 0.791517555713654 0.807561218738556 0.819590151309967 0.820089876651764 0.826352298259735 0.817273378372192 0.821528315544128 0.831174433231354 0.833143472671509 0.843914151191711 0.839194655418396 0.842369496822357 0.839336335659027 0.827581286430359 0.839721262454987 0.835420966148376 0.405036419630051 0.459821462631226 0.745197415351868 0.786326706409454 0.779103755950928 0.808653116226196 0.846007406711578 0.855557560920715 0.861075282096863 0.868426442146301 0.877617359161377 0.878691554069519 0.862729370594025 0.808473825454712 0.724264740943909 0.618833720684052 0.542537748813629
0.780393660068512 0.771509826183319 0.756351709365845 0.734029293060303 0.742157399654388 0.765996813774109 0.786151111125946 0.798219621181488 0.799622893333435 0.805997133255005 0.800488471984863 0.795890688896179 0.785802066326141 0.775826394557953 0.783461451530457 0.785207211971283 0.792944133281708 0.803293764591217 0.810836851596832 0.813210785388947 0.8098503947258 0.819728493690491 0.819836616516113 0.831893682479858 0.83579558134079 0.840801417827606 0.843568205833435 0.83825820684433 0.838911712169647 0.841851413249969 0.828400731086731 0.722483575344086 0.309804081916809 0.320846170186996 0.362296462059021 0.671153843402863 0.727042019367218 0.807143807411194 0.842875719070435 0.865897715091705 0.871935844421387 0.875588417053223 0.874249517917633 0.876281559467316 0.869719266891479 0.819608747959137 0.643175780773163 0.622455775737762 0.742091953754425
