data/climate_estimation/maxent_output/Burchardia_rosea.asc
NCOLS 23 
NROWS 58 
XLLCORNER 114.083333333333 
YLLCORNER -32.1666666666667 
CELLSIZE 0.0833333333333335 
NODATA_value -3.4e+38 
0.919519007205963 0.887975752353668 0.838951885700226 0.765164494514465 0.66423624753952 0.489658713340759 0.420774072408676 0.360242277383804 0.158201828598976 0.142561614513397 0.114731676876545 0.0370492003858089 0.0569513291120529 0.0463879145681858 0.0217462051659822 0.0134329283609986 0.0111559927463531 0.00771362101659179 0.0124947112053633 0.00948196090757847 0.00760932127013803 0.00548506947234273 0.00390541809611022
0.945700228214264 0.922217547893524 0.873315989971161 0.812666356563568 0.730703115463257 0.797597706317902 0.718917906284332 0.562839567661285 0.467284917831421 0.150459155440331 0.122834146022797 0.0919075384736061 0.0655136555433273 0.0460794344544411 0.0386076495051384 0.025965478271246 0.021601602435112 0.0172667782753706 0.0132942385971546 0.0105404667556286 0.00736098829656839 0.00666350219398737 0.00490403920412064
0.954287588596344 0.934948563575745 0.918490290641785 0.977111279964447 0.953202784061432 0.874143362045288 0.832803249359131 0.65156090259552 0.574569165706635 0.478720813989639 0.14553639292717 0.108732439577579 0.08627550303936 0.0526918321847916 0.040310051292181 0.0316513925790787 0.0278344862163067 0.0181990433484316 0.0157657973468304 0.00923637766391039 0.00896486733108759 0.00540468236431479 0.00432647671550512
0.958695471286774 0.959985315799713 0.995923459529877 0.99180018901825 0.96921169757843 0.927169144153595 0.843152225017548 0.740974724292755 0.636451900005341 0.518234670162201 0.400506645441055 0.114023961126804 0.0916818380355835 0.0689752027392387 0.0433447882533073 0.0315072983503342 0.0263194460421801 0.0190517120063305 0.0126979472115636 0.0105406818911433 0.0098736360669136 0.00669450778514147 0.00516632618382573
0.953599333763123 0.951776504516602 0.992469966411591 0.984138309955597 0.981291770935059 0.950527489185333 0.904404520988464 0.827364921569824 0.708085417747498 0.599544882774353 0.491823762655258 0.132579877972603 0.0824301242828369 0.0674724727869034 0.0489831157028675 0.030619066208601 0.0244058519601822 0.0191061552613974 0.0154694532975554 0.00994139816612005 0.0085764043033123 0.00928099639713764 0.00489032547920942
0.988145172595978 0.992200791835785 0.991352379322052 0.975278258323669 0.975578486919403 0.958186507225037 0.923095762729645 0.863596558570862 0.784367203712463 0.6367227435112 0.503583252429962 0.383944123983383 0.100768193602562 0.0719658508896828 0.0519634559750557 0.0410770028829575 0.0319535434246063 0.0194766893982887 0.0162336640059948 0.0120766088366508 0.00839090254157782 0.00830954313278198 0.00514849601313472
0.980177044868469 0.97920423746109 0.986148297786713 0.97073757648468 0.941806972026825 0.964100360870361 0.953719854354858 0.914849936962128 0.819676280021667 0.748025596141815 0.585172891616821 0.453365653753281 0.106345705688 0.084541991353035 0.0603403635323048 0.0441133044660091 0.0288156550377607 0.0220865365117788 0.0148509107530117 0.0122303562238812 0.00965510867536068 0.00643371837213635 0.00643678987398744
0.97980797290802 0.974820077419281 0.971159219741821 0.945251643657684 0.947566866874695 0.937143087387085 0.944512546062469 0.911109983921051 0.835974991321564 0.794769823551178 0.637296438217163 0.494864612817764 0.129116624593735 0.0959030389785767 0.0535427108407021 0.0440627969801426 0.0292162243276834 0.0220179948955774 0.0183102302253246 0.0128413354977965 0.00865147914737463 0.00789384823292494 0.00563591159880161
0.976898729801178 0.97049605846405 0.958900451660156 0.955113351345062 0.950139284133911 0.937654137611389 0.932653665542603 0.924501121044159 0.880183398723602 0.771471679210663 0.727114200592041 0.538998305797577 0.389537036418915 0.0874084234237671 0.0720545426011086 0.0459070131182671 0.0286911781877279 0.0212417263537645 0.0163785740733147 0.0116269253194332 0.0108720595017076 0.00762228155508637 0.00488281203433871
0.996978759765625 0.997318744659424 0.952193260192871 0.963318049907684 0.956630110740662 0.953856647014618 0.928752303123474 0.903535127639771 0.869400858879089 0.829760074615479 0.727818191051483 0.590857863426208 0.467505753040314 0.303965359926224 0.0822795480489731 0.0507114082574844 0.0338056981563568 0.025430504232645 0.020581878721714 0.0158131010830402 0.00965476594865322 0.00691771693527699 0.00527827069163322
-3.4e+38 0.99627548456192 0.970007240772247 0.975997507572174 0.958059132099152 0.938328742980957 0.863625347614288 0.87768965959549 0.861291944980621 0.866976380348206 0.757585227489471 0.679859697818756 0.480017960071564 0.303250253200531 0.0792709589004517 0.0557629205286503 0.0346007570624352 0.0244695972651243 0.017113858833909 0.0118782175704837 0.0102694574743509 0.00726374005898833 0.00510546378791332
-3.4e+38 -3.4e+38 0.970826864242554 0.96467787027359 0.959907412528992 0.967757046222687 0.940931141376495 0.865637719631195 0.817215919494629 0.853826463222504 0.810740649700165 0.666630685329437 0.565119981765747 0.438852816820145 0.080858550965786 0.0560303404927254 0.0392461381852627 0.0231575593352318 0.014806087128818 0.0114295911043882 0.00966805405914783 0.00804557744413614 0.00550741190090775
-3.4e+38 -3.4e+38 -3.4e+38 0.963205635547638 0.965816497802734 0.981885552406311 0.948645293712616 0.909172177314758 0.865725457668304 0.843765258789062 0.825476050376892 0.695989191532135 0.588713824748993 0.439116060733795 0.262998878955841 0.0600674711167812 0.0389888361096382 0.0255027413368225 0.0176643580198288 0.0101950168609619 0.00828232895582914 0.00729984603822231 0.00599074643105268
-3.4e+38 -3.4e+38 -3.4e+38 -3.4e+38 0.959085404872894 0.952137291431427 0.947319149971008 0.883929014205933 0.910263061523438 0.844886243343353 0.794668853282928 0.777121424674988 0.636962354183197 0.469162553548813 0.341895014047623 0.0651392117142677 0.0368503145873547 0.0234566330909729 0.0146086914464831 0.0105763990432024 0.00878839381039143 0.00764882005751133 0.00539787160232663
-3.4e+38 -3.4e+38 -3.4e+38 -3.4e+38 -3.4e+38 0.961531102657318 0.945547640323639 0.913902282714844 0.905404806137085 0.858058094978333 0.799981713294983 0.774479269981384 0.719819843769073 0.534357666969299 0.365274518728256 0.213683858513832 0.03925571590662 0.0232047289609909 0.0159915741533041 0.0127760535106063 0.00672593852505088 0.00577154057100415 0.00477748224511743
-339999999999999996123846586046231871488.000000000000000 -3.4e+38 -3.4e+38 -3.4e+38 -3.4e+38 0.958235502243042 0.932960331439972 0.924313604831696 0.921559512615204 0.889137208461761 0.774152219295502 0.79842734336853 0.703086256980896 0.597398996353149 0.389872252941132 0.27082034945488 0.140021055936813 0.026739651337266 0.016703924164176 0.0117131602019072 0.00694112945348024 0.00593920703977346 0.00464422348886728
-3.4e+38 -3.4e+38 -3.4e+38 -3.4e+38 -3.4e+38 -3.4e+38 0.93932980298996 0.928800940513611 0.908826410770416 0.813333809375763 0.753346741199493 0.848009645938873 0.743017613887787 0.589400887489319 0.447489380836487 0.300054937601089 0.180241614580154 0.105405710637569 0.0683163553476334 0.0442367568612099 0.0281305406242609 0.0188446026295424 0.00470565212890506
-3.4e+38 -3.4e+38 -3.4e+38 -3.4e+38 -3.4e+38 0.988758683204651 0.992611825466156 0.996016025543213 0.921800017356873 0.898879587650299 0.78652948141098 0.825209856033325 0.753705322742462 0.611312687397003 0.47005820274353 0.366413921117783 0.225172758102417 0.139594048261642 0.0830024629831314 0.0579288229346275 0.0349179729819298 0.0218459088355303 0.00633514439687133
-3.4e+38 -3.4e+38 -3.4e+38 -3.4e+38 -3.4e+38 -3.4e+38 0.991088271141052 0.995229840278625 0.997363567352295 0.987200379371643 0.89600944519043 0.786688685417175 0.722438335418701 0.702587604522705 0.553916156291962 0.363736897706985 0.262330204248428 0.159118995070457 0.106458932161331 0.0842560082674026 0.0513455979526043 0.0321762040257454 0.0234762206673622
-3.4e+38 -3.4e+38 -3.4e+38 -3.4e+38 -3.4e+38 -3.4e+38 -3.4e+38 0.994285762310028 0.996821343898773 0.993761658668518 0.926057040691376 0.724690318107605 0.742327451705933 0.682983696460724 0.562443614006042 0.48065721988678 0.312251299619675 0.250704884529114 0.144186809659004 0.0840866342186928 0.0596705041825771 0.0446753948926926 0.0280013848096132
-3.4e+38 -3.4e+38 -3.4e+38 -3.4e+38 -3.4e+38 -3.4e+38 -3.4e+38 -3.4e+38 0.996986269950867 0.99454927444458 0.984167277812958 0.864519596099854 0.792497634887695 0.697162687778473 0.665830254554749 0.501578569412231 0.38303878903389 0.248916462063789 0.172108665108681 0.115256011486053 0.081593930721283 0.0487774200737476 0.0346829183399677
-3.4e+38 -3.4e+38 -3.4e+38 -3.4e+38 -3.4e+38 -3.4e+38 -3.4e+38 -3.4e+38 -3.4e+38 0.993335604667664 0.989816844463348 0.973460137844086 0.790890872478485 0.790956437587738 0.676851511001587 0.542105197906494 0.347314953804016 0.249163568019867 0.197379633784294 0.137927427887917 0.0767215192317963 0.0473005510866642 0.0305272247642279
-3.4e+38 -3.4e+38 -3.4e+38 -3.4e+38 -3.4e+38 -3.4e+38 -3.4e+38 -3.4e+38 -3.4e+38 0.992869138717651 0.988437831401825 0.982002317905426 0.871931433677673 0.809466302394867 0.707767009735107 0.530972301959991 0.401363521814346 0.277173638343811 0.217985302209854 0.140095978975296 0.0872882902622223 0.0552214048802853 0.0396894551813602
-3.4e+38 -3.4e+38 -3.4e+38 -3.4e+38 -3.4e+38 -3.4e+38 -3.4e+38 -3.4e+38 -3.4e+38 0.991397619247437 0.987275421619415 0.97311407327652 0.872288227081299 0.838128566741943 0.689635813236237 0.524079084396362 0.37772211432457 0.267845839262009 0.208692014217377 0.130480825901031 0.0798014104366302 0.0692834556102753 0.0535566508769989
-3.4e+38 -3.4e+38 -3.4e+38 -3.4e+38 -3.4e+38 -3.4e+38 -3.4e+38 -3.4e+38 -3.4e+38 -3.4e+38 0.982196033000946 0.970077335834503 0.953233599662781 0.731676876544952 0.598863124847412 0.514298319816589 0.429850429296494 0.31939685344696 0.222294136881828 0.152835831046104 0.123188495635986 0.0797066688537598 0.052870336920023
-3.4e+38 -3.4e+38 -3.4e+38 -3.4e+38 -3.4e+38 -3.4e+38 -3.4e+38 -3.4e+38 -3.4e+38 -3.4e+38 0.977242231369019 0.963671386241913 0.919656872749329 0.72296416759491 0.601153969764709 0.504595160484314 0.456704765558243 0.354465752840042 0.22692559659481 0.159578308463097 0.123065702617168 0.0760027542710304 0.0559084266424179
-3.4e+38 -3.4e+38 -3.4e+38 -3.4e+38 -3.4e+38 -3.4e+38 -3.4e+38 -3.4e+38 -3.4e+38 -3.4e+38 0.982762098312378 0.96422004699707 0.933876395225525 0.755513489246368 0.59784346818924 0.502229273319244 0.445351004600525 0.363272339105606 0.255644947290421 0.191013768315315 0.134743899106979 0.0912593528628349 0.0642210841178894
-3.4e+38 -3.4e+38 -3.4e+38 -3.4e+38 -3.4e+38 -3.4e+38 -3.4e+38 -3.4e+38 -3.4e+38 -3.4e+38 0.985127687454224 0.972938477993011 0.925421893596649 0.852036774158478 0.571065068244934 0.484807312488556 0.413117319345474 0.377296894788742 0.302117943763733 0.211830511689186 0.150279268622398 0.101838394999504 0.0783353969454765
-3.4e+38 -3.4e+38 -3.4e+38 -3.4e+38 -3.4e+38 -3.4e+38 -3.4e+38 -3.4e+38 -3.4e+38 -3.4e+38 0.986412107944489 0.973965346813202 0.942074418067932 0.847514688968658 0.736182332038879 0.464942991733551 0.379267573356628 0.360184907913208 0.299211382865906 0.273531377315521 0.182318672537804 0.132210746407509 0.0964701473712921
-3.4e+38 -3.4e+38 -3.4e+38 -3.4e+38 -3.4e+38 -3.4e+38 -3.4e+38 -3.4e+38 -3.4e+38 -3.4e+38 0.992428421974182 0.978399515151978 0.954341948032379 0.863077580928802 0.735617756843567 0.524513423442841 0.438487976789474 0.336690872907639 0.316978752613068 0.29620423913002 0.254452764987946 0.168223530054092 0.133969366550446
-339999999999999996123846586046231871488.000000000000000 -3.4e+38 -3.4e+38 -3.4e+38 -3.4e+38 -3.4e+38 -3.4e+38 -3.4e+38 -3.4e+38 -3.4e+38 0.985642313957214 0.987564027309418 0.969050705432892 0.898453891277313 0.760835230350494 0.546276450157166 0.462333887815475 0.377288609743118 0.353136211633682 0.292952626943588 0.257168591022491 0.20791620016098 0.154488369822502
-3.4e+38 -3.4e+38 -3.4e+38 -3.4e+38 -3.4e+38 -3.4e+38 -3.4e+38 -3.4e+38 -3.4e+38 -3.4e+38 0.980698823928833 0.987317562103271 0.9820476770401 0.942971467971802 0.821016550064087 0.565379500389099 0.44727036356926 0.41922253370285 0.335580289363861 0.312859803438187 0.310585230588913 0.242140486836433 0.182937651872635
-3.4e+38 -3.4e+38 -3.4e+38 -3.4e+38 -3.4e+38 -3.4e+38 -3.4e+38 -3.4e+38 -3.4e+38 -3.4e+38 0.966582417488098 0.973718583583832 0.840865850448608 0.947560667991638 0.875785768032074 0.547865509986877 0.474501222372055 0.378715336322784 0.332297384738922 0.350953906774521 0.347364485263824 0.309804767370224 0.230410739779472
-3.4e+38 -3.4e+38 -3.4e+38 -3.4e+38 -3.4e+38 -3.4e+38 -3.4e+38 -3.4e+38 -3.4e+38 -3.4e+38 0.761043846607208 0.764211714267731 0.68055784702301 0.659414052963257 0.648982286453247 0.551531136035919 0.472238183021545 0.352029830217361 0.303300052881241 0.353385984897614 0.321750432252884 0.355771601200104 0.261086642742157
-3.4e+38 -3.4e+38 -3.4e+38 -3.4e+38 -3.4e+38 -3.4e+38 -3.4e+38 -3.4e+38 -3.4e+38 -3.4e+38 0.630004465579987 0.654859006404877 0.634645402431488 0.671917200088501 0.724743008613586 0.634103357791901 0.483825504779816 0.413104593753815 0.333656758069992 0.322250068187714 0.3384770154953 0.33915501832962 0.278405785560608
-3.4e+38 -3.4e+38 -3.4e+38 -3.4e+38 -3.4e+38 -3.4e+38 -3.4e+38 -3.4e+38 -3.4e+38 -3.4e+38 -3.4e+38 0.583346664905548 0.585280239582062 0.699926197528839 0.753450274467468 0.679041087627411 0.587553560733795 0.497196406126022 0.31731191277504 0.263202637434006 0.323008000850677 0.347915381193161 0.262986451387405
-3.4e+38 -3.4e+38 -3.4e+38 -3.4e+38 -3.4e+38 -3.4e+38 -3.4e+38 -3.4e+38 -3.4e+38 -3.4e+38 -3.4e+38 0.53892707824707 0.526382982730865 0.586346089839935 0.601016283035278 0.888696670532227 0.858970761299133 0.749308109283447 0.279639363288879 0.309182554483414 0.329508721828461 0.346868932247162 0.336932480335236
-3.4e+38 -3.4e+38 -3.4e+38 -3.4e+38 -3.4e+38 -3.4e+38 -3.4e+38 -3.4e+38 -3.4e+38 -3.4e+38 -3.4e+38 0.499861538410187 0.529120445251465 0.592844724655151 0.935015738010406 0.916681170463562 0.851731061935425 0.811651766300201 0.345614105463028 0.331419050693512 0.423780024051666 0.376298576593399 0.31350240111351
-3.4e+38 -3.4e+38 -3.4e+38 -3.4e+38 -3.4e+38 -3.4e+38 -3.4e+38 -3.4e+38 -3.4e+38 -3.4e+38 -3.4e+38 0.799875378608704 0.792508602142334 0.894684553146362 0.926565527915955 0.941064238548279 0.932547211647034 0.887780249118805 0.750401496887207 0.352858006954193 0.321377515792847 0.352203190326691 0.37271437048912
-3.4e+38 -3.4e+38 -3.4e+38 -3.4e+38 -3.4e+38 -3.4e+38 -3.4e+38 -3.4e+38 -3.4e+38 -3.4e+38 -3.4e+38 -3.4e+38 0.799497365951538 0.84796416759491 0.914604842662811 0.930616676807404 0.952415466308594 0.903111934661865 0.804680347442627 0.747160494327545 0.367518573999405 0.346283853054047 0.423919647932053
-3.4e+38 -3.4e+38 -3.4e+38 -3.4e+38 -3.4e+38 -3.4e+38 -3.4e+38 -3.4e+38 -3.4e+38 -3.4e+38 -3.4e+38 -3.4e+38 0.778970062732697 0.809031307697296 0.867043912410736 0.925146341323853 0.964553952217102 0.963204860687256 0.910135447978973 0.822503745555878 0.705600023269653 0.347350895404816 0.368071407079697
-3.4e+38 -3.4e+38 -3.4e+38 -3.4e+38 -3.4e+38 -3.4e+38 -3.4e+38 -3.4e+38 -3.4e+38 -3.4e+38 -3.4e+38 -3.4e+38 -3.4e+38 0.76807028055191 0.829610049724579 0.919899106025696 0.951216101646423 0.978400886058807 0.922071158885956 0.895497977733612 0.788198888301849 0.737943828105927 0.625611007213593
-3.4e+38 -3.4e+38 -3.4e+38 -3.4e+38 -3.4e+38 -3.4e+38 -3.4e+38 -3.4e+38 -3.4e+38 -3.4e+38 -3.4e+38 -3.4e+38 -3.4e+38 0.79129558801651 0.780885577201843 0.849192976951599 0.941159069538116 0.982658505439758 0.980387926101685 0.909386038780212 0.846334874629974 0.747086346149445 0.688539922237396
-3.4e+38 -3.4e+38 -3.4e+38 -3.4e+38 -3.4e+38 -3.4e+38 -3.4e+38 -3.4e+38 -3.4e+38 -3.4e+38 -3.4e+38 -3.4e+38 -3.4e+38 -3.4e+38 0.775334179401398 0.783865332603455 0.878151655197144 0.945097148418427 0.970671117305756 0.973003566265106 0.882775723934174 0.852143943309784 0.726947069168091
-3.4e+38 -3.4e+38 -3.4e+38 -3.4e+38 -3.4e+38 -3.4e+38 -3.4e+38 -3.4e+38 -3.4e+38 -3.4e+38 -3.4e+38 -3.4e+38 -3.4e+38 -3.4e+38 0.760823488235474 0.745505273342133 0.809906721115112 0.9212965965271 0.957305312156677 0.984013736248016 0.900070786476135 0.813436388969421 0.708106219768524
-339999999999999996123846586046231871488.000000000000000 -3.4e+38 -3.4e+38 -3.4e+38 -3.4e+38 -3.4e+38 -3.4e+38 -3.4e+38 -3.4e+38 -3.4e+38 -3.4e+38 -3.4e+38 -3.4e+38 -3.4e+38 -3.4e+38 0.687202394008636 0.748316824436188 0.879010558128357 0.939850747585297 0.978127002716064 0.909606516361237 0.783926129341125 0.678939163684845
-3.4e+38 -3.4e+38 -3.4e+38 -3.4e+38 -3.4e+38 -3.4e+38 -3.4e+38 -3.4e+38 -3.4e+38 -3.4e+38 -3.4e+38 -3.4e+38 -3.4e+38 -3.4e+38 -3.4e+38 0.688924610614777 0.690704524517059 0.819364607334137 0.910579681396484 0.95560222864151 0.928296804428101 0.678006649017334 0.668481349945068
-3.4e+38 -3.4e+38 -3.4e+38 -3.4e+38 -3.4e+38 -3.4e+38 -3.4e+38 -3.4e+38 -3.4e+38 -3.4e+38 -3.4e+38 -3.4e+38 -3.4e+38 -3.4e+38 -3.4e+38 -3.4e+38 0.713287174701691 0.799622774124146 0.870596468448639 0.917898416519165 0.931914091110229 0.773073792457581 0.67531430721283
-3.4e+38 -3.4e+38 -3.4e+38 -3.4e+38 -3.4e+38 -3.4e+38 -3.4e+38 -3.4e+38 -3.4e+38 -3.4e+38 -3.4e+38 -3.4e+38 -3.4e+38 -3.4e+38 -3.4e+38 -3.4e+38 0.729285717010498 0.782315492630005 0.818755388259888 0.878694951534271 0.912778735160828 0.78899073600769 0.66440761089325
-3.4e+38 -3.4e+38 -3.4e+38 -3.4e+38 -3.4e+38 -3.4e+38 -3.4e+38 -3.4e+38 -3.4e+38 -3.4e+38 -3.4e+38 -3.4e+38 -3.4e+38 -3.4e+38 -3.4e+38 -3.4e+38 -3.4e+38 0.744856417179108 0.743205308914185 0.793847501277924 0.846525251865387 0.796868145465851 0.703276515007019
-3.4e+38 -3.4e+38 -3.4e+38 -3.4e+38 -3.4e+38 -3.4e+38 -3.4e+38 -3.4e+38 -3.4e+38 -3.4e+38 -3.4e+38 -3.4e+38 -3.4e+38 -3.4e+38 -3.4e+38 -3.4e+38 -3.4e+38 -3.4e+38 0.709086298942566 0.777907013893127 0.77447235584259 0.774848818778992 0.743215382099152
-3.4e+38 -3.4e+38 -3.4e+38 -3.4e+38 -3.4e+38 -3.4e+38 -3.4e+38 -3.4e+38 -3.4e+38 -3.4e+38 -3.4e+38 -3.4e+38 -3.4e+38 -3.4e+38 -3.4e+38 -3.4e+38 -3.4e+38 -3.4e+38 0.708039104938507 0.746647834777832 0.732141375541687 0.784929096698761 0.782144844532013
-3.4e+38 -3.4e+38 -3.4e+38 -3.4e+38 -3.4e+38 -3.4e+38 -3.4e+38 -3.4e+38 -3.4e+38 -3.4e+38 -3.4e+38 -3.4e+38 -3.4e+38 -3.4e+38 -3.4e+38 -3.4e+38 -3.4e+38 -3.4e+38 -3.4e+38 0.660563707351685 0.742706120014191 0.777044951915741 0.79427969455719
-3.4e+38 -3.4e+38 -3.4e+38 -3.4e+38 -3.4e+38 -3.4e+38 -3.4e+38 -3.4e+38 -3.4e+38 -3.4e+38 -3.4e+38 -3.4e+38 -3.4e+38 -3.4e+38 -3.4e+38 -3.4e+38 -3.4e+38 -3.4e+38 -3.4e+38 0.686616897583008 0.711018145084381 0.754762291908264 0.81654691696167
-3.4e+38 -3.4e+38 -3.4e+38 -3.4e+38 -3.4e+38 -3.4e+38 -3.4e+38 -3.4e+38 -3.4e+38 -3.4e+38 -3.4e+38 -3.4e+38 -3.4e+38 -3.4e+38 -3.4e+38 -3.4e+38 -3.4e+38 -3.4e+38 -3.4e+38 0.721873164176941 0.677309095859528 0.723946034908295 0.803235530853271
-3.4e+38 -3.4e+38 -3.4e+38 -3.4e+38 -3.4e+38 -3.4e+38 -3.4e+38 -3.4e+38 -3.4e+38 -3.4e+38 -3.4e+38 -3.4e+38 -3.4e+38 -3.4e+38 -3.4e+38 -3.4e+38 0.401631861925125 0.42010772228241 -3.4e+38 0.643305540084839 0.68018639087677 0.757143676280975 0.795669496059418
-3.4e+38 -3.4e+38 -3.4e+38 -3.4e+38 -3.4e+38 -3.4e+38 -3.4e+38 -3.4e+38 -3.4e+38 -3.4e+38 -3.4e+38 -3.4e+38 -3.4e+38 -3.4e+38 -3.4e+38 -3.4e+38 0.392038464546204 0.423861414194107 -3.4e+38 0.657269239425659 0.690793812274933 0.756900370121002 0.717909932136536
-3.4e+38 -3.4e+38 -3.4e+38 -3.4e+38 -3.4e+38 -3.4e+38 -3.4e+38 -3.4e+38 -3.4e+38 -3.4e+38 -3.4e+38 -3.4e+38 -3.4e+38 -3.4e+38 -3.4e+38 -3.4e+38 -3.4e+38 -3.4e+38 0.57953006029129 0.589711368083954 0.609165847301483 0.654304623603821 0.631868124008179
