data/climate_estimation/maxent_output/Calochortus_kennedyi.asc
NCOLS 115 
NROWS 85 
XLLCORNER -119.416666666667 
YLLCORNER 30.5 
CELLSIZE 0.0833333333333333 
NODATA_value -3.4e+38 
[rows 0 to 19 of 85, columns 46 to 91 of 115]
0.323147356510162 0.235547244548798 0.238820463418961 0.519788980484009 0.510209381580353 0.36337673664093 0.235640212893486 0.307455539703369 0.299378871917725 0.228292718529701 0.170336872339249 0.256162524223328 0.238347485661507 0.217408746480942 0.250958949327469 0.210648700594902 0.204972699284554 0.210463300347328 0.173579290509224 0.155582904815674 0.177279338240623 0.150500327348709 0.181181073188782 0.153497442603111 0.13036684691906 0.0886400416493416 0.0912312492728233 0.0907022431492805 0.122465550899506 0.060883954167366 0.0330291166901588 0.0376339331269264 0.036175474524498 0.0258732158690691 0.0289039500057697 0.0496539063751698 0.0701543763279915 0.0844416916370392 0.0389704965054989 0.0442168898880482 0.0782584100961685 0.161336779594421 0.233129441738129 0.185803562402725 0.13848514854908 0.13254027068615
0.54297137260437 0.419654160737991 0.291865557432175 0.384838968515396 0.625447869300842 0.350527614355087 0.208352148532867 0.321072161197662 0.302846670150757 0.283832728862762 0.213687285780907 0.276979029178619 0.255978524684906 0.208174213767052 0.231905594468117 0.2294100522995 0.225867718458176 0.23141810297966 0.256440252065659 0.200790002942085 0.162593990564346 0.201369360089302 0.167556896805763 0.174087002873421 0.124863781034946 0.0830687284469604 0.0590007044374943 0.184861674904823 0.138150110840797 0.0782771855592728 0.0464282259345055 0.0641492679715157 0.0631780400872231 0.0620113201439381 0.0444627664983273 0.0620119385421276 0.0919340997934341 0.0897630974650383 0.0497438013553619 0.048485528677702 0.103015370666981 0.163754090666771 0.224891155958176 0.217737197875977 0.211571991443634 0.187449261546135
0.55487459897995 0.588032901287079 0.248158007860184 0.251263856887817 0.609454214572906 0.505858242511749 0.405176281929016 0.38747701048851 0.376064985990524 0.286081820726395 0.224482715129852 0.331505328416824 0.338206827640533 0.270543545484543 0.316681802272797 0.21217106282711 0.249203324317932 0.318902969360352 0.310673415660858 0.317691147327423 0.253460168838501 0.258253008127213 0.381578475236893 0.228898376226425 0.110411763191223 0.0678219720721245 0.0955388024449348 0.234807327389717 0.183980360627174 0.121664091944695 0.0830993950366974 0.11056424677372 0.110505826771259 0.0951733067631721 0.0976167842745781 0.0926520898938179 0.114154405891895 0.115044362843037 0.093572273850441 0.109965674579144 0.164788529276848 0.160259932279587 0.219205766916275 0.211361959576607 0.198784410953522 0.212148815393448
0.545206129550934 0.665469110012054 0.412169843912125 0.304265290498734 0.476014256477356 0.629329442977905 0.563641607761383 0.401113301515579 0.343292146921158 0.316499680280685 0.294023960828781 0.368134796619415 0.361508756875992 0.382645308971405 0.37331485748291 0.285609751939774 0.321308553218842 0.355237752199173 0.413153767585754 0.352288573980331 0.407572597265244 0.403651654720306 0.397857218980789 0.302994132041931 0.172517135739326 0.180079028010368 0.298629373311996 0.336409270763397 0.240312039852142 0.233562707901001 0.147921368479729 0.11623302847147 0.116893775761127 0.0964521244168282 0.109229259192944 0.139387384057045 0.140350475907326 0.139292389154434 0.168170467019081 0.168777048587799 0.165482804179192 0.1867845505476 0.211051300168037 0.225855901837349 0.220841869711876 0.24892620742321
0.401724189519882 0.675816655158997 0.629936933517456 0.496214181184769 0.490762919187546 0.610240697860718 0.686868190765381 0.412534981966019 0.359545826911926 0.407910883426666 0.457843720912933 0.428780317306519 0.395236909389496 0.419396877288818 0.360830187797546 0.360646486282349 0.415096551179886 0.385218113660812 0.328775227069855 0.392409682273865 0.388975083827972 0.424144148826599 0.418760389089584 0.424060493707657 0.398435205221176 0.375411748886108 0.321924477815628 0.204511716961861 0.324630111455917 0.273182809352875 0.228084117174149 0.177885815501213 0.141793876886368 0.135805442929268 0.137424916028976 0.144140020012856 0.141698479652405 0.138279810547829 0.163697570562363 0.140180587768555 0.166778311133385 0.183383405208588 0.20391857624054 0.244965419173241 0.243502408266068 0.225252971053123
0.387920409440994 0.672129392623901 0.678434431552887 0.633381903171539 0.625632345676422 0.602999866008759 0.682552695274353 0.535688996315002 0.409148901700974 0.594973981380463 0.449537128210068 0.50318855047226 0.437518864870071 0.385695934295654 0.402050286531448 0.369107276201248 0.364239603281021 0.35939884185791 0.273003488779068 0.41681095957756 0.302154242992401 0.446995317935944 0.290521651506424 0.244305104017258 0.264755368232727 0.240538850426674 0.318944424390793 0.375941514968872 0.306511670351028 0.288485139608383 0.228115662932396 0.186038330197334 0.145139291882515 0.144064903259277 0.146152585744858 0.147119536995888 0.176139831542969 0.170416817069054 0.203780248761177 0.198461398482323 0.192406043410301 0.207785546779633 0.244892910122871 0.242108806967735 0.30710506439209 0.318736046552658
0.498378664255142 0.650007247924805 0.668855309486389 0.733588635921478 0.708519995212555 0.454055041074753 0.645955324172974 0.674063742160797 0.584397315979004 0.592689156532288 0.543277978897095 0.505914151668549 0.419205397367477 0.459575682878494 0.406397581100464 0.343605279922485 0.325202882289886 0.28102970123291 0.287638634443283 0.256472676992416 0.418850243091583 0.417969137430191 0.309416890144348 0.193859770894051 0.213788479566574 0.264792561531067 0.353012710809708 0.333160519599915 0.250340938568115 0.238467663526535 0.231093570590019 0.159742951393127 0.15406796336174 0.150842145085335 0.155607610940933 0.17707148194313 0.211412638425827 0.210292294621468 0.238553687930107 0.229827553033829 0.219303295016289 0.183316975831985 0.20012266933918 0.244168177247047 0.308827787637711 0.307573318481445
0.635115385055542 0.77259349822998 0.654487013816833 0.817969143390656 0.78778612613678 0.406346499919891 0.651301503181458 0.58197695016861 0.631712257862091 0.593547224998474 0.51546722650528 0.454562157392502 0.471551656723022 0.355578809976578 0.435257166624069 0.335214197635651 0.329430162906647 0.31071862578392 0.281808435916901 0.240984886884689 0.262467056512833 0.281834900379181 0.346533417701721 0.298141330480576 0.291054576635361 0.320926576852798 0.320622473955154 0.343133479356766 0.359022587537766 0.241836398839951 0.273396074771881 0.220879048109055 0.218532532453537 0.155510500073433 0.176994368433952 0.246501967310905 0.234360665082932 0.232152953743935 0.223938882350922 0.224019557237625 0.189520448446274 0.159882009029388 0.204987391829491 0.226634353399277 0.255196571350098 0.230608150362968
0.654497087001801 0.777079939842224 0.643413484096527 0.583087623119354 0.642104029655457 0.414494872093201 0.681143701076508 0.578989088535309 0.604142189025879 0.589132606983185 0.487423747777939 0.429867744445801 0.427741229534149 0.46874412894249 0.396544486284256 0.377493500709534 0.277768731117249 0.251340448856354 0.227976366877556 0.189019650220871 0.336773097515106 0.420765966176987 0.438618838787079 0.436675429344177 0.428441345691681 0.426963269710541 0.412462443113327 0.309883832931519 0.351738661527634 0.285068303346634 0.283275425434113 0.276551842689514 0.219467148184776 0.213618397712708 0.244153320789337 0.283754706382751 0.284110099077225 0.239534288644791 0.24009644985199 0.198682337999344 0.172032758593559 0.170899674296379 0.221838921308517 0.213055178523064 0.202475309371948 0.191498294472694
0.779134094715118 0.85256028175354 0.735182642936707 0.494789779186249 0.488106220960617 0.378822267055511 0.671233117580414 0.615782082080841 0.613301634788513 0.507331371307373 0.507225930690765 0.3222995698452 0.411908447742462 0.389538079500198 0.329604983329773 0.274723649024963 0.213727205991745 0.178697168827057 0.180102854967117 0.27910652756691 0.375460475683212 0.303229868412018 0.339220225811005 0.343600630760193 0.329613983631134 0.380687922239304 0.396854877471924 0.365242928266525 0.298711001873016 0.286027699708939 0.286990374326706 0.235189005732536 0.224304914474487 0.248314633965492 0.290300279855728 0.288283318281174 0.245101362466812 0.209024593234062 0.214532613754272 0.153248056769371 0.128274604678154 0.146159127354622 0.178962573409081 0.191882058978081 0.177703201770782 0.211228713393211
0.777101635932922 0.852214276790619 0.656818568706512 0.576155722141266 0.300192952156067 0.348261743783951 0.54930704832077 0.640402913093567 0.612239837646484 0.603420794010162 0.320602059364319 0.219810575246811 0.255258500576019 0.282594114542007 0.238723337650299 0.159109205007553 0.21875324845314 0.322102606296539 0.350344300270081 0.433074146509171 0.45648717880249 0.431947290897369 0.458396464586258 0.399664670228958 0.393287241458893 0.388977319002151 0.419772893190384 0.348199427127838 0.316544473171234 0.296712875366211 0.291621476411819 0.290987849235535 0.282704949378967 0.262408971786499 0.259505182504654 0.252454966306686 0.215800762176514 0.225793898105621 0.190704599022865 0.113497108221054 0.0943927615880966 0.127727150917053 0.209788471460342 0.257887840270996 0.22168093919754 0.273317247629166
0.838225901126862 0.818366885185242 0.634471654891968 0.462278038263321 0.149792790412903 0.356279104948044 0.554325938224792 0.674728333950043 0.686497211456299 0.595477879047394 0.296281635761261 0.224151521921158 0.195759490132332 0.148490369319916 0.174446016550064 0.159659489989281 0.37543585896492 0.454905152320862 0.462621659040451 0.500827968120575 0.468454092741013 0.473324984312057 0.441474497318268 0.404881000518799 0.402649909257889 0.401625216007233 0.378962576389313 0.362276345491409 0.277312189340591 0.268787264823914 0.309286594390869 0.300327956676483 0.29229611158371 0.28302264213562 0.26976802945137 0.310122132301331 0.236216753721237 0.203939378261566 0.147143512964249 0.108588814735413 0.0900524258613586 0.114758238196373 0.204313278198242 0.265091717243195 0.289876013994217 0.309053689241409
0.823910474777222 0.826129674911499 0.748435497283936 0.409026980400085 0.421842008829117 0.476480424404144 0.515243530273438 0.633370697498322 0.64438533782959 0.459724843502045 0.276408165693283 0.386221259832382 0.239965170621872 0.149492219090462 0.118565768003464 0.184548184275627 0.307942241430283 0.466830790042877 0.47393873333931 0.469595283269882 0.417953550815582 0.416008293628693 0.455229878425598 0.354151368141174 0.352533459663391 0.338084757328033 0.39695143699646 0.300315052270889 0.301224112510681 0.289604306221008 0.280732333660126 0.270295172929764 0.258818089962006 0.301290333271027 0.279810518026352 0.282111048698425 0.281332552433014 0.179912373423576 0.131446525454521 0.118843153119087 0.0907092988491058 0.112838074564934 0.18708311021328 0.283570498228073 0.252203762531281 0.288466066122055
0.760318398475647 0.835455477237701 0.786800563335419 0.704377174377441 0.583019912242889 0.545226395130157 0.642947137355804 0.706654846668243 0.420229554176331 0.42176815867424 0.385520935058594 0.50652539730072 0.259324669837952 0.140770450234413 0.123308375477791 0.117674268782139 0.289326041936874 0.378361135721207 0.413675367832184 0.369671225547791 0.362415045499802 0.437958508729935 0.366065829992294 0.368661373853683 0.370335757732391 0.363913267850876 0.341501861810684 0.316234648227692 0.265772730112076 0.266050964593887 0.299064159393311 0.239671170711517 0.280795574188232 0.269103318452835 0.261957198381424 0.281585484743118 0.275726586580276 0.224420011043549 0.138844326138496 0.119065254926682 0.0784910768270493 0.0804570689797401 0.16819304227829 0.266206532716751 0.264278143644333 0.269194483757019
0.546280324459076 0.751651585102081 0.770701587200165 0.803038060665131 0.700943470001221 0.693500101566315 0.754248023033142 0.706131756305695 0.62365585565567 0.620964169502258 0.540984630584717 0.545209169387817 0.495359033346176 0.168050482869148 0.117178000509739 0.233362466096878 0.474522829055786 0.438670784235001 0.333306163549423 0.300723671913147 0.359373420476913 0.526780068874359 0.38577789068222 0.395821958780289 0.392500847578049 0.381194978952408 0.363818883895874 0.321145057678223 0.244264543056488 0.232318073511124 0.300003409385681 0.260886430740356 0.278039008378983 0.287003189325333 0.353233158588409 0.310811579227448 0.321140021085739 0.299308478832245 0.187218591570854 0.116289786994457 0.0935190096497536 0.0681704506278038 0.169365003705025 0.211816772818565 0.282158404588699 0.252683222293854
0.506165683269501 0.678067088127136 0.818724274635315 0.771724581718445 0.707655966281891 0.634030759334564 0.702476501464844 0.579047322273254 0.638924300670624 0.653439044952393 0.632861852645874 0.43108594417572 0.228821128606796 0.197584897279739 0.134436026215553 0.488564550876617 0.511981904506683 0.557157933712006 0.277770936489105 0.215354070067406 0.357039093971252 0.510764479637146 0.435465633869171 0.396783769130707 0.404542535543442 0.390294015407562 0.375356614589691 0.440384060144424 0.319473266601562 0.323769748210907 0.371442198753357 0.348925143480301 0.353353768587112 0.334529161453247 0.326113104820251 0.318013727664948 0.302935808897018 0.285364657640457 0.268833518028259 0.259752064943314 0.131346791982651 0.0843410640954971 0.0826788023114204 0.201618611812592 0.325801134109497 0.264664053916931
0.515025436878204 0.566315114498138 0.703913688659668 0.745719850063324 0.624803900718689 0.516668379306793 0.55405580997467 0.61758953332901 0.359822481870651 0.4458988904953 0.399715721607208 0.364240020513535 0.335557758808136 0.222113624215126 0.155306980013847 0.487106472253799 0.590686559677124 0.513333380222321 0.195243805646896 0.212216779589653 0.408732533454895 0.571192622184753 0.406906962394714 0.42575016617775 0.361223012208939 0.397905498743057 0.492081493139267 0.440354883670807 0.473883301019669 0.386169523000717 0.403312355279922 0.38565793633461 0.376806288957596 0.307914435863495 0.366393387317657 0.334238082170486 0.294179439544678 0.332337141036987 0.334794133901596 0.344255387783051 0.244513288140297 0.181608974933624 0.218737691640854 0.214564010500908 0.294286727905273 0.284373164176941
0.582024574279785 0.676010966300964 0.783010244369507 0.752503514289856 0.57756119966507 0.545405268669128 0.420319080352783 0.419142156839371 0.262327373027802 0.211801528930664 0.179528504610062 0.294167816638947 0.258497297763824 0.127789124846458 0.134199544787407 0.330016613006592 0.467758506536484 0.217874974012375 0.241724655032158 0.219702705740929 0.539948403835297 0.531736433506012 0.507791757583618 0.435072511434555 0.376608312129974 0.382839173078537 0.51693594455719 0.456221729516983 0.376956731081009 0.383292227983475 0.294455230236053 0.389150023460388 0.289039045572281 0.284208744764328 0.318003922700882 0.37597468495369 0.252774983644485 0.262073755264282 0.21919809281826 0.360545605421066 0.335943847894669 0.245736926794052 0.224721550941467 0.248590305447578 0.298145443201065 0.300594359636307
0.627166032791138 0.671185970306396 0.754774928092957 0.739188730716705 0.605223655700684 0.543257415294647 0.479945659637451 0.451862037181854 0.626801311969757 0.222155928611755 0.300666600465775 0.604526817798615 0.421117395162582 0.170915067195892 0.196514740586281 0.170041501522064 0.273163855075836 0.258735328912735 0.561059594154358 0.611234724521637 0.628818929195404 0.651621997356415 0.589506506919861 0.566354811191559 0.561877369880676 0.4429592192173 0.481429606676102 0.486129015684128 0.412952184677124 0.324310183525085 0.281260669231415 0.318579792976379 0.311444967985153 0.2979756295681 0.285944163799286 0.328462600708008 0.31869313120842 0.260670334100723 0.270306915044785 0.226005762815475 0.221364498138428 0.191823095083237 0.232484713196754 0.308215081691742 0.287332385778427 0.247099220752716
0.576254844665527 0.653213500976562 0.738577663898468 0.791115522384644 0.726721465587616 0.682251930236816 0.764854431152344 0.579119741916656 0.603229522705078 0.520651817321777 0.25287202000618 0.692699730396271 0.432645738124847 0.335940539836884 0.383823305368423 0.411242634057999 0.53364759683609 0.604199945926666 0.592736065387726 0.63946121931076 0.64248913526535 0.624230802059174 0.567927718162537 0.608243584632874 0.552670001983643 0.46508327126503 0.525956690311432 0.465049624443054 0.386972695589066 0.350970953702927 0.292791813611984 0.33704549074173 0.324400663375854 0.312516868114471 0.305218011140823 0.289745926856995 0.343363851308823 0.331176608800888 0.270575672388077 0.276247054338455 0.237378686666489 0.243143945932388 0.239749819040298 0.235243365168571 0.25553759932518 0.26680850982666
