data/climate_estimation/maxent_output/Calochortus_macrocarpus.asc
NCOLS 136 
NROWS 170 
XLLCORNER -123.083333333333 
YLLCORNER 40.0833333333333 
CELLSIZE 0.0833333333333333 
NODATA_value -3.4e+38 
[rows 60 to 79 of 170, columns 44 to 87 of 136]
0.747051537036896 0.612962543964386 0.50774222612381 0.685197293758392 0.721260845661163 0.690094411373138 0.643086969852448 0.614309847354889 0.559904277324677 0.495326310396194 0.47300124168396 0.60540646314621 0.643654227256775 0.588941812515259 0.524782240390778 0.483862102031708 0.435596197843552 0.418432116508484 0.32472151517868 0.377589136362076 0.352548778057098 0.336732923984528 0.335803836584091 0.336871147155762 0.336700320243835 0.345413893461227 0.348444253206253 0.278387099504471 0.245224833488464 0.269130229949951 0.251301109790802 0.253499299287796 0.383901834487915 0.437165498733521 0.409740507602692 0.371354073286057 0.411137670278549 0.406888842582703 0.406001150608063 0.364950031042099 0.394759804010391 0.408666133880615 0.408237516880035 0.345799624919891
0.821509718894958 0.715709865093231 0.730423212051392 0.761705279350281 0.732340097427368 0.702156007289886 0.671458542346954 0.628883242607117 0.606945216655731 0.545735239982605 0.711961090564728 0.634879589080811 0.619863092899323 0.610578775405884 0.549261152744293 0.508334636688232 0.419617861509323 0.423583298921585 0.337654411792755 0.378409504890442 0.371461570262909 0.358199715614319 0.347801357507706 0.356616705656052 0.347428262233734 0.355128318071365 0.361207157373428 0.325836390256882 0.259517192840576 0.285368233919144 0.334197580814362 0.351050674915314 0.373773247003555 0.427608847618103 0.445505887269974 0.434956192970276 0.412544965744019 0.408541738986969 0.407755583524704 0.396245419979095 0.400150418281555 0.375776588916779 0.337849587202072 0.350834906101227
0.948867678642273 0.79237288236618 0.78050297498703 0.773439049720764 0.74795937538147 0.70956015586853 0.693559587001801 0.665813446044922 0.800697445869446 0.772756695747375 0.715624868869781 0.625808000564575 0.616369485855103 0.637468457221985 0.539915919303894 0.501270592212677 0.468982249498367 0.435557097196579 0.42674246430397 0.392768800258636 0.374333679676056 0.354203343391418 0.362497121095657 0.368240058422089 0.367035716772079 0.359198898077011 0.373654395341873 0.331151723861694 0.270480901002884 0.308366149663925 0.317553877830505 0.34262490272522 0.384896248579025 0.411445736885071 0.474612206220627 0.459014773368835 0.340976655483246 0.382543355226517 0.410120666027069 0.397390186786652 0.392060458660126 0.397326707839966 0.384935557842255 0.38704127073288
0.907816886901855 0.933452606201172 0.777383983135223 0.755209565162659 0.735052227973938 0.71007776260376 0.689029216766357 0.838154196739197 0.813021540641785 0.769675552845001 0.701752185821533 0.743690192699432 0.727246463298798 0.654042661190033 0.566212296485901 0.537001252174377 0.4778952896595 0.456135272979736 0.423862427473068 0.392805248498917 0.381988704204559 0.389319688081741 0.380677759647369 0.372893869876862 0.379556834697723 0.377458512783051 0.393638670444489 0.328547269105911 0.326786935329437 0.388200342655182 0.354905426502228 0.335305541753769 0.360649913549423 0.401033371686935 0.446970731019974 0.461956351995468 0.42419895529747 0.396261602640152 0.411244541406631 0.392306059598923 0.345780193805695 0.286540150642395 0.370760649442673 0.379654616117477
0.919560790061951 0.9289311170578 0.929632365703583 0.915462672710419 0.729735136032104 0.725325703620911 0.869923532009125 0.84032142162323 0.819346189498901 0.764745533466339 0.736432671546936 0.771169722080231 0.736788332462311 0.671637535095215 0.590901374816895 0.567334413528442 0.52127730846405 0.484041184186935 0.461756765842438 0.424694240093231 0.413752883672714 0.404379725456238 0.415682762861252 0.409031331539154 0.388010233640671 0.388604402542114 0.399448603391647 0.376731604337692 0.397452682256699 0.399848848581314 0.389234691858292 0.341419398784637 0.353438377380371 0.323553621768951 0.320040434598923 0.435758948326111 0.45300304889679 0.404300272464752 0.38842499256134 0.388911366462708 0.347903907299042 0.344232469797134 0.385264366865158 0.37582141160965
0.8828404545784 0.928076982498169 0.911082804203033 0.836134314537048 0.891231119632721 0.882282614707947 0.870375573635101 0.838581442832947 0.819567799568176 0.773579478263855 0.800930798053741 0.763924717903137 0.747472286224365 0.698920249938965 0.632007837295532 0.55865466594696 0.541728079319 0.517014920711517 0.482517153024673 0.453956186771393 0.437494188547134 0.420728713274002 0.424579232931137 0.413780838251114 0.411893278360367 0.405039042234421 0.416407763957977 0.369674444198608 0.397269785404205 0.400146275758743 0.413193374872208 0.403656423091888 0.341098248958588 0.306030839681625 0.339759051799774 0.403761863708496 0.450682878494263 0.423962414264679 0.399306654930115 0.404472917318344 0.371408253908157 0.37353903055191 0.367858290672302 0.37268328666687
0.890771687030792 0.947719037532806 0.917307496070862 0.905612170696259 0.895256221294403 0.873622119426727 0.862413823604584 0.835503399372101 0.808077096939087 0.77149373292923 0.822306752204895 0.682052791118622 0.739413976669312 0.699841678142548 0.667159378528595 0.58304625749588 0.546897292137146 0.538914859294891 0.529097437858582 0.482394814491272 0.463257282972336 0.445798397064209 0.448836386203766 0.420303195714951 0.413997292518616 0.429785072803497 0.427163779735565 0.409037560224533 0.403987050056458 0.407573908567429 0.417911797761917 0.403040319681168 0.339129626750946 0.331080853939056 0.400085210800171 0.408215492963791 0.442779749631882 0.438217163085938 0.426751643419266 0.391221046447754 0.383290976285934 0.375348210334778 0.365992933511734 0.368768453598022
0.945309519767761 0.941358327865601 0.939783751964569 0.938768923282623 0.89014208316803 0.911397457122803 0.900737881660461 0.832238256931305 0.79632431268692 0.82820451259613 0.808685779571533 0.715789496898651 0.743885099887848 0.708243489265442 0.679349422454834 0.591006934642792 0.576877892017365 0.553604364395142 0.555460512638092 0.528317332267761 0.498282879590988 0.468793034553528 0.469464689493179 0.452679187059402 0.429681986570358 0.437759041786194 0.428224146366119 0.422039270401001 0.419384568929672 0.408853054046631 0.417818963527679 0.409657865762711 0.3434779047966 0.365348339080811 0.396636486053467 0.411354690790176 0.436875700950623 0.423406928777695 0.390605956315994 0.387125253677368 0.386150866746902 0.376862764358521 0.368316620588303 0.372661501169205
0.926588833332062 0.940136432647705 0.912939488887787 0.916770100593567 0.925610721111298 0.914528846740723 0.896680295467377 0.872387588024139 0.859370827674866 0.837078213691711 0.796565771102905 0.751946926116943 0.747001528739929 0.730717301368713 0.674882292747498 0.619082987308502 0.640064775943756 0.56813633441925 0.532333016395569 0.544909477233887 0.511918902397156 0.499570697546005 0.487614095211029 0.470371603965759 0.451021403074265 0.435398370027542 0.443161994218826 0.429825723171234 0.428262948989868 0.412666499614716 0.416495949029922 0.414574444293976 0.378403604030609 0.401090711355209 0.400926202535629 0.433648616075516 0.423660635948181 0.384778261184692 0.382367968559265 0.374529808759689 0.381549328565598 0.382976949214935 0.381245255470276 0.380936503410339
0.932386577129364 0.917758762836456 0.903487145900726 0.915448904037476 0.906874716281891 0.898401200771332 0.886597335338593 0.863394618034363 0.851432681083679 0.830285966396332 0.793236136436462 0.781415641307831 0.755178511142731 0.706609606742859 0.656774163246155 0.657031953334808 0.657619833946228 0.583616137504578 0.554350018501282 0.544012606143951 0.534504234790802 0.505421936511993 0.502693772315979 0.485760658979416 0.459982365369797 0.427904814481735 0.446198433637619 0.440209656953812 0.429865628480911 0.416966795921326 0.412243992090225 0.416818797588348 0.396711051464081 0.405837923288345 0.426891922950745 0.434852212667465 0.417981088161469 0.39734160900116 0.382717937231064 0.37535634636879 0.37803590297699 0.378699421882629 0.382523149251938 0.39891654253006
0.881119608879089 0.906618416309357 0.920116364955902 0.913034498691559 0.875506162643433 0.895382642745972 0.882503926753998 0.860164642333984 0.839352548122406 0.837180256843567 0.796838462352753 0.783859729766846 0.773637056350708 0.726685881614685 0.664655208587646 0.677989661693573 0.664508402347565 0.63556832075119 0.569670498371124 0.578633666038513 0.553981244564056 0.534702360630035 0.5249342918396 0.497841536998749 0.468683570623398 0.431435406208038 0.458702147006989 0.450708478689194 0.427311509847641 0.423606425523758 0.420100450515747 0.424147069454193 0.422965705394745 0.411810249090195 0.42605447769165 0.433932691812515 0.434404671192169 0.413096636533737 0.386210411787033 0.371223986148834 0.377021789550781 0.385978758335114 0.393911451101303 0.388432174921036
0.832298159599304 0.911893129348755 0.917725741863251 0.913637936115265 0.904281795024872 0.860102772712708 0.875850975513458 0.864884555339813 0.83493709564209 0.841845035552979 0.79952746629715 0.782675564289093 0.76575756072998 0.741121828556061 0.671728849411011 0.66150426864624 0.677895843982697 0.652456164360046 0.609605848789215 0.578633904457092 0.536638617515564 0.553726494312286 0.530377328395844 0.515936255455017 0.478935450315475 0.456005692481995 0.446985989809036 0.456066250801086 0.444537162780762 0.43378022313118 0.433341443538666 0.434226661920547 0.430952161550522 0.42749410867691 0.439553380012512 0.449745297431946 0.435537576675415 0.404574930667877 0.39103227853775 0.386386007070541 0.385475099086761 0.388575196266174 0.397613704204559 0.382533103227615
0.769992053508759 0.780618607997894 0.864455878734589 0.870972037315369 0.868892192840576 0.821234881877899 0.858473122119904 0.863470554351807 0.834547638893127 0.836199820041656 0.815799355506897 0.808217525482178 0.777132093906403 0.742070198059082 0.707250118255615 0.689174830913544 0.702668964862823 0.652279019355774 0.63953423500061 0.600107371807098 0.554920792579651 0.557344436645508 0.549952507019043 0.539755284786224 0.521212995052338 0.473442286252975 0.456501573324203 0.447352916002274 0.432481229305267 0.439845204353333 0.430641740560532 0.438321888446808 0.448219746351242 0.443075627088547 0.457215189933777 0.440107494592667 0.447673112154007 0.442797780036926 0.417149931192398 0.398741632699966 0.373856663703918 0.377459228038788 0.402583539485931 0.390544444322586
0.792109906673431 0.711592137813568 0.68259459733963 0.75239086151123 0.73307329416275 0.793977916240692 0.854940950870514 0.875932097434998 0.824898183345795 0.841517627239227 0.811717569828033 0.810766279697418 0.781948447227478 0.760296761989594 0.706134855747223 0.714361846446991 0.701753377914429 0.682147800922394 0.650395691394806 0.619128584861755 0.6009202003479 0.591350018978119 0.569873631000519 0.551801085472107 0.521496176719666 0.500457584857941 0.473655521869659 0.463055282831192 0.443446189165115 0.476386040449142 0.468775302171707 0.457924336194992 0.459471940994263 0.467811584472656 0.44750651717186 0.479792207479477 0.458934515714645 0.435158580541611 0.42584753036499 0.409921288490295 0.405881702899933 0.383758574724197 0.398929357528687 0.388471275568008
0.719887852668762 0.812509417533875 0.847186744213104 0.863415360450745 0.783541977405548 0.744014978408813 0.866181254386902 0.876265347003937 0.815250754356384 0.834808528423309 0.826976537704468 0.814823925495148 0.764695405960083 0.7529616355896 0.739414036273956 0.743341445922852 0.72922557592392 0.67336106300354 0.671379923820496 0.654617309570312 0.646318256855011 0.624625861644745 0.59532105922699 0.55669367313385 0.530795335769653 0.508179306983948 0.508159458637238 0.517463684082031 0.484146326780319 0.496773451566696 0.483898818492889 0.477127879858017 0.482888698577881 0.489584237337112 0.472500324249268 0.485255390405655 0.40697318315506 0.400819033384323 0.392738819122314 0.400998175144196 0.4130719602108 0.406497269868851 0.39345246553421 0.397737920284271
0.805480599403381 0.836778163909912 0.854581952095032 0.821315109729767 0.794816970825195 0.732714116573334 0.794438540935516 0.813885986804962 0.790116786956787 0.825575172901154 0.832928240299225 0.82725727558136 0.779470086097717 0.784456491470337 0.753793120384216 0.745273649692535 0.723719596862793 0.696604609489441 0.694523274898529 0.686645090579987 0.685132503509521 0.67156583070755 0.627241492271423 0.612459123134613 0.563254117965698 0.545057654380798 0.531899392604828 0.537631273269653 0.528083324432373 0.504420816898346 0.500697255134583 0.48828461766243 0.497414320707321 0.509338617324829 0.491942197084427 0.467019587755203 0.413424909114838 0.409795701503754 0.400838196277618 0.392984867095947 0.385474622249603 0.374823600053787 0.374144583940506 0.383896291255951
0.771188616752625 0.793240010738373 0.775834262371063 0.696142733097076 0.834273338317871 0.865922510623932 0.869587182998657 0.853992283344269 0.850812673568726 0.854762971401215 0.829262733459473 0.823415994644165 0.792240142822266 0.801779985427856 0.792717516422272 0.750492334365845 0.74262136220932 0.723321259021759 0.70580530166626 0.709092855453491 0.719851434230804 0.711538970470428 0.682016015052795 0.645265519618988 0.6069655418396 0.583840191364288 0.562001526355743 0.543973505496979 0.5384840965271 0.531015634536743 0.500742614269257 0.498053252696991 0.499996662139893 0.480566650629044 0.441845089197159 0.432928860187531 0.410250127315521 0.418121695518494 0.41114205121994 0.405606597661972 0.373843550682068 0.371410429477692 0.364970535039902 0.376253962516785
0.784435570240021 0.828813314437866 0.769871115684509 0.842667043209076 0.873104631900787 0.872952997684479 0.862651109695435 0.863454878330231 0.861308932304382 0.864261329174042 0.847811162471771 0.838746845722198 0.82608699798584 0.812646150588989 0.807646334171295 0.780386030673981 0.7649245262146 0.760390937328339 0.75408399105072 0.746734499931335 0.760636448860168 0.735269546508789 0.706593036651611 0.691752076148987 0.630697965621948 0.621882736682892 0.574659645557404 0.560704588890076 0.538342118263245 0.53011292219162 0.520241618156433 0.50214034318924 0.497655659914017 0.484548926353455 0.45314610004425 0.431943655014038 0.418533235788345 0.41241854429245 0.389268547296524 0.39612004160881 0.379894018173218 0.386345028877258 0.368452191352844 0.368330597877502
0.837027728557587 0.762925803661346 0.79914116859436 0.815300762653351 0.811687648296356 0.826114296913147 0.843145787715912 0.856652140617371 0.866290152072906 0.862165331840515 0.855377078056335 0.850951611995697 0.843417942523956 0.833409070968628 0.829388618469238 0.822864651679993 0.807021856307983 0.796340048313141 0.797082126140594 0.802668392658234 0.807310938835144 0.787617027759552 0.741169035434723 0.717893481254578 0.685978591442108 0.649373710155487 0.608603715896606 0.565079569816589 0.55418598651886 0.546239733695984 0.518811523914337 0.507928848266602 0.50219464302063 0.483410477638245 0.455449938774109 0.42735281586647 0.438038855791092 0.410198867321014 0.406537473201752 0.381981015205383 0.384262353181839 0.377365976572037 0.370391815900803 0.358591079711914
0.767580568790436 0.679857432842255 0.729197204113007 0.767292499542236 0.80987948179245 0.817120015621185 0.857370972633362 0.872298538684845 0.868167102336884 0.868386328220367 0.862324178218842 0.857196748256683 0.84768933057785 0.84567266702652 0.833984911441803 0.836720645427704 0.823652148246765 0.815397977828979 0.822382986545563 0.82290107011795 0.822863101959229 0.811532437801361 0.798048436641693 0.742628574371338 0.719824850559235 0.688370406627655 0.630572199821472 0.583019316196442 0.579539358615875 0.552668869495392 0.527244865894318 0.517127096652985 0.494332671165466 0.483182698488235 0.467489928007126 0.444260805845261 0.425864189863205 0.421897917985916 0.405505567789078 0.388297647237778 0.380490630865097 0.370130300521851 0.367975115776062 0.363884389400482
