data/climate_estimation/maxent_output/Calochortus_gunnisonii.asc
NCOLS 247 
NROWS 169 
XLLCORNER -123.416666666667 
YLLCORNER 33.5 
CELLSIZE 0.0833333333333333 
NODATA_value -3.4e+38 
[rows 114 to 132 of 169, columns 43 to 85 of 247]
0.0199262760579586 0.0471785329282284 0.0593724735081196 0.0502413250505924 0.0340195633471012 0.0329691916704178 0.0229040626436472 0.124189257621765 0.194192335009575 0.196425080299377 0.182164505124092 0.170502126216888 0.166507914662361 0.350653558969498 0.361962139606476 0.365593105554581 0.368545919656754 0.497994422912598 0.384021550416946 0.854241371154785 0.641488075256348 0.175706058740616 0.0850512608885765 0.0889217257499695 0.0962534099817276 0.0392984375357628 0.0353742204606533 0.128353744745255 0.560940861701965 0.0464742854237556 0.0516986884176731 0.294052243232727 0.0435008853673935 0.0446323305368423 0.0487386547029018 0.245647460222244 0.458838611841202 0.663512587547302 0.589212656021118 0.867420375347137 0.923782408237457 0.871876955032349 0.541422128677368
0.00214225752279162 0.0106034222990274 0.040572140365839 0.0626591220498085 0.062622606754303 0.0473141334950924 0.0154658947139978 0.0485517829656601 0.154871478676796 0.169709578156471 0.181574106216431 0.175007566809654 0.161849364638329 0.156693890690804 0.352053940296173 0.338853150606155 0.356508076190948 0.372058421373367 0.517393410205841 0.458038657903671 0.383892714977264 0.261557966470718 0.185334250330925 0.216842070221901 0.0766688287258148 0.0367474146187305 0.0415150821208954 0.340099781751633 0.321017384529114 0.0635406523942947 0.0224583148956299 0.121162541210651 0.0479564182460308 0.0457544513046741 0.043338380753994 0.197149336338043 0.194470167160034 0.382919549942017 0.692177414894104 0.84470397233963 0.908709108829498 0.845588445663452 0.62744015455246
0.00189691421110183 0.0275438707321882 0.0419287160038948 0.0363292917609215 0.0509962141513824 0.0481715276837349 0.0396223329007626 0.0163047797977924 0.133703708648682 0.143181800842285 0.144265979528427 0.141483053565025 0.161626696586609 0.148464918136597 0.147124528884888 0.332935363054276 0.105199500918388 0.244636058807373 0.210297957062721 0.390547126531601 0.124841563403606 0.151788726449013 0.0852170884609222 0.541060328483582 0.526715099811554 0.0942564085125923 0.0325787104666233 0.0973027348518372 0.0460307225584984 0.0171564053744078 0.0165376868098974 0.0421582721173763 0.0437484793365002 0.0442184284329414 0.0810996070504189 0.116163581609726 0.173321411013603 0.366645067930222 0.653835535049438 0.832161009311676 0.84114795923233 0.886665225028992 0.735350131988525
0.00151237903628498 0.0149146784096956 0.0322336293756962 0.0407654531300068 0.0460125543177128 0.0252767447382212 0.0132710970938206 0.00858494639396667 0.106648661196232 0.117898672819138 0.130795449018478 0.134109571576118 0.143097072839737 0.178474679589272 0.254559367895126 0.326303750276566 0.185562312602997 0.147808477282524 0.12387427687645 0.432584524154663 0.108241766691208 0.105486191809177 0.297638744115829 0.70137220621109 0.900967359542847 0.768871665000916 0.0243051499128342 0.00677099218592048 0.0373938903212547 0.117937207221985 0.124082073569298 0.051338329911232 0.117008045315742 0.100168593227863 0.211468011140823 0.620149254798889 0.361049562692642 0.347797304391861 0.501822710037231 0.371927857398987 0.514134883880615 0.847096085548401 0.801991879940033
0.000351975118974224 0.00148373958654702 0.00722927274182439 0.00981075037270784 0.0412606708705425 0.0377364009618759 0.00847768224775791 0.0181804858148098 0.0527791678905487 0.0999426767230034 0.121929943561554 0.123532235622406 0.133514404296875 0.144295334815979 0.155351489782333 0.140070766210556 0.0564765706658363 0.111769042909145 0.0597572661936283 0.252887904644012 0.115861035883427 0.109885089099407 0.683328092098236 0.656907975673676 0.842069506645203 0.0884356200695038 0.0185676161199808 0.022272827103734 0.241358250379562 0.830810248851776 0.677602648735046 0.25927209854126 0.2551429271698 0.0981668084859848 0.0990749076008797 0.570228934288025 0.643926858901978 0.444835543632507 0.315439701080322 0.300094723701477 0.302012473344803 0.699554860591888 0.807521283626556
0.000110462919110432 0.000645075517240912 0.00604313798248768 0.0289118774235249 0.0316689275205135 0.0178041253238916 0.0324726067483425 0.0559272281825542 0.0716996863484383 0.0868431255221367 0.105972021818161 0.116812311112881 0.118970945477486 0.13117453455925 0.140531823039055 0.139083117246628 0.0154477702453732 0.00518388580530882 0.15637169778347 0.0992983356118202 0.423346549272537 0.135582238435745 0.156252220273018 0.593966245651245 0.634539902210236 0.0541773587465286 0.0218714475631714 0.0762863159179688 0.488500744104385 0.451671183109283 0.226332545280457 0.0918332636356354 0.0773865133523941 0.0653320625424385 0.0713932812213898 0.13815826177597 0.643097817897797 0.593180954456329 0.146171614527702 0.148471117019653 0.137033209204674 0.381397813558578 0.592718362808228
0.000220079338760115 0.000268332281848416 0.000627641507890075 0.0116507457569242 0.0243445709347725 0.0317567139863968 0.0226272698491812 0.0145061854273081 0.0543249882757664 0.0765390917658806 0.033489316701889 0.0227335821837187 0.0947481021285057 0.124944850802422 0.137265518307686 0.115236759185791 0.0112812640145421 0.00204442418180406 0.292704999446869 0.0493095889687538 0.222809031605721 0.600489318370819 0.060231052339077 0.160253137350082 0.558749318122864 0.631041169166565 0.708745658397675 0.729320228099823 0.674710810184479 0.0733751878142357 0.174251094460487 0.0748813077807426 0.13958702981472 0.558511197566986 0.31695544719696 0.274331122636795 0.324020773172379 0.323604911565781 0.157349064946175 0.135639011859894 0.0934131518006325 0.135336652398109 0.316830098628998
7.47693338780664e-05 0.000229785611736588 0.000248242024099454 0.00238648778758943 0.00572073273360729 0.00179636070970446 0.00419840076938272 0.00315101793967187 0.0414707288146019 0.0367939248681068 0.0448061600327492 0.0286170598119497 0.0165619235485792 0.0425478182733059 0.045017883181572 0.0105145461857319 0.00445571169257164 0.000906200148165226 0.0745484977960587 0.175371319055557 0.210059762001038 0.300393134355545 0.212195456027985 0.0503411442041397 0.147575914859772 0.501045525074005 0.755488514900208 0.717052102088928 0.408534288406372 0.124986335635185 0.11604193598032 0.0521092638373375 0.10800126940012 0.177501574158669 0.272691249847412 0.279426544904709 0.146431863307953 0.132467165589333 0.0990586578845978 0.0455443933606148 0.0477184243500233 0.131195664405823 0.27449169754982
3.94099188270047e-05 3.91845314879902e-05 9.18056030059233e-05 0.000267109804553911 0.00123591767624021 0.000426464685006067 0.000508408760651946 0.00422532483935356 0.00571761559695005 0.0278716031461954 0.0764148160815239 0.0315666943788528 0.00598158081993461 0.0430513806641102 0.117435157299042 0.0136293387040496 0.00192956218961626 0.000454641005489975 0.00649218214675784 0.256258487701416 0.302286267280579 0.0530768856406212 0.0448837578296661 0.00938529893755913 0.0753323510289192 0.491694033145905 0.634471654891968 0.59042751789093 0.150052025914192 0.122910410165787 0.296454161405563 0.131343364715576 0.0397643782198429 0.0422288700938225 0.0561838187277317 0.0518839880824089 0.115645833313465 0.065131664276123 0.123809315264225 0.047643780708313 0.0569609366357327 0.408574312925339 0.458669900894165
2.45244646066567e-05 3.89611705031712e-05 4.21450931753498e-05 9.44689381867647e-05 0.000279319268884137 0.000343197520123795 0.000892661395482719 0.0244530029594898 0.0372692681849003 0.0486912652850151 0.0572365298867226 0.0192333981394768 0.0122636444866657 0.00891650002449751 0.105226323008537 0.107411749660969 0.118669502437115 0.00157766067422926 0.00104589597322047 0.252633929252625 0.17372490465641 0.0036183453630656 0.00334249599836767 0.000138443123432808 0.00100997684057802 0.342308938503265 0.0337996482849121 0.00470854574814439 0.0573872476816177 0.195659786462784 0.570076882839203 0.0486408397555351 0.0189148485660553 0.000523886934388429 0.00874798372387886 0.0267286207526922 0.155410870909691 0.177917703986168 0.200117364525795 0.180418372154236 0.386354058980942 0.580545604228973 0.650058746337891
2.78526167676318e-05 2.36295782087836e-05 2.34377766901162e-05 3.84335726266727e-05 9.74456343101338e-05 0.000145403726492077 0.000386016996344551 0.00147120770998299 0.0274991057813168 0.0362357720732689 0.0457010678946972 0.0503585524857044 0.0267518926411867 0.00821625627577305 0.0294237099587917 0.0536332502961159 0.100745663046837 0.0362090170383453 0.000341544044204056 0.00770304910838604 0.260540544986725 0.280354201793671 0.0771134346723557 0.000247187388595194 6.68010616209358e-05 0.00473009096458554 0.00360796693712473 0.000233048223890364 0.00410785153508186 0.304624229669571 0.103644147515297 0.002960748039186 0.00131059379782528 0.000547809177078307 0.00204163906164467 0.00232402607798576 0.0105389459058642 0.0435574911534786 0.0360641293227673 0.0648521333932877 0.190667256712914 0.470500081777573 0.567469239234924
2.95194804493804e-05 2.95033132715616e-05 2.67511259153252e-05 2.55406685027992e-05 4.67223799205385e-05 6.28463385510258e-05 0.000289505522232503 0.00118257314898074 0.00762351136654615 0.0325072035193443 0.0415938645601273 0.0548115819692612 0.0153230214491487 0.00622326694428921 0.00865516811609268 0.00849518645554781 0.0617652870714664 0.0865268856287003 0.00176558399107307 0.00130641367286444 0.190362155437469 0.28437939286232 0.0894761607050896 0.000684823142364621 7.85624870331958e-05 3.28990754496772e-05 0.00348723609931767 2.94215878966497e-05 0.00038756983121857 0.0171189941465855 0.0142334159463644 0.00246736640110612 0.0137868011370301 0.0017119204858318 0.000177924055606127 0.00141553126741201 0.000442399235907942 0.00503755314275622 0.00605852389708161 0.0167948454618454 0.0735846906900406 0.0448697842657566 0.0452879630029202
1.12273419290432e-05 1.21021785162156e-05 1.46900874824496e-05 2.84019624814391e-05 2.72390989266569e-05 6.15272510913201e-05 0.000150759515236132 0.000203544637770392 0.00073451513890177 0.007943419739604 0.0100168902426958 0.0438095107674599 0.0315910093486309 0.0167950391769409 0.0512202121317387 0.0449246317148209 0.00674505857750773 0.129553914070129 0.00255339732393622 0.000488331657834351 0.292446285486221 0.299923449754715 0.203782916069031 0.0125910248607397 0.00338376662693918 9.92270724964328e-05 0.00573632353916764 0.000274243619060144 1.19611131594866e-05 3.36730190610979e-05 0.000742208096198738 0.0225200299173594 0.120046123862267 0.00976328179240227 0.00180874671787024 0.000214732834137976 0.000447856902610511 0.000348312198184431 0.00290455552749336 0.013905206695199 0.190056055784225 0.0209299307316542 0.0115872779861093
1.00874258350814e-05 1.01475689007202e-05 1.37554570756038e-05 1.40247029776219e-05 2.81194024864817e-05 2.58855670836056e-05 2.57231804425828e-05 6.53142487863079e-05 0.000217252745642327 0.000923784158658236 0.00422984268516302 0.0386468172073364 0.0308345202356577 0.0672615617513657 0.0766478627920151 0.0331801883876324 0.0164371859282255 0.0812168195843697 0.00419687759131193 0.000190132574061863 0.201842680573463 0.212450295686722 0.107743501663208 0.000517037464305758 0.00243126135319471 0.00248256744816899 0.0152248898521066 0.00228983489796519 5.98091355641373e-05 7.9029705375433e-06 1.7975378796109e-05 0.0543494001030922 0.418579041957855 0.0467939861118793 0.0044014435261488 0.00293116760440171 0.00187223358079791 0.000130688727949746 0.00184265547432005 0.00947770196944475 0.0181364491581917 0.00626806076616049 0.0728007927536964
1.07990290416637e-05 1.05864019133151e-05 1.17117288027657e-05 1.23313920994406e-05 1.64026896527503e-05 2.65752969426103e-05 2.50412940658862e-05 2.6160649213125e-05 2.80358490272192e-05 7.85166412242688e-05 0.000330415496136993 0.00173883617389947 0.00417509442195296 0.0575337782502174 0.0403616316616535 0.0724067538976669 0.0488364100456238 0.0235214401036501 0.0269962623715401 0.00015211189747788 0.00130708084907383 0.215798154473305 0.00126953923609108 1.6432632037322e-05 5.14322564413305e-05 5.62080131203402e-05 0.0102774919942021 0.0138782141730189 0.0558417253196239 0.000282680062809959 1.17202444016584e-06 1.08806125354022e-05 0.0048683830536902 0.0254955422133207 0.000625451444648206 7.91304701124318e-05 3.73424700228497e-05 0.0020852058660239 0.000877813901752234 0.000839480082504451 0.00332190725021064 0.00111797405406833 0.00415364466607571
1.08901385829085e-05 1.17181571113179e-05 1.18660373118473e-05 1.21110761028831e-05 1.25472324725706e-05 1.55840025399812e-05 2.47468560701236e-05 2.46211893681902e-05 6.40253274468705e-05 0.0001087297059712 0.000428148254286498 0.000680601922795177 0.00183785834815353 0.00457779224961996 0.0217087231576443 0.0740027204155922 0.0408867672085762 0.0159694142639637 0.0457567870616913 0.000308477465296164 0.000217068605707027 0.0682524517178535 0.119789458811283 4.59412376585533e-06 2.53956523010856e-06 4.07955558330286e-05 0.000424414727604017 0.002156853210181 0.0723532885313034 0.000511777820065618 8.44202872940514e-07 1.9126059669361e-07 3.11966527988261e-06 0.000228354343562387 0.001412138575688 6.4714091422502e-05 2.40991703321924e-05 2.43382164626382e-05 9.04111948329955e-05 0.000162954936968163 0.00060253991978243 0.000202474111574702 0.000290912779746577
1.1011877177225e-05 1.27466855701641e-05 1.26701670524199e-05 1.21138582471758e-05 1.24214930110611e-05 1.338266156381e-05 2.60593060374958e-05 2.34626058954746e-05 2.59187072515488e-05 8.79270228324458e-05 0.00043367751641199 0.00194548990111798 0.0111635569483042 0.0419460162520409 0.0490692891180515 0.0441805683076382 0.00873539410531521 0.00496749114245176 0.121017143130302 0.00292952149175107 0.000156479494762607 0.00210949988104403 0.28469979763031 0.000662186881527305 2.07804714591475e-06 3.70361635759764e-06 4.02601181122009e-05 0.00137740629725158 0.0125680053606629 0.000506051233969629 5.14064311119e-07 1.58534490424245e-07 1.26096949770726e-07 9.04039495708275e-07 1.25677115647704e-05 0.000798212655354291 0.000186930235940963 1.44019522849703e-05 5.44610156794079e-05 7.60174807510339e-05 9.89843247225508e-05 0.000120437223813497 0.000284638023003936
9.78951902652625e-06 1.13543401312199e-05 1.22898691188311e-05 1.29497620946495e-05 1.22534474940039e-05 1.16172641355661e-05 1.19242749860859e-05 2.44000457314542e-05 2.2147522031446e-05 2.95617173833307e-05 9.80233162408695e-05 0.000335157645167783 0.00245823641307652 0.0396611802279949 0.0214304476976395 0.0166760180145502 0.00885730423033237 0.011105764657259 0.00976886227726936 0.0245791748166084 0.00136437022592872 0.000217584500205703 0.0654175281524658 0.132279381155968 0.000971697736531496 8.30119315651245e-05 1.68840906553669e-05 0.00125581678003073 0.00127109314780682 0.000408729742048308 1.66770109899517e-06 1.61400862452865e-07 1.19307259183188e-07 1.04954587243355e-07 4.74561346663904e-07 3.66561471309979e-06 9.3361253675539e-05 7.05717611708678e-05 3.00476767733926e-05 2.52714398811804e-05 3.19278369715903e-05 4.90648562845308e-05 7.66513257985935e-05
8.95580524229445e-06 1.06358211269253e-05 1.19625283332425e-05 1.28422752823099e-05 1.20560944196768e-05 1.11169511001208e-05 1.07095465864404e-05 1.1712194464053e-05 1.21374196169199e-05 2.08573801501188e-05 3.28868263750337e-05 7.76807573856786e-05 0.000338288227794692 0.00192006432916969 0.0144683076068759 0.0134805608540773 0.00783022772520781 0.0460991524159908 0.0046743149869144 0.0730141699314117 0.0142726125195622 0.000345425069099292 0.000225496987695806 0.00882140081375837 0.135631561279297 0.0271759256720543 0.00768628483638167 0.0121129686012864 0.011022218503058 0.000582438777200878 7.39812321626232e-06 1.50470555126958e-06 0.000282109976978973 2.40000395024254e-06 1.42208804732036e-07 3.21036310424461e-07 1.14633294288069e-05 0.000780689297243953 0.000137398150400259 2.04641237360192e-05 2.49323966272641e-05 3.03922752209473e-05 3.71527748939116e-05
