data/climate_estimation/maxent_output/Calochortus_catalinae.asc
NCOLS 83 
NROWS 97 
XLLCORNER -124.166666666667 
YLLCORNER 33.1666666666667 
CELLSIZE 0.0833333333333334 
NODATA_value -3.4e+38 
[rows 21 to 41 of 97, columns 0 to 47 of 83]
-3.4e+38 -3.4e+38 -3.4e+38 -3.4e+38 0.280428886413574 0.329762190580368 0.293277323246002 0.262662440538406 0.212433695793152 0.165517583489418 0.149045422673225 0.115247331559658 0.125794097781181 0.170075908303261 0.102094747126102 0.119619265198708 0.170158922672272 0.170354157686234 0.128541544079781 0.118651144206524 0.139234378933907 0.136821359395981 0.160355016589165 0.145049244165421 0.126813143491745 0.10950656235218 0.0926579684019089 0.0691027045249939 0.0501475036144257 0.036277461796999 0.0247732009738684 0.0223767030984163 0.0330577157437801 0.0987327247858047 0.0854373127222061 0.0833539813756943 0.0730567574501038 0.0716546550393105 0.0741248279809952 0.0656082257628441 0.0588980652391911 0.0580877922475338 0.0432880409061909 0.0321679674088955 0.0240797623991966 0.0213436633348465 0.0189331788569689 0.0134887909516692
-3.4e+38 -3.4e+38 -3.4e+38 -3.4e+38 0.226970911026001 0.294535517692566 0.318367958068848 0.276932388544083 0.223120212554932 0.189789593219757 0.160955771803856 0.128366619348526 0.0976730287075043 0.119167789816856 0.108065024018288 0.106738314032555 0.170538693666458 0.176747247576714 0.124348320066929 0.157162338495255 0.175901889801025 0.142370834946632 0.144359394907951 0.141864702105522 0.125148966908455 0.109219238162041 0.0928156450390816 0.0663458183407784 0.0488285757601261 0.0376840569078922 0.0286435708403587 0.0227579399943352 0.0244680941104889 0.0475104227662086 0.0989952236413956 0.0974699929356575 0.0815664455294609 0.0795033574104309 0.0801064446568489 0.0650702491402626 0.0521489381790161 0.0583045221865177 0.0559486001729965 0.0410039462149143 0.0286326687783003 0.0214522536844015 0.0222094431519508 0.0174525119364262
-3.4e+38 -3.4e+38 -3.4e+38 -3.4e+38 0.241970762610435 0.321273744106293 0.36647817492485 0.33081242442131 0.266396969556808 0.217792242765427 0.173704370856285 0.140690237283707 0.0952026695013046 0.104015439748764 0.142295658588409 0.127982914447784 0.15475757420063 0.188064008951187 0.143009975552559 0.154839083552361 0.17003957927227 0.144481763243675 0.131761312484741 0.130954444408417 0.122993268072605 0.108040668070316 0.0932366549968719 0.0706900879740715 0.0543179959058762 0.0411105565726757 0.0301509499549866 0.0252509117126465 0.0263981185853481 0.0338108129799366 0.0885369703173637 0.0998656153678894 0.102120950818062 0.0916019678115845 0.0824930220842361 0.0704958587884903 0.0606937184929848 0.0577887408435345 0.0554084554314613 0.0462513454258442 0.0362733155488968 0.0278640184551477 0.0233958289027214 0.0216486696153879
-3.4e+38 -3.4e+38 -3.4e+38 -3.4e+38 0.239503934979439 0.302908390760422 0.354177534580231 0.336930841207504 0.291871160268784 0.256552249193192 0.196598887443542 0.165137335658073 0.121347203850746 0.107795067131519 0.0944621935486794 0.115081541240215 0.156213417649269 0.140317350625992 0.139296293258667 0.139091014862061 0.150473296642303 0.155431061983109 0.121115893125534 0.120164059102535 0.113270826637745 0.107111111283302 0.093639612197876 0.0746763795614243 0.065974548459053 0.0418145284056664 0.0332490876317024 0.028098039329052 0.0288466550409794 0.0295991003513336 0.052617322653532 0.121587835252285 0.109901383519173 0.0948318913578987 0.0978978723287582 0.0810290649533272 0.0659552812576294 0.0562152415513992 0.053234551101923 0.0454500243067741 0.0413827560842037 0.0369003936648369 0.0250242985785007 0.0307263694703579
-339999999999999996123846586046231871488.000000000000000 -3.4e+38 -3.4e+38 -3.4e+38 -3.4e+38 0.290935903787613 0.31659322977066 0.354468584060669 0.325306206941605 0.285875141620636 0.2343590259552 0.1940026730299 0.149825155735016 0.140492856502533 0.0896317437291145 0.0860557556152344 0.140072166919708 0.129242792725563 0.127253204584122 0.134569197893143 0.155190393328667 0.140047118067741 0.114458337426186 0.0994078144431114 0.102511495351791 0.0931691080331802 0.0769052132964134 0.0624747909605503 0.053833395242691 0.0409897118806839 0.0392507985234261 0.0346403978765011 0.0324508473277092 0.0340102426707745 0.0444054715335369 0.097560741007328 0.132335603237152 0.120209842920303 0.10423593968153 0.089658610522747 0.0715878829360008 0.0654201805591583 0.0560543984174728 0.056927178055048 0.0450844466686249 0.0376386381685734 0.0376633778214455 0.0279524773359299
-3.4e+38 -3.4e+38 -3.4e+38 -3.4e+38 -3.4e+38 0.295349389314651 0.284538596868515 0.295741111040115 0.36310401558876 0.353095799684525 0.256522208452225 0.206322252750397 0.181258171796799 0.165867537260056 0.102905549108982 0.0851752683520317 0.0935172066092491 0.113527402281761 0.116276055574417 0.119871973991394 0.145289316773415 0.137382745742798 0.149853229522705 0.0959208756685257 0.0791870206594467 0.0781043767929077 0.0654723346233368 0.0607780702412128 0.0529143139719963 0.0483707785606384 0.0463189892470837 0.0424515753984451 0.0402863919734955 0.0381080694496632 0.0460209064185619 0.0772562623023987 0.12616765499115 0.139377117156982 0.117774121463299 0.0951458290219307 0.0818791687488556 0.065456248819828 0.0566452890634537 0.0607582852244377 0.0521904528141022 0.0491884313523769 0.0435882657766342 0.0326431766152382
-3.4e+38 -3.4e+38 -3.4e+38 -3.4e+38 -3.4e+38 0.230798318982124 0.274955034255981 0.29380065202713 0.313869535923004 0.320191979408264 0.310623824596405 0.254724025726318 0.212231904268265 0.155307158827782 0.138238087296486 0.0978139042854309 0.120177768170834 0.107439838349819 0.104802452027798 0.123103685677052 0.133883967995644 0.132739409804344 0.152211964130402 0.107271671295166 0.0722889304161072 0.0633004382252693 0.0587299577891827 0.0549356490373611 0.0533621199429035 0.0529875680804253 0.0513006523251534 0.0532750710844994 0.0523695275187492 0.0466081649065018 0.0503594167530537 0.066068209707737 0.119468003511429 0.144651725888252 0.139771163463593 0.116351917386055 0.0799522250890732 0.063751332461834 0.0567444674670696 0.0635452419519424 0.0561439581215382 0.0570908226072788 0.0422289296984673 0.0281060431152582
-3.4e+38 -3.4e+38 -3.4e+38 -3.4e+38 -3.4e+38 0.224417880177498 0.273804813623428 0.290987491607666 0.318887412548065 0.332920283079147 0.32867819070816 0.288992464542389 0.223960608243942 0.178881019353867 0.172208651900291 0.156952366232872 0.163095116615295 0.152655944228172 0.111218027770519 0.120011426508427 0.135485529899597 0.144733995199203 0.14655277132988 0.111964225769043 0.0867371931672096 0.0538031347095966 0.0541149638593197 0.0505715981125832 0.0539788007736206 0.0597357973456383 0.065449558198452 0.0680059418082237 0.0650746822357178 0.0634327828884125 0.0657370090484619 0.0720562934875488 0.0922420471906662 0.113694399595261 0.133994877338409 0.11672355979681 0.0732691660523415 0.0673681497573853 0.0619906522333622 0.06032619997859 0.05779043212533 0.0580660849809647 0.0516089424490929 0.0258220192044973
-3.4e+38 -3.4e+38 -3.4e+38 -3.4e+38 -3.4e+38 -3.4e+38 0.270734071731567 0.290554225444794 0.330840915441513 0.346485555171967 0.321558803319931 0.325744986534119 0.281620800495148 0.220195069909096 0.163123548030853 0.149539947509766 0.186127707362175 0.190547481179237 0.106961578130722 0.109749227762222 0.120964042842388 0.136651620268822 0.149840146303177 0.138911932706833 0.0939284861087799 0.0504581928253174 0.048573475331068 0.0532765835523605 0.059577714651823 0.0707148760557175 0.0832378938794136 0.0897043645381927 0.0843279659748077 0.0791913121938705 0.0791863650083542 0.0825554355978966 0.0909073576331139 0.111449740827084 0.101739227771759 0.133056551218033 0.1035485714674 0.0623354762792587 0.0540630891919136 0.0569407567381859 0.0653081014752388 0.0590745210647583 0.0603317730128765 0.0472216866910458
-3.4e+38 -3.4e+38 -3.4e+38 -3.4e+38 -3.4e+38 -3.4e+38 -3.4e+38 0.265820056200027 0.295115143060684 0.34000089764595 0.326988726854324 0.315928369760513 0.307255834341049 0.254656136035919 0.207930520176888 0.182041347026825 0.157430127263069 0.169842854142189 0.141852721571922 0.136009395122528 0.131385907530785 0.142044514417648 0.142176687717438 0.161827594041824 0.0867589116096497 0.0553049147129059 0.0467092804610729 0.0566240958869457 0.0744851604104042 0.0999185144901276 0.118801921606064 0.128390684723854 0.120522126555443 0.106146514415741 0.104698672890663 0.103458777070045 0.0981540009379387 0.116559259593487 0.127930611371994 0.131753340363503 0.096776582300663 0.0682398900389671 0.054661501199007 0.0586733818054199 0.0677787661552429 0.0632168427109718 0.0597180761396885 0.0533460602164268
-3.4e+38 -3.4e+38 -3.4e+38 -3.4e+38 -3.4e+38 -3.4e+38 -3.4e+38 -3.4e+38 -3.4e+38 0.288589477539062 0.313227564096451 0.309210538864136 0.289663851261139 0.270676970481873 0.241939663887024 0.243598327040672 0.215618044137955 0.196218952536583 0.182704046368599 0.174220398068428 0.156090304255486 0.165550276637077 0.173176661133766 0.182179689407349 0.186745643615723 0.0683420896530151 0.0531545281410217 0.0702110677957535 0.11077843606472 0.160632580518723 0.190157279372215 0.209851905703545 0.191875040531158 0.16098128259182 0.145735666155815 0.134784430265427 0.116560824215412 0.120615720748901 0.119939133524895 0.127826243638992 0.115010783076286 0.0822307467460632 0.0604519136250019 0.0635109171271324 0.06712606549263 0.0693717673420906 0.0655433684587479 0.0492039658129215
-3.4e+38 -3.4e+38 -3.4e+38 -3.4e+38 -3.4e+38 -3.4e+38 -3.4e+38 -3.4e+38 -3.4e+38 0.21395979821682 0.278144061565399 0.297574043273926 0.288605719804764 0.30830842256546 0.27435901761055 0.271340191364288 0.321219503879547 0.236034691333771 0.196431681513786 0.216508448123932 0.206419810652733 0.202827155590057 0.207389608025551 0.209106743335724 0.198811650276184 0.116102516651154 0.0625808387994766 0.106044515967369 0.212587356567383 0.27226534485817 0.27949184179306 0.293612897396088 0.276154488325119 0.236792698502541 0.212173581123352 0.174257889389992 0.144043877720833 0.119808152318001 0.102114625275135 0.0958257615566254 0.115350984036922 0.0793083310127258 0.0624489560723305 0.0698579102754593 0.0751259326934814 0.0759137868881226 0.0744665488600731 0.0590159595012665
-3.4e+38 -3.4e+38 -3.4e+38 -3.4e+38 -3.4e+38 -3.4e+38 -3.4e+38 -3.4e+38 -3.4e+38 -3.4e+38 -3.4e+38 0.284130603075027 0.287565141916275 0.30920946598053 0.281164646148682 0.290810257196426 0.375630110502243 0.450949162244797 0.301311701536179 0.252759844064713 0.265018045902252 0.296641021966934 0.263643860816956 0.255030989646912 0.259725838899612 0.218794763088226 0.109889931976795 0.172463148832321 0.284748703241348 0.321303457021713 0.343743234872818 0.368068605661392 0.356601446866989 0.329941987991333 0.29034897685051 0.231852784752846 0.182538643479347 0.137597993016243 0.0982633382081985 0.0903572142124176 0.108357615768909 0.0852896496653557 0.0773352757096291 0.0683690458536148 0.0748385190963745 0.0794797092676163 0.0713409036397934 0.0738692507147789
-3.4e+38 -3.4e+38 -3.4e+38 -3.4e+38 -3.4e+38 -3.4e+38 -3.4e+38 -3.4e+38 -3.4e+38 -3.4e+38 -3.4e+38 -3.4e+38 0.313784718513489 0.300223052501678 0.300115793943405 0.313243269920349 0.41830387711525 0.47882804274559 0.362848401069641 0.326102256774902 0.300965249538422 0.383967220783234 0.449481099843979 0.355595201253891 0.35900667309761 0.307138949632645 0.260684281587601 0.308274179697037 0.353383719921112 0.376099973917007 0.390044689178467 0.402635127305984 0.404585748910904 0.391689002513885 0.366409361362457 0.297776192426682 0.241089805960655 0.13986012339592 0.0906460732221603 0.0870147868990898 0.107142895460129 0.0967587828636169 0.0776180848479271 0.0733947604894638 0.0718491822481155 0.0825076997280121 0.0847453698515892 0.0788446962833405
-3.4e+38 -3.4e+38 -3.4e+38 -3.4e+38 -3.4e+38 -3.4e+38 -3.4e+38 -3.4e+38 -3.4e+38 -3.4e+38 -3.4e+38 -3.4e+38 -3.4e+38 0.312940090894699 0.345516234636307 0.369724422693253 0.413120895624161 0.482310771942139 0.482809007167816 0.412681430578232 0.425452828407288 0.483368813991547 0.652278006076813 0.503448367118835 0.559786796569824 0.515235722064972 0.518743515014648 0.499445915222168 0.466896146535873 0.457740157842636 0.435897588729858 0.432419210672379 0.436471313238144 0.427044749259949 0.418855518102646 0.384135007858276 0.268997669219971 0.153170123696327 0.101743012666702 0.072521485388279 0.086092546582222 0.0946029499173164 0.0840146839618683 0.0727438405156136 0.0844739824533463 0.0837796777486801 0.0831326693296432 0.0890665948390961
-3.4e+38 -3.4e+38 -3.4e+38 -3.4e+38 -3.4e+38 -3.4e+38 -3.4e+38 -3.4e+38 -3.4e+38 -3.4e+38 -3.4e+38 -3.4e+38 -3.4e+38 -3.4e+38 0.350264757871628 0.38567703962326 0.432077646255493 0.495058506727219 0.552872955799103 0.544322609901428 0.569465339183807 0.662886321544647 0.775449693202972 0.702881753444672 0.784749746322632 0.758066415786743 0.734615683555603 0.672902822494507 0.568615734577179 0.525302350521088 0.488483130931854 0.478144019842148 0.462520807981491 0.453551590442657 0.433229088783264 0.377583593130112 0.299239575862885 0.203136682510376 0.129354730248451 0.0729127675294876 0.0686334297060966 0.0734434425830841 0.0946144089102745 0.0850925967097282 0.0896566435694695 0.0938078388571739 0.0955920517444611 0.0946517810225487
-3.4e+38 -3.4e+38 -3.4e+38 -3.4e+38 -3.4e+38 -3.4e+38 -3.4e+38 -3.4e+38 -3.4e+38 -3.4e+38 -3.4e+38 -3.4e+38 -3.4e+38 -3.4e+38 0.358413100242615 0.393803179264069 0.442215323448181 0.490589797496796 0.560828030109406 0.619854331016541 0.643708050251007 0.754327595233917 0.848325610160828 0.861030042171478 0.860857963562012 0.885183870792389 0.835794866085052 0.752517998218536 0.61797422170639 0.572287619113922 0.521999835968018 0.485975742340088 0.474027663469315 0.4728764295578 0.470655709505081 0.428219765424728 0.309995770454407 0.192565396428108 0.115085437893867 0.0857491195201874 0.074375756084919 0.108583405613899 0.0691036954522133 0.089030385017395 0.0836427584290504 0.0847488343715668 0.0924364328384399 0.10346531867981
-3.4e+38 -3.4e+38 -3.4e+38 -3.4e+38 -3.4e+38 -3.4e+38 -3.4e+38 -3.4e+38 -3.4e+38 -3.4e+38 -3.4e+38 -3.4e+38 -3.4e+38 0.277742654085159 0.3253533244133 0.395062446594238 0.456341415643692 0.51694530248642 0.544824659824371 0.641905069351196 0.678883850574493 0.814740777015686 0.86790806055069 0.896081864833832 0.935039699077606 0.936553955078125 0.876683712005615 0.824767112731934 0.695267856121063 0.563509345054626 0.479026526212692 0.451449573040009 0.447618573904037 0.452407151460648 0.457722842693329 0.418682277202606 0.263557970523834 0.161771833896637 0.127752333879471 0.0918121412396431 0.0720820426940918 0.0811615809798241 0.101728960871696 0.0774694830179214 0.0854223072528839 0.0962346941232681 0.110158436000347 0.108635053038597
-3.4e+38 -3.4e+38 -3.4e+38 -3.4e+38 -3.4e+38 -3.4e+38 -3.4e+38 -3.4e+38 -3.4e+38 -3.4e+38 -3.4e+38 -3.4e+38 -3.4e+38 0.267171233892441 0.292376220226288 -3.4e+38 0.475252628326416 0.54110711812973 0.571059107780457 0.699832260608673 0.699127078056335 0.802601337432861 0.834541201591492 0.896021962165833 0.91196995973587 0.955099165439606 0.8493692278862 0.726662516593933 0.68522572517395 0.483599841594696 0.396448791027069 0.35428586602211 0.358914881944656 0.355538845062256 0.336402982473373 0.254381090402603 0.201275318861008 0.117777302861214 0.0840108394622803 0.0751261934638023 0.0630755051970482 0.0818776562809944 0.0740131139755249 0.0645104199647903 0.0728415474295616 0.0982037335634232 0.110439717769623 0.107087060809135
-3.4e+38 -3.4e+38 -3.4e+38 -3.4e+38 -3.4e+38 -3.4e+38 -3.4e+38 -3.4e+38 -3.4e+38 -3.4e+38 -3.4e+38 -3.4e+38 -3.4e+38 -3.4e+38 -3.4e+38 -3.4e+38 -3.4e+38 0.548182487487793 0.614582180976868 0.678764224052429 0.722780346870422 0.822556793689728 0.840925216674805 0.886958181858063 0.912065029144287 0.939856827259064 0.804748296737671 0.675660848617554 0.627001643180847 0.509570419788361 0.383913159370422 0.267259210348129 0.251420259475708 0.191970527172089 0.182271584868431 0.136101290583611 0.1145930737257 0.0742830410599709 0.0593527033925056 0.0541102401912212 0.0644616559147835 0.0648529902100563 0.0655446425080299 0.0646921917796135 0.0612710863351822 0.0734959319233894 0.105302646756172 0.114469990134239
-3.4e+38 -3.4e+38 -3.4e+38 -3.4e+38 -3.4e+38 -3.4e+38 -3.4e+38 -3.4e+38 -3.4e+38 -3.4e+38 -3.4e+38 -3.4e+38 -3.4e+38 -3.4e+38 -3.4e+38 -3.4e+38 -3.4e+38 -3.4e+38 -3.4e+38 0.603395760059357 0.611422896385193 0.722196221351624 0.872207641601562 0.886173784732819 0.904471337795258 0.888140797615051 0.879296004772186 0.752419173717499 0.6084024310112 0.516596078872681 0.383370578289032 0.198991909623146 0.154709175229073 0.105559214949608 0.115974701941013 0.0831006243824959 0.0811473056674004 0.0785398185253143 0.0582732185721397 0.0464778803288937 0.0543205849826336 0.0557238645851612 0.0539763048291206 0.0555361993610859 0.0571266263723373 0.0611211396753788 0.113251656293869 0.112540155649185
