data/climate_estimation/maxent_output/Calochortus_purpureus.asc
NCOLS 273 
NROWS 207 
XLLCORNER -115.416666666667 
YLLCORNER 15.75 
CELLSIZE 0.0833333333333333 
NODATA_value -3.4e+38 
[rows 176 to 197 of 207, columns 150 to 199 of 273]
0.112138867378235 0.030362606048584 0.0266826804727316 0.135165974497795 0.115674465894699 0.162301003932953 0.191477328538895 0.181541383266449 0.186759248375893 0.098504014313221 0.11693774163723 0.0144020263105631 0.0071898577734828 0.0120896948501468 0.00178460916504264 0.00220553646795452 0.0229249186813831 0.0295300204306841 0.0285497754812241 0.0160973351448774 0.00494733965024352 0.0140301454812288 0.0126035464927554 0.0148359946906567 0.00334438472054899 0.0182001125067472 0.0159448385238647 0.0163147114217281 0.025021318346262 0.00428765453398228 0.00307723041623831 0.00287710363045335 0.00598430633544922 0.0116775194182992 0.0174722354859114 0.0188077930361032 0.144046679139137 0.399608314037323 0.11810040473938 0.015743725001812 0.0776839405298233 0.0770094022154808 0.241064205765724 0.283296465873718 0.167676746845245 0.15433032810688 0.140370234847069 0.037790197879076 0.047045674175024 0.03951545804739
0.0272549390792847 0.00463384576141834 0.0240566227585077 0.0272513423115015 0.0269673299044371 0.123972296714783 0.130048707127571 0.0962719470262527 0.110537216067314 0.0228360276669264 0.0195897091180086 0.0136141516268253 0.0163015574216843 0.00272212014533579 0.00233762944117188 0.00204426236450672 0.00318586849607527 0.0249420441687107 0.391686290502548 0.203604608774185 0.0417077839374542 0.0146686267107725 0.0107167037203908 0.0117234801873565 0.00295690912753344 0.0177112743258476 0.0213770195841789 0.0226666331291199 0.00373690016567707 0.00407689157873392 0.00326107582077384 0.00381590682081878 0.00739454152062535 0.0126945879310369 0.0833261162042618 0.0165834166109562 0.144154891371727 0.424325376749039 0.0911157950758934 0.0163149014115334 0.0908997505903244 0.0784642770886421 0.393569678068161 0.420063525438309 0.159085139632225 0.158265456557274 0.142401978373528 0.0490516275167465 0.0644865110516548 0.03743776679039
0.00436041038483381 0.00393365230411291 0.00401770323514938 0.00415946776047349 0.021258756518364 0.0229341126978397 0.0224484335631132 0.0175105184316635 0.0157422684133053 0.017829617485404 0.0179803464561701 0.0134376771748066 0.0152803519740701 0.00262097385711968 0.00170070352032781 0.00166872434783727 0.00152182846795768 0.0116933071985841 0.153726011514664 0.201877564191818 0.0468970090150833 0.00608468241989613 0.0293061956763268 0.0150839360430837 0.0140106556937099 0.0173177737742662 0.017365699633956 0.0215356964617968 0.00409653969109058 0.0038753452245146 0.003282162360847 0.00337360333651304 0.00531206605955958 0.00972885452210903 0.0145693374797702 0.110752746462822 0.130596160888672 0.135544463992119 0.0787608996033669 0.0859571993350983 0.0766776949167252 0.0935408696532249 0.452255964279175 0.518087565898895 0.152569845318794 0.13258270919323 0.161548972129822 0.0582213290035725 0.332104831933975 0.0553029179573059
-3.4e+38 -3.4e+38 0.00390065601095557 0.00378230959177017 0.0167063809931278 0.0169709790498018 0.0165464077144861 0.015844663605094 0.0133602898567915 0.00250755902379751 0.00201823236420751 0.00185932079330087 0.00158806156832725 0.00145723309833556 0.00109120784327388 0.00125437485985458 0.00112940219696611 0.00170018523931503 0.0724671930074692 0.0306202378123999 0.122807182371616 0.020412078127265 0.0171760246157646 0.011729639954865 0.0190026108175516 0.0150075927376747 0.0169826354831457 0.0198663845658302 0.019330620765686 0.0213300101459026 0.025861406698823 0.0298750977963209 0.0295726917684078 0.0284927655011415 0.0406594946980476 0.0597958080470562 0.0826384574174881 0.0151000190526247 0.0825935006141663 0.0879449397325516 0.0695848315954208 0.0873250216245651 0.502986371517181 0.551582098007202 0.181843608617783 0.0295953750610352 0.037782184779644 0.031065421178937 0.222212955355644 0.175299242138863
-3.4e+38 -3.4e+38 -3.4e+38 -3.4e+38 -3.4e+38 0.01614810526371 0.0149726578965783 0.0133962351828814 0.0119938040152192 0.0021198708564043 0.00188499165233225 0.00151572120375931 0.00121119222603738 0.001070766011253 0.00152088096365333 0.00186550372745842 0.0108192730695009 0.0463992170989513 0.0361122526228428 0.0436921417713165 0.145549863576889 0.147890895605087 0.0263130646198988 0.0280477479100227 0.0919424220919609 0.0185353346168995 0.0214216988533735 0.0230241324752569 0.0226206239312887 0.0200639199465513 0.0217450112104416 0.178563892841339 0.0464531816542149 0.0283217430114746 0.0265040565282106 0.0553878173232079 0.0653374493122101 0.0685357078909874 0.0865548923611641 0.0120269265025854 0.0105838095769286 0.00825072173029184 0.0383058339357376 0.13807238638401 0.533531129360199 0.113376826047897 0.154189631342888 0.14535291492939 0.313338249921799 0.221072345972061
-3.4e+38 -3.4e+38 -3.4e+38 -3.4e+38 -3.4e+38 -3.4e+38 -3.4e+38 -3.4e+38 -3.4e+38 -3.4e+38 -3.4e+38 -3.4e+38 0.00100541161373258 0.000834983889944851 0.00075434846803546 0.00133630924392492 0.0506064593791962 0.00565486773848534 0.0043652500025928 0.0368971452116966 0.0608750842511654 0.191437035799026 0.261940270662308 0.268651783466339 0.0952339544892311 0.0809520110487938 0.0788725093007088 0.0737566649913788 0.0871962681412697 0.0770097374916077 0.0932219251990318 0.147382974624634 0.205155313014984 0.0838245004415512 0.124542832374573 0.148315027356148 0.10477439314127 0.109345033764839 0.413549929857254 0.0421679355204105 0.0458705686032772 0.0801007524132729 0.115447349846363 0.0863665565848351 0.118442952632904 0.0879089906811714 0.136359766125679 0.138134628534317 0.191741332411766 0.792157709598541
-3.4e+38 -3.4e+38 -3.4e+38 -3.4e+38 -3.4e+38 -3.4e+38 -3.4e+38 -3.4e+38 -3.4e+38 -3.4e+38 -3.4e+38 -3.4e+38 -3.4e+38 0.000787555822171271 0.000740124261938035 0.000642149883788079 0.000672400754410774 0.00347351189702749 0.01459876075387 0.0232286434620619 0.0277087427675724 0.123670518398285 0.222291499376297 0.237358465790749 0.188042208552361 0.209575474262238 0.0757027938961983 0.143454730510712 0.160083457827568 0.17015840113163 0.173612251877785 0.301856428384781 0.114590667188168 0.110847979784012 0.178666219115257 0.285384893417358 0.300079017877579 0.278364926576614 0.159921810030937 0.0310313291847706 0.0415773913264275 0.10401026904583 0.115497119724751 0.461161404848099 0.433302909135818 0.48700937628746 0.569703221321106 0.117431730031967 0.686519861221313 0.776823818683624
-3.4e+38 -3.4e+38 -3.4e+38 -3.4e+38 -3.4e+38 -3.4e+38 -3.4e+38 -3.4e+38 -3.4e+38 -3.4e+38 -3.4e+38 -3.4e+38 -3.4e+38 -3.4e+38 0.000645599735435098 0.000572893128264695 0.00268784398213029 0.00292474078014493 0.00756252696737647 0.00786499306559563 0.0111381029710174 0.0196318551898003 0.030504023656249 0.11647629737854 0.157589539885521 0.165544077754021 0.153178304433823 0.174786984920502 0.201599106192589 0.193519115447998 0.200239345431328 0.231330156326294 0.162068128585815 0.30502188205719 0.1684180945158 0.359595388174057 0.276453763246536 0.360890120267868 0.0962322577834129 0.0406339392066002 0.0451741814613342 0.115705467760563 0.303724408149719 0.282740026712418 0.336585104465485 0.21336518228054 0.543653607368469 0.618962943553925 0.666803479194641 0.721974194049835
-3.4e+38 -3.4e+38 -3.4e+38 -3.4e+38 -3.4e+38 -3.4e+38 -3.4e+38 -3.4e+38 -3.4e+38 -3.4e+38 -3.4e+38 -3.4e+38 -3.4e+38 -3.4e+38 -3.4e+38 0.000580784748308361 0.000496839289553463 0.000421060307417065 0.000378603726858273 0.00707306480035186 0.00924709998071194 0.00914777908474207 0.0202297549694777 0.0327220410108566 0.079804889857769 0.0903253927826881 0.0971722006797791 0.135137990117073 0.174580499529839 0.199459031224251 0.185743823647499 0.158824518322945 0.208410665392876 0.24707205593586 0.323080807924271 0.338615298271179 0.191199749708176 0.294161975383759 0.264410704374313 0.248102769255638 0.0664447396993637 0.263270974159241 0.31336310505867 0.228176951408386 0.328775674104691 0.278191804885864 0.27582922577858 0.393644273281097 0.55546236038208 0.149195194244385
-3.4e+38 -3.4e+38 -3.4e+38 -3.4e+38 -3.4e+38 -3.4e+38 -3.4e+38 -3.4e+38 -3.4e+38 -3.4e+38 -3.4e+38 -3.4e+38 -3.4e+38 -3.4e+38 -3.4e+38 -3.4e+38 -3.4e+38 0.000363050843589008 0.000341951614245772 0.000293137010885403 0.00618542265146971 0.030988335609436 0.010135168209672 0.0278339050710201 0.027029799297452 0.052993543446064 0.0430240891873837 0.0486428551375866 0.0920107439160347 0.161114901304245 0.157512530684471 0.132304504513741 0.182235702872276 0.243863254785538 0.151575908064842 0.302418500185013 0.239163979887962 0.237172842025757 0.17016938328743 0.16289034485817 0.205437034368515 0.268255561590195 0.277110308408737 0.198069497942924 0.268117785453796 0.263836890459061 0.189776808023453 0.308513790369034 0.249442264437675 0.301532864570618
-3.4e+38 -3.4e+38 -3.4e+38 -3.4e+38 -3.4e+38 -3.4e+38 -3.4e+38 -3.4e+38 -3.4e+38 -3.4e+38 -3.4e+38 -3.4e+38 -3.4e+38 -3.4e+38 -3.4e+38 -3.4e+38 -3.4e+38 -3.4e+38 0.000299795821774751 0.000293744349619374 0.00031118345214054 0.00786746013909578 0.00662088301032782 0.0246215835213661 0.0211823917925358 0.0501424707472324 0.0240177791565657 0.00889468565583229 0.0414869040250778 0.0766711086034775 0.0780332759022713 0.107274182140827 0.122844845056534 0.124581180512905 0.168776497244835 0.219671651721001 0.0645787790417671 0.103985235095024 0.125651612877846 0.137092679738998 0.159559950232506 0.149227604269981 0.200081050395966 0.280925810337067 0.283517777919769 0.293696969747543 0.283141404390335 0.19539749622345 0.263293147087097 0.231122627854347
-3.4e+38 -3.4e+38 -3.4e+38 -3.4e+38 -3.4e+38 -3.4e+38 -3.4e+38 -3.4e+38 -3.4e+38 -3.4e+38 -3.4e+38 -3.4e+38 -3.4e+38 -3.4e+38 -3.4e+38 -3.4e+38 -3.4e+38 -3.4e+38 -3.4e+38 -3.4e+38 0.000280823558568954 0.000285981775959954 0.00159577664453536 0.0142889209091663 0.00543984305113554 0.00780191831290722 0.0304543785750866 0.00737818749621511 0.0097247026860714 0.0263409428298473 0.024520156905055 0.0328839235007763 0.0433899015188217 0.135949835181236 0.177455291152 0.179410561919212 0.0601289607584476 0.0491247400641441 0.0419407747685909 0.0423150844871998 0.155080422759056 0.0271962303668261 0.233168736100197 0.260364234447479 0.183531314134598 0.0626080557703972 0.215731084346771 0.267943769693375 0.281755834817886 0.32466059923172
-3.4e+38 -3.4e+38 -3.4e+38 -3.4e+38 -3.4e+38 -3.4e+38 -3.4e+38 -3.4e+38 -3.4e+38 -3.4e+38 -3.4e+38 -3.4e+38 -3.4e+38 -3.4e+38 -3.4e+38 -3.4e+38 -3.4e+38 -3.4e+38 -3.4e+38 -3.4e+38 -3.4e+38 -3.4e+38 0.000284943991573527 0.000278953928500414 0.00133741879835725 0.00570840341970325 0.00739860394969583 0.001622284646146 0.0089227706193924 0.0196802821010351 0.0021316206548363 0.0221166554838419 0.0347279421985149 0.0325931161642075 0.0490017421543598 0.0756982713937759 0.0540963262319565 0.0893843248486519 0.0336471349000931 0.0161751862615347 0.00878405757248402 0.01067363191396 0.00938752759248018 0.0557665154337883 0.068223237991333 0.0866537839174271 0.210549995303154 0.205629050731659 0.250722408294678 0.273454338312149
-3.4e+38 -3.4e+38 -3.4e+38 -3.4e+38 -3.4e+38 -3.4e+38 -3.4e+38 -3.4e+38 -3.4e+38 -3.4e+38 -3.4e+38 -3.4e+38 -3.4e+38 -3.4e+38 -3.4e+38 -3.4e+38 -3.4e+38 -3.4e+38 -3.4e+38 -3.4e+38 -3.4e+38 -3.4e+38 -3.4e+38 0.00025453109992668 0.000245627103140578 0.000260108296060935 0.000247036572545767 0.000251022400334477 0.00137821526732296 0.000255937833571807 0.00741778453812003 0.0158784668892622 0.0146303595975041 0.0070619317702949 0.0235690884292126 0.0693235173821449 0.0569576658308506 0.0499426275491714 0.0171717703342438 0.00321662658825517 0.00381882535293698 0.0108910379931331 0.00538881868124008 0.00658863363787532 0.00427376665174961 0.112888231873512 0.164307788014412 0.137073785066605 0.174944758415222 0.158319741487503
-3.4e+38 -3.4e+38 -3.4e+38 -3.4e+38 -3.4e+38 -3.4e+38 -3.4e+38 -3.4e+38 -3.4e+38 -3.4e+38 -3.4e+38 -3.4e+38 -3.4e+38 -3.4e+38 -3.4e+38 -3.4e+38 -3.4e+38 -3.4e+38 -3.4e+38 -3.4e+38 -3.4e+38 -3.4e+38 -3.4e+38 -3.4e+38 -3.4e+38 -3.4e+38 0.000238799446378835 0.000239298344240524 0.000239537883317098 5.26206531503703e-05 5.87444701523054e-05 0.00175434944685549 0.0020206356421113 0.00170885061379522 0.00878469739109278 0.0414312854409218 0.0528739467263222 0.0293530914932489 0.0142358327284455 0.00300414743833244 0.000424629717599601 0.000591177551541477 0.00049516826402396 0.00305592617951334 0.00400179531425238 0.0316447988152504 0.0480539910495281 0.0699830278754234 0.0715903267264366 0.0974158272147179
-3.4e+38 -3.4e+38 -3.4e+38 -3.4e+38 -3.4e+38 -3.4e+38 -3.4e+38 -3.4e+38 -3.4e+38 -3.4e+38 -3.4e+38 -3.4e+38 -3.4e+38 -3.4e+38 -3.4e+38 -3.4e+38 -3.4e+38 -3.4e+38 -3.4e+38 -3.4e+38 -3.4e+38 -3.4e+38 -3.4e+38 -3.4e+38 -3.4e+38 -3.4e+38 -3.4e+38 -3.4e+38 -3.4e+38 5.15510364493821e-05 5.65160298720002e-05 6.28847410553135e-05 0.000347029883414507 0.000353544892277569 0.000377093994757161 0.00716821430251002 0.00929081812500954 0.00833724346011877 0.00269511179067194 0.000396995135815814 0.000293104152660817 0.000509033969137818 0.00361215975135565 0.00419211387634277 0.00207225326448679 0.00820810813456774 0.0281539298593998 0.0558610036969185 0.0728845074772835 0.0723523795604706
-3.4e+38 -3.4e+38 -3.4e+38 -3.4e+38 -3.4e+38 -3.4e+38 -3.4e+38 -3.4e+38 -3.4e+38 -3.4e+38 -3.4e+38 -3.4e+38 -3.4e+38 -3.4e+38 -3.4e+38 -3.4e+38 -3.4e+38 -3.4e+38 -3.4e+38 -3.4e+38 -3.4e+38 -3.4e+38 -3.4e+38 -3.4e+38 -3.4e+38 -3.4e+38 -3.4e+38 -3.4e+38 -3.4e+38 -3.4e+38 -3.4e+38 -3.4e+38 7.18294686521403e-05 7.31110558263026e-05 7.63340140110813e-05 0.000366694323020056 0.0017939496319741 0.00173979857936502 0.00164456106722355 0.00156596314627677 0.00034174820757471 0.000343993015121669 0.0024937717244029 0.00211155624128878 0.00114028702955693 0.0010078779887408 0.0151756759732962 0.0634722337126732 0.0716851428151131 0.0116787320002913
-3.4e+38 -3.4e+38 -3.4e+38 -3.4e+38 -3.4e+38 -3.4e+38 -3.4e+38 -3.4e+38 -3.4e+38 -3.4e+38 -3.4e+38 -3.4e+38 -3.4e+38 -3.4e+38 -3.4e+38 -3.4e+38 -3.4e+38 -3.4e+38 -3.4e+38 -3.4e+38 -3.4e+38 -3.4e+38 -3.4e+38 -3.4e+38 -3.4e+38 -3.4e+38 -3.4e+38 -3.4e+38 -3.4e+38 -3.4e+38 -3.4e+38 -3.4e+38 -3.4e+38 -3.4e+38 0.000386794068617746 0.00181177840568125 0.00653315708041191 0.00559647241607308 0.00521466694772243 0.00132027536164969 0.00128312688320875 0.000267610710579902 0.00161981594283134 0.00129320262931287 0.0009432093356736 0.000957065960392356 0.0125842792913318 0.0200426243245602 0.034399650990963 0.0203277338296175
-3.4e+38 -3.4e+38 -3.4e+38 -3.4e+38 -3.4e+38 -3.4e+38 -3.4e+38 -3.4e+38 -3.4e+38 -3.4e+38 -3.4e+38 -3.4e+38 -3.4e+38 -3.4e+38 -3.4e+38 -3.4e+38 -3.4e+38 -3.4e+38 -3.4e+38 -3.4e+38 -3.4e+38 -3.4e+38 -3.4e+38 -3.4e+38 -3.4e+38 -3.4e+38 -3.4e+38 -3.4e+38 -3.4e+38 -3.4e+38 -3.4e+38 -3.4e+38 -3.4e+38 -3.4e+38 -3.4e+38 -3.4e+38 0.00172809849027544 0.00151100626681 0.00140904961153865 0.00123004138004035 0.00118265184573829 0.0010219996329397 0.000936435302719474 0.000948663102462888 0.000910868344362825 0.000934329989831895 0.00104493973776698 0.00456894747912884 0.00934724602848291 0.00733151752501726
-3.4e+38 -3.4e+38 -3.4e+38 -3.4e+38 -3.4e+38 -3.4e+38 -3.4e+38 -3.4e+38 -3.4e+38 -3.4e+38 -3.4e+38 -3.4e+38 -3.4e+38 -3.4e+38 -3.4e+38 -3.4e+38 -3.4e+38 -3.4e+38 -3.4e+38 -3.4e+38 -3.4e+38 -3.4e+38 -3.4e+38 -3.4e+38 -3.4e+38 -3.4e+38 -3.4e+38 -3.4e+38 -3.4e+38 -3.4e+38 -3.4e+38 -3.4e+38 -3.4e+38 -3.4e+38 -3.4e+38 -3.4e+38 -3.4e+38 0.00154373119585216 0.00141187710687518 0.00122545007616282 0.00109013472683728 0.000913680472876877 0.000920317892450839 0.000879246857948601 0.000864433066453785 0.000894586322829127 0.00314736878499389 0.00341346650384367 0.00337359588593245 0.00358307990245521
-3.4e+38 -3.4e+38 -3.4e+38 -3.4e+38 -3.4e+38 -3.4e+38 -3.4e+38 -3.4e+38 -3.4e+38 -3.4e+38 -3.4e+38 -3.4e+38 -3.4e+38 -3.4e+38 -3.4e+38 -3.4e+38 -3.4e+38 -3.4e+38 -3.4e+38 -3.4e+38 -3.4e+38 -3.4e+38 -3.4e+38 -3.4e+38 -3.4e+38 -3.4e+38 -3.4e+38 -3.4e+38 -3.4e+38 -3.4e+38 -3.4e+38 -3.4e+38 -3.4e+38 -3.4e+38 -3.4e+38 -3.4e+38 -3.4e+38 -3.4e+38 -3.4e+38 -3.4e+38 -3.4e+38 -3.4e+38 0.000899876176845282 0.00082114472752437 0.000874604622367769 0.000856376136653125 0.00293092173524201 0.000845503760501742 0.000881226791534573 0.0010281119029969
-3.4e+38 -3.4e+38 -3.4e+38 -3.4e+38 -3.4e+38 -3.4e+38 -3.4e+38 -3.4e+38 -3.4e+38 -3.4e+38 -3.4e+38 -3.4e+38 -3.4e+38 -3.4e+38 -3.4e+38 -3.4e+38 -3.4e+38 -3.4e+38 -3.4e+38 -3.4e+38 -3.4e+38 -3.4e+38 -3.4e+38 -3.4e+38 -3.4e+38 -3.4e+38 -3.4e+38 -3.4e+38 -3.4e+38 -3.4e+38 -3.4e+38 -3.4e+38 -3.4e+38 -3.4e+38 -3.4e+38 -3.4e+38 -3.4e+38 -3.4e+38 -3.4e+38 -3.4e+38 -3.4e+38 -3.4e+38 -3.4e+38 -3.4e+38 -3.4e+38 -3.4e+38 -3.4e+38 0.000814740255009383 0.000857813516631722 0.000912206771317869
