data/climate_estimation/maxent_output/Calochortus_concolor.asc
NCOLS 45 
NROWS 96 
XLLCORNER -119.25 
YLLCORNER 30.75 
CELLSIZE 0.0833333333333333 
NODATA_value -3.4e+38 
[rows 0 to 23 of 96, columns 0 to 44 of 45]
0.004330351948738 0.00116459454875439 0.000482229137560353 0.000398675620090216 0.000684219121467322 0.000383757753297687 0.000354332878487185 3.74921219190583e-05 0.000138578907353804 0.000132858156575821 0.000129059204482473 4.96941320307087e-05 5.38827189302538e-05 3.82668258680496e-05 2.57683095696848e-05 6.07793990639038e-05 2.3920842068037e-05 2.45845258177724e-05 2.90527459583245e-05 5.01543800055515e-05 8.82397653185762e-05 0.000239354107179679 0.000242867987253703 0.000235565050388686 4.13951856899075e-05 4.07240659114905e-05 5.87677823205013e-05 0.000546017021406442 0.000387320440495387 7.30837200535461e-05 8.18394255475141e-05 0.000844685244373977 0.000155470435856842 5.36696388735436e-05 0.000105517603515182 0.00014825958351139 5.57527637283783e-05 8.16563333501108e-05 5.6138957006624e-05 4.71641396870837e-05 9.11174865905195e-05 7.45126526453532e-05 1.84507262019906e-05 1.06500228866935e-05 1.07328569356469e-05
0.00818080361932516 0.0166494250297546 0.000953060982283205 0.000492490653414279 0.00108996382914484 0.000918641861062497 0.000286705530015752 0.000278271909337491 0.000110608831164427 0.000113341251562815 0.000139525349368341 5.02771472383756e-05 0.000123230289318599 4.69208534923382e-05 3.85920138796791e-05 4.51645137218293e-05 4.18233357777353e-05 4.90722741233185e-05 2.41051548073301e-05 5.01330468978267e-05 5.03014089190401e-05 5.84518711548299e-05 5.66339513170533e-05 5.57604507775977e-05 4.54058535979129e-05 5.45641742064618e-05 8.59359424794093e-05 0.000130133164930157 8.45889080665074e-05 6.40704674879089e-05 8.52042139740661e-05 0.000141901196911931 8.45140384626575e-05 6.16359975538217e-05 0.000121157958346885 0.000186829565791413 4.0409664507024e-05 5.16638974659145e-05 4.13208617828786e-05 6.07512338319793e-05 8.11392965260893e-05 3.96878858737182e-05 1.15436923806556e-05 1.05049075500574e-05 1.05719391285675e-05
0.0129525773227215 0.0228462684899569 0.00267622643150389 0.00077803002204746 0.00137950642965734 0.0177752114832401 0.000529795186594129 0.000232193953706883 0.000225990021135658 3.73965740436688e-05 3.37335222866386e-05 3.14992212224752e-05 4.34915564255789e-05 3.54912408511154e-05 5.51990051462781e-05 4.02299701818265e-05 4.05657847295515e-05 5.07703261973802e-05 5.42720626981463e-05 2.99702478514519e-05 3.31984738295432e-05 6.10366187174805e-05 5.04592317156494e-05 5.75336562178563e-05 4.79747104691342e-05 5.01220893056598e-05 8.81452651810832e-05 5.49077485629823e-05 6.44784740870818e-05 7.51701663830318e-05 0.000115414673928171 6.31528891972266e-05 7.20001407898962e-05 5.93118347751442e-05 6.05191526119597e-05 3.51399212377146e-05 3.19202299579047e-05 4.26774568040855e-05 3.95842034777161e-05 5.49762189621106e-05 5.80130763410125e-05 2.47917014348786e-05 2.04086645680945e-05 2.00504564418225e-05 1.26697741507087e-05
0.0163204148411751 0.00600563129410148 0.00203431071713567 0.00131004268769175 0.00188615778461099 0.00811067223548889 0.00117643026169389 0.000371522241039202 0.000264198984950781 0.000132687797304243 0.000133781155454926 0.000156220601638779 4.17835326516069e-05 4.10559878218919e-05 3.71805581380613e-05 4.60707451566122e-05 4.71060011477675e-05 5.64486908842809e-05 5.29953576915432e-05 3.16394252877217e-05 4.0891180105973e-05 3.9416099752998e-05 8.38407431729138e-05 9.79689648374915e-05 6.07613401371054e-05 6.67558560962789e-05 5.23759081261232e-05 6.09609196544625e-05 7.69504113122821e-05 0.000100398749054875 8.52015073178336e-05 4.93624029331841e-05 6.22760562691838e-05 9.2864633188583e-05 5.77877362957224e-05 2.92783170152688e-05 3.29097310896032e-05 4.47370621259324e-05 4.04549209633842e-05 4.69413207611069e-05 3.68633045582101e-05 2.10188773053233e-05 2.08542733162176e-05 2.2568379790755e-05 0.000334566255332902
0.0235569626092911 0.0201995596289635 0.0121482154354453 0.00197146250866354 0.00180458452086896 0.00208581332117319 0.00347886909730732 0.00117008190136403 0.000452307373052463 0.000643511302769184 0.000167793987202458 0.000121941062388942 4.71188031951897e-05 3.14012795570306e-05 4.04316888307221e-05 0.000176785528310575 5.23430098837707e-05 4.40408330177888e-05 6.5761647420004e-05 9.06164641492069e-05 4.3164302041987e-05 0.000134803092805669 6.780972762499e-05 7.23502380424179e-05 7.54416541894898e-05 6.44551328150555e-05 6.20918435743079e-05 5.98927290411666e-05 0.000105333594547119 0.000144305871799588 8.8561195298098e-05 5.02721450175159e-05 4.55196131952107e-05 9.83066856861115e-05 5.803354724776e-05 2.64905247604474e-05 2.79783271253109e-05 5.09866586071439e-05 4.26183432864491e-05 4.61420386272948e-05 2.33021837630076e-05 2.42207006522221e-05 0.000255598512012511 0.00029847354744561 0.000532311212737113
0.0190943274646997 0.0314219146966934 0.0271515995264053 0.0183999221771955 0.00774543080478907 0.00468931253999472 0.00549131445586681 0.00161710113752633 0.000731836014892906 0.000838636246044189 0.000739100505597889 0.000229377837968059 0.000160997093189508 2.59374701272463e-05 2.69024094450288e-05 4.75628185085952e-05 5.0956030463567e-05 8.56693877722137e-05 5.72432945773471e-05 8.90312148840167e-05 4.16873917856719e-05 5.97749422013294e-05 0.000129580163047649 7.53368585719727e-05 7.15497371857055e-05 9.39694509725086e-05 7.91607017163187e-05 6.24079839326441e-05 5.94769808230922e-05 6.60285004414618e-05 6.0612233937718e-05 4.35727015428711e-05 4.1872506699292e-05 8.69542054715566e-05 4.98689551022835e-05 3.11560506816022e-05 2.56384901149431e-05 4.46745871158782e-05 0.00018760995590128 0.000156948168296367 0.000128644547658041 0.000264438247540966 0.000140244112117216 0.000526076415553689 0.00151177239604294
0.0254789441823959 0.0326463505625725 0.0335848554968834 0.0256709568202496 0.00814946088939905 0.00350155006162822 0.00453472044318914 0.00219126720912755 0.00132573489099741 0.000836714287288487 0.000488329620566219 0.000170261308085173 0.000133889639982954 3.74798437405843e-05 2.93865814455785e-05 4.16109905927442e-05 4.10265347454697e-05 5.9838974266313e-05 4.96230932185426e-05 6.41794104012661e-05 5.50276927242521e-05 0.000101734563941136 0.000106212035461795 0.000190437334822491 8.28109405119903e-05 9.54986171564087e-05 8.0575977335684e-05 6.65412517264485e-05 6.81134333717637e-05 5.42242160008755e-05 6.20980281382799e-05 5.12445767526515e-05 4.25795515184291e-05 5.56202830921393e-05 3.54944240825716e-05 2.64113623416051e-05 2.69644751824671e-05 0.00015053286915645 0.000158731490955688 0.000131599968881346 0.000145745827467181 0.000153266475535929 0.000461585441371426 0.000817203661426902 0.00100860616657883
0.0355998203158379 0.0351300239562988 0.0252723135054111 0.0161963496357203 0.0114912958815694 0.00479657249525189 0.00895661301910877 0.00287849921733141 0.00121453602332622 0.000820615096017718 0.000745070283301175 0.000202104929485358 0.000192268431419507 5.93266267969739e-05 3.83145379601046e-05 5.44460526725743e-05 4.56121197203174e-05 5.77373866690323e-05 5.15073479618877e-05 7.40256000426598e-05 9.91756896837614e-05 0.000108318774437066 0.000256928440649062 0.000184579606866464 7.14201087248512e-05 0.000241718138568103 0.000119612494017929 7.20648240530863e-05 6.57376804156229e-05 6.59849829389714e-05 5.51303382962942e-05 4.41292831965256e-05 4.36577029176988e-05 5.55236983927898e-05 4.39846480730921e-05 3.21832412737422e-05 0.000235138708376326 0.000170067563885823 0.000166116806212813 0.000183238022145815 0.000214482133742422 0.000631667673587799 0.00137371977325529 0.000682440702803433 0.000391356297768652
0.0385064221918583 0.0331355258822441 0.0288250092417002 0.0199584886431694 0.0167883187532425 0.0164936892688274 0.00665021874010563 0.00410363543778658 0.00313402991741896 0.00181430217344314 0.00116650946438313 0.000680895755067468 0.000268246891209856 0.000131016349769197 2.86919275822584e-05 4.69557708129287e-05 5.27992560819257e-05 6.57060300000012e-05 0.000117470299301203 0.000101869161881041 0.000108731503132731 6.98235380696133e-05 0.000179221970029175 0.000191815663129091 8.5408151790034e-05 0.000207163087907247 0.000172105370438658 0.000200485781533644 8.15968669485301e-05 5.69882504350971e-05 5.45966104255058e-05 4.49705003120471e-05 4.88073928863741e-05 0.000415561313275248 6.21861763647757e-05 0.000199989677639678 0.00031260124524124 0.000222355622099712 0.000163661054102704 0.000195877641090192 0.000413612113334239 0.00093858118634671 0.000733793014660478 0.000417759147239849 0.000274666381301358
0.0273330304771662 0.0369885377585888 0.0389258377254009 0.0322803445160389 0.0263640247285366 0.0243302248418331 0.0121441436931491 0.00390634220093489 0.00427142065018415 0.00321085914038122 0.0018317342037335 0.00100792036391795 0.000332114606862888 0.00020998707623221 4.21467702835798e-05 3.08670714730397e-05 4.99639390909579e-05 5.67877650610171e-05 9.05389679246582e-05 0.000138534189318307 8.6678730440326e-05 8.88589056557976e-05 0.000194722306332551 0.000297580496408045 0.00012675671314355 0.000195288841496222 0.000168012236827053 0.000190583945368417 6.97535433573648e-05 6.6242202592548e-05 4.74696025776211e-05 5.24999850313179e-05 0.000342411483870819 0.000687032821588218 0.000295920443022624 0.000242137190070935 0.000357998273102567 0.000273673475021496 0.000204255571588874 0.000245920906309038 0.000488057179609314 0.000413545145420358 0.00034880664316006 0.00044037023326382 0.00028870056848973
0.0178588591516018 0.0422010496258736 0.0467501990497112 0.0426017493009567 0.0394848734140396 0.0286271683871746 0.0196384098380804 0.012983969412744 0.00369299971498549 0.00297165266238153 0.0119647718966007 0.0107636917382479 0.000944039842579514 0.000235096144024283 7.29725943529047e-05 5.17019616381731e-05 4.82182476844173e-05 5.03998926433269e-05 6.91647655912675e-05 0.000124824306112714 8.28870543045923e-05 0.000165686913533136 0.000218485380173661 0.000262927933363244 0.000179062932147644 0.000186866731382906 0.000167561433045194 9.66908628470264e-05 0.000103791418951005 6.65745174046606e-05 4.67551508336328e-05 4.39471768913791e-05 6.10027454968076e-05 0.000343012594385073 0.000493082625325769 0.00031716757803224 0.000309648748952895 0.000455967150628567 0.000264850386884063 0.000334402604494244 0.000361567363142967 0.000279354833764955 0.000252166908467188 0.000579049868974835 0.000381329446099699
0.0142183676362038 0.0435577593743801 0.0482577160000801 0.0458507724106312 0.0458623766899109 0.0432869009673595 0.0247743800282478 0.0154944099485874 0.00565839372575283 0.00268535944633186 0.0189801454544067 0.0190841127187014 0.00166501593776047 0.000263726979028434 5.3778199799126e-05 5.36619627382606e-05 9.06943896552548e-05 0.000380508048692718 5.42665547982324e-05 7.75743246776983e-05 0.000132045621285215 0.000129010193631984 9.48723318288103e-05 9.96760063571855e-05 0.000194321299204603 0.000130610045744106 0.00010436523007229 7.04323319951072e-05 5.85466259508394e-05 5.66925846214872e-05 5.23039343534037e-05 5.12747574248351e-05 0.00027671133284457 0.000303097505820915 0.000443079101387411 0.000425521750003099 0.000335190765326843 0.000321436469675973 0.000324885797454044 0.000400624179746956 0.0003417348198127 0.000267951079877093 0.000327113928506151 0.000422098353737965 0.000586167618166655
0.0192344877868891 0.030759334564209 0.0466698333621025 0.0539998188614845 0.0601238720118999 0.0463610850274563 0.0322795733809471 0.0310573950409889 0.0208223778754473 0.00344045413658023 0.00479701813310385 0.0167321134358644 0.00953707285225391 0.000644416955765337 6.84980186633766e-05 0.000340883823810145 0.000726851110812277 0.000385516788810492 6.80995435686782e-05 6.83909456711262e-05 9.17735160328448e-05 6.58029166515917e-05 6.71526286168955e-05 6.52951275696978e-05 8.59774809214287e-05 8.63816821947694e-05 9.83449062914588e-05 0.000101465324405581 6.72946334816515e-05 6.75454502925277e-05 4.55699664598797e-05 6.12156363786198e-05 0.000270719523541629 0.000306653528241441 0.000372112699551508 0.00044970097951591 0.000378226046450436 0.000371575326425955 0.000408902065828443 0.000462678464828059 0.000315802259137854 0.00033250855631195 0.000336145982146263 0.000509037461597472 0.000677440606523305
0.0343229509890079 0.039448194205761 0.043123260140419 0.0500776246190071 0.053117748349905 0.0573449470102787 0.0458701364696026 0.0320966690778732 0.0250424426048994 0.00695776380598545 0.00520911021158099 0.0209174659103155 0.0191668197512627 0.0010346882045269 7.02745019225404e-05 0.000107296429632697 0.000512260710820556 6.88324216753244e-05 5.29060926055536e-05 9.35032803681679e-05 6.75957853673026e-05 6.18534177192487e-05 6.68624634272419e-05 8.2722312072292e-05 0.000119223324873019 8.89217481017113e-05 7.15274218237028e-05 7.2255999839399e-05 5.9032732679043e-05 8.02910872153006e-05 7.39145471015945e-05 0.000302632892271504 0.000345768727129325 0.000333031348418444 0.00042067767935805 0.000455869187135249 0.000398391479393467 0.00044117821380496 0.000500511610880494 0.000384531973395497 0.000396352901589125 0.000394885864807293 0.000507825578097254 0.000627357920166105 0.000802960305009037
0.112930506467819 0.0776069238781929 0.0424479693174362 0.0262944102287292 0.0215950049459934 0.043484803289175 0.0506984256207943 0.040605004876852 0.0273004975169897 0.00660812668502331 0.00248815375380218 0.0137673541903496 0.0171776879578829 0.0148890940472484 0.000805863121058792 0.000159730479936115 0.000127740495372564 0.000420836178818718 0.000100867750006728 0.000440903095295653 7.71864506532438e-05 6.17315236013383e-05 9.21955070225522e-05 5.57821040274575e-05 9.27455766941421e-05 4.96134707645979e-05 6.2693034124095e-05 5.29322351212613e-05 5.21210531587712e-05 6.74607363180257e-05 0.000328279449604452 0.00034865242196247 0.00034503941424191 0.000327005633153021 0.000388006825232878 0.000480866845464334 0.000434917805250734 0.000570402480661869 0.000738606846425682 0.000499143439810723 0.000499805842991918 0.000813116203062236 0.0006563063361682 0.000510966405272484 0.000534251739736646
0.221826896071434 0.0708874687552452 0.0273142736405134 0.0297611579298973 0.0238164905458689 0.0190150532871485 0.0274465959519148 0.0680015608668327 0.0450430996716022 0.0107335196807981 0.00422711251303554 0.00739964423701167 0.0218993742018938 0.0176818780601025 0.005595279391855 0.000570797768887132 0.000176066561834887 0.000132165558170527 0.000487704906845465 0.000597450649365783 0.000602465181145817 7.21586839063093e-05 4.90661332150921e-05 4.80663838970941e-05 6.62228048895486e-05 4.81211209262256e-05 0.00035604607546702 5.16211111971643e-05 6.11111827311106e-05 0.000353355833794922 0.00035052202292718 0.000329947244608775 0.000474508764455095 0.000475349894259125 0.00044053845340386 0.000469593302113935 0.000497678061947227 0.000676662311889231 0.000779222755227238 0.000558486673980951 0.00056037527974695 0.000836831284686923 0.000989887514151633 0.000529750075656921 0.000900459417607635
0.15281617641449 0.186440512537956 0.0944821760058403 0.0546518415212631 0.0257697906345129 0.0127051984891295 0.0283699966967106 0.0561489649116993 0.0612689889967442 0.0203625801950693 0.00870524626225233 0.00835708156228065 0.0168572552502155 0.0132710793986917 0.0023882023524493 0.000920353806577623 0.000892163021489978 0.000838546431623399 0.000660734949633479 0.000605326669756323 0.000439399853348732 6.18002522969618e-05 5.78958388359752e-05 5.15578867634758e-05 6.89509979565628e-05 7.4866009526886e-05 7.49299870221876e-05 0.000423237797804177 0.000432326574809849 0.000349540496245027 0.000506280572153628 0.000404441903810948 0.000557696679607034 0.000649070832878351 0.00064610131084919 0.000729625404346734 0.000674276147037745 0.000909559021238238 0.000678589567542076 0.000618034217040986 0.000618589809164405 0.0008458043448627 0.00100163591559976 0.000808837474323809 0.000942032202146947
0.0446384362876415 0.0432899259030819 0.03950584679842 0.0609785839915276 0.0214545410126448 0.0170498490333557 0.0153761925175786 0.0480381511151791 0.0736347213387489 0.0479585975408554 0.0129331042990088 0.00547475321218371 0.0170097853988409 0.00514004658907652 0.00436865724623203 0.00387758039869368 0.000586353417020291 0.00111896346788853 0.000646698870696127 0.000194416585145518 0.000844790658447891 0.000369835091987625 0.000377155811293051 0.000506616837810725 0.00044085766421631 0.000139595897053368 0.000484827789478004 0.000589434523135424 0.000409983476856723 0.000473654014058411 0.000559209554921836 0.000620897801127285 0.000609973270911723 0.000661438913084567 0.000876366859301925 0.000925228698179126 0.000990757253021002 0.000971956353168935 0.000865358510054648 0.00098743406124413 0.000948204484302551 0.000975488510448486 0.00127992080524564 0.000837696949020028 0.0011313691502437
0.204654604196548 0.0464988835155964 0.0302833765745163 0.0335752293467522 0.0339739620685577 0.0243449416011572 0.014658410102129 0.024622606113553 0.0195447187870741 0.0282466970384121 0.0409533530473709 0.00619372166693211 0.0110042216256261 0.0125791570171714 0.0126757835969329 0.00417507905513048 0.00164751627016813 0.000212228129385039 0.00113486824557185 0.000969805405475199 0.000524726172443479 0.000987340114079416 0.000600513187237084 0.00061925157206133 0.000955365772824734 0.000706468243151903 0.00119631399866194 0.000796611129771918 0.000943987455684692 0.000701934681273997 0.000581538246478885 0.000557567051146179 0.000793350453022867 0.000734053377527744 0.000892440380994231 0.00115012389142066 0.0012890991056338 0.0010147315915674 0.00128716300241649 0.00115091481711715 0.00129486690275371 0.00111798569560051 0.00114368053618819 0.000965612940490246 0.000943899329286069
0.175346091389656 0.0731833279132843 0.031423706561327 0.0600833743810654 0.0421020425856113 0.0193565264344215 0.0136823048815131 0.0150084281340241 0.00884706806391478 0.0203870199620724 0.0694637894630432 0.0153400031849742 0.00755717838183045 0.0197898559272289 0.0183768793940544 0.00635649356991053 0.0050764624029398 0.00120275013614446 0.000366809603292495 0.001290287473239 0.000327842048136517 0.000893948134034872 0.000741145107895136 0.000740980438422412 0.000960579491220415 0.000718956114724278 0.000893427699338645 0.0009603530052118 0.000842365494463593 0.000852236582431942 0.000664721243083477 0.000782016664743423 0.00117816275451332 0.00106572837103158 0.000866811256855726 0.000880022358614951 0.000947747786995023 0.00226694229058921 0.00191038032062352 0.00152660463936627 0.0013417232548818 0.00133046228438616 0.00153214170131832 0.00112783710937947 0.00147359655238688
0.643270015716553 0.343092799186707 0.0817850828170776 0.104689076542854 0.0368709489703178 0.0267304591834545 0.0198900941759348 0.0319356434047222 0.0298698823899031 0.00800903234630823 0.0547223836183548 0.0296746473759413 0.00985705386847258 0.0334121771156788 0.0287337359040976 0.0113734593614936 0.00489241629838943 0.00549991615116596 0.00189064349979162 0.00164865655824542 0.00198406307026744 8.53866804391146e-05 0.000434459740063176 0.00154614693019539 0.00119249476119876 0.00109733908902854 0.000715917267370969 0.00105599290691316 0.00137520348653197 0.000914283969905227 0.000648348359391093 0.0015279573854059 0.00118330435361713 0.000969268090557307 0.00158638297580183 0.00132474035490304 0.00185433612205088 0.00225861906073987 0.00335358059965074 0.00228347000665963 0.00269452692009509 0.00154303316958249 0.00131042290013283 0.00130243482999504 0.00178788579069078
0.29747411608696 0.504589021205902 0.373569637537003 0.156095162034035 0.0573119334876537 0.0964623391628265 0.0657232254743576 0.090531624853611 0.026563348248601 0.0122152883559465 0.0217131916433573 0.0685180798172951 0.0142206586897373 0.0334024652838707 0.0309630036354065 0.015113796107471 0.0052695544436574 0.00500544626265764 0.00505248131230474 0.00511593883857131 0.0044266926124692 0.000918834877666086 4.48165119451005e-05 0.00016096347826533 0.000892763549927622 0.00164800987113267 0.000783460505772382 0.00165564054623246 0.00135735725052655 0.00124252098612487 0.000652561662718654 0.00128931947983801 0.00114626821596175 0.0015771082835272 0.00260561075992882 0.00137853191699833 0.00215885718353093 0.00264854752458632 0.00374803203158081 0.00439075939357281 0.00231564627029002 0.00188238301780075 0.00276171718724072 0.00356947653926909 0.00271272868849337
0.100678242743015 0.0870763212442398 0.315426647663116 0.638247609138489 0.431057423353195 0.312675774097443 0.0436274297535419 0.0309919640421867 0.0410769246518612 0.0327984504401684 0.0137232262641191 0.134678214788437 0.010725412517786 0.0396165028214455 0.0342895202338696 0.0179999992251396 0.000165289762662724 0.000721652060747147 0.000816885032691061 0.00476236362010241 0.00504782050848007 0.00458619231358171 0.0025980866048485 1.14503218355821e-05 7.58489477448165e-05 0.00187660590745509 0.00157537998165935 0.00142565520945936 0.00146749056875706 0.000460205192212015 0.00149499636609107 0.00251945899799466 0.00276749348267913 0.00214725104160607 0.00351296295411885 0.00253826030530035 0.00314590381458402 0.00520297093316913 0.00563443778082728 0.00539489928632975 0.00563229154795408 0.00375031284056604 0.00321683823131025 0.00360556272789836 0.00286718481220305
0.077144056558609 0.279060453176498 0.540781736373901 0.502661347389221 0.537739813327789 0.427211999893188 0.308787405490875 0.131838485598564 0.0892032906413078 0.0296940989792347 0.0119921118021011 0.10678519308567 0.033887654542923 0.0128544773906469 0.062616154551506 0.0335618332028389 0.00010327384370612 3.9702863432467e-05 0.000503968505654484 0.00398952420800924 0.0035289372317493 0.00621671415865421 0.00510179018601775 6.18338572166977e-06 1.99667056222097e-06 5.03266710438766e-05 0.0016396117862314 0.00291751069016755 0.00108483294025064 0.000236483421758749 0.000243141446844675 0.000377937365556136 0.00184603594243526 0.00216050795279443 0.00252902181819081 0.00394589407369494 0.00503966258838773 0.00545006431639194 0.00573927909135818 0.00597863597795367 0.0063996659591794 0.00489839818328619 0.00293264561332762 0.00232218368910253 0.00429627252742648
