data/climate_estimation/maxent_output/Calochortus_leichtlinii.asc
NCOLS 55 
NROWS 78 
XLLCORNER -122.583333333333 
YLLCORNER 35.8333333333333 
CELLSIZE 0.0833333333333332 
NODATA_value -3.4e+38 
[rows 57 to 75 of 78, columns 0 to 42 of 55]
0.000464434910099953 0.00112432497553527 0.00143403955735266 0.000762376352213323 0.0013510026037693 0.00158692267723382 0.00163523573428392 0.00220021302811801 0.00427601067349315 0.00684600323438644 0.0564025528728962 0.0513724535703659 0.0539918653666973 0.00940372049808502 0.00662481505423784 0.00500897970050573 0.00453203963115811 0.00431101582944393 0.00407863408327103 0.00395782291889191 0.00371581804938614 0.00362633890472353 0.00350524508394301 0.000979005126282573 0.000944199098739773 0.000915472221095115 0.000884375534951687 0.00315288151614368 0.00395899685099721 0.0298414211720228 0.0534397959709167 0.064372219145298 0.20360067486763 0.461008101701736 0.714271247386932 0.748140692710876 0.723361968994141 0.733629465103149 0.667973816394806 0.751602947711945 0.777595698833466 0.765010058879852 0.718035459518433
-3.4e+38 0.000535995990503579 0.00163416063878685 0.00323469494469464 0.0014645621413365 0.00165978132281452 0.00133365974761546 0.00155263883061707 0.00334500405006111 0.021825423464179 0.0553784593939781 0.054766558110714 0.0628868639469147 0.0529827103018761 0.00931131932884455 0.00570168625563383 0.00482153194025159 0.00413012877106667 0.00395957799628377 0.00362530257552862 0.00357816857285798 0.00342447333969176 0.0010078763589263 0.00102169206365943 0.000970944296568632 0.000912690709810704 0.000903971784282476 0.000846203358378261 0.0032146314624697 0.00395056325942278 0.0254910681396723 0.0251522604376078 0.032942745834589 0.12509660422802 0.472208172082901 0.70779675245285 0.748887419700623 0.725942492485046 0.765145421028137 0.758179426193237 0.733533680438995 0.742703855037689 0.689873814582825
-3.4e+38 0.000562647823244333 0.00116074271500111 0.00382463028654456 0.00452429382130504 0.00142553122714162 0.00127457280177623 0.00141106522642076 0.00178632535971701 0.00416622310876846 0.0398109331727028 0.065720833837986 0.044243611395359 0.0426503047347069 0.00926653482019901 0.00668237404897809 0.00499552628025413 0.00420838873833418 0.00370351481251419 0.00100868416484445 0.000975631293840706 0.0010173978516832 0.00102363678161055 0.00102761469315737 0.000977007672190666 0.000942333252169192 0.000881823129020631 0.000789745477959514 0.000751567014958709 0.00275872927159071 0.00361308641731739 0.00538764242082834 0.00428260769695044 0.0232046544551849 0.0438709296286106 0.201924413442612 0.71683007478714 0.765942931175232 0.616674721240997 0.453825801610947 0.763421952724457 0.782522916793823 0.768521308898926
-339999999999999996123846586046231871488.000000000000000 -3.4e+38 0.00129937671590596 0.0018286844715476 0.00515267346054316 0.00916322041302919 0.00167474756017327 0.00168907013721764 0.00184564921073616 0.00262696365825832 0.0208954364061356 0.0575833581387997 0.056606836616993 0.0379714444279671 0.0345674864947796 0.00660847779363394 0.00538144912570715 0.00465455930680037 0.00106157781556249 0.00101120956242085 0.000912354560568929 0.000962713093031198 0.000999616109766066 0.00103388773277402 0.00103237514849752 0.000939899706281722 0.000855526246596128 0.000779820955358446 0.000698373245541006 0.00069069949677214 0.00078198901610449 0.00266105309128761 0.00282859383150935 0.00449453108012676 0.0468940548598766 0.0747808814048767 0.244719311594963 0.73812872171402 0.681338846683502 0.729558229446411 0.703465819358826 0.718513429164886 0.738828599452972
-3.4e+38 -3.4e+38 0.00109950767364353 0.00326331797987223 0.00436259107664227 0.0070383925922215 0.00982248783111572 0.00912814401090145 0.0024168195668608 0.00253980839625001 0.00347625836730003 0.0174647346138954 0.0425008162856102 0.0311863254755735 0.0253309961408377 0.00676346430554986 0.00575708178803325 0.00507883448153734 0.00421613641083241 0.00100492453202605 0.00090817833552137 0.000874149729497731 0.000863006222061813 0.000935128657147288 0.00100069970358163 0.000904260494280607 0.000873295473866165 0.000772551284171641 0.000692319532390684 0.000604142376687378 0.000601382576860487 0.000593941076658666 0.00252956501208246 0.00291703967377543 0.00613402668386698 0.00689349323511124 0.0386698395013809 0.181256145238876 0.355194747447968 0.618132948875427 0.763694405555725 0.719387590885162 0.704229593276978
-3.4e+38 -3.4e+38 0.000537651882041246 0.00106297538150102 0.0063079041428864 0.00441076792776585 0.00529893394559622 0.00865985173732042 0.017739050090313 0.0126317078247666 0.00974332075566053 0.00312373391352594 0.0206304546445608 0.0286041237413883 0.0246937349438667 0.00673490017652512 0.00656395871192217 0.00597173068672419 0.0047916155308485 0.00111488753464073 0.000870843417942524 0.000802641676273197 0.000799500616267323 0.000814480939880013 0.000824624439701438 0.000821650202851743 0.000800464302301407 0.000732984219212085 0.000685591425281018 0.000599453749600798 0.000546524184755981 0.000514965446200222 0.000529130396898836 0.00245887180790305 0.00270218471996486 0.003917689435184 0.00400108704343438 0.0298353489488363 0.119120232760906 0.734713435173035 0.755026936531067 0.752045512199402 0.702833116054535
-3.4e+38 -3.4e+38 -3.4e+38 0.000718083290848881 0.00136672868393362 0.00288584874942899 0.00267500290647149 0.00336284446530044 0.00683150440454483 0.0099313473328948 0.00907103903591633 0.00766541110351682 0.00967438612133265 0.0165603440254927 0.0200361758470535 0.00640398729592562 0.00632533011958003 0.00653449725359678 0.00524117844179273 0.00383748998865485 0.000810857280157506 0.000751055777072906 0.000708537292666733 0.000725237012375146 0.000689731503371149 0.000691594381351024 0.000669016793835908 0.000636513810604811 0.000577037921175361 0.000556974089704454 0.000511571124661714 0.000477621942991391 0.000473879656055942 0.00043484999332577 0.000477810972370207 0.00058892072411254 0.00284097669646144 0.00900559965521097 0.130552157759666 0.406690567731857 0.64624559879303 0.803949773311615 0.79253876209259
-3.4e+38 -3.4e+38 -3.4e+38 -3.4e+38 0.000676704978104681 0.0010247373720631 0.00107369443867356 0.00141200411599129 0.00201566098257899 0.00219043972902 0.00424926588311791 0.00822809711098671 0.00689155096188188 0.0024987393990159 0.00346817751415074 0.0199179202318192 0.0277189593762159 0.00608374970033765 0.00476379599422216 0.00367339374497533 0.00308715947903693 0.0007455829763785 0.000680826080497354 0.000653882569167763 0.00062919280026108 0.000612430449109524 0.000592632975894958 0.000568574876524508 0.00054194702534005 0.000480727379908785 0.000439483788795769 0.000447306345449761 0.000425129546783864 0.000412970315665007 0.000395037204725668 0.000492553983349353 0.000508398748934269 0.00310526951216161 0.00532398233190179 0.00709782307967544 0.0706712156534195 0.443721532821655 0.83136373758316
-3.4e+38 -3.4e+38 -3.4e+38 -3.4e+38 -3.4e+38 -3.4e+38 -3.4e+38 -3.4e+38 0.00104717665817589 0.00101638538762927 0.00178256491199136 0.00331094628199935 0.00461289752274752 0.00155089853797108 0.00236971070989966 0.0148866847157478 0.0305036976933479 0.00688223401084542 0.00517432624474168 0.00361175020225346 0.00307879666797817 0.00254455464892089 0.000676872208714485 0.000624984153546393 0.000584115041419864 0.000570235715713352 0.000524768838658929 0.000506013864651322 0.000477032503113151 0.000442705932073295 0.000425458361860365 0.000396644172724336 0.000405520782805979 0.000408000632887706 0.000401537312427536 0.000404423946747556 0.000453375076176599 0.000665227184072137 0.00372023298405111 0.00308323046192527 0.00687443558126688 0.00584179069846869 0.0678027868270874
-3.4e+38 -3.4e+38 -3.4e+38 -3.4e+38 -3.4e+38 -3.4e+38 -3.4e+38 -3.4e+38 -3.4e+38 0.000197640518308617 0.000298183673294261 0.00208250340074301 0.00583215663209558 0.00879782531410456 0.00210303044877946 0.010211861692369 0.0166356209665537 0.0242675933986902 0.00677925115451217 0.00755129987373948 0.00328245549462736 0.00236974470317364 0.000634000112768263 0.000609395559877157 0.000546365976333618 0.000536328763701022 0.000493043859023601 0.000485559663502499 0.000440941832493991 0.000419936404796317 0.000422831595642492 0.000396376912249252 0.000395020615542307 0.000414870941312984 0.000419567280914634 0.000417164585087448 0.000440159201389179 0.00049655803013593 0.000605356588494033 0.00343161448836327 0.00538049219176173 0.0738139972090721 0.189869776368141
-3.4e+38 -3.4e+38 -3.4e+38 -3.4e+38 -3.4e+38 -3.4e+38 -3.4e+38 -3.4e+38 -3.4e+38 0.000128504572785459 0.000176188768818974 0.000278755614999682 0.00340896868146956 0.0168627873063087 0.0128522766754031 0.00234955968335271 0.011049497872591 0.021673496812582 0.0290316846221685 0.0105225509032607 0.00329818902537227 0.00407462008297443 0.00243003643117845 0.000565966533031315 0.000530687044374645 0.000510501849930733 0.000468941056169569 0.000454786495538428 0.000437294453149661 0.000417198403738439 0.000391621259041131 0.00036790085141547 0.00037603173404932 0.000382103607989848 0.00040854822145775 0.000456336827483028 0.000471651990665123 0.000494715175591409 0.000610248593147844 0.00299175060354173 0.00426193233579397 0.00717939389869571 0.115510925650597
-3.4e+38 -3.4e+38 -3.4e+38 -3.4e+38 -3.4e+38 -3.4e+38 -3.4e+38 8.60109430504963e-05 8.5699197370559e-05 0.000146312595461495 0.000160631985636428 0.000195686632650904 0.000347727618645877 0.00352484313771129 0.0158808697015047 0.0181988924741745 0.00276046595536172 0.0173613503575325 0.0339651219546795 0.00512175960466266 0.00295934337191284 0.00371911027468741 0.00255646905861795 0.00203127018176019 0.000525608367752284 0.000497517816256732 0.000479642709251493 0.00043359020492062 0.000402654462959617 0.000393422436900437 0.000375895149772987 0.000365834945114329 0.00037742021959275 0.000386372528737411 0.000414051784900948 0.00048789638094604 0.000484340940602124 0.000530918245203793 0.000548985088244081 0.000586194975767285 0.00333308475092053 0.00427601812407374 0.00891868956387043
-3.4e+38 -3.4e+38 -3.4e+38 -3.4e+38 -3.4e+38 -3.4e+38 -3.4e+38 7.94165753177367e-05 0.000112711742985994 0.000169418854056858 0.00129217118956149 0.00508163357153535 0.000479352107504383 0.000475720706162974 0.00138442707248032 0.0139281749725342 0.0030136457644403 0.00253324862569571 0.027094941586256 0.0101169133558869 0.00573471561074257 0.00427381228655577 0.00390898389741778 0.0035080153029412 0.00241807475686073 0.000478915404528379 0.000454421708127484 0.000430579035310075 0.000400940771214664 0.000374786643078551 0.000358662538928911 0.000339736667228863 0.000370531750377268 0.000355233525624499 0.000382875034119934 0.000432437373092398 0.000513286504428834 0.000590477488003671 0.000624558480922133 0.000609826645813882 0.000696241855621338 0.000784429896157235 0.00356732960790396
-3.4e+38 -3.4e+38 -3.4e+38 -3.4e+38 -3.4e+38 -3.4e+38 -3.4e+38 9.01780513231643e-05 0.0012913653627038 0.00174587976653129 0.00122279021888971 0.00332347792573273 0.010727871209383 0.000630280585028231 0.00061971036484465 0.00157651922199875 0.00246274587698281 0.00188888562843204 0.00303272996097803 0.00605890294536948 0.0126515692099929 0.00798019859939814 0.00463874032720923 0.0055854395031929 0.00403490848839283 0.00195816159248352 0.00142876943573356 0.000403333833673969 0.000388039130484685 0.000358648016117513 0.000337376812240109 0.000314703822368756 0.000315573968691751 0.000346867484040558 0.000386161089409143 0.000425099744461477 0.000502535549458116 0.000557089108042419 0.00064993160776794 0.00067686487454921 0.000607505440711975 0.000608188041951507 0.000662547769024968
-3.4e+38 -3.4e+38 -3.4e+38 -3.4e+38 -3.4e+38 -3.4e+38 -3.4e+38 -3.4e+38 0.000744960270822048 0.00403175363317132 0.00428954837843776 0.0039480971172452 0.00930244754999876 0.017045296728611 0.00107587454840541 0.000788064789958298 0.00139049312565476 0.00161260773893446 0.00226465193554759 0.00377115397714078 0.0102674001827836 0.0107295177876949 0.0268771536648273 0.115170381963253 0.00778913078829646 0.00308414222672582 0.00154859048780054 0.00124163995496929 0.00121970078907907 0.0011497848900035 0.000305315421428531 0.000293911958578974 0.000296088663162664 0.00029788663960062 0.000324195745633915 0.000374619761714712 0.000450406485470012 0.000485131924506277 0.000570634612813592 0.000701668439432979 0.000683927850332111 0.000583182962145656 0.000551179749891162
-3.4e+38 -3.4e+38 -3.4e+38 -3.4e+38 -3.4e+38 -3.4e+38 -3.4e+38 -3.4e+38 7.66755620134063e-05 0.00126584735698998 0.00468379585072398 0.0127029875293374 0.0141938030719757 0.00453407410532236 0.00142980425152928 0.000903769861906767 0.00030908768530935 0.00153975200373679 0.00206965277902782 0.00263251643627882 0.00506868306547403 0.0146787222474813 0.0148192821070552 0.014258524402976 0.0107501121237874 0.00869095046073198 0.00324813206680119 0.00108709058258682 0.00101890170481056 0.000921789847780019 0.000243273811065592 0.000237354863202199 0.000239958593738265 0.000262258021393791 0.000277485436527058 0.000335543387336656 0.000378041877411306 0.000438545306678861 0.000500390015076846 0.000584426219575107 0.000626389286480844 0.000580128107685596 0.000577110913582146
-3.4e+38 -3.4e+38 -3.4e+38 -3.4e+38 -3.4e+38 -3.4e+38 -3.4e+38 -3.4e+38 -3.4e+38 0.000103756043245085 0.00203396799042821 0.00625288812443614 0.00494747282937169 0.005953349173069 0.0025798047427088 0.00136194028891623 0.00143082102295011 0.000350470509147272 0.000517089967615902 0.00243391678668559 0.00328558194451034 0.00563939101994038 0.0087563106790185 0.00938878674060106 0.00582430465146899 0.00248766527511179 0.00132150133140385 0.000849393138196319 0.000711273576598614 0.000641770835500211 0.000607744674198329 0.000180984323378652 0.00019702767895069 0.000228614517254755 0.0002418029907858 0.000272021279670298 0.000304396729916334 0.000346938380971551 0.000415031594457105 0.000453131797257811 0.000486540229758248 0.000507061195094138 0.000517020467668772
-3.4e+38 -3.4e+38 -3.4e+38 -3.4e+38 -3.4e+38 -3.4e+38 -3.4e+38 -3.4e+38 -3.4e+38 -3.4e+38 0.000107120162283536 0.00226393551565707 0.00635497830808163 0.00911259185522795 0.0118964947760105 0.00241489801555872 0.00178566994145513 0.000404217018513009 0.000411538203479722 0.00054166920017451 0.00274264672771096 0.0037348500918597 0.00653367536142468 0.00734848901629448 0.00470721628516912 0.00276916823349893 0.00117972609587014 0.000733247434254736 0.000558600237127393 0.000432150292908773 0.000457935908343643 0.000151465443195775 0.000166105557582341 0.000192680163308978 0.000202321491087787 0.000217825421714224 0.000242779031395912 0.000298222148558125 0.000323426880640909 0.000358577934093773 0.00039094578824006 0.000397726777009666 0.000406931183533743
-3.4e+38 -3.4e+38 -3.4e+38 -3.4e+38 -3.4e+38 -3.4e+38 -3.4e+38 -3.4e+38 -3.4e+38 -3.4e+38 -3.4e+38 0.000114686576125678 0.000705688784364611 0.00176644674502313 0.00134761852677912 0.00115316547453403 0.00143734540324658 0.00234019244089723 0.00214694556780159 0.000482571747852489 0.000614286109339446 0.00315362913534045 0.00493296422064304 0.00598672917112708 0.00834107212722301 0.0037493365816772 0.00197786302305758 0.00124170479830354 0.000677991774864495 0.000561676861252636 0.000420176220359281 0.000140493109938689 0.000161298259627074 0.000176999456016347 0.000186569188372232 0.000190829421626404 0.000206550059374422 0.000245921837631613 0.000268412492005154 0.00028576870681718 0.000311544456053525 0.000316409103106707 0.000299519801046699
