data/climate_estimation/maxent_output/Calochortus_concolor.asc
NCOLS 45 
NROWS 96 
XLLCORNER -119.25 
YLLCORNER 30.75 
CELLSIZE 0.0833333333333333 
NODATA_value -3.4e+38 
[rows 48 to 71 of 96, columns 0 to 44 of 45]
0.896516799926758 0.939048528671265 0.954259693622589 0.987479746341705 0.907701194286346 0.790362238883972 0.852001070976257 0.906323194503784 0.850345969200134 0.416343241930008 0.194105103611946 0.0864391550421715 0.0585123635828495 0.0575139187276363 0.05368497595191 0.0541823692619801 0.0578991696238518 0.114758878946304 0.101317025721073 0.106246918439865 0.160612747073174 0.024458035826683 0.0108295036479831 0.0176478810608387 0.0224571209400892 0.0772527083754539 0.0883931219577789 0.0943933129310608 0.293494820594788 0.5621178150177 0.244801729917526 0.196658924221992 0.023510405793786 0.00566264474764466 0.00124382157810032 0.00117129576392472 0.000987555598840117 0.000702797377016395 0.000898423313628882 0.00125531968660653 0.00249455613084137 0.00774929206818342 0.00786159932613373 0.0179950017482042 0.00314659741707146
0.849893510341644 0.886554419994354 0.940333545207977 0.95875072479248 0.958405435085297 0.815196812152863 0.665440797805786 0.601311087608337 0.502963483333588 0.472767293453217 0.631870865821838 0.384820520877838 0.14635843038559 0.111959040164948 0.077155239880085 0.110662095248699 0.149850949645042 0.200875222682953 0.22624871134758 0.164843544363976 0.145798459649086 0.0575259923934937 0.0255623981356621 0.10687729716301 0.0601643659174442 0.20204770565033 0.547907829284668 0.267570108175278 0.534980595111847 0.557441413402557 0.383801758289337 0.447253257036209 0.0935794413089752 0.0282503869384527 0.00524182105436921 0.00228943908587098 0.00494713056832552 0.000500648573506624 0.000103095640952233 0.000194488282431848 0.000214870073250495 0.000274928665021434 0.0007089480641298 0.000446801714133471 0.000573143421206623
0.732813477516174 0.819451034069061 0.891166746616364 0.824293255805969 0.904358327388763 0.635285437107086 0.674468517303467 0.471812456846237 0.50799149274826 0.445294082164764 0.473771840333939 0.631917178630829 0.63459438085556 0.265662759542465 0.305632025003433 0.343368947505951 0.139831468462944 0.188904210925102 0.181958630681038 0.208557099103928 0.238537192344666 0.142355620861053 0.14187203347683 0.0744082033634186 0.101851969957352 0.330553442239761 0.66142463684082 0.125521704554558 0.0899408683180809 0.152316689491272 0.250015258789062 0.0479412600398064 0.0115364342927933 0.0154466414824128 0.0257798153907061 0.0382105521857738 0.0105941714718938 0.00147645582910627 0.000148865801747888 4.3481446482474e-05 2.71684984909371e-05 2.84318757621804e-05 2.67625491687795e-05 5.8674060710473e-05 5.52088567928877e-05
0.151070430874825 0.330045700073242 0.735126316547394 0.357801288366318 0.372601568698883 0.268702507019043 0.252936691045761 0.375865697860718 0.399237006902695 0.410968959331512 0.479633241891861 0.455272048711777 0.510018587112427 0.65514999628067 0.783007800579071 0.704859673976898 0.554097414016724 0.529361248016357 0.565293192863464 0.398647606372833 0.361627638339996 0.403109163045883 0.359725624322891 0.27609184384346 0.219671100378036 0.313000828027725 0.290839672088623 0.272009551525116 0.194238185882568 0.230454057455063 0.0995865315198898 0.0260292552411556 0.0146801955997944 0.00765080843120813 0.00482537131756544 0.0138849401846528 0.0086796972900629 0.0109002683311701 0.00189869536552578 0.000342635437846184 5.19466557307169e-05 3.61006896127947e-05 2.68280800810317e-05 2.55857448792085e-05 4.72384526801761e-05
0.110568478703499 0.122698925435543 0.127724155783653 0.1642886698246 0.185820624232292 0.223966225981712 0.24723593890667 0.322559505701065 0.329205542802811 0.470039457082748 0.642619013786316 0.731738030910492 0.769609451293945 0.716325461864471 0.702127158641815 0.65398782491684 0.706589639186859 0.559885561466217 0.762994408607483 0.701745331287384 0.578500211238861 0.540485918521881 0.494992613792419 0.458534598350525 0.61621105670929 0.802717804908752 0.72802859544754 0.870007634162903 0.828285992145538 0.805763721466064 0.45301228761673 0.102361999452114 0.0338825024664402 0.0131007833406329 0.00681888405233622 0.00608265772461891 0.0026001650840044 0.0029269945807755 0.00808225385844707 0.00367371970787644 0.00240347115322948 0.00183476344682276 6.00332059548236e-05 4.26214064646047e-05 6.91394307068549e-05
0.111918024718761 0.118346229195595 0.126643374562263 0.134338095784187 0.151959493756294 0.178030773997307 0.182852074503899 0.2220758497715 0.225935071706772 0.299920231103897 0.319731265306473 0.469287067651749 0.687938809394836 0.721963763237 0.628618240356445 0.6952845454216 0.645848453044891 0.578953564167023 0.62162458896637 0.441599637269974 0.653917849063873 0.378401219844818 0.564130961894989 0.570371091365814 0.62509423494339 0.738616168498993 0.767023801803589 0.661121845245361 0.667288362979889 0.857891261577606 0.840400099754333 0.799197554588318 0.818475365638733 0.176699787378311 0.0274594034999609 0.0076779443770647 0.00256061484105885 0.000778976769652218 0.00338863674551249 0.00102184538263828 0.00231760763563216 0.0112152947112918 0.000679261283949018 0.000165723220561631 0.00020715435675811
0.09949741512537 0.105725787580013 0.117515414953232 0.115751139819622 0.127830550074577 0.171732068061829 0.167652472853661 0.175710573792458 0.150153458118439 0.16967861354351 0.166412428021431 0.275880604982376 0.261032968759537 0.45057800412178 0.54074764251709 0.466703951358795 0.210290610790253 0.312263906002045 0.507290065288544 0.640536069869995 0.571830630302429 0.2951799929142 0.320047616958618 0.583872139453888 0.697113454341888 0.715621769428253 0.758098602294922 0.581802427768707 0.64885288476944 0.430431067943573 0.425123602151871 0.857146441936493 0.863257586956024 0.523272573947906 0.06502715498209 0.0166788585484028 0.00445416010916233 0.00106882641557604 0.00054953689686954 0.000428867613663897 0.000241603978793137 0.000482967734569684 0.00271495524793863 0.00167212227825075 0.00271451869048178
0.103931121528149 0.108531065285206 0.124359585344791 0.141696006059647 0.141708165407181 0.145330056548119 0.137775927782059 0.159379288554192 0.180352255702019 0.164640858769417 0.14113961160183 0.113210365176201 0.0889633074402809 0.0847380012273788 0.0806674137711525 0.158743783831596 0.149778887629509 0.163795053958893 0.180061101913452 0.179307997226715 0.17678613960743 0.186817601323128 0.21327967941761 0.350320398807526 0.364400029182434 0.567317306995392 0.676568567752838 0.564763367176056 0.198976710438728 0.219614058732986 0.674460589885712 0.850588858127594 0.828482389450073 0.550399363040924 0.172864362597466 0.0412891991436481 0.0237024202942848 0.0108363041654229 0.00237123388797045 0.00124030467122793 0.00032389402622357 0.000200838141608983 0.000194710839423351 0.000675450428389013 0.00217846292071044
-3.4e+38 -3.4e+38 0.118260428309441 0.124384544789791 0.139686763286591 0.137392312288284 0.142386615276337 0.164777919650078 0.15510082244873 0.141386181116104 0.129883304238319 0.120551057159901 0.0804760158061981 0.0947512835264206 0.105696745216846 0.117485411465168 0.206155717372894 0.198135852813721 0.301068544387817 0.299278885126114 0.301469027996063 0.333699285984039 0.382417172193527 0.328066319227219 0.365181863307953 0.412767440080643 0.535242736339569 0.888883411884308 0.638401985168457 0.667513251304626 0.839282035827637 0.681537508964539 0.105693288147449 0.444621384143829 0.797379910945892 0.750599980354309 0.55749785900116 0.436330616474152 0.143115699291229 0.0382057726383209 0.00862376671284437 0.00220833043567836 0.00320901162922382 0.00260133226402104 0.00180980621371418
-3.4e+38 -3.4e+38 -3.4e+38 -3.4e+38 -3.4e+38 -3.4e+38 -3.4e+38 -3.4e+38 -3.4e+38 0.1423269957304 0.149306535720825 0.13508914411068 0.128834143280983 0.140126556158066 0.159104362130165 0.143276154994965 0.245874881744385 0.30308273434639 0.351936548948288 0.210254088044167 0.275513499975204 0.510144472122192 0.413972318172455 0.405858278274536 0.445623725652695 0.495623141527176 0.461688131093979 0.584860026836395 0.571342885494232 0.764156639575958 0.721900343894958 0.0639977306127548 0.00226493459194899 0.0119765549898148 0.0271782763302326 0.530499756336212 0.730459451675415 0.629400134086609 0.184769824147224 0.0214053131639957 0.00500732008367777 0.00602357881143689 0.000647660461254418 0.000670078617986292 0.000430915679316968
-3.4e+38 -3.4e+38 -3.4e+38 -3.4e+38 -3.4e+38 -3.4e+38 -3.4e+38 -3.4e+38 -3.4e+38 0.144122451543808 0.172472804784775 0.168992161750793 0.163470640778542 0.209616333246231 0.196098938584328 0.198782846331596 0.189221605658531 0.331751197576523 0.450249165296555 0.35396620631218 0.136300325393677 0.485442161560059 0.501875162124634 0.517105996608734 0.428587883710861 0.461406767368317 0.503616333007812 0.506281554698944 0.719539403915405 0.869494199752808 0.936537802219391 0.325834304094315 0.00398384314030409 0.00176115776412189 0.00121802918147296 0.00103435921482742 0.0138735435903072 0.28531476855278 0.212095826864243 0.0499613396823406 0.0146740460768342 0.00452637206763029 0.00281208311207592 0.00345898070372641 0.00702906027436256
-3.4e+38 -3.4e+38 -3.4e+38 -3.4e+38 -3.4e+38 -3.4e+38 -3.4e+38 -3.4e+38 -3.4e+38 0.191817760467529 0.215693593025208 0.181279182434082 0.166675105690956 0.201355040073395 0.23857544362545 0.221504628658295 0.236085891723633 0.440212845802307 0.585587739944458 0.458986848592758 0.509866833686829 0.574933588504791 0.505768179893494 0.521587431430817 0.582941651344299 0.568453073501587 0.540706157684326 0.576643884181976 0.588714420795441 0.905322730541229 0.402078479528427 0.702725946903229 0.00665488746017218 0.00135608098935336 0.00030967136262916 0.000216257685679011 0.000225751660764217 0.0012171579292044 0.0536553263664246 0.0661378651857376 0.0695580765604973 0.0307308360934258 0.0221321526914835 0.0201011095196009 0.013609922491014
-3.4e+38 -3.4e+38 -3.4e+38 -3.4e+38 -3.4e+38 -3.4e+38 -3.4e+38 -3.4e+38 -3.4e+38 -3.4e+38 0.247018843889236 0.215736672282219 0.224311619997025 0.215730652213097 0.246362298727036 0.253587007522583 0.219040155410767 0.440308779478073 0.596177816390991 0.513935685157776 0.470849484205246 0.503589570522308 0.628925561904907 0.565608739852905 0.569149971008301 0.549226403236389 0.562471270561218 0.603164553642273 0.67119288444519 0.911027789115906 0.918077707290649 0.915850698947906 0.48649588227272 0.0431855544447899 0.000692192290443927 0.000220527130295523 0.000120487602544017 0.000102393765700981 0.000777140667196363 0.00925724674016237 0.0226673055440187 0.0178885124623775 0.0205409768968821 0.00284825824201107 0.00278569874353707
-3.4e+38 -3.4e+38 -3.4e+38 -3.4e+38 -3.4e+38 -3.4e+38 -3.4e+38 -3.4e+38 -3.4e+38 -3.4e+38 -3.4e+38 -3.4e+38 -3.4e+38 -3.4e+38 0.25548979640007 0.233744576573372 0.245722591876984 0.463273346424103 0.655755221843719 0.63914281129837 0.571586489677429 0.51239424943924 0.554977774620056 0.630063712596893 0.621472656726837 0.640356063842773 0.63438481092453 0.595332980155945 0.846964359283447 0.929373323917389 0.929148614406586 0.918415665626526 0.901360809803009 0.875746846199036 0.116182312369347 0.000753994158003479 0.000143894416396506 8.81598825799301e-05 0.000134443733259104 0.000376324780518189 0.000667235348373652 0.00605461280792952 0.00499102473258972 0.00336111849173903 0.0022275154478848
-3.4e+38 -3.4e+38 -3.4e+38 -3.4e+38 -3.4e+38 -3.4e+38 -3.4e+38 -3.4e+38 -3.4e+38 -3.4e+38 -3.4e+38 -3.4e+38 -3.4e+38 -3.4e+38 -3.4e+38 -3.4e+38 0.430429935455322 0.507910013198853 0.579765856266022 0.700041472911835 0.762648105621338 0.550329148769379 0.582629084587097 0.590236246585846 0.703297734260559 0.602673828601837 0.600903570652008 0.661901354789734 0.757079780101776 0.9383584856987 0.941974520683289 0.926875054836273 0.905554890632629 0.903572618961334 0.888937890529633 0.111309789121151 0.000435019377619028 0.000118307667435147 8.59251813380979e-05 6.92088724463247e-05 0.000116488321509678 0.000779670255724341 0.000848606054205447 0.00107738643418998 0.0031630452722311
-3.4e+38 -3.4e+38 0.130579218268394 -3.4e+38 -3.4e+38 -3.4e+38 -3.4e+38 0.191128000617027 0.258303374052048 0.223724111914635 0.206608578562737 -3.4e+38 -3.4e+38 -3.4e+38 -3.4e+38 -3.4e+38 -3.4e+38 -3.4e+38 0.520129561424255 0.60586804151535 0.749196171760559 0.760773181915283 0.593684256076813 0.690607905387878 0.666266739368439 0.637699782848358 0.646198928356171 0.789038002490997 0.918353259563446 0.929536461830139 0.929812908172607 0.924817383289337 0.920318961143494 0.922496199607849 0.853697836399078 0.839144885540009 0.0502886399626732 0.000197208544705063 0.000110184788354672 8.03654838819057e-05 6.45210966467857e-05 6.402179133147e-05 9.46197251323611e-05 0.00361814396455884 0.0067117284052074
-3.4e+38 -3.4e+38 -3.4e+38 -3.4e+38 -3.4e+38 -3.4e+38 -3.4e+38 -3.4e+38 -3.4e+38 0.292918801307678 0.324501097202301 0.235190182924271 -3.4e+38 -3.4e+38 -3.4e+38 -3.4e+38 -3.4e+38 -3.4e+38 -3.4e+38 0.562848389148712 0.716265320777893 0.768246829509735 0.76772266626358 0.759003758430481 0.705315709114075 0.646616280078888 0.713000416755676 0.864617764949799 0.943211376667023 0.907237827777863 0.942113637924194 0.928506851196289 0.90723317861557 0.286291122436523 0.0121621349826455 0.00135688425507396 0.332408398389816 0.00732162408530712 0.00018744237604551 0.000113227324618492 8.40299981064163e-05 6.63769678794779e-05 5.16406616952736e-05 7.056775939418e-05 0.00014112310600467
-3.4e+38 -3.4e+38 -3.4e+38 -3.4e+38 -3.4e+38 -3.4e+38 -3.4e+38 -3.4e+38 -3.4e+38 0.227869212627411 0.275944888591766 0.311430603265762 -3.4e+38 -3.4e+38 -3.4e+38 -3.4e+38 -3.4e+38 -3.4e+38 -3.4e+38 -3.4e+38 -3.4e+38 0.545626878738403 0.626446962356567 0.689361393451691 0.644542992115021 0.62754225730896 0.610045731067657 0.693187177181244 0.866114258766174 0.897743701934814 0.967536389827728 0.931486845016479 0.914944112300873 0.924736022949219 0.00125209847465158 0.000753385713323951 0.00292380037717521 0.00185955222696066 0.000285174959572032 0.000162363867275417 0.000111801964521874 8.54933095979504e-05 6.70816370984539e-05 4.98340923513751e-05 5.55030565010384e-05
-3.4e+38 -3.4e+38 -3.4e+38 -3.4e+38 -3.4e+38 -3.4e+38 -3.4e+38 -3.4e+38 -3.4e+38 -3.4e+38 -3.4e+38 -3.4e+38 -3.4e+38 -3.4e+38 -3.4e+38 -3.4e+38 -3.4e+38 -3.4e+38 -3.4e+38 -3.4e+38 -3.4e+38 0.611234664916992 0.573369681835175 0.576982617378235 0.690718412399292 0.646106123924255 0.551064848899841 0.599110126495361 0.796000182628632 0.834317445755005 0.9006187915802 0.935447990894318 0.923057377338409 0.942971765995026 0.0118120266124606 0.00104932812973857 0.000325884146150202 0.000186837234650739 0.000407404673751444 0.000245852133957669 0.000161186297191307 0.000115898379590362 8.62002998474054e-05 6.84083643136546e-05 5.63077701372094e-05
-3.4e+38 -3.4e+38 -3.4e+38 -3.4e+38 -3.4e+38 -3.4e+38 -3.4e+38 -3.4e+38 -3.4e+38 -3.4e+38 -3.4e+38 -3.4e+38 -3.4e+38 -3.4e+38 -3.4e+38 -3.4e+38 -3.4e+38 -3.4e+38 -3.4e+38 -3.4e+38 -3.4e+38 -3.4e+38 0.557555079460144 0.56281965970993 0.5908123254776 0.600283145904541 0.600483417510986 0.496671050786972 0.47075092792511 0.719151020050049 0.865649700164795 0.892015099525452 0.970445036888123 0.901085734367371 0.309881597757339 0.0315144807100296 0.00545350974425673 0.000316511053824797 0.000163316159159876 0.000400344026274979 6.25580505584367e-05 0.000153108732774854 0.000109494940261357 8.57368504512124e-05 6.57836280879565e-05
-3.4e+38 -3.4e+38 -3.4e+38 -3.4e+38 -3.4e+38 -3.4e+38 -3.4e+38 0.130817294120789 0.118762701749802 -3.4e+38 -3.4e+38 -3.4e+38 -3.4e+38 -3.4e+38 -3.4e+38 -3.4e+38 -3.4e+38 -3.4e+38 -3.4e+38 -3.4e+38 -3.4e+38 -3.4e+38 -3.4e+38 0.569798052310944 0.58603036403656 0.532047271728516 0.59934937953949 0.528176844120026 0.506777763366699 0.590002655982971 0.796141922473907 0.860689103603363 0.909462988376617 0.959829449653625 0.928941071033478 0.892135620117188 0.266697347164154 0.00148193945642561 0.000415757385781035 0.000174511733348481 0.000437258800957352 0.000268735399004072 0.000165548248332925 0.000116033326776233 8.88725771801546e-05
-3.4e+38 -3.4e+38 -3.4e+38 -3.4e+38 -3.4e+38 -3.4e+38 -3.4e+38 -3.4e+38 0.147439941763878 0.144792065024376 -3.4e+38 -3.4e+38 -3.4e+38 -3.4e+38 -3.4e+38 -3.4e+38 -3.4e+38 -3.4e+38 -3.4e+38 -3.4e+38 -3.4e+38 -3.4e+38 -3.4e+38 0.510976254940033 0.540012359619141 0.548642516136169 0.624267816543579 0.556078016757965 0.460876017808914 0.460082322359085 0.664983987808228 0.828660249710083 0.859111726284027 0.9710493683815 0.525502860546112 0.162349760532379 0.0218450631946325 0.00286278314888477 0.00260261399671435 0.000645652122329921 0.000211265782127157 0.000507514050696045 0.000236167863477021 0.000133918001665734 0.000115168193588033
-3.4e+38 -3.4e+38 -3.4e+38 -3.4e+38 -3.4e+38 -3.4e+38 -3.4e+38 -3.4e+38 0.154731079936028 0.227379336953163 0.167014375329018 -3.4e+38 -3.4e+38 -3.4e+38 -3.4e+38 -3.4e+38 -3.4e+38 -3.4e+38 -3.4e+38 -3.4e+38 -3.4e+38 -3.4e+38 -3.4e+38 0.475432515144348 0.519307136535645 0.526159405708313 0.569304168224335 0.518001198768616 0.519797205924988 0.482828199863434 0.697702348232269 0.886373043060303 0.87808895111084 0.923995971679688 0.976357638835907 0.642967283725739 0.0322502553462982 0.00600283546373248 0.00260230898857117 0.000990271801128983 0.000402263307478279 0.000173993234056979 7.07105500623584e-05 0.000162040494615212 9.80657714535482e-05
-3.4e+38 -3.4e+38 -3.4e+38 -3.4e+38 -3.4e+38 -3.4e+38 -3.4e+38 -3.4e+38 -3.4e+38 0.145274952054024 0.142724022269249 -3.4e+38 -3.4e+38 -3.4e+38 -3.4e+38 -3.4e+38 -3.4e+38 -3.4e+38 -3.4e+38 -3.4e+38 -3.4e+38 -3.4e+38 -3.4e+38 0.469931840896606 0.407502472400665 0.443327397108078 0.52434253692627 0.500441253185272 0.548175990581512 0.45035320520401 0.649547815322876 0.918742895126343 0.889150440692902 0.932667791843414 0.982661306858063 0.939299464225769 0.209884643554688 0.0596964210271835 0.010762301273644 0.00256909150630236 0.00096910900902003 0.000333804375259206 0.000131832202896476 0.00021118126460351 0.000114646041765809
