data/climate_estimation/maxent_output/Calochortus_spatulatus.asc
NCOLS 135 
NROWS 136 
XLLCORNER -110.25 
YLLCORNER 17.3333333333333 
CELLSIZE 0.0833333333333333 
NODATA_value -3.4e+38 
[rows 22 to 43 of 136, columns 49 to 97 of 135]
0.826875984668732 0.80409848690033 0.778294146060944 0.761885941028595 0.798156797885895 0.800310254096985 0.757733523845673 0.750030219554901 0.724708676338196 0.698940396308899 0.65206241607666 0.595990359783173 0.461871594190598 0.521539509296417 0.357984960079193 0.254122674465179 0.210620418190956 0.145695552229881 0.132561445236206 0.132735028862953 0.0856451019644737 0.0780543461441994 0.0740729048848152 0.0455460660159588 0.053283765912056 0.0435092635452747 0.0577844679355621 0.0588124766945839 0.0627319514751434 0.060058269649744 0.0306635946035385 0.032742090523243 0.0198355205357075 0.0222419090569019 0.0201280564069748 0.0163837000727654 0.0126671874895692 0.00724886637181044 0.00517136789858341 0.00615236675366759 0.00677749002352357 0.00425177626311779 0.00421285443007946 0.00494261458516121 0.00487962225452065 0.00314704584889114 0.00206439523026347 0.000675790361128747 0.00166467495728284
0.844821810722351 0.827963948249817 0.812655210494995 0.751050412654877 0.790802836418152 0.802916049957275 0.8159019947052 0.780349016189575 0.745129942893982 0.707701981067657 0.686001777648926 0.622316777706146 0.433846175670624 0.489820182323456 0.446675688028336 0.293141901493073 0.225628927350044 0.22881980240345 0.175862818956375 0.12494171410799 0.105920597910881 0.0775827243924141 0.0613396652042866 0.0467718988656998 0.0520918965339661 0.0439145490527153 0.0349810048937798 0.0521048195660114 0.0327703952789307 0.0338364467024803 0.0298130419105291 0.0346246361732483 0.021984389051795 0.0242163892835379 0.0155908381566405 0.00836198963224888 0.0136599102988839 0.0160161256790161 0.00890346989035606 0.0117445709183812 0.00920332781970501 0.00377949047833681 0.00213796971365809 0.00102409825194627 0.00160419091116637 0.0027292906306684 0.00361787807196379 0.00145310454536229 0.000776962318923324
0.844049036502838 0.821161210536957 0.831418871879578 0.839845895767212 0.816002070903778 0.813712418079376 0.82522314786911 0.803247153759003 0.773714601993561 0.741629779338837 0.686144948005676 0.615763247013092 0.565869033336639 0.482632011175156 0.443297237157822 0.344962120056152 0.23937451839447 0.222184970974922 0.147688329219818 0.120268784463406 0.0937397629022598 0.0546253100037575 0.0445963069796562 0.0330404415726662 0.039430346339941 0.0449829213321209 0.0419473424553871 0.0362886302173138 0.0335319638252258 0.036306619644165 0.0258344057947397 0.0200862213969231 0.0203915908932686 0.0132201500236988 0.0202877856791019 0.00902155227959156 0.00688410131260753 0.014163076877594 0.0121998647227883 0.0125338016077876 0.00468072202056646 0.00310728908516467 0.00134026585146785 0.000903517473489046 0.000562709697987884 0.000423953257268295 0.000384942046366632 0.000515738036483526 0.00104172807186842
0.796343326568604 0.781323254108429 0.785467326641083 0.822412967681885 0.849318385124207 0.854772686958313 0.846132814884186 0.83481377363205 0.808933615684509 0.778020262718201 0.67240047454834 0.645739555358887 0.602354168891907 0.48979640007019 0.475634872913361 0.38486111164093 0.273132532835007 0.238838851451874 0.170151233673096 0.148540988564491 0.114599391818047 0.0975858867168427 0.0550063140690327 0.0414065457880497 0.021591505035758 0.0318119712173939 0.0288086403161287 0.0253272335976362 0.0201405044645071 0.0218390207737684 0.028097877278924 0.0251022484153509 0.0179504081606865 0.0162336360663176 0.018209544941783 0.00663835182785988 0.00576126296073198 0.00805724039673805 0.0124426893889904 0.00655307620763779 0.00250073801726103 0.00233774539083242 0.00270354491658509 0.00103479740209877 0.000937530072405934 0.00104403356090188 0.00183624878991395 0.00128838303498924 0.00142423366196454
0.566909849643707 0.594814479351044 0.673835396766663 0.7580845952034 0.81819361448288 0.857938647270203 0.858758330345154 0.826223909854889 0.814863622188568 0.772065758705139 0.711127638816833 0.688279449939728 0.621598541736603 0.412680864334106 0.253394424915314 0.305967062711716 0.246531158685684 0.226465940475464 0.209257140755653 0.127590000629425 0.22148409485817 0.131621316075325 0.0960801839828491 0.0309823974967003 0.0238871742039919 0.0290977209806442 0.0201973896473646 0.0259471889585257 0.0226863361895084 0.0185698419809341 0.0141656417399645 0.0258560031652451 0.0132211213931441 0.0101942988112569 0.021161463111639 0.00694081699475646 0.00351997232064605 0.00330399279482663 0.0115516427904367 0.00264752935618162 0.0023597301915288 0.00221671839244664 0.00266912486404181 0.000863425375428051 0.00164289877284318 0.00321831577457488 0.00358393811620772 0.00242129433900118 0.00220094458200037
0.649369478225708 0.434766262769699 0.67333996295929 0.762327969074249 0.816114187240601 0.872271418571472 0.860544502735138 0.841528296470642 0.809921205043793 0.729827105998993 0.702279329299927 0.519449234008789 0.493384301662445 0.428772866725922 0.26117792725563 0.247283890843391 0.270030856132507 0.271431803703308 0.220972493290901 0.239478245377541 0.294843047857285 0.211338996887207 0.133797645568848 0.103993870317936 0.0344940014183521 0.024735864251852 0.018992867320776 0.0209597870707512 0.0140922153368592 0.0179170854389668 0.0142206652089953 0.0211094133555889 0.00934616383165121 0.00863627623766661 0.0139098037034273 0.0120637714862823 0.00529264472424984 0.00475713796913624 0.0120336357504129 0.0037882043980062 0.0023659395519644 0.00154341652523726 0.00169333757366985 0.00128134386613965 0.00247815530747175 0.0032231854274869 0.00428182305768132 0.00427877018228173 0.00281733018346131
0.754860758781433 0.71240907907486 0.737714052200317 0.7818523645401 0.806361138820648 0.718140721321106 0.689875781536102 0.818516552448273 0.824258625507355 0.613679230213165 0.610654056072235 0.55026513338089 0.50507527589798 0.444840222597122 0.316583961248398 0.314549833536148 0.351495712995529 0.287992030382156 0.263149917125702 0.284321367740631 0.338817089796066 0.329803884029388 0.27962651848793 0.0990572348237038 0.0655851364135742 0.036778386682272 0.034327257424593 0.0204321593046188 0.0194774568080902 0.0142596671357751 0.00820501800626516 0.0262210946530104 0.00971049256622791 0.00752860307693481 0.011341504752636 0.0110368290916085 0.00388032360933721 0.00420432724058628 0.0196998063474894 0.00899516046047211 0.0019750758074224 0.00125776545610279 0.00233745481818914 0.0022837701253593 0.00445709750056267 0.00438550440594554 0.00589374825358391 0.00396091537550092 0.00301464321091771
0.324442952871323 0.529474020004272 0.527200520038605 0.791557490825653 0.812155246734619 0.849840879440308 0.648701548576355 0.852387964725494 0.834068953990936 0.656324565410614 0.792236626148224 0.744968175888062 0.537193119525909 0.457642704248428 0.379503101110458 0.262052625417709 0.264446645975113 0.348955273628235 0.286870449781418 0.297553509473801 0.23770846426487 0.262632548809052 0.256884545087814 0.189472764730453 0.078802227973938 0.047710333019495 0.0387734547257423 0.0190944280475378 0.0215270929038525 0.0145817659795284 0.00977842230349779 0.00754520576447248 0.00701262848451734 0.00624272786080837 0.0098968930542469 0.0073903021402657 0.00340690091252327 0.00591694936156273 0.00741232139989734 0.00825814995914698 0.001420404529199 0.00109882361721247 0.00169902795460075 0.003897107206285 0.00378276756964624 0.0039693946018815 0.00405800808221102 0.00451782159507275 0.0051558087579906
0.268604278564453 0.498973041772842 0.585258424282074 0.785596191883087 0.807030737400055 0.847122073173523 0.644795477390289 0.658060133457184 0.860527396202087 0.850998878479004 0.820745408535004 0.773556232452393 0.734281241893768 0.490323096513748 0.394364476203918 0.427009165287018 0.383376061916351 0.248665899038315 0.259576737880707 0.224002107977867 0.190262675285339 0.201855197548866 0.186163634061813 0.155145645141602 0.0910049602389336 0.0629574209451675 0.0424331910908222 0.0349614061415195 0.0167662240564823 0.0120672537013888 0.00691899424418807 0.0087881525978446 0.00664919801056385 0.00451268907636404 0.00579820713028312 0.00445753708481789 0.00231591309420764 0.00354186864569783 0.00377552397549152 0.00394184654578567 0.00390048720873892 0.00216439669020474 0.00237433798611164 0.00272878538817167 0.00380669347941875 0.00366154126822948 0.003645827062428 0.00367431971244514 0.00413361936807632
0.164331510663033 0.203182980418205 0.494561463594437 0.743515133857727 0.767832696437836 0.801912128925323 0.868943214416504 0.633372128009796 0.854645073413849 0.872737348079681 0.844158709049225 0.80367910861969 0.772388339042664 0.71203476190567 0.625182688236237 0.520007848739624 0.355231016874313 0.300083220005035 0.264530271291733 0.200500205159187 0.193876221776009 0.181830421090126 0.144072011113167 0.150091409683228 0.101532563567162 0.0678513199090958 0.0386156514286995 0.0239767376333475 0.0228066984564066 0.0154978167265654 0.0108856558799744 0.00634423783048987 0.00485827168449759 0.0052982927300036 0.00337198842316866 0.00368046318180859 0.00277873803861439 0.00203027995303273 0.00262892642058432 0.00233928486704826 0.00294303591363132 0.00309845060110092 0.00307041895575821 0.00427249213680625 0.00261191907338798 0.0027043716982007 0.00329894083552063 0.00268166395835578 0.00318108219653368
0.193427354097366 0.241846159100533 0.434083461761475 0.72456681728363 0.772466361522675 0.694465935230255 0.848167359828949 0.873739302158356 0.838940680027008 0.890391409397125 0.865622103214264 0.817227065563202 0.787271022796631 0.76856255531311 0.659828007221222 0.563370406627655 0.407650411128998 0.357050776481628 0.234570905566216 0.192614123225212 0.160898938775063 0.126933887600899 0.125182822346687 0.114962600171566 0.0930076539516449 0.0848380103707314 0.0522745400667191 0.0507746338844299 0.0298631377518177 0.0169338043779135 0.0104600694030523 0.00514814909547567 0.00583256129175425 0.00369906425476074 0.00394510151818395 0.00256243674084544 0.00192928721662611 0.00244646053761244 0.0022136396728456 0.0015052193775773 0.00175943970680237 0.00296924100257456 0.00257115787826478 0.00254688202403486 0.00247605610638857 0.00204592128284276 0.00239842454902828 0.0033885829616338 0.00365025922656059
0.181163176894188 0.253666192293167 0.375443518161774 0.682754874229431 0.779800653457642 0.604659795761108 0.839724063873291 0.891254782676697 0.8818399310112 0.824815273284912 0.846340596675873 0.827446103096008 0.713146686553955 0.741779208183289 0.742874324321747 0.625192582607269 0.492316901683807 0.264637619256973 0.285757035017014 0.211628571152687 0.121399462223053 0.137894585728645 0.114336863160133 0.107164837419987 0.0984804406762123 0.0991541743278503 0.0621583238244057 0.0557836778461933 0.0338095836341381 0.0145683670416474 0.0103854164481163 0.00841569621115923 0.00471095880493522 0.00303931557573378 0.00278957607224584 0.00209393724799156 0.00227726204320788 0.00170560437254608 0.00202076323330402 0.00181793281808496 0.00189391802996397 0.00195188680663705 0.00159388571046293 0.00215279823169112 0.00201306235976517 0.00270888977684081 0.00278875324875116 0.00149561406578869 0.00181420717854053
0.19938126206398 0.239970818161964 0.350581407546997 0.555016994476318 0.783138632774353 0.735418558120728 0.639352679252625 0.847209453582764 0.894763469696045 0.864295959472656 0.765616655349731 0.792213916778564 0.63176554441452 0.609423995018005 0.726058602333069 0.693614065647125 0.516389310359955 0.408330678939819 0.314694136381149 0.190532505512238 0.118513725697994 0.144410103559494 0.129457771778107 0.103313207626343 0.0927430242300034 0.0789957493543625 0.0620321035385132 0.0637149438261986 0.0441756546497345 0.0228882245719433 0.00990269239991903 0.00791472382843494 0.00744682038202882 0.00358444266021252 0.00265502161346376 0.00197775359265506 0.00124900066293776 0.00141299318056554 0.00147666514385492 0.00199190736748278 0.00107001792639494 0.00145043479278684 0.0022618155926466 0.00185125833377242 0.00331055233255029 0.00270775612443686 0.00264397612772882 0.00138696481008083 0.0014697938458994
0.212307259440422 0.313857555389404 0.406597077846527 0.710238754749298 0.777019917964935 0.808941066265106 0.71945583820343 0.811526238918304 0.866695284843445 0.875080525875092 0.800983130931854 0.632189393043518 0.423441827297211 0.337204426527023 0.526257157325745 0.687395215034485 0.675987482070923 0.48955911397934 0.322492599487305 0.227159306406975 0.131547972559929 0.0833681523799896 0.0940671935677528 0.0728404894471169 0.100304916501045 0.0591979213058949 0.105127975344658 0.0723973214626312 0.0487960875034332 0.0400591343641281 0.0108268624171615 0.00692208297550678 0.00483408290892839 0.00337093998678029 0.00250926380977035 0.0021080996375531 0.00118808483239263 0.00061381608247757 0.000962007907219231 0.000552080164197832 0.000747125537600368 0.000689550361130387 0.00121440959628671 0.00132005172781646 0.00378058338537812 0.0040830010548234 0.00501685449853539 0.00252513564191759 0.00129417167045176
0.401585280895233 0.375928223133087 0.250370055437088 0.410404711961746 0.715908110141754 0.832349002361298 0.751461803913116 0.802022755146027 0.849140882492065 0.820939958095551 0.815293192863464 0.45457711815834 0.638229668140411 0.294298142194748 0.254836738109589 0.443337321281433 0.586400032043457 0.487185120582581 0.279923558235168 0.177674159407616 0.0938845500349998 0.0837744697928429 0.0645240768790245 0.0973346829414368 0.14778171479702 0.0765501335263252 0.0992772653698921 0.102134458720684 0.0321578122675419 0.0254080053418875 0.00910865236073732 0.00476499041542411 0.00278007425367832 0.0019280748674646 0.000968114589340985 0.000547609699424356 0.000357688229996711 0.000245905568590388 0.000173332300619222 0.000290179130388424 0.000823067501187325 0.000757065077777952 0.0010899918852374 0.00298365578055382 0.00407151551917195 0.00522897066548467 0.00420436263084412 0.00271333986893296 0.000671784160658717
0.326755732297897 0.356697529554367 0.240602403879166 0.28366407752037 0.645699501037598 0.743371546268463 0.619679868221283 0.69227522611618 0.821306586265564 0.750467956066132 0.637987732887268 0.37072628736496 0.365236818790436 0.304999083280563 0.299550563097 0.229491412639618 0.435860753059387 0.501181125640869 0.236112728714943 0.13247886300087 0.06725163012743 0.0625429674983025 0.0521522387862206 0.0493045039474964 0.0744069293141365 0.0933567509055138 0.0814944431185722 0.11169907450676 0.0275006350129843 0.0106248622760177 0.00840140413492918 0.00391448568552732 0.00159170920960605 0.000589686504099518 0.000616914418060333 0.000448532053269446 0.000197329747607 1.52451502799522e-05 1.39436733661569e-05 4.26064216298983e-05 0.00270474306307733 0.00216166209429502 0.00263469247147441 0.00406304374337196 0.00451028672978282 0.00553242675960064 0.00351280462928116 0.00258940784260631 0.00196215743198991
0.192028492689133 0.330429196357727 0.443149656057358 0.436444252729416 0.630113661289215 0.704931914806366 0.568551599979401 0.52906209230423 0.824702680110931 0.561192393302917 0.452103137969971 0.338475793600082 0.368323504924774 0.378555536270142 0.341807842254639 0.205219954252243 0.357597559690475 0.307950615882874 0.149398744106293 0.128862500190735 0.0827598944306374 0.0361619181931019 0.0267655123025179 0.0418022274971008 0.0611432231962681 0.0847563594579697 0.069141112267971 0.102266952395439 0.0328332781791687 0.010505422949791 0.012062281370163 0.00591848371550441 0.00265381694771349 0.000909010472241789 0.000707128609064966 0.000359867350198328 0.000197914530872367 1.58611455844948e-05 1.10364981082967e-05 2.27941309276503e-05 6.21365761617199e-05 0.000570443749893457 0.00226153549738228 0.00564854172989726 0.0126610053703189 0.0134846121072769 0.0110703418031335 0.0052218260243535 0.00539430417120457
0.191653788089752 0.286163240671158 0.309005916118622 0.460229992866516 0.363998770713806 0.578401744365692 0.750853419303894 0.589548110961914 0.90338921546936 0.603522539138794 0.439954340457916 0.56140148639679 0.489502936601639 0.451836943626404 0.411640405654907 0.247855842113495 0.178998202085495 0.123234011232853 0.0734957084059715 0.171748846769333 0.094543568789959 0.0597624070942402 0.0368723645806313 0.0461221672594547 0.0413808487355709 0.0647438988089561 0.0424805693328381 0.0603317581117153 0.0651854127645493 0.0384856425225735 0.0153893828392029 0.0157337374985218 0.00199329340830445 0.00190476514399052 0.000581468339078128 0.000574644829612225 0.000162052834639326 0.000144355872180313 2.05964370252332e-05 0.000259488035226241 0.000441463867900893 0.00120106025133282 0.0019241989357397 0.00351988221518695 0.00783263519406319 0.0107067124918103 0.0142010822892189 0.0145207922905684 0.0107766510918736
0.244291052222252 0.291951149702072 0.218828365206718 0.416599810123444 0.514140725135803 0.458447426557541 0.661434650421143 0.918503761291504 0.880696773529053 0.68327784538269 0.626163184642792 0.646787226200104 0.817047297954559 0.71930205821991 0.704017996788025 0.633727252483368 0.46742832660675 0.171247020363808 0.0951012521982193 0.0858009681105614 0.213814333081245 0.124139674007893 0.0633552446961403 0.0467841438949108 0.0464936345815659 0.0384330563247204 0.0435092747211456 0.0355465859174728 0.0328237637877464 0.0431315451860428 0.0317749530076981 0.0119444848969579 0.00713295303285122 0.00626245886087418 0.00600024126470089 0.00148170860484242 0.000768041412811726 0.00179375847801566 0.00381494383327663 0.00288534024730325 0.00138435733970255 0.00152571976650506 0.00205493695102632 0.00255404808558524 0.00568956742063165 0.00402241665869951 0.00494318455457687 0.00544140581041574 0.0135041475296021
0.207704961299896 0.211373642086983 0.240008175373077 0.253219336271286 0.559926152229309 0.729478776454926 0.79669862985611 0.835068225860596 0.675379633903503 0.966036736965179 0.921292841434479 0.893001973628998 0.765950083732605 0.704311966896057 0.494918197393417 0.643611073493958 0.675809681415558 0.257481664419174 0.135148972272873 0.0796940997242928 0.142708629369736 0.102290473878384 0.0780313909053802 0.057444803416729 0.0683820620179176 0.0673617497086525 0.0536472126841545 0.0327751860022545 0.0225406214594841 0.0243334844708443 0.0138978883624077 0.00973507575690746 0.00709339929744601 0.0262729488313198 0.0396553315222263 0.018418550491333 0.015425787307322 0.0094798319041729 0.00626866891980171 0.00984445214271545 0.00932856369763613 0.0113683314993978 0.0121379997581244 0.0134289721027017 0.0077428575605154 0.00466485880315304 0.00657046306878328 0.0062936251051724 0.00649105571210384
0.167255610227585 0.174901396036148 0.17525152862072 0.211367592215538 0.414078831672668 0.600965321063995 0.676415681838989 0.956023275852203 0.801178991794586 0.974571585655212 0.975479125976562 0.686984956264496 0.748031377792358 0.771239399909973 0.654892981052399 0.63150829076767 0.565076947212219 0.338387668132782 0.171909809112549 0.120205193758011 0.101240292191505 0.121372558176517 0.124613910913467 0.0791856944561005 0.0984036922454834 0.212270110845566 0.0755402371287346 0.0553574860095978 0.0313892215490341 0.0987842231988907 0.0649112835526466 0.0313902534544468 0.0221632216125727 0.00677128415554762 0.0411249548196793 0.0595011673867702 0.0293440278619528 0.0208480339497328 0.0144308125600219 0.0149323055520654 0.018755953758955 0.0222311913967133 0.0170208103954792 0.0138348713517189 0.018395472317934 0.0100979525595903 0.00972849223762751 0.0147009147331119 0.0133827980607748
0.154925957322121 0.203704252839088 0.155361860990524 0.183767527341843 0.31672877073288 0.514660537242889 0.576911568641663 0.849240183830261 0.945046424865723 0.95391184091568 0.974518120288849 0.641621947288513 0.493288964033127 0.687637627124786 0.711159229278564 0.6595538854599 0.48284500837326 0.498942911624908 0.213165700435638 0.148689270019531 0.131261497735977 0.237629622220993 0.220823764801025 0.137060686945915 0.127299502491951 0.259349256753922 0.197828710079193 0.0841899365186691 0.0408017858862877 0.0653102248907089 0.101505592465401 0.0771094486117363 0.108684398233891 0.0527625046670437 0.0270490068942308 0.0326459668576717 0.0193954762071371 0.0216640885919333 0.0186301302164793 0.0134767023846507 0.0144974077120423 0.0137785524129868 0.0259505622088909 0.0185925215482712 0.0238725710660219 0.0127191366627812 0.0100814718753099 0.0131655652076006 0.0143695008009672
