data/climate_estimation/maxent_output/Calochortus_monophyllus.asc
NCOLS 63 
NROWS 82 
XLLCORNER -122.333333333333 
YLLCORNER 34.0833333333333 
CELLSIZE 0.0833333333333333 
NODATA_value -3.4e+38 
[rows 60 to 79 of 82, columns 0 to 43 of 63]
-3.4e+38 -3.4e+38 -3.4e+38 -3.4e+38 -3.4e+38 -3.4e+38 -3.4e+38 -3.4e+38 -3.4e+38 -3.4e+38 2.59010048466735e-05 0.00034166916157119 0.00025669505703263 6.44437823211774e-05 0.000111417939478997 0.000137042239657603 0.000364169070962816 0.000519547727890313 0.00103551056236029 0.00303619634360075 0.0110782897099853 0.026837645098567 0.0327766090631485 0.0392329134047031 0.0744993984699249 0.0378550365567207 0.0111422855407 0.00815626606345177 0.00787695031613111 0.00693289842456579 0.00768270902335644 0.00825516227632761 0.00826947018504143 0.0077116210013628 0.00751063879579306 0.00927302986383438 0.0103299496695399 0.010978614911437 0.0110554117709398 0.0131032411009073 0.0148915527388453 0.0200178753584623 0.046120397746563 0.0770896002650261
-3.4e+38 -3.4e+38 -3.4e+38 -3.4e+38 -3.4e+38 -3.4e+38 -3.4e+38 -3.4e+38 -3.4e+38 -3.4e+38 -3.4e+38 2.57028823398286e-05 3.24343163811136e-05 0.00013065489474684 0.000142614633659832 0.000136777409352362 0.000268582778517157 0.000376489508198574 0.000558271422050893 0.00162797037046403 0.00642755022272468 0.0118959518149495 0.0308710541576147 0.0291599296033382 0.0290009342133999 0.0544744990766048 0.0178111735731363 0.00887455325573683 0.00974543485790491 0.00796750001609325 0.00722827203571796 0.00894045270979404 0.0084261829033494 0.00841454602777958 0.0083706472069025 0.00823931768536568 0.00974784791469574 0.0104090282693505 0.0117528745904565 0.0115019604563713 0.0130746802315116 0.0215688403695822 0.0610497146844864 0.0945587456226349
-3.4e+38 -3.4e+38 -3.4e+38 -3.4e+38 -3.4e+38 -3.4e+38 -3.4e+38 -3.4e+38 -3.4e+38 -3.4e+38 -3.4e+38 -3.4e+38 2.57734245678876e-06 9.86845407169312e-06 0.000129483916680329 0.000176186382304877 0.000129292355268262 0.00047391714178957 0.00098320166580379 0.00130464497487992 0.00273184943944216 0.0065262489952147 0.0142327519133687 0.0224521160125732 0.0290024168789387 0.0500455722212791 0.0294875167310238 0.0113117471337318 0.0117666115984321 0.00898317247629166 0.00822120066732168 0.00815083272755146 0.00922311563044786 0.00666617229580879 0.00915807019919157 0.00901846773922443 0.00831172056496143 0.00911082606762648 0.0100930677726865 0.0117791378870606 0.0140453008934855 0.0215730909258127 0.0601767711341381 0.0712297111749649
-339999999999999996123846586046231871488.000000000000000 -3.4e+38 -3.4e+38 -3.4e+38 -3.4e+38 -3.4e+38 -3.4e+38 -3.4e+38 -3.4e+38 -3.4e+38 -3.4e+38 -3.4e+38 -3.4e+38 1.25762312563893e-06 3.77371998183662e-06 5.02394577779341e-05 0.000381257443223149 0.000631183327641338 0.00179863022640347 0.00179244007449597 0.0033148406073451 0.00623582722619176 0.00816791225224733 0.0127201285213232 0.024474985897541 0.0415047444403172 0.0376033149659634 0.0174886137247086 0.014926447533071 0.0137832416221499 0.00918608531355858 0.0106704644858837 0.0100032230839133 0.00713392207399011 0.00762281706556678 0.00684206187725067 0.00861256197094917 0.00708818202838302 0.00926064886152744 0.0114230019971728 0.0158395953476429 0.0225334502756596 0.0523128360509872 0.0618469603359699
-3.4e+38 -3.4e+38 -3.4e+38 -3.4e+38 -3.4e+38 -3.4e+38 -3.4e+38 -3.4e+38 -3.4e+38 -3.4e+38 -3.4e+38 -3.4e+38 -3.4e+38 -3.4e+38 2.0145773760305e-06 2.95589802590257e-06 2.22189264604822e-05 0.00035832537105307 0.000769172329455614 0.00102072127629071 0.00300206150859594 0.00509185576811433 0.00844917073845863 0.011260736733675 0.014463379047811 0.0210318919271231 0.0388181172311306 0.0368277579545975 0.0280365645885468 0.0170157346874475 0.012484454549849 0.0121548594906926 0.0103464378044009 0.00786740612238646 0.00819357577711344 0.00803977902978659 0.00753496820107102 0.00832654256373644 0.00923013966530561 0.0103199454024434 0.0116794873028994 0.0155582446604967 0.0374690368771553 0.0574800111353397
-3.4e+38 -3.4e+38 -3.4e+38 -3.4e+38 -3.4e+38 -3.4e+38 -3.4e+38 -3.4e+38 -3.4e+38 -3.4e+38 -3.4e+38 -3.4e+38 -3.4e+38 -3.4e+38 -3.4e+38 3.27931752508448e-06 4.6842678784742e-06 1.62175801960984e-05 0.000342348503181711 0.00160835846327245 0.00259658019058406 0.00512195937335491 0.00731551833450794 0.00971709378063679 0.0118861868977547 0.0130306081846356 0.0277786161750555 0.0433306284248829 0.0638809651136398 0.0339031890034676 0.0169934239238501 0.0128577584400773 0.00884495582431555 0.00944548938423395 0.00652495073154569 0.00648852344602346 0.00616087997332215 0.00785951223224401 0.0076253330335021 0.00898694060742855 0.0104821268469095 0.0122992340475321 0.0213077086955309 0.0367073453962803
-3.4e+38 -3.4e+38 -3.4e+38 -3.4e+38 -3.4e+38 -3.4e+38 -3.4e+38 -3.4e+38 -3.4e+38 -3.4e+38 -3.4e+38 -3.4e+38 -3.4e+38 -3.4e+38 -3.4e+38 -3.4e+38 -3.4e+38 6.35332389720134e-06 3.05026715068379e-05 0.00081208540359512 0.0024069263599813 0.00351807847619057 0.00572566920891404 0.00951357837766409 0.0125633124262094 0.0118625666946173 0.0165247917175293 0.0232209134846926 0.0358318872749805 0.0693887248635292 0.0472570843994617 0.0171933807432652 0.010707045905292 0.0102502498775721 0.0066306502558291 0.00725552020594478 0.0068508111871779 0.00687073078006506 0.00837530475109816 0.00772429956123233 0.00922342669218779 0.0108987623825669 0.0129944300279021 0.0219186693429947
-3.4e+38 -3.4e+38 -3.4e+38 -3.4e+38 -3.4e+38 -3.4e+38 -3.4e+38 -3.4e+38 -3.4e+38 -3.4e+38 -3.4e+38 -3.4e+38 -3.4e+38 -3.4e+38 -3.4e+38 -3.4e+38 -3.4e+38 8.69886935106479e-06 2.36615487665404e-05 7.48561433283612e-05 0.000482880073832348 0.00240355380810797 0.00334504153579473 0.0043350625783205 0.00777331879362464 0.0183533374220133 0.011845818720758 0.0173875167965889 0.0229146871715784 0.0346101634204388 0.0658491179347038 0.0537657700479031 0.022921284660697 0.015088589861989 0.0134712662547827 0.00884776376187801 0.00856165494769812 0.00887156277894974 0.00841978378593922 0.00974531006067991 0.00883233547210693 0.010883804410696 0.0111979506909847 0.0124501967802644
-3.4e+38 -3.4e+38 -3.4e+38 -3.4e+38 -3.4e+38 -3.4e+38 -3.4e+38 -3.4e+38 -3.4e+38 -3.4e+38 -3.4e+38 -3.4e+38 -3.4e+38 -3.4e+38 -3.4e+38 -3.4e+38 -3.4e+38 1.54563676915132e-05 5.35616927663796e-05 3.83137303288095e-05 6.72497626510449e-05 0.00034141237847507 0.00053194526117295 0.00122394587378949 0.00358612556010485 0.00650282762944698 0.0136376116424799 0.0148909296840429 0.0237192530184984 0.0264596808701754 0.0316718406975269 0.05722676217556 0.0546189323067665 0.0188913103193045 0.0105573795735836 0.0100297397002578 0.00947726797312498 0.00870793685317039 0.0104256989434361 0.00951483566313982 0.0108598414808512 0.0117629216983914 0.0121907284483314 0.0229233000427485
-3.4e+38 -3.4e+38 -3.4e+38 -3.4e+38 -3.4e+38 -3.4e+38 -3.4e+38 -3.4e+38 -3.4e+38 -3.4e+38 -3.4e+38 -3.4e+38 -3.4e+38 -3.4e+38 -3.4e+38 -3.4e+38 -3.4e+38 -3.4e+38 -3.4e+38 3.22078594763298e-05 1.98655870917719e-05 4.12483532272745e-05 0.000217884706216864 0.000253521808190271 0.00108977023046464 0.00239850464276969 0.00423811888322234 0.0105360643938184 0.0180968437343836 0.0308895241469145 0.0290508810430765 0.0384531356394291 0.0556995086371899 0.0575772114098072 0.0176199022680521 0.0095490850508213 0.00976439192891121 0.012464975938201 0.0119786616414785 0.0107559114694595 0.0117723327130079 0.0132725453004241 0.0151843354105949 0.0303526632487774
-3.4e+38 -3.4e+38 -3.4e+38 -3.4e+38 -3.4e+38 -3.4e+38 -3.4e+38 -3.4e+38 -3.4e+38 -3.4e+38 -3.4e+38 -3.4e+38 -3.4e+38 -3.4e+38 -3.4e+38 -3.4e+38 -3.4e+38 -3.4e+38 -3.4e+38 -3.4e+38 6.12123949395027e-06 1.42651924761594e-05 4.38030147051904e-05 0.000136459144414403 0.00021681263751816 0.00108420487958938 0.00448727933689952 0.0121324816718698 0.00859419349581003 0.0139303104951978 0.0295744109898806 0.0441084504127502 0.0491611659526825 0.0574408657848835 0.051738515496254 0.017441488802433 0.0141275627538562 0.0144104361534119 0.0147356605157256 0.0181274525821209 0.0183521676808596 0.0147746633738279 0.0188530087471008 0.0227027330547571
-3.4e+38 -3.4e+38 -3.4e+38 -3.4e+38 -3.4e+38 -3.4e+38 -3.4e+38 -3.4e+38 -3.4e+38 -3.4e+38 -3.4e+38 -3.4e+38 -3.4e+38 -3.4e+38 -3.4e+38 -3.4e+38 -3.4e+38 -3.4e+38 -3.4e+38 -3.4e+38 4.24555355493794e-06 6.74032344250008e-06 1.36597309392528e-05 3.26695808325894e-05 0.00022730405908078 0.00138915504794568 0.00256365770474076 0.00911192689090967 0.0218535307794809 0.0208809357136488 0.0203710794448853 0.0250498652458191 0.0358215980231762 0.0480352640151978 0.0573655292391777 0.0523951128125191 0.0528770610690117 0.0591600313782692 0.0542268194258213 0.0425032563507557 0.0237676706165075 0.0222286526113749 0.0283496342599392 0.0383035466074944
-3.4e+38 -3.4e+38 -3.4e+38 -3.4e+38 -3.4e+38 -3.4e+38 -3.4e+38 -3.4e+38 -3.4e+38 -3.4e+38 -3.4e+38 -3.4e+38 -3.4e+38 -3.4e+38 -3.4e+38 -3.4e+38 -3.4e+38 -3.4e+38 -3.4e+38 -3.4e+38 8.46041348268045e-06 7.6169039857632e-06 1.15489310701378e-05 2.30716959777055e-05 4.69733568024822e-05 0.00029316172003746 0.00098969996906817 0.0034256256185472 0.00983824115246534 0.0213921982795 0.0335653424263 0.0311925858259201 0.0343489423394203 0.0395401008427143 0.0431309714913368 0.0531728118658066 0.0597769021987915 0.0704681873321533 0.0571294687688351 0.0630891621112823 0.0614848136901855 0.0402357280254364 0.0332925356924534 0.0355648025870323
-3.4e+38 -3.4e+38 -3.4e+38 -3.4e+38 -3.4e+38 -3.4e+38 -3.4e+38 -3.4e+38 -3.4e+38 -3.4e+38 -3.4e+38 -3.4e+38 -3.4e+38 -3.4e+38 -3.4e+38 -3.4e+38 -3.4e+38 -3.4e+38 -3.4e+38 -3.4e+38 2.32249658438377e-06 3.60344961336523e-06 9.53900871536462e-06 2.29386951104971e-05 6.14814707660116e-05 0.000173864827957004 0.000811569450888783 0.0041597681120038 0.00636550923809409 0.0129322400316596 0.0207830592989922 0.0301480051130056 0.0383920073509216 0.0374068878591061 0.0362797975540161 0.0360808372497559 0.0571940690279007 0.0651583895087242 0.068080872297287 0.0600844733417034 0.0637503042817116 0.0435541160404682 0.0384495556354523 0.0309649761766195
-3.4e+38 -3.4e+38 -3.4e+38 -3.4e+38 -3.4e+38 -3.4e+38 -3.4e+38 -3.4e+38 -3.4e+38 -3.4e+38 -3.4e+38 -3.4e+38 -3.4e+38 -3.4e+38 -3.4e+38 -3.4e+38 -3.4e+38 -3.4e+38 -3.4e+38 -3.4e+38 2.06501135835424e-06 3.08972857965273e-06 7.05180354998447e-06 2.07366483664373e-05 6.43019302515313e-05 0.000126507293316536 0.000293847202556208 0.00112914911005646 0.00649230275303125 0.0135293230414391 0.0239274613559246 0.0274129454046488 0.0350241139531136 0.03468107432127 0.0376327522099018 0.0323760397732258 0.0396971218287945 0.0485456585884094 0.0526517182588577 0.0566763430833817 0.0576707236468792 0.0359788425266743 0.0481416955590248 0.0398583896458149
-3.4e+38 -3.4e+38 -3.4e+38 -3.4e+38 -3.4e+38 -3.4e+38 -3.4e+38 -3.4e+38 -3.4e+38 -3.4e+38 -3.4e+38 -3.4e+38 -3.4e+38 -3.4e+38 -3.4e+38 -3.4e+38 -3.4e+38 -3.4e+38 -3.4e+38 -3.4e+38 3.09995857605827e-06 4.88247815155773e-06 7.09433197698672e-06 1.4089800970396e-05 2.69386728177778e-05 6.02055770286825e-05 0.000113077367132064 0.000290911586489528 0.000879628641996533 0.00257987226359546 0.0103148696944118 0.0192436799407005 0.0213446002453566 0.0230704545974731 0.033256608992815 0.0361387729644775 0.037634190171957 0.0463421568274498 0.0501335076987743 0.0473725460469723 0.0491657927632332 0.0510419197380543 0.0298383496701717 0.0405622869729996
-3.4e+38 -3.4e+38 -3.4e+38 -3.4e+38 -3.4e+38 -3.4e+38 -3.4e+38 -3.4e+38 -3.4e+38 -3.4e+38 -3.4e+38 -3.4e+38 -3.4e+38 -3.4e+38 -3.4e+38 -3.4e+38 -3.4e+38 -3.4e+38 -3.4e+38 -3.4e+38 2.98364579975896e-06 7.69537382439012e-06 1.30822982100653e-05 1.9829743905575e-05 5.6848151871236e-05 0.000102223420981318 0.000246818002779037 0.000735664099920541 0.00152037048246711 0.00154271943029016 0.00349978660233319 0.00760425115004182 0.0102343177422881 0.0188981350511312 0.0224814489483833 0.0241137612611055 0.0217456463724375 0.0236727353185415 0.029795978218317 0.0360259413719177 0.0246779080480337 0.0318662635982037 0.0171297285705805 0.0250411331653595
-3.4e+38 -3.4e+38 -3.4e+38 -3.4e+38 -3.4e+38 -3.4e+38 -3.4e+38 -3.4e+38 -3.4e+38 -3.4e+38 -3.4e+38 -3.4e+38 -3.4e+38 -3.4e+38 -3.4e+38 -3.4e+38 -3.4e+38 -3.4e+38 -3.4e+38 -3.4e+38 -3.4e+38 -3.4e+38 7.01658927937387e-06 1.38225532282377e-05 1.59544451889815e-05 4.45865953224711e-05 6.0423553804867e-05 8.99039514479227e-05 0.000147159254993312 0.000154301291331649 0.000196498920558952 0.000697376905009151 0.0014705607900396 0.00404114695265889 0.0101682059466839 0.00861714873462915 0.00240641995333135 0.00460094213485718 0.0119880316779017 0.0200740229338408 0.00851280242204666 0.0124496538192034 0.00645707966759801 0.00610021129250526
-3.4e+38 -3.4e+38 -3.4e+38 -3.4e+38 -3.4e+38 -3.4e+38 -3.4e+38 -3.4e+38 -3.4e+38 -3.4e+38 -3.4e+38 -3.4e+38 -3.4e+38 -3.4e+38 -3.4e+38 -3.4e+38 -3.4e+38 -3.4e+38 -3.4e+38 -3.4e+38 -3.4e+38 -3.4e+38 -3.4e+38 -3.4e+38 -3.4e+38 -3.4e+38 -3.4e+38 -3.4e+38 -3.4e+38 3.63922954420559e-05 7.55828368710354e-05 5.74600344407372e-05 -3.4e+38 7.04046833561733e-05 0.00036221428308636 0.00078260584268719 0.000377543328795582 0.00153157208114862 0.000528365722857416 0.000361572281690314 0.00035596260568127 0.0011789210839197 0.00271872198209167 0.00441910978406668
-3.4e+38 -3.4e+38 -3.4e+38 -3.4e+38 -3.4e+38 -3.4e+38 -3.4e+38 -3.4e+38 -3.4e+38 -3.4e+38 -3.4e+38 -3.4e+38 -3.4e+38 -3.4e+38 -3.4e+38 -3.4e+38 -3.4e+38 -3.4e+38 -3.4e+38 -3.4e+38 -3.4e+38 -3.4e+38 -3.4e+38 -3.4e+38 -3.4e+38 -3.4e+38 -3.4e+38 -3.4e+38 -3.4e+38 -3.4e+38 -3.4e+38 -3.4e+38 -3.4e+38 -3.4e+38 -3.4e+38 0.000148571605677716 8.59324281918816e-05 0.000112597183033358 4.90599923068658e-05 0.000190899925655685 0.000198027410078794 0.000347116932971403 0.000944829604122788 0.00183641631156206
