data/climate_estimation/maxent_output/Calochortus_vestae.asc
NCOLS 63 
NROWS 64 
XLLCORNER -123.75 
YLLCORNER 35.75 
CELLSIZE 0.0833333333333333 
NODATA_value -3.4e+38 
[rows 0 to 20 of 64, columns 0 to 45 of 63]
0.522998750209808 0.514248371124268 0.318607717752457 0.0968616157770157 0.172014147043228 0.149081870913506 0.0816776305437088 0.0780120044946671 0.0460527874529362 0.0284231062978506 0.0175574328750372 0.0371782220900059 0.084897942841053 0.0673184916377068 0.0603468790650368 0.0889196470379829 0.151874929666519 0.210663676261902 0.202783152461052 0.225245535373688 0.218238830566406 0.285692691802979 0.282659739255905 0.090185284614563 0.0898155719041824 0.0619789846241474 0.0359527394175529 0.0186975244432688 0.0134074604138732 0.0107379602268338 0.00312941451556981 0.00411046203225851 0.00188295566476882 0.000550410361029208 0.000660757650621235 0.000392259622458369 0.000264740490820259 0.00024649893748574 0.000130194050143473 0.000184556891326793 9.23230982152745e-05 8.63787427078933e-05 6.35596006759442e-05 6.21130675426684e-05 5.9785397752421e-05 0.000130050029838458
0.330109745264053 0.493955373764038 0.317641198635101 0.176971033215523 0.284875094890594 0.155721202492714 0.0522450879216194 0.0791211128234863 0.0200932379812002 0.0479951873421669 0.0189243983477354 0.0579675361514091 0.107270784676075 0.134931176900864 0.0903427451848984 0.126704454421997 0.128372058272362 0.200040057301521 0.150962799787521 0.19151408970356 0.308594018220901 0.31337907910347 0.320257306098938 0.246717751026154 0.182706072926521 0.0885833352804184 0.042882151901722 0.0218039564788342 0.0178008042275906 0.0140623487532139 0.00655337190255523 0.00188258697744459 0.000871607509907335 0.000622594205196947 0.000530382269062102 0.000275888858595863 0.000229131401283666 0.000255863764323294 0.000164129349286668 0.000131130131194368 0.000102262092696037 0.000102667727333028 8.7253749370575e-05 6.57528726151213e-05 5.2361203415785e-05 8.33290978334844e-05
0.313248664140701 0.507303476333618 0.460357904434204 0.462469547986984 0.284588605165482 0.161365360021591 0.149950087070465 0.208907172083855 0.138096138834953 0.0829518884420395 0.138620808720589 0.179430186748505 0.121971726417542 0.153333559632301 0.172441899776459 0.144283950328827 0.0746580883860588 0.103845104575157 0.136207669973373 0.121559418737888 0.24062941968441 0.256699800491333 0.349758118391037 0.155763417482376 0.241872102022171 0.0854609459638596 0.0617561638355255 0.0373851284384727 0.0190904326736927 0.00826531834900379 0.00595199083909392 0.00399691751226783 0.0029861512593925 0.00127821986097842 0.000391214736737311 0.00042456405935809 0.000471193983685225 0.000360462436219677 0.00015060648729559 0.000123932331916876 0.000121403056255076 0.000114151225716341 0.00011663564509945 8.01482310635038e-05 6.13637530477718e-05 4.82728937640786e-05
0.301507979631424 0.325486421585083 0.496153205633163 0.473537296056747 0.432983189821243 0.367134690284729 0.247244536876678 0.246168449521065 0.211199089884758 0.144287869334221 0.181455060839653 0.182388186454773 0.23879474401474 0.148369282484055 0.166659191250801 0.144087731838226 0.0600140616297722 0.0705477371811867 0.0934203863143921 0.1415174305439 0.177562817931175 0.244490444660187 0.213131457567215 0.080420546233654 0.12719339132309 0.0201670359820127 0.0362102538347244 0.0467696562409401 0.0102932285517454 0.00423618499189615 0.00197427836246789 0.00217320420779288 0.00149391521699727 0.000719089817721397 0.000591594784054905 0.000370230816770345 0.000361260463250801 0.000201180009753443 0.000140387448482215 0.000118697826110292 0.000126234357594512 0.000131789085571654 9.44788844208233e-05 8.8705142843537e-05 7.81162161729299e-05 7.65206350479275e-05
0.2899090051651 0.500684499740601 0.496642172336578 0.301506578922272 0.286384165287018 0.273104459047318 0.383945167064667 0.249911457300186 0.24751204252243 0.265449583530426 0.270260035991669 0.188296243548393 0.241598308086395 0.197589993476868 0.268955796957016 0.0755935981869698 0.055535402148962 0.100673720240593 0.0948503911495209 0.11250077933073 0.141761362552643 0.37489777803421 0.327376008033752 0.0900127664208412 0.0677047595381737 0.0134370988234878 0.00894003268331289 0.0331755541265011 0.0146975517272949 0.00604143925011158 0.00418469402939081 0.00197602622210979 0.00137049006298184 0.00154058297630399 0.00103989127092063 0.00069640448782593 0.000717235147021711 0.000212864120840095 0.000260131171671674 0.000191676459508017 0.000155892936163582 9.32873081183061e-05 8.5347935964819e-05 0.000116775743663311 7.56306180846877e-05 7.33768101781607e-05
0.481576234102249 0.306203037500381 0.317488729953766 0.641474902629852 0.452376365661621 0.410929530858994 0.265168994665146 0.243859648704529 0.337787628173828 0.243249386548996 0.300430238246918 0.227375313639641 0.257246494293213 0.2392548173666 0.0823194608092308 0.0899174138903618 0.0730307772755623 0.0677723586559296 0.111630946397781 0.12356249243021 0.147835060954094 0.209956273436546 0.325880348682404 0.280357748270035 0.0426845885813236 0.0157426837831736 0.0211561806499958 0.0323492474853992 0.0115229682996869 0.00821671634912491 0.00610252283513546 0.00441303616389632 0.00208394392393529 0.00138316152151674 0.000965345068834722 0.00138919381424785 0.000968557898886502 0.000472726649604738 0.000312504242174327 0.000352234404999763 0.000200050213607028 0.000151314452523366 0.000145408877870068 0.000136080227093771 0.000122786877909675 0.000109831758891232
0.471079438924789 0.490173280239105 0.318850427865982 0.489551335573196 0.302436918020248 0.446047276258469 0.463691413402557 0.31583896279335 0.384127408266068 0.358106672763824 0.374910980463028 0.276131927967072 0.269585132598877 0.24422250688076 0.114189095795155 0.0782036036252975 0.102900996804237 0.0957542881369591 0.0833541080355644 0.0917705073952675 0.121649913489819 0.202563941478729 0.356002002954483 0.283383458852768 0.266954839229584 0.0746431350708008 0.0150129906833172 0.0111261177808046 0.00588381150737405 0.00712503306567669 0.00387364532798529 0.00406276667490602 0.00463780201971531 0.00323694269172847 0.00218946509994566 0.00217859982512891 0.000648359302431345 0.000905548629816622 0.000409266533097252 0.000462046067696065 0.000363379018381238 0.00033192164846696 0.000277777144219726 0.000142653734656051 0.000130648579215631 0.000117089664854575
0.688750445842743 0.472880125045776 0.48752573132515 0.492486864328384 0.470859497785568 0.460837006568909 0.4120854139328 0.531519055366516 0.406741857528687 0.264721184968948 0.34938907623291 0.29930317401886 0.212102502584457 0.138381198048592 0.122392907738686 0.106626562774181 0.0903585180640221 0.123324185609818 0.0848769471049309 0.100518405437469 0.173873096704483 0.230992898344994 0.218661516904831 0.351412624120712 0.278432339429855 0.0515949539840221 0.0103899808600545 0.0111068477854133 0.0133794648572803 0.00685291271656752 0.00543873105198145 0.00594218540936708 0.00669332128018141 0.00492034526541829 0.00325799686834216 0.00157366052735597 0.00127688143402338 0.00143051287159324 0.000842501758597791 0.000600332801695913 0.000297718506772071 0.000391879526432604 0.000320748338708654 0.00016126551781781 0.000148366380017251 8.8790591689758e-05
0.695953190326691 0.475853592157364 0.471813291311264 0.711525976657867 0.481885224580765 0.660155415534973 0.454669177532196 0.448194921016693 0.413396745920181 0.529637694358826 0.368272125720978 0.243473082780838 0.208606258034706 0.10506647080183 0.150408133864403 0.123241551220417 0.0912163257598877 0.06158447265625 0.041720487177372 0.0445187278091908 0.0669426694512367 0.121223397552967 0.145578905940056 0.420996129512787 0.297302693128586 0.0999262481927872 0.0914167240262032 0.0743542537093163 0.0596973784267902 0.0477009937167168 0.0347250737249851 0.0254902113229036 0.019120816141367 0.0127314943820238 0.00484991911798716 0.0049884058535099 0.00288392207585275 0.00304525042884052 0.00197337055578828 0.00147687597200274 0.00116328615695238 0.000885292480234057 0.000409586093155667 0.000109159758721944 0.000115881586680189 9.29365851334296e-05
0.887587666511536 0.702107667922974 0.287064403295517 0.489926636219025 0.681528627872467 0.463174402713776 0.648943662643433 0.452363252639771 0.449222713708878 0.576433479785919 0.482615798711777 0.251467138528824 0.193306758999825 0.156193017959595 0.108955956995487 0.0759680271148682 0.0555985569953918 0.0669580399990082 0.043482955545187 0.0632859021425247 0.0684849470853806 0.195121586322784 0.235108479857445 0.460731893777847 0.452100664377213 0.108711585402489 0.171736985445023 0.157044395804405 0.141829147934914 0.11265042424202 0.146001264452934 0.0797877237200737 0.0545388571918011 0.0369117446243763 0.00811446271836758 0.00550195854157209 0.00229049776680768 0.00142084318213165 0.00188993744086474 0.00200049229897559 0.00146450661122799 0.00105676229577512 0.000808591605164111 0.00023871220764704 0.000188250109204091 0.000161040501552634
0.874790549278259 0.851623892784119 0.706891059875488 0.692445039749146 0.683386266231537 0.648766160011292 0.66294801235199 0.651529014110565 0.464029908180237 0.185757175087929 0.474774658679962 0.555500686168671 0.173480033874512 0.123436376452446 0.0730477049946785 0.0880815386772156 0.0529902763664722 0.0337189175188541 0.0275977719575167 0.0427028499543667 0.0925153270363808 0.170812636613846 0.376249372959137 0.657688558101654 0.60961925983429 0.633314967155457 0.43502813577652 0.168936029076576 0.0929322019219398 0.233322605490685 0.212160974740982 0.209439858794212 0.0980255454778671 0.0350916758179665 0.0212892703711987 0.013479121029377 0.00507449312135577 0.00267248786985874 0.00117111229337752 0.00112681486643851 0.00196511182002723 0.00136112014297396 0.000569733267184347 0.000433721725130454 0.000338015059242025 0.000271311990218237
0.664242923259735 0.86571604013443 0.865879118442535 0.699829518795013 0.84531706571579 0.662462055683136 0.65957498550415 0.464426040649414 0.303609728813171 0.316054582595825 0.475907623767853 0.653785645961761 0.422258406877518 0.18885450065136 0.0895102769136429 0.0529071912169456 0.0364621840417385 0.0243743471801281 0.0393901243805885 0.0470353774726391 0.0649870112538338 0.187807083129883 0.356760323047638 0.641904175281525 0.768174171447754 0.763835430145264 0.614979386329651 0.188285335898399 0.10428275167942 0.259309768676758 0.371596872806549 0.369027554988861 0.122105926275253 0.172879502177238 0.125007450580597 0.042211577296257 0.00503200385719538 0.00412692176178098 0.00225703557953238 0.000980846933089197 0.00059217878151685 0.000741000403650105 0.000733455643057823 0.000503108429256827 0.000382961414288729 0.000301285734167323
0.864573121070862 0.863433718681335 0.841046631336212 0.880697429180145 0.867770135402679 0.820517897605896 0.670844078063965 0.476045161485672 0.308143049478531 0.190348759293556 0.19255231320858 0.493584752082825 0.665308833122253 0.176541909575462 0.074910581111908 0.0450032874941826 0.0311375670135021 0.041890062391758 0.0419456623494625 0.0512201301753521 0.0759535655379295 0.185141324996948 0.352815806865692 0.623448669910431 0.926698327064514 0.905850291252136 0.644518911838531 0.332719475030899 0.201744675636292 0.43207174539566 0.593270599842072 0.395330011844635 0.368969470262527 0.20156829059124 0.0990013778209686 0.036305408924818 0.0377551354467869 0.00713698472827673 0.00358159188181162 0.00135553779546171 0.000671288638841361 0.000517376174684614 0.000273553334409371 0.000370133580872789 0.000196478998987004 0.000175000546732917
0.840873658657074 0.643079340457916 0.857263922691345 0.841716527938843 0.811896562576294 0.838882863521576 0.662566900253296 0.472279191017151 0.687714517116547 0.498567074537277 0.700354635715485 0.500545382499695 0.721701145172119 0.232427671551704 0.0591934435069561 0.0392452329397202 0.0276774615049362 0.0430277995765209 0.0463701784610748 0.0555807612836361 0.0779656171798706 0.119313828647137 0.423174738883972 0.840227067470551 0.962324798107147 0.946483373641968 0.780063509941101 0.499912351369858 0.48308938741684 0.868278801441193 0.197318449616432 0.312585562467575 0.591985702514648 0.347854673862457 0.199711054563522 0.0622013062238693 0.0201761573553085 0.00841470062732697 0.00583874294534326 0.00296525051817298 0.00124038942158222 0.000750287086702883 0.000363096594810486 0.000314813165459782 0.000370397319784388 0.000252967438427731
0.619586169719696 0.635269224643707 0.641110002994537 0.844773650169373 0.864167451858521 0.833754599094391 0.80989271402359 0.84232085943222 0.84919136762619 0.499700874090195 0.699228346347809 0.70578533411026 0.79772686958313 0.131024450063705 0.0494283214211464 0.035544715821743 0.0261283926665783 0.0471184104681015 0.0523978061974049 0.067288301885128 0.0824252665042877 0.115345351397991 0.214749380946159 0.666101813316345 0.886120140552521 0.971142053604126 0.990918397903442 0.832896411418915 0.973547995090485 0.735534012317657 0.567058444023132 0.367394745349884 0.523683547973633 0.320183306932449 0.288398921489716 0.145162999629974 0.113543964922428 0.0202524624764919 0.00673282286152244 0.0048014372587204 0.00146899232640862 0.000811468169558793 0.000496994238346815 0.000279524974757805 0.000358611199771985 0.000281695043668151
0.575968503952026 0.812897026538849 0.819143235683441 0.836235761642456 0.836528599262238 0.779839038848877 0.82458359003067 0.895706117153168 0.809343576431274 0.69331294298172 0.706828832626343 0.864740133285522 0.872660577297211 0.434678465127945 0.0753023326396942 0.0637007132172585 0.0521546192467213 0.0531213991343975 0.0635173171758652 0.0756872072815895 0.0925722494721413 0.120439276099205 0.176509097218513 0.375708073377609 0.741388976573944 0.890394270420074 0.966579914093018 0.975512564182281 0.981805145740509 0.919340133666992 0.796634197235107 0.794165253639221 0.564351916313171 0.384414285421371 0.12961733341217 0.111448146402836 0.0898478776216507 0.0651612281799316 0.020475460216403 0.005630555562675 0.00349438819102943 0.00184629170689732 0.000626810360699892 0.000491119513753802 0.000362692750059068 0.000224077695747837
0.501341700553894 0.776264727115631 0.810572862625122 0.832909226417542 0.824703574180603 0.782756745815277 0.88250070810318 0.889373362064362 0.681600689888 0.700160503387451 0.507823169231415 0.716373324394226 0.721559822559357 0.536065816879272 0.0834142863750458 0.0692945271730423 0.0599065758287907 0.0586065761744976 0.0664190948009491 0.0791276916861534 0.0964089334011078 0.172510236501694 0.242042779922485 0.352408319711685 0.640915334224701 0.746049821376801 0.878224194049835 0.932852387428284 0.973810732364655 0.988833606243134 0.99509596824646 0.851543664932251 0.66880214214325 0.454506367444992 0.26421320438385 0.138975843787193 0.0683411881327629 0.0559855550527573 0.0307641383260489 0.0168537124991417 0.00605830736458302 0.00276655121706426 0.00114164140541106 0.000636497105006129 0.00049953575944528 0.000254392391070724
0.575807929039001 0.70394629240036 0.785042643547058 0.797155201435089 0.811790525913239 0.835890829563141 0.841050744056702 0.888921141624451 0.845740675926208 0.514979600906372 0.717846930027008 0.727853059768677 0.878868937492371 0.354439407587051 0.0752019509673119 0.0669867396354675 0.0575394853949547 0.058610063046217 0.0639371797442436 0.109535895287991 0.128739535808563 0.161847606301308 0.203780680894852 0.273126393556595 0.338128000497818 0.520039081573486 0.784277379512787 0.90152496099472 0.964895486831665 0.971366226673126 0.995600521564484 0.997009456157684 0.852060616016388 0.672789871692657 0.480859279632568 0.457219064235687 0.089296281337738 0.0435183830559254 0.0217413790524006 0.0161207336932421 0.0118375364691019 0.00387835595756769 0.00116738432552665 0.00119762017857283 0.000409056927310303 0.000250654615228996
0.334221452474594 0.560255825519562 0.715918838977814 0.792798459529877 0.813185274600983 0.941751182079315 0.823294162750244 0.863723516464233 0.847457706928253 0.714270234107971 0.880915462970734 0.889133155345917 0.906821250915527 0.611604154109955 0.0876484960317612 0.0711215361952782 0.0608461648225784 0.0880158618092537 0.0869061499834061 0.0951401740312576 0.109605006873608 0.135935217142105 0.164037749171257 0.201854676008224 0.25285866856575 0.361451506614685 0.670511901378632 0.862113654613495 0.943766832351685 0.968970000743866 0.988844931125641 0.993431627750397 0.942117035388947 0.842302918434143 0.658184707164764 0.479205936193466 0.188567399978638 0.0977820232510567 0.044985331594944 0.0154718272387981 0.0149600272998214 0.00545257143676281 0.00300636724568903 0.00146968744229525 0.000691789085976779 0.000472917163278908
0.21664234995842 0.46308222413063 0.563549757003784 0.722221255302429 0.928203403949738 0.941606462001801 0.915208399295807 0.943061590194702 0.872398555278778 0.893980205059052 0.925872385501862 0.895532250404358 0.906503438949585 0.624878644943237 0.15383192896843 0.159156337380409 0.0871194452047348 0.0822434052824974 0.0776851028203964 0.0794055387377739 0.0892938375473022 0.105795994400978 0.126617789268494 0.153892517089844 0.192422062158585 0.23839458823204 0.363862752914429 0.734868943691254 0.973986566066742 0.972331941127777 0.986777424812317 0.97906482219696 0.927202820777893 0.838800609111786 0.671466290950775 0.495492517948151 0.330095738172531 0.108505301177502 0.0506875291466713 0.0184450726956129 0.01522237341851 0.00861379504203796 0.0035091177560389 0.00141065113712102 0.000870012387167662 0.000700522388797253
0.195579573512077 0.362468659877777 0.517093539237976 0.679448068141937 0.921988785266876 0.933998227119446 0.918705761432648 0.87286913394928 0.931396186351776 0.910811722278595 0.875223278999329 0.73537403345108 0.899731814861298 0.439617782831192 0.178714439272881 0.199627041816711 0.0952464714646339 0.0785686001181602 0.0661924779415131 0.0649937391281128 0.068310372531414 0.0789341777563095 0.095706894993782 0.1216846331954 0.146411806344986 0.187212586402893 0.24662059545517 0.461263567209244 0.820854365825653 0.980395197868347 0.994049072265625 0.968618035316467 0.983415484428406 0.938603043556213 0.645139396190643 0.440761893987656 0.508391797542572 0.185309022665024 0.0593392699956894 0.0301806479692459 0.0148889785632491 0.01350605674088 0.00686277635395527 0.00197603413835168 0.00139404530636966 0.00153553776908666
