data/climate_estimation/maxent_output/Calochortus_flexuosus.asc
NCOLS 128 
NROWS 127 
XLLCORNER -117.416666666667 
YLLCORNER 30.25 
CELLSIZE 0.0833333333333334 
NODATA_value -3.4e+38 
[rows 60 to 79 of 127, columns 44 to 87 of 128]
0.821585416793823 0.825748145580292 0.862008094787598 0.844832956790924 0.851884007453918 0.797991931438446 0.60848206281662 0.44592872262001 0.465131342411041 0.522623956203461 0.557595729827881 0.575131237506866 0.540513277053833 0.565394997596741 0.641309201717377 0.634708225727081 0.60861474275589 0.548149347305298 0.580899894237518 0.525925397872925 0.503787577152252 0.488485306501389 0.436741083860397 0.460758447647095 0.49107813835144 0.615419030189514 0.6031254529953 0.565213799476624 0.648954033851624 0.572889685630798 0.610353052616119 0.568057835102081 0.597913563251495 0.595673680305481 0.59105122089386 0.603921413421631 0.557736873626709 0.571495831012726 0.629637181758881 0.574543178081512 0.631172299385071 0.576041102409363 0.588221371173859 0.540288984775543
0.760771095752716 0.82585883140564 0.809751272201538 0.787760436534882 0.837722480297089 0.761277794837952 0.646886944770813 0.438508629798889 0.56704306602478 0.46378692984581 0.523827075958252 0.518407940864563 0.548680782318115 0.571543335914612 0.630112528800964 0.613849997520447 0.605152726173401 0.551339566707611 0.563323795795441 0.529531180858612 0.51858526468277 0.516050755977631 0.493321716785431 0.499174267053604 0.574264049530029 0.64986252784729 0.595655620098114 0.575989782810211 0.604396283626556 0.549557685852051 0.489964574575424 0.600434541702271 0.616460561752319 0.578462421894073 0.543142974376678 0.599390268325806 0.541946709156036 0.606124341487885 0.546514570713043 0.58612847328186 0.585449993610382 0.532679557800293 0.566083669662476 0.484590828418732
0.739630401134491 0.754123032093048 0.741412758827209 0.771456658840179 0.739752471446991 0.661660015583038 0.635357916355133 0.568231999874115 0.504061758518219 0.327174037694931 0.468120783567429 0.402115643024445 0.41019743680954 0.51191657781601 0.532145440578461 0.575430274009705 0.534329950809479 0.571023225784302 0.545139312744141 0.555376172065735 0.522391617298126 0.482508212327957 0.491711050271988 0.519045650959015 0.571804821491241 0.627732753753662 0.591414153575897 0.596521854400635 0.607036888599396 0.57789021730423 0.569975674152374 0.537257075309753 0.502414643764496 0.52035790681839 0.549079179763794 0.548987865447998 0.486652612686157 0.549876809120178 0.486981511116028 0.530799150466919 0.497049599885941 0.534827709197998 0.542581021785736 0.562361776828766
0.689119756221771 0.711055815219879 0.779633820056915 0.761959850788116 0.665939271450043 0.671370804309845 0.595012128353119 0.580608189105988 0.543068289756775 0.410336941480637 0.446173787117004 0.332736253738403 0.443953037261963 0.524990260601044 0.517166316509247 0.524449348449707 0.535558819770813 0.546287715435028 0.558114051818848 0.553233325481415 0.512568295001984 0.416423350572586 0.421904891729355 0.451040774583817 0.513899803161621 0.479284375905991 0.609607219696045 0.542429149150848 0.569729030132294 0.590017199516296 0.615179657936096 0.552546143531799 0.547044515609741 0.46585801243782 0.463881999254227 0.460407286882401 0.499777019023895 0.431109488010406 0.532968699932098 0.46979171037674 0.509893596172333 0.508282482624054 0.509873926639557 0.510008811950684
0.820237338542938 0.787799715995789 0.806580185890198 0.691958606243134 0.642059028148651 0.562315285205841 0.557772755622864 0.56193733215332 0.598462879657745 0.401182740926743 0.455715656280518 0.342337191104889 0.331713736057281 0.495015770196915 0.499452859163284 0.545410633087158 0.496825128793716 0.517957746982574 0.532922804355621 0.376395136117935 0.316848129034042 0.236749291419983 0.122259870171547 0.143413573503494 0.173198044300079 0.403903782367706 0.560464859008789 0.587665617465973 0.5799560546875 0.590332210063934 0.577500760555267 0.599347829818726 0.49542897939682 0.526516139507294 0.452336549758911 0.477610975503922 0.4717036485672 0.436958789825439 0.471316307783127 0.431499511003494 0.452819377183914 0.508451104164124 0.461737722158432 0.523118913173676
0.834908127784729 0.810697138309479 0.736896693706512 0.622756540775299 0.479867398738861 0.534687340259552 0.588239312171936 0.519587874412537 0.574393689632416 0.531655013561249 0.520007133483887 0.466818779706955 0.312998056411743 0.484261065721512 0.507454991340637 0.50751405954361 0.475954234600067 0.377121388912201 0.316369593143463 0.259226411581039 0.14110304415226 0.126168325543404 0.0728851780295372 0.0635088682174683 0.0255444291979074 0.0640098601579666 0.389498025178909 0.46834060549736 0.595670521259308 0.610825777053833 0.624547243118286 0.601837515830994 0.581564962863922 0.541541576385498 0.492685735225677 0.425782561302185 0.386976808309555 0.385283499956131 0.417517215013504 0.449191629886627 0.43493977189064 0.443418085575104 0.468162685632706 0.438663601875305
0.841810584068298 0.811542153358459 0.636598646640778 0.580925107002258 0.521584451198578 0.526268064975739 0.538728713989258 0.444818943738937 0.428251683712006 0.543158888816833 0.462210714817047 0.40869602560997 0.40630230307579 0.490872979164124 0.489859908819199 0.5044105052948 0.391490340232849 0.240600779652596 0.224611163139343 0.181442186236382 0.160441130399704 0.117185816168785 0.130767717957497 0.0882879197597504 0.0502490624785423 0.0448866300284863 0.433055907487869 0.497428894042969 0.601717472076416 0.659038364887238 0.596582353115082 0.603113055229187 0.60498034954071 0.554751455783844 0.473976194858551 0.401022583246231 0.396248996257782 0.369579017162323 0.397484123706818 0.431986808776855 0.393058866262436 0.453778624534607 0.455680459737778 0.382932066917419
0.838351130485535 0.849484443664551 0.720214366912842 0.74076896905899 0.641956865787506 0.50464802980423 0.535789668560028 0.389750570058823 0.333042591810226 0.533001661300659 0.493866950273514 0.513708531856537 0.480340868234634 0.458366751670837 0.454541891813278 0.524092376232147 0.484511613845825 0.217610895633698 0.101515993475914 0.130505159497261 0.182391107082367 0.246839463710785 0.180147916078568 0.157841876149178 0.168936118483543 0.335994094610214 0.452247440814972 0.541769444942474 0.584048926830292 0.653803050518036 0.64922434091568 0.646957397460938 0.569868445396423 0.575993180274963 0.520490825176239 0.418457627296448 0.355903536081314 0.352321267127991 0.299545377492905 0.348032742738724 0.351856768131256 0.40968731045723 0.390787810087204 0.364871233701706
0.858089566230774 0.878242015838623 0.818312883377075 0.723521649837494 0.568691492080688 0.650767862796783 0.530400693416595 0.481984496116638 0.270908266305923 0.333627223968506 0.416818380355835 0.532135367393494 0.535956084728241 0.466485112905502 0.435502946376801 0.485963016748428 0.511484026908875 0.253316640853882 0.173894643783569 0.127382010221481 0.230232447385788 0.311509758234024 0.188092559576035 0.157767161726952 0.299915164709091 0.416325092315674 0.418985694646835 0.494131296873093 0.556102752685547 0.659887135028839 0.658870995044708 0.650763511657715 0.569792926311493 0.506577432155609 0.453880101442337 0.393963485956192 0.385490715503693 0.28047913312912 0.331279426813126 0.367160469293594 0.298410266637802 0.346740245819092 0.319711804389954 0.310321450233459
0.873435139656067 0.872796237468719 0.789915978908539 0.831083416938782 0.73564338684082 0.615948736667633 0.428783863782883 0.399616986513138 0.272961318492889 0.199815198779106 0.231259554624557 0.462136328220367 0.51858776807785 0.535634696483612 0.375287085771561 0.461141526699066 0.55194103717804 0.611739754676819 0.474190771579742 0.271674156188965 0.314275801181793 0.501450777053833 0.234283491969109 0.261025756597519 0.438699036836624 0.300437599420547 0.412259608507156 0.444751799106598 0.475478768348694 0.593097984790802 0.607890188694 0.645130753517151 0.629274070262909 0.597672164440155 0.446714103221893 0.366711556911469 0.311641603708267 0.288339972496033 0.274273365736008 0.328242421150208 0.307913690805435 0.303176939487457 0.304294377565384 0.306022495031357
0.8931605219841 0.868703186511993 0.835165083408356 0.768917798995972 0.655921101570129 0.261627495288849 0.288724303245544 0.284476906061172 0.251330196857452 0.141086503863335 0.201846748590469 0.396367877721786 0.524900674819946 0.572567999362946 0.53240579366684 0.50251042842865 0.590500354766846 0.717529892921448 0.723267138004303 0.720269560813904 0.822583913803101 0.75766259431839 0.502092182636261 0.579038202762604 0.510074973106384 0.38764613866806 0.216595053672791 0.382727354764938 0.405156493186951 0.486120790243149 0.583268404006958 0.602982580661774 0.617559432983398 0.510837852954865 0.467837125062943 0.454369872808456 0.381928265094757 0.259239286184311 0.316195517778397 0.349808394908905 0.382459074258804 0.343849718570709 0.368767112493515 0.345345109701157
0.892973661422729 0.859324991703033 0.824226021766663 0.53859943151474 0.669826865196228 0.551860868930817 0.276311755180359 0.37793156504631 0.23283588886261 0.146547183394432 0.279379457235336 0.425634413957596 0.500753998756409 0.570308148860931 0.454953283071518 0.563272774219513 0.538098037242889 0.67402321100235 0.721237123012543 0.791241824626923 0.861824572086334 0.890979051589966 0.906601369380951 0.889239072799683 0.725896537303925 0.491491943597794 0.279683202505112 0.244043961167336 0.25368395447731 0.435175895690918 0.555959939956665 0.608776390552521 0.582400739192963 0.50205785036087 0.517097949981689 0.414818823337555 0.3867327272892 0.407234996557236 0.310114353895187 0.333439618349075 0.314937323331833 0.334429919719696 0.272001534700394 0.289913773536682
0.861488223075867 0.889770865440369 0.88923442363739 0.641474068164825 0.665939807891846 0.701431393623352 0.717908084392548 0.449313461780548 0.26519638299942 0.198500201106071 0.266164720058441 0.378439366817474 0.533776879310608 0.547269582748413 0.448711186647415 0.475685954093933 0.508023321628571 0.512302100658417 0.643145024776459 0.737062692642212 0.872536540031433 0.880868911743164 0.884294092655182 0.910778105258942 0.870545208454132 0.641893267631531 0.391621977090836 0.187956303358078 0.194214999675751 0.43060302734375 0.506638765335083 0.548746168613434 0.551283657550812 0.548947632312775 0.476890563964844 0.497931301593781 0.434967577457428 0.403423875570297 0.373201370239258 0.320773988962173 0.322698593139648 0.277889311313629 0.27884167432785 0.272512674331665
0.890486598014832 0.915647208690643 0.91426032781601 0.871213793754578 0.739566624164581 0.798029363155365 0.697205543518066 0.512096703052521 0.283869832754135 0.399225264787674 0.413185149431229 0.372726380825043 0.43744745850563 0.469194114208221 0.429569751024246 0.39314591884613 0.458195567131042 0.535287380218506 0.353490352630615 0.22168143093586 0.860471725463867 0.875946402549744 0.898282110691071 0.897140443325043 0.906517386436462 0.701911449432373 0.492656618356705 0.352098166942596 0.314485132694244 0.403618067502975 0.49387115240097 0.525009214878082 0.521279454231262 0.514406263828278 0.482772052288055 0.459177702665329 0.430116385221481 0.450251996517181 0.390610992908478 0.347505271434784 0.324890911579132 0.263030707836151 0.322205394506454 0.276009321212769
0.876608073711395 0.879985153675079 0.899651288986206 0.893368601799011 0.862321436405182 0.896906554698944 0.83833235502243 0.693463742733002 0.606004118919373 0.834211409091949 0.706953167915344 0.489615380764008 0.431344538927078 0.416788578033447 0.29301530122757 0.391570657491684 0.470519036054611 0.553297996520996 0.531197905540466 0.310193300247192 0.798771679401398 0.879623830318451 0.887261927127838 0.891250550746918 0.907817900180817 0.645102500915527 0.493796855211258 0.385284334421158 0.378107964992523 0.376775622367859 0.503713011741638 0.47810161113739 0.519098460674286 0.429976046085358 0.423029124736786 0.42738476395607 0.410239607095718 0.415409594774246 0.342318594455719 0.345044255256653 0.30336320400238 0.321839451789856 0.259662419557571 0.279537230730057
0.880179822444916 0.852129280567169 0.871761620044708 0.903267800807953 0.907610237598419 0.893831431865692 0.850238084793091 0.912801086902618 0.898236632347107 0.870332539081573 0.664773285388947 0.429661452770233 0.554434716701508 0.386430889368057 0.212932482361794 0.314881503582001 0.349890470504761 0.608240842819214 0.661207318305969 0.69516795873642 0.755359411239624 0.814799249172211 0.907382547855377 0.901731431484222 0.898284256458282 0.685439944267273 0.487752705812454 0.348843693733215 0.304220110177994 0.276606023311615 0.300271332263947 0.422679036855698 0.3929263651371 0.384008288383484 0.342486977577209 0.38046059012413 0.358140379190445 0.346222281455994 0.358586490154266 0.343036025762558 0.324133276939392 0.299439072608948 0.263079315423965 0.266216576099396
0.896457314491272 0.821097910404205 0.879739046096802 0.882412850856781 0.890892863273621 0.88389378786087 0.911839723587036 0.886817634105682 0.877898216247559 0.816343069076538 0.836518704891205 0.727244079113007 0.691439628601074 0.53548538684845 0.260522603988647 0.180697977542877 0.129778191447258 0.451095372438431 0.723476886749268 0.787155032157898 0.821609199047089 0.692810535430908 0.631029963493347 0.900226593017578 0.898814618587494 0.547020077705383 0.535623073577881 0.250218629837036 0.150474205613136 0.212774887681007 0.171223551034927 0.20990377664566 0.223371639847755 0.23965947329998 0.357337087392807 0.360045492649078 0.347485840320587 0.362651377916336 0.369223982095718 0.374909818172455 0.356055349111557 0.339687049388885 0.300944834947586 0.302043914794922
0.841170251369476 0.851727843284607 0.842913031578064 0.863184690475464 0.877627670764923 0.883478283882141 0.890612483024597 0.879553437232971 0.919348537921906 0.847556412220001 0.691113770008087 0.5803262591362 0.710291028022766 0.648780167102814 0.558484196662903 0.256141304969788 0.191274791955948 0.45775106549263 0.68587327003479 0.800586223602295 0.863777160644531 0.791795253753662 0.573799133300781 0.793842077255249 0.896173357963562 0.83730411529541 0.423693269491196 0.522044956684113 0.542139768600464 0.688090324401855 0.48094043135643 0.350952744483948 0.184914752840996 0.131838023662567 0.160807356238365 0.205410063266754 0.246815517544746 0.336447417736053 0.334412544965744 0.339942187070847 0.348548024892807 0.336392730474472 0.360172301530838 0.303944408893585
0.799012064933777 0.792945802211761 0.78649765253067 0.802822232246399 0.845665574073792 0.868947327136993 0.889217376708984 0.915658056735992 0.920243859291077 0.869364082813263 0.754084944725037 0.415619075298309 0.571423411369324 0.533722519874573 0.72060489654541 0.571098506450653 0.303781688213348 0.574043929576874 0.812406122684479 0.797283053398132 0.851513266563416 0.720777750015259 0.488247871398926 0.498933076858521 0.910085380077362 0.889434397220612 0.785695493221283 0.829757869243622 0.775080144405365 0.724538266658783 0.680259704589844 0.617432296276093 0.544252097606659 0.33295139670372 0.164941221475601 0.189486265182495 0.151643112301826 0.181603029370308 0.216400057077408 0.240162029862404 0.26039844751358 0.271082848310471 0.347414940595627 0.33427169919014
0.76446932554245 0.852775096893311 0.8316570520401 0.84231173992157 0.862509071826935 0.84945160150528 0.845719754695892 0.898024439811707 0.882634520530701 0.854309499263763 0.842338502407074 0.689215183258057 0.429477870464325 0.570605933666229 0.772493004798889 0.523387968540192 0.166768029332161 0.296958267688751 0.820449352264404 0.894000053405762 0.76027500629425 0.690773069858551 0.708625555038452 0.906614720821381 0.890859007835388 0.760506570339203 0.734682023525238 0.876624226570129 0.848063766956329 0.710755884647369 0.838450074195862 0.781079411506653 0.623895108699799 0.461505591869354 0.305350422859192 0.246887892484665 0.257904320955276 0.174146473407745 0.28386515378952 0.357619971036911 0.307557731866837 0.215223997831345 0.236799076199532 0.255925685167313
