data/climate_estimation/maxent_output/Calochortus_lyallii.asc
NCOLS 104 
NROWS 35 
XLLCORNER -123.5 
YLLCORNER 46.4166666666667 
CELLSIZE 0.0833333333333334 
NODATA_value -3.4e+38 
[rows 0 to 19 of 35, columns 0 to 43 of 104]
-339999999999999996123846586046231871488.000000000000000 -3.4e+38 0.0735591053962708 0.0685936957597733 0.0698085799813271 0.0677542462944984 0.0695066824555397 0.0689551755785942 0.0662147849798203 0.0603459887206554 0.0515786856412888 0.0635198354721069 0.0648370906710625 0.0655444785952568 0.0426680445671082 0.0710196271538734 0.0927625000476837 0.112508982419968 0.0588416568934917 0.0586801171302795 0.0592374131083488 0.0742055252194405 0.148858979344368 0.187193498015404 0.249583289027214 0.270203590393066 0.295487284660339 0.265811622142792 0.253170847892761 0.228959634900093 0.199910312891006 0.225690603256226 0.206871330738068 0.341826766729355 0.494967132806778 0.0895840302109718 0.268530458211899 0.0176982413977385 0.0203747991472483 0.036480288952589 0.0314925275743008 0.0848282501101494 0.0310061853379011 0.048891469836235
-3.4e+38 -3.4e+38 -3.4e+38 0.0594956129789352 0.0552394203841686 0.0575066283345222 0.0566010996699333 0.0540401004254818 0.0540324822068214 0.0488577112555504 0.0432598777115345 0.0413448251783848 0.0403607599437237 0.0353591777384281 0.0380834080278873 0.0481923893094063 0.0533367730677128 0.044855859130621 0.0377018116414547 0.0360087975859642 0.0379187613725662 0.0823451206088066 0.168764814734459 0.138851419091225 0.187164708971977 0.269506990909576 0.169957876205444 0.227774247527122 0.361192792654037 0.384996920824051 0.407874315977097 0.178626239299774 0.202491715550423 0.396625608205795 0.447103708982468 0.729178309440613 0.194854974746704 0.160280182957649 0.171276867389679 0.0126863466575742 0.0176938250660896 0.0490554384887218 0.0685788094997406 0.0844171196222305
-3.4e+38 -3.4e+38 -3.4e+38 0.0473242811858654 0.0445858761668205 0.0402475707232952 0.0422300696372986 0.044470589607954 0.0409988351166248 0.0390700437128544 0.0365880690515041 0.034993551671505 0.0308840777724981 0.0284831766039133 0.0285284351557493 0.0284687113016844 0.0321551896631718 0.0285596903413534 0.0308964885771275 0.0378261916339397 0.0884732976555824 0.122372552752495 0.137688964605331 0.175781726837158 0.18468964099884 0.168643370270729 0.281826734542847 0.304678469896317 0.428660988807678 0.26988098025322 0.283933371305466 0.301418870687485 0.196939691901207 0.30135115981102 0.601240158081055 0.545287013053894 0.24337163567543 0.247353255748749 0.300990372896194 0.26940456032753 0.0232601594179869 0.0482813268899918 0.0182893723249435 0.194946870207787
-3.4e+38 -3.4e+38 -3.4e+38 -3.4e+38 0.0343035757541656 0.0310002751648426 0.0338720493018627 0.0354698933660984 0.0340498723089695 0.0339637212455273 0.0303210448473692 0.0286837108433247 0.0274147186428308 0.0245348662137985 0.0231622885912657 0.0236753057688475 0.0258176550269127 0.0355293415486813 0.0551510006189346 0.0780140310525894 0.0888123065233231 0.114339403808117 0.120006904006004 0.131419464945793 0.14098747074604 0.229327231645584 0.156019866466522 0.178013309836388 0.408933132886887 0.479231148958206 0.315740436315536 0.260047346353531 0.360746920108795 0.47883477807045 0.25757247209549 0.546022474765778 0.217091605067253 0.287518173456192 0.330514252185822 0.121781624853611 0.0688487887382507 0.242009118199348 0.17636626958847 0.115232482552528
0.0739457607269287 0.0602966509759426 -3.4e+38 -3.4e+38 -3.4e+38 0.0270649753510952 -3.4e+38 -3.4e+38 0.0262738671153784 0.0266534611582756 0.0272959563881159 0.0240589883178473 0.021526763215661 0.0179645456373692 0.0179813019931316 0.0266437567770481 0.0270472075790167 0.0462422780692577 0.0686109885573387 0.0670956075191498 0.0831578150391579 0.0868608877062798 0.0965254455804825 0.111479364335537 0.128444209694862 0.207024022936821 0.0997416600584984 0.159275531768799 0.403351277112961 0.475930631160736 0.425301104784012 0.186882600188255 0.265870869159698 0.259246200323105 0.423343777656555 0.447412222623825 0.260162979364395 0.147740870714188 0.23215888440609 0.147987172007561 0.230818212032318 0.135287210345268 0.0978952795267105 0.186606988310814
0.0674866735935211 0.0571185797452927 0.0424297265708447 0.0353906415402889 -3.4e+38 -3.4e+38 -3.4e+38 -3.4e+38 0.0228347294032574 0.0228730496019125 0.0227360874414444 0.0209468919783831 0.0173880085349083 0.0166272837668657 0.0177813377231359 0.0363162606954575 0.0268373340368271 0.056756254285574 0.0595339760184288 0.0644989013671875 0.0854397937655449 0.0953393876552582 0.103708185255527 0.0961763188242912 0.147969797253609 0.11995043605566 0.177780732512474 0.281667500734329 0.291664868593216 0.47699248790741 0.45479616522789 0.465320289134979 0.254637032747269 0.255997180938721 0.336976826190948 0.160191729664803 0.336243331432343 0.217649787664413 0.190512895584106 0.235601291060448 0.278590887784958 0.511938154697418 0.399427682161331 0.357890844345093
0.0689253956079483 0.0586550608277321 0.041607953608036 0.0303028393536806 0.0253762863576412 0.015325297601521 0.0140035692602396 0.0135944122448564 -3.4e+38 0.0200639646500349 0.019010741263628 0.0181734096258879 0.0151649201288819 0.0167564693838358 0.0274240635335445 0.0194465387612581 0.0276309456676245 0.0499765202403069 0.0574696287512779 0.0385000817477703 0.0301971007138491 0.0916822999715805 0.0943843647837639 0.129359856247902 0.165566802024841 0.166848555207253 0.127782419323921 0.29934948682785 0.371397286653519 0.480089336633682 0.330083280801773 0.29278364777565 0.423448264598846 0.226564392447472 0.190584316849709 0.213663414120674 0.224324941635132 0.380773037672043 0.261787950992584 0.401232600212097 0.804036736488342 0.534611821174622 0.389955043792725 0.603015542030334
0.0650864467024803 0.0553333461284637 0.043078251183033 0.0270263664424419 0.0224205031991005 0.0135800829157233 0.0141293788328767 0.0182652454823256 0.0205991584807634 0.0174773968756199 0.0178983826190233 0.0144506162032485 0.0163136050105095 0.0191262196749449 0.0211992599070072 0.020025722682476 0.0251936390995979 0.0501907132565975 0.0487243495881557 0.0562791936099529 0.0640699863433838 0.0708187222480774 0.0905111059546471 0.116669602692127 0.135909989476204 0.174787178635597 0.252937108278275 0.321065872907639 0.396911323070526 0.489663660526276 0.498662263154984 0.578960239887238 0.383657455444336 0.292029410600662 0.293211162090302 0.434281527996063 0.60538375377655 0.2459976375103 0.655988752841949 0.655000627040863 0.871468186378479 0.494530916213989 0.313628345727921 0.491325736045837
0.0528869181871414 0.0481653138995171 0.0349497236311436 0.0230445694178343 0.019469827413559 0.0141927851364017 0.0146920727565885 0.0153719000518322 0.0163141470402479 0.0152103444561362 0.0164704266935587 0.0133052207529545 0.0171803683042526 0.0152549324557185 0.0183509700000286 0.0231648366898298 0.0318252667784691 0.0426165759563446 0.0520126819610596 0.0591736249625683 0.074032835662365 0.0607308372855186 0.102796643972397 0.120720408856869 0.173533201217651 0.18929024040699 0.239431500434875 0.316811293363571 0.204092368483543 0.513161897659302 0.219420403242111 0.38194352388382 0.321454286575317 0.313618689775467 0.506462395191193 0.870713293552399 0.944067895412445 0.879366397857666 0.824644207954407 0.879417836666107 0.885641038417816 0.658329248428345 0.346406579017639 0.692379295825958
0.045012500137091 0.0389386974275112 0.0331797525286674 0.0224354770034552 0.0193803552538157 0.0162813197821379 0.0140746394172311 0.0141961723566055 0.0131358094513416 0.0145179647952318 0.0137583008036017 0.0125999916344881 0.0111136939376593 0.0110095581039786 0.010627618059516 0.0144320083782077 0.0235770903527737 0.0238790083676577 0.0277781765908003 0.0380381159484386 0.0477147698402405 0.0603770911693573 0.105254769325256 0.123553164303303 0.132375553250313 0.176719844341278 0.256857186555862 0.251127064228058 0.0987425521016121 0.255025237798691 0.202094748616219 0.247987478971481 0.31030660867691 0.291329324245453 0.335340738296509 0.302781015634537 0.495339065790176 0.929457783699036 0.864305913448334 0.72667384147644 0.880931913852692 0.631268084049225 0.498835653066635 0.918752729892731
0.0320535227656364 0.0321517772972584 0.0275381468236446 0.0219435803592205 0.0175151601433754 0.0160699635744095 0.0146595668047667 0.0134403584524989 0.0119333947077394 0.0123393405228853 0.0113861272111535 0.0109334355220199 0.0093118017539382 0.00922633334994316 0.0102320965379477 0.0130113856866956 0.0292165875434875 0.0302255693823099 0.0428413525223732 0.0522261746227741 0.0623437352478504 0.0689935237169266 0.0775776356458664 0.101559028029442 0.150150910019875 0.182143524289131 0.177988737821579 0.336764276027679 0.376496881246567 0.212332710623741 0.371013879776001 0.643852889537811 0.481622993946075 0.409397721290588 0.288904070854187 0.583925247192383 0.334005624055862 0.854044020175934 0.92959851026535 0.658172845840454 0.733193457126617 0.912204623222351 0.860730528831482 0.712007462978363
0.0282670259475708 0.0258097667247057 0.0248203724622726 -3.4e+38 -3.4e+38 -3.4e+38 -3.4e+38 -3.4e+38 -3.4e+38 0.0103340707719326 0.0102205583825707 0.0100222127512097 0.00873919762670994 0.00873357895761728 0.0114585775882006 0.0129126394167542 0.0273806490004063 0.031719122081995 0.0364768654108047 0.0469080582261086 0.0586078315973282 0.0710879787802696 0.0842373892664909 0.101349622011185 0.153183400630951 0.168299779295921 0.148498356342316 0.199127197265625 0.251524209976196 0.159696102142334 0.442517727613449 0.739076852798462 0.750937044620514 0.817404270172119 0.363226741552353 0.334943860769272 0.892881691455841 0.956058084964752 0.897647082805634 0.814619898796082 0.662892758846283 0.758905827999115 0.925701498985291 0.930972158908844
-3.4e+38 -3.4e+38 -3.4e+38 -3.4e+38 -3.4e+38 -3.4e+38 -3.4e+38 -3.4e+38 0.0123809892684221 0.0105798710137606 0.00992438662797213 0.00978146027773619 0.00909176096320152 0.00930685829371214 0.0115789836272597 0.0129724815487862 0.0179341025650501 0.0219656936824322 0.0264891609549522 0.0353045389056206 0.0503786504268646 0.0653524175286293 0.0810005441308022 0.101428225636482 0.140967085957527 0.200206011533737 0.248891085386276 0.273357599973679 0.294218420982361 0.153931722044945 0.344489544630051 0.270002216100693 0.311813980340958 0.710123419761658 0.932431757450104 0.335898965597153 0.234746143221855 0.4058598279953 0.881182610988617 0.946398973464966 0.839456915855408 0.751190364360809 0.921126842498779 0.894313454627991
-3.4e+38 -3.4e+38 -3.4e+38 -3.4e+38 0.0228516962379217 -3.4e+38 -3.4e+38 -3.4e+38 0.0130305765196681 0.0113799441605806 0.0100744031369686 0.0103761227801442 0.00970844645053148 0.00988377816975117 0.0113155413419008 0.0118827316910028 0.0131581788882613 0.0183422286063433 0.0248977784067392 0.0418184660375118 0.0513327457010746 0.0592462979257107 0.0855093598365784 0.0930927470326424 0.136230498552322 0.184677094221115 0.1921416670084 0.209989786148071 0.29462257027626 0.3558070063591 0.205553323030472 0.162377282977104 0.345927208662033 0.423871099948883 0.9403395652771 0.95788300037384 0.435443073511124 0.192561984062195 0.49931663274765 0.948044896125793 0.69735187292099 0.852010130882263 0.90948611497879 0.873471260070801
0.0495530925691128 0.0417938232421875 0.0347925871610641 0.0262058489024639 0.0238923449069262 0.0225560273975134 0.0183485113084316 0.0157203003764153 0.0140770329162478 0.0119266118854284 0.0114493845030665 0.0116379354149103 0.0113005824387074 0.012075474485755 0.0126915648579597 0.0124015621840954 0.0142616908997297 0.0168924350291491 0.0228905975818634 0.0289433151483536 0.039585892111063 0.0571130476891994 0.073088176548481 0.0903340727090836 0.140163198113441 0.179639160633087 0.194428786635399 0.198805809020996 0.0669345259666443 0.245339721441269 0.158156082034111 0.313532054424286 0.171729400753975 0.327409148216248 0.23173026740551 0.919682204723358 0.920509815216064 0.373014718294144 0.442194133996964 0.901768267154694 0.892590403556824 0.698378026485443 0.695591032505035 0.742692232131958
0.0401441007852554 0.0510069355368614 0.0484282560646534 0.0423329919576645 0.0361970812082291 0.0309403222054243 0.0262578520923853 0.0210139453411102 0.0162902250885963 0.0141770839691162 0.0136356595903635 0.0140944356098771 0.0142374811694026 0.0146732367575169 0.0137258572503924 0.0136384982615709 0.0158187542110682 0.0165660381317139 0.0183390527963638 0.0249634496867657 0.0390288904309273 0.0479546748101711 0.0647391900420189 0.0828533172607422 0.115617007017136 0.125777825713158 0.200772419571877 0.152309119701385 0.123514764010906 0.178270727396011 0.223848268389702 0.45671734213829 0.585686326026917 0.412817478179932 0.542539656162262 0.434016406536102 0.965982675552368 0.96521532535553 0.93166446685791 0.926557004451752 0.939222097396851 0.924153923988342 0.788617968559265 0.564210593700409
0.016675541177392 0.0188546925783157 0.0222169309854507 0.0324762426316738 0.0436534024775028 0.0391156449913979 0.0386979430913925 0.0313551314175129 0.0240338947623968 0.0221596900373697 0.0220577605068684 0.0177971832454205 0.0181153770536184 0.0184595994651318 0.0190805196762085 0.0174810010939837 0.0168969668447971 0.0181470420211554 0.0185673274099827 0.0197218880057335 0.02418602257967 0.03522077947855 0.057687696069479 0.0829586535692215 0.104709319770336 0.106108702719212 0.166275009512901 0.184121564030647 0.233058214187622 0.266733467578888 0.516370058059692 0.553670704364777 0.757593095302582 0.728628098964691 0.437140613794327 0.917919397354126 0.665506958961487 0.750225484371185 0.964217722415924 0.790062725543976 0.89057070016861 0.945342600345612 0.76739364862442 0.589495778083801
0.0273942220956087 0.00883779488503933 0.0112996120005846 0.0103107308968902 0.0180210154503584 0.018291974440217 0.0420204810798168 0.0436899289488792 0.0359327159821987 0.0312813930213451 0.0288883727043867 0.0277012027800083 -3.4e+38 0.0254473891109228 0.0227895732969046 0.0206995941698551 0.0197085831314325 0.0200764276087284 0.0188489388674498 0.0184768084436655 0.0177051890641451 0.0204420480877161 0.0488965772092342 0.0795219838619232 0.0984690636396408 0.137238413095474 0.208415329456329 0.194025933742523 0.275874704122543 0.38123032450676 0.553291738033295 0.756562471389771 0.788740396499634 0.893978893756866 0.769536852836609 0.558046221733093 0.949303328990936 0.933306932449341 0.912021577358246 0.825505018234253 0.732945144176483 0.774492859840393 0.711200714111328 0.736095249652863
0.025739023461938 0.0107910977676511 0.0106856049969792 0.00970720965415239 0.0110886944457889 0.0272089410573244 0.0463967956602573 0.0523735359311104 0.0494495294988155 0.0451031103730202 0.0420541539788246 0.0383394882082939 0.0387525334954262 0.0320749320089817 0.0270614251494408 0.0265047065913677 0.0237402189522982 0.0202611815184355 0.0190657861530781 0.0171703360974789 0.0220076870173216 0.0395089313387871 0.0434719622135162 0.0552930682897568 0.0977381020784378 0.121888898313046 0.197985544800758 0.223859861493111 0.217678338289261 0.35028663277626 0.419487088918686 0.627544581890106 0.834212243556976 0.809632897377014 0.839303255081177 0.835652470588684 0.946497917175293 0.889032959938049 0.893974900245667 0.829871594905853 0.762297511100769 0.764565348625183 0.761228859424591 0.842677593231201
0.0164826400578022 0.0108529338613153 0.0124884396791458 0.0224150493741035 0.0348718836903572 0.0514488108456135 0.0543116144835949 0.0626338422298431 0.063615545630455 0.0608286745846272 0.0566117540001869 0.0531928613781929 0.0473207086324692 0.0413552448153496 0.0386510826647282 0.0323330163955688 0.026988634839654 0.0231389403343201 0.0207919850945473 0.0177521519362926 0.0183761641383171 0.029407799243927 0.0490522794425488 0.070007435977459 0.101438663899899 0.12556155025959 0.203894957900047 0.268424719572067 0.258842885494232 0.234756872057915 0.210086673498154 0.269017964601517 0.728524804115295 0.805678308010101 0.8139328956604 0.938316941261292 0.945131003856659 0.902668714523315 0.837939202785492 0.619043350219727 0.874338269233704 0.874907791614532 0.842607617378235 0.809815466403961
