data/climate_estimation/maxent_output/Calochortus_macrocarpus.asc
NCOLS 136 
NROWS 170 
XLLCORNER -123.083333333333 
YLLCORNER 40.0833333333333 
CELLSIZE 0.0833333333333333 
NODATA_value -3.4e+38 
[rows 40 to 59 of 170, columns 0 to 43 of 136]
0.225963294506073 0.227840900421143 0.49135822057724 0.478452056646347 0.433218717575073 0.481116890907288 0.582447409629822 0.460271537303925 0.220065698027611 0.224761188030243 0.698457360267639 0.683812260627747 0.356915473937988 0.471248805522919 0.819551825523376 0.67298835515976 0.516183137893677 0.466751158237457 0.793222606182098 0.812030613422394 0.815468788146973 0.670822203159332 0.700462996959686 0.640421628952026 0.774749219417572 0.82122665643692 0.798538863658905 0.824225962162018 0.747006595134735 0.694156229496002 0.690527260303497 0.709739744663239 0.787120759487152 0.734232902526855 0.766113460063934 0.711627542972565 0.592412054538727 0.616519808769226 0.307084321975708 0.476492643356323 0.573012888431549 0.500618934631348 0.396986782550812 0.396580368280411
0.241517171263695 0.245417833328247 0.392504811286926 0.337158709764481 0.148359671235085 0.164390459656715 0.247770354151726 0.319270074367523 0.514678120613098 0.411835968494415 0.562531471252441 0.565211117267609 0.706417560577393 0.72215336561203 0.786968648433685 0.503706276416779 0.343991190195084 0.743368864059448 0.699280679225922 0.650609970092773 0.819874882698059 0.787204444408417 0.804934322834015 0.804663777351379 0.829416036605835 0.809772491455078 0.836938798427582 0.811628699302673 0.828512966632843 0.835524678230286 0.822543740272522 0.797033607959747 0.789963960647583 0.786667943000793 0.791641592979431 0.708892226219177 0.672957479953766 0.66534411907196 0.641953647136688 0.658702909946442 0.615034162998199 0.558898031711578 0.445517241954803 0.400106489658356
0.156827688217163 0.244019731879234 0.146631896495819 0.205431118607521 0.195699855685234 0.190149620175362 0.144611790776253 0.16175651550293 0.417843610048294 0.449114173650742 0.482149690389633 0.538124680519104 0.462675005197525 0.675049960613251 0.729579925537109 0.445930123329163 0.235019713640213 0.594817519187927 0.484179675579071 0.343180328607559 0.785830557346344 0.827809870243073 0.831032574176788 0.794090330600739 0.822775959968567 0.846143662929535 0.853441417217255 0.840738832950592 0.826438307762146 0.778458058834076 0.788037121295929 0.767839074134827 0.725459158420563 0.76463782787323 0.781626105308533 0.788439154624939 0.792336285114288 0.776823103427887 0.72905558347702 0.692625343799591 0.577054023742676 0.510919868946075 0.416231095790863 0.279066503047943
0.160262629389763 0.154313951730728 0.126283749938011 0.147600963711739 0.140465676784515 0.168814986944199 0.185979962348938 0.321384727954865 0.326256096363068 0.125706776976585 0.140084460377693 0.404407739639282 0.440935015678406 0.318833887577057 0.660810112953186 0.598404169082642 0.165596798062325 0.384666860103607 0.457629203796387 0.490750104188919 0.758952140808105 0.824697494506836 0.558999955654144 0.323649764060974 0.37932163476944 0.675520300865173 0.796585083007812 0.799033641815186 0.68894898891449 0.752156794071198 0.840057790279388 0.819347977638245 0.813841462135315 0.813299119472504 0.805369675159454 0.792497575283051 0.798660218715668 0.771008729934692 0.755105018615723 0.745486617088318 0.664198756217957 0.553927600383759 0.396288812160492 0.283526718616486
0.38684931397438 0.28223118185997 0.138617530465126 0.157286614179611 0.426146000623703 0.192724704742432 0.359653472900391 0.365377843379974 0.159033879637718 0.0976125001907349 0.133170232176781 0.298235595226288 0.162645131349564 0.18609057366848 0.406672954559326 0.614533603191376 0.605911314487457 0.2757169008255 0.256115823984146 0.360986262559891 0.650401890277863 0.798747956752777 0.724199533462524 0.510448098182678 0.397734224796295 0.486153572797775 0.807536900043488 0.742023229598999 0.598233342170715 0.574536025524139 0.64162003993988 0.785044491291046 0.817874550819397 0.828489243984222 0.830985724925995 0.833973526954651 0.815986812114716 0.793817400932312 0.806364595890045 0.756315052509308 0.725051522254944 0.681262969970703 0.497727572917938 0.32058647274971
0.28933310508728 0.394519478082657 0.301535278558731 0.260858088731766 0.428821504116058 0.344931840896606 0.311674326658249 0.238300248980522 0.307881295681 0.264987081289291 0.289381504058838 0.220371931791306 0.158735573291779 0.130627676844597 0.128153458237648 0.234194919466972 0.590524315834045 0.46119225025177 0.297633141279221 0.445648550987244 0.727743327617645 0.750604331493378 0.640077173709869 0.354828625917435 0.443623811006546 0.523998141288757 0.727635025978088 0.826461553573608 0.759461939334869 0.734424829483032 0.72444885969162 0.740655362606049 0.83406788110733 0.837238907814026 0.832339823246002 0.80360358953476 0.741674304008484 0.633777379989624 0.802217960357666 0.782598853111267 0.733358383178711 0.711482226848602 0.585716426372528 0.533966958522797
0.160002157092094 0.212172627449036 0.40633562207222 0.402229011058807 0.440019369125366 0.203920006752014 0.248331308364868 0.245833173394203 0.269783020019531 0.256502628326416 0.19503752887249 0.19711434841156 0.261941641569138 0.245137110352516 0.220675766468048 0.115951552987099 0.46776270866394 0.431679397821426 0.43458765745163 0.504714250564575 0.662207126617432 0.70783931016922 0.631233155727386 0.417274504899979 0.375164121389389 0.418517559766769 0.638822078704834 0.801384508609772 0.613209187984467 0.646891951560974 0.687122106552124 0.830431818962097 0.831997692584991 0.83859646320343 0.81418365240097 0.783769130706787 0.774776577949524 0.832016050815582 0.846355676651001 0.803897261619568 0.592907249927521 0.534238040447235 0.580932021141052 0.579816877841949
0.22373454272747 0.209144920110703 0.35818350315094 0.390687197446823 0.407699763774872 0.433055400848389 0.443120419979095 0.232976242899895 0.199870869517326 0.199561461806297 0.177672997117043 0.223417431116104 0.348279654979706 0.434584975242615 0.330270648002625 0.346905589103699 0.478297978639603 0.570714831352234 0.601766347885132 0.533002078533173 0.560268938541412 0.566174983978271 0.669315576553345 0.713944494724274 0.619712769985199 0.587670803070068 0.744631171226501 0.71903121471405 0.601390659809113 0.701235890388489 0.743161559104919 0.864033758640289 0.844659328460693 0.81706041097641 0.807954251766205 0.843244194984436 0.846117079257965 0.834909439086914 0.795245885848999 0.698945462703705 0.603292346000671 0.633617043495178 0.62222683429718 0.595069348812103
0.227597549557686 0.304247915744781 0.363097250461578 0.131603822112083 0.160523608326912 0.228052973747253 0.329460978507996 0.446495592594147 0.17649319767952 0.155224800109863 0.223129525780678 0.242909118533134 0.322188884019852 0.179348230361938 0.137085780501366 0.193398579955101 0.224420934915543 0.620498657226562 0.657095968723297 0.299505054950714 0.468664824962616 0.388920515775681 0.364859700202942 0.643180966377258 0.70394492149353 0.550473749637604 0.708509624004364 0.747684419155121 0.75971907377243 0.840387642383575 0.844805121421814 0.823868811130524 0.842075288295746 0.845311403274536 0.852987706661224 0.848140478134155 0.847870051860809 0.83879953622818 0.727131009101868 0.687065839767456 0.688824236392975 0.684170186519623 0.748436629772186 0.690719246864319
0.220463246107101 0.322571098804474 0.18511089682579 0.126421123743057 0.131195798516273 0.200499936938286 0.407042682170868 0.255103558301926 0.218144118785858 0.1779855042696 0.170154631137848 0.2188620865345 0.181865870952606 0.154996231198311 0.22309835255146 0.26517191529274 0.292720109224319 0.449348479509354 0.637611329555511 0.31806355714798 0.42263251543045 0.228854432702065 0.318769097328186 0.494445890188217 0.590702891349792 0.680576622486115 0.722285032272339 0.773626029491425 0.738235712051392 0.81323117017746 0.820403575897217 0.840216159820557 0.862666606903076 0.850594222545624 0.855367481708527 0.841982185840607 0.844609677791595 0.792534410953522 0.729303419589996 0.740047872066498 0.744032800197601 0.742558181285858 0.768519520759583 0.725740611553192
0.253979355096817 0.201688721776009 0.152865663170815 0.0831858962774277 0.198719814419746 0.266157031059265 0.372334510087967 0.307754963636398 0.25454181432724 0.210137635469437 0.206154406070709 0.210400372743607 0.311452507972717 0.184750407934189 0.181586295366287 0.265678197145462 0.428502023220062 0.480872929096222 0.610765933990479 0.491475760936737 0.34762716293335 0.309638559818268 0.311862677335739 0.443428128957748 0.574280321598053 0.483625441789627 0.689176440238953 0.641529142856598 0.689414322376251 0.78357058763504 0.819550514221191 0.834395349025726 0.86191725730896 0.829144299030304 0.820637345314026 0.786754190921783 0.743151426315308 0.774276673793793 0.74771249294281 0.677209138870239 0.750045955181122 0.760329842567444 0.783357083797455 0.721986889839172
0.112981095910072 0.0800163075327873 0.177656441926956 0.140662923455238 0.110838286578655 0.167894944548607 0.27904087305069 0.349597096443176 0.358715623617172 0.187052875757217 0.179636150598526 0.247362330555916 0.2480448782444 0.34642282128334 0.414894789457321 0.427867323160172 0.35378223657608 0.315058797597885 0.494073182344437 0.588709652423859 0.434207826852798 0.298244953155518 0.37956503033638 0.381134003400803 0.450355410575867 0.557268917560577 0.606384873390198 0.544055223464966 0.654376327991486 0.734452188014984 0.79915452003479 0.825425207614899 0.795381247997284 0.747809112071991 0.729147374629974 0.732831180095673 0.735907018184662 0.705950319766998 0.73371410369873 0.784615397453308 0.829249083995819 0.801109254360199 0.805135846138 0.730131268501282
0.0934905707836151 0.0779930129647255 0.134714022278786 0.183639794588089 0.142117097973824 0.128328248858452 0.178246214985847 0.302188813686371 0.229334488511086 0.355249166488647 0.188107639551163 0.219474256038666 0.281449258327484 0.232807487249374 0.31805744767189 0.267436265945435 0.280334800481796 0.243562638759613 0.384961277246475 0.538417160511017 0.506592631340027 0.370921820402145 0.399779915809631 0.485768288373947 0.36878290772438 0.403840124607086 0.544139683246613 0.493300050497055 0.600622713565826 0.722916662693024 0.773596346378326 0.759906709194183 0.653422236442566 0.686266303062439 0.672810256481171 0.608818054199219 0.666659474372864 0.779569983482361 0.858465373516083 0.855353116989136 0.86056262254715 0.82918906211853 0.762338995933533 0.740589022636414
0.140648111701012 0.14483979344368 0.0578065626323223 0.172383040189743 0.205523669719696 0.0745140090584755 0.16679011285305 0.169539973139763 0.226262480020523 0.291123896837234 0.316214472055435 0.292172521352768 0.213051453232765 0.182407706975937 0.341012686491013 0.302670478820801 0.244149297475815 0.350514233112335 0.326799809932709 0.499449104070663 0.513657510280609 0.444871485233307 0.318004906177521 0.344043493270874 0.473485797643661 0.357433795928955 0.462656706571579 0.584197461605072 0.703723251819611 0.661270081996918 0.698236167430878 0.709167778491974 0.698208510875702 0.745754301548004 0.736865401268005 0.774813950061798 0.729301452636719 0.794251203536987 0.84817910194397 0.853526651859283 0.834960639476776 0.797931790351868 0.802930533885956 0.804678380489349
0.162455230951309 0.146789565682411 0.0968143120408058 0.116698995232582 0.235712185502052 0.131483495235443 0.115959390997887 0.153180867433548 0.226510658860207 0.22407078742981 0.241114914417267 0.310306996107101 0.322698652744293 0.199227333068848 0.318262696266174 0.304673880338669 0.287356585264206 0.331524878740311 0.35902538895607 0.421748399734497 0.467565149068832 0.436443537473679 0.36161407828331 0.309300929307938 0.423900187015533 0.406023651361465 0.350498080253601 0.512898802757263 0.61354273557663 0.576669812202454 0.589391112327576 0.615929663181305 0.755715012550354 0.820907056331635 0.804359436035156 0.763357758522034 0.81376039981842 0.806448996067047 0.848717749118805 0.836862564086914 0.813084423542023 0.857444167137146 0.845575094223022 0.684223413467407
0.0788817256689072 0.111788272857666 0.0971187353134155 0.0810196325182915 0.158805534243584 0.174311429262161 0.102087564766407 0.156920731067657 0.1603784263134 0.142754301428795 0.174301624298096 0.206123977899551 0.234377041459084 0.286019951105118 0.300316691398621 0.312998473644257 0.278079479932785 0.293684214353561 0.287440180778503 0.363298773765564 0.423754185438156 0.357088923454285 0.348323732614517 0.346159070730209 0.42901137471199 0.386475563049316 0.47779792547226 0.445039659738541 0.477774530649185 0.469340980052948 0.635904610157013 0.658671855926514 0.768642783164978 0.742638885974884 0.658346772193909 0.621021151542664 0.685659468173981 0.826043546199799 0.842309713363647 0.839503169059753 0.82760226726532 0.789323151111603 0.859472870826721 0.660096168518066
0.0754215940833092 0.0768363997340202 0.0889178663492203 0.0768009424209595 0.0821530520915985 0.113893583416939 0.106346242129803 0.111520625650883 0.128564357757568 0.130943611264229 0.154328778386116 0.169878944754601 0.1909039914608 0.244785636663437 0.203999862074852 0.268289625644684 0.288783550262451 0.269464194774628 0.26736843585968 0.355928629636765 0.381117165088654 0.34929820895195 0.380360245704651 0.350123584270477 0.315063446760178 0.410861641168594 0.469281941652298 0.374746084213257 0.489454388618469 0.534636259078979 0.713259816169739 0.660929560661316 0.730303168296814 0.662231147289276 0.613312363624573 0.684719324111938 0.596459627151489 0.63979035615921 0.762471675872803 0.842678248882294 0.836229264736176 0.804875612258911 0.843952476978302 0.774638593196869
0.049662321805954 0.0609320141375065 0.0698954910039902 0.0667680948972702 0.0563224963843822 0.0741547346115112 0.0725293532013893 0.0797464326024055 0.082077756524086 0.0882324501872063 0.100798718631268 0.124532856047153 0.137736082077026 0.182186782360077 0.158477142453194 0.125615239143372 0.241260066628456 0.249601095914841 0.277486205101013 0.310174107551575 0.319130897521973 0.368961066007614 0.401073545217514 0.33661749958992 0.350832849740982 0.373889684677124 0.336479842662811 0.418970286846161 0.367055743932724 0.524161100387573 0.635220468044281 0.739129781723022 0.66594797372818 0.740675389766693 0.662304222583771 0.70671421289444 0.702399551868439 0.562508523464203 0.648573637008667 0.836186945438385 0.840783536434174 0.831679046154022 0.852217495441437 0.806068301200867
0.0483206883072853 0.0476256981492043 0.0542597286403179 0.0492842420935631 0.0499763302505016 0.0542316436767578 0.0517141297459602 0.0540010370314121 0.0529805459082127 0.0490345135331154 0.0727335512638092 0.0866237878799438 0.0809086114168167 0.121944852173328 0.103328794240952 0.0604590363800526 0.180755034089088 0.208494544029236 0.257405191659927 0.255200445652008 0.296567648649216 0.334536790847778 0.335503280162811 0.295907348394394 0.30408650636673 0.344577461481094 0.316491901874542 0.394903391599655 0.406130313873291 0.438775181770325 0.562616527080536 0.665294885635376 0.516712069511414 0.653120756149292 0.765863537788391 0.815716445446014 0.806413590908051 0.543889582157135 0.621192634105682 0.839951932430267 0.845017075538635 0.833826720714569 0.839341163635254 0.780973732471466
0.0421836897730827 0.0432716012001038 0.0412112735211849 0.0406765416264534 0.0423439778387547 0.0363531894981861 0.0339401215314865 0.0341539084911346 0.0354318730533123 0.0281680468469858 0.0446684584021568 0.0576997175812721 0.0774518102407455 0.0526077337563038 0.0531881265342236 0.0517132356762886 0.0685753971338272 0.161098212003708 0.203458920121193 0.234374016523361 0.246135294437408 0.268503427505493 0.260699957609177 0.276563972234726 0.281548887491226 0.278600782155991 0.312176614999771 0.311357408761978 0.405873358249664 0.524914920330048 0.48331019282341 0.573064148426056 0.372180372476578 0.44282603263855 0.616469204425812 0.578635036945343 0.795973360538483 0.582758665084839 0.737052440643311 0.837666034698486 0.829097092151642 0.82939738035202 0.815051376819611 0.843914985656738
