data/climate_estimation/maxent_output/Calochortus_bruneaunis.asc
NCOLS 120 
NROWS 160 
XLLCORNER -121 
YLLCORNER 35.6666666666667 
CELLSIZE 0.0833333333333333 
NODATA_value -3.4e+38 
[rows 140 to 159 of 160, columns 44 to 87 of 120]
0.78239780664444 0.520594894886017 0.027883080765605 0.0237517561763525 0.20219698548317 0.400929838418961 0.658672153949738 0.691157698631287 0.69755619764328 0.689119815826416 0.760916590690613 0.806487381458282 0.819947242736816 0.80684757232666 0.797477066516876 0.555643200874329 0.228802397847176 0.199873208999634 0.210524097084999 0.292304515838623 0.526634991168976 0.270279198884964 0.102794490754604 0.456237822771072 0.674828231334686 0.26021009683609 0.0632548779249191 0.103242412209511 0.27658012509346 0.50227153301239 0.543957948684692 0.528170526027679 0.212996020913124 0.194438889622688 0.066765271127224 0.203034624457359 0.430598199367523 0.28997415304184 0.133264094591141 0.0718702748417854 0.0990251675248146 0.1210812702775 0.092165544629097 0.164301335811615
0.575594127178192 0.09852334856987 0.0565417073667049 0.0231748055666685 0.061129629611969 0.0777958482503891 0.210506424307823 0.521428942680359 0.470690280199051 0.583577513694763 0.726163685321808 0.812605917453766 0.807579696178436 0.79119861125946 0.589978933334351 0.30717459321022 0.26432678103447 0.275087594985962 0.227817371487617 0.254600822925568 0.546845674514771 0.538513123989105 0.0915442258119583 0.123880699276924 0.275609612464905 0.237954154610634 0.0672921761870384 0.0284513514488935 0.304667502641678 0.509638607501984 0.304774582386017 0.0635253190994263 0.107693433761597 0.0664709508419037 0.0175358019769192 0.151241585612297 0.144232869148254 0.0814312323927879 0.064680777490139 0.0478643886744976 0.0552293099462986 0.238726988434792 0.0544209852814674 0.0891656950116158
0.311375588178635 0.0865428298711777 0.259363949298859 0.0684617161750793 0.0121425837278366 0.0596945807337761 0.0404728800058365 0.164595663547516 0.191178262233734 0.385827988386154 0.627966582775116 0.566321909427643 0.565292000770569 0.743719100952148 0.167194694280624 0.115511193871498 0.36537092924118 0.292722940444946 0.27747055888176 0.328988969326019 0.576667547225952 0.627410709857941 0.125714853405952 0.0880085155367851 0.106339775025845 0.108339495956898 0.122228480875492 0.0273550134152174 0.0962520316243172 0.227006852626801 0.0288430713117123 0.0713823586702347 0.0289349462836981 0.0146630015224218 0.0109211588278413 0.0221959073096514 0.0212062746286392 0.0635170862078667 0.0539785847067833 0.0111267678439617 0.0603381842374802 0.319506525993347 0.102683685719967 0.0305675156414509
0.0282821618020535 0.429513245820999 0.679675579071045 0.234676346182823 0.0820749998092651 0.0163533948361874 0.0423855520784855 0.0283938441425562 0.11292964220047 0.34777170419693 0.754798293113708 0.42659056186676 0.310579240322113 0.442963272333145 0.145050138235092 0.0449508130550385 0.143289983272552 0.183131515979767 0.315282970666885 0.601472914218903 0.60323041677475 0.401852309703827 0.140847474336624 0.104972615838051 0.0213801935315132 0.0244738571345806 0.416641801595688 0.0178777761757374 0.00476621044799685 0.0176109299063683 0.0340591110289097 0.0226016957312822 0.00354566308669746 0.0149787226691842 0.118151649832726 0.0794813483953476 0.0122087709605694 0.0153836738318205 0.0113584734499454 0.00201061205007136 0.00883595459163189 0.0555562190711498 0.207356140017509 0.0315504483878613
0.000650472589768469 0.632455110549927 0.865618705749512 0.596928954124451 0.162467077374458 0.12309567630291 0.0856271162629128 0.00903385225683451 0.0885610803961754 0.303248286247253 0.421919971704483 0.215741828083992 0.665527522563934 0.476942658424377 0.174749225378036 0.0493530929088593 0.0615520626306534 0.131957769393921 0.41908672451973 0.186325177550316 0.0511527471244335 0.19054588675499 0.0287134423851967 0.12864026427269 0.00700121326372027 0.00739300763234496 0.575769603252411 0.0181384310126305 0.00188546872232109 0.00483110919594765 0.0418683513998985 0.00280512170866132 0.00154603295959532 0.120174467563629 0.467353403568268 0.0874681174755096 0.0139825595542789 0.00161546166054904 0.00144884374458343 0.00113029859494418 0.000758875685278326 0.00171814695931971 0.0114187747240067 0.0361427143216133
1.81806208274793e-05 0.000324119726428762 0.190862715244293 0.466702550649643 0.0625137835741043 0.00380036444403231 0.00161818927153945 0.102361045777798 0.0410476960241795 0.040585957467556 0.140001654624939 0.0490345768630505 0.165766060352325 0.230784252285957 0.0808307155966759 0.0121850660070777 0.011452536098659 0.0123432502150536 0.256074458360672 0.218105763196945 0.00833787024021149 0.203440487384796 0.0264392588287592 0.161713123321533 0.213847383856773 0.10340341180563 0.58376282453537 0.0331535786390305 0.00187914771959186 0.00329223112203181 0.0210564881563187 0.00177465623710304 0.00104157731402665 0.0149944378063083 0.11081387847662 0.0208144746720791 0.00342374830506742 0.000733872991986573 0.000621769402641803 0.000515983905643225 0.000433499924838543 0.0160683766007423 0.218659400939941 0.232213601469994
1.89518759725615e-05 2.27266559704731e-06 6.09364687989e-05 0.020944707095623 0.0596080310642719 0.0030099730938673 0.00110533158294857 0.00094152003293857 0.0056105051189661 0.00518537079915404 0.0282518230378628 0.00613396754488349 0.00910498294979334 0.0692727118730545 0.083634190261364 0.0118194753304124 0.0025400931481272 0.0144543843343854 0.0717916414141655 0.190184190869331 0.00526381703093648 0.0660161301493645 0.0109716570004821 0.0566413886845112 0.36875119805336 0.44613653421402 0.648052155971527 0.0495871901512146 0.00222727120853961 0.000432525906944647 0.00150886294431984 0.000328662252286449 0.000149880346725695 0.00109918345697224 0.00150959147140384 0.000958474236540496 0.000728939368855208 0.000129869717056863 0.000100918448879384 0.000118568452307954 0.00114762026350945 0.365613967180252 0.343558669090271 0.339023232460022
7.79178208176745e-06 1.62865489983233e-06 9.96617131931998e-07 1.41931341204327e-05 0.000179213253431953 0.0380635820329189 0.00633468013256788 0.000529174983967096 0.00127500318922102 0.00214781425893307 0.00224594003520906 0.00333943427540362 0.00948241353034973 0.0155021697282791 0.0183573178946972 0.0172512792050838 0.0213689804077148 0.0887114033102989 0.0775601267814636 0.00881053693592548 0.00520979193970561 0.0600453317165375 0.0103085292503238 0.150895267724991 0.23208686709404 0.651142120361328 0.649396479129791 0.172168970108032 0.00304348976351321 0.00392286665737629 0.000509667734149843 0.000138801638968289 8.91755116754211e-05 0.00013259107072372 0.000181667419383302 0.000149212501128204 7.75200460338965e-05 0.000162985917995684 0.00160217972006649 0.00318035553209484 0.0674164369702339 0.294167846441269 0.226953163743019 0.23792377114296
3.34190044668503e-05 1.73535283920501e-06 9.55786390477442e-07 1.48382093811961e-06 2.37743574871274e-06 3.50067566614598e-05 0.00254207267425954 0.00199873675592244 0.000500088965054601 0.000365709536708891 0.000558288593310863 0.000787125201895833 0.00171455135568976 0.010435851290822 0.0159200262278318 0.00517318770289421 0.0300512034446001 0.0825014859437943 0.0180115886032581 0.00543363112956285 0.00576833402737975 0.00677323015406728 0.00595284020528197 0.159424409270287 0.608610868453979 0.589065372943878 0.634617149829865 0.240692168474197 0.00420874636620283 0.00788998883217573 0.00048731392598711 0.000132925095385872 0.000111560664663557 9.59621320362203e-05 6.73618778819218e-05 0.000103001912066247 7.99128974904306e-05 0.00286996853537858 0.366222977638245 0.357018381357193 0.0839883163571358 0.1364436596632 0.128057256340981 0.230470046401024
0.000250153534580022 2.82493019767571e-05 0.0116719417273998 2.18345176108414e-05 6.28914278877346e-07 1.92491506822989e-06 0.000151618427480571 0.0412269495427608 0.00428933789953589 0.000280406180536374 0.000339084537699819 0.000459265400422737 0.000618019141256809 0.000653002527542412 0.00118558050598949 0.0200869273394346 0.101493291556835 0.0234905350953341 0.0152172055095434 0.0152562400326133 0.0094785001128912 0.00507123349234462 0.00532176904380322 0.0378097556531429 0.68020498752594 0.679971992969513 0.57300990819931 0.418298095464706 0.00319592724554241 0.000608705682680011 0.000275623460765928 0.000146538324770518 0.00029881639056839 0.000164247627253644 2.10329017136246e-05 6.20425562374294e-05 0.000115808397822548 0.00104726722929627 0.0869270861148834 0.162689909338951 0.0263981185853481 0.0207295753061771 0.0509724766016006 0.252349257469177
0.175147131085396 0.0108709651976824 0.24474373459816 0.000416759052313864 1.15658758659265e-06 5.09662470449257e-07 2.3968337700353e-05 0.0119581716135144 0.0563426576554775 0.000310033065034077 0.000269474374363199 0.000272305886028334 0.000505360658280551 0.000621138489805162 0.00138724397402257 0.0331827886402607 0.519543707370758 0.516899287700653 0.528378248214722 0.338791579008102 0.306173890829086 0.0598958991467953 0.00662061991170049 0.00407571718096733 0.0682852789759636 0.248760849237442 0.432188659906387 0.063453383743763 0.000974393740762025 0.000223694427404553 0.000262874120380729 0.000278228631941602 0.000562252127565444 0.000222123882849701 8.1392761785537e-05 1.62923497555312e-05 6.06417124799918e-05 0.000274751626420766 0.00168080464936793 0.00469138473272324 0.00290563818998635 0.00219147861935198 0.0559315904974937 0.434831291437149
0.146719247102737 0.707212328910828 0.248634904623032 0.0240236297249794 7.07393837728887e-06 5.04398144585139e-07 1.38035338750342e-05 0.000356652133632451 0.013401466421783 0.0079504894092679 0.000456772249890491 0.000100306620879564 0.000341119768563658 0.00150790729094297 0.00345499231480062 0.00353838410228491 0.120666079223156 0.711948573589325 0.696163713932037 0.665409445762634 0.723397672176361 0.514270603656769 0.0554601885378361 0.00358732487075031 0.0011257667792961 0.0331165157258511 0.0410679765045643 0.0110706314444542 0.000813898455817252 0.000544982554856688 0.000640465063042939 0.00284885941073298 0.00468300934880972 0.00061228999402374 0.000107548592495732 1.67251982929884e-05 0.000170409155543894 0.00471831113100052 0.00292790913954377 0.000366035324987024 0.000269014184596017 0.0013695367379114 0.0870817899703979 0.409696251153946
0.00239576469175518 0.216842532157898 0.643032729625702 0.279369413852692 3.39619291480631e-05 4.90461502522521e-07 1.8626401470101e-06 0.0121158109977841 0.011419883929193 0.000994194881059229 0.00030543573666364 9.21578539418988e-05 0.000861952838022262 0.00131411314941943 0.00225646258331835 0.00128789059817791 0.00316362571902573 0.392047077417374 0.650276958942413 0.456420123577118 0.602575361728668 0.638476610183716 0.11836563795805 0.0127883432433009 0.000667892396450043 0.000414655834902078 0.000310883886413649 0.000129548774566501 0.000387342559406534 0.000599405961111188 0.00105598801746964 0.0102074323222041 0.000478441128507257 0.0001648033503443 4.10461179853883e-05 2.31178837566404e-05 0.00072448467835784 0.0377187132835388 0.0468928217887878 0.000235451982007362 0.000135294627398252 0.00130119896493852 0.162762001156807 0.416556686162949
0.000119879514386412 0.0168928857892752 0.761300027370453 0.659037411212921 0.000248588039539754 7.94730453890224e-07 1.04230684883078e-06 0.0241132657974958 0.0228266883641481 0.00395516259595752 0.000790694786701351 0.000112483823613729 0.000693162786774337 0.00319426506757736 0.000844249036163092 0.000931124435737729 0.00185414974112064 0.0226620677858591 0.395840615034103 0.678512156009674 0.620449602603912 0.627121031284332 0.461121559143066 0.0530971512198448 0.000696768227498978 0.000355470750946552 8.50694341352209e-05 9.73845017142594e-05 0.00014104088768363 6.08867812843528e-05 0.000103604135802016 9.79625692707486e-05 0.000362027989467606 0.000328645488480106 4.62883108411916e-05 2.76705741271144e-05 0.00075851078145206 0.0560280457139015 0.00723791355267167 0.00013889413094148 0.000145722908200696 0.00298134936019778 0.194073334336281 0.410437762737274
5.81486674491316e-05 0.000175929395481944 0.634855449199677 0.612418532371521 0.000510105397552252 1.7016719766616e-06 6.3813473616392e-07 0.000596994766965508 0.211047410964966 0.0253806319087744 0.00393347581848502 0.00151646754238755 0.000133971057948656 0.00265498529188335 0.00257015018723905 0.000744628428947181 0.00107082666363567 0.00238338462077081 0.0173233337700367 0.134733483195305 0.506033837795258 0.478022366762161 0.0812983959913254 0.00909976381808519 0.000716657203156501 0.000320413208100945 8.82354361237958e-05 6.12881922279485e-05 7.54090942791663e-05 3.33850985043682e-05 2.81603970506694e-05 2.47784155362751e-05 6.39350255369209e-05 5.61934502911754e-05 1.72441159520531e-05 1.82038638740778e-05 0.000309117749566212 0.00283075915649533 4.17367227782961e-05 0.000200912705622613 3.75277413695585e-05 0.0858774036169052 0.32208788394928 0.391878068447113
9.15778800845146e-05 0.000122847268357873 0.399673283100128 0.63246363401413 0.0036852159537375 2.73594696409418e-06 7.01879116604687e-07 0.000727660837583244 0.0371910706162453 0.00416516326367855 0.00151675543747842 0.00144960382021964 9.22558610909618e-05 0.000750663690268993 0.0023642226587981 0.00223236973397434 0.000777249864768237 0.00136068090796471 0.00206884741783142 0.0126555729657412 0.0926063433289528 0.362761795520782 0.121482126414776 0.0098496088758111 0.000964961829595268 0.000404386548325419 0.000109975349914748 9.41732359933667e-05 9.32545226532966e-05 0.000729882449377328 3.24761895171832e-05 6.35156975477003e-05 0.00713679613545537 0.000141411990625784 2.94462570309406e-05 3.21026163874194e-05 2.78047155006789e-05 5.76787278987467e-05 5.77999162487686e-05 0.000938610464800149 0.0448783524334431 0.117355972528458 0.120842531323433 0.158934131264687
0.000193541360204108 0.000100063123682048 0.162580549716949 0.0169508997350931 0.00196354929357767 3.00053379760357e-05 1.64033940563968e-06 4.18156014347915e-06 0.000757450761739165 0.000963164784479886 0.00153843744192272 0.000170491257449612 6.17312325630337e-05 7.50883700675331e-05 0.00022528794943355 0.0152374431490898 0.00112187757622451 0.00106395897455513 0.00143727369140834 0.00255369115620852 0.0205039624124765 0.470123708248138 0.350758641958237 0.0143906828016043 0.00242892140522599 0.000874516204930842 0.000731211446691304 0.00254539120942354 0.000661102647427469 0.000205965276109055 0.000172603977262042 4.12493282055948e-05 0.0018421959830448 0.00051957875257358 9.04702101252042e-05 0.000363170285709202 0.000379416422219947 0.00066873652394861 0.00131113536190242 0.00924850814044476 0.305043905973434 0.285283297300339 0.037736713886261 0.0700608417391777
0.000419374759076163 0.000145681784488261 0.00697385100647807 0.0142839215695858 0.00376292644068599 0.000113902118755504 2.11046917684143e-05 5.96546760789352e-06 2.3591503577336e-06 2.53748967224965e-05 0.000443967728642747 0.000333287985995412 3.72661306755617e-05 2.84621855826117e-05 0.000134453119244426 0.00045026236330159 0.00188335950952023 0.00278464681468904 0.00227812421508133 0.00126740150153637 0.00363957928493619 0.141839593648911 0.10511789470911 0.106400996446609 0.00970238447189331 0.00248307315632701 0.0031522826757282 0.00226741842925549 7.15312853571959e-05 0.000125179692986421 0.00023943671840243 4.15634312957991e-05 6.86219209455885e-05 0.000153954228153452 0.000242627240368165 0.00210848217830062 0.0137747637927532 0.00166326342150569 0.0119926370680332 0.0746572092175484 0.274016797542572 0.267820566892624 0.236208200454712 0.110700339078903
0.000254915677942336 0.00169728044420481 0.000303505163174123 0.000601871986873448 0.000147029728395864 0.000125353879411705 0.000465481600258499 0.000230371733778156 1.00990073406138e-05 2.47177831624867e-06 8.86670022737235e-06 7.41443436709233e-05 5.70488700759597e-05 3.30484035657719e-05 0.000157631933689117 0.000268898293143138 0.0360379405319691 0.043059591203928 0.00464505236595869 0.000933009781874716 0.000750534411054105 0.00379826105199754 0.0357778519392014 0.00268521020188928 0.00173527048900723 0.00191791821271181 0.00244492292404175 0.000150654217577539 0.000128108629724011 0.00140427949372679 0.000897688849363476 3.74172414012719e-05 0.0001306542835664 0.00028921861667186 0.000697568582836539 0.00444707646965981 0.0933112874627113 0.0186299346387386 0.00221478915773332 0.0852812826633453 0.409355521202087 0.273130595684052 0.262914270162582 0.107024393975735
0.000134534202516079 0.00126415700651705 0.000305916444631293 0.000595990510191768 0.000400100980186835 0.000717083865310997 0.000226748321438208 0.000110233268060256 8.55825128383003e-05 2.68013832283032e-06 1.42043143114279e-06 4.01657507609343e-06 3.12692804982362e-06 6.05467494096956e-06 5.51744997210335e-05 0.000164884797413833 0.0241729281842709 0.0438075102865696 0.0053540151566267 0.0177956279367208 0.00134833308402449 0.00122205261141062 0.0293309595435858 0.00116941111627966 0.00254339608363807 0.0155023317784071 0.00384885515086353 0.000325768109178171 0.000325690081808716 0.0218103621155024 0.000295074336463585 7.01006092640455e-06 0.000119593365525361 0.00137979502324015 0.000344411673722789 0.0032633722294122 0.0344820432364941 0.0174757298082113 0.00241050496697426 0.00196626735851169 0.0141773447394371 0.186220526695251 0.270584166049957 0.249064788222313
