data/climate_estimation/maxent_output/Calochortus_nudus.asc
NCOLS 195 
NROWS 89 
XLLCORNER -124.083333333333 
YLLCORNER 35.9166666666667 
CELLSIZE 0.0833333333333333 
NODATA_value -3.4e+38 
[rows 57 to 75 of 89, columns 129 to 171 of 195]
0.00887641962617636 0.00845409277826548 0.00613972218707204 0.00460970215499401 0.00577448634430766 0.00971274450421333 0.0179793611168861 0.0118776094168425 0.0198946800082922 0.0252957567572594 0.0215665698051453 0.0197156723588705 0.0240286998450756 0.0172202326357365 0.0221150368452072 0.020460857078433 0.022166958078742 0.00634261313825846 0.0200960356742144 0.0217169187963009 0.0186634920537472 0.0172189380973577 0.0180487968027592 0.00301397545263171 0.00281910481862724 0.00245070667006075 0.00190952338743955 0.00243975850753486 0.0013540165964514 0.00094779982464388 0.000956013449467719 0.000899550621397793 0.00115602824371308 0.00137512607034296 0.00173760601319373 0.0020635777618736 0.00192171439994127 0.00193053425755352 0.00273077306337655 0.0018972116522491 0.00332742952741683 0.00948156788945198 0.0155787691473961
0.00824964512139559 0.00803742464631796 0.00681210169568658 0.00630246754735708 0.00673580914735794 0.0112016601487994 0.0204576198011637 0.0197283979505301 0.0193725936114788 0.0230392757803202 0.0193250719457865 0.0178040787577629 0.0208300407975912 0.0116964085027575 0.0207133404910564 0.020707193762064 0.0187640190124512 0.00589140318334103 0.0181188564747572 0.016100374981761 0.00412566866725683 0.017997520044446 0.0234073288738728 0.00305829639546573 0.0024165716022253 0.00221443781629205 0.00150452787056565 0.00145602237898856 0.000975444098003209 0.00100715237203985 0.000718108145520091 0.00094305316451937 0.000873002863954753 0.00140034209471196 0.0021359040401876 0.00311144813895226 0.00302937068045139 0.00259483582340181 0.00734173972159624 0.00186168763320893 0.0031233245972544 0.00833726581186056 0.00760098779574037
0.00754981767386198 0.00753607414662838 0.00794691313058138 0.00602080207318068 0.00745007209479809 0.00995009392499924 0.0223255697637796 0.0129389017820358 0.0125247463583946 0.0226794108748436 0.0197700913995504 0.0169964283704758 0.0217681769281626 0.0115470932796597 0.00961852446198463 0.021172633394599 0.00745415827259421 0.0203653369098902 0.0162397306412458 0.00529476394876838 0.00453683361411095 0.0163080599159002 0.0213947836309671 0.00335382064804435 0.00301574915647507 0.0020151361823082 0.00145385903306305 0.000976053474005312 0.00108284247107804 0.000719705771189183 0.00080972583964467 0.000725999008864164 0.000591262534726411 0.000941826263442636 0.00155710824765265 0.00310817430727184 0.0094690453261137 0.00784068368375301 0.00937714613974094 0.00176085927523673 0.00196781358681619 0.00814049690961838 0.00498792668804526
0.00837036408483982 0.0086515573784709 0.00654694903641939 0.00669260136783123 0.00912926252931356 0.0205077137798071 0.0121194729581475 0.011580191552639 0.0113982753828168 0.0228467211127281 0.0225459355860949 0.0189186669886112 0.0218857806175947 0.0091010257601738 0.0214795786887407 0.0215152353048325 0.00602780235931277 0.0238158199936152 0.0208577290177345 0.0159828923642635 0.00493165012449026 0.00389548600651324 0.0035949544981122 0.00300133996643126 0.00282904854975641 0.00254797213710845 0.00137298216577619 0.000973137794062495 0.00155193894170225 0.000943986757192761 0.000968850799836218 0.00101095577701926 0.000921199913136661 0.000921815284527838 0.00119394552893937 0.00714827794581652 0.0124986786395311 0.0119635220617056 0.0100090140476823 0.00643614586442709 0.0025131634902209 0.00715341791510582 0.0048280986957252
0.00574881350621581 0.00535398814827204 0.00552300270646811 0.00627451948821545 0.00873314868658781 0.0111560113728046 0.0115965958684683 0.0127212759107351 0.0137627692893147 0.0192727912217379 0.0234284792095423 0.0195142608135939 0.0104828868061304 0.00738715101033449 0.0085016991943121 0.0192475244402885 0.00685008754953742 0.0224433671683073 0.0221459083259106 0.0228733904659748 0.0204296614974737 0.0266950707882643 0.0277532432228327 0.0188474003225565 0.013926618732512 0.00340595049783587 0.00195767846889794 0.00144476571585983 0.00122394342906773 0.0014498142991215 0.00245234160684049 0.00151199952233583 0.00101458909921348 0.00176277093123645 0.00135992479044944 0.00535672856494784 0.0116828000172973 0.0107485065236688 0.0152160339057446 0.00785406772047281 0.00652848510071635 0.00476532289758325 0.00592223415151238
0.00568541698157787 0.00862471386790276 0.0097644031047821 0.0105028189718723 0.0120440674945712 0.0205494649708271 0.0206893421709538 0.0210191085934639 0.0116401109844446 0.0209208279848099 0.0207734778523445 0.023038100451231 0.00996325816959143 0.0201443731784821 0.0255950149148703 0.00748712150380015 0.00642687315121293 0.0261489152908325 0.0264387931674719 0.0248413719236851 0.0299071967601776 0.0239372383803129 0.0229886863380671 0.0261004995554686 0.017728079110384 0.0128238406032324 0.00353928213007748 0.00165800785180181 0.0025987506378442 0.0155126200988889 0.0297255180776119 0.0120076034218073 0.00158949219621718 0.00148502562660724 0.00365134538151324 0.0031261327676475 0.00743813626468182 0.0111002698540688 0.0142640983685851 0.00760078709572554 0.00611008191481233 0.00889391917735338 0.00929681677371264
0.00749494740739465 0.00943942461162806 0.0113410167396069 0.0118390526622534 0.0250367261469364 0.0257938597351313 0.0242089666426182 0.0128986528143287 0.0222703386098146 0.0246412623673677 0.021997008472681 0.0196779742836952 0.0249896105378866 0.0248582474887371 0.0279740113765001 0.0184146035462618 0.0166617892682552 0.027790104970336 0.0317426957190037 0.0270863324403763 0.0318150855600834 0.0265972204506397 0.0279372986406088 0.0304776187986135 0.0256593134254217 0.0151623710989952 0.0116171650588512 0.0021773986518383 0.009864816442132 0.0184885915368795 0.0288261156529188 0.0123717514798045 0.00400815578177571 0.00394007982686162 0.00628439942374825 0.00238961889408529 0.00722219189628959 0.0111814765259624 0.00955484714359045 0.00769725395366549 0.0161788295954466 0.0177871007472277 0.0162186194211245
0.0170751586556435 0.0186984911561012 0.0219835788011551 0.0109707275405526 0.0127749610692263 0.0229663755744696 0.0283321514725685 0.0274020973592997 0.0268325116485357 0.0242623947560787 0.00906970631331205 0.00652934983372688 0.0243930052965879 0.024958873167634 0.0262734778225422 0.0173673164099455 0.0221106167882681 0.0251765418797731 0.0268285814672709 0.0288549344986677 0.0279127880930901 0.0245900265872478 0.0222481526434422 0.0199339706450701 0.0205185525119305 0.015097189694643 0.0165488328784704 0.0120527362450957 0.0115408804267645 0.0142511269077659 0.0274225678294897 0.015013967640698 0.00776311289519072 0.004099081736058 0.00450008409097791 0.00338795012794435 0.00798278860747814 0.00930519215762615 0.0122814504429698 0.018121924251318 0.0210755635052919 0.0203678663820028 0.0249007437378168
0.0212436337023973 0.0242218226194382 0.0234989337623119 0.020108649507165 0.0233221128582954 0.0258363522589207 0.0274272598326206 0.0311252996325493 0.0256435424089432 0.0269619300961494 0.00701073929667473 0.00630744267255068 0.0243293941020966 0.0266258306801319 0.0257570948451757 0.0180775299668312 0.0240304879844189 0.0344511792063713 0.0265649277716875 0.0258702002465725 0.0216473489999771 0.0223415233194828 0.0222970843315125 0.0164949968457222 0.0181789882481098 0.0129330568015575 0.0197959486395121 0.0103438496589661 0.00770426075905561 0.00714257918298244 0.012124078348279 0.0258201621472836 0.0137894954532385 0.00306114857085049 0.00279797823168337 0.0019804269541055 0.00510379439219832 0.00767925009131432 0.0152778206393123 0.0213702265173197 0.0247150212526321 0.0310477074235678 0.0322901792824268
0.0297894347459078 0.0270318016409874 0.0263467654585838 0.0251966081559658 0.0302887260913849 0.0295652542263269 0.033328503370285 0.0255631562322378 0.0327217094600201 0.0314929224550724 0.0203079674392939 0.0148898893967271 0.0227978602051735 0.0282786712050438 0.019054664298892 0.0172660052776337 0.024907348677516 0.0287170298397541 0.0236668381839991 0.025023216381669 0.0215973574668169 0.0227734390646219 0.0170487333089113 0.0135734295472503 0.0117870094254613 0.0135569404810667 0.0179000608623028 0.0157993659377098 0.00600251322612166 0.00426473096013069 0.00404374767094851 0.0053738602437079 0.00869081821292639 0.00608741072937846 0.00197308650240302 0.00242927670478821 0.00532435579225421 0.0092697162181139 0.0191735662519932 0.026009863242507 0.030425176024437 0.0285553075373173 0.0331841520965099
0.0365732982754707 0.0298050735145807 0.0270083546638489 0.0311852414160967 0.0330891236662865 0.0306265968829393 0.0279754307121038 0.029656020924449 0.036907397210598 0.0346470773220062 0.0313585586845875 0.0223098285496235 0.0246391221880913 0.0234214328229427 0.0171342771500349 0.0259201172739267 0.0259156078100204 0.0374597422778606 0.0238054916262627 0.0257311444729567 0.0267936438322067 0.0193819720298052 0.019626634195447 0.0155844772234559 0.00983033888041973 0.0108794793486595 0.0124459713697433 0.0121019631624222 0.0111091509461403 0.00468221213668585 0.00423476845026016 0.00304262735880911 0.00732916826382279 0.00365630094893277 0.00219113915227354 0.00342604145407677 0.00844344776123762 0.00878436025232077 0.014953582547605 0.0256156381219625 0.0317070670425892 0.0306452326476574 0.0313489884138107
0.039114061743021 0.0339725539088249 0.0358758680522442 0.0338631495833397 0.0351302847266197 0.0321264751255512 0.0282639339566231 0.0302551798522472 0.035763818770647 0.0370246060192585 0.033600926399231 0.0347790494561195 0.0310456324368715 0.0306706987321377 0.0288285072892904 0.0376973338425159 0.0312280990183353 0.0290220938622952 0.0334469564259052 0.0319164581596851 0.0276403483003378 0.0278983730822802 0.0185008328408003 0.0106515921652317 0.0114438133314252 0.00997663009911776 0.00896978750824928 0.0087299607694149 0.0145886735990644 0.00374389765784144 0.00233695725910366 0.00177298358175904 0.00237603695131838 0.00253395969048142 0.00383440544828773 0.00423577567562461 0.007407087367028 0.0207488797605038 0.011099093593657 0.0220823083072901 0.0260941982269287 0.0324281416833401 0.0317620635032654
0.0424023270606995 0.033508088439703 0.035838108509779 0.037662323564291 0.0344036519527435 0.0356357470154762 0.0335539765655994 0.0336186178028584 0.0406545922160149 0.038644764572382 0.0396230705082417 0.0351396799087524 0.0334760695695877 0.0345416888594627 0.0392355136573315 0.0358872450888157 0.0351695008575916 0.0327181443572044 0.032288670539856 0.0327039584517479 0.0290511790663004 0.0248633474111557 0.0215427540242672 0.0143194142729044 0.0108723724260926 0.00818323623389006 0.00652211345732212 0.00643030414357781 0.011171224527061 0.00588661059737206 0.00138734315987676 0.00146321323700249 0.00170979090034962 0.00277948565781116 0.00533974356949329 0.00836376938968897 0.00977872963994741 0.00847991649061441 0.0146872354671359 0.0218858662992716 0.0242166966199875 0.0252533778548241 0.0268246531486511
0.0369085595011711 0.0326895974576473 0.0369863584637642 0.0358080230653286 0.0358357392251492 0.0386979021131992 0.0361161939799786 0.0365431234240532 0.0397870130836964 0.0448682457208633 0.0435077399015427 0.0396459922194481 0.0373148247599602 0.0384560860693455 0.0405997224152088 0.0378300957381725 0.0355530865490437 0.036784078925848 0.030544076114893 0.0309793464839458 0.0282903090119362 0.0277288500219584 0.0247607603669167 0.0244009587913752 0.0181799735873938 0.00730548659339547 0.00498112477362156 0.00465282564982772 0.00583680719137192 0.00757279433310032 0.0029010777361691 0.00126855866983533 0.00215593609027565 0.00275105098262429 0.00558122713118792 0.0104008121415973 0.0154345082119107 0.0103565370664001 0.00986078754067421 0.0151280127465725 0.0193334724754095 0.0213946085423231 0.0152362547814846
0.0313680320978165 0.0299752987921238 0.0420743450522423 0.0398247353732586 0.0358630828559399 0.0361899957060814 0.0391405634582043 0.0405580662190914 0.036678783595562 0.041318591684103 0.0391049571335316 0.0420468412339687 0.0402783267199993 0.041823972016573 0.039586890488863 0.0352588184177876 0.0349870137870312 0.0332242995500565 0.0277450606226921 0.028503367677331 0.0233683865517378 0.0196844004094601 0.0196126904338598 0.0230910517275333 0.0219070166349411 0.0209222789853811 0.00717629445716739 0.00445242412388325 0.0026823952794075 0.00366310495883226 0.00359812658280134 0.00271147093735635 0.00261325319297612 0.00422488385811448 0.00775407813489437 0.00934167206287384 0.00449557462707162 0.00534901255741715 0.00944792479276657 0.0163153149187565 0.0266284961253405 0.0216375682502985 0.012085348367691
0.009543945081532 0.0243919566273689 0.022669717669487 0.0342092365026474 0.0304233953356743 0.0360779650509357 0.0351493880152702 0.0278529152274132 0.0328499153256416 0.0355676710605621 0.0397893413901329 0.0387049429118633 0.0412627011537552 0.039665013551712 0.0381325930356979 0.0318663008511066 0.0259435176849365 0.0271185301244259 0.0252794325351715 0.0263433940708637 0.0267152357846498 0.0149626675993204 0.01099818572402 0.0138985840603709 0.0122801139950752 0.0185355991125107 0.0256852842867374 0.00670120911672711 0.00291541102342308 0.00260794465430081 0.00276961643248796 0.0031781226862222 0.0047533567994833 0.00609732419252396 0.00281968130730093 0.00178915145806968 0.00323748239316046 0.00587343238294125 0.00677464297041297 0.0120331654325128 0.0185800828039646 0.00909062847495079 0.00831191055476665
0.00129695539362729 0.0079632755368948 0.0086353961378336 0.0109568247571588 0.0149413915351033 0.0242955889552832 0.0221342016011477 0.0193488020449877 0.0316924415528774 0.0272101256996393 0.0311550870537758 0.0293465610593557 0.0337566770613194 0.0358755998313427 0.0316065326333046 0.0294215064495802 0.0174878165125847 0.0182719696313143 0.0150299686938524 0.0124506074935198 0.0107097271829844 0.0104512637481093 0.0109393820166588 0.00574179366230965 0.00365302222780883 0.0046557285822928 0.0143247917294502 0.0254385247826576 0.00324402539990842 0.0018826040904969 0.00265383790247142 0.0019879590254277 0.00249868328683078 0.00215697265230119 0.00265344581566751 0.00248266686685383 0.00373387942090631 0.00642571318894625 0.011284769512713 0.00816493760794401 0.00966986082494259 0.00486499629914761 0.00609894981607795
0.00739087164402008 0.0142312664538622 0.0150878671556711 0.0120463091880083 0.0170075781643391 0.0238791313022375 0.0246336963027716 0.0288330428302288 0.0266408547759056 0.0231633353978395 0.0285932663828135 0.0248730666935444 0.0292838457971811 0.0333252586424351 0.0238384604454041 0.0272384621202946 0.0130495149642229 0.010466150008142 0.00762615399435163 0.0065150847658515 0.00861405208706856 0.00719606457278132 0.00378472963348031 0.00441417889669538 0.00252891704440117 0.00363555946387351 0.00314390729181468 0.00364287151023746 0.00228904606774449 0.00340883200988173 0.00403890898451209 0.00335854175500572 0.00889170542359352 0.00569989811629057 0.00263905595056713 0.00451789423823357 0.00472179008647799 0.00647393707185984 0.00920746847987175 0.0105573423206806 0.0072393761947751 0.00382101838476956 0.00647018803283572
0.00888117589056492 0.0218541249632835 0.015445121563971 0.024474760517478 0.0282976068556309 0.0284149684011936 0.0247673578560352 0.0342375934123993 0.0262755081057549 0.0166114345192909 0.0207253787666559 0.0179327894002199 0.0230507496744394 0.0235803313553333 0.0306691471487284 0.0280728712677956 0.0141576007008553 0.0108625693246722 0.0145777370780706 0.0109383668750525 0.00378964259289205 0.00357901421375573 0.00281735835596919 0.00244864542037249 0.00150670693255961 0.00188881356734782 0.00488339131698012 0.00425560539588332 0.00403431663289666 0.0362021178007126 0.0179705135524273 0.0079468535259366 0.0177077036350965 0.00778251001611352 0.00593324797227979 0.00859452318400145 0.00623692013323307 0.00680936733260751 0.0084905568510294 0.00599882286041975 0.00481673702597618 0.0042216693982482 0.00807107519358397
