data/climate_estimation/maxent_output/Calochortus_cernuus.asc
NCOLS 19 
NROWS 25 
XLLCORNER -100.5 
YLLCORNER 18.8333333333333 
CELLSIZE 0.0833333333333331 
NODATA_value -3.4e+38 
0.510654270648956 0.539343535900116 0.584351480007172 0.635359644889832 0.557561457157135 0.438195317983627 0.366822898387909 0.347409397363663 0.39347568154335 0.397527545690536 0.627119779586792 0.516322910785675 0.270040601491928 0.304507493972778 0.369938164949417 0.49256032705307 0.247884690761566 0.223357692360878 0.380119204521179
0.477277666330338 0.508232712745667 0.502611517906189 0.483770906925201 0.47721740603447 0.472035378217697 0.480577886104584 0.438634186983109 0.514905512332916 0.52020788192749 0.673925042152405 0.482606172561646 0.313763350248337 0.488495290279388 0.36725315451622 0.428168743848801 0.346766799688339 0.278055608272552 0.289309471845627
0.451275676488876 0.497525006532669 0.44071239233017 0.452700883150101 0.545457601547241 0.49617001414299 0.490229487419128 0.486657738685608 0.482454925775528 0.49106577038765 0.411851435899734 0.39029461145401 0.414027780294418 0.340101957321167 0.497493892908096 0.563582360744476 0.575422167778015 0.455329179763794 0.347276568412781
0.407823413610458 0.445192843675613 0.45022115111351 0.426514267921448 0.435442388057709 0.51481169462204 0.471970915794373 0.474842220544815 0.474066972732544 0.402619659900665 0.311217188835144 0.31871435046196 0.324290633201599 0.348446786403656 0.581351518630981 0.593274056911469 0.506134152412415 0.49398484826088 0.404126733541489
0.427001565694809 0.504685759544373 0.531220674514771 0.461119592189789 0.449558287858963 0.449765771627426 0.492002338171005 0.449956715106964 0.464625090360641 0.327441960573196 0.336999207735062 0.430598586797714 0.430135905742645 0.330462604761124 0.336848497390747 0.329038828611374 0.457022339105606 0.504822969436646 0.511611819267273
0.59064108133316 0.55975353717804 0.657822966575623 0.575856149196625 0.48658561706543 0.506586194038391 0.474011212587357 0.561844229698181 0.52868264913559 0.43994066119194 0.446510404348373 0.610300004482269 0.479285359382629 0.385645508766174 0.353002220392227 0.334679186344147 0.397375404834747 0.596615612506866 0.599544286727905
0.557463824748993 0.72609806060791 0.792898118495941 0.809557914733887 0.603185534477234 0.585357666015625 0.547069489955902 0.619584977626801 0.601831316947937 0.504587173461914 0.539391279220581 0.717508971691132 0.610556900501251 0.436916291713715 0.489253401756287 0.466898769140244 0.536208093166351 0.52581375837326 0.599383533000946
0.747089326381683 0.815651297569275 0.863931894302368 0.829212546348572 0.713263750076294 0.709767282009125 0.651553511619568 0.649728298187256 0.602259159088135 0.528557658195496 0.739310443401337 0.735354959964752 0.650670170783997 0.612498819828033 0.565905809402466 0.493171125650406 0.589199125766754 0.544621706008911 0.565316259860992
0.614019632339478 0.772349178791046 0.820727050304413 0.862651407718658 0.855471014976501 0.78687185049057 0.630059659481049 0.649938344955444 0.641897916793823 0.685464978218079 0.695120394229889 0.664253950119019 0.655525147914886 0.591277360916138 0.524953365325928 0.502446293830872 0.579425036907196 0.611590564250946 0.620962083339691
0.638342559337616 0.834358751773834 0.796028256416321 0.816998243331909 0.818551540374756 0.799142479896545 0.750818729400635 0.693643689155579 0.744578301906586 0.775186002254486 0.803817689418793 0.705294728279114 0.638763904571533 0.52029675245285 0.548398196697235 0.574301540851593 0.614108920097351 0.663326025009155 0.667708992958069
0.564825117588043 0.807536721229553 0.802026629447937 0.775093793869019 0.777488112449646 0.818813502788544 0.938412308692932 0.880508482456207 0.836653172969818 0.812598884105682 0.81588739156723 0.68392151594162 0.651100695133209 0.626813530921936 0.630646526813507 0.678332149982452 0.720017552375793 0.733842492103577 0.724032580852509
0.555161654949188 0.684800982475281 0.636030614376068 0.783553242683411 0.889989495277405 0.778119266033173 0.872897267341614 0.820390820503235 0.873377025127411 0.832332968711853 0.821005761623383 0.714067101478577 0.685914278030396 0.683047592639923 0.701731383800507 0.720898985862732 0.71943074464798 0.712185919284821 0.727937698364258
0.555106818675995 0.558863878250122 0.656854748725891 0.722658216953278 0.837968409061432 0.88141542673111 0.843360960483551 0.788903057575226 0.878407537937164 0.84956693649292 0.828309059143066 0.804832756519318 0.751611769199371 0.719832241535187 0.723787426948547 0.725263357162476 0.706282079219818 0.686956942081451 0.677257478237152
0.639353215694427 0.638691365718842 0.861054837703705 0.903709590435028 0.94469153881073 0.919459998607635 0.824834883213043 0.774221658706665 0.817512571811676 0.867545962333679 0.87182629108429 0.823037564754486 0.725509226322174 0.717203736305237 0.747089862823486 0.72902238368988 0.707503199577332 0.674128890037537 0.675544679164886
0.668935120105743 0.797788500785828 0.920642912387848 0.921777129173279 0.9123175740242 0.918980479240417 0.840526580810547 0.74281108379364 0.801591217517853 0.787405669689178 0.843335628509521 0.864092767238617 0.804880678653717 0.757339179515839 0.745139420032501 0.724434733390808 0.71194326877594 0.678023934364319 0.689998865127563
0.636377692222595 0.784426331520081 0.908557295799255 0.930194079875946 0.887064456939697 0.894241213798523 0.843967080116272 0.726683139801025 0.697126090526581 0.709276497364044 0.834635317325592 0.949105501174927 0.890322089195251 0.798477411270142 0.735262036323547 0.733320474624634 0.729199349880219 0.707615494728088 0.694153130054474
0.639005124568939 0.708329975605011 0.893618106842041 0.93659770488739 0.888194143772125 0.853990972042084 0.847128093242645 0.864583134651184 0.764331996440887 0.804872512817383 0.851417064666748 0.95722496509552 0.954080939292908 0.845203578472137 0.778247773647308 0.757808804512024 0.737386465072632 0.698093295097351 0.703423202037811
0.654319226741791 0.640553712844849 0.73599761724472 0.899083912372589 0.869532704353333 0.833011269569397 0.806676745414734 0.763958275318146 0.765811622142792 0.783656120300293 0.821384251117706 0.875624001026154 0.947930812835693 0.94067656993866 0.799265563488007 0.752004563808441 0.712088346481323 0.697535037994385 0.708973348140717
0.628933429718018 0.685393273830414 0.825782358646393 0.867847323417664 0.761845409870148 0.802174031734467 0.764621436595917 0.783762991428375 0.806520462036133 0.824291825294495 0.826380372047424 0.83125776052475 0.909676015377045 0.944823563098907 0.859933376312256 0.753388345241547 0.720277428627014 0.697841703891754 0.733955681324005
0.546764969825745 0.693438410758972 0.717214941978455 0.698558628559113 0.727243542671204 0.737452208995819 0.845252335071564 0.925254166126251 0.900351345539093 0.890232145786285 0.874766051769257 0.856939435005188 0.893430888652802 0.968276619911194 0.961343288421631 0.808735907077789 0.729284644126892 0.708257675170898 0.731713175773621
0.416210740804672 0.63167417049408 0.616765439510345 0.673991203308105 0.677418172359467 0.742730438709259 0.853225529193878 0.949511110782623 0.946733176708221 0.929661691188812 0.892258167266846 0.883428514003754 0.901110351085663 0.969191074371338 0.992587029933929 0.961784541606903 0.875024497509003 0.818543910980225 0.795245707035065
0.368840843439102 0.397575050592422 0.600700736045837 0.726803004741669 0.726536273956299 0.710793852806091 0.732767581939697 0.905209541320801 0.994647681713104 0.983204960823059 0.90311187505722 0.88580584526062 0.899215281009674 0.975943922996521 0.983900725841522 0.978430688381195 0.97834986448288 0.983068645000458 0.955879867076874
0.302241265773773 0.414154082536697 0.46755251288414 0.608277678489685 0.671460688114166 0.651091337203979 0.705173790454865 0.90407919883728 0.942816257476807 0.946044981479645 0.904245853424072 0.896249413490295 0.900872528553009 0.953778922557831 0.94859254360199 0.935177981853485 0.944138884544373 0.942975282669067 0.902415454387665
0.407471686601639 0.527059078216553 0.460752785205841 0.556501626968384 0.611190021038055 0.662286341190338 0.773608326911926 0.884093940258026 0.838909268379211 0.816536784172058 0.793426692485809 0.815993666648865 0.801001310348511 0.858520209789276 0.832461357116699 0.804059088230133 0.736933648586273 0.722902774810791 0.823951482772827
0.628913700580597 0.647704720497131 0.511531889438629 0.546289682388306 0.503530621528625 0.566766738891602 0.680319666862488 0.740238010883331 0.751337468624115 0.764693439006805 0.730320453643799 0.797887325286865 0.694050133228302 0.713016390800476 0.656841039657593 0.560385823249817 0.595993399620056 0.496841549873352 0.61980414390564
