data/climate_estimation/maxent_output/Calochortus_plummerae.asc
NCOLS 56 
NROWS 16 
XLLCORNER -119.166666666667 
YLLCORNER 33.5833333333333 
CELLSIZE 0.0833333333333334 
NODATA_value -3.4e+38 
0.997286200523376 0.997959315776825 0.988228797912598 0.769408345222473 0.723511874675751 0.723571240901947 0.651063919067383 0.489490777254105 0.485570043325424 0.241101369261742 0.0752539336681366 0.0416153520345688 0.0258479136973619 0.0152567159384489 0.00974679552018642 0.00710176443681121 0.00623605074360967 0.00840375386178493 0.00582662783563137 0.00407673604786396 0.00324411294423044 0.00110795814543962 0.000581808912102133 0.000725812395103276 0.000517957843840122 0.000373093964299187 0.000159362258273177 0.000212639322853647 0.000131581778987311 0.00011477037332952 9.07154462765902e-05 7.50878098187968e-05 9.18792429729365e-05 0.000193613625015132 0.000122948418720625 6.83307516737841e-05 0.000161568284966052 0.000165872552315705 0.000180744202225469 0.000127921652165242 0.000211675796890631 0.000460822891909629 0.000807780248578638 0.00172958348412067 0.000450231018476188 0.000388244254281744 0.000379732111468911 0.00036272342549637 0.000306545349303633 0.000520923640578985 0.000228752687689848 0.000327742774970829 0.000103387203125749 4.98092849738896e-05 1.68494480021764e-05 2.10379021154949e-05
0.874722063541412 0.995121777057648 0.983849227428436 0.921867072582245 0.764622986316681 0.753800630569458 0.726235926151276 0.682692170143127 0.470614939928055 0.308785021305084 0.108267299830914 0.0532095618546009 0.0289965011179447 0.016582241281867 0.0140242567285895 0.0119713852182031 0.0172982327640057 0.0146422265097499 0.00759764667600393 0.00491075916215777 0.00302027328871191 0.00248543452471495 0.00121594476513565 0.00118794455192983 0.000867243623360991 0.00104844709858298 0.00148711842484772 0.00207235873676836 0.00268176198005676 0.00106855621561408 0.00015207270917017 0.000108357868157327 8.33945014164783e-05 9.75558796199039e-05 0.000113307913125027 8.68105853442103e-05 7.94464212958701e-05 0.000133116060169414 0.000247538846451789 0.000213831517612562 0.000522050482686609 0.00189017807133496 0.00127324159257114 0.000769015634432435 0.000377266318537295 0.000353097799234092 0.000160496143507771 0.000209718535188586 0.000503872463013977 0.000586970709264278 0.000298043683869764 0.000252233061473817 0.000256494648056105 0.00020533382485155 3.09933020616882e-05 2.14534011320211e-05
0.990993797779083 0.992905497550964 0.999328076839447 0.94501781463623 0.916977167129517 0.896780550479889 0.930267989635468 0.869838297367096 0.709195792675018 0.442781567573547 0.165366306900978 0.076448492705822 0.0356353744864464 0.0218085255473852 0.0198208708316088 0.0241927374154329 0.0280330516397953 0.0244695320725441 0.0185686051845551 0.0142757082358003 0.00382567150518298 0.00301030627451837 0.00205362378619611 0.00242014229297638 0.00466790841892362 0.00653784489259124 0.00568639812991023 0.0132652372121811 0.0253044907003641 0.00903079751878977 0.00666501792147756 0.00189949374180287 0.000144885139889084 8.92392781679519e-05 9.29281013668515e-05 0.00014119889237918 0.000115020418888889 0.000181504423380829 0.000176762347109616 0.000213922161492519 0.000301100604701787 0.000359108031261712 0.000560729822609574 0.000286167400190607 0.000361601560143754 0.000299293780699372 0.000113304180558771 0.000318308273563161 0.00069687282666564 0.00054891558829695 0.000167330581462011 0.000261579523794353 0.000335853575961664 0.000282736291410401 9.33060873649083e-05 5.98354563408066e-05
0.974612057209015 0.993245184421539 0.997466385364532 0.995985269546509 0.966417729854584 0.953458368778229 0.915428459644318 0.882859587669373 0.809258222579956 0.719096958637238 0.44391331076622 0.154811173677444 0.0516993924975395 0.0395356938242912 0.044864721596241 0.047500055283308 0.0467213205993176 0.0497094877064228 0.04327242821455 0.0269926637411118 0.0105547243729234 0.00502145057544112 0.0085764667019248 0.00464414060115814 0.0115866800770164 0.0363624691963196 0.0115568153560162 0.0265141222625971 0.024061057716608 0.0124367047101259 0.0121705671772361 0.00393583113327622 0.00195953994989395 0.000156133275595494 0.000117673771455884 0.000188342397450469 0.000100035678769927 8.34323145681992e-05 6.91773893777281e-05 8.025934221223e-05 0.000111592205939814 0.000163652817718685 0.000141806580359116 0.000142574979690835 8.23217269498855e-05 7.21041797078215e-05 0.000201637420104817 0.000632465991657227 0.000680508848745376 0.000485832279082388 0.000149243787745945 0.00030801651882939 0.000221835100091994 0.000208311757887714 0.000274710211670026 0.000207053832127713
0.980023086071014 0.989130973815918 0.98516708612442 0.989925682544708 0.967630624771118 0.971121728420258 0.920738518238068 0.929559051990509 0.90274316072464 0.814204037189484 0.741900563240051 0.601338267326355 0.268307030200958 0.0949565395712852 0.0925096943974495 0.189428776502609 0.219378352165222 0.246567562222481 0.210679695010185 0.123090662062168 0.0547490902245045 0.0139506729319692 0.0069050514139235 0.00921905227005482 0.0190187823027372 0.0623181201517582 0.0107971867546439 0.00692151160910726 0.00725655118003488 0.0100824264809489 0.00407954212278128 0.00141524872742593 0.000289345014607534 0.000313332362566143 0.000398879812564701 0.000201853370526806 0.000150132458657026 7.68659519962966e-05 4.71471175842453e-05 2.95860481855925e-05 3.01845775538823e-05 3.40878577844705e-05 2.89820873149438e-05 2.79756495729089e-05 4.60553928860463e-05 7.62327690608799e-05 0.00030669680563733 0.00108758499845862 0.00103587144985795 0.000340166530804709 9.58468299359083e-05 0.000106533312646206 9.68056410783902e-05 7.10288950358517e-05 0.000209465171792544 0.000337023666361347
0.827287316322327 0.9728182554245 0.896105408668518 0.900007426738739 0.871385335922241 0.844797790050507 0.886270046234131 0.874536097049713 0.900654911994934 0.927660286426544 0.801879346370697 0.559247136116028 0.628987729549408 0.938351333141327 0.948708117008209 0.884563446044922 0.914550423622131 0.917095541954041 0.765427947044373 0.675726771354675 0.473847270011902 0.269211053848267 0.0772062242031097 0.0430637188255787 0.0909987390041351 0.0697806403040886 0.0216020159423351 0.0153950955718756 0.0125178545713425 0.00771892629563808 0.00278601050376892 0.00159338500816375 0.000918212870601565 0.000148514052852988 0.000258698593825102 0.000156227019033395 0.000198902955162339 0.000160506519023329 0.00012946555216331 3.83965489163529e-05 4.50410370831378e-05 3.68653963960242e-05 3.31255287164822e-05 3.46235719916876e-05 2.9847418772988e-05 7.27845617802814e-05 8.97712889127433e-05 0.000770984275732189 0.000627333938609809 9.55437280936167e-05 8.8734675955493e-05 0.000141182172228582 0.000127499079098925 7.01398312230594e-05 9.50086032389663e-05 7.31584805180319e-05
0.676034927368164 0.7193643450737 0.806383192539215 0.817158102989197 0.847636044025421 0.864049315452576 0.885091483592987 0.907280743122101 0.944721877574921 0.971451818943024 0.965218842029572 0.953799188137054 0.926857113838196 0.832471311092377 0.81916332244873 0.831478297710419 0.761468112468719 0.836166560649872 0.809039354324341 0.866768538951874 0.89300799369812 0.841310203075409 0.615760743618011 0.70321124792099 0.798033237457275 0.549401581287384 0.391301214694977 0.209422543644905 0.11697294563055 0.0221688821911812 0.00690002553164959 0.00299465912394226 0.00158192124217749 0.000183970900252461 0.000149665545905009 0.000118652016681153 0.000138326766318642 0.000243041169596836 0.000204526164452545 0.000168945625773631 0.000214619794860482 5.37420091859531e-05 3.1515235605184e-05 3.81257741537411e-05 4.1995615902124e-05 2.5305789677077e-05 6.14849632256664e-05 0.000253193022217602 9.86191007541493e-05 5.82340289838612e-05 9.78191383183002e-05 0.000407390092732385 0.000580535386689007 0.000131650434923358 8.93140095286071e-05 9.57140218815766e-05
0.631797432899475 0.764163911342621 0.78522390127182 0.803065776824951 0.830663502216339 0.827191591262817 0.836694717407227 0.863092243671417 0.914389908313751 0.922246754169464 0.946792602539062 0.967657208442688 0.947924315929413 0.830540359020233 0.880402684211731 0.894743382930756 0.822886288166046 0.802335143089294 0.44294473528862 0.779826700687408 0.808610439300537 0.820210754871368 0.852928221225739 0.661856234073639 0.691813468933105 0.490660607814789 0.431307792663574 0.415283888578415 0.507741630077362 0.413502603769302 0.236601397395134 0.0653699338436127 0.00594677263870835 0.000371844769688323 0.000204525786102749 0.000125707971164957 0.000149374958709814 0.000171385356225073 0.000132668283185922 0.000234164836001582 0.000330297887558118 0.000212531958823092 6.24440290266648e-05 9.16940261959098e-05 3.80329001927748e-05 2.42375117522897e-05 3.22034029522911e-05 3.73754155589268e-05 3.17488775181118e-05 3.16503974318039e-05 0.000130083615658805 0.000632026698440313 0.000502695969771594 0.000220209753024392 9.38718003453687e-05 0.00016642056289129
0.379940658807755 0.489373326301575 0.708892524242401 0.77364444732666 0.796446144580841 0.775741815567017 0.87159937620163 0.841394424438477 0.845499694347382 0.838764071464539 0.911102414131165 0.852530062198639 0.863564550876617 0.871233463287354 0.82012140750885 0.69843578338623 0.815882086753845 0.771668314933777 0.77649998664856 0.742977559566498 0.729232847690582 0.886225521564484 0.880423128604889 0.78318202495575 0.729243099689484 0.498048633337021 0.417216420173645 0.419187605381012 0.275454699993134 0.262172818183899 0.404118865728378 0.104126513004303 0.0155184827744961 0.00302446517162025 0.000305948778986931 0.000136614908115007 0.000117979157948866 0.000113489470095374 0.000180916526005603 0.00010393034608569 0.000209091740543954 0.000334014795953408 0.000263349356828257 0.000426019774749875 0.000170655926922336 3.9382342947647e-05 3.68782857549377e-05 8.94069235073403e-05 2.48092619585805e-05 2.53844900726108e-05 5.98878541495651e-05 0.000239702887483872 0.000398403179133311 0.000138302537379786 7.23170742276125e-05 7.24321944289841e-05
0.301014810800552 0.605411529541016 0.762344062328339 0.737595498561859 0.773245394229889 0.800302684307098 0.811981499195099 0.843296051025391 0.885956585407257 0.856716096401215 0.835523843765259 0.779969274997711 0.770395755767822 0.766005575656891 0.862929344177246 0.818975687026978 0.728539347648621 0.792302370071411 0.834995567798615 0.865521311759949 0.82743239402771 0.753252327442169 0.537875592708588 0.636803388595581 0.868065118789673 0.778925001621246 0.407515734434128 0.148483440279961 0.164057523012161 0.374368399381638 0.379450857639313 0.0668290480971336 0.0193756259977818 0.00549164181575179 0.000496451393701136 0.000329307134961709 0.000250546756433323 0.000146768827107735 0.000167509875609539 0.00013808545190841 0.00010125816334039 0.000108690022898372 0.000232543199672364 0.000322334642987698 0.000364678213372827 0.000111205059511121 4.028531111544e-05 0.000164727971423417 5.34436730958987e-05 2.89027811959386e-05 5.50578151887748e-05 6.19587081018835e-05 0.000106079365650658 8.3336912211962e-05 8.02487556939013e-05 6.21454164502211e-05
-3.4e+38 0.516267716884613 0.735191464424133 0.815809726715088 0.82644510269165 0.839215278625488 0.838093400001526 0.88431841135025 0.66282045841217 0.704786002635956 0.820869028568268 0.773607015609741 0.804898321628571 0.802555680274963 0.771110713481903 0.868420302867889 0.837434947490692 0.889291167259216 0.751621901988983 0.577110171318054 0.633020520210266 0.435007035732269 0.568036735057831 0.691023766994476 0.777267634868622 0.798543035984039 0.759241163730621 0.37835156917572 0.425590008497238 0.357834696769714 0.0593869909644127 0.00953539181500673 0.0157373547554016 0.0390080288052559 0.0265855137258768 0.0105901351198554 0.00337577005848289 0.00102811376564205 0.000471179111627862 0.000327662157360464 0.000266363465925679 0.000247586955083534 0.000356488133547828 0.000291154108708724 0.000332812283886597 0.000469657185021788 7.85037918831222e-05 0.000148495673784055 0.000106573483208194 6.11121722613461e-05 7.18166920705698e-05 5.82568427489605e-05 5.44501381227747e-05 0.0001023938311846 0.000143689991091378 8.95769044291228e-05
-3.4e+38 -3.4e+38 -3.4e+38 -3.4e+38 -3.4e+38 -3.4e+38 -3.4e+38 -3.4e+38 0.508879542350769 0.705072462558746 0.7785484790802 0.808681070804596 0.811938405036926 0.811191320419312 0.81343811750412 0.886017978191376 0.939612030982971 0.843912184238434 0.144013613462448 0.0457397773861885 0.0685180351138115 0.3608258664608 0.879232227802277 0.903129041194916 0.809263467788696 0.794729828834534 0.757112801074982 0.587128758430481 0.234971031546593 0.112193889915943 0.0116910580545664 0.00113772426266223 0.000691108696628362 0.00254687084816396 0.0140978461131454 0.0230314042419195 0.0143450209870934 0.00121108558960259 0.000371305883163586 0.000237848056713119 0.000268949253950268 0.000299696228466928 0.000213183098821901 0.000188994905329309 0.000129900872707367 0.000434018991654739 0.000118614792881999 7.06687060301192e-05 0.000237392887356691 0.000217886350583285 0.00016258261166513 8.67458365974016e-05 5.8426088799024e-05 9.8363401775714e-05 0.000111781562736724 6.37001867289655e-05
-339999999999999996123846586046231871488.000000000000000 -3.4e+38 -3.4e+38 -3.4e+38 -3.4e+38 -3.4e+38 -3.4e+38 -3.4e+38 0.633688449859619 0.718504846096039 0.754203081130981 0.773649990558624 0.794764041900635 0.705861628055573 0.738104283809662 0.752234816551208 0.82998788356781 0.856825590133667 0.434805005788803 0.0215261280536652 0.367805629968643 0.749794661998749 0.817814886569977 0.594468891620636 0.610262036323547 0.52338182926178 0.706872224807739 0.769027292728424 0.41252189874649 0.3142169713974 0.0537127628922462 0.00174591690301895 0.000855836842674762 0.000368519133189693 0.000217017834074795 0.000350526446709409 0.00197539967484772 0.00145934114698321 0.000513361534103751 0.000320835562888533 0.000300870451610535 0.000315869343467057 0.000374432245735079 0.000512895756401122 0.000231352925766259 0.000158068316522986 0.000129370077047497 5.23110102221835e-05 7.27857623132877e-05 0.000191730810911395 0.000144790727063082 0.000173909866134636 0.000144470192026347 0.000190488659427501 0.000195724496734329 5.47015042684507e-05
-3.4e+38 -3.4e+38 -3.4e+38 -3.4e+38 -3.4e+38 -3.4e+38 -3.4e+38 -3.4e+38 0.596681654453278 0.836037516593933 0.72482305765152 0.691787481307983 0.724325895309448 0.701541483402252 0.700144529342651 0.714398384094238 0.808100759983063 0.949708521366119 0.879148662090302 0.970606327056885 0.769860446453094 0.958917617797852 0.929693579673767 0.641642689704895 0.762956082820892 0.618138909339905 0.401664674282074 0.638881862163544 0.541922211647034 0.243070632219315 0.380739212036133 0.00258153746835887 0.000671514600981027 0.000261085311649367 0.000197751811356284 0.000102734738902654 0.00016983701789286 0.000579296611249447 0.000624675769358873 0.000559170148335397 0.000505141564644873 0.000476019398774952 0.000438586459495127 0.00058661203365773 0.000155537680257112 9.32146067498252e-05 6.42114318907261e-05 4.58309332316276e-05 0.000205326767172664 0.000394397939089686 0.000107581647171173 0.000158877752255648 0.000112881942186505 8.68685092427768e-05 0.000212252751225606 7.78374596848153e-05
-3.4e+38 -3.4e+38 -3.4e+38 -3.4e+38 -3.4e+38 -3.4e+38 -3.4e+38 -3.4e+38 -3.4e+38 0.82909631729126 0.765889465808868 0.744470834732056 0.662558436393738 0.665339410305023 0.685721516609192 0.655573487281799 0.743266761302948 0.879799008369446 0.976947605609894 0.809490263462067 0.932428181171417 0.871671199798584 0.865217864513397 0.74360054731369 0.692466259002686 0.54870080947876 0.45957013964653 0.616596043109894 0.489464282989502 0.55096846818924 0.543589115142822 0.0476694144308567 0.00601561600342393 0.000477305235108361 0.000175311957718804 0.000157186761498451 6.97718860465102e-05 0.000137150564114563 0.000235498475376517 0.000425739795900881 0.00038862758083269 0.000436481350334361 0.000281273882137612 0.000347498396877199 0.000299335515592247 0.000163592427270487 0.000117764488095418 5.29809221916366e-05 8.93924079719e-05 8.64748872118071e-05 7.43422569939867e-05 0.000227643409743905 9.67261803452857e-05 7.63974239816889e-05 0.000101230478321668 9.63502898230217e-05
-3.4e+38 -3.4e+38 -3.4e+38 -3.4e+38 -3.4e+38 -3.4e+38 -3.4e+38 -3.4e+38 -3.4e+38 -3.4e+38 -3.4e+38 -3.4e+38 -3.4e+38 0.657154321670532 0.635538041591644 0.646823883056641 0.798062145709991 0.833811104297638 0.772915601730347 0.967170059680939 0.947160959243774 0.97249448299408 0.897909700870514 0.867038488388062 0.695405006408691 0.794020771980286 0.840887010097504 0.857448518276215 0.52798330783844 0.575071215629578 0.497970819473267 0.351458102464676 0.0662406906485558 0.00813692435622215 0.000411845947382972 0.000191389190149494 6.93764304742217e-05 0.000106601502920967 0.000161616102559492 0.000155801899381913 0.000350747694028541 0.0003039299917873 0.000349638488842174 0.00036822643596679 0.000685425999108702 0.000674094655551016 0.00033926047035493 8.64783796714619e-05 6.32235896773636e-05 0.000100933561043348 5.00971473229583e-05 0.000109749278635718 0.000164896438946016 0.000101056059065741 0.000101752673799638 8.40794455143623e-05
