data/climate_estimation/maxent_output/Calochortus_eurycarpus.asc
NCOLS 144 
NROWS 74 
XLLCORNER -120.833333333333 
YLLCORNER 40.5 
CELLSIZE 0.0833333333333333 
NODATA_value -3.4e+38 
[rows 20 to 39 of 74, columns 44 to 87 of 144]
0.931516408920288 0.875466108322144 0.788191676139832 0.53336763381958 0.753227710723877 0.867963552474976 0.931593120098114 0.915320098400116 0.885445415973663 0.817927479743958 0.717193365097046 0.807950794696808 0.815162122249603 0.80250746011734 0.74532026052475 0.679729819297791 0.78817480802536 0.836098790168762 0.786591708660126 0.778405070304871 0.794869542121887 0.739962697029114 0.723879158496857 0.750503659248352 0.7815260887146 0.811549186706543 0.825512051582336 0.851508557796478 0.900201439857483 0.85593581199646 0.904162645339966 0.893291473388672 0.75326019525528 0.17517451941967 0.212847054004669 0.196934506297112 0.235719189047813 0.181650057435036 0.0912462621927261 0.205584570765495 0.235260635614395 0.050830066204071 0.0161807965487242 0.0456929132342339
0.592375338077545 0.403415888547897 0.420924365520477 0.452817410230637 0.769794702529907 0.919756829738617 0.847315847873688 0.688769280910492 0.607294082641602 0.777087569236755 0.877028942108154 0.839028596878052 0.807379126548767 0.83398050069809 0.779056370258331 0.733394145965576 0.790235221385956 0.851856768131256 0.761770486831665 0.741629958152771 0.760279834270477 0.691783249378204 0.762198686599731 0.746916890144348 0.823352634906769 0.879951417446136 0.868844509124756 0.885413467884064 0.893167495727539 0.88502049446106 0.897576093673706 0.714514970779419 0.768340945243835 0.802260994911194 0.21042612195015 0.689142048358917 0.234122171998024 0.146926730871201 0.0471647940576077 0.221314132213593 0.210601419210434 0.0520162247121334 0.0232469104230404 0.111706450581551
0.503166556358337 0.488299876451492 0.359855175018311 0.717880964279175 0.897366285324097 0.842474043369293 0.932585000991821 0.473595827817917 0.225554868578911 0.68633496761322 0.877342164516449 0.877706408500671 0.820590734481812 0.831587672233582 0.870262622833252 0.820512533187866 0.745232880115509 0.84728878736496 0.724353015422821 0.820736229419708 0.76758474111557 0.741702675819397 0.817464709281921 0.805792093276978 0.903247237205505 0.899470686912537 0.934983491897583 0.934831261634827 0.913259327411652 0.80824214220047 0.885759830474854 0.706438183784485 0.75219851732254 0.703987598419189 0.211929693818092 0.20278736948967 0.128015264868736 0.0639639124274254 0.0998773872852325 0.154841840267181 0.20896802842617 0.0672474056482315 0.0366387777030468 0.0163276977837086
0.438080370426178 0.443633079528809 0.908059179782867 0.796933650970459 0.939604043960571 0.900339245796204 0.88189160823822 0.364769011735916 0.145979449152946 0.66241180896759 0.845410645008087 0.869866967201233 0.906156063079834 0.857030689716339 0.908898055553436 0.854351997375488 0.806380987167358 0.873775362968445 0.805712819099426 0.819349765777588 0.768145620822906 0.783379018306732 0.850278556346893 0.872094810009003 0.904339253902435 0.934433341026306 0.939980745315552 0.92824923992157 0.920727372169495 0.90191251039505 0.910592794418335 0.73166161775589 0.766815721988678 0.754316627979279 0.171623751521111 0.187958553433418 0.0817643776535988 0.027745021507144 0.10668308287859 0.263144373893738 0.237002000212669 0.209412068128586 0.231429696083069 0.0374298021197319
0.472544372081757 0.884391307830811 0.949908018112183 0.943445026874542 0.366945058107376 0.192549452185631 0.149740502238274 0.129803478717804 0.137904942035675 0.327839076519012 0.864583492279053 0.848487854003906 0.907587766647339 0.912654042243958 0.894950687885284 0.860585629940033 0.842857718467712 0.904307425022125 0.845100164413452 0.831728279590607 0.799870491027832 0.783506095409393 0.890661835670471 0.896196126937866 0.888642966747284 0.909843683242798 0.895257294178009 0.915063738822937 0.94559645652771 0.927744686603546 0.875123143196106 0.896884202957153 0.629953801631927 0.783105552196503 0.175001114606857 0.0917068496346474 0.0603071488440037 0.0346581637859344 0.0134968338534236 0.0487622804939747 0.168847128748894 0.284112483263016 0.266453087329865 0.219937592744827
0.35985854268074 0.967123091220856 0.95293664932251 0.893822491168976 0.239343509078026 0.114232935011387 0.0917403846979141 0.111113727092743 0.129984453320503 0.324249655008316 0.862653851509094 0.893383622169495 0.920590758323669 0.883067309856415 0.933654487133026 0.905062317848206 0.867102086544037 0.860534906387329 0.803736984729767 0.822761058807373 0.841854751110077 0.883154809474945 0.899715006351471 0.830519139766693 0.853250503540039 0.902157723903656 0.885776281356812 0.946375250816345 0.922613918781281 0.882662415504456 0.907047390937805 0.88000875711441 0.725915968418121 0.168735206127167 0.142901197075844 0.0256753992289305 0.123899698257446 0.137913838028908 0.0173219963908195 0.0093819759786129 0.0113369598984718 0.164991661906242 0.460473835468292 0.336879342794418
0.467666268348694 0.816357493400574 0.612023949623108 0.348941743373871 0.162783682346344 0.0943295806646347 0.149511754512787 0.18172399699688 0.182766109704971 0.292597025632858 0.78926283121109 0.913354516029358 0.839185774326324 0.871324777603149 0.905273675918579 0.900834023952484 0.912663340568542 0.875607967376709 0.869444847106934 0.855414927005768 0.897135078907013 0.889102935791016 0.903724908828735 0.895603895187378 0.888562679290771 0.895382344722748 0.869437098503113 0.820342838764191 0.793943703174591 0.86742115020752 0.921707570552826 0.874373435974121 0.682734787464142 0.763924360275269 0.171703100204468 0.0323269814252853 0.0274385549128056 0.201740488409996 0.216738596558571 0.0365457162261009 0.0112889958545566 0.0165018364787102 0.167812541127205 0.31256952881813
0.302194833755493 0.347970575094223 0.296311885118484 0.161318406462669 0.149846509099007 0.280891180038452 0.185860365629196 0.169788464903831 0.219913095235825 0.395809680223465 0.674130439758301 0.908940851688385 0.88027560710907 0.900953650474548 0.914711833000183 0.899083733558655 0.917685747146606 0.87506514787674 0.907565653324127 0.903061270713806 0.894028425216675 0.911331832408905 0.873549520969391 0.88423752784729 0.93059504032135 0.934340834617615 0.878200531005859 0.89495986700058 0.934952020645142 0.952752470970154 0.921700060367584 0.933116734027863 0.743562579154968 0.701123297214508 0.153997212648392 0.168768391013145 0.141754999756813 0.109811954200268 0.477051883935928 0.489965289831161 0.0518045797944069 0.0181669257581234 0.049791868776083 0.283121436834335
0.113697074353695 0.0696842819452286 0.100591614842415 0.124542452394962 0.0964896380901337 0.200893834233284 0.246424689888954 0.220770940184593 0.328148156404495 0.428033202886581 0.325213193893433 0.852764427661896 0.934053838253021 0.867028415203094 0.921619057655334 0.793165326118469 0.894365608692169 0.8956658244133 0.93640124797821 0.900830268859863 0.886508762836456 0.877549827098846 0.89256227016449 0.88514256477356 0.911914646625519 0.940446138381958 0.94536018371582 0.953343152999878 0.952346324920654 0.961631298065186 0.945033967494965 0.744030654430389 0.725378811359406 0.765765368938446 0.146400600671768 0.174767896533012 0.189315631985664 0.155280664563179 0.443684458732605 0.449955552816391 0.236679747700691 0.117945656180382 0.144198015332222 0.148136228322983
0.116130724549294 0.0701339915394783 0.046330887824297 0.0625390335917473 0.105848059058189 0.153305172920227 0.208535954356194 0.27799978852272 0.535981476306915 0.575740933418274 0.255991488695145 0.781082808971405 0.873210728168488 0.909965574741364 0.581937909126282 0.719867527484894 0.875251591205597 0.903025388717651 0.898857712745667 0.908028364181519 0.903846263885498 0.911806464195251 0.929504573345184 0.902397036552429 0.879159092903137 0.918277978897095 0.949044585227966 0.947921633720398 0.886106014251709 0.93350476026535 0.959077954292297 0.928516387939453 0.737471759319305 0.733202219009399 0.785644590854645 0.170891419053078 0.421091467142105 0.442493379116058 0.192497253417969 0.47584456205368 0.485868036746979 0.246586263179779 0.13823576271534 0.257696956396103
0.117135711014271 0.0728057846426964 0.0441696234047413 0.0626835525035858 0.136943683028221 0.136546388268471 0.146493196487427 0.218233600258827 0.386352777481079 0.45196670293808 0.20119234919548 0.802852809429169 0.730332732200623 0.818034768104553 0.244998663663864 0.689760565757751 0.871511816978455 0.893992483615875 0.883769035339355 0.917278587818146 0.925568819046021 0.931207597255707 0.917398273944855 0.92680025100708 0.936136424541473 0.778811693191528 0.917784571647644 0.945825099945068 0.879996240139008 0.904463589191437 0.502141177654266 0.837261140346527 0.93003249168396 0.733828127384186 0.786270022392273 0.787971496582031 0.812269449234009 0.446486473083496 0.143841356039047 0.076021172106266 0.561438024044037 0.485109686851501 0.483641713857651 0.508276045322418
0.0728986412286758 0.0416150726377964 0.0277415979653597 0.0480129607021809 0.063849575817585 0.0811080560088158 0.130096390843391 0.132137581706047 0.355788111686707 0.520880341529846 0.227548718452454 0.490540236234665 0.535766184329987 0.897493898868561 0.416082501411438 0.526096761226654 0.79395467042923 0.893492639064789 0.864124894142151 0.915562152862549 0.905780375003815 0.897807002067566 0.91241329908371 0.915300190448761 0.902995944023132 0.811983287334442 0.781194984912872 0.944203078746796 0.951132833957672 0.844850063323975 0.528799176216125 0.867590546607971 0.798938870429993 0.637264609336853 0.752795994281769 0.774334847927094 0.790440857410431 0.412683576345444 0.148203909397125 0.110814481973648 0.178318083286285 0.84025114774704 0.638272285461426 0.638112425804138
0.0616829395294189 0.0424545966088772 0.0314789600670338 0.0515281520783901 0.0507546812295914 0.0629792287945747 0.100016288459301 0.142136603593826 0.205879673361778 0.177784577012062 0.183180093765259 0.22310933470726 0.394520878791809 0.896037757396698 0.645546853542328 0.642200887203217 0.881717324256897 0.892866849899292 0.894184768199921 0.892868876457214 0.891901075839996 0.895977437496185 0.90455687046051 0.903456807136536 0.835111796855927 0.807875275611877 0.762484312057495 0.939393103122711 0.959392905235291 0.840065538883209 0.813413023948669 0.894822716712952 0.876248955726624 0.683560788631439 0.745790719985962 0.787838935852051 0.811228394508362 0.820086061954498 0.837436556816101 0.420030742883682 0.146863341331482 0.141130179166794 0.4092036485672 0.45988517999649
0.067337341606617 0.041437953710556 0.0411427095532417 0.065556712448597 0.0657469406723976 0.0611519552767277 0.0565661191940308 0.0581933669745922 0.104355715215206 0.252435237169266 0.343571931123734 0.251620352268219 0.512072920799255 0.848968505859375 0.589766025543213 0.56325751543045 0.64725387096405 0.849041759967804 0.881838202476501 0.843987762928009 0.878811836242676 0.889882564544678 0.915599346160889 0.903747200965881 0.909081816673279 0.903039634227753 0.854562938213348 0.875425636768341 0.942619264125824 0.87882536649704 0.853775382041931 0.486833393573761 0.822184383869171 0.679789185523987 0.633981049060822 0.82030576467514 0.793977797031403 0.796027362346649 0.814779281616211 0.843088567256927 0.842280507087708 0.832898139953613 0.410881847143173 0.224869206547737
0.0405527837574482 0.0389873087406158 0.0427954159677029 0.0498325116932392 0.0551765076816082 0.0577334053814411 0.0664396360516548 0.079332247376442 0.119209036231041 0.213009268045425 0.277297258377075 0.442168653011322 0.847631394863129 0.801349341869354 0.500963687896729 0.48983034491539 0.645383238792419 0.878371000289917 0.721040606498718 0.617073237895966 0.753277063369751 0.848616123199463 0.916775226593018 0.917788147926331 0.920030653476715 0.900561332702637 0.916466355323792 0.86701911687851 0.879036605358124 0.839717388153076 0.914545655250549 0.956190586090088 0.960706055164337 0.964791059494019 0.803106904029846 0.690203845500946 0.535556793212891 0.313841044902802 0.810068666934967 0.825758099555969 0.815203309059143 0.863082468509674 0.860090017318726 0.425429552793503
0.0638287514448166 0.0352371148765087 0.0427467413246632 0.0447768941521645 0.0422899946570396 0.0447534024715424 0.0468729697167873 0.0529138371348381 0.0548517368733883 0.0608257092535496 0.103438518941402 0.263348639011383 0.724487364292145 0.618349492549896 0.258280783891678 0.415928572416306 0.865715742111206 0.687746286392212 0.479466706514359 0.85808128118515 0.901683390140533 0.900489568710327 0.9014812707901 0.901379406452179 0.912367045879364 0.865832448005676 0.8974249958992 0.921496152877808 0.931043028831482 0.894589066505432 0.879517018795013 0.935719728469849 0.958521902561188 0.985866963863373 0.975139737129211 0.826909244060516 0.637925505638123 0.824704706668854 0.803009629249573 0.703497111797333 0.771231889724731 0.821507811546326 0.839505195617676 0.830454707145691
0.0882593393325806 0.037543348968029 0.0334614254534245 0.0388906598091125 0.044691938906908 0.0450153015553951 0.0383389554917812 0.0461828149855137 0.047835536301136 0.0554632358253002 0.0685934126377106 0.0841235965490341 0.2734295129776 0.415127158164978 0.217877015471458 0.304000914096832 0.256814390420914 0.337035715579987 0.809918761253357 0.915131449699402 0.883264005184174 0.904155135154724 0.78136157989502 0.816525161266327 0.889216661453247 0.934692442417145 0.926829755306244 0.917572736740112 0.947858095169067 0.92937844991684 0.948559582233429 0.957861542701721 0.964620888233185 0.967644989490509 0.980301380157471 0.971874892711639 0.875659704208374 0.845758199691772 0.843075156211853 0.79704475402832 0.850160598754883 0.806224763393402 0.796644806861877 0.787562668323517
0.0712742507457733 0.0594217516481876 0.0367113798856735 0.0315128564834595 0.0327127799391747 0.044048223644495 0.0372500270605087 0.0407522097229958 0.0488400049507618 0.0541159510612488 0.0656556487083435 0.0711471885442734 0.0997975245118141 0.164682060480118 0.278890699148178 0.25018298625946 0.202736809849739 0.227262899279594 0.476007252931595 0.792958498001099 0.900132358074188 0.908868074417114 0.722008049488068 0.903627574443817 0.914415419101715 0.925296187400818 0.921839952468872 0.930603563785553 0.93018651008606 0.938031375408173 0.954425394535065 0.947333216667175 0.963708162307739 0.93437385559082 0.919037342071533 0.972506821155548 0.968967437744141 0.902640879154205 0.826519012451172 0.844169557094574 0.823045074939728 0.831677436828613 0.823636829853058 0.714441061019897
0.146015599370003 0.327016294002533 0.193716287612915 0.0725780427455902 0.0316307879984379 0.0377196185290813 0.0409150794148445 0.0416432172060013 0.0497240871191025 0.0506767891347408 0.0501964204013348 0.0755414739251137 0.118451744318008 0.17644290626049 0.210235640406609 0.246300011873245 0.309763103723526 0.376670330762863 0.246921569108963 0.543087422847748 0.896037042140961 0.587809681892395 0.374507904052734 0.894078373908997 0.89035165309906 0.940291702747345 0.92473316192627 0.928045928478241 0.92519223690033 0.947242438793182 0.930518984794617 0.961066901683807 0.957781910896301 0.884519338607788 0.839859545230865 0.942704260349274 0.979850828647614 0.86266154050827 0.850469648838043 0.811853587627411 0.780361354351044 0.847558438777924 0.807022929191589 0.733365535736084
0.199255302548409 0.476494967937469 0.338701665401459 0.307424902915955 0.13810171186924 0.0331229902803898 0.0276808626949787 0.0274422839283943 0.0409486219286919 0.0449454672634602 0.0442778281867504 0.0481999628245831 0.05395333096385 0.0910643860697746 0.126013800501823 0.140699952840805 0.176201075315475 0.349870264530182 0.438849776983261 0.339958667755127 0.518744230270386 0.340181440114975 0.617051303386688 0.74746710062027 0.848695456981659 0.839321196079254 0.669909358024597 0.583789885044098 0.5588738322258 0.61252498626709 0.635771691799164 0.616217076778412 0.710925161838531 0.561716437339783 0.528953969478607 0.53618586063385 0.905246436595917 0.883035182952881 0.789152920246124 0.668763101100922 0.587670564651489 0.556818425655365 0.565765082836151 0.557551801204681
