data/climate_estimation/maxent_output/Calochortus_uniflorus.asc
NCOLS 55 
NROWS 107 
XLLCORNER -123.916666666667 
YLLCORNER 35.4166666666667 
CELLSIZE 0.0833333333333332 
NODATA_value -3.4e+38 
[rows 60 to 79 of 107, columns 0 to 45 of 55]
-3.4e+38 0.51191633939743 0.665710747241974 0.738303482532501 0.763483285903931 0.767217993736267 0.908282518386841 0.874609172344208 0.709929585456848 0.622257769107819 0.82474672794342 0.971294760704041 0.958115339279175 0.985819399356842 0.992979168891907 0.871070921421051 0.507257103919983 0.353046596050262 0.231347039341927 0.193584233522415 0.17927223443985 0.17235504090786 0.158257737755775 0.156976312398911 0.150480523705482 0.161498814821243 0.155570805072784 0.155276015400887 0.167365998029709 0.226544469594955 0.325313627719879 0.617145419120789 0.671720921993256 0.907062232494354 0.967909395694733 0.909280002117157 0.920539557933807 0.935709416866302 0.986635088920593 0.988639712333679 0.895483791828156 0.810133755207062 0.72544276714325 0.647164762020111 0.586784303188324 0.471157014369965
-3.4e+38 0.507695436477661 0.650939166545868 0.706189453601837 0.753483831882477 0.771143615245819 0.918027818202972 0.885385155677795 0.67656946182251 0.81408703327179 0.858299851417542 0.766965508460999 0.898519277572632 0.985212028026581 0.955404162406921 0.877967178821564 0.672768473625183 0.420725762844086 0.276192247867584 0.179231464862823 0.165519878268242 0.148741632699966 0.142522811889648 0.13914892077446 0.156008958816528 0.204908579587936 0.13885623216629 0.141636222600937 0.147174417972565 0.179286360740662 0.238981500267982 0.423682451248169 0.707811892032623 0.81583309173584 0.883198022842407 0.905473709106445 0.813829004764557 0.802411437034607 0.83945506811142 0.962657392024994 0.947646617889404 0.888865768909454 0.785991609096527 0.666158735752106 0.716899991035461 0.623464941978455
-3.4e+38 -3.4e+38 0.634743630886078 0.67681872844696 0.740027844905853 0.777022182941437 0.932236075401306 0.941350400447845 0.764205098152161 0.850707590579987 0.928325116634369 0.792097270488739 0.615681111812592 0.942712604999542 0.872571229934692 0.733235239982605 0.597306966781616 0.67657059431076 0.268363118171692 0.191247418522835 0.152077183127403 0.143670231103897 0.127408847212791 0.120299771428108 0.116665422916412 0.120412953197956 0.122496478259563 0.129033163189888 0.13664285838604 0.151690512895584 0.194107070565224 0.331982553005219 0.587706625461578 0.836490035057068 0.797409892082214 0.711879670619965 0.658336281776428 0.765856504440308 0.909566223621368 0.923107445240021 0.957132816314697 0.894192516803741 0.826120913028717 0.771201372146606 0.729615449905396 0.697374820709229
-3.4e+38 -3.4e+38 0.628976285457611 0.649495899677277 0.702739536762238 0.779103696346283 0.917467951774597 0.935710847377777 0.86699652671814 0.782078742980957 0.949322879314423 0.826121509075165 0.539989590644836 0.592471718788147 0.727700412273407 0.606132566928864 0.510121405124664 0.73208886384964 0.401816964149475 0.314533978700638 0.175999358296394 0.132089272141457 0.120649680495262 0.110272131860256 0.112545058131218 0.111433081328869 0.116768769919872 0.1218551248312 0.131673768162727 0.150102108716965 0.174817532300949 0.263148128986359 0.478742301464081 0.657042622566223 0.64545065164566 0.571411609649658 0.517027199268341 0.600678563117981 0.517611920833588 0.770751595497131 0.92771703004837 0.92559951543808 0.883814632892609 0.826298773288727 0.755636990070343 0.772617161273956
-3.4e+38 -3.4e+38 0.469831615686417 0.615718066692352 0.673649847507477 0.755038738250732 0.79098516702652 0.93880170583725 0.937513709068298 0.760031998157501 0.708426058292389 0.871452450752258 0.784353792667389 0.803080797195435 0.671017229557037 0.431222647428513 0.655414164066315 0.660237431526184 0.438104540109634 0.485955744981766 0.250359654426575 0.149957180023193 0.11868779361248 0.107524178922176 0.104879260063171 0.112733498215675 0.114804960787296 0.119457796216011 0.135035112500191 0.156671985983849 0.177914813160896 0.223191723227501 0.374776363372803 0.608653962612152 0.542773544788361 0.533472776412964 0.514901399612427 0.447994142770767 0.514396667480469 0.603368163108826 0.867681324481964 0.922529339790344 0.924257397651672 0.803277969360352 0.728886842727661 0.705370306968689
-3.4e+38 -3.4e+38 0.445224583148956 0.598013162612915 0.657764911651611 0.717146217823029 0.789131939411163 0.92631071805954 0.885266065597534 0.838444948196411 0.749436378479004 0.928435027599335 0.919386267662048 0.949797451496124 0.933674037456512 0.617919623851776 0.583886861801147 0.744418859481812 0.770282804965973 0.663439512252808 0.280268937349319 0.227104380726814 0.121339328587055 0.108574151992798 0.104865275323391 0.111322730779648 0.12518247961998 0.134892717003822 0.145779520273209 0.171922937035561 0.199909329414368 0.233978629112244 0.311517834663391 0.484947055578232 0.582944929599762 0.510225355625153 0.471519142389297 0.36792728304863 0.467075973749161 0.796523571014404 0.884994983673096 0.925412118434906 0.921619236469269 0.859835088253021 0.746211230754852 0.635629594326019
-3.4e+38 -3.4e+38 -3.4e+38 0.583737671375275 0.61271733045578 0.674894869327545 0.738249123096466 0.789131581783295 0.915756106376648 0.842619359493256 0.690699636936188 0.642023086547852 0.824141383171082 0.956921398639679 0.964398086071014 0.6473708152771 0.708545088768005 0.635496854782104 0.709448575973511 0.656035304069519 0.375723868608475 0.266351491212845 0.126095920801163 0.117168396711349 0.116203866899014 0.125732570886612 0.138984456658363 0.159025743603706 0.180047124624252 0.199164375662804 0.218374684453011 0.24430538713932 0.279656261205673 0.355945974588394 0.526923596858978 0.385160714387894 0.475011378526688 0.387825727462769 0.28911879658699 0.421713143587112 0.622674226760864 0.840430438518524 0.896813452243805 0.904177784919739 0.808600544929504 0.769471704959869
-3.4e+38 -3.4e+38 -3.4e+38 -3.4e+38 0.552102327346802 0.604236423969269 0.675750553607941 0.744725227355957 0.769733190536499 0.898451149463654 0.80278205871582 0.605658948421478 0.620976090431213 0.726027607917786 0.85620641708374 0.813196778297424 0.860773861408234 0.713560104370117 0.62669438123703 0.554953396320343 0.660297513008118 0.23528864979744 0.152418881654739 0.124498896300793 0.135215476155281 0.148515790700912 0.173644930124283 0.199984967708588 0.222888216376305 0.242904767394066 0.261132627725601 0.270735889673233 0.271577656269073 0.31427413225174 0.377708226442337 0.42794331908226 0.476248323917389 0.393669575452805 0.266129940748215 0.304207414388657 0.61771947145462 0.89136803150177 0.945300936698914 0.909008145332336 0.84060925245285 0.799920499324799
-3.4e+38 -3.4e+38 -3.4e+38 -3.4e+38 -3.4e+38 -3.4e+38 0.616537153720856 0.671180903911591 0.728075325489044 0.761304259300232 0.851429998874664 0.754803061485291 0.622923731803894 0.638940393924713 0.650209844112396 0.726532876491547 0.787121474742889 0.609700977802277 0.659869849681854 0.58487743139267 0.654135942459106 0.772809386253357 0.206677854061127 0.156538605690002 0.165940761566162 0.197579383850098 0.23676298558712 0.254495114088058 0.275858461856842 0.274212747812271 0.290856599807739 0.302976042032242 0.293683588504791 0.31597575545311 0.417381674051285 0.393353223800659 0.427775770425797 0.4525186419487 0.337151527404785 0.279487639665604 0.586611986160278 0.901347160339355 0.947718381881714 0.926217555999756 0.846559643745422 0.772335827350616
-3.4e+38 -3.4e+38 -3.4e+38 -3.4e+38 -3.4e+38 -3.4e+38 0.457922726869583 0.602983474731445 0.683096349239349 0.716952741146088 0.833928465843201 0.795354723930359 0.691003203392029 0.724382281303406 0.752766191959381 0.740326404571533 0.690939903259277 0.613317489624023 0.759945154190063 0.79561060667038 0.567461550235748 0.660286366939545 0.357290953397751 0.203243464231491 0.229506477713585 0.298688173294067 0.317359775304794 0.310572892427444 0.32023561000824 0.319389194250107 0.32270422577858 0.340733766555786 0.327416807413101 0.306285202503204 0.33153173327446 0.267733156681061 0.330622732639313 0.415990650653839 0.263605058193207 0.340637683868408 0.558828592300415 0.862631738185883 0.934404492378235 0.955535411834717 0.897029280662537 0.85839170217514
-3.4e+38 -3.4e+38 -3.4e+38 -3.4e+38 -3.4e+38 -3.4e+38 -3.4e+38 -3.4e+38 0.637584626674652 0.643068015575409 0.816534519195557 0.81702047586441 0.748284041881561 0.756110608577728 0.931072235107422 0.761350095272064 0.804395079612732 0.652163326740265 0.699453830718994 0.838848769664764 0.764094710350037 0.806713104248047 0.53809255361557 0.311538100242615 0.313866198062897 0.350092083215714 0.363104909658432 0.335297167301178 0.343072116374969 0.34500977396965 0.35752061009407 0.360192269086838 0.339921504259109 0.31092432141304 0.294536113739014 0.210686668753624 0.284109830856323 0.36496701836586 0.323621183633804 0.33677414059639 0.476491332054138 0.637978255748749 0.845121622085571 0.88238537311554 0.952262282371521 0.902112066745758
-3.4e+38 -3.4e+38 -3.4e+38 -3.4e+38 -3.4e+38 -3.4e+38 -3.4e+38 -3.4e+38 -3.4e+38 0.785802781581879 0.802295982837677 0.820013701915741 0.8025062084198 0.928743124008179 0.93474805355072 0.808181881904602 0.740232229232788 0.798496007919312 0.834077060222626 0.830680549144745 0.838441848754883 0.796156287193298 0.678785085678101 0.47748214006424 0.413855224847794 0.406638890504837 0.369572281837463 0.372942984104156 0.376020014286041 0.372621327638626 0.369406193494797 0.364826858043671 0.34782412648201 0.325777500867844 0.180774241685867 0.16552409529686 0.213416084647179 0.342670559883118 0.280939221382141 0.271646052598953 0.358990371227264 0.450139343738556 0.859758496284485 0.967841327190399 0.951013684272766 0.912174642086029
-3.4e+38 -3.4e+38 -3.4e+38 -3.4e+38 -3.4e+38 -3.4e+38 -3.4e+38 -3.4e+38 -3.4e+38 -3.4e+38 0.763304471969604 0.813296973705292 0.815084755420685 0.827979445457458 0.927754819393158 0.92061710357666 0.909041345119476 0.81945526599884 0.891066491603851 0.918133497238159 0.910458028316498 0.831633567810059 0.718880593776703 0.608484268188477 0.515842378139496 0.439316719770432 0.422677367925644 0.394330710172653 0.379973828792572 0.38328829407692 0.396794617176056 0.386240720748901 0.351752489805222 0.318053752183914 0.172093331813812 0.140132620930672 0.134914040565491 0.217131778597832 0.271471291780472 0.271109223365784 0.341721951961517 0.471393048763275 0.796008706092834 0.932726204395294 0.958930552005768 0.936864793300629
-3.4e+38 -3.4e+38 -3.4e+38 -3.4e+38 -3.4e+38 -3.4e+38 -3.4e+38 -3.4e+38 -3.4e+38 -3.4e+38 -3.4e+38 0.784199178218842 0.842277526855469 0.873575210571289 0.941720128059387 0.929566085338593 0.910334169864655 0.900636672973633 0.918717741966248 0.945998132228851 0.946840643882751 0.890241384506226 0.789693117141724 0.703425407409668 0.598947584629059 0.494373947381973 0.452731430530548 0.38516229391098 0.376474946737289 0.386544406414032 0.405147433280945 0.415531933307648 0.379341840744019 0.320474058389664 0.244565591216087 0.186948299407959 0.104298636317253 0.13730451464653 0.190911933779716 0.350192993879318 0.307224482297897 0.415954768657684 0.620634198188782 0.700866341590881 0.88634717464447 0.870040416717529
-3.4e+38 -3.4e+38 -3.4e+38 -3.4e+38 -3.4e+38 -3.4e+38 -3.4e+38 -3.4e+38 -3.4e+38 -3.4e+38 -3.4e+38 0.756984531879425 0.834167301654816 0.876879572868347 0.903981506824493 0.96462869644165 0.937372624874115 0.930041193962097 0.960369765758514 0.966361165046692 0.972473680973053 0.930671811103821 0.865781009197235 0.749802112579346 0.619552671909332 0.51499205827713 0.412064254283905 0.350961774587631 0.341340333223343 0.352230399847031 0.394176036119461 0.428006619215012 0.369928181171417 0.293647974729538 0.21958427131176 0.169946789741516 0.145752504467964 0.129713445901871 0.319353610277176 0.176846042275429 0.306273728609085 0.319777518510818 0.334885865449905 0.494100421667099 0.847907900810242 0.930115878582001
-3.4e+38 -3.4e+38 -3.4e+38 -3.4e+38 -3.4e+38 -3.4e+38 -3.4e+38 -3.4e+38 -3.4e+38 -3.4e+38 0.66034197807312 0.720881760120392 0.820165038108826 0.870743691921234 0.914020478725433 0.924920916557312 0.960996568202972 0.961162447929382 0.974783897399902 0.971943259239197 0.975799381732941 0.945756554603577 0.907372236251831 0.789386808872223 0.635232210159302 0.464611083269119 0.332737475633621 0.287429302930832 0.272914260625839 0.279111713171005 0.308801889419556 0.330094665288925 0.279199212789536 0.223673209547997 0.168632671236992 0.13569276034832 0.117894478142262 0.11683700978756 0.166898220777512 0.243601053953171 0.207503139972687 0.266087830066681 0.353203386068344 0.625822603702545 0.772047221660614 0.919297575950623
-3.4e+38 -3.4e+38 -3.4e+38 -3.4e+38 -3.4e+38 -3.4e+38 -3.4e+38 -3.4e+38 -3.4e+38 -3.4e+38 0.667551755905151 0.688258469104767 -3.4e+38 0.895907700061798 0.927127003669739 0.945524454116821 0.985897481441498 0.975024521350861 0.979251742362976 0.985532581806183 0.990198969841003 0.969915270805359 0.918527364730835 0.821539759635925 0.678577542304993 0.455268323421478 0.276919394731522 0.237233147025108 0.21889154613018 0.214301511645317 0.218802616000175 0.216885358095169 0.184417992830276 0.158899322152138 0.124734453856945 0.103745885193348 0.0899923071265221 0.107612922787666 0.177648022770882 0.167329832911491 0.194853916764259 0.175293952226639 0.280779749155045 0.495821446180344 0.497402966022491 0.847667157649994
-3.4e+38 -3.4e+38 -3.4e+38 -3.4e+38 -3.4e+38 -3.4e+38 -3.4e+38 -3.4e+38 -3.4e+38 -3.4e+38 -3.4e+38 -3.4e+38 -3.4e+38 -3.4e+38 0.901777863502502 0.951533913612366 0.942459166049957 0.987610101699829 0.972494959831238 0.977163791656494 0.991739511489868 0.975045144557953 0.935831248760223 0.848650515079498 0.722433626651764 0.515964925289154 0.290631264448166 0.209113672375679 0.172815710306168 0.164249390363693 0.143581837415695 0.135398179292679 0.118870921432972 0.112757943570614 0.0961844548583031 0.082240104675293 0.0766851007938385 0.0775771141052246 0.115135863423347 0.124323144555092 0.153561994433403 0.192714869976044 0.22855706512928 0.289840131998062 0.463351398706436 0.463037937879562
-3.4e+38 -3.4e+38 -3.4e+38 -3.4e+38 -3.4e+38 -3.4e+38 -3.4e+38 -3.4e+38 -3.4e+38 -3.4e+38 -3.4e+38 -3.4e+38 -3.4e+38 -3.4e+38 -3.4e+38 -3.4e+38 0.953592538833618 0.922918438911438 0.901642620563507 0.950399160385132 0.978206872940063 0.970415413379669 0.931494295597076 0.828214466571808 0.666581571102142 0.5687136054039 0.382282823324203 0.216050043702126 0.151746407151222 0.126979142427444 0.110757261514664 0.100452348589897 0.0959745794534683 0.0896447747945786 0.082573376595974 0.0776651501655579 0.0709069892764091 0.0717336162924767 0.0728644952178001 0.0868187770247459 0.11635759472847 0.148105099797249 0.15624937415123 0.274202734231949 0.472327709197998 0.551055610179901
-3.4e+38 -3.4e+38 -3.4e+38 -3.4e+38 -3.4e+38 -3.4e+38 -3.4e+38 -3.4e+38 -3.4e+38 -3.4e+38 -3.4e+38 -3.4e+38 -3.4e+38 -3.4e+38 -3.4e+38 -3.4e+38 0.819490373134613 0.922115862369537 0.912125110626221 0.96505731344223 0.970999479293823 0.968063175678253 0.920391738414764 0.818883717060089 0.607320845127106 0.439406633377075 0.354940295219421 0.351026445627213 0.19298243522644 0.118566580116749 0.100105062127113 0.0926263034343719 0.0840833485126495 0.0800531581044197 0.0771047025918961 0.071599505841732 0.0661949068307877 0.0637290179729462 0.0630674585700035 0.0635991469025612 0.0654735714197159 0.092156708240509 0.113477438688278 0.208744645118713 0.199127241969109 0.606628835201263
