data/climate_estimation/maxent_output/Calochortus_amabilis.asc
NCOLS 144 
NROWS 71 
XLLCORNER -124.583333333333 
YLLCORNER 34.5833333333333 
CELLSIZE 0.0833333333333333 
NODATA_value -3.4e+38 
[rows 0 to 19 of 71, columns 44 to 87 of 144]
0.0199522562325001 0.0104360412806273 0.00752673810347915 0.00705612171441317 0.0041260439902544 0.00293385097756982 0.00174015702214092 0.00195592921227217 0.00162478373385966 0.00101734069176018 0.00093585008289665 0.000641749298665673 0.00113074644468725 0.00146843260154128 0.00134821841493249 0.000920505030080676 0.000481301045510918 0.00110140582546592 0.000737839553039521 0.000393893104046583 0.000484456366393715 0.000621168990619481 0.000592590135056525 0.000563167908694595 0.000588084803894162 0.000451327388873324 0.000759222137276083 0.000780429923906922 0.000420029246015474 0.000593387987464666 0.000797808461356908 0.000777588924393058 0.000188175399671309 0.000497876084409654 0.000809084507636726 0.000849447504151613 0.000479239242849872 0.000210037396755069 0.000367857923265547 0.000674641458317637 0.000286048132693395 0.00022261832782533 0.0006634202436544 0.000653967843391001
0.0293492674827576 0.0267960261553526 0.0151194026693702 0.0129406228661537 0.00802479963749647 0.0059830597601831 0.00466756802052259 0.00368901737965643 0.00198474572971463 0.000774236395955086 0.000802684051450342 0.000665874453261495 0.00120129354763776 0.0016480500344187 0.00143208890222013 0.000528492673765868 0.000475841108709574 0.00109942618291825 0.0007373679545708 0.00039479264523834 0.000668687745928764 0.00087199779227376 0.000594303302932531 0.000818244530819356 0.00076030072523281 0.000722073775250465 0.000756099878344685 0.000419989926740527 0.000237817148445174 0.000591444782912731 0.000763762218412012 0.000741553609259427 0.000190815058886074 0.0003287642612122 0.000756804482080042 0.000748097489122301 0.000836934137623757 0.000293009128654376 0.00047194745275192 0.000633131945505738 0.000119257660117 0.000385102117434144 0.000664644234348089 0.00069226254709065
0.0460224337875843 0.0320712104439735 0.0154509842395782 0.00933486968278885 0.00957896839827299 0.0083561921492219 0.00629150308668613 0.00461379066109657 0.00358240958303213 0.00139202666468918 0.00113316474016756 0.000964866194408387 0.00127360923215747 0.00167851313017309 0.00153340364340693 0.000932887429371476 0.00062190555036068 0.000573336088564247 0.000739543233066797 0.000958155607804656 0.000629903108347207 0.000599584891460836 0.000435028574429452 0.00104178441688418 0.000984030193649232 0.000767842924688011 0.000406678736908361 0.000407689542043954 0.000581474567297846 0.000704755715560168 0.00106390716973692 0.000559623877052218 0.000329082307871431 0.000348512752680108 0.000757383182644844 0.00073341530514881 0.000617196259554476 0.000201701215701178 0.000472020386951044 0.000495963846333325 0.00028255203505978 0.000495280895847827 0.00052506395149976 0.000318404199788347
0.0889896675944328 0.0683475509285927 0.0301857944577932 0.0163730699568987 0.00769996922463179 0.00657867267727852 0.00839720945805311 0.00592462159693241 0.00308297737501562 0.00240059732459486 0.00192092871293426 0.00164391286671162 0.0014194049872458 0.00123696448281407 0.00108915229793638 0.00140792061574757 0.00128794857300818 0.000354274437995628 0.000729003921151161 0.000954344810452312 0.000352558185113594 0.000335903256200254 0.000439955329056829 0.00104262703098357 0.00100244756322354 0.000537558109499514 0.000311277457512915 0.000756007502786815 0.00099128985311836 0.000972218811511993 0.000737407302949578 0.000409643951570615 0.000584779190830886 0.000252186175202951 0.000764981494285166 0.000708295905496925 0.000553004210814834 0.000335967837600037 0.000552484416402876 0.000473510473966599 0.000634746334981173 0.000364174949936569 0.000174847722519189 0.000300509535009041
0.204878106713295 0.131396099925041 0.0318438187241554 0.025852994993329 0.0135388914495707 0.00634748954325914 0.00381679274141788 0.004303939640522 0.00367315113544464 0.00267791538499296 0.00214706431142986 0.00183407450094819 0.00156485079787672 0.000918689416721463 0.00170287711080164 0.00145285041071475 0.001263746060431 0.000487835670355707 0.000735072360839695 0.000696216826327145 0.00033650200930424 0.000336973462253809 0.00054085353622213 0.00100056082010269 0.00100466888397932 0.000562224420718849 0.000388997083064169 0.00100732769351453 0.000930095848161727 0.00092433812096715 0.000749595288652927 0.00077186367707327 0.000717280025128275 0.000754766224417835 0.00104895210824907 0.000722635129932314 0.00043373488006182 0.000459058588603511 0.000759877555537969 0.000704224861692637 0.000746849924325943 0.000271183816948906 0.00023755370057188 0.000324378663208336
0.173239514231682 0.107735201716423 0.128199547529221 0.04188571870327 0.0220865942537785 0.00898111704736948 0.00468352250754833 0.00352112366817892 0.00184037873987108 0.00209620781242847 0.00126508984249085 0.00112991535570472 0.000943363585975021 0.000589919043704867 0.000760608701966703 0.00157356401905417 0.00133437151089311 0.000610096903983504 0.00104590342380106 0.000663403770886362 0.000337945210048929 0.000445524550741538 0.000547308998648077 0.000702996621839702 0.000966682622674853 0.000539027096237987 0.000724779441952705 0.00129477272275835 0.0012812758795917 0.000970665831118822 0.00074752711225301 0.00099703180603683 0.000984132522717118 0.000712590990588069 0.000545360613614321 0.000346101354807615 0.00025003487826325 0.000691297987941653 0.00089463620679453 0.000700994685757905 0.000275626021903008 0.000503322808071971 0.000503481831401587 0.000501913134939969
0.245580121874809 0.126298502087593 0.0748466998338699 0.0439147092401981 0.034246813505888 0.0179007537662983 0.0081114899367094 0.00490991491824389 0.00244091544300318 0.00210835784673691 0.00209027249366045 0.00140293082222342 0.000861133739817888 0.000581188360229135 0.000503239629324526 0.00108590256422758 0.00133491714950651 0.000833583937492222 0.00103416480123997 0.000625574903097004 0.000439334486145526 0.000396660616388544 0.000509668374434114 0.000509398523718119 0.000692349625751376 0.000704305886756629 0.000938277691602707 0.00130866444669664 0.00136544858105481 0.00136413821019232 0.000910346629098058 0.000939065590500832 0.000985804246738553 0.000561107648536563 0.000245395553065464 0.000425443926360458 0.000671745801810175 0.000845740374643356 0.0009655169560574 0.000537445244845003 0.000262614863459021 0.000480944669106975 0.000504200987052172 0.000375787203665823
0.31494152545929 0.202970176935196 0.181649044156075 0.0752774253487587 0.0408729687333107 0.028761288151145 0.00984644424170256 0.00564440758898854 0.00308608938939869 0.00187694525811821 0.00194996583741158 0.00156174169387668 0.000835265265777707 0.000842842448037118 0.00119025935418904 0.000703989528119564 0.000974472844973207 0.0011458529625088 0.000983679317869246 0.000624357373453677 0.000415706279454753 0.000541817804332823 0.000703271885868162 0.000703796686138958 0.000959016906563193 0.000902219268027693 0.000907006033230573 0.00139533833134919 0.00129934411961585 0.00136304926127195 0.000919935177080333 0.000948636734392494 0.000740007846616209 0.000233766753808595 0.000411983666708693 0.00123767461627722 0.000851865974254906 0.000943765684496611 0.000735613924916834 0.000587969203479588 0.000459470960777253 0.000358829827746376 0.000358674209564924 0.000315312761813402
0.18176157772541 0.165510624647141 0.146872118115425 0.129129394888878 0.0868841707706451 0.0341501981019974 0.018147885799408 0.00915265735238791 0.00356029765680432 0.00272883614525199 0.00194878806360066 0.00147004204336554 0.00103748752735555 0.00100875657517463 0.00109950464684516 0.000977381132543087 0.000560885353479534 0.000323766929795966 0.000686654646415263 0.00058866135077551 0.000435022549936548 0.000390913541195914 0.000649851630441844 0.000676322146318853 0.00066867598798126 0.00090911629376933 0.00132785656023771 0.00132509437389672 0.00133626349270344 0.00135664897970855 0.000920562888495624 0.00096043647499755 0.000422158715082332 0.000536658801138401 0.00130889902357012 0.000837266386952251 0.000919840240385383 0.00056619051611051 0.000347276567481458 0.00036496642860584 0.000195621963939629 0.00026736716972664 0.000381830643163994 0.000235005092690699
0.29870530962944 0.192579075694084 0.116257697343826 0.105837605893612 0.0860789492726326 0.081075057387352 0.0329835936427116 0.0141065400093794 0.00648289220407605 0.00435559311881661 0.00269190827384591 0.00152654421981424 0.00121856201440096 0.000963768805377185 0.00108219124376774 0.000743866374250501 0.000657758500892669 0.000363607774488628 0.000472634739708155 0.00058142194757238 0.000409746367949992 0.000504482595715672 0.000660941586829722 0.000663488113787025 0.0009235804900527 0.000916001386940479 0.00136431329883635 0.0013598301447928 0.00139621889684349 0.00138965051155537 0.000930697016883641 0.000725833873730153 0.000404975959099829 0.00127686327323318 0.00122322665993124 0.000936156953684986 0.000407821411499754 0.000136212271172553 0.000137033857754432 0.000327471032505855 0.000359688710886985 0.000160073381266557 0.000208839643164538 0.000180544157046825
0.41677063703537 0.39934229850769 0.145839884877205 0.083671860396862 0.0477403998374939 0.058420330286026 0.0604895204305649 0.025504207238555 0.00857647974044085 0.00650361180305481 0.0027313269674778 0.00164576468523592 0.00146931468043476 0.00137810211163014 0.00100785191170871 0.00076818116940558 0.000587297196034342 0.000382372149033472 0.000608942995313555 0.000538297172170132 0.000492025748826563 0.00063132110517472 0.000454986788099632 0.00089562323410064 0.000903242093045264 0.00092012359527871 0.00137010181788355 0.00136266462504864 0.00141842616721988 0.000929521629586816 0.000941916718147695 0.000386428582714871 0.000296686659567058 0.000861496198922396 0.000929714413359761 0.000225167124881409 0.000129381209262647 0.000128316460177302 0.000313986762193963 0.000309006165480241 0.000271577446255833 6.2583239923697e-05 0.000172328960616142 0.000175164270331152
0.501941084861755 0.397416561841965 0.224602028727531 0.159608691930771 0.084577240049839 0.0303077455610037 0.0554397478699684 0.030761769041419 0.0188229642808437 0.00987992715090513 0.00474358862265944 0.0028530634008348 0.00171144108753651 0.00117894937284291 0.000977830262854695 0.00064453697996214 0.000578628911171108 0.000446790683781728 0.000384178885724396 0.000387895765015855 0.000477123307064176 0.000425196252763271 0.000583205372095108 0.000901177176274359 0.000920153455808759 0.000948374858126044 0.00141406047623605 0.00138620520010591 0.00142138556111604 0.000952012254856527 0.000533514888957143 7.67424498917535e-05 0.00040615678881295 0.000938458077143878 0.000507366668898612 4.60448973171879e-05 6.22130537522025e-05 0.000300481944577768 0.000300636078463867 0.000177203808561899 0.000137581024318933 0.000146218997542746 0.000113706868432928 0.00016520508506801
0.515900313854218 0.401668727397919 0.315265715122223 0.157329097390175 0.0896671712398529 0.0335558988153934 0.0292724538594484 0.0267991498112679 0.0199415292590857 0.0107305450364947 0.00582470465451479 0.00375266186892986 0.00209445203654468 0.00136280118022114 0.00111285469029099 0.000773222593124956 0.000515700958203524 0.000400292919948697 0.000356891803676262 0.000311998999677598 0.000447290629381314 0.000418907235143706 0.000572527118492872 0.000624022097326815 0.000933383125811815 0.000966388499364257 0.00141605653334409 0.00147281482350081 0.000979334348812699 0.000523629132658243 0.000270640914095566 0.000204387702979147 0.000504853029269725 0.000491837679874152 0.00021238683257252 0.0001156266007456 0.000163259755936451 0.000168458689586259 0.000123439924209379 5.02042676089332e-05 0.000138015268021263 0.000138076255097985 7.91136917541735e-05 0.000200270573259331
0.521705746650696 0.39385724067688 0.41025847196579 0.214984312653542 0.100367449223995 0.0546951927244663 0.0212860628962517 0.0296139437705278 0.0330551192164421 0.0146505953744054 0.0101144006475806 0.00345248240046203 0.00354706030339003 0.00142636115197092 0.00112922978587449 0.00103231566026807 0.000700945674907416 0.000484566029626876 0.000535746570676565 0.00048694311408326 0.000416114897234365 0.000421183562139049 0.000434747693361714 0.000632807787042111 0.000933042727410793 0.000947676424402744 0.000965991523116827 0.000964435166679323 0.000979927252046764 0.000495691725518554 0.000374338880646974 0.000508505268953741 0.000685396196786314 0.000495597021654248 0.000202649374841712 0.000200873560970649 0.000285881018498912 4.56322741229087e-05 3.34647411364131e-05 6.33124582236633e-05 0.000122752011520788 0.000130347223603167 9.99704425339587e-05 0.000130575834191404
0.537786543369293 0.415360569953918 0.395621299743652 0.291542649269104 0.146906509995461 0.0955737754702568 0.0564483553171158 0.0317050255835056 0.0394676476716995 0.0290574282407761 0.0130074704065919 0.00509372958913445 0.00401117419824004 0.00149779277853668 0.00119716243352741 0.000717436952982098 0.000704234931617975 0.00062462774803862 0.000535292609129101 0.000481576629681513 0.000423169665737078 0.000425290811108425 0.000612468109466136 0.000441859650891274 0.000937194912694395 0.000945244682952762 0.000943658349569887 0.000941188947763294 0.000983148231171072 0.000969563145190477 0.000496707449201494 0.0006782979471609 0.0004755069676321 0.000496306049171835 0.000364732055459172 0.00037764068110846 0.00020036542264279 8.00090929260477e-05 3.17947124131024e-05 6.01327374170069e-05 0.000115641632874031 0.00012080573651474 6.80651064612903e-05 0.000124757323646918
0.679225862026215 0.420854151248932 0.411152094602585 0.295628726482391 0.223497122526169 0.155049562454224 0.0902444422245026 0.0220615603029728 0.0438516102731228 0.0257747080177069 0.0182462334632874 0.00712554715573788 0.00547152291983366 0.00175683514680713 0.00118372996803373 0.000702301214914769 0.000648143060971051 0.000395273586036637 0.000370123219909146 0.000461956951767206 0.000307733949739486 0.000171867912285961 0.000242983529460616 0.000241889560129493 0.000254940940067172 0.00026130402693525 0.000641769904177636 0.000679710356052965 1.84317541425116e-05 2.52160625677789e-05 1.87239111255622e-05 0.000475512584671378 1.38344330480322e-05 6.84138431097381e-05 0.00019126376719214 7.07271101418883e-06 0.000105531282315496 7.61180781410076e-05 4.0997034375323e-05 7.50784020056017e-05 5.73375800740905e-05 3.27389243466314e-05 4.79803165944759e-05 6.36197728454135e-05
0.691750705242157 0.434781461954117 0.427132815122604 0.307099968194962 0.214840888977051 0.15161994099617 0.0997924655675888 0.052056297659874 0.030939033254981 0.0557830259203911 0.0194622334092855 0.00863264221698046 0.00631243921816349 0.00205506663769484 0.00111973891034722 0.000801737129222602 0.00069473561597988 0.000417626899434254 0.000330520531861112 0.000348702393239364 0.0004215685185045 0.000425713544245809 0.000430981366662309 0.000437119335401803 2.53251928370446e-05 2.59254757111194e-05 0.000638005149085075 0.000667519983835518 1.84205855475739e-05 1.92389597941656e-05 3.00942192552611e-05 1.7767415556591e-05 1.00487832241924e-05 9.93706089502666e-06 9.8633627203526e-06 7.19718536856817e-06 5.28566215507453e-06 4.01438273911481e-06 1.66736742812645e-06 1.24031055293017e-06 2.67347477347357e-05 2.47685147769516e-05 4.22951707150787e-05 3.37884666805621e-05
0.684090375900269 0.573957026004791 0.553080141544342 0.321089893579483 0.314413517713547 0.229034125804901 0.146903723478317 0.0842247381806374 0.0328180529177189 0.0598886832594872 0.0224956776946783 0.00857423525303602 0.00784789118915796 0.00195887545123696 0.00112048734445125 0.000719975330866873 0.000604205415584147 0.000451264641014859 0.000294958445010707 0.000404100748710334 0.000310689851175994 0.000453911634394899 0.000450728373834863 0.000241257381276228 0.00044525382691063 2.61884506471688e-05 2.62466237472836e-05 2.58515210589394e-05 2.56016210187227e-05 1.87532441486837e-05 1.43307024700334e-05 1.39868079713779e-05 1.37224078571307e-05 1.01008627098054e-05 1.95010779862059e-05 1.42155131470645e-05 1.39174453579471e-05 7.58267651690403e-06 1.96280370801105e-06 3.78571894543711e-05 2.23504976020195e-05 1.24617804431182e-06 2.3715158476989e-06 1.21752955237753e-05
0.78978705406189 0.554624378681183 0.440620452165604 0.327597200870514 0.324950963258743 0.237710103392601 0.217152163386345 0.0588456988334656 0.0235993377864361 0.0205149073153734 0.0287021324038506 0.0122179202735424 0.00716325640678406 0.00221537100151181 0.00112255243584514 0.000774042622651905 0.000694831716828048 0.000384144048439339 0.000303927838103846 0.000293638469884172 0.000263840251136571 0.000314565899316221 0.000165577162988484 0.000124888800201006 0.000177692389115691 0.000445664976723492 0.000440910633187741 2.67041123152012e-05 2.66960996668786e-05 1.88712856470374e-05 2.59711414400954e-05 3.65873638656922e-05 3.5611756175058e-05 1.88864596566418e-05 1.85443768714322e-05 1.23137315313215e-05 8.82152198755648e-06 8.28094835014781e-06 1.91067874766304e-06 2.33022819884354e-06 2.02445494323911e-06 1.47062951327825e-06 1.33675976030645e-05 1.25553115140065e-05
0.76649796962738 0.530105412006378 0.436907678842545 0.327667683362961 0.328659385442734 0.23930287361145 0.227140709757805 0.0955910608172417 0.0239255707710981 0.00981816649436951 0.0275517627596855 0.0162434447556734 0.0049163275398314 0.00328699615783989 0.00123472337145358 0.0011487501906231 0.000809999706689268 0.000428370840381831 0.000334343698341399 0.000309061753796414 0.000289209507172927 0.000334618816850707 0.000169640930835158 0.000174052416696213 0.000103257931186818 0.000263847003225237 0.00025423668557778 1.95154188986635e-05 1.94219301192788e-05 2.62947978626471e-05 2.63386882579653e-05 3.68719884136226e-05 3.67562897736207e-05 3.60044068656862e-05 2.58991949522169e-05 2.52881163760321e-05 1.0145300620934e-05 5.52558140043402e-06 1.0610598110361e-05 3.71044825442368e-06 5.58583451493178e-06 5.55093129150919e-06 1.24186526591075e-05 1.14405529529904e-05
