data/climate_estimation/maxent_output/Calochortus_aureus.asc
NCOLS 109 
NROWS 73 
XLLCORNER -117.25 
YLLCORNER 33.4166666666667 
CELLSIZE 0.0833333333333333 
NODATA_value -3.4e+38 
[rows 40 to 59 of 73, columns 44 to 87 of 109]
0.61177796125412 0.607542634010315 0.972662329673767 0.867547214031219 0.807474076747894 0.93731963634491 0.689219653606415 0.927057504653931 0.694358468055725 0.688075959682465 0.856519639492035 0.989087581634521 0.785360038280487 0.707807600498199 0.521963596343994 0.983957827091217 0.978904366493225 0.630911588668823 0.344497799873352 0.54369592666626 0.952102959156036 0.991444706916809 0.994095742702484 0.985058784484863 0.967070758342743 0.950970590114594 0.782717227935791 0.917475819587708 0.854788661003113 0.916538834571838 0.916732788085938 0.944346249103546 0.951271891593933 0.969330132007599 0.981882631778717 0.987562298774719 0.992808759212494 0.992898464202881 0.9920734167099 0.99530041217804 0.99311375617981 0.990855574607849 0.993941962718964 0.99346649646759
0.955782234668732 0.759982883930206 0.961632072925568 0.966601312160492 0.884969294071198 0.545429408550262 0.388325303792953 0.55117255449295 0.57361501455307 0.637963593006134 0.694108724594116 0.802966892719269 0.837896823883057 0.745562314987183 0.643003165721893 0.510524928569794 0.509725868701935 0.302288562059402 0.34065368771553 0.993896305561066 0.991991937160492 0.86867892742157 0.995354115962982 0.989935278892517 0.951490879058838 0.882972657680511 0.739875197410583 0.817522943019867 0.9448122382164 0.972196400165558 0.979429543018341 0.96278327703476 0.966047346591949 0.987566530704498 0.983536899089813 0.989939033985138 0.988487482070923 0.989945292472839 0.993629992008209 0.992802619934082 0.993557095527649 0.993305265903473 0.993181943893433 0.993735074996948
0.932558119297028 0.71526312828064 0.94133323431015 0.864026188850403 0.675506830215454 0.397674798965454 0.332996249198914 0.478040605783463 0.544767081737518 0.589520335197449 0.615563273429871 0.666310787200928 0.753359258174896 0.78085732460022 0.691938698291779 0.623835504055023 0.440922439098358 0.37717804312706 0.31435763835907 0.290656298398972 0.555994272232056 0.810165584087372 0.991777360439301 0.992438495159149 0.92988133430481 0.755391061306 0.692206501960754 0.772936344146729 0.957145750522614 0.984548509120941 0.985031723976135 0.985137164592743 0.990360736846924 0.966144263744354 0.975724458694458 0.987520277500153 0.972409844398499 0.990879654884338 0.99131453037262 0.993241488933563 0.993417859077454 0.993537485599518 0.994671702384949 0.995527982711792
0.91568922996521 0.841589629650116 0.931819796562195 0.854529798030853 0.334464907646179 0.243114799261093 0.295466274023056 0.418740451335907 0.481448948383331 0.530535876750946 0.583709716796875 0.589523673057556 0.713683843612671 0.752450108528137 0.765817046165466 0.651148855686188 0.547766506671906 0.431359738111496 0.366166412830353 0.330232918262482 0.371106654405594 0.504534542560577 0.71472430229187 0.900696992874146 0.988475263118744 0.766120612621307 0.473270654678345 0.730469644069672 0.81978851556778 0.97070974111557 0.968797147274017 0.984196126461029 0.963939309120178 0.965997457504272 0.983576536178589 0.971201777458191 0.985358774662018 0.985721468925476 0.979442894458771 0.991268932819366 0.994958758354187 0.995119094848633 0.993881821632385 0.986405670642853
0.8959601521492 0.88033926486969 0.715694189071655 0.921133995056152 0.501666188240051 0.317068785429001 0.325106531381607 0.359982579946518 0.430141240358353 0.504836142063141 0.530287027359009 0.557336926460266 0.674616813659668 0.712077081203461 0.664627492427826 0.593680143356323 0.601207435131073 0.538790583610535 0.540320873260498 0.518137872219086 0.503781497478485 0.564622700214386 0.761592626571655 0.990218758583069 0.946173667907715 0.826299369335175 0.704361796379089 0.652494430541992 0.728262901306152 0.885094285011292 0.957983016967773 0.960698246955872 0.954494416713715 0.987732231616974 0.95654433965683 0.958173513412476 0.978565216064453 0.963502466678619 0.977020978927612 0.991190314292908 0.994811534881592 0.99209600687027 0.992455422878265 0.994239449501038
0.899049997329712 0.889497458934784 0.874006390571594 0.877835988998413 0.599515557289124 0.303032636642456 0.430592566728592 0.315177351236343 0.366277247667313 0.347897678613663 0.448551207780838 0.521587014198303 0.643112242221832 0.655298888683319 0.626711905002594 0.556286573410034 0.572759330272675 0.559661388397217 0.531378388404846 0.516912758350372 0.521602690219879 0.652410686016083 0.884239017963409 0.994444668292999 0.969515144824982 0.946254014968872 0.848820209503174 0.62379264831543 0.650695741176605 0.757486522197723 0.935558497905731 0.933847606182098 0.948803663253784 0.967227220535278 0.942055642604828 0.967281579971313 0.947732210159302 0.963726460933685 0.973623812198639 0.985410571098328 0.990780234336853 0.988300442695618 0.99265044927597 0.989708185195923
0.841257154941559 0.851207375526428 0.84659880399704 0.6382936835289 0.538296103477478 0.423877149820328 0.327523231506348 0.2137151658535 0.305591434240341 0.25187149643898 0.251468986272812 0.385187804698944 0.478514075279236 0.521460771560669 0.478480845689774 0.50664746761322 0.49187445640564 0.501320421695709 0.487354308366776 0.441578894853592 0.479898631572723 0.63446718454361 0.908278346061707 0.982872128486633 0.98844975233078 0.967599630355835 0.880715012550354 0.661238312721252 0.822693169116974 0.839176654815674 0.854466378688812 0.868784308433533 0.918042957782745 0.923321902751923 0.920889556407928 0.939336895942688 0.935086667537689 0.953272879123688 0.94686484336853 0.963019192218781 0.98549872636795 0.991040408611298 0.986333906650543 0.986295163631439
0.844888269901276 0.838888645172119 0.638103723526001 0.606614589691162 0.489725679159164 0.512507677078247 0.370697230100632 0.268844693899155 0.279152184724808 0.211100101470947 0.282901406288147 0.352105677127838 0.399398118257523 0.393374711275101 0.397986471652985 0.415332436561584 0.416204571723938 0.406343907117844 0.371952652931213 0.264379292726517 0.273336797952652 0.380559146404266 0.594312071800232 0.657276272773743 0.97876250743866 0.980470657348633 0.920506238937378 0.806226253509521 0.833887219429016 0.843728005886078 0.854566156864166 0.816871583461761 0.851488292217255 0.857931673526764 0.900897920131683 0.899959862232208 0.947350561618805 0.936029493808746 0.98263955116272 0.987989485263824 0.988161444664001 0.985910415649414 0.983411431312561 0.979906022548676
0.776152193546295 0.68365865945816 0.523359775543213 0.422690540552139 0.402898669242859 0.466652303934097 0.522103190422058 0.253777801990509 0.290797859430313 0.204998001456261 0.197540983557701 0.307442307472229 0.325718194246292 0.373843729496002 0.321993917226791 0.316083699464798 0.339432090520859 0.224570095539093 0.200237184762955 0.160679772496223 0.0885853916406631 0.10071687400341 0.120409227907658 0.366702347993851 0.794853329658508 0.972636163234711 0.981529831886292 0.94688868522644 0.831115245819092 0.854141891002655 0.824969470500946 0.89702957868576 0.842091739177704 0.86099761724472 0.8739013671875 0.874521791934967 0.924895405769348 0.962303578853607 0.977300345897675 0.988551676273346 0.983554303646088 0.986844718456268 0.980408072471619 0.972772002220154
0.689153015613556 0.485040247440338 0.359687685966492 0.385896801948547 0.415420353412628 0.358309209346771 0.411882847547531 0.337666809558868 0.355285614728928 0.278261870145798 0.180811762809753 0.280518352985382 0.35209122300148 0.30393847823143 0.267537504434586 0.203043088316917 0.17875200510025 0.156838268041611 0.091584324836731 0.0852472707629204 0.0506355613470078 0.0451260544359684 0.0173056963831186 0.0440017431974411 0.287840574979782 0.554132640361786 0.963101863861084 0.985906541347504 0.960238754749298 0.891406357288361 0.864515960216522 0.866552114486694 0.8743896484375 0.837809979915619 0.839298367500305 0.854936897754669 0.89757239818573 0.933922231197357 0.966792821884155 0.974777102470398 0.980553984642029 0.968648314476013 0.954275131225586 0.967451751232147
0.538590669631958 0.454234093427658 0.402913600206375 0.399948060512543 0.368712723255157 0.311254769563675 0.275418758392334 0.396561414003372 0.318953931331635 0.239536955952644 0.233442917466164 0.361039996147156 0.374270915985107 0.313056886196136 0.199542731046677 0.132338255643845 0.127174079418182 0.101031720638275 0.0933794751763344 0.0761385932564735 0.083316758275032 0.0572653971612453 0.0323109962046146 0.0291791278868914 0.361364126205444 0.542396605014801 0.876527547836304 0.989833176136017 0.984260737895966 0.977878153324127 0.91506814956665 0.868873596191406 0.83384096622467 0.783770501613617 0.809149444103241 0.865082979202271 0.902389526367188 0.925728440284729 0.956344604492188 0.977441906929016 0.968289494514465 0.897802472114563 0.94718873500824 0.947137236595154
0.640384912490845 0.616166710853577 0.512238740921021 0.37746387720108 0.393804043531418 0.277900248765945 0.21844308078289 0.350407868623734 0.349686950445175 0.328185737133026 0.298681855201721 0.347410649061203 0.351820707321167 0.389075189828873 0.242884650826454 0.113374441862106 0.0596628524363041 0.0727417171001434 0.0969210714101791 0.137383252382278 0.10074408352375 0.0938483476638794 0.100831650197506 0.196976780891418 0.345346570014954 0.58195972442627 0.757648348808289 0.935056328773499 0.986820816993713 0.98811674118042 0.969458520412445 0.906393110752106 0.861527025699615 0.810538053512573 0.76972758769989 0.786998808383942 0.781527519226074 0.93055260181427 0.939383864402771 0.955334663391113 0.883817136287689 0.86730033159256 0.93804794549942 0.933085441589355
0.522318542003632 0.576484084129333 0.450623571872711 0.504711329936981 0.38238787651062 0.315864771604538 0.179972141981125 0.207572147250175 0.247570350766182 0.359951704740524 0.412060350179672 0.279411643743515 0.232084736227989 0.329994350671768 0.265923112630844 0.121672868728638 0.0839639380574226 0.0678506270051003 0.117247432470322 0.156345903873444 0.0984158739447594 0.0883131846785545 0.167786732316017 0.241264402866364 0.247987344861031 0.406073063611984 0.642569363117218 0.874872028827667 0.954414546489716 0.985778212547302 0.977539420127869 0.955189228057861 0.919512569904327 0.827582240104675 0.80646026134491 0.709943175315857 0.812762916088104 0.880975544452667 0.809312403202057 0.831732213497162 0.890385985374451 0.875606656074524 0.876554548740387 0.918525099754333
0.545972526073456 0.58384770154953 0.558100581169128 0.46619725227356 0.311788946390152 0.261236727237701 0.177270129323006 0.121727161109447 0.135256752371788 0.247510299086571 0.390310078859329 0.404086530208588 0.18216173350811 0.263964146375656 0.420260608196259 0.343897849321365 0.205935299396515 0.122515097260475 0.13848027586937 0.230857118964195 0.118704557418823 0.134647741913795 0.230831354856491 0.157455325126648 0.229854017496109 0.250579953193665 0.370431661605835 0.670198261737823 0.839589476585388 0.965514540672302 0.980980038642883 0.981745541095734 0.942779004573822 0.891949415206909 0.76914119720459 0.744932591915131 0.759977698326111 0.800197899341583 0.78925496339798 0.889257311820984 0.896455943584442 0.856347918510437 0.886764407157898 0.899306535720825
0.461488872766495 0.573900938034058 0.488605290651321 0.192182302474976 0.20270574092865 0.194491386413574 0.157332822680473 0.0887678265571594 0.115421645343304 0.211303681135178 0.325965106487274 0.450501203536987 0.432309448719025 0.365039944648743 0.457306712865829 0.564417243003845 0.462719678878784 0.372986972332001 0.469842702150345 0.356168448925018 0.222448632121086 0.261551588773727 0.241116479039192 0.198130428791046 0.114586219191551 0.202427268028259 0.214930057525635 0.365828603506088 0.675827503204346 0.861228287220001 0.954780042171478 0.955209016799927 0.953555166721344 0.949680089950562 0.925532758235931 0.8129643201828 0.793007254600525 0.821268975734711 0.842537045478821 0.873565256595612 0.894449055194855 0.886112153530121 0.885131478309631 0.864951610565186
0.410423010587692 0.409221023321152 0.475226819515228 0.402646720409393 0.184693157672882 0.255136877298355 0.141168490052223 0.0886213555932045 0.153401181101799 0.226879999041557 0.278526842594147 0.435578614473343 0.337554037570953 0.470639884471893 0.386194944381714 0.470773965120316 0.49811914563179 0.48284986615181 0.522111892700195 0.55402010679245 0.539555013179779 0.465606659650803 0.347951412200928 0.223028302192688 0.132770329713821 0.119478642940521 0.123936347663403 0.243148252367973 0.511933982372284 0.754081070423126 0.835299491882324 0.855145812034607 0.949497878551483 0.924615263938904 0.923082172870636 0.936530590057373 0.8726407289505 0.890058636665344 0.881941318511963 0.888238668441772 0.824094891548157 0.843665599822998 0.848861217498779 0.863971889019012
0.301243931055069 0.453602701425552 0.448653042316437 0.437072783708572 0.43846982717514 0.284432917833328 0.163331091403961 0.116158522665501 0.139880523085594 0.197156101465225 0.288000971078873 0.360483735799789 0.273319125175476 0.358216375112534 0.337948888540268 0.234854206442833 0.249374017119408 0.321103543043137 0.656084477901459 0.615713953971863 0.542266249656677 0.512194097042084 0.41348671913147 0.283515870571136 0.174736261367798 0.0920097529888153 0.0946724414825439 0.20097042620182 0.334868580102921 0.524723052978516 0.686557114124298 0.784087657928467 0.770613849163055 0.914020955562592 0.918916404247284 0.9102623462677 0.900924623012543 0.869766891002655 0.873795509338379 0.839037358760834 0.845268547534943 0.849938154220581 0.802418112754822 0.868623614311218
0.17682820558548 0.363487422466278 0.385832965373993 0.36994731426239 0.391907215118408 0.325609862804413 0.164655312895775 0.228829905390739 0.211288630962372 0.185650706291199 0.209789305925369 0.227152720093727 0.21701979637146 0.242805853486061 0.272011280059814 0.246177986264229 0.119802616536617 0.0828967690467834 0.533688843250275 0.622750580310822 0.612924814224243 0.588218152523041 0.466123789548874 0.296468108892441 0.193940818309784 0.152734890580177 0.142153978347778 0.176077619194984 0.276090443134308 0.403989523649216 0.495352745056152 0.590768039226532 0.631501853466034 0.706652879714966 0.732254207134247 0.822663724422455 0.803980886936188 0.719311058521271 0.718283116817474 0.665195107460022 0.818485498428345 0.799465715885162 0.797115385532379 0.764904499053955
0.164548262953758 0.272300720214844 0.318914890289307 0.348600894212723 0.339678704738617 0.369567692279816 0.34743395447731 0.432722210884094 0.385833889245987 0.246969610452652 0.199514448642731 0.182959944009781 0.117042481899261 0.148077860474586 0.201016202569008 0.228843703866005 0.179349198937416 0.10685732960701 0.288598090410233 0.522604942321777 0.590241551399231 0.556963741779327 0.460990846157074 0.245612069964409 0.182661011815071 0.154962152242661 0.156867578625679 0.156597450375557 0.223708927631378 0.260047972202301 0.377694249153137 0.363358587026596 0.421499282121658 0.511607706546783 0.524508655071259 0.582012951374054 0.575142025947571 0.598606705665588 0.559549748897552 0.591792345046997 0.553398072719574 0.663076221942902 0.7014120221138 0.685245931148529
0.148020565509796 0.168065935373306 0.272688716650009 0.303622096776962 0.327080219984055 0.296425551176071 0.367917895317078 0.393384426832199 0.350077539682388 0.210947841405869 0.263812690973282 0.163050547242165 0.0823219642043114 0.113563857972622 0.121138028800488 0.222656279802322 0.218774855136871 0.228214591741562 0.248193457722664 0.261206746101379 0.504004001617432 0.512896597385406 0.394613325595856 0.245990589261055 0.166344150900841 0.133292883634567 0.124497301876545 0.117746688425541 0.127484902739525 0.184705480933189 0.187695622444153 0.228706017136574 0.246048048138618 0.309893906116486 0.311128675937653 0.330707877874374 0.378057092428207 0.413127571344376 0.438096761703491 0.426074475049973 0.41664057970047 0.475176006555557 0.478662550449371 0.473587900400162
