data/climate_estimation/maxent_output/Calochortus_elegans.asc
NCOLS 128 
NROWS 149 
XLLCORNER -124.083333333333 
YLLCORNER 36.6666666666667 
CELLSIZE 0.0833333333333334 
NODATA_value -3.4e+38 
[rows 80 to 99 of 149, columns 0 to 43 of 128]
0.350885391235352 0.527467489242554 0.699600756168365 0.809971570968628 0.828064620494843 0.892268300056458 0.787153124809265 0.48625773191452 0.333740800619125 0.519307672977448 0.734476447105408 0.375257194042206 0.608567714691162 0.201032042503357 0.11092945933342 0.295616120100021 0.577384650707245 0.688185572624207 0.784017860889435 0.949139893054962 0.959608554840088 0.893889546394348 0.879915058612823 0.677572667598724 0.90009617805481 0.820645093917847 0.653660356998444 0.775264143943787 0.839405834674835 0.822877109050751 0.746443688869476 0.842694580554962 0.851308226585388 0.829026162624359 0.799930453300476 0.809394419193268 0.822398245334625 0.824853122234344 0.801742434501648 0.799692690372467 0.760739088058472 0.814847826957703 0.79726630449295 0.824383616447449
0.3483607172966 0.544139623641968 0.62327766418457 0.798775017261505 0.908790528774261 0.9036585688591 0.80729478597641 0.896246671676636 0.92267781496048 0.506683766841888 0.305662006139755 0.770737528800964 0.698115468025208 0.386899888515472 0.198935598134995 0.284550040960312 0.900182127952576 0.943455040454865 0.953378856182098 0.96068149805069 0.951663196086884 0.8748699426651 0.886820018291473 0.737459123134613 0.872202157974243 0.804116249084473 0.648613214492798 0.669921100139618 0.656151235103607 0.461669385433197 0.593203961849213 0.656586050987244 0.826844930648804 0.813502430915833 0.825159072875977 0.824938058853149 0.814962923526764 0.817021727561951 0.796406626701355 0.813612461090088 0.811258792877197 0.786386251449585 0.856691658496857 0.860262870788574
0.340989857912064 0.45178496837616 0.696410477161407 0.713206589221954 0.934417843818665 0.875032007694244 0.916080415248871 0.907845675945282 0.921213805675507 0.405916035175323 0.530511915683746 0.774982690811157 0.319312065839767 0.711972892284393 0.900217473506927 0.663304686546326 0.469142615795135 0.641023933887482 0.941373109817505 0.888173341751099 0.943724870681763 0.9315465092659 0.879837036132812 0.884185194969177 0.821131885051727 0.793155670166016 0.68195766210556 0.485179871320724 0.523210763931274 0.608865261077881 0.570194661617279 0.519864141941071 0.648153185844421 0.813032567501068 0.845502972602844 0.83273047208786 0.814370572566986 0.807640016078949 0.817296326160431 0.823359310626984 0.847181558609009 0.843880116939545 0.859702885150909 0.839302897453308
0.321595698595047 0.460955142974854 0.593080639839172 0.787334978580475 0.924778401851654 0.699479758739471 0.802122414112091 0.9605832695961 0.904109537601471 0.917742848396301 0.89817351102829 0.79322361946106 0.574579536914825 0.670414626598358 0.900323927402496 0.878217101097107 0.917112588882446 0.811065971851349 0.826608121395111 0.921394109725952 0.908340156078339 0.904135286808014 0.895014047622681 0.871571958065033 0.793486893177032 0.775979101657867 0.629459142684937 0.492541074752808 0.341772526502609 0.723820328712463 0.593893587589264 0.486261695623398 0.805448353290558 0.64130300283432 0.723548471927643 0.841556966304779 0.839306354522705 0.83387815952301 0.826250433921814 0.831567704677582 0.854634881019592 0.853373944759369 0.853055238723755 0.804569780826569
0.252943068742752 0.507654547691345 0.684974074363708 0.785233080387115 0.880492150783539 0.942225456237793 0.92846691608429 0.888631165027618 0.775879681110382 0.874310672283173 0.940157473087311 0.645122528076172 0.914022147655487 0.903520822525024 0.640518009662628 0.828344702720642 0.909895539283752 0.897260010242462 0.909004151821136 0.89963573217392 0.742849171161652 0.793805181980133 0.765385389328003 0.763118803501129 0.767520129680634 0.732798397541046 0.626485526561737 0.483803480863571 0.4722680747509 0.413264513015747 0.427939742803574 0.398585438728333 0.591102063655853 0.840819597244263 0.553167581558228 0.782781958580017 0.841095864772797 0.84041029214859 0.837294340133667 0.843571126461029 0.840828537940979 0.858559310436249 0.848619103431702 0.763789057731628
0.227863594889641 0.473193496465683 0.639905571937561 0.813506305217743 0.940772414207458 0.907138109207153 0.850622475147247 0.959629476070404 0.957059502601624 0.890677034854889 0.940284907817841 0.927779078483582 0.903704464435577 0.764358162879944 0.906976103782654 0.896412670612335 0.89814293384552 0.743700861930847 0.655589640140533 0.266045361757278 0.325708508491516 0.695471167564392 0.751437664031982 0.753857672214508 0.751365125179291 0.736171007156372 0.612055838108063 0.461073338985443 0.428594410419464 0.355754196643829 0.367817342281342 0.320727705955505 0.326278924942017 0.698380291461945 0.748791038990021 0.739797294139862 0.769200026988983 0.805583417415619 0.848761379718781 0.85775750875473 0.856089651584625 0.858336269855499 0.874122202396393 0.753545224666595
0.209672644734383 0.359720408916473 0.591808080673218 0.795177459716797 0.885503768920898 0.489081382751465 0.936370730400085 0.94039523601532 0.902581691741943 0.763890147209167 0.88982218503952 0.77732527256012 0.748281478881836 0.925529956817627 0.625230014324188 0.460384368896484 0.438553363084793 0.847724437713623 0.24507175385952 0.182266369462013 0.561797022819519 0.825507521629333 0.7036452293396 0.814354598522186 0.721659243106842 0.709233283996582 0.711481809616089 0.582050204277039 0.539650738239288 0.4820317029953 0.394118040800095 0.336286664009094 0.331139445304871 0.524443924427032 0.596641063690186 0.593758702278137 0.625546634197235 0.768516600131989 0.815544426441193 0.856417000293732 0.855330228805542 0.864582180976868 0.856927275657654 0.734660446643829
0.118208952248096 0.336879014968872 0.57918518781662 0.749024033546448 0.691851496696472 0.830755710601807 0.900499403476715 0.976895451545715 0.40028104186058 0.597871840000153 0.889811336994171 0.885500252246857 0.32731431722641 0.630592703819275 0.616799294948578 0.855535447597504 0.741509914398193 0.351213455200195 0.354666411876678 0.182956576347351 0.463334202766418 0.834737658500671 0.713564872741699 0.79731947183609 0.704766988754272 0.705893754959106 0.714126169681549 0.708117783069611 0.703900277614594 0.657572984695435 0.439289957284927 0.372426807880402 0.359576463699341 0.531896650791168 0.722536385059357 0.592187702655792 0.64114636182785 0.670300841331482 0.82362288236618 0.800468027591705 0.807541847229004 0.810653626918793 0.810765981674194 0.627733707427979
0.129135847091675 0.280792117118835 0.475746124982834 0.698799967765808 0.724313676357269 0.89017927646637 0.987118124961853 0.731809914112091 0.692770183086395 0.949500977993011 0.909851014614105 0.936196446418762 0.883330702781677 0.859362602233887 0.888885617256165 0.883407831192017 0.841474771499634 0.218977928161621 0.150518462061882 0.160685554146767 0.232028096914291 0.841520845890045 0.684779226779938 0.791602194309235 0.797425985336304 0.716484069824219 0.71778678894043 0.720484554767609 0.71744441986084 0.817949950695038 0.814820110797882 0.61869490146637 0.434805601835251 0.435184478759766 0.572462499141693 0.633565366268158 0.671509921550751 0.704512417316437 0.681593418121338 0.69645494222641 0.796167254447937 0.771531105041504 0.789545714855194 0.600634932518005
0.0816909372806549 0.297259151935577 0.515219390392303 0.702523171901703 0.620943129062653 0.950089693069458 0.983512759208679 0.767854928970337 0.961460769176483 0.960623919963837 0.57744687795639 0.939619243144989 0.931121051311493 0.351070076227188 0.249673470854759 0.51801323890686 0.841030597686768 0.854064404964447 0.190872490406036 0.154381230473518 0.222966104745865 0.827733278274536 0.805824220180511 0.802805602550507 0.81157785654068 0.734922230243683 0.734915912151337 0.819449961185455 0.840390861034393 0.711708068847656 0.721579074859619 0.846848547458649 0.622478842735291 0.485843390226364 0.490538448095322 0.659867405891418 0.711711764335632 0.722148418426514 0.695207178592682 0.670507848262787 0.674339830875397 0.607019484043121 0.635522246360779 0.739541411399841
0.03251938149333 0.157700419425964 0.524694383144379 0.645604193210602 0.765354812145233 0.941939115524292 0.859627783298492 0.976642608642578 0.784332513809204 0.874829411506653 0.877108335494995 0.577164471149445 0.887502014636993 0.53870689868927 0.173153057694435 0.591668665409088 0.8654665350914 0.856722593307495 0.247476950287819 0.192287534475327 0.294522613286972 0.718252837657928 0.839381456375122 0.639225363731384 0.798517942428589 0.763930797576904 0.826759994029999 0.782176196575165 0.789012253284454 0.776674509048462 0.789573669433594 0.854452788829803 0.532581806182861 0.50047892332077 0.644060611724854 0.67429393529892 0.699050486087799 0.712217807769775 0.678037047386169 0.63901686668396 0.669560849666595 0.613806664943695 0.358463883399963 0.436248004436493
0.0442680455744267 0.11531438678503 0.332904458045959 0.598764657974243 0.851442813873291 0.896665632724762 0.939313113689423 0.96228015422821 0.950141489505768 0.91588681936264 0.904064655303955 0.89571738243103 0.817007660865784 0.906144201755524 0.215628787875175 0.630409002304077 0.878048837184906 0.87061071395874 0.883225798606873 0.465232014656067 0.745104908943176 0.850848615169525 0.386497586965561 0.625705361366272 0.750092923641205 0.785614252090454 0.850395977497101 0.853143513202667 0.847779214382172 0.844240844249725 0.836001515388489 0.730495929718018 0.548859655857086 0.529196083545685 0.550118148326874 0.722556948661804 0.676975131034851 0.675241887569427 0.371040552854538 0.293061584234238 0.246616169810295 0.271488636732101 0.211937740445137 0.267805993556976
0.0319443233311176 0.11980763822794 0.283926516771317 0.640001893043518 0.773931741714478 0.917594134807587 0.889946162700653 0.583298027515411 0.791678547859192 0.846246063709259 0.915005624294281 0.908279716968536 0.924892723560333 0.828807711601257 0.502920806407928 0.758005917072296 0.817650496959686 0.856403410434723 0.578211486339569 0.875290811061859 0.916288018226624 0.860939681529999 0.163029834628105 0.65399968624115 0.896892547607422 0.871101975440979 0.87474513053894 0.875850081443787 0.808499693870544 0.654208362102509 0.611306130886078 0.603661954402924 0.571879923343658 0.53357470035553 0.53811377286911 0.569082796573639 0.54845255613327 0.54427969455719 0.733819603919983 0.674992740154266 0.36333566904068 0.365156888961792 0.233182355761528 0.467960476875305
0.0309842266142368 0.158758744597435 0.235531821846962 0.543397724628448 0.781414568424225 0.806840062141418 0.540694952011108 0.963473439216614 0.589354813098907 0.823734283447266 0.903388917446136 0.914105713367462 0.942395210266113 0.596652328968048 0.911442399024963 0.903463661670685 0.89762955904007 0.876886129379272 0.737268030643463 0.71103423833847 0.955462515354156 0.949726402759552 0.934540629386902 0.962286472320557 0.914558529853821 0.883221089839935 0.84376335144043 0.875337243080139 0.847398042678833 0.671035647392273 0.627678275108337 0.650859296321869 0.626598596572876 0.54114294052124 0.409996122121811 0.403331816196442 0.745344758033752 0.715111672878265 0.737339854240417 0.858863830566406 0.822076618671417 0.659229278564453 0.255766630172729 0.470488786697388
0.0473886914551258 0.132437124848366 0.306712657213211 0.452128022909164 0.675640881061554 0.850816071033478 0.864080727100372 0.932633578777313 0.953935563564301 0.559447467327118 0.531215190887451 0.926672220230103 0.915607333183289 0.691874980926514 0.75916862487793 0.613831400871277 0.904165148735046 0.92451399564743 0.829972922801971 0.867763876914978 0.943638622760773 0.893425464630127 0.973561823368073 0.786437451839447 0.902450978755951 0.946391344070435 0.913581967353821 0.903186798095703 0.80560177564621 0.612898468971252 0.389009386301041 0.211219236254692 0.448635518550873 0.761902630329132 0.434776037931442 0.35296756029129 0.378124982118607 0.373356193304062 0.497692257165909 0.857539892196655 0.858018040657043 0.8369220495224 0.542869210243225 0.503931283950806
0.039991457015276 0.133066818118095 0.299979627132416 0.493110179901123 0.462025076150894 0.858063220977783 0.878639340400696 0.852195799350739 0.921674787998199 0.929784893989563 0.920587480068207 0.760018169879913 0.927797794342041 0.777663707733154 0.911251246929169 0.93971860408783 0.865616500377655 0.941592514514923 0.946238279342651 0.91307270526886 0.90051281452179 0.802766084671021 0.920790433883667 0.864736676216125 0.966954290866852 0.978104710578918 0.921228408813477 0.93181312084198 0.906743943691254 0.629959583282471 0.192039519548416 0.161314532160759 0.124483436346054 0.633532822132111 0.564244210720062 0.350588887929916 0.393995016813278 0.408077329397202 0.538757026195526 0.833777010440826 0.841239333152771 0.871969938278198 0.858965337276459 0.873170852661133
0.0193617660552263 0.121269814670086 0.190178841352463 0.500683188438416 0.501979410648346 0.55790787935257 0.906395137310028 0.820893049240112 0.955516636371613 0.937836349010468 0.926663339138031 0.928326964378357 0.910775184631348 0.839276373386383 0.623673021793365 0.929598569869995 0.394785642623901 0.813630044460297 0.940710604190826 0.970729231834412 0.283730357885361 0.84229451417923 0.544956088066101 0.948222517967224 0.849385023117065 0.309217691421509 0.546979427337646 0.929084777832031 0.678658962249756 0.225439712405205 0.265386879444122 0.147407591342926 0.104608505964279 0.135603278875351 0.586335778236389 0.409323900938034 0.606443643569946 0.839388012886047 0.728434324264526 0.835464537143707 0.821098923683167 0.841568887233734 0.858337819576263 0.75739324092865
0.0113713666796684 0.0878269076347351 0.209003627300262 0.475584894418716 0.689018249511719 0.498813509941101 0.91009932756424 0.923774898052216 0.685617089271545 0.948139667510986 0.921607673168182 0.951872825622559 0.521225869655609 0.922397613525391 0.609368979930878 0.940815389156342 0.290388941764832 0.582738101482391 0.961565136909485 0.1769799888134 0.168076768517494 0.589992821216583 0.23837585747242 0.441720962524414 0.371788173913956 0.42225381731987 0.795683205127716 0.898541271686554 0.589889049530029 0.140917137265205 0.0644276961684227 0.211633995175362 0.17167592048645 0.193554162979126 0.396266460418701 0.786673784255981 0.853936195373535 0.847599446773529 0.837189197540283 0.859767496585846 0.861953318119049 0.845568001270294 0.67523992061615 0.861170768737793
0.00571370078250766 0.0279581733047962 0.219526007771492 0.373983412981033 0.640507698059082 0.600554645061493 0.49635973572731 0.589517831802368 0.905253112316132 0.947736382484436 0.935215353965759 0.537341117858887 0.925236523151398 0.952355563640594 0.917352616786957 0.24003629386425 0.375879794359207 0.851936399936676 0.775798857212067 0.234606817364693 0.0504345335066319 0.103542901575565 0.185795694589615 0.145307838916779 0.17605596780777 0.201462924480438 0.947978317737579 0.968687415122986 0.69238817691803 0.489779829978943 0.134590223431587 0.325360745191574 0.605669021606445 0.734382748603821 0.716162204742432 0.635749161243439 0.597534239292145 0.754795432090759 0.868158340454102 0.839834272861481 0.715972125530243 0.658127427101135 0.65097588300705 0.58739709854126
0.00983178243041039 0.04960623010993 0.093277245759964 0.47482293844223 0.561264276504517 0.786809682846069 0.690402388572693 0.716183543205261 0.474927634000778 0.310277968645096 0.856387078762054 0.107234477996826 0.514965832233429 0.933413326740265 0.297232836484909 0.209242388606071 0.575118243694305 0.380887001752853 0.499243229627609 0.229475110769272 0.030310470610857 0.0431733280420303 0.0772353261709213 0.0486019141972065 0.0810186341404915 0.188433200120926 0.969965279102325 0.971449851989746 0.94819563627243 0.963604032993317 0.847880423069 0.291733235120773 0.882494866847992 0.910512506961823 0.889832556247711 0.877355694770813 0.878080368041992 0.865032434463501 0.851976990699768 0.858364462852478 0.841228544712067 0.854150712490082 0.867675065994263 0.82967334985733
