data/climate_estimation/maxent_output/Calochortus_flexuosus.asc
NCOLS 128 
NROWS 127 
XLLCORNER -117.416666666667 
YLLCORNER 30.25 
CELLSIZE 0.0833333333333334 
NODATA_value -3.4e+38 
[rows 60 to 79 of 127, columns 0 to 43 of 128]
0.33978608250618 0.210142090916634 0.471618413925171 0.271683365106583 0.471038430929184 0.407786786556244 0.43093329668045 0.518678367137909 0.60200160741806 0.0912130028009415 0.0150749897584319 0.106974363327026 0.408993601799011 0.388445317745209 0.170693248510361 0.575404047966003 0.74084883928299 0.813196778297424 0.787261068820953 0.79993861913681 0.84340226650238 0.857168912887573 0.8242467045784 0.818747222423553 0.831096827983856 0.818217754364014 0.848169982433319 0.873461484909058 0.651431322097778 0.635175824165344 0.767208278179169 0.804288685321808 0.602261126041412 0.708887577056885 0.822712898254395 0.831866383552551 0.811469495296478 0.84519624710083 0.862930417060852 0.871733605861664 0.851870119571686 0.716630935668945 0.800809383392334 0.810281991958618
0.255691975355148 0.286960870027542 0.409423619508743 0.518441796302795 0.446008592844009 0.527170181274414 0.621026515960693 0.489506423473358 0.411790519952774 0.503973305225372 0.0345666036009789 0.0355996787548065 0.0439784489572048 0.0744198262691498 0.0821549445390701 0.210931062698364 0.642988264560699 0.798390805721283 0.817030668258667 0.806615650653839 0.773387491703033 0.765924036502838 0.756776869297028 0.812222719192505 0.830101728439331 0.810754537582397 0.817927479743958 0.847033679485321 0.793071746826172 0.820204854011536 0.851714491844177 0.852209746837616 0.405511468648911 0.705425441265106 0.831516861915588 0.835732221603394 0.85015994310379 0.856436908245087 0.883776307106018 0.827932596206665 0.834507524967194 0.826681137084961 0.798135638237 0.792729556560516
0.189119502902031 0.185207352042198 0.402729123830795 0.445907473564148 0.394976586103439 0.550809144973755 0.539004623889923 0.630422651767731 0.496403425931931 0.400427103042603 0.0873820036649704 0.0733353421092033 0.0780796781182289 0.0329205915331841 0.0353304296731949 0.0876205191016197 0.397646248340607 0.678326547145844 0.721302270889282 0.742521405220032 0.752012014389038 0.780532121658325 0.779445171356201 0.830315947532654 0.780225038528442 0.829711675643921 0.734917759895325 0.786407113075256 0.78104704618454 0.809515297412872 0.818373680114746 0.806784212589264 0.412368714809418 0.521201014518738 0.786254405975342 0.828022003173828 0.834090709686279 0.80836009979248 0.850644528865814 0.843120992183685 0.831110179424286 0.863980531692505 0.807157158851624 0.748382151126862
0.20410618185997 0.387358248233795 0.335849851369858 0.39665886759758 0.390050113201141 0.554832220077515 0.633327484130859 0.701678216457367 0.56406182050705 0.600772798061371 0.698507130146027 0.770579695701599 0.732642352581024 0.694587349891663 0.0871222019195557 0.103600911796093 0.535737931728363 0.817209720611572 0.780960381031036 0.758055806159973 0.722176194190979 0.735039591789246 0.782212018966675 0.80823802947998 0.822905421257019 0.833524703979492 0.766840934753418 0.742870628833771 0.788919508457184 0.778572380542755 0.821027636528015 0.831230819225311 0.417430907487869 0.447415381669998 0.828963935375214 0.825671434402466 0.836710929870605 0.841845035552979 0.795989215373993 0.820664763450623 0.852699220180511 0.842003166675568 0.862517356872559 0.862474083900452
0.280407488346100 0.454170048236847 0.411665499210358 0.44132524728775 0.597257614135742 0.622305691242218 0.590826809406281 0.582187533378601 0.654560327529907 0.735963106155396 0.732930719852448 0.767214238643646 0.785790026187897 0.731711149215698 0.227877005934715 0.114477649331093 0.688921868801117 0.782040596008301 0.76163238286972 0.785862803459167 0.752665638923645 0.784458458423615 0.761918425559998 0.744339227676392 0.778728067874908 0.756787896156311 0.78057074546814 0.776672720909119 0.810379981994629 0.805497348308563 0.823654890060425 0.742206335067749 0.404797673225403 0.298403263092041 0.725105881690979 0.843774080276489 0.802964627742767 0.831195652484894 0.818107545375824 0.799566030502319 0.837672531604767 0.888157069683075 0.837877750396729 0.851392269134521
0.222006171941757 0.27681902050972 0.311184823513031 0.49578183889389 0.480175912380219 0.612759411334991 0.594892501831055 0.618716955184937 0.754522502422333 0.671308815479279 0.678491175174713 0.553365290164948 0.61835765838623 0.491002410650253 0.119474202394485 0.115623444318771 0.540052473545074 0.772741615772247 0.826538801193237 0.775156199932098 0.729294657707214 0.770682632923126 0.741465330123901 0.763687193393707 0.738779246807098 0.819057881832123 0.750176846981049 0.757636487483978 0.727429151535034 0.808484017848969 0.780957698822021 0.779091835021973 0.545545518398285 0.38896632194519 0.539915263652802 0.793516993522644 0.865776836872101 0.814934611320496 0.849612534046173 0.764013409614563 0.867418646812439 0.794243335723877 0.849693715572357 0.818151354789734
0.220606774091721 0.224530592560768 0.316993415355682 0.634477555751801 0.700773179531097 0.607505619525909 0.614092350006104 0.669557273387909 0.730520486831665 0.659967064857483 0.658080756664276 0.444798290729523 0.509711563587189 0.532649636268616 0.665957689285278 0.282251864671707 0.134006321430206 0.517814338207245 0.660954236984253 0.772174537181854 0.74816620349884 0.756422817707062 0.696456253528595 0.768195390701294 0.777041792869568 0.770452737808228 0.737288475036621 0.762504279613495 0.778959810733795 0.821680545806885 0.756928741931915 0.795638501644135 0.780231833457947 0.50213235616684 0.540336668491364 0.825221955776215 0.84408301115036 0.818257868289948 0.825693011283875 0.845859706401825 0.859096050262451 0.776763677597046 0.821276783943176 0.811695337295532
0.176614627242088 0.245519578456879 0.334338963031769 0.650025010108948 0.620079576969147 0.656533241271973 0.696112453937531 0.751801073551178 0.720270037651062 0.49241977930069 0.427245676517487 0.222446545958519 0.217409372329712 0.583992838859558 0.666413009166718 0.28527757525444 0.128665268421173 0.310335099697113 0.766507387161255 0.764708876609802 0.776291072368622 0.773232996463776 0.784748017787933 0.767260253429413 0.746545612812042 0.74848884344101 0.766747653484344 0.813075363636017 0.766009271144867 0.697139859199524 0.747144222259521 0.820843815803528 0.820564746856689 0.499476224184036 0.471320182085037 0.775906264781952 0.839102923870087 0.848890483379364 0.802409529685974 0.871026933193207 0.851509034633636 0.832471191883087 0.862618446350098 0.828423082828522
0.20445029437542 0.233476608991623 0.352543771266937 0.583710312843323 0.458367317914963 0.489911437034607 0.688319504261017 0.548870444297791 0.544967710971832 0.698693633079529 0.542033195495605 0.429196357727051 0.226379051804543 0.193209081888199 0.248153120279312 0.12237736582756 0.14180788397789 0.265996009111404 0.739861488342285 0.756971001625061 0.787304222583771 0.694191038608551 0.75985187292099 0.756096363067627 0.756370484828949 0.750638902187347 0.747078359127045 0.798398673534393 0.77960067987442 0.765916764736176 0.667203426361084 0.786021113395691 0.687475204467773 0.335510313510895 0.493743270635605 0.696301281452179 0.845438122749329 0.877047657966614 0.839710474014282 0.841584146022797 0.889925420284271 0.842319488525391 0.450993299484253 0.801398277282715
0.106860317289829 0.158296480774879 0.151584208011627 0.522871375083923 0.455197632312775 0.387791872024536 0.583965063095093 0.560864090919495 0.320538818836212 0.510120570659637 0.507585167884827 0.278609573841095 0.55357414484024 0.265960723161697 0.124592527747154 0.152122139930725 0.145570501685143 0.301189661026001 0.494760453701019 0.759482562541962 0.703361749649048 0.664746940135956 0.798963069915771 0.742061018943787 0.769925534725189 0.819952428340912 0.728169500827789 0.808914422988892 0.785317778587341 0.72856992483139 0.705209910869598 0.758262455463409 0.608084797859192 0.322058767080307 0.511511027812958 0.764177799224854 0.81358277797699 0.814830720424652 0.779832720756531 0.861208498477936 0.871069192886353 0.809669196605682 0.368287622928619 0.829810500144958
0.208631172776222 0.256970018148422 0.24142462015152 0.605810701847076 0.640582323074341 0.719796597957611 0.772842109203339 0.620473027229309 0.564011573791504 0.43656912446022 0.39903798699379 0.647705256938934 0.746043145656586 0.515240371227264 0.250860184431076 0.518274068832397 0.630104780197144 0.606865465641022 0.495094150304794 0.593897521495819 0.64286482334137 0.677128732204437 0.80412882566452 0.780972540378571 0.7979856133461 0.775701761245728 0.739425301551819 0.711222112178802 0.726284861564636 0.726256906986237 0.605886518955231 0.560526967048645 0.432572156190872 0.31984868645668 0.397827923297882 0.670501589775085 0.854328632354736 0.847254276275635 0.833813607692719 0.803229153156281 0.853666543960571 0.691707193851471 0.564439296722412 0.838822543621063
0.295986741781235 0.362002313137054 0.238528057932854 0.236579865217209 0.335718125104904 0.717172503471375 0.493544191122055 0.556115746498108 0.582613110542297 0.535378217697144 0.732387840747833 0.780637383460999 0.849291384220123 0.824198365211487 0.495320796966553 0.614945888519287 0.798963606357574 0.75236713886261 0.469210982322693 0.641026496887207 0.784507811069489 0.797518968582153 0.807477414608002 0.792564868927002 0.728199243545532 0.662338137626648 0.643216550350189 0.747041583061218 0.703506767749786 0.761009275913239 0.711078405380249 0.56617397069931 0.451332300901413 0.331776350736618 0.290708661079407 0.501600384712219 0.67790275812149 0.76315712928772 0.778965532779694 0.811281204223633 0.841755449771881 0.853940963745117 0.471916496753693 0.743473768234253
0.238007128238678 0.327222406864166 0.284649223089218 0.424113065004349 0.407560080289841 0.461084574460983 0.508073389530182 0.431728303432465 0.458148628473282 0.656474471092224 0.691482901573181 0.703000366687775 0.743708252906799 0.852689802646637 0.579790651798248 0.511334180831909 0.822748780250549 0.717236638069153 0.727263748645782 0.816562473773956 0.812959671020508 0.868813037872314 0.752893209457397 0.660458087921143 0.727845191955566 0.641646444797516 0.587023019790649 0.658480584621429 0.683362364768982 0.619017660617828 0.700888395309448 0.708347499370575 0.566608607769012 0.385430485010147 0.266456365585327 0.343542903661728 0.593917429447174 0.618488371372223 0.689014852046967 0.748504281044006 0.834619224071503 0.88702791929245 0.641806781291962 0.810827434062958
0.271773129701614 0.442673414945602 0.434196889400482 0.431563377380371 0.36305958032608 0.440595805644989 0.393234938383102 0.347334355115891 0.483197689056396 0.549577355384827 0.593145310878754 0.91112607717514 0.790229320526123 0.81556236743927 0.643632411956787 0.676683127880096 0.607076823711395 0.68963748216629 0.743475615978241 0.803077280521393 0.766194462776184 0.771091878414154 0.721419036388397 0.748556435108185 0.678836345672607 0.562246203422546 0.520163118839264 0.789240598678589 0.7102210521698 0.6438307762146 0.694352865219116 0.654478073120117 0.618315994739532 0.472077220678329 0.512010812759399 0.463153541088104 0.552299797534943 0.66047465801239 0.651526272296906 0.817462146282196 0.82176411151886 0.841456592082977 0.840820610523224 0.824213027954102
0.22043751180172 0.242228329181671 0.319771379232407 0.260032892227173 0.217329546809196 0.353381156921387 0.297050833702087 0.332944452762604 0.435730427503586 0.474073201417923 0.614794075489044 0.637671291828156 0.896278023719788 0.85292249917984 0.831728518009186 0.685454547405243 0.253609657287598 0.461389809846878 0.440242737531662 0.405752390623093 0.627364337444305 0.50384795665741 0.580011308193207 0.521863579750061 0.462250471115112 0.515511155128479 0.745210409164429 0.798949122428894 0.649480044841766 0.580139815807343 0.683990776538849 0.578002393245697 0.570788621902466 0.722215950489044 0.714527010917664 0.488280326128006 0.563482642173767 0.741918981075287 0.800657749176025 0.821124196052551 0.777724325656891 0.868424654006958 0.889141499996185 0.88583916425705
0.129300966858864 0.166036412119865 0.164287105202675 0.162302225828171 0.149080619215965 0.233014270663261 0.331681609153748 0.419340044260025 0.377595156431198 0.512821197509766 0.53734290599823 0.880419850349426 0.921269595623016 0.906186163425446 0.909719705581665 0.770469427108765 0.410799950361252 0.11021189391613 0.0765498653054237 0.109032593667507 0.0874623879790306 0.264055490493774 0.25295278429985 0.347340762615204 0.463278561830521 0.570949852466583 0.857341766357422 0.780454516410828 0.575930058956146 0.621826469898224 0.677778005599976 0.532514095306396 0.662427961826324 0.627452850341797 0.685110926628113 0.446963787078857 0.442587703466415 0.641155958175659 0.831235945224762 0.802937269210815 0.764343500137329 0.820087134838104 0.856208682060242 0.875886678695679
0.0354800969362259 0.0439867898821831 0.0501911379396915 0.050550390034914 0.0647606775164604 0.131543472409248 0.177381008863449 0.251699030399323 0.313164502382278 0.481742233037949 0.571653842926025 0.576531171798706 0.913046598434448 0.89306640625 0.941931068897247 0.928597331047058 0.808166682720184 0.553916990756989 0.225634232163429 0.0909734964370728 0.0796773433685303 0.0835169851779938 0.125056803226471 0.255726844072342 0.464008837938309 0.582959294319153 0.739281833171844 0.707340776920319 0.618084728717804 0.486442536115646 0.630562663078308 0.528614580631256 0.537044823169708 0.45817369222641 0.468056946992874 0.450655609369278 0.333779275417328 0.529054641723633 0.700698852539062 0.798892617225647 0.815528631210327 0.855420827865601 0.860409259796143 0.87486732006073
0.0241534970700741 0.022972896695137 0.0326451882719994 0.0276309307664633 0.02445531450212 0.0554336458444595 0.0868457779288292 0.115669369697571 0.209737107157707 0.320287823677063 0.447312533855438 0.528493106365204 0.917209923267365 0.93640547990799 0.910544693470001 0.886658608913422 0.861194729804993 0.831236183643341 0.85514372587204 0.742747664451599 0.208498895168304 0.208791598677635 0.227630868554115 0.0908457860350609 0.264238834381104 0.30857390165329 0.688389122486115 0.680749893188477 0.394023180007935 0.581350684165955 0.729054093360901 0.643722891807556 0.497177273035049 0.495961308479309 0.557693362236023 0.544284999370575 0.589607357978821 0.470226883888245 0.474119126796722 0.612845718860626 0.725837171077728 0.744023621082306 0.799050986766815 0.783542335033417
0.0119140259921551 0.013561631552875 0.0116545194759965 0.0126012079417706 0.00781480222940445 0.00413702195510268 0.00529179908335209 0.0149544784799218 0.0291099790483713 0.0595091953873634 0.144531860947609 0.420490384101868 0.911913990974426 0.898988962173462 0.899431765079498 0.656002581119537 0.866307437419891 0.76389616727829 0.750037312507629 0.849410057067871 0.514878332614899 0.406829625368118 0.359907597303391 0.225742772221565 0.163714289665222 0.379570484161377 0.325694531202316 0.338296234607697 0.33725517988205 0.463771641254425 0.792726278305054 0.76970762014389 0.565964341163635 0.593531370162964 0.669068932533264 0.732767701148987 0.790239930152893 0.672503113746643 0.567455887794495 0.469569951295853 0.523190855979919 0.539476454257965 0.705710411071777 0.754728376865387
0.00206616963259876 0.00535927014425397 0.00843746121972799 0.0062983981333673 0.00705085415393114 0.00580442929640412 0.00509836431592703 0.00302378158085048 0.00477619795128703 0.0239443965256214 0.102447383105755 0.258212238550186 0.486217558383942 0.908172011375427 0.934173762798309 0.798252105712891 0.719026327133179 0.498495429754257 0.506554424762726 0.470283299684525 0.67398339509964 0.677666366100311 0.585888266563416 0.566812217235565 0.219796374440193 0.354363352060318 0.442551374435425 0.286660194396973 0.265101134777069 0.404577434062958 0.630604207515717 0.720382273197174 0.520500957965851 0.530154168605804 0.530847370624542 0.421547800302505 0.517516672611237 0.433890104293823 0.424098551273346 0.667664229869843 0.691261470317841 0.66121643781662 0.65495765209198 0.693816363811493
