data/climate_estimation/maxent_output/Calochortus_argillosus.asc
NCOLS 22 
NROWS 40 
XLLCORNER -122.416666666667 
YLLCORNER 35.0833333333333 
CELLSIZE 0.0833333333333331 
NODATA_value -3.4e+38 
0.632521271705627 0.702668905258179 0.67986124753952 0.654793381690979 0.480986624956131 0.327003359794617 0.372944176197052 0.446533471345901 0.468491762876511 0.472307503223419 0.451507091522217 0.447343975305557 0.428943514823914 0.388126492500305 0.345221102237701 0.284785628318787 0.174635827541351 0.127660572528839 0.122424677014351 0.133159756660461 0.0561713241040707 0.0228062346577644
0.666642189025879 0.800010979175568 0.763786196708679 0.823456645011902 0.771520793437958 0.741171896457672 0.698272883892059 0.633713662624359 0.583487153053284 0.533171117305756 0.498428493738174 0.48167160153389 0.475996047258377 0.453463017940521 0.387919336557388 0.278413027524948 0.177949726581573 0.138420939445496 0.108475968241692 0.114842683076859 0.121781371533871 0.0502079837024212
0.752604842185974 0.845695614814758 0.830434143543243 0.908920347690582 0.920060753822327 0.920557498931885 0.880800068378448 0.777486145496368 0.649140119552612 0.5459885597229 0.509821474552155 0.521729588508606 0.534899652004242 0.480997979640961 0.388956636190414 0.274667620658875 0.21047255396843 0.155240803956985 0.103808954358101 0.100855067372322 0.101720698177814 0.126472160220146
0.811211168766022 0.882735252380371 0.908219218254089 0.92165219783783 0.955818772315979 0.955147922039032 0.925389349460602 0.806816875934601 0.638311803340912 0.532385587692261 0.47363144159317 0.49217015504837 0.538558423519135 0.555957794189453 0.411751002073288 0.262124925851822 0.186851918697357 0.129071697592735 0.111660666763783 0.10755117982626 0.134386345744133 0.0968538746237755
0.839062690734863 0.890309870243073 0.914998292922974 0.951214373111725 0.96617066860199 0.960782527923584 0.931703686714172 0.792140424251556 0.578435957431793 0.455007284879684 0.38496658205986 0.418155133724213 0.418992966413498 0.436242550611496 0.329708844423294 0.216060623526573 0.151762560009956 0.12835231423378 0.103027254343033 0.105463981628418 0.110205821692944 0.125410676002502
0.841648101806641 0.867045044898987 0.910881102085114 0.934349298477173 0.969443321228027 0.944267213344574 0.929216086864471 0.762986660003662 0.453462094068527 0.285086840391159 0.244882076978683 0.241524487733841 0.243650838732719 0.262810945510864 0.231964245438576 0.170243889093399 0.107992395758629 0.0815145969390869 0.0771627202630043 0.079154871404171 0.123770520091057 0.115267157554626
0.860664546489716 0.87231981754303 0.903125882148743 0.929017901420593 0.959942221641541 0.924208581447601 0.912760436534882 0.831298589706421 0.478437602519989 0.27537402510643 0.170395374298096 0.169034093618393 0.136199936270714 0.142308846116066 0.115927621722221 0.100106008350849 0.0703714117407799 0.0588493160903454 0.0566179826855659 0.0721843093633652 0.0865452736616135 0.102478727698326
0.81294047832489 0.897165536880493 0.903677821159363 0.920533299446106 0.932092487812042 0.936072945594788 0.903334200382233 0.866970062255859 0.646294116973877 0.31591796875 0.12970145046711 0.108009330928326 0.0805586203932762 0.0921996533870697 0.0732073038816452 0.0725351795554161 0.0713187605142593 0.057925146073103 0.0496580339968204 0.0586599782109261 0.0696628764271736 0.0723414719104767
0.830073952674866 0.91156142950058 0.91094034910202 0.948336720466614 0.949042916297913 0.934809923171997 0.853707194328308 0.780005991458893 0.65520191192627 0.526758968830109 0.200226306915283 0.0817040130496025 0.0622187107801437 0.0629172772169113 0.0582561194896698 0.0527873933315277 0.0645721107721329 0.0520608089864254 0.053613867610693 0.058184839785099 0.0554607883095741 0.0606947466731071
0.869149684906006 0.931309759616852 -3.4e+38 0.978201866149902 0.972128570079803 0.917561709880829 0.86546266078949 0.822090685367584 0.74864673614502 0.667859435081482 0.452903807163239 0.243580386042595 0.0909823551774025 0.0561887882649899 0.0555088855326176 0.056188203394413 0.0563546605408192 0.0485658049583435 0.0449154451489449 0.0520485118031502 0.0545744858682156 0.051992904394865
0.773854851722717 0.943385303020477 0.982124209403992 0.977988064289093 0.959035396575928 0.94176971912384 0.90781307220459 0.878950297832489 0.794113337993622 0.663851916790009 0.58927595615387 0.442940086126328 0.256862461566925 0.126411527395248 0.0642887949943542 0.0479304194450378 0.0472172871232033 0.0405534319579601 0.0370284989476204 0.0416156873106956 0.0459150969982147 0.00221205875277519
0.724055707454681 0.830598890781403 0.979257583618164 0.971579611301422 0.952081501483917 0.925859451293945 0.932060658931732 0.812217891216278 0.823884665966034 0.733508288860321 0.665073812007904 0.534932076931 0.434301286935806 0.225175574421883 0.106339029967785 0.0517930500209332 0.0382058769464493 0.0343451984226704 0.0290564727038145 0.0336194820702076 0.00152391230221838 0.00164150330238044
0.673751175403595 0.729062676429749 0.831934869289398 0.95561283826828 0.960368275642395 0.941930115222931 0.909140467643738 0.884645819664001 0.796990513801575 0.75490403175354 0.661726593971252 0.5986008644104 0.489265918731689 0.291899472475052 0.136055409908295 0.0536279082298279 0.0367025174200535 0.0013569820439443 0.000878649007063359 0.00110337918158621 0.00113762891851366 0.00162840622942895
0.283058166503906 0.698629796504974 0.711946785449982 0.720358729362488 0.899353802204132 0.945214927196503 0.923301041126251 0.902650535106659 0.765661776065826 0.780850887298584 0.756144344806671 0.608785450458527 0.489105522632599 0.332478404045105 0.188612163066864 0.0604585222899914 0.00149589998181909 0.00115560367703438 0.00101344764698297 0.000887161237187684 0.00100379530340433 0.00120541173964739
0.258496344089508 0.284979730844498 0.651651740074158 0.691954791545868 0.685839056968689 0.738319993019104 0.838622868061066 0.874887585639954 0.848353624343872 0.763970494270325 0.768186032772064 0.68296617269516 0.491688281297684 0.372896492481232 0.22304867208004 0.0835665017366409 0.0398688688874245 0.000965663813985884 0.000872141390573233 0.000830272038001567 0.000691887340508401 0.000746874313335866
0.555037438869476 0.596785128116608 0.27208885550499 0.648876070976257 0.63486248254776 0.636048555374146 0.70112270116806 0.709360420703888 0.78783130645752 0.861747622489929 0.762696444988251 0.746048152446747 0.604914605617523 0.467348456382751 0.328018128871918 0.106423802673817 0.0377470925450325 0.00081260094884783 0.000732555170543492 0.000597746868152171 0.000634733180049807 0.00067408912582323
-3.4e+38 0.578217566013336 0.592439651489258 0.572419583797455 0.625802457332611 0.666346788406372 0.673090755939484 0.715744435787201 0.750267326831818 0.815164566040039 0.80541980266571 0.778475761413574 0.715051829814911 0.580558300018311 0.364288449287415 0.10716088116169 0.0423240996897221 0.0257883835583925 0.000661559752188623 0.000504589290358126 0.000463144184323028 0.000422485667513683
-3.4e+38 -3.4e+38 0.564824819564819 0.568678855895996 0.58479106426239 0.643241286277771 0.730595350265503 0.787936329841614 0.827132284641266 0.775788545608521 0.815353512763977 0.825115740299225 0.800901353359222 0.591231226921082 0.484365969896317 0.193277686834335 0.0628032833337784 0.0256487317383289 0.0158684570342302 0.000489615835249424 0.000409932807087898 0.000398021918954328
-3.4e+38 -3.4e+38 -3.4e+38 -3.4e+38 -3.4e+38 -3.4e+38 0.706686556339264 0.740679860115051 0.809340238571167 0.836552202701569 0.795361995697021 0.806808650493622 0.76055371761322 0.663043677806854 0.567155599594116 0.421954691410065 0.156152486801147 0.0357113480567932 0.0239057037979364 0.0127228330820799 0.000396383373299614 0.000378988712327555
-3.4e+38 -3.4e+38 -3.4e+38 -3.4e+38 -3.4e+38 -3.4e+38 -3.4e+38 0.755159616470337 0.767299175262451 0.761889278888702 0.798875987529755 0.763435900211334 0.765583693981171 0.570675909519196 0.516985058784485 0.456239253282547 0.395585238933563 0.355435460805893 0.0325733609497547 0.0150361498817801 0.000377136544557288 0.000307746726321056
-339999999999999996123846586046231871488.000000000000000 -3.4e+38 -3.4e+38 -3.4e+38 -3.4e+38 -3.4e+38 -3.4e+38 0.68824315071106 0.683382093906403 0.604325175285339 0.757103443145752 0.684797286987305 0.683172941207886 0.56813633441925 0.504809379577637 0.457751989364624 0.483269482851028 0.563509881496429 0.0423337109386921 0.0593047477304935 0.0146626401692629 0.000409517582738772
-3.4e+38 -3.4e+38 -3.4e+38 -3.4e+38 -3.4e+38 0.446755677461624 0.489657461643219 0.727336704730988 0.685591697692871 0.534744083881378 0.539899826049805 0.687295973300934 0.679671704769135 0.659023284912109 0.559560716152191 0.517957210540771 0.513004541397095 0.301919251680374 0.0501569546759129 0.06053127348423 0.0228678546845913 0.00958678312599659
-3.4e+38 -3.4e+38 -3.4e+38 -3.4e+38 -3.4e+38 0.393303096294403 0.506850123405457 0.686397790908813 0.715049803256989 0.708285927772522 0.744267165660858 0.545190215110779 0.688679575920105 0.620019614696503 0.569129884243011 0.444952011108398 0.527843296527863 0.566144287586212 0.397934347391129 0.155679687857628 0.0676747635006905 0.0503846667706966
-3.4e+38 -3.4e+38 -3.4e+38 -3.4e+38 -3.4e+38 0.383508890867233 0.547891736030579 0.598046720027924 0.666113078594208 0.670618891716003 0.669025421142578 0.742019057273865 0.481994390487671 0.629620492458344 0.554923713207245 0.399176329374313 0.461016416549683 0.507316946983337 0.559095859527588 0.449327439069748 0.228437632322311 0.233445540070534
-3.4e+38 -3.4e+38 -3.4e+38 -3.4e+38 -3.4e+38 -3.4e+38 0.490043431520462 0.575733184814453 0.618036150932312 0.632625758647919 0.637208223342896 0.647201240062714 0.719402551651001 0.417443335056305 0.400237411260605 0.361220717430115 0.401893258094788 0.465975910425186 0.558198869228363 0.502894222736359 0.543158769607544 0.495903789997101
-3.4e+38 -3.4e+38 -3.4e+38 -3.4e+38 -3.4e+38 -3.4e+38 0.296762734651566 0.525888383388519 0.586855113506317 0.623642563819885 0.634176075458527 0.648994624614716 0.719551622867584 0.549462139606476 0.0173354391008615 0.367985844612122 0.374029368162155 0.316239237785339 0.501215100288391 0.549772560596466 0.515927255153656 0.504020810127258
-3.4e+38 -3.4e+38 -3.4e+38 -3.4e+38 -3.4e+38 -3.4e+38 -3.4e+38 0.40692999958992 0.570559620857239 0.588996887207031 0.601161301136017 0.637979090213776 0.69995391368866 0.657568454742432 0.576257228851318 0.0159816779196262 0.0137057295069098 0.369514763355255 0.338102877140045 0.484742969274521 0.491863608360291 0.480972498655319
-3.4e+38 -3.4e+38 -3.4e+38 -3.4e+38 -3.4e+38 -3.4e+38 -3.4e+38 -3.4e+38 0.517138361930847 0.593364715576172 0.596268653869629 0.604426443576813 0.630935251712799 0.694458782672882 0.640210866928101 0.0167240500450134 0.0119581567123532 0.011552307754755 0.320275902748108 0.417343080043793 0.503616333007812 0.498964846134186
-3.4e+38 -3.4e+38 -3.4e+38 -3.4e+38 -3.4e+38 -3.4e+38 -3.4e+38 -3.4e+38 -3.4e+38 0.636870443820953 0.663338243961334 0.66644948720932 0.690287470817566 0.665964961051941 0.63928484916687 0.631979048252106 0.462261378765106 0.0113116418942809 0.0114608593285084 0.379773408174515 0.459376037120819 0.477515310049057
-3.4e+38 -3.4e+38 -3.4e+38 -3.4e+38 -3.4e+38 -3.4e+38 -3.4e+38 -3.4e+38 -3.4e+38 -3.4e+38 -3.4e+38 0.715263783931732 0.694743514060974 0.635582804679871 0.447189807891846 0.0159365888684988 0.577460706233978 0.591418147087097 0.0125709809362888 0.376692086458206 0.483565807342529 0.381081789731979
-339999999999999996123846586046231871488.000000000000000 -3.4e+38 -3.4e+38 -3.4e+38 -3.4e+38 -3.4e+38 -3.4e+38 -3.4e+38 -3.4e+38 -3.4e+38 -3.4e+38 0.634820103645325 0.694890975952148 0.70888090133667 0.469531565904617 0.426514476537704 0.0149088334292173 0.0176846440881491 0.0145346503704786 0.013955214060843 0.354970157146454 0.355614930391312
-3.4e+38 -3.4e+38 -3.4e+38 -3.4e+38 -3.4e+38 -3.4e+38 -3.4e+38 -3.4e+38 -3.4e+38 -3.4e+38 -3.4e+38 -3.4e+38 0.566191911697388 0.524243772029877 0.642946541309357 0.635635018348694 0.444985270500183 0.0195968579500914 0.0188222341239452 0.0149087496101856 0.0148969916626811 0.366126447916031
-3.4e+38 -3.4e+38 -3.4e+38 -3.4e+38 -3.4e+38 -3.4e+38 -3.4e+38 -3.4e+38 -3.4e+38 -3.4e+38 -3.4e+38 -3.4e+38 -3.4e+38 0.0030930764041841 0.00782714691013098 0.658760964870453 0.639061748981476 0.0202356427907944 0.63131320476532 0.602627038955688 0.0206626988947392 0.0107854651287198
-3.4e+38 -3.4e+38 -3.4e+38 -3.4e+38 -3.4e+38 -3.4e+38 -3.4e+38 -3.4e+38 -3.4e+38 -3.4e+38 -3.4e+38 -3.4e+38 -3.4e+38 -3.4e+38 0.00120931200217456 0.0042770984582603 0.553467988967896 0.695797801017761 0.674119889736176 0.698132574558258 0.594884216785431 0.0255581364035606
-3.4e+38 -3.4e+38 -3.4e+38 -3.4e+38 -3.4e+38 -3.4e+38 -3.4e+38 -3.4e+38 -3.4e+38 -3.4e+38 -3.4e+38 -3.4e+38 -3.4e+38 -3.4e+38 -3.4e+38 0.00253569753840566 0.00564190978184342 0.493849664926529 0.705480456352234 0.681142747402191 0.651744246482849 0.628242433071136
-3.4e+38 -3.4e+38 -3.4e+38 -3.4e+38 -3.4e+38 -3.4e+38 -3.4e+38 -3.4e+38 -3.4e+38 -3.4e+38 -3.4e+38 -3.4e+38 -3.4e+38 -3.4e+38 -3.4e+38 -3.4e+38 0.00655932398512959 0.0111605962738395 0.643482565879822 0.688778400421143 0.625604391098022 0.613663077354431
-3.4e+38 -3.4e+38 -3.4e+38 -3.4e+38 -3.4e+38 -3.4e+38 -3.4e+38 -3.4e+38 -3.4e+38 -3.4e+38 -3.4e+38 -3.4e+38 -3.4e+38 -3.4e+38 -3.4e+38 -3.4e+38 -3.4e+38 -3.4e+38 0.515616536140442 0.714785635471344 0.628659427165985 0.582242786884308
-3.4e+38 -3.4e+38 -3.4e+38 -3.4e+38 -3.4e+38 -3.4e+38 -3.4e+38 -3.4e+38 -3.4e+38 -3.4e+38 -3.4e+38 -3.4e+38 -3.4e+38 -3.4e+38 -3.4e+38 -3.4e+38 -3.4e+38 -3.4e+38 0.501694440841675 0.639832198619843 0.645681440830231 0.602993428707123
-3.4e+38 -3.4e+38 -3.4e+38 -3.4e+38 -3.4e+38 -3.4e+38 -3.4e+38 -3.4e+38 -3.4e+38 -3.4e+38 -3.4e+38 -3.4e+38 -3.4e+38 -3.4e+38 -3.4e+38 -3.4e+38 -3.4e+38 -3.4e+38 0.562456727027893 0.649801731109619 0.626980304718018 0.666516184806824
-3.4e+38 -3.4e+38 -3.4e+38 -3.4e+38 -3.4e+38 -3.4e+38 -3.4e+38 -3.4e+38 -3.4e+38 -3.4e+38 -3.4e+38 -3.4e+38 -3.4e+38 -3.4e+38 -3.4e+38 -3.4e+38 -3.4e+38 -3.4e+38 -3.4e+38 -3.4e+38 0.0324231050908566 0.0386668927967548
