data/climate_estimation/maxent_output/Calochortus_luteus.asc
NCOLS 64 
NROWS 83 
XLLCORNER -123.416666666667 
YLLCORNER 33.8333333333333 
CELLSIZE 0.0833333333333333 
NODATA_value -3.4e+38 
[rows 42 to 62 of 83, columns 0 to 48 of 64]
-339999999999999996123846586046231871488.000000000000000 -3.4e+38 -3.4e+38 -3.4e+38 -3.4e+38 -3.4e+38 -3.4e+38 -3.4e+38 -3.4e+38 -3.4e+38 -3.4e+38 -3.4e+38 0.552814245223999 0.647241473197937 0.788173258304596 0.799970984458923 0.786686480045319 0.759500920772552 0.788764894008636 0.755239248275757 0.727480530738831 0.677840054035187 0.746108591556549 0.71879369020462 0.688868284225464 0.712035238742828 0.659173488616943 0.567320346832275 0.443077981472015 0.365052789449692 0.348071962594986 0.347891479730606 0.375951498746872 0.442988455295563 0.504440009593964 0.548075556755066 0.571219205856323 0.583987474441528 0.594949007034302 0.612726509571075 0.660445630550385 0.701771140098572 0.829356074333191 0.857020676136017 0.885248363018036 0.888686656951904 0.862804234027863 0.80537360906601 0.840493023395538
-3.4e+38 -3.4e+38 -3.4e+38 -3.4e+38 -3.4e+38 -3.4e+38 -3.4e+38 -3.4e+38 -3.4e+38 -3.4e+38 -3.4e+38 -3.4e+38 0.644689857959747 0.756902515888214 0.647029936313629 0.777268528938293 0.757765829563141 0.760908365249634 0.773727357387543 0.728907525539398 0.695030093193054 0.709448635578156 0.688146233558655 0.712034225463867 0.681184649467468 0.677584886550903 0.680957019329071 0.573870599269867 0.376609802246094 0.306182563304901 0.263197243213654 0.26493239402771 0.281437277793884 0.333499550819397 0.373884320259094 0.416468560695648 0.460473537445068 0.505479335784912 0.537660121917725 0.559586644172668 0.560854434967041 0.600268065929413 0.671700716018677 0.829991221427917 0.859598457813263 0.877278208732605 0.878645539283752 0.870271801948547 0.908353328704834
-3.4e+38 -3.4e+38 -3.4e+38 -3.4e+38 -3.4e+38 -3.4e+38 -3.4e+38 -3.4e+38 -3.4e+38 -3.4e+38 -3.4e+38 -3.4e+38 -3.4e+38 0.730231642723083 0.765471696853638 0.754272639751434 0.732470631599426 0.707194805145264 0.740522265434265 0.736523509025574 0.712643802165985 0.68083792924881 0.632845401763916 0.666473686695099 0.646674275398254 0.641668021678925 0.625435888767242 0.502748489379883 0.353077501058578 0.268161296844482 0.205217137932777 0.207934409379959 0.220549896359444 0.235820919275284 0.277933061122894 0.314283907413483 0.351214855909348 0.37631356716156 0.405953168869019 0.426095068454742 0.428158938884735 0.474547445774078 0.536423981189728 0.589021742343903 0.680662989616394 0.789300084114075 0.869838774204254 0.911391019821167 0.909166038036346
-3.4e+38 -3.4e+38 -3.4e+38 -3.4e+38 -3.4e+38 -3.4e+38 -3.4e+38 -3.4e+38 -3.4e+38 -3.4e+38 -3.4e+38 -3.4e+38 -3.4e+38 -3.4e+38 0.716287612915039 0.719852566719055 0.705639600753784 0.683786749839783 0.747645795345306 0.755583643913269 0.763249814510345 0.697944581508636 0.661133944988251 0.631777465343475 0.589674055576324 0.597392976284027 0.670057773590088 0.562053740024567 0.346533328294754 0.22870098054409 0.177627846598625 0.168955698609352 0.181056261062622 0.196394518017769 0.221185058355331 0.235786929726601 0.26985165476799 0.289691835641861 0.315124034881592 0.331844955682755 0.331618458032608 0.371597170829773 0.440851509571075 0.509326159954071 0.532695651054382 0.730429232120514 0.772934973239899 0.874697864055634 0.899168312549591
-3.4e+38 -3.4e+38 -3.4e+38 -3.4e+38 -3.4e+38 -3.4e+38 -3.4e+38 -3.4e+38 -3.4e+38 -3.4e+38 -3.4e+38 -3.4e+38 -3.4e+38 -3.4e+38 -3.4e+38 -3.4e+38 -3.4e+38 -3.4e+38 0.712641835212708 0.704764723777771 0.723956882953644 0.730367124080658 0.652644991874695 0.644768178462982 0.597615778446198 0.551551222801208 0.682056605815887 0.662537455558777 0.553727030754089 0.269670635461807 0.245501860976219 0.152026996016502 0.149363771080971 0.160634353756905 0.174263194203377 0.199014529585838 0.210987105965614 0.231552451848984 0.257223397493362 0.283236026763916 0.309954762458801 0.333464086055756 0.392721801996231 0.461327016353607 0.533592224121094 0.596279680728912 0.68565309047699 0.84112423658371 0.881988406181335
-3.4e+38 -3.4e+38 -3.4e+38 -3.4e+38 -3.4e+38 -3.4e+38 -3.4e+38 -3.4e+38 -3.4e+38 -3.4e+38 -3.4e+38 -3.4e+38 -3.4e+38 -3.4e+38 -3.4e+38 -3.4e+38 -3.4e+38 -3.4e+38 -3.4e+38 0.714415729045868 0.692249596118927 0.646048843860626 0.672321975231171 0.640196621417999 0.589616000652313 0.478749692440033 0.551544606685638 0.634158253669739 0.685338854789734 0.722525477409363 0.296307593584061 0.167803466320038 0.137911856174469 0.127860426902771 0.157714262604713 0.173929035663605 0.153156563639641 0.20434196293354 0.217700839042664 0.221126988530159 0.25631394982338 0.312273591756821 0.351529896259308 0.430882841348648 0.548938512802124 0.588851690292358 0.646445274353027 0.716514110565186 0.815179705619812
-3.4e+38 -3.4e+38 -3.4e+38 -3.4e+38 -3.4e+38 -3.4e+38 -3.4e+38 -3.4e+38 -3.4e+38 -3.4e+38 -3.4e+38 -3.4e+38 -3.4e+38 -3.4e+38 -3.4e+38 -3.4e+38 -3.4e+38 -3.4e+38 -3.4e+38 0.607070207595825 0.603725373744965 0.549287378787994 0.620321273803711 0.652433812618256 0.619757235050201 0.493234038352966 0.479263305664062 0.596392571926117 0.698635160923004 0.794761717319489 0.336111038923264 0.538489520549774 0.185858547687531 0.142721742391586 0.145816564559937 0.152915433049202 0.13492140173912 0.16914276778698 0.159244939684868 0.207683369517326 0.238389953970909 0.278504461050034 0.324479520320892 0.382425665855408 0.47568291425705 0.590757191181183 0.622300803661346 0.66765958070755 0.749747812747955
-3.4e+38 -3.4e+38 -3.4e+38 -3.4e+38 -3.4e+38 -3.4e+38 -3.4e+38 -3.4e+38 -3.4e+38 -3.4e+38 -3.4e+38 -3.4e+38 -3.4e+38 -3.4e+38 -3.4e+38 -3.4e+38 -3.4e+38 0.302900820970535 0.27074521780014 0.663927316665649 0.630488455295563 0.51343297958374 0.511946558952332 0.531912446022034 0.634308278560638 0.660943746566772 0.531975209712982 0.575592517852783 0.715646922588348 0.611094415187836 0.318889647722244 0.460797041654587 0.264480203390121 0.132597982883453 0.144035130739212 0.134936556220055 0.125361055135727 0.139614894986153 0.161777466535568 0.185736060142517 0.21139794588089 0.243123754858971 0.287438273429871 0.340245962142944 0.410301446914673 0.509691476821899 0.599372327327728 0.624110758304596 0.651801526546478
-3.4e+38 -3.4e+38 -3.4e+38 -3.4e+38 -3.4e+38 -3.4e+38 -3.4e+38 -3.4e+38 -3.4e+38 -3.4e+38 -3.4e+38 -3.4e+38 -3.4e+38 -3.4e+38 -3.4e+38 -3.4e+38 -3.4e+38 0.253271996974945 0.412041574716568 0.713644564151764 0.695019543170929 0.660115718841553 0.621565997600555 0.507665753364563 0.526100635528564 0.623839616775513 0.593707799911499 0.5142862200737 0.680056750774384 0.765904068946838 0.653771877288818 0.567406356334686 0.537771582603455 0.542007863521576 0.310225248336792 0.149023622274399 0.125725939869881 0.129168599843979 0.13072794675827 0.162348210811615 0.187632068991661 0.207750707864761 0.255622714757919 0.288995504379272 0.354276835918427 0.41844230890274 0.494783699512482 0.587153673171997 0.618494808673859
-3.4e+38 -3.4e+38 -3.4e+38 -3.4e+38 -3.4e+38 -3.4e+38 -3.4e+38 -3.4e+38 -3.4e+38 -3.4e+38 -3.4e+38 -3.4e+38 -3.4e+38 -3.4e+38 -3.4e+38 -3.4e+38 -3.4e+38 0.356607586145401 0.691491007804871 0.680194854736328 0.679023563861847 0.635320007801056 0.627883017063141 0.598583698272705 0.473509728908539 0.494644343852997 0.577129065990448 0.470628708600998 0.526164770126343 0.660063087940216 0.78636223077774 0.756619215011597 0.63160502910614 0.723647832870483 0.655069947242737 0.283386468887329 0.157955184578896 0.116946749389172 0.142004355788231 0.150734856724739 0.165961697697639 0.185064673423767 0.210477843880653 0.259615242481232 0.308823585510254 0.365293145179749 0.40723043680191 0.466939955949783 0.536547839641571
-3.4e+38 -3.4e+38 -3.4e+38 -3.4e+38 -3.4e+38 -3.4e+38 -3.4e+38 -3.4e+38 -3.4e+38 -3.4e+38 -3.4e+38 -3.4e+38 -3.4e+38 -3.4e+38 -3.4e+38 -3.4e+38 -3.4e+38 -3.4e+38 0.67836195230484 0.668885171413422 0.661410927772522 0.623193442821503 0.607885241508484 0.616218864917755 0.56483918428421 0.405281454324722 0.402043849229813 0.413240432739258 0.475276470184326 0.549836814403534 0.759499788284302 0.778159916400909 0.80868661403656 0.781244993209839 0.79548442363739 0.593647718429565 0.243771240115166 0.142145171761513 0.142676398158073 0.142480358481407 0.148038253188133 0.15196368098259 0.17629998922348 0.204230085015297 0.252487182617188 0.289929986000061 0.327717632055283 0.383488774299622 0.435484349727631
-3.4e+38 -3.4e+38 -3.4e+38 -3.4e+38 -3.4e+38 -3.4e+38 -3.4e+38 -3.4e+38 -3.4e+38 -3.4e+38 -3.4e+38 -3.4e+38 -3.4e+38 -3.4e+38 -3.4e+38 -3.4e+38 -3.4e+38 -3.4e+38 0.335997998714447 0.670975148677826 0.64941531419754 0.670668423175812 0.651470243930817 0.548789441585541 0.59141594171524 0.464616745710373 0.366820573806763 0.374507457017899 0.428140193223953 0.441017240285873 0.603489100933075 0.786679089069366 0.802278518676758 0.806047201156616 0.809443771839142 0.813762187957764 0.67742645740509 0.190722569823265 0.14637702703476 0.125371053814888 0.12984374165535 0.126749858260155 0.139409393072128 0.178949475288391 0.207241550087929 0.245522290468216 0.277869343757629 0.315146297216415 0.350837349891663
-3.4e+38 -3.4e+38 -3.4e+38 -3.4e+38 -3.4e+38 -3.4e+38 -3.4e+38 -3.4e+38 -3.4e+38 -3.4e+38 -3.4e+38 -3.4e+38 -3.4e+38 -3.4e+38 -3.4e+38 -3.4e+38 -3.4e+38 -3.4e+38 -3.4e+38 0.500409781932831 0.638684689998627 0.627175509929657 0.576545000076294 0.581107497215271 0.617510080337524 0.505391955375671 0.453056871891022 0.330795764923096 0.314886063337326 0.442579656839371 0.475895285606384 0.646290123462677 0.753223836421967 0.77183586359024 0.733799159526825 0.550167918205261 0.261997282505035 0.177726253867149 0.12218102812767 0.104522697627544 0.0987543612718582 0.106569282710552 0.117195695638657 0.149803280830383 0.165552869439125 0.200233802199364 0.231112226843834 0.263251215219498 0.295990616083145
-3.4e+38 -3.4e+38 -3.4e+38 -3.4e+38 -3.4e+38 -3.4e+38 -3.4e+38 -3.4e+38 -3.4e+38 -3.4e+38 -3.4e+38 -3.4e+38 -3.4e+38 -3.4e+38 -3.4e+38 -3.4e+38 -3.4e+38 -3.4e+38 -3.4e+38 -3.4e+38 0.53967148065567 0.619517743587494 0.608159303665161 0.593462228775024 0.592120170593262 0.579329907894135 0.491099238395691 0.371844381093979 0.248557940125465 0.267486453056335 0.412915974855423 0.524426400661469 0.704864740371704 0.752321898937225 0.694137871265411 0.585938155651093 0.227162703871727 0.138149321079254 0.111787475645542 0.088833749294281 0.0813873708248138 0.0848702862858772 0.100476115942001 0.117580153048038 0.130361616611481 0.150299295783043 0.161118641495705 0.200815871357918 0.233245745301247
-3.4e+38 -3.4e+38 -3.4e+38 -3.4e+38 -3.4e+38 -3.4e+38 -3.4e+38 -3.4e+38 -3.4e+38 -3.4e+38 -3.4e+38 -3.4e+38 -3.4e+38 -3.4e+38 -3.4e+38 -3.4e+38 -3.4e+38 -3.4e+38 -3.4e+38 -3.4e+38 -3.4e+38 0.561818301677704 0.648249745368958 0.64149671792984 0.59079247713089 0.521315097808838 0.47405219078064 0.493727594614029 0.438719153404236 0.241453543305397 0.284873962402344 0.470794647932053 0.615616202354431 0.71241158246994 0.769425868988037 0.646859049797058 0.508065640926361 0.312558442354202 0.160554870963097 0.160569712519646 0.104028351604939 0.081415168941021 0.0901547372341156 0.106538593769073 0.118137568235397 0.123362138867378 0.149328365921974 0.16923588514328 0.200964346528053
-3.4e+38 -3.4e+38 -3.4e+38 -3.4e+38 -3.4e+38 -3.4e+38 -3.4e+38 -3.4e+38 -3.4e+38 -3.4e+38 -3.4e+38 -3.4e+38 -3.4e+38 -3.4e+38 -3.4e+38 -3.4e+38 -3.4e+38 -3.4e+38 -3.4e+38 -3.4e+38 -3.4e+38 -3.4e+38 -3.4e+38 0.643484890460968 0.611010849475861 0.48938250541687 0.402863055467606 0.354510068893433 0.464043259620667 0.507447123527527 0.288105905056 0.444061487913132 0.562571942806244 0.614829778671265 0.744919300079346 0.752262353897095 0.801823258399963 0.79670387506485 0.557178318500519 0.205044910311699 0.148136228322983 0.106020584702492 0.0896301567554474 0.106165423989296 0.119633972644806 0.124851204454899 0.137365236878395 0.150158315896988 0.138381436467171
-3.4e+38 -3.4e+38 -3.4e+38 -3.4e+38 -3.4e+38 -3.4e+38 -3.4e+38 -3.4e+38 -3.4e+38 -3.4e+38 -3.4e+38 -3.4e+38 -3.4e+38 -3.4e+38 -3.4e+38 -3.4e+38 -3.4e+38 -3.4e+38 -3.4e+38 -3.4e+38 -3.4e+38 -3.4e+38 -3.4e+38 0.542295455932617 0.623076438903809 0.598840594291687 0.410934954881668 0.394256681203842 0.320725411176682 0.400838494300842 0.335337191820145 0.349812090396881 0.450219124555588 0.564362585544586 0.679275631904602 0.65529328584671 0.622565031051636 0.742614328861237 0.650359988212585 0.27603280544281 0.143065899610519 0.14028537273407 0.107069373130798 0.11665565520525 0.111654631793499 0.118583425879478 0.125869035720825 0.140044003725052 0.133806556463242
-3.4e+38 -3.4e+38 -3.4e+38 -3.4e+38 -3.4e+38 -3.4e+38 -3.4e+38 -3.4e+38 -3.4e+38 -3.4e+38 -3.4e+38 -3.4e+38 -3.4e+38 -3.4e+38 -3.4e+38 -3.4e+38 -3.4e+38 -3.4e+38 -3.4e+38 -3.4e+38 -3.4e+38 -3.4e+38 -3.4e+38 -3.4e+38 0.48417592048645 0.465072751045227 0.507023632526398 0.476838916540146 0.401200979948044 0.397999793291092 0.366517812013626 0.333055704832077 0.343239158391953 0.518380463123322 0.546420633792877 0.677285492420197 0.606540501117706 0.568260610103607 0.686219394207001 0.503312647342682 0.194582358002663 0.163265764713287 0.129849940538406 0.124789401888847 0.131879284977913 0.124775975942612 0.132565885782242 0.116382792592049 0.131511747837067
-3.4e+38 -3.4e+38 -3.4e+38 -3.4e+38 -3.4e+38 -3.4e+38 -3.4e+38 -3.4e+38 -3.4e+38 -3.4e+38 -3.4e+38 -3.4e+38 -3.4e+38 -3.4e+38 -3.4e+38 -3.4e+38 -3.4e+38 -3.4e+38 -3.4e+38 -3.4e+38 -3.4e+38 -3.4e+38 -3.4e+38 -3.4e+38 -3.4e+38 0.0626545622944832 0.183040171861649 0.520478904247284 0.483784377574921 0.38761779665947 0.475664138793945 0.472792357206345 0.315699845552444 0.307865083217621 0.405391007661819 0.57474273443222 0.609697163105011 0.593908846378326 0.67753279209137 0.585452437400818 0.29566553235054 0.212875083088875 0.175153806805611 0.152636468410492 0.142966315150261 0.131457939743996 0.127314224839211 0.102746233344078 0.0998855233192444
-3.4e+38 -3.4e+38 -3.4e+38 -3.4e+38 -3.4e+38 -3.4e+38 -3.4e+38 -3.4e+38 -3.4e+38 -3.4e+38 -3.4e+38 -3.4e+38 -3.4e+38 -3.4e+38 -3.4e+38 -3.4e+38 -3.4e+38 -3.4e+38 -3.4e+38 -3.4e+38 -3.4e+38 -3.4e+38 -3.4e+38 -3.4e+38 -3.4e+38 -3.4e+38 0.0164406467229128 0.0891218259930611 0.473046094179153 0.560058951377869 0.530766367912292 0.605114579200745 0.506759524345398 0.454996526241302 0.537955582141876 0.500941574573517 0.551280498504639 0.64002251625061 0.729831635951996 0.644098579883575 0.49395078420639 0.341208457946777 0.261217921972275 0.20365235209465 0.173199117183685 0.130154073238373 0.136415868997574 0.121732369065285 0.128488659858704
-3.4e+38 -3.4e+38 -3.4e+38 -3.4e+38 -3.4e+38 -3.4e+38 -3.4e+38 -3.4e+38 -3.4e+38 -3.4e+38 -3.4e+38 -3.4e+38 -3.4e+38 -3.4e+38 -3.4e+38 -3.4e+38 -3.4e+38 -3.4e+38 -3.4e+38 -3.4e+38 -3.4e+38 -3.4e+38 -3.4e+38 -3.4e+38 -3.4e+38 -3.4e+38 -3.4e+38 0.0518795438110828 0.133092075586319 0.462888449430466 0.570962846279144 0.518825531005859 0.46023365855217 0.524381935596466 0.526384294033051 0.610332906246185 0.618776381015778 0.599672615528107 0.631845414638519 0.707044899463654 0.66847950220108 0.579269409179688 0.340051501989365 0.256802201271057 0.195050239562988 0.13183131814003 0.14403073489666 0.119232341647148 0.0958295911550522
