data/climate_estimation/maxent_output/Calochortus_monophyllus.asc
NCOLS 63 
NROWS 82 
XLLCORNER -122.333333333333 
YLLCORNER 34.0833333333333 
CELLSIZE 0.0833333333333333 
NODATA_value -3.4e+38 
[rows 40 to 59 of 82, columns 0 to 43 of 63]
0.000250637211138383 0.000398782838601619 0.000349862384609878 0.00029790069675073 0.000525879673659801 0.00401753094047308 0.0147083653137088 0.0494040809571743 0.0654793158173561 0.0911941081285477 0.0680378153920174 0.0485396459698677 0.0223712399601936 0.0169866848737001 0.020715007558465 0.0223053973168135 0.028001481667161 0.0286873374134302 0.0295118801295757 0.0340155512094498 0.0359286554157734 0.0473592020571232 0.0541618540883064 0.0519558042287827 0.0795321464538574 0.187979847192764 0.534040093421936 0.65233314037323 0.706870317459106 0.72452974319458 0.740875065326691 0.667048156261444 0.541675508022308 0.119662053883076 0.0602677799761295 0.0236503295600414 0.058286014944315 0.0919687449932098 0.0275771860033274 0.00417251046746969 0.00159952032845467 0.00105539138894528 0.00163712457288057 0.00220578699372709
0.000851793854963034 0.000522971735335886 0.000314545497531071 0.000185002019861713 0.000271767727099359 0.00265888404101133 0.0170985609292984 0.0493544787168503 0.0613625459372997 0.0881626009941101 0.101625196635723 0.0780709832906723 0.0441096574068069 0.0267852712422609 0.0201301425695419 0.0254561528563499 0.0236554630100727 0.0245902370661497 0.0228919517248869 0.0291222222149372 0.035200122743845 0.0353551581501961 0.0416941940784454 0.0535054877400398 0.0588353499770164 0.101372249424458 0.192335784435272 0.454510092735291 0.466458857059479 0.559213995933533 0.668545663356781 0.741939127445221 0.57470965385437 0.197681367397308 0.123039916157722 0.286980777978897 0.193595871329308 0.317109704017639 0.0267301145941019 0.00330020114779472 0.00243168347515166 0.0014217026764527 0.000896497105713934 0.000856053957249969
0.001717681530863 0.00159787992015481 0.0006947789224796 0.000323173037031665 0.000345958396792412 0.000550379394553602 0.00676980102434754 0.0456777401268482 0.0652517154812813 0.0608068630099297 0.0651313811540604 0.0646641626954079 0.0523683652281761 0.0378091335296631 0.0250107850879431 0.0266716443002224 0.0212672296911478 0.0260380282998085 0.0243235342204571 0.0292900968343019 0.0276834033429623 0.0290347523987293 0.0320163890719414 0.0416842550039291 0.0421112440526485 0.056624636054039 0.0709761828184128 0.157448261976242 0.352851390838623 0.243227154016495 0.410994350910187 0.608254075050354 0.709362328052521 0.541244447231293 0.217320635914803 0.6729376912117 0.555609822273254 0.155461445450783 0.0891357660293579 0.0361394882202148 0.00802222359925508 0.00184944609645754 0.000857274571899325 0.00132976751774549
0.000631788396276534 0.00286654522642493 0.00733189191669226 0.00234511354938149 0.00113111850805581 0.0010190651519224 0.00236285082064569 0.0239833686500788 0.0553047023713589 0.0586426444351673 0.0550669357180595 0.0525246076285839 0.040981762111187 0.031241025775671 0.0240927990525961 0.0232636947184801 0.0231932550668716 0.0180767048150301 0.0229646377265453 0.023168820887804 0.0261097382754087 0.0247969478368759 0.0314096435904503 0.0317893177270889 0.036668062210083 0.0363571681082249 0.0504242070019245 0.0861658900976181 0.0906791165471077 0.120458632707596 0.253076404333115 0.61895740032196 0.678615272045135 0.727983415126801 0.478890031576157 0.577339589595795 0.440418064594269 0.0413694642484188 0.0211809612810612 0.0137753179296851 0.0150646734982729 0.00239813607186079 0.00123132742010057 0.000905662192963064
0.000669327506329864 0.00215569720603526 0.00458936765789986 0.00885298568755388 0.00963846035301685 0.00718828290700912 0.00388769898563623 0.00647304393351078 0.0170098021626472 0.0467090494930744 0.0362344644963741 0.0275226607918739 0.0346078164875507 0.031867578625679 0.0225689318031073 0.0222678370773792 0.0214050896465778 0.0169836282730103 0.0167035106569529 0.01962486281991 0.0238307155668736 0.023416256532073 0.0249155256897211 0.0251507498323917 0.0267315469682217 0.0336898751556873 0.0326854959130287 0.0385554768145084 0.0494128093123436 0.0924841687083244 0.135515853762627 0.367415189743042 0.400040030479431 0.518829047679901 0.618670582771301 0.670839905738831 0.605701804161072 0.144462928175926 0.0338107906281948 0.00963540188968182 0.00707536656409502 0.00525064114481211 0.00244794227182865 0.00123858265578747
0.000382730009732768 0.00141852628439665 0.00245324242860079 0.00383245060220361 0.00807695370167494 0.02068473957479 0.0154318101704121 0.00493193278089166 0.00377350463531911 0.0179221220314503 0.028403764590621 0.0211601294577122 0.0206520948559046 0.0302756950259209 0.0198264233767986 0.0191778540611267 0.0213227402418852 0.0153099037706852 0.0159708373248577 0.0150879705324769 0.0168843064457178 0.0194136425852776 0.0207777358591557 0.0201798994094133 0.021382687613368 0.0233781207352877 0.0234438925981522 0.0301568321883678 0.0320770405232906 0.0404964424669743 0.0924940034747124 0.124058626592159 0.200871974229813 0.212679073214531 0.395568788051605 0.653373122215271 0.459499567747116 0.170120567083359 0.0710170045495033 0.0146955568343401 0.0204716976732016 0.00922924559563398 0.00235066469758749 0.00149621593300253
0.000231598023674451 0.000518086308147758 0.00128548836801201 0.00136263167951256 0.00192909315228462 0.0061212913133204 0.00906979572027922 0.00694247661158442 0.00195288518443704 0.00294405454769731 0.00880555249750614 0.0109114516526461 0.0116904340684414 0.0162702780216932 0.0136738009750843 0.0180463325232267 0.0154438503086567 0.0132630076259375 0.0148678803816438 0.0150730283930898 0.0182831920683384 0.0145848542451859 0.0155111588537693 0.0176376979798079 0.0179485734552145 0.0191032886505127 0.0208687614649534 0.0222496278584003 0.023370461538434 0.0318919122219086 0.0396276898682117 0.0496047101914883 0.0852536782622337 0.149061098694801 0.44622939825058 0.65432471036911 0.708370923995972 0.677321135997772 0.306395083665848 0.0793554708361626 0.0751208886504173 0.0104926228523254 0.00424566492438316 0.00236137816682458
-3.4e+38 0.000218588436837308 0.000382454280043021 0.000412884954130277 0.000445705867605284 0.000557263672817498 0.000309248804114759 0.000931395567022264 0.00310892518609762 0.00109121389687061 0.00106486049480736 0.00213587400503457 0.00996760558336973 0.0269133988767862 0.0133873345330358 0.0110581796616316 0.0134066790342331 0.0149569073691964 0.0141295976936817 0.0146008310839534 0.0135604934766889 0.0153436744585633 0.0125532913953066 0.0140965124592185 0.0155082689598203 0.0166237782686949 0.0166979935020208 0.0178862754255533 0.0200910810381174 0.0240511614829302 0.028092797845602 0.0268989279866219 0.0529813691973686 0.0723526850342751 0.16451171040535 0.3345105946064 0.430385142564774 0.536814868450165 0.59728217124939 0.265102684497833 0.140755459666252 0.0240829847753048 0.0365862846374512 0.016622694209218
-3.4e+38 -3.4e+38 -3.4e+38 -3.4e+38 -3.4e+38 0.000132800749270245 8.14879167592153e-05 0.000113559639430605 0.000305523019051179 0.000382896047085524 0.00045099452836439 0.000652086164336652 0.00407900754362345 0.0246248431503773 0.0228781588375568 0.0163290500640869 0.0129482559859753 0.0148833598941565 0.0136972013860941 0.0145083153620362 0.0122984992340207 0.0143920136615634 0.0128338495269418 0.0139976739883423 0.0120406160131097 0.012767257168889 0.0135896634310484 0.0145451975986362 0.0154153946787119 0.019466632977128 0.0210869945585728 0.026289040222764 0.0286503471434116 0.0398554168641567 0.111779607832432 0.205715849995613 0.196235477924347 0.416186898946762 0.394761234521866 0.483853697776794 0.510436356067657 0.336761951446533 0.183021426200867 0.0123396720737219
-3.4e+38 -3.4e+38 -3.4e+38 -3.4e+38 -3.4e+38 -3.4e+38 3.04743189190049e-05 4.48488717665896e-05 9.50617177295499e-05 0.000820511253550649 0.00140981888398528 0.00059640477411449 0.00147668237332255 0.00838648248463869 0.0224133189767599 0.0317101441323757 0.0487412139773369 0.0164288077503443 0.0123297264799476 0.0137393111363053 0.0140823861584067 0.0127704329788685 0.0119384238496423 0.0135340252891183 0.0120464116334915 0.0129680065438151 0.0139655778184533 0.0147594641894102 0.0155043946579099 0.0172673892229795 0.0177216045558453 0.0233983770012856 0.0269976537674665 0.0308021306991577 0.0436362251639366 0.0828354358673096 0.198988676071167 0.363526195287704 0.525257110595703 0.585991442203522 0.491247147321701 0.532277584075928 0.351024210453033 0.194457471370697
-3.4e+38 -3.4e+38 -3.4e+38 -3.4e+38 -3.4e+38 -3.4e+38 1.26237528093043e-05 1.27052626339719e-05 2.2923995857127e-05 0.000203514020540752 0.00704763410612941 0.00354859163053334 0.000962623511441052 0.00343368761241436 0.0158985480666161 0.0359792858362198 0.060451939702034 0.0146952196955681 0.0297786928713322 0.0159996021538973 0.0111999940127134 0.0106945680454373 0.0101811178028584 0.0124521190300584 0.0114205656573176 0.0127399256452918 0.0106278490275145 0.0111153479665518 0.0122172934934497 0.0119836535304785 0.013494267128408 0.0182622279971838 0.0216153599321842 0.0279214065521955 0.0309369284659624 0.0545707307755947 0.128798425197601 0.263717025518417 0.421986877918243 0.529635071754456 0.535437047481537 0.239998981356621 0.0816455334424973 0.0274340845644474
-3.4e+38 -3.4e+38 -3.4e+38 -3.4e+38 1.73992411873769e-05 8.26489667815622e-06 1.95252523553791e-05 1.46279171531205e-05 1.26328786791419e-05 2.76950850093272e-05 0.000211275459150784 0.00537944259122014 0.0079029081389308 0.0036113120149821 0.0111535638570786 0.0335608385503292 0.0222833044826984 0.0111245671287179 0.0191555786877871 0.0157567728310823 0.0139455888420343 0.00999897811561823 0.0120791988447309 0.0121981343254447 0.0112760150805116 0.00920980516821146 0.0105290729552507 0.0119264982640743 0.0118604870513082 0.0123859625309706 0.0139932120218873 0.0133330058306456 0.0186313427984715 0.0235630739480257 0.0249640271067619 0.0300649758428335 0.0439245402812958 0.157513186335564 0.312746167182922 0.419855833053589 0.403233557939529 0.553421318531036 0.215248733758926 0.0316042527556419
-3.4e+38 -3.4e+38 -3.4e+38 -3.4e+38 2.08114997803932e-05 3.25207438436337e-05 5.01847680425271e-05 0.000113765214337036 0.000953776587266475 5.91671705478802e-05 4.27251907240134e-05 0.000427403079811484 0.00601486023515463 0.00585707183927298 0.00602846452966332 0.0222437251359224 0.0426081381738186 0.0263271015137434 0.0229042079299688 0.0264854580163956 0.02571184001863 0.0173935033380985 0.0129595566540956 0.0120172863826156 0.0116344019770622 0.0113675184547901 0.00902479700744152 0.0109366467222571 0.0116342967376113 0.0114950872957706 0.0122169628739357 0.0125202229246497 0.0144423115998507 0.0192631017416716 0.0219224039465189 0.0293414872139692 0.0283724404871464 0.0568083338439465 0.134143978357315 0.2862928211689 0.339740395545959 0.271495819091797 0.341147840023041 0.31307515501976
-3.4e+38 -3.4e+38 -3.4e+38 -3.4e+38 5.31161786057055e-05 0.00032300956081599 0.000474089756608009 0.00015832313511055 0.000664187246002257 0.00308927241712809 9.61833138717338e-05 6.02209001954179e-05 0.000646453292574733 0.00413013203069568 0.00365918292663991 0.00661084614694118 0.0186714213341475 0.0616757199168205 0.054862167686224 0.0339982137084007 0.0720848590135574 0.0390639714896679 0.0151164652779698 0.00998902041465044 0.0119514791294932 0.00986691005527973 0.0081101581454277 0.0094204917550087 0.0106615461409092 0.010640793479979 0.0121356239542365 0.0129701504483819 0.013736754655838 0.0153085617348552 0.0164741389453411 0.0191919524222612 0.0257766842842102 0.032357819378376 0.0524935498833656 0.122675068676472 0.234893277287483 0.182358652353287 0.285597532987595 0.277033537626266
-3.4e+38 -3.4e+38 -3.4e+38 -3.4e+38 -3.4e+38 0.00019742465519812 0.00132224999833852 0.00133989483583719 0.00100141682196409 0.00274439342319965 0.00562332663685083 0.000256882951362059 8.3204111433588e-05 0.00028020900208503 0.00105462782084942 0.00385292759165168 0.00832080096006393 0.0407841131091118 0.0677070543169975 0.169916152954102 0.22228479385376 0.0930983945727348 0.0274856761097908 0.0118640149012208 0.0103356931358576 0.00907749775797129 0.00886084139347076 0.00775602599605918 0.00851680338382721 0.00977436080574989 0.00783234089612961 0.00889355316758156 0.00988970883190632 0.011919692158699 0.0137592041864991 0.0190982669591904 0.0203003901988268 0.0248062144964933 0.0382546335458755 0.0520560368895531 0.140803724527359 0.195799246430397 0.31586018204689 0.199122846126556
-3.4e+38 -3.4e+38 -3.4e+38 -3.4e+38 -3.4e+38 7.24735073163174e-05 0.000358416378730908 0.00134648894891143 0.00423232465982437 0.00514666829258204 0.000613810436334461 0.000617079553194344 0.00013372530520428 0.000140320727950893 0.000381006946554407 0.00138121726922691 0.00300518819130957 0.0113661019131541 0.0682414099574089 0.101538501679897 0.108953066170216 0.124829761683941 0.145767509937286 0.0376607812941074 0.0106794070452452 0.0085782241076231 0.00852462183684111 0.00790769327431917 0.00633583310991526 0.00812824722379446 0.00939634442329407 0.00825057830661535 0.00996324419975281 0.0110593494027853 0.0132764605805278 0.0137495854869485 0.018766175955534 0.0198054742068052 0.0297449007630348 0.0478231534361839 0.097224734723568 0.254991948604584 0.32392543554306 0.24005326628685
-3.4e+38 -3.4e+38 -3.4e+38 -3.4e+38 -3.4e+38 -3.4e+38 0.00012492919631768 0.000519802852068096 0.0019309320487082 0.00106526969466358 0.00106654828414321 0.00176809646654874 0.000403756450396031 0.000359896395821124 0.000150412655784748 0.000541974033694714 0.00197203550487757 0.00474409759044647 0.0177068039774895 0.0537701547145844 0.0700135007500648 0.0613346695899963 0.0220165904611349 0.0121688991785049 0.00910332333296537 0.0071583017706871 0.00824207626283169 0.00778974918648601 0.00794733688235283 0.00694226752966642 0.00823221076279879 0.00741093838587403 0.00978050474077463 0.010129882954061 0.0130611220374703 0.0138522945344448 0.0153644699603319 0.0202960278838873 0.019866531714797 0.0352174900472164 0.062166802585125 0.119954958558083 0.113914258778095 0.280404657125473
-3.4e+38 -3.4e+38 -3.4e+38 -3.4e+38 -3.4e+38 -3.4e+38 -3.4e+38 7.9423603892792e-05 0.000451959145721048 0.00162560469470918 0.00234623230062425 0.00271172728389502 0.00125790759921074 0.000557909370400012 0.000206597207579762 0.000229232289711945 0.000598896527662873 0.00182620319537818 0.006782750133425 0.0273836329579353 0.051274236291647 0.0523882210254669 0.0297543816268444 0.0110811777412891 0.00838989857584238 0.00675945216789842 0.00598234590142965 0.00523279141634703 0.00844231154769659 0.00804574508219957 0.00687566539272666 0.00616771075874567 0.00806394778192043 0.010548822581768 0.0119402501732111 0.0132501954212785 0.0139735555276275 0.0177296120673418 0.0184789560735226 0.0217452235519886 0.0296003874391317 0.0401946157217026 0.0671862885355949 0.264459669589996
-3.4e+38 -3.4e+38 -3.4e+38 -3.4e+38 -3.4e+38 -3.4e+38 -3.4e+38 -3.4e+38 2.33033133554272e-05 0.000342738378094509 0.00124771089758724 0.000513260543812066 0.000239380373386666 0.000267586961854249 0.00074047822272405 0.000493236584588885 0.00040007647476159 0.000908265064936131 0.00343710370361805 0.0154534988105297 0.0348566025495529 0.066413402557373 0.0402244254946709 0.0179398935288191 0.0125263994559646 0.00842399057000875 0.0102367494255304 0.00730264279991388 0.00554711744189262 0.00525364652276039 0.00754287000745535 0.0067805852741003 0.00631848536431789 0.0079774335026741 0.0100175980478525 0.0111469542607665 0.0125256115570664 0.012797474861145 0.0164987631142139 0.0198356788605452 0.0214956160634756 0.0307859256863594 0.0626597627997398 0.135155647993088
-3.4e+38 -3.4e+38 -3.4e+38 -3.4e+38 -3.4e+38 -3.4e+38 -3.4e+38 -3.4e+38 -3.4e+38 -3.4e+38 0.000188103513210081 0.000467408681288362 0.000113190893898718 7.63700227253139e-05 0.000131082109874114 0.000550823751837015 0.00111097074113786 0.000662180944345891 0.00207916251383722 0.0082651674747467 0.0169316977262497 0.0489833243191242 0.0582641996443272 0.118826106190681 0.103844694793224 0.0245700627565384 0.0107459705322981 0.00890494603663683 0.00662649422883987 0.00533215794712305 0.00761900516226888 0.00798568874597549 0.00684288889169693 0.00622889678925276 0.00911636091768742 0.0106126125901937 0.0111391581594944 0.0123378019779921 0.0148571170866489 0.0146486628800631 0.0196658652275801 0.0293717104941607 0.0626463890075684 0.212424844503403
