data/climate_estimation/maxent_output/Calochortus_tolmiei.asc
NCOLS 88 
NROWS 108 
XLLCORNER -124.5 
YLLCORNER 36.75 
CELLSIZE 0.0833333333333333 
NODATA_value -3.4e+38 
[rows 0 to 19 of 108, columns 43 to 85 of 88]
0.101277984678745 0.0450916104018688 0.0298240669071674 0.0212798379361629 0.0143606243655086 0.011215390637517 0.00920054689049721 0.00798436440527439 0.00639121234416962 0.00626383814960718 0.005200554151088 0.00500973640009761 0.00478223571553826 0.00475590024143457 0.00452921679243445 0.0043277395889163 0.00487537728622556 0.00555692054331303 0.00527214352041483 0.00507608195766807 0.00542988069355488 0.00512087112292647 0.0052269734442234 0.00552412262186408 0.00497129047289491 0.00601057009771466 0.00666532060131431 0.00872422102838755 0.013404481112957 0.0278398171067238 0.0662951245903969 0.184176385402679 0.197715476155281 0.16871777176857 0.121362060308456 0.10590124130249 0.060285285115242 0.0367651544511318 0.0267335008829832 0.0152974035590887 0.00904703140258789 0.006138626486063 0.00489590596407652
0.0269777197390795 0.0319015048444271 0.0253180209547281 0.0266534928232431 0.0150912664830685 0.0108199333772063 0.010365879163146 0.00801845639944077 0.00685714185237885 0.0059317434206605 0.00565566821023822 0.00521508976817131 0.00482758833095431 0.00540887704119086 0.00523367337882519 0.00518362363800406 0.00537282507866621 0.00544813135638833 0.00559417949989438 0.00673273112624884 0.00547637464478612 0.00653068674728274 0.00603327015414834 0.00555538246408105 0.00420777965337038 0.00451633706688881 0.00555357383564115 0.0151642467826605 0.0721103325486183 0.125829562544823 0.105683259665966 0.241206184029579 0.190980106592178 0.167645514011383 0.133567541837692 0.0731087103486061 0.0413849428296089 0.0261597819626331 0.014539428986609 0.00907581020146608 0.00410840334370732 0.00325678684748709 0.00317315827123821
0.0322183258831501 0.0295036472380161 0.0250808093696833 0.0168851688504219 0.0158303715288639 0.0111555531620979 0.00742088304832578 0.00725031970068812 0.00673559075221419 0.00675007095560431 0.00656764814630151 0.00620202301070094 0.00558769470080733 0.00631291372701526 0.00608290592208505 0.00582548882812262 0.00662904977798462 0.00788156501948833 0.00864377431571484 0.00810444634407759 0.00926726125180721 0.0106957079842687 0.0110344290733337 0.00949236191809177 0.00580335129052401 0.00443931901827455 0.00751657085493207 0.0342797785997391 0.0897978618741035 0.270498633384705 0.302044838666916 0.19172865152359 0.187647700309753 0.133968189358711 0.0619193688035011 0.0377499274909496 0.0254581607878208 0.0199604835361242 0.0112425209954381 0.00923462398350239 0.00379300001077354 0.00179497338831425 0.00151140452362597
0.0361603200435638 0.0316485725343227 0.0183282755315304 0.0150682097300887 0.0128749115392566 0.00905152689665556 0.0091615729033947 0.00767773482948542 0.00872195698320866 0.00778169929981232 0.00649930723011494 0.00608564261347055 0.00651311781257391 0.00656544230878353 0.00646839756518602 0.00920920260250568 0.0109588662162423 0.0133611466735601 0.0121716558933258 0.0140475202351809 0.0139375999569893 0.0116027006879449 0.0133281229063869 0.0111308582127094 0.00708752078935504 0.00900899060070515 0.0304705183953047 0.0353990159928799 0.0767891332507133 0.259946793317795 0.258323758840561 0.177703589200974 0.177883595228195 0.122814759612083 0.0280429758131504 0.0151648260653019 0.0246128179132938 0.0189392380416393 0.0121844904497266 0.0128197642043233 0.00832378026098013 0.00402861880138516 0.00146195816341788
0.0187789630144835 0.0218364149332047 0.016153397038579 0.0137026030570269 0.00855004228651524 0.00922331027686596 0.0131800696253777 0.0100044840946794 0.0114437881857157 0.0103446375578642 0.00798947550356388 0.00728111388161778 0.00826960243284702 0.00847120210528374 0.00907845515757799 0.00956145953387022 0.0109215835109353 0.0124751348048449 0.0156169356778264 0.0123580265790224 0.0133760701864958 0.0125207705423236 0.0128480428829789 0.0132837723940611 0.0143919149413705 0.0318373627960682 0.049015685915947 0.121357873082161 0.151126697659492 0.194253131747246 0.210025295615196 0.104633800685406 0.0828028097748756 0.0560310445725918 0.0118607440963387 0.00695082265883684 0.00731025170534849 0.0142288198694587 0.0169224981218576 0.00920720025897026 0.0135401608422399 0.0122320437803864 0.00994180608540773
0.0197393521666527 0.0168806631118059 0.0124194957315922 0.0102999415248632 0.00672236131504178 0.00960164051502943 0.01284200232476 0.0146657479926944 0.0138469655066729 0.0113508170470595 0.00938273593783379 0.00974601879715919 0.00981078669428825 0.0106350416317582 0.0092731760814786 0.0114635033532977 0.0124943479895592 0.0126737533137202 0.0141819901764393 0.0141518823802471 0.0147119630128145 0.0140433739870787 0.0138081219047308 0.0240797381848097 0.0374404862523079 0.0730003193020821 0.0889143049716949 0.104160636663437 0.102942362427711 0.0947992876172066 0.079121969640255 0.0479533225297928 0.0421626642346382 0.0439211390912533 0.00804430153220892 0.00435265153646469 0.00334511557593942 0.00482816388830543 0.0178871396929026 0.0132183395326138 0.00943391211330891 0.0179183874279261 0.015326289460063
0.0142791029065847 0.0115425800904632 0.00940703321248293 0.00918552745133638 0.00679393718019128 0.00802538450807333 0.0110040018334985 0.0134656801819801 0.0110723376274109 0.0110491001978517 0.0116517981514335 0.009585777297616 0.0110899722203612 0.0113530019298196 0.0117162419483066 0.011977095156908 0.0116092758253217 0.0116179576143622 0.0176962986588478 0.0223643612116575 0.0241963285952806 0.0226319897919893 0.0193501617759466 0.0130439177155495 0.0210561528801918 0.0414811260998249 0.0564003065228462 0.0642125383019447 0.0873872116208076 0.0625813007354736 0.0592613816261292 0.0790257677435875 0.0610685423016548 0.0509465709328651 0.0175936631858349 0.00872504431754351 0.00364844757132232 0.00296196504496038 0.0079479031264782 0.0152069814503193 0.015225175768137 0.0136512173339725 0.017557280138135
0.0157757978886366 0.0129252960905433 0.0100882677361369 0.00764223095029593 0.00702803488820791 0.00510730966925621 0.0117554105818272 0.0104816053062677 0.0102471327409148 0.0113763334229589 0.0136627024039626 0.0135514037683606 0.0124684143811464 0.013120130635798 0.0122282896190882 0.0124965980648994 0.0130539266392589 0.0134746227413416 0.0160966850817204 0.0212998371571302 0.019961891695857 0.0188727509230375 0.0145408045500517 0.00795109756290913 0.0112224686890841 0.0225564073771238 0.0395051948726177 0.0588317289948463 0.0591122284531593 0.0623909644782543 0.0555744096636772 0.0602230429649353 0.0513853877782822 0.0400406531989574 0.0230976324528456 0.00513799721375108 0.00371908815577626 0.00461127376183867 0.0033995914272964 0.00492932507768273 0.0109871327877045 0.0160014368593693 0.0129202120006084
0.0292648524045944 0.0303049720823765 0.0172162838280201 0.0131756532937288 0.0122521193698049 0.00677658850327134 0.010877120308578 0.0113798091188073 0.0114404018968344 0.0130608957260847 0.0135261472314596 0.0151386465877295 0.0122350780293345 0.0151996007189155 0.0124177820980549 0.0116335740312934 0.0109888529404998 0.00920767616480589 0.00985884945839643 0.0103212725371122 0.0111757786944509 0.0104051008820534 0.00872812885791063 0.00744069740176201 0.0119280694052577 0.0213635079562664 0.0341269560158253 0.0469811819493771 0.0540179051458836 0.045504953712225 0.0443207360804081 0.0453542694449425 0.0413522347807884 0.0234713871032 0.00741353910416365 0.00309978611767292 0.00207722629420459 0.00216047838330269 0.00289522064849734 0.00281374808400869 0.00551051320508122 0.00609468575567007 0.00774236675351858
0.0290223397314548 0.0271396189928055 0.0209885444492102 0.0220450889319181 0.00963920913636684 0.00591443479061127 0.0114643219858408 0.0155819598585367 0.0127512840554118 0.0123107759281993 0.0144656766206026 0.0147024700418115 0.0131344171240926 0.0111749740317464 0.0103696323931217 0.00812992732971907 0.00721419975161552 0.00648017367348075 0.00608710804954171 0.00581038370728493 0.00508784921839833 0.00675301160663366 0.00798794720321894 0.00628745788708329 0.00985220819711685 0.0170671697705984 0.0202942322939634 0.0277807228267193 0.0416764952242374 0.0380763746798038 0.0398383885622025 0.0406370274722576 0.03821736946702 0.0209653060883284 0.00534652313217521 0.00249834917485714 0.0019411186221987 0.00189725880045444 0.00163009366951883 0.0015693330205977 0.00293669104576111 0.00344048766419291 0.0031696199439466
0.0147439232096076 0.0119678843766451 0.01549515966326 0.0219033807516098 0.00879617314785719 0.00351244630292058 0.00561731029301882 0.00843163393437862 0.0120420567691326 0.0112262004986405 0.00745520880445838 0.00659514265134931 0.00674245459958911 0.00540984189137816 0.00610194820910692 0.00819746404886246 0.00657643051818013 0.00539913028478622 0.00560134975239635 0.00515689700841904 0.00465508503839374 0.00450043939054012 0.00508800707757473 0.00815139431506395 0.01360565982759 0.0180701315402985 0.0260085351765156 0.0253700241446495 0.023132186383009 0.027267312631011 0.0279694981873035 0.0308897625654936 0.031611792743206 0.0272003058344126 0.00964922085404396 0.00197821902111173 0.00154195644427091 0.00144109246321023 0.00134824425913393 0.00126822118181735 0.00153576233424246 0.00213888473808765 0.00274181202985346
0.0111631043255329 0.0129481442272663 0.0152616873383522 0.0139034949243069 0.007084337528795 0.0051337038166821 0.00371326180174947 0.00737831462174654 0.00449803052470088 0.00767040066421032 0.00474566547200084 0.00492103863507509 0.00592478131875396 0.00511150062084198 0.00469565484672785 0.00456163706257939 0.00348491873592138 0.00428101141005754 0.00476478924974799 0.00478546880185604 0.00464843492954969 0.00432535354048014 0.0049951309338212 0.00499668717384338 0.00590335484594107 0.0150645915418863 0.0234935786575079 0.0274026561528444 0.0246949773281813 0.0193273890763521 0.0185523517429829 0.0212630741298199 0.0146270841360092 0.0181698128581047 0.0168283693492413 0.00403629522770643 0.00153721100650728 0.00137548719067127 0.00164047442376614 0.00138953432906419 0.00175449415110052 0.00198550359345973 0.00320829125121236
0.0118668414652348 0.0155883952975273 0.0120306788012385 0.0186249632388353 0.0101541802287102 0.00729536125436425 0.00719000957906246 0.0029492296744138 0.00639264192432165 0.00582478428259492 0.00593269197270274 0.00818254891782999 0.00686230463907123 0.00710788136348128 0.00549481576308608 0.00490628043189645 0.00583823770284653 0.00425715884193778 0.00467332964763045 0.00536436308175325 0.00589725328609347 0.00469028810039163 0.00523721380159259 0.00743259629234672 0.00779241183772683 0.00677555985748768 0.0138362720608711 0.0208951905369759 0.0241019688546658 0.018156573176384 0.0131697645410895 0.00981718674302101 0.00839920621365309 0.00500767026096582 0.00495873112231493 0.00478677032515407 0.00185696652624756 0.00158903747797012 0.00229493016377091 0.00221612374298275 0.00208565359935164 0.00286978133954108 0.00552932312712073
0.0102836964651942 0.0209602098912001 0.0121934898197651 0.0131943998858333 0.0221227742731571 0.0138717414811254 0.00847866572439671 0.00497796898707747 0.00416814815253019 0.00683349650353193 0.00950876157730818 0.00819558463990688 0.00581543426960707 0.00701313326135278 0.00526250433176756 0.00373179209418595 0.00668627163395286 0.00650895014405251 0.00386795098893344 0.00466929888352752 0.00429648160934448 0.0056652189232409 0.00929098669439554 0.00865201745182276 0.00770787708461285 0.00775581458583474 0.00978535320609808 0.00905656721442938 0.00946045201271772 0.0093437684699893 0.00991910230368376 0.00662383530288935 0.00591743970289826 0.00677317939698696 0.00547492457553744 0.00448543531820178 0.00305819069035351 0.0041032787412405 0.00384310446679592 0.00341520132496953 0.00230264780111611 0.00196936842985451 0.00380780966952443
0.0126756308600307 0.0282731782644987 0.0194341763854027 0.017445495352149 0.0255559906363487 0.0162331610918045 0.010850602760911 0.00802839267998934 0.00659857224673033 0.00533699430525303 0.00753969699144363 0.00548076210543513 0.00498053804039955 0.00421421462669969 0.00352874910458922 0.00344679411500692 0.0037617115303874 0.00410693185403943 0.00478839874267578 0.00521329417824745 0.00523941358551383 0.00594749813899398 0.0045176730491221 0.00545842433348298 0.00641293497756124 0.00714805442839861 0.00768481334671378 0.0100691765546799 0.00857500452548265 0.00798291806131601 0.00720828352496028 0.00509246811270714 0.0027478220872581 0.00277598667889833 0.0025388968642801 0.00303916097618639 0.00368244736455381 0.00301444251090288 0.00274015800096095 0.002996482886374 0.00296665448695421 0.00276405457407236 0.002685506362468
0.0100473575294018 0.00883760303258896 0.0136715266853571 0.0170520730316639 0.0200725924223661 0.0160257909446955 0.0163553897291422 0.0168165434151888 0.0207672193646431 0.0121871149167418 0.0125762615352869 0.00861435383558273 0.00700250174850225 0.00404358748346567 0.00342613505199552 0.00342851621098816 0.0028860445600003 0.00306866178289056 0.00309080979786813 0.00276244874112308 0.00295632285997272 0.00269000930711627 0.00287462980486453 0.00299615669064224 0.00290419813245535 0.00326761021278799 0.00353631167672575 0.00421995995566249 0.00688830949366093 0.0091447988525033 0.00856199860572815 0.00434192409738898 0.00183734612073749 0.00175009830854833 0.00234280503354967 0.00292258919216692 0.0031370494980365 0.00208419980481267 0.0026119442190975 0.00447231763973832 0.00407720217481256 0.00310411839745939 0.00329115148633718
0.00359481712803245 0.00442148093134165 0.00665520550683141 0.00774858193472028 0.00918901059776545 0.00985224917531013 0.0141202192753553 0.0111779179424047 0.00801781099289656 0.0079438891261816 0.00887747388333082 0.00747441966086626 0.00849511474370956 0.00833446159958839 0.00712614273652434 0.00383708556182683 0.00285068177618086 0.00460710888728499 0.00433041527867317 0.00309826293960214 0.00324979447759688 0.00264460477046669 0.00232024164870381 0.00237386766821146 0.00393326580524445 0.00385837606154382 0.00383254862390459 0.00387685862369835 0.00454947678372264 0.0091678099706769 0.00810760352760553 0.00567424297332764 0.00385161535814404 0.00227801431901753 0.00353409862145782 0.00263575790449977 0.00181807111948729 0.0017358479090035 0.00171443598810583 0.00198402837850153 0.0030892277136445 0.00362704787403345 0.00371404923498631
0.0033903019502759 0.00348630733788013 0.00439098011702299 0.00446887826547027 0.00741273676976562 0.00871364399790764 0.0151774808764458 0.0113899214193225 0.00712743634358048 0.0058681876398623 0.00462664430961013 0.00496397633105516 0.00452549429610372 0.00414564367383718 0.00455110752955079 0.00341685395687819 0.00253377459011972 0.00249510398134589 0.00294965854845941 0.00337102427147329 0.00397763401269913 0.0045839250087738 0.00314237829297781 0.00242402497678995 0.00461812876164913 0.00769557058811188 0.0116375554352999 0.0110781947150826 0.00782676786184311 0.0101152062416077 0.00633411714807153 0.00746762147173285 0.00525724282488227 0.00448358710855246 0.00247910572215915 0.00209159660153091 0.00210679485462606 0.00204751593992114 0.0021661464124918 0.0021402589045465 0.00158163974992931 0.00261564180254936 0.00264821061864495
0.00281206588260829 0.00366416247561574 0.00553434621542692 0.00455112988129258 0.00495347892865539 0.00571069028228521 0.00633075786754489 0.00714936386793852 0.00596885243430734 0.00373242306523025 0.00269157718867064 0.00246731913648546 0.0022961248178035 0.00227296422235668 0.00240343785844743 0.00278666149824858 0.00234796805307269 0.00251205102540553 0.0029578770045191 0.0037259531673044 0.00315634766593575 0.00239185290411115 0.00205066986382008 0.00235180859453976 0.0024905507452786 0.00354795809835196 0.00493396678939462 0.00436094775795937 0.00542893633246422 0.00672284746542573 0.00464599207043648 0.00442995317280293 0.00297573045827448 0.00414909608662128 0.00328108319081366 0.00281592761166394 0.00250889523886144 0.00315901916474104 0.00315814861096442 0.00239610322751105 0.0012244947720319 0.00119810702744871 0.00141875399276614
0.00297215790487826 0.00302196969278157 0.00295054656453431 0.0038210554048419 0.00348573829978704 0.00340340193361044 0.00302671804092824 0.00328297866508365 0.00292367092333734 0.00251596886664629 0.00237517221830785 0.00209205877035856 0.00199883314780891 0.00204687868244946 0.00235082185827196 0.00318710622377694 0.00254243076778948 0.00253921444527805 0.00301436078734696 0.00302982702851295 0.00395276630297303 0.0033797116484493 0.00227688811719418 0.00213532126508653 0.00242867600172758 0.00333342398516834 0.00349022867158055 0.00331022264435887 0.00426543597131968 0.00388621585443616 0.00336236413568258 0.0030640410259366 0.00283174030482769 0.00342133059166372 0.00281565892510116 0.00242546922527254 0.00173626991454512 0.0026216278783977 0.00299271661788225 0.00342568336054683 0.00236487132497132 0.0011708764359355 0.000912999093998224
