data/climate_estimation/maxent_output/Calochortus_minimus.asc
NCOLS 37 
NROWS 56 
XLLCORNER -121.5 
YLLCORNER 35.8333333333333 
CELLSIZE 0.0833333333333332 
NODATA_value -3.4e+38 
[rows 22 to 43 of 56, columns 0 to 36 of 37]
0.0156866852194071 0.0186643917113543 0.0206610970199108 0.0217998363077641 0.027247991412878 0.0436274968087673 0.129487589001656 0.135899901390076 0.135466739535332 0.241223111748695 0.31761708855629 0.60984218120575 0.793339908123016 0.864878356456757 0.90043431520462 0.869018077850342 0.841834783554077 0.752225697040558 0.710368812084198 0.713357031345367 0.554091691970825 0.245308801531792 0.154391720890999 0.0128391850739717 0.00271189794875681 0.0101643037050962 0.00408406322821975 0.00221677054651082 0.00702758645638824 0.000180146074853837 6.34285097476095e-05 0.000234555118368007 0.00020501836843323 1.85924072866328e-05 1.49428624354186e-05 5.18823981110472e-06 7.38632661523297e-06
0.0135979568585753 0.0159685760736465 0.0188395380973816 0.0199209172278643 0.0207672994583845 0.0299966372549534 0.0855553075671196 0.10876426845789 0.12652850151062 0.295397967100143 0.373619467020035 0.593634009361267 0.770897090435028 0.835917532444 0.893470942974091 0.883511483669281 0.867565989494324 0.888035774230957 0.825653553009033 0.716081619262695 0.621508896350861 0.537108421325684 0.235310196876526 0.0778625085949898 0.00942241959273815 0.0524330325424671 0.0351179875433445 0.00452562095597386 0.0141621101647615 0.000758440233767033 0.000123070218251087 0.000334907177602872 0.00633589643985033 6.11091018072329e-05 1.08231524791336e-05 9.00516988622257e-06 8.33849298942368e-07
0.0134684899821877 0.0149829229339957 0.0161635652184486 0.0163971036672592 0.017021058127284 0.0196911003440619 0.0664626210927963 0.086632177233696 0.11356483399868 0.235925644636154 0.354330360889435 0.490909576416016 0.644158363342285 0.763246834278107 0.801714181900024 0.884682536125183 0.890565037727356 0.865966439247131 0.849351346492767 0.766074597835541 0.687403976917267 0.590018630027771 0.427843362092972 0.290749192237854 0.0637699812650681 0.134287282824516 0.0905131250619888 0.00698567973449826 0.00200419290922582 0.000496861699502915 0.000278004707070068 0.00052336067892611 0.00175737985409796 0.000268053874606267 2.97134884021943e-05 1.55436555360211e-05 8.83788106875727e-06
0.012863103300333 0.0131801404058933 0.0137242507189512 0.0144116058945656 0.0140444217249751 0.0345084555447102 0.04027184471488 0.076673336327076 0.103971771895885 0.212858393788338 0.296960800886154 0.365388453006744 0.474353909492493 0.777025759220123 0.876336336135864 0.899229466915131 0.907528221607208 0.893400192260742 0.872521817684174 0.842704951763153 0.734867930412292 0.507602095603943 0.31070002913475 0.344795495271683 0.121833346784115 0.15726774930954 0.106707215309143 0.016885669901967 0.0115108033642173 0.0043343435972929 0.000580939871724695 0.000441703858086839 0.000567609153222293 0.000953095150180161 0.000314910459564999 4.66715428046882e-05 0.000112853216705844
0.0118921650573611 0.0127088762819767 0.0126676270738244 0.0122415516525507 0.012316451407969 0.0294660143554211 0.0291162915527821 0.0385586954653263 0.0759385079145432 0.0828333050012589 0.199484691023827 0.348438888788223 0.466924428939819 0.726308226585388 0.834404349327087 0.863247215747833 0.897378504276276 0.855815649032593 0.882800221443176 0.807570338249207 0.720899701118469 0.638283908367157 0.372557103633881 0.346807330846786 0.245532885193825 0.160635411739349 0.0330250896513462 0.0116529241204262 0.034863717854023 0.0212587583810091 0.00812795851379633 0.00229934439994395 0.00141311413608491 0.00154538440983742 0.000415843853261322 9.51241963775828e-05 0.000153765329741873
0.0112476432695985 0.0118054384365678 0.0117860678583384 0.0111799715086818 0.0115359965711832 0.0108357360586524 0.0106289805844426 0.0269598811864853 0.0412364304065704 0.0650705546140671 0.0995097607374191 0.219703614711761 0.287325412034988 0.588354647159576 0.642907559871674 0.775250434875488 0.781079530715942 0.795748710632324 0.873542904853821 0.776022255420685 0.638917624950409 0.477355748414993 0.372587025165558 0.364155501127243 0.228608220815659 0.201685130596161 0.041665181517601 0.0229842439293861 0.0395685657858849 0.0413702577352524 0.0168449971824884 0.00256176106631756 0.001129494397901 0.00170532171614468 0.000610457151196897 0.000297830381896347 0.000153304863488302
0.009971015155315 0.0105892149731517 0.0112319169566035 0.0108946142718196 0.0103555209934711 0.0101397698745131 0.00915546156466007 0.0096918223425746 0.0371787883341312 0.0958794727921486 0.058383896946907 0.0851321294903755 0.22419673204422 0.233366802334785 0.48673614859581 0.740755379199982 0.816801249980927 0.876837551593781 0.89807653427124 0.868179559707642 0.784897208213806 0.631754279136658 0.423298209905624 0.326275825500488 0.247841566801071 0.186025932431221 0.133157998323441 0.0866562947630882 0.0465345270931721 0.0197475161403418 0.00734630553051829 0.00493598729372025 0.00173997855745256 0.00315873068757355 0.000984542188234627 0.000212525977985933 0.000123878460726701
0.00834799092262983 0.00894719362258911 0.0100069167092443 0.00899236369878054 0.00854918081313372 0.0085748890414834 0.00780273927375674 0.00804860331118107 0.0308903660625219 0.0516431480646133 0.0769918039441109 0.064964160323143 0.0755429863929749 0.247558757662773 0.431347191333771 0.692300319671631 0.811278581619263 0.849307239055634 0.91321736574173 0.888041913509369 0.874615490436554 0.77019202709198 0.630402803421021 0.457442969083786 0.284295976161957 0.2086081802845 0.127718731760979 0.124341659247875 0.0355122499167919 0.0192537158727646 0.010523796081543 0.00708422949537635 0.00742062507197261 0.00250420765951276 0.00138681044336408 0.00106302171479911 0.000463119708001614
0.00724899908527732 0.00781871192157269 0.00836637150496244 0.00816896464675665 0.00755037274211645 0.00698791770264506 0.00653183553367853 0.00638815481215715 0.00762089574709535 0.0140182403847575 0.0136163700371981 0.0169971045106649 0.0557577386498451 0.0775154307484627 0.139823615550995 0.343371003866196 0.735860288143158 0.723536193370819 0.803928732872009 0.737251698970795 0.834718286991119 0.819655656814575 0.774820268154144 0.629441738128662 0.400443404912949 0.238429620862007 0.141963765025139 0.124671339988708 0.0816206783056259 0.0374001897871494 0.0227768961340189 0.0215035490691662 0.0159512497484684 0.00561529444530606 0.00141172751318663 0.00151547126006335 0.00110022071748972
0.00624703289940953 0.00636173412203789 0.00686104968190193 0.00699737202376127 0.00646090740337968 0.00597691675648093 0.00577454641461372 0.00597592815756798 0.00597696611657739 0.00785043835639954 0.00915287248790264 0.0123851019889116 0.0168035328388214 0.021381501108408 0.0823952853679657 0.130676463246346 0.323926538228989 0.355908155441284 0.563778340816498 0.734166204929352 0.895033776760101 0.827138006687164 0.697848796844482 0.491601437330246 0.413089573383331 0.270504087209702 0.198718622326851 0.12349646538496 0.141427367925644 0.104942992329597 0.0651179999113083 0.0396006479859352 0.0241894330829382 0.0105515122413635 0.00532461516559124 0.00117181043606251 0.000525093928445131
0.00493749044835567 0.00509452121332288 0.00520488573238254 0.00590697536244988 0.00570658640936017 0.00569263566285372 0.00559396017342806 0.00566251343116164 0.00561369536444545 0.00549494056031108 0.00608883565291762 0.00831174850463867 0.0116133010014892 0.0131034562364221 0.0804435536265373 0.325879067182541 0.384752035140991 0.382410675287247 0.717272460460663 0.830782890319824 0.876335501670837 0.813446819782257 0.718312978744507 0.699187636375427 0.497426956892014 0.260258853435516 0.170122772455215 0.122230552136898 0.143680825829506 0.113145142793655 0.0831989422440529 0.0631594136357307 0.0437285639345646 0.0172579549252987 0.00846091564744711 0.00197404273785651 0.000599497056100518
0.00419089198112488 0.00421537179499865 0.00453019002452493 0.00491032470017672 0.00506986957043409 0.00548243289813399 0.00554564082995057 0.00548849813640118 0.00517741777002811 0.00496589206159115 0.00474722031503916 0.00477668317034841 0.00630087172612548 0.00840168632566929 0.0186269357800484 0.0628857463598251 0.181097835302353 0.146164178848267 0.374794632196426 0.623640775680542 0.756334662437439 0.857929468154907 0.829059958457947 0.821111679077148 0.551858484745026 0.361486196517944 0.172896042466164 0.169077053666115 0.131244748830795 0.115360245108604 0.130371659994125 0.0957354679703712 0.0463003143668175 0.031185045838356 0.0274963472038507 0.00928937457501888 0.000656775780953467
0.00628839060664177 0.0044063488021493 0.00414214795455337 0.00441126246005297 0.00456523289903998 0.00500888889655471 0.00506002828478813 0.00492368545383215 0.00461126584559679 0.00450714770704508 0.00447130855172873 0.00432434538379312 0.00451140850782394 0.00576965138316154 0.00843593757599592 0.0219798684120178 0.0688006281852722 0.0723313763737679 0.119702778756618 0.309224367141724 0.473991125822067 0.858129501342773 0.799909293651581 0.660837650299072 0.521307408809662 0.297238200902939 0.291125178337097 0.272097766399384 0.189800813794136 0.132315382361412 0.118265524506569 0.119589611887932 0.0796873345971107 0.04378367587924 0.0261468086391687 0.0117775388062 0.00170141388662159
0.0166154596954584 0.00993810221552849 0.00551930302754045 0.00427685026079416 0.00435215514153242 0.0044030025601387 0.00470616715028882 0.00429576728492975 0.0041964310221374 0.00422315532341599 0.00195858208462596 0.00192059215623885 0.00188538408838212 0.00185272074304521 0.00532284146174788 0.00995509419590235 0.0777615830302238 0.13667231798172 0.153683453798294 0.40796285867691 0.740690112113953 0.851123034954071 0.843925595283508 0.743895888328552 0.65386974811554 0.51489394903183 0.661395668983459 0.643572866916656 0.44273442029953 0.187833890318871 0.115859560668468 0.0821961686015129 0.0938950553536415 0.0807483345270157 0.0364565886557102 0.0116396602243185 0.00141662277746946
0.0662083402276039 0.0178694035857916 0.00879901461303234 0.00578879890963435 0.00426366273313761 0.00445579085499048 0.00400337809696794 0.00364177930168808 0.00353155983611941 0.00174441328272223 0.0018609605031088 0.00187001633457839 0.00179309432860464 0.00187837204430252 0.00178722548298538 0.00576450955122709 0.00989265367388725 0.0662074461579323 0.0644834861159325 0.0845839753746986 0.28409469127655 0.75225955247879 0.821054339408875 0.782201111316681 0.746819674968719 0.819107294082642 0.778223395347595 0.814074456691742 0.468872368335724 0.184569418430328 0.145387917757034 0.100399248301983 0.0708737596869469 0.0646855309605598 0.0350135937333107 0.00681903073564172 0.00173493579495698
0.0506242886185646 0.0169006045907736 0.0109960976988077 0.00689883017912507 0.00476287258788943 0.00422652810811996 0.00170237279962748 0.00149926461745054 0.00153433089144528 0.00160963961388916 0.00171899097040296 0.00175070203840733 0.001690115313977 0.00157442735508084 0.00140119472052902 0.00149874400813133 0.00450088875368237 0.00845398008823395 0.018825389444828 0.0127627048641443 0.0578501224517822 0.107669651508331 0.404255419969559 0.82028603553772 0.791924178600311 0.841540217399597 0.660507380962372 0.768983066082001 0.702120184898376 0.538997173309326 0.278412818908691 0.12373211234808 0.0719058811664581 0.0902678892016411 0.0997279360890388 0.0119377514347434 0.00213183672167361
0.0440143756568432 0.036833968013525 0.0100539494305849 0.00716010574251413 0.00505479099228978 0.00186311220750213 0.00164219667203724 0.00141320773400366 0.00142828957177699 0.0014674908015877 0.00157595612108707 0.00169689685571939 0.00156416755635291 0.00139812065754086 0.00123420241288841 0.00115195522084832 0.0012844962766394 0.00193054426927119 0.00467132125049829 0.00580539042130113 0.0136348064988852 0.114832267165184 0.175325274467468 0.470522612333298 0.821191251277924 0.826761484146118 0.840488493442535 0.614390015602112 0.507675349712372 0.402165055274963 0.396715492010117 0.154061183333397 0.0926456078886986 0.0753503665328026 0.0958368852734566 0.0894891768693924 0.0371674746274948
0.034756526350975 0.0233337078243494 0.00957592856138945 0.00745292752981186 0.00546390004456043 0.00466624042019248 0.00166148145217448 0.00135686551220715 0.00127210444770753 0.00120517576579005 0.00129303964786232 0.00138913374394178 0.00128904753364623 0.00119209452532232 0.00110272504389286 0.00100347236730158 0.000911683193407953 0.00103291997220367 0.00118694838602096 0.00460367323830724 0.00645129522308707 0.0215752422809601 0.0261425748467445 0.0980601534247398 0.385585516691208 0.583042442798615 0.840042769908905 0.783519566059113 0.594621896743774 0.374164938926697 0.300343543291092 0.243946194648743 0.147852808237076 0.0908191427588463 0.0949882045388222 0.0405208133161068 0.0376633405685425
0.0333358645439148 0.0213558617979288 0.00776832224801183 0.00835633557289839 0.00587815651670098 0.0050039361231029 0.00183672457933426 0.00139357475563884 0.00122686172835529 0.00115270167589188 0.00115394801832736 0.0011397385969758 0.00110900693107396 0.00100196234416217 0.000921889790333807 0.000865979760419577 0.000776342465542257 0.000749077531509101 0.000801020534709096 0.000985255814157426 0.00455475458875299 0.00592158222571015 0.011081020347774 0.0123595530167222 0.0723270699381828 0.241167321801186 0.833237946033478 0.783702850341797 0.712548553943634 0.4590163230896 0.508236229419708 0.356991082429886 0.148852899670601 0.109377704560757 0.0896450728178024 0.0309173222631216 0.0407186523079872
0.0186969507485628 0.0172605589032173 0.00627011992037296 0.00609820568934083 0.0051280022598803 0.00483746360987425 0.00408310350030661 0.00138094357680529 0.00122377672232687 0.0010991235030815 0.00108346971683204 0.000963576370850205 0.00092817097902298 0.000865185109432787 0.000801773858256638 0.000697487441357225 0.000669853528961539 0.000624089676421136 0.000609034963417798 0.00070472463266924 0.000784509407822043 0.00104875373654068 0.00169824459590018 0.00754628702998161 0.0346954986453056 0.266684174537659 0.652078986167908 0.802085995674133 0.868565142154694 0.747562527656555 0.743447244167328 0.382791787385941 0.220068156719208 0.14767062664032 0.166259810328484 0.119022808969021 0.0270664934068918
0.003302507800981 0.00385329523123801 0.0134680140763521 0.0211859624832869 0.00494937831535935 0.00389730324968696 0.003451346186921 0.00325190927833319 0.00127652718219906 0.00111905869562179 0.000974730413872749 0.000893884163815528 0.000823228037916124 0.000744187331292778 0.000706482212990522 0.000641775492113084 0.000576690013986081 0.000541376299224794 0.000557211984414607 0.000559987907763571 0.000616759294643998 0.00066825415706262 0.00119005551096052 0.00147998204920441 0.00905515067279339 0.021312665194273 0.0301110371947289 0.146072655916214 0.642206072807312 0.881219267845154 0.832390606403351 0.550369441509247 0.610625684261322 0.428573042154312 0.415198504924774 0.137818440794945 0.0464544072747231
0.00210910779424012 0.00241592549718916 0.00981845799833536 0.0219388213008642 0.00709860306233168 0.00455640163272619 0.0030780634842813 0.00304659549146891 0.00272856513038278 0.00116163247730583 0.000996560091152787 0.000841678469441831 0.000779344991315156 0.000695303839165717 0.000620827486272901 0.000581287837121636 0.000528934644535184 0.000520449015311897 0.000503552844747901 0.000528737087734044 0.000549295684322715 0.000621773302555084 0.000754764536395669 0.000996592454612255 0.00239698425866663 0.0124937305226922 0.0107685569673777 0.029485147446394 0.0262902714312077 0.134070530533791 0.620340526103973 0.876791834831238 0.8203946352005 0.408341407775879 0.248038873076439 0.237186715006828 0.169183060526848
