data/climate_estimation/maxent_output/Calochortus_palmeri.asc
NCOLS 80 
NROWS 46 
XLLCORNER -120.416666666667 
YLLCORNER 32.5833333333333 
CELLSIZE 0.0833333333333334 
NODATA_value -3.4e+38 
[rows 0 to 20 of 46, columns 0 to 46 of 80]
0.201909333467484 0.172787085175514 0.153650522232056 0.14739702641964 0.123475655913353 0.127107813954353 0.132484018802643 0.109256945550442 0.114843443036079 0.124188274145126 0.14994190633297 0.1573196798563 0.198933467268944 0.218324318528175 0.244260117411613 0.285316318273544 0.320785373449326 0.389719367027283 0.51190584897995 0.950349748134613 0.518339574337006 0.0318742133677006 0.0217035431414843 0.0263478960841894 0.127230256795883 0.0504727996885777 0.028424609452486 0.0261778775602579 0.189148709177971 0.0331740640103817 0.0358915738761425 0.0778382420539856 0.102845415472984 0.0484378002583981 0.0239722784608603 0.00140057178214192 0.00688036158680916 0.0140329711139202 0.043085552752018 0.0145375235006213 0.0182032119482756 0.000618864083662629 0.000178675996721722 0.0012847597245127 0.00525747844949365 0.0151609499007463 0.0116419726982713
0.46620312333107 0.146956950426102 0.131553158164024 0.124851778149605 0.110456474125385 0.0937554463744164 0.109439246356487 0.119277566671371 0.10725137591362 0.127855494618416 0.13796865940094 0.159117326140404 0.165849655866623 0.204702034592628 0.216102629899979 0.252082854509354 0.300959497690201 0.34877821803093 0.868894279003143 0.987292647361755 0.726912021636963 0.0633901879191399 0.304659068584442 0.0976738259196281 0.231899991631508 0.0477163456380367 0.10601133108139 0.025809857994318 0.204496830701828 0.0601661652326584 0.151014640927315 0.102343156933784 0.0937698930501938 0.0782445147633553 0.0242210645228624 0.0124353226274252 0.00728591345250607 0.017283895984292 0.0162140168249607 0.0415812917053699 0.0175263285636902 0.0025257938541472 0.000173325694049709 0.000539736414793879 0.014339073561132 0.0142350625246763 0.0107403704896569
0.172889307141304 0.112763896584511 0.0939723029732704 0.0971348211169243 0.093041405081749 0.0955350250005722 0.0916674435138702 0.105522245168686 0.0996620059013367 0.120653748512268 0.124661006033421 0.145877301692963 0.159119889140129 0.170445069670677 0.199606105685234 0.195439502596855 0.251173973083496 0.2814881503582 0.400193244218826 0.392525464296341 0.98737758398056 0.798439681529999 0.451924115419388 0.728024303913116 0.723368346691132 0.220816045999527 0.202468484640121 0.180620744824409 0.242399126291275 0.0853463858366013 0.177228450775146 0.12783394753933 0.106628477573395 0.0960254520177841 0.0610678754746914 0.0633138418197632 0.0114711849018931 0.00725412555038929 0.0182377193123102 0.0441345423460007 0.0488531440496445 0.00415832456201315 0.000238803870161064 0.000323604996083304 0.0181076545268297 0.0175947491079569 0.0227311700582504
0.157695695757866 0.102461270987988 0.0789421796798706 0.0641777142882347 0.0633533596992493 0.0902009978890419 0.0914162024855614 0.0900779590010643 0.08416598290205 0.101618424057961 0.121266029775143 0.138960242271423 0.143809214234352 0.150589391589165 0.175656974315643 0.169937923550606 0.174474656581879 0.173190712928772 0.180370315909386 0.304733604192734 0.984720826148987 0.954391658306122 0.614474296569824 0.860509097576141 0.708365201950073 0.231097400188446 0.210177674889565 0.327293008565903 0.247250452637672 0.102354906499386 0.273583263158798 0.175254791975021 0.193943932652473 0.144842803478241 0.0998167395591736 0.129291042685509 0.016056751832366 0.00382518279366195 0.0103623531758785 0.0686136707663536 0.0586580261588097 0.00773201091215014 0.000448288948973641 0.000224670249735937 0.00858964398503304 0.0157789885997772 0.0193678569048643
0.246110871434212 0.153908640146255 0.0931605026125908 0.0941292122006416 0.0693348199129105 0.0659192353487015 0.0691328197717667 0.092182956635952 0.0878254696726799 0.0834487900137901 0.0962890908122063 0.118213705718517 0.122982211410999 0.133737027645111 0.132141932845116 0.144505709409714 0.150585979223251 0.128291547298431 0.138740122318268 0.292535781860352 0.899955928325653 0.942348897457123 0.86372298002243 0.952422082424164 0.167565330862999 0.333239614963531 0.364939361810684 0.508494973182678 0.286660969257355 0.139176592230797 0.102620244026184 0.139811366796494 0.0824064016342163 0.145828053355217 0.158426642417908 0.131731301546097 0.0173761248588562 0.00536792539060116 0.00779598345980048 0.0801326632499695 0.0629739239811897 0.0225636512041092 0.000780575210228562 0.000244230934185907 0.00966726429760456 0.022342162206769 0.0237627346068621
0.898898124694824 0.789351344108582 0.289611548185349 0.113295175135136 0.0899729877710342 0.0761372447013855 0.0710163488984108 0.0938717797398567 0.0996020808815956 0.0892459452152252 0.0827546715736389 0.108536101877689 0.121948041021824 0.117246106266975 0.117736682295799 0.132281944155693 0.109032146632671 0.113884039223194 0.133569598197937 0.375854134559631 0.992547929286957 0.918955862522125 0.994099020957947 0.955351114273071 0.187454208731651 0.338943064212799 0.701460063457489 0.673761188983917 0.301218092441559 0.427175372838974 0.103304602205753 0.069320984184742 0.0272436011582613 0.0711290687322617 0.160551235079765 0.16544383764267 0.0400537066161633 0.0108361784368753 0.00668371561914682 0.104594342410564 0.0415085963904858 0.0162927284836769 0.00213370402343571 0.000429697945946828 0.000868587289005518 0.0102444989606738 0.0113037079572678
0.485971599817276 0.70941150188446 0.430136144161224 0.143100678920746 0.102463088929653 0.0967066958546638 0.0931735560297966 0.104978688061237 0.105919152498245 0.102650180459023 0.10251472145319 0.0972172319889069 0.107327662408352 0.109291806817055 0.106820300221443 0.093388058245182 0.0929346531629562 0.0861007794737816 0.0947086736559868 0.246736899018288 0.57823121547699 0.991740822792053 0.826122522354126 0.928538024425507 0.330350399017334 0.34293594956398 0.680968463420868 0.677155196666718 0.43249899148941 0.47741374373436 0.0574588775634766 0.0308763440698385 0.014485607855022 0.0445524863898754 0.127981349825859 0.128587737679482 0.0377886928617954 0.0194295533001423 0.00868467334657907 0.0348829068243504 0.0427326671779156 0.0235679522156715 0.0067855385132134 0.00145530584268272 0.00125898059923202 0.000561722845304757 0.00166628649458289
0.489269942045212 0.345228046178818 0.570397436618805 0.239369347691536 0.13567091524601 0.141178920865059 0.11778200417757 0.107402585446835 0.119053691625595 0.109759993851185 0.10576481372118 0.103926926851273 0.0984069779515266 0.108841635286808 0.101847663521767 0.0992018207907677 0.0769633129239082 0.0744192227721214 0.0979951396584511 0.433633178472519 0.842477858066559 0.993779838085175 0.943914175033569 0.784162521362305 0.848181426525116 0.513526916503906 0.763752996921539 0.483651250600815 0.524174451828003 0.441926300525665 0.0468875877559185 0.0175654850900173 0.0145883206278086 0.0432992950081825 0.0248572397977114 0.0551832504570484 0.0165222566574812 0.0135778160765767 0.0419390723109245 0.0149753019213676 0.0233739968389273 0.00844641029834747 0.00752683309838176 0.0197515897452831 0.0130418827757239 0.00183044851291925 0.000495180429425091
0.507682263851166 0.464811354875565 0.611072421073914 0.364010006189346 0.176420629024506 0.177919790148735 0.145985186100006 0.133011564612389 0.124561011791229 0.124646306037903 0.0989961177110672 0.116214923560619 0.109284624457359 0.0926483348011971 0.0917913392186165 0.0834373384714127 0.0755537152290344 0.0716011673212051 0.101912088692188 0.550722718238831 0.756328344345093 0.996773064136505 0.990167200565338 0.490751326084137 0.312851339578629 0.508011400699615 0.330050081014633 0.557323575019836 0.582896828651428 0.516264319419861 0.0534594319760799 0.0247174184769392 0.0176894664764404 0.0362953953444958 0.0389058999717236 0.0303006879985332 0.0122791649773717 0.0092752818018198 0.0372719131410122 0.0171995274722576 0.0236983075737953 0.0191262047737837 0.0262234099209309 0.0118620311841369 0.00642629759386182 0.00571241788566113 0.000596944184508175
0.398132830858231 0.571001410484314 0.704781591892242 0.531119525432587 0.259911149740219 0.232519418001175 0.211887493729591 0.156881377100945 0.159896358847618 0.144155636429787 0.103054493665695 0.0994748473167419 0.0892535820603371 0.0990066155791283 0.0734730511903763 0.0723205283284187 0.0693909153342247 0.074124239385128 0.102790534496307 0.520479142665863 0.78999924659729 0.999198794364929 0.950693964958191 0.310782551765442 0.302059561014175 0.468176156282425 0.519793689250946 0.814550280570984 0.666997492313385 0.462959796190262 0.0658054426312447 0.0327642783522606 0.0240081083029509 0.0488764122128487 0.0440023802220821 0.0305310003459454 0.0155099937692285 0.0142978746443987 0.0784452110528946 0.0414038300514221 0.0172884333878756 0.0511739328503609 0.062067162245512 0.0302714630961418 0.0122605292126536 0.00503623345866799 0.00268052285537124
0.454492390155792 0.48377138376236 0.553524196147919 0.713478803634644 0.598557651042938 0.399411588907242 0.270085275173187 0.211721420288086 0.186225101351738 0.158971801400185 0.116133309900761 0.105817034840584 0.10171864926815 0.0843915194272995 0.0819744691252708 0.0777802467346191 0.0640562623739243 0.0568562708795071 0.0646911039948463 0.341562002897263 0.837627291679382 0.777161836624146 0.896337330341339 0.971977293491364 0.943353712558746 0.923723936080933 0.562441170215607 0.651270091533661 0.363486379384995 0.139439150691032 0.0726387649774551 0.0701451897621155 0.0509663559496403 0.0534758493304253 0.0737675800919533 0.039975181221962 0.0305975452065468 0.0194169096648693 0.0228524748235941 0.0148293348029256 0.0145607367157936 0.0234893243759871 0.0552280470728874 0.0373377129435539 0.0185138676315546 0.018724113702774 0.0383738055825233
0.496021091938019 0.505533754825592 0.506538987159729 0.683579206466675 0.794329106807709 0.877050340175629 0.500271856784821 0.294475555419922 0.227588042616844 0.158894658088684 0.139679431915283 0.0921538546681404 0.082814633846283 0.0748501121997833 0.0803738534450531 0.0679647848010063 0.0612428821623325 0.0557072833180428 0.0518762469291687 0.119068138301373 0.508833229541779 0.989670634269714 0.989620268344879 0.985146820545197 0.621521949768066 0.822435855865479 0.69824755191803 0.747484147548676 0.334855884313583 0.131408274173737 0.2347292304039 0.128650829195976 0.100817695260048 0.0592713579535484 0.0654076710343361 0.0583132579922676 0.0512645877897739 0.0452545434236526 0.0540237091481686 0.0509278997778893 0.0495087280869484 0.0342663265764713 0.0501862205564976 0.0372664667665958 0.0439323931932449 0.0544190928339958 0.0550293140113354
0.579699695110321 0.620353937149048 0.560655474662781 0.609119653701782 0.674833714962006 0.782017648220062 0.921221971511841 0.670107126235962 0.301584094762802 0.19391767680645 0.150510966777802 0.0955116674304008 0.088676393032074 0.0799162611365318 0.0725248083472252 0.0799973011016846 0.06280617415905 0.0597777143120766 0.0531325414776802 0.0518832951784134 0.170487955212593 0.684682369232178 0.839644253253937 0.893750667572021 0.842688381671906 0.909524142742157 0.677000463008881 0.564766705036163 0.226807966828346 0.082769550383091 0.0576679408550262 0.0305182598531246 0.0621547996997833 0.10313268750906 0.0640291795134544 0.0409009978175163 0.0313057787716389 0.0493598878383636 0.0912285074591637 0.067192554473877 0.0754967853426933 0.055507730692625 0.0390233062207699 0.0614364892244339 0.0321325063705444 0.0263823196291924 0.0194277968257666
0.473772913217545 0.584379136562347 0.750771224498749 0.600526213645935 0.662115156650543 0.702591180801392 0.776682674884796 0.936862349510193 0.823027431964874 0.370981156826019 0.222749441862106 0.164651915431023 0.103464215993881 0.104069732129574 0.0948150679469109 0.0812434107065201 0.0873084887862206 0.0693273767828941 0.0681973993778229 0.0552716888487339 0.0659107714891434 0.131028816103935 0.43640211224556 0.577548205852509 0.50574517250061 0.807130038738251 0.729804933071136 0.376247823238373 0.117656365036964 0.0413614064455032 0.042166143655777 0.0852494761347771 0.153409287333488 0.0712733417749405 0.0392105951905251 0.0220295358449221 0.03775704652071 0.0712344273924828 0.0706803128123283 0.05750797316432 0.0455121658742428 0.0425404384732246 0.0547190234065056 0.0468268245458603 0.0224455669522285 0.0183788407593966 0.0217059589922428
0.293853312730789 0.480425238609314 0.566471457481384 0.722348630428314 0.678118824958801 0.764297902584076 0.749045014381409 0.747958719730377 0.897758185863495 0.7065150141716 0.309494942426682 0.150889471173286 0.13574655354023 0.121705003082752 0.106226950883865 0.114486403763294 0.096247673034668 0.0983837470412254 0.0917639806866646 0.0841199606657028 0.331866383552551 0.981824457645416 0.657617747783661 0.951101899147034 0.893946528434753 0.896841406822205 0.810520231723785 0.390526086091995 0.0724568292498589 0.0532503873109818 0.0683411955833435 0.0814396217465401 0.0514262840151787 0.0489158034324646 0.0472578220069408 0.0440262220799923 0.0409764610230923 0.0487404093146324 0.0350746959447861 0.0567563883960247 0.056816928088665 0.0552404373884201 0.0563117824494839 0.0502078719437122 0.0266318880021572 0.0143430922180414 0.00802417378872633
0.138490617275238 0.30215972661972 0.41136246919632 0.485350459814072 0.662504494190216 0.752620875835419 0.857196033000946 0.79973042011261 0.805926501750946 0.897578239440918 0.774832546710968 0.28500372171402 0.13157744705677 0.140260815620422 0.167886942625046 0.152642115950584 0.134304940700531 0.12992037832737 0.126872599124908 0.134830951690674 0.805619359016418 0.919422626495361 0.956034779548645 0.898217141628265 0.866095840930939 0.818784058094025 0.607356667518616 0.178705215454102 0.0980702787637711 0.0702081248164177 0.0654129087924957 0.062389962375164 0.0502400733530521 0.0563763529062271 0.04801120236516 0.0355254523456097 0.0185262598097324 0.0174913797527552 0.0316024459898472 0.054017961025238 0.0437388345599174 0.0400954522192478 0.030913945287466 0.0149023728445172 0.015907034277916 0.0273228995501995 0.0230784453451633
0.103047460317612 0.136799901723862 0.318553328514099 0.557092368602753 0.748771905899048 0.60237318277359 0.674653351306915 0.8784139752388 0.905858278274536 0.891036629676819 0.9091756939888 0.674081981182098 0.262805014848709 0.208456814289093 0.208097860217094 0.198415443301201 0.223460450768471 0.203048050403595 0.164766609668732 0.190911531448364 0.284137904644012 0.935684502124786 0.986823201179504 0.940385401248932 0.958050668239594 0.490636318922043 0.264638334512711 0.130745366215706 0.0898938924074173 0.083689346909523 0.06577517837286 0.0634891241788864 0.0498822368681431 0.0503909066319466 0.0465334430336952 0.0308808796107769 0.0225157048553228 0.0139896655455232 0.0127977030351758 0.0444887056946754 0.0491232089698315 0.0503938905894756 0.0456761755049229 0.0150873987004161 0.00978362746536732 0.0129961892962456 0.0134808132424951
0.0467124432325363 0.141928687691689 0.362113982439041 0.467499762773514 0.690045118331909 0.720852732658386 0.837598264217377 0.761922836303711 0.767978072166443 0.835227429866791 0.898318827152252 0.937502324581146 0.918498277664185 0.755741059780121 0.779821395874023 0.8575599193573 0.816466987133026 0.360799580812454 0.304432660341263 0.523665904998779 0.954232454299927 0.99774307012558 0.984742820262909 0.919357240200043 0.608357548713684 0.319788873195648 0.199410423636436 0.129772514104843 0.0945258289575577 0.0840154364705086 0.0680379122495651 0.0780163034796715 0.0802796557545662 0.0806577801704407 0.0603026188910007 0.0475727468729019 0.029621496796608 0.019698828458786 0.0177109725773335 0.0407204516232014 0.0505016222596169 0.0354756079614162 0.0431491658091545 0.0375722646713257 0.0126858670264482 0.00919321086257696 0.00913047324866056
0.0406716540455818 0.0617019049823284 0.179349154233932 0.322581917047501 0.528547286987305 0.714420914649963 0.725990474224091 0.788950264453888 0.882158577442169 0.872452259063721 0.879124224185944 0.941200017929077 0.990348041057587 0.993939995765686 0.966397523880005 0.990670561790466 0.99538654088974 0.999191105365753 0.948438704013824 0.924042105674744 0.953783929347992 0.912580490112305 0.740970253944397 0.3878253698349 0.186705157160759 0.132632657885551 0.158349469304085 0.118881076574326 0.125088483095169 0.110807880759239 0.0954257547855377 0.0946699902415276 0.109451308846474 0.137852236628532 0.107419140636921 0.0865484848618507 0.0451067686080933 0.0324131995439529 0.0321371667087078 0.0249227397143841 0.0221909526735544 0.0415621548891068 0.0360516346991062 0.0218062400817871 0.0179789196699858 0.0126331774517894 0.0147778885439038
0.0419181920588017 0.0768479034304619 0.140173748135567 0.29987308382988 0.528832495212555 0.619939863681793 0.713216960430145 0.774188697338104 0.762339472770691 0.860690772533417 0.944891750812531 0.940134227275848 0.969935476779938 0.992723822593689 0.887142479419708 0.685455739498138 0.988395750522614 0.930274248123169 0.97572135925293 0.944259226322174 0.817771434783936 0.725521147251129 0.579531311988831 0.402108609676361 0.212859958410263 0.138912096619606 0.163909390568733 0.132999181747437 0.137973144650459 0.126258581876755 0.131671816110611 0.142651051282883 0.154812231659889 0.186142891645432 0.145735427737236 0.0968846380710602 0.0792695954442024 0.052247166633606 0.0479238666594028 0.0428596809506416 0.0469300076365471 0.0624711886048317 0.0599626749753952 0.0606209002435207 0.0430345423519611 0.0295776687562466 0.02021599188447
0.0398255027830601 0.0804073885083199 0.120422475039959 0.193204566836357 0.355590909719467 0.536543905735016 0.608396172523499 0.610100448131561 0.70457512140274 0.735085606575012 0.867461144924164 0.934488952159882 0.962760090827942 0.984229683876038 0.989756941795349 0.978663682937622 0.996309995651245 0.995507478713989 0.953517556190491 0.893841981887817 0.932025074958801 0.977183103561401 0.95048326253891 0.689773738384247 0.369392603635788 0.17937944829464 0.122157469391823 0.166071474552155 0.163203150033951 0.167170569300652 0.166924700140953 0.236523821949959 0.229276955127716 0.253507226705551 0.333626717329025 0.141330286860466 0.0995895937085152 0.10744059830904 0.118190698325634 0.195078343153 0.209760457277298 0.14361372590065 0.257036775350571 0.402394533157349 0.211970999836922 0.17744767665863 0.0543420799076557
