data/climate_estimation/maxent_output/Calochortus_concolor.asc
NCOLS 45 
NROWS 96 
XLLCORNER -119.25 
YLLCORNER 30.75 
CELLSIZE 0.0833333333333333 
NODATA_value -3.4e+38 
[rows 24 to 47 of 96, columns 0 to 44 of 45]
0.073975108563900 0.0907395333051682 0.444467335939407 0.48773780465126 0.245930105447769 0.0980015769600868 0.0607567206025124 0.0774936452507973 0.0312648937106133 0.00928122643381357 0.00713096233084798 0.0675249993801117 0.151821061968803 0.0115503435954452 0.0520449578762054 0.0429287999868393 0.0136696882545948 2.81424545391928e-05 5.33324673597235e-05 0.00048403290566057 0.00321753323078156 0.00363301555626094 0.00477073807269335 8.75174282555236e-06 1.4274672821557e-06 1.16102216907166e-06 7.80276513978606e-06 0.000275439553661272 0.00226124981418252 0.00195003126282245 0.000113519061414991 0.000537314161192626 0.000752003921661526 0.00106771104037762 0.00134770665317774 0.00402833288535476 0.00723021663725376 0.00786027871072292 0.00755345774814487 0.0088574206456542 0.00632748054340482 0.00547577161341906 0.00416519027203321 0.00223037996329367 0.00425484264269471
0.0871201381087303 0.0781356170773506 0.126631736755371 0.380541890859604 0.676308035850525 0.263241022825241 0.0472353473305702 0.022810947149992 0.0206416100263596 0.00963254645466805 0.0103660225868225 0.00949056725949049 0.174982756376266 0.0618163570761681 0.0138495042920113 0.0693463161587715 0.0539707541465759 0.0186905842274427 0.00194889330305159 0.000570886360947043 0.0135485976934433 0.0123856384307146 0.00415502768009901 1.81154991878429e-05 1.4997906419012e-06 1.02682827218814e-06 7.57074815282976e-07 5.86135456615011e-06 4.35548754467163e-05 0.000997341354377568 0.00069257547147572 0.000986178871244192 0.0007348662475124 0.00103655143175274 0.00177499942947179 0.00307898595929146 0.00441009877249599 0.00716218678280711 0.0109888399019837 0.0107359392568469 0.00560912629589438 0.00800145603716373 0.00263671413995326 0.00249850540421903 0.00303738540969789
0.0525088422000408 0.0489778332412243 0.0798551738262177 0.12720961868763 0.204521656036377 0.582602739334106 0.433906137943268 0.12354975938797 0.0187289491295815 0.00929740536957979 0.0320664122700691 0.00730849849060178 0.021583354100585 0.206224843859673 0.0304690171033144 0.0134009253233671 0.0416453182697296 0.0459313578903675 0.0595559626817703 0.020839573815465 0.0252338163554668 0.0223260447382927 0.00605940679088235 0.000173921434907243 1.59904575411929e-05 0.00313775986433029 6.67371350573376e-05 1.47734613165085e-06 2.89577155854204e-06 0.000229603771003895 0.00257238885387778 0.00155921699479222 0.000549241085536778 0.00069001066731289 0.000925629399716854 0.00120260019320995 0.001583804609254 0.00272562936879694 0.00965006928890944 0.00645654276013374 0.00928089488297701 0.00653524231165648 0.00694711832329631 0.0043757357634604 0.00225678039714694
0.0722382515668869 0.0642726868391037 0.0487276129424572 0.0777186006307602 0.0596803724765778 0.517904937267303 0.455830723047256 0.0638751462101936 0.0209418591111898 0.0502301566302776 0.0423941276967525 0.0156073719263077 0.0152116389945149 0.041107065975666 0.0627009868621826 0.0105866007506847 0.00698571186512709 0.0756953433156013 0.08762276917696 0.0335740856826305 0.0126546146348119 0.000392664922401309 0.00508452579379082 0.00632694037631154 0.00302810128778219 0.00805981270968914 0.000656684918794781 2.72549368673936e-06 1.70168254953751e-06 8.45187460072339e-05 0.00410043820738792 0.00382836698554456 0.00061945611378178 0.000549637887161225 0.000588429044000804 0.001052001491189 0.00123355817049742 0.00290326424874365 0.0105374986305833 0.00583233404904604 0.00509911589324474 0.00347079220227897 0.00460860831663013 0.00451276125386357 0.00476320600137115
0.074846476316452 0.0898271128535271 0.0702239647507668 0.0802243426442146 0.090808592736721 0.577835440635681 0.307333618402481 0.0368324667215347 0.0282879862934351 0.032906848937273 0.0824669003486633 0.0600457601249218 0.0404591225087643 0.0409882813692093 0.175426751375198 0.014013790525496 0.0161484591662884 0.0537086240947247 0.0691044330596924 0.0252626240253448 0.00729334866628051 5.73676661588252e-05 0.000521697744261473 0.00618932209908962 0.0266182795166969 0.00923504773527384 0.00622309558093548 1.33636503960588e-05 1.59214482664538e-06 5.41119552508462e-05 0.000448031816631556 0.00445054611191154 0.0026681013405323 0.000878243707120419 0.000552945770323277 0.00067977694561705 0.00306327920407057 0.00722315162420273 0.00776752922683954 0.00749903172254562 0.00494572846218944 0.00577755179256201 0.00697150221094489 0.00437848595902324 0.00441546505317092
0.0652131661772728 0.0785843431949615 0.0629696995019913 0.0433251969516277 0.365200579166412 0.684835016727448 0.50646036863327 0.0529539994895458 0.126850262284279 0.0701846033334732 0.104005634784698 0.0528410412371159 0.0830746442079544 0.0391171388328075 0.181577607989311 0.0308454316109419 0.122326858341694 0.100747384130955 0.0622810125350952 0.0481148846447468 0.00899481307715178 0.00226740445941687 0.000322775274980813 0.0037627883721143 0.00845378264784813 0.0281272437423468 0.0137022156268358 9.66930456343107e-05 1.95498682842299e-06 8.4564862845582e-06 0.00354907289147377 0.00362570770084858 0.00163717416580766 0.000588062684983015 0.000504608266055584 0.00200278800912201 0.00246833614073694 0.00447076233103871 0.00276761315762997 0.00696575595065951 0.00592695875093341 0.00562242791056633 0.00712614459916949 0.00630217464640737 0.00481628160923719
0.070599377155304 0.056105550378561 0.081567719578743 0.0423951297998428 0.0951574072241783 0.0950387120246887 0.732286751270294 0.503429889678955 0.206078886985779 0.348651915788651 0.373951762914658 0.107987083494663 0.106470271945 0.103394560515881 0.19626359641552 0.0629038885235786 0.163460984826088 0.104044258594513 0.0915822461247444 0.0648267418146133 0.0342241637408733 0.0396043844521046 0.000585238798521459 0.000328939728206024 0.00493846740573645 0.0536706261336803 0.037468895316124 0.000286970025626943 2.85260307464341e-06 3.9098836168705e-06 0.00740246335044503 0.00741478754207492 0.0060359388589859 0.00142326892819256 0.000649569788947701 0.00163532351143658 0.00575558515265584 0.00191243377048522 0.00207189051434398 0.00366756017319858 0.0080257523804903 0.0061377240344882 0.00815817434340715 0.00680853193625808 0.00546035403385758
0.0605211853981018 0.051174771040678 0.050012394785881 0.0410949289798737 0.032330647110939 0.0818214491009712 0.749858140945435 0.713599681854248 0.352201879024506 0.50830215215683 0.351981997489929 0.106111854314804 0.10867814719677 0.143958136439323 0.134109780192375 0.078324094414711 0.291031807661057 0.185613617300987 0.221400082111359 0.144057914614677 0.0665817335247993 0.138070955872536 0.00123150215949863 9.65860890573822e-05 0.000735893147066236 0.084248311817646 0.0629822239279747 0.000864983245264739 5.79971811021096e-06 2.88011233351426e-06 0.0010337975108996 0.00936431530863047 0.00795424170792103 0.00617421325296164 0.00276680057868361 0.000656288582831621 0.00489214994013309 0.0044273710809648 0.001753696706146 0.00216486537829041 0.00438229832798243 0.0068810093216598 0.00840739719569683 0.00652039470151067 0.00734517769888043
0.0358460284769535 0.0440431870520115 0.0441829152405262 0.0307081453502178 0.0303839165717363 0.0909957140684128 0.483003556728363 0.704391777515411 0.560855090618134 0.726441383361816 0.0922046229243279 0.146013587713242 0.143617689609528 0.223330661654472 0.143510550260544 0.114697776734829 0.0638876333832741 0.0979107022285461 0.0566101782023907 0.121672309935093 0.186354145407677 0.12304225564003 0.002595643280074 0.000161499003297649 0.000374943920178339 0.0612089671194553 0.0655557438731194 0.00544455833733082 1.44874711622833e-05 3.19980358653993e-06 0.00114966265391558 0.00941481720656157 0.0061072395183146 0.00276487180963159 0.00325081963092089 0.000486008619191125 0.00161279505118728 0.00500766048207879 0.00505125150084496 0.00179651461075991 0.00304796546697617 0.0046866787597537 0.00548489298671484 0.00697308452799916 0.00822891481220722
0.0269140005111694 0.0358718708157539 0.0275405701249838 0.0278652124106884 0.0325539223849773 0.118304193019867 0.829997301101685 0.736912667751312 0.930765092372894 0.745537340641022 0.0946919173002243 0.152904912829399 0.390327990055084 0.398384362459183 0.149896249175072 0.418738007545471 0.0621343478560448 0.0338031612336636 0.0031765706371516 0.0329144708812237 0.161713317036629 0.146434456110001 0.00918358750641346 0.000527242664247751 0.000324284686939791 0.0821415707468987 0.0233104024082422 0.00301916268654168 0.000112843728857115 6.94742402629345e-06 1.39218491312931e-05 0.00162045389879495 0.00182746013160795 0.00284365145489573 0.00106524827424437 0.000327324960380793 0.000415606657043099 0.0019469455583021 0.00565517554059625 0.00213784398511052 0.00212764437310398 0.00360956671647727 0.00630213692784309 0.00954615604132414 0.00630570063367486
0.0191512200981379 0.0179056897759438 0.022362656891346 0.0197042971849442 0.0190161000937223 0.0938396379351616 0.306931465864182 0.86282342672348 0.581706404685974 0.827248275279999 0.141697153449059 0.150399148464203 0.394687950611115 0.41642239689827 0.274504095315933 0.476229697465897 0.0111084822565317 0.00328096584416926 0.00106159609276801 0.00534986238926649 0.0891389697790146 0.101137906312943 0.00574953993782401 0.00177679012995213 0.00043775254744105 0.0102423662319779 0.0161411818116903 0.00449662189930677 0.00047749700024724 6.19308848399669e-05 3.38577519869432e-05 9.80373715719907e-06 7.59210743126459e-05 0.00253503350540996 0.00201767776161432 0.000152044420246966 0.000127309787785634 0.000880327424965799 0.00294707459397614 0.00399821810424328 0.00541832158342004 0.00461975112557411 0.00316661107353866 0.00953177083283663 0.0114434268325567
0.0150925545021892 0.0178291350603104 0.0149535797536373 0.0154406363144517 0.0222425274550915 0.202295616269112 0.539524495601654 0.947726905345917 0.805692374706268 0.640525817871094 0.60144168138504 0.238997012376785 0.545291483402252 0.412822932004929 0.434755623340607 0.43276846408844 0.00657813623547554 0.00124757224693894 0.000550516706425697 0.00195389054715633 0.00262161693535745 0.0140463011339307 0.00115183228626847 0.000663285842165351 0.00781554356217384 0.00098604301456362 0.00285531906411052 0.000619443948380649 0.000546328898053616 0.00239089620299637 0.00147920148447156 5.70566626265645e-05 7.2776902015903e-06 5.62615350645501e-05 0.00041271498776041 0.000305640074657276 0.00014335397281684 0.00107331993058324 0.00215599103830755 0.0123764984309673 0.0141694452613592 0.0106225283816457 0.00274554174393415 0.0023811396677047 0.0108190411701798
0.0114954225718975 0.0121986614540219 0.0158034805208445 0.0155892362818122 0.0230565499514341 0.239332139492035 0.46662038564682 0.956294894218445 0.949296236038208 0.40588253736496 0.318234175443649 0.628735899925232 0.453145921230316 0.677066564559937 0.585302829742432 0.514774143695831 0.00926840957254171 0.00094403192633763 0.000562543573323637 0.00188709690701216 0.00195325026288629 0.00241843704134226 0.000597124511841685 0.000453658576589078 0.005528524518013 0.0017970004118979 0.00272699678316712 0.00218805274926126 0.00413083657622337 0.00121357117313892 0.000512349186465144 0.000481820345157757 1.30793951029773e-05 9.06989043869544e-06 2.19684279727517e-05 2.48606356763048e-05 3.98300180677325e-05 0.000224450443056412 0.00116361468099058 0.0101432800292969 0.0163503848016262 0.0131866857409477 0.00941103417426348 0.00378441018983722 0.00349712604656816
0.00726160826161504 0.00997100956737995 0.0145832132548094 0.0163419954478741 0.0246473494917154 0.270077705383301 0.445480823516846 0.988851189613342 0.89311158657074 0.285556674003601 0.336773663759232 0.609688937664032 0.662443220615387 0.643281280994415 0.690264225006104 0.576139271259308 0.0122906807810068 0.00145149207673967 0.000841369619593024 0.00244783353991807 0.00233956216834486 0.00155990000348538 0.000746298872400075 0.000663654354866594 0.0221174992620945 0.00660607498139143 0.00156521366443485 0.0110330497846007 0.0188128519803286 0.0050758677534759 0.0012507198844105 0.0004508689744398 8.95224511623383e-05 5.33625316165853e-05 2.85478199657518e-05 2.31154517678078e-05 2.10769539989997e-05 5.92149553995114e-05 0.000273824407486245 0.00185162364505231 0.00438729487359524 0.00774259772151709 0.0134235806763172 0.0141900824382901 0.0134363677352667
0.00876630377024412 0.00904404558241367 0.0102504063397646 0.0109448740258813 0.013177739456296 0.214045792818069 0.73704606294632 0.692743957042694 0.87416398525238 0.961615800857544 0.86235249042511 0.84294205904007 0.692755579948425 0.691798150539398 0.445089131593704 0.0483648665249348 0.0144855324178934 0.00627579214051366 0.00340108573436737 0.00398630741983652 0.00553118530660868 0.00159275333862752 0.00130963663104922 0.00170574185904115 0.00206092023290694 0.00139042572118342 0.00134470500051975 0.00289133121259511 0.0152178565040231 0.00745443161576986 0.00225595384836197 0.00241415365599096 0.00787576660513878 0.010276360437274 0.0231731962412596 0.00490868324413896 3.96305440517608e-05 5.17719308845699e-05 0.00070276518817991 0.00434818584471941 0.0117463637143373 0.0123066399246454 0.012573535554111 0.0227873548865318 0.0197162851691246
0.00749521050602198 0.00609262101352215 0.00729739246889949 0.00825398229062557 0.0093271741643548 0.0618079639971256 0.371536821126938 0.977930724620819 0.98920089006424 0.980589389801025 0.399115145206451 0.650806725025177 0.765451490879059 0.841407001018524 0.288121819496155 0.0424021519720554 0.118331775069237 0.0415609180927277 0.0135035729035735 0.00567174796015024 0.0135396821424365 0.00473455619066954 0.00313636986538768 0.00371736520901322 0.00844557862728834 0.00809444487094879 0.00967062450945377 0.00538815604522824 0.0100834229961038 0.0060130855999887 0.00907889194786549 0.017959076911211 0.017439529299736 0.00859029870480299 0.0135759469121695 0.0099493283778429 0.00010705622844398 4.9728525482351e-05 0.00070568296359852 0.0110012339428067 0.0297534521669149 0.027971975505352 0.0222743190824986 0.0243418924510479 0.0289009176194668
0.00577126489952207 0.00718740420415998 0.00525464676320553 0.0063946982845664 0.00720605719834566 0.00952168833464384 0.115923143923283 0.738894999027252 0.907850205898285 0.970542252063751 0.950293064117432 0.874785721302032 0.783748865127563 0.698675096035004 0.129813879728317 0.00926482863724232 0.0045390441082418 0.00137233675923198 0.0048856264911592 0.0176440048962831 0.00652947649359703 0.00323461554944515 0.00254359329119325 0.0112904375419021 0.0375641845166683 0.013359590433538 0.020366994664073 0.0121296504512429 0.00619488954544067 0.0163883082568645 0.00590819865465164 0.00393436057493091 0.00271489773876965 0.00198017852380872 0.00148474902380258 0.000773032370489091 5.65741356695071e-05 5.44171089131851e-05 0.000303401408018544 0.00441602105274796 0.0117867309600115 0.0381767004728317 0.0218187812715769 0.0285439044237137 0.0304041318595409
0.00949541106820107 0.00807816162705421 0.00922463368624449 0.00702270586043596 0.00865612830966711 0.00827847886830568 0.0272792503237724 0.0804936066269875 0.482058256864548 0.650178015232086 0.577384650707245 0.926759004592896 0.823293149471283 0.337080746889114 0.0229004826396704 0.00262134266085923 0.00258103990927339 0.00850873254239559 0.0304261464625597 0.00715716369450092 0.00244809198193252 0.00101427093613893 0.00320382649078965 0.0180709436535835 0.0233809873461723 0.00641086138784885 0.00489087169989944 0.00682873604819179 0.0108312303200364 0.00964255165308714 0.00347087043337524 0.00153033144306391 0.00301176868379116 0.000445953104645014 0.000451495434390381 0.000408892781706527 0.000856463157106191 0.000120715594675858 7.06222490407526e-05 0.000248551630647853 0.00264089042320848 0.0310976207256317 0.0303243305534124 0.0312607884407043 0.0357441082596779
0.0117580639198422 0.0145882368087769 0.0112032778561115 0.0134177645668387 0.0136736128479242 0.0136493779718876 0.255087167024612 0.995231926441193 0.729551136493683 0.994277119636536 0.98046600818634 0.97838968038559 0.918270289897919 0.303402572870255 0.00851077772676945 0.0039279549382627 0.00556864496320486 0.00721584307029843 0.00416360422968864 0.00322819245047867 0.00329135335050523 0.00356601853854954 0.00286059407517314 0.0047790938988328 0.00330350478179753 0.00598987424746156 0.00566898891702294 0.0112334219738841 0.012982283718884 0.0122115788981318 0.00395422987639904 0.00092867692001164 0.00046561800991185 0.000189413112821057 0.00018455256940797 0.0011144457384944 0.000793321232777089 0.000115965282020625 5.94708835706115e-05 0.000139676689286716 0.00136055005714297 0.0164319388568401 0.0623027235269547 0.0467324927449226 0.0396317280828953
0.0331304334104061 0.0295124854892492 0.024317966774106 0.0236717630177736 0.0253790728747845 0.0779282227158546 0.72135317325592 0.989739775657654 0.997009217739105 0.984833478927612 0.964410066604614 0.939913928508759 0.740546047687531 0.0441843345761299 0.0122055821120739 0.00574062718078494 0.00521070649847388 0.0041807065717876 0.00345023721456528 0.00388522818684578 0.0026542479172349 0.00194409780669957 0.000941854668781161 0.000966756429988891 0.00284976582042873 0.0049237641505897 0.00625207694247365 0.0114549910649657 0.00267237890511751 0.000958934251684695 0.00110142689663917 0.00237676012329757 0.0017493829363957 0.000404912570957094 0.00014403005479835 0.000113726026029326 0.000174359971424565 8.5325118561741e-05 5.30012111994438e-05 9.91364213405177e-05 0.00291853840462863 0.0222485270351171 0.0364368781447411 0.0142971184104681 0.0302849430590868
0.0740070044994354 0.0735677182674408 0.0954817906022072 0.0882283598184586 0.0576584525406361 0.130304396152496 0.204856410622597 0.988500952720642 0.989140570163727 0.860394179821014 0.993710994720459 0.524914979934692 0.108315266668797 0.0285908598452806 0.0128368902951479 0.00937764719128609 0.00519304489716887 0.00418149586766958 0.00353203131817281 0.00380018958821893 0.00252510164864361 0.00160576915368438 0.000853030243888497 0.000617823272477835 0.00054516684031114 0.00342629733495414 0.00746762100607157 0.00719799567013979 0.00379036809317768 0.000926697393879294 0.000457297137472779 0.000716041715350002 0.000770513026509434 0.000382947997422889 0.000367355882190168 0.000180540853762068 8.26393006718718e-05 6.6992906795349e-05 8.38101259432733e-05 0.000119012336654123 0.000280819047475234 0.00497911311686039 0.00644858926534653 0.00287615205161273 0.0492548532783985
0.347529947757721 0.670210182666779 0.64677357673645 0.245945751667023 0.225395411252975 0.439038068056107 0.940210163593292 0.996232211589813 0.993819952011108 0.971365034580231 0.673881769180298 0.293188154697418 0.071412593126297 0.0308471191674471 0.015031180344522 0.010537444613874 0.00636017275974154 0.00342341954819858 0.00697506545111537 0.00648150453343987 0.00477018812671304 0.00277026067487895 0.00157698674593121 0.0010584763949737 0.000911464332602918 0.00304905162192881 0.00442133145406842 0.00304243341088295 0.00418977811932564 0.00272330059669912 0.000670344161335379 0.000478469271911308 0.000459196598967537 0.00103445525746793 0.00215865322388709 0.000590724230278283 0.000157639238750562 0.000390745961340144 0.000921976228710264 0.000965087150689214 0.000265048671280965 0.000412260065786541 0.00101276254281402 0.0069410135038197 0.0919945314526558
0.920946896076202 0.970468044281006 0.987823665142059 0.976349055767059 0.956127464771271 0.913084387779236 0.949572265148163 0.877996265888214 0.614177346229553 0.355902016162872 0.148158967494965 0.0685747936367989 0.0557086914777756 0.0259615238755941 0.0261970385909081 0.0172266252338886 0.00629981933161616 0.00561646744608879 0.0138021679595113 0.0183115042746067 0.0120162228122354 0.0075722336769104 0.00342848594300449 0.00233638030476868 0.00182600424159318 0.00126074650324881 0.00136361957993358 0.00325456913560629 0.00209748325869441 0.00115378631744534 0.000873545184731483 0.000620370265096426 0.000823320238851011 0.00166506320238113 0.00876146741211414 0.00265870313160121 0.00026165004237555 0.00099190603941679 0.00274357432499528 0.00210685771889985 0.000370006076991558 0.00139350327663124 0.0153815792873502 0.0492174625396729 0.15421450138092
0.836372911930084 0.694356858730316 0.960194051265717 0.879577696323395 0.950742363929749 0.952457189559937 0.688821613788605 0.514020562171936 0.341941475868225 0.230342656373978 0.167317286133766 0.0710573196411133 0.0670819506049156 0.0347792208194733 0.0337065234780312 0.0261957086622715 0.0255791656672955 0.03439986333251 0.0352761596441269 0.0407922938466072 0.0250803232192993 0.0102501213550568 0.0067391567863524 0.00402840366587043 0.00343835726380348 0.00392579706385732 0.00471014296635985 0.0100161600857973 0.0208356995135546 0.0213606208562851 0.00671875150874257 0.00160579953808337 0.00102837244048715 0.000753353524487466 0.00123935367446393 0.00251056207343936 0.000382729340344667 0.00025980980717577 0.00181008281651884 0.00356440618634224 0.00230025826022029 0.024707417935133 0.185930654406548 0.148883894085884 0.0312915332615376
