data/climate_estimation/maxent_output/Calochortus_exilis.asc
NCOLS 123 
NROWS 141 
XLLCORNER -108.583333333333 
YLLCORNER 18.6666666666667 
CELLSIZE 0.0833333333333333 
NODATA_value -3.4e+38 
[rows 40 to 59 of 141, columns 0 to 45 of 123]
0.0399890691041946 0.0141008896753192 0.0224974006414413 0.0380509085953236 0.0359042882919312 0.0511071532964706 0.0428187809884548 0.0242227911949158 0.021203963086009 0.0912893116474152 0.120086364448071 0.202282577753067 0.348761826753616 0.470368146896362 0.574032783508301 0.745732665061951 0.795890033245087 0.817094266414642 0.822968065738678 0.81287556886673 0.790561437606812 0.737817406654358 0.783411622047424 0.867987275123596 0.826955556869507 0.675036907196045 0.502287626266479 0.465492367744446 0.59937196969986 0.618440508842468 0.761276602745056 0.657072186470032 0.728970348834991 0.736665785312653 0.586016714572906 0.525801360607147 0.480930745601654 0.436379611492157 0.392005890607834 0.368685156106949 0.303011506795883 0.245731234550476 0.210186704993248 0.169585913419724 0.134999960660934 0.117298386991024
0.0185653232038021 0.0283714346587658 0.00929253920912743 0.00991752278059721 0.0151552390307188 0.0298917926847935 0.0132291754707694 0.009909987449646 0.0166125148534775 0.0288464594632387 0.0253525488078594 0.0428751483559608 0.126976877450943 0.346709817647934 0.567052483558655 0.566753625869751 0.738053560256958 0.809102296829224 0.819041728973389 0.833473980426788 0.811341762542725 0.795783162117004 0.788207828998566 0.863289654254913 0.838045597076416 0.693243563175201 0.518597543239594 0.57840096950531 0.662423551082611 0.780946850776672 0.800340712070465 0.769680738449097 0.697797954082489 0.731585443019867 0.627912819385529 0.559969305992126 0.531106352806091 0.46385058760643 0.430355131626129 0.371738970279694 0.30931082367897 0.248465061187744 0.222165152430534 0.219994425773621 0.167988866567612 0.13850899040699
0.0129474485293031 0.0123883280903101 0.00924585573375225 0.0102708702906966 0.0144097916781902 0.0133146848529577 0.0224037822335958 0.0266991779208183 0.0143479574471712 0.0197930615395308 0.0204908773303032 0.0515725612640381 0.113230064511299 0.286740034818649 0.615862488746643 0.637262046337128 0.739175200462341 0.781659185886383 0.817357122898102 0.860246062278748 0.858968079090118 0.860167324542999 0.764109075069427 0.772152900695801 0.698006689548492 0.476705014705658 0.635026335716248 0.593716502189636 0.729118824005127 0.849083006381989 0.853847146034241 0.858299911022186 0.784696102142334 0.672895312309265 0.620228707790375 0.589399755001068 0.496332466602325 0.483822643756866 0.440533936023712 0.358937442302704 0.307586193084717 0.23839008808136 0.22394385933876 0.222002729773521 0.192751884460449 0.170237138867378
0.012379408814013 0.0109953554347157 0.0106621272861958 0.0125108743086457 0.0270861107856035 0.0521390065550804 0.113368421792984 0.104503601789474 0.0292165596038103 0.0209431778639555 0.0181855279952288 0.0296662542968988 0.0589937530457973 0.199544385075569 0.487354397773743 0.558715641498566 0.686294138431549 0.734298527240753 0.714193642139435 0.798087418079376 0.815149188041687 0.825434267520905 0.785331666469574 0.743586242198944 0.617900490760803 0.585036814212799 0.654652059078217 0.594816982746124 0.85883504152298 0.837778627872467 0.893781781196594 0.889934182167053 0.881259441375732 0.779691457748413 0.62931364774704 0.565670132637024 0.512722849845886 0.467132270336151 0.426769614219666 0.352405816316605 0.296061605215073 0.248723268508911 0.305408537387848 0.247407123446465 0.209014326334 0.175409331917763
0.0142795434221625 0.0124027039855719 0.0115002756938338 0.011979378759861 0.0138658173382282 0.0212127268314362 0.0342431962490082 0.145696818828583 0.0399194918572903 0.0906003192067146 0.0392642542719841 0.0326936952769756 0.0551241002976894 0.0501951910555363 0.0731173232197762 0.280766576528549 0.655377268791199 0.538017868995667 0.430712252855301 0.615852892398834 0.6739781498909 0.784391760826111 0.796482622623444 0.830653607845306 0.813352346420288 0.682951748371124 0.828522562980652 0.778786838054657 0.68955785036087 0.834248244762421 0.888011336326599 0.821331739425659 0.901753187179565 0.850497424602509 0.739077150821686 0.585298597812653 0.523703694343567 0.482241630554199 0.44012039899826 0.39317923784256 0.335480749607086 0.255533546209335 0.323443382978439 0.305579423904419 0.225475281476974 0.187611147761345
0.0162941217422485 0.013169826939702 0.0146815413609147 0.0132040567696095 0.0272447261959314 0.0181690827012062 0.0244839787483215 0.100339718163013 0.102813154459 0.124508500099182 0.0389965511858463 0.0297946017235518 0.105249166488647 0.159726932644844 0.0730831623077393 0.114366821944714 0.136016026139259 0.156311139464378 0.446727067232132 0.368588387966156 0.405239164829254 0.632973790168762 0.879834532737732 0.904264688491821 0.916115581989288 0.847597181797028 0.857328712940216 0.831495225429535 0.75510573387146 0.876138806343079 0.884828865528107 0.826537728309631 0.751103699207306 0.803003966808319 0.785003900527954 0.650092899799347 0.562066495418549 0.510334193706512 0.478293657302856 0.42637038230896 0.339813053607941 0.323015809059143 0.327645987272263 0.311411440372467 0.257173120975494 0.206406220793724
0.0167157594114542 0.0142569039016962 0.0127265648916364 0.0161186307668686 0.0271373577415943 0.0291483346372843 0.0395026057958603 0.0400409251451492 0.0756869614124298 0.114897422492504 0.109136782586575 0.0574307143688202 0.0476280115544796 0.160582259297371 0.137049749493599 0.353518187999725 0.152633666992188 0.195056468248367 0.588968515396118 0.513912081718445 0.280650854110718 0.453295975923538 0.848888039588928 0.888847291469574 0.903844833374023 0.828201413154602 0.844610452651978 0.87613445520401 0.865385890007019 0.902222454547882 0.918248355388641 0.905388116836548 0.850935399532318 0.735193848609924 0.680322706699371 0.653262436389923 0.595969974994659 0.593905687332153 0.552786469459534 0.413367331027985 0.422678351402283 0.401896178722382 0.350442200899124 0.320869088172913 0.273318946361542 0.224148482084274
0.0177985727787018 0.0156171452254057 0.0155434440821409 0.0220311302691698 0.017412481829524 0.0200124531984329 0.049938578158617 0.0422940514981747 0.0849624350667 0.0737214311957359 0.0523178838193417 0.0928307101130486 0.0454618893563747 0.0668263584375381 0.241535648703575 0.205177247524261 0.225045129656792 0.132241040468216 0.44101095199585 0.607032656669617 0.434441566467285 0.377493321895599 0.76994127035141 0.865452289581299 0.898443043231964 0.891327738761902 0.810541570186615 0.87048465013504 0.878273546695709 0.890332281589508 0.897655785083771 0.924982190132141 0.924197971820831 0.865184545516968 0.716049551963806 0.63079696893692 0.586290061473846 0.607766151428223 0.578671157360077 0.520189881324768 0.518496155738831 0.478583812713623 0.179108664393425 0.214909747242928 0.406513601541519 0.338252812623978
0.0176882743835449 0.0159993469715118 0.0164039228111506 0.0178609564900398 0.0203598439693451 0.0238243620842695 0.0457082502543926 0.0612430274486542 0.051900964230299 0.0417881235480309 0.0253735184669495 0.0907575041055679 0.0774249881505966 0.0508719459176064 0.121433086693287 0.158229574561119 0.277475297451019 0.139254823327065 0.263480067253113 0.624668836593628 0.615101873874664 0.44133996963501 0.710394501686096 0.830726742744446 0.899953961372375 0.879834175109863 0.82921302318573 0.878642559051514 0.844725787639618 0.901055574417114 0.882616877555847 0.925007104873657 0.925471782684326 0.892539381980896 0.713648915290833 0.680511832237244 0.713126480579376 0.624035060405731 0.558877646923065 0.543157756328583 0.26027500629425 0.258686423301697 0.215137138962746 0.248962759971619 0.200814947485924 0.385269284248352
0.0214026756584644 0.0209529101848602 0.017001811414957 0.0141835380345583 0.0158145595341921 0.0240692030638456 0.0723216012120247 0.0558694191277027 0.0360803604125977 0.0146074146032333 0.0198939461261034 0.0460611023008823 0.0802522748708725 0.0525680594146252 0.0521920099854469 0.164779812097549 0.147441297769547 0.29086846113205 0.221019104123116 0.379892528057098 0.675573408603668 0.632359147071838 0.824495673179626 0.805342435836792 0.870170414447784 0.901974618434906 0.889778971672058 0.883415937423706 0.886052906513214 0.903108954429626 0.907839715480804 0.923183560371399 0.932677447795868 0.895341873168945 0.386439234018326 0.340209543704987 0.825483381748199 0.756812989711761 0.316033154726028 0.392447769641876 0.330472648143768 0.308820694684982 0.273441046476364 0.295784950256348 0.242865473031998 0.418129771947861
0.0254276301711798 0.0262398757040501 0.0205551981925964 0.0145745351910591 0.0161937102675438 0.0377956703305244 0.0527450740337372 0.0233399365097284 0.0306136813014746 0.015167354606092 0.0117733357474208 0.0242540519684553 0.0584828890860081 0.106982655823231 0.0396159216761589 0.0498426854610443 0.130027800798416 0.244293570518494 0.293184280395508 0.312534838914871 0.519387245178223 0.72025740146637 0.821789264678955 0.815292000770569 0.82026082277298 0.883118808269501 0.810346603393555 0.873481571674347 0.849547564983368 0.875813126564026 0.921572864055634 0.924610912799835 0.938773810863495 0.894874930381775 0.721472084522247 0.324426978826523 0.774147927761078 0.831012368202209 0.388984501361847 0.780781865119934 0.781841218471527 0.355682700872421 0.281006008386612 0.206070348620415 0.268271207809448 0.220454648137093
0.0341100730001926 0.0291720107197762 0.0204297993332148 0.0161914583295584 0.0165991391986609 0.0221452247351408 0.0194780211895704 0.0211653430014849 0.0133678438141942 0.0146209262311459 0.0166195090860128 0.0144453262910247 0.0229485929012299 0.0493673980236053 0.0781847760081291 0.0307591538876295 0.0510029941797256 0.0851641297340393 0.45400869846344 0.504585027694702 0.639450430870056 0.755992889404297 0.759312629699707 0.867539525032043 0.852506637573242 0.816834688186646 0.83839350938797 0.828559100627899 0.861446797847748 0.882260978221893 0.926060318946838 0.934705317020416 0.910629153251648 0.888764560222626 0.784431040287018 0.362173438072205 0.379403710365295 0.79183566570282 0.803198873996735 0.782306849956512 0.820774376392365 0.795600473880768 0.322947651147842 0.229451537132263 0.477378457784653 0.385455697774887
0.0398000366985798 0.0302538629621267 0.0236894991248846 0.0192235633730888 0.0175373889505863 0.0146461147814989 0.0159163344651461 0.0179745126515627 0.0111216614022851 0.014950318261981 0.0369951687753201 0.0211039949208498 0.0145761556923389 0.023035503923893 0.0366314686834812 0.0498519577085972 0.0249293744564056 0.135930299758911 0.464392274618149 0.572242438793182 0.642046689987183 0.713292479515076 0.792775928974152 0.826733946800232 0.806016862392426 0.794943392276764 0.739630877971649 0.761691212654114 0.837031483650208 0.804303586483002 0.838923156261444 0.936935544013977 0.90104752779007 0.951150715351105 0.935601651668549 0.808495402336121 0.330460160970688 0.706811487674713 0.791548371315002 0.82024759054184 0.762248694896698 0.805115401744843 0.690670192241669 0.608583211898804 0.519669532775879 0.397012859582901
0.0175521820783615 0.0358765758574009 0.0125077590346336 0.0104304142296314 0.00871483236551285 0.0206049438565969 0.0163469891995192 0.0146306799724698 0.0122690601274371 0.0123113738372922 0.0247483197599649 0.0507223047316074 0.0248805172741413 0.0153725910931826 0.0177695155143738 0.0446261093020439 0.0236358530819416 0.119678944349289 0.464928984642029 0.510444641113281 0.465923428535461 0.671970665454865 0.736938655376434 0.790400683879852 0.818810045719147 0.773892879486084 0.750433027744293 0.818207144737244 0.83751517534256 0.857091903686523 0.903287649154663 0.946442604064941 0.89723151922226 0.936477303504944 0.965172469615936 0.883334934711456 0.687809467315674 0.634090423583984 0.704229414463043 0.786904990673065 0.7431480884552 0.746687710285187 0.769003868103027 0.683136343955994 0.539482474327087 0.410008937120438
0.0211883150041103 0.0178208667784929 0.0154991298913956 0.0133260656148195 0.011951464228332 0.0100557478144765 0.0203253850340843 0.0179701559245586 0.0156752113252878 0.0129538243636489 0.0234686080366373 0.0732691437005997 0.0611674524843693 0.0215270537883043 0.0153372706845403 0.0197792667895555 0.0311084501445293 0.0447466634213924 0.165630295872688 0.518490970134735 0.521844446659088 0.614744007587433 0.727818369865417 0.758175373077393 0.793482780456543 0.809826195240021 0.839909493923187 0.82138454914093 0.85027015209198 0.85326474905014 0.921807885169983 0.958271324634552 0.922557950019836 0.931796312332153 0.966339528560638 0.925386786460876 0.784906387329102 0.683671057224274 0.630930185317993 0.687266707420349 0.751817643642426 0.578025817871094 0.650274455547333 0.722916483879089 0.568584561347961 0.449445903301239
0.00314932502806187 0.00287080463021994 0.00258072279393673 0.00234636478126049 0.00203468976542354 0.0144158722832799 0.0286681689321995 0.0230786893516779 0.0223537720739841 0.0166499502956867 0.0267456024885178 0.0836438611149788 0.0623101443052292 0.0566875264048576 0.0203658193349838 0.0179174095392227 0.0358575545251369 0.157487139105797 0.0914821773767471 0.395794361829758 0.364344209432602 0.549004793167114 0.651839196681976 0.728320837020874 0.709237277507782 0.791729390621185 0.821272909641266 0.844822824001312 0.869542837142944 0.899402737617493 0.933477103710175 0.958100974559784 0.9534010887146 0.926779985427856 0.96867710351944 0.964588701725006 0.937783598899841 0.809934794902802 0.700609564781189 0.602756321430206 0.658487796783447 0.501393258571625 0.514137208461761 0.631541073322296 0.622170031070709 0.457655727863312
0.00332278525456786 0.00334703945554793 0.00287855206988752 0.00296510872431099 0.00289796036668122 0.00273495051078498 0.0175068937242031 0.0293511673808098 0.0246664434671402 0.0189082194119692 0.0179317332804203 0.0351078361272812 0.0289106890559196 0.0786658003926277 0.0306997317820787 0.0223479736596346 0.0308835711330175 0.0842340886592865 0.3365218937397 0.285563170909882 0.472228735685349 0.51199334859848 0.530550420284271 0.638304233551025 0.381645292043686 0.693171262741089 0.772763431072235 0.827759921550751 0.867604970932007 0.90273243188858 0.939255058765411 0.96782785654068 0.965943813323975 0.926459848880768 0.940226912498474 0.967876732349396 0.971524715423584 0.8522008061409 0.799307703971863 0.67337030172348 0.510012686252594 0.207971945405006 0.16555218398571 0.419939875602722 0.544831514358521 0.548289358615875
0.00357951573096216 0.00363721186295152 0.00385569082573056 0.00356697523966432 0.00347699341364205 0.00357801700010896 0.0259620696306229 0.0485721491277218 0.0317199863493443 0.0232276953756809 0.0196081530302763 0.0216019805520773 0.0178710371255875 0.0346665531396866 0.0446275100111961 0.0361374132335186 0.0356657393276691 0.0738151147961617 0.364881873130798 0.430972188711166 0.460907757282257 0.398146986961365 0.185993179678917 0.228014916181564 0.452317237854004 0.689956545829773 0.738561868667603 0.774037420749664 0.849380791187286 0.89758288860321 0.934494018554688 0.911874711513519 0.961650490760803 0.97576916217804 0.971736371517181 0.964762687683105 0.969841539859772 0.829150319099426 0.722759127616882 0.730635464191437 0.244501307606697 0.515847742557526 0.148834943771362 0.116294153034687 0.343494415283203 0.512954473495483
0.000585524074267596 0.000617828627582639 0.00416705710813403 0.00431231502443552 0.00412112288177013 0.00444641569629312 0.00418336223810911 0.0258164945989847 0.043649710714817 0.0309797879308462 0.0222914163023233 0.0180341061204672 0.0168043468147516 0.0242381542921066 0.0409578047692776 0.0281049925833941 0.0369718112051487 0.0361198857426643 0.225995197892189 0.381475239992142 0.407928913831711 0.358223795890808 0.388011693954468 0.147454708814621 0.514831602573395 0.657659530639648 0.702709436416626 0.765847206115723 0.819580733776093 0.900164067745209 0.914443790912628 0.880132794380188 0.859167635440826 0.976002752780914 0.967727899551392 0.953878998756409 0.958762466907501 0.779574632644653 0.667542994022369 0.546565473079681 0.19039511680603 0.189058482646942 0.156184419989586 0.1427051872015 0.104674890637398 0.357622712850571
0.000667153217364103 0.000705289246980101 0.00060608668718487 0.00449526635929942 0.00431156251579523 0.00452120741829276 0.0313462689518929 0.0256884228438139 0.017670676112175 0.0350185558199883 0.0248234625905752 0.0191948395222425 0.017446294426918 0.0187522694468498 0.0276527721434832 0.0205165054649115 0.0269239377230406 0.0257663261145353 0.154968827962875 0.356914848089218 0.396768271923065 0.432216733694077 0.114278867840767 0.180130198597908 0.484542161226273 0.408253401517868 0.649466931819916 0.72447657585144 0.772917807102203 0.826213419437408 0.903539538383484 0.938175916671753 0.969201743602753 0.9659264087677 0.964255511760712 0.908850312232971 0.866761982440948 0.897215306758881 0.310394704341888 0.247946485877037 0.171953573822975 0.191078245639801 0.208310514688492 0.167045578360558 0.0931869000196457 0.272455126047134
