data/climate_estimation/maxent_output/Calochortus_barbatus.asc
NCOLS 271 
NROWS 202 
XLLCORNER -117.083333333333 
YLLCORNER 15.8333333333333 
CELLSIZE 0.0833333333333333 
NODATA_value -3.4e+38 
[rows 46 to 68 of 202, columns 153 to 203 of 271]
0.661397933959961 0.57434093952179 0.604797720909119 0.528280317783356 0.526581943035126 0.432636737823486 0.410810530185699 0.446982562541962 0.244661033153534 0.0381962209939957 0.0235288105905056 0.0116463368758559 0.00622303318232298 0.00517062563449144 0.00569047406315804 0.00745846144855022 0.0137220779433846 0.0242599360644817 0.0381697155535221 0.0374522991478443 0.100860096514225 0.328702121973038 0.352156102657318 0.22879222035408 0.113114237785339 0.456106334924698 0.411336719989777 0.315911293029785 0.126864477992058 0.116788767278194 0.127888008952141 0.114225253462791 0.110607393085957 0.0810863748192787 0.0527168735861778 0.0423038974404335 0.0247788373380899 0.0227312054485083 0.0188569501042366 0.0157118029892445 0.00754672382026911 0.0054451092146337 0.00500120408833027 0.00724484166130424 0.00735663110390306 0.00465343426913023 0.00330812577158213 0.00216329866088927 0.00181716436054558 0.00129987928085029 0.00131072860676795
0.611779987812042 0.625103414058685 0.563711166381836 0.554869055747986 0.53495579957962 0.466255247592926 0.424834281206131 0.481059044599533 0.308781445026398 0.0592388361692429 0.0142075689509511 0.00733572896569967 0.00436823396012187 0.0033176145516336 0.00437316112220287 0.00386659055948257 0.0085416529327631 0.0158384013921022 0.0306292399764061 0.0323646664619446 0.0681705847382545 0.252464950084686 0.236458033323288 0.126515761017799 0.0875633880496025 0.163369745016098 0.245401561260223 0.196573287248611 0.204290986061096 0.130532309412956 0.100853346288204 0.155261799693108 0.103069335222244 0.0947663933038712 0.0912304073572159 0.0435813143849373 0.0328597202897072 0.0238572731614113 0.0163675341755152 0.0108329998329282 0.00725190807133913 0.00408847210928798 0.00422579236328602 0.00511998496949673 0.0039399666711688 0.00340335397049785 0.00226554390974343 0.0024291411973536 0.00206899573095143 0.00145581329707056 0.00144076580181718
0.572984576225281 0.630147874355316 0.580170452594757 0.54822188615799 0.537735044956207 0.503502547740936 0.453626275062561 0.476173669099808 0.33804914355278 0.369617134332657 0.024978693574667 0.00488756597042084 0.0019093012670055 0.00230943504720926 0.00210919883102179 0.00346721964888275 0.00861637014895678 0.0128362821415067 0.0218688976019621 0.0112398779019713 0.0965947508811951 0.325520724058151 0.259113162755966 0.310299754142761 0.261808067560196 0.129937961697578 0.120625719428062 0.1477070748806 0.128428980708122 0.170914337038994 0.109884545207024 0.108799181878567 0.107686050236225 0.119003050029278 0.103668667376041 0.0564223229885101 0.0399637036025524 0.0210936293005943 0.0129518564790487 0.00724375527352095 0.00462846597656608 0.00318205892108381 0.00370497815310955 0.00370320538058877 0.00307282782159746 0.00284388707950711 0.00274590542539954 0.00236351694911718 0.00216699531301856 0.00192452594637871 0.00161901640240103
0.540072739124298 0.543915033340454 0.489505082368851 0.52493017911911 0.463658392429352 0.453294664621353 0.404523551464081 0.284661561250687 0.287673890590668 0.338446110486984 0.0681157112121582 0.00424850964918733 0.00166054593864828 0.00120406819041818 0.00168767536524683 0.00250853784382343 0.00396689213812351 0.00224129599519074 0.00509586744010448 0.0044086198322475 0.0421647503972054 0.265186607837677 0.286949217319489 0.221421495079994 0.380397707223892 0.302744448184967 0.131505131721497 0.0987765938043594 0.0934544280171394 0.0949337780475616 0.118244737386703 0.096341110765934 0.0874390378594398 0.0925786569714546 0.101684711873531 0.0628258585929871 0.0399092920124531 0.0248792376369238 0.011450994759798 0.00459192413836718 0.00327392085455358 0.00259419018402696 0.00274222833104432 0.00373378512449563 0.00314456527121365 0.00359194539487362 0.00349706155247986 0.00278561958111823 0.00258730188943446 0.00239727389998734 0.00215876498259604
0.532163560390472 0.595063149929047 0.55289351940155 0.457122474908829 0.435992866754532 0.445432245731354 0.402395039796829 0.251682221889496 0.151007473468781 0.074001669883728 0.0191118270158768 0.00395512348040938 0.001161347492598 0.00143922294955701 0.00356732006184757 0.00202407711185515 0.00291218142956495 0.00120663177222013 0.00163105118554085 0.0019739696290344 0.0242611821740866 0.208783358335495 0.162603825330734 0.176179081201553 0.288858145475388 0.337092578411102 0.314683318138123 0.18856318295002 0.131086811423302 0.118560552597046 0.069970965385437 0.0802090615034103 0.0716364607214928 0.0771443396806717 0.0909675136208534 0.0729576572775841 0.054068211466074 0.0265745762735605 0.0136129381135106 0.00572541961446404 0.00278563727624714 0.00177610816899687 0.00257002771832049 0.00357912504114211 0.00387650751508772 0.00374989025294781 0.00366830825805664 0.00341070140711963 0.00307435542345047 0.00287822284735739 0.00225775013677776
0.599549353122711 0.590207695960999 0.576135635375977 0.466416716575623 0.39360499382019 0.46694752573967 0.414345949888229 0.21405129134655 0.104887202382088 0.0277806427329779 0.0101477792486548 0.00479780696332455 0.00171461957506835 0.00178673421032727 0.0403482541441917 0.00364964129403234 0.000840850290842354 0.000910635048057884 0.00043828587513417 0.000959185941610485 0.0294037293642759 0.245496109127998 0.132674217224121 0.16355562210083 0.165515691041946 0.202590927481651 0.242263048887253 0.187762156128883 0.119848266243935 0.121633298695087 0.0898425132036209 0.073924645781517 0.055497333407402 0.0570111125707626 0.0695373564958572 0.0667609646916389 0.0576303824782372 0.0403994582593441 0.0223527457565069 0.00771052530035377 0.00498545868322253 0.00318233785219491 0.00411235354840755 0.0038706713821739 0.00482875807210803 0.00545398704707623 0.00596101069822907 0.00562017224729061 0.00412920629605651 0.00300821755081415 0.00273704645223916
0.605085372924805 0.614159345626831 0.70465612411499 0.526947200298309 0.433736115694046 0.460571110248566 0.401656240224838 0.185643061995506 0.0950448885560036 0.0436588488519192 0.0193821620196104 0.00731411343440413 0.0020984245929867 0.00236245105043054 0.0343519262969494 0.0640767589211464 0.00106723350472748 0.000453832006314769 0.00270987185649574 0.000825772644020617 0.00696442881599069 0.101666048169136 0.239404886960983 0.174373090267181 0.204601228237152 0.203214898705482 0.20573066174984 0.185814261436462 0.149185568094254 0.134156167507172 0.101006299257278 0.082366481423378 0.0647958070039749 0.0426901802420616 0.0506819561123848 0.0550260469317436 0.0356745757162571 0.0446405969560146 0.0280126761645079 0.0130903730168939 0.00738024432212114 0.00748016126453876 0.00566112343221903 0.0064892964437604 0.00723489513620734 0.00790325924754143 0.00608992064371705 0.00659028254449368 0.00584111083298922 0.00430990057066083 0.00281324982643127
0.558512389659882 0.603808522224426 0.637128174304962 0.523402094841003 0.452657550573349 0.381826668977737 0.367264717817307 0.147403046488762 0.13387006521225 0.172760054469109 0.0932350233197212 0.0258227698504925 0.0034080024342984 0.00292219594120979 0.00991914048790932 0.28522190451622 0.00432018423452973 0.0010275284294039 0.0253568403422832 0.00172731326892972 0.00911482702940702 0.0326448790729046 0.0860927030444145 0.211014270782471 0.159337475895882 0.131321042776108 0.167241886258125 0.194333583116531 0.140139445662498 0.0691541880369186 0.0548050813376904 0.0601874031126499 0.0651505887508392 0.0477401912212372 0.0454702749848366 0.0321345068514347 0.0239368863403797 0.0179233364760876 0.0276793129742146 0.0268394537270069 0.0177355837076902 0.0102943079546094 0.00884109269827604 0.0112986667081714 0.00875095464289188 0.00723065342754126 0.00662702927365899 0.00633212272077799 0.00475996965542436 0.00420479336753488 0.00294910022057593
0.520636677742004 0.542330205440521 0.516346275806427 0.428876399993896 0.376893788576126 0.339608252048492 0.297496974468231 0.161274954676628 0.0889203771948814 0.124604128301144 0.0390506982803345 0.0221752673387527 0.00488788122311234 0.0034386080224067 0.00482529867440462 0.147805109620094 0.0461645759642124 0.00390063645318151 0.0118255307897925 0.0104690510779619 0.0330887213349342 0.0244304109364748 0.0356978289783001 0.15386189520359 0.162701919674873 0.107279047369957 0.131968885660172 0.120241656899452 0.0683896243572235 0.0539155080914497 0.0386256165802479 0.0291370954364538 0.0325707867741585 0.0224175173789263 0.0291490945965052 0.0244617518037558 0.0151328612118959 0.0124105317518115 0.015352020971477 0.0209644623100758 0.0163144618272781 0.0156758278608322 0.0133562032133341 0.0114648984745145 0.00987603515386581 0.00790723599493504 0.00787358451634645 0.00643605086952448 0.00566546292975545 0.00421614618971944 0.00316712283529341
0.485819637775421 0.516841530799866 0.458793133497238 0.399880200624466 0.364539444446564 0.32573863863945 0.306070923805237 0.260636687278748 0.0867420732975006 0.064454086124897 0.0331469736993313 0.0107295149937272 0.00850877910852432 0.00243643950670958 0.00519755110144615 0.068796694278717 0.0801792591810226 0.0233368594199419 0.0209194980561733 0.0172365959733725 0.0365677587687969 0.0447507165372372 0.0814953520894051 0.13416913151741 0.131849825382233 0.127338945865631 0.0931043922901154 0.0884971395134926 0.116341464221478 0.0556780248880386 0.0316865965723991 0.0240699797868729 0.0241675116121769 0.0197864081710577 0.0174659974873066 0.0111708203330636 0.0102156968787313 0.00834541488438845 0.00828525237739086 0.00971804559230804 0.0129283955320716 0.0182638578116894 0.0173441860824823 0.0111257862299681 0.0101434523239732 0.00913340225815773 0.00667504174634814 0.00659443624317646 0.00470120087265968 0.00375927286222577 0.0027992851100862
0.534625589847565 0.465843766927719 0.378965377807617 0.313679695129395 0.266031831502914 0.233573034405708 0.295428305864334 0.530830383300781 0.221978649497032 0.0683823749423027 0.0251607019454241 0.0115719381719828 0.00725982058793306 0.00344415195286274 0.00389797193929553 0.0182445142418146 0.00635565398260951 0.00931537337601185 0.0407844632863998 0.031739879399538 0.0174803268164396 0.0168578773736954 0.100391618907452 0.200351282954216 0.10854834318161 0.12950673699379 0.0709518641233444 0.0817611142992973 0.17777144908905 0.0895146057009697 0.0299842171370983 0.0215335078537464 0.0173679292201996 0.0140859372913837 0.0119928894564509 0.00895259436219931 0.00688732555136085 0.00782205909490585 0.0079814875498414 0.0076972721144557 0.00834767054766417 0.0124950334429741 0.0113828117027879 0.0110702579841018 0.00898098014295101 0.00942278932780027 0.00694435881450772 0.00494893081486225 0.00500452797859907 0.00393521646037698 0.00282019493170083
0.561574220657349 0.473597824573517 0.411921292543411 0.359100431203842 0.299423396587372 0.266603648662567 0.227986603975296 0.31049507856369 0.253170609474182 0.0851272568106651 0.0329343304038048 0.0137936407700181 0.00840446911752224 0.00597816985100508 0.00454077962785959 0.00472791632637382 0.00498655112460256 0.0145156988874078 0.0295165907591581 0.0267094876617193 0.030252767726779 0.0240801107138395 0.0509160868823528 0.120368205010891 0.166419252753258 0.162602767348289 0.154337465763092 0.103324078023434 0.162251651287079 0.175213381648064 0.0870313122868538 0.0349116884171963 0.0195821709930897 0.0134916435927153 0.0115800015628338 0.00794413592666388 0.00575213460251689 0.00682257115840912 0.00568831013515592 0.00498264376074076 0.00588172348216176 0.0070402747951448 0.0104428455233574 0.00984902214258909 0.00916557665914297 0.00703422073274851 0.00691105192527175 0.00512368278577924 0.00381408701650798 0.00334851047955453 0.0027087212074548
0.5377077460289 0.472500890493393 0.412515044212341 0.406800866127014 0.361440002918243 0.295798301696777 0.293105185031891 0.269097715616226 0.292520642280579 0.137292385101318 0.0572817139327526 0.0424435809254646 0.0151456920430064 0.00887644104659557 0.00650650495663285 0.00552906282246113 0.00575420539826155 0.00957299955189228 0.0506393276154995 0.0615115761756897 0.0747028738260269 0.0578459985554218 0.0626639127731323 0.0948655977845192 0.119506262242794 0.146219834685326 0.13738115131855 0.141962364315987 0.109773874282837 0.091721773147583 0.083245649933815 0.0664558187127113 0.059807300567627 0.050810594111681 0.0159968622028828 0.00767692504450679 0.00555101316422224 0.00486379768699408 0.00427832826972008 0.00339073594659567 0.00445667980238795 0.0042460523545742 0.00490469764918089 0.00647117057815194 0.00607762485742569 0.00592145696282387 0.0059375804848969 0.00531001342460513 0.00461143953725696 0.00346917263232172 0.00324753788299859
0.468472898006439 0.418625056743622 0.443348258733749 0.443855077028275 0.500820338726044 0.393848478794098 0.245915949344635 0.327204257249832 0.375658214092255 0.257990509271622 0.0982745811343193 0.0771912708878517 0.021166518330574 0.0164245534688234 0.0153975700959563 0.0110208913683891 0.00709345564246178 0.00956333056092262 0.103781804442406 0.128857806324959 0.148148372769356 0.0963214635848999 0.0597262047231197 0.0663890913128853 0.0992085486650467 0.159912586212158 0.157039642333984 0.0777939483523369 0.100621700286865 0.053379237651825 0.0314202606678009 0.0241626128554344 0.0244323927909136 0.0242050047963858 0.0154635636135936 0.00790504273027182 0.00489136669784784 0.00459066219627857 0.00394661678001285 0.00332110794261098 0.00390579015947878 0.00351240299642086 0.00359093328006566 0.00557644199579954 0.00418839463964105 0.00457241199910641 0.00474530039355159 0.00409747613593936 0.00354626239277422 0.00355492532253265 0.0026334875728935
0.410304307937622 0.398749649524689 0.368298977613449 0.369005262851715 0.502922236919403 0.576811790466309 0.276578724384308 0.336139917373657 0.336691647768021 0.268908023834229 0.233076542615891 0.201081514358521 0.101739533245564 0.0295930914580822 0.0310928784310818 0.0207621026784182 0.015053341165185 0.0291383247822523 0.157022714614868 0.268776834011078 0.154541313648224 0.130182042717934 0.0776255577802658 0.0840428695082664 0.103001862764359 0.193958654999733 0.173533722758293 0.0743361189961433 0.0408738069236279 0.0382556729018688 0.0263034757226706 0.0185867995023727 0.0203850325196981 0.0171339176595211 0.0084944199770689 0.00572882825508714 0.00601388700306416 0.00450870860368013 0.00355933280661702 0.00307130604051054 0.00283560995012522 0.00254832906648517 0.00311818276531994 0.00395218096673489 0.00509636802598834 0.0047266473993659 0.00425476767122746 0.0036817763466388 0.00384324882179499 0.00334255676716566 0.00245615211315453
0.418768525123596 0.447201490402222 0.401022642850876 0.37596008181572 0.376588255167007 0.530118763446808 0.295063048601151 0.282035291194916 0.378261178731918 0.403364568948746 0.26057168841362 0.242231875658035 0.221042543649673 0.122842215001583 0.0789933055639267 0.0755594819784164 0.0327932499349117 0.038270179182291 0.0513590313494205 0.233366921544075 0.231745719909668 0.189904093742371 0.108133792877197 0.0688130855560303 0.0810986161231995 0.104000248014927 0.112025566399097 0.113548792898655 0.0739977583289146 0.0535432435572147 0.0191635470837355 0.0172031559050083 0.0154268173500896 0.025193827226758 0.00758005911484361 0.00565422652289271 0.00429625017568469 0.00404785759747028 0.00273411977104843 0.00256709777750075 0.00214925780892372 0.00221151276491582 0.00207214150577784 0.00213491334579885 0.00323303160257638 0.00421574665233493 0.00375334965065122 0.00401090132072568 0.00403799396008253 0.00344663369469345 0.00254824082367122
0.433413684368134 0.441415816545486 0.506985187530518 0.351818561553955 0.366963982582092 0.373496919870377 0.304450154304504 0.328061550855637 0.354856997728348 0.367580413818359 0.289670377969742 0.266612648963928 0.268473386764526 0.139391139149666 0.128542423248291 0.0790905654430389 0.0486682876944542 0.0451999865472317 0.168134987354279 0.192348495125771 0.280003845691681 0.233408972620964 0.0936824753880501 0.0460758991539478 0.0613747164607048 0.0672926008701324 0.0632194802165031 0.0903333723545074 0.147050380706787 0.0725693106651306 0.023347744718194 0.0128662632778287 0.0127082271501422 0.00920226331800222 0.00940815918147564 0.00580209959298372 0.00350637757219374 0.00329241342842579 0.00272170454263687 0.00313395052216947 0.00191886071115732 0.00193860952276736 0.00168144248891622 0.00183294678572565 0.0033191351685673 0.00356662319973111 0.004458072129637 0.00414437102153897 0.00384446140378714 0.00314152799546719 0.00245414185337722
0.435548514127731 0.48992708325386 0.602050483226776 0.510885775089264 0.391969919204712 0.378701269626617 0.406133681535721 0.445220768451691 0.37549415230751 0.361095905303955 0.281482428312302 0.168183475732803 0.137097463011742 0.178338244557381 0.0895891115069389 0.0717789530754089 0.048178918659687 0.0713424533605576 0.110018402338028 0.25395193696022 0.309985518455505 0.314480930566788 0.120614320039749 0.0474275834858418 0.0233389753848314 0.0278509296476841 0.0365491285920143 0.0577399544417858 0.111047677695751 0.0573398098349571 0.0429219417273998 0.0119194770231843 0.00978557951748371 0.006411949172616 0.0052755237556994 0.00761532038450241 0.00308899488300085 0.00335042015649378 0.00313292862847447 0.00228375010192394 0.00270101218484342 0.00196661567315459 0.00205251388251781 0.00216447748243809 0.00271303346380591 0.0037969471886754 0.00345580349676311 0.00399946980178356 0.00376216904260218 0.00370224774815142 0.00245131133124232
0.453029125928879 0.523395359516144 0.67999666929245 0.768929481506348 0.49022302031517 0.358971953392029 0.559890806674957 0.620818436145782 0.480654269456863 0.356264114379883 0.299561351537704 0.37360030412674 0.121055871248245 0.18538299202919 0.111268863081932 0.115086913108826 0.0620374567806721 0.0815557539463043 0.107431665062904 0.159190818667412 0.190015718340874 0.206671357154846 0.128635883331299 0.0313008613884449 0.022064870223403 0.0139883663505316 0.0453012175858021 0.129972562193871 0.141455098986626 0.106108486652374 0.0232634767889977 0.00987451337277889 0.00604377686977386 0.0043145939707756 0.00391555530950427 0.00704685086384416 0.00618898821994662 0.00251985201612115 0.00380272045731544 0.00361225474625826 0.00257601146586239 0.00281301443465054 0.00234005087986588 0.00292597967199981 0.00257790088653564 0.00301828351803124 0.00314560881815851 0.00345499441027641 0.00326679274439812 0.00347765325568616 0.00426658242940903
0.533356428146362 0.636907517910004 0.623331248760223 0.663302004337311 0.51410174369812 0.398242801427841 0.440324366092682 0.577026009559631 0.542960941791534 0.374473929405212 0.282295674085617 0.28006786108017 0.214774772524834 0.203728869557381 0.165081173181534 0.143040508031845 0.0734139308333397 0.0892860442399979 0.193172946572304 0.245039939880371 0.362794101238251 0.266597151756287 0.164226740598679 0.0298122186213732 0.0141916749998927 0.0112366704270244 0.0337185189127922 0.209537044167519 0.134940519928932 0.0618924163281918 0.0256378334015608 0.00701545458287001 0.0056505142711103 0.00413140188902617 0.00371537054888904 0.00337165757082403 0.00329191773198545 0.00297908834181726 0.00323173869401217 0.00817945506423712 0.00582573004066944 0.00360246980562806 0.00272106216289103 0.00315138511359692 0.00358275487087667 0.00356714008376002 0.00454776408150792 0.00444919336587191 0.00353460153564811 0.00372940418310463 0.0038368790410459
0.531692743301392 0.669008374214172 0.596658885478973 0.536223113536835 0.492606520652771 0.419902563095093 0.447133094072342 0.41643151640892 0.374428063631058 0.308585196733475 0.25296738743782 0.258169740438461 0.281660735607147 0.210449039936066 0.141797140240669 0.110339961946011 0.0950201451778412 0.122534953057766 0.174653381109238 0.299615800380707 0.374022096395493 0.26046347618103 0.232396632432938 0.0599661208689213 0.0142013831064105 0.00708987144753337 0.0110647454857826 0.125717863440514 0.127895712852478 0.0570204071700573 0.036541223526001 0.00512157613411546 0.00501296482980251 0.00347644812427461 0.0038021074142307 0.00261381431482732 0.00380749488249421 0.00320834876038134 0.00769281154498458 0.00834221113473177 0.0170364789664745 0.00493518775328994 0.00453868228942156 0.00364018208347261 0.00415693502873182 0.00361147616058588 0.00458365213125944 0.00443539815023541 0.00424191681668162 0.00388255505822599 0.00515626417472959
0.464134782552719 0.626122534275055 0.5002800822258 0.470048874616623 0.499629497528076 0.469434976577759 0.45267841219902 0.423985242843628 0.320242762565613 0.275629639625549 0.230692565441132 0.243067994713783 0.393289923667908 0.266882359981537 0.141019091010094 0.114305719733238 0.100601896643639 0.102226287126541 0.135851830244064 0.092183992266655 0.115170948207378 0.209214702248573 0.244321167469025 0.239330112934113 0.222039952874184 0.0365050286054611 0.00598322227597237 0.0229408871382475 0.0468233488500118 0.0088388891890645 0.00560691766440868 0.00783094950020313 0.00518003944307566 0.00363499508239329 0.00437208916991949 0.00460768491029739 0.00433740159496665 0.00405327370390296 0.0084114708006382 0.0347860008478165 0.0117299789562821 0.0268339943140745 0.0112340021878481 0.0119836442172527 0.00423943856731057 0.00620086630806327 0.00689055537804961 0.00699545675888658 0.0053251045756042 0.00561390398070216 0.00535603147000074
0.402686804533005 0.454212754964828 0.46975839138031 0.425641745328903 0.463782489299774 0.438476055860519 0.451120853424072 0.43875315785408 0.375228613615036 0.318126559257507 0.241393834352493 0.214021116495132 0.366975009441376 0.349954098463058 0.114191576838493 0.0937024727463722 0.092424213886261 0.0773026198148727 0.113308012485504 0.0724972561001778 0.0553387068212032 0.0783095508813858 0.0670556053519249 0.0397716760635376 0.0288319494575262 0.0122319851070642 0.00487098237499595 0.0027213734574616 0.00383773702196777 0.00780241936445236 0.028244636952877 0.00749386008828878 0.00765077723190188 0.00593910831958055 0.0063360002823174 0.00719475466758013 0.00710404384881258 0.00551101518794894 0.0072369696572423 0.0102812740951777 0.014559268951416 0.0384569726884365 0.0236902181059122 0.0162645541131496 0.00591569021344185 0.00832907017320395 0.0175264142453671 0.0146912354975939 0.00721048843115568 0.00912431254982948 0.0088580222800374
