data/climate_estimation/maxent_output/Calochortus_coeruleus.asc
NCOLS 71 
NROWS 74 
XLLCORNER -124.333333333333 
YLLCORNER 36 
CELLSIZE 0.0833333333333334 
NODATA_value -3.4e+38 
[rows 21 to 41 of 74, columns 0 to 45 of 71]
0.129281312227249 0.199745610356331 0.289017170667648 0.370681911706924 0.432835519313812 0.530451893806458 0.673840522766113 0.69295197725296 0.742646872997284 0.780080080032349 0.859333336353302 0.852077722549438 0.862392723560333 0.886043608188629 0.916043639183044 0.854346811771393 0.779742658138275 0.538610100746155 0.337064445018768 0.289986878633499 0.22386822104454 0.248370110988617 0.237601161003113 0.202236667275429 0.174763768911362 0.15927018225193 0.184971541166306 0.25528421998024 0.418549418449402 0.519443094730377 0.837919771671295 0.958219528198242 0.915367543697357 0.912090182304382 0.896831035614014 0.874120473861694 0.846815705299377 0.791799247264862 0.721036911010742 0.612983226776123 0.438262313604355 0.232982024550438 0.139816015958786 0.0715873837471008 0.0328166298568249 0.0181133467704058
0.114914141595364 0.184637829661369 0.265747100114822 0.369918167591095 0.46048977971077 0.518212795257568 0.585146009922028 0.660504281520844 0.707289516925812 0.663157284259796 0.820671856403351 0.840040445327759 0.863899290561676 0.871808230876923 0.895890712738037 0.908679306507111 0.810288727283478 0.706277132034302 0.364816278219223 0.302161812782288 0.265232175588608 0.22578564286232 0.189698472619057 0.166221022605896 0.16781111061573 0.116619765758514 0.183643162250519 0.269916087388992 0.482143670320511 0.643180131912231 0.843016922473907 0.961168825626373 0.926561176776886 0.949227273464203 0.948439180850983 0.947036266326904 0.915245771408081 0.813849985599518 0.763361394405365 0.771577954292297 0.643047332763672 0.415683478116989 0.274799644947052 0.15816105902195 0.094474621117115 0.0425387471914291
0.129114806652069 0.184000015258789 0.252038091421127 0.37355563044548 0.46116316318512 0.535967350006104 0.581772327423096 0.671144723892212 0.647040784358978 0.719517230987549 0.837947368621826 0.777975380420685 0.79917311668396 0.88899439573288 0.904077649116516 0.919222354888916 0.831565201282501 0.93128490447998 0.62242716550827 0.297736793756485 0.246829122304916 0.176789745688438 0.188542068004608 0.126353651285172 0.0768699645996094 0.0630268082022667 0.108677841722965 0.26499080657959 0.424777179956436 0.676559269428253 0.852641701698303 0.916391134262085 0.966001629829407 0.979358017444611 0.952461838722229 0.919495403766632 0.948326110839844 0.884367108345032 0.837125062942505 0.8390132188797 0.737402617931366 0.614696025848389 0.399785667657852 0.251447439193726 0.125405684113503 0.0754648968577385
-3.4e+38 0.187494710087776 0.260630875825882 0.354107677936554 0.465428084135056 0.524652361869812 0.588321268558502 0.63811731338501 0.676663279533386 0.716200828552246 0.747080147266388 0.764887154102325 0.80113673210144 0.86421525478363 0.888217210769653 0.840774118900299 0.893323183059692 0.910965859889984 0.876301765441895 0.504311323165894 0.293129593133926 0.190120697021484 0.115607753396034 0.0805986151099205 0.0490467175841331 0.0567442029714584 0.0777823776006699 0.173053830862045 0.409031540155411 0.593513607978821 0.779797673225403 0.879333436489105 0.926703155040741 0.982052326202393 0.960792124271393 0.930360615253448 0.953536212444305 0.921822369098663 0.896939039230347 0.917698323726654 0.762316226959229 0.573293924331665 0.533127963542938 0.370008170604706 0.198193445801735 0.106264650821686
-3.4e+38 -3.4e+38 -3.4e+38 0.32274329662323 0.458014607429504 0.516901195049286 0.553520321846008 0.625227212905884 0.676194548606873 0.661386966705322 0.776483952999115 0.81251186132431 0.753931999206543 0.858832240104675 0.888141095638275 0.824931979179382 0.773847162723541 0.819674134254456 0.945153772830963 0.884343326091766 0.295188963413239 0.159505605697632 0.0944308340549469 0.0614168606698513 0.060106098651886 0.0639677494764328 0.0800419375300407 0.127098515629768 0.330714017152786 0.577951788902283 0.72080135345459 0.888255417346954 0.937150239944458 0.978499233722687 0.979549586772919 0.967121601104736 0.958074986934662 0.849589228630066 0.902169048786163 0.847048282623291 0.757044315338135 0.879240572452545 0.70433908700943 0.557832360267639 0.370556712150574 0.176891684532166
-3.4e+38 -3.4e+38 -3.4e+38 0.317732363939285 0.374323606491089 0.485109090805054 0.529558300971985 0.606529414653778 0.625404715538025 0.707859575748444 0.67298698425293 0.67758971452713 0.765417575836182 0.803263306617737 0.859811127185822 0.918530881404877 0.915304005146027 0.954830825328827 0.940274953842163 0.958455264568329 0.380330145359039 0.123265981674194 0.0793325155973434 0.0552491322159767 0.0631294175982475 0.0692973807454109 0.0827394351363182 0.130079358816147 0.213451266288757 0.534798383712769 0.761963546276093 0.881080508232117 0.88172972202301 0.92570573091507 0.979895949363708 0.977608740329742 0.936849415302277 0.957152426242828 0.971130907535553 0.885485649108887 0.762011110782623 0.733208537101746 0.885641098022461 0.73015433549881 0.570827066898346 0.302386283874512
-3.4e+38 -3.4e+38 -3.4e+38 -3.4e+38 0.371230810880661 0.374343037605286 0.435473024845123 0.504799008369446 0.615373432636261 0.662254929542542 0.651365697383881 0.777173757553101 0.731063842773438 0.732218384742737 0.810319423675537 0.843049705028534 0.899009168148041 0.925248801708221 0.911307156085968 0.846983850002289 0.258573472499847 0.0956610441207886 0.0687943696975708 0.0516833700239658 0.068861722946167 0.0756771489977837 0.104462951421738 0.135831668972969 0.201473474502563 0.35873943567276 0.647460699081421 0.774888575077057 0.853627324104309 0.888802528381348 0.899310171604156 0.925434708595276 0.97144341468811 0.988520324230194 0.968576908111572 0.964320182800293 0.9566530585289 0.899609625339508 0.825804948806763 0.85163813829422 0.731654405593872 0.48737969994545
-3.4e+38 -3.4e+38 -3.4e+38 -3.4e+38 -3.4e+38 0.349933415651321 0.378558248281479 0.452937960624695 0.563190579414368 0.597629010677338 0.667820751667023 0.644211173057556 0.634288370609283 0.540467917919159 0.665908455848694 0.764917612075806 0.891932129859924 0.924795806407928 0.891492128372192 0.903031289577484 0.481995582580566 0.0982466042041779 0.0861517563462257 0.0697730258107185 0.0750743225216866 0.096303254365921 0.111799709498882 0.142455607652664 0.204779490828514 0.307498514652252 0.4813571870327 0.654703617095947 0.761369585990906 0.851039826869965 0.865032911300659 0.931804656982422 0.974550604820251 0.981608867645264 0.971470832824707 0.937751531600952 0.964247465133667 0.946815431118011 0.930617153644562 0.902757167816162 0.82566100358963 0.610487759113312
-3.4e+38 -3.4e+38 -3.4e+38 -3.4e+38 -3.4e+38 -3.4e+38 0.345052003860474 0.407043159008026 0.542727828025818 0.57694011926651 0.631288707256317 0.598516643047333 0.60562139749527 0.614153683185577 0.656256377696991 0.840257406234741 0.880325198173523 0.886497974395752 0.94181352853775 0.635912537574768 0.542428731918335 0.100334294140339 0.0903165340423584 0.082007072865963 0.0837311446666718 0.0956014692783356 0.111015222966671 0.144517660140991 0.20255371928215 0.296440541744232 0.396346032619476 0.563808023929596 0.644585132598877 0.731800079345703 0.790940940380096 0.843867301940918 0.910310506820679 0.964175939559937 0.976446866989136 0.982151031494141 0.967854797840118 0.97167706489563 0.954558670520782 0.914259016513824 0.892746925354004 0.776612401008606
-3.4e+38 -3.4e+38 -3.4e+38 -3.4e+38 -3.4e+38 -3.4e+38 0.258707284927368 0.334697246551514 0.422667324542999 0.514749646186829 0.52089387178421 0.536445736885071 0.672118902206421 0.731065988540649 0.63685154914856 0.797241687774658 0.868169128894806 0.920651853084564 0.942749798297882 0.888894200325012 0.404725283384323 0.088136114180088 0.0806272551417351 0.0740834549069405 0.0742712169885635 0.084969587624073 0.108761943876743 0.136736825108528 0.183211505413055 0.243450358510017 0.339915245771408 0.375587403774261 0.454918622970581 0.65203857421875 0.747348070144653 0.817267715930939 0.839432060718536 0.957176148891449 0.975876450538635 0.950438320636749 0.957702875137329 0.972589790821075 0.94007682800293 0.931087017059326 0.863326370716095 0.778500378131866
-3.4e+38 -3.4e+38 -3.4e+38 -3.4e+38 -3.4e+38 -3.4e+38 0.142172008752823 0.22451077401638 0.301429182291031 0.437283009290695 0.51320093870163 0.526533484458923 0.604597508907318 0.659313559532166 0.825873970985413 0.786965429782867 0.900183022022247 0.898686587810516 0.91687935590744 0.94953316450119 0.577195942401886 0.103153690695763 0.0816221088171005 0.0768806412816048 0.0797381848096848 0.077999584376812 0.0871666371822357 0.10825027525425 0.132688537240028 0.189600169658661 0.23832394182682 0.301880866289139 0.367870956659317 0.515683710575104 0.648027002811432 0.725528061389923 0.824573576450348 0.898595571517944 0.934669971466064 0.913002848625183 0.931734383106232 0.916178107261658 0.920327126979828 0.937052071094513 0.922980785369873 0.870611786842346
-3.4e+38 -3.4e+38 -3.4e+38 -3.4e+38 -3.4e+38 -3.4e+38 0.101713955402374 0.170497968792915 0.26399102807045 0.289512932300568 0.386498004198074 0.495619833469391 0.566287696361542 0.576621055603027 0.705609083175659 0.852950215339661 0.675066709518433 0.772695481777191 0.926252722740173 0.9505854845047 0.562973380088806 0.133053481578827 0.142309457063675 0.0741116032004356 0.0689446106553078 0.0676216706633568 0.0734186321496964 0.0820038393139839 0.100773856043816 0.131575226783752 0.175250172615051 0.230990469455719 0.26714751124382 0.335782140493393 0.540952563285828 0.784663736820221 0.819575190544128 0.885189473628998 0.861930966377258 0.879022717475891 0.914064586162567 0.910023629665375 0.908652007579803 0.964554250240326 0.937562048435211 0.86752325296402
-3.4e+38 -3.4e+38 -3.4e+38 -3.4e+38 -3.4e+38 -3.4e+38 0.0848526284098625 0.161137342453003 0.227558225393295 0.274547636508942 0.35553765296936 0.463244944810867 0.524195551872253 0.556083381175995 0.526319026947021 0.702652633190155 0.712453901767731 0.656524479389191 0.92073518037796 0.924012959003448 0.446305572986603 0.156059399247169 0.177271544933319 0.080981157720089 0.0664212107658386 0.0553140565752983 0.0574501752853394 0.0618702061474323 0.0765480324625969 0.0998066589236259 0.133771568536758 0.169584855437279 0.227641299366951 0.282220989465714 0.407885938882828 0.607126653194427 0.796984910964966 0.844295918941498 0.834781289100647 0.880152940750122 0.90327787399292 0.879935383796692 0.84006142616272 0.944248914718628 0.958258509635925 0.868336617946625
-3.4e+38 -3.4e+38 -3.4e+38 -3.4e+38 -3.4e+38 -3.4e+38 0.0821525081992149 0.124797165393829 0.181482017040253 0.233158975839615 0.297466427087784 0.43494376540184 0.469412595033646 0.417441964149475 0.46283632516861 0.608847677707672 0.776427090167999 0.770112752914429 0.83341258764267 0.909401535987854 0.715727925300598 0.36304497718811 0.224621474742889 0.0979088470339775 0.0603343471884727 0.0479243993759155 0.0489083267748356 0.0486451908946037 0.0572552606463432 0.0675420612096786 0.102728985249996 0.120194770395756 0.159922018647194 0.219748333096504 0.297775745391846 0.474552422761917 0.689673900604248 0.720717668533325 0.831543624401093 0.889600455760956 0.85832953453064 0.870189011096954 0.874860823154449 0.928268074989319 0.960694670677185 0.910879611968994
-3.4e+38 -3.4e+38 -3.4e+38 -3.4e+38 -3.4e+38 -3.4e+38 0.0763889625668526 0.117526836693287 0.171354681253433 0.219196498394012 0.276236236095428 0.422001600265503 0.464116007089615 0.379293620586395 0.532481253147125 0.617630839347839 0.585577964782715 0.684615910053253 0.838880240917206 0.767242848873138 0.695405721664429 0.56831419467926 0.298007667064667 0.147614657878876 0.0543964095413685 0.0432459004223347 0.0389675945043564 0.0399205684661865 0.0423766151070595 0.0706270560622215 0.150036111474037 0.0904267579317093 0.114331193268299 0.152238816022873 0.218809366226196 0.30569663643837 0.561259567737579 0.721822082996368 0.805141091346741 0.841736137866974 0.869236528873444 0.837988615036011 0.794518113136292 0.819169938564301 0.892766773700714 0.91232031583786
-3.4e+38 -3.4e+38 -3.4e+38 -3.4e+38 -3.4e+38 -3.4e+38 -3.4e+38 0.126396685838699 0.16808220744133 0.192877233028412 0.256442189216614 0.439761936664581 0.512320280075073 0.400118142366409 0.53058648109436 0.662569582462311 0.536791622638702 0.467658132314682 0.733727693557739 0.671512126922607 0.596760451793671 0.399829387664795 0.452841699123383 0.15212544798851 0.0734102576971054 0.0455854199826717 0.0404521897435188 0.0348552502691746 0.0374849587678909 0.0415041297674179 0.0505192056298256 0.068621426820755 0.0769992992281914 0.107749626040459 0.140292584896088 0.216196611523628 0.402937352657318 0.652106642723083 0.788687407970428 0.797862231731415 0.777267217636108 0.772080481052399 0.790570855140686 0.865156650543213 0.856230497360229 0.923473179340363
-3.4e+38 -3.4e+38 -3.4e+38 -3.4e+38 -3.4e+38 -3.4e+38 -3.4e+38 0.104828767478466 0.17036072909832 0.243089079856873 0.222272872924805 0.321801543235779 0.469798713922501 0.455482602119446 0.436677932739258 0.666532933712006 0.544458627700806 0.41514778137207 0.450186908245087 0.52710235118866 0.408948630094528 0.336223483085632 0.507829964160919 0.290865510702133 0.193204894661903 0.0730466917157173 0.0449883006513119 0.0359170027077198 0.0353081673383713 0.0385641120374203 0.0429742150008678 0.0516456291079521 0.0577102601528168 0.0777562707662582 0.111498884856701 0.163359627127647 0.304660886526108 0.56442528963089 0.676110446453094 0.720291674137115 0.700531661510468 0.704420626163483 0.747274458408356 0.722604930400848 0.774360775947571 0.876909077167511
-339999999999999996123846586046231871488.000000000000000 -3.4e+38 -3.4e+38 -3.4e+38 -3.4e+38 -3.4e+38 -3.4e+38 0.059513945132494 0.124916553497314 0.210975095629692 0.263711094856262 0.282502800226212 0.431001216173172 0.501800537109375 0.372546523809433 0.439744770526886 0.586384773254395 0.527411818504333 0.593551814556122 0.479066848754883 0.36065736413002 0.437230378389359 0.439782798290253 0.306331753730774 0.329537153244019 0.158264860510826 0.0675346180796623 0.0423845089972019 0.036275576800108 0.0363213643431664 0.0428133830428123 0.0446958094835281 0.0506708435714245 0.0674813538789749 0.0935253873467445 0.141087293624878 0.209436908364296 0.403385281562805 0.643543004989624 0.66132253408432 0.654489576816559 0.699855387210846 0.681761026382446 0.701449334621429 0.698931038379669 0.833355128765106
-3.4e+38 -3.4e+38 -3.4e+38 -3.4e+38 -3.4e+38 -3.4e+38 -3.4e+38 0.0578505471348763 0.0962900966405869 0.167022973299026 0.214124470949173 0.274128615856171 0.372380971908569 0.376498878002167 0.405574262142181 0.399937927722931 0.614045798778534 0.642341017723083 0.694989025592804 0.693876087665558 0.484369397163391 0.489698708057404 0.572636723518372 0.550838232040405 0.456534683704376 0.183126464486122 0.150432527065277 0.0554258339107037 0.0401615686714649 0.0405375547707081 0.0413658544421196 0.0476808398962021 0.0500118732452393 0.0557231158018112 0.083892710506916 0.12174067646265 0.17641419172287 0.307759672403336 0.473706066608429 0.618983507156372 0.652020335197449 0.674361646175385 0.633303761482239 0.668253600597382 0.786191821098328 0.855358779430389
-3.4e+38 -3.4e+38 -3.4e+38 -3.4e+38 -3.4e+38 -3.4e+38 -3.4e+38 -3.4e+38 0.0847623869776726 0.105386331677437 0.148850679397583 0.19723142683506 0.286857187747955 0.365842342376709 0.345090270042419 0.304899603128433 0.362032800912857 0.521381258964539 0.680311679840088 0.714193999767303 0.507591724395752 0.475478827953339 0.43432804942131 0.491868674755096 0.462822884321213 0.248567372560501 0.185345157980919 0.0601015277206898 0.0533645786345005 0.0450695864856243 0.0479669794440269 0.0504546202719212 0.0536668486893177 0.0641626566648483 0.0809117406606674 0.110603593289852 0.147972866892815 0.204206541180611 0.32573014497757 0.501975178718567 0.526355981826782 0.612427711486816 0.620810806751251 0.573229610919952 0.652351319789886 0.707998692989349
-3.4e+38 -3.4e+38 -3.4e+38 -3.4e+38 -3.4e+38 -3.4e+38 -3.4e+38 -3.4e+38 -3.4e+38 0.0694431886076927 0.0988514572381973 0.146367132663727 0.221220880746841 0.260373294353485 0.365803062915802 0.331014424562454 0.2559614777565 0.312819242477417 0.420098721981049 0.536507368087769 0.562095105648041 0.556055128574371 0.468607693910599 0.419848203659058 0.341113388538361 0.443646013736725 0.141071930527687 0.0782618299126625 0.0622320547699928 0.0602175071835518 0.0550011433660984 0.0551955960690975 0.0584598332643509 0.0665195360779762 0.0847438797354698 0.115312449634075 0.132676661014557 0.139791280031204 0.220459461212158 0.424044579267502 0.549780189990997 0.61159485578537 0.630192279815674 0.576762795448303 0.561653196811676 0.708571434020996
