data/climate_estimation/maxent_output/Calochortus_macrocarpus.asc
NCOLS 136 
NROWS 170 
XLLCORNER -123.083333333333 
YLLCORNER 40.0833333333333 
CELLSIZE 0.0833333333333333 
NODATA_value -3.4e+38 
[rows 100 to 119 of 170, columns 0 to 43 of 136]
0.0102783711627126 0.0217716339975595 0.049261499196291 0.0688188523054123 0.0439030416309834 0.0280292145907879 0.0190847925841808 0.0161450188606977 0.0133898686617613 0.0101471897214651 0.0113524459302425 0.0104032652452588 0.0185905955731869 0.037628561258316 0.0586090758442879 0.0622838288545609 0.146133333444595 0.311707228422165 0.475263893604279 0.574882626533508 0.622829794883728 0.650873780250549 0.69009256362915 0.740282297134399 0.752272844314575 0.759713590145111 0.759382486343384 0.762719094753265 0.79098254442215 0.833580553531647 0.869797170162201 0.889022052288055 0.901070713996887 0.911615431308746 0.907293200492859 0.864289879798889 0.784623920917511 0.703502476215363 0.605453193187714 0.531726539134979 0.484089612960815 0.459947347640991 0.549131095409393 0.643170356750488
0.0108510227873921 0.025875099003315 0.0736807882785797 0.0809179842472076 0.0551976040005684 0.0405390523374081 0.0295297540724277 0.0201979298144579 0.0127878617495298 0.0123143065720797 0.0105243297293782 0.0136340167373419 0.0211865827441216 0.035566721111536 0.0697908774018288 0.115750230848789 0.200685456395149 0.35547661781311 0.55668443441391 0.631048142910004 0.628807187080383 0.664736390113831 0.744274199008942 0.754622459411621 0.754266202449799 0.756550490856171 0.780105352401733 0.783491671085358 0.815750002861023 0.849538505077362 0.863505721092224 0.852250218391418 0.868453800678253 0.864576876163483 0.811739325523376 0.628209829330444 0.539820969104767 0.417539358139038 0.476037085056305 0.532056629657745 0.540849983692169 0.617127120494843 0.668873727321625 0.676984548568726
0.0201186370104551 0.0240425430238247 0.074167937040329 0.0953490138053894 0.0772928595542908 0.0502681657671928 0.0394732877612114 0.0277396086603403 0.0137323932722211 0.0106524704024196 0.0124428179115057 0.0182414371520281 0.0203703697770834 0.0459388308227062 0.119738176465034 0.199724987149239 0.239278092980385 0.435641974210739 0.625042378902435 0.658738732337952 0.673543751239777 0.674702763557434 0.740114331245422 0.741224944591522 0.757708966732025 0.782250583171844 0.815854966640472 0.792456567287445 0.794615387916565 0.801179051399231 0.727030694484711 0.714884400367737 0.676602780818939 0.611173868179321 0.478829205036163 0.567820966243744 0.514396846294403 0.558146595954895 0.571281433105469 0.593055963516235 0.653575301170349 0.677603900432587 0.717348515987396 0.748238146305084
0.0639806687831879 0.0606127940118313 0.0621126480400562 0.0936614573001862 0.103423103690147 0.0801288634538651 0.0572424121201038 0.0427406206727028 0.0337397493422031 0.0229623261839151 0.0219257548451424 0.0256113819777966 0.0434338562190533 0.0596424154937267 0.0532980225980282 0.0387384109199047 0.0821201056241989 0.318321764469147 0.575025856494904 0.614678919315338 0.692243456840515 0.708560109138489 0.395336300134659 0.440274119377136 0.515434324741364 0.760650336742401 0.797920167446136 0.840471625328064 0.861135423183441 0.879935503005981 0.823878467082977 0.736617982387543 0.72916853427887 0.716753840446472 0.670232534408569 0.620175838470459 0.620774805545807 0.633674502372742 0.661389231681824 0.728183269500732 0.73648327589035 0.735939264297485 0.752676248550415 0.770960807800293
0.0780260488390923 0.0836012586951256 0.0854372009634972 0.0655152648687363 0.0841856822371483 0.0864767134189606 0.068865641951561 0.0580350868403912 0.0522756725549698 0.0377712808549404 0.0260364077985287 0.017357537522912 0.0159773398190737 0.0237286426126957 0.0318071655929089 0.0453772507607937 0.12561808526516 0.305743902921677 0.339486926794052 0.340572476387024 0.639003872871399 0.700312912464142 0.70290195941925 0.740330934524536 0.805240035057068 0.831034302711487 0.845795631408691 0.892917692661285 0.913509726524353 0.893746912479401 0.86480450630188 0.806816637516022 0.685844123363495 0.69300502538681 0.707380771636963 0.730958938598633 0.739296913146973 0.73999160528183 0.751756846904755 0.79535984992981 0.798360049724579 0.784228503704071 0.814416825771332 0.827884495258331
0.0597661249339581 0.0826829522848129 0.0824477225542068 0.0892936438322067 0.0723206177353859 0.0789240226149559 0.0519178137183189 0.0372143052518368 0.031296081840992 0.025472404435277 0.0177728869020939 0.0188909079879522 0.0226360615342855 0.019105602055788 0.0245661679655313 0.0411279313266277 0.0293931514024734 0.141007900238037 0.161676213145256 0.270433932542801 0.576191484928131 0.682077050209045 0.705865323543549 0.780745029449463 0.820612907409668 0.828720152378082 0.874113142490387 0.902815937995911 0.928153574466705 0.918420732021332 0.894477546215057 0.792161405086517 0.797568142414093 0.783848524093628 0.827080070972443 0.817061722278595 0.798510015010834 0.800201535224915 0.822043538093567 0.814707100391388 0.802123486995697 0.844601452350616 0.858550310134888 0.861353754997253
0.0389178954064846 0.052453450858593 0.0775686502456665 0.0843511447310448 0.0715019106864929 0.0658615529537201 0.0531484037637711 0.0433838702738285 0.0321069583296776 0.0211810935288668 0.0182628389447927 0.0214243028312922 0.0264806598424911 0.0294253993779421 0.032100323587656 0.02275943569839 0.00441974168643355 0.0191506464034319 0.0516651645302773 0.104121811687946 0.435567736625671 0.679880440235138 0.699955523014069 0.71685779094696 0.762671947479248 0.840874910354614 0.865911602973938 0.895593166351318 0.916730344295502 0.9117511510849 0.848725199699402 0.866369128227234 0.899581432342529 0.865524709224701 0.882344603538513 0.886327981948853 0.835873126983643 0.840384840965271 0.848040997982025 0.847409129142761 0.852384626865387 0.846569120883942 0.844138383865356 0.846867918968201
0.0563331358134747 0.0723262429237366 0.0593977011740208 0.079971082508564 0.0733350291848183 0.0582923218607903 0.0405360460281372 0.0284350048750639 0.02613265812397 0.0214786473661661 0.0173123273998499 0.0160074178129435 0.0114467656239867 0.03048394061625 0.0304535776376724 0.0220860075205564 0.0229607578366995 0.0381851494312286 0.042165495455265 0.158216640353203 0.543630301952362 0.673439860343933 0.695310056209564 0.706972181797028 0.801811993122101 0.849374115467072 0.87791633605957 0.88930356502533 0.899214804172516 0.900070190429688 0.840126216411591 0.897125005722046 0.890920341014862 0.888366222381592 0.891597807407379 0.880110740661621 0.869558393955231 0.873468697071075 0.863644421100616 0.859692394733429 0.848928511142731 0.842564463615417 0.849585652351379 0.832941830158234
0.0621473975479603 0.0704242810606956 0.072571687400341 0.0759959518909454 0.0707273781299591 0.0608739703893661 0.0432862415909767 0.0226078797131777 0.0180251840502024 0.0142975905910134 0.0162344817072153 0.0149412145838141 0.0118306428194046 0.0132351843640208 0.024202574044466 0.0262572038918734 0.0405214689671993 0.0869919508695602 0.111000508069992 0.349326014518738 0.634947121143341 0.658372402191162 0.69820499420166 0.75823962688446 0.79131555557251 0.84847104549408 0.86831146478653 0.879655182361603 0.894892632961273 0.897720515727997 0.863757967948914 0.869531035423279 0.876894950866699 0.872518122196198 0.87397289276123 0.872124254703522 0.863521695137024 0.864209711551666 0.85390317440033 0.851320743560791 0.839280247688293 0.836544930934906 0.834997951984406 0.818869650363922
0.0616792365908623 0.0663018152117729 0.0703359171748161 0.0712514147162437 0.0656760409474373 0.0529085136950016 0.0363258011639118 0.0194057114422321 0.0100546786561608 0.00567971030250192 0.00809987727552652 0.0168586447834969 0.0181110426783562 0.0137689476832747 0.019529877230525 0.0430088713765144 0.0588716045022011 0.0927568674087524 0.232616558670998 0.367390483617783 0.633222222328186 0.658996284008026 0.694274604320526 0.744670271873474 0.80385959148407 0.842353343963623 0.851093769073486 0.862905859947205 0.87990403175354 0.877589464187622 0.847829461097717 0.80824488401413 0.862523436546326 0.85479474067688 0.85716325044632 0.854332566261292 0.849558174610138 0.841159284114838 0.841190099716187 0.841070950031281 0.82477593421936 0.81624710559845 0.802694857120514 0.775745034217834
0.0601322539150715 0.0675657689571381 0.0667623952031136 0.0673471465706825 0.0497424341738224 0.027230815961957 0.0126200625672936 0.0112342732027173 0.00597076443955302 0.00587129686027765 0.00775504484772682 0.0124351354315877 0.0334633104503155 0.0362249575555325 0.0439601838588715 0.0367771498858929 0.0556574054062366 0.082959771156311 0.278730690479279 0.444725215435028 0.498569518327713 0.651307642459869 0.684491515159607 0.750107407569885 0.794342279434204 0.809390425682068 0.828105747699738 0.823126435279846 0.855122089385986 0.859797239303589 0.858385801315308 0.833601713180542 0.848187744617462 0.837213933467865 0.833804666996002 0.826619505882263 0.812227308750153 0.803922951221466 0.8233283162117 0.795127034187317 0.802185833454132 0.803650796413422 0.81207275390625 0.814186215400696
0.0579781197011471 0.064101904630661 0.0645151436328888 0.0480498634278774 0.0212972275912762 0.0120122376829386 0.00730523047968745 0.00792507641017437 0.00778130441904068 0.00729939434677362 0.00906123593449593 0.015587218105793 0.0301946382969618 0.0201508440077305 0.0649057105183601 0.0407746806740761 0.0587365515530109 0.20458996295929 0.331638813018799 0.48995116353035 0.589517533779144 0.608326315879822 0.554914474487305 0.720335423946381 0.801463961601257 0.793427884578705 0.820274651050568 0.82334691286087 0.826554596424103 0.83052122592926 0.839681029319763 0.807978570461273 0.835654377937317 0.819867312908173 0.827585518360138 0.821140706539154 0.795900344848633 0.778488576412201 0.801440000534058 0.809818625450134 0.804812848567963 0.822654128074646 0.813383042812347 0.806317746639252
0.0485361441969872 0.0554612800478935 0.048806194216013 0.0388608127832413 0.0194847844541073 0.00797513592988253 0.00520406477153301 0.00503360480070114 0.00724977487698197 0.00970999617129564 0.0114858541637659 0.011684357188642 0.0221661701798439 0.0272292457520962 0.0524350367486477 0.0382522568106651 0.0470784567296505 0.161208897829056 0.330833971500397 0.499796509742737 0.604574501514435 0.653038084506989 0.739199817180634 0.775928139686584 0.752746760845184 0.827768266201019 0.830010116100311 0.831763625144958 0.836069762706757 0.821435987949371 0.831968486309052 0.747097671031952 0.809539973735809 0.824172854423523 0.814438283443451 0.814559638500214 0.822556257247925 0.820590615272522 0.81852263212204 0.808541238307953 0.815793454647064 0.815241694450378 0.818039357662201 0.798170447349548
0.0494178049266338 0.0486108548939228 0.0457801222801208 0.0384157299995422 0.0249094758182764 0.0168583616614342 0.0134107526391745 0.0130469687283039 0.013705138117075 0.0122859133407474 0.0131179466843605 0.019924208521843 0.03978481143713 0.0544119067490101 0.0469872914254665 0.0247952062636614 0.0564644932746887 0.148914977908134 0.309230357408524 0.472958236932755 0.616216063499451 0.714806139469147 0.757276237010956 0.782580554485321 0.783684909343719 0.793516457080841 0.826649367809296 0.82832145690918 0.825744271278381 0.821643352508545 0.822451710700989 0.805807113647461 0.760557532310486 0.81964385509491 0.807824671268463 0.818988502025604 0.810077726840973 0.820163726806641 0.81974995136261 0.805571138858795 0.806463003158569 0.80043888092041 0.781356275081635 0.785836935043335
0.0501786470413208 0.0473746806383133 0.0433166474103928 0.0337403267621994 0.0251461081206799 0.014148517511785 0.0124119305983186 0.012852213345468 0.0133481584489346 0.0159835144877434 0.0265331473201513 0.0393457189202309 0.0514911860227585 0.0605812929570675 0.0532756261527538 0.0148956384509802 0.0678344964981079 0.183779954910278 0.349958211183548 0.469908624887466 0.638147115707397 0.745583236217499 0.806836724281311 0.82342928647995 0.819031298160553 0.822442829608917 0.823521256446838 0.808675706386566 0.823748767375946 0.776535153388977 0.817955851554871 0.81784850358963 0.814735114574432 0.757153391838074 0.819921910762787 0.817552804946899 0.823398530483246 0.803572297096252 0.812262237071991 0.807953178882599 0.817487776279449 0.807915091514587 0.815230190753937 0.808720529079437
0.0470387414097786 0.0447028912603855 0.0415086448192596 0.0386942736804485 0.0234397128224373 0.0102391475811601 0.00912931933999062 0.0101385870948434 0.0151064665988088 0.019901480525732 0.0228216014802456 0.0416268929839134 0.0413070470094681 0.0868769511580467 0.0608896277844906 0.023980176076293 0.115395121276379 0.326414883136749 0.340972393751144 0.554423391819 0.67518150806427 0.797464668750763 0.847117185592651 0.840993702411652 0.838427126407623 0.734141230583191 0.70129406452179 0.634420394897461 0.804823875427246 0.792434394359589 0.733982503414154 0.775127708911896 0.814634621143341 0.818238914012909 0.827736437320709 0.816223680973053 0.798117756843567 0.789192259311676 0.818512797355652 0.80351197719574 0.824798405170441 0.793666005134583 0.795931935310364 0.79254561662674
0.0431037172675133 0.0433915331959724 0.0383579842746258 0.0345909595489502 0.0220472123473883 0.0126237319782376 0.0126065267249942 0.0148004582151771 0.0189014468342066 0.0244377721101046 0.0328135415911674 0.0467206500470638 0.0579561591148376 0.0798936411738396 0.0625574290752411 0.0520201958715916 0.264332711696625 0.360132306814194 0.35160768032074 0.53351628780365 0.711461067199707 0.826569437980652 0.846891045570374 0.826058149337769 0.741104125976562 0.597018241882324 0.599882900714874 0.56484454870224 0.681932866573334 0.746406257152557 0.689262211322784 0.743237972259521 0.785546481609344 0.80272912979126 0.812007069587708 0.808501720428467 0.801430881023407 0.809093475341797 0.813201189041138 0.813578009605408 0.816577851772308 0.797038435935974 0.824957251548767 0.828696727752686
0.0441964492201805 0.03909757360816 0.0308010801672935 0.0327005460858345 0.0229627043008804 0.015786862000823 0.0170146077871323 0.0200769975781441 0.024321248754859 0.0292722322046757 0.0375644378364086 0.052266787737608 0.0699639841914177 0.0965008586645126 0.0485977604985237 0.114253886044025 0.381992220878601 0.388527065515518 0.366943359375 0.502121090888977 0.764205813407898 0.840759038925171 0.834649264812469 0.733692228794098 0.716416418552399 0.578444480895996 0.613919973373413 0.7251136302948 0.728949248790741 0.741372883319855 0.720684409141541 0.725257515907288 0.729034245014191 0.706899464130402 0.670273184776306 0.743806183338165 0.737777531147003 0.766239106655121 0.796553313732147 0.829049289226532 0.826780796051025 0.810400664806366 0.775364756584167 0.79439914226532
0.0457793064415455 0.0392290875315666 0.0302722360938787 0.0286363027989864 0.0248595979064703 0.0198598559945822 0.0198822524398565 0.0230890344828367 0.0297442805022001 0.0363842844963074 0.0513542033731937 0.0505161210894585 0.0993690565228462 0.127576529979706 0.0958117619156837 0.164077684283257 0.367680251598358 0.413200318813324 0.532402455806732 0.689092099666595 0.804706752300262 0.868584215641022 0.884083867073059 0.835198044776917 0.794531762599945 0.773346662521362 0.788820922374725 0.807132005691528 0.830066084861755 0.817042648792267 0.798311114311218 0.785403072834015 0.727653920650482 0.758227467536926 0.784919857978821 0.792447030544281 0.783048391342163 0.778963506221771 0.774192214012146 0.776265144348145 0.785447597503662 0.835212588310242 0.821555256843567 0.81865918636322
0.0447413921356201 0.0291196163743734 0.0216422192752361 0.0246063806116581 0.0205214377492666 0.0199746415019035 0.0218898598104715 0.0262165497988462 0.0357281938195229 0.0437072813510895 0.0664193481206894 0.0796126127243042 0.147668659687042 0.156090930104256 0.0890500247478485 0.110504865646362 0.26080846786499 0.486686646938324 0.623233437538147 0.737316191196442 0.803719043731689 0.838818192481995 0.884575545787811 0.864705622196198 0.822799623012543 0.790020883083344 0.831154048442841 0.853345692157745 0.84914356470108 0.840645015239716 0.82149612903595 0.794987261295319 0.729377329349518 0.752307534217834 0.793460547924042 0.810633420944214 0.820675313472748 0.824633359909058 0.829545617103577 0.834329187870026 0.830049157142639 0.845894813537598 0.8311847448349 0.833371579647064
