data/climate_estimation/maxent_output/Calochortus_purpureus.asc
NCOLS 273 
NROWS 207 
XLLCORNER -115.416666666667 
YLLCORNER 15.75 
CELLSIZE 0.0833333333333333 
NODATA_value -3.4e+38 
[rows 110 to 131 of 207, columns 100 to 149 of 273]
-3.4e+38 -3.4e+38 0.00119766313582659 0.00132976518943906 0.00677563436329365 0.00733645260334015 0.033732995390892 0.16494907438755 0.14346843957901 0.120734706521034 0.115631006658077 0.124579206109047 0.0842871889472008 0.0682572424411774 0.075645700097084 0.187304884195328 0.156105995178223 0.209249570965767 0.10049594193697 0.12726192176342 0.214468985795975 0.308906525373459 0.386768877506256 0.371991366147995 0.433866411447525 0.46005442738533 0.464032053947449 0.495510190725327 0.549189507961273 0.611943364143372 0.625083327293396 0.468242168426514 0.439944893121719 0.154002919793129 0.169278666377068 0.177878826856613 0.186552852392197 0.548619866371155 0.603894710540771 0.505262970924377 0.42358860373497 0.439930498600006 0.494857996702194 0.486196547746658 0.513762414455414 0.622196912765503 0.530121207237244 0.410960733890533 0.274370342493057 0.276986390352249
-3.4e+38 -3.4e+38 0.00124502123799175 0.00145215017255396 0.00179560575634241 0.00954755302518606 0.00869636982679367 0.124840870499611 0.174365252256393 0.11111656576395 0.0948992744088173 0.0618098229169846 0.0512276776134968 0.0567289814352989 0.0954135060310364 0.143654212355614 0.0704658776521683 0.0905141308903694 0.10803596675396 0.0893491506576538 0.151826322078705 0.317475110292435 0.360022634267807 0.342745900154114 0.403538554906845 0.466616302728653 0.45708379149437 0.444568544626236 0.537649869918823 0.651925802230835 0.740022003650665 0.410601913928986 0.159084558486938 0.136943235993385 0.0400331690907478 0.176725074648857 0.194436594843864 0.540686547756195 0.670538604259491 0.601516604423523 0.56544303894043 0.535746037960052 0.487472802400589 0.60443526506424 0.441855549812317 0.567661941051483 0.469266444444656 0.390637457370758 0.344152092933655 0.325924158096313
-3.4e+38 -3.4e+38 -3.4e+38 0.00155718869064003 0.00880532059818506 0.0114537887275219 0.0111201396211982 0.0439962595701218 0.207563102245331 0.12520657479763 0.0769262611865997 0.0365645065903664 0.0385284647345543 0.0598995834589005 0.148811191320419 0.204813599586487 0.186429157853127 0.183300137519836 0.244279563426971 0.159248217940331 0.133266046643257 0.283537834882736 0.30610004067421 0.313864707946777 0.371338754892349 0.331355452537537 0.45383632183075 0.580380737781525 0.694093286991119 0.712195515632629 0.806210458278656 0.407283663749695 0.256206184625626 0.154823049902916 0.210386648774147 0.548361361026764 0.212472155690193 0.209234610199928 0.543899118900299 0.695879280567169 0.604748427867889 0.459874898195267 0.470922023057938 0.442648142576218 0.529608428478241 0.512785077095032 0.44155153632164 0.389355778694153 0.377105921506882 0.301219463348389
-3.4e+38 -3.4e+38 -3.4e+38 -3.4e+38 0.00866788346320391 0.00987621024250984 0.00976326409727335 0.0485422201454639 0.13886658847332 0.180470913648605 0.100326329469681 0.0521786063909531 0.0647708252072334 0.0689825788140297 0.159332767128944 0.104736164212227 0.166036352515221 0.138744041323662 0.15371185541153 0.202638104557991 0.117574222385883 0.242136493325233 0.275744825601578 0.339259117841721 0.30314376950264 0.390219837427139 0.400141060352325 0.493175715208054 0.604182124137878 0.705504059791565 0.785097777843475 0.418824106454849 0.199379488825798 0.521432220935822 0.565812706947327 0.226792395114899 0.63800972700119 0.560848355293274 0.579889476299286 0.518347799777985 0.602587580680847 0.43474018573761 0.438940286636353 0.428410649299622 0.427791506052017 0.432991206645966 0.428957790136337 0.398853898048401 0.334558129310608 0.269917547702789
-3.4e+38 -3.4e+38 -3.4e+38 -3.4e+38 -3.4e+38 0.0100725684314966 0.0105426674708724 0.0493887327611446 0.146362647414207 0.181613236665726 0.177354037761688 0.108989879488945 0.0863075852394104 0.0834390595555305 0.104408569633961 0.123990319669247 0.0760849788784981 0.14437960088253 0.181588694453239 0.197960868477821 0.147227019071579 0.241538614034653 0.149955198168755 0.212011530995369 0.357117146253586 0.381761610507965 0.370505481958389 0.536460876464844 0.673228561878204 0.798401892185211 0.485726624727249 0.385246366262436 0.304641932249069 0.63768082857132 0.642918050289154 0.620859801769257 0.863817989826202 0.610140800476074 0.822475552558899 0.777033925056458 0.597833693027496 0.478713035583496 0.439804375171661 0.507332026958466 0.427563369274139 0.387763261795044 0.412612497806549 0.359242171049118 0.297518223524094 0.277148813009262
-3.4e+38 -3.4e+38 -3.4e+38 -3.4e+38 -3.4e+38 -3.4e+38 0.0105611467733979 0.0490351989865303 0.148102074861526 0.221043929457664 0.22316862642765 0.206662699580193 0.138772115111351 0.0998174920678139 0.0936494171619415 0.12643675506115 0.0848089754581451 0.10761397331953 0.107805870473385 0.126299783587456 0.211498662829399 0.221405237913132 0.232035800814629 0.299766302108765 0.357377707958221 0.4255251288414 0.491726517677307 0.570431888103485 0.662892997264862 0.725939631462097 0.376340508460999 0.43299400806427 0.206299006938934 0.633012354373932 0.647051393985748 0.706071257591248 0.87902957201004 0.677169799804688 0.61361175775528 0.771568596363068 0.650358378887177 0.62428092956543 0.497134029865265 0.384704202413559 0.342686831951141 0.369959831237793 0.345064133405685 0.370841205120087 0.269196748733521 0.235236167907715
-3.4e+38 -3.4e+38 -3.4e+38 -3.4e+38 -3.4e+38 -3.4e+38 -3.4e+38 0.0499532073736191 0.051043163985014 0.159547433257103 0.245105013251305 0.230356425046921 0.204589009284973 0.141609370708466 0.0979394465684891 0.0966253057122231 0.094449982047081 0.0945248976349831 0.13287790119648 0.177500665187836 0.189625978469849 0.162412464618683 0.238869577646255 0.273879379034042 0.352336019277573 0.431749910116196 0.502706527709961 0.614142537117004 0.681248247623444 0.842283487319946 0.161746770143509 0.352983295917511 0.59271764755249 0.777401089668274 0.252721756696701 0.270113497972488 0.658017456531525 0.901748836040497 0.575068056583405 0.152336522936821 0.389747232198715 0.51500940322876 0.633609712123871 0.45560622215271 0.399413198232651 0.384478628635406 0.388944268226624 0.340685486793518 0.264169365167618 0.261809498071671
-3.4e+38 -3.4e+38 -3.4e+38 -3.4e+38 -3.4e+38 -3.4e+38 -3.4e+38 0.050702091306448 0.051711842417717 0.0546391904354095 0.170028075575829 0.152532145380974 0.214066788554192 0.171792596578598 0.129444614052773 0.101242326200008 0.114268906414509 0.10958731174469 0.127201914787292 0.176909074187279 0.188427001237869 0.209814071655273 0.260453462600708 0.282758384943008 0.378186076879501 0.377515703439713 0.506350159645081 0.395875543355942 0.475527673959732 0.444160759449005 0.195909947156906 0.162622228264809 0.729496896266937 0.744148433208466 0.236536383628845 0.239555731415749 0.247203797101974 0.734265804290771 0.578572750091553 0.164624333381653 0.429975032806396 0.390415370464325 0.517709016799927 0.486539125442505 0.38955095410347 0.349600851535797 0.356003165245056 0.308293849229813 0.294292956590652 0.330368727445602
-3.4e+38 -3.4e+38 -3.4e+38 -3.4e+38 -3.4e+38 -3.4e+38 -3.4e+38 -3.4e+38 0.0545853078365326 0.0576310269534588 0.0556213483214378 0.164349183440208 0.235299676656723 0.197085559368134 0.146902322769165 0.105418317019939 0.0884209349751472 0.0984431952238083 0.164630994200706 0.209975197911263 0.232415080070496 0.225898638367653 0.416247814893723 0.298710405826569 0.321852773427963 0.338595688343048 0.34775647521019 0.597457766532898 0.276823043823242 0.350488632917404 0.193132802844048 0.245044887065887 0.703516662120819 0.846349775791168 0.756384134292603 0.198732733726501 0.217773526906967 0.199729532003403 0.212836757302284 0.486448496580124 0.503621876239777 0.462576925754547 0.644229054450989 0.442883163690567 0.358507484197617 0.407741636037827 0.351832062005997 0.327757626771927 0.328535109758377 0.366514325141907
-3.4e+38 -3.4e+38 -3.4e+38 -3.4e+38 -3.4e+38 -3.4e+38 -3.4e+38 -3.4e+38 -3.4e+38 0.0594534985721111 0.0616599433124065 0.0585636533796787 0.171518668532372 0.146749451756477 0.200759753584862 0.14242696762085 0.102302521467209 0.0955552384257317 0.11913063377142 0.24484983086586 0.249827235937119 0.279652625322342 0.311073005199432 0.403098881244659 0.56660407781601 0.580105662345886 0.387706339359283 0.332666337490082 0.574744403362274 0.646914303302765 0.468271374702454 0.135471314191818 0.834651112556458 0.8745037317276 0.859623432159424 0.419812381267548 0.258246183395386 0.222438707947731 0.70462292432785 0.570775032043457 0.514512181282043 0.567726492881775 0.700587272644043 0.296399056911469 0.386202424764633 0.372533172369003 0.362227469682693 0.314154148101807 0.418471246957779 0.384578734636307
-3.4e+38 -3.4e+38 -3.4e+38 -3.4e+38 -3.4e+38 -3.4e+38 -3.4e+38 -3.4e+38 -3.4e+38 -3.4e+38 0.0134243862703443 0.0128257321193814 0.012120746076107 0.0528823621571064 0.0481320545077324 0.167646631598473 0.140247672796249 0.115093760192394 0.121636413037777 0.229168489575386 0.204908818006516 0.178507924079895 0.212656006217003 0.515292584896088 0.525757610797882 0.37325718998909 0.365902960300446 0.413139194250107 0.587877154350281 0.595100998878479 0.790937483310699 0.221439316868782 0.865301012992859 0.886997878551483 0.77641886472702 0.242259725928307 0.335076898336411 0.236062899231911 0.239915058016777 0.196518793702126 0.568134129047394 0.792485892772675 0.490038752555847 0.30550941824913 0.41814723610878 0.396761417388916 0.382567971944809 0.374108761548996 0.392838954925537 0.384935021400452
-3.4e+38 -3.4e+38 -3.4e+38 -3.4e+38 -3.4e+38 -3.4e+38 -3.4e+38 -3.4e+38 -3.4e+38 -3.4e+38 -3.4e+38 0.0125127956271172 0.0116511425003409 0.0103947315365076 0.0064124702475965 0.0242160055786371 0.098100908100605 0.0836125835776329 0.0209760423749685 0.0251428466290236 0.0177440904080868 0.0205094926059246 0.268327385187149 0.347908973693848 0.378379642963409 0.526597678661346 0.649710059165955 0.444509923458099 0.451454281806946 0.576959490776062 0.71638286113739 0.41684478521347 0.229224681854248 0.416379153728485 0.451113104820251 0.235095605254173 0.357152163982391 0.229547128081322 0.192976102232933 0.226165443658829 0.661796391010284 0.519296109676361 0.129891127347946 0.102829463779926 0.214137524366379 0.343879669904709 0.401145100593567 0.433289378881454 0.423177182674408 0.50000262260437
-3.4e+38 -3.4e+38 -3.4e+38 -3.4e+38 -3.4e+38 -3.4e+38 -3.4e+38 -3.4e+38 -3.4e+38 -3.4e+38 -3.4e+38 -3.4e+38 0.0109972571954131 0.00855003762990236 0.00512541690841317 0.00471632182598114 0.00473306607455015 0.0305306743830442 0.00521686533465981 0.00508923968300223 0.00293591269291937 0.00328680220991373 0.284328192472458 0.260960608720779 0.281614124774933 0.354256451129913 0.391889661550522 0.378521353006363 0.47398516535759 0.346487462520599 0.760109305381775 0.409282475709915 0.504540979862213 0.41031152009964 0.284920066595078 0.199126094579697 0.293563425540924 0.43086102604866 0.208915948867798 0.203197315335274 0.241184264421463 0.156440898776054 0.488583207130432 0.0985720902681351 0.0611055083572865 0.226387187838554 0.45491436123848 0.451789885759354 0.542578816413879 0.505540609359741
-3.4e+38 -3.4e+38 -3.4e+38 -3.4e+38 -3.4e+38 -3.4e+38 -3.4e+38 -3.4e+38 -3.4e+38 -3.4e+38 -3.4e+38 -3.4e+38 -3.4e+38 -3.4e+38 0.00715384632349014 0.00156915246043354 0.00641750684008002 0.00682603847235441 0.00587903801351786 0.0042653982527554 0.00322947138920426 0.0037196115590632 0.108017690479755 0.287196606397629 0.303776621818542 0.1330336779356 0.109895050525665 0.41840735077858 0.483575850725174 0.436069399118423 0.574933707714081 0.494709581136703 0.419189929962158 0.441222131252289 0.348834007978439 0.174827843904495 0.336434900760651 0.445692867040634 0.593202352523804 0.207950413227081 0.175838187336922 0.798319458961487 0.409790635108948 0.083513930439949 0.066253274679184 0.308287382125854 0.582659363746643 0.517413914203644 0.433475315570831 0.465088725090027
-3.4e+38 -3.4e+38 -3.4e+38 -3.4e+38 -3.4e+38 -3.4e+38 -3.4e+38 -3.4e+38 -3.4e+38 -3.4e+38 -3.4e+38 -3.4e+38 -3.4e+38 -3.4e+38 -3.4e+38 0.00189054082147777 0.00207547075115144 0.00758486846461892 0.00671402690932155 0.00429263152182102 0.00447840755805373 0.00345520814880729 0.0160244796425104 0.105192288756371 0.333268404006958 0.103865891695023 0.117078118026257 0.395832031965256 0.584186375141144 0.316477477550507 0.37469607591629 0.408836662769318 0.532166302204132 0.501530051231384 0.302877187728882 0.138192117214203 0.313874214887619 0.509325921535492 0.63195526599884 0.56294173002243 0.558485388755798 0.548551499843597 0.105690449476242 0.0767809078097343 0.0566565990447998 0.479279756546021 0.307163923978806 0.364589810371399 0.386494755744934 0.429786413908005
-3.4e+38 -3.4e+38 -3.4e+38 -3.4e+38 -3.4e+38 -3.4e+38 -3.4e+38 -3.4e+38 -3.4e+38 -3.4e+38 -3.4e+38 -3.4e+38 -3.4e+38 -3.4e+38 -3.4e+38 0.00231186021119356 0.00222369097173214 0.00179114134516567 0.00143716367892921 0.00551686901599169 0.00332862371578813 0.00448324903845787 0.00905429571866989 0.0261723641306162 0.173159122467041 0.118932917714119 0.104293376207352 0.547876715660095 0.24523451924324 0.316589713096619 0.31415069103241 0.349905759096146 0.302210211753845 0.532414138317108 0.251651793718338 0.31094354391098 0.367861270904541 0.674504280090332 0.842438280582428 0.580333828926086 0.830436527729034 0.840235531330109 0.513491094112396 0.117465510964394 0.125099122524261 0.459471434354782 0.315163999795914 0.344312608242035 0.450131118297577 0.355363875627518
-3.4e+38 -3.4e+38 -3.4e+38 -3.4e+38 -3.4e+38 -3.4e+38 -3.4e+38 -3.4e+38 -3.4e+38 -3.4e+38 -3.4e+38 -3.4e+38 -3.4e+38 -3.4e+38 -3.4e+38 -3.4e+38 0.00215976242907345 0.00191949028521776 0.00160462374333292 0.00610108627006412 0.00390759436413646 0.00396025972440839 0.00927257351577282 0.0198327582329512 0.00921364035457373 0.0123526342213154 0.184539601206779 0.235402256250381 0.175932481884956 0.361319988965988 0.183702319860458 0.27550134062767 0.486773669719696 0.509639859199524 0.370717465877533 0.383373320102692 0.559286832809448 0.631443738937378 0.645959675312042 0.620074510574341 0.545120239257812 0.656157374382019 0.477232933044434 0.481720060110092 0.143731564283371 0.14086377620697 0.354611337184906 0.455563634634018 0.48945364356041 0.499725550413132
-3.4e+38 -3.4e+38 -3.4e+38 -3.4e+38 -3.4e+38 -3.4e+38 -3.4e+38 -3.4e+38 -3.4e+38 -3.4e+38 -3.4e+38 -3.4e+38 -3.4e+38 -3.4e+38 -3.4e+38 -3.4e+38 0.00218009436503053 0.00205393391661346 0.00179366825614125 0.00144540215842426 0.00499325897544622 0.00438366970047355 0.00250794528983533 0.0153508950024843 0.00586378015577793 0.0254644732922316 0.621367514133453 0.252650678157806 0.154395908117294 0.429749101400375 0.20871376991272 0.370765119791031 0.491681724786758 0.361686795949936 0.564542472362518 0.286011397838593 0.739569664001465 0.282445460557938 0.269943386316299 0.643901526927948 0.572193801403046 0.288595795631409 0.639940500259399 0.636792957782745 0.551206290721893 0.182479456067085 0.465993672609329 0.581022083759308 0.5742347240448 0.553896605968475
-3.4e+38 -3.4e+38 -3.4e+38 -3.4e+38 -3.4e+38 -3.4e+38 -3.4e+38 -3.4e+38 -3.4e+38 -3.4e+38 -3.4e+38 -3.4e+38 -3.4e+38 -3.4e+38 -3.4e+38 -3.4e+38 -3.4e+38 0.00198992597870529 0.00851556099951267 0.00692145619541407 0.0059341904707253 0.00526698026806116 0.004721918143332 0.0166122000664473 0.0104182558134198 0.0235776137560606 0.120794661343098 0.247508227825165 0.229078188538551 0.309399455785751 0.178503349423409 0.155024468898773 0.33264485001564 0.294266104698181 0.578887701034546 0.443245619535446 0.342478632926941 0.316439211368561 0.294318020343781 0.713782250881195 0.638175904750824 0.266041964292526 0.288541972637177 0.852466404438019 0.657287895679474 0.640000343322754 0.746814548969269 0.700378239154816 0.688483476638794 0.526148736476898
-3.4e+38 -3.4e+38 -3.4e+38 -3.4e+38 -3.4e+38 -3.4e+38 -3.4e+38 -3.4e+38 -3.4e+38 -3.4e+38 -3.4e+38 -3.4e+38 -3.4e+38 -3.4e+38 -3.4e+38 -3.4e+38 -3.4e+38 0.00910362042486668 0.00830789655447006 0.0067579448223114 0.00550131360068917 0.0234818011522293 0.0190006569027901 0.00987965427339077 0.0104672806337476 0.00957344938069582 0.0186756029725075 0.199686959385872 0.169870153069496 0.119962356984615 0.0641574189066887 0.296220123767853 0.3920718729496 0.472312062978745 0.495416015386581 0.521581709384918 0.405069679021835 0.385185718536377 0.0997458398342133 0.919218957424164 0.840372264385223 0.799395442008972 0.936502456665039 0.914983630180359 0.73721969127655 0.299839377403259 0.70561671257019 0.805667817592621 0.760507643222809 0.603913486003876
-3.4e+38 -3.4e+38 -3.4e+38 -3.4e+38 -3.4e+38 -3.4e+38 -3.4e+38 -3.4e+38 -3.4e+38 -3.4e+38 -3.4e+38 -3.4e+38 -3.4e+38 -3.4e+38 -3.4e+38 -3.4e+38 -3.4e+38 0.00840990245342255 0.00764170242473483 0.00662826420739293 0.0257262960076332 0.0198304504156113 0.0459494180977345 0.0116222137585282 0.00425803055986762 0.0076263346709311 0.0277325659990311 0.027310149744153 0.187123164534569 0.14443826675415 0.0607954077422619 0.416759163141251 0.605682373046875 0.281864106655121 0.490862548351288 0.857169389724731 0.899426341056824 0.419061362743378 0.405565649271011 0.939296662807465 0.593083560466766 0.870494604110718 0.853068113327026 0.764777898788452 0.875697195529938 0.829861283302307 0.812560617923737 0.620003044605255 0.76538097858429 0.77913773059845
-3.4e+38 -3.4e+38 -3.4e+38 -3.4e+38 -3.4e+38 -3.4e+38 -3.4e+38 -3.4e+38 -3.4e+38 -3.4e+38 -3.4e+38 -3.4e+38 -3.4e+38 -3.4e+38 -3.4e+38 -3.4e+38 -3.4e+38 0.00770829617977142 0.00687764398753643 0.0300135891884565 0.0251394063234329 0.0632766112685204 0.0379765033721924 0.0320468954741955 0.00654674973338842 0.00333290221169591 0.00921915005892515 0.0140217924490571 0.156399056315422 0.0948036685585976 0.0539041310548782 0.369921773672104 0.568216860294342 0.377455204725266 0.485484778881073 0.868299961090088 0.785960137844086 0.469797879457474 0.467152029275894 0.915152728557587 0.625791907310486 0.922503769397736 0.940220594406128 0.943209767341614 0.820519804954529 0.754764795303345 0.893083691596985 0.733475089073181 0.753335058689117 0.756595253944397
