data/climate_estimation/maxent_output/Calochortus_exilis.asc
NCOLS 123 
NROWS 141 
XLLCORNER -108.583333333333 
YLLCORNER 18.6666666666667 
CELLSIZE 0.0833333333333333 
NODATA_value -3.4e+38 
[rows 80 to 99 of 141, columns 46 to 91 of 123]
0.990607380867004 0.987792730331421 0.995821237564087 0.962255656719208 0.510848820209503 0.396334826946259 0.126746073365211 0.805485546588898 0.620084285736084 0.928852319717407 0.974295854568481 0.998658418655396 0.987316310405731 0.977577924728394 0.958031415939331 0.958148241043091 0.95900022983551 0.890024363994598 0.785180032253265 0.694758117198944 0.746930599212646 0.778081834316254 0.750726163387299 0.776102483272552 0.775546073913574 0.699593424797058 0.667849361896515 0.570035219192505 0.506190001964569 0.607362270355225 0.622994422912598 0.649802923202515 0.590182840824127 0.609561443328857 0.646246075630188 0.559902608394623 0.543856263160706 0.221584901213646 0.200498163700104 0.200057715177536 0.297381013631821 0.251853972673416 0.254356056451797 0.205903336405754 0.154828920960426 0.204262316226959
0.964017987251282 0.986695230007172 0.988806903362274 0.908914566040039 0.514214396476746 0.495716542005539 0.84882652759552 0.99762624502182 0.749843657016754 0.672125995159149 0.961290001869202 0.996675133705139 0.996014416217804 0.945053160190582 0.937217831611633 0.931599855422974 0.907488942146301 0.871176600456238 0.79580944776535 0.722278237342834 0.81026816368103 0.836860775947571 0.824759781360626 0.830110609531403 0.765013933181763 0.737177491188049 0.676585614681244 0.635953724384308 0.558159232139587 0.628567636013031 0.60128253698349 0.569642543792725 0.580956280231476 0.589788615703583 0.611817359924316 0.604644954204559 0.561423718929291 0.201549842953682 0.178938880562782 0.188728019595146 0.333518892526627 0.308607250452042 0.229493424296379 0.188401147723198 0.177811950445175 0.213498994708061
0.906286835670471 0.948541402816772 0.992718756198883 0.861225664615631 0.444553375244141 0.990419805049896 0.999849379062653 0.858930706977844 0.999606072902679 0.974846839904785 0.976850926876068 0.957169950008392 0.938998878002167 0.89810311794281 0.951933443546295 0.971758782863617 0.913274347782135 0.848596453666687 0.852296471595764 0.832124173641205 0.764247298240662 0.803605377674103 0.821310341358185 0.799590826034546 0.80274111032486 0.774590015411377 0.651788413524628 0.629011809825897 0.55906867980957 0.557781934738159 0.565809190273285 0.515095114707947 0.555012941360474 0.556647062301636 0.59492290019989 0.601847171783447 0.538558483123779 0.477616786956787 0.182133063673973 0.167876705527306 0.170498684048653 0.366338551044464 0.318980604410172 0.204531624913216 0.162647366523743 0.210420235991478
0.938868880271912 0.974629282951355 0.996848404407501 0.818206965923309 0.678276419639587 0.999806880950928 0.99996417760849 0.999296367168427 0.999959170818329 0.995061635971069 0.998430967330933 0.999365985393524 0.97339653968811 0.948042869567871 0.971302568912506 0.998465716838837 0.977542996406555 0.958093583583832 0.964421808719635 0.971982300281525 0.807069897651672 0.763785064220428 0.763986170291901 0.785504519939423 0.806141436100006 0.762912809848785 0.663192987442017 0.569166898727417 0.545009791851044 0.522694170475006 0.489553302526474 0.497961580753326 0.526399612426758 0.527616798877716 0.577783644199371 0.612072169780731 0.585024952888489 0.502977788448334 0.421823859214783 0.168530106544495 0.234448209404945 0.231278643012047 0.400534927845001 0.305820345878601 0.178068786859512 0.235371738672256
0.927172064781189 0.992026269435883 0.919022262096405 0.870773434638977 0.862322926521301 0.999869883060455 0.999972701072693 0.999974071979523 0.99995344877243 0.999874293804169 0.995862364768982 0.99932587146759 0.997662842273712 0.99972140789032 0.998271524906158 0.974081933498383 0.949640095233917 0.921057045459747 0.950775921344757 0.935648322105408 0.798305034637451 0.749065339565277 0.747381210327148 0.812989592552185 0.769895792007446 0.720613718032837 0.303176790475845 0.249652490019798 0.464511662721634 0.453987509012222 0.433026880025864 0.443712711334229 0.491551995277405 0.513390481472015 0.537095248699188 0.625600576400757 0.60639613866806 0.546752154827118 0.200771063566208 0.178818970918655 0.237423196434975 0.267650187015533 0.385210514068604 0.374072045087814 0.303036153316498 0.177934154868126
0.922982811927795 0.986613214015961 0.463510423898697 0.738127946853638 0.997534334659576 0.999906301498413 0.961931347846985 0.948601543903351 0.999868214130402 0.999910831451416 0.998765170574188 0.668250799179077 0.977539241313934 0.996499359607697 0.999824106693268 0.997054040431976 0.987378656864166 0.923966467380524 0.967535555362701 0.889861822128296 0.789121508598328 0.791395723819733 0.792549908161163 0.726432919502258 0.728431582450867 0.387822598218918 0.04965740442276 0.243262216448784 0.477138370275497 0.442239165306091 0.426810413599014 0.445628464221954 0.447271198034286 0.489531099796295 0.552276849746704 0.651066482067108 0.620574295520782 0.577961325645447 0.213382974267006 0.200341507792473 0.228016197681427 0.212645724415779 0.423199146986008 0.577629923820496 0.334077954292297 0.207773089408875
0.717952311038971 0.820335328578949 0.344278305768967 0.479634046554565 0.99952620267868 0.999904692173004 0.894643783569336 0.847577095031738 0.927929818630219 0.999957084655762 0.998759508132935 0.755193650722504 0.995991230010986 0.995411932468414 0.99816358089447 0.997944533824921 0.973687708377838 0.924791395664215 0.932458162307739 0.884055137634277 0.839877307415009 0.880842328071594 0.869572281837463 0.727018594741821 0.393606066703796 0.39199435710907 0.0595199540257454 0.279297769069672 0.489759534597397 0.446950912475586 0.442881643772125 0.441789597272873 0.506351470947266 0.512788414955139 0.587409615516663 0.619694113731384 0.568810343742371 0.531372785568237 0.436095178127289 0.189152464270592 0.202079296112061 0.181049823760986 0.482299298048019 0.445329576730728 0.288886249065399 0.314332455396652
0.595881223678589 0.783749639987946 0.536158561706543 0.667576909065247 0.999128460884094 0.999915599822998 0.99994570016861 0.650451302528381 0.774972379207611 0.782073616981506 0.778026700019836 0.998947978019714 0.999789416790009 0.99969094991684 0.999875009059906 0.995548188686371 0.982554972171783 0.974474310874939 0.941131412982941 0.916745901107788 0.946779370307922 0.980021953582764 0.883937537670135 0.807399749755859 0.751498579978943 0.403779596090317 0.402727633714676 0.315718233585358 0.56654292345047 0.507149577140808 0.497664898633957 0.506950378417969 0.536923408508301 0.525676012039185 0.603901326656342 0.593539297580719 0.228968843817711 0.455396175384521 0.435994625091553 0.173337072134018 0.0259357448667288 0.225123599171638 0.193135336041451 0.329163551330566 0.226501315832138 0.39384663105011
0.948619425296783 0.969423115253448 0.889349818229675 0.510193586349487 0.999793410301208 0.999658763408661 0.999731600284576 0.793645262718201 0.613696455955505 0.786592543125153 0.999974548816681 0.999947607517242 0.999897718429565 0.999951601028442 0.999926507472992 0.987545669078827 0.995051026344299 0.983960866928101 0.960550427436829 0.959715902805328 0.998055338859558 0.997289001941681 0.964748561382294 0.860901594161987 0.82685798406601 0.786696970462799 0.488806366920471 0.693658947944641 0.615860641002655 0.585113167762756 0.531690359115601 0.534946084022522 0.576874852180481 0.608412027359009 0.632689714431763 0.258227378129959 0.205644071102142 0.216003730893135 0.488553166389465 0.197173699736595 0.206092432141304 0.284922778606415 0.599596977233887 0.31595566868782 0.348968178033829 0.35366752743721
0.959428906440735 0.950660824775696 0.997402787208557 0.651374101638794 0.999738931655884 0.999795019626617 0.999780714511871 0.419227570295334 0.761869490146637 0.81883043050766 0.931811034679413 0.959088325500488 0.999934196472168 0.999925434589386 0.999951362609863 0.970703840255737 0.991612911224365 0.991898417472839 0.964316606521606 0.95213383436203 0.970990478992462 0.987326085567474 0.967205882072449 0.940931856632233 0.881882429122925 0.884269595146179 0.885417759418488 0.783547103404999 0.684705078601837 0.640901982784271 0.60186630487442 0.56972473859787 0.617579817771912 0.615992069244385 0.67015528678894 0.578155517578125 0.211205303668976 0.453433722257614 0.443583995103836 0.427856117486954 0.437034368515015 0.505384624004364 0.452403157949448 0.361925810575485 0.405840873718262 0.375139206647873
0.868067800998688 0.934966146945953 0.979595422744751 0.815172255039215 0.706872045993805 0.9630446434021 0.888917326927185 0.374468475580215 0.767874002456665 0.733114719390869 0.86995130777359 0.973498344421387 0.999979078769684 0.999959409236908 0.749762654304504 0.709076225757599 0.961721420288086 0.982125043869019 0.98622190952301 0.971520960330963 0.954729497432709 0.981216609477997 0.981910049915314 0.973173558712006 0.934605836868286 0.965979874134064 0.974813044071198 0.864326298236847 0.745381772518158 0.689879238605499 0.703653573989868 0.628364980220795 0.592610597610474 0.636357843875885 0.645762324333191 0.523234486579895 0.488215118646622 0.474811345338821 0.469612061977386 0.516276121139526 0.563547790050507 0.508020341396332 0.455337792634964 0.415408670902252 0.433174878358841 0.40531975030899
0.862765848636627 0.583084106445312 0.984658718109131 0.770051896572113 0.902138411998749 0.954935729503632 0.779429256916046 0.316086202859879 0.450992673635483 0.817513167858124 0.807985484600067 0.957394599914551 0.981913030147552 0.816226959228516 0.946811974048615 0.64067018032074 0.690556824207306 0.993643999099731 0.994888007640839 0.993550062179565 0.99879115819931 0.965513944625854 0.984255790710449 0.991804182529449 0.959976851940155 0.985761344432831 0.831241428852081 0.581937670707703 0.833821475505829 0.733363091945648 0.765584707260132 0.774610817432404 0.615696251392365 0.613511443138123 0.653433203697205 0.620390057563782 0.525246202945709 0.487557023763657 0.524649977684021 0.534754574298859 0.572813093662262 0.55454409122467 0.541307628154755 0.646869897842407 0.494200617074966 0.414726674556732
0.863322615623474 0.343736827373505 0.88305276632309 0.533779263496399 0.767684280872345 0.921814739704132 0.873012006282806 0.300349146127701 0.3655164539814 0.592294156551361 0.964734494686127 0.806954324245453 0.89181113243103 0.930438637733459 0.942513167858124 0.806876540184021 0.77211856842041 0.999478697776794 0.999931812286377 0.99983674287796 0.971204221248627 0.928101658821106 0.961325526237488 0.975605070590973 0.954772651195526 0.991348505020142 0.9920973777771 0.629058599472046 0.859052002429962 0.793216288089752 0.816016376018524 0.80859637260437 0.699877142906189 0.681107461452484 0.686216592788696 0.656553506851196 0.527488946914673 0.47846382856369 0.544776558876038 0.544284820556641 0.525608539581299 0.556611597537994 0.598636388778687 0.601033270359039 0.551926016807556 0.472610384225845
0.923826277256012 0.466060608625412 0.247925117611885 0.278162002563477 0.878844618797302 0.966957986354828 0.819386124610901 0.39401987195015 0.3455710709095 0.615462422370911 0.719938516616821 0.950980603694916 0.968434751033783 0.938757598400116 0.721280455589294 0.67260867357254 0.688637256622314 0.999975979328156 0.99943882226944 0.983390152454376 0.88167667388916 0.933089733123779 0.926118075847626 0.926695346832275 0.98893141746521 0.991911292076111 0.994008898735046 0.966547012329102 0.930410444736481 0.854371011257172 0.864884436130524 0.821003794670105 0.751450061798096 0.830751597881317 0.719608008861542 0.597399234771729 0.563443601131439 0.581810235977173 0.525797247886658 0.569987118244171 0.592278301715851 0.642339169979095 0.647087812423706 0.65662693977356 0.611888527870178 0.476585000753403
0.606311142444611 0.449385225772858 0.191338732838631 0.213917151093483 0.648836314678192 0.963337540626526 0.691987693309784 0.533157646656036 0.396919965744019 0.710542023181915 0.829947412014008 0.944299399852753 0.828335642814636 0.890381574630737 0.956660628318787 0.761049032211304 0.933452546596527 0.999973952770233 0.993741035461426 0.913122653961182 0.865427017211914 0.95279860496521 0.948539733886719 0.898434698581696 0.992395579814911 0.994390785694122 0.99279260635376 0.985020995140076 0.955147206783295 0.852486312389374 0.89546799659729 0.850031018257141 0.855174124240875 0.879242479801178 0.845306396484375 0.621466517448425 0.74273157119751 0.760980546474457 0.631941139698029 0.583770036697388 0.600657761096954 0.683256208896637 0.712968409061432 0.668358027935028 0.570443332195282 0.489815205335617
0.407522946596146 0.486108094453812 0.154448792338371 0.145114824175835 0.681262314319611 0.946338951587677 0.882719039916992 0.538207650184631 0.635812044143677 0.835277676582336 0.915020942687988 0.94559121131897 0.708600580692291 0.947651505470276 0.993866205215454 0.994836091995239 0.858687341213226 0.931130468845367 0.937885761260986 0.861509561538696 0.879349112510681 0.953435659408569 0.866249859333038 0.915479958057404 0.990995705127716 0.999019086360931 0.998381495475769 0.974495768547058 0.925489187240601 0.899291217327118 0.918761789798737 0.938953757286072 0.904799222946167 0.894706249237061 0.929933547973633 0.775359690189362 0.885892689228058 0.882256209850311 0.730527222156525 0.683087229728699 0.674177587032318 0.676356732845306 0.664816677570343 0.51156222820282 0.618977844715118 0.597935259342194
0.279312700033188 0.578436434268951 0.177538260817528 0.149267375469208 0.598689079284668 0.719269871711731 0.803284347057343 0.298913538455963 0.771861553192139 0.813353180885315 0.761767506599426 0.849629938602448 0.696931600570679 0.925558090209961 0.997116208076477 0.980104744434357 0.98992133140564 0.889358043670654 0.851970851421356 0.850188672542572 0.970891296863556 0.888981401920319 0.75556343793869 0.961127996444702 0.98091059923172 0.999900817871094 0.999330103397369 0.997663199901581 0.971312344074249 0.882502496242523 0.874436140060425 0.913627922534943 0.883698225021362 0.930059850215912 0.953457236289978 0.884482860565186 0.892817139625549 0.909875333309174 0.91189181804657 0.804492056369781 0.727659046649933 0.57930052280426 0.501643538475037 0.617533683776855 0.600438475608826 0.590436637401581
0.448356688022614 0.294106751680374 0.140479236841202 0.111743666231632 0.315721303224564 0.574464619159698 0.77126681804657 0.315154373645782 0.755997538566589 0.937967956066132 0.923997044563293 0.860094904899597 0.715612828731537 0.974927246570587 0.871885299682617 0.905372977256775 0.988314390182495 0.989058971405029 0.744347035884857 0.916823863983154 0.960679709911346 0.761864960193634 0.777428090572357 0.942697525024414 0.998640120029449 0.999964356422424 0.999734222888947 0.99287611246109 0.959137082099915 0.904714286327362 0.841062247753143 0.91958487033844 0.866362750530243 0.911965489387512 0.928860902786255 0.916358888149261 0.934354722499847 0.930636763572693 0.954107820987701 0.871075809001923 0.776001751422882 0.643685400485992 0.693677186965942 0.683690130710602 0.657492578029633 0.611787140369415
0.25159814953804 0.13819408416748 0.058645348995924 0.256014138460159 0.417710393667221 0.576919794082642 0.59474515914917 0.315966486930847 0.669264018535614 0.973114192485809 0.423416495323181 0.843682110309601 0.680421233177185 0.984175086021423 0.918803036212921 0.846033692359924 0.947691917419434 0.82842606306076 0.618767142295837 0.953661620616913 0.971382856369019 0.729406833648682 0.834693372249603 0.924829304218292 0.993206202983856 0.999886572360992 0.99923050403595 0.977395236492157 0.946495532989502 0.859950125217438 0.839466214179993 0.938698410987854 0.795246601104736 0.894342005252838 0.933496356010437 0.941684126853943 0.911427795886993 0.897508025169373 0.881864547729492 0.834523022174835 0.663391530513763 0.766022861003876 0.844362258911133 0.83552485704422 0.678693830966949 0.601806998252869
0.279888600111008 0.174632102251053 0.0523013435304165 0.486434817314148 0.772312700748444 0.219096004962921 0.278109192848206 0.615717768669128 0.679226636886597 0.971486270427704 0.988483965396881 0.889811873435974 0.318143159151077 0.615964114665985 0.576564192771912 0.439765691757202 0.637792885303497 0.586186587810516 0.697610795497894 0.993528187274933 0.941341519355774 0.929413497447968 0.589865207672119 0.832450091838837 0.997225165367126 0.999738037586212 0.993357479572296 0.959694266319275 0.937695443630219 0.7989262342453 0.818606793880463 0.836721360683441 0.720643222332001 0.846099019050598 0.927055895328522 0.954054951667786 0.887752890586853 0.857690930366516 0.849996864795685 0.808012723922729 0.724831283092499 0.826634168624878 0.934861302375793 0.882773220539093 0.730852723121643 0.66106104850769
