data/climate_estimation/maxent_output/Calochortus_spatulatus.asc
NCOLS 135 
NROWS 136 
XLLCORNER -110.25 
YLLCORNER 17.3333333333333 
CELLSIZE 0.0833333333333333 
NODATA_value -3.4e+38 
[rows 44 to 65 of 136, columns 49 to 97 of 135]
0.430447161197662 0.273704439401627 0.135771557688713 0.188494130969048 0.348795652389526 0.540501058101654 0.720243573188782 0.689391791820526 0.955059349536896 0.954642236232758 0.966345548629761 0.905018270015717 0.564493715763092 0.494197189807892 0.473560065031052 0.489545077085495 0.690839111804962 0.487157672643661 0.273987799882889 0.301721632480621 0.254390835762024 0.337944328784943 0.372777938842773 0.261898458003998 0.160632431507111 0.260006219148636 0.190117105841637 0.1506337672472 0.164223074913025 0.139215752482414 0.11215727776289 0.158846139907837 0.0906690806150436 0.0800574123859406 0.0490557700395584 0.0427264235913754 0.0422661937773228 0.0355007573962212 0.0199874453246593 0.0129594830796123 0.0138337584212422 0.0206404905766249 0.015134634450078 0.0157856494188309 0.0288127418607473 0.0237843450158834 0.0203828308731318 0.0193465799093246 0.015124786645174
0.558283030986786 0.249491542577744 0.12913703918457 0.20854552090168 0.384575545787811 0.521397888660431 0.691002249717712 0.655438899993896 0.831298470497131 0.963519036769867 0.973325669765472 0.806686103343964 0.858085811138153 0.62373960018158 0.540625154972076 0.102524846792221 0.570450782775879 0.607308864593506 0.454485654830933 0.352770745754242 0.264337986707687 0.306955754756927 0.382023870944977 0.290096610784531 0.191380456089973 0.223734706640244 0.369522511959076 0.33896192908287 0.248824700713158 0.311364382505417 0.276259928941727 0.216390833258629 0.214885011315346 0.160708427429199 0.0768361613154411 0.0660897120833397 0.0601231716573238 0.0418417863547802 0.0202688239514828 0.0155979879200459 0.0155990859493613 0.0188987124711275 0.0236035548150539 0.0269360598176718 0.0243750773370266 0.0295335594564676 0.0295722186565399 0.050021406263113 0.0314055755734444
0.412354856729507 0.425040245056152 0.426512390375137 0.239210963249207 0.423711210489273 0.533614993095398 0.637019991874695 0.552848398685455 0.744958460330963 0.984373927116394 0.966459691524506 0.877069532871246 0.917928516864777 0.840887367725372 0.605163037776947 0.117064736783504 0.628347158432007 0.79435521364212 0.49685075879097 0.44333091378212 0.344400405883789 0.455186903476715 0.610110223293304 0.53575998544693 0.460461139678955 0.334384560585022 0.444389551877975 0.354621350765228 0.35155576467514 0.393658638000488 0.448550879955292 0.314702451229095 0.285365253686905 0.238819882273674 0.250589787960052 0.11819164454937 0.0663847699761391 0.0588762424886227 0.0250917542725801 0.0132773425430059 0.0153518412262201 0.0135231306776404 0.017739575356245 0.0187701396644115 0.0285701807588339 0.0268306061625481 0.044697143137455 0.046424962580204 0.0359401777386665
0.485863983631134 0.509698688983917 0.357832819223404 0.369839370250702 0.573810219764709 0.475308150053024 0.560333728790283 0.650995373725891 0.707037687301636 0.963939726352692 0.986997187137604 0.901725590229034 0.765891075134277 0.872187435626984 0.828784167766571 0.668682277202606 0.676883220672607 0.672923743724823 0.773586630821228 0.634340286254883 0.540956854820251 0.718009769916534 0.834434568881989 0.795345723628998 0.683019816875458 0.535225689411163 0.497250348329544 0.469083517789841 0.438638240098953 0.429138571023941 0.261039048433304 0.265601009130478 0.375820606946945 0.365370839834213 0.309375494718552 0.284128338098526 0.108245186507702 0.0593683384358883 0.0221062321215868 0.0172222778201103 0.017134353518486 0.0132585614919662 0.0219026487320662 0.0291161648929119 0.0254689753055573 0.0294544771313667 0.026820432394743 0.0355027243494987 0.0373308509588242
0.499780595302582 0.419129729270935 0.302319020032883 0.380490243434906 0.56198525428772 0.555469989776611 0.662653803825378 0.666443526744843 0.699226021766663 0.964522063732147 0.976082742214203 0.948818147182465 0.6295245885849 0.795215845108032 0.847102701663971 0.845426738262177 0.737387835979462 0.689498662948608 0.839513123035431 0.8212970495224 0.768528640270233 0.86554366350174 0.776378452777863 0.792901158332825 0.836072146892548 0.770795345306396 0.658567667007446 0.535214483737946 0.48946750164032 0.0758843049407005 0.262665659189224 0.625407695770264 0.554035842418671 0.511928081512451 0.336401760578156 0.2668317258358 0.126172125339508 0.0956299602985382 0.0433546528220177 0.0216186121106148 0.0108289588242769 0.0166573636233807 0.0290955118834972 0.0314929448068142 0.0251114312559366 0.0226622000336647 0.0191146284341812 0.0223008207976818 0.018451876938343
0.537844836711884 0.44303223490715 0.438441783189774 0.404390573501587 0.539501368999481 0.500924646854401 0.449652373790741 0.609986007213593 0.574641764163971 0.785204350948334 0.973646819591522 0.957348942756653 0.802201509475708 0.808503806591034 0.85677307844162 0.854556918144226 0.873428404331207 0.828177273273468 0.889122486114502 0.83201390504837 0.885707080364227 0.909159243106842 0.845324575901031 0.827936589717865 0.847561359405518 0.820285499095917 0.781660616397858 0.754948079586029 0.541938781738281 0.501304507255554 0.382620811462402 0.658442437648773 0.644235253334045 0.649170517921448 0.579365015029907 0.361263513565063 0.182012185454369 0.0934263616800308 0.0859304070472717 0.0258696116507053 0.0203987490385771 0.0198204424232244 0.0379413701593876 0.0380334705114365 0.023707652464509 0.0152206290513277 0.0212132409214973 0.0175883024930954 0.0106763700023293
0.389347672462463 0.298936933279037 0.323083579540253 0.285567939281464 0.381914973258972 0.42315012216568 0.343390315771103 0.442646980285645 0.540593266487122 0.567505240440369 0.748980224132538 0.958006501197815 0.876644492149353 0.754315912723541 0.846421658992767 0.842185020446777 0.915917813777924 0.818863451480865 0.838134527206421 0.878028810024261 0.904729008674622 0.914689004421234 0.900444388389587 0.864996373653412 0.750918924808502 0.80642431974411 0.826131761074066 0.809398710727692 0.694199025630951 0.576089143753052 0.580581963062286 0.690667390823364 0.705006778240204 0.727281451225281 0.596266150474548 0.444494068622589 0.282721042633057 0.141450479626656 0.0964076742529869 0.0364750362932682 0.0341850332915783 0.0353949405252934 0.0456491187214851 0.0402565188705921 0.0310257636010647 0.0160724204033613 0.0160210896283388 0.0166585892438889 0.0182755049318075
0.369213432073593 0.362559735774994 0.19777438044548 0.232747733592987 0.372365325689316 0.428518742322922 0.437330603599548 0.561997592449188 0.672548234462738 0.581688761711121 0.56705915927887 0.767605423927307 0.856527507305145 0.708329379558563 0.767765462398529 0.821114361286163 0.865164875984192 0.810397386550903 0.838158428668976 0.87501859664917 0.905961275100708 0.901733458042145 0.892259299755096 0.805516362190247 0.656203210353851 0.788149356842041 0.836306631565094 0.762940883636475 0.799471259117126 0.702328026294708 0.689707100391388 0.644931972026825 0.730121970176697 0.727650105953217 0.655445635318756 0.418182939291 0.269485384225845 0.246233910322189 0.118121422827244 0.0827294960618019 0.0452807880938053 0.0405257791280746 0.0536763928830624 0.0415024980902672 0.0377656184136868 0.0280669387429953 0.0279890298843384 0.0293248556554317 0.0355021357536316
0.463303297758102 0.367381393909454 0.293321847915649 0.304027825593948 0.339958190917969 0.464759767055511 0.474392712116241 0.580115735530853 0.572619795799255 0.478338479995728 0.521976351737976 0.75689822435379 0.77147763967514 0.785460233688354 0.717186808586121 0.818582534790039 0.874110102653503 0.836909115314484 0.869713127613068 0.905949354171753 0.90737396478653 0.891946792602539 0.872993588447571 0.824297308921814 0.800205528736115 0.827946484088898 0.809057891368866 0.750244915485382 0.786521911621094 0.771035969257355 0.799092054367065 0.647562205791473 0.727319896221161 0.74421352148056 0.720522403717041 0.538608491420746 0.319515645503998 0.270094573497772 0.153468698263168 0.118656300008297 0.0819268375635147 0.0602380335330963 0.0541234128177166 0.0419151224195957 0.0358150191605091 0.0386575981974602 0.0300662014633417 0.0336443744599819 0.0595917589962482
0.415030390024185 0.473562657833099 0.434227287769318 0.438650906085968 0.399245023727417 0.460952669382095 0.573850035667419 0.539155185222626 0.532358169555664 0.37687024474144 0.45144459605217 0.615961313247681 0.688905894756317 0.797714054584503 0.73771059513092 0.83029842376709 0.836488783359528 0.849195659160614 0.907376825809479 0.946247041225433 0.932883203029633 0.89630788564682 0.856928586959839 0.830290794372559 0.774569630622864 0.820018768310547 0.582390964031219 0.561696290969849 0.630977153778076 0.789845108985901 0.852054357528687 0.833918690681458 0.800352096557617 0.803377568721771 0.696012496948242 0.579102039337158 0.43163526058197 0.413651883602142 0.248513832688332 0.161984294652939 0.122892156243324 0.0886281877756119 0.053910244256258 0.0488537885248661 0.0436597317457199 0.034425999969244 0.0338915884494781 0.0785999372601509 0.105593375861645
0.509824812412262 0.455141395330429 0.536718189716339 0.382424592971802 0.451280355453491 0.315084785223007 0.348355650901794 0.435299724340439 0.566458284854889 0.358664780855179 0.430627942085266 0.481013745069504 0.562981307506561 0.72825813293457 0.709828078746796 0.695192396640778 0.787032425403595 0.869722127914429 0.945062339305878 0.98886775970459 0.954758405685425 0.880786061286926 0.829099059104919 0.816416323184967 0.849839448928833 0.79760217666626 0.625942707061768 0.480368375778198 0.469495832920074 0.499650985002518 0.802786827087402 0.846185922622681 0.864407062530518 0.855870127677917 0.802806496620178 0.605202496051788 0.47327920794487 0.308876514434814 0.340735346078873 0.24641489982605 0.134748309850693 0.0896595492959023 0.0582123585045338 0.0422209873795509 0.0458966754376888 0.048356682062149 0.0706742703914642 0.0702495202422142 0.0577687658369541
0.481689423322678 0.36213356256485 0.42477822303772 0.431376725435257 0.291162610054016 0.210682451725006 0.326555550098419 0.51992666721344 0.508017361164093 0.349307835102081 0.353388398885727 0.37284043431282 0.49694687128067 0.624665498733521 0.643731534481049 0.67719578742981 0.7059366106987 0.76080197095871 0.908761620521545 0.985707104206085 0.939611911773682 0.840343594551086 0.758028864860535 0.755828857421875 0.824622392654419 0.852726578712463 0.820088863372803 0.575409173965454 0.340692847967148 0.303705543279648 0.515435636043549 0.692142963409424 0.896762788295746 0.903372585773468 0.841799259185791 0.69892954826355 0.550862312316895 0.534925580024719 0.436301499605179 0.288895726203918 0.111328773200512 0.0585735961794853 0.0391640029847622 0.0496237017214298 0.0300877243280411 0.0495719462633133 0.0512298159301281 0.0494552664458752 0.0652046427130699
0.521335780620575 0.495389997959137 0.426113337278366 0.448808252811432 0.421975076198578 0.399452090263367 0.434415638446808 0.462359696626663 0.426018565893173 0.289960354566574 0.308753609657288 0.33191978931427 0.430226743221283 0.534990191459656 0.542459905147552 0.500614523887634 0.64023894071579 0.726787865161896 0.896534442901611 0.938569247722626 0.89392101764679 0.723714888095856 0.752554297447205 0.748473286628723 0.782248914241791 0.85255753993988 0.837810218334198 0.515925884246826 0.335390031337738 0.181527927517891 0.281293034553528 0.59718257188797 0.920936822891235 0.919640421867371 0.849446058273315 0.687984585762024 0.562915742397308 0.471784114837646 0.265494823455811 0.188870757818222 0.149508953094482 0.0598434917628765 0.0373748056590557 0.0293093230575323 0.0317154265940189 0.0306019727140665 0.030948655679822 0.0441549681127071 0.052965372800827
0.475944131612778 0.430230528116226 0.491959542036057 0.472290128469467 0.419437229633331 0.41964316368103 0.449691921472549 0.216221839189529 0.187351852655411 0.216550245881081 0.244745761156082 0.2950399518013 0.349715918302536 0.402178138494492 0.437577158212662 0.359807580709457 0.524819612503052 0.623331785202026 0.792689025402069 0.916646242141724 0.856708705425262 0.649143159389496 0.71966153383255 0.53451931476593 0.584872603416443 0.823361158370972 0.793455481529236 0.374943852424622 0.273188292980194 0.18086239695549 0.225070655345917 0.524046361446381 0.834543406963348 0.912872850894928 0.840016186237335 0.60497772693634 0.377068787813187 0.183009997010231 0.154681116342545 0.179184481501579 0.107548154890537 0.0615584924817085 0.0442726947367191 0.0328392460942268 0.0187151208519936 0.0139263132587075 0.0163587052375078 0.0351967960596085 0.0385340824723244
0.498639851808548 0.515766203403473 0.484452545642853 0.486641377210617 0.45494681596756 0.345411539077759 0.425994545221329 0.19479413330555 0.1956647336483 0.145793154835701 0.197752848267555 0.277994334697723 0.260910928249359 0.323281198740005 0.345200210809708 0.34997296333313 0.413329571485519 0.533130407333374 0.508527100086212 0.6290123462677 0.798826396465302 0.696644246578217 0.51369971036911 0.551101446151733 0.603640496730804 0.665492594242096 0.889189124107361 0.632272064685822 0.391446441411972 0.311580896377563 0.340049594640732 0.427707612514496 0.656135439872742 0.80732661485672 0.700813174247742 0.539283335208893 0.352410197257996 0.183268547058105 0.178608909249306 0.152214989066124 0.0789386332035065 0.0617936179041862 0.0388625077903271 0.0240316372364759 0.01334239076823 0.0123246815055609 0.0154289649799466 0.0255647134035826 0.0360369086265564
0.469587951898575 0.426848888397217 0.459685176610947 0.466097146272659 0.484290152788162 0.163201451301575 0.209131389856339 0.234194979071617 0.16392120718956 0.184067860245705 0.360342144966125 0.330079764127731 0.228944599628448 0.276795148849487 0.347360879182816 0.358249962329865 0.366201311349869 0.467381924390793 0.532858073711395 0.648244082927704 0.728943884372711 0.569689571857452 0.500812172889709 0.116844780743122 0.567513525485992 0.693235874176025 0.886210739612579 0.776108920574188 0.473966866731644 0.501235485076904 0.474101692438126 0.45750766992569 0.627010703086853 0.640835762023926 0.61087566614151 0.45469918847084 0.346545279026031 0.269385427236557 0.224554374814034 0.119550779461861 0.0986642092466354 0.0708520337939262 0.0338490456342697 0.0272001083940268 0.015722468495369 0.0105481669306755 0.0198575239628553 0.0211851596832275 0.0278368126600981
0.202993854880333 0.301536113023758 0.46524977684021 0.414537459611893 0.472731173038483 0.437023669481277 0.399914711713791 0.453092664480209 0.244642212986946 0.186618730425835 0.391566693782806 0.301719397306442 0.313741087913513 0.278586983680725 0.392899870872498 0.402364194393158 0.492756009101868 0.629491031169891 0.625145554542542 0.691673696041107 0.717568755149841 0.630321264266968 0.555907666683197 0.642739057540894 0.785286545753479 0.714304745197296 0.744642078876495 0.878867924213409 0.675584256649017 0.518740117549896 0.423891097307205 0.465030521154404 0.407917737960815 0.554159224033356 0.516519904136658 0.4033063352108 0.324529826641083 0.292296200990677 0.194693267345428 0.123889736831188 0.0995139628648758 0.064663477241993 0.0413425043225288 0.0290769319981337 0.0195284895598888 0.0147138051688671 0.0203294362872839 0.0181687250733376 0.0182369463145733
0.2792888879776 0.494720280170441 0.488419860601425 0.427223652601242 0.434661328792572 0.466469317674637 0.443115323781967 0.459667950868607 0.385976046323776 0.179754287004471 0.390661239624023 0.393319368362427 0.477528810501099 0.336939603090286 0.445023417472839 0.394163638353348 0.474889189004898 0.586414575576782 0.655298352241516 0.709101498126984 0.757104158401489 0.530694127082825 0.820876479148865 0.721792578697205 0.678528249263763 0.833451271057129 0.877144515514374 0.89127117395401 0.859701037406921 0.719803512096405 0.463304728269577 0.38730850815773 0.33051860332489 0.380882620811462 0.404941648244858 0.376460164785385 0.32334241271019 0.246502548456192 0.172036647796631 0.123637206852436 0.0875233486294746 0.0567592419683933 0.0417556017637253 0.0238485764712095 0.0205973368138075 0.0137274377048016 0.0137272896245122 0.0175029207020998 0.0172616131603718
0.565561056137085 0.616085946559906 0.536072254180908 0.404154270887375 0.460424423217773 0.48790243268013 0.463231950998306 0.428074926137924 0.420239627361298 0.23686146736145 0.408884316682816 0.433117121458054 0.410147786140442 0.473759353160858 0.468514829874039 0.518615365028381 0.511659681797028 0.651600658893585 0.711465060710907 0.71176290512085 0.721405029296875 0.628271639347076 0.756580591201782 0.787969052791595 0.830824375152588 0.818701326847076 0.874016642570496 0.87163257598877 0.777806520462036 0.648370444774628 0.470880061388016 0.354278147220612 0.338023126125336 0.309404075145721 0.276382446289062 0.295486986637115 0.21517838537693 0.204548045992851 0.184920847415924 0.122324131429195 0.100220888853073 0.0567135848104954 0.0411121621727943 0.0314204953610897 0.0180600043386221 0.0155656831339002 0.0150776039808989 0.0148215852677822 0.0163259170949459
0.773838996887207 0.7835813164711 0.680528223514557 0.575201570987701 0.460663855075836 0.600692212581635 0.523505091667175 0.600587606430054 0.484219878911972 0.42347127199173 0.412956774234772 0.49695548415184 0.439562201499939 0.506863355636597 0.579015731811523 0.618369460105896 0.559929609298706 0.67649906873703 0.778367638587952 0.708068072795868 0.783822357654572 0.67800909280777 0.744067847728729 0.78291118144989 0.823869049549103 0.821756720542908 0.852800369262695 0.870555579662323 0.776278138160706 0.609828352928162 0.473910599946976 0.34043487906456 0.264397710561752 0.234518885612488 0.264522403478622 0.225455701351166 0.24386590719223 0.176952719688416 0.145293399691582 0.121260188519955 0.111955724656582 0.0629605948925018 0.0486885085701942 0.0195723902434111 0.0140937175601721 0.015106369741261 0.0151086067780852 0.0140983806923032 0.0119133275002241
0.820519685745239 0.798203408718109 0.800233960151672 0.624727189540863 0.52477353811264 0.581364989280701 0.651646018028259 0.612303853034973 0.531487643718719 0.510081946849823 0.751804232597351 0.445497274398804 0.487232953310013 0.532429933547974 0.579372763633728 0.648542165756226 0.828565955162048 0.739105999469757 0.84866589307785 0.594367921352386 0.709389388561249 0.872289299964905 0.848831117153168 0.652460873126984 0.709212064743042 0.844663619995117 0.826576471328735 0.784047961235046 0.560647904872894 0.575184345245361 0.394002586603165 0.454337179660797 0.289205372333527 0.255712866783142 0.281385123729706 0.246000647544861 0.236140832304955 0.175225526094437 0.16744264960289 0.138485640287399 0.0902445688843727 0.0925086885690689 0.0612080097198486 0.00567419501021504 0.0189309492707253 0.0297482702881098 0.022586565464735 0.0181102082133293 0.0148139130324125
0.830654859542847 0.82695871591568 0.808951497077942 0.776082634925842 0.64423668384552 0.635013818740845 0.648906052112579 0.655257701873779 0.56966096162796 0.480680763721466 0.867457568645477 0.624497294425964 0.527158796787262 0.596745073795319 0.569548070430756 0.736588358879089 0.710663557052612 0.741810500621796 0.82657390832901 0.531874656677246 0.576756477355957 0.938259065151215 0.881981015205383 0.723098576068878 0.756011843681335 0.697481691837311 0.827824592590332 0.789349973201752 0.544918358325958 0.554212927818298 0.473105579614639 0.365933984518051 0.321667224168777 0.252486258745193 0.240391075611115 0.234801426529884 0.200805261731148 0.196193426847458 0.218768998980522 0.189049825072289 0.114494249224663 0.100866690278053 0.0848446264863014 0.0107318442314863 0.0361777059733868 0.0320578701794147 0.0246775951236486 0.0180320199579 0.0128757636994123
