data/climate_estimation/maxent_output/Calochortus_ambiguus.asc
NCOLS 68 
NROWS 130 
XLLCORNER -113.666666666667 
YLLCORNER 29.8333333333333 
CELLSIZE 0.0833333333333334 
NODATA_value -3.4e+38 
[rows 76 to 94 of 130, columns 0 to 43 of 68]
0.0037192024756223 0.00282152998261154 0.00375209213234484 0.0138959484174848 0.0282240025699139 0.208590298891068 0.219354301691055 0.732601284980774 0.850400149822235 0.889465808868408 0.953284025192261 0.963954985141754 0.923626005649567 0.908840775489807 0.916659295558929 0.920454025268555 0.948103606700897 0.84671151638031 0.812586903572083 0.864142179489136 0.934365391731262 0.954094231128693 0.965163171291351 0.849086105823517 0.897557377815247 0.926001965999603 0.948037028312683 0.94408118724823 0.928964912891388 0.978066623210907 0.979276955127716 0.97669130563736 0.947171807289124 0.902352929115295 0.893409729003906 0.808710515499115 0.875512540340424 0.841626465320587 0.825965881347656 0.809329926967621 0.801175773143768 0.752436637878418 0.644634544849396 0.647831857204437
0.00480936421081424 0.0136347562074661 0.00523104006424546 0.0189652591943741 0.0307167693972588 0.115044116973877 0.231951281428337 0.547701954841614 0.823377907276154 0.868582248687744 0.939274966716766 0.95193749666214 0.966863453388214 0.899910986423492 0.934265196323395 0.887872099876404 0.936895251274109 0.854357242584229 0.742246210575104 0.880691289901733 0.954682886600494 0.955077946186066 0.832876324653625 0.666755318641663 0.919813334941864 0.950344264507294 0.922115206718445 0.946957111358643 0.939167320728302 0.944946348667145 0.947700679302216 0.95758056640625 0.970456123352051 0.952826201915741 0.932051777839661 0.891912817955017 0.888201415538788 0.850941300392151 0.871103703975677 0.834934532642365 0.789040744304657 0.728466391563416 0.750771582126617 0.730377018451691
0.015124436467886 0.0200645364820957 0.0210397709161043 0.0365797355771065 0.0519631169736385 0.0476425364613533 0.175786644220352 0.242490410804749 0.478821843862534 0.589210569858551 0.635752439498901 0.813175559043884 0.881370425224304 0.898472964763641 0.949352264404297 0.953377783298492 0.955346047878265 0.857060432434082 0.58387303352356 0.825560867786407 0.93825227022171 0.942873358726501 0.849706590175629 0.560721218585968 0.90848183631897 0.964737951755524 0.951248049736023 0.868223905563354 0.88347452878952 0.937993884086609 0.959517002105713 0.974964141845703 0.977463483810425 0.954787909984589 0.94808429479599 0.926675498485565 0.901813149452209 0.873378574848175 0.873890459537506 0.807671189308167 0.803810179233551 0.726231932640076 0.73429799079895 0.708318293094635
0.00427964515984058 0.0222454182803631 0.225362300872803 0.287559449672699 0.133534103631973 0.0437257848680019 0.136734291911125 0.153835162520409 0.228143855929375 0.217274501919746 0.213167175650597 0.425130248069763 0.790021002292633 0.93613463640213 0.778571963310242 0.738318145275116 0.739446401596069 0.566008627414703 0.281599640846252 0.878340661525726 0.936651647090912 0.959917068481445 0.83925861120224 0.339415103197098 0.718188345432281 0.962760448455811 0.972430944442749 0.887044966220856 0.796709299087524 0.959184467792511 0.966880738735199 0.978937149047852 0.962053120136261 0.963706910610199 0.938902497291565 0.946038126945496 0.924938797950745 0.876156389713287 0.816200137138367 0.849717259407043 0.810038685798645 0.794309556484222 0.761924266815186 0.761421740055084
0.0217726677656174 0.0428084880113602 0.0302613824605942 0.0225665681064129 0.0242605768144131 0.0296743307262659 0.0376780666410923 0.114388264715672 0.172842055559158 0.214041128754616 0.200648128986359 0.163224697113037 0.488931357860565 0.809256732463837 0.798618078231812 0.368744760751724 0.0858300775289536 0.200998738408089 0.265379279851913 0.731251120567322 0.865298449993134 0.929640769958496 0.919027805328369 0.391430556774139 0.542634129524231 0.950368106365204 0.973626732826233 0.930964231491089 0.653738021850586 0.962768018245697 0.965050339698792 0.954194247722626 0.962688565254211 0.961167812347412 0.955409288406372 0.937748312950134 0.933752596378326 0.91069370508194 0.884096920490265 0.837595462799072 0.815407812595367 0.789784848690033 0.746127367019653 0.737005531787872
0.0249489173293114 0.00614811619743705 0.00728558143600821 0.0228889789432287 0.133327350020409 0.0550053492188454 0.0392655357718468 0.0570259541273117 0.170542076230049 0.216798231005669 0.20171931385994 0.141151607036591 0.110894128680229 0.162248641252518 0.329888105392456 0.135364398360252 0.0503305196762085 0.070496141910553 0.0865006595849991 0.216704964637756 0.412816971540451 0.820356667041779 0.791861057281494 0.670015156269073 0.345692604780197 0.84176242351532 0.943432331085205 0.94327849149704 0.509074985980988 0.868274748325348 0.973758578300476 0.974916636943817 0.904990494251251 0.954629004001617 0.935066401958466 0.91436231136322 0.898433327674866 0.890834093093872 0.876428544521332 0.840961098670959 0.799668669700623 0.724167823791504 0.762702822685242 0.727177858352661
0.00473392242565751 0.00572257535532117 0.0241720210760832 0.24826580286026 0.174867436289787 0.0276405997574329 0.0391699112951756 0.0362129919230938 0.0356574580073357 0.0327183678746223 0.0302472170442343 0.0287660174071789 0.0268173832446337 0.0255071371793747 0.0234410185366869 0.04354128241539 0.0128707308322191 0.0290708802640438 0.0371478796005249 0.0506911464035511 0.160745099186897 0.429368376731873 0.518063426017761 0.238384187221527 0.326990067958832 0.763126611709595 0.905475080013275 0.965629994869232 0.575315952301025 0.498626261949539 0.922661900520325 0.933448493480682 0.944512188434601 0.951225757598877 0.778874158859253 0.764001846313477 0.756983995437622 0.842393338680267 0.870356619358063 0.793487846851349 0.743388831615448 0.796530365943909 0.717732429504395 0.708275496959686
0.00441465945914388 0.00429581245407462 0.00431171571835876 0.00503469817340374 0.00541967805474997 0.0091871339827776 0.0391946993768215 0.0522361807525158 0.0267857704311609 0.0176354814320803 0.0166658200323582 0.0155843244865537 0.0159656535834074 0.0143416011705995 0.0116342585533857 0.00954240001738071 0.00738552771508694 0.0085362046957016 0.00966716278344393 0.0303552709519863 0.0458246693015099 0.184691816568375 0.43599209189415 0.126083925366402 0.153837278485298 0.369199752807617 0.728388547897339 0.979616641998291 0.932992279529572 0.525131046772003 0.327267855405807 0.403774797916412 0.760668754577637 0.75713062286377 0.605204463005066 0.689677119255066 0.913230836391449 0.858932077884674 0.854129493236542 0.847512423992157 0.822326421737671 0.701145589351654 0.7248295545578 0.719110906124115
0.00240476336330175 0.00246852333657444 0.00283996132202446 0.00303856446407735 0.00322753097862005 0.00428285449743271 0.00795101840049028 0.00665211863815784 0.00791284814476967 0.00606703385710716 0.00440229568630457 0.00432117283344269 0.0245758332312107 0.0755907818675041 0.00814559869468212 0.00618645362555981 0.00530899362638593 0.00584021396934986 0.00631722435355186 0.00847864802926779 0.00939239468425512 0.0147377327084541 0.227304980158806 0.0454353541135788 0.0532253831624985 0.208359822630882 0.322913527488708 0.755972027778625 0.882380902767181 0.512883722782135 0.818215429782867 0.355787068605423 0.359259814023972 0.714762389659882 0.733683824539185 0.8897784948349 0.892876923084259 0.865680396556854 0.84631359577179 0.800692200660706 0.797947466373444 0.785575330257416 0.752342700958252 0.746420919895172
0.000777897832449526 0.00107384647708386 0.00236848834902048 0.0023195210378617 0.00242179911583662 0.00229603750631213 0.00277522951364517 0.00323852756991982 0.00296469661407173 0.00305376038886607 0.00326708005741239 0.0034249066375196 0.0171067379415035 0.0986941531300545 0.00260245427489281 0.0017927543958649 0.00403822166845202 0.00535893952473998 0.00570698827505112 0.0064574358984828 0.00866666063666344 0.00869341008365154 0.011973668821156 0.0349589064717293 0.0530273020267487 0.21629224717617 0.240586638450623 0.506592214107513 0.715452253818512 0.896678864955902 0.956519842147827 0.800392806529999 0.761223137378693 0.730536341667175 0.88344669342041 0.875224530696869 0.813258767127991 0.812987506389618 0.767363548278809 0.779044151306152 0.787194609642029 0.784048676490784 0.721576571464539 0.742323160171509
0.000860202475450933 0.00104282784741372 0.00325888278894126 0.00453631253913045 0.00114845403004438 0.000980747397989035 0.000896521902177483 0.00256907450966537 0.00104479724541306 0.00190731429029256 0.00200347858481109 0.00274010351859033 0.00289509329013526 0.00303772813640535 0.001839050790295 0.00129574642051011 0.0015234004240483 0.00454978132620454 0.00466209650039673 0.00494697783142328 0.00591237656772137 0.00628473469987512 0.00849739275872707 0.0131757501512766 0.0774597674608231 0.20437990128994 0.549361407756805 0.718449652194977 0.912370622158051 0.966830193996429 0.954549551010132 0.829878985881805 0.92221587896347 0.811828970909119 0.775199413299561 0.828725457191467 0.707696974277496 0.53116363286972 0.507379412651062 0.647217988967896 0.673805117607117 0.791683971881866 0.79616367816925 0.72439306974411
0.00152485095895827 0.000888638896867633 0.00104450678918511 0.00117553526069969 0.00316232466138899 0.000959206547122449 0.00075456261401996 0.000841140921693295 0.000739353359676898 0.000703300931490958 0.00161635340191424 0.00165130419190973 0.00175606878474355 0.00171685067471117 0.00143367098644376 0.0015316060744226 0.00160570826847106 0.00415832130238414 0.00549779273569584 0.00874932389706373 0.00662599131464958 0.00588334398344159 0.0076684495434165 0.00834509823471308 0.0308313388377428 0.110201328992844 0.235051110386848 0.463352113962173 0.599800944328308 0.812514662742615 0.937320590019226 0.924420893192291 0.929998278617859 0.868855059146881 0.808270037174225 0.674948990345001 0.557219624519348 0.517225205898285 0.394055902957916 0.596215069293976 0.682208895683289 0.748760163784027 0.815275728702545 0.787223935127258
0.000754025997593999 0.000628891226369888 0.000646409403998405 0.000780959264375269 0.00118340505287051 0.00112418120261282 0.000788561766967177 0.000758934475015849 0.000626855995506048 0.000626987603027374 0.000572117220144719 0.00168669072445482 0.0017325438093394 0.00187270843889564 0.00154148298315704 0.00261897756718099 0.0402078181505203 0.00453897891566157 0.00659933965653181 0.00602345913648605 0.00571820139884949 0.00664587831124663 0.00706089427694678 0.00710889743641019 0.0282038394361734 0.100375302135944 0.178893491625786 0.228142112493515 0.323973089456558 0.466073453426361 0.705941438674927 0.925621926784515 0.870718359947205 0.868659555912018 0.886902332305908 0.781493961811066 0.774070560932159 0.642510592937469 0.366191685199738 0.440548986196518 0.430737167596817 0.573373556137085 0.752434432506561 0.788690984249115
0.000636036682408303 0.000478192057926208 0.000488513789605349 0.000508995377458632 0.000661658297758549 0.000696114089805633 0.000632878975011408 0.000625334912911057 0.000851794669870287 0.00086729321628809 0.000655207899399102 0.00134769431315362 0.00182578188832849 0.00255330186337233 0.00199664523825049 0.00199905852787197 0.00827099848538637 0.0617261007428169 0.00414294423535466 0.00488523347303271 0.00594503153115511 0.00627271272242069 0.00723790191113949 0.0280956290662289 0.071262538433075 0.103824563324451 0.128552302718163 0.1636653393507 0.282750844955444 0.606403052806854 0.767717480659485 0.746029734611511 0.765673458576202 0.83975088596344 0.894518733024597 0.873104155063629 0.742381274700165 0.508241474628448 0.347522348165512 0.336054921150208 0.295181602239609 0.294411063194275 0.347453892230988 0.584498226642609
0.000473220803542063 0.000388048472814262 0.000375555857317522 0.000359202153049409 0.00038673376548104 0.00052149168914184 0.000463773409137502 0.000373687886167318 0.000726589933037758 0.000695341499522328 0.0016771067166701 0.000508583907503635 0.00146609893999994 0.0036364293191582 0.00344873056747019 0.00249479571357369 0.00233297026716173 0.01385866291821 0.00563465943560004 0.00506438780575991 0.00545600708574057 0.00696232682093978 0.00870827399194241 0.0316331498324871 0.115650862455368 0.105981387197971 0.113462992012501 0.121474161744118 0.136249169707298 0.243561998009682 0.332176148891449 0.39552566409111 0.417308002710342 0.689046740531921 0.592733383178711 0.524899542331696 0.580734491348267 0.501859784126282 0.54073292016983 0.544157087802887 0.652352571487427 0.537718415260315 0.262815654277802 0.25282871723175
0.000368996028555557 0.00034420529846102 0.000275423255516216 0.000289896415779367 0.000282001041341573 0.000301363354083151 0.000378732482204214 0.000358747434802353 0.000380996352760121 0.000369097775546834 0.000372561247786507 0.000515832391101867 0.00112307479139417 0.00256996927782893 0.0105684883892536 0.00328933843411505 0.00335012143477798 0.00608482025563717 0.00264375889673829 0.00537046464160085 0.00608739769086242 0.00958216097205877 0.029584527015686 0.0397510677576065 0.0775173678994179 0.102105431258678 0.0887555703520775 0.0589370727539062 0.120356380939484 0.247365027666092 0.389216989278793 0.60367077589035 0.458108484745026 0.280935198068619 0.577563941478729 0.365463763475418 0.530125498771667 0.67084014415741 0.780242323875427 0.84492552280426 0.875742435455322 0.78151923418045 0.425096780061722 0.221764802932739
0.000275582744507119 0.000273231882601976 0.000258805986959487 0.000275422673439607 0.00029059438384138 0.000304432818666101 0.000408490828704089 0.000430884218076244 0.000424372148700058 0.000395482667954639 0.000379856704967096 0.000388009997550398 0.00116148183587939 0.00203800434246659 0.00907060783356428 0.0174325704574585 0.0106535227969289 0.00849595945328474 0.00692530488595366 0.00609432673081756 0.0082143722102046 0.011315768584609 0.0337650068104267 0.0835181176662445 0.0924418568611145 0.089550606906414 0.10120877623558 0.102660439908504 0.163437470793724 0.307910352945328 0.473834604024887 0.68045449256897 0.738529443740845 0.681767523288727 0.356005489826202 0.32374432682991 0.633903563022614 0.631912887096405 0.775364220142365 0.82718425989151 0.913884997367859 0.711068093776703 0.477570086717606 0.287072330713272
0.000100555233075283 0.000103103433502838 0.000231543104746379 0.000289361400064081 0.000330520560964942 0.000383023347239941 0.0004204610013403 0.00043002565507777 0.000417542411014438 0.000419201183831319 0.000425935548264533 0.000449103332357481 0.00133401842322201 0.00255345762707293 0.00980215985327959 0.0210191179066896 0.0156709719449282 0.0147674074396491 0.0138587141409516 0.00987899955362082 0.00959832593798637 0.0124375699087977 0.0327673368155956 0.0730816945433617 0.10443564504385 0.11808156222105 0.12016835808754 0.161167368292809 0.231120064854622 0.313829392194748 0.502314507961273 0.723443508148193 0.804377973079681 0.828696548938751 0.566118240356445 0.287843763828278 0.446530103683472 0.63450962305069 0.673957467079163 0.579607248306274 0.853839337825775 0.903446555137634 0.794987201690674 0.380298614501953
0.000110000917629804 0.000115108523459639 0.000309308641590178 0.000309358380036429 0.000328785885358229 0.000349189358530566 0.000364438048563898 0.000440416013589129 0.00049342232523486 0.000576175167225301 0.000672296329867095 0.00169049808755517 0.00244932319037616 0.0141355590894818 0.0252284817397594 0.0409464649856091 0.0244298446923494 0.0305353775620461 0.130713790655136 0.0190334059298038 0.0138400727882981 0.0137284658849239 0.0386886969208717 0.0982048213481903 0.123747639358044 0.130713686347008 0.126256719231606 0.202033087611198 0.247209817171097 0.338970094919205 0.443707466125488 0.683697700500488 0.846829950809479 0.799538969993591 0.560669004917145 0.434501171112061 0.343979448080063 0.753228962421417 0.917769074440002 0.760409891605377 0.681381821632385 0.849950969219208 0.861334502696991 0.863877952098846
