data/climate_estimation/maxent_output/Calochortus_gunnisonii.asc
NCOLS 247 
NROWS 169 
XLLCORNER -123.416666666667 
YLLCORNER 33.5 
CELLSIZE 0.0833333333333333 
NODATA_value -3.4e+38 
[rows 133 to 151 of 169, columns 129 to 171 of 247]
0.00603885389864445 0.106213785707951 0.614245593547821 0.828419506549835 0.831158339977264 0.747216701507568 0.764749765396118 0.795532464981079 0.132266595959663 0.0251486152410507 0.0465812608599663 0.14427737891674 0.162265941500664 0.187781557440758 0.0608636774122715 0.0202384795993567 0.0242572650313377 0.0293536130338907 0.0320562422275543 0.0783050805330276 0.0307357497513294 0.0183917619287968 0.0176859479397535 0.0300091076642275 0.098289743065834 0.138929024338722 0.07564377784729 0.0881486758589745 0.142419964075089 0.379878550767899 0.412702858448029 0.323886841535568 0.1004798412323 0.0199919659644365 0.0190467592328787 0.0151889156550169 0.00422775186598301 0.00534263625741005 0.0126110808923841 0.0235948991030455 0.0719414725899696 0.725037455558777 0.804428160190582
0.00713076395913959 0.0342699810862541 0.0266148317605257 0.698348760604858 0.811909735202789 0.744372010231018 0.688204288482666 0.870401501655579 0.531648099422455 0.0288726519793272 0.154531702399254 0.150595039129257 0.194471418857574 0.0906809717416763 0.0210131015628576 0.0144703211262822 0.0150507092475891 0.0338879190385342 0.0231658816337585 0.0263289473950863 0.00801619794219732 0.00840090680867434 0.041080329567194 0.0885060653090477 0.0314796417951584 0.0303836110979319 0.0888248011469841 0.105626694858074 0.169696167111397 0.428717792034149 0.376105397939682 0.28799569606781 0.412180244922638 0.429459929466248 0.0261047352105379 0.0130722019821405 0.00476799439638853 0.00579878408461809 0.0264001209288836 0.0924190357327461 0.143090203404427 0.523418307304382 0.808113694190979
0.135725021362305 0.125794097781181 0.0912909731268883 0.39408615231514 0.461296916007996 0.794981479644775 0.705231130123138 0.702504515647888 0.744989633560181 0.0102388830855489 0.183870568871498 0.157089024782181 0.0689966306090355 0.0504284016788006 0.0178350005298853 0.00700298557057977 0.0067032827064395 0.0195463113486767 0.016342144459486 0.00859297718852758 0.00631913729012012 0.00924903526902199 0.03005101531744 0.0245172437280416 0.0270167719572783 0.0452621541917324 0.14122362434864 0.109412483870983 0.158193379640579 0.179663330316544 0.152408972382545 0.448091596364975 0.598297774791718 0.44353586435318 0.092696875333786 0.015771122649312 0.00565943168476224 0.0139192622154951 0.0707053393125534 0.160968393087387 0.417261213064194 0.58927857875824 0.79645574092865
0.13811582326889 0.364628344774246 0.0386775359511375 0.0483490973711014 0.0131415501236916 0.2812539935112 0.846180438995361 0.868544399738312 0.873873114585876 0.0269923266023397 0.0297966636717319 0.0534658245742321 0.0173303987830877 0.0175880026072264 0.0128074884414673 0.00555438781157136 0.00594920292496681 0.00481973681598902 0.0049698930233717 0.00507119530811906 0.0042665945366025 0.00689339498057961 0.0195531360805035 0.0094049284234643 0.0280904527753592 0.0516446828842163 0.056507769972086 0.0579940006136894 0.0514421686530113 0.130720362067223 0.358152687549591 0.200110867619514 0.315222054719925 0.189330920577049 0.09743981808424 0.0221068169921637 0.0139211239293218 0.0161986071616411 0.102720476686954 0.316165000200272 0.61800616979599 0.735966920852661 0.712934792041779
0.0431253090500832 0.390797019004822 0.573026895523071 0.748434603214264 0.0137359509244561 0.0122764240950346 0.812737286090851 0.860669255256653 0.847616970539093 0.00472048670053482 0.0264864582568407 0.0394928939640522 0.0102559328079224 0.00500465463846922 0.00395770557224751 0.00115234963595867 0.00265765213407576 0.00156341178808361 0.00324370292946696 0.00368150416761637 0.00463268207386136 0.006034797988832 0.00748076569288969 0.0216306410729885 0.0388160981237888 0.0402102656662464 0.0389211811125278 0.0426793657243252 0.062404066324234 0.0660649836063385 0.114993393421173 0.155035853385925 0.131648316979408 0.0489557795226574 0.03914899751544 0.0214316099882126 0.0160536225885153 0.0160536225885153 0.0959868133068085 0.338216543197632 0.646176397800446 0.673384070396423 0.731571733951569
0.355254679918289 0.327927023172379 0.466824799776077 0.683337211608887 0.775589764118195 0.795782506465912 0.829840958118439 0.848252713680267 0.0890828147530556 0.0715000554919243 0.695414066314697 0.0603546239435673 0.0155181521549821 0.0056214826181531 0.00255545787513256 0.000782060727942735 0.00122573296539485 0.00533084245398641 0.00940796732902527 0.0165290143340826 0.0062628579325974 0.00970752816647291 0.0277179591357708 0.0328467674553394 0.0320347845554352 0.0331115424633026 0.0290954150259495 0.0485087521374226 0.0561176501214504 0.0646634325385094 0.0607956312596798 0.066200003027916 0.175445020198822 0.0599712282419205 0.037589892745018 0.0255258474498987 0.0231383871287107 0.0225608497858047 0.115282461047173 0.363054364919662 0.662643074989319 0.763351559638977 0.747268199920654
0.433863043785095 0.382592052221298 0.4137943983078 0.516408205032349 0.678968667984009 0.82927018404007 0.840424180030823 0.840135514736176 0.842607796192169 0.845178544521332 0.75386655330658 0.259483575820923 0.0423683226108551 0.00431064097210765 0.00108920177444816 0.0006955117569305 0.000845765112899244 0.00604018056765199 0.0214292984455824 0.0334222018718719 0.0334781780838966 0.0333105213940144 0.0119417710229754 0.0153564689680934 0.0385411828756332 0.0160701405256987 0.0385294407606125 0.0369134694337845 0.0492952913045883 0.047844409942627 0.0553864687681198 0.0730653703212738 0.251419186592102 0.235362589359283 0.045059822499752 0.0322957150638103 0.0297991149127483 0.0265923850238323 0.110861092805862 0.637352585792542 0.792274415493011 0.805827021598816 0.812147259712219
0.460148751735687 0.389823347330093 0.394958198070526 0.445491015911102 0.560234248638153 0.78727126121521 0.830485224723816 0.844514012336731 0.847113907337189 0.854429244995117 0.858898639678955 0.828018367290497 0.68931120634079 0.0157193001359701 0.000971182598732412 0.000314577075187117 0.000770330429077148 0.00176566385198385 0.00929132848978043 0.0119796106591821 0.0256011821329594 0.0129887461662292 0.0107623422518373 0.0325195007026196 0.0133394794538617 0.0358687527477741 0.0348306782543659 0.0185615792870522 0.0386544987559319 0.0578967817127705 0.172355353832245 0.227986216545105 0.497041523456573 0.479864507913589 0.0688836872577667 0.0427735671401024 0.0489201545715332 0.0447536036372185 0.15912264585495 0.681089639663696 0.81317800283432 0.822613298892975 0.787387073040009
0.439407855272293 0.40336737036705 0.378798991441727 0.481050133705139 0.558233499526978 0.633994400501251 0.745635747909546 0.79079258441925 0.839352428913116 0.847308814525604 0.84121298789978 0.766455411911011 0.233050793409348 0.00982804410159588 0.00252210046164691 0.00073991296812892 0.00069934589555487 0.0010082027874887 0.00399046111851931 0.00912769977003336 0.00905386172235012 0.00818945001810789 0.0286861769855022 0.011010929942131 0.00968434661626816 0.0171081032603979 0.012470823712647 0.0151905389502645 0.0535312294960022 0.0827613174915314 0.143676847219467 0.183237448334694 0.208406537771225 0.0882687568664551 0.165302947163582 0.0707592740654945 0.0745484381914139 0.200610384345055 0.23661145567894 0.534087002277374 0.793992757797241 0.832050442695618 0.784489870071411
0.463423252105713 0.402061074972153 0.394545346498489 0.452992230653763 0.530976057052612 0.558692157268524 0.646146535873413 0.760475337505341 0.814369022846222 0.830862820148468 0.783476412296295 0.535556554794312 0.072825975716114 0.0159441456198692 0.0114077413454652 0.00274662976153195 0.000691933382768184 0.00110905594192445 0.001452153082937 0.00595380738377571 0.00667235534638166 0.00960137229412794 0.0117315528914332 0.00828109309077263 0.0105342855677009 0.00863476656377316 0.0106959771364927 0.0189660005271435 0.0455136336386204 0.0547762662172318 0.162128776311874 0.166145652532578 0.152149900794029 0.0692506358027458 0.155626609921455 0.156882673501968 0.074944831430912 0.177264466881752 0.246967867016792 0.548668384552002 0.790229976177216 0.81959456205368 0.770016193389893
0.583356916904449 0.436686456203461 0.443814843893051 0.490437656641006 0.536347270011902 0.593847692012787 0.641805708408356 0.718402206897736 0.818051278591156 0.815674006938934 0.774530231952667 0.435309916734695 0.218377128243446 0.0558141805231571 0.0159359034150839 0.00441456912085414 0.000868353003170341 0.00255472189746797 0.00340655422769487 0.00422279490157962 0.00442286115139723 0.00627370411530137 0.0063179861754179 0.00821969471871853 0.00752113992348313 0.00976007059216499 0.0121701993048191 0.0138549692928791 0.0182355307042599 0.0409794002771378 0.0598405338823795 0.0529660396277905 0.052929449826479 0.0528959147632122 0.0687428638339043 0.0585954189300537 0.0845857113599777 0.239663913846016 0.511900901794434 0.699111044406891 0.794106245040894 0.813617169857025 0.658333837985992
0.571271181106567 0.479086190462112 0.535498857498169 0.573126614093781 0.601092040538788 0.65031224489212 0.724025130271912 0.800294816493988 0.815610229969025 0.824878871440887 0.856642365455627 0.796890437602997 0.769830763339996 0.214320167899132 0.0515178255736828 0.00957461725920439 0.00225387210957706 0.00244331988506019 0.00334798754192889 0.00382037996314466 0.00379298697225749 0.00477261515334249 0.00503539154306054 0.0061330976895988 0.00868713296949863 0.00968956109136343 0.0123375710099936 0.0459646992385387 0.0743435621261597 0.0746042281389236 0.0602373071014881 0.0481931045651436 0.0366826727986336 0.0377145931124687 0.0495748221874237 0.0779976099729538 0.198568254709244 0.208772867918015 0.489465296268463 0.755088806152344 0.800172328948975 0.796738266944885 0.744931876659393
0.548516273498535 0.518566250801086 0.516146242618561 0.595214188098907 0.668398141860962 0.694641351699829 0.747753977775574 0.758816659450531 0.744001865386963 0.68046373128891 0.721460938453674 0.749314248561859 0.863493323326111 0.653956890106201 0.21938756108284 0.0463592745363712 0.0121192494407296 0.00322323804721236 0.00336835160851479 0.0038218277040869 0.00611243257299066 0.00502203730866313 0.00485315965488553 0.00544649735093117 0.00664119236171246 0.00986783299595118 0.0309191457927227 0.0571457743644714 0.0787431225180626 0.150897979736328 0.0580946058034897 0.0446571782231331 0.0386206619441509 0.032003115862608 0.0445669740438461 0.0634610503911972 0.154653161764145 0.14920699596405 0.348705321550369 0.656095623970032 0.733435869216919 0.752355694770813 0.586827516555786
0.511966526508331 0.394694656133652 0.512769520282745 0.614113450050354 0.67864990234375 0.677327454090118 0.701979696750641 0.650249302387238 0.643255352973938 0.596240222454071 0.595430135726929 0.46940940618515 0.618548154830933 0.87144923210144 0.83610475063324 0.250755399465561 0.050323273986578 0.0129627548158169 0.0052575939334929 0.00398836750537157 0.00460963370278478 0.00565944844856858 0.00558044156059623 0.00660684425383806 0.00760647514835 0.00967202708125114 0.0145834414288402 0.0372539535164833 0.0538401640951633 0.0603000000119209 0.0399640053510666 0.028936980292201 0.0368771851062775 0.0308770406991243 0.0370460078120232 0.0508598797023296 0.10330306738615 0.100237853825092 0.147918745875359 0.400676906108856 0.614470601081848 0.382116734981537 0.69626247882843
0.361539602279663 0.336829483509064 0.434273779392242 0.55778181552887 0.647010862827301 0.662468492984772 0.640909314155579 0.646891891956329 0.622285604476929 0.657608032226562 0.625856578350067 0.56269496679306 0.551141917705536 0.859857559204102 0.816217482089996 0.47550505399704 0.107840657234192 0.0649520680308342 0.0202846229076385 0.00652038305997849 0.00470016337931156 0.0045785941183567 0.00431675324216485 0.0052031371742487 0.009615583345294 0.0116736777126789 0.0135835837572813 0.0380634889006615 0.056207500398159 0.0311711654067039 0.0123190274462104 0.0278296880424023 0.0278199445456266 0.0279077459126711 0.0294276922941208 0.0350925214588642 0.0455542579293251 0.130686461925507 0.130732849240303 0.241069197654724 0.2545245885849 0.212409943342209 0.253325879573822
0.282492876052856 0.275086998939514 0.307466834783554 0.504255473613739 0.629485487937927 0.556462943553925 0.596655964851379 0.639131963253021 0.702735960483551 0.685607254505157 0.687879800796509 0.716942608356476 0.821297824382782 0.859415233135223 0.744063675403595 0.560505270957947 0.281834602355957 0.0847085118293762 0.0305914729833603 0.0190824512392282 0.00673561496660113 0.00525414943695068 0.00515496032312512 0.00509261805564165 0.00576988374814391 0.00819232873618603 0.0270569026470184 0.0354943536221981 0.0291165821254253 0.0104567995294929 0.0105070006102324 0.0244700703769922 0.0216604135930538 0.0237612947821617 0.0274955853819847 0.0327789187431335 0.0777537897229195 0.106445409357548 0.0873634219169617 0.0921195670962334 0.169704347848892 0.251897305250168 0.484794020652771
0.354409605264664 0.37471079826355 0.296058028936386 0.379372984170914 0.595706164836884 0.598450541496277 0.576749682426453 0.656341016292572 0.681618809700012 0.679117321968079 0.690367162227631 0.783096969127655 0.838300406932831 0.851816415786743 0.848254978656769 0.678137183189392 0.353792548179626 0.234430149197578 0.0902738943696022 0.0627273693680763 0.0196421481668949 0.0141902752220631 0.00711661856621504 0.0058822613209486 0.00586152356117964 0.00855750404298306 0.0117189306765795 0.0106001934036613 0.00915470160543919 0.0192477591335773 0.0179864633828402 0.018056221306324 0.0243208780884743 0.0273816958069801 0.0272067934274673 0.0316608622670174 0.0589255355298519 0.0588405095040798 0.0743158683180809 0.181630209088326 0.237682074308395 0.489859372377396 0.531468212604523
0.206795528531075 0.455900579690933 0.342963010072708 0.181007102131844 0.301614433526993 0.494902640581131 0.588460147380829 0.576539218425751 0.526754319667816 0.687988460063934 0.727651059627533 0.802274465560913 0.792582333087921 0.842934548854828 0.854281783103943 0.851939678192139 0.657098710536957 0.359297245740891 0.123805552721024 0.09183619171381 0.0356394164264202 0.0228384174406528 0.0164341144263744 0.00762760965153575 0.00767672481015325 0.00937897898256779 0.00844902824610472 0.0090662706643343 0.0225872695446014 0.024047615006566 0.0165158789604902 0.0220970194786787 0.026320293545723 0.0220654923468828 0.0271474272012711 0.0246366430073977 0.0489823222160339 0.0806969031691551 0.195226937532425 0.211612597107887 0.370530247688293 0.47891029715538 0.55367112159729
0.160810396075249 0.159219071269035 0.205541789531708 0.136060699820518 0.0707011744379997 0.114752441644669 0.209472566843033 0.139423236250877 0.26587763428688 0.504138886928558 0.459258258342743 0.696173846721649 0.797721743583679 0.74778151512146 0.84201854467392 0.856018900871277 0.849581658840179 0.594159126281738 0.289793610572815 0.130307987332344 0.0957919433712959 0.0384649187326431 0.0290023740381002 0.0225867237895727 0.0178311336785555 0.00945122074335814 0.00927545316517353 0.00884040258824825 0.0163879506289959 0.0163313578814268 0.0174723509699106 0.0173974893987179 0.0172734279185534 0.018717972561717 0.0224415604025126 0.0460445135831833 0.0651911720633507 0.203123196959496 0.464752316474915 0.50836169719696 0.518074214458466 0.461897552013397 0.529701054096222
