data/climate_estimation/maxent_output/Calochortus_nigrescens.asc
NCOLS 73 
NROWS 85 
XLLCORNER -102.166666666667 
YLLCORNER 16.0833333333333 
CELLSIZE 0.0833333333333333 
NODATA_value -3.4e+38 
[rows 19 to 37 of 85, columns 0 to 42 of 73]
0.0371264405548573 0.0324051305651665 0.0351911894977093 0.0240454450249672 0.0212729815393686 0.030729703605175 0.0394443683326244 0.0325663201510906 0.0366213172674179 0.0523405745625496 0.284385323524475 0.274755984544754 0.269213825464249 0.239143326878548 0.51530659198761 0.539979457855225 0.522954404354095 0.527846574783325 0.513264715671539 0.494941502809525 0.475884139537811 0.388621985912323 0.217512711882591 0.16928131878376 0.0820120573043823 0.11521752178669 0.020065326243639 0.0144329620525241 0.00905890855938196 0.00439223321154714 0.00523257907480001 0.00287583936005831 0.00135758728720248 0.000268962059635669 0.000222986738663167 0.000194320644368418 7.0206711825449e-05 3.92972197005292e-06 1.27556563711551e-06 9.52061782300007e-07 4.73339605377987e-06 1.03904685602174e-05 1.63590248121182e-05
0.0385298132896423 0.0325604453682899 0.0274968203157187 0.0256300363689661 0.0218476597219706 0.0394577234983444 0.0451920218765736 0.0327341221272945 0.0397146940231323 0.0548318177461624 0.0583054050803185 0.300877124071121 0.284191936254501 0.480220228433609 0.264991164207458 0.237393841147423 0.26760858297348 0.545239984989166 0.554848790168762 0.529904305934906 0.557904183864594 0.453381270170212 0.407840758562088 0.205104470252991 0.182877764105797 0.105541199445724 0.0711980983614922 0.0898638740181923 0.0107369534671307 0.00695801805704832 0.00296717509627342 0.00340104335919023 0.000692412781063467 0.000368824927136302 0.00102592958137393 0.00255259592086077 0.001630749553442 1.64843277161708e-05 3.28658938997251e-06 1.984296432056e-06 3.23777999255981e-06 3.66522817785153e-06 7.33758133719675e-06
0.0369958579540253 0.0326334834098816 0.0347247943282127 0.0260967183858156 0.0262438021600246 0.0416761077940464 0.0541310608386993 0.0428020060062408 0.0369937308132648 0.0431631542742252 0.276213645935059 0.304688572883606 0.307745724916458 0.279721230268478 0.255108147859573 0.242398321628571 0.238937228918076 0.269844532012939 0.549792766571045 0.594744086265564 0.557333767414093 0.522004902362823 0.392494231462479 0.378666460514069 0.348532170057297 0.202598512172699 0.0935857370495796 0.17822827398777 0.14291076362133 0.128964856266975 0.00724317552521825 0.00390460155904293 0.00464357109740376 0.000566993781831115 0.00207567075267434 0.00644034193828702 0.00531301647424698 6.83173057041131e-05 3.82894586437033e-06 7.23405355529394e-06 1.72229647432687e-06 1.58432010266552e-06 2.75325351140054e-06
0.037425272166729 0.0352386236190796 0.0334039814770222 0.02873420342803 0.0311637837439775 0.0346819721162319 0.044890146702528 0.0521759651601315 0.0437290146946907 0.0400111712515354 0.255401462316513 0.264396011829376 0.280155628919601 0.262793779373169 0.294368624687195 0.255207687616348 0.280544847249985 0.557051956653595 0.558871805667877 0.538371622562408 0.508396506309509 0.523655891418457 0.481312423944473 0.475667357444763 0.393415659666061 0.249936357140541 0.127641022205353 0.23977518081665 0.204069331288338 0.155533045530319 0.0182539075613022 0.012031021527946 0.00490771932527423 0.00164962536655366 0.00126891559921205 0.0054502347484231 0.00231626909226179 8.95671473699622e-05 2.84976545117388e-06 2.19844150706194e-06 6.80078301229514e-06 1.07686287265096e-06 1.47524156091094e-06
0.0397299788892269 0.0356780886650085 0.0340049602091312 0.0279743671417236 0.0354671478271484 0.0301172509789467 0.0326941944658756 0.0511799938976765 0.0378430970013142 0.039849691092968 0.0518391691148281 0.0576744452118874 0.264645457267761 0.263256967067719 0.265216290950775 0.267002463340759 0.255530595779419 0.238579854369164 0.525688588619232 0.5686856508255 0.603281497955322 0.542966961860657 0.495210200548172 0.437835395336151 0.435600817203522 0.360128849744797 0.295234024524689 0.28522139787674 0.207705870270729 0.231735974550247 0.149587288498878 0.0225090216845274 0.0040696389041841 0.00702619180083275 0.00282626855187118 0.00538386544212699 0.00188723905012012 4.62270545540377e-05 1.26890954561532e-05 4.55636791230063e-06 1.9209030597267e-06 1.46681600199372e-06 1.21303628475289e-06
0.0356792919337749 0.0360609851777554 0.0304363369941711 0.0273125879466534 0.0288649033755064 0.0188341606408358 0.152231320738792 0.0311901494860649 0.0407465398311615 0.216690301895142 0.0591645874083042 0.060988400131464 0.042003907263279 0.250538349151611 0.249940171837807 0.238275945186615 0.201335206627846 0.237096861004829 0.507627129554749 0.509670913219452 0.544329881668091 0.550449728965759 0.544632494449615 0.476208329200745 0.438572615385056 0.373690396547318 0.338638007640839 0.29536896944046 0.249867215752602 0.257925152778625 0.188472986221313 0.144197821617126 0.0189392361789942 0.00986269488930702 0.00437803566455841 0.00301075028255582 0.00175021996255964 0.000350646354490891 0.000150067557115108 1.1396931768104e-05 6.04258275416214e-06 2.32615593631635e-06 1.7366357951687e-06
0.041414137929678 0.0378760248422623 0.0311657842248678 0.0236633904278278 0.0209488514810801 0.0163760725408792 0.141785323619843 0.154081717133522 0.182063311338425 0.214472159743309 0.0429100282490253 0.0539056472480297 0.0504350438714027 0.0397878400981426 0.193161949515343 0.201108902692795 0.164485961198807 0.234518766403198 0.580788254737854 0.235878005623817 0.258274674415588 0.290055274963379 0.5294189453125 0.562479913234711 0.484061539173126 0.488797217607498 0.36796435713768 0.284312039613724 0.1904386729002 0.179072245955467 0.172930613160133 0.0379073806107044 0.0240991525352001 0.0366623029112816 0.0151199661195278 0.0191734228283167 0.0125660430639982 0.00237616617232561 9.37365330173634e-05 0.000188876671018079 2.03459439944709e-05 1.77518904820317e-05 1.12490770334261e-05
0.0487749762833118 0.042481105774641 0.0308793485164642 0.0185537245124578 0.0185105782002211 0.141778528690338 0.1293103992939 0.147858917713165 0.176073536276817 0.172624543309212 0.187702059745789 0.0365935638546944 0.0390792489051819 0.0321522504091263 0.178288027644157 0.154150277376175 0.127690404653549 0.19585508108139 0.235700905323029 0.262447744607925 0.292563706636429 0.318388551473618 0.539763748645782 0.553383767604828 0.533273458480835 0.500823795795441 0.454263180494308 0.343327939510345 0.320664674043655 0.273973137140274 0.227633208036423 0.197304457426071 0.0605680979788303 0.0552862919867039 0.0469139516353607 0.0426809191703796 0.0136270271614194 0.00273406622000039 0.00610481481999159 0.00216841441579163 8.15315142972395e-05 0.000366191379725933 0.00013804818445351
0.0337037369608879 0.0266699343919754 0.0169328767806292 0.0139595065265894 0.0186011623591185 0.135604232549667 0.129203110933304 0.0169809740036726 0.0192845910787582 0.16241392493248 0.166354417800903 0.163736954331398 0.0366795808076859 0.0342860296368599 0.0283610988408327 0.163678556680679 0.164849042892456 0.21528996527195 0.234658509492874 0.263142436742783 0.295077532529831 0.309605628252029 0.343350648880005 0.611069858074188 0.566924035549164 0.495407074689865 0.428807556629181 0.383151888847351 0.422601640224457 0.376605302095413 0.303107857704163 0.211274713277817 0.0566674172878265 0.0721304044127464 0.0724530890583992 0.0683111920952797 0.0246156565845013 0.0107373939827085 0.0203975159674883 0.00864395219832659 0.00552199361845851 0.00200823065824807 0.00192668801173568
0.0494927577674389 0.0256161727011204 0.00700877606868744 0.00617689080536366 0.0216688048094511 0.0169379860162735 0.0157176796346903 0.0168542172759771 0.0157358627766371 0.0153807597234845 0.020038029178977 0.0232727807015181 0.0246998574584723 0.0330457836389542 0.0250097624957561 0.161947429180145 0.166964590549469 0.248588472604752 0.245228096842766 0.280737817287445 0.289341241121292 0.318348377943039 0.322229534387589 0.310866117477417 0.290966600179672 0.512069046497345 0.548837304115295 0.48906272649765 0.51741498708725 0.462265431880951 0.408135324716568 0.416178613901138 0.0936772525310516 0.289667934179306 0.0883358418941498 0.0947972685098648 0.0664827078580856 0.0359575301408768 0.0714767202734947 0.025854954496026 0.0122157875448465 0.00708782020956278 0.00356839038431644
0.0774408355355263 0.0622872188687325 0.00773939490318298 0.00570291187614202 0.00652198772877455 0.0132428845390677 0.0131178013980389 0.0218502227216959 0.0164568163454533 0.0146999740973115 0.0142943095415831 0.0185902062803507 0.0230876915156841 0.0219747461378574 0.158133655786514 0.161881551146507 0.148406565189362 0.18326361477375 0.236915692687035 0.287482559680939 0.26098769903183 0.325619131326675 0.271816283464432 0.303416401147842 0.652260601520538 0.554193377494812 0.543117582798004 0.544737756252289 0.580640435218811 0.522925317287445 0.460875540971756 0.414799392223358 0.392944842576981 0.124146983027458 0.324693650007248 0.315762937068939 0.14934641122818 0.0924163982272148 0.159896358847618 0.147785410284996 0.0297763869166374 0.0145367793738842 0.0118340095505118
0.0743273571133614 0.0488435439765453 0.0168822556734085 0.0206773933023214 0.0418386869132519 0.018391216173768 0.0110486280173063 0.0110574159771204 0.0127985458821058 0.0104898354038596 0.0102515798062086 0.0124431950971484 0.0156434215605259 0.147450640797615 0.157928451895714 0.145826295018196 0.148703172802925 0.177921682596207 0.210679069161415 0.185357689857483 0.181318417191505 0.249201744794846 0.261000126600266 0.257634729146957 0.281403750181198 0.627325534820557 0.569538593292236 0.603795826435089 0.593430638313293 0.545138716697693 0.150947257876396 0.147891134023666 0.131774112582207 0.142068520188332 0.482479184865952 0.427745074033737 0.178503930568695 0.278127670288086 0.247863337397575 0.216466337442398 0.24378490447998 0.0269391387701035 0.0127305164933205
0.0319540575146675 0.0349363051354885 0.0262555833905935 0.0410030335187912 0.0590691417455673 0.0472490377724171 0.0140555407851934 0.0105375042185187 0.00989809632301331 0.00749905547127128 0.00832520890980959 0.00999242905527353 0.107272252440453 0.123225532472134 0.149656385183334 0.16419343650341 0.146407276391983 0.157546877861023 0.166852131485939 0.198991343379021 0.21072593331337 0.288024246692657 0.177518799901009 0.264662891626358 0.299768060445786 0.290520519018173 0.606311798095703 0.576463043689728 0.642875730991364 0.186146289110184 0.188945174217224 0.554009199142456 0.482571095228195 0.145247414708138 0.145912483334541 0.134623900055885 0.398203015327454 0.353634059429169 0.314879298210144 0.308463484048843 0.257583051919937 0.247514814138412 0.0536362417042255
0.0164826344698668 0.0128925675526261 0.0129974875599146 0.0311500392854214 0.0396946892142296 0.0246312581002712 0.00619191350415349 0.010387534275651 0.00991688203066587 0.00678392499685287 0.00708910590037704 0.00799536425620317 0.0956672504544258 0.108746580779552 0.134842678904533 0.0281552523374557 0.153364345431328 0.0312200263142586 0.0345964357256889 0.0384595319628716 0.335491150617599 0.18531633913517 0.24093072116375 0.215964257717133 0.299281597137451 0.667725265026093 0.592991471290588 0.705494463443756 0.708457350730896 0.615207970142365 0.608036577701569 0.711642503738403 0.529498994350433 0.431628495454788 0.163401409983635 0.166044697165489 0.188775613903999 0.443228662014008 0.356540739536285 0.274117261171341 0.266800940036774 0.242483735084534 0.079534500837326
0.133353978395462 0.0104063395410776 0.0101829254999757 0.0116751762107015 0.0120900170877576 0.00629194173961878 0.00979054439812899 0.0114039489999413 0.0106195230036974 0.00997832510620356 0.00847977492958307 0.00990449637174606 0.00923135317862034 0.0125063750892878 0.0236643198877573 0.0387536287307739 0.166628524661064 0.0526760965585709 0.0593340247869492 0.0552284866571426 0.0718286707997322 0.437211990356445 0.54662811756134 0.845710694789886 0.466072589159012 0.752148866653442 0.703390896320343 0.810171544551849 0.762053966522217 0.656743347644806 0.642589449882507 0.648141860961914 0.59085088968277 0.415702968835831 0.482264578342438 0.52088588476181 0.518484950065613 0.461622774600983 0.477126717567444 0.371963143348694 0.342887371778488 0.30600979924202 0.237432450056076
0.0294124446809292 0.015837075188756 0.0118182515725493 0.0113545767962933 0.0125451739877462 0.018603814765811 0.0107904821634293 0.01006312482059 0.0130543988198042 0.0172410700470209 0.0239141322672367 0.0185509826987982 0.0140122128650546 0.0138793895021081 0.0225164871662855 0.0229181386530399 0.0222624037414789 0.043762844055891 0.0592014491558075 0.0672717317938805 0.442363679409027 0.567124783992767 0.860492825508118 0.849905550479889 0.513861358165741 0.805868446826935 0.810517966747284 0.774071931838989 0.738341212272644 0.363675385713577 0.62599766254425 0.607638001441956 0.621439933776855 0.575477659702301 0.535457968711853 0.549041867256165 0.572050631046295 0.505403935909271 0.527060270309448 0.468323558568954 0.381811678409576 0.371016174554825 0.351728200912476
0.0194902457296848 0.0248830355703831 0.019534794613719 0.0151033848524094 0.0126158827915788 0.0125846490263939 0.0115023013204336 0.0191837940365076 0.028499498963356 0.0410267524421215 0.0146332941949368 0.0150852873921394 0.0213898569345474 0.0245869625359774 0.0266092754900455 0.0311265885829926 0.0362176857888699 0.0617663450539112 0.112390771508217 0.0748195350170135 0.0950713604688644 0.453084409236908 0.56617534160614 0.870828688144684 0.931121349334717 0.870765388011932 0.409197747707367 0.714399456977844 0.708407580852509 0.740217328071594 0.681686580181122 0.699268519878387 0.698519051074982 0.562287449836731 0.541745245456696 0.527190744876862 0.580508172512054 0.631231427192688 0.647972643375397 0.506009161472321 0.288510680198669 0.228744611144066 0.370373010635376
0.0394743122160435 0.0490372143685818 0.0321932248771191 0.0251803174614906 0.0203055441379547 0.0166537594050169 0.0303963162004948 0.0287707485258579 0.0349295996129513 0.026211204007268 0.0289048869162798 0.0241601299494505 0.0308306217193604 0.0339917056262493 0.0389184877276421 0.0383322015404701 0.047569278627634 0.0426717959344387 0.0511690080165863 0.0523384511470795 0.109684005379677 0.485418617725372 0.527891457080841 0.57995730638504 0.604781746864319 0.632400333881378 0.547940611839294 0.482187271118164 0.805788457393646 0.762299180030823 0.668889343738556 0.717993497848511 0.648026049137115 0.562760591506958 0.65990149974823 0.627601802349091 0.65921813249588 0.721737802028656 0.717644155025482 0.618385314941406 0.504128456115723 0.308060973882675 0.199912592768669
0.0699417665600777 0.0550148040056229 0.0582466572523117 0.051528312265873 0.0349596664309502 0.029928270727396 0.0442378781735897 0.0492346659302711 0.0851323008537292 0.0991533100605011 0.0690530240535736 0.0438143610954285 0.0309092681854963 0.0369713269174099 0.0638866275548935 0.0583548061549664 0.0446153432130814 0.0429715737700462 0.0527233965694904 0.0483478382229805 0.0778036713600159 0.211674243211746 0.515782713890076 0.506268262863159 0.526117086410522 0.598808705806732 0.853857159614563 0.868671238422394 0.841049373149872 0.774815022945404 0.705330789089203 0.595084607601166 0.613325417041779 0.721190214157104 0.768866062164307 0.789503514766693 0.660744488239288 0.648246347904205 0.632423400878906 0.609525203704834 0.771617293357849 0.74388325214386 0.599859595298767
