data/climate_estimation/maxent_output/Calochortus_ambiguus.asc
NCOLS 68 
NROWS 130 
XLLCORNER -113.666666666667 
YLLCORNER 29.8333333333333 
CELLSIZE 0.0833333333333334 
NODATA_value -3.4e+38 
[rows 38 to 56 of 130, columns 0 to 43 of 68]
0.458703815937042 0.482315957546234 0.437049776315689 0.410073488950729 0.45733043551445 0.33226478099823 0.327319830656052 0.340057581663132 0.304149955511093 0.325735718011856 0.295108377933502 0.333625733852386 0.361296117305756 0.364847272634506 0.367421627044678 0.356597065925598 0.335816383361816 0.312140911817551 0.254713535308838 0.221344113349915 0.200632199645042 0.204412296414375 0.149634480476379 0.151380002498627 0.129096761345863 0.124607607722282 0.114973999559879 0.11073125898838 0.0677419528365135 0.036205530166626 0.026942890137434 0.0260178931057453 0.0315883196890354 0.0336605682969093 0.0183802824467421 0.0112014440819621 0.0162736140191555 0.0202363468706608 0.0316801369190216 0.0477113388478756 0.0697450265288353 0.0567229799926281 0.0547221638262272 0.077643096446991
0.470597177743912 0.535702645778656 0.486142188310623 0.541237473487854 0.456008732318878 0.37707644701004 0.393546044826508 0.379827827215195 0.259752660989761 0.262945353984833 0.302575081586838 0.34683021903038 0.272894948720932 0.311891674995422 0.283718287944794 0.340471625328064 0.311778366565704 0.288263380527496 0.258449167013168 0.193411961197853 0.188921257853508 0.165217250585556 0.122671447694302 0.125688552856445 0.101376906037331 0.077720083296299 0.0728235468268394 0.0925973579287529 0.0820777788758278 0.0799731239676476 0.0353896990418434 0.0251687597483397 0.0162288285791874 0.0207364615052938 0.0212584044784307 0.0182802826166153 0.0164805371314287 0.0271188952028751 0.0387618094682693 0.047175444662571 0.0314031913876534 0.038844458758831 0.0512486845254898 0.0798650607466698
0.487436354160309 0.553768932819366 0.594967484474182 0.436992794275284 0.282383888959885 0.388837248086929 0.374176651239395 0.321133613586426 0.246130228042603 0.275238305330276 0.280684739351273 0.195286855101585 0.249173894524574 0.257691234350204 0.277408063411713 0.253996938467026 0.280176430940628 0.250826299190521 0.216406777501106 0.16915300488472 0.135263741016388 0.123516537249088 0.121113412082195 0.109752535820007 0.100853748619556 0.0605435855686665 0.0464015789330006 0.0516164936125278 0.045712374150753 0.0614553727209568 0.101247556507587 0.0330318473279476 0.0175301358103752 0.0161512512713671 0.0167690049856901 0.0186123158782721 0.0272482670843601 0.0330937877297401 0.0197863727807999 0.0145042203366756 0.0263386741280556 0.0395055636763573 0.0388781651854515 0.0617048814892769
0.250009477138519 0.300127595663071 0.245363086462021 0.133123248815536 0.0719401836395264 0.258825808763504 0.258705079555511 0.251568138599396 0.218895062804222 0.195599377155304 0.188305556774139 0.197795554995537 0.258124023675919 0.227285847067833 0.204369261860847 0.184610575437546 0.237841933965683 0.231487363576889 0.170118123292923 0.143176332116127 0.103709205985069 0.100677601993084 0.074932225048542 0.0603416711091995 0.0484235063195229 0.045429702848196 0.0447762608528137 0.0263426266610622 0.0182021576911211 0.0203104764223099 0.0544842034578323 0.102207019925117 0.0164205227047205 0.0121771693229675 0.0148551249876618 0.0127901751548052 0.0161724146455526 0.0155225628986955 0.0173677112907171 0.0179637279361486 0.0262863151729107 0.0374243780970573 0.058087944984436 0.0465293899178505
0.0462628379464149 0.0485674403607845 0.0705914124846458 0.111434236168861 0.236052349209785 0.301511466503143 0.294310241937637 0.22736681997776 0.214212670922279 0.179711788892746 0.199476003646851 0.229919910430908 0.234959751367569 0.224855020642281 0.224635794758797 0.183120787143707 0.185148671269417 0.199215158820152 0.131472185254097 0.149404406547546 0.0839686766266823 0.0638715401291847 0.0452295765280724 0.0408622361719608 0.0409213937819004 0.0344870425760746 0.0187864080071449 0.0172677263617516 0.0129337552934885 0.0174312740564346 0.0167563464492559 0.0183875449001789 0.0132261430844665 0.0171377249062061 0.0204519703984261 0.0182834044098854 0.040446437895298 0.030672512948513 0.0159795712679625 0.0274051763117313 0.0310108233243227 0.0374090559780598 0.0463831499218941 0.0584277249872684
0.0347415618598461 0.0350816510617733 0.0827213749289513 0.138682842254639 0.222614467144012 0.300449371337891 0.243666425347328 0.263775527477264 0.237945377826691 0.228942900896072 0.191554039716721 0.264754593372345 0.20883771777153 0.182755872607231 0.187332928180695 0.161780267953873 0.157932490110397 0.149267956614494 0.171606421470642 0.137476280331612 0.0865331590175629 0.0638880059123039 0.068667896091938 0.0487924553453922 0.0216205697506666 0.0231758132576942 0.0191975180059671 0.0150035098195076 0.00676710344851017 0.00737762823700905 0.0200228430330753 0.0175856165587902 0.0172019321471453 0.188992187380791 0.0648381188511848 0.0353782139718533 0.0691619291901588 0.0366269461810589 0.0318112336099148 0.0405842885375023 0.0347000807523727 0.0394668988883495 0.042249571532011 0.0329799987375736
0.0557169020175934 0.0599073655903339 0.109788864850998 0.116142474114895 0.225219890475273 0.262068420648575 0.228570073843002 0.200397357344627 0.181282699108124 0.214733064174652 0.231203958392143 0.179109662771225 0.162756338715553 0.129951938986778 0.139656737446785 0.123457454144955 0.133313164114952 0.159162804484367 0.200165286660194 0.132630452513695 0.113042242825031 0.0992045029997826 0.0665814951062202 0.0697088092565536 0.0320632383227348 0.0136295612901449 0.019206253811717 0.00534218084067106 0.00552954198792577 0.00488161481916904 0.0114916888996959 0.0376162379980087 0.0292657669633627 0.0670469701290131 0.0651077628135681 0.0578849315643311 0.0740550830960274 0.0405609831213951 0.0548824034631252 0.0523186661303043 0.0389980264008045 0.0360129699110985 0.0446315966546535 0.0405697040259838
0.323480933904648 0.256124913692474 0.247085884213448 0.234201997518539 0.256290018558502 0.219480037689209 0.197004288434982 0.203871235251427 0.223359867930412 0.198287725448608 0.205573707818985 0.151999235153198 0.154792681336403 0.133755743503571 0.14284436404705 0.173608288168907 0.178904056549072 0.258358389139175 0.26685032248497 0.179564043879509 0.177901864051819 0.169206529855728 0.132536202669144 0.131696581840515 0.0308427810668945 0.0129081793129444 0.00519538624212146 0.00482754549011588 0.0108724255114794 0.00568698579445481 0.0139249386265874 0.0190116465091705 0.0232359077781439 0.0389707423746586 0.0736199244856834 0.0709200575947762 0.112532019615173 0.080250047147274 0.097506120800972 0.0541437827050686 0.0460660606622696 0.0468440875411034 0.0755191892385483 0.0581276826560497
0.412414193153381 0.35926616191864 0.268573194742203 0.198369979858398 0.234881058335304 0.22754879295826 0.174104124307632 0.205318182706833 0.211080387234688 0.183463141322136 0.155052438378334 0.153399303555489 0.14005483686924 0.161350429058075 0.17630310356617 0.228486448526382 0.273910731077194 0.347901284694672 0.29985848069191 0.155807510018349 0.212939366698265 0.181429341435432 0.196524992585182 0.0497519224882126 0.0213133525103331 0.0336865521967411 0.0393026955425739 0.0292255692183971 0.0304114427417517 0.0156885180622339 0.0297219771891832 0.0356594547629356 0.0430930480360985 0.0378509908914566 0.0478745475411415 0.129719972610474 0.170934990048409 0.175377786159515 0.171496078372002 0.0893504694104195 0.0656423270702362 0.0490936264395714 0.0506433546543121 0.0428661964833736
0.326779454946518 0.319623857736588 0.306381583213806 0.213971883058548 0.184815675020218 0.275702834129333 0.200936421751976 0.187100410461426 0.23638528585434 0.187027290463448 0.166773989796638 0.170074179768562 0.15214367210865 0.193504884839058 0.25487220287323 0.27467155456543 0.365479499101639 0.363578021526337 0.30611515045166 0.135180041193962 0.0981625244021416 0.108869940042496 0.0648380517959595 0.0309497304260731 0.0504719354212284 0.067467026412487 0.0685584843158722 0.0496163740754128 0.0438392423093319 0.0392867587506771 0.0334890522062778 0.0452570430934429 0.0550066903233528 0.0481393299996853 0.0629677474498749 0.130136117339134 0.136511534452438 0.136826783418655 0.16597455739975 0.087645135819912 0.0670139417052269 0.054945956915617 0.0604252777993679 0.0497293807566166
0.303336560726166 0.329013973474503 0.291776031255722 0.217712566256523 0.161979973316193 0.267254889011383 0.23370723426342 0.239448919892311 0.260859221220016 0.234601318836212 0.216801315546036 0.17942675948143 0.169978439807892 0.257875621318817 0.308183431625366 0.366734802722931 0.446895003318787 0.416125923395157 0.33592963218689 0.2179234623909 0.100210458040237 0.0644306540489197 0.0521846748888493 0.0538197569549084 0.0892813578248024 0.10077016800642 0.0706595554947853 0.0705632716417313 0.0650547817349434 0.0496633462607861 0.0563387498259544 0.0627528354525566 0.0854008868336678 0.094550259411335 0.0760836750268936 0.0851489752531052 0.130801573395729 0.159581318497658 0.137555733323097 0.202554598450661 0.228955686092377 0.0874340832233429 0.061900720000267 0.0529840290546417
0.294852912425995 0.292101949453354 0.226716458797455 0.242788687348366 0.334385097026825 0.358635753393173 0.334266871213913 0.294279903173447 0.262726128101349 0.252756536006927 0.248949959874153 0.177709311246872 0.126777276396751 0.245355442166328 0.328399479389191 0.391360372304916 0.48930299282074 0.448739945888519 0.449697047472 0.28224578499794 0.125398591160774 0.0787881389260292 0.0897976011037827 0.0890325158834457 0.109894469380379 0.173864632844925 0.101277053356171 0.0796000510454178 0.0779908001422882 0.0838907137513161 0.0709905847907066 0.0884004011750221 0.124541148543358 0.0935133472084999 0.0838068425655365 0.0913302898406982 0.10894288867712 0.141999378800392 0.159136489033699 0.158936455845833 0.178648471832275 0.205682441592216 0.101958371698856 0.0775841847062111
0.334466069936752 0.337419390678406 0.291682213544846 0.238011494278908 0.375113517045975 0.384976923465729 0.411218076944351 0.350761353969574 0.310554683208466 0.309862107038498 0.296912431716919 0.263509303331375 0.0932757630944252 0.211336508393288 0.356416434049606 0.427736014127731 0.466522783041 0.51049131155014 0.480999857187271 0.325171440839767 0.156499609351158 0.0845223963260651 0.111432060599327 0.107039585709572 0.106479197740555 0.117890931665897 0.086922749876976 0.0669006183743477 0.0690547153353691 0.0781185701489449 0.0876101180911064 0.0817860662937164 0.0790383368730545 0.065984733402729 0.059610940515995 0.088656522333622 0.126415982842445 0.165545508265495 0.109193556010723 0.114377871155739 0.182064399123192 0.235287189483643 0.261895418167114 0.204310640692711
0.398149818181992 0.36455562710762 0.340625077486038 0.284876853227615 0.371432214975357 0.495965957641602 0.439689010381699 0.283843606710434 0.361407548189163 0.240567281842232 0.288110554218292 0.205737173557281 0.101656645536423 0.167564213275909 0.12735216319561 0.329251945018768 0.484233319759369 0.550984978675842 0.544177889823914 0.504662990570068 0.217671081423759 0.100196681916714 0.128169760107994 0.131448164582253 0.126334235072136 0.120839953422546 0.0701794326305389 0.0492269732058048 0.049142874777317 0.0914568528532982 0.0697711408138275 0.0717641562223434 0.0606730803847313 0.0614466853439808 0.1131776496768 0.114200823009014 0.108252748847008 0.0996296778321266 0.116851814091206 0.144497931003571 0.193788290023804 0.269034564495087 0.235185623168945 0.184910774230957
0.380166620016098 0.364106953144073 0.345188826322556 0.265871942043304 0.268274784088135 0.324349254369736 0.36371248960495 0.339519649744034 0.26910200715065 0.121385268867016 0.134978905320168 0.106054030358791 0.247656062245369 0.233245551586151 0.178037390112877 0.318505108356476 0.31990972161293 0.549044013023376 0.545727729797363 0.534002661705017 0.292432457208633 0.0944731310009956 0.162564590573311 0.136892065405846 0.120902717113495 0.0835797190666199 0.0840627551078796 0.0564672127366066 0.0614978596568108 0.0687097832560539 0.0600812919437885 0.0687358751893044 0.0496494956314564 0.0766323804855347 0.0901541337370872 0.0865868851542473 0.0820332020521164 0.120295718312263 0.172312840819359 0.150025516748428 0.194852963089943 0.199742361903191 0.192018628120422 0.27558895945549
0.389405906200409 0.422972679138184 0.344384759664536 0.206259161233902 0.160847038030624 0.182317778468132 0.152248486876488 0.192936196923256 0.16781060397625 0.182300314307213 0.301093071699142 0.183154612779617 0.25631183385849 0.334362685680389 0.149674534797668 0.171903997659683 0.127839311957359 0.222613096237183 0.458890020847321 0.570240020751953 0.537066638469696 0.101872943341732 0.11140501499176 0.12207392603159 0.0841642692685127 0.0817341580986977 0.061322595924139 0.0603438317775726 0.0605093687772751 0.0517303049564362 0.0517350286245346 0.0527226887643337 0.045727301388979 0.0566631183028221 0.0713921338319778 0.0727280229330063 0.0856387317180634 0.151116967201233 0.143847942352295 0.144684329628944 0.14078214764595 0.173369795084 0.204081416130066 0.224195569753647
0.430544465780258 0.447187930345535 0.519393265247345 0.165702328085899 0.103519156575203 0.0752607211470604 0.263260662555695 0.367363393306732 0.337701469659805 0.401817739009857 0.375010102987289 0.321007907390594 0.196940928697586 0.310683399438858 0.366527497768402 0.397514492273331 0.123678378760815 0.106281854212284 0.400509268045425 0.548294246196747 0.479288130998611 0.0776849091053009 0.112625740468502 0.10870535671711 0.0744219124317169 0.0747467577457428 0.0567239336669445 0.0265404637902975 0.0411781631410122 0.0336693525314331 0.0399191677570343 0.0375669561326504 0.0477847084403038 0.057083822786808 0.0711184218525887 0.0689062103629112 0.102391995489597 0.123542234301567 0.122899137437344 0.127392500638962 0.179029822349548 0.169436052441597 0.146395206451416 0.199931100010872
0.334008693695068 0.32922425866127 0.400129467248917 0.137838244438171 0.184325844049454 0.324580192565918 0.482011377811432 0.521706283092499 0.486479312181473 0.482933759689331 0.422470837831497 0.375848472118378 0.34159442782402 0.327643275260925 0.326037406921387 0.442181915044785 0.410973429679871 0.410176545381546 0.471352249383926 0.524586796760559 0.167178988456726 0.153847470879555 0.326330214738846 0.147619426250458 0.0962417274713516 0.0662192106246948 0.0372331663966179 0.0246726032346487 0.0328035093843937 0.0512197688221931 0.0774778351187706 0.0602827183902264 0.0631318017840385 0.070694699883461 0.0866228118538857 0.0838991329073906 0.100011728703976 0.102462127804756 0.0988467186689377 0.146353170275688 0.152323588728905 0.171083241701126 0.168373316526413 0.169934570789337
0.192257314920425 0.208335816860199 0.416829168796539 0.130540996789932 0.104656025767326 0.401914060115814 0.61340457201004 0.587799429893494 0.546356558799744 0.530794382095337 0.44069692492485 0.400849193334579 0.352252393960953 0.358919650316238 0.38054421544075 0.342801213264465 0.423168420791626 0.471546053886414 0.52336984872818 0.589482963085175 0.612954020500183 0.488524407148361 0.378541380167007 0.254631578922272 0.1153269931674 0.064148485660553 0.0312949456274509 0.0226378384977579 0.030305752530694 0.0654564723372459 0.0786688700318336 0.0944976508617401 0.0947388336062431 0.111213125288486 0.0825354307889938 0.103626929223537 0.107686214148998 0.0972006544470787 0.118223592638969 0.119641661643982 0.15239080786705 0.152101963758469 0.155730709433556 0.194308459758759
