data/climate_estimation/maxent_output/Calochortus_superbus.asc
NCOLS 134 
NROWS 95 
XLLCORNER -123.666666666667 
YLLCORNER 33.1666666666667 
CELLSIZE 0.0833333333333334 
NODATA_value -3.4e+38 
[rows 0 to 19 of 95, columns 0 to 43 of 134]
0.455248475074768 0.431865215301514 0.231086567044258 0.458659619092941 0.391629040241241 0.287700831890106 0.292248487472534 0.249911859631538 0.200382649898529 0.15484257042408 0.248723030090332 0.48918628692627 0.473402440547943 0.368465214967728 0.411633014678955 0.618176102638245 0.57591712474823 0.614743173122406 0.562828660011292 0.565142750740051 0.626949369907379 0.563180029392242 0.335260599851608 0.365855693817139 0.314954102039337 0.223874524235725 0.145486891269684 0.121564842760563 0.0947765409946442 0.0568425878882408 0.0525642707943916 0.033902108669281 0.0222569182515144 0.0180469341576099 0.0147779919207096 0.0101403398439288 0.00878751464188099 0.00652776192873716 0.0061566517688334 0.00665641948580742 0.00605373410508037 0.00538887968286872 0.00530263502150774 0.00320704467594624
0.484561622142792 0.440841108560562 0.360218495130539 0.580144047737122 0.425785928964615 0.245623365044594 0.360244631767273 0.147563010454178 0.270070135593414 0.163636177778244 0.405684053897858 0.523760318756104 0.527731597423553 0.436377733945847 0.629546225070953 0.655199766159058 0.617498099803925 0.634704947471619 0.605994939804077 0.640311300754547 0.621296644210815 0.570640325546265 0.446325540542603 0.44270321726799 0.335726261138916 0.23084157705307 0.162547767162323 0.14075767993927 0.116359509527683 0.0795481279492378 0.0508156828582287 0.0360548086464405 0.0257571376860142 0.0215533450245857 0.015971302986145 0.0125362379476428 0.00945801287889481 0.00557829812169075 0.00658826949074864 0.00705900741741061 0.00460532726719975 0.00326653709635139 0.00399186694994569 0.00408228673040867
0.482216566801071 0.591448485851288 0.638704061508179 0.516398191452026 0.395039767026901 0.378527045249939 0.551673710346222 0.426445782184601 0.358635663986206 0.457667499780655 0.581744492053986 0.569224655628204 0.509633362293243 0.55278354883194 0.634494602680206 0.69970715045929 0.675028800964355 0.646568953990936 0.645419597625732 0.650848209857941 0.624658644199371 0.551343739032745 0.382467925548553 0.455448418855667 0.342906981706619 0.248403295874596 0.211650162935257 0.154914498329163 0.106476522982121 0.0880395174026489 0.0704997554421425 0.0561871081590652 0.0403849482536316 0.0228991415351629 0.0186686888337135 0.0131615707650781 0.00952504109591246 0.00492016365751624 0.00306695583276451 0.0028545034583658 0.00220670038834214 0.00224849488586187 0.00252233701758087 0.00347316008992493
0.337552607059479 0.535236775875092 0.622174382209778 0.686722338199615 0.657133758068085 0.540428578853607 0.652022898197174 0.551187992095947 0.467571586370468 0.574284255504608 0.629388213157654 0.590369820594788 0.615948975086212 0.613136291503906 0.638954162597656 0.705741405487061 0.715038895606995 0.666925013065338 0.708899199962616 0.673732817173004 0.632597088813782 0.468245327472687 0.302219390869141 0.341039836406708 0.211952447891235 0.23538926243782 0.252314358949661 0.152969107031822 0.110576309263706 0.0754580795764923 0.0651760995388031 0.0535373687744141 0.0415483340620995 0.0341790840029716 0.0233724284917116 0.0167396329343319 0.0129654332995415 0.00794858485460281 0.00649910233914852 0.00298656453378499 0.00310032698325813 0.00396802462637424 0.00323471403680742 0.0022608139552176
0.402877748012543 0.591721773147583 0.443617224693298 0.486332207918167 0.580836534500122 0.658212125301361 0.535279035568237 0.676497519016266 0.677413821220398 0.69176459312439 0.630796551704407 0.634983658790588 0.689238607883453 0.648154318332672 0.717085599899292 0.71416974067688 0.736992180347443 0.735662937164307 0.694036662578583 0.661467492580414 0.640515327453613 0.506172835826874 0.325889825820923 0.281659662723541 0.173483952879906 0.147955238819122 0.229744985699654 0.193864956498146 0.129547789692879 0.109417550265789 0.0864635333418846 0.0652225241065025 0.0610423311591148 0.046449463814497 0.0362891629338264 0.0233244821429253 0.0192086473107338 0.0107642328366637 0.00713446969166398 0.00504806637763977 0.00409537646919489 0.00647430075332522 0.00207735691219568 0.00211201445199549
0.285898864269257 0.336621761322021 0.735201418399811 0.672037363052368 0.677196264266968 0.503280878067017 0.604022800922394 0.680793106555939 0.682942628860474 0.679523766040802 0.608599364757538 0.60232001543045 0.693148851394653 0.71694028377533 0.747623383998871 0.731581330299377 0.706424713134766 0.739093065261841 0.712369441986084 0.728602290153503 0.655256032943726 0.545669376850128 0.463217824697495 0.254194974899292 0.178224861621857 0.214515388011932 0.248226031661034 0.180617704987526 0.15089613199234 0.131114184856415 0.110093541443348 0.0871656611561775 0.0713479593396187 0.0531347133219242 0.0520654432475567 0.0363353490829468 0.0240889005362988 0.014148841612041 0.00929831061512232 0.00775760179385543 0.00447503291070461 0.0038231557700783 0.0031090029515326 0.00226470758207142
0.394960820674896 0.336225301027298 0.589289963245392 0.462864935398102 0.588899075984955 0.732911765575409 0.691984534263611 0.668232977390289 0.695079922676086 0.678028166294098 0.559252202510834 0.63132655620575 0.670813202857971 0.754370391368866 0.741831243038177 0.75389552116394 0.744017541408539 0.690439164638519 0.69947361946106 0.672699630260468 0.586742103099823 0.557950019836426 0.459716439247131 0.420547723770142 0.267420142889023 0.192100122570992 0.170808643102646 0.156586900353432 0.153034433722496 0.129704296588898 0.125409781932831 0.137520313262939 0.106806091964245 0.0799305960536003 0.0736632943153381 0.0498995743691921 0.0340156070888042 0.0225515235215425 0.0144465919584036 0.0102942520752549 0.00895976461470127 0.00615646736696362 0.00347961555235088 0.00275270873680711
0.384783297777176 0.465241849422455 0.498249262571335 0.582866549491882 0.5631143450737 0.673358500003815 0.74931937456131 0.671494245529175 0.55408787727356 0.707775294780731 0.698889136314392 0.759082496166229 0.774452090263367 0.791928946971893 0.770000755786896 0.745292842388153 0.732008635997772 0.717425048351288 0.715140104293823 0.711289346218109 0.641725242137909 0.484757095575333 0.5236896276474 0.443551301956177 0.268722683191299 0.172764092683792 0.188448309898376 0.199768885970116 0.171548292040825 0.15704420208931 0.167643025517464 0.170922443270683 0.159384459257126 0.121030658483505 0.0850090235471725 0.0723537653684616 0.0613206848502159 0.0324306078255177 0.0226932931691408 0.0150736784562469 0.011663343757391 0.00833469908684492 0.00472703669220209 0.00372901884838939
0.383090645074844 0.387776553630829 0.590362131595612 0.5493004322052 0.708870828151703 0.609738886356354 0.555147290229797 0.688013553619385 0.764715731143951 0.745144486427307 0.781588673591614 0.804711520671844 0.770125985145569 0.819409191608429 0.80074417591095 0.787565588951111 0.719217300415039 0.673974931240082 0.680408477783203 0.676623046398163 0.643035531044006 0.576248526573181 0.567611455917358 0.452503383159637 0.327759206295013 0.327286183834076 0.302607953548431 0.293256789445877 0.318776577711105 0.28658926486969 0.279149651527405 0.273416459560394 0.239385828375816 0.168978691101074 0.165222212672234 0.106513194739819 0.0945991948246956 0.0729131922125816 0.0488004349172115 0.0300288088619709 0.023521926254034 0.013789338991046 0.0100269094109535 0.00569459516555071
0.502034962177277 0.279576271772385 0.463505059480667 0.615766048431396 0.529132902622223 0.706310033798218 0.608439683914185 0.602936983108521 0.777506589889526 0.772798717021942 0.774682402610779 0.805951058864594 0.814894378185272 0.813958168029785 0.789728343486786 0.754844188690186 0.772681891918182 0.701281785964966 0.718680441379547 0.699736535549164 0.717470645904541 0.619052588939667 0.649866998195648 0.555543124675751 0.37577560544014 0.425632864236832 0.398616969585419 0.376382946968079 0.427305310964584 0.511570572853088 0.463408023118973 0.379246979951859 0.361838012933731 0.207955852150917 0.178077191114426 0.119565784931183 0.092175118625164 0.0840561166405678 0.0680573061108589 0.0514102429151535 0.032306894659996 0.0218781437724829 0.0128276003524661 0.00832430087029934
0.619904696941376 0.576700568199158 0.513702392578125 0.664339184761047 0.658347725868225 0.6825190782547 0.693922638893127 0.59379255771637 0.375410825014114 0.659611403942108 0.815848171710968 0.784470975399017 0.803743839263916 0.803533732891083 0.832062005996704 0.794073760509491 0.72471809387207 0.679129838943481 0.7387775182724 0.767978668212891 0.749346077442169 0.734591364860535 0.728465974330902 0.694298386573792 0.663406729698181 0.544328153133392 0.437209337949753 0.370292693376541 0.526648938655853 0.539885342121124 0.565792977809906 0.481539696455002 0.368432879447937 0.337934285402298 0.294050723314285 0.169328346848488 0.134878069162369 0.0855043008923531 0.0777366459369659 0.0722616463899612 0.0494174212217331 0.0320271626114845 0.0205698758363724 0.0158170126378536
0.583630919456482 0.622124850749969 0.590729773044586 0.702672183513641 0.665153443813324 0.66304224729538 0.521506786346436 0.428340673446655 0.46386131644249 0.684754610061646 0.808473348617554 0.820853054523468 0.842192351818085 0.841927111148834 0.826834201812744 0.760488927364349 0.750800788402557 0.768334984779358 0.752041399478912 0.799072802066803 0.820553243160248 0.820524275302887 0.805872201919556 0.816157639026642 0.773476541042328 0.648717999458313 0.45244574546814 0.381326228380203 0.572422087192535 0.649271905422211 0.657285690307617 0.470234781503677 0.528746366500854 0.498737365007401 0.389789700508118 0.204778134822845 0.188119247555733 0.125928401947021 0.0847846791148186 0.0574894770979881 0.0504298247396946 0.039330318570137 0.0245498400181532 0.0179275870323181
0.502276480197906 0.612051427364349 0.617854297161102 0.657238662242889 0.742610454559326 0.645115911960602 0.512730062007904 0.404603332281113 0.342911541461945 0.354008436203003 0.593910217285156 0.79932028055191 0.83713698387146 0.831055223941803 0.805730640888214 0.78392368555069 0.795274436473846 0.777179658412933 0.799254417419434 0.829754054546356 0.874575972557068 0.827870905399323 0.864033281803131 0.894853353500366 0.869810521602631 0.724535703659058 0.549151122570038 0.466779083013535 0.65470963716507 0.754994809627533 0.64692485332489 0.650317430496216 0.541579008102417 0.448771715164185 0.389028608798981 0.399625986814499 0.251960784196854 0.159417912364006 0.101976037025452 0.072092667222023 0.0580646656453609 0.037765521556139 0.0271842889487743 0.0148118427023292
0.358692646026611 0.49938690662384 0.623946130275726 0.685567021369934 0.701161682605743 0.644388139247894 0.505481779575348 0.685791373252869 0.512636840343475 0.702236115932465 0.575431704521179 0.776064038276672 0.827707290649414 0.812284231185913 0.785781741142273 0.760408759117126 0.776182353496552 0.791935086250305 0.831979215145111 0.842086732387543 0.87088006734848 0.899940311908722 0.923958361148834 0.922483205795288 0.913782298564911 0.846991062164307 0.690068662166595 0.685618758201599 0.836070597171783 0.532100260257721 0.593214929103851 0.720137059688568 0.591357529163361 0.51871931552887 0.41292804479599 0.319671958684921 0.242767244577408 0.212102621793747 0.141391262412071 0.0983752906322479 0.087070494890213 0.0509913340210915 0.0424999184906483 0.0225098356604576
0.328080177307129 0.368392020463943 0.557126879692078 0.568405508995056 0.658729076385498 0.707658112049103 0.740682005882263 0.782315731048584 0.5226149559021 0.745723605155945 0.804864883422852 0.859876871109009 0.814849197864532 0.781654536724091 0.767062485218048 0.733179986476898 0.788502156734467 0.80983567237854 0.831589221954346 0.849886000156403 0.87006688117981 0.899333000183105 0.924243271350861 0.924002349376678 0.90993994474411 0.932306349277496 0.893454968929291 0.912878096103668 0.791884481906891 0.712354302406311 0.682653188705444 0.73423033952713 0.614635705947876 0.616036772727966 0.52541172504425 0.47222164273262 0.321555703878403 0.266033560037613 0.187281727790833 0.118170373141766 0.0968038588762283 0.0542694926261902 0.0385889187455177 0.0231400970369577
0.325303614139557 0.38026949763298 0.453270077705383 0.549563884735107 0.656169831752777 0.764657497406006 0.79619038105011 0.782547354698181 0.721453487873077 0.726431429386139 0.859693944454193 0.865772187709808 0.851461827754974 0.810027897357941 0.807082176208496 0.774673998355865 0.780132710933685 0.810840368270874 0.823503077030182 0.838101923465729 0.868780612945557 0.889198303222656 0.908168077468872 0.921748161315918 0.921263217926025 0.911383032798767 0.907745480537415 0.911777794361115 0.885579288005829 0.833566963672638 0.822055637836456 0.75704950094223 0.680816054344177 0.530632317066193 0.50499552488327 0.453861266374588 0.425085574388504 0.332203716039658 0.223846912384033 0.151921823620796 0.101331919431686 0.0513946041464806 0.0355131253600121 0.0256246011704206
0.265643626451492 0.338299512863159 0.417589753866196 0.519710063934326 0.590924024581909 0.703876554965973 0.769468247890472 0.64482057094574 0.695381820201874 0.534415364265442 0.718349874019623 0.825019299983978 0.838534116744995 0.792504727840424 0.795246124267578 0.777364611625671 0.775932848453522 0.792187809944153 0.805919229984283 0.827771604061127 0.880522668361664 0.899697124958038 0.91426020860672 0.930798411369324 0.921625971794128 0.916579067707062 0.901739001274109 0.894679129123688 0.908036112785339 0.914254784584045 0.870408654212952 0.812937796115875 0.735365450382233 0.638884365558624 0.544632375240326 0.446510344743729 0.424010187387466 0.379309296607971 0.339452415704727 0.215175718069077 0.135109469294548 0.0944809764623642 0.080171711742878 0.0356043353676796
0.203870937228203 0.277643293142319 0.340063184499741 0.422201067209244 0.513021647930145 0.608904838562012 0.729891717433929 0.716883420944214 0.499192982912064 0.685657978057861 0.689874649047852 0.842461168766022 0.829562246799469 0.782132208347321 0.768948376178741 0.740830898284912 0.734042465686798 0.760507881641388 0.821848452091217 0.85262006521225 0.8714519739151 0.8879554271698 0.906888246536255 0.913899779319763 0.91750293970108 0.915973126888275 0.904022872447968 0.892094612121582 0.89050954580307 0.911691844463348 0.925011992454529 0.868845641613007 0.83786153793335 0.756594598293304 0.733598709106445 0.526491284370422 0.440854489803314 0.352729886770248 0.348121523857117 0.323281794786453 0.233145713806152 0.133679002523422 0.125779628753662 0.0663451254367828
0.126300290226936 0.214484512805939 0.302935749292374 0.373539924621582 0.508825957775116 0.560532510280609 0.598621129989624 0.689134061336517 0.562213718891144 0.756376266479492 0.787220358848572 0.809974253177643 0.828695297241211 0.775971233844757 0.749749302864075 0.730548739433289 0.767120242118835 0.769307196140289 0.787847995758057 0.821428537368774 0.836529731750488 0.873413145542145 0.887050032615662 0.899477362632751 0.916532337665558 0.926782011985779 0.936053216457367 0.930152654647827 0.890328586101532 0.906931579113007 0.91055154800415 0.884682774543762 0.877204895019531 0.835317134857178 0.790325224399567 0.661860346794128 0.590496301651001 0.447095364332199 0.329482406377792 0.338002502918243 0.270092606544495 0.218038141727448 0.154935970902443 0.0991402566432953
0.0940851867198944 0.14338544011116 0.224063456058502 0.329036831855774 0.457418829202652 0.558677315711975 0.651827037334442 0.625030636787415 0.782390534877777 0.840416789054871 0.74622243642807 0.780504941940308 0.819261372089386 0.803444802761078 0.812957167625427 0.745450735092163 0.741610109806061 0.745487987995148 0.762879550457001 0.778614521026611 0.808974087238312 0.843605160713196 0.867533266544342 0.88883113861084 0.893967032432556 0.905310988426208 0.925742268562317 0.927403151988983 0.889443874359131 0.906014323234558 0.893132090568542 0.879596471786499 0.88529247045517 0.866603255271912 0.835634589195251 0.751688957214355 0.596423387527466 0.475620836019516 0.35799577832222 0.311468869447708 0.288687139749527 0.242278575897217 0.15774042904377 0.12746474146843
