data/climate_estimation/maxent_output/Calochortus_nitidus.asc
NCOLS 124 
NROWS 60 
XLLCORNER -122.75 
YLLCORNER 42.0833333333333 
CELLSIZE 0.0833333333333333 
NODATA_value -3.4e+38 
[rows 40 to 59 of 60, columns 0 to 43 of 124]
0.331202924251556 0.293629884719849 0.297408580780029 0.358293801546097 0.340484172105789 0.311471164226532 0.297100305557251 0.281927585601807 0.294269412755966 0.306051254272461 0.341413497924805 0.384460777044296 0.438859760761261 0.465949565172195 0.506763279438019 0.546433210372925 0.567951858043671 0.528753101825714 0.530435085296631 0.620372951030731 0.713406085968018 0.783151268959045 0.811372101306915 0.849195301532745 0.874138593673706 0.879688739776611 0.882372975349426 0.899294674396515 0.897424519062042 0.897931277751923 0.905332684516907 0.906814575195312 0.898608803749084 0.910431802272797 0.901937901973724 0.903206765651703 0.906093120574951 0.914175689220428 0.89410811662674 0.894287288188934 0.883735418319702 0.881210207939148 0.883644580841064 0.87181544303894
0.299604028463364 0.280009597539902 0.27375066280365 0.344369441270828 0.309182852506638 0.301477134227753 0.299180686473846 0.286416441202164 0.3036248087883 0.301103442907333 0.348763734102249 0.366474509239197 0.422394961118698 0.464612483978271 0.502222180366516 0.557359218597412 0.56973522901535 0.582090795040131 0.601325690746307 0.663577914237976 0.747171700000763 0.777169287204742 0.779019594192505 0.820928990840912 0.869990944862366 0.871359050273895 0.881517767906189 0.887589752674103 0.895953893661499 0.908001601696014 0.916451930999756 0.91591477394104 0.91086620092392 0.920126736164093 0.914001941680908 0.907179117202759 0.910006403923035 0.910304605960846 0.917964220046997 0.906940817832947 0.896917998790741 0.896707355976105 0.895309686660767 0.868130028247833
0.291732043027878 0.29007625579834 0.294391244649887 0.333929270505905 0.296856045722961 0.29060423374176 0.281407207250595 0.273925334215164 0.291689991950989 0.323333114385605 0.334390789270401 0.362529754638672 0.39754843711853 0.466723144054413 0.504608452320099 0.55593079328537 0.584426820278168 0.617245376110077 0.636325240135193 0.720161080360413 0.772210955619812 0.812751591205597 0.823460400104523 0.83535760641098 0.875180602073669 0.884686529636383 0.891979515552521 0.891497194766998 0.897441446781158 0.910238265991211 0.917753219604492 0.917490601539612 0.910333693027496 0.911799073219299 0.924468576908112 0.919723629951477 0.92906391620636 0.922110795974731 0.928125858306885 0.920285224914551 0.9083212018013 0.909043431282043 0.888261020183563 0.868155002593994
0.297284841537476 0.329402893781662 0.299771040678024 0.285207837820053 0.322943449020386 0.291993886232376 0.298479050397873 0.285591453313828 0.296777009963989 0.322034180164337 0.339724719524384 0.363055229187012 0.400695413351059 0.434599220752716 0.484997063875198 0.537014245986938 0.586666405200958 0.653001189231873 0.692955911159515 0.74449622631073 0.794510662555695 0.821451783180237 0.843152821063995 0.852530717849731 0.868354439735413 0.898434102535248 0.89845871925354 0.904141485691071 0.909667491912842 0.91815310716629 0.924908399581909 0.925774216651917 0.927653968334198 0.922476470470428 0.916511595249176 0.927982449531555 0.937311589717865 0.935730159282684 0.929165124893188 0.927190899848938 0.920269370079041 0.91669112443924 0.898500323295593 0.892505705356598
0.321760565042496 0.324702560901642 0.289326131343842 0.2839215695858 0.290021240711212 0.284906655550003 0.299214035272598 0.289633840322495 0.295184075832367 0.318954735994339 0.332643121480942 0.35360187292099 0.384494036436081 0.410219043493271 0.442710101604462 0.490641564130783 0.525539636611938 0.597465455532074 0.705956876277924 0.750385224819183 0.791867971420288 0.807944297790527 0.823528289794922 0.868176281452179 0.864288628101349 0.889275729656219 0.907574594020844 0.923822283744812 0.92182332277298 0.928229868412018 0.92519223690033 0.932860553264618 0.927769541740417 0.920458734035492 0.911725282669067 0.931406259536743 0.928009331226349 0.936544179916382 0.94274640083313 0.941811263561249 0.926910519599915 0.91914165019989 0.920236349105835 0.920238792896271
0.323834389448166 0.326089411973953 0.332188278436661 0.317410737276077 0.317398101091385 0.309435486793518 0.295512229204178 0.301964163780212 0.305432021617889 0.318001419305801 0.334698677062988 0.337033748626709 0.369605720043182 0.395160853862762 0.441315799951553 0.480616867542267 0.518186926841736 0.539711534976959 0.672272324562073 0.740202605724335 0.760243892669678 0.801153123378754 0.829868495464325 0.830329716205597 0.878574907779694 0.877903819084167 0.898725271224976 0.912572801113129 0.928256034851074 0.928498506546021 0.925182282924652 0.935719966888428 0.927257776260376 0.93323689699173 0.925358831882477 0.938953340053558 0.939937889575958 0.946798920631409 0.941788673400879 0.933677911758423 0.926077783107758 0.933778643608093 0.9272820353508 0.927409470081329
0.300285220146179 0.294603288173676 0.303607612848282 0.303848624229431 0.311307221651077 0.289545029401779 0.292298942804337 0.291215807199478 0.303591012954712 0.313788264989853 0.328565806150436 0.332828462123871 0.379005610942841 0.397645622491837 0.443904906511307 0.484102487564087 0.527502477169037 0.558367192745209 0.650918304920197 0.724119782447815 0.756932258605957 0.783051073551178 0.805262446403503 0.831841111183167 0.866434454917908 0.876693606376648 0.896253228187561 0.913474559783936 0.9212926030159 0.928519010543823 0.93619567155838 0.948650062084198 0.940270662307739 0.940056443214417 0.941529273986816 0.935528159141541 0.938466012477875 0.946154534816742 0.940310478210449 0.934837996959686 0.941917896270752 0.934939742088318 0.93397057056427 0.944563448429108
0.319902837276459 0.325204849243164 0.326226800680161 0.28729972243309 0.295289605855942 0.283947080373764 0.28141176700592 0.29899725317955 0.314054369926453 0.325357854366302 0.328919291496277 0.346452206373215 0.376008599996567 0.40294736623764 0.454494684934616 0.502861082553864 0.539069533348083 0.596157133579254 0.638835787773132 0.692381501197815 0.742362558841705 0.759646236896515 0.790319621562958 0.815249919891357 0.849855482578278 0.861729025840759 0.893506169319153 0.914720594882965 0.92258894443512 0.937623620033264 0.943068385124207 0.942283809185028 0.952356398105621 0.948777377605438 0.94872260093689 0.94196742773056 0.950979232788086 0.947198092937469 0.947835624217987 0.947092711925507 0.946961283683777 0.941409766674042 0.940474271774292 0.942802846431732
0.347224593162537 0.333109527826309 0.317413181066513 0.294430077075958 0.304188668727875 0.303081601858139 0.293135017156601 0.303703397512436 0.315845936536789 0.337555825710297 0.34690597653389 0.378397971391678 0.395329684019089 0.425839304924011 0.459236323833466 0.499848872423172 0.533188104629517 0.569600462913513 0.637133121490479 0.687239289283752 0.71686840057373 0.749836981296539 0.772624313831329 0.811013102531433 0.841369688510895 0.877045035362244 0.884617567062378 0.903979420661926 0.920736491680145 0.929888963699341 0.949594140052795 0.953221797943115 0.946081519126892 0.948517084121704 0.949540555477142 0.950207531452179 0.944885611534119 0.951918423175812 0.947261989116669 0.941387593746185 0.94159722328186 0.94159322977066 0.947862207889557 0.941563129425049
0.342865526676178 0.330013185739517 0.317825168371201 0.320781767368317 0.328583151102066 0.318255841732025 0.303435862064362 0.301162272691727 0.31929138302803 0.33219638466835 0.366150140762329 0.392733633518219 0.427279531955719 0.445748180150986 0.47733798623085 0.521338760852814 0.505578517913818 0.535590171813965 0.611573398113251 0.669115364551544 0.701595723628998 0.715350031852722 0.728802859783173 0.78446763753891 0.834916055202484 0.859000742435455 0.884940564632416 0.896007299423218 0.921720266342163 0.93901401758194 0.950302243232727 0.95373010635376 0.948212683200836 0.942760705947876 0.950356125831604 0.955262005329132 0.951283693313599 0.945802450180054 0.947446882724762 0.948371946811676 0.948276042938232 0.948072612285614 0.948065638542175 0.954072415828705
0.326314240694046 0.321296513080597 0.336725533008575 0.34245976805687 0.314169734716415 0.312982141971588 0.310923099517822 0.310079395771027 0.333575189113617 0.354204922914505 0.385730922222137 0.414746046066284 0.443368285894394 0.461410343647003 0.492642343044281 0.53977632522583 0.528993248939514 0.579564809799194 0.632798910140991 0.668630063533783 0.690077483654022 0.729309499263763 0.714175701141357 0.791693925857544 0.844744920730591 0.860337555408478 0.877296090126038 0.909181535243988 0.917545557022095 0.939600586891174 0.939387619495392 0.955842316150665 0.955829441547394 0.944567739963531 0.956162333488464 0.950952351093292 0.950950086116791 0.94646954536438 0.948517978191376 0.941547989845276 0.946537435054779 0.94338595867157 0.943352520465851 0.942999303340912
0.36484882235527 0.360677450895309 0.345995903015137 0.361221879720688 0.348640739917755 0.332648873329163 0.324174463748932 0.344101577997208 0.378734439611435 0.378104954957962 0.404031783342361 0.424006819725037 0.453636586666107 0.479796975851059 0.509836375713348 0.54105681180954 0.554404616355896 0.597628951072693 0.64759236574173 0.680677890777588 0.703059554100037 0.719052314758301 0.715641617774963 0.787140846252441 0.832944452762604 0.860160171985626 0.880206227302551 0.899887323379517 0.909323930740356 0.932207882404327 0.947495639324188 0.950714528560638 0.945264935493469 0.951467275619507 0.952176153659821 0.946115374565125 0.952300131320953 0.946843683719635 0.947569727897644 0.942209541797638 0.948795795440674 0.947735726833344 0.942126154899597 0.944695830345154
0.405341893434525 0.382154762744904 0.363724321126938 0.3642937541008 0.358763158321381 0.354808926582336 0.349271297454834 0.363185912370682 0.405302256345749 0.410313636064529 0.426732212305069 0.44426816701889 0.472128361463547 0.501929819583893 0.523831069469452 0.556325137615204 0.599009215831757 0.61962354183197 0.667135179042816 0.681829214096069 0.701675236225128 0.718494057655334 0.734108924865723 0.76035338640213 0.811489760875702 0.844671607017517 0.884223997592926 0.89439469575882 0.90049010515213 0.927193164825439 0.935132801532745 0.934440553188324 0.945773959159851 0.952006459236145 0.947360754013062 0.953426003456116 0.946724116802216 0.953610837459564 0.942898333072662 0.948784232139587 0.948592782020569 0.94382506608963 0.936987996101379 0.943814277648926
0.427409291267395 0.403586953878403 0.361684322357178 0.376146554946899 0.366294860839844 0.367215663194656 0.367671549320221 0.381768345832825 0.416719555854797 0.433612644672394 0.451337546110153 0.4809490442276 0.495261639356613 0.518032371997833 0.546903192996979 0.574456512928009 0.591788172721863 0.635599732398987 0.664248287677765 0.696515381336212 0.711466252803802 0.717313706874847 0.734327495098114 0.747790038585663 0.763783812522888 0.828525900840759 0.841797947883606 0.877120912075043 0.903137505054474 0.910669088363647 0.920908391475677 0.926814496517181 0.935522079467773 0.947371006011963 0.942298948764801 0.953354597091675 0.95354175567627 0.943191766738892 0.94377213716507 0.943005204200745 0.942091286182404 0.948587238788605 0.942810237407684 0.943623065948486
0.436094582080841 0.423045545816422 0.406503230333328 0.407534420490265 0.399287343025208 0.370005548000336 0.382373869419098 0.401523947715759 0.43357190489769 0.471843123435974 0.489984571933746 0.497503966093063 0.530160427093506 0.541189908981323 0.551040291786194 0.578964531421661 0.622228384017944 0.662814974784851 0.677949607372284 0.70825058221817 0.723811626434326 0.732904970645905 0.74512380361557 0.74267965555191 0.795717120170593 0.816694557666779 0.83959972858429 0.86248767375946 0.874789178371429 0.904146552085876 0.899287343025208 0.911351382732391 0.917309403419495 0.929908037185669 0.948905885219574 0.948948740959167 0.936122834682465 0.937122344970703 0.937895238399506 0.942083775997162 0.942133188247681 0.94271856546402 0.943066954612732 0.943056583404541
0.507664263248444 0.469448328018188 0.414216667413712 0.414044231176376 0.392546355724335 0.397533476352692 0.409581661224365 0.433767914772034 0.458825528621674 0.475261002779007 0.497782617807388 0.523017168045044 0.548740744590759 0.563889920711517 0.587775766849518 0.610985696315765 0.640371084213257 0.667476534843445 0.696030795574188 0.723520457744598 0.737505614757538 0.745008587837219 0.746360063552856 0.770492136478424 0.784200429916382 0.815373778343201 0.831830143928528 0.842126965522766 0.860657751560211 0.874054193496704 0.878533899784088 0.901588201522827 0.921488881111145 0.930328905582428 0.944507241249084 0.934115648269653 0.924532353878021 0.943160235881805 0.94299328327179 0.943052589893341 0.937951743602753 0.937101423740387 0.943158328533173 0.937134504318237
0.506240844726562 0.484130412340164 0.466817200183868 0.407370835542679 0.397044450044632 0.415656000375748 0.435300886631012 0.459284633398056 0.477027624845505 0.499242275953293 0.534720838069916 0.550756633281708 0.592584550380707 0.590340852737427 0.63223785161972 0.668815553188324 0.694199800491333 0.70337438583374 0.717668235301971 0.733322560787201 0.743798732757568 0.771786272525787 0.761731564998627 0.76792699098587 0.781167507171631 0.790720999240875 0.81475418806076 0.829736590385437 0.838261365890503 0.854359805583954 0.876099407672882 0.889605641365051 0.904344618320465 0.921545684337616 0.930564939975739 0.928111672401428 0.931356847286224 0.938242018222809 0.943120241165161 0.94394052028656 0.942865967750549 0.947562098503113 0.949123084545135 0.950701057910919
0.442966818809509 0.424131363630295 0.411030828952789 0.410306811332703 0.412051469087601 0.436606645584106 0.446059614419937 0.486467868089676 0.495449662208557 0.521659135818481 0.570700943470001 0.579017519950867 0.608516335487366 0.62281721830368 0.659368336200714 0.693092823028564 0.721147239208221 0.730286300182343 0.73949533700943 0.752175450325012 0.765440225601196 0.763557255268097 0.768814742565155 0.785331904888153 0.787653744220734 0.8028843998909 0.81024044752121 0.799664497375488 0.815502405166626 0.838106155395508 0.857605516910553 0.868736684322357 0.895227789878845 0.911094307899475 0.922135293483734 0.930419087409973 0.938157975673676 0.936813354492188 0.942113220691681 0.94406658411026 0.942566454410553 0.947711706161499 0.948523283004761 0.943536520004272
0.538770854473114 0.50440114736557 0.428293645381927 0.417431533336639 0.418322414159775 0.449057221412659 0.477761745452881 0.51436710357666 0.517434358596802 0.556295871734619 0.580867171287537 0.604888319969177 0.651666343212128 0.659488141536713 0.71278989315033 0.736962139606476 0.741653323173523 0.767204701900482 0.763785183429718 0.7681605219841 0.767192482948303 0.755864799022675 0.773544490337372 0.775468647480011 0.778482735157013 0.79393345117569 0.784679353237152 0.775541245937347 0.790521025657654 0.827302992343903 0.847656667232513 0.874284565448761 0.872920036315918 0.904901444911957 0.911661505699158 0.923200368881226 0.932203650474548 0.929859161376953 0.936782717704773 0.943108916282654 0.947515308856964 0.944395124912262 0.948325276374817 0.94926393032074
0.41799595952034 0.477155715227127 0.473720669746399 0.433750033378601 0.464057117700577 0.455239474773407 0.490187436342239 0.533125996589661 0.531884968280792 0.575126230716705 0.594043135643005 0.640476405620575 0.664070725440979 0.722752451896667 0.763391852378845 0.771296441555023 0.776716411113739 0.80158793926239 0.778458535671234 0.779005706310272 0.787382304668427 0.776601791381836 0.788311719894409 0.774395048618317 0.781891167163849 0.782694876194 0.772795379161835 0.758441507816315 0.758797764778137 0.811285614967346 0.848778128623962 0.839386999607086 0.87468433380127 0.875707864761353 0.8870689868927 0.898155331611633 0.920946300029755 0.929507672786713 0.936460912227631 0.94366192817688 0.941681146621704 0.941691696643829 0.94096827507019 0.947013020515442
