data/climate_estimation/maxent_output/Calochortus_splendens.asc
NCOLS 93 
NROWS 117 
XLLCORNER -122.75 
YLLCORNER 29.8333333333333 
CELLSIZE 0.0833333333333333 
NODATA_value -3.4e+38 
[rows 22 to 43 of 117, columns 0 to 49 of 93]
-3.4e+38 -3.4e+38 0.0806728377938271 0.125005125999451 0.191400274634361 0.433567613363266 0.442516207695007 0.708797216415405 0.878225743770599 0.961389720439911 0.981980323791504 0.961261034011841 0.926455438137054 0.881910264492035 0.838938653469086 0.770701169967651 0.669556498527527 0.628029584884644 0.539844691753387 0.4605752825737 0.453994333744049 0.379153996706009 0.32312422990799 0.274099439382553 0.22548109292984 0.186407282948494 0.159991130232811 0.150471270084381 0.135023459792137 0.162268027663231 0.191224083304405 0.365566670894623 0.323734700679779 0.32637557387352 0.284248352050781 0.285914242267609 0.0927360951900482 0.030287204310298 0.0319769643247128 0.00239571649581194 0.00168149964883924 0.000875275814905763 0.00108919723425061 0.00158179691061378 0.00264951260760427 0.0042962902225554 0.00637572119012475 0.00590976839885116 0.00279179774224758 0.00207765959203243
-3.4e+38 -3.4e+38 0.074655756354332 0.128083303570747 0.262596637010574 0.447338134050369 -3.4e+38 0.808032929897308 0.912161707878113 0.949516952037811 0.97752320766449 0.956367373466492 0.916466772556305 0.858574628829956 0.847033679485321 0.800044357776642 0.728763043880463 0.609520614147186 0.568592965602875 0.49966087937355 0.445198506116867 0.37758857011795 0.303266376256943 0.260192334651947 0.220772534608841 0.187408685684204 0.167201220989227 0.14156973361969 0.142042547464371 0.127851113677025 0.164519295096397 0.199564591050148 0.19473522901535 0.30181810259819 0.297545343637466 0.414216607809067 0.15741041302681 0.0254832822829485 0.00389371835626662 0.00197010487318039 0.00115704047493637 0.00160531606525183 0.00225262274034321 0.00228559575043619 0.00239024707116187 0.00305791106075048 0.0043397294357419 0.0068567730486393 0.00603728136047721 0.00280718761496246
-3.4e+38 -3.4e+38 0.067482978105545 0.135103195905685 0.251125007867813 0.509778678417206 0.761366486549377 0.896003186702728 0.935127019882202 0.969087183475494 0.960784137248993 0.924947142601013 0.913151323795319 0.86665016412735 0.851700305938721 0.806512892246246 0.702118396759033 0.621914744377136 0.571423053741455 0.470044761896133 0.41772922873497 0.35241886973381 0.294995933771133 0.256682544946671 0.216582417488098 0.196540430188179 0.168292298913002 0.149859860539436 0.137455552816391 0.120926178991795 0.121697388589382 0.220590129494667 0.341121912002563 0.346012771129608 0.355674654245377 0.281071841716766 0.25174480676651 0.16201713681221 0.013468855060637 0.00708041433244944 0.00219530425965786 0.0184371545910835 0.0437176488339901 0.0137161454185843 0.00263523939065635 0.00136222178116441 0.00110299838706851 0.00211085821501911 0.00319640594534576 0.0060221035964787
-3.4e+38 -3.4e+38 -3.4e+38 0.0896015167236328 0.225085392594337 0.431821137666702 0.804355502128601 0.892084181308746 0.927585601806641 0.963679015636444 0.969161987304688 0.90648227930069 0.91686350107193 0.886067509651184 0.879107177257538 0.838305115699768 0.782243371009827 0.61016708612442 0.527034938335419 0.463110625743866 0.365717947483063 0.306167781352997 0.264050453901291 0.246398538351059 0.217986583709717 0.206334426999092 0.174478575587273 0.155667364597321 0.13854344189167 0.119748882949352 0.109232805669308 0.115852527320385 0.188304215669632 0.175850883126259 0.226308286190033 0.285079628229141 0.28409880399704 0.272943377494812 0.04764049872756 0.0258792396634817 0.121320322155952 0.0731954127550125 0.142796218395233 0.0117445755749941 0.00155127863399684 0.00157738267444074 0.00122011138591915 0.000985091435723007 0.00125321873929352 0.0382280237972736
-3.4e+38 -3.4e+38 -3.4e+38 0.09210454672575 0.17030356824398 0.333673268556595 0.52421510219574 0.759096562862396 0.880172073841095 0.949338912963867 0.971726834774017 0.926240682601929 0.893169045448303 0.907814979553223 0.860770642757416 0.851927816867828 0.809481620788574 0.690743505954742 0.504201292991638 0.419601678848267 0.331873267889023 0.295221090316772 0.232178270816803 0.24127396941185 0.216288626194 0.205177575349808 0.186930075287819 0.175250843167305 0.147316113114357 0.121687896549702 0.101597629487514 0.0998585224151611 0.108523964881897 0.136751234531403 0.113474972546101 0.160844579339027 0.285373091697693 0.37177038192749 0.294978618621826 0.0874379128217697 0.344194054603577 0.373883724212646 0.0722238421440125 0.0751292407512665 0.0235539581626654 0.00428122840821743 0.0013553008902818 0.000719291332643479 0.00134068448096514 0.0072727263905108
-3.4e+38 -3.4e+38 -3.4e+38 -3.4e+38 0.0898609757423401 0.26484552025795 0.375853329896927 0.509570896625519 0.749209403991699 0.898957252502441 0.947878062725067 0.956507623195648 0.864817976951599 0.917177021503448 0.893143892288208 0.847456693649292 0.838376820087433 0.745447218418121 0.590247094631195 0.469916641712189 0.343142330646515 0.283059746026993 0.225318849086761 0.22290401160717 0.22791662812233 0.231505915522575 0.215736538171768 0.186501741409302 0.155345544219017 0.121281206607819 0.107705190777779 0.0895411893725395 0.089205875992775 0.0849702209234238 0.0845176950097084 0.116688966751099 0.303990185260773 0.389664232730865 0.416648685932159 0.316514879465103 0.345123082399368 0.237553328275681 0.00806743558496237 0.00504765519872308 0.00341710983775556 0.00644454639405012 0.00119787268340588 0.000939809076953679 0.000838711275719106 0.0026388643309474
-3.4e+38 -3.4e+38 -3.4e+38 -3.4e+38 0.0698753744363785 0.149805694818497 0.289243191480637 0.407400667667389 0.50704151391983 0.686877965927124 0.813655316829681 0.902373552322388 0.91192364692688 0.878459930419922 0.890081286430359 0.858464956283569 0.835855305194855 0.798900008201599 0.664052426815033 0.543892681598663 0.375359505414963 0.266450881958008 0.20741406083107 0.194442465901375 0.174276635050774 0.189904019236565 0.217398330569267 0.183639049530029 0.157391905784607 0.130899623036385 0.103373162448406 0.0858504548668861 0.0823496654629707 0.075850248336792 0.0800395980477333 0.0838324502110481 0.144916504621506 0.160791665315628 0.261811882257462 0.382784575223923 0.539064288139343 0.386377394199371 0.100028619170189 0.00801429897546768 0.00226317369379103 0.00245447573252022 0.00219717249274254 0.00134350568987429 0.000819990353193134 0.00120153883472085
-3.4e+38 -3.4e+38 -3.4e+38 -3.4e+38 0.0893211886286736 0.138183131814003 0.16815522313118 0.303292721509933 0.34429258108139 0.434738308191299 0.675400018692017 0.743735253810883 0.852127075195312 0.896487593650818 0.889044880867004 0.882058918476105 0.875732481479645 0.855304777622223 0.786083698272705 0.666707694530487 0.401657670736313 0.264314293861389 0.204720914363861 0.170407518744469 0.16503643989563 0.166282653808594 0.164984568953514 0.159303307533264 0.150114461779594 0.130271658301353 0.111527614295483 0.0929604470729828 0.0740506127476692 0.0719724074006081 0.0699193850159645 0.076368123292923 0.0767156928777695 0.0982565507292747 0.0969974398612976 0.190222010016441 0.478167206048965 0.354381382465363 0.0986006036400795 0.0266499314457178 0.00272907968610525 0.00898824632167816 0.00321662309579551 0.00110935105476528 0.000798663764726371 0.00084141333354637
-339999999999999996123846586046231871488.000000000000000 -3.4e+38 -3.4e+38 -3.4e+38 -3.4e+38 0.108462527394295 0.152626946568489 0.190889671444893 0.245232701301575 0.310958683490753 0.481887191534042 0.651189982891083 0.781376361846924 0.883223474025726 0.927544772624969 0.904672026634216 0.907895267009735 0.908466994762421 0.863099694252014 0.799472868442535 0.496680319309235 0.296420484781265 0.199658527970314 0.163381233811378 0.143393084406853 0.137757360935211 0.133287832140923 0.127015188336372 0.118940830230713 0.103642247617245 0.0853301584720612 0.0810396894812584 0.0712706744670868 0.0689195990562439 0.0625701248645782 0.0553811118006706 0.0578362718224525 0.0621083118021488 0.0718994587659836 0.186241149902344 0.499771595001221 0.567971467971802 0.583780586719513 0.219919577240944 0.0299061853438616 0.0351016782224178 0.00289912545122206 0.00161541672423482 0.00112002599053085 0.00174866418819875
-3.4e+38 -3.4e+38 -3.4e+38 -3.4e+38 -3.4e+38 -3.4e+38 0.100826196372509 0.12475673109293 0.147775158286095 0.209562569856644 0.332189917564392 0.408671915531158 0.650979936122894 0.82458621263504 0.930463373661041 0.96237725019455 0.965406239032745 0.915427327156067 0.874189019203186 0.849701762199402 0.624064922332764 0.340709090232849 0.217982932925224 0.182463616132736 0.142181500792503 0.122837617993355 0.108837306499481 0.104436337947845 0.0910298228263855 0.0823568105697632 0.0705243498086929 0.0618589371442795 0.0549107082188129 0.059468287974596 0.0590674765408039 0.0565842539072037 0.054853294044733 0.0575373731553555 0.0534689426422119 0.0761510953307152 0.111323244869709 0.140776410698891 0.338046222925186 0.61173141002655 0.224219590425491 0.0704187601804733 0.00867356546223164 0.0217764787375927 0.00684353802353144 0.0140403676778078
-3.4e+38 -3.4e+38 -3.4e+38 -3.4e+38 -3.4e+38 -3.4e+38 -3.4e+38 -3.4e+38 -3.4e+38 -3.4e+38 0.24029378592968 0.300904035568237 0.491485387086868 0.700996160507202 0.830102324485779 0.909630656242371 0.978063881397247 0.951326906681061 0.896218538284302 0.867502570152283 0.765758991241455 0.452057242393494 0.286612957715988 0.176337957382202 0.152279764413834 0.125427812337875 0.0951937288045883 0.0902522876858711 0.073925144970417 0.0666525289416313 0.0643074437975883 0.0551869943737984 0.0540849156677723 0.0519151091575623 0.0549640730023384 0.05892064422369 0.0541134625673294 0.0535628907382488 0.0547270923852921 0.061893705278635 0.085335947573185 0.0685218274593353 0.135562628507614 0.114309445023537 0.31821209192276 0.646188080310822 0.27927577495575 0.157662764191628 0.00338567211292684 0.0018618842586875
-3.4e+38 -3.4e+38 -3.4e+38 -3.4e+38 -3.4e+38 -3.4e+38 -3.4e+38 -3.4e+38 -3.4e+38 -3.4e+38 -3.4e+38 0.245431020855904 0.383665502071381 0.576571404933929 0.784439444541931 0.911817014217377 0.948169350624084 0.9748455286026 0.915976285934448 0.875805854797363 0.822037041187286 0.768491089344025 0.38864654302597 0.202146902680397 0.14657561480999 0.120129376649857 0.098927915096283 0.0854343995451927 0.0615109503269196 0.0619064047932625 0.0520052053034306 0.0467063263058662 0.0476278364658356 0.0473478361964226 0.0503640919923782 0.058860894292593 0.056845635175705 0.0548608638346195 0.0557530149817467 0.0558518916368484 0.0574683733284473 0.0769157707691193 0.106481477618217 0.349241584539413 0.596856117248535 0.386189699172974 0.438640117645264 0.275851488113403 0.16315646469593 0.0538044907152653
-3.4e+38 -3.4e+38 -3.4e+38 -3.4e+38 -3.4e+38 -3.4e+38 -3.4e+38 -3.4e+38 -3.4e+38 -3.4e+38 -3.4e+38 0.157864406704903 0.269662827253342 0.454620778560638 0.676407873630524 0.85644268989563 0.920272946357727 0.975681960582733 0.934820353984833 0.887799680233002 0.874948859214783 0.872065663337708 0.472419202327728 0.453000783920288 0.190402880311012 0.135234236717224 0.105060219764709 0.0799450427293777 0.056878574192524 0.0539235547184944 0.0458282753825188 0.0483518019318581 0.045214481651783 0.0446963831782341 0.0492922253906727 0.0521235913038254 0.0579137317836285 0.063570611178875 0.0610588937997818 0.0608744286000729 0.0663337782025337 0.0753482133150101 0.0898644849658012 0.139254719018936 0.473312824964523 0.410078167915344 0.119776695966721 0.0340554192662239 0.00906398426741362 0.0122480448335409
-3.4e+38 -3.4e+38 -3.4e+38 -3.4e+38 -3.4e+38 -3.4e+38 -3.4e+38 -3.4e+38 -3.4e+38 0.0392065681517124 0.0441232025623322 0.12590891122818 0.230031341314316 0.349055498838425 0.565725743770599 0.766737103462219 0.879549622535706 0.908828496932983 0.935979068279266 0.898779988288879 0.902278900146484 0.771314084529877 0.530703485012054 0.508773863315582 0.249147668480873 0.133231192827225 0.107891008257866 0.0737879425287247 0.0621244087815285 0.0498315952718258 0.0445838533341885 0.0419114343822002 0.0389716178178787 0.0396440885961056 0.0446778908371925 0.0475708618760109 0.0569578073918819 0.0695579126477242 0.0653434842824936 0.0701790750026703 0.0691024139523506 0.0668734237551689 0.0808935686945915 0.0861817970871925 0.183504536747932 0.453896403312683 0.67231559753418 0.13903683423996 0.00530478777363896 0.00151028868276626
-3.4e+38 -3.4e+38 -3.4e+38 -3.4e+38 -3.4e+38 -3.4e+38 -3.4e+38 -3.4e+38 -3.4e+38 0.0304020009934902 0.0490533597767353 0.114267215132713 0.283031195402145 0.497688442468643 0.548282980918884 0.671782076358795 0.862151801586151 0.887708902359009 0.916268408298492 0.859942138195038 0.913276195526123 0.896128535270691 0.778886377811432 0.637770056724548 0.47278693318367 0.342699587345123 0.164828479290009 0.0757901072502136 0.0553986243903637 0.045383159071207 0.0397342443466187 0.0396656058728695 0.0357710495591164 0.0346212387084961 0.0420553721487522 0.0414074137806892 0.0500196553766727 0.0593391172587872 0.0722335875034332 0.0821725726127625 0.079399086534977 0.0775827020406723 0.0749031603336334 0.067821741104126 0.0717895999550819 0.177295848727226 0.222381234169006 0.593413650989532 0.291541695594788 0.0474089495837688
-3.4e+38 -3.4e+38 -3.4e+38 -3.4e+38 -3.4e+38 -3.4e+38 -3.4e+38 -3.4e+38 -3.4e+38 0.0323740430176258 0.112777933478355 0.203188702464104 0.234816402196884 0.416121244430542 0.602983593940735 0.646363735198975 0.779538750648499 0.936029970645905 0.919243454933167 0.890461266040802 0.851633489131927 0.875446975231171 0.886841535568237 0.813398003578186 0.589675903320312 0.511588513851166 0.332830488681793 0.102537050843239 0.0553119033575058 0.040056899189949 0.0402164533734322 0.0376376956701279 0.0326100662350655 0.0302446410059929 0.0325336419045925 0.037806298583746 0.0455449745059013 0.0541702620685101 0.0669119954109192 0.0788279324769974 0.0916377827525139 0.0909722223877907 0.0786593183875084 0.0719060525298119 0.0576009638607502 0.0656554847955704 0.0509955585002899 0.497363537549973 0.295613020658493 0.0108259571716189
-3.4e+38 -3.4e+38 -3.4e+38 -3.4e+38 -3.4e+38 -3.4e+38 -3.4e+38 -3.4e+38 -3.4e+38 -3.4e+38 0.0709876716136932 0.237482890486717 0.308529764413834 0.374839544296265 0.52331018447876 0.6505366563797 0.742047727108002 0.866501450538635 0.95520555973053 0.959160327911377 0.896696329116821 0.855149447917938 0.891054272651672 0.878806471824646 0.798121213912964 0.788300752639771 0.61032634973526 0.222574815154076 0.0642077997326851 0.0361679755151272 0.0329389832913876 0.0307325329631567 0.0300495177507401 0.0288098230957985 0.0294068288058043 0.0328216925263405 0.0378042906522751 0.0448825471103191 0.0565132647752762 0.0628477707505226 0.0709835812449455 0.0991932079195976 0.0993224754929543 0.0775605961680412 0.0697975233197212 0.0506433695554733 0.0954477041959763 0.634593069553375 0.143449887633324 0.00387799483723938
-3.4e+38 -3.4e+38 -3.4e+38 -3.4e+38 -3.4e+38 -3.4e+38 -3.4e+38 -3.4e+38 -3.4e+38 -3.4e+38 0.023608548566699 0.119643121957779 0.259393572807312 0.394753009080887 0.481476038694382 0.535196781158447 0.69013786315918 0.823346614837646 0.911341786384583 0.976933181285858 0.952385902404785 0.934562683105469 0.887348532676697 0.864861607551575 0.853725612163544 0.852985382080078 0.762054264545441 0.576107800006866 0.194756165146828 0.0350220315158367 0.0278168190270662 0.0231828484684229 0.0226388741284609 0.0229267124086618 0.022873267531395 0.0258193984627724 0.0302183870226145 0.0377756580710411 0.0438553094863892 0.0509236082434654 0.0611272491514683 0.071820855140686 0.0936751440167427 0.0810905992984772 0.0703210085630417 0.0508677437901497 0.354718118906021 0.720326244831085 0.269899010658264 0.00869764108210802
-3.4e+38 -3.4e+38 -3.4e+38 -3.4e+38 -3.4e+38 -3.4e+38 -3.4e+38 -3.4e+38 -3.4e+38 -3.4e+38 -3.4e+38 0.0424367003142834 0.203554928302765 0.324891924858093 0.373645633459091 0.490418404340744 0.625976741313934 0.76771467924118 0.880620062351227 0.911939263343811 0.979349434375763 0.943435370922089 0.912282288074493 0.845652461051941 0.857946515083313 0.824783504009247 0.567847907543182 0.192158535122871 0.0560518391430378 0.0276176650077105 0.0192445758730173 0.0154285579919815 0.0143749406561255 0.0161937866359949 0.0188111811876297 0.0224117934703827 0.0255824569612741 0.0272768810391426 0.0323217064142227 0.0360244438052177 0.0452152639627457 0.050986010581255 0.0558019876480103 0.0704208314418793 0.0632474273443222 0.0486854575574398 0.063585601747036 0.0649460330605507 0.748079001903534 0.297015070915222
-3.4e+38 -3.4e+38 -3.4e+38 -3.4e+38 -3.4e+38 -3.4e+38 -3.4e+38 -3.4e+38 -3.4e+38 -3.4e+38 -3.4e+38 -3.4e+38 0.0732908099889755 0.252208560705185 0.345842629671097 0.432599008083344 0.533514559268951 0.677583694458008 0.833964049816132 0.91314685344696 0.938171863555908 0.955919742584229 0.939756453037262 0.851862609386444 0.842417478561401 0.797478079795837 0.534494638442993 0.236863046884537 0.0511520877480507 0.0223791487514973 0.0162750668823719 0.0115493768826127 0.0120470300316811 0.0121748568490148 0.0139658413827419 0.0184425134211779 0.0203447509557009 0.0214738417416811 0.0222489591687918 0.0285680666565895 0.0313559882342815 0.0370325148105621 0.0398801490664482 0.0457843951880932 0.049651250243187 0.0398925095796585 0.0320853814482689 0.05649209395051 0.774097383022308 0.517803907394409
-3.4e+38 -3.4e+38 -3.4e+38 -3.4e+38 -3.4e+38 -3.4e+38 -3.4e+38 -3.4e+38 -3.4e+38 -3.4e+38 -3.4e+38 -3.4e+38 -3.4e+38 0.126271456480026 0.288836687803268 0.391083717346191 0.478159189224243 0.666301190853119 0.764093220233917 0.878474712371826 0.954646408557892 0.958535075187683 0.946114003658295 0.909461677074432 0.814508318901062 0.776447176933289 0.8044713139534 0.366089880466461 0.128612130880356 0.0630227029323578 0.0245432127267122 0.0194927472621202 0.0123086823150516 0.0125269712880254 0.0147423287853599 0.0155259082093835 0.017922593280673 0.0185107998549938 0.0200156234204769 0.0232199672609568 0.0256359931081533 0.0268467236310244 0.0320487916469574 0.0320185013115406 0.0288611054420471 0.0315131954848766 0.0261076707392931 0.0554834008216858 0.49819141626358 0.530773401260376
-3.4e+38 -3.4e+38 -3.4e+38 -3.4e+38 -3.4e+38 -3.4e+38 -3.4e+38 -3.4e+38 -3.4e+38 -3.4e+38 -3.4e+38 -3.4e+38 -3.4e+38 -3.4e+38 -3.4e+38 0.362433969974518 0.446139723062515 0.583896458148956 0.708747446537018 0.843239545822144 0.914487302303314 0.928542613983154 0.966810584068298 0.921760678291321 0.836662769317627 0.727108776569366 0.747513055801392 0.647257149219513 0.791472136974335 0.510913729667664 0.110356345772743 0.0316127687692642 0.0194219723343849 0.0153156835585833 0.0151893356814981 0.0158532578498125 0.0178425423800945 0.0186239425092936 0.0201860703527927 0.0199832394719124 0.0200956501066685 0.0192523896694183 0.0220852587372065 0.020269338041544 0.0225918851792812 0.0236049368977547 0.0248999260365963 0.0930101200938225 0.819885730743408 0.520115315914154
