data/climate_estimation/maxent_output/Calochortus_lyallii.asc
NCOLS 104 
NROWS 35 
XLLCORNER -123.5 
YLLCORNER 46.4166666666667 
CELLSIZE 0.0833333333333334 
NODATA_value -3.4e+38 
[rows 0 to 19 of 35, columns 44 to 87 of 104]
0.0969188064336777 0.0885685160756111 0.081746906042099 0.0776629224419594 0.085150882601738 0.0466742590069771 0.0354404635727406 0.029022466391325 0.0372644700109959 0.0487901754677296 0.0376282371580601 0.0353877134621143 0.0248342324048281 0.0203909650444984 0.0122850714251399 0.0146050108596683 0.249454766511917 0.208046615123749 0.00810854136943817 0.306391686201096 0.291606187820435 0.255024403333664 0.267217248678207 0.261686325073242 0.252194285392761 0.241017237305641 0.155978873372078 0.245097368955612 0.201394110918045 0.24848635494709 0.227739736437798 0.233553841710091 0.23208250105381 0.141537874937057 0.159684225916862 0.216297879815102 0.245872288942337 0.196996212005615 0.249507904052734 0.16627624630928 0.196191802620888 0.296805858612061 0.266146451234818 0.188926950097084
0.0874675139784813 0.0923519358038902 0.0896636545658112 0.205735474824905 0.0787002891302109 0.0472900047898293 0.0319136083126068 0.0210318882018328 0.0361344702541828 0.0490817874670029 0.0421413369476795 0.0366414077579975 0.0281500723212957 0.0277049634605646 0.0180635582655668 0.0192847605794668 0.241557285189629 0.432651996612549 0.345057606697083 0.338234633207321 0.323652893304825 0.325541108846664 0.312509953975677 0.212184518575668 0.290486633777618 0.215369910001755 0.255356043577194 0.268065243959427 0.250554174184799 0.251876443624496 0.246475175023079 0.260086923837662 0.188573926687241 0.150673910975456 0.180514961481094 0.153375625610352 0.152853593230247 0.268045544624329 0.216408178210258 0.291869729757309 0.273034334182739 0.30447718501091 0.311957389116287 0.297329366207123
0.0758756026625633 0.0890703946352005 0.0891896113753319 0.531290113925934 0.258290499448776 0.0687266066670418 0.0410458110272884 0.0412372872233391 0.0502860844135284 0.0495058633387089 0.043013907968998 0.0351291671395302 0.0292091723531485 0.032153207808733 0.0246989503502846 0.341134697198868 0.258121758699417 0.233747124671936 0.366789102554321 0.301075220108032 0.354448437690735 0.293599992990494 0.33463317155838 0.227368205785751 0.311642557382584 0.216822370886803 0.268679291009903 0.222825765609741 0.289252132177353 0.28663831949234 0.258415043354034 0.279800027608871 0.25800421833992 0.164478331804276 0.198636084794998 0.253973424434662 0.258030503988266 0.262594640254974 0.20523926615715 0.203718483448029 0.28115302324295 0.299528181552887 0.314285606145859 0.315491110086441
0.532267391681671 0.661707103252411 0.767807245254517 0.719746887683868 0.51591295003891 0.731684446334839 0.0583089217543602 0.0585693195462227 0.0593661963939667 0.0520993061363697 0.0477347485721111 0.0393569841980934 0.0377547964453697 0.431141346693039 0.33160001039505 0.346381008625031 0.247611001133919 0.289573729038239 0.442824065685272 0.218718484044075 0.40434518456459 0.359741687774658 0.325075447559357 0.363241493701935 0.354220479726791 0.32334116101265 0.185570001602173 0.249137207865715 0.267486155033112 0.267356008291245 0.223371639847755 0.297514259815216 0.245007947087288 0.181858986616135 0.224595263600349 0.237323850393295 0.261927247047424 0.282140880823135 0.29236888885498 0.201797440648079 0.228081718087196 0.242740511894226 0.276725202798843 0.316329210996628
0.253272891044617 0.710649371147156 0.708736956119537 0.67947244644165 0.486420899629593 0.598853766918182 0.710433661937714 0.0577566102147102 0.0515750013291836 0.0502780377864838 0.0414546281099319 0.0409342907369137 0.46136936545372 0.454652488231659 0.405935674905777 0.320884317159653 0.563332676887512 0.559127867221832 0.530362546443939 0.259425938129425 0.351960331201553 0.394736617803574 0.305749148130417 0.300939172506332 0.189546570181847 0.173194795846939 0.237074449658394 0.297963201999664 0.319978803396225 0.289674043655396 0.278498560190201 0.328099995851517 0.243823483586311 0.246642738580704 0.302638530731201 0.285150408744812 0.246157869696617 0.28518944978714 0.302077233791351 0.229381024837494 0.208603009581566 0.306852102279663 0.291018486022949 0.290858626365662
0.579688608646393 0.734555840492249 0.631576061248779 0.713629245758057 0.52442592382431 0.675383687019348 0.69523024559021 0.678160786628723 0.611817717552185 0.0495696179568768 0.0476376190781593 0.549960076808929 0.491792738437653 0.46240821480751 0.410246759653091 0.373035043478012 0.63340300321579 0.569606244564056 0.549915730953217 0.281353503465652 0.33629110455513 0.382852584123611 0.236128807067871 0.210378795862198 0.218717381358147 0.249500751495361 0.294323772192001 0.382239550352097 0.340091586112976 0.248511239886284 0.296815127134323 0.331545382738113 0.305409848690033 0.31941831111908 0.319863110780716 0.322450339794159 0.261721849441528 0.26288840174675 0.240134760737419 0.220745667815208 0.294453501701355 0.225604012608528 0.296633005142212 0.294070243835449
0.434723734855652 0.738397538661957 0.628261506557465 0.5367271900177 0.549209713935852 0.598412096500397 0.702442467212677 0.599387109279633 0.397937744855881 0.554774582386017 0.562861502170563 0.505396544933319 0.429363161325455 0.475294977426529 0.395548701286316 0.629495859146118 0.596360743045807 0.593736052513123 0.573003768920898 0.361011832952499 0.227636411786079 0.2476407289505 0.23849618434906 0.288175195455551 0.278443813323975 0.310270309448242 0.278034865856171 0.393444776535034 0.321944028139114 0.313555121421814 0.352075487375259 0.364962518215179 0.299525827169418 0.335170477628708 0.331630527973175 0.289832353591919 0.322701096534729 0.256240874528885 0.213077381253242 0.244323998689651 0.308988124132156 0.21095584332943 0.224754720926285 0.283210515975952
0.873192310333252 0.883317828178406 0.89352935552597 0.665929079055786 0.516792595386505 0.610269665718079 0.797798812389374 0.702187240123749 0.600473761558533 0.587665557861328 0.548737764358521 0.49077183008194 0.48674875497818 0.460776686668396 0.419041365385056 0.688660025596619 0.50831663608551 0.592366516590118 0.589354813098907 0.489526689052582 0.250473201274872 0.225273743271828 0.261838346719742 0.368488430976868 0.466478198766708 0.369505733251572 0.37675154209137 0.428173005580902 0.280743360519409 0.274835735559464 0.36735737323761 0.362871617078781 0.359081506729126 0.334214329719543 0.34450975060463 0.273505002260208 0.320727616548538 0.252345591783524 0.242983907461166 0.316047608852386 0.317034780979156 0.196520134806633 0.208049654960632 0.211971119046211
0.915112674236298 0.869875907897949 0.792742013931274 0.656256139278412 0.565915524959564 0.821100056171417 0.825494050979614 0.851737141609192 0.811960220336914 0.62593287229538 0.810697495937347 0.788946509361267 0.492938578128815 0.45732393860817 0.666436791419983 0.673994779586792 0.56964910030365 0.631370723247528 0.608327090740204 0.512109279632568 0.262180924415588 0.268701404333115 0.268670439720154 0.334466397762299 0.334001928567886 0.372913390398026 0.43417352437973 0.419501304626465 0.417520970106125 0.285141915082932 0.325826227664948 0.366657078266144 0.376100987195969 0.344121277332306 0.283431589603424 0.256089866161346 0.340610146522522 0.257332295179367 0.269002437591553 0.303918689489365 0.286963671445847 0.20879165828228 0.254975914955139 0.305128425359726
0.893290638923645 0.766067922115326 0.718332290649414 0.565239608287811 0.650960385799408 0.779775142669678 0.899034440517426 0.869092762470245 0.869952440261841 0.802060663700104 0.790066599845886 0.810881912708282 0.715967357158661 0.665649652481079 0.725230157375336 0.678609371185303 0.61374306678772 0.660408675670624 0.598073661327362 0.387028217315674 0.293638050556183 0.431175768375397 0.283965945243835 0.257114112377167 0.31099072098732 0.339270412921906 0.404700845479965 0.447928220033646 0.448482930660248 0.324810802936554 0.292671591043472 0.374210923910141 0.381464302539825 0.346860617399216 0.26712954044342 0.244865015149117 0.346343040466309 0.291641920804977 0.323211431503296 0.333047330379486 0.229676067829132 0.249254062771797 0.315414220094681 0.295599639415741
0.929819941520691 0.87221360206604 0.662922978401184 0.465999901294708 0.555994093418121 0.858282029628754 0.909262299537659 0.869390547275543 0.86984258890152 0.82365870475769 0.825575351715088 0.758491933345795 0.687276065349579 0.662026047706604 0.749423444271088 0.672092199325562 0.707334876060486 0.639728426933289 0.425502002239227 0.323102444410324 0.399291127920151 0.476055115461349 0.309966057538986 0.273020893335342 0.305368185043335 0.315721273422241 0.373367786407471 0.461673527956009 0.443676143884659 0.33216318488121 0.257362544536591 0.372345298528671 0.383551150560379 0.305568486452103 0.267063051462173 0.254388242959976 0.326896101236343 0.297826111316681 0.334727376699448 0.27507546544075 0.2137840539217 0.240528509020805 0.302528589963913 0.295814156532288
0.881106793880463 0.828031957149506 0.54680609703064 0.462353557348251 0.524434089660645 0.694863319396973 0.776800572872162 0.819606244564056 0.882587313652039 0.817356646060944 0.802331924438477 0.760133743286133 0.685660302639008 0.647133648395538 0.714589297771454 0.701316714286804 0.679167926311493 0.610858738422394 0.448312520980835 0.340000361204147 0.420229107141495 0.505925238132477 0.451835513114929 0.29376745223999 0.398957222700119 0.349392473697662 0.4007328748703 0.495405852794647 0.476986408233643 0.323658227920532 0.244817286729813 0.330119431018829 0.384775876998901 0.274071216583252 0.269165426492691 0.268444269895554 0.316425323486328 0.352732211351395 0.319444835186005 0.236315041780472 0.207675859332085 0.23195181787014 0.247636377811432 0.284106910228729
0.7102330327034 0.543415904045105 0.532453715801239 0.74649178981781 0.687890291213989 0.604826807975769 0.82109397649765 0.836874544620514 0.84698212146759 0.814939916133881 0.619406759738922 0.723547577857971 0.684481084346771 0.609134674072266 0.681881129741669 0.722300112247467 0.670729041099548 0.54492861032486 0.476596117019653 0.34982368350029 0.360584259033203 0.500634670257568 0.473010897636414 0.374036878347397 0.332981765270233 0.301069587469101 0.481471598148346 0.507196605205536 0.410261422395706 0.317737907171249 0.257439017295837 0.263592630624771 0.300166666507721 0.311225175857544 0.263814896345139 0.249929860234261 0.281302064657211 0.316073477268219 0.258036315441132 0.198265597224236 0.198585882782936 0.193536907434464 0.295693904161453 0.283303290605545
0.665910065174103 0.504850208759308 0.545242846012115 0.706902384757996 0.754359900951385 0.535436451435089 0.547126471996307 0.672398626804352 0.687341213226318 0.666967809200287 0.552982449531555 0.63608306646347 0.694341778755188 0.581706166267395 0.666461408138275 0.620407342910767 0.661588191986084 0.606493055820465 0.491555482149124 0.409667760133743 0.443120419979095 0.564482748508453 0.583504438400269 0.453467398881912 0.370080858469009 0.31475231051445 0.389276504516602 0.470713764429092 0.454351603984833 0.385535091161728 0.283139377832413 0.266541093587875 0.25281023979187 0.2272619754076 0.247870564460754 0.223163291811943 0.26777184009552 0.204000502824783 0.215189799666405 0.200788736343384 0.216369107365608 0.177171066403389 0.177579581737518 0.24674291908741
0.568787813186646 0.452068716287613 0.544422149658203 0.698406577110291 0.592435359954834 0.562172472476959 0.471527993679047 0.434714376926422 0.493212997913361 0.462753593921661 0.518511652946472 0.654298007488251 0.72650808095932 0.554427325725555 0.650456428527832 0.58759880065918 0.617037117481232 0.559355199337006 0.506799101829529 0.409238636493683 0.505396962165833 0.578148722648621 0.55559915304184 0.465525090694427 0.385006338357925 0.384344846010208 0.437310397624969 0.439169824123383 0.416399329900742 0.334647595882416 0.311514437198639 0.273887068033218 0.245239943265915 0.217240810394287 0.289146900177002 0.252547651529312 0.196114748716354 0.253778785467148 0.203831776976585 0.250254392623901 0.176069647073746 0.208265796303749 0.221014052629471 0.205446153879166
0.720746695995331 0.562002003192902 0.523044586181641 0.494385689496994 0.55887371301651 0.522638082504272 0.597538828849792 0.645148932933807 0.671576678752899 0.536935210227966 0.483948737382889 0.699968814849854 0.722687840461731 0.559675276279449 0.60172176361084 0.617267668247223 0.591441333293915 0.473805278539658 0.465596079826355 0.479151129722595 0.603612005710602 0.61151522397995 0.47697114944458 0.477026879787445 0.440735578536987 0.440641433000565 0.453950047492981 0.404921531677246 0.357723861932755 0.314480036497116 0.286586165428162 0.29239347577095 0.323312371969223 0.250391215085983 0.27543431520462 0.230537340044975 0.187900006771088 0.220412790775299 0.193721786141396 0.19492195546627 0.159868597984314 0.285751849412918 0.291701883077621 0.284392267465591
0.765741467475891 0.694614470005035 0.545956313610077 0.582287669181824 0.575862109661102 0.632765769958496 0.645188212394714 0.641515374183655 0.615886926651001 0.573016405105591 0.484302401542664 0.567731201648712 0.557415783405304 0.520857930183411 0.581525027751923 0.609068810939789 0.635850250720978 0.516991853713989 0.54346638917923 0.511618614196777 0.565073490142822 0.568882584571838 0.521102786064148 0.509350836277008 0.467669516801834 0.504308998584747 0.485810905694962 0.41453143954277 0.393993139266968 0.30952975153923 0.300845175981522 0.308025419712067 0.363570958375931 0.315658360719681 0.271994173526764 0.226267337799072 0.191698178648949 0.178662225604057 0.174364686012268 0.194498226046562 0.181202948093414 0.261848866939545 0.271160095930099 0.253026753664017
0.77692061662674 0.688730657100677 0.647666096687317 0.655351996421814 0.62093585729599 0.600355744361877 0.60059642791748 0.549174308776855 0.501937389373779 0.637218594551086 0.669777154922485 0.708183169364929 0.635062158107758 0.622192561626434 0.620490550994873 0.576290905475616 0.578880906105042 0.530945420265198 0.571377873420715 0.580772519111633 0.527025640010834 0.554974496364594 0.536624372005463 0.5058913230896 0.510621309280396 0.522668898105621 0.516792833805084 0.483577728271484 0.395498186349869 0.337337762117386 0.328779071569443 0.32632714509964 0.345160365104675 0.33605369925499 0.290511667728424 0.211042061448097 0.187260687351227 0.186680838465691 0.225165128707886 0.282644987106323 0.278869807720184 0.267261534929276 0.232391983270645 0.232909753918648
0.779217422008514 0.722757816314697 0.658317804336548 0.667115271091461 0.645937383174896 0.607326149940491 0.654155135154724 0.572980165481567 0.647987246513367 0.687861084938049 0.690928101539612 0.642603933811188 0.628167271614075 0.593835592269897 0.607281506061554 0.585029125213623 0.571864008903503 0.559315145015717 0.556256353855133 0.59146374464035 0.555041611194611 0.549365043640137 0.573249459266663 0.56057220697403 0.562069833278656 0.601588308811188 0.542534649372101 0.489810585975647 0.458450973033905 0.347221344709396 0.336785554885864 0.305779457092285 0.2861008644104 0.255687385797501 0.23209148645401 0.207553312182426 0.178838297724724 0.165859580039978 0.216684237122536 0.244840249419212 0.227471187710762 0.252256065607071 0.213449865579605 0.244842410087585
0.781117081642151 0.702248752117157 0.663093328475952 0.63794082403183 0.646987974643707 0.661239683628082 0.570958912372589 0.591195344924927 0.599865734577179 0.595598816871643 0.591677963733673 0.604765236377716 0.588083028793335 0.583521842956543 0.543565928936005 0.543580174446106 0.569840669631958 0.563652038574219 0.568041741847992 0.604365646839142 0.619984567165375 0.607951700687408 0.613904774188995 0.62852555513382 0.659960508346558 0.680086314678192 0.646035850048065 0.526014864444733 0.492662876844406 0.400991201400757 0.351115763187408 0.307710349559784 0.252539128065109 0.236829996109009 0.221553578972816 0.189312994480133 0.168316215276718 0.178743362426758 0.203680753707886 0.225235834717751 0.232663825154305 0.187911808490753 0.210920333862305 0.200016990303993
