data/climate_estimation/maxent_output/Calochortus_coeruleus.asc
NCOLS 71 
NROWS 74 
XLLCORNER -124.333333333333 
YLLCORNER 36 
CELLSIZE 0.0833333333333334 
NODATA_value -3.4e+38 
[rows 42 to 62 of 74, columns 0 to 45 of 71]
-3.4e+38 -3.4e+38 -3.4e+38 -3.4e+38 -3.4e+38 -3.4e+38 -3.4e+38 -3.4e+38 -3.4e+38 -3.4e+38 -3.4e+38 0.116362191736698 0.167114436626434 0.21197697520256 0.27936664223671 0.32463201880455 0.29761803150177 0.235305741429329 0.278351664543152 0.337365329265594 0.422898471355438 0.503278791904449 0.424402296543121 0.405121862888336 0.356356471776962 0.409318327903748 0.515028536319733 0.131360456347466 0.0859232023358345 0.0729391500353813 0.0637482479214668 0.0602899268269539 0.0564783848822117 0.0588165745139122 0.064533993601799 0.0878497585654259 0.110750019550323 0.120143741369247 0.183083236217499 0.331168502569199 0.485495775938034 0.546927988529205 0.59717208147049 0.599115252494812 0.560999572277069 0.726105272769928
-3.4e+38 -3.4e+38 -3.4e+38 -3.4e+38 -3.4e+38 -3.4e+38 -3.4e+38 -3.4e+38 -3.4e+38 -3.4e+38 -3.4e+38 0.0501441992819309 0.119048029184341 0.200018659234047 0.225044280290604 0.235212504863739 0.271697968244553 0.221456214785576 0.240146622061729 0.33362004160881 0.384925872087479 0.366153717041016 0.355908930301666 0.420582830905914 0.47674423456192 0.304778188467026 0.387075215578079 0.221484139561653 0.124245345592499 0.0975340902805328 0.0773204043507576 0.0633372813463211 0.0550638362765312 0.0568766035139561 0.0594514198601246 0.0712796896696091 0.0930750370025635 0.11256105452776 0.124578982591629 0.207486405968666 0.278478026390076 0.400773078203201 0.547485530376434 0.533668220043182 0.605539500713348 0.695283234119415
-3.4e+38 -3.4e+38 -3.4e+38 -3.4e+38 -3.4e+38 -3.4e+38 -3.4e+38 -3.4e+38 -3.4e+38 -3.4e+38 -3.4e+38 -3.4e+38 -3.4e+38 0.166637718677521 0.153794273734093 0.201304405927658 0.243874341249466 0.210665568709373 0.198109224438667 0.248472422361374 0.298048377037048 0.390561044216156 0.320519387722015 0.283988803625107 0.453324168920517 0.433915555477142 0.482294082641602 0.287937134504318 0.190290316939354 0.126730903983116 0.087881438434124 0.0667228549718857 0.0518753901124001 0.0518232546746731 0.0548096373677254 0.0661256834864616 0.077293649315834 0.0851680859923363 0.0964850634336472 0.122475296258926 0.190595999360085 0.319729179143906 0.481692045927048 0.572040975093842 0.609259486198425 0.6861811876297
-3.4e+38 -3.4e+38 -3.4e+38 -3.4e+38 -3.4e+38 -3.4e+38 -3.4e+38 -3.4e+38 -3.4e+38 -3.4e+38 -3.4e+38 -3.4e+38 -3.4e+38 -3.4e+38 0.155710771679878 0.188289508223534 0.218648374080658 0.214438438415527 0.207201316952705 0.205577462911606 0.28399258852005 0.269426703453064 0.362712264060974 0.305826812982559 0.279130727052689 0.407757967710495 0.369373142719269 0.311379313468933 0.228766024112701 0.134749665856361 0.086255356669426 0.0586157031357288 0.0506287105381489 0.0517964996397495 0.0498068891465664 0.0561233758926392 0.0667422339320183 0.0709906741976738 0.0763916447758675 0.0804723277688026 0.10508843511343 0.241117969155312 0.440239131450653 0.482883512973785 0.523007571697235 0.624341070652008
-3.4e+38 -3.4e+38 -3.4e+38 -3.4e+38 -3.4e+38 -3.4e+38 -3.4e+38 -3.4e+38 -3.4e+38 -3.4e+38 -3.4e+38 -3.4e+38 -3.4e+38 -3.4e+38 -3.4e+38 0.136900052428246 0.160401239991188 0.168094605207443 0.174779251217842 0.171429693698883 0.205319553613663 0.270657956600189 0.203260526061058 0.267762243747711 0.195915564894676 0.360214173793793 0.250797837972641 0.220368504524231 0.144805207848549 0.0926666185259819 0.0618977136909962 0.0532328262925148 0.0445412397384644 0.0444908328354359 0.0481263287365437 0.0555328913033009 0.0570564977824688 0.0554971434175968 0.062620222568512 0.0607518441975117 0.0616560056805611 0.0923616290092468 0.268287360668182 0.336995720863342 0.492800027132034 0.607491493225098
-3.4e+38 -3.4e+38 -3.4e+38 -3.4e+38 -3.4e+38 -3.4e+38 -3.4e+38 -3.4e+38 -3.4e+38 -3.4e+38 -3.4e+38 -3.4e+38 -3.4e+38 -3.4e+38 -3.4e+38 -3.4e+38 0.137144908308983 0.170398995280266 0.195540934801102 0.186563670635223 0.166737601161003 0.184165373444557 0.200150087475777 0.166836455464363 0.168061450123787 0.22889818251133 0.156169325113297 0.111969187855721 0.084602378308773 0.0646787881851196 0.0512369088828564 0.0445799268782139 0.0359915643930435 0.0373144894838333 0.0395676977932453 0.0465539991855621 0.0547706224024296 0.0541210398077965 0.0528275594115257 0.0460856296122074 0.0442429035902023 0.0508804023265839 0.116583719849586 0.235478863120079 0.456216365098953 0.542724609375
-3.4e+38 -3.4e+38 -3.4e+38 -3.4e+38 -3.4e+38 -3.4e+38 -3.4e+38 -3.4e+38 -3.4e+38 -3.4e+38 -3.4e+38 -3.4e+38 -3.4e+38 -3.4e+38 -3.4e+38 -3.4e+38 0.113837294280529 0.149681031703949 0.184977561235428 0.213914468884468 0.237981125712395 0.201899468898773 0.197256803512573 0.169508650898933 0.148402035236359 0.177618354558945 0.136936232447624 0.0805449932813644 0.0595387816429138 0.0480390526354313 0.0433023944497108 0.033517699688673 0.0301009695976973 0.0337894596159458 0.0347552262246609 0.0403681248426437 0.047617394477129 0.0465036183595657 0.0424190312623978 0.0392130054533482 0.0373077057301998 0.0396112762391567 0.0973603129386902 0.409341812133789 0.225957602262497 0.416028887033463
-3.4e+38 -3.4e+38 -3.4e+38 -3.4e+38 -3.4e+38 -3.4e+38 -3.4e+38 -3.4e+38 -3.4e+38 -3.4e+38 -3.4e+38 -3.4e+38 -3.4e+38 -3.4e+38 -3.4e+38 0.0721690580248833 0.095286637544632 0.141584634780884 0.164878889918327 0.204529225826263 0.236374959349632 0.240249380469322 0.225096151232719 0.108938448131084 0.104562059044838 0.133515179157257 0.0794745907187462 0.0619000345468521 0.0514474026858807 0.0341248661279678 0.0303385891020298 0.0242449715733528 0.0236288383603096 0.0251997355371714 0.0259681157767773 0.0310538318008184 0.0345537327229977 0.032758891582489 0.0311388596892357 0.0296672601252794 0.0259961653500795 0.0277261845767498 0.0758027210831642 0.176906824111938 0.326106667518616 0.300767689943314
-3.4e+38 -3.4e+38 -3.4e+38 -3.4e+38 -3.4e+38 -3.4e+38 -3.4e+38 -3.4e+38 -3.4e+38 -3.4e+38 -3.4e+38 -3.4e+38 -3.4e+38 -3.4e+38 -3.4e+38 0.077264130115509 0.0754020735621452 -3.4e+38 0.181125894188881 0.195076033473015 0.234672948718071 0.244227707386017 0.20135372877121 0.0842225179076195 0.105652719736099 0.145291522145271 0.110923320055008 0.0478043891489506 0.0584261603653431 0.0605098940432072 0.0301787629723549 0.0192928332835436 0.0207458026707172 0.0205881018191576 0.0215480551123619 0.0234285015612841 0.0247644688934088 0.0233054235577583 0.0226266626268625 0.0216712392866611 0.0205988492816687 0.0193729661405087 0.0314460881054401 0.0914972573518753 0.0942995175719261 0.152107805013657
-3.4e+38 -3.4e+38 -3.4e+38 -3.4e+38 -3.4e+38 -3.4e+38 -3.4e+38 -3.4e+38 -3.4e+38 -3.4e+38 -3.4e+38 -3.4e+38 -3.4e+38 -3.4e+38 -3.4e+38 -3.4e+38 -3.4e+38 -3.4e+38 -3.4e+38 0.140603944659233 0.195194885134697 0.146329000592232 0.12164031714201 0.0559718683362007 0.0555051006376743 0.145604878664017 0.09804567694664 0.0588077045977116 0.0960191711783409 0.0934871062636375 0.037079032510519 0.0203243587166071 0.0161435306072235 0.0157879330217838 0.0152088757604361 0.0159437172114849 0.0168765019625425 0.0184251237660646 0.0179852899163961 0.0174883846193552 0.0161884687840939 0.0172473639249802 0.0189448837190866 0.0373883098363876 0.0516532696783543 0.0916867256164551
-3.4e+38 -3.4e+38 -3.4e+38 -3.4e+38 -3.4e+38 -3.4e+38 -3.4e+38 -3.4e+38 -3.4e+38 -3.4e+38 -3.4e+38 -3.4e+38 -3.4e+38 -3.4e+38 -3.4e+38 -3.4e+38 -3.4e+38 -3.4e+38 -3.4e+38 -3.4e+38 -3.4e+38 0.0523506887257099 0.0336523130536079 0.0145198004320264 0.0217769257724285 0.0606862716376781 0.0804113075137138 0.0865935608744621 0.0411862544715405 0.038989145308733 0.052018828690052 0.029881190508604 0.0167779643088579 0.0141394212841988 0.0115543119609356 0.0127661488950253 0.0116231748834252 0.0151953343302011 0.0141220251098275 0.0132230287417769 0.0146919433027506 0.015712071210146 0.0173175521194935 0.0200639180839062 0.0282162353396416 0.0526208020746708
-3.4e+38 -3.4e+38 -3.4e+38 -3.4e+38 -3.4e+38 -3.4e+38 -3.4e+38 -3.4e+38 -3.4e+38 -3.4e+38 -3.4e+38 -3.4e+38 -3.4e+38 -3.4e+38 -3.4e+38 -3.4e+38 -3.4e+38 -3.4e+38 -3.4e+38 -3.4e+38 -3.4e+38 0.0197190251201391 0.0320961214601994 0.0143911596387625 0.0305664408951998 0.051745843142271 0.0490093529224396 0.0455873161554337 0.0413161851465702 0.0197334624826908 0.0195605773478746 0.0230446737259626 0.032448023557663 0.019340081140399 0.0116681661456823 0.0105036795139313 0.0111289322376251 0.0119255194440484 0.0132662234827876 0.0121090710163116 0.013554853387177 0.0137045849114656 0.0144096976146102 0.0167062114924192 0.0191137678921223 0.0210616365075111
-3.4e+38 -3.4e+38 -3.4e+38 -3.4e+38 -3.4e+38 -3.4e+38 -3.4e+38 -3.4e+38 -3.4e+38 -3.4e+38 -3.4e+38 -3.4e+38 -3.4e+38 -3.4e+38 -3.4e+38 -3.4e+38 -3.4e+38 -3.4e+38 -3.4e+38 -3.4e+38 -3.4e+38 0.0217683780938387 0.036440271884203 0.0219258069992065 0.0245886780321598 -3.4e+38 0.0288059283047915 0.0277086067944765 0.0716313943266869 0.0217930506914854 0.0226485356688499 0.0332434102892876 0.0767643228173256 0.0458276234567165 0.0199457034468651 0.0115534448996186 0.0108233597129583 0.0107306838035583 0.00988908484578133 0.0107795968651772 0.0114679764956236 0.0122432801872492 0.0122385015711188 0.0138254230841994 0.0171097349375486 0.0175728593021631
-3.4e+38 -3.4e+38 -3.4e+38 -3.4e+38 -3.4e+38 -3.4e+38 -3.4e+38 -3.4e+38 -3.4e+38 -3.4e+38 -3.4e+38 -3.4e+38 -3.4e+38 -3.4e+38 -3.4e+38 -3.4e+38 -3.4e+38 -3.4e+38 -3.4e+38 -3.4e+38 -3.4e+38 0.0270465146750212 0.0727970078587532 0.0572408102452755 0.0329982489347458 0.0277140941470861 0.0166933052241802 0.011262291111052 0.0119741167873144 0.0370876677334309 0.0739164724946022 0.150996252894402 0.140034094452858 0.147148966789246 0.0791306272149086 0.0401686914265156 0.014479179866612 0.00988177396357059 0.00972754880785942 0.00935870129615068 0.0102773895487189 0.0104757752269506 0.0113498922437429 0.0132936742156744 0.00301489746198058 0.00374279101379216
-3.4e+38 -3.4e+38 -3.4e+38 -3.4e+38 -3.4e+38 -3.4e+38 -3.4e+38 -3.4e+38 -3.4e+38 -3.4e+38 -3.4e+38 -3.4e+38 -3.4e+38 -3.4e+38 -3.4e+38 -3.4e+38 -3.4e+38 -3.4e+38 -3.4e+38 -3.4e+38 -3.4e+38 -3.4e+38 0.0246482212096453 0.0862666442990303 0.0929763913154602 0.0301726795732975 0.0149001451209188 0.00792980939149857 0.00785205420106649 0.0311216749250889 0.0938018932938576 0.17550465464592 0.150055274367332 0.160057216882706 0.138719871640205 0.077456071972847 0.0296365469694138 0.0141965793445706 0.0094293374568224 0.00936075672507286 0.00863834284245968 0.0090740630403161 0.00876321829855442 0.0023733377456665 0.00287006353028119 0.0029746824875474
-339999999999999996123846586046231871488.000000000000000 -3.4e+38 -3.4e+38 -3.4e+38 -3.4e+38 -3.4e+38 -3.4e+38 -3.4e+38 -3.4e+38 -3.4e+38 -3.4e+38 -3.4e+38 -3.4e+38 -3.4e+38 -3.4e+38 -3.4e+38 -3.4e+38 -3.4e+38 -3.4e+38 -3.4e+38 -3.4e+38 -3.4e+38 0.0281322468072176 0.0665354654192924 0.163574904203415 0.109318658709526 0.0359573364257812 0.0137917585670948 0.00971959158778191 0.00951102562248707 0.0529743991792202 0.188595116138458 0.18155112862587 0.128420978784561 0.105242177844048 0.0740381628274918 0.041341919451952 0.0197141412645578 0.01031962223351 0.00939698703587055 0.00164581486023962 0.00193217257037759 0.00190401589497924 0.00230046967044473 0.00233805296011269 0.0024658830370754
-3.4e+38 -3.4e+38 -3.4e+38 -3.4e+38 -3.4e+38 -3.4e+38 -3.4e+38 -3.4e+38 -3.4e+38 -3.4e+38 -3.4e+38 -3.4e+38 -3.4e+38 -3.4e+38 -3.4e+38 -3.4e+38 -3.4e+38 -3.4e+38 -3.4e+38 -3.4e+38 -3.4e+38 -3.4e+38 -3.4e+38 0.0417720153927803 0.0948818475008011 0.195019245147705 0.258122771978378 0.074727863073349 0.0258069094270468 0.0172676406800747 0.0255219358950853 0.130467623472214 0.184264615178108 0.145442456007004 0.101076230406761 0.0720627456903458 0.0376720167696476 0.0193113591521978 0.010797125287354 0.00175088155083358 0.00175996834877878 0.00142586079891771 0.00175018433947116 0.00181683129630983 0.00208419025875628 0.00212623854167759
-3.4e+38 -3.4e+38 -3.4e+38 -3.4e+38 -3.4e+38 -3.4e+38 -3.4e+38 -3.4e+38 -3.4e+38 -3.4e+38 -3.4e+38 -3.4e+38 -3.4e+38 -3.4e+38 -3.4e+38 -3.4e+38 -3.4e+38 -3.4e+38 -3.4e+38 -3.4e+38 -3.4e+38 -3.4e+38 -3.4e+38 0.0409837327897549 0.113906413316727 0.191289559006691 0.232094258069992 0.264293164014816 0.174852505326271 0.117850869894028 0.0522464886307716 0.0568670332431793 0.0856247395277023 0.14367713034153 0.0829454958438873 0.0452325828373432 0.038397591561079 0.0228634290397167 0.0116733554750681 0.00860358867794275 0.00161396560724825 0.00134666601661593 0.00130939111113548 0.00147936143912375 0.0017857780912891 0.00184024998452514
-3.4e+38 -3.4e+38 -3.4e+38 -3.4e+38 -3.4e+38 -3.4e+38 -3.4e+38 -3.4e+38 -3.4e+38 -3.4e+38 -3.4e+38 -3.4e+38 -3.4e+38 -3.4e+38 -3.4e+38 -3.4e+38 -3.4e+38 -3.4e+38 -3.4e+38 -3.4e+38 -3.4e+38 -3.4e+38 -3.4e+38 0.0444441884756088 0.0895243883132935 0.16085022687912 0.184069588780403 0.192117914557457 0.239916831254959 0.301350384950638 0.189352214336395 0.0639739707112312 0.0336515791714191 0.0788595974445343 0.0819683820009232 0.0441535636782646 0.0312637276947498 0.0285232923924923 0.0126348836347461 0.00845297332853079 0.0016455459408462 0.00117365457117558 0.00118855433538556 0.00114975869655609 0.00128203176427633 0.00143513770308346
-3.4e+38 -3.4e+38 -3.4e+38 -3.4e+38 -3.4e+38 -3.4e+38 -3.4e+38 -3.4e+38 -3.4e+38 -3.4e+38 -3.4e+38 -3.4e+38 -3.4e+38 -3.4e+38 -3.4e+38 -3.4e+38 -3.4e+38 -3.4e+38 -3.4e+38 -3.4e+38 -3.4e+38 -3.4e+38 -3.4e+38 -3.4e+38 0.0634890124201775 0.111893482506275 0.157393351197243 0.130988404154778 0.125764101743698 0.195235669612885 0.175917088985443 0.111818492412567 0.0274701993912458 0.022815965116024 0.0382484570145607 0.0323089845478535 0.0241646599024534 0.02100919932127 0.0116591425612569 0.00953593477606773 0.00615728553384542 0.000982424593530595 0.00105057493783534 0.00106101389974356 0.00126300984993577 0.0010553061729297
-3.4e+38 -3.4e+38 -3.4e+38 -3.4e+38 -3.4e+38 -3.4e+38 -3.4e+38 -3.4e+38 -3.4e+38 -3.4e+38 -3.4e+38 -3.4e+38 -3.4e+38 -3.4e+38 -3.4e+38 -3.4e+38 -3.4e+38 -3.4e+38 -3.4e+38 -3.4e+38 -3.4e+38 -3.4e+38 -3.4e+38 -3.4e+38 -3.4e+38 0.0599600486457348 0.0857858434319496 0.076831229031086 0.0650568380951881 0.0611022710800171 0.0323028229176998 0.0429059974849224 0.0547404699027538 0.0155709395185113 0.0112929483875632 0.0127055514603853 0.0237858165055513 0.0404799059033394 0.0141780050471425 0.00778579385951161 0.00626628194004297 0.00552452355623245 0.00097954913508147 0.000981179531663656 0.000946087879128754 0.00103410694282502
