data/climate_estimation/maxent_output/Calochortus_luteus.asc
NCOLS 64 
NROWS 83 
XLLCORNER -123.416666666667 
YLLCORNER 33.8333333333333 
CELLSIZE 0.0833333333333333 
NODATA_value -3.4e+38 
[rows 21 to 41 of 83, columns 0 to 48 of 64]
0.569271147251129 0.679346978664398 0.687707006931305 0.676405727863312 0.691749691963196 0.748549401760101 0.783608734607697 0.775665462017059 0.805823385715485 0.767255365848541 0.823090374469757 0.8282430768013 0.811488449573517 0.819765686988831 0.798418521881104 0.779673159122467 0.775766670703888 0.754347741603851 0.756792664527893 0.771535158157349 0.774675071239471 0.787244558334351 0.808035790920258 0.808524191379547 0.820895373821259 0.824171721935272 0.833461165428162 0.854774177074432 0.818917989730835 0.817766666412354 0.736755013465881 0.534775614738464 0.426566749811172 0.348124146461487 0.392844438552856 0.254181355237961 0.212038725614548 0.0584714412689209 0.0270759873092175 0.0238413494080305 0.031619343906641 0.0158858522772789 0.0115573704242706 0.00357629731297493 0.000703710597008467 0.000377339165424928 0.000583913701120764 0.000467639823909849 9.90154876490124e-06
0.582973599433899 0.685585796833038 0.673642992973328 0.681710541248322 0.680273294448853 0.721478462219238 0.752390444278717 0.773491263389587 0.796899616718292 0.759553909301758 0.76826936006546 0.790626764297485 0.830430746078491 0.819525957107544 0.778908312320709 0.788436233997345 0.772866785526276 0.765193581581116 0.769449710845947 0.766925275325775 0.775430560112 0.785737991333008 0.788490414619446 0.799780607223511 0.804100632667542 0.812443435192108 0.823602080345154 0.838451743125916 0.850558161735535 0.819434523582458 0.734141051769257 0.518287897109985 0.439967006444931 0.403734505176544 0.371598124504089 0.259132415056229 0.226275250315666 0.0970585197210312 0.0269443057477474 0.0157426819205284 0.0256764814257622 0.0167026594281197 0.00794578157365322 0.0117436964064837 0.00184221367817372 0.00182264414615929 0.0016817202558741 0.000706585007719696 1.4057953194424e-05
0.600009679794312 0.57781445980072 0.686499536037445 0.672735393047333 0.651671409606934 0.653327524662018 0.727864503860474 0.761477291584015 0.791593253612518 0.7303227186203 0.74854975938797 0.749880135059357 0.790561139583588 0.799770355224609 0.770977914333344 0.774121880531311 0.751482605934143 0.759560883045197 0.755516111850739 0.769460916519165 0.777249991893768 0.782594859600067 0.788735032081604 0.786007821559906 0.78988242149353 0.799668192863464 0.809150159358978 0.821345388889313 0.83536970615387 0.79597270488739 0.815157115459442 0.725009024143219 0.501754522323608 0.376333504915237 0.326309949159622 0.366717278957367 0.235636875033379 0.155681774020195 0.0637543946504593 0.0338499769568443 0.0188624318689108 0.0150061277672648 0.0116423005238175 0.0152052361518145 0.0061041722074151 0.00427030585706234 0.00227427552454174 0.00116882810834795 2.46453673753422e-05
0.616247951984406 0.587620973587036 0.571475684642792 0.681890428066254 0.660219013690948 0.595816314220428 0.629831254482269 0.683055818080902 0.736826300621033 0.742095828056335 0.776342988014221 0.734124481678009 0.728492915630341 0.746904730796814 0.787850975990295 0.742902636528015 0.739434897899628 0.746646821498871 0.75768780708313 0.761078000068665 0.773590445518494 0.777164876461029 0.780595004558563 0.783317387104034 0.785402894020081 0.792395830154419 0.797866880893707 0.803564429283142 0.783516705036163 0.798590242862701 0.818533539772034 0.729302287101746 0.601031720638275 0.38580185174942 0.325598478317261 0.368956029415131 0.238954797387123 0.157408371567726 0.101632066071033 0.0405115038156509 0.0166666321456432 0.0150037510320544 0.0133457221090794 0.0162737146019936 0.0112952869385481 0.0058137415908277 0.000973110843915492 0.000124705358757637 0.000106413659523241
0.606255352497101 0.593546032905579 0.575713098049164 0.566204607486725 0.653495311737061 0.637892365455627 0.581836819648743 0.61523050069809 0.635660290718079 0.689652800559998 0.725920915603638 0.673900604248047 0.710216641426086 0.710363924503326 0.759232580661774 0.800942122936249 0.719939708709717 0.732994914054871 0.745057344436646 0.754194796085358 0.759080648422241 0.768968641757965 0.77293074131012 0.774796783924103 0.774988651275635 0.783864915370941 0.790421426296234 0.79904580116272 0.807539522647858 0.787795186042786 0.796244561672211 0.815707623958588 0.717900276184082 0.478574067354202 0.398540705442429 0.367470979690552 0.267020970582962 0.160446718335152 0.0656788572669029 0.0327199697494507 0.0185940433293581 0.0146276894956827 0.0132251605391502 0.0134797161445022 0.0127164823934436 0.00673750881105661 0.00229330291040242 0.000325628148857504 0.000672427355311811
0.39702245593071 0.598177313804626 0.587516307830811 0.567147731781006 0.667348265647888 0.650637328624725 0.573246955871582 0.639112949371338 0.680008113384247 0.667847573757172 0.657231867313385 0.648319602012634 0.713524222373962 0.75749135017395 0.67330402135849 0.759268462657928 0.719572246074677 0.707954108715057 0.718289017677307 0.743484973907471 0.753135800361633 0.76603889465332 0.77167546749115 0.774726808071136 0.778323411941528 0.780213057994843 0.784408330917358 0.787275791168213 0.801261246204376 0.745589256286621 0.760181665420532 0.800444543361664 0.59779953956604 0.488494843244553 0.422562539577484 0.485511898994446 0.37306872010231 0.246100038290024 0.110465720295906 0.0607408247888088 0.0626819282770157 0.0259161535650492 0.0146143734455109 0.00990115851163864 0.00797580741345882 0.00853310152888298 0.00561818573623896 0.00135916727595031 0.00155570625793189
-3.4e+38 -3.4e+38 0.579004526138306 0.569348931312561 0.671343505382538 0.64672839641571 0.600197315216064 0.596484065055847 0.730664253234863 0.671172678470612 0.717869877815247 0.643338739871979 0.633967339992523 0.740757942199707 0.748359084129333 0.77633410692215 0.724486291408539 0.642139494419098 0.646136343479156 0.728032827377319 0.75402843952179 0.755910813808441 0.757871508598328 0.768329679965973 0.7836674451828 0.781492471694946 0.781075954437256 0.780749440193176 0.787241280078888 0.744861423969269 0.744078755378723 0.779057323932648 0.708807647228241 0.619283020496368 0.5148805975914 0.435471206903458 0.484685152769089 0.345180630683899 0.231151670217514 0.0983212739229202 0.0463212616741657 0.0362770445644855 0.0189645048230886 0.0141426883637905 0.0100009739398956 0.00579459453001618 0.00455944892019033 0.00398619053885341 0.00230464385822415
-3.4e+38 -3.4e+38 -3.4e+38 0.684158802032471 0.674739718437195 0.660443544387817 0.626398682594299 0.678737103939056 0.713825583457947 0.696016073226929 0.673366725444794 0.723998606204987 0.710063099861145 0.706428647041321 0.750183343887329 0.741545915603638 0.734830141067505 0.653607070446014 0.659257352352142 0.737139821052551 0.740068435668945 0.759268522262573 0.758870542049408 0.75488406419754 0.765559077262878 0.779751241207123 0.785122752189636 0.780484855175018 0.738320529460907 0.744221150875092 0.751173079013824 0.778629541397095 0.687516808509827 0.597522795200348 0.624986350536346 0.512619018554688 0.516560435295105 0.475817918777466 0.249594867229462 0.16318254172802 0.0961976945400238 0.0759777128696442 0.0358613207936287 0.0201346147805452 0.00821151677519083 0.00486190104857087 0.0065325228497386 0.0047685126774013 0.00333626242354512
-3.4e+38 -3.4e+38 -3.4e+38 -3.4e+38 0.65649276971817 0.672780632972717 0.638088345527649 0.638546109199524 0.666446268558502 0.691713750362396 0.714292705059052 0.6433025598526 0.740447819232941 0.792680144309998 0.778338849544525 0.758447706699371 0.741968929767609 0.677329957485199 0.676587224006653 0.70866197347641 0.763684868812561 0.739865243434906 0.733717918395996 0.743669927120209 0.759039878845215 0.76133006811142 0.758162796497345 0.770746469497681 0.740492224693298 0.740759491920471 0.747601509094238 0.758569896221161 0.758286535739899 0.694039046764374 0.624832928180695 0.649484932422638 0.597054302692413 0.508313894271851 0.470764338970184 0.247314736247063 0.229718402028084 0.133368670940399 0.027918066829443 0.0183842871338129 0.0139431683346629 0.00636190408840775 0.00660836044698954 0.00501208333298564 0.00347502226941288
-3.4e+38 -3.4e+38 -3.4e+38 -3.4e+38 -3.4e+38 0.665617287158966 0.695326924324036 0.707420229911804 0.684278786182404 0.67599081993103 0.687602758407593 0.688429594039917 0.720872759819031 0.833409547805786 0.824597954750061 0.834597647190094 0.805468201637268 0.775251507759094 0.759124994277954 0.751505672931671 0.745434463024139 0.715448081493378 0.718766748905182 0.723914563655853 0.739980816841125 0.750712811946869 0.745468616485596 0.75102961063385 0.743362128734589 0.746731817722321 0.735604465007782 0.750114917755127 0.758189141750336 0.795546412467957 0.714474201202393 0.744640946388245 0.680844843387604 0.700322926044464 0.627349197864532 0.478665709495544 0.436302542686462 0.0942175090312958 0.0269855931401253 0.0149596175178885 0.00880123768001795 0.00620654597878456 0.00594483129680157 0.00421196036040783 0.00443630013614893
-3.4e+38 -3.4e+38 -3.4e+38 -3.4e+38 -3.4e+38 0.675861656665802 0.705370724201202 0.738491654396057 0.758306324481964 0.776419401168823 0.678857266902924 0.680871188640594 0.80847579240799 0.872740387916565 0.896283686161041 0.881036102771759 0.867514371871948 0.822050452232361 0.779657065868378 0.747609257698059 0.704898655414581 0.69091260433197 0.701169073581696 0.702590763568878 0.719880700111389 0.737163424491882 0.731993019580841 0.726043343544006 0.726420879364014 0.715423583984375 0.736829459667206 0.760980010032654 0.803950846195221 0.763552784919739 0.796949982643127 0.724344670772552 0.728562355041504 0.66473662853241 0.741560757160187 0.635188937187195 0.330573946237564 0.149670004844666 0.0825520232319832 0.0327421464025974 0.0167266745120287 0.00775813544169068 0.00622321013361216 0.00483844522386789 0.00389665109105408
-3.4e+38 -3.4e+38 -3.4e+38 -3.4e+38 0.640680968761444 0.676899909973145 0.727384150028229 0.757489860057831 0.79878693819046 0.818962514400482 0.773419260978699 0.785991489887238 0.843366026878357 0.884346663951874 0.902978420257568 0.913536489009857 0.906394124031067 0.842132329940796 0.757169961929321 0.696125745773315 0.663865447044373 0.658133089542389 0.659108936786652 0.666012942790985 0.685062110424042 0.703444838523865 0.692036747932434 0.688779890537262 0.687536299228668 0.68019825220108 0.694629549980164 0.763020038604736 0.776322901248932 0.795378804206848 0.789972126483917 0.802213251590729 0.738368630409241 0.793027698993683 0.735887885093689 0.632625639438629 0.591379523277283 0.303300678730011 0.202279537916183 0.113324008882046 0.0332656055688858 0.0196260511875153 0.00997157581150532 0.00547807663679123 0.00470369122922421
-3.4e+38 -3.4e+38 -3.4e+38 -3.4e+38 0.661038756370544 0.658177614212036 -3.4e+38 0.808420598506927 0.833680212497711 0.840689897537231 0.9019815325737 0.861202418804169 0.874954342842102 0.886127412319183 0.913135290145874 0.906320214271545 0.913798749446869 0.843267798423767 0.785177171230316 0.690348148345947 0.621069073677063 0.624378979206085 0.625810384750366 0.632540583610535 0.650876820087433 0.668951094150543 0.667190849781036 0.658679366111755 0.644173860549927 0.612226009368896 0.637150883674622 0.684617936611176 0.816811978816986 0.807177484035492 0.817933976650238 0.786946356296539 0.809847950935364 0.850896537303925 0.779258549213409 0.765657067298889 0.753966689109802 0.556091666221619 0.56738692522049 0.374179989099503 0.161406710743904 0.0635126531124115 0.0258065667003393 0.00999997928738594 0.00548997195437551
-3.4e+38 -3.4e+38 -3.4e+38 -3.4e+38 -3.4e+38 -3.4e+38 -3.4e+38 -3.4e+38 0.826132357120514 0.866567313671112 0.879038035869598 0.894506275653839 0.878970921039581 0.882676005363464 0.909136831760406 0.903320491313934 0.912026107311249 0.840329110622406 0.78770649433136 0.717056155204773 0.625149130821228 0.591272592544556 0.584081590175629 0.586608231067657 0.59760844707489 0.618009269237518 0.634301722049713 0.623532652854919 0.583749353885651 0.57692563533783 0.594432473182678 0.655485510826111 0.740850746631622 0.79810106754303 0.813480317592621 0.83136373758316 0.833857834339142 0.822564303874969 0.852774620056152 0.781656682491302 0.795601785182953 0.690895080566406 0.69107973575592 0.384254783391953 0.0864307954907417 0.0316626466810703 0.0137133067473769 0.0111541971564293 0.00679156929254532
-3.4e+38 -3.4e+38 -3.4e+38 -3.4e+38 -3.4e+38 -3.4e+38 -3.4e+38 -3.4e+38 -3.4e+38 -3.4e+38 0.820596039295197 0.769378840923309 0.7970951795578 0.883363544940948 0.894240260124207 0.890460669994354 0.883639812469482 0.857034206390381 0.76529848575592 0.759277403354645 0.675435364246368 0.594125688076019 0.554687261581421 0.498243004083633 0.525048613548279 0.555328130722046 0.589667439460754 0.587943494319916 0.585461616516113 0.590198338031769 0.578716456890106 0.629136741161346 0.669927179813385 0.723646581172943 0.808932423591614 0.831072449684143 0.830567538738251 0.819849193096161 0.776517689228058 0.793198823928833 0.801631093025208 0.717365860939026 0.708881378173828 0.40229919552803 0.118129372596741 0.0464015118777752 0.0425216853618622 0.0159068200737238 0.00595425115898252
-3.4e+38 -3.4e+38 -3.4e+38 -3.4e+38 -3.4e+38 -3.4e+38 -3.4e+38 -3.4e+38 -3.4e+38 -3.4e+38 0.591299533843994 0.777343571186066 0.83512955904007 0.898650586605072 0.896721541881561 0.915245354175568 0.890153110027313 0.84299248456955 0.700746715068817 0.633173823356628 0.636688232421875 0.684451937675476 0.592926383018494 0.422809451818466 0.388534516096115 0.4721719622612 0.52355545759201 0.538584589958191 0.572521209716797 0.581037998199463 0.599800288677216 0.618288159370422 0.64065957069397 0.673340916633606 0.698582530021667 0.772324562072754 0.82781982421875 0.849290549755096 0.817168653011322 0.87512069940567 0.8757643699646 0.806912243366241 0.711183249950409 0.710569262504578 0.411676555871964 0.1865593791008 0.184385120868683 0.0217340514063835 0.010577610693872
-3.4e+38 -3.4e+38 -3.4e+38 -3.4e+38 -3.4e+38 -3.4e+38 -3.4e+38 -3.4e+38 -3.4e+38 -3.4e+38 0.51158219575882 0.771528005599976 0.885110139846802 0.91614842414856 -3.4e+38 0.941488802433014 0.922281503677368 0.848458766937256 0.72333961725235 0.657962143421173 0.68827897310257 0.784638285636902 0.728027582168579 0.621448874473572 0.509156405925751 0.424117386341095 0.470269471406937 0.494595766067505 0.546509623527527 0.563624322414398 0.582733929157257 0.598682999610901 0.628958225250244 0.664466202259064 0.675627827644348 0.712612330913544 0.770278513431549 0.834143459796906 0.861594915390015 0.832759737968445 0.840902626514435 0.868581593036652 0.792819857597351 0.825983703136444 0.564467251300812 0.197186470031738 0.0451811291277409 0.0211934894323349 0.00782070960849524
-3.4e+38 -3.4e+38 -3.4e+38 -3.4e+38 -3.4e+38 -3.4e+38 -3.4e+38 -3.4e+38 -3.4e+38 -3.4e+38 0.509745717048645 0.805411756038666 0.83832460641861 0.92583954334259 0.952085554599762 0.93170177936554 0.888928174972534 0.828440964221954 0.783746600151062 0.76044112443924 0.781600177288055 0.777444839477539 0.79698646068573 0.805038273334503 0.721725642681122 0.587540030479431 0.485538423061371 0.472590804100037 0.492314606904984 0.526183307170868 0.552720367908478 0.58576899766922 0.622296452522278 0.625782668590546 0.653857350349426 0.672849178314209 0.688352048397064 0.784269452095032 0.848440766334534 0.840574443340302 0.863910377025604 0.877136290073395 0.808754682540894 0.748730778694153 0.714302062988281 0.546994745731354 0.127000197768211 0.0698217451572418 0.0234997794032097
-3.4e+38 -3.4e+38 -3.4e+38 -3.4e+38 -3.4e+38 -3.4e+38 -3.4e+38 -3.4e+38 -3.4e+38 -3.4e+38 -3.4e+38 0.59697687625885 0.828700840473175 0.856020927429199 0.945403099060059 0.914373636245728 0.866229712963104 0.823683023452759 0.802289128303528 0.706189572811127 0.774921596050262 0.773376882076263 0.803369164466858 0.802745640277863 0.811079382896423 0.695488572120667 0.595365524291992 0.487442642450333 0.478619694709778 0.47840940952301 0.489053457975388 0.530996263027191 0.578948080539703 0.608165502548218 0.636417746543884 0.659976005554199 0.697635054588318 0.708964467048645 0.823666512966156 0.854622304439545 0.837119936943054 0.844073116779327 0.852337598800659 0.789351582527161 0.747362852096558 0.720088481903076 0.310790061950684 0.190659046173096 0.424928903579712
-3.4e+38 -3.4e+38 -3.4e+38 -3.4e+38 -3.4e+38 -3.4e+38 -3.4e+38 -3.4e+38 -3.4e+38 -3.4e+38 -3.4e+38 0.621630251407623 0.788389682769775 0.823132932186127 0.839469373226166 0.908569753170013 0.890877366065979 0.825743615627289 0.723459959030151 0.746073961257935 0.746674478054047 0.790506780147552 0.757968246936798 0.767947494983673 0.802043795585632 0.735744655132294 0.645629227161407 0.5411416888237 0.497570723295212 0.451381474733353 0.452120721340179 0.496065378189087 0.56666511297226 0.592409670352936 0.608118832111359 0.618407607078552 0.643328011035919 0.652355134487152 0.699362874031067 0.787910282611847 0.854017734527588 0.871472060680389 0.866082847118378 0.846149444580078 0.869516789913177 0.811264753341675 0.723930895328522 0.413834989070892 0.747589111328125
-3.4e+38 -3.4e+38 -3.4e+38 -3.4e+38 -3.4e+38 -3.4e+38 -3.4e+38 -3.4e+38 -3.4e+38 -3.4e+38 -3.4e+38 -3.4e+38 0.625277698040009 0.791166543960571 0.806036591529846 0.801024198532104 0.854084670543671 0.844081461429596 0.771434664726257 0.741015791893005 0.692096292972565 0.777994155883789 0.772610902786255 0.749002158641815 0.755616724491119 0.71882039308548 0.646677255630493 0.547130227088928 0.450198531150818 0.439686119556427 0.396866649389267 0.432025283575058 0.477237373590469 0.547825515270233 0.578336358070374 0.591321408748627 0.599365174770355 0.619074583053589 0.625941038131714 0.696743190288544 0.781857311725616 0.818234026432037 0.850446999073029 0.870470285415649 0.869914770126343 0.883774042129517 0.817731857299805 0.729475736618042 0.736357927322388
