data/climate_estimation/maxent_output/Calochortus_venustulus.asc
NCOLS 117 
NROWS 144 
XLLCORNER -109.166666666667 
YLLCORNER 18.3333333333333 
CELLSIZE 0.0833333333333333 
NODATA_value -3.4e+38 
[rows 63 to 83 of 144, columns 47 to 93 of 117]
0.149543255567551 0.141446053981781 0.632413268089294 0.66462630033493 0.897062301635742 0.112253256142139 0.0920378491282463 0.0235782098025084 0.0139011163264513 0.0115303155034781 0.0895097479224205 0.0903126448392868 0.0611280612647533 0.0618271976709366 0.141221672296524 0.108783893287182 0.0497409589588642 0.0295253675431013 0.045004740357399 0.151109963655472 0.121333204209805 0.168269246816635 0.142304018139839 0.0607921667397022 0.0756683722138405 0.0533720813691616 0.0628093257546425 0.0567957982420921 0.0425680987536907 0.044729508459568 0.0416190400719643 0.0275498554110527 0.0484662093222141 0.088261678814888 0.0464749708771706 0.0348615981638432 0.0444972440600395 0.0655651167035103 0.0581020675599575 0.0496578514575958 0.0477067530155182 0.0506510809063911 0.0458066612482071 0.0287736393511295 0.0261951424181461 0.0181779712438583 0.0130983032286167
0.960169434547424 0.159184500575066 0.117144770920277 0.110595785081387 0.120647490024567 0.576372563838959 0.0811269506812096 0.0302702095359564 0.10638140887022 0.0794393271207809 0.13150081038475 0.15969979763031 0.105469025671482 0.0669947490096092 0.136203423142433 0.0984677448868752 0.0735770836472511 0.0804066061973572 0.157781764864922 0.135498315095901 0.188126742839813 0.176245763897896 0.124357998371124 0.0898115560412407 0.0923581793904305 0.154161408543587 0.0924249663949013 0.0562331303954124 0.0394572131335735 0.0425513200461864 0.0585563406348228 0.0421473421156406 0.0437630861997604 0.0974498614668846 0.081787109375 0.0699460878968239 0.0668057352304459 0.0503733605146408 0.0588755644857883 0.0636640712618828 0.0543199256062508 0.0688369944691658 0.0496441274881363 0.0486863516271114 0.0277745500206947 0.0227549709379673 0.0158732440322638
0.997272551059723 0.712424278259277 0.161907851696014 0.130030378699303 0.0153304804116488 0.141101822257042 0.14276684820652 0.06490258872509 0.128190249204636 0.0756074041128159 0.234896779060364 0.322788149118423 0.111366175115108 0.0795889720320702 0.102823086082935 0.190298393368721 0.158510610461235 0.116858415305614 0.28441059589386 0.257163405418396 0.229336112737656 0.3045394718647 0.189253926277161 0.114015460014343 0.107577465474606 0.121201902627945 0.0994152948260307 0.0538694523274899 0.0451471321284771 0.046748161315918 0.0758010223507881 0.0888065919280052 0.0933132842183113 0.0816702768206596 0.0944642350077629 0.0956637263298035 0.207517519593239 0.147356480360031 0.0717316791415215 0.0607609301805496 0.0785692930221558 0.0791943222284317 0.0352110713720322 0.0312213227152824 0.0447136051952839 0.0230228118598461 0.0166954044252634
0.998566806316376 0.766827702522278 0.971172034740448 0.167972221970558 0.0169179234653711 0.155710756778717 0.691685438156128 0.068793036043644 0.161510422825813 0.211771935224533 0.367018043994904 0.601537704467773 0.479139655828476 0.229479566216469 0.148420378565788 0.220888257026672 0.053820688277483 0.0539825446903706 0.191793099045753 0.225103601813316 0.182385757565498 0.333686947822571 0.267154842615128 0.266941249370575 0.154343873262405 0.107294619083405 0.109025225043297 0.0596022121608257 0.0371209233999252 0.0597683005034924 0.0522216558456421 0.0644473358988762 0.0640797019004822 0.0895831435918808 0.0632193386554718 0.0982585251331329 0.161983489990234 0.171464860439301 0.0924805775284767 0.0651972740888596 0.075668066740036 0.0932836532592773 0.0313960537314415 0.0159881003201008 0.0185719355940819 0.0280933827161789 0.0175814684480429
0.993420779705048 0.993366241455078 0.980811357498169 0.975530624389648 0.159711420536041 0.154977574944496 0.138919308781624 0.427949905395508 0.294974148273468 0.434514909982681 0.672332882881165 0.888969898223877 0.911458253860474 0.659632921218872 0.289392292499542 0.248743772506714 0.084182396531105 0.0823303908109665 0.082015760242939 0.0499279759824276 0.0582015067338943 0.273988306522369 0.490918338298798 0.312930375337601 0.132821172475815 0.154983922839165 0.110286213457584 0.0540898777544498 0.0617539472877979 0.0622331760823727 0.0478689707815647 0.0505132377147675 0.0634252279996872 0.0575902685523033 0.0671234354376793 0.0648442357778549 0.135145962238312 0.129087805747986 0.0961047932505608 0.0601465068757534 0.0713074132800102 0.131117507815361 0.0362903848290443 0.0112940855324268 0.00892057735472918 0.0124805299565196 0.01859026029706
0.977533876895905 0.981492757797241 0.993764400482178 0.985908985137939 0.741180777549744 0.189953878521919 0.139488101005554 0.591593265533447 0.575257241725922 0.739282727241516 0.907677948474884 0.969083249568939 0.951576292514801 0.903338074684143 0.505007088184357 0.373907566070557 0.11741990596056 0.102247580885887 0.0112435519695282 0.0636393800377846 0.393769651651382 0.540161907672882 0.614926993846893 0.353689283132553 0.307991534471512 0.188413724303246 0.247230514883995 0.139589965343475 0.0774143561720848 0.0287481024861336 0.039103839546442 0.0580877996981144 0.0637978464365005 0.0560673289000988 0.0538130402565002 0.0497918240725994 0.109931133687496 0.115267001092434 0.0818506255745888 0.0531280860304832 0.0822608470916748 0.111795820295811 0.0762448534369469 0.0108578307554126 0.00573230814188719 0.00724991271272302 0.00861416012048721
0.97101628780365 0.994649410247803 0.997931301593781 0.991354584693909 0.979826271533966 0.711575031280518 0.514968514442444 0.695269823074341 0.977170765399933 0.935076475143433 0.92499577999115 0.763321697711945 0.704461455345154 0.608886241912842 0.899935901165009 0.512752890586853 0.54112035036087 0.118614256381989 0.1116062104702 0.0773456394672394 0.662413477897644 0.76674610376358 0.753370404243469 0.706566095352173 0.561522006988525 0.344960302114487 0.221353396773338 0.191217854619026 0.0652183517813683 0.0486218482255936 0.0508444607257843 0.0897187814116478 0.0372421070933342 0.0239523351192474 0.0170126520097256 0.0242674518376589 0.0561830773949623 0.0836350098252296 0.0758379548788071 0.0563268661499023 0.0610460340976715 0.0945581197738647 0.0788045227527618 0.013721564784646 0.00614859629422426 0.00613148463889956 0.00700893718749285
0.924853980541229 0.975893616676331 0.99608701467514 0.991198539733887 0.998474955558777 0.960610032081604 0.499435812234879 0.574834108352661 0.944975435733795 0.956917822360992 0.935872614383698 0.712707757949829 0.622295677661896 0.489080190658569 0.841782927513123 0.900811493396759 0.582181692123413 0.512664794921875 0.132462427020073 0.409307539463043 0.408967852592468 0.730729818344116 0.831438839435577 0.770173847675323 0.614438116550446 0.456402868032455 0.236567735671997 0.181250289082527 0.0848566666245461 0.081498347222805 0.0388424731791019 0.0522714965045452 0.0458871424198151 0.034359049052 0.0192469004541636 0.0192965846508741 0.0201835054904222 0.0562504641711712 0.0628648772835732 0.0486224181950092 0.0504985116422176 0.0375629216432571 0.06200011074543 0.026240011677146 0.0113296136260033 0.0067970035597682 0.0098841842263937
0.950954139232635 0.981616020202637 0.991885423660278 0.992806553840637 0.997570216655731 0.753220081329346 0.584410786628723 0.899455368518829 0.90832644701004 0.944893896579742 0.965056240558624 0.901244938373566 0.851296007633209 0.443868905305862 0.531132757663727 0.903091669082642 0.882094025611877 0.64289379119873 0.522817611694336 0.507982552051544 0.438323616981506 0.759966909885406 0.840393364429474 0.699752271175385 0.585357427597046 0.25610089302063 0.18647001683712 0.0968660935759544 0.0750981420278549 0.0484472140669823 0.0450840927660465 0.0641041323542595 0.0529273301362991 0.0463289134204388 0.0335978828370571 0.0311437416821718 0.0325592532753944 0.0384144000709057 0.0603917688131332 0.0696888789534569 0.0709873661398888 0.0505774393677711 0.0378211215138435 0.0285586137324572 0.0209357496351004 0.0142487771809101 0.0123773608356714
0.990419507026672 0.993786811828613 0.996149361133575 0.996469080448151 0.9981769323349 0.951065838336945 0.878870904445648 0.907291293144226 0.913950979709625 0.950817763805389 0.937631607055664 0.877270579338074 0.867945790290833 0.856498062610626 0.901430368423462 0.908136665821075 0.90718001127243 0.914336025714874 0.883789956569672 0.884306073188782 0.75037145614624 0.778804183006287 0.808139085769653 0.517376601696014 0.40329498052597 0.294607758522034 0.227276921272278 0.115887761116028 0.199742838740349 0.0779055431485176 0.0690470263361931 0.0663757845759392 0.0508469827473164 0.0448530428111553 0.0465201996266842 0.0371403582394123 0.00975255016237497 0.0134888142347336 0.053336326032877 0.0595739223062992 0.0888089910149574 0.0637966245412827 0.0473380014300346 0.0176524221897125 0.0185574442148209 0.0200706869363785 0.0161615088582039
0.968645334243774 0.988032341003418 0.976950883865356 0.994520246982574 0.983765959739685 0.973274350166321 0.903566539287567 0.910995483398438 0.962939977645874 0.945724666118622 0.943713545799255 0.85951030254364 0.871667087078094 0.836452782154083 0.914012551307678 0.863008618354797 0.874569654464722 0.877199470996857 0.926302075386047 0.697550296783447 0.892831921577454 0.858797669410706 0.870235621929169 0.538125693798065 0.419733852148056 0.32726863026619 0.272039264440536 0.166553810238838 0.120703473687172 0.117855951189995 0.109944485127926 0.0706663206219673 0.0632409751415253 0.0584124140441418 0.0475330986082554 0.0109036499634385 0.0186700634658337 0.0221619512885809 0.0178117379546165 0.124352388083935 0.125943779945374 0.0745657458901405 0.0578997433185577 0.0359999425709248 0.0277057755738497 0.0263831336051226 0.0171578042209148
0.969447553157806 0.982503950595856 0.987919867038727 0.987146019935608 0.985297620296478 0.912240386009216 0.955616056919098 0.973061800003052 0.968877553939819 0.954444229602814 0.8584024310112 0.849245965480804 0.850855886936188 0.878009021282196 0.905815601348877 0.900501549243927 0.808653652667999 0.873909831047058 0.840289354324341 0.927970945835114 0.930990934371948 0.928957164287567 0.868069291114807 0.552722752094269 0.44247579574585 0.371551424264908 0.0624509565532207 0.218750417232513 0.178475111722946 0.156922057271004 0.135866776108742 0.0933923944830894 0.0689116045832634 0.0669917315244675 0.0692025646567345 0.0793640092015266 0.0183668583631516 0.0147743336856365 0.0910113379359245 0.128618866205215 0.122529394924641 0.113831341266632 0.0693439021706581 0.0494254231452942 0.0286978725343943 0.0240444615483284 0.0213865302503109
0.906610608100891 0.962530016899109 0.988222122192383 0.96978747844696 0.975921630859375 0.885421991348267 0.841263234615326 0.926887035369873 0.960919678211212 0.854770481586456 0.838350713253021 0.797869145870209 0.808014452457428 0.870714604854584 0.870111048221588 0.906338453292847 0.814200043678284 0.797114968299866 0.726940929889679 0.824619472026825 0.880570530891418 0.721234619617462 0.660398781299591 0.600138008594513 0.463780552148819 0.389169454574585 0.354652613401413 0.280499994754791 0.2113416492939 0.14569216966629 0.125647515058517 0.0794027596712112 0.192071840167046 0.12031826376915 0.0724401772022247 0.0678271055221558 0.0704872906208038 0.0747938230633736 0.186252936720848 0.139937877655029 0.157075345516205 0.126756310462952 0.102929726243019 0.0481953173875809 0.0222211834043264 0.0177562106400728 0.0179847273975611
0.897906064987183 0.940696835517883 0.969338715076447 0.969860434532166 0.89380294084549 0.853857040405273 0.814297914505005 0.886639177799225 0.902566313743591 0.882089555263519 0.528379917144775 0.502406716346741 0.505790770053864 0.523626744747162 0.856345951557159 0.895009994506836 0.779506325721741 0.789005219936371 0.647537648677826 0.653416812419891 0.827310025691986 0.718770980834961 0.647920250892639 0.548404276371002 0.44110980629921 0.352867245674133 0.303693354129791 0.389242798089981 0.33461320400238 0.178437158465385 0.118531852960587 0.221341252326965 0.14684322476387 0.138395890593529 0.123992659151554 0.116186901926994 0.149389788508415 0.161282375454903 0.183552831411362 0.181578129529953 0.148818343877792 0.147005826234818 0.1232915148139 0.0461752116680145 0.0148319220170379 0.0131081100553274 0.0115695260465145
0.888510406017303 0.90358978509903 0.920437276363373 0.949716866016388 0.805598258972168 0.871317088603973 0.793842136859894 0.850016832351685 0.642941653728485 0.588517487049103 0.560805261135101 0.53609436750412 0.109892018139362 0.136053815484047 0.563338100910187 0.855196416378021 0.783629298210144 0.793338358402252 0.639338135719299 0.583079636096954 0.818228900432587 0.623232066631317 0.633729517459869 0.538880050182343 0.38635790348053 0.243524730205536 0.303568542003632 0.282707899808884 0.37391608953476 0.302152514457703 0.236314415931702 0.218756526708603 0.21090379357338 0.124145679175854 0.116775058209896 0.1236257776618 0.212131038308144 0.175764352083206 0.160670429468155 0.133252665400505 0.0841057822108269 0.121011503040791 0.114128150045872 0.0337741784751415 0.0114783765748143 0.00994908530265093 0.0103348735719919
0.829974353313446 0.845927178859711 0.871876358985901 0.895085632801056 0.885150492191315 0.830440282821655 0.794422507286072 0.925198376178741 0.868482828140259 0.563042342662811 0.559015393257141 0.120728448033333 0.129873707890511 0.138320133090019 0.153007939457893 0.664713799953461 0.840851068496704 0.849040269851685 0.755035638809204 0.758558869361877 0.695100426673889 0.53241229057312 0.504153788089752 0.730440378189087 0.63277280330658 0.466386646032333 0.31702396273613 0.358885586261749 0.359959989786148 0.321926295757294 0.300726324319839 0.22825326025486 0.159307837486267 0.121350802481174 0.110135696828365 0.123080484569073 0.166613578796387 0.215771108865738 0.119627647101879 0.0885734558105469 0.0446069948375225 0.0472701042890549 0.0583203919231892 0.0255250670015812 0.00563662126660347 0.00509842298924923 0.0111746471375227
0.797964215278625 0.789409160614014 0.844958662986755 0.899074912071228 0.871269881725311 0.772172391414642 0.860900580883026 0.941558659076691 0.975874722003937 0.504543483257294 0.112944975495338 0.103953294456005 0.0175239816308022 0.148367539048195 0.158277258276939 0.656042456626892 0.88280463218689 0.915726125240326 0.877329647541046 0.83810967206955 0.675820469856262 0.762760102748871 0.447072058916092 0.677448630332947 0.571703672409058 0.467975437641144 0.454795062541962 0.548950493335724 0.399506717920303 0.381807178258896 0.333559572696686 0.203897416591644 0.178252726793289 0.111129254102707 0.0777508243918419 0.123834297060966 0.12495382130146 0.150730013847351 0.1170569434762 0.0782310664653778 0.0235565751791 0.0100124040618539 0.0168469846248627 0.00126740930136293 0.000845161615870893 0.000704349018633366 0.00794130098074675
0.76062798500061 0.741521418094635 0.857080042362213 0.91558313369751 0.936266124248505 0.947068333625793 0.982008576393127 0.960664570331573 0.984956622123718 0.470702409744263 0.293486267328262 0.111074000597 0.177992075681686 0.69493842124939 0.184337630867958 0.172519668936729 0.631072819232941 0.953830361366272 0.903265774250031 0.753397345542908 0.648191273212433 0.60145378112793 0.661530196666718 0.624953985214233 0.541146755218506 0.590422809123993 0.602877736091614 0.526692569255829 0.435848385095596 0.411534816026688 0.309805363416672 0.233495369553566 0.134877324104309 0.0969282686710358 0.0723206475377083 0.0922705680131912 0.110092185437679 0.104436881840229 0.124754540622234 0.103872641921043 0.0530262254178524 0.0200751852244139 0.0155679769814014 0.00131878408137709 0.000787740806117654 0.000740419316571206 0.00347561528906226
0.566189646720886 0.685793459415436 0.793317019939423 0.867691576480865 0.922968208789825 0.948328018188477 0.977175295352936 0.988136231899261 0.981451690196991 0.470503747463226 0.22434201836586 0.64596152305603 0.724470317363739 0.200505793094635 0.799615859985352 0.670917749404907 0.695501208305359 0.597961246967316 0.796724021434784 0.611551702022552 0.620248854160309 0.607985079288483 0.571877360343933 0.549809694290161 0.540958344936371 0.619441092014313 0.549706339836121 0.482123583555222 0.435433685779572 0.373298645019531 0.299593091011047 0.182477325201035 0.110077224671841 0.0413670353591442 0.0281801205128431 0.0644408017396927 0.0762487128376961 0.0965918824076653 0.0997151881456375 0.098951630294323 0.0937826633453369 0.0463873334228992 0.0357679203152657 0.0104468148201704 0.00112823909148574 0.00075663416646421 0.000642971834167838
0.454366981983185 0.50456702709198 0.592205882072449 0.844625413417816 0.95636123418808 0.963943958282471 0.989978551864624 0.982160687446594 0.588739514350891 0.424763798713684 0.353352010250092 0.786826133728027 0.796118795871735 0.765677452087402 0.987922430038452 0.762153089046478 0.968367159366608 0.94586706161499 0.804395973682404 0.675359606742859 0.636763274669647 0.724923253059387 0.607345998287201 0.543581545352936 0.576952278614044 0.522061049938202 0.513535678386688 0.490602672100067 0.408199071884155 0.389801144599915 0.222705900669098 0.0779069066047668 0.0568834505975246 0.0345866419374943 0.0300608072429895 0.0285190623253584 0.0629028007388115 0.0676264762878418 0.0858132019639015 0.0857121497392654 0.125231266021729 0.042670201510191 0.0758493989706039 0.0309150293469429 0.00658910209313035 0.000748555001337081 0.000975991250015795
0.553615212440491 0.560413539409637 0.611134886741638 0.743809282779694 0.855688571929932 0.921065807342529 0.991130352020264 0.897949457168579 0.413296699523926 0.465999782085419 0.163616359233856 0.784990429878235 0.801136016845703 0.845868706703186 0.990271389484406 0.821974277496338 0.71397876739502 0.942286372184753 0.862628102302551 0.849077761173248 0.723812818527222 0.573638260364532 0.510260939598083 0.627082824707031 0.501020729541779 0.630090534687042 0.48382294178009 0.429682940244675 0.400265067815781 0.327305316925049 0.102643169462681 0.0798087269067764 0.00922305043786764 0.00679420912638307 0.0268435124307871 0.0607199221849442 0.0574492365121841 0.05164859816432 0.0587759166955948 0.0892191007733345 0.108682528138161 0.156633228063583 0.141566246747971 0.0531611070036888 0.00125333946198225 0.0008323107031174 0.000980152515694499
