data/climate_estimation/maxent_output/Calochortus_clavatus.asc
NCOLS 60 
NROWS 60 
XLLCORNER -121.916666666667 
YLLCORNER 33.9166666666667 
CELLSIZE 0.0833333333333333 
NODATA_value -3.4e+38 
[rows 21 to 41 of 60, columns 0 to 45 of 60]
0.688664436340332 0.681190252304077 0.732576429843903 0.810005307197571 0.690253019332886 0.69493705034256 0.710118293762207 0.746991217136383 0.730229318141937 0.604305565357208 0.36606776714325 0.263147085905075 0.252209782600403 0.215940311551094 0.216966480016708 0.205038115382195 0.192826122045517 0.1757982224226 0.161905497312546 0.13864628970623 0.118662938475609 0.0998291820287704 0.0676620602607727 0.0885947495698929 0.109689511358738 0.200411066412926 0.212497413158417 0.296263724565506 0.290874749422073 0.43703094124794 0.66677337884903 0.636547446250916 0.466649025678635 0.212179869413376 0.056571900844574 0.100108712911606 0.0540578700602055 0.00722910184413195 0.00368566741235554 0.0029795344453305 0.00101254798937589 0.00190653430763632 0.0137509098276496 0.0024911449290812 0.000739814306143671 0.000560073414817452
0.682921350002289 0.701669216156006 0.720678150653839 0.762176930904388 0.727818965911865 0.704817295074463 0.707943916320801 0.735907375812531 0.701117932796478 0.609583556652069 0.384947776794434 0.309449046850204 0.240304008126259 0.193196147680283 0.176366403698921 0.149096474051476 0.175084188580513 0.158869326114655 0.140723168849945 0.117073677480221 0.0890517234802246 0.0776402205228806 0.0606304220855236 0.0607492253184319 0.0587305054068565 0.068259209394455 0.0991997495293617 0.146226644515991 0.211282655596733 0.4950992166996 0.690421760082245 0.648142755031586 0.749746739864349 0.618214726448059 0.23481048643589 0.229477658867836 0.0508946217596531 0.017749035730958 0.00718310149386525 0.0128498869016767 0.00700446497648954 0.000782292569056153 0.0140544306486845 0.00475443573668599 0.00097345863468945 0.00170284043997526
0.751884758472443 0.8037109375 0.835487961769104 0.74682492017746 0.796451270580292 0.804839313030243 0.755887567996979 0.646517753601074 0.661812245845795 0.649544894695282 0.527588725090027 0.302021771669388 0.19220407307148 0.174544423818588 0.157102048397064 0.153891742229462 0.126883640885353 0.137267872691154 0.11768651753664 0.0992075726389885 0.0785171538591385 0.0661347135901451 0.0519273616373539 0.0519855879247189 0.0470532029867172 0.0550194457173347 0.0664150044322014 0.107677772641182 0.116411454975605 0.224661841988564 0.321980565786362 0.395747184753418 0.646308243274689 0.711052715778351 0.636467933654785 0.399329036474228 0.0999109148979187 0.169473469257355 0.0831533297896385 0.111183360219002 0.00750377867370844 0.00184823933523148 0.00211100745946169 0.0112642282620072 0.00128672830760479 0.00241332571022213
0.717636942863464 0.742932260036469 0.814790725708008 0.853045463562012 0.815531134605408 0.83488130569458 0.777757287025452 0.630938470363617 0.66546493768692 0.68565708398819 0.598954796791077 0.37864276766777 0.337127268314362 0.152879223227501 0.135943010449409 0.136371180415154 0.0987710505723953 0.111015357077122 0.0828261524438858 0.0845018178224564 0.0813823491334915 0.0663871020078659 0.0622557811439037 0.0562148354947567 0.049430962651968 0.0539293885231018 0.0549362525343895 0.0700859799981117 0.0865027084946632 0.162660613656044 0.246115177869797 0.198657736182213 0.377358138561249 0.325661212205887 0.625389814376831 0.691879749298096 0.621676862239838 0.471293032169342 0.0578035376966 0.0220309514552355 0.0240537896752357 0.0126022417098284 0.00171636021696031 0.0341816432774067 0.00152022822294384 0.00486594997346401
-3.4e+38 0.802440404891968 0.82532274723053 0.793843686580658 0.778233468532562 0.757219433784485 0.77141135931015 0.58705997467041 0.570212006568909 0.604454457759857 0.677217483520508 0.681344628334045 0.364445358514786 0.213937625288963 0.127460077404976 0.0958071202039719 0.10050830245018 0.096094936132431 0.0518802627921104 0.0737874954938889 0.0575479455292225 0.046677578240633 0.0484941489994526 0.0497001968324184 0.0491136014461517 0.057858232408762 0.0535309612751007 0.0621570870280266 0.0743033438920975 0.0944511294364929 0.142431572079659 0.218785226345062 0.304624438285828 0.669362187385559 0.742913126945496 0.737505972385406 0.746325016021729 0.634413421154022 0.500819563865662 0.335595011711121 0.138918966054916 0.0123566212132573 0.00211718073114753 0.0581340417265892 0.00483283819630742 0.00189959607087076
-3.4e+38 0.736237645149231 0.729988038539886 0.715218901634216 0.788673043251038 0.644287168979645 0.66411417722702 0.638925552368164 0.525700271129608 0.571918427944183 0.636462211608887 0.72629177570343 0.418052196502686 0.458640336990356 0.203989535570145 0.148109540343285 0.114760048687458 0.0850422233343124 0.0427605323493481 0.0522596947848797 0.0381118208169937 0.059730876237154 0.0556084960699081 0.0545133166015148 0.0565964169800282 0.0550790056586266 0.0558745414018631 0.0665526017546654 0.0695857554674149 0.0842867568135262 0.122225023806095 0.209224790334702 0.254155844449997 0.381193220615387 0.699463903903961 0.750297605991364 0.506555557250977 0.291001260280609 0.104740560054779 0.145916521549225 0.0237303208559752 0.00226026889868081 0.00127907341811806 0.0427098460495472 0.0326755829155445 0.00160755903925747
0.344699382781982 0.737669706344604 0.726487159729004 0.671277403831482 0.700640082359314 0.710600912570953 0.636326968669891 0.634467601776123 0.594808995723724 0.558107972145081 0.629400670528412 0.575304865837097 0.417915672063828 0.496493816375732 0.336849957704544 0.113607138395309 0.118945218622684 0.0599359683692455 0.0446598269045353 0.0390867367386818 0.0449221357703209 0.0442216247320175 0.0415395833551884 0.0449085868895054 0.0538784898817539 0.0539062917232513 0.0593179799616337 0.0670448318123817 0.0679179280996323 0.0806232616305351 0.0872539505362511 0.102180935442448 0.226142063736916 0.250013530254364 0.485337942838669 0.705300450325012 0.854493200778961 0.591105401515961 0.118117071688175 0.0248776357620955 0.0148449661210179 0.00302578858099878 0.00237551028840244 0.00156043225433677 0.0761875957250595 0.01317866332829
0.43371245265007 0.69734388589859 0.710775554180145 0.708695113658905 0.795856714248657 0.719331383705139 0.71861457824707 0.603196084499359 0.629053175449371 0.539224028587341 0.60128265619278 0.682373344898224 0.622306287288666 0.546830058097839 0.493199676275253 0.435738027095795 0.203833714127541 0.0695107132196426 0.0391724742949009 0.0313545651733875 0.0271335337311029 0.0393669828772545 0.0350209102034569 0.0363637655973434 0.0503664463758469 0.0495451726019382 0.0558517500758171 0.0619098506867886 0.0712083727121353 0.0849444791674614 0.0821210667490959 0.092132031917572 0.135117247700691 0.171604886651039 0.208925828337669 0.463852971792221 0.467582374811172 0.690410971641541 0.646442651748657 0.325200021266937 0.0159658566117287 0.00349947740323842 0.023256029933691 0.00190758879762143 0.00435379892587662 0.0386821553111076
0.539376974105835 0.594406127929688 0.659291505813599 0.671601355075836 0.638819575309753 0.793022274971008 0.707968950271606 0.640867829322815 0.617204904556274 0.508899450302124 0.539684236049652 0.633197009563446 0.685414910316467 0.692213535308838 0.591532111167908 0.656100749969482 0.544392049312592 0.126407712697983 0.0518683604896069 0.0241252183914185 0.0318550616502762 0.0349590294063091 0.0297598000615835 0.028703173622489 0.036260187625885 0.0426519960165024 0.0542843379080296 0.0616779886186123 0.073352687060833 0.0790417790412903 0.0893038138747215 0.0934092402458191 0.0882224962115288 0.105856224894524 0.134276404976845 0.192159712314606 0.149757534265518 0.692037880420685 0.696049749851227 0.173790141940117 0.0234514903277159 0.0572439394891262 0.0418792888522148 0.00461924728006124 0.0035017638001591 0.0130059467628598
0.461170494556427 0.583832085132599 0.624501705169678 0.633050382137299 0.613396346569061 0.601259112358093 0.767645835876465 0.687654078006744 0.579186320304871 0.517778635025024 0.512491822242737 0.555625975131989 0.666592121124268 0.661520063877106 0.676362335681915 0.610846340656281 0.713811635971069 0.339324504137039 0.07891695946455 0.0262171663343906 0.0238630957901478 0.0222833342850208 0.0269905440509319 0.0270616840571165 0.0296725984662771 0.0394452996551991 0.0461017265915871 0.0553743317723274 0.067951001226902 0.0685500428080559 0.0691473633050919 0.0956132262945175 0.101107254624367 0.0753256008028984 0.090060643851757 0.120790868997574 0.269877970218658 0.728557527065277 0.492914527654648 0.0816227495670319 0.0487730354070663 0.0415739305317402 0.12323821336031 0.0530178286135197 0.0195034295320511 0.0135868461802602
0.228543475270271 0.508915841579437 0.59256786108017 0.6078822016716 0.605754196643829 0.634069204330444 0.739218235015869 0.694389283657074 0.639312982559204 0.556760251522064 0.530741691589355 0.504843056201935 0.599645376205444 0.668847501277924 0.668813705444336 0.676523089408875 0.700508236885071 0.69734126329422 0.3832788169384 0.0373222902417183 0.0222421530634165 0.0157130714505911 0.0192630439996719 0.0197698809206486 0.0208022594451904 0.0262300446629524 0.0359107851982117 0.0463984310626984 0.0538476519286633 0.0609592422842979 0.0705517157912254 0.0705787017941475 0.0887431353330612 0.0762055888772011 0.0978727489709854 0.111572824418545 0.629221200942993 0.804699957370758 0.593793749809265 0.133149668574333 0.326120644807816 0.130066201090813 0.177286818623543 0.0486184880137444 0.0868956074118614 0.0146287204697728
-3.4e+38 0.382336646318436 0.564799308776855 0.585983753204346 0.592607319355011 0.622814655303955 0.693183302879333 0.691650986671448 0.630510091781616 0.627409934997559 0.533687651157379 0.524238228797913 0.517789244651794 0.619576275348663 0.638854503631592 0.657581984996796 0.682095408439636 0.267862290143967 0.0681361183524132 0.0314566306769848 0.0168778616935015 0.0101400446146727 0.00898691732436419 0.0124400239437819 0.0160497687757015 0.0219757836312056 0.0275253355503082 0.0297856666147709 0.0383821427822113 0.037924412637949 0.0499973446130753 0.0543586239218712 0.0463650785386562 0.0642392411828041 0.0528951473534107 0.0829441100358963 0.164484024047852 0.169630706310272 0.784907519817352 0.667401254177094 0.41788387298584 0.514538824558258 0.428410321474075 0.174898311495781 0.134200140833855 0.0992196202278137
-3.4e+38 -3.4e+38 0.528887450695038 0.586863398551941 0.58860570192337 0.579480230808258 0.59420108795166 0.680573403835297 0.661344230175018 0.586131751537323 0.547722399234772 0.510797381401062 0.518485605716705 0.548364877700806 0.659623086452484 0.65968519449234 0.645168006420135 0.383279711008072 0.060544703155756 0.0239525251090527 0.0157638993114233 0.00942662823945284 0.00882328581064939 0.00721924100071192 0.00941094476729631 0.0158237591385841 0.0191011670976877 0.0213135443627834 0.0189376883208752 0.0270639304071665 0.029310155659914 0.0373004302382469 0.0312882848083973 0.0394835062325001 0.0379231870174408 0.036801103502512 0.0368206463754177 0.121918901801109 0.787363648414612 0.714604318141937 0.503685116767883 0.657184660434723 0.532375872135162 0.204666167497635 0.153343811631203 0.182502314448357
-3.4e+38 -3.4e+38 -3.4e+38 0.643832087516785 0.679574847221375 0.683286488056183 0.703131794929504 0.712901711463928 0.668756902217865 0.643088757991791 0.590037226676941 0.517718851566315 0.504045426845551 0.53547990322113 0.603290736675262 0.670989155769348 0.680587828159332 0.619961798191071 0.15826004743576 0.0641538873314857 0.0268176607787609 0.0198557861149311 0.0123567264527082 0.00900285970419645 0.0112511944025755 0.0114683555439115 0.0155028635635972 0.0160704143345356 0.0196619778871536 0.0215411130338907 0.0255226716399193 0.0242172293365002 0.0327859409153461 0.0266123712062836 0.0168250799179077 0.0214925482869148 0.0221168827265501 0.107046939432621 0.740273058414459 0.744167149066925 0.567385196685791 0.749005138874054 0.182844832539558 0.216505512595177 0.274839997291565 0.231644690036774
-3.4e+38 -3.4e+38 -3.4e+38 -3.4e+38 -3.4e+38 0.726620733737946 0.70766419172287 0.681250751018524 0.622135043144226 0.578386664390564 0.61797821521759 0.620043814182281 0.52496874332428 0.540899932384491 0.58912193775177 0.613524377346039 0.672993123531342 0.683126211166382 0.694178879261017 0.723014116287231 0.166087567806244 0.0333925895392895 0.0210879221558571 0.0148119889199734 0.0114938244223595 0.0116418264806271 0.0142716290429235 0.0162358433008194 0.0187725871801376 0.0163267869502306 0.0140676852315664 0.0137664536014199 0.0188732966780663 0.0119301797822118 0.0191480293869972 0.0150380190461874 0.0185040216892958 0.20301528275013 0.816133856773376 0.742924273014069 0.786057829856873 0.625642597675323 0.200848922133446 0.264568775892258 0.34187912940979 0.278775721788406
-3.4e+38 -3.4e+38 -3.4e+38 -3.4e+38 -3.4e+38 0.678258836269379 0.706004917621613 0.737556457519531 0.619507133960724 0.605203330516815 0.588562071323395 0.579807162284851 0.54367995262146 0.524985909461975 0.552040815353394 0.59072208404541 0.662770807743073 0.641859591007233 0.549049913883209 0.709339499473572 0.386008709669113 0.0608483292162418 0.0293578337877989 0.0253581181168556 0.0172997806221247 0.0172915458679199 0.0126891927793622 0.0123138288035989 0.0148809188976884 0.0172787122428417 0.0123172691091895 0.00880265980958939 0.0114469090476632 0.0146943498402834 0.0118869254365563 0.0102968579158187 0.0153712499886751 0.0909959897398949 0.338087826967239 0.837888360023499 0.614276528358459 0.565972566604614 0.296801745891571 0.266784876585007 0.457445204257965 0.346601486206055
-3.4e+38 -3.4e+38 -3.4e+38 -3.4e+38 -3.4e+38 -3.4e+38 0.635962426662445 0.632482886314392 0.688585758209229 0.676129043102264 0.608986735343933 0.601786613464355 0.572067677974701 0.536220610141754 0.512066066265106 0.568844616413116 0.59210067987442 0.661601424217224 0.58863490819931 0.38221687078476 0.606474697589874 0.165004476904869 0.0597916282713413 0.0421450585126877 0.0295671429485083 0.0230936370790005 0.0168751738965511 0.0139620825648308 0.0134839285165071 0.0104921627789736 0.0122397653758526 0.00616729538887739 0.00601472472772002 0.00683030253276229 0.00866665411740541 0.00990363396704197 0.0120584601536393 0.181009784340858 0.65547376871109 0.772227585315704 0.709848523139954 0.578510284423828 0.565260171890259 0.426220744848251 0.420927613973618 0.100177995860577
-3.4e+38 -3.4e+38 -3.4e+38 -3.4e+38 -3.4e+38 -3.4e+38 -3.4e+38 0.164188921451569 0.491958826780319 0.704887926578522 0.680876135826111 0.610683917999268 0.662977159023285 0.638887107372284 0.489318430423737 0.462714076042175 0.523390352725983 0.59950202703476 0.620065748691559 0.54559737443924 0.665176153182983 0.385685175657272 0.11649277806282 0.0732033923268318 0.0534226298332214 0.0387988612055779 0.0244634188711643 0.014809244312346 0.0170820541679859 0.00828769523650408 0.0075807929970324 0.00853626802563667 0.00557513581588864 0.00557665899395943 0.0087856212630868 0.00618120981380343 0.0160836316645145 0.3603675365448 0.606707215309143 0.871602773666382 0.833468794822693 0.322213143110275 0.235139012336731 0.240658789873123 0.149424210190773 0.128531649708748
-3.4e+38 -3.4e+38 -3.4e+38 -3.4e+38 -3.4e+38 -3.4e+38 -3.4e+38 -3.4e+38 0.0377495549619198 0.254597336053848 0.668932199478149 0.738918840885162 0.721721589565277 0.693286299705505 0.650700628757477 0.593483865261078 0.619406044483185 0.590213060379028 0.587752878665924 0.652875006198883 0.718373000621796 0.633042633533478 0.28262597322464 0.162630468606949 0.102112703025341 0.0647232532501221 0.0325982682406902 0.0155074065551162 0.0169518440961838 0.0115415491163731 0.0139927491545677 0.00806459505110979 0.00802706088870764 0.00687959929928184 0.00946724787354469 0.00663672061637044 0.013951612636447 0.306332588195801 0.679152727127075 0.871373057365417 0.7391676902771 0.191212400794029 0.193467929959297 0.167879194021225 0.12499064207077 0.387540638446808
-3.4e+38 -3.4e+38 -3.4e+38 -3.4e+38 -3.4e+38 -3.4e+38 -3.4e+38 -3.4e+38 -3.4e+38 0.144725427031517 0.404782444238663 0.64831930398941 0.747054159641266 0.700396001338959 0.632201552391052 0.636239945888519 0.620880246162415 0.650097250938416 0.656390786170959 0.633324384689331 0.658599317073822 0.722721457481384 0.691533744335175 0.489055424928665 0.192174777388573 0.112694412469864 0.0485363826155663 0.0186902154237032 0.0185465328395367 0.0107955913990736 0.00770526425912976 0.00663113640621305 0.00410414859652519 0.00325556169264019 0.00632128166034818 0.00503272656351328 0.00497347861528397 0.142355561256409 0.607665479183197 0.550930798053741 0.565641582012177 0.702263295650482 0.66571432352066 0.53401392698288 0.15464474260807 0.128395810723305
-3.4e+38 -3.4e+38 -3.4e+38 -3.4e+38 -3.4e+38 -3.4e+38 -3.4e+38 -3.4e+38 -3.4e+38 -3.4e+38 0.432584881782532 0.514789164066315 0.695402324199677 0.727428078651428 0.652723252773285 0.626769959926605 0.649536848068237 0.663936853408813 0.677861928939819 0.687509059906006 0.678890526294708 0.748045027256012 0.778560757637024 0.803105890750885 0.614373087882996 0.225483760237694 0.0866515785455704 0.0392739027738571 0.0109423501417041 0.012938316911459 0.00873325299471617 0.00641584489494562 0.00339048821479082 0.00388225796632469 0.00443295203149319 0.00366933480836451 0.00252831564284861 0.0141744026914239 0.285747051239014 0.832623243331909 0.752891778945923 0.754196882247925 0.520867586135864 0.628897786140442 0.273452609777451 0.185456573963165
