data/climate_estimation/maxent_output/Calochortus_barbatus.asc
NCOLS 271 
NROWS 202 
XLLCORNER -117.083333333333 
YLLCORNER 15.8333333333333 
CELLSIZE 0.0833333333333333 
NODATA_value -3.4e+38 
[rows 0 to 22 of 202, columns 153 to 203 of 271]
0.02114880643785 0.0158246271312237 0.0179165489971638 0.0205149352550507 0.0204294957220554 0.0218811724334955 0.0164197627454996 0.019898246973753 0.0232994928956032 0.0216847024857998 0.026340439915657 0.019477317109704 0.0196225941181183 0.0131535502150655 0.0131627656519413 0.00926319230347872 0.00600314466282725 0.00579833984375 0.00411211512982845 0.0033785926643759 0.00342915346845984 0.00395491812378168 0.00284332758747041 0.00324712530709803 0.00365419057197869 0.00334115116856992 0.00283641228452325 0.00314033473841846 0.00255797244608402 0.00220332783646882 0.00274716387502849 0.00239040330052376 0.00248200003989041 0.00250287121161819 0.00216743862256408 0.00212736125104129 0.00206406833603978 0.00167340005282313 0.00162788794841617 0.00140641408506781 0.00114198704250157 0.00113669293932617 0.000978954485617578 0.000827758805826306 0.000692408706527203 0.000651003210805357 0.00055235787294805 0.000534473976586014 0.000536126201041043 0.000452475622296333 0.000376582378521562
0.0182772148400545 0.0130739873275161 0.0156065272167325 0.0220391135662794 0.0161882769316435 0.0204094145447016 0.0236986391246319 0.0180874969810247 0.024530254304409 0.019293325021863 0.0194286461919546 0.0194905381649733 0.0168289430439472 0.0121897887438536 0.00942389108240604 0.00958285573869944 0.00954721309244633 0.00502327503636479 0.00428663333877921 0.00418738182634115 0.00405447324737906 0.00346009759232402 0.00347599270753562 0.00327773508615792 0.00318042072467506 0.00296355574391782 0.00337232020683587 0.00271586212329566 0.00260139000602067 0.00228058849461377 0.00197977502830327 0.00202227057889104 0.00256320950575173 0.0025271843187511 0.0022112566512078 0.00212941016070545 0.00203997665084898 0.00168458465486765 0.00156260863877833 0.00157960643991828 0.00128062989097089 0.0010896009625867 0.000798250315710902 0.000838257255963981 0.000709644285961986 0.000599497405346483 0.000582501816097647 0.000475651759188622 0.000556250452063978 0.000458081427495927 0.000356362928869203
0.0216330718249083 0.0129151707515121 0.0152161689475179 0.0193561911582947 0.0228865332901478 0.0189264789223671 0.0202506687492132 0.0223125629127026 0.028541611507535 0.0231291428208351 0.0235832259058952 0.0146989142522216 0.0147403562441468 0.0143923228606582 0.0122993271797895 0.0111515736207366 0.00789126381278038 0.00495477160438895 0.00499280542135239 0.00483445776626468 0.00358216161839664 0.00423250952735543 0.00411130348220468 0.00336380675435066 0.00323203625157475 0.00250949431210756 0.00291512813419104 0.0024025714956224 0.00235567544586957 0.00199049827642739 0.00167245487682521 0.00201337016187608 0.00211583659984171 0.00192493351642042 0.00227070925757289 0.00186223315540701 0.00201427936553955 0.00167606375180185 0.00158138188999146 0.00128410081379116 0.00123444444034249 0.00106910371687263 0.000890289957169443 0.000788340112194419 0.000741621304769069 0.000635078235063702 0.000613540760241449 0.000489795347675681 0.000492574530653656 0.000377467920770869 0.000384255341487005
0.0187349114567041 0.0147474277764559 0.012689602561295 0.0155271356925368 0.0147188035771251 0.0191283114254475 0.0180026907473803 0.022506358101964 0.027998860925436 0.0216896254569292 0.0186087172478437 0.0164178311824799 0.0144124180078506 0.0120483357459307 0.0087358383461833 0.00671875104308128 0.00592720834538341 0.00574932619929314 0.00432128878310323 0.00426709419116378 0.00494680320844054 0.00443771155551076 0.004203200340271 0.0039109755307436 0.00323395314626396 0.00315560889430344 0.00266257184557617 0.00259736436419189 0.00211035390384495 0.00169498031027615 0.00167375814635307 0.00150215707253665 0.00181346235331148 0.00187725003343076 0.00219388795085251 0.00246514030732214 0.00174762168899179 0.0015839139232412 0.00155066384468228 0.00151283608283848 0.00142162665724754 0.00120532081928104 0.000889331451617181 0.000801805988885462 0.000728434883058071 0.000629621848929673 0.000526284624356776 0.000625197310000658 0.000461603718576953 0.000407184503274038 0.000405812868848443
0.0231603719294071 0.0180283151566982 0.0146824233233929 0.0169251598417759 0.0200005155056715 0.016842108219862 0.0212347432971001 0.0234541445970535 0.0248805582523346 0.0204594470560551 0.0129829132929444 0.0133498273789883 0.013714388012886 0.00828339532017708 0.0082566337659955 0.00480644963681698 0.00565686682239175 0.00488274125382304 0.00485418410971761 0.00502439821138978 0.00438403431326151 0.00513954553753138 0.00504125189036131 0.00348698743619025 0.00396651774644852 0.00279309949837625 0.00320831988938153 0.0022457882296294 0.00217595743015409 0.00187497073784471 0.00182043493259698 0.00182034308090806 0.00216311844997108 0.00161827402189374 0.00213422323577106 0.0020450334995985 0.00202055531553924 0.00159901578444988 0.00154146528802812 0.00121367804240435 0.00147280655801296 0.00143024476710707 0.000876915757544339 0.000764778000302613 0.000686030020006001 0.000635168922599405 0.000672223046422005 0.000569837808143348 0.00049577106256038 0.000442052027210593 0.000446145422756672
0.0204099807888269 0.0190582480281591 0.0206572040915489 0.0165016110986471 0.0208715051412582 0.0217253919690847 0.0228397250175476 0.0278252754360437 0.0236574579030275 0.0200335700064898 0.015968281775713 0.0129887964576483 0.0071438173763454 0.00706395832821727 0.00780610600486398 0.00696338294073939 0.00533177936449647 0.00480027683079243 0.00585401756688952 0.00488317385315895 0.00600466085597873 0.00501419417560101 0.00432326178997755 0.00484039029106498 0.00344069022685289 0.00346743199042976 0.00275655882433057 0.00229255575686693 0.00259734643623233 0.00230220472440124 0.00191539363004267 0.00184653559699655 0.00184850080404431 0.00162049976643175 0.00196082727052271 0.00175536575261503 0.00167264440096915 0.00155243324115872 0.00126163091044873 0.00146712979767472 0.00119423842988908 0.000961559941060841 0.00100347865372896 0.000768168014474213 0.00072160514537245 0.000775728432927281 0.000655301206279546 0.000623145780991763 0.000572190620005131 0.000480194285046309 0.000432773609645665
0.0244066882878542 0.0225117653608322 0.0174727402627468 0.013877366669476 0.0183547306805849 0.0243356414139271 0.018526466563344 0.0189563035964966 0.0165472626686096 0.0175957139581442 0.0151665862649679 0.012398786842823 0.00728399911895394 0.00740015413612127 0.00536570372059941 0.00473209703341126 0.00589660834521055 0.00538690993562341 0.00496097421273589 0.00573907885700464 0.00581047544255853 0.00420732330530882 0.00476275011897087 0.00544590875506401 0.00468518445268273 0.00475868163630366 0.00459437118843198 0.00440475763753057 0.00326122925616801 0.0022476795129478 0.00227662664838135 0.00192299671471119 0.00224759732373059 0.00192821212112904 0.00195725448429585 0.00193511007819325 0.00147389934863895 0.00142160116229206 0.00154023675713688 0.00131125969346613 0.00108260835986584 0.00103640439920127 0.000832942256238312 0.000725983816664666 0.000707730068825185 0.000740690622478724 0.000636892102193087 0.000690380518790334 0.000615197233855724 0.000551734818145633 0.000470519677037373
0.0349277965724468 0.0197741035372019 0.0248146578669548 0.0196548197418451 0.0205910205841064 0.0189526434987783 0.0173921380192041 0.0146643035113811 0.0147572960704565 0.0149827925488353 0.0148907387629151 0.0102653726935387 0.00797849427908659 0.00773955136537552 0.00694624288007617 0.00739383045583963 0.00414688093587756 0.00619574915617704 0.00585262570530176 0.00420673424378037 0.00477132946252823 0.00336958514526486 0.00390817923471332 0.00470374384894967 0.00485028093680739 0.00566148199141026 0.00470916740596294 0.00540807889774442 0.00323916412889957 0.00324066169559956 0.00262746401131153 0.00194263434968889 0.00223733647726476 0.00181650149170309 0.00186591397505254 0.0015896107070148 0.00181708263698965 0.00175569229759276 0.00144797703251243 0.00142404763028026 0.00115645036567003 0.00108706415630877 0.00088101887376979 0.00083921494660899 0.000738281756639481 0.00063300208421424 0.000725401157978922 0.000585932866670191 0.000568198040127754 0.000514874001964927 0.000473295629490167
0.0306927319616079 0.0280187278985977 0.0262617059051991 0.0207866244018078 0.0172036737203598 0.0171053688973188 0.0180375147610903 0.0159634854644537 0.0137147549539804 0.0166626088321209 0.0142738949507475 0.0115025704726577 0.0086447661742568 0.00870206486433744 0.00657146004959941 0.00818671565502882 0.00538051640614867 0.00421060482040048 0.00467966496944427 0.00421155989170074 0.0054899132810533 0.00525264488533139 0.00616530468687415 0.00534352846443653 0.00485028093680739 0.00487463176250458 0.00578046170994639 0.0064416085369885 0.00524451956152916 0.00279613980092108 0.00226803845725954 0.00221199588850141 0.00180792761966586 0.00183029100298882 0.00185108697041869 0.00181366223841906 0.0015098376898095 0.00147074484266341 0.00144694128539413 0.00126127304974943 0.00110556371510029 0.00104616011958569 0.00105015025474131 0.000880266423337162 0.00068439164897427 0.000598138838540763 0.000614037038758397 0.000564067100640386 0.000568751944229007 0.000602996093221009 0.00046737611410208
0.0535067394375801 0.0216676443815231 0.0282069854438305 0.0212051030248404 0.0146633107215166 0.0142576405778527 0.019513662904501 0.0128770051524043 0.0113201271742582 0.0111558949574828 0.0113240517675877 0.0126059642061591 0.0100556518882513 0.00972726102918386 0.00734334299340844 0.00764786498621106 0.00684928894042969 0.0065273642539978 0.00600409181788564 0.0045729479752481 0.00626002065837383 0.00612074602395296 0.00597467413172126 0.00448645604774356 0.00469229510053992 0.00569632044062018 0.0048825996927917 0.00554289249703288 0.00461149867624044 0.00439698388800025 0.00362446787767112 0.00218539894558489 0.0021864240989089 0.0021818857640028 0.00209369696676731 0.00138987659011036 0.00151515670586377 0.00149558752309531 0.00141106348019093 0.0014270506799221 0.00110978772863746 0.00110179965849966 0.000944896601140499 0.000879068684298545 0.000753342115785927 0.000708245497662574 0.000591346120927483 0.000624158710706979 0.000580461230129004 0.000520578527357429 0.000481582741485909
0.0521153248846531 0.0359359048306942 0.0325942225754261 0.0250782202929258 0.021467749029398 0.0167390629649162 0.013572109863162 0.0114853754639626 0.0117986146360636 0.0120867332443595 0.0122874584048986 0.0104432012885809 0.00969534832984209 0.00674029486253858 0.00844607688486576 0.00627471879124641 0.00559506611898541 0.00453478237614036 0.00540890824049711 0.00576722528785467 0.00499974982813001 0.00593104073777795 0.00517649855464697 0.00617032125592232 0.00470711011439562 0.00579384947195649 0.00497323134914041 0.00478850211948156 0.00457733869552612 0.0053550973534584 0.00362221105024219 0.00268980814144015 0.00220289290882647 0.00180291361175478 0.00148630142211914 0.00170708273071796 0.00143351964652538 0.00119194050785154 0.00125086004845798 0.00143021403346211 0.00102350779343396 0.00100217072758824 0.000934505427721888 0.000989509630016983 0.000807056785561144 0.000750134699046612 0.00067882938310504 0.00061189488042146 0.000528762873727828 0.000465208810055628 0.000597773760091513
0.0726320669054985 0.0391787476837635 0.0229243990033865 0.0220045559108257 0.0189706403762102 0.0149208139628172 0.012222177349031 0.0132622234523296 0.00928726047277451 0.00692678475752473 0.00836516823619604 0.00973986275494099 0.0107726156711578 0.00675232009962201 0.0069371466524899 0.00435361498966813 0.00543766748160124 0.00494467932730913 0.00521930493414402 0.00635447120293975 0.00475319661200047 0.00493190996348858 0.00521747022867203 0.00649077352136374 0.00486459396779537 0.00579652795568109 0.00422149617224932 0.00483129872009158 0.00412504328414798 0.00398977613076568 0.00375027558766305 0.00270055397413671 0.00183631258551031 0.00180642597842962 0.00150973768904805 0.00146449613384902 0.00141768634784967 0.00123148155398667 0.00141741533298045 0.00124249840155244 0.00126993737649173 0.000905096647329628 0.0010348716750741 0.000924907275475562 0.000803726667072624 0.000699480588082224 0.000621067360043526 0.000611267169006169 0.000697777431923896 0.000515367835760117 0.00052463443716988
0.0617587082087994 0.040915235877037 0.0248684119433165 0.0276521705091 0.0197924748063087 0.0193885043263435 0.0127080790698528 0.00874341186136007 0.00959240831434727 0.0078005651012063 0.00918079912662506 0.00955104921013117 0.00510405795648694 0.00774864200502634 0.00562700675800443 0.00604464765638113 0.00434669898822904 0.00394948245957494 0.00484990933910012 0.00440980168059468 0.00462217815220356 0.00571082532405853 0.00499288225546479 0.00634381920099258 0.00487393559888005 0.00590122863650322 0.00513514503836632 0.00579926418140531 0.00413247430697083 0.00336406822316349 0.00384293706156313 0.00309152435511351 0.00187505141366273 0.00153758865781128 0.00146087282337248 0.00141291040927172 0.0012094508856535 0.00119724194519222 0.00124008173588663 0.00111454376019537 0.00113181734923273 0.000959890021476895 0.000801322923507541 0.000905470689758658 0.000801661342848092 0.000828982214443386 0.000744021846912801 0.000638680590782315 0.000638925761450082 0.000639910576865077 0.000554362253751606
0.0638563111424446 0.0356224365532398 0.0250762887299061 0.0235086493194103 0.016489714384079 0.0172482188791037 0.0131476586684585 0.00876679923385382 0.0081222141161561 0.00645000953227282 0.00545171741396189 0.0046388334594667 0.00499805994331837 0.00481775822117925 0.00486237369477749 0.00492013618350029 0.00367251946590841 0.00278492900542915 0.00412283651530743 0.0037015990819782 0.00465073250234127 0.00420562969520688 0.00694352947175503 0.00620185909792781 0.00681895157322288 0.0051103993318975 0.00432410184293985 0.00498156202957034 0.00424926914274693 0.0034460830502212 0.00331561686471105 0.00312031339854002 0.00264062755741179 0.0015339181991294 0.00149144965689629 0.00122309755533934 0.00136729655787349 0.00121272495016456 0.00124938879162073 0.00117514049634337 0.000969590386375785 0.00100766553077847 0.00103117409162223 0.000897054211236537 0.000867665687110275 0.000830237928312272 0.000757890928070992 0.000784833915531635 0.00066205020993948 0.000668118707835674 0.000658498611301184
0.0730665028095245 0.0349848754703999 0.0260065756738186 0.0199576281011105 0.0163379050791264 0.0119036165997386 0.00930550042539835 0.00767812272533774 0.00674240663647652 0.00466755777597427 0.00452811364084482 0.00452787475660443 0.00561105785891414 0.0034825773909688 0.00410830555483699 0.00265130307525396 0.00314803957007825 0.0037823545280844 0.00276955869048834 0.00408907048404217 0.00376446847803891 0.00559069681912661 0.00523344660177827 0.00520846014842391 0.00574541743844748 0.00512938294559717 0.00611077854409814 0.0050905691459775 0.00364833790808916 0.00413296464830637 0.00330126937478781 0.00193560949992388 0.00161827239207923 0.00160420627798885 0.00125017296522856 0.00120743410661817 0.00139637873508036 0.00106042344123125 0.00109414616599679 0.00096622237470001 0.000886177527718246 0.000918041972909123 0.000898266502190381 0.000892393523827195 0.000791418948210776 0.000909276655875146 0.000807390082627535 0.000856653379742056 0.000737589958589524 0.000701913610100746 0.000595198886003345
0.0610080473124981 0.0422393791377544 0.0293233245611191 0.0200388208031654 0.0167668350040913 0.0115769086405635 0.00797225441783667 0.00752105982974172 0.00516570126637816 0.00557723734527826 0.00394593318924308 0.00455049984157085 0.00338471354916692 0.00337625108659267 0.00399621017277241 0.00361406360752881 0.00255874032154679 0.0030675542075187 0.00371741270646453 0.00333426613360643 0.00513115292415023 0.00460594752803445 0.00514917774125934 0.00543023273348808 0.00597813446074724 0.00518418196588755 0.0063354354351759 0.00437692133709788 0.00370831089094281 0.0042205355130136 0.00291853654198349 0.00199252483434975 0.00160959758795798 0.0013526106486097 0.00130220339633524 0.00107032188680023 0.000914930016733706 0.00107610097620636 0.00100018735975027 0.000866483722347766 0.00125244341325015 0.000967426225543022 0.000986696803011 0.00097164127510041 0.000835602171719074 0.000843327026814222 0.00104448653291911 0.000978111755102873 0.000808598357252777 0.000742553849704564 0.000628373411018401
0.0569385774433613 0.0340591147542 0.0295877903699875 0.0128976264968514 0.010964903049171 0.00915042869746685 0.0071205822750926 0.00676023960113525 0.00529363797977567 0.00362000823952258 0.00349918683059514 0.00359282060526311 0.00438924320042133 0.00376448431052268 0.00375302834436297 0.0026517971418798 0.00312297930940986 0.00301551725715399 0.00310140894725919 0.00287320371717215 0.00426631374284625 0.00451902998611331 0.00419349735602736 0.0047536795027554 0.00530876684933901 0.00587520794942975 0.00535146240144968 0.00360146653838456 0.00308889453299344 0.00311419274657965 0.0035142432898283 0.00281638628803194 0.00169044686481357 0.00140298088081181 0.00113214948214591 0.000977701623924077 0.000976206443738192 0.000869531999342144 0.000932524562813342 0.000965709972660989 0.00102120998781174 0.000910033704712987 0.00105956161860377 0.000921240425668657 0.000890476978383958 0.000901755702216178 0.00109819276258349 0.000957678246777505 0.000824521062895656 0.000669971865136176 0.000564862857572734
0.0418166257441044 0.0301620196551085 0.0252567902207375 0.0244750585407019 0.0123031046241522 0.0115867676213384 0.00926318392157555 0.00602018041536212 0.00403007306158543 0.00531590031459928 0.00533724948763847 0.00389385363087058 0.00406251102685928 0.00350591400638223 0.00333036575466394 0.00339364912360907 0.00331700872629881 0.00320811150595546 0.00238610617816448 0.00301493308506906 0.00437510898336768 0.00464936252683401 0.00586644513532519 0.0063621080480516 0.00615970836952329 0.00588412070646882 0.00569082098081708 0.0043468875810504 0.00417916709557176 0.00318681751377881 0.00313187250867486 0.00267885578796268 0.0013116312911734 0.00124235323164612 0.00104535277932882 0.00108803645707667 0.000954037474002689 0.000949133129324764 0.00101024284958839 0.000892462907359004 0.0011458033695817 0.00111089344136417 0.000993703841231763 0.000969727989286184 0.000861040782183409 0.000849259144160897 0.00101332133635879 0.000888998853042722 0.00077031779801473 0.000767705379985273 0.000624128384515643
0.0883099958300591 0.0452104732394218 0.0396244749426842 0.0329878367483616 0.0160801559686661 0.0104743782430887 0.00850736070424318 0.00776749663054943 0.00614800769835711 0.00502001587301493 0.00507280975580215 0.00521918246522546 0.0044432757422328 0.00517311040312052 0.00505297165364027 0.00308097759261727 0.00307308766059577 0.00307664461433887 0.00311433593742549 0.00453046290203929 0.00558586930856109 0.00500703137367964 0.00434913393110037 0.00645078253000975 0.0057189972139895 0.00610222993418574 0.0047997678630054 0.00428449781611562 0.00384646188467741 0.00355994282290339 0.00278183212503791 0.00269714021123946 0.00169341918081045 0.00135230249725282 0.0011176981497556 0.00100400624796748 0.00115953083150089 0.00102763308677822 0.000896429701242596 0.000758607173338532 0.000926701468415558 0.000875966681633145 0.000859467196278274 0.000870720541570336 0.000914977572392672 0.000865032023284584 0.00086214259499684 0.000799751142039895 0.000823286478407681 0.000685003120452166 0.000670753826852888
0.106150567531586 0.0897315070033073 0.0839344039559364 0.0673926845192909 0.0175244770944118 0.00985060352832079 0.00682684872299433 0.0075175235979259 0.00579417403787374 0.00560637237504125 0.00582344084978104 0.00493828067556024 0.00477525545284152 0.00474819587543607 0.00402705697342753 0.00400696136057377 0.00413747690618038 0.0030457794200629 0.00474707083776593 0.0041162921115756 0.00602744938805699 0.00739055359736085 0.00663529336452484 0.00794089026749134 0.0066321468912065 0.00693826097995043 0.0052791191264987 0.00499388761818409 0.00467089889571071 0.00427148537710309 0.0033895222004503 0.00194744335021824 0.00148169125895947 0.00121637899428606 0.000985529855825007 0.00101365626323968 0.00104974571149796 0.00109342951327562 0.000933232775423676 0.000805992633104324 0.00117328041233122 0.000887408212292939 0.00103513523936272 0.000936876924242824 0.00093778979498893 0.000876780424732715 0.000784732517786324 0.000706803344655782 0.00061579083558172 0.000697371084243059 0.000614947464782745
0.26546972990036 0.171338587999344 0.257374554872513 0.102634310722351 0.0315245911478996 0.0149484183639288 0.00990613084286451 0.00821000058203936 0.00767067214474082 0.00748315500095487 0.0058244876563549 0.00564689980819821 0.00542818428948522 0.00454841181635857 0.00454111164435744 0.00569568201899529 0.00390841718763113 0.00400226516649127 0.00472633121535182 0.00415366748347878 0.00627085939049721 0.00628540152683854 0.00880833435803652 0.0101994257420301 0.00977153331041336 0.0092554846778512 0.00647068023681641 0.00524089159443974 0.00488528329879045 0.00382608943618834 0.0034678413067013 0.00276031624525785 0.00147885491605848 0.00166048866230994 0.00138676294591278 0.00123469438403845 0.00106778170447797 0.000939541787374765 0.000817383988760412 0.000804183073341846 0.000994313159026206 0.00088417308870703 0.000881150073837489 0.000930581300053746 0.000795473286416382 0.000752121210098267 0.000824670365545899 0.00070441811112687 0.000719283649232239 0.0007041179924272 0.000594523909967393
0.278037190437317 0.299622476100922 0.280311197042465 0.153679013252258 0.071137823164463 0.0193074811249971 0.0208822228014469 0.0225637648254633 0.00960536673665047 0.00950413849204779 0.00910890102386475 0.00751809915527701 0.0102088795974851 0.00827938877046108 0.00694529665634036 0.00522456364706159 0.00517038907855749 0.00512754591181874 0.00544211780652404 0.00774299679324031 0.00672235712409019 0.00817474815994501 0.00924896169453859 0.00905744638293982 0.0108250100165606 0.0100479600951076 0.00606703571975231 0.00602544797584414 0.00434060534462333 0.00421562558040023 0.0040570511482656 0.00203874264843762 0.00178117339964956 0.00140754936728626 0.00123955274466425 0.00133464753162116 0.00115184800233692 0.000964103674050421 0.000836418359540403 0.00114958675112575 0.000983438803814352 0.000879418861586601 0.000891358416993171 0.000951056077610701 0.000676065392326564 0.000824529153760523 0.000816042360384017 0.000585978792514652 0.000712499546352774 0.000722746946848929 0.000604899425525218
0.323327600955963 0.254467993974686 0.365826338529587 0.184027537703514 0.16083450615406 0.0699212402105331 0.0633407011628151 0.0373672023415565 0.0372783131897449 0.0241066198796034 0.0125708971172571 0.0118384212255478 0.0110338889062405 0.00949401035904884 0.0101168667897582 0.00822384655475616 0.00741608301177621 0.00612990790978074 0.00615398120135069 0.0071632950566709 0.00847331900149584 0.00742781395092607 0.00782392453402281 0.00987359322607517 0.00995805393904448 0.00785374641418457 0.00792339723557234 0.00727066770195961 0.005695556756109 0.00449337437748909 0.00342635833658278 0.00199299189262092 0.00200915057212114 0.00152704992797226 0.001492865732871 0.00131098297424614 0.00118350726552308 0.000953068782109767 0.00115974131040275 0.00100370694417506 0.000991252949461341 0.000866388261783868 0.000894758093636483 0.000799475703388453 0.000799921690486372 0.000707935483660549 0.000702975550666451 0.000702975550666451 0.000630676106084138 0.000611959665548056 0.000505335279740393
