data/climate_estimation/maxent_output/Calochortus_leichtlinii.asc
NCOLS 55 
NROWS 78 
XLLCORNER -122.583333333333 
YLLCORNER 35.8333333333333 
CELLSIZE 0.0833333333333332 
NODATA_value -3.4e+38 
[rows 0 to 18 of 78, columns 0 to 42 of 55]
0.730850696563721 0.748996436595917 0.782292664051056 0.800321757793427 0.83409172296524 0.775475263595581 0.820663154125214 0.729217052459717 0.553814888000488 0.657601177692413 0.656213700771332 0.537277102470398 0.562947571277618 0.443181723356247 0.534195303916931 0.528850197792053 0.4802585542202 0.44888824224472 0.434537619352341 0.410821288824081 0.454445153474808 0.44977605342865 0.471949726343155 0.477330029010773 0.455750316381454 0.366682827472687 0.239789664745331 0.329530894756317 0.3994180560112 0.352171331644058 0.183363035321236 0.156044781208038 0.0723231211304665 0.0403139740228653 0.0982159823179245 0.0955405011773109 0.0697262212634087 0.0606107003986835 0.0728606730699539 0.0626150593161583 0.0446233041584492 0.0466308109462261 0.0343154706060886
0.717204511165619 0.776630163192749 0.795535087585449 0.765403270721436 0.821068167686462 0.820924460887909 0.713805675506592 0.70392519235611 0.628023207187653 0.534826159477234 0.604556262493134 0.565136194229126 0.467937856912613 0.408358216285706 0.404178649187088 0.462782710790634 0.490408569574356 0.426622748374939 0.431221544742584 0.458352446556091 0.463660538196564 0.478260189294815 0.442545175552368 0.481632053852081 0.420614063739777 0.3045374751091 0.268067419528961 0.403844475746155 0.350367605686188 0.231512174010277 0.177452743053436 0.174611940979958 0.0525610744953156 0.0415107570588589 0.0938852876424789 0.107048600912094 0.0628349110484123 0.0471545942127705 0.0587521754205227 0.0667157769203186 0.0438565500080585 0.0421197116374969 0.0414904914796352
0.570200800895691 0.766234934329987 0.701012432575226 0.743246495723724 0.742023587226868 0.80027562379837 0.678110063076019 0.705103993415833 0.549537599086761 0.539197385311127 0.55900239944458 0.594452321529388 0.477815866470337 0.398360162973404 0.461422592401505 0.379682123661041 0.352311551570892 0.458317369222641 0.438512444496155 0.471400558948517 0.454173505306244 0.460509479045868 0.488039672374725 0.463683009147644 0.367251038551331 0.287128776311874 0.246383056044579 0.396452605724335 0.404691904783249 0.306795209646225 0.216734513640404 0.144392475485802 0.0415009185671806 0.0415830835700035 0.104076340794563 0.0966931357979774 0.0544067732989788 0.0537104047834873 0.0647229105234146 0.063093513250351 0.0679266154766083 0.0524286292493343 0.051114447414875
0.746443212032318 0.736536502838135 0.638234615325928 0.68648886680603 0.665789186954498 0.669772028923035 0.741560697555542 0.763436198234558 0.584072113037109 0.549683272838593 0.51868063211441 0.452065914869308 0.349346965551376 0.319172710180283 0.368814468383789 0.547119319438934 0.322040230035782 0.401332199573517 0.423473507165909 0.443812727928162 0.497907340526581 0.492016553878784 0.468986809253693 0.481649607419968 0.356368392705917 0.295593917369843 0.283693850040436 0.352208346128464 0.440009653568268 0.369033187627792 0.23104240000248 0.147292867302895 0.107429593801498 0.0486157983541489 0.134050697088242 0.0823436602950096 0.0565371923148632 0.0719136372208595 0.0700386762619019 0.0594442710280418 0.0500401332974434 0.0438964329659939 0.0549586229026318
0.491968214511871 0.2931789457798 0.343786180019379 0.609982371330261 0.672429502010345 0.751525104045868 0.669134914875031 0.598914086818695 0.587169706821442 0.520380854606628 0.465774655342102 0.39345920085907 0.306253671646118 0.265395730733871 0.274769067764282 0.342016041278839 0.369965851306915 0.365430146455765 0.401404172182083 0.43282613158226 0.461841732263565 0.492820084095001 0.487273007631302 0.460636883974075 0.447038739919662 0.293243080377579 0.280731230974197 0.368589907884598 0.45848673582077 0.417013794183731 0.231288522481918 0.188606649637222 0.210955664515495 0.101176626980305 0.12412291765213 0.0907585024833679 0.0543502494692802 0.0817768126726151 0.0860927402973175 0.0675943717360497 0.0421938337385654 0.0401006229221821 0.0406925790011883
0.271442294120789 0.215623378753662 0.5275057554245 0.778962254524231 0.762226104736328 0.677752792835236 0.630733370780945 0.561538219451904 0.645021557807922 0.529978811740875 0.441871225833893 0.392294764518738 0.312775015830994 0.277070879936218 0.269809246063232 0.306870937347412 0.367622941732407 0.350234746932983 0.370793789625168 0.37790459394455 0.444082617759705 0.421541750431061 0.413779407739639 0.411761403083801 0.374736428260803 0.286402106285095 0.297769457101822 0.381752163171768 0.43346843123436 0.243377551436424 0.220082491636276 0.213480263948441 0.227278798818588 0.167987361550331 0.121815696358681 0.111497357487679 0.0821414440870285 0.0671364068984985 0.108224488794804 0.0630933493375778 0.0465165562927723 0.0371340624988079 0.0210810899734497
0.293827414512634 0.198729902505875 0.46234855055809 0.734328746795654 0.74988067150116 0.736848056316376 0.606510698795319 0.589875996112823 0.672378480434418 0.53436416387558 0.504932999610901 0.402039736509323 0.344516426324844 0.302886545658112 0.291685938835144 0.31024694442749 0.358025997877121 0.356472849845886 0.379598915576935 0.415099740028381 0.440229773521423 0.409104347229004 0.391835600137711 0.384314447641373 0.350131392478943 0.299429029226303 0.306966155767441 0.44089075922966 0.354069650173187 0.182476624846458 0.201533153653145 0.272358387708664 0.180183589458466 0.140017226338387 0.0989567339420319 0.111246451735497 0.0852998048067093 0.0728733167052269 0.065096028149128 0.0654309019446373 0.0517260767519474 0.0309396646916866 0.0229682512581348
0.111031301319599 0.160906925797462 0.238114282488823 0.671259582042694 0.742237687110901 0.740269005298615 0.691162049770355 0.657467484474182 0.660407304763794 0.62528270483017 0.613007009029388 0.586880385875702 0.496274352073669 0.35456058382988 0.342242419719696 0.347360581159592 0.332359850406647 0.386945158243179 0.406907349824905 0.447840481996536 0.424260050058365 0.419629722833633 0.379973322153091 0.34755402803421 0.33367708325386 0.290476202964783 0.280089378356934 0.49385592341423 0.264082431793213 0.133084625005722 0.210981070995331 0.247290432453156 0.17538620531559 0.123148694634438 0.146117717027664 0.103207610547543 0.0786764025688171 0.0753255262970924 0.0647578164935112 0.0634008795022964 0.0535153709352016 0.0418797917664051 0.0401298440992832
0.177875369787216 0.137876406311989 0.201285764575005 0.633812844753265 0.763022303581238 0.745529294013977 0.717706859111786 0.709736585617065 0.692424893379211 0.717672824859619 0.695618033409119 0.677486658096313 0.664945542812347 0.579724252223969 0.403899043798447 0.408321112394333 0.383271425962448 0.415233850479126 0.472487390041351 0.484520524740219 0.422398209571838 0.389044284820557 0.386976599693298 0.323139309883118 0.311825752258301 0.26642718911171 0.296387791633606 0.470072835683823 0.236097425222397 0.118203595280647 0.173071205615997 0.230516463518143 0.169896915555 0.140077263116837 0.116333365440369 0.0747039616107941 0.0796151533722878 0.0732647329568863 0.0669035166501999 0.0623617172241211 0.0478443652391434 0.0329720489680767 0.0514678508043289
0.231380060315132 0.157885059714317 0.245020791888237 0.585575103759766 0.729523122310638 0.697764754295349 0.772440433502197 0.730911314487457 0.728152275085449 0.731845021247864 0.718176007270813 0.720956206321716 0.702672898769379 0.637226045131683 0.486325234174728 0.456156045198441 0.421275079250336 0.453223884105682 0.489243596792221 0.475965946912766 0.399015009403229 0.350202232599258 0.36570617556572 0.313931345939636 0.23212194442749 0.188802123069763 0.295309364795685 0.471011340618134 0.264975517988205 0.0911907777190208 0.0825511813163757 0.218190550804138 0.196445390582085 0.116326078772545 0.0994556397199631 0.102795891463757 0.0866207480430603 0.0688360556960106 0.0394131876528263 0.0408904813230038 0.0529410876333714 0.0427127704024315 0.0336685590445995
0.691752135753632 0.383908629417419 0.490428417921066 0.731923818588257 0.690332174301147 0.695905923843384 0.738415956497192 0.738394975662231 0.758837282657623 0.729925572872162 0.693990290164948 0.669329166412354 0.627386868000031 0.588594913482666 0.526504933834076 0.514657020568848 0.504499077796936 0.534983217716217 0.469959169626236 0.445093035697937 0.400358378887177 0.323839098215103 0.267702549695969 0.198903679847717 0.15636482834816 0.185159966349602 0.289101541042328 0.435328036546707 0.379306793212891 0.0809416919946671 0.0668024197220802 0.17440827190876 0.186357647180557 0.104383401572704 0.100647531449795 0.110486842691898 0.0756896808743477 0.0449509657919407 0.0371286869049072 0.0404658243060112 0.0338853411376476 0.0207903552800417 0.0362460426986217
0.632603764533997 0.703187704086304 0.617157757282257 0.723977029323578 0.652609050273895 0.700055241584778 0.736620843410492 0.703682839870453 0.774025440216064 0.753397583961487 0.724347651004791 0.671682417392731 0.64198637008667 0.606222093105316 0.556657433509827 0.517718195915222 0.520667731761932 0.536266803741455 0.509488105773926 0.491640388965607 0.512147665023804 0.412280559539795 0.268921464681625 0.260442644357681 0.171484902501106 0.217802971601486 0.334920167922974 0.450936079025269 0.463708132505417 0.134156048297882 0.0630225613713264 0.193318799138069 0.165645569562912 0.128265127539635 0.109186120331287 0.0765507370233536 0.0699254125356674 0.0460842028260231 0.0398733988404274 0.0427404977381229 0.00815811287611723 0.0222963523119688 0.0330694131553173
0.644331216812134 0.653229653835297 0.609966337680817 0.585034668445587 0.717158794403076 0.64670193195343 0.610732316970825 0.629243135452271 0.700172662734985 0.729414284229279 0.718160033226013 0.655911803245544 0.643800795078278 0.662060558795929 0.637091457843781 0.535281777381897 0.542093396186829 0.497761726379395 0.578028976917267 0.524347424507141 0.524323165416718 0.539879500865936 0.416252911090851 0.34798601269722 0.186201483011246 0.215838193893433 0.35145702958107 0.410374611616135 0.464928865432739 0.21832649409771 0.0592191591858864 0.19228008389473 0.229064285755157 0.162524104118347 0.0819550529122353 0.0792061015963554 0.0760142654180527 0.0538732334971428 0.0403650961816311 0.0183029603213072 0.00741749489679933 0.0134628629311919 0.0436749793589115
0.664304554462433 0.688829779624939 0.680420100688934 0.444831907749176 0.535720229148865 0.347021549940109 0.49413326382637 0.708882808685303 0.767723739147186 0.740912199020386 0.712771654129028 0.672864139080048 0.54762864112854 0.509339690208435 0.610185742378235 0.643237948417664 0.572351574897766 0.496978789567947 0.474416822195053 0.435504913330078 0.393917709589005 0.5460524559021 0.523473262786865 0.444550395011902 0.257668226957321 0.226954340934753 0.249232321977615 0.322506606578827 0.464736193418503 0.397583067417145 0.0748410746455193 0.123201444745064 0.155932933092117 0.0813110917806625 0.10227045416832 0.074371799826622 0.0425854362547398 0.0361500754952431 0.0417380891740322 0.0268390756100416 0.0286109261214733 0.00317722884938121 0.00577192148193717
0.652903735637665 0.67459499835968 0.451087862253189 0.403699219226837 0.48656091094017 0.410348981618881 0.618831038475037 0.660747289657593 0.625132977962494 0.735446929931641 0.750353217124939 0.664428055286407 0.437636733055115 0.421242654323578 0.363577604293823 0.640900015830994 0.560837090015411 0.504250824451447 0.49926084280014 0.484012991189957 0.451310902833939 0.454140186309814 0.468058407306671 0.42602401971817 0.444670349359512 0.389914900064468 0.249007269740105 0.333336859941483 0.441675394773483 0.394143551588058 0.157775089144707 0.113427422940731 0.0650038048624992 0.0898515209555626 0.107219003140926 0.0596275590360165 0.0526575110852718 0.0744113400578499 0.0423344299197197 0.0452109128236771 0.0359515473246574 0.00222309795208275 0.00206967815756798
0.664136469364166 0.64068329334259 0.104703560471535 0.413482308387756 0.208198606967926 0.4967280626297 0.395668685436249 0.140779137611389 0.309010475873947 0.740156769752502 0.601370632648468 0.429383665323257 0.543591499328613 0.392093420028687 0.319587141275406 0.383053570985794 0.586230278015137 0.544497311115265 0.586485922336578 0.56841254234314 0.503263592720032 0.540743410587311 0.394719898700714 0.371961534023285 0.307773411273956 0.281088143587112 0.324496150016785 0.289512932300568 0.263017207384109 0.248149484395981 0.129011005163193 0.0825618430972099 0.0415242686867714 0.0538783296942711 0.051976602524519 0.059718169271946 0.0909909382462502 0.0595987364649773 0.0271622017025948 0.0186223145574331 0.0283803753554821 0.00243209488689899 0.00174064852762967
0.574683010578156 0.0649898499250412 0.0605217032134533 0.22854483127594 0.0877092331647873 0.166290864348412 0.173763111233711 0.197191879153252 0.479915827512741 0.676361739635468 0.649246335029602 0.479828953742981 0.321339011192322 0.489632576704025 0.449943631887436 0.483353137969971 0.564686179161072 0.652308404445648 0.628935277462006 0.570056855678558 0.586570382118225 0.528588533401489 0.495377451181412 0.389334440231323 0.230349108576775 0.318559139966965 0.38404780626297 0.204562723636627 0.149698033928871 0.175606682896614 0.188757061958313 0.101626835763454 0.0729527622461319 0.034108392894268 0.0308407787233591 0.0525778234004974 0.0686307922005653 0.0427842400968075 0.00596606079488993 0.00482493545860052 0.0067730057053268 0.00173883989918977 0.00139449944254011
0.42863517999649 0.0877247974276543 0.0159005392342806 0.0369249023497105 0.0699063986539841 0.053980715572834 0.0848186910152435 0.0968233570456505 0.608218669891357 0.731131136417389 0.705175220966339 0.655569434165955 0.50607168674469 0.609861075878143 0.695718288421631 0.711819708347321 0.703097820281982 0.625798165798187 0.554603397846222 0.579354166984558 0.566801905632019 0.522480845451355 0.408378511667252 0.318932384252548 0.210448578000069 0.159607291221619 0.15718387067318 0.120082817971706 0.119446955621243 0.123590864241123 0.16352342069149 0.163928657770157 0.11570480465889 0.0503130853176117 0.0703810676932335 0.0525300316512585 0.0280983075499535 0.0535006299614906 0.00747374165803194 0.00307182548567653 0.00218908279202878 0.0014899232191965 0.0012264612596482
0.227498590946198 0.0863191932439804 0.00929826591163874 0.0142306247726083 0.0278259087353945 0.022817499935627 0.0409555993974209 0.0938200876116753 0.596181750297546 0.753379881381989 0.746153950691223 0.749275863170624 0.701595664024353 0.542735695838928 0.720314025878906 0.73978990316391 0.724781095981598 0.721151232719421 0.677624523639679 0.659827470779419 0.665471851825714 0.575769603252411 0.440917283296585 0.459589421749115 0.318716138601303 0.278915286064148 0.163464576005936 0.162030681967735 0.184592053294182 0.165704771876335 0.11804998666048 0.107365190982819 0.0708718001842499 0.0503663942217827 0.0738892927765846 0.0532676093280315 0.0129196532070637 0.0531755313277245 0.0269591826945543 0.00366924819536507 0.00213976320810616 0.0018258752534166 0.00204319367185235
