data/climate_estimation/maxent_output/Calochortus_excavatus.asc
NCOLS 118 
NROWS 56 
XLLCORNER -119.416666666667 
YLLCORNER 33.6666666666667 
CELLSIZE 0.0833333333333333 
NODATA_value -3.4e+38 
[rows 19 to 37 of 56, columns 43 to 85 of 118]
0.309593707323074 0.143670544028282 0.154512092471123 0.172296836972237 0.111846201121807 0.185936406254768 0.196527138352394 0.280511558055878 0.28403028845787 0.153278276324272 0.0413703396916389 0.0367462337017059 0.0111659010872245 0.00730145443230867 0.00660222116857767 0.00634461548179388 0.0122400997206569 0.0108312536031008 0.00543740205466747 0.00752683961763978 0.027807205915451 0.0351648069918156 0.0444392748177052 0.0539704188704491 0.0504397749900818 0.0469085276126862 0.0525064766407013 0.0483049005270004 0.0426095016300678 0.0375062711536884 0.0370093211531639 0.0458745695650578 0.0417061969637871 0.0482174083590508 0.0401750691235065 0.0452129617333412 0.0334733799099922 0.0351362377405167 0.0376781336963177 0.0468665026128292 0.05666284263134 0.0756826922297478 0.117579489946365
0.223571330308914 0.124598868191242 0.143729448318481 0.137876346707344 0.0953397378325462 0.198041617870331 0.285172373056412 0.287268757820129 0.245616853237152 0.154313072562218 0.0527657866477966 0.0599886029958725 0.0150999901816249 0.0100099863484502 0.00931584183126688 0.0100782634690404 0.00812448188662529 0.00924794003367424 0.00675339018926024 0.0468071438372135 0.0755315870046616 0.0817754939198494 0.0644741952419281 0.0613151974976063 0.0546137355268002 0.0570687800645828 0.0621801055967808 0.0554561018943787 0.0562698096036911 0.0542423464357853 0.0563121326267719 0.0613377690315247 0.058939203619957 0.0432451106607914 0.0354205742478371 0.0380170531570911 0.0433387942612171 0.0390509366989136 0.0361976325511932 0.0541472621262074 0.0676596611738205 0.0882661938667297 0.127421393990517
0.300009608268738 0.202121943235397 0.149602502584457 0.134236946702003 0.115785598754883 0.150401249527931 0.308022379875183 0.340508878231049 0.245627924799919 0.176269516348839 0.0401402041316032 0.017865639179945 0.0132728880271316 0.011216688901186 0.0168368648737669 0.0143975643441081 0.00151193491183221 0.00831622164696455 0.0117386635392904 0.0313864313066006 0.0698779970407486 0.0647115707397461 0.0551315322518349 0.0450191423296928 0.0511119700968266 0.0626892149448395 0.0831671804189682 0.080664150416851 0.0848654061555862 0.068135529756546 0.0771175250411034 0.0656543001532555 0.0535965003073215 0.0516186244785786 0.0534403473138809 0.045250229537487 0.043062649667263 0.0406837314367294 0.0279464181512594 0.0459532737731934 0.0808035358786583 0.127401649951935 0.134639024734497
0.410560101270676 0.384073466062546 0.315745562314987 0.181007608771324 0.11641950160265 0.100384883582592 0.152727022767067 0.213744729757309 0.243687853217125 0.141575574874878 0.0180578399449587 0.0138224558904767 0.0131625812500715 0.0222349800169468 0.0187999755144119 0.0177745949476957 0.0134821850806475 0.00135556061286479 0.00998230464756489 0.0198768321424723 0.0573988743126392 0.0509134232997894 0.0444598868489265 0.0372109226882458 0.0647198408842087 0.112333707511425 0.0847773030400276 0.0873294696211815 0.0812798589468002 0.0652961954474449 0.0752481445670128 0.080511674284935 0.0683982148766518 0.060405146330595 0.0598948895931244 0.0578622706234455 0.0506071038544178 0.0531316660344601 0.0293381605297327 0.0445402562618256 0.0714253932237625 0.128049373626709 0.16792269051075
0.478017181158066 0.437300354242325 0.485225468873978 0.425503790378571 0.224405035376549 0.0825608149170876 0.0205332431942225 0.131455346941948 0.152341857552528 0.0912767872214317 0.0220143757760525 0.0210826266556978 0.0200858972966671 0.0570924654603004 0.0760418996214867 0.0178374592214823 0.0105249173939228 0.00166437635198236 0.00993506237864494 0.067643977701664 0.0602563805878162 0.0158779583871365 0.0131037523970008 0.0524135157465935 0.0669332072138786 0.101838603615761 0.0991798564791679 0.107367806136608 0.0841025188565254 0.0708771497011185 0.070794902741909 0.0961948484182358 0.0822286084294319 0.0655762329697609 0.0624495781958103 0.0579522661864758 0.0660187676548958 0.0418896786868572 0.0347249284386635 0.0369518361985683 0.0408631004393101 0.0844433158636093 0.152004927396774
0.495869934558868 0.328194677829742 0.445855349302292 0.433781713247299 0.289827615022659 0.134562358260155 0.0195731148123741 0.0195194091647863 0.0139272259548306 0.0030363539699465 0.0197046771645546 0.0261383447796106 0.0210922546684742 0.0946180522441864 0.0188011806458235 0.0137679167091846 0.00249598058871925 0.00238929153420031 0.0271934848278761 0.0901544392108917 0.108421124517918 0.0110765499994159 0.010441605001688 0.0459707714617252 0.110037945210934 0.094898909330368 0.0847999975085258 0.102598361670971 0.0860705599188805 0.0813277065753937 0.0601332373917103 0.06663978099823 0.0643483474850655 0.0530943796038628 0.0556623712182045 0.037616703659296 0.0455254167318344 0.0371883437037468 0.0606468580663204 0.055855356156826 0.0588350854814053 0.0719457417726517 0.0768174007534981
0.469604849815369 0.493053883314133 0.447046220302582 0.420645177364349 0.314411818981171 0.191339746117592 0.0245417058467865 0.0247765742242336 0.00202389364130795 0.00422859331592917 0.0029860942158848 0.003008694620803 0.00362990936264396 0.00272635417059064 0.0261594895273447 0.0282692890614271 0.00238031102344394 0.00273874518461525 0.019524110481143 0.113815106451511 0.0954774394631386 0.0172666143625975 0.0155867412686348 0.0583294816315174 0.0920880511403084 0.117059469223022 0.126691028475761 0.106711104512215 0.0832756906747818 0.0684618353843689 0.0551248863339424 0.0699120312929153 0.0622956044971943 0.0533763468265533 0.0536240860819817 0.0450238436460495 0.069328784942627 0.0443797633051872 0.0661880671977997 0.0753993093967438 0.0563837140798569 0.0563338287174702 0.0425204932689667
0.272983521223068 0.395119518041611 0.47370171546936 0.405438005924225 0.291332691907883 0.113079898059368 0.0216653142124414 0.0176825951784849 0.00255552213639021 0.00215888023376465 0.00295325787737966 0.00190766516607255 0.00279614143073559 0.00198729382827878 0.00222713779658079 0.00240579922683537 0.00123266037553549 0.00144503370393068 0.0184817127883434 0.0776356905698776 0.001521933125332 0.0193105340003967 0.00140683294739574 0.102254875004292 0.123002722859383 0.125745579600334 0.11722432076931 0.123286612331867 0.0964703783392906 0.0602245926856995 0.0579251870512962 0.0569936633110046 0.0703282281756401 0.0863030552864075 0.0656988918781281 0.0753908380866051 0.0895720049738884 0.0824253782629967 0.0515426434576511 0.0805716887116432 0.0950993448495865 0.0906473100185394 0.054554458707571
0.0629158690571785 0.262318283319473 0.3541619181633 0.396917581558228 0.332469195127487 0.184286519885063 0.0374179854989052 0.0246901977807283 0.00271815503947437 0.00223234249278903 0.00267406832426786 0.031214602291584 0.00239013787358999 0.0035266459453851 0.102385483682156 0.00369987008161843 0.00228267582133412 0.00181373173836619 0.00222599087283015 0.00189831061288714 0.00334984390065074 0.0308821126818657 0.12964916229248 0.124269314110279 0.137329667806625 0.112066812813282 0.111228428781033 0.101345650851727 0.116974167525768 0.0570752508938313 0.0681373253464699 0.0843679010868073 0.102776110172272 0.127316519618034 0.100443191826344 0.0958152115345001 0.0865479484200478 0.0854003801941872 0.0976680368185043 0.0892753452062607 0.0951691195368767 0.0821696296334267 0.101442247629166
0.0613504871726036 0.0631135851144791 0.274480760097504 0.379021018743515 0.403057128190994 0.158989146351814 0.0494781509041786 0.0429510399699211 0.0396134071052074 0.062487468123436 0.0299467220902443 0.00559622840955853 0.00507122837007046 0.00216578785330057 0.0486649796366692 0.0366836674511433 0.00394573854282498 0.0290826875716448 0.0194614566862583 0.0357136987149715 0.0296641290187836 0.0935078039765358 0.179371744394302 0.193382889032364 0.097357302904129 0.104091942310333 0.116686299443245 0.126976147294044 0.123889908194542 0.090570829808712 0.0586555562913418 0.10480785369873 0.130410775542259 0.126953035593033 0.117287345230579 0.0932701677083969 0.0958855748176575 0.0985859632492065 0.104421503841877 0.108161963522434 0.0937184318900108 0.107077620923519 0.102890320122242
0.116021327674389 0.0680084377527237 0.0696336328983307 0.332978814840317 0.279114216566086 0.276272267103195 0.172814384102821 0.054736815392971 0.0540054440498352 0.0410451740026474 0.00249764858745039 0.00646459544077516 0.0055964826606214 0.00395791046321392 0.00263152597472072 0.00427814433351159 0.00623348820954561 0.0405769720673561 0.177660435438156 0.0309714768081903 0.111106283962727 0.157231345772743 0.172510474920273 0.148980885744095 0.185161650180817 0.135075911879539 0.145592540502548 0.0936591178178787 0.109657995402813 0.104082249104977 0.0626567155122757 0.157382860779762 0.160656899213791 0.147917553782463 0.13878758251667 0.134553954005241 0.125917851924896 0.105522572994232 0.104894511401653 0.115999236702919 0.0985904932022095 0.0882024839520454 0.091678611934185
0.105473786592484 0.0450767762959003 0.0348690114915371 0.0757824182510376 0.275590538978577 0.0635762587189674 0.059695191681385 0.0490209646522999 0.043520100414753 0.00733856344595551 0.00674864556640387 0.06135194003582 0.0417097136378288 0.00217628898099065 0.00533296028152108 0.00492449523881078 0.0308227874338627 0.0740977376699448 0.207634627819061 0.166615933179855 0.0422947891056538 0.18879446387291 0.212036475539207 0.157893434166908 0.148468017578125 0.165411069989204 0.121003657579422 0.0981249213218689 0.0944299399852753 0.0758765786886215 0.10771381855011 0.136166974902153 0.173869878053665 0.196493804454803 0.157897472381592 0.142321974039078 0.132400497794151 0.155628174543381 0.130400940775871 0.0976925790309906 0.101510517299175 0.108136080205441 0.119581073522568
0.102950096130371 0.30225270986557 0.0784600079059601 0.0752258226275444 0.246027246117592 0.0489991493523121 0.0678963586688042 0.211186930537224 0.0582110732793808 0.0068603209219873 0.00617214431986213 0.188677459955215 0.00440969318151474 0.000299193110549822 0.00527414353564382 0.0467121712863445 0.00547022372484207 0.0559666678309441 0.216261804103851 0.146124765276909 0.0616207271814346 0.0556353703141212 0.190605565905571 0.224333554506302 0.168919041752815 0.199622422456741 0.153200551867485 0.13676942884922 0.143218100070953 0.104140490293503 0.13862831890583 0.145780742168427 0.189310908317566 0.175635412335396 0.15745010972023 0.169133841991425 0.168470799922943 0.159546673297882 0.130097702145576 0.106792196631432 0.116058193147182 0.117954090237617 0.12353141605854
0.111908428370953 0.113651663064957 0.299467861652374 0.276313006877899 0.0648518055677414 0.0591127201914787 0.190541103482246 0.334664791822433 0.300859987735748 0.28589141368866 0.0649349018931389 0.090172104537487 0.0510733276605606 0.000357034965418279 0.00301482388749719 0.077964186668396 0.0613104961812496 0.0616918355226517 0.26446858048439 0.242904156446457 0.070603109896183 0.0612775683403015 0.0496122464537621 0.260728538036346 0.207770362496376 0.222978472709656 0.184951975941658 0.194284960627556 0.180691838264465 0.153927743434906 0.152288153767586 0.156587079167366 0.18546649813652 0.214039698243141 0.240889742970467 0.193716555833817 0.198887094855309 0.225107327103615 0.181983143091202 0.169263184070587 0.124951139092445 0.159400507807732 0.116305664181709
0.108020551502705 0.124110139906406 0.402164429426193 0.307729989290237 0.0596859790384769 0.00657509081065655 0.0652506351470947 0.31039372086525 0.364703565835953 0.308889359235764 0.110828272998333 0.0864662006497383 0.00556158181279898 0.00034608697751537 0.000590562587603927 0.0705985948443413 0.0894022807478905 0.0650329068303108 0.0824780538678169 0.311085730791092 0.114081613719463 0.0694233030080795 0.0747748240828514 0.0666913688182831 0.194276437163353 0.21943436563015 0.203891307115555 0.167220175266266 0.165970057249069 0.177079364657402 0.156043514609337 0.190315678715706 0.194672703742981 0.198612436652184 0.216876357793808 0.249896198511124 0.224902123212814 0.214402318000793 0.179439872503281 0.192051246762276 0.176374569535255 0.153630062937737 0.135743409395218
0.113374136388302 0.108601033687592 0.282745718955994 0.311908185482025 0.318046420812607 0.00846615061163902 0.076670803129673 0.266775876283646 0.309675544500351 0.252849787473679 0.0880824327468872 0.0804316699504852 0.0067698871716857 0.000343786727171391 0.000563150737434626 0.00941863283514977 0.0871378183364868 0.0958194360136986 0.110634602606297 0.300040274858475 0.335196167230606 0.111239545047283 0.0726267546415329 0.0977788344025612 0.0896001085639 0.207176327705383 0.227290108799934 0.168818697333336 0.204951301217079 0.186618074774742 0.234021067619324 0.220793023705482 0.211665630340576 0.180392906069756 0.244241088628769 0.259267926216125 0.25918236374855 0.263692945241928 0.207180947065353 0.207044199109077 0.159427419304848 0.19226062297821 0.1587123721838
0.120238281786442 0.352651238441467 0.299526900053024 0.351089805364609 0.281145215034485 0.080812893807888 0.0676757618784904 0.328762531280518 0.34293407201767 0.355416864156723 0.073680080473423 0.075526550412178 0.00875381100922823 0.00638202531263232 0.000292766169877723 0.00621803849935532 0.0840356051921844 0.0871667638421059 0.136389255523682 0.126594558358192 0.341370046138763 0.124381564557552 0.181689411401749 0.125479072332382 0.309050887823105 0.269672632217407 0.21316884458065 0.191593393683434 0.198470592498779 0.220322743058205 0.224987804889679 0.201230883598328 0.238756626844406 0.200051620602608 0.206519827246666 0.218989118933678 0.237976223230362 0.245749473571777 0.215279415249825 0.202408581972122 0.197552442550659 0.185913950204849 0.172552406787872
0.118187591433525 0.34820345044136 0.350434362888336 0.405436158180237 0.271975964307785 0.287205696105957 0.302407741546631 0.340167462825775 0.29467037320137 0.2955322265625 0.00798207335174084 0.0100004961714149 0.0898084864020348 0.086438961327076 0.000821623718366027 0.000548180774785578 0.00911218021064997 0.27682501077652 0.108638778328896 0.117593199014664 0.319497436285019 0.144619196653366 0.0378889366984367 0.186633393168449 0.284300476312637 0.24948725104332 0.254887998104095 0.190773606300354 0.202096998691559 0.226963564753532 0.214547961950302 0.221700757741928 0.24429427087307 0.23856757581234 0.219016224145889 0.27233362197876 0.303219467401505 0.256504118442535 0.22815103828907 0.222272142767906 0.197775349020958 0.20419853925705 0.192610427737236
0.0145785352215171 0.121883481740952 0.309910714626312 0.267055571079254 0.296273648738861 0.330294817686081 0.327846348285675 0.291234344244003 0.248583093285561 0.10929848998785 0.0116345640271902 0.00857118330895901 0.0738617330789566 0.059907041490078 0.000812280806712806 0.000516336585860699 0.00876836851239204 0.102275066077709 0.0115851946175098 0.0163783840835094 0.106198757886887 0.149887353181839 0.179262578487396 0.324796497821808 0.313203394412994 0.280543088912964 0.237760499119759 0.231710866093636 0.172171056270599 0.172108516097069 0.210175141692162 0.196907728910446 0.221954494714737 0.265945851802826 0.225631132721901 0.249636635184288 0.218724176287651 0.245208069682121 0.247513383626938 0.247625917196274 0.188379213213921 0.191554322838783 0.198778286576271
