data/climate_estimation/maxent_output/Calochortus_eurycarpus.asc
NCOLS 144 
NROWS 74 
XLLCORNER -120.833333333333 
YLLCORNER 40.5 
CELLSIZE 0.0833333333333333 
NODATA_value -3.4e+38 
[rows 40 to 59 of 74, columns 0 to 43 of 144]
0.166585832834244 0.179474025964737 0.152125671505928 0.149548381567001 0.179990574717522 0.179955273866653 0.230744391679764 0.347685486078262 0.280205637216568 0.280893057584763 0.501233339309692 0.535242021083832 0.278498202562332 0.246561363339424 0.233317285776138 0.186845600605011 0.174550637602806 0.166896015405655 0.176328390836716 0.176015272736549 0.18204228579998 0.152003303170204 0.156584456562996 0.147961810231209 0.151203751564026 0.159877613186836 0.156093612313271 0.258396714925766 0.303765058517456 0.237121373414993 0.23006272315979 0.326156884431839 0.486731857061386 0.638553023338318 0.293029993772507 0.187094867229462 0.233312875032425 0.574057400226593 0.351837933063507 0.225155115127563 0.047050666064024 0.0928814858198166 0.183222517371178 0.565446317195892
0.184539124369621 0.190696492791176 0.234357893466949 0.243976444005966 0.169707208871841 0.171315729618073 0.196729689836502 0.22393099963665 0.237418562173843 0.193961322307587 0.22104012966156 0.32429975271225 0.327659994363785 0.222010642290115 0.272190809249878 0.303895324468613 0.207008793950081 0.213286489248276 0.209656089544296 0.177974253892899 0.137649610638618 0.143665641546249 0.153668761253357 0.142088234424591 0.150627121329308 0.157502487301826 0.172622308135033 0.16419230401516 0.156258419156075 0.172984525561333 0.173527032136917 0.457900583744049 0.517853379249573 0.217047140002251 0.141827806830406 0.130658999085426 0.175712555646896 0.168120831251144 0.106331951916218 0.100556924939156 0.197080701589584 0.335636585950851 0.663416028022766 0.693857610225677
0.336617350578308 0.489952623844147 0.588256895542145 0.461338400840759 0.245195388793945 0.247837051749229 0.216930106282234 0.218182638287544 0.234035089612007 0.178075328469276 0.158432945609093 0.334203660488129 0.307817757129669 0.212633058428764 0.279407322406769 0.307970732450485 0.270210593938828 0.301028490066528 0.305803894996643 0.301532804965973 0.206789970397949 0.143988326191902 0.166423618793488 0.126844748854637 0.138448312878609 0.143825218081474 0.148695111274719 0.241618528962135 0.269228279590607 0.287719547748566 0.310120314359665 0.401818752288818 0.217867255210876 0.127536952495575 0.137176916003227 0.134565278887749 0.118230022490025 0.0999699085950851 0.123553767800331 0.22469100356102 0.234615489840508 0.233602270483971 0.291945219039917 0.309360951185226
0.577978193759918 0.366673320531845 0.285957962274551 0.433765441179276 0.39128902554512 0.403450697660446 0.252029955387115 0.167490124702454 0.176842406392097 0.164087563753128 0.165059477090836 0.324311703443527 0.204901799559593 0.210477933287621 0.379074394702911 0.274129211902618 0.298078626394272 0.310965329408646 0.308202177286148 0.335014522075653 0.346460580825806 0.243428260087967 0.28334641456604 0.154503494501114 0.121511787176132 0.143870159983635 0.221532210707664 0.282196551561356 0.65611207485199 0.526383280754089 0.300146520137787 0.138275384902954 0.134169220924377 0.140914499759674 0.127868011593819 0.119743131101131 0.0908729881048203 0.0614385679364204 0.112874701619148 0.174281939864159 0.203909248113632 0.198616027832031 0.217389926314354 0.317146629095078
0.557959079742432 0.203021094202995 0.215379774570465 0.473505079746246 0.464003384113312 0.394038051366806 0.244426250457764 0.185080140829086 0.16080766916275 0.123260989785194 0.440948009490967 0.307675331830978 0.269754648208618 0.319911330938339 0.351262748241425 0.278356552124023 0.316998720169067 0.313220679759979 0.296645671129227 0.291044026613235 0.298397153615952 0.268207848072052 0.323882967233658 0.15315568447113 0.143273219466209 0.184666186571121 0.261625617742538 0.51979786157608 0.774177312850952 0.70812714099884 0.142341241240501 0.221459612250328 0.371683686971664 0.162987440824509 0.121391527354717 0.107923254370689 0.074903666973114 0.0717981308698654 0.102814957499504 0.112548299133778 0.167633265256882 0.181496158242226 0.17955581843853 0.191717386245728
0.289046704769135 0.213726654648781 0.202990591526031 0.458164751529694 0.335157722234726 0.322055101394653 0.259241580963135 0.238264858722687 0.204553350806236 0.153902411460876 0.298484057188034 0.29880702495575 0.321941196918488 0.319958388805389 0.216900244355202 0.169579416513443 0.274881154298782 0.247735813260078 0.180572882294655 0.203125163912773 0.211554735898972 0.212457850575447 0.334101378917694 0.0910450741648674 0.171823069453239 0.499074727296829 0.654423534870148 0.72798877954483 0.896688640117645 0.141742616891861 0.131614923477173 0.290196061134338 0.437655568122864 0.207071885466576 0.11224726587534 0.100853875279427 0.0744099915027618 0.0604239739477634 0.0662147477269173 0.091890849173069 0.113670639693737 0.17046283185482 0.184553280472755 0.204465180635452
0.456779569387436 0.203384965658188 0.199101969599724 0.283601582050323 0.305445641279221 0.34234419465065 0.2429239153862 0.14850115776062 0.190137311816216 0.243604436516762 0.285185217857361 0.215338453650475 0.217374578118324 0.195925131440163 0.123331852257252 0.136408567428589 0.184180930256844 0.171664476394653 0.160028398036957 0.155127242207527 0.130831837654114 0.171389579772949 0.191825374960899 0.151534825563431 0.2999626994133 0.79210501909256 0.944854199886322 0.956731855869293 0.318271636962891 0.0936091095209122 0.131934091448784 0.262706518173218 0.266274124383926 0.209428459405899 0.13433949649334 0.0727439224720001 0.0668663159012794 0.0658172816038132 0.0635143592953682 0.0935681015253067 0.116198301315308 0.172463029623032 0.189102560281754 0.235683158040047
0.697524070739746 0.616416573524475 0.468914002180099 0.209072202444077 0.163424298167229 0.428113102912903 0.185927152633667 0.103779792785645 0.194395273923874 0.282509177923203 0.176841348409653 0.126863569021225 0.131804138422012 0.115932181477547 0.138069450855255 0.169131651520729 0.16574601829052 0.161248564720154 0.113220274448395 0.110551461577415 0.109622240066528 0.114347279071808 0.209243208169937 0.357956826686859 0.295082956552505 0.892376720905304 0.964422464370728 0.95282655954361 0.0959757789969444 0.142636820673943 0.0926700755953789 0.132939949631691 0.0849006921052933 0.0761719793081284 0.0775706842541695 0.0667283609509468 0.0638424232602119 0.0627315491437912 0.0652103647589684 0.0752608627080917 0.126601964235306 0.144746899604797 0.175384715199471 0.198776811361313
0.645915269851685 0.679708242416382 0.699322164058685 0.656344473361969 0.155929192900658 0.240466982126236 0.201387345790863 0.132508426904678 0.435751378536224 0.229449287056923 0.167397424578667 0.132720470428467 0.109576314687729 0.116494320333004 0.257984071969986 0.189326927065849 0.173264607787132 0.173893347382545 0.158538356423378 0.109575353562832 0.110592372715473 0.107931107282639 0.207501873373985 0.291801691055298 0.295015037059784 0.45840260386467 0.956819713115692 0.793880760669708 0.0547738112509251 0.0670852363109589 0.151127278804779 0.0810071676969528 0.0704164281487465 0.0749518647789955 0.0635975897312164 0.0637649744749069 0.0639925301074982 0.0632123500108719 0.0735785067081451 0.0822549760341644 0.12093697488308 0.187778741121292 0.211071610450745 0.175294250249863
0.60041081905365 0.74865847826004 0.562382161617279 0.756465554237366 0.370063602924347 0.195950016379356 0.161861196160316 0.417109936475754 0.551181018352509 0.619329273700714 0.256595641374588 0.106863729655743 0.144191071391106 0.451854914426804 0.267615139484406 0.183460339903831 0.169738352298737 0.158226802945137 0.111691072583199 0.105051845312119 0.101842306554317 0.0922670513391495 0.109873086214066 0.438654750585556 0.518832445144653 0.815834939479828 0.527026474475861 0.109429009258747 0.0483657717704773 0.0610327459871769 0.0882421806454659 0.0585151799023151 0.0542984791100025 0.0748418793082237 0.066116027534008 0.0689647495746613 0.117818005383015 0.102919869124889 0.0731284022331238 0.122551687061787 0.139929547905922 0.188141509890556 0.214822605252266 0.18440318107605
0.644685566425323 0.655480861663818 0.558060050010681 0.6571164727211 0.768532991409302 0.388170599937439 0.244966849684715 0.840000689029694 0.5615513920784 0.318910866975784 0.176913857460022 0.0919853299856186 0.405297756195068 0.818273901939392 0.427125990390778 0.258718192577362 0.16079069674015 0.137159109115601 0.14132034778595 0.128686189651489 0.124259702861309 0.089275449514389 0.0866141468286514 0.155821472406387 0.460010021924973 0.707113265991211 0.0880419015884399 0.0525488816201687 0.0468315742909908 0.0572684220969677 0.0542747229337692 0.0553608536720276 0.0573779232800007 0.0840854272246361 0.0736244097352028 0.084013007581234 0.120043009519577 0.118613325059414 0.126901105046272 0.19807480275631 0.201008588075638 0.195760831236839 0.205728843808174 0.156784370541573
0.477675288915634 0.729596197605133 0.605403363704681 0.758233666419983 0.801188349723816 0.604612767696381 0.406067818403244 0.921891510486603 0.803855895996094 0.394999593496323 0.297448366880417 0.098864883184433 0.522810995578766 0.351357609033585 0.309686481952667 0.281566619873047 0.189994230866432 0.336221754550934 0.492295444011688 0.202406018972397 0.155969679355621 0.125813737511635 0.080026850104332 0.136063814163208 0.174931406974792 0.289560705423355 0.0527091845870018 0.0468673892319202 0.0915956944227219 0.0678709447383881 0.0578976459801197 0.0621016211807728 0.0929672494530678 0.139702200889587 0.161468178033829 0.211686313152313 0.138819500803947 0.200088396668434 0.212791040539742 0.23701049387455 0.234533965587616 0.201327100396156 0.224215120077133 0.211331814527512
0.519795119762421 0.57209300994873 0.728670537471771 0.554609000682831 0.455802351236343 0.416224300861359 0.62246561050415 0.885399281978607 0.907930374145508 0.476078569889069 0.556304156780243 0.214761778712273 0.113057166337967 0.348833173513412 0.338042616844177 0.287426263093948 0.206401973962784 0.334507614374161 0.327279925346375 0.196397185325623 0.156293421983719 0.13329966366291 0.0885474383831024 0.319508165121078 0.307050198316574 0.115251518785954 0.0480296649038792 0.0515635423362255 0.076552577316761 0.119934901595116 0.0758039951324463 0.100062698125839 0.251091182231903 0.675882756710052 0.216349080204964 0.266838908195496 0.164435878396034 0.314608246088028 0.511932373046875 0.331774860620499 0.315074414014816 0.235994637012482 0.229180186986923 0.245049044489861
0.429884672164917 0.350847482681274 0.520940721035004 0.425424844026566 0.360653460025787 0.381969720125198 0.660367429256439 0.766588509082794 0.57730621099472 0.450960725545883 0.509167969226837 0.175328925251961 0.119772285223007 0.280742853879929 0.410020679235458 0.219252541661263 0.184587851166725 0.317185431718826 0.281920999288559 0.222899258136749 0.171978533267975 0.178754150867462 0.179354310035706 0.186262503266335 0.257109552621841 0.164146050810814 0.0568159893155098 0.0541986674070358 0.082567922770977 0.112704709172249 0.118600003421307 0.166308477520943 0.352885782718658 0.834967255592346 0.304378747940063 0.128307357430458 0.101635120809078 0.262421220541 0.5656778216362 0.415067464113235 0.507605910301208 0.417991191148758 0.357090175151825 0.348926693201065
0.426134884357452 0.395762115716934 0.400726407766342 0.334010601043701 0.319247484207153 0.321716845035553 0.622158229351044 0.791727900505066 0.593849539756775 0.555832326412201 0.323347598314285 0.093410812318325 0.0903129428625107 0.387221217155457 0.397312968969345 0.20856562256813 0.235423594713211 0.362558841705322 0.371532618999481 0.447616368532181 0.382861375808716 0.281232893466949 0.388833969831467 0.150968000292778 0.158848822116852 0.675100564956665 0.21244016289711 0.0403374917805195 0.0759686604142189 0.36713495850563 0.713857471942902 0.533312201499939 0.62683367729187 0.866995215415955 0.946466088294983 0.220281630754471 0.0848968774080276 0.158567398786545 0.417628914117813 0.653857946395874 0.640905797481537 0.565464198589325 0.414981752634048 0.369200050830841
0.380892872810364 0.497534364461899 0.429104179143906 0.333965718746185 0.27081373333931 0.258126705884933 0.503105580806732 0.869866669178009 0.829099476337433 0.56928426027298 0.23768050968647 0.221123039722443 0.10334350168705 0.63654363155365 0.389090776443481 0.179255157709122 0.400211602449417 0.440789997577667 0.383502513170242 0.37653785943985 0.352064311504364 0.42159566283226 0.144123017787933 0.0991336181759834 0.0932553112506866 0.443338871002197 0.128760397434235 0.040213268250227 0.109624832868576 0.359082281589508 0.953800797462463 0.928479969501495 0.300913751125336 0.188272550702095 0.216552078723907 0.248561546206474 0.0831165686249733 0.0937232822179794 0.16641591489315 0.606618463993073 0.59928947687149 0.576727151870728 0.514324188232422 0.364779949188232
0.32936817407608 0.439801901578903 0.429214209318161 0.380887031555176 0.258479982614517 0.252447634935379 0.463708192110062 0.857018053531647 0.891162395477295 0.429706811904907 0.370293945074081 0.582024395465851 0.197555720806122 0.507297158241272 0.423917680978775 0.234807625412941 0.441121965646744 0.525036990642548 0.482243806123734 0.278123646974564 0.348651349544525 0.267039477825165 0.125100567936897 0.0645508840680122 0.0571210570633411 0.113567061722279 0.0429577864706516 0.0707666426897049 0.342212706804276 0.464453309774399 0.382348746061325 0.638913154602051 0.286818951368332 0.282352477312088 0.202857032418251 0.121353454887867 0.0688768550753593 0.0661964416503906 0.10030072927475 0.251380324363708 0.455228060483932 0.4576775431633 0.547028779983521 0.384197294712067
0.324767827987671 0.320867508649826 0.344128161668777 0.343197494745255 0.238989785313606 0.249992549419403 0.487267464399338 0.664717376232147 0.215128853917122 0.329451084136963 0.466949790716171 0.643258988857269 0.42712339758873 0.466351419687271 0.53327888250351 0.34930631518364 0.392132192850113 0.729368090629578 0.479370146989822 0.302200615406036 0.252636909484863 0.141218200325966 0.108974501490593 0.0605716891586781 0.0484073162078857 0.0647556409239769 0.0762090682983398 0.114757686853409 0.648240029811859 0.648152470588684 0.0787578076124191 0.123773202300072 0.471763640642166 0.500121295452118 0.185385465621948 0.184309467673302 0.104226507246494 0.0659028887748718 0.159471854567528 0.65250700712204 0.870581686496735 0.676635563373566 0.830994367599487 0.419397443532944
0.249438375234604 0.267684161663055 0.276133447885513 0.294459134340286 0.189119458198547 0.281337112188339 0.537052929401398 0.414727360010147 0.151048094034195 0.303987681865692 0.508595585823059 0.610830247402191 0.373465567827225 0.360614985227585 0.687537908554077 0.409216552972794 0.325000137090683 0.460508972406387 0.464888095855713 0.437630712985992 0.258568078279495 0.162571877241135 0.231435656547546 0.106591522693634 0.0543553382158279 0.139909192919731 0.402689933776855 0.064012385904789 0.20208141207695 0.448376953601837 0.0801842734217644 0.0466595143079758 0.485793262720108 0.466418564319611 0.175054311752319 0.105848908424377 0.0619440376758575 0.0675492212176323 0.204123720526695 0.934058427810669 0.81233823299408 0.588277637958527 0.807788133621216 0.466339200735092
0.201891452074051 0.250443130731583 0.234419837594032 0.265818566083908 0.168611794710159 0.251008838415146 0.788001894950867 0.336031585931778 0.12413364648819 0.339038103818893 0.63250869512558 0.436238884925842 0.356090635061264 0.578855037689209 0.375485718250275 0.45151349902153 0.355107724666595 0.354769170284271 0.486938089132309 0.43955996632576 0.40504851937294 0.417426288127899 0.239618480205536 0.0569983124732971 0.266984283924103 0.831180453300476 0.331842720508575 0.0398172847926617 0.0691812485456467 0.19163766503334 0.127711534500122 0.0387214347720146 0.0868054553866386 0.125590473413467 0.0670348256826401 0.0417659804224968 0.0576919429004192 0.160672932863235 0.790790915489197 0.963310301303864 0.483788251876831 0.654689252376556 0.543727695941925 0.385904461145401
