data/climate_estimation/maxent_output/Calochortus_palmeri.asc
NCOLS 80 
NROWS 46 
XLLCORNER -120.416666666667 
YLLCORNER 32.5833333333333 
CELLSIZE 0.0833333333333334 
NODATA_value -3.4e+38 
[rows 21 to 41 of 46, columns 0 to 46 of 80]
0.0320127345621586 0.0522728078067303 0.0850543230772018 0.122538939118385 0.192661896348 0.293372839689255 0.42651841044426 0.569857239723206 0.69195693731308 0.738947629928589 0.831287443637848 0.897684156894684 0.935201644897461 0.888990581035614 0.920230567455292 0.98839545249939 0.994264781475067 0.98771607875824 0.997808992862701 0.897924065589905 0.856608688831329 0.80781751871109 0.790462076663971 0.766936302185059 0.824292480945587 0.551189959049225 0.236882656812668 0.228116080164909 0.187646076083183 0.213108912110329 0.243801608681679 0.270493656396866 0.291571915149689 0.269046634435654 0.287241548299789 0.249496549367905 0.169247537851334 0.286615312099457 0.205527305603027 0.329581171274185 0.430274486541748 0.237908437848091 0.386035531759262 0.39093679189682 0.260018318891525 0.27525070309639 0.110558941960335
0.0410020388662815 0.0778660550713539 0.108262769877911 0.172358572483063 0.280192017555237 0.343429327011108 0.360096573829651 0.395366251468658 0.446132689714432 0.423515915870667 0.637394189834595 0.80505508184433 0.874029517173767 0.906800091266632 0.939342617988586 0.973987877368927 0.984724581241608 0.912709653377533 0.951716721057892 0.728025853633881 0.76870322227478 0.505898773670197 0.590251088142395 0.707483232021332 0.733318209648132 0.825350761413574 0.795891284942627 0.39517018198967 0.393749207258224 0.41111958026886 0.238378137350082 0.29206120967865 0.293898224830627 0.303318083286285 0.298996984958649 0.230980440974236 0.352895170450211 0.2538241147995 0.284055441617966 0.320292770862579 0.561428844928741 0.182571932673454 0.138228163123131 0.157416880130768 0.209231749176979 0.0877500399947166 0.054800596088171
0.0331582315266132 0.0382471866905689 0.0717416033148766 0.0878558605909348 0.112889960408211 0.148290798068047 0.154009953141212 0.173674628138542 0.275903224945068 0.320880323648453 0.375441759824753 0.538777232170105 0.513208448886871 0.322774559259415 0.432311207056046 0.782491564750671 0.923847019672394 0.661611557006836 0.701897144317627 0.494888544082642 0.444643467664719 0.31807467341423 0.338453382253647 0.458329677581787 0.631596624851227 0.653470635414124 0.6304692029953 0.800243735313416 0.934817135334015 0.937273681163788 0.812620282173157 0.882169663906097 0.898152947425842 0.83336329460144 0.715569496154785 0.600300967693329 0.449480623006821 0.34197011590004 0.29484623670578 0.304536461830139 0.277700245380402 0.274730026721954 0.211276069283485 0.206022202968597 0.133782565593719 0.0846279114484787 0.0612452067434788
-339999999999999996123846586046231871488.000000000000000 -3.4e+38 -3.4e+38 -3.4e+38 -3.4e+38 -3.4e+38 0.0763211101293564 0.107337825000286 0.0937349274754524 -3.4e+38 0.0996473580598831 0.194686084985733 0.229499131441116 0.179357975721359 0.293531060218811 0.201683536171913 0.167974919080734 0.161472469568253 0.263114243745804 0.370262563228607 0.42685878276825 0.559151887893677 0.357239305973053 0.579280197620392 0.815630972385406 0.957655012607574 0.996842980384827 0.99653548002243 0.980478465557098 0.917487800121307 0.907555222511292 0.78914737701416 0.946246147155762 0.959122359752655 0.971086323261261 0.920869112014771 0.807301700115204 0.557698011398315 0.785194158554077 0.986296951770782 0.938577055931091 0.975007355213165 0.898421287536621 0.762166917324066 0.329332798719406 0.126120254397392 0.0973802581429482
-3.4e+38 -3.4e+38 -3.4e+38 -3.4e+38 -3.4e+38 -3.4e+38 -3.4e+38 -3.4e+38 -3.4e+38 -3.4e+38 -3.4e+38 -3.4e+38 0.131294637918472 0.099512130022049 0.114799275994301 0.0750944316387177 0.141375824809074 0.137878581881523 0.165489703416824 0.240629807114601 0.298575669527054 0.444577664136887 0.395450860261917 0.251496642827988 0.338305592536926 0.672192275524139 0.931281328201294 0.984920620918274 0.991499423980713 0.976010143756866 0.949126482009888 0.920060813426971 0.924829483032227 0.45175912976265 0.972798049449921 0.847478687763214 0.953724026679993 0.933945775032043 0.972816050052643 0.990996360778809 0.91300505399704 0.799743413925171 0.823936343193054 0.945250988006592 0.932908713817596 0.867377400398254 0.703709185123444
-3.4e+38 -3.4e+38 -3.4e+38 -3.4e+38 -3.4e+38 -3.4e+38 -3.4e+38 -3.4e+38 -3.4e+38 -3.4e+38 -3.4e+38 -3.4e+38 -3.4e+38 0.0407762378454208 0.0357821807265282 0.0360704176127911 0.0491184741258621 0.0996846780180931 0.149792537093163 0.295177698135376 0.338390111923218 0.219408735632896 0.163401454687119 0.144765689969063 0.140524536371231 0.326821386814117 0.393977373838425 0.703684210777283 0.851810336112976 0.83067387342453 0.494473189115524 0.569095432758331 0.864538609981537 0.884147465229034 0.851623475551605 0.609706938266754 0.471928387880325 0.852207124233246 0.955122768878937 0.963028013706207 0.897861659526825 0.801576793193817 0.812749803066254 0.572912752628326 0.575791120529175 0.920363664627075 0.841724097728729
-3.4e+38 -3.4e+38 -3.4e+38 -3.4e+38 -3.4e+38 -3.4e+38 -3.4e+38 -3.4e+38 -3.4e+38 -3.4e+38 -3.4e+38 -3.4e+38 -3.4e+38 -3.4e+38 0.0286667682230473 0.0261075012385845 0.0666532516479492 0.237878441810608 0.259500980377197 0.234860807657242 0.192222058773041 0.273416429758072 0.288591086864471 0.168668627738953 0.110897704958916 0.0967941954731941 0.118576973676682 0.131737366318703 0.111771196126938 0.127979248762131 0.15872061252594 0.264947921037674 0.255518823862076 0.217929795384407 0.153255060315132 0.141343355178833 0.120469070971012 0.111712567508221 0.161775141954422 0.514144361019135 0.843978106975555 0.760248243808746 0.270917594432831 0.304191827774048 0.806927263736725 0.915550589561462 0.695657432079315
0.0104666082188487 0.00948555022478104 0.0115108694881201 0.0164990965276957 0.0189239662140608 0.0201476663351059 0.0417476370930672 0.0667532533407211 0.048974733799696 0.0602396205067635 0.0412396043539047 0.0308386906981468 0.0222411882132292 -3.4e+38 -3.4e+38 -3.4e+38 0.053452130407095 0.10319509357214 0.17494909465313 0.160455316305161 0.165752679109573 0.243038341403008 0.115404911339283 0.0508717186748981 0.0458130910992622 0.0622695200145245 0.0709830969572067 0.0863389298319817 0.0949260517954826 0.0958795696496964 0.130579724907875 0.150012254714966 0.107591569423676 0.0641930028796196 0.0491972975432873 0.0775727853178978 0.0783997625112534 0.0928468033671379 0.143670827150345 0.243548408150673 0.470529556274414 0.977082550525665 0.812633514404297 0.816809594631195 0.913699626922607 0.529764473438263 0.135341539978981
-3.4e+38 -3.4e+38 0.0162284206598997 0.0256771240383387 0.0225023701786995 0.0163356922566891 0.0315536521375179 0.0379287376999855 0.0413335226476192 0.068296417593956 -3.4e+38 -3.4e+38 -3.4e+38 -3.4e+38 -3.4e+38 -3.4e+38 -3.4e+38 -3.4e+38 -3.4e+38 -3.4e+38 -3.4e+38 -3.4e+38 -3.4e+38 0.0335982106626034 0.0430432185530663 0.0501190721988678 0.0579967685043812 0.0662694871425629 0.079573929309845 0.119447410106659 0.129339396953583 0.162518665194511 0.0730890557169914 0.0279253646731377 0.0344555750489235 0.0675546303391457 0.071811631321907 0.217805773019791 0.307246208190918 0.276168256998062 0.287733882665634 0.445473343133926 0.446497589349747 0.571988344192505 0.556426525115967 0.163549095392227 0.0343016684055328
-3.4e+38 -3.4e+38 -3.4e+38 0.0154957342892885 0.0122058186680079 -3.4e+38 -3.4e+38 -3.4e+38 -3.4e+38 -3.4e+38 -3.4e+38 -3.4e+38 -3.4e+38 -3.4e+38 -3.4e+38 -3.4e+38 -3.4e+38 -3.4e+38 -3.4e+38 -3.4e+38 -3.4e+38 -3.4e+38 -3.4e+38 0.0403211154043674 0.0439290106296539 0.0470787025988102 0.0536933764815331 0.0628053396940231 0.0553745180368423 0.0654704719781876 0.0751877650618553 0.0904906690120697 0.0857933908700943 0.0578117966651917 0.01733966358006 0.0726784616708755 0.147354304790497 0.201743453741074 0.192846342921257 0.154894128441811 0.180315852165222 0.268096834421158 0.608072340488434 0.753166019916534 0.891608893871307 0.318711876869202 0.0711711421608925
-3.4e+38 -3.4e+38 -3.4e+38 -3.4e+38 -3.4e+38 -3.4e+38 -3.4e+38 -3.4e+38 -3.4e+38 -3.4e+38 -3.4e+38 -3.4e+38 -3.4e+38 -3.4e+38 -3.4e+38 -3.4e+38 -3.4e+38 -3.4e+38 -3.4e+38 -3.4e+38 -3.4e+38 -3.4e+38 -3.4e+38 0.0392939448356628 0.0711086094379425 0.0458754412829876 0.0462923720479012 0.0533360466361046 0.0541846007108688 0.0534788072109222 0.0620672516524792 0.082072950899601 0.166600733995438 0.502147614955902 0.314265668392181 0.134300857782364 0.40091261267662 0.296465992927551 0.169312343001366 0.234238296747208 0.206777513027191 0.20232167840004 0.318058013916016 0.908875346183777 0.513863682746887 0.788246631622314 0.0589799098670483
-3.4e+38 -3.4e+38 -3.4e+38 -3.4e+38 -3.4e+38 -3.4e+38 -3.4e+38 -3.4e+38 -3.4e+38 -3.4e+38 -3.4e+38 -3.4e+38 -3.4e+38 -3.4e+38 -3.4e+38 -3.4e+38 -3.4e+38 -3.4e+38 -3.4e+38 -3.4e+38 -3.4e+38 -3.4e+38 -3.4e+38 -3.4e+38 0.0721893012523651 0.0523304156959057 0.050025500357151 0.0467948913574219 0.0485507100820541 0.0517166033387184 0.0479570664465427 0.0539375394582748 0.0797034427523613 0.200752466917038 0.502860963344574 0.485061347484589 0.223411098122597 0.219431146979332 0.182988286018372 0.179784342646599 0.177421674132347 0.214529767632484 0.355267435312271 0.773124158382416 0.924117207527161 0.938000917434692 0.390040278434753
-3.4e+38 -3.4e+38 -3.4e+38 -3.4e+38 -3.4e+38 -3.4e+38 -3.4e+38 -3.4e+38 -3.4e+38 -3.4e+38 -3.4e+38 -3.4e+38 -3.4e+38 -3.4e+38 -3.4e+38 -3.4e+38 -3.4e+38 -3.4e+38 -3.4e+38 -3.4e+38 -3.4e+38 -3.4e+38 -3.4e+38 -3.4e+38 -3.4e+38 -3.4e+38 -3.4e+38 -3.4e+38 0.0492206774652004 0.0472330413758755 0.0510911196470261 0.0649988129734993 0.0585649348795414 0.0642694309353828 0.166793763637543 0.468228906393051 0.439727455377579 0.240214690566063 0.245313659310341 0.192717298865318 0.26823827624321 0.30550742149353 0.648874998092651 0.86562192440033 0.919706463813782 0.924382328987122 0.883839130401611
-3.4e+38 -3.4e+38 -3.4e+38 -3.4e+38 -3.4e+38 -3.4e+38 -3.4e+38 -3.4e+38 -3.4e+38 -3.4e+38 -3.4e+38 -3.4e+38 -3.4e+38 -3.4e+38 -3.4e+38 -3.4e+38 -3.4e+38 -3.4e+38 -3.4e+38 -3.4e+38 -3.4e+38 -3.4e+38 -3.4e+38 -3.4e+38 -3.4e+38 -3.4e+38 -3.4e+38 -3.4e+38 -3.4e+38 -3.4e+38 0.0477941334247589 0.0692531242966652 0.0660425201058388 0.0615897066891193 0.0933813005685806 0.290805071592331 0.3704873919487 0.325283497571945 0.197138234972954 0.159201249480247 0.196610614657402 0.373307019472122 0.484789580106735 0.86348968744278 0.868395686149597 0.853832960128784 0.889260053634644
-3.4e+38 -3.4e+38 -3.4e+38 -3.4e+38 -3.4e+38 -3.4e+38 -3.4e+38 -3.4e+38 -3.4e+38 -3.4e+38 -3.4e+38 -3.4e+38 -3.4e+38 -3.4e+38 -3.4e+38 -3.4e+38 0.0114440312609076 -3.4e+38 -3.4e+38 -3.4e+38 -3.4e+38 0.023066308349371 0.0367957726120949 0.0312782153487206 0.028049873188138 -3.4e+38 -3.4e+38 -3.4e+38 -3.4e+38 -3.4e+38 -3.4e+38 -3.4e+38 0.0525394156575203 0.0685653164982796 0.0702031403779984 0.191214576363564 0.32059782743454 0.115331083536148 0.173193156719208 0.195054993033409 0.318473041057587 0.480856567621231 0.599795460700989 0.81960654258728 0.916274845600128 0.894571185112 0.702442467212677
-339999999999999996123846586046231871488.000000000000000 -3.4e+38 -3.4e+38 -3.4e+38 -3.4e+38 -3.4e+38 -3.4e+38 -3.4e+38 -3.4e+38 -3.4e+38 -3.4e+38 -3.4e+38 -3.4e+38 -3.4e+38 -3.4e+38 -3.4e+38 -3.4e+38 -3.4e+38 -3.4e+38 -3.4e+38 -3.4e+38 -3.4e+38 -3.4e+38 0.042375423014164 0.0576905198395252 0.0287832170724869 -3.4e+38 -3.4e+38 -3.4e+38 -3.4e+38 -3.4e+38 -3.4e+38 -3.4e+38 0.0519525371491909 0.0666651651263237 0.0921109095215797 0.106654204428196 0.0875226557254791 0.116980656981468 0.135157540440559 0.260000586509705 0.836418211460114 0.936771631240845 0.851780593395233 0.890663504600525 0.949009716510773 0.910781621932983
-3.4e+38 -3.4e+38 -3.4e+38 -3.4e+38 -3.4e+38 -3.4e+38 -3.4e+38 -3.4e+38 -3.4e+38 -3.4e+38 0.00606321729719639 0.0050554177723825 -3.4e+38 -3.4e+38 -3.4e+38 -3.4e+38 -3.4e+38 -3.4e+38 -3.4e+38 -3.4e+38 -3.4e+38 -3.4e+38 -3.4e+38 0.0282880626618862 0.045376967638731 0.0445981249213219 -3.4e+38 -3.4e+38 -3.4e+38 -3.4e+38 -3.4e+38 -3.4e+38 -3.4e+38 -3.4e+38 -3.4e+38 0.0573376975953579 0.0697774663567543 0.0642609596252441 0.0686967745423317 0.119467779994011 0.205196931958199 0.306031882762909 0.81672191619873 0.841821849346161 0.907258450984955 0.908286571502686 0.967499434947968
-3.4e+38 -3.4e+38 -3.4e+38 -3.4e+38 -3.4e+38 -3.4e+38 -3.4e+38 -3.4e+38 -3.4e+38 -3.4e+38 0.00666693784296513 0.00591761572286487 -3.4e+38 -3.4e+38 -3.4e+38 -3.4e+38 -3.4e+38 -3.4e+38 -3.4e+38 -3.4e+38 -3.4e+38 -3.4e+38 -3.4e+38 -3.4e+38 -3.4e+38 -3.4e+38 -3.4e+38 -3.4e+38 -3.4e+38 -3.4e+38 -3.4e+38 -3.4e+38 -3.4e+38 -3.4e+38 -3.4e+38 0.0568439364433289 0.0547089092433453 0.0637125447392464 0.100148506462574 0.174066230654716 0.184133902192116 0.292811065912247 0.612012624740601 0.768994033336639 0.810624003410339 0.893251240253448 0.928872883319855
-3.4e+38 -3.4e+38 -3.4e+38 -3.4e+38 -3.4e+38 -3.4e+38 -3.4e+38 -3.4e+38 -3.4e+38 -3.4e+38 -3.4e+38 -3.4e+38 -3.4e+38 -3.4e+38 -3.4e+38 -3.4e+38 -3.4e+38 -3.4e+38 -3.4e+38 -3.4e+38 -3.4e+38 -3.4e+38 -3.4e+38 -3.4e+38 -3.4e+38 -3.4e+38 -3.4e+38 -3.4e+38 -3.4e+38 -3.4e+38 -3.4e+38 -3.4e+38 -3.4e+38 -3.4e+38 -3.4e+38 -3.4e+38 0.053363211452961 0.0614593848586082 0.114584818482399 0.129301771521568 0.135837227106094 0.163354828953743 0.159425050020218 0.51792323589325 0.746702492237091 0.918809115886688 0.904943704605103
-3.4e+38 -3.4e+38 -3.4e+38 -3.4e+38 -3.4e+38 -3.4e+38 -3.4e+38 -3.4e+38 -3.4e+38 -3.4e+38 -3.4e+38 -3.4e+38 -3.4e+38 -3.4e+38 -3.4e+38 -3.4e+38 -3.4e+38 -3.4e+38 -3.4e+38 -3.4e+38 -3.4e+38 0.0087272422388196 0.00856996793299913 -3.4e+38 -3.4e+38 -3.4e+38 -3.4e+38 -3.4e+38 -3.4e+38 -3.4e+38 -3.4e+38 -3.4e+38 -3.4e+38 -3.4e+38 -3.4e+38 -3.4e+38 -3.4e+38 0.0618691556155682 0.0743358954787254 0.108614154160023 0.101185210049152 0.158123850822449 0.154484838247299 0.322788387537003 0.609522759914398 0.871893584728241 0.921885013580322
-3.4e+38 -3.4e+38 -3.4e+38 -3.4e+38 -3.4e+38 -3.4e+38 -3.4e+38 -3.4e+38 -3.4e+38 -3.4e+38 -3.4e+38 -3.4e+38 -3.4e+38 -3.4e+38 -3.4e+38 -3.4e+38 -3.4e+38 -3.4e+38 -3.4e+38 -3.4e+38 -3.4e+38 -3.4e+38 0.0114470208063722 0.0108195822685957 -3.4e+38 -3.4e+38 -3.4e+38 -3.4e+38 -3.4e+38 -3.4e+38 -3.4e+38 -3.4e+38 -3.4e+38 -3.4e+38 -3.4e+38 -3.4e+38 -3.4e+38 0.0509868562221527 0.0581729002296925 0.087966576218605 0.088361494243145 0.13143527507782 0.123620189726353 0.188265591859818 0.347369343042374 0.837162792682648 0.906877815723419
