data/climate_estimation/maxent_output/Calochortus_splendens.asc
NCOLS 93 
NROWS 117 
XLLCORNER -122.75 
YLLCORNER 29.8333333333333 
CELLSIZE 0.0833333333333333 
NODATA_value -3.4e+38 
[rows 0 to 21 of 117, columns 0 to 49 of 93]
0.316393703222275 0.507172346115112 0.186578348278999 0.216997012495995 0.307336419820786 0.394403636455536 0.348977535963058 0.312935262918472 0.265841245651245 0.255817085504532 0.190013438463211 0.155534639954567 0.107764758169651 0.0714683160185814 0.0694453045725822 0.0892574712634087 0.112503297626972 0.221470952033997 0.301380604505539 0.286781251430511 0.206503838300705 0.11566986143589 0.0639393478631973 0.0350491628050804 0.0097791226580739 0.00577997835353017 0.00312044192105532 0.00125718687195331 0.00376786664128304 0.00212549557909369 0.00147631764411926 0.0015889146598056 0.00268451822921634 0.00519315293058753 0.00632107071578503 0.00485325511544943 0.00329355406574905 0.00144350330810994 0.00103920057881624 0.000407735904445872 0.000395168841350824 0.000202685405383818 0.000189265512744896 0.000100500423286576 7.06089922459796e-05 0.000190357037354261 0.000233787941397168 0.000274878490017727 0.000494905980303884 0.000419210118707269
0.29445669054985 0.469355940818787 0.234170332551003 0.274056017398834 0.323333859443665 0.399505376815796 0.379370093345642 0.338002115488052 0.297921240329742 0.255174309015274 0.197729334235191 0.145928755402565 0.10797343403101 0.0751418992877007 0.0642688944935799 0.0783549249172211 0.155583620071411 0.236212089657784 0.29602900147438 0.265625029802322 0.21464566886425 0.129977732896805 0.0708146393299103 0.0376097671687603 0.0167511608451605 0.00482413498684764 0.0028214801568538 0.00116812402848154 0.00122715532779694 0.00137409591116011 0.00146336457692087 0.00225616828538477 0.00187549542170018 0.0014661984751001 0.00295364274643362 0.00590165285393596 0.00376689690165222 0.00186612585093826 0.000843528134282678 0.000516687170602381 0.000333241623593494 0.000182546355063096 0.000141676282510161 7.77608147473074e-05 7.2243194153998e-05 9.7864874987863e-05 0.000246971409069374 0.000319038779707626 0.000505594362039119 0.000532271747943014
0.340972423553467 0.422455608844757 0.288393199443817 0.310633689165115 0.326622366905212 0.359898746013641 0.366458505392075 0.33361491560936 0.296919763088226 0.255899697542191 0.195458307862282 0.149140268564224 0.115907907485962 0.0898212045431137 0.0699423179030418 0.0671662166714668 0.102203659713268 0.184849932789803 0.235178932547569 0.227806374430656 0.292491972446442 0.224767774343491 0.0785588249564171 0.0436308532953262 0.0335422828793526 0.00802987813949585 0.00277787819504738 0.00164297013543546 0.00103658915031701 0.00136105821002275 0.00205280119553208 0.00238414504565299 0.00284072244539857 0.00103119015693665 0.00156914617400616 0.00540492031723261 0.00351953110657632 0.00246695755049586 0.00134370196610689 0.000563134381081909 0.000370144727639854 0.000246671843342483 7.65224103815854e-05 6.62990714772604e-05 9.77200834313408e-05 0.000176086672581732 0.000223235590965487 0.000264616828644648 0.000242987865931354 0.000237143161939457
0.322888553142548 0.607988655567169 0.403617262840271 0.334560960531235 0.304227501153946 0.326496690511703 0.337570399045944 0.331605046987534 0.293621063232422 0.259166806936264 0.20583114027977 0.164976567029953 0.130531296133995 0.0988337695598602 0.0799854621291161 0.0745561197400093 0.0849153771996498 0.16009309887886 0.165177002549171 0.231450065970421 0.318181037902832 0.151656001806259 0.085174985229969 0.0450256317853928 0.0370559208095074 0.0152175594121218 0.00425818143412471 0.00270038167946041 0.00177478592377156 0.0013036992168054 0.00211590901017189 0.00261408858932555 0.00152600312139839 0.00115592253860086 0.00167987681925297 0.00687513221055269 0.00277221715077758 0.00176457595080137 0.00148289324715734 0.00072935811476782 0.000383282458642498 0.000239405140746385 0.000102450714621227 7.56070876377635e-05 0.000130821732454933 0.000107999534520786 0.000228898235945962 0.000247842981480062 0.000241636269493029 0.000232262638746761
0.585928857326508 0.606677770614624 0.505866706371307 0.346231132745743 0.302860110998154 0.298186659812927 0.307413160800934 0.295320570468903 0.293687999248505 0.263285756111145 0.212344527244568 0.177564591169357 0.136325225234032 0.113752909004688 0.0924113169312477 0.0844537913799286 0.081544041633606 0.121764034032822 0.20230607688427 0.268730252981186 0.273497074842453 0.273818075656891 0.162505358457565 0.0528411045670509 0.0488812252879143 0.0193638894706964 0.0100405002012849 0.00557505572214723 0.00302454316988587 0.00111332070082426 0.00239427806809545 0.00191265169996768 0.00403916649520397 0.00432107085362077 0.00173576280940324 0.00881459563970566 0.00509381899610162 0.00205849809572101 0.00151769199874252 0.000622709456365556 0.000414294714573771 0.000200636175577529 9.06734057934955e-05 3.40509359375574e-05 4.8275262088282e-05 4.87077195430174e-05 5.79206061956938e-05 5.85936904826667e-05 0.00014169720816426 0.000221504917135462
0.609991610050201 0.537881672382355 0.410946637392044 0.464352816343307 0.270745635032654 0.278294503688812 0.258813261985779 0.277969747781754 0.257216811180115 0.225996226072311 0.189852237701416 0.169500917196274 0.141110241413116 0.13603737950325 0.113687761127949 0.0961682945489883 0.0922242179512978 0.114344097673893 0.19578255712986 0.265645980834961 0.288815528154373 0.24471028149128 0.154336556792259 0.0547518171370029 0.0479725226759911 0.0231939144432545 0.0092720203101635 0.00497817574068904 0.00335680041462183 0.00209276843816042 0.0015495449770242 0.00631592236459255 0.00466157915070653 0.00498229963704944 0.00190052588004619 0.0114827072247863 0.0046265865676105 0.00198835204355419 0.00139660341665149 0.000957508047576994 0.000432582572102547 0.000165527642820962 0.000135485228383914 0.000122871439089067 0.000120600117952563 0.00011836121120723 2.76090031547938e-06 2.81254347100912e-06 0.000135150956339203 0.000175721332198009
0.46205073595047 0.388865232467651 0.348940879106522 0.474737286567688 0.312890440225601 0.290982276201248 0.233192294836044 0.21619188785553 0.220454081892967 0.197150334715843 0.188766196370125 0.168969884514809 0.161276504397392 0.153289765119553 0.140405520796776 0.125279322266579 0.111710488796234 0.124548248946667 0.178592249751091 0.23082722723484 0.277844130992889 0.236913174390793 0.14189013838768 0.087639681994915 0.0767184495925903 0.0306855756789446 0.0233400296419859 0.0120048364624381 0.00638277688995004 0.00379416137002409 0.00155330426059663 0.00590561190620065 0.00478191999718547 0.00344324647448957 0.00205973139964044 0.0120828608050942 0.00439706072211266 0.00200000824406743 0.00151870166882873 0.00115270353853703 0.000354871124727651 0.000278283172519878 9.59106764639728e-05 0.000152993743540719 0.000159960924065672 4.84186493849847e-05 0.000115009657747578 2.69335805569426e-06 2.79692812910071e-06 2.51680080509686e-06
0.41561496257782 0.385535210371017 0.43364205956459 0.439825057983398 0.296712279319763 0.337394684553146 0.22620202600956 0.179676994681358 0.179038524627686 0.177711457014084 0.16949687898159 0.172251164913177 0.171323046088219 0.170443534851074 0.170439854264259 0.165676012635231 0.145070031285286 0.148409813642502 0.176940903067589 0.249690815806389 0.265185505151749 0.265793830156326 0.219324007630348 0.0718904286623001 0.0443484038114548 0.0321870446205139 0.0291180014610291 0.0139467995613813 0.0118751497939229 0.00217590434476733 0.00122323376126587 0.00139192200731486 0.00401949463412166 0.00288422871381044 0.002229327801615 0.0144897336140275 0.00450860103592277 0.00224010273814201 0.00170320004690439 0.00124777213204652 0.000277211918728426 0.000206878845347092 0.000124330326798372 0.000100742610811722 2.83379304164555e-05 2.46353229158558e-05 3.64713559974916e-05 7.44626668165438e-05 6.42639861325733e-05 2.4359740109503e-06
0.548212826251984 0.478176385164261 0.475750803947449 0.533759534358978 0.472661435604095 0.420594066381454 0.228169456124306 0.195200890302658 0.15593284368515 0.159316256642342 0.155095770955086 0.168129801750183 0.19327786564827 0.205719158053398 0.214279815554619 0.20501808822155 0.197058826684952 0.1980861723423 0.200659900903702 0.229996234178543 0.251302242279053 0.265313535928726 0.21638822555542 0.0638048425316811 0.0413037985563278 0.0322942659258842 0.028397124260664 0.0143210580572486 0.0154332108795643 0.00419755186885595 0.00107333110645413 0.000978298485279083 0.00216019619256258 0.00178402429446578 0.00126155826728791 0.0144133698195219 0.00524454098194838 0.00366066489368677 0.00164957076776773 0.00136957515496761 0.000388744694646448 0.000247565476456657 0.00017916239448823 0.00012642728688661 3.23203821608331e-05 3.72983449778985e-05 2.97958304145141e-05 5.33302809344605e-05 4.02924415539019e-05 2.07680977837299e-06
0.475636124610901 0.386558830738068 0.354673117399216 0.343371868133545 0.43340802192688 0.416435092687607 0.281033366918564 0.202423870563507 0.142011269927025 0.143566533923149 0.15494342148304 0.182824850082397 0.215133517980576 0.254234880208969 0.27193957567215 0.250436276197433 0.239079833030701 0.243816807866096 0.242791518568993 0.244929224252701 0.257691740989685 0.241434976458549 0.270778238773346 0.202883720397949 0.0549515299499035 0.0417071804404259 0.0375323556363583 0.0366617850959301 0.0180501993745565 0.00913871079683304 0.00270896195434034 0.00167147512547672 0.00125574553385377 0.00124236615374684 0.00138695433270186 0.00529087707400322 0.00470686610788107 0.00281697255559266 0.00175132323056459 0.00151312607340515 0.000437848677393049 0.000405816390411928 8.91303207026795e-05 0.000121263190521859 4.79260088468436e-05 4.90649181301706e-05 4.12874978792388e-05 3.14277203870006e-05 5.32476769876666e-05 1.72455406755034e-06
0.437828630208969 0.466591954231262 0.406433075666428 0.366211175918579 0.3717200756073 0.337303876876831 0.431741148233414 0.190725177526474 0.157078325748444 0.128269121050835 0.159597396850586 0.209591329097748 0.281051903963089 0.343062818050385 0.361344546079636 0.336750984191895 0.302310258150101 0.314988434314728 0.308971524238586 0.278972446918488 0.287265092134476 0.278002083301544 0.280307739973068 0.218099519610405 0.0879196301102638 0.0371559113264084 0.0365996770560741 0.0331208221614361 0.0153480032458901 0.00793079379945993 0.00501206377521157 0.00156819680705667 0.000979900010861456 0.00123612105380744 0.00140332302544266 0.00334369670599699 0.00225937506183982 0.00175836880225688 0.00224493118003011 0.000951851427089423 0.000725030375178903 0.000416240771301091 0.00035435808240436 8.50368378451094e-05 4.89463891426567e-05 4.94296473334543e-05 4.54650471510831e-05 4.17950905102771e-05 3.99782657041214e-05 1.66126972089842e-06
0.386759489774704 0.423126816749573 0.450642734766006 0.394829481840134 0.397397249937057 0.394686818122864 0.439041703939438 0.486818224191666 0.151406809687614 0.136950999498367 0.185291454195976 0.288444578647614 0.410866618156433 0.474807262420654 0.514294803142548 0.472043246030807 0.420160293579102 0.409267574548721 0.380216866731644 0.328576534986496 0.296065837144852 0.275049388408661 0.277746468782425 0.267498880624771 0.204140424728394 0.0645342096686363 0.0571204423904419 0.0316868349909782 0.0146608920767903 0.0071116485632956 0.00226534763351083 0.00117036979645491 0.00107435276731849 0.00111100426875055 0.00133537058718503 0.00190585840027779 0.00232233060523868 0.00193618552293628 0.00265171052888036 0.00162758084479719 0.00156924535986036 0.000797194603364915 0.000465419405372813 0.000872646865900606 8.86020861798897e-05 5.07359982293565e-05 8.13814622233622e-05 5.48364987480454e-05 3.03603683278197e-05 2.67945015366422e-05
0.371379941701889 0.350457161664963 0.427060216665268 0.424092978239059 0.420514434576035 0.466493338346481 0.400270223617554 0.462599247694016 0.240622729063034 0.151178851723671 0.23487676680088 0.4363072514534 0.560945689678192 0.599996089935303 0.64425653219223 0.625764429569244 0.563817083835602 0.522543251514435 0.465592920780182 0.405027985572815 0.326182872056961 0.268672376871109 0.219189032912254 0.258894413709641 0.131671041250229 0.072240948677063 0.0586586743593216 0.0674014165997505 0.0323015041649342 0.0148361874744296 0.00491090305149555 0.00261930376291275 0.00318677141331136 0.00153550261165947 0.00135451753158122 0.0012692897580564 0.00151900749187917 0.00200351211242378 0.00226627453230321 0.00241956347599626 0.00152987253386527 0.00147324649151415 0.000685474777128547 0.00126681139227003 0.00012772589980159 9.10810849745758e-05 7.63395437388681e-05 0.000791736063547432 4.75713859486859e-05 2.20294095925055e-05
0.415927529335022 0.398228049278259 0.415227234363556 0.473381131887436 0.487743735313416 0.479281783103943 0.509740769863129 0.556547522544861 0.40496551990509 0.210425540804863 0.308065801858902 0.517264008522034 0.671424627304077 0.681546986103058 0.719249248504639 0.699909865856171 0.679606795310974 0.637316226959229 0.570072412490845 0.483637124300003 0.388981908559799 0.287220686674118 0.233294114470482 0.232505589723587 0.219692707061768 0.133063361048698 0.0868517085909843 0.0709689110517502 0.0756782442331314 0.0387116596102715 0.0176268573850393 0.00488424906507134 0.00197209883481264 0.00208542472682893 0.00152321346104145 0.00155510660260916 0.00154925044625998 0.00140122976154089 0.00150700472295284 0.002149588894099 0.00143674341961741 0.00112375896424055 0.000998107832856476 0.000433656416134909 0.00016929506091401 0.000164557932293974 0.000105696111859288 0.000215883686905727 8.52357406984083e-05 4.10730281146243e-05
0.376039773225784 0.410231202840805 0.487399727106094 0.473329275846481 0.602715611457825 0.635266065597534 0.57986181974411 0.572859764099121 0.534906268119812 0.427255600690842 0.494519174098969 0.626461267471313 0.664815902709961 0.74817281961441 0.772119522094727 0.775679290294647 0.755084097385406 0.718336880207062 0.661812663078308 0.585397362709045 0.42533153295517 0.309162974357605 0.24149577319622 0.236249074339867 0.211047485470772 0.138223260641098 0.134953364729881 0.0897461920976639 0.0700282081961632 0.0510293543338776 0.0160725545138121 0.00905433483421803 0.00544869899749756 0.00618811696767807 0.00251935957930982 0.00206624437123537 0.00133856327738613 0.000961269193794578 0.00172027363441885 0.00207009725272655 0.00171833566855639 0.00144497712608427 0.00160027935635298 0.00127558712847531 0.000639677629806101 0.000178028247319162 0.000229957193369046 0.000149776693433523 0.000124589409097098 7.17757502570748e-05
0.320304900407791 0.4038065969944 0.439213246107101 0.559022009372711 0.607612490653992 0.766546905040741 0.720580160617828 0.741472899913788 0.700876533985138 0.671445786952972 0.689012348651886 0.719109714031219 0.797013401985168 0.822484970092773 0.827768266201019 0.819561541080475 0.814518332481384 0.793097138404846 0.748640537261963 0.636916100978851 0.477646589279175 0.350936442613602 0.24917659163475 0.228580981492996 0.220715776085854 0.193080544471741 0.137118995189667 0.157593116164207 0.128643155097961 0.0542508363723755 0.0554633177816868 0.017074678093195 0.0213400684297085 0.011502942070365 0.00184990966226906 0.00181719881948084 0.00176944269333035 0.00113681727088988 0.00178256095387042 0.00175635342020541 0.00178311008494347 0.00198850827291608 0.00133936223573983 0.00162224401719868 0.00153530610259622 0.000932044233195484 0.000232954320381396 0.000166608937433921 0.000170740197063424 0.000131124266772531
0.252388417720795 0.364739567041397 0.439534962177277 0.48322269320488 0.562715709209442 0.708313465118408 0.753067970275879 0.898230016231537 0.875786304473877 0.854601383209229 0.841105163097382 0.819043874740601 0.867671966552734 0.849141657352448 0.845782518386841 0.862360239028931 0.855240941047668 0.84452885389328 0.80269056558609 0.69675749540329 0.546072840690613 0.389187812805176 0.260306626558304 0.218226954340935 0.208807721734047 0.239896342158318 0.215891927480698 0.240094929933548 0.189752116799355 0.221513822674751 0.120664909482002 0.0749674886465073 0.0751245692372322 0.00623398553580046 0.00165599561296403 0.00136130431201309 0.00118635559920222 0.00107283610850573 0.00144930288661271 0.00118800986092538 0.00184416444972157 0.00265665957704186 0.00203234469518065 0.00175593805033714 0.00163628731388599 0.00150321389082819 0.000260972272371873 0.000177278168848716 0.000177398469531909 0.000163019460160285
0.223869696259499 0.265792191028595 0.313628107309341 0.370282024145126 0.54557341337204 0.64754992723465 0.790414571762085 0.874844789505005 0.956113576889038 0.938831508159637 0.903287768363953 0.894178867340088 0.905874967575073 0.888381004333496 0.875080585479736 0.881743490695953 0.881002724170685 0.878580033779144 0.826155126094818 0.715565621852875 0.549093663692474 0.397029250860214 0.291289180517197 0.232261955738068 0.258523553609848 0.192421332001686 0.210936695337296 0.221805572509766 0.234796762466431 0.179531946778297 0.230287000536919 0.111882619559765 0.0355366431176662 0.0112451380118728 0.00645440956577659 0.00246167648583651 0.0017580003477633 0.00127054331824183 0.00110345054417849 0.00117991457227618 0.00147132447455078 0.00180150719825178 0.00215317355468869 0.00203320756554604 0.00190466502681375 0.00102077994961292 0.000855823571328074 0.000243699556449428 0.000306642526993528 0.000157390226377174
0.186931028962135 0.229672893881798 0.23074147105217 0.246450483798981 0.383083015680313 0.547036647796631 0.667674422264099 0.830172896385193 0.958974421024323 0.968213140964508 0.956772089004517 0.944734275341034 0.925800263881683 0.897317707538605 0.879059791564941 0.871215164661407 0.869860231876373 0.852657437324524 0.795524060726166 0.678798794746399 0.526791512966156 0.42508253455162 0.311586052179337 0.24038653075695 0.22309698164463 0.227316066622734 0.191249266266823 0.195483237504959 0.246458783745766 0.306711733341217 0.24008409678936 0.119598954916 0.113166645169258 0.0364805832505226 0.0232350584119558 0.0128971403464675 0.00288875564001501 0.00225923699326813 0.00165789411403239 0.00121313938871026 0.00121125357691199 0.00100357120390981 0.00203801854513586 0.00309658353216946 0.00366330705583096 0.00173990370240062 0.00122492166701704 0.000944247061852366 0.00029444377287291 0.0002811374142766
0.162303790450096 0.205582872033119 0.225605949759483 0.226188167929649 0.352726519107819 0.44436576962471 0.620767533779144 0.796439707279205 0.936110198497772 0.963777720928192 0.939136981964111 0.950552582740784 0.931422650814056 0.885549485683441 0.861439645290375 0.83340448141098 0.807147085666656 0.766407072544098 0.666341125965118 0.605913758277893 0.482282489538193 0.399018347263336 0.334129959344864 0.245461255311966 0.22633783519268 0.196760803461075 0.172679334878922 0.17021544277668 0.199971973896027 0.317005664110184 0.287190586328506 0.243795767426491 0.24934908747673 0.12883535027504 0.148244470357895 0.0900662317872047 0.0283650010824203 0.00895681977272034 0.00349866761825979 0.00196614395827055 0.00149909930769354 0.00092091370606795 0.00127896782942116 0.00286549096927047 0.00522593222558498 0.00435320567339659 0.00200126087293029 0.00147939985617995 0.00101080548483878 0.000322067789966241
0.146208971738815 0.197870075702667 0.204870790243149 0.215092986822128 0.359377086162567 0.40825018286705 0.598265588283539 0.744440734386444 0.912956476211548 0.956090271472931 0.923361420631409 0.934997379779816 0.933579921722412 0.891764938831329 0.845086216926575 0.82183051109314 0.735290169715881 0.653745651245117 0.519014179706573 0.501991748809814 0.435036927461624 0.380282253026962 0.317922055721283 0.268442302942276 0.223621904850006 0.190118610858917 0.171865239739418 0.156749278306961 0.163595587015152 0.218082249164581 0.317027568817139 0.293817549943924 0.31729730963707 0.253609269857407 0.279548138380051 0.0813916027545929 0.00797227025032043 0.0029146249871701 0.00160879571922123 0.00194394029676914 0.00166214560158551 0.00133053038734943 0.000949625275097787 0.00321093713864684 0.00388958258554339 0.00300071202218533 0.00224582524970174 0.00206862413324416 0.00131157308351249 0.0013776533305645
-3.4e+38 -3.4e+38 0.109021134674549 0.121027790009975 0.163171574473381 0.38752093911171 0.50337028503418 0.698832392692566 0.907049179077148 0.967149496078491 0.960694015026093 0.922760903835297 0.914583683013916 0.893180429935455 0.831551432609558 0.803151786327362 0.694122672080994 0.636812329292297 0.506023645401001 0.481029838323593 0.449330687522888 0.380848109722137 0.315191805362701 0.27452951669693 0.223429545760155 0.18499544262886 0.167336881160736 0.155183762311935 0.146929979324341 0.228716358542442 0.287422776222229 0.320768475532532 0.323264509439468 0.270553350448608 0.253249078989029 0.0802968218922615 0.01317707169801 0.00436319690197706 0.00493907602503896 0.00207989336922765 0.00122126436326653 0.000963856989983469 0.000829816097393632 0.00252637662924826 0.00312455976381898 0.00307632074691355 0.00268876226618886 0.00218997430056334 0.000906056549865752 0.00066257850266993
