data/climate_estimation/maxent_output/Calochortus_nitidus.asc
NCOLS 124 
NROWS 60 
XLLCORNER -122.75 
YLLCORNER 42.0833333333333 
CELLSIZE 0.0833333333333333 
NODATA_value -3.4e+38 
[rows 0 to 19 of 60, columns 0 to 43 of 124]
0.427526473999023 0.441876739263535 0.470388174057007 0.494400978088379 0.527299344539642 0.550100028514862 0.579325616359711 0.527203023433685 0.476002424955368 0.347961604595184 0.254160821437836 0.247126549482346 0.273937582969666 0.262926429510117 0.278527706861496 0.256247669458389 0.270292341709137 0.298157274723053 0.325665950775146 0.350418001413345 0.343155115842819 0.363830953836441 0.389045625925064 0.447343319654465 0.521907150745392 0.59265810251236 0.662832856178284 0.6949343085289 0.713921546936035 0.673119485378265 0.681959748268127 0.761223614215851 0.799807608127594 0.779410004615784 0.770872235298157 0.77046126127243 0.754441022872925 0.782538414001465 0.784857630729675 0.810200572013855 0.824992179870605 0.825323522090912 0.831482470035553 0.85322093963623
0.423173487186432 0.444284409284592 0.476771295070648 0.496670007705688 0.514233231544495 0.542539894580841 0.506444334983826 0.438624799251556 0.376388132572174 0.308748602867126 0.242116674780846 0.22015069425106 0.225935995578766 0.223255693912506 0.250374227762222 0.24954916536808 0.274966776371002 0.293134123086929 0.331826746463776 0.355774283409119 0.381291270256042 0.366453796625137 0.41113942861557 0.445305347442627 0.511689186096191 0.574694395065308 0.72330904006958 0.757176220417023 0.72853696346283 0.761152267456055 0.741695642471313 0.803236663341522 0.819823324680328 0.797542810440063 0.769331932067871 0.768920123577118 0.753312408924103 0.75286078453064 0.780992269515991 0.79684191942215 0.810891270637512 0.81043529510498 0.818341255187988 0.827645719051361
0.412413656711578 0.446161568164825 0.462449163198471 0.478931307792664 0.496657699346542 0.501254439353943 0.452151447534561 0.34840601682663 0.321744829416275 0.281984120607376 0.216860428452492 0.220780298113823 0.218436449766159 0.225397735834122 0.25177076458931 0.256989747285843 0.275209695100784 0.298972457647324 0.308512687683105 0.341514825820923 0.394870787858963 0.417887151241302 0.424459546804428 0.497290462255478 0.513943016529083 0.524100244045258 0.629075527191162 0.713682353496552 0.729677855968475 0.731411337852478 0.740948855876923 0.789892852306366 0.807378470897675 0.76997709274292 0.782110214233398 0.765868544578552 0.751688659191132 0.74952632188797 0.777960121631622 0.77905660867691 0.808023810386658 0.820679008960724 0.82122814655304 0.829290270805359
0.402616828680038 0.383811205625534 0.380786776542664 0.43230140209198 0.41358408331871 0.413328558206558 0.391589015722275 0.348051577806473 0.291678726673126 0.239634454250336 0.226426661014557 0.213482648134232 0.216976717114449 0.238544583320618 0.259806662797928 0.261007815599442 0.278626143932343 0.285682260990143 0.302213460206985 0.353457063436508 0.374210119247437 0.415788173675537 0.463272869586945 0.459069281816483 0.520856201648712 0.64363968372345 0.675601005554199 0.726433932781219 0.746434509754181 0.788549184799194 0.741987645626068 0.78952157497406 0.831378161907196 0.783944129943848 0.804556012153625 0.790907323360443 0.803896963596344 0.802102267742157 0.794535279273987 0.807431817054749 0.794813573360443 0.820948600769043 0.833066284656525 0.815894424915314
0.377464115619659 0.331619441509247 0.319418668746948 0.28116300702095 0.299313873052597 0.284315705299377 0.35075980424881 0.330437153577805 0.287321031093597 0.27093032002449 0.261839598417282 0.240629479289055 0.23188216984272 0.255869388580322 0.260538578033447 0.261633783578873 0.26700684428215 0.290200084447861 0.3080835044384 0.35045924782753 0.368208259344101 0.410043209791183 0.458161562681198 0.532808721065521 0.613081336021423 0.675424456596375 0.710694909095764 0.758291482925415 0.744638621807098 0.75913017988205 0.729544937610626 0.761576473712921 0.831665992736816 0.757475614547729 0.770875334739685 0.780902862548828 0.777150213718414 0.774834632873535 0.763426005840302 0.805990993976593 0.792262196540833 0.82066684961319 0.815467000007629 0.813503444194794
0.377834051847458 0.363158524036407 0.344912618398666 0.304109126329422 0.289755821228027 0.28790494799614 0.307503789663315 0.255749672651291 0.241714909672737 0.24771623313427 0.236774399876595 0.236295625567436 0.277736842632294 0.268762737512589 0.258122622966766 0.266195803880692 0.273294657468796 0.309269666671753 0.327203929424286 0.351099967956543 0.36444553732872 0.395793318748474 0.449680536985397 0.517529666423798 0.581652700901031 0.677698373794556 0.722803354263306 0.742375016212463 0.728850305080414 0.745644986629486 0.728163123130798 0.727553963661194 0.741742789745331 0.80299323797226 0.804939568042755 0.780986368656158 0.765274167060852 0.763364017009735 0.805720269680023 0.779652297496796 0.793596088886261 0.794141173362732 0.788919985294342 0.825865566730499
0.381577342748642 0.378349035978317 0.382589876651764 0.355116456747055 0.337030023336411 0.319466143846512 0.310243904590607 0.296501040458679 0.303921908140182 0.315590769052505 0.28571805357933 0.267659187316895 0.259962826967239 0.246514469385147 0.252500802278519 0.254971444606781 0.277821689844131 0.289614319801331 0.306713730096817 0.320253551006317 0.35842752456665 0.408460885286331 0.447752565145493 0.498810529708862 0.566143691539764 0.60058981180191 0.677402555942535 0.745646297931671 0.776533305644989 0.81621640920639 0.817333400249481 0.788328170776367 0.801826953887939 0.83066064119339 0.830864310264587 0.808045744895935 0.806627094745636 0.793132483959198 0.793334722518921 0.806035220623016 0.819245278835297 0.791465938091278 0.793214440345764 0.824914634227753
0.378912925720215 0.348213583230972 0.314853698015213 0.30249485373497 0.272256731987 0.284816116094589 0.285396695137024 0.277083784341812 0.293617963790894 0.291762679815292 0.264331370592117 0.242875441908836 0.239869400858879 0.240161672234535 0.252634823322296 0.260864526033401 0.277282148599625 0.300664633512497 0.312251538038254 0.325969934463501 0.369881391525269 0.404547423124313 0.448619216680527 0.501429796218872 0.567014157772064 0.589698076248169 0.66783481836319 0.718376934528351 0.762579739093781 0.806882500648499 0.815747737884521 0.82996392250061 0.812669992446899 0.812685191631317 0.80173534154892 0.798050284385681 0.803542733192444 0.816123068332672 0.793648242950439 0.793028771877289 0.77960479259491 0.806397974491119 0.826563000679016 0.812040984630585
0.364095985889435 0.324151992797852 0.304726928472519 0.268429160118103 0.248640030622482 0.24182491004467 0.213404580950737 0.208022087812424 0.211737096309662 0.228043884038925 0.221694529056549 0.229314386844635 0.234932750463486 0.248915195465088 0.257101863622665 0.26395770907402 0.279283404350281 0.300826668739319 0.32969719171524 0.339643716812134 0.357167989015579 0.386387795209885 0.436528086662292 0.474308460950851 0.536125719547272 0.558180272579193 0.622723162174225 0.716367244720459 0.760927557945251 0.774230122566223 0.80199521780014 0.82836639881134 0.827843606472015 0.84091705083847 0.839373707771301 0.813503623008728 0.799363672733307 0.799157798290253 0.828765094280243 0.781083822250366 0.794568657875061 0.792539000511169 0.792864978313446 0.818556845188141
0.341550171375275 0.299367785453796 0.260989606380463 0.242554321885109 0.222499966621399 0.20961731672287 0.201167300343513 0.201539352536201 0.210169970989227 0.212969660758972 0.220075279474258 0.221493795514107 0.232814237475395 0.245401278138161 0.253280729055405 0.264739483594894 0.284613102674484 0.309401839971542 0.323102623224258 0.354024767875671 0.36709600687027 0.382980108261108 0.416855126619339 0.440822899341583 0.50050413608551 0.525287926197052 0.601439833641052 0.64054936170578 0.687793254852295 0.731611549854279 0.758347630500793 0.786402523517609 0.822754383087158 0.8246248960495 0.835966885089874 0.837315917015076 0.813597202301025 0.813012003898621 0.819181680679321 0.807683348655701 0.794219136238098 0.782530069351196 0.791971743106842 0.806678354740143
0.302028954029083 0.259870290756226 0.245308175683022 0.222302421927452 0.206781938672066 0.204853683710098 0.18459489941597 0.202228382229805 0.205333352088928 0.211693987250328 0.217737525701523 0.225292593240738 0.240599557757378 0.245215505361557 0.243371054530144 0.257673680782318 0.283561676740646 0.301995992660522 0.332940697669983 0.345891565084457 0.363737851381302 0.388607144355774 0.407129406929016 0.417744934558868 0.461243897676468 0.503199696540833 0.556458294391632 0.635269105434418 0.65202522277832 0.687720715999603 0.745236456394196 0.786065101623535 0.771270930767059 0.800148963928223 0.814532279968262 0.80175244808197 0.812936961650848 0.826714813709259 0.802801728248596 0.815359771251678 0.821943819522858 0.795884430408478 0.8065505027771 0.819179177284241
0.284542739391327 0.269051402807236 0.234056919813156 0.210385903716087 0.209241047501564 0.202686205506325 0.204831853508949 0.200915679335594 0.201269909739494 0.201566368341446 0.217557802796364 0.227627709507942 0.242493703961372 0.249408453702927 0.262222498655319 0.27614364027977 0.299295783042908 0.29212749004364 0.30305027961731 0.332053065299988 0.340744107961655 0.387981325387955 0.418652683496475 0.439005732536316 0.446998566389084 0.469171673059464 0.520986258983612 0.572194993495941 0.591542601585388 0.640143990516663 0.71440589427948 0.714899778366089 0.759209096431732 0.787960171699524 0.814274072647095 0.812555313110352 0.824807405471802 0.813779532909393 0.815500378608704 0.801882147789001 0.810831665992737 0.810424327850342 0.797085285186768 0.820454597473145
0.302650928497314 0.285859316587448 0.244873449206352 0.223832309246063 0.209682032465935 0.207009300589561 0.193650588393211 0.192163780331612 0.19276450574398 0.199993371963501 0.217998862266541 0.224784761667252 0.247204795479774 0.253514021635056 0.252942353487015 0.278739631175995 0.293911188840866 0.279814392328262 0.29326668381691 0.322232991456985 0.343987584114075 0.388374030590057 0.426493167877197 0.44086229801178 0.472625702619553 0.478828698396683 0.52539473772049 0.540544509887695 0.580194771289825 0.603704392910004 0.619060695171356 0.670110940933228 0.727281153202057 0.759190261363983 0.810050427913666 0.788795232772827 0.790413916110992 0.804891765117645 0.826797842979431 0.816395699977875 0.803280591964722 0.815479218959808 0.820796966552734 0.807320833206177
0.340152055025101 0.305486291646957 0.291695713996887 0.266195327043533 0.253026783466339 0.209291040897369 0.196008816361427 0.198236107826233 0.203195631504059 0.201040834188461 0.212231352925301 0.236332282423973 0.241372317075729 0.249719113111496 0.265897959470749 0.256774306297302 0.272287666797638 0.287801057100296 0.315625727176666 0.334274530410767 0.34986612200737 0.374501705169678 0.430312067270279 0.464075833559036 0.480445742607117 0.502514719963074 0.534701406955719 0.555283486843109 0.57930326461792 0.604840159416199 0.654110193252563 0.713761627674103 0.729109168052673 0.797089278697968 0.761811673641205 0.800564706325531 0.803946793079376 0.804143011569977 0.778456032276154 0.79373687505722 0.795572578907013 0.79415762424469 0.788499176502228 0.825432240962982
0.402692228555679 0.366573929786682 0.323306024074554 0.28604856133461 0.243122041225433 0.203921854496002 0.197569191455841 0.197121009230614 0.199217244982719 0.18640224635601 0.20255021750927 0.232385098934174 0.235704079270363 0.248611599206924 0.264750987291336 0.276723980903625 0.276847302913666 0.300490856170654 0.319296956062317 0.336168318986893 0.351267606019974 0.377325415611267 0.404215693473816 0.427675276994705 0.458879172801971 0.514137804508209 0.548308789730072 0.567685544490814 0.602743625640869 0.636857748031616 0.666140258312225 0.7148677110672 0.740191221237183 0.760149717330933 0.760703980922699 0.774052858352661 0.788075387477875 0.802895426750183 0.775926828384399 0.777711689472198 0.791588544845581 0.778449952602386 0.805015623569489 0.798962950706482
0.444117695093155 0.437300086021423 0.409845411777496 0.337868452072144 0.247755005955696 0.224668428301811 0.206665083765984 0.201570764183998 0.203674390912056 0.189891919493675 0.191412225365639 0.220182940363884 0.232323944568634 0.251480102539062 0.277897566556931 0.280700474977493 0.28903266787529 0.31405833363533 0.314159005880356 0.339892387390137 0.377769827842712 0.404283165931702 0.417692184448242 0.444921463727951 0.480064451694489 0.541748464107513 0.569656908512115 0.58854067325592 0.646069347858429 0.653544545173645 0.682782888412476 0.716467559337616 0.715279638767242 0.74483847618103 0.786694347858429 0.802591145038605 0.813891351222992 0.788142085075378 0.802890717983246 0.789700150489807 0.789696156978607 0.800612986087799 0.819079399108887 0.820789039134979
0.491040915250778 0.479446023702621 0.455224603414536 0.394939661026001 0.268748342990875 0.23469665646553 0.223371461033821 0.213970392942429 0.208697900176048 0.21132817864418 0.247185498476028 0.265668332576752 0.263954758644104 0.277086198329926 0.321150422096252 0.314835458993912 0.333344161510468 0.335462898015976 0.352171629667282 0.395250499248505 0.419109255075455 0.421882390975952 0.480691313743591 0.496202558279037 0.527242183685303 0.544353067874908 0.547114908695221 0.607895195484161 0.653380990028381 0.655545592308044 0.670345783233643 0.715978443622589 0.731473982334137 0.758992969989777 0.775392949581146 0.813584387302399 0.808981776237488 0.822507083415985 0.822240471839905 0.834464848041534 0.820043623447418 0.819860458374023 0.819192588329315 0.826359272003174
0.494551599025726 0.49372062087059 0.480243325233459 0.441985428333282 0.396758019924164 0.329294979572296 0.291925370693207 0.257961928844452 0.272662997245789 0.25881814956665 0.241419494152069 0.252092272043228 0.275616943836212 0.291806399822235 0.318322718143463 0.324363172054291 0.331889271736145 0.368649691343307 0.344988763332367 0.349841058254242 0.373636245727539 0.444269925355911 0.468032836914062 0.541558921337128 0.583977222442627 0.603451013565063 0.636556029319763 0.640851736068726 0.655834555625916 0.695392191410065 0.72690337896347 0.725234150886536 0.740275323390961 0.782861292362213 0.821213126182556 0.821760594844818 0.822377979755402 0.846753597259521 0.858584463596344 0.84063309431076 0.851745307445526 0.849481225013733 0.866120278835297 0.852532804012299
0.460386604070663 0.479604452848434 0.485672980546951 0.484275430440903 0.464318573474884 0.415863811969757 0.333802223205566 0.253397941589355 0.23174624145031 0.244558781385422 0.254913449287415 0.267894923686981 0.283256024122238 0.304733842611313 0.318911075592041 0.339315056800842 0.367525786161423 0.399873226881027 0.42089706659317 0.433484971523285 0.472883969545364 0.543697893619537 0.550095200538635 0.642305076122284 0.663699686527252 0.694606721401215 0.701998353004456 0.699950873851776 0.697698533535004 0.727085709571838 0.772235512733459 0.782508015632629 0.783166468143463 0.797154247760773 0.829220652580261 0.853835701942444 0.84259045124054 0.86542147397995 0.860614657402039 0.86964076757431 0.855262160301208 0.84879469871521 0.85803359746933 0.855747222900391
0.443721503019333 0.470579624176025 0.449968755245209 0.437324970960617 0.429485887289047 0.41010108590126 0.330924451351166 0.27549147605896 0.254729747772217 0.25256472826004 0.263492941856384 0.281609296798706 0.289433002471924 0.31377187371254 0.335459321737289 0.359061747789383 0.387815892696381 0.437639385461807 0.473240107297897 0.542189121246338 0.545460045337677 0.592307388782501 0.622896075248718 0.702686727046967 0.738300919532776 0.754305362701416 0.758215487003326 0.744610607624054 0.746571838855743 0.781050205230713 0.781864166259766 0.80716210603714 0.839630424976349 0.848930478096008 0.849274277687073 0.86062628030777 0.870063960552216 0.866206526756287 0.869531214237213 0.856486201286316 0.861431062221527 0.847653031349182 0.855607807636261 0.863797903060913
