data/climate_estimation/maxent_output/Calochortus_apiculatus.asc
NCOLS 228 
NROWS 105 
XLLCORNER -122.583333333333 
YLLCORNER 42.9166666666667 
CELLSIZE 0.0833333333333333 
NODATA_value -3.4e+38 
[rows 38 to 56 of 105, columns 129 to 171 of 228]
0.000804559967946261 0.00074303214205429 0.000620750244706869 0.000516515749040991 0.000447942729806527 0.000350992835592479 0.000327216694131494 0.000310076866298914 0.000254231417784467 0.000168667931575328 0.000147601953358389 0.000178120331838727 0.000169145976542495 0.000161312185809948 0.000143069613841362 0.000119649164844304 0.000108140149677638 9.6657189715188e-05 7.64693977544084e-05 6.28074049018323e-05 5.57554631086532e-05 7.89484329288825e-05 6.88368381815962e-05 6.39435820630752e-05 0.000134202477056533 0.000232192294788547 0.000349892186932266 0.000413815840147436 0.000375988864107057 0.000430736632551998 0.000410388398449868 0.00039446193841286 0.00032298086443916 0.000218675151700154 0.000149254075950012 0.000168762999237515 0.00011375205940567 9.98475079541095e-05 8.10628407634795e-05 8.16712708910927e-05 4.20903961639851e-05 5.03030169056728e-05 5.33334823558107e-05
0.000677377334795892 0.000609198526944965 0.000546794442925602 0.000511164194904268 0.000440836767666042 0.000368548935512081 0.000274339196039364 0.000212640079553239 0.000193846906768158 0.000160096955369227 0.000132926448713988 0.000124649857752956 0.0001403300993843 0.000127988547319546 0.000114886875962839 0.000113460526335984 0.000122162586194463 0.000105741717561614 9.88349129329436e-05 8.4634535596706e-05 7.56083391024731e-05 6.34312891634181e-05 6.05676032137126e-05 0.000113064910692628 0.000395403476431966 0.000913539552129805 0.00127928180154413 0.00132545700762421 0.00123018864542246 0.00139345100615174 0.00124733045231551 0.00075954053318128 0.00085346115520224 0.000734966539312154 0.000590944197028875 0.00028673090855591 0.000157131464220583 0.000130722924950533 7.9129429650493e-05 6.16678371443413e-05 5.88279399380554e-05 3.87117979698814e-05 3.75805830117315e-05
0.000761159870307893 0.00111200998071581 0.00105014687869698 0.000933099479880184 0.000711350934579968 0.000570026226341724 0.000403383834054694 0.000214929794310592 0.000162909011123702 0.000152924825670198 0.000137480223202147 0.000117715244414285 0.000113554342533462 9.95856389636174e-05 0.000123232341138646 0.000116230199637357 0.000103240534372162 9.24272535485215e-05 8.42196604935452e-05 9.23399056773633e-05 8.14843224361539e-05 7.16749491402879e-05 0.000148306571645662 0.000387894251616672 0.0013413381529972 0.00274502765387297 0.0027414292562753 0.00280221342109144 0.00312102795578539 0.00326895527541637 0.00332146440632641 0.00240141339600086 0.00204205652698874 0.00200247648172081 0.000964420556556433 0.000515780935529619 0.000312541145831347 0.000147175742313266 8.7962907855399e-05 7.99152403487824e-05 6.91147724865004e-05 4.92858634970617e-05 4.80090020573698e-05
0.000942963233683258 0.000874494318850338 0.000975053641013801 0.000772601517383009 0.000719961419235915 0.000574464560486376 0.000405265658628196 0.000362110033165663 0.000318021280691028 0.000255218503298238 0.000209207559237257 0.000210424128454179 0.000188030753633939 0.000224639443331398 0.000120898570457939 0.000181321505806409 0.000145637095556594 0.000135551104904152 0.000120921955385711 0.000122958474094048 0.000106944848084822 0.000103461446997244 0.000271832657745108 0.00226577487774193 0.00457540480419993 0.00896222051233053 0.0090791629627347 0.00699684582650661 0.00686446018517017 0.00673910370096564 0.00383304548449814 0.00391885032877326 0.00545100122690201 0.00272916816174984 0.0010106653207913 0.000504819035995752 0.000331223563989624 0.000199642323423177 0.000133191962959245 0.000100540521088988 7.8549979662057e-05 6.78276846883819e-05 5.44184695172589e-05
0.00126288365572691 0.00102531490847468 0.000880927604157478 0.000788301695138216 0.000718015537131578 0.000761480827350169 0.000673882197588682 0.000714546767994761 0.00058733846526593 0.000484872085507959 0.00042316218605265 0.000508643628563732 0.00049664790276438 0.000326612498611212 0.000299915380310267 0.000260204600635916 0.000228315722779371 0.000203550080186687 0.000176751389517449 0.000128466461319476 9.20741003938019e-05 0.000184085409273393 0.000535521714482456 0.00226974417455494 0.00685531040653586 0.0105792712420225 0.00965521391481161 0.009598926641047 0.009598926641047 0.00541980192065239 0.00360392103902996 0.00258336099795997 0.00270929769612849 0.00172299600671977 0.000848121009767056 0.000487416400574148 0.000342492887284607 0.000278041436104104 0.000200674840016291 0.00031128543196246 0.000157183254486881 8.86950365384109e-05 6.62004749756306e-05
0.00129368901252747 0.00108286365866661 0.000978733762167394 0.00100610731169581 0.00105033710133284 0.00107804732397199 0.00118452159222215 0.00130175414960831 0.000874434248544276 0.0011172266677022 0.00108025153167546 0.000907249748706818 0.000816289335489273 0.000480304181110114 0.000413355504861102 0.000390570174204186 0.000338841084158048 0.00023587430769112 0.00013922865036875 0.000116122319013812 0.000117591043817811 0.000279489671811461 0.000574136502109468 0.0011078316019848 0.00147108256351203 0.00233209854923189 0.00273285945877433 0.0036451134365052 0.00404973793774843 0.00405357824638486 0.00286705023609102 0.00159391993656754 0.000860695901792496 0.000682649435475469 0.00044749621883966 0.000401704717660323 0.000597405771259218 0.000703158206306398 0.000927813001908362 0.000861946784425527 0.000316143035888672 0.000144874647958204 8.10104684205726e-05
0.00141694443300366 0.00128065305761993 0.00117193860933185 0.00130027334671468 0.00102204352151603 0.00128539593424648 0.00124020385555923 0.00110195181332529 0.0012797168456018 0.00141016382258385 0.00100828020367771 0.000778551213443279 0.000962990568950772 0.000592991069424897 0.000387801235774532 0.000293335382593796 0.000255807681242004 0.000215132982702926 0.000228783203056082 0.000251556193688884 0.000221905123908073 0.000202845651074313 0.000291723001282662 0.000440122792497277 0.000577133614569902 0.000675953167956322 0.000969656044617295 0.0010518190683797 0.00149244687054306 0.00224668486043811 0.00163508194964379 0.000861011445522308 0.00080626254202798 0.000370214052964002 0.00062663882272318 0.000724632758647203 0.00101907772477716 0.00216724420897663 0.00366014568135142 0.00333929294720292 0.00145217915996909 0.000237307482166216 0.000131666762172244
0.00164565863087773 0.00159525487106293 0.00190923339687288 0.00174869515467435 0.00193495489656925 0.00169122091028839 0.00181424967013299 0.00151430361438543 0.00118949508760124 0.00102407322265208 0.000962225429248065 0.00110495358239859 0.00098100898321718 0.000855557213071734 0.000647714245133102 0.000453972548712045 0.000450189021648839 0.000558661296963692 0.000588457041885704 0.000675222254358232 0.000558632658794522 0.000239409739151597 0.000289395800791681 0.000272941804723814 0.000408028863603249 0.000547207135241479 0.000469301157863811 0.000553242396563292 0.000659085286315531 0.00117324700113386 0.000779570487793535 0.000541186484042555 0.000543600355740637 0.000318473263178021 0.000225817057071254 0.000380988349206746 0.000746991019695997 0.00141604244709015 0.00164539646357298 0.00143186165951192 0.000495425192639232 0.000223243696382269 0.00013850956747774
0.00186306610703468 0.00238341349177063 0.00238442979753017 0.00297741242684424 0.0036906071472913 0.00445089349523187 0.00392050016671419 0.00281734298914671 0.00229363772086799 0.00248158606700599 0.00216368515975773 0.0016568141290918 0.00141105661168694 0.00127546058502048 0.001322744297795 0.00195578997954726 0.00241547496989369 0.0023125575389713 0.00144542031921446 0.00119284098036587 0.000664668681565672 0.000349877314874902 0.000324282940709963 0.000347190594766289 0.000259346299571916 0.000153118569869548 0.000232559439609759 0.000313905184157193 0.000519636960234493 0.000518609944265336 0.000295986275887117 0.000291121628833935 0.000270154880126938 0.000150575520819984 0.000126377402921207 0.000168030805070885 0.000304979039356112 0.00030359736410901 0.000282834400422871 0.00026149966288358 0.000197028610273264 0.000159584495122544 9.61977348197252e-05
0.00199319631792605 0.00213084509596229 0.0026995949447155 0.00333095830865204 0.00418504746630788 0.00507601350545883 0.00635381462052464 0.00506822904571891 0.00481035700067878 0.00269831623882055 0.00208457023836672 0.00351327355019748 0.00479539716616273 0.00494859041646123 0.00291834771633148 0.00716491881757975 0.00415466772392392 0.00293124164454639 0.00158408144488931 0.00100002763792872 0.000712292909156531 0.000740657211281359 0.000478784291772172 0.000210644138860516 0.000419664051150903 0.00028029759414494 0.00015623532817699 0.000262723944615573 0.000325839675497264 0.000321839150274172 0.000610640447121114 0.000662211154121906 0.000411262706620619 0.000339739868650213 0.000173886015545577 0.000124888101709075 0.00010118795762537 0.000152408363646828 0.000127782201161608 0.00011855556658702 0.000146023739944212 0.000124401980428956 8.25406386866234e-05
0.00238551385700703 0.00302132056094706 0.00297795934602618 0.00371136656031013 0.00540797086432576 0.0072505883872509 0.00756494887173176 0.00644954759627581 0.00496815936639905 0.00253560137934983 0.00426935683935881 0.00737664056941867 0.0143679017201066 0.0143120717257261 0.00841904897242785 0.0127161256968975 0.00930387154221535 0.00366994366049767 0.00219765095971525 0.00125433329958469 0.00110795081127435 0.000716919719707221 0.000956441508606076 0.000447419413831085 0.000625741493422538 0.00052670092554763 0.000228819582844153 0.000790369347669184 0.00072635686956346 0.000617600337136537 0.000635061413049698 0.000694280315656215 0.000622239196673036 0.000348347472026944 0.000193560670595616 0.000140738498885185 9.60886754910462e-05 7.78202593210153e-05 7.89372352301143e-05 5.67423849133775e-05 5.9284306189511e-05 6.54883697279729e-05 6.17579280515201e-05
0.00250646681524813 0.00283462344668806 0.00248700310476124 0.00354823283851147 0.00415291357785463 0.00528464093804359 0.00679523916915059 0.00595673639327288 0.00538915069773793 0.00540136452764273 0.00715841492637992 0.0117250168696046 0.0294562075287104 0.0668059960007668 0.0930204316973686 0.090747095644474 0.0402280986309052 0.00876518432050943 0.00541845988482237 0.00196515861898661 0.00187514291610569 0.00163669465109706 0.00110089359804988 0.000569841417018324 0.00134772446472198 0.001001862809062 0.000482285919133574 0.000583465734962374 0.00106371333822608 0.00085514405509457 0.000764052500016987 0.000743806187529117 0.000437080860137939 0.000216415064642206 0.000172057611052878 0.000166610232554376 0.000146943944855593 0.000167378850164823 0.000141695985803381 0.000135270776809193 9.70725377555937e-05 7.04699341440573e-05 7.49198152334429e-05
0.00372794410213828 0.00527433399111032 0.00440351385623217 0.00407489808276296 0.00540333334356546 0.0088863717392087 0.00666914181783795 0.00708128279075027 0.00942127965390682 0.0113340774551034 0.0156952477991581 0.0161380004137754 0.0484834536910057 0.104962602257729 0.124832883477211 0.122445620596409 0.102051176130772 0.0377131029963493 0.0214695557951927 0.00853494182229042 0.00139784091152251 0.00125506962649524 0.00141787086613476 0.00149655097629875 0.00180001405533403 0.00102199835237116 0.000821190304122865 0.00116225250530988 0.00124508619774133 0.00170638493727893 0.00160639465320855 0.00132746447343379 0.000548961048480123 0.000319574784953147 0.000261475797742605 0.000253520323894918 0.000231029291171581 0.000185655240784399 0.000130260159494355 0.00011397620983189 0.000111028886749409 9.31572722038254e-05 8.02424328867346e-05
0.00324562564492226 0.00389559171162546 0.00427167396992445 0.00377432000823319 0.00569027429446578 0.00943118799477816 0.0124974735081196 0.016364574432373 0.0161141902208328 0.0245996601879597 0.024908259510994 0.031223701313138 0.0471488684415817 0.0933122634887695 0.114495128393173 0.0931402817368507 0.0585989393293858 0.0246896967291832 0.00931447371840477 0.00383174396120012 0.00443861121311784 0.00308948778547347 0.00266254460439086 0.0025796911213547 0.00165565544739366 0.00131779711227864 0.00159804883878678 0.00284587871283293 0.00431625684723258 0.00379790482111275 0.00271334475837648 0.00210444536060095 0.00144819775596261 0.00117840722668916 0.000704783073160797 0.000423396588303149 0.000342195300618187 0.000266164191998541 0.000179241556907073 0.000162728174473159 0.000155925794388168 0.000154212713823654 0.000136786780785769
0.00886404234915972 0.00540023390203714 0.00425707409158349 0.00692719547078013 0.00696248235180974 0.0126681923866272 0.0180581510066986 0.0235706586390734 0.0246308986097574 0.0333729386329651 0.0427310019731522 0.0416114814579487 0.0437701866030693 0.0685259029269218 0.0673102810978889 0.0525411441922188 0.0316045060753822 0.0227346308529377 0.0146358488127589 0.0105719845741987 0.00665230164304376 0.00444949604570866 0.00361255835741758 0.00258477497845888 0.00220301770605147 0.00149512768257409 0.00371867534704506 0.0090462164953351 0.0162898637354374 0.0076059065759182 0.00770207401365042 0.00614332873374224 0.00592807587236166 0.00392541009932756 0.00114475283771753 0.000654283503536135 0.00046308187302202 0.000306794681819156 0.000278143503237516 0.000239999775658362 0.000184891498065554 0.000161834293976426 0.000152390843140893
0.00912192463874817 0.00602809432893991 0.00689109973609447 0.0106933610513806 0.00993511267006397 0.00953662302345037 0.0219383705407381 0.0293004456907511 0.0378976128995419 0.050342220813036 0.0400862246751785 0.0607752539217472 0.0725413709878922 0.0610191524028778 0.0608587674796581 0.0501693561673164 0.0369895994663239 0.0270765125751495 0.019013375043869 0.0135204689577222 0.00904334802180529 0.0081840930506587 0.00494502298533916 0.00380024570040405 0.00366877019405365 0.00252549583092332 0.0030773994512856 0.0110580725595355 0.00940129533410072 0.0099523514509201 0.021510710939765 0.0347510986030102 0.0166408196091652 0.0075565418228507 0.0021597626619041 0.000800090492703021 0.000614662480074912 0.000410452688811347 0.000329881033394486 0.000269915646640584 0.000266549206571653 0.000227260999963619 0.000174940039869398
0.0181517209857702 0.0239159371703863 0.0295273046940565 0.0148212350904942 0.0138668203726411 0.0190738569945097 0.0173307899385691 0.038826584815979 0.0495003312826157 0.069722443819046 0.0513177253305912 0.0626443102955818 0.0725870877504349 0.0981948003172874 0.113530986011028 0.0830484256148338 0.059612724930048 0.0316962450742722 0.0223325546830893 0.0126447137445211 0.0113629149273038 0.00770858908072114 0.00919339433312416 0.00808540172874928 0.00657845241948962 0.00474577909335494 0.00427396595478058 0.00916048232465982 0.0103284399956465 0.0190421417355537 0.0294707901775837 0.0228005554527044 0.00775342574343085 0.00339058297686279 0.00180670793633908 0.00106792571023107 0.000680898665450513 0.000529544544406235 0.000473346677608788 0.00035566944279708 0.000284623471088707 0.000242948895902373 0.000225558134843595
0.0287166722118855 0.0444723516702652 0.0231609120965004 0.0153232272714376 0.018858902156353 0.0191271975636482 0.0144067415967584 0.0384795814752579 0.0792645812034607 0.109516926109791 0.0957125201821327 0.121544159948826 0.0709168910980225 0.112887352705002 0.117046929895878 0.125589847564697 0.0822569504380226 0.0498529896140099 0.0315036475658417 0.0180288925766945 0.0126408711075783 0.0119313225150108 0.00861470121890306 0.00716763501986861 0.00724219018593431 0.00662459712475538 0.00816952437162399 0.0122972643002868 0.0121568692848086 0.012009110301733 0.0193844474852085 0.0154252592474222 0.00894730631262064 0.00392495701089501 0.00250506331212819 0.00161532615311444 0.00123677763622254 0.000890223367605358 0.000659997283946723 0.000523254042491317 0.000387453939765692 0.000319879414746538 0.000196206427062862
0.0364903546869755 0.0530327595770359 0.0288926251232624 0.0288101360201836 0.0436781644821167 0.023469615727663 0.0142384683713317 0.0296607632189989 0.045839499682188 0.0940893664956093 0.121451772749424 0.133489355444908 0.118662588298321 0.130370020866394 0.159942433238029 0.141690939664841 0.131289049983025 0.120798751711845 0.057410292327404 0.0306513924151659 0.0140489665791392 0.0101401163265109 0.00935470499098301 0.00805599149316549 0.00643158284947276 0.00978484749794006 0.0126501945778728 0.0191582012921572 0.0273921303451061 0.0271256361156702 0.0216663051396608 0.0210809893906116 0.013113115914166 0.0124858180060983 0.00784559268504381 0.0045564086176455 0.00303466618061066 0.00270830979570746 0.000839901797007769 0.00053976901108399 0.000409855128964409 0.000274797319434583 0.000243007452809252
