data/climate_estimation/maxent_output/Calochortus_tolmiei.asc
NCOLS 88 
NROWS 108 
XLLCORNER -124.5 
YLLCORNER 36.75 
CELLSIZE 0.0833333333333333 
NODATA_value -3.4e+38 
[rows 40 to 59 of 108, columns 43 to 85 of 88]
0.0200253389775753 0.0223375521600246 0.024560421705246 0.0214638151228428 0.0175665281713009 0.0160093363374472 0.0123451063409448 0.00905706640332937 0.00975141581147909 0.00721099879592657 0.00487837847322226 0.00349581148475409 0.00231417897157371 0.00387824606150389 0.00337570859119296 0.00282850279472768 0.00236713769845665 0.00225886492989957 0.00225767749361694 0.00220889854244888 0.00187989976257086 0.00196418189443648 0.00186473596841097 0.00185592158231884 0.00193745491560549 0.00195970013737679 0.00177812564652413 0.00147121073678136 0.00131739012431353 0.00159939483273774 0.00172235025092959 0.00135653186589479 0.00133287452626973 0.00145274144597352 0.00145012803841382 0.00161677098367363 0.00148848164826632 0.00142369675450027 0.00143989373464137 0.00141676946077496 0.0015105897327885 0.00147429353091866 0.00143531383946538
0.025334594771266 0.0229982640594244 0.0232938416302204 0.0246164482086897 0.019431171938777 0.0158014912158251 0.0115260789170861 0.0119777824729681 0.0125112850219011 0.00996187422424555 0.00626243650913239 0.00503731751814485 0.00366088561713696 0.00254980009049177 0.00317528704181314 0.00282261078245938 0.0022341285366565 0.00217274995520711 0.00217975210398436 0.0018681368092075 0.00168402155395597 0.00190549530088902 0.00174186297226697 0.00185537373181432 0.0018989893142134 0.00176384870428592 0.00204872875474393 0.00132824259344488 0.00135970523115247 0.00175523071084172 0.00187300622928888 0.00162879435811192 0.00155356049071997 0.00149047968443483 0.00172022392507643 0.00140915904194117 0.00145473447628319 0.00152164977043867 0.00128816347569227 0.00144402321893722 0.00135636399500072 0.00137635145802051 0.0014641493326053
0.0241073239594698 0.0248696487396955 0.0205974727869034 0.0228760000318289 0.0200336743146181 0.0164678785949945 0.0158561915159225 0.0144743826240301 0.0114937638863921 0.00848031975328922 0.00613194890320301 0.00606196420267224 0.00316860200837255 0.0026836737524718 0.00342167261987925 0.00325064943172038 0.00233837892301381 0.0020047624129802 0.00184612686280161 0.0021358800586313 0.00169963901862502 0.00173358514439315 0.00172429205849767 0.00165978108998388 0.00181206839624792 0.00162202003411949 0.00178732757922262 0.00134476274251938 0.00124746514484286 0.00185253808740526 0.00169620616361499 0.00170977902598679 0.00153476651757956 0.0017327576642856 0.00180462771095335 0.00153421924915165 0.00125335133634508 0.00126051425468177 0.00143978267442435 0.00153134658467025 0.00153776770457625 0.00141038617584854 0.00164650799706578
0.0210786741226912 0.0220624282956123 0.0242025535553694 0.0215695444494486 0.018830856308341 0.018037149682641 0.0162675175815821 0.016082264482975 0.0132541293278337 0.0104000326246023 0.00786801800131798 0.00590522866696119 0.0033937762491405 0.00304884393699467 0.00348931108601391 0.00317830196581781 0.00234343344345689 0.00218634633347392 0.00200656591914594 0.00197767210192978 0.00198979582637548 0.00164355896413326 0.00167618750128895 0.00153708993457258 0.00151867244858295 0.00163641362451017 0.00185972719918936 0.00200486485846341 0.0013516623293981 0.001661830348894 0.00183871365152299 0.00189743132796139 0.00182959879748523 0.00165464740712196 0.00188335264101624 0.00202230550348759 0.00132140447385609 0.00105860712938011 0.00135504768695682 0.00158106919843704 0.00172335794195533 0.00173299864400178 0.00164136930834502
0.0232190005481243 0.023408530279994 0.0211770292371511 0.0226773899048567 0.0183822587132454 0.0195391699671745 0.0200751796364784 0.0163480993360281 0.0152408992871642 0.01190928183496 0.0082705644890666 0.00723474100232124 0.00553052965551615 0.00354747823439538 0.0041808383539319 0.00296754715964198 0.00276676914654672 0.0023539774119854 0.00228469935245812 0.00191185914445668 0.0016204098938033 0.00143147609196603 0.00171018915716559 0.00136116030625999 0.00148031301796436 0.00142295123077929 0.00167475116904825 0.00203735707327724 0.00124157359823585 0.0015836211387068 0.00175709824543446 0.00219438411295414 0.00192339194472879 0.00157439347822219 0.00160156551282853 0.00161173252854496 0.00138718716334552 0.000954336719587445 0.0010906831594184 0.00144633499439806 0.00163377192802727 0.00162614451255649 0.00164813385345042
0.0183276869356632 0.0216876491904259 0.0219700690358877 0.0213195774704218 0.0217907037585974 0.0184961538761854 0.0198773741722107 0.0178541839122772 0.0161762349307537 0.013808399438858 0.010059954598546 0.00812701042741537 0.00700347730889916 0.00503976503387094 0.00426009157672524 0.00317459250800312 0.00258848932571709 0.00253606168553233 0.00260289921425283 0.0021799688693136 0.00160810246597975 0.00141538283787668 0.00142493180464953 0.00125429045874625 0.00125016923993826 0.00113358092494309 0.00163732143118978 0.00135308958124369 0.00143966462928802 0.0017177970148623 0.00165911053773016 0.00184680707752705 0.00176470750011504 0.00159580260515213 0.00158807274419814 0.00170362531207502 0.00145653216168284 0.00105855171568692 0.00104661367367953 0.00131670944392681 0.0015909771900624 0.00176665489561856 0.00180133490357548
0.0179129783064127 0.0167932864278555 0.0169801488518715 0.0179977919906378 0.0172707047313452 0.0179947782307863 0.0205128267407417 0.0176168084144592 0.0174855850636959 0.0201996471732855 0.0126401670277119 0.00822662841528654 0.00741208624094725 0.00587205914780498 0.00418280996382236 0.00380710046738386 0.00300953676924109 0.00226970529183745 0.00301000289618969 0.00212663621641695 0.00169931806158274 0.0014680823078379 0.001202825573273 0.00135881011374295 0.00109866727143526 0.000916452321689576 0.00119988585356623 0.00144106615334749 0.00151619943790138 0.00168740260414779 0.00171432725619525 0.001404142472893 0.00157223781570792 0.00161584315355867 0.00173976318910718 0.00163608940783888 0.00165241677314043 0.00138075009454042 0.00106402230449021 0.00163220043759793 0.00175691954791546 0.00216175802052021 0.00193176814354956
0.0178887937217951 0.0170186348259449 0.0165017191320658 0.0162770040333271 0.0161718782037497 0.0188531540334225 0.0187023747712374 0.0187592338770628 0.0171860456466675 0.0184117127209902 0.0124530997127295 0.00947171170264482 0.00639983033761382 0.00536029972136021 0.00408971821889281 0.00375355081632733 0.00281645846553147 0.00255803111940622 0.00230279937386513 0.00215050368569791 0.00180197949521244 0.0013930193381384 0.001292027765885 0.00129096629098058 0.00129689858295023 0.000896959390956908 0.00135276757646352 0.00151465402450413 0.0011367192491889 0.0018164812354371 0.00156071316450834 0.00146222102921456 0.00104065763298422 0.00178422289900482 0.0016027552774176 0.00156395474914461 0.00133078568615019 0.00117321638390422 0.0012191841378808 0.0018613439751789 0.0020936403889209 0.00202839961275458 0.00181683455593884
0.0184509921818972 0.0176396127790213 0.0148941474035382 0.0142578603699803 0.0148448571562767 0.0163693577051163 0.0164051819592714 0.0178103186190128 0.0156155489385128 0.0123945912346244 0.0117126824334264 0.0088709769770503 0.0068943933583796 0.00521104549989104 0.00487434398382902 0.00377876381389797 0.00292423646897078 0.00269492994993925 0.00234327930957079 0.00218045362271369 0.00179745221976191 0.0015830002957955 0.00150368001777679 0.00135568983387202 0.000926334934774786 0.00142687989864498 0.00185272831004113 0.00179255683906376 0.00096656393725425 0.00126190122682601 0.00178328226320446 0.00163737288676202 0.0010194779606536 0.00152805098332465 0.0016349166398868 0.00123554887250066 0.00112555059604347 0.00106063159182668 0.00170080666430295 0.0019391345558688 0.00197492050938308 0.00201294920407236 0.00202012760564685
0.01772440969944 0.0163427963852882 0.0157874412834644 0.0137638375163078 0.0145224248990417 0.0129063678905368 0.0150007000193 0.0177644435316324 0.0147001128643751 0.011034969240427 0.0108171850442886 0.00876377336680889 0.00669756438583136 0.00605181930586696 0.00450890650972724 0.00343045243062079 0.00303320004604757 0.00260374438948929 0.00235225562937558 0.00225410680286586 0.00174987025093287 0.00137624912895262 0.00173696514684707 0.00135127129033208 0.00124006893020123 0.00173486478161067 0.00175691116601229 0.00168064888566732 0.00082056870451197 0.000870227406267077 0.00112059619277716 0.00136533391196281 0.00101001875009388 0.000992461224086583 0.00186806719284505 0.00116173003334552 0.00102458114270121 0.00123622617684305 0.00190768879838288 0.00201538321562111 0.00188378256279975 0.00215206947177649 0.00197814614512026
0.017978036776185 0.0159566551446915 0.0154553689062595 0.0129676228389144 0.010704099200666 0.0102166309952736 0.0140595873817801 0.0172589272260666 0.0124100930988789 0.00887922942638397 0.00756425643339753 0.00847249757498503 0.00691843638196588 0.00557211181148887 0.00426660850644112 0.00375832221470773 0.00312807410955429 0.00254576513543725 0.00205397023819387 0.00191639852710068 0.00197796546854079 0.00175895250868052 0.00139789271634072 0.00181066850200295 0.00150463031604886 0.00123731803614646 0.000986792147159576 0.00166187377180904 0.000776783272158355 0.000787858210969716 0.000762956740800291 0.000979657517746091 0.000791342870797962 0.000895552977453917 0.00145029835402966 0.00108399614691734 0.00102929270360619 0.00120394479017705 0.00188779318705201 0.0018931666854769 0.00171819387469441 0.00200327043421566 0.00196640426293015
0.0267681926488876 0.0194851737469435 0.0154915144667029 0.00994841754436493 0.00857048202306032 0.0101592000573874 0.0137807056307793 0.0158886443823576 0.0149075854569674 0.00720266904681921 0.00626198714599013 0.0079200379550457 0.00672042090445757 0.00459889555349946 0.00449628476053476 0.00383523642085493 0.00294652790762484 0.00233653141185641 0.00219054217450321 0.0019110549474135 0.00173467886634171 0.00148755044210702 0.00149974750820547 0.00204187352210283 0.00134705239906907 0.000694888236466795 0.000645800260826945 0.000780006521381438 0.000633217045105994 0.00111557671334594 0.000810045283287764 0.000764602387789637 0.000764002790674567 0.000792692182585597 0.000953517155721784 0.000876388396136463 0.000885507673956454 0.00121411588042974 0.00204393174499273 0.00202655745670199 0.00148725660983473 0.00139305472839624 0.00155239878222346
0.0232736580073833 0.0188173484057188 0.0135099673643708 0.0121811768040061 0.00941371265798807 0.0109689217060804 0.0138724269345403 0.0153161734342575 0.0196986999362707 0.00797549914568663 0.0053616133518517 0.00716293416917324 0.00610198779031634 0.00480446452274919 0.00414575776085258 0.0032820925116539 0.00296352314762771 0.0023072324693203 0.00223079114221036 0.00205177068710327 0.00117712398059666 0.00161827390547842 0.00149492803029716 0.00149915285874158 0.000706985301803797 0.000682523241266608 0.000604903034400195 0.000599500315729529 0.000676574651151896 0.00173605640884489 0.0015629919944331 0.000858903105836362 0.000683074351400137 0.000753021333366632 0.000861103704664856 0.000941076956223696 0.000899921345990151 0.00122063094750047 0.00201335269957781 0.00179084343835711 0.00134911830537021 0.00149896380025893 0.00158031471073627
0.0253371298313141 0.0261178109794855 0.0153604540973902 0.0136922067031264 0.0102821877226233 0.0105033237487078 0.0139468116685748 0.013472780585289 0.0195023249834776 0.00898713804781437 0.00480002257972956 0.00707042263820767 0.00687926169484854 0.00550060020759702 0.00353953754529357 0.00316960504278541 0.00286347651854157 0.00243623228743672 0.0020983291324228 0.00158048223238438 0.00108069309499115 0.0013297360856086 0.00165411015041173 0.00106292602140456 0.000679114949889481 0.000634275667835027 0.000591514050029218 0.000565099937375635 0.00100424641277641 0.0015411073109135 0.00155823316890746 0.000798713474068791 0.000663127924781293 0.000687445921357721 0.00102957396302372 0.00130440946668386 0.000819721608422697 0.0014710733667016 0.00131873204372823 0.00104475661646575 0.0010674528311938 0.00138232053723186 0.00138901500031352
0.0233254693448544 0.0270351152867079 0.0232693683356047 0.0161364004015923 0.011143647134304 0.0105769168585539 0.0111902859061956 0.0111444424837828 0.0151824820786715 0.0119759673252702 0.00514277350157499 0.00558643182739615 0.00553010310977697 0.0038999926764518 0.00373618490993977 0.00308776693418622 0.00251399492844939 0.00221535819582641 0.00207564607262611 0.00175747228786349 0.00189515785314143 0.000794432125985622 0.000898352300282568 0.000779398600570858 0.000574551813770086 0.000548168900422752 0.000525137351360172 0.000636791810393333 0.00136603333521634 0.000995063222944736 0.00074961845530197 0.000614496238995343 0.000628112757112831 0.000654532224871218 0.00118054077029228 0.0012565579963848 0.000771503895521164 0.00155432289466262 0.00137149728834629 0.000854096724651754 0.000887515197973698 0.00161890219897032 0.00125459034461528
0.0261264890432358 0.018738117069006 0.0186068080365658 0.0146130509674549 0.0151391914114356 0.0126598505303264 0.0085696829482913 0.0105588976293802 0.0145257562398911 0.0121759008616209 0.0056403405033052 0.00547417718917131 0.00374652980826795 0.00380357564426959 0.00366814807057381 0.00275902287103236 0.00269379699602723 0.00257044704630971 0.00202828901819885 0.00185068673454225 0.0018911708611995 0.000701027689501643 0.000641386024653912 0.000686389685142785 0.00056234683142975 0.000528256176039577 0.000504203955642879 0.000634626660030335 0.00126753572840244 0.000702218909282237 0.000611436669714749 0.000611358787864447 0.000653171038720757 0.000743170559871942 0.000953047187067568 0.000948831089772284 0.000785776297561824 0.000951397756580263 0.000997453695163131 0.000751106301322579 0.000780129746999592 0.00117904983926564 0.0016436951700598
0.028364785015583 0.0262022241950035 0.0143973287194967 0.0126982424408197 0.00915447901934385 0.0083639845252037 0.00963312294334173 0.00865200534462929 0.00775862811133265 0.00736391544342041 0.00468774978071451 0.00431846268475056 0.00297558144666255 0.00311234663240612 0.00284990668296814 0.00268878298811615 0.00292919436469674 0.00245491159148514 0.00176400877535343 0.00145771913230419 0.00172382965683937 0.000683924823533744 0.000605910201556981 0.000737027439754456 0.000490559788886458 0.000492899853270501 0.000538743333891034 0.000821436173282564 0.00118618586566299 0.00078210182255134 0.000674486043862998 0.000605878361966461 0.000628255715128034 0.00073308328865096 0.000896980694960803 0.000751296931412071 0.000767314049880952 0.00108067877590656 0.000723421864677221 0.000715964706614614 0.000675902352668345 0.000949987617786974 0.00096812832634896
0.0403133518993855 0.0281106848269701 0.021365849301219 0.0133362784981728 0.0071653756313026 0.00915127340704203 0.0111035378649831 0.00610531447455287 0.00492789968848228 0.00540065905079246 0.00551062915474176 0.00435656774789095 0.00370374694466591 0.00239418470300734 0.00219631684012711 0.00273214909248054 0.00240552448667586 0.00232908828184009 0.00102573761250824 0.000978409661911428 0.00096949830185622 0.000582695880439132 0.000536185456439853 0.000553916848730296 0.000478674191981554 0.000452386913821101 0.000526602088939399 0.000606968998908997 0.000756226596422493 0.000827697687782347 0.000534120132215321 0.00060516782104969 0.000637833203654736 0.000650974805466831 0.00084772368427366 0.000652788730803877 0.000679175660479814 0.000730445724911988 0.000828003219794482 0.00132427469361573 0.000829625525511801 0.00077938218601048 0.000789725221693516
0.0462338514626026 0.0288053844124079 0.0168403312563896 0.0112629774957895 0.0062583526596427 0.00464545516297221 0.00452118925750256 0.0041437866166234 0.00426095630973577 0.00423474563285708 0.00478204572573304 0.0047193979844451 0.00375710055232048 0.00266570947133005 0.00280042877420783 0.00232304097153246 0.00180800922680646 0.00208712508901954 0.00111144548282027 0.000797856890130788 0.000667231972329319 0.000551481440197676 0.000514840648975223 0.000508830707985908 0.000494217500090599 0.000474360043881461 0.000584824942052364 0.000650241505354643 0.000667532498482615 0.00067730201408267 0.000470210477942601 0.000611043302342296 0.000822004221845418 0.000811806356068701 0.000651856767944992 0.00073550408706069 0.000761739676818252 0.000678810407407582 0.00117804936598986 0.00164011726155877 0.00133696501143277 0.00104725547134876 0.000829826283734292
0.0828862562775612 0.0427774116396904 0.0213152952492237 0.0169614236801863 0.0096267107874155 0.00747413514181972 0.00457374518737197 0.00483598606660962 0.00519152777269483 0.00467198295518756 0.00394537625834346 0.00377751886844635 0.0031815271358937 0.00263085146434605 0.00272289151325822 0.0022730934433639 0.00150500552263111 0.00253038946539164 0.00177944079041481 0.000846755632665008 0.000664349354337901 0.000590411655139178 0.000614148972090334 0.000569057592656463 0.000539912318345159 0.000544842798262835 0.000747761863749474 0.000772015249822289 0.000912993331439793 0.000753847591113299 0.000515775755047798 0.000608465576078743 0.00107256032060832 0.000765109492931515 0.000629804329946637 0.000990101601928473 0.00130580447148532 0.000652466958854347 0.00088692590361461 0.00152943015564233 0.00146472896449268 0.000787554308772087 0.000820711837150156
