data/climate_estimation/maxent_output/Calochortus_nudus.asc
NCOLS 195 
NROWS 89 
XLLCORNER -124.083333333333 
YLLCORNER 35.9166666666667 
CELLSIZE 0.0833333333333333 
NODATA_value -3.4e+38 
[rows 0 to 18 of 89, columns 43 to 85 of 195]
0.0288758687674999 0.0309194382280111 0.0340165123343468 0.0318530425429344 0.0364874266088009 0.03268663585186 0.0383807346224785 0.0372187830507755 0.0407911352813244 0.0377575904130936 0.038086224347353 0.0418282262980938 0.0377962738275528 0.0358127430081367 0.0390584543347359 0.0368014723062515 0.0372951216995716 0.0432817786931992 0.0434395745396614 0.04171546921134 0.0411365740001202 0.0418880805373192 0.0401363708078861 0.0430110022425652 0.0408731885254383 0.0358829461038113 0.0340808518230915 0.0384767428040504 0.0385875329375267 0.0368026793003082 0.0343818925321102 0.0235794074833393 0.0281920060515404 0.0317811742424965 0.0271901004016399 0.0282438881695271 0.0110872378572822 0.0202268250286579 0.0259380582720041 0.0289943870157003 0.0297358501702547 0.0296332165598869 0.032423097640276
0.0284611191600561 0.0290413685142994 0.0315073505043983 0.0339769721031189 0.0375532433390617 0.0302790943533182 0.0310458578169346 0.0389572866261005 0.0363512523472309 0.0372125655412674 0.0448572412133217 0.0452882088720798 0.0447830483317375 0.0494132488965988 0.0460194386541843 0.0417184457182884 0.0487391762435436 0.0481268540024757 0.0494671650230885 0.0465095825493336 0.0504201054573059 0.0448274575173855 0.0456117726862431 0.0424751043319702 0.0393021479249001 0.0378929078578949 0.0387389659881592 0.0401010252535343 0.0422821864485741 0.0310222525149584 0.027280917391181 0.027203680947423 0.025405265390873 0.0233717244118452 0.022984329611063 0.0220046266913414 0.0267981179058552 0.028339384123683 0.0319890230894089 0.0336457528173923 0.0327732414007187 0.0340146124362946 0.0296465195715427
0.037160836160183 0.0386929512023926 0.0368433929979801 0.0369672477245331 0.0362535081803799 0.0328739285469055 0.0369115471839905 0.0443354174494743 0.0388627648353577 0.0424146242439747 0.0483965948224068 0.0517004802823067 0.0478090904653072 0.051390890032053 0.0496050864458084 0.0489954762160778 0.051584504544735 0.0515161678195 0.0596950873732567 0.0471117720007896 0.0512605905532837 0.0486894138157368 0.0476899333298206 0.0493993349373341 0.0471188575029373 0.0451311580836773 0.0461633317172527 0.0424378886818886 0.033787839114666 0.0305504351854324 0.0300029292702675 0.029096195474267 0.0274112205952406 0.021590718999505 0.0256994254887104 0.030182633548975 0.0301920846104622 0.0302925780415535 0.0264395140111446 0.0277075991034508 0.0305775254964828 0.0290842782706022 0.0339768156409264
0.0393083542585373 0.0426559373736382 0.0392974056303501 0.0341631658375263 0.0350287668406963 0.0307247266173363 0.0402298159897327 0.0461605601012707 0.0440210327506065 0.0422672927379608 0.0509040243923664 0.0508451126515865 0.0505620948970318 0.0524700731039047 0.0526524484157562 0.0596402175724506 0.0573354288935661 0.0576769597828388 0.0635973289608955 0.0570001378655434 0.0512247681617737 0.0510284975171089 0.0517067983746529 0.0564254745841026 0.0515591092407703 0.0579603612422943 0.0494352877140045 0.039244569838047 0.0350745543837547 0.0328985340893269 0.0316973887383938 0.0296159852296114 0.0216552186757326 0.0171151701360941 0.0266450140625238 0.027535405009985 0.0291740354150534 0.0257922168821096 0.029332896694541 0.0282154120504856 0.0313527882099152 0.0270978901535273 0.0309160072356462
0.0439555048942566 0.0427463054656982 0.0430606007575989 0.0374188423156738 0.0337549634277821 0.0351599380373955 0.0470518358051777 0.0477736331522465 0.0442343540489674 0.0490656308829784 0.0497449114918709 0.0532903298735619 0.060171190649271 0.0590402744710445 0.0574101954698563 0.0577737092971802 0.0616294890642166 0.0696587413549423 0.0558252036571503 0.0611664652824402 0.0605493597686291 0.0616855286061764 0.0594733729958534 0.0632799938321114 0.0664403289556503 0.058446180075407 0.0410973764955997 0.0404104366898537 0.0423561632633209 0.0430712662637234 0.0313658453524113 0.0288874395191669 0.0244796052575111 0.0224788431078196 0.0252713691443205 0.0260340552777052 0.025897828862071 0.027742812409997 0.0262295082211494 0.0271216444671154 0.0286504160612822 0.0278650932013988 0.0310291200876236
0.0494591742753983 0.0473309457302094 0.0454277358949184 0.0410535745322704 0.041228074580431 0.0440695509314537 0.048255730420351 0.0518841259181499 0.0517973303794861 0.0519067235291004 0.0488978140056133 0.0548774376511574 0.0547470711171627 0.0544456876814365 0.0558990426361561 0.0610904768109322 0.0637700408697128 0.0596776083111763 0.0628236532211304 0.0639989450573921 0.0637023597955704 0.0726442933082581 0.0626430660486221 0.0653181672096252 0.06984643638134 0.0465294867753983 0.0404314659535885 0.0495255813002586 0.048121239989996 0.0375798419117928 0.0315498970448971 0.026448916643858 0.0251033641397953 0.0172858629375696 0.0185131952166557 0.0212295576930046 0.0240457095205784 0.0267652049660683 0.0280954744666815 0.0283017568290234 0.030975203961134 0.0333668515086174 0.0303997192531824
0.0465451069176197 0.050194539129734 0.0412746071815491 0.041923064738512 0.0389812514185905 0.0440802276134491 0.0510350912809372 0.0543917566537857 0.0516862273216248 0.0505204722285271 0.0445198863744736 0.0495548881590366 0.0591478310525417 0.0585999228060246 0.056188128888607 0.0536948628723621 0.0635562017560005 0.0589874908328056 0.0626964718103409 0.0677707642316818 0.0747621729969978 0.0641116872429848 0.0659181028604507 0.0620050504803658 0.0596308410167694 0.0469682216644287 0.0438663586974144 0.0474784336984158 0.0459544397890568 0.0406419225037098 0.0376859232783318 0.0265653245151043 0.0219178088009357 0.0198193825781345 0.0177538562566042 0.0224422961473465 0.0258734934031963 0.0270859431475401 0.0288721825927496 0.031257513910532 0.029900373890996 0.0319803208112717 0.0333519242703915
0.037082377821207 0.0554828234016895 0.0445717163383961 0.0390434190630913 0.0469912700355053 0.0511278323829174 0.0485376417636871 0.0477694608271122 0.0507088378071785 0.0441704876720905 0.0530021190643311 0.0588398948311806 0.0592021048069 0.056989423930645 0.0575482845306396 0.053997814655304 0.0580689087510109 0.0606359764933586 0.0639575868844986 0.0679796636104584 0.0735087320208549 0.0655790939927101 0.0630542784929276 0.0590211115777493 0.0503973178565502 0.0490554161369801 0.0453520864248276 0.0436677969992161 0.0386866517364979 0.0319119840860367 0.032814733684063 0.0234264992177486 0.020161759108305 0.0186960678547621 0.0199534874409437 0.0231246780604124 0.0297175217419863 0.0328887850046158 0.0274303033947945 0.0297193937003613 0.0307415910065174 0.0360865779221058 0.0339340716600418
0.0418516881763935 0.0474809519946575 0.0408740863204002 0.0411254391074181 0.0606141425669193 0.0525383278727531 0.0453346259891987 0.0480426102876663 0.0445655547082424 0.0466732792556286 0.0633821561932564 0.0652872771024704 0.0597491189837456 0.0587645769119263 0.0572700425982475 0.0558280125260353 0.055324736982584 0.0522492006421089 0.0617025457322598 0.0729804635047913 0.0711316913366318 0.0683676153421402 0.0654442384839058 0.0583973526954651 0.0422530807554722 0.0489047728478909 0.0520626828074455 0.0402037352323532 0.0344234220683575 0.0322047770023346 0.0265334267169237 0.0225110035389662 0.02149866707623 0.0198838338255882 0.0234429556876421 0.0252705588936806 0.0280592758208513 0.0290477015078068 0.0324046276509762 0.0267737973481417 0.0301168784499168 0.0320241264998913 0.0319326259195805
0.0543924309313297 0.0440452136099339 0.0436854772269726 0.0487719923257828 0.0673751160502434 0.0596783347427845 0.0527961142361164 0.0419775806367397 0.0532856024801731 0.0697444677352905 0.0653481036424637 0.062360692769289 0.059136550873518 0.0533786341547966 0.0542657487094402 0.0522388331592083 0.0526911728084087 0.0577518977224827 0.0624541714787483 0.0695532262325287 0.0747876465320587 0.068672887980938 0.0748629868030548 0.0568560734391212 0.0401207506656647 0.0441893711686134 0.0471339039504528 0.0432235822081566 0.0372288674116135 0.0322315283119678 0.026265162974596 0.0243015829473734 0.0310929697006941 0.0277726501226425 0.0229564849287271 0.0296245384961367 0.0323510132730007 0.0290073696523905 0.033209428191185 0.0295150578022003 0.029109975323081 0.0299884639680386 0.033773597329855
0.0697457268834114 0.0502006150782108 0.0483622252941132 0.071157343685627 0.0630547180771828 0.0582205168902874 0.0528134480118752 0.0453248210251331 0.0588831380009651 0.072089783847332 0.0693248882889748 0.0607144050300121 0.0540075227618217 0.0584147721529007 0.0582781992852688 0.0571730844676495 0.0534216947853565 0.0535979233682156 0.0553618408739567 0.0594729483127594 0.0667339563369751 0.0709962397813797 0.046891562640667 0.0430704206228256 0.0361066497862339 0.046072281897068 0.0403410010039806 0.0370791591703892 0.0409544110298157 0.0380344316363335 0.029139120131731 0.0319463312625885 0.0307396408170462 0.0289634428918362 0.0316063202917576 0.032131664454937 0.0318004377186298 0.0292686745524406 0.0306041780859232 0.0347087159752846 0.0280361175537109 0.0328490883111954 0.0329970940947533
0.0889795497059822 0.0727842450141907 0.0617705248296261 0.0839439108967781 0.0691595897078514 0.0588862039148808 0.0526593215763569 0.0424084663391113 0.0676870569586754 0.0672741383314133 0.0649779886007309 0.060554001480341 0.0591596104204655 0.0643460676074028 0.067189447581768 0.0597965344786644 0.0631273612380028 0.0549918115139008 0.0495914816856384 0.0528691709041595 0.059332512319088 0.0631537437438965 0.0430034063756466 0.0360921137034893 0.0489890724420547 0.0462335497140884 0.0415562726557255 0.045210212469101 0.0421032346785069 0.0440735593438148 0.0446190722286701 0.0373053923249245 0.0356015153229237 0.0326801873743534 0.0336913838982582 0.035881944000721 0.0353017002344131 0.0297782588750124 0.0338626578450203 0.0284925941377878 0.0329185649752617 0.0325825065374374 0.037008598446846
0.0787165611982346 0.0590037405490875 0.0701633766293526 0.087820328772068 0.0804935917258263 0.0655931606888771 0.0643165335059166 0.0531658492982388 0.0458757951855659 0.0665344744920731 0.0644165724515915 0.0579927414655685 0.0590174198150635 0.0603785589337349 0.0613315515220165 0.0546527542173862 0.0570153519511223 0.0538374520838261 0.0508646257221699 0.0637440904974937 0.0649973228573799 0.0560690648853779 0.0358602963387966 0.0368765257298946 0.0514195971190929 0.0532501302659512 0.0491996109485626 0.0448085144162178 0.0465887375175953 0.0512637048959732 0.0402813404798508 0.0428155027329922 0.0400771945714951 0.0346337780356407 0.0354600101709366 0.0333669073879719 0.0322445631027222 0.0351432934403419 0.0345910713076591 0.0338808372616768 0.0311005245894194 0.0335023663938046 0.0330323949456215
0.072570338845253 0.0707279294729233 0.0800242573022842 0.0704603940248489 0.0666409656405449 0.0521699599921703 0.0716016516089439 0.0410907678306103 0.0433016419410706 0.0669019743800163 0.0651191473007202 0.0556720569729805 0.0514702871441841 0.0592002347111702 0.0648383423686028 0.0562569871544838 0.0610926933586597 0.0610003657639027 0.0595834143459797 0.0577764995396137 0.0559445098042488 0.0514741130173206 0.0399048440158367 0.0380903035402298 0.0489185117185116 0.0479819662868977 0.0494574196636677 0.0492136552929878 0.0533862262964249 0.0500240288674831 0.0462673977017403 0.032872635871172 0.0349553041160107 0.0406462028622627 0.0384664125740528 0.0367886647582054 0.0348949618637562 0.0367807820439339 0.0329819060862064 0.0319174751639366 0.0319326110184193 0.033560361713171 0.0326443575322628
0.069669134914875 0.0623635053634644 0.0801839083433151 0.0815160274505615 0.0639564618468285 0.0626540407538414 0.0514377579092979 0.0369710177183151 0.0383104309439659 0.0584795027971268 0.0615980289876461 0.0522677935659885 0.0580561384558678 0.0577278919517994 0.0572058856487274 0.0622564516961575 0.0579097718000412 0.0569202713668346 0.0559542961418629 0.050685815513134 0.0487398840487003 0.0597519613802433 0.0542464591562748 0.0303171277046204 0.0408797226846218 0.05614959821105 0.0552502796053886 0.0547737777233124 0.0472142621874809 0.052222553640604 0.0495117865502834 0.0360982529819012 0.0278404839336872 0.0340225473046303 0.0374919436872005 0.0410130545496941 0.0404414497315884 0.0358551479876041 0.0370250754058361 0.0311697442084551 0.0303398761898279 0.0335946902632713 0.0327994897961617
0.0788285508751869 0.0740249678492546 0.0789426043629646 0.0992227345705032 0.0819671899080276 0.0600628890097141 0.0500177182257175 0.0532589368522167 0.0388310477137566 0.0660663545131683 0.0569583289325237 0.0560768693685532 0.0573824048042297 0.0639398843050003 0.0560056045651436 0.0566076934337616 0.0520265214145184 0.0552180521190166 0.0473517440259457 0.0439149998128414 0.0418850667774677 0.0495148375630379 0.0457020290195942 0.0272730626165867 0.0408513695001602 0.0538853406906128 0.0589962974190712 0.045774444937706 0.0460590273141861 0.0432141646742821 0.0462181456387043 0.0380729883909225 0.0285353623330593 0.0291097089648247 0.0330049842596054 0.038168728351593 0.0372160412371159 0.0359464623034 0.030746242031455 0.0310674402862787 0.0359951704740524 0.0324130244553089 0.03050915338099
0.0764780566096306 0.073621928691864 0.077029325067997 0.0984393581748009 0.0828279480338097 0.0585986599326134 0.0512466765940189 0.0606786981225014 0.0450005047023296 0.0628664195537567 0.0553077980875969 0.0500426478683949 0.0567126609385014 0.0677446722984314 0.0639328733086586 0.0581454113125801 0.0499014034867287 0.0504590757191181 0.0388038195669651 0.0368908606469631 0.033357597887516 0.0424893349409103 0.0244519207626581 0.032654169946909 0.0508790612220764 0.0478254482150078 0.0508241392672062 0.0441198647022247 0.0406547635793686 0.0396575778722763 0.0391250252723694 0.036059558391571 0.0298533625900745 0.0263005886226892 0.0276426412165165 0.0315408110618591 0.0393323674798012 0.0371369309723377 0.0309644788503647 0.0306265149265528 0.0339281149208546 0.0300263278186321 0.0309028662741184
0.0707771182060242 0.073103666305542 0.0818809866905212 0.088419996201992 0.0646709352731705 0.0614990331232548 0.0593846701085567 0.0652894079685211 0.0569594651460648 0.0499150305986404 0.0654060170054436 0.0593421533703804 0.0499934144318104 0.0651777386665344 0.0619963556528091 0.0564019046723843 0.0482363738119602 0.0430455356836319 0.0435915403068066 0.0334982015192509 0.0220549460500479 0.031062513589859 0.0333560518920422 0.0360687077045441 0.0482637658715248 0.047579787671566 0.0300150662660599 0.0343365482985973 0.0435776039958 0.0424531102180481 0.0384313985705376 0.0353224128484726 0.0280607976019382 0.0249706376343966 0.0307714994996786 0.0405172221362591 0.041880901902914 0.0399412401020527 0.0383274517953396 0.0327761247754097 0.0324463993310928 0.0299888737499714 0.0300002675503492
0.0786646828055382 0.0782386735081673 0.0936582162976265 0.0837386846542358 0.0603916756808758 0.0558769777417183 0.0649770274758339 0.0625317320227623 0.0508730672299862 0.0564408227801323 0.060833316296339 0.0472516529262066 0.0535077340900898 0.0573075711727142 0.0564261190593243 0.0551079697906971 0.049922052770853 0.0460912398993969 0.0416988469660282 0.0397515222430229 0.0251230541616678 0.0343046821653843 0.0420969091355801 0.0266250371932983 0.039165411144495 0.044775728136301 0.0283733066171408 0.0221548937261105 0.0414654761552811 0.0424139201641083 0.0354781895875931 0.0297758523374796 0.0210498943924904 0.0254160929471254 0.0361513309180737 0.0377813316881657 0.0351087972521782 0.0349199175834656 0.0374207235872746 0.0381613932549953 0.0328777059912682 0.030288377776742 0.0295586213469505
