data/climate_estimation/maxent_output/Calochortus_bruneaunis.asc
NCOLS 120 
NROWS 160 
XLLCORNER -121 
YLLCORNER 35.6666666666667 
CELLSIZE 0.0833333333333333 
NODATA_value -3.4e+38 
[rows 20 to 39 of 160, columns 44 to 87 of 120]
0.495379865169525 0.450634270906448 0.369939178228378 0.356110662221909 0.293178766965866 0.256981164216995 0.213813424110413 0.186001509428024 0.15008357167244 0.132486402988434 0.10742262005806 0.0863545835018158 0.0769101828336716 0.0656221359968185 0.0578666478395462 0.051331352442503 0.0485204607248306 0.0475603565573692 0.0480332672595978 0.0531862676143646 0.0568381696939468 0.0613281577825546 0.0695868730545044 0.0755564793944359 0.0916667804121971 0.110889367759228 0.15332505106926 0.185983180999756 0.182448670268059 0.213649436831474 0.221564292907715 0.18702520430088 0.235017612576485 0.226425632834435 0.0355862490832806 0.0465201176702976 0.0563533268868923 0.0389689318835735 0.0462635979056358 0.0344396866858006 0.190956071019173 0.141410052776337 0.14594829082489 0.140875145792961
0.497293323278427 0.461892992258072 0.395948886871338 0.338913232088089 0.29061958193779 0.255986571311951 0.205064162611961 0.176782175898552 0.163162395358086 0.129606112837791 0.106656104326248 0.0930515006184578 0.0723897367715836 0.0651644542813301 0.0607759952545166 0.0550302602350712 0.0501332432031631 0.0455764047801495 0.0494984164834023 0.0523689687252045 0.0579397603869438 0.0673337429761887 0.0701126307249069 0.0833387970924377 0.0865423381328583 0.104222439229488 0.122448287904263 0.167113959789276 0.235255748033524 0.285956531763077 0.202189639210701 0.196280881762505 0.2855164706707 0.261695921421051 0.190564587712288 0.1906868070364 0.267718374729156 0.0538121238350868 0.0598399080336094 0.238035976886749 0.229986786842346 0.196009859442711 0.162839382886887 0.16058561205864
0.497684985399246 0.445699274539948 0.389714568853378 0.33743879199028 0.286815255880356 0.249879404902458 0.221702441573143 0.172380462288857 0.150053650140762 0.1280118227005 0.108860597014427 0.0906692296266556 0.0773480758070946 0.0664196088910103 0.0602226257324219 0.0594087354838848 0.0581463873386383 0.054047055542469 0.0535058453679085 0.0558348335325718 0.0597410872578621 0.0655481368303299 0.0710063725709915 0.0821475237607956 0.0948545932769775 0.0980713665485382 0.113140612840652 0.147189259529114 0.186502680182457 0.28102308511734 0.416184574365616 0.338087201118469 0.201896265149117 0.0356239676475525 0.0484074130654335 0.252576231956482 0.225120902061462 0.247742518782616 0.271381914615631 0.045944444835186 0.211870580911636 0.170363649725914 0.182777598500252 0.183145746588707
0.506175696849823 0.437251925468445 0.387236624956131 0.340396612882614 0.273092836141586 0.248488187789917 0.200907051563263 0.178244218230247 0.157588809728622 0.127427637577057 0.105258859694004 0.091899000108242 0.0790062248706818 0.0661020949482918 0.0615318939089775 0.0617636889219284 0.0591729395091534 0.057905837893486 0.054259929805994 0.0558202378451824 0.0581642538309097 0.0669782981276512 0.0795175582170486 0.0888800919055939 0.0999341383576393 0.110004059970379 0.119387850165367 0.134557396173477 0.181163027882576 0.198169648647308 0.0533104576170444 0.0640765801072121 0.0410302542150021 0.346462041139603 0.0428857244551182 0.103680163621902 0.0755245834589005 0.0395809710025787 0.291034877300262 0.282922655344009 0.177149876952171 0.185472995042801 0.19936990737915 0.224137425422668
0.482159078121185 0.440691381692886 0.38841986656189 0.331259489059448 0.286472707986832 0.245455354452133 0.226029172539711 0.186357378959656 0.151616141200066 0.129344373941422 0.117534711956978 0.0974051058292389 0.0813005790114403 0.0718348771333694 0.0643271580338478 0.0566116943955421 0.0495995320379734 0.0502111949026585 0.0565428249537945 0.0545164234936237 0.0641857981681824 0.0695277824997902 0.080713577568531 0.0881710574030876 0.100839003920555 0.117326386272907 0.142737656831741 0.152712881565094 0.152073189616203 0.186730444431305 0.339410841464996 0.0551011636853218 0.334249347448349 0.0342478305101395 0.0521545186638832 0.0299496836960316 0.0414441153407097 0.108280397951603 0.0834498405456543 0.0469892099499702 0.301562249660492 0.23583996295929 0.207649782299995 0.33173742890358
0.490479737520218 0.480109006166458 0.419650465250015 0.331518560647964 0.29263299703598 0.256854325532913 0.224079445004463 0.194217205047607 0.164991110563278 0.134802386164665 0.12043771892786 0.0983748212456703 0.0829714089632034 0.0774872824549675 0.0690170899033546 0.0588309541344643 0.0527972541749477 0.0580177754163742 0.0546898730099201 0.0592796504497528 0.0618507713079453 0.0754178687930107 0.0848088636994362 0.103858776390553 0.113123454153538 0.133510068058968 0.182741671800613 0.194367229938507 0.176770344376564 0.196787565946579 0.292346030473709 0.0486959293484688 0.0278613492846489 0.291434764862061 0.0433064810931683 0.240948110818863 0.0320779606699944 0.044921588152647 0.103589005768299 0.114544980227947 0.0586173497140408 0.049081664532423 0.315671533346176 0.0328204743564129
0.494076162576675 0.48529776930809 0.419338405132294 0.335763156414032 0.281191289424896 0.255639523267746 0.231087416410446 0.202361032366753 0.188003554940224 0.156368732452393 0.131147190928459 0.103434160351753 0.0959741473197937 0.0726511999964714 0.0689878240227699 0.0562142990529537 0.0628000795841217 0.0554056987166405 0.0560026615858078 0.0557819791138172 0.0644877031445503 0.0754241943359375 0.0894974544644356 0.108687452971935 0.118545189499855 0.152283981442451 0.195458427071571 0.225169226527214 0.208637863397598 0.200662761926651 0.205467894673347 0.310767143964767 0.0370886586606503 0.036106038838625 0.044054813683033 0.0432021170854568 0.0429393388330936 0.0318696647882462 0.0754651427268982 0.0941118076443672 0.0429845117032528 0.0220050122588873 0.0416080430150032 0.0413077808916569
0.507857203483582 0.477300137281418 0.427584648132324 0.352340012788773 0.306793242692947 0.275834113359451 0.257002830505371 0.234766736626625 0.19987878203392 0.185028642416 0.143130362033844 0.115905791521072 0.102180823683739 0.0885000973939896 0.0749121755361557 0.0657626762986183 0.0626678913831711 0.0518138781189919 0.0555922500789165 0.059419296681881 0.0640437975525856 0.075388565659523 0.0916080549359322 0.109017923474312 0.134706780314445 0.161756962537766 0.187682583928108 0.303589999675751 0.313744217157364 0.290660679340363 0.211188584566116 0.217617571353912 0.253047823905945 0.0467880703508854 0.0278365556150675 0.0212776474654675 0.0250606592744589 0.246052637696266 0.0555899254977703 0.115679278969765 0.0408943332731724 0.0237388461828232 0.0292741656303406 0.0509946085512638
0.504946708679199 0.4494469165802 0.423702955245972 0.359329015016556 0.318622499704361 0.293370366096497 0.293163150548935 0.265462189912796 0.247003644704819 0.201988831162453 0.159682273864746 0.136063247919083 0.122111342847347 0.10893389582634 0.0883771628141403 0.0822547376155853 0.0667349398136139 0.0547528006136417 0.0545272752642632 0.0613966919481754 0.069368802011013 0.0765846222639084 0.0954088270664215 0.120859779417515 0.135276719927788 0.149425938725471 0.201900154352188 0.237342715263367 0.22780105471611 0.219128057360649 0.210890784859657 0.284683704376221 0.026136189699173 0.024255633354187 0.270911276340485 0.224582865834236 0.201715067028999 0.203179717063904 0.0653064623475075 0.14723926782608 0.091152012348175 0.0345190316438675 0.0141391335055232 0.0235483516007662
0.545871436595917 0.499663352966309 0.428270995616913 0.373427748680115 0.343696415424347 0.304388970136642 0.327914506196976 0.288524001836777 0.266605406999588 0.229235172271729 0.193367823958397 0.161247342824936 0.147140368819237 0.121588356792927 0.101374313235283 0.0815666988492012 0.0705098062753677 0.0594154261052608 0.0597696043550968 0.0729547739028931 0.0773854404687881 0.0849795714020729 0.0946188047528267 0.117440745234489 0.134576588869095 0.153458788990974 0.190082237124443 0.18907505273819 0.237707868218422 0.0310606341809034 0.0498996376991272 0.0728553831577301 0.0442668795585632 0.0224848110228777 0.247635573148727 0.210170820355415 0.214206248521805 0.0181650165468454 0.148696437478065 0.150793194770813 0.101685173809528 0.0337046347558498 0.0268658567219973 0.0313913822174072
0.544639706611633 0.606497228145599 0.547331809997559 0.539587080478668 0.545839726924896 0.47527402639389 0.403967380523682 0.358679890632629 0.297639697790146 0.2560034096241 0.222007557749748 0.197110578417778 0.177874758839607 0.148743435740471 0.124658197164536 0.10604140907526 0.083137720823288 0.0662051662802696 0.0628219842910767 0.0797433406114578 0.0878243967890739 0.0957444831728935 0.102887898683548 0.119285799562931 0.138821810483932 0.162168204784393 0.213168680667877 0.271900057792664 0.306991398334503 0.0341613963246346 0.250475198030472 0.247317031025887 0.291673839092255 0.0320651456713676 0.242039307951927 0.21045882999897 0.232831820845604 0.0477712862193584 0.190682277083397 0.142783030867577 0.0816756188869476 0.0247623454779387 0.0337171442806721 0.0186206642538309
0.583035588264465 0.638549029827118 0.666833341121674 0.542249500751495 0.566283106803894 0.530192494392395 0.473793238401413 0.417205274105072 0.32834592461586 0.260911643505096 0.254098802804947 0.235161930322647 0.214649140834808 0.198016971349716 0.159274026751518 0.135843217372894 0.104653529822826 0.0838720574975014 0.0774057954549789 0.0809972807765007 0.0886144936084747 0.0964034423232079 0.108648337423801 0.129952192306519 0.146966680884361 0.17421455681324 0.16478343307972 0.199107453227043 0.19004487991333 0.21885359287262 0.224513247609138 0.2126135379076 0.262166649103165 0.0189281515777111 0.244660034775734 0.212640225887299 0.0206055659800768 0.136168137192726 0.180597588419914 0.1251040995121 0.0404550023376942 0.0195429958403111 0.014077190309763 0.0308946557343006
0.489207834005356 0.592388868331909 0.664280474185944 0.659152269363403 0.582043588161469 0.538759350776672 0.429622650146484 0.357804119586945 0.301657527685165 0.268909633159637 0.251417577266693 0.225581958889961 0.218123942613602 0.187040075659752 0.169995069503784 0.156747326254845 0.13302318751812 0.114928394556046 0.0959821715950966 0.0929716527462006 0.0935179367661476 0.101265273988247 0.11369227617979 0.14572574198246 0.145132020115852 0.148867681622505 0.14936101436615 0.175102159380913 0.220677673816681 0.241331949830055 0.203124389052391 0.280667215585709 0.260479271411896 0.266243129968643 0.222674906253815 0.214863657951355 0.24738422036171 0.103454828262329 0.173406958580017 0.117954924702644 0.0358858667314053 0.0108957150951028 0.0119891995564103 0.0177968759089708
0.406091034412384 0.423904478549957 0.439384460449219 0.540827810764313 0.576333224773407 0.435929358005524 0.324378401041031 0.295419424772263 0.287062168121338 0.27278670668602 0.24948126077652 0.22682124376297 0.21429631114006 0.189566731452942 0.179711297154427 0.144111901521683 0.141328990459442 0.136117219924927 0.11633262783289 0.110971957445145 0.107590861618519 0.123287864029408 0.125273853540421 0.129749432206154 0.137211948633194 0.137567952275276 0.163006022572517 0.19820000231266 0.262254774570465 0.303555846214294 0.317066848278046 0.0289770159870386 0.21524353325367 0.235567539930344 0.225542232394218 0.21458525955677 0.0142849199473858 0.0899251252412796 0.13351021707058 0.0798894390463829 0.035726360976696 0.0252860896289349 0.0177051424980164 0.0126235103234649
0.34046658873558 0.36300203204155 0.380221307277679 0.456162452697754 0.57036691904068 0.406332761049271 0.292485564947128 0.280816823244095 0.288116008043289 0.274723649024963 0.258809208869934 0.228316366672516 0.212106958031654 0.198058694601059 0.170588567852974 0.158325999975204 0.120909377932549 0.133597105741501 0.126725867390633 0.130550608038902 0.120902664959431 0.121708542108536 0.124361768364906 0.124569848179817 0.14447320997715 0.144618079066277 0.197720661759377 0.225595846772194 0.24889212846756 0.296374410390854 0.236171290278435 0.248447701334953 0.279182612895966 0.236523807048798 0.220522820949554 0.244854480028152 0.0209245309233665 0.0853710696101189 0.0694181248545647 0.0475658886134624 0.0341341011226177 0.0302505176514387 0.0198099389672279 0.0117915039882064
0.518060028553009 0.540336191654205 0.609192550182343 0.589672148227692 0.517391383647919 0.422893464565277 0.342375665903091 0.342129617929459 0.324153751134872 0.287799388170242 0.26826012134552 0.237927109003067 0.212766021490097 0.194996193051338 0.178108170628548 0.161000415682793 0.140061005949974 0.129018872976303 0.138048604130745 0.118680834770203 0.113431856036186 0.121833480894566 0.121488831937313 0.139901101589203 0.162750169634819 0.16849160194397 0.169435441493988 0.193077251315117 0.188465341925621 0.275341004133224 0.317778766155243 0.310429662466049 0.250099003314972 0.235102906823158 0.207771867513657 0.2164676040411 0.0223874859511852 0.0728756040334702 0.051072359085083 0.0333001837134361 0.0314902998507023 0.0224746782332659 0.0141082592308521 0.0101350350305438
0.391592442989349 0.383530080318451 0.547864496707916 0.54655396938324 0.431676149368286 0.47650346159935 0.395347326993942 0.388374328613281 0.305668264627457 0.298833012580872 0.263663023710251 0.244851753115654 0.222865477204323 0.201817214488983 0.179138198494911 0.159207060933113 0.148861765861511 0.154908046126366 0.124164819717407 0.115024641156197 0.113452561199665 0.104402214288712 0.104939445853233 0.112103365361691 0.139257311820984 0.139890417456627 0.144783079624176 0.15826253592968 0.168079301714897 0.252990275621414 0.277631610631943 0.239975973963737 0.211459562182426 0.237633883953094 0.223428532481194 0.197560116648674 0.215123653411865 0.0430749915540218 0.0646446198225021 0.0488319993019104 0.0229051373898983 0.0168181583285332 0.0196268744766712 0.0226837787777185
0.342189639806747 0.411653727293015 0.343552768230438 0.346184253692627 0.331344276666641 0.475400567054749 0.448820739984512 0.381932407617569 0.296066462993622 0.293125152587891 0.27471911907196 0.25500163435936 0.234867423772812 0.21468448638916 0.199315264821053 0.174278676509857 0.163539633154869 0.155780836939812 0.127182468771935 0.117288611829281 0.114631041884422 0.109371319413185 0.108985662460327 0.119480341672897 0.125248849391937 0.146034598350525 0.150905251502991 0.154455706477165 0.188822463154793 0.233891293406487 0.275374799966812 0.287580341100693 0.275101810693741 0.24943596124649 0.207935392856598 0.201257422566414 0.217915177345276 0.0420449562370777 0.0385539941489697 0.0510454140603542 0.0291410200297832 0.0261141508817673 0.0240748692303896 0.0165172722190619
0.353948354721069 0.458589404821396 0.382865756750107 0.36468181014061 0.355155229568481 0.340318262577057 0.415602594614029 0.364362090826035 0.353944957256317 0.310453444719315 0.276477605104446 0.263766676187515 0.206559643149376 0.214153170585632 0.215925246477127 0.179874405264854 0.185412362217903 0.165246561169624 0.143040612339973 0.125901952385902 0.113905757665634 0.105982802808285 0.106401987373829 0.11176623404026 0.119524754583836 0.129954621195793 0.148574322462082 0.160878375172615 0.173628225922585 0.179328858852386 0.258921444416046 0.254271805286407 0.245248734951019 0.202051341533661 0.240118443965912 0.270046353340149 0.0335778333246708 0.0247185695916414 0.0194850116968155 0.0315931402146816 0.0246444437652826 0.0158728081732988 0.0116315232589841 0.0108283488079906
0.368282735347748 0.473725736141205 0.537054717540741 0.508560419082642 0.395140439271927 0.369100421667099 0.453428775072098 0.398264557123184 0.337829291820526 0.328535407781601 0.289411813020706 0.250093579292297 0.191645249724388 0.224012419581413 0.186760783195496 0.160999342799187 0.156782403588295 0.13823302090168 0.118978999555111 0.11513290554285 0.114581175148487 0.108128443360329 0.111463762819767 0.116240710020065 0.118737787008286 0.127063453197479 0.138674065470695 0.170773506164551 0.165885165333748 0.200211808085442 0.220763295888901 0.257064163684845 0.242881447076797 0.240969702601433 0.242660984396935 0.0208838935941458 0.0315301008522511 0.0163339972496033 0.0195853412151337 0.0196681246161461 0.0127856535837054 0.0160566605627537 0.0140090389177203 0.0194576848298311
