data/climate_estimation/maxent_output/Calochortus_ambiguus.asc
NCOLS 68 
NROWS 130 
XLLCORNER -113.666666666667 
YLLCORNER 29.8333333333333 
CELLSIZE 0.0833333333333334 
NODATA_value -3.4e+38 
[rows 57 to 75 of 130, columns 0 to 43 of 68]
0.15811413526535 0.205412447452545 0.402389526367188 0.165928840637207 0.0936800241470337 0.623337209224701 0.651750683784485 0.591178774833679 0.555478990077972 0.480172246694565 0.430985808372498 0.414010584354401 0.4124596118927 0.373340308666229 0.389449805021286 0.416545808315277 0.41670948266983 0.512689232826233 0.511541426181793 0.544083952903748 0.606599509716034 0.569808840751648 0.543263912200928 0.545209050178528 0.408365190029144 0.10914570838213 0.0372606366872787 0.0100568933412433 0.0280892793089151 0.0380679443478584 0.08906539529562 0.0930284038186073 0.0909348130226135 0.0865043625235558 0.0821593329310417 0.0964675843715668 0.0949147194623947 0.100211024284363 0.100122027099133 0.125646814703941 0.126189380884171 0.17728379368782 0.222525060176849 0.251768440008163
0.12228962033987 0.156539544463158 0.155730396509171 0.0663593038916588 0.173761174082756 0.54481166601181 0.620222151279449 0.563472926616669 0.587836503982544 0.523967623710632 0.449311196804047 0.373437434434891 0.398376166820526 0.45396026968956 0.40731954574585 0.454632133245468 0.403480619192123 0.499223977327347 0.519102931022644 0.517247915267944 0.582679450511932 0.545850992202759 0.534044563770294 0.435256987810135 0.262905597686768 0.0698771998286247 0.0456132665276527 0.0320428423583508 0.0240367911756039 0.0310129728168249 0.0473899282515049 0.0837551131844521 0.0832097306847572 0.0736941397190094 0.105829320847988 0.078360915184021 0.0782661288976669 0.124221935868263 0.0904225036501884 0.110732182860374 0.149654880166054 0.210966736078262 0.186993718147278 0.211879506707191
0.163444995880127 0.257048606872559 0.198489308357239 0.170877292752266 0.207440704107285 0.474700033664703 0.596829116344452 0.558652520179749 0.64837384223938 0.554258942604065 0.583230495452881 0.461760729551315 0.444247841835022 0.471077919006348 0.424502998590469 0.470105856657028 0.45439139008522 0.479391783475876 0.480179041624069 0.547530055046082 0.609283745288849 0.603458523750305 0.546042084693909 0.426971554756165 0.23249214887619 0.111686334013939 0.0808916017413139 0.0556072369217873 0.027418265119195 0.029288649559021 0.0386933609843254 0.0773297697305679 0.0724521800875664 0.0798313617706299 0.0964219719171524 0.0701056644320488 0.0955231040716171 0.0712144151329994 0.0896406173706055 0.121669784188271 0.125289857387543 0.15760649740696 0.180757448077202 0.211085453629494
0.380964428186417 0.318171888589859 0.195056214928627 0.340946346521378 0.500790953636169 0.542083024978638 0.529770970344543 0.505262196063995 0.564352631568909 0.589039206504822 0.559998512268066 0.525430262088776 0.512590944766998 0.419979006052017 0.467787444591522 0.445948779582977 0.523084461688995 0.521652400493622 0.572959899902344 0.570862233638763 0.628190934658051 0.625557482242584 0.608692646026611 0.385865718126297 0.326872885227203 0.18744920194149 0.121964663267136 0.0868339911103249 0.0364439487457275 0.0505527593195438 0.0547800324857235 0.0535727217793465 0.0518006905913353 0.0662323385477066 0.0662501528859138 0.0677324309945107 0.0691719055175781 0.0705480575561523 0.0884404182434082 0.0848600789904594 0.117492310702801 0.124831356108189 0.174733027815819 0.141736343502998
0.402775228023529 0.338288843631744 0.352840691804886 0.424342334270477 0.514223039150238 0.499423980712891 0.431805193424225 0.565388143062592 0.594086885452271 0.508138000965118 0.591574907302856 0.584063351154327 0.547935247421265 0.456203132867813 0.506869971752167 0.555137574672699 0.580640316009521 0.635093927383423 0.667634844779968 0.716776728630066 0.694789230823517 0.722303152084351 0.706805169582367 0.663029134273529 0.561960101127625 0.333507776260376 0.176104351878166 0.0892383232712746 0.0614181458950043 0.060682438313961 0.0616625994443893 0.0625520870089531 0.0483232997357845 0.0510542877018452 0.0514544621109962 0.064240075647831 0.0662593245506287 0.0845029130578041 0.0854867771267891 0.12919320166111 0.190715745091438 0.191739395260811 0.165426626801491 0.133114144206047
0.251498103141785 0.344820410013199 0.40395000576973 0.54474413394928 0.487151354551315 0.552971243858337 0.455335259437561 0.434838205575943 0.546309769153595 0.459559142589569 0.532966673374176 0.552869200706482 0.543735444545746 0.514072120189667 0.558145999908447 0.579005002975464 0.666205823421478 0.691039621829987 0.728433012962341 0.809952318668365 0.825799465179443 0.81143057346344 0.792065620422363 0.78529816865921 0.693150401115417 0.632748603820801 0.342000812292099 0.187543839216232 0.118623688817024 0.0769760757684708 0.0741926804184914 0.0617042370140553 0.0805600434541702 0.0600188411772251 0.0574461482465267 0.0585705898702145 0.0626801624894142 0.0816047787666321 0.090178556740284 0.144048362970352 0.210318088531494 0.19280532002449 0.169248715043068 0.136818841099739
0.309198915958405 0.483430147171021 0.554363906383514 0.617741525173187 0.559894204139709 0.554974913597107 0.56157910823822 0.555056273937225 0.551452696323395 0.498266905546188 0.507455766201019 0.610014617443085 0.552152276039124 0.456039994955063 0.561575293540955 0.670534789562225 0.722761273384094 0.752011001110077 0.820405721664429 0.804032564163208 0.838484585285187 0.779645383358002 0.782332718372345 0.603796720504761 0.790068686008453 0.800799310207367 0.701472997665405 0.417608708143234 0.223553568124771 0.131444871425629 0.106239579617977 0.0809115916490555 0.0768595114350319 0.0736745819449425 0.0635265111923218 0.0607279613614082 0.0626671984791756 0.0785172879695892 0.10177555680275 0.114146627485752 0.152048274874687 0.165468975901604 0.117728263139725 0.0853049606084824
0.207395315170288 0.597166359424591 0.603297233581543 0.625901579856873 0.653903722763062 0.562823176383972 0.624070048332214 0.588185369968414 0.50985062122345 0.430272281169891 0.446582615375519 0.542358815670013 0.474250644445419 0.465306013822556 0.526350796222687 0.643577814102173 0.814565122127533 0.849508821964264 0.816211640834808 0.827120244503021 0.835158944129944 0.857046842575073 0.78803551197052 0.725930690765381 0.724621534347534 0.744335234165192 0.729729056358337 0.580527424812317 0.43643319606781 0.267735689878464 0.183331802487373 0.123799122869968 0.0866917073726654 0.0731670930981636 0.0561690777540207 0.0582433082163334 0.0761866420507431 0.0861471071839333 0.105772502720356 0.113910682499409 0.171601951122284 0.1151432543993 0.0847993791103363 0.0891599655151367
0.136556729674339 0.430169284343719 0.558801293373108 0.668374240398407 0.682543635368347 0.682777464389801 0.712974071502686 0.649686634540558 0.566485464572906 0.507698357105255 0.516673624515533 0.518053948879242 0.424732714891434 0.419489502906799 0.502210140228271 0.665795505046844 0.825364649295807 0.855711162090302 0.84424889087677 0.838836550712585 0.87645149230957 0.855170428752899 0.856391608715057 0.839358448982239 0.856788396835327 0.793172717094421 0.721331298351288 0.655193388462067 0.589513301849365 0.401339739561081 0.288049399852753 0.168561980128288 0.128667101264 0.0907349139451981 0.0727305188775063 0.0569317229092121 0.0582955367863178 0.0604587830603123 0.094196230173111 0.110696695744991 0.112201020121574 0.0826531648635864 0.0777758359909058 0.0837646797299385
0.059934925287962 0.246544539928436 0.609075903892517 0.710049748420715 0.707007348537445 0.687253057956696 0.677088618278503 0.686793327331543 0.652416348457336 0.643725037574768 0.552739202976227 0.484007507562637 0.536742746829987 0.498060584068298 0.509163200855255 0.600277006626129 0.820607006549835 0.847656607627869 0.862314403057098 0.887678027153015 0.894097626209259 0.876282811164856 0.852331221103668 0.877105534076691 0.905758440494537 0.867396175861359 0.852872729301453 0.760275781154633 0.720563948154449 0.569627285003662 0.437388569116592 0.269515126943588 0.16313798725605 0.101822271943092 0.0893195420503616 0.0697208642959595 0.0529710166156292 0.0730677545070648 0.0954630821943283 0.0782053619623184 0.0778884738683701 0.0734522864222527 0.0644525811076164 0.0649147927761078
0.07286536693573 0.504798352718353 0.565866112709045 0.696007192134857 0.762155592441559 0.74685263633728 0.7120521068573 0.739607632160187 0.755372762680054 0.694197714328766 0.581498861312866 0.479284763336182 0.52331817150116 0.63158118724823 0.58952671289444 0.545970261096954 0.696662187576294 0.836945593357086 0.896440148353577 0.872150838375092 0.89230614900589 0.919869124889374 0.898192703723907 0.926399052143097 0.899056732654572 0.918176531791687 0.883933246135712 0.863757312297821 0.805794894695282 0.702705025672913 0.593694686889648 0.448696702718735 0.313793867826462 0.164065822958946 0.0948937684297562 0.073655977845192 0.0695812404155731 0.0781371742486954 0.0791004002094269 0.0773842707276344 0.088079921901226 0.0901647061109543 0.0681186765432358 0.0806254297494888
0.0507965832948685 0.266685515642166 0.577548325061798 0.759162306785583 0.837630093097687 0.795985460281372 0.840977072715759 0.804632246494293 0.812807083129883 0.748004555702209 0.614170491695404 0.595217943191528 0.501557171344757 0.490215361118317 0.558610081672668 0.516431331634521 0.574231088161469 0.622688770294189 0.776667416095734 0.818901658058167 0.902847826480865 0.928737580776215 0.915140271186829 0.924453496932983 0.931043088436127 0.916949868202209 0.922021627426147 0.888869047164917 0.882940709590912 0.771534502506256 0.658663332462311 0.59312516450882 0.396782040596008 0.272295355796814 0.209627136588097 0.129249438643456 0.0807720795273781 0.0959564074873924 0.103272132575512 0.101352103054523 0.0905608534812927 0.0879760682582855 0.0848926454782486 0.0842349976301193
0.0166748389601707 0.308987587690353 0.839953660964966 0.756390392780304 0.832934737205505 0.838461637496948 0.863415002822876 0.832029938697815 0.811392247676849 0.779809236526489 0.768535792827606 0.625582873821259 0.62092113494873 0.483480155467987 0.532930850982666 0.492643237113953 0.610586702823639 0.571929216384888 0.657189428806305 0.767078161239624 0.759665131568909 0.795900225639343 0.815996646881104 0.943284153938293 0.942775785923004 0.915971517562866 0.899867236614227 0.864961981773376 0.879944086074829 0.882532596588135 0.781699478626251 0.66034346818924 0.542150735855103 0.482594430446625 0.297768473625183 0.232376098632812 0.218691661953926 0.150481432676315 0.142867937684059 0.122397974133492 0.114254087209702 0.0979140996932983 0.0920957997441292 0.0918707624077797
0.0166775099933147 0.103104285895824 0.777058124542236 0.775357663631439 0.74116849899292 0.791883111000061 0.853597164154053 0.903866767883301 0.856420159339905 0.840299844741821 0.819955706596375 0.670970678329468 0.68658447265625 0.642440974712372 0.51145339012146 0.61122864484787 0.693418562412262 0.828122556209564 0.852335155010223 0.54584813117981 0.64145565032959 0.674677729606628 0.787493169307709 0.925968050956726 0.951530516147614 0.940711617469788 0.91476047039032 0.907967984676361 0.89411199092865 0.897555112838745 0.865318536758423 0.781485855579376 0.688271582126617 0.608125627040863 0.520559191703796 0.413727134466171 0.361897438764572 0.309571266174316 0.252250581979752 0.221050217747688 0.179694026708603 0.163760706782341 0.125762268900871 0.102526940405369
0.0198652967810631 0.0295330937951803 0.423369556665421 0.835285782814026 0.759040534496307 0.80912309885025 0.906733751296997 0.877448558807373 0.91563892364502 0.847330152988434 0.864160299301147 0.764998257160187 0.706894040107727 0.699857234954834 0.605463325977325 0.64307165145874 0.762969791889191 0.876137733459473 0.897364556789398 0.70409494638443 0.48604428768158 0.615824997425079 0.663867354393005 0.890534520149231 0.944612622261047 0.938725650310516 0.944636464118958 0.927419006824493 0.899881482124329 0.909121692180634 0.90521901845932 0.853955745697021 0.833532094955444 0.757530391216278 0.64164662361145 0.558622062206268 0.542482614517212 0.467168778181076 0.397990792989731 0.352980375289917 0.283596068620682 0.279537677764893 0.225379824638367 0.148502036929131
0.0810604020953178 0.0198729727417231 0.173757061362267 0.466914534568787 0.394792586565018 0.790789186954498 0.888962686061859 0.878541648387909 0.775176286697388 0.848442792892456 0.86507511138916 0.816981434822083 0.821740567684174 0.855596959590912 0.680291354656219 0.765087068080902 0.789617717266083 0.863151550292969 0.929591596126556 0.923522233963013 0.637818336486816 0.567779660224915 0.650030016899109 0.848008513450623 0.961193025112152 0.946003198623657 0.949131667613983 0.945265233516693 0.924591779708862 0.948282361030579 0.904128313064575 0.92043548822403 0.847120344638824 0.804307818412781 0.787837624549866 0.723928987979889 0.664735496044159 0.505111455917358 0.480161726474762 0.417548388242722 0.415850758552551 0.339621096849442 0.289365351200104 0.245604619383812
0.0138397281989455 0.0183820892125368 0.0340920984745026 0.126884579658508 0.57109397649765 0.803018927574158 0.716483652591705 0.496790021657944 0.753550469875336 0.906882524490356 0.92489892244339 0.884778916835785 0.878259122371674 0.871174693107605 0.868469059467316 0.885666489601135 0.869799435138702 0.867910742759705 0.901431500911713 0.925031542778015 0.903661668300629 0.714977025985718 0.674894094467163 0.890927195549011 0.964088797569275 0.950289189815521 0.944571733474731 0.944694399833679 0.927685618400574 0.920313656330109 0.948811709880829 0.908519506454468 0.870790302753448 0.790332138538361 0.820629000663757 0.770754933357239 0.715039432048798 0.660181224346161 0.573561429977417 0.492065846920013 0.464212119579315 0.382552206516266 0.333138585090637 0.282663822174072
0.00469801388680935 0.0362316779792309 0.203782871365547 0.255086898803711 0.450747698545456 0.229345813393593 0.395630151033401 0.468174338340759 0.887661576271057 0.884850263595581 0.890653252601624 0.923956215381622 0.908966898918152 0.90671968460083 0.900244414806366 0.861735343933105 0.870990633964539 0.911453366279602 0.865170180797577 0.878174901008606 0.937965929508209 0.919855713844299 0.70970892906189 0.934479117393494 0.944399237632751 0.934796452522278 0.958596348762512 0.906193494796753 0.943743586540222 0.890821933746338 0.917131543159485 0.912133574485779 0.86192923784256 0.897973537445068 0.860144734382629 0.820957899093628 0.810381293296814 0.781781017780304 0.735895931720734 0.668556332588196 0.592323184013367 0.485853850841522 0.429513603448868 0.386604696512222
0.0225653052330017 0.00477801682427526 0.0386360138654709 0.187678962945938 0.185056924819946 0.038707822561264 0.13796529173851 0.739797532558441 0.920750319957733 0.945110559463501 0.964632928371429 0.932630717754364 0.941215932369232 0.91412353515625 0.927325010299683 0.900567650794983 0.930983901023865 0.901271045207977 0.843704700469971 0.893799841403961 0.941901564598083 0.942936539649963 0.934414029121399 0.861265182495117 0.937698066234589 0.950409531593323 0.974186480045319 0.963361918926239 0.956296920776367 0.962427794933319 0.966684937477112 0.927396714687347 0.85783439874649 0.817919313907623 0.878293931484222 0.844202935695648 0.853888630867004 0.815996050834656 0.775475382804871 0.742804110050201 0.674674868583679 0.65850704908371 0.537392914295197 0.512070953845978
