data/climate_estimation/maxent_output/Calochortus_spatulatus.asc
NCOLS 135 
NROWS 136 
XLLCORNER -110.25 
YLLCORNER 17.3333333333333 
CELLSIZE 0.0833333333333333 
NODATA_value -3.4e+38 
[rows 66 to 87 of 136, columns 49 to 97 of 135]
0.840286195278168 0.824527204036713 0.808488965034485 0.771886169910431 0.760586321353912 0.664608359336853 0.625715136528015 0.709334135055542 0.60218471288681 0.520092189311981 0.803986668586731 0.922907054424286 0.851626217365265 0.705348908901215 0.675742268562317 0.821948349475861 0.947711408138275 0.74946266412735 0.752592325210571 0.605030417442322 0.647384107112885 0.936587870121002 0.926548004150391 0.902496337890625 0.71240496635437 0.749094069004059 0.676116466522217 0.715785562992096 0.617745757102966 0.580451190471649 0.50960236787796 0.445224791765213 0.287165343761444 0.220311090350151 0.265687346458435 0.227564439177513 0.223289012908936 0.205374047160149 0.202545687556267 0.177351430058479 0.198088064789772 0.153945937752724 0.0926213935017586 0.0619782991707325 0.0544525384902954 0.0497540235519409 0.0315899699926376 0.0233796555548906 0.0172834862023592
0.685698628425598 0.841822564601898 0.796807885169983 0.78301215171814 0.754357635974884 0.739554107189178 0.656741261482239 0.623476982116699 0.727100312709808 0.781428813934326 0.868837535381317 0.891878962516785 0.935605943202972 0.964111268520355 0.960220754146576 0.838643372058868 0.786657154560089 0.941096127033234 0.962971270084381 0.847102582454681 0.603388428688049 0.958754241466522 0.952757775783539 0.926170587539673 0.75164932012558 0.6876100897789 0.744837820529938 0.804330587387085 0.645672857761383 0.57648116350174 0.551928520202637 0.486878752708435 0.314608037471771 0.220768809318542 0.217522725462914 0.222526744008064 0.18917179107666 0.211187958717346 0.179902374744415 0.242796212434769 0.203607439994812 0.192738622426987 0.136799857020378 0.0979166254401207 0.0849747508764267 0.052420649677515 0.0415590479969978 0.0239588301628828 0.0178967230021954
0.146051838994026 0.134453371167183 0.62007749080658 0.603609323501587 0.820033311843872 0.724580585956573 0.733048319816589 0.628801167011261 0.789671719074249 0.775990605354309 0.826177895069122 0.882082521915436 0.961974143981934 0.955941200256348 0.870984613895416 0.772401213645935 0.828191936016083 0.941390216350555 0.928974449634552 0.954580903053284 0.783786535263062 0.968473374843597 0.956992089748383 0.951590597629547 0.545910596847534 0.751936197280884 0.751047194004059 0.630327522754669 0.445858061313629 0.574785649776459 0.554202854633331 0.487131714820862 0.369516789913177 0.265107423067093 0.241413444280624 0.273045837879181 0.290576219558716 0.289594829082489 0.234297305345535 0.258372843265533 0.315175801515579 0.222712129354477 0.176361605525017 0.114734098315239 0.0947296395897865 0.0607375428080559 0.0385055877268314 0.0258679315447807 0.0188283994793892
0.136906996369362 0.124342352151871 0.112036496400833 0.0653245598077774 0.343281626701355 0.812878012657166 0.736073434352875 0.478787213563919 0.438052773475647 0.3767309486866 0.424128890037537 0.899315297603607 0.824467241764069 0.901042580604553 0.951835572719574 0.966768980026245 0.84766685962677 0.835303783416748 0.916710674762726 0.97650158405304 0.827892780303955 0.767199277877808 0.862819850444794 0.821786284446716 0.533387243747711 0.775880813598633 0.750283479690552 0.55485600233078 0.493382215499878 0.674263834953308 0.508761882781982 0.361619681119919 0.26371568441391 0.207179635763168 0.197769224643707 0.294589966535568 0.325576037168503 0.315035104751587 0.402063071727753 0.260687112808228 0.244964197278023 0.253949612379074 0.205411374568939 0.11873072385788 0.0931094586849213 0.0544137991964817 0.0367571450769901 0.0285854171961546 0.0204520802944899
-3.4e+38 0.118454001843929 0.0917400866746902 0.0480044037103653 0.0451148599386215 0.0639235451817513 0.634654939174652 0.0903990864753723 0.0729225128889084 0.0513857044279575 0.0538611970841885 0.911996901035309 0.813137412071228 0.869001507759094 0.949879586696625 0.95196545124054 0.833928465843201 0.862400352954865 0.853313326835632 0.988330900669098 0.844057321548462 0.865796029567719 0.886082410812378 0.830096125602722 0.437102913856506 0.604432165622711 0.821362316608429 0.649168789386749 0.463868975639343 0.475955039262772 0.436237633228302 0.763678014278412 0.265636026859283 0.108391441404819 0.179219618439674 0.337816029787064 0.334337294101715 0.361054480075836 0.433541923761368 0.363347560167313 0.227316379547119 0.210784614086151 0.161775395274162 0.0704198032617569 0.0537495836615562 0.0536001697182655 0.0391952507197857 0.0351828522980213 0.0239204801619053
-3.4e+38 -3.4e+38 -3.4e+38 0.0774698629975319 0.00447781011462212 0.0949597507715225 0.12642677128315 0.112885355949402 0.0782364085316658 0.0522960722446442 0.0448743514716625 0.759199559688568 0.848968744277954 0.876397728919983 0.859975337982178 0.831900060176849 0.894458591938019 0.86650675535202 0.916699051856995 0.919962227344513 0.864034473896027 0.841033697128296 0.945148468017578 0.886092722415924 0.354502588510513 0.454666048288345 0.737161934375763 0.889364123344421 0.631280362606049 0.454039484262466 0.925744712352753 0.620164930820465 0.156868532299995 0.110180236399174 0.245430141687393 0.309323012828827 0.277876615524292 0.310799777507782 0.377423852682114 0.261437505483627 0.170444414019585 0.164901942014694 0.156369209289551 0.112602010369301 0.0480441078543663 0.0394480042159557 0.0418433584272861 0.044739443808794 0.0381855070590973
-3.4e+38 -3.4e+38 -3.4e+38 -3.4e+38 0.0059825973585248 0.00713122775778174 0.129896521568298 0.112305365502834 0.0767379030585289 0.0540093705058098 0.0388169400393963 0.133812800049782 0.783191800117493 0.862983047962189 0.822265028953552 0.84506219625473 0.862099170684814 0.929074227809906 0.874590516090393 0.901264846324921 0.905957520008087 0.881277322769165 0.872969150543213 0.829595446586609 0.419251054525375 0.398010551929474 0.77845311164856 0.885907769203186 0.863596796989441 0.852820158004761 0.853212833404541 0.276115119457245 0.164164111018181 0.0949988141655922 0.391512483358383 0.242041289806366 0.209876164793968 0.275777190923691 0.303694486618042 0.185869485139847 0.142840519547462 0.183869615197182 0.146110251545906 0.165357559919357 0.0819405391812325 0.0607397891581059 0.0802784934639931 0.0770633220672607 0.0546014085412025
-3.4e+38 -3.4e+38 -3.4e+38 -3.4e+38 0.00752906128764153 0.00755281560122967 0.00715348729863763 0.00675166072323918 0.095579020678997 0.0503511168062687 0.0490141771733761 0.0800954177975655 0.184740945696831 0.885698139667511 0.830455601215363 0.824519336223602 0.930598437786102 0.843989431858063 0.877385258674622 0.852963268756866 0.862277448177338 0.885220050811768 0.892713785171509 0.770021021366119 0.522174835205078 0.458766132593155 0.829075038433075 0.937240540981293 0.87542337179184 0.938125014305115 0.946855783462524 0.767728269100189 0.285315752029419 0.224734053015709 0.3690125644207 0.302948862314224 0.231354892253876 0.343014419078827 0.229799315333366 0.208119183778763 0.156935214996338 0.183433294296265 0.166859790682793 0.181546479463577 0.13597483932972 0.0911756083369255 0.0939213931560516 0.120985224843025 0.0886786803603172
-3.4e+38 -3.4e+38 -3.4e+38 -3.4e+38 -3.4e+38 0.00766746420413256 0.00743291527032852 0.00706408591940999 0.102481342852116 0.0579400099813938 0.0542865730822086 0.0786360651254654 0.145059525966644 0.0830358788371086 0.113287955522537 0.889594972133636 0.842285335063934 0.782291948795319 0.916031122207642 0.805131077766418 0.76929098367691 0.914091527462006 0.928214848041534 0.899314284324646 0.634018242359161 0.716014862060547 0.924434840679169 0.922082781791687 0.885207295417786 0.872714221477509 0.920956909656525 0.615909457206726 0.61166787147522 0.327656269073486 0.267161160707474 0.436868399381638 0.387456208467484 0.405353397130966 0.385636419057846 0.375082969665527 0.240578472614288 0.262972325086594 0.243088185787201 0.21479244530201 0.136489436030388 0.111944124102592 0.166250854730606 0.167527869343758 0.144324123859406
-3.4e+38 -3.4e+38 -3.4e+38 -3.4e+38 -3.4e+38 0.00774752767756581 0.00769329583272338 0.00727742118760943 0.00562059646472335 0.0745083391666412 0.0602667257189751 0.00470198877155781 0.113033719360828 0.0504004396498203 0.188645273447037 0.9676154255867 0.868052363395691 0.822913527488708 0.931907534599304 0.838367521762848 0.760607182979584 0.949219107627869 0.905454337596893 0.926429688930511 0.588841319084167 0.852215588092804 0.791957914829254 0.773847997188568 0.899553418159485 0.888207674026489 0.702948272228241 0.833289206027985 0.888013541698456 0.747153759002686 0.42626965045929 0.683280348777771 0.581732749938965 0.508352756500244 0.538032472133636 0.536243081092834 0.41301441192627 0.361349761486053 0.325169622898102 0.326738983392715 0.311885595321655 0.177823856472969 0.156440123915672 0.208707198500633 0.196815952658653
-3.4e+38 -3.4e+38 -3.4e+38 -3.4e+38 -3.4e+38 -3.4e+38 0.00774339819326997 0.14263017475605 0.111132048070431 0.0820864886045456 0.0696523860096931 0.054755050688982 0.11577682942152 0.0801816582679749 0.172801822423935 0.8307865858078 0.870453238487244 0.871943533420563 0.923088252544403 0.773058950901031 0.678999960422516 0.923043668270111 0.851891815662384 0.93137526512146 0.829111754894257 0.880811929702759 0.746984899044037 0.714168190956116 0.946433126926422 0.933758616447449 0.555152177810669 0.748377323150635 0.949764311313629 0.887174367904663 0.864603340625763 0.867468476295471 0.73384290933609 0.658049881458282 0.538996756076813 0.495508074760437 0.56452351808548 0.471746295690536 0.439193814992905 0.500079751014709 0.340565472841263 0.239985138177872 0.279725909233093 0.198220103979111 0.166982620954514
-3.4e+38 -3.4e+38 -3.4e+38 -3.4e+38 -3.4e+38 -3.4e+38 0.151226475834846 0.136287242174149 0.105323307216167 0.0790890380740166 0.367671489715576 0.279174894094467 0.0700712278485298 0.0755352452397346 0.0747253522276878 0.14845472574234 0.891588389873505 0.857847929000854 0.819453954696655 0.628298819065094 0.905917942523956 0.931063175201416 0.93153178691864 0.933050274848938 0.898185551166534 0.949440062046051 0.782605409622192 0.187324330210686 0.977875649929047 0.95736300945282 0.972697198390961 0.98633074760437 0.983172297477722 0.962118983268738 0.788002729415894 0.850395798683167 0.860619246959686 0.781090199947357 0.64839231967926 0.660894930362701 0.621315836906433 0.573224484920502 0.548622965812683 0.543585240840912 0.36936166882515 0.272638469934464 0.272588908672333 0.187250882387161 0.188718572258949
-3.4e+38 -3.4e+38 -3.4e+38 -3.4e+38 -3.4e+38 -3.4e+38 0.148423612117767 0.128705054521561 0.104041062295437 0.439271241426468 0.312361389398575 0.300321251153946 0.149872332811356 0.0287621058523655 0.056162316352129 0.201668813824654 0.217534348368645 0.868476927280426 0.841275155544281 0.591766536235809 0.92409360408783 0.954854965209961 0.843067109584808 0.893127977848053 0.97687292098999 0.98581850528717 0.843653500080109 0.720129549503326 0.9818474650383 0.728476345539093 0.982432961463928 0.979257881641388 0.946840405464172 0.986794292926788 0.968814194202423 0.937806189060211 0.810192823410034 0.796793460845947 0.788991391658783 0.692651391029358 0.699682652950287 0.716681361198425 0.727053821086884 0.607300281524658 0.415954768657684 0.310147404670715 0.243132457137108 0.207989260554314 0.169238865375519
-3.4e+38 -3.4e+38 -3.4e+38 -3.4e+38 -3.4e+38 -3.4e+38 0.133208706974983 0.116442948579788 0.525181174278259 0.431594967842102 0.438387662172318 0.24870353937149 0.182507991790771 0.0722305625677109 0.0198989510536194 0.0655513629317284 0.153236016631126 0.85939484834671 0.774114847183228 0.549640238285065 0.932501912117004 0.967006325721741 0.79268479347229 0.95110410451889 0.982998728752136 0.960767149925232 0.898979425430298 0.820954501628876 0.983787059783936 0.774743437767029 0.989667415618896 0.990875363349915 0.991846203804016 0.971244633197784 0.946701526641846 0.960008263587952 0.899901986122131 0.91896915435791 0.781154453754425 0.59064382314682 0.848822891712189 0.822974741458893 0.837720394134521 0.832978010177612 0.727984309196472 0.476161390542984 0.280263543128967 0.246136516332626 0.242332801222801
-3.4e+38 -3.4e+38 -3.4e+38 -3.4e+38 -3.4e+38 -3.4e+38 0.109299704432487 0.0991307199001312 0.479463875293732 0.383909076452255 0.418729424476624 0.23691725730896 0.197187408804893 0.0474362783133984 0.0160561669617891 0.148340448737144 0.148322641849518 0.756470620632172 0.809884548187256 0.480341255664825 0.878215670585632 0.67847353219986 0.781023323535919 0.869423270225525 0.898829340934753 0.844012320041656 0.991413652896881 0.982080399990082 0.924979627132416 0.987882196903229 0.98910391330719 0.9944207072258 0.990190327167511 0.984622538089752 0.957923054695129 0.963590145111084 0.871954202651978 0.958715081214905 0.725824177265167 0.66083174943924 0.953495264053345 0.700986623764038 0.951432108879089 0.971952199935913 0.768592715263367 0.427318304777145 0.349306017160416 0.46661189198494 0.477545201778412
-3.4e+38 -3.4e+38 -3.4e+38 0.155726760625839 -3.4e+38 -3.4e+38 0.086305133998394 0.0696810558438301 0.331605076789856 0.242379084229469 0.291326999664307 0.240646302700043 0.167164742946625 0.0460875034332275 0.0129167409613729 0.127515628933907 0.401542097330093 0.461644887924194 0.673026621341705 0.503835141658783 0.937488794326782 0.924409925937653 0.929742634296417 0.994831264019012 0.980485320091248 0.694164454936981 0.990239202976227 0.911838293075562 0.784450650215149 0.953429400920868 0.97775000333786 0.991564333438873 0.98038125038147 0.979736328125 0.958545029163361 0.905724346637726 0.83497828245163 0.950835406780243 0.680532097816467 0.933287501335144 0.909151434898376 0.653092324733734 0.867493152618408 0.897583603858948 0.801265299320221 0.426843106746674 0.452599078416824 0.500996053218842 0.579010605812073
-3.4e+38 -3.4e+38 -3.4e+38 -3.4e+38 -3.4e+38 -3.4e+38 -3.4e+38 0.0437505580484867 0.0257874503731728 0.110832929611206 0.111729599535465 0.134948194026947 0.101171717047691 0.0112627297639847 0.0223006904125214 0.0212489496916533 0.620827376842499 0.488854706287384 0.613503932952881 0.657390952110291 0.941701233386993 0.974163234233856 0.90120130777359 0.996263802051544 0.945994198322296 0.84162038564682 0.990620255470276 0.991412341594696 0.503857553005219 0.894448816776276 0.993712723255157 0.98591810464859 0.871215164661407 0.977162659168243 0.959873795509338 0.962890803813934 0.941694140434265 0.946826875209808 0.733107209205627 0.912397742271423 0.803549826145172 0.93573123216629 0.995912730693817 0.934126734733582 0.700961172580719 0.408211559057236 0.49926769733429 0.573791146278381 0.533325850963593
-3.4e+38 -3.4e+38 -3.4e+38 -3.4e+38 -3.4e+38 -3.4e+38 -3.4e+38 -3.4e+38 0.00977261364459991 0.0042051556520164 0.00473904004320502 0.0140306865796447 0.0186369568109512 0.0208632536232471 0.0214499514549971 0.194997921586037 0.619547486305237 0.676808774471283 0.563385486602783 0.673000752925873 0.941395461559296 0.962338209152222 0.939535975456238 0.996943414211273 0.938995718955994 0.979840755462646 0.997023940086365 0.988700151443481 0.455327272415161 0.971639394760132 0.88597971200943 0.868142902851105 0.967339098453522 0.991635322570801 0.985659837722778 0.969464778900146 0.976811528205872 0.943683445453644 0.771878480911255 0.789334416389465 0.981148898601532 0.997115910053253 0.987862765789032 0.849778473377228 0.570374429225922 0.455011516809464 0.515754759311676 0.545155346393585 0.434283494949341
-3.4e+38 -3.4e+38 -3.4e+38 -3.4e+38 -3.4e+38 -3.4e+38 -3.4e+38 -3.4e+38 0.0056102154776454 0.00295088347047567 0.00394923007115722 0.0132323428988457 0.0246151480823755 0.379613548517227 0.610958158969879 0.507684230804443 0.590096652507782 0.635585010051727 0.536845147609711 0.697790443897247 0.943930566310883 0.974853217601776 0.986570715904236 0.996397018432617 0.953807890415192 0.980892717838287 0.997200489044189 0.824110746383667 0.525919497013092 0.987765371799469 0.983911037445068 0.843710362911224 0.994813799858093 0.987780451774597 0.989052176475525 0.980006277561188 0.984118103981018 0.869256377220154 0.851819336414337 0.976457417011261 0.995755612850189 0.994498550891876 0.924620807170868 0.810110449790955 0.608604669570923 0.444676131010056 0.476772159337997 0.584015965461731 0.490867286920547
-3.4e+38 -3.4e+38 -3.4e+38 -3.4e+38 -3.4e+38 -3.4e+38 -3.4e+38 -3.4e+38 -3.4e+38 0.00560786016285419 0.0115815093740821 0.0184964835643768 0.242286175489426 0.543226599693298 0.621917843818665 0.578237056732178 0.654337763786316 0.720482468605042 0.576895892620087 0.470809102058411 0.947225213050842 0.676712036132812 0.993590891361237 0.988845646381378 0.987879037857056 0.992396891117096 0.992282748222351 0.607693910598755 0.708629310131073 0.993735611438751 0.969098091125488 0.974332094192505 0.993706881999969 0.994779169559479 0.992389798164368 0.980923473834991 0.908322870731354 0.809150815010071 0.967034876346588 0.975671112537384 0.987656474113464 0.938435435295105 0.91496753692627 0.908990740776062 0.825763821601868 0.678126513957977 0.68213027715683 0.755382478237152 0.624460101127625
-3.4e+38 -3.4e+38 -3.4e+38 -3.4e+38 -3.4e+38 -3.4e+38 -3.4e+38 -3.4e+38 -3.4e+38 -3.4e+38 -3.4e+38 0.0198525749146938 0.303190469741821 0.767112553119659 0.97769683599472 0.791528761386871 0.895287275314331 0.969855487346649 0.596034348011017 0.457984924316406 0.482720136642456 0.577559053897858 0.995586931705475 0.978029787540436 0.993062615394592 0.996672689914703 0.937400102615356 0.594214022159576 0.906607270240784 0.974856376647949 0.988999485969543 0.996413111686707 0.992308497428894 0.996457993984222 0.976543307304382 0.99206817150116 0.875826299190521 0.883316993713379 0.988209962844849 0.994915723800659 0.964566826820374 0.912389278411865 0.891939401626587 0.886091470718384 0.879904806613922 0.939319670200348 0.977427423000336 0.95654308795929 0.842790961265564
-3.4e+38 -3.4e+38 -3.4e+38 -3.4e+38 -3.4e+38 -3.4e+38 -3.4e+38 -3.4e+38 -3.4e+38 -3.4e+38 -3.4e+38 0.137853190302849 0.244944080710411 0.618219614028931 0.917789220809937 0.862875819206238 0.910639345645905 0.946014881134033 0.88591456413269 0.57239955663681 0.679778635501862 0.570225238800049 0.98884254693985 0.989907205104828 0.968705892562866 0.995997905731201 0.621099233627319 0.68553614616394 0.987757444381714 0.994762182235718 0.993035137653351 0.991685092449188 0.995663821697235 0.996382594108582 0.991656243801117 0.991049349308014 0.726883828639984 0.986422181129456 0.997090101242065 0.984651982784271 0.945618569850922 0.931090414524078 0.903077065944672 0.904563844203949 0.92175954580307 0.963397800922394 0.986418604850769 0.982457518577576 0.928689479827881
