data/climate_estimation/maxent_output/Calochortus_weedii.asc
NCOLS 33 
NROWS 53 
XLLCORNER -117.916666666667 
YLLCORNER 29.9166666666667 
CELLSIZE 0.0833333333333333 
NODATA_value -3.4e+38 
[rows 0 to 35 of 53, columns 0 to 32 of 33]
0.467083901166916 0.423803240060806 0.391583740711212 0.143820405006409 0.473514080047607 0.235823020339012 0.399483025074005 0.387616813182831 0.449104338884354 0.53723680973053 0.360889345407486 0.238757312297821 0.228111058473587 0.422939300537109 0.438049256801605 0.458964586257935 0.368321657180786 0.0206478908658028 0.00349844875745475 0.00108514644671232 0.000428275088779628 0.000289071758743376 0.000580876076128334 0.000301805353956297 0.000458776805317029 0.00154708977788687 0.000164283977937885 3.60484955308493e-05 5.07618533447385e-05 1.66233548952732e-05 9.92970944935223e-06 1.66880399774527e-05 1.81305204023374e-05
0.177875384688377 0.19152520596981 0.354060798883438 0.406179219484329 0.413202166557312 0.145941004157066 0.143086731433868 0.335668563842773 0.481830358505249 0.492267102003098 0.364055126905441 0.25779139995575 0.251029461622238 0.11396811157465 0.107736550271511 0.427036881446838 0.447878986597061 0.0790048092603683 0.00936087220907211 0.00220219418406487 0.000604965840466321 0.000323057261994109 0.000179585185833275 0.000175842302269302 8.83805696503259e-05 0.000191498576896265 0.000568681920412928 0.000325797707773745 0.00061533588450402 0.00013797139399685 1.70817329490092e-05 1.87459136213874e-05 5.45893853995949e-05
0.306799083948135 0.256511032581329 0.209777250885963 0.181375131011009 0.161151185631752 0.147835046052933 0.149969458580017 0.210072681307793 0.162798136472702 0.228294998407364 0.462604016065598 0.253573477268219 0.0510705076158047 0.0536513403058052 0.225647047162056 0.451295733451843 0.325784653425217 0.0920395702123642 0.0232518669217825 0.00526792416349053 0.00292290863581002 0.00145764590706676 0.000615472788922489 0.000396335090044886 0.000121287506772205 7.69596517784521e-05 7.71780687500723e-05 0.000169910446857102 0.000433133885962889 0.000477817055070773 6.10312054050155e-05 2.12163849937497e-05 0.000146312406286597
0.462314695119858 0.410005986690521 0.49176299571991 0.454454898834229 0.385547786951065 0.346496105194092 0.338038951158524 0.25327143073082 0.22575381398201 0.175266370177269 0.24577109515667 0.740034341812134 0.277886360883713 0.298315674066544 0.537221789360046 0.189426720142365 0.0140476627275348 0.0653930231928825 0.26670429110527 0.201762109994888 0.0751997008919716 0.0387678407132626 0.0118928197771311 0.00461891805753112 0.00137098063714802 0.000454459193861112 0.000553982623387128 0.000538946595042944 0.000346263928804547 0.000421324511989951 0.00132447143550962 5.05284333485179e-05 9.82665733317845e-05
0.550845980644226 0.596328020095825 0.660854756832123 0.381739467382431 0.317418992519379 0.46805614233017 0.375601172447205 0.345587611198425 0.292433321475983 0.253768622875214 0.20437790453434 0.2940893471241 0.234878316521645 0.317344963550568 0.261525392532349 0.0122156590223312 0.000671063316985965 0.00273233698680997 0.00439755758270621 0.0755633488297462 0.176206201314926 0.109495706856251 0.0154501162469387 0.00274420902132988 0.000857122126035392 0.00100434920750558 0.000271002238150686 0.000158246359205805 0.00011287530651316 9.00214217836037e-05 0.000460488721728325 7.91952625149861e-05 3.60302074113861e-05
0.573035597801208 0.67724597454071 0.803760051727295 0.758551597595215 0.176276370882988 0.662273049354553 0.56150233745575 0.483223587274551 0.355078995227814 0.276387363672256 0.229241088032722 0.220471858978271 0.435465782880783 0.522885143756866 0.592355728149414 0.0736876353621483 0.00162770540919155 0.000652259099297225 0.000337019329890609 0.000376193434931338 0.00202215230092406 0.0228030532598495 0.0183739811182022 0.00551605969667435 0.00191271968651563 0.000849436270073056 0.000560373184271157 0.000707811792381108 0.0014305179938674 0.000156549722305499 8.53244346217252e-05 8.41137880343013e-05 2.19326466321945e-05
0.644738554954529 0.764694631099701 0.869093894958496 0.646252036094666 0.75156044960022 0.801637291908264 0.597553193569183 0.523859322071075 0.475694119930267 0.3890340924263 0.282030284404755 0.246312394738197 0.286638915538788 0.623025476932526 0.129836171865463 0.28553307056427 0.00192548253107816 0.000479552545584738 0.000169229548191652 0.000117919538752176 8.56982951518148e-05 0.000389136635931209 0.00630771555006504 0.00696616107597947 0.00662706978619099 0.00394685007631779 0.00299011054448783 0.00264123058877885 0.00238986639305949 0.000105665661976673 4.28766870754771e-05 2.86317208519904e-05 2.08673482120503e-05
0.60896635055542 0.758905589580536 0.871000409126282 0.819697260856628 0.598384857177734 0.66845315694809 0.759581506252289 0.585125684738159 0.51351797580719 0.410597860813141 0.329714477062225 0.296705365180969 0.313948422670364 0.664129614830017 0.597106516361237 0.563988626003265 0.110762350261211 0.00816106610000134 0.000379734992748126 0.000108349202491809 7.13954286766239e-05 4.26040569436736e-05 0.000245772884227335 0.0012383465655148 0.00301130930893123 0.00237232586368918 0.0026860311627388 0.000820408225990832 0.00054626225028187 0.000211828417377546 9.61663099587895e-05 5.25504256074782e-05 2.53454181802226e-05
0.659190058708191 0.779147028923035 0.904498398303986 0.914134502410889 0.867019176483154 0.711563050746918 0.729495465755463 0.747974038124084 0.66790646314621 0.575126469135284 0.478490322828293 0.392890483140945 0.693507015705109 0.70110034942627 0.651271879673004 0.595080971717834 0.575711965560913 0.372414529323578 0.0170038342475891 0.000366604683222249 8.85085901245475e-05 3.81696299882606e-05 6.38819910818711e-05 0.000148609426105395 0.000219399284105748 0.00119521876331419 0.000934159616008401 0.000697356532327831 0.00049037515418604 0.00220451853238046 0.00258608371950686 0.000301418273011222 5.14519706484862e-05
0.729419529438019 0.8249391913414 0.878560900688171 0.913173675537109 0.951820135116577 0.814911961555481 0.799656450748444 0.813503980636597 0.863330245018005 0.690778195858002 0.539572298526764 0.479196190834045 0.547681570053101 0.740309774875641 0.705962300300598 0.628498733043671 0.582988083362579 0.467942953109741 0.500690102577209 0.015812624245882 0.0001955888728844 6.51412992738187e-05 3.70157613360789e-05 2.82792443613289e-05 4.87406396132428e-05 0.000264842790784314 0.00026962228002958 0.000366475956980139 0.000655727926641703 0.00146250461693853 0.00465785525739193 0.00235405843704939 0.00022197152429726
-3.4e+38 -3.4e+38 0.808330655097961 0.876981973648071 0.931973934173584 0.95000684261322 0.844960927963257 0.953083515167236 0.906983375549316 0.832794368267059 0.710135996341705 0.701761782169342 0.698746085166931 0.775096356868744 0.705128788948059 0.652564287185669 0.447361320257187 0.516786992549896 0.337480902671814 0.327053636312485 0.0085067804902792 7.77246386860497e-05 6.07172078161966e-05 3.65694977517705e-05 2.39198943745578e-05 2.39361652347725e-05 3.48998873960227e-05 0.000792232516687363 0.00139497080817819 0.00118695269338787 0.00156702729873359 0.00185338128358126 0.00087317853467539
-3.4e+38 -3.4e+38 -3.4e+38 0.819857239723206 0.929922699928284 0.954873323440552 0.954962730407715 0.945610046386719 0.954495906829834 0.915347039699554 0.88597172498703 0.801349341869354 0.824054062366486 0.712657332420349 0.720822870731354 0.665299892425537 0.619695425033569 0.0507839322090149 0.00278968480415642 0.00032381308847107 0.0440874323248863 0.00173519540112466 7.78189205448143e-05 6.56563206575811e-05 4.0109171095537e-05 2.58513446169673e-05 1.97049776033964e-05 3.64669504051562e-05 4.3963358621113e-05 9.55043724388815e-05 0.000288949348032475 0.000632717565167695 0.000443952565547079
-3.4e+38 -3.4e+38 -3.4e+38 -3.4e+38 -3.4e+38 0.821080446243286 0.877661228179932 0.908097922801971 0.894416987895966 0.920311212539673 0.851507842540741 0.822940051555634 0.798209249973297 0.706807017326355 0.82196581363678 0.682362973690033 0.617231607437134 0.532513320446014 0.00032926892163232 0.000200155423954129 0.000833854137454182 0.000871768454089761 0.000125530583318323 7.38716553314589e-05 5.98303449805826e-05 3.71660062228329e-05 2.98825707432115e-05 1.90907867363421e-05 2.44200346060097e-05 2.56197054113727e-05 6.46737826173194e-05 0.00032001078943722 0.000275339203653857
-3.4e+38 -3.4e+38 -3.4e+38 -3.4e+38 -3.4e+38 0.858924508094788 0.843211114406586 0.855364978313446 0.922022581100464 0.902114450931549 0.851476550102234 0.82033360004425 0.821598529815674 0.663308143615723 0.715849637985229 0.738089025020599 0.674013137817383 0.64191609621048 0.00310719455592334 0.000320167222525924 0.00014087583986111 8.42323424876668e-05 0.000206013341085054 0.000113469701318536 8.03625880507752e-05 6.17304976913147e-05 3.95086353819352e-05 2.821846101142e-05 2.15618802030804e-05 2.4939536160673e-05 3.97078511014115e-05 8.37127008708194e-05 0.000305652793031186
-339999999999999996123846586046231871488.000000000000000 -3.4e+38 -3.4e+38 -3.4e+38 -3.4e+38 -3.4e+38 0.838313937187195 0.856395244598389 0.873918235301971 0.8718421459198 0.903915107250214 0.801362752914429 0.63987922668457 0.746938228607178 0.706210911273956 0.638629019260406 0.782911717891693 0.424872159957886 0.073934331536293 0.00673914281651378 0.00138092541601509 0.00015403184806928 6.73779431963339e-05 0.000194021340576001 2.36054656852502e-05 6.71403540764004e-05 5.40825749340001e-05 3.81823920179158e-05 2.62506437138654e-05 2.81829197774641e-05 3.57296448783018e-05 3.63640829164069e-05 5.38723397767171e-05
-3.4e+38 -3.4e+38 -3.4e+38 -3.4e+38 -3.4e+38 -3.4e+38 -3.4e+38 0.866803288459778 0.875013828277588 0.838913798332214 0.892106235027313 0.849871337413788 0.750039994716644 0.726286232471466 0.722624361515045 0.587197721004486 0.692414999008179 0.657293140888214 0.505129635334015 0.433168083429337 0.048785962164402 0.000704924983438104 0.000217543129110709 9.34285199036822e-05 0.000275299651548266 0.000113890127977356 6.98062940500677e-05 5.57518251298461e-05 4.00627177441493e-05 4.41968004452065e-05 3.68084547517356e-05 3.98932133975904e-05 3.09621464111842e-05
-3.4e+38 -3.4e+38 -3.4e+38 -3.4e+38 -3.4e+38 -3.4e+38 -3.4e+38 0.819638729095459 0.840996325016022 0.8488849401474 0.891056895256042 0.85994964838028 0.781372308731079 0.651661038398743 0.730808615684509 0.557443201541901 0.535566210746765 0.785959184169769 0.18051141500473 0.0349198989570141 0.00639396579936147 0.00152697286102921 0.00127253064420074 0.000316117133479565 0.00012915326806251 0.000268292846158147 0.000116749484732281 6.41577353235334e-05 5.37831911060493e-05 4.8384605179308e-05 3.33190582750831e-05 3.08155649690889e-05 3.86167266697157e-05
-3.4e+38 -3.4e+38 -3.4e+38 -3.4e+38 -3.4e+38 -3.4e+38 -3.4e+38 0.779186010360718 0.833269715309143 0.833601474761963 0.869231522083282 0.847811162471771 0.833317577838898 0.743875563144684 0.805864095687866 0.8193199634552 0.589324772357941 0.613578200340271 0.784597337245941 0.218130335211754 0.00974484998732805 0.00339478626847267 0.00138436257839203 0.00056703231530264 0.000228854041779414 9.8158219770994e-05 3.63648905477021e-05 9.17088036658242e-05 4.27473642048426e-05 4.76899258501362e-05 3.32587587763555e-05 3.05025896523148e-05 3.96309915231541e-05
-3.4e+38 -3.4e+38 -3.4e+38 -3.4e+38 -3.4e+38 -3.4e+38 -3.4e+38 0.758719980716705 0.692919135093689 0.752536773681641 0.839339256286621 0.831705152988434 0.86521977186203 0.775328159332275 0.81773167848587 0.90250951051712 0.677051424980164 0.699415504932404 0.744108498096466 0.663338541984558 0.0515313856303692 0.0135546894744039 0.00496547250077128 0.00165761611424387 0.000630683265626431 0.000266038259724155 8.66415139171295e-05 0.00011104056466138 6.50748188490979e-05 5.37971172889229e-05 3.48756148014218e-05 3.17124795401469e-05 3.66978856618516e-05
-3.4e+38 -3.4e+38 -3.4e+38 -3.4e+38 -3.4e+38 -3.4e+38 -3.4e+38 0.569099962711334 0.590629398822784 0.746423423290253 0.711907804012299 0.815185904502869 0.892057836055756 0.863664746284485 0.863707184791565 0.818320691585541 0.797585666179657 0.855292022228241 0.826238214969635 0.727777540683746 0.310700237751007 0.0915679484605789 0.0126565471291542 0.00319861946627498 0.00200659409165382 0.000594099110458046 0.000236162421060726 6.30636859568767e-05 0.000100562443549279 5.11145153723191e-05 3.37728306476492e-05 3.94968592445366e-05 2.89757572318194e-05
-3.4e+38 -3.4e+38 -3.4e+38 -3.4e+38 -3.4e+38 -3.4e+38 -3.4e+38 -3.4e+38 -3.4e+38 0.669449388980865 0.684969782829285 0.745535373687744 0.919478058815002 0.928223848342896 0.902691006660461 0.845233023166656 0.834846556186676 0.74713134765625 0.827083587646484 0.780530452728271 0.491825938224792 0.203512400388718 0.0665377005934715 0.0107265394181013 0.00328947301022708 0.00201063277199864 0.00126059621106833 0.00020528951426968 4.40736475866288e-05 9.41494799917564e-05 4.41918564320076e-05 3.14280841848813e-05 3.85722778446507e-05
-3.4e+38 -3.4e+38 -3.4e+38 -3.4e+38 -3.4e+38 -3.4e+38 -3.4e+38 -3.4e+38 -3.4e+38 0.570478737354279 0.654473781585693 0.603586971759796 0.774063050746918 0.818810820579529 0.932839214801788 0.836848020553589 0.839607417583466 0.764687657356262 0.759195566177368 0.795480191707611 0.499261468648911 0.219707533717155 0.0334790647029877 0.0349230468273163 0.0112743610516191 0.0022901720367372 0.00141338782850653 0.000798237102571875 0.000151098895003088 3.79193770640995e-05 2.24196883209515e-05 1.11064618977252e-05 5.58114224986639e-05
-3.4e+38 -3.4e+38 -3.4e+38 -3.4e+38 -3.4e+38 -3.4e+38 -3.4e+38 0.365657538175583 -3.4e+38 0.609564483165741 0.705315470695496 0.680786490440369 0.687387049198151 0.80711841583252 0.868917226791382 0.878127872943878 0.84332287311554 0.786547660827637 0.805817782878876 0.853261351585388 0.537899196147919 0.369211882352829 0.0816158801317215 0.0802331268787384 0.0469568148255348 0.00462361099198461 0.00293205305933952 0.00151723716408014 0.00273265666328371 8.83883039932698e-05 2.99119001283543e-05 2.02730225282721e-05 8.80681400303729e-05
-3.4e+38 -3.4e+38 -3.4e+38 -3.4e+38 -3.4e+38 -3.4e+38 -3.4e+38 -3.4e+38 0.379965007305145 0.523893594741821 0.618524491786957 0.721320807933807 0.902236461639404 0.887994229793549 0.854770004749298 0.750864565372467 0.849413096904755 0.820429444313049 0.888648390769958 0.852758646011353 0.688766062259674 0.597457230091095 0.212449848651886 0.155999362468719 0.0692472830414772 0.00616962229833007 0.00364580913446844 0.00186512747313827 0.000575913116335869 0.00294062332250178 0.000444886507466435 3.44601321558002e-05 0.000108490989077836
-3.4e+38 -3.4e+38 -3.4e+38 -3.4e+38 -3.4e+38 -3.4e+38 -3.4e+38 -3.4e+38 -3.4e+38 -3.4e+38 0.585475504398346 0.696978867053986 0.868285179138184 0.949153244495392 0.972498178482056 0.896162629127502 0.869330048561096 0.838377952575684 0.937462449073792 0.829047083854675 0.700017631053925 0.609547436237335 0.20465786755085 0.209565237164497 0.0844777747988701 0.0128761315718293 0.00773941399529576 0.00282456306740642 0.000742970849387348 0.000303676235489547 0.00103819824289531 6.20378268649802e-05 0.000121935307106469
-3.4e+38 -3.4e+38 -3.4e+38 -3.4e+38 -3.4e+38 -3.4e+38 -3.4e+38 -3.4e+38 -3.4e+38 -3.4e+38 -3.4e+38 0.541698038578033 0.689698278903961 0.886580348014832 0.955923199653625 0.874087750911713 0.896147012710571 0.886335670948029 0.93727058172226 0.784016311168671 0.712800204753876 0.636786043643951 0.240991964936256 0.213493570685387 0.185137376189232 0.0393099710345268 0.0121695324778557 0.00332319200970232 0.00130176241509616 0.000402487086830661 0.00114172243047506 0.000434043031418696 0.000215934705920517
-3.4e+38 -3.4e+38 -3.4e+38 -3.4e+38 -3.4e+38 -3.4e+38 -3.4e+38 -3.4e+38 -3.4e+38 -3.4e+38 -3.4e+38 -3.4e+38 0.743874251842499 0.695475578308105 0.901450157165527 0.855377376079559 0.900969088077545 0.911238074302673 0.950248241424561 0.884274363517761 0.679211318492889 0.27704718708992 0.258456468582153 0.228765055537224 0.23759514093399 0.0864720493555069 0.0242207907140255 0.00729835499078035 0.00140430778264999 0.000444480654550716 0.000249449978582561 0.000838869193103164 0.000582260370720178
-3.4e+38 -3.4e+38 -3.4e+38 -3.4e+38 -3.4e+38 -3.4e+38 -3.4e+38 -3.4e+38 -3.4e+38 -3.4e+38 -3.4e+38 -3.4e+38 0.671653389930725 0.758666217327118 0.873698651790619 0.898780941963196 0.87442284822464 0.928164839744568 0.921059906482697 0.977409780025482 0.778602302074432 0.559561908245087 0.215685114264488 0.2466751486063 0.242931589484215 0.120009995996952 0.0338644087314606 0.0112134180963039 0.00300012528896332 0.000837164756376296 0.000580599880777299 0.0021982928737998 0.00134388473816216
-339999999999999996123846586046231871488.000000000000000 -3.4e+38 -3.4e+38 -3.4e+38 -3.4e+38 -3.4e+38 -3.4e+38 -3.4e+38 -3.4e+38 -3.4e+38 -3.4e+38 -3.4e+38 0.565988540649414 0.720947563648224 0.788186311721802 0.863040924072266 0.841153562068939 0.920975387096405 0.928988456726074 0.918458878993988 0.949548065662384 0.676072776317596 0.261445701122284 0.255405336618423 0.240238144993782 0.114577077329159 0.0493366941809654 0.0172642264515162 0.00392053835093975 0.00183074316009879 0.00107714219484478 0.00187062681652606 0.00162103655748069
-3.4e+38 -3.4e+38 -3.4e+38 -3.4e+38 -3.4e+38 -3.4e+38 -3.4e+38 -3.4e+38 -3.4e+38 -3.4e+38 -3.4e+38 -3.4e+38 -3.4e+38 -3.4e+38 0.631275713443756 0.6940598487854 0.811494052410126 0.850639998912811 0.914748013019562 0.90824556350708 0.929987370967865 0.702577292919159 0.239418223500252 0.281922876834869 0.286261558532715 0.198527067899704 0.057957362383604 0.0276735294610262 0.0172559339553118 0.00345448101870716 0.00109668995719403 0.000598521786741912 0.00301487231627107
-3.4e+38 -3.4e+38 -3.4e+38 -3.4e+38 -3.4e+38 -3.4e+38 -3.4e+38 -3.4e+38 -3.4e+38 -3.4e+38 -3.4e+38 -3.4e+38 -3.4e+38 0.369998663663864 -3.4e+38 0.372822701931 0.638673782348633 0.817703723907471 0.943270087242126 0.956672251224518 0.893031179904938 0.683596670627594 0.197717636823654 0.268572002649307 0.294024020433426 0.310048520565033 0.179856732487679 0.0331469811499119 0.0230337511748075 0.0195386111736298 0.00233231531456113 0.00114103010855615 0.00417246064171195
-3.4e+38 -3.4e+38 -3.4e+38 -3.4e+38 -3.4e+38 -3.4e+38 -3.4e+38 -3.4e+38 -3.4e+38 -3.4e+38 -3.4e+38 -3.4e+38 -3.4e+38 -3.4e+38 0.428404211997986 0.526505291461945 0.505998015403748 0.705788314342499 0.771397173404694 0.929503798484802 0.827546238899231 0.660393059253693 0.201369538903236 0.135773196816444 0.152274638414383 0.163761109113693 0.149309411644936 0.0490647256374359 0.0290754958987236 0.027847507968545 0.01011932361871 0.00341425905935466 0.00804646499454975
-3.4e+38 -3.4e+38 -3.4e+38 -3.4e+38 -3.4e+38 -3.4e+38 -3.4e+38 -3.4e+38 -3.4e+38 -3.4e+38 -3.4e+38 -3.4e+38 -3.4e+38 -3.4e+38 -3.4e+38 0.508910298347473 0.688879311084747 0.618220329284668 0.674261093139648 0.797551870346069 0.785326659679413 0.661911427974701 0.473393768072128 0.179023683071136 0.125480771064758 0.105362996459007 0.138100057840347 0.112927801907063 0.06175447255373 0.0347356349229813 0.0317874774336815 0.0132185071706772 0.0172830950468779
-3.4e+38 -3.4e+38 -3.4e+38 -3.4e+38 -3.4e+38 -3.4e+38 -3.4e+38 -3.4e+38 -3.4e+38 -3.4e+38 -3.4e+38 -3.4e+38 -3.4e+38 -3.4e+38 0.369995206594467 0.381734788417816 0.502724707126617 0.542256772518158 0.501793742179871 0.749234914779663 0.848051846027374 0.778183221817017 0.30935999751091 0.202771320939064 0.190780937671661 0.13462620973587 0.109293803572655 0.171881020069122 0.225024163722992 0.057267140597105 0.0381251759827137 0.0248901210725307 0.0320091843605042
-3.4e+38 -3.4e+38 -3.4e+38 -3.4e+38 -3.4e+38 -3.4e+38 -3.4e+38 -3.4e+38 -3.4e+38 -3.4e+38 -3.4e+38 -3.4e+38 -3.4e+38 -3.4e+38 -3.4e+38 0.337593883275986 0.419402450323105 0.517463147640228 0.498327672481537 0.593265891075134 0.744524419307709 0.829936265945435 0.694460034370422 0.583586871623993 0.215381056070328 0.176591321825981 0.15465883910656 0.156068712472916 0.230511233210564 0.110878467559814 0.0655577257275581 0.0344645753502846 0.0395040661096573
-3.4e+38 -3.4e+38 -3.4e+38 -3.4e+38 -3.4e+38 -3.4e+38 -3.4e+38 -3.4e+38 -3.4e+38 -3.4e+38 -3.4e+38 -3.4e+38 -3.4e+38 -3.4e+38 -3.4e+38 -3.4e+38 0.336136102676392 0.449476093053818 0.475222110748291 0.452793926000595 0.54413241147995 0.620330154895782 0.808883190155029 0.691177606582642 0.27281054854393 0.202559277415276 0.178159445524216 0.164610162377357 0.202737063169479 0.104325823485851 0.0529794953763485 0.0642824321985245 0.0407763607800007
