data/climate_estimation/maxent_output/Calochortus_venustus.asc
NCOLS 92 
NROWS 98 
XLLCORNER -123.583333333333 
YLLCORNER 32.5 
CELLSIZE 0.0833333333333334 
NODATA_value -3.4e+38 
[rows 0 to 20 of 98, columns 0 to 46 of 92]
0.320434749126434 0.495211690664291 0.403445363044739 0.404156595468521 0.328964173793793 0.372632145881653 0.466550052165985 0.575046479701996 0.541568756103516 0.397059828042984 0.366120219230652 0.523307383060455 0.307179808616638 0.213254317641258 0.19056199491024 0.189285844564438 0.217928871512413 0.217440903186798 0.273099303245544 0.323938190937042 0.357494920492172 0.223677098751068 0.0888926312327385 0.0533854700624943 0.0752665549516678 0.097627229988575 0.0652319639921188 0.0546922609210014 0.0503971390426159 0.0436983220279217 0.0350137315690517 0.0325059853494167 0.0246014129370451 0.0266814865171909 0.0183585546910763 0.0112177506089211 0.00612973887473345 0.00426952121779323 0.00312638864852488 0.00144831207580864 0.00120297912508249 0.000999852083623409 0.00069338217144832 0.000535870785824955 0.000393565569538623 0.000597077654674649 0.000587455637287349
0.314471662044525 0.387865990400314 0.334428787231445 0.408727258443832 0.545080423355103 0.479674220085144 0.428682148456573 0.465756565332413 0.446671187877655 0.318566799163818 0.38683232665062 0.53153783082962 0.323440998792648 0.222527965903282 0.225905001163483 0.226288139820099 0.203141450881958 0.219961240887642 0.25231084227562 0.322385281324387 0.36601996421814 0.219508722424507 0.193220868706703 0.0982730910181999 0.0620295666158199 0.053687822073698 0.0476334393024445 0.0504676923155785 0.0398753508925438 0.0446417033672333 0.0603598840534687 0.0503278784453869 0.0401366539299488 0.0429332442581654 0.0255468115210533 0.0173250027000904 0.0107926474884152 0.00749903311952949 0.00552548747509718 0.00480960076674819 0.00289552379399538 0.00110699981451035 0.000939515477512032 0.000655802607070655 0.000699766329489648 0.00100148643832654 0.000698744144756347
0.355367392301559 0.379533588886261 0.389818072319031 0.413272172212601 0.418079257011414 0.512049555778503 0.431434243917465 0.352504402399063 0.50338488817215 0.609559655189514 0.53594571352005 0.334294587373734 0.297684997320175 0.271312355995178 0.250189453363419 0.24311026930809 0.235780254006386 0.250615209341049 0.333161979913712 0.364602535963058 0.305624097585678 0.282546073198318 0.20745487511158 0.0951822623610497 0.0491258688271046 0.0587275102734566 0.066874772310257 0.0535760223865509 0.0489770211279392 0.0603418424725533 0.0718880295753479 0.0729127749800682 0.0593621246516705 0.0396823845803738 0.0391234271228313 0.0336684100329876 0.0173431057482958 0.0146370083093643 0.00729314191266894 0.00664547411724925 0.00418007466942072 0.00160881644114852 0.00123639707453549 0.000868781819008291 0.00126601848751307 0.00121545139700174 0.000762209354434162
0.359960317611694 0.423184663057327 0.394061118364334 0.46049764752388 0.422088176012039 0.405699640512466 0.444438844919205 0.539173781871796 0.643163740634918 0.537708759307861 0.448236703872681 0.331790626049042 0.353711277246475 0.327684253454208 0.313335925340652 0.254678159952164 0.225284487009048 0.237366080284119 0.25587061047554 0.318547397851944 0.312808871269226 0.395670562982559 0.211026713252068 0.127771109342575 0.133065462112427 0.122731260955334 0.120270147919655 0.141733437776566 0.12584875524044 0.126119330525398 0.131665766239166 0.11988677829504 0.0801823064684868 0.0915925577282906 0.0601315461099148 0.0765887126326561 0.0647477656602859 0.0430455058813095 0.023440770804882 0.0201334469020367 0.00902233552187681 0.00383074139244854 0.00181089178659022 0.00100717204622924 0.00138872745446861 0.00181009352672845 0.0011043690610677
0.304089337587357 0.365044832229614 0.425857305526733 0.398392349481583 0.474097371101379 0.43027725815773 0.43515008687973 0.523728251457214 0.604867935180664 0.581013262271881 0.494185090065002 0.428316384553909 0.38349375128746 0.35639363527298 0.324572205543518 0.338920772075653 0.281683892011642 0.299160808324814 0.340490818023682 0.416159749031067 0.418462514877319 0.489086598157883 0.29702216386795 0.156012251973152 0.198451578617096 0.183923497796059 0.175122961401939 0.227740198373795 0.320856511592865 0.278676688671112 0.209762796759605 0.206781432032585 0.0912154763936996 0.0852344855666161 0.0541791990399361 0.047744557261467 0.0508762784302235 0.0563038662075996 0.0472945123910904 0.0288172755390406 0.0191266667097807 0.00802863482385874 0.00414931820705533 0.00187027268111706 0.00191571190953255 0.00221536890603602 0.00130566814914346
0.40380010008812 0.410149991512299 0.416811466217041 0.427323311567307 0.472455680370331 0.481103926897049 0.438166975975037 0.278425514698029 0.450336366891861 0.713286817073822 0.535924136638641 0.481613904237747 0.409177392721176 0.451901853084564 0.409573674201965 0.353637307882309 0.317504644393921 0.364173531532288 0.425506085157394 0.427468597888947 0.514864921569824 0.581061720848083 0.453506380319595 0.414547890424728 0.295514196157455 0.214727893471718 0.164998292922974 0.310180187225342 0.331385463476181 0.362867772579193 0.291472285985947 0.189634576439857 0.179382234811783 0.160600885748863 0.0797503218054771 0.0782449021935463 0.0467666201293468 0.0459193550050259 0.0624378472566605 0.0466467216610909 0.028745299205184 0.0174182914197445 0.0141080021858215 0.00677722739055753 0.00342265400104225 0.0019224762218073 0.00103174697142094
0.453385263681412 0.395218670368195 0.466484576463699 0.4296595454216 0.456889986991882 0.412714630365372 0.357864588499069 0.348910629749298 0.462896406650543 0.55554187297821 0.695715725421906 0.604315221309662 0.521860718727112 0.490935027599335 0.440547198057175 0.443104773759842 0.472669273614883 0.4424709379673 0.4919493496418 0.545773684978485 0.578146040439606 0.659592628479004 0.678340315818787 0.571579158306122 0.406789273023605 0.221579343080521 0.166798919439316 0.350644081830978 0.433929800987244 0.447411954402924 0.269503980875015 0.325794249773026 0.354070752859116 0.220749109983444 0.0871968418359756 0.102044463157654 0.0789773911237717 0.0504405684769154 0.0302121583372355 0.0254610553383827 0.0322107337415218 0.0208181291818619 0.0157601088285446 0.00938007887452841 0.00562357390299439 0.00137057236861438 0.00270587299019098
0.449922829866409 0.451034277677536 0.457085728645325 0.503072798252106 0.450816035270691 0.414491415023804 0.35354682803154 0.292221963405609 0.274259626865387 0.438366293907166 0.564572036266327 0.636476874351501 0.564056158065796 0.543967247009277 0.529681444168091 0.587110102176666 0.565013766288757 0.573392033576965 0.58251816034317 0.616296291351318 0.5566765666008 0.681453049182892 0.808633267879486 0.731839179992676 0.502169966697693 0.301713198423386 0.232196435332298 0.420675456523895 0.525887012481689 0.410356074571609 0.416336864233017 0.320650905370712 0.253859847784042 0.203810349106789 0.234747678041458 0.130107134580612 0.0869594067335129 0.0570285841822624 0.0374137535691261 0.0306266639381647 0.0175873469561338 0.0189850479364395 0.00689415447413921 0.005535454954952 0.00316113699227571 0.0033943341113627 0.00137283781077713
0.419404953718185 0.455309122800827 0.494880110025406 0.465959310531616 0.433781236410141 0.40699890255928 0.49597442150116 0.42221862077713 0.512615621089935 0.43395060300827 0.563558042049408 0.689612448215485 0.582577109336853 0.578688621520996 0.574393212795258 0.628245294094086 0.62101423740387 0.620875239372253 0.612708926200867 0.619827747344971 0.658375084400177 0.720791280269623 0.796990573406219 0.784548163414001 0.723480522632599 0.450477987527847 0.451045572757721 0.606797814369202 0.289678514003754 0.350883305072784 0.45902219414711 0.365060329437256 0.303254753351212 0.213251113891602 0.149770081043243 0.100029222667217 0.108830399811268 0.0820635184645653 0.0571466684341431 0.0403084307909012 0.0257538817822933 0.0196355916559696 0.0135219665244222 0.0067762047983706 0.00295498897321522 0.00158855400513858 0.00240629189647734
0.362893909215927 0.422109603881836 0.435507208108902 0.439020991325378 0.478031903505325 0.492212176322937 0.527706801891327 0.435475766658783 0.522717535495758 0.552944123744965 0.64744508266449 0.649959146976471 0.590500831604004 0.593010783195496 0.58621734380722 0.649194657802582 0.635063350200653 0.638078808784485 0.633761584758759 0.638849318027496 0.64483106136322 0.659823417663574 0.677297472953796 0.709336757659912 0.822960734367371 0.753796756267548 0.706113576889038 0.559487164020538 0.451796889305115 0.432532876729965 0.485517054796219 0.365716814994812 0.370454967021942 0.294394671916962 0.266096919775009 0.150929570198059 0.121989734470844 0.0968816056847572 0.0679579451680183 0.0550412535667419 0.0295209772884846 0.0180315282195807 0.0137563645839691 0.00802174583077431 0.00288413884118199 0.00229457253590226 0.00180095294490457
0.380848616361618 0.397472709417343 0.408442884683609 0.480815052986145 0.585102260112762 0.645303308963776 0.54089081287384 0.497773140668869 0.519001305103302 0.610081076622009 0.621315240859985 0.764209508895874 0.65999048948288 0.669309139251709 0.663400650024414 0.654584586620331 0.648596227169037 0.645147502422333 0.648536503314972 0.651519536972046 0.650369644165039 0.650852620601654 0.63641494512558 0.644669473171234 0.693332374095917 0.743315935134888 0.712054908275604 0.659386157989502 0.583581268787384 0.555655777454376 0.471507519483566 0.414444416761398 0.274759590625763 0.26007142663002 0.226970314979553 0.215410172939301 0.171473905444145 0.115882530808449 0.113762192428112 0.0804583579301834 0.032191313803196 0.0206540189683437 0.0161748044192791 0.0130790900439024 0.00611160416156054 0.0025921103078872 0.00141070829704404
0.390273958444595 0.402222782373428 0.410003781318665 0.445985078811646 0.581731677055359 0.630529761314392 0.46084651350975 0.49884244799614 0.437994807958603 0.525636672973633 0.74833607673645 0.761460840702057 0.670162379741669 0.689583539962769 0.683436989784241 0.672591328620911 0.664887130260468 0.656011343002319 0.662032246589661 0.720320343971252 0.716673076152802 0.708591938018799 0.6899374127388 0.615176618099213 0.61421400308609 0.657433211803436 0.675106823444366 0.678874313831329 0.656748116016388 0.591787815093994 0.541558265686035 0.459120899438858 0.36573001742363 0.280849546194077 0.207463726401329 0.19910541176796 0.181028753519058 0.192541420459747 0.140828385949135 0.107840612530708 0.0664423331618309 0.045790396630764 0.0219883117824793 0.0130680995061994 0.00616214331239462 0.0026784751098603 0.00120020494796336
0.387938290834427 0.369731366634369 0.384000957012177 0.423315733671188 0.44630828499794 0.603368580341339 0.498389333486557 0.430897921323776 0.512601435184479 0.52390456199646 0.604120194911957 0.741075277328491 0.672864198684692 0.680912256240845 0.675450444221497 0.675645112991333 0.678369462490082 0.728008449077606 0.734826803207397 0.726874649524689 0.713135480880737 0.70489364862442 0.676262676715851 0.646615147590637 0.603651106357574 0.6269171833992 0.650640308856964 0.663615942001343 0.636977791786194 0.658537805080414 0.551390528678894 0.517538487911224 0.468257009983063 0.433318316936493 0.246768787503242 0.193521276116371 0.140894263982773 0.1597880423069 0.202001422643661 0.120429627597332 0.0713262930512428 0.0478497445583344 0.0358319990336895 0.0186985358595848 0.00966980215162039 0.00357105024158955 0.00129677623044699
0.39264178276062 0.384118646383286 0.389084875583649 0.438902914524078 0.42762953042984 0.483528167009354 0.494640529155731 0.478575170040131 0.561939895153046 0.582422852516174 0.615439176559448 0.757780373096466 0.680760979652405 0.677423238754272 0.694643080234528 0.754940927028656 0.734269320964813 0.723577558994293 0.726352512836456 0.708827018737793 0.709297597408295 0.689222157001495 0.661099851131439 0.646596372127533 0.638023436069489 0.654036164283752 0.661759197711945 0.647232174873352 0.616771221160889 0.598052501678467 0.542652010917664 0.53382420539856 0.483853548765182 0.466579020023346 0.346817672252655 0.295633375644684 0.197289228439331 0.125072032213211 0.155431434512138 0.113255672156811 0.0856198146939278 0.0662910714745522 0.0614986009895802 0.0333346836268902 0.0116588715463877 0.00319024850614369 0.00138774688821286
0.444498091936111 0.399945497512817 0.417853057384491 0.43920573592186 0.485485255718231 0.503348708152771 0.507452249526978 0.632477521896362 0.652522087097168 0.573627591133118 0.60731840133667 0.736689984798431 0.728379428386688 0.751714587211609 0.727287292480469 0.736119210720062 0.737456023693085 0.741413712501526 0.721856355667114 0.712052941322327 0.701769828796387 0.682673454284668 0.659603714942932 0.62020069360733 0.617821037769318 0.642295777797699 0.701875567436218 0.640364289283752 0.645713806152344 0.661076664924622 0.538221716880798 0.542081713676453 0.516643345355988 0.49062180519104 0.442570835351944 0.294888287782669 0.207192316651344 0.134084835648537 0.11520441621542 0.111193247139454 0.0952945724129677 0.0793660506606102 0.0665156245231628 0.041382122784853 0.0257348772138357 0.00390768516808748 0.00176716642454267
0.451174855232239 0.398679673671722 0.420896053314209 0.427638024091721 0.482635706663132 0.547446310520172 0.533634066581726 0.624707341194153 0.67485785484314 0.51365202665329 0.609829545021057 0.720626473426819 0.727330207824707 0.74237322807312 0.729782938957214 0.729960918426514 0.727979779243469 0.732783555984497 0.725179076194763 0.725753307342529 0.715923130512238 0.692648112773895 0.658173978328705 0.639941692352295 0.627113699913025 0.636664390563965 0.661012828350067 0.712469398975372 0.712008535861969 0.668593287467957 0.676529467105865 0.589598536491394 0.536088943481445 0.484756261110306 0.496883004903793 0.375252395868301 0.252131819725037 0.166465863585472 0.109899066388607 0.124281242489815 0.126227587461472 0.100979499518871 0.0812383517622948 0.0301748812198639 0.0449093654751778 0.00953506398946047 0.00429148785769939
0.490390837192535 0.442270249128342 0.436577349901199 0.438814729452133 0.535472571849823 0.541203022003174 0.60352236032486 0.558353662490845 0.61576896905899 0.609843254089355 0.589997231960297 0.746629536151886 0.765734195709229 0.750772714614868 0.719926178455353 0.711068868637085 0.709254682064056 0.726788640022278 0.724381029605865 0.726869940757751 0.695431172847748 0.683783352375031 0.650407254695892 0.626248240470886 0.634143948554993 0.627766609191895 0.651194989681244 0.694054424762726 0.698786854743958 0.724123597145081 0.691611289978027 0.573169529438019 0.568917036056519 0.536269843578339 0.480534762144089 0.419358968734741 0.316409260034561 0.237146079540253 0.174819111824036 0.131801530718803 0.143889203667641 0.126073136925697 0.0770290866494179 0.0395554006099701 0.0455277040600777 0.0157799590379 0.011613255366683
0.497738122940063 0.465083062648773 0.466604143381119 0.461159527301788 0.540625691413879 0.538406133651733 0.576823949813843 0.620752155780792 0.640884518623352 0.615202486515045 0.672212362289429 0.724231898784637 0.717928171157837 0.746524751186371 0.727795243263245 0.689388632774353 0.688074588775635 0.699941277503967 0.72416353225708 0.709538221359253 0.697659432888031 0.679356098175049 0.647632241249084 0.627452254295349 0.628218054771423 0.634019255638123 0.636822521686554 0.675029516220093 0.713586330413818 0.675114512443542 0.640122890472412 0.659576117992401 0.620078802108765 0.539504289627075 0.517683446407318 0.428971171379089 0.370218873023987 0.299537181854248 0.233275830745697 0.12238147854805 0.160366326570511 0.119580164551735 0.12713785469532 0.0858850181102753 0.0517037659883499 0.0208408366888762 0.00858663860708475
0.451983094215393 0.484951943159103 0.490418344736099 0.479719609022141 0.529082238674164 0.523310601711273 0.521524786949158 0.644923686981201 0.656437575817108 0.647905766963959 0.699236631393433 0.700180411338806 0.734364211559296 0.76096773147583 0.701035439968109 0.695061504840851 0.67632007598877 0.69707202911377 0.688986480236053 0.688446164131165 0.670425593852997 0.654374241828918 0.667522251605988 0.634762287139893 0.655243515968323 0.632331788539886 0.62807297706604 0.669354379177094 0.705948889255524 0.749751806259155 0.685219705104828 0.632581651210785 0.612611770629883 0.552991271018982 0.553661942481995 0.465176552534103 0.384731143712997 0.320482820272446 0.243639200925827 0.188221871852875 0.132454007863998 0.219720512628555 0.129331395030022 0.090289480984211 0.0581532455980778 0.0289514418691397 0.0065784864127636
0.447536170482635 0.515709102153778 0.542960107326508 0.483870774507523 0.489371061325073 0.540847778320312 0.514665961265564 0.645445048809052 0.631771504878998 0.671997487545013 0.717287600040436 0.712405383586884 0.704118311405182 0.751244008541107 0.717477023601532 0.696831822395325 0.670918345451355 0.670704185962677 0.66613107919693 0.663957595825195 0.660196602344513 0.650455176830292 0.651674509048462 0.642768442630768 0.655889868736267 0.649538218975067 0.640318036079407 0.660506069660187 0.698447406291962 0.717891275882721 0.687628209590912 0.627500355243683 0.602321326732635 0.584339499473572 0.578985750675201 0.502816021442413 0.469798892736435 0.399751752614975 0.310024559497833 0.237611562013626 0.150789827108383 0.195945635437965 0.138753235340118 0.0899931490421295 0.0718206465244293 0.0179797895252705 0.0057931886985898
0.398440092802048 0.472482800483704 0.480573952198029 0.507219970226288 0.507916271686554 0.515151143074036 0.562660574913025 0.561414003372192 0.656099855899811 0.640906691551208 0.687557995319366 0.639528274536133 0.712381839752197 0.719513177871704 0.69223016500473 0.704483926296234 0.667697310447693 0.637906849384308 0.640414178371429 0.642260432243347 0.639663994312286 0.647943437099457 0.646288990974426 0.65824031829834 0.680660545825958 0.667692303657532 0.666169226169586 0.659988164901733 0.690017819404602 0.726076543331146 0.675091803073883 0.676047801971436 0.652922868728638 0.570725440979004 0.536835908889771 0.504859566688538 0.499830156564713 0.425881803035736 0.387487858533859 0.209571957588196 0.134191796183586 0.127214014530182 0.151760265231133 0.0981948673725128 0.078169159591198 0.0246077068150043 0.00596899539232254
