data/climate_estimation/maxent_output/Calochortus_exilis.asc
NCOLS 123 
NROWS 141 
XLLCORNER -108.583333333333 
YLLCORNER 18.6666666666667 
CELLSIZE 0.0833333333333333 
NODATA_value -3.4e+38 
[rows 0 to 19 of 141, columns 46 to 91 of 123]
0.0738223269581795 0.0993887037038803 0.0853147283196449 0.0760645344853401 0.0641054734587669 0.0415914058685303 0.0441267900168896 0.0514262057840824 0.0455884896218777 0.0521722882986069 0.0691843554377556 0.0708905979990959 0.049540925770998 0.0450027622282505 0.0406193435192108 0.0400879941880703 0.0478808246552944 0.0653830394148827 0.062923863530159 0.0564821735024452 0.0335390903055668 0.0317380204796791 0.0268610920757055 0.0219768453389406 0.0194595865905285 0.018264539539814 0.0144286220893264 0.0119196223095059 0.00968144740909338 0.00815497245639563 0.00756929162889719 0.00637600990012288 0.00607475265860558 0.00598993990570307 0.00521915499120951 0.00551735004410148 0.00307392817921937 0.00335841765627265 0.00323612452484667 0.00320714875124395 0.00335989892482758 0.00349494279362261 0.00323735969141126 0.00330122862942517 0.00311704259365797 0.00274906260892749
0.084469236433506 0.103920564055443 0.105535469949245 0.0908292829990387 0.0845655649900436 0.0461617149412632 0.0398979634046555 0.0429315865039825 0.0379411205649376 0.0475484393537045 0.0589315593242645 0.0709780603647232 0.0758572146296501 0.0695850849151611 0.0832127779722214 0.0595151260495186 0.0593411028385162 0.0457348376512527 0.0377564840018749 0.0370301343500614 0.0361478216946125 0.0401023626327515 0.0360825955867767 0.0266881361603737 0.0212799850851297 0.0174414552748203 0.0128497164696455 0.012008243240416 0.0100811766460538 0.00813464447855949 0.00813200231641531 0.00766362808644772 0.00618982035666704 0.00585059495642781 0.00592970242723823 0.00455941678956151 0.00452680932357907 0.00361614883877337 0.00361608015373349 0.00392835633829236 0.0037724373396486 0.00346484128385782 0.00325135583989322 0.00321651087142527 0.00331109995022416 0.00303133856505156
0.0950737670063972 0.0716768875718117 0.112810634076595 0.114313460886478 0.0818904638290405 0.0606936253607273 0.045361366122961 0.0345517061650753 0.0366092473268509 0.0411513112485409 0.051563773304224 0.0632390677928925 0.0744817554950714 0.0710828080773354 0.0848858058452606 0.0598813369870186 0.0377265401184559 0.0315213836729527 0.0348513945937157 0.0334035530686378 0.032210748642683 0.0364336110651493 0.0427307486534119 0.0345476418733597 0.0210844203829765 0.0182560961693525 0.0137018151581287 0.0132800368592143 0.0124249933287501 0.00959877856075764 0.00733910407871008 0.00670762080699205 0.00642470689490438 0.00524437567219138 0.00580297317355871 0.00516753969714046 0.00374188297428191 0.00384925049729645 0.00339978304691613 0.00408820528537035 0.00448677828535438 0.00361953116953373 0.00361764687113464 0.00346979475580156 0.00311768380925059 0.00302637368440628
0.105026192963123 0.0642999112606049 0.0658048912882805 0.0877984836697578 0.096144787967205 0.0722864344716072 0.0569195449352264 0.0393978878855705 0.0367936193943024 0.0430530197918415 0.052888810634613 0.0591554455459118 0.0795396268367767 0.0653130710124969 0.0577139779925346 0.0413202084600925 0.0298859197646379 0.0266715493053198 0.0303410105407238 0.0322195515036583 0.0267244540154934 0.0300639718770981 0.0285766944289207 0.0237176232039928 0.0184651669114828 0.0145844677463174 0.013643741607666 0.0113617684692144 0.00955916475504637 0.00869320519268513 0.00778239965438843 0.00702650006860495 0.00572309456765652 0.00553388055413961 0.00531804980710149 0.00585632817819715 0.00527499755844474 0.00383464177139103 0.00345238321460783 0.00371006666682661 0.00411321222782135 0.00444332417100668 0.00366410962305963 0.00358416861854494 0.00379168149083853 0.00378658226691186
0.0646161958575249 0.0617462061345577 0.0536877661943436 0.0759229362010956 0.0672483742237091 0.0685801282525063 0.064004197716713 0.0484813898801804 0.0314985327422619 0.0350626781582832 0.0575913637876511 0.0677429512143135 0.0656363740563393 0.0506992787122726 0.0545280613005161 0.042620413005352 0.0236799642443657 0.0237348061054945 0.022372892126441 0.0254053883254528 0.0233900994062424 0.028429439291358 0.0245395563542843 0.0162597447633743 0.0137242572382092 0.0105140432715416 0.00955239124596119 0.00819626357406378 0.00803615152835846 0.00817320588976145 0.00747026968747377 0.00634941598400474 0.00637770211324096 0.00523707084357738 0.00527949770912528 0.00569268874824047 0.00460304552689195 0.004833715967834 0.00411757966503501 0.00389891630038619 0.0045251720584929 0.00463095912709832 0.00393336126580834 0.00400272477418184 0.00450701219961047 0.00405718851834536
0.0199939887970686 0.0164418034255505 0.0598147548735142 0.094230592250824 0.0458893962204456 0.0439592413604259 0.0567962527275085 0.0412397310137749 0.0264589358121157 0.0303718596696854 0.0406962707638741 0.0365689806640148 0.0380093641579151 0.0463777966797352 0.0338966809213161 0.0397518947720528 0.0268171615898609 0.0179144758731127 0.0199576281011105 0.0255208145827055 0.025396877899766 0.0200248006731272 0.0175947658717632 0.0126387728378177 0.0104682464152575 0.00836048368364573 0.00700181815773249 0.00706398440524936 0.0067435153760016 0.00733548915013671 0.00712857628241181 0.00674424227327108 0.00696506164968014 0.0057539651170373 0.00483758794143796 0.00449004350230098 0.00483720516785979 0.00452665565535426 0.00433396967127919 0.00422067753970623 0.0040450282394886 0.00466308603063226 0.00451373727992177 0.00445585092529655 0.00455297715961933 0.00387951149605215
0.0210665799677372 0.013165551237762 0.0204111505299807 0.0738498941063881 0.0618019364774227 0.0356678254902363 0.0355904065072536 0.0287611614912748 0.0209680460393429 0.0295548122376204 0.0374433435499668 0.027435315772891 0.0231851432472467 0.0250914804637432 0.0255150105804205 0.0308829955756664 0.0219051912426949 0.013920976780355 0.0194331035017967 0.0234889220446348 0.0207650102674961 0.0142235960811377 0.0142657579854131 0.0164088048040867 0.0115022165700793 0.00908165518194437 0.00769320921972394 0.00690055871382356 0.00602391269057989 0.00646083289757371 0.00493630860000849 0.00602516671642661 0.00645500747486949 0.00621887296438217 0.00485685560852289 0.00437358999624848 0.00483133643865585 0.00433744676411152 0.00410387059673667 0.0043333237990737 0.00408035609871149 0.00493420846760273 0.00498602818697691 0.00486721424385905 0.00463422434404492 0.00436573196202517
0.0247995760291815 0.0133387995883822 0.0121035063639283 0.01641009375453 0.0259816441684961 0.0258121397346258 0.0304239299148321 0.0244947802275419 0.015835402533412 0.0224957931786776 0.0246204547584057 0.0223950576037169 0.0199073944240808 0.0224123653024435 0.0263592228293419 0.0271424483507872 0.0260379295796156 0.0241431817412376 0.0120887542143464 0.0120785739272833 0.00950956530869007 0.0113633265718818 0.0104002803564072 0.0129549130797386 0.0119029376655817 0.0102801052853465 0.00913578364998102 0.00936064124107361 0.00937056634575129 0.0106514673680067 0.0057023991830647 0.00465313345193863 0.00540240341797471 0.00493838591501117 0.00462374370545149 0.00419720914214849 0.0045824171975255 0.00447222869843245 0.00381274404935539 0.00398866273462772 0.00467098923400044 0.00562765914946795 0.0057833306491375 0.00605929875746369 0.00540158385410905 0.00480321189388633
0.0300874840468168 0.0166435614228249 0.00568900909274817 0.00565212592482567 0.0122857205569744 0.0161474905908108 0.0142939276993275 0.0131104970350862 0.0166704896837473 0.0219921879470348 0.0242198817431927 0.0191667601466179 0.0173316970467567 0.0221817493438721 0.0265241321176291 0.0294431634247303 0.0229166317731142 0.015854237601161 0.0134634608402848 0.00851433351635933 0.00802779663354158 0.00894908513873816 0.0115760825574398 0.0137670245021582 0.0071534444577992 0.0104701248928905 0.0128473611548543 0.014663876965642 0.0127734337002039 0.0117059675976634 0.00910667888820171 0.00594139844179153 0.00647326093167067 0.00679061328992248 0.00689568556845188 0.00610579224303365 0.00528541626408696 0.00534742884337902 0.00520334206521511 0.00455001229420304 0.00465490203350782 0.00550789246335626 0.00709294015541673 0.00793709233403206 0.00647998973727226 0.00579662481322885
0.0302278939634562 0.0174562335014343 0.00535056740045547 0.00378209771588445 0.00393588421866298 0.00445888424292207 0.00798377860337496 0.0119095304980874 0.0233303513377905 0.0421737320721149 0.0484255440533161 0.0316806696355343 0.0195749700069427 0.01644635386765 0.0174879934638739 0.0315709970891476 0.0180916655808687 0.0133248567581177 0.00981725845485926 0.00981068797409534 0.00879144947975874 0.00914228148758411 0.00873609539121389 0.0126401595771313 0.00794198364019394 0.0210354067385197 0.0141245042905211 0.01666010171175 0.0245802346616983 0.0115172183141112 0.0108697609975934 0.00840569194406271 0.00902958959341049 0.00756867276504636 0.00816316809505224 0.00773094082251191 0.00760478293523192 0.00778944185003638 0.0060184383764863 0.00562740629538894 0.00617041764780879 0.00689512444660068 0.00862305331975222 0.00954933185130358 0.00867912452667952 0.00628014095127583
0.0215392559766769 0.0150490626692772 0.0119396075606346 0.00365693424828351 0.00270023383200169 0.00556197157129645 0.00622748443856835 0.0140014905482531 0.0232041142880917 0.0330931283533573 0.0428947992622852 0.0364107713103294 0.0207611806690693 0.0162420626729727 0.0159936156123877 0.0193957313895226 0.0147832985967398 0.0172025468200445 0.0181799940764904 0.0120597472414374 0.0202202051877975 0.0158794857561588 0.0072966180741787 0.00582671165466309 0.0173310097306967 0.0286677666008472 0.0277014616876841 0.0231645703315735 0.0334789045155048 0.0323801003396511 0.0149883348494768 0.0119044659659266 0.0107062486931682 0.00868787243962288 0.00923616997897625 0.0103825135156512 0.00953967403620481 0.00783960241824389 0.00817358680069447 0.0079534500837326 0.00937442760914564 0.0100094340741634 0.0127368327230215 0.0141227599233389 0.0121824750676751 0.00877265259623528
0.0455029495060444 0.0189214777201414 0.0140866115689278 0.00493353465572 0.00722522428259254 0.00551980454474688 0.00492974417284131 0.0146535709500313 0.0398445650935173 0.0392877645790577 0.0411208868026733 0.050332885235548 0.0242137648165226 0.0134401870891452 0.0162903349846601 0.0369456894695759 0.0208220556378365 0.0151472426950932 0.0165178515017033 0.0110607650130987 0.02332778647542 0.0542694516479969 0.00712127797305584 0.00602805381640792 0.010824628174305 0.0185472499579191 0.0221258737146854 0.0252297036349773 0.0442859530448914 0.0313712507486343 0.0341112203896046 0.0220319386571646 0.0157780013978481 0.0125824203714728 0.0134772202000022 0.0121835935860872 0.0111078014597297 0.0109914131462574 0.0109179513528943 0.0116460863500834 0.0126697486266494 0.0149394702166319 0.0179997105151415 0.0207716133445501 0.0177475828677416 0.00904675107449293
0.0688010230660439 0.0710082426667213 0.0174044873565435 0.0115944743156433 0.00956398528069258 0.00741440430283546 0.00974043644964695 0.00710450299084187 0.021519374102354 0.0383373014628887 0.0243646334856749 0.0273809693753719 0.0262147691100836 0.0132834473624825 0.0123071139678359 0.0167926698923111 0.0199320632964373 0.0190667230635881 0.0180607326328754 0.0115306116640568 0.0195593647658825 0.0363684259355068 0.00790113303810358 0.00622757524251938 0.0109487436711788 0.0343581549823284 0.0451200529932976 0.026450177654624 0.0261710211634636 0.0963026955723763 0.0829721912741661 0.0494186691939831 0.0345596894621849 0.017627464607358 0.0138954762369394 0.0157335344702005 0.0132917501032352 0.0143372928723693 0.014102372340858 0.0143548995256424 0.0179538074880838 0.0198286511003971 0.0196701548993587 0.0194421913474798 0.013980170711875 0.00655121169984341
0.0642314553260803 0.128301903605461 0.065247930586338 0.0226936154067516 0.0168616138398647 0.013415165245533 0.0273643862456083 0.0338129177689552 0.0202962011098862 0.0210726484656334 0.0102366944774985 0.0102804498746991 0.0119315218180418 0.0107131265103817 0.00950541812926531 0.0138695538043976 0.0240607522428036 0.120398260653019 0.0508048199117184 0.0117547735571861 0.00798564497381449 0.0205518081784248 0.00942896865308285 0.0425551608204842 0.0199389085173607 0.0302813909947872 0.0704111531376839 0.044664490967989 0.0270147304981947 0.0529984794557095 0.0657899603247643 0.0581528544425964 0.0504136495292187 0.0367973819375038 0.0218189414590597 0.0215534884482622 0.0220436044037342 0.0187822952866554 0.0170734450221062 0.016680808737874 0.0188831593841314 0.0200983565300703 0.0196308959275484 0.01491638738662 0.00936230085790157 0.00631000334396958
0.073390506207943 0.0745518282055855 0.0687909573316574 0.0397854037582874 0.0288739334791899 0.029241070151329 0.0454070195555687 0.110029794275761 0.0828975662589073 0.0727707147598267 0.0180292390286922 0.00961554609239101 0.0162557698786259 0.00989650189876556 0.00925597548484802 0.0123287606984377 0.0358539558947086 0.11066135764122 0.0203615855425596 0.00837717857211828 0.00503142178058624 0.00580246932804585 0.0106460489332676 0.176658883690834 0.152774944901466 0.11676025390625 0.072287917137146 0.0587325245141983 0.0377986691892147 0.0802548378705978 0.152601763606071 0.0900631695985794 0.10211880505085 0.086119718849659 0.0380107127130032 0.039751935750246 0.0257909577339888 0.0227406155318022 0.0205159578472376 0.0185731668025255 0.020019669085741 0.0184386968612671 0.0161729361861944 0.0116720488294959 0.0075615388341248 0.00556960143148899
0.0648670494556427 0.0637321695685387 0.0568784326314926 0.0561938509345055 0.0539122931659222 0.0821743234992027 0.100047551095486 0.232595279812813 0.091171033680439 0.0608808100223541 0.0393932200968266 0.0173180550336838 0.0149398585781455 0.0203552525490522 0.0118447663262486 0.011383687146008 0.0173697862774134 0.0203962121158838 0.00884793791919947 0.00547807617112994 0.00373441516421735 0.00578726548701525 0.0073507335036993 0.0893098711967468 0.228870779275894 0.228220567107201 0.135433688759804 0.072316899895668 0.0628211721777916 0.120407901704311 0.21279165148735 0.27522549033165 0.226942524313927 0.118914641439915 0.0650572627782822 0.039147637784481 0.0378367453813553 0.0370175130665302 0.0293038263916969 0.0223722402006388 0.0194581262767315 0.0176366697996855 0.0135180149227381 0.00996853597462177 0.00667171832174063 0.00502646528184414
0.0541911087930202 0.0623616836965084 0.0734772905707359 0.0830994099378586 0.0744299441576004 0.0971375480294228 0.157507210969925 0.135461404919624 0.101470403373241 0.0718978643417358 0.0356927253305912 0.0227740909904242 0.0177576970309019 0.0218439232558012 0.0232646353542805 0.00984682235866785 0.00871638488024473 0.0063169957138598 0.00729201501235366 0.00718395272269845 0.0112451948225498 0.00777080981060863 0.0118431253358722 0.0198588762432337 0.0839278101921082 0.364163815975189 0.212609678506851 0.192881733179092 0.0973389744758606 0.139997467398643 0.283470809459686 0.331698089838028 0.256201595067978 0.150295361876488 0.069354459643364 0.0666205808520317 0.0433687977492809 0.049372635781765 0.0320471711456776 0.0270620957016945 0.0215786658227444 0.0174796208739281 0.0126790478825569 0.0103205041959882 0.00721074035391212 0.0062662404961884
0.060015931725502 0.0647737309336662 0.0796704366803169 0.0999615415930748 0.113157846033573 0.187750354409218 0.160033255815506 0.159931376576424 0.119206860661507 0.108180947601795 0.0524181500077248 0.0286315307021141 0.0190172456204891 0.0184597074985504 0.0194009430706501 0.0123236579820514 0.00805219635367393 0.00780542474240065 0.0052468478679657 0.0102568082511425 0.0238301455974579 0.010307002812624 0.0155589459463954 0.0159010309726 0.0524309389293194 0.32212507724762 0.357784509658813 0.30293732881546 0.187533318996429 0.207407474517822 0.279203116893768 0.321663647890091 0.268787950277328 0.172410979866982 0.120444647967815 0.093219131231308 0.0882482752203941 0.0595760121941566 0.0497213676571846 0.0380989015102386 0.0296281706541777 0.0212359130382538 0.0153804896399379 0.0106987981125712 0.00843629147857428 0.0077715003862977
0.0587646253407001 0.0763891339302063 0.0770973414182663 0.102794758975506 0.119157053530216 0.206960991024971 0.161309316754341 0.171506524085999 0.131801769137383 0.103808864951134 0.0613161027431488 0.0900041610002518 0.0867681205272675 0.0303913429379463 0.0162661727517843 0.0123796490952373 0.0086757754907012 0.00635211961343884 0.00591992354020476 0.00770209403708577 0.0241747628897429 0.0144966030493379 0.0188161749392748 0.0234076380729675 0.045647319406271 0.136859998106956 0.283610373735428 0.227470710873604 0.161587908864021 0.154596656560898 0.321544408798218 0.282904773950577 0.159386515617371 0.116508111357689 0.0893805846571922 0.0858664438128471 0.0954985842108727 0.0606377832591534 0.0429144538938999 0.040984321385622 0.0308182798326015 0.0207080822438002 0.0163876675069332 0.0127820754423738 0.0109681831672788 0.00794337503612041
0.0669302195310593 0.0745209157466888 0.0845522806048393 0.100933939218521 0.130461856722832 0.192393198609352 0.14556884765625 0.150939673185349 0.117480225861073 0.10319821536541 0.0762854292988777 0.0784696564078331 0.114522583782673 0.08160699903965 0.0213907323777676 0.0128228217363358 0.00979061797261238 0.00682021491229534 0.00730474852025509 0.00720898201689124 0.0117940753698349 0.0226553529500961 0.0267184060066938 0.0420766361057758 0.0398455634713173 0.076879471540451 0.219559565186501 0.200131803750992 0.118661373853683 0.0728520825505257 0.315766155719757 0.300457805395126 0.260776996612549 0.0752074420452118 0.0740742385387421 0.0823290646076202 0.0888761207461357 0.0779855325818062 0.0556539632380009 0.0335560068488121 0.0262277610599995 0.0176774319261312 0.0146460793912411 0.0130385663360357 0.0123784560710192 0.00809936877340078
