data/climate_estimation/maxent_output/Calochortus_amabilis.asc
NCOLS 144 
NROWS 71 
XLLCORNER -124.583333333333 
YLLCORNER 34.5833333333333 
CELLSIZE 0.0833333333333333 
NODATA_value -3.4e+38 
[rows 20 to 39 of 71, columns 44 to 87 of 144]
0.808373630046844 0.719672501087189 0.489340454339981 0.4087173640728 0.330417990684509 0.332452088594437 0.227838695049286 0.146660462021828 0.059492863714695 0.0344599783420563 0.0144325150176883 0.00884875003248453 0.00776988454163074 0.00490451883524656 0.00210081529803574 0.00163575517944992 0.00102058821357787 0.000545391871128231 0.000289200339466333 0.000342226645443588 0.00016790816152934 0.000269105046754703 0.000189832513569854 0.000186202858458273 6.26793189439923e-05 0.000137630908284336 0.000443235097918659 1.93502964975778e-05 1.99427413463127e-05 1.97570025193272e-05 1.94479944184422e-05 2.74908852588851e-05 2.70447799266549e-05 3.65025334758684e-05 2.63652727880981e-05 2.73884706984973e-05 7.5008633757534e-06 3.94663265979034e-06 1.44537880260032e-05 3.80380129172408e-06 5.35494245923473e-06 4.88299656353774e-06 1.05798280856106e-05 1.26256991279661e-05
0.804324269294739 0.702986359596252 0.576065063476562 0.376361012458801 0.334195673465729 0.338057398796082 0.240806773304939 0.15265665948391 0.0922494456171989 0.0368954911828041 0.0100014302879572 0.00921386294066906 0.00827522110193968 0.00659215729683638 0.00538889737799764 0.00290870433673263 0.000748647144064307 0.000458596943644807 0.000392906396882609 0.000301020307233557 0.000201044138520956 0.000106812745798379 0.000150230844155885 0.000196072025573812 0.000115278278826736 0.00019158743089065 0.000441290816524997 1.96873752429383e-05 4.33428867836483e-05 4.27490485890303e-05 4.26085316576064e-05 1.47706177813234e-05 1.52471457113279e-05 1.38705745484913e-05 1.25850692711538e-05 2.77553881460335e-05 9.2033506007283e-06 6.77673688187497e-06 9.57660631684121e-06 7.71038048696937e-06 2.07206880986632e-06 4.971129783371e-06 5.06729520566296e-06 5.06789001519792e-06
0.77164363861084 0.794509589672089 0.660510361194611 0.448138117790222 0.430849879980087 0.336021304130554 0.24731083214283 0.155633926391602 0.0621161088347435 0.025707708671689 0.0100447833538055 0.00908480584621429 0.00852944608777761 0.00980194378644228 0.00689230393618345 0.00307071884162724 0.00108640047255903 0.000683387042954564 0.000394572096411139 0.000236833773669787 0.000173154840013012 0.000138287039590068 0.000137612762046047 0.000153334229253232 0.000134570160298608 6.84093320160173e-05 0.000311221898300573 0.000311540643451735 6.02455984335393e-05 4.20618707721587e-05 4.36156078649219e-05 1.51011554407887e-05 3.09612114506308e-05 1.06559709820431e-05 9.96443031908711e-06 1.94005024241051e-05 1.3788252545055e-05 1.43508914334234e-05 9.04173793969676e-06 1.44162304422935e-05 7.74495310906786e-06 4.15997465097462e-06 4.15952808907605e-06 5.96727477386594e-06
0.713947772979736 0.77237743139267 0.513462543487549 0.473751604557037 0.426511019468307 0.458698660135269 0.342595905065536 0.233161702752113 0.105063274502754 0.0589449368417263 0.0549433827400208 0.0211614780128002 0.00840246863663197 0.00510162161663175 0.00423744320869446 0.0039253244176507 0.00214284379035234 0.000910318980459124 0.000486721139168367 0.000324654916767031 0.000209767458727583 0.000145146332215518 0.000100452154583763 0.000177203197381459 7.79326874180697e-05 5.8928897487931e-05 0.000158885319251567 0.000185654556844383 0.000183237279998139 2.02137580345152e-05 1.95549127965933e-05 1.90267910511466e-05 2.69332122115884e-05 1.38568329930422e-05 8.12030157248955e-06 9.91248907666886e-06 7.26544385543093e-06 7.82750521466369e-06 2.00272679649061e-05 1.23750623970409e-05 1.28905303427018e-05 2.11771312024212e-05 1.46304100780981e-05 2.11572769330814e-05
0.648134410381317 0.741810142993927 0.635127127170563 0.570940375328064 0.514165222644806 0.427861571311951 0.449052661657333 0.321211367845535 0.219980344176292 0.0909160673618317 0.0371224731206894 0.0325194261968136 0.0125406086444855 0.00727899186313152 0.00436354288831353 0.00274077383801341 0.00172117201145738 0.00157547660637647 0.000632208364550024 0.000482387578813359 0.000272468139883131 0.000218689834582619 0.000176034824107774 0.000204827170819044 0.000120463831990492 3.38724967150483e-05 0.000137574577820487 0.000196785927983001 0.00018386215378996 5.92425203649327e-05 5.96308273088653e-05 4.5034055801807e-05 1.4429699149332e-05 2.67812265519751e-05 1.37600773086888e-05 1.03676929938956e-05 1.42645039886702e-05 2.05517608264927e-05 1.99972964765038e-05 1.26420891319867e-05 1.65046058100415e-05 1.63226704898989e-05 3.67757784260903e-05 3.93255468225107e-05
0.558140814304352 0.707232296466827 0.605040609836578 0.517361044883728 0.575943052768707 0.496451079845428 0.449432641267776 0.451446264982224 0.225102916359901 0.137356474995613 0.0823622718453407 0.075548030436039 0.0308159720152617 0.0169411692768335 0.00341356755234301 0.00170754978898913 0.0022221093531698 0.0015665281098336 0.00081949052400887 0.0004453526053112 0.000267539959168062 0.000216751330299303 0.000197599234525114 0.000172339190612547 0.000222602990106679 0.000165337405633181 6.9477639044635e-05 9.9888420663774e-05 0.000196393215446733 0.000150220672367141 6.27784684184007e-05 5.82718312216457e-05 1.99965106730815e-05 1.8741593521554e-05 1.45321128002251e-05 2.46794552367646e-05 1.11700028355699e-05 1.74584547494305e-05 2.76916562143015e-05 3.69208864867687e-05 1.69848553923657e-05 5.09745004819706e-05 2.31140857067658e-05 2.98075519822305e-05
0.295175492763519 0.567790150642395 0.641180098056793 0.598468363285065 0.558057427406311 0.614170908927917 0.567023813724518 0.45093309879303 0.429009139537811 0.206125110387802 0.18791589140892 0.114857196807861 0.0191621128469706 0.0112019209191203 0.00628350209444761 0.00202189129777253 0.00236050109378994 0.00158263428602368 0.000789680809248239 0.00078745000064373 0.000423113873694092 0.000240325563936494 0.000175645342096686 0.000124192942166701 9.59943354246207e-05 8.01207133918069e-05 5.45957300346345e-05 0.00015565003559459 0.000225885363761336 0.000166335928952321 0.000157789050717838 5.13487830176018e-05 4.58795184385963e-05 1.78391492227092e-05 1.77867896127282e-05 1.45150252137682e-05 2.01192506210646e-05 3.71852584066801e-05 2.69422907877015e-05 3.73435468645766e-05 1.69346003531246e-05 2.24029354285449e-05 5.13679478899576e-05 3.05980902339797e-05
0.169983550906181 0.347916036844254 0.533213019371033 0.699526011943817 0.622794508934021 0.683647572994232 0.649953782558441 0.648133933544159 0.540981769561768 0.388638526201248 0.358635902404785 0.0790920406579971 0.0177469197660685 0.00689560640603304 0.00339370523579419 0.00238202675245702 0.00209580757655203 0.00121029105503112 0.00103179307188839 0.00119841564446688 0.000581329572014511 0.000255818740697578 0.000169256163644604 0.000127656661788933 0.000100729484984186 0.000153022236190736 0.000109480330138467 0.000172381405718625 0.000199319794774055 0.00017069629393518 0.00029112963238731 8.84040491655469e-05 6.12909570918418e-05 1.88857102330076e-05 1.77257279574405e-05 2.50321463681757e-05 1.89402398973471e-05 2.69468910119031e-05 2.01146231120219e-05 2.83214503724594e-05 2.18348286580294e-05 3.15114521072246e-05 3.23183958244044e-05 5.84236222493928e-05
0.165234938263893 0.306121796369553 0.668550252914429 0.517878472805023 0.674384295940399 0.629312336444855 0.631071984767914 0.595961272716522 0.67379355430603 0.540408968925476 0.280569493770599 0.119695469737053 0.0658293813467026 0.0250156223773956 0.00928143691271544 0.00300010340288281 0.00181525910738856 0.00132122298236936 0.00100749870762229 0.000655309180729091 0.000543285743333399 0.000367991597158834 0.000343696388881654 0.000323344778735191 0.000397514784708619 0.000173102103872225 0.00010455735900905 0.000140296542667784 0.000275887752650306 0.000244053851929493 0.000306572212139145 9.40338795771822e-05 6.82942918501794e-05 2.75833244813839e-05 2.46579511440359e-05 3.37286801368464e-05 2.54950537055265e-05 1.59032897499856e-05 1.53001292346744e-05 3.56913405994419e-05 3.15489414788317e-05 3.27499765262473e-05 7.69782636780292e-05 5.84295048611239e-05
0.116400867700577 0.23362623155117 0.440524101257324 0.610616624355316 0.578146755695343 0.64607435464859 0.640127122402191 0.736287534236908 0.655328691005707 0.537190318107605 0.518331587314606 0.257998317480087 0.166253060102463 0.0945420488715172 0.023450069129467 0.0119940703734756 0.00332401529885828 0.00161823339294642 0.00107831589411944 0.000784548930823803 0.000573167752008885 0.00103136256802827 0.00103501358535141 0.000576715625356883 0.000471230800030753 0.000313692464260384 0.000190621372894384 0.000220093090320006 0.000195878004888073 0.000223663009819575 0.000192641935427673 0.000220513218664564 5.65002446819562e-05 6.07229012530297e-05 2.27703694690717e-05 3.21823281410616e-05 3.22609266731888e-05 3.39086145686451e-05 4.90000493300613e-05 4.75382767035626e-05 4.20230971940327e-05 2.3776668967912e-05 5.89944756939076e-05 5.99774866714142e-05
0.0777061879634857 0.119885064661503 0.350009799003601 0.379560887813568 0.492492854595184 0.549851953983307 0.668532967567444 0.773692071437836 0.684585392475128 0.648332297801971 0.626579463481903 0.485140413045883 0.444969445466995 0.30774787068367 0.135962590575218 0.0507682487368584 0.0174298603087664 0.00370302028022707 0.00138251879252493 0.000900788931176066 0.000727610953617841 0.00118944654241204 0.00147080083843321 0.00116966967470944 0.000461110234027728 0.000186481905984692 0.000416596420109272 0.000225252471864223 0.000219903697143309 0.000199979986064136 0.00022791133960709 8.32297737360932e-05 0.000106992927612737 9.24318374018185e-05 2.47813295572996e-05 2.2793976313551e-05 2.62136582023231e-05 3.32838681060821e-05 4.48348546342459e-05 5.26568837813102e-05 3.27177076542284e-05 3.30926704918966e-05 6.09671187703498e-05 8.38644700706936e-05
0.0650558024644852 0.0794756636023521 0.148224070668221 0.223084852099419 0.37403467297554 0.514819800853729 0.615125358104706 0.666473746299744 0.756157517433167 0.660731136798859 0.666300237178802 0.552534639835358 0.572359085083008 0.316981852054596 0.057249303907156 0.0207462441176176 0.00491770822554827 0.00400786940008402 0.00169647461734712 0.00118476466741413 0.000818529864773154 0.00149653200060129 0.00151056074537337 0.000767350138630718 0.000270823045866564 0.000319462327752262 0.000354318006429821 0.000579406856559217 0.000310412578983232 0.000506753451190889 5.96529862377793e-05 4.79443115182221e-05 0.000245988368988037 0.000119219257612713 3.55857955582906e-05 3.20639919664245e-05 2.03311683435459e-05 2.10658909054473e-05 3.55154479620978e-05 5.17563057655934e-05 3.91895009670407e-05 5.86247624596581e-05 7.58047390263528e-05 8.33530721138231e-05
0.0591405294835567 0.0693425238132477 0.0846701934933662 0.119495287537575 0.220485210418701 0.37462306022644 0.43999457359314 0.650465905666351 0.67316734790802 0.696077525615692 0.682797312736511 0.601812720298767 0.604040503501892 0.325878828763962 0.0848132818937302 0.0329930260777473 0.0292178019881248 0.00658636540174484 0.00173174357041717 0.00108124397229403 0.000875789672136307 0.00104851659853011 0.000908650574274361 0.000916136137675494 0.000510822923388332 0.0002907071611844 0.000141388882184401 0.000151403364725411 0.000367350585293025 0.000393636059015989 6.20921127847396e-05 4.88121258968022e-05 0.000221550493733957 0.000124629732454196 3.24705797538627e-05 2.72748675342882e-05 2.59414155152626e-05 6.16775068920106e-05 1.6389842130593e-05 4.46632366220001e-05 6.42464656266384e-05 5.49566939298529e-05 4.3208259739913e-05 4.44274919573218e-05
0.0564550943672657 0.0630421787500381 0.0703730657696724 0.0819774642586708 0.0962780192494392 0.164903238415718 0.266409397125244 0.560497641563416 0.582355678081512 0.798909664154053 0.773448348045349 0.672850668430328 0.559063315391541 0.566546261310577 0.321476459503174 0.143625944852829 0.119546599686146 0.0111582661047578 0.00370972091332078 0.00113270943984389 0.00117202079854906 0.000859862600918859 0.000786062038969249 0.00176077918149531 0.00196023378521204 0.00149062520358711 0.00054609274957329 0.000419727672124282 0.000680387485772371 0.000569532392546535 0.000567597278859466 5.87209651712328e-05 9.98698524199426e-05 0.000302250264212489 3.53385039488785e-05 8.49282878334634e-05 5.4396648920374e-05 6.48450586595573e-05 3.65427913493477e-05 4.38453207607381e-05 4.91538557980675e-05 3.19332102662884e-05 1.02377043731394e-05 1.90172031580005e-05
0.050686914473772 0.0564393997192383 0.0637263208627701 0.0723718106746674 0.0803440734744072 0.0994682908058167 0.150768414139748 0.287945300340652 0.619175791740417 0.61071389913559 0.636583268642426 0.736382603645325 0.636627376079559 0.677461206912994 0.455909222364426 0.125438392162323 0.0298674013465643 0.010729200206697 0.00224072206765413 0.00225716410204768 0.00354747055098414 0.00154838524758816 0.0010365650523454 0.00104968098457903 0.0017567080212757 0.00193933898117393 0.00139095133636147 0.000704310776200145 0.00076250231359154 0.00116241257637739 0.00123745482414961 8.12776343082078e-05 6.21790168224834e-05 0.000168894344824366 3.60461672244128e-05 4.15781687479466e-05 0.000133885449031368 2.45635328610661e-05 3.40495498676319e-05 4.88875957671553e-05 3.79570810764562e-05 2.46442941715941e-05 2.55880095210159e-05 3.69279696315061e-05
0.0435914620757103 0.0493250079452991 0.058272548019886 0.00330745242536068 0.00359766487963498 0.00390395103022456 0.00440592225641012 0.154800936579704 0.368208706378937 0.646719336509705 0.750780403614044 0.769104838371277 0.677152454853058 0.590760469436646 0.619501411914825 0.452913284301758 0.0792522728443146 0.0408363975584507 0.0103050721809268 0.0502078235149384 0.0693245530128479 0.0180331990122795 0.00203416426666081 0.000785605690907687 0.000622855382971466 0.000648175424430519 0.000855178281199187 0.00126265361905098 0.00115951686166227 0.00117875461000949 0.00105819571763277 0.000206315671675839 7.77963432483375e-05 8.44927199068479e-05 0.00011944082507398 5.5744396377122e-05 4.57772184745409e-05 0.000140034258947708 2.88587725663092e-05 0.000101386489404831 2.0071644030395e-05 1.87978894246044e-05 4.46868107246701e-05 3.23863787343726e-05
0.037435881793499 0.0401596873998642 0.00241099740378559 0.00278589338995516 0.00328850257210433 0.00369421578943729 0.00463155331090093 0.00477988831698895 0.192816540598869 0.37975087761879 0.6086745262146 0.603423714637756 0.673220872879028 0.628460049629211 0.587517499923706 0.611931681632996 0.196017131209373 0.114608123898506 0.275566071271896 0.167884901165962 0.219491809606552 0.022271765395999 0.00183233828283846 0.00136593251954764 0.000789648154750466 0.000601901148911566 0.000440005154814571 0.00390748213976622 0.00285143405199051 0.00169954309239984 0.00152540183626115 0.000897471967618912 0.000110528882942162 9.62466438068077e-05 0.000289921503281221 0.000209163918043487 6.01642568653915e-05 4.79691625514533e-05 0.000151204149005935 7.91859638411552e-05 8.04298324510455e-05 2.68042713287286e-05 3.08118178509176e-05 3.13684686261695e-05
0.00166828057263047 0.00182450155261904 0.00210236036218703 0.0025209728628397 0.00285393907688558 0.00295398104935884 0.00317298108711839 0.00321608991362154 0.00418793456628919 0.14962312579155 0.336445480585098 0.588348746299744 0.476010680198669 0.565092861652374 0.710674166679382 0.661362826824188 0.599828720092773 0.276809126138687 0.544843792915344 0.483449727296829 0.156260475516319 0.113476328551769 0.033362228423357 0.00513114687055349 0.00101721799001098 0.000621966901235282 0.000692383968271315 0.00242666434496641 0.00376414344646037 0.00261294306255877 0.00232197344303131 0.00150464894250035 0.000213587947655469 0.000261771929217502 0.000631850154604763 0.00032681887387298 0.000420402502641082 0.000306403235299513 0.000162515774718486 0.000116919836727902 0.000111450637632515 3.35157856170554e-05 3.34846445184667e-05 2.54008755291579e-05
0.00150200829375535 0.00158688565716147 0.00173516641370952 0.00200556358322501 0.00240502902306616 0.00245748809538782 0.0024913321249187 0.00253865960985422 0.00264574191533029 0.00369176943786442 0.0072128432802856 0.170756265521049 0.233281388878822 0.492392301559448 0.719558417797089 0.769909620285034 0.679350554943085 0.593180775642395 0.564368367195129 0.401056885719299 0.0361116640269756 0.0179989263415337 0.00977354217320681 0.0117385201156139 0.00129533081781119 0.000792863720562309 0.000628243084065616 0.00123610091395676 0.00275225006043911 0.00180155539419502 0.00228478293865919 0.00176065729465336 0.000628693553153425 0.000618167163338512 0.00112927355803549 0.00108882319182158 0.000862866349052638 0.000600829196628183 0.000174609100213274 6.95432463544421e-05 0.000456105073681101 0.000220424044528045 0.00016266549937427 0.000119722863018978
0.00132628576830029 0.00130618899129331 0.00135191564913839 0.00156230223365128 0.00179648376069963 0.00190992909483612 0.00196613813750446 0.00208982150070369 0.00209407461807132 0.00216181250289083 0.00287024793215096 0.003810501890257 0.178206458687782 0.267256677150726 0.61629718542099 0.67551201581955 0.680824637413025 0.645022630691528 0.682586014270782 0.551725506782532 0.24254010617733 0.0328305102884769 0.00630583195015788 0.00493345269933343 0.00383677403442562 0.00159596418961883 0.000825750757940114 0.000820489891339093 0.000437021837569773 0.000391171546652913 0.00235621724277735 0.00223843520507216 0.0017337896861136 0.000605638953857124 0.000583035522140563 0.000774874875787646 0.00124665745534003 0.000622455263510346 0.000494958192575723 0.000481157476315275 0.000483565294416621 0.000493833562359214 0.000183169468073174 0.00025374922552146
