data/climate_estimation/maxent_output/Calochortus_balsensis.asc
NCOLS 59 
NROWS 74 
XLLCORNER -101.083333333333 
YLLCORNER 16.0833333333333 
CELLSIZE 0.0833333333333334 
NODATA_value -3.4e+38 
[rows 40 to 59 of 74, columns 0 to 44 of 59]
0.033589169383049 0.0274848304688931 0.0249978341162205 0.0123283267021179 0.00923687219619751 0.0171918533742428 0.102620013058186 0.262082040309906 0.499256759881973 0.27837148308754 0.330335468053818 0.248168975114822 0.393546521663666 0.368821769952774 0.654679477214813 0.848000884056091 0.899895787239075 0.935080349445343 0.974393248558044 0.948773801326752 0.957243740558624 0.895647585391998 0.680050730705261 0.754233300685883 0.535821616649628 0.606623113155365 0.988731682300568 0.999099493026733 0.996672630310059 0.989670753479004 0.989656865596771 0.956981599330902 0.911930561065674 0.868729531764984 0.775546491146088 0.646340012550354 0.517590343952179 0.440363049507141 0.335862010717392 0.297885447740555 0.286751359701157 0.334421128034592 0.237018540501595 0.0703063160181046 0.525139033794403
0.00324237858876586 0.0199656784534454 0.0415232367813587 0.0592808052897453 0.00145253457594663 0.0214777942746878 0.0316909812390804 0.0248195175081491 0.0434203781187534 0.0347975678741932 0.13336056470871 0.17939268052578 0.46639421582222 0.756668567657471 0.660784304141998 0.895100176334381 0.890281796455383 0.867358207702637 0.941896736621857 0.774842739105225 0.373852670192719 0.407169550657272 0.153261452913284 0.491591155529022 0.209923461079597 0.597343027591705 0.886713206768036 0.998489260673523 0.996945202350616 0.994626522064209 0.962156713008881 0.904258608818054 0.90901106595993 0.88064306974411 0.743424952030182 0.642548561096191 0.652075827121735 0.505894243717194 0.364177197217941 0.360982716083527 0.348244935274124 0.449109107255936 0.232576385140419 0.262040972709656 0.54037606716156
0.00465831300243735 0.00305686634965241 0.019811823964119 0.0106175262480974 0.00821350049227476 0.00132776715327054 0.00980511773377657 0.0226561985909939 0.023275738582015 0.0263490229845047 0.103234104812145 0.444487154483795 0.560594439506531 0.596686363220215 0.762457191944122 0.769886195659637 0.911258101463318 0.80906742811203 0.786107420921326 0.594353556632996 0.1636823117733 0.0310350749641657 0.137556478381157 0.122874438762665 0.369956254959106 0.611685931682587 0.847302794456482 0.93113899230957 0.962458372116089 0.83813089132309 0.763316094875336 0.762901544570923 0.696450591087341 0.662936687469482 0.422632217407227 0.529650509357452 0.595092833042145 0.491457581520081 0.391905665397644 0.365591466426849 0.33197358250618 0.422670841217041 0.62133514881134 0.448463797569275 0.422657251358032
0.00408373586833477 0.0164367482066154 0.0114472713321447 0.00894400756806135 0.0102690663188696 0.000809397955890745 0.0189540274441242 0.0460401102900505 0.0374432504177094 0.00596709875389934 0.12056740373373 0.231361150741577 0.430089592933655 0.171717956662178 0.544088900089264 0.798317790031433 0.845400869846344 0.951465308666229 0.720381498336792 0.502899885177612 0.13514056801796 0.0238537788391113 0.0187476519495249 0.151862427592278 0.267959207296371 0.364311426877975 0.670026779174805 0.64243870973587 0.589974999427795 0.819731831550598 0.689864754676819 0.533564567565918 0.34116393327713 0.353304922580719 0.317331463098526 0.391878366470337 0.521577894687653 0.552705049514771 0.495141059160233 0.579101502895355 0.446998029947281 0.353605210781097 0.417031407356262 0.463131010532379 0.434081047773361
0.00219642906449735 0.0123676862567663 0.00178598461207002 0.00137380696833134 0.0106589132919908 0.000749210361391306 0.000843688903842121 0.0027694464661181 0.00561230443418026 0.00296154338866472 0.00520004285499454 0.00358952092938125 0.00499451113864779 0.0546856299042702 0.577262103557587 0.85705041885376 0.882054090499878 0.699036300182343 0.913743376731873 0.712746322154999 0.283652782440186 0.103827796876431 0.083545908331871 0.206880673766136 0.264390826225281 0.46862205862999 0.417583435773849 0.448091596364975 0.230768322944641 0.243548884987831 0.265612810850143 0.398550599813461 0.309354066848755 0.309278100728989 0.209145963191986 0.324931472539902 0.555578768253326 0.671070456504822 0.672887146472931 0.628916561603546 0.648759782314301 0.670026302337646 0.452270358800888 0.425736159086227 0.421364724636078
0.0200210455805063 0.00209000543691218 0.00161084753926843 0.00162677117623389 0.00691247312352061 0.000885968620423228 0.000836875929962844 0.00248653767630458 0.00378671637736261 0.00145016587339342 0.00167632545344532 0.00694286543875933 0.00974541995674372 0.410644918680191 0.641822695732117 0.705818235874176 0.802065908908844 0.344538390636444 0.736106336116791 0.390525370836258 0.875601708889008 0.84891140460968 0.285889327526093 0.211978763341904 0.327453941106796 0.434401392936707 0.14183621108532 0.252815186977386 0.19836837053299 0.289735645055771 0.68273138999939 0.57454377412796 0.424916118383408 0.320278942584991 0.206751450896263 0.64510190486908 0.78652560710907 0.735798895359039 0.757228314876556 0.720479190349579 0.708373725414276 0.699756681919098 0.552556574344635 0.554815530776978 0.497823297977448
0.0229187868535519 0.00343899265863001 0.00250463699921966 0.0133480494841933 0.00660724425688386 0.00515706557780504 0.00154839747119695 0.00126765877939761 0.00124600040726364 0.000871963100507855 0.00225278083235025 0.00758324423804879 0.0321925021708012 0.179442435503006 0.625863790512085 0.541979193687439 0.327136784791946 0.281804412603378 0.180621862411499 0.217970535159111 0.601635813713074 0.934949696063995 0.446091920137405 0.266589969396591 0.227787658572197 0.0672937780618668 0.0847301706671715 0.236605942249298 0.187319621443748 0.331691890954971 0.518568217754364 0.305090308189392 0.194037988781929 0.202179983258247 0.20543047785759 0.747443318367004 0.81927353143692 0.765627920627594 0.879680991172791 0.811388790607452 0.747880339622498 0.757032692432404 0.616882801055908 0.519643187522888 0.471044689416885
0.0440199337899685 0.0320625565946102 0.00292183109559119 0.0130552127957344 0.00912871770560741 0.00773664005100727 0.0179979130625725 0.00178877974394709 0.00106131192296743 0.00108737603295594 0.00379535416141152 0.0104799950495362 0.0309107974171638 0.0274013709276915 0.384609341621399 0.701297402381897 0.20857036113739 0.018319321796298 0.111289337277412 0.115482017397881 0.206175670027733 0.259104400873184 0.310225337743759 0.240173265337944 0.191437557339668 0.0426961146295071 0.055528100579977 0.0495572574436665 0.0619424022734165 0.189570888876915 0.21640457212925 0.239801153540611 0.470448732376099 0.224150434136391 0.334487020969391 0.74803614616394 0.489876598119736 0.558371484279633 0.75782173871994 0.722041010856628 0.759755969047546 0.669957637786865 0.659842848777771 0.575816869735718 0.527298986911774
0.0701338723301888 0.0502768270671368 0.00476501323282719 0.0231710206717253 0.0207410976290703 0.0185161959379911 0.00159743730910122 0.00181681185495108 0.00130166334565729 0.00169340381398797 0.00535174226388335 0.016820415854454 0.165911570191383 0.0213918350636959 0.355033874511719 0.692461907863617 0.134475916624069 0.0189242567867041 0.149774253368378 0.119998246431351 0.475014179944992 0.465737640857697 0.295805543661118 0.228141605854034 0.167774945497513 0.0574356652796268 0.083513617515564 0.0517190583050251 0.0555451586842537 0.199753999710083 0.147869095206261 0.198592275381088 0.244109123945236 0.295386701822281 0.353589564561844 0.409046232700348 0.150218740105629 0.508029282093048 0.498044908046722 0.614175081253052 0.705682516098022 0.734307706356049 0.742937088012695 0.548267900943756 0.540312111377716
0.394538253545761 0.12628073990345 0.0754885599017143 0.0604264922440052 0.0330732613801956 0.0280292425304651 0.00266188662499189 0.00203793495893478 0.00162436906248331 0.00163663737475872 0.00342219090089202 0.0107971327379346 0.0196064561605453 0.229435727000237 0.296625941991806 0.31249675154686 0.117680504918098 0.134501501917839 0.117001302540302 0.140130937099457 0.549372673034668 0.620260655879974 0.222864806652069 0.137567222118378 0.207032665610313 0.0771813169121742 0.571029782295227 0.0711155757308006 0.218100622296333 0.173226371407509 0.13700045645237 0.250530928373337 0.243006944656372 0.229927450418472 0.365828365087509 0.218731001019478 0.127378299832344 0.588402509689331 0.566545844078064 0.790821373462677 0.728474736213684 0.755653738975525 0.815601170063019 0.545580804347992 0.339949756860733
0.259890735149384 0.13020333647728 0.213235273957253 0.0986216217279434 0.0655276402831078 0.0675695613026619 0.0285550598055124 0.022861186414957 0.0377993881702423 0.0504875779151917 0.0289941187947989 0.0259466283023357 0.0477124415338039 0.0914716199040413 0.167172759771347 0.0214639957994223 0.119935676455498 0.143809795379639 0.116412743926048 0.152691379189491 0.608401954174042 0.683558702468872 0.274029105901718 0.0369820259511471 0.0451533049345016 0.0365513674914837 0.320215374231339 0.267707198858261 0.164624333381653 0.189325571060181 0.29546320438385 0.23877814412117 0.279169380664825 0.201867699623108 0.22675795853138 0.256031543016434 0.480112850666046 0.309227079153061 0.576280415058136 0.779656291007996 0.912135779857635 0.910793006420135 0.865327537059784 0.579104959964752 0.530722737312317
0.50504195690155 0.48259112238884 0.610382914543152 0.215726867318153 0.198740273714066 0.14827986061573 0.111944675445557 0.0559702329337597 0.046246375888586 0.382944822311401 0.140708222985268 0.0414452999830246 0.0325796268880367 0.119259186089039 0.143271327018738 0.135020360350609 0.204992040991783 0.0215663406997919 0.0203782524913549 0.0174643229693174 0.085377924144268 0.307028770446777 0.586882770061493 0.20511220395565 0.241796612739563 0.208494603633881 0.481384634971619 0.314504981040955 0.197748601436615 0.349298864603043 0.358172833919525 0.273632049560547 0.419331133365631 0.209423214197159 0.25009959936142 0.217183947563171 0.619060575962067 0.569090366363525 0.65514463186264 0.847392976284027 0.900978565216064 0.854466795921326 0.911347031593323 0.603437066078186 0.590205550193787
0.927574038505554 0.905697226524353 0.68485152721405 0.558883249759674 0.48136693239212 0.41115403175354 0.429696202278137 0.226700440049171 0.226761266589165 0.358080267906189 0.426767289638519 0.121759153902531 0.197709277272224 0.192107871174812 0.315106838941574 0.370237529277802 0.820826351642609 0.189345046877861 0.182325527071953 0.297222465276718 0.427460461854935 0.275777071714401 0.321413964033127 0.218391790986061 0.259084612131119 0.273478627204895 0.325024008750916 0.788374662399292 0.534728169441223 0.231002777814865 0.214628055691719 0.522077858448029 0.541396856307983 0.564022183418274 0.482919603586197 0.155846267938614 0.412448197603226 0.705601513385773 0.929628849029541 0.865707695484161 0.774540185928345 0.943788349628448 0.947829842567444 0.810636937618256 0.519598603248596
0.901087462902069 0.896034002304077 0.828822374343872 0.831755340099335 0.57433021068573 0.546965897083282 0.514088869094849 0.512692630290985 0.422389388084412 0.717537462711334 0.277998626232147 0.242390483617783 0.317851990461349 0.386906743049622 0.555616855621338 0.616257905960083 0.55502313375473 0.216173082590103 0.237692385911942 0.506137132644653 0.750828742980957 0.880401790142059 0.806302189826965 0.918616235256195 0.752554833889008 0.277444124221802 0.75346440076828 0.812507331371307 0.678764939308167 0.349044322967529 0.61806857585907 0.802170276641846 0.786129355430603 0.808563530445099 0.666549861431122 0.2759909927845 0.651619613170624 0.94320410490036 0.938090920448303 0.626935601234436 0.738989651203156 0.921148896217346 0.89376163482666 0.786083936691284 0.644017457962036
0.448710650205612 0.749858975410461 0.809710800647736 0.802322804927826 0.728373348712921 0.719167411327362 0.762585580348969 0.627647638320923 0.631848812103271 0.72476190328598 0.335640996694565 0.45008584856987 0.380046844482422 0.638601243495941 0.787812769412994 0.731330394744873 0.533673286437988 0.31148961186409 0.332367867231369 0.666443347930908 0.848344683647156 0.900119841098785 0.747307240962982 0.987332463264465 0.864880502223969 0.851649343967438 0.77915894985199 0.966395497322083 0.976478636264801 0.75547069311142 0.475057989358902 0.757789731025696 0.714915871620178 0.982918560504913 0.960137844085693 0.571870028972626 0.89222252368927 0.561156034469604 0.794547021389008 0.669939458370209 0.733397960662842 0.821268796920776 0.747510492801666 0.766498744487762 0.67390912771225
0.363886773586273 0.315490394830704 0.53853976726532 0.5629603266716 0.528651297092438 0.642998516559601 0.766309022903442 0.773664057254791 0.758801579475403 0.722373187541962 0.470402449369431 0.723406374454498 0.700245082378387 0.523497760295868 0.740983128547668 0.784424781799316 0.766356289386749 0.812919199466705 0.563375055789948 0.839893162250519 0.853345036506653 0.974697530269623 0.874332308769226 0.92648708820343 0.963153839111328 0.916149079799652 0.964050769805908 0.862479269504547 0.995037734508514 0.760402262210846 0.492937803268433 0.547955691814423 0.143608808517456 0.718814015388489 0.969829142093658 0.574223160743713 0.561408340930939 0.907454311847687 0.881170332431793 0.694792568683624 0.694453120231628 0.786119341850281 0.84829443693161 0.849289953708649 0.840354919433594
0.223945274949074 0.320136398077011 0.263726860284805 0.410443216562271 0.289685159921646 0.297601699829102 0.531227111816406 0.744429767131805 0.722190022468567 0.717262506484985 0.743886649608612 0.719167828559875 0.740417540073395 0.687159836292267 0.720781207084656 0.692776441574097 0.778447151184082 0.777089238166809 0.966439843177795 0.937060415744781 0.910271167755127 0.968807637691498 0.920763731002808 0.945899605751038 0.975882589817047 0.929149210453033 0.985608696937561 0.989187598228455 0.968094348907471 0.532093346118927 0.561325430870056 0.792025923728943 0.567490994930267 0.933380961418152 0.997599542140961 0.968031883239746 0.894641518592834 0.899141311645508 0.974146008491516 0.931411504745483 0.945294201374054 0.859633266925812 0.91183215379715 0.894933044910431 0.844637751579285
0.153849989175797 0.298891723155975 0.229052931070328 0.435106515884399 0.214732214808464 0.121716126799583 0.282958686351776 0.432357281446457 0.40358030796051 0.480214625597 0.611907422542572 0.715472459793091 0.745944499969482 0.684291422367096 0.245091676712036 0.354542821645737 0.473783195018768 0.770315170288086 0.805997967720032 0.704212129116058 0.854535341262817 0.830998063087463 0.777774035930634 0.841947138309479 0.941593766212463 0.971356749534607 0.984293758869171 0.986780166625977 0.938622713088989 0.904749095439911 0.785585045814514 0.998002588748932 0.99588006734848 0.994057178497314 0.999825358390808 0.993092715740204 0.983798146247864 0.903021097183228 0.881427586078644 0.97867614030838 0.97633284330368 0.938693225383759 0.933793306350708 0.912590861320496 0.909434020519257
0.0879652053117752 0.216742873191833 0.126104354858398 0.155280515551567 0.272972196340561 0.118156716227531 0.141359701752663 0.192634165287018 0.161522835493088 0.215094089508057 0.245026051998138 0.582553029060364 0.708899617195129 0.582425773143768 0.269685745239258 0.228221386671066 0.187246769666672 0.289678066968918 0.654199302196503 0.320061296224594 0.931365966796875 0.891266524791718 0.730400145053864 0.537331640720367 0.665802836418152 0.946497559547424 0.972245275974274 0.982410371303558 0.986813485622406 0.990821301937103 0.963788628578186 0.993519425392151 0.999618709087372 0.999747455120087 0.999775946140289 0.999114215373993 0.97282886505127 0.991036117076874 0.922847032546997 0.964828073978424 0.95925509929657 0.974624991416931 0.96604996919632 0.943748295307159 0.967768669128418
0.0141893327236176 0.0119985360652208 0.0585271492600441 0.134181395173073 0.149636432528496 0.0586137175559998 0.139158651232719 0.180944710969925 0.0586581751704216 0.172786086797714 0.22547934949398 0.195242077112198 0.257083207368851 0.352497786283493 0.268596678972244 0.407867014408112 0.17423477768898 0.137148886919022 0.147622555494308 0.156538158655167 0.143596693873405 0.428542584180832 0.57885754108429 0.490301191806793 0.893055438995361 0.878617763519287 0.941072940826416 0.963541209697723 0.969836533069611 0.974626481533051 0.977878034114838 0.958023130893707 0.996447443962097 0.999034285545349 0.998581111431122 0.997025966644287 0.993237793445587 0.977275371551514 0.975123643875122 0.947099328041077 0.957504332065582 0.988181233406067 0.962532639503479 0.931898713111877 0.980889081954956
