data/climate_estimation/maxent_output/Calochortus_gunnisonii.asc
NCOLS 247 
NROWS 169 
XLLCORNER -123.416666666667 
YLLCORNER 33.5 
CELLSIZE 0.0833333333333333 
NODATA_value -3.4e+38 
[rows 76 to 94 of 169, columns 43 to 85 of 247]
0.260685920715332 0.301402896642685 0.271362990140915 0.163315713405609 0.170722901821136 0.259858250617981 0.133975178003311 0.175564303994179 0.00493833888322115 0.0423195622861385 0.0119330640882254 0.00318809086456895 0.00298584788106382 0.00280148326419294 0.00435018911957741 0.324310094118118 0.0182137563824654 0.0112141175195575 0.00365696079097688 0.00379557022824883 0.00415484188124537 0.0198780875653028 0.0223713312298059 0.00470143789425492 0.100693807005882 0.024124700576067 0.00546932127326727 0.00592203065752983 0.101579539477825 0.041777566075325 0.240874573588371 0.0367577821016312 0.0176441688090563 0.0764892622828484 0.253330856561661 0.244268909096718 0.118531659245491 0.0667681992053986 0.114698462188244 0.156069874763489 0.150419294834137 0.195735216140747 0.281695634126663
0.276277869939804 0.309392541646957 0.228049993515015 0.179432138800621 0.329607933759689 0.266568511724472 0.306335896253586 0.286369740962982 0.00441780313849449 0.00339514994993806 0.0100447786971927 0.00301971170119941 0.00303792674094439 0.00292505347169936 0.00926598161458969 0.111054107546806 0.00459388736635447 0.00401544291526079 0.00394656136631966 0.00199759402312338 0.00222235778346658 0.00728934444487095 0.00735260685905814 0.00233597448095679 0.014995981939137 0.00749931996688247 0.00495806243270636 0.00527546089142561 0.0195348523557186 0.149916142225266 0.146291375160217 0.0123752476647496 0.0115975961089134 0.0134417396038771 0.0158503167331219 0.0775069445371628 0.0921837463974953 0.114231079816818 0.167766943573952 0.148288309574127 0.142431572079659 0.211350038647652 0.366453856229782
0.0930614545941353 0.155970633029938 0.233226478099823 0.371149271726608 0.261742144823074 0.114526532590389 0.11745036393404 0.206975698471069 0.00371674890629947 0.00326379016041756 0.013457840308547 0.00325037841685116 0.00287306657992303 0.00347722484730184 0.0167518891394138 0.066363163292408 0.015396760776639 0.00493112811818719 0.0042648920789361 0.00193033716641366 0.00233153556473553 0.00652449484914541 0.005441689863801 0.00523668620735407 0.0192137360572815 0.00516937440261245 0.0047551766037941 0.00448564440011978 0.015989501029253 0.0156388785690069 0.00498563889414072 0.00512521015480161 0.00560181401669979 0.0114571126177907 0.0143638905137777 0.146161615848541 0.0884003341197968 0.0368833653628826 0.0634717494249344 0.0734054520726204 0.108877710998058 0.143829151988029 0.34093964099884
0.0666802302002907 0.0693942010402679 0.199881181120872 0.304379999637604 0.174154177308083 0.0127897271886468 0.00557127222418785 0.03834243491292 0.00309542845934629 0.00308623630553484 0.00342442188411951 0.00260148802772164 0.00305811106227338 0.00329168420284986 0.0125905619934201 0.0157428178936243 0.0172815639525652 0.00365961459465325 0.00186455890070647 0.00190194929018617 0.00577292637899518 0.00648952461779118 0.00455376831814647 0.00462260050699115 0.00519166886806488 0.00620328402146697 0.0963749289512634 0.0124321952462196 0.00545858778059483 0.0125346407294273 0.00503790471702814 0.00454780552536249 0.00512394122779369 0.00549027975648642 0.0148786930367351 0.0730232298374176 0.0338203832507133 0.0298771113157272 0.039938859641552 0.0729015544056892 0.0597388260066509 0.0851287692785263 0.176044970750809
0.147638961672783 0.241484880447388 0.212193995714188 0.113965108990669 0.293871372938156 0.0147665925323963 0.00396353332325816 0.00336137157864869 0.00321145821362734 0.00331978290341794 0.00271828914992511 0.00303590320982039 0.00332254730165005 0.00472171185538173 0.0142091242596507 0.0175202470272779 0.00591551559045911 0.00359427044168115 0.00187224347610027 0.0169353205710649 0.0165539551526308 0.00202814256772399 0.00235866289585829 0.00563015881925821 0.00229152711108327 0.0527627095580101 0.465168625116348 0.100986771285534 0.0175566896796227 0.0146091096103191 0.00454361224547029 0.00465079443529248 0.00462201191112399 0.00492484262213111 0.0114107802510262 0.0284307058900595 0.0442593395709991 0.0424684435129166 0.0976079180836678 0.0360135175287724 0.0133041702210903 0.0316304191946983 0.106598138809204
0.151151657104492 0.25403419137001 0.228233128786087 0.0203737448900938 0.213166788220406 0.127254381775856 0.00420351279899478 0.0032972926273942 0.00296815950423479 0.00402790540829301 0.00450092600658536 0.00476847589015961 0.00441701244562864 0.0184242017567158 0.0465126410126686 0.0602665282785892 0.0452399849891663 0.0047214450314641 0.0052564418874681 0.122971974313259 0.0155575936660171 0.00185869494453073 0.0178203135728836 0.116813398897648 0.00412129377946258 0.0143188629299402 0.277578979730606 0.246361583471298 0.0151962442323565 0.0141371292993426 0.0369788929820061 0.0136794205754995 0.00503060081973672 0.0046479725278914 0.00512954732403159 0.0883624106645584 0.129854559898376 0.105953425168991 0.0304645746946335 0.0118982093408704 0.0114179002121091 0.027302473783493 0.0970462635159492
0.0616565905511379 0.208100721240044 0.110962957143784 0.00488286651670933 0.00501810433343053 0.0339163541793823 0.0039830869063735 0.00459138909354806 0.0134060997515917 0.0409832932054996 0.0134759331122041 0.019814271479845 0.0192038435488939 0.0146542238071561 0.0195961240679026 0.126513227820396 0.0455912053585052 0.00457744067534804 0.00350445765070617 0.00502116931602359 0.00178816274274141 0.00186084082815796 0.00612848438322544 0.0964941084384918 0.00548354024067521 0.00433991709724069 0.0966057479381561 0.0858050733804703 0.0150301177054644 0.0860182493925095 0.0321419350802898 0.0442099906504154 0.0878592953085899 0.00537649774923921 0.00453763036057353 0.0276290439069271 0.078752838075161 0.0116931311786175 0.011255981400609 0.0112711396068335 0.0126784248277545 0.0515580140054226 0.188399285078049
0.0146986842155457 0.00744332931935787 0.00561603298410773 0.00412408355623484 0.00452576112002134 0.0037523708306253 0.017291683703661 0.0155550464987755 0.0498299598693848 0.0469566844403744 0.0700160041451454 0.015973262488842 0.0574064143002033 0.044217474758625 0.0210386607795954 0.0659480392932892 0.0659687370061874 0.00507097877562046 0.00368847232311964 0.00601022643968463 0.0161124747246504 0.0046060630120337 0.0136391948908567 0.146438613533974 0.0153525825589895 0.00411396147683263 0.0147358607500792 0.044363297522068 0.133587658405304 0.044401079416275 0.0133739672601223 0.249443292617798 0.318867146968842 0.0363981910049915 0.00460063433274627 0.004617088008672 0.0108321774750948 0.115831613540649 0.0798478648066521 0.027450205758214 0.0126639334484935 0.0287348628044128 0.0663846135139465
0.00667696446180344 0.00550646893680096 0.00535449245944619 0.0449121035635471 0.00478808814659715 0.00432530092075467 0.0446621105074883 0.0353284403681755 0.014868937432766 0.0448089689016342 0.111444145441055 0.052310049533844 0.285666257143021 0.0534782335162163 0.022872868925333 0.022193593904376 0.0148622896522284 0.00542525760829449 0.00485114194452763 0.315913707017899 0.201891347765923 0.0045976541005075 0.0994860306382179 0.230327725410461 0.0484588146209717 0.033625990152359 0.0117880096659064 0.0707928538322449 0.294325590133667 0.0297888051718473 0.00963712297379971 0.0632346123456955 0.0802445262670517 0.0100435381755233 0.00767352664843202 0.00836186949163675 0.00986305810511112 0.0689289271831512 0.0375285968184471 0.0249863713979721 0.0112747671082616 0.0264773443341255 0.0428877361118793
0.0062153940089047 0.00520754465833306 0.0180487185716629 0.128961369395256 0.00493224570527673 0.0111422752961516 0.10262181609869 0.0397271327674389 0.0116103738546371 0.0122405393049121 0.013107537291944 0.0220270864665508 0.0740341544151306 0.00760773243382573 0.00750043382868171 0.0511409379541874 0.0237959995865822 0.00659854523837566 0.00498574646189809 0.332336574792862 0.0512955412268639 0.00355546991340816 0.00412533339112997 0.0336687602102757 0.258239179849625 0.0872681885957718 0.0118485977873206 0.114893205463886 0.184226542711258 0.00899466313421726 0.00824305322021246 0.00836955290287733 0.00832629110664129 0.00824310258030891 0.0120468223467469 0.139289900660515 0.152487114071846 0.175222620368004 0.0530593581497669 0.0108269806951284 0.0251497253775597 0.0434143207967281 0.0535321049392223
0.00635232916101813 0.00563107151538134 0.146032556891441 0.113516233861446 0.00470168981701136 0.0112168388441205 0.0922889411449432 0.0146808503195643 0.00561442784965038 0.0176053456962109 0.0069897067733109 0.0058789299800992 0.00542766228318214 0.00666961120441556 0.0575418882071972 0.233987018465996 0.021514430642128 0.00591850513592362 0.00454075587913394 0.33994647860527 0.08647720515728 0.00327362655662 0.00274818693287671 0.00400029448792338 0.181976988911629 0.0250427033752203 0.00755219580605626 0.342064261436462 0.0565437115728855 0.00761085702106357 0.00790703948587179 0.0262536276131868 0.00864899158477783 0.0108473999425769 0.131707027554512 0.446719318628311 0.22889319062233 0.131832987070084 0.0250679776072502 0.00937233306467533 0.0198497790843248 0.0494327135384083 0.159786090254784
0.00777781940996647 0.00676444359123707 0.0133939767256379 0.0372827462852001 0.0314215533435345 0.0112632466480136 0.00415288517251611 0.0116227557882667 0.0136629221960902 0.0405304804444313 0.00172648369334638 0.00179931370075792 0.00798605196177959 0.0590658150613308 0.0650021359324455 0.0297807268798351 0.00584549410268664 0.00237029884010553 0.0168216805905104 0.0920969769358635 0.139177441596985 0.00314302043989301 0.00229912856593728 0.0106495823711157 0.233715280890465 0.0222744066268206 0.0302346646785736 0.100328475236893 0.0251651722937822 0.0242347326129675 0.117929369211197 0.0470242872834206 0.00803700648248196 0.0403784699738026 0.24156542122364 0.265418440103531 0.132679000496864 0.0465831831097603 0.0191946774721146 0.0190340522676706 0.0762190669775009 0.27425816655159 0.151753678917885
0.0171405617147684 0.0174297671765089 0.00499097490683198 0.00481484783813357 0.189351409673691 0.00790740642696619 0.0039135878905654 0.0872110202908516 0.135901317000389 0.0463711321353912 0.00173233763780445 0.00223986757919192 0.0185509286820889 0.145910158753395 0.00892523024231195 0.00229894416406751 0.0020080441609025 0.00759435864165425 0.0533025227487087 0.0177118256688118 0.183837756514549 0.00318023469299078 0.00236793351359665 0.00724481558427215 0.0552819259464741 0.00464495364576578 0.0246126335114241 0.00740147288888693 0.0417631752789021 0.243744015693665 0.0895802900195122 0.0513938963413239 0.0181372612714767 0.070440985262394 0.181508287787437 0.0488996654748917 0.0362600646913052 0.0182223692536354 0.0359127297997475 0.205064386129379 0.187022417783737 0.163606017827988 0.0652410537004471
0.0654539912939072 0.00627062050625682 0.00418741628527641 0.00368742528371513 0.132193729281425 0.00767289288341999 0.0101033551618457 0.097616009414196 0.122859455645084 0.0146271008998156 0.00186949421186 0.00207101833075285 0.0240928772836924 0.0593890286982059 0.00290061207488179 0.00254691182635725 0.00227860151790082 0.00810826849192381 0.0067448141053319 0.00480185775086284 0.00361734302714467 0.00126562535297126 0.0028337521944195 0.0272375047206879 0.0310814697295427 0.00191059580538422 0.00162926048506051 0.00191705685574561 0.0766547471284866 0.167736724019051 0.106740638613701 0.0185591354966164 0.0176170989871025 0.177610263228416 0.118139766156673 0.0427158959209919 0.0580938383936882 0.086068868637085 0.121012695133686 0.253524273633957 0.0975059121847153 0.0724376142024994 0.0680126026272774
0.433247566223145 0.146675392985344 0.00461672991514206 0.00354492431506515 0.0338793136179447 0.00352613348513842 0.00908354762941599 0.0962720885872841 0.060111653059721 0.0218887627124786 0.00524868257343769 0.00280945259146392 0.0266792755573988 0.00931264366954565 0.000981122022494674 0.000758173293434083 0.00217478116974235 0.00902120769023895 0.00179569725878537 0.00199808785691857 0.00429076049476862 0.0112685644999146 0.0933167636394501 0.101046338677406 0.00166424363851547 0.00055749510647729 0.00153305847197771 0.0917576029896736 0.0218986123800278 0.0173343494534492 0.015691701322794 0.0183483678847551 0.0641869083046913 0.122847154736519 0.0333638936281204 0.111091613769531 0.129943192005157 0.252740263938904 0.0644690692424774 0.0927950665354729 0.183733120560646 0.117390587925911 0.0862693265080452
0.256040126085281 0.395595610141754 0.0147244706749916 0.00355184799991548 0.0105405822396278 0.0036205465439707 0.00694232806563377 0.0356641113758087 0.034009475260973 0.0142372893169522 0.0154813136905432 0.00676786107942462 0.00702014425769448 0.002064548432827 0.000873786222655326 0.00103831896558404 0.00108048890251666 0.00165508966892958 0.00151539163198322 0.00150878517888486 0.0155248669907451 0.176204696297646 0.0278403460979462 0.00208528572693467 0.00062387203797698 0.000651344889774919 0.00499347969889641 0.0643601939082146 0.0179051272571087 0.0174551215022802 0.0363603159785271 0.0430649593472481 0.0533369779586792 0.0334396809339523 0.0385516472160816 0.105348527431488 0.0988990142941475 0.0798436924815178 0.067290872335434 0.131032899022102 0.261927396059036 0.143836200237274 0.153102561831474
0.218222081661224 0.0209466442465782 0.0314883477985859 0.0163044948130846 0.00369089213199914 0.00311780464835465 0.00863339193165302 0.0295957084745169 0.0181006081402302 0.00465381564572453 0.00662725232541561 0.00238962494768202 0.00200443295761943 0.00223203166387975 0.000899248232599348 0.000779391557443887 0.000808175711426884 0.00160613970365375 0.00146847497671843 0.00560495955869555 0.217283874750137 0.0361750684678555 0.000315227342071012 0.000484495947603136 0.000654775882139802 0.00226194714196026 0.00602665962651372 0.0151485651731491 0.035366740077734 0.0332736596465111 0.074959434568882 0.0994953587651253 0.0557920150458813 0.066162496805191 0.0878682360053062 0.204925894737244 0.105195797979832 0.0664063543081284 0.0656921938061714 0.275760024785995 0.254330158233643 0.352698534727097 0.552128672599792
0.109024472534657 0.0199967194348574 0.016593724489212 0.14788219332695 0.254844784736633 0.00786532927304506 0.00867750868201256 0.0384844094514847 0.0482957139611244 0.00453914050012827 0.00761281047016382 0.0054699769243598 0.00235314061865211 0.000900162733159959 0.000892794574610889 0.000859371852129698 0.000696984410751611 0.00168218289036304 0.00143618101719767 0.0536941811442375 0.0127234971150756 0.000339822145178914 0.000529224402271211 0.000760654278565198 0.00751538807526231 0.0667663514614105 0.065814696252346 0.109032899141312 0.0651989802718163 0.0400294736027718 0.106809183955193 0.173722073435783 0.069245919585228 0.120746128261089 0.274365872144699 0.403816401958466 0.16088080406189 0.0652030855417252 0.141057193279266 0.339336603879929 0.218507409095764 0.384459376335144 0.318283826112747
0.0904072374105453 0.0285126361995935 0.0634970888495445 0.0556925758719444 0.32490086555481 0.0237822532653809 0.0082353251054883 0.0343071408569813 0.010191397741437 0.00514879217371345 0.00570057425647974 0.00243633496575058 0.00189836428035051 0.000906952773220837 0.000895246397703886 0.000770606042351574 0.000636129931081086 0.00163557648193091 0.00572484033182263 0.0528868660330772 0.000450805062428117 0.000335978926159441 0.000826028408482671 0.0210516098886728 0.312694936990738 0.26964408159256 0.0411069430410862 0.049236211925745 0.192771926522255 0.0882617756724358 0.187083691358566 0.0832310691475868 0.0715320855379105 0.1804229170084 0.599219679832458 0.201358884572983 0.0903027281165123 0.0819310024380684 0.325860470533371 0.227138817310333 0.134805396199226 0.167805626988411 0.15593484044075
