data/climate_estimation/maxent_output/Calochortus_catalinae.asc
NCOLS 83 
NROWS 97 
XLLCORNER -124.166666666667 
YLLCORNER 33.1666666666667 
CELLSIZE 0.0833333333333334 
NODATA_value -3.4e+38 
[rows 0 to 20 of 97, columns 0 to 47 of 83]
0.061124056577683 0.0980485007166862 0.128880098462105 0.13278441131115 0.117495492100716 0.0919313281774521 0.0741088539361954 0.0522802770137787 0.0543054826557636 0.0494855307042599 0.0388832725584507 0.0308969486504793 0.0360899567604065 0.0333724245429039 0.0266447942703962 0.0302539952099323 0.0226078797131777 0.0279122032225132 0.0242058821022511 0.0215061902999878 0.0181871969252825 0.021317021921277 0.0205944962799549 0.0222243778407574 0.0208971332758665 0.0215337034314871 0.0194087605923414 0.014457032084465 0.0129162175580859 0.0122556807473302 0.0104409717023373 0.00834187120199203 0.00651809619739652 0.00506658805534244 0.00289705209434032 0.00219192402437329 0.00139129243325442 0.00080789701314643 0.000448175938799977 0.000265605631284416 0.000402466161176562 0.000311176234390587 0.000153074841364287 6.55314943287522e-05 5.30743818671908e-05 6.00976891291793e-05 8.21718203951605e-05 0.000178642163518816
0.0728035420179367 0.118743009865284 0.138154536485672 0.139930739998817 0.112555414438248 0.129541397094727 0.079579658806324 0.0565880760550499 0.0544908605515957 0.0514909811317921 0.0519703663885593 0.0418891087174416 0.0287964567542076 0.0321812890470028 0.0333478674292564 0.0326759703457355 0.0280441325157881 0.0267733484506607 0.0272345114499331 0.0237132236361504 0.0198389496654272 0.0218620914965868 0.0224679466336966 0.0223606806248426 0.0205037612468004 0.021757822483778 0.01848872192204 0.0188467688858509 0.013811363838613 0.0100354766473174 0.0124025978147984 0.0116126341745257 0.00734975188970566 0.00542378192767501 0.00383590720593929 0.00232646288350224 0.00185229047201574 0.001173329888843 0.000749779166653752 0.000340387428877875 0.000220077563426457 0.000205386531888507 0.000130862114019692 0.000152806300320663 0.000107755135104526 4.55624212918337e-05 7.46707373764366e-05 0.000177571011590771
0.0969784408807755 0.145320862531662 0.16493034362793 0.173881441354752 0.108515776693821 0.129126280546188 0.0957925096154213 0.0696589276194572 0.0614559426903725 0.05134217441082 0.0441692136228085 0.0436705909669399 0.0397382713854313 0.0409752205014229 0.031922809779644 0.0231968760490417 0.028210548684001 0.0241708923131227 0.0274999439716339 0.0307689588516951 0.0263812188059092 0.0170122887939215 0.0220210794359446 0.0184480231255293 0.0208301153033972 0.0176658499985933 0.0163466967642307 0.0165920667350292 0.0168454051017761 0.0162816699594259 0.0135267181321979 0.0111442301422358 0.00674167461693287 0.00570867024362087 0.00449439696967602 0.003243358572945 0.00253647030331194 0.00159151304978877 0.000886072288267314 0.000513355014845729 0.000433349778177217 0.000153529515955597 0.000112913970951922 6.23763335170224e-05 5.0623308197828e-05 7.1736219979357e-05 5.70734409848228e-05 4.83194744447246e-05
0.130636096000671 0.170993626117706 0.195505633950233 0.166377872228622 0.1126703992486 0.0942977219820023 0.104645639657974 0.0613212771713734 0.0638170465826988 0.0411712601780891 0.0447433441877365 0.0424571558833122 0.0398554168641567 0.0275947619229555 0.0414569191634655 0.0252856463193893 0.0306843984872103 0.0211765002459288 0.0261883847415447 0.0247148964554071 0.0155449975281954 0.0154177732765675 0.0201590694487095 0.0151306241750717 0.0160344652831554 0.0175254344940186 0.0169692039489746 0.0203460939228535 0.0194299053400755 0.0206890311092138 0.0165539979934692 0.011759489774704 0.00831739325076342 0.00722401449456811 0.00590771250426769 0.00414114398881793 0.00308454944752157 0.00194874429143965 0.00111158366780728 0.000869957206305116 0.000506789656355977 0.000322252744808793 0.000135755297378637 4.04750608140603e-05 6.55781332170591e-05 9.70332330325618e-05 3.038022077817e-05 1.87306013685884e-05
0.150804445147514 0.203035295009613 0.266325116157532 0.165182381868362 0.143770217895508 0.0960402190685272 0.100905850529671 0.0749373361468315 0.0618893727660179 0.0541658960282803 0.0500432513654232 0.0472608171403408 0.0367884263396263 0.0388401746749878 0.0400227755308151 0.0336834937334061 0.0259935390204191 0.0258742049336433 0.0300445910543203 0.027690501883626 0.0180816147476435 0.0049756676889956 0.0136959236115217 0.0155433155596256 0.0131538640707731 0.015067738480866 0.0147457253187895 0.0197688341140747 0.0181403495371342 0.021863030269742 0.0169700551778078 0.0120822163298726 0.0100253708660603 0.00751018151640892 0.00563839403912425 0.00496819196268916 0.0038597728125751 0.00286257453262806 0.00197170744650066 0.000968878681305796 0.000603260356001556 0.00023871696612332 0.000111284854938276 3.38055906468071e-05 1.87737896339968e-05 1.79036251211073e-05 1.3486798707163e-05 1.39380781547516e-05
0.174727410078049 0.22277458012104 0.246117562055588 0.25487357378006 0.103390276432037 0.103369973599911 0.0899260863661766 0.0716022923588753 0.0663944557309151 0.0521330498158932 0.0416419096291065 0.0453298091888428 0.0297704059630632 0.0328325293958187 0.0422347262501717 0.0284596811980009 0.0266135148704052 0.0345658175647259 0.0258182566612959 0.0257312636822462 0.018660306930542 0.00199345615692437 0.00366522744297981 0.00874037109315395 0.00611954275518656 0.0136445378884673 0.0173353143036366 0.0165573265403509 0.0156743507832289 0.0165261626243591 0.0102644441649318 0.010435713455081 0.0116289258003235 0.00688629550859332 0.0054569342173636 0.00393686210736632 0.00355912395752966 0.00290365237742662 0.0024298788048327 0.00200996501371264 0.00101225625257939 0.000447624566731974 0.000304254062939435 9.41751932259649e-05 6.08757036388852e-05 2.08671881409828e-05 2.22870112338569e-05 2.67564773821505e-05
0.196513146162033 0.232902839779854 0.166830256581306 0.222536683082581 0.117809444665909 0.108060039579868 0.10728619992733 0.0772742703557014 0.0702473148703575 0.0681591182947159 0.053958848118782 0.0490143187344074 0.0548757947981358 0.0305307973176241 0.0305428951978683 0.0272803958505392 0.0259439740329981 0.0340015590190887 0.0216444544494152 0.0274754799902439 0.00511403102427721 0.00148027180694044 0.00181533663999289 0.00152807612903416 0.002475242363289 0.00624156184494495 0.0201318021863699 0.0196406077593565 0.0166775248944759 0.0145402736961842 0.00931697338819504 0.0069993264041841 0.0101356171071529 0.00900537893176079 0.0058085466735065 0.00553675461560488 0.00476974016055465 0.00334214814938605 0.00359395914711058 0.0026025699917227 0.00170916726347059 0.000738146714866161 0.000747577229049057 0.000171215680893511 7.27805600035936e-05 4.20354153902736e-05 3.24202264891937e-05 6.57899072393775e-05
0.186283782124519 0.215200930833817 0.226477116346359 0.186218291521072 0.159146651625633 0.111938990652561 0.096669614315033 0.0933682695031166 0.0692242309451103 0.0598919950425625 0.0517092049121857 0.0638881325721741 0.0607690028846264 0.0516190193593502 0.0277296882122755 0.0358707755804062 0.0371400788426399 0.0330093689262867 0.0289849508553743 0.00828469358384609 0.00138688471633941 0.000932703667785972 0.000861734501086175 0.0010552869644016 0.00132602406665683 0.00255937268957496 0.0113436272367835 0.0213986318558455 0.0215786006301641 0.0131136141717434 0.00834560487419367 0.0106907812878489 0.0113006010651588 0.00892696622759104 0.00685771973803639 0.00648864125832915 0.00523288967087865 0.00452779419720173 0.00367524917237461 0.00280103133991361 0.00271704141050577 0.00165892974473536 0.000874793098773807 0.000315087381750345 0.000119354313937947 8.89793009264395e-05 3.71938840544317e-05 3.04203895211685e-05
0.251033812761307 0.30098894238472 0.269982635974884 0.163184985518456 0.13521820306778 0.104714997112751 0.0888941287994385 0.0893835946917534 0.0697163492441177 0.070536769926548 0.0798075944185257 0.0566593445837498 0.0536312870681286 0.0629534348845482 0.0562865063548088 0.0525990352034569 0.0526147224009037 0.0415421240031719 0.0357804037630558 0.0065818321891129 0.00159324845299125 0.0010853917337954 0.00115170981734991 0.00107555219437927 0.00139463087543845 0.0026023923419416 0.0220438428223133 0.0261347200721502 0.0219806302338839 0.0200687106698751 0.0132405189797282 0.0112994527444243 0.00920991692692041 0.00885649956762791 0.00828598532825708 0.00699358899146318 0.00623974902555346 0.00699393777176738 0.00577401323243976 0.0043265400454402 0.00415330799296498 0.00289796269498765 0.00154480978380889 0.000778099987655878 0.000305978464893997 0.000143620476592332 0.000112408051791135 6.47054184810258e-05
0.18388344347477 0.297570079565048 0.33333620429039 0.261932104825974 0.187990576028824 0.117170505225658 0.0965529829263687 0.0930891558527946 0.0926220193505287 0.0763620063662529 0.0904214456677437 0.071066752076149 0.0642995610833168 0.0692028626799583 0.0670314878225327 0.0545578189194202 0.0402103774249554 0.0334952995181084 0.00579554075375199 0.00312486267648637 0.00191553786862642 0.00162130384705961 0.00137610663659871 0.00130306708160788 0.00183115352410823 0.00505316024646163 0.0211496893316507 0.0220216475427151 0.0258586425334215 0.0223460607230663 0.0153105240315199 0.0100127151235938 0.0122619736939669 0.0110784657299519 0.0100851003080606 0.00873695034533739 0.00888833776116371 0.00834444258362055 0.0077572506852448 0.00622409721836448 0.00468332413583994 0.00407092599198222 0.00374524318613112 0.00150168349500746 0.000809811230283231 0.00034745255834423 0.000181926327059045 9.58596501732245e-05
0.138918548822403 0.196309104561806 0.28224503993988 0.282884061336517 0.164071947336197 0.123795740306377 0.0987132862210274 0.11143147200346 0.0955049470067024 0.0894000679254532 0.0863871052861214 0.0826841294765472 0.0893445834517479 0.0744134113192558 0.0694337040185928 0.052363246679306 0.0312054045498371 0.0121600711718202 0.0050846841186285 0.0035006245598197 0.00252390163950622 0.00227026944048703 0.00168352038599551 0.00147115718573332 0.00177863135468215 0.00236431672237813 0.008966282941401 0.0207181163132191 0.0301211159676313 0.0242801047861576 0.0191204566508532 0.0201577916741371 0.0180487502366304 0.016070669516921 0.0172333847731352 0.0157757885754108 0.0149923916906118 0.0144503610208631 0.0126322507858276 0.00826311204582453 0.00897896103560925 0.00584578700363636 0.00704935379326344 0.00599196925759315 0.0030005257576704 0.00126758229453117 0.000730336701963097 0.000238935492234305
0.162906378507614 0.19294399023056 0.199120312929153 0.263898253440857 0.210698127746582 0.167824372649193 0.106106244027615 0.101177401840687 0.0918207988142967 0.098036602139473 0.100962996482849 0.0968552306294441 0.0891387015581131 0.09638462215662 0.0752926990389824 0.0648958161473274 0.0422860756516457 0.0150672793388367 0.00849423371255398 0.00486452691257 0.00356589746661484 0.00306808575987816 0.00286561390385032 0.00206507300026715 0.00275587709620595 0.00514077767729759 0.0161968376487494 0.0391878262162209 0.0436083450913429 0.0359570868313313 0.0245957523584366 0.0262668151408434 0.0228498019278049 0.0212103594094515 0.0260123889893293 0.0310626551508904 0.0264119450002909 0.0210563931614161 0.0191635899245739 0.0105044459924102 0.0101538514718413 0.00677686603739858 0.00554729858413339 0.00545754097402096 0.00451652891933918 0.0030280773062259 0.00130001024808735 0.000587439630180597
0.169670671224594 0.230353176593781 0.178891226649284 0.217837393283844 0.199891909956932 0.146462634205818 0.127090752124786 0.0937643647193909 0.119310393929482 0.0817930027842522 0.0947536081075668 0.105128280818462 0.0962049514055252 0.102414213120937 0.0781074538826942 0.0859097167849541 0.0601837858557701 0.0273401215672493 0.0136564383283257 0.00724564027041197 0.00589407980442047 0.00423874892294407 0.00326513918116689 0.00266698538325727 0.00374938198365271 0.00664001982659101 0.0122528709471226 0.052766676992178 0.0549440383911133 0.0515665784478188 0.0533436648547649 0.0384092777967453 0.0314860083162785 0.0266490392386913 0.0360495187342167 0.0317220203578472 0.0323985368013382 0.0295964032411575 0.0203227605670691 0.0186596941202879 0.0150715801864862 0.008931296877563 0.0078692976385355 0.00506462762132287 0.00506893312558532 0.00453485455363989 0.00264479545876384 0.00128077378030866
0.147051230072975 0.188367739319801 0.225313320755959 0.207269757986069 0.179609775543213 0.132153481245041 0.119024373590946 0.106087677180767 0.0878610238432884 0.0837599560618401 0.0827560499310493 0.0985111519694328 0.105551101267338 0.103296801447868 0.0910589843988419 0.0872312486171722 0.0906113237142563 0.0683562681078911 0.0266312714666128 0.0103273885324597 0.00761480210348964 0.00539349252358079 0.00500491866841912 0.0049388031475246 0.00437270803377032 0.00795677490532398 0.0212042350322008 0.0395059138536453 0.071782574057579 0.0794286504387856 0.0772800669074059 0.0585357062518597 0.0341405905783176 0.027158921584487 0.0449626781046391 0.0472587049007416 0.0447945296764374 0.0301008019596338 0.0271421372890472 0.0211267676204443 0.0174751207232475 0.0114684980362654 0.0108893653377891 0.00822184048593044 0.00562760839238763 0.00349947577342391 0.00266765407286584 0.00179357419256121
-3.4e+38 0.188351809978485 0.211063027381897 0.193480789661407 0.160092353820801 0.140502750873566 0.122882984578609 0.0953255295753479 0.114245183765888 0.100426137447357 0.0803757384419441 0.108250550925732 0.106770917773247 0.106519758701324 0.0959597453474998 0.0808041170239449 0.102129466831684 0.0847807079553604 0.0396310463547707 0.0154832694679499 0.0111239729449153 0.00948988273739815 0.0086568109691143 0.00746770203113556 0.00818126741796732 0.00956096220761538 0.0167916193604469 0.0288619939237833 0.0780883282423019 0.108350366353989 0.123148389160633 0.0824707895517349 0.0493224523961544 0.0374170355498791 0.0563130713999271 0.0495781674981117 0.0425658188760281 0.0378629975020885 0.026159729808569 0.0279665514826775 0.0216949991881847 0.0219254083931446 0.0154077867045999 0.00980220083147287 0.00645893160253763 0.00448035215958953 0.00378770474344492 0.0020324953366071
-3.4e+38 0.19925682246685 0.185172721743584 0.202019482851028 0.164698034524918 0.153444945812225 0.134631723165512 0.126833468675613 0.0936866402626038 0.0766778886318207 0.0874779969453812 0.10272853076458 0.116503871977329 0.108498640358448 0.114672258496284 0.104510389268398 0.104500897228718 0.111190617084503 0.0748277828097343 0.0189226008951664 0.0151536390185356 0.0134678483009338 0.0137677080929279 0.012732389383018 0.0144074009731412 0.013945228420198 0.01584143191576 0.030739389359951 0.10538288205862 0.115557044744492 0.122907772660255 0.147193163633347 0.0770241320133209 0.0742162987589836 0.0727236270904541 0.0437561981379986 0.0463138557970524 0.0432162173092365 0.0255829468369484 0.0226861704140902 0.0274468529969454 0.0217874739319086 0.0152288824319839 0.0135618876665831 0.00927028339356184 0.00660542212426662 0.00565427308902144 0.00324512249790132
-3.4e+38 -3.4e+38 0.258349627256393 0.195413425564766 0.167698174715042 0.144525840878487 0.142247587442398 0.129803210496902 0.106437250971794 0.121969930827618 0.0900272876024246 0.0870284959673882 0.105915158987045 0.107881210744381 0.12362240254879 0.105405822396278 0.101525902748108 0.101982675492764 0.0623194500803947 0.0249738786369562 0.0221200045198202 0.0212347619235516 0.0220889616757631 0.0223196167498827 0.0221906863152981 0.022631136700511 0.0247600767761469 0.0279414616525173 0.0464024767279625 0.0919949263334274 0.0979602485895157 0.144338294863701 0.183502733707428 0.104712598025799 0.0820838883519173 0.0650697872042656 0.0619282685220242 0.0615128874778748 0.0450803898274899 0.0401820428669453 0.030134741216898 0.028787424787879 0.0215516518801451 0.0172280874103308 0.0119928391650319 0.00786448922008276 0.00687898509204388 0.00346727971918881
-3.4e+38 -3.4e+38 -3.4e+38 0.282649636268616 0.189089953899384 0.161515131592751 0.162337407469749 0.134704113006592 0.129854038357735 0.106825217604637 0.0802361965179443 0.0631298795342445 0.0806665942072868 0.0979463160037994 0.106866434216499 0.124342121183872 0.110063314437866 0.115125201642513 0.115766704082489 0.0340952128171921 0.0324435085058212 0.0376793518662453 0.0385122671723366 0.0346981361508369 0.038452073931694 0.041204709559679 0.0371033102273941 0.0374039076268673 0.0397423431277275 0.0531223267316818 0.0805015861988068 0.0948681831359863 0.105318248271942 0.148677930235863 0.114426635205746 0.0866435840725899 0.0711578950285912 0.0558240786194801 0.054487831890583 0.0397008247673512 0.0362429022789001 0.0278750509023666 0.0241713020950556 0.0202938690781593 0.0140113569796085 0.0119455121457577 0.00853663496673107 0.00294942548498511
-3.4e+38 -3.4e+38 -3.4e+38 -3.4e+38 0.265253394842148 0.183310076594353 0.177400827407837 0.157430231571198 0.142491117119789 0.113057605922222 0.0909837633371353 0.0792548879981041 0.0825281068682671 0.125915467739105 0.126209110021591 0.137464329600334 0.11901044100523 0.112310498952866 0.121352545917034 0.0541819594800472 0.0502405352890491 0.0535081401467323 0.055737279355526 0.0550832711160183 0.0614940896630287 0.0572671368718147 0.0661520287394524 0.0680860579013824 0.0594785176217556 0.0458451770246029 0.042823787778616 0.0656266435980797 0.0895126610994339 0.0861401185393333 0.0970611497759819 0.103404156863689 0.101494468748569 0.0782091468572617 0.0615863651037216 0.0505616553127766 0.04094422981143 0.0317747630178928 0.0279993526637554 0.0228218454867601 0.0240236222743988 0.015223958529532 0.0108662648126483 0.00792748853564262
-3.4e+38 -3.4e+38 -3.4e+38 -3.4e+38 0.28483322262764 0.26386284828186 0.222885310649872 0.175128236413002 0.140325471758842 0.124046348035336 0.129072844982147 0.117732338607311 0.0891704335808754 0.117617167532444 0.142208933830261 0.133162781596184 0.145196378231049 0.141120672225952 0.128987669944763 0.0557563826441765 0.0652648583054543 0.0807935446500778 0.100352860987186 0.0889478325843811 0.0962943658232689 0.0820517316460609 0.0773094072937965 0.068657785654068 0.0577874220907688 0.0394360683858395 0.0304355919361115 0.0478368364274502 0.0860126912593842 0.0856051594018936 0.0775430351495743 0.121048077940941 0.121132604777813 0.0903527215123177 0.0710171386599541 0.0626580342650414 0.0492111258208752 0.0354166068136692 0.0294181667268276 0.0229851733893156 0.0225134566426277 0.0229933094233274 0.015482229180634 0.00838479865342379
-3.4e+38 -3.4e+38 -3.4e+38 -3.4e+38 0.297935962677002 0.30833238363266 0.264560550451279 0.207562580704689 0.168165698647499 0.144535049796104 0.133087411522865 0.113592609763145 0.156292498111725 0.124441027641296 0.171427369117737 0.150963976979256 0.155723974108696 0.161231830716133 0.139354720711708 0.0788636356592178 0.0885104313492775 0.116457551717758 0.156836211681366 0.131579235196114 0.114717468619347 0.09683807939291 0.0928637161850929 0.0650896579027176 0.0554142743349075 0.0376767925918102 0.0244386494159698 0.0272417273372412 0.0420867949724197 0.0664415061473846 0.0801405012607574 0.0870546698570251 0.0985096096992493 0.0750429406762123 0.0658710524439812 0.0549710430204868 0.0525079257786274 0.0442876927554607 0.0399336852133274 0.0298957917839289 0.0228459648787975 0.0220957808196545 0.0152102801948786 0.0131985945627093
