data/climate_estimation/maxent_output/Calochortus_barbatus.asc
NCOLS 271 
NROWS 202 
XLLCORNER -117.083333333333 
YLLCORNER 15.8333333333333 
CELLSIZE 0.0833333333333333 
NODATA_value -3.4e+38 
[rows 46 to 68 of 202, columns 204 to 254 of 271]
0.00109518214594573 0.00113410083577037 0.000856555241625756 0.000731004285626113 0.000895075674634427 0.000817810883745551 0.000686454761307687 0.00057031522737816 0.000543600413948298 0.00044709283974953 0.000436689122579992 0.000449561252025887 0.000560072774533182 0.000530681863892823 0.000517769891303033 0.000455126719316468 0.000516064348630607 0.000443121796706691 0.000439254217781126 0.000357080687535927 0.000296807411359623 0.000290910917101428 0.000268129631876945 0.000270191027084365 0.000272831879556179 0.000234787323279306 0.000226558811846189 0.000214377607335337 0.00020437543571461 0.000217291337321512 0.000189988088095561 0.000166367943165824 0.000175223380210809 0.000186710909474641 0.000201315036974847 0.000256793951848522 0.000264513277215883 0.00022008664382156 0.000217304259422235 0.0002103404403897 0.000200939903152175 0.000165016914252192 6.83884572936222e-05 7.0087262429297e-05 6.2320388678927e-05 5.53328682144638e-05 5.49941614735872e-05 5.35463041160256e-05 5.00166424899362e-05 5.68419309274759e-05 5.61395863769576e-05
0.00123915239237249 0.00105490547139198 0.000960990437306464 0.000697838142514229 0.000836236402392387 0.000877112615853548 0.000759462534915656 0.000647843407932669 0.000649349589366466 0.000531002355273813 0.000452610751381144 0.000510875310283154 0.000608806440141052 0.00062783167231828 0.000522179470863193 0.000583367072977126 0.000496746273711324 0.000503736140672117 0.000420751166529953 0.000341164646670222 0.000337128643877804 0.000335840828483924 0.000254261161899194 0.000292632408672944 0.000260174012510106 0.00028014081181027 0.000233214319450781 0.000264918722677976 0.000215852240216918 0.000202953087864444 0.000178923015482724 0.000166685815202072 0.000172408559592441 0.000181295719812624 0.000224468531087041 0.00024356014910154 0.000251768564339727 0.000211843434954062 0.000210612517548725 0.000202214068849571 0.000201688962988555 0.000198617024580017 7.60329785407521e-05 6.57513373880647e-05 7.18953233445063e-05 6.3568411860615e-05 6.13557785982266e-05 6.01688843744341e-05 6.52398884994909e-05 6.2519007769879e-05 6.20811260887422e-05
0.00169366924092174 0.0012242131633684 0.000776714237872511 0.000759457470849156 0.000897496182005852 0.000922841427382082 0.000980150187388062 0.000837991305161268 0.000718876661267132 0.000711548200342804 0.000602317100856453 0.000708807783666998 0.000687847612425685 0.000685138686094433 0.000593539909459651 0.000601563369855285 0.00058347184676677 0.00048102205619216 0.00040545646334067 0.000402441743062809 0.000339166668709368 0.000322420964948833 0.000329507747665048 0.000290381256490946 0.000294512137770653 0.00027165561914444 0.000259167922195047 0.000260644446825609 0.000253096455708146 0.000253222009632736 0.000216677100979723 0.000221349444473162 0.000200093883904628 0.000209350895602256 0.000256462546531111 0.000269795971689746 0.000280691485386342 0.000239325905567966 0.00024134102568496 0.000241826332057826 8.70308285811916e-05 8.52489538374357e-05 7.48891179682687e-05 7.87256940384395e-05 6.93810579832643e-05 6.72287933412008e-05 7.08269508322701e-05 7.02441539033316e-05 7.72073035477661e-05 7.20621828804724e-05 7.45917132007889e-05
0.00164547830354422 0.0014034635387361 0.00115928228478879 0.000815676816273481 0.000702822231687605 0.000832221994642168 0.000880796578712761 0.00074684078572318 0.000922731938771904 0.000896414858289063 0.000894753902684897 0.000881463231053203 0.000747596670407802 0.000758633308578283 0.000649086374323815 0.000629777961876243 0.000553163408767432 0.000461146526504308 0.000455954344943166 0.000368548964615911 0.000324618595186621 0.000325799192069098 0.000307713489746675 0.000326396431773901 0.000276027276413515 0.000315671961288899 0.000300947693176568 0.000246613839408383 0.000282601482467726 0.000284297886537388 0.000239560773479752 0.000250249722739682 0.000260840752162039 0.000268871313892305 0.000281329004792497 0.00029859077767469 0.000310396077111363 0.00027922322624363 0.000277781946351752 0.00010365584603278 0.000105828861705959 0.000106210813100915 0.000105841769254766 9.1009285824839e-05 -3.4e+38 -3.4e+38 7.89755213190801e-05 7.57226953282952e-05 7.50432518543676e-05 -3.4e+38 -3.4e+38
0.00179583777207881 0.00136698910500854 0.00110091990791261 0.000787708966527134 0.000927265966311097 0.000783079653047025 0.000802555528935045 0.000833554193377495 0.00092755543300882 0.00104982662014663 0.00145551131572574 0.00113366486039013 0.00095325504662469 0.000952919654082507 0.000705575745087117 0.000723809760529548 0.000507143151480705 0.000430705695180222 0.000437361974036321 0.000437783979577944 0.000352415285306051 0.000368388486094773 0.000355394760845229 0.000365067971870303 0.000325016415445134 0.000300589774269611 0.000308762799249962 0.00025372879463248 0.000299976527458057 0.000290998315904289 0.000277613085927442 0.000333887379383668 0.000327565125189722 0.000349499547155574 0.00036802698741667 0.000332612544298172 0.000352212227880955 0.000322189735015854 0.0001174541466753 0.000121996788948309 0.000122435216326267 0.000109055617940612 0.000107848216430284 0.000113785907160491 9.67091618804261e-05 9.40665195230395e-05 9.60807083174586e-05 -3.4e+38 -3.4e+38 -3.4e+38 -3.4e+38
0.00191804906353354 0.00147027347702533 0.00126098515465856 0.000885838642716408 0.000645957421511412 0.000534764665644616 0.000542089401278645 0.000648445449769497 0.000925179221667349 0.00101576745510101 0.00133703299798071 0.00120019947644323 0.00106636749114841 0.000952162488829345 0.000842420558910817 0.00071590137667954 0.000596791505813599 0.000522756890859455 0.000427960010711104 0.000409846164984629 0.000479585374705493 0.000369135814253241 0.000444779987446964 0.000360423349775374 0.000315727083943784 0.000327680056216195 0.000293653458356857 0.000283105851849541 0.00033410283504054 0.000329805334331468 0.000377122400095686 0.000431906402809545 0.000433051347499713 0.000443491764599457 0.000473578547826037 0.000441729178419337 0.000413031782954931 0.000153112749103457 0.000162710945005529 0.000151603162521496 0.000125875856610946 0.000125137899885885 0.000112517787783872 0.00012827554019168 0.000111784320324659 -3.4e+38 -3.4e+38 -3.4e+38 -3.4e+38 -3.4e+38 -3.4e+38
0.00201554410159588 0.00184663198888302 0.00112565793097019 0.000867343391291797 0.000612793257459998 0.000509744160808623 0.000546389899682254 0.000645620340947062 0.000744745892006904 0.000983012374490499 0.00115921790711582 0.00111766473855823 0.000987746636383235 0.000918177829589695 0.000798734894488007 0.000663667393382639 0.000659333309158683 0.000543018511962146 0.000470372411655262 0.000478418864076957 0.000489225261844695 0.000454320193966851 0.000374295166693628 0.000417591305449605 0.000352778122760355 0.000357040524249896 0.000323766027577221 0.000313015596475452 0.000363169587217271 0.00042407083674334 0.000416829716414213 0.00041254234383814 0.000485401920741424 0.000571759941522032 0.000554939557332546 0.000206079930649139 0.000194636973901652 0.000179936454514973 0.000167473655892536 0.000179003603989258 0.000125587859656662 0.000156219000928104 0.000125636521261185 0.000132581277284771 0.000129818712593988 -3.4e+38 -3.4e+38 -3.4e+38 -3.4e+38 -3.4e+38 -3.4e+38
0.00204716017469764 0.00137236365117133 0.00149094150401652 0.000754760345444083 0.000658985052723438 0.000497461354825646 0.000538812193553895 0.000532599573489279 0.000715918024070561 0.000837157538626343 0.000947742606513202 0.000939806865062565 0.000809653953183442 0.000861674838233739 0.000884698994923383 0.000739256211090833 0.000735841633286327 0.000654655508697033 0.00065748137421906 0.000602790678385645 0.000607216381467879 0.000527023919858038 0.000505759089719504 0.000525361450854689 0.000501008238643408 0.00038781829061918 0.000417194532928988 0.000424981000833213 0.000412050867453218 0.000490034988615662 0.000465784018160775 0.000559632841031998 0.000574417819734663 0.000699497992172837 0.000264946691459045 0.000243284506723285 0.000230006160563789 0.000221026421058923 0.000194012638530694 0.000206673765205778 0.000175692985067144 0.000148386228829622 -3.4e+38 -3.4e+38 -3.4e+38 -3.4e+38 -3.4e+38 -3.4e+38 -3.4e+38 -3.4e+38 -3.4e+38
0.00216648587957025 0.00170508108567446 0.00116591749247164 0.000983796664513648 0.00100489391479641 0.000674366427119821 0.000679750053677708 0.000505408563185483 0.000604378525167704 0.000572685152292252 0.000660721969325095 0.000758349022362381 0.000776483444496989 0.000794829684309661 0.000810696219559759 0.000821195309981704 0.000859030522406101 0.000924593536183238 0.000719562289305031 0.000741426949389279 0.000729949038941413 0.000730137748178095 0.000593952427152544 0.000573314551729709 0.000569664407521486 0.000448289298219606 0.000452476931968704 0.000484628166304901 0.000470529572339728 0.000542876194231212 0.000554388971067965 0.00056233408395201 0.000686242477968335 0.000613474927376956 0.000305496534565464 0.000290866242721677 0.000277269398793578 0.000255325430771336 0.000222630027565174 0.000204822921659797 0.000204914074856788 -3.4e+38 -3.4e+38 -3.4e+38 -3.4e+38 -3.4e+38 -3.4e+38 -3.4e+38 -3.4e+38 -3.4e+38 -3.4e+38
0.00200052559375763 0.00178256770595908 0.00121361366473138 0.00134293921291828 0.000825661176349968 0.00088819139637053 0.000702792080119252 0.000575878948438913 0.000552294717635959 0.000642098486423492 0.000745045486837626 0.000875321566127241 0.000909483875147998 0.000904180807992816 0.000933459436055273 0.000991569133475423 0.000896915327757597 0.00093063956592232 0.000865455425810069 0.000951566791627556 0.000878502731211483 0.000819367589429021 0.000788396166171879 0.000771046907175332 0.000661626341752708 0.000643107632640749 0.000516682746820152 0.000525092182215303 0.000540540379006416 0.000643529172521085 0.000667763117235154 0.000664180493913591 0.000714631169103086 0.000764007098041475 0.000324321357766166 0.000304516463074833 0.000332436204189435 0.000259618536802009 0.000260428350884467 0.00023194654204417 -3.4e+38 -3.4e+38 -3.4e+38 -3.4e+38 -3.4e+38 -3.4e+38 -3.4e+38 -3.4e+38 -3.4e+38 -3.4e+38 -3.4e+38
0.00198756321333349 0.00191710784565657 0.00149896566290408 0.00119277136400342 0.00118172203656286 0.000899784034118056 0.000731993350200355 0.000633015763014555 0.000729393970686942 0.000699490890838206 0.000827564625069499 0.000738827977329493 0.000884591194335371 0.000893525138963014 0.000935486285015941 0.00102987978607416 0.00107653730083257 0.000978225376456976 0.00108565192203969 0.00106605084147304 0.00102326984051615 0.000975473434664309 0.000906970060896128 0.00074767431942746 0.000732940912712365 0.000741823052521795 0.000604161701630801 0.000595487130340189 0.000630954047665 0.000652000133413821 0.000704433070495725 0.000717408896889538 0.0009113650303334 0.00084060023073107 0.000339061138220131 0.000367788248695433 0.000325729546602815 0.000290856783976778 -3.4e+38 -3.4e+38 -3.4e+38 -3.4e+38 -3.4e+38 -3.4e+38 -3.4e+38 -3.4e+38 -3.4e+38 -3.4e+38 -3.4e+38 -3.4e+38 -3.4e+38
0.00228525348939002 0.002239536261186 0.00184905366040766 0.00176102085970342 0.00176967366132885 0.00122689362615347 0.00108061009086668 0.00101119233295321 0.000831483921501786 0.000806423311587423 0.000721151300240308 0.000846965820528567 0.000860172091051936 0.00108459964394569 0.00112032215110958 0.001049505895935 0.00116270850412548 0.00120523932855576 0.00146370194852352 0.00115871801972389 0.00126658426597714 0.00128893880173564 0.00103496084921062 0.000974180235061795 0.000970138236880302 0.000821782217826694 0.000701861863490194 0.000605737383011729 0.000600599800236523 0.000638517434708774 0.000715507427230477 0.000776846951339394 0.000814032391645014 0.00099150266032666 0.001067811739631 0.000430596061050892 0.000384281389415264 -3.4e+38 -3.4e+38 -3.4e+38 -3.4e+38 -3.4e+38 -3.4e+38 -3.4e+38 -3.4e+38 -3.4e+38 -3.4e+38 -3.4e+38 -3.4e+38 -3.4e+38 -3.4e+38
0.00270676240324974 0.00213864562101662 0.00234484695829451 0.0026782788336277 0.00273943669162691 0.00208528432995081 0.00134465657174587 0.00114573049359024 0.000806528318207711 0.000802828872110695 0.00080174469621852 0.000834033649880439 0.00100793922320008 0.00108126073610038 0.00110995233990252 0.00118258106522262 0.00131272326689214 0.00147925363853574 0.00141983001958579 0.00163605296984315 0.00152215152047575 0.00115793664008379 0.00134024617727846 0.00111465738154948 0.00109122996218503 0.000921518541872501 0.000812111771665514 0.000714264926500618 0.000751367828343064 0.000821337860543281 0.000937953125685453 0.00100769777782261 0.00100695306900889 -3.4e+38 0.000434778077760711 0.000531326862983406 0.000465934863314033 -3.4e+38 -3.4e+38 -3.4e+38 -3.4e+38 -3.4e+38 -3.4e+38 -3.4e+38 -3.4e+38 -3.4e+38 -3.4e+38 -3.4e+38 -3.4e+38 -3.4e+38 -3.4e+38
0.00256202393211424 0.0027175706345588 0.00271430611610413 0.0049457442946732 0.00480884639546275 0.00295815546996891 0.00147857645060867 0.00119403481949121 0.00110661832150072 0.000924178282730281 0.000956833886448294 0.000994735397398472 0.00104740064125508 0.0012941948371008 0.00136747094802558 0.00149094546213746 0.00158351706340909 0.00167189026251435 0.00154840818140656 0.00154938036575913 0.00168579071760178 0.00169722270220518 0.00151558243669569 0.0014549478655681 0.00127435277681798 0.000944629078730941 0.000849340227432549 0.000744557357393205 0.000930347654502839 0.000968911568634212 0.00110845011658967 0.00116507534403354 0.00146770779974759 0.00172964541707188 0.00151566765271127 0.000599902647081763 -3.4e+38 -3.4e+38 -3.4e+38 -3.4e+38 -3.4e+38 -3.4e+38 -3.4e+38 -3.4e+38 -3.4e+38 -3.4e+38 -3.4e+38 -3.4e+38 -3.4e+38 -3.4e+38 -3.4e+38
0.00210381229408085 0.00262287934310734 0.00357786100357771 0.00481151463463902 0.00533076468855143 0.00230143056251109 0.00150360958650708 0.000945207895711064 0.000839737360365689 0.000923758430872113 0.000971703149843961 0.000998099683783948 0.0012188694672659 0.00114881747867912 0.00152174418326467 0.00187772663775831 0.00160410860553384 0.00191593845374882 0.00176746561191976 0.00198139855638146 0.0018965438939631 0.00161971244961023 0.00153426651377231 0.00160827743820846 0.00122908828780055 0.000941501813940704 0.000882049789652228 0.000932823517359793 0.000953670882154256 0.00117629754822701 0.00154558592475951 0.00190563907381147 0.00194994849152863 0.00172511185519397 0.00174458173569292 -3.4e+38 -3.4e+38 -3.4e+38 -3.4e+38 -3.4e+38 -3.4e+38 -3.4e+38 -3.4e+38 -3.4e+38 -3.4e+38 -3.4e+38 -3.4e+38 -3.4e+38 -3.4e+38 -3.4e+38 -3.4e+38
0.00217130430974066 0.00237012072466314 0.00355606619268656 0.00480730039998889 0.0041067348793149 0.00198022276163101 0.00114440335892141 0.000940546568017453 0.000900857092346996 0.00104587955866009 0.00104965118225664 0.00132210541050881 0.00125511072110385 0.00146996171679348 0.00179130386095494 0.00179463613312691 0.00152267445810139 0.00170850730501115 0.00199014856480062 0.00190735456999391 0.0018056285334751 0.00153625616803765 0.00136263319291174 0.00116421387065202 0.00118220027070493 0.00110035028774291 0.000865973590407521 0.000924246909562498 0.00114056782331318 0.00115203962195665 0.00147921813186258 0.00213110190816224 0.00187455501873046 0.00228367606177926 0.00210208189673722 -3.4e+38 -3.4e+38 -3.4e+38 -3.4e+38 -3.4e+38 -3.4e+38 -3.4e+38 -3.4e+38 -3.4e+38 -3.4e+38 -3.4e+38 -3.4e+38 -3.4e+38 -3.4e+38 -3.4e+38 -3.4e+38
0.00190549029503018 0.00185796117875725 0.00341932009905577 0.00569054670631886 0.00407673930749297 0.00177753542084247 0.00111518264748156 0.00108823738992214 0.00116091209929436 0.00119710527360439 0.0012942582834512 0.00141423777677119 0.00137735099997371 0.00172025011852384 0.00169643713161349 0.0017385701648891 0.00197203271090984 0.00158390810247511 0.00191570282913744 0.00160667463205755 0.00180580944288522 0.00153131922706962 0.00153827073518187 0.00116985151544213 0.00101961416658014 0.000951828667894006 0.00101364613510668 0.000927435292396694 0.00114661385305226 0.00139812112320215 0.00171835138462484 0.00174753949977458 0.00187685387209058 0.00229383795522153 -3.4e+38 -3.4e+38 -3.4e+38 -3.4e+38 -3.4e+38 -3.4e+38 -3.4e+38 -3.4e+38 -3.4e+38 -3.4e+38 -3.4e+38 -3.4e+38 -3.4e+38 -3.4e+38 -3.4e+38 -3.4e+38 -3.4e+38
0.00281516485847533 0.00270416401326656 0.00472666835412383 0.00643624737858772 0.00456490041688085 0.00272142118774354 0.00160858244635165 0.00154148903675377 0.00153670320287347 0.00173000292852521 0.00183190102688968 0.00157466251403093 0.00162044446915388 0.00196666247211397 0.00206062057986856 0.00195979559794068 0.0015892363153398 0.00188192690256983 0.0018071950180456 0.00147931161336601 0.00144819240085781 0.00139400153420866 0.00113389012403786 0.00114592164754868 0.000996023183688521 0.00111084769014269 0.000990189495496452 0.00124668632633984 0.00129389762878418 0.00164576980751008 0.00172244408167899 0.00210769521072507 0.00224541104398668 0.00193200819194317 -3.4e+38 -3.4e+38 -3.4e+38 -3.4e+38 -3.4e+38 -3.4e+38 -3.4e+38 -3.4e+38 -3.4e+38 -3.4e+38 -3.4e+38 -3.4e+38 -3.4e+38 -3.4e+38 -3.4e+38 -3.4e+38 -3.4e+38
0.00797326490283012 0.00683058565482497 0.00609647203236818 0.00541157647967339 0.00501828780397773 0.00396404741331935 0.00337834865786135 0.00301085552200675 0.00252812192775309 0.0023629660718143 0.00201305560767651 0.00208409782499075 0.00212263991124928 0.00222791125997901 0.00193328037858009 0.00194626743905246 0.00190536421723664 0.00176443881355226 0.00150217581540346 0.0014450530288741 0.00140798219945282 0.00114860921166837 0.00107874907553196 0.00113701925147325 0.00111806986387819 0.00105572899337858 0.00113254855386913 0.00117749231867492 0.00153695023618639 0.0015681084478274 0.00199182098731399 0.00203920365311205 0.0008419772493653 -3.4e+38 -3.4e+38 -3.4e+38 -3.4e+38 -3.4e+38 -3.4e+38 -3.4e+38 -3.4e+38 -3.4e+38 -3.4e+38 -3.4e+38 -3.4e+38 -3.4e+38 -3.4e+38 -3.4e+38 -3.4e+38 -3.4e+38 -3.4e+38
0.00631902413442731 0.00620671734213829 0.00736631453037262 0.00654252851381898 0.00571021111682057 0.00674795778468251 0.00637821899726987 0.00503538548946381 0.00423687882721424 0.00375265348702669 0.00275970506481826 0.00262043997645378 0.00223523867316544 0.00225116312503815 0.00216485699638724 0.00209336099214852 0.00207467400468886 0.00175548531115055 0.00141603255178779 0.00146359682548791 0.00118545885197818 0.00112941488623619 0.00105341291055083 0.00106171634979546 0.00114327832125127 0.00122148310765624 0.00127136660739779 0.00163588195573539 0.00145298475399613 0.00184972025454044 0.00197378639131784 0.00237169163301587 0.000958265271037817 -3.4e+38 -3.4e+38 -3.4e+38 -3.4e+38 -3.4e+38 -3.4e+38 -3.4e+38 -3.4e+38 -3.4e+38 -3.4e+38 -3.4e+38 -3.4e+38 -3.4e+38 -3.4e+38 -3.4e+38 -3.4e+38 -3.4e+38 -3.4e+38
0.00639957934617996 0.00948831159621477 0.00621848180890083 0.00925965514034033 0.00679096346721053 0.00852464884519577 0.00979222916066647 0.00869812443852425 0.00657467637211084 0.00512129859998822 0.00377192627638578 0.00291285361163318 0.00246867653913796 0.00251500867307186 0.00212480570189655 0.00205944385379553 0.00200080219656229 0.00170626165345311 0.00144236872438341 0.00165366393048316 0.00137194176204503 0.00110164808575064 0.00108528439886868 0.00110644346568733 0.00131465122103691 0.00138788181357086 0.00174525950569659 0.00161206547636539 0.00206420780159533 0.0022311897482723 0.000860983098391443 0.000886241090483963 0.000988127430900931 -3.4e+38 -3.4e+38 -3.4e+38 -3.4e+38 -3.4e+38 -3.4e+38 -3.4e+38 -3.4e+38 -3.4e+38 -3.4e+38 -3.4e+38 -3.4e+38 -3.4e+38 -3.4e+38 -3.4e+38 -3.4e+38 -3.4e+38 -3.4e+38
0.00629582302644849 0.00696589797735214 0.00785419065505266 0.00900117587298155 0.0107650905847549 0.0136527828872204 0.0124255791306496 0.013402353040874 0.00911963172256947 0.00605013780295849 0.00370584637857974 0.00287903053686023 0.00236191879957914 0.00226237392053008 0.00220980448648334 0.00236548646353185 0.00194785289932042 0.00184553908184171 0.00162694114260375 0.00158097932580858 0.00131768092978746 0.00127493659965694 0.00109282974153757 0.00110782345291227 0.00134863902349025 0.00135692884214222 0.00174370594322681 0.00191373866982758 0.00203287415206432 0.00220144027844071 0.000874563993420452 0.00103499949909747 0.000980395008809865 -3.4e+38 -3.4e+38 -3.4e+38 -3.4e+38 -3.4e+38 -3.4e+38 -3.4e+38 -3.4e+38 -3.4e+38 -3.4e+38 -3.4e+38 -3.4e+38 -3.4e+38 -3.4e+38 -3.4e+38 -3.4e+38 -3.4e+38 -3.4e+38
0.00955530721694231 0.00851547531783581 0.011170051060617 0.0100771998986602 0.0103623541072011 0.0161194987595081 0.0140659520402551 0.0136523032560945 0.00594399822875857 0.0046466407366097 0.003083819989115 0.00297970906831324 0.00223056622780859 0.00220594648271799 0.00253836577758193 0.00234647537581623 0.0019256304949522 0.00184795411769301 0.0015444871969521 0.0015409387415275 0.00153108709491789 0.00159340421669185 0.00132782408036292 0.00131262780632824 0.00130703812465072 0.00163836753927171 0.00169753609225154 0.00184738368261606 0.00201445654965937 0.000945294392295182 0.00100342743098736 0.00105407345108688 0.00114193605259061 -3.4e+38 -3.4e+38 -3.4e+38 -3.4e+38 -3.4e+38 -3.4e+38 -3.4e+38 -3.4e+38 -3.4e+38 -3.4e+38 -3.4e+38 -3.4e+38 -3.4e+38 -3.4e+38 -3.4e+38 -3.4e+38 -3.4e+38 -3.4e+38
