data/climate_estimation/maxent_output/Calochortus_uniflorus.asc
NCOLS 55 
NROWS 107 
XLLCORNER -123.916666666667 
YLLCORNER 35.4166666666667 
CELLSIZE 0.0833333333333332 
NODATA_value -3.4e+38 
[rows 0 to 19 of 107, columns 0 to 45 of 55]
0.170749902725220 0.263046413660049 0.314564913511276 0.337084412574768 0.264936953783035 0.490417987108231 0.656457602977753 0.708029389381409 0.679384768009186 0.670677363872528 0.589802145957947 0.38718044757843 0.274213254451752 0.285703092813492 0.226404115557671 0.218148455023766 0.216347023844719 0.225901737809181 0.290176272392273 0.279447168111801 0.377602964639664 0.316100239753723 0.403597712516785 0.312840819358826 0.210871979594231 0.203778088092804 0.229551285505295 0.158347681164742 0.0541849471628666 0.0266529321670532 0.00955080799758434 0.00453698681667447 0.00163981481455266 0.00102229893673211 0.00105260231066495 0.00102019496262074 0.00102861248888075 0.000816504238173366 0.00111148611176759 0.00101546221412718 0.0015947965439409 0.00187046534847468 0.00326866796240211 0.00240226369351149 0.00127979542594403 0.00100737030152231
0.198442861437798 0.258235156536102 0.342564344406128 0.318597942590714 0.458282858133316 0.556264400482178 0.668103158473969 0.707972884178162 0.675185859203339 0.669203996658325 0.57915323972702 0.287678092718124 0.352041035890579 0.285105735063553 0.20674541592598 0.225974813103676 0.223104313015938 0.267711162567139 0.309538811445236 0.372427552938461 0.390057116746902 0.356234163045883 0.453164905309677 0.281768918037415 0.219754040241241 0.138344198465347 0.200405493378639 0.203847989439964 0.0950168594717979 0.025088207796216 0.010918665677309 0.00484727649018168 0.00224355142563581 0.00115380075294524 0.00111036957241595 0.00168480153661221 0.000798486929852515 0.00107914884574711 0.00144632440060377 0.00103009899612516 0.00102566415444016 0.00115961453411728 0.00119027448818088 0.00132356223184615 0.00113104388583452 0.000606900721322745
0.228816300630569 0.301765561103821 0.377774983644485 0.464039415121078 0.509736776351929 0.629587292671204 0.690512835979462 0.694291591644287 0.67987197637558 0.675703644752502 0.566351652145386 0.420985698699951 0.345417112112045 0.27444139122963 0.256773293018341 0.230442583560944 0.239912122488022 0.299739331007004 0.301596730947495 0.367730230093002 0.421589374542236 0.387655138969421 0.379813373088837 0.347592771053314 0.188792496919632 0.0678472742438316 0.13325822353363 0.143085524439812 0.153700590133667 0.0507321991026402 0.0192024018615484 0.00735372351482511 0.00364904804155231 0.00175215245690197 0.00137055036611855 0.000985836028121412 0.000928663008380681 0.000814319821074605 0.000681006291415542 0.000913617142941803 0.000669253058731556 0.000588653143495321 0.00049136666348204 0.000548813142813742 0.000410709646530449 0.000345982785802335
0.305505812168121 0.329711318016052 0.40468755364418 0.466485321521759 0.592792630195618 0.664678454399109 0.704521417617798 0.681944012641907 0.685428500175476 0.630741596221924 0.495884239673615 0.391099840402603 0.311649858951569 0.270333647727966 0.26741886138916 0.26566269993782 0.314960300922394 0.330979079008102 0.346948534250259 0.352133512496948 0.375778496265411 0.324726998806 0.290718972682953 0.318241775035858 0.236277043819427 0.164275676012039 0.142801448702812 0.126833990216255 0.150815665721893 0.0756374001502991 0.0271861832588911 0.013350423425436 0.00555141875520349 0.00266099278815091 0.0010772084351629 0.000957459735218436 0.000912744959350675 0.000988991465419531 0.000714236055500805 0.00104290223680437 0.00127524195704609 0.00126116804312915 0.00114592863246799 0.000903546228073537 0.000715315050911158 0.000419370247982442
0.292078703641891 0.321030229330063 0.399440050125122 0.542076826095581 0.570211708545685 0.609805464744568 0.667879819869995 0.699751973152161 0.64365291595459 0.541196942329407 0.464297503232956 0.332107275724411 0.295015603303909 0.242984101176262 0.228561639785767 0.281381905078888 0.284082323312759 0.330764353275299 0.369639813899994 0.351471811532974 0.374793142080307 0.335309237241745 0.330478459596634 0.274996876716614 0.211545705795288 0.225645050406456 0.148056030273438 0.151058495044708 0.133907005190849 0.0531988441944122 0.0232310984283686 0.0145963924005628 0.00804656930267811 0.00330290175043046 0.00204126117751002 0.00124385848175734 0.00167485582642257 0.00119217473547906 0.000632371520623565 0.000607039488386363 0.000620160775724798 0.000721887685358524 0.000642425671685487 0.000485112046590075 0.000457716960227117 0.00043406622717157
0.333041608333588 0.348082214593887 0.449624300003052 0.537411868572235 0.612753987312317 0.635381937026978 0.656819462776184 0.658950507640839 0.637147307395935 0.465144395828247 0.403293788433075 0.324712723493576 0.304525882005692 0.279880881309509 0.262408405542374 0.271417647600174 0.366332709789276 0.364869773387909 0.414407759904861 0.398880034685135 0.367327988147736 0.352068156003952 0.286712855100632 0.233794718980789 0.204959213733673 0.201397061347961 0.203904137015343 0.120209977030754 0.0662909969687462 0.0436130315065384 0.0310222133994102 0.0261797159910202 0.0174607038497925 0.00611283537000418 0.00288028130307794 0.00157539790961891 0.00112097908277065 0.000863255118019879 0.000636879005469382 0.000505197502207011 0.000558716128580272 0.000441280979430303 0.000592726690229028 0.000414412730606273 0.000428865809226409 0.000396866380469874
0.378512382507324 0.485134840011597 0.538926005363464 0.563940107822418 0.604952871799469 0.613745272159576 0.645846962928772 0.624006628990173 0.604838132858276 0.495943516492844 0.329372823238373 0.313405722379684 0.34391587972641 0.337424039840698 0.335824429988861 0.333161115646362 0.35605725646019 0.365706026554108 0.454640299081802 0.422585785388947 0.408991724252701 0.301546037197113 0.272572964429855 0.215478286147118 0.253136336803436 0.200777918100357 0.14372780919075 0.0751645565032959 0.0511837266385555 0.025667630136013 0.0263745095580816 0.0390938445925713 0.0349968820810318 0.0129216853529215 0.00300884852185845 0.00342172267846763 0.00202475255355239 0.000889946473762393 0.000708711391780525 0.000493119063321501 0.000435240392107517 0.000462808064185083 0.000342154700774699 0.00057302915956825 0.000430974614573643 0.000279480882454664
0.40252622961998 0.437469750642776 0.547109663486481 0.602277398109436 0.628955066204071 0.637167036533356 0.661371111869812 0.64053213596344 0.625024318695068 0.508334696292877 0.444851934909821 0.381907731294632 0.347852826118469 0.350738823413849 0.37738049030304 0.417844891548157 0.413968026638031 0.372199028730392 0.451623648405075 0.434070587158203 0.382585257291794 0.302535563707352 0.271688193082809 0.215933203697205 0.249213382601738 0.141881003975868 0.077216275036335 0.0603665597736835 0.0408850647509098 0.0268933139741421 0.0229065455496311 0.0456588193774223 0.0414527393877506 0.0191140063107014 0.0048879673704505 0.00226644892245531 0.00158150540664792 0.000914486008696258 0.000645781692583114 0.000483756070025265 0.000463734235381708 0.000339145364705473 0.000313420838210732 0.000333955598762259 0.000320816296152771 0.000271146069280803
0.453351438045502 0.561930954456329 0.611465394496918 0.632060348987579 0.642598628997803 0.672881126403809 0.689090073108673 0.660865366458893 0.592715919017792 0.535951256752014 0.524214684963226 0.419710665941238 0.440920919179916 0.421651601791382 0.438859015703201 0.422772377729416 0.458910435438156 0.439012706279755 0.453577846288681 0.432453542947769 0.374190092086792 0.317319750785828 0.288014382123947 0.245058938860893 0.232524812221527 0.198612362146378 0.0858979597687721 0.0560351349413395 0.0336942486464977 0.0216319393366575 0.0205725375562906 0.0251290891319513 0.0213960688561201 0.00992439966648817 0.00332700996659696 0.00237391423434019 0.00246073352172971 0.00126673351041973 0.000586116220802069 0.000570913078263402 0.000518186658155173 0.000415179412811995 0.000335282791638747 0.000264052650891244 0.000225010531721637 0.000221824026084505
0.42866849899292 0.591267168521881 0.557708978652954 0.649861991405487 0.670503675937653 0.696301400661469 0.664054811000824 0.658221185207367 0.627265930175781 0.568901896476746 0.524023950099945 0.443894445896149 0.458823561668396 0.491336852312088 0.474795520305634 0.474412202835083 0.500519454479218 0.528036117553711 0.476497977972031 0.445011228322983 0.338809460401535 0.242908284068108 0.293617755174637 0.274001568555832 0.253178924322128 0.208829089999199 0.123920127749443 0.0536310113966465 0.0339387580752373 0.0194878429174423 0.0155469756573439 0.0131864054128528 0.0113607533276081 0.00468430342152715 0.00248729810118675 0.00148639653343707 0.00135413592215627 0.00107366405427456 0.000609677284955978 0.000493329425808042 0.000422935030655935 0.000425172765972093 0.000338421144988388 0.000301291438518092 0.000229887838941067 0.000227290496695787
0.48193171620369 0.513036072254181 0.616438567638397 0.68501478433609 0.680051922798157 0.662665367126465 0.667410731315613 0.63649708032608 0.629088222980499 0.621735811233521 0.590735733509064 0.485381811857224 0.530969440937042 0.543454706668854 0.517307877540588 0.530402898788452 0.52907532453537 0.486935824155807 0.490748375654221 0.429069310426712 0.409942537546158 0.314136832952499 0.297050148248672 0.326215267181396 0.267234236001968 0.144591435790062 0.09734196215868 0.0644892305135727 0.0381846018135548 0.0235743746161461 0.0158003326505423 0.00754630845040083 0.00546038150787354 0.00326843722723424 0.0020544792059809 0.00149006897117943 0.00111552653834224 0.000880874053109437 0.000692901608999819 0.000414618494687602 0.000403479294618592 0.000334831682266667 0.000269511685473844 0.000231787023949437 0.000198496200027876 0.000195445827557705
0.550151467323303 0.64045238494873 0.590110123157501 0.693974375724792 0.73417192697525 0.687916576862335 0.66862678527832 0.652398109436035 0.665539860725403 0.622998118400574 0.605123281478882 0.591896176338196 0.580229341983795 0.568699300289154 0.587508082389832 0.604264974594116 0.524028897285461 0.46156919002533 0.4903504550457 0.458018600940704 0.426093816757202 0.33792319893837 0.322103887796402 0.333232522010803 0.278095245361328 0.165155321359634 0.111181825399399 0.107934504747391 0.0750989988446236 0.0557345077395439 0.0362663045525551 0.0138069856911898 0.00450894888490438 0.00324734253808856 0.00192554399836808 0.00163192371837795 0.0013583751861006 0.00077730615157634 0.00070365151623264 0.00048714253352955 0.000332530820742249 0.000239727785810828 0.000223989452933893 0.000203466697712429 0.000191478306078352 0.000164903976838104
0.543054521083832 0.634897768497467 0.65327399969101 0.622283697128296 0.723126590251923 0.66957026720047 0.645682632923126 0.629527807235718 0.59336906671524 0.561077773571014 0.619152963161469 0.646905362606049 0.613973200321198 0.593373596668243 0.578675031661987 0.601709544658661 0.606405854225159 0.565667808055878 0.52443140745163 0.504864931106567 0.424428164958954 0.387634634971619 0.367181330919266 0.34255388379097 0.294754654169083 0.162811890244484 0.180963516235352 0.138781726360321 0.0781425535678864 0.0564808361232281 0.0462917126715183 0.0352768264710903 0.00679820543155074 0.00324000744149089 0.00262888078577816 0.00155073602218181 0.00110968691296875 0.0010451169218868 0.000624316046014428 0.000538540596608073 0.000376013194909319 0.00025192485190928 0.000184865552000701 0.000197688292246312 0.000194023072253913 0.000169364924659021
0.519808769226074 0.539617657661438 0.592000842094421 0.616271078586578 0.731262743473053 0.697818160057068 0.663929045200348 0.631052911281586 0.630980491638184 0.696163713932037 0.640828669071198 0.644394814968109 0.627490878105164 0.633277237415314 0.603805065155029 0.539274871349335 0.620627880096436 0.5845667719841 0.57513302564621 0.490281641483307 0.470022529363632 0.393182575702667 0.307270526885986 0.401202589273453 0.296017169952393 0.18544702231884 0.146658346056938 0.112709976732731 0.0683196038007736 0.047012023627758 0.0374578386545181 0.0316364839673042 0.00919615849852562 0.00386129203252494 0.00260114017874002 0.00208669970743358 0.00168368907179683 0.0011306811356917 0.000725268211681396 0.000614866788964719 0.000464743265183643 0.000254414597293362 0.000211607999517582 0.000187466954230331 0.000165362231200561 0.000123575286124833
0.66605943441391 0.622634828090668 0.594181418418884 0.723349153995514 0.740427136421204 0.678532421588898 0.663110852241516 0.73371833562851 0.702595770359039 0.732928812503815 0.68239963054657 0.659292459487915 0.620687961578369 0.698575079441071 0.630546271800995 0.695052206516266 0.673176050186157 0.52862560749054 0.574901819229126 0.453830152750015 0.395365506410599 0.496951937675476 0.394012302160263 0.373814076185226 0.244744628667831 0.178422465920448 0.139519035816193 0.127294659614563 0.072312131524086 0.0488367602229118 0.0322106331586838 0.0157433059066534 0.00946884322911501 0.00523856328800321 0.00324392691254616 0.00275140046142042 0.00194967398419976 0.00166028691455722 0.00112911057658494 0.00104405544698238 0.000596216297708452 0.000348041619872674 0.000292860670015216 0.000192864594282582 0.000152890424942598 0.000142957273055799
0.669651091098785 0.624834418296814 0.764892816543579 0.775582313537598 0.760040044784546 0.78971654176712 0.700429141521454 0.709283113479614 0.708958745002747 0.704239547252655 0.737010776996613 0.7149977684021 0.702425599098206 0.64437210559845 0.647455632686615 0.73244971036911 0.695602357387543 0.571820437908173 0.594384849071503 0.560970664024353 0.501869022846222 0.492449074983597 0.487135738134384 0.394691497087479 0.255306333303452 0.180967837572098 0.133133813738823 0.0863839462399483 0.0628683865070343 0.0384051688015461 0.0416801534593105 0.0292179528623819 0.0123017095029354 0.00630032643675804 0.00527819572016597 0.00378294428810477 0.00338554824702442 0.00204143393784761 0.00135158689226955 0.000739290495403111 0.000691472319886088 0.000470921280793846 0.000347193912602961 0.000239569722907618 0.000120224169222638 9.56189687713049e-05
0.663460612297058 0.698683381080627 0.769814372062683 0.733448922634125 0.77290278673172 0.779907047748566 0.733337223529816 0.712196052074432 0.693387687206268 0.653021633625031 0.653671622276306 0.711226344108582 0.614362955093384 0.73149174451828 0.727688133716583 0.661666929721832 0.677197337150574 0.654924094676971 0.648047149181366 0.556482017040253 0.493984967470169 0.443368166685104 0.41162583231926 0.484856456518173 0.271650403738022 0.153732374310493 0.107968628406525 0.08332809060812 0.0590886957943439 0.0406177379190922 0.073708675801754 0.052668958902359 0.0224624145776033 0.0089736795052886 0.00730824284255505 0.00758221745491028 0.00748929707333446 0.00324382074177265 0.00110791088081896 0.00095800741109997 0.000777536421082914 0.000633485498838127 0.000361131125828251 0.000235000596148893 0.000135802576551214 9.55051073106006e-05
0.511273324489594 0.62107115983963 0.720264792442322 0.758198738098145 0.797710418701172 0.830455899238586 0.813537061214447 0.823383986949921 0.787723958492279 0.802059531211853 0.803685069084167 0.72110241651535 0.68895298242569 0.74144035577774 0.706987023353577 0.671696543693542 0.683161020278931 0.685974538326263 0.639600038528442 0.640094578266144 0.554286062717438 0.489730447530746 0.51025915145874 0.489294588565826 0.260140478610992 0.152098566293716 0.0977527126669884 0.0849126651883125 0.056702196598053 0.0332959704101086 0.0513910725712776 0.0349072851240635 0.0188535824418068 0.00901590660214424 0.00886508543044329 0.00704980827867985 0.00988256558775902 0.00245333090424538 0.00106300693005323 0.000996892456896603 0.000932052847929299 0.000575329759158194 0.000448898412287235 0.000253553094808012 0.000222513903281651 0.000124908387078904
0.586074650287628 0.621459901332855 0.731499016284943 0.804463505744934 0.812599897384644 0.802295982837677 0.80646950006485 0.810124814510345 0.833906829357147 0.82398933172226 0.82592248916626 0.783686757087708 0.76638275384903 0.739212810993195 0.71065765619278 0.690968334674835 0.725844919681549 0.666650831699371 0.671892285346985 0.675558507442474 0.6132532954216 0.55846244096756 0.456872344017029 0.424432247877121 0.255599945783615 0.165428206324577 0.114382617175579 0.0809310376644135 0.0573916248977184 0.0311674289405346 0.0420918688178062 0.0264235027134418 0.0126402424648404 0.00811865460127592 0.00753465900197625 0.00798249058425426 0.0105489622801542 0.00321475137025118 0.0012563286582008 0.00097727426327765 0.000849672476761043 0.000659124052617699 0.000575706188101321 0.000278712308499962 0.000169583916431293 0.000145003999932669
0.690937280654907 0.718100190162659 0.72286194562912 0.74582576751709 0.814510881900787 0.813401162624359 0.796047747135162 0.827902555465698 0.79980742931366 0.81058669090271 0.814602851867676 0.801768243312836 0.692639708518982 0.737638771533966 0.557380855083466 0.606336295604706 0.711429178714752 0.643480837345123 0.671196520328522 0.640839338302612 0.612543344497681 0.628782689571381 0.328316956758499 0.29444631934166 0.228624492883682 0.171668261289597 0.10602480173111 0.0765212923288345 0.0573660582304001 0.0320970453321934 0.0203250218182802 0.0181226693093777 0.0113719832152128 0.00930305197834969 0.00850513484328985 0.00843446329236031 0.0086045702919364 0.00594807555899024 0.00282602058723569 0.00182001630309969 0.000854108424391598 0.000588581373449415 0.00073656695894897 0.000321353203617036 0.000192407504073344 0.000277623621514067
