data/climate_estimation/maxent_output/Calochortus_pulchellus.asc
NCOLS 55 
NROWS 47 
XLLCORNER -123.75 
YLLCORNER 36.25 
CELLSIZE 0.0833333333333332 
NODATA_value -3.4e+38 
[rows 0 to 20 of 47, columns 0 to 47 of 55]
0.364813685417175 0.797692537307739 0.747482180595398 0.406260550022125 0.610571622848511 0.335417211055756 0.331869453191757 0.171828657388687 0.088617205619812 0.0810694620013237 0.149577036499977 0.274419546127319 0.174023613333702 0.0716368481516838 0.0421779602766037 0.0351697355508804 0.0265420079231262 0.0254604164510965 0.0462949462234974 0.0441895313560963 0.0371221639215946 0.0697353854775429 0.102524697780609 0.220444723963737 0.430957704782486 0.362380057573318 0.156680718064308 0.0230293944478035 0.0161078665405512 0.037649679929018 0.0698547810316086 0.0675532668828964 0.0174450296908617 0.02534544095397 0.0221896767616272 0.0111242700368166 0.00552697945386171 0.00462811347097158 0.00327525706961751 0.00243013026192784 0.00169236015062779 0.00147127453237772 0.00149600324220955 0.000780941918492317 0.000502710812725127 0.00029728192021139 0.000199195143068209 8.58884377521463e-05
0.684549629688263 0.712463140487671 0.752687275409698 0.7170170545578 0.631115972995758 0.583120703697205 0.363860100507736 0.18030096590519 0.0913523435592651 0.0552040599286556 0.0509678013622761 0.15557524561882 0.265267759561539 0.0837754979729652 0.0509273670613766 0.0397924035787582 0.0357063338160515 0.0631248950958252 0.0582905486226082 0.0632313564419746 0.0728994309902191 0.110736265778542 0.0911290347576141 0.20217764377594 0.727018773555756 0.686211466789246 0.198659464716911 0.042837031185627 0.0239885579794645 0.0864075347781181 0.180034875869751 0.0749648287892342 0.0704653784632683 0.0294815599918365 0.0164971239864826 0.0120279509574175 0.0122183738276362 0.00675741909071803 0.00406397180631757 0.00291221495717764 0.00220362469553947 0.00178530847188085 0.00130442681256682 0.000900490267667919 0.000400252087274566 0.000297232560114935 0.00017587658658158 0.00024172397388611
0.599798858165741 0.364371448755264 0.694734036922455 0.719556093215942 0.638800203800201 0.609257221221924 0.37583065032959 0.19604854285717 0.333249747753143 0.173292234539986 0.302527070045471 0.160273671150208 0.307992577552795 0.127464547753334 0.053409606218338 0.044739805161953 0.041763111948967 0.077854111790657 0.0776617303490639 0.0899635925889015 0.0921518951654434 0.105312630534172 0.176841467618942 0.408055692911148 0.764898598194122 0.819506049156189 0.649477660655975 0.109980694949627 0.104884646832943 0.409574508666992 0.0286609400063753 0.042716346681118 0.157250866293907 0.0619055368006229 0.0285560302436352 0.0145291080698371 0.00985500495880842 0.0071217929944396 0.00565544096753001 0.00383535516448319 0.00286010443232954 0.00281783868558705 0.00166259310208261 0.00143018818926066 0.000695863389410079 0.000305054156342521 0.000178096845047548 0.000115230533992872
0.314651995897293 0.316129058599472 0.337596744298935 0.743845582008362 0.703968226909637 0.632785022258759 0.602178454399109 0.61321222782135 0.581932783126831 0.188637584447861 0.322297185659409 0.313688695430756 0.50654798746109 0.102286249399185 0.0607951879501343 0.0543338097631931 0.0531775765120983 0.102489568293095 0.111186966300011 0.112746357917786 0.120906002819538 0.131506472826004 0.155985832214355 0.268950313329697 0.439087450504303 0.691410005092621 0.981747686862946 0.758009850978851 0.788216590881348 0.240358859300613 0.109531417489052 0.0594741143286228 0.10880396515131 0.0453409254550934 0.043688241392374 0.0235993433743715 0.0190890766680241 0.00987291242927313 0.00804292131215334 0.00498388474807143 0.00349036697298288 0.00315760564990342 0.00175690837204456 0.00134982354938984 0.000675624120049179 0.000353012030245736 0.000178312475327402 0.000143906712764874
0.269737988710403 0.547396779060364 0.589566826820374 0.656731724739075 0.701666176319122 0.618255794048309 0.57580578327179 0.756106734275818 0.588650465011597 0.348661988973618 0.3654545545578 0.544596016407013 0.551372408866882 0.36403813958168 0.128494456410408 0.121715538203716 0.136094003915787 0.145255878567696 0.140823736786842 0.158130973577499 0.168752923607826 0.166197091341019 0.178001791238785 0.211129382252693 0.336181998252869 0.443094879388809 0.670274436473846 0.797758162021637 0.866912961006165 0.52522873878479 0.279320150613785 0.26250484585762 0.126503273844719 0.0604271292686462 0.0254082679748535 0.0230209361761808 0.0182944443076849 0.0156106799840927 0.0101448530331254 0.00634413445368409 0.00472717639058828 0.00333819747902453 0.00180509500205517 0.00119370443280786 0.000756144872866571 0.0011113848304376 0.000304810964735225 0.000159377843374386
0.214289486408234 0.462889701128006 0.55042827129364 0.630511462688446 0.716091394424438 0.656352937221527 0.785110294818878 0.773864924907684 0.411282360553741 0.396212130784988 0.207299470901489 0.35012412071228 0.584850370883942 0.468202710151672 0.170380622148514 0.152985215187073 0.162314221262932 0.174612551927567 0.179412871599197 0.202803134918213 0.194995358586311 0.389451533555984 0.417414605617523 0.4194116294384 0.436763137578964 0.315081179141998 0.430847346782684 0.560858011245728 0.76104599237442 0.876638770103455 0.84246027469635 0.354116976261139 0.160638362169266 0.0764838680624962 0.0406895615160465 0.026780629530549 0.0191405601799488 0.0170358680188656 0.0134625062346458 0.0102359959855676 0.00633939635008574 0.00424939440563321 0.00301325391046703 0.00258005573414266 0.00123964506201446 0.000760579947382212 0.000307765323668718 0.000169698265381157
0.288030326366425 0.395869702100754 0.480026483535767 0.536126911640167 0.620572745800018 0.712850332260132 0.700864315032959 0.79912143945694 0.653989911079407 0.213810220360756 0.395283788442612 0.399169236421585 0.631991803646088 0.382627695798874 0.169210702180862 0.184335619211197 0.21197797358036 0.242677509784698 0.227123856544495 0.432651519775391 0.401844084262848 0.409992218017578 0.406930953264236 0.401563674211502 0.359354704618454 0.366417527198792 0.355143338441849 0.471985191106796 0.722974300384521 0.745020925998688 0.91542637348175 0.905973076820374 0.406654864549637 0.190643444657326 0.085472583770752 0.0780330076813698 0.0266028959304094 0.0202129539102316 0.0148492287844419 0.01237309910357 0.00944925658404827 0.00658514350652695 0.00404028873890638 0.00420262478291988 0.00237516220659018 0.001558514428325 0.000447700324002653 0.000196986700757407
0.178562179207802 0.290834337472916 0.399361461400986 0.502440094947815 0.578157007694244 0.875633716583252 0.711404085159302 0.733514249324799 0.677904665470123 0.445659816265106 0.674359440803528 0.673380792140961 0.669799745082855 0.588332712650299 0.207715183496475 0.213945224881172 0.251141160726547 0.497598022222519 0.4823257625103 0.466286987066269 0.435073435306549 0.453078985214233 0.386599183082581 0.390598177909851 0.348004698753357 0.298977941274643 0.383006662130356 0.524681150913239 0.654465138912201 0.744602084159851 0.928121864795685 0.934115171432495 0.668415665626526 0.383849650621414 0.193055182695389 0.099651150405407 0.0442484989762306 0.03300491720438 0.0204129219055176 0.0144105525687337 0.0112598901614547 0.00808300543576479 0.00696733361110091 0.00477522751316428 0.00333343539386988 0.00223899818956852 0.00051727396203205 0.000155191155499779
0.13706211745739 0.236464858055115 0.313294678926468 0.412716060876846 0.736928761005402 0.845571398735046 0.89640599489212 0.908159077167511 0.746585011482239 0.812229335308075 0.861740052700043 0.70269501209259 0.686644852161407 0.545413255691528 0.392157316207886 0.439193427562714 0.432681560516357 0.494882822036743 0.489553898572922 0.457168906927109 0.449329942464828 0.431425958871841 0.39022234082222 0.357204973697662 0.329282194375992 0.299365520477295 0.30938532948494 0.440389156341553 0.770942687988281 0.766350030899048 0.911490678787231 0.819469571113586 0.694722473621368 0.451629340648651 0.241274163126945 0.123711988329887 0.0649606958031654 0.0340294577181339 0.0230143424123526 0.0168433766812086 0.0132763925939798 0.0111083444207907 0.0077382274903357 0.00430410262197256 0.00451143132522702 0.00349702010862529 0.00197514658793807 0.000180259681656025
0.11699490994215 0.20222507417202 0.282227665185928 0.36839547753334 0.687696814537048 0.788614153862 0.897610664367676 0.840532779693604 0.87251740694046 0.853585779666901 0.757529497146606 0.460993558168411 0.710006177425385 0.435813635587692 0.427479982376099 0.453383803367615 0.438328206539154 0.463670969009399 0.457980632781982 0.447155207395554 0.427604347467422 0.400853395462036 0.34837082028389 0.322940558195114 0.3184834420681 0.302440047264099 0.287302315235138 0.328292459249496 0.526357591152191 0.814558148384094 0.930168688297272 0.719163417816162 0.861018478870392 0.701510906219482 0.255566358566284 0.124778084456921 0.112844832241535 0.0462400689721107 0.0302750021219254 0.0201043896377087 0.0160383395850658 0.0138089908286929 0.00927299726754427 0.00577403837814927 0.00502419611439109 0.00500503042712808 0.0037702873814851 0.000403731217375025
0.102650471031666 0.156810790300369 0.25361505150795 0.343131750822067 0.660881280899048 0.775553584098816 0.848608791828156 0.728769600391388 0.838217496871948 0.911045908927917 0.875619769096375 0.905021369457245 0.758521735668182 0.794532120227814 0.584517180919647 0.494331926107407 0.417830109596252 0.418797761201859 0.413594901561737 0.4334716796875 0.407732516527176 0.383458405733109 0.3633893430233 0.343464225530624 0.326122164726257 0.301994562149048 0.285498917102814 0.313243597745895 0.398142963647842 0.664021849632263 0.704457461833954 0.895563244819641 0.881615936756134 0.481464624404907 0.272229760885239 0.14571587741375 0.129767790436745 0.0659863129258156 0.0362839102745056 0.0267866477370262 0.0206134766340256 0.0156043069437146 0.0120734553784132 0.0094471275806427 0.00826144404709339 0.00580457877367735 0.00407633138820529 0.000595832709223032
0.0960122421383858 0.154694244265556 0.23091222345829 0.322846591472626 0.663002967834473 0.781150758266449 0.807629883289337 0.903541922569275 0.873970091342926 0.693297326564789 0.836613714694977 0.916982769966125 0.873476207256317 0.789007484912872 0.570276021957397 0.5090212225914 0.441924512386322 0.379562318325043 0.374006062746048 0.372299611568451 0.38304939866066 0.377031445503235 0.369283139705658 0.379765212535858 0.315309256315231 0.303621590137482 0.292245388031006 0.298843532800674 0.327368706464767 0.496756166219711 0.746109247207642 0.722897350788116 0.66061919927597 0.656297743320465 0.375723302364349 0.127872735261917 0.123836390674114 0.0745972990989685 0.0473085418343544 0.0343055352568626 0.0258209854364395 0.0185494534671307 0.0165268294513226 0.0129694165661931 0.010095251724124 0.00608207331970334 0.00489097461104393 0.000826577132102102
0.109011583030224 0.144647121429443 0.201969772577286 0.29754501581192 0.666153073310852 0.767286419868469 0.860221743583679 0.916544497013092 0.915731072425842 0.782480537891388 0.610686719417572 0.877427935600281 0.785368502140045 0.626154005527496 0.606346964836121 0.689414918422699 0.407395392656326 0.391594231128693 0.344147264957428 0.372371524572372 0.349726557731628 0.340199500322342 0.314234852790833 0.307602673768997 0.277727723121643 0.30681249499321 0.293546587228775 0.280969262123108 0.292199939489365 0.413007736206055 0.65080463886261 0.841402232646942 0.699106872081757 0.479582041501999 0.285954743623734 0.119242392480373 0.141059935092926 0.0829076170921326 0.055863119661808 0.0375552736222744 0.0294589586555958 0.0232914518564939 0.0172826629132032 0.0189291350543499 0.0114443367347121 0.00731519144028425 0.00587575370445848 0.00124290317762643
0.0937601178884506 0.145881295204163 0.203043431043625 0.266232550144196 0.593364417552948 0.725167453289032 0.83282196521759 0.886658489704132 0.936021685600281 0.829189300537109 0.524234056472778 0.58885532617569 0.724196553230286 0.599969387054443 0.529505729675293 0.729520261287689 0.483032792806625 0.43981009721756 0.346958547830582 0.320270180702209 0.313427805900574 0.308144807815552 0.308010041713715 0.297377169132233 0.307346820831299 0.303353101015091 0.315219461917877 0.314027637243271 0.310090959072113 0.381778717041016 0.554821610450745 0.714865565299988 0.579397141933441 0.411156833171844 0.220074057579041 0.141936555504799 0.107025042176247 0.0836037546396255 0.0744302943348885 0.049604557454586 0.0345550402998924 0.0268873982131481 0.0206354055553675 0.0177638251334429 0.0126477731391788 0.00887014251202345 0.0075337328016758 0.000581351458095014
0.0287123564630747 0.111129097640514 0.175271779298782 0.248315572738647 0.327676594257355 0.680013418197632 0.797561764717102 0.834161520004272 0.845662593841553 0.887807428836823 0.769182324409485 0.714162826538086 0.660687446594238 0.358503699302673 0.6457239985466 0.651560425758362 0.480362892150879 0.522895872592926 0.376314878463745 0.292220085859299 0.280505269765854 0.281090050935745 0.276296734809875 0.30012172460556 0.301579982042313 0.316292613744736 0.32540488243103 0.350548028945923 0.357160776853561 0.382084608078003 0.473716109991074 0.660652101039886 0.496145904064178 0.485675513744354 0.344611495733261 0.100985415279865 0.0637798979878426 0.0603167414665222 0.0801051408052444 0.0544326603412628 0.0416545681655407 0.0285899061709642 0.0219379588961601 0.0185978692024946 0.0131714046001434 0.00933477841317654 0.00794004742056131 0.000766603916417807
0.0301409754902124 0.0888381525874138 0.145569980144501 0.197702974081039 0.28388711810112 0.604730725288391 0.700031101703644 0.806648910045624 0.850204348564148 0.929670751094818 0.924820482730865 0.92217355966568 0.901803731918335 0.506813526153564 0.487923085689545 0.631752192974091 0.754973471164703 0.64847993850708 0.381527453660965 0.348598897457123 0.280014604330063 0.261060625314713 0.267947018146515 0.28151735663414 0.329441726207733 0.339389950037003 0.354304760694504 0.376210749149323 0.39414182305336 0.426198333501816 0.459206461906433 0.555518567562103 0.639110267162323 0.436762183904648 0.31674063205719 0.0818119943141937 0.0623190253973007 0.0899060890078545 0.0766860172152519 0.0569424293935299 0.0474045164883137 0.0337353348731995 0.0224429666996002 0.017564294859767 0.0147933438420296 0.0125993592664599 0.0093389768153429 0.00294655654579401
-3.4e+38 0.0792374238371849 0.0973941832780838 0.139149785041809 0.199358403682709 0.298186957836151 0.639589488506317 0.714544296264648 0.751895010471344 0.766956329345703 0.911586165428162 0.949878394603729 0.949240505695343 0.581458568572998 0.699428617954254 0.614796340465546 0.695126950740814 0.646750032901764 0.449811041355133 0.363768100738525 0.254535049200058 0.259098380804062 0.25582155585289 0.301080942153931 0.34197673201561 0.380612432956696 0.408247768878937 0.386950790882111 0.409480631351471 0.455805331468582 0.466079562902451 0.505078077316284 0.603521645069122 0.36200276017189 0.43313130736351 0.258672446012497 0.0636530295014381 0.0468287765979767 0.0589284226298332 0.075138621032238 0.0517133958637714 0.0402053818106651 0.0301561802625656 0.0217519458383322 0.0177220813930035 0.0156331192702055 0.011964688077569 0.00622033234685659
-3.4e+38 -3.4e+38 0.065616063773632 0.0929683446884155 0.136113360524178 0.219279393553734 0.294089049100876 0.639299869537354 0.694651663303375 0.657802402973175 0.716949820518494 0.839657008647919 0.932529091835022 0.859035432338715 0.916384875774384 0.764962255954742 0.646671533584595 0.549722611904144 0.653440058231354 0.33486619591713 0.280856609344482 0.240994989871979 0.272935420274734 0.316044688224792 0.382348656654358 0.445888429880142 0.456030398607254 0.44876766204834 0.449093222618103 0.502891182899475 0.490184962749481 0.499916076660156 0.371783226728439 0.410304397344589 0.432599455118179 0.242211297154427 0.101402409374714 0.0368259102106094 0.0583304949104786 0.076219379901886 0.0519722662866116 0.0397472232580185 0.0328534729778767 0.0261219348758459 0.0186443384736776 0.0161717776209116 0.0136212054640055 0.00786805059760809
-3.4e+38 -3.4e+38 -3.4e+38 -3.4e+38 0.106680579483509 0.150272816419601 0.210587352514267 0.308367133140564 0.594850718975067 0.628488421440125 0.61570793390274 0.700549185276031 0.752921402454376 0.843410074710846 0.88688600063324 0.70127534866333 0.768527328968048 0.645931303501129 0.674813091754913 0.760737121105194 0.297812670469284 0.264193624258041 0.299174576997757 0.371575891971588 0.455288976430893 0.492791533470154 0.522951006889343 0.49573090672493 0.493394732475281 0.530214130878448 0.530805945396423 0.521464884281158 0.551692128181458 0.381277918815613 0.40712907910347 0.409257769584656 0.190621867775917 0.0568404197692871 0.07059445977211 0.0758927837014198 0.0565668195486069 0.0413011461496353 0.0324720069766045 0.0271787196397781 0.0204556994140148 0.0164666306227446 0.0141483191400766 0.0116502474993467
-3.4e+38 -3.4e+38 -3.4e+38 -3.4e+38 0.0457696802914143 0.103553473949432 0.171672746539116 0.218870148062706 0.414090842008591 0.529809355735779 0.509029984474182 0.613087475299835 0.765619814395905 0.822432339191437 0.798040568828583 0.754808127880096 0.924388527870178 0.905636012554169 0.648608982563019 0.689208984375 0.419598013162613 0.298496872186661 0.352355062961578 0.471249014139175 0.534480571746826 0.553354263305664 0.607306480407715 0.603475630283356 0.572774767875671 0.572331428527832 0.579739391803741 0.555057346820831 0.52692699432373 0.294161945581436 0.297572642564774 0.393526285886765 0.101477324962616 0.0697238594293594 0.0734535455703735 0.122109435498714 0.0749803930521011 0.0510785505175591 0.0395537093281746 0.03098507784307 0.0285066738724709 0.0204020123928785 0.0157523285597563 0.0119892600923777
-3.4e+38 -3.4e+38 -3.4e+38 -3.4e+38 -3.4e+38 -3.4e+38 0.138707414269447 0.138014256954193 0.313828766345978 0.424054473638535 0.451552480459213 0.471644014120102 0.828276574611664 0.721184909343719 0.844386756420135 0.751753270626068 0.866109490394592 0.964353144168854 0.898321807384491 0.890888273715973 0.600617587566376 0.378462135791779 0.424090951681137 0.542288780212402 0.618313908576965 0.603044986724854 0.647785544395447 0.638638079166412 0.654875636100769 0.639178395271301 0.62100738286972 0.582906424999237 0.529245734214783 0.295886695384979 0.294737309217453 0.345563501119614 0.184140667319298 0.128458932042122 0.099862664937973 0.0887120440602303 0.122905202209949 0.069774441421032 0.0482519306242466 0.0356615521013737 0.0292301699519157 0.0234063286334276 0.0178506467491388 0.0148162394762039
