data/climate_estimation/maxent_output/Calochortus_nudus.asc
NCOLS 195 
NROWS 89 
XLLCORNER -124.083333333333 
YLLCORNER 35.9166666666667 
CELLSIZE 0.0833333333333333 
NODATA_value -3.4e+38 
[rows 38 to 56 of 89, columns 0 to 42 of 195]
0.0401321537792683 0.0590889677405357 0.109641619026661 0.181415185332298 0.259247094392776 0.324209004640579 0.386806458234787 0.542543768882751 0.530089914798737 0.662031710147858 0.680090606212616 0.643229901790619 0.617576599121094 0.718832612037659 0.839556694030762 0.818288922309875 0.215344846248627 0.083307221531868 0.0483293496072292 0.0282355714589357 0.0180496163666248 0.0110053280368447 0.00707747042179108 0.0095870541408658 0.0432765260338783 0.124141775071621 0.199595108628273 0.456461220979691 0.719289839267731 0.796489536762238 0.916987836360931 0.93784373998642 0.934407353401184 0.932301938533783 0.876130998134613 0.850683152675629 0.874487042427063 0.795893609523773 0.715976774692535 0.724674046039581 0.675083935260773 0.40758952498436 0.271904200315475
0.035827774554491 0.0533582307398319 0.0989135056734085 0.165179073810577 0.211732342839241 0.275977313518524 0.367983281612396 0.417388468980789 0.495635092258453 0.573148906230927 0.654044032096863 0.622555136680603 0.575861752033234 0.537900626659393 0.608000636100769 0.78301328420639 0.829283058643341 0.0993701368570328 0.0461958758533001 0.0260643474757671 0.0166309885680676 0.00899264775216579 0.00919088628143072 0.0117187779396772 0.0190912876278162 0.0578401423990726 0.173429161310196 0.336054980754852 0.51908928155899 0.634899437427521 0.906898617744446 0.945669770240784 0.94477790594101 0.925687253475189 0.826790392398834 0.891087770462036 0.841786205768585 0.819026410579681 0.867657780647278 0.784188568592072 0.755261957645416 0.59112673997879 0.399472415447235
0.0348723530769348 0.0565844215452671 0.0777241364121437 0.129433691501617 0.166027039289474 0.254906892776489 0.291687875986099 0.394079804420471 0.468299299478531 0.532074809074402 0.639250695705414 0.570838809013367 0.714539349079132 0.66719663143158 0.775898873806 0.760800063610077 0.840347349643707 0.165492951869965 0.0394487641751766 0.0245004743337631 0.0168306082487106 0.0109911104664207 0.0117278899997473 0.0144141931086779 0.0222506485879421 0.0377484411001205 0.098457470536232 0.221922367811203 0.467309355735779 0.513047218322754 0.642973840236664 0.926539778709412 0.928678214550018 0.778544545173645 0.918001592159271 0.938587129116058 0.837830483913422 0.829109489917755 0.829773306846619 0.878084421157837 0.863314986228943 0.846261084079742 0.559170961380005
-3.4e+38 0.0378779396414757 0.0684895291924477 0.11379349976778 0.163834944367409 0.217837050557137 0.273804366588593 0.328693836927414 0.385214596986771 0.48482745885849 0.536558270454407 0.588865339756012 0.639383554458618 0.629593193531036 0.784933924674988 0.816959381103516 0.706743776798248 0.111058905720711 0.0335134007036686 0.0240706373006105 0.0184538252651691 0.0138942115008831 0.0152323795482516 0.0208999197930098 0.0272171944379807 0.0412947125732899 0.0739304274320602 0.132722228765488 0.221066683530807 0.368594467639923 0.359330028295517 0.600538909435272 0.585936427116394 0.891986072063446 0.938702881336212 0.926769912242889 0.916655421257019 0.926958739757538 0.902894675731659 0.857795894145966 0.868747413158417 0.859114110469818 0.717664778232574
-3.4e+38 -3.4e+38 0.0355198755860329 0.072615459561348 0.121415741741657 0.141466528177261 0.191527798771858 0.259951442480087 0.339640110731125 0.448104202747345 0.194512903690338 0.316427379846573 0.60450953245163 0.733332514762878 0.738991379737854 0.71058714389801 0.720912575721741 0.161699205636978 0.0216165985912085 0.0189581587910652 0.0163877457380295 0.0180195271968842 0.0226793177425861 0.026771230623126 0.0345905944705009 0.0481073819100857 0.0706267058849335 0.0999725461006165 0.138441801071167 0.202476695179939 0.348090589046478 0.427863836288452 0.577723979949951 0.798181176185608 0.887811303138733 0.881719827651978 0.890868186950684 0.921613454818726 0.903950273990631 0.893732666969299 0.889976143836975 0.851643204689026 0.803744375705719
-3.4e+38 -3.4e+38 -3.4e+38 0.0305293183773756 0.0827297270298004 0.10464209318161 0.156928449869156 0.22077289223671 0.29845404624939 0.37923127412796 0.26265075802803 0.301750361919403 0.638967216014862 0.694662153720856 0.599972903728485 0.744036197662354 0.287379682064056 0.21132917702198 0.0250935927033424 0.0224628653377295 0.0213986374437809 0.0231603682041168 0.0269149262458086 0.0324048064649105 0.0411537140607834 0.0351029112935066 0.0526687800884247 0.0639460980892181 0.0687609910964966 0.126473993062973 0.175078481435776 0.255722552537918 0.380700647830963 0.508158624172211 0.590185523033142 0.87284791469574 0.917265474796295 0.91800457239151 0.914570987224579 0.907845973968506 0.89554625749588 0.882021248340607 0.824513077735901
-3.4e+38 -3.4e+38 -3.4e+38 0.0149421514943242 0.0296370293945074 0.0633505880832672 0.112581707537174 0.15897624194622 0.21880079805851 0.311310589313507 0.416774868965149 0.292464911937714 0.547397673130035 0.543411910533905 0.682082116603851 0.688140392303467 0.690275013446808 0.146573975682259 0.022419786080718 0.0218518003821373 0.0229180902242661 0.0268557500094175 0.0292059257626534 0.0228856708854437 0.026218730956316 0.0345710478723049 0.0450255200266838 0.0561590678989887 0.0513491965830326 0.0478443540632725 0.133281007409096 0.201732382178307 0.339226454496384 0.377394407987595 0.56248539686203 0.598060071468353 0.8376744389534 0.894277572631836 0.922655463218689 0.903805375099182 0.87233829498291 0.843991935253143 0.822402656078339
-3.4e+38 -3.4e+38 -3.4e+38 0.00567570328712463 0.0126011557877064 0.0300868041813374 0.0725842267274857 0.130402356386185 0.179090663790703 0.177829936146736 0.353318482637405 0.416954815387726 0.512613892555237 0.510361015796661 0.606956422328949 0.645846366882324 0.678528487682343 0.280549824237823 0.0297130309045315 0.0254073180258274 0.0282298065721989 0.0196095556020737 0.0187169667333364 0.0200259517878294 0.0228995513170958 0.0280944742262363 0.034281212836504 0.0396109074354172 0.0426336564123631 0.0396103896200657 0.0500295236706734 0.0770402401685715 0.108376368880272 0.359121799468994 0.484031826257706 0.53740930557251 0.69835090637207 0.830886125564575 0.868143618106842 0.892374992370605 0.870601296424866 0.850511133670807 0.848709940910339
-339999999999999996123846586046231871488.000000000000000 -3.4e+38 -3.4e+38 0.00367252319119871 0.00825179554522038 0.0205426588654518 0.0353884659707546 0.0756000429391861 0.0838318467140198 0.143646448850632 0.203723877668381 0.280801266431808 0.442585289478302 0.350467652082443 0.437580466270447 0.600231230258942 0.640758991241455 0.255773484706879 0.027688279747963 0.0304920617491007 0.0187094882130623 0.0179131980985403 0.0167632922530174 0.0172234773635864 0.018789978697896 0.0215403065085411 0.0244652926921844 0.0279765110462904 0.032483235001564 0.0330038890242577 0.0349032655358315 0.0564202517271042 0.154126793146133 0.361896842718124 0.452842891216278 0.419157207012177 0.664531052112579 0.813148498535156 0.864434957504272 0.88537335395813 0.909168362617493 0.855518579483032 0.831811726093292
-3.4e+38 -3.4e+38 -3.4e+38 0.00449106562882662 0.00733224116265774 0.0149408243596554 0.0281220003962517 0.0593747012317181 0.0683576166629791 0.110937021672726 0.179859548807144 0.194447740912437 0.328350931406021 0.377248376607895 0.331083923578262 0.59451699256897 0.644583225250244 0.186584815382957 0.0373967550694942 0.0432095527648926 0.0205319318920374 0.0169806387275457 0.0142124285921454 0.014046810567379 0.0143993739038706 0.0162689555436373 0.0181195624172688 0.0214249286800623 0.0248001348227262 0.0297048911452293 0.033012755215168 0.0403375513851643 0.0737866088747978 0.17258457839489 0.250675350427628 0.359565138816833 0.448191463947296 0.680366516113281 0.839208364486694 0.839026570320129 0.909708499908447 0.867165446281433 0.806117177009583
-3.4e+38 -3.4e+38 -3.4e+38 0.00430329749360681 0.00521208066493273 0.00969396531581879 0.0201218482106924 0.0426237769424915 0.0565218701958656 0.0926571562886238 0.114880964159966 0.136521130800247 0.256682366132736 0.366601884365082 0.427389234304428 0.450101494789124 0.594243466854095 0.391124367713928 0.100593812763691 0.0568850077688694 0.0245043374598026 0.0155305908992887 0.0124788228422403 0.0120606850832701 0.011454458348453 0.0123900985345244 0.0132535230368376 0.0177288837730885 0.0191389620304108 0.0226697735488415 0.0272637158632278 0.0350405685603619 0.0498635098338127 0.112646952271461 0.127305552363396 0.215453892946243 0.452606022357941 0.741614937782288 0.810911118984222 0.857075214385986 0.896218597888947 0.889713823795319 0.818854570388794
-3.4e+38 -3.4e+38 -3.4e+38 0.00375914270989597 0.00453849881887436 0.00847310479730368 0.0163633767515421 0.0346596390008926 0.0502238236367702 0.0858621969819069 0.097493588924408 0.188369244337082 0.272299468517303 0.249818876385689 0.359799325466156 0.441564381122589 0.433559209108353 0.381902575492859 0.270051896572113 0.0781348720192909 0.0361483432352543 0.0140795866027474 0.0113361002877355 0.00989681016653776 0.0093619329854846 0.00960144866257906 0.0141280498355627 0.0275738500058651 0.0150062553584576 0.0175749603658915 0.0205917991697788 0.0284485127776861 0.0372129492461681 0.0705335959792137 0.138990595936775 0.322239845991135 0.568378627300262 0.589390158653259 0.691153049468994 0.765669167041779 0.806905627250671 0.861453533172607 0.858147323131561
-3.4e+38 -3.4e+38 -3.4e+38 -3.4e+38 0.00504272757098079 0.00797000993043184 0.0122972214594483 0.0276130046695471 0.0457062050700188 0.0801885947585106 0.0986030399799347 0.174766764044762 0.260126322507858 0.126577258110046 0.098748117685318 0.390990346670151 0.359931796789169 0.284012198448181 0.112942330539227 0.133958339691162 0.0375888980925083 0.0179784949868917 0.0113369887694716 0.00985042285174131 0.00829171203076839 0.00808657240122557 0.00840318202972412 0.00981479045003653 0.0114257195964456 0.0132406922057271 0.0155691765248775 0.0199643019586802 0.0303507950156927 0.0525432713329792 0.111220091581345 0.180693328380585 0.305661618709564 0.460277378559113 0.601210534572601 0.752136468887329 0.846252977848053 0.847931683063507 0.837527394294739
-3.4e+38 -3.4e+38 -3.4e+38 -3.4e+38 0.0036214292049408 0.00810593459755182 0.0156532414257526 0.0196588896214962 0.0270822439342737 0.0638314485549927 0.1015610024333 0.123277373611927 0.223876178264618 0.138107001781464 0.0850755944848061 0.0978019461035728 0.13407601416111 0.107372775673866 0.093018613755703 0.143793106079102 0.0776128396391869 0.0505367591977119 0.0172586124390364 0.0102079641073942 0.00829189736396074 0.00746328104287386 0.00801503472030163 0.00850744545459747 0.00972293969243765 0.0106453131884336 0.0128279943019152 0.0173371937125921 0.0246499683707952 0.0464926846325397 0.0866265669465065 0.125731468200684 0.233080789446831 0.374529838562012 0.515947222709656 0.653607904911041 0.636744320392609 0.774365067481995 0.858808159828186
-3.4e+38 -3.4e+38 -3.4e+38 -3.4e+38 0.00247638835571706 0.0049479859881103 0.0120629426091909 0.0204148069024086 0.035188864916563 0.047012135386467 0.081732951104641 0.0901161655783653 0.142711535096169 0.244511321187019 0.126233354210854 0.275338649749756 0.113208629190922 0.145571574568748 0.115104354918003 0.116874046623707 0.0789961740374565 0.0868972167372704 0.0377370826900005 0.0149429030716419 0.00921991094946861 0.00776228355243802 0.00753537798300385 0.0086063202470541 0.00894745625555515 0.00969671830534935 0.0120815495029092 0.016680896282196 0.0229049734771252 0.0356674380600452 0.0696961358189583 0.114694312214851 0.194959402084351 0.193514943122864 0.364484786987305 0.577169239521027 0.651734948158264 0.688316583633423 0.839523792266846
-3.4e+38 -3.4e+38 -3.4e+38 -3.4e+38 0.00240704673342407 0.00317893619649112 0.00759152323007584 0.0129677411168814 0.026348264887929 0.0337066240608692 0.0531804636120796 0.0865201130509377 0.107787504792213 0.201846405863762 0.257343024015427 0.305189460515976 0.328991323709488 0.196341305971146 0.188258469104767 0.256717562675476 0.141605287790298 0.113351993262768 0.0443294383585453 0.0340037755668163 0.0110067492350936 0.00846833549439907 0.00804254226386547 0.00857013836503029 0.00970588810741901 0.0105619942769408 0.0117658833041787 0.016941424459219 0.0238354839384556 0.0336586497724056 0.0576441884040833 0.0854353681206703 0.107719928026199 0.189828708767891 0.343219131231308 0.494266360998154 0.61600387096405 0.778908371925354 0.852875232696533
-3.4e+38 -3.4e+38 -3.4e+38 -3.4e+38 -3.4e+38 0.00265151984058321 0.00380100193433464 0.00649039400741458 0.0126984994858503 0.0317240916192532 0.0370115824043751 0.0511589534580708 0.0593955181539059 0.0940940380096436 0.177415430545807 0.240606546401978 0.285659313201904 0.18864007294178 0.10625185072422 0.0936826914548874 0.110954441130161 0.10374017059803 0.060882680118084 0.0425435453653336 0.01248783711344 0.0107685588300228 0.00972152501344681 0.0101813254877925 0.0108942436054349 0.0118690608069301 0.0141809014603496 0.0179469380527735 0.0231646075844765 0.029239734634757 0.03986956179142 0.0640097707509995 0.0919373854994774 0.140703588724136 0.179632961750031 0.297904044389725 0.404447078704834 0.606937110424042 0.708632826805115
-3.4e+38 -3.4e+38 -3.4e+38 -3.4e+38 -3.4e+38 -3.4e+38 0.00215666787698865 0.00362160010263324 0.00656946003437042 0.0157136674970388 0.0296821370720863 0.0395740158855915 0.0505439750850201 0.0447207912802696 0.0656040608882904 0.117660917341709 0.173737868666649 0.211162120103836 0.134375870227814 0.100022912025452 0.087446853518486 0.0734440833330154 0.0991058871150017 0.0327717363834381 0.0162167530506849 0.0129315005615354 0.0129340793937445 0.012421783991158 0.013018324971199 0.0138195948675275 0.0161421615630388 0.0202478747814894 0.0261232238262892 0.027846846729517 0.0286713745445013 0.044884204864502 0.129000425338745 0.154720589518547 0.183953776955605 0.309598356485367 0.320273190736771 0.472486793994904 0.700735807418823
-3.4e+38 -3.4e+38 -3.4e+38 -3.4e+38 -3.4e+38 -3.4e+38 -3.4e+38 -3.4e+38 0.00440317578613758 0.0082299429923296 0.0158447362482548 0.0353280492126942 0.0329419150948524 0.041820403188467 0.0366103686392307 0.0531580001115799 0.0795378461480141 0.116588711738586 0.164792656898499 0.139855161309242 0.0813186913728714 0.0735028758645058 0.0911136046051979 0.123936131596565 0.0294645372778177 0.0181673914194107 0.0163805857300758 0.0157212372869253 0.0158536266535521 0.0155437933281064 0.0164688490331173 0.0179404802620411 0.0226639453321695 0.0262787062674761 0.0274903606623411 0.038363017141819 0.0721079036593437 0.139410555362701 0.156217187643051 0.17598719894886 0.274727463722229 0.407502979040146 0.69867330789566
