data/climate_estimation/maxent_output/Calochortus_venustus.asc
NCOLS 92 
NROWS 98 
XLLCORNER -123.583333333333 
YLLCORNER 32.5 
CELLSIZE 0.0833333333333334 
NODATA_value -3.4e+38 
[rows 42 to 62 of 98, columns 0 to 46 of 92]
-3.4e+38 -3.4e+38 -3.4e+38 -3.4e+38 -3.4e+38 -3.4e+38 -3.4e+38 -3.4e+38 -3.4e+38 -3.4e+38 -3.4e+38 -3.4e+38 -3.4e+38 -3.4e+38 0.148296058177948 0.262381553649902 0.494240552186966 0.655294477939606 0.634979665279388 0.634036600589752 0.67188286781311 0.652406394481659 0.674797296524048 0.722618997097015 0.699483096599579 0.716242969036102 0.716790974140167 0.74619996547699 0.739963471889496 0.629682898521423 0.570578336715698 0.57104480266571 0.474762141704559 0.475125104188919 0.492365330457687 0.553379952907562 0.572331488132477 0.576659739017487 0.573458790779114 0.573171734809875 0.584413468837738 0.579036116600037 0.601268410682678 0.616898953914642 0.65048485994339 0.701285243034363 0.709019184112549
-3.4e+38 -3.4e+38 -3.4e+38 -3.4e+38 -3.4e+38 -3.4e+38 -3.4e+38 -3.4e+38 -3.4e+38 -3.4e+38 -3.4e+38 -3.4e+38 -3.4e+38 -3.4e+38 -3.4e+38 0.194206938147545 0.315390974283218 0.506459057331085 0.529235422611237 0.594240307807922 0.647369921207428 0.65355783700943 0.65856397151947 0.674807250499725 0.673187732696533 0.68640810251236 0.706198930740356 0.73830109834671 0.705428957939148 0.63360321521759 0.595802307128906 0.437918961048126 0.379233509302139 0.38520348072052 0.40070515871048 0.455591797828674 0.477909505367279 0.524954915046692 0.549946486949921 0.548255860805511 0.555348455905914 0.562167704105377 0.567994952201843 0.562746584415436 0.596510767936707 0.613349497318268 0.660826086997986
-3.4e+38 -3.4e+38 -3.4e+38 -3.4e+38 -3.4e+38 -3.4e+38 -3.4e+38 -3.4e+38 -3.4e+38 -3.4e+38 -3.4e+38 -3.4e+38 -3.4e+38 -3.4e+38 -3.4e+38 -3.4e+38 0.184493944048882 0.248999953269958 0.267339557409286 0.328870356082916 0.504832208156586 0.559015214443207 0.727644264698029 0.665106058120728 0.704808712005615 0.739891171455383 0.719642043113708 0.698131859302521 0.720388531684875 0.663335263729095 0.579209804534912 0.423964858055115 0.33868470788002 0.329186111688614 0.339725077152252 0.353758037090302 0.395772218704224 0.398961037397385 0.450874984264374 0.478533834218979 0.510779201984406 0.524866163730621 0.539042353630066 0.549362063407898 0.549854159355164 0.547401487827301 0.540967762470245
-3.4e+38 -3.4e+38 -3.4e+38 -3.4e+38 -3.4e+38 -3.4e+38 -3.4e+38 -3.4e+38 -3.4e+38 -3.4e+38 -3.4e+38 -3.4e+38 -3.4e+38 -3.4e+38 -3.4e+38 -3.4e+38 -3.4e+38 -3.4e+38 -3.4e+38 -3.4e+38 0.301606237888336 0.31450355052948 0.515448093414307 0.730902373790741 0.700660347938538 0.726810693740845 0.711162507534027 0.669824004173279 0.72639125585556 0.741642773151398 0.646419584751129 0.526394009590149 0.430976778268814 0.287767440080643 0.306409865617752 0.294215142726898 0.330874592065811 0.343754202127457 0.35878598690033 0.37376880645752 0.413523018360138 0.445482134819031 0.490099877119064 0.521537065505981 0.537012875080109 0.537091135978699 0.557057976722717
-3.4e+38 -3.4e+38 -3.4e+38 -3.4e+38 -3.4e+38 -3.4e+38 -3.4e+38 -3.4e+38 -3.4e+38 -3.4e+38 -3.4e+38 -3.4e+38 -3.4e+38 -3.4e+38 -3.4e+38 -3.4e+38 -3.4e+38 -3.4e+38 -3.4e+38 -3.4e+38 -3.4e+38 0.263661235570908 0.378230094909668 0.573760151863098 0.664368808269501 0.666917860507965 0.675797820091248 0.62426894903183 0.653450012207031 0.699231207370758 0.752573370933533 0.779854953289032 0.553303956985474 0.306078940629959 0.285512030124664 0.277994155883789 0.28686711192131 0.300681978464127 0.296927213668823 0.333109319210052 0.35182648897171 0.372629970312119 0.426416248083115 0.488796412944794 0.528654754161835 0.530440270900726 0.546332657337189
-3.4e+38 -3.4e+38 -3.4e+38 -3.4e+38 -3.4e+38 -3.4e+38 -3.4e+38 -3.4e+38 -3.4e+38 -3.4e+38 -3.4e+38 -3.4e+38 -3.4e+38 -3.4e+38 -3.4e+38 -3.4e+38 -3.4e+38 -3.4e+38 -3.4e+38 -3.4e+38 -3.4e+38 0.171098560094833 0.214313805103302 0.317388653755188 0.652356922626495 0.601938784122467 0.635222256183624 0.641106069087982 0.588409841060638 0.678200304508209 0.721201241016388 0.787479519844055 0.561112940311432 0.618553757667542 0.363182067871094 0.267338544130325 0.262130588293076 0.259844869375229 0.260214895009995 0.277191460132599 0.29380464553833 0.321976155042648 0.362981826066971 0.426858067512512 0.476825386285782 0.486594289541245 0.511422336101532
-3.4e+38 -3.4e+38 -3.4e+38 -3.4e+38 -3.4e+38 -3.4e+38 -3.4e+38 -3.4e+38 -3.4e+38 -3.4e+38 -3.4e+38 -3.4e+38 -3.4e+38 -3.4e+38 -3.4e+38 -3.4e+38 -3.4e+38 -3.4e+38 -3.4e+38 0.0632257610559464 0.0575155541300774 0.166606485843658 0.207186236977577 0.219742342829704 0.373576194047928 0.612364590167999 0.59557181596756 0.642857909202576 0.654730439186096 0.651774823665619 0.728653311729431 0.693726658821106 0.55128276348114 0.580666840076447 0.455321729183197 0.256991147994995 0.25547182559967 0.250145673751831 0.245989784598351 0.242761105298996 0.24886018037796 0.285312324762344 0.324805021286011 0.364214509725571 0.428304731845856 0.492820531129837 0.490312218666077
-3.4e+38 -3.4e+38 -3.4e+38 -3.4e+38 -3.4e+38 -3.4e+38 -3.4e+38 -3.4e+38 -3.4e+38 -3.4e+38 -3.4e+38 -3.4e+38 -3.4e+38 -3.4e+38 -3.4e+38 -3.4e+38 -3.4e+38 -3.4e+38 -3.4e+38 0.0514629259705544 0.082334853708744 0.17870931327343 0.331721186637878 0.614901304244995 0.507327556610107 0.497528374195099 0.623982608318329 0.604217529296875 0.691529154777527 0.625935912132263 0.700573980808258 0.761379539966583 0.707663893699646 0.640097856521606 0.612916648387909 0.585354447364807 0.494755178689957 0.280587464570999 0.242379382252693 0.23965685069561 0.237293928861618 0.245264068245888 0.285902172327042 0.32036629319191 0.380908161401749 0.414623022079468 0.479980140924454
-339999999999999996123846586046231871488.000000000000000 -3.4e+38 -3.4e+38 -3.4e+38 -3.4e+38 -3.4e+38 -3.4e+38 -3.4e+38 -3.4e+38 -3.4e+38 -3.4e+38 -3.4e+38 -3.4e+38 -3.4e+38 -3.4e+38 -3.4e+38 -3.4e+38 -3.4e+38 -3.4e+38 0.0702355653047562 0.238137781620026 0.341112494468689 0.299404352903366 0.564102828502655 0.585431456565857 0.61704009771347 0.575690150260925 0.591951787471771 0.678011000156403 0.599335849285126 0.616764783859253 0.718478977680206 0.767513394355774 0.773975789546967 0.677064478397369 0.750150144100189 0.659927546977997 0.428467452526093 0.217862173914909 0.221289604902267 0.222325369715691 0.221119672060013 0.244884803891182 0.279454678297043 0.314749211072922 0.379785001277924 0.446992844343185
-3.4e+38 -3.4e+38 -3.4e+38 -3.4e+38 -3.4e+38 -3.4e+38 -3.4e+38 -3.4e+38 -3.4e+38 -3.4e+38 -3.4e+38 -3.4e+38 -3.4e+38 -3.4e+38 -3.4e+38 -3.4e+38 -3.4e+38 -3.4e+38 -3.4e+38 -3.4e+38 0.151667848229408 0.50922417640686 0.556273341178894 0.561736106872559 0.556205332279205 0.570821762084961 0.64856481552124 0.582197070121765 0.518403351306915 0.565914690494537 0.59425413608551 0.633431851863861 0.750418722629547 0.767336070537567 0.713908433914185 0.671597838401794 0.763910174369812 0.586331307888031 0.338303476572037 0.210514098405838 0.188827902078629 0.187349751591682 0.214011132717133 0.232478454709053 0.272695749998093 0.28280171751976 0.335660994052887
-3.4e+38 -3.4e+38 -3.4e+38 -3.4e+38 -3.4e+38 -3.4e+38 -3.4e+38 -3.4e+38 -3.4e+38 -3.4e+38 -3.4e+38 -3.4e+38 -3.4e+38 -3.4e+38 -3.4e+38 -3.4e+38 -3.4e+38 -3.4e+38 -3.4e+38 -3.4e+38 0.0630006492137909 0.24236398935318 0.53044068813324 0.584934949874878 0.585927367210388 0.528328895568848 0.612759411334991 0.573098182678223 0.605728209018707 0.538646459579468 0.566200852394104 0.582668542861938 0.680593252182007 0.739043712615967 0.753201603889465 0.764101147651672 0.773614943027496 0.766989588737488 0.639023423194885 0.276209950447083 0.189237296581268 0.175131738185883 0.20433109998703 0.189840167760849 0.21932178735733 0.258114457130432 0.272462427616119
-3.4e+38 -3.4e+38 -3.4e+38 -3.4e+38 -3.4e+38 -3.4e+38 -3.4e+38 -3.4e+38 -3.4e+38 -3.4e+38 -3.4e+38 -3.4e+38 -3.4e+38 -3.4e+38 -3.4e+38 -3.4e+38 -3.4e+38 -3.4e+38 -3.4e+38 -3.4e+38 -3.4e+38 0.0981326401233673 0.353827357292175 0.551445543766022 0.51779317855835 0.551482260227203 0.607085466384888 0.592259466648102 0.546463012695312 0.585036635398865 0.61959308385849 0.569700181484222 0.60160493850708 0.700317025184631 0.732531487941742 0.735130369663239 0.726007759571075 0.527432322502136 0.395699054002762 0.242071926593781 0.154736131429672 0.140856117010117 0.131382673978806 0.163453668355942 0.174896866083145 0.226584360003471 0.235111147165298
-3.4e+38 -3.4e+38 -3.4e+38 -3.4e+38 -3.4e+38 -3.4e+38 -3.4e+38 -3.4e+38 -3.4e+38 -3.4e+38 -3.4e+38 -3.4e+38 -3.4e+38 -3.4e+38 -3.4e+38 -3.4e+38 -3.4e+38 -3.4e+38 -3.4e+38 -3.4e+38 -3.4e+38 -3.4e+38 0.117603078484535 0.394029945135117 0.53559684753418 0.539109706878662 0.538340210914612 0.576591193675995 0.588010311126709 0.5570969581604 0.569065749645233 0.589360058307648 0.542182981967926 0.605173230171204 0.721116065979004 0.730227649211884 0.711947441101074 0.569066405296326 0.336076527833939 0.182914927601814 0.137613862752914 0.100661113858223 0.0926481261849403 0.135008364915848 0.147883906960487 0.171257510781288 0.180393561720848
-3.4e+38 -3.4e+38 -3.4e+38 -3.4e+38 -3.4e+38 -3.4e+38 -3.4e+38 -3.4e+38 -3.4e+38 -3.4e+38 -3.4e+38 -3.4e+38 -3.4e+38 -3.4e+38 -3.4e+38 -3.4e+38 -3.4e+38 -3.4e+38 -3.4e+38 -3.4e+38 -3.4e+38 -3.4e+38 -3.4e+38 0.1399876922369 0.469769895076752 0.593730807304382 0.573653042316437 0.60790479183197 0.554803848266602 0.56642884016037 0.52178692817688 0.595261693000793 0.587069392204285 0.570322096347809 0.682070910930634 0.719244837760925 0.741922855377197 0.638098120689392 0.476323336362839 0.353466778993607 0.212828621268272 0.209936931729317 0.119832165539265 0.112594619393349 0.125928655266762 0.155996054410934 0.166120156645775
-3.4e+38 -3.4e+38 -3.4e+38 -3.4e+38 -3.4e+38 -3.4e+38 -3.4e+38 -3.4e+38 -3.4e+38 -3.4e+38 -3.4e+38 -3.4e+38 -3.4e+38 -3.4e+38 -3.4e+38 -3.4e+38 -3.4e+38 -3.4e+38 -3.4e+38 -3.4e+38 -3.4e+38 -3.4e+38 -3.4e+38 -3.4e+38 -3.4e+38 0.508992373943329 0.591797709465027 0.560456335544586 0.499801129102707 0.550681531429291 0.541421949863434 0.56400603055954 0.608988046646118 0.552882611751556 0.630237758159637 0.658718526363373 0.723076224327087 0.715178549289703 0.761595904827118 0.747628450393677 0.526075303554535 0.278892308473587 0.192637369036674 0.129885897040367 0.12578883767128 0.159530848264694 0.180789723992348
-3.4e+38 -3.4e+38 -3.4e+38 -3.4e+38 -3.4e+38 -3.4e+38 -3.4e+38 -3.4e+38 -3.4e+38 -3.4e+38 -3.4e+38 -3.4e+38 -3.4e+38 -3.4e+38 -3.4e+38 -3.4e+38 -3.4e+38 -3.4e+38 -3.4e+38 -3.4e+38 -3.4e+38 -3.4e+38 -3.4e+38 -3.4e+38 -3.4e+38 0.28967022895813 0.571341216564178 0.601794302463531 0.498229384422302 0.507426738739014 0.553143978118896 0.570753872394562 0.602798402309418 0.592669904232025 0.528206825256348 0.620326340198517 0.683237791061401 0.664312124252319 0.613844156265259 0.723462402820587 0.602628529071808 0.323181182146072 0.1928950548172 0.184481531381607 0.162993341684341 0.1829574406147 0.175375759601593
-3.4e+38 -3.4e+38 -3.4e+38 -3.4e+38 -3.4e+38 -3.4e+38 -3.4e+38 -3.4e+38 -3.4e+38 -3.4e+38 -3.4e+38 -3.4e+38 -3.4e+38 -3.4e+38 -3.4e+38 -3.4e+38 -3.4e+38 -3.4e+38 -3.4e+38 -3.4e+38 -3.4e+38 -3.4e+38 -3.4e+38 -3.4e+38 -3.4e+38 -3.4e+38 0.310814201831818 0.370214283466339 0.567833185195923 0.557716310024261 0.514602720737457 0.591031491756439 0.510211050510406 0.536721467971802 0.505496859550476 0.573074877262115 0.575637400150299 0.675052583217621 0.606889009475708 0.529709815979004 0.672631978988647 0.466703057289124 0.28202411532402 0.23756730556488 0.210854947566986 0.19562616944313 0.213144540786743
-3.4e+38 -3.4e+38 -3.4e+38 -3.4e+38 -3.4e+38 -3.4e+38 -3.4e+38 -3.4e+38 -3.4e+38 -3.4e+38 -3.4e+38 -3.4e+38 -3.4e+38 -3.4e+38 -3.4e+38 -3.4e+38 -3.4e+38 -3.4e+38 -3.4e+38 -3.4e+38 -3.4e+38 -3.4e+38 -3.4e+38 -3.4e+38 -3.4e+38 -3.4e+38 -3.4e+38 0.0408788397908211 0.222469285130501 0.58960747718811 0.572911083698273 0.5568807721138 0.526918947696686 0.540819585323334 0.466221392154694 0.435801029205322 0.52327972650528 0.604601800441742 0.631066143512726 0.593507766723633 0.682384192943573 0.548297107219696 0.399074852466583 0.324869513511658 0.291836649179459 0.248056203126907 0.217359825968742
-3.4e+38 -3.4e+38 -3.4e+38 -3.4e+38 -3.4e+38 -3.4e+38 -3.4e+38 -3.4e+38 -3.4e+38 -3.4e+38 -3.4e+38 -3.4e+38 -3.4e+38 -3.4e+38 -3.4e+38 -3.4e+38 -3.4e+38 -3.4e+38 -3.4e+38 -3.4e+38 -3.4e+38 -3.4e+38 -3.4e+38 -3.4e+38 -3.4e+38 -3.4e+38 -3.4e+38 -3.4e+38 0.0102770105004311 0.070544607937336 0.477985262870789 0.595572710037231 0.554381310939789 0.570607304573059 0.581369459629059 0.612561583518982 0.591358184814453 0.545014202594757 0.592173397541046 0.662187337875366 0.708735346794128 0.641199886798859 0.467604458332062 0.449032187461853 0.434737503528595 0.309128493070602 0.26492503285408
-3.4e+38 -3.4e+38 -3.4e+38 -3.4e+38 -3.4e+38 -3.4e+38 -3.4e+38 -3.4e+38 -3.4e+38 -3.4e+38 -3.4e+38 -3.4e+38 -3.4e+38 -3.4e+38 -3.4e+38 -3.4e+38 -3.4e+38 -3.4e+38 -3.4e+38 -3.4e+38 -3.4e+38 -3.4e+38 -3.4e+38 -3.4e+38 -3.4e+38 -3.4e+38 -3.4e+38 -3.4e+38 -3.4e+38 0.0311877019703388 0.0779894143342972 0.316345930099487 0.567476332187653 0.516024112701416 0.451212793588638 0.54452908039093 0.539588689804077 0.614878416061401 0.638063192367554 0.649294257164001 0.666868388652802 0.725996851921082 0.678382635116577 0.570354342460632 0.528260111808777 0.419391721487045 0.308169513940811
-3.4e+38 -3.4e+38 -3.4e+38 -3.4e+38 -3.4e+38 -3.4e+38 -3.4e+38 -3.4e+38 -3.4e+38 -3.4e+38 -3.4e+38 -3.4e+38 -3.4e+38 -3.4e+38 -3.4e+38 -3.4e+38 -3.4e+38 -3.4e+38 -3.4e+38 -3.4e+38 -3.4e+38 -3.4e+38 -3.4e+38 -3.4e+38 -3.4e+38 -3.4e+38 -3.4e+38 -3.4e+38 -3.4e+38 -3.4e+38 0.103019170463085 0.131996348500252 0.225128144025803 0.55981719493866 0.497950464487076 0.492959529161453 0.592298090457916 0.636832296848297 0.667574405670166 0.678842127323151 0.666180074214935 0.730731189250946 0.770372629165649 0.796682834625244 0.637235105037689 0.556117296218872 0.36109584569931
