data/climate_estimation/maxent_output/Calochortus_pringlei.asc
NCOLS 65 
NROWS 83 
XLLCORNER -102.666666666667 
YLLCORNER 17.1666666666667 
CELLSIZE 0.0833333333333334 
NODATA_value -3.4e+38 
[rows 0 to 19 of 83, columns 0 to 43 of 65]
0.135598421096802 0.214170679450035 0.137398883700371 0.0996340364217758 0.0895519107580185 0.0883332267403603 0.0869142413139343 0.147070795297623 0.114176712930202 0.104463219642639 0.0936275720596313 0.0977070108056068 0.0767436549067497 0.0508300922811031 0.0436959601938725 0.0331422202289104 0.0265889242291451 0.0226290915161371 0.0207694955170155 0.0201313812285662 0.0160994604229927 0.0190061517059803 0.0224910378456116 0.0530200302600861 0.0535897798836231 0.0512413904070854 0.0440728478133678 0.0364208780229092 0.0495150946080685 0.0477697551250458 0.035320308059454 0.0648951977491379 0.0976744741201401 0.0780986025929451 0.0639738067984581 0.171584010124207 0.114434212446213 0.0603527687489986 0.0399189926683903 0.0132518485188484 0.00369576900266111 0.00335998088121414 0.00574526144191623 0.00503883790224791
0.255741864442825 0.181924179196358 0.15567272901535 0.124525062739849 0.116188511252403 0.1324393004179 0.137095376849174 0.147248029708862 0.121547296643257 0.118531495332718 0.124356471002102 0.102596864104271 0.0859635323286057 0.0545895248651505 0.0473191104829311 0.0365176126360893 0.0280523281544447 0.0264446958899498 0.023242000490427 0.0194099042564631 0.0183503050357103 0.0206617806106806 0.0259107351303101 0.0291884783655405 0.0507029294967651 0.0536821410059929 0.0440400913357735 0.0370033644139767 0.0735986083745956 0.0806926488876343 0.0597242452204227 0.0549620687961578 0.137756869196892 0.157061278820038 0.108950927853584 0.237156897783279 0.287302374839783 0.216321647167206 0.123519048094749 0.0167954470962286 0.00424550427123904 0.00338689354248345 0.0031286901794374 0.00529546197503805
0.221207216382027 0.159854248166084 0.104497514665127 0.0856748148798943 0.08772112429142 0.121906340122223 0.127001658082008 0.128603577613831 0.121384561061859 0.13252817094326 0.132406875491142 0.126754358410835 0.0912153422832489 0.0624568723142147 0.057159598916769 0.042777556926012 0.0353812500834465 0.0296176634728909 0.0253358520567417 0.0223339349031448 0.0160420574247837 0.0210763178765774 0.0550682656466961 0.0453811138868332 0.0453679487109184 0.056738693267107 0.047398280352354 0.0508488826453686 0.0756685808300972 0.0739918202161789 0.0765884891152382 0.0559458285570145 0.118798524141312 0.164259150624275 0.195870876312256 0.20289634168148 0.232607170939445 0.218141242861748 0.224647045135498 0.0725419521331787 0.00841540843248367 0.00379391643218696 0.00300361984409392 0.0031777024269104
0.147809356451035 0.113888323307037 0.0803006812930107 0.0790088102221489 0.0856527760624886 0.106419436633587 0.142974659800529 0.128765612840652 0.136120364069939 0.112740144133568 0.11934345215559 0.118532866239548 0.0900562629103661 0.041835505515337 0.0391692519187927 0.0453020073473454 0.0343445725739002 0.0334339812397957 0.0308637656271458 0.0213673189282417 0.0196775607764721 0.0311882644891739 0.070985347032547 0.063096284866333 0.0494305305182934 0.0488808825612068 0.046922005712986 0.0630332306027412 0.0634907707571983 0.0877101272344589 0.0756595283746719 0.0495143942534924 0.0691725760698318 0.148071348667145 0.176827073097229 0.207928210496902 0.176419138908386 0.14008367061615 0.0764402151107788 0.0958074405789375 0.0187296718358994 0.00792661309242249 0.00349099328741431 0.00299743516370654
0.119367048144341 0.110515266656876 0.0793936476111412 0.070531040430069 0.105593658983707 0.114684782922268 0.140140950679779 0.121165752410889 0.133951619267464 0.0816963687539101 0.0595581866800785 0.0688095465302467 0.0159643534570932 0.0123543478548527 0.0110594984143972 0.0450751818716526 0.0380781926214695 0.0382636412978172 0.0280225407332182 0.0195395927876234 0.0255223736166954 0.0623677335679531 0.0438802428543568 0.048355508595705 0.0397512875497341 0.0407629534602165 0.0464506223797798 0.0563619248569012 0.0608249306678772 0.064923457801342 0.0737076625227928 0.0508101582527161 0.0463641695678234 0.103743195533752 0.183575004339218 0.192532151937485 0.134726658463478 0.151529461145401 0.0417647697031498 0.0618040971457958 0.0746716558933258 0.0134156625717878 0.00440393947064877 0.00369963748380542
0.1258335262537 0.103536307811737 0.0942784622311592 0.0848231017589569 0.116145454347134 0.11727649718523 0.112181320786476 0.133516028523445 0.132670193910599 0.123449742794037 0.0756847783923149 0.0705203786492348 0.0148520171642303 0.0119995335116982 0.0118741579353809 0.033585250377655 0.0464146286249161 0.034722201526165 0.0256233718246222 0.0238357931375504 0.0275997798889875 0.0685691758990288 0.0514494515955448 0.0477601811289787 0.0336304791271687 0.0360293164849281 0.0525219067931175 0.046430692076683 0.0596041902899742 0.0577773675322533 0.0787530392408371 0.0645558908581734 0.0402872525155544 0.0600224956870079 0.150182217359543 0.170224845409393 0.133617132902145 0.113532721996307 0.0505915507674217 0.0140279941260815 0.0277070999145508 0.0278072822839022 0.00832949113100767 0.00449014734476805
0.137922838330269 0.100518196821213 0.0628525763750076 0.0559076219797134 0.0969628840684891 0.116296626627445 0.113364920020103 0.127339124679565 0.127946928143501 0.132885083556175 0.125174671411514 0.103404827415943 0.0582860000431538 0.0138565357774496 0.0112444655969739 0.0103479437530041 0.0330342315137386 0.0626303628087044 0.0289253387600183 0.0213781967759132 0.0256039779633284 0.0728200972080231 0.0362137295305729 0.0345404036343098 0.0228509791195393 0.0316540561616421 0.047927625477314 0.0447620004415512 0.0406020432710648 0.0462594330310822 0.087534487247467 0.0613176822662354 0.0433687120676041 0.0555272586643696 0.073165662586689 0.0915965810418129 0.087452121078968 0.104825735092163 0.0482435673475266 0.0253336317837238 0.0259763468056917 0.0844184309244156 0.0258959047496319 0.0092425774782896
0.0982693955302238 0.0823067128658295 0.0648803040385246 0.0647240355610847 0.0692130327224731 0.112065263092518 0.12202376127243 0.130890443921089 0.126510888338089 0.14237368106842 0.133386209607124 0.124875843524933 0.0959449335932732 0.0515409559011459 0.0116951623931527 0.0145434914156795 0.0126152019947767 0.0759578943252563 0.0602715350687504 0.0216459482908249 0.027908219024539 0.0530765429139137 0.020748334005475 0.0293145701289177 0.0196713041514158 0.0362393297255039 0.0660450458526611 0.0471510179340839 0.0343870036303997 0.0347652845084667 0.0517804361879826 0.0683395266532898 0.0481929555535316 0.078088603913784 0.0895073637366295 0.0805421024560928 0.0935645923018456 0.0754619985818863 0.0483536086976528 0.024767592549324 0.0136055368930101 0.0297765862196684 0.0192382223904133 0.0102974930778146
0.105311162769794 0.0237743109464645 0.0218830741941929 0.0614232756197453 0.108375065028667 0.110014900565147 0.113169252872467 0.137942492961884 0.149677455425262 0.135101720690727 0.146349623799324 0.129516646265984 0.118054814636707 0.0165357850492001 0.0130357146263123 0.0146061582490802 0.014925948344171 0.0324976556003094 0.0490390919148922 0.0519676245748997 0.0193011555820704 0.0193085987120867 0.0141139896586537 0.0268409047275782 0.0199132598936558 0.0239493045955896 0.080559253692627 0.0468542464077473 0.058731310069561 0.028460618108511 0.0315974690020084 0.0564843863248825 0.061675202101469 0.052822545170784 0.0820186287164688 0.0716468617320061 0.101808182895184 0.0793189331889153 0.0554225668311119 0.0331889726221561 0.105363085865974 0.0275458097457886 0.00875017140060663 0.00874348264187574
0.0349818840622902 0.00521020451560616 0.023455498740077 0.141940280795097 0.131973117589951 0.123389974236488 0.133062526583672 0.129359319806099 0.145485252141953 0.155642092227936 0.183737203478813 0.150448858737946 0.146389454603195 0.0206523239612579 0.0154090328142047 0.0159255564212799 0.0124311707913876 0.0345183424651623 0.0811508297920227 0.0394309386610985 0.0219487901777029 0.0187709257006645 0.0159488581120968 0.0135573176667094 0.0176294129341841 0.0178062040358782 0.0450286641716957 0.0440479032695293 0.047240037471056 0.0214418787509203 0.0235541649162769 0.0455685816705227 0.0666799917817116 0.0476242303848267 0.0526657104492188 0.0697845444083214 0.100720569491386 0.0840997323393822 0.0785374417901039 0.0860409811139107 0.174854710698128 0.0498728305101395 0.0157134849578142 0.0114519642665982
0.0374430865049362 0.00668031955137849 0.0299792271107435 0.161971509456635 0.143106669187546 0.13877160847187 0.140392541885376 0.169065743684769 0.157937571406364 0.183915659785271 0.190816402435303 0.157119646668434 0.150350853800774 0.0706299766898155 0.0143768256530166 0.0142906783148646 0.0102764302864671 0.0421159118413925 0.0565855763852596 0.0338707529008389 0.0483741834759712 0.0289544649422169 0.0213106032460928 0.0165177825838327 0.020911805331707 0.0216582678258419 0.0237719062715769 0.0356375128030777 0.0339350551366806 0.0192354395985603 0.0297497510910034 0.0378486588597298 0.0750877410173416 0.0560726299881935 0.0458271875977516 0.0727923437952995 0.099969707429409 0.0991902947425842 0.124128796160221 0.151332810521126 0.194153919816017 0.0741510912775993 0.0197122897952795 0.0141566218808293
0.0416525937616825 0.0422896109521389 0.0391337648034096 0.132765144109726 0.180175021290779 0.180727183818817 0.175267770886421 0.187285572290421 0.170166373252869 0.194147348403931 0.125378653407097 0.0269091315567493 0.0896658524870872 0.0777543783187866 0.0156405791640282 0.00255071604624391 0.0141331637278199 0.0100755011662841 0.0415786355733871 0.0264754239469767 0.0481678545475006 0.0431602485477924 0.0325919799506664 0.021860970184207 0.0304176080971956 0.0277885720133781 0.0245566945523024 0.0497751720249653 0.0425583720207214 0.0227237846702337 0.0266046579927206 0.0468829721212387 0.0749256610870361 0.0587084479629993 0.0375423729419708 0.078297533094883 0.0972653180360794 0.117467917501926 0.104867674410343 0.0843572318553925 0.1883534938097 0.115797325968742 0.0160795412957668 0.0192513335496187
0.171546101570129 0.0637981295585632 0.158574625849724 0.140516057610512 0.221295550465584 0.196506276726723 0.188055530190468 0.206351429224014 0.212296470999718 0.189914181828499 0.0303268283605576 0.0252516511827707 0.0291283745318651 0.10403398424387 0.0197082664817572 0.0166806485503912 0.0169558916240931 0.0569246932864189 0.040092196315527 0.0641057193279266 0.0402911305427551 0.0334967337548733 0.0358126237988472 0.0385764501988888 0.0391021370887756 0.0296302139759064 0.0272652842104435 0.0378023087978363 0.0479397028684616 0.0323570445179939 0.0280679017305374 0.0348732583224773 0.0599218606948853 0.0633368119597435 0.0459369830787182 0.0839436873793602 0.118089869618416 0.115986242890358 0.0747653841972351 0.0891298800706863 0.19400355219841 0.0998939350247383 0.01963403634727 0.0171956270933151
0.356402426958084 0.24371962249279 0.199040159583092 0.169430956244469 0.236480757594109 0.206530869007111 0.195445388555527 0.227087989449501 0.190375670790672 0.212854847311974 0.117124527692795 0.0256439186632633 0.0877495184540749 0.0800458565354347 0.0689917877316475 0.0600376203656197 0.0559947639703751 0.0729298964142799 0.0547334291040897 0.0846871510148048 0.0832381621003151 0.0777967572212219 0.0412014238536358 0.0356435887515545 0.019635982811451 0.0377540662884712 0.050351295620203 0.0516493543982506 0.0449422560632229 0.0315518826246262 0.0244318321347237 0.0265922788530588 0.0435037203133106 0.0544292777776718 0.0446732304990292 0.059333298355341 0.104989908635616 0.11674202978611 0.0619397647678852 0.0662502944469452 0.0834743902087212 0.0465322695672512 0.0177801214158535 0.0184407494962215
0.314959496259689 0.309132963418961 0.249144941568375 0.179656073451042 0.231623187661171 0.23630665242672 0.207381695508957 0.190518289804459 0.191880971193314 0.179415985941887 0.140957802534103 0.14781554043293 0.144963830709457 0.129408299922943 0.0901696607470512 0.0737796425819397 0.107312589883804 0.0931525975465775 0.0759882926940918 0.125772416591644 0.12883834540844 0.113170869648457 0.0595010183751583 0.0476405657827854 0.036092072725296 0.0177925936877728 0.0446374006569386 0.0582505315542221 0.0394641049206257 0.0296572148799896 0.0224153362214565 0.0270689185708761 0.0378710851073265 0.0430708639323711 0.0412319414317608 0.0453866869211197 0.116985872387886 0.0907397866249084 0.0244774837046862 0.0468352437019348 0.0532621406018734 0.0310999024659395 0.0255066230893135 0.0251048281788826
0.341945677995682 0.102247588336468 0.0783111453056335 0.196280717849731 0.24812439084053 0.258272409439087 0.247487992048264 0.181144282221794 0.15647691488266 0.167374685406685 0.166530981659889 0.143742024898529 0.136147633194923 0.14241336286068 0.147886529564857 0.14230814576149 0.142650663852692 0.149598598480225 0.252133786678314 0.194619476795197 0.166790977120399 0.147584691643715 0.142462760210037 0.0742641016840935 0.0648964494466782 0.034181009978056 0.0208532810211182 0.126057386398315 0.0275456048548222 0.0348078608512878 0.0254358947277069 0.0268854703754187 0.0295801553875208 0.0333652012050152 0.0398187823593616 0.0489882081747055 0.0732194781303406 0.074147529900074 0.0260246191173792 0.0264386963099241 0.0293756071478128 0.0375725254416466 0.0313264019787312 0.0282484851777554
0.314107209444046 0.330825626850128 0.0823136866092682 0.305664241313934 0.267302453517914 0.274325907230377 0.273168921470642 0.224647432565689 0.188611000776291 0.177876591682434 0.158962741494179 0.12946292757988 0.122012987732887 0.1530432254076 0.151623025536537 0.164805218577385 0.183429509401321 0.19948336482048 0.208326116204262 0.277781873941422 0.234661161899567 0.185919210314751 0.167442917823792 0.158570006489754 0.0583142675459385 0.0369471088051796 0.05697251111269 0.139609128236771 0.0984535440802574 0.0444787293672562 0.0294739808887243 0.0289364084601402 0.0298158135265112 0.0348172895610332 0.0429984480142593 0.0553477220237255 0.131320670247078 0.107586942613125 0.0383583940565586 0.0234268847852945 0.0229633506387472 0.0259054973721504 0.0206642355769873 0.0196415744721889
0.297397196292877 0.345367729663849 0.384476274251938 0.344267159700394 0.315570414066315 0.311808884143829 0.273531377315521 0.248430952429771 0.262165606021881 0.194345086812973 0.153411284089088 0.148181736469269 0.143411934375763 0.136803612112999 0.177170738577843 0.185222059488297 0.187601625919342 0.193182706832886 0.256053268909454 0.362022221088409 0.262601763010025 0.219639509916306 0.191201597452164 0.159862548112869 0.109633550047874 0.0416228622198105 0.0685371309518814 0.0537027567625046 0.0253101605921984 0.0454968549311161 0.0304632838815451 0.0338583551347256 0.0365797616541386 0.0343633033335209 0.0429593175649643 0.0758822336792946 0.174914672970772 0.0828838124871254 0.0636283308267593 0.0222440417855978 0.020088067278266 0.02599161490798 0.0184500180184841 0.0215131007134914
0.426821649074554 0.464642405509949 0.433278322219849 0.361175507307053 0.330825597047806 0.341530114412308 0.298915028572083 0.293756604194641 0.28655070066452 0.270963340997696 0.165150389075279 0.205410525202751 0.208556488156319 0.180831208825111 0.180578544735909 0.174958571791649 0.191929385066032 0.208913877606392 0.242093428969383 0.337984979152679 0.265323638916016 0.251380890607834 0.277580916881561 0.177630454301834 0.144840687513351 0.118270188570023 0.0616019293665886 0.0313397943973541 0.0397089011967182 0.0461350120604038 0.0487764179706573 0.0357728153467178 0.0422719344496727 0.0433965362608433 0.0508208349347115 0.0795871764421463 0.128694757819176 0.11260924488306 0.0534820854663849 0.0265159774571657 0.0178095754235983 0.0195790641009808 0.0238482728600502 0.0246952772140503
0.468696624040604 0.467424303293228 0.372198104858398 0.370268017053604 0.41960346698761 0.385950177907944 0.379953354597092 0.342995792627335 0.329515010118484 0.368075430393219 0.291131645441055 0.273339360952377 0.266321212053299 0.226956367492676 0.204483598470688 0.195934981107712 0.225487887859344 0.228998929262161 0.20512980222702 0.375487059354782 0.3157559633255 0.32953280210495 0.35009291768074 0.232159927487373 0.180533304810524 0.174367263913155 0.159158527851105 0.0566730797290802 0.0629147663712502 0.0497330278158188 0.047547210007906 0.0438130088150501 0.054165031760931 0.0459089055657387 0.0573102608323097 0.102381199598312 0.136697992682457 0.110580265522003 0.106955215334892 0.06008530408144 0.0213762000203133 0.0235199462622404 0.0242997333407402 0.0259470120072365
