data/climate_estimation/maxent_output/Calochortus_fuscus.asc
NCOLS 166 
NROWS 115 
XLLCORNER -107.916666666667 
YLLCORNER 17.8333333333333 
CELLSIZE 0.0833333333333333 
NODATA_value -3.4e+38 
[rows 0 to 21 of 115, columns 0 to 48 of 166]
0.214139908552170 0.181903257966042 0.187660470604897 0.154721915721893 0.205029293894768 0.206532999873161 0.175191044807434 0.174349501729012 0.193393737077713 0.219920799136162 0.224784046411514 0.329422920942307 0.382678687572479 0.362717300653458 0.380284607410431 0.41714683175087 0.40076270699501 0.303095579147339 0.216944366693497 0.181698739528656 0.210482954978943 0.204456746578217 0.223806157708168 0.228414043784142 0.225130796432495 0.21852220594883 0.098757341504097 0.0912605673074722 0.0747355371713638 0.147711932659149 0.0577528513967991 0.04703638702631 0.0389078073203564 0.0334722734987736 0.0372533351182938 0.0698157995939255 0.0524804815649986 0.0688110738992691 0.078062042593956 0.0539127737283707 0.0611393861472607 0.060546875 0.0736794099211693 0.0502594970166683 0.0588275194168091 0.0805633217096329 0.0600138790905476 0.0448060967028141 0.0455732867121696
0.0991915091872215 0.146514922380447 0.270677953958511 0.196826577186584 0.18826924264431 0.199933975934982 0.17825348675251 0.237357452511787 0.232290387153625 0.286059617996216 0.255335777997971 0.319863319396973 0.42116767168045 0.362280875444412 0.401218056678772 0.413884788751602 0.439438164234161 0.314481973648071 0.231485471129417 0.188751637935638 0.221804171800613 0.228901088237762 0.227053672075272 0.227450653910637 0.234085708856583 0.243019357323647 0.104448243975639 0.0912511572241783 0.0809625759720802 0.0690579637885094 0.0617500059306622 0.053351417183876 0.0424288883805275 0.0388521067798138 0.03620495647192 0.0332726575434208 0.0576849468052387 0.0673559680581093 0.0712680444121361 0.0649728998541832 0.0718245580792427 0.0623640231788158 0.0588955543935299 0.0544343255460262 0.0677557289600372 0.105807587504387 0.135118514299393 0.0613460503518581 0.044799417257309
0.0121407881379128 0.0625590831041336 0.229806631803513 0.286738574504852 0.25421205163002 0.234357446432114 0.222025230526924 0.228370383381844 0.237863659858704 0.246100202202797 0.245972454547882 0.284545242786407 0.316829293966293 0.412861824035645 0.431700050830841 0.461251825094223 0.418544888496399 0.321009695529938 0.220467239618301 0.224701881408691 0.25222173333168 0.317466855049133 0.270838797092438 0.24896003305912 0.239402770996094 0.251340925693512 0.230351120233536 0.0952656269073486 0.0822733119130135 0.069325789809227 0.067678838968277 0.05805579200387 0.0504576191306114 0.0431928224861622 0.0372190959751606 0.0291472896933556 0.0579257346689701 0.0530632138252258 0.0795895159244537 0.0638729110360146 0.0690407902002335 0.0541589148342609 0.0569655187427998 0.0735221952199936 0.0960039719939232 0.0914562866091728 0.105057463049889 0.0702457875013351 0.0567545667290688
0.0240219458937645 0.0736345052719116 0.206269651651382 0.302511006593704 0.317158490419388 0.264794021844864 0.264060437679291 0.227810278534889 0.226546987891197 0.207557946443558 0.271673709154129 0.285300970077515 0.334348350763321 0.333756148815155 0.361572027206421 0.449827045202255 0.435196220874786 0.342366486787796 0.2335055321455 0.221528977155685 0.255747318267822 0.348203778266907 0.364708185195923 0.254993289709091 0.258538216352463 0.273096323013306 0.255100011825562 0.222359284758568 0.095332644879818 0.0798239856958389 0.0671285539865494 0.059207908809185 0.0566459745168686 0.0473568737506866 0.0410107597708702 0.0345675759017467 0.0587591230869293 0.0530404709279537 0.062602698802948 0.0689924508333206 0.0688031166791916 0.0576145276427269 0.0578605532646179 0.0752985626459122 0.110513679683208 0.0899483188986778 0.0763376653194427 0.0717275217175484 0.0648919492959976
0.0260760206729174 0.189567387104034 0.242381036281586 0.30588561296463 0.345122277736664 0.320280730724335 0.298253506422043 0.268648147583008 0.24756720662117 0.234981030225754 0.282640814781189 0.301344335079193 0.348731905221939 0.3533975481987 0.357257038354874 0.470376521348953 0.463047415018082 0.367089718580246 0.253766864538193 0.240530833601952 0.294409334659576 0.306613057851791 0.382573574781418 0.313885122537613 0.3518947660923 0.350379765033722 0.272023171186447 0.102556794881821 0.0945851504802704 0.0808955505490303 0.0693627744913101 0.0634240955114365 0.0573030635714531 0.0506017729640007 0.0466437004506588 0.0387039594352245 0.0288113094866276 0.0577543303370476 0.058217216283083 0.0710034817457199 0.0837774500250816 0.0680004209280014 0.0528365336358547 0.0658495649695396 0.0988904982805252 0.069925457239151 0.0703904330730438 0.0858537554740906 0.08404491096735
0.0181465987116098 0.0323946699500084 0.022109754383564 0.0407884977757931 0.178204238414764 0.355492174625397 0.324336051940918 0.30881080031395 0.295448929071426 0.289587736129761 0.288273483514786 0.327963769435883 0.340009987354279 0.375901013612747 0.349932849407196 0.413459926843643 0.488168090581894 0.378472357988358 0.28043258190155 0.300461769104004 0.341937512159348 0.409373313188553 0.413960158824921 0.397267073392868 0.347989618778229 0.368726789951324 0.132223919034004 0.118715584278107 0.106923848390579 0.084419958293438 0.0745299160480499 0.0643142685294151 0.0575645230710506 0.0512872561812401 0.0491945743560791 0.0446384884417057 0.0383139215409756 0.0278809498995543 0.0645127817988396 0.0671678707003593 0.0597824677824974 0.0648303553462029 0.051482580602169 0.0559023134410381 0.067565031349659 0.0757876709103584 0.0714614242315292 0.088112972676754 0.0827374532818794
0.0155676258727908 0.0196984447538853 0.0177381802350283 0.0505598448216915 0.175471916794777 0.348294585943222 0.360715597867966 0.342455387115479 0.340810507535934 0.326075673103333 0.346168220043182 0.35839906334877 0.345168828964233 0.37311840057373 0.362812250852585 0.385788232088089 0.352050393819809 0.214142516255379 0.341616690158844 0.318993210792542 0.392645359039307 0.438902497291565 0.439691662788391 0.442084342241287 0.390574783086777 0.333229452371597 0.13141456246376 0.123231485486031 0.0986034348607063 0.0914393812417984 0.0772743374109268 0.06215950101614 0.0553724244236946 0.0442174188792706 0.0444614067673683 0.0441242381930351 0.0417212843894958 0.0371508151292801 0.0307533331215382 0.0626400783658028 0.062695749104023 0.0513654984533787 0.0577462166547775 0.0521593391895294 0.0656358599662781 0.0618631094694138 0.0731048658490181 0.100296765565872 0.0875587835907936
0.0420863628387451 0.0234343651682138 0.0175714902579784 0.0291757546365261 0.0702769458293915 0.302301943302155 0.374515920877457 0.401032119989395 0.368442684412003 0.351140797138214 0.358207881450653 0.371416121721268 0.410069435834885 0.388962775468826 0.4062839448452 0.394189924001694 0.347660809755325 0.317430406808853 0.372822791337967 0.325134992599487 0.476526975631714 0.443842023611069 0.471382200717926 0.456055283546448 0.432692050933838 0.386472761631012 0.311639398336411 0.119640491902828 0.101553216576576 0.0886284559965134 0.0775276347994804 0.157625079154968 0.133855044841766 0.112244263291359 0.0611885599792004 0.0478870384395123 0.0397121161222458 0.0353244692087173 0.0287938006222248 0.0671738907694817 0.0710971355438232 0.0527057126164436 0.0500407293438911 0.053333692252636 0.0512793771922588 0.0654267519712448 0.0647384077310562 0.0791896283626556 0.0834775790572166
0.0661517009139061 0.213839486241341 0.0543570555746555 0.0376919060945511 0.0853483155369759 0.0609381981194019 0.0922987759113312 0.322096437215805 0.429931402206421 0.379634261131287 0.334121853113174 0.382866978645325 0.385503739118576 0.406652003526688 0.429085582494736 0.431866347789764 0.470809727907181 0.379898369312286 0.517761945724487 0.445503294467926 0.376534521579742 0.455492466688156 0.486630499362946 0.424231350421906 0.438868671655655 0.415712893009186 0.360645622014999 0.278397232294083 0.103834196925163 0.0922601968050003 0.0827539265155792 0.0720696747303009 0.155678898096085 0.114491254091263 0.0631097927689552 0.0617943182587624 0.045153521001339 0.0375238209962845 0.0429548621177673 0.0359727367758751 0.0766827911138535 0.0650851204991341 0.0509236939251423 0.0479233674705029 0.0535536035895348 0.0671153143048286 0.0680558606982231 0.0618812292814255 0.079411655664444
0.29250031709671 0.423403888940811 0.0600526109337807 0.0381290204823017 0.231852784752846 0.327450305223465 0.113169103860855 0.172951355576515 0.193864017724991 0.189593195915222 0.359215050935745 0.289622664451599 0.301639258861542 0.380465447902679 0.419747680425644 0.451343238353729 0.455352813005447 0.484921306371689 0.570953130722046 0.50648033618927 0.419271945953369 0.4919473528862 0.485883980989456 0.431692659854889 0.394820690155029 0.394385665655136 0.381291538476944 0.13219977915287 0.111882738769054 0.0987043902277946 0.092776894569397 0.0829479098320007 0.0662727877497673 0.065303698182106 0.0664588585495949 0.0653522163629532 0.0542361214756966 0.0417872071266174 0.0445157028734684 0.061337236315012 0.133696988224983 0.0609107874333858 0.0451454259455204 0.0439631640911102 0.0446657165884972 0.0564644262194633 0.0695325806736946 0.0680719539523125 0.0640427991747856
0.187909409403801 0.4280945956707 0.379474401473999 0.120659418404102 0.0839588493108749 0.339002728462219 0.291116893291473 0.393182069063187 0.247094541788101 0.27323916554451 0.43897345662117 0.392542213201523 0.233110889792442 0.305419236421585 0.429955124855042 0.451065391302109 0.453379660844803 0.503862202167511 0.485052555799484 0.549109637737274 0.514095544815063 0.497963339090347 0.497382760047913 0.474124580621719 0.44472873210907 0.367550522089005 0.143355488777161 0.132768794894218 0.117031931877136 0.119447164237499 0.113846905529499 0.0824290439486504 0.0883098021149635 0.0866223201155663 0.0751235857605934 0.0730078741908073 0.0614290200173855 0.0488408133387566 0.0513267666101456 0.075458899140358 0.163468450307846 0.13390326499939 0.125648647546768 0.0546271912753582 0.0542125664651394 0.0417469888925552 0.0579243041574955 0.0574583634734154 0.0530705042183399
0.245918944478035 0.188157945871353 0.118557624518871 0.298941403627396 0.0870219841599464 0.135725393891335 0.40082511305809 0.348523825407028 0.319282948970795 0.196487665176392 0.413815081119537 0.43084979057312 0.340248912572861 0.274655312299728 0.431754648685455 0.479074269533157 0.448700666427612 0.378671884536743 0.402839630842209 0.552813947200775 0.521227538585663 0.429610282182693 0.417049884796143 0.451197564601898 0.470822066068649 0.433161199092865 0.151458114385605 0.130160287022591 0.118277437984943 0.128115206956863 0.122049599885941 0.112939618527889 0.116633914411068 0.11196756362915 0.0167600382119417 0.0213964395225048 0.104222297668457 0.0862278938293457 0.0855128243565559 0.0937617346644402 0.161002531647682 0.203804284334183 0.148100227117538 0.0763434022665024 0.0478598102927208 0.0452958010137081 0.0541595704853535 0.0462541021406651 0.0541958771646023
0.132590249180794 0.0980529189109802 0.0567082464694977 0.296123772859573 0.216842487454414 0.104247584939003 0.275098830461502 0.307200878858566 0.36140701174736 0.229834333062172 0.307768136262894 0.45149689912796 0.433590680360794 0.3101427257061 0.431008458137512 0.50080281496048 0.477170199155807 0.374682486057281 0.43214625120163 0.463338494300842 0.47758424282074 0.443354815244675 0.369656711816788 0.453196257352829 0.47257798910141 0.455353319644928 0.155285149812698 0.146175101399422 0.155955329537392 0.134865954518318 0.123480245471001 0.122945681214333 0.0228577461093664 0.0240280963480473 0.0212513040751219 0.0262831412255764 0.0215716809034348 0.101509973406792 0.0982563123106956 0.0875062122941017 0.224441394209862 0.220856681466103 0.177849933505058 0.150354698300362 0.153437063097954 0.0537771992385387 0.0490267910063267 0.0429185442626476 0.048191599547863
0.102400600910187 0.0432028099894524 0.052215464413166 0.113001950085163 0.250915020704269 0.115893423557281 0.112226441502571 0.296384334564209 0.25672921538353 0.33992126584053 0.265602618455887 0.349699109792709 0.468559116125107 0.408618122339249 0.482197821140289 0.422684758901596 0.40943118929863 0.380292057991028 0.321455955505371 0.430766642093658 0.436235219240189 0.490158885717392 0.467474937438965 0.479771107435226 0.495006322860718 0.456406027078629 0.0289313346147537 0.0262258648872375 0.19731393456459 0.177087143063545 0.0254088379442692 0.0320622809231281 0.0291637759655714 0.0287355836480856 0.0277857389301062 0.0348131395876408 0.0283345580101013 0.121829591691494 0.107500612735748 0.245368286967278 0.263315290212631 0.239062413573265 0.212686523795128 0.215970456600189 0.0826420336961746 0.120821669697762 0.0587194375693798 0.057300828397274 0.0465854778885841
0.0873279944062233 0.0524432398378849 0.0369354300200939 0.0648748949170113 0.163738623261452 0.282369613647461 0.082003153860569 0.101765088737011 0.248088493943214 0.309686481952667 0.30795493721962 0.305654555559158 0.388357996940613 0.451272636651993 0.47112300992012 0.431322306394577 0.371867686510086 0.332509577274323 0.266819775104523 0.268924444913864 0.330069214105606 0.347903430461884 0.416574984788895 0.414451658725739 0.531413912773132 0.505284786224365 0.16779825091362 0.0264047011733055 0.186053588986397 0.207699492573738 0.0309621896594763 0.196671515703201 0.207266673445702 0.0327774360775948 0.0286591872572899 0.0222039557993412 0.0320454947650433 0.025976063683629 0.133789628744125 0.282102704048157 0.271852761507034 0.22449354827404 0.224833071231842 0.217587023973465 0.202655598521233 0.0838709101080894 0.0665535032749176 0.0633014217019081 0.0440306290984154
0.0469286777079105 0.0494160950183868 0.054483026266098 0.0454310551285744 0.0559038333594799 0.115911513566971 0.173350498080254 0.0584240294992924 0.0924200415611267 0.144932180643082 0.406273752450943 0.400423377752304 0.43290987610817 0.431357085704803 0.413794040679932 0.446214824914932 0.347186237573624 0.259300738573074 0.248606100678444 0.225432798266411 0.243721067905426 0.325687557458878 0.414211839437485 0.442185968160629 0.537058115005493 0.510667204856873 0.195766553282738 0.030247213318944 0.030549667775631 0.19291940331459 0.196450859308243 0.198458552360535 0.220672026276588 0.222854495048523 0.0320547968149185 0.0241120122373104 0.130752459168434 0.101072058081627 0.0735809057950974 0.304178565740585 0.252792865037918 0.229888841509819 0.14312481880188 0.133305341005325 0.128728196024895 0.0955148264765739 0.0837088599801064 0.0684126615524292 0.0606987364590168
0.0373962968587875 0.0573973283171654 0.102495811879635 0.0628326535224915 0.0436920262873173 0.0519747473299503 0.0744401514530182 0.0918118506669998 0.0386451967060566 0.193016052246094 0.374663949012756 0.403214305639267 0.414168924093246 0.411267042160034 0.396613955497742 0.373294442892075 0.312425225973129 0.249781608581543 0.21711029112339 0.222323507070541 0.229349136352539 0.282210052013397 0.306469738483429 0.433596909046173 0.561895132064819 0.562218487262726 0.561448276042938 0.204616010189056 0.0272125974297523 0.164664179086685 0.193406730890274 0.210730999708176 0.188719525933266 0.219698995351791 0.18469999730587 0.165660485625267 0.140391901135445 0.102912127971649 0.217449158430099 0.191016957163811 0.158156618475914 0.164623200893402 0.161035493016243 0.135414332151413 0.138167828321457 0.111360646784306 0.093833215534687 0.0666955709457397 0.0515358671545982
0.040728397667408 0.0452795028686523 0.0826848074793816 0.128690451383591 0.0655691400170326 0.0450796782970428 0.0384066104888916 0.0744559392333031 0.0345654934644699 0.160867959260941 0.346191138029099 0.352762937545776 0.299101293087006 0.364799231290817 0.367091625928879 0.32124987244606 0.290045738220215 0.265893071889877 0.229998365044594 0.224012702703476 0.225689709186554 0.233408242464066 0.324556708335876 0.447475641965866 0.575802505016327 0.590663373470306 0.522724032402039 0.521027445793152 0.361748844385147 0.143988430500031 0.16743215918541 0.192818522453308 0.178759515285492 0.192551404237747 0.207843154668808 0.395441293716431 0.328413933515549 0.260989248752594 0.23950919508934 0.179889813065529 0.170335590839386 0.158827021718025 0.139756202697754 0.143350437283516 0.131632417440414 0.117376036942005 0.111217759549618 0.0780415758490562 0.0813101157546043
0.0476267784833908 0.0510160475969315 0.0840972736477852 0.177688732743263 0.131757408380508 0.054275281727314 0.0464530363678932 0.038004782050848 0.0455865524709225 0.0588960498571396 0.169907867908478 0.353916525840759 0.312500357627869 0.312775909900665 0.325087815523148 0.281033784151077 0.259259611368179 0.234722390770912 0.2351403683424 0.217095345258713 0.217645436525345 0.231593146920204 0.344669938087463 0.400451749563217 0.581344246864319 0.5900519490242 0.491470962762833 0.568683505058289 0.439907729625702 0.369897842407227 0.143485024571419 0.158609390258789 0.184037715196609 0.137095510959625 0.165882408618927 0.419650435447693 0.328076541423798 0.283812254667282 0.207921326160431 0.218928515911102 0.192032724618912 0.145091518759727 0.16025222837925 0.147461786866188 0.136923238635063 0.135904386639595 0.123465426266193 0.0843736752867699 0.0810178443789482
0.060798317193985 0.0589586645364761 0.0974461287260056 0.186832025647163 0.12209178507328 0.0989227890968323 0.0509432144463062 0.0426181107759476 0.0494764558970928 0.155817911028862 0.082166001200676 0.248292624950409 0.19935941696167 0.257880866527557 0.277426391839981 0.270934253931046 0.21773973107338 0.219482213258743 0.219572529196739 0.207469820976257 0.207385450601578 0.235727965831757 0.33882138133049 0.392460614442825 0.508582770824432 0.590677678585052 0.538433730602264 0.507018387317657 0.555463552474976 0.45023113489151 0.375564604997635 0.138542801141739 0.156464233994484 0.122983537614346 0.134465083479881 0.364671051502228 0.360451817512512 0.276400774717331 0.25370317697525 0.214994326233864 0.179197683930397 0.151102870702744 0.170259952545166 0.153615698218346 0.132749617099762 0.143093511462212 0.117484077811241 0.0852063968777657 0.0830277353525162
0.0713805630803108 0.070152260363102 0.0698827803134918 0.0955080986022949 0.073494978249073 0.122319377958775 0.0555719248950481 0.0473505035042763 0.0457352884113789 0.0875959545373917 0.225647360086441 0.186670616269112 0.266258895397186 0.243365079164505 0.205412000417709 0.231603726744652 0.149469912052155 0.192415609955788 0.190819188952446 0.209552705287933 0.21580308675766 0.231835514307022 0.282912611961365 0.426518529653549 0.597005605697632 0.564911961555481 0.557514131069183 0.524757146835327 0.575014293193817 0.495410144329071 0.454904824495316 0.163749665021896 0.127975896000862 0.0208010822534561 0.0182159207761288 0.113620437681675 0.322713583707809 0.298323273658752 0.243020564317703 0.216600552201271 0.194751352071762 0.165085628628731 0.135002106428146 0.141704574227333 0.132005229592323 0.165417268872261 0.10976617783308 0.189567387104034 0.103368110954762
0.0842585638165474 0.0765710100531578 0.0669505074620247 0.0838365331292152 0.0762807428836823 0.0647445991635323 0.0622228346765041 0.0573846995830536 0.0504741035401821 0.0856375247240067 0.263098895549774 0.292393624782562 0.277408093214035 0.177507892251015 0.106022268533707 0.122709989547729 0.150945767760277 0.196224644780159 0.1894411444664 0.183191895484924 0.213910013437271 0.266803860664368 0.293465703725815 0.357671588659286 0.430805027484894 0.548666477203369 0.580773711204529 0.541869342327118 0.574536442756653 0.219569116830826 0.185234874486923 0.189637005329132 0.024483697488904 0.134256273508072 0.0174212008714676 0.0144708808511496 0.0987474620342255 0.28522402048111 0.251961946487427 0.201865941286087 0.178356736898422 0.145040392875671 0.146597921848297 0.12643426656723 0.173886492848396 0.235902279615402 0.149181336164474 0.184595197439194 0.208433926105499
