data/climate_estimation/maxent_output/Calochortus_venustulus.asc
NCOLS 117 
NROWS 144 
XLLCORNER -109.166666666667 
YLLCORNER 18.3333333333333 
CELLSIZE 0.0833333333333333 
NODATA_value -3.4e+38 
[rows 63 to 83 of 144, columns 0 to 46 of 117]
-3.4e+38 -3.4e+38 -3.4e+38 -3.4e+38 -3.4e+38 -3.4e+38 -3.4e+38 -3.4e+38 -3.4e+38 -3.4e+38 0.00190098443999887 0.00190578994806856 0.0017469817539677 0.01340651512146 0.0127464132383466 0.0693880245089531 0.128616735339165 0.0667912885546684 0.0762510299682617 0.15108685195446 0.122934684157372 0.0437210872769356 0.122287236154079 0.138412341475487 0.125007376074791 0.201712250709534 0.149955198168755 0.129719346761703 0.149741813540459 0.195981830358505 0.278077721595764 0.309360444545746 0.341516256332397 0.388103097677231 0.358733654022217 0.422613322734833 0.482409805059433 0.581824243068695 0.624771595001221 0.6720090508461 0.826505482196808 0.933514595031738 0.950717687606812 0.97675496339798 0.590904116630554 0.598997175693512 0.942434310913086
-3.4e+38 -3.4e+38 -3.4e+38 -3.4e+38 -3.4e+38 -3.4e+38 -3.4e+38 -3.4e+38 -3.4e+38 -3.4e+38 -3.4e+38 0.00173142179846764 0.00175031961407512 0.00176552671473473 0.0140291238203645 0.0136500988155603 0.0740986615419388 0.013166063465178 0.0135735832154751 0.0127654271200299 0.0111966440454125 0.0520020574331284 0.104853451251984 0.135154142975807 0.101122364401817 0.0959758460521698 0.0731957629323006 0.0802791714668274 0.17669765651226 0.324923038482666 0.298086553812027 0.33256533741951 0.389977812767029 0.368254989385605 0.431412249803543 0.474805444478989 0.546667873859406 0.61119532585144 0.542745471000671 0.681907474994659 0.864382863044739 0.943040668964386 0.983109176158905 0.978829681873322 0.885568678379059 0.603350579738617 0.935696661472321
-3.4e+38 -3.4e+38 -3.4e+38 -3.4e+38 -3.4e+38 -3.4e+38 -3.4e+38 -3.4e+38 -3.4e+38 -3.4e+38 -3.4e+38 -3.4e+38 0.0018070173682645 0.00172592687886208 0.0149651514366269 0.0151661429554224 0.0154076498001814 0.00179583986755461 0.001771584386006 0.00157021102495492 0.0130146816372871 0.058110885322094 0.11352600902319 0.134180575609207 0.130215346813202 0.102280668914318 0.0909017845988274 0.220210313796997 0.174663454294205 0.290090680122375 0.311111152172089 0.368940263986588 0.272068440914154 0.387609034776688 0.349628925323486 0.41987556219101 0.491162270307541 0.542732834815979 0.50562995672226 0.7002272605896 0.881080210208893 0.928015351295471 0.97953599691391 0.97457480430603 0.996506333351135 0.859653890132904 0.967534720897675
-3.4e+38 -3.4e+38 -3.4e+38 -3.4e+38 -3.4e+38 -3.4e+38 -3.4e+38 -3.4e+38 -3.4e+38 -3.4e+38 -3.4e+38 -3.4e+38 0.00176270992960781 0.00199789879843593 0.00187339459080249 0.00198550778441131 0.0018772620242089 0.00184564955998212 0.00204076594673097 0.00183396448846906 0.00157549686264247 0.0122758280485868 0.126874282956123 0.142395168542862 0.13660429418087 0.118461586534977 0.0819099098443985 0.208479285240173 0.155539438128471 0.209655463695526 0.367482930421829 0.313375383615494 0.175505220890045 0.23504313826561 0.459543764591217 0.473139435052872 0.54319840669632 0.5855433344841 0.672414183616638 0.737936496734619 0.848927855491638 0.929209768772125 0.973876357078552 0.953491032123566 0.992106139659882 0.873066842556 0.84102725982666
-3.4e+38 -3.4e+38 -3.4e+38 -3.4e+38 -3.4e+38 -3.4e+38 -3.4e+38 -3.4e+38 -3.4e+38 -3.4e+38 -3.4e+38 -3.4e+38 -3.4e+38 0.00173469458241016 0.00185492925811559 0.00205469876527786 0.00181868276558816 0.00153284671250731 0.000186468474566936 0.00151692959479988 0.00159396126400679 0.0111182443797588 0.0618303194642067 0.122445836663246 0.106446042656898 0.0966809391975403 0.038729403167963 0.0910125076770782 0.0726865977048874 0.121413752436638 0.139443472027779 0.186699435114861 0.14279043674469 0.281697183847427 0.459810733795166 0.521402835845947 0.460761874914169 0.482008963823318 0.659328758716583 0.730504989624023 0.77141672372818 0.92317658662796 0.956045746803284 0.981098294258118 0.989641070365906 0.942739963531494 0.898040115833282
-3.4e+38 -3.4e+38 -3.4e+38 -3.4e+38 -3.4e+38 -3.4e+38 -3.4e+38 -3.4e+38 -3.4e+38 -3.4e+38 -3.4e+38 -3.4e+38 -3.4e+38 0.00177694845478982 0.00178415165282786 0.00195473106577992 0.00153306138236076 0.00017967882740777 0.000147620085044764 0.000152769018313847 0.00134229229297489 0.00138041423633695 0.0113063035532832 0.0558507107198238 0.0484135448932648 0.0507107153534889 0.0431873388588428 0.0404397547245026 0.0708732753992081 0.087810181081295 0.132861003279686 0.307803183794022 0.190736174583435 0.152238056063652 0.29278439283371 0.361846774816513 0.540771842002869 0.567318737506866 0.636966526508331 0.645032703876495 0.72900915145874 0.858780682086945 0.907913029193878 0.984605431556702 0.9920853972435 0.951718807220459 0.89149671792984
-3.4e+38 -3.4e+38 -3.4e+38 -3.4e+38 -3.4e+38 -3.4e+38 -3.4e+38 -3.4e+38 -3.4e+38 -3.4e+38 -3.4e+38 -3.4e+38 -3.4e+38 -3.4e+38 -3.4e+38 0.000192351231817156 0.000188710895599797 0.000160472351126373 0.000128234838484786 0.00012135678116465 0.000131733351736329 0.00130033167079091 0.00124602753203362 0.00971788447350264 0.00865061674267054 0.00809955503791571 0.00879670307040215 0.0383111536502838 0.0837953612208366 0.0962309911847115 0.128969609737396 0.339850544929504 0.405193626880646 0.365193068981171 0.453949421644211 0.448166519403458 0.451526969671249 0.500460922718048 0.516752898693085 0.496793925762177 0.730325102806091 0.844580888748169 0.926959574222565 0.980387806892395 0.974084377288818 0.992141366004944 0.977401614189148
-3.4e+38 -3.4e+38 -3.4e+38 -3.4e+38 -3.4e+38 -3.4e+38 -3.4e+38 -3.4e+38 -3.4e+38 -3.4e+38 -3.4e+38 -3.4e+38 -3.4e+38 -3.4e+38 -3.4e+38 -3.4e+38 0.000156481662997976 0.000153440952999517 0.000131504406454042 0.000120308010082226 0.000132997185573913 0.00109339726623148 0.00110784207936376 0.0108862454071641 0.00895778834819794 0.00864759646356106 0.00698580220341682 0.0424510091543198 0.0977568328380585 0.12912717461586 0.151933535933495 0.212463691830635 0.306591778993607 0.441594570875168 0.453489422798157 0.520792961120605 0.554706037044525 0.60226047039032 0.683188498020172 0.733728349208832 0.799109995365143 0.84240448474884 0.858568906784058 0.933855473995209 0.972013354301453 0.97742372751236 0.993426144123077
-3.4e+38 -3.4e+38 -3.4e+38 -3.4e+38 -3.4e+38 -3.4e+38 -3.4e+38 -3.4e+38 -3.4e+38 -3.4e+38 -3.4e+38 -3.4e+38 -3.4e+38 -3.4e+38 -3.4e+38 -3.4e+38 -3.4e+38 -3.4e+38 0.000138054980197921 0.000142397097079083 0.000123398014693521 0.00120485259685665 0.00119475251995027 0.00145639770198613 0.00122861901763827 0.00109487131703645 0.0118283368647099 0.0463805496692657 0.0995044261217117 0.123093195259571 0.127831056714058 0.20159737765789 0.436227560043335 0.490799188613892 0.474876493215561 0.546334087848663 0.577230930328369 0.626613318920135 0.649282217025757 0.708185195922852 0.805574774742126 0.844135403633118 0.897869825363159 0.937466144561768 0.970712840557098 0.98085355758667 0.975223243236542
-339999999999999996123846586046231871488.000000000000000 -3.4e+38 -3.4e+38 -3.4e+38 -3.4e+38 -3.4e+38 -3.4e+38 -3.4e+38 -3.4e+38 -3.4e+38 -3.4e+38 -3.4e+38 -3.4e+38 -3.4e+38 -3.4e+38 -3.4e+38 -3.4e+38 -3.4e+38 -3.4e+38 0.000142271528602578 0.000138645307742991 0.000153130400576629 0.00115385674871504 0.00117885402869433 0.0011481320252642 0.00121161120478064 0.08929393440485 0.0924853086471558 0.103435546159744 0.138386532664299 0.133034378290176 0.187115237116814 0.465728551149368 0.432181298732758 0.427509754896164 0.430199891328812 0.475773483514786 0.622120022773743 0.636457800865173 0.710302472114563 0.770083606243134 0.822590053081512 0.88249135017395 0.934249579906464 0.949352145195007 0.95773833990097 0.965213060379028
-3.4e+38 -3.4e+38 -3.4e+38 -3.4e+38 -3.4e+38 -3.4e+38 -3.4e+38 -3.4e+38 -3.4e+38 -3.4e+38 -3.4e+38 -3.4e+38 -3.4e+38 -3.4e+38 -3.4e+38 -3.4e+38 -3.4e+38 -3.4e+38 -3.4e+38 -3.4e+38 -3.4e+38 0.000147322250995785 0.000140674557769671 0.00116147531662136 0.000972027890384197 0.00105522316880524 0.00857727695256472 0.0572884604334831 0.170852527022362 0.131269752979279 0.135129332542419 0.207523167133331 0.499083429574966 0.323626190423965 0.249446466565132 0.347898691892624 0.518265306949615 0.615479111671448 0.60377436876297 0.44446861743927 0.422944694757462 0.626833200454712 0.828068792819977 0.914036333560944 0.926034510135651 0.911612153053284 0.941454708576202
-3.4e+38 -3.4e+38 -3.4e+38 -3.4e+38 -3.4e+38 -3.4e+38 -3.4e+38 -3.4e+38 -3.4e+38 -3.4e+38 -3.4e+38 -3.4e+38 -3.4e+38 -3.4e+38 -3.4e+38 -3.4e+38 -3.4e+38 -3.4e+38 -3.4e+38 -3.4e+38 -3.4e+38 -3.4e+38 0.000141649172292091 0.000151627420564182 0.00107920763548464 0.000950313522480428 0.000921894563362002 0.00880313478410244 0.144579648971558 0.142744436860085 0.165312170982361 0.265776932239532 0.249720007181168 0.165145933628082 0.22809299826622 0.399179577827454 0.366186410188675 0.331926286220551 0.404604524374008 0.313277184963226 0.622446835041046 0.738344073295593 0.802572011947632 0.872308671474457 0.905593395233154 0.90202385187149 0.935008704662323
-3.4e+38 -3.4e+38 -3.4e+38 -3.4e+38 -3.4e+38 -3.4e+38 -3.4e+38 -3.4e+38 -3.4e+38 -3.4e+38 -3.4e+38 -3.4e+38 -3.4e+38 -3.4e+38 -3.4e+38 -3.4e+38 -3.4e+38 -3.4e+38 -3.4e+38 -3.4e+38 -3.4e+38 -3.4e+38 -3.4e+38 -3.4e+38 0.000135853828396648 0.000959288503509015 0.00097514339722693 0.000843780173454434 0.00839686021208763 0.0503102615475655 0.100586496293545 0.187851533293724 0.158954069018364 0.130410924553871 0.192077860236168 0.212364286184311 0.176387682557106 0.14406281709671 0.270148158073425 0.49613019824028 0.654937744140625 0.683852434158325 0.754062175750732 0.819327056407928 0.826356828212738 0.894396543502808 0.89566171169281
-3.4e+38 -3.4e+38 -3.4e+38 -3.4e+38 -3.4e+38 -3.4e+38 -3.4e+38 -3.4e+38 -3.4e+38 -3.4e+38 -3.4e+38 -3.4e+38 -3.4e+38 -3.4e+38 -3.4e+38 -3.4e+38 -3.4e+38 -3.4e+38 -3.4e+38 -3.4e+38 -3.4e+38 -3.4e+38 -3.4e+38 -3.4e+38 -3.4e+38 0.000120742966828402 0.000118387419206556 0.000958608172368258 0.000952548114582896 0.00848921854048967 0.0088795842602849 0.0977365374565125 0.0787898302078247 0.0948171243071556 0.124117828905582 0.178563162684441 0.203114062547684 0.421028584241867 0.508047997951508 0.559923827648163 0.586771011352539 0.481131583452225 0.565672636032104 0.697630167007446 0.751235365867615 0.8472780585289 0.8931804895401
-3.4e+38 -3.4e+38 -3.4e+38 -3.4e+38 -3.4e+38 -3.4e+38 -3.4e+38 -3.4e+38 -3.4e+38 -3.4e+38 -3.4e+38 -3.4e+38 -3.4e+38 -3.4e+38 -3.4e+38 -3.4e+38 -3.4e+38 -3.4e+38 -3.4e+38 -3.4e+38 -3.4e+38 -3.4e+38 -3.4e+38 -3.4e+38 -3.4e+38 -3.4e+38 0.000114780305011664 0.000125486694741994 0.00120768242049962 0.0011835090117529 0.00127962615806609 0.0642383471131325 0.111941032111645 0.118618190288544 0.125634759664536 0.198697417974472 0.413523197174072 0.531854510307312 0.346412181854248 0.316739231348038 0.254680246114731 0.346356123685837 0.590024352073669 0.713596403598785 0.721110999584198 0.762038290500641 0.833971679210663
-3.4e+38 -3.4e+38 -3.4e+38 -3.4e+38 -3.4e+38 -3.4e+38 -3.4e+38 -3.4e+38 -3.4e+38 -3.4e+38 -3.4e+38 -3.4e+38 -3.4e+38 -3.4e+38 -3.4e+38 -3.4e+38 -3.4e+38 -3.4e+38 -3.4e+38 -3.4e+38 -3.4e+38 -3.4e+38 -3.4e+38 -3.4e+38 -3.4e+38 -3.4e+38 -3.4e+38 0.000152288208482787 0.000166370489750989 0.00141943746712059 0.00158547016326338 0.0149177713319659 0.155473247170448 0.211917534470558 0.267399936914444 0.35428524017334 0.382796585559845 0.275499403476715 0.180744931101799 0.244335845112801 0.516516268253326 0.64372193813324 0.598140895366669 0.685737729072571 0.738895237445831 0.635619878768921 0.751609206199646
-3.4e+38 -3.4e+38 -3.4e+38 -3.4e+38 -3.4e+38 -3.4e+38 -3.4e+38 -3.4e+38 -3.4e+38 -3.4e+38 -3.4e+38 -3.4e+38 -3.4e+38 -3.4e+38 -3.4e+38 -3.4e+38 -3.4e+38 -3.4e+38 -3.4e+38 -3.4e+38 -3.4e+38 -3.4e+38 -3.4e+38 -3.4e+38 -3.4e+38 -3.4e+38 -3.4e+38 0.000179057475179434 0.00018437547259964 0.000255138467764482 0.00239482731558383 0.00235607312060893 0.0873662680387497 0.196218192577362 0.18757489323616 0.227414473891258 0.147224798798561 0.110975094139576 0.147597849369049 0.334910541772842 0.453197866678238 0.597710132598877 0.630555152893066 0.684321701526642 0.639057219028473 0.732548832893372 0.674938857555389
-3.4e+38 -3.4e+38 -3.4e+38 -3.4e+38 -3.4e+38 -3.4e+38 -3.4e+38 -3.4e+38 -3.4e+38 -3.4e+38 -3.4e+38 -3.4e+38 -3.4e+38 -3.4e+38 -3.4e+38 -3.4e+38 -3.4e+38 -3.4e+38 -3.4e+38 -3.4e+38 -3.4e+38 -3.4e+38 -3.4e+38 -3.4e+38 -3.4e+38 -3.4e+38 -3.4e+38 -3.4e+38 0.000248754891799763 0.00233461055904627 0.00289662391878664 0.00260048592463136 0.0175552200525999 0.193126499652863 0.192274793982506 0.161311715841293 0.0730522200465202 0.0876170769333839 0.160389497876167 0.460207492113113 0.586340665817261 0.554817676544189 0.5985307097435 0.621318697929382 0.672444999217987 0.695597946643829 0.629499316215515
-3.4e+38 -3.4e+38 -3.4e+38 -3.4e+38 -3.4e+38 -3.4e+38 -3.4e+38 -3.4e+38 -3.4e+38 -3.4e+38 -3.4e+38 -3.4e+38 -3.4e+38 -3.4e+38 -3.4e+38 -3.4e+38 -3.4e+38 -3.4e+38 -3.4e+38 -3.4e+38 -3.4e+38 -3.4e+38 -3.4e+38 -3.4e+38 -3.4e+38 -3.4e+38 -3.4e+38 -3.4e+38 -3.4e+38 0.00248657329939306 0.00301555986516178 0.00263085775077343 0.0214135870337486 0.11829861998558 0.253545105457306 0.202073022723198 0.10681925714016 0.160665646195412 0.224132403731346 0.487686306238174 0.375059813261032 0.503785192966461 0.446628779172897 0.47247302532196 0.632967472076416 0.682425558567047 0.574116051197052
-3.4e+38 -3.4e+38 -3.4e+38 -3.4e+38 -3.4e+38 -3.4e+38 -3.4e+38 -3.4e+38 -3.4e+38 -3.4e+38 -3.4e+38 -3.4e+38 -3.4e+38 -3.4e+38 -3.4e+38 -3.4e+38 -3.4e+38 -3.4e+38 -3.4e+38 -3.4e+38 -3.4e+38 -3.4e+38 -3.4e+38 -3.4e+38 -3.4e+38 -3.4e+38 -3.4e+38 -3.4e+38 -3.4e+38 -3.4e+38 0.00341972429305315 0.00378512567840517 0.029126824811101 0.16533450782299 0.269797295331955 0.282137274742126 0.233628317713737 0.22212390601635 0.259286880493164 0.36178532242775 0.41985222697258 0.274934440851212 0.457860320806503 0.508376717567444 0.580457746982574 0.671669065952301 0.634338915348053
-3.4e+38 -3.4e+38 -3.4e+38 -3.4e+38 -3.4e+38 -3.4e+38 -3.4e+38 -3.4e+38 -3.4e+38 -3.4e+38 -3.4e+38 -3.4e+38 -3.4e+38 -3.4e+38 -3.4e+38 -3.4e+38 -3.4e+38 -3.4e+38 -3.4e+38 -3.4e+38 -3.4e+38 -3.4e+38 -3.4e+38 -3.4e+38 -3.4e+38 -3.4e+38 -3.4e+38 -3.4e+38 -3.4e+38 -3.4e+38 -3.4e+38 0.00482876412570477 0.043803833425045 0.217590346932411 0.39815428853035 0.431315511465073 0.342385709285736 0.340166002511978 0.269283920526505 0.298120886087418 0.4100301861763 0.275625944137573 0.373311221599579 0.371699959039688 0.407782465219498 0.556560218334198 0.529060661792755
