data/climate_estimation/maxent_output/Calochortus_excavatus.asc
NCOLS 118 
NROWS 56 
XLLCORNER -119.416666666667 
YLLCORNER 33.6666666666667 
CELLSIZE 0.0833333333333333 
NODATA_value -3.4e+38 
[rows 0 to 18 of 56, columns 0 to 42 of 118]
0.826485931873322 0.984165549278259 0.9988032579422 0.98603218793869 0.989251136779785 0.992571175098419 0.964425444602966 0.935997784137726 0.897708594799042 0.632991969585419 0.228130906820297 0.314882576465607 0.262815564870834 0.134690210223198 0.0804079174995422 0.00730508286505938 0.0066873487085104 0.0305438917130232 0.0264186579734087 0.0186737645417452 0.0220947712659836 0.0170696768909693 0.0121475718915462 0.00763369025662541 0.0145421251654625 0.0233687870204449 0.0421566739678383 0.0303381662815809 0.0293624866753817 0.0261710956692696 0.0384098030626774 0.0363694615662098 0.031990148127079 0.0208476390689611 0.0173679031431675 0.0383679568767548 0.0279502216726542 0.0100914342328906 0.0115964701399207 0.0155491651967168 0.0487124435603619 0.0351049117743969 0.0246647000312805
0.751597464084625 0.994493126869202 0.996131658554077 0.985699474811554 0.954930007457733 0.974183976650238 0.978082656860352 0.902304470539093 0.953296363353729 0.728445768356323 0.51907354593277 0.338613212108612 0.0852360725402832 0.0440055131912231 0.0441571772098541 0.0135401273146272 0.00969173852354288 0.0113760894164443 0.0232445411384106 0.0285808388143778 0.0290510673075914 0.0237221028655767 0.00730572827160358 0.00646876683458686 0.00824060849845409 0.02589251101017 0.0353025272488594 0.0359570048749447 0.0300629679113626 0.0452225357294083 0.0427204631268978 0.0347492843866348 0.0289546754211187 0.0225239209830761 0.022760421037674 0.0330475606024265 0.0172014813870192 0.0122303972020745 0.0125924069434404 0.0510689876973629 0.0375325568020344 0.0267967637628317 0.0282912962138653
0.457734078168869 0.72159332036972 0.982430517673492 0.985478579998016 0.996191680431366 0.999917805194855 0.999289691448212 0.978517889976501 0.954795360565186 0.890452563762665 0.530294179916382 0.375450283288956 0.190969258546829 0.0530193857848644 0.078790657222271 0.0195543337613344 0.00923863332718611 0.0082008158788085 0.018946249037981 0.037011444568634 0.03493757173419 0.0187631007283926 0.00732950773090124 0.00846532732248306 0.0203231535851955 0.0286806877702475 0.0348866134881973 0.0401165522634983 0.032664243131876 0.0341690629720688 0.0322298891842365 0.0324941463768482 0.0276475083082914 0.0192506052553654 0.0235488954931498 0.03270298615098 0.0268628373742104 0.0155367301777005 0.0772509947419167 0.0511082969605923 0.0390306003391743 0.0366204380989075 0.0591846816241741
0.310999095439911 0.235455304384232 0.850991368293762 0.997201561927795 0.998749911785126 0.999751210212708 0.999741852283478 0.999507009983063 0.977401614189148 0.938523054122925 0.909118294715881 0.667978405952454 0.481487095355988 0.260183572769165 0.147043004631996 0.0491533800959587 0.00698145478963852 0.00583537155762315 0.010627269744873 0.0171761587262154 0.0163983143866062 0.0103724133223295 0.0205810070037842 0.0339299291372299 0.0266990121454 0.0302424058318138 0.0328302420675755 0.0468004606664181 0.0322423093020916 0.0311413519084454 0.0282974094152451 0.0243084076792002 0.0247097425162792 0.0231346301734447 0.0323103256523609 0.150607407093048 0.0324869304895401 0.0750067532062531 0.112798415124416 0.0671740397810936 0.0368010401725769 0.0417319722473621 0.103327222168446
0.409133613109589 0.179598122835159 0.43374902009964 0.979015529155731 0.998209059238434 0.995705246925354 0.993713319301605 0.997837662696838 0.999889671802521 0.985360741615295 0.951191902160645 0.913617789745331 0.66782534122467 0.500109732151031 0.106974892318249 0.0511308386921883 0.0135190133005381 0.00967766065150499 0.0263976696878672 0.0126868728548288 0.00950492825359106 0.0193635933101177 0.0293277632445097 0.0358820371329784 0.0218135248869658 0.0212020706385374 0.0356467291712761 0.0295791421085596 0.0250166300684214 0.0273983720690012 0.0331246145069599 0.0249589700251818 0.0221864767372608 0.0328089520335197 0.195982933044434 0.183422386646271 0.12882886826992 0.0969073325395584 0.122758626937866 0.0978780463337898 0.0457348264753819 0.0500253662467003 0.126187697052956
0.43940007686615 0.38254788517952 0.199420601129532 0.956870377063751 0.983395099639893 0.986372470855713 0.97093653678894 0.994402587413788 0.9998419880867 0.999466478824615 0.982549071311951 0.850156784057617 0.869246184825897 0.808747589588165 0.346230983734131 0.0296021532267332 0.0107776056975126 0.010274101048708 0.0306459236890078 0.0243113674223423 0.01363137178123 0.0188415609300137 0.0161996558308601 0.0191044211387634 0.0134768486022949 0.0196047499775887 0.0246757883578539 0.0265415422618389 0.0242170449346304 0.0272718537598848 0.0184664111584425 0.029075238853693 0.0211694203317165 0.0264640208333731 0.034080795943737 0.150011897087097 0.164836034178734 0.10915370285511 0.0872835144400597 0.125284746289253 0.0505174994468689 0.0841947644948959 0.0805173590779305
0.239241704344749 0.172149777412415 0.133805826306343 0.816730320453644 0.943471908569336 0.950170814990997 0.963073670864105 0.94867479801178 0.852898478507996 0.961259841918945 0.995073139667511 0.890683531761169 0.539187371730804 0.46125665307045 0.605813562870026 0.0376788601279259 0.0080398740246892 0.0183079522103071 0.0468700714409351 0.207762762904167 0.0361641459167004 0.00669625820592046 0.0107437474653125 0.0132075557485223 0.0163973700255156 0.0177079290151596 0.0236811824142933 0.0355256125330925 0.0261484757065773 0.0274019464850426 0.0380653887987137 0.0312434863299131 0.0224221237003803 0.0281659569591284 0.0839908272027969 0.11417406052351 0.158786952495575 0.1640505194664 0.101152583956718 0.077781967818737 0.0656225606799126 0.0883117988705635 0.072415828704834
0.27239790558815 0.128297686576843 0.242319479584694 0.532724916934967 0.868456542491913 0.951610922813416 0.977507770061493 0.990567088127136 0.988890290260315 0.973114192485809 0.999822795391083 0.951417148113251 0.98214852809906 0.291518330574036 0.896478474140167 0.120380222797394 0.0131752779707313 0.164411425590515 0.435222595930099 0.256478935480118 0.0127101158723235 0.00524149322882295 0.00940085016191006 0.0217125359922647 0.0777510553598404 0.0555161163210869 0.0292715691030025 0.0293597318232059 0.0192496124655008 0.0201439689844847 0.0493408441543579 0.0358996279537678 0.0357127264142036 0.0305219125002623 0.0743091553449631 0.0830289497971535 0.1445172727108 0.177978843450546 0.107351064682007 0.103647880256176 0.104726947844028 0.117077060043812 0.0597199499607086
0.154694572091103 0.323881149291992 0.455237209796906 0.689950287342072 0.751608192920685 0.874713361263275 0.941316783428192 0.992310643196106 0.991306364536285 0.993354558944702 0.999972224235535 0.994346141815186 0.937379002571106 0.598193347454071 0.448046326637268 0.451227694749832 0.0098480423912406 0.0196085311472416 0.251069277524948 0.0308466479182243 0.0149357952177525 0.0118800569325686 0.0141915790736675 0.0330993309617043 0.0520076714456081 0.0322113931179047 0.0346028991043568 0.0186943542212248 0.0137890903279185 0.0116993542760611 0.0218607429414988 0.0418059267103672 0.0361213944852352 0.0888078808784485 0.121129311621189 0.0767623037099838 0.119943395256996 0.140157997608185 0.101520344614983 0.140946179628372 0.0934242829680443 0.106658950448036 0.0666712000966072
0.114635944366455 0.11035443097353 0.170712441205978 0.424633592367172 0.679128289222717 0.466815322637558 0.325328141450882 0.807507157325745 0.941159725189209 0.999178647994995 0.999938666820526 0.986406087875366 0.866244256496429 0.937950432300568 0.31826588511467 0.748807489871979 0.430016964673996 0.0150615386664867 0.0227341987192631 0.176020309329033 0.0539632178843021 0.234678998589516 0.0568634383380413 0.042563408613205 0.0297424215823412 0.0233393963426352 0.0242085866630077 0.0182291958481073 0.0359242670238018 0.026107719168067 0.0293797943741083 0.0421028509736061 0.109874710440636 0.102544113993645 0.0967523828148842 0.0795864164829254 0.0883987694978714 0.149795457720757 0.0987637862563133 0.156532540917397 0.175185188651085 0.114833042025566 0.115103155374527
0.017071895301342 0.0391028821468353 0.0724040865898132 0.26389279961586 0.432822227478027 0.501856923103333 0.368521869182587 0.261726319789886 0.487702935934067 0.999525666236877 0.997326493263245 0.995851695537567 0.956458866596222 0.998099148273468 0.703766763210297 0.700843095779419 0.967172563076019 0.167630344629288 0.0179666206240654 0.0272517520934343 0.222463324666023 0.378501355648041 0.424896985292435 0.0520284064114094 0.0265190899372101 0.0248950757086277 0.0143577512353659 0.0239259824156761 0.130061164498329 0.0288025066256523 0.0344037525355816 0.121965251863003 0.117135159671307 0.0990723744034767 0.0957818254828453 0.0806048959493637 0.096551276743412 0.13842861354351 0.121755138039589 0.213740646839142 0.212564826011658 0.135390743613243 0.134366244077682
0.00741671025753021 0.0179550014436245 0.0418340712785721 0.0841312482953072 0.242612570524216 0.625729739665985 0.43527427315712 0.122458107769489 0.495219767093658 0.994549751281738 0.994164645671844 0.996657907962799 0.984088659286499 0.981539309024811 0.868192315101624 0.957933366298676 0.698344945907593 0.159887507557869 0.0493155419826508 0.119805529713631 0.298823416233063 0.334390610456467 0.268534183502197 0.0300640892237425 0.0311422608792782 0.0301796980202198 0.030588673427701 0.0218700338155031 0.0179936625063419 0.0910017862915993 0.111592829227448 0.110928773880005 0.094941534101963 0.130096986889839 0.136046916246414 0.135795727372169 0.172897294163704 0.165016502141953 0.1746466755867 0.21966128051281 0.149764344096184 0.0937150046229362 0.108554139733315
0.00460625952109694 0.0165668241679668 0.0623431205749512 0.151709213852882 0.269905567169189 0.390791922807693 0.328471064567566 0.207279101014137 0.180395886301994 0.738709092140198 0.98421037197113 0.998537540435791 0.997237861156464 0.990238070487976 0.996844530105591 0.977722644805908 0.39207923412323 0.416537523269653 0.117250323295593 0.0551559142768383 0.383430808782578 0.0240494441241026 0.0633491277694702 0.0998734980821609 0.173332706093788 0.29401633143425 0.162051394581795 0.0157861467450857 0.0433407947421074 0.103812694549561 0.123550981283188 0.159594997763634 0.192210048437119 0.179778903722763 0.170325115323067 0.206619843840599 0.211963161826134 0.254810243844986 0.227774187922478 0.243209660053253 0.168520390987396 0.0938594043254852 0.0856625139713287
0.00176525651477277 0.00783764012157917 0.0122517077252269 0.0820321440696716 0.252716243267059 0.365669846534729 0.464600414037704 0.361452400684357 0.157273158431053 0.388347804546356 0.402770012617111 0.648531675338745 0.999163031578064 0.993473529815674 0.993493914604187 0.998067557811737 0.993258059024811 0.85325813293457 0.196676895022392 0.130293801426888 0.104797922074795 0.100331872701645 0.0564683340489864 0.0858466848731041 0.245654985308647 0.160026326775551 0.0901288986206055 0.0827557146549225 0.0733015164732933 0.0562033541500568 0.0825850069522858 0.0888004079461098 0.137234061956406 0.123549789190292 0.203127548098564 0.242795810103416 0.276877850294113 0.258731186389923 0.273598223924637 0.199685528874397 0.166026368737221 0.148911386728287 0.119111634790897
0.000261399720330 0.00339685170911252 0.00744494050741196 0.0327676571905613 0.155412495136261 0.204415708780289 0.381173312664032 0.248009696602821 0.142881229519844 0.165735632181168 0.100652150809765 0.428062945604324 0.997474730014801 0.9969642162323 0.996370553970337 0.996751844882965 0.995486199855804 0.954158544540405 0.502037346363068 0.256159245967865 0.158691838383675 0.177079126238823 0.0866579785943031 0.0708901658654213 0.135219231247902 0.153591021895409 0.0853083729743958 0.0993999615311623 0.0867194160819054 0.0956947728991508 0.0812306329607964 0.18024754524231 0.142436370253563 0.144439190626144 0.200498625636101 0.263248950242996 0.19309538602829 0.197494477033615 0.273680746555328 0.188546985387802 0.168088987469673 0.203859075903893 0.174110844731331
0.000225753028644249 0.00186178833246231 0.00188335601706058 0.0094398520886898 0.0402865447103977 0.075742594897747 0.277063429355621 0.357736796140671 0.265841454267502 0.465647161006927 0.464207351207733 0.0793501809239388 0.934198319911957 0.992859721183777 0.994634330272675 0.949913799762726 0.874021410942078 0.996274650096893 0.827135264873505 0.609549999237061 0.201438412070274 0.251257538795471 0.220719754695892 0.0995319411158562 0.0625459775328636 0.0768992975354195 0.296965092420578 0.353621929883957 0.131704315543175 0.142724692821503 0.166450649499893 0.226480275392532 0.16619910299778 0.135129287838936 0.190272212028503 0.250652849674225 0.258309721946716 0.22372941672802 0.254562705755234 0.228830188512802 0.122254006564617 0.20922215282917 0.19357268512249
0.000103760721685831 8.09846169431694e-05 0.000553953927010298 0.00391757441684604 0.0146915633231401 0.0396977290511131 0.170082792639732 0.246790930628777 0.476400703191757 0.666509866714478 0.380166679620743 0.19047500193119 0.411579966545105 0.995087325572968 0.986126840114594 0.996261894702911 0.737939953804016 0.990436673164368 0.853621184825897 0.676701724529266 0.618992328643799 0.85797244310379 0.459702521562576 0.20729024708271 0.172638386487961 0.114996135234833 0.378595948219299 0.584882736206055 0.296783626079559 0.168656408786774 0.205143198370934 0.163501650094986 0.178890541195869 0.199643760919571 0.299982815980911 0.245726451277733 0.252945750951767 0.343862324953079 0.326262146234512 0.236838310956955 0.20481339097023 0.246335998177528 0.203604474663734
0.000158187365741469 0.000154868524987251 8.59835126902908e-05 8.46084876684472e-05 0.000891194853466004 0.00959906075149775 0.0779964476823807 0.135667264461517 0.360381007194519 0.398157626390457 0.572227120399475 0.505037486553192 0.217252790927887 0.999026238918304 0.983995020389557 0.999023616313934 0.989534676074982 0.968953490257263 0.606515288352966 0.593989253044128 0.397058933973312 0.849568665027618 0.845506072044373 0.865667641162872 0.142276674509048 0.0262381993234158 0.08663609623909 0.295740216970444 0.357215881347656 0.24955452978611 0.16515639424324 0.167295306921005 0.227116674184799 0.222162991762161 0.232041999697685 0.210718616843224 0.216958448290825 0.2527135014534 0.25227028131485 0.252175092697144 0.191739231348038 0.18763193488121 0.193367660045624
4.48286191385705e-05 0.000163162709213793 8.60170548548922e-05 0.000529013341292739 0.000574842386413366 0.00801370199769735 0.0289706066250801 0.0837265476584435 0.172729536890984 0.413510411977768 0.657080769538879 0.390176147222519 0.176303371787071 0.999768078327179 0.981732964515686 0.990158259868622 0.991735219955444 0.990592658519745 0.340477168560028 0.244522765278816 0.549496114253998 0.700071454048157 0.582998514175415 0.933565676212311 0.511139631271362 0.0643327087163925 0.00502671115100384 0.0348722562193871 0.404955744743347 0.273199796676636 0.177611321210861 0.244150206446648 0.15406322479248 0.21405440568924 0.223340287804604 0.230599150061607 0.204150289297104 0.201411366462708 0.302628606557846 0.304579794406891 0.225993514060974 0.0846517980098724 0.250014245510101
