data/climate_estimation/maxent_output/Calochortus_bruneaunis.asc
NCOLS 120 
NROWS 160 
XLLCORNER -121 
YLLCORNER 35.6666666666667 
CELLSIZE 0.0833333333333333 
NODATA_value -3.4e+38 
[rows 100 to 119 of 160, columns 0 to 43 of 120]
0.463252604007721 0.478772550821304 0.422676980495453 0.457582741975784 0.549227595329285 0.620530366897583 0.644172072410583 0.754521310329437 0.789286851882935 0.791688799858093 0.832634508609772 0.838511943817139 0.836361706256866 0.864231944084167 0.713791072368622 0.536211311817169 0.442414104938507 0.339090913534164 0.377564936876297 0.314587861299515 0.722807228565216 0.70645135641098 0.830275058746338 0.842423260211945 0.862336218357086 0.670709669589996 0.832706570625305 0.797039210796356 0.67326682806015 0.83720451593399 0.837176024913788 0.297210216522217 0.223413452506065 0.389549911022186 0.66726016998291 0.319536149501801 0.620374619960785 0.906468093395233 0.671802222728729 0.330707043409348 0.68933779001236 0.841817259788513 0.878346860408783 0.831198275089264
0.43325611948967 0.450583726167679 0.411606729030609 0.554013550281525 0.46029931306839 0.585337579250336 0.589348196983337 0.64399915933609 0.667635858058929 0.730417728424072 0.808104395866394 0.825728178024292 0.824691236019135 0.723315834999084 0.449857383966446 0.38196587562561 0.429362028837204 0.886483490467072 0.41069084405899 0.373119056224823 0.864544630050659 0.816618263721466 0.700940310955048 0.820193231105804 0.874900221824646 0.828727245330811 0.955311238765717 0.821222841739655 0.693000614643097 0.685077250003815 0.624026656150818 0.306095004081726 0.2686747610569 0.945252656936646 0.921349823474884 0.319736808538437 0.872019171714783 0.934421062469482 0.843668699264526 0.804471433162689 0.574606359004974 0.860144019126892 0.913712024688721 0.784179091453552
0.392702221870422 0.433474957942963 0.485709339380264 0.51198410987854 0.462105929851532 0.48566472530365 0.53395289182663 0.691575169563293 0.639270186424255 0.679615497589111 0.785748362541199 0.828613638877869 0.857374131679535 0.708218216896057 0.396502286195755 0.375301361083984 0.753717362880707 0.91207754611969 0.428552448749542 0.66057962179184 0.908417880535126 0.819251716136932 0.621760427951813 0.610373318195343 0.628339767456055 0.709517240524292 0.839803755283356 0.39086526632309 0.444501250982285 0.79869270324707 0.670744478702545 0.378605872392654 0.273432612419128 0.948264002799988 0.843207716941833 0.234437733888626 0.27196928858757 0.783980190753937 0.918655276298523 0.858655631542206 0.573979794979095 0.879181206226349 0.8805872797966 0.463586807250977
0.282497942447662 0.398030519485474 0.36344650387764 0.389322608709335 0.304082363843918 0.363285034894943 0.358173966407776 0.36090812087059 0.419139355421066 0.669102191925049 0.753594994544983 0.817775070667267 0.837849915027618 0.750261425971985 0.37724432349205 0.404910832643509 0.899016320705414 0.902076065540314 0.413077533245087 0.668426394462585 0.90311735868454 0.695778012275696 0.42525041103363 0.633340179920197 0.433979660272598 0.332279294729233 0.353589415550232 0.42005455493927 0.808635234832764 0.909590244293213 0.677228689193726 0.31237855553627 0.252275764942169 0.942457675933838 0.847637951374054 0.188712745904922 0.152902513742447 0.259213596582413 0.902808606624603 0.749403238296509 0.437258511781693 0.9184849858284 0.84256786108017 0.390392005443573
0.149421527981758 0.351379722356796 0.422825485467911 0.48042106628418 0.523015439510345 0.446779698133469 0.319950640201569 0.329619646072388 0.332806318998337 0.39135679602623 0.751336812973022 0.808043599128723 0.850090742111206 0.762813985347748 0.488084346055984 0.451269656419754 0.73578143119812 0.881274223327637 0.861746072769165 0.659229755401611 0.360280185937881 0.645981907844543 0.658269941806793 0.781447887420654 0.131627514958382 0.142413794994354 0.437951236963272 0.800310492515564 0.794956207275391 0.694546699523926 0.295686691999435 0.161861836910248 0.598045647144318 0.850376665592194 0.87375807762146 0.205245926976204 0.136627808213234 0.458324283361435 0.917879521846771 0.709573924541473 0.761041402816772 0.867036700248718 0.711260795593262 0.743733704090118
0.185479745268822 0.236206993460655 0.265015542507172 0.405907779932022 0.476098597049713 0.532270193099976 0.555832922458649 0.307988971471786 0.32981812953949 0.495237916707993 0.547912538051605 0.613004863262177 0.596247792243958 0.714376032352448 0.68996673822403 0.735423505306244 0.424041032791138 0.437074691057205 0.931755185127258 0.523678123950958 0.338973492383957 0.89253968000412 0.888132512569427 0.808850646018982 0.13139720261097 0.145981922745705 0.630169093608856 0.865594267845154 0.437659561634064 0.175441041588783 0.144137099385262 0.376854062080383 0.778470695018768 0.633807122707367 0.899404048919678 0.185361176729202 0.130299970507622 0.317169308662415 0.812904596328735 0.230162516236305 0.703444957733154 0.384421020746231 0.78206479549408 0.887760043144226
0.0453580357134342 0.0407949015498161 0.105032868683338 0.397414267063141 0.434089303016663 0.511277675628662 0.575389444828033 0.579110503196716 0.555848062038422 0.502761363983154 0.554026246070862 0.592225849628448 0.562250673770905 0.631653964519501 0.860801041126251 0.432896375656128 0.343093693256378 0.351193428039551 0.916645109653473 0.527900993824005 0.626234829425812 0.886743545532227 0.882138848304749 0.596929848194122 0.149331510066986 0.172932729125023 0.682332932949066 0.783231973648071 0.209476873278618 0.137033969163895 0.118521094322205 0.370059341192245 0.367712140083313 0.223691567778587 0.232608258724213 0.0922679528594017 0.145799309015274 0.625607967376709 0.724283039569855 0.122263722121716 0.0763096809387207 0.106325171887875 0.854550123214722 0.859150350093842
0.0329302102327347 0.0978565216064453 0.169387340545654 0.13122284412384 0.387245327234268 0.460044056177139 0.53465062379837 0.581043362617493 0.611768126487732 0.651898801326752 0.679381787776947 0.741630852222443 0.782548010349274 0.831072986125946 0.788317441940308 0.848960995674133 0.340923607349396 0.323168396949768 0.880448937416077 0.312883466482162 0.60377961397171 0.876739859580994 0.837670207023621 0.657462656497955 0.275385320186615 0.175378605723381 0.652360379695892 0.397349804639816 0.0570467785000801 0.0548501089215279 0.143313989043236 0.410155206918716 0.120563626289368 0.103138372302055 0.194908857345581 0.425925076007843 0.844471454620361 0.871912121772766 0.0840611234307289 0.0309991668909788 0.0708803087472916 0.861239671707153 0.660288631916046 0.557181537151337
0.0112915532663465 0.0280535314232111 0.163696140050888 0.295675665140152 0.363575547933578 0.423872590065002 0.486354410648346 0.556864738464355 0.612811982631683 0.651360809803009 0.655026316642761 0.675736606121063 0.824765801429749 0.866983711719513 0.866843402385712 0.824105858802795 0.749145209789276 0.323006093502045 0.693957924842834 0.318351298570633 0.461930632591248 0.821316003799438 0.746640026569366 0.565112233161926 0.561445474624634 0.359283775091171 0.307069510221481 0.13762691617012 0.0564799681305885 0.068144217133522 0.0622935704886913 0.0895639508962631 0.0873596593737602 0.0969975814223289 0.528804242610931 0.881510257720947 0.660699307918549 0.0776155889034271 0.0272022541612387 0.0366382524371147 0.183375388383865 0.844473361968994 0.577623665332794 0.55639123916626
0.0334822908043861 0.0313983000814915 0.0580395571887493 0.0846211239695549 0.292846441268921 0.391780495643616 0.442276626825333 0.53531938791275 0.616517961025238 0.642953395843506 0.655738770961761 0.763416290283203 0.808667838573456 0.883253335952759 0.872661590576172 0.80248236656189 0.878428637981415 0.765209496021271 0.331982314586639 0.260865569114685 0.571192920207977 0.761892676353455 0.613538503646851 0.299551367759705 0.353577762842178 0.141307353973389 0.103196561336517 0.119771912693977 0.0661712512373924 0.0486207008361816 0.0493763200938702 0.0879447758197784 0.0858444347977638 0.243585616350174 0.881274342536926 0.709061682224274 0.0140640623867512 0.0270111598074436 0.0341301113367081 0.104979977011681 0.296529740095139 0.457723647356033 0.713937222957611 0.690812230110168
0.0256104469299316 0.0935483500361443 0.103371240198612 0.114670120179653 0.132776111364365 0.229775786399841 0.393490701913834 0.424268752336502 0.491980791091919 0.612448036670685 0.642487764358521 0.786509871482849 0.697181165218353 0.869117200374603 0.938479781150818 0.833372294902802 0.780684292316437 0.907638907432556 0.898383259773254 0.523896038532257 0.537945032119751 0.808395743370056 0.782686114311218 0.196006745100021 0.295989245176315 0.231528356671333 0.108905740082264 0.0500006936490536 0.0502668619155884 0.0496034473180771 0.0463388748466969 0.080124206840992 0.0839132890105247 0.786086440086365 0.451447278261185 0.0187418442219496 0.0277824718505144 0.0377960950136185 0.3031345307827 0.807946443557739 0.803153216838837 0.893916010856628 0.827684044837952 0.756852984428406
0.0176374781876802 0.0388662703335285 0.0857115015387535 0.148173943161964 0.168309435248375 0.211228966712952 0.285734117031097 0.369884192943573 0.456598997116089 0.622600317001343 0.636124610900879 0.709070324897766 0.806909441947937 0.935886383056641 0.95180207490921 0.873844861984253 0.919598579406738 0.919278144836426 0.889281570911407 0.780077338218689 0.460512310266495 0.784952878952026 0.455904990434647 0.203223824501038 0.234156519174576 0.114488549530506 0.109662525355816 0.051584854722023 0.0520187020301819 0.0472029633820057 0.0486380606889725 0.07857845723629 0.26471158862114 0.740783870220184 0.0186586268246174 0.014141664840281 0.0432969182729721 0.495186984539032 0.930473327636719 0.924123466014862 0.73477166891098 0.769457638263702 0.887016117572784 0.861245453357697
0.00479499343782663 0.0128126619383693 0.0110955154523253 0.0948071256279945 0.14664962887764 0.214203178882599 0.27679306268692 0.325116604566574 0.46690833568573 0.559346675872803 0.591139614582062 0.693880438804626 0.710247337818146 0.913873434066772 0.909787952899933 0.840563118457794 0.926701903343201 0.910779476165771 0.907855689525604 0.601755261421204 0.34360060095787 0.283024460077286 0.129821807146072 0.315171182155609 0.0877502039074898 0.0956965237855911 0.107517197728157 0.055494911968708 0.0517438165843487 0.0497347936034203 0.0879342928528786 0.0931267216801643 0.706127882003784 0.815793514251709 0.0373224653303623 0.054548941552639 0.849695801734924 0.939633071422577 0.936770558357239 0.699480831623077 0.63714587688446 0.862499475479126 0.945702314376831 0.885090470314026
0.000969761633314192 0.00273883272893727 0.00671250745654106 0.0313425995409489 0.0754473581910133 0.143284633755684 0.255095273256302 0.288441389799118 0.364842563867569 0.458670228719711 0.552733778953552 0.663178384304047 0.711606025695801 0.828845679759979 0.86663955450058 0.852236688137054 0.909287750720978 0.878868997097015 0.748522400856018 0.904766976833344 0.703047156333923 0.400267660617828 0.283931732177734 0.0991077721118927 0.0808817371726036 0.0991081818938255 0.119192719459534 0.0615081153810024 0.0543059930205345 0.0494765378534794 0.106907583773136 0.57994943857193 0.947981536388397 0.728462934494019 0.0541640184819698 0.314131915569305 0.979362487792969 0.972314476966858 0.721313655376434 0.681724846363068 0.870561420917511 0.917735874652863 0.911193609237671 0.913239359855652
0.000755075248889625 0.00216699833981693 0.00483440607786179 0.0131514510139823 0.064232237637043 0.116465747356415 0.203326731920242 0.26259770989418 0.326853722333908 0.404874622821808 0.52823144197464 0.632530689239502 0.658522188663483 0.706935882568359 0.802626967430115 0.834291100502014 0.915388464927673 0.908933281898499 0.903952956199646 0.88277930021286 0.82874858379364 0.312773883342743 0.229808256030083 0.0964577421545982 0.117663010954857 0.104618161916733 0.134663671255112 0.0612913407385349 0.0590942837297916 0.108906283974648 0.513631105422974 0.788189291954041 0.850136578083038 0.369874656200409 0.296272307634354 0.835837364196777 0.919064283370972 0.879294633865356 0.8829146027565 0.914835512638092 0.965513169765472 0.916504979133606 0.910125911235809 0.926546514034271
0.000286101567326114 0.00185687094926834 0.00408143410459161 0.00517957797273993 0.0317948572337627 0.092818595468998 0.150963976979256 0.249421671032906 0.278741478919983 0.332200914621353 0.490583568811417 0.580565214157104 0.611599028110504 0.696987867355347 0.856371641159058 0.870190739631653 0.856599867343903 0.890628039836884 0.794961810112 0.442913025617599 0.423939883708954 0.20382359623909 0.19622865319252 0.285781562328339 0.196523427963257 0.0956471934914589 0.110158927738667 0.106704533100128 0.107119739055634 0.108751960098743 0.475475311279297 0.695646286010742 0.400900989770889 0.171895071864128 0.335806012153625 0.826686084270477 0.796572327613831 0.73126757144928 0.976274251937866 0.973843276500702 0.954673171043396 0.89311808347702 0.901887714862823 0.918085992336273
0.000899661448784173 0.00193840637803078 0.00334154698066413 0.00329030165448785 0.00986953172832727 0.0532129295170307 0.0976285487413406 0.149080857634544 0.238038867712021 0.288701236248016 0.426162987947464 0.533954441547394 0.589790225028992 0.678549349308014 0.87119722366333 0.756420373916626 0.904620409011841 0.663722395896912 0.574946820735931 0.422451138496399 0.423276424407959 0.26313641667366 0.22182023525238 0.151814818382263 0.320136547088623 0.101741753518581 0.102203615009785 0.10261943936348 0.103271313011646 0.106938064098358 0.0872976928949356 0.351380288600922 0.153093427419662 0.247960641980171 0.318993389606476 0.541363835334778 0.549637615680695 0.783539116382599 0.930282831192017 0.975612878799438 0.953555643558502 0.879745960235596 0.897608697414398 0.941732287406921
0.000382184574846178 0.00110756605863571 0.00495217740535736 0.00566843058913946 0.0098607512190938 0.0289118755608797 0.0681319683790207 0.117210812866688 0.248931273818016 0.283473134040833 0.408790349960327 0.572012007236481 0.669951260089874 0.655923247337341 0.837303638458252 0.907629549503326 0.911616563796997 0.904686808586121 0.886707186698914 0.892050802707672 0.406575560569763 0.564192414283752 0.568562507629395 0.413263887166977 0.460551738739014 0.484682023525238 0.484641253948212 0.165187895298004 0.215412735939026 0.163369297981262 0.0864853635430336 0.161766812205315 0.239460125565529 0.17701418697834 0.751945018768311 0.795264482498169 0.195678800344467 0.898343503475189 0.912050724029541 0.962122976779938 0.895191609859467 0.93657910823822 0.972520530223846 0.959013342857361
0.000425934558734298 0.00131683761719614 0.0059140557423234 0.00510506518185139 0.0105631733313203 0.0263394061475992 0.0566749610006809 0.104194782674313 0.192886412143707 0.275441884994507 0.391834080219269 0.572212934494019 0.672419846057892 0.662670612335205 0.818804442882538 0.88250333070755 0.856795907020569 0.856494843959808 0.838739395141602 0.918153524398804 0.653942167758942 0.343635737895966 0.359540671110153 0.355385661125183 0.32813948392868 0.111025221645832 0.123755872249603 0.15617972612381 0.175591170787811 0.163480997085571 0.164450764656067 0.50563257932663 0.128570407629013 0.190574243664742 0.190153807401657 0.186406627297401 0.200523287057877 0.2182786911726 0.244172617793083 0.0953540503978729 0.104748733341694 0.969405949115753 0.956518292427063 0.944654583930969
0.000528395466972142 0.00138147769030184 0.00380505691282451 0.00356546277180314 0.0134422350674868 0.0178800541907549 0.0421947576105595 0.0978050008416176 0.161739468574524 0.259116977453232 0.370371073484421 0.563643574714661 0.676020860671997 0.656622588634491 0.790117204189301 0.876348793506622 0.897768259048462 0.787376284599304 0.82644921541214 0.908272981643677 0.76999431848526 0.50746363401413 0.402552127838135 0.436875551939011 0.436083823442459 0.322182714939117 0.105088599026203 0.118063010275364 0.0868249610066414 0.0912323370575905 0.164285898208618 0.188883498311043 0.184112697839737 0.174122184514999 0.191254243254662 0.159709692001343 0.171035811305046 0.167597234249115 0.207316771149635 0.114096388220787 0.955305695533752 0.970748841762543 0.106651216745377 0.297221571207047
