data/climate_estimation/maxent_output/Calochortus_tolmiei.asc
NCOLS 88 
NROWS 108 
XLLCORNER -124.5 
YLLCORNER 36.75 
CELLSIZE 0.0833333333333333 
NODATA_value -3.4e+38 
[rows 20 to 39 of 108, columns 0 to 42 of 88]
-3.4e+38 -3.4e+38 -3.4e+38 -3.4e+38 0.448672235012054 0.432841777801514 0.467890441417694 0.552850723266602 0.548974871635437 0.598739624023438 0.641673862934113 0.730323553085327 0.793935596942902 0.799549698829651 0.773592054843903 0.789138317108154 0.772625386714935 0.738095819950104 0.732295274734497 0.725066602230072 0.672401487827301 0.599981844425201 0.54653263092041 0.543646335601807 0.54883199930191 0.55534166097641 0.51268470287323 0.562072217464447 0.482050538063049 0.464662104845047 0.544518709182739 0.450197488069534 0.37502321600914 0.361862272024155 0.350002944469452 0.33999302983284 0.169644400477409 0.025935061275959 0.0113892192021012 0.00652063218876719 0.00457596313208342 0.00313316634856164 0.00295913545414805
-3.4e+38 -3.4e+38 -3.4e+38 -3.4e+38 0.480474710464478 0.464140743017197 0.511485278606415 0.536928653717041 0.544332563877106 0.594607770442963 0.701189458370209 0.713707685470581 0.748031735420227 0.802183568477631 0.803532660007477 0.794249355792999 0.806447565555573 0.751912117004395 0.706937849521637 0.698522210121155 0.664758443832397 0.64869350194931 0.631750226020813 0.598315417766571 0.603553473949432 0.541648507118225 0.471659243106842 0.517677485942841 0.523140847682953 0.549386858940125 0.487118691205978 0.461933046579361 0.490318238735199 0.402088016271591 0.381666958332062 0.298924952745438 0.116806529462337 0.0295750629156828 0.0172301419079304 0.011018524877727 0.00601738691329956 0.00425260560587049 0.00344597268849611
-3.4e+38 -3.4e+38 -3.4e+38 -3.4e+38 0.525182008743286 0.54923951625824 0.549108684062958 0.572423160076141 0.564590930938721 0.636204183101654 0.692577183246613 0.746770203113556 0.770664930343628 0.786616027355194 0.804671049118042 0.808601319789886 0.789372086524963 0.775600075721741 0.715189039707184 0.680123388767242 0.712996959686279 0.675337433815002 0.669315218925476 0.599200844764709 0.538029491901398 0.645731329917908 0.583030104637146 0.575893044471741 0.547184467315674 0.488311648368835 0.429869264364243 0.473160237073898 0.445039212703705 0.414526432752609 0.283172309398651 0.184866100549698 0.0629367753863335 0.0452379137277603 0.0533931106328964 0.0377596542239189 0.0110141802579165 0.006052624899894 0.00404161680489779
-3.4e+38 -3.4e+38 -3.4e+38 0.532183170318604 0.536527514457703 0.57188606262207 0.615502238273621 0.612035393714905 0.680730938911438 0.697978854179382 0.710736155509949 0.736245095729828 0.742998778820038 0.777283191680908 0.780760943889618 0.814801216125488 0.813954293727875 0.734763443470001 0.729046821594238 0.722626268863678 0.609893560409546 0.545097291469574 0.634666264057159 0.702040314674377 0.699484586715698 0.697537899017334 0.645300388336182 0.607683598995209 0.486515253782272 0.457487374544144 0.415620297193527 0.476690948009491 0.370346933603287 0.328367739915848 0.222298100590706 0.0935294777154922 0.0421587787568569 0.0451418124139309 0.151503264904022 0.131859332323074 0.0303665269166231 0.00746783288195729 0.00936625897884369
-3.4e+38 -3.4e+38 -3.4e+38 0.594406545162201 0.604904353618622 0.606910586357117 0.62932026386261 0.631194412708282 0.631970822811127 0.703220903873444 0.737800657749176 0.754657030105591 0.757214069366455 0.785232424736023 0.770570874214172 0.806762754917145 0.772456049919128 0.810902953147888 0.744357883930206 0.726574718952179 0.677051842212677 0.690258026123047 0.612095713615417 0.6098273396492 0.728428781032562 0.753067791461945 0.679041922092438 0.587717235088348 0.44976419210434 0.43518602848053 0.393629044294357 0.449690103530884 0.3249851167202 0.242532953619957 0.14822693169117 0.0708295479416847 0.0408488884568214 0.0431194044649601 0.162674725055695 0.148834124207497 0.0613817945122719 0.0121987015008926 0.00627730693668127
-3.4e+38 -3.4e+38 -3.4e+38 0.633561968803406 0.636352121829987 0.619178414344788 0.605433940887451 0.665757179260254 0.726874232292175 0.744795262813568 0.713229715824127 0.719975173473358 0.769581258296967 0.785768687725067 0.776282846927643 0.774036169052124 0.746805191040039 0.725002765655518 0.661313951015472 0.677257001399994 0.693100810050964 0.642425179481506 0.555525362491608 0.560956716537476 0.754110157489777 0.670667588710785 0.643841803073883 0.575213849544525 0.466788798570633 0.477998077869415 0.405467182397842 0.385827898979187 0.360789597034454 0.249998673796654 0.138241961598396 0.0588074624538422 0.0378161370754242 0.0385384075343609 0.0567486062645912 0.0707178711891174 0.0250902641564608 0.00913813430815935 0.00727749289944768
-3.4e+38 -3.4e+38 -3.4e+38 0.644672811031342 0.644605815410614 0.661135256290436 0.629041731357574 0.635990619659424 0.737149178981781 0.699313521385193 0.758748769760132 0.735807299613953 0.800665855407715 0.780852735042572 0.772257924079895 0.79392796754837 0.728777587413788 0.714158654212952 0.633240401744843 0.637551367282867 0.652540743350983 0.629112124443054 0.619568288326263 0.645782768726349 0.784246742725372 0.628361523151398 0.603298962116241 0.454101860523224 0.33276841044426 0.439583569765091 0.457760691642761 0.369341641664505 0.363036185503006 0.28811839222908 0.11603070050478 0.0590435266494751 0.0350079350173473 0.0314624086022377 0.0294586736708879 0.0256246011704206 0.0122214229777455 0.00716804340481758 0.00507996184751391
-339999999999999996123846586046231871488.000000000000000 -3.4e+38 0.608280122280121 0.686251044273376 0.691807270050049 0.671630501747131 0.689411818981171 0.675609350204468 0.677783787250519 0.736779808998108 0.785515010356903 0.76377671957016 0.759003162384033 0.745635032653809 0.723070025444031 0.758070647716522 0.767859816551208 0.733205258846283 0.663271486759186 0.69434517621994 0.693560600280762 0.665721595287323 0.770962059497833 0.67418384552002 0.599215626716614 0.748481273651123 0.588287353515625 0.597875833511353 0.431484043598175 0.459699213504791 0.466623723506927 0.378186374902725 0.265597134828568 0.247606560587883 0.135234177112579 0.0675036758184433 0.0433730110526085 0.0319088585674763 0.0170483309775591 0.0128168584778905 0.00867757853120565 0.00637155259028077 0.00538685591891408
-3.4e+38 0.494867235422134 0.610207378864288 0.736878514289856 0.712910354137421 0.737190663814545 0.716121196746826 0.722085177898407 0.759505152702332 0.709951043128967 0.776638031005859 0.791386723518372 0.740400671958923 0.719037294387817 0.729185342788696 0.763928234577179 0.747201979160309 0.737632572650909 0.757131516933441 0.734237909317017 0.762593328952789 0.773884177207947 0.787004590034485 0.631679534912109 0.563338339328766 0.591844737529755 0.583837926387787 0.585645735263824 0.458676308393478 0.451202511787415 0.476481884717941 0.362250030040741 0.26338317990303 0.242196813225746 0.265682250261307 0.218712091445923 0.19521376490593 0.0967866852879524 0.0305783189833164 0.0115745402872562 0.00885064620524645 0.00657242955639958 0.00584079977124929
-3.4e+38 0.495729744434357 0.666660249233246 0.703088641166687 0.704220831394196 0.703392565250397 0.721768379211426 0.710693836212158 0.749803364276886 0.751352250576019 0.730133056640625 0.794743001461029 0.691441535949707 0.669721007347107 0.682148039340973 0.686267018318176 0.707901179790497 0.748144626617432 0.800660252571106 0.764877200126648 0.738727271556854 0.766143202781677 0.787069261074066 0.824207782745361 0.764998078346252 0.735236167907715 0.692061007022858 0.585772454738617 0.552646934986115 0.527017652988434 0.516465842723846 0.425023674964905 0.236542835831642 0.315828293561935 0.286592483520508 0.224889114499092 0.15148252248764 0.176671087741852 0.116460472345352 0.0172592811286449 0.00964993797242641 0.00806552078574896 0.0059263720177114
-3.4e+38 0.575686812400818 0.701294183731079 0.707454144954681 0.758102059364319 0.737783908843994 0.728421032428741 0.679072320461273 0.681209981441498 0.717278718948364 0.723834335803986 0.78334379196167 0.718099176883698 0.633698225021362 0.664555191993713 0.691968023777008 0.804114639759064 0.765617311000824 0.794303238391876 0.742449581623077 0.769926190376282 0.701321959495544 0.639977335929871 0.726738631725311 0.711422622203827 0.740415871143341 0.596561312675476 0.586032927036285 0.525649428367615 0.440638303756714 0.546574413776398 0.366491824388504 0.252673953771591 0.283908993005753 0.256178826093674 0.197987049818039 0.0928319245576859 0.100107073783875 0.100225232541561 0.0246421582996845 0.0113229947164655 0.00869027804583311 0.00763144437223673
0.487066507339478 0.589122951030731 0.677308320999146 0.743590712547302 0.758447289466858 0.789202928543091 0.773241460323334 0.776578366756439 0.735770523548126 0.715973377227783 0.779590129852295 0.772223949432373 0.686682164669037 0.619192719459534 0.744302749633789 0.748808205127716 0.790532410144806 0.792214035987854 0.771187841892242 0.740270793437958 0.787992060184479 0.765052020549774 0.811491668224335 0.811532258987427 0.602961421012878 0.660632252693176 0.530363082885742 0.473718255758286 0.600289702415466 0.535328209400177 0.499979943037033 0.314091175794601 0.254760473966599 0.253430217504501 0.281627863645554 0.166817799210548 0.107218444347382 0.0670313388109207 0.0399691946804523 0.023350453004241 0.0144583033397794 0.0107116047292948 0.00944862887263298
0.551536500453949 0.633016228675842 0.682447612285614 0.738153636455536 0.739501476287842 0.758154273033142 0.777835190296173 0.763310611248016 0.737144529819489 0.815705060958862 0.820456922054291 0.778713762760162 0.798200964927673 0.690182685852051 0.694969832897186 0.704727113246918 0.748737454414368 0.784573376178741 0.803749084472656 0.815263509750366 0.811800479888916 0.814581453800201 0.831730484962463 0.784809350967407 0.641734540462494 0.703832805156708 0.675028383731842 0.579051971435547 0.591234862804413 0.627664566040039 0.468023777008057 0.341860264539719 0.316742122173309 0.279596656560898 0.165782764554024 0.108841262757778 0.0766488313674927 0.108841188251972 0.0716817677021027 0.0333736129105091 0.0186176691204309 0.017965042963624 0.013870706781745
0.554367303848267 0.612059652805328 0.592562139034271 0.683469474315643 0.73034405708313 0.760382950305939 0.738485336303711 0.765721678733826 0.771366119384766 0.807868719100952 0.788316965103149 0.82005500793457 0.818656325340271 0.68586540222168 0.627221345901489 0.627567827701569 0.642444252967834 0.717718303203583 0.770438015460968 0.749860644340515 0.820057928562164 0.819847881793976 0.785319566726685 0.762306749820709 0.766006171703339 0.774236083030701 0.699638307094574 0.593107342720032 0.550161421298981 0.559177398681641 0.598634481430054 0.386465489864349 0.315923750400543 0.242606952786446 0.154612272977829 0.104429103434086 0.0866740122437477 0.224787145853043 0.186458855867386 0.0689314901828766 0.0266675166785717 0.0246297176927328 0.0271798558533192
0.57696658372879 0.522193670272827 0.586180567741394 0.643744885921478 0.698765993118286 0.757339477539062 0.65946239233017 0.655302107334137 0.725984752178192 0.784564435482025 0.802490592002869 0.822451531887054 0.834930598735809 0.808121621608734 0.803205907344818 0.769211113452911 0.786591649055481 0.796008944511414 0.75959324836731 0.784654855728149 0.833296418190002 0.785149037837982 0.759868562221527 0.792280733585358 0.790933549404144 0.733687162399292 0.72820371389389 0.649767696857452 0.596887826919556 0.657960116863251 0.606805443763733 0.415158569812775 0.349743604660034 0.219929471611977 0.184092789888382 0.110070049762726 0.0724791660904884 0.18009552359581 0.122948937118053 0.0586597993969917 0.0270841158926487 0.0281754620373249 0.027796532958746
0.5937619805336 0.596003353595734 0.59928685426712 0.647437512874603 0.655785799026489 0.701112568378448 0.637315094470978 0.702672779560089 0.721194624900818 0.80175644159317 0.827992379665375 0.823147296905518 0.807910025119781 0.779620409011841 0.761640131473541 0.76799076795578 0.795772671699524 0.799849987030029 0.810351729393005 0.812193214893341 0.802203118801117 0.804781138896942 0.812054991722107 0.810401260852814 0.820469975471497 0.796484589576721 0.777988195419312 0.710409045219421 0.715975403785706 0.603534281253815 0.559637486934662 0.449034720659256 0.342977106571198 0.231332063674927 0.178025737404823 0.124128296971321 0.0648751482367516 0.110997229814529 0.0781226754188538 0.0390358939766884 0.0271892659366131 0.0255338419228792 0.0288392640650272
0.563683271408081 0.523573100566864 0.584723353385925 0.574496328830719 0.558637976646423 0.691206514835358 0.703777372837067 0.763492941856384 0.78247058391571 0.784156501293182 0.785968482494354 0.809417605400085 0.773342251777649 0.70307058095932 0.748642802238464 0.790683805942535 0.752573311328888 0.78174751996994 0.80210155248642 0.701463401317596 0.767845809459686 0.717767953872681 0.726199507713318 0.794977426528931 0.773530244827271 0.73468154668808 0.77494877576828 0.755709290504456 0.744137465953827 0.54720139503479 0.50520783662796 0.466523498296738 0.391611158847809 0.222529113292694 0.15668511390686 0.152530372142792 0.0754216238856316 0.0558932982385159 0.0511154122650623 0.037836916744709 0.0307095590978861 0.0295137371867895 0.0302259083837271
-3.4e+38 0.580815315246582 0.577357232570648 0.631803810596466 0.631160259246826 0.757027089595795 0.700058102607727 0.65800803899765 0.721732676029205 0.814161658287048 0.819971680641174 0.802090227603912 0.746336340904236 0.676221549510956 0.7446209192276 0.6919966340065 0.675566554069519 0.680898487567902 0.665839791297913 0.692664325237274 0.580026268959045 0.584874272346497 0.766232013702393 0.812256872653961 0.77231240272522 0.792480170726776 0.802091658115387 0.757586598396301 0.709969222545624 0.555131435394287 0.486206978559494 0.293021649122238 0.20898962020874 0.140286639332771 0.107640221714973 0.190493807196617 0.102307125926018 0.0550083145499229 0.0465351939201355 0.0405482351779938 0.0307958759367466 0.0298137683421373 0.0421030819416046
-3.4e+38 0.596418619155884 0.61313533782959 0.634335279464722 0.690028429031372 0.737164795398712 0.704441606998444 0.705713033676147 0.723021149635315 0.788639426231384 0.800074100494385 0.790742099285126 0.638621032238007 0.584940135478973 0.697744131088257 0.591287195682526 0.516607761383057 0.611116945743561 0.508334398269653 0.465497851371765 0.456914365291595 0.628631174564362 0.68827486038208 0.751899659633636 0.719049334526062 0.761671662330627 0.764274299144745 0.741733074188232 0.676868736743927 0.536956548690796 0.419511914253235 0.27878275513649 0.25171747803688 0.117516338825226 0.0888430401682854 0.0630989819765091 0.057276226580143 0.0403213910758495 0.0294517986476421 0.0286013502627611 0.0245345626026392 0.0225122962146997 0.0291997082531452
0.508653581142426 0.596588134765625 0.557643294334412 0.634079575538635 0.59171986579895 0.684787809848785 0.740540206432343 0.729311108589172 0.76910412311554 0.781079113483429 0.813799142837524 0.787628412246704 0.603977203369141 0.539587438106537 0.572394847869873 0.549446523189545 0.469185382127762 0.462339788675308 0.394397705793381 0.310945361852646 0.286158591508865 0.38361069560051 0.483019709587097 0.738273203372955 0.750189423561096 0.771071434020996 0.741667509078979 0.702845990657806 0.6624675989151 0.574333250522614 0.329896748065948 0.257090419530869 0.309123009443283 0.273184478282928 0.0831964984536171 0.047216210514307 0.0366263352334499 0.0313167609274387 0.025143014267087 0.0253352429717779 0.0227837916463614 0.018333813175559 0.0221685916185379
