data/climate_estimation/maxent_output/Calochortus_nigrescens.asc
NCOLS 73 
NROWS 85 
XLLCORNER -102.166666666667 
YLLCORNER 16.0833333333333 
CELLSIZE 0.0833333333333333 
NODATA_value -3.4e+38 
[rows 38 to 56 of 85, columns 0 to 42 of 73]
0.0560515224933624 0.0641778260469437 0.094967745244503 0.0957567766308784 0.0608194433152676 0.0601718910038471 0.0687540248036385 0.09714175760746 0.13274247944355 0.105665907263756 0.0324572026729584 0.0409124568104744 0.0399639122188091 0.681198120117188 0.0490951389074326 0.0546924471855164 0.0587248094379902 0.0773232206702232 0.118404448032379 0.0748396664857864 0.0743094608187675 0.138402283191681 0.133636623620987 0.507574260234833 0.640554189682007 0.558780610561371 0.595907509326935 0.570671319961548 0.772717952728271 0.769874155521393 0.636956453323364 0.584050238132477 0.618964314460754 0.766903340816498 0.806207418441772 0.844225645065308 0.811642527580261 0.731302976608276 0.705127477645874 0.750192105770111 0.81333190202713 0.806013584136963 0.7682746052742
0.079508863389492 0.102142356336117 0.122568629682064 0.13322702050209 0.0910936295986176 0.0630158558487892 0.071409098803997 0.0952484086155891 0.111590906977654 0.0763863921165466 0.0690559968352318 0.0553750693798065 0.667395234107971 0.461153775453568 0.0528279654681683 0.069719173014164 0.0735747888684273 0.117214992642403 0.127177357673645 0.132078751921654 0.0913019329309464 0.095084972679615 0.146805927157402 0.204266414046288 0.602516829967499 0.677898168563843 0.598091781139374 0.546331405639648 0.740746974945068 0.674029350280762 0.672883093357086 0.637841165065765 0.641797721385956 0.785945296287537 0.801294922828674 0.75525313615799 0.781947135925293 0.780725240707397 0.754084527492523 0.765528559684753 0.812541007995605 0.799349248409271 0.758492052555084
0.148762375116348 0.135925441980362 0.170308247208595 0.167340025305748 0.0993180051445961 0.0768152996897697 0.094309076666832 0.13601890206337 0.132423087954521 0.117762744426727 0.117551930248737 0.0540571138262749 0.660017967224121 0.729646384716034 0.0720545127987862 0.0969340279698372 0.11404725164175 0.123016141355038 0.141341030597687 0.160733073949814 0.118687868118286 0.123960487544537 0.280407220125198 0.335857748985291 0.658194005489349 0.667820572853088 0.56302398443222 0.512112855911255 0.418826073408127 0.611413300037384 0.559433400630951 0.606167495250702 0.679955542087555 0.761505246162415 0.760887622833252 0.875237107276917 0.838358163833618 0.813798606395721 0.792309761047363 0.794363081455231 0.807003736495972 0.848281979560852 0.830741584300995
0.180851325392723 0.161139711737633 0.195592522621155 0.22728642821312 0.204200521111488 0.149827718734741 0.112437978386879 0.16556841135025 0.160247594118118 0.111956730484962 0.0946164131164551 0.23678931593895 0.311738252639771 0.0684068500995636 0.117280028760433 0.14322030544281 0.119368933141232 0.120849452912807 0.10831006616354 0.110999725759029 0.13491502404213 0.194519475102425 0.305843234062195 0.319724857807159 0.351007640361786 0.647931933403015 0.539202868938446 0.440686464309692 0.354511469602585 0.293960690498352 0.527515530586243 0.561388671398163 0.640598058700562 0.690051555633545 0.747139871120453 0.847465634346008 0.849677264690399 0.831546664237976 0.850602447986603 0.860583543777466 0.850505709648132 0.809413194656372 0.855144560337067
0.189970016479492 0.234931483864784 0.212392508983612 0.244435250759125 0.246449515223503 0.163944557309151 0.112801127135754 0.113850668072701 0.15582187473774 0.192919358611107 0.0737550854682922 0.104111880064011 0.119479849934578 0.0656449198722839 0.06313256919384 0.0704734697937965 0.140886053442955 0.121518857777119 0.123769581317902 0.135450482368469 0.120611868798733 0.181576058268547 0.260658204555511 0.256934136152267 0.304282188415527 0.566599905490875 0.463014304637909 0.335982143878937 0.309212267398834 0.268229246139526 0.487998574972153 0.44732865691185 0.549208223819733 0.70215892791748 0.771750211715698 0.78100460767746 0.765644192695618 0.833397269248962 0.839558899402618 0.898688971996307 0.874003827571869 0.841975092887878 0.860439121723175
0.245667949318886 0.254499167203903 0.237171158194542 0.222114488482475 0.216277867555618 0.12372687458992 0.136021211743355 0.140666082501411 0.140666827559471 0.11887164413929 0.125091746449471 0.152906566858292 0.113611042499542 0.0264371056109667 0.0104745766147971 0.00990156549960375 0.105031095445156 0.132613733410835 0.12502133846283 0.139923304319382 0.12473987787962 0.148172900080681 0.258531600236893 0.246104255318642 0.297350257635117 0.264500737190247 0.238783940672874 0.381560355424881 0.453079074621201 0.472011595964432 0.568613946437836 0.479970902204514 0.504552781581879 0.607691586017609 0.755842506885529 0.738440215587616 0.798660635948181 0.811253368854523 0.87638133764267 0.922636866569519 0.906435668468475 0.817688286304474 0.832501411437988
0.171150550246239 0.123087227344513 0.0824338495731354 0.0780593678355217 0.217507034540176 0.218196734786034 0.215288862586021 0.247379586100578 0.228175923228264 0.206207230687141 0.162879317998886 0.0785307958722115 0.0371275693178177 0.088089220225811 0.0106684220954776 0.0028980306815356 0.0887421220541 0.143983602523804 0.135646507143974 0.123723939061165 0.125776991248131 0.0993431955575943 0.176077604293823 0.281536102294922 0.24528580904007 0.380980372428894 0.364319056272507 0.272506535053253 0.426900595426559 0.48908457159996 0.594686567783356 0.595853626728058 0.615165948867798 0.566331624984741 0.745992422103882 0.69988626241684 0.778826415538788 0.815496325492859 0.892298758029938 0.930415332317352 0.891087472438812 0.583559274673462 0.716941058635712
0.136367931962013 0.0747094377875328 0.0283939857035875 0.0379209741950035 0.118263944983482 0.227760851383209 0.259671151638031 0.255300223827362 0.264905720949173 0.256708890199661 0.20747222006321 0.0553974620997906 0.01572553999722 0.0628533139824867 0.00621750578284264 0.000475716398796067 0.0155838746577501 0.0637989118695259 0.0376772955060005 0.0128903957083821 0.0513527765870094 0.130138471722603 0.208325773477554 0.218141719698906 0.150846347212791 0.173846036195755 0.138878658413887 0.263712853193283 0.466679602861404 0.568101108074188 0.61381733417511 0.669872522354126 0.64919513463974 0.59327232837677 0.763623416423798 0.808342576026917 0.837786853313446 0.839144289493561 0.900422692298889 0.913294911384583 0.841994941234589 0.56699138879776 0.808330118656158
0.0145936459302902 0.0158921387046576 0.000509548233821988 0.00134273059666157 0.064578115940094 0.235747009515762 0.265681326389313 0.258478075265884 0.197016283869743 0.178209066390991 0.107978388667107 0.0350126251578331 0.00313101429492235 0.0150452954694629 0.0158431958407164 0.00024144453345798 0.000878346851095557 0.0014282405609265 0.000438681308878586 0.00235667428933084 0.0073759937658906 0.112493142485619 0.142149209976196 0.134021058678627 0.127174839377403 0.111171923577785 0.167757511138916 0.310304939746857 0.562254428863525 0.659700453281403 0.733670592308044 0.770890295505524 0.705673694610596 0.557451128959656 0.652007043361664 0.773063004016876 0.819754481315613 0.820098638534546 0.876018941402435 0.906932711601257 0.92087858915329 0.681914925575256 0.738917827606201
0.000243494388996623 0.000262648914940655 0.000177563633769751 1.79741909960285e-05 0.0166572444140911 0.140629529953003 0.290321081876755 0.109571821987629 0.0210572574287653 0.0190198365598917 0.0105432402342558 0.00903103407472372 0.00145014154259115 0.00292113982141018 0.00444169016554952 0.000320045131957158 0.000255026970990002 0.000238320018979721 0.00013561945524998 0.000296989892376587 0.00361069408245385 0.016085259616375 0.0170865934342146 0.0674732849001884 0.0947832316160202 0.124246969819069 0.127163723111153 0.23858231306076 0.346128851175308 0.533763349056244 0.669146478176117 0.801612496376038 0.723696351051331 0.554100692272186 0.491129517555237 0.697625517845154 0.772020578384399 0.8273606300354 0.847187042236328 0.913996577262878 0.903603613376617 0.675193548202515 0.325686901807785
2.9269063816173e-05 8.81066262081731e-06 1.15984867079533e-05 0.000286751543171704 0.0164491776376963 0.0964420363306999 0.230172023177147 0.0180694609880447 0.00117174745537341 0.000772289524320513 0.000588926661293954 0.000570951262488961 0.000284120644209906 0.000999370939098299 0.000414156296756119 9.48216838878579e-05 0.000107192587165628 0.000397947937017307 4.36366572102997e-05 0.000413289322750643 0.00179334520362318 0.00251292460598052 0.0119515871629119 0.122225575149059 0.124776303768158 0.106885403394699 0.0825859680771828 0.216204270720482 0.145298898220062 0.253826558589935 0.562563896179199 0.718200862407684 0.528401672840118 0.53139853477478 0.578471183776855 0.671799600124359 0.685334622859955 0.70744788646698 0.770314931869507 0.871977567672729 0.883734166622162 0.830565452575684 0.503372430801392
1.53064956975868e-05 1.59487663040636e-05 1.4206493688107e-05 0.00017447724530939 0.00109321263153106 0.0165289491415024 0.0749560818076134 0.0146173695102334 0.000294740777462721 7.92060091043822e-05 6.53779570711777e-05 3.2059342629509e-05 2.38028969761217e-05 8.62965534906834e-05 0.000175081368070096 6.8991219450254e-05 0.000114001071779057 9.27942455746233e-05 3.42728162650019e-05 0.000345502281561494 0.000232100253924727 0.0024327258579433 0.00601638713851571 0.0242353994399309 0.0574882179498672 0.0486505962908268 0.0944465324282646 0.201216146349907 0.189921319484711 0.39182460308075 0.601362347602844 0.58627313375473 0.569815099239349 0.560594737529755 0.602058053016663 0.677512884140015 0.764697372913361 0.810236096382141 0.847750723361969 0.854305863380432 0.888612687587738 0.800703406333923 0.34513783454895
2.40782064793166e-05 2.63753463514149e-05 2.13446292036679e-05 9.04569242266007e-06 3.44390937243588e-05 0.000447016325779259 0.0147371795028448 0.00158239458687603 0.000211696606129408 5.93271652178373e-05 2.88395749521442e-05 9.4270635599969e-06 2.44886450673221e-05 0.00011888855806319 9.51819820329547e-05 5.92868018429726e-05 8.52173707244219e-06 8.79838262335397e-06 4.88544901600108e-05 7.00281743775122e-05 0.000861437001731247 0.00710039585828781 0.00423046480864286 0.0134898852556944 0.0204199627041817 0.0446415096521378 0.0912018492817879 0.295231997966766 0.520691812038422 0.619876861572266 0.700951218605042 0.744268298149109 0.694146394729614 0.770997285842896 0.713744103908539 0.430921524763107 0.12665019929409 0.160796001553535 0.22586789727211 0.601142346858978 0.85324615240097 0.827851116657257 0.789635896682739
3.57771968992893e-05 1.72982563526602e-05 2.90616662823595e-05 3.90389577660244e-05 3.32953932229429e-05 2.69261927314801e-05 0.000499680987559259 0.00319663970731199 0.000395707989810035 2.11425631277962e-05 8.20417335489765e-06 6.75956425766344e-06 5.93202912568813e-06 3.18034472002182e-05 2.26290394493844e-05 2.21786176552996e-05 7.17688953955076e-06 4.92926301376428e-06 1.6666526789777e-05 0.000417666946304962 0.00256022298708558 0.00979846902191639 0.00546564161777496 0.0080121411010623 0.0064327884465456 0.0128976432606578 0.0676381140947342 0.284734517335892 0.539574265480042 0.585853338241577 0.47666871547699 0.727939367294312 0.29169374704361 0.291479051113129 0.142831608653069 0.0333985090255737 0.0447528325021267 0.0156409926712513 0.0125450426712632 0.140496820211411 0.552169144153595 0.820572316646576 0.828500390052795
4.57076348538976e-05 3.89823799196165e-05 1.35769960252219e-05 2.15917243622243e-05 1.08021376945544e-05 0.000118048366857693 5.95432029513177e-05 0.000606494955718517 0.00140278565231711 0.000175353125086986 2.94202600343851e-05 7.57476891521947e-06 3.15456281896331e-06 3.11403641717334e-06 1.32881095851189e-05 5.89772098464891e-05 0.000115715760330204 1.50374512486451e-06 2.64142163359793e-05 5.76226011617109e-05 4.16717994085047e-05 0.000111745932372287 8.54094105307013e-05 0.000802433933131397 0.00287943379953504 0.0171734057366848 0.156346678733826 0.20342606306076 0.384148150682449 0.269701689481735 0.213178813457489 0.30721515417099 0.118828251957893 0.0150705669075251 0.0151309045031667 0.000686182524077594 0.012684921734035 0.0011283055646345 0.0291052907705307 0.0364266224205494 0.305033028125763 0.467363566160202 0.591811299324036
0.000453252985607833 4.87678807985503e-05 4.22018565586768e-05 9.78406569629442e-06 1.74432570929639e-05 3.37487472279463e-05 1.60573799803387e-05 1.79336711880751e-05 0.000521462643519044 0.000652175222057849 0.000262910121819004 7.48803813621635e-06 2.19956154978718e-06 6.33693616691744e-06 3.2468965400767e-06 1.42752633109922e-05 5.30225725015043e-06 4.25671032644459e-06 1.53706469063764e-06 7.96154654381098e-06 3.87554609915242e-05 4.30804648203775e-05 5.46997653145809e-05 0.000567465205676854 0.014399666339159 0.0374206900596619 0.0537044666707516 0.088437095284462 0.171391367912292 0.255024045705795 0.142604783177376 0.112548530101776 0.0640747100114822 0.00204228307120502 0.000816942658275366 0.00197221408598125 0.00202405150048435 0.00897051300853491 0.0502350367605686 0.0824977904558182 0.113137274980545 0.239302188158035 0.0918508619070053
0.00101647397968918 0.000916448421776295 4.59534967376385e-05 6.30798385827802e-05 2.66406168520916e-05 8.29268174129538e-06 9.64622086030431e-06 1.05583485492389e-05 0.000656750285997987 0.000146596154081635 1.64410594152287e-05 7.76957676862366e-06 2.3563188733533e-06 3.88545095120207e-06 6.94110940457904e-06 3.88972739528981e-06 3.36086736751895e-06 5.85465522817685e-06 6.63497587538586e-07 2.45633546001045e-05 0.000105694562080316 8.55211037560366e-05 2.81375378108351e-05 0.000668420630972832 0.00192201742902398 0.0115342447534204 0.00232177623547614 0.0314970873296261 0.216463878750801 0.215024277567863 0.325911372900009 0.0921673774719238 0.0498157404363155 0.00139704497996718 0.000539523840416223 0.000542405759915709 0.00227707764133811 0.0134407104924321 0.0182625614106655 0.0628145709633827 0.0617220401763916 0.064147412776947 0.099234439432621
0.00108143570832908 0.000669702421873808 0.000178368340129964 5.72446588193998e-05 6.09598682785872e-05 2.63258807535749e-05 0.00012146306107752 3.0415392757277e-05 0.000120746946777217 1.89135025721043e-05 6.11422137808404e-06 8.3255245044711e-06 2.06603453989374e-06 1.12182635803038e-06 3.34450533046038e-06 9.07642117908836e-07 7.66697269227734e-07 6.09836024523247e-06 5.35995411610202e-07 8.16579643014848e-07 6.04700517214951e-06 2.13903058465803e-05 7.62175613999716e-06 2.01383845706005e-05 1.03909014796955e-05 1.78178197529633e-05 0.000136124799610116 0.0152700319886208 0.109398521482944 0.20931713283062 0.0452679768204689 0.212086066603661 0.0850584134459496 0.0079243341460824 0.000907193345483392 0.000853952253237367 0.00928979180753231 0.0125222047790885 0.0222583804279566 0.0222000107169151 0.0413516685366631 0.0175594296306372 0.0192486364394426
0.00720950309187174 0.000892097014002502 0.000216507978620939 0.000103827616840135 0.000143122364534065 0.000222800110350363 0.000709221407305449 0.000137805283884518 3.24826287396718e-05 1.82071089511737e-05 6.04326960456092e-05 3.75037161575165e-05 7.27100132280611e-06 6.10825100011425e-06 1.1064028058172e-06 8.03066484422743e-07 1.06122820398014e-06 2.22753942580312e-06 5.67737458823103e-07 6.09347353019984e-07 4.55976805824321e-06 9.81404718913836e-06 1.9975850591436e-06 2.63492870544724e-06 2.8061896955478e-05 4.39531067968346e-05 0.00652959849685431 0.014922427944839 0.0374326594173908 0.0693566650152206 0.00938693713396788 0.0863214060664177 0.0127327553927898 0.0736673027276993 0.0675495862960815 0.00863999780267477 0.00779052637517452 0.0139557598158717 0.0214538164436817 0.0122822374105453 0.0134577164426446 0.012550862506032 0.0217308886349201
