data/climate_estimation/maxent_output/Calochortus_subalpinus.asc
NCOLS 41 
NROWS 40 
XLLCORNER -123.666666666667 
YLLCORNER 43.5 
CELLSIZE 0.0833333333333335 
NODATA_value -3.4e+38 
[rows 0 to 20 of 40, columns 0 to 40 of 41]
0.251762419939041 0.244113937020302 0.288623631000519 0.320491760969162 0.292093098163605 0.306550353765488 0.344430983066559 0.354595303535461 0.33568200469017 0.362096309661865 0.357244342565536 0.308188378810883 0.263719141483307 0.237604409456253 0.187143623828888 0.148167908191681 0.130754828453064 0.145386189222336 0.173679888248444 0.283188343048096 0.441650450229645 0.55025178194046 0.570463478565216 0.61776477098465 0.789454698562622 0.865763247013092 0.857116162776947 0.911312341690063 0.878694951534271 0.907929539680481 0.90867006778717 0.752573013305664 0.456568032503128 0.308802425861359 0.391851395368576 0.106027744710445 0.0329008959233761 0.0279046110808849 0.0160716287791729 0.016142750158906 0.0115564512088895
0.215612396597862 0.270166128873825 0.2909976541996 0.324708729982376 0.342623710632324 0.31602954864502 0.326074808835983 0.329794555902481 0.340050518512726 0.358305066823959 0.330417275428772 0.296476751565933 0.266559898853302 0.266568094491959 0.273507326841354 0.257681906223297 0.266117811203003 0.198763430118561 0.222053214907646 0.32990550994873 0.404614508152008 0.50889378786087 0.671085596084595 0.757883489131927 0.838434457778931 0.889095067977905 0.900605201721191 0.897909462451935 0.918231308460236 0.909459829330444 0.906875550746918 0.893350481987 0.560653030872345 0.146363496780396 0.0658230111002922 0.0308113228529692 0.019738182425499 0.0125771937891841 0.0100745586678386 0.0160911325365305 0.014726247638464
0.233720123767853 0.267546057701111 0.289770752191544 0.310118585824966 0.296428292989731 0.309298276901245 0.299308329820633 0.288843989372253 0.330117017030716 0.327748209238052 0.333012193441391 0.335525751113892 0.289157301187515 0.264440804719925 0.285344809293747 0.297308295965195 0.302691280841827 0.27585443854332 0.421220242977142 0.516996026039124 0.548675060272217 0.659717738628387 0.762122631072998 0.764567375183105 0.827703297138214 0.898043394088745 0.905788719654083 0.909738957881927 0.915932357311249 0.897924184799194 0.75714373588562 0.902918815612793 0.674767732620239 0.205768525600433 0.0715655237436295 0.0375029258430004 0.0152402585372329 0.00998689606785774 0.010066912509501 0.0168896708637476 0.0170357637107372
0.23766602575779 0.270928174257278 0.288797706365585 0.314138859510422 0.306607693433762 0.32631516456604 0.296385526657104 0.325674623250961 0.311113238334656 0.323666542768478 0.321957796812057 0.322236120700836 0.287143915891647 0.260632663965225 0.279436409473419 0.283412486314774 0.292290508747101 0.311910003423691 0.392959952354431 0.404477059841156 0.466572016477585 0.617452919483185 0.749219834804535 0.844264447689056 0.883183896541595 0.891881823539734 0.852231919765472 0.911800146102905 0.917123079299927 0.91264021396637 0.898010969161987 0.893632888793945 0.398528963327408 0.103953033685684 0.0678146034479141 0.0396938994526863 0.02565922960639 0.0139390826225281 0.00730242021381855 0.00641630263999104 0.00647649774327874
0.249562054872513 0.266189962625504 0.302409708499908 0.325751692056656 0.332794517278671 0.331443071365356 0.342449873685837 0.30724960565567 0.301488161087036 0.289602905511856 0.303986757993698 0.318346112966537 0.346430420875549 0.342584729194641 0.363700449466705 0.400395929813385 0.418217450380325 0.428411811590195 0.469356566667557 0.490551918745041 0.587524175643921 0.752998054027557 0.834229469299316 0.876162111759186 0.887833893299103 0.906176865100861 0.890808463096619 0.909083902835846 0.921736538410187 0.918831825256348 0.901716411113739 0.851170122623444 0.24845677614212 0.0611033029854298 0.0478202775120735 0.0270848535001278 0.0199190154671669 0.010867565870285 0.00805397424846888 0.00590495346114039 0.00500385882332921
0.247115656733513 0.285989850759506 0.300653040409088 0.324480563402176 0.356648087501526 0.368136197328568 0.379097461700439 0.314880192279816 0.313451707363129 0.301032602787018 0.31339094042778 0.319079607725143 0.342892587184906 0.361911833286285 0.425912529230118 0.4841548204422 0.520497620105743 0.618768990039825 0.660821080207825 0.728377878665924 0.778223097324371 0.809370756149292 0.858700513839722 0.884568393230438 0.904811799526215 0.919111609458923 0.914863467216492 0.924669623374939 0.921715140342712 0.909075498580933 0.903095424175262 0.839374482631683 0.198436871170998 0.0410308130085468 0.032809067517519 0.0292609501630068 0.0219389609992504 0.01436597853899 0.00743221677839756 0.00532285775989294 0.00478129601106048
0.261730164289474 0.287306398153305 0.324524641036987 0.353277802467346 0.358957678079605 0.375872313976288 0.389902919530869 0.351761549711227 0.282306909561157 0.271378695964813 0.32451194524765 0.329630821943283 0.396563500165939 0.450322538614273 0.527170836925507 0.572884202003479 0.626142799854279 0.66433572769165 0.719819724559784 0.784603297710419 0.794313907623291 0.838358938694 0.856003642082214 0.893244087696075 0.918532192707062 0.903721392154694 0.891549170017242 0.923660397529602 0.858259558677673 0.902574837207794 0.902636885643005 0.587471842765808 0.198947057127953 0.0659775733947754 0.0462118424475193 0.0483129471540451 0.0417297892272472 0.0230360087007284 0.0153950722888112 0.0104719884693623 0.00744591187685728
0.259093284606934 0.297287374734879 0.347695171833038 0.371495574712753 0.389163345098495 0.405951589345932 0.390977710485458 0.327880680561066 0.290756583213806 0.25691083073616 0.375867277383804 0.390829265117645 0.475010812282562 0.51095974445343 0.570986688137054 0.623044550418854 0.665095448493958 0.624508082866669 0.746034801006317 0.805173277854919 0.844879150390625 0.873104810714722 0.900243520736694 0.93203991651535 0.912324607372284 0.697031855583191 0.585103869438171 0.920051872730255 0.686487317085266 0.699583053588867 0.597494781017303 0.328165024518967 0.261518716812134 0.255731791257858 0.19549822807312 0.0993146002292633 0.0537268333137035 0.0348939076066017 0.0193817932158709 0.0183957051485777 0.0120172463357449
0.254731833934784 0.294003039598465 0.3149234354496 0.392554849386215 0.44903501868248 0.488902121782303 0.448431640863419 0.364817380905151 0.233629211783409 0.258612424135208 0.352823734283447 0.447834342718124 0.48298391699791 0.523258090019226 0.597241520881653 0.647521197795868 0.690584421157837 0.744573056697845 0.771924614906311 0.841951727867126 0.868548631668091 0.902698159217834 0.894616007804871 0.919063568115234 0.934786200523376 0.928820431232452 0.89457094669342 0.930130958557129 0.329607337713242 0.196276888251305 0.187333062291145 0.184187591075897 0.251962274312973 0.405720442533493 0.263189673423767 0.105297423899174 0.0637967139482498 0.0529405362904072 0.0446331761777401 0.0424035526812077 0.0239712372422218
0.244528219103813 0.281364560127258 0.34062272310257 0.390899389982224 0.41501796245575 0.446651220321655 0.461292773485184 0.458498895168304 0.413481861352921 0.290918588638306 0.373050153255463 0.420442253351212 0.449294686317444 0.534535586833954 0.597978472709656 0.668322682380676 0.710158109664917 0.777048647403717 0.831215500831604 0.864544153213501 0.886655330657959 0.905630171298981 0.85959005355835 0.926894724369049 0.9417804479599 0.484811276197433 0.807724833488464 0.512052834033966 0.121371045708656 0.0873900651931763 0.0966356173157692 0.143176451325417 0.260394960641861 0.734903454780579 0.631202161312103 0.24205918610096 0.0900094136595726 0.0788826271891594 0.110515438020229 0.0646776705980301 0.0488935634493828
0.246934592723846 0.295117348432541 0.349102139472961 0.394111484289169 0.440203070640564 0.486400574445724 0.462922275066376 0.484665662050247 0.459944427013397 0.35417640209198 0.368078678846359 0.401177257299423 0.45705384016037 0.463330149650574 0.562158703804016 0.643338799476624 0.720706462860107 0.793184280395508 0.826171875 0.843458950519562 0.904557287693024 0.909332811832428 0.893214821815491 0.941358804702759 0.929960668087006 0.507994771003723 0.185295149683952 0.139143884181976 0.109521746635437 0.118331640958786 0.0538563430309296 0.104365393519402 0.131576284766197 0.249390214681625 0.388786435127258 0.14157909154892 0.136210516095161 0.104935094714165 0.0834758132696152 0.0594198182225227 0.0476258918642998
0.24858658015728 0.29388490319252 0.330126315355301 0.376712679862976 0.45504230260849 0.47879222035408 0.507703959941864 0.485246866941452 0.488092213869095 0.440403193235397 0.336176156997681 0.362320989370346 0.358138501644135 0.394355714321136 0.494666129350662 0.650064647197723 0.724665701389313 0.798711717128754 0.813697338104248 0.879232048988342 0.939844369888306 0.93456369638443 0.940050303936005 0.949794292449951 0.665752112865448 0.425543516874313 0.152081400156021 0.145804762840271 0.132749661803246 0.119850143790245 0.0541377253830433 0.0415617823600769 0.0426801405847073 0.0450968891382217 0.0544437542557716 0.0558941438794136 0.0485855899751186 0.0402413867413998 0.0384076870977879 0.0346789583563805 0.0296484623104334
0.251384198665619 0.273904204368591 0.327159732580185 0.378622472286224 0.443151026964188 0.485022336244583 0.490792632102966 0.498061954975128 0.536244332790375 0.381168782711029 0.263815104961395 0.330299437046051 0.276630222797394 0.264125764369965 0.36808568239212 0.614196956157684 0.71001148223877 0.790922164916992 0.831272184848785 0.891929924488068 0.939622461795807 0.954174935817719 0.934589028358459 0.779714226722717 0.474663734436035 0.203939914703369 0.117731831967831 0.154250681400299 0.131574481725693 0.0546018481254578 0.0472599528729916 0.0419568084180355 0.0397593230009079 0.0351475887000561 0.037670873105526 0.0445878580212593 0.0352369137108326 0.0292165037244558 0.0260679796338081 0.0216582976281643 0.018460601568222
0.246567040681839 0.292010813951492 0.317030251026154 0.37382373213768 0.459765672683716 0.504890859127045 0.502357542514801 0.523760735988617 0.522073268890381 0.37621945142746 0.256255775690079 0.240621402859688 0.255708962678909 0.249074816703796 0.284634083509445 0.577938258647919 0.692114293575287 0.765129446983337 0.825742781162262 0.874410212039948 0.927879750728607 0.899090945720673 0.70359206199646 0.588019907474518 0.288890719413757 0.127309054136276 0.0913613438606262 0.0569232068955898 0.0358911342918873 0.0476155988872051 0.0717737153172493 0.0467955060303211 0.0400359332561493 0.0410955809056759 0.0352475047111511 0.0275411773473024 0.0253770053386688 0.0236286707222462 0.0155511554330587 0.0109286559745669 0.0107496427372098
0.258888304233551 0.296967476606369 0.333601206541061 0.380581140518188 0.454911768436432 0.472519755363464 0.28140327334404 0.291463851928711 0.357563644647598 0.40416157245636 0.301384836435318 0.249504312872887 0.252257019281387 0.278433859348297 0.265261232852936 0.307940453290939 0.451208889484406 0.604916095733643 0.762012124061584 0.841945946216583 0.893094182014465 0.914214909076691 0.914159119129181 0.933115482330322 0.458426415920258 0.162008509039879 0.195296451449394 0.0753338858485222 0.0522380098700523 0.0153264123946428 0.0138716902583838 0.0154229933395982 0.0245380010455847 0.0256621614098549 0.0272477604448795 0.0256293341517448 0.0255793277174234 0.0185770839452744 0.0135025791823864 0.0119993425905704 0.0101228561252356
0.25774422287941 0.317327082157135 0.343101412057877 0.373222917318344 0.442359000444412 0.438785165548325 0.224550113081932 0.195148840546608 0.228837206959724 0.267775267362595 0.371949046850204 0.322158396244049 0.288791835308075 0.286572486162186 0.242565110325813 0.246184557676315 0.296602010726929 0.469242185354233 0.763197124004364 0.819058537483215 0.874166369438171 0.892519414424896 0.90405410528183 0.890827178955078 0.441995114088058 0.538339734077454 0.719001889228821 0.182128474116325 0.0656241774559021 0.0299195870757103 0.0216977372765541 0.025131506845355 0.0269436631351709 0.0293773431330919 0.0232669301331043 0.0236653331667185 0.0178753845393658 0.0144926514476538 0.0124210696667433 0.0102813867852092 0.00835869088768959
0.267651438713074 0.323121607303619 0.370148956775665 0.411985367536545 0.477101415395737 0.246332451701164 0.18351985514164 0.221396550536156 0.177111387252808 0.267014682292938 0.25138932466507 0.352046430110931 0.262734860181808 0.304535895586014 0.263571679592133 0.233690291643143 0.240587040781975 0.396705448627472 0.686407029628754 0.806201815605164 0.854649841785431 0.878922760486603 0.906921803951263 0.893503665924072 0.918524324893951 0.917151391506195 0.817956626415253 0.373223394155502 0.116719827055931 0.0506807640194893 0.0248032342642546 0.0283728279173374 0.0374769642949104 0.0238016601651907 0.0211642868816853 0.0188594032078981 0.0162697080522776 0.012577511370182 0.00898051168769598 0.00929973088204861 0.00759070413187146
0.282066822052002 0.340255230665207 0.369722336530685 0.434238314628601 0.284022510051727 0.155215173959732 0.162842497229576 0.300963491201401 0.263896733522415 0.25542876124382 0.241087004542351 0.279505908489227 0.297405868768692 0.2915098965168 0.259810417890549 0.222122728824615 0.277599066495895 0.406741768121719 0.569845795631409 0.787631630897522 0.81537926197052 0.872304439544678 0.874173402786255 0.653928101062775 0.793542981147766 0.870847582817078 0.845445811748505 0.543044447898865 0.179442286491394 0.0725206136703491 0.0354442782700062 0.035087950527668 0.025624206289649 0.0137539738789201 0.0154667170718312 0.0168431457132101 0.0122360540553927 0.00793045852333307 0.00863845832645893 0.0116320820525289 0.00702634174376726
0.301041662693024 0.353216379880905 0.375969290733337 0.445073992013931 0.218908995389938 0.107770897448063 0.118693090975285 0.162244096398354 0.157951876521111 0.288023263216019 0.228778034448624 0.25911071896553 0.312450110912323 0.292286187410355 0.256051540374756 0.247763097286224 0.31598362326622 0.454674959182739 0.72699111700058 0.806203901767731 0.831023514270782 0.85166335105896 0.849021315574646 0.851611733436584 0.817852318286896 0.810656368732452 0.841284275054932 0.285394370555878 0.0676189512014389 0.053132239729166 0.0358001999557018 0.0171241797506809 0.0140998540446162 0.0147775234654546 0.0118144098669291 0.0119068445637822 0.0106228170916438 0.00639569759368896 0.00955459196120501 0.010284542106092 0.00948991812765598
0.320597261190414 0.369869381189346 0.414203882217407 0.379716038703918 0.162532463669777 0.0820809975266457 0.0872437134385109 0.116129830479622 0.158075839281082 0.193791255354881 0.202068760991096 0.255095452070236 0.263174116611481 0.296972423791885 0.285102397203445 0.337151885032654 0.409268110990524 0.572239756584167 0.743719935417175 0.795682489871979 0.812452018260956 0.856505572795868 0.844215095043182 0.819986701011658 0.865499377250671 0.811345994472504 0.55727744102478 0.122179888188839 0.0474961325526237 0.020737623795867 0.0152346743270755 0.0106427846476436 0.0112861962988973 0.0109688257798553 0.0102292206138372 0.010804639197886 0.0084321852773428 0.00626010866835713 0.00673455139622092 0.00845261011272669 0.00941307004541159
0.330730080604553 0.36657378077507 0.266582995653152 0.15962041914463 0.0957887545228004 0.0829132795333862 0.111980184912682 0.0959705412387848 0.154628291726112 0.176155656576157 0.183915078639984 0.239989280700684 0.289654076099396 0.294517427682877 0.336577773094177 0.456330507993698 0.652783393859863 0.707152426242828 0.73077529668808 0.806395053863525 0.830359578132629 0.808220386505127 0.828579843044281 0.832570731639862 0.804315865039825 0.670803427696228 0.402127087116241 0.128101870417595 0.0461246520280838 0.0172675959765911 0.0121374679729342 0.0111192595213652 0.0107953529804945 0.0102459164336324 0.0103736566379666 0.0100120967254043 0.00712840212509036 0.00458418298512697 0.00416703708469868 0.00658262381330132 0.0056355083361268
