data/climate_estimation/maxent_output/Calochortus_balsensis.asc
NCOLS 59 
NROWS 74 
XLLCORNER -101.083333333333 
YLLCORNER 16.0833333333333 
CELLSIZE 0.0833333333333334 
NODATA_value -3.4e+38 
[rows 20 to 39 of 74, columns 0 to 44 of 59]
0.223434969782829 0.201280921697617 0.16357684135437 0.125636592507362 0.139384269714355 0.151858434081078 0.151802062988281 0.116895005106926 0.168319121003151 0.19119493663311 0.107669584453106 0.0981223732233047 0.0969913601875305 0.116843014955521 0.0738160237669945 0.0768435746431351 0.0257124733179808 0.0251623950898647 0.0386495776474476 0.0314385779201984 0.0136926397681236 0.013982905074954 0.00929980166256428 0.0270099006593227 0.0385641567409039 0.0457030758261681 0.0501153171062469 0.0373798906803131 0.0478843040764332 0.0421968214213848 0.0359082296490669 0.0232624132186174 0.0113006476312876 0.00494351843371987 0.00173222552984953 0.00108736043330282 0.000596638477873057 0.00041308393701911 0.000219364243093878 0.000150370295159519 8.23188602225855e-05 4.60056980955414e-05 3.55009215127211e-05 4.18541349063162e-05 3.93986410927027e-05
0.170793861150742 0.198295637965202 0.126483976840973 0.176559165120125 0.131291344761848 0.129699841141701 0.124664507806301 0.380593925714493 0.282442092895508 0.563990950584412 0.2867271900177 0.141828820109367 0.164940729737282 0.0997009426355362 0.165957391262054 0.111861243844032 0.0560046099126339 0.0478078350424767 0.173306778073311 0.0521513074636459 0.0175514183938503 0.011540518142283 0.0088865989819169 0.016579506918788 0.07219098508358 0.0820979475975037 0.102783016860485 0.0860242694616318 0.0630702897906303 0.0296539627015591 0.0530740655958652 0.0505578108131886 0.0258818846195936 0.00750910444185138 0.00415840372443199 0.00218821363523602 0.000801656977273524 0.000512647093273699 0.000396626186557114 0.000215125721297227 0.000106952764326707 5.74011683056597e-05 4.01494871766772e-05 3.41714221576694e-05 3.48981739080045e-05
0.0738975629210472 0.138361260294914 0.205945447087288 0.273911565542221 0.29279762506485 0.296158462762833 0.230752691626549 0.314017832279205 0.77478563785553 0.860679745674133 0.898338198661804 0.382057279348373 0.294670403003693 0.194400623440742 0.287192702293396 0.218638375401497 0.0731780380010605 0.101529680192471 0.281157463788986 0.141137763857841 0.0294100549072027 0.0380302630364895 0.0319021977484226 0.0493858754634857 0.043918289244175 0.0761412903666496 0.117197513580322 0.0897655040025711 0.0798761919140816 0.0514543987810612 0.109840750694275 0.118423104286194 0.0544576644897461 0.0187236368656158 0.00740470457822084 0.00381534895859659 0.00184357305988669 0.000754350621718913 0.000428374100010842 0.000266398681560531 0.000118757481686771 6.35812684777193e-05 3.96700015699025e-05 3.76156604033895e-05 3.86625579267275e-05
0.0900743752717972 0.152812600135803 0.146776303648949 0.130792036652565 0.228407934308052 0.290992766618729 0.33911070227623 0.77594655752182 0.884548127651215 0.944022536277771 0.926892817020416 0.69576895236969 0.665498077869415 0.446755617856979 0.380517274141312 0.229716747999191 0.129966869950294 0.347842633724213 0.292967140674591 0.222668990492821 0.150763109326363 0.0807124897837639 0.0377654954791069 0.070501483976841 0.0471262075006962 0.0582873597741127 0.151431545615196 0.131213024258614 0.114216186106205 0.12319254130125 0.0767273083329201 0.0939054265618324 0.12422276288271 0.0797846540808678 0.0168169979006052 0.00436752894893289 0.00246316869743168 0.00149466819129884 0.000563281064387411 0.000327157002175227 0.000152733089635149 7.71593040553853e-05 4.42371383542195e-05 4.23948295065202e-05 4.26895385317039e-05
0.137433707714081 0.170837178826332 0.197506427764893 0.244523257017136 0.355137169361115 0.563825011253357 0.397410601377487 0.43215599656105 0.79707282781601 0.801965951919556 0.80901026725769 0.837011516094208 0.738130033016205 0.356108993291855 0.366777420043945 0.286094784736633 0.304321527481079 0.311287701129913 0.26407390832901 0.255662441253662 0.130888596177101 0.0661606937646866 0.0453794747591019 0.0682984367012978 0.0861512795090675 0.0864519476890564 0.120941050350666 0.119211569428444 0.142667889595032 0.210557416081429 0.164847493171692 0.137198314070702 0.111938521265984 0.11536667495966 0.0680158585309982 0.0158460345119238 0.00738200964406133 0.00222297315485775 0.0007459168555215 0.0003489512600936 0.000204549869522452 8.88441572897136e-05 4.83881995023694e-05 4.0648319554748e-05 3.72015820175875e-05
0.237589180469513 0.258468568325043 0.253938287496567 0.278514176607132 0.261045098304749 0.303729146718979 0.307138115167618 0.466178238391876 0.809742569923401 0.74748283624649 0.728340208530426 0.716344654560089 0.775983452796936 0.627847731113434 0.437122762203217 0.460040807723999 0.394696563482285 0.462659001350403 0.307188332080841 0.203182652592659 0.0795882791280746 0.0898151621222496 0.0980643033981323 0.126308441162109 0.130327194929123 0.113520950078964 0.080274298787117 0.0850104540586472 0.0669010952115059 0.0640749409794807 0.0844637975096703 0.108980000019073 0.09890978038311 0.0995356291532516 0.106525301933289 0.0650419965386391 0.0249455813318491 0.00518572889268398 0.00138683919794858 0.000440605945186689 0.000216362357605249 0.000114514565211721 5.20554349350277e-05 3.94470007449854e-05 2.67185732809594e-05
0.230239182710648 0.381736934185028 0.365228474140167 0.272309303283691 0.274740219116211 0.28668600320816 0.292359709739685 0.356739968061447 0.707641780376434 0.780194520950317 0.702852010726929 0.678292691707611 0.761756122112274 0.780638873577118 0.742856502532959 0.583652198314667 0.502097070217133 0.473779678344727 0.226688638329506 0.199755400419235 0.202187895774841 0.192619428038597 0.272335201501846 0.200265750288963 0.15495902299881 0.110293433070183 0.0964953675866127 0.110292941331863 0.0851506292819977 0.0804709568619728 0.0750904157757759 0.0925833582878113 0.0901263132691383 0.110940642654896 0.119153246283531 0.176678344607353 0.0936615765094757 0.0205650553107262 0.00387268024496734 0.000930073962081224 0.00023737910669297 0.000109944325231481 6.83069374645129e-05 4.91693135700189e-05 3.34681208187249e-05
0.686506927013397 0.28932511806488 0.311971992254257 0.349100112915039 0.472481310367584 0.510423004627228 0.337145090103149 0.32828363776207 0.510901033878326 0.381681859493256 0.724275231361389 0.851588428020477 0.666463255882263 0.713837087154388 0.614412784576416 0.675328433513641 0.601456582546234 0.491912424564362 0.270957708358765 0.246953144669533 0.295309245586395 0.328439712524414 0.34888955950737 0.300609469413757 0.207401499152184 0.177155673503876 0.191066518425941 0.191726207733154 0.103718280792236 0.0980244725942612 0.0971204563975334 0.0949033200740814 0.0974938869476318 0.102586753666401 0.105187259614468 0.114347703754902 0.109450645744801 0.088183730840683 0.0202599354088306 0.00286705256439745 0.000542545050848275 0.000480481685372069 0.00043366986210458 4.25345424446277e-05 2.54311471508117e-05
0.76534777879715 0.305341482162476 0.352655380964279 0.445605278015137 0.49218013882637 0.5420902967453 0.547709465026855 0.306193143129349 0.337915539741516 0.442117542028427 0.568153500556946 0.823138177394867 0.840212643146515 0.657897114753723 0.542739510536194 0.603675246238708 0.559177041053772 0.484917044639587 0.449574738740921 0.328235268592834 0.370056748390198 0.368405699729919 0.35022109746933 0.263553291559219 0.207596331834793 0.176435217261314 0.176863327622414 0.135762542486191 0.0898637324571609 0.113737776875496 0.152357071638107 0.133480459451675 0.14410687983036 0.134347051382065 0.114380404353142 0.124618120491505 0.15096889436245 0.127907410264015 0.0432378016412258 0.0229109898209572 0.00853726267814636 0.00567731494084001 0.00607134588062763 0.00355656025931239 0.00263720937073231
0.784862518310547 0.411184340715408 0.441450297832489 0.483134299516678 0.526586472988129 0.56040370464325 0.591934144496918 0.389144748449326 0.459423899650574 0.795559585094452 0.901477932929993 0.922936379909515 0.833356261253357 0.551354289054871 0.446279227733612 0.403629660606384 0.551429092884064 0.51825624704361 0.473615914583206 0.373877346515656 0.359800010919571 0.392293572425842 0.359929203987122 0.297797203063965 0.194352611899376 0.170090436935425 0.145659014582634 0.121146351099014 0.101326771080494 0.104885309934616 0.134508818387985 0.184983909130096 0.184561163187027 0.173954173922539 0.173621982336044 0.164869651198387 0.19753834605217 0.131633296608925 0.0912156403064728 0.0642882511019707 0.0329831950366497 0.02512451633811 0.0157241337001324 0.0175093803554773 0.0146141769364476
0.487366646528244 0.496534436941147 0.497212052345276 0.476620882749557 0.440359860658646 0.343371421098709 0.32470890879631 0.430389553308487 0.68583220243454 0.702532827854156 0.736032009124756 0.749440252780914 0.813051402568817 0.520524919033051 0.336985945701599 0.332527369260788 0.39612939953804 0.594494163990021 0.598751723766327 0.58226203918457 0.456232666969299 0.385122060775757 0.370744287967682 0.328136205673218 0.223391935229301 0.204601794481277 0.157633200287819 0.126014649868011 0.0937377959489822 0.171656340360641 0.127027601003647 0.158349499106407 0.208663269877434 0.265011876821518 0.229264765977859 0.184672310948372 0.164083510637283 0.136544704437256 0.093180850148201 0.0821219012141228 0.0492967143654823 0.0360782071948051 0.0518976524472237 0.0782017484307289 0.0576314218342304
0.519643187522888 0.474920988082886 0.502873063087463 0.544167339801788 0.397501736879349 0.40756568312645 0.435856997966766 0.39811047911644 0.615321278572083 0.625713109970093 0.498669624328613 0.704706907272339 0.698875784873962 0.436767011880875 0.219891339540482 0.209219679236412 0.298467069864273 0.600084722042084 0.547030806541443 0.650591909885406 0.577095746994019 0.423065304756165 0.462115168571472 0.370542287826538 0.306331038475037 0.229696691036224 0.224974110722542 0.17387630045414 0.190889179706573 0.236103743314743 0.170673832297325 0.214073210954666 0.237306356430054 0.243711024522781 0.302141308784485 0.266936987638474 0.198813810944557 0.140628278255463 0.100203178822994 0.0706122815608978 0.0530771762132645 0.0602797716856003 0.0744020119309425 0.0685721337795258 0.0595474801957607
0.330162018537521 0.209195300936699 0.183163031935692 0.544548869132996 0.426315397024155 0.414167314767838 0.496428608894348 0.438734441995621 0.508163630962372 0.621935129165649 0.498099803924561 0.658055067062378 0.506061017513275 0.318480610847473 0.301983296871185 0.280882298946381 0.41373410820961 0.585443258285522 0.580364584922791 0.626830339431763 0.675763607025146 0.589131832122803 0.643511950969696 0.406117022037506 0.273334413766861 0.279184371232986 0.264609277248383 0.21281735599041 0.245718747377396 0.308332234621048 0.331997364759445 0.408773928880692 0.432426065206528 0.406294673681259 0.409980237483978 0.378614783287048 0.222203999757767 0.157789140939713 0.182605236768723 0.120314240455627 0.0983519479632378 0.068714328110218 0.0729261040687561 0.07908646017313 0.0519221872091293
0.605656325817108 0.222836628556252 0.0979573503136635 0.597861289978027 0.526612997055054 0.565636813640594 0.618146598339081 0.58761465549469 0.496335655450821 0.525606155395508 0.579701066017151 0.54561710357666 0.495496422052383 0.334051132202148 0.20770038664341 0.242489397525787 0.309429913759232 0.433202117681503 0.62405914068222 0.748614251613617 0.735104739665985 0.748854100704193 0.686441242694855 0.36666864156723 0.286437600851059 0.304463386535645 0.285773396492004 0.342324465513229 0.588198781013489 0.497351378202438 0.485874027013779 0.564885020256042 0.61240154504776 0.630852580070496 0.513162732124329 0.360567450523376 0.273442685604095 0.15413835644722 0.143493846058846 0.142970696091652 0.113294199109077 0.079482264816761 0.0890989974141121 0.0893202051520348 0.0845649540424347
0.519999861717224 0.181591391563416 0.0275074448436499 0.305102825164795 0.591862201690674 0.441474109888077 0.359627544879913 0.638866424560547 0.646056234836578 0.499139189720154 0.467459678649902 0.362146943807602 0.352067112922668 0.199310004711151 0.22151193022728 0.253754049539566 0.314079493284225 0.423090398311615 0.545209527015686 0.791675627231598 0.825188159942627 0.833023250102997 0.62569385766983 0.460892796516418 0.324553638696671 0.377263635396957 0.310359388589859 0.417968392372131 0.617036044597626 0.523450076580048 0.390215694904327 0.330663025379181 0.495241582393646 0.618861436843872 0.538226842880249 0.381439059972763 0.338654965162277 0.170256227254868 0.130447506904602 0.138159394264221 0.142989590764046 0.100752927362919 0.116761557757854 0.127293959259987 0.0937871634960175
0.303976535797119 0.342685490846634 0.0157646667212248 0.0421313755214214 0.063535749912262 0.0280858688056469 0.122692093253136 0.531180024147034 0.717381954193115 0.619724452495575 0.59236204624176 0.431508332490921 0.299580276012421 0.329891622066498 0.40253084897995 0.460182726383209 0.448941856622696 0.52455598115921 0.610223829746246 0.796940863132477 0.837178885936737 0.849574565887451 0.77087277173996 0.57956063747406 0.42146173119545 0.416980296373367 0.48150360584259 0.598161578178406 0.647785663604736 0.640451848506927 0.500049293041229 0.421187460422516 0.361933290958405 0.428304612636566 0.444021105766296 0.495306313037872 0.431242525577545 0.243620470166206 0.149954587221146 0.171110928058624 0.146104082465172 0.126856461167336 0.15361499786377 0.228574007749557 0.133538097143173
0.185633450746536 0.227487564086914 0.0238684676587582 0.0164044983685017 0.0215254295617342 0.0264195166528225 0.0531542897224426 0.257431298494339 0.714168310165405 0.645511865615845 0.698427855968475 0.68664276599884 0.367825925350189 0.29624155163765 0.405873686075211 0.427474975585938 0.476099401712418 0.538500487804413 0.784354031085968 0.843362629413605 0.788797199726105 0.844992339611053 0.875538885593414 0.852587699890137 0.616952121257782 0.597479343414307 0.66913104057312 0.776305317878723 0.777138829231262 0.55786007642746 0.674487709999084 0.574819982051849 0.502526581287384 0.454196333885193 0.461730003356934 0.535107672214508 0.575072467327118 0.391460835933685 0.227067038416862 0.214013084769249 0.201306462287903 0.167572900652885 0.208982944488525 0.208003088831902 0.267193913459778
0.124040499329567 0.0576486214995384 0.0168496388942003 0.0129591915756464 0.0510673932731152 0.0334991551935673 0.0814841166138649 0.183967903256416 0.230256348848343 0.625124752521515 0.600810348987579 0.562307596206665 0.475318878889084 0.258392244577408 0.372840404510498 0.430360645055771 0.542798757553101 0.561034262180328 0.734426200389862 0.684299826622009 0.802379071712494 0.875932514667511 0.912765622138977 0.923756003379822 0.936172962188721 0.88247811794281 0.758585929870605 0.844234764575958 0.866488099098206 0.701554715633392 0.804528415203094 0.779906511306763 0.641483664512634 0.582098782062531 0.501101553440094 0.530501663684845 0.489466279745102 0.379172295331955 0.339662194252014 0.269368141889572 0.311328679323196 0.286577254533768 0.303851038217545 0.327698796987534 0.39033368229866
0.057243708521128 0.0396796092391014 0.0214019417762756 0.0340800508856773 0.0313975475728512 0.0284947343170643 0.0732638463377953 0.0818348452448845 0.209658265113831 0.317082315683365 0.549496352672577 0.597863793373108 0.554455041885376 0.351622313261032 0.43149545788765 0.464146733283997 0.611669778823853 0.700013339519501 0.731369078159332 0.802974760532379 0.814922690391541 0.91719263792038 0.946062564849854 0.967302680015564 0.957082986831665 0.953562080860138 0.937558770179749 0.973835289478302 0.89531934261322 0.586459994316101 0.86382269859314 0.90053516626358 0.813852310180664 0.734946608543396 0.612827837467194 0.608407914638519 0.450771987438202 0.473199933767319 0.317802160978317 0.286568641662598 0.264470338821411 0.392527997493744 0.342141717672348 0.407017409801483 0.546410083770752
0.0734928995370865 0.0624993741512299 0.0474654994904995 0.0135462079197168 0.0132025619968772 0.0355249382555485 0.0393893010914326 0.168880775570869 0.346540242433548 0.261541873216629 0.394017845392227 0.485243141651154 0.554138720035553 0.289813458919525 0.469496101140976 0.618454039096832 0.802485167980194 0.893259286880493 0.959404706954956 0.971395194530487 0.982891798019409 0.998049557209015 0.996105194091797 0.953629553318024 0.953445196151733 0.996367871761322 0.999947130680084 0.999311566352844 0.927426934242249 0.931862235069275 0.971223652362823 0.949296295642853 0.905105710029602 0.805821716785431 0.707776725292206 0.652057290077209 0.574506759643555 0.458853542804718 0.321625828742981 0.283880084753036 0.266035258769989 0.301952540874481 0.478535532951355 0.514161944389343 0.56229966878891
