data/climate_estimation/maxent_output/Calochortus_clavatus.asc
NCOLS 60 
NROWS 60 
XLLCORNER -121.916666666667 
YLLCORNER 33.9166666666667 
CELLSIZE 0.0833333333333333 
NODATA_value -3.4e+38 
[rows 0 to 20 of 60, columns 0 to 45 of 60]
0.394982308149338 0.420106261968613 0.458051860332489 0.472868978977203 0.481628626585007 0.460504114627838 0.452639043331146 0.46517488360405 0.495450675487518 0.566833972930908 0.628003120422363 0.573869228363037 0.494606375694275 0.3342225253582 0.305331468582153 0.282789021730423 0.263977706432343 0.230982601642609 0.211313888430595 0.135918512940407 0.0484446212649345 0.0283174030482769 0.0552861988544464 0.0398792363703251 0.0165123995393515 0.00721106119453907 0.00184416002593935 0.00198406376875937 0.00217212247662246 0.000735412468202412 8.14803479443071e-06 3.54459643858718e-06 2.20411470763793e-06 6.36647484952846e-07 1.10609946091245e-07 1.23710051980197e-07 2.37356118759635e-07 1.11328134266842e-07 1.13141993551835e-07 1.82330250897422e-09 2.12462847315464e-09 2.49553711029193e-09 2.12019357626048e-09 2.1150414752924e-09 1.82821091598839e-09 2.11487982682002e-09
0.416625469923019 0.457446366548538 0.507339239120483 0.537706136703491 0.549538314342499 0.522067248821259 0.508646130561829 0.508900284767151 0.525597393512726 0.55965518951416 0.626269459724426 0.544005453586578 0.583633422851562 0.47037261724472 0.30431279540062 0.24209988117218 0.244498714804649 0.286169975996017 0.221905797719955 0.184301406145096 0.114575117826462 0.0677417144179344 0.0393002480268478 0.0309879425913095 0.0256986618041992 0.0198439080268145 0.00595150608569384 0.00527795450761914 0.00342850852757692 0.00139651610516012 2.19037956412649e-05 9.75623606791487e-06 9.96951939669088e-07 1.00135196134943e-06 1.73563350358563e-07 2.0181701643196e-07 5.52807534859312e-07 1.32654335516236e-07 3.28680812344828e-07 1.35758082553394e-09 1.96927185669438e-09 1.84879334064192e-09 1.81398540632927e-09 2.63028154812162e-09 2.4814914567628e-09 2.16992113166725e-09
0.442552953958511 0.5300332903862 0.595952928066254 0.623721122741699 0.63483852148056 0.609375357627869 0.572493135929108 0.571459174156189 0.572579324245453 0.57088828086853 0.569905459880829 0.57412987947464 0.584987461566925 0.450277119874954 0.330158174037933 0.260646343231201 0.246878117322922 0.284051865339279 0.222993701696396 0.18068927526474 0.148469313979149 0.0763917341828346 0.0293363966047764 0.0306396000087261 0.0296125859022141 0.0264192242175341 0.022227481007576 0.0114478375762701 0.00122263829689473 0.000175691384356469 0.000180290851858445 1.70004786923528e-05 4.43684548372403e-05 2.56033695222868e-06 3.45387974221012e-07 1.82548333782506e-07 4.4829872081209e-07 1.28209833860637e-07 2.35186007557786e-07 1.29194765996488e-09 1.0412840367735e-08 8.4078717321745e-09 9.16638320802576e-09 1.86274018432186e-09 2.28007079883241e-09 1.62468605235944e-09
0.508682191371918 0.621284782886505 0.697737991809845 0.73010516166687 0.74505341053009 0.725239932537079 0.66673880815506 0.639956891536713 0.633443832397461 0.609377801418304 0.641324579715729 0.567399024963379 0.575380384922028 0.552968502044678 0.404812335968018 0.286666244268417 0.268459051847458 0.279714852571487 0.254958271980286 0.182905808091164 0.106425039470196 0.0597230680286884 0.034466415643692 0.0271551515907049 0.028161371126771 0.0335178971290588 0.0267434697598219 0.0135256191715598 0.00252079335041344 0.000427938473876566 0.000823149282950908 0.000254220271017402 8.87230562511832e-05 0.000222273229155689 1.47603668665397e-06 3.60484335715228e-07 1.16334149424802e-06 9.11498830191704e-07 2.63651742216098e-07 1.86852204819843e-07 8.31474089579842e-09 7.30296312312362e-09 9.14016862196831e-09 1.64866709173594e-09 7.24544158003937e-09 1.73829362015709e-09
0.592149019241333 0.719402134418488 0.76498407125473 0.780696928501129 0.793223679065704 0.784205734729767 0.759992003440857 0.731729090213776 0.689895033836365 0.650680482387543 0.624858498573303 0.535962522029877 0.521486639976501 0.555703639984131 0.368346899747849 0.295468151569366 0.303381443023682 0.316115915775299 0.298400789499283 0.238612845540047 0.158543631434441 0.103373542428017 0.120087303221226 0.0558478944003582 0.0306566283106804 0.0195038132369518 0.0176748987287283 0.0193664245307446 0.0101337386295199 0.00151980039663613 0.00287613994441926 0.00177215016447008 0.000225512136239558 0.000493778963573277 1.12508596430416e-05 8.44878513817093e-07 2.13309090213443e-06 9.00480736163445e-05 2.15848189100143e-07 8.7424368189204e-08 6.05132441933165e-08 1.1118752585304e-09 9.62603663445805e-10 1.00805086500344e-09 1.42582057272023e-09 9.86788872836541e-10
0.645865619182587 0.762515246868134 0.790404796600342 0.810889184474945 0.826363027095795 0.82078617811203 0.81011438369751 0.787972331047058 0.75339412689209 0.709474444389343 0.644369721412659 0.518099308013916 0.51592230796814 0.537603914737701 0.416987299919128 0.362385362386703 0.313442409038544 0.313831597566605 0.326598852872849 0.275809466838837 0.228044286370277 0.144867196679115 0.097876250743866 0.0776275619864464 0.0415589585900307 0.0316877290606499 0.0223275888711214 0.0116422986611724 0.0098182400688529 0.00704230880364776 0.00449962168931961 0.00206711259670556 0.000359362806193531 8.27788026072085e-05 6.84422457197797e-06 2.32077832151845e-06 4.11114706366789e-06 1.86939123523189e-05 1.15785167054128e-06 1.1304410207913e-07 6.40603801116413e-08 9.20613718591312e-09 7.90955212437439e-09 9.85408998843695e-09 1.26691412916102e-09 1.32155808518775e-09
0.737959861755371 0.795287191867828 0.815632939338684 0.831065356731415 0.842279672622681 0.842073559761047 0.839633047580719 0.823057532310486 0.795086979866028 0.761344790458679 0.586926996707916 0.485619872808456 0.50889265537262 0.540662109851837 0.465759098529816 0.376739382743835 0.353366255760193 0.321131616830826 0.364993423223495 0.32805985212326 0.24964402616024 0.205743223428726 0.150389611721039 0.121307715773582 0.0865907296538353 0.0503091849386692 0.0158792939037085 0.00586984306573868 0.0149818304926157 0.0113534377887845 0.00812143366783857 0.00368836754933 0.000960296078119427 0.000540756853297353 0.000163181699463166 7.85202701081289e-06 4.34502999269171e-06 4.2834153646254e-06 8.45235990709625e-06 1.28431747725699e-06 1.43383445561085e-07 2.42854412135785e-07 1.21906431616026e-08 7.19253989700519e-09 1.47698897556836e-09 9.79538450351924e-10
0.806366562843323 0.827126502990723 0.843849420547485 0.834389448165894 0.826150476932526 0.835054814815521 0.843302249908447 0.845568358898163 0.833429455757141 0.777177810668945 0.607925355434418 0.511127471923828 0.447896212339401 0.520897030830383 0.523577451705933 0.425493180751801 0.350387692451477 0.38227441906929 0.359568178653717 0.35750338435173 0.335369676351547 0.257165402173996 0.241687670350075 0.176500782370567 0.0635344460606575 0.04228600487113 0.0319703482091427 0.00947378575801849 0.0153238549828529 0.0114318169653416 0.0079233618453145 0.00263067963533103 0.000829101772978902 0.0015105401398614 0.000830502132885158 0.000263108988292515 4.45169353042729e-05 1.94482963706832e-05 1.78358386619948e-05 2.54127348853217e-06 3.19807412552109e-07 4.31292022540219e-07 2.87643388219294e-07 2.79773857414511e-08 1.18828156203676e-08 5.90254289889458e-10
0.874129712581635 0.862263798713684 0.855280339717865 0.827123582363129 0.826475620269775 0.822090089321136 0.831781983375549 0.823345184326172 0.787835657596588 0.759129464626312 0.712272763252258 0.618586122989655 0.447590887546539 0.455220967531204 0.479240715503693 0.506501257419586 0.422941535711288 0.431957215070724 0.405574977397919 0.411980241537094 0.402220547199249 0.350014925003052 0.31693160533905 0.152905479073524 0.0551232919096947 0.0292633436620235 0.0158965773880482 0.00999245885759592 0.0108795948326588 0.0056045507080853 0.00980626884847879 0.00464496901258826 0.0019072851864621 0.00186223478522152 0.00131236191373318 0.000548348820302635 5.50963413843419e-05 1.64815191965317e-05 2.49475069722394e-05 4.71053908768226e-06 1.45860531119979e-06 4.96203483635327e-07 1.40917450153211e-07 1.15491278762647e-08 7.05254121768917e-09 8.19345591374088e-10
0.893135607242584 0.870436549186707 0.82921826839447 0.809181988239288 0.806042671203613 0.802188456058502 0.815332233905792 0.825545430183411 0.809580206871033 0.738393127918243 0.665262699127197 0.530306696891785 0.506217181682587 0.468971848487854 0.529668629169464 0.461849480867386 0.482188552618027 0.415931105613708 0.419211387634277 0.398305058479309 0.420987665653229 0.412873417139053 0.293224096298218 0.201482981443405 0.132838219404221 0.070277526974678 0.0363919287919998 0.0142909921705723 0.00902109779417515 0.00641331449151039 0.00629018805921078 0.0062821488827467 0.00564312469214201 0.00263384403660893 0.00132918590679765 0.000514385523274541 0.000265710259554908 4.00671051465906e-05 5.85464877076447e-05 1.05017397800111e-05 1.91884964806377e-06 7.25248867183836e-07 2.97807673632633e-07 1.5833458988368e-08 1.65146172292907e-08 1.43848077893693e-09
0.89568954706192 0.838959574699402 0.800727665424347 0.780168056488037 0.771566271781921 0.774878442287445 0.782225728034973 0.80302768945694 0.782418489456177 0.681092917919159 0.57293975353241 0.531182706356049 0.471512407064438 0.45094907283783 0.493086516857147 0.521011412143707 0.459304302930832 0.46374574303627 0.449075102806091 0.476956099271774 0.436409771442413 0.419156521558762 0.384332209825516 0.277393579483032 0.228200376033783 0.163371711969376 0.07815071195364 0.0459683574736118 0.0210438631474972 0.00825055595487356 0.00627780333161354 0.00323934131301939 0.00757270632311702 0.0045265001244843 0.00282028969377279 0.00120729405898601 0.000576124293729663 0.000372278591385111 6.07857582508586e-05 2.16944135900121e-05 1.22780083984253e-05 3.15842976306158e-06 1.11630743049318e-06 3.01334353025595e-07 3.9707543919576e-08 7.94163668160763e-09
0.869576334953308 0.825703203678131 0.7588831782341 0.74436092376709 0.733209609985352 0.72649621963501 0.725643575191498 0.733807146549225 0.693184852600098 0.638190865516663 0.484111368656158 0.400524288415909 0.401459366083145 0.372005432844162 0.552683174610138 0.530296146869659 0.490247219800949 0.454694509506226 0.496590554714203 0.528785109519958 0.463608503341675 0.470286577939987 0.438325792551041 0.348079919815063 0.347866356372833 0.29154971241951 0.190831527113914 0.119324967265129 0.0664786621928215 0.0225954689085484 0.010179216042161 0.00338629097677767 0.0046550165861845 0.00866904389113188 0.00666913110762835 0.00326274172402918 0.00157110602594912 0.000784461793955415 0.000381437304895371 3.4779997804435e-05 2.29014349315548e-05 1.28549772853148e-05 3.23386416312132e-06 8.00065947714756e-07 3.61204470777921e-08 1.34672539786607e-08
0.852948606014252 0.835107684135437 0.7600417137146 0.743821620941162 0.68249922990799 0.678907990455627 0.637559294700623 0.627577543258667 0.541857600212097 0.498992830514908 0.388743370771408 0.354620158672333 0.33301842212677 0.377129912376404 0.425236880779266 0.482858330011368 0.485214024782181 0.466844171285629 0.51968640089035 0.508155584335327 0.531979262828827 0.470485419034958 0.494580417871475 0.41075786948204 0.388798862695694 0.321222454309464 0.150203213095665 0.0713867098093033 0.0288918968290091 0.025158355012536 0.0139578226953745 0.00816834159195423 0.00319128390401602 0.0157048348337412 0.0134001988917589 0.00592830777168274 0.00186753389425576 0.00155626074410975 0.000774461193941534 0.000356557662598789 3.92278780054767e-05 1.39429057526286e-05 5.85361121920869e-05 3.29506583511829e-05 5.89794694860757e-07 1.01637658289633e-08
0.870722651481628 0.849219560623169 0.781320452690125 0.724310219287872 0.620926141738892 0.606861412525177 0.516572177410126 0.547884881496429 0.445629298686981 0.447644233703613 0.447400152683258 0.367585301399231 0.309591352939606 0.341066688299179 0.344442844390869 0.349386125802994 0.427601218223572 0.438879489898682 0.455492198467255 0.526199758052826 0.479297757148743 0.511936366558075 0.482087254524231 0.405722111463547 0.454831600189209 0.342500388622284 0.16191777586937 0.0911320075392723 0.087744876742363 0.0370704084634781 0.0099983224645257 0.0047755092382431 0.00304279639385641 0.0132042998448014 0.0110057732090354 0.00725438771769404 0.00427134055644274 0.00209944415837526 0.000475535460282117 0.000262671237578616 0.000108572690805886 1.89909733308014e-05 0.000106569626950659 6.82943427818827e-05 2.28755311582063e-06 1.53972319338891e-08
0.837781310081482 0.760129153728485 0.741656899452209 0.777108073234558 0.620789408683777 0.486813604831696 0.453479796648026 0.454555720090866 0.417631417512894 0.361489236354828 0.438039004802704 0.359188586473465 0.362041622400284 0.358017444610596 0.313132494688034 0.292242288589478 0.288107752799988 0.367216318845749 0.365347504615784 0.50653600692749 0.483817577362061 0.572589457035065 0.54734605550766 0.482691556215286 0.415212035179138 0.445643573999405 0.357082962989807 0.232267320156097 0.242812752723694 0.0514304712414742 0.0221667755395174 0.00505828997120261 0.00644651846960187 0.00770693272352219 0.0107385953888297 0.0171284731477499 0.013409280218184 0.00706714205443859 0.00259777042083442 0.00144305860158056 0.000755767803639174 5.00802016176749e-05 7.04974663676694e-05 8.38391861179844e-05 4.81221759400796e-05 1.70847926028728e-07
0.857238113880157 0.791110813617706 0.787229418754578 0.827529609203339 0.793834209442139 0.705693006515503 0.54895693063736 0.420133501291275 0.42286005616188 0.43372517824173 0.420143306255341 0.3684943318367 0.328743278980255 0.332220613956451 0.309458196163177 0.27381244301796 0.274856328964233 0.252732515335083 0.334602534770966 0.372812926769257 0.509057521820068 0.484975457191467 0.479380458593369 0.518465995788574 0.444086045026779 0.485707193613052 0.428411245346069 0.238891690969467 0.0830933898687363 0.0451837703585625 0.0136552276089787 0.0190629232674837 0.0253501739352942 0.0179047714918852 0.0126110892742872 0.0124103901907802 0.0152523694559932 0.0139390444383025 0.00631396006792784 0.00239573116414249 0.00146056932862848 0.000339209014782682 6.12821895629168e-05 0.000154946435941383 0.000109329979750328 8.08367360605189e-07
0.873888313770294 0.823855042457581 0.764968574047089 0.752652585506439 0.756994843482971 0.814315438270569 0.732528030872345 0.609207451343536 0.473494678735733 0.397233903408051 0.394920587539673 0.336299151182175 0.306900292634964 0.306457251310349 0.289462298154831 0.288374215364456 0.255641311407089 0.229597181081772 0.242866232991219 0.295612901449203 0.362191498279572 0.507272660732269 0.556337118148804 0.549639940261841 0.486452639102936 0.502720057964325 0.49361863732338 0.422426104545593 0.176019623875618 0.109611339867115 0.0534433834254742 0.161688417196274 0.219349220395088 0.116823934018612 0.0217118971049786 0.00660935649648309 0.00331851514056325 0.00685156742110848 0.00701281661167741 0.00660607917234302 0.00309487851336598 0.000400458608055487 4.72504216304515e-05 0.000179398746695369 0.000155285510118119 8.78646824276075e-05
0.911952257156372 0.723583161830902 0.76108717918396 0.749611854553223 0.758270621299744 0.724400341510773 0.815510988235474 0.723441421985626 0.573653697967529 0.418011873960495 0.34395158290863 0.316749662160873 0.26739564538002 0.2743199467659 0.262460887432098 0.269860357046127 0.252745717763901 0.246237009763718 0.255386203527451 0.222589060664177 0.292869448661804 0.352471858263016 0.47861322760582 0.45623990893364 0.512790501117706 0.457908004522324 0.511721312999725 0.525290727615356 0.342264324426651 0.232282295823097 0.427359640598297 0.324440628290176 0.438708633184433 0.104633040726185 0.0135290157049894 0.0105847725644708 0.00470063462853432 0.00260530179366469 0.00315409363247454 0.0199133697897196 0.00633965851739049 0.00111541163641959 0.000160199735546485 0.00018373885541223 0.000197244313312694 0.000127424340462312
0.904610812664032 0.828408420085907 0.721177220344543 0.753011584281921 0.727340459823608 0.736129879951477 0.811702609062195 0.774159252643585 0.612485468387604 0.422768294811249 0.33389601111412 0.307400912046432 0.233260557055473 0.258907675743103 0.243181794881821 0.258046358823776 0.257557779550552 0.245940357446671 0.217050269246101 0.182974338531494 0.170629233121872 0.250773400068283 0.340766400098801 0.421725273132324 0.370840847492218 0.406598329544067 0.527092278003693 0.505467236042023 0.544459939002991 0.391554057598114 0.595561623573303 0.54832661151886 0.331661820411682 0.308711320161819 0.168684080243111 0.0507689788937569 0.00737375440075994 0.00185047253035009 0.00494770845398307 0.0205502919852734 0.0113114137202501 0.0030400762334466 0.000471626000944525 0.000179161957930773 0.00023733290436212 0.000140620832098648
0.923025846481323 0.870274305343628 0.684886574745178 0.749730110168457 0.744915187358856 0.7214075922966 0.740218102931976 0.765252709388733 0.662222802639008 0.458270788192749 0.351512312889099 0.300450712442398 0.249832049012184 0.24186472594738 0.23966757953167 0.26065456867218 0.270438075065613 0.236715734004974 0.200539037585258 0.150700584053993 0.148094698786736 0.143403306603432 0.201775684952736 0.216619193553925 0.234189510345459 0.375831633806229 0.533221125602722 0.587994158267975 0.529744744300842 0.567062795162201 0.586443603038788 0.510150015354156 0.119103267788887 0.0838712230324745 0.0570280067622662 0.0773932412266731 0.00846301391720772 0.00331000750884414 0.00232891668565571 0.00805480405688286 0.0152842933312058 0.00758729735389352 0.00159627140965313 0.000389991386327893 0.000336559693096206 5.54432735953014e-05
0.828671813011169 0.843282997608185 0.797216355800629 0.684823453426361 0.712771832942963 0.697080671787262 0.71787965297699 0.767353475093842 0.699855148792267 0.535864412784576 0.372090101242065 0.291554272174835 0.241357237100601 0.23217985033989 0.20377242565155 0.198065504431725 0.239476948976517 0.207736924290657 0.182186752557755 0.156986564397812 0.110479436814785 0.101702779531479 0.12317530810833 0.132625937461853 0.212401300668716 0.23826964199543 0.42108678817749 0.476487010717392 0.556171894073486 0.569707691669464 0.62541937828064 0.632834315299988 0.420250058174133 0.104978650808334 0.0422159731388092 0.0381486006081104 0.0271679945290089 0.00918324757367373 0.00290927453897893 0.00451058801263571 0.00188502401579171 0.001906723016873 0.00479690823704004 0.000518489745445549 0.000368126988178119 0.000284702924545854
