data/climate_estimation/maxent_output/Calochortus_coeruleus.asc
NCOLS 71 
NROWS 74 
XLLCORNER -124.333333333333 
YLLCORNER 36 
CELLSIZE 0.0833333333333334 
NODATA_value -3.4e+38 
[rows 0 to 20 of 74, columns 0 to 45 of 71]
0.076287709176540 0.121300123631954 0.182104900479317 0.301129013299942 0.376480221748352 0.458042174577713 0.552480101585388 0.673291087150574 0.590602993965149 0.629456102848053 0.731725931167603 0.706042766571045 0.665085315704346 0.683367609977722 0.507685124874115 0.299825578927994 0.247756093740463 0.38952311873436 0.518385171890259 0.541650116443634 0.169853165745735 0.175148457288742 0.451948255300522 0.245926141738892 0.225597396492958 0.156272321939468 0.115773923695087 0.074526883661747 0.0552641078829765 0.03729547560215 0.0292165260761976 0.0273550823330879 0.0220576971769333 0.018675122410059 0.0144774308428168 0.0143146179616451 0.0131450351327658 0.0108507107943296 0.0141098871827126 0.0137491980567575 0.015798207372427 0.0140447532758117 0.0139345768839121 0.0161189418286085 0.014537607319653 0.0126676773652434
0.0529040582478046 0.0907299965620041 0.145415067672729 0.268952190876007 0.382648766040802 0.482601076364517 0.608339488506317 0.623234391212463 0.694907486438751 0.770200669765472 0.689739584922791 0.590620160102844 0.635027647018433 0.703242778778076 0.465033710002899 0.515963673591614 0.590003252029419 0.512440204620361 0.536290168762207 0.504591286182404 0.263779401779175 0.358069628477097 0.283889412879944 0.127451807260513 0.128479808568954 0.0914686173200607 0.0716003999114037 0.0587987899780273 0.042347326874733 0.0327339693903923 0.0275511164218187 0.0218986570835114 0.0183181203901768 0.012354776263237 0.0113158188760281 0.0119980266317725 0.0169458799064159 0.0108120702207088 0.0128563726320863 0.0133668631315231 0.0135603444650769 0.0161349792033434 0.016036244109273 0.0134566873311996 0.015068874694407 0.0123434774577618
-3.4e+38 0.081427089869976 0.13301707804203 0.261949568986893 0.369599968194962 0.526517570018768 0.610286355018616 0.645349860191345 0.626097202301025 0.651453733444214 0.729319334030151 0.750919222831726 0.652601897716522 0.731031835079193 0.684075534343719 0.603458940982819 0.567207336425781 0.463899433612823 0.339354604482651 0.363468796014786 0.113283336162567 0.0858001559972763 0.0564352497458458 0.0540860965847969 0.0765173733234406 0.0751200690865517 0.0612799189984798 0.0391120351850986 0.0286066979169846 0.02705979347229 0.0237953271716833 0.0193116962909698 0.0155745074152946 0.0105572333559394 0.00894141476601362 0.00926817860454321 0.0101879173889756 0.0113664334639907 0.0112829115241766 0.012717554345727 0.0147054102271795 0.0144334537908435 0.0163696762174368 0.0151439616456628 0.0143052637577057 0.0161161292344332
-3.4e+38 0.0605879202485085 0.105562932789326 0.253507524728775 0.311558216810226 0.475177258253098 0.506585299968719 0.594308257102966 0.412578791379929 0.699748337268829 0.747742474079132 0.748426616191864 0.706098675727844 0.682709038257599 0.531180083751678 0.442743420600891 0.576206505298615 0.237550735473633 0.136662200093269 0.101599030196667 0.166073769330978 0.0581322126090527 0.0473688244819641 0.0653920322656631 0.114389985799789 0.0951894521713257 0.0388962663710117 0.0278998427093029 0.0218336749821901 0.0239555463194847 0.0210920907557011 0.0168411713093519 0.0144518706947565 0.0112439729273319 0.00959290284663439 0.00936653837561607 0.0101702241227031 0.0123941814526916 0.0121060330420732 0.0130557334050536 0.0123360231518745 0.0148070380091667 0.0131370779126883 0.0128271784633398 0.0134786730632186 0.0122988363727927
-3.4e+38 0.0511800087988377 0.086417555809021 0.196956992149353 0.369777590036392 0.507356464862823 0.508844554424286 0.542673110961914 0.602493703365326 0.677483320236206 0.770148098468781 0.508837044239044 0.644614040851593 0.666456639766693 0.653204739093781 0.388904005289078 0.297032684087753 0.202303439378738 0.21034100651741 0.10492642223835 0.0538702309131622 0.0482695885002613 0.0488127693533897 0.0586509965360165 0.0919210761785507 0.101127929985523 0.0613141991198063 0.0233525168150663 0.0209982749074697 0.0284059029072523 0.0193613953888416 0.0179425291717052 0.0141646852716804 0.0132102388888597 0.0112894466146827 0.0108172930777073 0.0103894434869289 0.0110080577433109 0.0121174091473222 0.0136070679873228 0.0149433948099613 0.0150344939902425 0.0135202510282397 0.0132826026529074 0.0131782479584217 0.0126919196918607
-3.4e+38 0.055112712085247 0.115477673709393 0.202989935874939 0.341567814350128 0.408224672079086 0.576834678649902 0.546352505683899 0.635055780410767 0.739610433578491 0.630740463733673 0.637015104293823 0.831835627555847 0.67290997505188 0.705222964286804 0.628405749797821 0.491118550300598 0.365195095539093 0.314078599214554 0.163790568709373 0.0399648882448673 0.0392011404037476 0.0562299527227879 0.0608880110085011 0.0851593837141991 0.117045201361179 0.0571784600615501 0.0397319085896015 0.0320456698536873 0.0305103417485952 0.0268688220530748 0.0248486883938313 0.0222765635699034 0.0182337667793036 0.0131487818434834 0.0134038990363479 0.0132310222834349 0.0114731406792998 0.0136167705059052 0.014914071187377 0.0165042616426945 0.0150906685739756 0.0152215762063861 0.0123690133914351 0.0112498681992292 0.0116591425612569
-3.4e+38 -3.4e+38 0.105626985430717 0.16603596508503 0.349932610988617 0.470244646072388 0.575705707073212 0.508387446403503 0.730256259441376 0.745603382587433 0.642739653587341 0.833032250404358 0.785943746566772 0.503772795200348 0.690796554088593 0.660228312015533 0.21855129301548 0.119821265339851 0.117247954010963 0.152153894305229 0.155279144644737 0.0641164779663086 0.0792799070477486 0.0930475816130638 0.11168560385704 0.0998819246888161 0.0764207541942596 0.0570984147489071 0.0512930825352669 0.0435723885893822 0.0454388968646526 0.0372563637793064 0.0457383282482624 0.0413366034626961 0.022778857499361 0.0148759819567204 0.0161474291235209 0.0152500737458467 0.015349387191236 0.0177875533699989 0.0180262830108404 0.0152629222720861 0.0139072732999921 0.0137841645628214 0.0114755565300584 0.0118006551638246
-3.4e+38 -3.4e+38 0.0839658752083778 0.138543978333473 0.273553520441055 0.476573526859283 0.54829603433609 0.551568686962128 0.729228258132935 0.662934720516205 0.792337596416473 0.598831832408905 0.639431715011597 0.650840044021606 0.51886785030365 0.603893101215363 0.302089899778366 0.105619683861732 0.141558527946472 0.204118296504021 0.176211789250374 0.0911515578627586 0.130550637841225 0.174053117632866 0.17895133793354 0.126590192317963 0.136266678571701 0.109956569969654 0.086931087076664 0.0628293231129646 0.058294489979744 0.050625141710043 0.0550108663737774 0.0469421297311783 0.0335332229733467 0.0227688066661358 0.0195161644369364 0.0160809420049191 0.0173338633030653 0.0185710191726685 0.0177552532404661 0.0146964164450765 0.0127776982262731 0.0134621430188417 0.0113480482250452 0.00927966646850109
-3.4e+38 -3.4e+38 -3.4e+38 0.155186370015144 0.234251603484154 0.440152853727341 0.575639247894287 0.671522200107574 0.707546651363373 0.70583564043045 0.782585859298706 0.83739298582077 0.831404089927673 0.666047215461731 0.657976746559143 0.617025375366211 0.61441433429718 0.140178188681602 0.153371393680573 0.348546057939529 0.285907000303268 0.297011196613312 0.223563984036446 0.226179584860802 0.219089969992638 0.275750756263733 0.187109753489494 0.135710716247559 0.113764233887196 0.112750440835953 0.0912657752633095 0.0682755261659622 0.0561540275812149 0.0424626246094704 0.0358524359762669 0.0294795371592045 0.0251070354133844 0.0231265425682068 0.022370558232069 0.0183340199291706 0.0165116135030985 0.0176364034414291 0.0134473787620664 0.0115133887156844 0.00797275360673666 0.0065818433649838
-3.4e+38 -3.4e+38 -3.4e+38 0.127303168177605 0.287210613489151 0.412166953086853 0.542165577411652 0.712257742881775 0.739320576190948 0.757570803165436 0.690317332744598 0.705226719379425 0.622898638248444 0.736770391464233 0.78616338968277 0.688651502132416 0.606709539890289 0.254987269639969 0.255607187747955 0.285895049571991 0.500564157962799 0.415735840797424 0.409634470939636 0.437422692775726 0.35861811041832 0.199397906661034 0.269653648138046 0.321999251842499 0.404441922903061 0.18629863858223 0.157253548502922 0.132081598043442 0.106687024235725 0.073994092643261 0.0524579845368862 0.0392812266945839 0.0298765785992146 0.025866637006402 0.0257850252091885 0.022229140624404 0.0201980508863926 0.0200666449964046 0.0150638790801167 0.0102647021412849 0.00997119210660458 0.00711584091186523
-3.4e+38 -3.4e+38 0.0929732471704483 0.161756858229637 0.311417669057846 0.435305267572403 0.546201586723328 0.665354371070862 0.705084264278412 0.639312207698822 0.781916856765747 0.715506732463837 0.735982179641724 0.840587556362152 0.719509243965149 0.722592413425446 0.53368479013443 0.587319791316986 0.452554881572723 0.554273903369904 0.547073245048523 0.488549202680588 0.480555802583694 0.677078545093536 0.80815863609314 0.640787899494171 0.838961958885193 0.860750615596771 0.813516974449158 0.672385156154633 0.364234298467636 0.232492655515671 0.175813674926758 0.107996866106987 0.0790853202342987 0.0568630956113338 0.0354987531900406 0.0321677438914776 0.0262991767376661 0.02927241101861 0.0206915661692619 0.0209552217274904 0.0195077266544104 0.0137570053339005 0.0126996366307139 0.0076691759750247
-3.4e+38 -3.4e+38 0.101061344146729 0.193733587861061 0.371322631835938 0.501160204410553 0.552655458450317 0.64292985200882 0.73336273431778 0.753893792629242 0.775390625 0.804590106010437 0.725484430789948 0.654147028923035 0.822687387466431 0.794902384281158 0.564849019050598 0.640987455844879 0.543383657932281 0.677494525909424 0.598926305770874 0.578681826591492 0.562930643558502 0.692612588405609 0.751546084880829 0.805368602275848 0.74069744348526 0.813875138759613 0.796709358692169 0.693475604057312 0.556180477142334 0.476124972105026 0.315980911254883 0.150796636939049 0.101978167891502 0.0728380382061005 0.053743876516819 0.0401371717453003 0.0292986333370209 0.0250314734876156 0.0204641819000244 0.0157150495797396 0.0196035653352737 0.0177789628505707 0.0146330809220672 0.00937839318066835
-3.4e+38 -3.4e+38 0.121172033250332 0.226293131709099 0.378699392080307 0.51019150018692 0.594118297100067 0.627929091453552 0.716684818267822 0.710774958133698 0.723691761493683 0.791273653507233 0.80803918838501 0.843113958835602 0.74420964717865 0.785744547843933 0.641868948936462 0.732442796230316 0.711579084396362 0.630146920681 0.707185983657837 0.711306154727936 0.625944793224335 0.756946682929993 0.787837982177734 0.82839447259903 0.791815400123596 0.890936672687531 0.874582409858704 0.865367352962494 0.72618842124939 0.557448863983154 0.427272975444794 0.197526350617409 0.110847428441048 0.0712508782744408 0.0717576444149017 0.0442075431346893 0.034729789942503 0.0289538688957691 0.024824496358633 0.0190348457545042 0.0159250721335411 0.0160366762429476 0.0124175930395722 0.0116876680403948
-3.4e+38 -3.4e+38 0.113697148859501 0.211133673787117 0.352882862091064 0.513606071472168 0.636798441410065 0.651278913021088 0.685803055763245 0.795928478240967 0.68474680185318 0.809786200523376 0.856374502182007 0.803833484649658 0.826308131217957 0.733587384223938 0.659193098545074 0.539749264717102 0.771283686161041 0.616752147674561 0.696881830692291 0.856386363506317 0.876222372055054 0.510264992713928 0.805230855941772 0.677971482276917 0.848448157310486 0.804312944412231 0.639872372150421 0.780501425266266 0.883872747421265 0.721592843532562 0.388810724020004 0.242972329258919 0.118381060659885 0.0773239582777023 0.0642953738570213 0.0588863976299763 0.0460435375571251 0.0392471514642239 0.0279787294566631 0.0213797613978386 0.0199186634272337 0.0130275590345263 0.0123650310561061 0.00899673346430063
-3.4e+38 -3.4e+38 0.103579379618168 0.172582775354385 0.403499364852905 0.537471234798431 0.606093108654022 0.713421285152435 0.64057195186615 0.776407241821289 0.806780815124512 0.746883273124695 0.830687284469604 0.717824041843414 0.839874863624573 0.495599091053009 0.763218522071838 0.548128545284271 0.781655728816986 0.553800404071808 0.707755744457245 0.822582840919495 0.439474135637283 0.42851334810257 0.693450510501862 0.509592890739441 0.644826471805573 0.702769815921783 0.719759285449982 0.864667534828186 0.926157891750336 0.821536779403687 0.373478382825851 0.173099592328072 0.154246971011162 0.112328328192234 0.0950620695948601 0.0723590329289436 0.0653181150555611 0.0448564663529396 0.0313499458134174 0.0266452431678772 0.0187240671366453 0.0156296137720346 0.0125968735665083 0.00741246109828353
-3.4e+38 0.0675356760621071 0.0953942686319351 0.186266124248505 0.334565997123718 0.55256587266922 0.638569891452789 0.717765629291534 0.687892496585846 0.68587064743042 0.756147801876068 0.815341770648956 0.850825190544128 0.871609687805176 0.732157826423645 0.881822526454926 0.865932643413544 0.857828199863434 0.598013460636139 0.586420238018036 0.807190597057343 0.777331829071045 0.491680979728699 0.266078978776932 0.36994281411171 0.479903608560562 0.437968075275421 0.581146061420441 0.619032144546509 0.930630803108215 0.941207110881805 0.899432182312012 0.604125738143921 0.273575454950333 0.269310593605042 0.254734247922897 0.185014441609383 0.133016794919968 0.0797539204359055 0.0550167299807072 0.0408268794417381 0.026847692206502 0.0203003715723753 0.0151393618434668 0.0113184954971075 0.00677639013156295
-3.4e+38 0.0628146901726723 0.0976287350058556 0.227564290165901 0.404221415519714 0.472704142332077 0.618929207324982 0.673794507980347 0.750504374504089 0.761682987213135 0.780278265476227 0.747036278247833 0.711618185043335 0.825536787509918 0.556246340274811 0.731191754341125 0.879467248916626 0.635854423046112 0.532908797264099 0.771704077720642 0.578279554843903 0.654615104198456 0.494452685117722 0.22301396727562 0.260863482952118 0.357436865568161 0.378087729215622 0.471924543380737 0.609264135360718 0.906795620918274 0.904744207859039 0.928683578968048 0.705771327018738 0.674287140369415 0.3235764503479 0.367576986551285 0.226675510406494 0.147259414196014 0.117735289037228 0.0776151344180107 0.0504520833492279 0.0413311384618282 0.0246806889772415 0.0163583718240261 0.0127758048474789 0.00895933620631695
0.0628826096653938 0.0781268328428268 0.133323088288307 0.248059928417206 0.446499347686768 0.554836928844452 0.568101048469543 0.644115746021271 0.79600203037262 0.722415685653687 0.817654013633728 0.825819253921509 0.788301110267639 0.767017424106598 0.869334399700165 0.529356122016907 0.560216903686523 0.519513249397278 0.539432525634766 0.723461210727692 0.475155591964722 0.697337508201599 0.276287943124771 0.211448818445206 0.269459813833237 0.251215577125549 0.320265412330627 0.417130500078201 0.724928021430969 0.919717311859131 0.915736675262451 0.886485755443573 0.627520263195038 0.553368508815765 0.637276530265808 0.511716723442078 0.324308544397354 0.223740920424461 0.145806670188904 0.098354272544384 0.0778030529618263 0.0502750352025032 0.0318600237369537 0.0202417839318514 0.0183501299470663 0.0116005586460233
0.0624365992844105 0.0875379145145416 0.180076375603676 0.358251661062241 0.460780113935471 0.584318220615387 0.683443903923035 0.725754499435425 0.718901753425598 0.773983955383301 0.745177626609802 0.762459278106689 0.759154260158539 0.866310596466064 0.799960315227509 0.729259550571442 0.494724094867706 0.649104058742523 0.727553009986877 0.775638103485107 0.57772308588028 0.278722256422043 0.227467387914658 0.193126201629639 0.191596001386642 0.235818237066269 0.289081007242203 0.346029490232468 0.519952356815338 0.771000742912292 0.929873168468475 0.840870440006256 0.669609427452087 0.715996980667114 0.753540992736816 0.565782487392426 0.438774943351746 0.327176570892334 0.23397621512413 0.152586743235588 0.0961231291294098 0.0664853602647781 0.0393133834004402 0.0267312824726105 0.0208347048610449 0.0132013633847237
0.103301227092743 0.129584118723869 0.183142066001892 0.29792246222496 0.477364599704742 0.605627834796906 0.676272213459015 0.708675026893616 0.770780980587006 0.782270133495331 0.788990557193756 0.835903465747833 0.872316122055054 0.67118626832962 0.670400559902191 0.829260110855103 0.754614591598511 0.794572949409485 0.921535730361938 0.780742704868317 0.661517262458801 0.279936730861664 0.210404276847839 0.212611749768257 0.205355122685432 0.215201213955879 0.254094153642654 0.361177176237106 0.59796279668808 0.832933962345123 0.931091368198395 0.950875461101532 0.891829907894135 0.657695829868317 0.593068182468414 0.490218937397003 0.487904965877533 0.369955122470856 0.30425888299942 0.236253693699837 0.165014937520027 0.109837576746941 0.067644827067852 0.0406223870813847 0.0221894178539515 0.0153511427342892
0.118960060179234 0.176254957914352 0.232372105121613 0.336195349693298 0.392216354608536 0.55897182226181 0.645192801952362 0.743838727474213 0.743659317493439 0.785078704357147 0.836847603321075 0.832364201545715 0.883086740970612 0.806094229221344 0.768291056156158 0.859915375709534 0.88955295085907 0.741495370864868 0.621255934238434 0.390931487083435 0.24620209634304 0.234181389212608 0.234480336308479 0.208892822265625 0.239754125475883 0.219704315066338 0.266342610120773 0.422390222549438 0.592311799526215 0.705824196338654 0.875949025154114 0.946475982666016 0.851583003997803 0.571705162525177 0.603982925415039 0.647574663162231 0.525167226791382 0.486117988824844 0.437711983919144 0.352100163698196 0.241003572940826 0.159079670906067 0.107890471816063 0.0543898195028305 0.0352195985615253 0.0179977361112833
