data/climate_estimation/maxent_output/Calochortus_nigrescens.asc
NCOLS 73 
NROWS 85 
XLLCORNER -102.166666666667 
YLLCORNER 16.0833333333333 
CELLSIZE 0.0833333333333333 
NODATA_value -3.4e+38 
[rows 57 to 75 of 85, columns 0 to 42 of 73]
0.00500739272683859 0.00243632192723453 0.000952976522967219 0.000118416734039783 0.000174160551978275 0.000244995055254549 0.000610153190791607 0.00267698708921671 0.00066720211179927 5.69176518183667e-05 7.85702868597582e-05 9.35067582759075e-05 6.060463419999e-05 7.57135876483517e-06 2.42053306465095e-06 1.66547260960215e-06 5.10756535732071e-06 1.55304815052659e-06 1.26250972698472e-06 1.43598072099849e-06 1.16728483590123e-06 1.21568905342428e-06 7.25730672002101e-07 3.50633536072564e-06 2.83695990219712e-05 0.000249190081376582 0.000636248616501689 0.0127693181857467 0.00930078327655792 0.00387275940738618 0.00296555086970329 0.00152684433851391 0.00221490208059549 0.0294144004583359 0.0955604985356331 0.015258377417922 0.009124337695539 0.00920143164694309 0.0055767772719264 0.00827610492706299 0.0130136115476489 0.0113595146685839 0.0211009960621595
0.00126036128494889 0.00223661540076137 0.000304534420138225 8.22510846774094e-05 7.65676231821999e-05 1.90488117368659e-05 3.59484474756755e-05 0.00120750186033547 0.00283979834057391 0.00178562162909657 0.000292131007881835 0.00036573430406861 0.000181321796844713 2.348430280108e-05 1.71455685631372e-05 1.84054783858301e-06 3.87036288884701e-06 2.07532480089867e-06 1.94161248145974e-06 1.0737065167632e-05 1.73670582626073e-06 7.48079287404835e-07 8.70737665081833e-07 7.51242714613909e-06 3.99210402974859e-05 0.000209516263566911 0.000147450977237895 0.00422564288601279 0.0153139112517238 0.00138378830160946 0.000157665403094143 0.000532626290805638 0.000540246604941785 0.00182573031634092 0.00304275075905025 0.0088381003588438 0.00747545016929507 0.00683793751522899 0.00343100191093981 0.00556684052571654 0.00545841595157981 0.00760887330397964 0.0134924063459039
0.000229105324251577 0.000225727228098549 0.000199741625692695 0.000345680862665176 9.3737464339938e-05 7.95264058979228e-05 6.76452109473757e-05 0.000176764471689239 0.00253940327093005 0.142389118671417 0.0446789860725403 0.00556572480127215 0.000417937058955431 6.33236340945587e-05 3.52310416928958e-05 3.76914681510243e-06 8.99200495041441e-06 8.29415148473345e-06 8.15949442767305e-06 7.33224624127615e-07 1.25165399822436e-06 7.70284202644689e-07 1.58793670834712e-06 1.14578751890804e-05 7.36356232664548e-05 0.000527742668054998 9.5026167400647e-05 0.0034863855689764 0.0148205477744341 0.000591467309277505 0.00014829337305855 0.000781523645855486 0.000514909042976797 0.0170478448271751 0.0188476853072643 0.00783254392445087 0.00698316283524036 0.00553883379325271 0.00510989781469107 0.00883659161627293 0.00546101713553071 0.00684706075116992 0.014193169772625
0.000219542183913291 0.000263929890934378 0.000189350976143032 0.000483353534946218 0.000134704052470624 6.31326984148473e-05 7.38393428036943e-05 5.68909708817955e-05 0.000479966896818951 0.0309869237244129 0.0532895214855671 0.00913725141435862 0.000932980328798294 0.00195028760936111 0.00017496309010312 6.7433669755701e-05 5.51950361113995e-05 1.82226303877542e-05 1.60505733219907e-05 1.63693198373949e-06 1.19492131034349e-06 8.81485959780548e-07 9.75195689534303e-07 4.14491069022915e-06 3.01500185742043e-05 7.83315117587335e-05 0.00157447287347168 0.00242771091870964 0.00258146342821419 0.00041649118065834 0.000547107483725995 0.000437193550169468 0.000694205926265568 0.019996190443635 0.0300163384526968 0.00518959807232022 0.00367375486530364 0.00775421457365155 0.00716156139969826 0.0402789898216724 0.00778091698884964 0.0120256636291742 0.0111336885020137
3.0335771953105e-05 2.79449322988512e-05 3.24249049299397e-05 3.52970855601598e-05 4.85809177916963e-05 3.16051373374648e-05 6.47585766273551e-05 4.55443769169506e-05 0.000131083070300519 0.00855356268584728 0.00632559042423964 0.0173860620707273 0.00143591372761875 0.000645425112452358 0.000150170002598315 0.000423593824962154 0.000103764970845077 5.60811822651885e-05 6.85477134538814e-05 1.43244169521495e-05 1.06317302197567e-05 2.86012400465552e-05 4.87532997794915e-05 1.87608384294435e-05 1.54991375893587e-05 4.36673362855799e-05 0.000134015164803714 0.000698709685821086 0.000119202224595938 0.000416570605011657 0.000611834868323058 0.000402118457714096 0.000841933826450258 0.023550858721137 0.0362285524606705 0.00761229358613491 0.00202984549105167 0.00308057898655534 0.00242257746867836 0.0153808780014515 0.015168528072536 0.00742120901122689 0.0132097909227014
1.93802134162979e-05 1.93093383131782e-05 2.03510207938962e-05 2.4406508600805e-05 2.92955610348145e-05 0.000105083861853927 0.000214183426578529 0.000985877471975982 0.00402184249833226 0.0020550130866468 0.00291586481034756 0.0351651832461357 0.031816303730011 0.00297317886725068 0.00284745241515338 0.00474455021321774 0.000415444461395964 0.000357214506948367 0.000243198475800455 0.000145778452861123 4.42937489424367e-05 3.41109807777684e-05 0.00231513939797878 0.00029870800790377 2.83463068626588e-05 1.56985370267648e-05 0.000319705810397863 0.000403692713007331 0.000361482903826982 0.00105377938598394 0.000132772969664074 0.000145434387377463 0.000130509448354132 0.000420375523390248 0.0068934909068048 0.0316676944494247 0.00499173579737544 0.0079134926199913 0.00695499964058399 0.0334305688738823 0.0213068071752787 0.0126623557880521 0.0284043252468109
-3.4e+38 -3.4e+38 -3.4e+38 1.83570318768034e-05 1.91209546755999e-05 2.2873822672409e-05 0.000141125085065141 0.0073588490486145 0.000385323684895411 0.000177862690179609 0.00272377720102668 0.00599583378061652 0.0505454689264297 0.109177000820637 0.0922598317265511 0.00712410500273108 0.00351982936263084 0.0022919166367501 0.00137276109308004 0.00166402163449675 0.000452702952316031 0.000505534349940717 0.00163626228459179 0.00280701997689903 0.000142129138112068 0.000400469580199569 0.000356279604602605 0.00196175463497639 0.00296822702512145 0.0238371714949608 0.00096440443303436 0.00110641273204237 0.00315537792630494 0.011069493368268 0.0058405757881701 0.00836385693401098 0.0048936097882688 0.00761328032240272 0.00970946159213781 0.0180131010711193 0.121602773666382 0.0496958941221237 0.0185879021883011
-3.4e+38 -3.4e+38 -3.4e+38 -3.4e+38 1.51695303429733e-05 2.0342942661955e-05 2.53497491939925e-05 3.88970038329717e-05 0.000126271566841751 0.000591785355936736 0.00126321928109974 0.00113310583401471 0.0274065397679806 0.0821962058544159 0.0923801735043526 0.0474217347800732 0.0553261749446392 0.00399359874427319 0.0071354303508997 0.00583447236567736 0.00551410624757409 0.00354092777706683 0.0202677622437477 0.000747249985579401 0.000558895117137581 0.0011326129315421 0.00207994715310633 0.00443215388804674 0.00510930828750134 0.0082217650488019 0.0019092975417152 0.00197107996791601 0.00878599472343922 0.0162227861583233 0.0752647891640663 0.0615871213376522 0.103119045495987 0.079106792807579 0.0111373122781515 0.0875259265303612 0.127833008766174 0.104951150715351 0.0305743142962456
-3.4e+38 -3.4e+38 -3.4e+38 -3.4e+38 -3.4e+38 1.57712656800868e-05 1.62553296831902e-05 7.7295713708736e-05 0.000123219972010702 0.000179016598849557 0.00017396175826434 0.000362711376510561 0.000930455164052546 0.00179541227407753 0.0210437905043364 0.0455972366034985 0.0446519516408443 0.0240447670221329 0.0233020968735218 0.0312481392174959 0.0131191089749336 0.0118207111954689 0.0195831749588251 0.00198006862774491 0.00541006773710251 0.00158599333371967 0.0118375550955534 0.0290516763925552 0.0150282522663474 0.00616612192243338 0.00288442894816399 0.00319024571217597 0.0125126447528601 0.0312123037874699 0.0365486480295658 0.0311240237206221 0.0812909677624702 0.0868463292717934 0.0982934311032295 0.095655657351017 0.184582203626633 0.221190243959427 0.123347572982311
-339999999999999996123846586046231871488.000000000000000 -3.4e+38 -3.4e+38 -3.4e+38 -3.4e+38 -3.4e+38 1.77780511876335e-05 2.11126825888641e-05 1.80225306394277e-05 1.71284809766803e-05 0.000191690938663669 0.000283196568489075 0.000232703911024146 0.00105015467852354 0.00150333857163787 0.00798878073692322 0.00986066740006208 0.00786388386040926 0.0150001952424645 0.0462161786854267 0.0406594276428223 0.0323918648064137 0.0466502532362938 0.00538998516276479 0.0203398577868938 0.0168254543095827 0.00680032465606928 0.036105215549469 0.0220935773104429 0.0133277168497443 0.0177553612738848 0.00792831834405661 0.0254201516509056 0.0294504296034575 0.05550317466259 0.0422130674123764 0.0485891290009022 0.0559666007757187 0.0560876131057739 0.150036662817001 0.0376454815268517 0.246526092290878 0.136920914053917
-3.4e+38 -3.4e+38 -3.4e+38 -3.4e+38 -3.4e+38 -3.4e+38 -3.4e+38 -3.4e+38 1.32489012685255e-05 1.36035087052733e-05 1.23477348097367e-05 0.000155072862980887 0.00289285974577069 0.000327281130012125 0.0015596579760313 0.000971214496530592 0.00362659245729446 0.00147406861651689 0.00162042677402496 0.00737183261662722 0.0392209477722645 0.0317573361098766 0.0485008656978607 0.0279640853404999 0.0203650910407305 0.0404772311449051 0.0146409487351775 0.0171818863600492 0.0126334866508842 0.0320550613105297 0.0340509563684464 0.0403430312871933 0.0343405231833458 0.0316838808357716 0.0534158535301685 0.0424900911748409 0.0503999665379524 0.0624081715941429 0.0533982515335083 0.0975687727332115 0.106807254254818 0.30397954583168 0.173798441886902
-3.4e+38 -3.4e+38 -3.4e+38 -3.4e+38 -3.4e+38 -3.4e+38 -3.4e+38 -3.4e+38 -3.4e+38 1.32015056806267e-05 1.16010869533056e-05 1.40335305331973e-05 0.000278404884738848 0.000123164296383038 0.00138031819369644 0.000694689981173724 0.00458722095936537 0.000633534276857972 8.10881465440616e-05 0.00145228579640388 0.00411477265879512 0.00334988045506179 0.00543716782703996 0.0108702629804611 0.0469707511365414 0.0344698056578636 0.0151952765882015 0.000840506865642965 0.00185457617044449 0.00290353875607252 0.0328235104680061 0.0426444001495838 0.00472994428128004 0.0173943694680929 0.031428400427103 0.0265779010951519 0.0394848026335239 0.0768534913659096 0.0666684433817863 0.293649405241013 0.113613203167915 0.129570007324219 0.303411066532135
-3.4e+38 -3.4e+38 -3.4e+38 -3.4e+38 -3.4e+38 -3.4e+38 -3.4e+38 -3.4e+38 -3.4e+38 -3.4e+38 -3.4e+38 1.37022634589812e-05 1.09120910565252e-05 3.85371276934166e-05 0.00062104023527354 6.90481174387969e-05 0.000135382215376012 0.00141776818782091 7.36852234695107e-05 0.000119647731480654 0.000654149509500712 0.000437516893725842 0.000746577570680529 0.00102181581314653 0.00945768225938082 0.0221656169742346 0.00904509052634239 0.00121776678133756 0.000776637985836715 0.000442035379819572 0.000511279446072876 0.0112695815041661 0.000782860966864973 0.0889716967940331 0.0624629333615303 0.0176456868648529 0.00271126651205122 0.019015034660697 0.102041929960251 0.169099047780037 0.290389835834503 0.297700554132462 0.2573222219944
-3.4e+38 -3.4e+38 -3.4e+38 -3.4e+38 -3.4e+38 -3.4e+38 -3.4e+38 -3.4e+38 -3.4e+38 -3.4e+38 -3.4e+38 -3.4e+38 -3.4e+38 9.33264527702704e-06 7.25994868844282e-06 1.56650767166866e-05 8.86603374965489e-05 0.000127524283016101 2.04979096452007e-05 0.000126729180919938 0.000431912281783298 2.49743734457297e-05 0.000533826474566013 0.000942323647905141 0.000667536281980574 0.00127549166791141 0.00260271364822984 0.00142137939110398 0.00346790836192667 0.000428735715104267 0.000113640548079275 0.000189773112651892 0.000212036611628719 0.000153703265823424 0.00161224801559001 0.004593919031322 0.00567027414217591 0.0741206109523773 0.0691997930407524 0.122136697173119 0.21470932662487 0.220828041434288 0.253992348909378
-3.4e+38 -3.4e+38 -3.4e+38 -3.4e+38 -3.4e+38 -3.4e+38 -3.4e+38 -3.4e+38 -3.4e+38 -3.4e+38 -3.4e+38 -3.4e+38 -3.4e+38 -3.4e+38 5.30038096258068e-06 4.28857129008975e-06 4.1243133637181e-06 3.33687717102293e-06 3.2706479942135e-06 1.12828347482719e-05 2.19401113099593e-06 7.59595204726793e-05 0.000300662097288296 0.000196718887309544 4.65124830952846e-05 0.000453443499282002 0.00343060004524887 0.0023233110550791 0.0014481843682006 0.000248565949732438 2.76550363196293e-05 4.55578847322613e-05 0.0003403908922337 8.49137213663198e-05 0.000149842933751643 5.7518613175489e-05 0.0156377945095301 0.0458451136946678 0.0199883971363306 0.0507784187793732 0.0353118740022182 0.0371865853667259 0.100943334400654
-3.4e+38 -3.4e+38 -3.4e+38 -3.4e+38 -3.4e+38 -3.4e+38 -3.4e+38 -3.4e+38 -3.4e+38 -3.4e+38 -3.4e+38 -3.4e+38 -3.4e+38 -3.4e+38 -3.4e+38 -3.4e+38 -3.4e+38 2.72282159130555e-06 2.29259330808418e-06 2.07732091439539e-06 8.35417552025319e-07 1.00648253464897e-06 1.76572229975136e-05 2.78005973086692e-05 1.33947569338488e-05 0.000106221094029024 0.00168918515555561 0.00285571510903537 0.000781630806159228 0.000242454421822913 4.42221789853647e-05 6.3668508119008e-06 1.49842717291904e-05 1.00899915196351e-05 4.53312131867278e-05 7.89869955042377e-05 0.00084017647895962 0.00397390034049749 0.00672911293804646 0.00769362226128578 0.0120833609253168 0.0737819448113441 0.0440361388027668
-3.4e+38 -3.4e+38 -3.4e+38 -3.4e+38 -3.4e+38 -3.4e+38 -3.4e+38 -3.4e+38 -3.4e+38 -3.4e+38 -3.4e+38 -3.4e+38 -3.4e+38 -3.4e+38 -3.4e+38 -3.4e+38 -3.4e+38 -3.4e+38 -3.4e+38 -3.4e+38 8.14583700048388e-07 8.62764352405065e-07 9.7865324732993e-07 5.73369152334635e-06 5.03164210385876e-06 4.75887190987123e-06 0.000105549523141235 0.000152799373609014 0.000112106514279731 5.1058301323792e-05 8.13131828181213e-06 4.31381658927421e-06 1.48504095704993e-05 9.57585143623874e-05 0.000119745433039498 3.18716010951903e-05 0.000114536407636479 0.000879437488038093 0.00593926990404725 0.0100989360362291 0.00916852615773678 0.0107565922662616 0.0236437059938908
-3.4e+38 -3.4e+38 -3.4e+38 -3.4e+38 -3.4e+38 -3.4e+38 -3.4e+38 -3.4e+38 -3.4e+38 -3.4e+38 -3.4e+38 -3.4e+38 -3.4e+38 -3.4e+38 -3.4e+38 -3.4e+38 -3.4e+38 -3.4e+38 -3.4e+38 -3.4e+38 -3.4e+38 -3.4e+38 -3.4e+38 1.12561622245266e-06 1.05089065982611e-06 1.18073876365088e-06 4.23238952862448e-06 2.37794738495722e-05 1.89807688002475e-05 1.92429724847898e-05 1.92166080523748e-05 7.64620654081227e-06 8.8405149654136e-06 6.2508748669643e-05 4.73119398520794e-05 1.17654808491352e-05 1.02402518677991e-05 0.000373968767235056 0.00823577214032412 0.00938579719513655 0.00023657652491238 0.000332181254634634 0.00280079734511673
-3.4e+38 -3.4e+38 -3.4e+38 -3.4e+38 -3.4e+38 -3.4e+38 -3.4e+38 -3.4e+38 -3.4e+38 -3.4e+38 -3.4e+38 -3.4e+38 -3.4e+38 -3.4e+38 -3.4e+38 -3.4e+38 -3.4e+38 -3.4e+38 -3.4e+38 -3.4e+38 -3.4e+38 -3.4e+38 -3.4e+38 -3.4e+38 -3.4e+38 2.66513552560355e-06 1.71032588696107e-05 6.09463386354037e-05 2.64591726590879e-05 3.67388493032195e-05 1.09143456938909e-05 1.30654470922309e-05 6.3423790379602e-06 2.71420831268188e-05 2.33120626944583e-05 9.42978022067109e-06 8.35034643387189e-06 0.000339742953656241 0.00077952299034223 0.00147007452324033 0.000733296503312886 0.000157332659000531 0.000105436534795444
