data/climate_estimation/maxent_output/Calochortus_purpureus.asc
NCOLS 273 
NROWS 207 
XLLCORNER -115.416666666667 
YLLCORNER 15.75 
CELLSIZE 0.0833333333333333 
NODATA_value -3.4e+38 
[rows 22 to 43 of 207, columns 150 to 199 of 273]
0.00157905707601458 0.00156470155343413 0.0018262550001964 0.0019839929882437 0.00182169512845576 0.00164044718258083 0.00184381299186498 0.0016965907998383 0.00161763618234545 0.00132789602503181 0.00125800736714154 0.00120594957843423 0.0010686555178836 0.000961412442848086 0.000945876236073673 0.000860127795021981 0.000727026199456304 0.000663794868160039 0.000583531975280493 0.000631144328508526 0.000550546450540423 0.00051023083506152 0.000473825115477666 0.000437764218077064 0.000391632784157991 0.000390734319807962 0.000392406713217497 0.000371428002836183 0.000362381397280842 0.000360617676051334 0.000329539208905771 0.000333673262502998 0.000301021063933149 0.000298033439321443 0.000277458661003038 0.000271176657406613 0.000245397619437426 0.000242336260271259 0.000238659049500711 0.000232056554523297 0.000207511722692288 0.000201537404791452 0.000166284473380074 0.000150301784742624 0.000150461652083322 0.000138180053909309 0.000124491256428882 0.000128895946545526 0.000129346473840997 0.000117323819722515
0.00144748645834625 0.0019341129809618 0.00173801183700562 0.00204059993848205 0.00219974480569363 0.00190348550677299 0.00205593160353601 0.00183534109964967 0.00173352065030485 0.00149648764636368 0.00146280671469867 0.00132427294738591 0.00118084822315723 0.00104451889637858 0.000983113888651133 0.000796944659668952 0.000680103024933487 0.000613522541243583 0.000581008091103286 0.00059228390455246 0.000565509661100805 0.000524157308973372 0.000455386325484142 0.000492644379846752 0.000396948627894744 0.000429224543040618 0.000382440775865689 0.000378383585484698 0.000367669883416966 0.000330993992974982 0.000310762581648305 0.000286218477413058 0.000310248782625422 0.000284142268355936 0.00028154396568425 0.000278250401606783 0.000252805417403579 0.000250310287810862 0.000224233546759933 0.000219831970753148 0.000215377993299626 0.000192833496839739 0.00017300657054875 0.000167243139003403 0.00015050804358907 0.000137581926537678 0.000138304196298122 0.000133118155645207 0.000133715642732568 0.000121190641948488
0.00161766237579286 0.0017409079009667 0.00158893968909979 0.00188838003668934 0.00186466367449611 0.00221367971971631 0.00235041719861329 0.00226278486661613 0.00201780721545219 0.00165614602155983 0.00148023630026728 0.00144065078347921 0.00117608299478889 0.0010516393231228 0.000939782941713929 0.000800164416432381 0.000853127974551171 0.000727207632735372 0.000639834383036941 0.000596096622757614 0.000520193192642182 0.000453870714409277 0.000453886343166232 0.000452553736977279 0.00039483598084189 0.000395023380406201 0.000378691504010931 0.000348596891853958 0.000342551938956603 0.000338646350428462 0.000313800584990531 0.000312128366203979 0.000310850155074149 0.00028348554042168 0.000278933119261637 0.000278981402516365 0.000253356905886903 0.000246782670728862 0.000243343063630164 0.000223019480472431 0.000215618871152401 0.000193161758943461 0.00018959489534609 0.00017125227896031 0.000170107508893125 0.00015541298489552 0.000148134407936595 0.000148178485687822 0.000136688468046486 0.000132320084958337
0.00184099457692355 0.00184724689461291 0.00213662255555391 0.0019509446574375 0.00211630086414516 0.00224283710122108 0.00219076662324369 0.00240549142472446 0.00212647789157927 0.00160663563292474 0.00159004924353212 0.00124615652021021 0.00132408470381051 0.00122683483641595 0.000988455023616552 0.000868202710989863 0.000778755231294781 0.000673497968818992 0.000655732408631593 0.000570059404708445 0.000526614720001817 0.000457521789940074 0.000485187745653093 0.000447814003564417 0.000393889931729063 0.000401727971620858 0.000384165032301098 0.000322042673360556 0.000342678569722921 0.000342546845786273 0.000286916852928698 0.00031242158729583 0.00031351504730992 0.000285716145299375 0.000280217500403523 0.000278226565569639 0.000277221406577155 0.000251392222708091 0.000246682291617617 0.000218373868847266 0.000216574262594804 0.000197686313185841 0.00018078634457197 0.000181574476300739 0.000163554737810045 0.000174844317371026 0.000156508191139437 0.000143328798003495 0.000141142052598298 0.00012710367445834
0.00194079207722098 0.00187076500151306 0.00201012892648578 0.00218297215178609 0.00202072411775589 0.00190540566109121 0.0021246112883091 0.00212087482213974 0.00186058995313942 0.0018482378218323 0.00176816002931446 0.00155207689385861 0.00136460713110864 0.00109267036896199 0.00104711786843836 0.000984373618848622 0.000802357913926244 0.000737784954253584 0.000647190259769559 0.000578258652240038 0.000521172070875764 0.000578718434553593 0.000500421214383096 0.000447673606686294 0.000391119625419378 0.000399145792471245 0.00035114522324875 0.000351429538568482 0.000316061312332749 0.00031746961758472 0.00031746961758472 0.000291948206722736 0.000291350006591529 0.000263173598796129 0.000262059329543263 0.000262204965110868 0.000259216234553605 0.00025480764452368 0.000233286351431161 0.00022867442748975 0.00022357763373293 0.000200877402676269 0.000200173308257945 0.000180789298610762 0.000191393613931723 0.000172516054590233 0.000170650891959667 0.000150292995385826 0.000149870204040781 0.000133037334308028
0.00263019395060837 0.0021530082449317 0.00234253029339015 0.00210734154097736 0.00211512460373342 0.002191775245592 0.0021353573538363 0.00205671135336161 0.00187465315684676 0.0016680076951161 0.00161639880388975 0.0015787115553394 0.0013860072940588 0.00133966887369752 0.00114610581658781 0.00101798202376813 0.000969483342487365 0.000796442094724625 0.000646758708171546 0.000598268874455243 0.00065105757676065 0.000529929238837212 0.000527242838870734 0.000450609048129991 0.000448397709988058 0.000397673342376947 0.000399407639633864 0.000350277463439852 0.000327012006891891 0.0003183483495377 0.000321448751492426 0.000273486104561016 0.000298917788313702 0.000248390715569258 0.000271258410066366 0.000264621630776674 0.000239346409216523 0.000261480192421004 0.000230715842917562 0.000225295429117978 0.000217603577766567 0.000200212729396299 0.000196252556634136 0.000180497532710433 0.000191801358596422 0.000172185391420498 0.000175378183485009 0.00015464388707187 0.000151505693793297 0.000135251699248329
0.00277427770197392 0.00270039774477482 0.00223217182792723 0.00256693549454212 0.0021656327880919 0.00200539641082287 0.00222461204975843 0.00215416075661778 0.00209996476769447 0.00206009577959776 0.00174428836908191 0.00159725430421531 0.00145597301889211 0.0012798075331375 0.00114308367483318 0.00100037467200309 0.000952938280533999 0.000839236250612885 0.000758396810851991 0.000666049250867218 0.000691448629368097 0.00061516638379544 0.000524295319337398 0.000478436850244179 0.000449116516392678 0.000458396069006994 0.00036543799797073 0.000368210894521326 0.000324518943671137 0.000299306528177112 0.00030382297700271 0.0002815464977175 0.000279739935649559 0.000274307327345014 0.000268712930846959 0.00026301751495339 0.000255292048677802 0.000233766040764749 0.000230547215323895 0.000222263639443554 0.000196567387320101 0.000201981936697848 0.000184695425559767 0.000178892412804998 0.00019474548753351 0.000173754000570625 0.000170966071891598 0.00016235766815953 0.00017132208449766 0.000154556357301772
0.0035901702940464 0.00293041998520494 0.00305703096091747 0.00271847937256098 0.00267862202599645 0.00253916927613318 0.00226059160195291 0.00198108516633511 0.00214258534833789 0.00191637279931456 0.0018647649558261 0.00181509577669203 0.00142314308322966 0.00143870816100389 0.00126176280900836 0.000992503715679049 0.000921496597584337 0.000854104990139604 0.000759226968511939 0.000763877527788281 0.00063761044293642 0.00058576330775395 0.000538931461051106 0.000474649103125557 0.000514625862706453 0.000417982315411791 0.000418477051425725 0.000368666427675635 0.00033226702362299 0.000312320771627128 0.000303730164887384 0.000279006693745032 0.000278625695500523 0.000246568873990327 0.000260597764281556 0.00023509279708378 0.000226049713091925 0.00024740825756453 0.000219168912735768 0.000201489572646096 0.000208213037694804 0.000192112973309122 0.000206276177777909 0.000191102357348427 0.000190552556887269 0.00018315612396691 0.00019005588546861 0.000182862204383127 0.00018216876196675 0.000171742489328608
0.0039337039925158 0.00374336098320782 0.00357864331454039 0.00283596874214709 0.00272868853062391 0.00264304107986391 0.00231515429913998 0.00224707019515336 0.00198865123093128 0.00193507852964103 0.0018907526973635 0.00183632061816752 0.00141036708373576 0.00151171791367233 0.00129561207722872 0.00128030951600522 0.00118731951806694 0.000911690236534923 0.000875273253768682 0.000738267437554896 0.000723351433407515 0.000683008867781609 0.000589590054005384 0.000542254711035639 0.000478451402159408 0.000438578572357073 0.000418312789406627 0.000377242802642286 0.000357409793650731 0.000288764189463109 0.000309463910525665 0.00027978463913314 0.000251551711698994 0.000244753406150267 0.000240811714320444 0.000236751206102781 0.000230928519158624 0.000224005256313831 0.000206552824238315 0.000196822627913207 0.000198928464669734 0.000194391308468767 0.000194891472347081 0.000201611386728473 0.000183658441528678 0.000200199036044069 0.000184255419299006 0.000202254304895177 0.000195583736058325 0.000200483118533157
0.00483653834089637 0.0037403570022434 0.00360433966852725 0.00324892974458635 0.00281866476871073 0.00266388966701925 0.00232617906294763 0.00204810360446572 0.00213886355049908 0.00176466337870806 0.00172998989000916 0.0017044204287231 0.00143694644793868 0.00155380100477487 0.00128858059179038 0.00123655120842159 0.00105993903707713 0.000926899607293308 0.000825257448013872 0.000832234567496926 0.00076408387394622 0.000679538061376661 0.000622906605713069 0.000534216058440506 0.000501397415064275 0.000443096272647381 0.000393101188819855 0.000405454280553386 0.000361427402822301 0.00032273554825224 0.000312241725623608 0.000288211507722735 0.000259796041063964 0.00025341339642182 0.000272896490059793 0.00023964919091668 0.000231497338972986 0.000213915947824717 0.000216703760088421 0.000197621848201379 0.000203512870939448 0.000186775927431881 0.000185083030373789 0.000192284365766682 0.000190166290849447 0.000213732608244754 0.000197233312064782 0.000194308100617491 0.000191351704415865 0.000200999333173968
0.00605502910912037 0.00444849580526352 0.00386381847783923 0.00365426833741367 0.00287986476905644 0.0028771385550499 0.00266919448040426 0.00232879398390651 0.00231221993453801 0.00215556588955224 0.00188164843712002 0.00169088109396398 0.00181274022907019 0.00137183908373117 0.0013399125309661 0.001256262534298 0.00116438919212669 0.00104341423138976 0.000911137147340924 0.000823614362161607 0.000707503990270197 0.000626077759079635 0.000683436053805053 0.000623652536887676 0.000516486063133925 0.000460786948679015 0.000447163940407336 0.000417874718550593 0.000370786467101425 0.000330259092152119 0.000297271530143917 0.00026717918808572 0.000287373171886429 0.000258368236245587 0.000231900106882676 0.000222707793000154 0.000219175301026553 0.00020537749514915 0.000203596180654131 0.000197571775061078 0.000188058300409466 0.000190010105143301 0.000192842839169316 0.000178642658283934 0.000175472945556976 0.000183573938556947 0.000199291942408308 0.000193962710909545 0.000208179175388068 0.000196296736248769
0.00636970810592175 0.00551510928198695 0.00385250127874315 0.00369623000733554 0.00291293719783425 0.00311584258452058 0.00281462050043046 0.00243584532290697 0.00226160348393023 0.00220031850039959 0.00206536147743464 0.00167891627643257 0.00168615044094622 0.0014098392566666 0.00155737809836864 0.00145695311948657 0.00112712243571877 0.00113507045898587 0.00115006032865494 0.000835835468024015 0.000836259394418448 0.000772009138017893 0.000649409892503172 0.000575362413655967 0.000559547042939812 0.000460918672615662 0.000477571506053209 0.000418467418057844 0.000380394340027124 0.000336842786055058 0.000299632083624601 0.000294091471005231 0.000290156662231311 0.000260191824054345 0.000231812911806628 0.000227568671107292 0.000226102900342084 0.000228389006224461 0.00020692459656857 0.00020423145906534 0.000190484279301018 0.000191694722161628 0.000197051835129969 0.000185054188477807 0.000170232422533445 0.000183435753569938 0.000179350783582777 0.000192235005670227 0.000187810903298669 0.0001826677180361
0.0049201138317585 0.00430920766666532 0.00375994411297143 0.00325861503370106 0.00343696819618344 0.00300519075244665 0.00247861933894455 0.00240666558966041 0.00250434759072959 0.00242388946935534 0.00195230287499726 0.00182079523801804 0.00166059343609959 0.00157516647595912 0.00150384625885636 0.00135729520116001 0.0012264100369066 0.00108281441498548 0.00105341826565564 0.000995943322777748 0.000821463123429567 0.000821424066089094 0.000735641457140446 0.000653841416351497 0.000577892118599266 0.000500377907883376 0.000436711532529444 0.000426030572270975 0.000376602896722034 0.000339154037646949 0.000308027607388794 0.000302381842629984 0.000278285704553127 0.000267862458713353 0.000267814262770116 0.000238125459873118 0.0002306019741809 0.000235002298722975 0.00021850029588677 0.000198042616830207 0.000198384805116802 0.000199157730094157 0.000182363379281014 0.000179626629687846 0.000167610167409293 0.000169657898368314 0.000170510378666222 0.000169417588040233 0.000183758238563314 0.000162747703143395
0.00535615859553218 0.00386896496638656 0.00368809071369469 0.00319896591827273 0.00288006826303899 0.00257856561802328 0.00273481640033424 0.00260792230255902 0.00253672734834254 0.00206109695136547 0.00218492420390248 0.00168534542899579 0.00178628601133823 0.00169570988509804 0.00147953815758228 0.00157857302110642 0.00130716827698052 0.00119584263302386 0.00114261487033218 0.00109420123044401 0.000897159858141094 0.000841140223201364 0.000826222239993513 0.000693905167281628 0.000618502032011747 0.000599460734520108 0.000433656736277044 0.000427196297096089 0.000383703882107511 0.000347738852724433 0.000336800439981744 0.000342332234140486 0.000315939541906118 0.00027603394119069 0.000270388642093167 0.000241359317442402 0.000246540177613497 0.000223254930460826 0.000223654540604912 0.000201520510017872 0.000197365545318462 0.000181245850399137 0.000178181478986517 0.000164711804245599 0.000152144173625857 0.000164270386449061 0.00016898728790693 0.000150304331327789 0.000148733743117191 0.000144892823300324
0.00428067985922098 0.00340112298727036 0.00325654749758542 0.00285810022614896 0.00253404001705348 0.00269609992392361 0.00264625414274633 0.00271321670152247 0.00263411644846201 0.0021146722137928 0.00226809293963015 0.00183595472481102 0.00152740685734898 0.00172287877649069 0.0016482793726027 0.00135545246303082 0.00143147492781281 0.00130192644428462 0.00104378478135914 0.00115334894508123 0.00105743634048849 0.00104304763954133 0.000935858290176839 0.000739926530513912 0.000669241242576391 0.000589136325288564 0.000526501156855375 0.000478031521197408 0.000409234024118632 0.00038720088195987 0.000349403329892084 0.000314730685204268 0.000312454532831907 0.000281849992461503 0.000273900950560346 0.000243653368670493 0.000227423210162669 0.000225478826905601 0.000206179043743759 0.000206313183298334 0.000205800897674635 0.000186713397852145 0.000186448654858395 0.000157892805873416 0.00016722634609323 0.000149362691445276 0.000147371494676918 0.000144880934385583 0.000144813355291262 0.000128819810925052
0.00382514134980738 0.00458868127316236 0.00365158263593912 0.00293078413233161 0.00297613022848964 0.0028751224745065 0.00243169604800642 0.00262458832003176 0.00211162166669965 0.00218357099220157 0.00225070607848465 0.00203497428447008 0.00181793642695993 0.00161412952002138 0.0015479966532439 0.00137250043917447 0.00132751406636089 0.00143481453415006 0.00119472853839397 0.00132197386119515 0.0011600594734773 0.00114878115709871 0.00104525149799883 0.000848907395265996 0.000695023394655436 0.000635841104667634 0.000542879337444901 0.000450275343609974 0.00045523012522608 0.000416558352299035 0.000344121042871848 0.000346280110534281 0.000319240731187165 0.000280240637948737 0.000270183198153973 0.000247027637669817 0.000250232289545238 0.000219536741496995 0.000224208735744469 0.000206992859602906 0.000208491226658225 0.000189058380783536 0.000168103942996822 0.000165539255249314 0.00015747340512462 0.000153683562530205 0.000153170025441796 0.000141339274705388 0.000128872416098602 0.000123216232168488
0.00380128552205861 0.00425685755908489 0.00359696615487337 0.00344959739595652 0.00334837823174894 0.00335101620294154 0.00307993055321276 0.00271498039364815 0.0022385804913938 0.00212230277247727 0.00217121234163642 0.00210720719769597 0.00190229096915573 0.00161768507678062 0.00161687249783427 0.00158488343004137 0.00129990477580577 0.00128781539388001 0.00151239347178489 0.00165740714874119 0.00126479822210968 0.00127067265566438 0.00125371059402823 0.00105501094367355 0.000873087788932025 0.000684629776515067 0.000614668242633343 0.000482316012494266 0.000448065460659564 0.000368903740309179 0.000365114334272221 0.000346819404512644 0.000310420640744269 0.000294801458949223 0.000262816029135138 0.000269570387899876 0.000255403370829299 0.000242319671087898 0.00022304747835733 0.000209727484616451 0.000207108023460023 0.000191672865184955 0.000172902495251037 0.000166301600984298 0.000164441895321943 0.000150118445162661 0.000135377980768681 0.000136836810270324 0.000131627835799009 0.000127507431898266
0.0045775156468153 0.00404658820480108 0.00300426478497684 0.0035006464459002 0.00396115565672517 0.00404027896001935 0.00336373900063336 0.00302256783470511 0.00309052923694253 0.00240703439339995 0.00231438665650785 0.00212811003439128 0.00241488474421203 0.0020355568267405 0.00169941957574338 0.00157004571519792 0.00153894105460495 0.00124170270282775 0.00140391022432595 0.0015295542543754 0.00171877793036401 0.0020420802757144 0.00168487033806741 0.00126340345013887 0.000968519016169012 0.00073569396045059 0.000624271284323186 0.000550747965462506 0.000471840176032856 0.000410418870160356 0.000363943283446133 0.000348465866409242 0.000312018586555496 0.000297036196570843 0.000281354878097773 0.000266701768850908 0.000254989456152543 0.000244034788920544 0.00022229237947613 0.000205872187507339 0.000201671835384332 0.000191728860954754 0.000172969506820664 0.000171062216395512 0.000154365916387178 0.000149871106259525 0.000145879836054519 0.00013299219426699 0.00012692938616965 0.000129942665807903
0.00374885462224483 0.00431957188993692 0.00311985262669623 0.00446370337158442 0.00377582921646535 0.0038977456279099 0.00462595047429204 0.00312127405777574 0.0028508638497442 0.00266068708151579 0.00290645868517458 0.00236730021424592 0.00253615551628172 0.00246189814060926 0.00212952401489019 0.0021162973716855 0.00168090499937534 0.00160695088561624 0.00196660915389657 0.00238386285491288 0.00284691085107625 0.00290963635779917 0.0024941663723439 0.00164954655338079 0.00119655218441039 0.000844564114231616 0.000751121726352721 0.000562939210794866 0.00047578607336618 0.000411413668189198 0.000392163899959996 0.000330694863805547 0.000304093991871923 0.000306554924463853 0.00028520796331577 0.000261360255535692 0.000249448494287208 0.000246464507654309 0.000221835827687755 0.000227551456191577 0.000202244526008144 0.000188739140867256 0.000189351267181337 0.000174804692505859 0.000169040780747309 0.000168177677551284 0.000143937868415378 0.000140022108098492 0.000139299314469099 0.000125402817502618
0.00389491603709757 0.00326422811485827 0.00466136401519179 0.00519572896882892 0.00558031536638737 0.00461198948323727 0.00540377525612712 0.00524432025849819 0.00397023977711797 0.00347751541994512 0.00315869180485606 0.00249589327722788 0.00291410554200411 0.00286244694143534 0.00256858859211206 0.00194935058243573 0.00223427615128458 0.00232415343634784 0.00326039595529437 0.00387304998002946 0.00532277161255479 0.00541376182809472 0.00428200094029307 0.00272843334823847 0.00128272140864283 0.00106491066981107 0.00078786484664306 0.000694911810569465 0.000531344907358289 0.000422033510403708 0.000355650117853656 0.000318243459332734 0.000295456062303856 0.000292823126073927 0.000286581896943972 0.00028994123567827 0.000270763848675415 0.000247195042902604 0.000224095667363144 0.000229224460781552 0.000186826087883674 0.000187974001164548 0.000185363605851308 0.000175068780663423 0.00018845142039936 0.000171798586961813 0.000157289832714014 0.00014145731984172 0.000130146858282387 0.000128404135466553
0.00381676317192614 0.00380688137374818 0.00394808547571301 0.0048206988722086 0.00499188015237451 0.00561251165345311 0.00630453927442431 0.00570585345849395 0.00503074983134866 0.00462339166551828 0.00394613016396761 0.0035542300902307 0.00332830566912889 0.00318290432915092 0.00286706886254251 0.00301084644161165 0.0031137780752033 0.00379812251776457 0.0048762708902359 0.0063672661781311 0.00834147911518812 0.0111712655052543 0.00862016994506121 0.00276876683346927 0.00144899438600987 0.00114418449811637 0.00100165198091418 0.000754947948735207 0.000515358347911388 0.000425685197114944 0.00036125659244135 0.000319105020025745 0.00028698577079922 0.000285674672340974 0.000260075001278892 0.000264120666543022 0.000270343502052128 0.000266332936007529 0.000222135276999325 0.000202470851945691 0.000198160923901014 0.000182393341674469 0.000187713550985791 0.000202537921722978 0.000220678586629219 0.000219325869693421 0.000167019825312309 0.000153837609104812 0.000139004492666572 0.000139045310788788
0.00474725617095828 0.00440493458881974 0.00407497584819794 0.00640675099566579 0.00731615955010056 0.00486682541668415 0.00631955405697227 0.0110078938305378 0.0091567849740386 0.00642061047255993 0.00734092947095633 0.00476139830425382 0.00386695936322212 0.00401734979823232 0.00321251177228987 0.00349633395671844 0.00420122314244509 0.00432214979082346 0.00705255707725883 0.0086226724088192 0.00737062375992537 0.00894109345972538 0.00542377820238471 0.0017124688019976 0.00112314627040178 0.00137276062741876 0.00108015083242208 0.000739051029086113 0.000553568184841424 0.000383446749765426 0.000356439093593508 0.000296888378215954 0.00031476400909014 0.000284568464849144 0.000283807312371209 0.00025867551448755 0.000243210612097755 0.000240970111917704 0.000237956526689231 0.000216186817851849 0.000214974104892462 0.000194630338228308 0.000206272947252728 0.000239667526329868 0.000282382796285674 0.000258312385994941 0.000217639288166538 0.000169755003298633 0.000154250272316858 0.000153371569467708
