data/climate_estimation/maxent_output/Calochortus_apiculatus.asc
NCOLS 228 
NROWS 105 
XLLCORNER -122.583333333333 
YLLCORNER 42.9166666666667 
CELLSIZE 0.0833333333333333 
NODATA_value -3.4e+38 
[rows 0 to 18 of 105, columns 86 to 128 of 228]
0.0951246470212936 0.0826734453439713 0.0693570971488953 0.0630927085876465 0.054346039891243 0.0438172817230225 0.0378176793456078 0.0294330548495054 0.0234784130007029 0.0187627486884594 0.0150034343823791 0.0120598329231143 0.0106578003615141 0.00831721536815166 0.00635684421285987 0.00585314212366939 0.00419686594977975 0.00367435324005783 0.0032231395598501 0.00265234895050526 0.00237006181851029 0.00200180150568485 0.00169712211936712 0.00153607304673642 0.00127356196753681 0.00105838140007108 0.00127227802295238 0.00130067439749837 0.000475189532153308 0.00044720817822963 0.000430136977229267 0.00126574211753905 0.000498197914566845 0.000514612125698477 0.000538012769538909 0.000581813743337989 0.000585011963266879 0.00120361219160259 0.00105962657835335 0.000988297048024833 0.000710626947693527 0.000614251999650151 0.00044683160376735
0.12055192142725 0.106297619640827 0.089987114071846 0.0763082280755043 0.0652960315346718 0.0545353479683399 0.0474547445774078 0.0391414053738117 0.0309807732701302 0.0246815886348486 0.0196583084762096 0.016113743185997 0.012353889644146 0.00947125814855099 0.00753608904778957 0.00653525115922093 0.0048418901860714 0.00415515387430787 0.00359006598591805 0.00314863515086472 0.0027024457231164 0.00224408670328557 0.00184284336864948 0.00152335129678249 0.00130477524362504 0.0011828012065962 0.00138686702121049 0.00131735601462424 0.000470273720566183 0.000455879024229944 0.000404268619604409 0.000377537537133321 0.000376886426238343 0.000392410991480574 0.000418590527260676 0.000436484202509746 0.00153612880967557 0.0016269541811198 0.00117235467769206 0.00107970403041691 0.000748344231396914 0.000492609280627221 0.000441741343820468
0.131905421614647 0.127088561654091 0.105468690395355 0.0909599140286446 0.0792543143033981 0.0652916431427002 0.0541585497558117 0.0403625071048737 0.034142479300499 0.0281723588705063 0.0224503707140684 0.0184087809175253 0.0142491962760687 0.0109788943082094 0.00892852526158094 0.00815158523619175 0.00578833930194378 0.00510497624054551 0.00427130097523332 0.00300983153283596 0.00254957773722708 0.00265653966926038 0.00215523457154632 0.00182227662298828 0.00157685112208128 0.00134412222541869 0.00152288761455566 0.00137172557879239 0.000513645878527313 0.000482500297948718 0.000425858946982771 0.00038670253707096 0.00028723306604661 0.000379476638045162 0.000420265219872817 0.000436022441135719 0.000438720628153533 0.0012416405370459 0.0011808400740847 0.0010419626487419 0.000784937874414027 0.000550618628039956 0.000461601914139464
0.126427799463272 0.123076587915421 0.128855109214783 0.107103198766708 0.0926656350493431 0.0793753266334534 0.0671171098947525 0.0588427782058716 0.0453819110989571 0.0372638702392578 0.0302909966558218 0.020558163523674 0.0164385046809912 0.0132131483405828 0.0124419620260596 0.00951072108000517 0.00698639359325171 0.00620326632633805 0.00165029126219451 0.00345120928250253 0.00285099260509014 0.00235228077508509 0.00236939685419202 0.00207994226366282 0.00179225124884397 0.00164981058333069 0.00180925952736288 0.00163237913511693 0.000582274806220084 0.000541655754204839 0.0012510244268924 0.000449996819952503 0.000419990479713306 0.000386777450330555 0.00039213098352775 0.000408270978368819 0.000440047238953412 0.00112067325972021 0.00109861488454044 0.000864095520228148 0.000738413655199111 0.000551281496882439 0.000380233774194494
0.162005171179771 0.142477333545685 0.144971176981926 0.126635238528252 0.102642193436623 0.0880134850740433 0.0681186392903328 0.0590398348867893 0.0542366579174995 0.0392043441534042 0.0327307134866714 0.0277056340128183 0.0223335139453411 0.0185805838555098 0.0143852345645428 0.00479385862126946 0.00337219843640924 0.00258425157517195 0.00205002864822745 0.0039653698913753 0.00324298767372966 0.00273466669023037 0.002773717045784 0.00237048673443496 0.00205432553775609 0.00186415016651154 0.00201231124810874 0.00175809336360544 0.00158413115423173 0.00140481267590076 0.000526000570971519 0.000506835174746811 0.000493557367008179 0.000500584661494941 0.000477752037113532 0.000441652082372457 0.000350792659446597 0.000338005105732009 0.000889558577910066 0.000828572723548859 0.000629299145657569 0.000567826151382178 0.000413370755268261
0.171875715255737 0.153156504034996 0.14065457880497 0.142926454544067 0.127233803272247 0.0940819606184959 0.0779582560062408 0.0686222761869431 0.0557143352925777 0.0487153977155685 0.034367635846138 0.0288304574787617 0.0252915360033512 0.0212477054446936 0.0161342453211546 0.0101883169263601 0.00411062315106392 0.00283162412233651 0.00248688622377813 0.00479813059791923 0.00383287435397506 0.00315328384749591 0.00340985972434282 0.00293439021334052 0.00251150969415903 0.00214396743103862 0.00185603194404393 0.000678744690958411 0.000780886330176145 0.00182295637205243 0.00168413238134235 0.00160763354506344 0.00159256544429809 0.00149474770296365 0.00153813976794481 0.00146241020411253 0.00130531971808523 0.000961161742452532 0.000260776578215882 0.00067805458093062 0.000643083185423166 0.000587252550758421 0.000428191036917269
0.21901661157608 0.166020825505257 0.160655334591866 0.154196053743362 0.107107281684875 0.0956078544259071 0.0967454686760902 0.0924199596047401 0.0759531483054161 0.059363067150116 0.0449567213654518 0.0323441289365292 0.027111267670989 0.02218883857131 0.0188717488199472 0.0147681599482894 0.00369499623775482 0.00333008752204478 0.00285166874527931 0.00234060012735426 0.00187243218533695 0.00370999239385128 0.00400172360241413 0.00336070056073368 0.00291399168781936 0.00253610429354012 0.0023083770647645 0.00197640550322831 0.00229618907906115 0.000847700459416956 0.000800326641183347 0.000712830282282084 0.000673656002618372 0.000658535922411829 0.00158979871775955 0.000504367228131741 0.00045759737258777 0.00101604382507503 0.000962014601100236 0.000677140487823635 0.000644155312329531 0.000499943969771266 0.000466616067569703
0.28996866941452 0.250018298625946 0.213583216071129 0.162581637501717 0.136444494128227 0.148587942123413 0.138523131608963 0.10788344591856 0.0891750082373619 0.0734523758292198 0.0584349222481251 0.0417366772890091 0.02972705475986 0.0251418817788363 0.0205586645752192 0.0155865866690874 0.00501142861321568 0.00370953464880586 0.00304390862584114 0.00261717429384589 0.00221770955249667 0.00546253426000476 0.00480087753385305 0.00404420681297779 0.00350617640651762 0.00375931547023356 0.00273989443667233 0.00234908820129931 0.00210220739245415 0.000716582057066262 0.00068067223764956 0.000660881807561964 0.000751571962609887 0.00178138515911996 0.000580457679461688 0.000527849537320435 0.00118148257024586 0.00107620598282665 0.000329099508235231 0.000767355028074235 0.000716826238203794 0.000532405043486506 0.000505339645314962
0.294906735420227 0.244281381368637 0.22062349319458 0.201077923178673 0.171716317534447 0.157062813639641 0.151362925767899 0.153993144631386 0.111626200377941 0.0912474021315575 0.0745918229222298 0.0579955391585827 0.0388463214039803 0.0325087383389473 0.0221405122429132 0.0165185909718275 0.0123018017038703 0.00497651565819979 0.00985532719641924 0.00853474251925945 0.00747825298458338 0.00617422349750996 0.0055602346546948 0.00476056337356567 0.00476575084030628 0.00420398358255625 0.00317613920196891 0.00345248589292169 0.00246450351551175 0.00217712041921914 0.0008092115749605 0.000743604614399374 0.000727693783119321 0.000672589347232133 0.00150405266322196 0.00137388845905662 0.00125018996186554 0.00038825033698231 0.000902718456927687 0.00084065948612988 0.000239453671383671 0.000563942536246032 0.000530207995325327
0.3919677734375 0.248274922370911 0.282666802406311 0.264153361320496 0.177847236394882 0.188366755843163 0.172141879796982 0.173377126455307 0.146530106663704 0.125611841678619 0.092341773211956 0.0737224370241165 0.0511822439730167 0.036692138761282 0.0301935765892267 0.0230844169855118 0.0166100859642029 0.0119734406471252 0.00469954824075103 0.00925994012504816 0.00850830506533384 0.00710467528551817 0.00622350024059415 0.00529508618637919 0.00552638061344624 0.00479479180648923 0.00347041804343462 0.00309315416961908 0.00282173044979572 0.0025495239533484 0.00101346720475703 0.000880086212418973 0.00194763869512826 0.0017275590216741 0.00161576445680112 0.00148429966066033 0.0013751732185483 0.00105007144156843 0.000965333543717861 0.000892272568307817 0.000861952430568635 0.000643346866127104 0.000594525423366576
0.385945677757263 0.354710429906845 0.300665259361267 0.290948897600174 0.229191899299622 0.197118401527405 0.217087283730507 0.182514101266861 0.192676097154617 0.17149855196476 0.122290045022964 0.0915881469845772 0.0662448927760124 0.0464487671852112 0.0395715124905109 0.0267123728990555 0.0195101927965879 0.017212076112628 0.015014368109405 0.0106326844543219 0.00920667871832848 0.00830316636711359 0.00707678264006972 0.00720937224105 0.00620877603068948 0.00545024732127786 0.00484722852706909 0.00342092057690024 0.00312517024576664 0.00282345828600228 0.00251284707337618 0.00233413162641227 0.00209611770696938 0.001960868248716 0.00178845133632421 0.00169080123305321 0.00126158690545708 0.0011838199570775 0.00106955145020038 0.00105296703986824 0.00096442736685276 0.000923632702324539 0.000703690049704164
0.471187859773636 0.326051533222198 0.480882078409195 0.477718889713287 0.259195476770401 0.233081355690956 0.239266753196716 0.196516200900078 0.199334412813187 0.198249340057373 0.14786684513092 0.112189725041389 0.0885773748159409 0.0620388947427273 0.0420864224433899 0.0346592999994755 0.0260453410446644 0.0189443361014128 0.0158539209514856 0.0147380791604519 0.0139374947175384 0.0118414666503668 0.0103799812495708 0.00899742171168327 0.00753846019506454 0.00650551961734891 0.00615069409832358 0.00534758949652314 0.00487197982147336 0.00334213301539421 0.00297728111036122 0.00268189865164459 0.00254811625927687 0.00250367866829038 0.00213182880543172 0.00197440874762833 0.0017908524023369 0.00136603182181716 0.00128357205539942 0.00119012093637139 0.00112523464486003 0.00103640498127788 0.0009717782959342
0.636346697807312 0.521282732486725 0.504993200302124 0.577126204967499 0.335988819599152 0.255409747362137 0.25047704577446 0.257661789655685 0.23678494989872 0.221907570958138 0.191417694091797 0.151073664426804 0.11191800236702 0.0814666450023651 0.0554920956492424 0.0387774184346199 0.0293264482170343 0.0251171812415123 0.0213776621967554 0.0152412783354521 0.0136737888678908 0.0126573480665684 0.0112105431035161 0.0095247533172369 0.0085674524307251 0.00842532142996788 0.00735112885013223 0.00868100952357054 0.00594312138855457 0.00477303564548492 0.00337292230688035 0.00408785464242101 0.00297839799895883 0.00343532697297633 0.00256730103865266 0.00223902170546353 0.00203873473219573 0.0018949523800984 0.0014610345242545 0.00131694856099784 0.00126437877770513 0.00118318293243647 0.00108274188823998
0.575201988220215 0.687431573867798 0.310762107372284 0.422361046075821 0.571712493896484 0.326429635286331 0.319753497838974 0.26587438583374 0.252660661935806 0.245507001876831 0.240875750780106 0.19409205019474 0.134206160902977 0.10630726069212 0.0730910748243332 0.0488951504230499 0.0368379913270473 0.0322354175150394 0.0233276821672916 0.0208296943455935 0.0182870421558619 0.0134814558550715 0.0120660550892353 0.010854666121304 0.00979234278202057 0.0109929563477635 0.010354639030993 0.00891095586121082 0.00641039153560996 0.00527888722717762 0.0046147177927196 0.00478599080815911 0.00436641834676266 0.00382859283126891 0.00294746807776392 0.00264017307199538 0.00233447947539389 0.00218925438821316 0.0020883388351649 0.00156532810069621 0.00147080607712269 0.00135800056159496 0.00125915626995265
0.59571635723114 0.561650216579437 0.612781047821045 0.367656677961349 0.604914844036102 0.605273425579071 0.367152065038681 0.387658476829529 0.3176449239254 0.306280046701431 0.272946923971176 0.228038862347603 0.173383444547653 0.129633143544197 0.0786284506320953 0.0633620396256447 0.0471274331212044 0.0353511795401573 0.0314106792211533 0.0227027907967567 0.0204518400132656 0.0177526623010635 0.015922773629427 0.0147697515785694 0.0134770032018423 0.0125294188037515 0.0108992895111442 0.00963347498327494 0.00684119528159499 0.00610442971810699 0.00533251836895943 0.00512426672503352 0.00473571568727493 0.0034597956109792 0.00319445971399546 0.0029319345485419 0.00262538972310722 0.0023655304685235 0.00227720034308732 0.00212046643719077 0.00203907559625804 0.00156485184561461 0.00142638932447881
0.5872922539711 0.613991379737854 0.688026428222656 0.575583040714264 0.48941245675087 0.659355938434601 0.620358645915985 0.41287100315094 0.470844954252243 0.407185524702072 0.342954128980637 0.274490267038345 0.221414119005203 0.166491061449051 0.119075879454613 0.0983384624123573 0.0606263130903244 0.0460258424282074 0.039726659655571 0.0293161887675524 0.0269808359444141 0.019413061439991 0.017402645200491 0.0163609143346548 0.0152231939136982 0.0139363873749971 0.0120708225294948 0.0109664229676127 0.00968716386705637 0.0086835715919733 0.00623157247900963 0.00578702846542001 0.00546133192256093 0.00386518193408847 0.00359150231815875 0.00324192550033331 0.00289456802420318 0.00261641386896372 0.00249808933585882 0.00239252462051809 0.00228400016203523 0.0021212468855083 0.00162912474479526
0.716744124889374 0.752525269985199 0.641695082187653 0.547707855701447 0.640195190906525 0.760732293128967 0.66828989982605 0.373053193092346 0.480366289615631 0.483727723360062 0.372913807630539 0.368097513914108 0.284845262765884 0.212036237120628 0.174514085054398 0.14021572470665 0.099681168794632 0.0775588527321815 0.0555488802492619 0.0398491322994232 0.029116639867425 0.0256777293980122 0.0227567218244076 0.0172801129519939 0.0160238333046436 0.0144054004922509 0.0128575535491109 0.0114445751532912 0.0106361797079444 0.0103031657636166 0.00710513768717647 0.00636713765561581 0.00580366514623165 0.00424428749829531 0.00395324034616351 0.00347686000168324 0.00323819858022034 0.00301589560694993 0.00283002038486302 0.00263342540711164 0.00249080080538988 0.00241639721207321 0.00228479597717524
0.541325211524963 0.737241148948669 0.757276892662048 0.574579477310181 0.616031169891357 0.709922730922699 0.731627762317657 0.614406287670135 0.491193652153015 0.476234287023544 0.341636270284653 0.367901980876923 0.350896447896957 0.289767742156982 0.216124773025513 0.178720116615295 0.143474370241165 0.119235940277576 0.0765958279371262 0.0515735037624836 0.0384336188435555 0.0334682874381542 0.0241121631115675 0.0224496033042669 0.0203625541180372 0.0152369104325771 0.0140923438593745 0.0128376595675945 0.0114595899358392 0.0105884568765759 0.00763032119721174 0.00715012243017554 0.00630894536152482 0.0047087324783206 0.0043005459010601 0.00399466743692756 0.00371182803064585 0.00352441519498825 0.00320665095932782 0.00304741831496358 0.0028294874355197 0.00266298232600093 0.00254654744639993
0.685335636138916 0.675553202629089 0.551192224025726 0.63564521074295 0.540331959724426 0.795868575572968 0.715527832508087 0.717816531658173 0.492059111595154 0.537351846694946 0.43333438038826 0.448456138372421 0.406402379274368 0.35501891374588 0.241254553198814 0.220412060618401 0.176730707287788 0.133300989866257 0.0873456671833992 0.0642966851592064 0.0472531691193581 0.0363375693559647 0.0317888781428337 0.0242232084274292 0.021470395848155 0.0198021475225687 0.0147313922643661 0.013846492394805 0.0126051800325513 0.0124163879081607 0.00895502418279648 0.0080973831936717 0.00711061526089907 0.00641158642247319 0.00475425319746137 0.00448100920766592 0.00418346421793103 0.00397339509800076 0.00376482587307692 0.00337295816279948 0.00316070020198822 0.00306802848353982 0.00292653683573008
