data/climate_estimation/maxent_output/Calochortus_albus.asc
NCOLS 81 
NROWS 95 
XLLCORNER -122.666666666667 
YLLCORNER 32.4166666666667 
CELLSIZE 0.0833333333333333 
NODATA_value -3.4e+38 
[rows 40 to 59 of 95, columns 0 to 45 of 81]
-3.4e+38 -3.4e+38 -3.4e+38 -3.4e+38 -3.4e+38 0.716633200645447 0.727591872215271 0.728990852832794 0.754390478134155 0.788822293281555 0.813586354255676 0.794826686382294 0.729464173316956 0.762064874172211 0.788079082965851 0.740606367588043 0.760183334350586 0.785602629184723 0.490472853183746 0.2414940148592 0.137526497244835 0.0927097350358963 0.0873626694083214 0.0794763937592506 0.0777801349759102 0.0782411471009254 0.0768135637044907 0.073794774711132 0.0698332414031029 0.0621771588921547 0.0556216947734356 0.0491178594529629 0.0560201443731785 0.0646106377243996 0.0869588851928711 0.101639769971371 0.242660284042358 0.260329723358154 0.39372980594635 0.552166044712067 0.624504446983337 0.865889728069305 0.921445548534393 0.660224258899689 0.304938822984695 0.0487682521343231
-3.4e+38 -3.4e+38 -3.4e+38 -3.4e+38 -3.4e+38 -3.4e+38 -3.4e+38 -3.4e+38 -3.4e+38 0.778460919857025 0.790130138397217 0.817001342773438 0.800101280212402 0.765473186969757 0.759235501289368 0.642319858074188 0.711091876029968 0.781044661998749 0.772741258144379 0.465198397636414 0.180584475398064 0.136105433106422 0.0723999515175819 0.0722028538584709 0.0682297870516777 0.0619833506643772 0.0647024437785149 0.0585347414016724 0.0517613030970097 0.051414392888546 0.0460853017866611 0.0470513738691807 0.0470322892069817 0.0548863485455513 0.065434955060482 0.0830522403120995 0.118786878883839 0.18377111852169 0.319797992706299 0.446617364883423 0.379053801298141 0.60903537273407 0.55408376455307 0.855462491512299 0.935385465621948 0.682592928409576
-3.4e+38 -3.4e+38 -3.4e+38 -3.4e+38 -3.4e+38 -3.4e+38 -3.4e+38 -3.4e+38 -3.4e+38 -3.4e+38 0.816112697124481 0.832803308963776 0.805530607700348 0.72309672832489 0.740771234035492 0.689913511276245 0.546438813209534 0.679528534412384 0.761440634727478 0.790058016777039 0.81767463684082 0.176815554499626 0.082582876086235 0.0665338262915611 0.0553127154707909 0.0586706027388573 0.0573136508464813 0.0417482443153858 0.047610130161047 0.0415228493511677 0.037081990391016 0.0390651859343052 0.0426415354013443 0.0477478504180908 0.057880025357008 0.0728445425629616 0.0942377150058746 0.132554277777672 0.223881185054779 0.291722893714905 0.413727998733521 0.539743065834045 0.872961044311523 0.953928470611572 0.843584001064301 0.844554364681244
-3.4e+38 -3.4e+38 -3.4e+38 -3.4e+38 -3.4e+38 -3.4e+38 -3.4e+38 -3.4e+38 -3.4e+38 -3.4e+38 0.812029838562012 0.736278533935547 0.618267714977264 0.760503888130188 0.719741225242615 0.730454325675964 0.515979647636414 0.537279963493347 0.732354521751404 0.770187258720398 0.821710467338562 0.209442764520645 0.32730907201767 0.0835931524634361 0.0627283826470375 0.0562782175838947 0.0507498569786549 0.0370622836053371 0.0401359312236309 0.0314883254468441 0.0365255586802959 0.0354899764060974 0.0371365919709206 0.0418938659131527 0.0471014864742756 0.0585626661777496 0.0828672498464584 0.105064228177071 0.153764218091965 0.285845339298248 0.377122402191162 0.482520461082458 0.612086176872253 0.92027223110199 0.838223278522491 0.470638036727905
-3.4e+38 -3.4e+38 -3.4e+38 -3.4e+38 -3.4e+38 -3.4e+38 -3.4e+38 -3.4e+38 0.542462885379791 0.538587749004364 0.799732685089111 0.798333764076233 0.558667421340942 0.534073650836945 0.690067112445831 0.71835321187973 0.730577111244202 0.606142640113831 0.717259168624878 0.772869944572449 0.639281332492828 0.191492572426796 0.273850977420807 0.123700678348541 0.0523279495537281 0.0558141842484474 0.0452027432620525 0.037795290350914 0.0348949395120144 0.0315024815499783 0.0315602868795395 0.0311298444867134 0.032354936003685 0.0374896861612797 0.0424419716000557 0.0526184849441051 0.0713255852460861 0.08748959004879 0.11637020111084 0.145564243197441 0.214615106582642 0.410345613956451 0.481735527515411 0.689781785011292 0.897415101528168 0.937090694904327
-3.4e+38 -3.4e+38 -3.4e+38 -3.4e+38 -3.4e+38 -3.4e+38 -3.4e+38 -3.4e+38 0.456654965877533 0.672592103481293 0.774753451347351 0.767584443092346 0.735142648220062 0.794641435146332 0.500479519367218 0.678344786167145 0.699440240859985 0.716673851013184 0.547826170921326 0.740309655666351 0.787950038909912 0.748329758644104 0.466121673583984 0.335878491401672 0.284679055213928 0.113881282508373 0.0476850718259811 0.035011351108551 0.0297481119632721 0.0261197555810213 0.0281409882009029 0.0275758765637875 0.0277787242084742 0.034091904759407 0.034976951777935 0.0436773002147675 0.0548089183866978 0.072954960167408 0.100247859954834 0.122824311256409 0.144988611340523 0.318345487117767 0.356616050004959 0.421538203954697 0.667720675468445 0.688901364803314
-3.4e+38 -3.4e+38 -3.4e+38 -3.4e+38 -3.4e+38 -3.4e+38 -3.4e+38 -3.4e+38 0.558512330055237 0.694669127464294 0.697742223739624 0.736888110637665 0.710718095302582 0.690298974514008 0.75255811214447 0.407520800828934 0.585075557231903 0.697772860527039 0.473692238330841 0.571143984794617 0.746919453144073 0.801592469215393 0.794006407260895 0.62400209903717 0.767226576805115 0.556798219680786 0.0794682726264 0.0376359447836876 0.0245303716510534 0.0287038180977106 0.025768494233489 0.0239816810935736 0.023600522428751 0.0257488954812288 0.0315981209278107 0.0392589941620827 0.0481144674122334 0.0613429024815559 0.0754003524780273 0.0979505181312561 0.121507324278355 0.1437798589468 0.248395055532455 0.311150193214417 0.380272805690765 0.294731676578522
-3.4e+38 -3.4e+38 -3.4e+38 -3.4e+38 -3.4e+38 -3.4e+38 -3.4e+38 -3.4e+38 -3.4e+38 0.653869211673737 0.670122981071472 0.690288126468658 0.682756960391998 0.675769686698914 0.678265631198883 0.712795495986938 0.322959363460541 0.346097677946091 0.36647155880928 0.468292117118835 0.607742428779602 0.775527656078339 0.787376523017883 0.823128342628479 0.817281901836395 0.812903940677643 0.296780169010162 0.0488643757998943 0.0231095124036074 0.0220297202467918 0.0204815119504929 0.0207567531615496 0.020732793956995 0.0224369540810585 0.0243861190974712 0.0296614114195108 0.0366306975483894 0.0475538522005081 0.0563111864030361 0.070432186126709 0.102051213383675 0.129474550485611 0.147958070039749 0.220513164997101 0.283594608306885 0.478635966777802
-339999999999999996123846586046231871488.000000000000000 -3.4e+38 -3.4e+38 -3.4e+38 -3.4e+38 -3.4e+38 -3.4e+38 -3.4e+38 -3.4e+38 0.472166329622269 0.660033643245697 0.664589822292328 0.687745928764343 0.687697410583496 0.641166865825653 0.677076458930969 0.455566585063934 0.326811611652374 0.320127636194229 0.38008040189743 0.362494260072708 0.712141454219818 0.793162286281586 0.805021941661835 0.812857687473297 0.822122931480408 0.821236193180084 0.452116042375565 0.0268996693193913 0.0196206215769053 0.015701225027442 0.0161725021898746 0.0157596617937088 0.0166152324527502 0.019791329279542 0.0225504208356142 0.0295068901032209 0.0355937220156193 0.0441065989434719 0.0536779649555683 0.0701524168252945 0.0929844006896019 0.118778735399246 0.217335417866707 0.269577413797379 0.851078987121582
-3.4e+38 -3.4e+38 -3.4e+38 -3.4e+38 -3.4e+38 -3.4e+38 -3.4e+38 -3.4e+38 -3.4e+38 -3.4e+38 0.618784844875336 0.660076558589935 0.654074370861053 0.640974402427673 0.662819147109985 0.682522475719452 0.683414697647095 0.524780452251434 0.302771031856537 0.295347571372986 0.39522311091423 0.416972398757935 0.737684190273285 0.762751340866089 0.784386932849884 0.771782755851746 0.223810032010078 0.044844675809145 0.0209583658725023 0.013450519181788 0.0108370529487729 0.00990890245884657 0.0119204167276621 0.0131035149097443 0.0165372230112553 0.018349839374423 0.0213013011962175 0.0255967602133751 0.0309868473559618 0.0396961756050587 0.0464651398360729 0.0533077716827393 0.0709893926978111 0.105091027915478 0.228410422801971 0.33088955283165
-3.4e+38 -3.4e+38 -3.4e+38 -3.4e+38 -3.4e+38 -3.4e+38 -3.4e+38 -3.4e+38 -3.4e+38 -3.4e+38 -3.4e+38 0.650778532028198 0.661650538444519 0.648071885108948 0.645056962966919 0.659965753555298 0.665801823139191 0.670147180557251 0.340327173471451 0.234514892101288 0.2530677318573 0.32768702507019 0.535835981369019 0.750044167041779 0.76773875951767 0.724089205265045 0.33546581864357 0.0397477671504021 0.0165945794433355 0.0114470859989524 0.00798412039875984 0.00788685586303473 0.00883802212774754 0.0103763798251748 0.0128388432785869 0.0141555247828364 0.0158219411969185 0.0170200672000647 0.0225877575576305 0.025956841185689 0.0327126905322075 0.0336375534534454 0.0453558415174484 0.0531943812966347 0.073740541934967 0.0978678166866302
-3.4e+38 -3.4e+38 -3.4e+38 -3.4e+38 -3.4e+38 -3.4e+38 -3.4e+38 -3.4e+38 -3.4e+38 -3.4e+38 -3.4e+38 -3.4e+38 0.695820748806 0.689916729927063 0.681205689907074 0.675033628940582 0.697303891181946 0.609432101249695 0.669666707515717 0.428558945655823 0.233885809779167 0.262531638145447 0.432204574346542 0.72074282169342 0.754330515861511 0.786877393722534 0.640238523483276 0.15021775662899 0.0545941963791847 0.0187977813184261 0.016232218593359 0.00925600714981556 0.00865090359002352 0.0101189501583576 0.0112363547086716 0.0124658904969692 0.0127221094444394 0.014852219261229 0.0182703379541636 0.0211251340806484 0.0219367146492004 0.0280866753309965 0.029588844627142 0.0246516987681389 0.0367373079061508 0.0540938191115856
-3.4e+38 -3.4e+38 -3.4e+38 -3.4e+38 -3.4e+38 -3.4e+38 -3.4e+38 -3.4e+38 -3.4e+38 -3.4e+38 -3.4e+38 -3.4e+38 -3.4e+38 -3.4e+38 0.713893532752991 0.685262560844421 0.670508623123169 0.38992640376091 0.325454950332642 0.538666725158691 0.594401597976685 0.272016972303391 0.389379113912582 0.655615210533142 0.716267585754395 0.762598693370819 0.766212344169617 0.816306531429291 0.803394913673401 0.196405217051506 0.0259795598685741 0.0152668338268995 0.0107420086860657 0.0104328049346805 0.0114809861406684 0.0130725260823965 0.012978857383132 0.0141821186989546 0.0152824427932501 0.0141541222110391 0.0140316560864449 0.018436947837472 0.0141684981063008 0.0219766106456518 0.0252252481877804 0.0442714914679527
-3.4e+38 -3.4e+38 -3.4e+38 -3.4e+38 -3.4e+38 -3.4e+38 -3.4e+38 -3.4e+38 -3.4e+38 -3.4e+38 -3.4e+38 -3.4e+38 -3.4e+38 -3.4e+38 0.697003602981567 0.689199984073639 0.699648857116699 0.433477014303207 0.366344064474106 0.296484857797623 0.368881046772003 0.313169836997986 0.317310720682144 0.442455917596817 0.645501494407654 0.735866189002991 0.692427098751068 0.565342307090759 0.754710793495178 0.458962321281433 0.0498521476984024 0.0198298618197441 0.0166184939444065 0.0140662053599954 0.0145831620320678 0.0128998821601272 0.0126936174929142 0.0135852284729481 0.0142020070925355 0.0131082870066166 0.0102366292849183 0.0122877964749932 0.0145497815683484 0.0140543328598142 0.014397544786334 0.0281775332987309
-3.4e+38 -3.4e+38 -3.4e+38 -3.4e+38 -3.4e+38 -3.4e+38 -3.4e+38 -3.4e+38 -3.4e+38 -3.4e+38 -3.4e+38 -3.4e+38 -3.4e+38 -3.4e+38 -3.4e+38 0.564787805080414 0.51490306854248 0.695989608764648 0.595845341682434 0.383046537637711 0.391539424657822 0.404142111539841 0.335496753454208 0.375311762094498 0.567796528339386 0.640044629573822 0.72216784954071 0.589033424854279 0.335279434919357 0.66615754365921 0.156872645020485 0.0383849740028381 0.0273088738322258 0.0208731573075056 0.0177431628108025 0.0160894002765417 0.0140471467748284 0.0137247964739799 0.0116732195019722 0.0125917000696063 0.00808145198971033 0.00772727793082595 0.00823400262743235 0.0102205295115709 0.0126867843791842 0.0243973638862371
-3.4e+38 -3.4e+38 -3.4e+38 -3.4e+38 -3.4e+38 -3.4e+38 -3.4e+38 -3.4e+38 -3.4e+38 -3.4e+38 -3.4e+38 -3.4e+38 -3.4e+38 -3.4e+38 -3.4e+38 -3.4e+38 0.0790170207619667 0.192144528031349 0.706140458583832 0.625136911869049 0.398162007331848 0.628135085105896 0.646294355392456 0.427827715873718 0.377062201499939 0.513227820396423 0.642219603061676 0.653185904026031 0.528828024864197 0.699264287948608 0.348647654056549 0.0744748264551163 0.0449825823307037 0.0340550392866135 0.0257432386279106 0.0194856561720371 0.0154342781752348 0.0144766923040152 0.0100279776379466 0.00930348690599203 0.010179984383285 0.00736763933673501 0.00708545371890068 0.0104112420231104 0.00919446442276239 0.030616594478488
-3.4e+38 -3.4e+38 -3.4e+38 -3.4e+38 -3.4e+38 -3.4e+38 -3.4e+38 -3.4e+38 -3.4e+38 -3.4e+38 -3.4e+38 -3.4e+38 -3.4e+38 -3.4e+38 -3.4e+38 -3.4e+38 -3.4e+38 0.0356683842837811 0.102310866117477 0.531111001968384 0.685434877872467 0.677188813686371 0.692744553089142 0.677943646907806 0.66701602935791 0.673359572887421 0.647785007953644 0.600933134555817 0.713788509368896 0.771799743175507 0.656948447227478 0.18505771458149 0.0961848199367523 0.064990445971489 0.0395506322383881 0.027032881975174 0.0165120996534824 0.014702906832099 0.0123113598674536 0.0124000525102019 0.00963789224624634 0.00882570538669825 0.00816262140870094 0.0108841927722096 0.0110323475673795 0.0280048325657845
-3.4e+38 -3.4e+38 -3.4e+38 -3.4e+38 -3.4e+38 -3.4e+38 -3.4e+38 -3.4e+38 -3.4e+38 -3.4e+38 -3.4e+38 -3.4e+38 -3.4e+38 -3.4e+38 -3.4e+38 -3.4e+38 -3.4e+38 -3.4e+38 0.077410914003849 0.146625578403473 0.49016535282135 0.670994699001312 0.648317992687225 0.59960526227951 0.635962128639221 0.632258176803589 0.679829061031342 0.693727135658264 0.70453280210495 0.73017805814743 0.784938275814056 0.748326122760773 0.374945521354675 0.119369387626648 0.0700442418456078 0.0366746932268143 0.0194443315267563 0.0168709754943848 0.0122203668579459 0.00960428174585104 0.00860553607344627 0.0060833147726953 0.00507525121793151 0.00764082930982113 0.00715271290391684 0.00902506988495588
-3.4e+38 -3.4e+38 -3.4e+38 -3.4e+38 -3.4e+38 -3.4e+38 -3.4e+38 -3.4e+38 -3.4e+38 -3.4e+38 -3.4e+38 -3.4e+38 -3.4e+38 -3.4e+38 -3.4e+38 -3.4e+38 -3.4e+38 -3.4e+38 -3.4e+38 0.206839025020599 0.316354781389236 0.68474668264389 0.663820087909698 0.622677206993103 0.630086660385132 0.676913678646088 0.701243340969086 0.719186186790466 0.720643222332001 0.737211167812347 0.788476169109344 0.826676726341248 0.859335243701935 0.56940895318985 0.144677221775055 0.0571589954197407 0.0297336336225271 0.0131648359820247 0.0124327521771193 0.00983104202896357 0.00805260334163904 0.00562090054154396 0.00627135578542948 0.00632998906075954 0.00521681131795049 0.00441744551062584
-3.4e+38 -3.4e+38 -3.4e+38 -3.4e+38 -3.4e+38 -3.4e+38 -3.4e+38 -3.4e+38 -3.4e+38 -3.4e+38 -3.4e+38 -3.4e+38 -3.4e+38 -3.4e+38 -3.4e+38 -3.4e+38 -3.4e+38 -3.4e+38 -3.4e+38 -3.4e+38 -3.4e+38 0.717800736427307 0.757261991500854 0.632648944854736 0.599581480026245 0.663179755210876 0.711514592170715 0.748937129974365 0.77144980430603 0.766692817211151 0.784541308879852 0.807819724082947 0.846634030342102 0.892080843448639 0.796093046665192 0.14290226995945 0.0459455847740173 0.0189424157142639 0.0132494205608964 0.00881844758987427 0.00846546329557896 0.00739822071045637 0.00470357062295079 0.00548721989616752 0.00485954014584422 0.0039593018591404
