data/climate_estimation/maxent_output/Calochortus_nuttallii.asc
NCOLS 305 
NROWS 213 
XLLCORNER -122.083333333333 
YLLCORNER 31 
CELLSIZE 0.0833333333333333 
NODATA_value -3.4e+38 
[rows 140 to 159 of 213, columns 0 to 43 of 305]
3.6917543184245e-05 5.39115353603847e-05 0.000110701505036559 0.000185613142093644 0.000224312650971115 0.000258919375482947 0.000457139947684482 0.000971486908383667 0.00145655579399318 0.000733306165784597 0.001044339267537 0.00146648660302162 0.00154697650577873 0.00123983097728342 0.000392507878132164 0.000416361377574503 0.000461296236608177 0.000544203794561327 0.000644771032966673 0.000756622466724366 0.000886170950252563 0.000977381481789052 0.00112353591248393 0.00122161430772394 0.00133376009762287 0.00127743149641901 0.00124422565568238 0.00117912085261196 0.00109857355710119 0.0010685360757634 0.00283100549131632 0.00283282203599811 0.00782713200896978 0.020081352442503 0.0178852435201406 0.0286831259727478 0.0159336812794209 0.0266984887421131 0.00649035349488258 0.00344405486248434 0.00163678626995534 0.005158721935004 0.00405433494597673 0.000596246449276805
1.44630803333712e-05 2.12232589547057e-05 3.35966469720006e-05 3.97126641473733e-05 9.19338781386614e-05 0.00023078330559656 0.00025129530695267 0.000128614396089688 0.000239524568314664 0.00177851959597319 0.00292777200229466 0.00125040509738028 0.00125086132902652 0.00107180990744382 0.00103189237415791 0.000319989252602682 0.00037340764538385 0.000439596566138789 0.000523568014614284 0.000585841829888523 0.000719092204235494 0.000780903093982488 0.000914104108233005 0.000976897194050252 0.0010760014411062 0.00122669595293701 0.00132911908440292 0.00120578240603209 0.00112247583456337 0.00112837133929133 0.00104901741724461 0.00278982357122004 0.00270913960412145 0.00271701230667531 0.00913690589368343 0.0238897688686848 0.0290529411286116 0.033003780990839 0.01033572293818 0.0285908058285713 0.0249616373330355 0.0511669404804707 0.00309259700588882 0.00143116526305676
-3.4e+38 -3.4e+38 1.74054694070946e-05 1.87636087503051e-05 3.82333128072787e-05 8.6404754256364e-05 0.000144243298564106 7.10580134182237e-05 0.000122747296700254 0.00114439555909485 0.002656115218997 0.00117512221913785 0.00147414789535105 0.00118985772132874 0.00125368509907275 0.000920688966289163 0.000319752318318933 0.0003466228954494 0.000442891614511609 0.00049741129623726 0.000549826712813228 0.000651253096293658 0.000729610794223845 0.000850526033900678 0.000932419265154749 0.00105214060749859 0.00125332782045007 0.0013003631029278 0.00121966702863574 0.00116438197437674 0.0011012846371159 0.00104020489379764 0.00268443068489432 0.00258660106919706 0.00273129343986511 0.00285092741250992 0.010100981220603 0.0299111008644104 0.0803039744496346 0.0817541927099228 0.0102522978559136 0.004275465849787 0.00937041826546192 0.00463069835677743
-3.4e+38 -3.4e+38 -3.4e+38 4.43851195086609e-06 7.94376774138073e-06 5.16413565492257e-05 0.000173815482412465 0.000319197832141072 0.000109050022729207 0.00070790626341477 0.00184136116877198 0.00291857239790261 0.00138167710974813 0.00176796177402139 0.00149727042298764 0.000904830230865628 0.000301719963317737 0.000320229126373306 0.00036309560528025 0.000427413178840652 0.000483581738080829 0.000570914649870247 0.000635390868410468 0.000688464846462011 0.00083121145144105 0.00094985164469108 0.00111122126691043 0.00129142752848566 0.00132802897132933 0.00125484575983137 0.00116038846317679 0.00105201255064458 0.00100478425156325 0.00255719199776649 0.00261028134264052 0.00886276550590992 0.0098720071837306 0.0292711909860373 0.0524229444563389 0.0834949240088463 0.096462145447731 0.114637419581413 0.0611319877207279 0.00409854110330343
-3.4e+38 -3.4e+38 -3.4e+38 2.52399036071438e-06 4.46944977738895e-06 9.04794069356285e-06 9.99858748400584e-05 0.000582648266572505 0.00065729406196624 0.000196924753254279 0.00128197984304279 0.0025105164386332 0.00336371641606092 0.00155398366041481 0.00149832130409777 0.00231877621263266 0.00117540278006345 0.00029523458215408 0.000331832998199388 0.000387810927350074 0.000434024608694017 0.000491922663059086 0.000555885024368763 0.000612258270848542 0.000718128809239715 0.000866967951878905 0.00098699308000505 0.00116643193177879 0.00140537694096565 0.00133936561178416 0.00125671527348459 0.00114173721522093 0.0010550138540566 0.00258889701217413 0.00249541364610195 0.00269086705520749 0.0101074520498514 0.0359638407826424 0.0305604822933674 0.019401790574193 0.0121084954589605 0.0255470760166645 0.00525519484654069 0.000888133130501956
-3.4e+38 6.50676668101369e-07 7.44802832741698e-07 2.15976319850597e-06 3.70457769349741e-06 6.25259463049588e-06 1.25252290672506e-05 0.000127045175759122 0.000684059341438115 0.00109877274371684 0.000412264547776431 0.00203282642178237 0.00313254981301725 0.00132551917340606 0.00129673827905208 0.00195774040184915 0.00138633965980262 0.000938960933126509 0.00032460258807987 0.000357540819095448 0.000390075700124726 0.000427528488216922 0.000481390889035538 0.000548834446817636 0.000635320495348424 0.000729460036382079 0.000869378913193941 0.00101825012825429 0.00121199386194348 0.00133813475258648 0.00136353436391801 0.00122721190564334 0.0011340988567099 0.00107152038253844 0.00252039404585958 0.00245114136487246 0.00293469289317727 0.0108080049976707 0.0243462882936001 0.0363716222345829 0.00965303834527731 0.0025855025742203 0.00184934865683317 0.00092230731388554
-3.4e+38 5.6862182873374e-07 1.00763213595201e-06 2.3829397832742e-06 2.04143707378535e-05 9.08256188267842e-05 1.49412899190793e-05 1.98059606191237e-05 7.74151267251e-05 0.000903979991562665 0.000423126388341188 0.000522020447533578 0.00249285181052983 0.00118151481729001 0.0013803142355755 0.00170437851920724 0.00208310293965042 0.0024730188306421 0.001913265674375 0.000395751121686772 0.00040106478263624 0.000439649447798729 0.000456211564596742 0.000488153920741752 0.000577703351154923 0.000645236577838659 0.000763381132856011 0.000898278667591512 0.00107792054768652 0.00125839782413095 0.0013905786909163 0.00129127746913582 0.00120818184223026 0.00109330739360303 0.000961380137596279 0.00085552572272718 0.00237926770932972 0.00309382588602602 0.00985438004136086 0.0339959487318993 0.0921617597341537 0.0595576912164688 0.00154944648966193 0.000850044074468315
-3.4e+38 6.6453628733143e-07 1.02277399491868e-05 2.05680535145802e-05 1.82097828655969e-05 6.2108832935337e-05 0.000199891394004226 2.38771481235744e-05 2.98510894936044e-05 0.000118497242510784 0.000339459162205458 0.000403396028559655 0.000613724230788648 0.000915352022275329 0.00129265186842531 0.0015839779516682 0.00181795656681061 0.00219121156260371 0.0026045786216855 0.00195093441288918 0.00111289275810122 0.0004344581393525 0.000429952837293968 0.000446684542112052 0.000502574257552624 0.000583640357945114 0.000667609856463969 0.000806302530691028 0.000943833671044558 0.00111989979632199 0.00119458674453199 0.00127502146642655 0.0012354189530015 0.00115307106170803 0.000999016570858657 0.000861202017404139 0.000804903451353312 0.00244526215828955 0.00249844416975975 0.0129921492189169 0.0634556710720062 0.01603770442307 0.00210345187224448 0.00951602309942245
-3.4e+38 -3.4e+38 5.61151682632044e-06 4.13883390137926e-05 5.51326884306036e-05 6.5392698161304e-05 0.000161557458341122 0.000301290187053382 4.90050661028363e-05 4.2585757910274e-05 0.000110005865280982 0.000259484571870416 0.000468170910608023 0.000726625148672611 0.00109493092168123 0.00132155790925026 0.00141978915780783 0.0041178441606462 0.00211028754711151 0.0028743811417371 0.00172621244564652 0.00124295358546078 0.00118782848585397 0.00121268664952368 0.000453113432740793 0.000486206437926739 0.000574165256693959 0.000674632901791483 0.000824661459773779 0.000935628078877926 0.000992223620414734 0.00109186000190675 0.00117644446436316 0.0011768942931667 0.00103743537329137 0.00090670125791803 0.000795659609138966 0.00222875061444938 0.00286083528771996 0.0314377509057522 0.0451465472579002 0.00520166661590338 0.00361808086745441 0.0050421399064362
-3.4e+38 -3.4e+38 6.80019411447574e-07 1.19124733828357e-05 5.23940216226038e-05 0.000127419509226456 0.000171638675965369 0.000121248209325131 6.39587597106583e-05 4.92390827275813e-05 2.32893980864901e-05 0.000145142068504356 0.000332794210407883 0.00051585427718237 0.000827344309072942 0.00115711055696011 0.00143295212183148 0.00158155965618789 0.001840302022174 0.00222095102071762 0.00307614472694695 0.00162549049127847 0.00118115893565118 0.00114253477659076 0.000451932777650654 0.00044517611968331 0.000496388063766062 0.000640003418084234 0.000717114424332976 0.000814665050711483 0.000883809465449303 0.000939229212235659 0.000988259329460561 0.00104013399686664 0.0010567883728072 0.000960703240707517 0.000866272603161633 0.000865511829033494 0.0102975387126207 0.0116246920078993 0.0446363352239132 0.0101147871464491 0.0544759407639503 0.0185459218919277
-3.4e+38 -3.4e+38 -3.4e+38 1.31238584799576e-06 2.51554411079269e-05 7.62603594921529e-05 8.39917920529842e-05 0.000115056151116733 7.49152968637645e-05 7.22037657396868e-05 9.29512971197255e-05 2.7711712391465e-05 6.82830068399198e-05 0.000417466333601624 0.000652598566375673 0.000923943356610835 0.00117979757487774 0.0014339208137244 0.00184354395605624 0.00251897308044136 0.00208256999030709 0.0016718254191801 0.0011600871803239 0.0011338097974658 0.00112369330599904 0.0004472030850593 0.000475402805022895 0.000569234893191606 0.000626232707872987 0.000712814391590655 0.000768080877605826 0.000846887414809316 0.000840634456835687 0.000879039987921715 0.000939868448767811 0.00100679299794137 0.000985901337116957 0.000944979430641979 0.00292503531090915 0.00313105783425272 0.0311417412012815 0.0536639839410782 0.0627035722136497 0.106349781155586
-3.4e+38 -3.4e+38 -3.4e+38 -3.4e+38 2.15665431824164e-06 3.23859567288309e-05 8.37235784274526e-05 0.000130446584080346 0.000194641674170271 9.0452485892456e-05 9.96619419311173e-05 3.35941113007721e-05 3.48889152519405e-05 8.09975026641041e-05 0.000477560446597636 0.000729492807295173 0.00102799327578396 0.00128070893697441 0.00169379205908626 0.0021889740601182 0.0017341977218166 0.00133505824487656 0.00126340764109045 0.00112459540832788 0.0009971127146855 0.000419396499637514 0.000448801903985441 0.000488834455609322 0.000542860070709139 0.000604535744059831 0.000644757761619985 0.000707807601429522 0.000771982246078551 0.000779886380769312 0.000841124157886952 0.000876241072546691 0.00100693770218641 0.000980927492491901 0.00100561848375946 0.003053636290133 0.0287156719714403 0.0555183030664921 0.0549507178366184 0.11549100279808
-3.4e+38 -3.4e+38 -3.4e+38 -3.4e+38 -3.4e+38 2.88878391074832e-06 1.37885535878013e-05 3.30717848555651e-05 3.7694800994359e-05 4.70730155939236e-05 7.39421157049946e-05 0.000136925737024285 0.000160547715495341 5.28860655322205e-05 0.000112321722554043 0.000579207960981876 0.000898436235729605 0.00113691959995776 0.00133911124430597 0.00180490547791123 0.00248745665885508 0.00268231076188385 0.00175534433219582 0.00205354276113212 0.00143249903339893 0.000372721493477002 0.000392949616070837 0.000460356182884425 0.000508908240590245 0.000526521820574999 0.000619224330876023 0.000624930369667709 0.000676341238431633 0.000685906154103577 0.000721141346730292 0.000814694445580244 0.000891377800144255 0.00106710591353476 0.00107688165735453 0.00330652738921344 0.0123670119792223 0.0478199124336243 0.0652424097061157 0.0830902978777885
-3.4e+38 -3.4e+38 -3.4e+38 -3.4e+38 -3.4e+38 -3.4e+38 -3.4e+38 1.64653047249885e-05 3.08024318655953e-05 3.14021999656688e-05 4.2822073737625e-05 2.47473162744427e-05 0.000142412638524547 0.000243476257310249 8.52005978231318e-05 0.000470567407319322 0.00070129323285073 0.000963360536843538 0.00120157562196255 0.00142056401818991 0.00159512355457991 0.00198195828124881 0.00274495594203472 0.00218971935100853 0.00183692912105471 0.00127248396165669 0.000376819225493819 0.000446990743512288 0.000491481623612344 0.000521056121215224 0.000550313852727413 0.00057691428810358 0.000597033184021711 0.000608005386311561 0.000667384010739625 0.000718161812983453 0.000805222429335117 0.00103196385316551 0.00117609871085733 0.00360336666926742 0.0110943876206875 0.0377471223473549 0.0296264328062534 0.084433950483799
-3.4e+38 -3.4e+38 -3.4e+38 -3.4e+38 -3.4e+38 -3.4e+38 -3.4e+38 8.30663702799939e-06 2.38159045693465e-05 3.11046424030792e-05 3.41928862326313e-05 5.81935382797383e-05 2.79962969216285e-05 5.08843586430885e-05 7.1859743911773e-05 0.000116204791993368 0.000530800083652139 0.000781519105657935 0.000995434587821364 0.00121618248522282 0.00161232135724276 0.00179430237039924 0.00226442865096033 0.00248012295924127 0.0014473459450528 0.00146768009290099 0.000412795139709488 0.000444539298769087 0.000470639497507364 0.000489134341478348 0.000509541016072035 0.00054810952860862 0.000549262971617281 0.000589972303714603 0.000594865530729294 0.00064558902522549 0.000708032865077257 0.000871876312885433 0.00119429128244519 0.00361331249587238 0.0114819211885333 0.0265086200088263 0.0535745956003666 0.0477292723953724
-3.4e+38 -3.4e+38 -3.4e+38 -3.4e+38 -3.4e+38 -3.4e+38 -3.4e+38 -3.4e+38 1.14240510811214e-05 1.51414078572998e-05 3.09468341583852e-05 4.56599482276943e-05 6.55926633044146e-05 3.60278208972886e-05 5.32425256096758e-05 7.70143524277955e-05 0.000136975169880316 0.000606946006882936 0.00080329057527706 0.00102802598848939 0.00126981898210943 0.0016158998478204 0.0019314035307616 0.00225526187568903 0.00156401132699102 0.00140403641853482 0.000441570125985891 0.000431671971455216 0.000494254752993584 0.000490395468659699 0.000514372659381479 0.000526990625075996 0.000543470727279782 0.000547020870726556 0.000570239499211311 0.000632123148534447 0.000687076593749225 0.000843227840960026 0.00127307011280209 0.0039361109957099 0.013062852434814 0.0234553702175617 0.0455329269170761 0.0455350875854492
-3.4e+38 -3.4e+38 -3.4e+38 -3.4e+38 -3.4e+38 -3.4e+38 -3.4e+38 -3.4e+38 -3.4e+38 5.19072671067988e-07 2.37675817515992e-06 3.14802746288478e-05 4.84825686726253e-05 2.19425037357723e-05 0.000114355127152521 0.000191492101293989 0.000101404744782485 0.000154897221364081 0.00020856416085735 0.00079045188613236 0.000979535980150104 0.00124360434710979 0.00156331423204392 0.00181114382576197 0.00176898040808737 0.00137909583281726 0.000502140785101801 0.00047564011765644 0.000464352837298065 0.000502864364534616 0.000465396442450583 0.000534156104549766 0.000555727630853653 0.000526836141943932 0.000536592677235603 0.000594250741414726 0.000763679388910532 0.000872825330588967 0.00133539270609617 0.00433594780042768 0.0125415064394474 0.0104314163327217 0.0264958869665861 0.0150377508252859
-3.4e+38 -3.4e+38 -3.4e+38 -3.4e+38 -3.4e+38 -3.4e+38 -3.4e+38 -3.4e+38 -3.4e+38 -3.4e+38 2.80350000991803e-08 8.97927861842618e-07 2.25741732720053e-05 5.58869433007203e-05 8.47103437990882e-05 0.000140716903842986 0.00019813040853478 0.000103589067293797 0.000399721669964492 0.00052696920465678 0.000698538904543966 0.000943767896387726 0.00118607154581696 0.0015301532112062 0.0017680989112705 0.0018327321158722 0.000615133962128311 0.000550597382243723 0.000521203444804996 0.00049847800983116 0.000500870344694704 0.000536548439413309 0.000557356979697943 0.000569949159398675 0.000520470144692808 0.000604514265432954 0.000822032627183944 0.00109063228592277 0.0014132735086605 0.00465605314821005 0.00516643328592181 0.00937740132212639 0.0148024428635836 0.0149366641417146
-3.4e+38 -3.4e+38 -3.4e+38 -3.4e+38 -3.4e+38 -3.4e+38 -3.4e+38 -3.4e+38 -3.4e+38 -3.4e+38 -3.4e+38 3.59359830781614e-07 7.89130524481152e-07 1.21396542454022e-05 4.40534968220163e-05 6.7837921960745e-05 8.79512735991739e-05 0.000168823418789543 0.000258015963481739 0.000374422379536554 0.000508137454744428 0.000681616133078933 0.000916048011276871 0.0012376643717289 0.00156043726019561 0.00184886320494115 0.000719184754416347 0.000629305839538574 0.000554579542949796 0.000496300926897675 0.000523182970937341 0.000548678450286388 0.000548105745110661 0.00051780155627057 0.000511825899593532 0.000526860472746193 0.000652572140097618 0.000729465507902205 0.0010165786370635 0.00461937906220555 0.0148807978257537 0.0154895503073931 0.016794215887785 0.0387263707816601
-3.4e+38 -3.4e+38 -3.4e+38 -3.4e+38 -3.4e+38 -3.4e+38 -3.4e+38 -3.4e+38 -3.4e+38 -3.4e+38 -3.4e+38 -3.4e+38 7.81070639277459e-07 1.27208215872088e-06 6.24335325483116e-06 2.7264526579529e-05 5.86579444643576e-05 7.83286450314336e-05 0.000161734584253281 0.000265350798144937 0.000381789432140067 0.000504198542330414 0.000656353833619505 0.00094526435714215 0.00123723945580423 0.00146599067375064 0.00198219390586019 0.000814806146081537 0.000590748270042241 0.000471816019853577 0.000500780181027949 0.00049965298967436 0.000499468995258212 0.000434778048656881 0.000445801008027047 0.000407768355216831 0.000507859047502279 0.000589504663366824 0.000658257806207985 0.00379203679040074 0.00528812315315008 0.0265232995152473 0.0141815235838294 0.0361240729689598
