data/climate_estimation/maxent_output/Calochortus_nuttallii.asc
NCOLS 305 
NROWS 213 
XLLCORNER -122.083333333333 
YLLCORNER 31 
CELLSIZE 0.0833333333333333 
NODATA_value -3.4e+38 
[rows 100 to 119 of 213, columns 88 to 131 of 305]
0.917130589485168 0.908955752849579 0.867829442024231 0.87485009431839 0.79510909318924 0.872890591621399 0.817391812801361 0.748565256595612 0.598314940929413 0.470188468694687 0.466094732284546 0.462450593709946 0.43122935295105 0.531608641147614 0.530163168907166 0.523110151290894 0.540045917034149 0.594170868396759 0.592520415782928 0.584175169467926 0.722233772277832 0.766628444194794 0.617530643939972 0.560491502285004 0.625468492507935 0.781614184379578 0.716483652591705 0.600773513317108 0.576268553733826 0.549119234085083 0.184348434209824 0.577350556850433 0.738445520401001 0.745216727256775 0.755955338478088 0.74682354927063 0.573261320590973 0.171236127614975 0.564416766166687 0.50799548625946 0.517748177051544 0.340517640113831 0.114345297217369 0.169678837060928
0.911720156669617 0.871988534927368 0.871297359466553 0.867328345775604 0.790982007980347 0.809896349906921 0.784277200698853 0.773561418056488 0.787912428379059 0.722752153873444 0.524976909160614 0.463812291622162 0.481348007917404 0.536168813705444 0.501206159591675 0.554265797138214 0.543884813785553 0.594261407852173 0.55535751581192 0.581229388713837 0.584352552890778 0.638169586658478 0.695319473743439 0.64752471446991 0.613009095191956 0.656975626945496 0.754862010478973 0.623229742050171 0.562010884284973 0.607110857963562 0.641217887401581 0.678677558898926 0.75261515378952 0.741591930389404 0.717656373977661 0.705514371395111 0.680431485176086 0.569282829761505 0.190546646714211 0.352280795574188 0.358918219804764 0.186928778886795 0.438388913869858 0.197184905409813
0.91245448589325 0.890118896961212 0.867032647132874 0.847704350948334 0.811584055423737 0.761358976364136 0.79646223783493 0.785735130310059 0.809321880340576 0.74751615524292 0.832107305526733 0.733496725559235 0.486019134521484 0.477995336055756 0.528947651386261 0.551293790340424 0.516209125518799 0.594291150569916 0.538659572601318 0.499413520097733 0.48183462023735 0.439305305480957 0.445825725793839 0.607798457145691 0.807161569595337 0.65296071767807 0.757170379161835 0.656728684902191 0.603659868240356 0.590170621871948 0.637156963348389 0.708029568195343 0.711806416511536 0.743318736553192 0.707322537899017 0.668424427509308 0.64618319272995 0.71342545747757 0.308251917362213 0.646978914737701 0.593680679798126 0.422944664955139 0.517088949680328 0.69374692440033
0.90043032169342 0.885063767433167 0.840162694454193 0.846711993217468 0.849735498428345 0.800905406475067 0.80416601896286 0.803229033946991 0.787310421466827 0.764114558696747 0.812948703765869 0.808274388313293 0.477875530719757 0.485185980796814 0.532657325267792 0.518431127071381 0.497915893793106 0.766370952129364 0.569880723953247 0.52353310585022 0.476086318492889 0.280559837818146 0.35267436504364 0.726604700088501 0.821749091148376 0.677240192890167 0.697633802890778 0.815864861011505 0.625224649906158 0.634528875350952 0.6475430727005 0.689317345619202 0.669312834739685 0.667743682861328 0.677876710891724 0.659021258354187 0.636857450008392 0.678633213043213 0.608469724655151 0.629490494728088 0.700891852378845 0.712953627109528 0.583019852638245 0.68808788061142
0.896454870700836 0.886995851993561 0.846342206001282 0.817527949810028 0.809937953948975 0.789904952049255 0.804901599884033 0.790072679519653 0.773603320121765 0.803795635700226 0.802346467971802 0.799849152565002 0.504452407360077 0.39377823472023 0.487046033143997 0.549055814743042 0.494195163249969 0.540359377861023 0.575071394443512 0.524355351924896 0.51293021440506 0.526761293411255 0.599391162395477 0.68061363697052 0.713755130767822 0.715376615524292 0.774002134799957 0.675483644008636 0.71496719121933 0.673795640468597 0.78603184223175 0.789381444454193 0.71090692281723 0.65295284986496 0.663361668586731 0.707307875156403 0.665249824523926 0.717944800853729 0.671052098274231 0.783999264240265 0.739905655384064 0.720428347587585 0.571544706821442 0.399642825126648
0.851332128047943 0.879013419151306 0.83769565820694 0.822751104831696 0.82784628868103 0.798822641372681 0.779149293899536 0.797055602073669 0.775073707103729 0.819827497005463 0.764765441417694 0.810260057449341 0.463776767253876 0.40295222401619 0.490292102098465 0.548627257347107 0.562150776386261 0.532753705978394 0.700055420398712 0.867027521133423 0.665914595127106 0.539463222026825 0.655408024787903 0.696531116962433 0.81756454706192 0.754765093326569 0.81426328420639 0.77365106344223 0.82623016834259 0.791218817234039 0.778836011886597 0.823514461517334 0.747095465660095 0.615614593029022 0.616221785545349 0.737800002098083 0.644773364067078 0.414771288633347 0.795132756233215 0.813822448253632 0.780369818210602 0.802191019058228 0.795410811901093 0.713956236839294
0.855323791503906 0.851660251617432 0.803776919841766 0.803942859172821 0.79665070772171 0.771391451358795 0.799219787120819 0.820865571498871 0.809476435184479 0.761699080467224 0.673505544662476 0.808634400367737 0.464406669139862 0.476654320955276 0.506555199623108 0.679249405860901 0.556431233882904 0.591852247714996 0.662489891052246 0.824107468128204 0.731212615966797 0.641794860363007 0.804110169410706 0.748438656330109 0.692642986774445 0.640398442745209 0.695482671260834 0.811957120895386 0.81928414106369 0.810643196105957 0.707669138908386 0.795958459377289 0.807141244411469 0.673348844051361 0.653653740882874 0.732458114624023 0.41180682182312 0.730851888656616 0.833631694316864 0.763723909854889 0.682951331138611 0.552001416683197 0.738901376724243 0.668791353702545
0.81399542093277 0.845815002918243 0.777099072933197 0.781033396720886 0.760405778884888 0.794744610786438 0.789558410644531 0.809190094470978 0.800220370292664 0.577785611152649 0.819654881954193 0.762882649898529 0.534703373908997 0.58660477399826 0.657136797904968 0.835043966770172 0.530213475227356 0.558552443981171 0.82686460018158 0.875841915607452 0.772871077060699 0.853110373020172 0.737059891223907 0.648656129837036 0.439667731523514 0.585641980171204 0.642746210098267 0.671903133392334 0.709460318088531 0.761292099952698 0.715291976928711 0.802611887454987 0.839710712432861 0.818510770797729 0.634901762008667 0.629193246364594 0.708124816417694 0.721901953220367 0.826610565185547 0.850166440010071 0.655357241630554 0.551775574684143 0.693946003913879 0.693659126758575
0.807755887508392 0.79327118396759 0.792019724845886 0.785865426063538 0.788902580738068 0.810399055480957 0.786503195762634 0.803207695484161 0.796013355255127 0.806463479995728 0.831274271011353 0.515169739723206 0.516826868057251 0.786553502082825 0.775425553321838 0.838902115821838 0.672388136386871 0.559688091278076 0.790252387523651 0.849436938762665 0.825032889842987 0.794506847858429 0.786887228488922 0.463305473327637 0.380642354488373 0.461866021156311 0.528640925884247 0.587072789669037 0.602440476417542 0.606731116771698 0.638453006744385 0.7720667719841 0.764321029186249 0.730557441711426 0.601332783699036 0.857471287250519 0.875763535499573 0.83702027797699 0.838898479938507 0.888131737709045 0.739213943481445 0.510764479637146 0.544067561626434 0.59807425737381
0.797725915908813 0.777742862701416 0.78558361530304 0.766008079051971 0.791490852832794 0.795731425285339 0.811007022857666 0.781421959400177 0.833867430686951 0.741079270839691 0.471547782421112 0.768381953239441 0.820529162883759 0.843966066837311 0.832699120044708 0.797915399074554 0.61829799413681 0.613047003746033 0.679849743843079 0.853802263736725 0.875020503997803 0.74223792552948 0.692514955997467 0.452795922756195 0.400892645120621 0.369411617517471 0.446162134408951 0.496673434972763 0.530882596969604 0.62171745300293 0.802154541015625 0.66360729932785 0.727628111839294 0.798233866691589 0.672661960124969 0.905007183551788 0.669999063014984 0.897665858268738 0.887375712394714 0.913445293903351 0.839152455329895 0.387523025274277 0.393122464418411 0.556583225727081
0.807125687599182 0.80263340473175 0.795791208744049 0.737980484962463 0.745343267917633 0.800902962684631 0.801845490932465 0.814739465713501 0.789591550827026 0.564012825489044 0.501163840293884 0.833364009857178 0.836447298526764 0.657508909702301 0.615226924419403 0.461165338754654 0.820181310176849 0.863104522228241 0.797029495239258 0.853614807128906 0.808676242828369 0.824258387088776 0.578372120857239 0.324662357568741 0.349973559379578 0.374985426664352 0.442786127328873 0.453130155801773 0.484885036945343 0.517127871513367 0.702719628810883 0.621565401554108 0.61547988653183 0.728662550449371 0.735576391220093 0.897135734558105 0.835042953491211 0.889594554901123 0.912907600402832 0.954744040966034 0.840528428554535 0.298119574785233 0.553224205970764 0.526796817779541
0.800995230674744 0.729613065719604 0.804169237613678 0.746873676776886 0.801322758197784 0.812877893447876 0.790295302867889 0.805285573005676 0.701630592346191 0.506489098072052 0.541778445243835 0.802227377891541 0.855172574520111 0.617222011089325 0.462763875722885 0.410305291414261 0.850701868534088 0.853529810905457 0.810862004756927 0.806427597999573 0.868734121322632 0.766309201717377 0.614924430847168 0.320473432540894 0.334871739149094 0.334932744503021 0.391582816839218 0.424880504608154 0.456388056278229 0.57776141166687 0.871391415596008 0.748670995235443 0.621012449264526 0.656751096248627 0.856410920619965 0.887087881565094 0.902854740619659 0.893672466278076 0.900935411453247 0.929692387580872 0.563153743743896 0.252995878458023 0.458242356777191 0.690461337566376
0.82847136259079 0.617698311805725 0.780238389968872 0.725179135799408 0.668870866298676 0.774206757545471 0.787162363529205 0.806303739547729 0.642719566822052 0.45088717341423 0.460125774145126 0.66765296459198 0.795299649238586 0.471110641956329 0.382410854101181 0.404991000890732 0.816701292991638 0.861429154872894 0.845026671886444 0.719313442707062 0.725392401218414 0.710144340991974 0.329009652137756 0.306388884782791 0.370814293622971 0.351230263710022 0.37729412317276 0.424909502267838 0.471637219190598 0.818480372428894 0.899350464344025 0.707432866096497 0.68015992641449 0.733074843883514 0.87613707780838 0.882264852523804 0.946180164813995 0.847321569919586 0.934829294681549 0.672878503799438 0.167563155293465 0.692718386650085 0.506739795207977 0.729459047317505
0.810334265232086 0.666084825992584 0.854184091091156 0.690580248832703 0.744143187999725 0.799163043498993 0.546026706695557 0.846807360649109 0.676699876785278 0.378616780042648 0.387356907129288 0.605452060699463 0.841362535953522 0.710396647453308 0.433895409107208 0.34483590722084 0.881232738494873 0.876612663269043 0.81096225976944 0.662220299243927 0.624895453453064 0.558418452739716 0.327160358428955 0.332355946302414 0.398288011550903 0.377394497394562 0.422047048807144 0.42502549290657 0.566918134689331 0.902369499206543 0.905828058719635 0.781658172607422 0.913657009601593 0.88591068983078 0.841349601745605 0.944403111934662 0.914886355400085 0.895146787166595 0.829414665699005 0.247444376349449 0.420106619596481 0.756014585494995 0.765857517719269 0.783808588981628
0.79398387670517 0.809430658817291 0.799266040325165 0.747567653656006 0.78684401512146 0.833128750324249 0.78068745136261 0.816870212554932 0.612807929515839 0.376711338758469 0.513379573822021 0.828665614128113 0.829532086849213 0.804741442203522 0.418999701738358 0.575202286243439 0.826230764389038 0.852505743503571 0.643797159194946 0.635810196399689 0.54297548532486 0.524821400642395 0.331644594669342 0.341755300760269 0.426242500543594 0.436277717351913 0.423167765140533 0.425171941518784 0.504361629486084 0.74397474527359 0.862406194210052 0.885399341583252 0.941547214984894 0.89347106218338 0.762050688266754 0.865085542201996 0.871320486068726 0.87937468290329 0.627324640750885 0.26088410615921 0.652080476284027 0.762349367141724 0.735688507556915 0.766635060310364
0.823013067245483 0.846306264400482 0.803740918636322 0.721927404403687 0.811554372310638 0.815601348876953 0.788662016391754 0.661046385765076 0.393008530139923 0.420374035835266 0.686687111854553 0.812250673770905 0.810663878917694 0.854260444641113 0.435391038656235 0.568015694618225 0.873188674449921 0.865679383277893 0.488807141780853 0.474662601947784 0.451090484857559 0.519336521625519 0.396890431642532 0.355630367994308 0.37333956360817 0.431573390960693 0.507768332958221 0.468881040811539 0.479705780744553 0.593547105789185 0.86229544878006 0.894441723823547 0.941579759120941 0.941860198974609 0.79954582452774 0.776660621166229 0.892315804958344 0.866725206375122 0.648488521575928 0.256428420543671 0.519300997257233 0.739992618560791 0.767350554466248 0.763413727283478
0.82546192407608 0.824292242527008 0.796384751796722 0.781775593757629 0.821368873119354 0.829437732696533 0.806568682193756 0.489130049943924 0.392159581184387 0.33424511551857 0.404027849435806 0.418715924024582 0.538259923458099 0.867741823196411 0.85507196187973 0.520566463470459 0.584967076778412 0.561533570289612 0.372929781675339 0.372753411531448 0.439889281988144 0.789898812770844 0.654133081436157 0.439306020736694 0.493955790996552 0.522258877754211 0.506387948989868 0.519752383232117 0.549476146697998 0.681405365467072 0.928304612636566 0.842467963695526 0.95061320066452 0.951841711997986 0.822602093219757 0.772502958774567 0.903045237064362 0.742784082889557 0.405909270048141 0.507276296615601 0.717345952987671 0.723240971565247 0.742717385292053 0.712014198303223
0.849823832511902 0.859105408191681 0.791762828826904 0.676850199699402 0.781605303287506 0.305259168148041 0.827973902225494 0.780350089073181 0.421041160821915 0.555647015571594 0.600820481777191 0.489747792482376 0.494042664766312 0.850003838539124 0.811654448509216 0.822210073471069 0.439282208681107 0.469636976718903 0.36826878786087 0.365102827548981 0.591614782810211 0.900593996047974 0.847327291965485 0.574821829795837 0.571709215641022 0.532413065433502 0.53247743844986 0.520989596843719 0.592712640762329 0.799429893493652 0.894044280052185 0.770917415618896 0.928067028522491 0.902667462825775 0.696751952171326 0.918302774429321 0.852629065513611 0.740240752696991 0.72275710105896 0.695295453071594 0.698927879333496 0.727555811405182 0.588854074478149 0.548510134220123
0.861202538013458 0.88055682182312 0.776653826236725 0.676379084587097 0.791544437408447 0.567062675952911 0.853120803833008 0.797550678253174 0.631392240524292 0.779609441757202 0.833629548549652 0.834824800491333 0.662792682647705 0.679938197135925 0.815518498420715 0.797021329402924 0.490579187870026 0.60301411151886 0.346362292766571 0.435544461011887 0.849885106086731 0.901523232460022 0.857727706432343 0.631573617458344 0.621049404144287 0.623987019062042 0.581158518791199 0.550150632858276 0.762310028076172 0.878570795059204 0.804890394210815 0.824690043926239 0.901715755462646 0.758849024772644 0.823487401008606 0.820575058460236 0.840204894542694 0.760519325733185 0.756446719169617 0.683035254478455 0.685744166374207 0.632725536823273 0.537936627864838 0.63162899017334
0.878352880477905 0.813570737838745 0.756251335144043 0.680603265762329 0.795472204685211 0.856864392757416 0.86166924238205 0.790526807308197 0.592864573001862 0.645818650722504 0.80438494682312 0.787844598293304 0.801118016242981 0.809910535812378 0.805267691612244 0.62467634677887 0.569938480854034 0.432968288660049 0.365973889827728 0.420480579137802 0.847726702690125 0.852851986885071 0.845147848129272 0.681036949157715 0.699155747890472 0.701625943183899 0.655185401439667 0.678165555000305 0.902250349521637 0.85227233171463 0.797501087188721 0.892521262168884 0.833380818367004 0.817185521125793 0.871849954128265 0.785544455051422 0.734739124774933 0.68104350566864 0.709157466888428 0.629096210002899 0.635594069957733 0.584303259849548 0.570715427398682 0.54012405872345
