data/climate_estimation/maxent_output/Calochortus_leichtlinii.asc
NCOLS 55 
NROWS 78 
XLLCORNER -122.583333333333 
YLLCORNER 35.8333333333333 
CELLSIZE 0.0833333333333332 
NODATA_value -3.4e+38 
[rows 38 to 56 of 78, columns 0 to 42 of 55]
0.0114653641358018 0.0140192722901702 0.00641364883631468 0.00491287745535374 0.00443153223022819 0.00448753172531724 0.00431451993063092 0.00402499968186021 0.00371530442498624 0.00343470904044807 0.00320531846955419 0.00307377777062356 0.00340603152289987 0.00371097330935299 0.00420125992968678 0.00539482710883021 0.009986930526793 0.0174448471516371 0.0738335102796555 0.142649814486504 0.180023983120918 0.312699198722839 0.420756071805954 0.50144350528717 0.737806737422943 0.756685674190521 0.750480115413666 0.77397346496582 0.765533447265625 0.73261296749115 0.696122825145721 0.721838355064392 0.769982039928436 0.291410595178604 0.085032656788826 0.218267381191254 0.174558058381081 0.262249559164047 0.0490120649337769 0.00268016243353486 0.000917414319701493 0.00078847142867744 0.000739724840968847
0.00908467639237642 0.0145000778138638 0.00797003041952848 0.00655818823724985 0.00443738698959351 0.0038819455076009 0.00380850676447153 0.00355923920869827 0.00347148184664547 0.00324460142292082 0.00317493313923478 0.00331452861428261 0.00354443956166506 0.00382103980518878 0.00408825045451522 0.00496312556788325 0.00783486198633909 0.0113299433141947 0.0523472018539906 0.110440410673618 0.126480206847191 0.193648055195808 0.15887326002121 0.350787460803986 0.566881120204926 0.673212110996246 0.761238098144531 0.7872474193573 0.770329356193542 0.771382987499237 0.714311003684998 0.712593913078308 0.762485265731812 0.129010200500488 0.0873766019940376 0.172284007072449 0.37235963344574 0.307319700717926 0.0266426634043455 0.00654243072494864 0.00111312454100698 0.000987274805083871 0.00123433500993997
0.010805512778461 0.011223322711885 0.00751355104148388 0.00855492707341909 0.00517829274758697 0.003737777704373 0.00338257686235011 0.00315108243376017 0.00312177836894989 0.00320293265394866 0.0031895493157208 0.00333916372619569 0.00380342593416572 0.00397439952939749 0.00421905424445868 0.0046988227404654 0.00592720182612538 0.00980014353990555 0.0414759591221809 0.0407345630228519 0.107468657195568 0.134462803602219 0.179691836237907 0.244783401489258 0.464557409286499 0.635281026363373 0.761623859405518 0.764823138713837 0.765351235866547 0.771426975727081 0.743879377841949 0.737427830696106 0.73172926902771 0.145573988556862 0.0768474861979485 0.0968713685870171 0.284188121557236 0.364769339561462 0.00618613651022315 0.00611443119123578 0.00336785055696964 0.00119273492600769 0.0018764806445688
0.0395060442388058 0.0584098286926746 0.0132666993886232 0.0106884799897671 0.00487932283431292 0.00450078677386045 0.00307931075803936 0.00298965210095048 0.00299069820903242 0.00307195167988539 0.00332798273302615 0.00368834915570915 0.00381866889074445 0.0041980636306107 0.00441489368677139 0.00476831942796707 0.00548013905063272 0.00722933979704976 0.00914141442626715 0.0387902110815048 0.0986864790320396 0.103884801268578 0.160605728626251 0.36029064655304 0.473674446344376 0.624269187450409 0.678393542766571 0.777555763721466 0.792117536067963 0.766549348831177 0.773379385471344 0.773424923419952 0.755493402481079 0.293426871299744 0.144765704870224 0.296383708715439 0.573874652385712 0.403567016124725 0.00810211803764105 0.00611807033419609 0.00564635684713721 0.00148616568185389 0.00223350943997502
0.00837969593703747 0.0073673683218658 0.00904498342424631 0.00890151411294937 0.00529833929613233 0.004479403141886 0.00279439683072269 0.00281319604255259 0.00288142939098179 0.00319090392440557 0.00354128913022578 0.00397641398012638 0.00433968286961317 0.00442636990919709 0.0044616018421948 0.00471855886280537 0.00512110069394112 0.00596534367650747 0.00779558531939983 0.0273868124932051 0.0367248095571995 0.080802358686924 0.0783556625247002 0.132646501064301 0.257347702980042 0.440086722373962 0.592783987522125 0.732795298099518 0.772377967834473 0.78593111038208 0.769899785518646 0.783241987228394 0.761634051799774 0.511098206043243 0.351788103580475 0.521000504493713 0.64676296710968 0.508777856826782 0.0178829487413168 0.0103108547627926 0.0111831370741129 0.00280786142684519 0.00345666240900755
0.0128145348280668 0.00818923301994801 0.00654599908739328 0.00547898514196277 0.00812740810215473 0.00366272707469761 0.00279335118830204 0.00271834735758603 0.00305145070888102 0.00337712303735316 0.00406039692461491 0.00442638620734215 0.00479631079360843 0.00497181946411729 0.00494897784665227 0.00494951568543911 0.00504645192995667 0.0053182216361165 0.0261369161307812 0.0312373023480177 0.0379374250769615 0.0827802419662476 0.0641220957040787 0.0903600379824638 0.252657890319824 0.49829164147377 0.701543390750885 0.771164119243622 0.76552426815033 0.802272140979767 0.796808302402496 0.770863056182861 0.764632165431976 0.61348956823349 0.754384994506836 0.777787804603577 0.233659982681274 0.0546690858900547 0.146615356206894 0.0273588690906763 0.11957411468029 0.0411927178502083 0.0076839430257678
0.041507501155138 0.0282126981765032 0.00673133321106434 0.00569359213113785 0.00708938203752041 0.0105765601620078 0.00331865740008652 0.00281108357012272 0.00321974116377532 0.00390556827187538 0.00449181348085403 0.0050909067504108 0.0054503190331161 0.00549329072237015 0.00531441299244761 0.00535722589120269 0.00537325395271182 0.00538300024345517 0.00628555472940207 0.0275573749095201 0.0310298074036837 0.0358623303472996 0.0695674419403076 0.0763322040438652 0.209536239504814 0.511350035667419 0.720656394958496 0.80870121717453 0.793655872344971 0.802633762359619 0.772315263748169 0.788739144802094 0.769122958183289 0.761427640914917 0.755859434604645 0.763675093650818 0.355222463607788 0.128203868865967 0.4415642619133 0.268924504518509 0.193556189537048 0.440371870994568 0.0297100227326155
0.0212831143289804 0.0196951162070036 0.00680852588266134 0.00917118322104216 0.00578691437840462 0.00724068051204085 0.0041652605868876 0.00300929206423461 0.0037351984065026 0.00482497736811638 0.00546490028500557 0.00584667455404997 0.00618451973423362 0.00607949495315552 0.00601642811670899 0.00598198920488358 0.00560999847948551 0.0052888966165483 0.00555145461112261 0.0191189013421535 0.0218936577439308 0.0312166903167963 0.0665239542722702 0.0946575328707695 0.194380208849907 0.414613723754883 0.596165359020233 0.774007976055145 0.782956063747406 0.801982283592224 0.803924262523651 0.792799890041351 0.767357230186462 0.775460958480835 0.749991774559021 0.780124008655548 0.731616079807281 0.334450453519821 0.660417377948761 0.63562536239624 0.311056226491928 0.530477941036224 0.107902556657791
0.0243940465152264 0.0170645136386156 0.00380123034119606 0.00893189944326878 0.00782517250627279 0.0107463616877794 0.00577206118032336 0.00397906638681889 0.00457216985523701 0.00566969159990549 0.006304866168648 0.00634147878736258 0.00675195967778563 0.00684443861246109 0.00689945416525006 0.00654004281386733 0.00594920385628939 0.00538329826667905 0.00509706372395158 0.0174918379634619 0.0180477425456047 0.0252910163253546 0.0652567893266678 0.0884693190455437 0.146266773343086 0.239699333906174 0.400854021310806 0.507219612598419 0.752514004707336 0.814562201499939 0.786041736602783 0.794851422309875 0.783265769481659 0.758836925029755 0.751969158649445 0.740539908409119 0.726937592029572 0.753620624542236 0.687257766723633 0.607792496681213 0.41439551115036 0.180763497948647 0.0789572596549988
0.0125942369922996 0.0217769220471382 0.00417386926710606 0.00495437206700444 0.0074438601732254 0.00849498342722654 0.00801579095423222 0.00627070432528853 0.0066068023443222 0.00712153129279613 0.00724781956523657 0.00760427257046103 0.00773338554427028 0.00779706472530961 0.00740247871726751 0.00701114675030112 0.00651145214214921 0.00573639012873173 0.0174622908234596 0.0160568058490753 0.0171132273972034 0.0233357418328524 0.053812213242054 0.0680647939443588 0.0962042212486267 0.138553962111473 0.435731947422028 0.697499394416809 0.774047315120697 0.812460064888 0.815530240535736 0.804845631122589 0.782743275165558 0.776366591453552 0.724154412746429 0.678566694259644 0.74490624666214 0.77150559425354 0.734617531299591 0.664340972900391 0.604655623435974 0.543895363807678 0.32715031504631
0.00308665749616921 0.00258079078048468 0.00367507757619023 0.00366185978055 0.00705040851607919 0.00695035280659795 0.00799205154180527 0.00872049573808908 0.00890844687819481 0.00877992250025272 0.00870503485202789 0.00834294315427542 0.00803734548389912 0.00827015563845634 0.00838707759976387 0.00792912673205137 0.00705964537337422 0.00604705652222037 0.018680838868022 0.0157687943428755 0.0147972470149398 0.0175513662397861 0.0186176486313343 0.053070642054081 0.092958927154541 0.138201713562012 0.35013934969902 0.601307332515717 0.696159183979034 0.785374581813812 0.744801163673401 0.804429113864899 0.767386317253113 0.762436151504517 0.753551244735718 0.680931985378265 0.731692671775818 0.7392578125 0.700855016708374 0.71783983707428 0.53061580657959 0.618224859237671 0.583538949489594
0.00185607129242271 0.00226108729839325 0.00234978017397225 0.00282552931457758 0.0045685488730669 0.00537897599861026 0.00738919153809547 0.00894381385296583 0.00957248825579882 0.00960227102041245 0.0103332586586475 0.00883852783590555 0.00885191280394793 0.00915333442389965 0.00900450348854065 0.0089100357145071 0.00799047201871872 0.00680923648178577 0.0055142967030406 0.00461650500074029 0.0139615833759308 0.0145444134250283 0.0163269359618425 0.0255426149815321 0.0647570043802261 0.0963970348238945 0.212793841958046 0.273222982883453 0.507166385650635 0.533773958683014 0.608162641525269 0.794096887111664 0.794226109981537 0.762977719306946 0.707675218582153 0.696710407733917 0.699605405330658 0.642320156097412 0.719147920608521 0.765202939510345 0.681860208511353 0.621469497680664 0.583529233932495
0.0019428733503446 0.00202926364727318 0.00201262743212283 0.00218444969505072 0.00304149580188096 0.00412492314353585 0.00551469391211867 0.00763605674728751 0.00954837258905172 0.00994823034852743 0.00993414968252182 0.00954877585172653 0.00930868275463581 0.00923940353095531 0.00931238010525703 0.00957384053617716 0.00841633882373571 0.00689498940482736 0.00576502457261086 0.00464861327782273 0.00399456452578306 0.0156932193785906 0.0268058516085148 0.0161855947226286 0.0235126875340939 0.0701446905732155 0.0747705549001694 0.159750267863274 0.41728687286377 0.616544604301453 0.75164794921875 0.814825534820557 0.816360890865326 0.774228990077972 0.754672288894653 0.704232811927795 0.67459112405777 0.63922393321991 0.662977576255798 0.672773897647858 0.706320405006409 0.667987942695618 0.636594891548157
0.0018388171447441 0.00163411046378314 0.000905048509594053 0.00126720138359815 0.00208080024458468 0.00279086618684232 0.00444062193855643 0.00628704344853759 0.00889123696833849 0.00943353027105331 0.0106343608349562 0.00948588643223047 0.008750612847507 0.00843633431941271 0.00856184773147106 0.00861605163663626 0.00717372074723244 0.00623575877398252 0.00561321759596467 0.00469093630090356 0.00402814336121082 0.0159895811229944 0.0181344375014305 0.0227268058806658 0.019557498395443 0.0226079411804676 0.0842118412256241 0.188693225383759 0.353960454463959 0.578304648399353 0.688644230365753 0.816017031669617 0.789982914924622 0.822163820266724 0.758845210075378 0.758858323097229 0.71777606010437 0.65755558013916 0.632090866565704 0.6117182970047 0.700591802597046 0.735423743724823 0.62154632806778
0.00135548936668783 0.00106102554127574 0.000599505321588367 0.000897169054951519 0.00171152118127793 0.00251618353649974 0.00339114363305271 0.0059163854457438 0.00819101929664612 0.00959319900721312 0.00968918763101101 0.00914372038096189 0.0085118068382144 0.0076621575281024 0.00751636922359467 0.00704436423256993 0.00609221216291189 0.00567995756864548 0.0050364495255053 0.00454993871971965 0.00403316272422671 0.00385201931931078 0.0046905823983252 0.00417052675038576 0.00436598667874932 0.0177255235612392 0.0246141422539949 0.0491143949329853 0.139507442712784 0.443239659070969 0.456108629703522 0.614525377750397 0.546126365661621 0.720999181270599 0.764175295829773 0.790021896362305 0.745374202728271 0.73002552986145 0.655977010726929 0.578092694282532 0.657150506973267 0.771480679512024 0.738023102283478
0.00217627687379718 0.000465341581730172 0.000442823162302375 0.000539470289368182 0.00163560966029763 0.00201093102805316 0.00297671905718744 0.0063757156021893 0.00882501341402531 0.00799577496945858 0.00902654975652695 0.0086786774918437 0.00766154425218701 0.00711661670356989 0.0064738797955215 0.00600772118195891 0.00529813067987561 0.00501331733539701 0.00468025542795658 0.00439235847443342 0.00410452717915177 0.00378336943686008 0.00390476942993701 0.00381059385836124 0.00402186997234821 0.00454310234636068 0.00494590355083346 0.0274617914110422 0.0468324534595013 0.13348650932312 0.156305581331253 0.248944640159607 0.495371252298355 0.7991743683815 0.774802923202515 0.747028648853302 0.710545718669891 0.709320962429047 0.676941335201263 0.678695261478424 0.604127168655396 0.767826974391937 0.799754679203033
0.000206222874112427 0.000174194719875231 0.000163272779900581 0.000378935656044632 0.000847234739921987 0.00170594174414873 0.00343624944798648 0.00412046117708087 0.00647037941962481 0.007874496281147 0.00744355609640479 0.00771777890622616 0.00724779162555933 0.0063656885176897 0.00586086278781295 0.00530163664370775 0.0051583400927484 0.00484648253768682 0.00465801544487476 0.00429416261613369 0.0040177283808589 0.00375960301607847 0.00350061827339232 0.00346268177963793 0.00376466661691666 0.00421777227893472 0.0042461147531867 0.0273498892784119 0.134248450398445 0.175415202975273 0.17829667031765 0.440240740776062 0.617193937301636 0.786418259143829 0.778741002082825 0.73537415266037 0.748491823673248 0.71720427274704 0.621846377849579 0.546969592571259 0.47306489944458 0.714499294757843 0.733048021793365
0.000129864492919296 0.000188436402822845 0.000191426966921426 0.000529500539414585 0.000818437489215285 0.00135331926867366 0.00237821694463491 0.00381051213480532 0.00483768666163087 0.00533427065238357 0.00571655482053757 0.00784974172711372 0.0066038160584867 0.00570909818634391 0.00526726432144642 0.0051462878473103 0.00495114829391241 0.00463780341669917 0.00470065232366323 0.0043886317871511 0.00407890882343054 0.003748734947294 0.00343235372565687 0.00322802574373782 0.00308543653227389 0.00332004413940012 0.00366795598529279 0.0052925506606698 0.0229964423924685 0.0739285126328468 0.0597303099930286 0.180959463119507 0.331005990505219 0.519283294677734 0.730603694915771 0.765577554702759 0.788810610771179 0.711643517017365 0.699314117431641 0.488707393407822 0.612546980381012 0.692724406719208 0.718795239925385
0.000447171914856881 0.000764636031817645 0.000319104437949136 0.000562458822969347 -3.4e+38 0.00148040056228638 0.00220115040428936 0.00431679980829358 0.00413135532289743 0.00471951812505722 0.00588777055963874 0.00994472950696945 0.00789284147322178 0.00614547869190574 0.00534910475835204 0.00480141537263989 0.00477832509204745 0.00450702756643295 0.00448213145136833 0.00416443450376391 0.00385032850317657 0.00353668606840074 0.00344661506824195 0.00340203731320798 0.00308216409757733 0.00301680853590369 0.00333703681826591 0.00368430046364665 0.00585774658247828 0.0260902028530836 0.0274084620177746 0.047588337212801 0.138832271099091 0.268450766801834 0.705445110797882 0.766531944274902 0.739552915096283 0.71246200799942 0.585699915885925 0.636495351791382 0.706176698207855 0.704928338527679 0.718623459339142
