data/climate_estimation/maxent_output/Calochortus_pringlei.asc
NCOLS 65 
NROWS 83 
XLLCORNER -102.666666666667 
YLLCORNER 17.1666666666667 
CELLSIZE 0.0833333333333334 
NODATA_value -3.4e+38 
[rows 40 to 59 of 83, columns 0 to 43 of 65]
0.66341644525528 0.708670377731323 0.679812788963318 0.697526633739471 0.706790447235107 0.73799592256546 0.760999023914337 0.719797492027283 0.333997577428818 0.308324128389359 0.340501576662064 0.523566901683807 0.548936545848846 0.64817488193512 0.614998638629913 0.625272631645203 0.617678701877594 0.616044163703918 0.63077700138092 0.624247372150421 0.790932238101959 0.765295565128326 0.762627601623535 0.743073284626007 0.746846795082092 0.711525201797485 0.604856431484222 0.642567038536072 0.532913744449615 0.539790511131287 0.703048050403595 0.641189754009247 0.604745984077454 0.613626539707184 0.564205706119537 0.504945039749146 0.447238355875015 0.457727819681168 0.440386682748795 0.307006001472473 0.421546101570129 0.512169003486633 0.498367100954056 0.356242001056671
0.621895730495453 0.660720884799957 0.630203366279602 0.682492852210999 0.701119482517242 0.755732178688049 0.747181832790375 0.678092479705811 0.505174875259399 0.561440229415894 0.685857057571411 0.579824566841125 0.525262236595154 0.537064433097839 0.569224238395691 0.587832987308502 0.56427401304245 0.555359065532684 0.544900953769684 0.806463062763214 0.764765441417694 0.772024571895599 0.721855521202087 0.753326535224915 0.710749804973602 0.639796853065491 0.584752023220062 0.590533018112183 0.553282082080841 0.506427109241486 0.499251842498779 0.690368294715881 0.621319055557251 0.638496160507202 0.586457967758179 0.488405376672745 0.345478713512421 0.328100472688675 0.314199924468994 0.287726491689682 0.509878098964691 0.512485027313232 0.393384605646133 0.392305046319962
0.596246838569641 0.611522972583771 0.567073047161102 0.533193588256836 0.514427781105042 0.580884158611298 0.611317992210388 0.636059284210205 0.566773414611816 0.66036593914032 0.741824626922607 0.711925208568573 0.551755726337433 0.524713337421417 0.535836577415466 0.525434255599976 0.48615363240242 0.468242317438126 0.738937258720398 0.778435587882996 0.738673388957977 0.696925699710846 0.642460703849792 0.671897530555725 0.691573560237885 0.697755217552185 0.633073210716248 0.700512886047363 0.543316185474396 0.596538543701172 0.579040944576263 0.58199667930603 0.652744293212891 0.597320437431335 0.616442263126373 0.383668124675751 0.383939206600189 0.48215463757515 0.458022654056549 0.316232711076736 0.321854323148727 0.26991730928421 0.424271047115326 0.424107104539871
0.611181914806366 0.615224301815033 0.546743392944336 0.53648042678833 0.487080544233322 0.479209005832672 0.462641030550003 0.450204700231552 0.44301962852478 0.602632403373718 0.691346943378448 0.637878179550171 0.365617424249649 0.502198100090027 0.515959441661835 0.484079033136368 0.402504503726959 0.372770309448242 0.676527857780457 0.706140279769897 0.740853488445282 0.557393133640289 0.722541570663452 0.582907855510712 0.578002154827118 0.573695600032806 0.879798233509064 0.636358797550201 0.823842942714691 0.644910752773285 0.650568068027496 0.729948163032532 0.62203574180603 0.731496512889862 0.644682466983795 0.561272084712982 0.53432559967041 0.724081933498383 0.549094021320343 0.382078766822815 0.287876546382904 0.267233937978745 0.351103723049164 0.529045045375824
0.557162284851074 0.58519458770752 0.397486448287964 0.3982213139534 0.561303436756134 0.526145100593567 0.753374755382538 0.437182784080505 0.442076176404953 0.482484012842178 0.515883326530457 0.365969240665436 0.503824889659882 0.52088451385498 0.500470697879791 0.492449820041656 0.414682775735855 0.365564405918121 0.345291465520859 0.437384217977524 0.57308828830719 0.65976744890213 0.821562588214874 0.758216023445129 0.761646628379822 0.699367940425873 0.774135649204254 0.981212317943573 0.990280866622925 0.996749579906464 0.87885582447052 0.850637972354889 0.771452724933624 0.844364404678345 0.777304351329803 0.585628807544708 0.581137835979462 0.829163432121277 0.671603143215179 0.416896998882294 0.486481070518494 0.491813153028488 0.541622340679169 0.525426983833313
0.405436813831329 0.445597589015961 0.447373896837234 0.390716671943665 0.56946325302124 0.552320897579193 0.616879761219025 0.50206196308136 0.478854268789291 0.491092592477798 0.520710349082947 0.575989782810211 0.511857688426971 0.502497553825378 0.531850218772888 0.552774369716644 0.596300363540649 0.530676364898682 0.449248760938644 0.47283524274826 0.598909258842468 0.589463889598846 0.564137399196625 0.698825836181641 0.744402408599854 0.793355405330658 0.981520771980286 0.993861615657806 0.998583853244781 0.9975306391716 0.971675634384155 0.975508213043213 0.924641668796539 0.895436942577362 0.774027347564697 0.58596807718277 0.865983426570892 0.825879037380219 0.765026986598969 0.686547458171844 0.572952747344971 0.514093041419983 0.593598127365112 0.548334181308746
0.4283127784729 0.455316931009293 0.459031373262405 0.60525119304657 0.54716157913208 0.573859095573425 0.568212509155273 0.561095714569092 0.531121850013733 0.523963809013367 0.518681108951569 0.525899291038513 0.523146629333496 0.584448456764221 0.675707340240479 0.727452337741852 0.493442863225937 0.462387710809708 0.549660861492157 0.572626352310181 0.62299257516861 0.667088150978088 0.724071085453033 0.799973905086517 0.915121138095856 0.823073446750641 0.849390923976898 0.98619556427002 0.988433063030243 0.992478609085083 0.99331521987915 0.980699479579926 0.858610510826111 0.881313979625702 0.818928062915802 0.832121849060059 0.836435973644257 0.778113961219788 0.782860696315765 0.642882704734802 0.531022191047668 0.51052337884903 0.594744920730591 0.666208267211914
0.684665679931641 0.653669595718384 0.577813625335693 0.612425088882446 0.567627787590027 0.576387465000153 0.653378844261169 0.677895665168762 0.606799602508545 0.588064908981323 0.57501357793808 0.558819890022278 0.657016932964325 0.653438746929169 0.704995453357697 0.652457892894745 0.615405440330505 0.588209927082062 0.682023406028748 0.720698297023773 0.722309648990631 0.724563717842102 0.743841648101807 0.725529134273529 0.764725387096405 0.75937283039093 0.873809278011322 0.988265872001648 0.982924520969391 0.982145130634308 0.98045825958252 0.980968356132507 0.959356784820557 0.903415203094482 0.928517818450928 0.901777923107147 0.91022789478302 0.827819764614105 0.729128837585449 0.524125933647156 0.600569486618042 0.628730356693268 0.701619505882263 0.706515669822693
0.738210678100586 0.45592075586319 0.568952023983002 0.624829947948456 0.658512949943542 0.635062515735626 0.768829882144928 0.691777586936951 0.689677238464355 0.682633578777313 0.645491659641266 0.645677387714386 0.731071650981903 0.772116363048553 0.867052435874939 0.874676287174225 0.822906374931335 0.73025780916214 0.674988925457001 0.702047288417816 0.818525969982147 0.804335951805115 0.752207040786743 0.73345535993576 0.743590354919434 0.7508744597435 0.794936001300812 0.966979503631592 0.985273122787476 0.975688457489014 0.971847951412201 0.980693697929382 0.989910423755646 0.986668169498444 0.963104009628296 0.943008959293365 0.92453795671463 0.765928387641907 0.730040788650513 0.747888386249542 0.74228709936142 0.835795164108276 0.775183737277985 0.719036519527435
0.618225693702698 0.509150624275208 0.411454916000366 0.436727195978165 0.649998009204865 0.666092991828918 0.714775502681732 0.722273945808411 0.789841294288635 0.797027111053467 0.733022034168243 0.752451121807098 0.788968920707703 0.860696077346802 0.903844892978668 0.868216514587402 0.645453631877899 0.71159952878952 0.737622857093811 0.986728549003601 0.795995891094208 0.809393107891083 0.806975781917572 0.856629014015198 0.887988328933716 0.774169385433197 0.772600471973419 0.902955949306488 0.831081330776215 0.977867305278778 0.993738055229187 0.969012856483459 0.981166243553162 0.961328744888306 0.979968190193176 0.962106049060822 0.936430156230927 0.810430943965912 0.786733090877533 0.834808945655823 0.868126630783081 0.876360356807709 0.856925368309021 0.780237317085266
0.642077326774597 0.634636759757996 0.646969437599182 0.662944614887238 0.737669587135315 0.703636884689331 0.764068186283112 0.824863493442535 0.856706917285919 0.877339541912079 0.815637946128845 0.769451856613159 0.826832354068756 0.770491778850555 0.853348672389984 0.785421550273895 0.798921763896942 0.821941018104553 0.990834653377533 0.946355402469635 0.813491582870483 0.847055494785309 0.867608487606049 0.884720146656036 0.910271823406219 0.91439950466156 0.745197594165802 0.777706563472748 0.868825912475586 0.931761741638184 0.990565001964569 0.992814660072327 0.970921337604523 0.938963234424591 0.972066819667816 0.959933996200562 0.93269294500351 0.91639631986618 0.844864845275879 0.876485049724579 0.875009715557098 0.877023339271545 0.826044976711273 0.777965068817139
0.72168380022049 0.760137617588043 0.796185553073883 0.815053582191467 0.822590529918671 0.82831084728241 0.868723750114441 0.869863331317902 0.902899324893951 0.914190709590912 0.853348314762115 0.804226577281952 0.839724898338318 0.888522207736969 0.895777344703674 0.860235214233398 0.87637722492218 0.792916893959045 0.992303252220154 0.990655481815338 0.856391131877899 0.858111679553986 0.876180231571198 0.894919276237488 0.917869448661804 0.924612462520599 0.823465287685394 0.872138619422913 0.978959143161774 0.993735432624817 0.996762037277222 0.99248743057251 0.945379137992859 0.911881864070892 0.915938675403595 0.963512420654297 0.946075677871704 0.924534797668457 0.863256216049194 0.865788638591766 0.887879848480225 0.883247375488281 0.859681785106659 0.755350291728973
0.873616337776184 0.874343633651733 0.882802963256836 0.866955459117889 0.884161293506622 0.866101026535034 0.874936401844025 0.895831525325775 0.912725508213043 0.936310529708862 0.925506889820099 0.922484219074249 0.885529935359955 0.921722888946533 0.916801154613495 0.857855558395386 0.828268647193909 0.945812404155731 0.969067215919495 0.874391257762909 0.881266295909882 0.875534415245056 0.8675936460495 0.852599501609802 0.779025316238403 0.767658352851868 0.847187697887421 0.949681520462036 0.961196899414062 0.961171209812164 0.974134206771851 0.989056169986725 0.940592348575592 0.859407126903534 0.868365526199341 0.89243620634079 0.955748319625854 0.957802832126617 0.931176960468292 0.899005532264709 0.886518478393555 0.894261837005615 0.87437105178833 0.792317271232605
0.906631410121918 0.935488224029541 0.928068518638611 0.909872174263 0.889409244060516 0.887657225131989 0.893723011016846 0.906186938285828 0.927101194858551 0.931769549846649 0.935750663280487 0.934345483779907 0.872040390968323 0.882998466491699 0.931973934173584 0.92165994644165 0.821609973907471 0.861634910106659 0.903330028057098 0.862031638622284 0.833464026451111 0.855211853981018 0.893025994300842 0.807622492313385 0.827044725418091 0.851327776908875 0.82991486787796 0.927639663219452 0.942502856254578 0.832183361053467 0.963367283344269 0.969421923160553 0.908878087997437 0.767800152301788 0.75258880853653 0.821877658367157 0.954729497432709 0.953119218349457 0.961763143539429 0.934843897819519 0.904427826404572 0.93430083990097 0.90159010887146 0.870029211044312
0.814733505249023 0.869292497634888 0.92629212141037 0.906694710254669 0.92912882566452 0.930404484272003 0.924338638782501 0.93743884563446 0.94355833530426 0.941115438938141 0.947105586528778 0.915450513362885 0.930127441883087 0.932678878307343 0.890308141708374 0.874082148075104 0.863005220890045 0.914722383022308 0.920685946941376 0.726418316364288 0.592499375343323 0.577128946781158 0.880318224430084 0.823901355266571 0.814222157001495 0.871949374675751 0.842642605304718 0.881272971630096 0.937402427196503 0.814714193344116 0.947266936302185 0.900285661220551 0.820635318756104 0.846717119216919 0.830423057079315 0.900331735610962 0.947094798088074 0.954575181007385 0.961361527442932 0.964438796043396 0.954237818717957 0.970965802669525 0.910309851169586 0.846851646900177
0.346528500318527 0.836369216442108 0.895724356174469 0.956169366836548 0.922666668891907 0.940713465213776 0.934304773807526 0.888464629650116 0.866906821727753 0.884514808654785 0.955622732639313 0.956381678581238 0.963806867599487 0.949750781059265 0.946146726608276 0.947877883911133 0.915198147296906 0.870919704437256 0.787880957126617 0.890069365501404 0.603498220443726 0.396825075149536 0.888024210929871 0.882989406585693 0.89523458480835 0.907869160175323 0.90848171710968 0.860180199146271 0.893354475498199 0.922270774841309 0.906832993030548 0.907946586608887 0.833973169326782 0.7442946434021 0.786655247211456 0.83904093503952 0.901107311248779 0.96040290594101 0.978486895561218 0.979168593883514 0.976023316383362 0.977802336215973 0.901745796203613 0.862053692340851
0.363229721784592 0.713350534439087 0.751074194908142 0.902647793292999 0.954053699970245 0.96365362405777 0.919711470603943 0.850821793079376 0.859821081161499 0.844146192073822 0.939285457134247 0.959461450576782 0.972824275493622 0.957191348075867 0.956556856632233 0.956271708011627 0.958524525165558 0.863539516925812 0.700155854225159 0.858218312263489 0.548401832580566 0.190147697925568 0.692804634571075 0.884373366832733 0.798125684261322 0.754638433456421 0.914142370223999 0.914635419845581 0.886684000492096 0.878249645233154 0.80622398853302 0.799643278121948 0.675389289855957 0.760011196136475 0.803058862686157 0.847771406173706 0.899918377399445 0.933770656585693 0.983002305030823 0.989781141281128 0.986740112304688 0.95826381444931 0.929710805416107 0.881828606128693
0.062849372625351 0.0922051593661308 0.707909643650055 0.446323543787003 0.456010401248932 0.909167051315308 0.722984492778778 0.717955768108368 0.162339210510254 0.504531860351562 0.927692115306854 0.975513696670532 0.977092146873474 0.980555891990662 0.974363446235657 0.971553146839142 0.947161138057709 0.820322573184967 0.554514646530151 0.706258952617645 0.704332888126373 0.134225472807884 0.247672870755196 0.307713449001312 0.187860116362572 0.446536123752594 0.670064568519592 0.927716314792633 0.91267865896225 0.901513576507568 0.850667536258698 0.773549497127533 0.798690676689148 0.862482488155365 0.924337804317474 0.915888249874115 0.934145092964172 0.950807213783264 0.980205893516541 0.990191221237183 0.990871429443359 0.977763235569 0.953424870967865 0.914593815803528
0.00766283133998513 0.0551374033093452 0.118912287056446 0.699818253517151 0.733593344688416 0.174107000231743 0.123533353209496 0.130893215537071 0.113262303173542 0.0132993180304766 0.840704739093781 0.981178760528564 0.989278793334961 0.961177229881287 0.802083194255829 0.779895484447479 0.688894093036652 0.673631191253662 0.464129716157913 0.560499429702759 0.613702952861786 0.172851979732513 0.141339004039764 0.160557270050049 0.174052760004997 0.26692521572113 0.624407887458801 0.785346567630768 0.746447861194611 0.920433759689331 0.915746510028839 0.820735156536102 0.786846041679382 0.720124304294586 0.864513695240021 0.928474545478821 0.937957942485809 0.979444801807404 0.985912263393402 0.985031366348267 0.908357799053192 0.992286443710327 0.988531529903412 0.96471780538559
0.00800719298422337 0.00706450175493956 0.0351693704724312 0.0498024858534336 0.0631148293614388 0.0424905642867088 0.0577485077083111 0.010255666449666 0.0114705180749297 0.143320366740227 0.766765058040619 0.97582882642746 0.992588102817535 0.746591329574585 0.425295323133469 0.36467444896698 0.334282755851746 0.314933449029922 0.26373553276062 0.448940217494965 0.274652808904648 0.132366314530373 0.114891193807125 0.267666757106781 0.130523025989532 0.354052990674973 0.532274484634399 0.603919267654419 0.727577388286591 0.90558934211731 0.900758147239685 0.867008924484253 0.736667454242706 0.855120122432709 0.539031982421875 0.713074386119843 0.9399134516716 0.967563211917877 0.963802456855774 0.983080089092255 0.981499254703522 0.994228780269623 0.995770752429962 0.99537318944931
