data/climate_estimation/maxent_output/Calochortus_nuttallii.asc
NCOLS 305 
NROWS 213 
XLLCORNER -122.083333333333 
YLLCORNER 31 
CELLSIZE 0.0833333333333333 
NODATA_value -3.4e+38 
[rows 140 to 159 of 213, columns 220 to 263 of 305]
0.65749204158783 0.659918546676636 0.664653897285461 0.64900153875351 0.662674129009247 0.681426703929901 0.688283741474152 0.682397902011871 0.694479405879974 0.695659339427948 0.716239392757416 0.719662725925446 0.721658766269684 0.720666170120239 0.72514945268631 0.723157167434692 0.725384771823883 0.72268682718277 0.725449204444885 0.724052369594574 0.697068274021149 0.697196483612061 0.698388278484344 0.671270906925201 0.685684144496918 0.684783101081848 0.672034502029419 0.666592657566071 0.654710948467255 0.622709035873413 0.619574964046478 0.588821530342102 0.586149275302887 0.584258496761322 0.552930474281311 0.545807301998138 0.54264509677887 0.53250652551651 0.528771102428436 0.523293316364288 0.516342997550964 0.511509120464325 0.4806849360466 0.475423485040665
0.650238394737244 0.695381760597229 0.698446154594421 0.715301156044006 0.716401338577271 0.71764862537384 0.718613743782043 0.716278195381165 0.711065530776978 0.70865660905838 0.709571838378906 0.714188456535339 0.713243365287781 0.720185995101929 0.716580808162689 0.720304310321808 0.719753205776215 0.722992479801178 0.694288313388824 0.69814932346344 0.69449508190155 0.670581340789795 0.66841185092926 0.666827261447906 0.687804281711578 0.683403313159943 0.670836448669434 0.666181445121765 0.631768405437469 0.62417060136795 0.590431034564972 0.587864220142365 0.584093749523163 0.554620623588562 0.550170004367828 0.54320102930069 0.543010175228119 0.536416351795197 0.526863873004913 0.524365127086639 0.518287599086761 0.482914417982101 0.480897903442383 0.47346556186676
0.622711479663849 0.659601271152496 0.660479426383972 0.688333094120026 0.693351030349731 0.696245133876801 0.708302319049835 0.713427662849426 0.712062418460846 0.708128094673157 0.711450755596161 0.712241053581238 0.717896401882172 0.720848202705383 0.718979120254517 0.695185542106628 0.693718075752258 0.699381768703461 0.696084082126617 0.695865094661713 0.69454425573349 0.667782843112946 0.663336455821991 0.688060224056244 0.688420832157135 0.67768120765686 0.670201241970062 0.664535880088806 0.628683030605316 0.626845061779022 0.592897653579712 0.585565090179443 0.582919239997864 0.578868448734283 0.547661781311035 0.543993771076202 0.541821897029877 0.534881711006165 0.533375680446625 0.532893180847168 0.496725142002106 0.498238414525986 0.488361656665802 0.480400085449219
0.588108241558075 0.638274013996124 0.653944313526154 0.671434938907623 0.67619115114212 0.684259355068207 0.695387125015259 0.701430380344391 0.708710849285126 0.711172163486481 0.714359998703003 0.693635582923889 0.693110585212708 0.695389628410339 0.694652616977692 0.693682014942169 0.700788140296936 0.694770038127899 0.694576799869537 0.696757614612579 0.691884875297546 0.691034197807312 0.689278662204742 0.686972141265869 0.680629193782806 0.671510398387909 0.666495323181152 0.660571217536926 0.626954138278961 0.621051549911499 0.590044915676117 0.587578356266022 0.583371520042419 0.575817108154297 0.571574687957764 0.566739618778229 0.535024046897888 0.528981745243073 0.531244695186615 0.52006721496582 0.518304824829102 0.484974145889282 0.480793833732605 0.47877162694931
0.615024447441101 0.612843334674835 0.633335053920746 0.645271122455597 0.661539375782013 0.665829479694366 0.692827820777893 0.702913463115692 0.707637190818787 0.707557499408722 0.708382368087769 0.69251823425293 0.696207404136658 0.692849397659302 0.692986369132996 0.696439325809479 0.698402166366577 0.700205028057098 0.695882260799408 0.694287359714508 0.693002343177795 0.689254224300385 0.686835527420044 0.681866466999054 0.704088926315308 0.699016690254211 0.69326114654541 0.658949494361877 0.628675162792206 0.622347295284271 0.58915513753891 0.584886908531189 0.580888092517853 0.572964370250702 0.572056114673615 0.571813344955444 0.536316514015198 0.538831055164337 0.531920850276947 0.5238077044487 0.521352827548981 0.488982498645782 0.485059320926666 0.479216426610947
0.600708901882172 0.601857721805573 0.619165062904358 0.6330726146698 0.645704984664917 0.660039305686951 0.669044435024261 0.69858330488205 0.709947884082794 0.712595582008362 0.715448141098022 0.720212757587433 0.698299050331116 0.695250988006592 0.699297547340393 0.697973787784576 0.696314036846161 0.69703620672226 0.675789952278137 0.700929760932922 0.696597278118134 0.692165732383728 0.690808713436127 0.706521511077881 0.701975584030151 0.694832324981689 0.692307233810425 0.660017490386963 0.653455078601837 0.619846165180206 0.622344434261322 0.586729407310486 0.579297482967377 0.577644288539886 0.576524615287781 0.575820446014404 0.565545678138733 0.537433683872223 0.528181254863739 0.525788843631744 0.517211318016052 0.490814238786697 0.480120599269867 0.477710992097855
0.578407764434814 0.591700792312622 0.607794404029846 0.615034282207489 0.642698347568512 0.648463785648346 0.654465198516846 0.682496607303619 0.689048051834106 0.712060511112213 0.718759834766388 0.720661222934723 0.703305840492249 0.701800346374512 0.702306151390076 0.700340926647186 0.67423677444458 0.678644001483917 0.676787674427032 0.673478424549103 0.697906851768494 0.693594932556152 0.690624237060547 0.683588981628418 0.703048706054688 0.696085214614868 0.689860343933105 0.659660160541534 0.627880871295929 0.623649060726166 0.595441162586212 0.586824715137482 0.580856442451477 0.581872403621674 0.577321231365204 0.570107996463776 0.568372488021851 0.559104084968567 0.527887582778931 0.52559095621109 0.517105460166931 0.510846853256226 0.505673110485077 0.483469307422638
0.586275041103363 0.599779367446899 0.615231931209564 0.638156294822693 0.650830924510956 0.65796971321106 0.668567478656769 0.679784595966339 0.693521440029144 0.696838676929474 0.717502534389496 0.725650668144226 0.724728405475616 0.702774703502655 0.706361532211304 0.707472264766693 0.682122886180878 0.684377193450928 0.682018160820007 0.681783676147461 0.67709881067276 0.693174123764038 0.686385989189148 0.682715892791748 0.67865651845932 0.701214253902435 0.669937789440155 0.659687578678131 0.628701269626617 0.624758005142212 0.592263877391815 0.584285318851471 0.580317795276642 0.576582252979279 0.574935257434845 0.570066809654236 0.563653111457825 0.55939507484436 0.550239264965057 0.545537233352661 0.510378479957581 0.505449593067169 0.510059177875519 0.510162174701691
0.5922931432724 0.547711789608002 0.560914993286133 0.570518791675568 0.585103511810303 0.663126826286316 0.671940803527832 0.683304131031036 0.691968858242035 0.701257646083832 0.72209620475769 0.724285244941711 0.725703477859497 0.703544735908508 0.703118145465851 0.707017362117767 0.682023346424103 0.685078561306 0.685852766036987 0.682272613048553 0.674583196640015 0.696388602256775 0.690030932426453 0.688440799713135 0.683080434799194 0.679191529750824 0.668811440467834 0.636217415332794 0.632862091064453 0.625128209590912 0.58721137046814 0.582894742488861 0.57947564125061 0.574269413948059 0.574364185333252 0.570897221565247 0.591487050056458 0.559681534767151 0.547300577163696 0.542549788951874 0.534899950027466 0.504886388778687 0.501214921474457 0.498488128185272
0.55041241645813 0.55241733789444 0.563390076160431 0.578825831413269 0.58909547328949 0.603766024112701 0.67840850353241 0.691792845726013 0.698002994060516 0.701109051704407 0.708528101444244 0.728017747402191 0.725534379482269 0.703118741512299 0.704430460929871 0.683982253074646 0.683430373668671 0.688041627407074 0.682751893997192 0.68082869052887 0.675483345985413 0.673117458820343 0.68905907869339 0.688636660575867 0.680041551589966 0.676181674003601 0.647401571273804 0.634822607040405 0.626732170581818 0.59069162607193 0.583617389202118 0.578775465488434 0.578057527542114 0.57690703868866 0.577542781829834 0.593797147274017 0.593150556087494 0.584564208984375 0.573798179626465 0.562751054763794 0.554115235805511 0.518266201019287 0.513796925544739 0.517354846000671
0.567923188209534 0.568213641643524 0.577860713005066 0.593304514884949 0.598162710666656 0.61315244436264 0.620709955692291 0.686189770698547 0.696404576301575 0.703508913516998 0.707981109619141 0.721484124660492 0.724539041519165 0.702155530452728 0.679988026618958 0.684157848358154 0.683735728263855 0.687323093414307 0.685128331184387 0.683590352535248 0.674770414829254 0.674319863319397 0.667098104953766 0.664220213890076 0.657828390598297 0.651294350624084 0.64283561706543 0.634442567825317 0.620523035526276 0.585814297199249 0.581981718540192 0.580207884311676 0.576694190502167 0.576546967029572 0.576742112636566 0.599535882472992 0.589243113994598 0.582905650138855 0.56898957490921 0.56352025270462 0.549766957759857 0.540272951126099 0.5384641289711 0.5133376121521
0.633819758892059 0.594306349754333 0.59416937828064 0.601216614246368 0.605020046234131 0.60311633348465 0.617924153804779 0.62562370300293 0.696907043457031 0.702618300914764 0.708197891712189 0.721086740493774 0.700066566467285 0.699390888214111 0.676963329315186 0.679428517818451 0.6822789311409 0.685441434383392 0.688050150871277 0.683365643024445 0.679903388023376 0.672263324260712 0.666672110557556 0.666810989379883 0.655173599720001 0.646785616874695 0.637892127037048 0.628161609172821 0.618358731269836 0.587604582309723 0.582237720489502 0.57869017124176 0.574512898921967 0.577482223510742 0.572899401187897 0.596751272678375 0.592618942260742 0.612411141395569 0.604696750640869 0.56724739074707 0.560701072216034 0.554926931858063 0.55021208524704 0.522721767425537
0.59703516960144 0.5966876745224 0.595458149909973 0.600104212760925 0.601331233978271 0.615084767341614 0.617982029914856 0.626675426959991 0.692607700824738 0.698758959770203 0.719524919986725 0.722198128700256 0.69874233007431 0.695738554000854 0.670822381973267 0.678881287574768 0.680332124233246 0.684226453304291 0.682642936706543 0.682898283004761 0.680137634277344 0.674935579299927 0.667341470718384 0.653923988342285 0.650660812854767 0.640468895435333 0.630996286869049 0.625114560127258 0.617638826370239 0.58416759967804 0.579985737800598 0.574012398719788 0.572045147418976 0.571440041065216 0.597685754299164 0.592951059341431 0.586765646934509 0.603647470474243 0.593180358409882 0.589514970779419 0.55881655216217 0.553117394447327 0.552331805229187 0.52435714006424
0.596915900707245 0.597164809703827 0.659544825553894 0.655384182929993 0.65379124879837 0.661390125751495 0.672099471092224 0.683126449584961 0.689601004123688 0.690794110298157 0.716608226299286 0.71530669927597 0.690502464771271 0.69328373670578 0.671677529811859 0.673420071601868 0.680215895175934 0.677564799785614 0.686345338821411 0.678474962711334 0.673546016216278 0.665448009967804 0.658621668815613 0.651365280151367 0.64380156993866 0.632487595081329 0.624923169612885 0.622292995452881 0.589217066764832 0.582769811153412 0.575756728649139 0.57061904668808 0.592274010181427 0.589583158493042 0.590823531150818 0.586921274662018 0.577602803707123 0.573185980319977 0.586289286613464 0.584076404571533 0.573150992393494 0.547346115112305 0.543619394302368 0.51534378528595
0.657603979110718 0.652837514877319 0.653355479240417 0.657282292842865 0.652777791023254 0.661024153232574 0.663788735866547 0.672396242618561 0.679649651050568 0.709550380706787 0.709446966648102 0.688165247440338 0.68420273065567 0.68874979019165 0.662657558917999 0.671500504016876 0.699332296848297 0.679632425308228 0.680929899215698 0.675318360328674 0.668392181396484 0.663434743881226 0.651047348976135 0.641792178153992 0.637341856956482 0.626979768276215 0.616635084152222 0.584270060062408 0.578898251056671 0.573239207267761 0.569698393344879 0.565049231052399 0.56074458360672 0.563590526580811 0.567112565040588 0.566895186901093 0.561237037181854 0.552420198917389 0.566183745861053 0.556780636310577 0.551024854183197 0.541316747665405 0.537748217582703 0.534892022609711
0.654640138149261 0.647528648376465 0.652361929416656 0.655722439289093 0.652179181575775 0.657433152198792 0.667529165744781 0.674608469009399 0.69826328754425 0.698667943477631 0.701665639877319 0.679888129234314 0.681320309638977 0.657200217247009 0.660339534282684 0.661336004734039 0.667673885822296 0.671147406101227 0.674309492111206 0.640510976314545 0.632562637329102 0.627947986125946 0.619251430034637 0.60858428478241 0.608378410339355 0.594794988632202 0.595174014568329 0.577851176261902 0.569464802742004 0.564424455165863 0.56268310546875 0.56021648645401 0.560634195804596 0.563911020755768 0.564119040966034 0.537996232509613 0.537566184997559 0.528973340988159 0.541991293430328 0.532754242420197 0.531275749206543 0.522377789020538 0.514517366886139 0.512031316757202
0.651892006397247 0.64881044626236 0.65134984254837 0.667579233646393 0.674224257469177 0.659665763378143 0.682564437389374 0.692850530147552 0.694962322711945 0.693158328533173 0.672564446926117 0.675716400146484 0.651501178741455 0.654267966747284 0.653557598590851 0.629127383232117 0.637865006923676 0.640029966831207 0.641791880130768 0.634669899940491 0.631797611713409 0.621311366558075 0.612300157546997 0.598264396190643 0.601068079471588 0.580938398838043 0.584317088127136 0.569261848926544 0.563696622848511 0.558607220649719 0.531862914562225 0.557954072952271 0.536567449569702 0.534394264221191 0.534350216388702 0.541361570358276 0.53587418794632 0.527082145214081 0.516309797763824 0.512919664382935 0.52932596206665 0.52026891708374 0.514080762863159 0.506263792514801
0.647017598152161 0.644221782684326 0.66104257106781 0.662324011325836 0.663859367370605 0.668104588985443 0.677527964115143 0.687142074108124 0.690252125263214 0.670246422290802 0.670378863811493 0.669516205787659 0.648485541343689 0.650480926036835 0.622811198234558 0.623546838760376 0.627630412578583 0.62728214263916 0.607148587703705 0.599167227745056 0.598453164100647 0.590705931186676 0.580850481987 0.594354212284088 0.582407236099243 0.575777769088745 0.546303391456604 0.539560198783875 0.53278374671936 0.531394302845001 0.530619502067566 0.531665861606598 0.528577327728271 0.532698929309845 0.534830152988434 0.528751194477081 0.50623893737793 0.507604420185089 0.501867175102234 0.516397297382355 0.507354021072388 0.497960120439529 0.492021352052689 0.484382122755051
0.660223305225372 0.624328255653381 0.645101964473724 0.646298825740814 0.651662707328796 0.656328320503235 0.670226395130157 0.680112838745117 0.665541112422943 0.664529979228973 0.667272508144379 0.64332789182663 0.64621776342392 0.645122587680817 0.6190345287323 0.621567249298096 0.621314406394958 0.598478674888611 0.598389565944672 0.591819167137146 0.585901856422424 0.581582009792328 0.570653140544891 0.558531999588013 0.553431630134583 0.545844614505768 0.540553033351898 0.536478281021118 0.531530797481537 0.525279104709625 0.528361141681671 0.527438044548035 0.527073323726654 0.527354776859283 0.52502703666687 0.52448308467865 0.502679765224457 0.50026273727417 0.493174880743027 0.505391120910645 0.499859869480133 0.4954634308815 0.487928777933121 0.483696609735489
0.658905982971191 0.644295930862427 0.629128158092499 0.628129601478577 0.650326073169708 0.648153007030487 0.659942388534546 0.649902403354645 0.662567377090454 0.66221010684967 0.664285242557526 0.643017411231995 0.641067862510681 0.620367646217346 0.62332808971405 0.595465958118439 0.592496633529663 0.595622301101685 0.594626009464264 0.585372745990753 0.577157139778137 0.569583594799042 0.563298165798187 0.554267704486847 0.551299214363098 0.547125339508057 0.53836452960968 0.530768394470215 0.524024963378906 0.5229332447052 0.51890641450882 0.519857168197632 0.520707130432129 0.519434928894043 0.516637623310089 0.513267695903778 0.51420396566391 0.508715033531189 0.485799193382263 0.503430068492889 0.497339934110641 0.493218302726746 0.48716127872467 0.476931869983673
