data/climate_estimation/maxent_output/Calochortus_pulchellus.asc
NCOLS 55 
NROWS 47 
XLLCORNER -123.75 
YLLCORNER 36.25 
CELLSIZE 0.0833333333333332 
NODATA_value -3.4e+38 
[rows 21 to 41 of 47, columns 0 to 47 of 55]
-3.4e+38 -3.4e+38 -3.4e+38 -3.4e+38 -3.4e+38 -3.4e+38 -3.4e+38 0.223900973796844 0.268650323152542 0.347292572259903 0.404391586780548 0.66874760389328 0.733188927173615 0.681515634059906 0.720756530761719 0.84417325258255 0.930840194225311 0.928397059440613 0.962983667850494 0.932785034179688 0.805475413799286 0.602808654308319 0.60150671005249 0.650887131690979 0.638298451900482 0.670091152191162 0.702274262905121 0.699877142906189 0.704147279262543 0.714572250843048 0.67169988155365 0.61340719461441 0.290165781974792 0.236637458205223 0.269484549760818 0.320124715566635 0.190289467573166 0.1134222894907 0.136271387338638 0.0946615636348724 0.125085741281509 0.10170704126358 0.0507180467247963 0.0404349081218243 0.0324192382395267 0.0255988165736198 0.0217825118452311 0.0158375762403011
-3.4e+38 -3.4e+38 -3.4e+38 -3.4e+38 -3.4e+38 -3.4e+38 -3.4e+38 -3.4e+38 0.200736299157143 0.262146830558777 0.307163089513779 0.365821301937103 0.615601241588593 0.744634449481964 0.871893584728241 0.851402580738068 0.932434737682343 0.947117507457733 0.975777924060822 0.9580939412117 0.944767951965332 0.899388611316681 0.835724234580994 0.767777860164642 0.764305412769318 0.748705685138702 0.767728388309479 0.776507258415222 0.789042830467224 0.772656917572021 0.716874003410339 0.60079962015152 0.278802633285522 0.231281355023384 0.202371001243591 0.24629220366478 0.276383012533188 0.168470874428749 0.129291564226151 0.182981416583061 0.203510731458664 0.110362119972706 0.0976788550615311 0.0472621656954288 0.0426108054816723 0.0309372637420893 0.0222601443529129 0.0178563669323921
-3.4e+38 -3.4e+38 -3.4e+38 -3.4e+38 -3.4e+38 -3.4e+38 -3.4e+38 -3.4e+38 -3.4e+38 0.210441902279854 0.291323095560074 0.385896354913712 0.617698132991791 0.660364985466003 0.752257943153381 0.81330406665802 0.834708750247955 0.91007274389267 0.964971780776978 0.97468626499176 0.966103434562683 0.95835268497467 0.947881639003754 0.870466887950897 0.837426126003265 0.773043632507324 0.766603767871857 0.788845539093018 0.813225507736206 0.796092212200165 0.714680016040802 0.597875118255615 0.523028910160065 0.429707825183868 0.185967713594437 0.191340744495392 0.211789935827255 0.279382705688477 0.188588604331017 0.252376079559326 0.251991271972656 0.295564532279968 0.199831679463387 0.0987872704863548 0.0831554606556892 0.032166201621294 0.0226468052715063 0.0171215664595366
-339999999999999996123846586046231871488.000000000000000 -3.4e+38 -3.4e+38 -3.4e+38 -3.4e+38 -3.4e+38 -3.4e+38 -3.4e+38 -3.4e+38 0.169092148542404 0.245620101690292 0.338161110877991 0.444466471672058 0.754508554935455 0.72248786687851 0.752417504787445 0.837869822978973 0.876043260097504 0.948745012283325 0.970041275024414 0.981902301311493 0.972613096237183 0.960330545902252 0.917742490768433 0.878252565860748 0.812891483306885 0.805640518665314 0.814256429672241 0.839998006820679 0.853069424629211 0.748912155628204 0.590340614318848 0.4852075278759 0.378275603055954 0.340516239404678 0.192071720957756 0.277200728654861 0.199424684047699 0.251144528388977 0.194975137710571 0.203741043806076 0.192618757486343 0.372477799654007 0.194198951125145 0.0565340891480446 0.037170734256506 0.0294004119932652 0.0223743263632059
-3.4e+38 -3.4e+38 -3.4e+38 -3.4e+38 -3.4e+38 -3.4e+38 -3.4e+38 -3.4e+38 0.0987622737884521 0.134481251239777 0.219925656914711 0.281685471534729 0.40712434053421 0.508472740650177 0.775479376316071 0.771943151950836 0.647433638572693 0.756417572498322 0.87156218290329 0.927271664142609 0.982333302497864 0.981569528579712 0.971407771110535 0.965870022773743 0.878553569316864 0.80201268196106 0.773770451545715 0.771579921245575 0.77016806602478 0.774306774139404 0.690595984458923 0.543229937553406 0.431343644857407 0.392742812633514 0.332590997219086 0.174569711089134 0.20685176551342 0.254776686429977 0.210737153887749 0.232284247875214 0.232101112604141 0.389411211013794 0.342166721820831 0.19913075864315 0.174942433834076 0.0515907220542431 0.038326308131218 0.0283289272338152
-3.4e+38 -3.4e+38 -3.4e+38 -3.4e+38 -3.4e+38 -3.4e+38 -3.4e+38 -3.4e+38 0.106942519545555 0.107999071478844 -3.4e+38 0.301702201366425 0.363297939300537 0.463253200054169 0.789040803909302 0.72473019361496 0.553603649139404 0.673813700675964 0.857117772102356 0.925098836421967 0.960127651691437 0.982361853122711 0.979394316673279 0.967675805091858 0.866706907749176 0.748315334320068 0.692021906375885 0.662345767021179 0.638686656951904 0.628954768180847 0.577091097831726 0.501608073711395 0.391317158937454 0.325754225254059 0.306488364934921 0.263381332159042 0.331943511962891 0.329450875520706 0.31449031829834 0.202446788549423 0.270430654287338 0.410169720649719 0.302650988101959 0.380979806184769 0.346070528030396 0.157997339963913 0.147935569286346 0.0664549544453621
-3.4e+38 -3.4e+38 -3.4e+38 -3.4e+38 -3.4e+38 -3.4e+38 -3.4e+38 -3.4e+38 -3.4e+38 -3.4e+38 -3.4e+38 -3.4e+38 0.266783773899078 0.398481547832489 0.333331525325775 0.481187582015991 0.494016766548157 0.55533766746521 0.847610592842102 0.901314198970795 0.965958714485168 0.991578936576843 0.986808359622955 0.969260156154633 0.879703462123871 0.771774411201477 0.601790964603424 0.609673023223877 0.539351105690002 0.532105445861816 0.446641176939011 0.411832273006439 0.335213780403137 0.304677277803421 0.276762515306473 0.288213193416595 0.270568162202835 0.296582967042923 0.307555198669434 0.304661065340042 0.346269696950912 0.267225712537766 0.384847193956375 0.28146356344223 0.306294560432434 0.217127844691277 0.287756025791168 0.0736646726727486
-3.4e+38 -3.4e+38 -3.4e+38 -3.4e+38 -3.4e+38 -3.4e+38 -3.4e+38 -3.4e+38 -3.4e+38 -3.4e+38 -3.4e+38 -3.4e+38 -3.4e+38 -3.4e+38 0.247416839003563 0.230752259492874 0.234962493181229 0.449071675539017 0.653970658779144 0.845195412635803 0.970087170600891 0.982456505298615 0.970595300197601 0.973670065402985 0.90609210729599 0.777048707008362 0.5006383061409 0.444568634033203 0.360400915145874 0.423253536224365 0.359330654144287 0.365541964769363 0.368333697319031 0.313860237598419 0.272943824529648 0.270074605941772 0.262607127428055 0.25122919678688 0.261322200298309 0.277494341135025 0.31420224905014 0.282950073480606 0.30849876999855 0.388947069644928 0.33978059887886 0.321557402610779 0.319548755884171 0.0824018940329552
-3.4e+38 -3.4e+38 -3.4e+38 -3.4e+38 -3.4e+38 -3.4e+38 -3.4e+38 -3.4e+38 -3.4e+38 -3.4e+38 -3.4e+38 -3.4e+38 -3.4e+38 -3.4e+38 0.157000601291656 0.250045359134674 0.27130338549614 0.51154750585556 0.595349848270416 0.830113112926483 0.926328063011169 0.975560963153839 0.967278659343719 0.951470553874969 0.925199687480927 0.833168148994446 0.6049844622612 0.345701515674591 0.281623125076294 0.304035186767578 0.295383989810944 0.276030421257019 0.337735503911972 0.284274458885193 0.298840701580048 0.29758232831955 0.257402658462524 0.235963359475136 0.237059712409973 0.247785553336143 0.243164166808128 0.337625116109848 0.238288700580597 0.530726313591003 0.419860631227493 0.332550823688507 0.269528806209564 0.302110224962234
-3.4e+38 -3.4e+38 -3.4e+38 -3.4e+38 -3.4e+38 -3.4e+38 -3.4e+38 -3.4e+38 -3.4e+38 -3.4e+38 -3.4e+38 -3.4e+38 -3.4e+38 -3.4e+38 0.0876646563410759 0.134282693266869 0.362018644809723 0.508665978908539 -3.4e+38 0.861535966396332 0.941067039966583 0.985969126224518 0.963413715362549 0.943716704845428 0.947919368743896 0.890081226825714 0.768518090248108 0.630161166191101 0.390042126178741 0.269809901714325 0.278299242258072 0.294685542583466 0.300705850124359 0.2686368227005 0.26079922914505 0.29963344335556 0.280889332294464 0.23496176302433 0.23489136993885 0.210225403308868 0.238452613353729 0.253789842128754 0.356109976768494 0.238512486219406 0.244529008865356 0.334619909524918 0.250120967626572 0.408248513936996
-3.4e+38 -3.4e+38 -3.4e+38 -3.4e+38 -3.4e+38 -3.4e+38 -3.4e+38 -3.4e+38 -3.4e+38 -3.4e+38 -3.4e+38 -3.4e+38 -3.4e+38 -3.4e+38 0.0854828581213951 0.184199050068855 0.241949245333672 0.605288505554199 0.82063239812851 0.905925989151001 0.926347136497498 0.947922945022583 0.959290266036987 0.976796925067902 0.855372309684753 0.717991352081299 0.64082258939743 0.724574685096741 0.556731402873993 0.493352234363556 0.320422500371933 0.25524890422821 0.258288890123367 0.232889443635941 0.218520030379295 0.248394191265106 0.259661585092545 0.149158850312233 0.131868153810501 0.117410436272621 0.127871319651604 0.220738768577576 0.246598154306412 0.261814594268799 0.422001153230667 0.441190540790558 0.369086533784866 0.352780878543854
-3.4e+38 -3.4e+38 -3.4e+38 -3.4e+38 -3.4e+38 -3.4e+38 -3.4e+38 -3.4e+38 -3.4e+38 -3.4e+38 -3.4e+38 -3.4e+38 -3.4e+38 -3.4e+38 -3.4e+38 0.108420342206955 0.261047095060349 0.417859107255936 0.864420890808105 0.88301694393158 0.882003486156464 0.927688777446747 0.954766988754272 0.844340860843658 0.914479076862335 0.792826354503632 0.699783325195312 0.574009716510773 0.711544394493103 0.530546963214874 0.444476366043091 0.275771141052246 0.215680822730064 0.204361110925674 0.177038073539734 0.20874696969986 0.145927265286446 0.151829808950424 0.141678974032402 0.136809304356575 0.128600597381592 0.112562537193298 0.204939052462578 0.242444857954979 0.245969995856285 0.224482476711273 0.275786131620407 0.24681268632412
-3.4e+38 -3.4e+38 -3.4e+38 -3.4e+38 -3.4e+38 -3.4e+38 -3.4e+38 -3.4e+38 -3.4e+38 -3.4e+38 -3.4e+38 -3.4e+38 -3.4e+38 -3.4e+38 -3.4e+38 0.107737064361572 0.198592513799667 0.422558605670929 0.501221239566803 0.82067596912384 0.856408715248108 0.907053232192993 0.896819055080414 0.93686842918396 0.920454502105713 0.841436743736267 0.717845380306244 0.632631659507751 0.750127494335175 0.597356855869293 0.4283307492733 0.283261924982071 0.208760842680931 0.115439876914024 0.0867177248001099 0.108660839498043 0.113764367997646 0.144509315490723 0.135756984353065 0.137220978736877 0.11794339120388 0.105582758784294 0.0939076542854309 0.208771571516991 0.241190284490585 0.306152582168579 0.274854809045792 0.194564536213875
-3.4e+38 -3.4e+38 -3.4e+38 -3.4e+38 -3.4e+38 -3.4e+38 -3.4e+38 -3.4e+38 -3.4e+38 -3.4e+38 -3.4e+38 -3.4e+38 -3.4e+38 -3.4e+38 -3.4e+38 -3.4e+38 0.0744314715266228 0.279232352972031 0.4853875041008 0.654081284999847 0.853169798851013 0.888197064399719 0.885608732700348 0.900845289230347 0.808088064193726 0.900979280471802 0.804676711559296 0.65323543548584 0.544132888317108 0.637928485870361 0.505361020565033 0.307023197412491 0.129914298653603 0.109409756958485 0.0900975242257118 0.0874010175466537 0.101012721657753 0.117949932813644 0.133237093687057 0.135120406746864 0.124268017709255 0.095768079161644 0.094805620610714 0.0857747420668602 0.0965849533677101 0.177144527435303 0.187814548611641 0.283397406339645
-3.4e+38 -3.4e+38 -3.4e+38 -3.4e+38 -3.4e+38 -3.4e+38 -3.4e+38 -3.4e+38 -3.4e+38 -3.4e+38 -3.4e+38 -3.4e+38 -3.4e+38 -3.4e+38 -3.4e+38 -3.4e+38 0.0625287219882011 0.13517963886261 0.417036443948746 0.559249818325043 0.663779258728027 0.680095613002777 0.90956050157547 0.897054553031921 0.912253737449646 0.778848826885223 0.839423835277557 0.693209290504456 0.538810074329376 0.684762477874756 0.543937623500824 0.389986723661423 0.222389549016953 0.0908410027623177 0.0824368968605995 0.0785856619477272 0.0695176646113396 0.0747571662068367 0.101241856813431 0.10080524533987 0.0973289459943771 0.0967086479067802 0.0737882703542709 0.0761952251195908 0.0827638506889343 0.0834277421236038 0.173093304038048 0.193640545010567
-339999999999999996123846586046231871488.000000000000000 -3.4e+38 -3.4e+38 -3.4e+38 -3.4e+38 -3.4e+38 -3.4e+38 -3.4e+38 -3.4e+38 -3.4e+38 -3.4e+38 -3.4e+38 -3.4e+38 -3.4e+38 -3.4e+38 -3.4e+38 0.11408731341362 0.177872940897942 0.193500190973282 0.429250717163086 0.485399007797241 0.613814532756805 0.775890529155731 0.736954271793365 0.670709788799286 0.861147224903107 0.797579169273376 0.778933525085449 0.650224924087524 0.753487765789032 0.640561640262604 0.454858839511871 0.207289978861809 0.0747683346271515 0.0704653412103653 0.0588496699929237 0.0624835193157196 0.0680002942681313 0.0666434690356255 0.0688198953866959 0.0731929168105125 0.0724521428346634 0.0656678378582001 0.0617826171219349 0.050631657242775 0.0681780874729156 0.0767189711332321 0.170136377215385
-3.4e+38 -3.4e+38 -3.4e+38 -3.4e+38 -3.4e+38 -3.4e+38 -3.4e+38 -3.4e+38 -3.4e+38 -3.4e+38 -3.4e+38 -3.4e+38 -3.4e+38 -3.4e+38 -3.4e+38 -3.4e+38 -3.4e+38 0.134741008281708 0.208798944950104 0.310414999723434 0.312254071235657 0.362926006317139 0.550229430198669 0.640366733074188 0.655483782291412 0.611819565296173 0.627885401248932 0.720154047012329 0.751057684421539 0.868700742721558 0.711636066436768 0.440521866083145 0.210884749889374 0.144587948918343 0.0623170360922813 0.0484754331409931 0.0456351786851883 0.0413160622119904 0.0539674870669842 0.0553536415100098 0.0519037507474422 0.049596730619669 0.042370367795229 0.0393208339810371 0.0353118591010571 0.0406545363366604 0.0508997291326523 0.0571079179644585
-3.4e+38 -3.4e+38 -3.4e+38 -3.4e+38 -3.4e+38 -3.4e+38 -3.4e+38 -3.4e+38 -3.4e+38 -3.4e+38 -3.4e+38 -3.4e+38 -3.4e+38 -3.4e+38 -3.4e+38 -3.4e+38 -3.4e+38 -3.4e+38 0.125500455498695 0.16496579349041 0.170478910207748 0.196295201778412 0.26719257235527 0.276133000850677 0.470197588205338 0.613673985004425 0.621459186077118 0.847045063972473 0.900247633457184 0.687394440174103 0.540334701538086 0.631061434745789 0.28617137670517 0.132365331053734 0.0878431126475334 0.0448801144957542 0.039353147149086 0.0391130521893501 0.0357930473983288 0.0431395620107651 0.0391440466046333 0.0356595739722252 0.0314744003117085 0.0296309255063534 0.0267398897558451 0.0300548616796732 0.0349909923970699 0.0475390814244747
-3.4e+38 -3.4e+38 -3.4e+38 -3.4e+38 -3.4e+38 -3.4e+38 -3.4e+38 -3.4e+38 -3.4e+38 -3.4e+38 -3.4e+38 -3.4e+38 -3.4e+38 -3.4e+38 -3.4e+38 -3.4e+38 -3.4e+38 -3.4e+38 -3.4e+38 -3.4e+38 -3.4e+38 -3.4e+38 0.161333367228508 0.167807623744011 0.247513562440872 0.407406896352768 0.466800808906555 0.771167993545532 0.881416618824005 0.723738551139832 0.619093298912048 0.71933251619339 0.537826716899872 0.166639685630798 0.120417803525925 0.0713073164224625 0.0362579561769962 0.0364847593009472 0.0287395734339952 0.0323273576796055 0.0277455672621727 0.0303922686725855 0.0307873003184795 0.0272167269140482 0.0283531695604324 0.0291913691908121 0.0315371081233025 0.0397890955209732
-3.4e+38 -3.4e+38 -3.4e+38 -3.4e+38 -3.4e+38 -3.4e+38 -3.4e+38 -3.4e+38 -3.4e+38 -3.4e+38 -3.4e+38 -3.4e+38 -3.4e+38 -3.4e+38 -3.4e+38 -3.4e+38 -3.4e+38 -3.4e+38 -3.4e+38 -3.4e+38 -3.4e+38 -3.4e+38 -3.4e+38 0.228435456752777 0.312048256397247 0.26228255033493 0.476035743951797 0.610592722892761 0.807848572731018 0.671823740005493 0.628461539745331 0.513002038002014 0.669646322727203 0.604746401309967 0.150686249136925 0.0802222639322281 0.0338507704436779 0.0286716688424349 0.0292419269680977 0.0296386070549488 0.0204617790877819 0.0259336363524199 0.0223955232650042 0.0203465037047863 0.0217337086796761 0.0251193009316921 0.0279436372220516 0.0388867445290089
-3.4e+38 -3.4e+38 -3.4e+38 -3.4e+38 -3.4e+38 -3.4e+38 -3.4e+38 -3.4e+38 -3.4e+38 -3.4e+38 -3.4e+38 -3.4e+38 -3.4e+38 -3.4e+38 -3.4e+38 -3.4e+38 -3.4e+38 -3.4e+38 -3.4e+38 -3.4e+38 -3.4e+38 -3.4e+38 -3.4e+38 0.152183085680008 0.199335053563118 0.311980813741684 0.328825026750565 0.705534517765045 0.704248189926147 0.864687979221344 0.616888165473938 0.532820284366608 0.535114407539368 0.797930598258972 0.18785984814167 0.249085545539856 0.0779488682746887 0.038310781121254 0.0330364070832729 0.0287291537970304 0.0185218881815672 0.0207466557621956 0.0172522664070129 0.0238785184919834 0.0242251232266426 0.0260531008243561 0.0328530445694923 0.0371132753789425
