data/climate_estimation/maxent_output/Calochortus_minimus.asc
NCOLS 37 
NROWS 56 
XLLCORNER -121.5 
YLLCORNER 35.8333333333333 
CELLSIZE 0.0833333333333332 
NODATA_value -3.4e+38 
[rows 0 to 21 of 56, columns 0 to 36 of 37]
0.470973223447800 0.489096224308014 0.451182305812836 0.422367483377457 0.317898631095886 0.202281773090363 0.139849528670311 0.094303771853447 0.0754059553146362 0.0313958004117012 0.0197173953056335 0.00934069883078337 0.00499627599492669 0.0042464854195714 0.00259638950228691 0.0018331662286073 0.00134044128935784 0.0013108819257468 0.00119336706120521 0.000697185983881354 0.000485971453599632 0.00036079139681533 0.000387167878216133 0.00048970925854519 0.000221628608414903 0.000174335189512931 0.00024898094125092 0.000144732766784728 0.000107232168375049 9.41137477639131e-05 9.52535338001326e-05 0.000112467008875683 0.000121504359412938 6.00732601014897e-05 7.66831290093251e-05 8.98227808647789e-05 8.00352136138827e-05
0.595915019512177 0.580993831157684 0.531575798988342 0.482805997133255 0.4129538834095 0.343365758657455 0.247149556875229 0.138538494706154 0.0827550739049911 0.0402390211820602 0.023008868098259 0.0152131468057632 0.00957773812115192 0.00591128785163164 0.00425421306863427 0.00293080834671855 0.00395654560998082 0.00196223636157811 0.00119247229304165 0.00089210009900853 0.000623974774498492 0.000475586450193077 0.000641661346890032 0.00044376211008057 0.0002380991645623 0.000192782492376864 0.000235621424508281 0.000157305912580341 0.000107540981844068 9.00833547348157e-05 8.44585374579765e-05 6.00231905991677e-05 6.43192324787378e-05 7.38657763577066e-05 9.82402052613907e-05 0.000151847852976061 8.50173601065762e-05
0.667097330093384 0.637694835662842 0.606529772281647 0.49275329709053 0.471506237983704 0.439271152019501 0.346161723136902 0.256415575742722 0.185413837432861 0.120478749275208 0.0735022276639938 0.0271726623177528 0.013032210059464 0.00907443929463625 0.00541286496445537 0.0036092302761972 0.00260851043276489 0.00180323817767203 0.00133696862030774 0.00109118781983852 0.000804019218776375 0.000564223213586956 0.000437177077401429 0.000378407217795029 0.000311194366076961 0.000180360017111525 0.000151485903188586 0.000131392371258698 0.000121985445730388 0.000102955593320075 5.2654624596471e-05 5.23489761690143e-05 7.42415941203944e-05 8.83444809005596e-05 8.23090886115097e-05 8.3990627899766e-05 4.69744772999547e-05
0.715930104255676 0.709121704101562 0.672850370407104 0.5435631275177 0.501727283000946 0.53568297624588 0.46310967206955 0.369245857000351 0.241249859333038 0.159750938415527 0.0837644785642624 0.0566645674407482 0.0307902470231056 0.0131233036518097 0.00862643215805292 0.00532331503927708 0.00331723736599088 0.00249311723746359 0.00155901745893061 0.00130881369113922 0.000841572764329612 0.000647956738248467 0.000501699687447399 0.000371208152500913 0.000593009579461068 0.000170354396686889 0.000143693978316151 0.000210321915801615 0.000177410955075175 0.000113906957267318 5.33156380697619e-05 4.68186954094563e-05 7.40528339520097e-05 0.000125335151096806 6.45191903458908e-05 5.19743916811422e-05 4.57854694104753e-05
0.743596136569977 0.7168790102005 0.739622831344604 0.632383704185486 0.585573196411133 0.621273934841156 0.422405689954758 0.292538970708847 0.298204183578491 0.285968780517578 0.138917177915573 0.076836995780468 0.051138062030077 0.0240613799542189 0.0155894132331014 0.00768833979964256 0.00432530092075467 0.0029121080879122 0.001851562759839 0.00147618597839028 0.00111796089913696 0.000868585426360369 0.000514356186613441 0.000354379852069542 0.00051140773575753 0.000184688673471101 0.000146166115882806 0.000196001376025379 0.000169725200976245 7.91566635598429e-05 5.724969014409e-05 6.10628121648915e-05 8.76121703186072e-05 7.73615392972715e-05 5.34347709617577e-05 3.3086515031755e-05 2.99703697237419e-05
0.807272255420685 0.792474269866943 0.775204718112946 0.554635941982269 0.614299654960632 0.524023950099945 0.430679589509964 0.574291408061981 0.463039636611938 0.345339894294739 0.26197150349617 0.125180512666702 0.071877621114254 0.0511872209608555 0.0391101539134979 0.0164454523473978 0.00588251184672117 0.0042809653095901 0.00352820241823792 0.00265575805678964 0.00448090676218271 0.00139426323585212 0.000547018251381814 0.000384664250304922 0.000375886709662154 0.000192145322216675 0.000150740466779098 0.000171716717886738 0.000140872289193794 9.07286157598719e-05 4.99947818752844e-05 4.81314491480589e-05 7.11289030732587e-05 4.97441142215393e-05 3.39192629326135e-05 3.63408544217236e-05 3.97685944335535e-05
0.814723968505859 0.822899758815765 0.612156927585602 0.815126180648804 0.808119058609009 0.571026921272278 0.429086476564407 0.40850841999054 0.642875850200653 0.568744242191315 0.462189882993698 0.221114933490753 0.10377711802721 0.0690192505717278 0.0869258344173431 0.0253459755331278 0.0192476809024811 0.0051058609969914 0.00323651218786836 0.00243526534177363 0.00189479230903089 0.00303516676649451 0.000713989546056837 0.000386942585464567 0.000325028435327113 0.000191059094504453 0.000113071742816828 0.000154128327267244 9.31744507397525e-05 6.47571796434931e-05 5.74477307964116e-05 5.68797768210061e-05 4.36195768998004e-05 4.03506965085398e-05 3.79861739929765e-05 4.28259700129274e-05 3.75498384528328e-05
0.400599777698517 0.358195334672928 0.79728490114212 0.870207369327545 0.861368477344513 0.809576809406281 0.773741006851196 0.661802649497986 0.562471270561218 0.558104574680328 0.56043416261673 0.411756187677383 0.178941860795021 0.0836289077997208 0.0711047276854515 0.0226220060139894 0.0167341623455286 0.00649431208148599 0.00413293624296784 0.00240883626975119 0.00224734656512737 0.00107870425563306 0.000659510726109147 0.000499183195643127 0.00026905641425401 0.000142934790346771 0.000126861617900431 0.00011775621533161 7.9705823736731e-05 6.4169340475928e-05 5.92926808167249e-05 4.26755977969151e-05 2.98051345453132e-05 3.24475913657807e-05 4.79921363876201e-05 3.39562793669757e-05 3.51248745573685e-05
0.308384746313095 0.379598051309586 0.692334055900574 0.820855021476746 0.784087359905243 0.736005246639252 0.832671225070953 0.848099946975708 0.793096363544464 0.67324697971344 0.55509752035141 0.401864051818848 0.214449882507324 0.0807399451732635 0.0376723892986774 0.0164114870131016 0.0114219756796956 0.00761598208919168 0.0124639384448528 0.00430584093555808 0.00236496585421264 0.000989036518149078 0.000579968211241066 0.000872758682817221 0.00106278562452644 0.000164597076945938 0.00010956955520669 0.000139805881190114 9.87246094155125e-05 3.75388299289625e-05 4.22132761741523e-05 3.73550392396282e-05 2.99126877507661e-05 3.57790777343325e-05 3.46294764312916e-05 3.32740273734089e-05 3.67057727999054e-05
0.20249380171299 0.269274085760117 0.306241452693939 0.360506117343903 0.817698419094086 0.861816048622131 0.842057526111603 0.873381674289703 0.8710578083992 0.827146351337433 0.731845200061798 0.568406581878662 0.406492799520493 0.135628163814545 0.0592866763472557 0.0388539880514145 0.0495899468660355 0.0119313700124621 0.00825975462794304 0.00411093700677156 0.00234365230426192 0.00108937348704785 0.000845497648697346 0.000595053832512349 0.00162338581867516 0.000178324931766838 8.76583653734997e-05 0.000127094259369187 6.09040253038984e-05 3.67701832146849e-05 3.91838148061652e-05 3.23193344229367e-05 3.58137913281098e-05 3.88471235055476e-05 3.68989713024348e-05 3.63521030521952e-05 4.26820224674884e-05
0.162881523370743 0.262702971696854 0.268734246492386 0.348483204841614 0.395376473665237 0.73443204164505 0.787248194217682 0.85146290063858 0.771727919578552 0.856849491596222 0.808968901634216 0.740827798843384 0.586739778518677 0.275520384311676 0.246707692742348 0.0976926013827324 0.168905004858971 0.03027418628335 0.0151037089526653 0.00516128400340676 0.00262446654960513 0.000906809349544346 0.00103744224179536 0.00102887209504843 0.000708214880432934 0.000136960836243816 6.41494916635565e-05 4.41881857113913e-05 2.8201959139551e-05 3.06230322166812e-05 2.79676642094273e-05 3.405126335565e-05 3.41860541084316e-05 4.15317808801774e-05 3.81211721105501e-05 3.92229085264262e-05 3.29711874655914e-05
0.0453719981014729 0.0618331581354141 0.270888090133667 0.3098084628582 0.327325761318207 0.523889064788818 0.696789026260376 0.701049864292145 0.768811106681824 0.832771182060242 0.853275895118713 0.818285167217255 0.761304378509521 0.585046350955963 0.41638046503067 0.384182035923004 0.171534895896912 0.0625395402312279 0.0219609513878822 0.00544692482799292 0.00168334832414985 0.000929095724131912 0.000650398549623787 0.000419051357312128 0.000183347176061943 0.000313710741465911 9.98078685370274e-05 5.25773430126719e-05 3.23665517498739e-05 1.59095634444384e-05 2.9169556000852e-05 3.41445993399248e-05 3.90658424294088e-05 4.84139054606203e-05 4.20226424466819e-05 4.05220853281207e-05 4.03925150749274e-05
0.0355219915509224 0.0843901261687279 0.275720745325089 0.313840717077255 0.287739515304565 0.517823398113251 0.683372557163239 0.739902913570404 0.78723418712616 0.8883376121521 0.893138766288757 0.856699705123901 0.807297348976135 0.75213086605072 0.635096311569214 0.388845235109329 0.120254635810852 0.11262571066618 0.0997264459729195 0.0208620987832546 0.0018082883907482 0.00116961472667754 0.00106804503593594 0.000738354225177318 0.000799922563601285 0.000261677632806823 0.000140887321322225 4.39860596088693e-05 2.39907640207093e-05 1.78879254235653e-05 2.27527434617514e-05 3.60175799869467e-05 4.43130556959659e-05 4.94772320962511e-05 5.02216607856099e-05 3.97690819227137e-05 5.88175280427095e-05
0.0262319855391979 0.044739130884409 0.094989076256752 0.131132394075394 0.267646640539169 0.304047137498856 0.55920147895813 0.714815676212311 0.693810939788818 0.836688160896301 0.89530348777771 0.882800161838531 0.850947201251984 0.788055181503296 0.724168717861176 0.485134452581406 0.188038542866707 0.141079902648926 0.347433030605316 0.104710601270199 0.00413957005366683 0.0024695536121726 0.00354057177901268 0.00151100382208824 0.000232836988288909 9.02873653103597e-05 6.78923461236991e-05 2.72100332949776e-05 2.19484481931431e-05 2.73227087745909e-05 3.39245743816718e-05 3.18264937959611e-05 3.85403873224277e-05 3.69590379705187e-05 3.60504927812144e-05 4.01442630391102e-05 4.81636125186924e-05
0.023939762264490 0.0320985093712807 0.0632672011852264 0.0701196491718292 0.116783231496811 0.314204186201096 0.658414423465729 0.724873185157776 0.786607503890991 0.812056422233582 0.860834717750549 0.881058216094971 0.86284476518631 0.80692720413208 0.761385262012482 0.618171751499176 0.466909408569336 0.459619104862213 0.393887609243393 0.114802181720734 0.00546222226694226 0.00828164909034967 0.0019268982578069 0.000343021150911227 0.000173670094227418 9.5602372311987e-05 6.3014253100846e-05 3.1583484087605e-05 2.2785479814047e-05 2.53262714977609e-05 2.98406666843221e-05 3.04140521620866e-05 3.69686531485058e-05 3.60274243575986e-05 3.46011693181936e-05 3.76091920770705e-05 3.39375073963311e-05
0.0209337044507265 0.0252574160695076 0.0433130823075771 0.0801012516021729 0.246098518371582 0.503471076488495 0.533568263053894 0.638741552829742 0.702370584011078 0.697126567363739 0.790505588054657 0.821111381053925 0.840790987014771 0.841841101646423 0.801292657852173 0.79636150598526 0.675769209861755 0.350451290607452 0.127664610743523 0.155801117420197 0.00727282697334886 0.00354471988976002 0.00102205597795546 0.000698776508215815 0.00174231349956244 0.00030837909434922 5.34820865141228e-05 4.48612008767668e-05 2.68093390332069e-05 2.01825750991702e-05 2.31080521189142e-05 2.75081129075261e-05 2.67124032689026e-05 2.99595376418438e-05 4.83710427943151e-05 1.3016943967159e-06 1.05553408502601e-06
0.0166581980884075 0.0230698585510254 0.034287553280592 0.0652007088065147 0.102296754717827 0.224480718374252 0.382106453180313 0.545721292495728 0.717528700828552 0.778644025325775 0.77808666229248 0.847693979740143 0.856090009212494 0.8328577876091 0.833344638347626 0.784899532794952 0.757750988006592 0.398557335138321 0.173579752445221 0.203134775161743 0.0103078568354249 0.002815613290295 0.00460499105975032 0.00297227874398232 0.00431197788566351 0.000612473289947957 7.80653062975034e-05 3.8971149479039e-05 3.43373030773364e-05 3.3621759939706e-05 3.32624804286752e-05 1.12029408683156e-06 1.1569204616535e-06 3.06527472275775e-05 3.8409107219195e-05 1.28980514091381e-06 1.32305842726055e-06
0.0153554119169712 0.0199386607855558 0.0300600416958332 0.0530286654829979 0.0781888738274574 0.193171590566635 0.353471755981445 0.474097162485123 0.602945387363434 0.522065699100494 0.713780224323273 0.799427568912506 0.813144266605377 0.847097277641296 0.847373127937317 0.820317149162292 0.784192621707916 0.451481610536575 0.236417382955551 0.272384941577911 0.00499026849865913 0.00265418482013047 0.00416485220193863 0.00885824300348759 0.00549317291006446 0.000390847446396947 0.000139812429551966 4.21910299337469e-05 4.04038619308267e-05 4.76894601888489e-05 2.06337517738575e-05 3.57012722815853e-05 1.01652119610662e-06 1.11694237148185e-06 1.04633011233091e-06 1.12911311589414e-06 1.28935221255233e-06
0.0150175672024488 0.0189474374055862 0.0268929190933704 0.0428453981876373 0.0725339353084564 0.173436149954796 0.17058390378952 0.375347465276718 0.48966583609581 0.549004316329956 0.635305643081665 0.772292077541351 0.813053607940674 0.860803484916687 0.831752479076385 0.816220819950104 0.802915990352631 0.543938279151917 0.304871797561646 0.243986785411835 0.00609977822750807 0.00253174523822963 0.00231047393754125 0.00607000337913632 0.00715017225593328 0.000166463767527603 0.000143168785143644 9.28154404391535e-05 4.63443393527996e-05 1.98983289010357e-05 3.8287034840323e-05 3.43133870046586e-05 2.39686341956258e-05 2.27036034630146e-05 1.04748767171259e-06 9.28836300317926e-07 1.06799222976406e-06
0.0166472997516394 0.0212943032383919 0.0265581365674734 0.0384176634252071 0.0566612035036087 0.0694144889712334 0.165985688567162 0.355281442403793 0.413886874914169 0.514963090419769 0.734177112579346 0.784316778182983 0.810782253742218 0.824240446090698 0.861126601696014 0.814164161682129 0.71981555223465 0.688842117786407 0.660351097583771 0.58476847410202 0.0170551538467407 0.0056198937818408 0.00897407159209251 0.0251469779759645 0.00937710329890251 0.000204578784178011 0.000148310442455113 0.000132005414343439 5.61939814360812e-05 2.39816654357128e-05 3.39466205332428e-05 8.18399785202928e-05 1.87067344086245e-05 1.44210562211811e-05 1.31019987748004e-06 1.19814967547427e-06 1.0870970754695e-06
0.0187888685613871 0.0220136325806379 0.0254089012742043 0.0314080901443958 0.0437856800854206 0.0609536357223988 0.129813313484192 0.152059629559517 0.2871273458004 0.32818278670311 0.462258398532867 0.654558777809143 0.761980175971985 0.797451019287109 0.855668246746063 0.853854596614838 0.837630927562714 0.776273369789124 0.746501743793488 0.68119478225708 0.063711941242218 0.0202024336904287 0.0273828636854887 0.0381681323051453 0.0164141170680523 0.000381702644517645 0.00024429929908365 9.0061359514948e-05 8.1545214925427e-05 3.38831414410379e-05 5.22322807228193e-05 0.000157759757712483 4.57342721347231e-05 2.06341082957806e-05 1.05497986169212e-06 1.48180606629467e-06 1.34755714498169e-06
0.0187641233205795 0.0227143131196499 0.0224679000675678 0.023003775626421 0.031890045851469 0.124417677521706 0.140892341732979 0.15008981525898 0.287200540304184 0.290417581796646 0.361366122961044 0.656335115432739 0.78982549905777 0.8444944024086 0.88035774230957 0.862117826938629 0.871616125106812 0.740635752677917 0.733955085277557 0.723002433776855 0.120735287666321 0.189647853374481 0.149275526404381 0.00648463424295187 0.00122819095849991 0.00204440485686064 0.000440390111180022 0.00125142117030919 0.000259414955507964 6.16485194768757e-05 3.55804986611474e-05 0.000122405923320912 3.6095836549066e-05 1.51156746142078e-05 9.18748071399023e-07 1.0826582183654e-05 9.25724816625006e-06
