data/climate_estimation/maxent_output/Calochortus_uniflorus.asc
NCOLS 55 
NROWS 107 
XLLCORNER -123.916666666667 
YLLCORNER 35.4166666666667 
CELLSIZE 0.0833333333333332 
NODATA_value -3.4e+38 
[rows 40 to 59 of 107, columns 0 to 45 of 55]
0.825170576572418 0.814949154853821 0.867109477519989 0.808581292629242 0.890414178371429 0.866281688213348 0.816813945770264 0.892266571521759 0.793254852294922 0.867579519748688 0.638463020324707 0.836665570735931 0.685597360134125 0.853031575679779 0.408455729484558 0.616311132907867 0.839349567890167 0.214356631040573 0.207229793071747 0.561087727546692 0.291406035423279 0.469292938709259 0.512157559394836 0.53781646490097 0.771838366985321 0.886546850204468 0.825365602970123 0.472094863653183 0.248553246259689 0.219136387109756 0.148313418030739 0.125526636838913 0.0805938392877579 0.0474685020744801 0.0259077958762646 0.0147745860740542 0.0114935031160712 0.00718694319948554 0.00486368359997869 0.00287501839920878 0.00140393665060401 0.00166559382341802 0.00194415519945323 0.00104477175045758 0.000781335576903075 0.000880016072187573
0.833660006523132 0.872382998466492 0.839099943637848 0.853794395923615 0.78645133972168 0.835176527500153 0.898516595363617 0.887217164039612 0.893142342567444 0.727852880954742 0.914363384246826 0.894612491130829 0.886726200580597 0.445592373609543 0.459093064069748 0.794857084751129 0.718277037143707 0.267665714025497 0.082197405397892 0.152007937431335 0.244300857186317 0.209253385663033 0.315820872783661 0.339819878339767 0.884880900382996 0.901613712310791 0.887538611888885 0.654389500617981 0.329886257648468 0.313558578491211 0.24949549138546 0.156176298856735 0.116029649972916 0.077173039317131 0.0462199114263058 0.0270761959254742 0.0122275110334158 0.00864886119961739 0.00475894473493099 0.00288841617293656 0.00122896558605134 0.000800074485596269 0.000799339031800628 0.000678327574860305 0.000697855837643147 0.000682767247781157
0.876640558242798 0.80025041103363 0.81912636756897 0.863964855670929 0.871848821640015 0.872766017913818 0.814778387546539 0.707830786705017 0.899920642375946 0.390696138143539 0.693694829940796 0.911874115467072 0.512413680553436 0.378278911113739 0.709474146366119 0.431583017110825 0.526287198066711 0.264933049678802 0.0554426908493042 0.0742065012454987 0.123303711414337 0.118270553648472 0.17909799516201 0.320532977581024 0.882416784763336 0.864977598190308 0.890244007110596 0.587327122688293 0.557440400123596 0.385832726955414 0.274083137512207 0.164227023720741 0.0989073440432549 0.0773616880178452 0.0538867004215717 0.0364804789423943 0.0249983184039593 0.0124159101396799 0.00682073226198554 0.00488083530217409 0.00221161963418126 0.00167954969219863 0.000894812459591776 0.000951891473960131 0.000988964922726154 0.000921642640605569
0.870534658432007 0.764330327510834 0.793698012828827 0.902265787124634 0.839234352111816 0.889994621276855 0.899632453918457 0.88231098651886 0.803544342517853 0.927598059177399 0.362467557191849 0.411192953586578 0.33891898393631 0.382250010967255 0.619664132595062 0.246533811092377 0.534772455692291 0.0786678194999695 0.0459368377923965 0.0576496012508869 0.0494538322091103 0.0716895163059235 0.119184665381908 0.401480108499527 0.883109331130981 0.889884829521179 0.827469289302826 0.511081218719482 0.353788614273071 0.531043469905853 0.398464053869247 0.214793130755424 0.161287233233452 0.115617647767067 0.0730869844555855 0.0644958019256592 0.0364880040287971 0.0213368330150843 0.0109865060076118 0.00914593786001205 0.00348925543949008 0.00208223704248667 0.0014972056960687 0.00123680871911347 0.00165150139946491 0.000716330076102167
0.864066421985626 0.914074182510376 0.87587296962738 0.829294383525848 0.856571674346924 0.807337999343872 0.845956563949585 0.830549418926239 0.916261374950409 0.894596815109253 0.725932538509369 0.310900658369064 0.519742608070374 0.665300011634827 0.707947552204132 0.365883678197861 0.0872845500707626 0.0437654703855515 0.0325511507689953 0.0308765098452568 0.0372060015797615 0.0483492910861969 0.0690392404794693 0.158707663416862 0.50203549861908 0.922414660453796 0.778998494148254 0.539195418357849 0.604316830635071 0.659626126289368 0.409390658140182 0.282130479812622 0.218678310513496 0.157097890973091 0.113230235874653 0.0784022286534309 0.0516123101115227 0.0376070402562618 0.0217535328119993 0.0116677777841687 0.00546914618462324 0.00330050080083311 0.00253583327867091 0.00144260074011981 0.00121869333088398 0.00109964527655393
0.853901147842407 0.896684467792511 0.863559603691101 0.89460825920105 0.85837858915329 0.89836323261261 0.898237526416779 0.934776306152344 0.655547976493835 0.672247767448425 0.896997213363647 0.766622364521027 0.793850362300873 0.951767683029175 0.757387280464172 0.506567478179932 0.0775613188743591 0.0398563407361507 0.0331781767308712 0.0319563150405884 0.0315715670585632 0.0398424379527569 0.0691394358873367 0.223939761519432 0.687060117721558 0.929733037948608 0.940504729747772 0.810447454452515 0.588327050209045 0.463458478450775 0.383112490177155 0.334783971309662 0.253670930862427 0.206085115671158 0.205194920301437 0.141675353050232 0.0915869921445847 0.0721961334347725 0.0388419963419437 0.0212035216391087 0.0114510338753462 0.00620156060904264 0.00354720070026815 0.0026627432089299 0.00187063857447356 0.00113840179983526
0.930715203285217 0.941148579120636 0.915341556072235 0.871458053588867 0.891256928443909 0.908955633640289 0.917808949947357 0.936045050621033 0.903003990650177 0.799258768558502 0.933828115463257 0.934433579444885 0.715890228748322 0.443296045064926 0.164190620183945 0.0596477724611759 0.0477931573987007 0.0411903522908688 0.0344900861382484 0.0350795164704323 0.0338016301393509 0.0448301136493683 0.0912507176399231 0.211121052503586 0.470130443572998 0.82570868730545 0.942135393619537 0.827645421028137 0.56569105386734 0.600359559059143 0.561348140239716 0.442585796117783 0.357077896595001 0.332621186971664 0.294897764921188 0.237084329128265 0.158255413174629 0.0996802672743797 0.0696599632501602 0.0511941686272621 0.0208267997950315 0.0106765870004892 0.00669449754059315 0.00398157024756074 0.00239690206944942 0.00140232918784022
0.925421893596649 0.943656802177429 0.899820506572723 0.875390350818634 0.869779229164124 0.939602673053741 0.922818243503571 0.943201243877411 0.943878948688507 0.944390833377838 0.934387862682343 0.797076880931854 0.347049415111542 0.11742690205574 0.0794047936797142 0.049631766974926 0.0473468340933323 0.0408720560371876 0.0359001941978931 0.0312536805868149 0.0267535410821438 0.0325571484863758 0.0501569807529449 0.125121310353279 0.212935641407967 0.724902987480164 0.958650231361389 0.917943179607391 0.906762540340424 0.868824303150177 0.826643943786621 0.801314830780029 0.741809666156769 0.653892934322357 0.571075737476349 0.452102452516556 0.249789863824844 0.233985483646393 0.126845672726631 0.0963492915034294 0.0566320158541203 0.0297686234116554 0.0139290038496256 0.00874014385044575 0.00459724338725209 0.00347312912344933
0.911727488040924 0.898158192634583 0.897022128105164 0.879039943218231 0.786523640155792 0.895043909549713 0.933042645454407 0.914815664291382 0.949280321598053 0.946801662445068 0.946693181991577 0.853948473930359 0.65407520532608 0.144218310713768 0.084786020219326 0.0634667724370956 0.0487734042108059 0.041167113929987 0.034446869045496 0.0372001342475414 0.0288231000304222 0.0433540605008602 0.0638147071003914 0.181241869926453 0.340903669595718 0.73052704334259 0.965527236461639 0.934117019176483 0.919363558292389 0.905889928340912 0.893251895904541 0.820650935173035 0.752309322357178 0.710302710533142 0.728407382965088 0.615157425403595 0.379319041967392 0.289389252662659 0.163142949342728 0.110840708017349 0.0867155641317368 0.0446349158883095 0.0270943399518728 0.0124223902821541 0.0066786645911634 0.00375849939882755
0.909285962581635 0.891012907028198 0.917070150375366 0.802991688251495 0.844913423061371 0.925813972949982 0.877232491970062 0.910696625709534 0.957819938659668 0.960851848125458 0.94912189245224 0.882585108280182 0.970450401306152 0.430435210466385 0.0987261012196541 0.0719762593507767 0.0473653934895992 0.0512853376567364 0.0354902260005474 0.0258295722305775 0.0225489027798176 0.0341390334069729 0.073304295539856 0.144182786345482 0.346920013427734 0.679041504859924 0.892536163330078 0.971223890781403 0.967311263084412 0.929642915725708 0.907521545886993 0.876066863536835 0.806562721729279 0.766467809677124 0.754744589328766 0.693810522556305 0.581933796405792 0.47141021490097 0.265638798475266 0.182935908436775 0.0965277329087257 0.0782084986567497 0.0433252640068531 0.0231195148080587 0.0114793451502919 0.00553096737712622
0.894469141960144 0.883686423301697 0.869772136211395 0.867689073085785 0.871700286865234 0.86221581697464 0.88843297958374 0.901150763034821 0.946244418621063 0.927662014961243 0.89680427312851 0.929663062095642 0.963802874088287 0.933959186077118 0.294178009033203 0.122042581439018 0.0600865222513676 0.0401304699480534 0.0310413092374802 0.0234276093542576 0.0353666320443153 0.042509563267231 0.0572169534862041 0.157228872179985 0.251452147960663 0.53288996219635 0.867978513240814 0.950059056282043 0.979477882385254 0.947582066059113 0.925984740257263 0.903937935829163 0.871333479881287 0.847637474536896 0.816225349903107 0.687483310699463 0.477631777524948 0.52452027797699 0.38371616601944 0.300367802381516 0.172594755887985 0.0969399884343147 0.0463428273797035 0.0345588661730289 0.0175392013043165 0.00776410521939397
0.895505607128143 0.866349160671234 0.895595371723175 0.900812685489655 0.819610476493835 0.926345467567444 0.94154167175293 0.871147513389587 0.946109354496002 0.929614961147308 0.889776766300201 0.849509835243225 0.876034677028656 0.965226650238037 0.93103301525116 0.136986330151558 0.0604100041091442 0.0418724045157433 0.032500296831131 0.044788021594286 0.0449443943798542 0.0520073808729649 0.0690413191914558 0.146526798605919 0.222807183861732 0.423461616039276 0.941610991954803 0.991466403007507 0.983791470527649 0.969572603702545 0.957013130187988 0.945643067359924 0.799070537090302 0.864697813987732 0.794735133647919 0.676111876964569 0.788977444171906 0.659915328025818 0.553040683269501 0.444728046655655 0.248120367527008 0.130715027451515 0.0773083716630936 0.0541777871549129 0.0233750622719526 0.0107460236176848
0.873916864395142 0.877971291542053 0.909883201122284 0.848041355609894 0.919301450252533 0.820929884910583 0.79670250415802 0.894082903862 0.921461462974548 0.914688885211945 0.971566796302795 0.949794590473175 0.981420040130615 0.962943434715271 0.988889217376709 0.219983249902725 0.0567922703921795 0.0438817851245403 0.0360531359910965 0.0553813315927982 0.0565221719443798 0.0637001171708107 0.0800326392054558 0.107660941779613 0.273541927337646 0.560085117816925 0.926844894886017 0.958460211753845 0.998121917247772 0.979773759841919 0.975086808204651 0.961618423461914 0.929176867008209 0.935708701610565 0.857966899871826 0.686682224273682 0.646738052368164 0.789955317974091 0.714100420475006 0.551125168800354 0.391793370246887 0.214604571461678 0.125294879078865 0.102240115404129 0.0380114167928696 0.0274425745010376
0.739954948425293 0.770620882511139 0.79644376039505 0.845360457897186 0.854276895523071 0.831360518932343 0.9422287940979 0.882716178894043 0.86975109577179 0.935668587684631 0.950948774814606 0.941867649555206 0.976251065731049 0.9739990234375 0.909373700618744 0.132231503725052 0.054794616997242 0.0467878505587578 0.0411727987229824 0.0687500089406967 0.0710607916116714 0.0846997946500778 0.097447857260704 0.120806977152824 0.182890430092812 0.361995130777359 0.580937564373016 0.842386066913605 0.991850078105927 0.996062219142914 0.98544055223465 0.981941342353821 0.982550740242004 0.958383440971375 0.957282900810242 0.925422251224518 0.869910061359406 0.773979544639587 0.786519527435303 0.713567078113556 0.517445385456085 0.327759861946106 0.164974078536034 0.119807749986649 0.0410624220967293 0.0241235475987196
0.828494071960449 0.727870583534241 0.763265371322632 0.879645824432373 0.877483069896698 0.901622235774994 0.840606391429901 0.77729344367981 0.654723167419434 0.834972739219666 0.892504334449768 0.964350402355194 0.978046238422394 0.969847917556763 0.975798547267914 0.431241929531097 0.0871371701359749 0.0837388187646866 0.0805527344346046 0.0861525535583496 0.0958638191223145 0.104813881218433 0.120413221418858 0.141217589378357 0.17599618434906 0.273925453424454 0.391678690910339 0.557186663150787 0.828516721725464 0.919117569923401 0.995173156261444 0.996372759342194 0.991129994392395 0.983712732791901 0.955086171627045 0.961598455905914 0.9072105884552 0.876164078712463 0.829698443412781 0.759787142276764 0.590018570423126 0.397500723600388 0.256744652986526 0.120534688234329 0.0376684628427029 0.0220208968967199
-3.4e+38 0.7981316447258 0.719706296920776 0.857319056987762 0.875478744506836 0.892282009124756 0.808129727840424 0.775776147842407 0.811006665229797 0.835727870464325 0.945954561233521 0.964734852313995 0.937702596187592 0.981995284557343 0.652863025665283 0.532602310180664 0.102083541452885 0.0994815081357956 0.10030634701252 0.106954351067543 0.114487625658512 0.126398876309395 0.140958487987518 0.236996084451675 0.290271103382111 0.340242266654968 0.402401030063629 0.368341863155365 0.510742127895355 0.681397616863251 0.885183572769165 0.981857120990753 0.998513400554657 0.993409812450409 0.990866005420685 0.97931432723999 0.960573673248291 0.922743678092957 0.869135141372681 0.821884393692017 0.718562960624695 0.559428215026855 0.353497743606567 0.200914904475212 0.107111915946007 0.0853859260678291
-3.4e+38 0.739861369132996 0.778780102729797 0.815207123756409 0.846636414527893 0.8254434466362 0.789526104927063 0.890281856060028 0.908862292766571 0.839693009853363 0.935211360454559 0.930093765258789 0.976501762866974 0.979847609996796 0.979903161525726 0.380854368209839 0.0974225699901581 0.101659297943115 0.111583538353443 0.129341810941696 0.133420050144196 0.21341161429882 0.219967290759087 0.244390890002251 0.265171468257904 0.293463945388794 0.28970593214035 0.304420828819275 0.396645784378052 0.56967693567276 0.841735601425171 0.879479825496674 0.999236345291138 0.999836683273315 0.989208698272705 0.989103198051453 0.98777437210083 0.967731952667236 0.902175664901733 0.806077480316162 0.724497437477112 0.681667506694794 0.465619474649429 0.377712517976761 0.179253444075584 0.170215487480164
-3.4e+38 0.690110921859741 0.733614385128021 0.762499570846558 0.808780133724213 0.842609167098999 0.818160116672516 0.914580523967743 0.855716645717621 0.967559158802032 0.935858964920044 0.95476245880127 0.987492620944977 0.991144835948944 0.996080994606018 0.650053381919861 0.121725253760815 0.118890948593616 0.135528951883316 0.237741574645042 0.220427095890045 0.217217445373535 0.214956298470497 0.233505561947823 0.231993138790131 0.237530738115311 0.233328893780708 0.252591103315353 0.324871778488159 0.482493668794632 0.635017096996307 0.867282450199127 0.990401327610016 0.99869441986084 0.981762647628784 0.976100742816925 0.96570485830307 0.966563761234283 0.960046768188477 0.903248488903046 0.812122464179993 0.664966940879822 0.651241302490234 0.481346309185028 0.399352073669434 0.220980197191238
-3.4e+38 0.642294824123383 0.698650240898132 0.748747766017914 0.760396778583527 0.786806285381317 0.900861382484436 0.908740997314453 0.867450594902039 0.94343101978302 0.977047324180603 0.88719516992569 0.951472282409668 0.992885589599609 0.996223032474518 0.611108183860779 0.234137400984764 0.255382537841797 0.208630755543709 0.230475977063179 0.218333154916763 0.208343356847763 0.204493850469589 0.204711765050888 0.199569970369339 0.19562454521656 0.197011500597 0.19164152443409 0.236242920160294 0.37126612663269 0.770466864109039 0.888377130031586 0.980843245983124 0.939839482307434 0.961030125617981 0.974464595317841 0.969702422618866 0.968746483325958 0.989269256591797 0.923298537731171 0.825583040714264 0.685425758361816 0.680338740348816 0.59503972530365 0.403910517692566 0.214732140302658
-3.4e+38 0.520716786384583 0.689070522785187 0.730259954929352 0.758212506771088 0.768793344497681 0.905914425849915 0.904716372489929 0.865389227867126 0.76743882894516 0.938071370124817 0.913934588432312 0.847792983055115 0.973658204078674 0.993818581104279 0.474448919296265 0.281668961048126 0.310343950986862 0.217833817005157 0.211120590567589 0.197772681713104 0.185925826430321 0.178695753216743 0.178400307893753 0.1734699010849 0.173108384013176 0.171385154128075 0.179366737604141 0.192215666174889 0.26787006855011 0.461263656616211 0.818480551242828 0.952385663986206 0.853698313236237 0.960850298404694 0.969035267829895 0.940327286720276 0.899246871471405 0.985902190208435 0.963041543960571 0.852934718132019 0.767718851566315 0.657302141189575 0.641085565090179 0.493993639945984 0.266726166009903
