data/climate_estimation/maxent_output/Calochortus_elegans.asc
NCOLS 128 
NROWS 149 
XLLCORNER -124.083333333333 
YLLCORNER 36.6666666666667 
CELLSIZE 0.0833333333333334 
NODATA_value -3.4e+38 
[rows 60 to 79 of 149, columns 44 to 87 of 128]
0.791196882724762 0.802579164505005 0.829068064689636 0.726458549499512 0.711122334003448 0.827941954135895 0.714740812778473 0.758545517921448 0.818892955780029 0.824947476387024 0.836910843849182 0.810354888439178 0.767304301261902 0.806489527225494 0.822768867015839 0.843771636486053 0.847700953483582 0.786186337471008 0.848888874053955 0.825833082199097 0.855145454406738 0.839379489421844 0.848235726356506 0.824418783187866 0.840246140956879 0.64830493927002 0.795437872409821 0.677097797393799 0.458084285259247 0.257348895072937 0.0661438405513763 0.0424440763890743 0.046142004430294 0.0974865630269051 0.0717575550079346 0.0218303930014372 0.0139191411435604 0.00831623375415802 0.0140224052593112 0.013548331335187 0.00457523949444294 0.00252068531699479 0.00730125373229384 0.0112757468596101
0.759438276290894 0.750403881072998 0.751580953598022 0.764024138450623 0.746010005474091 0.794593930244446 0.786811649799347 0.788576662540436 0.826117336750031 0.8498774766922 0.826536357402802 0.843382477760315 0.819987177848816 0.816669046878815 0.850677192211151 0.838905394077301 0.844423890113831 0.772862434387207 0.826732397079468 0.856890738010406 0.792601704597473 0.694709181785583 0.797100484371185 0.839571595191956 0.843526422977448 0.559505641460419 0.389731734991074 0.164342686533928 0.677138924598694 0.643456935882568 0.157380059361458 0.0427375659346581 0.0145471589639783 0.0203900393098593 0.0240342877805233 0.0117688113823533 0.00578557793051004 0.00668403785675764 0.0101224724203348 0.0111797712743282 0.00548443058505654 0.00309281749650836 0.00776890339329839 0.00772727746516466
0.705606758594513 0.742542207241058 0.7619509100914 0.742798388004303 0.628795444965363 0.722580790519714 0.765695333480835 0.803463101387024 0.815751433372498 0.832623839378357 0.854998052120209 0.829376220703125 0.81847620010376 0.784926891326904 0.760429799556732 0.799056887626648 0.789207994937897 0.787522554397583 0.838505685329437 0.830668985843658 0.837810933589935 0.496836990118027 0.414577960968018 0.560025334358215 0.417589604854584 0.240047603845596 0.305807679891586 0.395663440227509 0.76414692401886 0.763709187507629 0.502151250839233 0.238513693213463 0.0284935291856527 0.00658563477918506 0.00870363414287567 0.0132250478491187 0.00751927914097905 0.0111603997647762 0.0189909059554338 0.0146659342572093 0.00529217114672065 0.00591808184981346 0.0134308459237218 0.0140018844977021
0.654016196727753 0.768153965473175 0.769982278347015 0.677198708057404 0.526355981826782 0.672336339950562 0.782009601593018 0.785155892372131 0.762231349945068 0.760273635387421 0.749556839466095 0.772339403629303 0.742493093013763 0.728218495845795 0.732412457466125 0.757891952991486 0.792024433612823 0.824967682361603 0.825490057468414 0.824403941631317 0.824904143810272 0.659206092357635 0.529098212718964 0.214396417140961 0.184375047683716 0.260361194610596 0.171673327684402 0.0946155413985252 0.0904009491205215 0.0498530752956867 0.0649809762835503 0.053680058568716 0.0166307054460049 0.0122130876407027 0.0502649657428265 0.0291687529534101 0.0255228616297245 0.0787654966115952 0.0268257763236761 0.00519138528034091 0.00483418069779873 0.00615662895143032 0.00948344450443983 0.0113729117438197
0.572808921337128 0.642940938472748 0.734360039234161 0.634338796138763 0.485109955072403 0.519057989120483 0.746165931224823 0.76271378993988 0.696027517318726 0.684837698936462 0.745290458202362 0.74262410402298 0.775613248348236 0.746902406215668 0.753275394439697 0.724973320960999 0.711461186408997 0.747133255004883 0.792179465293884 0.749952435493469 0.769716203212738 0.719345152378082 0.65959757566452 0.223499640822411 0.243752419948578 0.226054027676582 0.489068120718002 0.0497992336750031 0.129433035850525 0.412880957126617 0.7120600938797 0.345184683799744 0.0369570106267929 0.139508828520775 0.363830924034119 0.159527614712715 0.075017586350441 0.0704406350851059 0.0211052931845188 0.0156947411596775 0.00477493833750486 0.00675060180947185 0.0075034205801785 0.00649756891652942
0.635615468025208 0.557307004928589 0.548440337181091 0.555863380432129 0.499623596668243 0.535971224308014 0.652613878250122 0.694069087505341 0.59103935956955 0.614014148712158 0.634430706501007 0.647996008396149 0.727986752986908 0.746347486972809 0.730347156524658 0.67221599817276 0.60386449098587 0.53922700881958 0.527908742427826 0.549157202243805 0.522478938102722 0.5479456782341 0.689723432064056 0.504955768585205 0.635546922683716 0.166951552033424 0.146792441606522 0.155528083443642 0.353977769613266 0.545052170753479 0.489353239536285 0.303889900445938 0.394981116056442 0.394981116056442 0.602457284927368 0.223810404539108 0.0875356942415237 0.0581293106079102 0.157409772276878 0.0366845987737179 0.00637422828003764 0.00461518438532948 0.00656802952289581 0.0085183484479785
0.64175808429718 0.643213868141174 0.567435324192047 0.598896086215973 0.714347779750824 0.656369745731354 0.608985424041748 0.552625358104706 0.53559011220932 0.512138545513153 0.473306328058243 0.477616339921951 0.577321410179138 0.648314416408539 0.642824232578278 0.641074657440186 0.533527672290802 0.496307611465454 0.492792934179306 0.470654755830765 0.456746757030487 0.434724450111389 0.71473217010498 0.793068528175354 0.800702512264252 0.397391647100449 0.106206633150578 0.127336457371712 0.454517811536789 0.519771695137024 0.432327717542648 0.332294642925262 0.376039206981659 0.318479478359222 0.168748334050179 0.0632785633206367 0.0244307033717632 0.241445362567902 0.43216672539711 0.0275406539440155 0.0208122208714485 0.0070589859969914 0.00477454625070095 0.00509759457781911
0.5372434258461 0.546456754207611 0.583427309989929 0.565375089645386 0.542447805404663 0.619930326938629 0.623625993728638 0.529379785060883 0.540454149246216 0.504341602325439 0.481284737586975 0.426682770252228 0.478384017944336 0.564633786678314 0.577659487724304 0.560501933097839 0.493681758642197 0.469077855348587 0.449473232030869 0.463675826787949 0.433154225349426 0.429304659366608 0.661928474903107 0.73818039894104 0.629786670207977 0.198121756315231 0.102439783513546 0.33470743894577 0.499894827604294 0.663714826107025 0.575085878372192 0.283501476049423 0.351467669010162 0.284420192241669 0.284026890993118 0.115150138735771 0.0277812704443932 0.0943989381194115 0.263146877288818 0.141952902078629 0.441282391548157 0.220092833042145 0.0337271876633167 0.00533616077154875
0.420765846967697 0.494683861732483 0.550213098526001 0.549512684345245 0.554750204086304 0.705205380916595 0.714779019355774 0.578008592128754 0.475002616643906 0.437390834093094 0.398253530263901 0.392431914806366 0.407438725233078 0.421222597360611 0.47998034954071 0.479862034320831 0.471603512763977 0.432627320289612 0.42046856880188 0.413183987140656 0.400922626256943 0.408880203962326 0.434509575366974 0.434762090444565 0.297975450754166 0.125984475016594 0.400802612304688 0.584941804409027 0.560408294200897 0.68148934841156 0.582504987716675 0.376102715730667 0.409977287054062 0.429669290781021 0.363700807094574 0.0390864536166191 0.0694876685738564 0.0282672457396984 0.218109309673309 0.249013751745224 0.596323609352112 0.498100072145462 0.44027915596962 0.137864738702774
0.393556207418442 0.46390101313591 0.55071222782135 0.491372525691986 0.482979416847229 0.664132237434387 0.69002228975296 0.488133877515793 0.441860765218735 0.400032192468643 0.393494993448257 0.37190580368042 0.366823256015778 0.388653695583344 0.390935689210892 0.400798469781876 0.392955899238586 0.398893743753433 0.380969166755676 0.380173981189728 0.39105549454689 0.374135255813599 0.484929174184799 0.536319553852081 0.426043838262558 0.382579505443573 0.512035548686981 0.643259704113007 0.730301737785339 0.421624422073364 0.159026324748993 0.251435130834579 0.629272997379303 0.397966295480728 0.245863810181618 0.0130218015983701 0.053222693502903 0.183864533901215 0.626161217689514 0.308861196041107 0.260124325752258 0.564330101013184 0.862910389900208 0.61912614107132
0.381929695606232 0.413214653730392 0.432063937187195 0.386031270027161 0.327680498361588 0.359257996082306 0.501470386981964 0.519990682601929 0.421871960163116 0.479825794696808 0.544154345989227 0.459772139787674 0.468596696853638 0.471568703651428 0.413181185722351 0.364161223173141 0.396940857172012 0.417215824127197 0.388405710458755 0.394177138805389 0.409977704286575 0.427326083183289 0.396143764257431 0.349643349647522 0.377541303634644 0.344654589891434 0.647867202758789 0.691280484199524 0.296861529350281 0.14515195786953 0.121313214302063 0.167391210794449 0.157486155629158 0.0711537897586823 0.0629094913601875 0.212664559483528 0.419670015573502 0.736932098865509 0.764980971813202 0.745733916759491 0.384025901556015 0.672123968601227 0.868816912174225 0.503697574138641
0.526161730289459 0.454353094100952 0.42181521654129 0.424460977315903 0.23421336710453 0.274863541126251 0.498855173587799 0.493836879730225 0.369584172964096 0.512254536151886 0.55267322063446 0.500791490077972 0.545452237129211 0.578984916210175 0.571259260177612 0.477663666009903 0.419659227132797 0.460402965545654 0.37460121512413 0.385974615812302 0.401066869497299 0.399853348731995 0.493178367614746 0.526269316673279 0.54242354631424 0.562609255313873 0.604207873344421 0.362208038568497 0.148449003696442 0.165959671139717 0.150127977132797 0.103079468011856 0.0626269802451134 0.122477941215038 0.285865813493729 0.319156110286713 0.32066410779953 0.353025674819946 0.38014543056488 0.451056718826294 0.45054966211319 0.637370884418488 0.871876537799835 0.875492691993713
0.672391533851624 0.524325668811798 0.312384575605392 0.259238958358765 0.251188367605209 0.305455952882767 0.507894337177277 0.374965369701385 0.419515371322632 0.560586035251617 0.526164054870605 0.580238401889801 0.598674654960632 0.598903894424438 0.61020702123642 0.629251301288605 0.582021236419678 0.626854419708252 0.462330162525177 0.365930616855621 0.416702687740326 0.492125988006592 0.569409191608429 0.723180413246155 0.716924965381622 0.562911331653595 0.24927681684494 0.226544097065926 0.218099698424339 0.165436178445816 0.130270004272461 0.0563048869371414 0.0263713076710701 0.0833639204502106 0.188603267073631 0.266955256462097 0.255866318941116 0.288243263959885 0.401606172323227 0.315692186355591 0.443676143884659 0.746893048286438 0.877110838890076 0.849317252635956
0.66794753074646 0.519913852214813 0.353291302919388 0.228185176849365 0.199711591005325 0.633268415927887 0.514783442020416 0.389302104711533 0.531766414642334 0.591442584991455 0.550276160240173 0.59092915058136 0.590043604373932 0.585205972194672 0.584006190299988 0.551622211933136 0.616878092288971 0.626061737537384 0.487838536500931 0.441321581602097 0.520228803157806 0.57294774055481 0.69571441411972 0.763304769992828 0.751154959201813 0.326168715953827 0.438608705997467 0.588311791419983 0.312689661979675 0.154973044991493 0.0887966081500053 0.0452436096966267 0.0388684831559658 0.0761758536100388 0.0963888764381409 0.188498184084892 0.218797624111176 0.22597499191761 0.236227035522461 0.268090754747391 0.286662518978119 0.583845376968384 0.698838591575623 0.867784321308136
0.649627029895782 0.546440124511719 0.503408908843994 0.331501811742783 0.266127675771713 0.563868045806885 0.46195986866951 0.546361923217773 0.545389592647552 0.476459324359894 0.429879188537598 0.592683076858521 0.536010265350342 0.492898792028427 0.54221498966217 0.560907423496246 0.568418860435486 0.64007842540741 0.35235595703125 0.542775630950928 0.692611455917358 0.731210350990295 0.746885061264038 0.809623837471008 0.340673267841339 0.29522505402565 0.556201338768005 0.663251876831055 0.386546522378922 0.118061766028404 0.0833263099193573 0.0483104176819324 0.0243373978883028 0.0312628038227558 0.0549116618931293 0.106343492865562 0.208430886268616 0.228888750076294 0.275207996368408 0.490132451057434 0.379057317972183 0.472475618124008 0.523890376091003 0.655324161052704
0.676553905010223 0.527166545391083 0.363732904195786 0.365913271903992 0.493263810873032 0.51526665687561 0.449897855520248 0.491353839635849 0.413125783205032 0.299490123987198 0.363112479448318 0.510109782218933 0.458356887102127 0.431806921958923 0.449651479721069 0.445987105369568 0.494459897279739 0.533965229988098 0.516665875911713 0.642565608024597 0.742120504379272 0.810215353965759 0.819017171859741 0.637647092342377 0.19544817507267 0.292312741279602 0.524068176746368 0.515271067619324 0.384214013814926 0.201451689004898 0.0530454851686954 0.0369100980460644 0.0307908188551664 0.0287542510777712 0.0611680820584297 0.108162507414818 0.216745987534523 0.249772131443024 0.346089124679565 0.527189314365387 0.574210643768311 0.821522653102875 0.77393239736557 0.761780560016632
0.736106336116791 0.485205769538879 0.258932292461395 0.498581498861313 0.567021667957306 0.382840603590012 0.328268349170685 0.302781611680984 0.279302090406418 0.33612984418869 0.490982532501221 0.453885793685913 0.437641829252243 0.394326776266098 0.398688197135925 0.391404747962952 0.407151073217392 0.559549629688263 0.632589876651764 0.642284870147705 0.778128027915955 0.76843523979187 0.82705283164978 0.232556045055389 0.370970517396927 0.179729819297791 0.292103588581085 0.116187997162342 0.0799274891614914 0.0688631534576416 0.0420531518757343 0.0318165421485901 0.0312567129731178 0.0361475832760334 0.0532181486487389 0.138979882001877 0.184331819415092 0.226756826043129 0.274493753910065 0.327406346797943 0.473565667867661 0.82691752910614 0.871066451072693 0.876863837242126
0.591875851154327 0.502447128295898 0.365376770496368 0.717440962791443 0.567225873470306 0.403921157121658 0.383372724056244 0.211984932422638 0.248699516057968 0.590861201286316 0.545291066169739 0.500983357429504 0.496127516031265 0.435699909925461 0.376990079879761 0.374274611473083 0.381622195243835 0.546011090278625 0.622936189174652 0.626802444458008 0.673039436340332 0.814227700233459 0.767828822135925 0.0801465138792992 0.103079199790955 0.360488682985306 0.132251918315887 0.0809167847037315 0.0813081189990044 0.0451414659619331 0.0388404950499535 0.0360902547836304 0.0352548621594906 0.0545471720397472 0.0622079931199551 0.114159137010574 0.267959207296371 0.293304145336151 0.212860196828842 0.330431252717972 0.378111004829407 0.536352515220642 0.718725502490997 0.807713329792023
0.552972495555878 0.448342472314835 0.723862290382385 0.777437031269073 0.761420011520386 0.603973984718323 0.233298316597939 0.395341426134109 0.666058897972107 0.608895003795624 0.552912831306458 0.493349552154541 0.451888471841812 0.361683517694473 0.345042407512665 0.345495015382767 0.311364650726318 0.369334757328033 0.665673911571503 0.685576438903809 0.747409522533417 0.683983385562897 0.302647233009338 0.0568006634712219 0.0997209399938583 0.164270281791687 0.0586998388171196 0.0493073984980583 0.0814347565174103 0.0517244413495064 0.0504234991967678 0.122393764555454 0.0913238152861595 0.0468036495149136 0.134740486741066 0.189042404294014 0.267398923635483 0.314199537038803 0.235475033521652 0.226306825876236 0.328449606895447 0.574518084526062 0.659665465354919 0.659528613090515
0.763443648815155 0.626193284988403 0.852916300296783 0.790501177310944 0.681005418300629 0.505059659481049 0.215983286499977 0.689232409000397 0.757957816123962 0.652715861797333 0.594227015972137 0.458703815937042 0.456481426954269 0.460753530263901 0.409361213445663 0.410028547048569 0.283462166786194 0.250993609428406 0.447701334953308 0.676801800727844 0.719752609729767 0.218991830945015 0.0657612085342407 0.053130716085434 0.0733091831207275 0.0647304430603981 0.0609925240278244 0.0510013550519943 0.110699169337749 0.0695721358060837 0.0870220065116882 0.147287845611572 0.123444207012653 0.135122880339622 0.295607507228851 0.292149305343628 0.280155926942825 0.297214865684509 0.224770084023476 0.28318926692009 0.406595379114151 0.680122196674347 0.815992832183838 0.680122196674347
