data/climate_estimation/maxent_output/Calochortus_albus.asc
NCOLS 81 
NROWS 95 
XLLCORNER -122.666666666667 
YLLCORNER 32.4166666666667 
CELLSIZE 0.0833333333333333 
NODATA_value -3.4e+38 
[rows 20 to 39 of 95, columns 0 to 45 of 81]
0.653919756412506 0.697105944156647 0.673919975757599 0.702055275440216 0.710154950618744 0.747097432613373 0.793191194534302 0.560767531394958 0.495183765888214 0.557116627693176 0.655101895332336 0.719188630580902 0.745507717132568 0.754759907722473 0.744728028774261 0.71711802482605 0.710046768188477 0.712066888809204 0.708793520927429 0.738962769508362 0.754409313201904 0.782572209835052 0.798261106014252 0.726983904838562 0.455772697925568 0.374279141426086 0.285933017730713 0.215658962726593 0.115767300128937 0.0490765869617462 0.0242665316909552 0.0133274691179395 0.011060887016356 0.0111538665369153 0.0138343460857868 0.0146143352612853 0.00779369240626693 0.00133541855029762 0.000204012423637323 0.000349676120094955 9.00065206224099e-05 3.22292689816095e-05 0.000104280552477576 2.26607176045945e-06 1.04173193449242e-06 1.67340590451204e-06
0.626685082912445 0.649901628494263 0.655170798301697 0.705494046211243 0.740966081619263 0.708918035030365 0.753026723861694 0.66574615240097 0.527783811092377 0.640362977981567 0.746669471263885 0.778800547122955 0.786500215530396 0.797995388507843 0.787181973457336 0.765278577804565 0.751449465751648 0.734568476676941 0.718241274356842 0.719542741775513 0.685809671878815 0.708619177341461 0.782971918582916 0.596505522727966 0.468713909387589 0.399929881095886 0.40775790810585 0.293281883001328 0.19729845225811 0.0822614878416061 0.04753677546978 0.0531586110591888 0.0222002286463976 0.0118179898709059 0.00818727910518646 0.00748445745557547 0.00968743208795786 0.00743482680991292 0.000755662622395903 0.00230748206377029 0.00118215021211654 7.65980803407729e-05 0.000277908082352951 6.48692639515502e-06 1.92923243957921e-06 1.99845408133115e-06
0.627060830593109 0.655589938163757 0.658925533294678 0.676555573940277 0.747901141643524 0.747906744480133 0.781297206878662 0.74066174030304 0.613679707050323 0.677187025547028 0.775052726268768 0.793708801269531 0.802589356899261 0.818390130996704 0.817543566226959 0.810271561145782 0.792516469955444 0.763735413551331 0.741051137447357 0.714973509311676 0.668058097362518 0.676852524280548 0.754723787307739 0.721905171871185 0.616223871707916 0.502132713794708 0.414252012968063 0.412928521633148 0.277582883834839 0.191398620605469 0.0723873898386955 0.0388904437422752 0.0321667604148388 0.0157971028238535 0.0118148671463132 0.0088579598814249 0.00544860912486911 0.00473973248153925 0.00510601606220007 0.00277515081688762 0.00183760141953826 0.000139623210998252 3.17082958645187e-05 6.17791738477536e-06 3.58637385033944e-06 3.7718118619523e-06
0.619610071182251 0.634266555309296 0.670659780502319 0.71465402841568 0.751154601573944 0.762694895267487 0.782469272613525 0.772093951702118 0.720852315425873 0.743603765964508 0.798407435417175 0.808616816997528 0.82238632440567 0.830886363983154 0.832800567150116 0.828261733055115 0.822217404842377 0.797133028507233 0.771869897842407 0.699270129203796 0.660896182060242 0.668979048728943 0.754407703876495 0.698717832565308 0.590295016765594 0.621433913707733 0.504410266876221 0.443717032670975 0.411772102117538 0.204382583498955 0.124125190079212 0.0739688500761986 0.0638241916894913 0.0342031270265579 0.0197472702711821 0.00691710645332932 0.00394922168925405 0.00637231906875968 0.00680750608444214 0.00409456994384527 0.00251217931509018 0.000427005375968292 0.000226306525291875 5.89246301387902e-05 6.93443416821538e-06 5.34207310920465e-06
0.648864984512329 0.659080505371094 0.663248360157013 0.722326457500458 0.77656090259552 0.789652347564697 0.80684095621109 0.814934253692627 0.795365333557129 0.797823011875153 0.816290974617004 0.832174777984619 0.832383155822754 0.833883345127106 0.841225266456604 0.842472016811371 0.837282478809357 0.828420400619507 0.792809367179871 0.72522360086441 0.668422639369965 0.632649779319763 0.689354717731476 0.711653292179108 0.701212823390961 0.622858166694641 0.655909359455109 0.560739159584045 0.43520525097847 0.415720969438553 0.207544550299644 0.202061146497726 0.110683679580688 0.0237611345946789 0.0156284552067518 0.0117219360545278 0.00519996462389827 0.00648358324542642 0.00515894265845418 0.00393324578180909 0.00148582446854562 0.000306505506159738 0.000822777976281941 0.000408797233831137 0.000112739937321749 2.07461380341556e-05
0.677738010883331 0.667257487773895 0.671566009521484 0.70984548330307 0.798966288566589 0.805153012275696 0.84447717666626 0.855868339538574 0.861819386482239 0.861557006835938 0.850172758102417 0.85400378704071 0.843036890029907 0.847877621650696 0.850634038448334 0.847137868404388 0.847696900367737 0.840821921825409 0.821131765842438 0.763738393783569 0.7092045545578 0.617460668087006 0.626699924468994 0.666894495487213 0.776415586471558 0.724533557891846 0.759015798568726 0.693326890468597 0.714551866054535 0.587559640407562 0.432509779930115 0.401829063892365 0.07436503469944 0.0214706640690565 0.0111439432948828 0.0068869418464601 0.00502607459202409 0.00533420080319047 0.00372864305973053 0.00462563196197152 0.0025473958812654 0.000849901465699077 0.000965860323049128 0.000792161386925727 0.00027288484852761 2.48793930950342e-05
0.7312051653862 0.66938316822052 0.671852052211761 0.789676666259766 0.848910808563232 0.855888426303864 0.847892045974731 0.877628922462463 0.878990471363068 0.874402225017548 0.863180160522461 0.853384375572205 0.829129636287689 0.831110239028931 0.833919405937195 0.852457463741302 0.851719200611115 0.84928297996521 0.823431670665741 0.771579146385193 0.710365951061249 0.652047395706177 0.655421018600464 0.795857071876526 0.660714864730835 0.770983994007111 0.73346871137619 0.740070462226868 0.681192874908447 0.727176904678345 0.596497416496277 0.301276504993439 0.117302618920803 0.0642473921179771 0.0286433454602957 0.0136860013008118 0.00630597583949566 0.00497154984623194 0.00412954762578011 0.00374589487910271 0.00343751348555088 0.00297834724187851 0.00125351804308593 0.000536962004844099 0.000167809528647922 0.00010233445209451
0.746276438236237 0.721646130084991 0.738640546798706 0.853294193744659 0.872665345668793 0.881748676300049 0.895323157310486 0.891108453273773 0.883993983268738 0.885166883468628 0.856402099132538 0.750102758407593 0.720147371292114 0.713615953922272 0.743935823440552 0.796830356121063 0.830632090568542 0.809641540050507 0.741107702255249 0.683072149753571 0.635104954242706 0.622583210468292 0.664416551589966 0.706633031368256 0.76607209444046 0.725884616374969 0.764727592468262 0.754042685031891 0.820823013782501 0.743559181690216 0.594678103923798 0.555768847465515 0.270986407995224 0.177012518048286 0.0938873961567879 0.0305296238511801 0.0176839586347342 0.0082035269588232 0.00461288541555405 0.00402268161997199 0.00253824423998594 0.00379183911718428 0.00217851554043591 0.00115107325837016 0.000408497435273603 0.000202186609385535
0.783026397228241 0.842802166938782 0.813922524452209 0.872271060943604 0.878404796123505 0.895904362201691 0.887543976306915 0.905189216136932 0.870821356773376 0.864224910736084 0.842965662479401 0.644011735916138 0.610820770263672 0.603967308998108 0.629110157489777 0.662341833114624 0.700519919395447 0.671700000762939 0.61727374792099 0.534863471984863 0.468624383211136 0.463589727878571 0.578583478927612 0.699667870998383 0.651309490203857 0.660112500190735 0.683475434780121 0.775352954864502 0.840640246868134 0.806618630886078 0.755767345428467 0.752412378787994 0.532987594604492 0.555413603782654 0.362198114395142 0.154249787330627 0.0571078136563301 0.0261358376592398 0.00873295776546001 0.00494002364575863 0.00261565647087991 0.00294839171692729 0.00463738571852446 0.00322471768595278 0.00147312029730529 0.00062313670059666
0.816068410873413 0.851821541786194 0.875071406364441 0.890313982963562 0.898889243602753 0.895766019821167 0.894824326038361 0.900546073913574 0.867874920368195 0.860534608364105 0.85512763261795 0.661166787147522 0.546534895896912 0.494556903839111 0.494153380393982 0.485228151082993 0.51216334104538 0.508075654506683 0.481056749820709 0.406783699989319 0.372262954711914 0.377062290906906 0.445875972509384 0.630541145801544 0.613856911659241 0.627869367599487 0.661667108535767 0.694399297237396 0.797640442848206 0.840903222560883 0.809529900550842 0.82889723777771 0.732032716274261 0.700168371200562 0.375485509634018 0.0679164156317711 0.0281854122877121 0.0105417864397168 0.00943270139396191 0.00600335048511624 0.0041928282007575 0.00240820390172303 0.00819781050086021 0.00616832496598363 0.00236294791102409 0.000736884481739253
-3.4e+38 0.841557919979095 0.83913642168045 0.877532541751862 0.916036546230316 0.905679821968079 0.889223754405975 0.863217771053314 0.86432957649231 0.855327248573303 0.848500669002533 0.821288228034973 0.578663170337677 0.425233691930771 0.367749929428101 0.361237555742264 0.367553174495697 0.399460345506668 0.383833199739456 0.370483160018921 0.36422011256218 0.337987869977951 0.393671333789825 0.447168618440628 0.555021643638611 0.600552916526794 0.630413830280304 0.615633904933929 0.79814338684082 0.802154064178467 0.824745774269104 0.831805169582367 0.720179975032806 0.711393177509308 0.387087732553482 0.090645968914032 0.0390502624213696 0.0376871787011623 0.0133800189942122 0.00488826213404536 0.00323913805186749 0.00240533193573356 0.00566766783595085 0.00569761404767632 0.00331480684690177 0.00181372498627752
-3.4e+38 0.807166755199432 0.849291443824768 0.887040317058563 0.922650992870331 0.91850209236145 0.921567440032959 0.886429488658905 0.853265047073364 0.83992463350296 0.791312694549561 0.777770578861237 0.820224404335022 0.559919238090515 0.31476691365242 0.271016001701355 0.303417593240738 0.316762536764145 0.314263969659805 0.340880334377289 0.337988078594208 0.343813836574554 0.358346819877625 0.372373968362808 0.415280491113663 0.4587082862854 0.547948241233826 0.561253070831299 0.688257157802582 0.74144971370697 0.875087261199951 0.861310243606567 0.835441589355469 0.74464625120163 0.722077250480652 0.405492544174194 0.16326542198658 0.161759659647942 0.0189526323229074 0.00854037422686815 0.00337810209020972 0.00348339858464897 0.00382400490343571 0.00524415168911219 0.00862135645002127 0.00629989290609956
-3.4e+38 0.742988705635071 0.814437687397003 0.910628318786621 0.942570626735687 -3.4e+38 0.947839856147766 0.930302262306213 0.852217733860016 0.847921550273895 0.82781308889389 0.819344401359558 0.841344773769379 0.831643760204315 0.629210650920868 0.363655090332031 0.275363266468048 0.289624720811844 0.284587383270264 0.3051997423172 0.29947355389595 0.296597301959991 0.309886395931244 0.338700115680695 0.375121027231216 0.392252117395401 0.460360586643219 0.534163653850555 0.53757643699646 0.708219289779663 0.760234892368317 0.75676953792572 0.839319586753845 0.816439688205719 0.864780128002167 0.555392026901245 0.158664166927338 0.0363797470927238 0.0173380579799414 0.00590640446171165 0.00744016608223319 0.0098826615139842 0.00713141495361924 0.0055037341080606 0.00645592901855707 0.00762980291619897
-3.4e+38 0.727564752101898 0.795963764190674 0.860243678092957 0.943719863891602 0.957779705524445 0.962880849838257 0.929737746715546 0.877704441547394 0.835425317287445 0.837309122085571 0.860503137111664 0.849287569522858 0.861607730388641 0.849656820297241 0.826285541057587 0.482412755489349 0.297059625387192 0.265913844108582 0.26156547665596 0.257830590009689 0.249817162752151 0.275509119033813 0.314305305480957 0.368863940238953 0.381806701421738 0.399807929992676 0.420994609594345 0.478758096694946 0.544781506061554 0.788824260234833 0.853848874568939 0.867984175682068 0.84092104434967 0.754527926445007 0.714754521846771 0.55391788482666 0.0949885249137878 0.0521480031311512 0.0193834789097309 0.0861237943172455 0.146584436297417 0.0522692278027534 0.00874263886362314 0.00339639000594616 0.00212897686287761
-3.4e+38 -3.4e+38 0.786883592605591 0.833146989345551 0.882988691329956 0.950630068778992 0.95834094285965 0.88054758310318 0.814765632152557 0.848076820373535 0.796785652637482 0.853489279747009 0.845017492771149 0.868775725364685 0.862280309200287 0.848433077335358 0.787095665931702 0.458815664052963 0.272117435932159 0.238147705793381 0.213080406188965 0.205014437437057 0.214294865727425 0.278216958045959 0.319143921136856 0.352727234363556 0.378818303346634 0.441369026899338 0.420202732086182 0.462938576936722 0.52910703420639 0.731255948543549 0.712988674640656 0.790465831756592 0.80288690328598 0.751951456069946 0.726131021976471 0.26910012960434 0.152770355343819 0.421624213457108 0.262973815202713 0.447017997503281 0.0488107725977898 0.00583357084542513 0.00486672110855579 0.00265629799105227
-3.4e+38 -3.4e+38 0.76917177438736 0.796064436435699 0.825578153133392 0.854140996932983 0.915015459060669 0.934097290039062 0.885312139987946 0.802761018276215 0.815609157085419 0.822990238666534 0.862813711166382 0.825540840625763 0.833001554012299 0.843407988548279 0.825761079788208 0.583332002162933 0.297348827123642 0.233849704265594 0.211941793560982 0.191826656460762 0.214440539479256 0.244232878088951 0.290760517120361 0.316823363304138 0.319550037384033 0.321017384529114 0.285891562700272 0.340612918138504 0.405024141073227 0.488608300685883 0.642047703266144 0.540090441703796 0.679037809371948 0.82807320356369 0.847750604152679 0.737508356571198 0.378475099802017 0.767983973026276 0.807837069034576 0.260824769735336 0.238357186317444 0.0879474356770515 0.0207994021475315 0.00366067280992866
-3.4e+38 -3.4e+38 -3.4e+38 0.666352868080139 0.802735269069672 0.800314903259277 0.778227806091309 0.833831489086151 0.840303063392639 0.833682537078857 0.814901947975159 0.774586200714111 0.852169513702393 0.844234466552734 0.815646350383759 0.82245147228241 0.82027006149292 0.632201611995697 0.32141038775444 0.229348987340927 0.204590275883675 0.168625250458717 0.18264576792717 0.198526993393898 0.238010391592979 0.283648282289505 0.270241498947144 0.252450406551361 0.222843408584595 0.217279583215714 0.275575876235962 0.398799479007721 0.3797507584095 0.395710498094559 0.554676830768585 0.839887976646423 0.886704206466675 0.861870408058167 0.753387689590454 0.749569773674011 0.602779626846313 0.055321779102087 0.0358587689697742 0.0230690501630306 0.0334050878882408 0.00403842981904745
-3.4e+38 -3.4e+38 -3.4e+38 0.628314971923828 0.655014336109161 0.775251090526581 0.772755801677704 0.741352558135986 0.721636533737183 0.776715338230133 0.791700780391693 0.789540648460388 0.764718055725098 0.818609952926636 0.789649605751038 0.781624913215637 0.819151222705841 0.698625922203064 0.377057462930679 0.232776418328285 0.177990198135376 0.15062889456749 0.144985884428024 0.144724488258362 0.171891376376152 0.207059353590012 0.204721838235855 0.192597419023514 0.181753620505333 0.164360269904137 0.152117908000946 0.200693681836128 0.260297447443008 0.363949686288834 0.402141600847244 0.664583623409271 0.693389773368835 0.805407285690308 0.852586269378662 0.890931069850922 0.774044096469879 0.395746439695358 0.0503122135996819 0.0162353441119194 0.0148626137524843 0.0115455891937017
-3.4e+38 -3.4e+38 -3.4e+38 0.728509128093719 0.743446469306946 0.6407870054245 0.755334436893463 0.717696130275726 0.701178073883057 0.729147970676422 0.726617574691772 0.744759082794189 0.789646506309509 0.774036228656769 0.788074016571045 0.780789434909821 0.80537885427475 0.787667989730835 0.413710385560989 0.208104610443115 0.165006682276726 0.124132722616196 0.113114476203918 0.115901201963425 0.128377124667168 0.138428419828415 0.144481882452965 0.141161024570465 0.133778914809227 0.12515227496624 0.111304804682732 0.102881483733654 0.135372996330261 0.194057270884514 0.352352797985077 0.373543679714203 0.485179275274277 0.484519928693771 0.692718267440796 0.925022482872009 0.773953258991241 0.430923521518707 0.143689215183258 0.0232731159776449 0.0483886450529099 0.0221542865037918
-3.4e+38 -3.4e+38 -3.4e+38 -3.4e+38 0.72705203294754 0.742601454257965 0.7257399559021 0.739718019962311 0.733891904354095 0.711759686470032 0.709206640720367 0.725794732570648 0.7461878657341 0.755330443382263 0.765235304832458 0.779901027679443 0.773776888847351 0.675704419612885 0.371293753385544 0.219962403178215 0.143864944577217 0.103263773024082 0.0940540656447411 0.0904158800840378 0.0931402295827866 0.0985203385353088 0.103027738630772 0.104701578617096 0.0938175320625305 0.0804929137229919 0.0790897309780121 0.0692608281970024 0.0770214721560478 0.0992035195231438 0.137483641505241 0.219306528568268 0.302255034446716 0.371683269739151 0.711963713169098 0.928735315799713 0.9042107462883 0.897821068763733 0.656795620918274 0.15644533932209 0.151798471808434 0.0213231239467859
