data/climate_estimation/maxent_output/Calochortus_umbellatus.asc
NCOLS 38 
NROWS 32 
XLLCORNER -123.75 
YLLCORNER 37.3333333333333 
CELLSIZE 0.0833333333333335 
NODATA_value -3.4e+38 
0.504148900508881 0.250541567802429 0.375197350978851 0.258398294448853 0.195805579423904 0.21139831840992 0.129911810159683 0.0968836173415184 0.151547357439995 0.101609870791435 0.14872545003891 0.0865281298756599 0.142756879329681 0.0584136582911015 0.0286315903067589 0.0255540516227484 0.0217005293816328 0.0458298660814762 0.0490732416510582 0.0609944462776184 0.0711522847414017 0.0821348056197166 0.138697862625122 0.242239072918892 0.388654708862305 0.386589258909225 0.420001775026321 0.0558057278394699 0.0521608032286167 0.167043551802635 0.0111466217786074 0.0185358449816704 0.0521894544363022 0.0160450134426355 0.00690151890739799 0.00488034263253212 0.0040129809640348 0.00320001901127398
0.258458375930786 0.259665697813034 0.23047000169754 0.298161804676056 0.326134949922562 0.229078322649002 0.20109149813652 0.228714391589165 0.22183758020401 0.106999270617962 0.136948645114899 0.12058848887682 0.181963309645653 0.0467722602188587 0.0305008348077536 0.0271721482276917 0.0237609799951315 0.0564223155379295 0.0649739056825638 0.0757761672139168 0.0869851335883141 0.0938974097371101 0.117306351661682 0.184811428189278 0.255479782819748 0.354044646024704 0.47957569360733 0.456355214118958 0.384351015090942 0.107462011277676 0.053888663649559 0.023076556622982 0.0427742972970009 0.0172005426138639 0.0134238442406058 0.00562899513170123 0.00546931382268667 0.00395194860175252
0.255649894475937 0.490115135908127 0.431055754423141 0.379173040390015 0.284801840782166 0.194746792316437 0.219819575548172 0.2881880402565 0.191572189331055 0.138497456908226 0.162180721759796 0.222276166081429 0.231285110116005 0.179872512817383 0.0720812529325485 0.0666268393397331 0.066775768995285 0.0742666572332382 0.0819077864289284 0.0985083729028702 0.107650779187679 0.113322377204895 0.124871112406254 0.157465383410454 0.215375795960426 0.257362991571426 0.347771048545837 0.395511120557785 0.476804345846176 0.263116449117661 0.127043947577477 0.108067542314529 0.0428335331380367 0.0219797473400831 0.00830216612666845 0.00708936015143991 0.00525779882445931 0.00401380658149719
0.252214819192886 0.489822328090668 0.470237344503403 0.418839782476425 0.298101723194122 0.227549985051155 0.302738904953003 0.301606863737106 0.159773379564285 0.160498440265656 0.116372965276241 0.166134431958199 0.257764369249344 0.216968134045601 0.0866167768836021 0.0782736018300056 0.079052709043026 0.0868029594421387 0.0957649052143097 0.116286583244801 0.119136996567249 0.161360025405884 0.179034501314163 0.188663557171822 0.2048110216856 0.199198827147484 0.246702700853348 0.287835508584976 0.371007263660431 0.415286004543304 0.466207474470139 0.14703693985939 0.0643100664019585 0.0261524934321642 0.0133283780887723 0.00896781124174595 0.00697023794054985 0.00550108263269067
0.501817882061005 0.484740495681763 0.464256644248962 0.411348760128021 0.338234513998032 0.339552283287048 0.296841412782669 0.319909363985062 0.256273031234741 0.124608516693115 0.186187654733658 0.20591302216053 0.266273438930511 0.184026122093201 0.0835826173424721 0.0855099856853485 0.091259203851223 0.103568024933338 0.106993205845356 0.149702921509743 0.157768473029137 0.16815847158432 0.169110596179962 0.176327884197235 0.163193479180336 0.164312213659286 0.209380179643631 0.248223140835762 0.363523304462433 0.353131353855133 0.540692269802094 0.561786949634552 0.144982397556305 0.063251867890358 0.0287781786173582 0.022328183054924 0.00794177502393723 0.00641862722113729
0.502950847148895 0.485426902770996 0.458113044500351 0.451777696609497 0.405435144901276 0.555342018604279 0.289297193288803 0.380711823701859 0.27775165438652 0.252647787332535 0.326335042715073 0.327492207288742 0.356095254421234 0.280548840761185 0.103234328329563 0.102579846978188 0.103340856730938 0.141765892505646 0.14500480890274 0.150136336684227 0.150844559073448 0.17845906317234 0.158398792147636 0.160528987646103 0.147808119654655 0.139102533459663 0.167706876993179 0.215582624077797 0.269093215465546 0.368072390556335 0.473782956600189 0.540350794792175 0.245665729045868 0.122071608901024 0.0534635670483112 0.0254200864583254 0.0098948897793889 0.00808343198150396
0.497217923402786 0.489450722932816 0.465120434761047 0.439747780561447 0.677287995815277 0.613789618015289 0.472846925258636 0.509799838066101 0.402332425117493 0.332175940275192 0.392179638147354 0.379692733287811 0.387603580951691 0.260181367397308 0.138110160827637 0.155434012413025 0.126909613609314 0.142851889133453 0.135474994778633 0.127370864152908 0.138630166649818 0.148730516433716 0.150024503469467 0.141784906387329 0.136328041553497 0.129852503538132 0.143230602145195 0.191719606518745 0.32737672328949 0.394865453243256 0.459799021482468 0.379720687866211 0.232587844133377 0.137219697237015 0.0634585097432137 0.0292746797204018 0.0169488061219454 0.00950451288372278
0.473899692296982 0.498431146144867 0.477967530488968 0.440038859844208 0.685157358646393 0.659709513187408 0.515899538993835 0.364835560321808 0.442254900932312 0.374065041542053 0.317998647689819 0.239579439163208 0.362834572792053 0.211333006620407 0.149932354688644 0.161434665322304 0.131693139672279 0.128454431891441 0.118514008820057 0.112770296633244 0.112771444022655 0.114424109458923 0.117416195571423 0.12678074836731 0.126669585704803 0.127588778734207 0.126524642109871 0.149481996893883 0.222450882196426 0.349162012338638 0.445074886083603 0.344919770956039 0.396086841821671 0.246869564056396 0.060379046946764 0.0243990514427423 0.0303602945059538 0.0125767886638641
0.429672807455063 0.504345536231995 0.505842804908752 0.46870544552803 0.704320847988129 0.66944408416748 0.500127017498016 0.339005798101425 0.372364819049835 0.516725361347198 0.430968701839447 0.514256358146667 0.400144577026367 0.376046061515808 0.211826235055923 0.172787100076675 0.135579004883766 0.112164534628391 0.101196132600307 0.100370012223721 0.0939247012138367 0.0937639698386192 0.103880882263184 0.122458912432194 0.12843930721283 0.123698487877846 0.121020115911961 0.148514941334724 0.178971499204636 0.274387359619141 0.291683971881866 0.405635684728622 0.428091377019882 0.124454461038113 0.0616068318486214 0.0294645521789789 0.032592449337244 0.0173305124044418
0.407818287611008 0.510908484458923 0.515193521976471 0.490624696016312 0.739407420158386 0.699947655200958 0.531403303146362 0.444932043552399 0.394400894641876 0.291379570960999 0.361674010753632 0.522931456565857 0.422617882490158 0.362768262624741 0.276425570249557 0.177551552653313 0.152083590626717 0.0988432019948959 0.0888975188136101 0.0812202170491219 0.0763277933001518 0.0817325934767723 0.105818443000317 0.148192286491394 0.113609507679939 0.121775805950165 0.121401645243168 0.13235567510128 0.154063522815704 0.220618799328804 0.322468042373657 0.383986443281174 0.240485414862633 0.249659761786461 0.109917178750038 0.0253175459802151 0.0227375626564026 0.0147221991792321
0.439095824956894 0.504082918167114 0.524156928062439 0.51236367225647 0.782642662525177 0.761442899703979 0.611277341842651 0.522121250629425 0.515698254108429 0.270009309053421 0.197366163134575 0.423683822154999 0.353266268968582 0.292580366134644 0.220598146319389 0.26956108212471 0.138291582465172 0.111843921244144 0.0842990651726723 0.0804031640291214 0.0704328194260597 0.0700900703668594 0.0748801678419113 0.0830530077219009 0.0838074386119843 0.104616887867451 0.115626864135265 0.1206429079175 0.132763266563416 0.191237524151802 0.289690792560577 0.384565114974976 0.376878172159195 0.201485604047775 0.0971325486898422 0.0253849774599075 0.0280574094504118 0.014296050183475
0.389937937259674 0.519791603088379 0.518669724464417 0.537699639797211 0.795765399932861 0.763262927532196 0.69232714176178 0.557479023933411 0.601088285446167 0.3068767786026 0.169113457202911 0.194649145007133 0.259176075458527 0.211134865880013 0.180670902132988 0.285949468612671 0.166849792003632 0.153186723589897 0.102868400514126 0.0756845772266388 0.0674443542957306 0.0660937204957008 0.0708821341395378 0.0738827288150787 0.0816128626465797 0.0917436853051186 0.107269637286663 0.130357310175896 0.135351434350014 0.172894507646561 0.256688237190247 0.328370839357376 0.323456674814224 0.178580403327942 0.0822311341762543 0.0435103252530098 0.0337531939148903 0.0116733638569713
0.130821511149406 0.445152521133423 0.519104182720184 0.531735301017761 0.510703444480896 0.79085099697113 0.77932596206665 0.622457206249237 0.455454260110855 0.441181719303131 0.270823955535889 0.324592143297195 0.229948759078979 0.16904790699482 0.233525410294533 0.244670391082764 0.173050880432129 0.199637487530708 0.129380688071251 0.0888950750231743 0.0692608505487442 0.0633437186479568 0.0635837316513062 0.0747477114200592 0.0769204199314117 0.0833303183317184 0.0953943058848381 0.126489907503128 0.147696554660797 0.16919182240963 0.216829210519791 0.307802140712738 0.28869754076004 0.272954136133194 0.155203461647034 0.0341028720140457 0.0169787742197514 0.0103745693340898
0.132065027952194 0.375231593847275 0.528354644775391 0.531150758266449 0.529027104377747 0.786762118339539 0.734256088733673 0.688061654567719 0.55233508348465 0.593375205993652 0.520560145378113 0.531219959259033 0.464527040719986 0.233244627714157 0.234663382172585 0.309592097997665 0.303823560476303 0.257066965103149 0.133707582950592 0.121519036591053 0.0765159726142883 0.0640798434615135 0.065050907433033 0.0696642473340034 0.0816581919789314 0.091056227684021 0.101340770721436 0.135657846927643 0.165926992893219 0.178137943148613 0.197438940405846 0.265257805585861 0.300944149494171 0.256357133388519 0.1429792791605 0.0282516852021217 0.0164598468691111 0.0128236236050725
-3.4e+38 0.339203238487244 0.402242571115494 0.50388503074646 0.528588056564331 0.510788261890411 0.778371512889862 0.716391146183014 0.615172743797302 0.506939828395844 0.485310614109039 0.621220231056213 0.607069969177246 0.274247527122498 0.257626891136169 0.231490686535835 0.27490571141243 0.263703227043152 0.167126074433327 0.131631910800934 0.0786689892411232 0.0738585665822029 0.0698101073503494 0.0796314999461174 0.0888535901904106 0.104329265654087 0.124033227562904 0.144149512052536 0.170005574822426 0.189515173435211 0.194399937987328 0.21823650598526 0.279675215482712 0.217948690056801 0.238189592957497 0.11405286192894 0.0217731930315495 0.0132106766104698
-3.4e+38 -3.4e+38 0.27834290266037 0.37562683224678 0.490393996238708 0.522301614284515 0.49617063999176 0.754800021648407 0.679822027683258 0.56424868106842 0.573667287826538 0.507810294628143 0.541789710521698 0.451773703098297 0.423624098300934 0.309636622667313 0.260649025440216 0.220276638865471 0.275715798139572 0.120422199368477 0.097719818353653 0.0805683732032776 0.0849568843841553 0.0882118865847588 0.103823989629745 0.125277534127235 0.142455697059631 0.166553676128387 0.190772101283073 0.208025738596916 0.199983522295952 0.206764832139015 0.232958048582077 0.23744623363018 0.233570247888565 0.109027832746506 0.0415436439216137 0.0106361219659448
-339999999999999996123846586046231871488.000000000000000 -3.4e+38 -3.4e+38 -3.4e+38 0.41532701253891 0.507297575473785 0.493733614683151 0.475378394126892 0.715172827243805 0.64023220539093 0.581489622592926 0.585584938526154 0.577736914157867 0.541924715042114 0.507008671760559 0.378339260816574 0.33672434091568 0.279689818620682 0.298616975545883 0.344985812902451 0.113521583378315 0.0985395982861519 0.104681342840195 0.112964287400246 0.130557864904404 0.139586940407753 0.154266074299812 0.158868163824081 0.192052736878395 0.223434448242188 0.222012549638748 0.212943375110626 0.239427104592323 0.224238187074661 0.222055688500404 0.21003070473671 0.0882157310843468 0.0200151149183512
-3.4e+38 -3.4e+38 -3.4e+38 -3.4e+38 0.207650065422058 0.409142941236496 0.499523609876633 0.472760319709778 0.711253821849823 0.679379105567932 0.605561435222626 0.645141303539276 0.653840005397797 0.609690546989441 0.579678416252136 0.498612910509109 0.486341416835785 0.468474686145782 0.301610618829727 0.314242333173752 0.174865573644638 0.119220592081547 0.13356226682663 0.163607910275459 0.164863660931587 0.157884821295738 0.169974878430367 0.176002889871597 0.19232377409935 0.222791194915771 0.235713765025139 0.224307492375374 0.212864905595779 0.175379559397697 0.17784158885479 0.205491676926613 0.0413014702498913 0.0234090778976679
-3.4e+38 -3.4e+38 -3.4e+38 -3.4e+38 -3.4e+38 -3.4e+38 0.478062868118286 0.454479545354843 0.714446306228638 0.687874853610992 0.630216121673584 0.65057373046875 0.785036683082581 0.66863477230072 0.694773375988007 0.617340803146362 0.588172972202301 0.5918869972229 0.489421844482422 0.484410047531128 0.273319721221924 0.161247864365578 0.169648870825768 0.209251165390015 0.197625190019608 0.171129316091537 0.179759547114372 0.183461725711823 0.205104559659958 0.217572599649429 0.219818904995918 0.205899462103844 0.203872978687286 0.165796786546707 0.171224325895309 0.188819244503975 0.0860864296555519 0.0491910092532635
-3.4e+38 -3.4e+38 -3.4e+38 -3.4e+38 -3.4e+38 -3.4e+38 -3.4e+38 0.714122712612152 0.725282788276672 0.706508576869965 0.671567022800446 0.750739872455597 0.777320623397827 0.713040709495544 0.66101998090744 0.71709132194519 0.76033627986908 0.770253121852875 0.669220983982086 0.580408811569214 0.426804453134537 0.274397224187851 0.261620879173279 0.258010536432266 0.207685768604279 0.191899687051773 0.197953060269356 0.192585363984108 0.203022703528404 0.215686500072479 0.207552090287209 0.185624539852142 0.1316988915205 0.126407325267792 0.145478099584579 0.168580904603004 0.0837352126836777 0.0419786684215069
-3.4e+38 -3.4e+38 -3.4e+38 -3.4e+38 -3.4e+38 -3.4e+38 -3.4e+38 -3.4e+38 0.66491836309433 0.709114789962769 0.686387658119202 0.688552916049957 0.74004864692688 0.755823731422424 0.758396625518799 0.684983432292938 0.786755681037903 0.844427645206451 0.853646457195282 0.779472947120667 0.617049753665924 0.519602835178375 0.42765200138092 0.296162545681 0.248549088835716 0.208417192101479 0.207010939717293 0.213467851281166 0.223475098609924 0.221389502286911 0.195049732923508 0.161510467529297 0.107739724218845 0.0943823680281639 0.101247772574425 0.129895344376564 0.139783039689064 0.0755917727947235
-3.4e+38 -3.4e+38 -3.4e+38 -3.4e+38 -3.4e+38 -3.4e+38 -3.4e+38 -3.4e+38 -3.4e+38 0.687076389789581 0.736784219741821 0.757051348686218 0.780547440052032 0.769356548786163 0.768816471099854 0.782430291175842 0.818776905536652 0.878583788871765 0.886965095996857 0.890264987945557 0.83647221326828 0.713403701782227 0.513802528381348 0.339099526405334 0.262117058038712 0.203644186258316 0.195592254400253 0.200155347585678 0.225188955664635 0.219094604253769 0.182397499680519 0.144974797964096 0.120309382677078 0.0964097008109093 0.0698205232620239 0.0997702702879906 0.110372260212898 0.149492830038071
-3.4e+38 -3.4e+38 -3.4e+38 -3.4e+38 -3.4e+38 -3.4e+38 -3.4e+38 -3.4e+38 -3.4e+38 0.61233389377594 0.748114049434662 0.78228485584259 0.807716608047485 0.864485025405884 0.829530537128448 0.828277587890625 0.886649429798126 0.91290694475174 0.934548020362854 0.90269672870636 0.901344656944275 0.779525578022003 0.530910134315491 0.345281004905701 0.248824268579483 0.192178502678871 0.180704399943352 0.185134902596474 0.21485261619091 0.233772411942482 0.182048201560974 0.127337276935577 0.100428082048893 0.0771160423755646 0.0719790309667587 0.0920552015304565 0.149208411574364 0.101846516132355
-3.4e+38 -3.4e+38 -3.4e+38 -3.4e+38 -3.4e+38 -3.4e+38 -3.4e+38 -3.4e+38 0.441460579633713 0.537285149097443 0.719794750213623 0.790259838104248 0.840636312961578 0.863021373748779 0.902108788490295 0.909059047698975 0.90386164188385 0.911458969116211 0.931380808353424 0.918053984642029 0.893499851226807 0.80605560541153 0.558626353740692 0.34600505232811 0.20821450650692 0.160031914710999 0.143170461058617 0.148163571953773 0.15304571390152 0.169892847537994 0.136827141046524 0.101245053112507 0.0770688205957413 0.0663569495081902 0.0582273565232754 0.0735043361783028 0.105041414499283 0.129562050104141
-339999999999999996123846586046231871488.000000000000000 -3.4e+38 -3.4e+38 -3.4e+38 -3.4e+38 -3.4e+38 -3.4e+38 -3.4e+38 0.46743768453598 0.466526657342911 -3.4e+38 0.844973921775818 0.873749077320099 0.891220211982727 0.952551245689392 0.931610941886902 0.898084938526154 0.924956619739532 0.956559419631958 0.93707686662674 0.878024637699127 0.81585681438446 0.656425595283508 0.320052474737167 0.171516418457031 0.125162154436111 0.107024259865284 0.104126065969467 0.10373617708683 0.104702368378639 0.0981019511818886 0.0791020169854164 0.0610033310949802 0.0489997081458569 0.0445437394082546 0.0488436818122864 0.093647874891758 0.0961420089006424
-3.4e+38 -3.4e+38 -3.4e+38 -3.4e+38 -3.4e+38 -3.4e+38 -3.4e+38 -3.4e+38 -3.4e+38 -3.4e+38 -3.4e+38 -3.4e+38 0.801646709442139 0.90968656539917 0.880027592182159 0.883348643779755 0.854404747486115 0.893538534641266 0.95916473865509 0.946045100688934 0.922415018081665 0.89409077167511 0.725556552410126 0.388054728507996 0.180085867643356 0.127245932817459 0.0874619111418724 0.0843154266476631 0.0719292312860489 0.073024794459343 0.0648146197199821 0.058563869446516 0.0467491522431374 0.0408201143145561 0.0382456928491592 0.0418436750769615 0.0524520985782146 0.0672799348831177
-3.4e+38 -3.4e+38 -3.4e+38 -3.4e+38 -3.4e+38 -3.4e+38 -3.4e+38 -3.4e+38 -3.4e+38 -3.4e+38 -3.4e+38 -3.4e+38 -3.4e+38 -3.4e+38 0.633183598518372 0.568735301494598 0.532841980457306 0.787096917629242 0.915560781955719 0.927130281925201 0.920375287532806 0.774718761444092 0.639208376407623 0.471179813146591 0.239259004592896 0.126598969101906 0.0755136981606483 0.0647305175662041 0.0528587661683559 0.0566930845379829 0.0489753969013691 0.0488863475620747 0.0481843426823616 0.0417859740555286 0.0368256121873856 0.037585724145174 0.0394050851464272 0.0444795303046703
-3.4e+38 -3.4e+38 -3.4e+38 -3.4e+38 -3.4e+38 -3.4e+38 -3.4e+38 -3.4e+38 -3.4e+38 -3.4e+38 -3.4e+38 -3.4e+38 -3.4e+38 -3.4e+38 0.436780005693436 0.599754810333252 0.56752210855484 0.862466275691986 0.898786723613739 0.940335929393768 0.87955641746521 0.774633586406708 0.530229508876801 0.362172871828079 0.233554035425186 0.194526746869087 0.0865649953484535 0.0535747595131397 0.0452808775007725 0.0465881451964378 0.0439365841448307 0.0401774719357491 0.0455229729413986 0.0390399917960167 0.0379749052226543 0.0381702333688736 0.035966195166111 0.034900076687336
-3.4e+38 -3.4e+38 -3.4e+38 -3.4e+38 -3.4e+38 -3.4e+38 -3.4e+38 -3.4e+38 -3.4e+38 -3.4e+38 -3.4e+38 -3.4e+38 -3.4e+38 -3.4e+38 0.396133720874786 0.54543548822403 0.732257306575775 0.850902438163757 -3.4e+38 0.896386563777924 0.853735327720642 0.865922927856445 0.567083835601807 0.461643129587173 0.31884765625 0.325908660888672 0.177537366747856 0.0900004208087921 0.0531737580895424 0.0417101494967937 0.0421243794262409 0.0418432056903839 0.0412343516945839 0.0366552285850048 0.0345440022647381 0.0358760394155979 0.0360500440001488 0.0334758497774601
-3.4e+38 -3.4e+38 -3.4e+38 -3.4e+38 -3.4e+38 -3.4e+38 -3.4e+38 -3.4e+38 -3.4e+38 -3.4e+38 -3.4e+38 -3.4e+38 -3.4e+38 -3.4e+38 0.403486877679825 0.703320384025574 0.763464570045471 0.91606467962265 0.899947702884674 0.831512987613678 0.737377226352692 0.658516049385071 0.680943608283997 0.682740032672882 0.504929423332214 0.36766529083252 0.300591737031937 0.197187528014183 0.105439700186253 0.0587761513888836 0.0445997640490532 0.0372979864478111 0.035591147840023 0.0331856422126293 0.0301417540758848 0.0314720533788204 0.032562293112278 0.0025362498126924
-3.4e+38 -3.4e+38 -3.4e+38 -3.4e+38 -3.4e+38 -3.4e+38 -3.4e+38 -3.4e+38 -3.4e+38 -3.4e+38 -3.4e+38 -3.4e+38 -3.4e+38 -3.4e+38 -3.4e+38 0.450350493192673 0.815860450267792 0.899601876735687 0.907833278179169 0.786761343479156 0.672714293003082 0.629393815994263 0.710626304149628 0.690374493598938 0.590913534164429 0.427817016839981 0.337011635303497 0.250570803880692 0.184441700577736 0.0860266089439392 0.0522780828177929 0.0379306487739086 0.0312497615814209 0.0290832296013832 0.0260621719062328 0.0279319994151592 0.0022672105114907 0.00234232773073018
-3.4e+38 -3.4e+38 -3.4e+38 -3.4e+38 -3.4e+38 -3.4e+38 -3.4e+38 -3.4e+38 -3.4e+38 -3.4e+38 -3.4e+38 -3.4e+38 -3.4e+38 -3.4e+38 -3.4e+38 0.446493148803711 0.706027209758759 0.905713975429535 0.887447714805603 0.889235556125641 0.747028708457947 0.642078578472137 0.533267438411713 0.725391268730164 0.626553952693939 0.492127895355225 0.348507672548294 0.262406140565872 0.202441394329071 0.112648077309132 0.0578364990651608 0.0367183238267899 0.028746485710144 0.00205664313398302 0.00167413498274982 0.00186877395026386 0.00193086266517639 0.0022542136721313
