data/climate_estimation/maxent_output/Calochortus_vestae.asc
NCOLS 63 
NROWS 64 
XLLCORNER -123.75 
YLLCORNER 35.75 
CELLSIZE 0.0833333333333333 
NODATA_value -3.4e+38 
[rows 42 to 62 of 64, columns 0 to 45 of 63]
-3.4e+38 -3.4e+38 -3.4e+38 -3.4e+38 -3.4e+38 -3.4e+38 -3.4e+38 -3.4e+38 -3.4e+38 -3.4e+38 -3.4e+38 -3.4e+38 -3.4e+38 -3.4e+38 0.0137506993487477 0.0580168217420578 0.0469195432960987 0.0699388533830643 0.0932479128241539 0.0618501007556915 0.0425339266657829 0.04739910364151 0.127850666642189 0.176292836666107 0.173805445432663 0.144277170300484 0.140198826789856 0.10093280673027 0.0510516166687012 0.0202651098370552 0.0132583267986774 0.0120766814798117 0.0117779830470681 0.0119196269661188 0.0117244366556406 0.0126913459971547 0.0145083395764232 0.00286469259299338 0.0031415328849107 0.00337568297982216 0.00363956275396049 0.034640658646822 0.0885248780250549 0.275440156459808 0.535768389701843 0.621353447437286
-3.4e+38 -3.4e+38 -3.4e+38 -3.4e+38 -3.4e+38 -3.4e+38 -3.4e+38 -3.4e+38 -3.4e+38 -3.4e+38 -3.4e+38 -3.4e+38 -3.4e+38 -3.4e+38 -3.4e+38 0.0133456895127892 0.080480732023716 0.119556754827499 0.104749783873558 0.0563013218343258 0.0319402515888214 0.0323160514235497 0.114213645458221 0.168903574347496 0.209915772080421 0.166625335812569 0.156112000346184 0.12944720685482 0.103137396275997 0.0398797877132893 0.0190266184508801 0.0121599528938532 0.0110527062788606 0.0102055557072163 0.00997408665716648 0.0102283069863915 0.00219392846338451 0.00252474891021848 0.00280746282078326 0.00310691725462675 0.00382738094776869 0.00390886655077338 0.0434167496860027 0.0920057520270348 0.219690069556236 0.213622778654099
-3.4e+38 -3.4e+38 -3.4e+38 -3.4e+38 -3.4e+38 -3.4e+38 -3.4e+38 -3.4e+38 -3.4e+38 -3.4e+38 -3.4e+38 -3.4e+38 -3.4e+38 -3.4e+38 -3.4e+38 0.0154668493196368 0.0524341464042664 0.285170465707779 0.190930187702179 0.124688439071178 0.053882572799921 0.0403501056134701 0.0415409058332443 0.170103713870049 0.242320775985718 0.195702463388443 0.139876395463943 0.1104376912117 0.102180302143097 0.0561043433845043 0.0250248555094004 0.01292959228158 0.0109891286119819 0.00169901864137501 0.00164315535221249 0.00174131453968585 0.0019831801764667 0.00225047278217971 0.00245691742748022 0.00253956089727581 0.00274195778183639 0.0026953334454447 0.00342799257487059 0.0321986339986324 0.0778789669275284 0.181133627891541
-3.4e+38 -3.4e+38 -3.4e+38 -3.4e+38 -3.4e+38 -3.4e+38 -3.4e+38 -3.4e+38 -3.4e+38 -3.4e+38 -3.4e+38 -3.4e+38 -3.4e+38 -3.4e+38 -3.4e+38 -3.4e+38 0.0178094301372766 0.111819922924042 0.445271104574203 0.605545580387115 0.225300058722496 0.101569540798664 0.0724552273750305 0.0994558483362198 0.218369886279106 0.211191073060036 0.16610187292099 0.110031485557556 0.0734794139862061 0.0538031458854675 0.0270567759871483 0.0136596793308854 0.00180084106978029 0.00167385023087263 0.00142986536957324 0.00155333895236254 0.00165250338613987 0.00189291266724467 0.00214432599022985 0.0022075017914176 0.00217107823118567 0.00218758243136108 0.00223822938278317 0.00303675560280681 0.00562080228701234 0.0370052717626095
-3.4e+38 -3.4e+38 -3.4e+38 -3.4e+38 -3.4e+38 -3.4e+38 -3.4e+38 -3.4e+38 -3.4e+38 -3.4e+38 -3.4e+38 -3.4e+38 -3.4e+38 -3.4e+38 -3.4e+38 -3.4e+38 0.0188934076577425 0.120366707444191 0.454710602760315 0.609211981296539 0.707775473594666 0.430882573127747 0.328882962465286 0.18495275080204 0.194298848509789 0.157263055443764 0.178642556071281 0.104787588119507 0.0536015927791595 0.0546437539160252 0.0317501686513424 0.015629917383194 0.0104997521266341 0.00150149315595627 0.00130666210316122 0.0012746803695336 0.00131988513749093 0.00151734752580523 0.00169485458172858 0.00174079136922956 0.00175194768235087 0.00179844792000949 0.00183617533184588 0.00186040054541081 0.00238758185878396 0.00307764322496951
-3.4e+38 -3.4e+38 -3.4e+38 -3.4e+38 -3.4e+38 -3.4e+38 -3.4e+38 -3.4e+38 -3.4e+38 -3.4e+38 -3.4e+38 -3.4e+38 -3.4e+38 -3.4e+38 -3.4e+38 -3.4e+38 0.029694888740778 0.104110106825829 0.256000399589539 0.486726254224777 0.558439135551453 0.685284197330475 0.688543915748596 0.44468292593956 0.152957484126091 0.12030878663063 0.138916790485382 0.113868959248066 0.0571672320365906 0.0502841211855412 0.0419197268784046 0.017418323084712 0.0100882211700082 0.00142563926056027 0.0011367624392733 0.00108681479468942 0.00109038560185581 0.00119717989582568 0.0012881375150755 0.00135497970040888 0.00138300703838468 0.00141909637022763 0.00144799111876637 0.00142340129241347 0.00154820620082319 0.00184182776138186
-339999999999999996123846586046231871488.000000000000000 -3.4e+38 -3.4e+38 -3.4e+38 -3.4e+38 -3.4e+38 -3.4e+38 -3.4e+38 -3.4e+38 -3.4e+38 -3.4e+38 -3.4e+38 -3.4e+38 -3.4e+38 -3.4e+38 -3.4e+38 -3.4e+38 0.0614786483347416 0.171692192554474 0.351285994052887 0.290946453809738 0.293091624975204 0.524595022201538 0.419257044792175 0.238498494029045 0.0771491155028343 0.0651324391365051 0.0765030384063721 0.0523845218122005 0.0441364720463753 0.0324732176959515 0.0161817539483309 0.0111841317266226 0.00746557535603642 0.000993088120594621 0.000961655227001756 0.000946530024521053 0.00102784903720021 0.00100410950835794 0.00105550035368651 0.00110778689850122 0.00110529572702944 0.0010979559738189 0.00112976797390729 0.00114939245395362 0.00121923163533211
-3.4e+38 -3.4e+38 -3.4e+38 -3.4e+38 -3.4e+38 -3.4e+38 -3.4e+38 -3.4e+38 -3.4e+38 -3.4e+38 -3.4e+38 -3.4e+38 -3.4e+38 -3.4e+38 -3.4e+38 -3.4e+38 -3.4e+38 -3.4e+38 0.0566803514957428 0.110595680773258 0.0971646830439568 0.0788424238562584 0.0789802223443985 0.0489961318671703 0.103756621479988 0.137166604399681 0.0479681231081486 0.0480998270213604 0.0451557897031307 0.0350210256874561 0.0465840958058834 0.0210769027471542 0.0111480234190822 0.00759015511721373 0.00612870883196592 0.0009177639731206 0.000873027893248945 0.000847735325805843 0.000880172883626074 0.000853663485031575 0.000886552152223885 0.000904600718058646 0.000919702055398375 0.000904234242625535 0.000920396647416055 0.00102043838705868
-3.4e+38 -3.4e+38 -3.4e+38 -3.4e+38 -3.4e+38 -3.4e+38 -3.4e+38 -3.4e+38 -3.4e+38 -3.4e+38 -3.4e+38 -3.4e+38 -3.4e+38 -3.4e+38 -3.4e+38 -3.4e+38 -3.4e+38 -3.4e+38 -3.4e+38 -3.4e+38 -3.4e+38 -3.4e+38 0.0245627425611019 0.0158519838005304 0.0189140718430281 0.0380142480134964 0.0314445979893208 0.036472462117672 0.0323688723146915 0.0307518672198057 0.0554728321731091 0.0440093986690044 0.0195137653499842 0.00897319335490465 0.00693730497732759 0.00524801108986139 0.000847197719849646 0.000773210660554469 0.000783861731179059 0.00077163043897599 0.000760837807320058 0.000745998229831457 0.00077280803816393 0.000786302261985838 0.000827352807391435 0.000869567971676588
-3.4e+38 -3.4e+38 -3.4e+38 -3.4e+38 -3.4e+38 -3.4e+38 -3.4e+38 -3.4e+38 -3.4e+38 -3.4e+38 -3.4e+38 -3.4e+38 -3.4e+38 -3.4e+38 -3.4e+38 -3.4e+38 -3.4e+38 -3.4e+38 -3.4e+38 -3.4e+38 -3.4e+38 -3.4e+38 -3.4e+38 0.00848830956965685 0.0106325978413224 0.0143133495002985 0.057709276676178 0.0527036413550377 0.0341764390468597 0.0216232929378748 0.0272191017866135 0.0389022827148438 0.0492744073271751 0.0557577162981033 0.00877220369875431 0.00531921954825521 0.000800415989942849 0.000773959909565747 0.000720471958629787 0.00070969364605844 0.000683987862430513 0.000694829330313951 0.00069052743492648 0.000703365891240537 0.000763277348596603 0.000820938323158771
-3.4e+38 -3.4e+38 -3.4e+38 -3.4e+38 -3.4e+38 -3.4e+38 -3.4e+38 -3.4e+38 -3.4e+38 -3.4e+38 -3.4e+38 -3.4e+38 -3.4e+38 -3.4e+38 -3.4e+38 -3.4e+38 -3.4e+38 -3.4e+38 -3.4e+38 -3.4e+38 -3.4e+38 -3.4e+38 -3.4e+38 0.00391159579157829 0.00355888530611992 0.00471956515684724 0.0244558472186327 0.139503449201584 0.0611051730811596 0.0274720545858145 0.0197949018329382 0.0330950766801834 0.0579462759196758 0.111800633370876 0.00961173046380281 0.0135195245966315 0.00580708216875792 0.000729839783161879 0.00068073847796768 0.000643619452603161 0.000628388021141291 0.000619069789536297 0.000636391749139875 0.000639208650682122 0.000671024259645492 0.000735445180907845
-3.4e+38 -3.4e+38 -3.4e+38 -3.4e+38 -3.4e+38 -3.4e+38 -3.4e+38 -3.4e+38 -3.4e+38 -3.4e+38 -3.4e+38 -3.4e+38 -3.4e+38 -3.4e+38 -3.4e+38 -3.4e+38 -3.4e+38 -3.4e+38 -3.4e+38 -3.4e+38 -3.4e+38 0.00605223700404167 0.00288543850183487 0.00615731533616781 0.00416705990210176 0.00301900110207498 0.00517490273341537 0.0191485621035099 0.093951404094696 0.0751121416687965 0.032359279692173 0.0326458178460598 0.0688420459628105 0.0315811596810818 0.0094519006088376 0.0116438716650009 0.00662446580827236 0.00470109283924103 0.000672037713229656 0.000639767444226891 0.000623740314040333 0.000575749028939754 0.000553572142962366 0.000589247792959213 0.000626351684331894 0.000666399369947612
-3.4e+38 -3.4e+38 -3.4e+38 -3.4e+38 -3.4e+38 -3.4e+38 -3.4e+38 -3.4e+38 -3.4e+38 -3.4e+38 -3.4e+38 -3.4e+38 -3.4e+38 -3.4e+38 -3.4e+38 -3.4e+38 -3.4e+38 -3.4e+38 -3.4e+38 -3.4e+38 -3.4e+38 0.00683421175926924 0.009994275867939 0.0149155268445611 0.021498054265976 0.0988152474164963 0.0117229633033276 0.00736337527632713 0.0304255820810795 0.0699329450726509 0.0504154749214649 0.0267800465226173 0.0614086650311947 0.120023466646671 0.0429481044411659 0.020662372931838 0.0139590865001082 0.0118148783221841 0.00644317641854286 0.000669744564220309 0.000602687417995185 0.000575871265027672 0.000555867794901133 0.000534728984348476 0.000575256010051817 0.000604905420914292
-3.4e+38 -3.4e+38 -3.4e+38 -3.4e+38 -3.4e+38 -3.4e+38 -3.4e+38 -3.4e+38 -3.4e+38 -3.4e+38 -3.4e+38 -3.4e+38 -3.4e+38 -3.4e+38 -3.4e+38 -3.4e+38 -3.4e+38 -3.4e+38 -3.4e+38 -3.4e+38 -3.4e+38 0.0190971661359072 0.0759427025914192 0.0801332667469978 0.0278590824455023 0.076872281730175 0.163408517837524 0.016335517168045 0.00900229532271624 0.0272504892200232 0.049517922103405 0.0229268446564674 0.027766402810812 0.0567883849143982 0.169084459543228 0.0824979320168495 0.0287649985402822 0.0452135354280472 0.0217492543160915 0.0052860090509057 0.00330641772598028 0.000562258122954518 0.000521471025422215 0.000501496717333794 0.000517872278578579 0.000550380616914481
-3.4e+38 -3.4e+38 -3.4e+38 -3.4e+38 -3.4e+38 -3.4e+38 -3.4e+38 -3.4e+38 -3.4e+38 -3.4e+38 -3.4e+38 -3.4e+38 -3.4e+38 -3.4e+38 -3.4e+38 -3.4e+38 -3.4e+38 -3.4e+38 -3.4e+38 -3.4e+38 -3.4e+38 -3.4e+38 0.0559993870556355 0.200485661625862 0.159186914563179 0.105068489909172 0.163524240255356 0.202495530247688 0.0302918720990419 0.00976899545639753 0.0141147831454873 0.0179021768271923 0.0224347673356533 0.0301505140960217 0.128271877765656 0.155447602272034 0.419637501239777 0.393494695425034 0.0819795951247215 0.0128445038571954 0.00417613843455911 0.00308752572163939 0.00284403306432068 0.00277278409339488 0.000468064099550247 0.000482541538076475
-3.4e+38 -3.4e+38 -3.4e+38 -3.4e+38 -3.4e+38 -3.4e+38 -3.4e+38 -3.4e+38 -3.4e+38 -3.4e+38 -3.4e+38 -3.4e+38 -3.4e+38 -3.4e+38 -3.4e+38 -3.4e+38 -3.4e+38 -3.4e+38 -3.4e+38 -3.4e+38 -3.4e+38 -3.4e+38 0.0444120280444622 0.0803620740771294 0.175395414233208 0.303732246160507 0.265682697296143 0.0545518919825554 0.0571289397776127 0.0148970894515514 0.00194641365669668 0.0143805304542184 0.0184006467461586 0.0173973813652992 0.0406205989420414 0.21597321331501 0.238566771149635 0.230040729045868 0.16601474583149 0.121136143803596 0.0194083005189896 0.00334788393229246 0.0026783412322402 0.00250686286017299 0.000432042317697778 0.00041415254236199
-3.4e+38 -3.4e+38 -3.4e+38 -3.4e+38 -3.4e+38 -3.4e+38 -3.4e+38 -3.4e+38 -3.4e+38 -3.4e+38 -3.4e+38 -3.4e+38 -3.4e+38 -3.4e+38 -3.4e+38 -3.4e+38 -3.4e+38 -3.4e+38 -3.4e+38 -3.4e+38 -3.4e+38 -3.4e+38 -3.4e+38 0.0530796758830547 0.0773397982120514 0.184415400028229 0.101199425756931 0.0876008197665215 0.134913817048073 0.033983651548624 0.022184282541275 0.00177263584919274 0.00254743872210383 0.018904784694314 0.019765343517065 0.0519817024469376 0.135642498731613 0.144045189023018 0.0567988082766533 0.0105046024546027 0.00434225611388683 0.00307420059107244 0.00232162326574326 0.002225840697065 0.00213024066761136 0.000388451036997139
-3.4e+38 -3.4e+38 -3.4e+38 -3.4e+38 -3.4e+38 -3.4e+38 -3.4e+38 -3.4e+38 -3.4e+38 -3.4e+38 -3.4e+38 -3.4e+38 -3.4e+38 -3.4e+38 -3.4e+38 -3.4e+38 -3.4e+38 -3.4e+38 -3.4e+38 -3.4e+38 -3.4e+38 -3.4e+38 -3.4e+38 -3.4e+38 0.0199138447642326 0.0590845607221127 0.147135555744171 0.152328610420227 0.14954149723053 0.090162068605423 0.0347576998174191 0.00220764032565057 0.00180658488534391 0.00222695874981582 0.0153173506259918 0.0248887576162815 0.0730600357055664 0.101731486618519 0.0448637083172798 0.0146442512050271 0.00394804775714874 0.00264641875401139 0.00223330873996019 0.00189573725219816 0.00177937978878617 0.00035558344097808
-3.4e+38 -3.4e+38 -3.4e+38 -3.4e+38 -3.4e+38 -3.4e+38 -3.4e+38 -3.4e+38 -3.4e+38 -3.4e+38 -3.4e+38 -3.4e+38 -3.4e+38 -3.4e+38 -3.4e+38 -3.4e+38 -3.4e+38 -3.4e+38 -3.4e+38 -3.4e+38 -3.4e+38 -3.4e+38 -3.4e+38 -3.4e+38 -3.4e+38 0.00653408048674464 0.0615777671337128 0.149618715047836 0.0668094828724861 0.0277395844459534 0.0243102516978979 0.0368081331253052 0.0202415324747562 0.00207194103859365 0.00225969683378935 0.019786786288023 0.0420902222394943 0.0713510662317276 0.126480475068092 0.0273541063070297 0.00835551600903273 0.00507659930735826 0.00297446572221816 0.00302977859973907 0.00218066782690585 0.000318674196023494
-3.4e+38 -3.4e+38 -3.4e+38 -3.4e+38 -3.4e+38 -3.4e+38 -3.4e+38 -3.4e+38 -3.4e+38 -3.4e+38 -3.4e+38 -3.4e+38 -3.4e+38 -3.4e+38 -3.4e+38 -3.4e+38 -3.4e+38 -3.4e+38 -3.4e+38 -3.4e+38 -3.4e+38 -3.4e+38 -3.4e+38 -3.4e+38 -3.4e+38 -3.4e+38 -3.4e+38 0.0352186299860477 0.0691849440336227 0.016754511743784 0.0104545829817653 0.00199611554853618 0.0265732668340206 0.0315830148756504 0.00240675779059529 0.017482815310359 0.0322140008211136 0.0385947152972221 0.0890494957566261 0.0810298174619675 0.198033913969994 0.0802229270339012 0.0111887035891414 0.00364081747829914 0.0028205590788275 0.00217664404772222
-3.4e+38 -3.4e+38 -3.4e+38 -3.4e+38 -3.4e+38 -3.4e+38 -3.4e+38 -3.4e+38 -3.4e+38 -3.4e+38 -3.4e+38 -3.4e+38 -3.4e+38 -3.4e+38 -3.4e+38 -3.4e+38 -3.4e+38 -3.4e+38 -3.4e+38 -3.4e+38 -3.4e+38 -3.4e+38 -3.4e+38 -3.4e+38 -3.4e+38 -3.4e+38 -3.4e+38 0.00565213663503528 0.056133259087801 0.038353256881237 0.00957553274929523 0.0119837177917361 0.00188099301885813 0.00281829037703574 0.0026687690988183 0.0025270467158407 0.0165638383477926 0.0293555222451687 0.0587793290615082 0.041944082826376 0.0244623981416225 0.0537022650241852 0.0199580751359463 0.0046791909262538 0.00283929402939975 0.00267716683447361
