data/climate_estimation/maxent_output/Calochortus_marcellae.asc
NCOLS 22 
NROWS 55 
XLLCORNER -100.833333333333 
YLLCORNER 21 
CELLSIZE 0.0833333333333331 
NODATA_value -3.4e+38 
[rows 0 to 38 of 55, columns 0 to 21 of 22]
0.136364072561264 0.5718594789505 0.966987013816833 0.976351499557495 0.355700492858887 0.114050827920437 0.38238325715065 0.0530601032078266 0.0203594379127026 0.0154186757281423 0.0138958068564534 0.0120157487690449 0.0144546525552869 0.0140903871506453 0.0140570644289255 0.0127713000401855 0.0127863325178623 0.0103540532290936 0.011823863722384 0.0137544460594654 0.0154254250228405 0.00764746405184269
0.264340132474899 0.943871796131134 0.964610576629639 0.99289745092392 0.997084438800812 0.969688832759857 0.69667512178421 0.0804553851485252 0.0191610679030418 0.012747585773468 0.0109863998368382 0.0117965713143349 0.0113200889900327 0.0130576556548476 0.0136415176093578 0.011670314706862 0.0114475088194013 0.010340909473598 0.0125656491145492 0.0128140430897474 0.0149635244160891 0.0159189403057098
0.592555642127991 0.888977408409119 0.960222542285919 0.982124030590057 0.997000753879547 0.99627822637558 0.915262699127197 0.493345558643341 0.0326122306287289 0.0271233674138784 0.0113954478874803 0.0130894361063838 0.011006249114871 0.0141511531546712 0.0169500950723886 0.0155948912724853 0.0117323864251375 0.0114537961781025 0.0119389649480581 0.0131812868639827 0.0137018701061606 0.0200637169182301
0.251648128032684 0.536633610725403 0.884943664073944 0.990147829055786 0.981579780578613 0.984978973865509 0.989631175994873 0.953694343566895 0.171849995851517 0.0209444891661406 0.0137011427432299 0.0121098682284355 0.0131658241152763 0.0151467053219676 0.0178474746644497 0.0189838334918022 0.0137568265199661 0.0133041283115745 0.0121389282867312 0.0135707706212997 0.0215701330453157 0.0158310849219561
0.32233664393425 0.429240792989731 0.797809064388275 0.979069173336029 0.981508731842041 0.920621693134308 0.955017328262329 0.925768136978149 0.817178845405579 0.177231058478355 0.0248287636786699 0.0164000652730465 0.0149509627372026 0.0157875083386898 0.0197294224053621 0.0223097503185272 0.0264220554381609 0.0189332459121943 0.0169540252536535 0.0162230059504509 0.0162176955491304 0.0205739997327328
0.233167231082916 0.336811244487762 0.592334151268005 0.945799946784973 0.980988681316376 0.963554799556732 0.921626508235931 0.935910165309906 0.870689272880554 0.692481577396393 0.122383370995522 0.0311779864132404 0.0217929817736149 0.025351520627737 0.0258332118391991 0.0253213588148355 0.0334102362394333 0.0345962531864643 0.031231053173542 0.0320625938475132 0.0251070037484169 0.0232455991208553
0.169938370585442 0.231200397014618 0.258861869573593 0.518262326717377 0.900753140449524 0.942757725715637 0.902674078941345 0.899218857288361 0.734285891056061 0.739169180393219 0.610385954380035 0.0962026193737984 0.039352472871542 0.0281833875924349 0.0276995953172445 0.0298162046819925 0.0315448269248009 0.0386988930404186 0.0365907549858093 0.0328614488244057 0.0278564002364874 0.0223917383700609
0.576741933822632 0.347947627305984 0.461068421602249 0.38152676820755 0.474058598279953 0.88872879743576 0.899316489696503 0.805170595645905 0.861669421195984 0.837955892086029 0.863842368125916 0.290887236595154 0.0553000383079052 0.0353890396654606 0.0298217870295048 0.029958613216877 0.037896204739809 0.0419768765568733 0.0407737009227276 0.0396264865994453 0.035001203417778 0.028589079156518
0.551351070404053 0.33104008436203 0.536453485488892 0.651611328125 0.404092639684677 0.266114115715027 0.833504199981689 0.791777312755585 0.745024025440216 0.893823862075806 0.860660314559937 0.893375635147095 0.162422880530357 0.043881643563509 0.0357403755187988 0.0340282693505287 0.035852637141943 0.0460300296545029 0.0498606078326702 0.0551139377057552 0.0497295334935188 0.0428865291178226
0.742017805576324 0.614257276058197 0.518785297870636 0.692659318447113 0.719149589538574 0.3857781291008 0.432265430688858 0.822012484073639 0.711892664432526 0.862770736217499 0.889475286006927 0.924873352050781 0.553107142448425 0.0675403401255608 0.0451891683042049 0.040666151791811 0.0452875569462776 0.0588716901838779 0.06034205108881 0.0716489776968956 0.0946304723620415 0.0761256143450737
0.658947646617889 0.871002495288849 0.693007409572601 0.61798357963562 0.596715688705444 0.707996010780334 0.469172954559326 0.776401519775391 0.855286836624146 0.9064040184021 0.938912451267242 0.959294378757477 0.912688016891479 0.15020889043808 0.0586456395685673 0.0414562411606312 0.0499068722128868 0.0668341442942619 0.0588378980755806 0.0661050826311111 0.135400652885437 0.141968324780464
0.356598198413849 0.46073117852211 0.806228041648865 0.756507813930511 0.488731175661087 0.716912269592285 0.727785289287567 0.769176065921783 0.876533329486847 0.905991315841675 0.955676019191742 0.967391192913055 0.78255820274353 0.345522344112396 0.0697716325521469 0.050075601786375 0.0579175017774105 0.0913944393396378 0.086247943341732 0.0955436453223228 0.208937272429466 0.189779669046402
0.101505689322948 0.102486863732338 0.0867536664009094 0.149430558085442 0.279014021158218 0.385498642921448 0.79683393239975 0.882133960723877 0.932718634605408 0.932136297225952 0.907289326190948 0.982160031795502 0.882930874824524 0.609350860118866 0.0912656635046005 0.0543389618396759 0.0649274438619614 0.0531644970178604 0.0710011348128319 0.116243280470371 0.110176376998425 0.139112651348114
0.038243256509304 0.0655563175678253 0.0505484119057655 0.0595087446272373 0.110868833959103 0.291254580020905 0.524856090545654 0.922153294086456 0.968798041343689 0.957853198051453 0.897672593593597 0.896377623081207 0.980337738990784 0.814436256885529 0.458188235759735 0.0788444131612778 0.0798099115490913 0.0655509456992149 0.0716668739914894 0.0762833505868912 0.0865413397550583 0.0948790013790131
0.048123963177204 0.0517330095171928 0.0664965137839317 0.0602075159549713 0.109785057604313 0.235933497548103 0.660301387310028 0.516782760620117 0.942114055156708 0.986155986785889 0.989178359508514 0.995328426361084 0.976096272468567 0.757795453071594 0.316218107938766 0.106593243777752 0.112152971327305 0.155613228678703 0.0589659214019775 0.0508274063467979 0.0661929324269295 0.0594435185194016
0.053958136588335 0.050080195069313 0.0787898972630501 0.0833360925316811 0.120823599398136 0.21103809773922 0.430296301841736 0.336151540279388 0.531353056430817 0.982570052146912 0.995628774166107 0.993678271770477 0.971371173858643 0.818763017654419 0.489146858453751 0.104162983596325 0.0833405777812004 0.105162344872952 0.0672445744276047 0.0685641467571259 0.0584852769970894 0.0575030446052551
0.055524967610836 0.0945805981755257 0.19219097495079 0.152540668845177 0.215907946228981 0.179066002368927 0.181779518723488 0.363388210535049 0.459189176559448 0.967197299003601 0.995960831642151 0.991783916950226 0.955925226211548 0.737950384616852 0.244401499629021 0.0932079255580902 0.0598993748426437 0.0865601450204849 0.0540133565664291 0.0581829287111759 0.0551909692585468 0.0457589291036129
0.069191038608551 0.181734204292297 0.348139375448227 0.313104718923569 0.247219532728195 0.194053649902344 0.175857692956924 0.327700614929199 0.509614884853363 0.945017755031586 0.994398295879364 0.926570475101471 0.835629999637604 0.741091251373291 0.481736123561859 0.177456319332123 0.152699127793312 0.0914736464619637 0.0410242155194283 0.0399461314082146 0.037380076944828 0.031909741461277
0.126519545912743 0.392013877630234 0.375719875097275 0.34666833281517 0.457887530326843 0.371060609817505 0.438461184501648 0.615350008010864 0.502423763275146 0.932048141956329 0.992040574550629 0.980429530143738 0.945130348205566 0.884396374225616 0.612497627735138 0.454717874526978 0.420060247182846 0.153280660510063 0.0317682437598705 0.0316656790673733 0.0791541934013367 0.0698933303356171
0.146256431937218 0.163748770952225 0.569058656692505 0.571992456912994 0.467268973588943 0.365429043769836 0.807724237442017 0.861006319522858 0.758314549922943 0.908605694770813 0.998847007751465 0.996664941310883 0.988042652606964 0.954382121562958 0.829655110836029 0.515657126903534 0.468629002571106 0.173995986580849 0.0323050692677498 0.0275209341198206 0.0253040455281734 0.0601163320243359
0.684757053852081 0.745279788970947 0.725786685943604 0.576396703720093 0.69759476184845 0.46743968129158 0.819988369941711 0.939439952373505 0.853225231170654 0.911928057670593 0.998466849327087 0.965388119220734 0.909586906433105 0.861476063728333 0.896557509899139 0.693561375141144 0.630652546882629 0.483262449502945 0.0923886001110077 0.0302580613642931 0.0277905818074942 0.0268734656274319
0.562768280506134 0.900211215019226 0.758951902389526 0.72095912694931 0.658872902393341 0.753813326358795 0.732486546039581 0.965954899787903 0.838712692260742 0.794918119907379 0.937510848045349 0.943113923072815 0.940488398075104 0.991400361061096 0.960453152656555 0.80498605966568 0.703332185745239 0.588018715381622 0.185267388820648 0.0796307027339935 0.0238111466169357 0.0228425804525614
0.378905564546585 0.527207970619202 0.625417649745941 0.628113448619843 0.651599287986755 0.704625964164734 0.711760938167572 0.902507126331329 0.767911195755005 0.611661016941071 0.716518640518188 0.986055910587311 0.958438336849213 0.914063096046448 0.984636545181274 0.9251868724823 0.609010100364685 0.551662027835846 0.599989414215088 0.0818729028105736 0.0316285043954849 0.0292848460376263
0.2594054043293 0.50014990568161 0.346014529466629 0.362284749746323 0.703661620616913 0.835947394371033 0.894979119300842 0.884523034095764 0.810066521167755 0.729608058929443 0.445005118846893 0.88025164604187 0.950534045696259 0.924357891082764 0.992563724517822 0.960900247097015 0.482006758451462 0.0960566401481628 0.208821147680283 0.17512908577919 0.0491107851266861 0.0404534749686718
0.1770358979702 0.352387964725494 0.125103414058685 0.180909305810928 0.661735832691193 0.623691380023956 0.576621055603027 0.615394294261932 0.65740042924881 0.527305006980896 0.47304567694664 0.58739846944809 0.965415716171265 0.980820298194885 0.992226600646973 0.982786178588867 0.546215116977692 0.234076768159866 0.206392630934715 0.505323946475983 0.106977760791779 0.0500113852322102
0.0465969517827034 0.0974750518798828 0.0578730665147305 0.215350493788719 0.596499621868134 0.434786051511765 0.502369463443756 0.509016811847687 0.46375235915184 0.386150389909744 0.435168772935867 0.793638408184052 0.948935329914093 0.721415817737579 0.979920208454132 0.758285880088806 0.575950145721436 0.219286575913429 0.143216997385025 0.200974687933922 0.148705467581749 0.0581785961985588
0.0146697694435716 0.0839796736836433 0.0179234612733126 0.0410043448209763 0.463667571544647 0.4384685754776 0.538983643054962 0.276778757572174 0.318350702524185 0.317628294229507 0.32002255320549 0.263546049594879 0.795768797397614 0.67636376619339 0.918619573116302 0.782678663730621 0.596461713314056 0.292771071195602 0.658388197422028 0.310564190149307 0.142171293497086 0.1112040579319
0.0166554227471352 0.0140477642416954 0.0145329432561994 0.0148362945765257 0.261891722679138 0.25774285197258 0.445063322782516 0.121809735894203 0.137340247631073 0.411117792129517 0.34192368388176 0.254758715629578 0.433668106794357 0.636810064315796 0.913366556167603 0.762921452522278 0.623046576976776 0.706465780735016 0.824832618236542 0.59443873167038 0.235204115509987 0.155109122395515
0.025393528863788 0.0171921737492085 0.0173298437148333 0.0188007559627295 0.071162261068821 0.204937845468521 0.197545632719994 0.0596064999699593 0.177652448415756 0.343379229307175 0.562700808048248 0.293135464191437 0.252909868955612 0.655733466148376 0.940714418888092 0.745041966438293 0.862999856472015 0.722949147224426 0.77269172668457 0.480171769857407 0.147556573152542 0.103257544338703
0.0424190275371075 0.0127923004329205 0.0514100454747677 0.0441704466938972 0.0408124476671219 0.290009766817093 0.394912660121918 0.0727426260709763 0.087019719183445 0.411416977643967 0.561809837818146 0.48691737651825 0.215044930577278 0.645443439483643 0.928974509239197 0.759254932403564 0.844839751720428 0.679227828979492 0.783344507217407 0.549581468105316 0.0172686520963907 0.050553560256958
0.0439173504710197 0.0462132915854454 0.123632699251175 0.0483571924269199 0.0455584600567818 0.209643647074699 0.264293491840363 0.102769784629345 0.0890158638358116 0.114204756915569 0.496240109205246 0.335851609706879 0.260137557983398 0.622408509254456 0.823535084724426 0.858981668949127 0.550471186637878 0.516806066036224 0.76381653547287 0.384684383869171 0.0155713064596057 0.0137351620942354
0.0269793551415205 0.021405266597867 0.0191432032734156 0.0649427399039268 0.104461796581745 0.105725295841694 0.238231211900711 0.0938051640987396 0.0397748239338398 0.0464007891714573 0.233154505491257 0.304361075162888 0.192233756184578 0.328003644943237 0.884035229682922 0.822530210018158 0.105011805891991 0.10860612988472 0.195992678403854 0.056565135717392 0.00704871630296111 0.0106216408312321
0.0709285214543343 0.0151783311739564 0.0199032742530107 0.0153832333162427 0.124737240374088 0.456040143966675 0.188274815678596 0.0824696496129036 0.0331836380064487 0.0433946326375008 0.120489969849586 0.225587710738182 0.131403714418411 0.304677188396454 0.811814188957214 0.484921365976334 0.00533427391201258 0.0151034770533442 0.0304243266582489 0.00912211090326309 0.00910423882305622 0.0160576738417149
0.227410197257996 0.0837875530123711 0.0680916607379913 0.056708961725235 0.0561569854617119 0.768111407756805 0.246362954378128 0.274854898452759 0.0363724865019321 0.0705066323280334 0.0760856792330742 0.119061045348644 0.165648132562637 0.330428808927536 0.49479067325592 0.293706923723221 0.00579103641211987 0.00596401048824191 0.0101542277261615 0.0189121682196856 0.023657800629735 0.0307537037879229
0.243201076984406 0.397901654243469 0.0961947292089462 0.098695807158947 0.289482444524765 0.932570278644562 0.954123437404633 0.516679465770721 0.127067103981972 0.130395501852036 0.112908504903316 0.171236231923103 0.227394908666611 0.409653782844543 0.703900039196014 0.343397229909897 0.0155853359028697 0.00757609028369188 0.0129029722884297 0.015214859507978 0.0171199087053537 0.0134286005049944
0.281596660614014 0.387218564748764 0.42917075753212 0.311387866735458 0.453944385051727 0.533227741718292 0.425881862640381 0.833179712295532 0.2154321372509 0.142638027667999 0.205459475517273 0.260554283857346 0.351035207509995 0.469864726066589 0.623806595802307 0.180954694747925 0.0278826635330915 0.00817387457937002 0.0171824581921101 0.010056640021503 0.0175561718642712 0.0099885007366538
0.667243778705597 0.441120147705078 0.721962213516235 0.957277894020081 0.630677819252014 0.40549236536026 0.59100216627121 0.65185534954071 0.460347890853882 0.231320574879646 0.218421399593353 0.178985998034477 0.365304559469223 0.471803307533264 0.435245841741562 0.315528720617294 0.0206340122967958 0.0094041470438242 0.0164662431925535 0.0224543027579784 0.0155023522675037 0.0114735290408134
0.730222046375275 0.551614224910736 0.764580070972443 0.972174942493439 0.988386631011963 0.761776387691498 0.578087627887726 0.609135031700134 0.402348875999451 0.244080498814583 0.259062528610229 0.186949595808983 0.229894131422043 0.284936159849167 0.338817775249481 0.26148396730423 0.123623639345169 0.0176471751183271 0.0145618785172701 0.0221234224736691 0.0195008311420679 0.0171471554785967
0.644666314125061 0.754790544509888 0.766739845275879 0.990845441818237 0.981632709503174 0.864637315273285 0.783298134803772 0.815172493457794 0.310066848993301 0.219988226890564 0.227429553866386 0.127659901976585 0.160853549838066 0.209427997469902 0.158148095011711 0.288934737443924 0.0888803750276566 0.0356458127498627 0.0133548602461815 0.0164720714092255 0.0175716131925583 0.021696962416172
