data/climate_estimation/maxent_output/Calochortus_nitidus.asc
NCOLS 124 
NROWS 60 
XLLCORNER -122.75 
YLLCORNER 42.0833333333333 
CELLSIZE 0.0833333333333333 
NODATA_value -3.4e+38 
[rows 40 to 59 of 60, columns 44 to 87 of 124]
0.85936439037323 0.860287845134735 0.878910899162292 0.882185459136963 0.880237817764282 0.880383849143982 0.873164713382721 0.873993635177612 0.873660027980804 0.86206328868866 0.868238568305969 0.87575364112854 0.860513091087341 0.869111359119415 0.864210605621338 0.879237830638885 0.884895801544189 0.870147347450256 0.867238223552704 0.880842983722687 0.8951336145401 0.90607362985611 0.910755336284637 0.906576454639435 0.893925249576569 0.884666740894318 0.87519770860672 0.863478720188141 0.837770283222198 0.835450053215027 0.836649417877197 0.813034236431122 0.800504386425018 0.807927966117859 0.717960238456726 0.649405717849731 0.615407109260559 0.593959093093872 0.565680325031281 0.627359509468079 0.601987063884735 0.590051591396332 0.638282060623169 0.693277657032013
0.834012925624847 0.856972634792328 0.880529224872589 0.890781581401825 0.89046573638916 0.896083056926727 0.884405970573425 0.882642209529877 0.883288025856018 0.873521447181702 0.892400503158569 0.883292853832245 0.863149404525757 0.869508326053619 0.868237733840942 0.877395033836365 0.877320289611816 0.877320289611816 0.861385822296143 0.890635848045349 0.894548833370209 0.905574083328247 0.896106779575348 0.902389645576477 0.902927041053772 0.904900848865509 0.897976517677307 0.900225281715393 0.877853453159332 0.863840460777283 0.874396800994873 0.853400766849518 0.853739321231842 0.837640941143036 0.826073169708252 0.700495898723602 0.633449912071228 0.610991835594177 0.596014738082886 0.577626585960388 0.569797158241272 0.614691078662872 0.708998799324036 0.740670561790466
0.848001837730408 0.871620118618011 0.892641365528107 0.901860356330872 0.900595486164093 0.899160385131836 0.886072933673859 0.887653112411499 0.891057789325714 0.88496059179306 0.896662771701813 0.876407325267792 0.890389800071716 0.889675617218018 0.878156363964081 0.888267815113068 0.876379787921906 0.87659478187561 0.899610817432404 0.912712574005127 0.916417837142944 0.889860212802887 0.887946605682373 0.920851469039917 0.908271491527557 0.90587192773819 0.916950821876526 0.910122275352478 0.910961389541626 0.889427602291107 0.898601055145264 0.87809818983078 0.88039243221283 0.853821635246277 0.829701960086823 0.786632001399994 0.683339953422546 0.62738025188446 0.607290387153625 0.589448273181915 0.565807700157166 0.58012729883194 0.617420017719269 0.670314073562622
0.892406225204468 0.894115507602692 0.902766764163971 0.92021507024765 0.910417854785919 0.926882266998291 0.906191468238831 0.902228176593781 0.904080271720886 0.908453345298767 0.906852722167969 0.893708944320679 0.890653669834137 0.886312007904053 0.888729989528656 0.891577959060669 0.897267997264862 0.899821698665619 0.899823129177094 0.908429980278015 0.915928721427917 0.912006258964539 0.900549173355103 0.914761006832123 0.88365763425827 0.908569633960724 0.912905633449554 0.927620708942413 0.919036209583282 0.917600870132446 0.909601628780365 0.899799406528473 0.890845239162445 0.870238780975342 0.854235410690308 0.802314341068268 0.716099798679352 0.673651695251465 0.628046035766602 0.60098272562027 0.592628121376038 0.551676392555237 0.584255397319794 0.66081041097641
0.911792993545532 0.915335118770599 0.916944265365601 0.915795683860779 0.922816634178162 0.922269642353058 0.917811989784241 0.917255163192749 0.910621702671051 0.907538533210754 0.905121505260468 0.901426076889038 0.899997770786285 0.896747469902039 0.889370918273926 0.90602433681488 0.896372377872467 0.904563128948212 0.895380139350891 0.91912841796875 0.919902324676514 0.92451399564743 0.909184217453003 0.917905509471893 0.878824234008789 0.895055115222931 0.897737741470337 0.919088184833527 0.934199452400208 0.92619127035141 0.910133957862854 0.910645484924316 0.892400503158569 0.891619145870209 0.859880268573761 0.809300601482391 0.772181451320648 0.724182724952698 0.680728197097778 0.622728943824768 0.616241037845612 0.594179391860962 0.578507363796234 0.603461146354675
0.930901527404785 0.931942105293274 0.932333886623383 0.932351589202881 0.930943489074707 0.929802000522614 0.934691488742828 0.917570054531097 0.924694836139679 0.924466490745544 0.914743602275848 0.910707890987396 0.906884431838989 0.911849915981293 0.909444510936737 0.909073531627655 0.902433395385742 0.894333779811859 0.90782618522644 0.921986937522888 0.918911576271057 0.90889972448349 0.882785499095917 0.899510443210602 0.911117553710938 0.890560209751129 0.83626651763916 0.878776133060455 0.927144169807434 0.917445302009583 0.917904198169708 0.909863710403442 0.901389002799988 0.891096830368042 0.859622180461884 0.822162985801697 0.820280969142914 0.790624141693115 0.715234935283661 0.687175929546356 0.623173356056213 0.60377049446106 0.589450180530548 0.621217966079712
0.93896073102951 0.93918776512146 0.939448714256287 0.946213722229004 0.932041168212891 0.93167769908905 0.928454220294952 0.928119599819183 0.919894158840179 0.926700413227081 0.91243839263916 0.911228060722351 0.919917285442352 0.913124024868011 0.920684158802032 0.917425334453583 0.907555401325226 0.918324828147888 0.919191896915436 0.906885087490082 0.89427262544632 0.870728611946106 0.87164568901062 0.872788071632385 0.90062814950943 0.874147951602936 0.848336815834045 0.899986684322357 0.906473994255066 0.923622250556946 0.918609440326691 0.919031262397766 0.910013318061829 0.890615582466125 0.870266437530518 0.847044944763184 0.832314074039459 0.818242371082306 0.789767622947693 0.725298941135406 0.687009036540985 0.6302170753479 0.612156331539154 0.645055055618286
0.939138233661652 0.944892942905426 0.938330590724945 0.946073710918427 0.938102006912231 0.93812757730484 0.941355526447296 0.93410587310791 0.925208449363708 0.924815118312836 0.929310917854309 0.922238826751709 0.931174278259277 0.921039044857025 0.920918226242065 0.927817285060883 0.917027056217194 0.909949362277985 0.906831562519073 0.897212386131287 0.89720743894577 0.893113791942596 0.895118176937103 0.895599842071533 0.886470139026642 0.878432214260101 0.843365907669067 0.848702013492584 0.84278279542923 0.904626548290253 0.931572675704956 0.918316185474396 0.91063791513443 0.901007235050201 0.8913294672966 0.872765600681305 0.870899319648743 0.835220277309418 0.808286607265472 0.777388453483582 0.750482499599457 0.689243137836456 0.664258301258087 0.63070547580719
0.937136650085449 0.937220931053162 0.93895810842514 0.94413834810257 0.937324464321136 0.942116796970367 0.942336797714233 0.922055602073669 0.930686175823212 0.932959079742432 0.940685987472534 0.931596100330353 0.922371685504913 0.929314911365509 0.928024411201477 0.925442636013031 0.919196844100952 0.924996614456177 0.914726197719574 0.906036734580994 0.886256098747253 0.89688640832901 0.895269215106964 0.898373901844025 0.876173794269562 0.862059831619263 0.859496891498566 0.825802206993103 0.833283126354218 0.898712456226349 0.904216647148132 0.916376948356628 0.918539643287659 0.908684611320496 0.917203962802887 0.893542766571045 0.880418479442596 0.858228266239166 0.826951384544373 0.818632006645203 0.773662090301514 0.725777924060822 0.712317824363708 0.666743695735931
0.944012463092804 0.934639811515808 0.937705516815186 0.94463038444519 0.938090085983276 0.942274510860443 0.933407843112946 0.929808795452118 0.928694427013397 0.934919953346252 0.930982530117035 0.928739964962006 0.938883304595947 0.92917537689209 0.933122634887695 0.928339123725891 0.927156686782837 0.924307405948639 0.915920078754425 0.905911445617676 0.905572533607483 0.897560179233551 0.897069931030273 0.899195611476898 0.890388190746307 0.876629173755646 0.885361015796661 0.842774152755737 0.820839107036591 0.833425104618073 0.893265426158905 0.901754379272461 0.90540623664856 0.899848878383636 0.898780703544617 0.891507208347321 0.891189634799957 0.881989419460297 0.848531126976013 0.832272410392761 0.80355441570282 0.807873547077179 0.759610652923584 0.711296319961548
0.935231566429138 0.941272795200348 0.939110159873962 0.930491626262665 0.941490888595581 0.931212365627289 0.93109142780304 0.928466200828552 0.941968500614166 0.933777153491974 0.931921660900116 0.928937554359436 0.928671002388 0.936201989650726 0.925367057323456 0.92738401889801 0.92505007982254 0.916709780693054 0.922820329666138 0.898748695850372 0.906042695045471 0.906816720962524 0.897380709648132 0.895217716693878 0.899966716766357 0.897561311721802 0.89266037940979 0.879480600357056 0.874931693077087 0.864911258220673 0.854865729808807 0.900690138339996 0.886570632457733 0.909336924552917 0.913163483142853 0.89610767364502 0.891423344612122 0.889767587184906 0.867004752159119 0.853454411029816 0.82819539308548 0.806456327438354 0.779179692268372 0.743725717067719
0.942086756229401 0.942769646644592 0.937520027160645 0.943076014518738 0.929353058338165 0.924534499645233 0.914748072624207 0.93483978509903 0.943441987037659 0.940824806690216 0.932177126407623 0.93117618560791 0.936072468757629 0.936373591423035 0.92841511964798 0.927001178264618 0.925826251506805 0.91656619310379 0.922938168048859 0.907935857772827 0.904936850070953 0.906955242156982 0.897336900234222 0.885666251182556 0.885465085506439 0.879092931747437 0.872699558734894 0.873841822147369 0.864747703075409 0.869047999382019 0.868630349636078 0.857620298862457 0.857008159160614 0.868474543094635 0.883267402648926 0.882365643978119 0.896386623382568 0.888838708400726 0.865954637527466 0.864033579826355 0.851391494274139 0.808764576911926 0.77791690826416 0.788926184177399
0.943462491035461 0.942995846271515 0.947139382362366 0.942971765995026 0.926960527896881 0.910500764846802 0.912068128585815 0.945320010185242 0.942966282367706 0.943350493907928 0.940830409526825 0.941124975681305 0.931731283664703 0.937023282051086 0.927099466323853 0.925802290439606 0.917697250843048 0.91680496931076 0.909310877323151 0.915851414203644 0.916838824748993 0.906185865402222 0.906009793281555 0.897185444831848 0.8994140625 0.868205547332764 0.866107642650604 0.864209890365601 0.866190731525421 0.858551979064941 0.862736582756042 0.847452342510223 0.845192849636078 0.857205152511597 0.857325315475464 0.871268451213837 0.870066225528717 0.879321813583374 0.870906472206116 0.86090749502182 0.833947598934174 0.828272640705109 0.814674019813538 0.786502122879028
0.935898721218109 0.941978871822357 0.943530678749084 0.943437278270721 0.940799713134766 0.922031998634338 0.928765535354614 0.939341604709625 0.946779131889343 0.948627173900604 0.943393766880035 0.940206408500671 0.931719064712524 0.936933040618896 0.926964104175568 0.925905048847198 0.917811036109924 0.909290432929993 0.908984422683716 0.915593922138214 0.90536904335022 0.914948523044586 0.90495377779007 0.897832095623016 0.898799300193787 0.894360423088074 0.88245552778244 0.868797481060028 0.883855521678925 0.873277068138123 0.861777305603027 0.857928335666656 0.846878230571747 0.851053833961487 0.843034446239471 0.859589338302612 0.857738137245178 0.857826292514801 0.849151432514191 0.853554487228394 0.829902172088623 0.836465358734131 0.809537053108215 0.825270116329193
0.938447296619415 0.93843024969101 0.940779447555542 0.941707849502563 0.936850130558014 0.947924852371216 0.945275783538818 0.946042537689209 0.94052666425705 0.951594412326813 0.951220810413361 0.943885743618011 0.931717932224274 0.928242385387421 0.918741345405579 0.923789501190186 0.922853291034698 0.916624546051025 0.914665222167969 0.915221154689789 0.905371069908142 0.915073454380035 0.913942098617554 0.914987802505493 0.897838473320007 0.895975410938263 0.887140989303589 0.887143969535828 0.87672883272171 0.876739740371704 0.884065806865692 0.873070240020752 0.862372815608978 0.861986756324768 0.850713014602661 0.854279220104218 0.858507812023163 0.872503638267517 0.850298762321472 0.854897737503052 0.859413385391235 0.848028659820557 0.847635865211487 0.849253296852112
0.937880754470825 0.943642318248749 0.943059682846069 0.940701425075531 0.938902080059052 0.938464999198914 0.945801377296448 0.939283907413483 0.953313827514648 0.947062611579895 0.939080893993378 0.950310945510864 0.940191149711609 0.921241819858551 0.918952405452728 0.915802836418152 0.914526581764221 0.922968804836273 0.913277685642242 0.913292467594147 0.905526995658875 0.90504252910614 0.916087746620178 0.896874666213989 0.897790551185608 0.89213365316391 0.879890382289886 0.89213365316391 0.888901829719543 0.889914333820343 0.875618159770966 0.870835542678833 0.881586611270905 0.861474335193634 0.86108124256134 0.859324872493744 0.859396636486053 0.867252111434937 0.860983610153198 0.849482238292694 0.864145874977112 0.865371525287628 0.865565955638885 0.855538904666901
0.949705541133881 0.943808019161224 0.942194223403931 0.943312764167786 0.948097467422485 0.945803284645081 0.939284443855286 0.950956463813782 0.941695690155029 0.948039174079895 0.954146564006805 0.943740487098694 0.945674240589142 0.936549603939056 0.925059735774994 0.925510704517365 0.914454936981201 0.914731621742249 0.915600597858429 0.914432048797607 0.905670702457428 0.914170742034912 0.895869493484497 0.906122148036957 0.896649837493896 0.894760429859161 0.885250508785248 0.886278688907623 0.906915247440338 0.898974657058716 0.884784460067749 0.885991156101227 0.87435644865036 0.869982957839966 0.869982957839966 0.869566798210144 0.853906154632568 0.862068176269531 0.877413034439087 0.87083500623703 0.881802380084991 0.880440890789032 0.871549248695374 0.868800401687622
0.948986351490021 0.944044232368469 0.94294285774231 0.948299884796143 0.944510698318481 0.937854409217834 0.938942968845367 0.947107434272766 0.946668744087219 0.948322951793671 0.944847524166107 0.938675343990326 0.925827980041504 0.935214459896088 0.928082048892975 0.9272141456604 0.922329246997833 0.910959780216217 0.912502467632294 0.91222733259201 0.914438426494598 0.914300799369812 0.905150830745697 0.8969846367836 0.896784722805023 0.897957742214203 0.890811502933502 0.896645605564117 0.897819519042969 0.887077867984772 0.897780776023865 0.88784271478653 0.883676409721375 0.873050034046173 0.882658541202545 0.873299717903137 0.878039002418518 0.869261264801025 0.874980568885803 0.875072538852692 0.870139718055725 0.880921602249146 0.872026801109314 0.888860702514648
0.950121879577637 0.949292778968811 0.942540287971497 0.947288036346436 0.941103994846344 0.944422483444214 0.944774270057678 0.94019490480423 0.945510387420654 0.944830179214478 0.948692262172699 0.932040691375732 0.924609541893005 0.92898827791214 0.92742520570755 0.929013609886169 0.924216091632843 0.911985397338867 0.904603779315948 0.909753918647766 0.903842806816101 0.901338398456573 0.902337431907654 0.902336776256561 0.896958470344543 0.896646976470947 0.889611423015594 0.896645605564117 0.906283438205719 0.890995144844055 0.896506369113922 0.886666774749756 0.882640242576599 0.882800817489624 0.881456851959229 0.881625175476074 0.877447426319122 0.876928269863129 0.877381980419159 0.874477505683899 0.884914517402649 0.882165849208832 0.888094663619995 0.885055184364319
0.942072689533234 0.946162045001984 0.94830584526062 0.941478848457336 0.936949372291565 0.935677528381348 0.923949122428894 0.931746423244476 0.934171080589294 0.929258525371552 0.931242048740387 0.926950216293335 0.92433375120163 0.912268102169037 0.925760746002197 0.918914496898651 0.918545544147491 0.905845284461975 0.90265291929245 0.902503192424774 0.901129364967346 0.903833270072937 0.893305897712708 0.892987549304962 0.895621299743652 0.896639883518219 0.895517706871033 0.895527005195618 0.896656930446625 0.896665453910828 0.886658608913422 0.895493507385254 0.901376485824585 0.891418755054474 0.884689211845398 0.890613317489624 0.880706608295441 0.872910559177399 0.876583337783813 0.879328012466431 0.889750778675079 0.888750731945038 0.88846355676651 0.890050649642944
