data/climate_estimation/maxent_output/Calochortus_aureus.asc
NCOLS 109 
NROWS 73 
XLLCORNER -117.25 
YLLCORNER 33.4166666666667 
CELLSIZE 0.0833333333333333 
NODATA_value -3.4e+38 
[rows 0 to 19 of 73, columns 0 to 43 of 109]
0.283124834299088 0.234886303544044 0.0569253005087376 0.128593042492867 0.196526199579239 0.132948324084282 0.13552750647068 0.143987044692039 0.111560337245464 0.0752496793866158 0.112443841993809 0.116356812417507 0.0977437272667885 0.0418348088860512 0.0229698996990919 0.032583836466074 0.0486134439706802 0.0979561805725098 0.0827368795871735 0.0726839303970337 0.0773452520370483 0.0645098835229874 0.0520498305559158 0.057873010635376 0.0627798140048981 0.0461105033755302 0.0177732277661562 0.0314310342073441 0.0486214272677898 0.133404582738876 0.025751169770956 0.00540522905066609 0.0290292408317327 0.340853571891785 0.24453592300415 0.00863800570368767 0.0180384945124388 0.169106110930443 0.475827068090439 0.585642099380493 0.595187723636627 0.253784537315369 0.167484566569328 0.468382239341736
0.222455754876137 0.0610419139266014 0.0363049656152725 0.181585937738419 0.207695662975311 0.175867393612862 0.123860545456409 0.0781564638018608 0.02333590015769 0.00709312362596393 0.064164437353611 0.112222604453564 0.0913584157824516 0.0349915102124214 0.0283564869314432 0.0592847317457199 0.0717143714427948 0.0768940225243568 0.0667374134063721 0.0682964026927948 0.0641767457127571 0.0277901273220778 0.048189353197813 0.0594607926905155 0.0192860532552004 0.0328992083668709 0.00763119431212544 0.0194516330957413 0.0304281394928694 0.0616799592971802 0.00618861010298133 0.00353678734973073 0.00432725762948394 0.327490597963333 0.393597841262817 0.00323212426155806 0.0032478291541338 0.0205740630626678 0.467224180698395 0.671542465686798 0.653672993183136 0.425190955400467 0.247722029685974 0.522993743419647
0.0694721043109894 0.00683611910790205 0.101359911262989 0.196615889668465 0.155772089958191 0.0884379595518112 0.0904977396130562 0.0713486894965172 0.022549768909812 0.0133204171434045 0.05258584395051 0.0769324377179146 0.0464319996535778 0.0261357165873051 0.109460286796093 0.154104083776474 0.0623913183808327 0.0235966704785824 0.0505869835615158 0.0267889145761728 0.0192003268748522 0.0108498260378838 0.0209606941789389 0.0198757853358984 0.0267515387386084 0.00670971069484949 0.00679277954623103 0.0133646884933114 0.0495826900005341 0.0182218998670578 0.00637512560933828 0.00354437436908484 0.0071230186149478 0.385553061962128 0.309872686862946 0.005484857596457 0.0038724581245333 0.00909338425844908 0.36655330657959 0.677470326423645 0.660025775432587 0.420847326517105 0.148626267910004 0.31574222445488
0.0153247686102986 0.0176595412194729 0.14609132707119 0.173748522996902 0.0869717299938202 0.0310249663889408 0.054364625364542 0.092662900686264 0.0231933128088713 0.0137405712157488 0.0366417653858662 0.0263113509863615 0.0080599170178175 0.023558933287859 0.0749420896172523 0.0729573518037796 0.105062209069729 0.0249088108539581 0.0278698485344648 0.0197805985808372 0.00894477404654026 0.00729450862854719 0.00744521617889404 0.0155161721631885 0.0256415214389563 0.0101041439920664 0.0127922836691141 0.00351356295868754 0.0180170703679323 0.0229576472193003 0.00188986991997808 0.00596692226827145 0.0705791786313057 0.318655967712402 0.135245576500893 0.00276773050427437 0.00786966271698475 0.00638574082404375 0.365154296159744 0.593263030052185 0.443198442459106 0.163537830114365 0.044911615550518 0.188553392887115
0.00621712347492576 0.0763268321752548 0.149569898843765 0.403138756752014 0.0217362549155951 0.0166799034923315 0.0442128777503967 0.0913593620061874 0.0373496748507023 0.00899896491318941 0.00881956145167351 0.0107484897598624 0.00873552355915308 0.0383427664637566 0.0686730742454529 0.0337351560592651 0.0214040167629719 0.0335129052400589 0.0432509332895279 0.0437056832015514 0.0327293388545513 0.0106532871723175 0.0067936610430479 0.0181436371058226 0.0148787377402186 0.0264863092452288 0.0229373704642057 0.00733481673523784 0.00271423254162073 0.0323090516030788 0.0046383049339056 0.00251234997995198 0.117335647344589 0.2951740026474 0.0350125059485435 0.0706851705908775 0.193456307053566 0.355260878801346 0.593371450901031 0.561820030212402 0.290547728538513 0.198538720607758 0.165958166122437 0.0720389261841774
0.049983985722065 0.495636880397797 0.430634260177612 0.200995534658432 0.018879447132349 0.00404135230928659 0.0294406712055206 0.0610790811479092 0.0250815842300653 0.00706768780946732 0.00614516064524651 0.00591725017875433 0.00976485479623079 0.0471558608114719 0.0495274625718594 0.00780440447852015 0.0150105785578489 0.0551822893321514 0.0580316111445427 0.0567394308745861 0.022826723754406 0.0115322386845946 0.00890280306339264 0.0102093312889338 0.0140976682305336 0.0299289226531982 0.0384099595248699 0.00397655740380287 0.0104225669056177 0.0300515443086624 0.0168662425130606 0.00724967196583748 0.154859766364098 0.180374190211296 0.00490846484899521 0.00971681997179985 0.121766418218613 0.526307880878448 0.594781339168549 0.582369148731232 0.568973422050476 0.455541461706161 0.334433972835541 0.0461030304431915
0.351349383592606 0.558796048164368 0.457402169704437 0.0556542873382568 0.0107635147869587 0.0144160455092788 0.071949876844883 0.0427935160696507 0.00765236420556903 0.00750733725726604 0.0284349843859673 0.018163837492466 0.0117935324087739 0.0260218903422356 0.0495395362377167 0.0246108081191778 0.00850990228354931 0.0481251515448093 0.0720430985093117 0.0748979970812798 0.0375985503196716 0.00619339291006327 0.0102513553574681 0.00899702310562134 0.021728502586484 0.0311091169714928 0.0618275627493858 0.01503418199718 0.0119549101218581 0.0155009580776095 0.00580926146358252 0.00624660821631551 0.116778664290905 0.211620688438416 0.0227394793182611 0.00250640115700662 0.00743802590295672 0.244881331920624 0.480024725198746 0.405845642089844 0.29717892408371 0.459137260913849 0.450386345386505 0.15537217259407
0.198405921459198 0.494731485843658 0.36700627207756 0.0228141061961651 0.00785907171666622 0.0550147853791714 0.0867813751101494 0.0121432095766068 0.00508072739467025 0.0289173182100058 0.0379304066300392 0.0128353117033839 0.0172646399587393 0.0191470850259066 0.0433833487331867 0.0377597510814667 0.0336039662361145 0.0527574457228184 0.0973530933260918 0.111324779689312 0.0556121803820133 0.00589851988479495 0.00891427230089903 0.0177117232233286 0.0210441332310438 0.0355499088764191 0.0712418779730797 0.0114917336031795 0.0167427714914083 0.00774966832250357 0.0184083003550768 0.00583917368203402 0.107842922210693 0.213305085897446 0.0822106301784515 0.00377860316075385 0.0270515028387308 0.127628833055496 0.415961354970932 0.259697169065475 0.0980250313878059 0.146431505680084 0.36402890086174 0.277214765548706
0.033332884311676 0.580179572105408 0.16739659011364 0.0019349274225533 0.0056585781276226 0.0745487064123154 0.0309565328061581 0.0021356453653425 0.00702075939625502 0.0414748229086399 0.0260934606194496 0.0121365627273917 0.0352075956761837 0.0167219862341881 0.069428063929081 0.119026593863964 0.0323102436959743 0.0202703643590212 0.0619541630148888 0.166431665420532 0.110974006354809 0.042571060359478 0.0153567520901561 0.0218863170593977 0.0168362688273191 0.0544644705951214 0.0740643069148064 0.00584646314382553 0.00631962949410081 0.00671943696215749 0.00693480856716633 0.0282708220183849 0.114842817187309 0.207621887326241 0.0991630703210831 0.0202318970113993 0.0223404821008444 0.145554423332214 0.485856503248215 0.325252920389175 0.117995984852314 0.0765482634305954 0.146679267287254 0.138178452849388
0.13657458126545 0.535628437995911 0.0614109598100185 0.00497515173628926 0.00714597897604108 0.0407738797366619 0.0283753741532564 0.00291892373934388 0.00818138476461172 0.109386958181858 0.0164997112005949 0.00790383107960224 0.108935259282589 0.0367554128170013 0.0924794748425484 0.119539007544518 0.023045951500535 0.0436137206852436 0.0710431411862373 0.155558958649635 0.163092359900475 0.0770333036780357 0.0655600875616074 0.0466536469757557 0.0704646483063698 0.0697881877422333 0.0412381961941719 0.0234202854335308 0.0133719351142645 0.0355754978954792 0.0281292404979467 0.0750816240906715 0.0654185339808464 0.100711777806282 0.127684354782104 0.0551885887980461 0.0553447008132935 0.237584173679352 0.297537982463837 0.213391929864883 0.19518406689167 0.123996056616306 0.246055260300636 0.113212004303932
0.348747402429581 0.450889199972153 0.0195344630628824 0.00730893341824412 0.0158329252153635 0.0774413198232651 0.027051268145442 0.00759188598021865 0.0299779120832682 0.0902564600110054 0.010172882117331 0.00519465189427137 0.181516453623772 0.0938804596662521 0.116616994142532 0.0563185177743435 0.0343379564583302 0.116756081581116 0.158460393548012 0.179916337132454 0.175777107477188 0.0961693450808525 0.0533643625676632 0.0782131478190422 0.0659433007240295 0.0719160214066505 0.0521889962255955 0.0279864147305489 0.0251279082149267 0.0308326836675406 0.0407824814319611 0.0815739631652832 0.0677297562360764 0.0560380220413208 0.138265192508698 0.107782609760761 0.197097316384315 0.270267188549042 0.156321227550507 0.0553073100745678 0.149496391415596 0.275344252586365 0.522865653038025 0.199368596076965
0.630316317081451 0.16932687163353 0.0280992798507214 0.106561213731766 0.0730099529027939 0.0354319773614407 0.00947676505893469 0.103517711162567 0.078343853354454 0.0901312232017517 0.0901410803198814 0.24664343893528 0.329383671283722 0.162636935710907 0.183429539203644 0.0785359516739845 0.0856238007545471 0.282958209514618 0.34825873374939 0.260074287652969 0.17709356546402 0.0400630906224251 0.0392540581524372 0.0692844018340111 0.0942295789718628 0.11946476995945 0.0999597981572151 0.0990536883473396 0.0556148663163185 0.0594449453055859 0.0319516584277153 0.0858311727643013 0.11273480951786 0.0526713319122791 0.126673176884651 0.106173485517502 0.189112141728401 0.20204584300518 0.119615666568279 0.118771731853485 0.111551307141781 0.279478788375854 0.44513475894928 0.276868909597397
0.579246163368225 0.0877962186932564 0.183366999030113 0.27615886926651 0.0482292510569096 0.0242024250328541 0.0405428595840931 0.275284588336945 0.0828606858849525 0.0257569141685963 0.111741840839386 0.418077796697617 0.316389948129654 0.153091564774513 0.181866869330406 0.172635048627853 0.201571077108383 0.354422956705093 0.33756160736084 0.361378222703934 0.131456777453423 0.054150115698576 0.0474140793085098 0.142045527696609 0.11312385648489 0.16634926199913 0.168503969907761 0.120219640433788 0.0810296759009361 0.0775727406144142 0.193997040390968 0.109980158507824 0.146844059228897 0.120278894901276 0.0731885731220245 0.0803828462958336 0.129883617162704 0.196635216474533 0.143006503582001 0.16772623360157 0.0830523073673248 0.225043058395386 0.361006379127502 0.252839475870132
0.493528425693512 0.575049757957458 0.617768347263336 0.30409637093544 0.0212516244500875 0.0081888847053051 0.0391184985637665 0.383303612470627 0.203121840953827 0.0209196805953979 0.124193429946899 0.418686747550964 0.330583244562149 0.143109142780304 0.168035507202148 0.190934419631958 0.32736948132515 0.420486688613892 0.131268978118896 0.130404144525528 0.101355157792568 0.0493815988302231 0.174294739961624 0.149586707353592 0.164924815297127 0.160833418369293 0.190070256590843 0.151047453284264 0.277357012033463 0.300903111696243 0.256112813949585 0.116314560174942 0.159188091754913 0.159554123878479 0.229626923799515 0.12379115819931 0.127128019928932 0.18411423265934 0.175049960613251 0.0850339531898499 0.10537950694561 0.184545651078224 0.27677196264267 0.104508563876152
0.0895856693387032 0.729913413524628 0.790971457958221 0.449522256851196 0.13496769964695 0.0939748957753181 0.229924112558365 0.428478062152863 0.294585108757019 0.0481258668005466 0.13732385635376 0.499899625778198 0.437972128391266 0.212344884872437 0.285578370094299 0.387513816356659 0.427563458681107 0.134894371032715 0.439092099666595 0.187512084841728 0.0295878760516644 0.0764375850558281 0.318986445665359 0.356854170560837 0.456821233034134 0.466615855693817 0.417957782745361 0.357108324766159 0.299004286527634 0.458309262990952 0.38125067949295 0.32661184668541 0.454827338457108 0.344793140888214 0.154676616191864 0.228565067052841 0.308469742536545 0.318986624479294 0.169024512171745 0.402017414569855 0.223860710859299 0.136746674776077 0.19521676003933 0.249427676200867
0.487964600324631 0.769720435142517 0.791346251964569 0.192060202360153 0.136854290962219 0.242647841572762 0.545526087284088 0.617111921310425 0.505900084972382 0.146026149392128 0.317528694868088 0.437362372875214 0.433834165334702 0.396308064460754 0.467137396335602 0.432127326726913 0.463378936052322 0.383245557546616 0.176787748932838 0.0841493085026741 0.065021388232708 0.303726345300674 0.467227667570114 0.410059064626694 0.464123368263245 0.489647448062897 0.504021525382996 0.442112356424332 0.470829486846924 0.514451861381531 0.490934073925018 0.404203593730927 0.546979010105133 0.431723207235336 0.150042146444321 0.390453666448593 0.447594225406647 0.321203172206879 0.336051523685455 0.487897723913193 0.182048946619034 0.349222034215927 0.171837642788887 0.138886064291
0.589667856693268 0.897453784942627 0.895027875900269 0.624795615673065 0.498978108167648 0.492161303758621 0.384575128555298 0.61335963010788 0.498292446136475 0.149438261985779 0.285187959671021 0.453190088272095 0.331361889839172 0.484993100166321 0.570709884166718 0.58426833152771 0.404358595609665 0.109750434756279 0.0347746796905994 0.127671435475349 0.312169790267944 0.61202597618103 0.496847778558731 0.55070698261261 0.526155471801758 0.52887350320816 0.615476846694946 0.629059135913849 0.616844534873962 0.605717480182648 0.626035094261169 0.597310900688171 0.64774751663208 0.583478450775146 0.464890837669373 0.292154252529144 0.534215211868286 0.533753454685211 0.344644665718079 0.581775546073914 0.349614202976227 0.335001081228256 0.504598081111908 0.592717528343201
0.780896365642548 0.916905224323273 0.899506270885468 0.901419222354889 0.839561522006989 0.72609531879425 0.602786064147949 0.641709387302399 0.239587500691414 0.085473507642746 0.241141453385353 0.50283682346344 0.233733922243118 0.496796637773514 0.568555057048798 0.583201766014099 0.300606101751328 0.0859155803918839 0.158672288060188 0.407122910022736 0.593413472175598 0.577163815498352 0.613790929317474 0.6470787525177 0.593792974948883 0.339238584041595 0.555844902992249 0.711147844791412 0.746113121509552 0.788024187088013 0.703593254089355 0.405470937490463 0.723180532455444 0.771625220775604 0.687135338783264 0.62478631734848 0.645034193992615 0.571301817893982 0.301100611686707 0.583475589752197 0.485064536333084 0.435295969247818 0.50295627117157 0.233330652117729
0.881022334098816 0.896880209445953 0.890026211738586 0.912404596805573 0.864925265312195 0.862162590026855 0.751241147518158 0.548204779624939 0.196681722998619 0.050691083073616 0.289054214954376 0.45955103635788 0.241189569234848 0.369241446256638 0.692980110645294 0.653436422348022 0.270785748958588 0.409842222929001 0.476766854524612 0.477953612804413 0.63023853302002 0.622400522232056 0.73456209897995 0.765489101409912 0.747263729572296 0.415639489889145 0.54219651222229 0.718612253665924 0.722052991390228 0.867450952529907 0.819184184074402 0.632070899009705 0.638844847679138 0.783995389938354 0.768441557884216 0.792548954486847 0.701575100421906 0.585977494716644 0.253949552774429 0.580207943916321 0.49753737449646 0.641659617424011 0.760287344455719 0.29160737991333
0.903137922286987 0.904413998126984 0.893466114997864 0.920145750045776 0.87077385187149 0.883945226669312 0.761960387229919 0.573887526988983 0.347074091434479 0.280395090579987 0.172363579273224 0.423390597105026 0.427475333213806 0.244718432426453 0.734707176685333 0.696787059307098 0.541400134563446 0.707603573799133 0.678421020507812 0.345182329416275 0.600162863731384 0.36039125919342 0.721615195274353 0.792590260505676 0.746270298957825 0.679289638996124 0.830406486988068 0.780769824981689 0.829173743724823 0.861993730068207 0.890520453453064 0.739347875118256 0.649080634117126 0.861095488071442 0.852592885494232 0.862130105495453 0.801044225692749 0.686347126960754 0.607446849346161 0.689623832702637 0.820890367031097 0.798798441886902 0.807414054870605 0.782830476760864
