data/climate_estimation/maxent_output/Calochortus_kennedyi.asc
NCOLS 115 
NROWS 85 
XLLCORNER -119.416666666667 
YLLCORNER 30.5 
CELLSIZE 0.0833333333333333 
NODATA_value -3.4e+38 
[rows 40 to 59 of 85, columns 0 to 45 of 115]
-3.4e+38 0.000108678614196833 9.47622829698958e-05 9.79741816991009e-05 0.000139854208100587 0.000384177110390738 0.000884577457327396 0.00317293917760253 0.00501456763595343 0.00319164711982012 0.00232403143309057 0.00195725401863456 0.00197986257262528 0.103510156273842 0.155943483114243 0.360812783241272 0.578785121440887 0.600609600543976 0.317656487226486 0.450014799833298 0.754961669445038 0.543176412582397 0.613859355449677 0.571816802024841 0.428181678056717 0.761058747768402 0.887777328491211 0.74467921257019 0.547639429569244 0.445496886968613 0.405547440052032 0.254767596721649 0.317605495452881 0.712682843208313 0.89494401216507 0.934179961681366 0.815800130367279 0.938670635223389 0.967756390571594 0.123511888086796 0.0807127505540848 0.0551626980304718 0.0422295145690441 0.0474433787167072 0.655122518539429 0.569600641727448
-3.4e+38 -3.4e+38 7.09865053067915e-05 6.61684825900011e-05 0.000185976561624557 0.00116213457658887 0.00166360335424542 0.00171479466371238 0.00156281341332942 0.00338930753059685 0.00416240701451898 0.00194720074068755 0.00118969287723303 0.00109341600909829 0.00173731392715126 0.00225399876944721 0.0020340618211776 0.0358878895640373 0.053831409662962 0.117014147341251 0.142754852771759 0.135288223624229 0.0944182500243187 0.0927002355456352 0.085645779967308 0.077983982861042 0.132366016507149 0.390333563089371 0.799846231937408 0.42301532626152 0.105468221008778 0.124098040163517 0.422181814908981 0.738592743873596 0.88229513168335 0.91313374042511 0.870586097240448 0.942769706249237 0.952978312969208 0.962542772293091 0.165172874927521 0.10549782961607 0.052369799464941 0.0404313765466213 0.0362939611077309 0.467506438493729
4.93487023049966e-05 -3.4e+38 -3.4e+38 -3.4e+38 0.00013828462397214 0.000332638912368566 0.000739650509785861 0.000728560786228627 0.000904799613635987 0.00193705642595887 0.000653119233902544 0.000218981527723372 0.000287850096356124 0.000534013845026493 0.000765169213991612 0.00107213540468365 0.00130769738461822 0.00148956768680364 0.0329366438090801 0.0458448454737663 0.0375716499984264 0.0268330778926611 0.0238783024251461 0.0410964600741863 0.041289109736681 0.0657824650406837 0.105995804071426 0.190747275948524 0.387139797210693 0.765451550483704 0.440571010112762 0.458056092262268 0.738083362579346 0.821817696094513 0.479273408651352 0.859320759773254 0.885565876960754 0.898856937885284 0.933088660240173 0.91288560628891 0.963902711868286 0.975426554679871 0.907727360725403 0.699434816837311 0.757120966911316 0.636707723140717
-3.4e+38 -3.4e+38 -3.4e+38 -3.4e+38 -3.4e+38 -3.4e+38 -3.4e+38 -3.4e+38 -3.4e+38 -3.4e+38 -3.4e+38 0.000149886967847124 0.000259504799032584 0.000403551763156429 0.000547874777112156 0.000708234729245305 0.000949073932133615 0.00164061842951924 0.0279899053275585 0.0474881455302238 0.0240366738289595 0.0100137442350388 0.0202303659170866 0.034772340208292 0.0341332145035267 0.132962748408318 0.196120634675026 0.181933209300041 0.227483779191971 0.342765033245087 0.353042453527451 0.628701567649841 0.684629917144775 0.267447680234909 0.101141408085823 0.665808916091919 0.497724890708923 0.907624483108521 0.901337265968323 0.92344343662262 0.951881110668182 0.967701196670532 0.904957056045532 0.888512432575226 0.0580495744943619 0.474880546331406
-339999999999999996123846586046231871488.000000000000000 -3.4e+38 -3.4e+38 -3.4e+38 -3.4e+38 -3.4e+38 -3.4e+38 -3.4e+38 -3.4e+38 -3.4e+38 -3.4e+38 0.000211385340662673 0.000253948906902224 0.000336040306137875 0.00047300013829954 0.000582642445806414 0.00055711402092129 0.000746989098843187 0.000946471816860139 0.0186880007386208 0.0235879048705101 0.0196266118437052 0.01283726003021 0.0282751265913248 0.0730352401733398 0.111275531351566 0.112979412078857 0.107348397374153 0.126464173197746 0.209230482578278 0.457916170358658 0.606160581111908 0.709517657756805 0.493244200944901 0.257931917905807 0.31834289431572 0.509497165679932 0.0861822292208672 0.890175461769104 0.926419138908386 0.944683432579041 0.972121298313141 0.948875844478607 0.856778621673584 0.764935255050659 0.740455687046051
-3.4e+38 -3.4e+38 -3.4e+38 -3.4e+38 -3.4e+38 -3.4e+38 -3.4e+38 -3.4e+38 -3.4e+38 -3.4e+38 -3.4e+38 0.000178143411176279 0.000373097631381825 0.000302428321447223 0.000364296487532556 0.000418654992245138 0.000404973077820614 0.00045601831516251 0.000621025159489363 0.0138293523341417 0.0375650189816952 0.184307485818863 0.129236176609993 0.0509356074035168 0.200370952486992 0.155093252658844 0.0901717320084572 0.136005371809006 0.133280411362648 0.135792136192322 0.240237876772881 0.595739185810089 0.202445968985558 0.484401941299438 0.113192848861217 0.277597159147263 0.0288201328366995 0.0390566438436508 0.0596896447241306 0.142366901040077 0.95152473449707 0.963798224925995 0.975726127624512 0.961821615695953 0.936329901218414 0.929848253726959
-3.4e+38 -3.4e+38 -3.4e+38 -3.4e+38 -3.4e+38 -3.4e+38 -3.4e+38 -3.4e+38 -3.4e+38 -3.4e+38 -3.4e+38 -3.4e+38 0.000371380825527012 0.000321580475429073 0.000346357905073091 0.000317526108119637 0.000300005223834887 0.000319848564686254 0.000350048503605649 0.0063808411359787 0.0138392075896263 0.054233442991972 0.191466182470322 0.222348168492317 0.0890737026929855 0.107624113559723 0.0973273366689682 0.102365888655186 0.109069667756557 0.134312659502029 0.233903884887695 0.520266652107239 0.587695896625519 0.608265399932861 0.623932421207428 0.349468022584915 0.0346353091299534 0.0392878837883472 0.0434889979660511 0.0538612045347691 0.137710586190224 0.977491080760956 0.966119766235352 0.960551619529724 0.953688144683838 0.133565992116928
-3.4e+38 -3.4e+38 -3.4e+38 -3.4e+38 -3.4e+38 -3.4e+38 -3.4e+38 -3.4e+38 -3.4e+38 -3.4e+38 -3.4e+38 -3.4e+38 -3.4e+38 -3.4e+38 -3.4e+38 -3.4e+38 0.000246400391915813 0.000232280872296542 0.000250814540777355 0.00547999376431108 0.00613081129267812 0.0110428277403116 0.0449912510812283 0.180059731006622 0.210823550820351 0.101888388395309 0.111107707023621 0.0901462435722351 0.139893561601639 0.199253901839256 0.429079204797745 0.527053117752075 0.576307654380798 0.602194249629974 0.637877583503723 0.777741074562073 0.569728314876556 0.0503866896033287 0.0494542494416237 0.042818158864975 0.064449355006218 0.0958629995584488 0.110506609082222 0.924352049827576 0.893013000488281 0.818939387798309
-3.4e+38 -3.4e+38 -3.4e+38 -3.4e+38 -3.4e+38 -3.4e+38 -3.4e+38 -3.4e+38 -3.4e+38 -3.4e+38 -3.4e+38 -3.4e+38 -3.4e+38 -3.4e+38 -3.4e+38 -3.4e+38 -3.4e+38 -3.4e+38 0.00256248423829675 0.0045363618992269 0.00439119525253773 0.00562809966504574 0.0125697441399097 0.0844754204154015 0.137942641973495 0.129229143261909 0.0671501681208611 0.0651025101542473 0.0941867232322693 0.208150938153267 0.314786195755005 0.499249219894409 0.528877317905426 0.570195555686951 0.639372527599335 0.652900159358978 0.697916626930237 0.635660231113434 0.0629328787326813 0.0534276627004147 0.0415381714701653 0.02614208124578 0.0529526807367802 0.119193881750107 0.105675630271435 0.100589111447334
-3.4e+38 -3.4e+38 -3.4e+38 -3.4e+38 2.90433054033201e-05 -3.4e+38 -3.4e+38 -3.4e+38 -3.4e+38 6.29229325568303e-05 0.00010719340207288 9.23038969631307e-05 7.94559746282175e-05 -3.4e+38 -3.4e+38 -3.4e+38 -3.4e+38 -3.4e+38 -3.4e+38 -3.4e+38 0.00297760870307684 0.00464737974107265 0.00619939062744379 0.0289765279740095 0.0842241421341896 0.0286829546093941 0.0522690415382385 0.0685096755623817 0.138245791196823 0.228698387742043 0.35702520608902 0.453422427177429 0.583033323287964 0.58648270368576 0.700005531311035 0.756199300289154 0.804366827011108 0.846263110637665 0.528685390949249 0.0631045177578926 0.05066978931427 0.0391419306397438 0.0249826535582542 0.0245497450232506 0.0450988113880157 0.839184105396271
-3.4e+38 -3.4e+38 -3.4e+38 -3.4e+38 -3.4e+38 -3.4e+38 -3.4e+38 -3.4e+38 -3.4e+38 -3.4e+38 -3.4e+38 0.000125975799164735 0.000175637251231819 7.32081098249182e-05 -3.4e+38 -3.4e+38 -3.4e+38 -3.4e+38 -3.4e+38 -3.4e+38 -3.4e+38 0.00289237685501575 0.0049417638219893 0.00889063719660044 0.0133822876960039 0.0128544988110662 0.0245395395904779 0.0354460924863815 0.0824635848402977 0.440283358097076 0.569133162498474 0.495963603258133 0.514240026473999 0.631467640399933 0.649369955062866 0.479141384363174 0.180227637290955 0.105655111372471 0.80276620388031 0.761875867843628 0.061982337385416 0.0519256182014942 0.04054781422019 0.0253104828298092 0.0149224819615483 0.0228349305689335
-3.4e+38 -3.4e+38 -3.4e+38 -3.4e+38 -3.4e+38 -3.4e+38 -3.4e+38 -3.4e+38 -3.4e+38 -3.4e+38 -3.4e+38 7.72409912315197e-05 0.000135636335471645 0.000125376725918613 -3.4e+38 -3.4e+38 -3.4e+38 -3.4e+38 -3.4e+38 -3.4e+38 -3.4e+38 -3.4e+38 -3.4e+38 0.00377182196825743 0.00516558811068535 0.00711020873859525 0.0117694018408656 0.0289611369371414 0.0659031271934509 0.109476208686829 0.460940361022949 0.45704260468483 0.52676784992218 0.563802301883698 0.6941978931427 0.751015603542328 0.0587431378662586 0.0691807568073273 0.486345887184143 0.0601316317915916 0.0558724515140057 0.060176856815815 0.0536960028111935 0.0410222113132477 0.0241101756691933 0.014168412424624
-3.4e+38 -3.4e+38 -3.4e+38 -3.4e+38 -3.4e+38 -3.4e+38 -3.4e+38 -3.4e+38 -3.4e+38 -3.4e+38 -3.4e+38 -3.4e+38 -3.4e+38 -3.4e+38 -3.4e+38 -3.4e+38 -3.4e+38 -3.4e+38 -3.4e+38 -3.4e+38 -3.4e+38 -3.4e+38 -3.4e+38 0.00280748307704926 0.00322383898310363 0.00518786255270243 0.0133487088605762 0.0397685915231705 0.0608123689889908 0.113272078335285 0.299580872058868 0.387435406446457 0.452305972576141 0.544496417045593 0.607249081134796 0.727986693382263 0.126124337315559 0.0600113868713379 0.00613413285464048 0.00726541224867105 0.0476045347750187 0.0542822517454624 0.0606694556772709 0.053486842662096 0.0404111370444298 0.0255647469311953
-3.4e+38 -3.4e+38 -3.4e+38 -3.4e+38 -3.4e+38 -3.4e+38 -3.4e+38 -3.4e+38 -3.4e+38 -3.4e+38 -3.4e+38 -3.4e+38 -3.4e+38 -3.4e+38 -3.4e+38 -3.4e+38 -3.4e+38 -3.4e+38 -3.4e+38 -3.4e+38 -3.4e+38 -3.4e+38 -3.4e+38 -3.4e+38 0.00311857624910772 0.00433015031740069 0.0116698993369937 0.0232313238084316 0.0317890830338001 0.0581993833184242 0.0681247860193253 0.290421485900879 0.380373656749725 0.578548192977905 0.602911531925201 0.649080991744995 0.489307552576065 0.221689313650131 0.133613049983978 0.00581718515604734 0.00733842235058546 0.0485702008008957 0.0107035432010889 0.0627739205956459 0.0478142909705639 0.0297987591475248
-3.4e+38 -3.4e+38 -3.4e+38 -3.4e+38 -3.4e+38 -3.4e+38 -3.4e+38 -3.4e+38 -3.4e+38 2.13375096791424e-05 2.14511601370759e-05 -3.4e+38 -3.4e+38 -3.4e+38 -3.4e+38 -3.4e+38 -3.4e+38 -3.4e+38 -3.4e+38 -3.4e+38 -3.4e+38 -3.4e+38 -3.4e+38 -3.4e+38 -3.4e+38 0.00413023913279176 0.00644409051164985 0.0149976322427392 0.0218345690518618 0.0490611381828785 0.0572137348353863 0.146436303853989 0.271989047527313 0.49976658821106 0.603211045265198 0.618646383285522 0.675806105136871 0.763117372989655 0.629050970077515 0.00694479793310165 0.00635680928826332 0.00744571257382631 0.049212634563446 0.0694418400526047 0.06845822930336 0.0520710870623589
-3.4e+38 -3.4e+38 -3.4e+38 -3.4e+38 -3.4e+38 -3.4e+38 -3.4e+38 -3.4e+38 -3.4e+38 -3.4e+38 2.79257619695272e-05 2.55218110396527e-05 -3.4e+38 -3.4e+38 -3.4e+38 -3.4e+38 -3.4e+38 -3.4e+38 -3.4e+38 -3.4e+38 -3.4e+38 -3.4e+38 -3.4e+38 -3.4e+38 -3.4e+38 0.0031856840942055 0.00438946345821023 0.00973061751574278 0.016459546983242 0.0351611264050007 0.0411701612174511 0.0836556255817413 0.164847299456596 0.424325972795486 0.530350387096405 0.596391379833221 0.448672533035278 0.292340278625488 0.149141520261765 0.00747345760464668 0.0110193314030766 0.00725682452321053 0.00836822856217623 0.0605410821735859 0.0721321925520897 0.0594119653105736
-3.4e+38 -3.4e+38 -3.4e+38 -3.4e+38 -3.4e+38 -3.4e+38 -3.4e+38 -3.4e+38 -3.4e+38 -3.4e+38 2.8386943085934e-05 4.84684169350658e-05 2.98573868349195e-05 -3.4e+38 -3.4e+38 -3.4e+38 -3.4e+38 -3.4e+38 -3.4e+38 -3.4e+38 -3.4e+38 -3.4e+38 -3.4e+38 -3.4e+38 -3.4e+38 0.00242124288342893 0.00349362683482468 0.00590291153639555 0.0116111068055034 0.0147127527743578 0.0284837111830711 0.0529829934239388 0.182660713791847 0.439761132001877 0.505823731422424 0.544872999191284 0.6461580991745 0.606018424034119 0.12920543551445 0.00780323287472129 0.0071663917042315 0.00547195132821798 0.00615460705012083 0.00816598162055016 0.0118831843137741 0.0713189765810966
-3.4e+38 -3.4e+38 -3.4e+38 -3.4e+38 -3.4e+38 -3.4e+38 -3.4e+38 -3.4e+38 -3.4e+38 -3.4e+38 -3.4e+38 2.16182652366115e-05 2.17887336475542e-05 -3.4e+38 -3.4e+38 -3.4e+38 -3.4e+38 -3.4e+38 -3.4e+38 -3.4e+38 -3.4e+38 -3.4e+38 -3.4e+38 -3.4e+38 -3.4e+38 0.00220982660539448 0.00220195460133255 0.00360461487434804 0.0071979109197855 0.0114933643490076 0.020656444132328 0.0416751839220524 0.129585146903992 0.344122648239136 0.42662051320076 0.53042209148407 0.669890940189362 0.67705225944519 0.2986800968647 0.209104210138321 0.0119433868676424 0.00669885287061334 0.00526449596509337 0.00547486776486039 0.00825190730392933 0.0675320476293564
-3.4e+38 -3.4e+38 -3.4e+38 -3.4e+38 -3.4e+38 -3.4e+38 -3.4e+38 -3.4e+38 -3.4e+38 -3.4e+38 -3.4e+38 -3.4e+38 -3.4e+38 -3.4e+38 -3.4e+38 -3.4e+38 -3.4e+38 -3.4e+38 -3.4e+38 -3.4e+38 -3.4e+38 -3.4e+38 -3.4e+38 -3.4e+38 -3.4e+38 0.000112003806862049 0.000130236221593805 0.0027133144903928 0.0042323237285018 0.00904779322445393 0.0174855161458254 0.0485016591846943 0.105486497282982 0.168176636099815 0.318695366382599 0.398106724023819 0.547041952610016 0.637896835803986 0.673007011413574 0.563993275165558 0.0171445552259684 0.00881550554186106 0.00707196583971381 0.00571126816794276 0.00486961472779512 0.00892440415918827
-3.4e+38 -3.4e+38 -3.4e+38 -3.4e+38 -3.4e+38 -3.4e+38 -3.4e+38 -3.4e+38 -3.4e+38 -3.4e+38 -3.4e+38 -3.4e+38 -3.4e+38 -3.4e+38 -3.4e+38 -3.4e+38 -3.4e+38 -3.4e+38 -3.4e+38 -3.4e+38 -3.4e+38 -3.4e+38 -3.4e+38 -3.4e+38 -3.4e+38 -3.4e+38 -3.4e+38 0.00200952240265906 0.00298009254038334 0.00514669809490442 0.0170787554234266 0.0345055088400841 0.0651021078228951 0.105503648519516 0.181716874241829 0.2525874376297 0.457041800022125 0.576615691184998 0.631682634353638 0.722174763679504 0.0745756328105927 0.0143939675763249 0.00946519523859024 0.00799377262592316 0.00750336283817887 0.00472491607069969
