data/climate_estimation/maxent_output/Calochortus_amoenus.asc
NCOLS 29 
NROWS 44 
XLLCORNER -120.833333333333 
YLLCORNER 34.3333333333333 
CELLSIZE 0.0833333333333335 
NODATA_value -3.4e+38 
[rows 0 to 30 of 44, columns 0 to 28 of 29]
0.704197168350220 0.865902662277222 0.834351420402527 0.843450367450714 0.73696357011795 0.677177906036377 0.688697397708893 0.679339706897736 0.656962811946869 0.712364375591278 0.650540471076965 0.710978627204895 0.659794270992279 0.583916425704956 0.488280206918716 0.398338615894318 0.244483381509781 0.16552697122097 0.0797199085354805 0.1003547757864 0.0613236203789711 0.0437607802450657 0.0196526478976011 0.0100908586755395 0.00514679541811347 0.00125581282190979 0.00018515792908147 0.000125023376313038 6.93634428898804e-05
0.567589581012726 0.76068240404129 0.820296227931976 0.850095629692078 0.86112117767334 0.813366174697876 0.741034805774689 0.721624851226807 0.719341635704041 0.752486944198608 0.764078557491302 0.71976500749588 0.641425848007202 0.519555687904358 0.384316146373749 0.264986783266068 0.250187337398529 0.191518351435661 0.139342427253723 0.0730252712965012 0.0998893082141876 0.0709533840417862 0.0337269231677055 0.0127906184643507 0.0102812387049198 0.00371980434283614 0.00100228819064796 0.000183086624019779 5.06831383972894e-05
0.559228539466858 0.598521530628204 0.709263324737549 0.858845591545105 0.895811259746552 0.8436678647995 0.718706965446472 0.653194546699524 0.63423627614975 0.724729299545288 0.711631119251251 0.717935740947723 0.633652329444885 0.47886848449707 0.397253066301346 0.406983762979507 0.298079967498779 0.147631481289864 0.0963153541088104 0.0678387209773064 0.130548015236855 0.0775644183158875 0.0416756942868233 0.027535917237401 0.0155410962179303 0.00520953303202987 0.00206757173873484 0.000488981604576111 7.40372925065458e-05
0.491193830966949 0.557098150253296 0.61078929901123 0.643252611160278 0.776916801929474 0.900944590568542 0.859969913959503 0.761315286159515 0.693853080272675 0.773557841777802 0.748555660247803 0.757173776626587 0.74082213640213 0.66322922706604 0.569369554519653 0.602294385433197 0.323535144329071 0.216117426753044 0.0961279720067978 0.107836730778217 0.118553161621094 0.0947806015610695 0.0861000940203667 0.0578418038785458 0.0374104715883732 0.0149077596142888 0.00696708355098963 0.00246636173687875 0.0001538566139061
0.443032622337341 0.49536868929863 0.605072319507599 0.594947159290314 0.695934355258942 0.776410520076752 0.888722777366638 0.867358982563019 0.801072418689728 0.796249747276306 0.826365292072296 0.804546296596527 0.788210153579712 0.684011876583099 0.5284543633461 0.355624884366989 0.284337103366852 0.163669601082802 0.205215528607368 0.228051885962486 0.194278627634048 0.1233249604702 0.0913243144750595 0.0743346065282822 0.0652910321950912 0.031474132090807 0.0112280957400799 0.00501269660890102 0.000598402344621718
0.450099438428879 0.512154877185822 0.449332505464554 0.577989995479584 0.636461615562439 0.61532586812973 0.795292735099792 0.907241761684418 0.791851758956909 0.732739150524139 0.767588257789612 0.726926207542419 0.688717782497406 0.672869145870209 0.651124775409698 0.464710354804993 0.390215486288071 0.315146237611771 0.49983948469162 0.600104331970215 0.475949794054031 0.197288364171982 0.105352744460106 0.0645732879638672 0.0661654993891716 0.0399225130677223 0.0367011092603207 0.00875528436154127 0.000688141561113298
0.386834114789963 0.414576768875122 0.482283979654312 0.479305118322372 0.533769190311432 0.625848472118378 0.66801643371582 0.852874398231506 0.89771980047226 0.77256041765213 0.805874347686768 0.798179149627686 0.771086931228638 0.687839388847351 0.636183559894562 0.579586744308472 0.501703441143036 0.69862163066864 0.64006119966507 0.802911818027496 0.417568206787109 0.155110701918602 0.129479467868805 0.0790123417973518 0.0521345175802708 0.0495888255536556 0.0689127221703529 0.0101097822189331 0.00168897863477468
0.370712339878082 0.445850491523743 0.410800904035568 0.407035112380981 0.445575445890427 0.560381889343262 0.571568012237549 0.656129658222198 0.730571985244751 0.865963578224182 0.885545492172241 0.860915780067444 0.846575796604156 0.850721299648285 0.763454139232635 0.651350915431976 0.585625648498535 0.770076930522919 0.849954783916473 0.633138537406921 0.624495804309845 0.528011858463287 0.308224588632584 0.105420492589474 0.0427998155355453 0.0738618895411491 0.101478107273579 0.0227264761924744 0.00384521391242743
0.362389922142029 0.373017162084579 0.399349898099899 0.362669378519058 0.455857664346695 0.472681820392609 0.552138149738312 0.518892109394073 0.606369137763977 0.756176829338074 0.813736259937286 0.873727738857269 0.864580869674683 0.847278594970703 0.794077575206757 0.749421834945679 0.658581376075745 0.71571159362793 0.753095984458923 0.404343098402023 0.366595566272736 0.321313470602036 0.384726703166962 0.116001315414906 0.061259888112545 0.0500549077987671 0.0557228066027164 0.0597969703376293 0.0358284451067448
0.247549921274185 0.316900730133057 0.40729832649231 0.383210301399231 0.403858184814453 0.432417392730713 0.444586962461472 0.528183817863464 0.488513320684433 0.507393538951874 0.571296334266663 0.808827936649323 0.87944507598877 0.90153044462204 0.881133198738098 0.824115991592407 0.781705498695374 0.764772653579712 0.773523151874542 0.621052145957947 0.379797011613846 0.283763498067856 0.271425604820251 0.226075634360313 0.114888794720173 0.0545021183788776 0.070933923125267 0.0349768064916134 0.0242233946919441
0.206996276974678 0.208200633525848 0.257341980934143 0.313147068023682 0.360195308923721 0.374485105276108 0.384257674217224 0.409089595079422 0.394432723522186 0.460262566804886 0.457160592079163 0.506914258003235 0.811563730239868 0.876973807811737 0.888866186141968 0.868817746639252 0.867388665676117 0.856078922748566 0.65770560503006 0.625171422958374 0.494872391223907 0.304405331611633 0.41259354352951 0.335736870765686 0.0968537554144859 0.0649759694933891 0.0553901717066765 0.023436238989234 0.0345880948007107
0.164420574903488 0.178275123238564 0.225204601883888 0.205850258469582 0.2423445135355 0.292078912258148 0.32296234369278 0.340765088796616 0.371363133192062 0.380709171295166 0.397416919469833 0.463844567537308 0.514768958091736 0.562985420227051 0.731944739818573 0.881747722625732 0.908016979694366 0.824001967906952 0.81508731842041 0.794319868087769 0.719585955142975 0.535344243049622 0.553960502147675 0.308630526065826 0.171594217419624 0.0987209677696228 0.139137834310532 0.0919318869709969 0.0192200914025307
0.134803175926208 0.151559457182884 0.156881436705589 0.197803393006325 0.174500182271004 0.222354561090469 0.256828188896179 0.276616901159286 0.275437206029892 0.284737944602966 0.332836657762527 0.388156771659851 0.430123388767242 0.389073342084885 0.574930489063263 0.673720717430115 0.868533134460449 0.869591116905212 0.874530732631683 0.897919237613678 0.849511802196503 0.749126136302948 0.696281671524048 0.405612677335739 0.547720909118652 0.423880726099014 0.467184722423553 0.100223243236542 0.0394110567867756
0.127019956707954 0.126420512795448 0.121637918055058 0.163645952939987 0.165636301040649 0.198041453957558 0.185002073645592 0.197125807404518 0.209765523672104 0.232398524880409 0.252122640609741 0.341156214475632 0.356854021549225 0.410903126001358 0.396799951791763 0.491197496652603 0.821913540363312 0.847032785415649 0.841318488121033 0.878171622753143 0.864763736724854 0.92740273475647 0.941367328166962 0.889841735363007 0.818119943141937 0.350783348083496 0.196446433663368 0.210929945111275 0.142563909292221
0.126058623194695 0.11211371421814 0.110444433987141 0.130334973335266 0.141252562403679 0.154188647866249 0.178284823894501 0.192836686968803 0.202000319957733 0.217672124505043 0.251213163137436 0.290237873792648 0.318843692541122 0.391627103090286 0.413571566343307 0.429146766662598 0.520971298217773 0.721191763877869 0.853728950023651 0.842343747615814 0.883142530918121 0.914258897304535 0.769965529441833 0.891357600688934 0.902005910873413 0.854219615459442 0.784581065177917 0.545158088207245 0.139023557305336
0.338327616453171 0.14516893029213 0.0919310078024864 0.0991121828556061 0.11401991546154 0.134127795696259 0.158927619457245 0.156148612499237 0.151800930500031 0.162325233221054 0.186332419514656 0.192003488540649 0.22956708073616 0.327089250087738 0.361397355794907 0.43634033203125 0.432390689849854 0.621867299079895 0.860946774482727 0.856030285358429 0.855434238910675 0.923953950405121 0.795577883720398 0.745749175548553 0.65974760055542 0.426495909690857 0.549027264118195 0.200830668210983 0.0403415001928806
0.248605564236641 0.170818001031876 0.103072516620159 0.0903903320431709 0.124898217618465 0.121038421988487 0.13896057009697 0.123533204197884 0.147032201290131 0.172756999731064 0.176717340946198 0.192720159888268 0.231775790452957 0.232692942023277 0.339571326971054 0.397010415792465 0.402883648872375 0.453837335109711 0.577313184738159 0.895205557346344 0.873392879962921 0.888254880905151 0.911324560642242 0.884157121181488 0.819031715393066 0.479657024145126 0.19339345395565 0.146747633814812 0.0530304722487926
0.27529963850975 0.310595810413361 0.318730145692825 0.251215219497681 0.133944928646088 0.123547613620758 0.133346006274223 0.131360530853271 0.119162350893021 0.151381373405457 0.16653998196125 0.173134416341782 0.189167186617851 0.206514343619347 0.255514144897461 0.358338415622711 0.393090933561325 0.496438771486282 0.457422822713852 0.659644424915314 0.876120269298553 0.894375383853912 0.893718838691711 0.890380322933197 0.948374092578888 0.914397835731506 0.727147042751312 0.151097238063812 0.0576075986027718
0.51058566570282 0.329767286777496 0.511925756931305 0.406684696674347 0.244706630706787 0.14036913216114 0.118307776749134 0.129236444830894 0.104725562036037 0.125150382518768 0.146868586540222 0.149682819843292 0.182743072509766 0.208105638623238 0.23412960767746 0.277972102165222 0.317333877086639 0.367453277111053 0.468554109334946 0.523521840572357 0.6636061668396 0.878977537155151 0.892013132572174 0.841160595417023 0.960220456123352 0.900862574577332 0.571394920349121 0.183801651000977 0.324908167123795
0.492486506700516 0.451695889234543 0.458934843540192 0.587992429733276 0.385224193334579 0.207184225320816 0.141816020011902 0.135005980730057 0.129058107733727 0.0981275886297226 0.109801709651947 0.131475761532784 0.10304718464613 0.125511601567268 0.150159895420074 0.197812274098396 0.247413262724876 0.37055292725563 0.406460762023926 0.45931339263916 0.595473170280457 0.661932229995728 0.914654076099396 0.882473170757294 0.920564711093903 0.772848606109619 0.372448444366455 0.29201328754425 0.270003288984299
0.454097330570221 0.468437284231186 0.470011621713638 0.585969567298889 0.635531783103943 0.47851625084877 0.179636627435684 0.132644861936569 0.122965946793556 0.0983850806951523 0.0749790146946907 0.102071605622768 0.122510157525539 0.108857199549675 0.142450973391533 0.169630318880081 0.222492203116417 0.246044427156448 0.364149391651154 0.395848006010056 0.513669490814209 0.630004048347473 0.808516979217529 0.953427076339722 0.94882333278656 0.823667883872986 0.467634290456772 0.725213527679443 0.50691819190979
0.257049560546875 0.403365969657898 0.428754717111588 0.446085542440414 0.296934753656387 0.224907979369164 0.150138065218925 0.106707632541656 0.117323368787766 0.106766983866692 0.0951950699090958 0.0810613259673119 0.102767266333103 0.0911801680922508 0.130055546760559 0.142572522163391 0.19963538646698 0.230053216218948 0.268974483013153 0.360525131225586 0.389259874820709 0.550561010837555 0.674489200115204 0.900102317333221 0.893821775913239 0.934632182121277 0.880795776844025 0.769241511821747 0.870560228824615
0.139479652047157 0.33375683426857 0.43305978178978 0.411784052848816 0.322850406169891 0.201159581542015 0.134177148342133 0.0981983467936516 0.0817394480109215 0.0680313184857368 0.09518813341856 0.0942490547895432 0.0795034170150757 0.0698400214314461 0.0985638350248337 0.133009120821953 0.162129446864128 0.192532628774643 0.22495125234127 0.263949602842331 0.338004380464554 0.419804632663727 0.475159019231796 0.539651155471802 0.748754024505615 0.928265869617462 0.905145823955536 0.808797538280487 0.932855308055878
0.0959769114851952 0.234264373779297 0.370958805084229 0.474378347396851 0.309614300727844 0.28313884139061 0.247023910284042 0.138007715344429 0.167970418930054 0.105754099786282 0.0608555488288403 0.0567288398742676 0.0872849151492119 0.077296569943428 0.0710915625095367 0.0972247272729874 0.131983950734138 0.158111542463303 0.177644342184067 0.20526710152626 0.272386312484741 0.271839082241058 0.395679146051407 0.471453726291656 0.734941184520721 0.954967200756073 0.882209897041321 0.842798590660095 0.950230121612549
0.0734679698944092 0.156800553202629 0.221023365855217 0.443332135677338 0.451510846614838 0.520802974700928 0.605824589729309 0.375405371189117 0.19113877415657 0.140878692269325 0.0943537876009941 0.058413565158844 0.0890832021832466 0.0952952429652214 0.0787317454814911 0.0718665197491646 0.114491246640682 0.118731118738651 0.130389750003815 0.176628902554512 0.14956322312355 0.245959609746933 0.350423216819763 0.443259209394455 0.757539212703705 0.951355159282684 0.863283395767212 0.941873073577881 0.897095859050751
0.0479172915220261 0.078167051076889 0.176981583237648 0.296484440565109 0.300359636545181 0.30693855881691 0.502488613128662 0.396039634943008 0.211897909641266 0.131729856133461 0.122709184885025 0.0836440995335579 0.0928593426942825 0.0968004614114761 0.0978982672095299 0.0896880701184273 0.0894132554531097 0.110633663833141 0.0978110134601593 0.128723546862602 0.1603092700243 0.195220813155174 0.234464764595032 0.344082325696945 0.648244678974152 0.864176094532013 0.912473082542419 0.854192137718201 0.889129936695099
0.0303104966878891 0.0466068014502525 0.118950240314007 0.151874214410782 0.310698568820953 0.26447981595993 0.24809767305851 0.426716715097427 0.259227216243744 0.143622010946274 0.161807835102081 0.102858267724514 0.0892185643315315 0.110543511807919 0.100820861756802 0.101290613412857 0.0926885828375816 0.0977920740842819 0.0751085802912712 0.0840398371219635 0.103127047419548 0.159516915678978 0.205822870135307 0.357769280672073 0.793903827667236 0.9451003074646 0.913860976696014 0.889609038829803 0.845849752426147
0.0531457513570786 0.038454033434391 0.0507736951112747 0.0876751840114594 0.177410766482353 0.235222429037094 0.274846017360687 0.401627600193024 0.291192501783371 0.165388688445091 0.180223643779755 0.123220339417458 0.107660666108131 0.102461151778698 0.108938060700893 0.0768101513385773 0.0791780352592468 0.0772358104586601 0.0935623794794083 0.0800025314092636 0.0952009484171867 0.163724049925804 0.188205525279045 0.367165952920914 0.819098651409149 0.88934987783432 0.953222870826721 0.923945188522339 0.68975305557251
0.100733757019043 0.0732296481728554 0.0793090537190437 0.126003205776215 0.125127345323563 0.175406008958817 0.278578102588654 0.39637964963913 0.336068123579025 0.198211744427681 0.218867272138596 0.19041208922863 0.129648864269257 0.146343216300011 0.108999624848366 0.0829327926039696 0.0859494805335999 0.077387809753418 0.0851055979728699 0.0814861282706261 0.112989701330662 0.167286619544029 0.223227128386497 0.363749861717224 0.804589331150055 0.879738867282867 0.950832605361938 0.874329090118408 0.514132857322693
0.0572117157280445 0.0553282536566257 0.0920663252472878 0.117183476686478 0.16488216817379 0.18807689845562 0.219448879361153 0.266199916601181 0.419560074806213 0.360482901334763 0.302854865789413 0.221596211194992 0.180856838822365 0.180630102753639 0.116351410746574 0.0941731408238411 0.0902256295084953 0.0761274471879005 0.0801265388727188 0.0701321810483932 0.0708953589200974 0.136622503399849 0.165356189012527 0.220689281821251 0.655160129070282 0.851729035377502 0.82540625333786 0.807465076446533 0.823863327503204
0.0386746637523174 0.0512684062123299 0.0612788684666157 0.107427917420864 0.147800743579865 0.196642473340034 0.232602819800377 0.220960274338722 0.380620658397675 0.50609689950943 0.59691846370697 0.376360148191452 0.252656608819962 0.19858093559742 0.122491866350174 0.0852994024753571 0.072956494987011 0.0701761245727539 0.0655598640441895 0.0653801932930946 0.0872694030404091 0.113013863563538 0.12476259469986 0.135743632912636 0.345971018075943 0.718499898910522 0.91375720500946 0.834864616394043 0.831464171409607
