data/climate_estimation/maxent_output/Calochortus_superbus.asc
NCOLS 134 
NROWS 95 
XLLCORNER -123.666666666667 
YLLCORNER 33.1666666666667 
CELLSIZE 0.0833333333333334 
NODATA_value -3.4e+38 
[rows 40 to 59 of 95, columns 0 to 43 of 134]
-3.4e+38 -3.4e+38 -3.4e+38 -3.4e+38 -3.4e+38 -3.4e+38 -3.4e+38 -3.4e+38 -3.4e+38 -3.4e+38 -3.4e+38 -3.4e+38 -3.4e+38 0.0116565199568868 0.0177298281341791 0.0174483750015497 0.049396775662899 0.0704540759325027 0.123850159347057 0.200812369585037 0.252743482589722 0.225598454475403 0.272436231374741 0.343016803264618 0.476733505725861 0.447133928537369 0.367020845413208 0.377460300922394 0.419811397790909 0.443571984767914 0.460280418395996 0.46045783162117 0.487611830234528 0.498144418001175 0.51896733045578 0.559870600700378 0.596820652484894 0.61459219455719 0.680157065391541 0.762027561664581 0.846395015716553 0.826000809669495 0.868910014629364 0.875288069248199
-3.4e+38 -3.4e+38 -3.4e+38 -3.4e+38 -3.4e+38 -3.4e+38 -3.4e+38 -3.4e+38 -3.4e+38 -3.4e+38 -3.4e+38 -3.4e+38 -3.4e+38 0.0100462166592479 0.0173838697373867 0.0267293844372034 0.0460685044527054 -3.4e+38 0.119140960276127 0.161859035491943 0.31878125667572 0.218760684132576 0.266486763954163 0.376352608203888 0.592825651168823 0.566561996936798 0.494659572839737 0.407591193914413 0.399438828229904 0.417783558368683 0.413721352815628 0.435913413763046 0.453119933605194 0.477364152669907 0.488107889890671 0.523390591144562 0.575717687606812 0.588431298732758 0.629303276538849 0.673670291900635 0.765911400318146 0.865067362785339 0.844299793243408 0.853616416454315
-3.4e+38 -3.4e+38 -3.4e+38 -3.4e+38 -3.4e+38 -3.4e+38 -3.4e+38 -3.4e+38 -3.4e+38 -3.4e+38 -3.4e+38 -3.4e+38 -3.4e+38 0.0102606061846018 0.0243517681956291 0.033317107707262 0.064190685749054 0.108269937336445 0.109074875712395 0.100555218756199 0.134866416454315 0.265079617500305 0.428532153367996 0.632252514362335 0.664717853069305 0.722581267356873 0.699104130268097 0.640037596225739 0.476626694202423 0.406943947076797 0.408980339765549 0.408410042524338 0.43366214632988 0.442599177360535 0.46680349111557 0.512287557125092 0.574201703071594 0.631068706512451 0.659193515777588 0.654229164123535 0.683073580265045 0.812300562858582 0.849471986293793 0.857434749603271
-3.4e+38 -3.4e+38 -3.4e+38 -3.4e+38 -3.4e+38 -3.4e+38 -3.4e+38 -3.4e+38 -3.4e+38 -3.4e+38 -3.4e+38 -3.4e+38 -3.4e+38 -3.4e+38 0.011687783524394 0.0371205322444439 0.0729985758662224 0.120587773621082 0.104308605194092 0.0804992020130157 0.096574991941452 0.233825206756592 0.401482313871384 0.615205109119415 0.646841108798981 0.719457268714905 0.733023345470428 0.711880683898926 0.598954439163208 0.480276703834534 0.4064901471138 0.40939012169838 0.403370648622513 0.414571434259415 0.4176085293293 0.514517188072205 0.559131324291229 0.585413992404938 0.618103623390198 0.65659636259079 0.675672054290771 0.723898649215698 0.818633437156677 0.840612769126892
-3.4e+38 -3.4e+38 -3.4e+38 -3.4e+38 -3.4e+38 -3.4e+38 -3.4e+38 -3.4e+38 -3.4e+38 -3.4e+38 -3.4e+38 -3.4e+38 -3.4e+38 -3.4e+38 0.0124569907784462 0.0269004907459021 0.0820207744836807 0.108308404684067 0.127519711852074 0.0972097218036652 0.104455418884754 0.125403329730034 0.316183865070343 0.553540050983429 0.666951060295105 0.627917766571045 0.647503077983856 0.688137233257294 0.635577857494354 0.551782369613647 0.424597442150116 0.412469506263733 0.418454885482788 0.452238261699677 0.454866379499435 0.502442717552185 0.516768038272858 0.535578370094299 0.553576111793518 0.601392090320587 0.610620260238647 0.670840620994568 0.670612573623657 0.793900847434998
-3.4e+38 -3.4e+38 -3.4e+38 -3.4e+38 -3.4e+38 -3.4e+38 -3.4e+38 -3.4e+38 -3.4e+38 -3.4e+38 -3.4e+38 -3.4e+38 -3.4e+38 -3.4e+38 -3.4e+38 0.0155534315854311 0.0445708930492401 0.111705310642719 0.194639712572098 0.188961774110794 0.166388973593712 0.156428039073944 0.207281917333603 0.417365729808807 0.625374317169189 0.63844621181488 0.610009729862213 0.613624095916748 0.610681772232056 0.541280269622803 0.427590787410736 0.421622037887573 0.42715921998024 0.395578384399414 0.433501958847046 0.449526458978653 0.476934343576431 0.490595042705536 0.529025852680206 0.537747383117676 0.569079875946045 0.572713136672974 0.660627007484436 0.74457585811615
-3.4e+38 -3.4e+38 -3.4e+38 -3.4e+38 -3.4e+38 -3.4e+38 -3.4e+38 -3.4e+38 -3.4e+38 -3.4e+38 -3.4e+38 -3.4e+38 -3.4e+38 -3.4e+38 -3.4e+38 0.0134333297610283 0.038183618336916 0.094133697450161 0.155141368508339 0.223702922463417 0.23712882399559 0.260086804628372 0.241296395659447 0.293986588716507 0.378000736236572 0.574290990829468 0.524970471858978 0.497486293315887 0.582522988319397 0.563130557537079 0.437106400728226 0.389690309762955 0.403681248426437 0.380174219608307 0.377129882574081 0.405840992927551 0.445569634437561 0.452958792448044 0.471148401498795 0.484264731407166 0.503056883811951 0.543462932109833 0.55281925201416 0.606715261936188
-3.4e+38 -3.4e+38 -3.4e+38 -3.4e+38 -3.4e+38 -3.4e+38 -3.4e+38 -3.4e+38 -3.4e+38 -3.4e+38 -3.4e+38 -3.4e+38 -3.4e+38 -3.4e+38 -3.4e+38 0.0145439179614186 0.0282906927168369 0.0659828558564186 0.101948641240597 0.130032628774643 0.202944159507751 0.311940968036652 0.283501386642456 0.220110356807709 0.232155129313469 0.39883479475975 0.481615751981735 0.441674172878265 0.487092226743698 0.561733603477478 0.442168623209 0.377281904220581 0.386757016181946 0.325654894113541 0.331433922052383 0.335037589073181 0.376629590988159 0.402354627847672 0.423358291387558 0.428095012903214 0.44591411948204 0.468267261981964 0.476240485906601 0.520952582359314
-339999999999999996123846586046231871488.000000000000000 -3.4e+38 -3.4e+38 -3.4e+38 -3.4e+38 -3.4e+38 -3.4e+38 -3.4e+38 -3.4e+38 -3.4e+38 -3.4e+38 -3.4e+38 -3.4e+38 -3.4e+38 -3.4e+38 -3.4e+38 0.0206920839846134 0.0358056910336018 0.0643042474985123 0.0642121434211731 0.0806564465165138 0.170476973056793 0.224039763212204 0.226376637816429 0.160121202468872 0.197218120098114 0.307479560375214 0.341068089008331 0.397034406661987 0.458955466747284 0.405858129262924 0.372269570827484 0.296274274587631 0.248382315039635 0.259149581193924 0.279815077781677 0.326278775930405 0.329682856798172 0.358617782592773 0.383913427591324 0.39942729473114 0.41770800948143 0.434406697750092 0.446286141872406
-3.4e+38 -3.4e+38 -3.4e+38 -3.4e+38 -3.4e+38 -3.4e+38 -3.4e+38 -3.4e+38 -3.4e+38 -3.4e+38 -3.4e+38 -3.4e+38 -3.4e+38 -3.4e+38 -3.4e+38 -3.4e+38 -3.4e+38 0.0193060003221035 0.026947844773531 0.0282783843576908 0.0338614322245121 0.0495952777564526 0.0476735383272171 0.103731714189053 0.187324970960617 0.131858870387077 0.144549235701561 0.196264132857323 0.326520800590515 0.473194152116776 0.399105161428452 0.338969588279724 0.268673747777939 0.201538264751434 0.203946635127068 0.222082033753395 0.235231593251228 0.283221900463104 0.286950141191483 0.324324727058411 0.347216308116913 0.373211473226547 0.385659456253052 0.40017181634903
-3.4e+38 -3.4e+38 -3.4e+38 -3.4e+38 -3.4e+38 -3.4e+38 -3.4e+38 -3.4e+38 -3.4e+38 -3.4e+38 -3.4e+38 -3.4e+38 -3.4e+38 -3.4e+38 -3.4e+38 -3.4e+38 -3.4e+38 -3.4e+38 -3.4e+38 -3.4e+38 -3.4e+38 0.0243255253881216 0.0218169242143631 0.0314498730003834 0.0618348307907581 0.0782262831926346 0.0981570482254028 0.116470016539097 0.22123658657074 0.445611655712128 0.481933295726776 0.411906689405441 0.297508388757706 0.265871465206146 0.163903191685677 0.182658344507217 0.18066143989563 0.219484388828278 0.23515847325325 0.263808190822601 0.274837136268616 0.310758709907532 0.334596961736679 0.362988293170929
-3.4e+38 -3.4e+38 -3.4e+38 -3.4e+38 -3.4e+38 -3.4e+38 -3.4e+38 -3.4e+38 -3.4e+38 -3.4e+38 -3.4e+38 -3.4e+38 -3.4e+38 -3.4e+38 -3.4e+38 -3.4e+38 -3.4e+38 -3.4e+38 -3.4e+38 -3.4e+38 -3.4e+38 -3.4e+38 0.0134814428165555 0.0180729515850544 0.0304784905165434 0.106889463961124 0.136045411229134 0.108528777956963 0.134042039513588 0.291473358869553 0.428987383842468 0.526041328907013 0.579561054706573 0.304833292961121 0.176440864801407 0.163311660289764 0.15825642645359 0.182186037302017 0.197762817144394 0.194804817438126 0.238307610154152 0.264669865369797 0.287758350372314 0.333175748586655
-3.4e+38 -3.4e+38 -3.4e+38 -3.4e+38 -3.4e+38 -3.4e+38 -3.4e+38 -3.4e+38 -3.4e+38 -3.4e+38 -3.4e+38 -3.4e+38 -3.4e+38 -3.4e+38 -3.4e+38 -3.4e+38 -3.4e+38 -3.4e+38 -3.4e+38 -3.4e+38 -3.4e+38 -3.4e+38 0.007814547047019 0.00901167839765549 0.0119292354211211 0.0491223111748695 0.249900743365288 0.188716128468513 0.11261398345232 0.188670679926872 0.372108340263367 0.49419578909874 0.621705055236816 0.314580082893372 0.388627886772156 0.214416280388832 0.154601946473122 0.156133264303207 0.161815166473389 0.16348472237587 0.189270287752151 0.197738438844681 0.234334751963615 0.278317004442215
-3.4e+38 -3.4e+38 -3.4e+38 -3.4e+38 -3.4e+38 -3.4e+38 -3.4e+38 -3.4e+38 -3.4e+38 -3.4e+38 -3.4e+38 -3.4e+38 -3.4e+38 -3.4e+38 -3.4e+38 -3.4e+38 -3.4e+38 -3.4e+38 -3.4e+38 -3.4e+38 0.00600733002647758 0.00455930223688483 0.00930538401007652 0.00905306730419397 0.00818588119000196 0.013326670974493 0.0492952950298786 0.224882915616035 0.262642532587051 0.198658436536789 0.319909125566483 0.472826689481735 0.453681260347366 0.290463149547577 0.342691987752914 0.268841028213501 0.145562514662743 0.151987254619598 0.15520167350769 0.148767039179802 0.157838463783264 0.167294397950172 0.205476507544518 0.251340985298157
-3.4e+38 -3.4e+38 -3.4e+38 -3.4e+38 -3.4e+38 -3.4e+38 -3.4e+38 -3.4e+38 -3.4e+38 -3.4e+38 -3.4e+38 -3.4e+38 -3.4e+38 -3.4e+38 -3.4e+38 -3.4e+38 -3.4e+38 -3.4e+38 -3.4e+38 -3.4e+38 0.00569717306643724 0.00818001292645931 0.0136984344571829 0.0252231527119875 0.0835840627551079 0.0235772337764502 0.0187470279633999 0.0790469273924828 0.220801368355751 0.236752808094025 0.251636236906052 0.397722959518433 0.535070240497589 0.479743421077728 0.421808451414108 0.38815239071846 0.379692673683167 0.311660915613174 0.17872029542923 0.149358600378036 0.152592152357101 0.153495639562607 0.16784080862999 0.212337389588356
-3.4e+38 -3.4e+38 -3.4e+38 -3.4e+38 -3.4e+38 -3.4e+38 -3.4e+38 -3.4e+38 -3.4e+38 -3.4e+38 -3.4e+38 -3.4e+38 -3.4e+38 -3.4e+38 -3.4e+38 -3.4e+38 -3.4e+38 -3.4e+38 -3.4e+38 -3.4e+38 0.00786126777529716 0.0245493371039629 0.0353912673890591 0.0256280899047852 0.0612012334167957 0.148527771234512 0.0325216948986053 0.0233441274613142 0.0913590639829636 0.192486450076103 0.18696191906929 0.268529564142227 0.403323709964752 0.598338007926941 0.59096485376358 0.482222855091095 0.563520312309265 0.494091987609863 0.293788939714432 0.147298946976662 0.143360406160355 0.147865772247314 0.151082068681717 0.175589621067047
-3.4e+38 -3.4e+38 -3.4e+38 -3.4e+38 -3.4e+38 -3.4e+38 -3.4e+38 -3.4e+38 -3.4e+38 -3.4e+38 -3.4e+38 -3.4e+38 -3.4e+38 -3.4e+38 -3.4e+38 -3.4e+38 -3.4e+38 -3.4e+38 -3.4e+38 -3.4e+38 -3.4e+38 0.0164360143244267 0.0623358748853207 0.0697185471653938 0.0674318075180054 0.129816010594368 0.184267640113831 0.0578568987548351 0.0284138489514589 0.055745143443346 0.0956341773271561 0.196332827210426 0.301999986171722 0.517913997173309 0.605412185192108 0.720222473144531 0.731649696826935 0.621213614940643 0.428930670022964 0.258156687021255 0.145311832427979 0.131383836269379 0.13014318048954 0.15188030898571
-3.4e+38 -3.4e+38 -3.4e+38 -3.4e+38 -3.4e+38 -3.4e+38 -3.4e+38 -3.4e+38 -3.4e+38 -3.4e+38 -3.4e+38 -3.4e+38 -3.4e+38 -3.4e+38 -3.4e+38 -3.4e+38 -3.4e+38 -3.4e+38 -3.4e+38 -3.4e+38 -3.4e+38 0.00799672771245241 0.0254461858421564 0.0667849853634834 0.13897217810154 0.158618420362473 0.0690614953637123 0.0829032734036446 0.0402922481298447 0.0444105416536331 0.0620589889585972 0.115631282329559 0.167807191610336 0.341917037963867 0.589777708053589 0.660772264003754 0.68635231256485 0.703254163265228 0.681312441825867 0.515915513038635 0.229678198695183 0.142692506313324 0.130571007728577 0.155098408460617
-3.4e+38 -3.4e+38 -3.4e+38 -3.4e+38 -3.4e+38 -3.4e+38 -3.4e+38 -3.4e+38 -3.4e+38 -3.4e+38 -3.4e+38 -3.4e+38 -3.4e+38 -3.4e+38 -3.4e+38 -3.4e+38 -3.4e+38 -3.4e+38 -3.4e+38 -3.4e+38 -3.4e+38 -3.4e+38 0.0114553747698665 0.0368269085884094 0.0833993628621101 0.071620836853981 0.0829587131738663 0.131460979580879 0.0704125985503197 0.0683035477995872 0.0463070720434189 0.0787688866257668 0.140994191169739 0.218855619430542 0.397604584693909 0.56259948015213 0.624071002006531 0.562331736087799 0.386590540409088 0.298805177211761 0.234506830573082 0.144117534160614 0.135178312659264 0.123812071979046
-3.4e+38 -3.4e+38 -3.4e+38 -3.4e+38 -3.4e+38 -3.4e+38 -3.4e+38 -3.4e+38 -3.4e+38 -3.4e+38 -3.4e+38 -3.4e+38 -3.4e+38 -3.4e+38 -3.4e+38 -3.4e+38 -3.4e+38 -3.4e+38 -3.4e+38 -3.4e+38 -3.4e+38 -3.4e+38 -3.4e+38 0.0115914447233081 0.0388328395783901 0.0826808661222458 0.108416944742203 0.135384395718575 0.114881925284863 0.0816197618842125 0.0530803501605988 0.0528091266751289 0.0822964906692505 0.138099700212479 0.283735036849976 0.461838006973267 0.57109522819519 0.541737377643585 0.438741654157639 0.281262397766113 0.184738770127296 0.141925871372223 0.11230943351984 0.0938896834850311
