data/climate_estimation/maxent_output/Calochortus_excavatus.asc
NCOLS 118 
NROWS 56 
XLLCORNER -119.416666666667 
YLLCORNER 33.6666666666667 
CELLSIZE 0.0833333333333333 
NODATA_value -3.4e+38 
[rows 0 to 18 of 56, columns 43 to 85 of 118]
0.0349143892526627 0.0220063030719757 0.0529636666178703 0.045087244361639 0.0492834337055683 0.0323908813297749 0.0237412564456463 0.0254258774220943 0.0250353328883648 0.0254848562180996 0.0286599118262529 0.0305586960166693 0.0315341465175152 0.0279034487903118 0.0285106915980577 0.0266647916287184 0.0298404432833195 0.0214406363666058 0.0225740410387516 0.0245184302330017 0.0246188007295132 0.00470371544361115 0.0366681553423405 0.0204453859478235 0.00462194392457604 0.00425292691215873 0.0191908869892359 0.003331967163831 0.00397306261584163 0.00459710462018847 0.00343852816149592 0.00288168480619788 0.00233021122403443 0.00179185357410461 0.00190348236355931 0.0341893173754215 0.00357320322655141 0.00405829912051558 0.00429317774251103 0.0310832560062408 0.0144514255225658 0.0146891828626394 0.0185233019292355
0.0298205614089966 0.0643923580646515 0.0642075911164284 0.0554690957069397 0.0399214997887611 0.0282614473253489 0.0306650046259165 0.024668350815773 0.0286693070083857 0.0268616881221533 0.0287697929888964 0.0294231660664082 0.0278390888124704 0.0323278903961182 0.0307787340134382 0.0272256080061197 0.0305344983935356 0.0202372279018164 0.0288565270602703 0.0342053174972534 0.0232727788388729 0.0264508686959743 0.0406599827110767 0.0188242457807064 0.0298127755522728 0.00514795770868659 0.00522565469145775 0.0371386148035526 0.00463834684342146 0.00382496486417949 0.00332708307541907 0.00313212256878614 0.0028906986117363 0.00244197738356888 0.001974081620574 0.00384012586437166 0.00417281407862902 0.00412198575213552 0.00344066834077239 0.0182735808193684 0.0151941981166601 0.0190189871937037 0.00483383843675256
0.10209272056818 0.0865518748760223 0.0843510031700134 0.069640189409256 0.041015088558197 0.0319902151823044 0.0272721797227859 0.0337855108082294 0.0328140892088413 0.0291765760630369 0.0268088839948177 0.0276028849184513 0.0263633523136377 0.0240564290434122 0.0276724454015493 0.0263570882380009 0.026337031275034 0.0302568953484297 0.0246927719563246 0.0352841950953007 0.0338830500841141 0.0290388502180576 0.0418894588947296 0.0262773688882589 0.0247902795672417 0.0443872809410095 0.0432083606719971 0.00422937422990799 0.00417298497632146 0.00389990024268627 0.00349565991200507 0.00249514216557145 0.00355692440643907 0.0030187803786248 0.00327239255420864 0.0251346491277218 0.0204230286180973 0.0263607352972031 0.00367618887685239 0.0212125200778246 0.0172332059592009 0.0246123913675547 0.00631664227694273
0.110238894820213 0.12500424683094 0.0838548690080643 0.0466181486845016 0.0365728102624416 0.0383961386978626 0.0259577836841345 0.029058150947094 0.0515423230826855 0.0363043956458569 0.0275485441088676 0.029668377712369 0.0251685027033091 0.0232522245496511 0.0327729023993015 0.0295299403369427 0.0262044742703438 0.0239946804940701 0.0263148415833712 0.0316326767206192 0.037102110683918 0.0302417948842049 0.0428703688085079 0.0425263345241547 0.0353371389210224 0.0463022291660309 0.00382097344845533 0.00393328536301851 0.0036685997620225 0.00292279059067369 0.00307822623290122 0.00301762344315648 0.00431648502126336 0.00348411733284593 0.0334250256419182 0.0318426229059696 0.0340639986097813 0.00343305012211204 0.0285267382860184 0.0231734029948711 0.0264638401567936 0.0626458749175072 0.0277204066514969
0.0913480743765831 0.082723043859005 0.0884491130709648 0.067562498152256 0.0582520626485348 0.0467507094144821 0.0309772342443466 0.0388054884970188 0.0459492616355419 0.0426923520863056 0.02596022374928 0.0263324938714504 0.0231208000332117 0.0259269587695599 0.0323213115334511 0.037417683750391 0.0242460835725069 0.0248725954443216 0.0292831230908632 0.0300290938466787 0.0311557352542877 0.0245449859648943 0.0299364421516657 0.0377710461616516 0.0348343402147293 0.0499789714813232 0.00363719766028225 0.00341344764456153 0.0396719165146351 0.034419909119606 0.033896878361702 0.0314171947538853 0.0331151559948921 0.00374919548630714 0.00345677114091814 0.0401462092995644 0.0261174608021975 0.0330886952579021 0.02247085981071 0.0264098662883043 0.00561063690111041 0.00974205229431391 0.0313809663057327
0.0635583400726318 0.0588906034827232 0.103660337626934 0.0784756243228912 0.111889444291592 0.0485875271260738 0.0373574383556843 0.0386553779244423 0.0493388622999191 0.0336361713707447 0.0366070494055748 0.0289331041276455 0.0217877048999071 0.0240057017654181 0.0334828868508339 0.0378607362508774 0.0233087558299303 0.0255541764199734 0.0290810689330101 0.0288658440113068 0.0326700508594513 0.0388673022389412 0.0414360761642456 0.0370113179087639 0.0395164005458355 0.0481530092656612 0.0423534251749516 0.0404425300657749 0.0319299884140491 0.0304007306694984 0.0316655710339546 0.0302371457219124 0.0299785956740379 0.0425487123429775 0.0356899909675121 0.0318213403224945 0.0329285115003586 0.0252712778747082 0.0222760178148746 0.0317437872290611 0.00902509596198797 0.0111286733299494 0.044250912964344
0.0571325495839119 0.0548630580306053 0.0849637389183044 0.0973483026027679 0.108603127300739 0.0713395625352859 0.0514606758952141 0.0400677435100079 0.0388096757233143 0.0297783389687538 0.0406792834401131 0.0302780661731958 0.0265604089945555 0.0305112134665251 0.029642179608345 0.0246643293648958 0.0240678712725639 0.0242722555994987 0.0271277334541082 0.0324339158833027 0.0343996435403824 0.0355268940329552 0.03481225669384 0.0435287728905678 0.0374510623514652 0.0463766641914845 0.0431667678058147 0.0328131578862667 0.0277056638151407 0.0250977296382189 0.0219171885401011 0.030010873451829 0.0295703243464231 0.028953293338418 0.0335222259163857 0.0285843089222908 0.0238592140376568 0.0279478263109922 0.0236193630844355 0.02983601950109 0.076573982834816 0.152290478348732 0.066398985683918
0.0524195171892643 0.0564974658191204 0.0818580463528633 0.124489203095436 0.1188805103302 0.102793216705322 0.0624504387378693 0.0364625304937363 0.0385173484683037 0.0412121452391148 0.0475085489451885 0.0283199455589056 0.0252849161624908 0.0305179096758366 0.0279315840452909 0.0385207943618298 0.0256231613457203 0.0268962793052197 0.0313126742839813 0.0347866080701351 0.0342133417725563 0.0289876013994217 0.0299008395522833 0.0386601239442825 0.0337657779455185 0.0347573608160019 0.0305679626762867 0.0284319669008255 0.0248891022056341 0.0275438483804464 0.0255771316587925 0.0256572850048542 0.0316345356404781 0.0305284634232521 0.0278376080095768 0.0308254305273294 0.0280614886432886 0.0326905362308025 0.0272842757403851 0.0315705500543118 0.0499946624040604 0.115265429019928 0.0634937733411789
0.0653321593999863 0.0876960903406143 0.134174257516861 0.147201165556908 0.122899666428566 0.107700295746326 0.0519234538078308 0.0369831770658493 0.0392242297530174 0.0417852997779846 0.0381283387541771 0.0392531603574753 0.034631572663784 0.0416436046361923 0.0339186824858189 0.0258861463516951 0.0247259456664324 0.0256461538374424 0.0348299369215965 0.0332332439720631 0.0341994166374207 0.0286017321050167 0.0330316089093685 0.0280974730849266 0.028939813375473 0.0229435171931982 0.0249860901385546 0.0224217046052217 0.0259768702089787 0.0313383713364601 0.0264076832681894 0.0226486846804619 0.0246898420155048 0.0292019378393888 0.0287903901189566 0.0274006184190512 0.0314942188560963 0.0339243300259113 0.0332269854843616 0.0337211415171623 0.0527816936373711 0.0504572093486786 0.046061921864748
0.174666613340378 0.133420705795288 0.0730135515332222 0.0931886732578278 0.109438993036747 0.0978380292654037 0.0513897649943829 0.0388517789542675 0.0499322004616261 0.0652500689029694 0.0461321622133255 0.0400259010493755 0.0451329313218594 0.0611733645200729 0.0406778566539288 0.0314834602177143 0.040198840200901 0.0270715039223433 0.0293421056121588 0.0278209559619427 0.0276607796549797 0.0272152349352837 0.0330233760178089 0.0287481974810362 0.0300977863371372 0.0233123451471329 0.0237487182021141 0.0262408573180437 0.034557368606329 0.0366565957665443 0.0288549792021513 0.0242756120860577 0.0324909724295139 0.0351233892142773 0.0404307506978512 0.0349544957280159 0.0391303934156895 0.0338153205811977 0.0330442935228348 0.0435818731784821 0.0497093684971333 0.0393097475171089 0.0463088974356651
0.179650455713272 0.208924740552902 0.103218540549278 0.0748438462615013 0.0911381095647812 0.0939581915736198 0.0708584487438202 0.0381694175302982 0.0489261895418167 0.0777762979269028 0.0532180406153202 0.0420422405004501 0.0598926618695259 0.0591280981898308 0.0437783487141132 0.0366001576185226 0.0399516448378563 0.0320407748222351 0.0318364500999451 0.0304334815591574 0.0314289443194866 0.0258070267736912 0.0315259583294392 0.0278483722358942 0.0263916868716478 0.0226432494819164 0.0247713066637516 0.03173753246665 0.0351646021008492 0.0356315970420837 0.0219617038965225 0.0262302849441767 0.0404116809368134 0.0402776561677456 0.0449725836515427 0.0369286090135574 0.0390145070850849 0.041659839451313 0.0405625440180302 0.044883880764246 0.0496798977255821 0.048891756683588 0.0497482493519783
0.130351826548576 0.170968249440193 0.134476140141487 0.0910893380641937 0.0914261117577553 0.123400993645191 0.109794743359089 0.0516772903501987 0.0516538880765438 0.0518483184278011 0.056024968624115 0.0511460192501545 0.0591221563518047 0.0572906173765659 0.0420273840427399 0.0316102206707001 0.0375126712024212 0.0344757325947285 0.0370587557554245 0.0314990617334843 0.0253446958959103 0.0258289221674204 0.0210259296000004 0.0251366253942251 0.0226264633238316 0.0221063643693924 0.0237883422523737 0.0364475548267365 0.0422310121357441 0.0382448844611645 0.0201347041875124 0.023607624694705 0.0327527485787868 0.045545618981123 0.0438073463737965 0.0444809608161449 0.0503025017678738 0.0515430457890034 0.0533935353159904 0.0558429248631001 0.0603380985558033 0.0560796149075031 0.0628762543201447
0.10714840143919 0.125107437372208 0.136968299746513 0.115594603121281 0.0844759047031403 0.119021385908127 0.114124849438667 0.0739621073007584 0.0519103519618511 0.0664300620555878 0.0691305175423622 0.0706490948796272 0.0784823223948479 0.0521476753056049 0.0408527106046677 0.0340967774391174 0.0225461181253195 0.0327666662633419 0.0336977392435074 0.0324363186955452 0.0230026487261057 0.0232745185494423 0.0235911328345537 0.0238630902022123 0.0196972191333771 0.0230098329484463 0.0238124188035727 0.0329403504729271 0.0308457482606173 0.024265157058835 0.0207478441298008 0.0249167624861002 0.0213799029588699 0.0333145670592785 0.0508130937814713 0.0512929819524288 0.0570709407329559 0.0535764694213867 0.0503323823213577 0.0592272579669952 0.0531887151300907 0.0598238743841648 0.05671276897192
0.118685446679592 0.131099686026573 0.157205492258072 0.169561266899109 0.0941591486334801 0.0916920602321625 0.0943866819143295 0.0977434813976288 0.0484014935791492 0.0553958900272846 0.057277575135231 0.0731251388788223 0.0622863620519638 0.0372460074722767 0.0425577126443386 0.0329903624951839 0.0289284866303205 0.0284772999584675 0.0295231360942125 0.0257855206727982 0.0213041696697474 0.02084906026721 0.0196855422109365 0.0272271446883678 0.0252339635044336 0.0246262829750776 0.0241527296602726 0.0262205675244331 0.0227755811065435 0.023765567690134 0.0345554053783417 0.0174225475639105 0.016396090388298 0.0205668192356825 0.0297076366841793 0.0533898733556271 0.042911022901535 0.0456197932362556 0.054099652916193 0.0511089339852333 0.0664132609963417 0.074218675494194 0.0755888745188713
0.145345970988274 0.147112146019936 0.182526111602783 0.175952509045601 0.124260537326336 0.0939477831125259 0.072544626891613 0.0835577771067619 0.0942841321229935 0.0544790178537369 0.048126433044672 0.0615158304572105 0.047091007232666 0.0366297923028469 0.0393912829458714 0.0271838735789061 0.0227131936699152 0.0311096888035536 0.0264814104884863 0.0340376868844032 0.0280654858797789 0.0209999438375235 0.0271478351205587 0.0313960202038288 0.0229475889354944 0.0226300656795502 0.0253773983567953 0.0290956329554319 0.0244631804525852 0.0236364714801311 0.0212346259504557 0.025172395631671 0.0234669484198093 0.0240435674786568 0.0422951690852642 0.0620201416313648 0.0539631694555283 0.0570083037018776 0.0566793084144592 0.0460103005170822 0.0499182492494583 0.0638331174850464 0.0766255706548691
0.192477524280548 0.200797364115715 0.233806699514389 0.210932895541191 0.120084129273891 0.110952273011208 0.0633744969964027 0.0596995465457439 0.129817441105843 0.0405470281839371 0.0430339872837067 0.0386225059628487 0.0479504503309727 0.0385063588619232 0.0294820424169302 0.0295445714145899 0.0472650192677975 0.0366336591541767 0.0261654071509838 0.0315239764750004 0.0260660611093044 0.0230742245912552 0.0230729728937149 0.0328704714775085 0.0282578747719526 0.0255119353532791 0.0205606259405613 0.0281056892126799 0.0241464842110872 0.0268751420080662 0.0256511885672808 0.0373172014951706 0.0301412362605333 0.0382587090134621 0.0651803389191628 0.057546004652977 0.073675774037838 0.0630313605070114 0.0599590539932251 0.0523586794734001 0.0614132769405842 0.0625687763094902 0.0685541406273842
0.249782577157021 0.174761161208153 0.167573437094688 0.178778126835823 0.0923052206635475 0.114965826272964 0.0504902191460133 0.0613086670637131 0.166503965854645 0.0482856594026089 0.0212715268135071 0.0375764891505241 0.0687909945845604 0.0268452428281307 0.0221282504498959 0.0490816496312618 0.0731453374028206 0.0417263805866241 0.0345227941870689 0.0244172774255276 0.0226218290627003 0.023193933069706 0.016167251393199 0.0198778510093689 0.0257053859531879 0.0295623503625393 0.0287365987896919 0.0245807133615017 0.0231776610016823 0.026274885982275 0.0275823324918747 0.0265742726624012 0.0380280502140522 0.0393534414470196 0.043230228126049 0.0441713966429234 0.0564085841178894 0.0540131218731403 0.0399183817207813 0.0371270701289177 0.0425021126866341 0.0496340170502663 0.0612129345536232
0.201400771737099 0.231121689081192 0.110050812363625 0.251131892204285 0.123017057776451 0.16362401843071 0.15500433743 0.114788502454758 0.174650475382805 0.0659779459238052 0.0250346753746271 0.0418655276298523 0.0628861412405968 0.0251297447830439 0.0247061494737864 0.0436312332749367 0.0466718561947346 0.0353869944810867 0.033645935356617 0.022087449207902 0.0198918227106333 0.0153612680733204 0.0166380014270544 0.0280511025339365 0.0349521674215794 0.0403342060744762 0.033571507781744 0.0393461808562279 0.0360341630876064 0.0310137812048197 0.0370607376098633 0.0368767306208611 0.038798626512289 0.04208929464221 0.0346400216221809 0.0351711995899677 0.0360212698578835 0.0352006070315838 0.0269822962582111 0.0388462319970131 0.0456454195082188 0.0566116981208324 0.0697300508618355
0.252923250198364 0.243883579969406 0.114027626812458 0.180035054683685 0.114001490175724 0.124645367264748 0.208931982517242 0.184727042913437 0.210763692855835 0.0947713255882263 0.0388831198215485 0.0115915816277266 0.0377323217689991 0.00864624511450529 0.00749597232788801 0.0314197205007076 0.0328734368085861 0.0261402279138565 0.0227601528167725 0.00530547089874744 0.00458747521042824 0.00597386481240392 0.0305003076791763 0.0503815189003944 0.050133477896452 0.0485183857381344 0.0491432249546051 0.0443625710904598 0.0436784066259861 0.031574871391058 0.0444745309650898 0.0391207151114941 0.0430896505713463 0.0426504462957382 0.0427489131689072 0.0412609241902828 0.027818214148283 0.028035044670105 0.0326419621706009 0.0435975566506386 0.0560621581971645 0.0610965862870216 0.0838874578475952
