data/climate_estimation/maxent_output/Calochortus_venustulus.asc
NCOLS 117 
NROWS 144 
XLLCORNER -109.166666666667 
YLLCORNER 18.3333333333333 
CELLSIZE 0.0833333333333333 
NODATA_value -3.4e+38 
[rows 0 to 20 of 144, columns 47 to 93 of 117]
0.30273312330246 0.215537413954735 0.330186575651169 0.155995115637779 0.212095439434052 0.225521877408028 0.232454434037209 0.299888163805008 0.263283759355545 0.189292952418327 0.169365018606186 0.0676522552967072 0.0516822189092636 0.0456405468285084 0.0416028685867786 0.0534634217619896 0.0628594160079956 0.0695722699165344 0.064388208091259 0.0594369657337666 0.0603416040539742 0.0486326850950718 0.0439764708280563 0.0372382216155529 0.0285135749727488 0.0312590263783932 0.0289008375257254 0.0295466650277376 0.0282935723662376 0.0189291834831238 0.0153285749256611 0.0137411216273904 0.00996463187038898 0.0103857927024364 0.0088112922385335 0.00713905924931169 0.00721108727157116 0.00697404658421874 0.00544184073805809 0.00484799547120929 0.00525451591238379 0.00383170414716005 0.00385554414242506 0.00237691355869174 0.0027755715418607 0.00273276376537979 0.00242298538796604
0.406716465950012 0.295811861753464 0.331284523010254 0.207727283239365 0.237177953124046 0.219591081142426 0.275082141160965 0.18886524438858 0.29151839017868 0.248634338378906 0.160593628883362 0.0892141833901405 0.062024462968111 0.0403342880308628 0.0452960282564163 0.045370414853096 0.0545718036592007 0.0637925192713737 0.065242774784565 0.0596506968140602 0.0607630349695683 0.0501542463898659 0.0349504351615906 0.026978112757206 0.0292614344507456 0.027527054771781 0.0253970474004745 0.0256071966141462 0.0306568667292595 0.0263515710830688 0.0154486671090126 0.0142292780801654 0.0105587085708976 0.0112778581678867 0.010268609970808 0.0080976402387023 0.00660484889522195 0.00589488260447979 0.00556649966165423 0.00415955111384392 0.00467240298166871 0.00396312121301889 0.0028811099473387 0.00338471564464271 0.00275741354562342 0.00300013227388263 0.00323443464003503
0.23619133234024 0.193154990673065 0.288326650857925 0.192335158586502 0.273986458778381 0.196386680006981 0.279959797859192 0.143081977963448 0.167401477694511 0.209876850247383 0.154494777321815 0.110758870840073 0.092505931854248 0.0561087913811207 0.0543984360992908 0.0515684001147747 0.0652664378285408 0.0655402466654778 0.0748205259442329 0.066922090947628 0.0532816350460052 0.0391096584498882 0.0278822630643845 0.0241413339972496 0.0270619299262762 0.0289628356695175 0.0225851070135832 0.0230607911944389 0.0212663449347019 0.0177967324852943 0.0142157711088657 0.0115457037463784 0.0121575901284814 0.0102700721472502 0.0079606594517827 0.00739964982494712 0.00678064720705152 0.00603278586640954 0.00430981442332268 0.00424027070403099 0.00395758636295795 0.00439708866178989 0.00411551492288709 0.00316296238452196 0.00297361053526402 0.00262559461407363 0.0027952587697655
0.285697817802429 0.23827488720417 0.24369004368782 0.229245409369469 0.246397644281387 0.211621224880219 0.199572935700417 0.169434040784836 0.116850391030312 0.16910807788372 0.146909609436989 0.12462529540062 0.0941184535622597 0.0723088085651398 0.0424559228122234 0.0427888371050358 0.0766196176409721 0.0737149864435196 0.0781585946679115 0.0483176596462727 0.0510943047702312 0.044104989618063 0.0223043095320463 0.02301986515522 0.020862577483058 0.0213894061744213 0.0206885971128941 0.0226403288543224 0.0210112016648054 0.012834913097322 0.0118346987292171 0.00909250695258379 0.00779828475788236 0.0064160218462348 0.00659678457304835 0.00646874168887734 0.00597627926617861 0.00442146370187402 0.00457172840833664 0.00346580636687577 0.0037668407894671 0.0041593206115067 0.00346813700161874 0.00393973477184772 0.00331077654846013 0.00291592045687139 0.00298393843695521
0.185437008738518 0.186667695641518 0.126401975750923 0.140751108527184 0.093281976878643 0.0935737788677216 0.0641040951013565 0.0406140722334385 0.157835632562637 0.240918040275574 0.0980739369988441 0.0872274115681648 0.103384777903557 0.0650392398238182 0.0378456301987171 0.0386912003159523 0.0479260347783566 0.0447712764143944 0.0432513505220413 0.0535975322127342 0.0352642238140106 0.039742860943079 0.0266276113688946 0.019068518653512 0.0192684177309275 0.0215741507709026 0.021892786026001 0.0178906936198473 0.014491967856884 0.0095694987103343 0.00810881331562996 0.00610673241317272 0.00487745273858309 0.00517287291586399 0.00476612383499742 0.0051600830629468 0.00492272851988673 0.00419698189944029 0.00452179927378893 0.00335323484614491 0.00272280629724264 0.00332634779624641 0.00369577645324171 0.00309666804969311 0.00323143159039319 0.00292482110671699 0.00249896082095802
0.0469675175845623 0.174443781375885 0.113291330635548 0.214428067207336 0.160628423094749 0.11236634105444 0.0749693587422371 0.0320011600852013 0.0522262267768383 0.18095663189888 0.130091235041618 0.0650197342038155 0.0646606385707855 0.0438705459237099 0.0326772406697273 0.0457783937454224 0.0543606467545033 0.0373458415269852 0.0265428237617016 0.0306250248104334 0.0289653390645981 0.031485129147768 0.0232834480702877 0.0135754607617855 0.0200964380055666 0.0209092274308205 0.0191442035138607 0.0112004224210978 0.0106948679313064 0.0138074867427349 0.00866774283349514 0.00606518564745784 0.00502522988244891 0.00445118034258485 0.00358859333209693 0.00399997364729643 0.00282126874662936 0.00330009777098894 0.00376554159447551 0.00340343802236021 0.00315118976868689 0.00273711304180324 0.00303367571905255 0.00263356836512685 0.00255547976121306 0.00290160626173019 0.00242456747218966
0.0552507378160954 0.20184201002121 0.146709620952606 0.207751855254173 0.231628313660622 0.206980183720589 0.0639496520161629 0.0240996666252613 0.0190975274890661 0.0343120135366917 0.0526934824883938 0.0451676473021507 0.0499417781829834 0.0429020598530769 0.020838325843215 0.0324117094278336 0.0317768976092339 0.0316725671291351 0.0250467713922262 0.0261076651513577 0.0301205851137638 0.0312273781746626 0.0264723859727383 0.0251114666461945 0.0101874303072691 0.0108393095433712 0.00706625496968627 0.00881028641015291 0.00727515621110797 0.00938928872346878 0.00772716943174601 0.00654054246842861 0.00576424412429333 0.00573366833850741 0.00527330813929439 0.00531377457082272 0.00299900048412383 0.00256390613503754 0.00289328070357442 0.00303047918714583 0.00271546188741922 0.00232761492952704 0.00261513632722199 0.00255075166933239 0.0019732085056603 0.0020863909740001 0.00273680733516812
0.0632886365056038 0.0413610562682152 0.160335451364517 0.100396908819675 0.23242549598217 0.274112582206726 0.0874164327979088 0.0366687700152397 0.0119539704173803 0.00824811495840549 0.0196272917091846 0.026819609105587 0.0164323970675468 0.0140163460746408 0.0191868580877781 0.0353104174137115 0.0317479819059372 0.0224873367697001 0.0212426949292421 0.0286526307463646 0.0323094502091408 0.0307323057204485 0.0235083550214767 0.0147022632881999 0.01150818541646 0.0064214589074254 0.00582011416554451 0.0065408986993134 0.0086180167272687 0.00869585387408733 0.00390311796218157 0.00590499769896269 0.00746526848524809 0.00865028612315655 0.00636564986780286 0.00541065447032452 0.00476956879720092 0.00297323311679065 0.00318044982850552 0.00310655357316136 0.00370016787201166 0.00315939402207732 0.00258860038593411 0.00250932411290705 0.00253925286233425 0.00197044387459755 0.0023291225079447
0.0676990374922752 0.226542681455612 0.15136992931366 0.0754671990871429 0.146272227168083 0.21858349442482 0.0979661270976067 0.0467546880245209 0.0108263958245516 0.0053240223787725 0.00442266603931785 0.00554904201999307 0.00738939456641674 0.0114967869594693 0.0363919138908386 0.0702064409852028 0.0846642553806305 0.0455508753657341 0.0265632122755051 0.0193668995052576 0.0194348096847534 0.0350403524935246 0.0169813930988312 0.0122901797294617 0.00785240810364485 0.00739716086536646 0.00605535926297307 0.00576768815517426 0.00511647202074528 0.00787085015326738 0.00413845665752888 0.0115584824234247 0.0071437768638134 0.00790920481085777 0.0116687463596463 0.00509291188791394 0.00452383467927575 0.00370540306903422 0.0041717616841197 0.00319764367304742 0.00378040177747607 0.0036701587960124 0.00337539846077561 0.00354586821049452 0.00256003718823195 0.00248879147693515 0.00332235801033676
0.0520410537719727 0.192440137267113 0.144494965672493 0.0679111033678055 0.123122006654739 0.138280004262924 0.0647639483213425 0.0410796888172626 0.0114924861118197 0.00234084855765104 0.00270712049677968 0.00470150541514158 0.00356013351120055 0.0159395579248667 0.0350969024002552 0.0591848157346249 0.0716196596622467 0.05572260171175 0.0295114945620298 0.0187088344246149 0.0165052190423012 0.0212776493281126 0.0134447105228901 0.0155517822131515 0.0159456599503756 0.00817694794386625 0.0152711309492588 0.00960218440741301 0.00426706206053495 0.00310890423133969 0.00945634953677654 0.0151730049401522 0.0147980805486441 0.0103491358458996 0.0150542892515659 0.0121248690411448 0.00583254126831889 0.0045612994581461 0.00451941229403019 0.00336184585466981 0.00408632075414062 0.00437642633914948 0.00396288791671395 0.00302749709226191 0.00373017671518028 0.00394636252894998 0.00601266836747527
0.18867452442646 0.104340218007565 0.0848903208971024 0.0952093601226807 0.0548331812024117 0.1161849796772 0.146354794502258 0.0432832129299641 0.0275010839104652 0.00843052938580513 0.00746311666443944 0.00374085456132889 0.00285679963417351 0.0153228333219886 0.0788490325212479 0.0729851201176643 0.0813217535614967 0.0826892927289009 0.0332867093384266 0.0161682646721601 0.0182116571813822 0.041295699775219 0.0197106637060642 0.0118247149512172 0.0126381767913699 0.00721384305506945 0.0159705858677626 0.0430537424981594 0.00378063763491809 0.00329537317156792 0.00516269681975245 0.00914761889725924 0.0102852489799261 0.012190381065011 0.0191209297627211 0.0122272307053208 0.010979981161654 0.00719811907038093 0.00522980699315667 0.00446933507919312 0.00502272974699736 0.00472364295274019 0.00452704634517431 0.00483329780399799 0.0052994810976088 0.00709375785663724 0.0102786989882588
0.130844920873642 0.0145288994535804 0.0122176557779312 0.00938541349023581 0.00849735271185637 0.186806544661522 0.210075601935387 0.26702082157135 0.0326941795647144 0.0221481248736382 0.012976554222405 0.00589837459847331 0.00722541939467192 0.00623589241877198 0.0319839380681515 0.0780003145337105 0.0427374728024006 0.0446222200989723 0.0380357094109058 0.0175004657357931 0.0149924298748374 0.0194001477211714 0.0201073661446571 0.0144153954461217 0.0140861999243498 0.00743267918005586 0.0123359085991979 0.0241938773542643 0.00451240641996264 0.00302785425446928 0.00508691370487213 0.0173715818673372 0.0224321391433477 0.0105648748576641 0.0107852956280112 0.0426979959011078 0.0310456808656454 0.0115449409931898 0.00904529914259911 0.00450097490102053 0.00497639318928123 0.00630194880068302 0.00492878863587976 0.00619514845311642 0.00767667032778263 0.00855956971645355 0.0158808268606663
0.12709367275238 0.0110204108059406 0.000860728381667286 0.00705510610714555 0.00774874724447727 0.0671001300215721 0.177244141697884 0.422993749380112 0.206471487879753 0.0403482094407082 0.0340768992900848 0.0193263310939074 0.0584605410695076 0.0647982731461525 0.0314912870526314 0.0363052226603031 0.0137193333357573 0.0153549611568451 0.0162251926958561 0.0204113554209471 0.0175262000411749 0.0152831645682454 0.0210312139242887 0.100730180740356 0.0419986806809902 0.00685722753405571 0.0048996564000845 0.0117974225431681 0.00452034221962094 0.0247889962047338 0.00916812103241682 0.0135250892490149 0.0387638136744499 0.0189753342419863 0.0099297845736146 0.0207169186323881 0.0241558104753494 0.0163255464285612 0.0102058323100209 0.00672887172549963 0.00577074661850929 0.00712043279781938 0.00851580500602722 0.00908395648002625 0.00926892645657063 0.010784637182951 0.0149094583466649
0.108720734715462 0.010750150308013 0.00762112950906157 0.00917714647948742 0.0779819265007973 0.13597397506237 0.228926330804825 0.256026923656464 0.231002330780029 0.102849423885345 0.0569417588412762 0.0557820945978165 0.116454899311066 0.259579718112946 0.178808003664017 0.17774224281311 0.0321444496512413 0.0142136393114924 0.0257968939840794 0.0182461719959974 0.0201969612389803 0.0202333144843578 0.0319813750684261 0.0917406603693962 0.0135348392650485 0.00508254207670689 0.00309203448705375 0.00277071795426309 0.00518131162971258 0.0966245010495186 0.100761532783508 0.0723083391785622 0.0373327545821667 0.0306402649730444 0.0156378652900457 0.0350032262504101 0.0749369412660599 0.0286158658564091 0.0295185502618551 0.0185581427067518 0.00662529608234763 0.0108427088707685 0.00934704672545195 0.0101387202739716 0.0111729651689529 0.0114758349955082 0.01539296656847
0.0720196664333344 0.00668010581284761 0.00671607395634055 0.0533941201865673 0.0871178060770035 0.12774096429348 0.191417083144188 0.23391193151474 0.123001836240292 0.150217220187187 0.13636639714241 0.274459898471832 0.293694525957108 0.405012726783752 0.205737054347992 0.160529404878616 0.0902531892061234 0.0281097963452339 0.020102122798562 0.02998879365623 0.0229046642780304 0.0234507322311401 0.0174650084227324 0.0146389733999968 0.00641325116157532 0.00350396754220128 0.00205309223383665 0.00284291198477149 0.0030139593873173 0.0552858114242554 0.133510008454323 0.135650604963303 0.0920637845993042 0.0408245325088501 0.0284852404147387 0.06969353556633 0.121194787323475 0.130151644349098 0.100212275981903 0.0352903567254543 0.01186194550246 0.0122016025707126 0.0147259840741754 0.0143677685409784 0.0141766984015703 0.0128353293985128 0.0127235054969788
0.0827982351183891 0.00779154477640986 0.0459054261445999 0.066287063062191 0.0785703733563423 0.179496735334396 0.130260601639748 0.153625354170799 0.217629596590996 0.309647023677826 0.227402895689011 0.250292152166367 0.35030198097229 0.298548132181168 0.287907660007477 0.184312164783478 0.0698263198137283 0.0368836149573326 0.0242962837219238 0.0276285130530596 0.0247174985706806 0.0164232067763805 0.0123352380469441 0.0062652793712914 0.00577868148684502 0.00428147614002228 0.00567785510793328 0.00388537626713514 0.00535285240039229 0.00920858792960644 0.0492868572473526 0.109956294298172 0.146622434258461 0.16943746805191 0.0626282393932343 0.0923261269927025 0.171629354357719 0.120228193700314 0.110857963562012 0.0644002482295036 0.0226960834115744 0.0212630890309811 0.016307020559907 0.0218040645122528 0.0161166526377201 0.0167281068861485 0.01360884308815
0.249435991048813 0.0670442953705788 0.0415196157991886 0.0653503015637398 0.0582570731639862 0.0657581761479378 0.15516360104084 0.152862280607224 0.237511441111565 0.284545660018921 0.296352595090866 0.45934134721756 0.365855634212494 0.356246590614319 0.251617223024368 0.283480584621429 0.0975999683141708 0.0360475592315197 0.0201406031847 0.0250847060233355 0.0207188911736012 0.0136261666193604 0.00752457277849317 0.00651550618931651 0.00397314177826047 0.00490509532392025 0.00972066447138786 0.00509470654651523 0.00699785258620977 0.00600852211937308 0.0255586486309767 0.114883176982403 0.136643499135971 0.203432068228722 0.175660952925682 0.17445532977581 0.179810285568237 0.164755880832672 0.12187472730875 0.0962080880999565 0.0521684028208256 0.0368653535842896 0.0385666824877262 0.0287735089659691 0.0260722953826189 0.0187318623065948 0.0168887227773666
0.389260560274124 0.328731536865234 0.0692573115229607 0.0747863128781319 0.0697563216090202 0.0595707558095455 0.0621553920209408 0.0904829874634743 0.163453638553619 0.292513996362686 0.276228010654449 0.467215836048126 0.348503261804581 0.383519917726517 0.353999704122543 0.256163150072098 0.132028847932816 0.172823041677475 0.145405814051628 0.0315508730709553 0.0140107683837414 0.0104102855548263 0.00669590989127755 0.00427029421553016 0.00322179612703621 0.00306230667047203 0.00890326406806707 0.00604071840643883 0.00734453881159425 0.00986123364418745 0.0221777483820915 0.0892498195171356 0.195507571101189 0.215953484177589 0.14047971367836 0.114999942481518 0.196914806962013 0.161271780729294 0.0981161594390869 0.0677002593874931 0.0428409390151501 0.0370933525264263 0.0449210070073605 0.029933774843812 0.0247484911233187 0.0243016965687275 0.0186516586691141
0.252162873744965 0.510962188243866 0.284310430288315 0.0676702708005905 0.075302965939045 0.0734560564160347 0.0766381472349167 0.085006557404995 0.087008111178875 0.226898089051247 0.391954392194748 0.508155286312103 0.372475624084473 0.41926771402359 0.292788654565811 0.262799650430679 0.151965066790581 0.136288151144981 0.167573049664497 0.089860238134861 0.0128924893215299 0.00795497000217438 0.00480231130495667 0.00296273943968117 0.00290503748692572 0.00306368572637439 0.00411922251805663 0.00752372248098254 0.0111127980053425 0.017107492312789 0.0132587589323521 0.0363637283444405 0.151950031518936 0.152072161436081 0.0789966955780983 0.0375101156532764 0.208538249135017 0.182765558362007 0.13736517727375 0.0400794707238674 0.0365005731582642 0.0438658371567726 0.0455997101962566 0.0410159751772881 0.0324978493154049 0.0223419182002544 0.0188975352793932
0.198152929544449 0.0985770672559738 0.106115862727165 0.0676442757248878 0.145019441843033 0.0956341698765755 0.0184620786458254 0.0939883962273598 0.103997603058815 0.226779878139496 0.350893169641495 0.418720245361328 0.443728595972061 0.354068040847778 0.304599463939667 0.25297275185585 0.178531795740128 0.144808679819107 0.202003747224808 0.121092431247234 0.0238604284822941 0.00658791325986385 0.00451630121096969 0.00274142273701727 0.00216071750037372 0.00280303112231195 0.00245388899929821 0.00521577941253781 0.00704051554203033 0.0120111089199781 0.0121982851997018 0.0227072536945343 0.112401016056538 0.107273079454899 0.0419415272772312 0.0274753998965025 0.0572149455547333 0.0902075916528702 0.0682322829961777 0.0725300908088684 0.0450200997292995 0.0374512113630772 0.0565090924501419 0.0406459048390388 0.0410587191581726 0.0378613248467445 0.0212667733430862
0.194963946938515 0.143887475132942 0.124823369085789 0.114369489252567 0.132268607616425 0.134139433503151 0.0224926639348269 0.12496355175972 0.34268119931221 0.134507298469543 0.246100664138794 0.353789180517197 0.423132061958313 0.358334064483643 0.276199579238892 0.258079558610916 0.21118326485157 0.165612161159515 0.182988107204437 0.134730711579323 0.140967980027199 0.0142167573794723 0.00368063570931554 0.00137777021154761 0.00183304829988629 0.00167051760945469 0.0023551844060421 0.00384772079996765 0.0061401529237628 0.0115613341331482 0.00499002961441875 0.0350853353738785 0.16700205206871 0.114152260124683 0.129292011260986 0.106855817139149 0.0441294424235821 0.0328341722488403 0.0433233194053173 0.0391038991510868 0.0588247217237949 0.0431895963847637 0.0410028547048569 0.0430938974022865 0.0479082241654396 0.0435019135475159 0.0264339353889227
