data/climate_estimation/maxent_output/Calochortus_fuscus.asc
NCOLS 166 
NROWS 115 
XLLCORNER -107.916666666667 
YLLCORNER 17.8333333333333 
CELLSIZE 0.0833333333333333 
NODATA_value -3.4e+38 
[rows 22 to 43 of 115, columns 0 to 48 of 166]
0.0314389616250992 0.078637920320034 0.0735605508089066 0.0732879713177681 0.0706812217831612 0.0814865976572037 0.0679376870393753 0.0633027479052544 0.057652186602354 0.0584904998540878 0.166026771068573 0.260642498731613 0.237353205680847 0.165041521191597 0.17606095969677 0.103273116052151 0.178834408521652 0.204405695199966 0.196680575609207 0.200355604290962 0.215811625123024 0.263064742088318 0.270219475030899 0.360453754663467 0.386993825435638 0.522921025753021 0.538064301013947 0.516494274139404 0.524115800857544 0.209389090538025 0.181606665253639 0.147721782326698 0.0209246631711721 0.0209029968827963 0.0184947084635496 0.0169564746320248 0.0135707287117839 0.234126761555672 0.290653109550476 0.188852906227112 0.160623967647552 0.121885389089584 0.128858163952827 0.119590729475021 0.108652234077454 0.148382738232613 0.180170625448227 0.15341480076313 0.223942130804062
0.00525660533457994 0.0338704772293568 0.0848675072193146 0.0747987553477287 0.0692588686943054 0.078438512980938 0.0724343955516815 0.0648821741342545 0.0650121569633484 0.0614334717392921 0.151551201939583 0.258173644542694 0.251473248004913 0.250749856233597 0.106414221227169 0.112456940114498 0.179998561739922 0.176720574498177 0.202655583620071 0.211725369095802 0.218448519706726 0.225896060466766 0.284269601106644 0.314621299505234 0.44401615858078 0.531589448451996 0.526452243328094 0.511792898178101 0.532876789569855 0.529081344604492 0.0313220247626305 0.0266969408839941 0.0202722046524286 0.0220393184572458 0.0237803999334574 0.019470414146781 0.0127934468910098 0.0835007205605507 0.207335770130157 0.140033602714539 0.161568462848663 0.130674034357071 0.0902253165841103 0.073795422911644 0.029679711908102 0.0993823483586311 0.149329081177711 0.120825685560703 0.191194534301758
0.00563896726816893 0.0343260318040848 0.0872594565153122 0.0945918783545494 0.06263118237257 0.0699895173311234 0.0681406930088997 0.0720363408327103 0.065411351621151 0.08432537317276 0.154575645923615 0.141621127724648 0.109504029154778 0.129687130451202 0.0853934735059738 0.0815845057368279 0.100103825330734 0.166328981518745 0.206155732274055 0.235587507486343 0.232630029320717 0.246600449085236 0.272438555955887 0.382490485906601 0.300317496061325 0.26175519824028 0.507984459400177 0.532431960105896 0.567129075527191 0.588785171508789 0.0344456695020199 0.0285080559551716 0.0307816099375486 0.0297296289354563 0.0275154057890177 0.0265706200152636 0.016430439427495 0.0107484506443143 0.00903968792408705 0.00678536714985967 0.168509960174561 0.132643088698387 0.10509204864502 0.0282117556780577 0.0252097360789776 0.0245552957057953 0.0343355908989906 0.0289752371609211 0.110955804586411
0.0353721342980862 0.0327740684151649 0.0837141647934914 0.0795604959130287 0.0714536011219025 0.0647106245160103 0.0585712529718876 0.0716961920261383 0.0733933448791504 0.0720784887671471 0.0803931951522827 0.0828740522265434 0.10508144646883 0.099080391228199 0.156939402222633 0.183810964226723 0.194769471883774 0.221836507320404 0.217726960778236 0.240513876080513 0.261202424764633 0.262527108192444 0.294850051403046 0.365061461925507 0.424842059612274 0.284847557544708 0.266228377819061 0.439005434513092 0.559526681900024 0.222989797592163 0.0347830764949322 0.0348738059401512 0.0440976731479168 0.585836827754974 0.23141773045063 0.222509026527405 0.216735169291496 0.126855432987213 0.0110293971374631 0.00651512481272221 0.00727205444127321 0.208919450640678 0.150863751769066 0.0400860421359539 0.026078037917614 0.0227503515779972 0.0212031546980143 0.0247593577951193 0.0255667865276337
0.033854253590107 0.0732175707817078 0.070951022207737 0.0760176926851273 0.100509732961655 0.0649863034486771 0.0635442584753036 0.0858700424432755 0.0975303947925568 0.118757963180542 0.108418069779873 0.119296610355377 0.13292321562767 0.10683186352253 0.190910071134567 0.206150054931641 0.219315961003304 0.242616802453995 0.253434062004089 0.281715989112854 0.262324094772339 0.280628532171249 0.287914752960205 0.368530929088593 0.379866063594818 0.487653911113739 0.510311245918274 0.494935870170593 0.182511687278748 0.0337255522608757 0.258721858263016 0.253983587026596 0.291730135679245 0.626343905925751 0.288490802049637 0.0417900159955025 0.620591223239899 0.648477733135223 0.0171856544911861 0.00837301649153233 0.00580956740304828 0.0486890971660614 0.045830924063921 0.0377743653953075 0.0250282101333141 0.0301808267831802 0.0351454317569733 0.0298235192894936 0.024377228692174
0.0651068910956383 0.0607559829950333 0.0632297247648239 0.0278243608772755 0.0942251086235046 0.0783044174313545 0.0639000982046127 0.0738722756505013 0.106699973344803 0.111041143536568 0.128041461110115 0.0948460772633553 0.125853165984154 0.12931053340435 0.129721388220787 0.159361258149147 0.213366433978081 0.245880454778671 0.250896006822586 0.277888119220734 0.282604485750198 0.289408385753632 0.295845061540604 0.359492301940918 0.390814632177353 0.518215715885162 0.594389617443085 0.656145215034485 0.386421531438828 0.183044895529747 0.245742172002792 0.600605428218842 0.0508717820048332 0.580267012119293 0.62821102142334 0.342977941036224 0.642296969890594 0.603361129760742 0.0268987771123648 0.0114754578098655 0.00663162302225828 0.00637568486854434 0.0364804118871689 0.0405679605901241 0.0321053639054298 0.0483670718967915 0.0999659299850464 0.0404898412525654 0.0346639528870583
0.0243561211973429 0.0568123199045658 0.0243198368698359 0.0279908180236816 0.0844851359724998 0.0747400894761086 0.0253717936575413 0.0748204216361046 0.0787713229656219 0.0804275125265121 0.137809231877327 0.102670051157475 0.0895536094903946 0.10293423384428 0.136928647756577 0.189672991633415 0.247526630759239 0.281189262866974 0.285657525062561 0.280981063842773 0.318412065505981 0.307378560304642 0.329017102718353 0.351969033479691 0.393550723791122 0.495206475257874 0.609083831310272 0.678330540657043 0.624792516231537 0.199660420417786 0.211355432868004 0.636814773082733 0.0570613481104374 0.0715256854891777 0.378282725811005 0.378840804100037 0.662094175815582 0.0566893108189106 0.0438404493033886 0.0145610189065337 0.00831854250282049 0.00755363004282117 0.067438967525959 0.0690235868096352 0.0517289191484451 0.0545383542776108 0.110570348799229 0.0885770097374916 0.0437305718660355
0.004219607915729 0.0266588553786278 0.00413584057241678 0.00451933080330491 0.00484248530119658 0.00457964045926929 0.0246682241559029 0.0706556364893913 0.0835241824388504 0.0696380287408829 0.0773904770612717 0.0635519325733185 0.0741025358438492 0.124316819012165 0.258900761604309 0.273786395788193 0.288861632347107 0.299587696790695 0.208612129092216 0.310813277959824 0.309726655483246 0.318079024553299 0.375322788953781 0.38527312874794 0.404345661401749 0.490198135375977 0.621224582195282 0.705821454524994 0.66788774728775 0.424952030181885 0.22094090282917 0.634426772594452 0.661465704441071 0.0730437338352203 0.0641463696956635 0.0619766786694527 0.0674125552177429 0.36471152305603 0.0403280667960644 0.0178635828197002 0.0741583853960037 0.0561463423073292 0.0936285257339478 0.114871323108673 0.0832488164305687 0.0555928833782673 0.107532247900963 0.0818887948989868 0.058311752974987
0.00464789802208543 0.00466238288208842 0.00073815998621285 0.000748661463148892 0.00070003280416131 0.00453212345018983 0.0251866187900305 0.0628189891576767 0.0730428397655487 0.0769482254981995 0.0715407505631447 0.0745592787861824 0.159531280398369 0.131477624177933 0.212430953979492 0.293372184038162 0.255590796470642 0.180637896060944 0.27322655916214 0.194389998912811 0.204472705721855 0.258830517530441 0.353350222110748 0.403606742620468 0.439661026000977 0.536540150642395 0.590174734592438 0.688617050647736 0.699628412723541 0.734865069389343 0.531539261341095 0.696055054664612 0.720937073230743 0.341959297657013 0.0706828534603119 0.0704188197851181 0.0117203397676349 0.0749599933624268 0.0607995055615902 0.032509308308363 0.0847111940383911 0.0553626492619514 0.191813990473747 0.253474235534668 0.0874310731887817 0.0677718818187714 0.0857138931751251 0.140834927558899 0.115492463111877
0.000834269390907139 0.000829852069728076 0.000767485413234681 0.000801985850557685 0.000781205715611577 0.000769033387769014 0.00475009204819798 0.068324401974678 0.0695216208696365 0.0723626315593719 0.0757561251521111 0.0891865566372871 0.151256829500198 0.120765559375286 0.153135627508163 0.260427057743073 0.220366403460503 0.118744559586048 0.153106272220612 0.31081023812294 0.308275520801544 0.3588025867939 0.341483324766159 0.401292234659195 0.483186721801758 0.52655702829361 0.597361743450165 0.685868084430695 0.655695736408234 0.698660731315613 0.50450474023819 0.464723616838455 0.731041073799133 0.371349513530731 0.710596144199371 0.0864467546343803 0.0130474688485265 0.0790784284472466 0.410793960094452 0.0323689617216587 0.0994112193584442 0.167244419455528 0.269080400466919 0.389744132757187 0.347072064876556 0.144183218479156 0.11284577101469 0.1579370200634 0.0349514596164227
0.000808568147476763 0.000750303268432617 0.000675012764986604 0.000114249844045844 0.000710828986484557 0.000748612743336707 0.00450146337971091 0.0309489257633686 0.0727767646312714 0.07724829018116 0.0773407071828842 0.0329065434634686 0.106273084878922 0.0813344269990921 0.0969055220484734 0.106460377573967 0.134540602564812 0.107196442782879 0.18030446767807 0.334543347358704 0.373977571725845 0.274992644786835 0.209927126765251 0.404579669237137 0.432771563529968 0.408949464559555 0.589846193790436 0.626540005207062 0.66349846124649 0.671993494033813 0.548750638961792 0.528759121894836 0.734317243099213 0.703426122665405 0.733738362789154 0.740182161331177 0.0789796933531761 0.0644530728459358 0.0534872561693192 0.210900411009789 0.147969573736191 0.283301621675491 0.405473619699478 0.614793658256531 0.712794542312622 0.437610864639282 0.169204667210579 0.159322381019592 0.0605545416474342
0.000767578021623194 0.000687772349920124 0.000111472872958984 0.000100588491477538 0.000104452621599194 0.000662473845295608 0.000731200212612748 0.0045227175578475 0.0273909084498882 0.0297578256577253 0.0344466790556908 0.0368796288967133 0.0406285524368286 0.0707596689462662 0.0771293714642525 0.105292990803719 0.227151989936829 0.136393189430237 0.113573268055916 0.18513797223568 0.206543996930122 0.326194643974304 0.343068897724152 0.39848580956459 0.369938254356384 0.353516787290573 0.488548547029495 0.518215596675873 0.665359854698181 0.681250154972076 0.575418174266815 0.539501249790192 0.740620791912079 0.669157326221466 0.719432234764099 0.741741538047791 0.433184772729874 0.0745466127991676 0.0489697642624378 0.261772871017456 0.250561594963074 0.425461828708649 0.533318400382996 0.764744162559509 0.762919485569 0.651645600795746 0.257755815982819 0.200437963008881 0.0713773146271706
0.000111129062133841 0.00011283194180578 0.000103401056549046 0.000106955827504862 0.000108591106254607 0.000103412574389949 0.000675053044687957 0.000687227118760347 0.00440413458272815 0.00449220649898052 0.00490444293245673 0.00642649037763476 0.0296646989881992 0.0862331837415695 0.08675267547369 0.104256309568882 0.243059262633324 0.283450216054916 0.242721498012543 0.322930544614792 0.313699841499329 0.27376189827919 0.285965979099274 0.243245333433151 0.216084808111191 0.371319890022278 0.478864341974258 0.603132843971252 0.64412385225296 0.656101703643799 0.676384449005127 0.626932263374329 0.738161385059357 0.734780490398407 0.751241981983185 0.759067177772522 0.768077611923218 0.326727628707886 0.206324428319931 0.322640597820282 0.756522059440613 0.583021998405457 0.53826630115509 0.405890434980392 0.401419103145599 0.318994909524918 0.601365923881531 0.24341581761837 0.300361484289169
-3.4e+38 0.000100488010502886 0.000115153699880466 0.000117911673441995 0.000111257715616375 0.000114577487693168 0.000643765553832054 0.000644691870547831 0.00439448375254869 0.00428841961547732 0.00456079607829452 0.0044866381213069 0.0330480560660362 0.113962396979332 0.122443549335003 0.123717159032822 0.159576699137688 0.230296179652214 0.326823562383652 0.33689096570015 0.358740538358688 0.382449567317963 0.400509744882584 0.423043966293335 0.42937958240509 0.464870095252991 0.480867177248001 0.562384724617004 0.583416938781738 0.62126749753952 0.631771147251129 0.690368115901947 0.582015573978424 0.73619282245636 0.719202280044556 0.753464162349701 0.770808458328247 0.703411757946014 0.207454904913902 0.235133856534958 0.649094581604004 0.620941400527954 0.54023540019989 0.329788148403168 0.337669879198074 0.291723847389221 0.560386717319489 0.60293036699295 0.366583943367004
-3.4e+38 -3.4e+38 -3.4e+38 0.000130048225400969 0.00013541009684559 0.000122425495646894 0.000769870588555932 0.000752820225898176 0.000749454891774803 0.00074532744474709 0.000842808221932501 0.00829857774078846 0.0377143882215023 0.100314937531948 0.112140335142612 0.0949949026107788 0.161129117012024 0.319327086210251 0.384406596422195 0.348353356122971 0.411838173866272 0.389866918325424 0.421710878610611 0.400609403848648 0.421199858188629 0.464370787143707 0.477951139211655 0.499530553817749 0.518074691295624 0.542899131774902 0.640027403831482 0.624455094337463 0.670055687427521 0.741570115089417 0.717562317848206 0.739817917346954 0.760955095291138 0.395337849855423 0.248163029551506 0.515212833881378 0.507173120975494 0.564968705177307 0.509506464004517 0.56379497051239 0.579653978347778 0.28949561715126 0.32092222571373 0.713057041168213 0.758936941623688
-3.4e+38 -3.4e+38 -3.4e+38 -3.4e+38 0.000140127260237932 0.000136212838697247 0.000138783361762762 0.0007778006256558 0.0007260981365107 0.000717803835868835 0.000874052289873362 0.073685996234417 0.0937082320451736 0.100033566355705 0.123157694935799 0.0941640511155128 0.141919270157814 0.393291354179382 0.323064357042313 0.33446004986763 0.322629481554031 0.313462913036346 0.413697302341461 0.398541301488876 0.426498413085938 0.440850526094437 0.464356899261475 0.491429775953293 0.512438774108887 0.497278481721878 0.576938331127167 0.595216810703278 0.706281006336212 0.72315126657486 0.739221513271332 0.711852431297302 0.771192252635956 0.720155835151672 0.548203408718109 0.517662405967712 0.512306749820709 0.496322214603424 0.480467885732651 0.553747296333313 0.596592843532562 0.676145493984222 0.712603271007538 0.748281478881836 0.780146658420563
-3.4e+38 -3.4e+38 -3.4e+38 -3.4e+38 -3.4e+38 -3.4e+38 0.000139081821544096 0.000137537659611553 0.000782934366725385 0.000654209172353148 0.000708429608494043 0.00514860404655337 0.0397844836115837 0.120023228228092 0.0787079557776451 0.096133291721344 0.159682616591454 0.395673274993896 0.252851903438568 0.202882453799248 0.243750154972076 0.34222936630249 0.396593809127808 0.37350195646286 0.23911939561367 0.210458442568779 0.285100936889648 0.425826609134674 0.485747814178467 0.47081983089447 0.541712582111359 0.589210569858551 0.624148547649384 0.674254953861237 0.710756182670593 0.71897679567337 0.743609070777893 0.745834589004517 0.604898869991302 0.539836049079895 0.531597256660461 0.499882489442825 0.510650873184204 0.566664457321167 0.604163765907288 0.632959246635437 0.736445486545563 0.703327655792236 0.734779000282288
-3.4e+38 -3.4e+38 -3.4e+38 -3.4e+38 -3.4e+38 -3.4e+38 -3.4e+38 0.000142669348861091 0.000146576654515229 0.000769668899010867 0.000707957369741052 0.000705339072737843 0.0051595619879663 0.122373975813389 0.0720502063632011 0.103546313941479 0.213393315672874 0.206116676330566 0.141246989369392 0.195333451032639 0.310326337814331 0.27797919511795 0.226854890584946 0.281276613473892 0.173571825027466 0.345831632614136 0.417997509241104 0.416274398565292 0.448457449674606 0.454364508390427 0.502369940280914 0.53462541103363 0.574454843997955 0.606552958488464 0.678693771362305 0.679528653621674 0.666948854923248 0.676805973052979 0.662458181381226 0.621337115764618 0.592416703701019 0.530195415019989 0.496223419904709 0.566331386566162 0.59919011592865 0.644414663314819 0.714417815208435 0.728228092193604 0.670132339000702
-3.4e+38 -3.4e+38 -3.4e+38 -3.4e+38 -3.4e+38 -3.4e+38 -3.4e+38 -3.4e+38 -3.4e+38 0.00014278780145105 0.000814753933809698 0.000782530871219933 0.000688066123984754 0.00518541783094406 0.0348777994513512 0.0822224840521812 0.141450211405754 0.129959598183632 0.117041729390621 0.174572870135307 0.187076151371002 0.15287084877491 0.122227512300014 0.173531383275986 0.287028670310974 0.399463325738907 0.378996908664703 0.4005406498909 0.40087103843689 0.392262041568756 0.45601299405098 0.479460716247559 0.503803014755249 0.577613830566406 0.640786349773407 0.616071164608002 0.640564024448395 0.613109290599823 0.630707144737244 0.553668558597565 0.585115134716034 0.512497246265411 0.527055442333221 0.537602245807648 0.570954263210297 0.603863298892975 0.630235970020294 0.706712901592255 0.659220039844513
-3.4e+38 -3.4e+38 -3.4e+38 -3.4e+38 -3.4e+38 -3.4e+38 -3.4e+38 -3.4e+38 -3.4e+38 -3.4e+38 0.000143933750223368 0.000147249171277508 0.000820852292235941 0.000793317914940417 0.00526668317615986 0.00568187749013305 0.0864574387669563 0.0934130325913429 0.102407373487949 0.119131729006767 0.158415675163269 0.175242334604263 0.308002650737762 0.328303575515747 0.349129736423492 0.355339825153351 0.266506165266037 0.278258770704269 0.330596387386322 0.3476782143116 0.414180159568787 0.442785739898682 0.46574005484581 0.518762767314911 0.569348931312561 0.550696790218353 0.51654452085495 0.554560422897339 0.558854937553406 0.565386950969696 0.554782748222351 0.527240455150604 0.297669678926468 0.260910600423813 0.266716718673706 0.276599019765854 0.572170555591583 0.675874292850494 0.636283874511719
-3.4e+38 -3.4e+38 -3.4e+38 -3.4e+38 -3.4e+38 -3.4e+38 -3.4e+38 -3.4e+38 -3.4e+38 -3.4e+38 -3.4e+38 0.00015486148186028 0.000144470744999126 0.000901365769095719 0.000948516826611012 0.00104153843130916 0.0496913865208626 0.1232740432024 0.119245633482933 0.11588042229414 0.18791900575161 0.339509963989258 0.368476152420044 0.258707910776138 0.214921787381172 0.17535088956356 0.209120482206345 0.306755006313324 0.372707933187485 0.379470646381378 0.370784640312195 0.391558289527893 0.425610929727554 0.459073275327682 0.499517887830734 0.497389703989029 0.422362059354782 0.496951162815094 0.499817878007889 0.542707920074463 0.286738842725754 0.28188419342041 0.312360435724258 0.272436529397964 0.0464525185525417 0.055325448513031 0.278811424970627 0.625574111938477 0.622220277786255
-3.4e+38 -3.4e+38 -3.4e+38 -3.4e+38 -3.4e+38 -3.4e+38 -3.4e+38 -3.4e+38 -3.4e+38 -3.4e+38 -3.4e+38 -3.4e+38 0.000151130487211049 0.000163951583090238 0.00104604498483241 0.00116799247916788 0.00902904383838177 0.158956483006477 0.169783771038055 0.242706522345543 0.300622642040253 0.338807225227356 0.229450196027756 0.161745712161064 0.19108285009861 0.328128755092621 0.399342715740204 0.348411947488785 0.367026150226593 0.362096130847931 0.3443683385849 0.334221452474594 0.385946750640869 0.384334892034531 0.446725726127625 0.435891598463058 0.432757318019867 0.447841614484787 0.484165906906128 0.53874009847641 0.547679424285889 0.291764438152313 0.316366374492645 0.0491728335618973 0.0635410472750664 0.0639676451683044 0.0541868768632412 0.331557244062424 0.66074538230896
