data/climate_estimation/maxent_output/Campynema_lineare.asc
NCOLS 171 
NROWS 224 
XLLCORNER 134.166666666667 
YLLCORNER -43.9166666666667 
CELLSIZE 0.0833333333333333 
NODATA_value -3.4e+38 
[rows 0 to 19 of 224, columns 90 to 134 of 171]
2.82214887192822e-06 3.49814263245207e-06 3.6193487176206e-06 3.51862217939924e-06 3.58158740709769e-06 4.04789443564368e-06 4.48556056653615e-06 3.91734101867769e-06 4.56627594758174e-06 4.5381184463622e-06 5.51222638023319e-06 5.2511991270876e-06 6.21883236817666e-06 5.7581073633628e-06 5.73638953937916e-06 6.8766312324442e-06 6.7260698415339e-06 6.96241340847337e-06 7.23030279914383e-06 8.82236508914502e-06 7.75421267462661e-06 9.33666797209298e-06 9.62109515967313e-06 1.08588728835457e-05 1.02614003480994e-05 1.09884304038133e-05 1.04969676613109e-05 1.1109036677226e-05 1.26317891044891e-05 1.50850300997263e-05 1.58011807798175e-05 1.60302315634908e-05 1.76516859937692e-05 1.75302047864534e-05 1.82813182618702e-05 1.89388210856123e-05 2.12883369385963e-05 2.08813489734894e-05 2.27907767111901e-05 2.21530281123705e-05 2.54726837738417e-05 2.13627481571166e-05 2.45501669269288e-05 2.99955408991082e-05 3.00574174616486e-05
2.76215041594696e-06 3.67161737813149e-06 4.01256738769007e-06 3.74585943063721e-06 3.62236278306227e-06 3.71658984477108e-06 4.40583380623139e-06 4.43278804596048e-06 4.11165774494293e-06 4.80553217130364e-06 4.45439081886434e-06 5.48301704839105e-06 6.40688585917815e-06 5.95863048147294e-06 6.46251146463328e-06 5.85782936468604e-06 7.11610664438922e-06 7.33361275706557e-06 7.01576800565817e-06 8.44752412376693e-06 8.50072410685243e-06 9.47722128330497e-06 1.16243327283883e-05 1.25538563224836e-05 1.27555586004746e-05 1.07846299215453e-05 1.04865011962829e-05 1.19662317956681e-05 1.27653029267094e-05 1.42048975249054e-05 1.62093201652169e-05 1.55513189383782e-05 1.58187158376677e-05 1.82901621883502e-05 1.91372364497511e-05 1.96919336303836e-05 1.87718560482608e-05 2.03113922907505e-05 2.04060834221309e-05 2.32571037486196e-05 2.20796355279163e-05 2.28079643420642e-05 2.40762128669303e-05 2.50580942520173e-05 2.65755643340526e-05
3.36593393512885e-06 3.71534065379819e-06 4.27793338531046e-06 4.10160328101483e-06 4.10984648624435e-06 3.89749629903235e-06 3.7555751077889e-06 4.43481621914543e-06 4.69399492430966e-06 5.42694124305854e-06 5.14140492668957e-06 5.20325966135715e-06 5.18027263751719e-06 6.24174163021962e-06 6.31952070762054e-06 6.42682971374597e-06 7.90472040534951e-06 7.1524164013681e-06 7.36368338039028e-06 8.24784001451917e-06 8.48394756758353e-06 1.06602119558374e-05 1.13698224595282e-05 1.11214740172727e-05 1.27652610899531e-05 1.18551179184578e-05 1.25469541671919e-05 1.19118767543114e-05 1.30512999021448e-05 1.507196611783e-05 1.59952287503984e-05 1.48135322888265e-05 1.57627837324981e-05 1.59576193254907e-05 1.84038890438387e-05 1.71806241269223e-05 1.88864614756312e-05 2.05472242669202e-05 1.93864107131958e-05 1.97483259398723e-05 1.91617473319639e-05 2.19552566704806e-05 2.60227316175587e-05 2.61087061517173e-05 2.95036461466225e-05
3.6115775401413e-06 3.32446302309108e-06 3.70963630302867e-06 4.38149299952784e-06 4.60125784229604e-06 3.98750808017212e-06 4.35642459706287e-06 5.14325392941828e-06 5.00931218994083e-06 5.0404592002451e-06 5.83913924856461e-06 5.83848259338993e-06 5.9113917814102e-06 6.05911509410362e-06 7.00521786711761e-06 6.59044781059492e-06 6.8896606535418e-06 8.28937572805444e-06 7.94583684182726e-06 8.85075223777676e-06 8.46893544803606e-06 1.02085641628946e-05 9.88781357591506e-06 1.13885507744271e-05 1.32027143990854e-05 1.39000685521751e-05 1.30222051666351e-05 1.30355438159313e-05 1.32245049826452e-05 1.35325099108741e-05 1.38693021654035e-05 1.59386745508527e-05 1.5675752365496e-05 1.67249454534613e-05 1.93556152225938e-05 1.65680503414478e-05 1.93740361282835e-05 1.80063871084712e-05 1.7034533811966e-05 2.0063373085577e-05 2.11980477615725e-05 2.29697998292977e-05 2.56508774327813e-05 3.22437190334313e-05 3.11823496303987e-05
3.93436585000018e-06 3.78779668608331e-06 3.92133142668172e-06 4.72682540930691e-06 4.58714703199803e-06 4.85914415548905e-06 4.60807859781198e-06 4.26758469984634e-06 5.61713795832475e-06 5.20098956258153e-06 5.18260003445903e-06 5.62653622182552e-06 5.78320577915292e-06 6.86546127326437e-06 6.44327019472257e-06 6.40345433566836e-06 7.21052492735907e-06 7.85152951721102e-06 8.23712070996407e-06 8.14439954410773e-06 9.02587362361373e-06 1.0482219295227e-05 1.00101678981446e-05 1.09933089333936e-05 1.27559696920798e-05 1.33201447169995e-05 1.33822431962471e-05 1.25815686260466e-05 1.46007141665905e-05 1.33998337332741e-05 1.4820505384705e-05 1.45244903251296e-05 1.60982835950563e-05 1.67397611221531e-05 1.58362690854119e-05 1.78462360054255e-05 1.75516179297119e-05 1.7737354937708e-05 1.75532313733129e-05 2.1757545255241e-05 2.27223645197228e-05 2.2111331418273e-05 2.8568911147886e-05 3.03356082440587e-05 3.16563273372594e-05
4.11487235396635e-06 3.15688953378412e-06 3.72905537915358e-06 4.230451395415e-06 4.09812264479115e-06 4.22058883486898e-06 4.87961506223655e-06 5.11811094838777e-06 5.09836718265433e-06 5.8788164096768e-06 5.42883981324849e-06 5.48020898349932e-06 6.39227346255211e-06 7.17248440196272e-06 7.02922579876031e-06 6.37373977951938e-06 7.66260654927464e-06 7.15962505637435e-06 8.61503485793946e-06 8.39811400510371e-06 9.50696085055824e-06 9.24323830986395e-06 1.03530710475752e-05 1.08517579064937e-05 1.22021492643398e-05 1.32868972286815e-05 1.16691835501115e-05 1.26038703456288e-05 1.51357580762124e-05 1.43521028803661e-05 1.48582639667438e-05 1.51942585944198e-05 1.53839991980931e-05 1.72769814525964e-05 1.66695353982504e-05 1.7575435776962e-05 1.63639215315925e-05 1.91057479241863e-05 1.85423996299505e-05 2.1413216018118e-05 2.30644236580702e-05 2.52815298154019e-05 2.82669425359927e-05 2.70958207693184e-05 2.78283787338296e-05
3.73484317606199e-06 3.60085959982825e-06 3.60085959982825e-06 3.44595127899083e-06 4.33582499681506e-06 4.33582499681506e-06 4.86401268062764e-06 5.67352435609791e-06 5.6315816436836e-06 6.12000121691381e-06 5.96878999203909e-06 5.630322448269e-06 6.63099444864201e-06 6.91969125909964e-06 7.24026085663354e-06 8.09626089903759e-06 8.26654286356643e-06 8.6571708379779e-06 8.97231529961573e-06 8.42696954350686e-06 9.53975177253596e-06 9.42525457503507e-06 9.90565968095325e-06 1.02163294286584e-05 1.17200406748452e-05 1.31579299704754e-05 1.23350982903503e-05 1.27925932247308e-05 1.23277513921494e-05 1.38050336317974e-05 1.57059585035313e-05 1.48186500155134e-05 1.38063032864011e-05 1.5510560842813e-05 1.52952798089245e-05 1.59594001161167e-05 1.49514789882232e-05 1.69503437064122e-05 1.7881275198306e-05 2.06497334147571e-05 2.27175842155702e-05 2.70636519417167e-05 2.55544564424781e-05 2.88712362817023e-05 2.73644509434234e-05
4.40149096903042e-06 3.78198046746547e-06 3.68728433386423e-06 3.89155184166157e-06 4.5765623326588e-06 5.1918427743658e-06 4.77749654237414e-06 5.61719889446977e-06 5.87829572396004e-06 5.54987173018162e-06 6.36410231891205e-06 6.07544097874779e-06 6.28405723546166e-06 7.42551674193237e-06 6.99746033205884e-06 7.73682313592872e-06 7.3729265750444e-06 8.58669409353752e-06 8.48430863698013e-06 9.16594126465498e-06 1.02757230706629e-05 9.80557069851784e-06 8.92144998942968e-06 9.76617502601584e-06 1.18011030281195e-05 1.04984428617172e-05 1.1812644515885e-05 1.1072553206759e-05 1.31355172925396e-05 1.24347834571381e-05 1.37761562655214e-05 1.39974972626078e-05 1.44190125865862e-05 1.34486972456216e-05 1.44924360938603e-05 1.6098269043141e-05 1.92038623936241e-05 1.81610339495819e-05 2.05407213798026e-05 2.12785125768278e-05 2.22567960008746e-05 2.55722025030991e-05 2.68548265012214e-05 2.87182501779171e-05 2.64556765614543e-05
4.6951945478213e-06 4.44571514890413e-06 4.12092003898579e-06 4.24645804741886e-06 4.3299960452714e-06 5.41449571755948e-06 5.48689467905206e-06 5.48689467905206e-06 6.47127308184281e-06 6.05057493885397e-06 6.01184183324222e-06 6.5884619289136e-06 6.78458809488802e-06 8.10271649243077e-06 8.06681418907829e-06 9.15027158043813e-06 8.4987068476039e-06 9.2409527496784e-06 9.00827217265032e-06 9.68030326475855e-06 9.77942818281008e-06 1.00339475466171e-05 9.32563034439227e-06 1.01456744232564e-05 9.62878129939782e-06 1.10034034150885e-05 1.23653817354352e-05 1.19162195915123e-05 1.39667490657303e-05 1.31662054627668e-05 1.17470326586044e-05 1.33336016006069e-05 1.36230501084356e-05 1.33301327878144e-05 1.50853038576315e-05 1.57318681885954e-05 1.73511180037167e-05 1.81268696906045e-05 1.8962380636367e-05 2.14487699849997e-05 2.42054793488933e-05 2.52511599683203e-05 2.39518340094946e-05 2.9437234843499e-05 2.80708918580785e-05
3.69420013157651e-06 3.39636744683958e-06 4.929039732815e-06 4.93888092023553e-06 4.90243337480933e-06 4.9635882533039e-06 5.79993502469733e-06 5.76409502173192e-06 7.68737845646683e-06 8.13562382973032e-06 7.84467283665435e-06 8.62287834024755e-06 8.07114520284813e-06 8.63255991134793e-06 8.78877199284034e-06 9.43025679589482e-06 8.80344668985344e-06 8.59902866068296e-06 9.59960289037554e-06 1.018979219225e-05 9.56317308009602e-06 1.01324894785648e-05 9.93890625977656e-06 9.1781648734468e-06 1.04177806861117e-05 1.16829369289917e-05 1.09801030703238e-05 1.26072254715837e-05 1.41259415613604e-05 1.22640767585835e-05 1.28180099636666e-05 1.40943120641168e-05 1.25469423437607e-05 1.43236793519463e-05 1.68759670486907e-05 1.50331579789054e-05 1.62234355229884e-05 1.61978277901653e-05 1.86769721040037e-05 2.17482247535372e-05 2.61801160377217e-05 2.55632858170429e-05 2.63275433098897e-05 3.00371721095871e-05 2.93327666440746e-05
4.27386112278327e-06 3.98889369535027e-06 5.06973901792662e-06 4.68688676846796e-06 5.13701797899557e-06 4.93618244945537e-06 6.18544709141133e-06 6.20190076006111e-06 7.59939075578586e-06 9.42052884056466e-06 9.56760050030425e-06 8.76624108059332e-06 8.70435906108469e-06 1.03734164440539e-05 9.39153687795624e-06 8.55355119711021e-06 9.53312974161236e-06 8.82299627846805e-06 9.9901762951049e-06 1.05108883872163e-05 1.02941348814056e-05 9.21712762647076e-06 1.01168216133374e-05 9.88624015008099e-06 1.06017587313545e-05 1.0304066563549e-05 1.16709825306316e-05 1.30579928736552e-05 1.25989254229353e-05 1.26913319036248e-05 1.23828958749073e-05 1.13783107735799e-05 1.29723894133349e-05 1.51038848343887e-05 1.46327893162379e-05 1.50036867125891e-05 1.70583680301206e-05 1.72878317243885e-05 1.96727251022821e-05 2.31040066864807e-05 2.56008570431732e-05 2.89781601168215e-05 2.96597008855315e-05 3.00266983686015e-05 2.95575482596178e-05
4.55889721706626e-06 4.54680230177473e-06 5.3035214477859e-06 4.91060745844152e-06 5.36319475941127e-06 5.37746109330328e-06 6.77430261930567e-06 6.57464261166751e-06 8.13316000858322e-06 8.00455018179491e-06 9.1734427769552e-06 9.62721696851077e-06 1.10358905658359e-05 1.11440585897071e-05 9.85804945230484e-06 1.12606903712731e-05 1.0441649465065e-05 1.10950268208398e-05 1.08916137833148e-05 1.23871705000056e-05 1.07570285763359e-05 1.17836607387289e-05 1.09010070445947e-05 1.02374260677607e-05 1.04677565104794e-05 1.0930728421954e-05 1.15860048026661e-05 1.33681414808962e-05 1.3427284102363e-05 1.12010056909639e-05 1.29066675071954e-05 1.18176567411865e-05 1.13380792754469e-05 1.33422427097685e-05 1.54539302457124e-05 1.5672885638196e-05 1.5376890587504e-05 1.81614523171447e-05 2.14285792026203e-05 2.0900779418298e-05 2.60072047240101e-05 2.76648024737369e-05 2.55074683082057e-05 3.47264940501191e-05 3.37740821123589e-05
4.92919571115635e-06 4.77657113151508e-06 4.45019622929976e-06 5.61927117814776e-06 6.13915517533314e-06 5.68433279113378e-06 7.13716281097732e-06 6.9436810008483e-06 8.95571702130837e-06 8.91615218279185e-06 9.62103877100162e-06 9.95140180748422e-06 1.11229473986896e-05 1.03652546386002e-05 1.25387432490243e-05 1.24766511362395e-05 1.10592609416926e-05 1.04127757367678e-05 1.16566216092906e-05 1.19255482786684e-05 1.05929830169771e-05 1.11847839434631e-05 1.17939453048166e-05 1.08815756902914e-05 1.21102575576515e-05 1.15033062684233e-05 1.29231566461385e-05 1.17566223707399e-05 1.32706327349297e-05 1.20437898658565e-05 1.14441600089776e-05 1.05800700112013e-05 1.19413789434475e-05 1.36988137455774e-05 1.35311083795386e-05 1.5600156984874e-05 1.61932948685717e-05 1.61230364028597e-05 1.92778352356981e-05 2.34371491387719e-05 2.54039132414619e-05 2.61546156252734e-05 2.85807491309242e-05 3.12519841827452e-05 3.40444385074079e-05
5.40434348295094e-06 5.00677606396494e-06 6.60107752992189e-06 6.18280000708182e-06 6.13372094449005e-06 7.07892513673869e-06 7.07892513673869e-06 7.67815072322264e-06 9.31696558836848e-06 9.28518420550972e-06 9.18691966944607e-06 1.02445319498656e-05 1.2150496331742e-05 1.14437671072665e-05 1.15150742203696e-05 1.32456771098077e-05 1.21174871310359e-05 1.12958368845284e-05 1.24424286696012e-05 1.1081360753451e-05 1.07430487332749e-05 1.02353333204519e-05 1.00820816442138e-05 1.03711681731511e-05 1.10429164124071e-05 1.1305203770462e-05 1.27837010950316e-05 1.20815120681073e-05 1.43006855068961e-05 1.27563325804658e-05 1.17526324174833e-05 1.10863320514909e-05 1.29280906548956e-05 1.31353763208608e-05 1.44640189319034e-05 1.63160930242157e-05 1.62040178111056e-05 1.67305443028454e-05 2.21403297473444e-05 2.24413906835252e-05 2.37659478443675e-05 2.7236777896178e-05 3.02053686027648e-05 3.02978860418079e-05 3.86938445444684e-05
5.98598808210227e-06 5.77824266656535e-06 7.35695311959716e-06 6.81190977047663e-06 6.53700453767669e-06 6.74060493111028e-06 8.62796696310397e-06 7.67815072322264e-06 9.80953427642817e-06 9.21963965083705e-06 9.12206905923085e-06 1.02991070889402e-05 1.30271473608445e-05 1.23881372928736e-05 1.12428788270336e-05 1.29526015371084e-05 1.22643677968881e-05 1.15243883556104e-05 1.22427791211521e-05 1.17344943646458e-05 1.14645545181702e-05 1.12854258986772e-05 1.03939710243139e-05 1.04239497886738e-05 1.07664536699303e-05 1.19396136142313e-05 1.07959494926035e-05 1.29331565403845e-05 1.50683745232527e-05 1.30362086565583e-05 1.24083044283907e-05 9.96937433228595e-06 1.25196629596758e-05 1.30185417219764e-05 1.48292747326195e-05 1.42447270263801e-05 1.62547694344539e-05 1.95152933883946e-05 2.13222065212904e-05 2.05136384465732e-05 2.48730902967509e-05 2.57955998677062e-05 2.68713847617619e-05 3.07144218822941e-05 3.59192308678757e-05
6.28424140813877e-06 6.49938692731666e-06 7.03809655533405e-06 7.7912918641232e-06 6.67961285216734e-06 7.48844149711658e-06 8.73473163665039e-06 9.02181454875972e-06 9.705720913189e-06 9.61919795372523e-06 8.66693244461203e-06 1.16332603283809e-05 1.07547512016026e-05 1.31256292661419e-05 1.2035407962685e-05 1.43131846925826e-05 1.31986698761466e-05 1.18808948172955e-05 1.15243883556104e-05 1.21779048640747e-05 1.15704533527605e-05 1.17174067781889e-05 1.10848386611906e-05 1.13242022052873e-05 1.18526804726571e-05 1.23934105431545e-05 1.15696466309601e-05 1.31496426547528e-05 1.4340795132739e-05 1.34113242893363e-05 1.31193301058374e-05 1.24194602904026e-05 1.18179232231341e-05 1.35094305733219e-05 1.30344924400561e-05 1.4886939425196e-05 1.47730479511665e-05 1.75664008565946e-05 2.03469098778442e-05 2.07288139790762e-05 2.2840349629405e-05 2.67352479568217e-05 2.52028512477409e-05 2.92376589641208e-05 3.26647314068396e-05
6.51009304419858e-06 5.87562499276828e-06 5.901697477384e-06 6.82322024658788e-06 7.05602815287421e-06 7.05602815287421e-06 8.65966194396606e-06 8.18674016045406e-06 9.14346856006887e-06 1.03704778666724e-05 9.90554326563142e-06 1.11244116851594e-05 1.12720399556565e-05 1.35152804432437e-05 1.25220331028686e-05 1.32762806970277e-05 1.29211266539642e-05 1.32250215756358e-05 1.18860525617492e-05 1.22414085126366e-05 1.14277472675894e-05 1.30056978377979e-05 1.08516023828997e-05 1.23460113172769e-05 1.18553307402181e-05 1.23495901789283e-05 1.17230347314035e-05 1.32901177494205e-05 1.21754474093905e-05 1.40906295200693e-05 1.25372152979253e-05 1.28180254250765e-05 1.3655765542353e-05 1.39120811581961e-05 1.34095589601202e-05 1.36383414428565e-05 1.57864396896912e-05 1.87877903954359e-05 2.18775530811399e-05 2.31714384426596e-05 2.27848468057346e-05 2.59077678492758e-05 2.68482308456441e-05 2.64287409663666e-05 2.79767446045298e-05
6.77923026159988e-06 6.52163316772203e-06 6.36263348496868e-06 7.33011938791606e-06 7.26549615137628e-06 7.35612911739736e-06 8.48970466904575e-06 9.0627399913501e-06 9.14243992156116e-06 1.00082215794828e-05 1.07646355900215e-05 1.17112176667433e-05 1.1632210771495e-05 1.46486645462574e-05 1.20699623948894e-05 1.32322966237552e-05 1.46403181133792e-05 1.30968273879262e-05 1.23459831229411e-05 1.11947038021754e-05 1.21898929137387e-05 1.06303086795378e-05 1.19279484351864e-05 1.12328998511657e-05 1.1877358701895e-05 1.2522830729722e-05 1.3804641639581e-05 1.3126202247804e-05 1.47366072269506e-05 1.41217824420892e-05 1.3863338608644e-05 1.29362560983282e-05 1.22351520985831e-05 1.25882161228219e-05 1.49899060488679e-05 1.49643728946103e-05 1.67891776072793e-05 2.05646647373214e-05 2.02075316337869e-05 2.4098235371639e-05 2.43559916270897e-05 2.553749436629e-05 2.47793741436908e-05 2.34505059779622e-05 2.69558040599804e-05
7.33876413505641e-06 6.4869896050368e-06 5.80829782848014e-06 8.03659713710658e-06 7.37560003472026e-06 7.95869527792092e-06 8.88789054442896e-06 9.15864620765205e-06 9.94415222521638e-06 1.07993009805796e-05 1.02333942777477e-05 9.24908817978576e-06 1.21118300739909e-05 1.16074334073346e-05 1.29896252474282e-05 1.27771936604404e-05 1.18122989078984e-05 1.44134592119372e-05 1.23596837511286e-05 1.19520436783205e-05 1.07141668195254e-05 1.17080344352871e-05 1.18988073154469e-05 1.13516271085246e-05 1.2350643373793e-05 1.26019358503981e-05 1.36360868054908e-05 1.27073672047118e-05 1.39754574774997e-05 1.3789695003652e-05 1.29131958601647e-05 1.39403682624106e-05 1.3341972589842e-05 1.39598823807319e-05 1.59138398885261e-05 1.60991603479488e-05 1.87177793122828e-05 1.92957359104184e-05 2.24491432163632e-05 2.27291820920072e-05 2.23524730245117e-05 2.30895093409345e-05 2.71920143859461e-05 2.28255303227343e-05 2.35621737374458e-05
7.09672076482093e-06 6.41067072137957e-06 6.97910036251415e-06 7.91396541899303e-06 8.31734087114455e-06 7.58608439355157e-06 1.01205687315087e-05 9.19307876756648e-06 9.19307876756648e-06 1.09171087387949e-05 1.13697105916799e-05 1.34841175167821e-05 1.25918077173992e-05 1.16100291052135e-05 1.37629249366e-05 1.2664549103647e-05 1.1822763553937e-05 1.25318383652484e-05 1.21681696327869e-05 1.15316715891822e-05 1.07712430690299e-05 1.16666369649465e-05 9.38061111810384e-06 1.15365928650135e-05 1.24384469017969e-05 1.32912509798189e-05 1.16208220788394e-05 1.1716424523911e-05 1.2425790373527e-05 1.19167507364182e-05 1.17856752694934e-05 1.36108437800431e-05 1.44989089676528e-05 1.43595052577439e-05 1.62646083481377e-05 1.61831103469012e-05 1.85814933502115e-05 1.80856186489109e-05 2.34401686611818e-05 2.36041651078267e-05 2.42399382841541e-05 2.25386793317739e-05 2.38583197642583e-05 2.29429460887332e-05 2.50616303674178e-05
