data/climate_estimation/maxent_output/Camptorrhiza_strumosa.asc
NCOLS 251 
NROWS 190 
XLLCORNER 15.1666666666667 
YLLCORNER -27.75 
CELLSIZE 0.0833333333333333 
NODATA_value -3.4e+38 
[rows 160 to 179 of 190, columns 0 to 44 of 251]
0.0803413987159729 0.0959900319576263 0.15038987994194 0.135621935129166 0.183863461017609 0.195010766386986 0.231565952301025 0.438737720251083 0.435137182474136 0.384105384349823 0.387355357408524 0.36188617348671 0.382399380207062 0.383175998926163 0.439199328422546 0.366830110549927 0.323630928993225 0.310298174619675 0.312762498855591 0.29627913236618 0.309395164251328 0.436194002628326 0.484710067510605 0.437718212604523 0.442202091217041 0.433634847402573 0.491724371910095 0.51994925737381 0.595566689968109 0.574473977088928 0.4306860268116 0.671685934066772 0.64263129234314 0.647937953472137 0.57244998216629 0.511069416999817 0.465956181287766 0.33446791768074 0.290827572345734 0.279228925704956 0.248464599251747 0.205471947789192 0.180098921060562 0.149449616670609 0.147416323423386
0.0340480618178844 0.102787867188454 0.141702234745026 0.146368265151978 0.20032474398613 0.23215252161026 0.273925423622131 0.35762494802475 0.441578209400177 0.396872013807297 0.396081030368805 0.364433825016022 0.38590282201767 0.423646152019501 0.3371841609478 0.386640250682831 0.34597510099411 0.330599129199982 0.278991550207138 0.317236393690109 0.281274020671844 0.470881044864655 0.429356336593628 0.47047358751297 0.445213556289673 0.497145652770996 0.494067341089249 0.526326715946198 0.567147850990295 0.62507700920105 0.591788768768311 0.657806754112244 0.604513466358185 0.604888260364532 0.527353048324585 0.504864871501923 0.397389382123947 0.360846340656281 0.311316668987274 0.264715820550919 0.222110718488693 0.21205723285675 0.184284552931786 0.159005299210548 0.148063063621521
0.0635017901659012 0.0913246273994446 0.118125602602959 0.147101238369942 0.158791869878769 0.194330871105194 0.226727813482285 0.38573282957077 0.437429785728455 0.4016173183918 0.330987811088562 0.385362654924393 0.428024351596832 0.424355506896973 0.341247290372849 0.3784259557724 0.320270240306854 0.329861164093018 0.307548731565475 0.2679682970047 0.27356168627739 0.429630517959595 0.467165023088455 0.492591142654419 0.444438278675079 0.519027709960938 0.503046214580536 0.510235130786896 0.569636344909668 0.609938979148865 0.580824673175812 0.620481669902802 0.597252547740936 0.543197870254517 0.468364953994751 0.405231237411499 0.358737647533417 0.353861272335052 0.307088792324066 0.288298159837723 0.24242827296257 0.204142317175865 0.190948158502579 0.163587614893913 0.156653627753258
0.0332905687391758 0.0977075472474098 0.113802634179592 0.149201467633247 0.194194406270981 0.268519222736359 0.292413204908371 0.267924278974533 0.3408023416996 0.347063809633255 0.349274516105652 0.391891568899155 0.396032243967056 0.429180920124054 0.346601039171219 0.314347892999649 0.30879807472229 0.284367918968201 0.2627172768116 0.300740301609039 0.261210829019547 0.499667167663574 0.444053769111633 0.462535589933395 0.469016581773758 0.47438570857048 0.532662153244019 0.541556000709534 0.549003064632416 0.536136209964752 0.568452775478363 0.563455402851105 0.555213987827301 0.521858274936676 0.46178612112999 0.44804373383522 0.377060621976852 0.341691076755524 0.285916388034821 0.270325243473053 0.22183583676815 0.210721403360367 0.182181373238564 0.171277478337288 0.164412423968315
0.0324613861739635 0.100462764501572 0.0596970431506634 0.154034286737442 0.208215609192848 0.240307688713074 0.25723260641098 0.266614079475403 0.280496865510941 0.320975780487061 0.346347868442535 0.419971317052841 0.387723058462143 0.425515115261078 0.362380772829056 0.310659259557724 0.318980515003204 0.308104068040848 0.249609261751175 0.282206177711487 0.255135893821716 0.455972403287888 0.447587251663208 0.484826236963272 0.497876077890396 0.494980603456497 0.52350389957428 0.559143424034119 0.512520849704742 0.533132016658783 0.507395446300507 0.514116525650024 0.526627004146576 0.481124550104141 0.43629777431488 0.375581383705139 0.367544621229172 0.322293937206268 0.275471240282059 0.257739245891571 0.240934267640114 0.224838778376579 0.192314058542252 0.179955989122391 0.174576535820961
0.0557399690151215 0.0492803119122982 0.0466705821454525 0.105838514864445 0.174527749419212 0.183432921767235 0.205686151981354 0.271009624004364 0.296623855829239 0.368731319904327 0.40009680390358 0.407328754663467 0.401184678077698 0.378674268722534 0.329397618770599 0.309438198804855 0.320832163095474 0.272512584924698 0.292130619287491 0.29668453335762 0.487799048423767 0.268270969390869 0.43589586019516 0.497639149427414 0.481145262718201 0.508367478847504 0.533664345741272 0.498138219118118 0.496700078248978 0.532998442649841 0.502996861934662 0.459125995635986 0.468118965625763 0.442196160554886 0.390834540128708 0.403566032648087 0.403594136238098 0.314693063497543 0.2641341984272 0.232392609119415 0.22972697019577 0.20676164329052 0.19901517033577 0.189087897539139 0.163025200366974
0.0525861978530884 0.0249342303723097 0.0449557080864906 0.0522573739290237 0.121275328099728 0.192040950059891 0.251836717128754 0.289743334054947 0.310717046260834 0.423254460096359 0.414271086454391 0.368210703134537 0.378533542156219 0.376985013484955 0.351099282503128 0.349040329456329 0.313316017389297 0.273276418447495 0.297714471817017 0.2840396463871 0.474681317806244 0.456655114889145 0.517926812171936 0.48338520526886 0.500715732574463 0.482881367206573 0.556640982627869 0.529170513153076 0.530581951141357 0.458997249603271 0.430857598781586 0.401539027690887 0.429571866989136 0.394320636987686 0.303283154964447 0.377925872802734 0.331663429737091 0.351797550916672 0.263469457626343 0.248563185334206 0.231571465730667 0.22236655652523 0.209627121686935 0.183962136507034 0.0941584259271622
0.0216644126921892 0.0178653541952372 0.0436046458780766 0.102379940450191 0.0999334156513214 0.206477865576744 0.211846202611923 0.296357542276382 0.348531454801559 0.300819784402847 0.360636949539185 0.385066360235214 0.35638827085495 0.386667311191559 0.336554974317551 0.313975691795349 0.320953249931335 0.275177299976349 0.310486078262329 0.28850793838501 0.484887957572937 0.532721281051636 0.478298485279083 0.501381695270538 0.55110090970993 0.530874669551849 0.489942908287048 0.531422555446625 0.525533139705658 0.458231061697006 0.432597309350967 0.494353264570236 0.384740710258484 0.350555062294006 0.324362069368362 0.282701045274734 0.260468244552612 0.229703262448311 0.248979687690735 0.22826986014843 0.21826633810997 0.212194845080376 0.193966135382652 0.102706082165241 0.0967394188046455
0.0193358827382326 0.00876122899353504 0.0201109442859888 0.0991309359669685 0.0571154095232487 0.12181667983532 0.212421506643295 0.301040321588516 0.343195289373398 0.346191942691803 0.407963514328003 0.339002639055252 0.370626658201218 0.434601753950119 0.384157627820969 0.387719839811325 0.341756194829941 0.302433580160141 0.263673633337021 0.28789421916008 0.526305615901947 0.478967636823654 0.514489948749542 0.492637515068054 0.530945539474487 0.495578050613403 0.545327186584473 0.545951545238495 0.464153409004211 0.413408607244492 0.398849785327911 0.368563026189804 0.349263429641724 0.369354516267776 0.332464337348938 0.296107113361359 0.26959154009819 0.237278610467911 0.228930309414864 0.214137926697731 0.199916645884514 0.185104206204414 0.210179448127747 0.0976522713899612 0.094586618244648
0.00837511755526066 0.0043256301432848 0.0194849725812674 0.0463623255491257 0.111795328557491 0.0540511384606361 0.221246808767319 0.235270917415619 0.344870716333389 0.359142661094666 0.355164140462875 0.331740200519562 0.388316929340363 0.457844346761703 0.345412462949753 0.391574025154114 0.360799044370651 0.32474222779274 0.286797016859055 0.321663409471512 0.311550587415695 0.544609308242798 0.483172714710236 0.495485663414001 0.490129142999649 0.521202206611633 0.493790060281754 0.483439534902573 0.49617725610733 0.425176292657852 0.355912864208221 0.33104532957077 0.299451619386673 0.333843886852264 0.312206298112869 0.271129697561264 0.306339234113693 0.23023048043251 0.237940788269043 0.230803802609444 0.216756239533424 0.194868341088295 0.19445626437664 0.101358562707901 0.0951104760169983
0.00728038838133216 0.00454125087708235 0.00914558954536915 0.0208926741033792 0.0524417124688625 0.111406490206718 0.141332164406776 0.11953030526638 0.261488974094391 0.288664072751999 0.355088651180267 0.364394932985306 0.313864886760712 0.317433655261993 0.336605608463287 0.346890151500702 0.308070838451385 0.305214405059814 0.319159001111984 0.315716534852982 0.278770983219147 0.507177412509918 0.508857011795044 0.487218707799911 0.526554226875305 0.501661598682404 0.525845229625702 0.50548905134201 0.530362010002136 0.377321481704712 0.369382232427597 0.339881628751755 0.312237799167633 0.290166527032852 0.315868973731995 0.284846901893616 0.258069962263107 0.285335183143616 0.22342637181282 0.205826789140701 0.192130580544472 0.180892333388329 0.163753136992455 0.0835343301296234 0.0827811658382416
0.00254737422801554 0.00906975287944078 0.0251575876027346 0.00998405274003744 0.0117514431476593 0.0252003110945225 0.124194465577602 0.132159009575844 0.158511072397232 0.321342915296555 0.407617181539536 0.365808069705963 0.376869022846222 0.308867901563644 0.303720653057098 0.317632645368576 0.36679944396019 0.284980565309525 0.285224050283432 0.310225039720535 0.297452241182327 0.443715482950211 0.535805642604828 0.337453573942184 0.504438877105713 0.545840561389923 0.477150052785873 0.481428384780884 0.463742226362228 0.403805732727051 0.320105880498886 0.290257960557938 0.333372622728348 0.284059256315231 0.320288568735123 0.301767200231552 0.322802931070328 0.246851563453674 0.275439471006393 0.211054086685181 0.205024018883705 0.185284182429314 0.172541946172714 0.160445317625999 0.0819492563605309
0.00112398841883987 0.0043857591226697 0.0107208928093314 0.0295399464666843 0.0141637893393636 0.0142079656943679 0.0819803848862648 0.135050177574158 0.175621032714844 0.141742452979088 0.341300547122955 0.433881253004074 0.383468806743622 0.385735273361206 0.389057129621506 0.342384576797485 0.335134923458099 0.285110890865326 0.311154037714005 0.346937775611877 0.305211186408997 0.29097056388855 0.497336506843567 0.463233709335327 0.478232502937317 0.495914041996002 0.519101440906525 0.526285827159882 0.425328612327576 0.349689990282059 0.333669275045395 0.305290967226028 0.271292477846146 0.293635576963425 0.316267758607864 0.312087655067444 0.337390124797821 0.305067151784897 0.293870955705643 0.233689323067665 0.213175609707832 0.204226210713387 0.154721021652222 0.139178887009621 0.1328986287117
0.000778750632889569 0.00146957149263471 0.00460517033934593 0.02893509529531 0.0133373709395528 0.0132810603827238 0.029911432415247 0.0303871612995863 0.155324473977089 0.123892344534397 0.302724331617355 0.269537508487701 0.291296988725662 0.33281421661377 0.378809779882431 0.379645437002182 0.311633318662643 0.278421103954315 0.34462571144104 0.303854167461395 0.260330080986023 0.30018338561058 0.437435030937195 0.512169659137726 0.514177143573761 0.480734050273895 0.485994338989258 0.494439691305161 0.467271953821182 0.37074688076973 0.280645191669464 0.247176095843315 0.273679852485657 0.25128111243248 0.334155917167664 0.319037914276123 0.354929655790329 0.272910565137863 0.256327331066132 0.282021075487137 0.2290358543396 0.176153600215912 0.158889919519424 0.148669525980949 0.137662246823311
0.00444641895592213 0.00236015045084059 0.00447337003424764 0.00509264692664146 0.0134200928732753 0.0151219582185149 0.014812977053225 0.0350837484002113 0.0816695317625999 0.128302335739136 0.105986185371876 0.159302309155464 0.312721878290176 0.368722319602966 0.400132864713669 0.318633854389191 0.310119777917862 0.340798109769821 0.341529607772827 0.27665901184082 0.269855827093124 0.246361926198006 0.456448167562485 0.495140731334686 0.455576360225677 0.552654623985291 0.538667559623718 0.519661903381348 0.421342492103577 0.315008342266083 0.299924612045288 0.260715186595917 0.234657600522041 0.32714718580246 0.293895542621613 0.27565810084343 0.305652111768723 0.294674962759018 0.210867404937744 0.202500745654106 0.18686218559742 0.145844057202339 0.133651956915855 0.128494754433632 0.116768822073936
0.00148423970676959 0.00172981875948608 0.00601801136508584 0.00301294284872711 0.0125831263139844 0.0136630348861217 0.00762103823944926 0.020201874896884 0.0870015770196915 0.209026351571083 0.0652639865875244 0.0884544998407364 0.0523532964289188 0.0839832872152328 0.264553397893906 0.267417967319489 0.33068585395813 0.323398977518082 0.35019463300705 0.297324329614639 0.240817546844482 0.276001125574112 0.494768112897873 0.434931844472885 0.514911532402039 0.44972762465477 0.509019911289215 0.46791198849678 0.434906035661697 0.34109154343605 0.245560377836227 0.281786024570465 0.311739176511765 0.27132648229599 0.249658018350601 0.223874598741531 0.204224035143852 0.197695717215538 0.227679878473282 0.216178461909294 0.160333648324013 0.144275158643723 0.116227805614471 0.109860397875309 0.12678924202919
0.00487370556220412 0.00154097459744662 0.00330522027797997 0.00820268038660288 0.00458505190908909 0.0123112667351961 0.0203426852822304 0.0221696328371763 0.100329294800758 0.0316485986113548 0.0663221478462219 0.0999604761600494 0.0357093177735806 0.0362324714660645 0.0682786330580711 0.200394243001938 0.349216610193253 0.32414373755455 0.281682044267654 0.269190758466721 0.24213881790638 0.282081335783005 0.415068775415421 0.476913273334503 0.463235914707184 0.508539080619812 0.46441650390625 0.511569261550903 0.466705739498138 0.351246535778046 0.260241955518723 0.233843892812729 0.322822511196136 0.300807178020477 0.214582920074463 0.193467617034912 0.229763597249985 0.208469077944756 0.200549110770226 0.183306246995926 0.164476066827774 0.122333519160748 0.149656772613525 0.116527371108532 0.107296422123909
0.00260993372648954 0.000933618401177227 0.00162672100123018 0.00354861957021058 0.0052920812740922 0.0059158019721508 0.0133071672171354 0.0123624671250582 0.0174886379390955 0.0215414967387915 0.0159909706562757 0.0252868626266718 0.0226936750113964 0.0266011785715818 0.0270196255296469 0.118123814463615 0.211912423372269 0.342907607555389 0.268811225891113 0.255205392837524 0.290013551712036 0.249446004629135 0.276168972253799 0.468237906694412 0.409351527690887 0.472667783498764 0.429911106824875 0.455974012613297 0.434142529964447 0.385318249464035 0.273522943258286 0.252123594284058 0.278968930244446 0.253034353256226 0.234096243977547 0.211458429694176 0.187141880393028 0.172965452075005 0.1629598736763 0.15613529086113 0.143017023801804 0.133803442120552 0.121926859021187 0.123970374464989 0.116898581385612
0.00161298247985542 0.000879046798218042 0.00152410520240664 0.00398229621350765 0.0131412427872419 0.00572976050898433 0.00950846169143915 0.00767603516578674 0.0149156488478184 0.0136937126517296 0.0167041998356581 0.0207429975271225 0.0237773060798645 0.0175892133265734 0.0269034709781408 0.0564196221530437 0.148027673363686 0.318098783493042 0.325814545154572 0.305714726448059 0.272851407527924 0.275390923023224 0.27640500664711 0.252588987350464 0.434642285108566 0.509481430053711 0.477507352828979 0.403693944215775 0.380191445350647 0.332819402217865 0.299290031194687 0.265116989612579 0.237474024295807 0.203292310237885 0.189277112483978 0.222957983613014 0.15338608622551 0.140339493751526 0.131925731897354 0.166505724191666 0.153991639614105 0.14484891295433 0.167443305253983 0.132672473788261 0.123054586350918
0.00932150613516569 0.00197110557928681 0.000974930881056935 0.00152839766815305 0.00265456014312804 0.00879665650427341 0.00614971481263638 0.0158361624926329 0.00977618433535099 0.0171177852898836 0.0184306818991899 0.0187673103064299 0.0136108556762338 0.0129391513764858 0.0171192735433578 0.0514095090329647 0.102812774479389 0.238204374909401 0.320579499006271 0.338685780763626 0.320394039154053 0.272356420755386 0.321993380784988 0.29412454366684 0.298740178346634 0.42118701338768 0.418928354978561 0.462068200111389 0.415277749300003 0.36595031619072 0.330450475215912 0.218696922063828 0.250870078802109 0.21912457048893 0.204812824726105 0.174940809607506 0.171302676200867 0.151804372668266 0.191700339317322 0.178941071033478 0.163494795560837 0.148901462554932 0.187081694602966 0.196502357721329 0.180148914456367
