data/climate_estimation/maxent_output/Camptorrhiza_strumosa.asc
NCOLS 251 
NROWS 190 
XLLCORNER 15.1666666666667 
YLLCORNER -27.75 
CELLSIZE 0.0833333333333333 
NODATA_value -3.4e+38 
[rows 40 to 59 of 190, columns 45 to 89 of 251]
0.627240300178528 0.609510600566864 0.585626542568207 0.577840924263 0.575596272945404 0.561999678611755 0.572121500968933 0.569507241249084 0.588879287242889 0.570216655731201 0.57174164056778 0.581989824771881 0.572329819202423 0.567575037479401 0.583306312561035 0.583306312561035 0.592585444450378 0.595986783504486 0.586751699447632 0.57309103012085 0.564163088798523 0.564109146595001 0.559224963188171 0.544146597385406 0.531192481517792 0.543410897254944 0.546274185180664 0.508738338947296 0.503984272480011 0.480152755975723 0.482002764940262 0.454204052686691 0.410641372203827 0.396142959594727 0.355302333831787 0.324985206127167 0.29364413022995 0.273021310567856 0.235422447323799 0.214333325624466 0.189380064606667 0.165697425603867 0.162022262811661 0.159849494695663 0.159192204475403
0.648827731609344 0.624675929546356 0.614808797836304 0.603212893009186 0.604610443115234 0.601123034954071 0.594421446323395 0.60026615858078 0.619794547557831 0.608990967273712 0.601608335971832 0.596847414970398 0.607222676277161 0.605662405490875 0.621512591838837 0.614727377891541 0.592604577541351 0.596710920333862 0.605597972869873 0.599473536014557 0.58989942073822 0.587615072727203 0.56995677947998 0.556699931621552 0.560333013534546 0.544294059276581 0.540465772151947 0.518466174602509 0.505073130130768 0.475432425737381 0.466130793094635 0.445706367492676 0.419060081243515 0.385878652334213 0.362258464097977 0.337600380182266 0.299386531114578 0.266818344593048 0.244294300675392 0.227729946374893 0.200659513473511 0.180048242211342 0.17174232006073 0.173748344182968 0.171276912093163
0.678807616233826 0.633832037448883 0.627417385578156 0.615034639835358 0.627417385578156 0.636882781982422 0.639114141464233 0.653810620307922 0.645170748233795 0.633350431919098 0.631540298461914 0.617310702800751 0.639579296112061 0.656308352947235 0.626600503921509 0.635849416255951 0.619852185249329 0.622600436210632 0.625537157058716 0.607619524002075 0.626100480556488 0.637498915195465 0.58045482635498 0.595115602016449 0.61314982175827 0.577733397483826 0.552342474460602 0.543546199798584 0.507894992828369 0.468516021966934 0.480125337839127 0.444597095251083 0.430392920970917 0.391920685768127 0.3678979575634 0.328262269496918 0.30664911866188 0.290345668792725 0.259681016206741 0.228287443518639 0.216768458485603 0.191366299986839 0.1956797093153 0.19251249730587 0.176561549305916
0.675834715366364 0.660702407360077 0.667360842227936 0.645931482315063 0.653117656707764 0.661556720733643 0.669846892356873 0.662087619304657 0.676967799663544 0.655472874641418 0.66420966386795 0.66158527135849 0.676829159259796 0.696512877941132 0.684973537921906 0.678521037101746 0.660173773765564 0.671390891075134 0.646409213542938 0.655263185501099 0.659295797348022 0.635209143161774 0.626058995723724 0.635898470878601 0.618457973003387 0.581835448741913 0.590512990951538 0.552580773830414 0.521070241928101 0.504279375076294 0.473285734653473 0.46483713388443 0.432841539382935 0.397297084331512 0.373410373926163 0.352253675460815 0.308169066905975 0.285019278526306 0.271051228046417 0.243346005678177 0.228824645280838 0.217417508363724 0.203490704298019 0.201548889279366 0.201130285859108
0.708657443523407 0.693106532096863 0.667459607124329 0.668825685977936 0.67275857925415 0.689366638660431 0.685789942741394 0.70904266834259 0.696035325527191 0.669820785522461 0.680309057235718 0.70333331823349 0.706543445587158 0.704220592975616 0.701684236526489 0.704203069210052 0.689111173152924 0.673020601272583 0.671234846115112 0.663830101490021 0.647284507751465 0.646689414978027 0.636149704456329 0.64717435836792 0.629258692264557 0.604889810085297 0.593710958957672 0.578337788581848 0.540133893489838 0.54515278339386 0.499362766742706 0.466554343700409 0.448128402233124 0.411982417106628 0.396348297595978 0.363307982683182 0.3351029753685 0.308393061161041 0.274113714694977 0.264113515615463 0.247505411505699 0.242323383688927 0.212777763605118 0.219297543168068 0.218779131770134
0.729553639888763 0.717349350452423 0.709503173828125 0.709671199321747 0.697262585163116 0.696420967578888 0.710411489009857 0.704521119594574 0.705901026725769 0.717513501644135 0.723308503627777 0.724289953708649 0.741284966468811 0.728600203990936 0.732991576194763 0.73703533411026 0.731346547603607 0.721946954727173 0.710318744182587 0.69563353061676 0.699462711811066 0.682336628437042 0.668137669563293 0.668675720691681 0.645802676677704 0.644395589828491 0.603030681610107 0.596445083618164 0.582385420799255 0.538732349872589 0.511027276515961 0.482453554868698 0.445994555950165 0.435396015644073 0.392797082662582 0.373859971761703 0.355556756258011 0.332799583673477 0.30117005109787 0.280918776988983 0.264009535312653 0.256898194551468 0.238017171621323 0.233118668198586 0.232681408524513
0.744466304779053 0.719529747962952 0.719684720039368 0.707340240478516 0.741033494472504 0.705217838287354 0.710830271244049 0.73460191488266 0.745507478713989 0.74884569644928 0.730082809925079 0.73554927110672 0.757816195487976 0.743315994739532 0.736648559570312 0.738039076328278 0.739611685276031 0.732397615909576 0.728368282318115 0.726368486881256 0.719126105308533 0.704355239868164 0.695223987102509 0.673013746738434 0.645051300525665 0.654928147792816 0.646215796470642 0.612208843231201 0.583569705486298 0.552383661270142 0.515584290027618 0.49435555934906 0.450072139501572 0.453993886709213 0.418316781520844 0.407224923372269 0.375245958566666 0.357234090566635 0.328356623649597 0.313415437936783 0.29485347867012 0.284367442131042 0.264892250299454 0.271857231855392 0.253052085638046
0.733010768890381 0.729848742485046 0.726933538913727 0.732825875282288 0.737673461437225 0.705188691616058 0.745326578617096 0.750586092472076 0.762220561504364 0.757478892803192 0.743956983089447 0.753695785999298 0.746448278427124 0.748797833919525 0.763318121433258 0.742171943187714 0.745762526988983 0.733163893222809 0.737131237983704 0.711749017238617 0.727095246315002 0.722021996974945 0.714032232761383 0.697081923484802 0.691202342510223 0.676015675067902 0.661811590194702 0.619758546352386 0.603845834732056 0.554612100124359 0.548894882202148 0.528459668159485 0.484031766653061 0.46212637424469 0.430946111679077 0.412120461463928 0.400992631912231 0.372593104839325 0.350109726190567 0.33719003200531 0.309306025505066 0.321316659450531 0.288463830947876 0.293165564537048 0.28315857052803
0.736674189567566 0.739769756793976 0.749276340007782 0.743515253067017 0.748341500759125 0.751344799995422 0.750573694705963 0.753341674804688 0.753460466861725 0.746730506420135 0.757966279983521 0.768595159053802 0.766164481639862 0.758137941360474 0.747495770454407 0.748670220375061 0.74625700712204 0.724433958530426 0.737185120582581 0.735930979251862 0.724023461341858 0.720233976840973 0.7192063331604 0.717573523521423 0.708780705928802 0.684221088886261 0.659296333789825 0.636963188648224 0.601810574531555 0.572718024253845 0.573724389076233 0.538121461868286 0.516216158866882 0.483467698097229 0.459344446659088 0.429105818271637 0.432225346565247 0.40127569437027 0.370317757129669 0.357952207326889 0.33689084649086 0.330514460802078 0.333531647920609 0.305209219455719 0.318546056747437
0.754127502441406 0.743124961853027 0.751752495765686 0.740846991539001 0.747211933135986 0.753966212272644 0.754168391227722 0.767716348171234 0.771575331687927 0.762109994888306 0.774404168128967 0.764879703521729 0.76460200548172 0.752370238304138 0.759234488010406 0.752549350261688 0.725078165531158 0.750072777271271 0.744960129261017 0.734760940074921 0.729144513607025 0.718286991119385 0.714618444442749 0.718762695789337 0.702211558818817 0.698775768280029 0.680325031280518 0.664042174816132 0.639455676078796 0.611998915672302 0.608621060848236 0.554101884365082 0.524722099304199 0.514345109462738 0.476957648992538 0.438102811574936 0.439512193202972 0.426932662725449 0.396985113620758 0.392267674207687 0.355853646993637 0.345017582178116 0.336112588644028 0.339183002710342 0.336419016122818
0.761189222335815 0.768950700759888 0.748115062713623 0.748534083366394 0.764699995517731 0.773164808750153 0.772104620933533 0.763804137706757 0.770967245101929 0.773372411727905 0.765328168869019 0.759109556674957 0.766742825508118 0.770123779773712 0.773151576519012 0.757096946239471 0.738758862018585 0.755283415317535 0.741907596588135 0.743212759494781 0.747421205043793 0.72468888759613 0.723507583141327 0.710033535957336 0.717899739742279 0.696705520153046 0.705169856548309 0.685943245887756 0.6646369099617 0.635424911975861 0.607509434223175 0.569441616535187 0.562856078147888 0.541324496269226 0.496997535228729 0.490536451339722 0.482967466115952 0.446981191635132 0.423267245292664 0.406266689300537 0.402068436145782 0.384091556072235 0.382077068090439 0.359499514102936 0.349263340234756
0.765289485454559 0.767781674861908 0.748901665210724 0.767393052577972 0.76711630821228 0.76497483253479 0.772388815879822 0.765722870826721 0.768237352371216 0.769789636135101 0.766915023326874 0.765250742435455 0.7781041264534 0.773725986480713 0.762547433376312 0.762851536273956 0.77838397026062 0.759560704231262 0.755607962608337 0.765666544437408 0.7563157081604 0.747784912586212 0.745352685451508 0.743462324142456 0.721058309078217 0.719062805175781 0.691088378429413 0.694039940834045 0.680809319019318 0.665970265865326 0.610938847064972 0.591294467449188 0.596465587615967 0.561999380588531 0.526167631149292 0.503997206687927 0.484505653381348 0.466875374317169 0.443623691797256 0.429319620132446 0.441618412733078 0.422578901052475 0.402749955654144 0.403882086277008 0.407188802957535
0.768171191215515 0.74516087770462 0.766452014446259 0.766751229763031 0.766516506671906 0.769052088260651 0.769053280353546 0.773427069187164 0.776085495948792 0.784943759441376 0.791351974010468 0.790749669075012 0.786509335041046 0.783124327659607 0.757724702358246 0.76562911272049 0.770948827266693 0.772601723670959 0.767079174518585 0.757071971893311 0.765944957733154 0.756637930870056 0.74959808588028 0.752422213554382 0.744059920310974 0.742668807506561 0.693078279495239 0.690188229084015 0.684055984020233 0.658823251724243 0.648695647716522 0.614195466041565 0.602750301361084 0.58176589012146 0.542535781860352 0.523517191410065 0.512659668922424 0.499045968055725 0.491744488477707 0.471181780099869 0.481299966573715 0.45768678188324 0.420263975858688 0.432043850421906 0.42526587843895
0.762986898422241 0.746151268482208 0.768305838108063 0.773019075393677 0.775198996067047 0.772551119327545 0.770093858242035 0.787695050239563 0.793221116065979 0.793243944644928 0.796586692333221 0.78703635931015 0.789591252803802 0.780472993850708 0.768401384353638 0.770061314105988 0.766501009464264 0.772640645503998 0.781597971916199 0.774499297142029 0.770376563072205 0.759987473487854 0.744052469730377 0.746574401855469 0.746542751789093 0.732727348804474 0.727369129657745 0.710628271102905 0.692741811275482 0.673644542694092 0.656407058238983 0.628842115402222 0.618384063243866 0.593138575553894 0.555898308753967 0.579573810100555 0.546129703521729 0.534113883972168 0.533925950527191 0.499173551797867 0.499604612588882 0.491199105978012 0.473442792892456 0.460093379020691 0.459484100341797
0.774755656719208 0.751703560352325 0.777263939380646 0.774369418621063 0.780534625053406 0.774938642978668 0.790770828723907 0.806214332580566 0.787345468997955 0.799983561038971 0.799194097518921 0.801708996295929 0.781538546085358 0.792175829410553 0.78331059217453 0.778755009174347 0.787955105304718 0.784448981285095 0.78014749288559 0.768900275230408 0.778247952461243 0.760365545749664 0.760175585746765 0.736395239830017 0.744052886962891 0.713412344455719 0.728318870067596 0.716368079185486 0.692379593849182 0.685028254985809 0.66371613740921 0.638915359973907 0.619810819625854 0.629878640174866 0.593939006328583 0.615462601184845 0.554257810115814 0.568637669086456 0.550002157688141 0.545986950397491 0.530251681804657 0.530524015426636 0.508759796619415 0.509894967079163 0.495657056570053
0.791527330875397 0.775274813175201 0.76905083656311 0.781342148780823 0.789591550827026 0.781923532485962 0.778156101703644 0.794227659702301 0.803340315818787 0.809313476085663 0.801244914531708 0.797520875930786 0.791348934173584 0.791204869747162 0.800106644630432 0.784099221229553 0.792431950569153 0.784640550613403 0.796073019504547 0.787943422794342 0.786867380142212 0.781136631965637 0.773850858211517 0.771745383739471 0.757094502449036 0.757960915565491 0.73556262254715 0.723241984844208 0.698878943920135 0.675559282302856 0.667526066303253 0.643338084220886 0.625432014465332 0.620879173278809 0.626152694225311 0.619944453239441 0.59976065158844 0.581859767436981 0.592997968196869 0.575115978717804 0.571502923965454 0.554649233818054 0.549028992652893 0.5412238240242 0.551753997802734
0.80172860622406 0.765614986419678 0.773701906204224 0.780914068222046 0.779357314109802 0.781280219554901 0.80485987663269 0.808454990386963 0.801498830318451 0.809747099876404 0.808196127414703 0.802464663982391 0.801906049251556 0.798483550548553 0.799802660942078 0.792926013469696 0.793600022792816 0.7832852602005 0.804209113121033 0.796329200267792 0.805224180221558 0.799551606178284 0.788248360157013 0.78442370891571 0.768122911453247 0.751282453536987 0.74260014295578 0.728084564208984 0.719152629375458 0.688200950622559 0.674278438091278 0.672444939613342 0.639665544033051 0.647362291812897 0.642319560050964 0.623747706413269 0.620478630065918 0.619250774383545 0.607354938983917 0.593103349208832 0.593103349208832 0.595473647117615 0.570650041103363 0.578654646873474 0.594869554042816
0.794919013977051 0.778594672679901 0.780915498733521 0.784722447395325 0.79846578836441 0.80552214384079 0.813754439353943 0.811703562736511 0.808186948299408 0.80734395980835 0.803171634674072 0.806472301483154 0.804202258586884 0.809141039848328 0.812902510166168 0.812902510166168 0.799124419689178 0.793102443218231 0.816480576992035 0.815996825695038 0.802752733230591 0.810086965560913 0.801113128662109 0.785973846912384 0.777596890926361 0.76809549331665 0.746251821517944 0.729226469993591 0.702771008014679 0.693411290645599 0.695465683937073 0.682485818862915 0.678677618503571 0.659530818462372 0.649747967720032 0.64260870218277 0.630239903926849 0.63144052028656 0.607533574104309 0.606635987758636 0.603675603866577 0.587950050830841 0.598976731300354 0.622757434844971 0.596254885196686
0.795900046825409 0.788919568061829 0.783854484558105 0.785937368869781 0.783423542976379 0.805680155754089 0.804651439189911 0.808516383171082 0.810096681118011 0.815160810947418 0.813624799251556 0.798145890235901 0.812911212444305 0.808526933193207 0.816234648227692 0.80071485042572 0.801653683185577 0.8043133020401 0.80769944190979 0.796116948127747 0.81946724653244 0.810287296772003 0.808044672012329 0.79172295331955 0.781275510787964 0.778687834739685 0.758524179458618 0.728852510452271 0.729562282562256 0.697166085243225 0.699775755405426 0.69452178478241 0.685964107513428 0.657723069190979 0.658022403717041 0.650591611862183 0.651190996170044 0.646924793720245 0.618508815765381 0.618508815765381 0.620551347732544 0.605991125106812 0.603610277175903 0.636413931846619 0.618498146533966
0.795753538608551 0.802840232849121 0.804194033145905 0.815633296966553 0.79240882396698 0.796975910663605 0.814564645290375 0.810969591140747 0.811085820198059 0.814112067222595 0.815567910671234 0.811545372009277 0.820679903030396 0.820932149887085 0.826853036880493 0.809929311275482 0.822054088115692 0.825311183929443 0.81881582736969 0.827819526195526 0.820147931575775 0.824420511722565 0.805915355682373 0.790819942951202 0.787670791149139 0.777126252651215 0.75762265920639 0.753858625888824 0.744612038135529 0.72213739156723 0.717250227928162 0.69768363237381 0.692061424255371 0.666877150535583 0.664819836616516 0.653803467750549 0.655002355575562 0.637849688529968 0.633682310581207 0.628833949565887 0.652090311050415 0.655387163162231 0.629107892513275 0.638058304786682 0.648502111434937
