data/climate_estimation/maxent_output/Campynema_lineare.asc
NCOLS 171 
NROWS 224 
XLLCORNER 134.166666666667 
YLLCORNER -43.9166666666667 
CELLSIZE 0.0833333333333333 
NODATA_value -3.4e+38 
[rows 40 to 59 of 224, columns 0 to 44 of 171]
7.28248924133368e-05 8.31549477879889e-05 8.22794681880623e-05 6.31609873380512e-05 6.83309408486821e-05 5.89543305977713e-05 4.7683650336694e-05 4.59880684502423e-05 4.3305513827363e-05 4.96587963425554e-05 5.11617290612776e-05 5.17941225552931e-05 5.34142600372434e-05 4.51489213446621e-05 4.93171282869298e-05 5.14927560288925e-05 5.20015237270854e-05 4.98424960824195e-05 5.38976091775112e-05 5.70511147088837e-05 6.17056721239351e-05 6.25228421995416e-05 5.84695117140654e-05 5.56320992473047e-05 5.6651042541489e-05 5.03782139276154e-05 5.17647677042987e-05 4.69354818051215e-05 4.74571352242492e-05 4.52062995464075e-05 4.02783371100668e-05 3.58651668648235e-05 3.26659646816552e-05 4.01287070417311e-05 3.86337924282998e-05 3.28432142850943e-05 3.22421510645654e-05 3.11507646983955e-05 2.51054880209267e-05 2.48621327045839e-05 2.29388297157129e-05 2.03975559998071e-05 2.0821951693506e-05 2.2408457880374e-05 2.46879299083957e-05
8.02541471784934e-05 7.93356157373637e-05 8.13276128610596e-05 7.41014955565333e-05 6.54836621833965e-05 6.53634633636102e-05 5.42373418284114e-05 4.5612825488206e-05 5.34407154191285e-05 5.5554057325935e-05 4.46501471742522e-05 4.4610624172492e-05 5.02411639899947e-05 5.14584826305509e-05 5.39670108992141e-05 5.52227356820367e-05 5.51676785107702e-05 5.73384750168771e-05 5.43056667083874e-05 5.83982218813617e-05 6.03899206907954e-05 6.09857888775878e-05 6.85735794831999e-05 6.0644746554317e-05 5.7554028899176e-05 5.6001910706982e-05 5.57051644136664e-05 5.17647677042987e-05 4.69360966235399e-05 4.51470041298307e-05 4.19487223553006e-05 4.30153486377094e-05 3.64741681551095e-05 3.67161483154632e-05 3.88740081689321e-05 3.58731886080932e-05 3.22417290590238e-05 2.77457384072477e-05 2.54411788773723e-05 2.51719393418171e-05 2.25309977395227e-05 2.08617911994224e-05 2.10443868127186e-05 2.56781750067603e-05 2.32725724345073e-05
8.26338509796187e-05 8.75040932442062e-05 8.50594296935014e-05 7.62848867452703e-05 7.70315600675531e-05 6.09829257882666e-05 5.66743619856425e-05 5.60393491468858e-05 5.30509205418639e-05 4.46442936663516e-05 4.93735751661006e-05 5.77250975766219e-05 5.12006918143015e-05 5.75650265091099e-05 5.41105619049631e-05 5.73389334022067e-05 5.81754102313425e-05 5.31171135662589e-05 5.91279349464457e-05 5.68945870327298e-05 6.22965380898677e-05 6.38805286143906e-05 5.72110657230951e-05 4.5169497752795e-05 3.49237052432727e-05 5.30742363480385e-05 5.67195420444477e-05 4.82796931464691e-05 5.10868012497667e-05 4.73116488137748e-05 4.55991030321456e-05 4.2359322833363e-05 3.65707128366921e-05 4.15789072576445e-05 3.67737484339159e-05 3.59367768396623e-05 3.35194163199048e-05 2.86670147033874e-05 2.7147330911248e-05 2.65753715211758e-05 2.36079777096165e-05 2.07483299163869e-05 2.12315644603223e-05 2.31697595154401e-05 2.35003699344816e-05
8.36470135254785e-05 8.08156619314104e-05 8.40010034153238e-05 8.5853913333267e-05 8.43653906485997e-05 8.0505502410233e-05 6.48636996629648e-05 5.64295987715013e-05 5.73832257941831e-05 4.96349966851994e-05 4.86767785332631e-05 5.28414202562999e-05 5.6516146287322e-05 5.9581045206869e-05 5.88060865993612e-05 5.60162588953972e-05 5.39071916136891e-05 6.32377923466265e-05 5.92719625274185e-05 6.00046041654423e-05 6.37115663266741e-05 6.32850496913306e-05 6.02195395913441e-05 6.07340807619039e-05 5.97200305492152e-05 5.84708104724996e-05 5.15972169523593e-05 5.07045297126751e-05 5.30642646481283e-05 5.05020907439757e-05 4.74061089335009e-05 4.60046758234967e-05 4.2359322833363e-05 4.17778574046679e-05 3.68389337381814e-05 3.68389337381814e-05 3.10421419271734e-05 2.9631431971211e-05 2.71702501777327e-05 2.57827159657609e-05 3.13164382532705e-05 2.74503108812496e-05 2.00995091290679e-05 2.35804418480257e-05 2.31277990678791e-05
8.51979420986027e-05 8.36283143144101e-05 8.79505678312853e-05 7.14925408829004e-05 8.76007616170682e-05 7.65891309129074e-05 7.13913977961056e-05 6.78699216223322e-05 6.48803543299437e-05 5.73260149394628e-05 5.91191856074147e-05 5.67650968150701e-05 5.90679883316625e-05 6.23816449660808e-05 6.1788727180101e-05 5.93816803302616e-05 5.73652287130244e-05 6.01460596953984e-05 6.21688523096964e-05 6.47182969260029e-05 6.82774625602178e-05 6.43491075607017e-05 6.39514764770865e-05 6.40976722934283e-05 6.11109062447213e-05 6.08417358307634e-05 5.8887257182505e-05 5.45349648746196e-05 5.25308823853265e-05 5.22707596246619e-05 5.15875217388384e-05 4.78277543152217e-05 4.71549101348501e-05 3.80536293960176e-05 3.9260252378881e-05 3.96565046685282e-05 3.14806566166226e-05 3.0227100069169e-05 2.58742020378122e-05 2.66152346739545e-05 3.17262492899317e-05 2.87823877442861e-05 2.61222794506466e-05 2.40869430854218e-05 2.21499813051196e-05
9.29767702473328e-05 8.38320192997344e-05 8.32402656669728e-05 7.88013421697542e-05 7.72810963098891e-05 8.38253326946869e-05 7.89576733950526e-05 7.30458996258676e-05 8.02653667051345e-05 7.01947647030465e-05 6.31716393399984e-05 6.3735555158928e-05 6.00701750954613e-05 6.70475637889467e-05 5.97253929299768e-05 5.86769747314975e-05 6.41560254734941e-05 6.28321504336782e-05 6.65101397316903e-05 6.52261514915153e-05 7.11574757588096e-05 6.44157989881933e-05 6.32290393696167e-05 6.32747032796033e-05 6.45533436909318e-05 6.13285446888767e-05 5.92009564570617e-05 6.02337931923103e-05 5.51663688383996e-05 5.63520443392918e-05 4.95027670694981e-05 4.95466192660388e-05 4.79297414130997e-05 3.90216482628603e-05 3.98860465793405e-05 3.62021164619364e-05 3.50958653143607e-05 3.39994949172251e-05 3.40673759637866e-05 3.27351954183541e-05 2.85217993223341e-05 2.8796928745578e-05 2.83204644802026e-05 2.28877197514521e-05 2.26658630708698e-05
9.54596471274272e-05 9.33684495976195e-05 9.1486144810915e-05 8.69148134370334e-05 8.76791746122763e-05 7.74585423641838e-05 7.27852893760428e-05 7.97858738224022e-05 8.17604814074002e-05 7.49979881220497e-05 6.96210991009139e-05 6.68497232254595e-05 6.62458332953975e-05 6.96428105584346e-05 6.63967948639765e-05 6.52312664897181e-05 7.00482632964849e-05 6.8271481723059e-05 6.96981223882176e-05 6.78100259392522e-05 6.83454418322071e-05 6.67307976982556e-05 6.64251419948414e-05 6.45765830995515e-05 6.48397908662446e-05 6.23690866632387e-05 6.0126436437713e-05 5.13959275849629e-05 5.80927189730573e-05 5.60038279218134e-05 5.02535913255997e-05 4.83180447190534e-05 4.53892025689129e-05 4.10740613006055e-05 4.21184486185666e-05 3.55651354766451e-05 3.53766808984801e-05 3.71716378140263e-05 3.4886794310296e-05 3.20516410283744e-05 2.82953969872324e-05 2.87245675281156e-05 2.46534455072833e-05 2.50939519901294e-05 2.52911850111559e-05
0.000101081575849093 0.000100636360002682 9.834593947744e-05 9.80850381893106e-05 9.20359525480308e-05 9.29563902900554e-05 9.01983439689502e-05 8.66834743646905e-05 8.81795422174037e-05 8.59440115164034e-05 7.63041825848632e-05 7.59322792873718e-05 7.82936695031822e-05 7.20808457117528e-05 7.75591906858608e-05 7.46679652365856e-05 7.05785932950675e-05 7.51390980440192e-05 7.15110945748165e-05 6.88385189278051e-05 7.67183737480082e-05 6.77429197821766e-05 6.66608320898376e-05 6.67798667564057e-05 6.49789581075311e-05 6.22553707216866e-05 6.36681215837598e-05 6.06361063546501e-05 5.82739594392478e-05 5.63021676498465e-05 5.24304232385475e-05 4.84153461002279e-05 4.37936796515714e-05 4.17726987507194e-05 4.23428173235152e-05 3.7040066672489e-05 3.54080184479244e-05 3.88560147257522e-05 3.54787152900826e-05 3.23953900078777e-05 2.98087961709825e-05 2.92378153972095e-05 2.71017815975938e-05 2.59260996244848e-05 2.2192565666046e-05
0.000113036810944322 0.000109781605715398 0.000104457656561863 0.000102304882602766 9.61569821811281e-05 9.68405583989806e-05 9.14043630473316e-05 9.02954270713963e-05 9.55783325480297e-05 9.18409205041826e-05 8.16801693872549e-05 8.62852830323391e-05 8.13231381471269e-05 8.3022503531538e-05 8.0988320405595e-05 7.9934936366044e-05 7.35696667106822e-05 8.31059442134574e-05 8.0720623373054e-05 7.91633501648903e-05 8.13995575299487e-05 7.85051233833656e-05 7.06763821654022e-05 7.37950613256544e-05 7.10460226400755e-05 6.15750614088029e-05 6.53696770314127e-05 6.19933925918303e-05 6.05824352533091e-05 5.68793293496128e-05 5.07244803884532e-05 4.91932187287603e-05 4.64659206045326e-05 4.38324750575703e-05 4.34460525866598e-05 3.74689188902266e-05 3.56597411155235e-05 3.71140195056796e-05 3.63964791176841e-05 3.07483969663735e-05 2.96771086141234e-05 2.76800274150446e-05 2.5903153073159e-05 2.24296454689465e-05 2.64851823885692e-05
0.000127090912428685 0.000117019219032954 0.000110583074274473 0.000105640880065039 0.000104988110251725 0.000103053898783401 9.78166499407962e-05 9.67827800195664e-05 9.32469774852507e-05 9.78310417849571e-05 8.34240490803495e-05 8.48423078423366e-05 8.79313156474382e-05 8.30214121378958e-05 8.81316882441752e-05 8.29532364150509e-05 8.54398749652319e-05 7.85991869634017e-05 8.22264701128006e-05 8.14294471638277e-05 7.9816447396297e-05 7.19342860975303e-05 7.00485325069167e-05 6.73803224344738e-05 6.84934493619949e-05 7.32256667106412e-05 6.63537211949006e-05 6.24082822469063e-05 6.24349340796471e-05 6.05045352131128e-05 4.98303597851191e-05 4.82669202028774e-05 4.46884696430061e-05 4.4715834519593e-05 4.14373243984301e-05 3.91667635994963e-05 3.78021795768291e-05 3.76769421563949e-05 3.7877653085161e-05 3.00209958368214e-05 3.12934098474216e-05 2.62923440459417e-05 2.62690718955128e-05 2.90639072773047e-05 2.93962821160676e-05
0.000128902582218871 0.000130320579046384 0.000114695663796738 0.000112983565486502 0.000115958915557712 0.000108517495391425 0.000106235682324041 0.000104186197859235 0.000101542100310326 0.0001014799636323 0.00010103166277986 9.19778321986087e-05 9.11707757040858e-05 8.76956401043572e-05 8.52498633321375e-05 9.45001884247176e-05 8.71855445438996e-05 8.64934918354265e-05 8.76739431987517e-05 8.35146493045613e-05 8.04437731858343e-05 7.63256539357826e-05 7.20637617632747e-05 6.83417529216968e-05 7.05888451193459e-05 6.65607294649817e-05 6.74197945045307e-05 6.36923359706998e-05 6.44732062937692e-05 6.01582396484446e-05 5.17112202942371e-05 5.02735638292506e-05 4.57103451481089e-05 4.40069270553067e-05 4.39388822996989e-05 4.3977805034956e-05 4.30149448220618e-05 3.94484814023599e-05 3.87887157557998e-05 3.28519599861465e-05 4.00751450797543e-05 3.44940854120068e-05 3.43721221724991e-05 2.95254940283485e-05 2.60146771324798e-05
0.000144321194966324 0.000132457076688297 0.000125675273011439 0.000120457611046731 0.000116575087304227 0.000115547409222927 0.000108999003714416 0.000106896208308171 0.000101807963801548 0.000103361518995371 0.000114497321192175 0.000109773711301386 9.67978048720397e-05 9.36910000746138e-05 9.42821498028934e-05 9.29119778447784e-05 9.36319775064476e-05 9.26423308555968e-05 9.64628197834827e-05 9.64628197834827e-05 8.62400193000212e-05 8.19726410554722e-05 8.31310317153111e-05 7.5694035331253e-05 6.99445081409067e-05 7.14070483809337e-05 6.83212565490976e-05 6.80194425513037e-05 7.21526230336167e-05 6.97122377459891e-05 6.68187931296416e-05 5.19522909598891e-05 5.16312647960149e-05 4.92253820993938e-05 4.60048431705218e-05 4.50355910288636e-05 4.45510995632503e-05 4.31575608672574e-05 4.06845174438786e-05 4.23249366576783e-05 4.02918230975047e-05 3.4303950087633e-05 3.40015285473783e-05 3.11016083287541e-05 3.34887918143068e-05
0.000154758512508124 0.000143032011692412 0.000134449044708163 0.000130128450109623 0.000127392253489234 0.00012134882126702 0.000113842761493288 0.000109975488157943 0.000108813110273331 0.000102991783933248 0.000117200783279259 0.000113880239950959 0.000102433237771038 0.000104341139376629 0.000104845050373115 0.000101840872957837 9.6678406407591e-05 0.000101107514637988 9.50401954469271e-05 9.27140135900117e-05 6.89991647959687e-05 9.06652931007557e-05 8.51021322887391e-05 8.24413145892322e-05 8.35738755995408e-05 7.34930363250896e-05 7.14397974661551e-05 7.76130764279515e-05 7.38226663088426e-05 7.52113919588737e-05 6.27984991297126e-05 6.47461201879196e-05 6.17846380919218e-05 5.30506440554745e-05 4.97788423672318e-05 4.83728690596763e-05 4.61917770735454e-05 4.69117949251086e-05 4.60795308754314e-05 4.25615289714187e-05 4.16648181271739e-05 3.62954851880204e-05 3.56317941623274e-05 2.74265166808618e-05 3.42336097673979e-05
0.000167773716384545 0.000158111288328655 0.000151991713210009 0.000138590359711088 0.000132317625684664 0.000127161547425203 0.000127060615341179 0.000117619434604421 0.000112820227514021 0.000107834210211877 0.00011823824752355 0.000108007334347349 0.000109436085040215 0.000118527743325103 0.000112406050902791 8.89050716068596e-05 0.000119846634333953 0.000112059424282052 0.000102324192994274 7.88358302088454e-05 9.75783623289317e-05 9.01339008123614e-05 8.83950342540629e-05 8.6424159235321e-05 8.32046716823243e-05 8.22534566395916e-05 7.98865221440792e-05 7.89538826211356e-05 8.02443173597567e-05 7.99076879047789e-05 7.94401858001947e-05 7.334219844779e-05 6.26899636699818e-05 5.3333249525167e-05 5.30036886630114e-05 5.31565601704642e-05 5.1077931857435e-05 4.93285551783629e-05 4.68528196506668e-05 4.2894265789073e-05 5.03314186062198e-05 4.91838291054592e-05 4.35711663158145e-05 3.99650780309457e-05 3.50214031641372e-05
0.000174106011399999 0.000165406716405414 0.000153280067024752 0.000150385283632204 0.000144141813507304 0.000141705415444449 0.000140705174999312 0.00013829831732437 0.000125384161947295 0.000129371546790935 0.000117526054964401 0.000111906039819587 0.00011119893315481 0.000121286560897715 9.80422337306663e-05 9.00938102859072e-05 0.000119740565423854 8.45386457513086e-05 8.52150551509112e-05 8.08683907962404e-05 9.79036994976923e-05 9.7298740001861e-05 8.36424587760121e-05 8.38684354675934e-05 7.95367523096502e-05 7.81405760790221e-05 8.25164461275563e-05 8.50652795634232e-05 7.27959341020323e-05 6.73114700475708e-05 6.58377539366484e-05 6.66827545501292e-05 6.68601351208054e-05 6.34367897873744e-05 5.73304459976498e-05 5.95742276345845e-05 5.47481977264397e-05 5.19110253662802e-05 4.84620468341745e-05 4.95728709211107e-05 5.21754700457677e-05 5.15113133587874e-05 4.67519384983461e-05 4.4141761463834e-05 3.82478865503799e-05
0.000175872381078079 0.000171649677213281 0.000167594698723406 0.000155647328938358 0.0001506593398517 0.000150792795466259 0.00014300481416285 0.000136043905513361 0.000129251668113284 0.000128225728985853 0.00014129992632661 0.00011317634198349 0.000113461443106644 0.000101755736977793 0.000121044897241518 0.000118186871986836 5.60298649361357e-05 6.79447621223517e-05 6.7346656578593e-05 6.63992250338197e-05 8.08694530860521e-05 9.88619649433531e-05 9.48426459217444e-05 9.44249113672413e-05 8.3202714449726e-05 8.38684354675934e-05 8.74203760758974e-05 9.12878822418861e-05 8.79835934028961e-05 8.46733819344081e-05 6.76006529829465e-05 7.60120674385689e-05 7.22641343600117e-05 7.50681210774928e-05 6.19237471255474e-05 5.99089253228158e-05 6.1255028413143e-05 5.91292082390282e-05 6.18254271103069e-05 5.7271641708212e-05 5.68673676752951e-05 6.03822772973217e-05 5.95441379118711e-05 5.92786236666143e-05 4.48387909273151e-05
0.000155685163918 0.000138416609843262 0.000170040846569464 0.000167204096214846 0.000161273565026931 0.000156761583639309 0.000136352507979609 0.000109470071038231 0.000129039806779474 0.000128361396491528 0.000120631746540312 0.000115812137664761 8.41445726109669e-05 8.20102504803799e-05 0.000122229655971751 0.000125730119179934 7.83803261583671e-05 6.99525626259856e-05 7.11394168320112e-05 6.74660332151689e-05 6.7346656578593e-05 8.01565329311416e-05 8.09410921647213e-05 9.03190812096e-05 9.80539916781709e-05 9.29073721636087e-05 9.41613543545827e-05 8.49216594360769e-05 9.01422899914905e-05 8.72490927577019e-05 7.90942431194708e-05 7.74131403886713e-05 7.70711558288895e-05 7.52229534555227e-05 7.17172151780687e-05 6.51833979645744e-05 6.48380009806715e-05 6.2065344536677e-05 5.99927698203828e-05 6.11896612099372e-05 6.15614699199796e-05 5.7378852943657e-05 6.07893962296657e-05 6.16501783952117e-05 5.73373581573833e-05
0.00022014275600668 0.000145819489262067 0.000137069262564182 0.000195209184312262 0.000165895777172409 0.00016269541811198 0.000110541535832454 0.000109373177110683 0.000107639272755478 0.000106031104223803 0.000101971018011682 0.000119758427899797 8.80997322383337e-05 8.52589873829857e-05 0.000106987456092611 0.000106045685242862 0.000104646489489824 9.86284721875563e-05 8.9517081505619e-05 7.25316785974428e-05 7.07624640199356e-05 8.41474757180549e-05 8.18057451397181e-05 9.54067727434449e-05 9.06395507627167e-05 9.60772231337614e-05 9.80621334747411e-05 9.75425209617242e-05 9.49674140429124e-05 8.39759595692158e-05 8.2225124060642e-05 8.25011738925241e-05 8.09812263469212e-05 7.49532555346377e-05 7.28694576537237e-05 7.46252480894327e-05 7.05434940755367e-05 7.07938015693799e-05 6.2370156229008e-05 6.24538515694439e-05 5.86768401262816e-05 5.80431806156412e-05 5.93783115618862e-05 6.20026839897037e-05 6.02328291279264e-05
0.000227272874326445 0.000217070351936854 0.000146466511068866 0.000153732442413457 0.000178667338332161 0.000139202704303898 0.000131197550217621 0.000112899957457557 0.000112800036731642 0.00010080223728437 7.77834939071909e-05 6.77691496093757e-05 7.5668896897696e-05 9.16708158911206e-05 8.61504959175363e-05 0.000106514831713866 8.80020743352361e-05 8.13623482827097e-05 9.24881242099218e-05 9.3064401880838e-05 8.30943390610628e-05 7.91522979852743e-05 7.76940505602397e-05 9.84970611170866e-05 9.47426815400831e-05 9.25902495509945e-05 9.43359118537046e-05 0.000101049306977075 8.86527777765878e-05 8.75518599059433e-05 9.13692274480127e-05 8.47852861625142e-05 8.04921364760958e-05 7.75830849306658e-05 7.92455612099729e-05 7.56900481064804e-05 7.65942968428135e-05 7.58518581278622e-05 6.49083085590973e-05 6.26469118287787e-05 6.66645428282209e-05 6.75464179948904e-05 6.37335615465418e-05 6.24460662947968e-05 5.54236466996372e-05
0.000156083988258615 0.000146427453728393 0.000140846255817451 0.000135704482090659 0.000121940880490001 0.000133352426928468 0.000173520005773753 0.000133880108478479 0.000132584187667817 0.000102059624623507 0.000101430319773499 7.93749932199717e-05 7.59363902034238e-05 7.52679407014512e-05 0.000109019863884896 0.000108706342871301 0.000110832326754462 8.66861446411349e-05 8.35778773762286e-05 6.43419043626636e-05 8.11183490441181e-05 7.79583206167445e-05 6.63207902107388e-05 9.98000177787617e-05 9.83227873803116e-05 9.49853056226857e-05 9.67801461229101e-05 0.000105421946500428 9.21658429433592e-05 9.22383260331117e-05 9.32105540414341e-05 8.9482004113961e-05 8.09591001598164e-05 8.44100504764356e-05 7.94596635387279e-05 7.55630171624944e-05 7.27471633581445e-05 7.06199934938923e-05 6.65311672491953e-05 6.58862700220197e-05 6.72296446282417e-05 6.55805342830718e-05 7.15411588316783e-05 6.95850176271051e-05 6.821149145253e-05
