data/climate_estimation/maxent_output/Camptorrhiza_strumosa.asc
NCOLS 251 
NROWS 190 
XLLCORNER 15.1666666666667 
YLLCORNER -27.75 
CELLSIZE 0.0833333333333333 
NODATA_value -3.4e+38 
[rows 120 to 139 of 190, columns 180 to 224 of 251]
0.849017202854156 0.877765953540802 0.873954772949219 0.886303186416626 0.859365046024323 0.839568853378296 0.796020090579987 0.75416487455368 0.792024672031403 0.837823331356049 0.914430201053619 0.934640169143677 0.912899017333984 0.839756190776825 0.763714551925659 0.705851316452026 0.754371523857117 0.791866481304169 0.837500154972076 0.639157772064209 0.584613382816315 0.552572131156921 0.506580531597137 0.49038290977478 0.512056827545166 0.540569126605988 0.51783561706543 0.52617609500885 0.529539108276367 0.525720059871674 0.483857870101929 0.457314640283585 0.425691187381744 0.430471539497375 0.450939655303955 0.408244371414185 0.428794085979462 0.44423034787178 0.457728117704391 0.448400765657425 0.437491893768311 0.445963025093079 0.43066132068634 0.446363180875778 0.425961136817932
0.83101487159729 0.876942038536072 0.854010224342346 0.873221814632416 0.859133064746857 0.858876943588257 0.837522268295288 0.783290982246399 0.739844739437103 0.754774630069733 0.803459346294403 0.848126590251923 0.86820113658905 0.776811480522156 0.637051582336426 0.627377092838287 0.691424787044525 0.740663528442383 0.796823024749756 0.593975305557251 0.560839891433716 0.524577915668488 0.472544074058533 0.486505210399628 0.466287344694138 0.458962976932526 0.493867725133896 0.476886749267578 0.497387290000916 0.475893825292587 0.477378368377686 0.478763163089752 0.456059157848358 0.425847619771957 0.439148187637329 0.428977757692337 0.432072967290878 0.437947303056717 0.431851148605347 0.433887779712677 0.433812320232391 0.444223314523697 0.446749955415726 0.429976791143417 0.595786690711975
0.818275153636932 0.858010113239288 0.836007297039032 0.852498590946198 0.840679824352264 0.852859854698181 0.842405140399933 0.77650785446167 0.719602346420288 0.693090796470642 0.870587110519409 0.760712027549744 0.700242042541504 0.595540702342987 0.537271499633789 0.5588658452034 0.576474547386169 0.642613887786865 0.709753096103668 0.709767162799835 0.508487462997437 0.468756914138794 0.462128788232803 0.456931918859482 0.446696937084198 0.435213387012482 0.447350114583969 0.460144847631454 0.468437105417252 0.445865511894226 0.44998824596405 0.458243638277054 0.442319363355637 0.438396334648132 0.432398617267609 0.425195723772049 0.42402970790863 0.437605351209641 0.422711849212646 0.413422167301178 0.417136281728745 0.416783958673477 0.415795624256134 0.402807950973511 0.417805373668671
0.788740456104279 0.811765134334564 0.802901744842529 0.818248569965363 0.82617324590683 0.79076075553894 0.778767645359039 0.79561722278595 0.716229677200317 0.622981488704681 0.738212287425995 0.753551304340363 0.693744897842407 0.608316719532013 0.504797697067261 0.523966550827026 0.506481647491455 0.594141125679016 0.727425336837769 0.705876231193542 0.471209079027176 0.462084472179413 0.44863486289978 0.402147531509399 0.380774796009064 0.411362260580063 0.413433313369751 0.439630031585693 0.450998157262802 0.431514412164688 0.434208154678345 0.444160938262939 0.418300598859787 0.436479896306992 0.441065341234207 0.430567979812622 0.437055230140686 0.408674627542496 0.397037327289581 0.420499503612518 0.399433583021164 0.397995680570602 0.419114917516708 0.396179050207138 0.403823405504227
0.679311335086823 0.7594353556633 0.774748206138611 0.737327694892883 0.742737472057343 0.730602502822876 0.704393446445465 0.695547878742218 0.642479240894318 0.673098862171173 0.594347834587097 0.555380523204803 0.532637357711792 0.5427565574646 0.520967066287994 0.471682131290436 0.465110570192337 0.539321601390839 0.666733384132385 0.688258111476898 0.434676915407181 0.570099651813507 0.39928013086319 0.389042139053345 0.378792762756348 0.395968645811081 0.398788064718246 0.408371835947037 0.41495817899704 0.41192701458931 0.426449477672577 0.417504161596298 0.426670104265213 0.425065547227859 0.426387399435043 0.421635001897812 0.419559150934219 0.41109573841095 0.371552318334579 0.374887615442276 0.388512194156647 0.394557863473892 0.378925770521164 0.385960519313812 0.387609332799911
0.820440351963043 0.729606151580811 0.746046423912048 0.825053632259369 0.760755240917206 0.765411853790283 0.803352355957031 0.784954130649567 0.763468682765961 0.694727063179016 0.549833297729492 0.520519912242889 0.46017649769783 0.417505145072937 0.512031376361847 0.499433606863022 0.476363956928253 0.467536717653275 0.594246089458466 0.669075012207031 0.591322541236877 0.586362540721893 0.388430297374725 0.376189470291138 0.366710662841797 0.392745047807693 0.369671374559402 0.379969298839569 0.38476151227951 0.385155022144318 0.39471173286438 0.406399339437485 0.406423598527908 0.416975885629654 0.402587532997131 0.399602353572845 0.39770832657814 0.388151407241821 0.365772843360901 0.361154466867447 0.359217494726181 0.357893019914627 0.370786875486374 0.385028719902039 0.351423621177673
0.841312825679779 0.845361411571503 0.896725237369537 0.878342866897583 0.868508219718933 0.880481362342834 0.875669956207275 0.812696218490601 0.741142213344574 0.695684850215912 0.632087826728821 0.614821493625641 0.552665233612061 0.462508946657181 0.507143259048462 0.460144519805908 0.446044325828552 0.472586691379547 0.508508205413818 0.637319326400757 0.650283694267273 0.581354379653931 0.548918962478638 0.378755867481232 0.368711143732071 0.365072250366211 0.362795829772949 0.37101349234581 0.380223125219345 0.39481258392334 0.397109150886536 0.379667490720749 0.394413560628891 0.394182443618774 0.415095716714859 0.414153724908829 0.396954745054245 0.36643460392952 0.363005787134171 0.34361344575882 0.335541635751724 0.337162286043167 0.359585732221603 0.35859078168869 0.344162553548813
0.877324283123016 0.899134397506714 0.895176589488983 0.903531074523926 0.889079034328461 0.885705709457397 0.880133271217346 0.830857694149017 0.855971932411194 0.777258396148682 0.724540650844574 0.751331210136414 0.785444319248199 0.79598593711853 0.687489926815033 0.62472128868103 0.51967865228653 0.460087239742279 0.477792948484421 0.525359511375427 0.643392503261566 0.597385823726654 0.545916199684143 0.52618134021759 0.356879532337189 0.377965569496155 0.376657038927078 0.350063115358353 0.369252324104309 0.381324470043182 0.376119136810303 0.382728904485703 0.388998866081238 0.393286973237991 0.404769361019135 0.38196849822998 0.387711942195892 0.356398820877075 0.338035464286804 0.336423456668854 0.307752192020416 0.30327969789505 0.310024857521057 0.330322295427322 0.341531693935394
0.935105979442596 0.92532879114151 0.875734210014343 0.72649085521698 0.619171321392059 0.582832336425781 0.636048436164856 0.750573337078094 0.801696538925171 0.862881541252136 0.845270872116089 0.777303099632263 0.845437049865723 0.860342681407928 0.867128968238831 0.769399106502533 0.692193984985352 0.621633350849152 0.492303371429443 0.485973685979843 0.627969741821289 0.609800279140472 0.784620523452759 0.776146829128265 0.542177855968475 0.372426897287369 0.378107726573944 0.380080848932266 0.380426198244095 0.375806570053101 0.366819113492966 0.354479104280472 0.393862575292587 0.398050993680954 0.401337683200836 0.389318376779556 0.362953037023544 0.332159847021103 0.308055907487869 0.307073473930359 0.299041777849197 0.304814159870148 0.295740872621536 0.310603052377701 0.311992079019547
0.785683870315552 0.55282598733902 0.405281901359558 0.376517921686172 0.494186073541641 0.667844831943512 0.566684186458588 0.584663927555084 0.781054556369781 0.839490056037903 0.863428235054016 0.832318246364594 0.80631947517395 0.84122771024704 0.911702036857605 0.907312870025635 0.827414751052856 0.736676454544067 0.62798798084259 0.563207507133484 0.494829088449478 0.647697031497955 0.815989673137665 0.807678282260895 0.801979780197144 0.388683319091797 0.387906074523926 0.3891621530056 0.391056895256042 0.387640297412872 0.379339993000031 0.361307084560394 0.369339197874069 0.372185409069061 0.376450061798096 0.378092467784882 0.346344619989395 0.324944406747818 0.293963581323624 0.293858259916306 0.275805681943893 0.263812303543091 0.277563840150833 0.294920027256012 0.301090002059937
0.465122252702713 0.294338524341583 0.310837924480438 0.428153991699219 0.503087997436523 0.480697363615036 0.486659556627274 0.728924870491028 0.875611960887909 0.885351479053497 0.904259920120239 0.86489462852478 0.799094557762146 0.811941623687744 0.825603485107422 0.880142748355865 0.888240277767181 0.844483852386475 0.723606050014496 0.633141577243805 0.548693001270294 0.563396275043488 0.845939457416534 0.827456414699554 0.589801371097565 0.566522598266602 0.409268230199814 0.391503542661667 0.390309274196625 0.382789194583893 0.379374086856842 0.363816112279892 0.373804897069931 0.377031207084656 0.373893439769745 0.376758933067322 0.339318245649338 0.312565416097641 0.296332120895386 0.267941921949387 0.254581153392792 0.256961554288864 0.258443742990494 0.274562895298004 0.291557013988495
0.361422389745712 0.238533645868301 0.231388509273529 0.32005512714386 0.502749145030975 0.672223567962646 0.765737950801849 0.839134871959686 0.90695708990097 0.925734519958496 0.893113851547241 0.856824696063995 0.805361747741699 0.810452580451965 0.804576635360718 0.865574240684509 0.915803730487823 0.886031091213226 0.7779421210289 0.695649981498718 0.576289892196655 0.527090728282928 0.592787325382233 0.629267275333405 0.610927939414978 0.593460261821747 0.563204169273376 0.399982631206512 0.40055850148201 0.396909207105637 0.385384112596512 0.399235159158707 0.380280584096909 0.381668776273727 0.380240499973297 0.38209131360054 0.355677276849747 0.312096357345581 0.28045517206192 0.271794110536575 0.256967216730118 0.241948291659355 0.261103987693787 0.267232656478882 0.287131100893021
0.326039761304855 0.211928561329842 0.409002780914307 0.455511450767517 0.587221443653107 0.7192502617836 0.737344563007355 0.848248779773712 0.922726154327393 0.946050226688385 0.920691967010498 0.898615598678589 0.829910516738892 0.793724060058594 0.773926317691803 0.802809834480286 0.878403902053833 0.905128598213196 0.850655376911163 0.752968370914459 0.679380118846893 0.646543383598328 0.526889204978943 0.615438520908356 0.627907633781433 0.595884025096893 0.596880495548248 0.430475056171417 0.402374923229218 0.391242861747742 0.395671784877777 0.403490215539932 0.401935994625092 0.406189799308777 0.381346851587296 0.38642618060112 0.373321652412415 0.328999370336533 0.31119704246521 0.267901211977005 0.273159295320511 0.274813085794449 0.254157811403275 0.258883148431778 0.286608994007111
0.524957001209259 0.449349820613861 0.555315732955933 0.645172595977783 0.631376385688782 0.670458972454071 0.758635640144348 0.864623010158539 0.92452073097229 0.940409421920776 0.931887209415436 0.890856027603149 0.838081002235413 0.810625970363617 0.758268654346466 0.76508766412735 0.814704954624176 0.848877310752869 0.884198129177094 0.815519154071808 0.730173826217651 0.680317401885986 0.601072907447815 0.553270280361176 0.586850702762604 0.617296695709229 0.433163195848465 0.42207008600235 0.425468921661377 0.407931983470917 0.399754852056503 0.407056659460068 0.412577509880066 0.405675143003464 0.393850743770599 0.379509329795837 0.377376347780228 0.320793509483337 0.329175293445587 0.289932101964951 0.267244905233383 0.272176653146744 0.262155205011368 0.281015902757645 0.279928714036942
0.695895254611969 0.659140050411224 0.660480618476868 0.614677309989929 0.626509189605713 0.729413747787476 0.82752925157547 0.88732922077179 0.923314154148102 0.949618697166443 0.954837739467621 0.918596744537354 0.87971705198288 0.827053070068359 0.773695707321167 0.73646354675293 0.766769707202911 0.806548714637756 0.826352119445801 0.856676280498505 0.762702643871307 0.69356894493103 0.641053974628448 0.654156863689423 0.563084125518799 0.577900588512421 0.627803862094879 0.45364248752594 0.428890556097031 0.426850199699402 0.415980130434036 0.398051917552948 0.407290458679199 0.405889302492142 0.421920090913773 0.407882452011108 0.377119064331055 0.355469822883606 0.324914813041687 0.307157546281815 0.292755931615829 0.276642173528671 0.285509645938873 0.274996817111969 0.273732900619507
0.817046821117401 0.798835933208466 0.80001699924469 0.731720626354218 0.78598827123642 0.835748374462128 0.860897421836853 0.89019364118576 0.925514340400696 0.951220452785492 0.95843631029129 0.92454069852829 0.889397323131561 0.858566045761108 0.834962546825409 0.794715225696564 0.742725253105164 0.761087954044342 0.80508029460907 0.826399266719818 0.799410879611969 0.723925769329071 0.666953027248383 0.655848562717438 0.584591627120972 0.582807123661041 0.613776504993439 0.621152341365814 0.434423834085464 0.415817677974701 0.429627865552902 0.428790420293808 0.418058723211288 0.407744646072388 0.420631617307663 0.387758404016495 0.386926800012589 0.379331797361374 0.346269130706787 0.325476616621017 0.315604895353317 0.294742435216904 0.291713416576385 0.296912521123886 0.278653830289841
0.755698502063751 0.805975437164307 0.8283651471138 0.812165975570679 0.838350772857666 0.851539373397827 0.852907478809357 0.899994194507599 0.944957673549652 0.956137776374817 0.96477746963501 0.952457427978516 0.931979656219482 0.924792945384979 0.886369824409485 0.819201469421387 0.787222743034363 0.773752093315125 0.791404366493225 0.731874108314514 0.774223029613495 0.747323036193848 0.68802684545517 0.66552597284317 0.632713317871094 0.549869894981384 0.578805446624756 0.451869815587997 0.440712243318558 0.450383812189102 0.441947340965271 0.438529521226883 0.433094084262848 0.423498183488846 0.42661526799202 0.412200093269348 0.4018494784832 0.395585060119629 0.358382225036621 0.328548073768616 0.320243418216705 0.300152152776718 0.304428398609161 0.297019451856613 0.282892495393753
0.77184134721756 0.806039333343506 0.785893142223358 0.807046175003052 0.850887537002563 0.870146095752716 0.895104110240936 0.934466779232025 0.955845713615417 0.953083276748657 0.948494911193848 0.949592888355255 0.94862973690033 0.928636193275452 0.905007064342499 0.852168798446655 0.84465616941452 0.791214644908905 0.746994495391846 0.704778015613556 0.731300711631775 0.72474193572998 0.712284684181213 0.684160351753235 0.672038793563843 0.577458322048187 0.566821694374084 0.625871241092682 0.628748118877411 0.449039876461029 0.455614328384399 0.446011006832123 0.42680037021637 0.430323302745819 0.4178327023983 0.428589999675751 0.394064217805862 0.393694281578064 0.386403322219849 0.32893767952919 0.338309019804001 0.32242625951767 0.308644533157349 0.300879776477814 0.298913598060608
0.72758936882019 0.756051123142242 0.79831874370575 0.845967590808868 0.887638926506042 0.918085515499115 0.931933104991913 0.952194154262543 0.960010468959808 0.939226984977722 0.919481337070465 0.9189532995224 0.940671026706696 0.903034031391144 0.885059893131256 0.863343596458435 0.881406009197235 0.891864895820618 0.761752068996429 0.667557537555695 0.665180623531342 0.706863045692444 0.720601618289948 0.699004650115967 0.689883172512054 0.661742925643921 0.60537201166153 0.586215317249298 0.44464772939682 0.45957750082016 0.466220766305923 0.447253197431564 0.456419348716736 0.455734312534332 0.449745833873749 0.427364021539688 0.411251872777939 0.406016200780869 0.390643090009689 0.361872851848602 0.351337552070618 0.324762105941772 0.321958988904953 0.317523151636124 0.288501560688019
0.669249892234802 0.673892855644226 0.774068057537079 0.842026352882385 0.91692179441452 0.945552945137024 0.970035672187805 0.966964483261108 0.952784776687622 0.943553864955902 0.920727252960205 0.881804049015045 0.920007407665253 0.909154295921326 0.853937745094299 0.828147530555725 0.866912007331848 0.901549577713013 0.803642153739929 0.733602702617645 0.682825565338135 0.670795857906342 0.707110345363617 0.711699903011322 0.70303863286972 0.703074097633362 0.66248482465744 0.61477130651474 0.645538032054901 0.650501668453217 0.461552619934082 0.464713901281357 0.447842806577682 0.464744538068771 0.456009745597839 0.46062770485878 0.416704207658768 0.419464349746704 0.384709656238556 0.363005429506302 0.343980461359024 0.33679860830307 0.33081328868866 0.313331514596939 0.308660119771957
