data/climate_estimation/maxent_output/Campynema_lineare.asc
NCOLS 171 
NROWS 224 
XLLCORNER 134.166666666667 
YLLCORNER -43.9166666666667 
CELLSIZE 0.0833333333333333 
NODATA_value -3.4e+38 
[rows 60 to 79 of 224, columns 0 to 44 of 171]
0.000208568701054901 0.000186776422196999 0.000141971293487586 0.000167371588759124 0.000125987993669696 0.000120225471619051 0.000116041766887065 0.000167776524904184 0.00010828414815478 0.000109150540083647 0.000107235973700881 0.000102138597867452 8.0927369708661e-05 6.48204222670756e-05 6.36620025034063e-05 6.35493561276235e-05 9.13250769372098e-05 7.2825605457183e-05 7.11690518073738e-05 4.66603378299624e-05 5.60358421353158e-05 4.79240115964785e-05 6.84016340528615e-05 0.000106547893665265 0.00010598332301015 8.12932557892054e-05 0.000104608334368095 0.000102044803497847 9.4885406724643e-05 0.000112548084871378 9.7779840871226e-05 9.28763693082146e-05 9.45656065596268e-05 8.55266625876538e-05 8.31220750114881e-05 7.55142391426489e-05 7.2314971475862e-05 7.7280004916247e-05 8.0480174801778e-05 7.49495666241273e-05 6.79506556480192e-05 7.09104715497233e-05 7.3132265242748e-05 6.81669189361855e-05 6.85017002979293e-05
0.000178826652700081 0.000162982527399436 0.000180434362846427 0.00013874018623028 0.000134162852191366 0.000153730434249155 0.000121939279779326 0.00011624745093286 0.000108860978798475 0.000107805797597393 0.000112973066279665 0.000110795059299562 6.76880954415537e-05 5.27355878148228e-05 5.22713635291439e-05 6.48568966425955e-05 5.13090126332827e-05 7.32784101273865e-05 7.55031505832449e-05 5.95722049183678e-05 7.14697380317375e-05 7.02230390743352e-05 7.20529133104719e-05 5.85356719966512e-05 7.29547318769619e-05 6.93093461450189e-05 0.000105879000329878 9.79935575742275e-05 8.58711428008974e-05 0.000115373390144669 9.78114185272716e-05 9.58752279984765e-05 9.4777911726851e-05 8.66343689267524e-05 8.71730298968032e-05 8.77099737408571e-05 8.44414826133288e-05 7.49811952118762e-05 8.22122383397073e-05 7.65987206250429e-05 7.92416612966917e-05 7.91427009971812e-05 7.78190878918394e-05 8.12578145996667e-05 7.77830282459036e-05
0.000234471546718851 0.000212945058592595 0.000194750216905959 0.000187161538633518 0.00017032164032571 0.000161811418365687 0.000128580126329325 0.000125653750728816 0.000116763258120045 0.000114688016765285 0.000113474343379494 7.34899585950188e-05 7.10582680767402e-05 7.03072146279737e-05 6.93181355018169e-05 5.54118014406413e-05 5.3111190936761e-05 5.17188709636685e-05 5.00518435728736e-05 6.193904846441e-05 5.95194760535378e-05 7.74082000134513e-05 6.34325333521701e-05 6.1666447436437e-05 6.18330523138866e-05 9.32944458327256e-05 7.55244327592663e-05 7.37402006052434e-05 0.000111161272798199 0.000109694585262332 0.000118782641948201 9.95821174001321e-05 0.000104492282844149 9.93401408777572e-05 9.68032618402503e-05 9.62592312134802e-05 9.21849568840116e-05 8.44414826133288e-05 8.49384159664623e-05 8.278160385089e-05 8.02865833975375e-05 7.81094349804334e-05 8.6079104221426e-05 8.3153739979025e-05 7.88928882684559e-05
0.000210345824598335 0.000225338211748749 0.000201236092834733 0.000190505452337675 0.000175933018908836 0.000162529380759224 0.000162100361194462 0.000130644169985317 0.000125542544992641 7.98069449956529e-05 9.84959842753597e-05 7.75599692133255e-05 7.61984993005171e-05 9.30497917579487e-05 7.30923566152342e-05 6.93181355018169e-05 6.90128144924529e-05 6.72622991260141e-05 6.86394414515235e-05 5.48329517187085e-05 6.29969727015123e-05 6.22759471298195e-05 6.21115468675271e-05 5.1862298278138e-05 8.02004215074703e-05 8.7684478785377e-05 7.7272517955862e-05 0.00011846236884594 0.000116795883513987 0.000114340014988557 0.000119293887109961 0.00010941612708848 0.000113385409349576 0.000105760707810987 0.000106135965324938 0.000105750201328192 0.000108308049675543 0.000101785910374019 9.418682748219e-05 8.86638372321613e-05 8.87005371623673e-05 8.94102486199699e-05 9.2209993454162e-05 9.89971740636975e-05 8.90491355676204e-05
0.000272286764811724 0.000326375884469599 0.000267506809905171 0.000252099242061377 0.000222386486711912 0.000175933018908836 0.000169660634128377 0.000200235983356833 0.000107224244857207 0.000104228674899787 9.95481532299891e-05 0.000123736506793648 7.7354212407954e-05 7.87285462138243e-05 6.0494650824694e-05 4.97098008054309e-05 6.0015245253453e-05 7.06747523508966e-05 5.5762557167327e-05 7.15652713552117e-05 8.6698288214393e-05 8.54786339914426e-05 8.44255191623233e-05 6.32773371762596e-05 6.70773079036735e-05 9.23768384382129e-05 0.000103751837741584 0.000101390513009392 9.85579172265716e-05 9.85579172265716e-05 0.0001278116251342 0.000126242244732566 0.000108008163806517 0.000115190887299832 0.000110929591755848 0.000113006004539784 0.000115228060167283 0.000104726044810377 0.000106174651591573 9.39074234338477e-05 8.56629485497251e-05 5.36944899067748e-05 8.98306388990022e-05 9.05366687220521e-05 9.82032142928801e-05
0.000395770272007212 0.000356510106939822 0.000318944395985454 0.000283707224298269 0.000267210823949426 0.000258369982475415 0.000156197405885905 0.000146194157423452 0.000112962195998989 0.000111077628389467 0.000104782520793378 8.67925336933695e-05 0.000104505917988718 8.15841995063238e-05 7.95863088569604e-05 0.000100859237136319 7.69539183238521e-05 7.60731563786976e-05 7.43417549529113e-05 6.14129676250741e-05 7.38750750315376e-05 8.71589872986078e-05 4.70865998067893e-05 8.5252984717954e-05 8.12804792076349e-05 8.7624546722509e-05 7.02864126651548e-05 0.000104845421446953 0.000102913836599328 0.000103466365544591 0.000133317400468513 0.000140579242724925 0.000142377597512677 0.000118823576485738 0.000124165570014156 0.000112941335828509 0.000120359596621711 0.000107587889942806 8.56112310430035e-05 9.98998002614826e-05 8.55354519444518e-05 9.8385258752387e-05 9.67614905675873e-05 9.6590280008968e-05 9.28955269046128e-05
0.000424400146584958 0.000346010347129777 0.000323816755553707 0.000316413003019989 0.00028451593243517 0.000262519955867901 0.000210274491109885 0.000165450954227708 0.000193916173884645 0.000146002392284572 0.000144971811096184 0.000119087431812659 9.37127188080922e-05 8.97424906725064e-05 5.72067910979968e-05 8.31061552162282e-05 8.55619655339979e-05 8.18574917502701e-05 9.91889392025769e-05 9.76301962509751e-05 6.16316829109564e-05 6.08184818702284e-05 7.38096932764165e-05 5.16680520377122e-05 4.09816020692233e-05 6.07348410994746e-05 5.75524354644585e-05 5.72444077988621e-05 7.19394884072244e-05 8.76122358022258e-05 9.54357528826222e-05 0.000144120916957036 0.000145502330269665 0.000145328522194177 9.66434818110429e-05 9.51956317294389e-05 7.60221446398646e-05 6.07837100687902e-05 5.92426949879155e-05 8.81622036104091e-05 6.74821858410724e-05 8.20833593024872e-05 8.20107088657096e-05 6.63684259052388e-05 8.0118297773879e-05
0.000448363251052797 0.00043332579662092 0.00039250249392353 0.000366024003596976 0.000254510232480243 0.000244785682298243 0.000240273118834011 0.000225063035031781 0.000215722364373505 0.000164849698194303 0.000160710318596102 0.000126016864669509 0.000129051462863572 9.881381993182e-05 7.50612016418017e-05 7.36131114535965e-05 7.26418220438063e-05 7.1811351517681e-05 6.78615906508639e-05 0.000102672769571654 0.00010051517165266 6.52325907140039e-05 7.84003059379756e-05 6.68974462314509e-05 6.34957250440493e-05 7.59084869059734e-05 7.39913521101698e-05 7.65073928050697e-05 6.22533552814275e-05 8.74532488523982e-05 9.86032173386775e-05 0.000125527440104634 0.000118100891995709 0.000118718271551188 9.42202168516815e-05 6.44211395410821e-05 4.25208127126098e-05 6.47123670205474e-05 5.05235111631919e-05 5.69501098652836e-05 4.7466852265643e-05 5.59897598577663e-05 5.52999445062596e-05 5.50579388800543e-05 5.4863266996108e-05
0.000528501637745649 0.000480837799841538 0.000426712795160711 0.00042345403926447 0.000381370628019795 0.000335306802298874 0.000352936156559736 0.000214888059417717 0.000244462687987834 0.000184573436854407 0.000143838391522877 0.000139620984555222 0.000131940076244064 0.000105775623524096 0.000101196033938322 7.76889210101217e-05 9.93525827652775e-05 9.70926557783969e-05 9.22412000363693e-05 9.06220229808241e-05 8.78577120602131e-05 6.97510913596489e-05 5.43978203495499e-05 6.79082731949165e-05 5.25512950844131e-05 6.34957250440493e-05 6.45086620352231e-05 6.43383682472631e-05 9.34373238123953e-05 6.91475288476795e-05 8.6178035417106e-05 8.80203442648053e-05 6.35190226603299e-05 0.000100678626040462 7.01270691934042e-05 4.44295401393902e-05 3.67667053069454e-05 3.65682462870609e-05 4.2709489207482e-05 5.0654292863328e-05 3.99764103349298e-05 3.10994400933851e-05 4.78359543194529e-05 3.59520272468217e-05 4.37882117694244e-05
0.000598972081206739 0.000528276083059609 0.000491924060042948 0.000470408092951402 0.000415704940678552 0.000417133967857808 0.000367528351489455 0.000357890326995403 0.000278412742773071 0.000324176857247949 0.000196679364307784 0.000162586176884361 0.000174195563886315 0.000168732687598094 0.00016474662697874 0.000167391204740852 0.000131373599288054 8.30981298349798e-05 7.81817143433727e-05 0.000122308454592712 0.00012069628428435 0.000114768568892032 7.4268777098041e-05 7.23868506611325e-05 8.54799509397708e-05 5.51692828594241e-05 6.82028621667996e-05 6.93298716214485e-05 8.30650387797505e-05 8.35003738757223e-05 8.37955522001721e-05 8.01496280473657e-05 7.29052553651854e-05 3.90195345971733e-05 4.79876434837934e-05 3.02617354464019e-05 4.80611743114423e-05 3.75194649677724e-05 4.54763685411308e-05 3.60335106961429e-05 2.88884093606612e-05 4.08608975703828e-05 4.09149179176893e-05 3.1595969630871e-05 3.11514704662841e-05
0.000638491881545633 0.000562748813536018 0.000541534565854818 0.000501447415445 0.000520135625265539 0.000457027839729562 0.000428846833528951 0.000420574884628877 0.000425577367423102 0.00028590700821951 0.000281794287730008 0.000207690638490021 0.000196518187294714 0.000190355334780179 0.000144980615004897 0.000167391204740852 0.000134076544782147 0.000134182046167552 0.000159329138114117 0.000104312253824901 0.000102120204246603 0.000100327619293239 9.430710633751e-05 9.39538949751295e-05 7.21948163118213e-05 5.73040088056587e-05 5.54631733393762e-05 6.86886196490377e-05 6.98227377142757e-05 5.7578527048463e-05 5.81870990572497e-05 6.95699054631405e-05 5.33022721356247e-05 4.12906338169705e-05 3.30850234604441e-05 4.10602769989055e-05 3.21154657285661e-05 2.01836664928123e-05 3.16044897772372e-05 4.41692463937216e-05 3.42729363183025e-05 4.2459272663109e-05 4.10837128583807e-05 4.00460921810009e-05 2.62858193309512e-05
0.00070199923356995 0.000642094644717872 0.000590892683248967 0.000555934209842235 0.000558576255571097 0.000523039198014885 0.000505497853737324 0.000490608741529286 0.000479451206047088 0.000447014142991975 0.000302180444123223 0.000271782249910757 0.000275385013082996 0.000269609095994383 0.000247117743128911 0.000124085767311044 0.000150325780850835 0.000114337592094671 0.000133854235173203 0.000135697395307943 0.000107120351458434 0.000106177416455466 8.21307621663436e-05 6.4960157033056e-05 6.33693489362486e-05 9.30444221012294e-05 5.89509872952476e-05 7.11642060196027e-05 7.2556002123747e-05 7.46171936043538e-05 7.68221580074169e-05 6.07613546890207e-05 5.99604209128302e-05 4.49705730716232e-05 3.63996223313734e-05 2.84701000055065e-05 3.27748966810759e-05 2.71445842372486e-05 2.70219807134708e-05 3.17210869980045e-05 3.11134790536016e-05 3.51312737620901e-05 3.51935486833099e-05 3.04527056869119e-05 3.68476576113608e-05
0.000786254822742194 0.000738095724955201 0.000668429245706648 0.000655228504911065 0.000573627825360745 0.000581291154958308 0.000531624827999622 0.000517512089572847 0.000519157387316227 0.000449162325821817 0.000434916088124737 0.000375711795641109 0.000307288544718176 0.000288339360849932 0.000282844179309905 0.0002116916293744 0.000198112582438625 0.000155212110257708 0.000149430314195342 0.000147720100358129 0.000143847762956284 0.000141575132147409 8.46078401082195e-05 0.000107305830169935 6.62967140669934e-05 6.33132585790008e-05 8.03167495178059e-05 7.43774144211784e-05 7.60102120693773e-05 7.75817534304224e-05 8.0053010606207e-05 7.96277818153612e-05 6.44751999061555e-05 3.9241203921847e-05 3.6798828659812e-05 3.48672983818687e-05 4.32721608376596e-05 3.40162296197377e-05 3.52085808117408e-05 3.86173887818586e-05 2.87649017991498e-05 3.38558784278575e-05 3.17714184348006e-05 4.56491907243617e-05 3.91175526601728e-05
0.000890302180778235 0.00077847798820585 0.000717255636118352 0.000663872866425663 0.000690358981955796 0.000625061511527747 0.000628513109404594 0.000554455269593745 0.000534800114110112 0.000492862425744534 0.000466178084025159 0.000442293763626367 0.000454620865639299 0.000440892210463062 0.000379030418116599 0.000399670476326719 0.000274487334536389 0.000211670703720301 0.000198971931240521 0.000152352688019164 0.000149545929161832 0.00014888531586621 0.000142691875225864 0.000140311356517486 0.000110965454950929 0.00010890253179241 6.94675982231274e-05 6.57648270134814e-05 6.2922015786171e-05 6.55084004392847e-05 5.12306032760534e-05 4.86347344121896e-05 5.36040570295881e-05 5.35573162778746e-05 5.89190603932366e-05 4.57078494946472e-05 3.54553631041199e-05 3.63398175977636e-05 3.89346096199006e-05 4.09732456319034e-05 6.12220028415322e-05 4.55825720564462e-05 4.35312831541523e-05 3.28005517076235e-05 3.2207062758971e-05
0.000957337382715195 0.000889933959115297 0.000761704053729773 0.000728889426682144 0.000661829602904618 0.000649414665531367 0.000626464432571083 0.000554477155674249 0.000569638912566006 0.000508612836711109 0.000473051477456465 0.000490486447233707 0.000453180313343182 0.000437849172158167 0.000431623047916219 0.000417165516410023 0.00037208991125226 0.000346038315910846 0.000261701759882271 0.000200919326744042 0.000199854766833596 0.000194271575310268 0.000150194638990797 0.000147427635965869 0.000118611467769369 0.000115195733087603 8.84030305314809e-05 8.63921595737338e-05 0.000101208577689249 8.33026642794721e-05 7.96254680608399e-05 7.93439394328743e-05 4.3607156840153e-05 5.39653410669416e-05 5.24628339917399e-05 6.40197322354652e-05 5.7331762945978e-05 5.96884492551908e-05 5.92671131016687e-05 5.11038088006899e-05 6.42063532723114e-05 6.50575311738066e-05 4.66441924800165e-05 3.43230458383914e-05 4.24461104557849e-05
0.00101869367063046 0.000997372902929783 0.00082584482152015 0.000859146239235997 0.000754054228309542 0.000706009392160922 0.000624892592895776 0.000609574606642127 0.000595825666096061 0.000519375258591026 0.000522627145983279 0.000489101454149932 0.000472180341603234 0.000484390533529222 0.000444832752691582 0.00042349164141342 0.00042349164141342 0.000296695914585143 0.000288918905425817 0.000270147458650172 0.00025304316659458 0.000201788207050413 0.000198952257051133 0.000193908679648302 0.000152455497300252 0.000151513464516029 0.000117565839900635 0.000114058180770371 7.13748158887029e-05 6.85268532834016e-05 0.000106813618913293 6.67904168949462e-05 8.62307715578936e-05 8.56220794958062e-05 8.15242237877101e-05 8.43261295813136e-05 5.44958238606341e-05 6.42191444057971e-05 5.23283597431146e-05 5.45102266187314e-05 5.53431709704455e-05 5.65819864277728e-05 5.99946979491506e-05 4.8379606596427e-05 5.67774477531202e-05
0.00109852338209748 0.000922035658732057 0.000928514520637691 0.000889774935785681 0.000793752609752119 0.000783231342211366 0.000682881975080818 0.00067805201979354 0.000578763778321445 0.000571625656448305 0.000585203408263624 0.000538053282070905 0.000482070405269042 0.000480517599498853 0.000473638239782304 0.000442287215264514 0.000435474998084828 0.00042349164141342 0.000396808405639604 0.00040402973536402 0.000340070138918236 0.00033440173137933 0.000317663041641936 0.000202549519599415 0.000239603978116065 0.000196349254110828 0.000158916183863766 0.00011952511704294 9.42028054851107e-05 0.000115469498268794 8.89438961166888e-05 8.79259096109308e-05 8.94088589120656e-05 9.2212860181462e-05 8.81510713952594e-05 0.000112333385914098 8.81446321727708e-05 8.44861715449952e-05 5.70852935197763e-05 5.65939481020905e-05 7.64342621550895e-05 5.59784239158034e-05 5.10305544594303e-05 5.08958401042037e-05 7.65736476751044e-05
0.00118661718443036 0.00114708044566214 0.000858340528793633 0.000804079812951386 0.000799141067545861 0.000777853361796588 0.000671146262902766 0.000662166741676629 0.000675808521918952 0.000633316289167851 0.00053404102800414 0.000566984468605369 0.000529790122527629 0.000490627076942474 0.000478711968753487 0.000466682249680161 0.00043790607014671 0.000442330754594877 0.000399995478801429 0.00039454284706153 0.000382667902158573 0.000384524697437882 0.000371808069758117 0.000271166645688936 0.00032538891537115 0.000257878680713475 0.000200721580768004 0.000165687670232728 0.000149272571434267 0.00014874481712468 9.71788613242097e-05 0.000118918425869197 0.000119130774692167 0.000114883390779141 0.000144323043059558 0.000114949543785769 9.24812411540188e-05 9.3956507043913e-05 7.53833664930426e-05 7.53007916500792e-05 0.000104262115200981 9.73054120549932e-05 7.32710614101961e-05 6.91194072715007e-05 6.76535564707592e-05
0.00133600330445915 0.00105848629027605 0.000979529693722725 0.000818137428723276 0.000782511313445866 0.000686489336658269 0.000753675296436995 0.00073508417699486 0.000712019042111933 0.000592310156207532 0.000586077861953527 0.000551921490114182 0.000522807182278484 0.00051226798677817 0.00046628768905066 0.000488196936203167 0.000471823819680139 0.000452294741990045 0.000430553336627781 0.000399914133595303 0.000392285059206188 0.00038761820178479 0.000374954397557303 0.000379083561711013 0.000343407155014575 0.000337674253387377 0.000329118862282485 0.000210226411581971 0.000204014795599505 0.000126297003589571 0.000158819500938989 0.000125158810988069 0.000126160215586424 0.000124828424304724 0.000123072386486456 0.000120818564028013 0.000151930420543067 0.000103568570921198 0.000106054867501371 9.97691749944352e-05 9.87146704574116e-05 9.84540820354596e-05 9.64800565270707e-05 9.36856304178946e-05 0.000115932118205819
0.00141551170963794 0.00115605653263628 0.00109806843101978 0.00094265048392117 0.000804699957370758 0.000797056418377906 0.000718837953172624 0.00065719842677936 0.000650786911137402 0.00066820380743593 0.000591918302234262 0.000608438742347062 0.000510195503011346 0.000447931815870106 0.000486684322822839 0.00044076589983888 0.000499613641295582 0.000480208313092589 0.000455814268207178 0.000448257953394204 0.000433661974966526 0.000398984208004549 0.000384377723094076 0.000376123993191868 0.000403275102144107 0.00038889906136319 0.000343141524353996 0.000274367077508941 0.00022641041141469 0.000209818637813441 0.000168209531693719 0.000166857818840072 0.000136869479320012 0.000136385569931008 0.000207239034352824 0.000211107602808625 0.000168760554515757 0.000172404441400431 0.000141763710416853 0.000109006359707564 0.000137182811158709 0.000138266725116409 0.000106139763374813 0.000128220344777219 0.00019215363136027
