data/climate_estimation/maxent_output/Cardiocrinum_cathayanum.asc
NCOLS 225 
NROWS 132 
XLLCORNER 102.666666666667 
YLLCORNER 23.25 
CELLSIZE 0.0833333333333333 
NODATA_value -3.4e+38 
[rows 20 to 39 of 132, columns 132 to 175 of 225]
0.450452327728271 0.424133002758026 0.395493805408478 0.355676382780075 0.322988063097 0.323770135641098 0.298003882169724 0.312702387571335 0.331009984016418 0.3587366938591 0.396496772766113 0.469621241092682 0.525366723537445 0.571660995483398 0.643642365932465 0.69533783197403 0.742993056774139 0.787190973758698 0.830922603607178 0.873452246189117 0.891202569007874 0.898583829402924 0.890535533428192 0.890523493289948 0.901712775230408 0.878852725028992 0.856555819511414 0.811902046203613 0.727661609649658 0.639020800590515 0.551600396633148 0.439952373504639 0.363572001457214 0.195203319191933 0.160664290189743 0.155262842774391 0.295070171356201 0.32548999786377 0.343237310647964 0.407573252916336 0.453485161066055 0.493734657764435 0.527034521102905 0.556988775730133
0.519072532653809 0.510521352291107 0.514547228813171 0.477598756551743 0.460316091775894 0.453230559825897 0.425210565328598 0.425210565328598 0.444114148616791 0.46732771396637 0.501307666301727 0.546698987483978 0.608317852020264 0.663522005081177 0.696376442909241 0.78309166431427 0.814078629016876 0.857898771762848 0.880406081676483 0.889773845672607 0.903367817401886 0.911079347133636 0.916645705699921 0.901709377765656 0.912560999393463 0.892228722572327 0.88323587179184 0.829202473163605 0.756618320941925 0.676120281219482 0.550025284290314 0.434791535139084 0.367517441511154 0.309229284524918 0.160271421074867 0.253783226013184 0.282540857791901 0.304458796977997 0.351409077644348 0.39263990521431 0.434472441673279 0.44748330116272 0.506287395954132 0.518477916717529
0.583830773830414 0.615622520446777 0.611302196979523 0.590684354305267 0.601347625255585 0.592260897159576 0.572927355766296 0.56165999174118 0.57233327627182 0.59054309129715 0.608663380146027 0.631664335727692 0.703006148338318 0.735180675983429 0.793017745018005 0.824341297149658 0.856603860855103 0.895377576351166 0.926925718784332 0.927494943141937 0.932677805423737 0.940756857395172 0.932067275047302 0.911318719387054 0.91305947303772 0.9179927110672 0.910771310329437 0.862837493419647 0.791702449321747 0.681430697441101 0.595950365066528 0.48427951335907 0.400233626365662 0.334173679351807 0.292015552520752 0.276997417211533 0.291978746652603 0.307687938213348 0.342448025941849 0.37075611948967 0.409317553043365 0.426564395427704 0.452116429805756 0.470473349094391
0.679994285106659 0.695466101169586 0.720305919647217 0.746765434741974 0.738878726959229 0.740330040454865 0.719246327877045 0.711374938488007 0.699731111526489 0.699736297130585 0.724888861179352 0.742610812187195 0.783909797668457 0.815771818161011 0.83908087015152 0.884958863258362 0.908450782299042 0.937846064567566 0.93860787153244 0.943312048912048 0.950312793254852 0.944447815418243 0.939442753791809 0.950711071491241 0.940595924854279 0.926709353923798 0.921143531799316 0.894572138786316 0.824504137039185 0.752285301685333 0.641598641872406 0.550355613231659 0.446579903364182 0.365778595209122 0.314747154712677 0.298172056674957 0.302941709756851 0.315696775913239 0.339689582586288 0.357380092144012 0.3928202688694 0.397462218999863 0.406120806932449 0.417108535766602
0.736360728740692 0.778818428516388 0.822577118873596 0.860814332962036 0.87756073474884 0.866280972957611 0.843440234661102 0.822439312934875 0.80279541015625 0.796489834785461 0.803082287311554 0.80911785364151 0.839794754981995 0.868036985397339 0.885657370090485 0.919524788856506 0.931703507900238 0.939752399921417 0.946936130523682 0.941220879554749 0.956966936588287 0.950806438922882 0.960726916790009 0.952142775058746 0.952336668968201 0.938104629516602 0.919548213481903 0.917993068695068 0.868283092975616 0.791469395160675 0.703698456287384 0.598907291889191 0.50605696439743 0.439750194549561 0.381992697715759 0.342334687709808 0.343055129051208 0.337985336780548 0.35336434841156 0.361442655324936 0.361514419317245 0.363060146570206 0.367900401353836 0.357335448265076
0.796946465969086 0.839263916015625 0.868741929531097 0.909930288791656 0.912111461162567 0.921019911766052 0.91192901134491 0.890990078449249 0.878265678882599 0.877327024936676 0.889961302280426 0.880689144134521 0.893379867076874 0.909097254276276 0.928957641124725 0.943876802921295 0.951536357402802 0.946936130523682 0.958824098110199 0.954278945922852 0.952547490596771 0.956113398075104 0.959117352962494 0.960828900337219 0.962898015975952 0.958615243434906 0.935607850551605 0.931053340435028 0.893121182918549 0.830783784389496 0.751464486122131 0.674350440502167 0.569549083709717 0.49969682097435 0.430860072374344 0.406539380550385 0.376162648200989 0.359654456377029 0.355224847793579 0.351152151823044 0.341583698987961 0.337085574865341 0.314426362514496 0.289617747068405
0.814267814159393 0.818094909191132 0.897902846336365 0.928112208843231 0.937446594238281 0.937112808227539 0.920332968235016 0.930166184902191 0.917416512966156 0.919099509716034 0.91135972738266 0.915385007858276 0.9294553399086 0.938017785549164 0.945919275283813 0.9515580534935 0.955523610115051 0.952715456485748 0.957416534423828 0.960308015346527 0.960967004299164 0.959607124328613 0.963732540607452 0.964675486087799 0.963138222694397 0.96121734380722 0.961823165416718 0.939985811710358 0.915532052516937 0.869480609893799 0.794666826725006 0.72064346075058 0.648053765296936 0.569510638713837 0.504351496696472 0.453405946493149 0.419482618570328 0.37952196598053 0.360859483480453 0.344939023256302 0.340736538171768 0.314069360494614 0.271842628717422 0.220367461442947
0.853180110454559 0.842009425163269 0.87036669254303 0.928279101848602 0.929494082927704 0.931498408317566 0.918839812278748 0.935047090053558 0.943174123764038 0.941245317459106 0.944435119628906 0.940657377243042 0.949329316616058 0.95658016204834 0.961159586906433 0.958160936832428 0.960708677768707 0.956167697906494 0.960471391677856 0.960942149162292 0.965400755405426 0.962227761745453 0.963767886161804 0.968915700912476 0.963360786437988 0.967494308948517 0.958711504936218 0.939796209335327 0.929279685020447 0.898080766201019 0.836700975894928 0.766763389110565 0.69153892993927 0.617994248867035 0.55595737695694 0.498073846101761 0.427480816841125 0.387254744768143 0.356140792369843 0.338186144828796 0.307427048683167 0.28617787361145 0.243869990110397 0.165153101086617
0.872257709503174 0.899029612541199 0.911203563213348 0.912260949611664 0.925129652023315 0.911114692687988 0.920264899730682 0.938943326473236 0.938582479953766 0.942953288555145 0.942208349704742 0.944917976856232 0.948496639728546 0.952538669109344 0.958009958267212 0.961236953735352 0.961971700191498 0.965108275413513 0.967982828617096 0.952704310417175 0.965173184871674 0.96811431646347 0.962714910507202 0.960931777954102 0.959719002246857 0.964958250522614 0.961176335811615 0.938078761100769 0.932241916656494 0.905841767787933 0.873824715614319 0.816515266895294 0.755936205387115 0.690652847290039 0.617582201957703 0.54241544008255 0.456342786550522 0.396683871746063 0.342841178178787 0.313985824584961 0.279867231845856 0.248962968587875 0.203357949852943 0.0918966457247734
0.851169168949127 0.890351295471191 0.915669500827789 0.882487297058105 0.915400505065918 0.892847180366516 0.942653477191925 0.921429097652435 0.906260192394257 0.942289233207703 0.947727501392365 0.948283195495605 0.944875061511993 0.956943154335022 0.958604156970978 0.961847901344299 0.962762594223022 0.967807531356812 0.961468040943146 0.962243378162384 0.972318947315216 0.967142105102539 0.955647945404053 0.949578166007996 0.928662419319153 0.948347091674805 0.960818409919739 0.957904458045959 0.930775821208954 0.92339825630188 0.890458166599274 0.841337859630585 0.795047461986542 0.732229948043823 0.657574534416199 0.548116505146027 0.459360510110855 0.388970017433167 0.322061449289322 0.270707130432129 0.231771320104599 0.198223173618317 0.132877692580223 0.0619431436061859
0.856611669063568 0.881377577781677 0.895789623260498 0.893711626529694 0.929491460323334 0.929022490978241 0.943576991558075 0.91191440820694 0.931736052036285 0.948725163936615 0.949932992458344 0.926064133644104 0.946140170097351 0.94375866651535 0.963572859764099 0.959403514862061 0.954760134220123 0.958872556686401 0.960394978523254 0.956109642982483 0.961744368076324 0.951299130916595 0.793412089347839 0.860167443752289 0.893394947052002 0.902602732181549 0.95098489522934 0.950985014438629 0.941697418689728 0.940534591674805 0.909362614154816 0.864176571369171 0.834551274776459 0.787741780281067 0.70534360408783 0.606896281242371 0.485437422990799 0.401210308074951 0.320515483617783 0.267159789800644 0.21081081032753 0.160569116473198 0.106469668447971 0.0757400467991829
0.833092629909515 0.869567930698395 0.886132717132568 0.911413788795471 0.916165947914124 0.925384402275085 0.938088476657867 0.936207592487335 0.93956333398819 0.951845824718475 0.942259788513184 0.917409837245941 0.945706188678741 0.911135077476501 0.954771220684052 0.943508386611938 0.945079565048218 0.918160200119019 0.941548764705658 0.960952341556549 0.951088607311249 0.894032895565033 0.91766369342804 0.931730389595032 0.938340365886688 0.940814614295959 0.937208116054535 0.933962762355804 0.928509950637817 0.931055843830109 0.93168306350708 0.888357102870941 0.83491849899292 0.769314348697662 0.679890513420105 0.555775940418243 0.462492436170578 0.362716495990753 0.299119263887405 0.23479163646698 0.195620134472847 0.160328358411789 0.126034423708916 0.111914440989494
0.817093729972839 0.826603412628174 0.847288370132446 0.869839012622833 0.890000343322754 0.901122987270355 0.919116318225861 0.934855461120605 0.941031217575073 0.942815244197845 0.932942271232605 0.912641227245331 0.956163823604584 0.957143366336823 0.953867256641388 0.940801739692688 0.907739818096161 0.933864295482635 0.934938549995422 0.955747485160828 0.912536859512329 0.912486493587494 0.916972637176514 0.948452234268188 0.957647442817688 0.949962496757507 0.891831398010254 0.918441951274872 0.940651476383209 0.906807482242584 0.92297637462616 0.900352716445923 0.833375751972198 0.761883616447449 0.634689390659332 0.526903569698334 0.439136892557144 0.467777669429779 0.449470162391663 0.405395716428757 0.36050409078598 0.296691477298737 0.244638577103615 0.21913506090641
0.780265092849731 0.812365770339966 0.833870768547058 0.843753933906555 0.857100307941437 0.87794303894043 0.908213555812836 0.902546882629395 0.918347597122192 0.939528703689575 0.940976858139038 0.954642415046692 0.958906590938568 0.955393314361572 0.954773545265198 0.954770386219025 0.960708558559418 0.95835953950882 0.922593533992767 0.941594660282135 0.861911475658417 0.91705721616745 0.933896839618683 0.947511434555054 0.938938677310944 0.92712527513504 0.904105424880981 0.91085147857666 0.922852516174316 0.900241732597351 0.906728863716125 0.887620687484741 0.818674683570862 0.73286634683609 0.596060395240784 0.644973576068878 0.692974209785461 0.709492325782776 0.70267641544342 0.678692996501923 0.623250722885132 0.541666030883789 0.463157176971436 0.40245059132576
0.747519910335541 0.774867832660675 0.791248738765717 0.792417645454407 0.807735741138458 0.837823867797852 0.878329336643219 0.873736619949341 0.87967836856842 0.903626799583435 0.924867808818817 0.934207439422607 0.948842823505402 0.954525709152222 0.962152302265167 0.963298618793488 0.965574502944946 0.938242673873901 0.933200240135193 0.911343038082123 0.815450549125671 0.904156863689423 0.924968540668488 0.903181791305542 0.853609204292297 0.824342489242554 0.84640645980835 0.845863044261932 0.817184448242188 0.845714688301086 0.907921493053436 0.857717990875244 0.789089381694794 0.747717142105103 0.818019509315491 0.872329890727997 0.913627326488495 0.935164511203766 0.943890392780304 0.938464462757111 0.91205883026123 0.834195137023926 0.752670109272003 0.671809136867523
0.706486880779266 0.73365044593811 0.747963547706604 0.753499925136566 0.763665735721588 0.816455721855164 0.851947605609894 0.817102432250977 0.821238875389099 0.853455603122711 0.8803830742836 0.900749444961548 0.942056000232697 0.956866562366486 0.970970749855042 0.968440532684326 0.971522152423859 0.962176382541656 0.96661365032196 0.930066883563995 0.897251605987549 0.919657468795776 0.916661262512207 0.867276072502136 0.663977444171906 0.700473248958588 0.79630583524704 0.861545562744141 0.787591278553009 0.799322426319122 0.868293523788452 0.876970112323761 0.87818056344986 0.868219137191772 0.887434482574463 0.93113499879837 0.953562021255493 0.966191649436951 0.965169668197632 0.953323006629944 0.955770671367645 0.951345086097717 0.950718343257904 0.897779405117035
0.664017081260681 0.686144828796387 0.693520963191986 0.706895589828491 0.724737524986267 0.745940029621124 0.809875249862671 0.763198971748352 0.759931206703186 0.798141479492188 0.819361090660095 0.857918322086334 0.915711402893066 0.943066895008087 0.964052736759186 0.965724170207977 0.973392963409424 0.969753086566925 0.948131203651428 0.902217626571655 0.938762962818146 0.909870207309723 0.889735996723175 0.792313575744629 0.753165483474731 0.81427401304245 0.786972999572754 0.857522070407867 0.859948039054871 0.841878771781921 0.817461848258972 0.80355840921402 0.894670486450195 0.884889006614685 0.927577555179596 0.953038990497589 0.94746857881546 0.959248125553131 0.961498081684113 0.949267446994781 0.975668728351593 0.979811549186707 0.970356643199921 0.959159433841705
0.632484972476959 0.644877970218658 0.651061654090881 0.650847256183624 0.65755158662796 0.675915062427521 0.718088924884796 0.778970777988434 0.812436938285828 0.853613436222076 0.880711019039154 0.884842395782471 0.8982013463974 0.90069979429245 0.934791028499603 0.963739275932312 0.959965527057648 0.944088578224182 0.886056900024414 0.873227477073669 0.937993824481964 0.935722410678864 0.860389530658722 0.869681537151337 0.837110459804535 0.632839739322662 0.833220183849335 0.856122851371765 0.812175393104553 0.76325386762619 0.61353725194931 0.802114427089691 0.811471581459045 0.800150275230408 0.859808087348938 0.864758133888245 0.908288955688477 0.92202889919281 0.903441309928894 0.962194740772247 0.985507488250732 0.984715044498444 0.983747363090515 0.975881338119507
0.584748983383179 0.589759230613708 0.595874428749084 0.608648061752319 0.663227260112762 0.734049677848816 0.799768269062042 0.851551294326782 0.902750253677368 0.927935659885406 0.943547248840332 0.942899286746979 0.957861661911011 0.957435488700867 0.961948990821838 0.965916574001312 0.941781044006348 0.934126973152161 0.909174501895905 0.928492426872253 0.952810645103455 0.933558404445648 0.880788564682007 0.917636871337891 0.855004847049713 0.87204498052597 0.810921370983124 0.86407595872879 0.668587982654572 0.643542647361755 0.637682855129242 0.750815331935883 0.697263181209564 0.696788728237152 0.679651319980621 0.834329307079315 0.85455721616745 0.925271213054657 0.960234701633453 0.977937161922455 0.985210239887238 0.984694123268127 0.984123706817627 0.983245074748993
0.527106404304504 0.55965530872345 0.551965773105621 0.650461196899414 0.75154834985733 0.833027720451355 0.882681369781494 0.933998882770538 0.960053503513336 0.9692422747612 0.970954358577728 0.97397780418396 0.972015023231506 0.959276974201202 0.957223534584045 0.957776308059692 0.950276851654053 0.943395614624023 0.94341903924942 0.938443243503571 0.945335745811462 0.891260862350464 0.924761652946472 0.902529656887054 0.912965834140778 0.896151483058929 0.854126751422882 0.789440870285034 0.624458789825439 0.656057178974152 0.788233041763306 0.703081548213959 0.666011571884155 0.702600419521332 0.878819406032562 0.941557109355927 0.925673305988312 0.958500683307648 0.984275460243225 0.985224664211273 0.985477566719055 0.984687387943268 0.985077023506165 0.9833904504776
