data/climate_estimation/maxent_output/Cardiocrinum_giganteum.asc
NCOLS 494 
NROWS 160 
XLLCORNER 79.25 
YLLCORNER 22.5 
CELLSIZE 0.0833333333333333 
NODATA_value -3.4e+38 
[rows 38 to 56 of 160, columns 440 to 483 of 494]
0.351148307323456 0.335315585136414 0.328775823116302 0.32316666841507 0.307955473661423 0.0751023814082146 0.0721510797739029 0.069280669093132 0.275887250900269 0.271397113800049 0.28150537610054 0.287597447633743 0.288806885480881 0.303339689970016 0.300044655799866 0.305284649133682 0.310565978288651 0.324042946100235 0.337237328290939 0.337719619274139 0.331956148147583 0.441291332244873 0.443594604730606 0.455786138772964 0.458989769220352 0.484929919242859 0.492387503385544 0.509957551956177 0.512622356414795 0.525487840175629 0.519316971302032 0.50942051410675 0.503246009349823 0.500032484531403 0.482939183712006 0.482223778963089 0.479172915220261 0.46460348367691 0.468593627214432 0.459495723247528 0.455259621143341 0.459454655647278 0.461370646953583 0.456678569316864
0.339626103639603 0.330390095710754 0.315896511077881 0.298239290714264 0.288369178771973 0.281694889068604 0.0680925697088242 0.0656322911381721 0.0640722587704659 0.254506677389145 0.264757752418518 0.266391098499298 0.271989703178406 0.285079896450043 0.282256543636322 0.282971739768982 0.287138164043427 0.289258778095245 0.299385339021683 0.308841645717621 0.309393137693405 0.410578966140747 0.430975675582886 0.439024806022644 0.44312971830368 0.468478620052338 0.478821784257889 0.485700398683548 0.490690022706985 0.496453791856766 0.489086985588074 0.494426935911179 0.478961259126663 0.463009148836136 0.464325994253159 0.461339861154556 0.455702096223831 0.44731405377388 0.44279932975769 0.437410593032837 0.427811473608017 0.432535916566849 0.431760668754578 0.43987187743187
0.335119068622589 0.315285503864288 0.299052953720093 0.290721327066422 0.280707746744156 0.264787048101425 0.256671577692032 0.0627280995249748 0.253996998071671 0.250019252300262 0.25482177734375 0.249173030257225 0.258739531040192 0.263347297906876 0.269885540008545 0.259297788143158 0.264832735061646 0.274202108383179 0.28202024102211 0.286611676216125 0.290961921215057 0.397570222616196 0.408640265464783 0.406072646379471 0.42881253361702 0.460043430328369 0.467286825180054 0.471673220396042 0.474469095468521 0.477992922067642 0.471521556377411 0.45979318022728 0.45619934797287 0.439710229635239 0.443048745393753 0.432332575321198 0.420991659164429 0.424274235963821 0.424692988395691 0.414996683597565 0.408675789833069 0.418389618396759 0.416792869567871 0.417479187250137
0.329115986824036 0.313595443964005 0.301320225000381 0.276447415351868 0.276416391134262 0.250424712896347 0.242982313036919 0.240537583827972 0.219403877854347 0.216606169939041 0.215112939476967 0.236428827047348 0.238209903240204 0.237992733716965 0.24007922410965 0.257562756538391 0.24457149207592 0.243904516100883 0.25315597653389 0.252283841371536 0.270752370357513 0.370779126882553 0.385463118553162 0.391539543867111 0.417426854372025 0.441680938005447 0.440368413925171 0.460665196180344 0.456353545188904 0.458889901638031 0.443584263324738 0.436071425676346 0.435099363327026 0.410411059856415 0.402764409780502 0.400285750627518 0.405124336481094 0.410754233598709 0.393002957105637 0.388895511627197 0.387701332569122 0.384051531553268 0.385839372873306 0.391173094511032
0.327838659286499 0.312384366989136 0.297631084918976 0.273101359605789 0.267296075820923 0.256904572248459 0.232525199651718 0.20277351140976 0.203479006886482 0.199117571115494 0.199886277318001 0.182182639837265 0.199486628174782 0.20480577647686 0.202126860618591 0.200263679027557 0.205048277974129 0.208042502403259 0.18751922249794 0.206132978200912 0.209752067923546 0.314370214939117 0.323950737714767 0.365830630064011 0.402444988489151 0.411471098661423 0.430753350257874 0.443838089704514 0.446123540401459 0.436900556087494 0.417392045259476 0.418905138969421 0.40026643872261 0.37680795788765 0.371650606393814 0.369877189397812 0.368598848581314 0.364768654108047 0.356704890727997 0.368243455886841 0.356109380722046 0.35309174656868 0.352880507707596 0.36179992556572
0.325706213712692 0.297928094863892 0.283492922782898 0.260406851768494 0.252392649650574 0.22410124540329 0.199934676289558 0.191878318786621 0.172114536166191 0.192448794841766 0.167640447616577 0.170003414154053 0.168982490897179 0.169548362493515 0.17131619155407 0.154223039746284 0.15424220263958 0.169284254312515 0.167581975460052 0.15180267393589 0.16883347928524 0.265304327011108 0.273120850324631 0.307925015687943 0.321247398853302 0.354493588209152 0.39336696267128 0.415453255176544 0.419980496168137 0.411859035491943 0.386695921421051 0.388470679521561 0.352624267339706 0.318066269159317 0.224387586116791 0.217756420373917 0.303432375192642 0.299355715513229 0.322085648775101 0.313702642917633 0.305470317602158 0.32108148932457 0.323257952928543 0.332253694534302
0.306815594434738 0.27549883723259 0.266184717416763 0.242487296462059 0.212736710906029 0.206910997629166 0.186920717358589 0.180579379200935 0.163542613387108 0.160644546151161 0.155505120754242 0.156005874276161 0.159094259142876 0.14191971719265 0.15646143257618 0.137199327349663 0.125797942280769 0.125731125473976 0.124092154204845 0.125872269272804 0.140534266829491 0.219252228736877 0.222691491246223 0.252440959215164 0.283340126276016 0.325060278177261 0.322431981563568 0.346825689077377 0.350880801677704 0.351486265659332 0.325658619403839 0.238108530640602 0.220593139529228 0.206322774291039 0.182140469551086 0.185127556324005 0.199222832918167 0.198821902275085 0.285616666078568 0.300487339496613 0.287385761737823 0.281167685985565 0.275601506233215 0.280792415142059
0.289579093456268 0.278374582529068 0.252453088760376 0.223945647478104 0.197935119271278 0.194388940930367 0.194085717201233 0.171941369771957 0.169032320380211 0.150411918759346 0.145474001765251 0.148125767707825 0.131203532218933 0.132307216525078 0.130890890955925 0.114619582891464 0.0992629826068878 0.0981272831559181 0.0878765136003494 0.141053959727287 0.109890855848789 0.175562009215355 0.179026991128922 0.200432360172272 0.234613493084908 0.25732684135437 0.25902047753334 0.287176936864853 0.288024693727493 0.29644837975502 0.210338115692139 0.224622651934624 0.203008070588112 0.185287430882454 0.175037413835526 0.187438577413559 0.188224136829376 0.185289487242699 0.180818021297455 0.246596768498421 0.242522209882736 0.235915392637253 0.234379455447197 0.262280374765396
0.270013868808746 0.263783186674118 0.233671799302101 0.208763971924782 0.184385523200035 0.186735674738884 0.181357070803642 0.156624838709831 0.158664256334305 0.13808761537075 0.134887754917145 0.120308242738247 0.121500186622143 0.118731752038002 0.11499947309494 0.100718602538109 0.0865408405661583 0.0726561322808266 0.10802686214447 0.111584737896919 0.12453255802393 0.143879577517509 0.157899931073189 0.177471294999123 0.202341288328171 0.20815834403038 0.231026113033295 0.231672644615173 0.238969713449478 0.185761034488678 0.183776497840881 0.185379520058632 0.167246416211128 0.172863453626633 0.191907227039337 0.189390122890472 0.172424182295799 0.174119114875793 0.155951768159866 0.16642951965332 0.164143607020378 0.159900531172752 0.144027262926102 0.160943701863289
0.256736159324646 0.248003453016281 0.218082815408707 0.196437507867813 0.193658083677292 0.170946314930916 0.153083473443985 0.151257455348969 0.133704170584679 0.131909295916557 0.128056302666664 0.123762011528015 0.109593860805035 0.0969796106219292 0.0943314135074615 0.0902655869722366 0.0623543746769428 0.0579958967864513 0.0725383162498474 0.0937164500355721 0.118316665291786 0.130591094493866 0.13142666220665 0.151548758149147 0.163689509034157 0.183547705411911 0.205050453543663 0.150484517216682 0.215573832392693 0.1641616076231 0.16143536567688 0.164157465100288 0.16643400490284 0.154983535408974 0.166117683053017 0.164367690682411 0.14533543586731 0.142250806093216 0.140163198113441 0.13639709353447 0.137332290410995 0.13354766368866 0.13354766368866 0.146533861756325
0.350318104028702 0.226598337292671 0.206035450100899 0.203147053718567 0.181552901864052 0.179429471492767 0.159201756119728 0.140900611877441 0.137450993061066 0.123532153666019 0.118891403079033 0.105552166700363 0.099275678396225 0.096206858754158 0.108100548386574 0.0871658101677895 0.0465636774897575 0.0470792204141617 0.0598578006029129 0.0823304504156113 0.102254748344421 0.113677106797695 0.115133017301559 0.133210524916649 0.146992295980453 0.163206472992897 0.189647808670998 0.135491952300072 0.129130706191063 0.140414014458656 0.140861108899117 0.146465614438057 0.147361651062965 0.153717204928398 0.14758126437664 0.144039407372475 0.144043102860451 0.141749933362007 0.141468554735184 0.137310281395912 0.144701778888702 0.123840443789959 0.1225895434618 0.123507179319859
0.339247733354568 0.340652108192444 0.294826984405518 0.190382614731789 0.169602379202843 0.231666743755341 0.208792135119438 0.208747744560242 0.181533873081207 0.178878754377365 0.156362935900688 0.148950949311256 0.146948546171188 0.125483006238937 0.104737393558025 0.0769633427262306 0.0573750212788582 0.049732007086277 0.0600932464003563 0.0716152414679527 0.0861081033945084 0.0990899056196213 0.113473787903786 0.132804170250893 0.148778796195984 0.162176296114922 0.112027727067471 0.110816441476345 0.124432772397995 0.124071456491947 0.126832649111748 0.127507731318474 0.135836079716682 0.137410953640938 0.130334660410881 0.130606159567833 0.127001568675041 0.127062797546387 0.128660023212433 0.128316357731819 0.123720847070217 0.11443242430687 0.125358521938324 0.115126818418503
0.37587296962738 0.334612190723419 0.319944739341736 0.248784780502319 0.243740633130074 0.215527698397636 0.212410449981689 0.206024214625359 0.18035314977169 0.172962829470634 0.168034270405769 0.149175271391869 0.141290932893753 0.125116840004921 0.106241852045059 0.085099458694458 0.078508198261261 0.0684215649962425 0.0787535682320595 0.0831971317529678 0.095801867544651 0.0986025109887123 0.112597912549973 0.116185367107391 0.129396095871925 0.15239429473877 0.11409155279398 0.108846485614777 0.108970552682877 0.108034402132034 0.121951013803482 0.127081200480461 0.129670634865761 0.116332001984119 0.139428004622459 0.13226044178009 0.118579283356667 0.120852760970592 0.120609752833843 0.120988585054874 0.123211935162544 0.107128664851189 0.104204416275024 0.105762876570225
0.384510278701782 0.319708704948425 0.3205825984478 0.269718825817108 0.226199716329575 0.220617815852165 0.222106784582138 0.189171597361565 0.181109979748726 0.171496242284775 0.174765810370445 0.169302240014076 0.149869352579117 0.145887151360512 0.127410262823105 0.1104551628232 0.108777537941933 0.107226803898811 0.0951985269784927 0.105706624686718 0.104997254908085 0.104677103459835 0.12630107998848 0.119450911879539 0.130783304572105 0.0931749418377876 0.0966013520956039 0.105297803878784 0.10663864761591 0.108110852539539 0.108925729990005 0.10900941491127 0.111375980079174 0.113378740847111 0.115895606577396 0.115117110311985 0.115481749176979 0.119475185871124 0.122085273265839 0.123821184039116 0.109558947384357 0.109198018908501 0.109853751957417 0.109668001532555
0.362471550703049 0.338181138038635 0.318902164697647 0.281566649675369 0.235016331076622 0.224292933940887 0.227374985814095 0.217838793992996 0.193583428859711 0.207259133458138 0.205705866217613 0.201337829232216 0.180241584777832 0.175003707408905 0.153624087572098 0.148153007030487 0.130449488759041 0.126153692603111 0.125507116317749 0.11146504431963 0.110345393419266 0.125037372112274 0.149137362837791 0.139663264155388 0.088341623544693 0.0973864048719406 0.0967005044221878 0.0950733795762062 0.107043892145157 0.10853137075901 0.108680926263332 0.112454980611801 0.111789785325527 0.112949825823307 0.116331502795219 0.117450833320618 0.119381345808506 0.10926977545023 0.11448273062706 0.110152639448643 0.111118629574776 0.110556907951832 0.101962022483349 0.102354496717453
0.361546486616135 0.335511863231659 0.380489021539688 0.272594571113586 0.241077721118927 0.233190461993217 0.232545375823975 0.237241387367249 0.243864074349403 0.255414307117462 0.246925368905067 0.249127924442291 0.241781786084175 0.212874218821526 0.185825556516647 0.177007138729095 0.170963689684868 0.153237745165825 0.133221983909607 0.129886746406555 0.130641400814056 0.138586670160294 0.139109641313553 0.0912614092230797 0.091498114168644 0.0901355519890785 0.0988744720816612 0.097285695374012 0.109300591051579 0.108206771314144 0.109646774828434 0.0999178662896156 0.102748058736324 0.111648164689541 0.103723637759686 0.105888299643993 0.109492689371109 0.112252272665501 0.110612496733665 0.110661841928959 0.11260562390089 0.114152871072292 0.115212716162205 0.103230327367783
0.422303169965744 0.360102564096451 0.331003904342651 0.330569088459015 0.287222385406494 0.297055691480637 0.316235095262527 0.314767867326736 0.309760868549347 0.294908553361893 0.299342691898346 0.337828725576401 0.354191303253174 0.309597760438919 0.290333688259125 0.233045920729637 0.204974606633186 0.186919659376144 0.170272320508957 0.152191385626793 0.151982218027115 0.145121410489082 0.0971106514334679 0.0954040959477425 0.0919473916292191 0.0924690067768097 0.100492127239704 0.100025661289692 0.100355833768845 0.109970025718212 0.109272316098213 0.100834041833878 0.10332478582859 0.106006234884262 0.107331037521362 0.107824891805649 0.11103979498148 0.112860232591629 0.111923947930336 0.114659793674946 0.116505995392799 0.120883829891682 0.123363308608532 0.116343267261982
0.360549837350845 0.349529355764389 0.328075140714645 0.349227219820023 0.336605846881866 0.317764639854431 0.366297543048859 0.343649417161942 0.337724387645721 0.384976983070374 0.411276340484619 0.426662653684616 0.431318730115891 0.381192356348038 0.321663588285446 0.272126853466034 0.23491582274437 0.205462634563446 0.200114920735359 0.17647697031498 0.171831548213959 0.167152598500252 0.111897043883801 0.108750097453594 0.10600221902132 0.107269443571568 0.105724968016148 0.103016547858715 0.0996282398700714 0.102970376610756 0.102671831846237 0.103325821459293 0.106239445507526 0.106485806405544 0.108632333576679 0.115548059344292 0.114484310150146 0.114539906382561 0.116050720214844 0.114268817007542 0.131979405879974 0.143584072589874 0.147689506411552 0.0317071303725243
0.380044400691986 0.409112095832825 0.408716559410095 0.461972922086716 0.389636546373367 0.424016863107681 0.433482587337494 0.413668781518936 0.450419187545776 0.44043093919754 0.466444283723831 0.487932562828064 0.513042390346527 0.440549552440643 0.38530445098877 0.342831194400787 0.273097842931747 0.236298844218254 0.234230473637581 0.203498974442482 0.194643601775169 0.118657976388931 0.1152423620224 0.111786976456642 0.109602317214012 0.117980919778347 0.12083013355732 0.107199676334858 0.111772656440735 0.105776943266392 0.105491504073143 0.10532995313406 0.110066756606102 0.109258614480495 0.111682035028934 0.112905167043209 0.110279373824596 0.114302292466164 0.114834733307362 0.115325197577477 0.133853241801262 0.0331507436931133 0.0423125438392162 0.051986999809742
