data/climate_estimation/maxent_output/Cardiocrinum_cordatum.asc
NCOLS 165 
NROWS 188 
XLLCORNER 131 
YLLCORNER 32.4166666666667 
CELLSIZE 0.0833333333333333 
NODATA_value -3.4e+38 
[rows 0 to 25 of 188, columns 58 to 115 of 165]
0.00389639404602349 0.00412158947438002 0.00527962204068899 0.00546082202345133 0.00550106540322304 0.00727411126717925 0.00759967183694243 0.00978424213826656 0.00939829647541046 0.0116322841495275 0.0121312327682972 0.0120321735739708 0.0124121429398656 0.0150850731879473 0.0126598924398422 0.0148136364296079 0.0134804872795939 0.0117927053943276 0.0128430183976889 0.0106948902830482 0.0124059822410345 0.00975615438073874 0.00947717670351267 0.00938886404037476 0.00875480659306049 0.00680964952334762 0.006415955722332 0.0076355030760169 0.00609561381861567 0.00575425289571285 0.00813681352883577 0.011783960275352 0.0107864607125521 0.00919086951762438 0.00751402834430337 0.00601416127756238 0.00379315437749028 0.002843500347808 0.00291806040331721 0.00471050757914782 0.00304601551033556 0.00179998984094709 0.00121943524572998 0.00125053769443184 0.00148267380427569 0.00120358110871166 -3.4e+38 -3.4e+38 -3.4e+38 -3.4e+38 -3.4e+38 -3.4e+38 -3.4e+38 -3.4e+38 -3.4e+38 -3.4e+38 -3.4e+38 -3.4e+38
0.00406628381460905 0.00536672677844763 0.00543281529098749 0.00554349739104509 0.00738348579034209 0.00757009861990809 0.00977764558047056 0.00954873859882355 0.011336550116539 0.011620094999671 0.0117691298946738 0.0123968748375773 0.0120948571711779 0.0152820032089949 0.0154095301404595 0.0175137724727392 0.0152276903390884 0.0124573735520244 0.0116936750710011 0.0123012214899063 0.0118808504194021 0.0111712859943509 0.00943265203386545 0.00922992639243603 0.00895364303141832 0.00716520892456174 0.00668592099100351 0.00527898548170924 0.00492270197719336 0.00713340099900961 0.00827133003622293 0.00983000639826059 0.00977636873722076 0.00782340113073587 0.00755549874156713 0.00741885975003242 0.00737333297729492 0.00677803298458457 0.00666048191487789 0.00598351564258337 0.00192781968507916 0.00141624303068966 0.00113468547351658 0.000960127974394709 0.000902111292816699 -3.4e+38 -3.4e+38 -3.4e+38 -3.4e+38 -3.4e+38 -3.4e+38 -3.4e+38 -3.4e+38 -3.4e+38 -3.4e+38 -3.4e+38 -3.4e+38 -3.4e+38
0.00533801503479481 0.00556858209893107 0.00732986535876989 0.00751628587022424 0.00752427382394671 0.00941529870033264 0.0114775551483035 0.0112354196608067 0.0118028707802296 0.0116410329937935 0.0121926926076412 0.0122286835685372 0.0133531354367733 0.0140940705314279 0.0144226802513003 0.0150013333186507 0.0166576560586691 0.0135799115523696 0.0138360811397433 0.0132245300337672 0.0123354215174913 0.0131043326109648 0.0110322423279285 0.011318919248879 0.00899753626435995 0.0085733225569129 0.00804251991212368 0.00637495424598455 0.00477815233170986 0.00587778026238084 0.00709451362490654 0.00670070573687553 0.00513335829600692 0.00632600206881762 0.00772658362984657 0.00910061690956354 0.00911459885537624 0.00678796507418156 0.00400118296965957 0.00240742531605065 0.00241943309083581 0.00145470513962209 0.00115373451262712 -3.4e+38 -3.4e+38 -3.4e+38 -3.4e+38 -3.4e+38 -3.4e+38 -3.4e+38 -3.4e+38 -3.4e+38 -3.4e+38 -3.4e+38 -3.4e+38 -3.4e+38 -3.4e+38 -3.4e+38
0.00538582215085626 0.00568815274164081 0.00749013759195805 0.00753069808706641 0.00756509881466627 0.00963013060390949 0.00972168613225222 0.0119998110458255 0.0122225834056735 0.0123219517990947 0.0124816913157701 0.0141523135825992 0.0133209023624659 0.0140682552009821 0.0160591471940279 0.0158055033534765 0.0177126470953226 0.0144446566700935 0.0144514469429851 0.0156332850456238 0.0146846799179912 0.012896828353405 0.0109115950763226 0.0116565143689513 0.0107530290260911 0.0124113028869033 0.00985130481421947 0.00936818588525057 0.00767620094120502 0.00434040045365691 0.00530121941119432 0.00532196834683418 0.00636679865419865 0.00795348361134529 0.00772098498418927 0.00941840652376413 0.00469174329191446 0.00233751116320491 0.00196705036796629 0.00176235369872302 0.00150136661250144 0.00108329893555492 -3.4e+38 -3.4e+38 -3.4e+38 -3.4e+38 -3.4e+38 -3.4e+38 -3.4e+38 -3.4e+38 -3.4e+38 -3.4e+38 -3.4e+38 -3.4e+38 -3.4e+38 -3.4e+38 -3.4e+38 -3.4e+38
0.00720091629773378 0.00727108353748918 0.00742043787613511 0.00729454914107919 0.00724355829879642 0.00736660975962877 0.0096634142100811 0.00970431789755821 0.00975360255688429 0.0126006752252579 0.0131984362378716 0.0145510155707598 0.0138222826644778 0.0141810281202197 0.015083035454154 0.0163356047123671 0.0163477696478367 0.0157919321209192 0.0166781786829233 0.013483508490026 0.0128015158697963 0.0120138451457024 0.0138599975034595 0.0129970088601112 0.0124093806371093 0.0117764947935939 0.0102140828967094 0.00827182736247778 0.00608807522803545 0.00370264030061662 0.00540564022958279 0.00535843335092068 0.00657728873193264 0.00637573376297951 0.00582584226503968 0.00555209489539266 0.00257795234210789 0.00140764261595905 0.00152238213922828 0.00149583723396063 0.00136706547345966 -3.4e+38 -3.4e+38 -3.4e+38 -3.4e+38 -3.4e+38 -3.4e+38 -3.4e+38 -3.4e+38 -3.4e+38 -3.4e+38 -3.4e+38 -3.4e+38 -3.4e+38 -3.4e+38 -3.4e+38 -3.4e+38 -3.4e+38
0.00525757670402527 0.00538116879761219 0.00707809301093221 0.00705769611522555 0.00729214353486896 0.00956726726144552 0.00958181638270617 0.0121355904266238 0.0122292749583721 0.0124065764248371 0.0142550757154822 0.01648835465312 0.0145981404930353 0.0156279746443033 0.015486866235733 0.017552575096488 0.0155261848121881 0.0156485512852669 0.0166263412684202 0.0133463740348816 0.0155910681933165 0.0134820081293583 0.0144684854894876 0.0114382142201066 0.0107361376285553 0.0124247977510095 0.0101065123453736 0.00980712566524744 0.0093741100281477 0.00532952789217234 0.00317790219560266 0.00496810954064131 0.0083793206140399 0.0101683577522635 0.00533508695662022 0.00487444829195738 0.00372688425704837 0.00211078394204378 0.00220273900777102 0.00172354211099446 0.00156862533185631 -3.4e+38 -3.4e+38 -3.4e+38 -3.4e+38 -3.4e+38 -3.4e+38 -3.4e+38 -3.4e+38 -3.4e+38 -3.4e+38 -3.4e+38 -3.4e+38 -3.4e+38 -3.4e+38 -3.4e+38 -3.4e+38 -3.4e+38
0.00548749649897218 0.0069593358784914 0.0053384592756629 0.00687721325084567 0.00726399570703506 0.00941376946866512 0.009615876711905 0.0120879979804158 0.0150179788470268 0.0153724374249578 0.0157195068895817 0.0147526422515512 0.0160714220255613 0.0184737797826529 0.0148713383823633 0.0170902609825134 0.0181602742522955 0.0151221230626106 0.0172493569552898 0.0164385065436363 0.0143112437799573 0.0145870540291071 0.0157699640840292 0.0138313062489033 0.0157783012837172 0.01560830604285 0.0142901428043842 0.0149314561858773 0.00780912954360247 0.00549323949962854 0.00374949909746647 0.00439957249909639 0.00662423903122544 0.00819899421185255 0.00564536778256297 0.00951276998966932 0.00416805176064372 0.00203904369845986 0.00224285363219678 0.00206286087632179 -3.4e+38 -3.4e+38 -3.4e+38 -3.4e+38 -3.4e+38 -3.4e+38 -3.4e+38 -3.4e+38 -3.4e+38 -3.4e+38 -3.4e+38 -3.4e+38 -3.4e+38 -3.4e+38 -3.4e+38 -3.4e+38 -3.4e+38 -3.4e+38
0.00703855231404305 0.00711518665775657 0.00707039888948202 0.00690957950428128 0.00927479565143585 0.00948473531752825 0.00951012596487999 0.0121051333844662 0.0139123890548944 0.0147090954706073 0.0154805826023221 0.016939090564847 0.016906201839447 0.0172365214675665 0.0186606869101524 0.0165010038763285 0.0168156865984201 0.0172528307884932 0.0155214313417673 0.0190024357289076 0.0153878256678581 0.018947770819068 0.0172197353094816 0.0181141793727875 0.0228452868759632 0.0197248924523592 0.0184576474130154 0.0123089170083404 0.00972838047891855 0.00932122487574816 0.00622014747932553 0.00568659463897347 0.00613735150545835 0.0103674838319421 0.0124070895835757 0.00918569322675467 0.00353643647395074 0.00265359762124717 0.00198810501024127 -3.4e+38 -3.4e+38 -3.4e+38 -3.4e+38 -3.4e+38 -3.4e+38 -3.4e+38 -3.4e+38 -3.4e+38 -3.4e+38 -3.4e+38 -3.4e+38 -3.4e+38 -3.4e+38 -3.4e+38 -3.4e+38 -3.4e+38 -3.4e+38 -3.4e+38
0.00689222291111946 0.00698988512158394 0.00700737861916423 0.00692943437024951 0.00905139464884996 0.0120012052357197 0.00940119475126266 0.012070638127625 0.0136889824643731 0.0149566372856498 0.0182658806443214 0.0159024763852358 0.0149593027308583 0.0194665808230639 0.0172167327255011 0.0191631745547056 0.0193009451031685 0.0167666897177696 0.0189982671290636 0.0171082578599453 0.0212105568498373 0.018105449154973 0.0190983470529318 0.0182426571846008 0.0185804422944784 0.0163880791515112 0.0179265197366476 0.0149531904608011 0.0148437097668648 0.0115752154961228 0.00885405112057924 0.00500962696969509 0.00235654856078327 0.00257801893167198 0.00292315031401813 0.00328361475840211 0.00282922363840044 0.00317519553937018 0.00306479120627046 -3.4e+38 -3.4e+38 -3.4e+38 -3.4e+38 -3.4e+38 -3.4e+38 -3.4e+38 -3.4e+38 -3.4e+38 -3.4e+38 -3.4e+38 -3.4e+38 -3.4e+38 -3.4e+38 -3.4e+38 -3.4e+38 -3.4e+38 -3.4e+38 -3.4e+38
0.00676724361255765 0.00707074347883463 0.00910917762666941 0.00686652539297938 0.00938924308866262 0.0118380477651954 0.0120096579194069 0.0120675805956125 0.0149026364088058 0.0157682634890079 0.0173623748123646 0.0159206502139568 0.0189691968262196 0.0198126379400492 0.0183073375374079 0.017364950850606 0.0207329895347357 0.0176966432482004 0.0174174197018147 0.0192921981215477 0.0219906307756901 0.0221571177244186 0.017680736258626 0.0177848991006613 0.0168001148849726 0.0136673776432872 0.0134205305948853 0.0103396298363805 0.00931188091635704 0.00674859061837196 0.00475333957001567 0.00435058865696192 0.00275733089074492 0.00296079064719379 0.00332659226842225 0.0037350794300437 0.00301634636707604 0.00268743885681033 -3.4e+38 -3.4e+38 -3.4e+38 -3.4e+38 -3.4e+38 -3.4e+38 -3.4e+38 -3.4e+38 -3.4e+38 -3.4e+38 -3.4e+38 -3.4e+38 -3.4e+38 -3.4e+38 -3.4e+38 -3.4e+38 -3.4e+38 -3.4e+38 -3.4e+38 -3.4e+38
0.00706297485157847 0.00917454250156879 0.0069254394620657 0.00684671849012375 0.00916539784520864 0.0119325863197446 0.0118828918784857 0.0144811179488897 0.0133333522826433 0.0150861693546176 0.0152156855911016 0.0179757103323936 0.0193264186382294 0.0199706945568323 0.01799057982862 0.0207415465265512 0.022023843601346 0.02128816395998 0.0231685787439346 0.025061396881938 0.0216257143765688 0.021033052355051 0.0199508313089609 0.0174090452492237 0.0179769098758698 0.0167043022811413 0.0163125153630972 0.012745775282383 0.00967973936349154 0.00823999848216772 0.00503565091639757 0.00366655341349542 0.00282298773527145 0.00318865175358951 0.00354835414327681 0.00286617712117732 -3.4e+38 -3.4e+38 -3.4e+38 -3.4e+38 -3.4e+38 -3.4e+38 -3.4e+38 -3.4e+38 -3.4e+38 -3.4e+38 -3.4e+38 -3.4e+38 -3.4e+38 -3.4e+38 -3.4e+38 -3.4e+38 -3.4e+38 -3.4e+38 -3.4e+38 -3.4e+38 -3.4e+38 -3.4e+38
0.00915351696312428 0.00688247382640839 0.00680648628622293 0.00865499768406153 0.00882938597351313 0.0116891032084823 0.0126098934561014 0.0132020311430097 0.01333103235811 0.0146800493821502 0.0179864186793566 0.0176811683923006 0.0162118561565876 0.0186291746795177 0.0211055520921946 0.0212567951530218 0.0198345258831978 0.0225976184010506 0.0230343323200941 0.0212323535233736 0.0205242298543453 0.0243822392076254 0.0235591400414705 0.0204437095671892 0.0208558365702629 0.019991310313344 0.020135011523962 0.0191777534782887 0.0125157311558723 0.0065906522795558 0.0063095735386014 0.00555624347180128 0.00499171484261751 0.00417748233303428 0.00341258011758327 -3.4e+38 -3.4e+38 -3.4e+38 -3.4e+38 -3.4e+38 -3.4e+38 -3.4e+38 -3.4e+38 -3.4e+38 -3.4e+38 -3.4e+38 -3.4e+38 -3.4e+38 -3.4e+38 -3.4e+38 -3.4e+38 -3.4e+38 -3.4e+38 -3.4e+38 -3.4e+38 -3.4e+38 -3.4e+38 -3.4e+38
0.00679500913247466 0.00667961919680238 0.00660469755530357 0.00877384655177593 0.00882274471223354 0.0114200385287404 0.0140027822926641 0.0153087545186281 0.0145557746291161 0.016788637265563 0.0152246663346887 0.0194478929042816 0.0188069622963667 0.018979063257575 0.0186680778861046 0.0234104655683041 0.0203307755291462 0.0191355925053358 0.0235378611832857 0.0212521702051163 0.0248214434832335 0.0292824953794479 0.0312841348350048 0.0279896277934313 0.0296105314046144 0.0258318353444338 0.0206385646015406 0.020160460844636 0.0150913791731 0.00936589576303959 0.00458511942997575 0.00461581954732537 0.00377235445193946 0.00375407142564654 -3.4e+38 -3.4e+38 -3.4e+38 -3.4e+38 -3.4e+38 -3.4e+38 -3.4e+38 -3.4e+38 -3.4e+38 -3.4e+38 -3.4e+38 -3.4e+38 -3.4e+38 -3.4e+38 -3.4e+38 -3.4e+38 -3.4e+38 -3.4e+38 -3.4e+38 -3.4e+38 -3.4e+38 -3.4e+38 -3.4e+38 -3.4e+38
0.00666220160201192 0.00669917045161128 0.00662615429610014 0.00854155700653791 0.0090291416272521 0.0116119161248207 0.0115720545873046 0.0149844279512763 0.0149909118190408 0.0145110981538892 0.0155197083950043 0.016621571034193 0.0193016361445189 0.0196870006620884 0.0203298199921846 0.0246874820441008 0.023016232997179 0.0239546336233616 0.0249596424400806 0.0237662177532911 0.0263362880796194 0.0259047299623489 0.0355986393988132 0.0297032743692398 0.0262388773262501 0.0213780682533979 0.0208069551736116 0.0165134072303772 0.019852340221405 0.0136878537014127 0.0102080777287483 0.00663202628493309 0.00508744362741709 -3.4e+38 -3.4e+38 -3.4e+38 -3.4e+38 -3.4e+38 -3.4e+38 -3.4e+38 -3.4e+38 -3.4e+38 -3.4e+38 -3.4e+38 -3.4e+38 -3.4e+38 -3.4e+38 -3.4e+38 -3.4e+38 -3.4e+38 -3.4e+38 -3.4e+38 -3.4e+38 -3.4e+38 -3.4e+38 -3.4e+38 -3.4e+38 -3.4e+38
0.00680703204125166 0.00672971783205867 0.0066174166277051 0.00861698016524315 0.00873046554625034 0.012950056232512 0.0134860938414931 0.013682802207768 0.0139239998534322 0.0152332307770848 0.019273579120636 0.0196417532861233 0.0179876107722521 0.0212671980261803 0.0246870461851358 0.0214514881372452 0.0227767806500196 0.0204737782478333 0.0204714126884937 0.0240086428821087 0.0285649802535772 0.0272988397628069 0.0317751094698906 0.0320211946964264 0.0338052846491337 0.0262199733406305 0.0217071734368801 0.0201821271330118 0.0144403195008636 0.0102832391858101 0.00629750359803438 0.00602748245000839 0.00569960521534085 -3.4e+38 -3.4e+38 -3.4e+38 -3.4e+38 -3.4e+38 -3.4e+38 -3.4e+38 -3.4e+38 -3.4e+38 -3.4e+38 -3.4e+38 -3.4e+38 -3.4e+38 -3.4e+38 -3.4e+38 -3.4e+38 -3.4e+38 -3.4e+38 -3.4e+38 -3.4e+38 -3.4e+38 -3.4e+38 -3.4e+38 -3.4e+38 -3.4e+38
0.00649657752364874 0.00651288777589798 0.00651592435315251 0.00863143615424633 0.0115997670218349 0.0117016350850463 0.014815479516983 0.0138720851391554 0.0141892023384571 0.018924567848444 0.0175289493054152 0.019171005114913 0.0205649044364691 0.0191222410649061 0.0196882747113705 0.0246608164161444 0.0217088628560305 0.0258969832211733 0.0247703287750483 0.0242565274238586 0.0288144797086716 0.0351212732493877 0.0333463400602341 0.0324068516492844 0.0417002774775028 0.0325877256691456 0.0266069397330284 0.0252421367913485 0.0157090649008751 0.0123084438964725 0.00803279224783182 0.00612880988046527 -3.4e+38 -3.4e+38 -3.4e+38 -3.4e+38 -3.4e+38 -3.4e+38 -3.4e+38 -3.4e+38 -3.4e+38 -3.4e+38 -3.4e+38 -3.4e+38 -3.4e+38 -3.4e+38 -3.4e+38 -3.4e+38 -3.4e+38 -3.4e+38 -3.4e+38 -3.4e+38 -3.4e+38 -3.4e+38 -3.4e+38 -3.4e+38 -3.4e+38 -3.4e+38
0.00448725232854486 0.00464281346648932 0.00624227011576295 0.00647019362077117 0.00644894223660231 0.00864670239388943 0.0114458007737994 0.0109989084303379 0.0144987003877759 0.0140715222805738 0.0174288544803858 0.017636151984334 0.0172873437404633 0.0175071097910404 0.0175594575703144 0.021158630028367 0.0209733061492443 0.0257188156247139 0.025572894141078 0.0302724950015545 0.0294196289032698 0.0357836820185184 0.0342283770442009 0.0413793474435806 0.0406119450926781 0.0415714047849178 0.0337758623063564 0.0257081501185894 0.0199039522558451 0.00955928862094879 0.00972743239253759 -3.4e+38 -3.4e+38 -3.4e+38 -3.4e+38 -3.4e+38 -3.4e+38 -3.4e+38 -3.4e+38 -3.4e+38 -3.4e+38 -3.4e+38 -3.4e+38 -3.4e+38 -3.4e+38 -3.4e+38 -3.4e+38 -3.4e+38 -3.4e+38 -3.4e+38 -3.4e+38 -3.4e+38 -3.4e+38 -3.4e+38 -3.4e+38 -3.4e+38 -3.4e+38 -3.4e+38
0.00470113847404718 0.0063958428800106 0.00839732587337494 0.00829819403588772 0.0082921301946044 0.00810431689023972 0.00812402833253145 0.00821941159665585 0.0104806795716286 0.0105965910479426 0.0105860820040107 0.013598115183413 0.0136682530865073 0.0174053255468607 0.0174456816166639 0.0218611098825932 0.0213257614523172 0.0261107664555311 0.0250600669533014 0.0364461950957775 0.0395653136074543 0.0494015738368034 0.0409565567970276 0.0420582704246044 0.0432052277028561 0.0355597324669361 0.033213060349226 0.0299637671560049 0.0158436447381973 0.0137805612757802 0.00989743787795305 -3.4e+38 -3.4e+38 -3.4e+38 -3.4e+38 -3.4e+38 -3.4e+38 -3.4e+38 -3.4e+38 -3.4e+38 -3.4e+38 -3.4e+38 -3.4e+38 -3.4e+38 -3.4e+38 -3.4e+38 -3.4e+38 -3.4e+38 -3.4e+38 -3.4e+38 -3.4e+38 -3.4e+38 -3.4e+38 -3.4e+38 -3.4e+38 -3.4e+38 -3.4e+38 -3.4e+38
0.00652265874668956 0.00874453503638506 0.0111713325604796 0.0086032971739769 0.00846284069120884 0.00847852602601051 0.0106876660138369 0.0106487087905407 0.0107354810461402 0.0104318968951702 0.0104465736076236 0.0132751846686006 0.0132283316925168 0.0169450771063566 0.0167802758514881 0.0212192740291357 0.0258224178105593 0.0308991931378841 0.0305717531591654 0.0351403616368771 0.050255760550499 0.0522838272154331 0.053448747843504 0.0535182729363441 0.0432167947292328 0.0438310950994492 0.0295240618288517 0.0255771651864052 0.0216877199709415 0.0133327096700668 0.0127493077889085 -3.4e+38 -3.4e+38 -3.4e+38 -3.4e+38 -3.4e+38 -3.4e+38 -3.4e+38 -3.4e+38 -3.4e+38 -3.4e+38 -3.4e+38 -3.4e+38 -3.4e+38 -3.4e+38 -3.4e+38 -3.4e+38 -3.4e+38 -3.4e+38 -3.4e+38 -3.4e+38 -3.4e+38 -3.4e+38 -3.4e+38 -3.4e+38 -3.4e+38 -3.4e+38 -3.4e+38
0.0066090221516788 0.00881636887788773 0.0105047486722469 0.0125753898173571 0.0108255948871374 0.0133319655433297 0.0148094864562154 0.0160908456891775 0.0168319307267666 0.0173081066459417 0.0168579686433077 0.0173347406089306 0.017027959227562 0.0169164817780256 0.0214651431888342 0.0213780384510756 0.0208531897515059 0.0317103713750839 0.0378593802452087 0.0459990948438644 0.0510358400642872 0.0538468584418297 0.044151995331049 0.0447643585503101 0.0556250773370266 0.0313884764909744 0.0412097759544849 0.0179297681897879 0.0156815145164728 0.0112628573551774 -3.4e+38 -3.4e+38 -3.4e+38 -3.4e+38 -3.4e+38 -3.4e+38 -3.4e+38 -3.4e+38 -3.4e+38 -3.4e+38 -3.4e+38 -3.4e+38 -3.4e+38 -3.4e+38 -3.4e+38 -3.4e+38 -3.4e+38 -3.4e+38 -3.4e+38 -3.4e+38 -3.4e+38 -3.4e+38 -3.4e+38 -3.4e+38 -3.4e+38 -3.4e+38 -3.4e+38 -3.4e+38
0.00863033346831799 0.00850856024771929 0.00869277212768793 0.0109913200139999 0.0133696747943759 0.0142011437565088 0.0145717300474644 0.015360557474196 0.0192536804825068 0.020226463675499 0.0171574018895626 0.0170934777706861 0.0214695818722248 0.0254707355052233 0.0210385527461767 0.025572894141078 0.0308050010353327 0.0308150947093964 0.0311782490462065 0.0374981686472893 0.0372168458998203 0.0466999225318432 0.0379171520471573 0.0359532386064529 0.0431497022509575 0.0409135594964027 0.0262267030775547 0.0159465204924345 -3.4e+38 -3.4e+38 -3.4e+38 -3.4e+38 -3.4e+38 -3.4e+38 -3.4e+38 -3.4e+38 -3.4e+38 -3.4e+38 -3.4e+38 -3.4e+38 -3.4e+38 -3.4e+38 -3.4e+38 -3.4e+38 -3.4e+38 -3.4e+38 -3.4e+38 -3.4e+38 -3.4e+38 -3.4e+38 -3.4e+38 -3.4e+38 -3.4e+38 -3.4e+38 -3.4e+38 -3.4e+38 -3.4e+38 -3.4e+38
0.00870021246373653 0.0101466914638877 0.0108062149956822 0.0108536379411817 0.0135956900194287 0.0132975075393915 0.013486354611814 0.0162568893283606 0.0197766330093145 0.0196719262748957 0.0243629459291697 0.0206572227180004 0.0249189622700214 0.0255540646612644 0.0255588795989752 0.0313502177596092 0.035763755440712 0.0377426333725452 0.0474670901894569 0.0463102199137211 0.0470141619443893 0.0471542254090309 0.0350105725228786 0.0415102653205395 0.0321912430226803 0.0231895074248314 0.0191928539425135 0.018055347725749 -3.4e+38 -3.4e+38 -3.4e+38 -3.4e+38 -3.4e+38 -3.4e+38 -3.4e+38 -3.4e+38 -3.4e+38 -3.4e+38 -3.4e+38 -3.4e+38 -3.4e+38 -3.4e+38 -3.4e+38 -3.4e+38 -3.4e+38 -3.4e+38 -3.4e+38 -3.4e+38 -3.4e+38 -3.4e+38 -3.4e+38 -3.4e+38 -3.4e+38 -3.4e+38 -3.4e+38 -3.4e+38 -3.4e+38 -3.4e+38
0.00830887723714113 0.00850708782672882 0.010247066617012 0.0122754955664277 0.012489041313529 0.0157291274517775 0.0130833834409714 0.0183244831860065 0.0220404118299484 0.0206965412944555 0.0257825255393982 0.0268901083618402 0.0328899212181568 0.0292145870625973 0.0371702797710896 0.0308305211365223 0.038813941180706 0.0385324284434319 0.0377930849790573 0.0487887784838676 0.0483279973268509 0.0598042197525501 0.0444678589701653 0.0321713052690029 0.0231807939708233 0.01918089017272 0.0261115673929453 0.019415931776166 -3.4e+38 -3.4e+38 -3.4e+38 -3.4e+38 -3.4e+38 -3.4e+38 -3.4e+38 -3.4e+38 -3.4e+38 -3.4e+38 -3.4e+38 -3.4e+38 -3.4e+38 -3.4e+38 -3.4e+38 -3.4e+38 -3.4e+38 -3.4e+38 -3.4e+38 -3.4e+38 -3.4e+38 -3.4e+38 -3.4e+38 -3.4e+38 -3.4e+38 -3.4e+38 -3.4e+38 -3.4e+38 -3.4e+38 -3.4e+38
0.0065152607858181 0.010648887604475 0.0103843873366714 0.0107844695448875 0.0132501544430852 0.0136367864906788 0.0131931668147445 0.019322257488966 0.0188989229500294 0.0214607380330563 0.0290521401911974 0.0269175674766302 0.0325239636003971 0.0397355780005455 0.0471018105745316 0.038668554276228 0.0319403447210789 0.032051794230938 0.0292840320616961 0.0232018362730742 0.0312225297093391 0.0239225402474403 0.0184107329696417 0.0219203699380159 0.0192906353622675 0.0245475582778454 0.0184572245925665 -3.4e+38 -3.4e+38 -3.4e+38 -3.4e+38 -3.4e+38 -3.4e+38 -3.4e+38 -3.4e+38 -3.4e+38 -3.4e+38 -3.4e+38 -3.4e+38 -3.4e+38 -3.4e+38 -3.4e+38 -3.4e+38 -3.4e+38 -3.4e+38 -3.4e+38 -3.4e+38 -3.4e+38 -3.4e+38 -3.4e+38 -3.4e+38 -3.4e+38 -3.4e+38 -3.4e+38 -3.4e+38 -3.4e+38 -3.4e+38 -3.4e+38
0.00843215268105268 0.00838734209537506 0.00812951475381851 0.0106369843706489 0.0130425347015262 0.0155380992218852 0.0157181043177843 0.0195998195558786 0.022969339042902 0.027351301163435 0.0236041117459536 0.0252956748008728 0.0352488234639168 0.0307071469724178 0.030929408967495 0.0386570543050766 0.03939613327384 0.0300278794020414 0.0404468178749084 0.0460290610790253 0.0446685776114464 0.0394925102591515 0.0384688451886177 0.0294793117791414 0.0244131237268448 0.0233534649014473 -3.4e+38 -3.4e+38 -3.4e+38 -3.4e+38 -3.4e+38 -3.4e+38 -3.4e+38 -3.4e+38 -3.4e+38 -3.4e+38 -3.4e+38 -3.4e+38 -3.4e+38 -3.4e+38 -3.4e+38 -3.4e+38 -3.4e+38 -3.4e+38 -3.4e+38 -3.4e+38 -3.4e+38 -3.4e+38 -3.4e+38 -3.4e+38 -3.4e+38 -3.4e+38 -3.4e+38 -3.4e+38 -3.4e+38 -3.4e+38 -3.4e+38 -3.4e+38
0.0104844179004431 0.00824135169386864 0.0104657867923379 0.010473876260221 0.012730035930872 0.0146032404154539 0.0154364267364144 0.0195463988929987 0.023141048848629 0.0269040521234274 0.0204897876828909 0.0256823878735304 0.0253246407955885 0.03128731995821 0.0378913134336472 0.0389662832021713 0.0394223742187023 0.0401744730770588 0.0489390417933464 0.0434455052018166 0.0305952206254005 0.0382505990564823 0.0257952641695738 0.0230787470936775 0.0220695436000824 -3.4e+38 -3.4e+38 -3.4e+38 -3.4e+38 -3.4e+38 -3.4e+38 -3.4e+38 -3.4e+38 -3.4e+38 -3.4e+38 -3.4e+38 -3.4e+38 -3.4e+38 -3.4e+38 -3.4e+38 -3.4e+38 -3.4e+38 -3.4e+38 -3.4e+38 -3.4e+38 -3.4e+38 -3.4e+38 -3.4e+38 -3.4e+38 -3.4e+38 -3.4e+38 -3.4e+38 -3.4e+38 -3.4e+38 -3.4e+38 -3.4e+38 -3.4e+38 -3.4e+38
