data/climate_estimation/maxent_output/Cardiocrinum_giganteum.asc
NCOLS 494 
NROWS 160 
XLLCORNER 79.25 
YLLCORNER 22.5 
CELLSIZE 0.0833333333333333 
NODATA_value -3.4e+38 
[rows 76 to 94 of 160, columns 264 to 307 of 494]
0.797658979892731 0.227671131491661 0.593145668506622 0.434231877326965 0.437810808420181 0.223669469356537 0.217221274971962 0.63363128900528 0.311230927705765 0.670097291469574 0.971632301807404 0.892263770103455 0.967485845088959 0.948165416717529 0.964983522891998 0.954074740409851 0.778858304023743 0.974253952503204 0.946654319763184 0.944044828414917 0.972022593021393 0.971296906471252 0.975127816200256 0.977965116500854 0.96832686662674 0.871893405914307 0.850838124752045 0.770983934402466 0.716627359390259 0.733979165554047 0.750313401222229 0.752539455890656 0.768537521362305 0.804505586624146 0.78627735376358 0.824979186058044 0.845027983188629 0.77847146987915 0.768939793109894 0.743884921073914 0.717796683311462 0.704106628894806 0.702037215232849 0.672985315322876
0.535242557525635 0.238731056451797 0.295049458742142 0.321789860725403 0.232990279793739 0.111579723656178 0.15908670425415 0.627258956432343 0.847882211208344 0.964986860752106 0.966179370880127 0.920131981372833 0.961155593395233 0.960329413414001 0.965933859348297 0.950759410858154 0.756428956985474 0.89766526222229 0.97478061914444 0.973539412021637 0.979903519153595 0.980212450027466 0.976134717464447 0.971067130565643 0.871555626392365 0.905100286006927 0.932407319545746 0.830505430698395 0.789061486721039 0.776106715202332 0.760178923606873 0.776488244533539 0.791045606136322 0.813926339149475 0.788627505302429 0.777607798576355 0.776800572872162 0.751498103141785 0.750944197177887 0.741338729858398 0.711725413799286 0.702822923660278 0.68759548664093 0.658759653568268
0.160576820373535 0.176234349608421 0.306510418653488 0.31093642115593 0.172877252101898 0.118142768740654 0.312173813581467 0.124991871416569 0.169942677021027 0.670081913471222 0.870773613452911 0.955299258232117 0.885890126228333 0.948487102985382 0.822188436985016 0.839050889015198 0.774684548377991 0.830489218235016 0.864679157733917 0.943886339664459 0.979867041110992 0.96789687871933 0.894977152347565 0.945362985134125 0.831309974193573 0.849563479423523 0.861972689628601 0.846002280712128 0.813368558883667 0.818221986293793 0.796358644962311 0.782105445861816 0.792400538921356 0.788332283496857 0.791966497898102 0.770354866981506 0.768085956573486 0.758305728435516 0.737074077129364 0.743075609207153 0.734781682491302 0.720675587654114 0.689657151699066 0.648571252822876
0.167395979166031 0.213989078998566 0.497009187936783 0.452655553817749 0.180368110537529 0.160926938056946 0.211983054876328 0.452493011951447 0.836156487464905 0.933499097824097 0.972710132598877 0.949713945388794 0.907281637191772 0.863031923770905 0.957622528076172 0.957811415195465 0.964743614196777 0.965320527553558 0.935576617717743 0.882707118988037 0.974089384078979 0.920904636383057 0.911566019058228 0.850672483444214 0.942759335041046 0.958706378936768 0.958421289920807 0.892396569252014 0.867541372776031 0.842409729957581 0.823316752910614 0.806502401828766 0.787607431411743 0.766928017139435 0.787292957305908 0.773939788341522 0.74926483631134 0.749540328979492 0.750700414180756 0.746542692184448 0.751871645450592 0.741643190383911 0.70119571685791 0.659912943840027
0.235393062233925 0.673822224140167 0.484676152467728 0.561348497867584 0.197730615735054 0.274512648582458 0.295667588710785 0.21534238755703 0.607259273529053 0.94740754365921 0.96733146905899 0.931869387626648 0.955443859100342 0.937277436256409 0.966370642185211 0.971874058246613 0.972859144210815 0.970560908317566 0.971107542514801 0.950414717197418 0.978465378284454 0.961040794849396 0.935091435909271 0.943033516407013 0.974749028682709 0.971915125846863 0.966731190681458 0.941688120365143 0.863695681095123 0.836567342281342 0.881213128566742 0.798814654350281 0.771920144557953 0.772743821144104 0.805186748504639 0.787442743778229 0.759203851222992 0.747130692005157 0.738699436187744 0.741348505020142 0.735028624534607 0.725912272930145 0.695764482021332 0.655000686645508
0.409737139940262 0.505526304244995 0.8347527384758 0.713545322418213 0.289522141218185 0.19071988761425 0.428638160228729 0.304864674806595 0.773905217647552 0.968292593955994 0.426215708255768 0.587298452854156 0.9638991355896 0.966649830341339 0.96800971031189 0.972703754901886 0.951737344264984 0.905140161514282 0.925310134887695 0.971616864204407 0.937649726867676 0.975667536258698 0.95617800951004 0.967643976211548 0.971706211566925 0.98156875371933 0.971056938171387 0.959132552146912 0.922570049762726 0.837291121482849 0.908760905265808 0.831745505332947 0.806081712245941 0.799464762210846 0.800114035606384 0.75542676448822 0.756211042404175 0.749305725097656 0.743558764457703 0.720312118530273 0.718561351299286 0.714577734470367 0.685834527015686 0.692404806613922
0.313882172107697 0.353692978620529 0.50005167722702 0.943843185901642 0.272644907236099 0.28495466709137 0.624969005584717 0.452461361885071 0.860127687454224 0.699559926986694 0.754781126976013 0.897115170955658 0.958610951900482 0.928537726402283 0.826215863227844 0.967286050319672 0.962307989597321 0.873840510845184 0.885075151920319 0.9591264128685 0.815215110778809 0.978606641292572 0.977011144161224 0.980444848537445 0.958211123943329 0.977443873882294 0.926213204860687 0.875611066818237 0.882023572921753 0.859298169612885 0.943929612636566 0.862382113933563 0.853628933429718 0.863474488258362 0.871927618980408 0.781758785247803 0.74503082036972 0.752400636672974 0.737152338027954 0.718379080295563 0.715615034103394 0.711720287799835 0.695640563964844 0.657553970813751
0.418166488409042 0.71549916267395 0.359995603561401 0.922018945217133 0.838679790496826 0.393713384866714 0.659990787506104 0.477731019258499 0.637964963912964 0.603226959705353 0.834532737731934 0.94186395406723 0.965265452861786 0.895128548145294 0.611489236354828 0.966203391551971 0.944162309169769 0.926027297973633 0.913628876209259 0.969066143035889 0.923733294010162 0.975278079509735 0.967749536037445 0.978232741355896 0.97379344701767 0.951687276363373 0.932292759418488 0.872618615627289 0.945618867874146 0.953872859477997 0.958151876926422 0.914400279521942 0.879449367523193 0.863087177276611 0.937620460987091 0.903610646724701 0.74745500087738 0.741892516613007 0.748085856437683 0.733965396881104 0.708047389984131 0.701404094696045 0.646298944950104 0.662606179714203
0.922151625156403 0.424088835716248 0.399087429046631 0.28709951043129 0.908032894134521 0.884677648544312 0.907916724681854 0.558038532733917 0.63874477148056 0.953762292861938 0.966782510280609 0.972724258899689 0.964845955371857 0.819990158081055 0.889535546302795 0.959786534309387 0.959530532360077 0.973801672458649 0.970798671245575 0.971773087978363 0.931798160076141 0.976311266422272 0.930979549884796 0.974152982234955 0.971400141716003 0.949470341205597 0.944197714328766 0.87745600938797 0.933756053447723 0.942293047904968 0.940085232257843 0.953385353088379 0.93704617023468 0.895120024681091 0.942831039428711 0.954994201660156 0.850741326808929 0.707536458969116 0.686646163463593 0.68025666475296 0.687877953052521 0.686308205127716 0.64530348777771 0.627703726291656
0.552895128726959 0.366959363222122 0.693102061748505 0.756512582302094 0.964105010032654 0.979099094867706 0.892648100852966 0.950509369373322 0.966082036495209 0.713374614715576 0.96808123588562 0.946653246879578 0.963185250759125 0.567266643047333 0.96846079826355 0.927809059619904 0.967487215995789 0.9428631067276 0.971801698207855 0.96702629327774 0.864847242832184 0.968872845172882 0.976453304290771 0.975962340831757 0.951310336589813 0.969302594661713 0.917536914348602 0.890705764293671 0.923086285591125 0.92827308177948 0.924512028694153 0.887157261371613 0.957953870296478 0.957330048084259 0.931878507137299 0.913984060287476 0.921106219291687 0.819307088851929 0.771102905273438 0.669639527797699 0.718361437320709 0.677186369895935 0.677379846572876 0.652118742465973
0.603752315044403 0.421271711587906 0.459590226411819 0.528614282608032 0.975653409957886 0.979465067386627 0.969048321247101 0.954369246959686 0.972137093544006 0.889074981212616 0.946268320083618 0.924322545528412 0.948141098022461 0.797601282596588 0.956043124198914 0.94292289018631 0.957481265068054 0.922390103340149 0.929042041301727 0.796676814556122 0.88043087720871 0.949645340442657 0.969988167285919 0.839490592479706 0.929581522941589 0.964320957660675 0.931179285049438 0.949786901473999 0.950607299804688 0.928001284599304 0.951470375061035 0.884734869003296 0.867169737815857 0.923407137393951 0.8758784532547 0.880917072296143 0.85281640291214 0.80697500705719 0.75637811422348 0.754244863986969 0.690411806106567 0.700682818889618 0.683252811431885 0.610275149345398
0.880160808563232 0.421864330768585 0.89571088552475 0.814205169677734 0.690361738204956 0.982052087783813 0.955758929252625 0.958310306072235 0.975569605827332 0.976785182952881 0.930901765823364 0.907482981681824 0.90040510892868 0.901398301124573 0.937417089939117 0.950007796287537 0.958748936653137 0.958459198474884 0.944931924343109 0.855255901813507 0.970365345478058 0.976195991039276 0.978268980979919 0.873874187469482 0.959424614906311 0.950985848903656 0.950117647647858 0.952609479427338 0.947308003902435 0.942091763019562 0.920473337173462 0.94561493396759 0.921551644802094 0.959021508693695 0.956588864326477 0.924736380577087 0.83338326215744 0.746230185031891 0.774725079536438 0.726359665393829 0.713394582271576 0.689502358436584 0.675558805465698 0.611637711524963
0.968310356140137 0.77437961101532 0.572514951229095 0.972674608230591 0.916408658027649 0.977550387382507 0.966879189014435 0.931751906871796 0.930172383785248 0.948208272457123 0.876743376255035 0.897745847702026 0.940435886383057 0.962204933166504 0.965326964855194 0.960752606391907 0.953028917312622 0.969906985759735 0.955369889736176 0.955173194408417 0.972717523574829 0.976980149745941 0.972166538238525 0.866251885890961 0.972103297710419 0.975190222263336 0.95749843120575 0.940299153327942 0.963460683822632 0.955939531326294 0.948004126548767 0.955557465553284 0.959375083446503 0.956639170646667 0.956438183784485 0.938429176807404 0.830136060714722 0.79102611541748 0.758689701557159 0.692988276481628 0.786321997642517 0.72895622253418 0.664718866348267 0.625220656394958
0.96122670173645 0.950718641281128 0.68679016828537 0.963154017925262 0.970455944538116 0.978916645050049 0.93294370174408 0.927605807781219 0.974464058876038 0.961679458618164 0.913718163967133 0.830626487731934 0.937789559364319 0.954884648323059 0.96790224313736 0.967143595218658 0.959710776805878 0.96936708688736 0.96530282497406 0.974065482616425 0.967331528663635 0.971027076244354 0.971737205982208 0.967851936817169 0.973913729190826 0.97700434923172 0.958876371383667 0.960855424404144 0.972389698028564 0.969698905944824 0.954784274101257 0.93908017873764 0.956336557865143 0.961677193641663 0.953878164291382 0.937090396881104 0.834365963935852 0.813231945037842 0.765456795692444 0.710804164409637 0.787613093852997 0.831471681594849 0.734835386276245 0.676011681556702
0.720356941223145 0.96195524930954 0.710295975208282 0.876632928848267 0.94093930721283 0.940491557121277 0.954169094562531 0.892308294773102 0.971819162368774 0.948156416416168 0.797883629798889 0.815291345119476 0.949260115623474 0.924596965312958 0.932421207427979 0.966054081916809 0.970594048500061 0.96715921163559 0.970686197280884 0.97397118806839 0.958269715309143 0.96513956785202 0.97366738319397 0.893585383892059 0.949113726615906 0.962193965911865 0.968501329421997 0.969427287578583 0.943614542484283 0.959059417247772 0.956900656223297 0.92252653837204 0.956332862377167 0.951573967933655 0.915464222431183 0.889326572418213 0.873827517032623 0.864474058151245 0.771037757396698 0.716223776340485 0.721013307571411 0.744708061218262 0.781753301620483 0.823995292186737
0.698492288589478 0.964338302612305 0.805104851722717 0.962592720985413 0.964479506015778 0.915409684181213 0.939882457256317 0.92358523607254 0.97006356716156 0.871069312095642 0.7226522564888 0.88455855846405 0.942608535289764 0.961372077465057 0.95914763212204 0.950671672821045 0.970093905925751 0.956850111484528 0.968828022480011 0.9728844165802 0.965380132198334 0.971904575824738 0.965191185474396 0.885190486907959 0.949461340904236 0.970382630825043 0.93341201543808 0.924789428710938 0.920595586299896 0.906884789466858 0.954345762729645 0.957077860832214 0.960933148860931 0.947191655635834 0.855605363845825 0.865459024906158 0.901567757129669 0.906187236309052 0.760586202144623 0.747748076915741 0.79059249162674 0.720611870288849 0.821946561336517 0.851986944675446
0.750694692134857 0.963627099990845 0.969219326972961 0.967926144599915 0.951384961605072 0.95470255613327 0.934575855731964 0.935587048530579 0.945688605308533 0.898692965507507 0.812249660491943 0.780458092689514 0.925383985042572 0.957070887088776 0.963896989822388 0.953781187534332 0.942441046237946 0.953490495681763 0.960051655769348 0.965572476387024 0.959051609039307 0.936112403869629 0.949238836765289 0.94076806306839 0.969079732894897 0.967710316181183 0.885903179645538 0.956332981586456 0.968362867832184 0.965366363525391 0.966583847999573 0.957678854465485 0.949723780155182 0.925192177295685 0.911416471004486 0.862994015216827 0.897965788841248 0.901841998100281 0.759059131145477 0.723347306251526 0.773705363273621 0.728338301181793 0.72042053937912 0.812526702880859
0.830710530281067 0.950851559638977 0.947093725204468 0.924092650413513 0.927030980587006 0.942096710205078 0.866642117500305 0.963410675525665 0.946492075920105 0.855883061885834 0.638377904891968 0.721788287162781 0.935804724693298 0.950672030448914 0.958792865276337 0.955610573291779 0.947586834430695 0.965452194213867 0.966541767120361 0.954034984111786 0.950445771217346 0.967752277851105 0.968776702880859 0.971185266971588 0.933910191059113 0.930542469024658 0.873818337917328 0.953822374343872 0.968226134777069 0.965636014938354 0.959507644176483 0.950738251209259 0.953099310398102 0.937948167324066 0.90171891450882 0.872692823410034 0.893683314323425 0.889757812023163 0.851673662662506 0.780359327793121 0.794366836547852 0.781525552272797 0.779786765575409 0.726741075515747
0.963275849819183 0.914570510387421 0.972040355205536 0.882343769073486 0.911370456218719 0.953196167945862 0.931315362453461 0.904059410095215 0.94351726770401 0.927044808864594 0.591028332710266 0.62034285068512 0.853023529052734 0.927421092987061 0.95620983839035 0.926208317279816 0.964113354682922 0.953984379768372 0.963542759418488 0.959224045276642 0.964780569076538 0.970935463905334 0.961901128292084 0.966736555099487 0.966100633144379 0.96053558588028 0.933395206928253 0.831854939460754 0.952591061592102 0.962932407855988 0.959490716457367 0.942833244800568 0.937543749809265 0.94584184885025 0.93240612745285 0.85659658908844 0.872508406639099 0.882967591285706 0.89154326915741 0.87583863735199 0.837675929069519 0.772212982177734 0.842518270015717 0.82800304889679
