data/climate_estimation/maxent_output/Cardiocrinum_cordatum.asc
NCOLS 165 
NROWS 188 
XLLCORNER 131 
YLLCORNER 32.4166666666667 
CELLSIZE 0.0833333333333333 
NODATA_value -3.4e+38 
[rows 156 to 181 of 188, columns 0 to 57 of 165]
-3.4e+38 -3.4e+38 -3.4e+38 -3.4e+38 -3.4e+38 -3.4e+38 -3.4e+38 -3.4e+38 -3.4e+38 -3.4e+38 -3.4e+38 -3.4e+38 -3.4e+38 -3.4e+38 0.545669794082642 0.588167786598206 0.675758063793182 0.686581492424011 0.671604156494141 0.689657092094421 0.765064358711243 0.803053975105286 0.810279130935669 0.811010956764221 0.806489586830139 0.827110826969147 0.814936697483063 0.815669119358063 0.837327480316162 0.833709478378296 0.829239070415497 0.824232578277588 0.820069491863251 0.803177118301392 0.809807360172272 0.618169963359833 0.557776629924774 0.590993702411652 0.650732040405273 0.756399929523468 0.736717104911804 0.827914893627167 0.808959603309631 0.836509525775909 0.833902478218079 0.809770345687866 0.810033023357391 0.608684182167053 0.787933826446533 0.829628705978394 0.831891715526581 0.832772970199585 0.837721586227417 0.794357478618622 0.461054503917694 0.828444004058838 0.514453113079071 0.538646936416626
-3.4e+38 -3.4e+38 -3.4e+38 -3.4e+38 -3.4e+38 -3.4e+38 -3.4e+38 -3.4e+38 -3.4e+38 -3.4e+38 -3.4e+38 -3.4e+38 -3.4e+38 0.508416771888733 0.602793216705322 0.644178509712219 0.676480054855347 0.671355426311493 0.746264815330505 0.699827134609222 0.785261332988739 0.785966753959656 0.787568986415863 0.840022921562195 0.834715902805328 0.835974752902985 0.825282156467438 0.826039850711823 0.825881659984589 0.815677642822266 0.813101172447205 0.809436500072479 0.805899739265442 0.774817585945129 0.801686644554138 0.752737462520599 0.678821325302124 0.58342719078064 0.782666981220245 0.766528129577637 0.699826180934906 0.726273655891418 0.627408683300018 0.677853941917419 0.603007733821869 0.580608606338501 0.607356369495392 0.559569656848907 0.68462598323822 0.734589815139771 0.73492830991745 0.759338319301605 0.734045088291168 0.780982375144958 0.779867053031921 0.755613148212433 0.274618268013 0.327071934938431
-3.4e+38 -3.4e+38 -3.4e+38 -3.4e+38 -3.4e+38 -3.4e+38 -3.4e+38 -3.4e+38 -3.4e+38 -3.4e+38 -3.4e+38 -3.4e+38 0.534913778305054 0.601686477661133 0.673415839672089 0.682176172733307 0.738762617111206 0.742401838302612 0.746503889560699 0.714950621128082 0.698783874511719 0.734754860401154 0.840482890605927 0.83652001619339 0.833387136459351 0.824543416500092 0.824419617652893 0.81817501783371 0.814288556575775 0.809164345264435 0.802044272422791 0.789450705051422 0.79558801651001 0.77828574180603 0.686299324035645 0.656043171882629 0.660879254341125 0.667079448699951 0.746062576770782 0.703302204608917 0.556512773036957 0.684362232685089 0.510543346405029 0.461991667747498 0.485152989625931 0.53585010766983 0.516070544719696 0.518278479576111 0.591633856296539 0.618795931339264 0.621314883232117 0.69736111164093 0.550125181674957 0.675256848335266 0.54820328950882 0.385160505771637 0.255585134029388 0.322771400213242
-3.4e+38 0.412801712751389 -3.4e+38 -3.4e+38 -3.4e+38 -3.4e+38 -3.4e+38 -3.4e+38 -3.4e+38 -3.4e+38 0.751679956912994 0.524878263473511 0.633863925933838 0.699722290039062 0.763085126876831 0.785929203033447 0.797384321689606 0.766597747802734 0.776937007904053 0.745553910732269 0.673991620540619 0.833865284919739 0.820862352848053 0.816781163215637 0.822037100791931 0.820192396640778 0.815919876098633 0.808131992816925 0.805117011070251 0.794014453887939 0.786755740642548 0.77413672208786 0.776326894760132 0.744413614273071 0.616192102432251 0.492416143417358 0.450258731842041 0.523881673812866 0.528412640094757 0.655469715595245 0.511475801467896 0.467968016862869 0.42191806435585 0.377916932106018 0.399679154157639 0.447626858949661 0.497235536575317 0.551636338233948 0.602179110050201 0.788639843463898 0.807231247425079 0.809409379959106 0.382225066423416 0.305368214845657 0.270994812250137 0.254832595586777 0.340438902378082 0.303204268217087
-3.4e+38 -3.4e+38 -3.4e+38 -3.4e+38 -3.4e+38 -3.4e+38 -3.4e+38 -3.4e+38 0.728191435337067 0.726730167865753 0.763002693653107 0.806550264358521 0.637468457221985 0.772520005702972 0.787027835845947 0.768519639968872 0.786099076271057 0.758337438106537 0.715381801128387 0.729001760482788 0.827914893627167 0.821519553661346 0.820489406585693 0.813808739185333 0.810454487800598 0.807930469512939 0.802885234355927 0.801231384277344 0.792765319347382 0.779779255390167 0.773104965686798 0.691787660121918 0.538531064987183 0.460695505142212 0.408161967992783 0.428400307893753 0.372205823659897 0.420327305793762 0.442169457674026 0.426649034023285 0.367152661085129 0.410437196493149 0.420050173997879 -3.4e+38 -3.4e+38 0.460882872343063 0.504135251045227 0.582006454467773 0.609642267227173 0.722159326076508 0.707958936691284 0.487720906734467 0.384763121604919 0.346188873052597 0.288481563329697 0.30431467294693 0.466851651668549 0.301705837249756
-3.4e+38 -3.4e+38 -3.4e+38 -3.4e+38 -3.4e+38 -3.4e+38 0.778521239757538 0.763745784759521 0.780112743377686 0.764250576496124 0.812661647796631 0.822591722011566 0.725133717060089 0.774125397205353 0.770996510982513 0.730718731880188 0.723592400550842 0.716643273830414 0.716440379619598 0.821147739887238 0.812589883804321 0.817317485809326 0.81095016002655 0.806994378566742 0.801289319992065 0.794791281223297 0.789552986621857 0.778974831104279 0.751581728458405 0.640839993953705 0.580217719078064 0.547020852565765 0.399492770433426 0.370666563510895 0.329519033432007 0.328506320714951 0.328270673751831 0.374366700649261 0.360190868377686 -3.4e+38 -3.4e+38 0.417013138532639 0.4397853910923 0.397170573472977 -3.4e+38 -3.4e+38 -3.4e+38 0.626725852489471 0.576800107955933 0.538403511047363 0.472717732191086 -3.4e+38 -3.4e+38 0.476256728172302 0.373764336109161 0.409942269325256 0.448218315839767 0.32114976644516
-3.4e+38 -3.4e+38 -3.4e+38 0.657456159591675 0.726103365421295 0.729227662086487 0.804165482521057 0.809335827827454 0.809144020080566 0.798763453960419 0.817993700504303 0.802706897258759 0.794817984104156 0.769670069217682 0.806129217147827 0.817571640014648 0.810089647769928 0.797087013721466 0.803323745727539 0.80476975440979 0.811274826526642 0.805896043777466 0.801851272583008 0.795698881149292 0.792239189147949 0.77084356546402 0.653999984264374 0.480829805135727 0.406431347131729 0.419380128383636 0.465410888195038 0.433611482381821 0.33686563372612 0.381807923316956 0.352236390113831 0.392762690782547 0.377821713685989 -3.4e+38 0.559741497039795 0.747795403003693 0.511835753917694 -3.4e+38 -3.4e+38 -3.4e+38 -3.4e+38 -3.4e+38 0.689133763313293 0.742581307888031 0.598359405994415 -3.4e+38 -3.4e+38 -3.4e+38 0.576820850372314 0.582862794399261 0.494962275028229 0.458363592624664 0.450321704149246 0.380747646093369
0.568530678749084 -3.4e+38 0.666867554187775 0.63975989818573 0.64224636554718 0.771289706230164 0.801121473312378 0.80662739276886 0.808428645133972 0.81053215265274 0.812881171703339 0.789699673652649 0.778417825698853 0.78399384021759 0.79428493976593 0.810048639774323 0.788121938705444 0.597022950649261 0.746173083782196 0.785960495471954 0.789680361747742 0.782572329044342 0.769552230834961 0.748759627342224 0.760837495326996 0.698646605014801 0.484846234321594 0.452919065952301 0.409263283014297 0.348036974668503 0.382394760847092 0.341919362545013 0.301386028528214 0.339977383613586 0.426569759845734 0.335833251476288 0.4306780397892 0.406793713569641 0.457680970430374 0.565061509609222 0.498623579740524 -3.4e+38 -3.4e+38 -3.4e+38 -3.4e+38 0.622867107391357 0.65794575214386 0.719745516777039 -3.4e+38 -3.4e+38 -3.4e+38 0.54724133014679 0.585553467273712 0.615829885005951 0.607692301273346 0.774020731449127 0.810586988925934 0.569172561168671
0.66056215763092 0.685528874397278 0.688263475894928 0.750690281391144 0.759233176708221 0.775900363922119 0.796711027622223 0.803192377090454 0.803607642650604 0.790231287479401 0.803727090358734 0.796014308929443 0.79694014787674 0.798388004302979 0.807169437408447 0.794725239276886 0.46134215593338 0.36715692281723 0.544657230377197 0.780001878738403 0.741151034832001 0.766572654247284 0.668886661529541 0.473491907119751 0.450069338083267 0.473449528217316 0.348226547241211 0.369547992944717 0.466110527515411 0.326138854026794 0.335607260465622 0.346714645624161 0.388628780841827 0.276877701282501 0.32646170258522 0.49952220916748 0.368213772773743 0.466137140989304 0.470486462116241 0.433427780866623 -3.4e+38 -3.4e+38 -3.4e+38 -3.4e+38 0.49116513133049 0.622620940208435 0.652442395687103 -3.4e+38 -3.4e+38 -3.4e+38 0.520243108272552 0.585820317268372 0.766991317272186 0.807632982730865 0.805611789226532 0.809555649757385 0.802140891551971 0.7850701212883
0.735682666301727 0.751018226146698 0.770257949829102 0.780868828296661 0.78816545009613 0.794587016105652 0.7991983294487 0.801126003265381 0.799383342266083 0.788041412830353 0.778376996517181 0.801722586154938 0.800996899604797 0.794456124305725 0.786358416080475 0.664484202861786 0.504883944988251 0.48333352804184 0.712105810642242 0.759434998035431 0.749041080474854 0.456769585609436 0.407083719968796 0.390744239091873 0.438118398189545 0.408495932817459 0.376371085643768 -3.4e+38 -3.4e+38 -3.4e+38 0.329934418201447 0.309477299451828 0.36803275346756 0.274554222822189 0.348994582891464 0.469853967428207 0.44027504324913 0.506949305534363 0.523849189281464 0.533397972583771 0.453052163124084 -3.4e+38 -3.4e+38 -3.4e+38 0.563450932502747 0.644594013690948 0.759122371673584 0.656433939933777 0.517674803733826 0.578375041484833 0.691102027893066 0.702884197235107 0.782382965087891 0.798662126064301 0.80055433511734 0.809866666793823 0.807442784309387 0.804027736186981
0.696198582649231 0.717105507850647 0.745901703834534 0.749872207641602 0.782988488674164 0.786940097808838 0.777287781238556 0.781001627445221 0.793243825435638 0.800294518470764 0.798421919345856 0.786092519760132 0.773902714252472 0.771561801433563 0.590122938156128 0.486291289329529 0.722609281539917 0.516609191894531 0.523394048213959 0.458664238452911 0.458580613136292 0.387674123048782 0.371737599372864 0.381670594215393 0.42203888297081 0.35188752412796 0.313854068517685 0.360872268676758 -3.4e+38 -3.4e+38 0.309690296649933 0.41048789024353 0.393252849578857 0.438924908638 0.510089516639709 0.599656701087952 0.685034155845642 0.708301544189453 0.717907249927521 0.723929762840271 0.70429515838623 0.736842453479767 0.687421083450317 0.430065035820007 0.512240588665009 0.750605762004852 0.73916894197464 -3.4e+38 -3.4e+38 0.450556844472885 0.478077173233032 0.594652056694031 0.795579373836517 0.799788236618042 0.787399291992188 0.762450814247131 0.776305258274078 0.767230868339539
0.632386982440948 0.70529443025589 0.73667573928833 0.739289104938507 0.721750438213348 0.626496732234955 0.770825743675232 0.777479410171509 0.76881331205368 0.781142711639404 0.787588357925415 0.789771616458893 0.774715781211853 0.751664102077484 0.544729769229889 -3.4e+38 0.531866312026978 0.55216372013092 0.475041478872299 0.412185847759247 0.283650547266006 0.331020325422287 0.281487762928009 0.278482228517532 0.370606034994125 0.312500029802322 0.31784662604332 -3.4e+38 -3.4e+38 -3.4e+38 0.330378174781799 0.398192018270493 0.397507309913635 0.645462095737457 0.731843113899231 0.738868832588196 0.733530640602112 0.737679481506348 0.740835726261139 0.735445022583008 0.721271455287933 0.530294477939606 0.449385911226273 0.402667433023453 -3.4e+38 0.512999832630157 -3.4e+38 -3.4e+38 -3.4e+38 0.597979664802551 0.782272398471832 0.794122517108917 0.798159241676331 0.794766247272491 0.772337794303894 0.744356870651245 0.760106682777405 0.774530053138733
0.458562463521957 0.560741066932678 0.559941709041595 0.587372124195099 0.479797869920731 0.468232244253159 0.461875915527344 0.64156299829483 0.45624178647995 0.47570538520813 0.66705983877182 0.685957670211792 0.685670614242554 0.70857173204422 0.637396335601807 -3.4e+38 0.417620748281479 0.338548600673676 0.354822039604187 0.293632239103317 -3.4e+38 0.388896346092224 0.550870776176453 0.348284393548965 0.257767379283905 -3.4e+38 -3.4e+38 -3.4e+38 -3.4e+38 -3.4e+38 0.366027742624283 0.678080439567566 0.738310217857361 0.74472439289093 0.743707239627838 0.741362333297729 0.736689448356628 0.735562443733215 0.74448150396347 0.737481117248535 0.736321210861206 0.658845961093903 0.552674353122711 0.500880300998688 -3.4e+38 -3.4e+38 -3.4e+38 -3.4e+38 -3.4e+38 0.562211751937866 0.702891707420349 0.787659108638763 0.794866561889648 0.768581748008728 0.74033910036087 0.736664474010468 0.771218836307526 0.78869217634201
0.37102335691452 0.432471483945847 0.449414849281311 0.492309182882309 0.446744590997696 0.431840509176254 0.430526077747345 0.37885919213295 0.36418554186821 0.413281291723251 0.470087736845016 0.465164035558701 0.457110494375229 0.536271870136261 0.619029343128204 0.609474956989288 0.422005593776703 0.418696343898773 0.327526152133942 0.362012594938278 0.309451192617416 0.541821897029877 0.756928265094757 0.755805492401123 0.402451008558273 0.32641327381134 0.37405788898468 0.393573075532913 0.636775434017181 0.752827227115631 0.748332440853119 0.747365474700928 0.746780097484589 0.75004369020462 0.721273481845856 0.701037645339966 0.729429721832275 0.724147796630859 0.724809467792511 0.734117805957794 0.744373083114624 0.753532111644745 0.737213671207428 0.53392106294632 0.525418698787689 -3.4e+38 -3.4e+38 -3.4e+38 0.627163231372833 0.725991308689117 0.771763145923615 0.777235984802246 0.792866826057434 0.783971965312958 0.772184073925018 0.755454003810883 0.788739383220673 0.791585922241211
0.334050059318542 -3.4e+38 -3.4e+38 -3.4e+38 -3.4e+38 -3.4e+38 -3.4e+38 -3.4e+38 -3.4e+38 -3.4e+38 -3.4e+38 0.348775655031204 0.392706483602524 0.565889298915863 0.716825902462006 0.488143563270569 0.445196986198425 -3.4e+38 0.308649241924286 -3.4e+38 0.305061817169189 0.534300446510315 0.756910741329193 0.753485023975372 0.58860969543457 0.623179793357849 0.741082668304443 0.739631593227386 0.718289077281952 0.730543911457062 0.724157750606537 0.729027926921844 0.726714074611664 0.735508978366852 0.713574171066284 0.694658517837524 0.690992474555969 0.692172229290009 0.704479932785034 0.710749924182892 0.727340281009674 0.751744210720062 0.724331796169281 0.629075109958649 0.557746052742004 0.534792542457581 -3.4e+38 -3.4e+38 0.635918259620667 0.686990439891815 0.702783405780792 0.74834531545639 0.766332983970642 0.775271534919739 0.763008713722229 0.751592457294464 0.762757241725922 0.76939332485199
0.324699193239212 -3.4e+38 -3.4e+38 -3.4e+38 -3.4e+38 -3.4e+38 -3.4e+38 -3.4e+38 -3.4e+38 -3.4e+38 -3.4e+38 0.527430951595306 0.378971993923187 0.410114616155624 0.522225320339203 0.368702948093414 -3.4e+38 -3.4e+38 -3.4e+38 -3.4e+38 0.302117228507996 0.356841802597046 0.638667225837708 0.749482810497284 0.743074357509613 0.722236514091492 0.70946079492569 0.708697199821472 0.722767531871796 0.736154735088348 0.741938173770905 0.746927618980408 0.73814594745636 0.726077556610107 0.702298402786255 0.693597793579102 0.694105625152588 0.707880556583405 0.720488131046295 0.721458315849304 0.728313744068146 0.709820568561554 0.705658078193665 0.677804112434387 0.695786416530609 -3.4e+38 -3.4e+38 -3.4e+38 -3.4e+38 -3.4e+38 0.675904452800751 0.694836258888245 0.712798774242401 0.74158102273941 0.742829978466034 0.740656614303589 0.742872416973114 0.729692399501801
0.338441371917725 -3.4e+38 -3.4e+38 -3.4e+38 -3.4e+38 -3.4e+38 0.385647714138031 0.359561949968338 0.360304921865463 -3.4e+38 -3.4e+38 -3.4e+38 -3.4e+38 0.377456605434418 -3.4e+38 -3.4e+38 -3.4e+38 -3.4e+38 -3.4e+38 0.667723596096039 0.708447337150574 0.749875128269196 0.753603339195251 0.74204295873642 0.736989796161652 0.71075040102005 0.721407353878021 0.735970914363861 0.731356084346771 0.746669232845306 0.744150936603546 0.737847864627838 0.73426342010498 0.725189924240112 0.739088416099548 0.722486972808838 0.701642513275146 0.70636385679245 0.714182674884796 0.707299292087555 0.700126528739929 0.671424210071564 0.626601576805115 -3.4e+38 -3.4e+38 -3.4e+38 -3.4e+38 -3.4e+38 -3.4e+38 -3.4e+38 -3.4e+38 -3.4e+38 0.571567416191101 0.658207356929779 0.699149787425995 0.704105198383331 0.705862879753113 0.707349538803101
0.509447157382965 0.368281692266464 0.328888475894928 0.326562106609344 -3.4e+38 0.379313498735428 0.650977969169617 0.648390531539917 0.370127975940704 -3.4e+38 -3.4e+38 -3.4e+38 -3.4e+38 -3.4e+38 -3.4e+38 -3.4e+38 -3.4e+38 0.537513434886932 0.757733583450317 0.76152092218399 0.746304869651794 0.760640144348145 0.752793967723846 0.755727052688599 0.733608484268188 0.748580098152161 0.750232696533203 0.764705121517181 0.763048052787781 0.764945805072784 0.762684762477875 0.724781155586243 0.71403181552887 0.71600466966629 0.718777120113373 0.712714433670044 0.704431474208832 0.6970055103302 0.685593008995056 0.632811963558197 0.58219450712204 0.554262697696686 -3.4e+38 -3.4e+38 -3.4e+38 -3.4e+38 -3.4e+38 -3.4e+38 -3.4e+38 -3.4e+38 -3.4e+38 -3.4e+38 0.581216931343079 0.627060770988464 0.661978960037231 0.66461855173111 0.660407364368439 0.64441454410553
0.787167489528656 0.725264549255371 0.437888354063034 0.370028495788574 0.385852932929993 0.520846962928772 0.693810999393463 0.730806946754456 0.415773123502731 -3.4e+38 -3.4e+38 -3.4e+38 -3.4e+38 -3.4e+38 -3.4e+38 -3.4e+38 0.728844165802002 0.752575159072876 0.588564395904541 0.644981145858765 0.717973351478577 0.758162915706635 0.725155711174011 0.722910761833191 0.745400369167328 0.753163933753967 0.766621589660645 0.666948974132538 0.659460783004761 0.502032697200775 0.404985636472702 0.393766969442368 0.449591398239136 0.644175291061401 0.669524490833282 0.661208033561707 0.669611096382141 0.666761457920074 0.645087659358978 0.531131029129028 0.502663195133209 -3.4e+38 -3.4e+38 -3.4e+38 -3.4e+38 -3.4e+38 -3.4e+38 -3.4e+38 -3.4e+38 -3.4e+38 -3.4e+38 -3.4e+38 0.526989638805389 0.555654883384705 0.598911702632904 0.587941706180573 0.554511666297913 0.521421253681183
0.792877316474915 0.759255230426788 0.749448239803314 0.719147980213165 0.678475916385651 0.687601685523987 0.693993151187897 0.586438059806824 0.399412095546722 -3.4e+38 -3.4e+38 -3.4e+38 -3.4e+38 0.353568375110626 0.644980788230896 0.440748900175095 0.472003310918808 0.706433415412903 0.717412292957306 0.709238886833191 0.706708610057831 0.754797279834747 0.730088114738464 0.731921136379242 0.727724015712738 0.749741435050964 0.755037724971771 0.729681670665741 0.510314285755157 0.413718283176422 0.35638353228569 -3.4e+38 -3.4e+38 -3.4e+38 0.495768368244171 0.602539241313934 0.5944544672966 0.642402589321136 0.599321067333221 0.500783622264862 -3.4e+38 -3.4e+38 -3.4e+38 -3.4e+38 -3.4e+38 -3.4e+38 -3.4e+38 -3.4e+38 -3.4e+38 -3.4e+38 -3.4e+38 -3.4e+38 -3.4e+38 -3.4e+38 -3.4e+38 0.455100417137146 0.447240322828293 0.435639411211014
0.782523632049561 0.781332194805145 0.780404090881348 0.766933798789978 0.756182551383972 0.74983948469162 0.505830228328705 0.33395853638649 0.335850924253464 -3.4e+38 -3.4e+38 -3.4e+38 0.316678404808044 0.510181069374084 0.346532791852951 -3.4e+38 0.442282944917679 0.696504175662994 0.737262904644012 0.704599857330322 0.706240117549896 0.745927572250366 0.746291697025299 0.748340427875519 0.745359778404236 0.721516072750092 0.715885877609253 0.440204620361328 0.419228851795197 0.343736231327057 -3.4e+38 -3.4e+38 -3.4e+38 -3.4e+38 -3.4e+38 -3.4e+38 0.547880113124847 0.55940842628479 0.487379103899002 -3.4e+38 -3.4e+38 -3.4e+38 -3.4e+38 -3.4e+38 -3.4e+38 -3.4e+38 -3.4e+38 -3.4e+38 -3.4e+38 -3.4e+38 -3.4e+38 -3.4e+38 -3.4e+38 -3.4e+38 -3.4e+38 -3.4e+38 -3.4e+38 -3.4e+38
0.781994342803955 0.784386038780212 0.783624112606049 0.768226742744446 0.768290340900421 0.766052961349487 0.460924476385117 0.275087058544159 0.293612062931061 -3.4e+38 0.397304236888885 0.314263254404068 -3.4e+38 -3.4e+38 -3.4e+38 -3.4e+38 0.548541128635406 0.599226236343384 0.703028440475464 0.680983245372772 0.647423565387726 0.729245245456696 0.732738494873047 0.712761104106903 0.714154124259949 0.719848096370697 0.678185284137726 0.404186546802521 -3.4e+38 -3.4e+38 -3.4e+38 -3.4e+38 -3.4e+38 -3.4e+38 -3.4e+38 -3.4e+38 -3.4e+38 0.431305855512619 0.405255973339081 -3.4e+38 -3.4e+38 -3.4e+38 -3.4e+38 -3.4e+38 -3.4e+38 -3.4e+38 -3.4e+38 -3.4e+38 -3.4e+38 -3.4e+38 -3.4e+38 -3.4e+38 -3.4e+38 -3.4e+38 -3.4e+38 -3.4e+38 -3.4e+38 -3.4e+38
0.795242846012115 0.777537286281586 0.780753433704376 0.767967641353607 0.776120543479919 0.716123402118683 0.46251916885376 0.340414136648178 0.393758863210678 0.577934443950653 0.4422367811203 -3.4e+38 -3.4e+38 -3.4e+38 -3.4e+38 0.525801539421082 0.437772363424301 0.435390681028366 0.608412742614746 0.731412947177887 0.716475248336792 0.698155879974365 0.702994763851166 0.706235289573669 0.705289304256439 0.685848474502563 0.647232234477997 0.358980357646942 -3.4e+38 -3.4e+38 -3.4e+38 -3.4e+38 -3.4e+38 -3.4e+38 -3.4e+38 -3.4e+38 -3.4e+38 -3.4e+38 0.362044423818588 -3.4e+38 -3.4e+38 -3.4e+38 -3.4e+38 -3.4e+38 -3.4e+38 -3.4e+38 -3.4e+38 -3.4e+38 -3.4e+38 -3.4e+38 -3.4e+38 -3.4e+38 -3.4e+38 -3.4e+38 -3.4e+38 -3.4e+38 -3.4e+38 -3.4e+38
0.794983625411987 0.776207566261292 0.744694888591766 0.745455622673035 0.779754042625427 0.760002017021179 0.752110362052917 0.607971549034119 0.581272482872009 0.491450518369675 0.479734748601913 0.336796998977661 0.340681284666061 -3.4e+38 -3.4e+38 0.454268366098404 -3.4e+38 0.660583972930908 0.664906799793243 0.704159677028656 0.720807075500488 0.667832553386688 0.704425990581512 0.68011599779129 0.672217547893524 0.590921521186829 0.443198561668396 -3.4e+38 -3.4e+38 -3.4e+38 -3.4e+38 -3.4e+38 -3.4e+38 -3.4e+38 -3.4e+38 -3.4e+38 -3.4e+38 -3.4e+38 -3.4e+38 -3.4e+38 -3.4e+38 -3.4e+38 -3.4e+38 -3.4e+38 -3.4e+38 -3.4e+38 -3.4e+38 -3.4e+38 -3.4e+38 -3.4e+38 -3.4e+38 -3.4e+38 -3.4e+38 -3.4e+38 -3.4e+38 -3.4e+38 -3.4e+38 -3.4e+38
0.781002461910248 0.777736246585846 0.764549434185028 0.772993385791779 0.776315212249756 0.762946724891663 0.690638244152069 0.548024237155914 0.590139865875244 0.706375658512115 0.626926183700562 0.420292645692825 0.359773904085159 -3.4e+38 -3.4e+38 -3.4e+38 0.494270861148834 0.579614877700806 0.711025893688202 0.678092360496521 0.674185633659363 0.666389644145966 0.608920991420746 0.570106267929077 0.551696419715881 0.507603526115417 -3.4e+38 -3.4e+38 -3.4e+38 -3.4e+38 -3.4e+38 -3.4e+38 -3.4e+38 -3.4e+38 -3.4e+38 -3.4e+38 -3.4e+38 -3.4e+38 -3.4e+38 -3.4e+38 -3.4e+38 -3.4e+38 -3.4e+38 -3.4e+38 -3.4e+38 -3.4e+38 -3.4e+38 -3.4e+38 -3.4e+38 -3.4e+38 -3.4e+38 -3.4e+38 -3.4e+38 -3.4e+38 -3.4e+38 -3.4e+38 -3.4e+38 -3.4e+38
0.796522974967957 0.788312375545502 0.775863349437714 0.781029164791107 0.745613992214203 0.699247777462006 0.684305369853973 0.72385561466217 0.717329740524292 0.646422803401947 0.472663164138794 0.482273608446121 0.499671965837479 0.438815623521805 -3.4e+38 -3.4e+38 -3.4e+38 0.616505682468414 0.578531861305237 0.602539658546448 0.588918745517731 0.565825581550598 0.574060201644897 0.515124976634979 0.426998853683472 -3.4e+38 -3.4e+38 -3.4e+38 -3.4e+38 -3.4e+38 -3.4e+38 -3.4e+38 -3.4e+38 -3.4e+38 -3.4e+38 -3.4e+38 -3.4e+38 -3.4e+38 -3.4e+38 -3.4e+38 -3.4e+38 -3.4e+38 -3.4e+38 -3.4e+38 -3.4e+38 -3.4e+38 -3.4e+38 -3.4e+38 -3.4e+38 -3.4e+38 -3.4e+38 -3.4e+38 -3.4e+38 -3.4e+38 -3.4e+38 -3.4e+38 -3.4e+38 -3.4e+38
