data/climate_estimation/maxent_output/Cardiocrinum_cathayanum.asc
NCOLS 225 
NROWS 132 
XLLCORNER 102.666666666667 
YLLCORNER 23.25 
CELLSIZE 0.0833333333333333 
NODATA_value -3.4e+38 
[rows 40 to 59 of 132, columns 132 to 175 of 225]
0.47597137093544 0.510660290718079 0.617964506149292 0.72743958234787 0.787102580070496 0.909763991832733 0.917247295379639 0.967596352100372 0.973284780979156 0.978433430194855 0.964308500289917 0.965912580490112 0.967410326004028 0.961897194385529 0.963462293148041 0.964093446731567 0.95412415266037 0.924940168857574 0.961477279663086 0.955133140087128 0.942084610462189 0.941558480262756 0.913509130477905 0.912631094455719 0.901110053062439 0.918441593647003 0.861160755157471 0.827387869358063 0.737159371376038 0.725709974765778 0.823485612869263 0.828199028968811 0.845150947570801 0.758241057395935 0.900152683258057 0.925601184368134 0.969180047512054 0.984789431095123 0.984448432922363 0.987774431705475 0.98566609621048 0.986204981803894 0.98170131444931 0.981822907924652
0.526623070240021 0.617010354995728 0.72809499502182 0.793744027614594 0.866678476333618 0.936127841472626 0.950867176055908 0.951748430728912 0.965254127979279 0.970677852630615 0.97110390663147 0.971276998519897 0.972630500793457 0.969154238700867 0.968271613121033 0.964635729789734 0.95382821559906 0.952031850814819 0.967113316059113 0.961150705814362 0.952875912189484 0.934002041816711 0.910214722156525 0.913178384304047 0.910866916179657 0.905313730239868 0.850939214229584 0.897053837776184 0.832298099994659 0.735462486743927 0.868358790874481 0.805243194103241 0.819922029972076 0.788941025733948 0.919187903404236 0.964386224746704 0.983295202255249 0.985361874103546 0.987093269824982 0.985918343067169 0.987019062042236 0.985159814357758 0.976031064987183 0.965407371520996
0.622569441795349 0.667653977870941 0.775029063224792 0.870087504386902 0.931952655315399 0.944349944591522 0.953551471233368 0.958299517631531 0.968330323696136 0.971802651882172 0.972173988819122 0.974980175495148 0.975146353244781 0.972974479198456 0.976223230361938 0.972098469734192 0.97284346818924 0.972923040390015 0.97077465057373 0.954803884029388 0.949517071247101 0.913170635700226 0.90928441286087 0.914019882678986 0.895371377468109 0.831008672714233 0.898604989051819 0.893489301204681 0.861723065376282 0.747080445289612 0.838047206401825 0.893862009048462 0.900671064853668 0.866149246692657 0.957621812820435 0.98217386007309 0.982015252113342 0.987549185752869 0.986294507980347 0.984125733375549 0.983046650886536 0.968249142169952 0.969672679901123 0.968860268592834
0.647682070732117 0.759289383888245 0.851059675216675 0.933457791805267 0.943861305713654 0.95487254858017 0.95719963312149 0.96282571554184 0.96966552734375 0.971078336238861 0.973602771759033 0.973682582378387 0.978445649147034 0.975497484207153 0.977431297302246 0.975010991096497 0.972582876682281 0.972686767578125 0.969287157058716 0.959695279598236 0.96129959821701 0.936336934566498 0.934330463409424 0.915962219238281 0.862509369850159 0.837764620780945 0.869107246398926 0.906986176967621 0.894157350063324 0.85574597120285 0.841177403926849 0.84520024061203 0.885733067989349 0.947227478027344 0.979884386062622 0.98257440328598 0.984734117984772 0.983351647853851 0.980704367160797 0.983238518238068 0.95478630065918 0.971007168292999 0.969276309013367 0.961515724658966
0.732404828071594 0.829087734222412 0.909431874752045 0.940904080867767 0.95084810256958 0.954048633575439 0.959067344665527 0.964449942111969 0.96890527009964 0.97275722026825 0.971741795539856 0.977992653846741 0.97707599401474 0.973889946937561 0.974036931991577 0.97490406036377 0.970259070396423 0.969045877456665 0.960912764072418 0.958289980888367 0.958308935165405 0.949730515480042 0.912009298801422 0.873659551143646 0.823070168495178 0.91408896446228 0.914128661155701 0.913536429405212 0.914788782596588 0.912736058235168 0.919056832790375 0.874063074588776 0.912561058998108 0.95705646276474 0.963196814060211 0.967312395572662 0.965327203273773 0.961101591587067 0.961851239204407 0.958362340927124 0.961633026599884 0.964805960655212 0.962787806987762 0.954536557197571
0.791198492050171 0.88036835193634 0.927806258201599 0.938529431819916 0.945026516914368 0.955621600151062 0.959261536598206 0.964798986911774 0.970231950283051 0.971162080764771 0.96872740983963 0.972863018512726 0.975015580654144 0.971592664718628 0.971279203891754 0.966679275035858 0.967785477638245 0.963092505931854 0.96199107170105 0.960764586925507 0.953417420387268 0.951307535171509 0.884864091873169 0.914386093616486 0.909375965595245 0.928527414798737 0.849443852901459 0.810427367687225 0.838398158550262 0.882400274276733 0.911421656608582 0.933005809783936 0.945429027080536 0.950299799442291 0.960295021533966 0.964526295661926 0.961048364639282 0.957572281360626 0.954792320728302 0.950400114059448 0.947959065437317 0.953886926174164 0.953305423259735 0.942966878414154
0.839934110641479 0.90933758020401 0.930868148803711 0.942124783992767 0.952002942562103 0.955583214759827 0.961217820644379 0.965673685073853 0.970940291881561 0.972915232181549 0.969255149364471 0.971690773963928 0.973624110221863 0.968911409378052 0.967652499675751 0.965975284576416 0.966008305549622 0.960281372070312 0.960336327552795 0.949256300926208 0.941611647605896 0.950754880905151 0.932176351547241 0.931596338748932 0.931631088256836 0.917988836765289 0.870981097221375 0.887058258056641 0.833577930927277 0.864213526248932 0.928666591644287 0.93686854839325 0.936951518058777 0.931375026702881 0.95247745513916 0.95602560043335 0.954037129878998 0.950349986553192 0.945523321628571 0.94370299577713 0.945342659950256 0.94497686624527 0.939864218235016 0.925936579704285
0.877231597900391 0.919746875762939 0.931176781654358 0.940447211265564 0.94901442527771 0.958969831466675 0.959783732891083 0.965937614440918 0.965629279613495 0.967951238155365 0.971671283245087 0.97014856338501 0.970128297805786 0.96488618850708 0.965975284576416 0.960128128528595 0.964231848716736 0.959786355495453 0.955647528171539 0.949487090110779 0.954407572746277 0.954374074935913 0.943886578083038 0.946695327758789 0.948038458824158 0.873411536216736 0.814062833786011 0.877386808395386 0.934699773788452 0.940572798252106 0.936185598373413 0.934556066989899 0.934556066989899 0.937346577644348 0.94659298658371 0.951989054679871 0.947252452373505 0.945314824581146 0.942399084568024 0.940420269966125 0.942500650882721 0.942262232303619 0.907682359218597 0.881542980670929
0.900810301303864 0.920585036277771 0.93156373500824 0.942961096763611 0.952376186847687 0.95936119556427 0.96534276008606 0.963999927043915 0.965391993522644 0.96787166595459 0.967802345752716 0.966152608394623 0.967355787754059 0.964987933635712 0.957467436790466 0.953307867050171 0.955374538898468 0.953566074371338 0.959841668605804 0.954954266548157 0.953683316707611 0.951986134052277 0.936824083328247 0.920924544334412 0.868359088897705 0.797725975513458 0.87151563167572 0.912537097930908 0.936294674873352 0.939144849777222 0.940936088562012 0.936885952949524 0.936785697937012 0.930304348468781 0.932920813560486 0.93927788734436 0.937238872051239 0.935517847537994 0.939655601978302 0.934547066688538 0.925211071968079 0.922953128814697 0.913112938404083 0.886396825313568
0.905894339084625 0.917479157447815 0.931614518165588 0.94244122505188 0.950742423534393 0.957906067371368 0.964274406433105 0.96216356754303 0.962254643440247 0.963869273662567 0.965083599090576 0.966575264930725 0.954455435276031 0.960614264011383 0.958797693252563 0.958841562271118 0.961297154426575 0.956659317016602 0.956678748130798 0.956711053848267 0.958317875862122 0.953996002674103 0.952366530895233 0.94076406955719 0.917223513126373 0.916960656642914 0.935457348823547 0.943003296852112 0.93112176656723 0.937692582607269 0.935256958007812 0.932486057281494 0.92854243516922 0.92867773771286 0.918563365936279 0.921546876430511 0.924410223960876 0.928241848945618 0.929953992366791 0.908881783485413 0.887814283370972 0.884492218494415 0.872648000717163 0.709598064422607
0.90634673833847 0.923586487770081 0.932067275047302 0.940800189971924 0.950817465782166 0.955413103103638 0.964684307575226 0.9648597240448 0.964961051940918 0.95949923992157 0.962134838104248 0.962396383285522 0.951214969158173 0.957756638526917 0.958678483963013 0.9433913230896 0.949021220207214 0.942241609096527 0.946197628974915 0.951201200485229 0.952880918979645 0.951089203357697 0.951455891132355 0.939368486404419 0.943213641643524 0.94659012556076 0.948422729969025 0.944949209690094 0.944826662540436 0.943147778511047 0.937198877334595 0.937215566635132 0.930919647216797 0.923973917961121 0.91982090473175 0.909247100353241 0.90444940328598 0.906040966510773 0.870915174484253 0.816735148429871 0.854276537895203 0.82750016450882 0.802255809307098 0.722386360168457
0.908137559890747 0.919907867908478 0.930066108703613 0.942479312419891 0.949308037757874 0.95776379108429 0.959524631500244 0.959325969219208 0.959456503391266 0.960741758346558 0.960587978363037 0.956059157848358 0.944154262542725 0.918373703956604 0.945381104946136 0.894572377204895 0.938905358314514 0.930338621139526 0.927342534065247 0.933440744876862 0.948341250419617 0.948355734348297 0.954031109809875 0.948684930801392 0.950854063034058 0.950663089752197 0.946943521499634 0.948835372924805 0.948674380779266 0.941376566886902 0.941480457782745 0.935336887836456 0.928878366947174 0.922073006629944 0.919140458106995 0.912409722805023 0.896323621273041 0.830516338348389 0.79984050989151 0.845227897167206 0.849343121051788 0.769375860691071 0.654850125312805 0.682623505592346
0.913826882839203 0.92461484670639 0.937757253646851 0.942823052406311 0.947767496109009 0.95550948381424 0.957122802734375 0.954597890377045 0.95308530330658 0.954407572746277 0.947901487350464 0.930720925331116 0.908934652805328 0.92293643951416 0.929921984672546 0.948288202285767 0.953153312206268 0.953241348266602 0.956051170825958 0.959937870502472 0.955058574676514 0.943745911121368 0.951915085315704 0.952777743339539 0.948641836643219 0.949147939682007 0.941964089870453 0.942126572132111 0.943908452987671 0.939365565776825 0.939267218112946 0.926951706409454 0.926942586898804 0.920159816741943 0.910368919372559 0.899948358535767 0.878354668617249 0.862918376922607 0.827607572078705 0.849463403224945 0.792308986186981 0.762899041175842 0.780528783798218 0.824947118759155
0.915755212306976 0.922632098197937 0.935061037540436 0.937780857086182 0.941875517368317 0.955779135227203 0.947923421859741 0.945542871952057 0.951185524463654 0.940815806388855 0.918774664402008 0.890481173992157 0.9338059425354 0.936317801475525 0.936317801475525 0.943143129348755 0.953376352787018 0.961629331111908 0.959913432598114 0.943896472454071 0.952764511108398 0.934855937957764 0.932249844074249 0.947593569755554 0.949191331863403 0.944057703018188 0.943037927150726 0.931746423244476 0.935696125030518 0.94482034444809 0.933368802070618 0.924393951892853 0.917899906635284 0.913555383682251 0.90840470790863 0.852458715438843 0.870522558689117 0.849954724311829 0.869651257991791 0.816563963890076 0.810542225837708 0.811441898345947 0.831181049346924 0.839912831783295
0.913480401039124 0.922998547554016 0.935308933258057 0.941933274269104 0.938016831874847 0.914149880409241 0.900239169597626 0.923580288887024 0.932727038860321 0.906768083572388 0.867833733558655 0.90883082151413 0.938194930553436 0.927661895751953 0.924688160419464 0.941003561019897 0.940086603164673 0.94221818447113 0.942024886608124 0.946480751037598 0.928477466106415 0.887270390987396 0.922094821929932 0.932686746120453 0.942082107067108 0.938266694545746 0.93799614906311 0.933558642864227 0.928683638572693 0.932624936103821 0.92674595117569 0.917146444320679 0.892857372760773 0.881809651851654 0.873186111450195 0.85614949464798 0.870049118995667 0.881186723709106 0.85729044675827 0.830594182014465 0.792095065116882 0.779767036437988 0.835510730743408 0.83945643901825
0.911422073841095 0.91423898935318 0.901636362075806 0.898194432258606 0.919737637042999 0.900388896465302 0.877670586109161 0.914011895656586 0.932769596576691 0.940883636474609 0.937392175197601 0.923696994781494 0.926116406917572 0.917155086994171 0.929504156112671 0.941503286361694 0.942272186279297 0.936853647232056 0.92479395866394 0.892904102802277 0.888560593128204 0.882496356964111 0.933445036411285 0.963190257549286 0.954163074493408 0.953459799289703 0.951219618320465 0.908337891101837 0.878708720207214 0.909925997257233 0.912379384040833 0.903231918811798 0.861539483070374 0.85866105556488 0.879213750362396 0.873996376991272 0.878826200962067 0.881706357002258 0.857600688934326 0.831661999225616 0.793877720832825 0.780025899410248 0.843547523021698 0.850138604640961
0.901722550392151 0.889074087142944 0.896663129329681 0.924649834632874 0.942617535591125 0.939735770225525 0.913516104221344 0.894360363483429 0.932213246822357 0.934883415699005 0.936181008815765 0.909619390964508 0.932535588741302 0.934755980968475 0.94698178768158 0.916244089603424 0.919645369052887 0.908239960670471 0.908919751644135 0.893168449401855 0.862780153751373 0.909162163734436 0.949111700057983 0.930667281150818 0.921001374721527 0.930835843086243 0.921058356761932 0.630091428756714 0.825222909450531 0.931207895278931 0.93626469373703 0.892036497592926 0.869891226291656 0.852733552455902 0.890266060829163 0.877460956573486 0.89331728219986 0.875631868839264 0.865985691547394 0.831295549869537 0.79806661605835 0.789082705974579 0.850505173206329 0.847462892532349
0.823638617992401 0.85678619146347 0.923073172569275 0.935295104980469 0.930786788463593 0.91869330406189 0.894283473491669 0.906837165355682 0.905230522155762 0.90238618850708 0.902762234210968 0.915189743041992 0.900083303451538 0.919599533081055 0.868979215621948 0.861419439315796 0.901086151599884 0.942717730998993 0.911697030067444 0.915092587471008 0.904926180839539 0.905061662197113 0.932456195354462 0.943823993206024 0.9377361536026 0.94867879152298 0.913902342319489 0.808419525623322 0.891749441623688 0.912243545055389 0.915750443935394 0.924921989440918 0.885316789150238 0.88796466588974 0.888252437114716 0.885953009128571 0.896485924720764 0.878723502159119 0.869268357753754 0.866582691669464 0.820669710636139 0.848255336284637 0.861060082912445 0.84588611125946
0.81807804107666 0.887065827846527 0.929661273956299 0.905927419662476 0.913171231746674 0.882010936737061 0.898928821086884 0.844776153564453 0.781821608543396 0.817654490470886 0.785766005516052 0.698008358478546 0.765292406082153 0.760852515697479 0.754707455635071 0.821471929550171 0.906105756759644 0.930954337120056 0.925463080406189 0.91867733001709 0.898329019546509 0.931478977203369 0.934847712516785 0.93209445476532 0.934351921081543 0.936619520187378 0.933940887451172 0.923244655132294 0.911515116691589 0.915527760982513 0.93266749382019 0.925068736076355 0.878955543041229 0.888275384902954 0.898850739002228 0.896558403968811 0.894337177276611 0.895940363407135 0.892251908779144 0.873912453651428 0.868643164634705 0.869772136211395 0.873379647731781 0.858920753002167
0.902583241462708 0.914479076862335 0.925223648548126 0.910383284091949 0.881170153617859 0.866552710533142 0.85979300737381 0.820634722709656 0.814847409725189 0.790220081806183 0.790278613567352 0.897993922233582 0.927774488925934 0.925030648708344 0.926100790500641 0.931119024753571 0.940001726150513 0.933368444442749 0.921924233436584 0.909272372722626 0.882800281047821 0.893045961856842 0.89241486787796 0.895920991897583 0.907530188560486 0.927594482898712 0.934678196907043 0.950303018093109 0.941351294517517 0.941171109676361 0.935761690139771 0.926999568939209 0.893682658672333 0.904413759708405 0.896580278873444 0.899202287197113 0.895956575870514 0.893609166145325 0.875550091266632 0.871493875980377 0.869612097740173 0.876393973827362 0.865506708621979 0.84924328327179
