data/climate_estimation/maxent_output/Cardiocrinum_cathayanum.asc
NCOLS 225 
NROWS 132 
XLLCORNER 102.666666666667 
YLLCORNER 23.25 
CELLSIZE 0.0833333333333333 
NODATA_value -3.4e+38 
[rows 0 to 19 of 132, columns 0 to 43 of 225]
0.000457454472780 0.000469514023279771 0.000576143385842443 0.000676564988680184 0.000628706475254148 0.000619346799794585 0.000760446244385093 0.000687995867338032 0.000445190991740674 0.000476170098409057 0.000543789472430944 0.000543850415851921 0.000638889148831367 0.00101732299663126 0.00141079840250313 0.000994391273707151 0.00124861067160964 0.00146363617386669 0.00194014655426145 0.00234268815256655 0.00184436736162752 0.0013030047994107 0.0012768825981766 0.00141517200972885 0.00165194983128458 0.00193039351142943 0.00303932465612888 0.00312922382727265 0.0033322551753372 0.00363554037176073 0.00397615134716034 0.00378201273269951 0.00431842776015401 0.0042050457559526 0.00404957868158817 0.00411635683849454 0.00456886878237128 0.00486926315352321 0.00540584092959762 0.00606723316013813 0.00684859417378902 0.00672073755413294 0.00666085071861744 0.00664641987532377
0.000580825202632695 0.000630763475783169 0.000687468331307173 0.000863017223309726 0.000930882524698973 0.00105717359110713 0.00105560326483101 0.000870510062668473 0.000713510729838163 0.000960082223173231 0.000759077025577426 0.000709855696186423 0.000895635574124753 0.00100247608497739 0.00156318757217377 0.00141825329046696 0.0011818241328001 0.00172728730831295 0.00221822271123528 0.00246687652543187 0.00256946077570319 0.00208371481858194 0.00186632131226361 0.00228323694318533 0.00238118949346244 0.00223298673518002 0.00259533291682601 0.00335303437896073 0.00394656741991639 0.00388454343192279 0.00352662405930459 0.00384556106291711 0.00365951494313776 0.00380564667284489 0.00445416802540421 0.00482300855219364 0.00506285112351179 0.0050809015519917 0.00548306573182344 0.00629459926858544 0.0072564403526485 0.00779486447572708 0.00796951446682215 0.00757469888776541
0.000623256899416447 0.000536663690581918 0.000467596313683316 0.000535369326826185 0.000921564525924623 0.000793259183410555 0.00110276113264263 0.00120757368858904 0.00127267022617161 0.0012875150423497 0.0010823393240571 0.00100390717852861 0.00123993644956499 0.00170882837846875 0.00215710513293743 0.00163443409837782 0.00122323294635862 0.00169042672496289 0.00218126573599875 0.00289654941298068 0.00310367322526872 0.00311185512691736 0.00252388673834503 0.00265693408437073 0.00257622427307069 0.00292248092591763 0.00271628936752677 0.00333175156265497 0.003985945135355 0.00409972760826349 0.00374739267863333 0.00381962605752051 0.00406104978173971 0.00403513060882688 0.00517531996592879 0.0054095215164125 0.00579020939767361 0.00572509272024035 0.00660468451678753 0.0069191143848002 0.00838951952755451 0.00838006753474474 0.00941852107644081 0.00903151277452707
0.000658525677863508 0.000639103236608207 0.000519292138051242 0.000526568561326712 0.000542106048669666 0.00058299966622144 0.000679745164234191 0.000882719119545072 0.000901687715668231 0.00158650160301477 0.00173055205959827 0.00201238947920501 0.00204584817402065 0.00232589850202203 0.00221133744344115 0.00255139358341694 0.00237971590831876 0.00147333822678775 0.00148354424163699 0.00196279026567936 0.00277911056764424 0.00312320608645678 0.00340080261230469 0.00340464315377176 0.00347791588865221 0.00308920396491885 0.00347331073135138 0.0038385521620512 0.00399542367085814 0.00382056878879666 0.00402444135397673 0.00426147226244211 0.00394847197458148 0.00446265283972025 0.00508185289800167 0.0054697236046195 0.00653493497520685 0.00650907075032592 0.00806289818137884 0.00813750270754099 0.00860532466322184 0.0102139282971621 0.0109802605584264 0.0118734668940306
0.000686154817230999 0.000687544525135309 0.0006258754292503 0.000568751769606024 0.000582577544264495 0.000621025043074042 0.000764204072766006 0.00084623449947685 0.00133754208218306 0.00134857161901891 0.000902034866157919 0.00111084920354187 0.00128257356118411 0.00199546595104039 0.00153019349090755 0.00233528879471123 0.00311207654885948 0.00290236389264464 0.00283578899689019 0.00163953693117946 0.00199933536350727 0.00264819525182247 0.0036209577228874 0.00311435805633664 0.00353802158497274 0.00373505847528577 0.0039250566624105 0.00370738678611815 0.00424176314845681 0.00436090584844351 0.0042705787345767 0.00433350307866931 0.00475893681868911 0.00458553293719888 0.0054270401597023 0.0064986883662641 0.00711213937029243 0.00798293575644493 0.00887612719088793 0.0101544987410307 0.0103587927296758 0.0111596519127488 0.0134309716522694 0.0127100711688399
0.000684861093759537 0.000656984106171876 0.000636393611785024 0.000629882095381618 0.000555781531147659 0.000586680718697608 0.000650018802843988 0.000815949577372521 0.00109825760591775 0.000784027681220323 0.000955025258008391 0.0011584124295041 0.00132596690673381 0.00127083365805447 0.0016975108301267 0.00142628978937864 0.0020568105392158 0.00210133264772594 0.0030675339512527 0.00349119980819523 0.00355474231764674 0.00256245699711144 0.00381257501430809 0.00284773809835315 0.00305031309835613 0.00372546818107367 0.00419597513973713 0.004273921251297 0.0042881965637207 0.0040416163392365 0.00458095595240593 0.00456724222749472 0.00527337612584233 0.00515567185357213 0.00583258643746376 0.00708589842543006 0.00824861414730549 0.00933423079550266 0.0100974198430777 0.0114165470004082 0.0133828110992908 0.0142981978133321 0.0146151408553123 0.0148555636405945
0.000660017656628042 0.000640510930679739 0.000643020553980023 0.000617690442595631 0.000655076175462455 0.000692258472554386 0.000854642770718783 0.000998827163130045 0.00132127257529646 0.000862290151417255 0.000853507430292666 0.000876516860444099 0.00096604716964066 0.00119818502571434 0.00142013048753142 0.00133621820714325 0.00135757029056549 0.00194650841876864 0.00248538167215884 0.00264035444706678 0.00367571623064578 0.00428276462480426 0.00415736855939031 0.00311827682889998 0.00311489473097026 0.00349738425575197 0.00359112326987088 0.00413326686248183 0.00463490188121796 0.00485850591212511 0.00521714240312576 0.00537801999598742 0.00578099768608809 0.00583992525935173 0.00702495221048594 0.00783547665923834 0.00897643715143204 0.00936508364975452 0.0101371025666595 0.011559390462935 0.0138230007141829 0.0139774177223444 0.0166799668222666 0.0150998663157225
0.00077575450995937 0.000768110505305231 0.00069859775248915 0.000670291134156287 0.000730950443539768 0.000720247102435678 0.00091121083823964 0.000973055313806981 0.00116089545190334 0.00090205913875252 0.000937335309572518 0.00108434143476188 0.00148716208059341 0.00163101719226688 0.00182387861423194 0.00142002152279019 0.00157564505934715 0.00156562298070639 0.00225483672693372 0.00318634789437056 0.00297576212324202 0.0035400390625 0.0043804426677525 0.00453010713681579 0.00390873849391937 0.0036405292339623 0.00406310567632318 0.0042978385463357 0.00510799791663885 0.00515698920935392 0.00554013717919588 0.00546969519928098 0.00626449706032872 0.00654176995158195 0.00733516365289688 0.00734782638028264 0.00909341219812632 0.0103313000872731 0.0124946888536215 0.0125498306006193 0.0147100575268269 0.0152686191722751 0.0175314527004957 0.0153870340436697
0.000778130022808909 0.000764656811952591 0.000766300363466144 0.000709979154635221 0.000742337841074914 0.000825481780339032 0.000892819953151047 0.000851705437526107 0.00106734526343644 0.00087591347983107 0.00123070226982236 0.00130571599584073 0.00151837931480259 0.00132383010350168 0.00198382465168834 0.00252532120794058 0.00263288663700223 0.0016493716975674 0.00206424854695797 0.00235935789532959 0.00333587569184601 0.0040083909407258 0.00387046742253006 0.00445100385695696 0.0046088551171124 0.00457325484603643 0.0045623448677361 0.00458825100213289 0.00560127990320325 0.00555625092238188 0.00638507353141904 0.00616693217307329 0.00651475135236979 0.00800944678485394 0.00890542007982731 0.0102732107043266 0.0108919832855463 0.0114816538989544 0.0131412195041776 0.0139822466298938 0.0179759338498116 0.0181926712393761 0.0199691615998745 0.0184879116714001
0.000926175271160901 0.000891277275513858 0.000894179858732969 0.000856893952004611 0.000866653921548277 0.000856771308463067 0.000907932117115706 0.000913661904633045 0.00109269411768764 0.00106231262907386 0.00108221115078777 0.00125817279331386 0.00132168899290264 0.00130757095757872 0.00162437069229782 0.00195519812405109 0.00309636956080794 0.0021807630546391 0.00205368408933282 0.00285887205973268 0.00319992611184716 0.00301291164942086 0.00443578790873289 0.00499853817746043 0.00495308404788375 0.00458107516169548 0.00490709440782666 0.00548754679039121 0.00583873083814979 0.00665901741012931 0.00650194194167852 0.00700541073456407 0.00796357914805412 0.00837117619812489 0.00998363550752401 0.0102451089769602 0.0117907281965017 0.0134809678420424 0.0147375073283911 0.0193410757929087 0.0221316833049059 0.0201141983270645 0.024874160066247 0.0241103284060955
0.000978200463578105 0.000930554699152708 0.000884819019120187 0.000996970338746905 0.000964064674917608 0.000978702562861145 0.00092132540885359 0.000937946490012109 0.00112510297913104 0.00108782039023936 0.00112816039472818 0.00133380980696529 0.00149281532503664 0.00164303497876972 0.00157440651673824 0.00181786657776684 0.00307501899078488 0.00265067955479026 0.00262714107520878 0.0027595644351095 0.00367236626334488 0.00332701997831464 0.00372834503650665 0.00498523144051433 0.0055460468865931 0.00537501415237784 0.00561579456552863 0.00598284043371677 0.00636895839124918 0.00688671320676804 0.00679625477641821 0.00812689866870642 0.00819496437907219 0.00971830915659666 0.0101104555651546 0.0114482017233968 0.0135413575917482 0.0149083556607366 0.0191450137645006 0.0202360916882753 0.0257154051214457 0.0276735331863165 0.0343934185802937 0.0342871248722076
0.00106473255436867 0.00103510147891939 0.00106730253901333 0.00105395470745862 0.00110059999860823 0.00108294165693223 0.00105464528314769 0.00109732954297215 0.00122248672414571 0.00113966129720211 0.0011960593983531 0.00140556739643216 0.00159335217904299 0.00243126833811402 0.00269068637862802 0.00299902446568012 0.00219642953015864 0.00406309822574258 0.00466903578490019 0.0034166076220572 0.00451414147391915 0.00411875080317259 0.00400689383968711 0.00499461032450199 0.0051796268671751 0.00537307700142264 0.00622792914509773 0.00611169775947928 0.00717417802661657 0.00745226303115487 0.00845833774656057 0.00867666024714708 0.0104182036593556 0.0114082423970103 0.0119326720014215 0.0138727007433772 0.0149691635742784 0.0180249009281397 0.0209392961114645 0.0226031765341759 0.0286798868328333 0.0323946736752987 0.0360816046595573 0.0383622273802757
0.00116966536734253 0.00112529215402901 0.00126546830870211 0.00126016163267195 0.00124471925664693 0.00110041967127472 0.00117038679309189 0.00124654616229236 0.00139773904811591 0.00119813100900501 0.00144566327799112 0.00162309478037059 0.00188077182974666 0.00173246825579554 0.00260703265666962 0.0026647939812392 0.0021933657117188 0.00304859667085111 0.00470828078687191 0.0047371182590723 0.00540121039375663 0.00575445126742125 0.00442152610048652 0.00469076912850142 0.00635880092158914 0.00722167361527681 0.00767827127128839 0.00814458634704351 0.00789674371480942 0.00938468985259533 0.00911975186318159 0.0105403363704681 0.0105521688237786 0.0129512427374721 0.0128307640552521 0.0154839204624295 0.0179155394434929 0.0213950276374817 0.0225305836647749 0.0289965346455574 0.0380187183618546 0.0327794104814529 0.0350945368409157 0.0413379818201065
0.00138162332586944 0.00132602395024151 0.00127604091539979 0.00136340607423335 0.00134660431649536 0.00131304585374892 0.00137710513081402 0.00138247548602521 0.00136924546677619 0.00143132673110813 0.00160001474432647 0.00159098685253412 0.00190984364598989 0.00180592865217477 0.00229785568080842 0.0022552190348506 0.0026356247253716 0.00402445485815406 0.00552168395370245 0.0069170449860394 0.00632709916681051 0.00717295799404383 0.00585059821605682 0.0068263029679656 0.00735579617321491 0.00807864684611559 0.00835650321096182 0.00960791483521461 0.00915301218628883 0.0104930466040969 0.0115824649110436 0.0122967613860965 0.0132685462012887 0.0143416235223413 0.0149839259684086 0.018010038882494 0.0223024245351553 0.0262599792331457 0.0272230710834265 0.031241774559021 0.0446711666882038 0.0456125028431416 0.0445113331079483 0.0521096363663673
0.001234459457919 0.00133115483913571 0.00137874577194452 0.00152430892921984 0.0015012111980468 0.00144427840132266 0.00138039176817983 0.00144456373527646 0.00151221628766507 0.00148670596536249 0.00180563994217664 0.00167781510390341 0.00189337786287069 0.00196546758525074 0.00211283634416759 0.00223748502321541 0.0028138873167336 0.0043621975928545 0.00531678088009357 0.00465695885941386 0.00800770241767168 0.00906293839216232 0.00791516806930304 0.00903308764100075 0.00819476041942835 0.0104779936373234 0.0100844381377101 0.0108267590403557 0.0111795421689749 0.0121304076164961 0.0139162661507726 0.0136792063713074 0.0157709345221519 0.0173565987497568 0.021096745505929 0.0213398858904839 0.0274603180587292 0.0364484451711178 0.0344346165657043 0.0399502962827682 0.0513579435646534 0.0548882782459259 0.0592669323086739 0.0730299055576324
0.00133645301684737 0.00154071219731122 0.00142342119943351 0.00159360992256552 0.00148567568976432 0.00176356348674744 0.0016795169794932 0.00148386834189296 0.00177070160862058 0.00180899305269122 0.00192835903726518 0.00199881824664772 0.0022954442538321 0.00215153931640089 0.00205056788399816 0.00252237031236291 0.00298150046728551 0.00351030775345862 0.00479152984917164 0.00436782464385033 0.00628589233383536 0.00849333498626947 0.00997239723801613 0.0117518603801727 0.0121159050613642 0.0112619046121836 0.012686625123024 0.0142430709674954 0.0152561906725168 0.0150027750059962 0.0159673616290092 0.0176224950700998 0.0194685086607933 0.0216589197516441 0.0252656396478415 0.0285877976566553 0.030692670494318 0.0421211495995522 0.049598790705204 0.0611473247408867 0.0591803565621376 0.0699978619813919 0.0766412541270256 0.0773942545056343
0.00151358114089817 0.0016080061905086 0.00161347119137645 0.00162181805353612 0.00181519170291722 0.00190251565072685 0.00174184190109372 0.00192656775470823 0.00190891581587493 0.00207482394762337 0.00222757202573121 0.00213711685501039 0.00234649865888059 0.00229942216537893 0.00241427565924823 0.0025407993234694 0.00294823455624282 0.00394444819539785 0.00447248062118888 0.00448823068290949 0.00764309801161289 0.00954664312303066 0.00983481667935848 0.0131103778257966 0.0137945720925927 0.0172341298311949 0.0168954692780972 0.0166480783373117 0.0184380728751421 0.0205519907176495 0.0177584644407034 0.0222430415451527 0.0253280382603407 0.0271372757852077 0.0343431644141674 0.045005701482296 0.0419309176504612 0.0591780133545399 0.0696409717202187 0.0600193403661251 0.069266065955162 0.0753177627921104 0.0843465700745583 0.0956407189369202
0.00160722993314266 0.00179366627708077 0.00184390449430794 0.00172904075589031 0.001778474310413 0.00206015724688768 0.00212594540789723 0.00204296130686998 0.00222855503670871 0.00208986806683242 0.00249203853309155 0.00266777910292149 0.00267554610036314 0.0026411903090775 0.0030712888110429 0.00348275830037892 0.00338314520195127 0.00402478966861963 0.00611941935494542 0.00570981670171022 0.00535924267023802 0.00699560856446624 0.0107552465051413 0.0131024243310094 0.014557121321559 0.0179896410554647 0.0204206164926291 0.0200460273772478 0.0250938460230827 0.026373004540801 0.0278030727058649 0.0312404874712229 0.0403176918625832 0.0441907681524754 0.0470604784786701 0.0701077282428741 0.0847009792923927 0.0792339220643044 0.0778999552130699 0.092795118689537 0.0801295340061188 0.0853455066680908 0.0910583585500717 0.102075204253197
0.00188870739657432 0.00190396560356021 0.00184112822171301 0.00180727883707732 0.00198791339062154 0.00225447374396026 0.00219749030657113 0.00243531703017652 0.00245021935552359 0.0023654866963625 0.00271318596787751 0.00295871845446527 0.00267904531210661 0.00278641749173403 0.00290828081779182 0.00406455434858799 0.00599944125860929 0.00547194201499224 0.00543514778837562 0.00638242159038782 0.00907022133469582 0.0101038040593266 0.00922257825732231 0.0090538440272212 0.0145661989226937 0.0180065203458071 0.0234640929847956 0.0270065050572157 0.0269816163927317 0.0339975692331791 0.0353380739688873 0.040796160697937 0.0391290634870529 0.0605226010084152 0.0798394083976746 0.0714258104562759 0.0810760334134102 0.111295275390148 0.108258359134197 0.109091266989708 0.121877118945122 0.104657337069511 0.101828061044216 0.111322171986103
0.00182167696766555 0.0017560584237799 0.0018471711082384 0.00200820877216756 0.00240363040938973 0.00254450528882444 0.00217181234620512 0.00248818472027779 0.00295903626829386 0.00283928122371435 0.00318098114803433 0.00306710111908615 0.00294903526082635 0.00309659563936293 0.00318288919515908 0.00424371473491192 0.00530995661392808 0.0102197863161564 0.00868746172636747 0.00674527371302247 0.00802208110690117 0.0156905744224787 0.0201600976288319 0.012674368917942 0.0171386413276196 0.0178030915558338 0.0238157138228416 0.0255622956901789 0.0302977152168751 0.0354110859334469 0.0424914546310902 0.0490941628813744 0.0776288136839867 0.0900378599762917 0.109867788851261 0.0767593383789062 0.123182512819767 0.172685146331787 0.171159565448761 0.133713230490685 0.0941537767648697 0.110144972801208 0.104437053203583 0.131608739495277
