data/climate_estimation/maxent_output/Chamaelirium_luteum.asc
NCOLS 244 
NROWS 152 
XLLCORNER -92.75 
YLLCORNER 30.4166666666667 
CELLSIZE 0.0833333333333333 
NODATA_value -3.4e+38 
[rows 63 to 83 of 152, columns 92 to 137 of 244]
0.507185161113739 0.530570566654205 0.530747771263123 0.523556768894196 0.507743954658508 0.495600312948227 0.479740887880325 0.483590632677078 0.478158324956894 0.480241686105728 0.496823161840439 0.500166416168213 0.507275402545929 0.522881269454956 0.55139833688736 0.567111968994141 0.571881294250488 0.583354830741882 0.583664238452911 0.581655621528625 0.578721404075623 0.581020534038544 0.580879151821136 0.570003509521484 0.582010924816132 0.610031366348267 0.596135199069977 0.598076999187469 0.61010479927063 0.613777697086334 0.612801611423492 0.605027318000793 0.602796852588654 0.61185896396637 0.611486315727234 0.621128022670746 0.648301839828491 0.62163370847702 0.659065127372742 0.659443795681 0.631009519100189 0.575330317020416 0.521361410617828 0.53761625289917 0.611138701438904 0.536144316196442
0.552588641643524 0.542892396450043 0.544168591499329 0.531692147254944 0.520695269107819 0.512021124362946 0.518811702728271 0.513936758041382 0.5178182721138 0.523395895957947 0.504186153411865 0.508702158927917 0.542806386947632 0.526921153068542 0.554156720638275 0.595699667930603 0.607690513134003 0.608388483524323 0.605067253112793 0.580875337123871 0.60970413684845 0.609929263591766 0.607873201370239 0.60480535030365 0.595418810844421 0.604832530021667 0.603055715560913 0.601560533046722 0.602526366710663 0.606248140335083 0.609672963619232 0.604660034179688 0.628338158130646 0.62596982717514 0.637961626052856 0.648262619972229 0.654163897037506 0.687142610549927 0.682923674583435 0.657311975955963 0.645805537700653 0.64805942773819 0.616208136081696 0.57194322347641 0.549386382102966 0.495292335748672
0.570116400718689 0.591381967067719 0.55860561132431 0.553498029708862 0.536492466926575 0.527871370315552 0.52216362953186 0.529347658157349 0.529193520545959 0.527127861976624 0.539435148239136 0.544489562511444 0.562494039535522 0.575711786746979 0.580604612827301 0.597853720188141 0.605369210243225 0.595579206943512 0.604874312877655 0.601482152938843 0.595762848854065 0.604849338531494 0.600294172763824 0.635137975215912 0.63204300403595 0.633847594261169 0.624540984630585 0.624023258686066 0.622684180736542 0.631625771522522 0.621640384197235 0.631479024887085 0.630225241184235 0.623297214508057 0.62608528137207 0.635545611381531 0.66640830039978 0.685361444950104 0.671503841876984 0.705502390861511 0.679103255271912 0.649040937423706 0.631787598133087 0.586759269237518 0.591549277305603 0.54770565032959
0.602600514888763 0.604672491550446 0.604662716388702 0.593622148036957 0.587091982364655 0.544120013713837 0.571167707443237 0.539614796638489 0.579055905342102 0.550061225891113 0.568336665630341 0.583588659763336 0.591180860996246 0.589873254299164 0.606007754802704 0.598097324371338 0.604118943214417 0.605693757534027 0.602302968502045 0.633066594600677 0.627871036529541 0.623626351356506 0.631417095661163 0.631996095180511 0.632802546024323 0.632928490638733 0.627280116081238 0.617889761924744 0.618439257144928 0.614987075328827 0.620640933513641 0.621046781539917 0.629870116710663 0.65490049123764 0.654225051403046 0.672436714172363 0.67454719543457 0.693301379680634 0.700744569301605 0.696952164173126 0.66210526227951 0.658252060413361 0.629275441169739 0.613953471183777 0.584940731525421 0.487562596797943
0.611611783504486 0.615529537200928 0.611331820487976 0.606786251068115 0.609575212001801 0.611970782279968 0.586436033248901 0.587955057621002 0.591496527194977 0.59178227186203 0.61165726184845 0.614277780056 0.620506048202515 0.598981916904449 0.626047492027283 0.627825200557709 0.609648764133453 0.631177425384521 0.64047509431839 0.633983135223389 0.631584644317627 0.633052408695221 0.662412643432617 0.65942770242691 0.658589780330658 0.661337077617645 0.649478673934937 0.645151555538177 0.648915350437164 0.66653573513031 0.654780328273773 0.668651342391968 0.647970616817474 0.655034959316254 0.685758650302887 0.680788099765778 0.674423217773438 0.682987630367279 0.691082239151001 0.680090248584747 0.655815899372101 0.653307676315308 0.646400272846222 0.567768573760986 0.523089349269867 0.46455243229866
0.619323253631592 0.619823157787323 0.614628255367279 0.618910491466522 0.621962428092957 0.624555826187134 0.619452357292175 0.611790359020233 0.610725998878479 0.609774470329285 0.613889336585999 0.6170853972435 0.624677836894989 0.634342610836029 0.636084020137787 0.636799097061157 0.628682434558868 0.636640965938568 0.637154877185822 0.667506337165833 0.66611236333847 0.664960324764252 0.664210557937622 0.658994853496552 0.658833742141724 0.656306028366089 0.651998102664948 0.647518515586853 0.664535760879517 0.670586287975311 0.666804194450378 0.664980590343475 0.642862677574158 0.675728797912598 0.67651242017746 0.682363271713257 0.685722887516022 0.686380863189697 0.687671959400177 0.682480931282043 0.656219661235809 0.653391897678375 0.63933914899826 0.590295314788818 0.520637035369873 0.48079651594162
0.648393571376801 0.644557058811188 0.64872670173645 0.652912318706512 0.652049362659454 0.652725040912628 0.644079029560089 0.616228580474854 0.614960432052612 0.618882715702057 0.615387499332428 0.621921181678772 0.626123189926147 0.63895720243454 0.640933156013489 0.639895796775818 0.6395543217659 0.637092053890228 0.666950881481171 0.661665081977844 0.670393705368042 0.669450581073761 0.664384841918945 0.659538447856903 0.661684036254883 0.680621445178986 0.680465817451477 0.682253479957581 0.673380494117737 0.666875422000885 0.679566442966461 0.675548195838928 0.680500149726868 0.680070221424103 0.661585628986359 0.684845507144928 0.686952412128448 0.688974261283875 0.65433931350708 0.645399689674377 0.653458297252655 0.648649334907532 0.61222368478775 0.591525554656982 0.543160617351532 0.515088021755219
0.646823287010193 0.647386729717255 0.651556849479675 0.65748256444931 0.653765261173248 0.654571294784546 0.648636996746063 0.642339110374451 0.619852185249329 0.620979487895966 0.625196397304535 0.630089044570923 0.630408883094788 0.642452657222748 0.6478391289711 0.64543229341507 0.671795725822449 0.671395659446716 0.672253131866455 0.669765710830688 0.66062343120575 0.6724773645401 0.697286069393158 0.690227389335632 0.686022818088531 0.682464778423309 0.680088758468628 0.682862877845764 0.699944734573364 0.682263731956482 0.684749245643616 0.689079344272614 0.655608117580414 0.683070957660675 0.691668212413788 0.692130625247955 0.688257098197937 0.689695358276367 0.675076425075531 0.587583482265472 0.581706047058105 0.65046888589859 0.593771815299988 0.533853650093079 0.509251534938812 0.523815929889679
0.653142511844635 0.651986539363861 0.657384932041168 0.657834947109222 0.650237202644348 0.656661927700043 0.652848541736603 0.648087561130524 0.651307761669159 0.650181353092194 0.628466904163361 0.634036600589752 0.638363420963287 0.644481837749481 0.650768399238586 0.650858521461487 0.677324891090393 0.678341090679169 0.674881637096405 0.67669153213501 0.666510164737701 0.680060863494873 0.681345045566559 0.69644033908844 0.689824044704437 0.676612496376038 0.673697352409363 0.683552026748657 0.677383601665497 0.68662965297699 0.686898469924927 0.686898469924927 0.69011253118515 0.690269589424133 0.69158524274826 0.691006720066071 0.685493111610413 0.666581451892853 0.640387296676636 0.648137450218201 0.632482647895813 0.612798869609833 0.58360493183136 0.540838539600372 0.505714237689972 0.517067849636078
0.652436971664429 0.651506125926971 0.649180471897125 0.678670704364777 0.649306058883667 0.652459979057312 0.65186882019043 0.652274489402771 0.658573687076569 0.657095074653625 0.661541402339935 0.637918889522552 0.640316903591156 0.645883083343506 0.651106297969818 0.657490015029907 0.683613479137421 0.685638546943665 0.679733216762543 0.684833526611328 0.674534499645233 0.694847762584686 0.694774866104126 0.684264481067657 0.709810495376587 0.699823439121246 0.701675474643707 0.68013060092926 0.636283457279205 0.689337074756622 0.69446724653244 0.696403861045837 0.695022523403168 0.696152448654175 0.676913738250732 0.697715401649475 0.682807385921478 0.696192741394043 0.693209588527679 0.682880640029907 0.62595921754837 0.570385277271271 0.585435628890991 0.535565435886383 0.528569102287292 0.560492813587189
0.64985179901123 0.648536503314972 0.673306226730347 0.673306226730347 0.676016926765442 0.64864307641983 0.656914830207825 0.657047212123871 0.65857344865799 0.660694479942322 0.667190909385681 0.636747002601624 0.647241055965424 0.648797631263733 0.652530550956726 0.656128466129303 0.686573266983032 0.693914771080017 0.692997932434082 0.694330155849457 0.687596440315247 0.703811228275299 0.701354622840881 0.697518110275269 0.694356620311737 0.703659236431122 0.628520846366882 0.653386771678925 0.681504011154175 0.658033788204193 0.65441107749939 0.686992108821869 0.675001561641693 0.700615346431732 0.69510155916214 0.697305083274841 0.698703706264496 0.684228956699371 0.572348654270172 0.515521883964539 0.591909945011139 0.683678209781647 0.653328359127045 0.635609447956085 0.57493656873703 0.616648137569427
0.652032852172852 0.678597688674927 0.676869809627533 0.68509429693222 0.686716735363007 0.685696363449097 0.690371811389923 0.697525322437286 0.668971836566925 0.667273342609406 0.670908510684967 0.674748599529266 0.676169395446777 0.649330794811249 0.651528716087341 0.6585733294487 0.664774835109711 0.697525024414062 0.698509931564331 0.696030974388123 0.692901253700256 0.705246984958649 0.702624380588531 0.698559403419495 0.65840095281601 0.662180006504059 0.644048750400543 0.673576176166534 0.687469661235809 0.559144496917725 0.611689507961273 0.699414789676666 0.670942962169647 0.693861424922943 0.70138555765152 0.684959411621094 0.621215164661407 0.648832261562347 0.682332754135132 0.699526071548462 0.696881055831909 0.674363970756531 0.655742466449738 0.639680922031403 0.622589766979218 0.623347342014313
0.663207292556763 0.68838232755661 0.691139876842499 0.691600680351257 0.692474484443665 0.694136440753937 0.696927428245544 0.706415355205536 0.670751571655273 0.673152208328247 0.667945683002472 0.670685946941376 0.647900938987732 0.645701766014099 0.659233450889587 0.660887479782104 0.665764272212982 0.667846024036407 0.663436412811279 0.696964681148529 0.698058128356934 0.678535342216492 0.681053936481476 0.701370656490326 0.64936900138855 0.638676822185516 0.673315346240997 0.660548567771912 0.664247035980225 0.645936369895935 0.633940517902374 0.65771746635437 0.693632066249847 0.699187755584717 0.705164730548859 0.706443011760712 0.705290377140045 0.704154253005981 0.705305695533752 0.704237937927246 0.714987993240356 0.710964262485504 0.677402853965759 0.624182641506195 0.583390772342682 0.617422878742218
0.681812822818756 0.700803697109222 0.707001090049744 0.705427229404449 0.700774312019348 0.707691013813019 0.703378915786743 0.714596092700958 0.7102090716362 0.679292261600494 0.686618685722351 0.673179805278778 0.653259813785553 0.656683623790741 0.692617058753967 0.666693687438965 0.664153575897217 0.659891545772552 0.671080350875854 0.701024651527405 0.675078868865967 0.677154362201691 0.661547303199768 0.650710046291351 0.594077348709106 0.634464979171753 0.621108949184418 0.606701493263245 0.586983203887939 0.5875004529953 0.631562352180481 0.652719140052795 0.660580337047577 0.679584860801697 0.70090639591217 0.712431907653809 0.712916254997253 0.712031781673431 0.709337949752808 0.743866682052612 0.705511629581451 0.606390118598938 0.527461647987366 0.546378016471863 0.569796621799469 0.549019515514374
0.67967426776886 0.697050511837006 0.717352032661438 0.710792422294617 0.716440856456757 0.715196847915649 0.713708102703094 0.721192121505737 0.692862927913666 0.699564874172211 0.694254457950592 0.683484315872192 0.691391944885254 0.673789441585541 0.713003396987915 0.717799723148346 0.662689030170441 0.667562007904053 0.667009770870209 0.662344515323639 0.666145503520966 0.617772877216339 0.634274005889893 0.600843787193298 0.578809976577759 0.568174481391907 0.570858836174011 0.575233399868011 0.570822298526764 0.550477683544159 0.56760162115097 0.566934823989868 0.605557799339294 0.674095451831818 0.706169188022614 0.709743142127991 0.712323725223541 0.714916348457336 0.72803121805191 0.720899760723114 0.590176165103912 0.514256000518799 0.447655558586121 0.545871078968048 0.620353817939758 0.630140900611877
0.690714597702026 0.692416608333588 0.734687268733978 0.736471652984619 0.725513577461243 0.725987553596497 0.731187701225281 0.734273791313171 0.737377285957336 0.715342402458191 0.707800328731537 0.696716904640198 0.701178431510925 0.679072678089142 0.719409286975861 0.68693596124649 0.668173491954803 0.659046232700348 0.658095180988312 0.646890759468079 0.659051120281219 0.651647210121155 0.601884782314301 0.577731013298035 0.566561281681061 0.550080895423889 0.534638524055481 0.556212902069092 0.532156646251678 0.534029304981232 0.48562029004097 0.535685837268829 0.593254387378693 0.615471839904785 0.681573927402496 0.704835176467896 0.715116739273071 0.649488031864166 0.595207512378693 0.647094547748566 0.565645754337311 0.528821408748627 0.609189808368683 0.647000253200531 0.675876200199127 0.65325129032135
0.703132510185242 0.720220863819122 0.721102774143219 0.719540536403656 0.713968575000763 0.714346170425415 0.743175208568573 0.717505097389221 0.725096642971039 0.718055903911591 0.724361896514893 0.718708872795105 0.713469326496124 0.680783331394196 0.677486181259155 0.665160775184631 0.669121861457825 0.667882025241852 0.649837076663971 0.62238734960556 0.607523262500763 0.586835741996765 0.597307026386261 0.573240041732788 0.54881078004837 0.508409798145294 0.490669041872025 0.496650487184525 0.521661937236786 0.516190409660339 0.516160786151886 0.511352479457855 0.55662876367569 0.60789954662323 0.683568000793457 0.707146346569061 0.667228579521179 0.625320017337799 0.64505010843277 0.67879843711853 0.591929316520691 0.60095888376236 0.615272581577301 0.624717533588409 0.639641404151917 0.63408750295639
0.692104876041412 0.729747891426086 0.730030059814453 0.726244747638702 0.722554087638855 0.721728384494781 0.724429726600647 0.724429726600647 0.731481194496155 0.741990804672241 0.733022332191467 0.680779457092285 0.671957314014435 0.666567087173462 0.664628088474274 0.662977457046509 0.626711666584015 0.618619620800018 0.606729745864868 0.600583136081696 0.606265604496002 0.582583904266357 0.552668035030365 0.52785849571228 0.48858767747879 0.489744871854782 0.499380856752396 0.520996034145355 0.526240527629852 0.554656684398651 0.570294559001923 0.566299796104431 0.603350341320038 0.631549894809723 0.726165473461151 0.729151844978333 0.702136278152466 0.730913579463959 0.720691442489624 0.612426221370697 0.566121697425842 0.518405199050903 0.558535754680634 0.628670215606689 0.644045770168304 0.659357190132141
0.742865800857544 0.722587108612061 0.715522229671478 0.738007426261902 0.709601283073425 0.73627781867981 0.73639178276062 0.749487817287445 0.741588294506073 0.748514950275421 0.70000296831131 0.682210862636566 0.670242786407471 0.668866813182831 0.63388204574585 0.661162316799164 0.659949719905853 0.653199911117554 0.615887701511383 0.592982828617096 0.559773147106171 0.529350817203522 0.509936273097992 0.473263889551163 0.493799835443497 0.495915114879608 0.479493528604507 0.503078758716583 0.553038597106934 0.553847193717957 0.575802564620972 0.615027785301208 0.67538058757782 0.700855910778046 0.73238343000412 0.696851491928101 0.692599713802338 0.751072645187378 0.671275079250336 0.643007278442383 0.515618622303009 0.589451253414154 0.641139328479767 0.641072392463684 0.717573404312134 0.781854331493378
0.740128457546234 0.735312879085541 0.729114830493927 0.725542664527893 0.724610090255737 0.723854899406433 0.736938953399658 0.763556778430939 0.762256264686584 0.733063995838165 0.72715163230896 0.653832793235779 0.672087848186493 0.642471432685852 0.667041301727295 0.659202396869659 0.648483991622925 0.601331651210785 0.589836001396179 0.562351107597351 0.551449358463287 0.540434420108795 0.493977189064026 0.459603935480118 0.455222845077515 0.460133671760559 0.464087665081024 0.508516907691956 0.510873913764954 0.528691232204437 0.599520683288574 0.655196785926819 0.71034836769104 0.684278309345245 0.654331922531128 0.60495138168335 0.604383647441864 0.602269768714905 0.500473380088806 0.648958623409271 0.596556425094604 0.629320979118347 0.743211627006531 0.778024971485138 0.789623856544495 0.771861791610718
0.751631081104279 0.74756532907486 0.743257582187653 0.706131756305695 0.699946880340576 0.694327533245087 0.738697230815887 0.74629932641983 0.748199701309204 0.737355828285217 0.678239524364471 0.654525220394135 0.648526668548584 0.644212782382965 0.640524744987488 0.643774211406708 0.58282595872879 0.586700916290283 0.582347333431244 0.570076882839203 0.558602094650269 0.496540158987045 0.459296882152557 0.459908694028854 0.463124394416809 0.470780342817307 0.486657589673996 0.49143585562706 0.544083118438721 0.650115549564362 0.672160089015961 0.707115530967712 0.651222109794617 0.571062624454498 0.588246524333954 0.468909114599228 0.485080778598785 0.543690979480743 0.484365463256836 0.534815013408661 0.680427730083466 0.698852837085724 0.821889042854309 0.788727581501007 0.776502072811127 0.761463224887848
