data/climate_estimation/maxent_output/Chamaelirium_luteum.asc
NCOLS 244 
NROWS 152 
XLLCORNER -92.75 
YLLCORNER 30.4166666666667 
CELLSIZE 0.0833333333333333 
NODATA_value -3.4e+38 
[rows 84 to 104 of 152, columns 46 to 91 of 244]
0.552170634269714 0.55495947599411 0.552395641803741 0.557948708534241 0.559859812259674 0.592644095420837 0.602437913417816 0.584064602851868 0.585214912891388 0.597624242305756 0.603224456310272 0.58750855922699 0.597820997238159 0.599023163318634 0.600146770477295 0.603148341178894 0.604239463806152 0.600230932235718 0.601354837417603 0.596908390522003 0.619722902774811 0.615149855613708 0.608059823513031 0.596234023571014 0.575694024562836 0.573517620563507 0.533610463142395 0.479791134595871 0.471488535404205 0.554276645183563 0.608121395111084 0.645440757274628 0.670164883136749 0.679559469223022 0.680148839950562 0.658871412277222 0.686665296554565 0.685520589351654 0.687789857387543 0.695344984531403 0.698262989521027 0.705465614795685 0.713891446590424 0.730316579341888 0.744000434875488 0.746990144252777
0.557945132255554 0.554849803447723 0.557472467422485 0.587566256523132 0.568621516227722 0.574997901916504 0.574222922325134 0.583819806575775 0.590477168560028 0.603224456310272 0.579795241355896 0.588528573513031 0.595755696296692 0.605160593986511 0.603103578090668 0.607795894145966 0.610203742980957 0.603670179843903 0.605820536613464 0.603611171245575 0.628846526145935 0.626637578010559 0.621005296707153 0.61087429523468 0.602926433086395 0.608504056930542 0.583740293979645 0.566383481025696 0.517378807067871 0.552142798900604 0.594469785690308 0.660250782966614 0.651412606239319 0.665346622467041 0.693402886390686 0.696405827999115 0.703482985496521 0.707787334918976 0.699037492275238 0.701620519161224 0.705813527107239 0.706408977508545 0.723247826099396 0.748561203479767 0.753180384635925 0.726288259029388
0.530752420425415 0.565178632736206 0.5648153424263 0.568511128425598 0.567591488361359 0.575244605541229 0.574973702430725 0.585833847522736 0.600496649742126 0.580688953399658 0.591318428516388 0.595950424671173 0.605723083019257 0.607490837574005 0.583988070487976 0.612186849117279 0.582808613777161 0.61042195558548 0.615722954273224 0.612039029598236 0.6121945977211 0.635007321834564 0.633060038089752 0.622349441051483 0.618632972240448 0.63428008556366 0.628530085086823 0.622198700904846 0.576074779033661 0.595961391925812 0.62773597240448 0.645289361476898 0.65826416015625 0.674315989017487 0.711518883705139 0.71782910823822 0.717915058135986 0.709920406341553 0.68103814125061 0.708605110645294 0.714169919490814 0.6869136095047 0.738041520118713 0.747529208660126 0.725837171077728 0.731360077857971
0.523512303829193 0.543348968029022 0.569431900978088 0.571879625320435 0.575333178043365 0.577675938606262 0.578461766242981 0.596791326999664 0.573942720890045 0.586870551109314 0.59513247013092 0.598819255828857 0.587577998638153 0.584738194942474 0.592509984970093 0.588913977146149 0.586146771907806 0.588243901729584 0.586034834384918 0.611692309379578 0.617589473724365 0.641952395439148 0.643192827701569 0.637742817401886 0.633010566234589 0.629417598247528 0.62836104631424 0.625207960605621 0.630087375640869 0.632358372211456 0.644226133823395 0.658186137676239 0.670087456703186 0.679117619991302 0.718239068984985 0.72564297914505 0.720102250576019 0.691133856773376 0.688619554042816 0.690992057323456 0.696278750896454 0.703264474868774 0.714524865150452 0.726434051990509 0.737402081489563 0.74079442024231
0.49719101190567 0.534847557544708 0.553253352642059 0.556375443935394 0.551962018013 0.554058790206909 0.557263612747192 0.564827740192413 0.577100932598114 0.584281444549561 0.566331744194031 0.582198202610016 0.594972968101501 0.591982662677765 0.601038038730621 0.602049708366394 0.601605355739594 0.601673007011414 0.599312961101532 0.622683227062225 0.619639277458191 0.621293604373932 0.620132982730865 0.641708135604858 0.643286526203156 0.638859212398529 0.645589053630829 0.642500996589661 0.649937927722931 0.652368128299713 0.658363461494446 0.672843337059021 0.688039839267731 0.695334374904633 0.701899468898773 0.701616168022156 0.698562383651733 0.692099153995514 0.697978734970093 0.701951384544373 0.71281510591507 0.758350670337677 0.730356514453888 0.738705694675446 0.739672839641571 0.724973380565643
0.487679123878479 0.521080732345581 0.524511277675629 0.55097109079361 0.549208343029022 0.557073950767517 0.558844149112701 0.539471805095673 0.547732532024384 0.56558358669281 0.572063028812408 0.591665267944336 0.601439535617828 0.604734599590302 0.61144882440567 0.615469515323639 0.614870011806488 0.611454129219055 0.616435408592224 0.605734527111053 0.627849280834198 0.631907165050507 0.625594079494476 0.629280745983124 0.654002010822296 0.648178160190582 0.651640057563782 0.656510949134827 0.659773409366608 0.669766247272491 0.681271076202393 0.689885258674622 0.69787985086441 0.709284722805023 0.707679569721222 0.706547677516937 0.704124271869659 0.710028529167175 0.70702850818634 0.738775670528412 0.76443213224411 0.744720935821533 0.741042494773865 0.744095504283905 0.723556756973267 0.723992586135864
0.50797563791275 0.521974980831146 0.53182053565979 0.533674597740173 0.538044691085815 0.545969605445862 0.54654735326767 0.55260956287384 0.561733067035675 0.57203882932663 0.576973140239716 0.587505996227264 0.609895348548889 0.614784121513367 0.623609066009521 0.631460726261139 0.631460726261139 0.629841566085815 0.624802112579346 0.623405992984772 0.614187061786652 0.616888821125031 0.644256293773651 0.637527525424957 0.634965240955353 0.638799726963043 0.639620780944824 0.646916270256042 0.674039900302887 0.653111577033997 0.691500544548035 0.695764780044556 0.686816692352295 0.690269708633423 0.716639518737793 0.713649332523346 0.713839769363403 0.726645827293396 0.719126105308533 0.738191962242126 0.752077698707581 0.752289712429047 0.749439418315887 0.730204045772552 0.718543410301208 0.753929674625397
0.524547457695007 0.537606179714203 0.508920609951019 0.539166331291199 0.549436509609222 0.560623824596405 0.551202595233917 0.556394159793854 0.562819302082062 0.57901531457901 0.55925065279007 0.574046909809113 0.619196474552155 0.624537944793701 0.631829738616943 0.63670939207077 0.635997474193573 0.640312790870667 0.642075061798096 0.64484703540802 0.638912260532379 0.660537898540497 0.660011112689972 0.657302498817444 0.65726900100708 0.658121407032013 0.654185175895691 0.660485506057739 0.663183331489563 0.669085621833801 0.675518453121185 0.681414008140564 0.691114068031311 0.698255777359009 0.698513090610504 0.701468408107758 0.740808367729187 0.754570364952087 0.753421366214752 0.743894100189209 0.754065871238708 0.759429514408112 0.738877177238464 0.717053771018982 0.757117331027985 0.741629421710968
0.509652197360992 0.523950099945068 0.525360643863678 0.528347253799438 0.532048881053925 0.534449219703674 0.534450769424438 0.533930897712708 0.536636352539062 0.54931366443634 0.563466370105743 0.581365942955017 0.605517566204071 0.615948855876923 0.621207416057587 0.64909952878952 0.652773857116699 0.657045125961304 0.654079675674438 0.655685484409332 0.6550452709198 0.672342658042908 0.673305749893188 0.672937393188477 0.67603600025177 0.67995148897171 0.678800344467163 0.676009476184845 0.682715892791748 0.686013638973236 0.692882359027863 0.700534343719482 0.678676247596741 0.708041191101074 0.707456588745117 0.705662429332733 0.748676061630249 0.756111025810242 0.756888508796692 0.759044528007507 0.759546875953674 0.759087204933167 0.686529994010925 0.757096230983734 0.756400167942047 0.692046761512756
0.521197617053986 0.537942111492157 0.538381159305573 0.519633054733276 0.551512479782104 0.542576134204865 0.540300071239471 0.53797310590744 0.542054235935211 0.562276303768158 0.578130125999451 0.598004460334778 0.61276251077652 0.624433279037476 0.659403324127197 0.637353658676147 0.662771224975586 0.667518377304077 0.668307185173035 0.668561398983002 0.666084110736847 0.657309174537659 0.651213049888611 0.681678295135498 0.655202209949493 0.682362854480743 0.658515393733978 0.657313764095306 0.665943741798401 0.667054951190948 0.673633456230164 0.678899943828583 0.685630798339844 0.680537223815918 0.686411380767822 0.709403336048126 0.713756680488586 0.755902349948883 0.75743967294693 0.756209492683411 0.75902134180069 0.696895718574524 0.744488477706909 0.754802405834198 0.743649303913116 0.677537858486176
0.50510311126709 0.510132789611816 0.51725822687149 0.532601535320282 0.531295776367188 0.523446381092072 0.5176060795784 0.5164994597435 0.529770970344543 0.573587894439697 0.597477972507477 0.603351533412933 0.623130917549133 0.632759690284729 0.640914559364319 0.638395428657532 0.642451345920563 0.641665279865265 0.647937715053558 0.674828469753265 0.670334756374359 0.662331759929657 0.653728902339935 0.66620147228241 0.663138687610626 0.663251042366028 0.658420026302338 0.663078546524048 0.667840719223022 0.669560194015503 0.678444862365723 0.679855942726135 0.684619128704071 0.685846209526062 0.691308379173279 0.727271616458893 0.731196105480194 0.730272829532623 0.731819689273834 0.727120995521545 0.724753260612488 0.706614077091217 0.76178652048111 0.750511586666107 0.681338965892792 0.6749147772789
0.516608715057373 0.520737707614899 0.527377963066101 0.528791069984436 0.532302737236023 0.529444634914398 0.529032528400421 0.52554976940155 0.5458003282547 0.55931830406189 0.603609621524811 0.623590648174286 0.63424164056778 0.641469895839691 0.643984735012054 0.640973031520844 0.643663763999939 0.641829490661621 0.678399562835693 0.652640879154205 0.67480206489563 0.676063477993011 0.66371762752533 0.663605272769928 0.667672276496887 0.664245247840881 0.662980914115906 0.668947577476501 0.669702649116516 0.678321480751038 0.678321480751038 0.686472713947296 0.693999230861664 0.701982140541077 0.703672289848328 0.730260252952576 0.731355905532837 0.729512155056 0.728851318359375 0.725105941295624 0.673932433128357 0.729547381401062 0.720154523849487 0.689697086811066 0.671786785125732 0.672847807407379
0.527183711528778 0.525880098342896 0.529903531074524 0.526071548461914 0.529794096946716 0.530337810516357 0.536145627498627 0.529597222805023 0.540769755840302 0.57462602853775 0.615034639835358 0.62151426076889 0.641408920288086 0.642423629760742 0.643889188766479 0.642179131507874 0.642855584621429 0.646206080913544 0.64891105890274 0.651982367038727 0.648439645767212 0.674401581287384 0.671547710895538 0.660911083221436 0.672108232975006 0.678146421909332 0.678900122642517 0.680109202861786 0.683125555515289 0.683348834514618 0.688508212566376 0.666805803775787 0.702825307846069 0.705043733119965 0.735756039619446 0.704721808433533 0.706478416919708 0.730729281902313 0.698001146316528 0.679575204849243 0.680638432502747 0.719330310821533 0.698764741420746 0.645025849342346 0.642064869403839 0.676657199859619
0.538607239723206 0.540003895759583 0.511049807071686 0.496698647737503 0.52227121591568 0.527068972587585 0.534063458442688 0.551490485668182 0.549147069454193 0.573398649692535 0.575434625148773 0.597685515880585 0.609181821346283 0.596114933490753 0.631417393684387 0.630176723003387 0.642861366271973 0.639396727085114 0.645033121109009 0.64973908662796 0.652359545230865 0.652391195297241 0.647039651870728 0.681429505348206 0.65916782617569 0.654377281665802 0.682170987129211 0.65716165304184 0.657386183738708 0.6606485247612 0.672709941864014 0.704205930233002 0.70303738117218 0.705577909946442 0.706782281398773 0.70396089553833 0.707012116909027 0.701415479183197 0.688145220279694 0.702053129673004 0.729544758796692 0.681085407733917 0.708515405654907 0.655384063720703 0.644827246665955 0.677888154983521
0.548102974891663 0.545103788375854 0.524615466594696 0.509677827358246 0.499664753675461 0.517312407493591 0.520794987678528 0.549720227718353 0.563716471195221 0.56427127122879 0.581071555614471 0.578051686286926 0.59277468919754 0.591119349002838 0.594065248966217 0.597996830940247 0.623100280761719 0.629813134670258 0.635566353797913 0.648280024528503 0.652672350406647 0.645464181900024 0.655798554420471 0.661056399345398 0.65855485200882 0.66046679019928 0.659539699554443 0.659622311592102 0.659762263298035 0.662735819816589 0.67521470785141 0.705500185489655 0.679387092590332 0.708610117435455 0.708472073078156 0.681018471717834 0.672608256340027 0.667257070541382 0.704480826854706 0.734200656414032 0.701242029666901 0.730765223503113 0.715654909610748 0.662246882915497 0.657606363296509 0.689540445804596
0.534135401248932 0.536566495895386 0.530969679355621 0.526590526103973 0.519946098327637 0.527131140232086 0.533884525299072 0.540472567081451 0.574341058731079 0.574254274368286 0.587279677391052 0.585234642028809 0.585147500038147 0.593836545944214 0.590920567512512 0.578353941440582 0.582046687602997 0.618277192115784 0.619321584701538 0.63119500875473 0.638247787952423 0.650339424610138 0.658390402793884 0.658335506916046 0.659772157669067 0.658422470092773 0.659038305282593 0.662748575210571 0.666085302829742 0.661846101284027 0.67526763677597 0.679532408714294 0.679045379161835 0.710569441318512 0.680653393268585 0.674887716770172 0.668667137622833 0.684086680412292 0.713596343994141 0.737702429294586 0.69866955280304 0.738653659820557 0.681711792945862 0.677881002426147 0.700148344039917 0.699056386947632
0.541546821594238 0.541108429431915 0.538639008998871 0.5411576628685 0.535898864269257 0.542909920215607 0.54082453250885 0.552405416965485 0.553427815437317 0.555305123329163 0.595830857753754 0.608596622943878 0.598780691623688 0.597459614276886 0.590385854244232 0.579358875751495 0.587024927139282 0.592321634292603 0.627018690109253 0.627018690109253 0.635059714317322 0.643126249313354 0.644170701503754 0.653019428253174 0.652343809604645 0.65814208984375 0.654285907745361 0.654820799827576 0.671333611011505 0.6674924492836 0.670798480510712 0.675744771957397 0.681382179260254 0.652614951133728 0.651185929775238 0.641888022422791 0.686350643634796 0.714998781681061 0.715095520019531 0.715926885604858 0.707468748092651 0.740451991558075 0.730714023113251 0.683163642883301 0.713015377521515 0.710097014904022
0.542995572090149 0.554481744766235 0.543295621871948 0.537805259227753 0.550362586975098 0.540842115879059 0.542405962944031 0.553751885890961 0.566666722297668 0.569141745567322 0.5798499584198 0.621949851512909 0.622288107872009 0.630660772323608 0.6164271235466 0.598612606525421 0.607753872871399 0.63404256105423 0.637540876865387 0.643689870834351 0.644817173480988 0.643689870834351 0.645777583122253 0.647581994533539 0.649302065372467 0.650203287601471 0.619166612625122 0.644733250141144 0.666626870632172 0.652508914470673 0.675506770610809 0.639917314052582 0.64935177564621 0.64597362279892 0.636673927307129 0.685821533203125 0.689724564552307 0.71795243024826 0.716886222362518 0.711652219295502 0.745559632778168 0.74408096075058 0.706361174583435 0.687384784221649 0.694405019283295 0.717182993888855
0.538709461688995 0.54529732465744 0.532748937606812 0.529362201690674 0.545173525810242 0.515763640403748 0.54418009519577 0.553554594516754 0.566134572029114 0.578871428966522 0.588970601558685 0.620117723941803 0.628181934356689 0.640612840652466 0.637514591217041 0.619077980518341 0.60336297750473 0.638696432113647 0.639966785907745 0.639966785907745 0.654002606868744 0.66022139787674 0.654565513134003 0.645747661590576 0.652455925941467 0.653131544589996 0.646874666213989 0.661345720291138 0.663593590259552 0.630188703536987 0.626690983772278 0.644846796989441 0.656629920005798 0.640226304531097 0.657980144023895 0.689404666423798 0.690109372138977 0.692257940769196 0.714178621768951 0.718002021312714 0.720812499523163 0.717097878456116 0.693456590175629 0.695374310016632 0.697578310966492 0.698257744312286
0.533753454685211 0.527725219726562 0.521511912345886 0.528783798217773 0.53362500667572 0.537345349788666 0.54659229516983 0.553905189037323 0.571279287338257 0.585049152374268 0.593036234378815 0.606465339660645 0.643295168876648 0.644535183906555 0.636473536491394 0.667264640331268 0.662551581859589 0.644025683403015 0.65163642168045 0.646563112735748 0.647013902664185 0.652875185012817 0.650480151176453 0.65940397977829 0.664237141609192 0.662694573402405 0.656478762626648 0.679036855697632 0.677297711372375 0.663870275020599 0.640284359455109 0.645893812179565 0.640143632888794 0.652567863464355 0.688879013061523 0.689739525318146 0.689628183841705 0.688588321208954 0.691885530948639 0.723050475120544 0.718334197998047 0.675636053085327 0.673371970653534 0.679218113422394 0.677987813949585 0.673568665981293
0.540035665035248 0.524123191833496 0.521545648574829 0.539809763431549 0.537658929824829 0.515550255775452 0.552700936794281 0.56862461566925 0.574398398399353 0.59101527929306 0.60410338640213 0.610322177410126 0.648590624332428 0.653611838817596 0.653048872947693 0.676855862140656 0.675202429294586 0.675298035144806 0.67299473285675 0.673274040222168 0.668564200401306 0.670134842395782 0.654309034347534 0.653971254825592 0.694749593734741 0.707637667655945 0.675597071647644 0.670523166656494 0.676295578479767 0.679590225219727 0.640485286712646 0.622938692569733 0.64595103263855 0.654524326324463 0.658058345317841 0.687189280986786 0.686591327190399 0.685938060283661 0.695991933345795 0.694893777370453 0.681686460971832 0.680569052696228 0.680345475673676 0.687174499034882 0.681630671024323 0.67657059431076
