data/climate_estimation/maxent_output/Chamaelirium_luteum.asc
NCOLS 244 
NROWS 152 
XLLCORNER -92.75 
YLLCORNER 30.4166666666667 
CELLSIZE 0.0833333333333333 
NODATA_value -3.4e+38 
[rows 21 to 41 of 152, columns 0 to 45 of 244]
0.00134677940513939 0.00110644975211471 0.000789036392234266 0.000697520154062659 0.000693128502462059 0.00057067460147664 0.000507176446262747 0.00061304250266403 0.000709371524862945 0.000769621517974883 0.000881348911207169 0.00106539414264262 0.00120988953858614 0.00130981055554003 0.00141710939351469 0.00124976027291268 0.00123632897157222 0.00131595996208489 0.00130376021843404 0.00129616027697921 0.00138118618633598 0.0015981721226126 0.00197819364257157 0.00212197098881006 0.00243955408222973 0.00293841143138707 0.00357100740075111 0.00354908732697368 0.00311472825706005 0.003056411864236 0.00307285087183118 0.00329447770491242 0.0029354786965996 0.00257710530422628 0.00258509162813425 0.00260854279622436 0.00298599456436932 0.00296661886386573 0.00296025676652789 0.00290165538899601 0.00283706490881741 0.00300454278476536 0.00345185492187738 0.0042251730337739 0.00489272177219391 0.00604550912976265
0.00154421955812722 0.00112306547816843 0.000915830722078681 0.000807658885605633 0.000710708671249449 0.000710276537574828 0.000715792237315327 0.000714561203494668 0.000884769600816071 0.000889870396349579 0.00108045118395239 0.00123901607003063 0.00123021518811584 0.00134536845143884 0.00143037340603769 0.00143960572313517 0.001252495450899 0.0013309835921973 0.00115897483192384 0.00139854161534458 0.00139486533589661 0.00172447215300053 0.00197696918621659 0.00257734372280538 0.00296299415640533 0.00364184519276023 0.00358822429552674 0.00355561031028628 0.00382072082720697 0.00380732608027756 0.00376185262575746 0.00374492001719773 0.00379498302936554 0.00297812465578318 0.00279628112912178 0.00314523535780609 0.00316783739253879 0.0031878836452961 0.0035970127210021 0.00311695458367467 0.00304507906548679 0.00367414974607527 0.00423341058194637 0.00523039000108838 0.00598584907129407 0.00733975786715746
0.00158130575437099 0.00112731568515301 0.000928764056880027 0.000936361029744148 0.000826224451884627 0.000835022772662342 0.000835602695588022 0.000898548169061542 0.00110473309177905 0.00126002647448331 0.00134736066684127 0.00154017528984696 0.00163491035345942 0.0016519904602319 0.00175998685881495 0.00176538631785661 0.00154697324614972 0.00134917243849486 0.00116955547127873 0.00141451857052743 0.00169973121955991 0.00172645854763687 0.00240309326909482 0.00257013365626335 0.00357821444049478 0.00387391936965287 0.003617794951424 0.00385104538872838 0.00383595004677773 0.00381721509620547 0.00379361654631793 0.00377709232270718 0.00409504119306803 0.00357123417779803 0.00380445877090096 0.00340703246183693 0.00386429717764258 0.00358121376484632 0.00384049117565155 0.00350515777245164 0.00347128161229193 0.00420694751664996 0.00517271133139729 0.00594853470101953 0.0072862533852458 0.00896123144775629
0.00135278492234647 0.00116772612091154 0.000956810428760946 0.000944089551921934 0.000841686152853072 0.000847864546813071 0.000915638462174684 0.00111874216236174 0.00129115418531001 0.00145927653647959 0.00157157145440578 0.00167061877436936 0.00189281033817679 0.00205595325678587 0.00205054646357894 0.00178732420317829 0.00176325300708413 0.00166535377502441 0.00165200815536082 0.00164044741541147 0.00171757128555328 0.00185539876110852 0.00242516095750034 0.00313957664184272 0.00387833104468882 0.00441017234697938 0.00439137686043978 0.00386736309155822 0.00386242428794503 0.00388394296169281 0.00383211905136704 0.00404595537111163 0.00401848601177335 0.00432199891656637 0.0037977360188961 0.00382690038532019 0.00382993067614734 0.00434950133785605 0.00430750567466021 0.00427872454747558 0.00425627920776606 0.00518469559028745 0.00587026262655854 0.00731517421081662 0.00889716297388077 0.0101451342925429
0.0013766234042123 0.00111847301013768 0.000981839257292449 0.00097575772088021 0.000863025197759271 0.000932386959902942 0.00106808461714536 0.00115191238000989 0.00140053161885589 0.00161419610958546 0.00172341533470899 0.00196054810658097 0.00207577110268176 0.00208283145911992 0.00234606373123825 0.00204557203687727 0.00216795364394784 0.00188491004519165 0.00184896297287196 0.00197647116146982 0.00173560762777925 0.00211350596509874 0.00278580305166543 0.00391491688787937 0.00503974687308073 0.00620772130787373 0.00479496596381068 0.00387091492302716 0.00343345641158521 0.00417817197740078 0.00410948134958744 0.00404822779819369 0.0042858817614615 0.00427898345515132 0.00461594015359879 0.00464800745248795 0.00524178799241781 0.00527817569673061 0.00524999899789691 0.00517505966126919 0.00587714277207851 0.00590358348563313 0.00812722183763981 0.0100817354395986 0.0101476134732366 0.0101893879473209
0.00108122557867318 0.00100527866743505 0.00100057863164693 0.000887452275492251 0.000956225558184087 0.000953771290369332 0.00116034026723355 0.00117413559928536 0.00144012656528503 0.00175106315873563 0.00175035779830068 0.00211960915476084 0.00226762401871383 0.00226284028030932 0.00222264067269862 0.00218685693107545 0.00216596270911396 0.00213287468068302 0.00209498149342835 0.00221431907266378 0.00194328720681369 0.00239011715166271 0.00316962623037398 0.00444393046200275 0.00545082101598382 0.00625664414837956 0.00481668347492814 0.00421618344262242 0.00370623450726271 0.00366981932893395 0.00411174632608891 0.00496015045791864 0.0049458877183497 0.00522490497678518 0.00592690100893378 0.00591556075960398 0.0059363660402596 0.00596845429390669 0.00631115445867181 0.00630625477060676 0.00718306936323643 0.00812333822250366 0.00992857478559017 0.01005644723773 0.0115262232720852 0.0109456460922956
0.00102643016725779 0.000912257819436491 0.000910388596821576 0.000978871830739081 0.00097149022622034 0.000975335366092622 0.00118886725977063 0.00127813534345478 0.00156669004354626 0.00158564932644367 0.00193827995099127 0.00214853999204934 0.00229505589231849 0.00227087968960404 0.00274054240435362 0.00267483433708549 0.00264260708354414 0.0025861500762403 0.00253108493052423 0.00249331840313971 0.00249227602034807 0.00310100731439888 0.00387889589183033 0.00447905017063022 0.00550177926197648 0.00546301249414682 0.00485079549252987 0.00376030057668686 0.00376864289864898 0.00368883856572211 0.00442032748833299 0.00493135349825025 0.00600957265123725 0.00592108117416501 0.00590012688189745 0.00714772380888462 0.00719960872083902 0.00812152773141861 0.00707487761974335 0.00879472587257624 0.00992593262344599 0.00992686208337545 0.0100163975730538 0.0112924817949533 0.0121346367523074 0.0101004773750901
0.000916741730179638 0.000920796243008226 0.000920598278753459 0.000990640604868531 0.00106674956623465 0.000987265259027481 0.00121154356747866 0.00147706433199346 0.00160357798449695 0.00194063398521394 0.00193511496763676 0.0023439540527761 0.00232281931675971 0.00277078524231911 0.00272490945644677 0.00290023651905358 0.00285857170820236 0.00261368532665074 0.00307587836869061 0.00306810578331351 0.00351755786687136 0.00438916869461536 0.00443505868315697 0.00548118585720658 0.00557799730449915 0.00486801518127322 0.00427781557664275 0.00375133589841425 0.00331073370762169 0.00368344341404736 0.00506370794028044 0.006089155562222 0.00735680945217609 0.00828093197196722 0.00825229659676552 0.00883829966187477 0.00819376576691866 0.0099346749484539 0.00985240004956722 0.00995153095573187 0.0121918730437756 0.0114414729177952 0.0121299512684345 0.0121844662353396 0.0120495250448585 0.010735459625721
0.00112141203135252 0.00113627687096596 0.0012073531979695 0.00112332252319902 0.00120139156933874 0.00120924517977983 0.00131496414542198 0.00149223662447184 0.00159445800818503 0.00194360828027129 0.00235613761469722 0.00232892879284918 0.00281598418951035 0.0029981192201376 0.00295000616461039 0.00291029899381101 0.0028472593985498 0.00319942808710039 0.00316909374669194 0.00357379834167659 0.00438688462600112 0.00503874802961946 0.0051335864700377 0.00557071017101407 0.00493008317425847 0.00493008317425847 0.00432746019214392 0.00429186224937439 0.00424171471968293 0.00508768670260906 0.00618437258526683 0.00844535045325756 0.00953964702785015 0.01007573120296 0.0100608943030238 0.0099766543135047 0.0100658163428307 0.00990491546690464 0.0121823772788048 0.0121834212914109 0.0138747254386544 0.0123665845021605 0.0122962212190032 0.0123026948422194 0.0121749127283692 0.0106985820457339
0.00167087197769433 0.00138398201670498 0.00138240610249341 0.00121353380382061 0.0013010500697419 0.00130047078710049 0.00131430895999074 0.00159188825637102 0.00172241462860256 0.00209253164939582 0.00238079717382789 0.00285904761403799 0.00345995114184916 0.0034120271448046 0.00334600708447397 0.00331312557682395 0.00326796644367278 0.00370107148773968 0.00368833425454795 0.00412682350724936 0.00502681266516447 0.0051027056761086 0.00551600707694888 0.00552565976977348 0.00490517960861325 0.00429374491795897 0.00462931394577026 0.00522936182096601 0.00518160872161388 0.00618788180872798 0.00850271061062813 0.0101918382570148 0.0114797558635473 0.012295083142817 0.0120655978098512 0.00993763562291861 0.00990903470665216 0.0120583297684789 0.0121924625709653 0.0138415284454823 0.0150327989831567 0.0151949673891068 0.0151937454938889 0.0125890895724297 0.012424236163497 0.01237035356462
0.00277452659793198 0.00204679602757096 0.00168940017465502 0.00139203516300768 0.00148465833626688 0.00130250141955912 0.00140684575308114 0.00159534648992121 0.00196541845798492 0.00238764705136418 0.00267664343118668 0.00325873657129705 0.00391899095848203 0.00388725544326007 0.00382805103436112 0.00379090919159353 0.00372783443890512 0.0037409036885947 0.00374254817143083 0.0037545261438936 0.00448814872652292 0.00551760429516435 0.00517446221783757 0.00461265491321683 0.00491884863004088 0.00491884863004088 0.00525449775159359 0.00640216981992126 0.00709118787199259 0.00856892019510269 0.0102546140551567 0.0115126864984632 0.0137932505458593 0.0145674739032984 0.0119124446064234 0.0119301397353411 0.0120411785319448 0.0120246317237616 0.0121832974255085 0.0149180442094803 0.0151941189542413 0.0153860729187727 0.0152323758229613 0.0152967255562544 0.0152815822511911 0.0142153250053525
0.00387498224154115 0.00262264534831047 0.00207782024517655 0.00171004387084395 0.00182786537334323 0.00162055087275803 0.0016048721736297 0.00194023887161165 0.00195586052723229 0.00238531036302447 0.00325892074033618 0.00398552883416414 0.0044385171495378 0.00437480211257935 0.0043050772510469 0.00428559212014079 0.00430106511339545 0.00428026635199785 0.00379706919193268 0.00378910079598427 0.00453682709485292 0.00452176155522466 0.00493511324748397 0.00497167650610209 0.00596636533737183 0.00604483019560575 0.00724345305934548 0.00874549243599176 0.00871687941253185 0.0103743625804782 0.0123112360015512 0.0130358133465052 0.0144522646442056 0.0143797369673848 0.0144317112863064 0.0127898259088397 0.0129314539954066 0.0129985874518752 0.0122938882559538 0.0152126215398312 0.0154078416526318 0.0154078416526318 0.0155361695215106 0.0155882425606251 0.0155864311382174 0.0174918379634619
0.00534556293860078 0.00324685731902719 0.00235808920115232 0.00194476125761867 0.00171720329672098 0.00185757188592106 0.00197325716726482 0.00196316326037049 0.0023711328394711 0.00289565999992192 0.0032720067538321 0.00400240672752261 0.0044476892799139 0.00544995861127973 0.00602041045203805 0.00598456244915724 0.00567025458440185 0.00529546290636063 0.00466601038351655 0.00435532629489899 0.00465100537985563 0.00465441960841417 0.00562718324363232 0.00562438601627946 0.00683951750397682 0.0083917360752821 0.0100756408646703 0.010095945559442 0.0106558511033654 0.011944635771215 0.0125222010537982 0.0131274349987507 0.014671491459012 0.0155705641955137 0.0126898819580674 0.012712630443275 0.0129201728850603 0.0130955511704087 0.014948864467442 0.0152598228305578 0.0155794015154243 0.0157378427684307 0.0178230833262205 0.0179331637918949 0.0178407765924931 0.0217641815543175
0.00741701759397984 0.00372562231495976 0.00269955629482865 0.00238624960184097 0.00211476371623576 0.00228574220091105 0.00226153875701129 0.00242035905830562 0.0026762776542455 0.00326128490269184 0.00397745100781322 0.00452390313148499 0.00548875750973821 0.00620086211711168 0.00750677613541484 0.00733022531494498 0.00694298883900046 0.00604346580803394 0.00530583504587412 0.00471046380698681 0.00470058340579271 0.00571888452395797 0.00573733309283853 0.00687782233580947 0.00782892201095819 0.00959176011383533 0.0102274352684617 0.0122288735583425 0.0122825661674142 0.0128904581069946 0.013598496094346 0.0133358985185623 0.0130958901718259 0.0130079183727503 0.013069492764771 0.0129714356735349 0.01291230507195 0.0131941232830286 0.0149477189406753 0.0154560785740614 0.0157276727259159 0.0158345438539982 0.0180642828345299 0.0222111996263266 0.0250054206699133 0.0249978508800268
0.00749589130282402 0.00425069825723767 0.00253330147825181 0.00224063452333212 0.00260454439558089 0.00281971204094589 0.00278217834420502 0.00294696679338813 0.00328752840869129 0.00329787423834205 0.00398742454126477 0.00549806468188763 0.00622467789798975 0.00706580793485045 0.00751296244561672 0.00841318164020777 0.00841323006898165 0.0074974512681365 0.00580622209236026 0.00514227943494916 0.00513536483049393 0.00580060062929988 0.00699547724798322 0.0069356057792902 0.00843499135226011 0.0098146079108119 0.0121199954301119 0.0127226412296295 0.0122883655130863 0.0128979803994298 0.0136636476963758 0.0134224938228726 0.0142423184588552 0.0130829671397805 0.0139882611110806 0.0129231186583638 0.0129073821008205 0.0148575967177749 0.0169839225709438 0.0174001362174749 0.0176100544631481 0.0178214199841022 0.0218047667294741 0.0249534714967012 0.0254794862121344 0.0256500989198685
0.00764899980276823 0.00460747350007296 0.00312992813996971 0.00275944150052965 0.00262051285244524 0.00281083188019693 0.00340528576634824 0.0033707907423377 0.00400733249261975 0.00402239989489317 0.00456522731110454 0.00625694915652275 0.00670737866312265 0.0075555732473731 0.00907319504767656 0.00901270844042301 0.00915199611335993 0.00822566915303469 0.00597880315035582 0.0059103611856699 0.00588036049157381 0.00631774449720979 0.00714760180562735 0.0086211059242487 0.00975607056170702 0.0106602478772402 0.0129282455891371 0.0127159962430596 0.0134896263480186 0.0141617339104414 0.0139679266139865 0.0137458173558116 0.0135304573923349 0.0134226698428392 0.014186255633831 0.0139835979789495 0.0159175619482994 0.0158933736383915 0.0183361973613501 0.0211106613278389 0.0198825057595968 0.0216141771525145 0.0245387479662895 0.0306067168712616 0.0308076329529285 0.0349895134568214
0.00829321891069412 0.0049977395683527 0.00415756041184068 0.00325369671918452 0.00323820626363158 0.00344587629660964 0.00340679730288684 0.00410149758681655 0.00455980561673641 0.00451725348830223 0.00625278567895293 0.00678885728120804 0.00760120060294867 0.00914243143051863 0.00906740594655275 0.0109964674338698 0.00929976068437099 0.00827794335782528 0.00653435103595257 0.00639198394492269 0.00637096352875233 0.00719536235556006 0.00872239749878645 0.00872009433805943 0.0106122680008411 0.010690794326365 0.0114091075956821 0.0120999971404672 0.0121686086058617 0.0147518776357174 0.0143815791234374 0.0142236985266209 0.0139354020357132 0.013722088187933 0.0142606692388654 0.0141971344128251 0.0158650483936071 0.0159288495779037 0.0181044302880764 0.0208896473050117 0.0212234724313021 0.0262667778879404 0.0300099272280931 0.0344246663153172 0.0396567173302174 0.0395258739590645
0.006908015348017 0.00620118016377091 0.00450565526261926 0.00370948272757232 0.00396086229011416 0.00392040936276317 0.00389617402106524 0.0041866241954267 0.00499819731339812 0.00604514963924885 0.00679686432704329 0.00763687212020159 0.00913443695753813 0.00915191974490881 0.0110853901132941 0.00966292433440685 0.00986968819051981 0.00891014840453863 0.00788210146129131 0.00792408268898726 0.00780386384576559 0.00767545681446791 0.00875371042639017 0.00935682468116283 0.0105378041043878 0.0114056309685111 0.0113592948764563 0.0123352566733956 0.0124586122110486 0.0124769574031234 0.0133227370679379 0.0147812440991402 0.0143428249284625 0.0171061791479588 0.0166418310254812 0.0159929450601339 0.0157272685319185 0.0169413983821869 0.0194713696837425 0.0223519038408995 0.0259687844663858 0.0296164080500603 0.0340163707733154 0.0421058982610703 0.0543784759938717 0.0547405667603016
0.00764270266517997 0.00631028600037098 0.00458400044590235 0.00407006591558456 0.00401553325355053 0.00396699504926801 0.00424870010465384 0.00515267718583345 0.00626782048493624 0.0070431511849165 0.00849451497197151 0.00945122819393873 0.0112300394102931 0.0111528560519218 0.0111449575051665 0.00984795391559601 0.00974554196000099 0.00874686893075705 0.00944627169519663 0.007748584728688 0.00787841808050871 0.00881052855402231 0.00943425670266151 0.0093696853145957 0.0100118648260832 0.011339096352458 0.0115632023662329 0.0126793868839741 0.0127601306885481 0.0128420190885663 0.0128648765385151 0.015334464609623 0.0148732904344797 0.0174669213593006 0.0167330019176006 0.0198659766465425 0.0194156728684902 0.0193813405930996 0.0222052130848169 0.0254322122782469 0.0314240194857121 0.0361961908638477 0.041448250412941 0.0473986938595772 0.0548269115388393 0.0615631304681301
0.00715205864980817 0.00635632313787937 0.00571417296305299 0.00503507582470775 0.00499404734000564 0.004977623000741 0.00530269835144281 0.00593908876180649 0.00636409828439355 0.00757664907723665 0.0103408480063081 0.0116498526185751 0.0138257127255201 0.0122059499844909 0.0121696786954999 0.0121212583035231 0.0106868483126163 0.00921714212745428 0.0082155242562294 0.00840707123279572 0.0094718225300312 0.00961984228342772 0.0109015628695488 0.0115568321198225 0.0115150501951575 0.0115192672237754 0.012689814902842 0.0128369629383087 0.0131174325942993 0.0149316620081663 0.0149536989629269 0.0146730272099376 0.0171075966209173 0.0202545858919621 0.0196409113705158 0.0231861993670464 0.0224427673965693 0.0272087827324867 0.0273833703249693 0.0312467813491821 0.035949133336544 0.0412155762314796 0.0417292267084122 0.0477333962917328 0.0541414134204388 0.0659588798880577
0.00785719510167837 0.00650145066902041 0.00651139207184315 0.00582878803834319 0.005731794051826 0.00607988238334656 0.00608582189306617 0.00645729666575789 0.007303302641958 0.00865872763097286 0.0118153467774391 0.0142979938536882 0.0141409942880273 0.0140431886538863 0.0123184891417623 0.0131607251241803 0.0108325844630599 0.00964540988206863 0.0083434684202075 0.00945692509412766 0.0104092070832849 0.0118043627589941 0.0118042035028338 0.0117370467633009 0.0124855544418097 0.0125370873138309 0.0126734226942062 0.0129657266661525 0.0147719997912645 0.0149789908900857 0.0170321650803089 0.0179260298609734 0.0212117657065392 0.0249914638698101 0.024566974490881 0.0268771424889565 0.0283619668334723 0.0317837819457054 0.0384317375719547 0.0362027660012245 0.0440996512770653 0.0501635260879993 0.0504380017518997 0.0505737848579884 0.0581292100250721 0.0663413628935814
