data/climate_estimation/maxent_output/Chionographis_chinensis.asc
NCOLS 211 
NROWS 58 
XLLCORNER 100.833333333333 
YLLCORNER 23.25 
CELLSIZE 0.0833333333333333 
NODATA_value -3.4e+38 
[rows 0 to 19 of 58, columns 44 to 87 of 211]
0.323511630296707 0.318554371595383 0.32963040471077 0.323944598436356 0.352547734975815 0.325214356184006 0.321318864822388 0.270804584026337 0.2682985663414 0.294504731893539 0.336508452892303 0.324542731046677 0.292745351791382 0.26382452249527 0.284545630216599 0.321684181690216 0.327037006616592 0.317690014839172 0.308725088834763 0.304461747407913 0.31887948513031 0.355522453784943 0.363827258348465 0.341023772954941 0.354226469993591 0.372183918952942 0.354495346546173 0.343916475772858 0.351496279239655 0.359590113162994 0.373221516609192 0.410903096199036 0.426549553871155 0.462453901767731 0.457425743341446 0.438928037881851 0.463357746601105 0.473321199417114 0.488782554864883 0.516986072063446 0.525877833366394 0.489128887653351 0.500176548957825 0.482810884714127
0.231676891446114 0.263191789388657 0.30693331360817 0.266198873519897 0.272346258163452 0.293487727642059 0.279452204704285 0.253615766763687 0.226705253124237 0.236282005906105 0.270279079675674 0.254392296075821 0.249860510230064 0.235616594552994 0.23875130712986 0.264922231435776 0.279638379812241 0.287771433591843 0.2696553170681 0.273294806480408 0.308566123247147 0.320957154035568 0.350407093763351 0.310635030269623 0.334259450435638 0.364557892084122 0.353990077972412 0.341469466686249 0.365933060646057 0.38559553027153 0.391047835350037 0.439630687236786 0.454170823097229 0.452430725097656 0.431596547365189 0.460630655288696 0.48776251077652 0.521163046360016 0.534031629562378 0.540108978748322 0.540003061294556 0.546798229217529 0.507813811302185 0.503003478050232
0.201705887913704 0.185259118676186 0.197985306382179 0.185458049178123 0.198084324598312 0.209784314036369 0.20966836810112 0.190754413604736 0.201746165752411 0.21395680308342 0.227627664804459 0.236140608787537 0.225526630878448 0.230463892221451 0.2519790828228 0.241296321153641 0.255840182304382 0.266001135110855 0.294093668460846 0.286331117153168 0.288687467575073 0.312479466199875 0.379680782556534 0.327552795410156 0.344622284173965 0.364970624446869 0.35843750834465 0.380917489528656 0.382589936256409 0.404280930757523 0.432415693998337 0.438161730766296 0.472289979457855 0.465262889862061 0.45476022362709 0.450056076049805 0.504072844982147 0.534053981304169 0.520781338214874 0.541239500045776 0.550559222698212 0.534306287765503 0.560890913009644 0.546491384506226
0.217984676361084 0.210961192846298 0.200303480029106 0.19333827495575 0.179739326238632 0.175919994711876 0.203610971570015 0.205996111035347 0.224573224782944 0.217457011342049 0.229057267308235 0.243512615561485 0.244004622101784 0.230709165334702 0.259295552968979 0.266240209341049 0.273782908916473 0.301876783370972 0.347524791955948 0.340097427368164 0.346475660800934 0.369164556264877 0.368327140808105 0.328069478273392 0.35415306687355 0.346903324127197 0.359850943088531 0.369572669267654 0.403592437505722 0.416925758123398 0.446793496608734 0.457817018032074 0.505047857761383 0.465745538473129 0.487230867147446 0.52235996723175 0.548566937446594 0.524539887905121 0.518063604831696 0.544874012470245 0.570660531520844 0.578838646411896 0.576392352581024 0.572523415088654
0.154900804162025 0.188344702124596 0.210224479436874 0.161883071064949 0.151060685515404 0.173698738217354 0.188845589756966 0.19080950319767 0.20079879462719 0.230367839336395 0.215896293520927 0.207313001155853 0.247845456004143 0.269375056028366 0.285245150327682 0.292220830917358 0.319951295852661 0.331516712903976 0.338889360427856 0.333708196878433 0.356590837240219 0.33852431178093 0.361690372228622 0.328759223222733 0.360569596290588 0.355454742908478 0.371925592422485 0.398750871419907 0.428567349910736 0.444593220949173 0.465872019529343 0.500554978847504 0.526480376720428 0.490404516458511 0.543763816356659 0.53309154510498 0.545753419399261 0.517001092433929 0.5163654088974 0.558665812015533 0.5837042927742 0.592171013355255 0.606930315494537 0.589639961719513
0.131643146276474 0.155136182904243 0.151920184493065 0.162663295865059 0.14124321937561 0.164577946066856 0.168725535273552 0.159646853804588 0.184521347284317 0.194896697998047 0.193679809570312 0.206573650240898 0.233645647764206 0.254994928836823 0.240861564874649 0.275113463401794 0.282704830169678 0.323630481958389 0.303400695323944 0.330246180295944 0.344114452600479 0.360834419727325 0.357197105884552 0.344934701919556 0.36393541097641 0.378081202507019 0.400446146726608 0.416716337203979 0.442927926778793 0.471828281879425 0.495796531438828 0.515386939048767 0.532529175281525 0.527101099491119 0.528360903263092 0.512836098670959 0.560244977474213 0.546796500682831 0.550553500652313 0.53826916217804 0.573520064353943 0.594131708145142 0.580800712108612 0.57573390007019
0.122817516326904 0.133773371577263 0.144118681550026 0.129720434546471 0.13967627286911 0.141649752855301 0.148011520504951 0.160501345992088 0.172758683562279 0.173779293894768 0.190760731697083 0.215289443731308 0.225489377975464 0.222636088728905 0.219891667366028 0.277581572532654 0.243299439549446 0.30314427614212 0.312750995159149 0.31288805603981 0.339570075273514 0.360920786857605 0.371176421642303 0.39073657989502 0.40250238776207 0.407885938882828 0.41964927315712 0.434171766042709 0.453339815139771 0.473902672529221 0.48745396733284 0.499703884124756 0.522902071475983 0.51888632774353 0.495802879333496 0.499365001916885 0.573788940906525 0.55661553144455 0.538740575313568 0.527311086654663 0.581990301609039 0.563313066959381 0.520611763000488 0.513592481613159
0.114507049322128 0.125627905130386 0.129527360200882 0.126734718680382 0.132003799080849 0.137967437505722 0.140766784548759 0.155123502016068 0.15378001332283 0.163491383194923 0.171638935804367 0.197925269603729 0.201571330428123 0.198825895786285 0.2044418156147 0.259860247373581 0.225035414099693 0.27764505147934 0.278030842542648 0.313384026288986 0.367572605609894 0.377996265888214 0.393115311861038 0.412496149539948 0.414727419614792 0.432717442512512 0.452675253152847 0.446294814348221 0.464603573083878 0.470226943492889 0.484317809343338 0.495191335678101 0.512349843978882 0.529890239238739 0.502204298973083 0.558504462242126 0.577602028846741 0.579405605792999 0.602334260940552 0.583296835422516 0.568370640277863 0.513193607330322 0.538226068019867 0.568633913993835
0.106876209378242 0.113805495202541 0.121574461460114 0.128354862332344 0.141112476587296 0.142365351319313 0.146502271294594 0.14626769721508 0.152846276760101 0.164534494280815 0.176485121250153 0.186597421765327 0.194268479943275 0.209552004933357 0.203486979007721 0.249628767371178 0.220448195934296 0.261902093887329 0.285668253898621 0.304877012968063 0.354783028364182 0.373788982629776 0.391334414482117 0.411674559116364 0.435730993747711 0.446563601493835 0.457658588886261 0.472133755683899 0.485165536403656 0.504686415195465 0.518915176391602 0.512567698955536 0.540227830410004 0.532944917678833 0.573117315769196 0.589103579521179 0.58779501914978 0.610767066478729 0.588513910770416 0.589674115180969 0.574666023254395 0.544910192489624 0.54676342010498 0.521233797073364
0.100005030632019 0.10773853212595 0.116239242255688 0.127270102500916 0.141698524355888 0.143446072936058 0.140012502670288 0.144160524010658 0.158620625734329 0.169719859957695 0.184875637292862 0.196547150611877 0.215772241353989 0.221861615777016 0.204114839434624 0.231081858277321 0.226718932390213 0.261841058731079 0.303886592388153 0.344780385494232 0.368893623352051 0.390702962875366 0.364940047264099 0.407021373510361 0.435657978057861 0.462953478097916 0.469796687364578 0.492593765258789 0.496295183897018 0.508833825588226 0.523245930671692 0.529503643512726 0.53677225112915 0.570721745491028 0.598592579364777 0.542728781700134 0.547249257564545 0.572240233421326 0.591515839099884 0.609404504299164 0.614524483680725 0.599535167217255 0.52947199344635 0.544002652168274
0.107795134186745 0.114836744964123 0.125178396701813 0.141134783625603 0.150358736515045 0.147608175873756 0.150990724563599 0.154266446828842 0.16524812579155 0.17419296503067 0.198563426733017 0.224549487233162 0.235777243971825 0.225260645151138 0.229381874203682 0.245639026165009 0.254725158214569 0.281736671924591 0.322377622127533 0.380019396543503 0.388039976358414 0.411932408809662 0.388391077518463 0.443095058202744 0.46052211523056 0.476045846939087 0.483671575784683 0.489442765712738 0.508393168449402 0.501655578613281 0.527536511421204 0.549803972244263 0.551004648208618 0.54449188709259 0.556550800800323 0.556414008140564 0.550211548805237 0.539073050022125 0.569931924343109 0.585991740226746 0.644349217414856 0.589324593544006 0.531382501125336 0.541710555553436
0.110837779939175 0.117552578449249 0.130435451865196 0.135790228843689 0.148295253515244 0.156024873256683 0.164976537227631 0.166622474789619 0.17490716278553 0.177623331546783 0.192166939377785 0.205710604786873 0.253152012825012 0.231716856360435 0.270373910665512 0.293939471244812 0.30342224240303 0.338098704814911 0.366324424743652 0.394053906202316 0.420685887336731 0.424091905355453 0.442442744970322 0.456475168466568 0.461478710174561 0.466793149709702 0.487561464309692 0.462842226028442 0.492468804121017 0.499816209077835 0.538437604904175 0.558155536651611 0.544057369232178 0.512386620044708 0.525408506393433 0.548199772834778 0.534474611282349 0.561508297920227 0.576132595539093 0.616084218025208 0.584087371826172 0.581746578216553 0.580877006053925 0.579567193984985
0.110091619193554 0.116578698158264 0.121516682207584 0.133598104119301 0.141005784273148 0.164705887436867 0.184162274003029 0.204243823885918 0.214623242616653 0.201249659061432 0.193877205252647 0.204105973243713 0.271729946136475 0.288359731435776 0.320848613977432 0.354784190654755 0.355553567409515 0.387622237205505 0.4105404317379 0.420498311519623 0.430739134550095 0.431401491165161 0.461324959993362 0.464205682277679 0.463144838809967 0.461178839206696 0.487067967653275 0.461554795503616 0.46992963552475 0.494732260704041 0.530953705310822 0.539575934410095 0.546801030635834 0.504867672920227 0.509426653385162 0.527669012546539 0.517348766326904 0.550114393234253 0.597160875797272 0.612118482589722 0.625515997409821 0.620105981826782 0.633567452430725 0.651813209056854
0.110694080591202 0.116120129823685 0.119356088340282 0.129784762859344 0.141876235604286 0.148050218820572 0.166084006428719 0.204915538430214 0.216436713933945 0.249575227499008 0.266836225986481 0.271137923002243 0.305707365274429 0.342274874448776 0.365068763494492 0.394727766513824 0.412260770797729 0.41198393702507 0.428676128387451 0.434935718774796 0.458362936973572 0.467069804668427 0.48346334695816 0.479527682065964 0.47990545630455 0.474125325679779 0.483103305101395 0.477665036916733 0.506900429725647 0.53080803155899 0.531947612762451 0.532841563224792 0.536649346351624 0.512419164180756 0.509705007076263 0.515147686004639 0.516186237335205 0.562781393527985 0.607339084148407 0.619588911533356 0.588640332221985 0.596110105514526 0.619327366352081 0.633340358734131
0.114396601915359 0.119303159415722 0.124753296375275 0.140694156289101 0.162289693951607 0.161796107888222 0.197732493281364 0.213042974472046 0.218992099165916 0.250058621168137 0.296753376722336 0.320266455411911 0.336512595415115 0.356538742780685 0.373242944478989 0.412958443164825 0.426183521747589 0.416217267513275 0.430280953645706 0.460722357034683 0.487037390470505 0.494822978973389 0.500277936458588 0.503668963909149 0.494378924369812 0.50032377243042 0.502396583557129 0.510919392108917 0.515388548374176 0.51624983549118 0.52086478471756 0.525628268718719 0.519009828567505 0.53875333070755 0.522083461284637 0.546946406364441 0.54302453994751 0.576604306697845 0.596638858318329 0.589057922363281 0.583718240261078 0.568182110786438 0.601685583591461 0.584804773330688
0.124766252934933 0.15290679037571 0.133625522255898 0.151771113276482 0.197299465537071 0.198849871754646 0.20616988837719 0.212047040462494 0.220678225159645 0.26479959487915 0.319334864616394 0.30986812710762 0.364351332187653 0.365539461374283 0.392347067594528 0.423912644386292 0.456476092338562 0.461324244737625 0.47793909907341 0.491204261779785 0.491954386234283 0.519556939601898 0.514335751533508 0.522330105304718 0.523428082466125 0.504763603210449 0.518426120281219 0.514119923114777 0.521701633930206 0.526392817497253 0.539641320705414 0.546805024147034 0.556319057941437 0.551797926425934 0.53046065568924 0.555954039096832 0.575675904750824 0.587819457054138 0.598573207855225 0.606442093849182 0.606359720230103 0.581220746040344 0.612359285354614 0.618385970592499
0.125573232769966 0.133371591567993 0.170610174536705 0.185805529356003 0.212300270795822 0.234341561794281 0.238750964403152 0.249783501029015 0.261306554079056 0.262159287929535 0.284622043371201 0.30611065030098 0.33431875705719 0.349878311157227 0.399508088827133 0.456893295049667 0.481043219566345 0.491758167743683 0.500909388065338 0.515819072723389 0.525250673294067 0.530581772327423 0.534430146217346 0.524623394012451 0.541356563568115 0.54938417673111 0.54380738735199 0.543045341968536 0.540254175662994 0.551213562488556 0.538118422031403 0.53656131029129 0.554473221302032 0.526900827884674 0.54426509141922 0.572970449924469 0.58570396900177 0.595790207386017 0.596258699893951 0.582997500896454 0.594644844532013 0.612464606761932 0.621311604976654 0.601330876350403
0.168006747961044 0.167581245303154 0.148375630378723 0.203827604651451 0.216836482286453 0.24784804880619 0.241720363497734 0.304263055324554 0.339535564184189 0.302250057458878 0.331931918859482 0.293416678905487 0.32381546497345 0.343658238649368 0.42500627040863 0.474448323249817 0.482717275619507 0.520487606525421 0.522517740726471 0.549230217933655 0.540776789188385 0.554765820503235 0.549885809421539 0.547649025917053 0.561072826385498 0.572555422782898 0.56768000125885 0.545821845531464 0.552097141742706 0.537252008914948 0.523509442806244 0.549267888069153 0.561850070953369 0.525369644165039 0.534588396549225 0.581815123558044 0.58906751871109 0.603990793228149 0.573725163936615 0.584210693836212 0.595574855804443 0.622103452682495 0.586848556995392 0.592197477817535
0.205863878130913 0.192615985870361 0.171730905771255 0.19717963039875 0.247197985649109 0.268151551485062 0.267702609300613 0.302422910928726 0.374270409345627 0.375479727983475 0.402928948402405 0.370515316724777 0.383813709020615 0.437075316905975 0.469353526830673 0.476121932268143 0.493987947702408 0.526856899261475 0.555295646190643 0.576014518737793 0.554337918758392 0.559417486190796 0.571135222911835 0.578592538833618 0.573898434638977 0.579118490219116 0.551654160022736 0.560188055038452 0.557039260864258 0.535172641277313 0.538383960723877 0.567843377590179 0.564308106899261 0.543501555919647 0.561123728752136 0.568985521793365 0.578197300434113 0.594676434993744 0.588631391525269 0.620825290679932 0.617125689983368 0.600095748901367 0.57951807975769 0.581350684165955
0.182704731822014 0.236378207802773 0.189394116401672 0.214912265539169 0.293424516916275 0.339888244867325 0.335073977708817 0.359108239412308 0.384894758462906 0.433105856180191 0.46453446149826 0.40539962053299 0.443095922470093 0.516153335571289 0.55242657661438 0.550565779209137 0.570664525032043 0.571322500705719 0.594354450702667 0.599103569984436 0.58573967218399 0.594770431518555 0.589111328125 0.597694218158722 0.590332269668579 0.584639668464661 0.564894378185272 0.567750036716461 0.564776122570038 0.556682646274567 0.551792979240417 0.568452477455139 0.556066572666168 0.523285984992981 0.554077088832855 0.566931366920471 0.589323699474335 0.587694942951202 0.617192506790161 0.625871956348419 0.586623191833496 0.580184519290924 0.572021067142487 0.560115098953247
