data/climate_estimation/maxent_output/Chionographis_japonica.asc
NCOLS 186 
NROWS 135 
XLLCORNER 125 
YLLCORNER 31.75 
CELLSIZE 0.0833333333333333 
NODATA_value -3.4e+38 
[rows 23 to 45 of 135, columns 0 to 51 of 186]
0.234862774610519 0.240158781409264 0.229321956634521 0.246653825044632 0.24098227918148 0.246615216135979 0.243148908019066 0.234152093529701 0.228954881429672 0.230281874537468 0.228390261530876 0.227375060319901 0.228126034140587 0.235050588846207 0.217570424079895 0.225371822714806 0.212941646575928 0.195782348513603 0.183552861213684 0.204439476132393 0.18339504301548 0.14600895345211 0.122121289372444 0.0945726111531258 0.0828977599740028 0.0919286385178566 0.0711842030286789 0.0913575664162636 0.082467332482338 0.0683577731251717 0.0566983036696911 0.0522027760744095 0.0579505153000355 0.0478320494294167 0.0417717769742012 0.0288502536714077 0.0262108836323023 0.0203241016715765 0.013765711337328 0.0112333782017231 0.0144738676026464 0.0161437802016735 0.019152419641614 0.0250934418290854 0.022018501535058 0.0169797632843256 0.0151891447603703 0.0220876671373844 0.0133313406258821 0.00991324335336685 0.00831933133304119 0.00655929325148463
0.248919397592545 0.242203518748283 0.252108216285706 0.259822219610214 0.255839824676514 0.251772880554199 0.252672553062439 0.239203900098801 0.231945782899857 0.240301996469498 0.247101739048958 0.232719272375107 0.240783482789993 0.238070711493492 0.225957527756691 0.220745459198952 0.203236490488052 0.193322375416756 0.202358826994896 0.215363472700119 0.168461441993713 0.126038417220116 0.115470483899117 0.0823439285159111 0.0959148034453392 0.100406125187874 0.0769378170371056 0.101684242486954 0.0754302442073822 0.0830628797411919 0.0630732104182243 0.0644664615392685 0.0498643666505814 0.0523941963911057 0.0539291091263294 0.0272918529808521 0.0211369358003139 0.0172099992632866 0.0148443588986993 0.0141490288078785 0.021004781126976 0.0230138562619686 0.0196676589548588 0.018280915915966 0.0245271995663643 0.0131397256627679 0.0150339715182781 0.0180617645382881 0.0150679443031549 0.0107683753594756 0.0065306955948472 0.00481724040582776
0.255524277687073 0.26366451382637 0.265781253576279 0.253125935792923 0.243391767144203 0.248031750321388 0.249670073390007 0.24923175573349 0.256027728319168 0.258931279182434 0.25492987036705 0.247856467962265 0.239980101585388 0.233998596668243 0.213301584124565 0.17318919301033 0.16717492043972 0.16814361512661 0.204955101013184 0.159581035375595 0.135170042514801 0.135526090860367 0.0935418233275414 0.0831067711114883 0.0819424241781235 0.0943697392940521 0.105538219213486 0.0997572019696236 0.0967023372650146 0.0833419188857079 0.0782266184687614 0.053726963698864 0.0593774430453777 0.0610826388001442 0.0481648184359074 0.0311845410615206 0.0306162983179092 0.0262705255299807 0.0254095774143934 0.0201043728739023 0.0205981303006411 0.0177120808511972 0.014606561511755 0.0171388275921345 0.0286332163959742 0.0132514871656895 0.0131353698670864 0.0162260681390762 0.0110908532515168 0.00741188880056143 0.00558306602761149 0.0041624098084867
0.260333985090256 0.259121894836426 0.253054946660995 0.246248200535774 0.248744308948517 0.250980615615845 0.256953179836273 0.26537898182869 0.259250283241272 0.249481648206711 0.2369354814291 0.221019193530083 0.210593223571777 0.197040945291519 0.208921760320663 0.204168260097504 0.181057721376419 0.142665788531303 0.212052971124649 0.165755808353424 0.160401463508606 0.135099932551384 0.0998949632048607 0.0584160313010216 0.0768144875764847 0.087682694196701 0.0941015779972076 0.0616005659103394 0.0613882467150688 0.0782391130924225 0.078140527009964 0.0512186959385872 0.0428638942539692 0.0535826534032822 0.0627268925309181 0.0410203598439693 0.0523219853639603 0.0286602228879929 0.0278258360922337 0.0223971772938967 0.0226107779890299 0.0135619631037116 0.0176253672689199 0.0188769996166229 0.0267958119511604 0.0152867529541254 0.0105393417179585 0.0164910778403282 0.0104416338726878 0.00674416590481997 0.00451434915885329 0.00451970472931862
0.264357954263687 0.270281493663788 0.272958844900131 0.272747308015823 0.264441251754761 0.274891227483749 0.266506791114807 0.255813091993332 0.246087595820427 0.226768717169762 0.226135402917862 0.20427280664444 0.180613934993744 0.201131850481033 0.183634057641029 0.148761406540871 0.183022916316986 0.19301700592041 0.143083944916725 0.137421622872353 0.131123587489128 0.102437511086464 0.104659795761108 0.0800818130373955 0.0787954032421112 0.0955594182014465 0.0958684459328651 0.085881344974041 0.0804161205887794 0.066960521042347 0.0791263729333878 0.0551763959228992 0.0412003472447395 0.0451737754046917 0.05998694896698 0.0533329993486404 0.0452525429427624 0.0354547016322613 0.0312318950891495 0.0302476063370705 0.0242998320609331 0.0160588007420301 0.0133572733029723 0.0141508374363184 0.0125984074547887 0.0170105826109648 0.00989816058427095 0.0122883673757315 0.0103929899632931 0.0062130312435329 0.00376694346778095 0.00424807472154498
0.284119039773941 0.283450692892075 0.285520553588867 0.283046126365662 0.274517118930817 0.274706304073334 0.250833302736282 0.244374603033066 0.249532341957092 0.234544664621353 0.21282547712326 0.218060240149498 0.174838081002235 0.146770521998405 0.143706008791924 0.143519759178162 0.186928063631058 0.211532562971115 0.157717004418373 0.148490488529205 0.117827519774437 0.136914417147636 0.133405551314354 0.0887200981378555 0.078761138021946 0.0753785669803619 0.084138035774231 0.0958304032683372 0.0689071342349052 0.064135454595089 0.0828585550189018 0.0656894072890282 0.0528950169682503 0.0495698340237141 0.068831667304039 0.0603332668542862 0.0570312030613422 0.0448619313538074 0.0370962806046009 0.0304524656385183 0.0248452331870794 0.0246356688439846 0.0184695459902287 0.0187917929142714 0.0130201857537031 0.0121605265885592 0.0123696848750114 0.00923591665923595 0.0114410119131207 0.00851364899426699 0.00647679483518004 -3.4e+38
0.292061179876328 0.282146334648132 0.269639760255814 0.239829525351524 0.245162978768349 0.260449528694153 0.24827615916729 0.225473091006279 0.252637594938278 0.24215929210186 0.22630250453949 0.204059600830078 0.143166556954384 0.136260718107224 0.134234189987183 0.170481756329536 0.198686480522156 0.204490467905998 0.191538095474243 0.175325274467468 0.167642071843147 0.143748313188553 0.134999215602875 0.0844533070921898 0.0774325281381607 0.0996804535388947 0.107567265629768 0.0859040841460228 0.083006389439106 0.0676336884498596 0.0885573700070381 0.0850594192743301 0.073225274682045 0.0548531338572502 0.0703090727329254 0.0709400624036789 0.0393922887742519 0.0334448255598545 0.031584843993187 0.0229449104517698 0.0274658743292093 0.0250333826988935 0.0266298819333315 0.0218079872429371 0.0188369080424309 0.0123312873765826 0.0102334832772613 0.00888717547059059 0.0100588267669082 0.00908398069441319 -3.4e+38 -3.4e+38
0.288516253232956 0.263560712337494 0.261960119009018 0.21609553694725 0.199231818318367 0.237156167626381 0.228988215327263 0.223634794354439 0.220444574952126 0.244225651025772 0.241196110844612 0.156279712915421 0.189398005604744 0.167684867978096 0.159750699996948 0.190642386674881 0.190810993313789 0.145022436976433 0.156194269657135 0.144924804568291 0.129898831248283 0.15741665661335 0.143228486180305 0.0962553918361664 0.0959074050188065 0.106112368404865 0.108182087540627 0.105235181748867 0.0739337578415871 0.0651296824216843 0.0803693607449532 0.0849040895700455 0.0643678456544876 0.0673395991325378 0.0733367875218391 0.0574084632098675 0.0528950169682503 0.0352546460926533 0.0259954538196325 0.0215879008173943 0.0259683914482594 0.0232437681406736 0.0188516154885292 0.0170022509992123 0.0132618360221386 0.011701287701726 0.00984707102179527 0.00906528253108263 0.00866806693375111 0.00899272318929434 -3.4e+38 -3.4e+38
0.274022936820984 0.264633387327194 0.24663083255291 0.247511848807335 0.232464611530304 0.224193081259727 0.218782097101212 0.211117461323738 0.223321661353111 0.231410756707191 0.246309369802475 0.230026736855507 0.222613155841827 0.203820392489433 0.203106716275215 0.21613635122776 0.184216260910034 0.202725306153297 0.201427549123764 0.176104262471199 0.175110667943954 0.115188799798489 0.105575330555439 0.0772806629538536 0.0852217078208923 0.0796922668814659 0.104365341365337 0.100054338574409 0.0751804783940315 0.0792781859636307 0.112793400883675 0.108928576111794 0.11151384562254 0.0899152830243111 0.0666992664337158 0.0561264082789421 0.0490087047219276 0.0360099300742149 0.0274693612009287 0.0206633899360895 0.0319788008928299 0.0219444949179888 0.0161226782947779 0.0154379988089204 0.0143019575625658 0.0122883412986994 0.0102819809690118 -3.4e+38 -3.4e+38 -3.4e+38 -3.4e+38 -3.4e+38
0.240275025367737 0.256013184785843 0.262134671211243 0.255266070365906 0.23639877140522 0.261176705360413 0.247343525290489 0.230322301387787 0.212509647011757 0.214623138308525 0.234760031104088 0.233773082494736 0.221392840147018 0.223969042301178 0.237668052315712 0.23565748333931 0.230022013187408 0.220230355858803 0.228523388504982 0.217069208621979 0.175005286931992 0.121692322194576 0.0908718109130859 0.119245894253254 0.0714365392923355 0.0746764466166496 0.0924175232648849 0.100752077996731 0.0810322165489197 0.15475706756115 0.0933312922716141 0.0667975023388863 0.0689345300197601 0.0630824863910675 0.0879113152623177 0.086918406188488 0.0493326783180237 0.0306720416992903 0.0233634263277054 0.0214114356786013 0.035608034580946 0.0284736584872007 0.0190200340002775 0.0134269716218114 0.0116634592413902 -3.4e+38 -3.4e+38 -3.4e+38 -3.4e+38 -3.4e+38 -3.4e+38 -3.4e+38
0.229939684271812 0.251281797885895 0.27105849981308 0.254550993442535 0.248186200857162 0.267973363399506 0.265151083469391 0.23867891728878 0.250292629003525 0.23674339056015 0.242133989930153 0.238362029194832 0.243259161710739 0.24771049618721 0.26134181022644 0.261722534894943 0.257871985435486 0.241305559873581 0.213548883795738 0.1854168176651 0.164772644639015 0.107580691576004 0.121795363724232 0.141335397958755 0.101776763796806 0.0762512013316154 0.1016506254673 0.145365431904793 0.137986123561859 0.166040018200874 0.0801697820425034 0.0916732922196388 0.127008691430092 0.0930347666144371 0.0801800563931465 0.0689049288630486 0.0555255711078644 0.0433801896870136 0.0272982306778431 0.0208675153553486 0.0214503537863493 0.021810844540596 0.0201427526772022 0.0168274361640215 -3.4e+38 -3.4e+38 -3.4e+38 -3.4e+38 -3.4e+38 -3.4e+38 -3.4e+38 -3.4e+38
0.251277983188629 0.25468173623085 0.270389020442963 0.268570691347122 0.26951590180397 0.257137149572372 0.273843348026276 0.255436211824417 0.259285420179367 0.262465000152588 0.275534152984619 0.259740769863129 0.258841127157211 0.260509163141251 0.25774422287941 0.256051361560822 0.246369272470474 0.212206229567528 0.170309081673622 0.14528813958168 0.164516851305962 0.129359364509583 0.14704754948616 0.158006221055984 0.127245977520943 0.106520757079124 0.128020629286766 0.190088883042336 0.189485400915146 0.115927755832672 0.09019785374403 0.121743589639664 0.102900967001915 0.0811411142349243 0.0458708889782429 0.0440990068018436 0.0517559498548508 0.0362353883683681 0.034236453473568 0.0262883696705103 0.0207959078252316 0.0199655275791883 0.0190701577812433 -3.4e+38 -3.4e+38 -3.4e+38 -3.4e+38 -3.4e+38 -3.4e+38 -3.4e+38 -3.4e+38 -3.4e+38
0.257977932691574 0.246091410517693 0.271370500326157 0.258984714746475 0.270712971687317 0.273503184318542 0.263900607824326 0.258216202259064 0.275339126586914 0.279661804437637 0.28098401427269 0.268374472856522 0.266905099153519 0.270033866167068 0.259377181529999 0.196254178881645 0.175301626324654 0.21872378885746 0.143034815788269 0.20499162375927 0.181766614317894 0.170649379491806 0.159250408411026 0.176194280385971 0.127126067876816 0.153027683496475 0.150499761104584 0.18033803999424 0.17455480992794 0.112710021436214 0.0902758613228798 0.0836622193455696 0.0838765054941177 0.0835680812597275 0.0485874712467194 0.0409453436732292 0.0367903672158718 0.0332445316016674 0.0312082469463348 0.0265749022364616 0.0236185621470213 -3.4e+38 -3.4e+38 -3.4e+38 -3.4e+38 -3.4e+38 -3.4e+38 -3.4e+38 -3.4e+38 -3.4e+38 -3.4e+38 -3.4e+38
0.25520059466362 0.256659865379333 0.272897273302078 0.274671822786331 0.275651931762695 0.27833479642868 0.278425514698029 0.265774071216583 0.268895119428635 0.284918993711472 0.284362107515335 0.273599684238434 0.273835480213165 0.267259448766708 0.224000528454781 0.198014453053474 0.18765564262867 0.191914930939674 0.21216806769371 0.218997284770012 0.221541941165924 0.19980126619339 0.19937364757061 0.181955456733704 0.128092795610428 0.150026276707649 0.194322988390923 0.183404549956322 0.205896466970444 0.132948771119118 0.102146416902542 0.0896458774805069 0.102591522037983 0.0840966701507568 0.057811826467514 0.0465892367064953 -3.4e+38 -3.4e+38 0.0326997637748718 -3.4e+38 -3.4e+38 -3.4e+38 -3.4e+38 -3.4e+38 -3.4e+38 -3.4e+38 -3.4e+38 -3.4e+38 -3.4e+38 -3.4e+38 -3.4e+38 -3.4e+38
0.26793447136879 0.269556105136871 0.274218291044235 0.272054523229599 0.277407199144363 0.279740780591965 0.279528260231018 0.284476488828659 0.276638388633728 0.286471217870712 0.279658198356628 0.27862948179245 0.278820008039474 0.265718966722488 0.267770379781723 0.260600984096527 0.249397993087769 0.247144237160683 0.244279444217682 0.198309004306793 0.171201646327972 0.184260830283165 0.149012133479118 0.147980526089668 0.13360795378685 0.153442993760109 0.20524437725544 0.205342948436737 0.216474533081055 0.180234432220459 0.132298395037651 0.113641791045666 0.10289067029953 0.0812969133257866 0.0731111392378807 -3.4e+38 -3.4e+38 -3.4e+38 -3.4e+38 -3.4e+38 -3.4e+38 -3.4e+38 -3.4e+38 -3.4e+38 -3.4e+38 -3.4e+38 -3.4e+38 -3.4e+38 -3.4e+38 -3.4e+38 -3.4e+38 -3.4e+38
0.271182328462601 0.269203752279282 0.272568643093109 0.273694157600403 0.270978271961212 0.280458092689514 0.282492876052856 0.284820288419724 0.287427932024002 0.280764758586884 0.284522980451584 0.2829809486866 0.263353496789932 0.23969928920269 0.271424561738968 0.276942104101181 0.273584544658661 0.258751720190048 0.251438438892365 0.227398604154587 0.190725907683372 0.191025272011757 0.191485092043877 0.140851423144341 0.149947464466095 0.176844596862793 0.206149980425835 0.209286108613014 0.21596571803093 0.210084035992622 0.19400417804718 0.139967501163483 0.123241260647774 -3.4e+38 -3.4e+38 -3.4e+38 -3.4e+38 -3.4e+38 -3.4e+38 -3.4e+38 -3.4e+38 -3.4e+38 -3.4e+38 -3.4e+38 -3.4e+38 -3.4e+38 -3.4e+38 -3.4e+38 -3.4e+38 -3.4e+38 -3.4e+38 -3.4e+38
0.270990908145905 0.270733743906021 0.273982465267181 0.276362538337708 0.278342336416245 0.281787395477295 0.283828169107437 0.284388184547424 0.282410562038422 0.291574984788895 0.292959302663803 0.284254729747772 0.272570043802261 0.248807683587074 0.259910583496094 0.263923823833466 0.252492368221283 0.257777959108353 0.257124722003937 0.240790620446205 0.190581724047661 0.187482193112373 0.230467021465302 0.202681183815002 0.214910075068474 0.202663496136665 0.20915687084198 0.21740597486496 0.215587005019188 0.209799289703369 0.202529892325401 -3.4e+38 -3.4e+38 -3.4e+38 -3.4e+38 -3.4e+38 -3.4e+38 -3.4e+38 -3.4e+38 -3.4e+38 -3.4e+38 -3.4e+38 -3.4e+38 -3.4e+38 -3.4e+38 -3.4e+38 -3.4e+38 -3.4e+38 -3.4e+38 -3.4e+38 -3.4e+38 -3.4e+38
0.268489331007004 0.271958023309708 0.273723155260086 0.277451813220978 0.280007153749466 0.283800184726715 0.2846639752388 0.283989429473877 0.286352634429932 0.291124552488327 0.297610878944397 0.289684981107712 0.260529726743698 0.267345875501633 0.259047627449036 0.273247897624969 0.268403083086014 0.263011455535889 0.254107296466827 0.246956273913383 0.221881166100502 0.227421134710312 0.236425071954727 0.21047879755497 0.219108700752258 0.221626058220863 0.220655977725983 0.218018710613251 0.214484453201294 0.210112765431404 0.205249220132828 -3.4e+38 -3.4e+38 -3.4e+38 -3.4e+38 -3.4e+38 -3.4e+38 -3.4e+38 -3.4e+38 -3.4e+38 -3.4e+38 -3.4e+38 -3.4e+38 -3.4e+38 -3.4e+38 -3.4e+38 -3.4e+38 -3.4e+38 -3.4e+38 -3.4e+38 -3.4e+38 -3.4e+38
-3.4e+38 0.269084483385086 0.273517161607742 0.276305824518204 0.281737864017487 0.285147726535797 0.289218366146088 0.290052175521851 0.294922977685928 0.296291887760162 0.303094327449799 0.303122758865356 0.283640533685684 0.266045153141022 0.267171233892441 0.281313300132751 0.275482982397079 0.260896325111389 0.255701988935471 0.230987429618835 0.213761299848557 0.227520048618317 0.226738080382347 0.216057345271111 0.231454685330391 0.229002729058266 0.23094654083252 0.228779852390289 0.232255026698112 0.226747289299965 0.219663977622986 -3.4e+38 -3.4e+38 -3.4e+38 -3.4e+38 -3.4e+38 -3.4e+38 -3.4e+38 -3.4e+38 -3.4e+38 -3.4e+38 -3.4e+38 -3.4e+38 -3.4e+38 -3.4e+38 -3.4e+38 -3.4e+38 -3.4e+38 -3.4e+38 -3.4e+38 -3.4e+38 -3.4e+38
-3.4e+38 -3.4e+38 -3.4e+38 -3.4e+38 0.281395703554153 0.287192702293396 0.292513787746429 0.299649715423584 0.302803486585617 0.308111965656281 0.306925296783447 0.306952267885208 0.296627819538116 0.289248377084732 0.295159786939621 0.285800755023956 0.278565019369125 0.267180353403091 0.26278880238533 0.245708733797073 0.201563745737076 0.22622674703598 0.233908250927925 0.232918351888657 0.238987848162651 0.243957936763763 0.246000856161118 0.246204763650894 0.254430413246155 0.24486979842186 0.241728261113167 -3.4e+38 -3.4e+38 -3.4e+38 -3.4e+38 -3.4e+38 -3.4e+38 -3.4e+38 -3.4e+38 -3.4e+38 -3.4e+38 -3.4e+38 -3.4e+38 -3.4e+38 -3.4e+38 -3.4e+38 -3.4e+38 -3.4e+38 -3.4e+38 -3.4e+38 -3.4e+38 -3.4e+38
-3.4e+38 -3.4e+38 -3.4e+38 -3.4e+38 0.28133687376976 0.288035452365875 0.29394805431366 0.30115407705307 0.305062294006348 0.306763648986816 0.310306996107101 0.311458021402359 0.309513062238693 0.303649425506592 0.298788130283356 0.287822723388672 0.273374021053314 0.273352384567261 0.259440153837204 0.24139004945755 0.220937475562096 0.233850941061974 0.225309193134308 0.242313399910927 0.243024468421936 0.256278812885284 0.263794243335724 0.274745583534241 0.273380249738693 0.281688153743744 0.272605210542679 -3.4e+38 -3.4e+38 -3.4e+38 -3.4e+38 -3.4e+38 -3.4e+38 -3.4e+38 -3.4e+38 -3.4e+38 -3.4e+38 -3.4e+38 -3.4e+38 -3.4e+38 -3.4e+38 -3.4e+38 -3.4e+38 -3.4e+38 -3.4e+38 -3.4e+38 -3.4e+38 -3.4e+38
-3.4e+38 -3.4e+38 -3.4e+38 -3.4e+38 0.282497107982635 0.287450790405273 0.295049399137497 0.302366673946381 0.307760715484619 0.305499106645584 0.313649863004684 0.314836055040359 0.315470159053802 0.312494903802872 0.304091483354568 0.291996270418167 0.291537076234818 0.278841137886047 0.259427428245544 0.242984354496002 0.229163333773613 0.237723603844643 0.244489952921867 0.249929636716843 0.26489320397377 0.276097327470779 0.291697025299072 0.296510428190231 0.292519897222519 0.288921773433685 0.287531793117523 -3.4e+38 -3.4e+38 -3.4e+38 -3.4e+38 -3.4e+38 -3.4e+38 -3.4e+38 -3.4e+38 -3.4e+38 -3.4e+38 -3.4e+38 -3.4e+38 -3.4e+38 -3.4e+38 -3.4e+38 -3.4e+38 -3.4e+38 -3.4e+38 -3.4e+38 -3.4e+38 -3.4e+38
-3.4e+38 -3.4e+38 -3.4e+38 0.264153450727463 0.277804404497147 0.285846382379532 0.293969333171844 0.303564131259918 0.31836324930191 0.312112629413605 0.316838264465332 0.316281110048294 0.316286355257034 0.307198703289032 0.307192951440811 0.296612113714218 0.295999050140381 0.281053215265274 0.252464264631271 0.271056115627289 0.256469339132309 0.255925804376602 0.260532438755035 0.255924075841904 0.254485011100769 0.272396892309189 0.279279738664627 0.307231724262238 0.317585647106171 0.326965928077698 -3.4e+38 0.292187839746475 -3.4e+38 -3.4e+38 -3.4e+38 -3.4e+38 -3.4e+38 -3.4e+38 -3.4e+38 -3.4e+38 -3.4e+38 -3.4e+38 -3.4e+38 -3.4e+38 -3.4e+38 -3.4e+38 -3.4e+38 -3.4e+38 -3.4e+38 -3.4e+38 -3.4e+38 -3.4e+38
