data/climate_estimation/maxent_output/Chionographis_japonica.asc
NCOLS 186 
NROWS 135 
XLLCORNER 125 
YLLCORNER 31.75 
CELLSIZE 0.0833333333333333 
NODATA_value -3.4e+38 
[rows 46 to 68 of 135, columns 0 to 51 of 186]
-3.4e+38 -3.4e+38 -3.4e+38 0.26095911860466 0.266248255968094 0.282559514045715 0.291708141565323 0.30841201543808 0.320543378591537 0.325831592082977 0.325966447591782 0.32728511095047 0.320422232151031 0.315806716680527 0.30866414308548 0.300407767295837 0.292499780654907 0.291269242763519 0.263659238815308 0.264927208423615 0.243062734603882 0.261132597923279 0.269814699888229 0.276900976896286 0.261524856090546 0.271464616060257 0.26892101764679 0.291203290224075 0.328626304864883 0.324685901403427 0.323878467082977 0.318436473608017 0.304146498441696 0.292394191026688 -3.4e+38 -3.4e+38 -3.4e+38 -3.4e+38 -3.4e+38 -3.4e+38 -3.4e+38 -3.4e+38 -3.4e+38 -3.4e+38 -3.4e+38 -3.4e+38 -3.4e+38 -3.4e+38 -3.4e+38 -3.4e+38 -3.4e+38 -3.4e+38
-3.4e+38 -3.4e+38 0.247029095888138 0.255391150712967 0.2614706158638 0.277285546064377 0.289228826761246 0.306420475244522 0.319166600704193 0.328419297933578 0.330163389444351 0.327582776546478 0.319740325212479 0.317218393087387 0.309353649616241 0.305253326892853 0.298646092414856 0.298630475997925 0.285624206066132 0.271791338920593 0.273767203092575 0.269715845584869 0.278601378202438 0.266179531812668 0.277565091848373 0.27349516749382 0.260310500860214 0.276196151971817 0.335740596055984 0.333312839269638 0.332670599222183 0.29353666305542 0.305616408586502 0.289500504732132 -3.4e+38 -3.4e+38 -3.4e+38 -3.4e+38 -3.4e+38 -3.4e+38 -3.4e+38 -3.4e+38 -3.4e+38 -3.4e+38 -3.4e+38 -3.4e+38 -3.4e+38 -3.4e+38 -3.4e+38 -3.4e+38 -3.4e+38 -3.4e+38
-3.4e+38 -3.4e+38 0.241518691182137 0.248101741075516 0.258256524801254 0.272551327943802 0.282723128795624 0.300081133842468 0.312954366207123 0.319971203804016 0.32437652349472 0.322987616062164 0.316512912511826 0.317698389291763 0.315413415431976 0.305443972349167 0.308681905269623 0.303245097398758 0.298317283391953 0.287718862295151 0.286968529224396 0.28119021654129 0.281645864248276 0.285411566495895 0.281021595001221 0.268896847963333 0.265656799077988 0.25690570473671 0.308775693178177 0.33031952381134 0.332248330116272 0.290295511484146 0.30154937505722 0.292655199766159 0.276993095874786 0.267024338245392 -3.4e+38 -3.4e+38 -3.4e+38 -3.4e+38 -3.4e+38 -3.4e+38 -3.4e+38 -3.4e+38 -3.4e+38 -3.4e+38 -3.4e+38 -3.4e+38 -3.4e+38 -3.4e+38 -3.4e+38 -3.4e+38
-3.4e+38 0.22328744828701 0.228746920824051 0.242461293935776 0.249480172991753 0.266681849956512 0.277387142181396 0.294921904802322 0.302580058574677 0.31044203042984 0.313991069793701 0.317395895719528 0.319348126649857 0.313424170017242 0.30996561050415 0.309136897325516 0.304987043142319 0.309224963188171 0.304906338453293 0.303763419389725 0.291407525539398 0.293167501688004 0.292257130146027 0.282341450452805 0.293160825967789 0.280758023262024 0.27604404091835 0.267417937517166 0.298312842845917 0.330948084592819 0.299336731433868 0.288308501243591 0.276538282632828 0.289062082767487 0.277641594409943 0.263807982206345 0.263461798429489 -3.4e+38 -3.4e+38 -3.4e+38 -3.4e+38 -3.4e+38 -3.4e+38 -3.4e+38 -3.4e+38 -3.4e+38 -3.4e+38 -3.4e+38 -3.4e+38 -3.4e+38 -3.4e+38 -3.4e+38
-3.4e+38 0.22102615237236 0.22363606095314 0.230082243680954 0.24390634894371 0.258799225091934 0.268999189138412 0.286030650138855 0.29437381029129 0.300678938627243 0.306810677051544 0.311019033193588 0.30642631649971 0.304428189992905 0.299932509660721 0.304565191268921 0.312022358179092 0.31013149023056 0.308652311563492 0.305356949567795 0.296600371599197 0.296695977449417 0.294761955738068 0.304577320814133 0.298853933811188 0.291916906833649 0.291939526796341 0.279778987169266 0.286528944969177 0.294302463531494 0.284839749336243 0.293191343545914 0.282472878694534 0.277789950370789 0.29206982254982 0.285359740257263 0.275950461626053 0.26528862118721 0.24209176003933 -3.4e+38 -3.4e+38 -3.4e+38 -3.4e+38 -3.4e+38 -3.4e+38 -3.4e+38 -3.4e+38 -3.4e+38 -3.4e+38 -3.4e+38 -3.4e+38 -3.4e+38
-3.4e+38 -3.4e+38 0.220643579959869 0.225385174155235 0.237393021583557 0.251787334680557 0.262633055448532 0.269636303186417 0.285796284675598 0.292770981788635 0.298360824584961 0.302376359701157 0.299231320619583 0.304687112569809 0.310915619134903 0.315807074308395 0.31720820069313 0.310326844453812 0.309487015008926 0.309968680143356 0.298819184303284 0.300247013568878 0.297249436378479 0.296697586774826 0.298687785863876 0.300140708684921 0.290938168764114 0.288000762462616 0.289292424917221 0.27908456325531 0.292343258857727 0.290063738822937 0.287883758544922 0.280645608901978 0.29022952914238 0.283720910549164 0.294830173254013 0.292354881763458 0.259947031736374 0.256255596876144 0.257253080606461 -3.4e+38 -3.4e+38 -3.4e+38 -3.4e+38 -3.4e+38 -3.4e+38 -3.4e+38 -3.4e+38 -3.4e+38 -3.4e+38 -3.4e+38
0.200473338365555 0.206962734460831 0.207990139722824 0.220041826367378 0.228644177317619 0.242224216461182 0.256759792566299 0.263609290122986 0.276791244745255 0.283811241388321 0.290354490280151 0.295246094465256 0.293476432561874 0.305420368909836 0.311131447553635 0.316914796829224 0.319046378135681 0.309667855501175 0.309015899896622 0.303488731384277 0.308241575956345 0.302439481019974 0.295668929815292 0.29875722527504 0.303608864545822 0.293796807527542 0.298840761184692 0.297604829072952 0.291786372661591 0.284628391265869 0.283484995365143 0.289608895778656 0.285476952791214 0.286867320537567 0.284115552902222 0.288057714700699 0.291546016931534 0.300432294607162 0.289719492197037 0.25679886341095 0.265292257070541 -3.4e+38 -3.4e+38 -3.4e+38 -3.4e+38 -3.4e+38 -3.4e+38 -3.4e+38 -3.4e+38 -3.4e+38 -3.4e+38 -3.4e+38
0.194290041923523 0.196327462792397 0.204384207725525 0.207597434520721 0.227128133177757 0.239524275064468 0.252751916646957 0.259579747915268 0.272052139043808 0.274628102779388 0.283002555370331 0.289361000061035 0.292559772729874 0.297983884811401 0.309890478849411 0.318097442388535 0.316796898841858 0.310818940401077 0.303876101970673 0.303338140249252 0.30305677652359 0.29545396566391 0.289169639348984 0.288618385791779 0.304558396339417 0.297236114740372 0.299331873655319 0.286877930164337 0.297955065965652 0.290289163589478 0.284023195505142 0.291669607162476 0.278843969106674 0.284191191196442 0.282512724399567 0.286057412624359 0.291294783353806 0.315841317176819 0.322343915700912 0.29696848988533 0.299582004547119 -3.4e+38 -3.4e+38 -3.4e+38 -3.4e+38 -3.4e+38 -3.4e+38 -3.4e+38 -3.4e+38 -3.4e+38 -3.4e+38 -3.4e+38
0.185526043176651 0.193770855665207 0.196917876601219 0.205747798085213 0.22359111905098 0.236524477601051 0.251704961061478 0.258784860372543 0.270542144775391 0.276749074459076 0.285737812519073 0.291067600250244 0.294658154249191 0.302501916885376 0.310685575008392 0.317440688610077 0.314855992794037 0.311227947473526 0.30102264881134 0.303683906793594 0.303210735321045 0.3000747859478 0.291244804859161 0.291243731975555 0.294959843158722 0.288119673728943 0.291057944297791 0.293593406677246 0.284768790006638 0.287399530410767 0.283338814973831 0.279151558876038 0.280544698238373 0.276617914438248 0.275751322507858 0.292732894420624 0.296430289745331 0.320022195577621 0.318955332040787 0.310163527727127 0.339209288358688 0.364731222391129 -3.4e+38 -3.4e+38 -3.4e+38 -3.4e+38 -3.4e+38 -3.4e+38 -3.4e+38 -3.4e+38 -3.4e+38 -3.4e+38
0.181373134255409 0.185782015323639 0.192903637886047 0.207006469368935 0.222071707248688 0.237669259309769 0.246111065149307 0.260697335004807 0.267837703227997 0.282094746828079 0.288607090711594 0.294117599725723 0.289708405733109 0.304040253162384 0.311351418495178 0.316539317369461 0.316663175821304 0.312408268451691 0.309611350297928 0.310547262430191 0.305537343025208 0.29917123913765 0.292957007884979 0.291257441043854 0.289258420467377 0.291509211063385 0.294328480958939 0.284091174602509 0.280576854944229 0.293016761541367 0.279469162225723 0.273455649614334 0.276002287864685 0.282350122928619 0.289411514997482 0.287592798471451 0.312504887580872 0.319704592227936 0.314211845397949 0.344945549964905 0.358345508575439 0.400149703025818 0.448437660932541 -3.4e+38 -3.4e+38 -3.4e+38 -3.4e+38 -3.4e+38 -3.4e+38 -3.4e+38 -3.4e+38 -3.4e+38
0.178643092513084 0.18121449649334 0.186031267046928 0.200279012322426 0.217354401946068 0.232701301574707 0.251336425542831 0.265827566385269 0.274290233850479 0.281452596187592 0.292673617601395 0.296134889125824 0.290766447782516 0.301407843828201 0.305855393409729 0.317998796701431 0.321175009012222 0.318684965372086 0.316371887922287 0.309470534324646 0.304996907711029 0.310005754232407 0.303374201059341 0.294841349124908 0.292843610048294 0.289014399051666 0.29110398888588 0.28351229429245 0.288447827100754 0.2799391746521 0.284347355365753 0.283313274383545 0.287212044000626 0.272986680269241 0.286821067333221 0.2993243932724 0.29781436920166 0.30735656619072 0.308011323213577 0.364530175924301 0.370373845100403 0.40953004360199 0.467611342668533 -3.4e+38 -3.4e+38 -3.4e+38 -3.4e+38 -3.4e+38 -3.4e+38 -3.4e+38 -3.4e+38 -3.4e+38
0.162440165877342 0.179453760385513 0.184421002864838 0.20001819729805 0.217331573367119 0.229107588529587 0.245684310793877 0.264346212148666 0.280412256717682 0.293222516775131 0.289559781551361 0.294244885444641 0.289201974868774 0.299350321292877 0.309141367673874 0.315340906381607 0.320557624101639 0.318010270595551 0.320325523614883 0.318890124559402 0.317114651203156 0.308805197477341 0.309186726808548 0.30056357383728 0.299205213785172 0.294692367315292 0.298226207494736 0.292896121740341 0.295064091682434 0.298297137022018 0.298835217952728 0.282461255788803 0.280367881059647 0.284282445907593 0.271018922328949 0.277893245220184 0.281812369823456 0.33695462346077 0.301191478967667 0.364693313837051 0.388299375772476 0.43699586391449 0.474318951368332 0.486011564731598 -3.4e+38 -3.4e+38 -3.4e+38 -3.4e+38 -3.4e+38 -3.4e+38 -3.4e+38 -3.4e+38
0.154149353504181 0.172615900635719 0.184460788965225 0.193129286170006 0.214805439114571 0.234704479575157 0.255125254392624 0.267260491847992 0.26418325304985 0.290672272443771 0.29387229681015 0.295331001281738 0.298122018575668 0.301144599914551 0.304177284240723 0.311646848917007 0.317947775125504 0.318031966686249 0.320372968912125 0.318189650774002 0.319651246070862 0.320131897926331 0.313546538352966 0.306144952774048 0.303852528333664 0.295968145132065 0.302264392375946 0.302235335111618 0.308637142181396 0.300169140100479 0.308149009943008 0.290114730596542 0.274558454751968 0.274069279432297 0.268176048994064 0.262146383523941 0.265149772167206 0.306932985782623 0.295345395803452 0.368801206350327 0.391786813735962 0.398952037096024 0.467336386442184 0.489308953285217 -3.4e+38 -3.4e+38 -3.4e+38 -3.4e+38 -3.4e+38 -3.4e+38 -3.4e+38 -3.4e+38
0.118270747363567 0.172098487615585 0.18179652094841 0.192064791917801 0.209054067730904 0.228509411215782 0.254118472337723 0.276577025651932 0.28523188829422 0.291237235069275 0.293259531259537 0.292708396911621 0.296345353126526 0.299941748380661 0.304413706064224 0.31119641661644 0.318418443202972 0.321579158306122 0.324189215898514 0.326766461133957 0.320361018180847 0.321393877267838 0.315476536750793 0.308165371417999 0.308642089366913 0.307466983795166 0.301627159118652 0.308211088180542 0.308792442083359 0.304057419300079 0.302217960357666 0.287537306547165 0.280070304870605 0.281419813632965 0.281249821186066 0.266927778720856 0.269805192947388 0.271833866834641 0.311252117156982 0.353315323591232 0.39130049943924 0.422699213027954 0.453894674777985 0.48116073012352 0.514423191547394 -3.4e+38 -3.4e+38 -3.4e+38 -3.4e+38 -3.4e+38 -3.4e+38 -3.4e+38
0.107009381055832 0.170115381479263 0.181046158075333 0.191039308905602 0.201774328947067 0.22461074590683 0.24585248529911 0.263728231191635 0.278589457273483 0.286750018596649 0.288059562444687 0.288130640983582 0.292134761810303 0.288602739572525 0.292910665273666 0.297581344842911 0.305297940969467 0.318306118249893 0.328552663326263 0.323365122079849 0.319696545600891 0.315483868122101 0.316839247941971 0.308057963848114 0.309866309165955 0.314406216144562 0.308088034391403 0.315343916416168 0.318503737449646 0.313853025436401 0.309936672449112 0.290532350540161 0.276881814002991 0.278372555971146 0.282964944839478 0.282976746559143 0.28853976726532 0.309673190116882 0.359233230352402 0.350885421037674 0.40459793806076 0.42369732260704 0.449330508708954 0.474500268697739 0.505677342414856 0.512936055660248 -3.4e+38 -3.4e+38 -3.4e+38 -3.4e+38 -3.4e+38 -3.4e+38
0.106874987483025 0.163239270448685 0.186411440372467 0.190971985459328 0.19725376367569 0.216072931885719 0.233075112104416 0.250405102968216 0.269159644842148 -3.4e+38 0.275951623916626 0.275908887386322 0.279527962207794 0.280206948518753 0.285360723733902 0.290722578763962 0.296187251806259 0.297141075134277 0.308456033468246 0.307017803192139 0.309961557388306 0.311804175376892 0.308894544839859 0.312105894088745 0.316060781478882 0.31759849190712 0.323569715023041 0.322546035051346 0.330058157444 0.317942798137665 0.311290442943573 0.298714965581894 0.283225893974304 0.298584997653961 0.296484977006912 0.304850727319717 0.293097317218781 0.355762243270874 0.378135442733765 0.378976345062256 0.38712152838707 0.409966349601746 0.433915376663208 0.468704640865326 0.511875629425049 0.515446603298187 0.547824323177338 -3.4e+38 -3.4e+38 -3.4e+38 -3.4e+38 -3.4e+38
0.0813642591238022 0.167602479457855 0.18461748957634 0.186581268906593 0.196610808372498 0.206014350056648 0.227234482765198 0.234206900000572 0.258732080459595 0.25415763258934 0.259659737348557 0.273255467414856 0.269340366125107 0.267627090215683 0.269398868083954 0.272008299827576 0.270737826824188 0.276143342256546 0.285295993089676 0.293314784765244 0.295742899179459 0.298671096563339 0.311942219734192 0.322335034608841 0.330105155706406 0.327238827943802 0.336719185113907 0.336641609668732 0.328431397676468 0.320144385099411 0.316160053014755 0.307056605815887 0.300913572311401 0.31391453742981 0.304198116064072 0.300672948360443 0.303060561418533 0.306153744459152 0.363854348659515 0.383106648921967 0.394459933042526 0.414138585329056 0.421095460653305 0.447857290506363 0.495011776685715 0.527785241603851 0.550682842731476 0.563421487808228 -3.4e+38 -3.4e+38 -3.4e+38 -3.4e+38
-3.4e+38 -3.4e+38 0.185960665345192 0.193335205316544 0.191960871219635 0.199756354093552 -3.4e+38 -3.4e+38 0.225477397441864 -3.4e+38 -3.4e+38 -3.4e+38 -3.4e+38 0.2627092897892 0.252537071704865 0.258787840604782 0.261337786912918 0.259601712226868 0.265721082687378 0.266753286123276 0.276527017354965 0.286435961723328 0.30063983798027 0.320482105016708 0.3412926197052 0.344471335411072 0.341399341821671 0.333397895097733 0.328190118074417 0.321145832538605 0.317451030015945 0.311069548130035 0.305165529251099 0.310480713844299 0.306319177150726 0.307915657758713 0.318292051553726 0.342767983675003 0.353315800428391 0.388243407011032 0.400797605514526 0.410940200090408 0.424606323242188 0.448491960763931 0.474567264318466 0.510703444480896 0.54267156124115 0.554260611534119 0.566862285137177 -3.4e+38 -3.4e+38 -3.4e+38
-3.4e+38 -3.4e+38 -3.4e+38 -3.4e+38 -3.4e+38 -3.4e+38 -3.4e+38 -3.4e+38 0.223670527338982 -3.4e+38 -3.4e+38 -3.4e+38 -3.4e+38 -3.4e+38 0.249528035521507 0.243433028459549 0.246225506067276 0.24336288869381 0.248273551464081 0.256722986698151 0.264423429965973 0.274795532226562 0.297803431749344 0.322877466678619 0.333252400159836 0.339477717876434 0.338093608617783 0.34953311085701 0.328128337860107 0.332602739334106 0.325020164251328 0.322230786085129 0.315797060728073 0.311212629079819 0.313083410263062 0.317264288663864 0.325751483440399 0.352346271276474 0.380421578884125 0.37946680188179 0.390310138463974 0.415365606546402 0.421957552433014 0.443926513195038 0.456647396087646 0.495580762624741 0.520171761512756 0.540774703025818 0.568630456924438 0.558995127677917 -3.4e+38 -3.4e+38
-3.4e+38 -3.4e+38 -3.4e+38 -3.4e+38 -3.4e+38 -3.4e+38 -3.4e+38 -3.4e+38 -3.4e+38 -3.4e+38 -3.4e+38 -3.4e+38 -3.4e+38 -3.4e+38 -3.4e+38 0.229236766695976 0.230744957923889 0.231977343559265 0.243454948067665 0.259519755840302 0.267692893743515 0.272809475660324 0.287340432405472 0.307340025901794 0.316519558429718 0.323477119207382 0.341889798641205 0.340608805418015 0.338225334882736 0.331025063991547 0.341291815042496 0.338696837425232 0.322526484727859 0.323495924472809 0.341792553663254 0.31583172082901 0.322431743144989 0.339282542467117 0.374417871236801 0.3905328810215 0.397057205438614 0.403821229934692 0.417987078428268 0.435359418392181 0.458782970905304 0.481070250272751 0.491237878799438 0.534591734409332 0.551486551761627 0.562239289283752 -3.4e+38 -3.4e+38
-3.4e+38 -3.4e+38 -3.4e+38 -3.4e+38 -3.4e+38 -3.4e+38 -3.4e+38 -3.4e+38 -3.4e+38 -3.4e+38 -3.4e+38 -3.4e+38 -3.4e+38 -3.4e+38 -3.4e+38 -3.4e+38 0.234829306602478 0.237727329134941 0.2392448335886 0.255415797233582 0.267956167459488 0.281907558441162 0.297385931015015 0.317350745201111 0.323487758636475 0.329394161701202 0.34877473115921 0.332107186317444 0.347976833581924 0.342841684818268 0.326595336198807 0.324302464723587 0.332619071006775 0.327768594026566 0.325804501771927 0.32177472114563 0.326915323734283 0.36391219496727 0.384114533662796 0.388938844203949 0.394134163856506 0.393189013004303 0.404945313930511 0.432175189256668 0.432095527648926 0.464415997266769 0.483151346445084 0.488026440143585 0.532427430152893 0.541723012924194 0.556426048278809 -3.4e+38
-3.4e+38 -3.4e+38 -3.4e+38 -3.4e+38 -3.4e+38 -3.4e+38 -3.4e+38 -3.4e+38 -3.4e+38 -3.4e+38 -3.4e+38 -3.4e+38 -3.4e+38 -3.4e+38 -3.4e+38 -3.4e+38 0.24333430826664 0.242333233356476 -3.4e+38 0.256621837615967 0.278499573469162 0.290150284767151 0.30084615945816 0.324158161878586 0.332549452781677 0.336949974298477 0.339391380548477 0.341859191656113 0.337734520435333 0.337474793195724 0.321366935968399 0.319444179534912 0.332603394985199 0.328818172216415 0.328070551156998 0.322679370641708 0.37156867980957 0.369464188814163 0.39592769742012 0.393623679876328 0.401320189237595 0.382709473371506 0.404635518789291 0.394677013158798 0.424018681049347 0.441193431615829 0.461127936840057 0.479446351528168 0.507447779178619 0.524202942848206 0.553421556949615 0.548300743103027
-339999999999999996123846586046231871488.000000000000000 -3.4e+38 -3.4e+38 -3.4e+38 -3.4e+38 -3.4e+38 -3.4e+38 -3.4e+38 -3.4e+38 -3.4e+38 -3.4e+38 -3.4e+38 0.229365721344948 0.229186281561852 -3.4e+38 0.247522577643394 -3.4e+38 0.252055138349533 0.259172052145004 0.274051696062088 0.28660061955452 0.285401105880737 0.308791518211365 0.313136845827103 0.32278898358345 0.332037389278412 0.335171163082123 0.35055935382843 0.348349004983902 0.328426539897919 0.329790234565735 0.329517781734467 0.32724791765213 0.326952636241913 0.337670266628265 0.357735812664032 0.369866937398911 0.375651687383652 0.37687212228775 0.370754837989807 0.391703963279724 0.371438026428223 0.373704761266708 0.393533885478973 0.398648977279663 0.432563990354538 0.45055627822876 0.468396544456482 0.46526962518692 0.512625813484192 0.529231190681458 0.542746841907501
