data/climate_estimation/maxent_output/Chionographis_japonica.asc
NCOLS 186 
NROWS 135 
XLLCORNER 125 
YLLCORNER 31.75 
CELLSIZE 0.0833333333333333 
NODATA_value -3.4e+38 
[rows 69 to 91 of 135, columns 0 to 51 of 186]
-3.4e+38 -3.4e+38 -3.4e+38 -3.4e+38 -3.4e+38 -3.4e+38 -3.4e+38 -3.4e+38 -3.4e+38 -3.4e+38 -3.4e+38 0.231357634067535 -3.4e+38 0.240587547421455 0.239292398095131 0.256029307842255 0.248134106397629 0.265290349721909 0.270899206399918 0.274888187646866 0.287274479866028 0.296641170978546 0.305986970663071 0.314925909042358 0.325893461704254 0.330833196640015 0.347799062728882 0.347494661808014 0.345059335231781 0.340583741664886 0.325526714324951 0.324837744235992 0.323535442352295 0.338807016611099 0.346281409263611 0.369475305080414 0.368530541658401 0.366888433694839 0.362222850322723 0.364017456769943 0.350831270217896 0.366373926401138 0.36120679974556 0.371790438890457 0.384175062179565 0.412324965000153 0.42542290687561 0.443653285503387 0.456850975751877 0.490505635738373 0.516421437263489 0.518064200878143
-3.4e+38 -3.4e+38 -3.4e+38 -3.4e+38 -3.4e+38 -3.4e+38 -3.4e+38 -3.4e+38 -3.4e+38 -3.4e+38 -3.4e+38 0.237900838255882 0.255966365337372 0.243162870407104 -3.4e+38 0.254645735025406 0.270862936973572 -3.4e+38 0.280454367399216 0.291151016950607 0.297844499349594 0.311867266893387 0.307008057832718 0.319418102502823 0.332910001277924 0.331658154726028 0.346542298793793 0.344279289245605 0.34234282374382 0.341098695993423 0.337366133928299 0.321644693613052 0.336758732795715 0.318210393190384 0.330929487943649 0.340363562107086 0.349990457296371 0.336442798376083 0.345115900039673 0.357860088348389 0.347320437431335 0.347495287656784 0.346436947584152 0.343597084283829 0.363040119409561 0.390641868114471 0.411587625741959 0.443295806646347 0.440781325101852 0.464857995510101 0.464423000812531 0.474402368068695
-3.4e+38 -3.4e+38 -3.4e+38 -3.4e+38 -3.4e+38 -3.4e+38 -3.4e+38 -3.4e+38 -3.4e+38 -3.4e+38 -3.4e+38 0.249880090355873 0.250536113977432 -3.4e+38 -3.4e+38 -3.4e+38 0.279372483491898 0.284474611282349 0.291779786348343 -3.4e+38 -3.4e+38 0.308922111988068 0.32014986872673 0.319377958774567 0.329226642847061 0.328228950500488 0.343172609806061 0.340694695711136 0.339080989360809 0.336215913295746 0.335774779319763 0.333820581436157 0.330864071846008 0.328209459781647 0.304811060428619 0.320975840091705 0.332172691822052 0.329648971557617 0.333688288927078 0.313401997089386 0.319021910429001 0.344217717647552 0.350637286901474 0.349141359329224 0.348854511976242 0.37152898311615 0.402121216058731 0.418344914913177 0.408671677112579 0.445307344198227 0.465295672416687 0.455768197774887
-3.4e+38 -3.4e+38 -3.4e+38 -3.4e+38 -3.4e+38 -3.4e+38 -3.4e+38 -3.4e+38 -3.4e+38 -3.4e+38 -3.4e+38 -3.4e+38 -3.4e+38 -3.4e+38 -3.4e+38 0.287811160087585 0.292251706123352 0.296956777572632 0.305011540651321 0.310946971178055 0.305625647306442 0.312030136585236 0.314036458730698 0.323524951934814 0.330600142478943 0.33455216884613 0.335835188627243 0.350103259086609 0.350845009088516 0.334036260843277 0.331922322511673 0.347957938909531 0.327466577291489 0.322394758462906 0.301348686218262 0.315008491277695 0.312148869037628 0.307775676250458 0.316700220108032 0.306838154792786 0.31289204955101 0.353296190500259 0.330711543560028 0.297376126050949 0.286917597055435 0.324805289506912 0.333010047674179 0.357928335666656 0.366147041320801 0.40526932477951 0.420542776584625 0.415403336286545
-3.4e+38 -3.4e+38 -3.4e+38 -3.4e+38 -3.4e+38 -3.4e+38 -3.4e+38 -3.4e+38 -3.4e+38 -3.4e+38 -3.4e+38 -3.4e+38 -3.4e+38 0.290639489889145 0.293842524290085 0.299177914857864 0.303042560815811 0.308956950902939 0.31487575173378 0.324239641427994 0.31520688533783 0.306408375501633 0.314834117889404 0.324882477521896 0.331790387630463 0.338820278644562 0.342159152030945 0.362533211708069 0.365603089332581 0.328546345233917 0.329292416572571 0.329295843839645 0.325728803873062 0.319931417703629 0.312467664480209 0.308869272470474 0.320217251777649 0.324135005474091 0.343942224979401 0.341192722320557 0.318236112594604 0.326359838247299 0.270604223012924 0.259392708539963 0.261981517076492 0.275527656078339 0.293402194976807 0.314486116170883 0.347214430570602 0.397639364004135 0.413769245147705 0.397064715623856
-3.4e+38 -3.4e+38 -3.4e+38 -3.4e+38 -3.4e+38 -3.4e+38 -3.4e+38 -3.4e+38 -3.4e+38 -3.4e+38 -3.4e+38 -3.4e+38 -3.4e+38 0.287612468004227 0.307333111763 0.309165328741074 0.314723312854767 0.318923860788345 0.326832413673401 0.337465077638626 0.32610234618187 0.31751424074173 0.319953471422195 0.309015899896622 0.318061709403992 0.326605260372162 0.353888094425201 0.357838451862335 0.361776977777481 0.344079375267029 0.324356466531754 0.323992311954498 0.337945312261581 0.316864579916 0.31117781996727 0.319820940494537 0.34026700258255 0.318190336227417 0.336077094078064 0.333754003047943 0.318734437227249 0.295243352651596 0.254865199327469 0.247224301099777 0.250508964061737 0.263413399457932 0.276897311210632 0.310814648866653 0.331265568733215 0.354430228471756 0.365445792675018 0.39251896739006
-3.4e+38 -3.4e+38 -3.4e+38 -3.4e+38 -3.4e+38 -3.4e+38 -3.4e+38 -3.4e+38 -3.4e+38 -3.4e+38 -3.4e+38 -3.4e+38 0.292466014623642 0.298147529363632 0.302983731031418 0.306847304105759 0.328256547451019 0.33184340596199 0.32454040646553 0.352171182632446 0.322201937437057 0.329000771045685 0.336313903331757 0.343140959739685 0.353373825550079 0.339361220598221 0.363176167011261 0.350876480340958 0.350632578134537 0.329880088567734 0.340051531791687 0.357043981552124 0.335377395153046 0.328541100025177 0.333485126495361 0.339553833007812 0.334367275238037 0.287405103445053 0.298606544733047 0.280982226133347 0.274272173643112 0.245833799242973 0.227995455265045 0.246377065777779 0.23773267865181 0.237118199467659 0.222209557890892 0.265722244977951 0.285671949386597 0.280442029237747 0.34864330291748 0.391591310501099
-3.4e+38 -3.4e+38 -3.4e+38 -3.4e+38 -3.4e+38 -3.4e+38 -3.4e+38 -3.4e+38 -3.4e+38 -3.4e+38 -3.4e+38 -3.4e+38 -3.4e+38 -3.4e+38 0.316566467285156 0.321647673845291 0.323619395494461 0.333927899599075 0.340000182390213 0.346086770296097 0.336583733558655 0.342358827590942 0.34904408454895 0.360644191503525 0.385883808135986 0.372121065855026 0.359269738197327 0.358735173940659 0.356027841567993 0.345214635133743 0.362822443246841 0.35542905330658 0.349622428417206 0.339421510696411 0.331105470657349 0.3384068608284 0.289637684822083 0.282937735319138 0.248818948864937 0.233941212296486 0.233936920762062 0.229954048991203 0.226875513792038 0.23421211540699 0.216284617781639 0.220481619238853 0.168041869997978 0.190790385007858 0.178185507655144 0.207572370767593 0.307098269462585 0.202220171689987
-3.4e+38 -3.4e+38 -3.4e+38 -3.4e+38 -3.4e+38 -3.4e+38 -3.4e+38 -3.4e+38 -3.4e+38 -3.4e+38 -3.4e+38 -3.4e+38 -3.4e+38 -3.4e+38 -3.4e+38 0.33566689491272 0.336681425571442 0.331789910793304 0.335904806852341 0.344478368759155 0.353366881608963 0.360586285591125 0.370057284832001 0.358371019363403 0.381939351558685 0.366848230361938 0.372637122869492 0.352228730916977 0.359403520822525 0.371907770633698 0.354480415582657 0.367263227701187 0.345538407564163 0.334301739931107 0.351452171802521 0.320562690496445 0.28440660238266 0.249279111623764 0.244623363018036 0.231426045298576 0.229736045002937 0.218779295682907 0.215395987033844 0.211658582091331 0.187878638505936 0.166731655597687 0.137165024876595 0.153245449066162 0.120594665408134 0.141377091407776 0.291568011045456 0.201483741402626
-3.4e+38 -3.4e+38 -3.4e+38 -3.4e+38 -3.4e+38 -3.4e+38 -3.4e+38 -3.4e+38 -3.4e+38 -3.4e+38 -3.4e+38 -3.4e+38 -3.4e+38 -3.4e+38 -3.4e+38 0.331477284431458 0.336827665567398 0.344647318124771 0.350099146366119 0.360275864601135 0.368948638439178 0.378955572843552 0.385439366102219 0.374558717012405 0.378968775272369 0.364951521158218 0.368318617343903 0.369132429361343 0.371702998876572 0.35802760720253 0.362161576747894 0.360629558563232 0.336705297231674 0.31431183218956 0.322644203901291 0.316526651382446 0.279439657926559 0.259567767381668 0.243255600333214 0.229443356394768 0.218349665403366 0.228167980909348 0.226311683654785 0.212734341621399 0.206293195486069 0.218862146139145 0.157860293984413 0.173973500728607 0.119277164340019 0.200459703803062 0.197419539093971 0.132296696305275
-3.4e+38 -3.4e+38 -3.4e+38 -3.4e+38 -3.4e+38 -3.4e+38 -3.4e+38 -3.4e+38 -3.4e+38 -3.4e+38 -3.4e+38 -3.4e+38 -3.4e+38 -3.4e+38 -3.4e+38 -3.4e+38 0.349167436361313 0.339437752962112 0.348640561103821 0.373413890600204 0.385933548212051 0.378585994243622 0.389620304107666 0.377517700195312 0.379557758569717 0.381295293569565 0.402944713830948 0.384875953197479 0.362817674875259 0.36907970905304 0.352261871099472 0.350830972194672 0.329810053110123 0.325095564126968 0.317504554986954 0.295633614063263 0.276721358299255 0.25749933719635 0.242542803287506 0.215561985969543 0.215260669589043 0.20664182305336 0.205500185489655 0.203512325882912 0.202140226960182 0.204408496618271 0.23203232884407 0.216319888830185 0.166186854243279 0.139796763658524 0.208718240261078 0.103606931865215
-3.4e+38 -3.4e+38 -3.4e+38 -3.4e+38 -3.4e+38 -3.4e+38 -3.4e+38 -3.4e+38 -3.4e+38 -3.4e+38 -3.4e+38 -3.4e+38 -3.4e+38 -3.4e+38 -3.4e+38 0.356812655925751 0.345962971448898 -3.4e+38 0.361606955528259 0.388699978590012 0.400090098381042 0.393490493297577 0.38752669095993 0.39742723107338 0.396474182605743 0.395191013813019 0.397209614515305 0.398170858621597 0.37475311756134 0.380639404058456 0.363128900527954 0.342240244150162 0.34090718626976 0.31881108880043 0.328774243593216 0.307298839092255 0.288284242153168 0.255747050046921 0.242021471261978 0.226971566677094 0.215703740715981 0.20452655851841 0.204371631145477 0.201468169689178 0.188833370804787 0.199314281344414 0.219515562057495 0.214120790362358 0.197827160358429 0.190637335181236 0.187573879957199 0.177331373095512
-3.4e+38 -3.4e+38 -3.4e+38 -3.4e+38 -3.4e+38 -3.4e+38 -3.4e+38 -3.4e+38 -3.4e+38 -3.4e+38 -3.4e+38 0.279485821723938 0.319756925106049 0.325306266546249 -3.4e+38 -3.4e+38 -3.4e+38 -3.4e+38 0.374227970838547 0.401457667350769 0.412821292877197 0.405724912881851 0.40028440952301 0.406257092952728 0.388081312179565 0.387508481740952 0.392619997262955 0.412329435348511 0.395096272230148 0.394375622272491 0.393085122108459 0.373400777578354 0.335311323404312 0.312536418437958 0.307950764894485 0.304504662752151 0.28611546754837 0.241042599081993 0.226208075881004 0.211889117956161 0.202537834644318 0.203781813383102 0.201589986681938 0.199657991528511 0.171984940767288 0.206005975604057 0.23077018558979 0.256986886262894 0.250529795885086 0.19802388548851 0.223119109869003 0.103724427521229
-3.4e+38 -3.4e+38 -3.4e+38 -3.4e+38 -3.4e+38 -3.4e+38 -3.4e+38 -3.4e+38 -3.4e+38 -3.4e+38 -3.4e+38 0.274888634681702 -3.4e+38 -3.4e+38 -3.4e+38 -3.4e+38 -3.4e+38 0.383677244186401 0.406558394432068 0.414010882377625 0.403210818767548 0.415752977132797 0.408534348011017 0.416857242584229 0.399368584156036 0.404738157987595 0.408380031585693 0.427762925624847 0.410096704959869 0.389638602733612 0.370277047157288 0.368536561727524 0.34644091129303 0.344456851482391 0.33922877907753 0.318038165569305 0.269375503063202 0.238792911171913 0.224452555179596 0.225262001156807 0.196202740073204 0.200169578194618 0.201103523373604 0.19784514605999 0.189936324954033 0.205079451203346 0.208290338516235 0.223694279789925 0.232634842395782 0.13061261177063 0.0977857410907745 0.0612013228237629
-3.4e+38 -3.4e+38 -3.4e+38 -3.4e+38 -3.4e+38 -3.4e+38 -3.4e+38 -3.4e+38 -3.4e+38 -3.4e+38 -3.4e+38 -3.4e+38 -3.4e+38 -3.4e+38 -3.4e+38 -3.4e+38 -3.4e+38 0.378133714199066 0.401660680770874 0.426381677389145 0.43322280049324 0.424229562282562 0.420013755559921 0.426757484674454 0.433682590723038 0.440657764673233 0.422765851020813 0.424127906560898 0.442903459072113 0.405664891004562 0.385302305221558 0.365536510944366 0.363041490316391 0.357852339744568 0.353285163640976 0.331979364156723 0.256718814373016 0.240988925099373 0.240806519985199 0.226629868149757 0.200203478336334 0.211469650268555 0.218879744410515 0.22497296333313 0.241704702377319 0.186262160539627 0.115202814340591 0.109679356217384 0.100089401006699 0.150631368160248 0.0697533786296844 0.057846512645483
-3.4e+38 -3.4e+38 -3.4e+38 -3.4e+38 -3.4e+38 -3.4e+38 -3.4e+38 -3.4e+38 -3.4e+38 -3.4e+38 -3.4e+38 -3.4e+38 -3.4e+38 -3.4e+38 -3.4e+38 -3.4e+38 -3.4e+38 -3.4e+38 0.396466135978699 0.420615077018738 0.444580137729645 0.4400315284729 0.429926544427872 0.442856013774872 0.426334947347641 0.431755125522614 0.438454896211624 0.441131174564362 0.448666632175446 0.421657174825668 0.401356339454651 0.381053030490875 0.374426662921906 0.365095973014832 0.348084658384323 0.288723737001419 0.270881593227386 0.269250065088272 0.226671025156975 0.201256647706032 0.198364332318306 0.193596124649048 0.195239186286926 0.194116681814194 0.209954589605331 0.192427396774292 0.109675265848637 0.0958150029182434 0.108099870383739 0.115283705294132 0.0751675590872765 0.0674868673086166
-3.4e+38 -3.4e+38 -3.4e+38 -3.4e+38 -3.4e+38 -3.4e+38 -3.4e+38 -3.4e+38 -3.4e+38 -3.4e+38 -3.4e+38 -3.4e+38 -3.4e+38 -3.4e+38 -3.4e+38 -3.4e+38 0.385662615299225 -3.4e+38 -3.4e+38 0.42225307226181 0.469348311424255 0.460012048482895 0.451081544160843 0.457937896251678 0.434910744428635 0.433083713054657 0.454665780067444 0.45759442448616 0.471641570329666 0.438512712717056 0.417447477579117 0.395587950944901 0.395027279853821 0.378531634807587 0.343346327543259 0.327326148748398 0.311384737491608 0.26831129193306 0.227594435214996 0.213380247354507 0.187510684132576 0.181651681661606 0.174518644809723 0.15195269882679 0.173842579126358 0.14515694975853 0.142782017588615 0.177838981151581 0.157931625843048 0.128211289644241 0.0808438435196877 0.100420601665974
-3.4e+38 -3.4e+38 -3.4e+38 -3.4e+38 -3.4e+38 -3.4e+38 -3.4e+38 -3.4e+38 -3.4e+38 -3.4e+38 -3.4e+38 -3.4e+38 -3.4e+38 -3.4e+38 -3.4e+38 -3.4e+38 0.40502268075943 0.408871859312057 -3.4e+38 0.487975656986237 0.47466453909874 0.483774363994598 0.471826404333115 0.476337283849716 0.486450523138046 0.466469705104828 0.475339382886887 0.474572330713272 0.456701636314392 0.437819093465805 0.41733381152153 0.406188786029816 0.392286539077759 0.351038455963135 0.32107412815094 0.315648794174194 0.33372175693512 0.305351972579956 0.215444102883339 0.203401386737823 0.198466360569 0.189977288246155 0.206652775406837 0.214663505554199 0.199190109968185 0.193310424685478 0.183975026011467 0.226029723882675 0.230468660593033 0.194212526082993 0.109759397804737 0.108159072697163
-3.4e+38 -3.4e+38 -3.4e+38 -3.4e+38 -3.4e+38 -3.4e+38 -3.4e+38 -3.4e+38 -3.4e+38 -3.4e+38 -3.4e+38 -3.4e+38 -3.4e+38 -3.4e+38 -3.4e+38 -3.4e+38 -3.4e+38 0.428412944078445 0.479186534881592 0.510879695415497 0.478938162326813 0.486802518367767 0.492970079183578 0.497507274150848 0.504974782466888 0.491880238056183 0.492693156003952 0.476445764303207 0.476133823394775 0.44115349650383 0.415729552507401 0.390081197023392 0.393150061368942 0.359549403190613 0.291288822889328 0.273892164230347 0.284839063882828 0.242249712347984 0.215116947889328 0.201990976929665 0.20033161342144 0.199440345168114 0.253233075141907 0.215956643223763 0.200775399804115 0.21719853579998 0.210317701101303 0.214672073721886 0.256655007600784 0.247781679034233 0.149203717708588 0.154478028416634
-3.4e+38 -3.4e+38 -3.4e+38 -3.4e+38 -3.4e+38 -3.4e+38 -3.4e+38 -3.4e+38 -3.4e+38 -3.4e+38 -3.4e+38 -3.4e+38 -3.4e+38 0.274001687765121 -3.4e+38 0.416294008493423 -3.4e+38 0.471518337726593 0.501461982727051 0.510769546031952 0.497302025556564 0.508385539054871 0.51297801733017 0.498215198516846 0.510650217533112 0.51191371679306 0.514394879341125 0.497259497642517 0.480012178421021 0.440478801727295 0.425304383039474 0.393016904592514 0.367413997650146 0.308688938617706 0.282364040613174 0.249530881643295 0.234857738018036 0.229296937584877 0.213802948594093 0.202634051442146 0.19327737390995 0.196101024746895 0.208163216710091 0.204859673976898 0.222666442394257 0.217259764671326 0.221530199050903 0.277725875377655 0.282976359128952 0.248000308871269 0.202344670891762 0.150562331080437
-3.4e+38 -3.4e+38 -3.4e+38 -3.4e+38 -3.4e+38 -3.4e+38 -3.4e+38 -3.4e+38 -3.4e+38 -3.4e+38 -3.4e+38 -3.4e+38 -3.4e+38 -3.4e+38 -3.4e+38 0.405064105987549 -3.4e+38 0.46759882569313 0.478503078222275 0.486290246248245 0.496502071619034 0.505704700946808 0.536480486392975 0.543231785297394 0.528525769710541 0.511355578899384 0.517651677131653 0.483459413051605 0.466718703508377 0.43729043006897 0.417421460151672 0.376838266849518 0.34548881649971 0.265376776456833 0.283042579889297 0.264877438545227 0.218123942613602 0.187684059143066 0.186702564358711 0.211486741900444 0.19574835896492 0.186870142817497 0.229836285114288 0.215265393257141 0.210464656352997 0.206420376896858 0.23357954621315 0.290170520544052 0.311640799045563 0.211476385593414 0.183585062623024 0.134278237819672
-3.4e+38 -3.4e+38 -3.4e+38 -3.4e+38 -3.4e+38 -3.4e+38 -3.4e+38 -3.4e+38 -3.4e+38 -3.4e+38 -3.4e+38 -3.4e+38 -3.4e+38 -3.4e+38 -3.4e+38 -3.4e+38 -3.4e+38 0.466965198516846 0.475771188735962 0.483980983495712 0.493885517120361 0.527504682540894 0.535324811935425 0.524308741092682 0.529691517353058 0.516918957233429 0.480024039745331 0.486509442329407 0.450480252504349 0.430967807769775 0.414251506328583 0.390349864959717 0.332071483135223 0.279788732528687 0.24633215367794 0.277231633663177 0.231709480285645 0.201316624879837 0.200812548398972 0.195172771811485 0.207705423235893 0.197996526956558 0.216224402189255 0.212084114551544 0.221506908535957 0.215733602643013 0.244847536087036 0.263212710618973 0.268006443977356 0.272769600152969 0.23948535323143 0.161709159612656
-3.4e+38 -3.4e+38 -3.4e+38 -3.4e+38 -3.4e+38 -3.4e+38 -3.4e+38 -3.4e+38 -3.4e+38 -3.4e+38 -3.4e+38 -3.4e+38 0.173836335539818 -3.4e+38 -3.4e+38 -3.4e+38 0.438663125038147 0.440627217292786 0.45206293463707 0.480459898710251 0.495607972145081 0.502741098403931 0.517114818096161 0.502424836158752 0.486625224351883 0.471425652503967 0.450241386890411 0.437109738588333 0.416940748691559 0.419686645269394 0.41996830701828 0.39063623547554 0.396610081195831 0.338706493377686 0.275590807199478 0.244858711957932 0.21160301566124 0.19956037402153 0.223222136497498 0.192023500800133 0.216142058372498 0.19548399746418 0.211300328373909 0.206200137734413 0.205018281936646 0.207022964954376 0.227375656366348 0.258176296949387 0.245664358139038 0.300411760807037 0.289627999067307 0.183075830340385
