data/climate_estimation/maxent_output/Chionographis_chinensis.asc
NCOLS 211 
NROWS 58 
XLLCORNER 100.833333333333 
YLLCORNER 23.25 
CELLSIZE 0.0833333333333333 
NODATA_value -3.4e+38 
[rows 20 to 39 of 58, columns 88 to 131 of 211]
0.481304168701172 0.537170231342316 0.562784016132355 0.590001285076141 0.600121974945068 0.611480534076691 0.62959748506546 0.627440512180328 0.659168243408203 0.707742691040039 0.730050086975098 0.758076965808868 0.791518270969391 0.780391693115234 0.819691717624664 0.849083840847015 0.858038902282715 0.871153354644775 0.88106369972229 0.891124248504639 0.897799909114838 0.892111718654633 0.868863344192505 0.887082874774933 0.904390871524811 0.928752422332764 0.943257391452789 0.916585743427277 0.891289830207825 0.926178991794586 0.946578502655029 0.932812392711639 0.945994079113007 0.899307250976562 0.938223421573639 0.938604176044464 0.935123562812805 0.927491962909698 0.902511656284332 0.912610769271851 0.911665678024292 0.91177886724472 0.911668062210083 0.914909482002258
0.529171645641327 0.556667625904083 0.591091096401215 0.599853873252869 0.610878884792328 0.627564251422882 0.644735038280487 0.655937194824219 0.69029712677002 0.700955092906952 0.740799069404602 0.775587737560272 0.794172346591949 0.793923020362854 0.813147962093353 0.844362258911133 0.872781813144684 0.888069570064545 0.896675944328308 0.901133418083191 0.911785304546356 0.903190016746521 0.901849269866943 0.902301609516144 0.944298982620239 0.955479741096497 0.95442521572113 0.934757590293884 0.866556525230408 0.938884437084198 0.959823906421661 0.962511837482452 0.942543923854828 0.940592706203461 0.948932468891144 0.947786569595337 0.941646337509155 0.931975483894348 0.907812356948853 0.914482414722443 0.912909328937531 0.916085600852966 0.920507788658142 0.919667303562164
0.597967445850372 0.588095366954803 0.611332654953003 0.620178699493408 0.654780507087708 0.65572988986969 0.654754221439362 0.66108113527298 0.694137930870056 0.72328120470047 0.754248380661011 0.780708312988281 0.803038418292999 0.823920965194702 0.841602504253387 0.871786892414093 0.892148494720459 0.899139285087585 0.907589137554169 0.91782534122467 0.925591051578522 0.921013951301575 0.891159355640411 0.858126163482666 0.939021527767181 0.957264959812164 0.954860389232635 0.927708923816681 0.918366074562073 0.966071248054504 0.969807684421539 0.956851482391357 0.907104969024658 0.952968180179596 0.961506903171539 0.955024778842926 0.948911607265472 0.940037369728088 0.932493925094604 0.922226011753082 0.918323278427124 0.928879261016846 0.932039797306061 0.931889712810516
0.613059401512146 0.643618762493134 0.648930728435516 0.636587083339691 0.65699702501297 0.649225771427155 0.665793776512146 0.692772626876831 0.721464812755585 0.744818985462189 0.754667222499847 0.800583839416504 0.833570718765259 0.854627192020416 0.880361437797546 0.889059603214264 0.897225260734558 0.914308667182922 0.919005215167999 0.932845592498779 0.941690564155579 0.952879846096039 0.904212951660156 0.874304711818695 0.943760633468628 0.954468786716461 0.928036510944366 0.924826741218567 0.947304248809814 0.969789624214172 0.974848449230194 0.933464288711548 0.905526995658875 0.96684855222702 0.967061936855316 0.961864173412323 0.958149552345276 0.949491381645203 0.941352605819702 0.931934773921967 0.933012247085571 0.936066746711731 0.941202998161316 0.93905234336853
0.639383554458618 0.657158672809601 0.667688369750977 0.673576295375824 0.689365804195404 0.660030424594879 0.688974797725677 0.713691711425781 0.756287276744843 0.770779371261597 0.773340880870819 0.820477962493896 0.815617501735687 0.862464547157288 0.87579482793808 0.880961894989014 0.909108102321625 0.942142963409424 0.93805330991745 0.960894703865051 0.958528757095337 0.964152932167053 0.927162706851959 0.959555625915527 0.961941719055176 0.971786797046661 0.951744019985199 0.972218334674835 0.970235228538513 0.983395516872406 0.964096307754517 0.96252429485321 0.979292452335358 0.97759073972702 0.972341954708099 0.971074640750885 0.966087520122528 0.959054946899414 0.954022407531738 0.953044593334198 0.947140634059906 0.948051810264587 0.946813642978668 0.946069478988647
0.648230910301208 0.662643551826477 0.686278581619263 0.700056970119476 0.716350615024567 0.680155515670776 0.711894094944 0.734660506248474 0.781998038291931 0.792741537094116 0.80367910861969 0.854053020477295 0.848660945892334 0.898851335048676 0.896359086036682 0.920991539955139 0.951381206512451 0.964646220207214 0.968257665634155 0.972211897373199 0.978469371795654 0.97278505563736 0.945744872093201 0.973885238170624 0.968449294567108 0.985025703907013 0.983421742916107 0.963976860046387 0.96550840139389 0.98692524433136 0.964828491210938 0.981728315353394 0.985466122627258 0.983790278434753 0.980006515979767 0.977369129657745 0.97032767534256 0.968158364295959 0.964940249919891 0.95938104391098 0.957909166812897 0.957681953907013 0.954073786735535 0.952474474906921
0.67885422706604 0.694433748722076 0.695137858390808 0.711713075637817 0.731139004230499 0.721167623996735 0.718903779983521 0.756764709949493 0.803968608379364 0.798433482646942 0.852717995643616 0.868570506572723 0.879976987838745 0.918854653835297 0.933279275894165 0.95522540807724 0.96752518415451 0.976484179496765 0.980291247367859 0.984503507614136 0.98674875497818 0.979337811470032 0.978333353996277 0.987152099609375 0.983881890773773 0.980804622173309 0.955696642398834 0.965231478214264 0.986528396606445 0.988216042518616 0.986071884632111 0.991130709648132 0.990369617938995 0.988249540328979 0.985640048980713 0.981236636638641 0.976675927639008 0.973591923713684 0.967570245265961 0.964723885059357 0.964111328125 0.962261021137238 0.960003435611725 0.956883788108826
0.691120564937592 0.703962385654449 0.700668454170227 0.709752559661865 0.737758457660675 0.774187982082367 0.791703641414642 0.804571509361267 0.837544620037079 0.836934566497803 0.881893515586853 0.890374362468719 0.918476581573486 0.937930166721344 0.954766929149628 0.967240512371063 0.977526783943176 0.985174119472504 0.987355709075928 0.988997220993042 0.987510204315186 0.991565227508545 0.994264304637909 0.975193619728088 0.976415276527405 0.991194128990173 0.963919460773468 0.995066821575165 0.993973672389984 0.992465019226074 0.994918525218964 0.994341313838959 0.992831587791443 0.991248965263367 0.988549888134003 0.986451387405396 0.981836795806885 0.973643124103546 0.970129370689392 0.972908079624176 0.966887176036835 0.966687440872192 0.965917408466339 0.963153719902039
0.699738800525665 0.682295680046082 0.701453447341919 0.740643858909607 0.749568521976471 0.771174490451813 0.804676353931427 0.815285205841064 0.865861535072327 0.887502551078796 0.871645331382751 0.921475946903229 0.93651157617569 0.952870786190033 0.967975735664368 0.978087067604065 0.984958946704865 0.989475667476654 0.992542266845703 0.992556869983673 0.990856409072876 0.987586259841919 0.993901193141937 0.985161066055298 0.992806434631348 0.993315041065216 0.994785189628601 0.997750997543335 0.99659526348114 0.996420562267303 0.996826529502869 0.995948433876038 0.993221759796143 0.993015766143799 0.991332769393921 0.989424824714661 0.987059831619263 0.982954800128937 0.981110453605652 0.979146778583527 0.975099503993988 0.973592698574066 0.971953749656677 0.968765079975128
0.680029690265656 0.691506564617157 0.71336966753006 0.733878314495087 0.762775957584381 0.789891719818115 0.791172444820404 0.831009089946747 0.854032218456268 0.887644290924072 0.901197910308838 0.935308992862701 0.942153692245483 0.956413507461548 0.964666843414307 0.98255068063736 0.989335775375366 0.991116344928741 0.993098497390747 0.992816805839539 0.984647512435913 0.978009164333344 0.997357487678528 0.993319451808929 0.998781442642212 0.997722089290619 0.998330891132355 0.999060034751892 0.99880063533783 0.99836254119873 0.997963786125183 0.994463384151459 0.99408620595932 0.98028302192688 0.988416910171509 0.990799903869629 0.989881575107574 0.986042380332947 0.983686208724976 0.983007907867432 0.980854988098145 0.977334380149841 0.975010335445404 0.973550081253052
0.721652925014496 0.702889502048492 0.703504681587219 0.735182642936707 0.757086873054504 0.799312233924866 0.771379113197327 0.820728480815887 0.830312490463257 0.895159482955933 0.930318474769592 0.935009300708771 0.955355763435364 0.970081865787506 0.975507438182831 0.987845242023468 0.991549909114838 0.994686305522919 0.992755770683289 0.991627514362335 0.956831574440002 0.981725096702576 0.999302208423615 0.99862265586853 0.999550342559814 0.999496400356293 0.99913501739502 0.999440848827362 0.996756732463837 0.998244106769562 0.998307824134827 0.996426045894623 0.990647912025452 0.95862478017807 0.98284387588501 0.992360174655914 0.990779519081116 0.970222651958466 0.98157662153244 0.986436009407043 0.984135448932648 0.981583058834076 0.978170216083527 0.975859403610229
0.755810618400574 0.766994655132294 0.75194388628006 0.779961884021759 0.780016839504242 0.813761711120605 0.787467777729034 0.777367830276489 0.841992735862732 0.905801773071289 0.924848973751068 0.921538352966309 0.928877890110016 0.975097417831421 0.98201197385788 0.991625666618347 0.993913650512695 0.997577726840973 0.998210608959198 0.994026243686676 0.989525020122528 0.990224599838257 0.999722838401794 0.999751031398773 0.999845147132874 0.999848604202271 0.999806046485901 0.999487400054932 0.998979687690735 0.998950004577637 0.997713446617126 0.996580481529236 0.983067870140076 0.97952663898468 0.986891329288483 0.994750559329987 0.988690733909607 0.969805121421814 0.987451374530792 0.988012135028839 0.986486673355103 0.9835165143013 0.982266068458557 0.979653298854828
0.773860156536102 0.78677099943161 0.797345876693726 0.826175212860107 0.782960653305054 0.811210691928864 0.803591251373291 0.837129235267639 0.880832612514496 0.927263915538788 0.933830499649048 0.914032876491547 0.942006766796112 0.979496896266937 0.987792670726776 0.994139671325684 0.996825039386749 0.998491227626801 0.998876094818115 0.999241828918457 0.998366415500641 0.998976945877075 0.999939680099487 0.999941408634186 0.999937117099762 0.999929487705231 0.999875724315643 0.999764442443848 0.9991814494133 0.999202489852905 0.99769139289856 0.99348646402359 0.976233422756195 0.993666887283325 0.995415508747101 0.993282914161682 0.97739976644516 0.990038096904755 0.98773992061615 0.989733934402466 0.987704396247864 0.98509818315506 0.983521342277527 0.98155403137207
0.799825668334961 0.796253383159637 0.810558676719666 0.848880410194397 0.832396984100342 0.814644336700439 0.873450517654419 0.90397584438324 0.91191703081131 0.934932053089142 0.949519157409668 0.958179116249084 0.976071894168854 0.981727421283722 0.991007268428802 0.995544850826263 0.997950315475464 0.999022722244263 0.99838799238205 0.999452412128448 0.998464286327362 0.999871730804443 0.999975144863129 0.999976396560669 0.999976515769958 0.999962508678436 0.999919831752777 0.999868094921112 0.999690294265747 0.998692512512207 0.994255483150482 0.993736624717712 0.995146691799164 0.995647788047791 0.993451595306396 0.987754344940186 0.992750883102417 0.993607521057129 0.992476522922516 0.990516483783722 0.989213228225708 0.987990915775299 0.983401238918304 0.98105925321579
0.810683846473694 0.81697028875351 0.814298212528229 0.853498101234436 0.873926103115082 0.838137865066528 0.862498104572296 0.895118117332458 0.918282568454742 0.935660779476166 0.953344881534576 0.967576742172241 0.979071259498596 0.983788430690765 0.992278754711151 0.996182680130005 0.998212873935699 0.997814953327179 0.998904049396515 0.999717950820923 0.999578058719635 0.999947667121887 0.999987065792084 0.999990165233612 0.999988257884979 0.999977827072144 0.999951958656311 0.99989640712738 0.999786198139191 0.997908115386963 0.996143519878387 0.996075868606567 0.997364938259125 0.996581375598907 0.993606090545654 0.993224859237671 0.994404196739197 0.993722796440125 0.992086410522461 0.98930025100708 0.989682495594025 0.988367080688477 0.982755064964294 0.974997162818909
0.827724099159241 0.842256665229797 0.834750115871429 0.870204329490662 0.883042097091675 0.854629755020142 0.871065557003021 0.901689171791077 0.920869767665863 0.940652251243591 0.952428698539734 0.9648197889328 0.978788077831268 0.986489534378052 0.992712378501892 0.996034264564514 0.998088002204895 0.994750440120697 0.999350130558014 0.999840080738068 0.999863147735596 0.999976813793182 0.999994218349457 0.999994039535522 0.999991834163666 0.999980270862579 0.999953031539917 0.999864935874939 0.998597860336304 0.990563988685608 0.996676564216614 0.990983903408051 0.998286366462708 0.997493743896484 0.996677756309509 0.996242821216583 0.994999051094055 0.992963671684265 0.991934597492218 0.990693688392639 0.989755928516388 0.988582670688629 0.986025035381317 0.979914009571075
0.85509717464447 0.852529764175415 0.851850569248199 0.87820041179657 0.875764131546021 0.868457794189453 0.894378542900085 0.90872859954834 0.929598689079285 0.937741577625275 0.951743423938751 0.963889479637146 0.975126504898071 0.984348714351654 0.990231454372406 0.994358777999878 0.997157216072083 0.996962666511536 0.999668300151825 0.999448776245117 0.999353110790253 0.999984681606293 0.999994158744812 0.999992728233337 0.9999880194664 0.999973773956299 0.999912083148956 0.999727964401245 0.999080657958984 0.985523879528046 0.997584402561188 0.997947514057159 0.998388826847076 0.996370255947113 0.99639880657196 0.996134221553802 0.995179057121277 0.993298590183258 0.991826236248016 0.99066174030304 0.990593731403351 0.987239480018616 0.986833572387695 0.986099362373352
0.867908239364624 0.876086831092834 0.861298024654388 0.890777409076691 0.880764424800873 0.87988954782486 0.904756665229797 0.910592377185822 0.922659814357758 0.935433328151703 0.948529362678528 0.959802627563477 0.970514059066772 0.981226801872253 0.988345980644226 0.992510676383972 0.995576560497284 0.998704850673676 0.999619543552399 0.999598920345306 0.999175250530243 0.999984860420227 0.999988317489624 0.999969840049744 0.999887228012085 0.999952018260956 0.999881565570831 0.999732315540314 0.999623775482178 0.993999361991882 0.997164070606232 0.998611748218536 0.997965335845947 0.979795157909393 0.990809321403503 0.989498972892761 0.993232369422913 0.993666589260101 0.992122292518616 0.990618705749512 0.989427745342255 0.986967206001282 0.987621009349823 0.985368847846985
0.878032922744751 0.885008931159973 0.867777168750763 0.881622791290283 0.885787427425385 0.892963349819183 0.900316655635834 0.909741342067719 0.920486092567444 0.929140210151672 0.93803471326828 0.949046909809113 0.962241470813751 0.975471377372742 0.985307693481445 0.990915298461914 0.993480861186981 0.998299598693848 0.999347507953644 0.999553143978119 0.999750375747681 0.999943435192108 0.999963462352753 0.999763250350952 0.998309552669525 0.99985283613205 0.999793708324432 0.99944531917572 0.999440550804138 0.998506963253021 0.998370707035065 0.99833744764328 0.997498154640198 0.98894065618515 0.984010875225067 0.978125870227814 0.984332859516144 0.992085456848145 0.991017580032349 0.990196347236633 0.989068984985352 0.983915567398071 0.986514091491699 0.983180582523346
0.880898833274841 0.893041670322418 0.877057671546936 0.882366418838501 0.890232086181641 0.892095386981964 0.901426792144775 0.909890651702881 0.914997577667236 0.923653542995453 0.927027106285095 0.93321681022644 0.951992273330688 0.964659214019775 0.976248323917389 0.986358165740967 0.991323292255402 0.996832430362701 0.998435258865356 0.999130010604858 0.999689042568207 0.999828159809113 0.999691009521484 0.999479472637177 0.995919346809387 0.999496459960938 0.999580204486847 0.999350965023041 0.9991215467453 0.998707115650177 0.998228430747986 0.99759566783905 0.996850967407227 0.992070496082306 0.986132442951202 0.980558753013611 0.987171232700348 0.991303324699402 0.989874601364136 0.988325834274292 0.987057983875275 0.977599859237671 0.984956622123718 0.9812091588974
