data/climate_estimation/maxent_output/Chionographis_chinensis.asc
NCOLS 211 
NROWS 58 
XLLCORNER 100.833333333333 
YLLCORNER 23.25 
CELLSIZE 0.0833333333333333 
NODATA_value -3.4e+38 
[rows 0 to 19 of 58, columns 132 to 175 of 211]
0.909674465656281 0.90837037563324 0.903626918792725 0.898579239845276 0.900420963764191 0.903999328613281 0.909530460834503 0.911294996738434 0.913770198822021 0.918245196342468 0.924407124519348 0.932113111019135 0.934762120246887 0.936113655567169 0.941026151180267 0.944688200950623 0.948385775089264 0.954255282878876 0.959628343582153 0.966067373752594 0.969805121421814 0.975384831428528 0.977411329746246 0.98095703125 0.984009683132172 0.985652923583984 0.987674057483673 0.988734006881714 0.989214956760406 0.987085402011871 0.98790180683136 0.985986411571503 0.981707572937012 0.97597998380661 0.968132615089417 0.959236621856689 0.956663966178894 0.944237470626831 0.934636116027832 0.927403032779694 0.921843230724335 0.91872638463974 0.911688685417175 0.91263222694397
0.909886181354523 0.908717095851898 0.901605129241943 0.898913025856018 0.901539981365204 0.903519034385681 0.908883392810822 0.908118784427643 0.912622809410095 0.919265568256378 0.923080325126648 0.926112532615662 0.928335011005402 0.932535231113434 0.93997585773468 0.945444464683533 0.950314581394196 0.956966161727905 0.961159586906433 0.968985140323639 0.973079085350037 0.97672575712204 0.978298485279083 0.98076343536377 0.983052611351013 0.985205054283142 0.986023664474487 0.988908052444458 0.989992916584015 0.989471256732941 0.989419341087341 0.986831605434418 0.981321394443512 0.976561665534973 0.971663773059845 0.961013972759247 0.951263964176178 0.948517560958862 0.943496942520142 0.93823254108429 0.933815538883209 0.930899024009705 0.931914985179901 0.934700071811676
0.901002466678619 0.901816427707672 0.899582147598267 0.904211282730103 0.902680099010468 0.903892934322357 0.905209183692932 0.905571341514587 0.914778113365173 0.917903125286102 0.917797803878784 0.923657953739166 0.928161680698395 0.93098247051239 0.937018930912018 0.944470047950745 0.951498448848724 0.955938875675201 0.962288558483124 0.968142330646515 0.973148822784424 0.975678205490112 0.976480066776276 0.979097485542297 0.982646048069 0.985034465789795 0.986994743347168 0.988564193248749 0.989804089069366 0.991420030593872 0.990640640258789 0.986115515232086 0.981621861457825 0.976200759410858 0.969401061534882 0.963610470294952 0.956950664520264 0.95261013507843 0.949394285678864 0.948493003845215 0.944868981838226 0.944499671459198 0.946227967739105 0.950627267360687
0.897720396518707 0.898147523403168 0.894627869129181 0.897705733776093 0.907633900642395 0.904515504837036 0.90853613615036 0.908061325550079 0.910409092903137 0.912558615207672 0.917142450809479 0.918319702148438 0.923942983150482 0.931723892688751 0.937223494052887 0.943429946899414 0.949097812175751 0.9576056599617 0.958276510238647 0.968022346496582 0.971344172954559 0.972826838493347 0.976373672485352 0.980097055435181 0.98178368806839 0.98299366235733 0.984822154045105 0.986879944801331 0.987562358379364 0.988363862037659 0.986970961093903 0.983338296413422 0.979745447635651 0.974699020385742 0.966463565826416 0.961431622505188 0.961161017417908 0.959226667881012 0.956510961055756 0.956087350845337 0.955435633659363 0.956624090671539 0.956557750701904 0.960544645786285
0.896174013614655 0.897226214408875 0.895134329795837 0.897009611129761 0.901379287242889 0.901368379592896 0.902865827083588 0.905127167701721 0.906437933444977 0.909968495368958 0.91216641664505 0.919941544532776 0.924404799938202 0.930224597454071 0.93612152338028 0.943050146102905 0.947251856327057 0.954381108283997 0.958155393600464 0.961252212524414 0.965193748474121 0.968670904636383 0.973932504653931 0.97657436132431 0.977356016635895 0.981034457683563 0.982149064540863 0.982776582241058 0.984615206718445 0.984211921691895 0.982104659080505 0.980338990688324 0.977733075618744 0.972570300102234 0.966450154781342 0.966288566589355 0.965046465396881 0.965628325939178 0.963055849075317 0.963808953762054 0.964875280857086 0.965481162071228 0.965008676052094 0.968236088752747
0.893689572811127 0.894216895103455 0.891772329807281 0.894559442996979 0.895375311374664 0.897717535495758 0.900270223617554 0.902917742729187 0.902907311916351 0.909833431243896 0.910274386405945 0.915240466594696 0.921080827713013 0.928521573543549 0.936713814735413 0.939638793468475 0.945967674255371 0.950130343437195 0.953417301177979 0.961624562740326 0.963163673877716 0.967119634151459 0.970079004764557 0.972625195980072 0.975774765014648 0.978545486927032 0.980416417121887 0.980802834033966 0.979112088680267 0.973388612270355 0.97855132818222 0.976705193519592 0.973883509635925 0.967897891998291 0.968661189079285 0.968132615089417 0.968168199062347 0.970059156417847 0.967933237552643 0.966902017593384 0.968798100948334 0.970630764961243 0.972215533256531 0.975728511810303
0.890705049037933 0.891551792621613 0.89002388715744 0.893680095672607 0.894936263561249 0.896341681480408 0.898905575275421 0.899639546871185 0.901701629161835 0.90570205450058 0.90766566991806 0.91578620672226 0.920901536941528 0.92734032869339 0.933174788951874 0.937166929244995 0.945819020271301 0.952942132949829 0.955315947532654 0.957076489925385 0.959782600402832 0.963347971439362 0.968834519386292 0.971250116825104 0.973303377628326 0.976306080818176 0.977267205715179 0.976748466491699 0.967620074748993 0.970480382442474 0.974855065345764 0.971899747848511 0.968147754669189 0.970337927341461 0.971156239509583 0.972418785095215 0.972874820232391 0.972927153110504 0.971822440624237 0.973082423210144 0.973368048667908 0.975505232810974 0.976779520511627 0.979210674762726
0.899450182914734 0.892871081829071 0.886204659938812 0.888061344623566 0.892005145549774 0.892770528793335 0.906875014305115 0.89979487657547 0.874070048332214 0.87899649143219 0.882241368293762 0.88265597820282 0.921619713306427 0.920820832252502 0.930948078632355 0.935088872909546 0.944736421108246 0.958291411399841 0.951567709445953 0.954671680927277 0.956830084323883 0.961495876312256 0.965995252132416 0.971038401126862 0.972390711307526 0.971786260604858 0.972466707229614 0.969030380249023 0.967356026172638 0.970006287097931 0.968051612377167 0.966229975223541 0.969474256038666 0.97230851650238 0.974269568920135 0.974945724010468 0.97642457485199 0.975031316280365 0.974927961826324 0.975471198558807 0.976899802684784 0.978086650371552 0.980989038944244 0.983108878135681
0.896359145641327 0.885625123977661 0.881403982639313 0.88528835773468 0.886350929737091 0.900954306125641 0.896918892860413 0.900499105453491 0.876655876636505 0.884010851383209 0.912580192089081 0.911608457565308 0.914159297943115 0.920224845409393 0.925706446170807 0.935014009475708 0.94598662853241 0.95330548286438 0.955614387989044 0.953634917736053 0.954239308834076 0.961374282836914 0.96867424249649 0.969847619533539 0.969452738761902 0.970428645610809 0.969682812690735 0.968088328838348 0.96757960319519 0.960637331008911 0.963922560214996 0.967102468013763 0.971752762794495 0.974616587162018 0.978107094764709 0.978433907032013 0.979335606098175 0.978707253932953 0.97769820690155 0.978141307830811 0.97929835319519 0.980590581893921 0.98328709602356 0.984453678131104
0.890329599380493 0.881618082523346 0.877475500106812 0.882565677165985 0.887649953365326 0.889583706855774 0.899093270301819 0.903002679347992 0.880308091640472 0.874179303646088 0.935345768928528 0.938252985477448 0.923169672489166 0.920699775218964 0.928348064422607 0.935027599334717 0.945708811283112 0.946978747844696 0.948235929012299 0.948929905891418 0.953007936477661 0.95829039812088 0.963329911231995 0.964736580848694 0.965139448642731 0.962733268737793 0.962600290775299 0.963686406612396 0.961260080337524 0.960832238197327 0.958300709724426 0.965697050094604 0.971533238887787 0.977330327033997 0.979809403419495 0.982466518878937 0.981586992740631 0.981330990791321 0.978577494621277 0.979897916316986 0.982375264167786 0.982776939868927 0.984677195549011 0.985683500766754
0.888033866882324 0.885227978229523 0.879892647266388 0.881173312664032 0.889410555362701 0.892257690429688 0.898645281791687 0.907197177410126 0.906977832317352 0.936940610408783 0.919029831886292 0.929985344409943 0.890902936458588 0.919100999832153 0.927266657352448 0.93303781747818 0.941977024078369 0.942569732666016 0.944596350193024 0.945661664009094 0.949882745742798 0.95731657743454 0.959303200244904 0.962623178958893 0.963224112987518 0.957443177700043 0.960792779922485 0.963933348655701 0.956038475036621 0.956510126590729 0.963649094104767 0.967648267745972 0.974511384963989 0.978254199028015 0.982038080692291 0.985153496265411 0.985719323158264 0.982449591159821 0.979139804840088 0.979503512382507 0.982413291931152 0.983421921730042 0.985845506191254 0.987847447395325
0.886124789714813 0.878960609436035 0.881819009780884 0.882492482662201 0.888819932937622 0.896546244621277 0.900674879550934 0.899505853652954 0.901707470417023 0.910976648330688 0.884647607803345 0.88695502281189 0.911152422428131 0.917363882064819 0.926246404647827 0.932695865631104 0.932694613933563 0.936269402503967 0.937662422657013 0.941983282566071 0.949405074119568 0.958393752574921 0.960656583309174 0.960375428199768 0.954923868179321 0.951846122741699 0.961133241653442 0.950824916362762 0.950756669044495 0.957820415496826 0.963679850101471 0.969593524932861 0.973990976810455 0.978905498981476 0.982866227626801 0.987335503101349 0.988927900791168 0.982878565788269 0.979889214038849 0.981796622276306 0.984591007232666 0.984947979450226 0.986408650875092 0.988571524620056
0.891699552536011 0.885192394256592 0.892475724220276 0.889315009117126 0.88914942741394 0.893174648284912 0.897633969783783 0.898080408573151 0.897329866886139 0.896562099456787 0.89927214384079 0.904853463172913 0.911921441555023 0.916471242904663 0.924579739570618 0.933844804763794 0.930518984794617 0.930913925170898 0.934078752994537 0.939415276050568 0.95599377155304 0.958251774311066 0.957814574241638 0.957329750061035 0.946150183677673 0.944408893585205 0.936460673809052 0.94053441286087 0.949695885181427 0.955501914024353 0.962781190872192 0.966436982154846 0.970524966716766 0.979747354984283 0.984068095684052 0.987053275108337 0.988977551460266 0.986266493797302 0.984219014644623 0.982753872871399 0.985429167747498 0.985584557056427 0.987946689128876 0.989033222198486
0.896540462970734 0.891721487045288 0.884230017662048 0.885432779788971 0.88865864276886 0.893963992595673 0.895649075508118 0.891123116016388 0.883893668651581 0.896593868732452 0.905865848064423 0.906586587429047 0.917055130004883 0.923169612884521 0.930980741977692 0.92748886346817 0.926875054836273 0.930754601955414 0.933131515979767 0.947388768196106 0.950944781303406 0.944192886352539 0.939252853393555 0.941204190254211 0.941474616527557 0.939314663410187 0.939388155937195 0.936140894889832 0.94533371925354 0.954261600971222 0.959804594516754 0.967646420001984 0.973702728748322 0.978919208049774 0.982987880706787 0.986162483692169 0.987333059310913 0.987117886543274 0.984020590782166 0.984674215316772 0.985908925533295 0.986202657222748 0.987935900688171 0.989569365978241
0.884838700294495 0.891952991485596 0.892190992832184 0.886259853839874 0.891157984733582 0.88966304063797 0.888535380363464 0.884443938732147 0.889261782169342 0.898046851158142 0.907289922237396 0.910590708255768 0.914095520973206 0.920158267021179 0.937968909740448 0.932246327400208 0.925050735473633 0.92688775062561 0.929760038852692 0.93568742275238 0.941268503665924 0.932951152324677 0.937585175037384 0.948751866817474 0.948404133319855 0.94097501039505 0.940799236297607 0.932678580284119 0.941240847110748 0.946889877319336 0.957034528255463 0.965047836303711 0.971485614776611 0.975313186645508 0.980162680149078 0.982793927192688 0.984409093856812 0.984832048416138 0.985176563262939 0.984996259212494 0.984885931015015 0.987112879753113 0.989075422286987 0.989885449409485
0.883175313472748 0.886473000049591 0.888437211513519 0.8884636759758 0.890573918819427 0.888377964496613 0.886937201023102 0.881398737430573 0.893983960151672 0.902276635169983 0.904592752456665 0.908370614051819 0.912097692489624 0.917008340358734 0.921660244464874 0.92409336566925 0.922734320163727 0.926943957805634 0.938621044158936 0.940339207649231 0.92856240272522 0.930310785770416 0.934356927871704 0.951570630073547 0.953732669353485 0.937004566192627 0.935090303421021 0.938888430595398 0.948045074939728 0.945746421813965 0.954073190689087 0.962294816970825 0.967557311058044 0.972871959209442 0.977672934532166 0.979750692844391 0.982755184173584 0.983421504497528 0.983761787414551 0.984312891960144 0.984692931175232 0.986872613430023 0.989046096801758 0.990318953990936
0.89667797088623 0.89477950334549 0.890986919403076 0.894286572933197 0.894544959068298 0.891089022159576 0.888980329036713 0.888827741146088 0.892197668552399 0.901745796203613 0.90630030632019 0.907175660133362 0.911590397357941 0.914415657520294 0.91684877872467 0.924208760261536 0.927605748176575 0.926323711872101 0.940246641635895 0.934541821479797 0.925869107246399 0.926835298538208 0.93558806180954 0.941986382007599 0.946822762489319 0.930380702018738 0.929333627223969 0.935907483100891 0.947149634361267 0.942078769207001 0.951925158500671 0.959490299224854 0.964291036128998 0.969916939735413 0.974505662918091 0.977215170860291 0.979239225387573 0.981404721736908 0.981548190116882 0.983534872531891 0.985317587852478 0.986356914043427 0.98803573846817 0.989755630493164
0.894229710102081 0.902275621891022 0.893431842327118 0.895705699920654 0.895467281341553 0.893076777458191 0.892277538776398 0.893210172653198 0.894951999187469 0.901390135288239 0.907804429531097 0.90886265039444 0.909469544887543 0.915680587291718 0.918590188026428 0.924764513969421 0.928990125656128 0.925385653972626 0.925815343856812 0.925869107246399 0.928602457046509 0.927028179168701 0.936056315898895 0.939564526081085 0.937130153179169 0.934850037097931 0.948802351951599 0.954439163208008 0.948781907558441 0.942449510097504 0.950112223625183 0.956586420536041 0.961628973484039 0.965536236763 0.968979239463806 0.973612129688263 0.976511478424072 0.977669715881348 0.980548620223999 0.982164561748505 0.98455423116684 0.984519362449646 0.986275434494019 0.988411724567413
0.90262109041214 0.905957221984863 0.902121126651764 0.89964348077774 0.899407505989075 0.894481778144836 0.890403568744659 0.896796047687531 0.90044116973877 0.903349578380585 0.905057966709137 0.907285869121552 0.908326864242554 0.913600981235504 0.920789122581482 0.928083956241608 0.925272643566132 0.923069000244141 0.920858979225159 0.923684358596802 0.927511096000671 0.931196331977844 0.940389633178711 0.939585626125336 0.938233971595764 0.940508723258972 0.95102447271347 0.953040421009064 0.946545422077179 0.942448914051056 0.946816146373749 0.952389240264893 0.958280920982361 0.961663603782654 0.967613458633423 0.969840884208679 0.972202003002167 0.975490272045135 0.977947413921356 0.980095207691193 0.982914388179779 0.984387874603271 0.986104249954224 0.98849481344223
0.90791392326355 0.903876781463623 0.899334251880646 0.902376890182495 0.902124881744385 0.895762026309967 0.899417042732239 0.897684454917908 0.900893688201904 0.904768168926239 0.907258033752441 0.907709658145905 0.911522924900055 0.912269294261932 0.918289542198181 0.923263490200043 0.921519875526428 0.921221256256104 0.922143757343292 0.927056133747101 0.934504628181458 0.932412922382355 0.932397902011871 0.930283069610596 0.947491466999054 0.952110826969147 0.945665955543518 0.951382040977478 0.933827996253967 0.940087080001831 0.944829642772675 0.95229834318161 0.956251263618469 0.958681344985962 0.963876843452454 0.968289375305176 0.971762835979462 0.974112629890442 0.975909888744354 0.978368103504181 0.979821085929871 0.982702851295471 0.984704971313477 0.987509489059448
