data/climate_estimation/maxent_output/Clintonia_andrewsiana.asc
NCOLS 34 
NROWS 75 
XLLCORNER -124.25 
YLLCORNER 36 
CELLSIZE 0.0833333333333332 
NODATA_value -3.4e+38 
[rows 35 to 69 of 75, columns 0 to 33 of 34]
-3.4e+38 -3.4e+38 -3.4e+38 -3.4e+38 -3.4e+38 0.640134930610657 0.733896791934967 0.730888605117798 0.684754729270935 0.491987437009811 0.357069492340088 0.23075245320797 0.0713990852236748 0.0331520028412342 0.0524220056831837 0.147621899843216 0.0955794677138329 0.159388929605484 0.308378428220749 0.0598940029740334 0.00770083256065845 0.00396763905882835 0.00172367133200169 0.00116913369856775 0.00100098468828946 0.000969055923633277 0.00090412370627746 0.000939369492698461 0.000999224721454084 0.00127599702682346 0.0013569489819929 0.00154668791219592 0.00202645640820265 0.00368576566688716
-3.4e+38 -3.4e+38 -3.4e+38 -3.4e+38 -3.4e+38 0.624386727809906 0.74450820684433 0.738373100757599 0.7064009308815 0.575349032878876 0.424964159727097 0.270044028759003 0.0753289386630058 0.0732963532209396 0.0627869814634323 0.0337783172726631 0.0586278773844242 0.161971196532249 0.0878797695040703 0.059237465262413 0.0320830903947353 0.00552180269733071 0.00244724424555898 0.000999060343019664 0.000855035497806966 0.000760766211897135 0.000716781592927873 0.000737401598598808 0.00102550617884845 0.00196421984583139 0.00103682151529938 0.00119319185614586 0.00150258466601372 0.00242879567667842
-3.4e+38 -3.4e+38 -3.4e+38 -3.4e+38 -3.4e+38 -3.4e+38 0.765006363391876 0.74810802936554 0.722223997116089 0.66259765625 0.507589519023895 0.37509760260582 0.113344743847847 0.104179196059704 0.127684235572815 0.0122825149446726 0.00725401006639004 0.0842503979802132 0.0531028658151627 0.0349905677139759 0.00905327685177326 0.0122175347059965 0.00231464114040136 0.00113805220462382 0.000793487357441336 0.000691729539539665 0.000585166562814265 0.000578175764530897 0.000613467709627002 0.000678992015309632 0.000741891155485064 0.000883239787071943 0.00116108590736985 0.0016676401719451
-339999999999999996123846586046231871488.000000000000000 -3.4e+38 -3.4e+38 -3.4e+38 -3.4e+38 -3.4e+38 0.760971903800964 0.772573351860046 0.753502011299133 0.728987038135529 0.629045605659485 0.416110187768936 0.208739131689072 0.0983303114771843 0.189897045493126 0.0158004574477673 0.0061297956854105 0.00706449849531054 0.0113344481214881 0.00824239104986191 0.00648408988490701 0.013582712970674 0.00481649301946163 0.00302327214740217 0.00104264833498746 0.000649600871838629 0.000555180478841066 0.000513203383889049 0.000553180871065706 0.000571978336665779 0.000646249100100249 0.000761574483476579 0.000982993515208364 0.00139652565121651
-3.4e+38 -3.4e+38 -3.4e+38 -3.4e+38 -3.4e+38 -3.4e+38 0.562137186527252 0.766964673995972 0.763614594936371 0.757440984249115 0.631721019744873 0.525737881660461 0.387005656957626 0.123779475688934 0.0631789937615395 0.0827956199645996 0.0120426649227738 0.042201716452837 0.00923807825893164 0.0123585294932127 0.00955401360988617 0.0102738002315164 0.00551227992400527 0.00696255592629313 0.00210043438710272 0.000864750414621085 0.00058043870376423 0.000483564857859164 0.00048674619756639 0.000573054712731391 0.000592585769481957 0.000672883936204016 0.000889748509507626 0.00124055403284729
-3.4e+38 -3.4e+38 -3.4e+38 -3.4e+38 -3.4e+38 -3.4e+38 0.560907661914825 0.74186497926712 0.784879386425018 0.75998592376709 0.742060780525208 0.609966039657593 0.411190420389175 0.208306208252907 0.0982408747076988 0.171387329697609 0.120732076466084 0.140870809555054 0.0976832583546638 0.0223429519683123 0.0211860984563828 0.0365378968417645 0.015144307166338 0.0112792560830712 0.00252288649789989 0.00184691860340536 0.000619115366134793 0.000505159550812095 0.000498601351864636 0.000538664986379445 0.000643849896732718 0.000758938840590417 0.00087346468353644 0.00132307049352676
-3.4e+38 -3.4e+38 -3.4e+38 -3.4e+38 -3.4e+38 -3.4e+38 -3.4e+38 0.694306373596191 0.754208266735077 0.769939422607422 0.759696245193481 0.693072736263275 0.561335265636444 0.348075717687607 0.144361719489098 0.074886180460453 0.0924230217933655 0.2023044526577 0.189847990870476 0.0304673463106155 0.0121027017012239 0.00954341236501932 0.0118484571576118 0.0109249372035265 0.00411499105393887 0.00246387394145131 0.00066223309841007 0.000591971212998033 0.000570553005672991 0.000637419172562659 0.000720069860108197 0.000899250619113445 0.00114868022501469 0.00152388785500079
-3.4e+38 -3.4e+38 -3.4e+38 -3.4e+38 -3.4e+38 -3.4e+38 -3.4e+38 -3.4e+38 0.570793032646179 0.700465679168701 0.760834038257599 0.755815744400024 0.675471067428589 0.531405925750732 0.30803319811821 0.139009743928909 0.0987270101904869 0.0896991863846779 0.118439540266991 0.0780226215720177 0.0287163257598877 0.0151112014427781 0.0102880392223597 0.0070959203876555 0.0109799085184932 0.00187002052552998 0.000869086245074868 0.000703129568137228 0.000743872544262558 0.000757487083319575 0.000928163120988756 0.00113794323988259 0.00143094244413078 0.00185914407484233
-3.4e+38 -3.4e+38 -3.4e+38 -3.4e+38 -3.4e+38 -3.4e+38 -3.4e+38 -3.4e+38 -3.4e+38 -3.4e+38 0.738094925880432 0.75172221660614 0.734532475471497 0.631849110126495 0.507463335990906 0.31277135014534 0.202522680163383 0.135823503136635 0.100481882691383 0.0948432683944702 0.092810332775116 0.045209925621748 0.0147490361705422 0.0100961280986667 0.011683571152389 0.016622906550765 0.00175209564622492 0.00104695360641927 0.000994563684798777 0.00108905090019107 0.00128171104006469 0.00144054787233472 0.00166347657795995 0.0018196984892711
-3.4e+38 -3.4e+38 -3.4e+38 -3.4e+38 -3.4e+38 -3.4e+38 -3.4e+38 -3.4e+38 -3.4e+38 -3.4e+38 0.433155804872513 0.735002875328064 0.77025979757309 0.732402145862579 0.714842140674591 0.523850083351135 0.354051619768143 0.288909614086151 0.191050440073013 0.136423885822296 0.103511340916157 0.0660454705357552 0.0294075161218643 0.0274404864758253 0.0112584577873349 0.0123533429577947 0.00425513414666057 0.00173032726161182 0.00173006486147642 0.00194924476090819 0.00193374778609723 0.00179504428524524 0.00185505056288093 0.00193198083434254
-3.4e+38 -3.4e+38 -3.4e+38 -3.4e+38 -3.4e+38 -3.4e+38 -3.4e+38 -3.4e+38 -3.4e+38 -3.4e+38 -3.4e+38 -3.4e+38 0.741950690746307 0.705578744411469 0.735351383686066 0.656409502029419 0.47087949514389 0.459692448377609 0.271569579839706 0.233795553445816 0.187339454889297 0.100091271102428 0.0347837209701538 0.045147642493248 0.0264906696975231 0.0263778530061245 0.0091340309008956 0.0038869371637702 0.00308049353770912 0.00289628212340176 0.00251871440559626 0.00208056392148137 0.00209227111190557 0.00217366241849959
-3.4e+38 -3.4e+38 -3.4e+38 -3.4e+38 -3.4e+38 -3.4e+38 -3.4e+38 -3.4e+38 -3.4e+38 -3.4e+38 -3.4e+38 -3.4e+38 -3.4e+38 0.738321661949158 0.746385812759399 0.723013818264008 0.618883490562439 0.371594935655594 0.340168684720993 0.346909940242767 0.194940134882927 0.192083969712257 0.0708638280630112 0.0669281929731369 0.0493394397199154 0.0366371013224125 0.0193634871393442 0.00887821521610022 0.0056598293595016 0.00404787110164762 0.00300916051492095 0.00253760977648199 0.00246009905822575 0.00237910496070981
-3.4e+38 -3.4e+38 -3.4e+38 -3.4e+38 -3.4e+38 -3.4e+38 -3.4e+38 -3.4e+38 -3.4e+38 -3.4e+38 -3.4e+38 -3.4e+38 -3.4e+38 -3.4e+38 0.676202058792114 0.701662361621857 0.655570507049561 0.626314043998718 0.34930881857872 0.280395895242691 0.194026798009872 0.098318375647068 0.128114327788353 0.151333957910538 0.0931741520762444 0.0603960976004601 0.03085714019835 0.0186198819428682 0.0101113962009549 0.00535411387681961 0.00366732268594205 0.0027476311661303 0.00248881685547531 0.00253554433584213
-3.4e+38 -3.4e+38 -3.4e+38 -3.4e+38 -3.4e+38 -3.4e+38 -3.4e+38 -3.4e+38 -3.4e+38 -3.4e+38 -3.4e+38 -3.4e+38 -3.4e+38 -3.4e+38 -3.4e+38 0.67801308631897 0.733775019645691 0.740529000759125 0.464234352111816 0.371350675821304 0.275534391403198 0.239906683564186 0.256737858057022 0.274003237485886 0.192960187792778 0.103252790868282 0.046086385846138 0.0261777322739363 0.0132332192733884 0.00654712226241827 0.0039522685110569 0.00267835566774011 0.0024644872173667 0.00247808289714158
-3.4e+38 -3.4e+38 -3.4e+38 -3.4e+38 -3.4e+38 -3.4e+38 -3.4e+38 -3.4e+38 -3.4e+38 -3.4e+38 -3.4e+38 -3.4e+38 -3.4e+38 -3.4e+38 -3.4e+38 0.67441064119339 0.739000976085663 0.796293258666992 0.817214727401733 0.608969748020172 0.516151905059814 0.439642637968063 0.426174998283386 0.440756469964981 0.357182919979095 0.172122225165367 0.0752387717366219 0.0316240191459656 0.0136650102213025 0.00628512119874358 0.00335568049922585 0.00233948486857116 0.00210463907569647 0.00216231541708112
-3.4e+38 -3.4e+38 -3.4e+38 -3.4e+38 -3.4e+38 -3.4e+38 -3.4e+38 -3.4e+38 -3.4e+38 -3.4e+38 -3.4e+38 -3.4e+38 -3.4e+38 -3.4e+38 0.56623899936676 0.645352125167847 0.771743297576904 0.816999197006226 0.877119064331055 0.902594029903412 0.775158286094666 0.786292552947998 0.65167099237442 0.568046271800995 0.514124989509583 0.253687649965286 0.106907732784748 0.0393397212028503 0.0138446027413011 0.0053186765871942 0.00254563218913972 0.0017684482736513 0.00158250459935516 0.00156894745305181
-3.4e+38 -3.4e+38 -3.4e+38 -3.4e+38 -3.4e+38 -3.4e+38 -3.4e+38 -3.4e+38 -3.4e+38 -3.4e+38 -3.4e+38 -3.4e+38 -3.4e+38 -3.4e+38 0.594211161136627 0.577852368354797 -3.4e+38 0.892200291156769 0.917751491069794 0.93233722448349 0.876272618770599 0.820970952510834 0.593303978443146 0.633520305156708 0.696036636829376 0.363498121500015 0.138947010040283 0.0465064086019993 0.0172876808792353 0.00503864418715239 0.00191720679868013 0.001394810853526 0.00113712204620242 0.00106599589344114
-3.4e+38 -3.4e+38 -3.4e+38 -3.4e+38 -3.4e+38 -3.4e+38 -3.4e+38 -3.4e+38 -3.4e+38 -3.4e+38 -3.4e+38 -3.4e+38 -3.4e+38 -3.4e+38 -3.4e+38 -3.4e+38 -3.4e+38 -3.4e+38 0.877964973449707 0.942569494247437 0.930391490459442 0.714936971664429 0.489719063043594 0.467446863651276 0.694066941738129 0.444773733615875 0.178539097309113 0.0557895638048649 0.021260604262352 0.00615766271948814 0.00212319474667311 0.00127555255312473 0.000852105615194887 0.000773047795519233
-3.4e+38 -3.4e+38 -3.4e+38 -3.4e+38 -3.4e+38 -3.4e+38 -3.4e+38 -3.4e+38 -3.4e+38 -3.4e+38 -3.4e+38 -3.4e+38 -3.4e+38 -3.4e+38 -3.4e+38 -3.4e+38 -3.4e+38 -3.4e+38 -3.4e+38 -3.4e+38 0.453783094882965 0.304877638816833 0.186915636062622 0.293887704610825 0.472416430711746 0.443591892719269 0.158147677779198 0.0527147464454174 0.0168623887002468 0.00848616193979979 0.00288145476952195 0.0012151327682659 0.000722691474948078 0.000554234255105257
-3.4e+38 -3.4e+38 -3.4e+38 -3.4e+38 -3.4e+38 -3.4e+38 -3.4e+38 -3.4e+38 -3.4e+38 -3.4e+38 -3.4e+38 -3.4e+38 -3.4e+38 -3.4e+38 -3.4e+38 -3.4e+38 -3.4e+38 -3.4e+38 -3.4e+38 -3.4e+38 0.201815292239189 0.298528105020523 0.190841853618622 0.36404886841774 0.474277406930923 0.399829715490341 0.173331066966057 0.0523805767297745 0.0144368121400476 0.00519911386072636 0.00277754128910601 0.00214816769585013 0.00085531163495034 0.000476171961054206
-3.4e+38 -3.4e+38 -3.4e+38 -3.4e+38 -3.4e+38 -3.4e+38 -3.4e+38 -3.4e+38 -3.4e+38 -3.4e+38 -3.4e+38 -3.4e+38 -3.4e+38 -3.4e+38 -3.4e+38 -3.4e+38 -3.4e+38 -3.4e+38 -3.4e+38 -3.4e+38 0.359537750482559 0.525115489959717 0.29362764954567 0.347492098808289 -3.4e+38 0.325105458498001 0.175275102257729 0.0689452737569809 0.0185404866933823 0.0075680473819375 0.00421600323170424 0.00483527220785618 0.0020631174556911 0.00080103863729164
-3.4e+38 -3.4e+38 -3.4e+38 -3.4e+38 -3.4e+38 -3.4e+38 -3.4e+38 -3.4e+38 -3.4e+38 -3.4e+38 -3.4e+38 -3.4e+38 -3.4e+38 -3.4e+38 -3.4e+38 -3.4e+38 -3.4e+38 -3.4e+38 -3.4e+38 -3.4e+38 0.411003559827805 0.765487313270569 0.714136242866516 0.406419366598129 0.370753318071365 0.229360178112984 0.147439554333687 0.0655946582555771 0.0273770075291395 0.0174071360379457 0.0274359956383705 0.015680056065321 0.012321881018579 0.00272477720864117
-339999999999999996123846586046231871488.000000000000000 -3.4e+38 -3.4e+38 -3.4e+38 -3.4e+38 -3.4e+38 -3.4e+38 -3.4e+38 -3.4e+38 -3.4e+38 -3.4e+38 -3.4e+38 -3.4e+38 -3.4e+38 -3.4e+38 -3.4e+38 -3.4e+38 -3.4e+38 -3.4e+38 -3.4e+38 -3.4e+38 0.391730159521103 0.822836875915527 0.802647292613983 0.344085186719894 0.206324830651283 0.125565767288208 0.0756741017103195 0.0371164456009865 0.0403154194355011 0.0373145118355751 0.0194192100316286 0.0152106117457151 0.01000293251127
-3.4e+38 -3.4e+38 -3.4e+38 -3.4e+38 -3.4e+38 -3.4e+38 -3.4e+38 -3.4e+38 -3.4e+38 -3.4e+38 -3.4e+38 -3.4e+38 -3.4e+38 -3.4e+38 -3.4e+38 -3.4e+38 -3.4e+38 -3.4e+38 -3.4e+38 -3.4e+38 -3.4e+38 0.402773827314377 0.718677043914795 0.873006761074066 0.789103984832764 0.309804111719131 0.157607048749924 0.0757225528359413 0.0322366766631603 0.0256156604737043 0.0462921261787415 0.0279491432011127 0.0132629424333572 0.00856538396328688
-3.4e+38 -3.4e+38 -3.4e+38 -3.4e+38 -3.4e+38 -3.4e+38 -3.4e+38 -3.4e+38 -3.4e+38 -3.4e+38 -3.4e+38 -3.4e+38 -3.4e+38 -3.4e+38 -3.4e+38 -3.4e+38 -3.4e+38 -3.4e+38 -3.4e+38 -3.4e+38 -3.4e+38 -3.4e+38 0.506318151950836 0.788275361061096 0.85143768787384 0.770728766918182 0.24435730278492 0.0822231397032738 0.0416529551148415 0.0260233711451292 0.0474897138774395 0.034882728010416 0.0191407650709152 0.00894308835268021
-3.4e+38 -3.4e+38 -3.4e+38 -3.4e+38 -3.4e+38 -3.4e+38 -3.4e+38 -3.4e+38 -3.4e+38 -3.4e+38 -3.4e+38 -3.4e+38 -3.4e+38 -3.4e+38 -3.4e+38 -3.4e+38 -3.4e+38 -3.4e+38 -3.4e+38 -3.4e+38 -3.4e+38 -3.4e+38 0.493374854326248 0.733681321144104 0.838418483734131 0.833001554012299 0.68909752368927 0.402804374694824 0.134951665997505 0.0527159348130226 0.0293729435652494 0.0301577933132648 0.0229097660630941 0.00943637080490589
-3.4e+38 -3.4e+38 -3.4e+38 -3.4e+38 -3.4e+38 -3.4e+38 -3.4e+38 -3.4e+38 -3.4e+38 -3.4e+38 -3.4e+38 -3.4e+38 -3.4e+38 -3.4e+38 -3.4e+38 -3.4e+38 -3.4e+38 -3.4e+38 -3.4e+38 -3.4e+38 -3.4e+38 -3.4e+38 0.518405914306641 0.737506628036499 0.769897222518921 0.811497509479523 0.76177442073822 0.616984128952026 0.424825549125671 0.25753453373909 0.0925209447741508 0.0202588438987732 0.0231094509363174 0.0125914216041565
-3.4e+38 -3.4e+38 -3.4e+38 -3.4e+38 -3.4e+38 -3.4e+38 -3.4e+38 -3.4e+38 -3.4e+38 -3.4e+38 -3.4e+38 -3.4e+38 -3.4e+38 -3.4e+38 -3.4e+38 -3.4e+38 -3.4e+38 -3.4e+38 -3.4e+38 -3.4e+38 -3.4e+38 -3.4e+38 -3.4e+38 0.628531575202942 0.769556522369385 0.788340151309967 0.737395882606506 0.73027366399765 0.631288528442383 0.426732242107391 0.204363957047462 0.0595729723572731 0.0228239130228758 0.0132854580879211
-3.4e+38 -3.4e+38 -3.4e+38 -3.4e+38 -3.4e+38 -3.4e+38 -3.4e+38 -3.4e+38 -3.4e+38 -3.4e+38 -3.4e+38 -3.4e+38 -3.4e+38 -3.4e+38 -3.4e+38 -3.4e+38 -3.4e+38 -3.4e+38 -3.4e+38 -3.4e+38 -3.4e+38 -3.4e+38 -3.4e+38 -3.4e+38 0.600143373012543 0.695938110351562 0.666025936603546 0.655256986618042 0.583990812301636 0.409546971321106 0.391972243785858 0.130927950143814 0.0457077994942665 0.0136119853705168
-3.4e+38 -3.4e+38 -3.4e+38 -3.4e+38 -3.4e+38 -3.4e+38 -3.4e+38 -3.4e+38 -3.4e+38 -3.4e+38 -3.4e+38 -3.4e+38 -3.4e+38 -3.4e+38 -3.4e+38 -3.4e+38 -3.4e+38 -3.4e+38 -3.4e+38 -3.4e+38 -3.4e+38 -3.4e+38 -3.4e+38 -3.4e+38 -3.4e+38 -3.4e+38 -3.4e+38 -3.4e+38 0.364243716001511 0.245317921042442 0.200902119278908 0.192823380231857 0.0925946682691574 0.0269454661756754
-3.4e+38 -3.4e+38 -3.4e+38 -3.4e+38 -3.4e+38 -3.4e+38 -3.4e+38 -3.4e+38 -3.4e+38 -3.4e+38 -3.4e+38 -3.4e+38 -3.4e+38 -3.4e+38 -3.4e+38 -3.4e+38 -3.4e+38 -3.4e+38 -3.4e+38 -3.4e+38 -3.4e+38 -3.4e+38 -3.4e+38 -3.4e+38 -3.4e+38 -3.4e+38 -3.4e+38 -3.4e+38 -3.4e+38 0.079836368560791 0.0778622925281525 0.132214337587357 0.114562802016735 0.0462242737412453
-3.4e+38 -3.4e+38 -3.4e+38 -3.4e+38 -3.4e+38 -3.4e+38 -3.4e+38 -3.4e+38 -3.4e+38 -3.4e+38 -3.4e+38 -3.4e+38 -3.4e+38 -3.4e+38 -3.4e+38 -3.4e+38 -3.4e+38 -3.4e+38 -3.4e+38 -3.4e+38 -3.4e+38 -3.4e+38 -3.4e+38 -3.4e+38 -3.4e+38 -3.4e+38 -3.4e+38 -3.4e+38 -3.4e+38 0.0524619109928608 0.0419093146920204 0.0378646217286587 0.116684019565582 0.0494189076125622
-3.4e+38 -3.4e+38 -3.4e+38 -3.4e+38 -3.4e+38 -3.4e+38 -3.4e+38 -3.4e+38 -3.4e+38 -3.4e+38 -3.4e+38 -3.4e+38 -3.4e+38 -3.4e+38 -3.4e+38 -3.4e+38 -3.4e+38 -3.4e+38 -3.4e+38 -3.4e+38 -3.4e+38 -3.4e+38 -3.4e+38 -3.4e+38 -3.4e+38 -3.4e+38 -3.4e+38 0.111679971218109 0.0664500892162323 0.0814767479896545 0.0474074371159077 0.0303336251527071 0.0318119898438454 0.0715610086917877
-3.4e+38 -3.4e+38 -3.4e+38 -3.4e+38 -3.4e+38 -3.4e+38 -3.4e+38 -3.4e+38 -3.4e+38 -3.4e+38 -3.4e+38 -3.4e+38 -3.4e+38 -3.4e+38 -3.4e+38 -3.4e+38 -3.4e+38 -3.4e+38 -3.4e+38 -3.4e+38 -3.4e+38 -3.4e+38 -3.4e+38 -3.4e+38 -3.4e+38 -3.4e+38 -3.4e+38 0.131425231695175 0.153851419687271 0.155616775155067 0.292688965797424 0.34298312664032 0.0550146959722042 0.0306372288614511
-3.4e+38 -3.4e+38 -3.4e+38 -3.4e+38 -3.4e+38 -3.4e+38 -3.4e+38 -3.4e+38 -3.4e+38 -3.4e+38 -3.4e+38 -3.4e+38 -3.4e+38 -3.4e+38 -3.4e+38 -3.4e+38 -3.4e+38 -3.4e+38 -3.4e+38 -3.4e+38 -3.4e+38 -3.4e+38 -3.4e+38 -3.4e+38 -3.4e+38 -3.4e+38 -3.4e+38 0.221322357654572 0.681300103664398 0.613198637962341 0.362332910299301 0.328275054693222 0.256333768367767 0.0483842901885509
