data/climate_estimation/maxent_output/Clintonia_uniflora.asc
NCOLS 314 
NROWS 267 
XLLCORNER -135.75 
YLLCORNER 36.0833333333333 
CELLSIZE 0.0833333333333333 
NODATA_value -3.4e+38 
[rows 22 to 43 of 267, columns 150 to 199 of 314]
0.0539928562939167 0.0519248843193054 0.0540151260793209 0.0514250658452511 0.0519774295389652 0.0512108467519283 0.0469721108675003 0.044252198189497 0.0395906828343868 0.036797784268856 0.0313200429081917 0.0287024360150099 0.0248553492128849 0.0232633538544178 0.0230769850313663 0.0211781598627567 0.0185145866125822 0.0161063261330128 0.0166695117950439 0.0165468081831932 0.0144361769780517 0.0135658178478479 0.0123131312429905 0.0110500697046518 0.0105055524036288 0.00899122375994921 0.0084157083183527 0.00786509830504656 0.00655971001833677 0.00578306848183274 0.00515798013657331 0.00477779656648636 0.00445363763719797 0.00386515469290316 0.00402956502512097 0.00369632360525429 0.00336144026368856 0.00305840699002147 0.00301189441233873 0.00289083924144506 0.00257087242789567 0.00236182799562812 0.00223157787695527 0.00230793305672705 0.00195621000602841 0.00183116178959608 0.00179471471346915 0.00199932232499123 0.00206590793095529 0.00222309771925211
0.0589338466525078 0.0638547092676163 0.063453420996666 0.0585047192871571 0.0628774911165237 0.0553288199007511 0.0574410818517208 0.0532902926206589 0.0475780814886093 0.0449823215603828 0.038818396627903 0.034629862755537 0.0305964387953281 0.0266886726021767 0.0234570354223251 0.0232154540717602 0.021376870572567 0.0179361160844564 0.0156191913411021 0.0152019243687391 0.0148233622312546 0.0144036645069718 0.0132242040708661 0.0121212461963296 0.0107870828360319 0.00997765641659498 0.00932791829109192 0.00902792997658253 0.00747013092041016 0.00690781883895397 0.00569674139842391 0.00543947564437985 0.00530013348907232 0.00474106706678867 0.00441348645836115 0.00389746367000043 0.00358449365012348 0.00341909332200885 0.00330060883425176 0.00314189866185188 0.00283001945354044 0.0025795956607908 0.00226026796735823 0.00217351852916181 0.00195375992916524 0.00185751810204238 0.00186388858128339 0.00205388385802507 0.00229168473742902 0.00240703043527901
0.0717569589614868 0.0765200108289719 0.0682695433497429 0.0701268687844276 0.0735009014606476 0.0693022087216377 0.0675501450896263 0.0643302872776985 0.0597896538674831 0.0580056756734848 0.0511472187936306 0.0441982001066208 0.0370531342923641 0.0311793386936188 0.027814282104373 0.0244583114981651 0.0238692089915276 0.0205312985926867 0.0171085279434919 0.015960805118084 0.0153005383908749 0.0139040406793356 0.0128025794401765 0.0119764991104603 0.011355266906321 0.0112605560570955 0.0107420105487108 0.00980196334421635 0.00962615758180618 0.00839286483824253 0.00685755209997296 0.00645528081804514 0.00558071723207831 0.0047493795864284 0.0046685766428709 0.00425221538171172 0.00395472859963775 0.00392764434218407 0.00369396177120507 0.00345197319984436 0.00301445042714477 0.00281214923597872 0.00246616965159774 0.00236731395125389 0.00236184056848288 0.00220534182153642 0.00212691840715706 0.00234146951697767 0.00249865953810513 0.00245495582930744
0.079898975789547 0.0965809151530266 0.0798540711402893 0.0824740305542946 0.0821675732731819 0.0805969536304474 0.0783696547150612 0.0786649361252785 0.068390890955925 0.0625402256846428 0.0551992394030094 0.0590125806629658 0.0432930737733841 0.0329048447310925 0.0299472734332085 0.0282917376607656 0.0238063298165798 0.0218778885900974 0.0190538018941879 0.0177478287369013 0.0151296984404325 0.0140760010108352 0.0136401448398829 0.0130457039922476 0.0118599440902472 0.0106403343379498 0.0109276100993156 0.00946578104048967 0.00940061546862125 0.00916390679776669 0.00846296269446611 0.00718890409916639 0.00646160962060094 0.00523192249238491 0.00542945554479957 0.00472206808626652 0.00422579236328602 0.00430518621578813 0.00421957904472947 0.00349406618624926 0.00350077380426228 0.00301231886260211 0.00269389362074435 0.00267591048032045 0.00255209254100919 0.00266229175031185 0.00256369728595018 0.00263366452418268 0.00265446724370122 0.00318098021671176
0.111823730170727 0.112329542636871 0.105732202529907 0.108167134225368 0.101346999406815 0.100764386355877 0.0907706022262573 0.0857536643743515 0.0796234309673309 0.0685906186699867 0.0548031590878963 0.0514799691736698 0.0550202466547489 0.0395545400679111 0.0292966216802597 0.0281670093536377 0.0244363937526941 0.0208162106573582 0.0200254358351231 0.0181755013763905 0.0174930728971958 0.0162967443466187 0.0163486041128635 0.0146092940121889 0.0134018016979098 0.0133411679416895 0.0128065319731832 0.0115845333784819 0.010830745100975 0.0094653507694602 0.00789882615208626 0.00731812696903944 0.00712770875543356 0.00597248692065477 0.00548166735097766 0.00519067980349064 0.00466738967224956 0.00414769211784005 0.00397140299901366 0.00378634035587311 0.00334556261077523 0.00365135911852121 0.00344142946414649 0.00310568581335247 0.00316157843917608 0.00318422401323915 0.00320983398705721 0.00339104072190821 0.00339486892335117 0.00350877689197659
0.125210553407669 0.135733082890511 0.128598943352699 0.12906214594841 0.120975568890572 0.125909179449081 0.123842395842075 0.103487372398376 0.105118051171303 0.0924753248691559 0.0795856788754463 0.0539088696241379 0.0392339751124382 0.0432008989155293 0.0332002490758896 0.0297563765197992 0.0266861952841282 0.0261222403496504 0.0260520912706852 0.0217471234500408 0.0211393237113953 0.0188470408320427 0.0168921984732151 0.0164754800498486 0.015053266659379 0.0141794616356492 0.0131423557177186 0.0156820006668568 0.013917863368988 0.0127363437786698 0.0118999546393752 0.0107338791713119 0.00890820939093828 0.00796180590987206 0.00690301414579153 0.00656918529421091 0.00596531201153994 0.00539846811443567 0.00499279657378793 0.00459338491782546 0.0040568714030087 0.00400070054456592 0.00386482244357467 0.00377595378085971 0.00371630885638297 0.00372846378013492 0.00387093285098672 0.00390744442120194 0.0037445374764502 0.00348043604753911
0.138733074069023 0.149889096617699 0.149700671434402 0.140658646821976 0.127663686871529 0.138298094272614 0.152312219142914 0.143379420042038 0.120730243623257 0.113299466669559 0.0976017713546753 0.0793837159872055 0.0631288141012192 0.0568499490618706 0.0428384356200695 0.0395961962640285 0.0332175195217133 0.032425232231617 0.0293141212314367 0.0242868103086948 0.0234648585319519 0.0238603968173265 0.0209425948560238 0.0178083553910255 0.019220607355237 0.0199640579521656 0.0198395643383265 0.0181529242545366 0.0165284778922796 0.0153276827186346 0.0127764297649264 0.0112293818965554 0.0104294493794441 0.00974686164408922 0.00806138291954994 0.00747199496254325 0.0068805543705821 0.00666599860414863 0.00588276004418731 0.0052283862605691 0.00500310910865664 0.00533444387838244 0.00462183495983481 0.00498137529939413 0.00477276695892215 0.00483881868422031 0.0047999257221818 0.00419754069298506 0.00431658932939172 0.00387006206437945
0.163704425096512 0.179956644773483 0.171047434210777 0.158382028341293 0.153361573815346 0.157493159174919 0.159968182444572 0.182055443525314 0.153085455298424 0.125663310289383 0.123616851866245 0.112087786197662 0.0878866910934448 0.0731680244207382 0.069489873945713 0.0567160062491894 0.0473325327038765 0.0460653752088547 0.0416280142962933 0.0274530909955502 0.0277357958257198 0.0240593459457159 0.0233441665768623 0.0212965700775385 0.0230694096535444 0.0234015285968781 0.0209871269762516 0.0188438333570957 0.0189045667648315 0.0167581867426634 0.0143883647397161 0.0139780910685658 0.0124857695773244 0.0120111769065261 0.0101962247863412 0.00929404050111771 0.00833789817988873 0.00737719936296344 0.00734630459919572 0.00591967161744833 0.00617092195898294 0.0058381031267345 0.00553996814414859 0.00595984980463982 0.00566870300099254 0.00579013582319021 0.00512108486145735 0.0052492287941277 0.00499962037429214 0.00471145380288363
0.182689309120178 0.190635368227959 0.197062641382217 0.164434894919395 0.184810876846313 0.195805877447128 0.203384459018707 0.183668196201324 0.150421738624573 0.15379810333252 0.150093302130699 0.141265258193016 0.118136525154114 0.104395590722561 0.0870644599199295 0.0662764832377434 0.0581732504069805 0.0498515255749226 0.043931107968092 0.0419724881649017 0.032346785068512 0.0280904173851013 0.0332740657031536 0.0263133309781551 0.0232978649437428 0.0249734837561846 0.0232410356402397 0.0218320582062006 0.0204641614109278 0.0195940360426903 0.0173640623688698 0.0154866306111217 0.0153391100466251 0.0134891951456666 0.0123563464730978 0.0101189473643899 0.00954326428472996 0.00911110546439886 0.00772486161440611 0.00793629046529531 0.0081655103713274 0.00763147510588169 0.00723374681547284 0.00702213821932673 0.0070905121974647 0.00685479817911983 0.00604218756780028 0.00571007281541824 0.00588496448472142 0.00573189230635762
0.18104350566864 0.200838997960091 0.223574802279472 0.216909945011139 0.191573560237885 0.22137151658535 0.184453904628754 0.210716962814331 0.203351527452469 0.186960458755493 0.212246656417847 0.166989147663116 0.154117241501808 0.1252201795578 0.110862389206886 0.0983321592211723 0.0842659473419189 0.0737203732132912 0.0593091137707233 0.0372984297573566 0.0318825803697109 0.0322090201079845 0.0303697790950537 0.0291757341474295 0.0278430916368961 0.0266973860561848 0.0281443521380424 0.0261576492339373 0.0256031677126884 0.0253944024443626 0.0214217733591795 0.0196382720023394 0.0169274434447289 0.0158563051372766 0.0158467125147581 0.0131294559687376 0.0107096135616302 0.0107267731800675 0.0103910621255636 0.0106235584244132 0.00990652479231358 0.0101931896060705 0.00897662155330181 0.00846373569220304 0.00843470264226198 0.0083751380443573 0.00799989979714155 0.00758321629837155 0.00794376619160175 0.00702633755281568
0.220000997185707 0.213841751217842 0.217835545539856 0.241772443056107 0.252108603715897 0.226167857646942 0.2396230250597 0.214714571833611 0.192277058959007 0.203457966446877 0.239175528287888 0.24385578930378 0.19463512301445 0.158574864268303 0.127780273556709 0.104747153818607 0.0866352766752243 0.0714494436979294 0.0609834566712379 0.0511481091380119 0.0433674640953541 0.0450315102934837 0.0458943285048008 0.040601309388876 0.0338524952530861 0.0317814238369465 0.0369727611541748 0.0367897599935532 0.035015769302845 0.0337223671376705 0.0295531582087278 0.0252342354506254 0.0209813266992569 0.0188404005020857 0.0201065745204687 0.0167995262891054 0.0156686548143625 0.014463578350842 0.0130412029102445 0.0126907415688038 0.0115040391683578 0.0115596894174814 0.0115746818482876 0.0115028861910105 0.0104617532342672 0.00893405172973871 0.0100776767358184 0.00991369783878326 0.00855694245547056 0.00771436607465148
0.399146169424057 0.231399685144424 0.261076867580414 0.246036171913147 0.253531575202942 0.456202626228333 0.46665358543396 0.476350516080856 0.49941149353981 0.516383230686188 0.296992599964142 0.248013377189636 0.224380329251289 0.198146805167198 0.169446870684624 0.138305008411407 0.117929130792618 0.104748569428921 0.0836917459964752 0.0583098791539669 0.0623466297984123 0.0663847178220749 0.0633789300918579 0.0512117110192776 0.0416994169354439 0.046978335827589 0.0507435463368893 0.0485403388738632 0.0445328056812286 0.0416413135826588 0.0334104858338833 0.0314994230866432 0.0291299689561129 0.0246020294725895 0.0233658570796251 0.022345744073391 0.019861763343215 0.0177710931748152 0.0154441129416227 0.0158739574253559 0.0155377248302102 0.0152382934466004 0.0149210626259446 0.013703154399991 0.012412347830832 0.0117715653032064 0.0098351314663887 0.00970762874931097 0.0100994305685163 0.00978845730423927
0.349854588508606 0.415447533130646 0.272638201713562 0.281633585691452 0.448814988136292 0.459390193223953 0.465369403362274 0.467692464590073 0.488882094621658 0.287538349628448 0.259532451629639 0.239856585860252 0.208861604332924 0.214187651872635 0.195174679160118 0.173533499240875 0.156549483537674 0.135224282741547 0.105993568897247 0.0826884359121323 0.0882188081741333 0.0926618799567223 0.0909424722194672 0.0805413424968719 0.0686325207352638 0.0500398650765419 0.0583408698439598 0.0561583153903484 0.047979936003685 0.0490146391093731 0.0450949855148792 0.0404586531221867 0.0358258187770844 0.0326392762362957 0.0272652115672827 0.0299830567091703 0.0242306161671877 0.0226091239601374 0.0208598617464304 0.019794225692749 0.0174749922007322 0.0178852695971727 0.0160399898886681 0.0165187697857618 0.014005770906806 0.0119023798033595 0.0110185360535979 0.0103380782529712 0.00920024141669273 0.00933734700083733
0.332529306411743 0.363508999347687 0.44068968296051 0.45269849896431 0.289267122745514 0.465503931045532 0.299228101968765 0.482368856668472 0.310741633176804 0.479188531637192 0.262468457221985 0.254439771175385 0.266100317239761 0.240599766373634 0.221768900752068 0.196374416351318 0.183218479156494 0.149078637361526 0.105111308395863 0.119442775845528 0.112566791474819 0.107913747429848 0.0910759419202805 0.084347240626812 0.0767280384898186 0.0757621228694916 0.0692700073122978 0.0603759661316872 0.0583707690238953 0.0536363050341606 0.0537373833358288 0.0499615035951138 0.0422254577279091 0.0402709133923054 0.0378495641052723 0.0297905411571264 0.031457033008337 0.0280408952385187 0.0274919774383307 0.0234616566449404 0.0222133658826351 0.0196852907538414 0.0196137186139822 0.0168468579649925 0.0170116350054741 0.0146275507286191 0.0132921002805233 0.0112762227654457 0.0101812463253736 0.00913487561047077
0.33933162689209 0.358595639467239 0.386623293161392 0.453724026679993 0.488903433084488 0.500704765319824 0.512136042118073 0.51397043466568 0.51457417011261 0.317334562540054 0.296502828598022 0.294642448425293 0.273020535707474 0.270799607038498 0.258409142494202 0.231652960181236 0.214259430766106 0.185135334730148 0.13070872426033 0.148176357150078 0.142629995942116 0.114758975803852 0.10383328050375 0.107890129089355 0.0952025130391121 0.0936423242092133 0.0899762287735939 0.0735552161931992 0.0745245665311813 0.0718896090984344 0.0621957369148731 0.0550135225057602 0.0571111515164375 0.0491210855543613 0.046455692499876 0.0419942028820515 0.0392697900533676 0.0357703045010567 0.032900832593441 0.031916968524456 0.0267842411994934 0.0253451894968748 0.0226936098188162 0.0209817253053188 0.018277432769537 0.0174991767853498 0.0165368616580963 0.0148532874882221 0.0112404599785805 0.0096452571451664
0.384232819080353 0.362483352422714 0.384523391723633 0.414396047592163 0.496354073286057 0.506851315498352 0.509169936180115 0.515353500843048 0.511879980564117 0.525494158267975 0.498690009117126 0.318037658929825 0.324163973331451 0.29759281873703 0.289029538631439 0.266618996858597 0.237579464912415 0.21114844083786 0.183896407485008 0.180492252111435 0.188732206821442 0.168953597545624 0.146227478981018 0.128677368164062 0.127244651317596 0.117979817092419 0.103510163724422 0.0817353799939156 0.0939703658223152 0.088624469935894 0.0782788023352623 0.0691166520118713 0.0642101243138313 0.0654108598828316 0.0577204562723637 0.0514761880040169 0.0493071600794792 0.0479624532163143 0.0386166870594025 0.0374728627502918 0.0317233353853226 0.0289560481905937 0.0277820732444525 0.024911604821682 0.0231401994824409 0.0204844865947962 0.0186380296945572 0.0181867126375437 0.0153970364481211 0.0120158474892378
0.400236457586288 0.381569057703018 0.39098984003067 0.41514578461647 0.450572222471237 0.474256962537766 0.511110544204712 0.523239612579346 0.526084125041962 0.532700479030609 0.524931609630585 0.525850415229797 0.509173154830933 0.326324880123138 0.484553962945938 0.282110422849655 0.24716354906559 0.258120149374008 0.235846132040024 0.220557153224945 0.219770669937134 0.19639165699482 0.185076907277107 0.168452724814415 0.138290300965309 0.121358245611191 0.0978861302137375 0.103119716048241 0.107624791562557 0.105382464826107 0.0943470075726509 0.0857208222150803 0.0795720219612122 0.0758983120322227 0.0701941251754761 0.0618668235838413 0.061096865683794 0.0593064874410629 0.0545107275247574 0.044125322252512 0.0421508178114891 0.0378649160265923 0.0319186970591545 0.029733257368207 0.0259225498884916 0.0242868456989527 0.0220090392976999 0.0201493576169014 0.0178690422326326 0.0147624528035522
0.426848381757736 0.397364497184753 0.402115523815155 0.468455374240875 0.499054044485092 0.4697385430336 0.509788751602173 0.519240617752075 0.528665125370026 0.544563949108124 0.535116612911224 0.530541121959686 0.535068154335022 0.531602382659912 0.333742439746857 0.331352770328522 0.28886815905571 0.272538334131241 0.265160471200943 0.24998664855957 0.236168146133423 0.218608006834984 0.212381169199944 0.182949170470238 0.184761941432953 0.167981460690498 0.131518930196762 0.118325158953667 0.123411402106285 0.119688227772713 0.117109626531601 0.107193917036057 0.106437876820564 0.0984572470188141 0.0914256423711777 0.0809842869639397 0.0757254734635353 0.0674169734120369 0.0569629743695259 0.0536745674908161 0.047348789870739 0.0421439073979855 0.0380190648138523 0.0342775546014309 0.0328083224594593 0.0277000460773706 0.0249085705727339 0.0239022430032492 0.0209169629961252 0.0162884518504143
0.436228305101395 0.437063217163086 0.437408059835434 0.453240424394608 0.501145303249359 0.509217977523804 0.496667921543121 0.514863610267639 0.525647759437561 0.547027409076691 0.54978734254837 0.540417492389679 0.507554113864899 0.530727207660675 0.530515849590302 0.511161983013153 0.335751056671143 0.307941108942032 0.284822732210159 0.280433297157288 0.276766538619995 0.257400453090668 0.244922563433647 0.241198241710663 0.211074724793434 0.180910721421242 0.171184808015823 0.175562620162964 0.164091274142265 0.148313343524933 0.139784306287766 0.136435583233833 0.126209527254105 0.109754309058189 0.100708864629269 0.09358961135149 0.0881320387125015 0.0813770666718483 0.0721655413508415 0.0671857595443726 0.0588627383112907 0.0511146187782288 0.0469481982290745 0.0414368212223053 0.0387598127126694 0.0334692485630512 0.0321394763886929 0.0287954416126013 0.0257982760667801 0.0230904128402472
0.440647602081299 0.473698198795319 0.453092515468597 0.464945793151855 0.463264405727386 0.519702911376953 0.513197004795074 0.488116264343262 0.509730875492096 0.525209546089172 0.528632521629333 0.528644621372223 0.540734171867371 0.556325137615204 0.553687036037445 0.544066786766052 0.552506566047668 0.510720789432526 0.334012448787689 0.327475100755692 0.304646998643875 0.30265074968338 0.281959682703018 0.254609316587448 0.227934047579765 0.235133528709412 0.239630177617073 0.242017284035683 0.216658279299736 0.176494494080544 0.164585918188095 0.160577937960625 0.143837735056877 0.134344980120659 0.126310899853706 0.123546302318573 0.111887454986572 0.103053756058216 0.0895207896828651 0.0840316563844681 0.0782021954655647 0.0645489692687988 0.0576898604631424 0.0527140162885189 0.0485525317490101 0.0417125374078751 0.0400999374687672 0.040014311671257 0.0368311554193497 0.0292699858546257
0.489253968000412 0.488453179597855 0.481324225664139 0.494239300489426 0.488931477069855 0.486392706632614 0.511153817176819 0.521412074565887 0.505733668804169 0.502832055091858 0.540987372398376 0.563909351825714 0.552767395973206 0.53164541721344 0.515107929706573 0.525657176971436 0.54119610786438 0.536847114562988 0.512542605400085 0.360601216554642 0.336655229330063 0.329468458890915 0.308920234441757 0.301250249147415 0.242439121007919 0.258000105619431 0.247364729642868 0.22380019724369 0.217003121972084 0.210425168275833 0.206157654523849 0.193865388631821 0.181508168578148 0.178046897053719 0.169078692793846 0.163120403885841 0.134368494153023 0.129477024078369 0.12395079433918 0.105377502739429 0.0905095711350441 0.0835100412368774 0.0777192339301109 0.0679400190711021 0.0634249225258827 0.0616129487752914 0.0561803877353668 0.0470435991883278 0.0451825894415379 0.0408194027841091
0.495855867862701 0.490671753883362 0.474291920661926 0.495096415281296 0.517662525177002 0.463146507740021 0.519955337047577 0.515272259712219 0.519868552684784 0.514809727668762 0.495772570371628 0.491804450750351 0.513855934143066 0.547783315181732 0.547459661960602 0.525028467178345 0.531998753547668 0.513840317726135 0.569523513317108 0.562827527523041 0.566187381744385 0.375669836997986 0.338742762804031 0.34783598780632 0.33125114440918 0.290798306465149 0.316233843564987 0.294064670801163 0.282546401023865 0.280226439237595 0.2623271048069 0.254660695791245 0.224490866065025 0.227232962846756 0.212068170309067 0.175673052668571 0.168719664216042 0.156308695673943 0.13613548874855 0.123844318091869 0.113605201244354 0.112838707864285 0.103722043335438 0.0849888250231743 0.0778678432106972 0.075883187353611 0.072839267551899 0.0647978261113167 0.0563997961580753 0.0543045736849308
