data/climate_estimation/maxent_output/Clintonia_borealis.asc
NCOLS 555 
NROWS 237 
XLLCORNER -97.9166666666667 
YLLCORNER 34.5833333333333 
CELLSIZE 0.0833333333333333 
NODATA_value -3.4e+38 
[rows 84 to 104 of 237, columns 147 to 195 of 555]
0.528763830661774 0.524879217147827 0.524879217147827 0.537131428718567 0.547724604606628 0.543496787548065 0.553378522396088 0.554143726825714 0.55885922908783 0.561232209205627 0.583030581474304 0.586149096488953 0.614732503890991 0.6247718334198 0.640604853630066 0.65509557723999 0.665653228759766 0.676584124565125 0.686000645160675 0.69990611076355 0.704329788684845 0.713613092899323 0.709500730037689 0.71899276971817 0.720099866390228 0.72991955280304 0.717968642711639 0.736915469169617 0.726436018943787 0.722806215286255 0.720870792865753 0.709864377975464 0.712582886219025 0.713975310325623 0.711162686347961 0.706938147544861 0.698137640953064 0.692015409469604 0.678080558776855 0.673834800720215 0.673725128173828 0.665845155715942 0.662397384643555 0.671931505203247 0.664445161819458 0.754355907440186 0.771696209907532 0.789260923862457 0.799567341804504
0.51865029335022 0.519131362438202 0.524850726127625 0.535758018493652 0.536311626434326 0.533219575881958 0.544807434082031 0.54765510559082 0.548628568649292 0.577307879924774 0.57322108745575 0.593572199344635 0.609390676021576 0.616481721401215 0.638209462165833 0.652987957000732 0.6638103723526 0.668689429759979 0.6838219165802 0.693871319293976 0.704426229000092 0.708733677864075 0.715737104415894 0.730888724327087 0.718365669250488 0.726361095905304 0.732529282569885 0.735379815101624 0.741171002388 0.737587749958038 0.737511098384857 0.735896408557892 0.73700362443924 0.734064996242523 0.725652396678925 0.721445679664612 0.705825448036194 0.712891280651093 0.68775862455368 0.700354099273682 0.745497226715088 0.686639308929443 0.677061021327972 0.740160346031189 0.753615260124207 0.762796521186829 0.761546790599823 0.798607349395752 0.794009923934937
0.523597419261932 0.519501149654388 0.519156515598297 0.517482757568359 0.526068270206451 0.532371640205383 0.52897447347641 0.531704783439636 0.549292981624603 0.549651980400085 0.573472440242767 0.589200377464294 0.601094424724579 0.62802642583847 0.640334844589233 0.650159120559692 0.659343361854553 0.671038389205933 0.680173218250275 0.690173149108887 0.699531555175781 0.706649243831635 0.715055584907532 0.727062463760376 0.733340203762054 0.742890238761902 0.74651563167572 0.749078214168549 0.74060070514679 0.739083707332611 0.74123227596283 0.743365883827209 0.739235103130341 0.731593787670135 0.728236675262451 0.731339395046234 0.789786696434021 0.781734347343445 0.783498108386993 0.775014579296112 0.7713742852211 0.766031920909882 0.751479208469391 0.768155038356781 0.761400878429413 0.766668856143951 0.781014263629913 0.789466857910156 0.796610653400421
0.521377503871918 0.514392375946045 0.511648058891296 0.52241587638855 0.527550876140594 0.520411193370819 0.517223477363586 0.522018253803253 0.535029828548431 0.547415375709534 0.559240639209747 0.585759460926056 0.595632970333099 0.626838684082031 0.636789858341217 0.645943343639374 0.656503796577454 0.667649626731873 0.672297120094299 0.70307719707489 0.695544838905334 0.70493495464325 0.714571952819824 0.725712060928345 0.732848286628723 0.741926729679108 0.746200084686279 0.751497685909271 0.758514225482941 0.755819618701935 0.742439568042755 0.738101720809937 0.75318056344986 0.733979284763336 0.796578466892242 0.793230891227722 0.79058313369751 0.784518599510193 0.798051416873932 0.780875146389008 0.793602168560028 0.773829758167267 0.77085280418396 0.771722078323364 0.777758300304413 0.780323088169098 0.784803032875061 0.788811922073364 0.797389566898346
0.527654647827148 0.522310316562653 0.516504228115082 0.511841297149658 0.52137953042984 0.512563407421112 0.50919371843338 0.521534085273743 0.522356390953064 0.537836968898773 0.548622310161591 0.574459791183472 0.608934462070465 0.604022085666656 0.637176513671875 0.647529482841492 0.655345499515533 0.662125051021576 0.689404129981995 0.699794173240662 0.709914922714233 0.72184020280838 0.730971813201904 0.721608519554138 0.749927043914795 0.757344126701355 0.74955141544342 0.754038989543915 0.758076429367065 0.75870156288147 0.756838023662567 0.756320297718048 0.756993293762207 0.813570320606232 0.807864487171173 0.806549549102783 0.803603112697601 0.804126799106598 0.801936209201813 0.797136545181274 0.783805191516876 0.797039568424225 0.795461118221283 0.787293195724487 0.788359999656677 0.783420503139496 0.797516644001007 0.802669763565063 0.793131947517395
0.508666932582855 0.519882619380951 0.514926552772522 0.510419607162476 0.512718200683594 0.5097935795784 0.498772382736206 0.494511276483536 0.507447779178619 0.526605606079102 0.548291265964508 0.560025036334991 0.583950936794281 0.610355019569397 0.634820640087128 0.647524178028107 0.654186964035034 0.682125508785248 0.68728905916214 0.696807086467743 0.714399874210358 0.724236249923706 0.733428359031677 0.740062713623047 0.753792762756348 0.76112425327301 0.768631339073181 0.759840548038483 0.761386334896088 0.762676775455475 0.758491337299347 0.755404949188232 0.813826441764832 0.810358047485352 0.807802855968475 0.808276534080505 0.801363945007324 0.79907488822937 0.796173334121704 0.796604931354523 0.796780407428741 0.79306697845459 0.792660415172577 0.797488570213318 0.788171291351318 0.789873957633972 0.792789399623871 0.799439191818237 0.800260365009308
0.522493362426758 0.516899764537811 0.506720125675201 0.51615834236145 0.506676852703094 0.510376930236816 0.499163329601288 0.495056390762329 0.501163303852081 0.517403066158295 0.540369033813477 0.561295509338379 0.581371128559113 0.61405748128891 0.639711141586304 0.653058171272278 0.673850953578949 0.680207312107086 0.690840065479279 0.698274910449982 0.711060345172882 0.721963942050934 0.734803318977356 0.745728135108948 0.754687070846558 0.761798620223999 0.771615087985992 0.777415215969086 0.774751365184784 0.771704733371735 0.76752382516861 0.809249758720398 0.805231153964996 0.806087911128998 0.804533720016479 0.799283266067505 0.796694040298462 0.808950424194336 0.791083872318268 0.79327780008316 0.796161890029907 0.791048943996429 0.795391082763672 0.791961431503296 0.79682594537735 0.801406502723694 0.788840770721436 0.79306435585022 0.798307716846466
0.521610140800476 0.517153680324554 0.52284961938858 0.525794863700867 0.511521697044373 0.511316537857056 0.510033011436462 0.502468824386597 0.514923214912415 0.526943862438202 0.547112882137299 0.575700521469116 0.589590609073639 0.622887432575226 0.635406911373138 0.65766853094101 0.682446777820587 0.669827938079834 0.693659484386444 0.70004415512085 0.714979708194733 0.722397804260254 0.74017733335495 0.747005820274353 0.758401572704315 0.766377985477448 0.760757863521576 0.779290020465851 0.77546900510788 0.769844353199005 0.829101979732513 0.807786047458649 0.816094219684601 0.798659086227417 0.813508033752441 0.799141347408295 0.792927503585815 0.795327544212341 0.79580944776535 0.793787658214569 0.788516402244568 0.803695499897003 0.793631851673126 0.789997637271881 0.790581345558167 0.795824289321899 0.787067532539368 0.791527569293976 0.79391074180603
0.529713928699493 0.534766852855682 0.528114140033722 0.517486810684204 0.521038174629211 0.53102433681488 0.520233571529388 0.519258260726929 0.537819802761078 0.539575338363647 0.566663861274719 0.588604390621185 0.596061110496521 0.634924173355103 0.660324454307556 0.669085800647736 0.679860651493073 0.677478849887848 0.686060905456543 0.709040820598602 0.722010254859924 0.731266796588898 0.741390585899353 0.753627240657806 0.761089444160461 0.772067427635193 0.78173553943634 0.784029722213745 0.77807354927063 0.828441739082336 0.82410854101181 0.823748886585236 0.817888140678406 0.811683535575867 0.794031500816345 0.79422914981842 0.791159272193909 0.792652606964111 0.788097023963928 0.785008668899536 0.784060776233673 0.789992213249207 0.786428928375244 0.788426876068115 0.79356724023819 0.788035035133362 0.793519794940948 0.799486458301544 0.80107718706131
0.541468739509583 0.53100997209549 0.536018550395966 0.538872241973877 0.536356985569 0.54354989528656 0.533721506595612 0.538008689880371 0.551401793956757 0.555596232414246 0.576803922653198 0.60449081659317 0.62157130241394 0.642704546451569 0.645111322402954 0.660296142101288 0.661622822284698 0.673933923244476 0.697805762290955 0.701175928115845 0.715628266334534 0.724310159683228 0.737574636936188 0.745371639728546 0.756061434745789 0.782166063785553 0.787864506244659 0.79217654466629 0.836069107055664 0.826366186141968 0.810651242733002 0.817928612232208 0.809733033180237 0.805605113506317 0.789209246635437 0.786186456680298 0.782017409801483 0.784363687038422 0.793400526046753 0.782241940498352 0.794145524501801 0.795014560222626 0.783147394657135 0.793775260448456 0.789051592350006 0.784254491329193 0.785867214202881 0.79731422662735 0.793305695056915
0.56061190366745 0.546303868293762 0.532666146755219 0.542699635028839 0.530145645141602 0.547068119049072 0.553800761699677 0.556614696979523 0.576670229434967 0.583503723144531 0.602374017238617 0.630797564983368 0.632902085781097 0.646905958652496 0.655584812164307 0.656452357769012 0.659474909305573 0.664424777030945 0.663180530071259 0.689142167568207 0.70136833190918 0.713805437088013 0.739152491092682 0.74617725610733 0.764657974243164 0.786145448684692 0.7955082654953 0.80092579126358 0.846434533596039 0.831122219562531 0.817249774932861 0.80994576215744 0.800732016563416 0.783735871315002 0.781651377677917 0.781584739685059 0.78237646818161 0.78393542766571 0.779906988143921 0.778626918792725 0.790599822998047 0.789765954017639 0.790205478668213 0.776133239269257 0.774964451789856 0.780149221420288 0.77756267786026 0.785809755325317 0.789654493331909
0.544696152210236 0.535708725452423 0.548051536083221 0.536009430885315 0.545377254486084 0.544450044631958 0.553798317909241 0.579086899757385 0.590955972671509 0.602096140384674 0.621246576309204 0.637181520462036 0.646960735321045 0.707111418247223 0.708735108375549 0.709554016590118 0.698347926139832 0.701195955276489 0.722482264041901 0.666207551956177 0.687432825565338 0.695732593536377 0.718409478664398 0.728115081787109 0.813533961772919 0.824352741241455 0.828811943531036 0.831194341182709 0.831597089767456 0.822814702987671 0.792858302593231 0.778452515602112 0.774464547634125 0.770166218280792 0.770462095737457 0.776527285575867 0.776260435581207 0.771377682685852 0.77207750082016 0.772433221340179 0.77387672662735 0.786431074142456 0.783244490623474 0.782401502132416 0.785609006881714 0.769327282905579 0.77059942483902 0.774547576904297 0.783446669578552
0.60827499628067 0.592627763748169 0.588785588741302 0.545217990875244 0.543089270591736 0.552173793315887 0.561581492424011 0.569278180599213 0.589368522167206 0.605372369289398 0.672816514968872 0.693626761436462 0.711541652679443 0.712502062320709 0.690088510513306 0.685099840164185 0.668454706668854 0.688770890235901 0.689386248588562 0.714518964290619 0.732161343097687 0.749521255493164 0.756036102771759 0.76836097240448 0.786068320274353 0.794142723083496 0.810055434703827 0.810012817382812 0.800817728042603 0.787503302097321 0.774112403392792 0.760642409324646 0.752552032470703 0.758058190345764 0.760676741600037 0.766702353954315 0.770460247993469 0.771341502666473 0.768880724906921 0.765456020832062 0.781881749629974 0.773584246635437 0.773987770080566 0.773896932601929 0.771400272846222 0.771298408508301 0.761943399906158 0.773314893245697 0.768916189670563
0.610092878341675 0.591693520545959 0.591937839984894 0.587138891220093 0.609632253646851 0.605921924114227 0.634884178638458 0.63980233669281 0.657828092575073 0.649747431278229 0.68071573972702 0.686185836791992 0.69653731584549 0.674374520778656 0.674952447414398 0.675466537475586 0.647373199462891 0.670141220092773 0.673186004161835 0.697972476482391 0.720157027244568 0.718170046806335 0.738747954368591 0.754527151584625 0.757660448551178 0.77415657043457 0.773573279380798 0.786491394042969 0.77765691280365 0.758970618247986 0.747630953788757 0.727290213108063 0.730785369873047 0.734513401985168 0.745084702968597 0.757258415222168 0.76233983039856 0.76418662071228 0.760401546955109 0.772064328193665 0.771348893642426 0.759607791900635 0.767156422138214 0.75816410779953 0.757695734500885 0.758008003234863 0.759345650672913 0.760124504566193 0.77158910036087
0.603044450283051 0.589734852313995 0.578878283500671 0.585451722145081 0.590661704540253 0.617724537849426 0.619753181934357 0.63141256570816 0.641399741172791 0.657425165176392 0.667702436447144 0.683706641197205 0.671692550182343 0.679191827774048 0.654179632663727 0.652203440666199 0.649231433868408 0.648754239082336 0.649102926254272 0.674672305583954 0.691802561283112 0.69731867313385 0.711385011672974 0.731513381004333 0.750467300415039 0.741911888122559 0.739170908927917 0.753207325935364 0.740403234958649 0.742098689079285 0.721493303775787 0.715657472610474 0.713631927967072 0.720561861991882 0.734891772270203 0.740665078163147 0.739257097244263 0.749020874500275 0.744545817375183 0.747049570083618 0.748669564723969 0.749541521072388 0.748443305492401 0.742942869663239 0.73798680305481 0.742531895637512 0.736820459365845 0.742819786071777 0.744379162788391
0.587294936180115 0.584328293800354 0.578114807605743 0.578640878200531 0.588029384613037 0.584548711776733 0.598212063312531 0.626831293106079 0.646141231060028 0.655330777168274 0.653041541576385 0.654333233833313 0.663345158100128 0.650005340576172 0.652025580406189 0.656611263751984 0.650900065898895 0.654209196567535 0.651983976364136 0.650680541992188 0.646960318088531 0.662526667118073 0.68904834985733 0.702595353126526 0.715237677097321 0.715381383895874 0.719243288040161 0.733398079872131 0.721112191677094 0.710906565189362 0.707803547382355 0.711880505084991 0.701737940311432 0.705912709236145 0.720876812934875 0.726076066493988 0.729663550853729 0.734688460826874 0.730461180210114 0.731220781803131 0.73065310716629 0.730718910694122 0.721258938312531 0.721391558647156 0.714920222759247 0.716080963611603 0.716678261756897 0.664754509925842 0.667482256889343
0.581968069076538 0.574866354465485 0.558903276920319 0.558903276920319 0.584242284297943 0.584920227527618 0.595838785171509 0.603391528129578 0.620867073535919 0.632181525230408 0.645620107650757 0.651313543319702 0.654086768627167 0.641041219234467 0.64702832698822 0.642721951007843 0.620209634304047 0.625050961971283 0.624951839447021 0.640699446201324 0.643544018268585 0.642758965492249 0.679982960224152 0.695845067501068 0.695469558238983 0.700746417045593 0.713662147521973 0.715087831020355 0.710980415344238 0.702228963375092 0.689588248729706 0.702183544635773 0.697790563106537 0.704817175865173 0.707736968994141 0.712695777416229 0.719058811664581 0.720727145671844 0.721250295639038 0.712653338909149 0.722314715385437 0.713512241840363 0.707211256027222 0.715239882469177 0.716242671012878 0.635481774806976 0.638579905033112 0.656169772148132 0.65794312953949
0.581287503242493 0.55291336774826 0.551873683929443 0.553359150886536 0.578636407852173 0.596903920173645 0.597661733627319 0.605644404888153 0.619464695453644 0.628295421600342 0.642681896686554 0.648989975452423 0.62725555896759 0.631958365440369 0.61091947555542 0.617664277553558 0.6136075258255 0.616552412509918 0.642531335353851 0.609246075153351 0.607350528240204 0.649210751056671 0.645598590373993 0.656103610992432 0.670805990695953 0.686426103115082 0.683070123195648 0.688815593719482 0.681596279144287 0.673948764801025 0.683357536792755 0.689238727092743 0.697128593921661 0.694272994995117 0.696843564510345 0.695845246315002 0.700413405895233 0.706009984016418 0.717877388000488 0.712750613689423 0.708425283432007 0.693681299686432 0.707913100719452 0.648529946804047 0.64197301864624 0.63605922460556 0.632850110530853 0.635167002677917 0.633884370326996
0.55007392168045 0.544089615345001 0.541788399219513 0.557315707206726 0.563281714916229 0.566128373146057 0.573579251766205 0.603491365909576 0.618182361125946 0.626926720142365 0.634298801422119 0.637323498725891 0.620903193950653 0.623412072658539 0.626743793487549 0.606733083724976 0.614858388900757 0.61090886592865 0.611913800239563 0.601310253143311 0.621449708938599 0.61494255065918 0.610346138477325 0.643772125244141 0.644231975078583 0.654999196529388 0.657218277454376 0.667938113212585 0.660611748695374 0.671712934970856 0.665265023708344 0.675541162490845 0.682029843330383 0.678373336791992 0.677893579006195 0.682277679443359 0.687722265720367 0.689498841762543 0.684636771678925 0.69566148519516 0.678638994693756 0.675055980682373 0.62610650062561 0.62271386384964 0.618282914161682 0.607877731323242 0.609501361846924 0.610376536846161 0.617507994174957
0.580831587314606 0.550795555114746 0.554395258426666 0.560268998146057 0.561689794063568 0.568038284778595 0.600111186504364 0.603565812110901 0.595659613609314 0.637391746044159 0.643688559532166 0.650117337703705 0.627827405929565 0.623881280422211 0.590749204158783 0.601009249687195 0.608286082744598 0.597732245922089 0.601964294910431 0.592631578445435 0.589954197406769 0.603522181510925 0.601378977298737 0.615076661109924 0.610191464424133 0.632410764694214 0.630139350891113 0.640627682209015 0.65101820230484 0.641854584217072 0.652868568897247 0.662058770656586 0.657942116260529 0.670605659484863 0.663345634937286 0.662060856819153 0.680407881736755 0.676352083683014 0.666215300559998 0.670303344726562 0.61043119430542 0.599342286586761 0.609665513038635 0.60187840461731 0.595227479934692 0.603753685951233 0.582440912723541 0.586891829967499 0.599046945571899
0.584112882614136 0.564902305603027 0.561182916164398 0.562307775020599 0.578214168548584 0.582457005977631 0.585042476654053 0.596831798553467 0.639289379119873 0.647719740867615 0.655922830104828 0.661725640296936 0.657154679298401 0.628232836723328 0.595410883426666 0.628741681575775 0.598630249500275 0.570715367794037 0.560696840286255 0.563011884689331 0.57861739397049 0.569597661495209 0.589178800582886 0.600416898727417 0.586791157722473 0.607757806777954 0.615680277347565 0.628238022327423 0.621751010417938 0.632610321044922 0.643029272556305 0.637334406375885 0.649814009666443 0.645396888256073 0.656571984291077 0.667950570583344 0.659266471862793 0.65289968252182 0.651413202285767 0.654943943023682 0.596278786659241 0.591281950473785 0.579006552696228 0.576757311820984 0.571633815765381 0.55855256319046 0.578913152217865 0.573130309581757 0.560083448886871
