data/climate_estimation/maxent_output/Clintonia_uniflora.asc
NCOLS 314 
NROWS 267 
XLLCORNER -135.75 
YLLCORNER 36.0833333333333 
CELLSIZE 0.0833333333333333 
NODATA_value -3.4e+38 
[rows 88 to 109 of 267, columns 150 to 199 of 314]
0.256718814373016 0.27606600522995 0.431614637374878 0.476250380277634 0.399345248937607 0.526396512985229 0.542004585266113 0.518642127513885 0.247747451066971 0.285048544406891 0.503406941890717 0.559546947479248 0.549776673316956 0.502524554729462 0.558262884616852 0.586109578609467 0.522140324115753 0.601201593875885 0.509266495704651 0.55444997549057 0.591824412345886 0.515885829925537 0.56417179107666 0.599440038204193 0.597319722175598 0.585017561912537 0.598074615001678 0.546917021274567 0.583225071430206 0.588673949241638 0.593396663665771 0.57224428653717 0.383989810943604 0.399642467498779 0.620729088783264 0.527129054069519 0.427859991788864 0.609429001808167 0.596943616867065 0.520374357700348 0.427306264638901 0.548677563667297 0.536912024021149 0.50276130437851 0.437084138393402 0.485167503356934 0.513694941997528 0.611763417720795 0.635582208633423 0.648005366325378
0.469653815031052 0.3333600461483 0.496274471282959 0.403701692819595 0.542894780635834 0.557183265686035 0.596434354782104 0.601498901844025 0.611939907073975 0.625436842441559 0.410145819187164 0.418651700019836 0.661316394805908 0.66499137878418 0.513314545154572 0.573063969612122 0.61694461107254 0.589738845825195 0.60515820980072 0.574818074703217 0.592214524745941 0.561261892318726 0.554302930831909 0.623561322689056 0.626995325088501 0.612816274166107 0.612896621227264 0.469626814126968 0.587091445922852 0.55082380771637 0.61002504825592 0.622227907180786 0.61915796995163 0.621955931186676 0.562863826751709 0.340995073318481 0.434463500976562 0.605217814445496 0.616127669811249 0.608810305595398 0.423973768949509 0.547392249107361 0.519643366336823 0.455288916826248 0.460856765508652 0.483026415109634 0.479898035526276 0.539371073246002 0.719905316829681 0.724770903587341
0.464138269424438 0.442195653915405 0.503406345844269 0.504147350788116 0.525670647621155 0.568291783332825 0.340644806623459 0.372034937143326 0.512787878513336 0.556590855121613 0.610234320163727 0.579310595989227 0.617120206356049 0.654325783252716 0.647429585456848 0.668051838874817 0.611749947071075 0.56467878818512 0.532626211643219 0.56918340921402 0.615418374538422 0.622519075870514 0.593107938766479 0.421350210905075 0.503919303417206 0.463913857936859 0.509104609489441 0.396105259656906 0.49701452255249 0.361499279737473 0.474164575338364 0.566435277462006 0.511004626750946 0.502251207828522 0.382337808609009 0.437982380390167 0.488068372011185 0.609491944313049 0.613365173339844 0.606555223464966 0.602501034736633 0.543609023094177 0.478760182857513 0.553615391254425 0.529067575931549 0.532264590263367 0.488181173801422 0.533188819885254 0.680632293224335 0.698987305164337
0.285255819559097 0.32707291841507 0.414033234119415 0.479019343852997 0.381760269403458 0.466970711946487 0.459375947713852 0.461669832468033 0.367566287517548 0.416555851697922 0.522613167762756 0.528655469417572 0.533670246601105 0.559463679790497 0.598221242427826 0.582290172576904 0.625544786453247 0.531600832939148 0.452657908201218 0.580504059791565 0.564139485359192 0.519921123981476 0.546208500862122 0.496641248464584 0.593218982219696 0.631691873073578 0.616601824760437 0.580544590950012 0.537589967250824 0.513578951358795 0.441712737083435 0.272442311048508 0.260757982730865 0.245984628796577 0.188229650259018 0.341798394918442 0.398186326026917 0.477781623601913 0.551619708538055 0.581982791423798 0.496182143688202 0.48143458366394 0.543924987316132 0.539445400238037 0.549025535583496 0.442182570695877 0.518971741199493 0.477713197469711 0.545987725257874 0.716687440872192
0.373325765132904 0.310407906770706 0.393294483423233 0.41485795378685 0.376070827245712 0.407144844532013 0.40066397190094 0.44356444478035 0.468665182590485 0.478105008602142 0.483457982540131 0.370800197124481 0.387664705514908 0.551489531993866 0.577426731586456 0.551155030727386 0.571228086948395 0.657790541648865 0.374251633882523 0.535957276821136 0.556221067905426 0.574408233165741 0.51921683549881 0.588397026062012 0.595045387744904 0.454132735729218 0.476618140935898 0.6042839884758 0.617424845695496 0.571181893348694 0.602506160736084 0.605474889278412 0.48054912686348 0.440384954214096 0.422987401485443 0.444175153970718 0.454531699419022 0.411952793598175 0.452133774757385 0.447721064090729 0.480611562728882 0.585771799087524 0.60501903295517 0.540732800960541 0.525532960891724 0.414785355329514 0.508472979068756 0.535333037376404 0.528697669506073 0.619372129440308
0.733243227005005 0.736018538475037 0.7414590716362 0.68034166097641 0.376366287469864 0.392428040504456 0.74558812379837 0.409407705068588 0.599038898944855 0.603423655033112 0.431169241666794 0.299415081739426 0.389571219682693 0.511308789253235 0.438976317644119 0.527247726917267 0.563057899475098 0.555477797985077 0.606722712516785 0.47940856218338 0.458253741264343 0.512568771839142 0.581839978694916 0.56622451543808 0.62338787317276 0.530033111572266 0.482552617788315 0.506566166877747 0.61726301908493 0.611380577087402 0.57619297504425 0.560861349105835 0.568531095981598 0.579550564289093 0.528259932994843 0.462547361850739 0.500632047653198 0.558449566364288 0.573086261749268 0.596634209156036 0.579421162605286 0.598641514778137 0.597884774208069 0.600067973136902 0.546801090240479 0.433964282274246 0.53809130191803 0.530898809432983 0.520100653171539 0.487959772348404
0.626174509525299 0.66214781999588 0.692029118537903 0.800358295440674 0.70367968082428 0.666268944740295 0.749061346054077 0.721466243267059 0.709074676036835 0.650693356990814 0.706457018852234 0.700977206230164 0.706524729728699 0.633805215358734 0.482219308614731 0.395080775022507 0.390147268772125 0.509064376354218 0.525455176830292 0.588297545909882 0.470478624105453 0.516848564147949 0.643083691596985 0.549027860164642 0.606543779373169 0.475837737321854 0.499551981687546 0.518570840358734 0.613200962543488 0.626292586326599 0.599700272083282 0.577520370483398 0.570773601531982 0.55573445558548 0.502050817012787 0.438368141651154 0.468535602092743 0.540944635868073 0.558743596076965 0.570261597633362 0.593399047851562 0.522134721279144 0.576702177524567 0.596652150154114 0.529746770858765 0.533453524112701 0.545753598213196 0.536069214344025 0.484964787960052 0.558378279209137
0.460632145404816 0.61029052734375 0.526498258113861 0.625719487667084 0.797945857048035 0.75668203830719 0.788315951824188 0.611146569252014 0.662512958049774 0.655119240283966 0.676063537597656 0.679079353809357 0.594155848026276 0.585275053977966 0.698179423809052 0.684301257133484 0.656172633171082 0.365280747413635 0.537624061107635 0.52611243724823 0.57978767156601 0.600543677806854 0.555953860282898 0.626265704631805 0.558296322822571 0.535255789756775 0.480772286653519 0.491742610931396 0.592473804950714 0.623915433883667 0.577094435691833 0.582497417926788 0.57781571149826 0.504932522773743 0.39934042096138 0.448665469884872 0.498596012592316 0.543674826622009 0.534635841846466 0.529012560844421 0.57113641500473 0.58998566865921 0.537173867225647 0.529353022575378 0.543295979499817 0.537304043769836 0.527904689311981 0.483668655157089 0.508293926715851 0.422211289405823
0.62236475944519 0.618708729743958 0.654777765274048 0.639006018638611 0.753090441226959 0.783191859722137 0.775748431682587 0.793273627758026 0.777944564819336 0.65197092294693 0.617337465286255 0.601186811923981 0.57141900062561 0.637523889541626 0.716438889503479 0.745223879814148 0.70816969871521 0.723036766052246 0.765332758426666 0.635715246200562 0.651984930038452 0.552608728408813 0.534128546714783 0.60482794046402 0.583205163478851 0.602949619293213 0.574290573596954 0.574786603450775 0.620832860469818 0.619182646274567 0.567582488059998 0.60314679145813 0.575506508350372 0.491320788860321 0.421109169721603 0.475887209177017 0.49958798289299 0.470058023929596 0.459675371646881 0.479404836893082 0.532021701335907 0.562221825122833 0.548689544200897 0.584027826786041 0.534411311149597 0.498965084552765 0.517353713512421 0.513487219810486 0.565221667289734 0.528011977672577
0.61663031578064 0.684307515621185 0.666571021080017 0.735505640506744 0.773860991001129 0.474042624235153 0.565312743186951 0.65073025226593 0.731410682201385 0.794117093086243 0.58148729801178 0.523780286312103 0.647901713848114 0.657274007797241 0.707417666912079 0.560092449188232 0.455394893884659 0.598353385925293 0.660337150096893 0.795049071311951 0.804918766021729 0.482664585113525 0.537447333335876 0.574837625026703 0.483364969491959 0.626134753227234 0.641146123409271 0.559195458889008 0.533179700374603 0.617441534996033 0.596536576747894 0.592057585716248 0.574114143848419 0.426819086074829 0.414867013692856 0.427527874708176 0.443721383810043 0.431924551725388 0.433744937181473 0.485497355461121 0.542841672897339 0.523681879043579 0.552676439285278 0.598426103591919 0.590895175933838 0.455462217330933 0.523979485034943 0.527601599693298 0.513007462024689 0.523904204368591
0.615690350532532 0.730701267719269 0.671870529651642 0.765989542007446 0.637678682804108 0.480592578649521 0.495209485292435 0.639408707618713 0.802792191505432 0.691065728664398 0.651007771492004 0.59651505947113 0.574494600296021 0.649324953556061 0.58110374212265 0.502678573131561 0.645403027534485 0.672726035118103 0.685854315757751 0.756856262683868 0.814705193042755 0.734314620494843 0.754729270935059 0.485598623752594 0.544065952301025 0.596270620822906 0.549824476242065 0.631610870361328 0.626517772674561 0.646332144737244 0.51128625869751 0.576251029968262 0.554634630680084 0.491739958524704 0.499863713979721 0.439957946538925 0.419902890920639 0.424626857042313 0.442184925079346 0.469371408224106 0.496357887983322 0.520301997661591 0.542845964431763 0.590466320514679 0.574442505836487 0.495729178190231 0.547677993774414 0.433863818645477 0.424874693155289 0.433480054140091
0.64952540397644 0.789112150669098 0.722012758255005 0.656516313552856 0.596947550773621 0.408762335777283 0.656033217906952 0.714116454124451 0.797297060489655 0.738509118556976 0.698045790195465 0.647523581981659 0.641261398792267 0.647681951522827 0.715631246566772 0.601923763751984 0.587703704833984 0.671083569526672 0.762464880943298 0.769914507865906 0.825900137424469 0.771837413311005 0.725898265838623 0.735890924930573 0.510283887386322 0.569976270198822 0.564173638820648 0.50341922044754 0.611511409282684 0.551860332489014 0.566780805587769 0.600975811481476 0.556009590625763 0.519022285938263 0.496571779251099 0.453281849622726 0.47683173418045 0.44990137219429 0.465469390153885 0.468690007925034 0.479323387145996 0.511019051074982 0.517192661762238 0.566809177398682 0.586173713207245 0.439411222934723 0.493672221899033 0.432191878557205 0.427628993988037 0.428568720817566
0.723884701728821 0.761284112930298 0.581590712070465 0.4841468334198 0.646002888679504 0.579198896884918 0.511079609394073 0.623019337654114 0.73933345079422 0.788730084896088 0.78105491399765 0.644735097885132 0.628101527690887 0.685085713863373 0.682703375816345 0.748734354972839 0.770163238048553 0.77239716053009 0.728439092636108 0.709028005599976 0.786182701587677 0.816370844841003 0.755384624004364 0.715414822101593 0.729788362979889 0.50895094871521 0.523874223232269 0.553073644638062 0.644446074962616 0.555433332920074 0.568978250026703 0.571874678134918 0.559399664402008 0.567734897136688 0.56553590297699 0.504115104675293 0.458403408527374 0.459533870220184 0.461007624864578 0.443637818098068 0.453118979930878 0.486095696687698 0.50464802980423 0.545589566230774 0.552987575531006 0.452935785055161 0.454764187335968 0.423039555549622 0.426232993602753 0.424252301454544
0.79399448633194 0.744824767112732 0.592566430568695 0.536183774471283 0.629503309726715 0.6710245013237 0.618964970111847 0.569367468357086 0.65049546957016 0.77412474155426 0.701143145561218 0.801940679550171 0.648853600025177 0.67954957485199 0.727697372436523 0.678280711174011 0.736135303974152 0.690092742443085 0.697140574455261 0.665565431118011 0.746146440505981 0.834938883781433 0.781885504722595 0.726669192314148 0.730090260505676 0.7561354637146 0.491672545671463 0.550247013568878 0.582293331623077 0.50922417640686 0.521271109580994 0.545685410499573 0.562791287899017 0.589428544044495 0.568091869354248 0.547999501228333 0.51013445854187 0.455834418535233 0.46603786945343 0.443653166294098 0.456407725811005 0.454082101583481 0.493739694356918 0.508875668048859 0.427385002374649 0.408106327056885 0.449435442686081 0.415787756443024 0.527328491210938 0.519559383392334
0.773038744926453 0.79954594373703 0.690443754196167 0.682203769683838 0.50561660528183 0.701181769371033 0.72738379240036 0.495802015066147 0.652560770511627 0.662393450737 0.716351807117462 0.77459454536438 0.802377223968506 0.76081645488739 0.680134177207947 0.640512108802795 0.769510686397552 0.731925904750824 0.681287169456482 0.74513453245163 0.726907134056091 0.829849302768707 0.820084452629089 0.766731917858124 0.697938621044159 0.713810086250305 0.753634333610535 0.497702211141586 0.545820891857147 0.588286578655243 0.618681788444519 0.488885819911957 0.539046943187714 0.586460888385773 0.576098084449768 0.530558228492737 0.486882030963898 0.467354267835617 0.455965280532837 0.441405594348907 0.409524381160736 0.419769257307053 0.413434863090515 0.398467510938644 0.470445960760117 0.522586524486542 0.573934316635132 0.531669676303864 0.524162352085114 0.424254238605499
0.745183289051056 0.789207935333252 0.765558779239655 0.731222927570343 0.661973476409912 0.677700519561768 0.782088279724121 0.682256400585175 0.636189460754395 0.668724715709686 0.745864927768707 0.742830395698547 0.744514882564545 0.794357478618622 0.800632119178772 0.682900607585907 0.78425794839859 0.757412910461426 0.72854745388031 0.754173040390015 0.758782804012299 0.805191814899445 0.812278211116791 0.770219445228577 0.729307234287262 0.698177218437195 0.752194344997406 0.745481371879578 0.51928323507309 0.547365009784698 0.606704354286194 0.487349808216095 0.534127056598663 0.569762825965881 0.57973051071167 0.499223709106445 0.50470107793808 0.439220875501633 0.397825628519058 0.462334096431732 0.412461757659912 0.402393966913223 0.355881184339523 0.490807950496674 0.514872014522552 0.558503925800323 0.550651252269745 0.541600227355957 0.581218600273132 0.527248203754425
0.777131140232086 0.69935941696167 0.692169606685638 0.739728808403015 0.705828905105591 0.664175093173981 0.777309715747833 0.782686471939087 0.660971224308014 0.734782695770264 0.722671508789062 0.67292320728302 0.693771421909332 0.715778708457947 0.747274994850159 0.801608562469482 0.807769775390625 0.794825255870819 0.745188891887665 0.743348360061646 0.729736387729645 0.7833212018013 0.830463409423828 0.740945160388947 0.733238160610199 0.722228109836578 0.757769346237183 0.735759556293488 0.762763559818268 0.507164120674133 0.557937264442444 0.460780113935471 0.503119647502899 0.554531216621399 0.514213085174561 0.566172957420349 0.539272010326385 0.488695174455643 0.455452799797058 0.412193149328232 0.408849507570267 0.382294476032257 0.381471157073975 0.336174368858337 0.494008511304855 0.54967987537384 0.524166584014893 0.585908055305481 0.528048515319824 0.520450174808502
0.727675497531891 0.709003388881683 0.735222339630127 0.73835700750351 0.752133309841156 0.707997381687164 0.702069222927094 0.775450527667999 0.752604961395264 0.721743702888489 0.753773868083954 0.752159655094147 0.756723344326019 0.729811728000641 0.730282485485077 0.768250286579132 0.749004662036896 0.800237357616425 0.7887904047966 0.75209254026413 0.727894604206085 0.833093166351318 0.807609438896179 0.752797186374664 0.75793981552124 0.742339849472046 0.713904082775116 0.74567049741745 0.75922417640686 0.497075855731964 0.507741093635559 0.589567005634308 0.538148462772369 0.379967629909515 0.522030651569366 0.568120002746582 0.529488980770111 0.497136235237122 0.475859999656677 0.469599395990372 0.474253565073013 0.384471207857132 0.40396773815155 0.340450495481491 0.473565012216568 0.542336642742157 0.538988649845123 0.583093822002411 0.580497145652771 0.515101671218872
0.710256636142731 0.742764174938202 0.711993753910065 0.743762671947479 0.758694469928741 0.750069975852966 0.698781132698059 0.748755991458893 0.762974143028259 0.735993206501007 0.745363533496857 0.759540498256683 0.766153514385223 0.728809773921967 0.760583758354187 0.753627240657806 0.78089427947998 0.747900128364563 0.754366934299469 0.745556235313416 0.764515578746796 0.8300940990448 0.791266083717346 0.790027976036072 0.791620790958405 0.739737331867218 0.740362405776978 0.743116617202759 0.719875752925873 0.751713693141937 0.491841077804565 0.498767673969269 0.418049097061157 0.459702402353287 0.406445562839508 0.508743524551392 0.58023202419281 0.53121942281723 0.501434147357941 0.512225806713104 0.521024346351624 0.429807841777802 0.405018657445908 0.390857726335526 0.466003090143204 0.54518449306488 0.579512238502502 0.580782294273376 0.58402019739151 0.569617688655853
0.734174311161041 0.747194766998291 0.746759653091431 0.74290519952774 0.752043902873993 0.751001715660095 0.730398535728455 0.745651662349701 0.747976958751678 0.743540942668915 0.742630481719971 0.743239283561707 0.746849358081818 0.751675605773926 0.750605523586273 0.752977192401886 0.761779546737671 0.711199760437012 0.783665776252747 0.799772381782532 0.81254518032074 0.826982319355011 0.816476821899414 0.797597706317902 0.762482464313507 0.728360891342163 0.72169429063797 0.74042147397995 0.716812312602997 0.75347363948822 0.748275935649872 0.484345197677612 0.451323628425598 0.489361703395844 0.519677758216858 0.515775382518768 0.504566371440887 0.509877383708954 0.530134499073029 0.519527614116669 0.528675973415375 0.471299916505814 0.441705942153931 0.381408840417862 0.408943980932236 0.561881601810455 0.573010861873627 0.556004345417023 0.557268261909485 0.576435148715973
0.701791346073151 0.712980687618256 0.722445428371429 0.736678779125214 0.737896084785461 0.73559045791626 0.723252892494202 0.715656459331512 0.735674321651459 0.736081957817078 0.727255403995514 0.722577393054962 0.732605040073395 0.733595371246338 0.740781664848328 0.719307720661163 0.724009871482849 0.724363684654236 0.747927665710449 0.783562898635864 0.737067222595215 0.756634533405304 0.76107269525528 0.753143072128296 0.734913289546967 0.727152526378632 0.715272426605225 0.702693045139313 0.721733868122101 0.719363927841187 0.757466912269592 0.781926512718201 0.480989158153534 0.764033854007721 0.465445995330811 0.512163758277893 0.56605064868927 0.547440588474274 0.459924966096878 0.532378613948822 0.59550279378891 0.462509661912918 0.489717453718185 0.357520431280136 0.300226271152496 0.512339651584625 0.58359682559967 0.569785833358765 0.560515165328979 0.576882421970367
0.679848074913025 0.676337540149689 0.690534234046936 0.699934959411621 0.700091898441315 0.702995657920837 0.691501617431641 0.687347948551178 0.696813225746155 0.70594596862793 0.704120457172394 0.698525011539459 0.705707728862762 0.705040693283081 0.691941738128662 0.676263093948364 0.676368296146393 0.685846447944641 0.741594970226288 0.755695700645447 0.703929007053375 0.728526532649994 0.775658905506134 0.697569131851196 0.722892701625824 0.757926821708679 0.755412995815277 0.75559389591217 0.698312819004059 0.717189788818359 0.765262067317963 0.775640249252319 0.769461512565613 0.719206571578979 0.749521672725677 0.783404409885406 0.461510002613068 0.511096775531769 0.532939910888672 0.55503636598587 0.524008572101593 0.409915387630463 0.528131008148193 0.478187024593353 0.268361270427704 0.529906272888184 0.591116726398468 0.572606205940247 0.539082884788513 0.580180883407593
