data/climate_estimation/maxent_output/Clintonia_borealis.asc
NCOLS 555 
NROWS 237 
XLLCORNER -97.9166666666667 
YLLCORNER 34.5833333333333 
CELLSIZE 0.0833333333333333 
NODATA_value -3.4e+38 
[rows 147 to 167 of 237, columns 245 to 293 of 555]
0.586973905563354 0.591232001781464 0.572822868824005 0.573036313056946 0.488262802362442 0.573000967502594 0.552551805973053 0.436930030584335 0.352559357881546 0.352621465921402 0.394400298595428 0.427081376314163 0.409432142972946 0.411733239889145 0.550227165222168 0.599188387393951 0.566530346870422 0.651168465614319 0.742370188236237 0.72585541009903 0.662868797779083 0.774305045604706 0.744591593742371 0.783535003662109 0.798216342926025 0.772686362266541 0.791226506233215 0.793883919715881 0.797535181045532 0.800651788711548 0.775498867034912 0.771688163280487 0.777653872966766 0.773541033267975 0.764670968055725 0.773631513118744 0.798916757106781 0.799382984638214 0.863757431507111 0.860683023929596 0.77674412727356 0.444893836975098 0.307142019271851 0.333993285894394 0.415921568870544 0.525741040706635 0.521518588066101 0.633714139461517 0.874701321125031
0.59545636177063 0.576342284679413 0.586980879306793 0.565654814243317 0.462000817060471 0.608657896518707 0.550360679626465 0.581010758876801 0.542767524719238 0.459596753120422 0.491568922996521 0.33473864197731 0.497184485197067 0.560258746147156 0.551528215408325 0.673942923545837 0.699515044689178 0.730335116386414 0.749688625335693 0.753314793109894 0.744885802268982 0.708937764167786 0.744180738925934 0.781957745552063 0.79663348197937 0.803862810134888 0.762696981430054 0.802002608776093 0.800146818161011 0.801934957504272 0.804336488246918 0.806151151657104 0.785085439682007 0.792883932590485 0.785747647285461 0.81859278678894 0.802965819835663 0.827733516693115 0.864089667797089 0.618819534778595 0.575011193752289 0.430019855499268 0.317327916622162 0.379099369049072 0.485442072153091 0.53987854719162 0.567667722702026 0.714234352111816 0.754345059394836
0.631873965263367 0.637863755226135 0.606756746768951 0.581373453140259 0.564259946346283 0.615857183933258 0.592651665210724 0.5755295753479 0.523326516151428 0.477621227502823 0.470112293958664 0.376262187957764 0.450913548469543 0.464326351881027 0.499174833297729 0.63435959815979 0.621963143348694 0.676370143890381 0.74945604801178 0.76967591047287 0.770570337772369 0.773697257041931 0.778837025165558 0.794150352478027 0.795313477516174 0.801928400993347 0.797406375408173 0.776820719242096 0.812138438224792 0.8025803565979 0.80026775598526 0.812533259391785 0.821669280529022 0.817128479480743 0.839347422122955 0.843202412128448 0.864725947380066 0.856954872608185 0.783343374729156 0.636622071266174 0.412892729043961 0.391683608293533 0.350108206272125 0.433548986911774 0.458194881677628 0.473484694957733 0.689751386642456 0.625324606895447 0.730328738689423
0.66041088104248 0.654639184474945 0.599599182605743 0.602260947227478 0.544883906841278 0.507516920566559 0.569720208644867 0.596764147281647 0.368136256933212 0.307979434728622 0.290964394807816 0.324887096881866 0.313945442438126 0.372624754905701 0.49129194021225 0.534165978431702 0.517385125160217 0.585631728172302 0.696042597293854 0.751176834106445 0.733507752418518 0.772494494915009 0.775565266609192 0.775354385375977 0.769065380096436 0.803263247013092 0.805591940879822 0.804636359214783 0.746370136737823 0.752534151077271 0.772287249565125 0.777736663818359 0.829113066196442 0.820573270320892 0.791231751441956 0.775297105312347 0.692614436149597 0.659224390983582 0.470998734235764 0.44823157787323 0.464695394039154 0.417980402708054 0.378053367137909 0.427051872014999 0.396730005741119 0.517107784748077 0.706249117851257 0.579264581203461 0.806253015995026
0.660489320755005 0.654639184474945 0.632833480834961 0.6262366771698 0.616312801837921 0.597870528697968 0.594015300273895 0.593711316585541 0.384623467922211 0.28223380446434 0.316585302352905 0.336709499359131 0.392160892486572 0.400791436433792 0.365806341171265 0.447154253721237 0.519371867179871 0.602081954479218 0.61241489648819 0.671997427940369 0.636189758777618 0.677458047866821 0.729374885559082 0.779106974601746 0.775463879108429 0.789073407649994 0.803138673305511 0.804264068603516 0.771653413772583 0.687324523925781 0.736389517784119 0.773269295692444 0.751936316490173 0.771683275699615 0.738919019699097 0.718087553977966 0.632174491882324 0.742013871669769 0.860940873622894 0.558339178562164 0.38088595867157 0.468842953443527 0.372127205133438 0.367064416408539 0.435735076665878 0.572094082832336 0.698719024658203 0.638856470584869 0.662972569465637
0.679815113544464 0.656838297843933 0.651354074478149 0.630398392677307 0.616143882274628 0.618532538414001 0.596228539943695 0.479978233575821 0.510142624378204 0.571007251739502 0.569739401340485 0.598061263561249 0.597136378288269 0.556718051433563 0.432339161634445 0.403674393892288 0.419077932834625 0.443622708320618 0.524696409702301 0.531919360160828 0.529713749885559 0.620293438434601 0.714706659317017 0.779753506183624 0.780429482460022 0.783990144729614 0.782082259654999 0.798201620578766 0.765868604183197 0.681520283222198 0.732601344585419 0.758567273616791 0.706405401229858 0.785889744758606 0.758998811244965 0.818623960018158 0.588179111480713 0.499886900186539 0.362673878669739 0.359701722860336 0.440321534872055 0.554183304309845 0.333355098962784 0.331644386053085 0.379254221916199 0.468253940343857 0.655450761318207 0.593762099742889 0.552069365978241
0.617991328239441 0.572678864002228 0.633254885673523 0.655339181423187 0.636386692523956 0.621081829071045 0.526805698871613 0.599747180938721 0.599101305007935 0.511657238006592 0.486558228731155 0.533849596977234 0.591908872127533 0.633593797683716 0.665015757083893 0.659367144107819 0.558243572711945 0.533839523792267 0.406432032585144 0.471718162298203 0.532290935516357 0.616633534431458 0.759136021137238 0.753015756607056 0.780892968177795 0.778677463531494 0.774646520614624 0.778794765472412 0.772520482540131 0.683831512928009 0.716324985027313 0.721366345882416 0.702450573444366 0.769653856754303 0.735428273677826 0.56810849905014 0.395108878612518 0.355533748865128 0.357259899377823 0.342768400907516 0.395341008901596 0.380790889263153 0.261299312114716 0.348213583230972 0.412509709596634 0.652723371982574 0.605398058891296 0.776246726512909 0.566702842712402
0.635152876377106 0.635219037532806 0.576174199581146 0.595455050468445 0.649561822414398 0.558313965797424 0.458356320858002 0.501536786556244 0.497026979923248 0.476710945367813 0.57681405544281 0.620420932769775 0.632093727588654 0.650376975536346 0.662695109844208 0.672628581523895 0.69078516960144 0.682054340839386 0.578358948230743 0.415707260370255 0.532535433769226 0.708404541015625 0.57306706905365 0.763465166091919 0.778734028339386 0.779215216636658 0.779215216636658 0.766391694545746 0.755570888519287 0.734652161598206 0.644641757011414 0.612724363803864 0.613655865192413 0.684761703014374 0.516728341579437 0.446648806333542 0.371964931488037 0.320741683244705 0.321967095136642 0.328852981328964 0.33303102850914 0.301828771829605 0.38463568687439 0.612459719181061 0.652064800262451 0.604720413684845 0.560567796230316 0.627854287624359 0.603519976139069
0.576050639152527 0.538948953151703 0.617760479450226 0.580710470676422 0.577538788318634 0.438140511512756 0.421803414821625 0.424561828374863 0.526122987270355 0.561096906661987 0.573992669582367 0.621087253093719 0.65324205160141 0.647424459457397 0.663295567035675 0.680591881275177 0.702340185642242 0.620035529136658 0.600081264972687 0.537150204181671 0.438257545232773 0.414477318525314 0.725607931613922 0.76389342546463 0.778675258159637 0.777097284793854 0.790570259094238 0.794090747833252 0.7961785197258 0.776555240154266 0.757772862911224 0.748127460479736 0.632970631122589 0.426186978816986 0.52813333272934 0.417723566293716 0.3146031498909 0.324211299419403 0.336831778287888 0.388297498226166 0.51865953207016 0.596879422664642 0.336163371801376 0.433045476675034 0.523319602012634 0.517254889011383 0.493941605091095 0.601974964141846 0.581615209579468
0.659933924674988 0.517697215080261 0.474312901496887 0.365441590547562 0.303041219711304 0.274804919958115 0.272185534238815 0.289341807365417 0.335967779159546 0.339381188154221 0.385536193847656 0.654182374477386 0.676215052604675 0.625216126441956 0.68715363740921 0.638797223567963 0.601135015487671 0.544975638389587 0.50550377368927 0.339108198881149 0.37348747253418 0.721498548984528 0.759727716445923 0.777242064476013 0.791682302951813 0.796137809753418 0.796137154102325 0.796634495258331 0.797732412815094 0.787101328372955 0.756890118122101 0.616703629493713 0.439074784517288 0.633280217647552 0.503455936908722 0.371260702610016 0.337450563907623 0.38685467839241 0.427252620458603 0.520805418491364 0.578592002391815 0.535019993782043 0.275489717721939 0.360878825187683 0.476580530405045 0.4540736079216 0.492164999246597 0.64300137758255 0.617628872394562
0.476979374885559 0.384537786245346 0.250419795513153 0.249125674366951 0.302479833364487 0.315745949745178 0.329295665025711 0.299828827381134 0.244507133960724 0.290273815393448 0.369032114744186 0.478104323148727 0.47336682677269 0.448246598243713 0.466907769441605 0.449037730693817 0.448596388101578 0.39287343621254 0.372728556394577 0.56325227022171 0.721458077430725 0.735071837902069 0.756787955760956 0.781183779239655 0.79653400182724 0.803967654705048 0.815605163574219 0.76665186882019 0.718244910240173 0.718234121799469 0.68116021156311 0.430723279714584 0.499794691801071 0.522464990615845 0.418625801801682 0.452479690313339 0.514453291893005 0.605689167976379 0.559744477272034 0.499746114015579 0.640320301055908 0.434509038925171 0.255096584558487 0.337487459182739 0.438393533229828 0.487534254789352 0.547121405601501 0.606426954269409 0.577128946781158
0.240608349442482 0.338089138269424 0.458845019340515 0.382040530443192 0.4378542304039 0.361580699682236 0.257922798395157 0.233312726020813 0.273363679647446 0.313573658466339 0.366061359643936 0.368088871240616 0.365563482046127 0.399913102388382 0.450505286455154 0.470408052206039 0.391086876392365 0.503132283687592 0.600319147109985 0.721394598484039 0.722641229629517 0.748074948787689 0.765502989292145 0.785209476947784 0.801652312278748 0.81785261631012 0.651756048202515 0.566908478736877 0.587175369262695 0.545952439308167 0.45038053393364 0.530431389808655 0.490888088941574 0.415116548538208 0.44859704375267 0.591809630393982 0.72711056470871 0.598348319530487 0.45660412311554 0.458812445402145 0.418284088373184 0.378919810056686 0.293743371963501 0.273774802684784 0.452906429767609 0.528543055057526 0.51853621006012 0.486834108829498 0.482696861028671
0.363896757364273 0.515376508235931 0.501427471637726 0.54038417339325 0.538321912288666 0.435805976390839 0.270028918981552 0.230344444513321 0.244606480002403 0.283154994249344 0.30258521437645 0.353959769010544 0.306670069694519 0.319154888391495 0.318199247121811 0.359911113977432 0.463500171899796 0.540128350257874 0.689148843288422 0.733360588550568 0.678368985652924 0.740826308727264 0.781250417232513 0.805914521217346 0.806883633136749 0.773734390735626 0.527441084384918 0.375296354293823 0.356752812862396 0.408563643693924 0.487012535333633 0.412836879491806 0.432867467403412 0.450932890176773 0.569197237491608 0.679819405078888 0.592639982700348 0.591599464416504 0.350418597459793 0.384008884429932 0.333298981189728 0.296863704919815 0.276167184114456 0.28386053442955 0.407741159200668 0.436963587999344 0.40904513001442 0.401268869638443 0.415895491838455
0.474764466285706 0.515206456184387 0.595810949802399 0.556416451931 0.332119554281235 0.212099522352219 0.210374921560287 0.230239689350128 0.270432680845261 0.311016023159027 0.288365572690964 0.334200739860535 0.332812815904617 0.421230614185333 0.489744812250137 0.565003395080566 0.646762013435364 0.738394200801849 0.746144354343414 0.753340244293213 0.696639180183411 0.717277467250824 0.763979196548462 0.663035690784454 0.512660026550293 0.433517873287201 0.341391533613205 0.35678642988205 0.373878240585327 0.374717712402344 0.356210857629776 0.397934556007385 0.449982792139053 0.530150890350342 0.609881043434143 0.595605731010437 0.528396844863892 0.450731575489044 0.289103984832764 0.332841098308563 0.227467134594917 0.2368044257164 0.283718168735504 0.305054813623428 0.357845276594162 0.350389957427979 0.349758118391037 -3.4e+38 0.417574048042297
0.397293925285339 0.4159274995327 0.370562076568604 0.251014202833176 0.247023269534111 0.231917932629585 0.256744801998138 0.277331709861755 0.252615034580231 0.296672821044922 0.328128665685654 0.350243419408798 0.387280285358429 0.474432706832886 0.669041216373444 0.580595552921295 0.724573850631714 0.757350742816925 0.748684048652649 0.714194595813751 0.637977600097656 0.493251949548721 0.420894086360931 0.367881268262863 0.344425886869431 0.414255887269974 0.429174065589905 0.373047053813934 0.326038241386414 0.324128210544586 0.403330355882645 0.463424742221832 0.527901351451874 0.58927708864212 0.526986658573151 0.485115557909012 0.373617738485336 0.279517859220505 0.274292439222336 0.273643374443054 0.227294430136681 0.2201769053936 0.289628148078918 0.294211685657501 0.301498800516129 0.333889663219452 0.415276557207108 0.399953752756119 0.468959957361221
0.523663401603699 0.527411580085754 0.39688640832901 0.223570629954338 0.21905305981636 0.265244334936142 0.263399034738541 0.248125165700912 0.306472897529602 0.368502914905548 0.412187874317169 0.417118012905121 0.512100577354431 0.567369878292084 0.64722728729248 0.684271514415741 0.729010581970215 0.618794620037079 0.556410431861877 0.535582780838013 0.385135889053345 0.32169896364212 0.289468437433243 0.289468437433243 0.343876719474792 0.341323882341385 0.281175583600998 0.267668753862381 0.291582494974136 0.390008419752121 0.371221542358398 0.481425553560257 0.527040362358093 0.503523588180542 0.464958012104034 0.410118043422699 0.299132913351059 0.256012499332428 0.330152630805969 0.255958080291748 0.221703395247459 0.235780999064445 0.266300469636917 0.284737646579742 0.335182815790176 0.377308666706085 0.396578013896942 0.433096945285797 0.448193728923798
0.322462111711502 0.268255114555359 0.311520159244537 0.354912608861923 0.368754982948303 0.290183693170547 0.272047728300095 0.26985102891922 0.300634741783142 0.346939027309418 0.338219910860062 0.375404626131058 0.467802613973618 0.565315306186676 0.542989015579224 0.460236668586731 0.51782101392746 0.497586488723755 0.438542306423187 0.440224349498749 0.368605434894562 0.317159801721573 0.263076394796371 0.221253097057343 0.221163630485535 0.220114409923553 0.228957995772362 0.21845518052578 0.291464596986771 0.304573565721512 0.352941781282425 0.40959832072258 0.411780744791031 0.289392113685608 0.314688116312027 0.286139518022537 0.259115606546402 0.268630921840668 0.216786801815033 0.2054393440485 0.209486573934555 0.244376212358475 0.261143147945404 0.308898031711578 0.346127063035965 0.354117125272751 0.35661569237709 0.372240453958511 0.422327935695648
0.30156621336937 0.288125514984131 0.248662784695625 0.248027518391609 0.257393449544907 0.25616979598999 0.241852968931198 0.26606559753418 0.281386107206345 0.328217417001724 0.382881343364716 0.403434753417969 0.482209324836731 0.441442281007767 0.420688331127167 0.370508313179016 0.336589872837067 0.354518592357635 0.533771932125092 0.317397445440292 0.334600120782852 0.303805887699127 0.258154600858688 0.208484992384911 0.189189046621323 0.207185372710228 0.240780591964722 0.238896310329437 0.263752698898315 0.321848481893539 0.265347301959991 0.253916233778 0.235716938972473 0.196383431553841 0.237952619791031 0.271734803915024 0.232560157775879 0.198187947273254 0.184138342738152 0.187687009572983 0.251418858766556 0.254153877496719 0.283132404088974 0.330597639083862 0.334312170743942 0.352479189634323 0.365086793899536 0.368356466293335 0.380917340517044
0.242473363876343 0.198688939213753 0.269517660140991 0.252733618021011 0.239690482616425 0.265271157026291 0.235844418406487 0.251450955867767 0.337689429521561 0.431273132562637 0.453786671161652 0.397711783647537 0.332554250955582 0.318324655294418 0.401157915592194 0.454920262098312 0.454249292612076 0.333834707736969 0.301587611436844 0.287452757358551 0.299605846405029 0.271165579557419 0.232962906360626 0.228559553623199 0.26554274559021 0.251923739910126 0.265809208154678 0.250085979700089 0.262681096792221 0.228447094559669 0.292712688446045 0.242168173193932 0.200228422880173 0.194148421287537 0.176006972789764 0.181063741445541 0.179803878068924 0.193814650177956 0.191128790378571 0.204977720975876 0.236901238560677 0.241510510444641 0.293933749198914 0.371880322694778 -3.4e+38 -3.4e+38 -3.4e+38 -3.4e+38 -3.4e+38
0.29155769944191 0.333860695362091 0.274723261594772 0.248974695801735 0.257434189319611 0.233585000038147 0.209784105420113 0.259453922510147 0.321065634489059 0.365974634885788 0.35344272851944 0.255200982093811 0.26064544916153 0.248146399855614 0.270576059818268 0.270757436752319 0.259416133165359 0.282399237155914 0.267315417528152 0.282209068536758 0.326904892921448 0.392275393009186 0.377230793237686 0.294585317373276 0.292611867189407 0.262666404247284 0.262401878833771 0.237870261073112 0.217658773064613 0.218998119235039 0.230557948350906 0.189578011631966 0.202079638838768 0.212967291474342 0.17506992816925 0.188115164637566 0.185268685221672 0.189669772982597 0.205474928021431 0.231037646532059 0.265108197927475 0.296955227851868 0.31927952170372 -3.4e+38 -3.4e+38 -3.4e+38 -3.4e+38 -3.4e+38 -3.4e+38
0.287089735269547 0.259258657693863 0.256429135799408 0.268552482128143 0.244874894618988 0.241377681493759 0.22979748249054 0.244055479764938 0.255095392465591 0.221976399421692 0.20054118335247 0.196488067507744 0.21147945523262 0.234209552407265 0.245764136314392 0.255109667778015 0.255729347467422 0.263230383396149 0.25182318687439 0.371949166059494 0.277837365865707 0.321148246526718 0.319292068481445 0.251118361949921 0.247786894440651 0.259916961193085 0.248612195253372 0.248662561178207 0.237004414200783 0.206002473831177 0.178135380148888 0.211761191487312 0.21062159538269 0.193826645612717 0.190597757697105 0.195262968540192 0.192509427666664 0.195889726281166 0.234184250235558 0.266451388597488 0.319099128246307 0.353127688169479 0.36164990067482 -3.4e+38 -3.4e+38 -3.4e+38 -3.4e+38 -3.4e+38 -3.4e+38
