data/climate_estimation/maxent_output/Clintonia_umbellulata.asc
NCOLS 109 
NROWS 95 
XLLCORNER -87.1666666666667 
YLLCORNER 34.4166666666667 
CELLSIZE 0.0833333333333333 
NODATA_value -3.4e+38 
[rows 0 to 19 of 95, columns 0 to 43 of 109]
0.013738957233727 0.0181843861937523 0.021846005693078 0.024585610255599 0.0305307004600763 0.0319932997226715 0.0357841849327087 0.0360648036003113 0.0378253310918808 0.0377735793590546 0.0390239246189594 0.0391673855483532 0.0432674959301949 0.0453678481280804 0.0437424890697002 0.0411284640431404 0.0348907187581062 0.026883153244853 0.0237088613212109 0.0162777807563543 0.0126601392403245 0.0121478736400604 0.0127022285014391 0.0101163135841489 0.0102701494470239 0.0102341193705797 0.0100526893511415 0.00982763152569532 0.010069515556097 0.0100259529426694 0.010035534389317 0.00981020648032427 0.00980351027101278 0.00986154563724995 0.0124715669080615 0.0150567814707756 0.0158284176141024 0.0180304199457169 0.0178674105554819 0.0222572069615126 0.0223878044635057 0.0251456275582314 0.0182073265314102 0.0162172168493271
0.0137192392721772 0.0182858612388372 0.0240691434592009 0.0244127362966537 0.0324752703309059 0.034236665815115 0.0361006036400795 0.0475257337093353 0.0503945983946323 0.0494552962481976 0.0492075942456722 0.0495216064155102 0.0433017387986183 0.0429140813648701 0.040904838591814 0.0384111516177654 0.0300912465900183 0.025266645476222 0.0184898152947426 0.0156612955033779 0.0123595986515284 0.0127438623458147 0.0126841189339757 0.0103570902720094 0.0107224611565471 0.0109659833833575 0.0128233339637518 0.0112641835585237 0.0136363971978426 0.0141280340030789 0.013269872404635 0.0138157596811652 0.0110344355925918 0.0133199924603105 0.0158170890063047 0.0167286060750484 0.0209886208176613 0.0213393308222294 0.0197651218622923 0.0228023156523705 0.0238336194306612 0.022563336417079 0.0179287753999233 0.0217886865139008
0.0171498693525791 0.0195169243961573 0.0239578764885664 0.0270067378878593 0.0326009504497051 0.0361486151814461 0.0451340563595295 0.0478032007813454 0.053250428289175 0.0516844429075718 0.0506561957299709 0.0427232570946217 0.0451062507927418 0.0430834330618382 0.0380791164934635 0.0359185859560966 0.0284858383238316 0.0199868995696306 0.0166981145739555 0.0154562899842858 0.0131217818707228 0.0134924035519361 0.0102467052638531 0.0109252305701375 0.0120938988402486 0.0124447196722031 0.0129498364403844 0.0149238929152489 0.0158943440765142 0.0159278381615877 0.0165017656981945 0.0195385031402111 0.0155763132497668 0.0176130458712578 0.0222516637295485 0.0214305240660906 0.0226618479937315 0.0217084120959044 0.0242112725973129 0.0254594031721354 0.022783325985074 0.0221154242753983 0.0198545418679714 0.0189146511256695
0.0180477071553469 0.0196243152022362 0.0254441015422344 0.0340262539684772 0.0344628319144249 0.0383309498429298 0.0470039956271648 0.0492648482322693 0.0509245134890079 0.0500300526618958 0.049078855663538 0.0425231494009495 0.042030356824398 0.0399061441421509 0.0375070236623287 0.0284203849732876 0.0254889521747828 0.0184268355369568 0.0165427941828966 0.0135044660419226 0.0135044660419226 0.0141851613298059 0.0141384731978178 0.0120571348816156 0.0134074008092284 0.0174349285662174 0.0178638435900211 0.0173177774995565 0.0219249241054058 0.0220091659575701 0.0288037359714508 0.0242017991840839 0.021634029224515 0.021039254963398 0.0247005429118872 0.0252764597535133 0.0289626102894545 0.0290078390389681 0.0268614701926708 0.0260737389326096 0.0225846599787474 0.0185023974627256 0.0183599460870028 0.019559470936656
0.0163546018302441 0.0210352167487144 0.021092077717185 0.0271323882043362 0.0354264229536057 0.044694546610117 0.0457080379128456 0.0504132024943829 0.0598752535879612 0.0480010509490967 0.0459213405847549 0.045861441642046 0.0485655218362808 0.039031945168972 0.0303986147046089 0.0269872844219208 0.0252546183764935 0.0190175008028746 0.0141218155622482 0.0141218155622482 0.0146711748093367 0.0141229378059506 0.0153365982696414 0.0169250816106796 0.0180790983140469 0.0162176806479692 0.020780336111784 0.0202123560011387 0.0252923313528299 0.0318175181746483 0.0320894233882427 0.0316196717321873 0.0300099272280931 0.0265245791524649 0.0334892086684704 0.03202273696661 0.0310804508626461 0.0305080376565456 0.027723865583539 0.0249250698834658 0.0233948715031147 0.022069713100791 0.0172860715538263 0.0184133108705282
0.017092065885663 0.0213766098022461 0.0235812831670046 0.0297520365566015 0.0377476513385773 0.0443537756800652 0.0442829877138138 0.0472663566470146 0.0491570308804512 0.0486185811460018 0.04708381742239 0.0438811033964157 0.0372637398540974 0.0348185487091541 0.0329555794596672 0.0259940065443516 0.020458996295929 0.0156242642551661 0.0139054907485843 0.0145265217870474 0.0159622952342033 0.0161474905908108 0.0169435888528824 0.0176708083599806 0.0192442908883095 0.0215387959033251 0.02074552513659 0.0264840666204691 0.0282373819500208 0.0340286120772362 0.0342459082603455 0.0324938967823982 0.0364858359098434 0.0284358505159616 0.0320433378219604 0.030285807326436 0.0296862926334143 0.0284927431493998 0.0257528088986874 0.028729110956192 0.0215162709355354 0.0216817017644644 0.0200769174844027 0.0172014143317938
0.0168596748262644 0.022104287520051 0.0237034894526005 0.0320078767836094 0.0416194573044777 0.0441213026642799 0.0535865426063538 0.0534516982734203 0.0532885864377022 0.0534022860229015 0.0512860454618931 0.0462417937815189 0.0480662882328033 0.0370239950716496 0.0289956815540791 0.0229038782417774 0.0199267491698265 0.0156910289078951 0.0148013373836875 0.0154279358685017 0.0160150323063135 0.0166697595268488 0.0157099552452564 0.019420824944973 0.0203581247478724 0.0228725876659155 0.0230070762336254 0.0280377082526684 0.0282826069742441 0.0336323864758015 0.0329802334308624 0.0316073819994926 0.0283477585762739 0.0314367040991783 0.0292817670851946 0.0284166615456343 0.0284775141626596 0.0275193154811859 0.0255339071154594 0.0252885278314352 0.0223425235599279 0.0214892867952585 0.0198311358690262 0.0161995459347963
0.0138824852183461 0.0179104022681713 0.0246456563472748 0.0337807163596153 0.0411594957113266 0.0533573031425476 0.0565134547650814 0.0668719634413719 0.0588879622519016 0.0580858662724495 0.0586146414279938 0.0511866584420204 0.0406252294778824 0.0310453400015831 0.0287108048796654 0.0218362659215927 0.023736571893096 0.0184570048004389 0.0183582864701748 0.0183024536818266 0.0174521096050739 0.0178389884531498 0.0194701422005892 0.0200208406895399 0.0212178360670805 0.0221715066581964 0.0289203450083733 0.0282508172094822 0.0283027514815331 0.0304761193692684 0.0291329175233841 0.0273710116744041 0.0332482904195786 0.0291255358606577 0.0262175463140011 0.026017377153039 0.0340224839746952 0.0269233454018831 0.0247899927198887 0.0246467851102352 0.0231910198926926 0.020323358476162 0.0169579610228539 0.0150616737082601
0.0149588324129581 0.0196560807526112 0.0244371853768826 0.0347709320485592 0.0511435307562351 0.0664859041571617 0.0589301474392414 0.0550478659570217 0.0486454851925373 0.0488088838756084 0.0511241741478443 0.0481188744306564 0.0352983064949512 0.0356374718248844 0.0272611677646637 0.0260208174586296 0.0216363333165646 0.0215105526149273 0.0203300211578608 0.0196850541979074 0.0205948539078236 0.0202768556773663 0.0200623795390129 0.0210039671510458 0.0208554957062006 0.0220050476491451 0.0280378460884094 0.0280721671879292 0.0266887899488211 0.029386417940259 0.0276212729513645 0.0264375004917383 0.0281313974410295 0.0269437413662672 0.0245941635221243 0.0308338534086943 0.0271739233285189 0.0261668171733618 0.0248869564384222 0.0233638845384121 0.0228330940008163 0.0201091170310974 0.0169061049818993 0.0158277042210102
0.0128131592646241 0.0194902755320072 0.0228705462068319 0.0306782759726048 0.0393450297415257 0.0484016239643097 0.0474533177912235 0.0396581515669823 0.0400285609066486 0.0438239350914955 0.0449271760880947 0.0404443331062794 0.0344167649745941 0.0309869516640902 0.0322775281965733 0.025016101077199 0.022561352699995 0.0232539903372526 0.0219545755535364 0.0226252134889364 0.0209285970777273 0.020842170342803 0.0208249054849148 0.0206894651055336 0.020889425650239 0.0251133050769567 0.0242828354239464 0.0237221661955118 0.0219030268490314 0.0249643884599209 0.0257360227406025 0.0236733201891184 0.0245284158736467 0.0247073229402304 0.0258692149072886 0.0265879444777966 0.0253340639173985 0.0279475953429937 0.0226764306426048 0.0231500584632158 0.0174274034798145 0.0161737706512213 0.0143383042886853 0.0142755210399628
0.0133141633123159 0.0161971673369408 0.0163276996463537 0.022856418043375 0.0291855316609144 0.0351001545786858 0.0351459681987762 0.0374405942857265 0.0340264588594437 0.0335527583956718 0.0352658107876778 0.0316096544265747 0.035135880112648 0.0295354556292295 0.0297549162060022 0.0268965046852827 0.0237348452210426 0.0258133802562952 0.0256356243044138 0.0245750918984413 0.0230596493929625 0.0222283769398928 0.0219196230173111 0.0206524152308702 0.0195675119757652 0.0173789262771606 0.0175115261226892 0.019915709272027 0.0195703059434891 0.0231650471687317 0.0210949704051018 0.0182859767228365 0.0231632832437754 0.0232228077948093 0.025086211040616 0.025022653862834 0.0242187026888132 0.0226350072771311 0.0214170441031456 0.0183154828846455 0.0174368862062693 0.0135133247822523 0.012863339856267 0.0126262316480279
0.0116947833448648 0.0146044595167041 0.0163765624165535 0.0197003316134214 0.0201360154896975 0.0267318896949291 0.0253815222531557 0.0304415095597506 0.0254649464040995 0.0277755782008171 0.0250451359897852 0.0265717189759016 0.0282575432211161 0.0295776706188917 0.0260595083236694 0.0257741697132587 0.0258593894541264 0.0249524433165789 0.0280732214450836 0.0258569605648518 0.0249500125646591 0.0244734212756157 0.0230727568268776 0.0187799874693155 0.0163255799561739 0.0159205365926027 0.015484657138586 0.0173024106770754 0.016734030097723 0.0200707390904427 0.0182462017983198 0.0172574538737535 0.0175013151019812 0.0192450750619173 0.0225803665816784 0.023723291233182 0.0239619538187981 0.022761482745409 0.0195817817002535 0.0192721541970968 0.0150761809200048 0.0143439397215843 0.0112299555912614 0.0112498123198748
0.0112041179090738 0.0118105476722121 0.0156774632632732 0.0165059119462967 0.02015146240592 0.0241422262042761 0.0254075396806002 0.0252690948545933 0.0243000239133835 0.0251139178872108 0.0250451359897852 0.0277627892792225 0.0245361439883709 0.0258528105914593 0.0286800898611546 0.0250208117067814 0.0299184080213308 0.0274836868047714 0.0312067531049252 0.0351130925118923 0.0323328003287315 0.0301915854215622 0.0242164470255375 0.0202880073338747 0.0147907268255949 0.0138181736692786 0.0163651835173368 0.0155253876000643 0.0149697298184037 0.0163950901478529 0.0162371210753918 0.0163998305797577 0.0171705242246389 0.0182026941329241 0.019478552043438 0.0247975420206785 0.0248378720134497 0.0206739529967308 0.0217607505619526 0.0179147087037563 0.0171201732009649 0.0138878850266337 0.0137696079909801 0.0131361996755004
0.0109816621989012 0.0117693394422531 0.0156572032719851 0.0158169697970152 0.0192483700811863 0.0202416814863682 0.020348759368062 0.0241658892482519 0.0229086522012949 0.0227833557873964 0.0213706456124783 0.0235514491796494 0.0238797515630722 0.0262785721570253 0.025346776470542 0.0272472202777863 0.0262083690613508 0.0287770945578814 0.0321621969342232 0.0359703935682774 0.0301413033157587 0.0268835257738829 0.0233961828052998 0.0203293394297361 0.0176497306674719 0.0152786429971457 0.0148239629343152 0.0135317910462618 0.0128924623131752 0.0148694068193436 0.0123709915205836 0.0155898528173566 0.0163014773279428 0.0178456269204617 0.018148148432374 0.0244501829147339 0.0216972697526217 0.0224806368350983 0.0228735953569412 0.0187514815479517 0.0163849219679832 0.0164588484913111 0.0166760291904211 0.0211815927177668
0.0115758925676346 0.0145253781229258 0.0148720080032945 0.0151315582916141 0.0183551851660013 0.0184458550065756 0.0185285806655884 0.0176490675657988 0.0233307033777237 0.0197861809283495 0.0246505569666624 0.0261464305222034 0.0231796707957983 0.0263843424618244 0.0289677456021309 0.0299671981483698 0.031918428838253 0.03313123062253 0.0378172993659973 0.0333495698869228 0.0343908295035362 0.0330997593700886 0.0291453171521425 0.0244180392473936 0.0177266802638769 0.0153601532801986 0.0133998533710837 0.0129074323922396 0.0139068402349949 0.0140524571761489 0.0146995475515723 0.0155963189899921 0.0153977433219552 0.0168952625244856 0.0176731832325459 0.0204788092523813 0.0226194690912962 0.0240408666431904 0.0209796372801065 0.0221864357590675 0.0241000168025494 0.0214158929884434 0.0270812436938286 0.0261228252202272
0.0138725908473134 0.0139554785564542 0.0143328886479139 0.013785345479846 0.0167760644108057 0.0169123150408268 0.0178901478648186 0.0172319002449512 0.0178863666951656 0.0188573058694601 0.0191753245890141 0.0202616583555937 0.0262429714202881 0.0286412872374058 0.0315445885062218 0.0337602272629738 0.0306235142052174 0.0337364301085472 0.0348147377371788 0.0402353331446648 0.0367109887301922 0.0333654843270779 0.0295076277107 0.024225078523159 0.0218322221189737 0.0176345501095057 0.0135564925149083 0.0142446542158723 0.013272569514811 0.0132010597735643 0.0152040896937251 0.0149639640003443 0.0159347783774137 0.0168653000146151 0.0185660794377327 0.0204537194222212 0.0217384286224842 0.0241285879164934 0.0265895202755928 0.0236394163221121 0.025952223688364 0.0252623502165079 0.031611505895853 0.0293146427720785
0.0110964402556419 0.0136042246595025 0.013131869956851 0.0165269877761602 0.0159538052976131 0.016345115378499 0.0164169427007437 0.0193745102733374 0.0194446928799152 0.0217015240341425 0.0228349193930626 0.0239464938640594 0.0251525491476059 0.0265302136540413 0.0256185475736856 0.0306585989892483 0.032429501414299 0.0343381129205227 0.0326994433999062 0.035474244505167 0.0338369682431221 0.03086675144732 0.0282334480434656 0.0257759634405375 0.0212262459099293 0.0181598719209433 0.0162359867244959 0.0149983009323478 0.0143272913992405 0.0136683331802487 0.0145524358376861 0.0158716142177582 0.0167931281030178 0.0170226264744997 0.0186449848115444 0.0185129102319479 0.0207537394016981 0.0227147471159697 0.0256519094109535 0.0236612819135189 0.0285227242857218 0.0290499571710825 0.0256125777959824 0.0280392579734325
0.0118258632719517 0.0129304239526391 0.0148802231997252 0.0145315686240792 0.0173872113227844 0.0180226769298315 0.0179931465536356 0.0190680455416441 0.0191372130066156 0.020828977227211 0.0229223109781742 0.0238520968705416 0.0248900037258863 0.0256835948675871 0.0304663088172674 0.0283485669642687 0.0300363693386316 0.0357174836099148 0.032830361276865 0.0335113778710365 0.0315570384263992 0.0313941314816475 0.0283872950822115 0.0268582794815302 0.0223135855048895 0.0193052310496569 0.0165680348873138 0.0147321103140712 0.0151299359276891 0.0150967352092266 0.0187201369553804 0.0175389647483826 0.0166043154895306 0.0175067372620106 0.0183590706437826 0.0184801071882248 0.0207057595252991 0.0239607840776443 0.0269820559769869 0.0297925919294357 0.0275291111320257 0.0293409824371338 0.030877036973834 0.0297374688088894
0.0117541719228029 0.0116264820098877 0.0134113235399127 0.0139713929966092 0.0169741790741682 0.0173307619988918 0.0181968864053488 0.0175562761723995 0.0207249447703362 0.0216639097779989 0.0235814265906811 0.0229822378605604 0.0305528100579977 0.0316007062792778 0.0321706123650074 0.0308373980224133 0.0373328030109406 0.0344277620315552 0.0333622135221958 0.0334933660924435 0.0322819165885448 0.0316279903054237 0.0297546666115522 0.0259249694645405 0.0248797815293074 0.0219751670956612 0.0183668043464422 0.0174794681370258 0.0166548509150743 0.0208505727350712 0.0196148809045553 0.0165663734078407 0.0174789931625128 0.0184388253837824 0.0194317400455475 0.0206414591521025 0.024078032001853 0.026093190535903 0.0235820338129997 0.032340195029974 0.0275226440280676 0.02946662530303 0.0297487732023001 0.0299507882446051
0.0113084344193339 0.0117581570520997 0.0136529095470905 0.0159900467842817 0.015673415735364 0.0165835879743099 0.0209298729896545 0.0208157785236835 0.021009374409914 0.021901048719883 0.0247949212789536 0.0314328409731388 0.036359429359436 0.0375904068350792 0.034912109375 0.0445298589766026 0.0433126948773861 0.0397166572511196 0.0390403382480145 0.0349480360746384 0.0336408615112305 0.0332394950091839 0.0314817540347576 0.0302814766764641 0.0260200388729572 0.027210945263505 0.0231884680688381 0.0214091893285513 0.0195357222110033 0.0185340791940689 0.0221276395022869 0.0185413975268602 0.0185503903776407 0.019570492208004 0.0203588735312223 0.0193024463951588 0.0248327385634184 0.0280975345522165 0.0261271819472313 0.0288123935461044 0.0278048384934664 0.0296189561486244 0.0285847261548042 0.0273967571556568
