data/climate_estimation/maxent_output/Clintonia_borealis.asc
NCOLS 555 
NROWS 237 
XLLCORNER -97.9166666666667 
YLLCORNER 34.5833333333333 
CELLSIZE 0.0833333333333333 
NODATA_value -3.4e+38 
[rows 126 to 146 of 237, columns 0 to 48 of 555]
0.0150212068110704 0.015330315567553 0.0164284706115723 0.0227574165910482 0.0239810962229967 0.0264339298009872 0.0400265045464039 0.0457688197493553 0.0491017811000347 0.0604542158544064 0.0575932785868645 0.0414121560752392 0.0461895614862442 0.0442463010549545 0.0445192605257034 0.046174194663763 0.0477716475725174 0.0460130050778389 0.0652323663234711 0.0714982822537422 0.0678150802850723 0.0617364421486855 0.0951680690050125 0.106137737631798 0.114703126251698 0.115067385137081 0.115295961499214 0.113189876079559 0.110336728394032 0.110318377614021 0.110465250909328 0.140562251210213 0.144182398915291 0.141524344682693 0.147343054413795 0.140563026070595 0.176235362887383 0.165419206023216 0.159805536270142 0.206646382808685 0.207904785871506 0.224184066057205 0.224485471844673 0.228303417563438 0.230059638619423 0.235323294997215 0.256066024303436 0.255908012390137 0.251612037420273
0.0142253991216421 0.0157722607254982 0.0155773404985666 0.0205343402922153 0.0208573322743177 0.0234852489084005 0.0355876460671425 0.0413819923996925 0.0417165867984295 0.0545277632772923 0.0568522177636623 0.040469441562891 0.0433708652853966 0.0439442060887814 0.0413461253046989 0.0436636134982109 0.0429465882480145 0.0609301440417767 0.0611964948475361 0.0603304281830788 0.0760638266801834 0.0769258290529251 0.085441455245018 0.101189337670803 0.103882230818272 0.119228757917881 0.12619523704052 0.117022812366486 0.110996372997761 0.112198039889336 0.112515337765217 0.112158469855785 0.143139511346817 0.1498783826828 0.148013547062874 0.185904607176781 0.176927730441093 0.174558371305466 0.215417429804802 0.21544137597084 0.221697464585304 0.24063666164875 0.216655522584915 0.229074850678444 0.224056124687195 0.231720954179764 0.254803031682968 0.248898461461067 0.242445796728134
0.0132642593234777 0.0141055136919022 0.0150950355455279 0.0191386565566063 0.0191010646522045 0.0256135910749435 0.0306019764393568 0.0391008295118809 0.0391078256070614 0.0488180406391621 0.0557838678359985 0.0526608303189278 0.0407318435609341 0.0410842150449753 0.0399682745337486 0.0373902954161167 0.0380806513130665 0.0516138188540936 0.0519338734447956 0.0544028803706169 0.0537339448928833 0.0728605985641479 0.0809261724352837 0.087809219956398 0.098621740937233 0.119994901120663 0.122023597359657 0.117174305021763 0.117562003433704 0.114375561475754 0.108436852693558 0.108364664018154 0.112090490758419 0.148830622434616 0.141301676630974 0.193368956446648 0.190790861845016 0.225830271840096 0.224474340677261 0.236993253231049 0.236989304423332 0.223274067044258 0.241515308618546 0.226765140891075 0.22942017018795 0.234245106577873 0.242495596408844 0.235394984483719 0.241640746593475
0.0122357066720724 0.012878529727459 0.0134723670780659 0.0179403107613325 0.0170306526124477 0.0249413587152958 0.0289070252329111 0.0350448079407215 0.0406090244650841 0.0439226739108562 0.0500936806201935 0.0545229353010654 0.0403945557773113 0.0389695316553116 0.0402654744684696 0.0374829992651939 0.0389776118099689 0.0506667010486126 0.051490630954504 0.0516991913318634 0.0512217916548252 0.0694669187068939 0.0743353441357613 0.0872136577963829 0.101590774953365 0.109844669699669 0.118955262005329 0.117426171898842 0.113709665834904 0.114011168479919 0.113879173994064 0.104562543332577 0.106736242771149 0.135178342461586 0.139940768480301 0.181656777858734 0.190873548388481 0.233865603804588 0.223053991794586 0.227458193898201 0.237095266580582 0.230444639921188 0.22980909049511 0.222707599401474 0.226856991648674 0.228675007820129 0.229904741048813 0.233816489577293 0.246394366025925
0.011273005977273 0.0119549315422773 0.0126796942204237 0.0127791222184896 0.0177537985146046 0.0202466044574976 0.0303239393979311 0.0346113964915276 0.0389122031629086 0.0394124537706375 0.045222494751215 0.0391032658517361 0.0387165248394012 0.0403863377869129 0.0390190482139587 0.0371580086648464 0.0389499329030514 0.0504908412694931 0.0526283159852028 0.0487293340265751 0.0487465374171734 0.0654341652989388 0.073372982442379 0.0823734328150749 0.0925322473049164 0.100205905735493 0.111932642757893 0.112471669912338 0.113803803920746 0.108226731419563 0.112690113484859 0.108147718012333 0.106711588799953 0.109110876917839 0.14561939239502 0.190906584262848 0.188872203230858 0.224202618002892 0.244180306792259 0.234463900327682 0.233814939856529 0.235034599900246 0.22597599029541 0.218903601169586 0.213985413312912 0.213424012064934 0.223522424697876 0.232211410999298 0.231290355324745
0.0110703278332949 0.0112520540133119 0.0119018368422985 0.0126188872382045 0.0194262322038412 0.0234002526849508 0.0257843174040318 0.0377183146774769 0.0391868650913239 0.0294987987726927 0.0299619548022747 0.0323027148842812 0.0354615300893784 0.0372370555996895 0.0387366451323032 0.0386466607451439 0.0355991795659065 0.0502412579953671 0.0504981502890587 0.0481787398457527 0.0619554221630096 0.0627550631761551 0.0727496147155762 0.0986238345503807 0.111368715763092 0.119989641010761 0.100812800228596 0.107059076428413 0.101894192397594 0.101877115666866 0.0981603637337685 0.102769039571285 0.0998014807701111 0.10425528138876 0.144768267869949 0.189318120479584 0.235212489962578 0.221590682864189 0.224391981959343 0.224772542715073 0.222168639302254 0.223368868231773 0.213794931769371 0.210305705666542 0.204812854528427 0.207518175244331 0.220506384968758 0.226641342043877 0.239089131355286
0.0103580933064222 0.0106603112071753 0.0122924465686083 0.013103804551065 0.0157462172210217 0.0256290771067142 0.0267211850732565 0.0256572347134352 0.0275194849818945 0.0282114427536726 0.0271765794605017 0.0305388178676367 0.0323499217629433 0.0340181812644005 0.037137009203434 0.0338764525949955 0.0353898257017136 0.050230860710144 0.0476089753210545 0.0605526305735111 0.0587930418550968 0.0622601956129074 0.0880564600229263 0.0901757329702377 0.104727819561958 0.111631147563457 0.0919814258813858 0.0957436859607697 0.0886034965515137 0.0689217150211334 0.0683308690786362 0.0690190345048904 0.09336818754673 0.0948211625218391 0.130016580224037 0.17062771320343 0.187271505594254 0.208191633224487 0.220797091722488 0.221105068922043 0.221369355916977 0.211631610989571 0.212982624769211 0.202887684106827 0.204736158251762 0.198093876242638 0.207972556352615 0.209139421582222 0.244015783071518
0.0102952951565385 0.0109445620328188 0.0112603008747101 0.0125778671354055 0.0150859551504254 0.0169396456331015 0.02677914313972 0.0302842687815428 0.028387913480401 0.0268565621227026 0.0275274626910686 0.0219048038125038 0.0241659637540579 0.0331465527415276 0.0375586599111557 0.039398405700922 0.0352876000106335 0.0450079999864101 0.0405526868999004 0.0550183653831482 0.0586341619491577 0.0823556333780289 0.0848354250192642 0.0894473344087601 0.0982020050287247 0.100933350622654 0.0823522210121155 0.0829505175352097 0.0831543132662773 0.0621943213045597 0.062054768204689 0.0634062811732292 0.066222183406353 0.0886789038777351 0.0957128256559372 0.121539652347565 0.174650132656097 0.204781755805016 0.199577704071999 0.217545554041862 0.21869957447052 0.213082417845726 0.21390675008297 0.207852363586426 0.204888448119164 0.198648527264595 0.208125799894333 0.22107395529747 0.22550842165947
0.0127804148942232 0.0100162979215384 0.0104196052998304 0.011991267092526 0.0126622011885047 0.0144068654626608 0.0165000148117542 0.028503043577075 0.0283311940729618 0.0209637358784676 0.0206788294017315 0.0219305064529181 0.0235565751791 0.0363940969109535 0.0390342846512794 0.0353503823280334 0.0318155288696289 0.0381126552820206 0.0402006842195988 0.0579935573041439 0.07848010212183 0.0793597400188446 0.0795428231358528 0.0842926949262619 0.0848940089344978 0.0905764475464821 0.0666846707463264 0.0697491839528084 0.05581284314394 0.0605969503521919 0.0583508387207985 0.0604824833571911 0.0603570863604546 0.0836179032921791 0.0857901275157928 0.124717570841312 0.166364043951035 0.185580894351006 0.18664014339447 0.187702968716621 0.191648721694946 0.212272450327873 0.207908928394318 0.21932415664196 0.208908140659332 0.21009249985218 0.220278024673462 0.221743986010551 0.205623164772987
0.00820104964077473 0.00891514122486115 0.00977258756756783 0.0112626003101468 0.0126957762986422 0.0130603946745396 0.0138759473338723 0.0169652421027422 0.020519008859992 0.0209856200963259 0.0193492900580168 0.0205480623990297 0.0234693884849548 0.032896850258112 0.0320709981024265 0.031953688710928 0.0293977167457342 0.0358208157122135 0.0505222268402576 0.0542866922914982 0.0740989521145821 0.0743971019983292 0.0790271982550621 0.0820964574813843 0.0845524668693542 0.081060379743576 0.061298705637455 0.0616966485977173 0.0669424086809158 0.0524181015789509 0.0599067285656929 0.0624351762235165 0.0632389634847641 0.0859720781445503 0.0830307304859161 0.114981412887573 0.151350259780884 0.178187772631645 0.175460934638977 0.179238349199295 0.182201892137527 0.187557712197304 0.203844174742699 0.208507388830185 0.209128588438034 0.210079804062843 0.210309967398643 0.218903213739395 0.196576252579689
0.00756713980808854 0.00623430777341127 0.00700940797105432 0.00859421025961637 0.0120190251618624 0.0126957762986422 0.00943399034440517 0.0105504803359509 0.0115547208115458 0.0175101663917303 0.0188981052488089 0.0183412861078978 0.0194975007325411 0.0288411192595959 0.029908237978816 0.0309920236468315 0.0354597307741642 0.0354725159704685 0.0507818758487701 0.0564452596008778 0.0680826306343079 0.0695336684584618 0.0697104260325432 0.0782054215669632 0.0796043425798416 0.0799227803945541 0.0581785142421722 0.0614238977432251 0.0516402162611485 0.053468007594347 0.0562797002494335 0.0624090582132339 0.0615360960364342 0.0615360960364342 0.082457147538662 0.114855125546455 0.144172370433807 0.177153170108795 0.162572696805 0.179013207554817 0.179602578282356 0.184169858694077 0.193318620324135 0.186954468488693 0.188924878835678 0.190012499690056 0.200125142931938 0.211819171905518 0.203183203935623
0.00503533566370606 0.00383291440084577 0.00300243124365807 0.00453465897589922 0.00731762265786529 0.0110206920653582 0.00911171548068523 0.00964833050966263 0.0106967883184552 0.0153752658516169 0.0158997718244791 0.016213933005929 0.0170160885900259 0.0195881221443415 0.0265300143510103 0.0274373851716518 0.0316423363983631 0.0369982421398163 0.0498298965394497 0.0703199207782745 0.067112997174263 0.064711220562458 0.0694117173552513 0.0776576027274132 0.0787631347775459 0.0806382596492767 0.060683224350214 0.0615199282765388 0.0532803535461426 0.0517406798899174 0.0624045133590698 0.0588489472866058 0.0615848116576672 0.0614147260785103 0.0823836922645569 0.10940258949995 0.136975631117821 0.142010092735291 0.162572696805 0.166050300002098 0.174594089388847 0.168856799602509 0.177534431219101 0.179593101143837 0.179593101143837 0.188937321305275 0.190514340996742 0.201000392436981 0.199997648596764
0.0030921392608434 0.00234113703481853 0.00161100225523114 0.0017107124440372 0.00339557789266109 0.00934771727770567 0.0133319292217493 0.0149965742602944 0.0141774332150817 0.014918614178896 0.0144530041143298 0.0141732757911086 0.0151529852300882 0.0166134778410196 0.0234084818512201 0.0242035016417503 0.0345531962811947 0.046713262796402 0.0538034178316593 0.0495068430900574 0.0602638721466064 0.0672476813197136 0.0720114037394524 0.0761552676558495 0.0777509137988091 0.0826363936066628 0.0635872632265091 0.0679167881608009 0.0508985184133053 0.0544782690703869 0.06568843126297 0.0626088082790375 0.0593505762517452 0.0784406587481499 0.0785078555345535 0.10396184027195 0.137284025549889 0.131556779146194 0.158566012978554 0.167063176631927 0.167643740773201 0.167346447706223 0.161148086190224 0.156273692846298 0.16232855618 0.171521529555321 0.181128054857254 0.191748857498169 0.203673213720322
0.00209009298123419 0.00107644009403884 0.000591173418797553 0.000534903723746538 0.0011423957766965 0.0048255231231451 0.017350884154439 0.014577604830265 0.0161840245127678 0.0168745275586843 0.0169447399675846 0.0152189265936613 0.0147164333611727 0.0197963584214449 0.0206982158124447 0.0290769319981337 0.0358648374676704 0.0463042706251144 0.0534382723271847 0.0649264752864838 0.062666691839695 0.0701766237616539 0.0711408853530884 0.075966440141201 0.0767256543040276 0.0781153067946434 0.0626900866627693 0.067058727145195 0.06582011282444 0.07545555382967 0.0832921266555786 0.0889042317867279 0.0836820900440216 0.0823146849870682 0.100325301289558 0.103965595364571 0.12706346809864 0.158573105931282 0.164162963628769 0.167999416589737 0.166992023587227 0.160334467887878 0.151693671941757 0.152075543999672 0.147913098335266 0.161673456430435 0.171044275164604 0.187944561243057 0.209209710359573
0.00174364144913852 0.000663981947582215 0.000340321945259348 0.000201020418899134 0.000715317379217595 0.00457382528111339 0.0180392898619175 0.021862680092454 0.0230398550629616 0.0226110555231571 0.0257394779473543 0.0251905918121338 0.02366635017097 0.0226209089159966 0.0214632786810398 0.0277194548398256 0.0313805565237999 0.0495524369180202 0.0495700724422932 0.0472204126417637 0.067513033747673 0.0717075616121292 0.0700861886143684 0.0674465596675873 0.0737847462296486 0.0773526951670647 0.0615342520177364 0.0633395165205002 0.0712313801050186 0.0754310935735703 0.105998441576958 0.106707751750946 0.118267953395844 0.110125929117203 0.103835396468639 0.127326712012291 0.131283074617386 0.158008024096489 0.158163592219353 0.161209806799889 0.159156113862991 0.152225807309151 0.151778310537338 0.139320626854897 0.138173952698708 0.146080255508423 0.162243649363518 0.185654982924461 0.187623292207718
0.00353237288072705 0.00116322480607778 0.000518472515977919 0.000351990485796705 0.00138875562697649 0.00575311249122024 0.0229838527739048 0.0283137001097202 0.0330872349441051 0.0334240719676018 0.03266317024827 0.0331653095781803 0.0317611061036587 0.0297788437455893 0.0299307871609926 0.0292904172092676 0.0292637273669243 0.0440109074115753 0.0465218350291252 0.0633346438407898 0.0633346438407898 0.0673061460256577 0.0625570043921471 0.0703419968485832 0.0749886780977249 0.0723129063844681 0.0776208192110062 0.0883272141218185 0.098355621099472 0.0996065437793732 0.101138547062874 0.111528605222702 0.110579080879688 0.140914887189865 0.127031698822975 0.124446697533131 0.149831131100655 0.149955004453659 0.159083917737007 0.164531722664833 0.145865276455879 0.150182783603668 0.131880238652229 0.132569342851639 0.126541838049889 0.133643746376038 0.152898043394089 0.161615207791328 0.175140708684921
0.00793189834803343 0.00330852367915213 0.00211952906101942 0.00225311936810613 0.00469894846901298 0.0157566014677286 0.0258707255125046 0.0317064635455608 0.0320950523018837 0.0321010798215866 0.0323663577437401 0.0332783162593842 0.0329124107956886 0.0460466593503952 0.04001459851861 0.0395469628274441 0.035922858864069 0.0377012267708778 0.0418425276875496 0.0571556240320206 0.0593492314219475 0.0609173737466335 0.0671352595090866 0.0721510872244835 0.0704091265797615 0.0679397433996201 0.0840647593140602 0.120135128498077 0.122161999344826 0.119767479598522 0.121772766113281 0.133833974599838 0.134344220161438 0.132437348365784 0.150559961795807 0.142221510410309 0.146137967705727 0.156706511974335 0.150073140859604 0.145170643925667 0.144353121519089 0.130801036953926 0.131484553217888 0.120877586305141 0.11911354213953 0.12577660381794 0.132131218910217 0.152022764086723 0.165017485618591
0.0109452474862337 0.010192628018558 0.00760781578719616 0.00937509350478649 0.0174341686069965 0.0219783838838339 0.0258972533047199 0.0390139669179916 0.0434161871671677 0.0404907204210758 0.0414788313210011 0.0420693196356297 0.0444292612373829 0.0590898431837559 0.0414784103631973 0.04111672565341 0.0375533811748028 0.0354078151285648 0.0393389165401459 0.0394980497658253 0.0413453876972198 0.0598475113511086 0.0581869520246983 0.0649984404444695 0.0622689574956894 0.0744483470916748 0.106950856745243 0.108754552900791 0.111245170235634 0.119100861251354 0.150567188858986 0.156928762793541 0.157555639743805 0.155729547142982 0.148180916905403 0.149840787053108 0.149043649435043 0.143082812428474 0.137579947710037 0.136803448200226 0.119258508086205 0.123439967632294 0.12120708078146 0.111902602016926 0.118531756103039 0.128887891769409 0.128952816128731 0.143361985683441 0.143338203430176
0.0131692532449961 0.0119836861267686 0.01190737914294 0.0124675314873457 0.0177835915237665 0.0227365363389254 0.0355389155447483 0.0384521298110485 0.0379377156496048 0.0385225564241409 0.0393371544778347 0.0382058471441269 0.0557079277932644 0.0588840432465076 0.0559642724692822 0.0413349978625774 0.0387947708368301 0.0384486839175224 0.0354735776782036 0.0367650128901005 0.0356881506741047 0.0500899218022823 0.0517245829105377 0.0607508905231953 0.0612384527921677 0.0726479813456535 0.0780418366193771 0.099855050444603 0.138270184397697 0.148510411381721 0.156002804636955 0.155773043632507 0.148296743631363 0.149626851081848 0.147489592432976 0.140537932515144 0.134361743927002 0.119242131710052 0.128657832741737 0.11636321246624 0.110127389431 0.110178641974926 0.105132929980755 0.105239316821098 0.111273162066936 0.122277125716209 0.123005956411362 0.12358895689249 0.147537186741829
0.0153268212452531 0.0143830580636859 0.0193715803325176 0.0190271716564894 0.0194768588989973 0.0228703506290913 0.0352888442575932 0.0394422374665737 0.0362755432724953 0.0366626046597958 0.0360247977077961 0.0394820347428322 0.0527346767485142 0.04857537150383 0.0532873794436455 0.0393163152039051 0.0352804735302925 0.0350098870694637 0.0369352959096432 0.0319184921681881 0.0338075235486031 0.0430291779339314 0.0498837418854237 0.0541260428726673 0.0603806711733341 0.063764825463295 0.0684531778097153 0.107808165252209 0.134980797767639 0.1436897367239 0.161329850554466 0.161893308162689 0.147285625338554 0.147582501173019 0.141197994351387 0.135601565241814 0.123048938810825 0.115710124373436 0.105453699827194 0.104905560612679 0.102130152285099 0.0933134332299232 0.0939415693283081 0.0985831022262573 0.108349502086639 0.121552310883999 0.122215159237385 0.123231001198292 0.13072295486927
0.022873941808939 0.0218997057527304 0.022032730281353 0.0213346481323242 0.0226199813187122 0.0217271186411381 0.03268988057971 0.0378262661397457 0.0364491976797581 0.0354726910591125 0.0373719520866871 0.0361116863787174 0.0377611629664898 0.0380286760628223 0.0342284515500069 0.0393895953893661 0.034053348004818 0.0321738831698895 0.0318311899900436 0.0301259215921164 0.0388767048716545 0.0422930680215359 0.0446542017161846 0.0508886463940144 0.0553126558661461 0.0645532310009003 0.0671185180544853 0.0975263565778732 0.136078476905823 0.147226884961128 0.149962916970253 0.143034279346466 0.156056076288223 0.138235330581665 0.139653488993645 0.126444756984711 0.111215606331825 0.104655332863331 0.0954360514879227 0.0973314195871353 0.0871138498187065 0.0860326662659645 0.0862218216061592 0.0909749493002892 0.0971190705895424 0.118678487837315 0.126091867685318 0.121596895158291 0.13467101752758
