data/climate_estimation/maxent_output/Clintonia_andrewsiana.asc
NCOLS 34 
NROWS 75 
XLLCORNER -124.25 
YLLCORNER 36 
CELLSIZE 0.0833333333333332 
NODATA_value -3.4e+38 
[rows 0 to 34 of 75, columns 0 to 33 of 34]
0.552702784538269 0.537891983985901 0.414276421070099 0.257181257009506 0.212639704346657 0.221249312162399 0.116521179676056 0.0616977773606777 0.0600277297198772 0.104700714349747 0.0784602835774422 0.0235747639089823 0.0285963881760836 0.0244678389281034 0.00672015640884638 0.0124551318585873 0.0198018234223127 0.00563772907480597 0.00353171094320714 0.00508243450894952 0.0268607623875141 0.0450171642005444 0.0348112434148788 0.0160412136465311 0.0177019089460373 0.0106886932626367 0.00589551590383053 0.00450791837647557 0.00369903049431741 0.00285712932236493 0.00283679459244013 0.00183138914871961 0.00128999771550298 0.000982772908173501
0.570316076278687 0.542333722114563 0.41965264081955 0.304509907960892 0.249253198504448 0.19353099167347 0.118390619754791 0.0412457026541233 0.0439051017165184 0.0592608451843262 0.102141171693802 0.0729284062981606 0.0456304959952831 0.0232264026999474 0.0112269856035709 0.010334032587707 0.0175588224083185 0.0429635308682919 0.0377650260925293 0.00704892026260495 0.00619991263374686 0.0237950496375561 0.00914911553263664 0.00915667694061995 0.00714808097109199 0.00716468458995223 0.00414420710876584 0.00388526287861168 0.0029241587035358 0.00299444212578237 0.00308130448684096 0.00189648719970137 0.00148735498078167 0.00101721205282956
0.566531181335449 0.551117718219757 0.482991009950638 0.306399911642075 0.236610770225525 0.199619427323341 0.100602552294731 0.0782028138637543 0.118333764374256 0.120634004473686 0.114873997867107 0.0834051668643951 0.0491735599935055 0.017097782343626 0.0238780826330185 0.0557532235980034 0.072632372379303 0.0573703199625015 0.0349563658237457 0.0101711144670844 0.0163127984851599 0.0121349478140473 0.00516649708151817 0.00560236442834139 0.00416881823912263 0.00379845430143178 0.00394617114216089 0.00388744240626693 0.00265123532153666 0.0026079413946718 0.00230134977027774 0.0017576547106728 0.00105535471811891 0.000865469744894654
0.557766139507294 0.575418829917908 0.526517748832703 0.336960673332214 0.263012617826462 0.183730110526085 0.115795329213142 0.127374768257141 0.146076232194901 0.0822241976857185 0.0779360085725784 0.0874398127198219 0.0671806409955025 0.0589812435209751 0.0588459260761738 0.0760869458317757 0.0263800024986267 0.0142683936282992 0.0182800143957138 0.00388979283161461 0.00283543113619089 0.00184386619366705 0.00199100142344832 0.00336208054795861 0.00373259419575334 0.00394425401464105 0.00255436170846224 0.00197075214236975 0.00220408313907683 0.00213250401429832 0.001815888681449 0.0014684806810692 0.000884866807609797 0.000684699276462197
0.491669088602066 0.582217693328857 0.549450159072876 0.418592602014542 0.289799869060516 0.174408063292503 0.150184139609337 0.15142160654068 0.113030575215816 0.0577600859105587 0.0475513786077499 0.0350115299224854 0.0328438244760036 0.0206692293286324 0.0149484798312187 0.0280081443488598 0.00747500639408827 0.00404600007459521 0.0033813004847616 0.00597537634894252 0.00173765467479825 0.00128038006369025 0.00265851919539273 0.00823478400707245 0.0106364907696843 0.00238747266121209 0.00167472974862903 0.00142446055542678 0.0020059971138835 0.00181089551188052 0.00151285494212061 0.00146121368743479 0.000962827063631266 0.000777529377955943
0.442126572132111 0.582996070384979 0.649327039718628 0.471057623624802 0.301386207342148 0.192778065800667 0.215226158499718 0.163305073976517 0.133256748318672 0.0688140243291855 0.0135031342506409 0.0270326156169176 0.0334717035293579 0.032850343734026 0.0108655076473951 0.00857763364911079 0.00645992578938603 0.00704779103398323 0.00335556804202497 0.00156598654575646 0.00151276413816959 0.00126259599346668 0.00231045670807362 0.00501770526170731 0.0108769554644823 0.00557524291798472 0.00141333986539394 0.00135544163640589 0.00241808011196554 0.0015813693171367 0.00154868420213461 0.00133459235075861 0.00122735649347305 0.00099261209834367
0.461298227310181 0.661719977855682 0.639835834503174 0.513374328613281 0.35066494345665 0.249734476208687 0.205261051654816 0.147612541913986 0.0806353539228439 0.0350423939526081 0.0314986258745193 0.0595452263951302 0.0711710155010223 0.055793434381485 0.0300372838973999 0.0217480883002281 0.0163025744259357 0.0147169716656208 0.00573132187128067 0.000914957839995623 0.000701759476214647 0.00123962853103876 0.00167355267331004 0.00380614097230136 0.0135684022679925 0.00509426044300199 0.00302074663341045 0.00220913020893931 0.0022865729406476 0.00214027590118349 0.00225651636719704 0.00212114467285573 0.00171271280851215 0.00118726491928101
-3.4e+38 0.650473654270172 0.651756584644318 0.473166286945343 0.340240120887756 0.243969142436981 0.223049536347389 0.126807391643524 0.0857972800731659 0.0391940772533417 0.0816983133554459 0.0693768411874771 0.101456955075264 0.0437058880925179 0.0482072234153748 0.00655348272994161 0.00356227578595281 0.00402500201016665 0.00550237763673067 0.00600094348192215 0.00148705090396106 0.00148312328383327 0.00215498963370919 0.00437166029587388 0.00803953781723976 0.00658185360953212 0.00396682322025299 0.00335205090232193 0.0029890681616962 0.00390494428575039 0.00351615552790463 0.00542245432734489 0.00479591358453035 0.00181044626515359
-3.4e+38 0.61676812171936 0.725223481655121 0.642069816589355 0.317268341779709 0.265945881605148 0.190134719014168 0.129591137170792 0.0612052343785763 0.0788522437214851 0.118051096796989 0.0907387658953667 0.0836248993873596 0.105141371488571 0.0680593922734261 0.0103757223114371 0.00274451007135212 0.00487285712733865 0.00882187392562628 0.00737746944651008 0.00228404742665589 0.00236117956228554 0.0039178254082799 0.0062814662232995 0.00675534270703793 0.015672605484724 0.011253041215241 0.00855017732828856 0.00516752013936639 0.00575455231592059 0.00482887215912342 0.00602706708014011 0.0048144324682653 0.00264163501560688
-3.4e+38 -3.4e+38 0.686440348625183 0.670649588108063 0.469121336936951 0.297906875610352 0.184142157435417 0.15690504014492 0.0757084563374519 0.0756667107343674 0.0706331133842468 0.058379627764225 0.0813493505120277 0.0770325884222984 0.0937262549996376 0.0501328445971012 0.00383359706029296 0.00500550214201212 0.0208835769444704 0.0152186471968889 0.0137084051966667 0.00671798922121525 0.00682068383321166 0.0149353370070457 0.0474657900631428 0.022036537528038 0.0136489141732454 0.0103397108614445 0.0075075700879097 0.00582378217950463 0.00411844532936811 0.00369428237900138 0.00286625092849135 0.00244816415943205
-3.4e+38 -3.4e+38 0.628551304340363 0.687321424484253 0.493599325418472 0.26077127456665 0.223314613103867 0.140057235956192 0.0939200595021248 0.0412290506064892 0.0424136333167553 0.099330946803093 0.104525931179523 0.0743099004030228 0.0615925118327141 0.0865110903978348 0.00921761151403189 0.00909123383462429 0.0123041206970811 0.0476860478520393 0.0630514100193977 0.0300969500094652 0.0177268367260695 0.0269587188959122 0.0394339039921761 0.0294246319681406 0.0145929250866175 0.0154783930629492 0.0107239177450538 0.00788284651935101 0.00653387140482664 0.00542489718645811 0.00393053470179439 0.00318911415524781
-3.4e+38 0.597540318965912 0.700971066951752 0.601771593093872 0.55675882101059 0.30480483174324 0.198703840374947 0.141572371125221 0.0489926040172577 0.0966307297348976 0.0412084199488163 0.0427601188421249 0.0584417879581451 0.0414610095322132 0.0545312762260437 0.0984487608075142 0.0342933349311352 0.0212308466434479 0.0398537591099739 0.0542341433465481 0.0646250173449516 0.0660754218697548 0.0350010395050049 0.0418111532926559 0.0402063615620136 0.0448902174830437 0.0437285751104355 0.0390728786587715 0.0318167470395565 0.0145619362592697 0.00981996301561594 0.00695053488016129 0.00477183191105723 0.00437207613140345
-3.4e+38 0.6336629986763 0.703362941741943 0.689850211143494 0.484798550605774 0.358517348766327 0.230296105146408 0.163880869746208 0.0982991605997086 0.12971493601799 0.100507229566574 0.0400955975055695 0.0253050625324249 0.0679022148251534 0.0671696737408638 0.0934807509183884 0.109387323260307 0.095217376947403 0.0760989934206009 0.0324173495173454 0.0767052918672562 0.0630331411957741 0.0519031956791878 0.0316200889647007 0.0390246249735355 0.0316783599555492 0.0398526005446911 0.0487361326813698 0.0382341369986534 0.0240508485585451 0.018272852525115 0.0116989901289344 0.00542740104719996 0.00430138455703855
-3.4e+38 0.722591578960419 0.769631206989288 0.696915090084076 0.490014225244522 0.336326062679291 0.291538774967194 0.154236629605293 0.160175532102585 0.166423782706261 0.131277874112129 0.117432899773121 0.0641700923442841 0.036900021135807 0.0554191283881664 0.112636975944042 0.0854283198714256 0.0578153654932976 0.0311857517808676 0.0500367321074009 0.0514877997338772 0.0599188543856144 0.0335665009915829 0.0382061004638672 0.0455776154994965 0.0402728728950024 0.0521247610449791 0.0462171845138073 0.0431853123009205 0.0385822206735611 0.0244240909814835 0.0172171145677567 0.00757779646664858 0.00407159281894565
-3.4e+38 0.736808478832245 0.819808721542358 0.702964186668396 0.599575459957123 0.342480331659317 0.293697416782379 0.177974119782448 0.139929428696632 0.173684239387512 0.079040639102459 0.0814890936017036 0.107063472270966 0.101255163550377 0.108396157622337 0.105673871934414 0.102059371769428 0.0909087061882019 0.0184524543583393 0.0292834769934416 0.0704355239868164 0.0589386932551861 0.00963229592889547 0.0420524515211582 0.0208834987133741 0.0506173595786095 0.0385194756090641 0.0155750634148717 0.0287398044019938 0.0597624033689499 0.0346742197871208 0.0139838308095932 0.00956468097865582 0.00385866570286453
-3.4e+38 0.751605451107025 0.825236260890961 0.78961718082428 0.571880280971527 0.344960182905197 0.252076476812363 0.159161448478699 0.118800036609173 0.129912748932838 0.0513607300817966 0.0725486353039742 0.112230367958546 0.0696346759796143 0.124129928648472 0.112375199794769 0.110226057469845 0.0461415089666843 0.0114625133574009 0.0267187375575304 0.0452209338545799 0.0063416906632483 0.0062771555967629 0.0229512117803097 0.00976829510182142 0.0173818096518517 0.0211658626794815 0.0223598871380091 0.0502717383205891 0.0615198351442814 0.0521278418600559 0.0153857981786132 0.0056931609287858 0.00509482063353062
0.66221159696579 0.76438969373703 0.882373452186584 0.888070940971375 0.574525654315948 0.409442573785782 0.284465879201889 0.175041422247887 0.0866975337266922 0.0796502307057381 0.080188199877739 0.0948633849620819 0.0947376042604446 0.036755096167326 0.0714323967695236 0.0876469016075134 0.0568481869995594 0.0141747472807765 0.0151059310883284 0.045227125287056 0.0403393469750881 0.00879065692424774 0.00246572168543935 0.00470378482714295 0.00825556274503469 0.00662964163348079 0.0114089548587799 0.0122154420241714 0.0687385201454163 0.0692419558763504 0.0667908638715744 0.0282129310071468 0.0111936684697866 0.0105974562466145
0.649371564388275 0.791066288948059 0.893624782562256 0.862948834896088 0.739364385604858 0.359885841608047 0.335803478956223 0.208798632025719 0.126538440585136 0.0951769128441811 0.0558817535638809 0.034725047647953 0.0617093108594418 0.0111554618924856 0.0337115190923214 0.0718230232596397 0.0177429411560297 0.0114896139129996 0.0398268960416317 0.0148567659780383 0.0205545425415039 0.0089042391628027 0.00170708529185504 0.0023770343977958 0.00387143087573349 0.0040151234716177 0.00613704696297646 0.0118876658380032 0.0593014732003212 0.0738111212849617 0.0690149515867233 0.0479915551841259 0.0301906745880842 0.0116946073248982
0.720604836940765 0.880832850933075 0.898573935031891 0.699204981327057 0.663643658161163 0.413318246603012 0.34141805768013 0.259581834077835 0.11629880219698 0.13464580476284 0.109967388212681 0.0649528875946999 0.0513297282159328 0.0811681672930717 0.0105586396530271 0.012758444994688 0.0102749299257994 0.0116360476240516 0.0295066293329 0.00827817432582378 0.0228034146130085 0.00255808397196233 0.00146296399179846 0.00200952612794936 0.00169416167773306 0.002335409168154 0.00388850108720362 0.0174851026386023 0.0685002654790878 0.0732358023524284 0.0720477476716042 0.0618183128535748 0.0425056591629982 0.0266307685524225
0.750190913677216 0.897740483283997 0.913818359375 0.824962139129639 0.634636104106903 0.489015579223633 0.32411777973175 0.275099664926529 0.231694683432579 0.067743606865406 0.0711723417043686 0.0554059036076069 0.0986303687095642 0.0649988800287247 0.0428124815225601 0.00881405267864466 0.0200388133525848 0.033667478710413 0.0392293445765972 0.0146301966160536 0.00300731020979583 0.00158221914898604 0.00114352838136256 0.00102019880432636 0.00139090151060373 0.00168310140725225 0.00256037013605237 0.00578436208888888 0.0217407234013081 0.0735646858811378 0.0696252658963203 0.0571916326880455 0.0524807386100292 0.0412314310669899
0.894691705703735 0.943211674690247 0.941762924194336 0.895243644714355 0.624688506126404 0.456029146909714 0.314880162477493 0.236108645796776 0.236800596117973 0.115526743233204 0.135194331407547 0.128080010414124 0.031676109880209 0.0341396890580654 0.0710235685110092 0.0508988983929157 0.0554864779114723 0.100504882633686 0.0495933517813683 0.0220203101634979 0.00287798303179443 0.00145016412716359 0.00126820139121264 0.00122974824625999 0.00115798751357943 0.0014289851533249 0.0025109441485256 0.00833254866302013 0.0359848812222481 0.0758517682552338 0.0810205936431885 0.0784477964043617 0.0697856247425079 0.0529318675398827
0.912295758724213 0.918456017971039 0.954700231552124 0.924534201622009 0.734934210777283 0.524835884571075 0.363262444734573 0.253124326467514 0.196793258190155 0.194300144910812 0.129449263215065 0.16642752289772 0.0785704776644707 0.0573342479765415 0.0873440280556679 0.100421957671642 0.0437256917357445 0.0174589566886425 0.00606994982808828 0.00228568026795983 0.00188919773790985 0.00161614688113332 0.0013508889824152 0.00145587930455804 0.00139522470999509 0.00184448296204209 0.00377984251827002 0.00918583944439888 0.0192970372736454 0.0568626262247562 0.0814832001924515 0.0824238657951355 0.0708145871758461 0.0750243067741394
0.920167088508606 0.912189483642578 0.893264889717102 0.893862187862396 0.743599474430084 0.518435180187225 0.332704901695251 0.268236070871353 0.285858958959579 0.197203680872917 0.171097353100777 0.123732879757881 0.134194150567055 0.17049166560173 0.0909374207258224 0.060296643525362 0.0134610142558813 0.00420415122061968 0.00315417069941759 0.00182986562140286 0.00195445353165269 0.00178947614040226 0.0016183138359338 0.00141352717764676 0.00112142320722342 0.00136588106397539 0.00212240009568632 0.00524024711921811 0.00891922414302826 0.04206208512187 0.0965602993965149 0.100940942764282 0.0971664562821388 0.0883585885167122
0.963068604469299 0.918440699577332 0.880429148674011 0.764332354068756 0.702015519142151 0.495107680559158 0.323374032974243 0.226705610752106 0.287334829568863 0.203207150101662 0.163439854979515 0.195399582386017 0.133446097373962 0.145692303776741 0.16360679268837 0.0769680961966515 0.0362915545701981 0.00529806734994054 0.00319456006400287 0.00262679508887231 0.0021051038056612 0.00177716440521181 0.0015616383170709 0.00154922506771982 0.000972150533925742 0.0016131098382175 0.00276161707006395 0.00795162562280893 0.0158017948269844 0.0457483902573586 0.112035840749741 0.107781194150448 0.0903295949101448 0.0823118612170219
0.905248939990997 0.921993136405945 0.942470192909241 0.738407075405121 0.65857195854187 0.478973835706711 0.347398489713669 0.132373675704002 0.156638473272324 0.244852647185326 0.108882121741772 0.115801505744457 0.1655483096838 0.152063801884651 0.194278359413147 0.206196546554565 0.150962740182877 0.0179761592298746 0.00375184370204806 0.00284052477218211 0.00206621619872749 0.00213194871321321 0.00127533683553338 0.00080452609108761 0.000633785908576101 0.00113840948324651 0.0031170689035207 0.00649762339890003 0.0166285280138254 0.0416355393826962 0.0922788232564926 0.133441582322121 0.130035936832428 0.108412265777588
0.914763152599335 0.906535565853119 0.880551099777222 0.829518556594849 0.635384023189545 0.440168261528015 0.342692345380783 0.194681242108345 0.153701931238174 0.134757995605469 0.100766852498055 0.112497188150883 0.153351172804832 0.227522432804108 0.247907221317291 0.229708284139633 0.139439418911934 0.117060028016567 0.0123516516759992 0.0047914469614625 0.00231399643234909 0.00136490887962282 0.000919461890589446 0.000647672452032566 0.000767026329413056 0.000907023495528847 0.00220584333874285 0.00780679518356919 0.0126800565049052 0.0313951745629311 0.0753538310527802 0.120768070220947 0.156417459249496 0.135363757610321
-3.4e+38 -3.4e+38 0.873512625694275 0.829486429691315 0.652007699012756 0.439759433269501 0.356693953275681 0.263839304447174 0.119286105036736 0.189118519425392 0.15866507589817 0.0772199481725693 0.169025614857674 0.239136382937431 0.267744779586792 0.269651651382446 0.245323449373245 0.23613229393959 0.118464186787605 0.00549418712034822 0.0021496843546629 0.00123523618094623 0.000869668729137629 0.00091762508964166 0.000922525476198643 0.00113051827065647 0.00174564437475055 0.00558628514409065 0.0113336993381381 0.0249323416501284 0.0863078087568283 0.157510831952095 0.182743340730667 0.186443388462067
-3.4e+38 -3.4e+38 0.872192203998566 0.758878350257874 0.700178861618042 0.510330140590668 0.420225828886032 0.295890867710114 0.244304418563843 0.106329903006554 0.0659661814570427 0.104401633143425 0.134981855750084 0.247028648853302 0.202555969357491 0.30777832865715 0.219241127371788 0.259148389101028 0.215068817138672 0.0089210057631135 0.00176795886363834 0.00116501352749765 0.000913323252461851 0.00105165259446949 0.00113353109918535 0.00140618928708136 0.00195982377044857 0.00321884476579726 0.0115261683240533 0.0331368781626225 0.0912444293498993 0.100301474332809 0.186760008335114 0.191987201571465
-3.4e+38 -3.4e+38 -3.4e+38 0.86213093996048 0.672552227973938 0.502626955509186 0.381511002779007 0.336450278759003 0.265751898288727 0.141135573387146 0.19913974404335 0.111165598034859 0.0850257948040962 0.125279039144516 0.128919586539268 0.312926203012466 0.183092683553696 0.15803200006485 0.0955127999186516 0.00509974267333746 0.00156066787894815 0.00117636856157333 0.000952858361415565 0.0013012292329222 0.0014579223934561 0.00183854601345956 0.00234322343021631 0.00334039400331676 0.00687939208000898 0.0179076585918665 0.0369796231389046 0.073808342218399 0.0624892041087151 0.187754407525063
-3.4e+38 -3.4e+38 -3.4e+38 -3.4e+38 0.820046126842499 0.582698941230774 0.42643404006958 0.38260293006897 0.261344432830811 0.220127031207085 0.138786822557449 0.062637023627758 0.0194035489112139 0.0388447307050228 0.081894613802433 0.171738654375076 0.219877451658249 0.150713220238686 0.16259677708149 0.0169079191982746 0.00179282401222736 0.00164397561457008 0.0015262549277395 0.0016693378565833 0.00190959626343101 0.00235256738960743 0.00296351709403098 0.00399943115189672 0.00612888718023896 0.0115384794771671 0.0220711585134268 0.0365804396569729 0.0726924389600754 0.0904724597930908
-3.4e+38 -3.4e+38 -3.4e+38 -3.4e+38 -3.4e+38 0.788753092288971 0.484776586294174 0.439709424972534 0.319660753011703 0.246550381183624 0.133568227291107 0.0805083811283112 0.0400933884084225 0.0394163057208061 0.182531625032425 0.198520913720131 0.336146265268326 0.240064516663551 0.0291466228663921 0.0221700128167868 0.00226978794671595 0.0020126267336309 0.00192990666255355 0.00204615364782512 0.00226861191913486 0.00279865832999349 0.00326560437679291 0.00266115204431117 0.0039542755112052 0.00559074291959405 0.00758840143680573 0.0198062360286713 0.0329851843416691 0.0483737923204899
-3.4e+38 -3.4e+38 -3.4e+38 -3.4e+38 -3.4e+38 0.786522507667542 0.722247064113617 0.504511594772339 0.361860573291779 0.228197187185287 0.159694626927376 0.180880293250084 0.157746016979218 0.0447596721351147 0.142657697200775 0.35903599858284 0.259631901979446 0.308129817247391 0.18031208217144 0.0144051183015108 0.00205578189343214 0.00209462642669678 0.00208993861451745 0.00234775431454182 0.00252177240327001 0.00179230177309364 0.00204538367688656 0.00257940031588078 0.0031286224257201 0.00436811707913876 0.00446425145491958 0.00495420536026359 0.0219727531075478 0.0349917821586132
-3.4e+38 -3.4e+38 -3.4e+38 -3.4e+38 -3.4e+38 0.763905227184296 0.756627380847931 0.632722675800323 0.419982939958572 0.302402853965759 0.208181723952293 0.165391534566879 0.141141057014465 0.254123657941818 0.15678545832634 0.367767781019211 0.231611534953117 0.241078287363052 0.29519721865654 0.0305738374590874 0.00267194537445903 0.00252537522464991 0.00247094198130071 0.00166687939781696 0.00161824771203101 0.00167513568885624 0.00179451832082123 0.00217954209074378 0.00240818574093282 0.00293789803981781 0.00330984289757907 0.00377082056365907 0.00565712712705135 0.0101565700024366
-3.4e+38 -3.4e+38 -3.4e+38 -3.4e+38 -3.4e+38 0.728525817394257 0.743188381195068 0.708086907863617 0.536433756351471 0.350292235612869 0.255591988563538 0.194249048829079 0.0985335186123848 0.135947957634926 0.282931089401245 0.0518151558935642 0.0797377750277519 0.298935085535049 0.329770535230637 0.0268382951617241 0.00222846143878996 0.00250512664206326 0.00147939810995013 0.00158328551333398 0.00145853287540376 0.00141717470251024 0.00150633393786848 0.00166139646898955 0.00178468634840101 0.00203159195370972 0.00239341123960912 0.00261471723206341 0.00361289689317346 0.00711693242192268
-3.4e+38 -3.4e+38 -3.4e+38 -3.4e+38 -3.4e+38 0.635698795318604 0.740479350090027 0.717769682407379 0.613858938217163 0.398007273674011 0.305621415376663 0.220293700695038 0.112517893314362 0.0498223714530468 0.104109436273575 0.0637008845806122 0.0449000000953674 0.34897854924202 0.280684739351273 0.017679937183857 0.00275441142730415 0.00335683743469417 0.00156770262401551 0.00136931415181607 0.00121101445984095 0.00114857836160809 0.00114797917194664 0.00123123789671808 0.00130980857647955 0.00149501126725227 0.00171291152946651 0.00216980348341167 0.00269951927475631 0.0042838673107326
