data/climate_estimation/maxent_output/Clintonia_umbellulata.asc
NCOLS 109 
NROWS 95 
XLLCORNER -87.1666666666667 
YLLCORNER 34.4166666666667 
CELLSIZE 0.0833333333333333 
NODATA_value -3.4e+38 
[rows 40 to 59 of 95, columns 0 to 43 of 109]
0.0655876770615578 0.0602397955954075 0.0752751678228378 0.0819233879446983 0.0870574116706848 0.115053065121174 0.128597185015678 0.150661960244179 0.172506541013718 0.179443970322609 0.19014048576355 0.145832419395447 0.1271643191576 0.115425631403923 0.121156319975853 0.110098637640476 0.103932909667492 0.102180957794189 0.145160257816315 0.154402583837509 0.161283656954765 0.169561177492142 0.198648169636726 0.19620181620121 0.176681339740753 0.173005416989326 0.180661678314209 0.170204758644104 0.177017271518707 0.189807459712029 0.194471791386604 0.18208634853363 0.172993078827858 0.183816179633141 0.177755206823349 0.22607858479023 0.243629574775696 0.224179208278656 0.238124713301659 0.2514668405056 0.266448169946671 0.268418282270432 0.246163010597229 0.222566694021225
0.0646309554576874 0.0689431875944138 0.0746020451188087 0.0798764303326607 0.101160958409309 0.114029161632061 0.124867290258408 0.146346539258957 0.152617737650871 0.177404642105103 0.186803728342056 0.159198522567749 0.144135922193527 0.14998272061348 0.131856247782707 0.135990127921104 0.129215434193611 0.109418049454689 0.134469568729401 0.129609853029251 0.150153800845146 0.193145126104355 0.194109961390495 0.189720302820206 0.188482314348221 0.18516893684864 0.193735539913177 0.181650474667549 0.161895141005516 0.18386797606945 0.19989013671875 0.197728961706161 0.176826566457748 0.195381075143814 0.195872932672501 0.196229010820389 0.233047276735306 0.248970121145248 0.228337377309799 0.241011887788773 0.258144199848175 0.259050130844116 0.248828738927841 0.230011761188507
0.0633272901177406 0.079594686627388 0.0854855850338936 0.0926017314195633 0.0985823720693588 0.104947790503502 0.136347621679306 0.147922471165657 0.163415819406509 0.163674578070641 0.140431761741638 0.139220520853996 0.138238996267319 0.127373829483986 0.130925387144089 0.124704293906689 0.124352425336838 0.124176748096943 0.131635189056396 0.127646625041962 0.141415253281593 0.147743314504623 0.138202220201492 0.177355423569679 0.165580496191978 0.16345576941967 0.175190672278404 0.176909521222115 0.172989800572395 0.187281772494316 0.205312818288803 0.201379910111427 0.180344894528389 0.181463435292244 0.212494894862175 0.199312373995781 0.203443482518196 0.220404133200645 0.200183942914009 0.214601427316666 0.239956319332123 0.230878666043282 0.230630710721016 0.221146896481514
0.0716898143291473 0.0769491791725159 0.083265908062458 0.0896094590425491 0.120377339422703 0.131301790475845 0.151368707418442 0.177716493606567 0.166455313563347 0.19290629029274 0.149406105279922 0.140955954790115 0.147401288151741 0.141904190182686 0.127732545137405 0.125056847929955 0.119489155709743 0.128276124596596 0.135328218340874 0.130622833967209 0.132024809718132 0.131016224622726 0.142286792397499 0.13293819129467 0.131355836987495 0.168058231472969 0.183813244104385 0.189546748995781 0.189546748995781 0.192563310265541 0.209059089422226 0.205619812011719 0.203188613057137 0.202695250511169 0.197213351726532 0.228016585111618 0.231264933943748 0.244773641228676 0.227628037333488 0.219367325305939 0.203572049736977 0.228963747620583 0.216425538063049 0.202859774231911
0.0725664496421814 0.0820305868983269 0.100028768181801 0.110764399170876 0.125304237008095 0.136687189340591 0.161377966403961 0.159894034266472 0.161029234528542 0.143546044826508 0.150029510259628 0.156026780605316 0.148153901100159 0.147811487317085 0.150168269872665 0.13564345240593 0.128998294472694 0.130553960800171 0.126438200473785 0.135566607117653 0.128940165042877 0.142309859395027 0.164716228842735 0.145571410655975 0.138750955462456 0.178225353360176 0.165865480899811 0.208824574947357 0.214375138282776 0.191239342093468 0.202593982219696 0.212279066443443 0.20108850300312 0.198348522186279 0.19813483953476 0.22149720788002 0.226051017642021 0.23078228533268 0.209464773535728 0.228268101811409 0.219978392124176 0.209665656089783 0.201534271240234 0.243251904845238
0.0727233588695526 0.0913346186280251 0.102233745157719 0.1090097874403 0.122078604996204 0.164721354842186 0.167413771152496 0.157544106245041 0.139485731720924 0.143946349620819 0.143241360783577 0.142233818769455 0.142393305897713 0.143358394503593 0.143358394503593 0.144938915967941 0.119475126266479 0.115649968385696 0.124946497380733 0.130350694060326 0.127588734030724 0.138252422213554 0.162608817219734 0.166592687368393 0.166969612240791 0.152597844600677 0.167119204998016 0.188421174883842 0.220724493265152 0.195509254932404 0.208322703838348 0.207178235054016 0.195663154125214 0.196973696351051 0.21630497276783 0.205692052841187 0.222212240099907 0.234460771083832 0.239123553037643 0.244280084967613 0.245786741375923 0.248630911111832 0.215917333960533 0.241998910903931
0.086935393512249 0.0913089141249657 0.0973241701722145 0.107828408479691 0.146860092878342 0.158846631646156 0.162428811192513 0.192953497171402 0.142075657844543 0.143441051244736 0.140357136726379 0.134396582841873 0.134021535515785 0.157812774181366 0.136620193719864 0.126243010163307 0.109468966722488 0.0967785194516182 0.103127732872963 0.109025850892067 0.111087650060654 0.124266043305397 0.130302354693413 0.150013357400894 0.142078340053558 0.142402455210686 0.160093545913696 0.171770766377449 0.187727481126785 0.173481196165085 0.167900189757347 0.173633545637131 0.171488538384438 0.201472446322441 0.21160064637661 0.174778044223785 0.216024950146675 0.219796165823936 0.182557553052902 0.253015965223312 0.207562312483788 0.180202797055244 0.184798166155815 0.240002781152725
0.0918584391474724 0.0913673713803291 0.0952570661902428 0.106374531984329 0.144548520445824 0.159326389431953 0.186873510479927 0.189267039299011 0.13523705303669 0.140749707818031 0.148975312709808 0.154451176524162 0.155234336853027 0.157885178923607 0.13467276096344 0.144076600670815 0.109283395111561 0.10832218080759 0.0988981053233147 0.11207627505064 0.120113343000412 0.126579880714417 0.127610355615616 0.159208193421364 0.171956494450569 0.147126123309135 0.147126123309135 0.13627952337265 0.166961774230003 0.177860990166664 0.170952558517456 0.175150156021118 0.177090734243393 0.166068732738495 0.166517749428749 0.176746025681496 0.19193971157074 0.194968000054359 0.179742753505707 0.187257543206215 0.200810506939888 0.202213168144226 0.216804444789886 0.232020303606987
0.093024671077728 0.107693530619144 0.11425644159317 0.118784964084625 0.140060380101204 0.145209684967995 0.190166294574738 0.180912733078003 0.140911981463432 0.156615361571312 0.147344678640366 0.145162880420685 0.139675363898277 0.146444052457809 0.155977576971054 0.11597117036581 0.0964484214782715 0.100351467728615 0.093960203230381 0.109050862491131 0.110257804393768 0.116390414535999 0.122611701488495 0.14668382704258 0.158378973603249 0.173672586679459 0.172667041420937 0.149976268410683 0.159523174166679 0.170801892876625 0.174428343772888 0.180851876735687 0.178120404481888 0.169595539569855 0.170815423130989 0.181306332349777 0.181103423237801 0.192317843437195 0.209622979164124 0.197038561105728 0.200018778443336 0.194843471050262 0.211379438638687 0.232638701796532
0.103107884526253 0.103867895901203 0.107751660048962 0.114907994866371 0.140784531831741 0.155170723795891 0.1732387393713 0.126528739929199 0.141626119613647 0.134581968188286 0.133132040500641 0.138071849942207 0.131450533866882 0.137879773974419 0.15265266597271 0.110491871833801 0.0914997532963753 0.0936260595917702 0.104746267199516 0.103678926825523 0.104893088340759 0.113763898611069 0.135081186890602 0.142787635326385 0.15515361726284 0.15924645960331 0.163012892007828 0.149989128112793 0.161535009741783 0.165235191583633 0.159921646118164 0.165131956338882 0.173297882080078 0.180938318371773 0.177712216973305 0.178978338837624 0.194465979933739 0.193051189184189 0.207581892609596 0.215087205171585 0.220115080475807 0.19794474542141 0.2029929459095 0.23507197201252
0.114591225981712 0.115227833390236 0.128310561180115 0.127746671438217 0.135023340582848 0.142340838909149 0.183600753545761 0.136782705783844 0.127623528242111 0.127729922533035 0.125581502914429 0.153891637921333 0.130863651633263 0.132299050688744 0.145784512162209 0.103557251393795 0.106178514659405 0.0896383821964264 0.105581916868687 0.109067715704441 0.102177187800407 0.126032307744026 0.128447741270065 0.135191485285759 0.147817045450211 0.153435751795769 0.189393922686577 0.178255096077919 0.162063449621201 0.16860993206501 0.188957795500755 0.197462290525436 0.175649508833885 0.17718817293644 0.184518471360207 0.18854184448719 0.192052632570267 0.207251325249672 0.215298891067505 0.223960220813751 0.211069762706757 0.19856233894825 0.196204334497452 0.218402042984962
0.0799123719334602 0.0845694094896317 0.122364342212677 0.123357139527798 0.124355487525463 0.124044105410576 0.139823034405708 0.12380488961935 0.124606557190418 0.158639743924141 0.156551197171211 0.150739073753357 0.148511499166489 0.158165499567986 0.14947085082531 0.133039236068726 0.12825433909893 0.109645918011665 0.0981447547674179 0.10838457942009 0.111067779362202 0.117606997489929 0.123766347765923 0.135209664702415 0.167353764176369 0.173356264829636 0.178400740027428 0.178514569997787 0.185162737965584 0.199084833264351 0.164768025279045 0.172915145754814 0.180939450860023 0.215069010853767 0.229567632079124 0.224242746829987 0.231049418449402 0.215298891067505 0.255815476179123 0.211791589856148 0.211893931031227 0.228798598051071 0.233417510986328 0.260346412658691
0.0795923694968224 0.099129818379879 0.0998483449220657 0.101975724101067 0.0872982665896416 0.121008530259132 0.127840742468834 0.12053269892931 0.15554204583168 0.168733030557632 0.169316589832306 0.162186056375504 0.158020973205566 0.149593383073807 0.153625324368477 0.14307501912117 0.135487839579582 0.102398835122585 0.121815450489521 0.106231138110161 0.121187902987003 0.127462908625603 0.133553385734558 0.133273974061012 0.159961357712746 0.173912703990936 0.171001717448235 0.182921305298805 0.179190397262573 0.184944286942482 0.200678616762161 0.181063398718834 0.210817039012909 0.222175553441048 0.217737838625908 0.230291157960892 0.236852526664734 0.243857637047768 0.240853026509285 0.252189338207245 0.226266890764236 0.270735770463943 0.275672852993011 0.262795150279999
0.0985396206378937 0.0992522463202477 0.102808341383934 0.104691565036774 0.110510185360909 0.116538502275944 0.136765316128731 0.154777616262436 0.152915552258492 0.157790809869766 0.157934755086899 0.172865629196167 0.173412054777145 0.163620010018349 0.164958655834198 0.153232917189598 0.1341283172369 0.120129227638245 0.138375505805016 0.143832832574844 0.123989902436733 0.136510953307152 0.160720318555832 0.165507361292839 0.162651523947716 0.167195349931717 0.175444796681404 0.172306016087532 0.182249054312706 0.189683109521866 0.19830010831356 0.206810340285301 0.20707768201828 0.201555520296097 0.201035365462303 0.206746309995651 0.211170092225075 0.206559017300606 0.224231988191605 0.242560908198357 0.265951007604599 0.286519557237625 0.316722899675369 0.306283175945282
0.112105324864388 0.119374886155128 0.122664518654346 0.133102938532829 0.141253188252449 0.149829924106598 0.151117831468582 0.151464208960533 0.165967673063278 0.209583342075348 0.199322104454041 0.20781584084034 0.187114730477333 0.176318466663361 0.180309399962425 0.178415924310684 0.168198242783546 0.118295520544052 0.12871216237545 0.131893917918205 0.143401369452477 0.13316909968853 0.154618605971336 0.159151658415794 0.173702925443649 0.178054064512253 0.205652058124542 0.214190289378166 0.216469243168831 0.195675373077393 0.191447094082832 0.189591154456139 0.192839369177818 0.205622375011444 0.207389548420906 0.22111114859581 0.215330302715302 0.21304078400135 0.248668357729912 0.284223079681396 0.293648034334183 0.287562429904938 0.303537309169769 0.281674057245255
0.109568946063519 0.122809112071991 0.12459871917963 0.136000856757164 0.14481820166111 0.156743705272675 0.167904138565063 0.166798308491707 0.204121589660645 0.201735198497772 0.21005879342556 0.186289072036743 0.203308761119843 0.186206743121147 0.190606594085693 0.186345428228378 0.195198550820351 0.174294397234917 0.126174703240395 0.134815499186516 0.152859643101692 0.157852277159691 0.165957435965538 0.206508085131645 0.216980010271072 0.227229818701744 0.218566358089447 0.228521034121513 0.232597842812538 0.219931676983833 0.218457385897636 0.227138981223106 0.22913022339344 0.242234200239182 0.257727384567261 0.227788746356964 0.232000485062599 0.25007900595665 0.242689356207848 0.287077039480209 0.35277134180069 0.35879385471344 0.334256589412689 0.306579768657684
0.102215781807899 0.122747801244259 0.131034567952156 0.140171602368355 0.149804040789604 0.153622105717659 0.202771559357643 0.184595733880997 0.193731591105461 0.208668500185013 0.206412568688393 0.214203849434853 0.222853362560272 0.185984089970589 0.179367169737816 0.186593055725098 0.195457026362419 0.209653109312057 0.175006896257401 0.145671710371971 0.154355496168137 0.161338955163956 0.206139877438545 0.224569171667099 0.221962004899979 0.242583200335503 0.286080330610275 0.254307508468628 0.259088277816772 0.23692399263382 0.235370352864265 0.24613581597805 0.256138175725937 0.256113022565842 0.261262834072113 0.277193784713745 0.2719447016716 0.294415801763535 0.312630176544189 0.318392813205719 0.330176770687103 0.33042961359024 0.29245388507843 0.283524662256241
0.124084286391735 0.134387478232384 0.142129227519035 0.137724876403809 0.172035500407219 0.178870007395744 0.191504791378975 0.205248206853867 0.214420884847641 0.211155027151108 0.208059504628181 0.215088069438934 0.195139661431313 0.179836258292198 0.179915055632591 0.184885665774345 0.191416651010513 0.195556163787842 0.191735103726387 0.184063792228699 0.185341879725456 0.183768540620804 0.20302115380764 0.222213327884674 0.279757350683212 0.287079423666 0.323653519153595 0.361229598522186 0.310680538415909 0.307189375162125 0.253547161817551 0.294172525405884 0.266361385583878 0.33018559217453 0.303041040897369 0.327704906463623 0.363069355487823 0.372791647911072 0.357959240674973 0.369071662425995 0.330023288726807 0.30502924323082 0.30669292807579 0.280589580535889
0.128459081053734 0.130389988422394 0.136986047029495 0.141601428389549 0.18783050775528 0.190919175744057 0.16947740316391 0.203939452767372 0.184970557689667 0.191039144992828 0.21875125169754 0.188343077898026 0.197618782520294 0.18367700278759 0.19274477660656 0.205371513962746 0.199599802494049 0.203953430056572 0.216587215662003 0.216587215662003 0.219970285892487 0.229108944535255 0.26303705573082 0.275601089000702 0.28474223613739 0.319713860750198 0.348753541707993 0.343606024980545 0.337791532278061 0.366612523794174 0.369411051273346 0.314366400241852 0.316178888082504 0.34497532248497 0.345472663640976 0.415797829627991 0.419552475214005 0.428124368190765 0.382481634616852 0.407286763191223 0.368661522865295 0.322678118944168 0.350559860467911 0.353031694889069
0.129932969808578 0.138819009065628 0.142941072583199 0.175898060202599 0.181597873568535 0.19378587603569 0.173656612634659 0.189331069588661 0.189331069588661 0.188481360673904 0.186978057026863 0.188283115625381 0.189615413546562 0.184243246912956 0.203714028000832 0.208961874246597 0.200604259967804 0.189703315496445 0.183824241161346 0.194609746336937 0.193053930997849 0.245893657207489 0.281308740377426 0.277604013681412 0.302054911851883 0.340916723012924 0.341332912445068 0.334721684455872 0.339591681957245 0.396014243364334 0.399298816919327 0.392527669668198 0.356239497661591 0.355150669813156 0.354194790124893 0.390496432781219 0.408895313739777 0.433688640594482 0.442098379135132 0.4298435151577 0.402226895093918 0.356232315301895 0.374534994363785 0.375333905220032
