data/climate_estimation/maxent_output/Clintonia_umbellulata.asc
NCOLS 109 
NROWS 95 
XLLCORNER -87.1666666666667 
YLLCORNER 34.4166666666667 
CELLSIZE 0.0833333333333333 
NODATA_value -3.4e+38 
[rows 0 to 19 of 95, columns 44 to 87 of 109]
0.017229774966836 0.0182349570095539 0.0214327685534954 0.0271892305463552 0.0309089031070471 0.0399088263511658 0.051626805216074 0.0601054206490517 0.0571555346250534 0.068790927529335 0.0683584362268448 0.0678881034255028 0.0758937075734138 0.0774615630507469 0.0959921255707741 0.0927663967013359 0.109797321259975 0.106653362512589 0.111853279173374 0.0963091030716896 0.100205205380917 0.104280211031437 0.0863070040941238 0.0902782753109932 0.0890905261039734 0.088498592376709 0.0875903144478798 0.0780890434980392 0.0957978516817093 0.0847285017371178 0.106979638338089 0.107459671795368 0.113736420869827 0.120527513325214 0.128607913851738 0.152990207076073 0.167391359806061 0.213753595948219 0.190802782773972 0.243085369467735 0.219281807541847 0.227464929223061 0.246039152145386 0.22254441678524
0.0223957002162933 0.0232362803071737 0.027690839022398 0.0330523364245892 0.0404649116098881 0.0501863956451416 0.0540132559835911 0.0658794417977333 0.0634802058339119 0.0611655153334141 0.071819081902504 0.0721023231744766 0.0693549141287804 0.083597831428051 0.0847860723733902 0.0903193801641464 0.0907351449131966 0.0990256816148758 0.111338913440704 0.0964009314775467 0.101064495742321 0.105561055243015 0.0885484293103218 0.0876054391264915 0.0867706015706062 0.0891017615795135 0.0758308172225952 0.0782563537359238 0.0793572217226028 0.0873982235789299 0.0876651182770729 0.097076416015625 0.09693843126297 0.121575258672237 0.128368407487869 0.139532864093781 0.177863866090775 0.18344458937645 0.201280772686005 0.210015952587128 0.232633888721466 0.242104321718216 0.223075672984123 0.254237800836563
0.0234651677310467 0.0265994518995285 0.0310730114579201 0.0400981940329075 0.0482515171170235 0.0503657311201096 0.0606475509703159 0.0638175308704376 0.0620222128927708 0.0624258182942867 0.0635470226407051 0.0718944147229195 0.0741001591086388 0.0727951973676682 0.0844575315713882 0.0869583562016487 0.0916142538189888 0.0993655472993851 0.0905410721898079 0.0979966595768929 0.10323503613472 0.0859794095158577 0.0858864262700081 0.0842225253582001 0.0884858965873718 0.0766842514276505 0.0774939432740211 0.0802499949932098 0.0803067982196808 0.0713129788637161 0.0781049877405167 0.0926250144839287 0.0840783342719078 0.109450526535511 0.109167486429214 0.117533043026924 0.152244165539742 0.168138310313225 0.175089344382286 0.190657764673233 0.213823303580284 0.236742675304413 0.299160778522491 0.321126401424408
0.0195146854966879 0.0267880521714687 0.0304551851004362 0.0382683500647545 0.0403715781867504 0.0504113622009754 0.0499200075864792 0.0596604757010937 0.0506362654268742 0.0608833320438862 0.0614360757172108 0.059978824108839 0.0640228167176247 0.0725893005728722 0.0752572640776634 0.0756890550255775 0.0901269391179085 0.0989455655217171 0.0902947261929512 0.0976026505231857 0.104203909635544 0.0989464968442917 0.0875927656888962 0.0859761014580727 0.075745478272438 0.0714104771614075 0.0739975199103355 0.0772283151745796 0.0811035856604576 0.072604589164257 0.0758778527379036 0.0803509578108788 0.084040492773056 0.0897308215498924 0.116048350930214 0.12429691106081 0.156354978680611 0.169732794165611 0.192518293857574 0.230961367487907 0.28189018368721 0.297334760427475 0.314955711364746 0.324974447488785
0.0183926597237587 0.0200386922806501 0.0286147687584162 0.0314309746026993 0.0396723859012127 0.0372338965535164 0.0394597686827183 0.0382858365774155 0.0455246306955814 0.045941423624754 0.0498184375464916 0.05855543166399 0.0627045929431915 0.063318133354187 0.076854832470417 0.0802078619599342 0.0810394063591957 0.0845438465476036 0.0913450717926025 0.0988270938396454 0.101072803139687 0.100237838923931 0.0888100042939186 0.0834296122193336 0.0691251456737518 0.0727587044239044 0.0757096111774445 0.0669759139418602 0.0694211274385452 0.0769950672984123 0.0798987224698067 0.0707561001181602 0.0755034238100052 0.0982357859611511 0.104257576167583 0.114884272217751 0.15598276257515 0.170130714774132 0.230447843670845 0.25355190038681 0.318970650434494 0.33027595281601 0.336331874132156 0.345256090164185
0.0170861072838306 0.0177417155355215 0.0200885143131018 0.0295422598719597 0.0311243515461683 0.0312587171792984 0.0299202241003513 0.0293294582515955 0.0298704504966736 0.0311905015259981 0.04030641913414 0.0493719354271889 0.0534390099346638 0.0673361197113991 0.0688051208853722 0.0789044722914696 0.0873811766505241 0.0895946845412254 0.0941276624798775 0.0978081077337265 0.106177777051926 0.101750873029232 0.089979961514473 0.0881872028112411 0.0712187513709068 0.0744465589523315 0.0619999095797539 0.0679817646741867 0.0735589638352394 0.0808077976107597 0.072212889790535 0.0796409547328949 0.0872867181897163 0.0999012887477875 0.13469585776329 0.180930361151695 0.192434072494507 0.241679593920708 0.268558353185654 0.280447363853455 0.296006113290787 0.349475979804993 0.30926913022995 0.316753327846527
0.0159933473914862 0.0176096688956022 0.0198874045163393 0.023193160071969 0.024046890437603 0.0242770742624998 0.0303481947630644 0.0290017351508141 0.029095683246851 0.030721066519618 0.0336264073848724 0.0430457256734371 0.0522403456270695 0.0552259758114815 0.0702661499381065 0.071011058986187 0.0723279565572739 0.090498112142086 0.0946666374802589 0.102999649941921 0.107218317687511 0.0903650522232056 0.0914200693368912 0.0904875248670578 0.075321227312088 0.0633051320910454 0.0649001821875572 0.0714725628495216 0.0821332484483719 0.0933495685458183 0.102951385080814 0.112748630344868 0.127425312995911 0.134890496730804 0.149681463837624 0.207248747348785 0.218164995312691 0.226880595088005 0.283354461193085 0.30608144402504 0.311441898345947 0.317142456769943 0.322724252939224 0.325440496206284
0.0159970764070749 0.0160356294363737 0.0188237186521292 0.0176843665540218 0.0189393796026707 0.0199364814907312 0.0202456153929234 0.0192279424518347 0.0191758275032043 0.025417311117053 0.0327169299125671 0.035971637815237 0.0486432164907455 0.0604993142187595 0.0612200722098351 0.0755973905324936 0.0728495866060257 0.0955388993024826 0.0975824370980263 0.10138350725174 0.109930664300919 0.113220036029816 0.0954251140356064 0.0969920083880424 0.0958275720477104 0.0800991877913475 0.0904413908720016 0.11145631223917 0.16853503882885 0.18239863216877 0.156632721424103 0.118675619363785 0.136967778205872 0.183973491191864 0.194621741771698 0.212853595614433 0.230987936258316 0.24229308962822 0.266112297773361 0.31091520190239 0.326574593782425 0.328579157590866 0.335898369550705 0.337566435337067
0.0170350354164839 0.0140573168173432 0.01500488165766 0.0159231070429087 0.0184391606599092 0.0165999066084623 0.02002277597785 0.0168044902384281 0.0159318260848522 0.0216026585549116 0.0293329544365406 0.0376598760485649 0.0482006594538689 0.0500143431127071 0.0629344880580902 0.0619916506111622 0.0748881623148918 0.0800744965672493 0.098848931491375 0.103579767048359 0.108396790921688 0.112803056836128 0.120349541306496 0.101886935532093 0.116009123623371 0.12334731221199 0.15607687830925 0.235255569219589 0.260500282049179 0.219738706946373 0.167954832315445 0.138385564088821 0.165042474865913 0.186545222997665 0.199634805321693 0.208454981446266 0.220649212598801 0.246720463037491 0.268335521221161 0.282910227775574 0.291066020727158 0.339444845914841 0.344477385282516 0.350462853908539
0.0143448524177074 0.015102076344192 0.0134009718894958 0.0140452571213245 0.0156834851950407 0.0175347365438938 0.017251018434763 0.0176893770694733 0.0196905080229044 0.0252565313130617 0.0271128825843334 0.0354952588677406 0.0426992997527122 0.0451700314879417 0.0516680330038071 0.0625328719615936 0.0635956004261971 0.0771106332540512 0.102825984358788 0.107371605932713 0.113475456833839 0.115410432219505 0.125504493713379 0.150773763656616 0.173725977540016 0.196260556578636 0.23285473883152 0.25435733795166 0.267802298069 0.260580062866211 0.185878679156303 0.142184644937515 0.154020458459854 0.184473618865013 0.185753211379051 0.203078404068947 0.231252744793892 0.244597062468529 0.281930953264236 0.293988227844238 0.300345420837402 0.30654576420784 0.308457612991333 0.312256902456284
0.0127714285627007 0.016805836930871 0.0142585905268788 0.0159060824662447 0.0176262632012367 0.018375888466835 0.0191886909306049 0.0205512475222349 0.0220134928822517 0.0236749518662691 0.0306232143193483 0.0372266992926598 0.0383103303611279 0.0492430813610554 0.0580555014312267 0.0663360133767128 0.0838394090533257 0.0849284753203392 0.0949536859989166 0.123639091849327 0.136839270591736 0.138209879398346 0.148738071322441 0.177474349737167 0.201140359044075 0.193864643573761 0.278799474239349 0.289645135402679 0.26408639550209 0.246848091483116 0.150655433535576 0.13202777504921 0.146732732653618 0.141046211123466 0.141073852777481 0.197002962231636 0.177351474761963 0.212727814912796 0.287358343601227 0.297800809144974 0.304597854614258 0.30856716632843 0.314367145299911 0.281165063381195
0.0144331734627485 0.0150566762313247 0.0167008899152279 0.0176355745643377 0.0186999514698982 0.0172683745622635 0.0232860874384642 0.0242731552571058 0.0284564569592476 0.0291687790304422 0.030141057446599 0.0359511151909828 0.045580767095089 0.060114748775959 0.0745282918214798 0.0861350521445274 0.0796236619353294 0.09455756098032 0.110748022794724 0.144636318087578 0.158524438738823 0.169225752353668 0.128375381231308 0.143652364611626 0.188925743103027 0.20646034181118 0.228910386562347 0.237502738833427 0.253420650959015 0.192890807986259 0.135883659124374 0.136463850736618 0.110809408128262 0.128387376666069 0.141619846224785 0.149845600128174 0.185811445116997 0.196415171027184 0.286356151103973 0.306571871042252 0.312463700771332 0.315094143152237 0.326848775148392 0.33165031671524
0.0163323748856783 0.0177932325750589 0.0179385542869568 0.0205538757145405 0.0212749596685171 0.024033335968852 0.0265039522200823 0.0293298196047544 0.0320163518190384 0.0327072367072105 0.0360205769538879 0.0443852692842484 0.0596785545349121 0.0553870424628258 0.0673991367220879 0.0814228281378746 0.0862869322299957 0.0918704494833946 0.119225196540356 0.136728331446648 0.142999038100243 0.153636768460274 0.148676693439484 0.14591309428215 0.190671980381012 0.168359264731407 0.214669540524483 0.236298128962517 0.231211975216866 0.170995056629181 0.131573751568794 0.106432266533375 0.100155882537365 0.123232446610928 0.144679218530655 0.15971340239048 0.166374623775482 0.196236565709114 0.288141220808029 0.305845469236374 0.317178100347519 0.321945607662201 0.327936381101608 0.336130946874619
0.0204412881284952 0.0217044595628977 0.0216344799846411 0.0251267310231924 0.0236106123775244 0.0340899601578712 0.0315982699394226 0.0346307680010796 0.0364873595535755 0.0372096560895443 0.040894441306591 0.0526596643030643 0.0632278472185135 0.0647380575537682 0.0748617276549339 0.0749469399452209 0.0835620015859604 0.0911421179771423 0.109473526477814 0.116917319595814 0.131541073322296 0.153683707118034 0.161959663033485 0.146558627486229 0.168953642249107 0.183907613158226 0.192579492926598 0.209625169634819 0.201554745435715 0.143895700573921 0.106128357350826 0.0846275463700294 0.0770167857408524 0.102061502635479 0.14301885664463 0.145113363862038 0.167381420731544 0.26402959227562 0.292269080877304 0.311899870634079 0.31495925784111 0.322460204362869 0.328779578208923 0.288564234972
0.0249117016792297 0.0254736058413982 0.027910228818655 0.0299442056566477 0.032000370323658 0.0383789986371994 0.0382802747189999 0.0403285883367062 0.0408913679420948 0.0416747182607651 0.0477897562086582 0.0511782690882683 0.0617407448589802 0.070739708840847 0.073063999414444 0.0867244452238083 0.0822503417730331 0.105787932872772 0.111340321600437 0.116799920797348 0.11722856760025 0.137912005186081 0.13737641274929 0.136836782097816 0.155587717890739 0.172009512782097 0.169776752591133 0.171076864004135 0.163550987839699 0.148495316505432 0.108277224004269 0.0912599191069603 0.0841385424137115 0.0943570509552956 0.102811112999916 0.153620347380638 0.161784529685974 0.251570045948029 0.277413725852966 0.30456531047821 0.313895583152771 0.318427562713623 0.324243754148483 0.326316922903061
0.0280219968408346 0.0284847859293222 0.0328047163784504 0.0317322537302971 0.0372325778007507 0.0448480285704136 0.0420405305922031 0.0447886437177658 0.0474784299731255 0.0492474436759949 0.0529237203299999 0.0536087490618229 0.0674004554748535 0.0684910118579865 0.0857015326619148 0.0869059711694717 0.100848324596882 0.0926064923405647 0.102748520672321 0.121966347098351 0.121379859745502 0.125526562333107 0.12753601372242 0.148618176579475 0.163934960961342 0.179287448525429 0.177715435624123 0.178751334547997 0.146428167819977 0.138802707195282 0.109137915074825 0.104759082198143 0.102202393114567 0.108394160866737 0.119058795273304 0.15168109536171 0.161969214677811 0.180723056197166 0.256717175245285 0.289977550506592 0.302019894123077 0.310449987649918 0.317408233880997 0.318923115730286
0.0301832258701324 0.0345706604421139 0.0318904556334019 0.033800695091486 0.0414529219269753 0.0424891784787178 0.0466636456549168 0.0529775805771351 0.0515102595090866 0.0546746887266636 0.055371880531311 0.0591846518218517 0.0733495578169823 0.0747068300843239 0.0929077118635178 0.0934130623936653 0.0921763107180595 0.0890395492315292 0.0906530320644379 0.102583810687065 0.102922908961773 0.108024097979069 0.107018366456032 0.137414366006851 0.15051257610321 0.186575099825859 0.159897863864899 0.159858390688896 0.151349991559982 0.145150348544121 0.149517059326172 0.129023611545563 0.127371087670326 0.124800182878971 0.135032042860985 0.171747505664825 0.176067590713501 0.189538732171059 0.246691033244133 0.265054732561111 0.278453946113586 0.29833111166954 0.309419393539429 0.312103241682053
0.0283914543688297 0.0277468524873257 0.0284600462764502 0.0378237254917622 0.043608658015728 0.0534158274531364 0.0519909486174583 0.0557094290852547 0.057431410998106 0.0577889755368233 0.0487975850701332 0.0615749396383762 0.0764790549874306 0.0846239849925041 0.0831440389156342 0.0867700651288033 0.101407319307327 0.082103855907917 0.0974823981523514 0.0952181741595268 0.0960256010293961 0.0955020412802696 0.11686185747385 0.121153779327869 0.154505029320717 0.155825912952423 0.165561318397522 0.183569923043251 0.177221015095711 0.163968473672867 0.17592741549015 0.185481145977974 0.14443975687027 0.138973191380501 0.171674430370331 0.16237847507 0.173270747065544 0.163449481129646 0.205850943922997 0.22818897664547 0.254181921482086 0.262299776077271 0.27399155497551 0.281349658966064
0.0342582799494267 0.0269471108913422 0.0342295542359352 0.0316622368991375 0.0385627523064613 0.0450662933290005 0.0544218793511391 0.0582898072898388 0.0636631920933723 0.0639473050832748 0.0550829917192459 0.0675455331802368 0.0740637183189392 0.089499369263649 0.0993718951940536 0.0930595919489861 0.0852600336074829 0.0894412845373154 0.0806193351745605 0.0885713398456573 0.0880366042256355 0.10893376916647 0.115397609770298 0.128343999385834 0.135900363326073 0.135739833116531 0.146499082446098 0.186618879437447 0.188598439097404 0.182683557271957 0.202103659510612 0.198594897985458 0.154028326272964 0.178570926189423 0.178570926189423 0.159784004092216 0.16842146217823 0.20793554186821 0.20061406493187 0.199854254722595 0.197348847985268 0.215618446469307 0.243631646037102 0.264036566019058
0.0284445267170668 0.033836729824543 0.0340505912899971 0.0299829002469778 0.0348811373114586 0.0431616120040417 0.0525685921311378 0.0602544248104095 0.0704655796289444 0.0613959580659866 0.0719264596700668 0.0763529241085052 0.0780834555625916 0.0805024206638336 0.100481241941452 0.105561383068562 0.0985283330082893 0.091505728662014 0.0871735513210297 0.095960296690464 0.10008180141449 0.12605282664299 0.122546195983887 0.115437164902687 0.143208980560303 0.148166596889496 0.150346666574478 0.145770505070686 0.157494425773621 0.172203212976456 0.216256588697433 0.198813647031784 0.196512266993523 0.168286204338074 0.184971407055855 0.175323814153671 0.194255143404007 0.182132795453072 0.164760246872902 0.19697268307209 0.207050874829292 0.208499133586884 0.238458350300789 0.249957546591759
