data/climate_estimation/maxent_output/Colchicum_bivonae.asc
NCOLS 293 
NROWS 115 
XLLCORNER 12 
YLLCORNER 32.75 
CELLSIZE 0.0833333333333333 
NODATA_value -3.4e+38 
[rows 0 to 21 of 115, columns 150 to 199 of 293]
0.0910991802811623 0.09678565710783 0.0977106690406799 0.0983947440981865 0.0877869203686714 0.0808310285210609 0.0849582701921463 0.0857908874750137 0.0792293399572372 0.0806529372930527 0.0753762274980545 0.0798282250761986 0.0811676383018494 0.343476206064224 0.345947563648224 0.338222086429596 0.361676573753357 0.363043367862701 0.394972652196884 0.415679901838303 0.423156231641769 0.438019096851349 0.474940448999405 0.509414315223694 0.532589972019196 0.6020348072052 0.582926273345947 0.68406343460083 0.749719142913818 0.802568078041077 0.831008553504944 0.826580345630646 0.877090334892273 0.881070375442505 0.82852429151535 0.855921149253845 0.86383843421936 0.888863801956177 0.901532888412476 0.904283940792084 -3.4e+38 -3.4e+38 -3.4e+38 -3.4e+38 -3.4e+38 -3.4e+38 -3.4e+38 -3.4e+38 -3.4e+38 -3.4e+38
0.0953016430139542 0.0952796265482903 0.103027649223804 0.0987842306494713 0.0950057432055473 0.0924554094672203 0.0885303616523743 0.0914888828992844 0.0893358066678047 0.0839722976088524 0.0868819355964661 0.0906443372368813 0.365222722291946 0.371171653270721 0.371865481138229 0.360486209392548 0.392213433980942 0.411445170640945 0.426212787628174 0.445146024227142 0.424525707960129 0.443193167448044 0.482331514358521 0.546308040618896 0.555571436882019 0.583093166351318 0.608219802379608 0.633379220962524 0.67043000459671 0.665135443210602 0.683505594730377 0.73052567243576 0.763523876667023 0.74373596906662 0.778585374355316 0.792776882648468 0.820079565048218 0.853373169898987 0.89146488904953 0.930612802505493 0.937071263790131 -3.4e+38 -3.4e+38 -3.4e+38 -3.4e+38 -3.4e+38 -3.4e+38 -3.4e+38 -3.4e+38 -3.4e+38
0.099461168050766 0.100588135421276 0.0994348451495171 0.106295526027679 0.0990675315260887 0.0999367982149124 0.0897883325815201 0.0929586067795753 0.0938610136508942 0.376731425523758 0.379469484090805 0.380319625139236 0.367071777582169 0.360163390636444 0.375348061323166 0.405661731958389 0.423624366521835 0.430140018463135 0.443677604198456 0.453150987625122 0.472624808549881 0.489650458097458 0.510622620582581 0.555234730243683 0.593264162540436 0.608548283576965 0.601207792758942 0.648734033107758 0.650432348251343 0.651498258113861 0.674076795578003 0.68942129611969 0.722969591617584 0.738911867141724 0.785933971405029 0.821422100067139 0.817381680011749 0.856704354286194 0.864681303501129 0.884542167186737 0.927268326282501 0.945560216903687 -3.4e+38 -3.4e+38 -3.4e+38 -3.4e+38 -3.4e+38 -3.4e+38 -3.4e+38 -3.4e+38
0.083879679441452 0.0797049775719643 0.0804870128631592 0.0926734954118729 0.106773853302002 0.0998631939291954 0.104975081980228 0.0976066142320633 0.374186813831329 0.388146311044693 0.401582896709442 0.379188716411591 0.406339257955551 0.427547693252563 0.43228542804718 0.444349497556686 0.474797874689102 0.477013915777206 0.446999311447144 0.442684262990952 0.460309058427811 0.448137164115906 0.525577008724213 0.563180863857269 0.587507247924805 0.592466115951538 0.605025112628937 0.595835268497467 0.627825021743774 0.645052134990692 0.656956732273102 0.608805656433105 0.60924905538559 0.727302134037018 0.746451675891876 0.799871444702148 0.83219450712204 0.88156932592392 0.895538032054901 0.916739046573639 0.91730123758316 0.932622373104095 0.966926693916321 -3.4e+38 -3.4e+38 -3.4e+38 -3.4e+38 -3.4e+38 -3.4e+38 -3.4e+38
0.0813348963856697 0.0763293951749802 0.0788568332791328 0.0818529650568962 0.0819895714521408 0.0942808836698532 0.106167018413544 0.406468123197556 0.360929608345032 0.37710165977478 0.390919774770737 0.394100517034531 0.437464088201523 0.461053222417831 0.482227832078934 0.489926964044571 0.525610089302063 0.527112662792206 0.515372514724731 0.520718932151794 0.481647998094559 0.475244671106339 0.506769716739655 0.587342143058777 0.609109401702881 0.58992463350296 0.576262533664703 0.606969952583313 0.628187239170074 0.663671255111694 0.700959622859955 0.666231036186218 0.616291999816895 0.650984227657318 0.702540874481201 0.705328345298767 0.795821726322174 0.850647449493408 0.857368409633636 0.898477494716644 0.927778959274292 0.930517554283142 0.974073767662048 -3.4e+38 -3.4e+38 -3.4e+38 -3.4e+38 -3.4e+38 -3.4e+38 -3.4e+38
0.0726612433791161 0.0856423154473305 0.0866094529628754 0.0863194018602371 0.0762424767017365 0.0797038897871971 0.0819109678268433 0.0939146280288696 0.341052114963531 0.369809091091156 0.425042271614075 0.454486936330795 0.464354127645493 0.5105961561203 0.532730519771576 0.524024963378906 0.561666250228882 0.555514395236969 0.585863292217255 0.597477614879608 0.58032500743866 0.582924544811249 0.585976362228394 0.610922157764435 0.636491298675537 0.614506125450134 0.656452178955078 0.652870833873749 0.664506852626801 0.700360178947449 0.714800179004669 0.736131906509399 0.709146559238434 0.720010876655579 0.745352447032928 0.733116388320923 0.815010130405426 0.791320145130157 0.830223023891449 0.869087219238281 0.926406562328339 0.950299799442291 0.957023024559021 -3.4e+38 -3.4e+38 -3.4e+38 -3.4e+38 -3.4e+38 -3.4e+38 -3.4e+38
0.0683316066861153 0.0803941115736961 0.0836484283208847 0.0822275951504707 0.0800087004899979 0.0789684876799583 0.0784885659813881 0.34513247013092 0.359762966632843 0.417926222085953 0.480985581874847 0.477230995893478 0.537492632865906 0.54725706577301 0.552459418773651 0.607033491134644 0.630434155464172 0.622321784496307 0.630862534046173 0.624402642250061 0.609788477420807 0.631908595561981 0.60929811000824 0.628114819526672 0.601990520954132 0.629575192928314 0.646821558475494 0.671987950801849 0.696276128292084 0.711126744747162 0.753978371620178 0.760723650455475 0.770831704139709 0.794342041015625 0.815003573894501 0.790450870990753 0.761785745620728 0.694537878036499 0.754101634025574 0.857826411724091 0.914648950099945 0.95014476776123 0.974322438240051 -3.4e+38 -3.4e+38 -3.4e+38 -3.4e+38 -3.4e+38 -3.4e+38 -3.4e+38
0.0905071794986725 0.0722816213965416 0.0793980434536934 0.0686917379498482 0.0660440251231194 0.0748017355799675 0.322466194629669 0.367302566766739 0.475512236356735 0.452452898025513 0.510423600673676 0.547099888324738 0.582891464233398 0.589981436729431 0.603566884994507 0.636107444763184 0.643864452838898 0.666398167610168 0.636634230613708 0.674736320972443 0.672121226787567 0.621964693069458 0.644774854183197 0.622454822063446 0.609898686408997 0.619965136051178 0.672036528587341 0.684743642807007 0.668194949626923 0.689545214176178 0.717060267925262 0.719795644283295 0.781536340713501 0.823403179645538 0.844854116439819 0.861965417861938 0.843765914440155 0.850858509540558 0.827614605426788 0.875610947608948 0.924904704093933 0.948355138301849 0.962130188941956 0.988211929798126 -3.4e+38 -3.4e+38 -3.4e+38 -3.4e+38 -3.4e+38 -3.4e+38
0.0649739727377892 0.073028028011322 0.0833817198872566 0.0844035744667053 0.082224428653717 0.311555355787277 0.371062397956848 0.44546702504158 0.488536864519119 0.565491557121277 0.652818500995636 0.639625608921051 0.627314984798431 0.679426252841949 0.705952286720276 0.698243677616119 0.697801351547241 0.743081271648407 0.740992963314056 0.732624351978302 0.744866967201233 0.709646582603455 0.691778004169464 0.672090351581573 0.649655342102051 0.668209254741669 0.675224542617798 0.692030370235443 0.696775436401367 0.699060618877411 0.681544780731201 0.711170256137848 0.753862261772156 0.817260086536407 0.865222096443176 0.885250210762024 0.901815950870514 0.897770822048187 0.894237995147705 0.90141236782074 0.937462270259857 0.962494432926178 0.971974670886993 0.975057601928711 -3.4e+38 -3.4e+38 -3.4e+38 -3.4e+38 -3.4e+38 -3.4e+38
0.0779565200209618 0.0882285609841347 0.347085922956467 0.357462882995605 0.435749441385269 0.43427899479866 0.517249763011932 0.49493345618248 0.561613023281097 0.639980614185333 0.699883341789246 0.681386172771454 0.742940306663513 0.754195630550385 0.737637102603912 0.691300094127655 0.689947724342346 0.748215436935425 0.795990228652954 0.813753366470337 0.807936072349548 0.785325884819031 0.792545318603516 0.768822550773621 0.740107297897339 0.738937079906464 0.738773763179779 0.749255120754242 0.732927322387695 0.702999770641327 0.689625203609467 0.689947545528412 0.730884850025177 0.810372412204742 0.855211853981018 0.880911886692047 0.923829197883606 0.938317477703094 0.946015775203705 0.959484100341797 0.950965821743011 0.959878146648407 0.957648277282715 0.959318220615387 0.986800372600555 0.994301676750183 -3.4e+38 -3.4e+38 -3.4e+38 -3.4e+38
0.388514250516891 0.351901084184647 0.35565510392189 0.428482115268707 0.464803814888 0.469207137823105 0.586643517017365 0.634489774703979 0.646987199783325 0.749901413917542 0.781397104263306 0.718171715736389 0.794628918170929 0.844412207603455 0.811545729637146 0.797139406204224 0.815809011459351 0.814801096916199 0.833638906478882 0.863596200942993 0.848244905471802 0.83469295501709 0.850127339363098 0.830543577671051 0.817582845687866 0.824191153049469 0.826336145401001 0.810539960861206 0.745088815689087 0.712522983551025 0.632359206676483 0.6419278383255 0.669032871723175 0.784425735473633 0.827559649944305 0.869209289550781 0.903163492679596 0.921692311763763 0.945107579231262 0.959002733230591 0.967382252216339 0.963163912296295 0.951708018779755 0.957044303417206 0.950922667980194 0.989479422569275 0.995120167732239 0.997003555297852 -3.4e+38 -3.4e+38
0.569880664348602 0.479511946439743 0.364835888147354 0.37848773598671 0.573523700237274 0.59624844789505 0.707106053829193 0.774463951587677 0.801157653331757 0.852177560329437 0.868349552154541 0.822760164737701 0.822774291038513 0.860453546047211 0.857344806194305 0.792356729507446 0.813721776008606 0.890119314193726 0.899901747703552 0.893157005310059 0.897264301776886 0.883732736110687 0.869534373283386 0.856487810611725 0.859374821186066 0.852822124958038 0.855939030647278 0.842843294143677 0.767017245292664 0.724257826805115 0.652380228042603 0.597201287746429 0.625469624996185 0.755045354366302 0.824683308601379 0.861678898334503 0.90147340297699 0.920770108699799 0.947081506252289 0.951199054718018 0.965871334075928 0.976268827915192 0.970712721347809 0.974616825580597 0.975131273269653 0.991474509239197 0.994728624820709 0.997142851352692 0.997431218624115 0.997784793376923
0.837554156780243 0.663194417953491 0.510029792785645 0.603232383728027 0.738104462623596 0.8268221616745 0.840257346630096 0.885252475738525 0.820903599262238 0.840521574020386 0.848115801811218 0.822377741336823 0.824333071708679 0.861481904983521 0.82818615436554 0.857430219650269 0.725967466831207 0.85103714466095 0.909566581249237 0.905372083187103 0.88735830783844 0.884493350982666 0.884538531303406 0.870862543582916 0.861303448677063 0.856171548366547 0.85294508934021 0.849252343177795 0.830609977245331 0.796082317829132 0.771989762783051 0.70841908454895 0.746428430080414 0.841197788715363 0.877460718154907 0.897581875324249 0.912121951580048 0.916923820972443 0.935546278953552 0.943133950233459 0.958682477474213 0.974443316459656 0.978628754615784 0.982087552547455 0.982531011104584 0.989369511604309 0.992826640605927 0.997068107128143 0.996074616909027 0.99735563993454
0.765835225582123 0.871317386627197 0.850875020027161 0.844371378421783 0.889800727367401 0.846795439720154 0.890032529830933 0.906258642673492 0.907741665840149 0.757346153259277 0.907951474189758 0.929426968097687 0.921880960464478 0.9412921667099 0.9202019572258 0.907710254192352 0.858980715274811 0.903767883777618 0.918416559696198 0.922754406929016 0.909916162490845 0.865591883659363 0.844946622848511 0.863774180412292 0.86564177274704 0.87155419588089 0.899679064750671 0.888381123542786 0.887452304363251 0.883672654628754 0.840067386627197 0.830874562263489 0.8690225481987 0.896480083465576 0.918461918830872 0.928464114665985 0.941453695297241 0.932255327701569 0.931152164936066 0.933143198490143 0.944446384906769 0.97084379196167 0.981234490871429 0.98567408323288 0.986737370491028 0.995482802391052 0.997680127620697 0.99864137172699 0.998187243938446 0.998677015304565
0.781333327293396 0.864395260810852 0.903699994087219 0.912419140338898 0.88844895362854 0.882307469844818 0.87993973493576 0.880482196807861 0.884775221347809 0.889928936958313 0.853386163711548 0.879625499248505 0.903705537319183 0.911219477653503 0.92654275894165 0.940927147865295 0.8685142993927 0.866219639778137 0.927662968635559 0.918685495853424 0.884665727615356 0.849779486656189 0.836909353733063 0.847186923027039 0.870970487594604 0.868822455406189 0.895654022693634 0.904903292655945 0.902298271656036 0.8963702917099 0.895274460315704 0.892599821090698 0.913500189781189 0.923462867736816 0.937017142772675 0.941549956798553 0.951473593711853 0.943889439105988 0.936867833137512 0.936221063137054 0.949498772621155 0.972094237804413 0.985854685306549 0.990782856941223 0.997807621955872 0.99824595451355 0.997400164604187 0.998367547988892 0.999583005905151 0.998632490634918
0.921115696430206 0.894326686859131 0.887328624725342 0.87892359495163 0.864648818969727 0.865578353404999 0.845096230506897 0.868268132209778 0.866444289684296 0.879462599754333 0.872284591197968 0.881153643131256 0.889789462089539 0.886857092380524 0.922377824783325 0.922825872898102 0.94203132390976 0.932490944862366 0.928437888622284 0.916433274745941 0.888064742088318 0.855403065681458 0.840086877346039 0.852253317832947 0.884181797504425 0.876005828380585 0.906409621238708 0.90531587600708 0.905652523040771 0.90660285949707 0.920172989368439 0.933937311172485 0.941250026226044 0.951010167598724 0.957012712955475 0.95691579580307 0.97004508972168 0.966212034225464 0.965553283691406 0.960850834846497 0.970166325569153 0.981568276882172 0.987912356853485 0.997556686401367 0.998455941677094 0.998800098896027 0.999310255050659 0.999298512935638 0.999482870101929 0.999194324016571
0.895403504371643 0.876956880092621 0.859596192836761 0.875966012477875 0.871072769165039 0.870706677436829 0.856874942779541 0.875257194042206 0.874923467636108 0.887297749519348 0.90050196647644 0.929616928100586 0.938124656677246 0.924265086650848 0.931781828403473 0.938317060470581 0.923086881637573 0.926905989646912 0.911159574985504 0.901167988777161 0.860736131668091 0.860349118709564 0.847042202949524 0.865716278553009 0.886805653572083 0.893579065799713 0.903666198253632 0.917523860931396 0.927943170070648 0.918797552585602 0.935312867164612 0.949007451534271 0.957698881626129 0.960924983024597 0.960681557655334 0.978636384010315 0.97926664352417 0.977556169033051 -3.4e+38 -3.4e+38 0.979364097118378 0.982761681079865 -3.4e+38 -3.4e+38 -3.4e+38 -3.4e+38 -3.4e+38 -3.4e+38 -3.4e+38 0.999615848064423
-3.4e+38 0.880339980125427 0.869837462902069 0.886920571327209 0.885875821113586 -3.4e+38 -3.4e+38 -3.4e+38 -3.4e+38 -3.4e+38 -3.4e+38 0.929531514644623 0.942275881767273 0.942075371742249 0.941661477088928 0.926040947437286 0.934228718280792 0.920892834663391 0.934536218643188 0.921583414077759 0.855796575546265 0.907414495944977 0.857152462005615 0.884739279747009 0.888850748538971 0.90743088722229 0.917628943920135 0.918591976165771 0.927449643611908 0.936550378799438 0.944040358066559 0.955668926239014 0.967342019081116 0.972040057182312 0.975657284259796 0.98524421453476 -3.4e+38 -3.4e+38 -3.4e+38 -3.4e+38 -3.4e+38 -3.4e+38 -3.4e+38 -3.4e+38 -3.4e+38 -3.4e+38 -3.4e+38 -3.4e+38 -3.4e+38 -3.4e+38
0.889356374740601 0.93616783618927 0.921589612960815 0.894860744476318 -3.4e+38 -3.4e+38 -3.4e+38 -3.4e+38 -3.4e+38 -3.4e+38 -3.4e+38 -3.4e+38 -3.4e+38 -3.4e+38 -3.4e+38 -3.4e+38 -3.4e+38 0.924666702747345 0.928804695606232 0.919501423835754 0.93455845117569 0.916330575942993 0.926830947399139 0.935029983520508 0.888979315757751 0.90950483083725 0.922769844532013 0.931354165077209 0.944903016090393 0.95248156785965 0.956153452396393 0.961916089057922 0.969131290912628 0.96775758266449 0.976513683795929 0.979080259799957 -3.4e+38 -3.4e+38 -3.4e+38 -3.4e+38 -3.4e+38 -3.4e+38 -3.4e+38 -3.4e+38 -3.4e+38 -3.4e+38 -3.4e+38 -3.4e+38 -3.4e+38 -3.4e+38
0.941813290119171 0.959489822387695 0.958676755428314 0.938325583934784 -3.4e+38 -3.4e+38 -3.4e+38 -3.4e+38 -3.4e+38 -3.4e+38 -3.4e+38 -3.4e+38 -3.4e+38 -3.4e+38 -3.4e+38 -3.4e+38 -3.4e+38 -3.4e+38 0.935358643531799 0.940944969654083 0.955687463283539 0.956992566585541 0.94159209728241 0.946587562561035 0.946191728115082 0.958542704582214 0.93159282207489 0.931838393211365 0.9738450050354 0.978665709495544 0.980665385723114 0.966440439224243 0.975727915763855 0.990724861621857 -3.4e+38 -3.4e+38 -3.4e+38 0.994619369506836 -3.4e+38 -3.4e+38 -3.4e+38 -3.4e+38 -3.4e+38 -3.4e+38 -3.4e+38 -3.4e+38 -3.4e+38 -3.4e+38 -3.4e+38 -3.4e+38
0.946819841861725 0.948378324508667 0.955400824546814 0.945624828338623 -3.4e+38 -3.4e+38 -3.4e+38 -3.4e+38 -3.4e+38 -3.4e+38 -3.4e+38 -3.4e+38 -3.4e+38 -3.4e+38 -3.4e+38 -3.4e+38 -3.4e+38 -3.4e+38 0.960165977478027 0.955680251121521 0.949731051921844 0.948726534843445 0.953558146953583 0.946055889129639 0.949957251548767 0.962615251541138 0.96479058265686 0.966734409332275 0.968745768070221 0.977086901664734 0.981857538223267 0.986684322357178 0.990671277046204 -3.4e+38 -3.4e+38 0.991949796676636 0.993239641189575 0.991644442081451 0.994950830936432 -3.4e+38 -3.4e+38 -3.4e+38 -3.4e+38 -3.4e+38 -3.4e+38 -3.4e+38 -3.4e+38 -3.4e+38 -3.4e+38 -3.4e+38
-3.4e+38 -3.4e+38 -3.4e+38 -3.4e+38 -3.4e+38 -3.4e+38 -3.4e+38 -3.4e+38 -3.4e+38 -3.4e+38 -3.4e+38 0.981787025928497 0.982009410858154 0.982976257801056 -3.4e+38 -3.4e+38 -3.4e+38 -3.4e+38 -3.4e+38 -3.4e+38 -3.4e+38 -3.4e+38 -3.4e+38 -3.4e+38 -3.4e+38 0.960079848766327 0.96370404958725 0.970163285732269 0.975306272506714 0.978309214115143 0.980388700962067 -3.4e+38 -3.4e+38 -3.4e+38 -3.4e+38 0.980828464031219 0.984122037887573 0.987746715545654 0.989236652851105 0.99136084318161 0.988807678222656 0.992829263210297 -3.4e+38 -3.4e+38 -3.4e+38 -3.4e+38 -3.4e+38 -3.4e+38 0.989418208599091 -3.4e+38
