data/climate_estimation/maxent_output/Colchicum_umbrosum.asc
NCOLS 176 
NROWS 41 
XLLCORNER 33.3333333333333 
YLLCORNER 41.5833333333333 
CELLSIZE 0.0833333333333333 
NODATA_value -3.4e+38 
[rows 0 to 21 of 41, columns 102 to 152 of 176]
0.0470175258815289 0.0471786931157112 0.0428496263921261 0.0389434844255447 0.0278598126024008 0.0217939298599958 0.0194809772074223 0.0146634913980961 0.0133459968492389 0.0111518250778317 0.00865986105054617 0.00870572496205568 0.00830033980309963 0.00838243030011654 0.00653328839689493 0.0054115611128509 0.00484224501997232 0.00388953625224531 0.00345367356203496 0.00319132092408836 0.0029615955427289 0.00296910642646253 0.00275905570015311 0.00256509683094919 0.00205278396606445 0.00211759563535452 0.00188072782475501 0.00184578052721918 0.00158336281310767 0.00164156348910183 0.00159509771037847 0.00141834397800267 0.00126798322889954 0.00115247315261513 0.00106969941407442 0.00106465013232082 0.000933088187593967 0.000895110890269279 0.000794643245171756 0.00076318479841575 0.000800193520262837 0.000783325463999063 0.000774142798036337 0.000762728566769511 0.000750338891521096 0.000684342230670154 0.000748729857150465 0.000716773851308972 0.00070179661270231 0.000697281677275896 0.000786204356700182
0.0536873377859592 0.050434485077858 0.045161034911871 0.0421586707234383 0.0329390466213226 0.0284213107079268 0.023199588060379 0.0180870722979307 0.0178435910493135 0.0128715801984072 0.00922211352735758 0.00869188457727432 0.00901105534285307 0.00782004836946726 0.00658605340868235 0.00536176236346364 0.00454434053972363 0.00427504535764456 0.003752974094823 0.00337552092969418 0.00340055418200791 0.00314103811979294 0.00265184347517788 0.00256389379501343 0.00268058688379824 0.00228573638014495 0.002092459006235 0.00176768261007965 0.00181822199374437 0.00153311854228377 0.00155710557010025 0.00144537212327123 0.00139580538962036 0.00136196718085557 0.00127303029876202 0.00107009860221297 0.00106737157329917 0.00107926793862134 0.00100899173412472 0.000937100616283715 0.000824320130050182 0.000844799855258316 0.000767220510169864 0.000807869306299835 0.000826004892587662 0.000807329430244863 0.000831967976409942 0.000746216624975204 0.000768423371482641 0.000876032805535942 0.000867157999891788
0.0516540817916393 0.0653241723775864 0.0603464841842651 0.0485349334776402 0.0341976583003998 0.026765963062644 0.0219829268753529 0.01852061226964 0.0171598922461271 0.0124223586171865 0.0101300729438663 0.0101338755339384 0.0102539947256446 0.00846831873059273 0.00707301683723927 0.00562780117616057 0.00479959510266781 0.0045567387714982 0.00367970671504736 0.00379816745407879 0.00342025398276746 0.0029833922162652 0.00287869619205594 0.00270808860659599 0.00261496030725539 0.00245158234611154 0.00233915890567005 0.00207388657145202 0.00198867288418114 0.00189375458285213 0.00169806578196585 0.00170287082437426 0.00161161681171507 0.00147587701212615 0.00136487802956253 0.00132482580374926 0.00121188664343208 0.00112303299829364 0.00100390147417784 0.00100390147417784 0.000990704284049571 0.000934802170377225 0.00086476665455848 0.000892375595867634 0.000927016662899405 0.00087548786541447 0.000831835903227329 0.000851698801852763 0.00101400970015675 0.00101082876790315 0.000915259297471493
0.0654429942369461 0.0600479543209076 0.0505352467298508 0.0474160797894001 0.0417864397168159 0.0351687856018543 0.02756074257195 0.0215520169585943 0.0186981074512005 0.0153186796233058 0.0114708282053471 0.012511882930994 0.0105196349322796 0.00825172290205956 0.00704503385350108 0.00603618752211332 0.00574533641338348 0.00521674379706383 0.00466331792995334 0.00419632252305746 0.00370445940643549 0.00357520021498203 0.00325708650052547 0.0029721085447818 0.00291943340562284 0.00267616775818169 0.0025707061868161 0.0021107797510922 0.0024026045575738 0.00248888973146677 0.00235706963576376 0.00223129382357001 0.00188584881834686 0.00178330251947045 0.00154643133282661 0.00142925605177879 0.00143380230292678 0.00129189633298665 0.0012911093654111 0.00105234154034406 0.00103633862454444 0.00094159395666793 0.00100972084328532 0.00108828546945006 0.000915700162295252 0.000914578442461789 0.000944278435781598 0.000952421745751053 0.00101063994225115 0.00102328532375395 0.00103798415511847
0.0820789188146591 0.0706519261002541 0.0632554516196251 0.0530076771974564 0.0456852801144123 0.0378495790064335 0.0307282693684101 0.0270695053040981 0.020411754027009 0.0163341388106346 0.0144316898658872 0.0142615614458919 0.0101750623434782 0.00940071605145931 0.0082605741918087 0.00711929006502032 0.00640019774436951 0.0055005457252264 0.00504418043419719 0.0045414543710649 0.00445310212671757 0.00397670641541481 0.00382266868837178 0.00390470982529223 0.00365626439452171 0.00335425930097699 0.00294382544234395 0.00286793755367398 0.00291415676474571 0.00270825973711908 0.00262757390737534 0.00232611573301256 0.00205910042859614 0.00198464514687657 0.00158783001825213 0.00151323573663831 0.00145500770304352 0.00142066588159651 0.00140871910843998 0.00127481203526258 0.00115187081974 0.00104850751813501 0.00112918438389897 0.00109325849916786 0.00110813719220459 0.00104725151322782 0.000932545284740627 0.000981878023594618 0.00104406476020813 0.0010114423930645 0.00107279128860682
0.104979507625103 0.0921444967389107 0.0819108039140701 0.0753390491008759 0.0673205927014351 0.0445001982152462 0.0419345200061798 0.0342619307339191 0.0246653836220503 0.0225524622946978 0.0177980866283178 0.0133561119437218 0.0115226693451405 0.00921496655791998 0.00815414171665907 0.00711364625021815 0.00639553694054484 0.0058760242536664 0.00555670820176601 0.00511880218982697 0.00543164648115635 0.00506459968164563 0.00491397967562079 0.0044243442825973 0.00376539048738778 0.00356090720742941 0.00355272903107107 0.0034035739954561 0.00330168846994638 0.00324434810318053 0.00262254057452083 0.00242281286045909 0.00235611549578607 0.00205629784613848 0.00196411041542888 0.00175516912713647 0.00158356467727572 0.00156658084597439 0.0013681601267308 0.00140109483618289 0.00131416833028197 0.0013571452582255 0.00116397312376648 0.0011344141094014 0.00111450569238514 0.00107230176217854 0.00113312364555895 0.0012859987327829 0.00120486156083643 0.00108647521119565 0.00117064372170717
0.140453740954399 0.126238688826561 0.114457555115223 0.0914406254887581 0.0791446939110756 0.0593120120465755 0.0495933778584003 0.0375625714659691 0.0297223534435034 0.0224759895354509 0.0207635257393122 0.0173250436782837 0.0138378366827965 0.0108565790578723 0.00894274841994047 0.0080358013510704 0.00761316576972604 0.00656183110550046 0.00649392884224653 0.00626808451488614 0.00557187665253878 0.00543970614671707 0.00496960338205099 0.00486656371504068 0.00453230319544673 0.00445143552497029 0.00410173134878278 0.00367119209840894 0.00334880803711712 0.00325728231109679 0.00334355467930436 0.00282632000744343 0.00293492851778865 0.00245091621764004 0.00213665957562625 0.00207693199627101 0.00187560264021158 0.001769999274984 0.00151440093759447 0.00151912891305983 0.00149591371882707 0.00135405780747533 0.00151981937233359 0.00147826864849776 0.00120771385263652 0.00121443718671799 0.00114927184768021 0.00124776037409902 0.00126436457503587 0.00132956902962178 0.00145117472857237
0.206350028514862 0.165248095989227 0.147574469447136 0.116412922739983 0.0935797840356827 0.0580226518213749 0.0541621819138527 0.0447192937135696 0.0354021154344082 0.0303548146039248 0.0229730606079102 0.0175109822303057 0.01487229578197 0.0134604228660464 0.0113890515640378 0.00924954004585743 0.0081831319257617 0.00745015544816852 0.00738094607368112 0.00736973527818918 0.00722736865282059 0.00670930091291666 0.00646229833364487 0.00567917013540864 0.00557604478672147 0.0052172876894474 0.004978081677109 0.00480451760813594 0.00445889635011554 0.00426140567287803 0.00372701068408787 0.00338511192239821 0.00298983766697347 0.0029794960282743 0.00230280123651028 0.00231056124903262 0.0020195588003844 0.00207289727404714 0.00185080163646489 0.00167127978056669 0.00162158766761422 0.00159344472922385 0.00153200980275869 0.00151258276309818 0.00147408631164581 0.0015300897648558 0.00122856255620718 0.00138596817851067 0.00132610241416842 0.00136299477890134 0.00152368436101824
0.272802382707596 0.230253785848618 0.18729555606842 0.142009258270264 0.0883038267493248 0.0709097608923912 0.0562404319643974 0.0588664934039116 0.0480892173945904 0.0363681800663471 0.0274014715105295 0.0222165882587433 0.0167099069803953 0.013229638338089 0.0106068914756179 0.00944407936185598 0.00984305050224066 0.0096094561740756 0.00891045853495598 0.00886684469878674 0.00882559549063444 0.00821731332689524 0.00869230553507805 0.00758677115663886 0.0072775729931891 0.00704837357625365 0.00588412536308169 0.00608165981248021 0.00544067285954952 0.00505794258788228 0.00429960014298558 0.00383944204077125 0.00321055040694773 0.00319944671355188 0.00286228093318641 0.00283239642158151 0.00223127310164273 0.00220532435923815 0.00204453594051301 0.00182190956547856 0.00198734574951231 0.00174652598798275 0.00166006793733686 0.00150637014303356 0.00157527171541005 0.0014449650188908 0.00154371873941272 0.00164778821635991 0.00136681867297739 0.00144629634451121 0.00144518900196999
0.316250324249268 0.199881717562675 0.237272590398788 0.165222033858299 0.128069072961807 0.105956986546516 0.0803228914737701 0.0745370611548424 0.0655927062034607 0.0484742149710655 0.0372285656630993 0.0318546406924725 0.0234187450259924 0.0177375022321939 0.0142564950510859 0.0120615623891354 0.0115166278555989 0.0119416257366538 0.011807375587523 0.0118466336280107 0.0101970992982388 0.010335011407733 0.00954017043113708 0.00951023679226637 0.00845551490783691 0.00832494907081127 0.00796765275299549 0.00706549361348152 0.00655590742826462 0.00600759964436293 0.0050854803994298 0.00482688657939434 0.00456793420016766 0.00379604962654412 0.00335202226415277 0.00278081186115742 0.00276581943035126 0.00250892690382898 0.00230829720385373 0.00204130820930004 0.0020191352814436 0.00202443660236895 0.00189107074402273 0.00166427996009588 0.00166263116989285 0.0016041814815253 0.00159691518638283 0.00164654315449297 0.00166636961512268 0.00172024045605212 0.00159532914403826
0.302867382764816 0.240587204694748 0.220843642950058 0.152283623814583 0.109702229499817 0.0869638323783875 0.0875327959656715 0.0693255588412285 0.0591473802924156 0.0549362599849701 0.0459739118814468 0.0381007343530655 0.0302555952221155 0.0280115194618702 0.0219732504338026 0.0177137348800898 0.0187127627432346 0.0174909140914679 0.0160860493779182 0.0149950413033366 0.0144453281536698 0.013652665540576 0.0135168610140681 0.0116785736754537 0.0109013672918081 0.0104762613773346 0.00955999922007322 0.00838467571884394 0.00741437030956149 0.00655523920431733 0.0064136371947825 0.00583126954734325 0.00481879152357578 0.00438071880489588 0.00384957320056856 0.00330341910012066 0.00285969488322735 0.00262652174569666 0.00254579354077578 0.00242708763107657 0.00216481904499233 0.00201237923465669 0.00197650236077607 0.002047203714028 0.00195807591080666 0.00175618438515812 0.00159491412341595 0.00169475469738245 0.00172753597144037 0.00183014501817524 0.00182851462159306
0.21829742193222 0.337121278047562 0.184886455535889 0.104758635163307 0.0712412223219872 0.0626174882054329 0.0525775104761124 0.0388848222792149 0.0324139781296253 0.0252419002354145 0.0255611818283796 0.0346824862062931 0.0351115763187408 0.0353970117866993 0.0354581661522388 0.0345062874257565 0.029440188780427 0.02621796913445 0.022404046729207 0.0215816106647253 0.0194880608469248 0.0197582151740789 0.0181539244949818 0.0158162042498589 0.0148975029587746 0.0132090868428349 0.0122467484325171 0.011259731836617 0.0086218249052763 0.00821172539144754 0.00751129817217588 0.00634655868634582 0.00569892162457108 0.0053928317502141 0.00431538186967373 0.00383007572963834 0.00343253649771214 0.00316612794995308 0.00294250808656216 0.00252099661156535 0.00244924752041698 0.00233783340081573 0.00224896217696369 0.00196463731117547 0.00207740906625986 0.00195112254004925 0.0020442116074264 0.00184764957521111 0.00181643781252205 0.00197746022604406 0.00194440269842744
0.350371152162552 0.230871319770813 0.163543984293938 0.115971900522709 0.0698438435792923 0.0655555352568626 0.0490408763289452 0.0423972569406033 0.0377993695437908 0.0305690411478281 0.0266652945429087 0.0260968338698149 0.0243275593966246 0.0285930670797825 0.0395665764808655 0.0408297888934612 0.0468908660113811 0.0427263490855694 0.0372213274240494 0.0341483801603317 0.0310044046491385 0.0278705637902021 0.0229611899703741 0.0207376051694155 0.019075583666563 0.0172013361006975 0.0158187132328749 0.0150659885257483 0.0110246641561389 0.0096617266535759 0.00939405616372824 0.00742018548771739 0.00722268363460898 0.00583366164937615 0.00509909447282553 0.00477766804397106 0.00372118805535138 0.00363818369805813 0.00326042762026191 0.00293303141370416 0.00264442758634686 0.00232537649571896 0.00245920126326382 0.00237915455363691 0.00211019907146692 0.00205465429462492 0.00208954676054418 0.00201359856873751 0.00210584257729352 0.00193958776071668 0.00220681540668011
0.503906786441803 0.188269421458244 0.0595973059535027 0.0543479323387146 0.0537359714508057 0.0508929416537285 0.0470214895904064 0.0446723625063896 0.0399158410727978 0.0355790741741657 0.0317113362252712 0.0277548879384995 0.0254558157175779 0.0266039036214352 0.0327487550675869 0.0392686054110527 0.05306151881814 0.0613145381212234 0.0619289986789227 0.0525313355028629 0.044462226331234 0.0370582528412342 0.0350594855844975 0.0306974183768034 0.0263462401926517 0.0226616803556681 0.0206000078469515 0.0165510810911655 0.0135796433314681 0.0131811648607254 0.0103052873164415 0.00937697943300009 0.00854054652154446 0.00696186162531376 0.00625359127297997 0.00492454878985882 0.00466834334656596 0.00396043760702014 0.00338261318393052 0.0032100488897413 0.00302749779075384 0.00279078353196383 0.00253153941594064 0.0024281800724566 0.00244835647754371 0.00237014307640493 0.00220598094165325 0.00210042181424797 0.00213724258355796 0.00218526599928737 0.00249989703297615
0.433026611804962 0.29958501458168 0.11619096249342 0.0432506762444973 0.011925108730793 0.0175585839897394 0.0145751908421516 0.014282732270658 0.0100193535909057 0.0185723919421434 0.0252209138125181 0.0295285750180483 0.0349720567464828 0.0369001999497414 0.036629032343626 0.0459435656666756 0.0639662891626358 0.0724079832434654 0.082909993827343 0.0822234377264977 0.0699023082852364 0.0562039948999882 0.0510798282921314 0.0410854667425156 0.0342283137142658 0.0299441497772932 0.0276509076356888 0.0211978200823069 0.0193513892591 0.0155721260234714 0.0139903742820024 0.0104007543995976 0.0094420975074172 0.00755239324644208 0.00752802053466439 0.00620576832443476 0.00535862985998392 0.00429662456735969 0.00414265831932425 0.00371886580251157 0.00315799028612673 0.00288694305345416 0.00272260443307459 0.0028128728736192 0.00253677810542285 0.00227212137542665 0.00231249514035881 0.0024227814283222 0.00210428074933589 0.00231991289183497 0.00248450576327741
0.358133912086487 0.244556903839111 0.0920551642775536 0.0765636712312698 0.0314061008393764 0.00987841933965683 0.00955241732299328 0.00349115906283259 0.00936565082520247 0.0160185247659683 0.0235402155667543 0.0389096140861511 0.0433654002845287 0.0529338084161282 0.0646673738956451 0.0702289640903473 0.072299525141716 0.090466596186161 0.101596102118492 0.129968494176865 0.112215310335159 0.0876728743314743 0.0751748830080032 0.0557548217475414 0.0477846264839172 0.0378944501280785 0.0319995433092117 0.0267034396529198 0.0227664839476347 0.0183898974210024 0.0157152842730284 0.0124330231919885 0.0111379055306315 0.00941345654428005 0.00662465859204531 0.00686563365161419 0.00571157550439239 0.0049253711476922 0.00488601811230183 0.00405270233750343 0.00350087764672935 0.00300529040396214 0.00287876650691032 0.00269875815138221 0.00270297541283071 0.00269738840870559 0.00217319023795426 0.00233545806258917 0.00239585875533521 0.00255972915329039 0.002538449363783
0.249229729175568 0.18428298830986 0.125303611159325 0.158604487776756 0.0496749393641949 0.0181261692196131 0.00634197099134326 0.00402231328189373 0.00677501177415252 0.0116944778710604 0.00855045020580292 0.00494140526279807 0.0204859394580126 0.0423270799219608 0.0553442351520061 0.0735129117965698 0.0849934294819832 0.10803247243166 0.148217752575874 0.155365869402885 0.183640748262405 0.131506443023682 0.0988304018974304 0.0837662145495415 0.0691438540816307 0.0522299036383629 0.0437585860490799 0.0375053733587265 0.0333209559321404 0.0246497001498938 0.0214252304285765 0.0185375101864338 0.0149497222155333 0.0101351113989949 0.00949524808675051 0.00755536323413253 0.00640949048101902 0.00558647653087974 0.0046521807089448 0.00440660258755088 0.00373420212417841 0.00328369438648224 0.00315891578793526 0.00283483788371086 0.00256568635813892 0.00263546104542911 0.00261939223855734 0.0023288931697607 0.0027444395236671 0.00283289491198957 0.0030342978425324
0.0296641197055578 0.0302180405706167 0.0469624027609825 0.116731390357018 0.0469816736876965 0.0231184493750334 0.0087775494903326 0.00413852464407682 0.00680404854938388 0.00638985866680741 0.00352905131876469 0.00619444763287902 0.00585505925118923 0.0141656259074807 0.0345243960618973 0.0887288302183151 0.116613738238811 0.0864301472902298 0.140391200780869 0.187770679593086 0.275746881961823 0.206755310297012 0.154997900128365 0.121088139712811 0.0971589386463165 0.0697915256023407 0.0593255646526814 0.051196176558733 0.0460199303925037 0.0369291715323925 0.0277326945215464 0.0249651204794645 0.0234399121254683 0.0203851126134396 0.0164182186126709 0.0164092294871807 0.0119346901774406 0.00986004993319511 0.0085009066388011 0.00693023111671209 0.00561312958598137 0.00455236248672009 0.00324265472590923 0.00341731682419777 0.0032844664528966 0.00276057282462716 0.00271304859779775 0.00275794905610383 0.00277328607626259 0.00273711630143225 0.0031524277292192
0.00485397968441248 0.00964200310409069 0.0358102433383465 0.0644079297780991 0.00799140799790621 0.00484076095744967 0.00178622151724994 0.00142127647995949 0.00346247269771993 0.00182401295751333 0.001692482852377 0.00294826040044427 0.00917507708072662 0.0630277320742607 0.109540089964867 0.0452533364295959 0.0770796090364456 0.110433153808117 0.106692224740982 0.204905435442924 0.322115927934647 0.338726013898849 0.291427463293076 0.21066452562809 0.153552338480949 0.116412878036499 0.0880354791879654 0.0676467642188072 0.055122509598732 0.0414224080741405 0.0428625755012035 0.0374445207417011 0.0394163951277733 0.0290573630481958 0.0181484315544367 0.013969236984849 0.011566991917789 0.0103381536900997 0.00898528285324574 0.00760837784036994 0.00736000528559089 0.00599140580743551 0.00519786635413766 0.00434731878340244 0.004192722029984 0.0036292823497206 0.00332540506497025 0.00295306160114706 0.00339034502394497 0.00301986001431942 0.00351189519278705
0.00595380878075957 0.015673752874136 0.00711693381890655 0.00545542733743787 0.0169699713587761 0.00282210949808359 0.0013101149816066 0.000931504706386477 0.00110652134753764 0.00133279548026621 0.00177791004534811 0.00226962333545089 0.0193004477769136 0.0138290310278535 0.0262747965753078 0.0415360741317272 0.0533338487148285 0.0245922990143299 0.126950472593307 0.252965778112411 0.24732381105423 0.291214913129807 0.359166115522385 0.346083909273148 0.279964298009872 0.183733254671097 0.133157089352608 0.103295601904392 0.0772115960717201 0.0643343478441238 0.0820128843188286 0.0610193274915218 0.0527725256979465 0.0438178740441799 0.0299321245402098 0.0260092448443174 0.0210467427968979 0.0148004200309515 0.0134826125577092 0.0107826674357057 0.00805895868688822 0.00622284086421132 0.0050870394334197 0.00494813499972224 0.00423410348594189 0.00364376278594136 0.00345849967561662 0.00357492826879025 0.00359850097447634 0.00396450981497765 0.0039039549883455
0.00644975295290351 0.0136570734903216 0.0114187588915229 0.00404969416558743 0.00738003849983215 0.00600492581725121 0.00197845045477152 0.00169965927489102 0.00232043932192028 0.00344911962747574 0.00955394469201565 0.0088732186704874 0.00189516972750425 0.0013228349853307 0.00249387021176517 0.0206408314406872 0.0134056527167559 0.0106786014512181 0.171963706612587 0.253835320472717 0.363061398267746 0.378679245710373 0.364281088113785 0.350843399763107 0.3236183822155 0.335521697998047 0.237473994493484 0.216141670942307 0.131598606705666 0.105591975152493 0.0682869628071785 0.0561126545071602 0.0496381148695946 0.0476706363260746 0.0412217453122139 0.0317067988216877 0.0213028583675623 0.0168760064989328 0.0120735615491867 0.00910014659166336 0.00748784001916647 0.00637789629399776 0.00554917007684708 0.00540531706064939 0.00480864429846406 0.00382953113876283 0.00387787097133696 0.00362188694998622 0.00383301824331284 0.00392465060576797 0.0040527107194066
0.033391572535038 0.0192825589329004 0.0084302481263876 0.00541011663153768 0.00774447806179523 0.00946441572159529 0.00476104440167546 0.00297611928544939 0.00310874008573592 0.00549581181257963 0.0022290435153991 0.00220572482794523 0.00142060883808881 0.00317696901038289 0.00655725644901395 0.00868273247033358 0.00903220940381289 0.0454901531338692 0.015700863674283 0.108065836131573 0.33219987154007 0.369514912366867 0.37547779083252 0.390501469373703 0.395222991704941 0.381163746118546 0.349518865346909 0.261744946241379 0.152973234653473 0.11860029399395 0.078516311943531 0.0688015073537827 0.0563249178230762 0.0487178675830364 0.0410583801567554 0.0331031605601311 0.0410919971764088 0.0394641235470772 0.0216223709285259 0.0139493867754936 0.00916057731956244 0.00667938822880387 0.00575672229751945 0.00614106003195047 0.00508159678429365 0.00464939558878541 0.00465186592191458 0.00490749021992087 0.00461455062031746 0.00538273248821497 0.00544300954788923
