data/climate_estimation/maxent_output/Colchicum_cupanii.asc
NCOLS 263 
NROWS 97 
XLLCORNER 4.91666666666667 
YLLCORNER 35.6666666666667 
CELLSIZE 0.0833333333333333 
NODATA_value -3.4e+38 
[rows 24 to 47 of 97, columns 165 to 219 of 263]
-3.4e+38 -3.4e+38 -3.4e+38 -3.4e+38 -3.4e+38 -3.4e+38 -3.4e+38 -3.4e+38 -3.4e+38 -3.4e+38 0.552679836750031 0.491283476352692 0.337387353181839 0.229364275932312 0.184956401586533 0.1908238530159 0.0965110957622528 0.0261307768523693 0.017633568495512 0.0474941059947014 0.0647128969430923 0.0259427260607481 0.0117262806743383 0.0209992751479149 0.0166524406522512 0.0188430119305849 0.0272732675075531 0.0258381254971027 0.0151466224342585 0.0177133083343506 0.0187854580581188 0.0141431307420135 0.00717523461207747 0.0116069996729493 0.0140046710148454 0.0115400291979313 0.00836104061454535 0.00798418372869492 0.0087943971157074 0.00818213820457458 2.25037453560617e-07 2.24716089292087e-07 3.48284203255389e-07 0.00946796778589487 0.011027418076992 0.0108402855694294 0.0127056734636426 0.0137962903827429 0.0129735032096505 0.0127443987876177 0.0132343806326389 0.00314600626006722 0.00345431664027274 0.0118053341284394 0.00166776811238378
-3.4e+38 -3.4e+38 -3.4e+38 -3.4e+38 -3.4e+38 -3.4e+38 -3.4e+38 -3.4e+38 -3.4e+38 -3.4e+38 0.56400203704834 0.532922863960266 0.410018801689148 0.143418341875076 0.137387111783028 0.195636093616486 0.166768535971642 0.066873200237751 0.0305254049599171 0.0338671542704105 0.0537143647670746 0.0461971536278725 0.0143030602484941 0.0208940654993057 0.0116785923019052 0.0110205495730042 0.0221198722720146 0.0272088777273893 0.0181032996624708 0.0167247373610735 0.0197172723710537 0.0161842163652182 0.0115416897460818 0.0158920735120773 0.0151402428746223 0.0108538055792451 0.00909211672842503 0.00897863693535328 0.00833330489695072 0.00767820794135332 0.00746395904570818 0.00800738949328661 0.00781792681664228 0.00856063049286604 0.00887911766767502 0.00770707754418254 0.00867569074034691 0.0117202857509255 0.0113956984132528 0.013533391058445 0.0132707823067904 0.00281187309883535 0.002366928383708 0.0138866472989321 0.016882261261344
-3.4e+38 -3.4e+38 -3.4e+38 -3.4e+38 -3.4e+38 -3.4e+38 -3.4e+38 -3.4e+38 -3.4e+38 0.648653447628021 0.592620730400085 0.577161848545074 0.456794530153275 0.159611135721207 0.0629462897777557 0.0824431255459785 0.157019406557083 0.0974549427628517 0.0218264423310757 0.0348105430603027 0.0490265637636185 0.0654793381690979 0.0364874713122845 0.0293708518147469 0.0226026996970177 0.0118802562355995 0.0223542395979166 0.0343245267868042 0.0283972565084696 0.0176343321800232 0.0201582908630371 0.0178268626332283 0.0162079725414515 0.0154838534072042 0.0155649222433567 0.012018034234643 0.0103616751730442 0.0122771253809333 0.00911214854568243 0.00763089302927256 0.0074758785776794 0.00736775901168585 0.00804774928838015 0.00978680700063705 0.00780755374580622 0.00911262165755033 0.00878881290555 0.00787643622606993 0.00973108038306236 0.0130768194794655 0.0154586294665933 0.0154707925394177 0.0144209107384086 0.0141502721235156 0.0183979980647564
-3.4e+38 -3.4e+38 -3.4e+38 -3.4e+38 -3.4e+38 -3.4e+38 -3.4e+38 -3.4e+38 -3.4e+38 0.756263136863708 0.673030018806458 0.53565788269043 0.506216645240784 0.329716622829437 0.168104529380798 0.0923470184206963 0.063474677503109 0.0908707305788994 0.0404516831040382 0.0214127451181412 0.0444787926971912 0.0533205084502697 0.0509525313973427 0.018413757905364 0.0144607471302152 0.0311159919947386 0.0313344486057758 0.0336587876081467 0.0297885928303003 0.025555394589901 0.0173652712255716 0.0189313683658838 0.0197839010506868 0.0171594861894846 0.015848733484745 0.0147098479792476 0.0135939875617623 0.0110068200156093 0.00857471488416195 0.00789255555719137 0.00772693660110235 0.00765654072165489 0.00793734472244978 0.00901242718100548 0.00860404595732689 0.00872812699526548 0.00924003683030605 0.00793122779577971 0.00967730581760406 0.0104658231139183 0.0113758407533169 0.0129363033920527 0.0144459037110209 0.015550734475255 0.0206916537135839
-3.4e+38 -3.4e+38 -3.4e+38 -3.4e+38 -3.4e+38 -3.4e+38 -3.4e+38 -3.4e+38 -3.4e+38 0.741008818149567 0.705803632736206 0.555336594581604 0.532852292060852 0.42818894982338 0.220890209078789 0.115282282233238 0.0374198816716671 0.0336220189929008 0.0377340912818909 0.0300627872347832 0.0392824821174145 0.0325995348393917 0.029749933630228 0.0354217626154423 0.0194381196051836 0.03206467628479 0.0287720076739788 0.0262623857706785 0.0264081284403801 0.0191186796873808 0.017809059470892 0.0184740107506514 0.0185168292373419 0.0176240522414446 0.0154056996107101 0.0152828693389893 0.0147604020312428 0.0121485060080886 0.0121147632598877 0.00834955740720034 0.00986077915877104 0.00993632525205612 0.00754440808668733 0.0077388659119606 0.0080508291721344 0.0079626115038991 0.00876728724688292 0.00951637793332338 0.00980702508240938 0.0125178629532456 0.0141071937978268 0.0166919101029634 0.0179316774010658 0.019024295732379 0.0207760650664568
-3.4e+38 -3.4e+38 -3.4e+38 -3.4e+38 -3.4e+38 -3.4e+38 -3.4e+38 -3.4e+38 -3.4e+38 0.737466812133789 0.714026093482971 0.596673250198364 0.489707976579666 0.417302757501602 0.327865898609161 0.169499903917313 0.100692637264729 0.0525310412049294 0.0652147233486176 0.0820093080401421 0.03903678804636 0.025610139593482 0.0200814306735992 0.0485438443720341 0.0351749137043953 0.0395935215055943 0.0355194695293903 0.0223610047250986 0.0272512342780828 0.0303863771259785 0.0209399666637182 0.0198757480829954 0.019876865670085 0.0166163127869368 0.0159908272325993 0.0142634175717831 0.0148772541433573 0.0130472565069795 0.0110296262428164 0.0111106354743242 0.0119182541966438 0.00939200911670923 0.00992943253368139 0.00970786344259977 0.00835892278701067 0.00910077802836895 0.00995195750147104 0.00986570958048105 0.0111102862283587 0.0121901668608189 0.0133524909615517 0.0159668866544962 0.0187360160052776 0.0203554686158895 0.0215336177498102
-3.4e+38 -3.4e+38 -3.4e+38 -3.4e+38 -3.4e+38 -3.4e+38 -3.4e+38 -3.4e+38 -3.4e+38 0.722034513950348 0.73295134305954 0.616118848323822 0.473405033349991 0.388171285390854 0.285656541585922 0.198608294129372 0.125791519880295 0.0939625948667526 0.0983872190117836 0.142857328057289 0.067000225186348 0.0188159458339214 0.0207415129989386 0.0567115843296051 0.0569217689335346 0.0464538000524044 0.0356480367481709 0.024820227175951 0.0174996368587017 0.0258104428648949 0.0230214335024357 0.0181705579161644 0.0188845451921225 0.0179969817399979 0.0160238202661276 0.0154151674360037 0.0111567992717028 0.012308862991631 0.0137005625292659 0.011708221398294 0.0113363247364759 0.0136052928864956 0.013950883410871 0.0125155784189701 0.00854734517633915 0.00929633434861898 0.0113462097942829 0.0100670354440808 0.0120528852567077 0.0137241594493389 0.0144760031253099 0.0164755210280418 0.0195846054702997 0.0258069671690464 0.0304389595985413
-3.4e+38 -3.4e+38 -3.4e+38 -3.4e+38 -3.4e+38 -3.4e+38 -3.4e+38 -3.4e+38 -3.4e+38 0.690738201141357 0.698741376399994 0.678119897842407 0.493913352489471 0.366758465766907 0.29414027929306 0.270300388336182 0.296966254711151 0.244899109005928 0.155909091234207 0.053450059145689 0.0726190730929375 0.0600579641759396 0.0403089337050915 0.0506443753838539 0.0630807057023048 0.0565491206943989 0.0262872334569693 0.0293121188879013 0.0293422732502222 0.027429835870862 0.0266514625400305 0.0200240816920996 0.0197034105658531 0.0180708225816488 0.0170645378530025 0.0143856462091208 0.0115445228293538 0.0133671527728438 0.0131851313635707 0.0132550448179245 0.0144058419391513 0.0145483994856477 0.0127942217513919 0.0114550944417715 0.0094732865691185 0.010439152829349 0.0117534305900335 0.01255252212286 0.0133387008681893 0.0151876136660576 0.0139871183782816 0.0162627939134836 0.0186886340379715 0.0215935371816158 0.0293648280203342
-3.4e+38 -3.4e+38 -3.4e+38 -3.4e+38 -3.4e+38 -3.4e+38 -3.4e+38 -3.4e+38 -3.4e+38 0.723425507545471 0.730304360389709 0.739137470722198 0.65561717748642 0.555521905422211 0.460007429122925 0.418803185224533 0.347769260406494 0.198122769594193 0.0678675845265388 0.0445882603526115 0.033873800188303 0.0778835788369179 0.0784510225057602 0.0578459575772285 0.0653334259986877 0.0532564483582973 0.0214334595948458 0.0340649783611298 0.0340959317982197 0.0187952201813459 0.0169420428574085 0.0192598383873701 0.0188416074961424 0.0190208982676268 0.0163965150713921 0.0149253429844975 0.0150126134976745 0.013607881963253 0.0132117625325918 0.0140183735638857 0.0102457208558917 0.0104935122653842 0.0105255823582411 0.0131150893867016 0.0100414343178272 0.00937407650053501 0.0130232162773609 0.0154264802113175 0.016951248049736 0.0185306947678328 0.017811369150877 0.0212287809699774 0.020440548658371 0.023652657866478 0.0259170606732368
-3.4e+38 -3.4e+38 -3.4e+38 -3.4e+38 -3.4e+38 -3.4e+38 -3.4e+38 -3.4e+38 -3.4e+38 0.773272275924683 0.736767113208771 0.778379023075104 0.684219360351562 0.590688943862915 0.473050326108932 0.451341360807419 0.307026386260986 0.25776070356369 0.155128493905067 0.0817753970623016 0.0373819693922997 0.0616361871361732 0.0630485489964485 0.0491501875221729 0.0660156756639481 0.040141761302948 0.0257036648690701 0.0397209972143173 0.0353527590632439 0.0173468608409166 0.0115764373913407 0.0163375549018383 0.0197358168661594 0.0198193676769733 0.0169688500463963 0.0165306869894266 0.0142345763742924 0.0110197868198156 0.013231341727078 0.0102678723633289 0.0107116429135203 0.010125937871635 0.0100377360358834 0.0119463438168168 0.0112014403566718 0.0106591554358602 0.0141552984714508 0.0170871671289206 0.017038369551301 0.0199890043586493 0.0198543816804886 0.0227870382368565 0.0195592474192381 0.0234393235296011 0.0287837442010641
-3.4e+38 -3.4e+38 -3.4e+38 -3.4e+38 -3.4e+38 -3.4e+38 -3.4e+38 -3.4e+38 0.808025300502777 0.822763979434967 0.785326302051544 0.785369515419006 0.743900120258331 0.693026661872864 0.548555135726929 0.454434633255005 0.236494421958923 0.206337630748749 0.191077157855034 0.0790805518627167 0.0411863289773464 0.0342925116419792 0.0408555418252945 0.0424099676311016 0.0609532706439495 0.0330136977136135 0.0225732140243053 0.0388258658349514 0.0346921943128109 0.0285882633179426 0.013604985550046 0.0150784701108932 0.0204809494316578 0.019724415615201 0.0178566873073578 0.0161173678934574 0.0138132516294718 0.0128322308883071 0.0152142951264977 0.011015584692359 0.00943819619715214 0.0116455676034093 0.0110369240865111 0.0112189380452037 0.0106713296845555 0.0117649557068944 0.0144304735586047 0.0167836230248213 0.0199653822928667 0.0210103970021009 0.0248588304966688 0.0259542055428028 0.023434229195118 0.0249813757836819 0.0253764167428017
-3.4e+38 -3.4e+38 -3.4e+38 -3.4e+38 -3.4e+38 -3.4e+38 -3.4e+38 -3.4e+38 0.831920206546783 0.810988306999207 0.773258864879608 0.751047790050507 0.774633884429932 0.663849771022797 0.621002018451691 0.456572711467743 0.259209722280502 0.172648727893829 0.232871264219284 0.135062262415886 0.0578175000846386 0.0185219682753086 0.0407290384173393 0.0412858538329601 0.0492978319525719 0.0467088781297207 0.0249402616173029 0.0358641445636749 0.0311182271689177 0.0325261279940605 0.0151462871581316 0.0155787020921707 0.0179337356239557 0.0203640274703503 0.0198501665145159 0.018219742923975 0.0166454073041677 0.0122333811596036 0.0106718027964234 0.0101713379845023 0.0107467025518417 0.0126074105501175 0.015050676651299 0.0145420860499144 0.0157739110291004 0.0137529410421848 0.0160606596618891 0.0196929927915335 0.0211120638996363 0.0227852277457714 0.025713711977005 0.0285719353705645 0.0345376320183277 0.0320910960435867 0.0335628129541874
-3.4e+38 -3.4e+38 -3.4e+38 -3.4e+38 -3.4e+38 -3.4e+38 -3.4e+38 -3.4e+38 0.846869289875031 0.80994975566864 0.775658905506134 0.787369549274445 0.695048272609711 0.572195053100586 0.384100586175919 0.482206910848618 0.298461139202118 0.07813511043787 0.149622723460197 0.0769849866628647 0.0834715217351913 0.0599863342940807 0.0562708005309105 0.0453991740942001 0.0504172332584858 0.0523003339767456 0.0404547415673733 0.0326033942401409 0.0294431354850531 0.028829213231802 0.0254380293190479 0.0165684819221497 0.0168464314192533 0.0186719633638859 0.0178167130798101 0.0182537660002708 0.0158864911645651 0.0138910226523876 0.0144826350733638 0.0157905500382185 0.011022349819541 0.0143079170957208 0.0166201628744602 0.015186564065516 0.0149629646912217 0.0171845126897097 0.0189357101917267 0.0223876312375069 0.0247960183769464 0.0278885830193758 0.0277424678206444 0.028588455170393 0.0385342538356781 0.046676155179739 0.0451100878417492
-3.4e+38 -3.4e+38 -3.4e+38 -3.4e+38 -3.4e+38 -3.4e+38 -3.4e+38 -3.4e+38 0.854487657546997 0.826144278049469 0.784316599369049 0.700105369091034 0.598985731601715 0.499813586473465 0.313600718975067 0.336531549692154 0.346883296966553 0.127202406525612 0.0554714687168598 0.104626066982746 0.0383680053055286 0.0502407401800156 0.0465391017496586 0.0363578647375107 0.0528086014091969 0.0464818812906742 0.0313939303159714 0.04039616137743 0.0327171795070171 0.0250928457826376 0.0320370756089687 0.0243302341550589 0.0162791833281517 0.0164791475981474 0.020459309220314 0.0210714489221573 0.018149521201849 0.0164897162467241 0.0149820437654853 0.0136395059525967 0.0143117317929864 0.0130309015512466 0.016002930700779 0.0167997591197491 0.0164213553071022 0.0180121939629316 0.0190192610025406 0.0207931995391846 0.0248913858085871 0.0317173004150391 0.0321759916841984 0.040743462741375 0.0312250144779682 0.0373657681047916 0.0461979173123837
-3.4e+38 -3.4e+38 -3.4e+38 -3.4e+38 -3.4e+38 -3.4e+38 -3.4e+38 -3.4e+38 0.862798750400543 0.829752862453461 0.806628048419952 0.777855634689331 0.72502589225769 0.577031016349792 0.353333115577698 0.285104155540466 0.275016903877258 0.279746204614639 0.135310083627701 0.0784099623560905 0.0564963296055794 0.0292678289115429 0.0333840996026993 0.0413439199328423 0.0526628382503986 0.0327644236385822 0.0326070860028267 0.0410565994679928 0.0416828170418739 0.0375764258205891 0.0354727767407894 0.0376104190945625 0.0320262424647808 0.018030010163784 0.0210589058697224 0.0210907198488712 0.018344409763813 0.0192694179713726 0.0141643350943923 0.0145226288586855 0.0165310353040695 0.011558486148715 0.0133167607709765 0.0158028025180101 0.0169281419366598 0.0180225595831871 0.0195806249976158 0.0230361949652433 0.0246816854923964 0.0290390774607658 -3.4e+38 0.0405413657426834 0.0404094159603119 0.0344886630773544 0.0376508012413979
-3.4e+38 -3.4e+38 -3.4e+38 -3.4e+38 -3.4e+38 -3.4e+38 -3.4e+38 0.670033812522888 0.743967533111572 0.828363358974457 0.756656110286713 0.72357714176178 0.678716421127319 0.682272613048553 0.456610649824142 0.321951150894165 0.281065851449966 0.229156568646431 0.170527711510658 0.166278883814812 0.11856085807085 0.0755895972251892 0.0393605008721352 0.0551935657858849 0.0389008782804012 0.0242620296776295 0.0324841029942036 0.0365581065416336 0.0384152941405773 0.0459950603544712 0.0437046997249126 0.0459700524806976 0.0311513412743807 0.0191114638000727 0.0178017746657133 0.0219297874718904 0.0206700712442398 0.018049219623208 0.0184828601777554 0.0172605775296688 0.0159490872174501 0.0169060360640287 0.0124125927686691 0.0128178680315614 0.0131783466786146 0.0131114721298218 0.0161600448191166 0.0202619656920433 -3.4e+38 0.0371678657829762 0.0379200205206871 0.0434834696352482 0.0421706177294254 0.0488326214253902 0.0525015071034431
-3.4e+38 -3.4e+38 -3.4e+38 -3.4e+38 -3.4e+38 -3.4e+38 -3.4e+38 0.534059405326843 0.606484830379486 0.768040120601654 0.503189086914062 0.752691209316254 0.452771335840225 0.373615145683289 0.55804717540741 0.52430784702301 0.205940619111061 0.193113788962364 0.195663526654243 0.133683785796165 0.0869634747505188 0.0671002268791199 0.0646748319268227 0.0670955777168274 0.0448670908808708 0.0171480849385262 0.0227994527667761 0.0370603054761887 0.0395923927426338 0.0407325364649296 0.0420790538191795 0.0443080067634583 0.0430071838200092 0.0347278341650963 0.0185299217700958 0.0196542590856552 0.0204199273139238 0.0182663667947054 0.0159517768770456 0.0162891373038292 0.0201207716017962 0.0142355635762215 0.0137171735987067 0.0154452957212925 0.0131020303815603 0.0159899033606052 0.0181414317339659 0.022033317014575 -3.4e+38 -3.4e+38 0.0462347567081451 0.0493793971836567 0.0539438761770725 0.0557635128498077 0.0600675344467163
-3.4e+38 -3.4e+38 -3.4e+38 -3.4e+38 -3.4e+38 -3.4e+38 -3.4e+38 -3.4e+38 0.653525531291962 0.694023072719574 0.488406151533127 0.379741668701172 0.600601196289062 0.181912958621979 0.121573716402054 0.28637507557869 0.391459614038467 0.224513009190559 0.26275110244751 0.271969765424728 0.120171539485455 0.113952703773975 0.0829849541187286 0.0643195882439613 0.0360397286713123 0.0315628238022327 0.0319535546004772 0.0356818400323391 0.0354327186942101 0.0382402651011944 0.0486015193164349 0.0460247807204723 0.0491393394768238 0.0456829331815243 0.0225153435021639 0.0217751916497946 0.0236849188804626 0.0204111337661743 0.0169488154351711 0.0151152350008488 0.0146089186891913 0.0200678203254938 0.0187957268208265 0.0133408335968852 0.0154461516067386 0.0175469275563955 0.0191531497985125 0.0253841374069452 -3.4e+38 -3.4e+38 -3.4e+38 -3.4e+38 0.0630672499537468 0.0730928182601929 0.0925685539841652
-3.4e+38 -3.4e+38 -3.4e+38 -3.4e+38 -3.4e+38 -3.4e+38 -3.4e+38 -3.4e+38 -3.4e+38 0.480667740106583 0.345426380634308 0.254722267389297 0.468179315328598 0.432493031024933 0.187558814883232 0.176368534564972 0.222735852003098 0.261744379997253 0.134197384119034 0.10418401658535 0.1637943983078 0.162162840366364 0.0738553032279015 0.0683592334389687 0.0371119230985641 0.0587356053292751 0.0489954017102718 0.0455391891300678 0.0430196858942509 0.0438118688762188 0.0547910295426846 0.0497879758477211 0.0520320348441601 0.0480728596448898 0.0395294614136219 0.0223997719585896 0.0220844484865665 0.0236555486917496 0.0202509071677923 0.0177580378949642 0.0175633560866117 0.0195599161088467 0.0197027828544378 0.0159517619758844 0.0159493684768677 0.0197069700807333 0.0223468560725451 -3.4e+38 -3.4e+38 -3.4e+38 -3.4e+38 -3.4e+38 -3.4e+38 -3.4e+38 -3.4e+38
-3.4e+38 -3.4e+38 -3.4e+38 -3.4e+38 -3.4e+38 -3.4e+38 -3.4e+38 -3.4e+38 -3.4e+38 -3.4e+38 -3.4e+38 0.655656695365906 0.565767526626587 0.524560511112213 0.308036416769028 0.237309575080872 0.355549156665802 0.423114329576492 0.173579573631287 0.112414672970772 0.084022730588913 0.075514979660511 0.164188012480736 0.117646247148514 0.0985435768961906 0.0824788883328438 0.0411714799702168 0.0261916257441044 0.0347420573234558 0.0415970012545586 0.0504083447158337 0.0505500882863998 0.0507643967866898 0.0520019941031933 0.0460444763302803 0.0287346914410591 0.0258226804435253 0.0320561900734901 0.0243296753615141 0.0253446809947491 0.0254128351807594 0.024610036984086 0.0255982521921396 0.0236014295369387 0.0224674325436354 0.0209628101438284 0.0221537202596664 -3.4e+38 -3.4e+38 -3.4e+38 -3.4e+38 -3.4e+38 -3.4e+38 -3.4e+38 -3.4e+38
-3.4e+38 -3.4e+38 -3.4e+38 -3.4e+38 -3.4e+38 -3.4e+38 -3.4e+38 -3.4e+38 -3.4e+38 -3.4e+38 -3.4e+38 -3.4e+38 -3.4e+38 0.727888286113739 0.476036101579666 0.312654972076416 0.198171764612198 0.209698066115379 0.420006603002548 0.164714381098747 0.136687502264977 0.0875551998615265 0.103742860257626 0.152734339237213 0.13260318338871 0.0615011192858219 0.0563947185873985 0.0386417433619499 0.0373619459569454 0.0375179126858711 0.052900280803442 0.0573351942002773 0.0610906928777695 0.0591106601059437 0.0552502013742924 0.0335076153278351 0.0277069192379713 0.0331186316907406 0.0280822645872831 0.0258929189294577 0.0258039068430662 0.019734513014555 0.0194536671042442 0.022332364693284 0.0172942560166121 0.0306897703558207 0.0219980366528034 0.0231761895120144 -3.4e+38 -3.4e+38 -3.4e+38 -3.4e+38 -3.4e+38 -3.4e+38 -3.4e+38
-3.4e+38 -3.4e+38 -3.4e+38 -3.4e+38 -3.4e+38 -3.4e+38 -3.4e+38 -3.4e+38 -3.4e+38 -3.4e+38 -3.4e+38 -3.4e+38 -3.4e+38 -3.4e+38 0.742467701435089 0.595978200435638 0.600395441055298 0.361940234899521 0.324870020151138 0.325841933488846 0.205331042408943 0.138345450162888 0.162334457039833 0.1494270414114 0.0763757973909378 0.0253639947623014 0.0365439504384995 0.0501229129731655 0.0454728715121746 0.0350035093724728 0.0480247288942337 0.0590128414332867 0.0685251578688622 0.0570234172046185 0.0415125042200089 0.0452535077929497 0.0418447703123093 0.0306209977716208 0.0301314555108547 0.0305973570793867 0.0242550671100616 0.0221333838999271 0.0218953583389521 0.0252974107861519 0.0311961509287357 0.0337291657924652 0.0338714979588985 0.0306765530258417 0.0361024402081966 -3.4e+38 -3.4e+38 -3.4e+38 -3.4e+38 -3.4e+38 -3.4e+38
-3.4e+38 -3.4e+38 -3.4e+38 -3.4e+38 -3.4e+38 -3.4e+38 -3.4e+38 -3.4e+38 0.836667895317078 0.86156302690506 0.806933999061584 0.840039372444153 -3.4e+38 -3.4e+38 -3.4e+38 0.644506335258484 0.699290931224823 0.554355442523956 0.272750377655029 0.235543102025986 0.335394412279129 0.245723620057106 0.215874835848808 0.182832717895508 0.0801085233688354 0.0745942518115044 0.064203716814518 0.0543755851686001 0.0426819957792759 0.0334420725703239 0.0374216064810753 0.0505258962512016 0.0570813864469528 0.0486700311303139 0.051960177719593 0.0512191317975521 0.0392157286405563 0.033871803432703 0.0319434553384781 0.0358194522559643 0.0455254316329956 0.0363150201737881 0.027423307299614 0.0338689088821411 0.028298756107688 0.0240728687494993 0.0270025487989187 0.0385359227657318 0.0460917353630066 0.0540298298001289 -3.4e+38 -3.4e+38 -3.4e+38 -3.4e+38 -3.4e+38
-3.4e+38 -3.4e+38 -3.4e+38 -3.4e+38 -3.4e+38 -3.4e+38 -3.4e+38 -3.4e+38 -3.4e+38 -3.4e+38 0.848884224891663 0.803336322307587 0.794264674186707 0.742240011692047 0.67436408996582 0.760889410972595 0.739881277084351 0.631947755813599 0.435568183660507 0.209926903247833 0.17022405564785 0.26893550157547 0.210301727056503 0.215738564729691 0.151298388838768 0.0906525030732155 0.100758351385593 0.103664301335812 0.0633434951305389 0.0582545548677444 0.0442117489874363 0.065598338842392 0.0736830309033394 0.0804394781589508 0.100062489509583 0.0566275902092457 0.0475482903420925 0.0375217944383621 0.0338062271475792 0.0353750288486481 0.0561746247112751 0.0516531951725483 0.0402440018951893 0.0338305421173573 0.0256678238511086 0.0270599313080311 0.0312389377504587 0.0543860159814358 0.0432843677699566 0.0624319612979889 0.0712497383356094 -3.4e+38 -3.4e+38 -3.4e+38 -3.4e+38
