data/climate_estimation/maxent_output/Colchicum_filifolium.asc
NCOLS 236 
NROWS 148 
XLLCORNER -9.83333333333333 
YLLCORNER 31.75 
CELLSIZE 0.0833333333333333 
NODATA_value -3.4e+38 
[rows 23 to 45 of 148, columns 53 to 105 of 236]
0.112880796194077 0.117601342499256 0.118982389569283 0.133122831583023 0.136667862534523 0.140385851264 0.129941523075104 0.132224544882774 0.123822905123234 0.122842833399773 0.11309726536274 0.125334709882736 0.152825623750687 0.142464503645897 0.174458637833595 0.146467998623848 0.16036593914032 0.176469430327415 0.191007629036903 0.188356950879097 0.218468770384789 0.232033908367157 0.245285600423813 0.262916147708893 0.234910503029823 0.206026867032051 0.190354779362679 0.179112702608109 0.155081257224083 0.19292376935482 0.166072726249695 0.12156069278717 0.141089990735054 0.164705157279968 0.131401091814041 0.113462038338184 0.143080398440361 0.175891607999802 0.176469430327415 0.200513154268265 0.215273484587669 0.215767353773117 0.240518629550934 0.231100305914879 0.229620441794395 0.234871253371239 0.255048513412476 0.270138591527939 0.284443795681 0.278208196163177 0.29977935552597 0.300795435905457 0.299216896295547
0.0978734791278839 0.101466566324234 0.103604920208454 0.114641107618809 0.118206284940243 0.109498456120491 0.11410466581583 0.124220497906208 0.11546003818512 0.103885352611542 0.106321468949318 0.116243973374367 0.118833504617214 0.132728144526482 0.149695843458176 0.165396898984909 0.179621607065201 0.180201753973961 0.166203901171684 0.201504617929459 0.198999345302582 0.212479203939438 0.244175985455513 0.256528496742249 0.243884831666946 0.25192853808403 0.227821514010429 0.137217938899994 0.115766890347004 0.108125954866409 0.090709887444973 0.099456399679184 0.0919455587863922 0.0927537307143211 0.0995684266090393 0.127647966146469 0.158555671572685 0.146740227937698 0.158746585249901 0.182194948196411 0.224485158920288 0.243242517113686 0.233511567115784 0.23943904042244 0.229149803519249 0.212978452444077 0.213496968150139 0.248165771365166 0.261689007282257 0.287139475345612 0.235407158732414 0.274513930082321 0.270839035511017
0.0922807082533836 0.0926371812820435 0.0822167322039604 0.0921461880207062 0.103673093020916 0.104574635624886 0.105991706252098 0.0970872417092323 0.0966899693012238 0.098523810505867 0.089437760412693 0.102100595831871 0.103125832974911 0.127064600586891 0.140545874834061 0.17163197696209 0.188232138752937 0.172595575451851 0.189447164535522 0.20746511220932 0.227323174476624 0.205115705728531 0.255531996488571 0.244566366076469 0.237774983048439 0.236672967672348 0.248322725296021 0.216312050819397 0.202954843640327 0.164541274309158 0.122776836156845 0.141362309455872 0.114091917872429 0.154986768960953 0.141921892762184 0.162907168269157 0.144195407629013 0.131331250071526 0.154778391122818 0.189158394932747 0.218620121479034 0.231247305870056 0.231147229671478 0.234656065702438 0.197653383016586 0.200286045670509 0.20524089038372 0.19099435210228 0.187871173024178 0.207979142665863 0.209394901990891 0.223059013485909 0.259796947240829
0.0781503319740295 0.0778084620833397 0.0822737663984299 0.0832162350416183 0.0918587446212769 0.100390918552876 0.11139178276062 0.101006910204887 0.111835926771164 0.0946096554398537 0.0916477590799332 0.111236095428467 0.119884222745895 0.12095932662487 0.148706942796707 0.146992072463036 0.165782585740089 0.181132510304451 0.184106677770615 0.185851901769638 0.222425907850266 0.2037233710289 0.218006923794746 0.230398327112198 0.246135458350182 0.244547143578529 0.242183104157448 0.246135607361794 0.212237805128098 0.209513828158379 0.194842219352722 0.206913992762566 0.205608576536179 0.18959404528141 0.202826857566833 0.20436854660511 0.188916817307472 0.167723000049591 0.161200121045113 0.170457690954208 0.184744864702225 0.188257291913033 0.221770480275154 0.210487484931946 0.220878720283508 0.221783101558685 0.205300375819206 0.179211050271988 0.16293953359127 0.163873046636581 0.164546951651573 0.21434098482132 0.212005212903023
0.0677298679947853 0.0776221081614494 0.0779264718294144 0.0720383748412132 0.0882825329899788 0.0986840948462486 0.0989605933427811 0.111484974622726 0.107504107058048 0.101827628910542 0.102380834519863 0.106874145567417 0.132577762007713 0.130604818463326 0.129845321178436 0.144013062119484 0.16033861041069 0.161680310964584 0.163238629698753 0.178164154291153 0.181311592459679 0.197269424796104 0.198506891727448 0.215910702943802 0.212042018771172 0.211500436067581 0.260328680276871 0.248332142829895 0.232439383864403 0.21879081428051 0.203203037381172 0.200136125087738 0.201839849352837 0.200384944677353 0.210100114345551 0.209276840090752 0.197618737816811 0.185715392231941 0.178193375468254 0.181973993778229 0.168428614735603 0.172811299562454 0.0976890623569489 0.124068096280098 0.216751381754875 0.194940447807312 0.204290241003036 0.155714839696884 0.158592998981476 0.140809759497643 0.142882108688354 0.140847072005272 0.142013102769852
0.0613526180386543 0.0701846927404404 0.0741861537098885 0.0814291909337044 0.0915962681174278 0.101088799536228 0.102708138525486 0.103377506136894 0.111951485276222 0.107001014053822 0.108588881790638 0.12324920296669 0.122529305517673 0.128994211554527 0.126267001032829 0.142273098230362 0.14184333384037 0.144598126411438 0.131063938140869 0.14687092602253 0.159120574593544 0.160655498504639 0.173984870314598 0.176308825612068 0.194794878363609 0.210488349199295 0.20849184691906 0.219598069787025 0.218088626861572 0.241779506206512 0.228383034467697 0.222361326217651 0.205938905477524 0.22506482899189 0.218835741281509 0.222763895988464 0.218700304627419 0.210605725646019 0.199185460805893 0.204266712069511 0.165092825889587 0.147458449006081 0.139652997255325 0.113959074020386 0.145233243703842 0.185414344072342 0.189697787165642 0.147971019148827 0.126993387937546 0.125484392046928 0.11318314820528 0.103826411068439 0.103482723236084
0.0602973774075508 0.0607237778604031 0.0612321682274342 0.0778984054923058 0.0959321409463882 0.105149142444134 0.106112323701382 0.10708886384964 0.144533067941666 0.11125859618187 0.113277301192284 0.103179715573788 0.109336666762829 0.121983960270882 0.123590871691704 0.126825928688049 0.143769353628159 0.130984529852867 0.141530439257622 0.140543669462204 0.140062034130096 0.156188502907753 0.156285688281059 0.169775813817978 0.169366329908371 0.189555451273918 0.190051525831223 0.201366230845451 0.203606903553009 0.214173913002014 0.211602553725243 0.207438439130783 0.204280585050583 0.220484882593155 0.214422345161438 0.214663147926331 0.235030874609947 0.203192815184593 0.193519920110703 0.200503394007683 0.175966277718544 0.167274489998817 0.156063929200172 0.171951800584793 0.165782749652863 0.183673858642578 0.154936730861664 0.144125938415527 0.11225401610136 0.11183063685894 0.110533267259598 0.125059023499489 0.0990440547466278
0.0636102110147476 0.0749122351408005 0.0562995448708534 0.0670589059591293 0.0902159437537193 0.0897765755653381 0.10482357442379 0.104074113070965 0.117347441613674 0.118405058979988 0.109249673783779 0.123790733516216 0.117006987333298 0.130811855196953 0.144500687718391 0.127958759665489 0.141126483678818 0.152105584740639 0.165126115083694 0.166040197014809 0.16862840950489 0.18284946680069 0.202864125370979 0.19968968629837 0.184570834040642 0.184812307357788 0.183785408735275 0.165859863162041 0.200938984751701 0.198115080595016 0.196939066052437 0.192974716424942 0.205018565058708 0.221034422516823 0.217625126242638 0.218736484646797 0.217573374509811 0.207727119326591 0.193198531866074 0.195097535848618 0.188685730099678 0.174498647451401 0.160512655973434 0.159831702709198 0.167139798402786 0.15568482875824 0.13297475874424 0.122729681432247 0.101060174405575 0.0897222906351089 0.110783316195011 0.0267473962157965 0.113595798611641
0.0710301697254181 0.0598349682986736 0.0712995007634163 0.0942688882350922 0.093973770737648 0.111441165208817 0.10015569627285 0.131605952978134 0.102537922561169 0.104907818138599 0.121489502489567 0.1360754519701 0.149063587188721 0.14515195786953 0.144851520657539 0.144718036055565 0.159641683101654 0.15226012468338 0.177961528301239 0.228150203824043 0.204884305596352 0.208990976214409 0.163026034832001 0.199950367212296 0.197480991482735 0.195613399147987 0.193016439676285 0.213974848389626 0.194407492876053 0.193266525864601 0.213174849748611 0.208983764052391 0.188113048672676 0.206820249557495 0.207286164164543 0.218344479799271 0.220496356487274 0.188682496547699 0.206946730613708 0.183330535888672 0.21212737262249 0.180357158184052 0.172923997044563 0.151114523410797 0.162317961454391 0.0315013416111469 0.018965220078826 0.0189752411097288 0.0160844549536705 0.081916831433773 0.0166086014360189 0.0190784279257059 0.0190674290060997
0.0751319229602814 0.0741325691342354 0.0835191383957863 0.0938805267214775 0.110971875488758 0.117012217640877 0.0895334780216217 0.130649536848068 0.133413001894951 0.116199836134911 0.116540260612965 0.120323643088341 0.14368999004364 0.144425973296165 0.138957321643829 0.153205811977386 0.143458366394043 0.144957199692726 0.181869000196457 0.205588072538376 0.192549839615822 0.17499914765358 0.159444987773895 0.176170885562897 0.19104178249836 0.223868012428284 0.240889385342598 0.238017708063126 0.234259575605392 0.233886644244194 0.217954277992249 0.220872908830643 0.233805105090141 0.22652168571949 0.213703885674477 0.218211337924004 0.212773501873016 0.188159734010696 0.178082063794136 0.177781999111176 0.174319252371788 0.173999562859535 0.163809359073639 0.116169527173042 0.0231939144432545 0.0189888048917055 0.0287397429347038 0.0278187785297632 0.0275536403059959 0.0177519042044878 0.0157032068818808 0.0176085978746414 0.0183585677295923
0.11102469265461 0.0982865542173386 0.0990811735391617 0.0996445864439011 0.110922649502754 0.111243613064289 0.0988076850771904 0.130872026085854 0.136846423149109 0.152594909071922 0.116328738629818 0.117411181330681 0.130821406841278 0.145462512969971 0.121713899075985 0.149081528186798 0.165355548262596 0.142094939947128 0.17255511879921 0.157958477735519 0.162590220570564 0.157872930169106 0.185711041092873 0.246764063835144 0.221263468265533 0.242281317710876 0.222267493605614 0.221253901720047 0.238703772425652 0.230264604091644 0.241792127490044 0.235056400299072 0.233208745718002 0.225340589880943 0.210532739758492 0.211405918002129 0.212001666426659 0.172580271959305 0.16100338101387 0.150528341531754 0.134461745619774 0.128242820501328 0.138786733150482 0.0232612732797861 0.0207758713513613 0.0171973500400782 0.0243955869227648 0.0242660995572805 0.0284142065793276 0.0259656421840191 0.0254282262176275 0.0236424170434475 0.0233869161456823
0.128386914730072 0.144115060567856 0.110349014401436 0.0999635010957718 0.109747394919395 0.130248963832855 0.117785684764385 0.134953379631042 0.136326506733894 0.126277804374695 0.117517866194248 0.130291864275932 0.129623308777809 0.142772272229195 0.157592266798019 0.133715212345123 0.165483385324478 0.180635884404182 0.170581087470055 0.177683040499687 0.17088209092617 0.188143312931061 0.245455250144005 0.186026364564896 0.185757473111153 0.195590808987617 0.221115186810493 0.191853180527687 0.235670521855354 0.195505544543266 0.212408542633057 0.217899575829506 0.200723856687546 0.227903127670288 0.208608329296112 0.211506426334381 0.207718029618263 0.189350694417953 0.175214841961861 0.170893460512161 0.162034779787064 0.151572018861771 0.134801432490349 0.0257764961570501 0.0284026730805635 0.0254514459520578 0.0239578485488892 0.0257752407342196 0.028207790106535 0.0284199193120003 0.029228700324893 0.032620906829834 0.0265840832144022
0.153598353266716 0.129971787333488 0.168235287070274 0.117056645452976 0.128287643194199 0.131696060299873 0.134610205888748 0.150234028697014 0.150911942124367 0.125884234905243 0.126103788614273 0.141204103827477 0.15800566971302 0.171970307826996 0.175017789006233 0.170375719666481 0.177560597658157 0.196464911103249 0.189381703734398 0.199378907680511 0.209944516420364 0.220373034477234 0.20022115111351 0.177413806319237 0.210639446973801 0.224244952201843 0.241986438632011 0.228746846318245 0.241931989789009 0.23252284526825 0.214675322175026 0.181112229824066 0.200169801712036 0.221276551485062 0.206912100315094 0.19289430975914 0.198964595794678 0.187116101384163 0.174359768629074 0.179877191781998 0.158787176012993 0.145196691155434 0.134638354182243 0.0263278279453516 0.0265125874429941 0.0248819123953581 0.0247545316815376 0.0265044569969177 0.0269210021942854 0.0292572565376759 0.027668060734868 0.0316846147179604 0.025929506868124
0.134811922907829 0.170801669359207 0.116022385656834 0.133124962449074 0.133581221103668 0.132955774664879 0.133067965507507 0.111165322363377 0.113340713083744 0.138494819402695 0.125102430582047 0.140142127871513 0.169426575303078 0.155746504664421 0.172337144613266 0.174706846475601 0.182290017604828 0.194781377911568 0.205929785966873 0.20721697807312 0.203701674938202 0.194916993379593 0.191686496138573 0.215895727276802 0.224888548254967 0.179112106561661 0.192048192024231 0.227558150887489 0.148499488830566 0.167984277009964 0.166850358247757 0.167732462286949 0.193243324756622 0.189480841159821 0.206058502197266 0.191499158740044 0.194361627101898 0.169224843382835 0.164939910173416 0.148241221904755 0.161974370479584 0.127068698406219 0.127882555127144 0.0272462051361799 0.0244117472320795 0.0245651695877314 0.0265324469655752 0.0243174340575933 0.0257687326520681 0.0268273390829563 0.0291057303547859 0.0262648873031139 0.0308927875012159
0.193303391337395 0.146559923887253 0.146570354700089 0.16103632748127 0.161074802279472 0.145929649472237 0.122337602078915 0.124485589563847 0.111300989985466 0.124435126781464 0.117710582911968 0.130664184689522 0.132531329989433 0.170896679162979 0.169712111353874 0.175181016325951 0.205466166138649 0.192815274000168 0.173823788762093 0.233059003949165 0.178109347820282 0.153970658779144 0.153231114149094 0.161928683519363 0.160080045461655 0.124581791460514 0.138816669583321 0.155081048607826 0.124814681708813 0.114724218845367 0.135515704751015 0.150075078010559 0.190970778465271 0.204495742917061 0.2177944034338 0.199682742357254 0.189254939556122 0.1969373524189 0.169980600476265 0.147025868296623 0.149859860539436 0.138716176152229 0.12246897816658 0.0261613931506872 0.0242483839392662 0.0252797864377499 0.0275713428854942 0.0255936048924923 0.0234511103481054 0.0254463478922844 0.0282211303710938 0.028667351230979 0.0282055456191301
0.212139427661896 0.161593094468117 0.143565475940704 0.120190113782883 0.134171947836876 0.121294282376766 0.120334573090076 0.109687797725201 0.12308444082737 0.0946751236915588 0.11485780030489 0.12209215760231 0.143951669335365 0.157577961683273 0.173156544566154 0.184246733784676 0.214830785989761 0.175543904304504 0.220103994011879 0.220094010233879 0.219131469726562 0.151182577013969 0.16527171432972 0.179709076881409 0.180892869830132 0.12975001335144 0.126621425151825 0.117092326283455 0.108341529965401 0.135009244084358 0.177726745605469 0.173537120223045 0.188687294721603 0.187228411436081 0.203069165349007 0.199070632457733 0.187343150377274 0.199745938181877 0.180566474795341 0.166412159800529 0.160324424505234 0.14407029747963 0.122226484119892 0.0224737785756588 0.0249217189848423 0.0230100899934769 0.0249289404600859 0.0250788368284702 0.0254820380359888 0.0229426808655262 0.0269844327121973 0.0260018724948168 0.025961309671402
0.187509790062904 0.160788238048553 0.17455318570137 0.145725816488266 0.123026341199875 0.123498156666756 0.117859877645969 0.113330438733101 0.101891629397869 0.112537942826748 0.107733696699142 0.112009264528751 0.125244751572609 0.155478268861771 0.20365871489048 0.178763762116432 0.202363044023514 0.145986318588257 0.178942605853081 0.188380986452103 0.165203809738159 0.191498309373856 0.257444262504578 0.256711602210999 0.164185330271721 0.135816797614098 0.151067689061165 0.125690594315529 0.102731958031654 0.14551830291748 0.157889813184738 0.158125534653664 0.160966396331787 0.161215767264366 0.197408586740494 0.210483729839325 0.222572043538094 0.199195832014084 0.192002981901169 0.178921103477478 0.165766060352325 0.143415823578835 0.133657738566399 0.026941504329443 0.0216119848191738 0.0197385791689157 0.0213772300630808 0.0241289380937815 0.0266008339822292 0.0253133345395327 0.0251162089407444 0.0258927792310715 0.0256703235208988
0.171545878052711 0.18537649512291 0.173549294471741 0.165281504392624 0.166163772344589 0.156254753470421 0.153615966439247 0.154631063342094 0.128141686320305 0.12589393556118 0.118108600378036 0.179229110479355 0.160039976239204 0.191838592290878 0.191955789923668 0.197140231728554 0.180059269070625 0.135052025318146 0.151916399598122 0.191998288035393 0.16382023692131 0.251413553953171 0.322143882513046 0.250364303588867 0.251539140939713 0.176389053463936 0.196253225207329 0.135282650589943 0.119233161211014 0.128212720155716 0.14283475279808 0.166887000203133 0.129827991127968 0.120336450636387 0.144950807094574 0.172776520252228 0.209017336368561 0.173808097839355 0.164151325821877 0.155490562319756 0.155100762844086 0.143118843436241 0.113538846373558 0.116276390850544 0.0222335383296013 0.0201667807996273 0.0211020559072495 0.0229998994618654 0.0227433014661074 0.0240805000066757 0.022555448114872 0.0239787790924311 0.0284500103443861
0.185081154108047 0.183198213577271 0.171181738376617 0.188308581709862 0.185145363211632 0.18659745156765 0.162447184324265 0.13675257563591 0.138730689883232 0.139318406581879 0.154416397213936 0.164112135767937 0.15470764040947 0.183218210935593 0.175783544778824 0.161619901657104 0.132027581334114 0.137353911995888 0.1323172301054 0.206688746809959 0.32084983587265 0.281952202320099 0.391329497098923 0.329250007867813 0.343097537755966 0.290417194366455 0.249213322997093 0.121950924396515 0.101931653916836 0.100741818547249 0.13642455637455 0.147898077964783 0.115994982421398 0.153520852327347 0.177030026912689 0.200614616274834 0.194783702492714 0.201519310474396 0.177578866481781 0.151192203164101 0.141999930143356 0.148803696036339 0.12416435778141 0.106631331145763 0.0923539474606514 0.0232118032872677 0.0193799752742052 0.0199219100177288 0.0216502845287323 0.0205747745931149 0.0230660792440176 0.0260059405118227 0.0248662903904915
0.14989823102951 0.163533583283424 0.186247617006302 0.161172986030579 0.182529285550117 0.179448187351227 0.173453852534294 0.171504229307175 0.17080944776535 0.188759073615074 0.136436581611633 0.161986008286476 0.146909788250923 0.125278770923615 0.141938045620918 0.0988607183098793 0.105761043727398 0.167969539761543 0.171767517924309 0.24139715731144 0.282601684331894 0.299543917179108 0.360301703214645 0.361591577529907 0.334888368844986 0.358567267656326 0.221096575260162 0.130186259746552 0.115380488336086 0.110458306968212 0.122405275702477 0.124180123209953 0.107473194599152 0.166913077235222 0.165232643485069 0.192998260259628 0.182256698608398 0.198058396577835 0.194750428199768 0.17570573091507 0.154154345393181 0.113253824412823 0.104521751403809 0.0967784374952316 0.0839809104800224 0.0917829796671867 0.021542239934206 0.0208401549607515 0.0241103637963533 0.0210359785705805 0.0239241514354944 0.0245729796588421 0.024897538125515
0.16163045167923 0.171046793460846 0.150268018245697 0.140509441494942 0.149122521281242 0.154777616262436 0.178574606776237 0.170627906918526 0.142118379473686 0.125066429376602 0.129141584038734 0.136064827442169 0.163690179586411 0.150756061077118 0.102445468306541 0.111144371330738 0.152493074536324 0.186515316367149 0.168887436389923 0.263200372457504 0.285173505544662 0.287189245223999 0.345313996076584 0.462986946105957 0.366405874490738 0.211577668786049 0.161360651254654 0.151490107178688 0.105117544531822 0.11429525911808 0.101228624582291 0.100597634911537 0.112998470664024 0.129056096076965 0.139818951487541 0.145048409700394 0.154010772705078 0.207208424806595 0.211296543478966 0.169369980692863 0.151322141289711 0.13518026471138 0.102963656187057 0.096916027367115 0.0917363092303276 0.0921219438314438 0.020803002640605 0.0213585030287504 0.0244423355907202 0.0235756058245897 0.0220756195485592 0.0242040101438761 0.0261138807982206
0.158442080020905 0.147600397467613 0.133814483880997 0.147819340229034 0.168855398893356 0.182005524635315 0.195533886551857 0.178738325834274 0.197673454880714 0.182064652442932 0.150475278496742 0.167000770568848 0.123090252280235 0.119354583323002 0.133778840303421 0.156756073236465 0.150868788361549 0.146010294556618 0.19540898501873 0.233963295817375 0.294927060604095 0.341390937566757 0.32233327627182 0.319017201662064 0.27972674369812 0.229541540145874 0.159898102283478 0.157570078969002 0.0914851948618889 0.083974152803421 0.0934933871030807 0.104502752423286 0.105770461261272 0.136336535215378 0.176116734743118 0.139898955821991 0.172060698270798 0.19278621673584 0.216573193669319 0.191380456089973 0.162371844053268 0.139721632003784 0.109718054533005 0.104600690305233 0.0993486940860748 0.108673520386219 0.0233252961188555 0.0212722402065992 0.0227424893528223 0.0241637993603945 0.0217379555106163 0.0204403679817915 0.0255965832620859
0.123939737677574 0.105040997266769 0.123454920947552 0.144358828663826 0.171514376997948 0.180469587445259 0.177148014307022 0.16531628370285 0.200730383396149 0.209904000163078 0.174473091959953 0.158398598432541 0.211495622992516 0.162971943616867 0.13812181353569 0.130262598395348 0.192368000745773 0.189056590199471 0.171633005142212 0.189142689108849 0.263548284769058 0.251584619283676 0.352313935756683 0.301964670419693 0.252918779850006 0.18182235956192 0.1705002784729 0.118061184883118 0.0973993539810181 0.12078632414341 0.109561756253242 0.115608744323254 0.113271154463291 0.132274985313416 0.161906972527504 0.172791033983231 0.19831545650959 0.214831665158272 0.20094807446003 0.210182785987854 0.157393649220467 0.140163004398346 0.119840867817402 0.132302239537239 0.0970084071159363 0.108405284583569 0.0248358864337206 0.0250570122152567 0.022902850061655 0.0236426722258329 0.0252003967761993 0.0185277890414 0.0287874452769756
