data/climate_estimation/maxent_output/Colchicum_filifolium.asc
NCOLS 236 
NROWS 148 
XLLCORNER -9.83333333333333 
YLLCORNER 31.75 
CELLSIZE 0.0833333333333333 
NODATA_value -3.4e+38 
[rows 92 to 114 of 148, columns 159 to 211 of 236]
0.824103713035583 0.71054470539093 0.701830506324768 0.728390514850616 0.642680525779724 0.651028037071228 0.599957287311554 0.575691223144531 0.57080465555191 0.470676958560944 0.541725873947144 0.763734340667725 0.842722833156586 0.748092353343964 0.687034845352173 0.566282153129578 0.759609341621399 0.523339211940765 0.690832018852234 0.688356637954712 0.656267523765564 0.694154441356659 0.676389157772064 0.685483992099762 0.747940063476562 0.762905061244965 0.723382532596588 0.692701458930969 0.609722077846527 0.597298383712769 0.749358952045441 0.731206178665161 0.615153193473816 0.594860196113586 0.503865718841553 0.485082030296326 0.66960871219635 0.656894624233246 0.557805776596069 0.424389630556107 0.405230492353439 0.483564108610153 0.482794582843781 0.659264922142029 0.604664623737335 0.455955296754837 0.613824844360352 0.483065634965897 0.779881238937378 0.924985110759735 0.909213662147522 0.773061573505402 0.712080240249634
0.881033539772034 0.734822034835815 0.685378134250641 0.719684302806854 0.553380489349365 0.550346255302429 0.668806672096252 0.473983556032181 0.55216521024704 0.554085910320282 0.621218681335449 0.673903584480286 0.563396990299225 0.527051687240601 0.605805039405823 0.512030065059662 0.665867626667023 0.399634271860123 0.508271515369415 0.560070395469666 0.574170768260956 0.572002172470093 0.568732261657715 0.594971477985382 0.619512438774109 0.549297392368317 0.662050664424896 0.508686006069183 0.598235726356506 0.686971664428711 0.540783762931824 0.541769444942474 0.536883652210236 0.574432373046875 0.603809237480164 0.637645125389099 0.650223612785339 0.663968443870544 0.685449600219727 0.656165063381195 0.648954689502716 0.490428328514099 0.59028035402298 0.531345784664154 0.547256767749786 0.405159413814545 0.550600290298462 0.349373817443848 0.369588792324066 0.372750341892242 0.465950906276703 0.315186351537704 0.293949902057648
0.770663678646088 0.626739025115967 0.638933718204498 0.666623830795288 0.659925222396851 0.608721971511841 0.623046338558197 0.507110059261322 0.498160660266876 0.537766754627228 0.550901114940643 0.774935007095337 0.640981554985046 0.56028687953949 0.491014063358307 0.547194540500641 0.538145422935486 0.564759433269501 0.593838334083557 0.65719336271286 0.639506340026855 0.61653345823288 0.634735763072968 0.569652676582336 0.6329425573349 0.633023858070374 0.624986469745636 0.639735817909241 0.566014230251312 0.518146455287933 0.546219766139984 0.639796733856201 0.641915619373322 0.728964626789093 0.755314707756042 0.739033281803131 0.667032897472382 0.628876566886902 0.620999813079834 0.733361124992371 0.732280731201172 0.673106253147125 0.646446168422699 0.485812723636627 0.604425728321075 0.478504419326782 0.612437725067139 0.341679483652115 0.227341309189796 0.22018925845623 0.21179011464119 0.242219626903534 0.173465237021446
0.667836248874664 0.492047965526581 0.527714014053345 0.599053382873535 0.581965029239655 0.53673380613327 0.583812713623047 0.536675095558167 0.430294573307037 0.469056606292725 0.651924312114716 0.683460474014282 0.508156359195709 0.403517186641693 0.392934143543243 0.259130269289017 0.172229066491127 0.179243758320808 0.215646311640739 0.377695798873901 0.520781576633453 0.560548901557922 0.502327382564545 0.451340883970261 0.434387922286987 0.53807133436203 0.593617379665375 0.685993373394012 0.686331868171692 0.73632800579071 0.733251631259918 0.782935261726379 0.781035840511322 0.81560355424881 0.847506165504456 0.706908762454987 0.73456346988678 0.624228835105896 0.749135971069336 0.595761477947235 0.6877081990242 0.659478545188904 0.486637026071548 0.479462414979935 0.616963028907776 0.570476174354553 0.548790037631989 0.4887875020504 0.260498315095901 0.329940468072891 0.252464413642883 0.260217487812042 0.166374936699867
0.680353462696075 0.582629024982452 0.466610342264175 0.640985250473022 0.512507557868958 0.481136173009872 0.504297912120819 0.509109914302826 0.411845594644547 0.370169997215271 0.489210486412048 0.470672696828842 0.364921778440475 0.345218747854233 0.215659558773041 0.112930692732334 0.0615022554993629 0.115253753960133 0.168779134750366 0.226304680109024 0.317291975021362 0.335914939641953 0.318299382925034 0.355716735124588 0.326355695724487 0.341916739940643 0.401573002338409 0.474385768175125 0.540672838687897 0.606165051460266 0.758234024047852 0.774430990219116 0.796880662441254 0.789063215255737 0.58599179983139 0.663058340549469 0.445595026016235 0.359135270118713 0.341132909059525 0.515747308731079 0.619446516036987 0.558454751968384 0.547620177268982 0.549544036388397 0.496914714574814 0.47134056687355 0.436074316501617 0.420306921005249 0.384183287620544 0.296566933393478 0.195964843034744 0.202635765075684 0.220309302210808
0.790931463241577 0.533494234085083 0.403009027242661 0.363243222236633 0.298888355493546 0.284220606088638 0.315666407346725 0.309270173311234 0.386350601911545 0.369521737098694 0.401148408651352 0.2899050116539 0.297774940729141 0.219015404582024 0.109328478574753 0.0755226835608482 0.0779831781983376 0.0929430574178696 0.24545194208622 0.205649316310883 0.234540015459061 0.345004737377167 0.331445068120956 0.244531244039536 0.239354565739632 0.255186647176743 0.298769265413284 0.311152100563049 0.440019011497498 0.561341404914856 0.520719051361084 0.525910079479218 0.471491754055023 0.495563387870789 0.508677840232849 0.419218927621841 0.45140415430069 0.299576342105865 0.292107313871384 0.381437867879868 0.340088427066803 0.472296237945557 0.349832803010941 0.466692090034485 0.439791202545166 0.35473957657814 0.299002647399902 0.287396520376205 0.237509742379189 0.160728186368942 0.137280538678169 0.164241328835487 0.139884293079376
0.640871703624725 0.444259792566299 0.276825726032257 0.161234334111214 0.108007527887821 0.122733250260353 0.144375771284103 0.231379866600037 0.218424201011658 0.197248920798302 0.24675989151001 0.193558260798454 0.159959092736244 0.139852568507195 0.116810768842697 0.15683077275753 0.30028423666954 0.214062675833702 0.232668936252594 0.237645253539085 0.270989656448364 0.274311244487762 0.267282783985138 0.265260189771652 0.22443114221096 0.23332867026329 0.221367090940475 0.293808549642563 0.265712141990662 0.340306460857391 0.349780648946762 0.317515164613724 0.31466355919838 0.296429127454758 0.26770293712616 0.248061656951904 0.294494211673737 0.23499983549118 0.303849756717682 0.206488221883774 0.267369627952576 0.222315922379494 0.238458871841431 0.303379386663437 0.294888526201248 0.185957804322243 0.182535484433174 0.119489602744579 0.128584802150726 0.115217447280884 0.077996551990509 0.0856981724500656 0.0885942950844765
0.423271358013153 0.20251002907753 0.147846817970276 0.102322429418564 0.0882452577352524 0.108632490038872 0.122801549732685 0.120429255068302 0.130588069558144 0.138865172863007 0.15548911690712 0.141534253954887 0.150113359093666 0.133720085024834 0.0891831517219543 0.138353645801544 0.0945923551917076 0.152018219232559 0.17305825650692 0.191610336303711 0.265021830797195 0.241859242320061 0.225402593612671 0.320874780416489 0.260510474443436 0.186445906758308 0.200674325227737 0.2037692964077 0.200122565031052 0.167688474059105 0.174418270587921 0.19025744497776 0.173588514328003 0.217242106795311 0.264408260583878 0.226297602057457 0.327048927545547 0.225715115666389 0.308582246303558 0.302260786294937 0.209298521280289 0.183898240327835 0.202592357993126 0.215973049402237 0.146627426147461 0.140772968530655 0.115875571966171 0.132925882935524 0.116583786904812 0.127173334360123 0.0606176145374775 0.0655679479241371 0.06642035394907
0.285156488418579 0.144574046134949 0.101393170654774 0.0902882665395737 0.0796846076846123 0.0959832668304443 0.0957442969083786 0.0813564732670784 0.0971769914031029 0.133853822946548 0.137420848011971 0.107418082654476 0.0961831659078598 0.08706284314394 0.125091105699539 0.0982360616326332 0.107977516949177 0.107447199523449 0.0878452062606812 0.097245067358017 0.113831296563148 0.283622980117798 0.276044279336929 0.241662502288818 0.236645683646202 0.20208115875721 0.182589337229729 0.148487314581871 0.119553789496422 0.0997033715248108 0.115442492067814 0.212847769260406 0.227378502488136 0.163663893938065 0.202372223138809 0.17718118429184 0.286155879497528 0.21199531853199 0.222882464528084 0.254926681518555 0.233869254589081 0.301027566194534 0.224663093686104 0.223153561353683 0.150190114974976 0.132068708539009 0.0957550629973412 0.114363200962543 0.104474648833275 0.0901564881205559 0.0607799701392651 0.0445259921252728 0.0487412586808205
0.24445603787899 0.1247428804636 0.108556941151619 0.0933708325028419 0.0820865109562874 0.0724969208240509 0.087671160697937 0.0749819278717041 0.0666894614696503 0.0752970725297928 0.0910517796874046 0.0813161432743073 0.0959450080990791 0.090604268014431 0.107112564146519 0.118812240660191 0.0999991074204445 0.0839244052767754 0.0877794995903969 0.0914642810821533 0.0890520289540291 0.112299017608166 0.128452718257904 0.105619795620441 0.123372420668602 0.134469524025917 0.122739903628826 0.0945108011364937 0.107910640537739 0.156113758683205 0.14009715616703 0.209222108125687 0.195295542478561 0.173787489533424 0.192595064640045 0.32258352637291 0.333406060934067 0.382999658584595 0.241252392530441 0.295573979616165 0.213307708501816 0.230309024453163 0.205748870968819 0.204723879694939 0.135711938142776 0.147464007139206 0.0985315963625908 0.105634160339832 0.0840641930699348 0.0829927697777748 0.0521855242550373 0.0434908457100391 0.0609940439462662
0.164893329143524 0.115420050919056 0.113079100847244 0.120310366153717 0.0817527249455452 0.073573961853981 0.0672305449843407 0.055088646709919 0.0451162829995155 0.0528529919683933 0.0532291978597641 0.0607467480003834 0.0683819800615311 0.0754368677735329 0.0818323865532875 0.0833669528365135 0.0792045071721077 0.0795793309807777 0.0744883194565773 0.0738395899534225 0.0796852111816406 0.0855298116803169 0.0915066227316856 0.0788768455386162 0.077896423637867 0.0661474019289017 0.0868980810046196 0.123586811125278 0.165135324001312 0.170510217547417 0.204201236367226 0.169893741607666 0.0911944061517715 0.112817689776421 0.205823168158531 0.236765429377556 0.32249242067337 0.310480982065201 0.280190974473953 0.255901485681534 0.23289281129837 0.231925204396248 0.253175497055054 0.22187165915966 0.167325273156166 0.18087138235569 0.147700399160385 0.130008384585381 0.128758892416954 0.0616751462221146 0.0587258636951447 0.109569735825062 0.119175434112549
0.155606389045715 0.136309891939163 0.111765623092651 0.0823382288217545 0.0783100426197052 0.0728131830692291 0.0719552785158157 0.0584531016647816 0.045609038323164 0.0457664579153061 0.0451965518295765 0.0437349081039429 0.0625782608985901 0.0673898085951805 0.0765074416995049 0.0630360022187233 0.0610070489346981 0.0630103126168251 0.0497321709990501 0.0782790556550026 0.0614846125245094 0.0731839537620544 0.0583885498344898 0.0560848750174046 0.065474808216095 0.0752183571457863 0.0819574296474457 0.122057303786278 0.109131842851639 0.106963790953159 0.0833544656634331 0.0734488219022751 0.171174585819244 0.194233447313309 0.228708431124687 0.207926541566849 0.248164892196655 0.282339632511139 0.354154735803604 0.360303729772568 0.431074887514114 0.368621349334717 0.338959187269211 0.353904515504837 0.268272489309311 0.267734229564667 0.264536052942276 0.200994864106178 0.104145966470242 0.0787363424897194 0.106299236416817 0.150683403015137 0.143147051334381
0.184660047292709 0.135007157921791 0.106233865022659 0.104643829166889 0.0895722806453705 0.0775110200047493 0.0829678550362587 0.0720163881778717 0.0453625060617924 0.0430499687790871 0.0383717082440853 0.0465484298765659 0.0553298480808735 0.0557135194540024 0.0517964698374271 0.0616266094148159 0.0552663579583168 0.041467297822237 0.0513629168272018 0.0518187507987022 0.0476890616118908 0.0476367436349392 0.0380320139229298 0.0408225059509277 0.0490850321948528 0.0439723394811153 0.052242536097765 0.0545424930751324 0.0543063394725323 0.0557193271815777 0.0631754025816917 0.0684238225221634 0.150876477360725 0.15299317240715 0.130627319216728 0.227024301886559 0.247544765472412 0.34844908118248 0.359949350357056 0.266711622476578 0.359406858682632 0.291277319192886 0.204937174916267 0.199314057826996 0.274660438299179 0.259771108627319 0.197816327214241 0.157364398241043 0.143194705247879 0.125988304615021 0.135203570127487 0.126167058944702 0.120942890644073
0.151924684643745 0.145865947008133 0.136854723095894 0.085614837706089 0.0829422101378441 0.070560097694397 0.0674286484718323 0.0641141459345818 0.0553315356373787 0.0472686216235161 0.0413306057453156 0.0413159057497978 0.0385103672742844 0.046704288572073 0.0554398559033871 0.0379472821950912 0.0336899757385254 0.0459209829568863 0.0431602038443089 0.0400080196559429 0.0319857113063335 0.038116592913866 0.0296038389205933 0.0376689843833447 0.039859838783741 0.0481928698718548 0.0683855712413788 0.0515699423849583 0.043160006403923 0.0589654631912708 0.0769822224974632 0.0811096429824829 0.119699791073799 0.141516238451004 0.178505793213844 0.200905740261078 0.251344293355942 0.254351168870926 0.153960302472115 0.367080330848694 0.436618566513062 0.261765867471695 0.355387985706329 0.377695560455322 0.363763183355331 0.281146109104156 0.262200713157654 0.211039170622826 0.168353870511055 0.148570388555527 0.142514109611511 0.107637196779251 0.115304790437222
0.143858790397644 0.120391331613064 0.115337304770947 0.0853909179568291 0.0833674818277359 0.087901882827282 0.0778811648488045 0.0585168786346912 0.0693959668278694 0.0439624972641468 0.0455772802233696 0.0442209541797638 0.0401704721152782 0.0368489697575569 0.0282524172216654 0.031697154045105 0.0339803397655487 0.0313833951950073 0.0316721014678478 0.0395010001957417 0.0325352251529694 0.025764349848032 0.0317528620362282 0.0265085063874722 0.027890183031559 0.0381714813411236 0.0353170931339264 0.0305492971092463 0.0552572570741177 0.0697016417980194 0.0684818625450134 0.0509222187101841 0.0951317548751831 0.113633632659912 0.0988819971680641 0.141920611262321 0.179677620530128 0.251496315002441 0.240719214081764 0.337612211704254 0.339651525020599 0.374761015176773 0.309140115976334 0.312141448259354 0.309927463531494 0.250296026468277 0.191449254751205 0.21553672850132 0.123570866882801 0.161158487200737 0.134041592478752 0.100977897644043 0.10406181961298
0.157713562250137 0.148119434714317 0.119067125022411 0.0991650074720383 0.0920215174555779 0.0913107246160507 0.0608695074915886 0.0684598237276077 0.0595178715884686 0.0486932247877121 0.0503086261451244 0.0471316054463387 0.0383846685290337 0.0288905445486307 0.025226192548871 0.0322244577109814 0.028918856754899 0.0238175801932812 0.0292540639638901 0.026216046884656 0.0330919399857521 0.0269632693380117 0.0315501168370247 0.0289251133799553 0.0292074531316757 0.0254645366221666 0.0265846755355597 0.0360276214778423 0.0322519354522228 0.054242379963398 0.0419520735740662 0.062459260225296 0.0619657225906849 0.0482864044606686 0.074623204767704 0.175363659858704 0.147961661219597 0.203069150447845 0.280953347682953 0.336162894964218 0.303223729133606 0.194580987095833 0.240245521068573 0.305182725191116 0.344995498657227 0.235617890954018 0.209575235843658 0.149420067667961 0.159063130617142 0.117130912840366 0.111245192587376 0.121097296476364 0.105925634503365
0.163917317986488 0.15163916349411 0.110324494540691 0.0904576703906059 0.0989377945661545 0.0732741579413414 0.0598822794854641 0.058538805693388 0.0512054227292538 0.0488937944173813 0.0353840589523315 0.0443207137286663 0.0434152670204639 0.0253052245825529 0.0289975255727768 0.0209513213485479 0.0264815408736467 0.0211658254265785 0.0261855833232403 0.0246781762689352 0.0238495543599129 0.019694983959198 0.0214697048068047 0.0286201760172844 0.0216255988925695 0.0186599213629961 0.0245871637016535 0.0184055380523205 0.0252840779721737 0.0377246253192425 0.037220723927021 0.0275099221616983 0.0382691137492657 0.0630044192075729 0.134997755289078 0.132620841264725 0.0780710354447365 0.137066751718521 0.22646352648735 0.18987050652504 0.142604321241379 0.275139629840851 0.394754141569138 0.270696640014648 0.340726524591446 0.273032158613205 0.176652058959007 0.175714835524559 0.154058277606964 0.149911925196648 0.120732359588146 0.0733055174350739 0.102431200444698
0.143912941217422 0.118832096457481 0.0980637222528458 0.0937042161822319 0.0714496970176697 0.0603018254041672 0.0634653568267822 0.0620167553424835 0.0604221038520336 0.0404344722628593 0.0365668348968029 0.0362818948924541 0.0311401002109051 0.0231350753456354 0.0228835344314575 0.0214826837182045 0.0235955268144608 0.0219879597425461 0.0212934575974941 0.0265328772366047 0.0168857164680958 0.0218608174473047 0.0166219882667065 0.0153769152238965 0.0153516763821244 0.0171122774481773 0.0172159411013126 0.0170766618102789 0.0155517403036356 0.0264161266386509 0.0272839665412903 0.0343351811170578 0.0375194512307644 0.0692790299654007 0.0521713010966778 0.0458217896521091 0.074855349957943 0.0692591145634651 0.07004614174366 0.0607100762426853 0.194287568330765 0.270124971866608 0.297266036272049 0.246705874800682 0.231959596276283 0.190528988838196 0.202175736427307 0.167239144444466 0.167201817035675 0.143267408013344 0.125408858060837 0.0782441347837448 0.0836240574717522
0.111196249723434 0.105882465839386 0.0918912142515182 0.0862018242478371 0.0827304571866989 0.0692270398139954 0.0688248053193092 0.0491484217345715 0.0376242734491825 0.0420533195137978 0.0360170230269432 0.0331692211329937 0.0274271573871374 0.0278718657791615 0.02326375618577 0.0230265483260155 0.0213806498795748 0.015961118042469 0.0197289995849133 0.0187793616205454 0.011852303519845 0.0156412702053785 0.0129369823262095 0.0143403969705105 0.0109779061749578 0.0123125398531556 0.0121640441939235 0.00691566569730639 0.013896550051868 0.0127829490229487 0.0194476023316383 0.0201170481741428 0.0204194746911526 0.0212805159389973 0.0219537597149611 0.0241097714751959 0.0259747244417667 0.0248357225209475 0.0548925027251244 0.047056071460247 0.0631054416298866 0.0847062915563583 0.0813047885894775 0.0900404378771782 0.0858377143740654 0.0900319293141365 0.089222714304924 0.0988342389464378 0.0907550007104874 0.0704260692000389 0.0775375813245773 0.0724013224244118 0.0627486109733582
0.115595191717148 0.0977926179766655 0.092083677649498 0.0793250575661659 0.056911289691925 0.0650310590863228 0.0526509918272495 0.0543043054640293 0.0449166297912598 0.0366030894219875 0.0371006019413471 0.0343207269906998 0.0222467221319675 0.0250410474836826 0.0211337320506573 0.0201296377927065 0.0173492208123207 0.0167706925421953 0.0159014444798231 0.013214691542089 0.00862542074173689 0.0109321726486087 0.0120907118543983 0.0104086082428694 0.0113929528743029 0.0111415656283498 0.00776689639315009 0.00570964952930808 0.00594725785776973 0.00912225246429443 0.0106152975931764 0.0109346667304635 0.0112957442179322 0.0102457879111171 0.0103853549808264 0.0106357578188181 0.0161725245416164 0.0160722136497498 0.0165761802345514 0.0176668707281351 0.0302816592156887 0.0229771602898836 0.0289491452276707 0.0327790006995201 0.0349253825843334 0.030591044574976 0.0322791263461113 0.0570783279836178 0.059134379029274 0.0726297870278358 0.0680851861834526 0.0598441399633884 0.0607985332608223
0.0997271835803986 0.0748139470815659 0.0658349394798279 0.073233887553215 0.059840839356184 0.0436801910400391 0.0565500892698765 0.048204343765974 0.0363335981965065 0.0402894467115402 0.0330846272408962 0.024655282497406 0.0190619379281998 0.0205695405602455 0.0176767315715551 0.018596475943923 0.0126214446499944 0.0119309714064002 0.0100257452577353 0.00971636455506086 0.00840354152023792 0.00800496805459261 0.0086226649582386 0.00846812780946493 0.0083320252597332 0.0053706387989223 0.00739130470901728 0.00723964162170887 0.00745445769280195 0.00767724914476275 0.00792890228331089 0.00782891176640987 0.00790770817548037 0.00829274114221334 0.00842399802058935 0.00975101254880428 0.0148822562769055 0.0126826912164688 0.0129754459485412 0.0122987227514386 0.0139404479414225 0.0128063475713134 0.0212848912924528 0.0197545755654573 0.0239393673837185 0.0266298707574606 0.0238711386919022 0.0247398465871811 0.0441284514963627 0.033803291618824 0.0472802519798279 0.0766145586967468 0.0677917450666428
0.0685703530907631 0.0680818036198616 0.0671906098723412 0.0631388574838638 0.0467907153069973 0.05337018892169 0.0504927262663841 0.0374836139380932 0.0362424217164516 0.031022772192955 0.0275385994464159 0.0229389481246471 0.0225645378232002 0.0218704752624035 0.014530717395246 0.0139514273032546 0.0119365472346544 0.0109059680253267 0.00711803790181875 0.0079928245395422 0.00762542942538857 0.00745609309524298 0.00735038612037897 0.00461755460128188 0.00525313429534435 0.00794475618749857 0.0071309395134449 0.00455149449408054 0.00462433882057667 0.0048192678950727 0.00563194742426276 0.00580685259774327 0.00605102814733982 0.00515302922576666 0.00524534424766898 0.0109796905890107 0.00971140619367361 0.00983971916139126 0.0100458534434438 0.0102031631395221 0.0117556611075997 0.0101030394434929 0.0155487889423966 0.0156699065119028 0.016310591250658 0.0208577737212181 0.0219642482697964 0.0233077853918076 0.0249410569667816 0.0255617499351501 0.0335119962692261 0.0351001247763634 0.0405298136174679
0.0694767534732819 0.0591538734734058 0.0702409595251083 0.0486383736133575 0.0372252576053143 0.0421531535685062 0.0404053963720798 0.0458021052181721 0.0344999954104424 0.0294395461678505 0.0250049158930779 0.0175366438925266 0.0163133647292852 0.0118974968791008 0.0144028766080737 0.0129761658608913 0.00759740360081196 0.00799692515283823 0.0064319777302444 0.00634881248697639 0.00697268545627594 0.00457142805680633 0.0044612935744226 0.00444844318553805 0.00506292702630162 0.00331113836728036 0.00445754313841462 0.00446619652211666 0.0045718657784164 0.00514677679166198 0.00525577925145626 0.00625314563512802 0.00642390316352248 0.00651998305693269 0.0066686449572444 0.00592659693211317 0.00700817303732038 0.00706821540370584 0.00716254953294992 0.00738867605105042 0.0123239140957594 0.0124404337257147 0.0132110398262739 0.0171359162777662 0.0132381301373243 0.0153675880283117 0.0152906533330679 0.018114048987627 0.0241975244134665 0.018848180770874 0.024453965947032 0.0345947332680225 0.0448938049376011
