data/climate_estimation/maxent_output/Colchicum_autumnale.asc
NCOLS 413 
NROWS 224 
XLLCORNER -7.58333333333333 
YLLCORNER 36.0833333333333 
CELLSIZE 0.0833333333333333 
NODATA_value -3.4e+38 
[rows 0 to 20 of 224, columns 235 to 281 of 413]
0.433938205242157 -3.4e+38 -3.4e+38 -3.4e+38 -3.4e+38 -3.4e+38 -3.4e+38 -3.4e+38 -3.4e+38 -3.4e+38 -3.4e+38 -3.4e+38 -3.4e+38 -3.4e+38 -3.4e+38 0.404116898775101 0.410364091396332 0.408809691667557 -3.4e+38 -3.4e+38 -3.4e+38 -3.4e+38 -3.4e+38 -3.4e+38 -3.4e+38 -3.4e+38 -3.4e+38 -3.4e+38 -3.4e+38 -3.4e+38 -3.4e+38 -3.4e+38 -3.4e+38 -3.4e+38 -3.4e+38 -3.4e+38 -3.4e+38 -3.4e+38 -3.4e+38 -3.4e+38 -3.4e+38 -3.4e+38 -3.4e+38 -3.4e+38 -3.4e+38 -3.4e+38 -3.4e+38
-3.4e+38 -3.4e+38 -3.4e+38 -3.4e+38 -3.4e+38 -3.4e+38 -3.4e+38 -3.4e+38 -3.4e+38 -3.4e+38 -3.4e+38 -3.4e+38 -3.4e+38 0.400244414806366 0.406946241855621 0.408376127481461 0.40829661488533 0.420608878135681 -3.4e+38 -3.4e+38 -3.4e+38 -3.4e+38 -3.4e+38 -3.4e+38 -3.4e+38 -3.4e+38 -3.4e+38 -3.4e+38 -3.4e+38 -3.4e+38 -3.4e+38 -3.4e+38 -3.4e+38 -3.4e+38 -3.4e+38 -3.4e+38 -3.4e+38 -3.4e+38 -3.4e+38 -3.4e+38 -3.4e+38 -3.4e+38 -3.4e+38 -3.4e+38 -3.4e+38 -3.4e+38 -3.4e+38
-3.4e+38 -3.4e+38 -3.4e+38 -3.4e+38 -3.4e+38 -3.4e+38 -3.4e+38 -3.4e+38 -3.4e+38 -3.4e+38 -3.4e+38 -3.4e+38 0.406469166278839 0.406826078891754 0.404410064220428 0.41620746254921 0.415724843740463 0.419747143983841 0.451140254735947 0.510928750038147 0.489160537719727 -3.4e+38 -3.4e+38 -3.4e+38 -3.4e+38 -3.4e+38 -3.4e+38 -3.4e+38 -3.4e+38 -3.4e+38 -3.4e+38 -3.4e+38 -3.4e+38 -3.4e+38 -3.4e+38 -3.4e+38 -3.4e+38 -3.4e+38 -3.4e+38 -3.4e+38 -3.4e+38 -3.4e+38 -3.4e+38 -3.4e+38 -3.4e+38 -3.4e+38 -3.4e+38
-3.4e+38 -3.4e+38 -3.4e+38 -3.4e+38 -3.4e+38 0.423700213432312 0.422037184238434 0.396416902542114 0.392513036727905 0.400832951068878 0.398151993751526 0.406746119260788 0.407658994197845 0.405874729156494 0.411554634571075 0.416086792945862 0.417375206947327 0.424169898033142 0.435802072286606 0.431317955255508 -3.4e+38 -3.4e+38 -3.4e+38 -3.4e+38 -3.4e+38 -3.4e+38 -3.4e+38 -3.4e+38 -3.4e+38 -3.4e+38 -3.4e+38 -3.4e+38 -3.4e+38 -3.4e+38 -3.4e+38 -3.4e+38 -3.4e+38 -3.4e+38 -3.4e+38 -3.4e+38 -3.4e+38 -3.4e+38 -3.4e+38 -3.4e+38 -3.4e+38 -3.4e+38 -3.4e+38
-3.4e+38 -3.4e+38 -3.4e+38 -3.4e+38 0.427117824554443 0.4265476167202 0.426262676715851 0.426588326692581 0.427994191646576 0.427953392267227 0.402869522571564 0.403171718120575 0.407341331243515 0.412674307823181 0.41295450925827 0.418130218982697 0.449577659368515 0.456789672374725 0.436298429965973 0.469489544630051 0.450868099927902 -3.4e+38 -3.4e+38 -3.4e+38 -3.4e+38 -3.4e+38 -3.4e+38 -3.4e+38 -3.4e+38 -3.4e+38 -3.4e+38 -3.4e+38 -3.4e+38 -3.4e+38 -3.4e+38 -3.4e+38 -3.4e+38 -3.4e+38 -3.4e+38 -3.4e+38 -3.4e+38 -3.4e+38 -3.4e+38 -3.4e+38 -3.4e+38 -3.4e+38 -3.4e+38
-3.4e+38 -3.4e+38 0.467806249856949 0.469108730554581 0.432232081890106 0.433384299278259 0.429014772176743 0.426641881465912 0.425990670919418 0.431960314512253 0.431591242551804 0.432493716478348 0.404277086257935 0.405942261219025 0.412714332342148 0.418453067541122 0.423386514186859 0.429634749889374 0.441091030836105 0.482958793640137 0.460665881633759 -3.4e+38 -3.4e+38 -3.4e+38 -3.4e+38 -3.4e+38 -3.4e+38 -3.4e+38 -3.4e+38 -3.4e+38 -3.4e+38 -3.4e+38 -3.4e+38 -3.4e+38 -3.4e+38 -3.4e+38 -3.4e+38 -3.4e+38 -3.4e+38 -3.4e+38 -3.4e+38 -3.4e+38 -3.4e+38 -3.4e+38 -3.4e+38 -3.4e+38 -3.4e+38
0.537347555160522 0.502075433731079 0.499047368764877 0.466510593891144 0.464075833559036 0.465146154165268 0.459105789661407 0.460453033447266 0.45956352353096 0.465447008609772 0.43396207690239 0.439250499010086 0.411326080560684 0.415497303009033 0.420068889856339 0.426237970590591 0.431595832109451 0.432500928640366 -3.4e+38 -3.4e+38 0.464883118867874 0.455439060926437 -3.4e+38 -3.4e+38 -3.4e+38 -3.4e+38 -3.4e+38 -3.4e+38 -3.4e+38 -3.4e+38 -3.4e+38 -3.4e+38 -3.4e+38 -3.4e+38 -3.4e+38 -3.4e+38 -3.4e+38 -3.4e+38 -3.4e+38 -3.4e+38 -3.4e+38 -3.4e+38 0.219164296984673 0.246756628155708 0.349981397390366 0.435817658901215 0.541041016578674
0.543145716190338 0.507812976837158 0.503510117530823 0.502175450325012 0.526812493801117 0.525503873825073 0.490752756595612 0.497827500104904 0.470059007406235 0.470101833343506 0.470016151666641 0.444794893264771 0.421219050884247 0.420017927885056 0.425654739141464 0.425790816545486 0.437157839536667 0.437117099761963 0.456037223339081 0.492811113595963 0.462034285068512 0.455926328897476 0.450544863939285 -3.4e+38 -3.4e+38 -3.4e+38 -3.4e+38 -3.4e+38 -3.4e+38 -3.4e+38 -3.4e+38 -3.4e+38 -3.4e+38 -3.4e+38 -3.4e+38 -3.4e+38 0.330537676811218 0.324642449617386 0.311153143644333 0.283848196268082 0.266519248485565 0.249409377574921 0.235769674181938 0.260651290416718 0.327280938625336 0.402841597795486 0.488158702850342
0.544933617115021 0.517294049263 0.513165950775146 0.529433786869049 0.531558215618134 0.531651377677917 0.531831204891205 0.503634929656982 0.507715404033661 0.476571649312973 0.450086623430252 0.450338572263718 0.422289133071899 0.425273299217224 0.45716267824173 0.465541988611221 0.47146663069725 0.473749876022339 0.488613486289978 0.493851870298386 0.492144078016281 0.449202477931976 0.42555844783783 0.3898845911026 0.354201823472977 0.318574666976929 -3.4e+38 -3.4e+38 -3.4e+38 -3.4e+38 -3.4e+38 0.35139736533165 0.344609707593918 0.331773430109024 0.346058040857315 0.356552422046661 0.345949441194534 0.318902671337128 0.302406370639801 0.286728084087372 0.271382480859756 0.257242530584335 0.245510280132294 0.263603270053864 0.32926669716835 0.379589021205902 0.443825632333755
0.528980612754822 0.522167921066284 0.545228600502014 0.537064075469971 0.536482334136963 0.536676168441772 0.539479672908783 0.531227111816406 0.510505080223083 0.515509068965912 0.485367178916931 0.457557171583176 0.424338132143021 0.432846516370773 0.43649560213089 0.438361078500748 0.476862072944641 0.484372735023499 0.489995777606964 0.494249612092972 0.489393770694733 0.476824104785919 0.411602795124054 0.36919242143631 0.326239734888077 0.297606259584427 0.271731168031693 0.251552313566208 -3.4e+38 0.363532781600952 0.341201573610306 0.338744878768921 0.336757510900497 0.344985336065292 0.359035730361938 0.329138278961182 0.323439657688141 0.333416134119034 0.279659658670425 0.270424723625183 0.263880372047424 0.260108053684235 0.259821593761444 0.276437878608704 0.318960011005402 0.349483221769333 0.403483361005783
0.529797494411469 0.528493463993073 0.553532123565674 0.552239596843719 0.566851675510406 0.560645818710327 0.568380773067474 0.56101530790329 0.545805156230927 0.517029404640198 0.487498193979263 0.496986776590347 0.463642060756683 0.432846516370773 0.43982982635498 0.480284929275513 0.487844079732895 0.493090748786926 0.499361485242844 0.490754753351212 0.489874660968781 0.426555216312408 0.390525937080383 0.382945120334625 0.349638164043427 0.301192194223404 0.261409163475037 0.26795357465744 0.278461486101151 0.324521481990814 0.362955361604691 0.327780574560165 0.393231779336929 0.371520489454269 0.35100594162941 0.340774208307266 0.358886867761612 0.345139235258102 0.290615975856781 0.269974797964096 0.297753036022186 0.259819328784943 0.254778414964676 0.275775671005249 0.301314234733582 0.342814832925797 0.382034510374069
0.506868183612823 0.535167217254639 0.533663213253021 0.558153033256531 0.577815115451813 0.573782026767731 0.593512296676636 0.574394762516022 0.576646029949188 0.529062688350677 0.496557682752609 0.491112738847733 0.498505473136902 0.497788995504379 0.506364822387695 0.482466578483582 0.491961419582367 0.495146691799164 0.497777968645096 0.492012828588486 0.475342959165573 0.436908900737762 0.417242467403412 0.382320940494537 0.379170954227448 -3.4e+38 0.318535774946213 0.274548441171646 0.282952725887299 -3.4e+38 0.329526841640472 0.396711796522141 0.38725158572197 0.402740091085434 0.397070527076721 0.385491490364075 0.374073654413223 0.360480397939682 0.319128453731537 0.266522616147995 0.288587689399719 0.245673999190331 0.293182194232941 0.295576333999634 0.308629661798477 0.316354334354401 0.34306874871254
0.576800227165222 0.596650302410126 0.590912640094757 0.590283393859863 0.586264610290527 0.608014822006226 0.606592118740082 0.587535500526428 0.564560770988464 0.570169746875763 0.56083744764328 0.531943500041962 0.532225251197815 0.505151689052582 0.516728639602661 0.522919595241547 0.496204793453217 0.529340147972107 0.495386123657227 0.490838408470154 0.478037178516388 0.444277256727219 0.405389279127121 0.371184170246124 0.380463063716888 0.349335700273514 0.341012179851532 0.356449276208878 0.359633207321167 0.378041446208954 0.378339111804962 0.403894484043121 0.419792801141739 0.423596024513245 0.396894603967667 0.371142119169235 0.366989374160767 0.351681172847748 0.334205329418182 0.311925917863846 0.293077617883682 0.266066402196884 0.306820511817932 0.281373172998428 0.297616839408875 0.306835979223251 0.326651394367218
0.583866953849792 0.61045253276825 0.598131656646729 0.598456859588623 0.618881821632385 0.610780656337738 0.617257177829742 0.614360332489014 0.589758217334747 0.569104492664337 0.56928688287735 0.542251765727997 0.541272163391113 0.544044256210327 0.524070978164673 0.526231050491333 0.562335550785065 0.528767466545105 0.523817300796509 0.520163893699646 0.489147484302521 0.430775195360184 0.479705899953842 0.379168719053268 0.386500835418701 0.396557360887527 0.383839845657349 0.386039406061172 0.419916063547134 0.422567307949066 0.397888362407684 0.42612412571907 0.430550545454025 0.431941658258438 0.4164759516716 0.403366953134537 0.380984127521515 0.373213142156601 0.331319749355316 0.317509591579437 0.307874470949173 0.306993365287781 0.26241734623909 0.271371901035309 0.289313495159149 0.298201739788055 0.31580376625061
0.615162312984467 0.611229658126831 0.610330164432526 0.627699375152588 0.621610820293427 0.648676097393036 0.62332683801651 0.623549997806549 0.618869543075562 0.599132180213928 0.577640295028687 0.571957349777222 0.521262943744659 0.554243803024292 0.558104455471039 0.561844944953918 0.561566054821014 0.560641169548035 0.555447936058044 0.575333297252655 0.553219199180603 0.500684916973114 0.482974112033844 0.451253652572632 0.432984441518784 0.409425377845764 0.40489736199379 0.440004795789719 0.405484646558762 0.445046722888947 0.482089340686798 0.44118195772171 0.413356870412827 0.435326308012009 0.416974365711212 0.407231450080872 0.386473298072815 0.372376829385757 0.343887388706207 0.327709645032883 0.304926693439484 0.29575115442276 0.271320939064026 0.294402301311493 0.309365957975388 0.293420732021332 0.288802355527878
0.628093123435974 0.619001865386963 0.644724726676941 0.638908982276917 0.659953117370605 0.635292530059814 0.637870073318481 0.612125754356384 0.606664955615997 0.606749355792999 0.60649561882019 0.582214593887329 0.552855968475342 0.560754299163818 0.561094284057617 0.592147648334503 0.594094812870026 0.588340044021606 0.586475372314453 0.579092621803284 0.550714552402496 0.527316331863403 0.465404510498047 0.449818432331085 0.442072510719299 0.449506908655167 0.417429149150848 0.445692420005798 0.454105466604233 0.492756336927414 0.531140089035034 0.471554756164551 0.469272315502167 0.448230773210526 0.412658303976059 0.411086648702621 0.380402624607086 0.360278755426407 0.330458343029022 0.311755836009979 0.299525618553162 0.310275733470917 0.30551278591156 0.299676328897476 0.302497893571854 0.276674747467041 0.274625480175018
0.6306112408638 0.632051050662994 0.651749670505524 0.646595120429993 0.669462740421295 0.646735489368439 0.64240962266922 0.62046080827713 0.620442628860474 0.616120219230652 0.59155946969986 0.590713024139404 0.556887447834015 0.62582665681839 0.624049246311188 0.631128966808319 0.588850677013397 0.61210685968399 0.587162792682648 0.57113379240036 0.512422800064087 0.45433634519577 0.455501109361649 0.487370997667313 0.472200244665146 0.453602373600006 0.450657188892365 0.451420873403549 0.482368409633636 0.487837761640549 0.478011310100555 0.54336678981781 0.489726692438126 0.456475466489792 0.419833391904831 0.379282027482986 0.353848546743393 0.352339148521423 0.325496703386307 0.297048270702362 0.289054483175278 0.287036806344986 0.295343369245529 0.284300625324249 0.284931033849716 0.287173986434937 0.26792898774147
0.640289306640625 0.637445628643036 0.660312831401825 0.659229576587677 0.654927492141724 0.655273795127869 0.655209362506866 0.62619411945343 0.627524971961975 0.62360292673111 0.599136710166931 0.602737307548523 0.570936322212219 0.601332604885101 0.603719472885132 0.596483111381531 0.632580816745758 0.592928528785706 0.583207428455353 0.555859386920929 0.506541669368744 0.481421411037445 0.458589166402817 0.491522133350372 0.467645794153214 0.461020529270172 0.44704869389534 0.470238566398621 0.473672389984131 0.471042156219482 0.503698825836182 0.515650510787964 0.51939845085144 0.44281542301178 0.381935298442841 0.358450531959534 0.340291380882263 0.304935574531555 0.30219691991806 0.289164870977402 0.270938128232956 0.27123099565506 0.267295688390732 0.276007562875748 0.267049133777618 0.268164217472076 0.279351145029068
0.623673260211945 0.645061612129211 0.66659939289093 0.665368556976318 0.660979807376862 0.632607161998749 0.658079981803894 0.658057391643524 0.658813655376434 0.632501065731049 0.611498713493347 0.609743237495422 0.603204786777496 0.639500319957733 0.636783123016357 0.598995387554169 0.599299967288971 0.586422801017761 0.570201516151428 0.588510930538177 0.5423823595047 0.472398728132248 0.461703926324844 0.50783509016037 0.463114082813263 0.448332756757736 0.463385283946991 0.461179435253143 0.451661854982376 0.451799422502518 0.500607311725616 0.476157695055008 0.472410172224045 0.419909536838531 0.367789030075073 0.332226365804672 0.32287323474884 0.301451981067657 0.286669701337814 0.264492213726044 0.253183007240295 0.250835716724396 0.267522692680359 0.262912929058075 0.265305429697037 0.268617987632751 0.271431684494019
0.626769781112671 0.649423599243164 0.647104382514954 0.672560453414917 0.642417967319489 0.646601855754852 0.646434187889099 0.645097494125366 0.663662314414978 0.642704963684082 0.638078629970551 0.636191964149475 0.635872006416321 0.629983246326447 0.601491630077362 0.597479641437531 0.627283215522766 0.600921928882599 0.591964542865753 0.574820876121521 0.52041757106781 0.472513467073441 0.496532678604126 0.464831620454788 0.44656965136528 0.431482195854187 0.424485504627228 0.431448251008987 0.42818620800972 0.472956925630569 0.490564078092575 0.468878746032715 0.455168664455414 0.411531507968903 0.36650088429451 0.337125808000565 0.315429866313934 0.286666512489319 0.274784117937088 0.257308930158615 0.239329621195793 0.242411255836487 0.242608726024628 0.247168362140656 0.252017498016357 0.256879568099976 0.247016116976738
0.630784034729004 0.630142748355865 0.653036177158356 0.650452733039856 0.62651252746582 0.645855963230133 0.64683598279953 0.64523720741272 0.670820355415344 0.670835316181183 0.642812728881836 0.633053421974182 0.628117680549622 0.627345383167267 0.653286635875702 0.631193399429321 0.597155630588531 0.595180809497833 0.537620723247528 0.549371898174286 0.51652592420578 0.501260817050934 0.478843152523041 0.459830194711685 0.447673201560974 0.460992783308029 0.440338373184204 0.411621928215027 0.427378982305527 0.44599786400795 0.447629809379578 0.446959257125854 0.437269002199173 0.399232089519501 0.359859645366669 0.333278298377991 0.312544137239456 0.295264601707458 0.26247638463974 0.250392317771912 0.239577785134315 0.235578000545502 0.227564111351967 0.230277925729752 0.246769905090332 0.236417382955551 0.254500865936279
