data/climate_estimation/maxent_output/Colchicum_cupanii.asc
NCOLS 263 
NROWS 97 
XLLCORNER 4.91666666666667 
YLLCORNER 35.6666666666667 
CELLSIZE 0.0833333333333333 
NODATA_value -3.4e+38 
[rows 0 to 23 of 97, columns 55 to 109 of 263]
-3.4e+38 -3.4e+38 -3.4e+38 -3.4e+38 -3.4e+38 -3.4e+38 -3.4e+38 -3.4e+38 -3.4e+38 0.490746945142746 0.489750891923904 0.477377861738205 0.365626335144043 0.370376259088516 0.329601913690567 0.322922378778458 0.267956525087357 0.249350517988205 0.207559466362 0.165426105260849 0.145796060562134 0.118788436055183 0.110324002802372 0.100137569010258 0.0983203127980232 0.0825696289539337 0.0893171802163124 0.0689540132880211 0.0726513490080833 0.0720723271369934 0.0693439096212387 0.0619351901113987 0.0619623549282551 0.0611499547958374 0.0637165531516075 0.0652347877621651 0.0674214214086533 0.0668915808200836 0.0669723376631737 0.0727268159389496 0.0756495371460915 0.0788903534412384 0.084207646548748 0.0210970919579268 0.0242175050079823 0.0248765889555216 -3.4e+38 -3.4e+38 -3.4e+38 -3.4e+38 -3.4e+38 -3.4e+38 -3.4e+38 -3.4e+38 -3.4e+38
-3.4e+38 -3.4e+38 -3.4e+38 -3.4e+38 -3.4e+38 -3.4e+38 -3.4e+38 -3.4e+38 -3.4e+38 0.515892565250397 0.512278139591217 0.518238425254822 0.481706082820892 0.431691229343414 0.356043457984924 0.30088609457016 0.279709309339523 0.258294880390167 0.21185490489006 0.174761712551117 0.161529585719109 0.13221238553524 0.135132163763046 0.11304185539484 0.102498717606068 0.101559974253178 0.0888052135705948 0.079326868057251 0.0745340213179588 0.0757931843400002 0.0667845904827118 0.0676337331533432 0.0614097006618977 0.0703398659825325 0.0673868358135223 0.0747296661138535 0.0702639073133469 0.0729888677597046 0.0718306601047516 0.0703827515244484 0.0796945169568062 0.0810697451233864 0.0913173481822014 0.0218935012817383 0.0218830835074186 0.0243250075727701 0.0273902248591185 0.0357111729681492 0.0382188074290752 -3.4e+38 -3.4e+38 -3.4e+38 -3.4e+38 -3.4e+38 -3.4e+38
-3.4e+38 -3.4e+38 -3.4e+38 -3.4e+38 -3.4e+38 -3.4e+38 -3.4e+38 -3.4e+38 -3.4e+38 0.515698194503784 0.55489182472229 0.508746981620789 0.495184302330017 0.410771638154984 0.400919944047928 0.35042816400528 0.260426938533783 0.234978422522545 0.243112325668335 0.214994460344315 0.173438414931297 0.152710229158401 0.133643850684166 0.132361933588982 0.107969999313354 0.0920793488621712 0.0856359377503395 0.0706042349338531 0.0666002705693245 0.0719707682728767 0.0688347592949867 0.0642863363027573 0.0662952437996864 0.066829115152359 0.0679135471582413 0.0689078569412231 0.0617696270346642 0.0686179175972939 0.0775557905435562 0.0713793262839317 0.0768697783350945 0.0860955938696861 0.0875482782721519 0.0230332538485527 0.0257509481161833 0.0274939760565758 0.0319272466003895 0.0352821201086044 0.0414053164422512 0.0376890450716019 -3.4e+38 -3.4e+38 -3.4e+38 -3.4e+38 -3.4e+38
-3.4e+38 -3.4e+38 -3.4e+38 -3.4e+38 0.579770386219025 -3.4e+38 -3.4e+38 -3.4e+38 -3.4e+38 0.553770840167999 0.544196724891663 0.547442555427551 0.523418486118317 0.380585759878159 0.374194800853729 0.389417260885239 0.287821739912033 0.211942046880722 0.236759647727013 0.243972688913345 0.212299019098282 0.168914824724197 0.163497880101204 0.141411021351814 0.11704583466053 0.107048526406288 0.095483660697937 0.0754962712526321 0.0641810894012451 0.0793306827545166 0.0746366456151009 0.0736965984106064 0.0710358023643494 0.0769047886133194 0.0705328807234764 0.0676784217357635 0.0667637661099434 0.0680060014128685 0.0537540279328823 0.0635357946157455 0.0812431126832962 0.0736269503831863 0.0820629298686981 0.0923881679773331 0.0243199821561575 0.0280303228646517 0.0318518653512001 0.0357699543237686 0.0412959270179272 0.0446823909878731 0.0467733778059483 -3.4e+38 -3.4e+38 -3.4e+38 -3.4e+38
-3.4e+38 -3.4e+38 -3.4e+38 -3.4e+38 -3.4e+38 -3.4e+38 -3.4e+38 -3.4e+38 -3.4e+38 -3.4e+38 0.563502550125122 0.579339385032654 0.590322911739349 0.471052378416061 0.420345067977905 0.41338723897934 0.321082592010498 0.26131945848465 0.261703193187714 0.248584851622581 0.210933044552803 0.209996581077576 0.190533846616745 0.167507499456406 0.141767486929893 0.117982365190983 0.106455847620964 0.0871345996856689 0.0832624286413193 0.0811343193054199 0.0855080485343933 0.0802867189049721 0.0838360190391541 0.0821093246340752 0.0786126181483269 0.074718602001667 0.0751477256417274 0.066069670021534 0.0597775913774967 0.0661728978157043 0.0762218460440636 0.0755844637751579 0.0670390054583549 0.0825235098600388 5.78326353206648e-06 7.21548394722049e-06 0.0291128419339657 0.0358637981116772 0.0376562215387821 0.0413045957684517 0.0471458658576012 -3.4e+38 -3.4e+38 -3.4e+38 -3.4e+38
-3.4e+38 -3.4e+38 -3.4e+38 -3.4e+38 -3.4e+38 -3.4e+38 -3.4e+38 -3.4e+38 -3.4e+38 -3.4e+38 -3.4e+38 0.619496524333954 0.598114550113678 0.540239095687866 0.517976641654968 0.411697715520859 0.371161103248596 0.308723419904709 0.281314045190811 0.250866621732712 0.246595308184624 0.243708893656731 0.221135929226875 0.201684936881065 0.167488515377045 0.135426893830299 0.110821582376957 0.109801918268204 0.100489877164364 0.0933980867266655 0.0876046717166901 0.0858746320009232 0.0914345681667328 0.0934567674994469 0.09841388463974 0.0789271518588066 0.0754547491669655 0.0812087953090668 0.0780533030629158 0.0612673535943031 0.0696355253458023 0.0787013024091721 5.81899712415179e-06 5.55311544303549e-06 5.72655699215829e-06 6.44255396764493e-06 7.41871417631046e-06 0.031889084726572 0.0350158885121346 0.0390097498893738 0.0420101173222065 0.0472952052950859 -3.4e+38 -3.4e+38 -3.4e+38
-3.4e+38 -3.4e+38 -3.4e+38 -3.4e+38 -3.4e+38 -3.4e+38 -3.4e+38 -3.4e+38 -3.4e+38 -3.4e+38 -3.4e+38 -3.4e+38 0.625142574310303 0.608266949653625 0.504104614257812 0.403317272663116 0.332586407661438 0.298781722784042 0.292578935623169 0.279219716787338 0.264111459255219 0.271902143955231 0.237912252545357 0.21870394051075 0.18005034327507 0.155308932065964 0.142425343394279 0.125157579779625 0.118446335196495 0.105630926787853 0.106916576623917 0.104598544538021 0.0942748636007309 0.0989018827676773 0.100229635834694 0.107394762337208 0.0848063379526138 0.0888185054063797 0.0762921869754791 0.0672218501567841 6.19996035311488e-06 0.0629699975252151 0.0852388441562653 5.082322331873e-06 5.33564161742106e-06 5.79929519517464e-06 6.27085000814986e-06 0.0300949234515429 0.031903013586998 0.0364487282931805 0.0371911786496639 0.0413063541054726 -3.4e+38 -3.4e+38 -3.4e+38
-3.4e+38 -3.4e+38 -3.4e+38 -3.4e+38 -3.4e+38 -3.4e+38 -3.4e+38 -3.4e+38 -3.4e+38 -3.4e+38 -3.4e+38 -3.4e+38 0.636082708835602 0.605779051780701 0.605025708675385 0.524380028247833 0.403325825929642 0.307735741138458 0.297608375549316 0.316231727600098 0.294569611549377 0.297111451625824 0.285795658826828 0.243953019380569 0.222180381417274 0.193182215094566 0.153395429253578 0.136218845844269 0.136274963617325 0.123222045600414 0.120460227131844 0.122431807219982 0.117679715156555 0.120876111090183 0.110966704785824 0.136176884174347 0.12485233694315 0.0805302038788795 0.0688511282205582 0.0660941079258919 7.21401511327713e-06 7.07121716914116e-06 4.70484428660711e-06 4.80251810586196e-06 5.22258960700128e-06 4.77137564303121e-06 5.03636101711891e-06 6.15296539763222e-06 0.0272013861685991 0.0331260859966278 0.0331439562141895 0.0378981493413448 0.0410501919686794 -3.4e+38 -3.4e+38
-3.4e+38 -3.4e+38 -3.4e+38 0.637755811214447 0.678993821144104 -3.4e+38 -3.4e+38 -3.4e+38 -3.4e+38 -3.4e+38 -3.4e+38 -3.4e+38 0.67066615819931 0.650039315223694 0.610406875610352 0.586070716381073 0.533945500850677 0.451096087694168 0.388123422861099 0.359304904937744 0.338881283998489 0.331135123968124 0.337708622217178 0.271084785461426 0.250524818897247 0.212440922856331 0.18223050236702 0.163362547755241 0.158910259604454 0.145297914743423 0.131925284862518 0.13043500483036 0.129025489091873 0.143904805183411 0.150650143623352 0.142939105629921 0.144184395670891 0.105613864958286 0.0726138278841972 0.0681066662073135 6.18786725681275e-06 6.84480937707121e-06 4.69412270831526e-06 5.66809512747568e-06 8.35780247143703e-06 4.1640932977316e-06 4.29427109338576e-06 5.23569042343297e-06 6.03860416958923e-06 0.0264434516429901 0.029099453240633 0.0341053456068039 0.0399245508015156 -3.4e+38 -3.4e+38
-3.4e+38 -3.4e+38 -3.4e+38 -3.4e+38 -3.4e+38 -3.4e+38 -3.4e+38 -3.4e+38 -3.4e+38 -3.4e+38 -3.4e+38 0.699846744537354 0.712544441223145 0.676403999328613 0.647099375724792 0.623665988445282 0.567362725734711 0.544467866420746 0.495246082544327 0.470620542764664 0.441221684217453 0.424452424049377 0.382288426160812 0.32605966925621 0.280939877033234 0.210641428828239 0.19680592417717 0.188966810703278 0.163637965917587 0.171647399663925 0.134103655815125 0.127048790454865 0.127134904265404 0.156506717205048 0.157816737890244 0.125986084342003 0.11479190737009 0.131257936358452 0.108491145074368 6.61906278764945e-06 6.3068528106669e-06 9.04785883903969e-06 8.20374407339841e-06 8.18295666249469e-06 3.06143338093534e-05 7.67299297876889e-06 3.88338230550289e-06 4.47920729129692e-06 5.13961413162178e-06 0.0198399070650339 0.0274986084550619 0.0282736420631409 0.039963211864233 -3.4e+38 -3.4e+38
-3.4e+38 -3.4e+38 -3.4e+38 -3.4e+38 -3.4e+38 -3.4e+38 -3.4e+38 -3.4e+38 -3.4e+38 -3.4e+38 0.751982808113098 0.773842036724091 -3.4e+38 -3.4e+38 -3.4e+38 0.602727472782135 0.600716888904572 0.571930587291718 0.52396696805954 0.514719247817993 0.474370181560516 0.476568102836609 0.442686825990677 0.32567024230957 0.262785136699677 0.18141196668148 0.215639650821686 0.214518904685974 0.176235377788544 0.179719671607018 0.174203932285309 0.13418984413147 0.119567349553108 0.133977025747299 0.154318258166313 0.12033049762249 0.113619238138199 0.109902143478394 0.11669385433197 8.59912233863724e-06 6.76386935083428e-06 4.91717673867242e-06 5.78114622840076e-06 1.31972728922847e-05 3.4630033042049e-05 1.39520270749927e-05 4.02288515033433e-06 3.95753158954903e-06 0.081002302467823 0.0236866511404514 0.0311936289072037 0.0315116532146931 0.0392709597945213 0.0458224378526211 -3.4e+38
-3.4e+38 -3.4e+38 -3.4e+38 -3.4e+38 -3.4e+38 -3.4e+38 -3.4e+38 0.747154951095581 0.749529898166656 0.789266288280487 0.801836252212524 0.767726302146912 -3.4e+38 -3.4e+38 0.677676320075989 0.640910744667053 0.618165612220764 0.574835658073425 0.531912565231323 0.530583024024963 0.510568141937256 0.523481547832489 0.4871965944767 0.348222494125366 0.308438837528229 0.277303576469421 0.26018425822258 0.249940320849419 0.203233972191811 0.195774868130684 0.198280289769173 0.168657809495926 0.129656136035919 0.125751942396164 0.152498722076416 0.131795644760132 0.0920007079839706 0.0926342085003853 0.116643212735653 0.0753572061657906 6.2900530792831e-06 5.96671088715084e-06 5.96198105995427e-06 7.84385429142276e-06 2.3462012904929e-05 1.1774490303651e-05 4.36584286944708e-06 4.03486637878814e-06 4.69422775495332e-06 6.13894326306763e-06 0.0215454697608948 0.0289948098361492 0.0342953912913799 0.0441881716251373 -3.4e+38
-3.4e+38 -3.4e+38 -3.4e+38 -3.4e+38 -3.4e+38 -3.4e+38 -3.4e+38 0.784931898117065 0.810571432113647 0.782586574554443 0.766274929046631 0.819897413253784 -3.4e+38 -3.4e+38 -3.4e+38 -3.4e+38 -3.4e+38 0.604480028152466 0.583765387535095 0.549374580383301 0.579709768295288 0.555086493492126 0.509065210819244 0.465778082609177 0.433713287115097 0.377412021160126 0.31738069653511 0.261146128177643 0.227840587496758 0.198283240199089 0.183849170804024 0.195990398526192 0.177187129855156 0.14541982114315 0.12531316280365 0.130597829818726 0.124398544430733 0.0835355296730995 0.0771989673376083 0.066010944545269 1.0304255738447e-05 7.06851005816134e-06 5.47871331946226e-06 8.64342564455001e-06 1.54035606101388e-05 8.33554258861113e-06 1.88212270586519e-05 5.68138057133183e-06 5.47083391211345e-06 5.73736906517297e-06 0.0824727565050125 0.0256808940321207 0.0322071313858032 0.0384317822754383 0.0487809404730797
0.574585616588593 -3.4e+38 -3.4e+38 -3.4e+38 -3.4e+38 -3.4e+38 0.800669252872467 0.844510495662689 -3.4e+38 -3.4e+38 -3.4e+38 -3.4e+38 -3.4e+38 -3.4e+38 -3.4e+38 -3.4e+38 -3.4e+38 -3.4e+38 0.616491138935089 0.622023463249207 0.639195144176483 0.589771032333374 0.611242949962616 0.642130970954895 0.533155620098114 0.507214725017548 0.390379458665848 0.287562757730484 0.289379775524139 0.23839944601059 0.175405502319336 0.173459380865097 0.23196180164814 0.164739772677422 0.125795289874077 0.131582081317902 0.128298178315163 0.0877065509557724 0.0725364983081818 0.0720425173640251 1.20091881399276e-05 6.65079733153107e-06 1.01362120403792e-05 1.80265051312745e-05 7.72714702179655e-06 5.9202138800174e-06 3.9307378756348e-05 1.38071218316327e-05 4.15685371990548e-06 0.0581489950418472 0.098002515733242 0.0226291287690401 0.0287513919174671 0.0390015505254269 0.0448259972035885
0.538051307201385 -3.4e+38 -3.4e+38 -3.4e+38 -3.4e+38 -3.4e+38 0.816866040229797 0.815959990024567 -3.4e+38 -3.4e+38 -3.4e+38 -3.4e+38 -3.4e+38 -3.4e+38 -3.4e+38 -3.4e+38 -3.4e+38 -3.4e+38 -3.4e+38 0.659945130348206 0.682186424732208 0.687130272388458 0.682467043399811 0.670349419116974 0.628246426582336 0.619437098503113 0.481233358383179 0.372418433427811 0.308084011077881 0.267951011657715 0.211883574724197 0.197006955742836 0.239578485488892 0.245351731777191 0.162175312638283 0.151819735765457 0.174092531204224 0.149851411581039 0.0888195782899857 0.0734161660075188 1.12718589662109e-05 1.83615811693016e-05 1.25841725093778e-05 5.39951361133717e-06 5.16399722982896e-06 7.15941769158235e-06 1.92730713024503e-05 8.90118826646358e-06 5.26740404893644e-06 0.0532242059707642 0.0740454643964767 0.0801496729254723 0.0242164395749569 0.0328210704028606 0.0396279022097588
0.572096824645996 -3.4e+38 -3.4e+38 -3.4e+38 -3.4e+38 -3.4e+38 -3.4e+38 -3.4e+38 -3.4e+38 -3.4e+38 -3.4e+38 -3.4e+38 -3.4e+38 -3.4e+38 -3.4e+38 -3.4e+38 -3.4e+38 -3.4e+38 -3.4e+38 0.730157971382141 0.694398462772369 0.738333642482758 0.735156774520874 0.741145133972168 0.728911399841309 0.706256568431854 0.642413020133972 0.569554388523102 0.457195997238159 0.366494327783585 0.231207221746445 0.216101214289665 0.223395004868507 0.223192408680916 0.237348675727844 0.229529082775116 0.132400795817375 0.11433307081461 0.0714631974697113 0.0765388906002045 0.068013072013855 1.85683311428875e-05 1.1998412446701e-05 1.28612518892623e-05 6.54839368507965e-06 5.98383985561668e-06 1.46501024573809e-05 2.17102624446852e-05 3.22624473483302e-05 1.31961669467273e-05 1.20296444947599e-05 0.0598939135670662 0.0973381772637367 0.0307873412966728 0.0439069680869579
0.586092114448547 -3.4e+38 -3.4e+38 -3.4e+38 -3.4e+38 -3.4e+38 -3.4e+38 -3.4e+38 -3.4e+38 0.765918374061584 -3.4e+38 -3.4e+38 -3.4e+38 -3.4e+38 -3.4e+38 -3.4e+38 0.739541471004486 0.719044506549835 -3.4e+38 0.727892160415649 0.722495198249817 0.766172707080841 0.779726028442383 0.765233159065247 0.797567844390869 0.801119744777679 0.76754903793335 0.770924031734467 0.669315576553345 0.549323558807373 0.381601393222809 0.23163902759552 0.20573627948761 0.235074132680893 0.252879410982132 0.277771145105362 0.199190735816956 0.123725399374962 0.0841154158115387 0.0720940977334976 0.0646013617515564 0.0513338111341 7.96615586295957e-06 1.22032242870773e-05 1.10533792394563e-05 2.69231190941355e-06 0.0344272516667843 0.0378738269209862 9.87225666904123e-06 1.58021884999471e-05 1.4348541299114e-05 1.30310836539138e-05 0.0755751803517342 0.0300124958157539 0.0386743433773518
0.615124523639679 -3.4e+38 -3.4e+38 -3.4e+38 -3.4e+38 -3.4e+38 -3.4e+38 -3.4e+38 -3.4e+38 0.785936236381531 -3.4e+38 -3.4e+38 -3.4e+38 -3.4e+38 -3.4e+38 -3.4e+38 0.754314959049225 0.738356232643127 -3.4e+38 0.752717316150665 -3.4e+38 -3.4e+38 -3.4e+38 -3.4e+38 0.817744612693787 0.86048823595047 0.828709840774536 0.814598143100739 0.788299918174744 0.641986548900604 0.460578918457031 0.313812583684921 0.283325433731079 0.309335082769394 0.293703258037567 0.278409719467163 0.250597715377808 0.203593447804451 0.107367366552353 0.0755161270499229 0.0609066113829613 0.0544937513768673 0.0499639436602592 1.21348075481365e-05 1.39610338010243e-05 8.49959906190634e-06 1.30765847643488e-05 0.0425370298326015 0.0452685095369816 0.0456733964383602 0.0531318373978138 0.0767746716737747 0.0793165788054466 0.0350369326770306 0.0465311519801617
0.64130300283432 -3.4e+38 -3.4e+38 -3.4e+38 -3.4e+38 -3.4e+38 -3.4e+38 -3.4e+38 -3.4e+38 -3.4e+38 -3.4e+38 -3.4e+38 -3.4e+38 -3.4e+38 -3.4e+38 -3.4e+38 -3.4e+38 -3.4e+38 -3.4e+38 0.761692106723785 -3.4e+38 -3.4e+38 -3.4e+38 -3.4e+38 -3.4e+38 -3.4e+38 0.873124897480011 0.85804557800293 0.820709943771362 0.785275280475616 0.576941013336182 0.467779487371445 0.401114910840988 0.400178611278534 0.352560788393021 0.280878245830536 0.240993559360504 0.232795536518097 0.167528033256531 0.111742727458477 0.0778650715947151 0.0622503645718098 0.0546395368874073 0.049458559602499 0.0444072559475899 1.71844712895108e-05 3.99931777792517e-05 2.88916507997783e-05 0.0495171323418617 0.0515689551830292 0.057302437722683 0.0791540071368217 0.0946853086352348 0.128080859780312 0.0920547917485237
0.639661490917206 -3.4e+38 -3.4e+38 -3.4e+38 -3.4e+38 -3.4e+38 -3.4e+38 -3.4e+38 -3.4e+38 -3.4e+38 -3.4e+38 -3.4e+38 -3.4e+38 -3.4e+38 -3.4e+38 -3.4e+38 -3.4e+38 -3.4e+38 -3.4e+38 -3.4e+38 -3.4e+38 -3.4e+38 -3.4e+38 -3.4e+38 -3.4e+38 -3.4e+38 0.888722836971283 0.889355361461639 0.80096435546875 0.767871141433716 0.762223839759827 0.628507673740387 0.674091100692749 0.54598867893219 0.415749907493591 0.331870853900909 0.307716369628906 0.275542438030243 0.19555726647377 0.116714917123318 0.0891819000244141 0.0703284367918968 0.0639621168375015 0.0581086315214634 0.0526898577809334 0.050037007778883 0.0511739738285542 2.08490946533857e-05 1.89419715752592e-05 2.07587218028493e-05 0.0705394595861435 0.0847128108143806 0.107055619359016 0.0582263506948948 0.0569992214441299
0.620380222797394 -3.4e+38 -3.4e+38 -3.4e+38 -3.4e+38 -3.4e+38 -3.4e+38 -3.4e+38 -3.4e+38 -3.4e+38 -3.4e+38 -3.4e+38 -3.4e+38 -3.4e+38 -3.4e+38 -3.4e+38 -3.4e+38 -3.4e+38 -3.4e+38 -3.4e+38 -3.4e+38 -3.4e+38 -3.4e+38 -3.4e+38 -3.4e+38 -3.4e+38 -3.4e+38 0.914757251739502 0.875488460063934 0.865546464920044 0.814734160900116 0.754346966743469 0.729810237884521 0.666579008102417 0.549581527709961 0.482488423585892 0.412643432617188 0.276037752628326 0.213075563311577 0.141757994890213 0.100152671337128 0.0941471680998802 0.0733299851417542 0.0708279684185982 0.0696260184049606 0.0590935871005058 0.0533418022096157 0.0583831928670406 0.06357741355896 0.0635179951786995 0.0594733394682407 0.071193553507328 0.119572766125202 0.116134956479073 0.0556444339454174
-3.4e+38 -3.4e+38 -3.4e+38 -3.4e+38 -3.4e+38 -3.4e+38 -3.4e+38 -3.4e+38 -3.4e+38 -3.4e+38 -3.4e+38 -3.4e+38 -3.4e+38 -3.4e+38 -3.4e+38 -3.4e+38 -3.4e+38 -3.4e+38 -3.4e+38 -3.4e+38 -3.4e+38 -3.4e+38 -3.4e+38 -3.4e+38 -3.4e+38 -3.4e+38 -3.4e+38 -3.4e+38 -3.4e+38 -3.4e+38 0.862620294094086 0.78578644990921 0.783728301525116 0.745560109615326 0.684184610843658 0.569045722484589 0.486448764801025 0.359252780675888 0.277838975191116 0.191378906369209 0.137089759111404 0.113243646919727 0.0966576635837555 0.0870983824133873 0.0735955238342285 0.0688649341464043 0.0667528957128525 0.0672982633113861 0.0735379680991173 0.0754067897796631 0.0763164684176445 0.0614095665514469 0.0520533099770546 0.0703250616788864 0.0574688874185085
-3.4e+38 -3.4e+38 -3.4e+38 -3.4e+38 -3.4e+38 -3.4e+38 -3.4e+38 -3.4e+38 -3.4e+38 -3.4e+38 -3.4e+38 -3.4e+38 -3.4e+38 -3.4e+38 -3.4e+38 -3.4e+38 -3.4e+38 -3.4e+38 -3.4e+38 -3.4e+38 -3.4e+38 -3.4e+38 -3.4e+38 -3.4e+38 -3.4e+38 -3.4e+38 -3.4e+38 -3.4e+38 -3.4e+38 -3.4e+38 -3.4e+38 0.819953262805939 0.777807056903839 0.739073038101196 0.730418980121613 0.684922397136688 0.5652716755867 0.405466228723526 0.346086591482162 0.22649946808815 0.169105738401413 0.13528861105442 0.120562091469765 0.0993686765432358 0.0951384603977203 0.0832940340042114 0.0705658942461014 0.0861321240663528 0.0800996571779251 0.0703234001994133 0.0596005357801914 0.0490214936435223 0.0533489435911179 0.0482669547200203 0.0591135993599892
-3.4e+38 -3.4e+38 -3.4e+38 -3.4e+38 -3.4e+38 -3.4e+38 -3.4e+38 -3.4e+38 -3.4e+38 -3.4e+38 -3.4e+38 -3.4e+38 -3.4e+38 -3.4e+38 -3.4e+38 -3.4e+38 -3.4e+38 -3.4e+38 -3.4e+38 -3.4e+38 -3.4e+38 -3.4e+38 -3.4e+38 -3.4e+38 -3.4e+38 -3.4e+38 -3.4e+38 -3.4e+38 -3.4e+38 -3.4e+38 -3.4e+38 -3.4e+38 0.766425609588623 0.753220617771149 0.747603476047516 0.701791763305664 0.610361933708191 0.412060409784317 0.275897562503815 0.234479501843452 0.205075442790985 0.200338184833527 0.178067654371262 0.140683680772781 0.111486129462719 0.109012693166733 0.0894748568534851 0.0758685171604156 0.108611099421978 0.0940498486161232 0.0691573396325111 0.071298860013485 0.0581024326384068 0.0528760701417923 0.0567218363285065
