data/climate_estimation/maxent_output/Colchicum_bivonae.asc
NCOLS 293 
NROWS 115 
XLLCORNER 12 
YLLCORNER 32.75 
CELLSIZE 0.0833333333333333 
NODATA_value -3.4e+38 
[rows 22 to 43 of 115, columns 200 to 249 of 293]
-3.4e+38 -3.4e+38 0.981720983982086 0.957591474056244 0.963589072227478 0.968104660511017 0.931757926940918 0.963680982589722 0.973938643932343 0.973623991012573 0.984159052371979 0.98550945520401 0.98039698600769 0.964135110378265 0.895011246204376 0.931852340698242 0.97623735666275 0.932748019695282 0.919011890888214 0.898400127887726 0.902594745159149 0.851481080055237 0.839423775672913 0.83919757604599 0.793447613716125 0.768203854560852 0.751240730285645 0.781444072723389 0.795054972171783 0.770432651042938 0.757304191589355 0.767483711242676 0.773542940616608 0.75926673412323 0.75705087184906 0.787512004375458 0.777695178985596 0.743908882141113 0.674537718296051 0.681543827056885 0.66772049665451 0.618330478668213 0.741075038909912 0.779813826084137 0.772988796234131 0.752189517021179 0.689236879348755 0.737493634223938 0.719168841838837 0.643498122692108
0.974454939365387 0.97692459821701 0.977851152420044 0.9749675989151 0.979462862014771 0.970408976078033 0.962843239307404 0.900008976459503 0.943582475185394 0.970474362373352 0.980122089385986 0.973156452178955 0.975150048732758 0.932096600532532 0.934800803661346 0.938895761966705 0.941269814968109 0.925501525402069 0.937938451766968 0.922972083091736 0.909467101097107 0.892386674880981 0.891427636146545 0.849402725696564 0.845929205417633 0.816299378871918 0.78583812713623 0.785560369491577 0.78129106760025 0.772541224956512 0.752943754196167 0.765464186668396 0.761362373828888 0.735005080699921 0.614398837089539 0.636888563632965 0.62800407409668 0.633350908756256 0.714035332202911 0.757216274738312 0.732476353645325 0.665920495986938 0.748480141162872 0.705219864845276 0.655219912528992 0.651992797851562 0.681874930858612 0.665607810020447 0.624754428863525 0.610010802745819
0.968755722045898 0.970939695835114 0.974696040153503 0.969894468784332 0.974926769733429 0.966585636138916 0.936556756496429 0.937311768531799 0.959337532520294 0.974520862102509 0.958447277545929 0.934203565120697 0.922693848609924 0.890554785728455 0.892476677894592 0.896012485027313 0.901417255401611 0.919683218002319 0.873319625854492 0.867830514907837 0.854875683784485 0.843719482421875 0.822348535060883 0.797467947006226 0.789324283599854 0.759438335895538 0.761014819145203 0.758752584457397 0.753581643104553 0.729203999042511 0.711304605007172 0.668920993804932 0.595181465148926 0.591419517993927 0.591554880142212 0.554502129554749 0.506754338741302 0.69480961561203 0.710870623588562 0.71509838104248 0.64617121219635 0.609205901622772 0.658755660057068 0.583876311779022 0.496474266052246 0.460390836000443 0.561386406421661 0.607808113098145 0.463513046503067 0.502447307109833
0.955264568328857 0.918715953826904 0.942074060440063 0.942670285701752 0.955821871757507 0.96475476026535 0.979072093963623 0.969408333301544 0.973071336746216 0.929725170135498 0.858120560646057 0.825111508369446 0.814978539943695 0.772087395191193 0.823764622211456 0.69707465171814 0.718737304210663 0.809593081474304 0.773057043552399 0.752166569232941 0.703503012657166 0.696331977844238 0.660291314125061 0.663954138755798 0.684866487979889 0.661072134971619 0.663898825645447 0.607083797454834 0.633161425590515 0.636539459228516 0.627531826496124 0.567726194858551 0.56698876619339 0.531090378761292 0.506089806556702 0.478990405797958 0.48777163028717 0.538211524486542 0.449822694063187 0.46890589594841 0.394386172294617 0.364502042531967 0.353452205657959 0.405261218547821 0.482811033725739 0.431111693382263 0.45528718829155 0.347612708806992 0.308631956577301 0.358879745006561
0.933480858802795 0.953090727329254 0.93948769569397 0.935927093029022 0.827676594257355 0.43174022436142 0.467643409967422 0.787537157535553 0.944752275943756 0.883690536022186 0.787431597709656 0.809891164302826 0.890828788280487 0.865821361541748 0.853793919086456 0.678814232349396 0.565241456031799 0.603649914264679 0.689371705055237 0.668123722076416 0.623627543449402 0.551378607749939 0.600354969501495 0.637616515159607 0.626994431018829 0.630361080169678 0.640311062335968 0.569137573242188 0.503616988658905 0.501009821891785 0.490313321352005 0.476513177156448 0.485502302646637 0.460526317358017 0.412796646356583 0.403182953596115 0.3760926425457 0.349789321422577 0.280239701271057 0.27929824590683 0.252012997865677 0.288592487573624 0.300933450460434 0.304579138755798 0.330551713705063 0.324771553277969 0.249028280377388 0.226833805441856 0.287600994110107 0.338849782943726
0.955135703086853 0.948065102100372 0.929116904735565 0.899361133575439 0.902536511421204 0.805904984474182 0.463770717382431 0.294257581233978 0.832532942295074 0.83631831407547 0.674275815486908 0.588978052139282 0.794553279876709 0.815114319324493 0.807388544082642 0.704592227935791 0.499126672744751 0.451532959938049 0.468162387609482 0.497166305780411 0.525271117687225 0.491174846887589 0.509069740772247 0.506431460380554 0.491518616676331 0.51563036441803 0.521675050258636 0.442209631204605 0.447341650724411 0.513434946537018 0.496111452579498 0.46989518404007 0.396285355091095 0.385099053382874 0.377779901027679 0.339601844549179 0.298011392354965 0.289995014667511 0.307011425495148 0.29732409119606 0.280760288238525 0.253753572702408 0.199204921722412 0.208224877715111 0.301457315683365 0.233465060591698 0.143500685691833 0.14992319047451 0.20886167883873 0.22782264649868
0.947990953922272 0.954065799713135 0.934236168861389 0.917831122875214 0.911875605583191 0.815114378929138 0.794253587722778 0.6988645195961 0.648058474063873 0.844310104846954 0.881375432014465 0.730886518955231 0.773238122463226 0.827522158622742 0.803764522075653 0.705788731575012 0.616695284843445 0.655325055122375 0.599158346652985 0.543040812015533 0.61306220293045 0.521188735961914 0.474781274795532 0.429137647151947 0.438845127820969 0.571334362030029 0.475936889648438 0.386881232261658 0.466274678707123 0.526307880878448 0.510797083377838 0.465674787759781 0.404382288455963 0.361848920583725 0.318958103656769 0.314798504114151 0.279050499200821 0.276503950357437 0.265694051980972 0.267525523900986 0.249661237001419 0.204580098390579 0.206110939383507 0.206047505140305 0.219831258058548 0.151002794504166 0.114156104624271 0.099848672747612 0.101605169475079 0.139384269714355
0.957757651805878 0.927214920520782 0.932794511318207 0.91121906042099 0.888700723648071 0.876977980136871 0.869600236415863 0.875663280487061 0.782521963119507 0.720695674419403 0.781618535518646 0.843894779682159 0.809937477111816 0.847900390625 0.782085835933685 0.607727289199829 0.495880097150803 0.462085068225861 0.472482055425644 0.430235594511032 0.352097243070602 0.312877237796783 0.356115490198135 0.39204528927803 0.34900638461113 0.254393130540848 0.255691915750504 0.271848022937775 0.291717439889908 0.334558665752411 0.336415678262711 0.363338351249695 0.401391744613647 0.404048919677734 0.359553664922714 0.346806138753891 0.29895094037056 0.234270706772804 0.226595029234886 0.208519816398621 0.197231337428093 0.164909958839417 0.15617173910141 0.149556964635849 0.12842932343483 0.109678708016872 0.150284871459007 0.135709822177887 0.128474354743958 0.146878853440285
0.901735723018646 0.923820972442627 0.931221425533295 0.90218448638916 0.886224985122681 0.8524449467659 0.838395714759827 0.842807412147522 0.833211779594421 0.840138137340546 0.833774328231812 0.778960704803467 0.855042576789856 0.850903391838074 0.837739884853363 0.717085957527161 0.687683284282684 0.613105535507202 0.499633938074112 0.3327916264534 0.238162785768509 0.179327264428139 0.167974069714546 0.167170912027359 0.191074222326279 0.200871750712395 0.227468937635422 0.248946145176888 0.257881551980972 0.288832306861877 0.294867634773254 0.300438016653061 0.309885829687119 0.289476633071899 0.275980800390244 0.271973371505737 0.263048321008682 0.226662412285805 0.200713038444519 0.171763360500336 0.165627673268318 0.176730424165726 0.19653432071209 0.143449664115906 0.116593234241009 0.125552713871002 0.130443170666695 0.148604854941368 0.154376700520515 0.136084988713264
0.878198981285095 0.905856490135193 0.907839298248291 0.874687075614929 0.875041007995605 0.848950982093811 0.836777091026306 0.866625189781189 0.816949367523193 0.769450545310974 0.750144243240356 0.754665672779083 0.820523858070374 0.819172203540802 0.792928636074066 0.71866637468338 0.645982503890991 0.511345565319061 0.437404483556747 0.342907756567001 0.237752556800842 0.200459435582161 0.186012133955956 0.189155593514442 0.20111645758152 0.230816349387169 0.241275802254677 0.247681528329849 0.247870564460754 0.259751617908478 0.262144923210144 0.265981078147888 0.271744936704636 0.273664355278015 0.256766885519028 0.245407447218895 0.231386139988899 0.202039614319801 0.188003674149513 0.16927133500576 0.171019166707993 0.176177248358727 0.159808218479156 0.134656235575676 0.114110127091408 0.11796560138464 0.161205261945724 0.14932906627655 0.128318190574646 0.12399385124445
0.85664564371109 0.844148397445679 0.845853745937347 0.81021374464035 0.813420057296753 0.80874115228653 0.811429500579834 0.831627368927002 0.814785063266754 0.768726706504822 0.791488409042358 0.802356421947479 0.775432229042053 0.769289374351501 0.743852198123932 0.714147627353668 0.642533481121063 0.562824189662933 0.416591495275497 0.309548646211624 0.217516750097275 0.234679371118546 0.225199073553085 0.215007349848747 0.19719423353672 0.197504356503487 0.217533349990845 0.227669045329094 0.251323193311691 0.263677984476089 0.284895271062851 0.292441219091415 0.296435922384262 0.310006558895111 0.286788672208786 0.254972457885742 0.216380149126053 0.201570376753807 0.18618232011795 0.161068558692932 0.154163032770157 0.156156450510025 0.144510880112648 0.139078184962273 0.122622460126877 0.115963473916054 0.138904824852943 0.134899467229843 0.125466465950012 0.126226037740707
0.836525559425354 0.840259671211243 0.835385084152222 0.790022194385529 0.780190944671631 0.798518300056458 0.788220703601837 0.798176348209381 0.793483197689056 0.73444277048111 0.738618969917297 0.739229261875153 0.739321351051331 0.709052383899689 0.70278662443161 0.648552119731903 0.607108533382416 0.555144131183624 0.473371475934982 0.474570095539093 0.354710847139359 0.26264762878418 0.283605396747589 0.221338242292404 0.198244586586952 0.202746748924255 0.224776446819305 0.223890706896782 0.239926621317863 0.258654475212097 0.289358198642731 0.298097252845764 0.291675537824631 0.305288404226303 0.268258839845657 0.249295309185982 0.219410493969917 0.206170409917831 0.181719824671745 0.161254540085793 0.155711323022842 0.151239112019539 0.147833004593849 0.129747629165649 0.120064407587051 0.118648678064346 0.124540336430073 0.127745732665062 0.111838422715664 0.119857639074326
0.851706147193909 0.840120375156403 0.824235081672668 0.79964816570282 0.811623096466064 0.829366266727448 0.77910041809082 0.749788522720337 0.786585688591003 0.777215898036957 0.725104570388794 0.708425402641296 0.732586026191711 0.749986350536346 0.696240961551666 0.635881543159485 0.589695453643799 0.559432089328766 0.554182827472687 0.636763393878937 0.607903838157654 0.416981667280197 0.318611770868301 0.201877802610397 0.197988018393517 0.196049764752388 0.213347166776657 0.216103732585907 0.226548627018929 0.248643174767494 0.252517312765121 0.267018169164658 0.271441608667374 0.292599946260452 0.278092294931412 0.261046707630157 0.226914539933205 0.195007160305977 0.183563426136971 0.161688789725304 0.149999156594276 0.14481395483017 0.128791734576225 0.126048997044563 0.123102530837059 0.119850978255272 0.130825385451317 0.135638654232025 0.118150368332863 0.125013023614883
0.861266553401947 0.868368029594421 0.889420032501221 0.779874265193939 0.852550446987152 0.899047493934631 0.775622367858887 0.776788294315338 0.80168628692627 0.820263504981995 0.772434175014496 0.698004245758057 0.760149896144867 0.776527643203735 0.754656791687012 0.696004509925842 0.612689614295959 0.532288789749146 0.527320563793182 0.62702351808548 0.532226741313934 0.352955013513565 0.253540068864822 0.216188371181488 0.233542531728745 0.208454072475433 0.213692471385002 0.221857100725174 0.242701187729836 0.243181794881821 0.255201727151871 0.252682209014893 0.261566549539566 0.261973679065704 0.25596895813942 0.240977242588997 0.236486658453941 0.187287464737892 0.181325569748878 0.148507639765739 0.147416636347771 0.13940292596817 0.125209838151932 0.118130624294281 0.112824536859989 0.116476632654667 0.113927468657494 0.115715779364109 0.117564179003239 0.115453697741032
0.885667502880096 0.893028318881989 0.852673351764679 0.781949758529663 0.837030053138733 0.823006093502045 0.723237812519073 0.77208411693573 0.827795743942261 0.788010537624359 0.709410548210144 0.673491477966309 0.687425434589386 0.681519150733948 0.663385033607483 0.649132430553436 0.634684085845947 0.547935426235199 0.479624360799789 0.514440715312958 0.462796330451965 0.33060422539711 0.206011027097702 0.263418763875961 0.263216763734818 0.233462870121002 0.238896325230598 0.216027334332466 0.223940014839172 0.25527411699295 0.247931033372879 0.260038048028946 0.249360233545303 0.241883605718613 0.225494891405106 0.22657199203968 0.212571606040001 0.197627350687981 0.177804738283157 0.160488769412041 0.139202043414116 0.123714365065098 0.116447620093822 0.114574059844017 0.114258080720901 0.108003959059715 0.101609922945499 0.105967722833157 0.112531132996082 0.112897753715515
0.836292207241058 0.84491229057312 0.811225354671478 0.780205190181732 0.85561615228653 0.801318526268005 0.75023227930069 0.719049632549286 0.791703402996063 0.771237373352051 0.682848453521729 0.651698648929596 0.651665151119232 0.666640043258667 0.602275133132935 0.59925788640976 0.597260594367981 0.553079307079315 0.455872446298599 0.383957833051682 0.366866052150726 0.336405694484711 0.232484489679337 0.225521102547646 0.26251032948494 0.251972913742065 0.2389145642519 0.224074184894562 0.238167896866798 0.252685397863388 0.265496611595154 0.244921207427979 0.244498670101166 0.248625919222832 0.224906861782074 0.215404614806175 0.210596814751625 0.180301547050476 0.159224718809128 0.143101841211319 0.136863350868225 0.122642576694489 0.113638959825039 0.103386677801609 0.104389667510986 0.105159968137741 0.100278399884701 0.108667217195034 0.104241050779819 0.102611035108566
0.830816447734833 0.812082469463348 0.791127443313599 0.745424151420593 0.770681440830231 0.813503265380859 0.787787020206451 0.742146015167236 0.737169921398163 0.741090774536133 0.681724727153778 0.70149827003479 0.681087791919708 0.666256725788116 0.621337234973907 0.617714762687683 0.533380925655365 0.466072261333466 0.411399155855179 0.390484571456909 0.294703781604767 0.28790619969368 0.300238758325577 0.261468678712845 0.279923796653748 0.298979878425598 0.268081724643707 0.259356081485748 0.255932122468948 0.250795483589172 0.239531472325325 0.261593520641327 0.237586811184883 0.231654509902 0.220025688409805 0.21460847556591 0.195468485355377 0.179935425519943 0.15916582942009 0.144051164388657 0.124777235090733 0.116939298808575 0.107837244868279 0.102130867540836 0.102148771286011 0.100685723125935 0.100292854011059 0.100938752293587 0.104327291250229 0.105561606585979
0.813196659088135 0.8285311460495 0.829565525054932 0.83939403295517 0.776114523410797 0.755264401435852 0.775916218757629 0.8221275806427 0.692776679992676 0.631684184074402 0.690167844295502 0.712923347949982 0.713314533233643 0.679295122623444 0.650566518306732 0.625827074050903 0.533224761486053 0.424773782491684 0.34881380200386 0.300528198480606 0.255289345979691 0.215285584330559 0.216252610087395 0.296664237976074 0.288750678300858 0.332915604114532 0.255264967679977 0.231885865330696 0.230629026889801 0.235493361949921 0.24908035993576 0.246560975909233 0.226894959807396 0.232060983777046 0.228365853428841 0.204184457659721 0.189098745584488 0.172958254814148 0.151468977332115 0.143430709838867 0.122847817838192 0.11698842048645 0.110082678496838 0.103312581777573 0.10490770637989 0.102917954325676 0.100603379309177 0.105252660810947 0.122617684304714 0.128201201558113
0.77944540977478 0.783965587615967 0.795211434364319 0.783105671405792 0.7600337266922 0.738667011260986 0.713215112686157 0.670335650444031 0.586176455020905 0.569791316986084 0.659616410732269 0.733033716678619 0.742620527744293 0.685674488544464 0.637488484382629 0.595208823680878 0.545543074607849 0.457316428422928 0.395529806613922 0.288291543722153 0.229881659150124 0.209436878561974 0.205267742276192 0.246036291122437 0.280300259590149 0.291871964931488 0.250124454498291 0.230545774102211 0.253661721944809 0.229458272457123 0.261688739061356 0.243706598877907 0.23468092083931 0.221045836806297 0.21728441119194 0.193251118063927 0.196541517972946 0.169604122638702 0.160048499703407 0.142137244343758 0.125654876232147 0.117296047508717 0.109055288136005 0.108827866613865 0.101023159921169 0.108138300478458 0.109038956463337 0.107848852872849 0.138185188174248 0.162559121847153
0.793877840042114 0.805718004703522 0.775615811347961 0.791688799858093 0.760373294353485 0.753621399402618 0.709159970283508 0.646106958389282 0.69312995672226 0.69577169418335 0.676326990127563 0.703343391418457 0.709196209907532 0.691437542438507 0.644012987613678 0.625867128372192 0.53581964969635 0.484487354755402 0.419598013162613 0.396663546562195 0.277817398309708 0.213822454214096 0.202674329280853 0.218163728713989 0.228336989879608 0.244861885905266 0.254643440246582 0.252066791057587 0.24264307320118 0.274445503950119 0.320403546094894 0.268889129161835 0.239654257893562 0.232120558619499 0.221718117594719 0.203864127397537 0.194242551922798 0.174887984991074 0.154377162456512 0.139184176921844 0.132662996649742 0.113326489925385 0.106113389134407 0.101423271000385 0.0987666994333267 0.108691953122616 0.107048630714417 0.109508402645588 0.154861241579056 0.200483813881874
0.808331489562988 0.786442816257477 0.767564535140991 0.758569478988647 0.747902035713196 0.732317209243774 0.700524032115936 0.656522035598755 0.696439027786255 0.703714430332184 0.687189102172852 0.675126373767853 0.635091722011566 0.601496160030365 0.611100077629089 0.628053486347198 0.593281805515289 0.469705492258072 0.340855330228806 0.27946263551712 0.23294760286808 0.204525366425514 0.195170372724533 0.212830543518066 0.211493298411369 0.217986896634102 0.235659450292587 0.256119251251221 0.214143604040146 0.259186893701553 0.314182460308075 0.250074446201324 0.2330322265625 0.231981500983238 0.214109525084496 0.207612171769142 0.193544656038284 0.171358615159988 0.157455056905746 0.138609543442726 0.131339073181152 0.104658797383308 0.102040179073811 0.0956423953175545 0.0931141674518585 0.10422445833683 0.102859184145927 0.118606895208359 0.143377378582954 0.217858850955963
0.816493570804596 0.79834246635437 0.792672216892242 0.776614546775818 0.750100672245026 0.726686418056488 0.680496513843536 0.681572079658508 0.669115781784058 0.644297122955322 0.632483243942261 0.633020758628845 0.586344003677368 0.550717711448669 0.597247421741486 0.637216985225677 0.62967848777771 0.594381749629974 0.50568562746048 0.365868717432022 0.340405493974686 0.452360272407532 0.238588288426399 0.214933946728706 0.212682038545609 0.208690002560616 0.215745359659195 0.208484590053558 0.202885776758194 0.204014241695404 0.218175947666168 0.237015590071678 0.239129245281219 0.227569475769997 0.21629598736763 0.20904615521431 0.178137332201004 0.172366008162498 0.157045587897301 0.129623845219612 0.122220434248447 0.111090466380119 0.0962372198700905 0.0952760502696037 0.0905193611979485 0.0969229489564896 0.109753206372261 0.125192582607269 0.18418824672699 0.230353787541389
