data/climate_estimation/maxent_output/Colchicum_szovitsii.asc
NCOLS 234 
NROWS 129 
XLLCORNER 31.25 
YLLCORNER 32 
CELLSIZE 0.0833333333333333 
NODATA_value -3.4e+38 
[rows 20 to 39 of 129, columns 88 to 131 of 234]
-3.4e+38 -3.4e+38 0.0918348655104637 0.177701130509377 0.196494966745377 0.211761116981506 0.241340801119804 0.228594928979874 0.266179114580154 0.271699368953705 0.278827220201492 0.288817018270493 0.303340494632721 0.245858937501907 -3.4e+38 -3.4e+38 -3.4e+38 -3.4e+38 -3.4e+38 -3.4e+38 -3.4e+38 0.0232381094247103 0.0213173925876617 0.0195840187370777 0.0133874183520675 0.0130205787718296 0.0147428838536143 0.0184242483228445 0.0130582684651017 0.0133222779259086 0.0174424201250076 0.0324821546673775 0.175821885466576 0.161257922649384 0.0355876833200455 0.0329150706529617 0.032049722969532 0.0240032467991114 0.186529278755188 0.0202300287783146 0.0423583500087261 0.02834652364254 0.0606869570910931 0.0658948644995689
0.173187166452408 0.157765507698059 0.195419311523438 0.205654755234718 0.260429084300995 0.286409884691238 0.321448057889938 0.357924252748489 0.346209913492203 0.474382251501083 0.366376131772995 0.338406383991241 0.320839285850525 0.304359585046768 0.264496982097626 0.22810897231102 0.130397662520409 0.104043714702129 -3.4e+38 0.0677840411663055 0.0278995763510466 0.0254876222461462 0.0146468821913004 0.0154317393898964 0.0169089436531067 0.160136044025421 0.156010016798973 0.194611594080925 0.182478040456772 0.209496334195137 0.315803945064545 0.204911753535271 0.218019038438797 0.0400525107979774 0.0167342945933342 0.0260270517319441 0.0426005348563194 0.0189056433737278 0.0943122655153275 0.0354202091693878 0.0459006875753403 0.051906306296587 0.0442919433116913 0.049646720290184
0.205188676714897 0.253275781869888 0.249593466520309 0.278165072202682 0.377392381429672 0.38120624423027 0.732076346874237 0.478184044361115 0.488758862018585 0.657830595970154 0.389775723218918 0.510770678520203 0.381211549043655 0.360011011362076 0.414856493473053 0.327219665050507 0.271397262811661 0.139750465750694 0.20062643289566 0.191499978303909 0.0858502313494682 0.0838055312633514 0.0804188400506973 0.2166987657547 0.231256514787674 0.432318568229675 0.277766317129135 0.45276540517807 0.405532002449036 0.323416173458099 0.269858300685883 0.238897249102592 0.288965702056885 0.284328788518906 0.0531915165483952 0.0992492586374283 0.0249170027673244 0.0869616121053696 0.0337082222104073 0.070914700627327 0.0573390834033489 0.0431503094732761 0.0802755802869797 0.0779623836278915
0.425431430339813 0.430268943309784 0.438918024301529 0.414312332868576 0.334295898675919 0.845612406730652 0.836723983287811 0.900900542736053 0.842369318008423 0.920350074768066 0.925893366336823 0.542346000671387 0.327965945005417 0.477092862129211 0.677967369556427 0.373593211174011 0.405119955539703 0.387060165405273 0.36953991651535 0.31236058473587 0.280885726213455 0.301658600568771 0.334848344326019 0.306116551160812 0.354825973510742 0.632132411003113 0.434834718704224 0.370480477809906 0.3781578540802 0.288419485092163 0.276483237743378 0.306677132844925 0.334293007850647 0.375251591205597 0.224485009908676 0.1035460755229 0.150457844138145 0.106335997581482 0.0328202769160271 0.0188469495624304 0.00948193855583668 0.031429585069418 0.0210555624216795 0.0363891385495663
0.495519906282425 0.797968029975891 0.885654509067535 0.939534366130829 0.881378591060638 0.582449436187744 0.713403403759003 0.961094558238983 0.956399261951447 0.961561739444733 0.953716278076172 0.887079477310181 0.806110560894012 0.925868093967438 0.928351640701294 0.508457660675049 0.584516286849976 0.833063542842865 0.798097789287567 0.382000595331192 0.623950302600861 0.832514107227325 0.735042750835419 0.766065776348114 0.605773687362671 0.694416344165802 0.536544024944305 0.357694447040558 0.370069712400436 0.414152204990387 0.556921660900116 0.467624247074127 0.270419895648956 0.131977960467339 0.137375742197037 0.0648102387785912 0.047681849449873 0.0193714816123247 0.0247414037585258 0.0303793754428625 0.0495235361158848 0.0744932293891907 0.0438941568136215 0.014224560931325
0.964896857738495 0.984684348106384 0.983712613582611 0.98150098323822 0.980423212051392 0.984089851379395 0.892717123031616 0.952258050441742 0.942434012889862 0.975382328033447 0.968987822532654 0.959903001785278 0.951720356941223 0.954726159572601 0.952788352966309 0.940248191356659 0.941435694694519 0.917560935020447 0.928266942501068 0.711524426937103 0.801313459873199 0.860735714435577 0.699287474155426 0.827348947525024 0.790292918682098 0.588029146194458 0.478788763284683 0.504217028617859 0.637557804584503 0.703043580055237 0.369932144880295 0.205558806657791 0.531264364719391 0.560832858085632 0.560888886451721 0.570995092391968 0.214522749185562 0.0457610189914703 0.110195279121399 0.105235211551189 0.105811759829521 0.0406522788107395 0.0144097665324807 0.0201090164482594
0.992526412010193 0.99101984500885 0.990628719329834 0.986537933349609 0.986686110496521 0.992373168468475 0.993101716041565 0.991192817687988 0.908387780189514 0.978330194950104 0.987743377685547 0.990332782268524 0.972076594829559 0.933413565158844 0.970697164535522 0.973567366600037 0.958542287349701 0.962943315505981 0.954211294651031 0.948621571063995 0.877984464168549 0.878430962562561 0.690479338169098 0.673227310180664 0.712504923343658 0.797522485256195 0.807797074317932 0.806906580924988 0.779903531074524 0.294256418943405 0.45353564620018 0.722410202026367 0.63902735710144 0.602997124195099 0.598269522190094 0.314709544181824 0.341831624507904 0.672387301921844 0.691158175468445 0.0747186243534088 0.0259163696318865 0.0235481578856707 0.132151395082474 0.107210278511047
0.995209455490112 0.995928466320038 0.996012449264526 0.989718377590179 0.983162045478821 0.985607922077179 0.992351531982422 0.995418608188629 0.99591726064682 0.983918130397797 0.990742564201355 0.990672469139099 0.994289338588715 0.99313086271286 0.990821301937103 0.981292188167572 0.984442949295044 0.984677374362946 0.96105283498764 0.972424864768982 0.956698358058929 0.94612443447113 0.93435001373291 0.910946071147919 0.798177301883698 0.561059594154358 0.509136557579041 0.598915576934814 0.42243230342865 0.574554860591888 0.753720283508301 0.598221361637115 0.739189565181732 0.690741300582886 0.360671311616898 0.635072112083435 0.711428701877594 0.717071413993835 0.705088078975677 0.709857285022736 0.0316964648663998 0.0630335658788681 0.150018766522408 0.0926950871944427
0.996394336223602 0.99563592672348 0.996991693973541 0.997409462928772 0.992950141429901 0.956370949745178 0.979380905628204 0.996703267097473 0.99608963727951 0.995399832725525 0.996508598327637 0.989115834236145 0.992247939109802 0.992690801620483 0.993964731693268 0.991232812404633 0.986939251422882 0.949487924575806 0.896195232868195 0.833101272583008 0.796335101127625 0.785853147506714 0.785442411899567 0.681087374687195 0.72716236114502 0.695349276065826 0.870553612709045 0.863824903964996 0.842785835266113 0.802955389022827 0.61895751953125 0.576995432376862 0.682836771011353 0.792366504669189 0.552207589149475 0.609041750431061 0.759636700153351 0.73929500579834 0.721208572387695 0.0684709846973419 0.0409281812608242 0.717373847961426 0.588648080825806 0.612755000591278
0.997042119503021 0.996298670768738 0.997004628181458 0.996334671974182 0.99621570110321 0.995895743370056 0.995592594146729 0.995500087738037 0.996552169322968 0.995579540729523 0.995184719562531 0.994214475154877 0.993847131729126 0.991793155670166 0.991110682487488 0.985755443572998 0.94605028629303 0.937693297863007 0.858272969722748 0.834429144859314 0.960407555103302 0.96008962392807 0.964220225811005 0.941934466362 0.939376533031464 0.918585419654846 0.908469200134277 0.904182314872742 0.866724729537964 0.880246579647064 0.811571538448334 0.66633278131485 0.748541951179504 0.80340588092804 0.806312739849091 0.60572224855423 0.77998286485672 0.768526911735535 0.731468081474304 0.422015845775604 0.641065657138824 0.700997352600098 0.628571510314941 0.733146846294403
0.994103908538818 0.994393527507782 0.995830714702606 0.99569833278656 0.989965438842773 0.984430849552155 0.976414740085602 0.981682360172272 0.99037629365921 0.990202307701111 0.991119265556335 0.990346372127533 0.981094181537628 0.972788155078888 0.973028719425201 0.942327916622162 0.937115073204041 0.914387822151184 0.915399134159088 0.907905995845795 0.927946746349335 0.96884560585022 0.945522606372833 0.953798472881317 0.944590747356415 0.926271080970764 0.914951920509338 0.907314360141754 0.901418626308441 0.884925544261932 0.829037308692932 0.71453458070755 0.730685412883759 0.769001245498657 0.819294929504395 0.782196342945099 0.739600956439972 0.792377948760986 0.761876940727234 0.760367274284363 0.73661071062088 0.764817357063293 0.700226306915283 0.629441678524017
0.993315577507019 0.99019581079483 0.97131073474884 0.970182538032532 0.965575158596039 0.964489996433258 0.950323939323425 0.969819486141205 0.961099863052368 0.935421943664551 0.933919847011566 0.956617295742035 0.979123651981354 0.981065094470978 0.977664470672607 0.968697905540466 0.978987634181976 0.97375750541687 0.974260628223419 0.977208256721497 0.978100895881653 0.94825404882431 0.967512726783752 0.960660219192505 0.958544373512268 0.952766835689545 0.926220238208771 0.89717572927475 0.905501365661621 0.892705202102661 0.87183552980423 0.852272391319275 0.808080852031708 0.834481418132782 0.823135673999786 0.66659152507782 0.770743846893311 0.77701336145401 0.769407629966736 0.791656672954559 0.761016130447388 0.506238162517548 0.307843029499054 0.314064264297485
0.958958923816681 0.972343862056732 0.972447156906128 0.983078837394714 0.986918449401855 0.987249970436096 0.986468434333801 0.986504435539246 0.98372608423233 0.98256117105484 0.983170390129089 0.977806150913239 0.975081086158752 0.982615411281586 0.983574032783508 0.979064404964447 0.976188957691193 0.977762162685394 0.973769545555115 0.975496351718903 0.971945524215698 0.972017288208008 0.972820281982422 0.965630412101746 0.958097100257874 0.956951320171356 0.951065838336945 0.930324375629425 0.917283833026886 0.892353653907776 0.780530273914337 0.754628717899323 0.695855021476746 0.757364153862 0.812854707241058 0.791362464427948 0.582663059234619 0.581245064735413 0.569818317890167 0.67160838842392 0.396596491336823 0.182869240641594 0.163744583725929 0.138489425182343
0.944317042827606 0.945063591003418 0.947579562664032 0.974183559417725 0.974442481994629 0.974933326244354 0.978075444698334 0.980548858642578 0.985921263694763 0.976710021495819 0.974891424179077 0.981425046920776 0.974663436412811 0.979036390781403 0.977640211582184 0.978549540042877 0.968418657779694 0.954204618930817 0.947480797767639 0.963847458362579 0.947690606117249 0.956168711185455 0.927491307258606 0.8749058842659 0.846014022827148 0.861859023571014 0.816614627838135 0.789332926273346 0.767278432846069 0.778662443161011 0.707085311412811 0.611140310764313 0.654729843139648 0.767003893852234 0.656979024410248 0.505017399787903 0.390989929437637 0.355150312185287 0.306578576564789 0.268993079662323 0.241897061467171 0.233140617609024 0.267006903886795 0.30667445063591
0.961475372314453 0.961301982402802 0.947207450866699 0.968769371509552 0.961100816726685 0.968387544155121 0.97646176815033 0.972742259502411 0.969970285892487 0.975675821304321 0.979109764099121 0.980541586875916 0.976331770420074 0.976258933544159 0.97542417049408 0.969663918018341 0.952222347259521 0.909727513790131 0.830647945404053 0.822075605392456 0.927881240844727 0.947357356548309 0.954844892024994 0.955268919467926 0.933707773685455 0.89475005865097 0.905736565589905 0.92771303653717 0.931836485862732 0.89522385597229 0.769723236560822 0.798553884029388 0.885901212692261 0.890194952487946 0.855831623077393 0.836881697177887 0.786720395088196 0.614538550376892 0.573602259159088 0.412422150373459 0.53118097782135 0.724627256393433 0.740693330764771 0.738627433776855
0.922603189945221 0.928349196910858 0.93272465467453 0.934415638446808 0.941090226173401 0.928922355175018 0.966350793838501 0.963127553462982 0.946607887744904 0.742887735366821 0.819112300872803 0.946206092834473 0.972000360488892 0.942964732646942 0.960185110569 0.965182244777679 0.961539506912231 0.93779057264328 0.902841567993164 0.757834613323212 0.755421221256256 0.780361771583557 0.863346040248871 0.891408503055573 0.912076830863953 0.918610692024231 0.953123390674591 0.943425118923187 0.941187381744385 0.893485724925995 0.880637347698212 0.903656303882599 0.855800211429596 0.891723215579987 0.859143078327179 0.8620445728302 0.84521621465683 0.830206632614136 0.640030562877655 0.768386423587799 0.816645920276642 0.809935927391052 0.798351585865021 0.794469654560089
0.820312917232513 0.924910962581635 0.941686272621155 0.926334202289581 0.85481595993042 0.857614934444427 0.960950314998627 0.948044121265411 0.961327135562897 0.72471034526825 0.566739320755005 0.551504254341125 0.602284729480743 0.930311381816864 0.965580224990845 0.970216810703278 0.961102783679962 0.95684403181076 0.927410125732422 0.878694593906403 0.822655320167542 0.850117206573486 0.82702648639679 0.869708716869354 0.9428351521492 0.950375258922577 0.951610445976257 0.946428656578064 0.945080459117889 0.94438773393631 0.925342679023743 0.911389708518982 0.909640729427338 0.898659944534302 0.846329271793365 0.792883455753326 0.778254210948944 0.777991652488708 0.688603401184082 0.718725562095642 0.765393078327179 0.810014009475708 0.833285570144653 0.827693104743958
0.731322467327118 0.842785358428955 0.86777251958847 0.842242836952209 0.889407277107239 0.784977197647095 0.810062408447266 0.771850168704987 0.794017374515533 0.869047105312347 0.950876832008362 0.879708707332611 0.631108522415161 0.734332740306854 0.911338090896606 0.939839541912079 0.936663150787354 0.939548492431641 0.899930894374847 0.860290586948395 0.856217682361603 0.895030856132507 0.875195741653442 0.837966620922089 0.850372493267059 0.867277145385742 0.86278510093689 0.866645932197571 0.867741286754608 0.921493947505951 0.947310626506805 0.938283741474152 0.924175262451172 0.88745391368866 0.809162139892578 0.807947874069214 0.721769392490387 0.608851790428162 0.606562316417694 0.794466495513916 0.756336808204651 0.807274699211121 0.810858547687531 0.794480919837952
0.756454825401306 0.789571940898895 0.828760325908661 0.834269285202026 0.861723780632019 0.90616911649704 0.948605537414551 0.947391331195831 0.945621192455292 0.955063998699188 0.948750674724579 0.95207279920578 0.951008260250092 0.953275620937347 0.94474595785141 0.93695330619812 0.930366337299347 0.921631336212158 0.910536706447601 0.894007205963135 0.915438175201416 0.899339258670807 0.919838964939117 0.929634749889374 0.903559505939484 0.921954452991486 0.907199025154114 0.852303624153137 0.856618046760559 0.924987018108368 0.9399693608284 0.883771896362305 0.87520557641983 0.857020020484924 0.895723521709442 0.873987376689911 0.908690333366394 0.807268679141998 0.870768427848816 0.872335612773895 0.809470772743225 0.773453533649445 0.699858903884888 0.75928920507431
0.826899766921997 0.794769108295441 0.879016041755676 0.923705637454987 0.92694479227066 0.925147354602814 0.927965342998505 0.940794467926025 0.927883744239807 0.926850914955139 0.952487349510193 0.94453501701355 0.935023963451385 0.950733959674835 0.919390738010406 0.911729574203491 0.898574709892273 0.917989492416382 0.940623939037323 0.890807509422302 0.82606428861618 0.795454859733582 0.753777265548706 0.780315339565277 0.846049249172211 0.833417952060699 0.876079738140106 0.909435927867889 0.908569931983948 0.871777892112732 0.867379724979401 0.876360356807709 0.887364864349365 0.923615634441376 0.91618013381958 0.875935256481171 0.85081821680069 0.737219870090485 0.799838244915009 0.893900811672211 0.886554658412933 0.847807466983795 0.728066265583038 0.625708937644958
