data/climate_estimation/maxent_output/Colchicum_variegatum.asc
NCOLS 98 
NROWS 34 
XLLCORNER 24.25 
YLLCORNER 35.8333333333333 
CELLSIZE 0.0833333333333333 
NODATA_value -3.4e+38 
[rows 0 to 22 of 34, columns 0 to 51 of 98]
-339999999999999996123846586046231871488.000000000000000 -3.4e+38 -3.4e+38 -3.4e+38 -3.4e+38 -3.4e+38 -3.4e+38 -3.4e+38 -3.4e+38 -3.4e+38 -3.4e+38 -3.4e+38 -3.4e+38 -3.4e+38 -3.4e+38 0.833307504653931 0.809423565864563 -3.4e+38 -3.4e+38 0.715570271015167 0.720779776573181 0.683999836444855 -3.4e+38 -3.4e+38 -3.4e+38 0.662419736385345 0.629937767982483 0.590126931667328 -3.4e+38 0.415799677371979 0.369988024234772 0.3396355509758 0.251210004091263 0.200975090265274 0.175005838274956 0.171750232577324 0.121136464178562 0.0946020856499672 0.0898495241999626 0.0569958984851837 0.0500117167830467 0.0556107573211193 0.0678989291191101 0.0403958521783352 0.0440874211490154 0.0480194613337517 0.0809787139296532 0.108026370406151 0.186108067631721 0.20544645190239 0.18218207359314 0.172859758138657
-3.4e+38 -3.4e+38 -3.4e+38 -3.4e+38 -3.4e+38 -3.4e+38 -3.4e+38 -3.4e+38 -3.4e+38 -3.4e+38 -3.4e+38 -3.4e+38 -3.4e+38 -3.4e+38 0.842434763908386 0.831773281097412 0.79636949300766 -3.4e+38 -3.4e+38 0.794292271137238 0.794889152050018 0.780841588973999 0.663111448287964 0.669838547706604 0.653193652629852 0.670986652374268 0.631215035915375 0.605929493904114 0.517414391040802 0.417005181312561 0.373712927103043 0.318447709083557 0.263610243797302 0.237353041768074 0.266159564256668 0.277855902910233 0.205113902688026 0.179630681872368 0.224538013339043 0.0787483751773834 0.0491911433637142 0.0424309857189655 0.0408793985843658 0.034299973398447 0.0400516204535961 0.0423874966800213 0.0587539784610271 0.108036242425442 0.206639721989632 0.261098295450211 0.181611895561218 0.170662805438042
-3.4e+38 -3.4e+38 -3.4e+38 -3.4e+38 -3.4e+38 -3.4e+38 -3.4e+38 -3.4e+38 -3.4e+38 -3.4e+38 -3.4e+38 -3.4e+38 -3.4e+38 -3.4e+38 -3.4e+38 -3.4e+38 -3.4e+38 -3.4e+38 -3.4e+38 0.711531221866608 0.70373797416687 0.803231656551361 0.712909638881683 -3.4e+38 0.657174944877625 0.692716956138611 0.652717649936676 0.608327567577362 0.529581367969513 0.43898206949234 0.395929932594299 0.298197269439697 0.292106986045837 0.267679780721664 0.24074412882328 0.2084970921278 0.180123776197433 0.150942668318748 0.116085037589073 0.0767619460821152 0.0524675734341145 0.0557556971907616 0.0643990933895111 0.0713078752160072 0.0802649334073067 0.066676989197731 0.105060115456581 0.155072197318077 0.2809157371521 0.367568165063858 0.333122551441193 0.295509219169617
-3.4e+38 -3.4e+38 -3.4e+38 -3.4e+38 -3.4e+38 -3.4e+38 -3.4e+38 -3.4e+38 -3.4e+38 -3.4e+38 -3.4e+38 -3.4e+38 -3.4e+38 -3.4e+38 -3.4e+38 -3.4e+38 -3.4e+38 -3.4e+38 -3.4e+38 -3.4e+38 0.663334429264069 0.788883745670319 0.624078214168549 -3.4e+38 0.710732758045197 0.70541912317276 0.664526998996735 0.634290218353271 0.544019103050232 0.467612981796265 0.388931065797806 0.368590861558914 0.383194655179977 0.327047079801559 0.293765515089035 0.239700451493263 0.251590222120285 0.221989169716835 0.13643741607666 0.120051793754101 0.113260112702847 0.135956391692162 0.128522381186485 0.146492540836334 0.150781959295273 0.177051454782486 0.189541265368462 0.174013093113899 0.173662588000298 0.30583593249321 0.402691841125488 0.400072187185287
0.688775479793549 -3.4e+38 -3.4e+38 -3.4e+38 -3.4e+38 -3.4e+38 -3.4e+38 -3.4e+38 -3.4e+38 -3.4e+38 -3.4e+38 -3.4e+38 -3.4e+38 -3.4e+38 -3.4e+38 -3.4e+38 -3.4e+38 -3.4e+38 -3.4e+38 0.702317118644714 0.709575951099396 0.742481112480164 0.582617819309235 0.698047995567322 0.739731311798096 0.749317407608032 0.689576983451843 0.622405111789703 0.57011604309082 0.472244083881378 0.427056908607483 0.436010926961899 0.429894357919693 0.389256745576859 0.337300539016724 0.294437766075134 0.231609910726547 0.173636630177498 0.161607325077057 0.139808014035225 0.134241387248039 0.0949173271656036 0.0759348496794701 0.100080154836178 0.0701340436935425 0.128522381186485 0.191181212663651 0.187152817845345 0.149559795856476 0.156468331813812 0.173333048820496 0.272235155105591
0.800873756408691 0.73367714881897 -3.4e+38 -3.4e+38 -3.4e+38 -3.4e+38 -3.4e+38 -3.4e+38 -3.4e+38 -3.4e+38 -3.4e+38 -3.4e+38 -3.4e+38 -3.4e+38 -3.4e+38 -3.4e+38 -3.4e+38 -3.4e+38 -3.4e+38 0.715992629528046 0.737874925136566 0.657467067241669 0.627584397792816 -3.4e+38 0.717280864715576 0.7277871966362 0.644547462463379 0.661953330039978 0.597148239612579 0.453168362379074 0.382647693157196 0.427056908607483 0.425972759723663 0.411561608314514 0.375135153532028 0.336396187543869 0.26769682765007 0.183150708675385 0.13898004591465 0.0935056731104851 0.0664169415831566 0.0430293157696724 0.0542578808963299 0.033229872584343 0.030155323445797 0.0481676049530506 0.117345780134201 0.181855693459511 0.226268783211708 0.160608753561974 0.170057967305183 0.180315211415291
0.839345991611481 0.87867271900177 0.857848644256592 0.883809626102448 0.790679454803467 -3.4e+38 -3.4e+38 -3.4e+38 -3.4e+38 -3.4e+38 -3.4e+38 -3.4e+38 -3.4e+38 -3.4e+38 -3.4e+38 -3.4e+38 -3.4e+38 -3.4e+38 -3.4e+38 -3.4e+38 -3.4e+38 0.730931758880615 -3.4e+38 -3.4e+38 -3.4e+38 -3.4e+38 -3.4e+38 0.65117222070694 0.630573749542236 -3.4e+38 0.432114154100418 0.453871965408325 0.476762473583221 0.446330368518829 0.426833122968674 0.385778248310089 0.295277893543243 0.199237853288651 0.132936835289001 0.0800638645887375 0.0505067482590675 0.0350830778479576 0.0284985024482012 0.028317654505372 0.0387159809470177 0.0455533228814602 0.0700673162937164 0.116203986108303 0.118497937917709 0.142714619636536 0.155678406357765 0.163612529635429
0.749893546104431 0.831862151622772 0.871789157390594 0.886877000331879 0.79996132850647 -3.4e+38 -3.4e+38 -3.4e+38 -3.4e+38 -3.4e+38 -3.4e+38 -3.4e+38 -3.4e+38 -3.4e+38 -3.4e+38 -3.4e+38 -3.4e+38 -3.4e+38 -3.4e+38 -3.4e+38 -3.4e+38 -3.4e+38 -3.4e+38 -3.4e+38 -3.4e+38 -3.4e+38 -3.4e+38 -3.4e+38 -3.4e+38 -3.4e+38 -3.4e+38 0.499749839305878 0.485019445419312 0.505131304264069 0.442720651626587 0.447001129388809 0.339023470878601 0.22175957262516 0.144798532128334 0.0911807343363762 0.0893796980381012 0.096074104309082 0.104071855545044 0.129169479012489 0.126972630620003 0.162877172231674 0.144332319498062 0.158048644661903 0.131232976913452 0.113888777792454 0.13581882417202 0.133916035294533
0.715423226356506 0.753287434577942 0.844988405704498 0.816947519779205 -3.4e+38 0.882700443267822 0.899547100067139 0.82646769285202 -3.4e+38 -3.4e+38 -3.4e+38 -3.4e+38 -3.4e+38 -3.4e+38 -3.4e+38 -3.4e+38 -3.4e+38 -3.4e+38 -3.4e+38 -3.4e+38 -3.4e+38 -3.4e+38 -3.4e+38 -3.4e+38 -3.4e+38 -3.4e+38 -3.4e+38 -3.4e+38 -3.4e+38 -3.4e+38 -3.4e+38 -3.4e+38 -3.4e+38 -3.4e+38 0.480844557285309 0.419920086860657 0.32843354344368 0.268810361623764 0.173968032002449 0.110014855861664 0.0905606001615524 0.0631715953350067 0.077282540500164 0.16700367629528 0.141365572810173 0.0729091614484787 0.0999795272946358 0.0824665427207947 0.0558003410696983 0.0453161783516407 0.0807597935199738 0.0969234630465508
-339999999999999996123846586046231871488.000000000000000 -3.4e+38 -3.4e+38 -3.4e+38 -3.4e+38 0.856719136238098 0.903189897537231 0.911626160144806 0.903116703033447 -3.4e+38 -3.4e+38 -3.4e+38 -3.4e+38 -3.4e+38 -3.4e+38 -3.4e+38 -3.4e+38 -3.4e+38 -3.4e+38 -3.4e+38 -3.4e+38 -3.4e+38 -3.4e+38 -3.4e+38 -3.4e+38 -3.4e+38 -3.4e+38 -3.4e+38 -3.4e+38 -3.4e+38 -3.4e+38 -3.4e+38 -3.4e+38 -3.4e+38 -3.4e+38 0.461611658334732 0.416806697845459 0.262853801250458 0.176750525832176 0.0890074074268341 0.0554002039134502 0.0334290824830532 0.0270394571125507 0.0298189595341682 0.0201199185103178 0.0186170525848866 0.0194891672581434 0.0186726804822683 0.0159110780805349 0.0188645627349615 0.0376237332820892 0.0430521108210087
-3.4e+38 -3.4e+38 -3.4e+38 -3.4e+38 -3.4e+38 -3.4e+38 0.90230393409729 0.916632235050201 0.915415287017822 -3.4e+38 -3.4e+38 -3.4e+38 -3.4e+38 -3.4e+38 -3.4e+38 -3.4e+38 -3.4e+38 -3.4e+38 -3.4e+38 -3.4e+38 -3.4e+38 -3.4e+38 -3.4e+38 -3.4e+38 -3.4e+38 -3.4e+38 -3.4e+38 -3.4e+38 0.731522381305695 0.640923142433167 0.66056627035141 0.640700161457062 0.624970138072968 0.628136873245239 -3.4e+38 -3.4e+38 0.391941398382187 0.270955294370651 0.186328396201134 0.0899105370044708 0.0483446270227432 0.0281910765916109 0.0182196497917175 0.0135840075090528 0.0188726261258125 0.0179246608167887 0.0202804896980524 0.0398155637085438 0.0303675252944231 0.0320576019585133 0.130587115883827 0.0739885121583939
0.732447922229767 0.727202832698822 -3.4e+38 -3.4e+38 -3.4e+38 -3.4e+38 -3.4e+38 0.905426740646362 0.902115523815155 0.850811898708344 -3.4e+38 -3.4e+38 -3.4e+38 -3.4e+38 -3.4e+38 -3.4e+38 -3.4e+38 -3.4e+38 -3.4e+38 -3.4e+38 -3.4e+38 -3.4e+38 -3.4e+38 -3.4e+38 0.741760790348053 0.715492010116577 -3.4e+38 0.69263744354248 0.736744105815887 0.667069613933563 0.669233500957489 0.616030216217041 0.634240210056305 0.6267409324646 0.57006973028183 0.501588821411133 0.404993176460266 0.27584832906723 0.165286794304848 0.0936501771211624 0.0923842042684555 0.0768945515155792 0.035554762929678 0.0224348921328783 0.0191316734999418 0.021832412108779 0.0461825579404831 0.108101710677147 0.0474635399878025 0.0228114034980536 0.067854143679142 0.122539967298508
0.768593013286591 0.827079057693481 -3.4e+38 -3.4e+38 -3.4e+38 0.857794284820557 -3.4e+38 -3.4e+38 0.869159638881683 0.911994159221649 0.915222942829132 0.92264586687088 0.858075141906738 -3.4e+38 -3.4e+38 -3.4e+38 -3.4e+38 -3.4e+38 -3.4e+38 -3.4e+38 -3.4e+38 0.852362632751465 0.835586786270142 0.81922572851181 0.779765427112579 0.71615207195282 0.676821887493134 0.681875586509705 -3.4e+38 -3.4e+38 0.699426889419556 0.600898683071136 -3.4e+38 0.605276048183441 0.523771703243256 0.463015109300613 0.346275329589844 0.25793331861496 0.145652309060097 0.111157357692719 0.112523503601551 0.0835162177681923 0.0629555284976959 0.0350773520767689 0.0158018879592419 0.0158018879592419 0.08391372859478 0.205808117985725 0.112747393548489 0.0334473364055157 0.0309957135468721 0.0583698414266109
0.79785031080246 0.768803834915161 -3.4e+38 -3.4e+38 -3.4e+38 -3.4e+38 -3.4e+38 0.822996258735657 -3.4e+38 -3.4e+38 0.906722784042358 0.90301239490509 -3.4e+38 -3.4e+38 -3.4e+38 -3.4e+38 -3.4e+38 -3.4e+38 -3.4e+38 -3.4e+38 0.833483397960663 0.882591962814331 0.854815602302551 0.828647255897522 -3.4e+38 0.643396317958832 0.708500564098358 0.641331315040588 -3.4e+38 -3.4e+38 -3.4e+38 -3.4e+38 -3.4e+38 -3.4e+38 0.475990623235703 0.407623827457428 0.349959939718246 0.227164685726166 0.147514224052429 0.136070802807808 0.172788232564926 0.107795938849449 0.0655522122979164 0.0243420507758856 0.0380379967391491 0.0225945468991995 0.0391848608851433 0.0752988234162331 0.0907057598233223 0.0973233208060265 0.08458212018013 0.0407590977847576
-3.4e+38 0.827660501003265 0.772582173347473 -3.4e+38 -3.4e+38 -3.4e+38 -3.4e+38 0.829142689704895 0.867215216159821 -3.4e+38 -3.4e+38 0.818779349327087 0.874721109867096 0.854894697666168 0.866407811641693 -3.4e+38 -3.4e+38 -3.4e+38 -3.4e+38 -3.4e+38 -3.4e+38 -3.4e+38 -3.4e+38 -3.4e+38 -3.4e+38 -3.4e+38 -3.4e+38 -3.4e+38 -3.4e+38 -3.4e+38 -3.4e+38 -3.4e+38 0.511429011821747 0.499275177717209 -3.4e+38 0.385087132453918 0.337849467992783 0.237958207726479 0.203108981251717 0.112387523055077 0.119708076119423 0.136095136404037 0.122697807848454 0.0681846216320992 0.11526483297348 0.0695416927337646 0.0359171852469444 0.0455539226531982 0.0845188349485397 0.0938847959041595 0.0940275266766548 0.0682062283158302
-3.4e+38 0.790790855884552 0.822719395160675 -3.4e+38 -3.4e+38 -3.4e+38 -3.4e+38 0.823817551136017 0.840567052364349 -3.4e+38 -3.4e+38 0.815375804901123 0.824137628078461 0.846315920352936 -3.4e+38 0.841584324836731 -3.4e+38 -3.4e+38 -3.4e+38 -3.4e+38 -3.4e+38 -3.4e+38 -3.4e+38 -3.4e+38 -3.4e+38 -3.4e+38 -3.4e+38 0.651826977729797 0.636513352394104 0.570877373218536 0.566714107990265 -3.4e+38 -3.4e+38 -3.4e+38 -3.4e+38 0.362857162952423 0.293990790843964 0.219214454293251 0.18493489921093 0.205148234963417 0.106808982789516 0.0750403553247452 0.0648507475852966 0.0908752381801605 0.106297113001347 0.0550512783229351 0.044157549738884 0.0636994391679764 0.110216476023197 0.168947324156761 0.120492495596409 0.0908936634659767
-3.4e+38 0.799365639686584 0.723181426525116 -3.4e+38 0.788132786750793 -3.4e+38 -3.4e+38 -3.4e+38 -3.4e+38 -3.4e+38 -3.4e+38 -3.4e+38 -3.4e+38 -3.4e+38 -3.4e+38 -3.4e+38 -3.4e+38 -3.4e+38 -3.4e+38 -3.4e+38 -3.4e+38 -3.4e+38 -3.4e+38 -3.4e+38 -3.4e+38 -3.4e+38 -3.4e+38 0.664069533348083 -3.4e+38 0.642907798290253 0.557867288589478 -3.4e+38 -3.4e+38 -3.4e+38 0.42258894443512 -3.4e+38 -3.4e+38 0.208724603056908 0.186910212039948 0.157058790326118 0.114980652928352 0.0909913927316666 0.0760397985577583 0.104561269283295 0.147054061293602 0.105346858501434 0.0637158527970314 0.0628175139427185 0.0929569453001022 0.168142512440681 0.171324819326401 0.118241623044014
-3.4e+38 -3.4e+38 0.86820513010025 0.827726662158966 -3.4e+38 -3.4e+38 -3.4e+38 -3.4e+38 -3.4e+38 -3.4e+38 -3.4e+38 -3.4e+38 -3.4e+38 -3.4e+38 0.801575481891632 0.890090227127075 -3.4e+38 -3.4e+38 -3.4e+38 -3.4e+38 -3.4e+38 -3.4e+38 -3.4e+38 -3.4e+38 -3.4e+38 -3.4e+38 -3.4e+38 -3.4e+38 -3.4e+38 -3.4e+38 0.643095433712006 0.581707239151001 -3.4e+38 -3.4e+38 -3.4e+38 -3.4e+38 -3.4e+38 0.249736368656158 -3.4e+38 0.149884819984436 0.137113511562347 0.108718104660511 0.102098941802979 0.116865172982216 0.180333718657494 0.195728555321693 0.131298929452896 0.0941785424947739 0.0884583741426468 0.0949421748518944 0.140999108552933 0.124341003596783
-339999999999999996123846586046231871488.000000000000000 -3.4e+38 0.887003898620605 0.836323618888855 -3.4e+38 -3.4e+38 -3.4e+38 -3.4e+38 -3.4e+38 -3.4e+38 0.807828903198242 0.790003716945648 0.782002985477448 0.796333134174347 0.900440514087677 0.927956700325012 0.837941884994507 0.871574521064758 0.871867895126343 0.852253377437592 -3.4e+38 -3.4e+38 -3.4e+38 -3.4e+38 -3.4e+38 -3.4e+38 -3.4e+38 -3.4e+38 -3.4e+38 -3.4e+38 0.592485070228577 0.583575427532196 -3.4e+38 -3.4e+38 -3.4e+38 -3.4e+38 0.313939809799194 0.311561554670334 0.25007301568985 0.219205230474472 0.179332360625267 0.154958233237267 0.162990495562553 0.151106312870979 0.164155632257462 0.218013972043991 0.192900329828262 0.126256868243217 0.11403514444828 0.0969549864530563 0.096495732665062 0.091377429664135
-3.4e+38 -3.4e+38 -3.4e+38 -3.4e+38 0.852670073509216 0.884066641330719 -3.4e+38 -3.4e+38 -3.4e+38 0.804331660270691 0.844200253486633 0.903909921646118 0.777416050434113 0.802763879299164 0.887785911560059 0.905970454216003 0.819455027580261 -3.4e+38 -3.4e+38 -3.4e+38 -3.4e+38 -3.4e+38 -3.4e+38 -3.4e+38 -3.4e+38 -3.4e+38 0.762380003929138 -3.4e+38 -3.4e+38 -3.4e+38 -3.4e+38 0.584226787090302 0.580501317977905 0.554094135761261 0.479387670755386 0.404286950826645 0.399619966745377 0.318410038948059 0.274500042200089 0.277460813522339 0.247093632817268 0.246027573943138 0.25006952881813 0.180223762989044 0.162968799471855 0.151202186942101 0.172110855579376 0.160321414470673 0.134485706686974 0.114388152956963 0.0960824266076088 0.0708966702222824
-3.4e+38 -3.4e+38 -3.4e+38 -3.4e+38 -3.4e+38 0.90308004617691 0.821428179740906 -3.4e+38 0.806682825088501 0.853668332099915 0.814273536205292 0.833183765411377 -3.4e+38 0.810537695884705 0.897067725658417 0.89848268032074 0.874398350715637 -3.4e+38 -3.4e+38 -3.4e+38 0.842118322849274 0.879694521427155 -3.4e+38 -3.4e+38 0.821726620197296 -3.4e+38 0.760626375675201 -3.4e+38 -3.4e+38 -3.4e+38 -3.4e+38 -3.4e+38 0.659696638584137 0.581172525882721 0.5126131772995 0.455257534980774 0.410113930702209 0.310487776994705 0.294643223285675 0.271657437086105 0.268494546413422 -3.4e+38 -3.4e+38 -3.4e+38 -3.4e+38 0.272065550088882 0.265620797872543 0.219426423311234 0.1733388453722 0.151054635643959 0.147249206900597 0.1262286901474
-3.4e+38 -3.4e+38 -3.4e+38 0.83542811870575 0.847661852836609 0.870740711688995 -3.4e+38 -3.4e+38 -3.4e+38 -3.4e+38 -3.4e+38 -3.4e+38 -3.4e+38 -3.4e+38 0.881704151630402 0.859830439090729 0.882262587547302 0.877638518810272 -3.4e+38 0.884799718856812 0.868410527706146 0.904771745204926 -3.4e+38 0.826854526996613 -3.4e+38 -3.4e+38 -3.4e+38 -3.4e+38 -3.4e+38 -3.4e+38 -3.4e+38 -3.4e+38 -3.4e+38 0.585381329059601 0.575786948204041 0.597014367580414 0.534652173519135 0.469015568494797 -3.4e+38 -3.4e+38 -3.4e+38 -3.4e+38 -3.4e+38 -3.4e+38 -3.4e+38 0.329975157976151 0.305085867643356 0.301823854446411 0.246570706367493 0.226515129208565 0.194166243076324 0.170914232730865
0.883949339389801 0.869324803352356 0.870165705680847 0.891733825206757 0.911529541015625 -3.4e+38 -3.4e+38 -3.4e+38 -3.4e+38 -3.4e+38 -3.4e+38 -3.4e+38 0.906597256660461 0.867593348026276 0.884041249752045 -3.4e+38 -3.4e+38 -3.4e+38 0.901651799678802 0.890118002891541 -3.4e+38 -3.4e+38 -3.4e+38 -3.4e+38 -3.4e+38 -3.4e+38 -3.4e+38 -3.4e+38 -3.4e+38 -3.4e+38 -3.4e+38 -3.4e+38 0.662251472473145 0.627292037010193 0.628438174724579 0.672100365161896 -3.4e+38 -3.4e+38 0.553856074810028 0.578489601612091 0.543823778629303 0.517214477062225 0.523145854473114 0.510719299316406 0.485940277576447 0.484498351812363 0.421095073223114 0.38985937833786 0.372653007507324 0.28063240647316 0.230135232210159 0.214113250374794
