data/climate_estimation/maxent_output/Colchicum_longifolium.asc
NCOLS 132 
NROWS 63 
XLLCORNER 0.416666666666667 
YLLCORNER 42.0833333333333 
CELLSIZE 0.0833333333333333 
NODATA_value -3.4e+38 
[rows 0 to 19 of 63, columns 0 to 44 of 132]
0.203716248273849 0.208688363432884 0.231701046228409 0.199952721595764 0.239984139800072 0.223907724022865 0.237464860081673 0.245710849761963 0.251538246870041 0.228097483515739 0.2715203166008 0.263444304466248 0.254743099212646 0.0113836927339435 0.0125725427642465 0.0138661786913872 0.0154375797137618 0.0154983187094331 0.0186061374843121 0.0167994443327188 0.0208906885236502 0.0183215774595737 0.0204030312597752 0.020175701007247 0.0222975816577673 0.0224234648048878 0.0242062285542488 0.0200541764497757 0.0219281669706106 0.0159081574529409 0.0180589947849512 0.0179021619260311 0.0161795224994421 0.0163840614259243 0.0148842073976994 0.016737274825573 0.0155215049162507 0.01265524700284 0.0117920683696866 0.0145820071920753 0.0166145525872707 0.019068144261837 0.0212074425071478 0.0186122115701437 0.0180307496339083
0.202987909317017 0.2087312489748 0.213521897792816 0.197394832968712 0.226921781897545 0.220932453870773 0.256284564733505 0.257887452840805 0.247605457901955 0.247572779655457 0.275938212871552 0.269840896129608 0.255324870347977 0.257122844457626 0.0135760558769107 0.012806492857635 0.015776488929987 0.0167275443673134 0.0150996102020144 0.0169856362044811 0.0187892951071262 0.0185136348009109 0.020307594910264 0.0203662049025297 0.0226110182702541 0.0217926353216171 0.0195539090782404 0.0200821105390787 0.0194290336221457 0.0156905259937048 0.0148025983944535 0.0144486399367452 0.0158065874129534 0.0151057224720716 0.0180064048618078 0.01334741525352 0.0126260640099645 0.0129346419125795 0.0131492726504803 0.0134690720587969 0.0155451120808721 0.0191243141889572 0.0218128710985184 0.0206954479217529 0.017319006845355
0.206065192818642 0.225805357098579 0.229128062725067 0.215065881609917 0.258148610591888 0.236276432871819 0.26527726650238 0.262398481369019 0.269502490758896 0.247108995914459 0.247324466705322 0.267863303422928 0.247795209288597 0.281035780906677 0.273245364427567 0.0136716058477759 0.0152380419895053 0.0135483331978321 0.0168306790292263 0.018639525398612 0.0206557791680098 0.0221978593617678 0.0218557063490152 0.0220715627074242 0.0215200092643499 0.0201179441064596 0.0199658665806055 0.0170919075608253 0.0173259563744068 0.0177148412913084 0.0138612976297736 0.015623090788722 0.0174077022820711 0.0160706248134375 0.0134653318673372 0.0150161730125546 0.014152298681438 0.0142595823854208 0.0144022377207875 0.0146727524697781 0.0152235142886639 0.0177885852754116 0.0193007383495569 0.0228999406099319 0.0216072723269463
0.220595121383667 0.223816484212875 0.229022532701492 0.233075469732285 0.238819509744644 0.256597369909286 0.261459678411484 0.275014400482178 0.275014400482178 0.257996290922165 0.24014413356781 0.264140516519547 0.26760059595108 0.27103191614151 0.270908921957016 0.0152753265574574 0.0149509664624929 0.0145546300336719 0.0179607458412647 0.0183586329221725 0.0181316174566746 0.0177278388291597 0.0218303166329861 0.0192586164921522 0.0214477833360434 0.0192502532154322 0.0176867861300707 0.0175251327455044 0.0173482578247786 0.0154172135517001 0.0155646009370685 0.0156088164076209 0.0138592459261417 0.0137993060052395 0.0145413158461452 0.0152189703658223 0.0149880023673177 0.0128266494721174 0.0117761734873056 0.0119852861389518 0.0135638555511832 0.0173519924283028 0.0208244062960148 0.0197443123906851 0.0184029880911112
0.234598994255066 0.220997586846352 0.240398943424225 0.243224695324898 0.223183840513229 0.281011372804642 0.282684564590454 0.280398786067963 0.303470313549042 0.27773118019104 0.264917463064194 0.243566900491714 0.291847825050354 0.296941369771957 0.288869082927704 0.0147884143516421 0.0162926372140646 0.0148356165736914 0.0149129303172231 0.0162530820816755 0.0183848571032286 0.0200080256909132 0.0195326767861843 0.021535187959671 0.019403139129281 0.0209405608475208 0.0187672264873981 0.0187558382749557 0.0154969589784741 0.0168413165956736 0.0152210490778089 0.0147856362164021 0.0151405222713947 0.0156994182616472 0.0129101565107703 0.0118328295648098 0.0123183643445373 0.0138666825369 0.0141453640535474 0.0143634639680386 0.0130311129614711 0.0168715082108974 0.0210366323590279 0.0217321906238794 0.0184806007891893
0.258775293827057 0.235182449221611 0.222881987690926 0.260741472244263 0.263557016849518 0.244725704193115 0.293499946594238 0.254310816526413 0.295163154602051 0.275842279195786 0.273933678865433 0.254765212535858 0.258772969245911 0.313084602355957 0.291388779878616 0.0150890313088894 0.0162288974970579 0.0164499506354332 0.0160521902143955 0.0180560853332281 0.0177320819348097 0.0218017771840096 0.0199030879884958 0.0214326716959476 0.0191956385970116 0.0189055651426315 0.0188155341893435 0.0171254705637693 0.0165868364274502 0.0151265570893884 0.016637371852994 0.0151108456775546 0.0141017679125071 0.013932784087956 0.0127486800774932 0.0127894384786487 0.0129717951640487 0.0123912990093231 0.0122226700186729 0.0131055423989892 0.0130176264792681 0.0129419695585966 0.0145484069362283 0.01610441878438 0.0124987401068211
0.235619619488716 0.258769243955612 0.234627842903137 0.256449371576309 0.281565278768539 0.261752754449844 0.284761607646942 0.287261188030243 0.274983882904053 0.272641748189926 0.272625356912613 0.272115170955658 0.28363162279129 0.334447920322418 0.340299725532532 0.0158770456910133 0.0142108760774136 0.0155400317162275 0.0141706224530935 0.0176333375275135 0.0192595403641462 0.0186049025505781 0.0176736507564783 0.0192120913416147 0.0192203223705292 0.0166891757398844 0.0165976528078318 0.016703300178051 0.0163341499865055 0.0162479132413864 0.0148608945310116 0.0151782343164086 0.0149992182850838 0.01269256696105 0.0123177543282509 0.0118302647024393 0.0116636473685503 0.0109557406976819 0.0110181495547295 0.0111622288823128 0.0114046474918723 0.0128319133073092 0.0127908950671554 0.013749117963016 0.0117368884384632
0.235417619347572 0.227983415126801 0.27210658788681 0.255359321832657 0.255610316991806 0.285389512777328 0.276169419288635 0.315517008304596 0.289281696081161 0.269983351230621 0.315499097108841 0.298851639032364 0.279890418052673 0.276092350482941 0.34046545624733 0.310185313224792 0.015687420964241 0.0169704295694828 0.018741050735116 0.0169901866465807 0.01848354190588 0.0165800042450428 0.0169401746243238 0.0182089265435934 0.0168881211429834 0.0182436611503363 0.0147898113355041 0.0159936975687742 0.0180685762315989 0.0157987214624882 0.0134555594995618 0.0134829943999648 0.0147551605477929 0.010982608422637 0.0109770698472857 0.0102913035079837 0.0113798454403877 0.0118788424879313 0.00957778189331293 0.0120038846507668 0.0133379623293877 0.0133982691913843 0.013461853377521 0.0137349739670753 0.0123330233618617
0.269932001829147 0.260874301195145 0.297941565513611 0.2710981965065 0.256066203117371 0.277922689914703 0.307603091001511 0.341215431690216 0.329438775777817 0.313158690929413 0.280610889196396 0.315396219491959 0.333433538675308 0.322481215000153 0.292132496833801 0.0202700104564428 0.0164350457489491 0.0181265380233526 0.0209382846951485 0.0187451895326376 0.0183220263570547 0.0182668641209602 0.0180289410054684 0.0163224916905165 0.017928646877408 0.0149093614891171 0.0181827489286661 0.0155534390360117 0.0171817261725664 0.0179854482412338 0.0160505566745996 0.0130650866776705 0.0133160408586264 0.0118805272504687 0.0108688091859221 0.00879750493913889 0.00897124968469143 0.0101903956383467 0.010566690005362 0.0103468606248498 0.0116438055410981 0.0120058692991734 0.0130267301574349 0.011502274312079 0.0106186987832189
0.330927610397339 0.299375891685486 0.318890452384949 0.318255066871643 0.287525415420532 0.341251313686371 0.292638719081879 0.293524354696274 0.301007091999054 0.328152477741241 0.299679189920425 0.307246029376984 0.346750110387802 0.34797465801239 0.352503627538681 0.0175981447100639 0.0195809099823236 0.0221605263650417 0.0193984936922789 0.0179879870265722 0.0179016161710024 0.017493387684226 0.0155188394710422 0.0172681212425232 0.0158401820808649 0.0162382367998362 0.0157140102237463 0.0153263378888369 0.0175801608711481 0.0142287351191044 0.014021354727447 0.0126245869323611 0.0129631357267499 0.0115772262215614 0.00957909878343344 0.00786933396011591 0.00790944695472717 0.00896559655666351 0.0099664144217968 0.00739403301849961 0.00930832512676716 0.0112373828887939 0.0110283046960831 0.0096203526481986 0.00937632285058498
0.286989271640778 0.338352233171463 0.291124820709229 0.28241640329361 0.343861222267151 0.3136827647686 0.310488700866699 0.345488637685776 0.35161080956459 0.337095320224762 0.324743419885635 0.328436017036438 0.355852007865906 0.399280488491058 0.392990231513977 0.422433167695999 0.0225617326796055 0.0256547518074512 0.0203143022954464 0.0209751334041357 0.018229428678751 0.0193385556340218 0.0162775628268719 0.0162231661379337 0.0181680265814066 0.0175713710486889 0.0157372541725636 0.0136607484892011 0.012781816534698 0.014190336689353 0.0138578675687313 0.0117189167067409 0.0115512954071164 0.010233755223453 0.00817055162042379 0.00707727670669556 0.00774219259619713 0.00784944742918015 0.00790144316852093 0.00902186334133148 0.00872998125851154 0.00866591557860374 0.00953475851565599 0.00920111034065485 0.00906198006123304
0.330636262893677 0.314865857362747 0.332307189702988 0.304154485464096 0.355344533920288 0.357552379369736 0.32640540599823 0.32640340924263 0.36267414689064 0.364871233701706 0.372703582048416 0.374703347682953 0.360068440437317 0.442385047674179 0.408921629190445 0.0251754932105541 0.0254228301346302 0.0203944947570562 0.0199863463640213 0.0219952687621117 0.0186438336968422 0.0158788859844208 0.0198143385350704 0.0176971815526485 0.0172515939921141 0.0154090309515595 0.0155573002994061 0.0141437137499452 0.0151725094765425 0.0133722340688109 0.011547421105206 0.0125763136893511 0.0114136729389429 0.00795745383948088 0.00663658184930682 0.0060764248482883 0.00598258338868618 0.00687727564945817 0.00766171328723431 0.00942457374185324 0.0105735594406724 0.00946890190243721 0.0103563722223043 0.00814858451485634 0.00949785578995943
0.365334033966064 0.326485604047775 0.323526501655579 0.348325371742249 0.344617784023285 0.394154816865921 0.344267755746841 0.3382468521595 0.400406032800674 0.390589684247971 0.358927637338638 0.408604800701141 0.371488839387894 0.431585311889648 0.393082469701767 0.0249676201492548 0.0252456869930029 0.0226030070334673 0.0218276157975197 0.0175316855311394 0.0194954946637154 0.0177310481667519 0.0168790053576231 0.0159139577299356 0.0182902440428734 0.0154749546200037 0.0143036060035229 0.0132072400301695 0.013569581322372 0.0129297617822886 0.012321668677032 0.0100217722356319 0.00848485715687275 0.00811291579157114 0.00582324061542749 0.00532066961750388 0.00524132465943694 0.00642900727689266 0.0077251261100173 0.00870703440159559 0.00985569041222334 0.00409883446991444 0.00447387527674437 0.0045317611657083 0.00504312105476856
0.374466359615326 0.334740936756134 0.344384670257568 0.388878285884857 0.381216466426849 0.370542019605637 0.394870012998581 0.389793694019318 0.382660388946533 0.417928069829941 0.416768312454224 0.376681536436081 0.425301432609558 0.41087818145752 0.389428168535233 0.406551420688629 0.0220662876963615 0.0218829829245806 0.0236385762691498 0.0192913990467787 0.0189577098935843 0.0185152851045132 0.0151752457022667 0.0184363089501858 0.0190727282315493 0.0140380142256618 0.014331029728055 0.0151806557551026 0.0154492668807507 0.0120243215933442 0.0119000002741814 0.0103504732251167 0.00750583736225963 0.00604038126766682 0.00654799723997712 0.00517210131511092 0.00522592850029469 0.00595718203112483 0.00661713536828756 0.0042234044522047 0.00461939629167318 0.00373763171955943 0.00405952241271734 0.00351199740543962 0.00435572769492865
0.38216307759285 0.343492954969406 0.367056220769882 0.3530013859272 0.416682183742523 0.390361458063126 0.385875850915909 0.430268347263336 0.443439990282059 0.432529121637344 0.438331633806229 0.436407953500748 0.391467064619064 0.41977933049202 0.419897496700287 0.421127498149872 0.0227774083614349 0.0228993687778711 0.0244867745786905 0.0197848342359066 0.0150522664189339 0.0166939441114664 0.0161592066287994 0.0164304003119469 0.0167077630758286 0.0154984286054969 0.0151141081005335 0.0144791146740317 0.0122627299278975 0.00588270975276828 0.0057691945694387 0.00436791079118848 0.003988953307271 0.00364310247823596 0.00263011339120567 0.00295768841169775 0.00255511770956218 0.00287235388532281 0.00389058771543205 0.00459770997986197 0.00632979022338986 0.00472498964518309 0.00376104330644011 0.00344954035244882 0.00322591210715473
0.389330089092255 0.408931970596313 0.402383089065552 0.362379938364029 0.443826973438263 0.428767889738083 0.36370450258255 0.329569578170776 0.351571649312973 0.37238746881485 0.361955881118774 0.327584743499756 0.317416101694107 0.3936488032341 0.415790408849716 0.416187286376953 0.0229593962430954 0.0230950601398945 0.0186512190848589 0.0217790771275759 0.0165101233869791 0.016803314909339 0.0171530060470104 0.0171182136982679 0.015286223962903 0.0136054735630751 0.0114674055948853 0.00673130340874195 0.00608416367322206 0.00528856227174401 0.00532387290149927 0.00519917765632272 0.00406198762357235 0.00333305937238038 0.00306534394621849 0.00306896166875958 0.0022781218867749 0.00332208001054823 0.00392433861270547 0.00479172542691231 0.00632362300530076 0.00636221375316381 0.0035851274151355 0.00379870436154306 0.00353851960971951
0.391475170850754 0.38251668214798 0.409449070692062 0.420800060033798 0.373372882604599 0.400953948497772 0.387332797050476 0.380864590406418 0.358835875988007 0.312751203775406 0.319807648658752 0.325813710689545 0.394556492567062 0.395041137933731 0.413253992795944 0.0228182449936867 0.0210564937442541 0.0211177226155996 0.0180668961256742 0.0169465392827988 0.017610214650631 0.0174123160541058 0.017528822645545 0.0130977258086205 0.0157942920923233 0.00641748821362853 0.00657263211905956 0.00583536922931671 0.00602673180401325 0.0058986796066165 0.00552800018340349 0.00553596019744873 0.00326578016392887 0.00300803338177502 0.0028953196015209 0.00285364175215364 0.00222209095954895 0.00331704900600016 0.00488452101126313 0.00563203962519765 0.00584804406389594 0.00609819171950221 0.00429817987605929 0.00404331739991903 0.00357119343243539
0.421783536672592 0.399191945791245 0.430099934339523 0.409304261207581 0.382131308317184 0.358568161725998 0.345624834299088 0.396146684885025 0.33752453327179 0.30771541595459 0.3484266102314 0.343918740749359 0.368372827768326 0.378952950239182 0.366049379110336 0.0209089051932096 0.0219842232763767 0.0137312291190028 0.0161027312278748 0.0142061794176698 0.012510315515101 0.0160546991974115 0.0129072507843375 0.0117392679676414 0.0106924772262573 0.00636353250592947 0.00648382864892483 0.0064709922298789 0.00516716949641705 0.00536547834053636 0.00498145027086139 0.00510224932804704 0.00290546310134232 0.00314342300407588 0.00296312384307384 0.0028218540828675 0.00204610801301897 0.00303358933888376 0.00359780574217439 0.00526983523741364 0.00466341432183981 0.00521660503000021 0.00425495440140367 0.00351612805388868 0.00361822033300996
0.420279294252396 0.362497180700302 0.398826211690903 0.380983650684357 0.376976102590561 0.359025239944458 0.336194306612015 0.355399817228317 0.391296982765198 0.35930734872818 0.346426516771317 0.366382330656052 0.36301201581955 0.425815254449844 0.39160031080246 0.0224622767418623 0.0175285786390305 0.0134513527154922 0.0140325902029872 0.0101845599710941 0.00976925063878298 0.0104467123746872 0.0109522314742208 0.0110064353793859 0.005845807492733 0.00647540623322129 0.0061176922172308 0.00562383141368628 0.00537350354716182 0.00588513724505901 0.00556196924299002 0.00513611268252134 0.00280782557092607 0.00307353958487511 0.0027113095857203 0.00257097510620952 0.00268537737429142 0.00228028022684157 0.00349481077864766 0.00477961776778102 0.00471912603825331 0.00509665161371231 0.00453834654763341 0.00299391336739063 0.00164022436365485
0.411848127841949 0.368776589632034 0.434645056724548 0.378911793231964 0.343033373355865 0.31969290971756 0.361236423254013 0.335611999034882 0.347903788089752 0.335808485746384 0.339889466762543 0.362096160650253 0.370516657829285 0.395928531885147 0.363446921110153 0.0175014212727547 0.0175104830414057 0.0158560015261173 0.0140204401686788 0.00946865137666464 0.0111734718084335 0.010087170638144 0.00929026305675507 0.01001285482198 0.00666005630046129 0.00578018743544817 0.00616871612146497 0.00591655680909753 0.00597161240875721 0.00592084508389235 0.00495883170515299 0.0052266176789999 0.00360966194421053 0.00306597235612571 0.00355652300640941 0.00335782486945391 0.00331397051922977 0.00242413766682148 0.00278326286934316 0.00481477659195662 0.00519810663536191 0.0053969887085259 0.00449772644788027 0.0034399398136884 0.00280596828088164
