data/climate_estimation/maxent_output/Colchicum_szovitsii.asc
NCOLS 234 
NROWS 129 
XLLCORNER 31.25 
YLLCORNER 32 
CELLSIZE 0.0833333333333333 
NODATA_value -3.4e+38 
[rows 40 to 59 of 129, columns 132 to 175 of 234]
0.637423574924469 0.707661092281342 0.636170566082001 0.429579585790634 0.461222261190414 0.437018901109695 0.567055523395538 0.576287508010864 0.667841851711273 0.781424641609192 0.848265647888184 0.836765050888062 0.79705798625946 0.807894945144653 0.802430689334869 0.606931030750275 0.695081293582916 0.785235345363617 0.803528726100922 0.809564709663391 0.753796279430389 0.606484115123749 0.525969088077545 0.483996570110321 0.386235445737839 0.210221081972122 0.146175622940063 0.148396790027618 0.130668267607689 0.160751014947891 0.079367071390152 0.0221133586019278 0.0176133718341589 0.0159956887364388 0.025573780760169 0.0433819517493248 0.0610043331980705 0.114721186459064 0.131583213806152 0.285174399614334 0.506356179714203 0.194626107811928 0.324899971485138 0.31787645816803
0.63152951002121 0.778376758098602 0.776369035243988 0.540727317333221 0.875795602798462 0.637411177158356 0.537490427494049 0.551138818264008 0.69222766160965 0.885268867015839 0.878442764282227 0.848285973072052 0.860857903957367 0.725711524486542 0.721264481544495 0.829778790473938 0.807189464569092 0.764247357845306 0.6365647315979 0.710552990436554 0.582438349723816 0.493990898132324 0.551844716072083 0.365910917520523 0.530852794647217 0.477716892957687 0.19718137383461 0.197339996695518 0.0730185359716415 0.0365131422877312 0.023828724399209 0.0203000959008932 0.0186578389257193 0.0150836417451501 0.014040538109839 0.0199272911995649 0.0212090518325567 0.0453318729996681 0.0471095032989979 0.136749848723412 0.386605650186539 0.672812163829803 0.845670580863953 0.947142720222473
0.626390397548676 0.62980842590332 0.656759440898895 0.582910060882568 0.672407209873199 0.612177133560181 0.523346364498138 0.538673877716064 0.552462100982666 0.672415316104889 0.771893680095673 0.77498871088028 0.59850287437439 0.530253648757935 0.772209942340851 0.82441908121109 0.670431613922119 0.538742482662201 0.501012861728668 0.395171582698822 0.347404479980469 0.369522899389267 0.637907445430756 0.531223475933075 0.375982075929642 0.555078744888306 0.367667019367218 0.47133880853653 0.146112129092216 0.0645024552941322 0.033477570861578 0.034137811511755 0.0219474881887436 0.0171887408941984 0.0150375235825777 0.0129193523898721 0.0133983893319964 0.0158276706933975 0.0233589913696051 0.060947272926569 0.232293307781219 0.42741471529007 0.796675086021423 0.937242329120636
0.670391738414764 0.69169670343399 0.718888878822327 0.712464988231659 0.734605312347412 0.67411345243454 0.643216013908386 0.667203009128571 0.63657420873642 0.67280900478363 0.730386853218079 0.562757134437561 0.491079360246658 0.506407558917999 0.528534054756165 0.493431448936462 0.533349275588989 0.41109225153923 0.375180840492249 0.283461302518845 0.277304828166962 0.262876868247986 0.487972021102905 0.749659895896912 0.44779646396637 0.283758223056793 0.303621232509613 0.343383401632309 0.333477109670639 0.238154247403145 0.135530665516853 0.0729389488697052 0.0376758277416229 0.0296755693852901 0.0179675314575434 0.015769986435771 0.0144844548776746 0.0131844561547041 0.0191600471735001 0.0344341062009335 0.121867604553699 0.238991096615791 0.359909862279892 0.649134457111359
0.776964664459229 0.757744669914246 0.818554639816284 0.853878378868103 0.880823194980621 0.883604288101196 0.894387125968933 0.768398284912109 0.717965960502625 0.873192310333252 0.737487137317657 0.580042660236359 0.429777592420578 0.430855959653854 0.435897529125214 0.473343402147293 0.611302852630615 0.4344742000103 0.337471067905426 0.387485921382904 0.238794162869453 0.292508125305176 0.360093474388123 0.652306377887726 0.459761530160904 0.295776307582855 0.406693249940872 0.38320192694664 0.383263289928436 0.515137195587158 0.392514139413834 0.141442477703094 0.101979978382587 0.0741565003991127 0.0351661741733551 0.0377201959490776 0.0755945071578026 0.115720525383949 0.0550663955509663 0.0554243251681328 0.0993577986955643 0.131185993552208 0.180046513676643 0.469646990299225
0.859242916107178 0.917764961719513 0.956546008586884 0.960341155529022 0.96160489320755 0.967932760715485 0.954462110996246 0.964618027210236 0.779522895812988 0.7049840092659 0.550322890281677 0.495946317911148 0.41408783197403 0.388710111379623 0.364535123109818 0.351234257221222 0.356682360172272 0.382652908563614 0.377014189958572 0.576909124851227 0.442459106445312 0.31512239575386 0.353059113025665 0.453307747840881 0.531098902225494 0.455805122852325 0.451071590185165 0.538489758968353 0.56709086894989 0.365516662597656 0.231509283185005 0.185915380716324 0.138172328472137 0.0817390605807304 0.0627337396144867 0.0930935516953468 0.209846377372742 0.0987409129738808 0.171128734946251 0.0812533721327782 0.0323144793510437 0.0514686480164528 0.0812947079539299 0.172272384166718
0.919136106967926 0.955568432807922 0.953685879707336 0.968635261058807 0.969139754772186 0.970577716827393 0.975301623344421 0.957787334918976 0.807946383953094 0.619917392730713 0.498934656381607 0.419547021389008 0.422977596521378 0.363175243139267 0.373395025730133 0.444592475891113 0.52495813369751 0.415363311767578 0.467147797346115 0.427311331033707 0.278416782617569 0.262264579534531 0.264232993125916 0.347567349672318 0.459392011165619 0.48808366060257 0.376254171133041 0.31915020942688 0.412547022104263 0.26658770442009 0.20396463572979 0.132258176803589 0.102955132722855 0.0574104227125645 0.0684997588396072 0.103253766894341 0.0743564516305923 0.152098014950752 0.157453492283821 0.0486677885055542 0.046790711581707 0.0667181983590126 0.10322418063879 0.122576899826527
0.93152916431427 0.943882286548615 0.961488783359528 0.954703152179718 0.945715248584747 0.932763516902924 0.915186583995819 0.86932361125946 0.726250946521759 0.654974818229675 0.540720403194427 0.492546319961548 0.467710226774216 0.452865153551102 0.493408560752869 0.559848546981812 0.507661700248718 0.458250522613525 0.423052668571472 0.305696815252304 0.346713304519653 0.249709695577621 0.219754636287689 0.276118725538254 0.457434445619583 0.683258831501007 0.619537174701691 0.311152726411819 0.262517243623734 0.397300601005554 0.280583202838898 0.230767592787743 0.24398435652256 0.18087662756443 0.0815311893820763 0.0529638379812241 0.0369505286216736 0.0575846135616302 0.103392347693443 0.234659940004349 0.200060546398163 0.364314496517181 0.516313910484314 0.682368874549866
0.940060496330261 0.94516795873642 0.927768170833588 0.936057388782501 0.920034348964691 0.919125497341156 0.90944766998291 0.893420875072479 0.800990402698517 0.706877470016479 0.594027996063232 0.608076393604279 0.489334374666214 0.405421763658524 0.475718528032303 0.409856677055359 0.390827775001526 0.403942197561264 0.462492972612381 0.444911569356918 0.358248978853226 0.300165295600891 0.260615289211273 0.297392070293427 0.473766952753067 0.506090581417084 0.533243119716644 0.557843148708344 0.423048496246338 0.320294201374054 0.334509432315826 0.215668007731438 0.210066065192223 0.13349150121212 0.0484638400375843 0.0504959002137184 0.0488099977374077 0.0954613909125328 0.236128360033035 0.304945945739746 0.202288672327995 0.458453625440598 0.63921445608139 0.697908401489258
0.948390603065491 0.947303652763367 0.924803078174591 0.916984260082245 0.932852268218994 0.925801873207092 0.929678022861481 0.909543573856354 0.847585558891296 0.747078418731689 0.63823539018631 0.516361951828003 0.464137077331543 0.505092024803162 0.567924201488495 0.428379118442535 0.44115149974823 0.437193930149078 0.428109914064407 0.350278466939926 0.308429718017578 0.309702396392822 0.304209023714066 0.334395051002502 0.473625749349594 0.491880506277084 0.532843947410583 0.591836810112 0.399131417274475 0.27287295460701 0.185616135597229 0.145888015627861 0.0942417830228806 0.0577458515763283 0.0905633121728897 0.0729215294122696 0.0645221844315529 0.132573857903481 0.20316444337368 0.202223911881447 0.193983241915703 0.210293546319008 0.30200058221817 0.523396730422974
0.905239820480347 0.908974707126617 0.919374406337738 0.908140778541565 0.926856637001038 0.90622353553772 0.900968313217163 0.930123925209045 0.891485273838043 0.797990381717682 0.638615489006042 0.532504677772522 0.434459954500198 0.402470588684082 0.533625543117523 0.63825798034668 0.698965191841125 0.553012251853943 0.562204539775848 0.447514623403549 0.471527308225632 0.480840802192688 0.363364517688751 0.363805919885635 0.434259027242661 0.574455857276917 0.512879133224487 0.63386482000351 0.499711185693741 0.259375870227814 0.168759867548943 0.113855123519897 0.1084189042449 0.0855135470628738 0.111596666276455 0.0755988955497742 0.0766835734248161 0.0726508721709251 0.0948615819215775 0.103346213698387 0.122659906744957 0.159659937024117 0.241675794124603 0.410088717937469
0.904481470584869 0.937706410884857 0.943603813648224 0.933495938777924 0.933676600456238 0.900083124637604 0.930164217948914 0.926420629024506 0.905383229255676 0.866686463356018 0.711430668830872 0.581066846847534 0.462462097406387 0.533143162727356 0.700197398662567 0.84175568819046 0.732577383518219 0.743049919605255 0.648919105529785 0.539976119995117 0.524014949798584 0.51421058177948 0.461310297250748 0.473542034626007 0.486658602952957 0.374039381742477 0.358033269643784 0.389317333698273 0.371099591255188 0.279514461755753 0.202634960412979 0.123849332332611 0.110106706619263 0.101094469428062 0.181451961398125 0.208750143647194 0.168049022555351 0.116894036531448 0.0976361557841301 0.0887640342116356 0.121805593371391 0.123543038964272 0.148200169205666 0.175817653536797
0.891565501689911 0.939740002155304 0.939386308193207 0.924660623073578 0.932156801223755 0.942482233047485 0.945753753185272 0.942277550697327 0.906533658504486 0.896960139274597 0.796273410320282 0.736047327518463 0.768716931343079 0.779037177562714 0.680027663707733 0.597808837890625 0.641065299510956 0.601979851722717 0.518554508686066 0.505059540271759 0.519525825977325 0.549530446529388 0.573840618133545 0.576958119869232 0.529332041740417 0.525018155574799 0.602612137794495 0.551948726177216 0.503203749656677 0.39131036400795 0.257306188344955 0.188430204987526 0.157432824373245 0.162729248404503 0.247493773698807 0.313575595617294 0.242654636502266 0.23342576622963 0.255012661218643 0.305241018533707 0.242121636867523 0.212021753191948 0.201808035373688 0.206408619880676
0.845018208026886 0.863886177539825 0.887158751487732 0.870216071605682 0.927452564239502 0.937289237976074 0.943378508090973 0.945603430271149 0.909706175327301 0.92197197675705 0.938466727733612 0.909664869308472 0.794816017150879 0.715429604053497 0.714399039745331 0.896734237670898 0.785426497459412 0.686024308204651 0.607836365699768 0.539911031723022 0.613910853862762 0.776100397109985 0.742352902889252 0.573924481868744 0.491513013839722 0.574891746044159 0.594956278800964 0.540485799312592 0.475719571113586 0.39884477853775 0.330607235431671 0.275167375802994 0.231475308537483 0.206486880779266 0.166010975837708 0.14547997713089 0.142808809876442 0.145446434617043 0.26370370388031 0.426528573036194 0.426613181829453 0.433315992355347 0.330136150121689 0.204906851053238
0.852773666381836 0.735339820384979 0.731643319129944 0.884083867073059 0.919434309005737 0.910785973072052 0.911669075489044 0.899607121944427 0.926328599452972 0.928514420986176 0.894784808158875 0.928447961807251 0.921715140342712 0.91710764169693 0.875007092952728 0.871775925159454 0.880616068840027 0.827679932117462 0.691169381141663 0.659336924552917 0.775926411151886 0.837927341461182 0.623607814311981 0.506782114505768 0.533731520175934 0.685121417045593 0.593445062637329 0.497088849544525 0.489078849554062 0.396090358495712 0.340426355600357 0.272777944803238 0.242470547556877 0.196030363440514 0.168095424771309 0.151832118630409 0.150423154234886 0.143145173788071 0.151426315307617 0.185272604227066 0.200216025114059 0.185403987765312 0.187391713261604 0.166811764240265
0.752320528030396 0.653841614723206 0.73659473657608 0.792055070400238 0.871046245098114 0.901208162307739 0.873851776123047 0.915607511997223 0.880217492580414 0.922040343284607 0.917016446590424 0.8949054479599 0.904798030853271 0.89798641204834 0.862289428710938 0.903931975364685 0.89384925365448 0.840718030929565 0.764400064945221 0.867064118385315 0.846406877040863 0.618127524852753 0.574065923690796 0.571928083896637 0.617931008338928 0.650851726531982 0.560177326202393 0.553305864334106 0.533517837524414 0.492038249969482 0.434010684490204 0.390540808439255 0.312820106744766 0.260760724544525 0.231676563620567 0.182008892297745 0.158733993768692 0.156293630599976 0.14583645761013 0.150151655077934 0.155905112624168 0.154358059167862 0.165405422449112 0.138759523630142
0.551352858543396 0.673589944839478 0.799753785133362 0.778046369552612 0.777863919734955 0.830642700195312 0.855488300323486 0.892976403236389 0.884334743022919 0.852674305438995 0.865007877349854 0.88115394115448 0.848697543144226 0.852964997291565 0.874180138111115 0.876235842704773 0.887561559677124 0.86044043302536 0.857724189758301 0.819225430488586 0.850299954414368 0.674535870552063 0.660987079143524 0.615124583244324 0.691243171691895 0.693239986896515 0.595683515071869 0.570936799049377 0.584970116615295 0.578280925750732 0.507441222667694 0.530653059482574 0.46275132894516 0.382386416196823 0.271913707256317 0.224864631891251 0.181067764759064 0.156874939799309 0.159348532557487 0.162669599056244 0.16438116133213 0.164335295557976 0.161635547876358 0.16084386408329
0.713150978088379 0.571559011936188 0.681690812110901 0.605538070201874 0.707826912403107 0.735631048679352 0.799980640411377 0.860429048538208 0.832296550273895 0.811887323856354 0.864741563796997 0.83459734916687 0.853441298007965 0.810771524906158 0.815744042396545 0.819434881210327 0.810228109359741 0.856258571147919 0.829135477542877 0.810861170291901 0.747085452079773 0.632632672786713 0.646969795227051 0.700764894485474 0.712583303451538 0.660196721553802 0.650747001171112 0.64609032869339 0.621059715747833 0.596146643161774 0.589244186878204 0.533834457397461 0.452147036790848 0.319990038871765 0.253217995166779 0.219082310795784 0.213441386818886 0.202362939715385 0.198489591479301 0.18401312828064 0.163602635264397 0.166950389742851 0.163880839943886 0.161569282412529
0.73775851726532 0.71536922454834 0.740125358104706 0.713195860385895 0.742733955383301 0.75212824344635 0.670499563217163 0.741431951522827 0.729349851608276 0.761894643306732 0.800542116165161 0.804723680019379 0.821808338165283 0.810393393039703 0.79784369468689 0.773912370204926 0.812150239944458 0.825412213802338 0.795870304107666 0.789885878562927 0.73833441734314 0.691409647464752 0.591072142124176 0.735442161560059 0.698005020618439 0.721974670886993 0.730617642402649 0.639205694198608 0.524075746536255 0.569678008556366 0.591776013374329 0.567185521125793 0.5174600481987 0.363963395357132 0.26570862531662 0.260536968708038 0.251461803913116 0.242105588316917 0.26082056760788 0.251742124557495 0.193483367562294 0.187277376651764 0.199142336845398 0.16568648815155
0.602417230606079 0.705704808235168 0.714716732501984 0.793693840503693 0.732687771320343 0.732375502586365 0.708288609981537 0.751084208488464 0.768000543117523 0.790503919124603 0.79820841550827 0.780530631542206 0.783338308334351 0.781177043914795 0.799925982952118 0.783116281032562 0.763297855854034 0.749861419200897 0.731091856956482 0.755374550819397 0.741279304027557 0.660132586956024 0.48909130692482 0.572645723819733 0.693233788013458 0.709413588047028 0.696491479873657 0.642894864082336 0.496074557304382 0.521570146083832 0.5915647149086 0.551140606403351 0.527458071708679 0.429259032011032 0.326068669557571 0.288227379322052 0.242379993200302 0.235440149903297 0.255917757749557 0.25159478187561 0.20814573764801 0.20283080637455 0.191428676247597 0.206184327602386
