data/climate_estimation/maxent_output/Colchicum_ritchii.asc
NCOLS 327 
NROWS 52 
XLLCORNER 10.3333333333333 
YLLCORNER 29.5833333333333 
CELLSIZE 0.0833333333333333 
NODATA_value -3.4e+38 
[rows 22 to 43 of 52, columns 98 to 146 of 327]
-3.4e+38 -3.4e+38 -3.4e+38 -3.4e+38 -3.4e+38 -3.4e+38 -3.4e+38 -3.4e+38 -3.4e+38 -3.4e+38 -3.4e+38 -3.4e+38 -3.4e+38 -3.4e+38 -3.4e+38 -3.4e+38 -3.4e+38 0.699193120002747 0.709370255470276 0.726499259471893 0.702540814876556 0.716565608978271 0.802719354629517 0.845802962779999 0.899232685565948 0.902311682701111 0.85433566570282 0.841524183750153 0.841253221035004 0.819570422172546 0.804471433162689 0.813849091529846 0.805525183677673 0.799627602100372 0.80185455083847 0.812599301338196 0.810964524745941 0.814374685287476 0.819826424121857 0.799961686134338 0.798007130622864 0.719844102859497 0.585544884204865 0.454403251409531 0.375280410051346 0.266221076250076 0.242370903491974 0.413477331399918 0.275926470756531
-3.4e+38 -3.4e+38 -3.4e+38 -3.4e+38 -3.4e+38 -3.4e+38 -3.4e+38 -3.4e+38 -3.4e+38 -3.4e+38 -3.4e+38 -3.4e+38 -3.4e+38 -3.4e+38 -3.4e+38 -3.4e+38 -3.4e+38 0.754165053367615 0.758895874023438 0.732771694660187 0.752402603626251 0.803245306015015 0.819232821464539 0.86349356174469 0.896374881267548 0.882821202278137 0.86992359161377 0.869864583015442 0.866569697856903 0.858827114105225 0.847700357437134 0.852912127971649 0.820730447769165 0.82148665189743 0.847516238689423 0.849875748157501 0.843389451503754 0.823100686073303 0.85042679309845 0.794851958751678 0.750364661216736 0.639270186424255 0.567712247371674 0.477640688419342 0.317447990179062 0.360251218080521 0.285905480384827 0.288350045681 0.294639050960541
-3.4e+38 -3.4e+38 -3.4e+38 -3.4e+38 -3.4e+38 -3.4e+38 -3.4e+38 -3.4e+38 -3.4e+38 -3.4e+38 -3.4e+38 -3.4e+38 -3.4e+38 -3.4e+38 -3.4e+38 -3.4e+38 -3.4e+38 0.804265856742859 0.818530082702637 0.818733155727386 0.85727059841156 0.864241182804108 0.860628724098206 0.879274129867554 0.894112348556519 0.887117087841034 0.900780618190765 0.890512585639954 0.890440165996552 0.877419054508209 0.876084506511688 0.846831500530243 0.864091217517853 0.878619909286499 0.873748898506165 0.880540490150452 0.893866658210754 0.869398295879364 0.83845466375351 0.776705086231232 0.69566410779953 0.646600544452667 0.42519798874855 0.428262799978256 0.442553400993347 0.332536846399307 0.290885031223297 0.227063328027725 0.230559751391411
-3.4e+38 -3.4e+38 -3.4e+38 -3.4e+38 -3.4e+38 -3.4e+38 -3.4e+38 -3.4e+38 -3.4e+38 -3.4e+38 -3.4e+38 -3.4e+38 -3.4e+38 -3.4e+38 -3.4e+38 -3.4e+38 -3.4e+38 0.821443200111389 0.885124683380127 0.9034583568573 0.913498759269714 0.914853572845459 0.902326464653015 0.8955397605896 0.910260736942291 0.895303964614868 0.898670613765717 0.906850755214691 0.902287125587463 0.874637365341187 0.885599136352539 0.886332392692566 0.908519804477692 0.876909017562866 0.887688755989075 0.912343680858612 0.902131140232086 0.845588684082031 0.789199471473694 0.641637325286865 0.55954772233963 0.556520521640778 0.528145134449005 0.350966364145279 0.400548130273819 0.292888104915619 0.236867100000381 0.406406223773956 0.412158161401749
-3.4e+38 -3.4e+38 -3.4e+38 -3.4e+38 -3.4e+38 -3.4e+38 -3.4e+38 -3.4e+38 -3.4e+38 -3.4e+38 -3.4e+38 -3.4e+38 -3.4e+38 -3.4e+38 -3.4e+38 -3.4e+38 -3.4e+38 0.877690494060516 0.912869155406952 0.938295006752014 0.945175230503082 0.944725871086121 0.921528160572052 0.914673388004303 0.906653344631195 0.916291952133179 0.905712485313416 0.888809025287628 0.903377592563629 0.915753781795502 0.895578861236572 0.896796882152557 0.910420417785645 0.929248213768005 0.913371384143829 0.919553339481354 0.890863835811615 0.852295637130737 0.701073288917542 0.700281918048859 0.653969824314117 0.605346024036407 0.43798840045929 0.491209596395493 0.329993844032288 0.240944162011147 0.402136266231537 0.35266438126564 0.322706043720245
-3.4e+38 -3.4e+38 -3.4e+38 -3.4e+38 -3.4e+38 -3.4e+38 -3.4e+38 -3.4e+38 -3.4e+38 -3.4e+38 -3.4e+38 -3.4e+38 -3.4e+38 -3.4e+38 -3.4e+38 -3.4e+38 -3.4e+38 0.88834410905838 0.931460499763489 0.958050727844238 0.968780636787415 0.969496607780457 0.929762542247772 0.932375192642212 0.922266066074371 0.916048347949982 0.910293936729431 0.929045915603638 0.908922255039215 0.926474869251251 0.905119001865387 0.915528059005737 0.927090764045715 0.917057394981384 0.933514177799225 0.928288519382477 0.863595247268677 0.815437376499176 0.765505254268646 0.70428866147995 0.550509572029114 0.566621005535126 0.404899448156357 0.431818455457687 0.352601170539856 0.431454658508301 0.371562212705612 0.302974820137024 0.244409501552582
-3.4e+38 -3.4e+38 -3.4e+38 -3.4e+38 -3.4e+38 -3.4e+38 -3.4e+38 -3.4e+38 -3.4e+38 -3.4e+38 -3.4e+38 -3.4e+38 -3.4e+38 -3.4e+38 -3.4e+38 -3.4e+38 -3.4e+38 0.916153073310852 0.926000118255615 0.939313769340515 0.953239738941193 0.957222878932953 0.945282578468323 0.939619064331055 0.936201632022858 0.931298732757568 0.92604011297226 0.927265763282776 0.919465661048889 0.934764623641968 0.923896312713623 0.928253173828125 0.950798273086548 0.93961638212204 0.947182059288025 0.886221647262573 0.83792781829834 0.789325594902039 0.676327884197235 0.658270657062531 0.647766351699829 0.503541648387909 0.534959137439728 0.414010763168335 0.529690206050873 0.454894214868546 0.328909397125244 0.280498266220093 0.259378403425217
-3.4e+38 -3.4e+38 -3.4e+38 -3.4e+38 -3.4e+38 -3.4e+38 -3.4e+38 -3.4e+38 -3.4e+38 -3.4e+38 -3.4e+38 -3.4e+38 -3.4e+38 -3.4e+38 -3.4e+38 -3.4e+38 -3.4e+38 -3.4e+38 0.929323017597198 0.94026380777359 0.940088450908661 0.947473526000977 0.946677148342133 0.918842434883118 0.92222386598587 0.937732398509979 0.922723054885864 0.926006436347961 0.91627311706543 0.935652136802673 0.919156968593597 0.949497163295746 0.94457882642746 0.950756967067719 0.935169756412506 0.88163548707962 0.854713797569275 0.764648079872131 0.716328263282776 0.574142098426819 0.617459237575531 0.618844568729401 0.53828239440918 0.350921452045441 0.472672343254089 0.347425311803818 0.299888640642166 0.265510827302933 0.393259614706039
-3.4e+38 -3.4e+38 -3.4e+38 -3.4e+38 -3.4e+38 -3.4e+38 -3.4e+38 -3.4e+38 -3.4e+38 -3.4e+38 -3.4e+38 -3.4e+38 -3.4e+38 -3.4e+38 -3.4e+38 -3.4e+38 -3.4e+38 -3.4e+38 0.90948885679245 0.9210245013237 0.924304783344269 0.92937159538269 0.917650401592255 0.887504875659943 0.888800799846649 0.905071437358856 0.915812253952026 0.899160504341125 0.908767640590668 0.90102607011795 0.922476053237915 0.944891810417175 0.942883908748627 0.914979815483093 0.88949453830719 0.901646435260773 0.819477140903473 0.805949509143829 0.671297669410706 0.671610116958618 0.518316149711609 0.621275305747986 0.442393988370895 0.580446660518646 0.482369780540466 0.362122237682343 0.279686152935028 0.44902703166008 0.402696281671524
-3.4e+38 -3.4e+38 -3.4e+38 -3.4e+38 -3.4e+38 -3.4e+38 -3.4e+38 -3.4e+38 -3.4e+38 -3.4e+38 -3.4e+38 -3.4e+38 -3.4e+38 -3.4e+38 -3.4e+38 -3.4e+38 -3.4e+38 -3.4e+38 -3.4e+38 0.878712117671967 0.876666724681854 0.884057641029358 0.881661593914032 0.892568171024323 0.890146613121033 0.888618052005768 0.88132905960083 0.911715567111969 0.884679973125458 0.912843823432922 0.928020596504211 0.919610917568207 0.94388210773468 0.897487044334412 0.88682359457016 0.834139287471771 0.819850146770477 0.71331250667572 0.709285140037537 0.594302773475647 0.665845453739166 0.520675122737885 0.574520707130432 0.486742854118347 0.368775367736816 0.286665856838226 0.530163824558258 0.42334246635437 0.387033253908157
-3.4e+38 -3.4e+38 -3.4e+38 -3.4e+38 -3.4e+38 -3.4e+38 -3.4e+38 -3.4e+38 -3.4e+38 -3.4e+38 -3.4e+38 -3.4e+38 -3.4e+38 -3.4e+38 -3.4e+38 -3.4e+38 -3.4e+38 -3.4e+38 -3.4e+38 0.858469247817993 0.841218233108521 0.859989821910858 0.861596167087555 0.860628247261047 0.869521081447601 0.877141296863556 0.878933548927307 0.869044482707977 0.882723569869995 0.881831705570221 0.906718790531158 0.925045788288116 0.899034440517426 0.833580315113068 0.844630241394043 0.764148414134979 0.733866274356842 0.734828472137451 0.647987246513367 0.66141003370285 0.602847814559937 0.427981287240982 0.543406009674072 0.453220635652542 0.334083467721939 0.547704935073853 0.420397520065308 0.374671936035156 0.33113107085228
-3.4e+38 -3.4e+38 -3.4e+38 -3.4e+38 -3.4e+38 -3.4e+38 -3.4e+38 -3.4e+38 -3.4e+38 -3.4e+38 -3.4e+38 -3.4e+38 -3.4e+38 -3.4e+38 -3.4e+38 -3.4e+38 -3.4e+38 -3.4e+38 -3.4e+38 -3.4e+38 0.792412459850311 0.796125948429108 0.797994673252106 0.825997233390808 0.822633147239685 0.834668457508087 0.851485908031464 0.853513360023499 0.861343443393707 0.876101434230804 0.879978775978088 0.87035870552063 0.853498756885529 0.841134548187256 0.754973351955414 0.749677658081055 0.632958173751831 0.660539090633392 0.521571338176727 0.618661940097809 0.508862674236298 0.39912024140358 0.424691498279572 0.354392498731613 0.258438438177109 0.401938498020172 0.410461604595184 0.309729784727097 0.281887114048004
-3.4e+38 -3.4e+38 -3.4e+38 -3.4e+38 -3.4e+38 -3.4e+38 -3.4e+38 -3.4e+38 -3.4e+38 -3.4e+38 -3.4e+38 -3.4e+38 -3.4e+38 -3.4e+38 -3.4e+38 -3.4e+38 -3.4e+38 -3.4e+38 -3.4e+38 0.742011070251465 0.771708130836487 0.776180326938629 0.740223705768585 0.759425461292267 0.769075870513916 0.831915736198425 0.832254827022552 0.810338497161865 0.867612659931183 0.844074904918671 0.850745379924774 0.810160279273987 0.807310938835144 0.770419180393219 0.772347152233124 0.675292253494263 0.678016722202301 0.577410936355591 0.61455112695694 0.53899884223938 0.379065304994583 0.540920674800873 0.408950418233871 0.259044200181961 0.481200695037842 0.399207800626755 0.296836465597153 0.264398008584976 0.217580571770668
-3.4e+38 -3.4e+38 -3.4e+38 -3.4e+38 -3.4e+38 -3.4e+38 -3.4e+38 -3.4e+38 -3.4e+38 -3.4e+38 -3.4e+38 -3.4e+38 -3.4e+38 -3.4e+38 -3.4e+38 -3.4e+38 -3.4e+38 -3.4e+38 -3.4e+38 0.664499580860138 0.678876161575317 0.712727725505829 0.712671458721161 0.736596465110779 0.775413572788239 0.785789012908936 0.787380397319794 0.829969465732574 0.804206788539886 0.824778378009796 0.798532009124756 0.807909071445465 0.754691183567047 0.762341439723969 0.698242545127869 0.573416531085968 0.618615031242371 0.494084715843201 0.525656640529633 0.442146092653275 0.51154899597168 0.405100613832474 0.294887989759445 0.443511992692947 0.378528475761414 0.287779211997986 0.308310627937317 0.494485676288605 0.496285319328308
-3.4e+38 -3.4e+38 -3.4e+38 -3.4e+38 -3.4e+38 -3.4e+38 -3.4e+38 -3.4e+38 -3.4e+38 -3.4e+38 -3.4e+38 -3.4e+38 -3.4e+38 -3.4e+38 -3.4e+38 -3.4e+38 -3.4e+38 -3.4e+38 0.611791968345642 0.616155803203583 0.61379486322403 0.632383167743683 0.664713680744171 0.72083568572998 0.732914924621582 0.757867693901062 0.757876217365265 0.786952018737793 0.729243755340576 0.77545577287674 0.724138736724854 0.736375451087952 0.65210896730423 0.658648669719696 0.561451733112335 0.594033479690552 0.520512998104095 0.586356699466705 0.415354937314987 0.521039545536041 0.441297382116318 0.2834732234478 0.245179519057274 0.395913869142532 0.282833486795425 0.301378101110458 0.47976091504097 0.441926926374435 0.389842927455902
-3.4e+38 -3.4e+38 -3.4e+38 -3.4e+38 -3.4e+38 -3.4e+38 -3.4e+38 -3.4e+38 -3.4e+38 -3.4e+38 -3.4e+38 -3.4e+38 -3.4e+38 -3.4e+38 -3.4e+38 -3.4e+38 -3.4e+38 0.554129123687744 0.552505075931549 0.495785981416702 0.542129337787628 0.584174871444702 0.610920906066895 0.640890121459961 0.677802443504333 0.700196146965027 0.720242917537689 0.704033970832825 0.716875016689301 0.693534255027771 0.67400062084198 0.638851463794708 0.664774775505066 0.587924540042877 0.619293630123138 0.515731871128082 0.594072341918945 0.489836513996124 0.346696496009827 0.490884929895401 0.381847858428955 0.29470083117485 0.445591807365417 0.375733554363251 0.297080338001251 0.455106526613235 0.462979853153229 0.357930600643158 0.385542511940002
-3.4e+38 -3.4e+38 -3.4e+38 -3.4e+38 -3.4e+38 -3.4e+38 -3.4e+38 -3.4e+38 -3.4e+38 -3.4e+38 -3.4e+38 -3.4e+38 -3.4e+38 -3.4e+38 -3.4e+38 -3.4e+38 -3.4e+38 0.489947289228439 0.507144570350647 0.502970457077026 0.458526432514191 0.511420726776123 0.57595282793045 0.622375011444092 0.664715349674225 0.645575940608978 0.645588457584381 0.632090389728546 0.645479023456573 0.630824625492096 0.625594317913055 0.616628170013428 0.554997324943542 0.473194599151611 0.580505669116974 0.569745182991028 0.468480378389359 0.409543812274933 0.50722324848175 0.36284327507019 0.282534927129745 0.42705500125885 0.322943061590195 0.289635241031647 0.200998947024345 0.440503805875778 0.349002361297607 0.278629451990128 0.210473909974098
-3.4e+38 -3.4e+38 -3.4e+38 -3.4e+38 -3.4e+38 -3.4e+38 -3.4e+38 -3.4e+38 -3.4e+38 -3.4e+38 -3.4e+38 -3.4e+38 -3.4e+38 -3.4e+38 -3.4e+38 -3.4e+38 0.51035475730896 0.483266741037369 0.463760733604431 0.456071257591248 0.441302746534348 0.47393611073494 0.471435993909836 0.579904198646545 0.631056010723114 0.57033360004425 0.598536014556885 0.618848085403442 0.610610604286194 0.583563983440399 0.488490223884583 0.542318224906921 0.466121673583984 0.533550322055817 0.384977519512177 0.510940551757812 0.363233089447021 0.493954330682755 0.448701053857803 0.276121467351913 0.421302616596222 0.360394686460495 0.256850361824036 0.189472943544388 0.422288566827774 0.316558361053467 0.245602488517761 0.198077157139778 0.19254732131958
0.43546050786972 -3.4e+38 -3.4e+38 -3.4e+38 -3.4e+38 -3.4e+38 -3.4e+38 -3.4e+38 -3.4e+38 -3.4e+38 -3.4e+38 -3.4e+38 -3.4e+38 -3.4e+38 0.507312655448914 0.498513430356979 0.493810266256332 0.418559789657593 0.40525883436203 0.421185106039047 0.418626606464386 0.49970144033432 0.478632599115372 0.537004232406616 0.6105837225914 0.524615228176117 0.548809170722961 0.563484847545624 0.444793164730072 0.473853945732117 0.449467152357101 0.399438858032227 0.466394990682602 0.443708509206772 0.484250575304031 0.448887795209885 0.288838893175125 0.408067613840103 0.304630130529404 0.230109110474586 0.314108371734619 0.225423336029053 0.211037456989288 0.393389791250229 0.296515941619873 0.225884974002838 0.175995230674744 0.118749640882015 0.118785426020622
0.406784921884537 0.379229784011841 -3.4e+38 -3.4e+38 -3.4e+38 -3.4e+38 -3.4e+38 -3.4e+38 -3.4e+38 -3.4e+38 -3.4e+38 -3.4e+38 -3.4e+38 0.516834855079651 0.474051177501678 0.483952641487122 0.432349056005478 0.375646471977234 0.383543729782104 0.415913343429565 0.389874219894409 0.414473474025726 0.461817473173141 0.512095093727112 0.534949123859406 0.464359700679779 0.485787034034729 0.515482008457184 0.504219591617584 0.389079093933105 0.416836678981781 0.38918524980545 0.359270036220551 0.277943730354309 0.400362223386765 0.341852635145187 0.397276520729065 0.299766540527344 0.221599549055099 0.337044984102249 0.248153820633888 0.171874016523361 0.153579965233803 0.255627453327179 0.262374401092529 0.162499725818634 0.104420550167561 0.0821076184511185 0.0824177265167236
0.352867543697357 0.327809929847717 0.310352444648743 0.325959891080856 0.399560421705246 -3.4e+38 -3.4e+38 -3.4e+38 -3.4e+38 -3.4e+38 -3.4e+38 0.449322789907455 0.50282347202301 0.481656491756439 0.449938237667084 0.482222765684128 0.352496564388275 0.394189983606339 0.354015588760376 0.35614675283432 0.412856757640839 0.408167660236359 0.437300860881805 0.471996545791626 0.495869010686874 0.52379435300827 0.415239721536636 0.415804594755173 0.437853574752808 0.443386137485504 0.294097036123276 0.310852140188217 0.272316098213196 0.343151986598969 0.290298998355865 0.359487771987915 0.283242017030716 0.201771885156631 0.306445837020874 0.220696642994881 0.160522177815437 0.120782397687435 0.211629420518875 0.179947450757027 0.131515637040138 0.0892516598105431 0.0718256905674934 0.211885496973991 0.197604298591614
0.340945929288864 0.254601955413818 0.415152370929718 0.390067875385284 0.333564639091492 0.337122172117233 0.390889316797256 0.412169724702835 0.42363366484642 0.428181827068329 0.456466734409332 0.467488706111908 0.446749120950699 0.503430366516113 0.492552548646927 0.461908042430878 0.338066637516022 0.321023881435394 0.312218308448792 0.316731840372086 0.367101311683655 0.384450078010559 0.400755047798157 0.467594087123871 0.435954451560974 0.443304657936096 0.457315802574158 0.347815483808517 0.297934859991074 0.263080835342407 0.307623654603958 0.229390949010849 0.287225753068924 0.258917689323425 0.200456231832504 0.256703078746796 0.186433702707291 0.140875205397606 0.209161430597305 0.12781386077404 0.104233607649803 0.18622237443924 0.156261518597603 0.113299362361431 0.0584113150835037 0.0579188540577888 0.174477070569992 0.127382591366768 0.118265591561794
