data/climate_estimation/maxent_output/Colchicum_longifolium.asc
NCOLS 132 
NROWS 63 
XLLCORNER 0.416666666666667 
YLLCORNER 42.0833333333333 
CELLSIZE 0.0833333333333333 
NODATA_value -3.4e+38 
[rows 20 to 39 of 63, columns 45 to 89 of 132]
0.0013974504545331 0.0015712525928393 0.00204227608628571 0.00259612151421607 0.00477488711476326 0.0017345380038023 0.00107021583244205 0.000897879188414663 0.00101467990316451 0.00125946337357163 0.00114340183790773 0.00102016527671367 0.00124656606931239 0.00134972098749131 0.0019776257686317 0.00167538330424577 0.00177448079921305 0.00165069417562336 0.00215683644637465 0.23575334250927 0.00214790925383568 0.251469999551773 0.150209203362465 0.158201962709427 0.138721913099289 0.00955433771014214 0.195774778723717 0.181886911392212 0.0110713085159659 0.00679023470729589 0.0210285633802414 0.128975093364716 0.0335835330188274 0.00235074199736118 0.00461217947304249 0.00706061627715826 0.0151076652109623 0.0060964566655457 0.00690757483243942 0.00196314766071737 0.00286164460703731 0.000657848955597728 0.00134640408214182 0.0008235081913881 0.000683347228914499
0.00126174092292786 0.00131842296104878 0.0023333951830864 0.00413478491827846 0.00171299232169986 0.00130497594363987 0.00128512782976031 0.00105944054666907 0.00105992436874658 0.00106356188189238 0.00121949310414493 0.00158723210915923 0.0020046595018357 0.00214027124457061 0.00210693082772195 0.00260275788605213 0.00227197981439531 0.00175557273905724 0.00199288711883128 0.25509586930275 0.322198212146759 0.00228425557725132 0.241820484399796 0.00222988286986947 0.00201669614762068 0.00851185247302055 0.0415288731455803 0.18259784579277 0.0897638872265816 0.133408725261688 0.0936594307422638 0.0220601037144661 0.00608097575604916 0.00148745346814394 0.000836682738736272 0.00292027578689158 0.00377402594313025 0.000557869556359947 0.00149932573549449 0.00850460305809975 0.000628351757768542 0.000325524248182774 0.000842530222143978 0.00117150123696774 0.00140776438638568
0.00175383570604026 0.00162243784870952 0.00161326711531729 0.00175255385693163 0.00157840922474861 0.00222711195237935 0.00155655818525702 0.000900062499567866 0.00116117298603058 0.00114310113713145 0.00162772135809064 0.00181447342038155 0.00196847901679575 0.00227501359768212 0.00217851018533111 0.00250380486249924 0.286729753017426 0.269337803125381 0.276992052793503 0.279334604740143 0.19266751408577 0.277548760175705 0.00220539281144738 0.00393737200647593 0.148326337337494 0.221996605396271 0.0181184709072113 0.111685074865818 0.00601353170350194 0.110912077128887 0.0336704328656197 0.00318105984479189 0.00261695659719408 0.00851445458829403 0.00112111819908023 0.00200369115918875 0.00871550105512142 0.0252106860280037 0.00095220550429076 0.000760688271839172 0.0014848398277536 0.000911664392333478 0.00164642801973969 0.00145675917156041 0.00100775179453194
0.00204250565730035 0.00223875464871526 0.00459284288808703 0.00595937902107835 0.00570589303970337 0.00425370037555695 0.00107814103830606 0.000911645474843681 0.00103533815126866 0.00128377601504326 0.00157407531514764 0.00159774988424033 0.00208224402740598 0.00228654337115586 0.00268986914306879 0.00253575923852623 0.00248914188705385 0.253106892108917 0.277265697717667 0.22589336335659 0.154091075062752 0.36875793337822 0.311974376440048 0.177338987588882 0.0338519997894764 0.265838533639908 0.0431407354772091 0.0409298464655876 0.0422604456543922 0.0144002242013812 0.0238858163356781 0.00155966845341027 0.00178078073076904 0.00155264197383076 0.00614536367356777 0.00213338923640549 0.0222866293042898 0.000942743674386293 0.00127715000417084 0.00139347359072417 0.00186295120511204 0.0017920796526596 0.00144071190152317 0.00116390839684755 0.00110156589653343
0.00254198000766337 0.00516347214579582 0.00591286085546017 0.00639315089210868 0.00334815680980682 0.00184336397796869 0.00122775486670434 0.00110542424954474 0.00100070668850094 0.00142440083436668 0.00179494533222169 0.00204787636175752 0.00232205097563565 0.00233181426301599 0.00271955109201372 0.00288902479223907 0.0022740182466805 0.284456759691238 0.243166521191597 0.188270598649979 0.324790090322495 0.294574230909348 0.1543850004673 0.0233640074729919 0.0722196847200394 0.19388273358345 0.199450269341469 0.0299059171229601 0.00624151481315494 0.00121597072575241 0.00236941874027252 0.0216928869485855 0.0194434970617294 0.0093988673761487 0.0072245099581778 0.0014718062011525 0.0228644963353872 0.00144218793138862 0.00176434603054076 0.00208653672598302 0.00171305099502206 0.00136854057200253 0.000897261139471084 0.000999603653326631 0.000995777081698179
0.00235868152230978 0.00352688366547227 0.00572447385638952 0.00567089719697833 0.00312087428756058 0.00153601646889001 0.00118388945702463 0.00132669601589441 0.00124572811182588 0.00185066822450608 0.00201900582760572 0.00216444372199476 0.00301495473831892 0.0028605128172785 0.00258222850970924 0.00285285012796521 0.2791368663311 0.290105879306793 0.380822390317917 0.330704271793365 0.336084753274918 0.15234862267971 0.0495747700333595 0.0127487713471055 0.0293476544320583 0.18957282602787 0.0727806985378265 0.188757032155991 0.0716233476996422 0.0725819244980812 0.0873387008905411 0.0738726556301117 0.0144555252045393 0.0367500744760036 0.0298514440655708 0.0141695253551006 0.001615020330064 0.00190679728984833 0.00189264642540365 0.00192796532064676 0.00113687547855079 0.000948362052440643 0.000737018650397658 0.000625263317488134 0.000615816912613809
0.00468369340524077 0.0053582638502121 0.00626705819740891 0.00553910154849291 0.00506023550406098 0.00171900633722544 0.00134809839073569 0.00171061127912253 0.00189286004751921 0.00205859751440585 0.00216215196996927 0.0025813658721745 0.00227116351015866 0.00289551145397127 0.389984607696533 0.256197333335876 0.24043445289135 0.266751945018768 0.31697028875351 0.362954467535019 0.237084567546844 0.119715049862862 0.201781406998634 0.00628366973251104 0.0187559425830841 0.00861901324242353 0.0087259104475379 0.0313477367162704 0.00539181474596262 0.0117262117564678 0.0296681728214025 0.0098588103428483 0.00903516449034214 0.00261545041576028 0.00199696118943393 0.00152662198524922 0.00178364536259323 0.00183770246803761 0.00171990355011076 0.0015209976118058 0.000842923764139414 0.000457572634331882 0.000374713126802817 0.000583715445827693 0.000809808087069541
0.00613442016765475 0.00598991475999355 0.0064444076269865 0.00287959864363074 0.00249388068914413 0.00153209595009685 0.00163795426487923 0.00203146156854928 0.00231468304991722 0.00272059510461986 0.00295181944966316 0.00266188709065318 0.39859077334404 0.330691367387772 0.430527538061142 0.312279641628265 0.274671792984009 0.381415694952011 0.390970170497894 0.39131960272789 0.24798871576786 0.0932313874363899 0.273590952157974 0.181477501988411 0.0318074151873589 0.0228713005781174 0.0169798973947763 0.0151034034788609 0.0177769865840673 0.0774305686354637 0.148495882749557 0.203654497861862 0.222902774810791 0.0815182477235794 0.14870186150074 0.138316601514816 0.00241696718148887 0.00195697578601539 0.00144973548594862 0.00102578196674585 0.000723632925655693 0.000366822467185557 0.000597376027144492 0.00104088184889406 0.000772096216678619
0.00654109474271536 0.00511104892939329 0.00269936304539442 0.00329632055945694 0.00178708566818386 0.00215000403113663 0.0021464298479259 0.00278109381906688 0.00302099576219916 0.38462296128273 0.363325774669647 0.432835638523102 0.363955408334732 0.422210425138474 0.319973230361938 0.359637856483459 0.301451355218887 0.391385585069656 0.412013947963715 0.329977840185165 0.251469075679779 0.187225222587585 0.0359459780156612 0.0543192476034164 0.0187945626676083 0.00621937774121761 0.00337051041424274 0.0176859218627214 0.0986008495092392 0.0820355862379074 0.0870656296610832 0.226212725043297 0.0961519852280617 0.0335632376372814 0.166126266121864 0.00284588523209095 0.00202955421991646 0.00237911962904036 0.00122682354412973 0.00092038931325078 0.000609470531344414 0.000426255544880405 0.000506887852679938 0.000592784606851637 0.000766031385865062
0.00660966336727142 0.00445852056145668 0.00296389800496399 0.00214620912447572 0.00227556563913822 0.00243502319790423 0.00280164671130478 0.00343059003353119 0.390721470117569 0.423082917928696 0.454777032136917 0.42608517408371 0.400068134069443 0.401243329048157 0.339309841394424 0.319969952106476 0.258268654346466 0.386083751916885 0.433665871620178 0.44574698805809 0.403178632259369 0.272425025701523 0.230769112706184 0.0320121198892593 0.0111212432384491 0.00864420458674431 0.00323259271681309 0.147437319159508 0.089943915605545 0.258006691932678 0.128229632973671 0.0643193647265434 0.0204592365771532 0.0258812252432108 0.122472658753395 0.187513902783394 0.002414018381387 0.00158417585771531 0.000948290748056024 0.000895257107913494 0.000805107934866101 0.000646776345092803 0.000624936539679766 0.000791537982877344 0.000827465555630624
0.00687274383381009 0.00644013471901417 0.00510290497913957 0.00232487428002059 0.00263425055891275 0.00346299191005528 0.410386651754379 0.47799351811409 0.462697565555573 0.454493582248688 0.496765166521072 0.523707628250122 0.505647718906403 0.484343260526657 0.495798736810684 0.348055392503738 0.287367105484009 0.394564419984818 0.479104340076447 0.379563599824905 0.33882474899292 0.394527703523636 0.297902286052704 0.190275743603706 0.115512050688267 0.0562188290059566 0.0155259761959314 0.0800999477505684 0.00900914985686541 0.100338779389858 0.0669667944312096 0.0955683439970016 0.132252648472786 0.163965612649918 0.168671399354935 0.00429205549880862 0.00228343671187758 0.00118858821224421 0.000876169826369733 0.000703863217495382 0.000813479360658675 0.000702387886121869 0.000715211150236428 0.000875132391229272 0.00118114508222789
0.00236102845519781 0.00205035880208015 0.0029233240056783 0.00322528090327978 0.00390026159584522 0.427838057279587 0.475891798734665 0.46720016002655 0.54330587387085 0.496972769498825 0.522416472434998 0.544523894786835 0.555198311805725 0.602258741855621 0.537054836750031 0.574822902679443 0.472361713647842 0.41935783624649 0.367696821689606 0.305886298418045 0.330476820468903 0.315203487873077 0.413393050432205 0.333403199911118 0.156259641051292 0.223171427845955 0.0488396026194096 0.0504446104168892 0.214999258518219 0.010632905177772 0.238612577319145 0.208148211240768 0.0836071968078613 0.033740621060133 0.0373075678944588 0.13192144036293 0.00668066320940852 0.00186440639663488 0.00116159184835851 0.000886385736521333 0.000932960538193583 0.000937133387196809 0.00110050535295159 0.00102084968239069 0.00123735284432769
0.00288688694126904 0.00317768868990242 0.442249804735184 0.430529892444611 0.00553780933842063 0.489201635122299 0.479672014713287 0.481422066688538 0.517386674880981 0.52922785282135 0.521116018295288 0.604763329029083 0.580017924308777 0.580765426158905 0.568633794784546 0.56132847070694 0.555890738964081 0.436015874147415 0.491447359323502 0.313992202281952 0.337851971387863 0.3150994181633 0.356918752193451 0.433367282152176 0.379552066326141 0.144656792283058 0.106685429811478 0.14304980635643 0.0104898642748594 0.312155097723007 0.17764838039875 0.0564005486667156 0.0341662988066673 0.0210017785429955 0.192549332976341 0.128572836518288 0.00772889377549291 0.00459390366449952 0.00229647965170443 0.00174163444899023 0.00164988508913666 0.00181070889811963 0.00183227134402841 0.00193754525389522 0.00269342958927155
0.00375627796165645 0.403720200061798 0.501704275608063 0.485957831144333 0.485029280185699 0.503997385501862 0.507941842079163 0.513732314109802 0.544054746627808 0.622251391410828 0.627139270305634 0.623136281967163 0.638579308986664 0.614484310150146 0.570650160312653 0.605651319026947 0.612234711647034 0.524614095687866 0.564728200435638 0.566856384277344 0.577706277370453 0.502706170082092 0.560125410556793 0.544701337814331 0.44524011015892 0.0151626681908965 0.0128091378137469 0.004906065762043 0.0125556653365493 0.130865469574928 0.136079758405685 0.152455434203148 0.0326601415872574 0.0606442652642727 0.23106575012207 0.373692065477371 0.00855816248804331 0.00756661780178547 0.00436214497312903 0.00334271299652755 0.00353662762790918 0.00340230436995625 0.412138968706131 0.426958709955215 0.490891635417938
0.480893343687057 0.520613670349121 0.536519050598145 0.55869847536087 0.544828593730927 0.59187650680542 0.537793457508087 0.596091449260712 0.587534189224243 0.602772176265717 0.641181349754333 0.680624008178711 0.685047566890717 0.68802410364151 0.669776082038879 0.66565990447998 0.667163848876953 0.590164184570312 0.567094087600708 0.584434568881989 0.580733358860016 0.650116145610809 0.552625715732574 0.579333305358887 0.533056914806366 0.015121934004128 0.453170597553253 0.332753598690033 0.179717019200325 0.0827689692378044 0.278192192316055 0.237485334277153 0.112763054668903 0.266901016235352 0.427877932786942 0.416886895895004 0.0105899702757597 0.00730530545115471 0.00596420373767614 0.544050633907318 0.571603655815125 0.587444841861725 0.631295561790466 0.67039966583252 0.681721389293671
0.579512000083923 0.570162236690521 0.617002785205841 0.588730812072754 0.596464931964874 0.600783705711365 0.608841419219971 0.605821311473846 0.651740789413452 0.601836085319519 0.698303282260895 0.727861821651459 0.71548330783844 0.685626745223999 0.704259276390076 0.668952107429504 0.677868604660034 0.71467137336731 0.601469576358795 0.637338519096375 0.627307772636414 0.581558883190155 0.588435053825378 0.599305391311646 0.551856935024261 0.556773483753204 0.459945946931839 0.403289169073105 0.401851773262024 0.546757817268372 0.463961392641068 0.217732042074203 0.107831448316574 0.236512139439583 0.258087337017059 0.243194192647934 0.483360588550568 0.650540113449097 0.643878877162933 0.651481688022614 0.682754278182983 0.746359348297119 0.76050591468811 0.780349254608154 0.822318553924561
0.647648513317108 0.648608326911926 0.629640817642212 0.663775444030762 0.608469188213348 0.609857380390167 0.593892455101013 0.619972229003906 0.606601715087891 0.701547980308533 0.667045891284943 0.729244232177734 0.742083430290222 0.72039520740509 0.762296319007874 0.77144068479538 0.731280267238617 0.731607854366302 0.707164406776428 0.643418490886688 0.575848519802094 0.573035359382629 0.613537788391113 0.665187895298004 0.470523655414581 0.565708458423615 0.606441736221313 0.292910039424896 0.188609302043915 0.327239215373993 0.150316148996353 0.0910157337784767 0.395544171333313 0.131685018539429 0.340094059705734 0.532442271709442 0.582252025604248 0.651889264583588 0.722152054309845 0.782066643238068 0.770394623279572 0.758429110050201 0.849806249141693 0.823072254657745 0.821155607700348
0.640590608119965 0.636741816997528 0.67655086517334 0.598341345787048 0.599746406078339 0.642165303230286 0.644383192062378 0.664718568325043 0.641230225563049 0.649504780769348 0.741326689720154 0.700905919075012 0.785970747470856 0.790113151073456 0.820787310600281 0.756189703941345 0.729234397411346 0.718905448913574 0.753422558307648 0.750697255134583 0.651718080043793 0.613081276416779 0.696996450424194 0.718101978302002 0.660183250904083 0.717815756797791 0.689778566360474 0.555070638656616 0.268479615449905 0.44326251745224 0.267691940069199 0.243015319108963 0.291364818811417 0.563474237918854 0.414768368005753 0.298187434673309 0.154188126325607 0.355471104383469 0.577661275863647 0.609482705593109 0.73003077507019 0.558657705783844 0.486992597579956 0.480313867330551 0.617961704730988
0.670127749443054 0.681626439094543 0.672453284263611 0.638812601566315 0.674152374267578 0.611983358860016 0.623562633991241 0.602979958057404 0.659154117107391 0.700925290584564 0.688273906707764 0.728399634361267 0.772843480110168 0.828655362129211 0.79108464717865 0.802998423576355 0.723492503166199 0.768092751502991 0.712319314479828 0.717699706554413 0.750614821910858 0.694173753261566 0.675670444965363 0.734342038631439 0.728552758693695 0.698777556419373 0.684536576271057 0.535748779773712 0.589596331119537 0.518280684947968 0.317218422889709 0.670543730258942 0.685458302497864 0.444233328104019 0.590996742248535 0.666767597198486 0.314018189907074 0.348544627428055 0.21339263021946 0.204151973128319 0.581551611423492 0.671000182628632 0.50916850566864 0.724916338920593 0.7898810505867
0.676822006702423 0.684750318527222 0.634040415287018 0.664257228374481 0.676976442337036 0.70060008764267 0.695633709430695 0.655102968215942 0.697887718677521 0.719295144081116 0.700488984584808 0.716389834880829 0.753231346607208 0.862354516983032 0.81297355890274 0.820954442024231 0.789326131343842 0.827354073524475 0.821312606334686 0.757423877716064 0.73916232585907 0.709827303886414 0.762317478656769 0.684297442436218 0.735919177532196 0.745741069316864 0.7352574467659 0.709860920906067 0.653166532516479 0.677171468734741 0.564019501209259 0.730676472187042 0.753856778144836 0.680131494998932 0.720468103885651 0.836678266525269 0.701410591602325 0.71507316827774 0.564879477024078 0.444356620311737 0.755441606044769 0.762215793132782 0.736689329147339 0.766455113887787 0.865524411201477
