data/climate_estimation/maxent_output/Colchicum_lusitanum.asc
NCOLS 297 
NROWS 175 
XLLCORNER -10 
YLLCORNER 31 
CELLSIZE 0.0833333333333333 
NODATA_value -3.4e+38 
[rows 24 to 47 of 175, columns 53 to 105 of 297]
0.465540826320648 0.469429820775986 0.549608111381531 0.574639916419983 -3.4e+38 -3.4e+38 -3.4e+38 -3.4e+38 -3.4e+38 -3.4e+38 -3.4e+38 -3.4e+38 -3.4e+38 -3.4e+38 -3.4e+38 -3.4e+38 -3.4e+38 -3.4e+38 -3.4e+38 -3.4e+38 -3.4e+38 -3.4e+38 -3.4e+38 0.169274941086769 0.261110335588455 -3.4e+38 -3.4e+38 -3.4e+38 -3.4e+38 -3.4e+38 -3.4e+38 -3.4e+38 -3.4e+38 -3.4e+38 -3.4e+38 -3.4e+38 -3.4e+38 -3.4e+38 -3.4e+38 -3.4e+38 -3.4e+38 -3.4e+38 -3.4e+38 -3.4e+38 -3.4e+38 -3.4e+38 -3.4e+38 -3.4e+38 0.284791588783264 0.241940692067146 0.323830962181091 0.36908820271492 0.427986860275269
0.501710116863251 0.546823143959045 0.603908121585846 0.607908725738525 0.614007830619812 0.615773141384125 0.666992127895355 0.662400186061859 0.690864503383636 0.671222269535065 0.678385496139526 -3.4e+38 -3.4e+38 -3.4e+38 -3.4e+38 -3.4e+38 -3.4e+38 0.320519924163818 0.271942377090454 0.24007847905159 0.202122882008553 0.189374893903732 0.206465840339661 0.268328100442886 0.33322685956955 0.329320967197418 -3.4e+38 -3.4e+38 -3.4e+38 -3.4e+38 -3.4e+38 0.229665905237198 0.257682174444199 0.292261511087418 0.278135925531387 -3.4e+38 -3.4e+38 -3.4e+38 -3.4e+38 -3.4e+38 -3.4e+38 -3.4e+38 -3.4e+38 -3.4e+38 -3.4e+38 -3.4e+38 -3.4e+38 0.284786343574524 0.26269206404686 0.294555515050888 0.338699996471405 0.384516805410385 0.567974209785461
0.506780087947845 0.55170875787735 0.623025953769684 0.663392126560211 0.664076030254364 0.674388647079468 0.669738173484802 0.668808043003082 0.638356924057007 0.692255795001984 0.66900634765625 0.709295749664307 0.660479962825775 0.65544331073761 0.648536562919617 0.613017141819 0.563121795654297 0.515256702899933 0.523028671741486 0.267353653907776 0.375800102949142 0.362916648387909 0.35930347442627 0.371761202812195 0.381573677062988 0.396894812583923 0.399606466293335 0.408039271831512 0.344766765832901 0.366889178752899 0.295383840799332 0.260046899318695 0.273920953273773 0.304746776819229 0.362401396036148 0.398031890392303 0.388438880443573 0.459645360708237 -3.4e+38 -3.4e+38 -3.4e+38 -3.4e+38 -3.4e+38 0.501053690910339 0.404068857431412 0.428584158420563 0.426504969596863 0.413806855678558 0.404421150684357 0.446728497743607 0.445286720991135 0.554506182670593 0.620889365673065
0.56044328212738 0.560332775115967 0.641651630401611 0.608174800872803 0.70351642370224 0.676310420036316 0.701719880104065 0.568742334842682 0.623394429683685 0.672946751117706 0.666916012763977 0.737718641757965 0.716519415378571 0.725184082984924 0.693022012710571 0.685008227825165 0.685440242290497 0.634424686431885 0.612738192081451 0.562294244766235 0.551512539386749 0.518231272697449 0.51357501745224 0.521208941936493 0.484262943267822 0.543829321861267 0.535325825214386 0.45704659819603 0.495275616645813 0.445977866649628 0.429328262805939 0.342711061239243 0.390476912260056 0.403005689382553 0.445982217788696 0.443376958370209 0.501181066036224 0.50699645280838 0.541548728942871 0.562305688858032 0.500291168689728 0.495354741811752 0.455927610397339 0.45245224237442 0.496830821037292 0.409369647502899 0.457554817199707 0.410569697618484 0.485179871320724 0.470207989215851 0.498450011014938 0.559848308563232 0.603547394275665
0.599613189697266 0.619888365268707 0.595420837402344 0.464015781879425 0.604715526103973 0.621036767959595 0.475870937108994 0.228053495287895 0.388402968645096 0.287948369979858 0.355435073375702 0.741364777088165 0.608205497264862 0.740400373935699 0.761372625827789 0.741497695446014 0.718374848365784 0.708052098751068 0.752453625202179 0.713871121406555 0.680568873882294 0.706729829311371 0.641479969024658 0.508767664432526 0.612682938575745 0.666421115398407 0.669012606143951 0.630884230136871 0.624416351318359 0.581754624843597 0.555629253387451 0.571170210838318 0.509275078773499 0.554259419441223 0.560773730278015 0.60955137014389 0.640836715698242 0.626051068305969 0.638033270835876 0.613294780254364 0.533491611480713 0.508818030357361 0.529570937156677 0.486212223768234 0.470084458589554 0.414931386709213 0.47514408826828 0.444703966379166 0.446934431791306 0.461142718791962 0.490493983030319 0.593551099300385 0.698423504829407
0.532748103141785 0.454524129629135 0.418339014053345 0.479627758264542 0.419192135334015 0.384946316480637 0.530888199806213 0.361648112535477 0.317810386419296 0.444658428430557 0.667926669120789 0.745325446128845 0.722292959690094 0.504145860671997 0.617656052112579 0.705187916755676 0.722670137882233 0.731801927089691 0.794912457466125 0.758535921573639 0.785823404788971 0.732716977596283 0.617630839347839 0.56560492515564 0.612946927547455 0.651002764701843 0.716595530509949 0.770853698253632 0.747411906719208 0.738555908203125 0.705908596515656 0.686062514781952 0.685613512992859 0.734082758426666 0.764201402664185 0.728020012378693 0.737880825996399 0.754661858081818 0.74840897321701 0.690705120563507 0.663202226161957 0.659994900226593 0.653165280818939 0.504691004753113 0.470795780420303 0.455660223960876 0.509929478168488 0.519779205322266 0.528169631958008 0.477103441953659 0.502117931842804 0.614154100418091 0.689876854419708
0.38320592045784 0.272445738315582 0.280792981386185 0.437063276767731 0.326158791780472 0.442989826202393 0.482223153114319 0.395793288946152 0.404023408889771 0.284600049257278 0.324852257966995 0.47865954041481 0.623797118663788 0.546027481555939 0.365368813276291 0.510865926742554 0.670316696166992 0.724461317062378 0.683062374591827 0.734230816364288 0.752588272094727 0.710007786750793 0.704197525978088 0.798635900020599 0.799622178077698 0.803148210048676 0.787481904029846 0.833010196685791 0.814566969871521 0.782766163349152 0.861818015575409 0.848256289958954 0.819928467273712 0.639919281005859 0.802835464477539 0.807744085788727 0.878022909164429 0.867683589458466 0.801251411437988 0.835554718971252 0.821705102920532 0.755915820598602 0.626108050346375 0.601750910282135 0.54829329252243 0.50717955827713 0.510700762271881 0.510027468204498 0.417768985033035 0.441719263792038 0.461437672376633 0.332600831985474 0.395191013813019
0.425867706537247 0.359865725040436 0.438628911972046 0.477200895547867 0.460337579250336 0.489111721515656 0.52387535572052 0.546622812747955 0.47519439458847 0.351952701807022 0.340976357460022 0.391062945127487 0.543951511383057 0.607022762298584 0.412802398204803 0.521467864513397 0.6796795129776 0.720076739788055 0.739127695560455 0.748496115207672 0.750725924968719 0.729345262050629 0.769227266311646 0.813480257987976 0.865976810455322 0.86305171251297 0.82949823141098 0.861798763275146 0.842205286026001 0.82199615240097 0.850450813770294 0.883912742137909 0.900095641613007 0.862822532653809 0.907703757286072 0.898418247699738 0.803930699825287 0.773687720298767 0.58753365278244 0.737414717674255 0.800767421722412 0.717449843883514 0.587044596672058 0.601615965366364 0.637660205364227 0.651259124279022 0.58208566904068 0.573482990264893 0.574704825878143 0.564257979393005 0.493098795413971 0.429597824811935 0.416651576757431
0.453003257513046 0.454329937696457 0.454020738601685 0.507860600948334 0.480970323085785 0.534298777580261 0.53627997636795 0.557885408401489 0.507075667381287 0.489683479070663 0.527934372425079 0.559488117694855 0.654741406440735 0.712294161319733 0.693485140800476 0.695072174072266 0.724926114082336 0.726297974586487 0.734454989433289 0.696398675441742 0.782037198543549 0.754849970340729 0.80817061662674 0.807700097560883 0.848638296127319 0.871050357818604 0.852942287921906 0.8407341837883 0.810994684696198 0.863369405269623 0.847756028175354 0.802358388900757 0.823532164096832 0.907779932022095 0.928186297416687 0.907719731330872 0.869426667690277 0.78844678401947 0.780956745147705 0.703732788562775 0.78198516368866 0.769997954368591 0.740033209323883 0.530044615268707 0.747002303600311 0.667183339595795 0.658100962638855 0.612375795841217 0.643612504005432 0.687344253063202 0.669356346130371 0.604632794857025 0.3736292719841
0.462813019752502 0.444481551647186 0.456973403692245 0.485914617776871 0.53682816028595 0.54133152961731 0.542259275913239 0.5692098736763 0.571690320968628 0.541704833507538 0.591406464576721 0.662415504455566 0.62425434589386 0.664201974868774 0.726745665073395 0.708970546722412 0.757256507873535 0.736582815647125 0.770453155040741 0.782066822052002 0.756089866161346 0.746951937675476 0.77431583404541 0.732020497322083 0.798935294151306 0.815377593040466 0.882888495922089 0.894982695579529 0.875892221927643 0.806102871894836 0.914481520652771 0.838260591030121 0.890184044837952 0.870051980018616 0.817672491073608 0.800224900245667 0.71321576833725 0.69627457857132 0.642667233943939 0.64131087064743 0.665349066257477 0.698803544044495 0.610962986946106 0.727111756801605 0.804795444011688 0.764951109886169 0.63411420583725 0.622438073158264 0.688828468322754 0.718742191791534 0.781819522380829 0.791062653064728 0.747101962566376
0.504452586174011 0.442984074354172 0.463374823331833 0.465169072151184 0.547175765037537 0.576972603797913 0.572422683238983 0.608336091041565 0.572677433490753 0.60681676864624 0.662450969219208 0.685500025749207 0.668327212333679 0.717795252799988 0.707760035991669 0.709200322628021 0.732647299766541 0.705629348754883 0.759210884571075 0.768338143825531 0.770972490310669 0.766987562179565 0.736233949661255 0.693609178066254 0.745619535446167 0.869407713413239 0.806780815124512 0.818682193756104 0.762971758842468 0.767593741416931 0.914902627468109 0.923823118209839 0.899280369281769 0.837975025177002 0.749078273773193 0.72901576757431 0.607231616973877 0.687373578548431 0.676896035671234 0.614295303821564 0.670732498168945 0.70608389377594 0.845052659511566 0.887657940387726 0.887442588806152 0.879434823989868 0.846395671367645 0.764539539813995 0.790152490139008 0.83442622423172 0.887878239154816 0.886895835399628 0.841879487037659
0.485816299915314 0.432805418968201 0.474007129669189 0.475074887275696 0.522612512111664 0.501000106334686 0.584905445575714 0.599631249904633 0.586452424526215 0.579178094863892 0.629450082778931 0.660692751407623 0.680741667747498 0.724127531051636 0.719673275947571 0.720080614089966 0.740013360977173 0.742731809616089 0.70624977350235 0.709046959877014 0.761692106723785 0.742572367191315 0.706667065620422 0.739572286605835 0.760206401348114 0.831198513507843 0.846484899520874 0.853630006313324 0.828098356723785 0.78587543964386 0.803346395492554 0.822894155979156 0.843484103679657 0.699572324752808 0.655887305736542 0.570791304111481 0.574474990367889 0.560347557067871 0.645122289657593 0.566310822963715 0.618005037307739 0.699318587779999 0.81004786491394 0.88275808095932 0.909825444221497 0.908262610435486 0.850196242332458 0.877877950668335 0.835710883140564 0.85137152671814 0.877189815044403 0.905816912651062 0.841446042060852
0.375042885541916 0.371774524450302 0.383687674999237 0.374295681715012 0.444649279117584 0.445838093757629 0.484912663698196 0.542390584945679 0.554167211055756 0.544389188289642 0.559042692184448 0.602157413959503 0.611887216567993 0.669929385185242 0.664875268936157 0.664881467819214 0.665234506130219 0.670311987400055 0.718410491943359 0.680846452713013 0.700433909893036 0.710087716579437 0.712872743606567 0.701352596282959 0.693546831607819 0.691039085388184 0.717215061187744 0.729879558086395 0.735183596611023 0.720675647258759 0.784573435783386 0.728124380111694 0.708204627037048 0.684024333953857 0.617238879203796 0.642024576663971 0.549022555351257 0.561790406703949 0.651538968086243 0.563084065914154 0.639377951622009 0.680415689945221 0.711976587772369 0.861664474010468 0.904348433017731 0.890339016914368 0.850088179111481 0.838790416717529 0.860004544258118 0.862128555774689 0.890072703361511 0.903696775436401 0.897198736667633
0.339291632175446 0.320371121168137 0.331517398357391 0.342855274677277 0.414769381284714 0.419994205236435 0.451500296592712 0.485218197107315 0.469955593347549 0.49082812666893 0.477027118206024 0.520630717277527 0.525473773479462 0.58505380153656 0.564770877361298 0.574889600276947 0.631378710269928 0.575359642505646 0.649458467960358 0.631394684314728 0.621990323066711 0.649894416332245 0.664451479911804 0.626584112644196 0.600816905498505 0.630011856555939 0.642086982727051 0.643706202507019 0.656429588794708 0.678305566310883 0.639079570770264 0.627008020877838 0.614778280258179 0.616856336593628 0.578373730182648 0.58469432592392 0.537534594535828 0.555542945861816 0.501498103141785 0.540950536727905 0.608751893043518 0.666494488716125 0.716136515140533 0.735694527626038 0.825312912464142 0.858542919158936 0.883267819881439 0.859080791473389 0.871680676937103 0.847755193710327 0.858737647533417 0.830416679382324 0.769331991672516
0.279418170452118 0.307973742485046 0.30050054192543 0.317579835653305 0.382621645927429 0.392459273338318 0.419238716363907 0.410291105508804 0.444617122411728 0.452513128519058 0.43889707326889 0.443549066781998 0.493456214666367 0.521138072013855 0.469291895627975 0.525905609130859 0.531105041503906 0.557351529598236 0.544502258300781 0.566813886165619 0.566517472267151 0.542483508586884 0.517181038856506 0.559868514537811 0.580321609973907 0.595205426216125 0.588806390762329 0.601201593875885 0.606432497501373 0.582461357116699 0.602579116821289 0.592278361320496 0.531122744083405 0.58535498380661 0.589518308639526 0.534937381744385 0.58795291185379 0.608175814151764 0.560537576675415 0.575041115283966 0.614200830459595 0.592994391918182 0.634192943572998 0.684135437011719 0.683142721652985 0.744356393814087 0.803336560726166 0.846988022327423 0.854727685451508 0.852835059165955 0.855301380157471 0.840627014636993 0.759196519851685
0.280190289020538 0.277180582284927 0.285230129957199 0.289292335510254 0.294725239276886 0.337157428264618 0.342788428068161 0.353331208229065 0.351347625255585 0.352769613265991 0.369505822658539 0.331370323896408 0.335250288248062 0.361960232257843 0.359170883893967 0.403066366910934 0.382463574409485 0.432516008615494 0.46538919210434 0.44445326924324 0.464746981859207 0.459008187055588 0.463842958211899 0.498603820800781 0.570626556873322 0.55219042301178 0.595629513263702 0.603063404560089 0.56504487991333 0.542407274246216 0.576233863830566 0.491354316473007 0.522784113883972 0.570764005184174 0.534669101238251 0.526276707649231 0.547612547874451 0.540555894374847 0.55337518453598 0.540767788887024 0.623078048229218 0.657394349575043 0.609905958175659 0.580595672130585 0.634152114391327 0.628836095333099 0.690349757671356 0.727362871170044 0.7471883893013 0.748860836029053 0.724586844444275 0.761047601699829 0.748698472976685
0.223849177360535 0.226142942905426 0.254139304161072 0.248264208436012 0.249958038330078 0.265645265579224 0.263216763734818 0.26362869143486 0.268672704696655 0.284792065620422 0.282722115516663 0.25189808011055 0.228393971920013 0.258935391902924 0.277382671833038 0.307306498289108 0.322434812784195 0.390216082334518 0.322946935892105 0.363222241401672 0.380662232637405 0.417661964893341 0.47027462720871 0.513664841651917 0.558253586292267 0.572002232074738 0.589614689350128 0.5524742603302 0.475002825260162 0.455378502607346 0.432519733905792 0.412166148424149 0.516169250011444 0.520534873008728 0.522742033004761 0.526203989982605 0.53650289773941 0.521675169467926 0.520450592041016 0.602635860443115 0.610280513763428 0.653567671775818 0.642185091972351 0.605355203151703 0.600882291793823 0.573588728904724 0.610025942325592 0.650354087352753 0.599205613136292 0.60486763715744 0.651065468788147 0.701564252376556 0.70039176940918
0.186098754405975 0.18636991083622 0.179965734481812 0.190084844827652 0.188730642199516 0.212519451975822 0.218967527151108 0.222452372312546 0.200280249118805 0.20478156208992 0.186252772808075 0.181308880448341 0.163770660758018 0.190625205636024 0.239729836583138 0.227481216192245 0.28718113899231 0.239249229431152 0.274655997753143 0.311351090669632 0.341659814119339 0.35312807559967 0.440648525953293 0.496733069419861 0.543387889862061 0.578427016735077 0.570578277111053 0.584087669849396 0.594307780265808 0.615049183368683 0.551342070102692 0.576086580753326 0.573751330375671 0.463417828083038 0.493791401386261 0.511167585849762 0.496300309896469 0.465375304222107 0.529413163661957 0.541342496871948 0.545763671398163 0.619784474372864 0.654711306095123 0.642645537853241 0.582044541835785 0.531563460826874 0.530740201473236 0.538663268089294 0.575381755828857 0.619579374790192 0.649450600147247 0.612200796604156 0.650400221347809
0.158806890249252 0.156035482883453 0.148407787084579 0.151741594076157 0.156855657696724 0.176379933953285 0.184551000595093 0.167104557156563 0.170962512493134 0.181823939085007 0.164779707789421 0.143987998366356 0.14648349583149 0.168461352586746 0.174206525087357 0.198887228965759 0.233705922961235 0.272708922624588 0.300363451242447 0.305370718240738 0.289977550506592 0.361140936613083 0.375671058893204 0.423747479915619 0.5163853764534 0.554802298545837 0.536896049976349 0.573268473148346 0.608884215354919 0.590867519378662 0.508266925811768 0.502581238746643 0.39196565747261 0.417846620082855 0.40975433588028 0.416380822658539 0.436365097761154 0.49690654873848 0.527753710746765 0.523761451244354 0.610297024250031 0.620836496353149 0.638011991977692 0.598551392555237 0.558472037315369 0.556226313114166 0.492071568965912 0.448109447956085 0.448396384716034 0.533359885215759 0.584985196590424 0.625133037567139 0.477368801832199
0.134019151329994 0.110830537974834 0.127525210380554 0.127689510583878 0.117401547729969 0.137547552585602 0.153243228793144 0.153680473566055 0.15436290204525 0.13560651242733 0.13335032761097 0.140068724751472 0.122148364782333 0.140556588768959 0.147176072001457 0.192866161465645 0.216724425554276 0.284046083688736 0.326166570186615 0.296738266944885 0.334613680839539 0.38382551074028 0.447344094514847 0.415526479482651 0.523617565631866 0.536841988563538 0.587989270687103 0.533240675926208 0.584232449531555 0.566503584384918 0.577281355857849 0.596722781658173 0.538236141204834 0.565798461437225 0.45126336812973 0.514334201812744 0.496729403734207 0.592617690563202 0.521686255931854 0.503926753997803 0.612691223621368 0.611325860023499 0.621468067169189 0.600380003452301 0.565113544464111 0.57397985458374 0.436328798532486 0.438398897647858 0.426391988992691 0.373774141073227 0.370364308357239 0.413070052862167 0.413310915231705
0.0930918380618095 0.104682736098766 0.0965774953365326 0.0956790670752525 0.11061754077673 0.112126685678959 0.123120151460171 0.145802810788155 0.164222821593285 0.145969852805138 0.163196712732315 0.13239212334156 0.119140446186066 0.149688541889191 0.174667984247208 0.182963013648987 0.241070106625557 0.23672878742218 0.279049217700958 0.314719080924988 0.318410217761993 0.335509717464447 0.410010039806366 0.387425899505615 0.438591569662094 0.477730631828308 0.540269494056702 0.565607666969299 0.560507595539093 0.596567392349243 0.6012162566185 0.605389654636383 0.591093480587006 0.545107960700989 0.54451996088028 0.573836147785187 0.55741935968399 0.548161387443542 0.60429584980011 0.578286826610565 0.603343486785889 0.628834128379822 0.638188064098358 0.644526660442352 0.635840117931366 0.514894127845764 0.523244917392731 0.514674842357635 0.460691422224045 0.351700574159622 0.315829694271088 0.30315950512886 0.303107231855392
0.0780419260263443 0.0698027461767197 0.0815160572528839 0.0946329236030579 0.0947545543313026 0.0954720750451088 0.119647935032845 0.13768969476223 0.135433197021484 0.154777958989143 0.134465023875237 0.126437246799469 0.126902982592583 0.146583035588264 0.187827885150909 0.19702011346817 0.196992829442024 0.231190502643585 0.263334631919861 0.265096366405487 0.277078211307526 0.304566860198975 0.326342314481735 0.357698708772659 0.373430877923965 0.43027999997139 0.443857699632645 0.454531759023666 0.569631278514862 0.577413618564606 0.555707395076752 0.586168885231018 0.581675112247467 0.5709188580513 0.590709745883942 0.593916594982147 0.57780933380127 0.580320239067078 0.580366969108582 0.598028421401978 0.624921441078186 0.635199427604675 0.63847541809082 0.645460605621338 0.578500330448151 0.647415101528168 0.548059940338135 0.454956650733948 0.450462430715561 0.325842559337616 0.314657628536224 0.259311139583588 0.250013560056686
0.0590573698282242 0.0590294525027275 0.0688487812876701 0.0778394117951393 0.0901433229446411 0.101532109081745 0.114043802022934 0.12950499355793 0.131445065140724 0.133783757686615 0.136333405971527 0.137667641043663 0.138593927025795 0.161611631512642 0.160076454281807 0.18649260699749 0.196706980466843 0.227607041597366 0.233919247984886 0.229612544178963 0.209858745336533 0.244918212294579 0.270020812749863 0.281304121017456 0.311510860919952 0.328724026679993 0.376392424106598 0.426686942577362 0.444628983736038 0.485914617776871 0.502504169940948 0.567874372005463 0.536098122596741 0.569458603858948 0.565531075000763 0.600661993026733 0.57393741607666 0.582245528697968 0.565405786037445 0.594592392444611 0.601158022880554 0.628085494041443 0.597235381603241 0.621944427490234 0.658868253231049 0.612923324108124 0.597430825233459 0.511729657649994 0.452038496732712 0.33292630314827 0.253909021615982 0.235898122191429 0.199337422847748
0.0589663647115231 0.059289962053299 0.0582181438803673 0.068063497543335 0.0688038915395737 0.0870217010378838 0.109886169433594 0.123582549393177 0.126143410801888 0.130521073937416 0.148360535502434 0.133709669113159 0.135805442929268 0.122421778738499 0.142972588539124 0.164162307977676 0.167701110243797 0.173642262816429 0.222533047199249 0.198959276080132 0.231642976403236 0.231143519282341 0.242544621229172 0.270439982414246 0.284360826015472 0.309280246496201 0.319410502910614 0.372920513153076 0.378758132457733 0.439889043569565 0.446639627218246 0.493265092372894 0.503797769546509 0.503115057945251 0.500413298606873 0.548615336418152 0.566061198711395 0.56231552362442 0.590561807155609 0.545321404933929 0.556215941905975 0.587902784347534 0.557169675827026 0.572679877281189 0.567517399787903 0.554476737976074 0.473464131355286 0.432382166385651 0.351468175649643 0.322790533304214 0.216519191861153 0.202642694115639 0.209669753909111
