data/climate_estimation/maxent_output/Colchicum_robustum.asc
NCOLS 296 
NROWS 66 
XLLCORNER 50.75 
YLLCORNER 33.5833333333333 
CELLSIZE 0.0833333333333333 
NODATA_value -3.4e+38 
[rows 0 to 19 of 66, columns 44 to 87 of 296]
0.707926571369171 0.700157344341278 0.784272134304047 0.801166892051697 0.850246846675873 0.885644495487213 0.83862429857254 0.927537620067596 0.928364872932434 0.967429637908936 0.970838963985443 0.975298464298248 0.969892144203186 0.961269855499268 0.969804584980011 0.977026581764221 0.976658999919891 0.97176855802536 0.972515404224396 0.923821151256561 0.923766851425171 0.883207499980927 0.877204537391663 0.877802550792694 0.85106360912323 0.829306185245514 0.827537536621094 0.769232392311096 0.783691108226776 0.747491478919983 0.737789273262024 0.714265525341034 0.809610068798065 0.800472438335419 0.781328618526459 0.777702927589417 0.76813805103302 0.767921507358551 0.748673021793365 0.795730292797089 0.794983088970184 0.772390067577362 0.772820651531219 0.742399513721466
0.724740743637085 0.781735777854919 0.825055480003357 0.871076166629791 0.812922358512878 0.859586775302887 0.902983486652374 0.952328681945801 0.943516492843628 0.974977493286133 0.984972536563873 0.985717952251434 0.996260941028595 0.98871374130249 0.984509348869324 0.995255470275879 0.976692616939545 0.961643278598785 0.977296829223633 0.98620879650116 0.966649651527405 0.910493493080139 0.906658470630646 0.900831401348114 0.874340236186981 0.836397469043732 0.816916108131409 0.868651449680328 0.837626576423645 0.829759120941162 0.804390907287598 0.803290545940399 0.800658822059631 0.773514747619629 0.773643016815186 0.843851864337921 0.831276416778564 0.814276993274689 0.797073245048523 0.787257969379425 0.73735511302948 0.793310523033142 0.78397810459137 0.764885544776917
0.832919657230377 0.847446382045746 0.861013352870941 0.814342856407166 0.875635921955109 0.892880380153656 0.939884960651398 0.954005539417267 0.952304720878601 0.980953514575958 0.986070096492767 0.977586686611176 0.988648355007172 0.99381422996521 0.994936347007751 0.987243354320526 0.973630607128143 0.985171854496002 0.967136144638062 0.969859540462494 0.957787454128265 0.988961756229401 0.978628158569336 0.972304940223694 0.946182548999786 0.866104125976562 0.876894772052765 0.877645075321198 0.857613623142242 0.805623829364777 0.855918288230896 0.87041825056076 0.863509058952332 0.836281180381775 0.835868656635284 0.835793554782867 0.810786366462708 0.762425243854523 0.833137631416321 0.833364307880402 0.820979356765747 0.790172934532166 0.785254120826721 0.766673505306244
0.87625390291214 0.835454165935516 0.853598237037659 0.894607663154602 0.90656453371048 0.950832903385162 0.919572174549103 0.960288643836975 0.983136117458344 0.978102505207062 0.988947153091431 0.992312908172607 0.995078265666962 0.989862859249115 0.994761407375336 0.995640814304352 0.994354784488678 0.990231275558472 0.988473951816559 0.975877046585083 0.97771817445755 0.977315604686737 0.989677548408508 0.99271821975708 0.997250199317932 0.971433401107788 0.889545023441315 0.878775477409363 0.91088080406189 0.905677855014801 0.863621711730957 0.849191188812256 0.899715721607208 0.896501839160919 0.896855294704437 0.862835645675659 0.835284471511841 0.835879743099213 0.830207049846649 0.808655440807343 0.871236383914948 0.863423705101013 0.859885275363922 0.856512546539307
0.889910340309143 0.874786794185638 0.868080496788025 0.9244225025177 0.959031224250793 0.931242763996124 0.956551909446716 0.986580371856689 0.989230334758759 0.9903644323349 0.99555516242981 0.996960639953613 0.996600389480591 0.998018205165863 0.997129499912262 0.997248828411102 0.997160315513611 0.997484147548676 0.99320787191391 0.991968929767609 0.992271661758423 0.990402400493622 0.984184622764587 0.988800406455994 0.993412852287292 0.996874690055847 0.996576011180878 0.98627895116806 0.884842872619629 0.891940653324127 0.874323010444641 0.881777048110962 0.859247028827667 0.855689883232117 0.855550289154053 0.897734105587006 0.891655623912811 0.874802350997925 0.866564810276031 0.866732895374298 0.851427018642426 0.848527669906616 0.897467792034149 0.893202543258667
0.875133514404297 0.866512596607208 0.934234261512756 0.944266080856323 0.97317510843277 0.964425921440125 0.969632089138031 0.988098800182343 0.983163237571716 0.990831136703491 0.998147308826447 0.997126460075378 0.999355733394623 0.99858558177948 0.999485015869141 0.999087333679199 0.997267961502075 0.997148633003235 0.997507095336914 0.996436655521393 0.994079411029816 0.992932021617889 0.995876669883728 0.997659146785736 0.997626304626465 0.998378157615662 0.996065199375153 0.999311864376068 0.998313248157501 0.990739762783051 0.930618047714233 0.949430704116821 0.911967158317566 0.912099659442902 0.899636507034302 0.893290996551514 0.889483451843262 0.882953584194183 0.909018337726593 0.908448934555054 0.901969969272614 0.899286568164825 0.896445035934448 0.882626891136169
0.858542680740356 0.930373907089233 0.937259614467621 0.937296330928802 0.967794299125671 0.967302083969116 0.990157783031464 0.985195994377136 0.995383262634277 0.998809516429901 0.99738347530365 0.998841762542725 0.999265193939209 0.999723494052887 0.999860405921936 0.99914425611496 0.999027788639069 0.997753381729126 0.998046517372131 0.995827078819275 0.995674431324005 0.998564779758453 0.997385680675507 0.999582529067993 0.999768614768982 0.999717354774475 0.9997878074646 0.999531805515289 0.999695420265198 0.99986857175827 0.998371601104736 0.997934997081757 0.950101494789124 0.946328580379486 0.9369255900383 0.93455570936203 0.949614822864532 0.945298075675964 0.918383955955505 0.912454307079315 0.900161981582642 0.933337986469269 0.927988290786743 0.927707552909851
0.90420389175415 0.943134665489197 0.92512059211731 0.937204480171204 0.971571743488312 0.991804242134094 0.987658977508545 0.99123752117157 0.997479498386383 0.997409284114838 0.999135315418243 0.999466955661774 0.999657392501831 0.999188482761383 0.999403774738312 0.999251067638397 0.998957395553589 0.999184131622314 0.998961210250854 0.998052358627319 0.997963070869446 0.998423397541046 0.998370170593262 0.996012628078461 0.997066974639893 0.998038172721863 0.9991375207901 0.999714553356171 0.999940752983093 0.999981939792633 0.999996721744537 0.999895334243774 0.998841822147369 0.996890962123871 0.982111573219299 0.963482856750488 0.952002108097076 0.962501585483551 0.962501585483551 0.960536181926727 0.952557444572449 0.950969099998474 0.950969099998474 0.950842201709747
0.879922866821289 0.875252485275269 0.924632787704468 0.961679458618164 0.984717726707458 0.9679896235466 0.987783312797546 0.995722115039825 0.997939229011536 0.999208748340607 0.999715089797974 0.999002993106842 0.999317348003387 0.99962991476059 0.999606192111969 0.999444663524628 0.999736368656158 0.999693214893341 0.999562859535217 0.9986412525177 0.99787312746048 0.997793793678284 0.997364580631256 0.997312843799591 0.998684227466583 0.999117016792297 0.999452114105225 0.999285161495209 0.999941110610962 0.999975919723511 0.999988913536072 0.999977707862854 0.999986350536346 0.999966323375702 0.997190475463867 0.977997779846191 0.971738934516907 0.963818669319153 0.953853905200958 0.953853905200958 0.949816167354584 0.963018417358398 0.958983242511749 0.957377433776855
0.901379525661469 0.92939555644989 0.965621113777161 0.959267795085907 0.959551393985748 0.983500719070435 0.996102809906006 0.996650397777557 0.998633205890656 0.999628067016602 0.999824523925781 0.999527156352997 0.999776422977448 0.999858200550079 0.999911069869995 0.999863982200623 0.999824166297913 0.999551475048065 0.999658167362213 0.999867260456085 0.999808132648468 0.999779224395752 0.999895811080933 0.999713003635406 0.999750196933746 0.999646365642548 0.999841332435608 0.999795377254486 0.999733746051788 0.999941349029541 0.999994039535522 0.999997198581696 0.999995291233063 0.999990999698639 0.999975621700287 0.999917149543762 0.997419059276581 0.976125538349152 0.972590386867523 0.967306673526764 0.962400197982788 0.958777904510498 0.961056768894196 0.959521114826202
0.937250018119812 0.967328250408173 0.96435958147049 0.960112392902374 0.976353704929352 0.993591070175171 0.994192838668823 0.998369991779327 0.999534428119659 0.999408781528473 0.999777376651764 0.999714195728302 0.99987006187439 0.999058485031128 0.999405801296234 0.999667346477509 0.999788105487823 0.999777495861053 0.999912559986115 0.999933481216431 0.999215662479401 0.99979031085968 0.999850571155548 0.999670386314392 0.999793887138367 0.999761581420898 0.999850332736969 0.999856412410736 0.999836802482605 0.999848306179047 0.999890625476837 0.999973893165588 0.999984562397003 0.999997138977051 0.999997794628143 0.999972999095917 0.999494016170502 0.998735427856445 0.997830927371979 0.987987220287323 0.974827408790588 0.965623617172241 0.968618750572205 0.965526103973389
0.906195998191833 0.933996558189392 0.96320378780365 0.976537227630615 0.990536272525787 0.990866243839264 0.997266948223114 0.999367296695709 0.99912166595459 0.999500453472137 0.999763250350952 0.999428689479828 0.999622285366058 0.99980229139328 0.999890506267548 0.999902367591858 0.999956846237183 0.999956071376801 0.999947369098663 0.999927699565887 0.999940454959869 0.999952912330627 0.999649167060852 0.999835669994354 0.999919652938843 0.999909996986389 0.999922335147858 0.999945878982544 0.999943852424622 0.999980926513672 0.999985933303833 0.999966204166412 0.999974012374878 0.999984622001648 0.999993741512299 0.999994277954102 0.999990940093994 0.999963521957397 0.99932450056076 0.999256312847137 0.998394787311554 0.981252253055573 0.970742404460907 0.965694487094879
0.92070871591568 0.957595407962799 0.970847070217133 0.984271705150604 0.980293750762939 0.99384218454361 0.999101579189301 0.998702585697174 0.999466478824615 0.999756932258606 0.999504327774048 0.999619126319885 0.999773800373077 0.999876379966736 0.999515950679779 0.999527215957642 0.999731481075287 0.999887824058533 0.999916076660156 0.999961316585541 0.99981689453125 0.999954879283905 0.999948084354401 0.999964952468872 0.99994969367981 0.999961853027344 0.999961495399475 0.999978005886078 0.999987542629242 0.999993085861206 0.999993503093719 0.999993026256561 0.999988555908203 0.999984622001648 0.999990224838257 0.999994874000549 0.999988436698914 0.99997866153717 0.999818503856659 0.999218225479126 0.998467564582825 0.989233374595642 0.986664891242981 0.983162999153137
0.940914928913116 0.938549280166626 0.941925466060638 0.972625136375427 0.98920863866806 0.995289266109467 0.997837007045746 0.99877804517746 0.99908459186554 0.999172806739807 0.999603092670441 0.99917608499527 0.999479532241821 0.999659776687622 0.999743700027466 0.999840319156647 0.999858438968658 0.999952793121338 0.999937832355499 0.999927461147308 0.999904990196228 0.999907970428467 0.999908804893494 0.999916315078735 0.999853134155273 0.999759495258331 0.999803721904755 0.999849140644073 0.99989902973175 0.999903798103333 0.999911487102509 0.999949276447296 0.999990463256836 0.999996066093445 0.99999463558197 0.999995052814484 0.99999862909317 0.999991416931152 0.999995291233063 0.999963104724884 0.999960720539093 0.999997973442078 0.99998664855957 0.998519957065582
0.908718466758728 0.962103426456451 0.955683171749115 0.97890430688858 0.99487441778183 0.99441659450531 0.998001873493195 0.997292160987854 0.998604118824005 0.998307466506958 0.99900871515274 0.998561859130859 0.999099314212799 0.999355792999268 0.999663829803467 0.999724566936493 0.999531507492065 0.999832808971405 0.999728620052338 0.999943733215332 0.999905705451965 0.999890208244324 0.999890446662903 0.999848127365112 0.999882757663727 0.999942004680634 0.999906837940216 0.999886751174927 0.999880731105804 0.999804139137268 0.999905347824097 0.999946177005768 0.999993443489075 0.999920904636383 0.999883592128754 0.999878108501434 0.999991059303284 0.999998688697815 0.999996364116669 0.999998271465302 0.999973773956299 0.999987483024597 0.999996781349182 0.999982535839081
0.924455583095551 0.920337796211243 0.9685959815979 0.973205149173737 0.978162467479706 0.995876967906952 0.996662259101868 0.997009992599487 0.997050940990448 0.995811402797699 0.998297572135925 0.998794555664062 0.99943745136261 0.999835252761841 0.999884784221649 0.999849081039429 0.999847888946533 0.999936103820801 0.999947845935822 0.999966859817505 0.999982714653015 0.999958753585815 0.999937117099762 0.99877667427063 0.99874484539032 0.997529864311218 0.999767959117889 0.999893546104431 0.999833405017853 0.999782025814056 0.999800264835358 0.999806940555573 0.999861299991608 0.999868452548981 0.999827265739441 0.999840557575226 0.999931216239929 0.9999880194664 0.99998927116394 0.999994158744812 0.999995648860931 0.999965190887451 0.999939143657684 0.999426782131195
0.972222328186035 0.962567925453186 0.98476105928421 0.990912795066833 0.971640110015869 0.992784202098846 0.994225203990936 0.995109260082245 0.997878909111023 0.996261894702911 0.997898161411285 0.998610138893127 0.999183058738708 0.999390363693237 0.999540328979492 0.999865710735321 0.99991911649704 0.999963462352753 0.999991655349731 0.999994397163391 0.999986469745636 0.999926805496216 0.999828338623047 0.999842584133148 0.999839782714844 0.999857842922211 0.999760150909424 0.996598184108734 0.995922803878784 0.995433986186981 0.9960697889328 0.999654293060303 0.999556601047516 0.999550521373749 0.999895691871643 0.999947786331177 0.999946773052216 0.999988973140717 0.999993443489075 0.999996185302734 0.999998807907104 0.999994277954102 0.999995648860931 0.99999213218689
0.941440165042877 0.971803665161133 0.953193426132202 0.979354977607727 0.981818377971649 0.991433441638947 0.991098582744598 0.992546558380127 0.99280446767807 0.992591798305511 0.995165944099426 0.996491074562073 0.995118975639343 0.99664181470871 0.997809946537018 0.999338328838348 0.999851882457733 0.999971389770508 0.99998277425766 0.999989151954651 0.999968528747559 0.999903798103333 0.999922633171082 0.999944090843201 0.999914169311523 0.999924182891846 0.999921679496765 0.999927639961243 0.999892830848694 0.999874174594879 0.997378885746002 0.996752023696899 0.999788641929626 0.999883472919464 0.999890625476837 0.999781131744385 0.99987131357193 0.999935328960419 0.999887347221375 0.999935865402222 0.999992191791534 0.999998271465302 0.999996840953827 0.99999463558197
0.926583170890808 0.945450127124786 0.947629809379578 0.96619701385498 0.97178989648819 0.964930593967438 0.975699663162231 0.977283477783203 0.985920071601868 0.981979191303253 0.986259281635284 0.987861335277557 0.986546218395233 0.989396154880524 0.995210230350494 0.999215722084045 0.999943971633911 0.999993205070496 0.99999213218689 0.999989211559296 0.999977827072144 0.999973893165588 0.999984920024872 0.999983966350555 0.999988377094269 0.999982416629791 0.999956071376801 0.999901473522186 0.999854326248169 0.997686386108398 0.999810636043549 0.999859809875488 0.999863564968109 0.99998414516449 0.999952793121338 0.999900043010712 0.999743819236755 0.999857902526855 0.999963104724884 0.999995708465576 0.999973356723785 0.99999475479126 0.999992609024048 0.999997913837433
0.895597577095032 0.897612988948822 0.918844878673553 0.93869823217392 0.963698148727417 0.958549320697784 0.951276957988739 0.976478159427643 0.972593188285828 0.961688160896301 0.962996780872345 0.966477036476135 0.976056337356567 0.990112602710724 0.997550547122955 0.999874353408813 0.999995410442352 0.999999463558197 0.999999523162842 0.999999344348907 0.999995946884155 0.999995410442352 0.99999874830246 0.999999463558197 0.999996662139893 0.999999105930328 0.999987363815308 0.99992710351944 0.999966204166412 0.999994337558746 0.999992191791534 0.999993622303009 0.999993145465851 0.999967694282532 0.999860644340515 0.999853789806366 0.999884963035583 0.999914944171906 0.999837934970856 0.999905586242676 0.999810039997101 0.999859869480133 0.999869763851166 0.999948024749756
