data/climate_estimation/maxent_output/Colchicum_luteum.asc
NCOLS 103 
NROWS 105 
XLLCORNER 68.0833333333333 
YLLCORNER 33.5833333333333 
CELLSIZE 0.0833333333333333 
NODATA_value -3.4e+38 
[rows 38 to 56 of 105, columns 44 to 87 of 103]
0.999997615814209 0.999995768070221 0.999998152256012 0.999999761581421 0.999983489513397 0.999960005283356 0.999988377094269 0.999980866909027 0.999874353408813 0.999752402305603 0.982352256774902 0.985600769519806 0.945895373821259 0.935229420661926 0.920019507408142 0.96180534362793 0.931304275989532 0.867493510246277 0.950323879718781 0.869774758815765 0.821529746055603 0.842991769313812 0.708912789821625 0.463534295558929 0.605204999446869 0.210376590490341 0.461688578128815 0.294441491365433 0.507354617118835 0.0696470215916634 0.13951750099659 0.161307960748672 0.121189460158348 0.0962302014231682 0.0161309763789177 0.00225169863551855 0.0195648018270731 0.0296764858067036 0.0339827351272106 0.0941285192966461 0.107636868953705 0.107156865298748 0.167381212115288 0.176426023244858
0.999939441680908 0.999997794628143 0.999987244606018 0.98881596326828 0.994510889053345 0.999990284442902 0.999996602535248 0.999995350837708 0.999977827072144 0.99996954202652 0.999869525432587 0.982846081256866 0.963305592536926 0.932955861091614 0.958138644695282 0.928013682365417 0.934788107872009 0.861736178398132 0.934526324272156 0.860862731933594 0.849829435348511 0.797279596328735 0.747589349746704 0.613341212272644 0.475789666175842 0.263076215982437 0.313253402709961 0.201568156480789 0.26890042424202 0.381486803293228 0.600158631801605 0.141933038830757 0.160784706473351 0.112708389759064 0.0399519540369511 0.0141650410369039 0.00460033677518368 0.0370199456810951 0.0506810136139393 0.0640727207064629 0.0625441521406174 0.0673389360308647 0.0936257913708687 0.423884451389313
0.993904113769531 0.999823808670044 0.99595308303833 0.959306359291077 0.999982535839081 0.99999988079071 0.999999403953552 0.998906195163727 0.999914169311523 0.995924055576324 0.993572294712067 0.999908685684204 0.990476548671722 0.97822630405426 0.955612778663635 0.946135699748993 0.962303817272186 0.952948987483978 0.949911415576935 0.918256640434265 0.904291272163391 0.799829185009003 0.744517803192139 0.717304289340973 0.604743003845215 0.486579686403275 0.221055760979652 0.331995099782944 0.468064665794373 0.86428165435791 0.0875353738665581 0.137902334332466 0.180370181798935 0.159385815262794 0.145054966211319 0.0481545440852642 0.00969226844608784 0.0110581982880831 0.0125085609033704 0.0256335958838463 0.0696476772427559 0.0644767954945564 0.0685931593179703 0.100846953690052
0.999999821186066 0.999990165233612 1 0.992405652999878 0.999445676803589 0.999997615814209 0.999988853931427 0.997800648212433 0.999360680580139 0.994210302829742 0.999446332454681 0.994259595870972 0.99736887216568 0.977480351924896 0.967929601669312 0.95963841676712 0.974118053913116 0.978569328784943 0.932943999767303 0.826776325702667 0.876648783683777 0.795517802238464 0.591385364532471 0.566689372062683 0.680570006370544 0.348051607608795 0.402715802192688 0.662635266780853 0.653687000274658 0.826618671417236 0.490573942661285 0.567446351051331 0.0283154994249344 0.0848219767212868 0.0809026062488556 0.101924858987331 0.108756475150585 0.0766122713685036 0.0524231307208538 0.00627946574240923 0.00730353314429522 0.0558709427714348 0.0420404262840748 0.0684252008795738
0.999999940395355 1 0.999999821186066 0.998071730136871 0.999999105930328 1 0.999982714653015 0.996683478355408 0.995361030101776 0.998096883296967 0.995381534099579 0.987334728240967 0.98130601644516 0.990670144557953 0.978663802146912 0.987969398498535 0.983429968357086 0.971226871013641 0.952525615692139 0.941364765167236 0.873563706874847 0.742925584316254 0.605371832847595 0.672775983810425 0.611700654029846 0.278333395719528 0.321401596069336 0.482603669166565 0.237148746848106 0.608913898468018 0.655241906642914 0.436830312013626 0.719275176525116 0.396075904369354 0.0201428662985563 0.0296045858412981 0.0707066133618355 0.089473232626915 0.102328471839428 0.0549090802669525 0.0198891218751669 0.0750949382781982 0.107372783124447 0.0646279901266098
0.999999701976776 1 1 0.999999940395355 0.999999642372131 0.999961078166962 0.999824523925781 0.999728798866272 0.999964773654938 0.999992847442627 0.99997889995575 0.999953866004944 0.999601006507874 0.995209991931915 0.996644258499146 0.985914528369904 0.98744124174118 0.987041115760803 0.974949359893799 0.959673881530762 0.839313566684723 0.860007345676422 0.80857914686203 0.436569392681122 0.320799976587296 0.41993635892868 0.554541409015656 0.651391685009003 0.310491949319839 0.660500407218933 0.526364505290985 0.428709745407104 0.685055375099182 0.754433333873749 0.0154979787766933 0.0441466420888901 0.428869634866714 0.0633094608783722 0.0906731188297272 0.0552803538739681 0.0204477589577436 0.045811053365469 0.0636682957410812 0.0415063202381134
0.999999761581421 0.998251855373383 0.999997973442078 1 0.999999701976776 0.99996942281723 0.993769824504852 0.976064443588257 0.979987382888794 0.999900221824646 0.999972403049469 0.999866366386414 0.999907672405243 0.999008536338806 0.999093651771545 0.99364298582077 0.994139134883881 0.986858725547791 0.934292316436768 0.853850245475769 0.878898501396179 0.819447338581085 0.744617521762848 0.772448718547821 0.333340138196945 0.350138247013092 0.646799206733704 0.646086633205414 0.671046376228333 0.598488032817841 0.764698565006256 0.682865023612976 0.687228620052338 0.682296633720398 0.0142795937135816 0.0415787696838379 0.423312425613403 0.0903151035308838 0.112848997116089 0.0422452241182327 0.00171064597088844 0.0026775780133903 0.00908293016254902 0.0131071312353015
0.999977707862854 1 1 0.999999701976776 0.999999642372131 0.999982237815857 0.967770516872406 0.813811421394348 0.962274849414825 0.991072833538055 0.999984979629517 0.999967753887177 0.999979555606842 0.998659551143646 0.997003614902496 0.997615575790405 0.995414137840271 0.968680739402771 0.950205206871033 0.954926133155823 0.852661371231079 0.845586538314819 0.743915677070618 0.43636953830719 0.536529242992401 0.439420282840729 0.407081097364426 0.454913526773453 0.718213498592377 0.776715338230133 0.93517404794693 0.691935837268829 0.596414268016815 0.418626129627228 0.420724391937256 0.227399915456772 0.0317412316799164 0.0361393988132477 0.0767606645822525 0.412267714738846 0.0303723737597466 0.0108185447752476 0.00327284308150411 0.02211519703269
1 0.999999940395355 1 0.999999940395355 0.999998927116394 0.999094307422638 0.999948740005493 0.996455669403076 0.999945342540741 0.999974608421326 0.999989032745361 0.999980449676514 0.998503565788269 0.997475862503052 0.999628782272339 0.997801661491394 0.998555541038513 0.980863690376282 0.962479710578918 0.931767582893372 0.793367266654968 0.76479035615921 0.811363756656647 0.842308819293976 0.483197391033173 0.62408322095871 0.754748404026031 0.809453725814819 0.957104086875916 0.985095024108887 0.989788889884949 0.680949032306671 0.677774548530579 0.556437611579895 0.476620852947235 0.44769424200058 0.0402493849396706 0.208982154726982 0.373844742774963 0.337993562221527 0.355661630630493 0.0271446499973536 0.00799859873950481 0.0163564756512642
0.999998450279236 0.999999105930328 0.999999940395355 0.999999642372131 0.999999821186066 0.999997675418854 0.999996662139893 0.999999284744263 0.999995112419128 0.999989688396454 0.999963879585266 0.999965131282806 0.999961972236633 0.999843299388885 0.99921190738678 0.998661756515503 0.990621447563171 0.987803637981415 0.983373165130615 0.966802656650543 0.925291419029236 0.865871667861938 0.808080196380615 0.773421704769135 0.368817418813705 0.382949978113174 0.685512483119965 0.971310198307037 0.778205692768097 0.899155914783478 0.72303980588913 0.903629541397095 0.508147299289703 0.341891229152679 0.476479798555374 0.293020516633987 0.299030750989914 0.296043157577515 0.475694268941879 0.374316185712814 0.353914052248001 0.0488505624234676 0.211138918995857 0.0134387966245413
0.99999988079071 0.99999988079071 0.999998092651367 0.999995946884155 0.999997854232788 0.999995470046997 0.999662339687347 0.999716579914093 0.999965727329254 0.99994558095932 0.999948680400848 0.998151481151581 0.997907698154449 0.999660730361938 0.999935388565063 0.999947190284729 0.998561441898346 0.996978938579559 0.994468748569489 0.99236524105072 0.937365770339966 0.926462650299072 0.891472458839417 0.486899971961975 0.50207531452179 0.671633660793304 0.619116842746735 0.955752313137054 0.923667728900909 0.901651620864868 0.825979888439178 0.868976652622223 0.909019589424133 0.732835710048676 0.498031586408615 0.552745759487152 0.308440446853638 0.511945128440857 0.469564646482468 0.0173727534711361 0.0015189495170489 0.0125541239976883 0.0314799770712852 0.01587232388556
0.999998867511749 0.999997675418854 0.999992907047272 0.999999463558197 0.999999523162842 0.999988853931427 0.999943256378174 0.999998033046722 0.999923288822174 0.999953150749207 0.999987959861755 0.999960422515869 0.999927163124084 0.999940574169159 0.999743402004242 0.999276876449585 0.981587290763855 0.991257846355438 0.99493819475174 0.983816802501678 0.979423224925995 0.964710474014282 0.876850426197052 0.481193423271179 0.520835220813751 0.602279722690582 0.943608045578003 0.995768010616302 0.994534492492676 0.832166492938995 0.741081714630127 0.683458685874939 0.912057936191559 0.88359546661377 0.419123917818069 0.538520693778992 0.41867408156395 0.510856807231903 0.490277290344238 0.0212112385779619 0.00241122883744538 0.172938346862793 0.0139181176200509 0.0116559686139226
0.999998509883881 0.999979317188263 0.999494433403015 0.996914029121399 0.999839603900909 0.999759078025818 0.99999612569809 0.99994295835495 0.998482346534729 0.999863028526306 0.999458849430084 0.999281227588654 0.999611496925354 0.999903440475464 0.99917870759964 0.991708159446716 0.99623030424118 0.997793138027191 0.991304039955139 0.982946276664734 0.968178331851959 0.720601201057434 0.900186061859131 0.893284380435944 0.883141040802002 0.982828497886658 0.969461739063263 0.962440252304077 0.954125344753265 0.995112359523773 0.790223479270935 0.983866393566132 0.646492838859558 0.681237757205963 0.63665246963501 0.404789447784424 0.39042666554451 0.316456109285355 0.446415543556213 0.383475124835968 0.367116361856461 0.231102824211121 0.192978978157043 0.170905962586403
0.999995112419128 0.997399926185608 0.999972581863403 0.999992847442627 0.999986231327057 0.999946892261505 0.999826550483704 0.999963402748108 0.999521672725677 0.997486174106598 0.999584257602692 0.999050438404083 0.99682891368866 0.998873770236969 0.99976110458374 0.999328076839447 0.992534220218658 0.989741384983063 0.995754957199097 0.992915570735931 0.967800199985504 0.962429046630859 0.707695066928864 0.721571207046509 0.734370827674866 0.849473893642426 0.96906703710556 0.893518209457397 0.885023832321167 0.957624971866608 0.817322850227356 0.819834530353546 0.810891687870026 0.774028301239014 0.646001756191254 0.492824554443359 0.369754582643509 0.303709596395493 0.458316922187805 0.651181399822235 0.469137161970139 0.379386395215988 0.278435409069061 0.21700544655323
0.998705923557281 0.999856233596802 0.999960005283356 0.999988377094269 0.999894499778748 0.99995493888855 0.999532103538513 0.998376071453094 0.998715043067932 0.998811304569244 0.997986555099487 0.99782794713974 0.997879922389984 0.999587416648865 0.99929004907608 0.996397137641907 0.998889803886414 0.996716439723969 0.99543958902359 0.994064688682556 0.943698167800903 0.958874464035034 0.649607539176941 0.575619578361511 0.654537737369537 0.82842355966568 0.944444358348846 0.884674072265625 0.903967261314392 0.99031388759613 0.994932472705841 0.994611918926239 0.763074278831482 0.759424984455109 0.691180467605591 0.570497989654541 0.512832820415497 0.354401975870132 0.402413874864578 0.476365029811859 0.5729159116745 0.563838362693787 0.446197211742401 0.320832461118698
0.999910414218903 0.999955654144287 0.999935030937195 0.999808311462402 0.999639987945557 0.997830331325531 0.994705855846405 0.998552560806274 0.992497801780701 0.998169243335724 0.999061167240143 0.999518096446991 0.999494850635529 0.999807715415955 0.99937504529953 0.998476386070251 0.999036014080048 0.999211609363556 0.998300135135651 0.994662940502167 0.837782740592957 0.844329655170441 0.913249552249908 0.896205604076385 0.875513672828674 0.839838087558746 0.832783937454224 0.910086810588837 0.93971973657608 0.927250742912292 0.964296400547028 0.807965934276581 0.938712775707245 0.55020272731781 0.518984198570251 0.560599982738495 0.59534215927124 0.367120534181595 0.295901924371719 0.377207964658737 0.397592395544052 0.57273942232132 0.563000559806824 0.656961023807526
0.999709248542786 0.999776244163513 0.999914884567261 0.999861359596252 0.999771118164062 0.999820351600647 0.999367415904999 0.999641954898834 0.999684631824493 0.999781429767609 0.999709963798523 0.99983286857605 0.999764382839203 0.999803006649017 0.999776780605316 0.999795436859131 0.999929785728455 0.999803602695465 0.99993896484375 0.963045716285706 0.967733204364777 0.94976019859314 0.901256144046783 0.951799809932709 0.899548053741455 0.845681071281433 0.890833973884583 0.818388819694519 0.941650331020355 0.931603908538818 0.917656660079956 0.951677799224854 0.58844530582428 0.529417455196381 0.743397653102875 0.733489990234375 0.394667834043503 0.316090106964111 0.235825568437576 0.279838293790817 0.453728854656219 0.638704121112823 0.457093268632889 0.538960814476013
0.999803245067596 0.9985471367836 0.998855113983154 0.999715507030487 0.999362945556641 0.998702883720398 0.999617040157318 0.997956693172455 0.999404728412628 0.999756932258606 0.998759865760803 0.994175851345062 0.999240279197693 0.998870313167572 0.999765992164612 0.99978643655777 0.999666273593903 0.999916732311249 0.980104386806488 0.996604740619659 0.990444898605347 0.933792591094971 0.794347941875458 0.970415830612183 0.963416039943695 0.931432545185089 0.898573100566864 0.93922758102417 0.971943080425262 0.963977634906769 0.939692854881287 0.704681277275085 0.603382408618927 0.502409994602203 0.647566676139832 0.73671293258667 0.524718880653381 0.447521179914474 0.27199250459671 0.297370046377182 0.431335628032684 0.582811117172241 0.638642907142639 0.389631628990173
0.997553944587708 0.999580323696136 0.999442040920258 0.999639987945557 0.998636662960052 0.991736769676208 0.99610310792923 0.999309480190277 0.998767852783203 0.999005734920502 0.996090888977051 0.992151319980621 0.994873523712158 0.998828887939453 0.999580323696136 0.999865233898163 0.999769389629364 0.999652922153473 0.999593377113342 0.999259889125824 0.980837285518646 0.818976104259491 0.835903108119965 0.944792449474335 0.942591071128845 0.935720205307007 0.922072529792786 0.962954342365265 0.965644955635071 0.982847332954407 0.967903137207031 0.983234584331512 0.636141955852509 0.564950227737427 0.424266815185547 0.509989976882935 0.710963368415833 0.460180968046188 0.412132263183594 0.456966638565063 0.308241277933121 0.308339864015579 0.641685545444489 0.640373528003693
