data/climate_estimation/maxent_output/Colchicum_androcymbioides.asc
NCOLS 33 
NROWS 16 
XLLCORNER -6.08333333333333 
YLLCORNER 36.4166666666667 
CELLSIZE 0.0833333333333333 
NODATA_value -3.4e+38 
0.985829532146454 0.985049724578857 0.936102509498596 0.954267144203186 0.970172703266144 0.976878881454468 0.975844025611877 0.966726839542389 0.955373048782349 0.970030725002289 0.962494492530823 0.9717777967453 0.97502064704895 0.975965023040771 0.976360976696014 0.983046054840088 0.978350162506104 0.978776216506958 0.970006048679352 0.957504212856293 0.938286662101746 0.921440243721008 0.870599865913391 0.846069037914276 0.89638739824295 0.859061300754547 0.824553370475769 0.803709805011749 0.790884852409363 0.649802148342133 0.641328573226929 0.337438374757767 0.427278935909271
0.969026267528534 0.963670611381531 0.947195589542389 0.901781797409058 0.943319618701935 0.949249505996704 0.951507210731506 0.957929909229279 0.962556123733521 0.965281903743744 0.968112111091614 0.973885715007782 0.978671729564667 0.980126857757568 0.982201755046844 0.981324672698975 0.977157831192017 0.982299625873566 0.98309588432312 0.98381781578064 0.951759338378906 0.878610134124756 0.785113155841827 0.806854367256165 0.800007700920105 0.756370782852173 0.823089838027954 0.607102870941162 0.750718951225281 0.59380692243576 0.547295033931732 0.458878308534622 0.490916639566422
0.898943364620209 0.938173532485962 0.91951310634613 0.95234602689743 0.947766661643982 0.953536212444305 0.960409700870514 0.963229298591614 0.968811869621277 0.959254145622253 0.965331614017487 0.958913505077362 0.971762597560883 0.97258859872818 0.973328351974487 0.983178079128265 0.98490697145462 0.97977477312088 0.987815976142883 0.969560146331787 0.936232507228851 0.956030488014221 0.806687295436859 0.686267912387848 0.691332459449768 0.653956115245819 0.736320972442627 0.61858206987381 0.641675293445587 0.587911546230316 0.549420475959778 0.479501366615295 0.43923956155777
0.937215745449066 0.930400669574738 0.94382256269455 0.948749363422394 0.942557394504547 0.959916770458221 0.958684146404266 0.95292741060257 0.970473647117615 0.961669981479645 0.966147720813751 0.965013146400452 0.965809941291809 0.976246356964111 0.975210011005402 0.98558521270752 0.971831977367401 0.974475800991058 0.972595989704132 0.959891319274902 0.97081995010376 0.900439620018005 0.674931883811951 0.650134801864624 0.517732918262482 0.61392867565155 0.495220810174942 0.558660745620728 0.464782267808914 0.538710474967957 0.454261422157288 0.427369385957718 0.45498189330101
0.951766133308411 0.938682019710541 0.931253910064697 0.954635262489319 0.942393958568573 0.942162811756134 0.930921316146851 0.934459030628204 0.940980970859528 0.961106836795807 0.955286085605621 0.972130000591278 0.968031704425812 0.973545849323273 0.980934202671051 0.981290638446808 0.981573283672333 0.964458703994751 0.975830614566803 0.970257341861725 0.932251036167145 0.888018548488617 0.784518301486969 0.733220458030701 0.614695191383362 0.572847664356232 0.438727498054504 0.340502560138702 0.378658831119537 0.358367264270782 0.31243696808815 0.365581005811691 0.436382740736008
0.943230152130127 0.940041542053223 0.94610184431076 0.945804834365845 0.926274180412292 0.930215537548065 0.912301361560822 0.922857463359833 0.948637247085571 0.939489841461182 0.958227097988129 0.962221443653107 0.963228762149811 0.966450095176697 0.974160432815552 0.978601276874542 0.96725857257843 0.969046831130981 0.977086842060089 0.966535151004791 0.914279282093048 0.884879887104034 0.755467414855957 0.675214409828186 0.579416453838348 0.525214552879333 0.347879827022552 0.285163849592209 0.204103797674179 0.284750640392303 0.485678970813751 0.451725661754608 0.436909675598145
0.954845011234283 0.941501557826996 0.953068614006042 0.936955690383911 0.913852334022522 0.911576390266418 0.920238375663757 0.930362105369568 0.940671384334564 0.941412806510925 0.951987087726593 0.951519787311554 0.978108644485474 0.970225214958191 0.964105367660522 0.961224257946014 0.973088383674622 0.980674862861633 0.979686617851257 0.955117166042328 0.935048699378967 0.913372695446014 0.850621700286865 0.736126482486725 0.621072053909302 0.468160212039948 0.361568301916122 0.29616042971611 0.231431439518929 0.267944663763046 0.401252567768097 0.377306699752808 0.366735011339188
0.96740597486496 0.954665899276733 0.950475692749023 0.928310513496399 0.925891697406769 0.899069964885712 0.90735137462616 0.941313445568085 0.939067959785461 0.968510866165161 0.956398129463196 0.982600092887878 0.972632765769958 0.97539222240448 0.966325581073761 0.951611638069153 0.963245987892151 0.974279999732971 0.974255263805389 0.95876806974411 0.922105133533478 0.930800974369049 0.861886262893677 0.842706739902496 0.657273769378662 0.532965362071991 0.37866348028183 0.262526035308838 0.252588599920273 0.297953337430954 0.419053882360458 0.407946884632111 0.189579024910927
0.966557800769806 0.965139389038086 0.963456511497498 0.943905770778656 0.941340863704681 0.922755062580109 0.945464074611664 0.93467766046524 0.961544215679169 0.959051370620728 0.965719878673553 0.964947640895844 0.977726995944977 0.95559024810791 0.973726332187653 0.973455309867859 0.971253156661987 0.96344405412674 0.962048292160034 0.95967435836792 0.905519187450409 0.897800445556641 0.762559294700623 0.784531831741333 0.735567033290863 0.530876517295837 0.526983022689819 0.449483841657639 0.433688998222351 0.390284687280655 0.385588467121124 0.0482202507555485 0.0041320058517158
0.971883177757263 0.972231268882751 0.971494972705841 0.960981488227844 0.95266205072403 0.918731093406677 0.943147897720337 0.947849452495575 0.952896356582642 0.94900381565094 0.981110632419586 0.969670474529266 0.963666439056396 0.975025177001953 0.961066663265228 0.960332095623016 0.966389179229736 0.939222276210785 0.964944839477539 0.961304187774658 0.926145792007446 0.940104424953461 0.93448930978775 0.72112375497818 0.784965217113495 0.625249207019806 0.486606895923615 0.598366141319275 0.586533784866333 0.371561706066132 0.366130650043488 0.226647257804871 0.279396504163742
0.977870345115662 0.973176777362823 0.957120835781097 0.950994253158569 0.928425014019012 0.921922445297241 0.932921707630157 0.935491442680359 0.956881403923035 0.970309913158417 0.958941876888275 0.968346118927002 0.966094195842743 0.947633385658264 0.940922439098358 0.959829211235046 0.927133738994598 0.926176846027374 0.9577277302742 0.971466243267059 0.946023464202881 0.940624892711639 0.785403490066528 0.755336105823517 0.748314440250397 0.657252013683319 0.60596752166748 0.594914436340332 0.518517732620239 0.309935748577118 0.255423545837402 0.20694962143898 0.28292191028595
0.979173898696899 0.978068649768829 0.961283087730408 0.95641952753067 0.932857573032379 0.92878383398056 0.940037608146667 0.964382231235504 0.9540696144104 0.963080763816833 0.939577698707581 0.953694701194763 0.917990326881409 0.950899839401245 0.959666967391968 0.900649607181549 0.866619169712067 0.904846966266632 0.868232309818268 0.914244592189789 0.962750136852264 0.952099204063416 0.757684469223022 0.474174797534943 0.491496473550797 0.396058470010757 0.334457725286484 0.360070019960403 0.185822084546089 0.220164731144905 0.106894455850124 0.202252864837646 0.208751261234283
0.976766347885132 0.9658243060112 0.960049450397491 0.939692199230194 0.913747012615204 0.916706323623657 0.910695016384125 0.933010697364807 0.945493102073669 0.9508176445961 0.936398565769196 0.94316291809082 0.867237269878387 0.929724633693695 0.87037181854248 0.809077024459839 0.810117065906525 0.838869214057922 0.794398546218872 0.795667827129364 0.898029983043671 0.807155013084412 0.569401741027832 0.415128439664841 -3.4e+38 0.223253846168518 0.184121325612068 0.140877664089203 0.108487650752068 0.080468513071537 0.0692692175507545 0.0902318879961967 0.0855779200792313
0.958181142807007 0.959077715873718 0.943508803844452 0.941688418388367 0.893433630466461 0.877423763275146 0.881604194641113 0.877026557922363 0.90131676197052 0.930192291736603 0.932366132736206 0.934153854846954 0.904576301574707 0.902224361896515 0.908114373683929 0.891456305980682 0.803195297718048 0.909411907196045 0.835195302963257 0.706157147884369 -3.4e+38 -3.4e+38 -3.4e+38 -3.4e+38 -3.4e+38 -3.4e+38 -3.4e+38 -3.4e+38 -3.4e+38 -3.4e+38 -3.4e+38 -3.4e+38 -3.4e+38
0.942326426506042 0.940692722797394 0.913719356060028 0.88486522436142 0.841266751289368 0.877238631248474 0.864053606987 0.861182868480682 0.858980059623718 0.8240647315979 0.871572494506836 0.8840292096138 0.819445550441742 0.764905273914337 0.844207346439362 0.780893921852112 0.72127890586853 0.716520011425018 0.695125818252563 -3.4e+38 -3.4e+38 -3.4e+38 -3.4e+38 -3.4e+38 -3.4e+38 -3.4e+38 -3.4e+38 -3.4e+38 -3.4e+38 -3.4e+38 -3.4e+38 -3.4e+38 -3.4e+38
0.910101234912872 0.910585820674896 0.875881016254425 0.815881133079529 0.799812495708466 0.807494103908539 0.757020115852356 0.724743902683258 0.627202212810516 0.693404674530029 0.786329686641693 0.653366148471832 0.631988763809204 0.620732724666595 -3.4e+38 0.649407923221588 0.694536805152893 -3.4e+38 -3.4e+38 -3.4e+38 -3.4e+38 -3.4e+38 -3.4e+38 -3.4e+38 -3.4e+38 -3.4e+38 -3.4e+38 -3.4e+38 -3.4e+38 -3.4e+38 -3.4e+38 -3.4e+38 -3.4e+38
