data/climate_estimation/maxent_output/Colchicum_raddeanum.asc
NCOLS 123 
NROWS 91 
XLLCORNER 42 
YLLCORNER 35.25 
CELLSIZE 0.0833333333333333 
NODATA_value -3.4e+38 
[rows 21 to 41 of 91, columns 47 to 93 of 123]
0.634592950344086 0.645572483539581 0.652121126651764 0.631242215633392 0.631417989730835 0.63045859336853 0.600569486618042 0.573022603988647 0.573693871498108 0.586717486381531 0.586611688137054 0.559136033058167 0.571684539318085 0.611739695072174 0.622224867343903 0.586455583572388 0.608660399913788 0.610927045345306 0.610815048217773 0.654919862747192 0.658132135868073 0.731817603111267 0.868217825889587 0.942013740539551 0.964529454708099 0.980949878692627 0.983781754970551 0.988436460494995 0.988690853118896 0.981748342514038 0.974728584289551 0.938007533550262 0.895057022571564 0.798766195774078 0.766554415225983 0.661949098110199 0.602302849292755 0.505105972290039 0.380852907896042 0.347205936908722 0.364092290401459 0.392499089241028 0.428638458251953 0.454784482717514 0.482596695423126 0.509898066520691 0.538283050060272
0.6177698969841 0.615115582942963 0.617676675319672 0.627625286579132 0.618664503097534 0.608192086219788 0.618410170078278 0.594641208648682 0.580378353595734 0.570355296134949 0.581281840801239 0.579008758068085 0.556654512882233 0.543537139892578 0.560719072818756 0.6230109333992 0.621203422546387 0.579645037651062 0.566807389259338 0.560605347156525 0.550436079502106 0.552493512630463 0.554991960525513 0.61147928237915 0.735710859298706 0.840239226818085 0.894381880760193 0.962389469146729 0.979454219341278 0.976173520088196 0.978523313999176 0.972998380661011 0.904981017112732 0.808183670043945 0.827519655227661 0.828557133674622 0.753900825977325 0.591302871704102 0.614848434925079 0.483138561248779 0.406076580286026 0.426050305366516 0.452688306570053 0.48427352309227 0.513200879096985 0.537595927715302 0.566343605518341
0.669497609138489 0.653910458087921 0.647370219230652 0.63714599609375 0.632209181785583 0.636897265911102 0.629287421703339 0.64157372713089 0.630246460437775 0.612401962280273 0.590115785598755 0.567751944065094 0.557528853416443 0.556268095970154 0.560248911380768 0.551287412643433 0.55546635389328 0.548912644386292 0.591063559055328 0.581986963748932 0.53910619020462 0.527704358100891 0.523074984550476 0.507176339626312 0.527477562427521 0.549851477146149 0.73130738735199 0.925747394561768 0.940782368183136 0.925373315811157 0.961668968200684 0.954502284526825 0.945262730121613 0.914330840110779 0.924280107021332 0.923622488975525 0.841741621494293 0.809849560260773 0.641273438930511 0.589626729488373 0.502305090427399 0.454239934682846 0.475322932004929 0.506525993347168 0.542491137981415 0.565201759338379 0.59779953956604
0.800361335277557 0.726848065853119 0.68537837266922 0.674360632896423 0.668912768363953 0.673288643360138 0.662526071071625 0.646360695362091 0.638142645359039 0.62128072977066 0.620317816734314 0.602461278438568 0.560741126537323 0.541272878646851 0.538511633872986 0.53716903924942 0.549915611743927 0.571627616882324 0.576166808605194 0.551404774188995 0.52068167924881 0.527572870254517 0.527568101882935 0.528153836727142 0.553960740566254 0.57615327835083 0.597471296787262 0.690773069858551 0.805213272571564 0.888783037662506 0.892488300800323 0.8747678399086 0.844061076641083 0.848092913627625 0.838877618312836 0.845718920230865 0.851819813251495 0.820360124111176 0.809238851070404 0.736505568027496 0.581570029258728 0.501624226570129 0.50793194770813 0.53922700881958 0.572082161903381 0.601142227649689 0.624119222164154
0.872201383113861 0.787642300128937 0.811371564865112 0.736424207687378 0.70450085401535 0.701644718647003 0.692321419715881 0.672526001930237 0.648584842681885 0.621585190296173 0.593253195285797 0.580448150634766 0.55681186914444 0.53305584192276 0.520638227462769 0.517016112804413 0.51632034778595 0.509057939052582 0.514880239963531 0.52878749370575 0.547271013259888 0.544396102428436 0.550804138183594 0.559743821620941 0.581760466098785 0.598081946372986 0.655997812747955 0.665784597396851 0.668650090694427 0.717337012290955 0.710131943225861 0.738209247589111 0.800826609134674 0.799177825450897 0.81088650226593 0.804182291030884 0.786814332008362 0.765460669994354 0.751437366008759 0.730659961700439 0.695046007633209 0.607336163520813 0.554250061511993 0.570608556270599 0.603493511676788 0.627074837684631 0.658647418022156
0.871789693832397 0.875366687774658 0.870332539081573 0.798114538192749 0.743231236934662 0.731161713600159 0.723363816738129 0.714401423931122 0.674040079116821 0.637421250343323 0.615131556987762 0.588799238204956 0.564471483230591 0.540832221508026 0.52215701341629 0.517816543579102 0.51501452922821 0.517320156097412 0.527171850204468 0.532773315906525 0.553474426269531 0.555890679359436 0.571835458278656 0.590058088302612 0.595848321914673 0.608146488666534 0.611950397491455 0.629814863204956 0.651684701442719 0.682217359542847 0.689850747585297 0.710064470767975 0.725160777568817 0.724225878715515 0.764274835586548 0.798759520053864 0.753901839256287 0.728821218013763 0.694830536842346 0.708457887172699 0.681652843952179 0.653710007667542 0.62237024307251 0.613717019557953 0.634471654891968 0.662479043006897 0.687135636806488
0.884443461894989 0.91462916135788 0.875126302242279 0.83787339925766 0.815782248973846 0.803619146347046 0.789440095424652 0.766543686389923 0.725798606872559 0.689121901988983 0.648289203643799 0.603943884372711 0.582486212253571 0.558270931243896 0.539992213249207 0.531298875808716 0.530067384243011 0.532057702541351 0.540290236473083 0.559242248535156 0.562914609909058 0.577167451381683 0.591061353683472 0.593062341213226 0.597082495689392 0.603327393531799 0.600996971130371 0.598756074905396 0.596352577209473 0.58352655172348 0.592449903488159 0.663568675518036 0.722647488117218 0.701833546161652 0.732193350791931 0.763875007629395 0.780526757240295 0.75832986831665 0.714021384716034 0.704021871089935 0.696035265922546 0.678235709667206 0.667812705039978 0.661138355731964 0.678726851940155 0.703630566596985 0.724833011627197
0.932812690734863 0.922602832317352 0.916213631629944 0.89054149389267 0.909355163574219 0.859922587871552 0.859837412834167 0.837971150875092 0.782000422477722 0.748883247375488 0.697335541248322 0.643713057041168 0.604086756706238 0.581985056400299 0.562448024749756 0.549716293811798 0.545828938484192 0.551452577114105 0.568026304244995 0.57171106338501 0.587375462055206 0.601300358772278 0.610159456729889 0.624962508678436 0.617942214012146 0.612318813800812 0.606164634227753 0.59625107049942 0.600005269050598 0.588225066661835 0.587464511394501 0.584411680698395 0.650838911533356 0.726086914539337 0.687085568904877 0.741668939590454 0.754147052764893 0.744233429431915 0.707063496112823 0.712397456169128 0.698803722858429 0.699758172035217 0.691797316074371 0.702320158481598 0.716858506202698 0.735069394111633 0.754828214645386
0.965702474117279 0.957280576229095 0.935354948043823 0.941783666610718 0.935023128986359 0.94524347782135 0.909548163414001 0.899918794631958 0.864999115467072 0.805144727230072 0.719472706317902 0.67394357919693 0.636370718479156 0.608492136001587 0.584230065345764 0.570154964923859 0.561189115047455 0.574227571487427 0.590895473957062 0.602968454360962 0.611591994762421 0.626420557498932 0.636991620063782 0.644681870937347 0.640024721622467 0.631993472576141 0.626288294792175 0.625764071941376 0.618826031684875 0.605752408504486 0.603195309638977 0.591318786144257 0.598945319652557 0.631062030792236 0.700027227401733 0.681953191757202 0.726125955581665 0.743034541606903 0.706127822399139 0.689022421836853 0.687483906745911 0.703332960605621 0.706050992012024 0.713280498981476 0.735306203365326 0.752297222614288 0.761654675006866
0.976180613040924 0.969753086566925 0.962274491786957 0.972786664962769 0.973552763462067 0.97947633266449 0.970140755176544 0.951548039913177 0.905672490596771 0.79206258058548 0.733786344528198 0.683604896068573 0.647307097911835 0.618872702121735 0.600853025913239 0.588083148002625 0.586214125156403 0.598595082759857 0.614134728908539 0.630338549613953 0.644801259040833 0.651628255844116 0.66311776638031 0.665833055973053 0.666883707046509 0.658717155456543 0.652583003044128 0.64272940158844 0.633318364620209 0.624675810337067 0.622523605823517 0.613031387329102 0.608716249465942 0.604549884796143 0.649851024150848 0.668748557567596 0.711371183395386 0.726220190525055 0.724424600601196 0.71073967218399 0.696897387504578 0.706726908683777 0.71794331073761 0.717858672142029 0.729021370410919 0.737943470478058 0.753599882125854
0.962085545063019 0.941892564296722 0.908982515335083 0.901881992816925 0.919524371623993 0.934843719005585 0.920008897781372 0.877413272857666 0.821258246898651 0.825571715831757 0.759402453899384 0.697460532188416 0.662162184715271 0.63759583234787 0.622688829898834 0.60747879743576 0.612940549850464 0.623627901077271 0.63840264081955 0.65441358089447 0.668555319309235 0.678556442260742 0.686333954334259 0.694885075092316 0.688081085681915 0.677680253982544 0.675387799739838 0.661883473396301 0.660067498683929 0.650153398513794 0.643141686916351 0.632090449333191 0.626525163650513 0.622807025909424 0.634899437427521 0.678120493888855 0.677649974822998 0.696026027202606 0.713943481445312 0.732515692710876 0.706609606742859 0.710482895374298 0.711410999298096 0.725916385650635 0.725169241428375 0.733770906925201 0.747751832008362
0.951965928077698 0.910373866558075 0.920211970806122 0.88595712184906 0.892373919487 0.851433515548706 0.823512315750122 0.824081718921661 0.839425146579742 0.841099977493286 0.784114122390747 0.728715837001801 0.687908291816711 0.662359237670898 0.638922452926636 0.630823254585266 0.64311146736145 0.650071561336517 0.662930548191071 0.677231431007385 0.694544672966003 0.704801797866821 0.712552905082703 0.710460603237152 0.716359794139862 0.711053848266602 0.700586557388306 0.690761685371399 0.682297587394714 0.67179000377655 0.662558734416962 0.651949048042297 0.648396134376526 0.642390608787537 0.643797695636749 0.668798089027405 0.69116884469986 0.667517185211182 0.678122520446777 0.707724869251251 0.71110063791275 0.718324184417725 0.714079022407532 0.719567716121674 0.729185700416565 0.736376225948334 0.746412754058838
0.943572640419006 0.938406527042389 0.947454869747162 0.900633037090302 0.92498767375946 0.911614716053009 0.891546249389648 0.84829717874527 0.833363592624664 0.823470294475555 0.796343863010406 0.741704225540161 0.700397849082947 0.682958126068115 0.656341195106506 0.649117946624756 0.662071049213409 0.676735997200012 0.686573088169098 0.706790685653687 0.715959310531616 0.727329909801483 0.732404351234436 0.737132728099823 0.737357676029205 0.733386933803558 0.722350418567657 0.713106095790863 0.70434433221817 0.693490147590637 0.683170139789581 0.672965347766876 0.658517122268677 0.658650517463684 0.650770783424377 0.656927645206451 0.671482563018799 0.687484562397003 0.692138075828552 0.699345052242279 0.725679695606232 0.718701720237732 0.714645385742188 0.720586597919464 0.73137092590332 0.737072765827179 0.74763035774231
0.949273645877838 0.968740701675415 0.941495776176453 0.919661104679108 0.927604734897614 0.916767477989197 0.928635358810425 0.886656820774078 0.85184919834137 0.825187623500824 0.813607335090637 0.748940646648407 0.71988970041275 0.694876611232758 0.672627687454224 0.671855330467224 0.687855064868927 0.703816950321198 0.710598230361938 0.723609626293182 0.734154999256134 0.744440138339996 0.752022743225098 0.756228268146515 0.758593201637268 0.753756940364838 0.746436834335327 0.734023809432983 0.718412935733795 0.708607971668243 0.696917533874512 0.682551801204681 0.676460206508636 0.671053469181061 0.668947041034698 0.665334343910217 0.681038320064545 0.701460897922516 0.6928351521492 0.693570673465729 0.706082761287689 0.714550197124481 0.711400508880615 0.722723722457886 0.728516340255737 0.73902153968811 0.743374347686768
0.968573808670044 0.973698496818542 0.970883190631866 0.940902948379517 0.908155143260956 0.896547496318817 0.912591934204102 0.922404706478119 0.852940917015076 0.826262712478638 0.800465762615204 0.839893519878387 0.781514167785645 0.745255708694458 0.698984742164612 0.69488799571991 0.707031190395355 0.714275896549225 0.724243342876434 0.72946310043335 0.744913399219513 0.757932424545288 0.764686405658722 0.773010909557343 0.772123098373413 0.766094207763672 0.760025501251221 0.74650913476944 0.732855677604675 0.721829891204834 0.703499794006348 0.698958933353424 0.687381744384766 0.681478679180145 0.681694149971008 0.681551277637482 0.681420266628265 0.671180427074432 0.675088465213776 0.685249328613281 0.695605874061584 0.705317616462708 0.715026915073395 0.726463913917542 0.730841636657715 0.741028964519501 0.744649648666382
0.969835162162781 0.968774318695068 0.955116629600525 0.931329667568207 0.884443044662476 0.860583424568176 0.855587244033813 0.917638063430786 0.886484086513519 0.84534615278244 0.833051741123199 0.852407336235046 0.829431653022766 0.774039089679718 0.73270446062088 0.722102463245392 0.715242981910706 0.720186710357666 0.735697388648987 0.742530047893524 0.75225567817688 0.764672040939331 0.770336866378784 0.77418315410614 0.774477422237396 0.773043155670166 0.766328036785126 0.752588987350464 0.741106510162354 0.728900074958801 0.713692426681519 0.704590737819672 0.694044351577759 0.687051475048065 0.686030149459839 0.676995098590851 0.668639481067657 0.669443845748901 0.674322068691254 0.685038149356842 0.691652953624725 0.705456554889679 0.716711103916168 0.723241627216339 0.731254160404205 0.742581844329834 0.746637344360352
0.960559487342834 0.97222626209259 0.965915083885193 0.915050566196442 0.875163018703461 0.84427684545517 0.813532531261444 0.858463287353516 0.887266635894775 0.878903269767761 0.857282936573029 0.828744649887085 0.80583244562149 0.767266929149628 0.720120549201965 0.719875991344452 0.721322476863861 0.72516256570816 0.736999094486237 0.744381368160248 0.757108628749847 0.76535952091217 0.770395219326019 0.769650518894196 0.754646003246307 0.76518577337265 0.766625821590424 0.753865540027618 0.741575121879578 0.733243346214294 0.72042977809906 0.709851086139679 0.699583172798157 0.697915136814117 0.6865513920784 0.672805547714233 0.658583641052246 0.660441815853119 0.671133518218994 0.681867957115173 0.693750977516174 0.707142174243927 0.718256175518036 0.728477716445923 0.736867308616638 0.742795944213867 0.747117519378662
0.920466184616089 0.936999678611755 0.947100877761841 0.950491845607758 0.917671918869019 0.829155921936035 0.803528904914856 0.791538000106812 0.84160715341568 0.892923355102539 0.887920498847961 0.829703271389008 0.791964650154114 0.740036487579346 0.717005610466003 0.716258883476257 0.724182844161987 0.718528211116791 0.729865789413452 0.740796625614166 0.750841617584229 0.762119770050049 0.764260470867157 0.762975215911865 0.749632835388184 0.762111127376556 0.762734472751617 0.754759848117828 0.743862152099609 0.734325110912323 0.721366345882416 0.714692652225494 0.708192348480225 0.700795233249664 0.694022297859192 0.670647919178009 0.655384182929993 0.656133949756622 0.671960473060608 0.682976365089417 0.700437366962433 0.714391112327576 0.721286058425903 0.727691233158112 0.737375438213348 0.744864702224731 0.750555813312531
0.858071982860565 0.841151654720306 0.892843842506409 0.949535071849823 0.896584451198578 0.851663768291473 0.804267585277557 0.780251026153564 0.795603632926941 0.842943131923676 0.872043371200562 0.860194981098175 0.809870183467865 0.76102614402771 0.719036102294922 0.716234982013702 0.711432754993439 0.713010609149933 0.716401875019073 0.729452788829803 0.739437937736511 0.746317446231842 0.753975093364716 0.757238030433655 0.753134906291962 0.755591332912445 0.75229686498642 0.746270656585693 0.737986147403717 0.72870409488678 0.719948828220367 0.719383418560028 0.710729360580444 0.70741218328476 0.702114760875702 0.683363616466522 0.662045657634735 0.668435156345367 0.683999180793762 0.695188343524933 0.705713748931885 0.715157330036163 0.721390783786774 0.732090771198273 0.739692628383636 0.74596506357193 0.746145069599152
0.850894927978516 0.852866053581238 0.829993486404419 0.856294274330139 0.830321907997131 0.756502151489258 0.738588929176331 0.749467730522156 0.745896935462952 0.77860963344574 0.805568635463715 0.7991903424263 0.77325963973999 0.729160726070404 0.709545254707336 0.696763396263123 0.693588197231293 0.694173514842987 0.704608261585236 0.710937678813934 0.723691821098328 0.725807249546051 0.734036982059479 0.730689287185669 0.730397999286652 0.733941316604614 0.730078041553497 0.728472590446472 0.728181600570679 0.719900488853455 0.719187796115875 0.715722739696503 0.717620313167572 0.715713143348694 0.718113541603088 0.699678540229797 0.68942928314209 0.68646252155304 0.69548237323761 0.703779876232147 0.714788734912872 0.722422420978546 0.731014668941498 0.741265773773193 0.74275928735733 0.74661511182785 0.753169417381287
0.911302268505096 0.907930791378021 0.90310937166214 0.86597615480423 0.808769702911377 0.794570684432983 0.757275879383087 0.709176480770111 0.709234714508057 0.713935554027557 0.738357722759247 0.720073342323303 0.718297481536865 0.70347672700882 0.691474974155426 0.680723547935486 0.684482872486115 0.680757403373718 0.686442673206329 0.689041674137115 0.691908419132233 0.694416403770447 0.692656993865967 0.692753493785858 0.680374145507812 0.676591873168945 0.683750450611115 0.69973748922348 0.706229150295258 0.710550427436829 0.715225517749786 0.718722283840179 0.721550405025482 0.728255093097687 0.728903770446777 0.718610882759094 0.716969132423401 0.713054716587067 0.712727725505829 0.719472169876099 0.726321876049042 0.734382212162018 0.736881613731384 0.741804838180542 0.74504542350769 0.753832817077637 0.75932377576828
