data/climate_estimation/maxent_output/Colchicum_alpinum.asc
NCOLS 141 
NROWS 81 
XLLCORNER 2.25 
YLLCORNER 41.5833333333333 
CELLSIZE 0.0833333333333333 
NODATA_value -3.4e+38 
[rows 0 to 19 of 81, columns 92 to 137 of 141]
0.11706405878067 0.116821646690369 0.118999108672142 0.127169385552406 0.123993173241615 0.130183160305023 0.129393622279167 0.12015276402235 0.129183828830719 0.123025953769684 0.120717830955982 0.117549918591976 0.110045038163662 0.114637799561024 0.112852483987808 0.11346535384655 0.106352344155312 0.104713313281536 0.103942319750786 0.0975554585456848 0.096354715526104 0.0897495001554489 0.0789018273353577 0.0785555839538574 0.0787245854735374 0.0748729705810547 0.0800257623195648 0.0796839147806168 0.083501972258091 0.0801583826541901 0.0835060775279999 0.084324449300766 0.0858712866902351 0.0879590809345245 0.0846121460199356 0.0985854417085648 0.0996237993240356 0.0863845720887184 0.0770602002739906 0.0696021988987923 0.0663549229502678 0.0732611194252968 0.0961149930953979 0.104358926415443 0.0910738483071327 0.0905071049928665
0.125525429844856 0.125525429844856 0.125833377242088 0.132333233952522 0.131790354847908 0.134585469961166 0.133626267313957 0.137997880578041 0.128444686532021 0.128493309020996 0.126934200525284 0.118460446596146 0.117030300199986 0.115626685321331 0.108953885734081 0.106926381587982 0.106391839683056 0.102806776762009 0.0942507982254028 0.0936709567904472 0.0877866297960281 0.0760973319411278 0.0740228593349457 0.0722037255764008 0.0764845758676529 0.0755928009748459 0.0807002708315849 0.0775453299283981 0.0768392309546471 0.0749945268034935 0.0782301351428032 0.0770299956202507 0.0788277611136436 0.0724294036626816 0.0721972808241844 0.066738061606884 0.0608149319887161 0.0637803673744202 0.070098988711834 0.0747833847999573 0.07583087682724 0.0791875869035721 0.0974349677562714 0.104764357209206 0.10657462477684 0.0809284374117851
0.13995449244976 0.140686050057411 0.133346602320671 0.142409712076187 0.139419272542 0.140639141201973 0.137642920017242 0.143671333789825 0.132553577423096 0.130249097943306 0.128271251916885 0.121886990964413 0.122165061533451 0.118670672178268 0.110838606953621 0.10760123282671 0.0977501720190048 0.0950811207294464 0.0917580276727676 0.0870828852057457 0.0726023018360138 0.0678281709551811 0.0709529966115952 0.0699604079127312 0.0698260068893433 0.0705712959170341 0.0723433941602707 0.070410393178463 0.069467730820179 0.0753473863005638 0.0727534145116806 0.0772393941879272 0.0728900656104088 0.0753723382949829 0.0701982825994492 0.0719279497861862 0.0660539194941521 0.069159984588623 0.0625736862421036 0.080451212823391 0.0859853625297546 0.0904084220528603 0.113389000296593 0.114782340824604 0.114410638809204 0.094629630446434
0.141864821314812 0.142651930451393 0.144615083932877 0.15163566172123 0.152537047863007 0.154156073927879 0.147421628236771 0.14754244685173 0.144392535090446 0.135664522647858 0.133058220148087 0.124153971672058 0.125165045261383 0.110949501395226 0.109580457210541 0.0977754592895508 0.0959593802690506 0.0931232199072838 0.0816706642508507 0.0794438868761063 0.0738331973552704 0.0697148963809013 0.0675814896821976 0.0678755715489388 0.0670448169112206 0.0651199966669083 0.0627104714512825 0.0594616383314133 0.0677216872572899 0.0695455446839333 0.0714099556207657 0.0706938579678535 0.0728182271122932 0.0702803209424019 0.0541794188320637 0.0555713400244713 0.054988719522953 0.0636429563164711 0.0621176436543465 0.0662114471197128 0.0709158852696419 0.0829453840851784 0.101167947053909 0.0928481593728065 0.089333139359951 0.0710474103689194
0.143964439630508 0.142911240458488 0.144320577383041 0.148937776684761 0.154012128710747 0.147437214851379 0.14769372344017 0.149048537015915 0.14919151365757 0.137263670563698 0.126923575997353 0.128533065319061 0.114303559064865 0.112887352705002 0.102146618068218 0.10266324877739 0.097857728600502 0.0857966393232346 0.0821418911218643 0.0776859596371651 0.0708198174834251 0.0712727457284927 0.0648631900548935 0.0620346367359161 0.0577643997967243 0.0549476556479931 0.0523192659020424 0.0590132512152195 0.060717299580574 0.0660397484898567 0.0651389360427856 0.0635680630803108 0.0655750408768654 0.0638157948851585 0.0533972233533859 0.046409048140049 0.0478033386170864 0.0620883367955685 0.0608193911612034 0.062783308327198 0.0632608309388161 0.0647577792406082 0.057973712682724 0.0799918696284294 0.0800741836428642 0.0804706737399101
0.148927584290504 0.155788034200668 0.15909506380558 0.153669491410255 0.159092232584953 0.160574346780777 0.151110306382179 0.139620825648308 0.152436554431915 0.14172688126564 0.13159604370594 0.119886592030525 0.119341172277927 0.113662652671337 0.0994060263037682 0.0920610204339027 0.0881013497710228 0.0853307023644447 0.0751488283276558 0.073308452963829 0.0707071200013161 0.0666951239109039 0.0606268122792244 0.0628485158085823 0.0534171797335148 0.050505381077528 0.0462779551744461 0.0510278083384037 0.0595926977694035 0.058635052293539 0.0551362298429012 0.0607222057878971 0.0633846968412399 0.0676770210266113 0.0548286996781826 0.0442041866481304 0.0392761677503586 0.0509886108338833 0.0544308759272099 0.0636658146977425 0.0644759088754654 0.0682850703597069 0.0622002817690372 0.052030835300684 0.0676558166742325 0.0600630454719067
0.142436608672142 0.153748959302902 0.142570838332176 0.154917433857918 0.160393849015236 0.166576087474823 0.152676403522491 0.156592682003975 0.149565070867538 0.130118831992149 0.131579264998436 0.118858993053436 0.120234109461308 0.106685981154442 0.0979131162166595 0.0980027318000793 0.0879208296537399 0.0781219154596329 0.0752592980861664 0.0671343952417374 0.0653295740485191 0.0640849471092224 0.0605626590549946 0.0581851936876774 0.0617984011769295 0.0471550300717354 0.0439060851931572 0.0581844560801983 0.0638346299529076 0.0675769224762917 0.0591460093855858 0.0684080496430397 0.067378506064415 0.0635507479310036 0.0732051953673363 0.0627714246511459 0.0365118570625782 0.0358226969838142 0.0645970180630684 0.0651638507843018 0.0650528222322464 0.0585399307310581 0.0729928761720657 0.0679046511650085 0.078917384147644 0.080254465341568
0.144881293177605 0.150165200233459 0.146897420287132 0.153177976608276 0.169228598475456 0.161548003554344 0.152587100863457 0.151508465409279 0.144104361534119 0.132933914661407 0.125695690512657 0.123542763292789 0.115433290600777 0.111094072461128 0.102536357939243 0.0889220237731934 0.0795350223779678 0.0762375891208649 0.0757244974374771 0.0700271800160408 0.0722388252615929 0.0679086670279503 0.0666177719831467 0.0713739544153214 0.0663744583725929 0.0652817636728287 0.0616625286638737 0.0614901408553123 0.0706216618418694 0.0685473084449768 0.0594242699444294 0.0752109438180923 0.0730589181184769 0.0768432766199112 0.0681266188621521 0.0723005086183548 0.0823701173067093 0.0590244419872761 0.052243310958147 0.0809130519628525 0.0843952521681786 0.0739137977361679 0.0646949782967567 0.0714458152651787 0.0555083863437176 0.0807151049375534
0.137529313564301 0.147738397121429 0.143060371279716 0.147764846682549 0.161127671599388 0.148156449198723 0.152644842863083 0.141196027398109 0.138932749629021 0.140106782317162 0.131587952375412 0.121162302792072 0.122258700430393 0.106961525976658 0.0989553034305573 0.0908282995223999 0.0896442756056786 0.077103465795517 0.0843477696180344 0.0677801817655563 0.0756224766373634 0.0744526758790016 0.079425536096096 0.0709118768572807 0.0813766121864319 0.0701975598931313 0.0564856976270676 0.0521468706429005 0.0666098594665527 0.0574595034122467 0.0668990314006805 0.0724771022796631 0.0829138681292534 0.0642292350530624 0.0963801890611649 0.0773320719599724 0.0658230856060982 0.0861381068825722 0.0658813714981079 0.0641351565718651 0.0786094665527344 0.0864629745483398 0.0946733728051186 0.0795288234949112 0.0583222843706608 0.0753720253705978
0.143896892666817 0.138620242476463 0.156590819358826 0.153126433491707 0.14486101269722 0.157013744115829 0.147002011537552 0.152669116854668 0.148769244551659 0.133171558380127 0.151584595441818 0.148614510893822 0.135481327772141 0.120614469051361 0.101932108402252 0.109751723706722 0.0850921422243118 0.0840630978345871 0.0800737962126732 0.0799394026398659 0.0872955620288849 0.075656570494175 0.0819177553057671 0.0625750496983528 0.0702096298336983 0.0573804639279842 0.053814347833395 0.0569089949131012 0.0736478716135025 0.0627481490373611 0.0559185929596424 0.0665995180606842 0.0956670343875885 0.0727447643876076 0.0863958597183228 0.15223453938961 0.0997595936059952 0.167290136218071 0.11487852036953 0.121826745569706 0.138428598642349 0.0847781896591187 0.0843521282076836 0.109560042619705 0.120364062488079 0.104357995092869
0.148512616753578 0.157315254211426 0.161544874310493 0.152367919683456 0.150471270084381 0.180982083082199 0.171711400151253 0.17375111579895 0.152549147605896 0.140696436166763 0.140080586075783 0.151846036314964 0.130425468087196 0.136831387877464 0.107583910226822 0.096103310585022 0.107054844498634 0.135808542370796 0.110134340822697 0.113952934741974 0.104758113622665 0.0781437456607819 0.0957380160689354 0.054457139223814 0.0529818683862686 0.0522093288600445 0.0494677051901817 0.0601992793381214 0.0588418245315552 0.0532151088118553 0.0760140642523766 0.0693221613764763 0.0720076188445091 0.105308003723621 0.0716132000088692 0.105568997561932 0.205636814236641 0.19631715118885 0.116745725274086 0.0735122114419937 0.0967407524585724 0.0788657888770103 0.0914911106228828 0.117264457046986 0.201631858944893 0.162500619888306
0.159522950649261 0.175861954689026 0.181933537125587 0.160819962620735 0.151155769824982 0.188084989786148 0.187102526426315 0.158391296863556 0.182229369878769 0.174516618251801 0.176688924431801 0.144753739237785 0.1972366720438 0.177951872348785 0.151892647147179 0.108986102044582 0.110174544155598 0.180187836289406 0.191218286752701 0.15691265463829 0.11551309376955 0.0698563158512115 0.0606235302984715 0.0587703250348568 0.0880948454141617 0.0772805064916611 0.0642957463860512 0.0692464411258698 0.0814853683114052 0.0848997086286545 0.0908283293247223 0.104283690452576 0.0898989364504814 0.0911006480455399 0.072608195245266 0.0865139439702034 0.0937934592366219 0.112809710204601 0.0905489027500153 0.0672696754336357 0.0876539796590805 0.080826535820961 0.0878358483314514 0.0879639387130737 0.0902936533093452 0.0941898822784424
0.180013433098793 0.182956218719482 0.189012810587883 0.200751006603241 0.209386825561523 0.196475937962532 0.206148087978363 0.197004109621048 0.221472933888435 0.197546824812889 0.153945878148079 0.141330480575562 0.115664251148701 0.126619532704353 0.104335941374302 0.0954994186758995 0.119681395590305 0.11034519970417 0.0789201781153679 0.0610988140106201 0.0665105208754539 0.0798802152276039 0.122294701635838 0.0597474798560143 0.150244936347008 0.150805488228798 0.160527616739273 0.124709114432335 0.0940843299031258 0.0693987607955933 0.0702353119850159 0.0773840695619583 0.0859733074903488 0.0743186771869659 0.0636170729994774 0.0887656733393669 0.0831472650170326 0.0847083851695061 0.0941137298941612 0.0961803942918777 0.111595690250397 0.130811780691147 0.137793898582458 0.151026174426079 0.195501655340195 0.197373569011688
0.192218080163002 0.207528740167618 0.219268068671227 0.207001194357872 0.220995232462883 0.223083004355431 0.221993803977966 0.221441060304642 0.198150902986526 0.144558772444725 0.155440762639046 0.148205474019051 0.237233594059944 0.189375519752502 0.215187549591064 0.132270306348801 0.123704254627228 0.0744906514883041 0.103762932121754 0.205804631114006 0.190206676721573 0.192669421434402 0.177966669201851 0.0591904446482658 0.121786996722221 0.110903173685074 0.146417200565338 0.117324091494083 0.109128214418888 0.176426440477371 0.136085107922554 0.145057439804077 0.139115527272224 0.202139526605606 0.183142706751823 0.152866780757904 0.103636898100376 0.139319837093353 0.111934967339039 0.108786575496197 0.158375933766365 0.20888677239418 0.205971926450729 0.206093296408653 0.167258486151695 0.163257494568825
0.17327181994915 0.200361505150795 0.228676527738571 0.210603162646294 0.238939374685287 0.240219965577126 0.200762957334518 0.199359312653542 0.16424635052681 0.191521257162094 0.230675429105759 0.233196303248405 0.199521020054817 0.137882634997368 0.213070884346962 0.234700754284859 0.164841130375862 0.136379912495613 0.0861656218767166 0.171145275235176 0.217410251498222 0.191265866160393 0.109165750443935 0.102063328027725 0.183081299066544 0.219035223126411 0.222785711288452 0.228450372815132 0.222469955682755 0.202659264206886 0.240138590335846 0.233504667878151 0.273191452026367 0.229466259479523 0.240368202328682 0.242080181837082 0.182412385940552 0.195142194628716 0.118460357189178 0.179257974028587 0.218086615204811 0.273959904909134 0.20304599404335 0.142041876912117 0.145919471979141 0.0927302613854408
0.188430145382881 0.215949147939682 0.153397753834724 0.111408546566963 0.204983308911324 0.245273232460022 0.214954242110252 0.192393556237221 0.162961408495903 0.200315430760384 0.196711763739586 0.225082412362099 0.217757657170296 0.197869971394539 0.123099036514759 0.252234041690826 0.243988588452339 0.168839931488037 0.121890932321548 0.152721390128136 0.192659631371498 0.221143409609795 0.217762872576714 0.210959076881409 0.219344139099121 0.186040803790092 0.230959579348564 0.201884686946869 0.241552963852882 0.250112861394882 0.211502626538277 0.155106171965599 0.235020518302917 0.272567123174667 0.257290571928024 0.209955483675003 0.298721134662628 0.260823011398315 0.238724306225777 0.255578458309174 0.293175965547562 0.273557990789413 0.272232264280319 0.213726714253426 0.159998580813408 0.162810102105141
0.192662805318832 0.215285047888756 0.192989185452461 0.196269750595093 0.154231339693069 0.152796849608421 0.249498069286346 0.191477447748184 0.252031713724136 0.181909814476967 0.104661613702774 0.16707082092762 0.152599096298218 0.265136003494263 0.10560592263937 0.122911103069782 0.236643329262733 0.184201613068581 0.14653804898262 0.190434336662292 0.20514252781868 0.182515725493431 0.209765285253525 0.162061601877213 0.0889217182993889 0.198305815458298 0.21257321536541 0.233037054538727 0.236687391996384 0.231098651885986 0.141244888305664 0.0903007239103317 0.143372640013695 0.265880703926086 0.28772708773613 0.130578681826591 0.256537199020386 0.203120797872543 0.152598276734352 0.140692219138145 0.281721472740173 0.257060289382935 0.148199930787086 0.137732163071632 0.126430571079254 0.203219503164291
0.184758692979813 0.103620529174805 0.0900927260518074 0.0855321437120438 0.125194221735001 0.2394168227911 0.19282092154026 0.236310392618179 0.138368621468544 0.10868289321661 0.0841622278094292 0.094247505068779 0.129294946789742 0.16267055273056 0.247272238135338 0.230518907308578 0.16724319756031 0.0963125005364418 0.0847905203700066 0.1496522128582 0.217325612902641 0.125550851225853 0.165601491928101 0.129653587937355 0.0714259371161461 0.226739153265953 0.193773776292801 0.225227788090706 0.185089737176895 0.221879869699478 0.217222183942795 0.217287659645081 0.12518972158432 0.13437232375145 0.140223458409309 0.118302956223488 0.141625210642815 0.150211095809937 0.240692064166069 0.171763017773628 0.13609778881073 0.169686138629913 0.140499219298363 0.12034510076046 0.170336022973061 0.199866533279419
0.104907393455505 0.104990169405937 0.215368643403053 0.237113744020462 0.201159492135048 0.24763897061348 0.155428931117058 0.21797651052475 0.131412699818611 0.0870291218161583 0.0876236334443092 0.0880019962787628 0.0936618819832802 0.125427007675171 0.229999259114265 0.0825733244419098 0.182490840554237 0.182282090187073 0.199734404683113 0.157372936606407 0.0672594979405403 0.050483088940382 0.0753855034708977 0.0415444597601891 0.0448350012302399 0.0545846745371819 0.0960873812437057 0.0867893844842911 0.182902753353119 0.149103969335556 0.136873304843903 0.129873916506767 0.111945174634457 0.113575764000416 0.132462397217751 0.114029727876186 0.162905782461166 0.204009428620338 0.210389912128448 0.168795183300972 0.160163030028343 0.115607462823391 0.119608700275421 0.0902695879340172 0.118290364742279 0.139418840408325
0.0893059819936752 0.167006924748421 0.21029269695282 0.125270873308182 0.147606059908867 0.117576643824577 0.194749251008034 0.126493662595749 0.255516350269318 0.105902627110481 0.157880693674088 0.243024423718452 0.269652098417282 0.280221402645111 0.157930687069893 0.0756453946232796 0.20048888027668 0.128102138638496 0.190615221858025 0.16945444047451 0.0585390962660313 0.0981625989079475 0.147007063031197 0.0705868825316429 0.102933689951897 0.150361657142639 0.0791956409811974 0.079822413623333 0.106751352548599 0.0942414999008179 0.140233561396599 0.142470359802246 0.144518181681633 0.136019602417946 0.130434826016426 0.12820403277874 0.108645670115948 0.123210519552231 0.132616728544235 0.120972856879234 0.119755037128925 0.161224037408829 0.148716941475868 0.131408184766769 0.098767101764679 0.131005525588989
