data/climate_estimation/maxent_output/Colchicum_robustum.asc
NCOLS 296 
NROWS 66 
XLLCORNER 50.75 
YLLCORNER 33.5833333333333 
CELLSIZE 0.0833333333333333 
NODATA_value -3.4e+38 
[rows 20 to 39 of 66, columns 220 to 263 of 296]
0.700972378253937 0.759702622890472 0.736584603786469 0.654237687587738 0.648395538330078 0.642995893955231 0.653573513031006 0.694789171218872 0.838816523551941 0.889103412628174 0.922358751296997 0.94233500957489 0.969505071640015 0.938418805599213 0.839496374130249 0.909682810306549 0.934024035930634 0.887533366680145 0.924999475479126 0.89591509103775 0.905116975307465 0.955406606197357 0.93553900718689 0.947767376899719 0.919281840324402 0.814124703407288 0.895688414573669 0.922968506813049 0.978432297706604 0.929619908332825 0.983288645744324 0.972870588302612 0.564462840557098 0.510739326477051 0.545912981033325 0.582785189151764 0.701513648033142 0.76431006193161 0.902891635894775 0.93447345495224 0.836981356143951 0.670570194721222 0.501920700073242 0.371225714683533
0.680429339408875 0.722317814826965 0.713636696338654 0.676253378391266 0.650854349136353 0.64502078294754 0.689749836921692 0.836185812950134 0.853347301483154 0.908163487911224 0.893485307693481 0.887871265411377 0.971614718437195 0.965648174285889 0.968556702136993 0.978996336460114 0.990625262260437 0.970885336399078 0.956339657306671 0.949870645999908 0.912568509578705 0.945148289203644 0.934548377990723 0.96129298210144 0.926285862922668 0.788753747940063 0.629925847053528 0.607004940509796 0.985497951507568 0.97134405374527 0.688834488391876 0.900612592697144 0.989709198474884 0.612015128135681 0.76167094707489 0.765237748622894 0.800411820411682 0.856081247329712 0.773407638072968 0.787056446075439 0.709612369537354 0.652674794197083 0.510179460048676 0.449255675077438
0.688310742378235 0.685563087463379 0.705073356628418 0.683852314949036 0.646887242794037 0.662700831890106 0.850472688674927 0.856356084346771 0.862209320068359 0.909957468509674 0.918092548847198 0.931930541992188 0.851434886455536 0.871821045875549 0.869357109069824 0.981904625892639 0.866626381874084 0.979776501655579 0.937911987304688 0.965246915817261 0.930737912654877 0.938443064689636 0.934071481227875 0.94860166311264 0.769917368888855 0.672879576683044 0.728654861450195 0.810265302658081 0.994055330753326 0.952582180500031 0.692086398601532 0.560231626033783 0.857744872570038 0.948975622653961 0.945664048194885 0.978710114955902 0.952097475528717 0.859898090362549 0.686156928539276 0.48218297958374 0.461587607860565 0.393091052770615 0.296958029270172 0.453715294599533
0.675728857517242 0.676627814769745 0.6878422498703 0.678023636341095 0.660291373729706 0.686224162578583 0.709324300289154 0.871033847332001 0.865209400653839 0.878968954086304 0.8668013215065 0.961952865123749 0.832616806030273 0.823808252811432 0.978341996669769 0.974318087100983 0.987526118755341 0.832550168037415 0.961827039718628 0.976510763168335 0.977687835693359 0.960473954677582 0.946775674819946 0.862358510494232 0.829770386219025 0.816816985607147 0.920241951942444 0.785933792591095 0.985300302505493 0.66456937789917 0.733977377414703 0.481361716985703 0.690239667892456 0.818706691265106 0.833708763122559 0.71208530664444 0.658128440380096 0.395565718412399 0.399294346570969 0.317536413669586 0.214899525046349 0.342448472976685 0.440519690513611 0.797487556934357
0.677284300327301 0.676051914691925 0.689327239990234 0.688173770904541 0.677364230155945 0.681316018104553 0.690986454486847 0.869928658008575 0.900444030761719 0.823479950428009 0.893252432346344 0.850132167339325 0.805164694786072 0.856340050697327 0.967473387718201 0.980047166347504 0.983609199523926 0.989690005779266 0.960228025913239 0.987735986709595 0.969129860401154 0.971552848815918 0.98174911737442 0.981025338172913 0.984009981155396 0.987366735935211 0.981858134269714 0.78621381521225 0.990493893623352 0.902670800685883 0.530400097370148 0.348822861909866 0.50300008058548 0.513999879360199 0.49588218331337 0.325241297483444 0.301816403865814 0.419730871915817 0.488842576742172 0.785134315490723 0.82472038269043 0.785037100315094 0.977981448173523 0.967962443828583
0.691306293010712 0.677523851394653 0.711845397949219 0.713552236557007 0.73234748840332 0.720680713653564 0.699115216732025 0.69918417930603 0.87815272808075 0.88838928937912 0.863206088542938 0.806730628013611 0.834370315074921 0.950857102870941 0.97588837146759 0.956780254840851 0.941174864768982 0.912456870079041 0.932084739208221 0.956211507320404 0.970031082630157 0.964997947216034 0.980726838111877 0.981268286705017 0.920310854911804 0.641034066677094 0.784237146377563 0.679627776145935 0.973591208457947 0.717131495475769 0.563208401203156 0.335998088121414 0.443495482206345 0.516286373138428 0.27344536781311 0.452608674764633 0.586213827133179 0.962145566940308 0.99900096654892 0.962228536605835 0.940452754497528 0.811515808105469 0.77654641866684 0.704079270362854
0.712935268878937 0.712114810943604 0.802976369857788 0.727435111999512 0.727874279022217 0.756511509418488 0.888590455055237 0.699983596801758 0.681299388408661 0.843865931034088 0.834636032581329 0.827815175056458 0.826283037662506 0.967447400093079 0.968357503414154 0.972006678581238 0.942946553230286 0.871429204940796 0.802271842956543 0.886789560317993 0.981078445911407 0.97963535785675 0.965382695198059 0.989898383617401 0.974969983100891 0.573575437068939 0.535386264324188 0.399915099143982 0.778096556663513 0.989642322063446 0.813738822937012 0.463580101728439 0.293185442686081 0.477883696556091 0.572415411472321 0.825781166553497 0.994335532188416 0.927045822143555 0.605521500110626 0.349531680345535 0.483744561672211 0.238827049732208 0.286160230636597 0.363679975271225
0.77253782749176 0.771427512168884 0.786562204360962 0.71707022190094 0.715339303016663 0.73225611448288 0.876093208789825 0.874009966850281 0.866962969303131 0.882296502590179 0.878308475017548 0.845737457275391 0.822016716003418 0.94612330198288 0.844205260276794 0.90420401096344 0.845362424850464 0.860261201858521 0.636493027210236 0.793454647064209 0.971976339817047 0.984371602535248 0.950748324394226 0.975561618804932 0.930487513542175 0.56621265411377 0.451160937547684 0.567224621772766 0.485778391361237 0.993709862232208 0.847323060035706 0.389643520116806 0.368818134069443 0.621631383895874 0.960035026073456 0.975883901119232 0.68992018699646 0.437043040990829 0.337656676769257 0.210780709981918 0.196749240159988 0.331149607896805 0.627042591571808 0.434702634811401
0.793812870979309 0.7430060505867 0.740365087985992 0.742055952548981 0.726174473762512 0.714277863502502 0.723578751087189 0.889341235160828 0.893708467483521 0.828900516033173 0.720105588436127 0.763376533985138 0.961855828762054 0.969060242176056 0.780027151107788 0.821532845497131 0.849790692329407 0.713281691074371 0.392366379499435 0.39123860001564 0.908478856086731 0.976779699325562 0.984361231327057 0.900544166564941 0.970093429088593 0.597051978111267 0.417241126298904 0.768995702266693 0.776002287864685 0.985656678676605 0.99501758813858 0.933729827404022 0.904374301433563 0.985209107398987 0.915764987468719 0.434842079877853 0.368442088365555 0.205298885703087 0.300248116254807 0.578271329402924 0.335438191890717 0.61806446313858 0.916109561920166 0.458068519830704
0.813660144805908 0.792940080165863 0.798051774501801 0.751142144203186 0.780207335948944 0.903605461120605 0.890213310718536 0.884449779987335 0.86887925863266 0.882642865180969 0.749718606472015 0.696399569511414 0.669260621070862 0.91215568780899 0.904907286167145 0.548585712909698 0.517720818519592 0.42011284828186 0.312213957309723 0.589183032512665 0.832279860973358 0.984765708446503 0.835383713245392 0.85205864906311 0.867246150970459 0.889832496643066 0.55319744348526 0.953225195407867 0.942837595939636 0.774457693099976 0.666200339794159 0.7877476811409 0.828458786010742 0.411354720592499 0.524709284305573 0.282948642969131 0.189352676272392 0.293192267417908 0.498838424682617 0.878893733024597 0.820284307003021 0.916951954364777 0.455046623945236 0.301320016384125
0.790027856826782 0.823858499526978 0.820703566074371 0.769896984100342 0.780031383037567 0.900968968868256 0.87568724155426 0.785572826862335 0.780019581317902 0.880506217479706 0.86442369222641 0.644816398620605 0.301641553640366 0.852245569229126 0.936035335063934 0.831257939338684 0.739138782024384 0.308808714151382 0.478758484125137 0.807990789413452 0.964441001415253 0.976453423500061 0.950196087360382 0.602901041507721 0.495575815439224 0.456741631031036 0.863599061965942 0.968709051609039 0.576004981994629 0.381170839071274 0.433316886425018 0.333415061235428 0.525243639945984 0.252843379974365 0.226799607276917 0.373086035251617 0.134036049246788 0.446191817522049 0.548218488693237 0.685128152370453 0.996651887893677 0.386962622404099 0.203664094209671 0.258895307779312
0.807992398738861 0.83277815580368 0.82028591632843 0.791511833667755 0.796736478805542 0.899372279644012 0.633174180984497 0.426848262548447 0.660408556461334 0.912304639816284 0.616787552833557 0.296951830387115 0.255344569683075 0.6255784034729 0.727853536605835 0.363404542207718 0.365034222602844 0.282896488904953 0.2655890583992 0.69644159078598 0.965324819087982 0.59323126077652 0.631993889808655 0.66984224319458 0.282256305217743 0.34361457824707 0.80044949054718 0.825639963150024 0.406101435422897 0.284033566713333 0.293918609619141 0.335264027118683 0.161678224802017 0.190754607319832 0.451615750789642 0.401102900505066 0.6914421916008 0.412401258945465 0.865241646766663 0.994975686073303 0.710886657238007 0.31695419549942 0.393549293279648 0.596990525722504
0.811563789844513 0.825331211090088 0.792918980121613 0.807547748088837 0.575912356376648 0.832789123058319 0.394642651081085 0.273621141910553 0.211838498711586 0.502266108989716 0.837565839290619 0.513755738735199 0.401933491230011 0.185343459248543 0.191694542765617 0.185839504003525 0.181097775697708 0.145008534193039 0.240058854222298 0.758027017116547 0.644496262073517 0.350535541772842 0.417862236499786 0.30656173825264 0.2633056640625 0.519875824451447 0.554337322711945 0.410339742898941 0.540755808353424 0.425002664327621 0.547624826431274 0.311729788780212 0.156466066837311 0.144607946276665 0.313212603330612 0.731188476085663 0.66187059879303 0.947988092899323 0.786029577255249 0.842349588871002 0.364011377096176 0.364324361085892 0.717657923698425 0.183412224054337
0.821616053581238 0.819908499717712 0.827120900154114 0.528976380825043 0.202897995710373 0.618979930877686 0.325475215911865 0.157081872224808 0.0977946594357491 0.227731391787529 0.793703138828278 0.438585788011551 0.213935151696205 0.195139557123184 0.188711524009705 0.152053877711296 0.11389098316431 0.213050335645676 0.494861245155334 0.582582235336304 0.726508855819702 0.231996849179268 0.209591597318649 0.224831372499466 0.336477011442184 0.528545618057251 0.235619336366653 0.352197498083115 0.324663460254669 0.467967510223389 0.611695826053619 0.669100701808929 0.130214139819145 0.213734298944473 0.450787276029587 0.63124018907547 0.897477269172668 0.999914824962616 0.999897301197052 0.818096935749054 0.588466107845306 0.681536376476288 0.245940551161766 0.18663364648819
0.876909852027893 0.843813538551331 0.711865425109863 0.294728845357895 0.24816919863224 0.719467639923096 0.401458859443665 0.157469511032104 0.185826525092125 0.512795329093933 0.65100371837616 0.682147443294525 0.615945100784302 0.325951814651489 0.149045839905739 0.130603238940239 0.114027209579945 0.176360368728638 0.237572908401489 0.189011409878731 0.577007949352264 0.216173529624939 0.170133829116821 0.208888992667198 0.414128214120865 0.385864526033401 0.223138436675072 0.224733412265778 0.33405476808548 0.458278983831406 0.561577796936035 0.845356523990631 0.323400795459747 0.225300595164299 0.499187260866165 0.69579404592514 0.999327600002289 0.68053263425827 0.316769242286682 0.225827470421791 0.34700620174408 0.199920028448105 0.201309561729431 0.233484849333763
0.890856504440308 0.663167834281921 0.428073108196259 0.225871786475182 0.388109892606735 0.665971636772156 0.695424318313599 0.477687329053879 0.149794310331345 0.16497865319252 0.217916056513786 0.483115494251251 0.165179774165154 0.411562591791153 0.327367007732391 0.180161893367767 0.138563647866249 0.121993407607079 0.230007231235504 0.295538634061813 0.371356695890427 0.307785242795944 0.167877316474915 0.267753630876541 0.251362472772598 0.306109517812729 0.33509424328804 0.393712997436523 0.343324393033981 0.480042427778244 0.775772213935852 0.766162753105164 0.472127676010132 0.485886007547379 0.66410219669342 0.996893525123596 0.637648403644562 0.234952136874199 0.101139850914478 0.12448812276125 0.439625382423401 0.159040302038193 0.204848423600197 0.194085150957108
0.885639905929565 0.801576435565948 0.771045565605164 0.366910845041275 0.355443894863129 0.843315005302429 0.743376016616821 0.554845929145813 0.337463051080704 0.100677967071533 0.175239905714989 0.273761868476868 0.102105788886547 0.163785517215729 0.224257320165634 0.168250277638435 0.114288821816444 0.223409473896027 0.407429218292236 0.63218492269516 0.553558945655823 0.514696359634399 0.444050192832947 0.30141019821167 0.188631758093834 0.250754684209824 0.332669943571091 0.596768319606781 0.492525190114975 0.662771105766296 0.825268983840942 0.973344624042511 0.98749166727066 0.644458591938019 0.63632732629776 0.99127185344696 0.287445783615112 0.181119665503502 0.0786669999361038 0.12676964700222 0.323192685842514 0.153596818447113 0.181987941265106 0.168766930699348
0.776446044445038 0.698992013931274 0.625942409038544 0.179044499993324 0.436843633651733 0.653349280357361 0.636104106903076 0.334541201591492 0.201571360230446 0.129123970866203 0.0951158329844475 0.198843255639076 0.105788566172123 0.101739272475243 0.13862207531929 0.152208432555199 0.221351355314255 0.400936156511307 0.36602908372879 0.334394246339798 0.189946502447128 0.425729006528854 0.33188658952713 0.183364868164062 0.195576831698418 0.430685967206955 0.414504021406174 0.339980036020279 0.592261672019958 0.897647738456726 0.494278013706207 0.607457160949707 0.992048442363739 0.980083405971527 0.998224496841431 0.419115781784058 0.247853890061378 0.104199260473251 0.0908902511000633 0.149127468466759 0.147430449724197 0.0907101258635521 0.116902060806751 0.164721086621284
0.519818425178528 0.456985980272293 0.347660601139069 0.101020783185959 0.308793932199478 0.439153105020523 0.364332556724548 0.324938774108887 0.122417971491814 0.104426063597202 0.0850827544927597 0.113365106284618 0.10358527302742 0.0973175168037415 0.112670324742794 0.191854938864708 0.182454258203506 0.20345464348793 0.205432146787643 0.1589664965868 0.173959776759148 0.461397141218185 0.192271128296852 0.135504320263863 0.167955502867699 0.261763215065002 0.592617690563202 0.564531266689301 0.226015955209732 0.275577515363693 0.302675157785416 0.525993764400482 0.99934458732605 0.408131808042526 0.252569824457169 0.186228692531586 0.180086866021156 0.0867288857698441 0.122769147157669 0.0746695101261139 0.0999455824494362 0.0957465916872025 0.087411642074585 0.106761619448662
0.45332595705986 0.20209701359272 0.413630843162537 0.296122342348099 0.14677420258522 0.276571333408356 0.116921775043011 0.079307921230793 0.107443742454052 0.0814703106880188 0.085807166993618 0.089964970946312 0.100641280412674 0.132166594266891 0.123640887439251 0.11831222474575 0.134661763906479 0.12705785036087 0.172102019190788 0.118007525801659 0.324910253286362 0.187788307666779 0.135043442249298 0.189613312482834 0.259295672178268 0.390495926141739 0.510511815547943 0.566353142261505 0.208028897643089 0.24780909717083 0.42814901471138 0.607988357543945 0.999182462692261 0.281711995601654 0.139776572585106 0.302176386117935 0.137252375483513 0.0980877056717873 0.0634601265192032 0.0774204432964325 0.115051865577698 0.108258910477161 0.139059364795685 0.10214314609766
