data/climate_estimation/maxent_output/Colchicum_kurdicum.asc
NCOLS 22 
NROWS 54 
XLLCORNER 43.25 
YLLCORNER 32.9166666666667 
CELLSIZE 0.0833333333333334 
NODATA_value -3.4e+38 
[rows 0 to 39 of 54, columns 0 to 21 of 22]
0.553224802017212 0.443096846342087 0.809859037399292 0.805291056632996 0.477901101112366 0.455987483263016 0.335666447877884 0.338210135698318 0.701017320156097 0.866444885730743 0.516626477241516 0.307406365871429 0.29086896777153 0.457167237997055 0.650738596916199 0.523011863231659 0.397259801626205 0.379938542842865 0.345334112644196 0.563195466995239 0.557756006717682 0.541193068027496
0.785878658294678 0.809821307659149 0.91349470615387 0.955495893955231 0.94428426027298 0.854939222335815 0.68837833404541 0.840497612953186 0.851653873920441 0.885749816894531 0.8628169298172 0.486568570137024 0.374288856983185 0.641946613788605 0.696045339107513 0.678282976150513 0.619776725769043 0.56080287694931 0.474160373210907 0.583269715309143 0.562542736530304 0.514552712440491
0.98567533493042 0.982681572437286 0.982857882976532 0.990649580955505 0.953313529491425 0.869108915328979 0.95001494884491 0.949939727783203 0.95475447177887 0.887442290782928 0.950128555297852 0.87550413608551 0.936714887619019 0.831450521945953 0.82536506652832 0.575449764728546 0.576997995376587 0.534838259220123 0.474801480770111 0.577505588531494 0.57628333568573 0.530170500278473
0.981221973896027 0.983547866344452 0.949345707893372 0.94195967912674 0.991320550441742 0.960716605186462 0.957856297492981 0.992250502109528 0.972137093544006 0.968076229095459 0.876821935176849 0.819232821464539 0.937459945678711 0.848016321659088 0.784019112586975 0.763050675392151 0.502610981464386 0.663778305053711 0.546659469604492 0.557686507701874 0.565932214260101 0.629889667034149
0.991781115531921 0.990338087081909 0.993984162807465 0.994763672351837 0.994907736778259 0.995401918888092 0.993720948696136 0.99470466375351 0.992123663425446 0.944352149963379 0.943297982215881 0.951934099197388 0.964411556720734 0.99085944890976 0.940827548503876 0.748224020004272 0.758530080318451 0.753969848155975 0.671135246753693 0.677432835102081 0.61305695772171 0.655347108840942
0.989352881908417 0.989633798599243 0.989865303039551 0.987060725688934 0.993515133857727 0.993896663188934 0.99538117647171 0.993410468101501 0.99582576751709 0.962076783180237 0.959951937198639 0.995004594326019 0.994560837745667 0.993549883365631 0.989968955516815 0.934520781040192 0.913158893585205 0.764883637428284 0.744502902030945 0.638153493404388 0.618485510349274 0.699397027492523
0.993920147418976 0.994062602519989 0.994387149810791 0.996026992797852 0.996841013431549 0.99733304977417 0.996281981468201 0.996461272239685 0.997155606746674 0.997450292110443 0.99699479341507 0.994964301586151 0.991804540157318 0.991255462169647 0.992212414741516 0.991535484790802 0.939383268356323 0.894990503787994 0.824277281761169 0.658609628677368 0.660533547401428 0.767282843589783
0.994679987430573 0.995158970355988 0.995907008647919 0.996395170688629 0.996657073497772 0.997675180435181 0.997799217700958 0.997673690319061 0.997666299343109 0.997457563877106 0.996958434581757 0.996360421180725 0.99472963809967 0.992806255817413 0.991207540035248 0.993108928203583 0.953465223312378 0.92643541097641 0.80256325006485 0.646036922931671 0.681997895240784 0.757184445858002
0.992907583713531 0.993893146514893 0.994071185588837 0.994703352451324 0.995659410953522 0.996649086475372 0.997823357582092 0.998227059841156 0.997763454914093 0.9979208111763 0.997434020042419 0.996760070323944 0.997160911560059 0.993325889110565 0.993842303752899 0.995891213417053 0.927542865276337 0.914500117301941 0.808765888214111 0.776500880718231 0.807924926280975 0.747130155563354
0.990761160850525 0.991982758045197 0.992716372013092 0.993470668792725 0.994632720947266 0.996194958686829 0.997400104999542 0.997878849506378 0.997400403022766 0.997448921203613 0.997563362121582 0.997715413570404 0.997857809066772 0.997824788093567 0.995407402515411 0.996641516685486 0.988868296146393 0.988777875900269 0.912659466266632 0.910444378852844 0.826650083065033 0.747105956077576
0.989621937274933 0.990834295749664 0.991467952728271 0.991792321205139 0.993468046188354 0.995159924030304 0.996068000793457 0.996471107006073 0.996787667274475 0.998268723487854 0.998137950897217 0.998205423355103 0.998322904109955 0.99689769744873 0.994906842708588 0.992877006530762 0.913664996623993 0.928269803524017 0.988348245620728 0.867984533309937 0.719726502895355 0.65893030166626
0.986111462116241 0.988654673099518 0.990862965583801 0.990573406219482 0.993241548538208 0.994683265686035 0.995099604129791 0.995656132698059 0.996345996856689 0.997776687145233 0.998347282409668 0.998759746551514 0.998822331428528 0.998733162879944 0.996663689613342 0.98802125453949 0.967056512832642 0.951485514640808 0.973636388778687 0.961441218852997 0.924795627593994 0.810104370117188
0.984103262424469 0.985280334949493 0.988492906093597 0.989309191703796 0.991384208202362 0.993086457252502 0.994057595729828 0.995065271854401 0.995964109897614 0.996882021427155 0.997954428195953 0.998712062835693 0.99834793806076 0.997848987579346 0.99663907289505 0.996867656707764 0.995123386383057 0.988526225090027 0.988685786724091 0.9546959400177 0.978869795799255 0.976204991340637
0.981412053108215 0.983825087547302 0.986842095851898 0.98833429813385 0.990983664989471 0.992685198783875 0.993654608726501 0.994791626930237 0.995707511901855 0.996556580066681 0.997702956199646 0.998818397521973 0.998907029628754 0.998460948467255 0.997952103614807 0.997297644615173 0.997330605983734 0.997877538204193 0.996717989444733 0.995938897132874 0.995930075645447 0.996715247631073
0.981324672698975 0.983929097652435 0.985024988651276 0.987562417984009 0.990309536457062 0.99219286441803 0.993523061275482 0.994525074958801 0.995281338691711 0.995887637138367 0.997058212757111 0.998441457748413 0.998669862747192 0.99863588809967 0.9984090924263 0.998489677906036 0.998666763305664 0.998653769493103 0.99855774641037 0.998584806919098 0.998476386070251 0.998073279857635
0.9829221367836 0.983652353286743 0.985848009586334 0.986305356025696 0.989762127399445 0.991094350814819 0.99244087934494 0.993965208530426 0.99482399225235 0.995934367179871 0.996372222900391 0.99790632724762 0.998062193393707 0.998060047626495 0.998397171497345 0.998437523841858 0.998480379581451 0.998612105846405 0.998605787754059 0.998925089836121 0.999014854431152 0.99763286113739
0.982315361499786 0.984089910984039 0.986148715019226 0.987519860267639 0.988747477531433 0.990735054016113 0.99232417345047 0.993265330791473 0.994341611862183 0.995525479316711 0.996102213859558 0.997255146503448 0.997449517250061 0.997615098953247 0.998131573200226 0.99826854467392 0.998597264289856 0.998579025268555 0.997759282588959 0.997763872146606 0.998957574367523 0.998547673225403
0.983697235584259 0.984611988067627 0.985946118831635 0.987610161304474 0.989272952079773 0.990476131439209 0.992116928100586 0.993138015270233 0.99426144361496 0.995017886161804 0.995390057563782 0.996213734149933 0.997040867805481 0.997195720672607 0.997622191905975 0.997857809066772 0.998340964317322 0.998563706874847 0.998620212078094 0.997934460639954 0.99875283241272 0.997148275375366
0.984631299972534 0.985658943653107 0.985871315002441 0.988130807876587 0.98883980512619 0.990402102470398 0.991627871990204 0.992390930652618 0.993813872337341 0.994115173816681 0.99491947889328 0.995404601097107 0.995900750160217 0.996438801288605 0.996765673160553 0.997432231903076 0.997979044914246 0.998261868953705 0.998512804508209 0.998490750789642 0.998381495475769 0.996082305908203
0.984346926212311 0.984403192996979 0.985761106014252 0.987475693225861 0.989186465740204 0.990132808685303 0.991397738456726 0.993164122104645 0.993188083171844 0.993869602680206 0.994523525238037 0.994906783103943 0.995326459407806 0.996182560920715 0.997032284736633 0.99708104133606 0.997135043144226 0.997529983520508 0.998140394687653 0.998330891132355 0.997586607933044 0.996822834014893
0.984232187271118 0.984951674938202 0.98605340719223 0.987578153610229 0.988382875919342 0.989898502826691 0.990708947181702 0.992371082305908 0.99272084236145 0.993660867214203 0.993761479854584 0.994148135185242 0.994633316993713 0.995512306690216 0.996316254138947 0.996632993221283 0.996820271015167 0.997321724891663 0.997633278369904 0.997506201267242 0.99633663892746 0.995430290699005
0.984779179096222 0.985979080200195 0.987168312072754 0.98822808265686 0.989233791828156 0.989745020866394 0.991064786911011 0.991444289684296 0.992517292499542 0.993010580539703 0.99308317899704 0.993609011173248 0.994450747966766 0.994759500026703 0.995595455169678 0.996078014373779 0.996610403060913 0.997094213962555 0.997305750846863 0.997538805007935 0.996788620948792 0.996581137180328
0.985592484474182 0.986115753650665 0.985803306102753 0.988293886184692 0.988892555236816 0.989662110805511 0.990324378013611 0.991443395614624 0.991770148277283 0.992189705371857 0.992498099803925 0.99309915304184 0.993333220481873 0.994359076023102 0.995317339897156 0.995236694812775 0.995926022529602 0.996367931365967 0.9969282746315 0.997306644916534 0.997454941272736 0.996753513813019
0.985161542892456 0.985728025436401 0.987675607204437 0.987732827663422 0.988167822360992 0.988745629787445 0.990060806274414 0.990792155265808 0.990698754787445 0.991535365581512 0.992204666137695 0.992299139499664 0.993016004562378 0.993894517421722 0.994780004024506 0.995142817497253 0.995520710945129 0.995754778385162 0.995872497558594 0.997045159339905 0.997309327125549 0.99764358997345
0.984903395175934 0.986020803451538 0.986443817615509 0.988075196743011 0.988528609275818 0.989018201828003 0.990351319313049 0.98988139629364 0.990690648555756 0.990975618362427 0.992016792297363 0.991934478282928 0.99265992641449 0.993345081806183 0.993976294994354 0.994357526302338 0.994744896888733 0.995338261127472 0.995626986026764 0.996356606483459 0.996689915657043 0.996982574462891
0.984448790550232 0.986395597457886 0.986457288265228 0.986721217632294 0.988215625286102 0.988025903701782 0.989153265953064 0.989841163158417 0.990448772907257 0.990828514099121 0.991825461387634 0.991741478443146 0.992114126682281 0.992825627326965 0.99325692653656 0.993670284748077 0.994056403636932 0.994342446327209 0.995586395263672 0.995741069316864 0.996346712112427 0.996365785598755
0.985211730003357 0.985939145088196 0.987112641334534 0.987166523933411 0.98742139339447 0.988272964954376 0.989654123783112 0.989454627037048 0.989961922168732 0.990634560585022 0.990698993206024 0.991391658782959 0.992041528224945 0.992312490940094 0.992455899715424 0.993068516254425 0.993440389633179 0.994048595428467 0.994602143764496 0.994804441928864 0.995378911495209 0.995742976665497
0.98564600944519 0.985661625862122 0.98615962266922 0.987375855445862 0.987196862697601 0.987646579742432 0.989390075206757 0.989511847496033 0.989582180976868 0.990637481212616 0.990407228469849 0.991948246955872 0.991681158542633 0.991655290126801 0.991950273513794 0.992875397205353 0.99271547794342 0.99318528175354 0.993476271629333 0.993877530097961 0.994332790374756 0.994880497455597
0.985492706298828 0.985870063304901 0.986471652984619 0.98688942193985 0.986492097377777 0.987974166870117 0.989138126373291 0.989063382148743 0.989853322505951 0.990641713142395 0.9909907579422 0.990922093391418 0.991134107112885 0.991531133651733 0.992013812065125 0.992394685745239 0.992053329944611 0.992038667201996 0.992428600788116 0.992751061916351 0.993341684341431 0.993666589260101
0.986573219299316 0.985749781131744 0.986724674701691 0.987615883350372 0.987774193286896 0.987846910953522 0.98794823884964 0.98867392539978 0.989437818527222 0.989088118076324 0.991015434265137 0.990477085113525 0.990448296070099 0.991451501846313 0.991400003433228 0.992222249507904 0.992113590240479 0.992321491241455 0.99234926700592 0.991945385932922 0.991562008857727 0.991978347301483
0.985634684562683 0.986368954181671 0.986783742904663 0.98681628704071 0.986927926540375 0.98805046081543 0.988476693630219 0.988335192203522 0.988410294055939 0.988798558712006 0.989753842353821 0.990572214126587 0.990611493587494 0.990190863609314 0.991082370281219 0.991267263889313 0.991320371627808 0.991477191448212 0.991577446460724 0.991059303283691 0.990571856498718 0.990679800510406
0.986256003379822 0.986433148384094 0.986278176307678 0.986789226531982 0.986459910869598 0.987504959106445 0.98824143409729 0.988974153995514 0.988234341144562 0.989064812660217 0.988953232765198 0.989029169082642 0.990201354026794 0.990495085716248 0.990184724330902 0.990521430969238 0.990694880485535 0.990843653678894 0.990633249282837 0.99019318819046 0.989682734012604 0.990081965923309
0.985699832439423 0.985668480396271 0.986403048038483 0.985974252223969 0.986761331558228 0.986993253231049 0.987590789794922 0.988328397274017 0.987914443016052 0.988317728042603 0.988836884498596 0.988880276679993 0.988873481750488 0.989722609519958 0.990051209926605 0.990161299705505 0.989870846271515 0.989742934703827 0.989763855934143 0.989540219306946 0.989029049873352 0.98825877904892
0.985196888446808 0.986229598522186 0.985449612140656 0.986223220825195 0.986849546432495 0.986938834190369 0.98742538690567 0.988007485866547 0.988409817218781 0.988508880138397 0.98810201883316 0.988786458969116 0.988805532455444 0.989054083824158 0.988924264907837 0.988864600658417 0.988934993743896 0.988273799419403 0.988875389099121 0.98892480134964 0.98907333612442 0.987425148487091
0.984812021255493 0.985298931598663 0.986261606216431 0.987059831619263 0.986557722091675 0.987145662307739 0.986852645874023 0.986433207988739 0.987021565437317 0.98744922876358 0.987750172615051 0.988612174987793 0.989019334316254 0.988416790962219 0.988193869590759 0.988240718841553 0.988203823566437 0.987929463386536 0.988008081912994 0.987728834152222 0.987504780292511 0.986837804317474
0.984724104404449 0.98626971244812 0.987009465694427 0.986474335193634 0.986380159854889 0.986110270023346 0.98659074306488 0.985763967037201 0.986879646778107 0.986492395401001 0.986458480358124 0.987944900989532 0.987692415714264 0.987435877323151 0.987113773822784 0.987537622451782 0.986451208591461 0.98582923412323 0.986201465129852 0.986075282096863 0.985572397708893 0.985089838504791
0.985596835613251 0.986090898513794 0.985304832458496 0.985556125640869 0.984943509101868 0.984977722167969 0.986264169216156 0.986471116542816 0.986438751220703 0.986556112766266 0.986643075942993 0.986186325550079 0.986273467540741 0.985959649085999 0.98620069026947 0.986167967319489 0.985478639602661 0.985309660434723 0.985207796096802 0.984651744365692 0.983740627765656 0.983210563659668
0.985315918922424 0.985472321510315 0.984626829624176 0.985178530216217 0.985115826129913 0.984720587730408 0.984750866889954 0.985772252082825 0.985955774784088 0.986044049263 0.985325872898102 0.984995663166046 0.98512077331543 0.984659850597382 0.984754264354706 0.984717011451721 0.985520422458649 0.984808623790741 0.983857452869415 0.98279482126236 0.982690334320068 0.98272180557251
0.985032618045807 0.984201610088348 0.983406245708466 0.983893036842346 0.984263718128204 0.983782589435577 0.984357237815857 0.984653830528259 0.983673632144928 0.984149992465973 0.984447658061981 0.984174728393555 0.984440743923187 0.984032094478607 0.983788073062897 0.983225762844086 0.981113076210022 0.982168078422546 0.983732581138611 0.98162579536438 0.981046736240387 0.980849385261536
0.984810590744019 0.984641790390015 0.983557045459747 0.982737481594086 0.984099209308624 0.983960449695587 0.983887553215027 0.984093844890594 0.983609020709991 0.983467042446136 0.982173204421997 0.982168316841125 0.982015073299408 0.982960343360901 0.981630086898804 0.982512950897217 0.982617199420929 0.981536209583282 0.981187164783478 0.980833172798157 0.980742573738098 0.980014979839325
