data/climate_estimation/maxent_output/Colchicum_lusitanum.asc
NCOLS 297 
NROWS 175 
XLLCORNER -10 
YLLCORNER 31 
CELLSIZE 0.0833333333333333 
NODATA_value -3.4e+38 
[rows 120 to 143 of 175, columns 212 to 264 of 297]
0.207615405321121 0.224999725818634 0.0951735973358154 0.0872377306222916 0.0547803603112698 0.233268678188324 0.296555489301682 0.172697976231575 0.123182125389576 0.0941129550337791 0.0814824849367142 0.111907936632633 0.127409592270851 0.093036837875843 0.1078040599823 0.0846363306045532 0.0581838637590408 0.0413857959210873 0.0420663170516491 0.0449864007532597 0.0413344353437424 0.0392498522996902 0.0453579314053059 0.0502705164253712 0.0519356317818165 0.0537013076245785 0.0610483549535275 0.0639017894864082 0.0582698918879032 0.0746922716498375 0.0869791433215141 0.091514565050602 0.102800011634827 0.0918209254741669 0.108142279088497 0.116967611014843 0.114344321191311 0.122618079185486 0.0922278091311455 0.123527660965919 0.0947599187493324 -3.4e+38 -3.4e+38 -3.4e+38 -3.4e+38 -3.4e+38 -3.4e+38 -3.4e+38 -3.4e+38 -3.4e+38 -3.4e+38 -3.4e+38 -3.4e+38
0.293966978788376 0.273702472448349 0.104305773973465 0.0657170414924622 0.0460649132728577 0.0763156339526176 0.114607021212578 0.128560572862625 0.109462879598141 0.079560786485672 0.105210483074188 0.144186943769455 0.0954587534070015 0.080063484609127 0.0740750953555107 0.0755052641034126 0.0680698752403259 0.0409223511815071 0.0474929586052895 0.0506718531250954 0.0432655178010464 0.0448019430041313 0.0420315787196159 0.0525750406086445 0.0541893504559994 0.0560374334454536 0.0490881018340588 0.0496062375605106 0.0582381822168827 0.0729832723736763 0.0786380842328072 0.0715020447969437 0.0874936282634735 0.0845932736992836 0.0858785659074783 0.0888068005442619 0.0961427763104439 0.0925852581858635 0.0964474081993103 0.114897191524506 0.105226218700409 -3.4e+38 -3.4e+38 -3.4e+38 -3.4e+38 -3.4e+38 -3.4e+38 -3.4e+38 -3.4e+38 -3.4e+38 -3.4e+38 -3.4e+38 -3.4e+38
0.22099044919014 0.211949750781059 0.23111030459404 0.332459092140198 0.23689603805542 0.135978832840919 0.0738812834024429 0.10866342484951 0.0905022025108337 0.071378268301487 0.0466806255280972 0.048275064677 0.0562382787466049 0.0786655023694038 0.0839902237057686 0.0645041018724442 0.0435408987104893 0.0510408021509647 0.0605508387088776 0.0434083081781864 0.0373092442750931 0.0420096255838871 0.0443047359585762 0.0479442216455936 0.0405090413987637 0.0444171465933323 0.0418208763003349 0.0536736138164997 0.0604831874370575 0.0638116151094437 0.0558139495551586 0.0635170042514801 0.0747726857662201 0.0889711678028107 0.0848051086068153 0.0746424943208694 0.0859716311097145 0.105947203934193 0.115027979016304 0.111206918954849 0.0840341746807098 -3.4e+38 -3.4e+38 -3.4e+38 -3.4e+38 -3.4e+38 -3.4e+38 -3.4e+38 -3.4e+38 -3.4e+38 -3.4e+38 -3.4e+38 -3.4e+38
0.162695616483688 0.178613990545273 0.33769953250885 0.368251234292984 0.236372172832489 0.152303814888 0.124849386513233 0.145223543047905 0.123062714934349 0.0690064877271652 0.0534723624587059 0.040247056633234 0.0406144633889198 0.102864854037762 0.0744717940688133 0.0418161898851395 0.0332898199558258 0.0396484024822712 0.0320061296224594 0.0350495018064976 0.0387375131249428 0.0357905514538288 0.0399539470672607 0.0376995094120502 0.0443859584629536 0.0426683612167835 0.0439754277467728 0.0416860729455948 0.0395554602146149 0.0470694191753864 0.0507740341126919 0.0603658631443977 0.0716594979166985 0.0735282301902771 0.0892523974180222 0.069461427628994 0.0750067383050919 0.0742968246340752 0.0830012410879135 0.0999067723751068 0.125173851847649 0.105815567076206 -3.4e+38 -3.4e+38 -3.4e+38 -3.4e+38 -3.4e+38 -3.4e+38 -3.4e+38 -3.4e+38 -3.4e+38 -3.4e+38 -3.4e+38
0.121112138032913 0.153543531894684 0.187026664614677 0.14196290075779 0.130962893366814 0.0973231196403503 0.0955659225583076 0.156431630253792 0.136186972260475 0.104205720126629 0.0872357785701752 0.0692604184150696 0.0629170015454292 0.0350593961775303 0.0359140262007713 0.0324646569788456 0.0334137268364429 0.036102119833231 0.0295617673546076 0.03283416852355 0.0345584526658058 0.0351385064423084 0.0307740345597267 0.0362021140754223 0.0395653992891312 0.0382974781095982 0.0390298143029213 0.034518126398325 0.0361748710274696 0.0426151044666767 0.049250166863203 0.0515022501349449 0.0553552508354187 0.0662447214126587 0.0627109557390213 0.0681693851947784 0.0672999024391174 0.0755116567015648 0.0992530658841133 0.107160732150078 0.103023774921894 0.107555367052555 -3.4e+38 -3.4e+38 -3.4e+38 -3.4e+38 -3.4e+38 -3.4e+38 -3.4e+38 -3.4e+38 -3.4e+38 -3.4e+38 -3.4e+38
0.100788369774818 0.0861015245318413 0.138571634888649 0.178192764520645 0.218446627259254 0.123932793736458 0.0539308562874794 0.0904457345604897 0.101915203034878 0.0873075798153877 0.060389656573534 0.070025622844696 0.045175839215517 0.0408408306539059 0.0536983050405979 0.0418157353997231 0.0257070511579514 0.0308295991271734 0.0298325568437576 0.0313885807991028 0.0354349873960018 0.0337205454707146 0.0399229489266872 0.0380527079105377 0.0358232446014881 0.0327201075851917 0.0348330549895763 0.0372407585382462 0.0430143959820271 0.0499208532273769 0.0478066988289356 0.0470512397587299 0.0441770479083061 0.0485617816448212 0.0577033013105392 0.0562478341162205 0.0749066323041916 0.0926998108625412 0.111475482583046 0.107021816074848 0.125534400343895 -3.4e+38 -3.4e+38 -3.4e+38 -3.4e+38 -3.4e+38 -3.4e+38 -3.4e+38 -3.4e+38 -3.4e+38 -3.4e+38 -3.4e+38 -3.4e+38
0.0530043840408325 0.0685844421386719 0.0788391828536987 0.0754145160317421 0.0846761912107468 0.0630050450563431 0.0487162210047245 0.0482920557260513 0.0473129078745842 0.0410720333456993 0.0401659794151783 0.0397905223071575 0.039290975779295 0.0454302057623863 0.0474886819720268 0.0373617336153984 0.0290385168045759 0.0249978210777044 0.0266133677214384 0.0278013106435537 0.0312200356274843 0.0270232930779457 0.0257496181875467 0.027119118720293 0.0306862350553274 0.0296656731516123 0.0387775637209415 0.0325717180967331 0.0310629513114691 0.0329729355871677 0.0328333303332329 0.0408317558467388 0.0390595905482769 0.0371724367141724 0.061054315418005 0.0558859743177891 0.0907051041722298 0.0908166542649269 0.103884033858776 0.0984790772199631 0.0905406698584557 -3.4e+38 -3.4e+38 -3.4e+38 -3.4e+38 -3.4e+38 -3.4e+38 -3.4e+38 -3.4e+38 -3.4e+38 -3.4e+38 -3.4e+38 -3.4e+38
0.0532378144562244 0.0563333779573441 0.0552898645401001 0.0543895214796066 0.0731400325894356 0.0498505868017673 0.0368063114583492 0.0467984415590763 0.0402006953954697 0.0346317887306213 0.0392313078045845 0.0342787764966488 0.0348498113453388 0.0355557948350906 0.0313282273709774 0.0286895595490932 0.0295291356742382 0.0278113782405853 0.025805901736021 0.0256950613111258 0.0232532024383545 0.0287912487983704 0.0254112556576729 0.0268097929656506 0.0274639744311571 0.0261518452316523 0.0238886345177889 0.0261727385222912 0.0284952875226736 0.0293772835284472 0.0314856395125389 0.03310501947999 0.0349549390375614 0.0379964374005795 0.0461290404200554 0.0690536946058273 0.072001114487648 0.0786721780896187 0.086503230035305 0.0877250954508781 -3.4e+38 -3.4e+38 -3.4e+38 -3.4e+38 -3.4e+38 -3.4e+38 -3.4e+38 -3.4e+38 -3.4e+38 -3.4e+38 -3.4e+38 -3.4e+38 -3.4e+38
0.0442998595535755 0.0422758758068085 0.046215757727623 0.0456824861466885 0.0339382663369179 0.0425545461475849 0.0409326404333115 0.0313096269965172 0.0342409051954746 0.0296908672899008 0.0302902068942785 0.0268294494599104 0.0308642219752073 0.0241293385624886 0.0277781039476395 0.0285429563373327 0.026329942047596 0.0174333993345499 0.023993106558919 0.0229115895926952 0.0194523818790913 0.0216742604970932 0.0251652803272009 0.0256534870713949 0.0195435825735331 0.0224371291697025 0.0177069064229727 0.0190773084759712 0.0252034664154053 0.0270371921360493 0.0306313913315535 0.040348831564188 0.0428121872246265 0.0373177900910378 0.0499149672687054 0.0620628893375397 0.0652928873896599 0.072093553841114 0.0949293226003647 0.0874951928853989 -3.4e+38 -3.4e+38 -3.4e+38 -3.4e+38 -3.4e+38 -3.4e+38 -3.4e+38 -3.4e+38 -3.4e+38 -3.4e+38 -3.4e+38 -3.4e+38 -3.4e+38
0.0378978848457336 0.0373226217925549 0.0453443489968777 0.0446127690374851 0.0378886535763741 0.0284000504761934 0.0315897576510906 0.0240756385028362 0.0306619592010975 0.0298509914427996 0.0269670952111483 0.0229249242693186 0.0273092091083527 0.0246566757559776 0.0273772571235895 0.0205275248736143 0.0184688046574593 0.0198376607149839 0.0204491037875414 0.0177590809762478 0.0168751943856478 0.0192593820393085 0.0170375090092421 0.0199856236577034 0.0166101362556219 0.0144710801541805 0.0125823933631182 0.0187868140637875 0.0222201645374298 0.0263713262975216 0.0342817641794682 0.0336513966321945 0.0357083901762962 0.0345668122172356 0.02920738235116 0.0462928265333176 0.0559128932654858 0.0828688442707062 0.0788678675889969 -3.4e+38 -3.4e+38 -3.4e+38 0.0932036265730858 0.104586102068424 -3.4e+38 -3.4e+38 -3.4e+38 -3.4e+38 -3.4e+38 -3.4e+38 -3.4e+38 -3.4e+38 -3.4e+38
0.0421885810792446 0.0411105267703533 0.0471446290612221 0.0438586473464966 0.0371078066527843 0.0317311324179173 0.0315970107913017 0.0303087588399649 0.0233248807489872 0.0239299237728119 0.0207167193293571 0.0205459930002689 0.0188709273934364 0.0195583682507277 0.0194296054542065 0.018979636952281 0.0191120728850365 0.0221453960984945 0.0213977098464966 0.0154648590832949 0.0156669467687607 0.014141253195703 0.0148890716955066 0.0159301217645407 0.0110494773834944 0.011555134318769 0.0122027872130275 0.0147902937605977 0.0162708610296249 0.026589710265398 0.0253095347434282 0.0276669412851334 0.0300868544727564 0.0313547290861607 0.0342810824513435 0.0372000522911549 0.0633421614766121 0.0603041388094425 -3.4e+38 0.0640449523925781 0.104637630283833 0.0997261554002762 0.12652625143528 0.102900043129921 -3.4e+38 -3.4e+38 -3.4e+38 -3.4e+38 -3.4e+38 -3.4e+38 -3.4e+38 -3.4e+38 -3.4e+38
0.0191723983734846 0.0211932715028524 0.02365892380476 0.025813240557909 0.0249278824776411 0.024382695555687 0.0358780734241009 0.0266696717590094 0.0256226863712072 0.018143517896533 0.0211873855441809 0.0186671353876591 0.0167383719235659 0.0173308309167624 0.0156183615326881 0.0145963234826922 0.0140671189874411 0.014081965200603 0.0164935830980539 0.0161775071173906 0.0128215784206986 0.0153384041041136 0.016353091225028 0.0158857107162476 0.0152633413672447 0.0106245735660195 0.0128228850662708 0.0153467748314142 0.0149068925529718 0.0174165908247232 0.0195109192281961 0.0229415632784367 0.0262492578476667 0.0229350943118334 0.0351488403975964 0.0318636260926723 0.0446897745132446 -3.4e+38 -3.4e+38 0.0863647982478142 0.0783888846635818 0.0983602628111839 -3.4e+38 -3.4e+38 -3.4e+38 -3.4e+38 -3.4e+38 -3.4e+38 -3.4e+38 -3.4e+38 -3.4e+38 -3.4e+38 -3.4e+38
0.0176207851618528 0.0229504350572824 0.0227428879588842 0.020723532885313 0.0204313322901726 0.0248128157109022 0.0234527196735144 0.0213066898286343 0.0184455867856741 0.0174909420311451 0.0238719135522842 0.018563425168395 0.0153067223727703 0.0141887906938791 0.0102379452437162 0.0132626807317138 0.0136985965073109 0.0118062850087881 0.0156858712434769 0.0133718131110072 0.0126075828447938 0.0134657276794314 0.0148206483572721 0.015999548137188 0.0127070024609566 0.0134758399799466 0.0107911080121994 0.00951039046049118 0.00997650530189276 0.0133305108174682 0.0193833466619253 0.0198673717677593 0.0258190147578716 0.0268574506044388 0.0204536486417055 0.0298733711242676 -3.4e+38 -3.4e+38 -3.4e+38 -3.4e+38 -3.4e+38 -3.4e+38 -3.4e+38 -3.4e+38 -3.4e+38 -3.4e+38 -3.4e+38 -3.4e+38 -3.4e+38 -3.4e+38 -3.4e+38 -3.4e+38 -3.4e+38
0.0169360190629959 0.0185017716139555 0.0167398042976856 0.016073377802968 0.0156763177365065 0.0196814332157373 0.0152636682614684 0.0150010427460074 0.0105027137324214 0.0129989990964532 0.0122874528169632 0.0110609997063875 0.0152946878224611 0.0107856560498476 0.0112931430339813 0.010692534968257 0.0124657917767763 0.0131787825375795 0.022032318636775 0.0204402729868889 0.0125621054321527 0.011421768926084 0.0113444486632943 0.0110647417604923 0.0088695278391242 0.00798913836479187 0.0114888269454241 0.012244320474565 0.0116104921326041 0.0123022925108671 0.013640851713717 0.0144976330921054 0.020768640562892 0.0210059508681297 -3.4e+38 -3.4e+38 -3.4e+38 -3.4e+38 -3.4e+38 -3.4e+38 -3.4e+38 -3.4e+38 -3.4e+38 -3.4e+38 -3.4e+38 -3.4e+38 -3.4e+38 -3.4e+38 -3.4e+38 -3.4e+38 -3.4e+38 -3.4e+38 -3.4e+38
0.0106803942471743 0.0147774172946811 0.00866366736590862 0.0149721577763557 0.0153873115777969 0.0195083804428577 0.0151035916060209 0.0121245039626956 0.0120898308232427 0.010463492013514 0.00883869733661413 0.00642412947490811 0.00731719378381968 0.00841834582388401 0.0114741306751966 0.0189437512308359 0.0231276135891676 0.0214692074805498 0.0165328718721867 0.0104811126366258 0.0092728715389967 0.008388408459723 0.00854998826980591 0.00962489284574986 0.0102918902412057 0.0091847712174058 0.0132958693429828 0.0129851344972849 0.012114031240344 0.0141641926020384 0.0151180140674114 0.0138004831969738 0.0208852626383305 -3.4e+38 -3.4e+38 -3.4e+38 -3.4e+38 -3.4e+38 -3.4e+38 -3.4e+38 -3.4e+38 -3.4e+38 -3.4e+38 -3.4e+38 -3.4e+38 -3.4e+38 -3.4e+38 -3.4e+38 -3.4e+38 -3.4e+38 -3.4e+38 -3.4e+38 -3.4e+38
0.00693838065490127 0.00700070988386869 0.00629108212888241 0.00629345001652837 0.00632432987913489 0.00621165381744504 0.00848152209073305 0.00683804927393794 0.00679198000580072 0.00607277685776353 0.00560840358957648 0.0076683284714818 0.00725439563393593 0.00673977797850966 0.00668792007490993 0.00703914137557149 0.00835948809981346 0.00809643045067787 0.0106632160022855 0.0103891296312213 0.0101711824536324 0.0121019724756479 0.00850890763103962 0.00968628097325563 0.00879732146859169 0.0128380469977856 0.0127777103334665 0.0119336331263185 0.0158661808818579 0.0146711738780141 -3.4e+38 -3.4e+38 -3.4e+38 -3.4e+38 -3.4e+38 -3.4e+38 -3.4e+38 -3.4e+38 -3.4e+38 -3.4e+38 -3.4e+38 -3.4e+38 -3.4e+38 -3.4e+38 -3.4e+38 -3.4e+38 -3.4e+38 -3.4e+38 -3.4e+38 -3.4e+38 -3.4e+38 -3.4e+38 -3.4e+38
0.00447384640574455 0.00452646845951676 0.00457500573247671 0.00459511019289494 0.00493520824238658 0.00454833544790745 0.00616332655772567 0.00544825894758105 0.00492616416886449 0.00494670867919922 0.00591550255194306 0.00819149054586887 0.00726111279800534 0.00736160948872566 0.00609404919669032 0.0136713599786162 0.0118261873722076 0.00636261142790318 0.00597976287826896 0.00540405232459307 0.00603109830990434 0.0062556411139667 0.00950447469949722 0.00816593039780855 0.00796952936798334 0.0130047593265772 0.0119144571945071 0.0154937468469143 0.0166294742375612 -3.4e+38 -3.4e+38 -3.4e+38 -3.4e+38 -3.4e+38 -3.4e+38 -3.4e+38 -3.4e+38 -3.4e+38 -3.4e+38 -3.4e+38 -3.4e+38 -3.4e+38 -3.4e+38 -3.4e+38 -3.4e+38 -3.4e+38 -3.4e+38 -3.4e+38 -3.4e+38 -3.4e+38 -3.4e+38 -3.4e+38 -3.4e+38
0.00342630385421216 0.0031257695518434 0.00319876661524177 0.00319073209539056 0.00305458065122366 0.00494005810469389 0.00399212911725044 0.00329109677113593 0.00442716060206294 0.00539113162085414 0.00546932499855757 0.00449798814952374 0.00624514557421207 0.00470114639028907 0.00685616442933679 0.0071232826448977 0.00592421181499958 0.00633319653570652 0.00741402292624116 0.00663703354075551 0.00641551520675421 0.00641581602394581 0.00754100224003196 0.0077833840623498 0.00813694205135107 0.012308681383729 0.010849941521883 0.0150396982207894 0.0182476583868265 -3.4e+38 -3.4e+38 -3.4e+38 -3.4e+38 -3.4e+38 -3.4e+38 -3.4e+38 -3.4e+38 -3.4e+38 -3.4e+38 -3.4e+38 -3.4e+38 -3.4e+38 -3.4e+38 -3.4e+38 -3.4e+38 -3.4e+38 -3.4e+38 -3.4e+38 -3.4e+38 -3.4e+38 -3.4e+38 -3.4e+38 -3.4e+38
0.0037637553177774 0.00380121800117195 0.0038257681299001 0.00388297508470714 0.00323271378874779 0.00339201278984547 0.00441909255459905 0.00597176281735301 0.00316516892053187 0.00288803386501968 0.0038733605761081 0.00352139701135457 0.00352178956381977 0.00326671707443893 0.00333390175364912 0.00430277921259403 0.00455186795443296 0.00435064826160669 0.00381988217122853 0.00507690943777561 0.00516401790082455 0.00440918793901801 0.00775379734113812 0.00883469544351101 0.00803076103329659 0.0125928884372115 0.0138305351138115 0.0241020545363426 0.0255593080073595 -3.4e+38 -3.4e+38 -3.4e+38 -3.4e+38 -3.4e+38 -3.4e+38 -3.4e+38 -3.4e+38 -3.4e+38 -3.4e+38 -3.4e+38 -3.4e+38 -3.4e+38 -3.4e+38 -3.4e+38 -3.4e+38 -3.4e+38 -3.4e+38 -3.4e+38 -3.4e+38 -3.4e+38 -3.4e+38 -3.4e+38 -3.4e+38
0.00296041578985751 0.00302199716679752 0.00301898224279284 0.00307877431623638 0.00314254406839609 0.00270754401572049 0.00272293318994343 0.00268534990027547 0.00209947745315731 0.00206359941512346 0.00278021022677422 0.00277046067640185 0.00223352340981364 0.00204143859446049 0.00192903936840594 0.00198466423898935 0.00284183607436717 0.00277316686697304 0.00220050779171288 0.00338300340808928 0.00304160639643669 0.00311703537590802 0.00547258276492357 0.00619283225387335 0.00891879852861166 0.0101696942001581 0.014254474081099 0.0216106772422791 0.0205574203282595 0.020122904330492 -3.4e+38 -3.4e+38 -3.4e+38 -3.4e+38 -3.4e+38 -3.4e+38 -3.4e+38 -3.4e+38 -3.4e+38 -3.4e+38 -3.4e+38 -3.4e+38 -3.4e+38 -3.4e+38 -3.4e+38 -3.4e+38 -3.4e+38 -3.4e+38 -3.4e+38 -3.4e+38 -3.4e+38 -3.4e+38 -3.4e+38
0.00286373915150762 0.0032367839012295 0.00272245099768043 0.00273092347197235 0.00282791908830404 0.00311276665888727 0.00288468599319458 0.00229725963436067 0.00207397434860468 0.00178655097261071 0.00175302533898503 0.00162058812566102 0.00217124633491039 0.0019391052192077 0.00203190208412707 0.00167368887923658 0.00162964046467096 0.00266787805594504 0.00237255217507482 0.00235369568690658 0.00366365048103034 0.00296392547897995 0.00474478490650654 0.00472286576405168 0.00762761570513248 0.0122458878904581 0.0112328864634037 0.0193548668175936 0.0205464158207178 0.0200459454208612 0.0212530307471752 -3.4e+38 -3.4e+38 -3.4e+38 -3.4e+38 -3.4e+38 -3.4e+38 0.0290550366044044 0.0218181423842907 0.020867457613349 0.0208396576344967 -3.4e+38 -3.4e+38 -3.4e+38 -3.4e+38 -3.4e+38 -3.4e+38 -3.4e+38 -3.4e+38 -3.4e+38 -3.4e+38 -3.4e+38 -3.4e+38
0.00316500430926681 0.00312862964347005 0.00323214009404182 0.00128388497978449 0.00133496290072799 0.00248265196569264 0.0024737911298871 0.00244240206666291 0.0024640925694257 0.00197902950458229 0.0017487482400611 0.00173892138991505 0.00139518280047923 0.00122755288612098 0.00191531458403915 0.00160344957839698 0.0013628548476845 0.00147218781057745 0.00232553877867758 0.0025710416957736 0.00317521160468459 0.00455343304201961 0.00328841991722584 0.00457498477771878 0.00732573447749019 0.0103231891989708 0.0147422859445214 0.0150148589164019 0.0189728047698736 0.0188713315874338 0.0203181300312281 0.0211899466812611 -3.4e+38 -3.4e+38 -3.4e+38 -3.4e+38 0.0305425655096769 0.0303084217011929 0.023078104481101 0.0283219907432795 0.0178869441151619 -3.4e+38 -3.4e+38 -3.4e+38 -3.4e+38 -3.4e+38 -3.4e+38 -3.4e+38 -3.4e+38 -3.4e+38 -3.4e+38 -3.4e+38 -3.4e+38
0.00163245340809226 0.00167465244885534 0.00172240624669939 0.00173142796847969 0.00140472478233278 0.00129967473912984 0.00115945574361831 0.00114089832641184 0.00111361732706428 0.00237299525178969 0.00189492397475988 0.00163610826712102 0.00133259920403361 0.000963713566306978 0.000770880549680442 0.00155767402611673 0.00113933277316391 0.00198578531853855 0.00307730655185878 0.00248037115670741 0.0043646446429193 0.00617009401321411 0.00770319066941738 0.00515204994007945 0.00560244731605053 0.00783191062510014 0.0124981766566634 0.0126313883811235 0.0160332396626472 0.0174879804253578 0.0170318242162466 0.0201973579823971 0.0189323425292969 0.026871345937252 -3.4e+38 0.0253290012478828 0.0315708480775356 0.0279692448675632 0.023234011605382 0.0212274398654699 -3.4e+38 -3.4e+38 -3.4e+38 -3.4e+38 -3.4e+38 -3.4e+38 -3.4e+38 -3.4e+38 -3.4e+38 -3.4e+38 -3.4e+38 -3.4e+38 -3.4e+38
0.00173683534376323 0.0017432828899473 0.00176147907041013 0.0018450953066349 0.00186631153337657 0.00186534400563687 0.00135915365535766 0.00137753691524267 0.00135723990388215 0.00108086515683681 0.000946027925238013 0.001437519909814 0.00147171167191118 0.00129073997959495 0.00096090161241591 0.000768015335779637 0.00127489503938705 0.00110849528573453 0.00193517457228154 0.00305631873197854 0.00241716182790697 0.00337828230112791 0.00384452939033508 0.0053786737844348 0.00602633645758033 0.0095012066885829 0.0105426460504532 0.014202238060534 0.011098800227046 0.0123540312051773 0.0171791296452284 0.0181484185159206 0.0177088901400566 0.0144969522953033 0.0204672105610371 0.0157869607210159 0.0181171204894781 -3.4e+38 0.0192681066691875 0.0168333724141121 0.015898684039712 0.0102652441710234 -3.4e+38 -3.4e+38 -3.4e+38 -3.4e+38 -3.4e+38 -3.4e+38 -3.4e+38 -3.4e+38 -3.4e+38 -3.4e+38 -3.4e+38
