data/climate_estimation/maxent_output/Colchicum_balansae.asc
NCOLS 119 
NROWS 92 
XLLCORNER 27.6666666666667 
YLLCORNER 31.5833333333333 
CELLSIZE 0.0833333333333333 
NODATA_value -3.4e+38 
[rows 25 to 49 of 92, columns 56 to 111 of 119]
0.91542261838913 0.90779173374176 0.90946239233017 0.895034193992615 0.877197325229645 0.840066254138947 0.847163319587708 0.862001299858093 0.790448665618896 0.725986480712891 0.71381938457489 0.725874841213226 0.753969073295593 0.749596297740936 0.749915897846222 0.760574102401733 0.790164411067963 0.827135026454926 0.833125174045563 0.858854115009308 0.892953336238861 0.900907039642334 0.889492034912109 0.887815237045288 0.875597953796387 0.817930281162262 0.805499076843262 0.837310135364532 0.844291865825653 0.83915650844574 0.865316987037659 0.846518754959106 0.849761605262756 0.822556614875793 0.791712939739227 0.753905475139618 0.727725207805634 0.686329007148743 0.676903903484344 0.60366952419281 0.554720044136047 0.514541149139404 0.50867223739624 0.534570515155792 0.569354355335236 0.650147974491119 0.694671988487244 0.783239006996155 0.870680868625641 0.910272002220154 0.89914083480835 0.91007137298584 0.925561189651489 0.909304141998291 0.910543501377106 0.912547767162323
0.923421144485474 0.931187689304352 0.907589375972748 0.890662252902985 0.887531757354736 0.850916266441345 0.829750895500183 0.844322264194489 0.843436062335968 0.819209516048431 0.787516355514526 0.782038629055023 0.769885301589966 0.776199579238892 0.824636161327362 0.829538226127625 0.857788443565369 0.853711724281311 0.869526743888855 0.889752805233002 0.909754693508148 0.908885359764099 0.889943182468414 0.871243536472321 0.817732214927673 0.802011489868164 0.828561425209045 0.863298356533051 0.906843721866608 0.900356233119965 0.912192583084106 0.901204168796539 0.878604054450989 0.857539236545563 0.805053412914276 0.803135812282562 0.785733342170715 0.753666520118713 0.734786987304688 0.677856028079987 0.638462126255035 0.550197541713715 0.553254187107086 0.592032670974731 0.630693912506104 0.650105893611908 0.774173378944397 0.87088668346405 0.925553143024445 0.915687203407288 0.923102736473083 0.940683662891388 0.926479518413544 0.915320038795471 0.924509644508362 0.912954866886139
0.937872707843781 0.933734893798828 0.927880465984344 0.936498284339905 0.931986451148987 0.897969603538513 0.870412707328796 0.821678817272186 0.796672582626343 0.829358041286469 0.842096984386444 0.832098960876465 0.824005424976349 0.821984589099884 0.816005110740662 0.8474942445755 0.871229588985443 0.873028755187988 0.875547051429749 0.864250183105469 0.872937321662903 0.875597238540649 0.843500316143036 0.847161769866943 0.839951992034912 0.840796768665314 0.871500432491302 0.9303297996521 0.956493258476257 0.934832572937012 0.953890204429626 0.943558871746063 0.921574175357819 0.906727015972137 0.876351594924927 0.841288566589355 0.821649849414825 0.829059839248657 0.795657515525818 0.750054121017456 0.729105412960052 0.620775282382965 0.629552721977234 0.657965004444122 0.649789035320282 0.628613352775574 0.77419775724411 0.921970367431641 0.921079397201538 0.942931354045868 0.94692200422287 0.936832070350647 0.928002536296844 0.929892718791962 0.914629340171814 0.90764594078064
0.932933747768402 0.947163462638855 0.947620451450348 0.930166363716125 0.932599127292633 0.932773232460022 0.919102549552917 0.912215828895569 0.840632319450378 0.798572897911072 0.817728281021118 0.828005254268646 0.859051406383514 0.814414262771606 0.842879474163055 0.855550169944763 0.876448273658752 0.86413985490799 0.857636570930481 0.856717109680176 0.878917455673218 0.825826525688171 0.849592983722687 0.846133530139923 0.880363881587982 0.912343561649323 0.956814289093018 0.972579479217529 0.977758526802063 0.97112762928009 0.968768775463104 0.95422625541687 0.949890434741974 0.938594579696655 0.924580812454224 0.907912850379944 0.893097579479218 0.860941231250763 0.878257274627686 0.818156003952026 0.802715539932251 0.732092916965485 0.690377175807953 0.702065646648407 -3.4e+38 0.632952332496643 0.726235091686249 0.909648060798645 0.937417149543762 0.945217311382294 0.943231403827667 0.941433012485504 0.929919004440308 0.941727817058563 0.924601078033447 0.910564005374908
0.931155204772949 0.939712345600128 0.946687400341034 0.934130370616913 0.930261790752411 0.936110258102417 0.926754772663116 0.920337080955505 0.90313458442688 0.804506361484528 0.796416461467743 0.802845060825348 0.845712721347809 0.85586804151535 0.856332719326019 0.856004357337952 0.867291450500488 0.857288122177124 0.84567391872406 0.842568039894104 0.850673615932465 0.847791492938995 0.868932366371155 0.885858118534088 0.938341677188873 0.960546851158142 0.986403942108154 0.99236136674881 0.988135755062103 0.979002118110657 0.976352274417877 0.974246382713318 0.966551244258881 0.957194685935974 0.953439474105835 0.94739156961441 0.919319033622742 0.891950130462646 0.857810080051422 0.83726841211319 0.816926181316376 0.800236165523529 0.759067356586456 -3.4e+38 -3.4e+38 -3.4e+38 0.772791504859924 0.948960602283478 0.964204013347626 0.949488878250122 0.935452401638031 0.945942401885986 0.954742729663849 0.947296023368835 0.923473417758942 0.893349230289459
0.943074464797974 0.934016644954681 0.940629184246063 0.938863694667816 0.906206429004669 0.88024765253067 0.931876420974731 0.923721373081207 0.916319310665131 0.858139514923096 0.817311584949493 0.780208051204681 0.807842791080475 0.801495671272278 0.845344603061676 0.851698398590088 0.827870190143585 0.851356446743011 0.866284787654877 0.844138205051422 0.850421547889709 0.850175619125366 0.918204486370087 0.955649793148041 0.987300992012024 0.988554060459137 0.992442905902863 -3.4e+38 -3.4e+38 -3.4e+38 0.984567999839783 0.984555900096893 0.982735693454742 0.96042263507843 0.961395502090454 0.961866438388824 0.960641145706177 0.943428695201874 0.913963079452515 0.894630193710327 0.874423325061798 -3.4e+38 -3.4e+38 -3.4e+38 -3.4e+38 -3.4e+38 0.898320615291595 0.952475607395172 0.963815927505493 0.955447494983673 0.939283549785614 0.938261449337006 0.959558010101318 0.939652264118195 0.907801270484924 0.888178884983063
0.947160959243774 0.942405760288239 0.94349193572998 0.92463755607605 0.905847668647766 0.882947266101837 0.880059897899628 0.916791260242462 0.892998695373535 0.885424911975861 0.830114245414734 0.803231298923492 0.822560966014862 0.848527908325195 0.829011797904968 0.873983025550842 0.862436711788177 0.886448740959167 0.882238566875458 0.882901668548584 0.878661334514618 0.914441347122192 0.962998509407043 0.979651927947998 0.989776909351349 0.990776896476746 -3.4e+38 -3.4e+38 -3.4e+38 -3.4e+38 -3.4e+38 -3.4e+38 -3.4e+38 0.97916054725647 0.970692694187164 0.974583685398102 0.978074431419373 0.976526439189911 0.950817465782166 0.930484235286713 -3.4e+38 -3.4e+38 -3.4e+38 -3.4e+38 -3.4e+38 0.955229759216309 0.940236985683441 0.967716693878174 0.964468836784363 0.93211704492569 0.950094044208527 0.962162375450134 0.950242280960083 0.927930057048798 0.905132234096527 0.895280838012695
0.946383833885193 0.93433278799057 0.940204799175262 0.932029008865356 0.929685235023499 0.915945589542389 0.88506954908371 0.867759466171265 0.871858358383179 0.869483113288879 0.856289446353912 0.860782027244568 0.844509243965149 0.843051552772522 0.869979381561279 0.874928891658783 0.877359926700592 0.882751524448395 0.887022197246552 0.904865324497223 0.918375372886658 0.954656481742859 0.982320427894592 0.987966895103455 -3.4e+38 -3.4e+38 -3.4e+38 -3.4e+38 -3.4e+38 -3.4e+38 -3.4e+38 -3.4e+38 -3.4e+38 -3.4e+38 -3.4e+38 0.980587124824524 0.984937250614166 -3.4e+38 0.956021547317505 -3.4e+38 -3.4e+38 -3.4e+38 -3.4e+38 -3.4e+38 0.959752202033997 0.962024509906769 0.96242219209671 0.975213885307312 0.959823846817017 0.954764664173126 0.94213193655014 0.960916638374329 0.950246810913086 0.919924020767212 0.901739537715912 0.914433777332306
0.941787421703339 0.935324549674988 0.946018517017365 0.949051856994629 0.941010534763336 0.947519958019257 0.920229196548462 0.900389909744263 0.899691104888916 0.900453090667725 0.891289532184601 0.860661149024963 0.850036561489105 0.86040985584259 0.886792004108429 0.904699802398682 0.891154944896698 0.916488885879517 0.929713785648346 0.932334959506989 0.961219847202301 0.982912719249725 0.988958597183228 -3.4e+38 -3.4e+38 -3.4e+38 -3.4e+38 -3.4e+38 -3.4e+38 -3.4e+38 -3.4e+38 -3.4e+38 -3.4e+38 -3.4e+38 -3.4e+38 -3.4e+38 -3.4e+38 -3.4e+38 -3.4e+38 -3.4e+38 -3.4e+38 -3.4e+38 0.977834701538086 0.974155843257904 0.971827149391174 0.976631224155426 0.97441565990448 0.977006614208221 0.982621908187866 0.960030436515808 0.971623480319977 0.95300018787384 0.933345258235931 0.914238333702087 0.903160810470581 0.911128103733063
0.935380339622498 0.934001088142395 0.94763845205307 0.957939863204956 0.948362767696381 0.942464828491211 0.935130715370178 0.917303144931793 0.906420588493347 0.891857981681824 0.889516115188599 0.873948693275452 0.868913054466248 0.893048763275146 0.871580123901367 0.893398225307465 0.915152907371521 0.93582957983017 0.961142003536224 0.981311798095703 0.982337772846222 0.986176371574402 -3.4e+38 -3.4e+38 -3.4e+38 -3.4e+38 -3.4e+38 -3.4e+38 -3.4e+38 -3.4e+38 -3.4e+38 -3.4e+38 -3.4e+38 -3.4e+38 -3.4e+38 -3.4e+38 -3.4e+38 -3.4e+38 -3.4e+38 -3.4e+38 -3.4e+38 0.986801266670227 0.982193410396576 0.976552724838257 0.979341864585876 0.981977105140686 0.980243980884552 0.988221764564514 0.985177457332611 0.974740147590637 0.966602683067322 0.946317076683044 0.93696802854538 0.892004370689392 0.916429698467255 0.907960116863251
0.946599364280701 0.938784658908844 0.927508592605591 0.932007610797882 0.940437614917755 0.902913331985474 0.922172605991364 0.915930569171906 0.883046805858612 0.915359497070312 0.902240395545959 0.890985727310181 0.862438082695007 0.892968952655792 0.890575885772705 0.901868522167206 0.911023199558258 0.95406311750412 0.975885033607483 0.984180808067322 0.979885280132294 0.982718765735626 -3.4e+38 -3.4e+38 -3.4e+38 -3.4e+38 -3.4e+38 -3.4e+38 -3.4e+38 -3.4e+38 -3.4e+38 -3.4e+38 -3.4e+38 -3.4e+38 -3.4e+38 -3.4e+38 -3.4e+38 -3.4e+38 -3.4e+38 -3.4e+38 -3.4e+38 0.974984109401703 0.981827855110168 0.98856520652771 0.982490956783295 0.988652229309082 0.994330227375031 0.992089927196503 0.988408863544464 0.984685242176056 0.964610755443573 0.953030288219452 0.936388254165649 0.93414568901062 0.922697246074677 0.898599088191986
0.953960120677948 0.925474643707275 0.92995822429657 0.933350682258606 0.903591275215149 0.904590606689453 0.911917746067047 0.898138642311096 0.89259147644043 0.894994854927063 0.876926481723785 0.893179595470428 0.891095042228699 0.8974649310112 0.888921976089478 0.906603991985321 0.928581357002258 0.957205653190613 -3.4e+38 0.983065128326416 -3.4e+38 -3.4e+38 -3.4e+38 -3.4e+38 -3.4e+38 -3.4e+38 -3.4e+38 -3.4e+38 -3.4e+38 -3.4e+38 -3.4e+38 -3.4e+38 -3.4e+38 -3.4e+38 -3.4e+38 -3.4e+38 -3.4e+38 -3.4e+38 -3.4e+38 -3.4e+38 -3.4e+38 -3.4e+38 0.985056698322296 0.981711268424988 0.988494992256165 0.995078861713409 0.987690806388855 0.985439360141754 0.986638188362122 0.980557501316071 0.964785516262054 0.961578726768494 0.94305807352066 0.920528054237366 0.901699006557465 0.868646085262299
-3.4e+38 0.937801420688629 0.932027041912079 0.923291563987732 0.904078960418701 0.909230411052704 0.910890698432922 0.910266578197479 0.911270499229431 0.891053318977356 0.882790565490723 0.898007869720459 0.893826544284821 0.907700836658478 0.914904654026031 0.913754045963287 0.942647039890289 -3.4e+38 -3.4e+38 -3.4e+38 -3.4e+38 -3.4e+38 -3.4e+38 -3.4e+38 -3.4e+38 -3.4e+38 -3.4e+38 -3.4e+38 -3.4e+38 -3.4e+38 -3.4e+38 -3.4e+38 -3.4e+38 -3.4e+38 -3.4e+38 -3.4e+38 -3.4e+38 -3.4e+38 -3.4e+38 -3.4e+38 -3.4e+38 -3.4e+38 0.991419315338135 0.991883516311646 0.993835151195526 0.991035103797913 0.992127656936646 0.989872395992279 0.98455685377121 0.978317677974701 0.977778196334839 0.964743435382843 0.936566531658173 0.896910429000854 0.867355763912201 0.830084621906281
-3.4e+38 -3.4e+38 -3.4e+38 0.93677419424057 0.91524875164032 0.937038898468018 0.927055656909943 -3.4e+38 -3.4e+38 0.909312188625336 -3.4e+38 -3.4e+38 -3.4e+38 -3.4e+38 -3.4e+38 -3.4e+38 -3.4e+38 -3.4e+38 -3.4e+38 -3.4e+38 -3.4e+38 -3.4e+38 -3.4e+38 -3.4e+38 -3.4e+38 -3.4e+38 -3.4e+38 -3.4e+38 -3.4e+38 -3.4e+38 -3.4e+38 -3.4e+38 -3.4e+38 -3.4e+38 -3.4e+38 -3.4e+38 -3.4e+38 -3.4e+38 -3.4e+38 -3.4e+38 -3.4e+38 -3.4e+38 -3.4e+38 0.997238576412201 0.989134252071381 0.989620208740234 0.986363768577576 0.988441050052643 0.98230767250061 0.974172949790955 0.975581765174866 0.949569523334503 0.922793328762054 0.884278416633606 0.849184572696686 0.791139364242554
-3.4e+38 -3.4e+38 -3.4e+38 -3.4e+38 -3.4e+38 -3.4e+38 -3.4e+38 -3.4e+38 -3.4e+38 -3.4e+38 -3.4e+38 -3.4e+38 -3.4e+38 -3.4e+38 -3.4e+38 -3.4e+38 -3.4e+38 -3.4e+38 -3.4e+38 -3.4e+38 -3.4e+38 -3.4e+38 -3.4e+38 -3.4e+38 -3.4e+38 -3.4e+38 -3.4e+38 -3.4e+38 -3.4e+38 -3.4e+38 -3.4e+38 -3.4e+38 -3.4e+38 -3.4e+38 -3.4e+38 -3.4e+38 -3.4e+38 -3.4e+38 -3.4e+38 -3.4e+38 -3.4e+38 -3.4e+38 0.994160354137421 0.989605844020844 0.984650492668152 0.987744212150574 0.987380564212799 0.98602157831192 0.975078701972961 0.975810885429382 0.961258053779602 0.952119171619415 0.917143821716309 0.873611092567444 0.822116255760193 0.772646188735962
-3.4e+38 -3.4e+38 -3.4e+38 -3.4e+38 -3.4e+38 -3.4e+38 -3.4e+38 -3.4e+38 -3.4e+38 -3.4e+38 -3.4e+38 -3.4e+38 -3.4e+38 -3.4e+38 -3.4e+38 -3.4e+38 -3.4e+38 -3.4e+38 -3.4e+38 -3.4e+38 -3.4e+38 -3.4e+38 -3.4e+38 -3.4e+38 -3.4e+38 -3.4e+38 -3.4e+38 -3.4e+38 -3.4e+38 -3.4e+38 -3.4e+38 -3.4e+38 -3.4e+38 -3.4e+38 -3.4e+38 -3.4e+38 -3.4e+38 -3.4e+38 -3.4e+38 -3.4e+38 -3.4e+38 0.995813846588135 0.994490325450897 0.984938383102417 0.982040464878082 0.98337584733963 0.982125818729401 0.981729805469513 0.978191494941711 0.957202434539795 0.969249308109283 0.951988399028778 0.916612386703491 0.856640338897705 0.798216342926025 0.743719637393951
-3.4e+38 -3.4e+38 -3.4e+38 -3.4e+38 -3.4e+38 -3.4e+38 -3.4e+38 -3.4e+38 -3.4e+38 -3.4e+38 -3.4e+38 -3.4e+38 -3.4e+38 -3.4e+38 -3.4e+38 -3.4e+38 -3.4e+38 -3.4e+38 -3.4e+38 -3.4e+38 -3.4e+38 -3.4e+38 -3.4e+38 -3.4e+38 -3.4e+38 -3.4e+38 -3.4e+38 -3.4e+38 -3.4e+38 -3.4e+38 -3.4e+38 -3.4e+38 -3.4e+38 -3.4e+38 -3.4e+38 -3.4e+38 -3.4e+38 -3.4e+38 -3.4e+38 -3.4e+38 -3.4e+38 -3.4e+38 0.992235720157623 0.980842471122742 0.977208316326141 0.974582612514496 0.983799815177917 0.977844774723053 0.965216815471649 0.955112040042877 0.972160398960114 0.963536381721497 0.897571504116058 0.842036604881287 0.792820274829865 0.730394184589386
-3.4e+38 -3.4e+38 -3.4e+38 -3.4e+38 -3.4e+38 -3.4e+38 -3.4e+38 -3.4e+38 -3.4e+38 -3.4e+38 -3.4e+38 -3.4e+38 -3.4e+38 -3.4e+38 -3.4e+38 -3.4e+38 -3.4e+38 -3.4e+38 -3.4e+38 -3.4e+38 -3.4e+38 -3.4e+38 -3.4e+38 -3.4e+38 -3.4e+38 -3.4e+38 0.978352963924408 0.982094705104828 -3.4e+38 -3.4e+38 -3.4e+38 -3.4e+38 -3.4e+38 -3.4e+38 -3.4e+38 -3.4e+38 -3.4e+38 -3.4e+38 -3.4e+38 -3.4e+38 -3.4e+38 0.989623725414276 0.988950848579407 0.980289876461029 0.980507433414459 0.980812788009644 0.994948506355286 0.963450253009796 0.940458655357361 0.972801089286804 0.966129720211029 0.95206218957901 0.903057515621185 0.814424276351929 0.773563146591187 0.713561356067657
-3.4e+38 -3.4e+38 -3.4e+38 -3.4e+38 -3.4e+38 -3.4e+38 -3.4e+38 -3.4e+38 -3.4e+38 -3.4e+38 -3.4e+38 -3.4e+38 -3.4e+38 -3.4e+38 -3.4e+38 -3.4e+38 -3.4e+38 -3.4e+38 -3.4e+38 -3.4e+38 -3.4e+38 -3.4e+38 -3.4e+38 0.9467653632164 0.95856511592865 0.970476090908051 0.978865325450897 -3.4e+38 -3.4e+38 -3.4e+38 -3.4e+38 -3.4e+38 -3.4e+38 -3.4e+38 -3.4e+38 -3.4e+38 -3.4e+38 -3.4e+38 -3.4e+38 -3.4e+38 0.990244448184967 0.989162921905518 0.982737720012665 0.984970808029175 0.960973143577576 0.988357365131378 0.997657477855682 0.948133647441864 0.936142385005951 0.975427448749542 0.958638727664948 0.924948453903198 0.894155502319336 0.807650029659271 0.764649033546448 0.709372580051422
-3.4e+38 -3.4e+38 -3.4e+38 -3.4e+38 -3.4e+38 -3.4e+38 -3.4e+38 -3.4e+38 -3.4e+38 -3.4e+38 -3.4e+38 -3.4e+38 -3.4e+38 -3.4e+38 -3.4e+38 -3.4e+38 -3.4e+38 -3.4e+38 -3.4e+38 -3.4e+38 -3.4e+38 0.930239737033844 0.949137449264526 0.958167731761932 0.953700482845306 0.9609055519104 -3.4e+38 -3.4e+38 -3.4e+38 -3.4e+38 -3.4e+38 -3.4e+38 -3.4e+38 -3.4e+38 -3.4e+38 -3.4e+38 -3.4e+38 -3.4e+38 -3.4e+38 -3.4e+38 -3.4e+38 0.985096752643585 0.979845464229584 0.972617387771606 0.968510389328003 0.989461839199066 0.995874881744385 0.930954158306122 0.914538681507111 0.9447141289711 0.907816767692566 0.886848211288452 0.807500183582306 0.76595664024353 0.732084572315216 0.711800873279572
-3.4e+38 -3.4e+38 -3.4e+38 -3.4e+38 -3.4e+38 -3.4e+38 -3.4e+38 -3.4e+38 -3.4e+38 -3.4e+38 -3.4e+38 -3.4e+38 -3.4e+38 -3.4e+38 -3.4e+38 -3.4e+38 -3.4e+38 -3.4e+38 0.897510409355164 0.910322368144989 0.913779437541962 0.928332567214966 0.938224613666534 0.951424121856689 -3.4e+38 -3.4e+38 -3.4e+38 -3.4e+38 -3.4e+38 -3.4e+38 -3.4e+38 -3.4e+38 -3.4e+38 -3.4e+38 -3.4e+38 -3.4e+38 -3.4e+38 -3.4e+38 -3.4e+38 -3.4e+38 -3.4e+38 -3.4e+38 0.977889716625214 0.97867876291275 0.971814930438995 0.988266706466675 0.994421362876892 0.903732538223267 0.883433520793915 0.861804842948914 0.85095351934433 0.817081212997437 0.792398869991302 0.75077486038208 0.686251938343048 0.668068110942841
-3.4e+38 -3.4e+38 -3.4e+38 -3.4e+38 -3.4e+38 -3.4e+38 -3.4e+38 0.855660021305084 0.796841740608215 0.813704609870911 0.831268489360809 0.873532772064209 0.884571611881256 -3.4e+38 0.836406290531158 0.846955895423889 0.876545369625092 0.891019821166992 0.89539098739624 0.902489125728607 0.91259092092514 0.927797079086304 -3.4e+38 -3.4e+38 -3.4e+38 -3.4e+38 -3.4e+38 -3.4e+38 -3.4e+38 -3.4e+38 -3.4e+38 -3.4e+38 -3.4e+38 -3.4e+38 -3.4e+38 -3.4e+38 -3.4e+38 -3.4e+38 -3.4e+38 -3.4e+38 -3.4e+38 -3.4e+38 -3.4e+38 0.974726498126984 0.974483251571655 0.986859440803528 0.997667849063873 0.891727447509766 0.829468429088593 0.812554001808167 0.790316998958588 0.768563389778137 0.709351480007172 0.674745082855225 0.665561258792877 0.665326774120331
-3.4e+38 -3.4e+38 -3.4e+38 -3.4e+38 -3.4e+38 -3.4e+38 -3.4e+38 0.825861990451813 0.738103628158569 0.718046963214874 0.716294288635254 0.745998084545135 0.792482912540436 0.814809262752533 0.852927684783936 0.847683250904083 0.835018694400787 0.851636350154877 0.882703244686127 0.898698151111603 0.908509194850922 -3.4e+38 -3.4e+38 -3.4e+38 -3.4e+38 -3.4e+38 -3.4e+38 -3.4e+38 -3.4e+38 -3.4e+38 -3.4e+38 -3.4e+38 -3.4e+38 -3.4e+38 -3.4e+38 -3.4e+38 -3.4e+38 -3.4e+38 -3.4e+38 -3.4e+38 -3.4e+38 -3.4e+38 -3.4e+38 0.977651298046112 0.979022324085236 0.996726214885712 0.998854577541351 0.982884585857391 0.831858277320862 0.793854057788849 0.770648777484894 0.737302601337433 0.694692611694336 0.66600227355957 0.676165699958801 0.671585857868195
-3.4e+38 -3.4e+38 0.856277763843536 0.798329055309296 0.829600811004639 0.832579731941223 0.812438428401947 0.791682481765747 0.749575614929199 0.658962666988373 0.582298815250397 0.593842804431915 0.673118710517883 0.759427011013031 0.783537268638611 0.821162045001984 0.835675954818726 0.875928521156311 0.876710414886475 -3.4e+38 -3.4e+38 -3.4e+38 -3.4e+38 -3.4e+38 -3.4e+38 -3.4e+38 -3.4e+38 -3.4e+38 -3.4e+38 -3.4e+38 -3.4e+38 -3.4e+38 -3.4e+38 -3.4e+38 -3.4e+38 -3.4e+38 -3.4e+38 -3.4e+38 -3.4e+38 -3.4e+38 -3.4e+38 -3.4e+38 -3.4e+38 0.977963447570801 0.986356437206268 0.99743241071701 0.998189449310303 0.995790600776672 0.876165807247162 0.816258132457733 0.787625908851624 0.758785903453827 0.661813199520111 0.665723502635956 0.715157449245453 0.71065765619278
-3.4e+38 -3.4e+38 0.811930596828461 0.808117210865021 0.764876067638397 0.78260612487793 0.744832575321198 0.709135770797729 0.680653512477875 0.64231264591217 0.620434522628784 0.598414719104767 0.656052052974701 0.750201225280762 0.798892557621002 0.820915043354034 0.862220048904419 0.863446235656738 0.864666521549225 0.888592958450317 -3.4e+38 -3.4e+38 -3.4e+38 -3.4e+38 -3.4e+38 -3.4e+38 -3.4e+38 -3.4e+38 -3.4e+38 -3.4e+38 -3.4e+38 -3.4e+38 -3.4e+38 -3.4e+38 -3.4e+38 -3.4e+38 -3.4e+38 -3.4e+38 -3.4e+38 -3.4e+38 -3.4e+38 -3.4e+38 0.989374756813049 0.990053713321686 0.993486404418945 0.996753215789795 0.99782657623291 0.997802197933197 0.939628541469574 0.891734063625336 0.835625886917114 0.769748628139496 0.683350741863251 0.653599977493286 0.657252311706543 0.698667168617249
