data/climate_estimation/maxent_output/Colchicum_luteum.asc
NCOLS 103 
NROWS 105 
XLLCORNER 68.0833333333333 
YLLCORNER 33.5833333333333 
CELLSIZE 0.0833333333333333 
NODATA_value -3.4e+38 
[rows 38 to 56 of 105, columns 0 to 43 of 103]
0.997732162475586 0.995858073234558 0.996179759502411 0.998956680297852 0.984970390796661 0.997973740100861 0.999105036258698 0.998830616474152 0.998828053474426 0.998552441596985 0.998948752880096 0.999513268470764 0.999554932117462 0.999567687511444 0.9996657371521 0.999608874320984 0.999541938304901 0.999738097190857 0.999132394790649 0.999807715415955 0.999923944473267 0.999920070171356 0.999979257583618 0.999970316886902 0.997889161109924 0.758485376834869 0.998948752880096 0.999987304210663 0.998813092708588 0.999099731445312 0.967592000961304 0.904739379882812 0.785089552402496 0.707690417766571 0.907684087753296 0.97528487443924 0.999529361724854 0.999995589256287 0.999996721744537 0.999999403953552 0.999999821186066 0.999996900558472 0.999979436397552 0.999959588050842
0.995929539203644 0.997937321662903 0.998358547687531 0.996328294277191 0.998337805271149 0.995646357536316 0.998603999614716 0.998323321342468 0.993534684181213 0.997184932231903 0.999449372291565 0.997522175312042 0.99912565946579 0.999509632587433 0.999286770820618 0.995272159576416 0.99972665309906 0.999408364295959 0.999767482280731 0.999817252159119 0.999922931194305 0.999981105327606 0.999941349029541 0.966053247451782 0.759480834007263 0.615222275257111 0.894130527973175 0.67549329996109 0.7106614112854 0.785550951957703 0.874261140823364 0.937932729721069 0.995373249053955 0.999971210956573 0.999997556209564 0.999999105930328 0.999999642372131 0.999998569488525 0.999999940395355 0.99999988079071 0.9999960064888 0.999999821186066 1 0.999999940395355
0.995480954647064 0.995800852775574 0.996520638465881 0.996399164199829 0.995810985565186 0.996316432952881 0.998607039451599 0.997940897941589 0.98807567358017 0.998528599739075 0.99897962808609 0.999157130718231 0.999557435512543 0.998381972312927 0.952864587306976 0.998317003250122 0.999378859996796 0.99971741437912 0.999855279922485 0.999134659767151 0.999810934066772 0.998733878135681 0.99785989522934 0.78549712896347 0.419817864894867 0.744008898735046 0.931226313114166 0.974668800830841 0.999890804290771 0.999997794628143 0.99999988079071 0.99999988079071 0.999999105930328 0.99999988079071 0.999998450279236 0.999998331069946 0.999999940395355 0.99999988079071 0.999999940395355 0.999999940395355 0.99999862909317 1 0.999999940395355 0.99999737739563
0.995501339435577 0.991942584514618 0.995064556598663 0.972303628921509 0.996492862701416 0.996659874916077 0.998002290725708 0.994787335395813 0.745265960693359 0.750712156295776 0.894715130329132 0.998400449752808 0.998841762542725 0.996516585350037 0.781646013259888 0.993560194969177 0.999159634113312 0.930857121944427 0.937556624412537 0.99963253736496 0.914519309997559 0.608087360858917 0.475137054920197 0.433194875717163 0.536813795566559 0.99602222442627 0.999922215938568 0.997166991233826 0.999621033668518 0.999997913837433 0.999999463558197 0.999997973442078 0.998289167881012 0.990581870079041 0.995303690433502 0.999983906745911 0.999986886978149 1 0.999999940395355 0.999996840953827 0.999999642372131 0.999988675117493 1 0.999999940395355
0.995220363140106 0.957967340946198 0.992702722549438 0.834397792816162 0.974784076213837 0.994212687015533 0.935204148292542 0.797445952892303 0.452973663806915 0.639464318752289 0.968654692173004 0.994792401790619 0.990350067615509 0.984423160552979 0.728063642978668 0.786051571369171 0.798017382621765 0.985352456569672 0.965596139431 0.890087902545929 0.673126935958862 0.372204631567001 0.944418966770172 0.991673707962036 0.955894649028778 0.751133739948273 0.807933270931244 0.977806329727173 0.999997138977051 0.999998807907104 0.983609974384308 0.951566219329834 0.995175123214722 0.999967753887177 0.999999940395355 0.99999988079071 0.999991714954376 0.999975681304932 0.999999403953552 1 1 0.999999940395355 0.999999940395355 1
0.962727963924408 0.642375469207764 0.705320298671722 0.255611211061478 0.737304091453552 0.423780381679535 0.265054225921631 0.302100419998169 0.211429059505463 0.747261106967926 0.914882063865662 0.861538171768188 0.574916243553162 0.591125726699829 0.43368011713028 0.673114895820618 0.986115455627441 0.951596260070801 0.74473112821579 0.554246246814728 0.352934867143631 0.90685623884201 0.932226181030273 0.990130364894867 0.999532043933868 0.994618713855743 0.973495900630951 0.948324799537659 0.887773633003235 0.937112629413605 0.973862707614899 0.997698962688446 0.999994099140167 0.999998807907104 0.999999821186066 0.999999940395355 1 0.999998092651367 0.99999862909317 0.999999821186066 0.999999582767487 0.999999761581421 1 1
0.157282650470734 0.101581431925297 0.0953298583626747 0.14725635945797 0.282341718673706 0.11361275613308 0.142273485660553 0.103613317012787 0.0842088982462883 0.150177404284477 0.168798446655273 0.165581062436104 0.122790187597275 0.298249393701553 0.660272002220154 0.657034635543823 0.721200823783875 0.843400180339813 0.936324894428253 0.486073970794678 0.870752036571503 0.765794813632965 0.557693958282471 0.767013847827911 0.95412802696228 0.991901218891144 0.998261332511902 0.991795539855957 0.985762357711792 0.999165534973145 0.999966561794281 0.999994993209839 0.999997556209564 0.999947130680084 1 0.999999821186066 0.999999940395355 0.999999940395355 0.999999940395355 1 0.999999940395355 0.999990463256836 0.999999940395355 1
0.0332577340304852 0.0209977831691504 0.026535376906395 0.0333970412611961 0.0357524119317532 0.033282246440649 0.0388572700321674 0.0349198281764984 0.0374739207327366 0.0425367951393127 0.0519562065601349 0.0600037202239037 0.114989340305328 0.14239889383316 0.209515675902367 0.3341925740242 0.795361757278442 0.886698007583618 0.460541725158691 0.772266268730164 0.755832314491272 0.508519053459167 0.631126403808594 0.842209756374359 0.943890631198883 0.958361029624939 0.897399008274078 0.999531745910645 0.999991357326508 0.99999862909317 0.999998927116394 0.999999403953552 0.996018946170807 0.999995291233063 0.999976873397827 0.999779760837555 0.999997973442078 0.999999940395355 0.999999940395355 0.999999761581421 0.999987423419952 0.999985456466675 0.999999403953552 0.977820336818695
0.0144026195630431 0.0171069577336311 0.0303610749542713 0.0462600067257881 0.0665834918618202 0.0458237901329994 0.0294480212032795 0.0306246131658554 0.0317974984645844 0.0971232652664185 0.0955506861209869 0.160147562623024 0.130751758813858 0.205814272165298 0.179026082158089 0.381441205739975 0.447196215391159 0.223357394337654 0.405364662408829 0.429290980100632 0.338149785995483 0.447805404663086 0.63144463300705 0.726516783237457 0.752466976642609 0.704106330871582 0.959362328052521 0.999944567680359 0.999985635280609 0.99999463558197 0.999979555606842 0.999561429023743 0.668965816497803 0.682752907276154 0.672431409358978 0.849852979183197 0.999985873699188 1 1 0.999999940395355 0.999999940395355 0.9999058842659 0.995157718658447 0.999999940395355
0.0111755887046456 0.0223685279488564 0.0423648878931999 0.0561752058565617 0.0656781420111656 0.057048212736845 0.0723936855792999 0.0526132918894291 0.176690444350243 0.167354643344879 0.0799312442541122 0.0801273807883263 0.103480465710163 0.0828811824321747 0.0578252114355564 0.0926334336400032 0.127507328987122 0.517437100410461 0.243355229496956 0.154749900102615 0.228678926825523 0.358349651098251 0.416108399629593 0.484184086322784 0.521395444869995 0.859853625297546 0.999683201313019 0.999634444713593 0.999989926815033 0.99999463558197 0.892898380756378 0.906904280185699 0.999977767467499 0.990968465805054 0.999995231628418 0.997840821743011 0.98496800661087 0.992982983589172 0.999999105930328 0.999997854232788 0.915694117546082 0.999997079372406 1 0.999994158744812
0.0178327783942223 0.0316016152501106 0.0407441072165966 0.0698083341121674 0.0470833815634251 0.123287059366703 0.115462876856327 0.0977800861001015 0.116467110812664 0.0511891692876816 0.0180314630270004 0.0240887980908155 0.0829360485076904 0.349803060293198 0.0710828304290771 0.0713412836194038 0.273547679185867 0.124356798827648 0.10071700066328 0.0891656652092934 0.203025728464127 0.238469675183296 0.318346977233887 0.320082008838654 0.557780623435974 0.987066745758057 0.969198048114777 0.999961912631989 0.998715937137604 0.916670620441437 0.849856972694397 0.999994993209839 0.999975740909576 0.990420341491699 0.999956667423248 0.999999523162842 0.999999642372131 0.99624240398407 0.824805557727814 0.657375872135162 0.999997675418854 0.999999642372131 0.999999523162842 0.999998450279236
0.0186008755117655 0.0338024720549583 0.0761429741978645 0.0305321924388409 0.0438422076404095 0.110183544456959 0.0715581029653549 0.0370360165834427 0.0415039993822575 0.0159867331385612 0.0136750536039472 0.0355054847896099 0.0920479968190193 0.170744106173515 0.105202175676823 0.178985521197319 0.085784874856472 0.073396623134613 0.0588338747620583 0.0973334610462189 0.206555083394051 0.149340122938156 0.211234495043755 0.307086139917374 0.682731091976166 0.96543550491333 0.837847292423248 0.999922096729279 0.99994695186615 0.541350126266479 0.99996680021286 0.999992907047272 0.99999612569809 0.999989032745361 0.999990105628967 0.999994099140167 0.999997854232788 0.999998092651367 0.999926626682281 0.857093632221222 0.999444842338562 0.99999612569809 0.99999862909317 0.999999701976776
0.0287316683679819 0.0339411906898022 0.0717790126800537 0.0107835112139583 0.0334103219211102 0.145427241921425 0.0236094668507576 0.0150467846542597 0.0135432276874781 0.0106921875849366 0.0162291284650564 0.0767583549022675 0.110095590353012 0.0398110747337341 0.0252059232443571 0.0328345410525799 0.0382965244352818 0.0628825575113297 0.0444164276123047 0.114703059196472 0.0921780467033386 0.0693698972463608 0.146343216300011 0.17372065782547 0.850140750408173 0.620244681835175 0.983611702919006 0.999843239784241 0.505940198898315 0.866688191890717 0.999934554100037 0.999980986118317 0.999989807605743 0.999988436698914 0.999997198581696 0.999997556209564 0.999991238117218 0.999998509883881 0.986281156539917 0.965181648731232 0.999995827674866 0.999999284744263 0.999997913837433 0.999998927116394
0.0750324130058289 0.098707526922226 0.0128333512693644 0.013220589607954 0.141055315732956 0.11015310138464 0.0183933917433023 0.00767082441598177 0.0073592527769506 0.00786597188562155 0.0732834190130234 0.0263448003679514 0.0249865669757128 0.0282605588436127 0.0162737611681223 0.0180891044437885 0.0454405769705772 0.0373263694345951 0.0339998193085194 0.0399684719741344 0.0302813015878201 0.0586799271404743 0.11207739263773 0.343538701534271 0.826589822769165 0.248435467481613 0.918388903141022 0.568966150283813 0.722913384437561 0.999930083751678 0.999945938587189 0.999932169914246 0.999977111816406 0.999998450279236 0.999997973442078 0.99995893239975 0.999998986721039 0.999603092670441 0.999915778636932 0.999993801116943 0.999995112419128 0.999997913837433 0.999995946884155 0.999950349330902
0.139848306775093 0.0394406169652939 0.00600459706038237 0.033803291618824 0.186962723731995 0.0306676086038351 0.011693088337779 0.00469882180914283 0.00471883406862617 0.00716152740642428 0.0443494096398354 0.0152021637186408 0.0338895730674267 0.0298257563263178 0.0145162837579846 0.0445244312286377 0.0522393733263016 0.0250424109399319 0.0219174567610025 0.0208450295031071 0.01776416413486 0.0474286861717701 0.201623141765594 0.666117131710052 0.298014104366302 0.0894631594419479 0.500336110591888 0.998838186264038 0.999735176563263 0.985125660896301 0.993675708770752 0.999926686286926 0.999869406223297 0.99999725818634 0.999991834163666 0.999992847442627 0.999836623668671 0.870775640010834 0.921109616756439 0.999994277954102 0.987601101398468 0.871758699417114 0.978023409843445 0.997296094894409
0.0968570336699486 0.00975497160106897 0.00806859135627747 0.0845945999026299 0.0801281929016113 0.0504768677055836 0.00415111891925335 0.00359300523996353 0.00470932759344578 0.00438260054215789 0.0124703049659729 0.0119820004329085 0.0358341187238693 0.0160273164510727 0.0110653089359403 0.0313249751925468 0.0292549040168524 0.0124623095616698 0.01075981836766 0.00970256607979536 0.0155822671949863 0.0574777275323868 0.239151641726494 0.6739901304245 0.311774671077728 0.0475059300661087 0.876102447509766 0.999355494976044 0.999608337879181 0.999889194965363 0.999918758869171 0.999857246875763 0.999898791313171 0.999969899654388 0.999981105327606 0.99987781047821 0.99350368976593 0.999951839447021 0.979144692420959 0.989385604858398 0.999935507774353 0.99992710351944 0.994163870811462 0.999977827072144
0.019093455746770 0.00733845215290785 0.0157806649804115 0.0743079781532288 0.0204327180981636 0.0319509841501713 0.00300687202252448 0.00303911464288831 0.00311001180671155 0.00460050208494067 0.00788632314652205 0.00759502965956926 0.0255038682371378 0.0114658232778311 0.00932260695844889 0.0165932700037956 0.0149990133941174 0.00700560165569186 0.00670751975849271 0.0106387566775084 0.0235046669840813 0.120487801730633 0.436357408761978 0.795396685600281 0.480188488960266 0.0972739979624748 0.165588110685349 0.986471593379974 0.997708022594452 0.999768376350403 0.999928951263428 0.999789834022522 0.999890089035034 0.99995481967926 0.999707520008087 0.985669493675232 0.999041616916656 0.99998140335083 0.999942302703857 0.999972820281982 0.999955534934998 0.985374689102173 0.999303042888641 0.999973893165588
0.00527556287124753 0.00801195856183767 0.0142971938475966 0.0167834665626287 0.00870351307094097 0.00767498277127743 0.00353294052183628 0.00327233388088644 0.00330945989117026 0.00420407485216856 0.00448823533952236 0.00588243920356035 0.0137706641107798 0.00997820217162371 0.00799283944070339 0.0111748492345214 0.010152492672205 0.00586706912145019 0.0149640925228596 0.0168078523129225 0.0534077621996403 0.0620190538465977 0.197134658694267 0.445161283016205 0.791623592376709 0.388541042804718 0.105395689606667 0.51540732383728 0.985936462879181 0.999213576316833 0.999369561672211 0.998886287212372 0.999731421470642 0.999331772327423 0.988002777099609 0.972301959991455 0.999893307685852 0.999936103820801 0.999953985214233 0.999816000461578 0.999901115894318 0.866544425487518 0.999854683876038 0.999474823474884
0.00339015806093812 0.0056077241897583 0.0128334769979119 0.00624183844774961 0.00448799692094326 0.00613116892054677 0.0024370679166168 0.0031679745297879 0.00299105234444141 0.00448382552713156 0.00508526433259249 0.00466609140858054 0.023306405171752 0.0173820834606886 0.012391054071486 0.00588515307754278 0.00474102748557925 0.00522733759135008 0.00470664678141475 0.00611487403512001 0.0170084368437529 0.0133575163781643 0.0245478991419077 0.107941180467606 0.206709384918213 0.0673378333449364 0.0698983147740364 0.254832804203033 0.741525113582611 0.913746416568756 0.952407479286194 0.997815132141113 0.999494254589081 0.996844708919525 0.99785578250885 0.997620105743408 0.999701201915741 0.999935686588287 0.999821305274963 0.999888360500336 0.999388217926025 0.961008131504059 0.999628603458405 0.99984735250473
