data/climate_estimation/maxent_output/Colchicum_luteum.asc
NCOLS 103 
NROWS 105 
XLLCORNER 68.0833333333333 
YLLCORNER 33.5833333333333 
CELLSIZE 0.0833333333333333 
NODATA_value -3.4e+38 
[rows 19 to 37 of 105, columns 44 to 87 of 103]
0.132668077945709 0.125736653804779 0.112018436193466 0.127785295248032 0.125561937689781 0.114198289811611 0.128024891018867 0.192971676588058 0.213740020990372 0.188671767711639 0.205012038350105 0.202624127268791 0.241873309016228 0.223670989274979 0.260586589574814 0.353811115026474 0.364339798688889 0.354124963283539 0.515221893787384 0.426003009080887 0.432020962238312 0.537405848503113 0.542758822441101 0.678153514862061 0.148445278406143 0.0483823120594025 0.0183042921125889 0.0136288600042462 0.0119501175358891 0.0322112254798412 0.0102765588089824 0.00430816365405917 0.0150148347020149 0.022461699321866 0.0867440849542618 0.092588946223259 0.0907101929187775 0.0244250129908323 0.0668741390109062 0.0452880524098873 0.0266884304583073 0.00437184004113078 0.00511208362877369 0.0248265229165554
0.106302954256535 0.111423715949059 0.125666335225105 0.113994181156158 0.126979768276215 0.121673591434956 0.166658461093903 0.160340130329132 0.163578376173973 0.202578872442245 0.224984660744667 0.257810652256012 0.283350855112076 0.284985333681107 0.328463196754456 0.400368481874466 0.416356176137924 0.5187668800354 0.630835115909576 0.573326051235199 0.41092187166214 0.418951839208603 0.42924976348877 0.450030565261841 0.157219648361206 0.130196616053581 0.113731414079666 0.0433156713843346 0.047488771378994 0.0961024090647697 0.08176089823246 0.0224906001240015 0.00755709270015359 0.00722185103222728 0.0113435667008162 0.0082422336563468 0.043980747461319 0.059801135212183 0.0487572699785233 0.0430748835206032 0.00790290627628565 0.0244819335639477 0.0268526747822762 0.00767231779173017
0.114584349095821 0.105882294476032 0.111078977584839 0.123212710022926 0.111064001917839 0.164903447031975 0.150036498904228 0.157512038946152 0.202533483505249 0.342604845762253 0.312056839466095 0.353069961071014 0.31557685136795 0.344380110502243 0.464620053768158 0.527076721191406 0.500979781150818 0.639134287834167 0.74851256608963 0.783603847026825 0.709592342376709 0.553617477416992 0.513142883777618 0.521300673484802 0.531027913093567 0.157192036509514 0.131288751959801 0.125076234340668 0.103411689400673 0.0274898018687963 0.0167573131620884 0.0463956817984581 0.00792075134813786 0.00440628733485937 0.00320735806599259 0.00582050438970327 0.00650385161861777 0.00623476644977927 0.00868237484246492 0.0276520289480686 0.0287917777895927 0.0232966355979443 0.0249650981277227 0.0186103545129299
0.144837230443954 0.138454869389534 0.12446852773428 0.176956936717033 0.166133478283882 0.172280788421631 0.190571427345276 0.234755963087082 0.28428128361702 0.345971345901489 0.377456486225128 0.419136434793472 0.455198526382446 0.489326000213623 0.595609784126282 0.610999226570129 0.681589066982269 0.530745506286621 0.556897699832916 0.812017142772675 0.950784921646118 0.884844779968262 0.195481851696968 0.173989281058311 0.153369754552841 0.01422836817801 0.0218822974711657 0.140282064676285 0.156343936920166 0.165503785014153 0.096654087305069 0.0808293968439102 0.0153945405036211 0.0309980176389217 0.0189302675426006 0.00857920106500387 0.00703150359913707 0.0299772713333368 0.00597603619098663 0.00314143649302423 0.0119436169043183 0.0138850379735231 0.0248164739459753 0.0276526194065809
0.158227071166039 0.186320424079895 0.203762054443359 0.218272119760513 0.241928905248642 0.311892360448837 0.438909232616425 0.500868380069733 0.504533469676971 0.452374219894409 0.473649382591248 0.561465680599213 0.663991510868073 0.620317101478577 0.6110759973526 0.806529343128204 0.766717970371246 0.83388876914978 0.671939313411713 0.566760182380676 0.628486037254333 0.867645144462585 0.219286173582077 0.163219794631004 0.0400670282542706 0.103480771183968 0.153394356369972 0.0734215527772903 0.16584300994873 0.169223353266716 0.170091941952705 0.117405824363232 0.0792653635144234 0.0968446582555771 0.0573032423853874 0.0260570179671049 0.00548642966896296 0.00630308920517564 0.0420540198683739 0.0408422760665417 0.0558083914220333 0.0331357009708881 0.0358435735106468 0.0413725897669792
0.19120229780674 0.204249367117882 0.256061345338821 0.307693988084793 0.354764699935913 0.420333236455917 0.496946960687637 0.589082539081573 0.661997973918915 0.624033808708191 0.503255367279053 0.552270531654358 0.671417117118835 0.738185048103333 0.616622686386108 0.690279245376587 0.72035676240921 0.830458641052246 0.876400113105774 0.739932000637054 0.532960057258606 0.795103251934052 0.207413971424103 0.108400546014309 0.0111510055139661 0.00999872013926506 0.0351055003702641 0.124327264726162 0.165885329246521 0.192358255386353 0.198057740926743 0.188240602612495 0.152683243155479 0.0971018299460411 0.0658439174294472 0.0314442589879036 0.0305048525333405 0.0193637534976006 0.0260584354400635 0.0328748822212219 0.0476018264889717 0.0638029873371124 0.0564256235957146 0.0435187257826328
0.243300080299377 0.286394655704498 0.325922429561615 0.425513386726379 0.48445925116539 0.569039881229401 0.752865850925446 0.837571442127228 0.940435290336609 0.868149757385254 0.775858104228973 0.740673542022705 0.776904106140137 0.95658951997757 0.896920740604401 0.965769112110138 0.95495992898941 0.968523740768433 0.967057228088379 0.963624238967896 0.895543932914734 0.247013971209526 0.210240766406059 0.1053177267313 0.0449626035988331 0.432126522064209 0.0201826635748148 0.0357051156461239 0.0882614105939865 0.109397940337658 0.11464649438858 0.156054094433784 0.076691098511219 0.0724622011184692 0.0774400979280472 0.0551327653229237 0.0315359383821487 0.0183707419782877 0.0202874075621367 0.0381826274096966 0.0418738313019276 0.0678917989134789 0.0752512067556381 0.0562566816806793
0.641581773757935 0.728373110294342 0.724751174449921 0.814814507961273 0.71795654296875 0.980876207351685 0.998110353946686 0.982085227966309 0.981983542442322 0.984901070594788 0.971901476383209 0.98998486995697 0.98747193813324 0.977793276309967 0.912990391254425 0.95525050163269 0.934019386768341 0.983547449111938 0.93798440694809 0.96595174074173 0.926800310611725 0.256796926259995 0.162440493702888 0.0818404108285904 0.408981531858444 0.414459705352783 0.360402971506119 0.010072223842144 0.0176976770162582 0.0162484031170607 0.0512717142701149 0.0655997842550278 0.0383412949740887 0.0373013280332088 0.0725433677434921 0.0660324394702911 0.0384619869291782 0.020980516448617 0.021263612434268 0.0458487831056118 0.0343866162002087 0.0320419408380985 0.0509307272732258 0.0998109504580498
0.725863099098206 0.89403885602951 0.928047895431519 0.85475355386734 0.821332514286041 0.995337784290314 0.999537169933319 0.998774886131287 0.995132267475128 0.990260064601898 0.984365999698639 0.975102126598358 0.967602849006653 0.979506254196167 0.943641722202301 0.960968554019928 0.898364782333374 0.918096423149109 0.885621070861816 0.930524230003357 0.958576858043671 0.276301085948944 0.92890477180481 0.841481149196625 0.3862664103508 0.473928153514862 0.360749840736389 0.0130767971277237 0.0266589373350143 0.0539163090288639 0.0864939987659454 0.0692140609025955 0.0564609952270985 0.0764127150177956 0.123549439013004 0.0610022284090519 0.0252468641847372 0.021935660392046 0.0367425344884396 0.0450752452015877 0.067135401070118 0.0282386112958193 0.0289236083626747 0.0669893696904182
0.970224857330322 0.997596859931946 0.999922215938568 0.999297916889191 0.949021577835083 0.999570608139038 0.999593913555145 0.997866868972778 0.996173679828644 0.986634433269501 0.96993213891983 0.971988797187805 0.97053587436676 0.966043293476105 0.932334065437317 0.959185481071472 0.918587148189545 0.828833222389221 0.81439620256424 0.914570152759552 0.974498569965363 0.975363373756409 0.800115823745728 0.743126392364502 0.497988045215607 0.0250637326389551 0.39150807261467 0.0549939647316933 0.0901045352220535 0.0981095284223557 0.156414195895195 0.159392565488815 0.198925375938416 0.0805874690413475 0.0574044249951839 0.0376092381775379 0.0321026928722858 0.0531875416636467 0.0357956923544407 0.0593903288245201 0.084644727408886 0.0582051910459995 0.0657543540000916 0.0426389314234257
0.999965071678162 0.99996554851532 0.999923348426819 0.999935626983643 0.998769581317902 0.999635994434357 0.99914014339447 0.991377472877502 0.986576676368713 0.984802603721619 0.97498631477356 0.972326636314392 0.955154299736023 0.929156064987183 0.945323586463928 0.942723751068115 0.898228228092194 0.858908712863922 0.949957847595215 0.940192520618439 0.943782389163971 0.874670326709747 0.707839965820312 0.583228051662445 0.0338685549795628 0.519168674945831 0.0463152155280113 0.122151717543602 0.149477869272232 0.136553034186363 0.233547806739807 0.222148582339287 0.178735598921776 0.14375938475132 0.118977390229702 0.076559916138649 0.0528396405279636 0.0698783919215202 0.0956133529543877 0.0591856315732002 0.105976469814777 0.063201978802681 0.0817045345902443 0.0877092406153679
0.999855101108551 0.999945044517517 0.999913513660431 0.999981880187988 0.999940931797028 0.999671638011932 0.998864650726318 0.996359884738922 0.996024250984192 0.974747836589813 0.96808397769928 0.967696905136108 0.959390938282013 0.932690978050232 0.930962800979614 0.910992503166199 0.884859383106232 0.934924840927124 0.883709907531738 0.844488084316254 0.83544921875 0.70789235830307 0.780140995979309 0.61388224363327 0.660728931427002 0.634212613105774 0.110365748405457 0.218445092439651 0.193536818027496 0.220920532941818 0.211613148450851 0.208633422851562 0.203656107187271 0.198778539896011 0.181886062026024 0.1838468760252 0.211338311433792 0.166817590594292 0.13874252140522 0.126618087291718 0.115962207317352 0.115201160311699 0.14132621884346 0.113249331712723
0.99997615814209 0.999972999095917 0.999971270561218 0.999984800815582 0.999932527542114 0.999755680561066 0.999453246593475 0.997712433338165 0.998262107372284 0.994169294834137 0.990624189376831 0.968079090118408 0.9852175116539 0.965545296669006 0.979048252105713 0.953775465488434 0.932739496231079 0.963720560073853 0.940560758113861 0.939396798610687 0.908843100070953 0.882841408252716 0.607841372489929 0.485585033893585 0.713504612445831 0.0993175357580185 0.184600859880447 0.122391670942307 0.149417892098427 0.113184422254562 0.139053955674171 0.181538224220276 0.187287762761116 0.248080044984818 0.211758196353912 0.236414939165115 0.221924647688866 0.212093859910965 0.19204406440258 0.183486893773079 0.195787072181702 0.146396353840828 0.156434491276741 0.133901685476303
0.999994814395905 0.999983072280884 0.999976098537445 0.999981343746185 0.999975144863129 0.999760329723358 0.999838650226593 0.999422669410706 0.992912411689758 0.991995871067047 0.98646491765976 0.987423539161682 0.976557970046997 0.988967180252075 0.969073891639709 0.968569040298462 0.935557663440704 0.955829560756683 0.9065962433815 0.908084988594055 0.847362101078033 0.874063611030579 0.55607283115387 0.734093487262726 0.83039402961731 0.672058165073395 0.391660124063492 0.0322508774697781 0.0508003458380699 0.0793806910514832 0.0977500602602959 0.149480640888214 0.203922376036644 0.195607542991638 0.203561961650848 0.194406777620316 0.191631853580475 0.222602844238281 0.196515217423439 0.271293073892593 0.183599397540092 0.142360225319862 0.142740875482559 0.136398375034332
0.999988198280334 0.999984562397003 0.999981641769409 0.999673366546631 0.999841928482056 0.999256491661072 0.986855804920197 0.983321368694305 0.989866018295288 0.987682461738586 0.992734789848328 0.976016521453857 0.981951653957367 0.953296542167664 0.967665433883667 0.963307440280914 0.895286619663239 0.888637363910675 0.86435341835022 0.861944437026978 0.788297355175018 0.730829656124115 0.754148662090302 0.647529661655426 0.56675136089325 0.319484382867813 0.428646743297577 0.435279875993729 0.511438608169556 0.0194823462516069 0.0645850002765656 0.190963134169579 0.143082946538925 0.111541345715523 0.0779761523008347 0.110779523849487 0.146396473050117 0.162519380450249 0.18963423371315 0.213452503085136 0.248829662799835 0.236589953303337 0.167651191353798 0.144326314330101
0.993613183498383 0.99910968542099 0.999685108661652 0.999974966049194 0.999990522861481 0.999945163726807 0.999947369098663 0.99947452545166 0.999395787715912 0.997699320316315 0.997613728046417 0.990869522094727 0.988822519779205 0.973273396492004 0.963135421276093 0.906085908412933 0.912910163402557 0.883708596229553 0.733364284038544 0.606908023357391 0.457185238599777 0.317251831293106 0.400597035884857 0.564001619815826 0.544199705123901 0.212377652525902 0.21595573425293 0.36752387881279 0.0278276726603508 0.112641051411629 0.173643127083778 0.133252903819084 0.0545832328498363 0.0410541258752346 0.0612323842942715 0.136743992567062 0.177157297730446 0.155914410948753 0.213243156671524 0.211108893156052 0.243794977664948 0.152861297130585 0.139224082231522 0.202271431684494
0.999996602535248 0.999991416931152 0.999996483325958 0.9999960064888 0.999984920024872 0.999992251396179 0.999977469444275 0.999554753303528 0.997631013393402 0.991168439388275 0.981436192989349 0.942175209522247 0.852636635303497 0.714677155017853 0.702750146389008 0.670076072216034 0.818545520305634 0.84570986032486 0.875168979167938 0.753115057945251 0.678059816360474 0.655491292476654 0.646833062171936 0.411387801170349 0.451616406440735 0.396272271871567 0.740519642829895 0.774616479873657 0.0634657144546509 0.0305938329547644 0.038974042981863 0.045615017414093 0.0366759151220322 0.101419776678085 0.106035828590393 0.198653146624565 0.14553065598011 0.196066752076149 0.171140223741531 0.179475381970406 0.242071539163589 0.26662665605545 0.369576901197433 0.308448493480682
0.99999874830246 0.999994218349457 0.999952077865601 0.999947726726532 0.999815165996552 0.999985694885254 0.999943017959595 0.999658703804016 0.999436855316162 0.996695220470428 0.996105909347534 0.987298250198364 0.926460921764374 0.707695722579956 0.748880922794342 0.771510541439056 0.766282260417938 0.877213060855865 0.891508042812347 0.785140216350555 0.711962521076202 0.585942924022675 0.63043624162674 0.699927151203156 0.317495286464691 0.466388881206512 0.39054149389267 0.596043288707733 0.317659497261047 0.197704657912254 0.190144211053848 0.27648463845253 0.0119296265766025 0.0437085032463074 0.0910297334194183 0.0434622168540955 0.052719134837389 0.116912342607975 0.171729117631912 0.164409458637238 0.179624155163765 0.285220623016357 0.276399224996567 0.628408908843994
0.999998033046722 0.999996066093445 0.999997735023499 0.999994814395905 0.999996721744537 0.999994218349457 0.999984323978424 0.999978542327881 0.99981302022934 0.998090147972107 0.998820424079895 0.959508895874023 0.964052021503448 0.971054375171661 0.892022490501404 0.951232373714447 0.887365162372589 0.918892979621887 0.927800595760345 0.817040383815765 0.753740251064301 0.637700378894806 0.576639592647552 0.584178149700165 0.621446073055267 0.429914474487305 0.712405681610107 0.651235640048981 0.713015258312225 0.655019521713257 0.600409626960754 0.0125348391011357 0.0100419688969851 0.0054384209215641 0.00746609270572662 0.0267450399696827 0.0818705335259438 0.0299189537763596 0.0512101799249649 0.128545179963112 0.183645188808441 0.155474588274956 0.206884995102882 0.213946282863617
