data/climate_estimation/maxent_output/Colchicum_autumnale.asc
NCOLS 413 
NROWS 224 
XLLCORNER -7.58333333333333 
YLLCORNER 36.0833333333333 
CELLSIZE 0.0833333333333333 
NODATA_value -3.4e+38 
[rows 105 to 125 of 224, columns 188 to 234 of 413]
0.770967304706573 0.696900963783264 0.824867606163025 0.889997661113739 0.820606827735901 0.854339778423309 0.782958209514618 0.843500018119812 0.836151957511902 0.821747481822968 0.809337377548218 0.841317296028137 0.8513343334198 0.850439190864563 0.758159935474396 0.798179864883423 0.879237711429596 0.747256934642792 0.875578343868256 0.864683449268341 0.600749552249908 0.694851934909821 0.836045265197754 0.669093906879425 0.827084600925446 0.825556516647339 0.637658834457397 0.688398480415344 0.422129034996033 0.604527413845062 0.806545376777649 0.724834144115448 0.797728776931763 0.562532544136047 0.718047380447388 0.76915043592453 0.577117025852203 0.809385418891907 0.765815496444702 0.694335460662842 0.590407073497772 0.632160723209381 0.78594958782196 0.600450038909912 0.64196652173996 0.700241267681122 0.564792454242706
0.754811644554138 0.830929279327393 0.82914799451828 0.881344616413116 0.887274563312531 0.726803064346313 0.614957928657532 0.794347763061523 0.86312860250473 0.831000208854675 0.826009750366211 0.85615611076355 0.849380195140839 0.866288542747498 0.850499153137207 0.790038645267487 0.875793218612671 0.875766754150391 0.864434540271759 0.85971474647522 0.830778181552887 0.84211140871048 0.799517214298248 0.829430401325226 0.774543583393097 0.776971042156219 0.683641493320465 0.561243891716003 0.633859515190125 0.789582431316376 0.786087810993195 0.831199407577515 0.790953159332275 0.199056327342987 0.672803103923798 0.216351807117462 0.824495792388916 0.745683133602142 0.821401119232178 0.759385585784912 0.81089723110199 0.808422148227692 0.778755843639374 0.721075236797333 0.817466735839844 0.573582231998444 0.25341933965683
0.86011815071106 0.882242381572723 0.882694840431213 0.852528631687164 0.842588901519775 0.628350138664246 0.514833927154541 0.550894677639008 0.640407681465149 0.704375922679901 0.71122533082962 0.635643124580383 0.748125433921814 0.62649530172348 0.501038074493408 0.55274897813797 0.690105676651001 0.794004499912262 0.629861950874329 0.706866383552551 0.745657742023468 0.587164103984833 0.782087504863739 0.346617341041565 0.737510502338409 0.828863680362701 0.828126549720764 0.811587393283844 0.816616833209991 0.693110167980194 0.815610468387604 0.739123702049255 0.241591259837151 0.835921883583069 0.722995042800903 0.683080554008484 0.808535814285278 0.796937644481659 0.70137345790863 0.539759457111359 0.716352880001068 0.727040469646454 0.619398772716522 0.291566401720047 0.222495973110199 0.198151409626007 0.215916126966476
0.827610015869141 0.871821463108063 0.724327206611633 0.7779141664505 0.571416974067688 0.521143853664398 0.438156098127365 0.455914825201035 0.510709524154663 0.495219200849533 0.512642562389374 0.477900743484497 0.436583429574966 0.400051295757294 0.406027168035507 0.384649962186813 0.325990527868271 0.300096571445465 0.261526346206665 0.285167247056961 0.316552400588989 0.353407382965088 0.586414337158203 0.32806470990181 0.549355745315552 0.695241570472717 0.715621829032898 0.458864450454712 0.530919909477234 0.746350824832916 0.590455234050751 0.260601788759232 0.75691956281662 0.837356746196747 0.73219496011734 0.794274926185608 0.708332419395447 0.717300176620483 0.361385554075241 0.201561868190765 0.166944816708565 0.167046874761581 0.15377613902092 0.158146902918816 0.165090128779411 0.173045307397842 0.189050957560539
0.851424872875214 0.66517585515976 0.56180065870285 0.502751529216766 0.461059361696243 0.410996407270432 0.368515014648438 0.30995973944664 0.326839447021484 0.339902549982071 0.321388810873032 0.292615056037903 0.266697496175766 0.249900996685028 0.249981701374054 0.249172300100327 0.23181363940239 0.197947144508362 0.197072952985764 0.185934901237488 0.172966808080673 0.178146868944168 0.178804486989975 0.181016698479652 0.287557870149612 0.301774144172668 0.573978185653687 0.400113612413406 0.277244091033936 0.263449311256409 0.148280888795853 0.198748037219048 0.641654670238495 0.423428684473038 0.687463700771332 0.788565754890442 0.788144052028656 0.655148029327393 0.369090378284454 0.239027440547943 0.164648592472076 0.151786327362061 0.146708056330681 0.150461256504059 0.154758647084236 0.16125063598156 0.185292989015579
0.470462948083878 0.404492944478989 0.39183321595192 0.367810428142548 0.357180088758469 0.324544459581375 0.297657459974289 0.256868034601212 0.243557065725327 0.252031177282333 0.231752797961235 0.194946125149727 0.156566709280014 0.151192545890808 0.17124579846859 0.183262214064598 0.160814419388771 0.155661046504974 0.146101772785187 0.134696945548058 0.134387984871864 0.130330368876457 0.132281512022018 0.135435447096825 0.132018834352493 0.140216439962387 0.221773043274879 0.221335873007774 0.17835234105587 0.140343561768532 0.125977411866188 0.140656679868698 0.180864095687866 0.267867267131805 0.314282208681107 0.369408994913101 0.423946142196655 0.373073786497116 0.294361025094986 0.192676588892937 0.165254727005959 0.155389025807381 0.147350981831551 0.148085176944733 0.149207815527916 0.165743887424469 0.180593460798264
0.384909123182297 0.332638800144196 0.318875640630722 0.308355182409286 0.297499090433121 0.276145190000534 0.256991922855377 0.229195043444633 0.213767379522324 0.202233955264091 0.174527123570442 0.150584772229195 0.117904826998711 0.118187300860882 0.158696934580803 0.161267310380936 0.144620165228844 0.122461013495922 0.11760102212429 0.112295150756836 0.102963723242283 0.104883410036564 0.105502583086491 0.107700303196907 0.112722851336002 0.121713906526566 0.129992976784706 0.135968044400215 0.138136178255081 0.131287544965744 0.128163769841194 0.134942337870598 0.159471333026886 0.173552230000496 0.234198242425919 0.229179367423058 0.235240757465363 0.22033779323101 0.175636440515518 0.174050495028496 0.181454807519913 0.200523391366005 0.142674654722214 0.140471935272217 0.132463917136192 0.141048580408096 0.161356911063194
0.323184758424759 0.308711469173431 0.295810967683792 0.284658849239349 0.277675241231918 0.270497649908066 0.264836609363556 0.232633948326111 0.214629396796227 0.188678100705147 0.175021857023239 0.145837232470512 0.127105504274368 0.132723063230515 0.150952264666557 0.142249390482903 0.12685415148735 0.105949737131596 0.0960559546947479 0.0911678001284599 0.0898367613554001 0.0868979468941689 0.0877152308821678 0.0890137180685997 0.0950041636824608 0.103761114180088 0.108652144670486 0.110012114048004 0.118473961949348 0.12927670776844 0.132970362901688 0.131865754723549 0.137821108102798 0.147983476519585 0.195772618055344 0.202736988663673 0.190700262784958 0.160660177469254 0.143669754266739 0.141821041703224 0.164455726742744 0.148651212453842 0.143934413790703 0.145951002836227 0.131411731243134 0.145873233675957 0.165882468223572
0.286029785871506 0.296618968248367 0.289208978414536 0.290536671876907 0.278586804866791 0.281345576047897 0.266676515340805 0.257039844989777 0.237553060054779 0.205991983413696 0.179013088345528 0.166145548224449 0.157695665955544 0.139760687947273 0.139370232820511 0.132872775197029 0.111081153154373 0.0926663652062416 0.084989920258522 0.0767072439193726 0.0733475014567375 0.0708885341882706 0.0747327879071236 0.0806826874613762 0.0835308656096458 0.0926996842026711 0.0972422957420349 0.0988484099507332 0.106881223618984 0.11060394346714 0.106755562126637 0.113167755305767 0.119006648659706 0.129036545753479 0.151278495788574 0.161829724907875 0.162129729986191 0.150360643863678 0.134163483977318 0.127688378095627 0.121052034199238 0.120400190353394 0.122266739606857 0.168080851435661 0.128664627671242 0.14328895509243 0.169417202472687
0.264545142650604 0.284593939781189 0.290611654520035 0.297746062278748 0.294572442770004 0.293430030345917 0.284630954265594 0.283443033695221 0.262821048498154 0.24797797203064 0.21759058535099 0.183022618293762 0.16516962647438 0.161455675959587 0.151165962219238 0.129384726285934 0.105032660067081 0.0870877951383591 0.074319951236248 0.0652612000703812 0.0642294511198997 0.0659507066011429 0.0677913948893547 0.0733564794063568 0.0775781869888306 0.0824727863073349 0.0889800265431404 0.0911292284727097 0.0930472388863564 0.0954561457037926 0.100265823304653 0.103199869394302 0.112603105604649 0.120816506445408 0.12784568965435 0.134079918265343 0.139732241630554 0.132075667381287 0.118697270750999 0.115201033651829 0.110850222408772 0.10951966047287 0.116322554647923 0.116747044026852 0.12797623872757 0.142595395445824 0.163019239902496
0.361435681581497 0.366949707269669 0.358188718557358 0.366407245397568 0.329907447099686 0.320250332355499 0.327089667320251 0.311912894248962 0.483092993497849 0.464194297790527 0.452448695898056 0.422229439020157 0.408136695623398 0.357015430927277 0.309863716363907 0.274110376834869 0.0990991219878197 0.0807663574814796 0.0695237666368484 0.0567246116697788 0.0551199652254581 0.0555978640913963 0.0616234540939331 0.065165787935257 0.0741773322224617 0.0787656456232071 0.0806446596980095 0.0866560339927673 0.0915601253509521 0.0952468886971474 0.10150196403265 0.104063235223293 0.100128084421158 0.107089199125767 0.113497167825699 0.110432840883732 0.11556338518858 0.108353510499001 0.103322878479958 0.105152748525143 0.097864918410778 0.100980594754219 0.103715270757675 0.107400916516781 0.124829098582268 0.139361917972565 0.16533499956131
0.332024753093719 0.375294983386993 0.424374043941498 0.419046372175217 0.400762170553207 0.384557992219925 0.580339074134827 0.579578220844269 0.555569171905518 0.551588416099548 0.527989983558655 0.492292463779449 0.469696611166 0.433134257793427 0.386385351419449 0.308005422353745 0.260203748941422 0.20763972401619 0.0668229162693024 0.0576694644987583 0.0511385686695576 0.0552153326570988 0.0601753294467926 0.0648558810353279 0.0716995596885681 0.0778876841068268 0.0823487415909767 0.0828990712761879 0.0869302749633789 0.0911120027303696 0.094115324318409 0.0970558598637581 0.101360656321049 0.0987343862652779 0.10552691668272 0.101528346538544 0.0996625125408173 0.0975879654288292 0.0930243134498596 0.089780792593956 0.0906564146280289 0.0901448577642441 0.0950543433427811 0.10590248554945 0.122909434139729 0.135794684290886 0.162541151046753
0.35164612531662 0.366926580667496 0.429156601428986 0.439374953508377 0.650794327259064 0.666262328624725 0.66247296333313 0.671369075775146 0.658582866191864 0.661282598972321 0.614554762840271 0.603867471218109 0.588587582111359 0.561810493469238 0.545537650585175 0.449682503938675 0.342677354812622 0.249429076910019 0.180929601192474 0.0538029782474041 0.0522872880101204 0.0582678280770779 0.158802524209023 0.174466237425804 0.178531408309937 0.0803546607494354 0.0849503725767136 0.0862226486206055 0.0937857925891876 0.0942581743001938 0.0940355435013771 0.0959053933620453 0.0977341830730438 0.0964367985725403 0.0955609753727913 0.0948726981878281 0.0890676155686378 0.0841876789927483 0.0829524621367455 0.0763395354151726 0.0791793763637543 0.0801282301545143 0.0828419551253319 0.0950276777148247 0.113120511174202 0.131939366459846 0.162921831011772
0.369950234889984 0.396931558847427 0.448953777551651 0.692855179309845 0.724346876144409 0.741852819919586 0.758561372756958 0.744540512561798 0.737784266471863 0.729357540607452 0.724423289299011 0.716692626476288 0.728417992591858 0.788654327392578 0.763685762882233 0.750745594501495 0.630315005779266 0.418135017156601 0.311800718307495 0.229390785098076 0.189249157905579 0.189839720726013 0.188852354884148 0.198635414242744 0.193826839327812 0.197747424244881 0.196854546666145 0.206991851329803 0.212537854909897 0.100427091121674 0.0986929684877396 0.101406872272491 0.0976881012320518 0.0942391529679298 0.0914461389183998 0.0887716859579086 0.0831649079918861 0.0762035325169563 0.0742231830954552 0.0713915154337883 0.0719737708568573 0.0778696909546852 0.0758486986160278 0.0869717597961426 0.107304356992245 0.134570896625519 0.15920852124691
0.419043034315109 0.495490729808807 0.758964478969574 0.774513483047485 0.794074892997742 0.794521629810333 0.789010941982269 0.792338728904724 0.779145896434784 0.768497109413147 0.76094388961792 0.773822665214539 0.814214468002319 0.812341630458832 0.869954228401184 0.797948241233826 0.763607144355774 0.720211148262024 0.568842232227325 0.572418212890625 0.413906931877136 0.36362236738205 0.324902355670929 0.279351621866226 0.251770496368408 0.237506374716759 0.234559893608093 0.243290334939957 0.244820654392242 0.248498469591141 0.258154481649399 0.261924415826797 0.106151506304741 0.100095629692078 0.0956199765205383 0.080486573278904 0.074126236140728 0.0700701624155045 0.0656136050820351 0.0648006871342659 0.0651673823595047 0.0698552280664444 0.0721171721816063 0.0833636894822121 0.104056172072887 0.133154794573784 0.155839189887047
0.63340836763382 0.812857925891876 0.809624493122101 0.82384866476059 0.820032238960266 0.823175191879272 0.813567459583282 0.812324285507202 0.786967992782593 0.764727056026459 0.789209127426147 0.805419564247131 0.850033819675446 0.797306776046753 0.865651071071625 0.821333527565002 0.847184717655182 0.863551259040833 0.865712583065033 0.861745297908783 0.831720888614655 0.563706874847412 0.466566741466522 0.414194285869598 0.355470657348633 0.345160514116287 0.316018491983414 0.310991942882538 0.297280102968216 0.302867978811264 0.295954138040543 0.298054844141006 0.283211559057236 0.260721057653427 0.095074400305748 0.0846860781311989 0.075139120221138 0.0650438144803047 0.0602285414934158 0.0583472773432732 0.0626614391803741 0.0666604861617088 0.0742429941892624 0.0893966630101204 0.113143533468246 0.132254377007484 0.162074342370033
0.824536979198456 0.831517100334167 0.837725162506104 0.82108348608017 0.833937048912048 0.828021287918091 0.820645868778229 0.8185014128685 0.818468928337097 0.799979031085968 0.794491946697235 0.794125199317932 0.773723006248474 0.796778082847595 0.799867808818817 0.790620446205139 0.850840330123901 0.851851522922516 0.802046239376068 0.811458170413971 0.799347102642059 0.792243778705597 0.607357919216156 0.614664196968079 0.578793406486511 0.586827337741852 0.467693954706192 0.424195349216461 0.417107313871384 0.392242848873138 0.364778429269791 0.340486317873001 0.316409677267075 0.282015889883041 0.267577826976776 0.237097918987274 0.0722873508930206 0.06232875213027 0.0558588542044163 0.0568256974220276 0.0591163001954556 0.0661580413579941 0.0812427997589111 0.0974807366728783 0.117003381252289 0.138991862535477 0.177929118275642
0.842668294906616 0.844222784042358 0.84423416852951 0.83540141582489 0.84681499004364 0.829388320446014 0.836201608181 0.823809385299683 0.798143088817596 0.80557119846344 0.796353220939636 0.798099458217621 0.757941126823425 0.76400887966156 0.780556380748749 0.736352503299713 0.685828983783722 0.808204829692841 0.800212025642395 0.812827348709106 0.806162714958191 0.805533945560455 0.796785295009613 0.792100965976715 0.79809433221817 0.733948767185211 0.696196556091309 0.577110886573792 0.611126124858856 0.569134056568146 0.486601501703262 0.438989222049713 0.377437740564346 0.34020146727562 0.312909692525864 0.270151227712631 0.241987809538841 0.206172987818718 0.0563914701342583 0.0536996312439442 0.0645812600851059 0.0761109590530396 0.0877489745616913 0.107437372207642 0.126020953059196 0.157592475414276 0.180734753608704
0.835751414299011 0.834061324596405 0.822251498699188 0.842852294445038 0.843073904514313 0.801684439182281 0.800244390964508 0.835119426250458 0.825169622898102 0.803762137889862 0.793761432170868 0.809965431690216 0.81023895740509 0.817233860492706 0.800154089927673 0.802508890628815 0.696249663829803 0.761700332164764 0.81125408411026 0.832402348518372 0.817899525165558 0.796440482139587 0.794937968254089 0.764232158660889 0.790888011455536 0.80979061126709 0.792915344238281 0.785377085208893 0.790100157260895 0.691812813282013 0.607453584671021 0.567697465419769 0.598315894603729 0.506878197193146 0.412114053964615 0.345928817987442 0.313629239797592 0.290592849254608 0.243358537554741 0.239382103085518 0.0785766839981079 0.0888091772794724 0.106150045990944 0.120091997087002 0.142415747046471 0.166896522045135 0.201080471277237
0.823908507823944 0.837112128734589 0.838785529136658 0.830874800682068 0.834699153900146 0.82785177230835 0.831216335296631 0.82647317647934 -3.4e+38 0.792418420314789 0.791244745254517 0.814869225025177 0.807372629642487 0.813922047615051 0.828308939933777 0.822442233562469 0.818667531013489 0.825427055358887 0.819868326187134 0.708592236042023 0.776662468910217 0.812304079532623 0.822563290596008 0.63268631696701 0.694431781768799 0.761978387832642 0.783420622348785 0.822764456272125 0.810602784156799 0.798271000385284 0.748373568058014 0.790307283401489 0.778997302055359 0.63232034444809 0.601948082447052 0.59046882390976 0.542082130908966 0.433736085891724 0.363064408302307 0.357928335666656 0.399490565061569 0.349346607923508 0.350568741559982 0.369557559490204 0.16398786008358 0.193195357918739 0.22111551463604
0.814558207988739 0.814976572990417 0.819212019443512 0.810778439044952 0.798411190509796 -3.4e+38 -3.4e+38 -3.4e+38 -3.4e+38 -3.4e+38 -3.4e+38 -3.4e+38 0.814610958099365 0.815479874610901 0.800953090190887 0.830868482589722 0.832209348678589 0.836706876754761 0.839009940624237 0.844382524490356 0.818165600299835 0.837961614131927 0.782453417778015 0.828027188777924 0.822473347187042 0.657483279705048 0.627220630645752 0.694883704185486 0.723701953887939 0.799205005168915 0.797796070575714 0.819054543972015 0.80613124370575 0.701844751834869 0.793837785720825 0.793127775192261 0.563893437385559 0.517514109611511 0.588455319404602 0.55304628610611 0.532911539077759 0.455428570508957 0.427662760019302 0.438750118017197 0.456685721874237 0.458774596452713 0.240730196237564
