data/climate_estimation/maxent_output/Colchicum_montanum.asc
NCOLS 145 
NROWS 138 
XLLCORNER -9.66666666666667 
YLLCORNER 37.6666666666667 
CELLSIZE 0.0833333333333333 
NODATA_value -3.4e+38 
[rows 80 to 99 of 138, columns 45 to 89 of 145]
0.648572266101837 0.623704314231873 0.577529072761536 0.634428024291992 0.581171810626984 0.557772040367126 0.559655785560608 0.601254463195801 0.659847319126129 0.670959889888763 0.685745239257812 0.717878997325897 0.721782326698303 0.746217310428619 0.732580661773682 0.768280327320099 0.777975559234619 0.806248068809509 0.78345775604248 0.801692187786102 0.836001515388489 0.817124426364899 0.845239758491516 0.855681359767914 0.854587733745575 0.86803263425827 0.876310408115387 0.856649279594421 0.843775629997253 0.871703803539276 0.861059546470642 0.849691867828369 0.842890501022339 0.837029695510864 0.838842034339905 0.808867990970612 0.787347555160522 0.778243780136108 0.744710326194763 0.727604866027832 0.689850866794586 0.648654162883759 0.611623644828796 0.592962920665741 0.623346090316772
0.663733243942261 0.573212563991547 0.592301428318024 0.565416693687439 0.526665091514587 0.570603311061859 0.562235414981842 0.565810441970825 0.633856654167175 0.637244045734406 0.657922863960266 0.653001546859741 0.70484060049057 0.707269549369812 0.693170070648193 0.70343142747879 0.740996897220612 0.742484152317047 0.734195649623871 0.752527952194214 0.761487007141113 0.771829724311829 0.776539981365204 0.795698523521423 0.794838726520538 0.778824090957642 0.77146852016449 0.808594465255737 0.832267642021179 0.853271067142487 0.852689862251282 0.854161739349365 0.829058766365051 0.853913366794586 0.857020616531372 0.809698045253754 0.819033861160278 0.760609447956085 0.744042158126831 0.801480531692505 0.718472957611084 0.683618307113647 0.646749556064606 0.621925234794617 0.641965746879578
0.636593580245972 0.592357397079468 0.575219988822937 0.583622217178345 0.568991720676422 0.566934287548065 0.565760910511017 0.572525262832642 0.583532631397247 0.612040519714355 0.622943639755249 0.624990284442902 0.63359671831131 0.652482748031616 0.640847444534302 0.638246715068817 0.648723483085632 0.648597538471222 0.656566977500916 0.693550229072571 0.674421012401581 0.708389759063721 0.746775388717651 0.723788201808929 0.736906349658966 0.743548810482025 0.751221299171448 0.774669706821442 0.820249378681183 0.804886221885681 0.867193877696991 0.860263645648956 0.872408092021942 0.83764237165451 0.841555178165436 0.861062347888947 0.8585205078125 0.754042387008667 0.833430528640747 0.822720408439636 0.81966245174408 0.803021907806396 0.815082192420959 0.771458387374878 0.747159063816071
0.646637558937073 0.621077716350555 0.583590984344482 0.566611409187317 0.54231458902359 0.548613786697388 0.572577714920044 0.576909482479095 0.577904164791107 0.572237730026245 0.58885270357132 0.589085698127747 0.600133538246155 0.595558941364288 0.603600323200226 0.582833468914032 0.560299575328827 0.595590889453888 0.610634863376617 0.644689083099365 0.65407383441925 0.720815598964691 0.67119038105011 0.707620084285736 0.715681612491608 0.739604294300079 0.76408976316452 0.788591682910919 0.807438850402832 0.836239516735077 0.862894058227539 0.864552795886993 0.805107355117798 0.776998460292816 0.835309088230133 0.808984875679016 0.860719382762909 0.846697807312012 0.841518878936768 0.815154194831848 0.822432637214661 0.79039603471756 0.800689160823822 0.750943899154663 0.740854680538177
0.645555675029755 0.614432454109192 0.594543814659119 0.548284530639648 0.536338329315186 0.545929849147797 0.542683482170105 0.533275961875916 0.530945301055908 0.564151763916016 0.562893986701965 0.556261479854584 0.541678667068481 0.543987631797791 0.522352576255798 0.528175115585327 0.506066381931305 0.547048270702362 0.631041705608368 0.593709945678711 0.662345290184021 0.607720375061035 0.644082367420197 0.671599984169006 0.711881160736084 0.712094843387604 0.760094523429871 0.776408553123474 0.82037490606308 0.81960541009903 0.80617082118988 0.842284142971039 0.84879195690155 0.848346531391144 0.847564220428467 0.849772155284882 0.833403706550598 0.852423250675201 0.839104473590851 0.824975430965424 0.830495417118073 0.833200454711914 0.829456448554993 0.808168113231659 0.800982892513275
0.629122912883759 0.621726393699646 0.60096538066864 0.568060874938965 0.522486805915833 0.520908415317535 0.524389445781708 0.515414416790009 0.503935933113098 0.535984873771667 0.51868200302124 0.497010678052902 0.507784068584442 0.537409901618958 0.514587461948395 0.478519082069397 0.488319784402847 0.548481822013855 0.560352444648743 0.58473527431488 0.620081186294556 0.656503915786743 0.697063207626343 0.698761165142059 0.671239972114563 0.73813533782959 0.730597674846649 0.751380860805511 0.799596309661865 0.813531279563904 0.776295185089111 0.786464512348175 0.850787758827209 0.854410588741302 0.832020282745361 0.822181582450867 0.817001819610596 0.828693985939026 0.81221878528595 0.813205599784851 0.831340849399567 0.843064665794373 0.808960855007172 0.828127503395081 0.780439674854279
0.623017251491547 0.578856110572815 0.521139681339264 0.525837302207947 0.505472362041473 0.457812935113907 0.478846997022629 0.479007512331009 0.44793701171875 0.478474944829941 0.51244580745697 0.512819588184357 0.51340126991272 0.478112876415253 0.492654293775558 0.521667659282684 0.475724279880524 0.497913628816605 0.526671946048737 0.581189751625061 0.632118999958038 0.692100465297699 0.718166291713715 0.695213079452515 0.729265213012695 0.7529296875 0.776394963264465 0.741105973720551 0.810006856918335 0.801723837852478 0.835030734539032 0.758386075496674 0.79905366897583 0.782827019691467 0.798953890800476 0.814060389995575 0.846176207065582 0.831234455108643 0.855389475822449 0.849555611610413 0.817295968532562 0.778873026371002 0.827472031116486 0.823633849620819 0.794273018836975
0.684694409370422 0.589376509189606 0.49023449420929 0.454685300588608 0.388054519891739 0.408749043941498 0.373254507780075 0.379390269517899 0.412494897842407 0.421016991138458 0.436944246292114 0.493226140737534 0.54505181312561 0.53258889913559 0.552959144115448 0.49173629283905 0.39756852388382 0.535858392715454 0.585714757442474 0.597151756286621 0.655661880970001 0.671022415161133 0.69837874174118 0.732101857662201 0.732446134090424 0.737600028514862 0.787513077259064 0.753590762615204 0.766911685466766 0.786417543888092 0.794290721416473 0.801823973655701 0.792816400527954 0.811762809753418 0.81071549654007 0.814627051353455 0.787521958351135 0.769487321376801 0.752058207988739 0.702033221721649 0.747455894947052 0.709007859230042 0.697154641151428 0.763346970081329 0.7882000207901
0.602611541748047 0.532244622707367 0.45850732922554 0.362217038869858 0.320308893918991 0.288908660411835 0.325511753559113 0.337593644857407 0.338111609220505 0.364380747079849 0.448896199464798 0.517783761024475 0.517108261585236 0.538734436035156 0.483317375183105 0.416242390871048 0.431394934654236 0.541751027107239 0.617245733737946 0.628900408744812 0.64605176448822 0.670207321643829 0.705232799053192 0.703535676002502 0.698416352272034 0.727834343910217 0.71629410982132 0.743183016777039 0.739582002162933 0.755618214607239 0.735566318035126 0.735463380813599 0.78927618265152 0.775398790836334 0.752856492996216 0.764495849609375 0.740569293498993 0.729633808135986 0.738115012645721 0.727416694164276 0.662780582904816 0.652557373046875 0.665979146957397 0.701793670654297 0.74101847410202
0.616743206977844 0.469340085983276 0.352541327476501 0.278039783239365 0.235574081540108 0.231546148657799 0.254618018865585 0.301047414541245 0.342516243457794 0.398529589176178 0.417443066835403 0.474164038896561 0.484776884317398 0.470209240913391 0.474647492170334 0.477317094802856 0.494014889001846 0.575924575328827 0.583455204963684 0.63336044549942 0.636865317821503 0.682143986225128 0.668676972389221 0.654963195323944 0.6332146525383 0.652181923389435 0.689987301826477 0.672647297382355 0.70146244764328 0.706060528755188 0.716511607170105 0.732763588428497 0.721897661685944 0.715535223484039 0.709604144096375 0.729784369468689 0.695146560668945 0.696979463100433 0.701258063316345 0.708771228790283 0.671384632587433 0.658138453960419 0.639630258083344 0.670035064220428 0.68165910243988
0.59769743680954 0.419744521379471 0.306739956140518 0.206030577421188 0.242544695734978 0.232511475682259 0.233639478683472 0.258096218109131 0.254278600215912 0.312993228435516 0.382345139980316 0.442275613546371 0.442750126123428 0.414390444755554 0.457271218299866 0.443815559148788 0.454679310321808 0.455312669277191 0.517461121082306 0.589991748332977 0.591790378093719 0.604182362556458 0.673620760440826 0.640032708644867 0.670878708362579 0.668754696846008 0.651864469051361 0.675392627716064 0.675401449203491 0.694036364555359 0.680204153060913 0.692534446716309 0.691352188587189 0.69575834274292 0.681035935878754 0.686648607254028 0.666522562503815 0.638474404811859 0.617571592330933 0.639379322528839 0.644526183605194 0.63733845949173 0.649451017379761 0.608385145664215 0.644552171230316
0.538652300834656 0.341730386018753 0.224053293466568 0.193639725446701 0.189363032579422 0.181996569037437 0.182123452425003 0.208790883421898 0.196564927697182 0.230306655168533 0.293061107397079 0.286240369081497 0.327544718980789 0.319611370563507 0.340464651584625 0.385711580514908 0.5048868060112 0.541170954704285 0.579590380191803 0.651516199111938 0.678078770637512 0.632918417453766 0.667961537837982 0.69701361656189 0.734611868858337 0.727594316005707 0.718684554100037 0.751090288162231 0.764829218387604 0.761407613754272 0.711018919944763 0.690232396125793 0.679543852806091 0.646895468235016 0.682584762573242 0.656692802906036 0.647735238075256 0.62542188167572 0.624446511268616 0.64518791437149 0.635611236095428 0.622538864612579 0.654522478580475 0.68495386838913 0.639860212802887
0.478447556495667 0.283828794956207 0.221428155899048 0.176586806774139 0.189560055732727 0.178514555096626 0.184598803520203 0.153804242610931 0.184074431657791 0.224641174077988 0.224112063646317 0.265632122755051 0.296960234642029 0.308169096708298 0.298740118741989 0.343900680541992 0.526906967163086 0.612388849258423 0.671608328819275 0.668618559837341 0.683363497257233 0.683081924915314 0.70713472366333 0.70192676782608 0.782800197601318 0.835012137889862 0.80442476272583 0.793930053710938 0.72247713804245 0.752116322517395 0.743016004562378 0.722836673259735 0.711494088172913 0.727136254310608 0.689710557460785 0.660143136978149 0.680033922195435 0.65840071439743 0.606705248355865 0.632704377174377 0.62283182144165 0.629401326179504 0.681848108768463 0.634990096092224 0.622749865055084
0.554391622543335 0.389596104621887 0.262580126523972 0.246036633849144 0.206286028027534 0.202030032873154 0.217081561684608 0.211641147732735 0.222782775759697 0.233558192849159 0.271785795688629 0.306052565574646 0.294339060783386 0.312687039375305 0.314043283462524 0.400834918022156 0.407094955444336 0.419197171926498 0.548858344554901 0.56561267375946 0.625425755977631 0.686648905277252 0.67580246925354 0.670387446880341 0.777460694313049 0.814877212047577 0.786181628704071 0.741241812705994 0.713671445846558 0.721217393875122 0.746559202671051 0.773610174655914 0.784305155277252 0.769938886165619 0.77078115940094 0.752536058425903 0.684200406074524 0.687353253364563 0.692204594612122 0.674448609352112 0.639048457145691 0.637940168380737 0.638315260410309 0.594257414340973 0.583620309829712
0.642102181911469 0.521157205104828 0.396907925605774 0.315454393625259 0.266070872545242 0.267662763595581 0.237489446997643 0.270779132843018 0.2654187977314 0.261106848716736 0.271697223186493 0.265284448862076 0.252871334552765 0.311389237642288 0.360483527183533 0.380088180303574 0.40468829870224 0.412668406963348 0.478233426809311 0.562568426132202 0.596025168895721 0.66989004611969 0.7002112865448 0.681858062744141 0.728362262248993 0.733672916889191 0.715146124362946 0.72065281867981 0.766449809074402 0.828270435333252 0.839460432529449 0.852863550186157 0.841689109802246 0.827156901359558 0.820717990398407 0.764750242233276 0.726761877536774 0.711891233921051 0.691412031650543 0.682727456092834 0.655182778835297 0.672348260879517 0.647418320178986 0.564761519432068 0.567749798297882
0.625168740749359 0.549742698669434 0.45592674612999 0.412710666656494 0.368703931570053 0.356686592102051 0.284935474395752 0.294418036937714 0.27624037861824 0.261709570884705 0.269578516483307 0.311995714902878 0.299859017133713 0.358858227729797 0.366434067487717 0.466248273849487 0.412909090518951 0.477058172225952 0.536075472831726 0.597614347934723 0.619551837444305 0.631591141223907 0.698035061359406 0.723633050918579 0.725328087806702 0.7517009973526 0.750296056270599 0.775825560092926 0.846806704998016 0.921834588050842 0.918133556842804 0.887573063373566 0.870195150375366 0.856663942337036 0.816003262996674 0.668250441551208 0.671708106994629 0.662767767906189 0.632925987243652 0.696603417396545 0.657332181930542 0.679654121398926 0.626588404178619 0.589038014411926 0.580482065677643
0.544666230678558 0.461345136165619 0.377089768648148 0.362652003765106 0.3949114382267 0.372521936893463 0.339787006378174 0.281754553318024 0.338409841060638 0.307733952999115 0.316471368074417 0.319042533636093 0.353232651948929 0.426860302686691 0.426099628210068 0.525758445262909 0.513594746589661 0.537439942359924 0.626226007938385 0.665204107761383 0.655862152576447 0.664811313152313 0.727114081382751 0.778087735176086 0.780878245830536 0.78803950548172 0.818822622299194 0.896441698074341 0.931256890296936 0.891700148582458 0.830364108085632 0.884676516056061 0.802072703838348 0.790576636791229 0.751148641109467 0.69964063167572 0.657330811023712 0.594306766986847 0.61437976360321 0.649514138698578 0.648361444473267 0.637294352054596 0.682607710361481 0.705443620681763 0.727526783943176
0.601045787334442 0.468792408704758 0.385838091373444 0.373816847801208 0.389022260904312 0.424261420965195 0.387016147375107 0.353684544563293 0.313554137945175 0.360901951789856 0.366834938526154 0.358792573213577 0.401460707187653 0.448498010635376 0.449827641248703 0.596750140190125 0.577843904495239 0.605714440345764 0.679676711559296 0.638701856136322 0.676351249217987 0.706935822963715 0.761789441108704 0.805137276649475 0.91475522518158 0.919627130031586 0.912678062915802 0.767515540122986 0.762234926223755 0.880164504051208 0.779164254665375 0.693974196910858 0.708498060703278 0.727074980735779 0.584199368953705 0.59960675239563 0.585158467292786 0.560937941074371 0.618132829666138 0.595056056976318 0.631145656108856 0.641766846179962 0.657452642917633 0.697318732738495 0.769253313541412
0.574784576892853 0.492385804653168 0.469978213310242 0.412022173404694 0.377688497304916 0.351684629917145 0.414076000452042 0.43005907535553 0.428064525127411 0.485158324241638 0.491303563117981 0.471833020448685 0.517350375652313 0.518230736255646 0.494623154401779 0.584134042263031 0.62070095539093 0.663713157176971 0.653374075889587 0.656045496463776 0.643999457359314 0.721568882465363 0.803646743297577 0.933453381061554 0.945672690868378 0.889237701892853 0.760029792785645 0.662612318992615 0.633807361125946 0.675076127052307 0.663405001163483 0.547272145748138 0.567338526248932 0.579938232898712 0.512373328208923 0.470288455486298 0.508031725883484 0.525710046291351 0.591276288032532 0.618852734565735 0.630964040756226 0.611464262008667 0.630902945995331 0.671916544437408 0.702766001224518
0.582566142082214 0.583452701568604 0.547490179538727 0.523289561271667 0.471976965665817 0.384269535541534 0.462610155344009 0.488345801830292 0.47124770283699 0.569003105163574 0.589195370674133 0.567511796951294 0.556502819061279 0.527772963047028 0.565557301044464 0.556315302848816 0.638583183288574 0.674078404903412 0.696587443351746 0.684239029884338 0.715179681777954 0.769552707672119 0.857833921909332 0.952700853347778 0.862313508987427 0.915149629116058 0.8444864153862 0.658322393894196 0.587870121002197 0.553603529930115 0.558236062526703 0.514827847480774 0.502865850925446 0.387757748365402 0.420791894197464 0.503656685352325 0.573925852775574 0.575635373592377 0.581997275352478 0.556286215782166 0.585804462432861 0.607988595962524 0.619571685791016 0.597406446933746 0.652717530727386
