data/climate_estimation/maxent_output/Colchicum_alpinum.asc
NCOLS 141 
NROWS 81 
XLLCORNER 2.25 
YLLCORNER 41.5833333333333 
CELLSIZE 0.0833333333333333 
NODATA_value -3.4e+38 
[rows 0 to 19 of 81, columns 46 to 91 of 141]
0.217056319117546 0.23333241045475 0.258595734834671 0.218893021345139 0.215930476784706 0.207404747605324 0.173581480979919 0.208523005247116 0.26553475856781 0.236898481845856 0.205407902598381 0.216146096587181 0.326994985342026 0.289271712303162 0.164893478155136 0.0616571307182312 0.0220043286681175 0.0233520641922951 0.0273468196392059 0.0366150438785553 0.0483530834317207 0.131329953670502 0.180756404995918 0.160227909684181 0.239432364702225 0.235109910368919 0.331781923770905 0.296862989664078 0.354218333959579 0.355431348085403 0.258432269096375 0.252311319112778 0.243985757231712 0.208390712738037 0.267551511526108 0.261491328477859 0.253218740224838 0.23156575858593 0.225901648402214 0.207333236932755 0.17466975748539 0.175603568553925 0.159095883369446 0.140930384397507 0.132165014743805 0.115405179560184
0.235734596848488 0.234301909804344 0.266238272190094 0.257967442274094 0.237712174654007 0.252442717552185 0.285100609064102 0.274882733821869 0.308726638555527 0.325924932956696 0.247674554586411 0.437951326370239 0.528635382652283 0.482643336057663 0.260978072881699 0.0262523014098406 0.0197780560702085 0.0257462486624718 0.0316316187381744 0.0455877892673016 0.0707526579499245 0.179770231246948 0.324487507343292 0.31891280412674 0.333497226238251 0.352288514375687 0.424641758203506 0.396780997514725 0.370011925697327 0.359959900379181 0.262071132659912 0.285984724760056 0.273247003555298 0.286891013383865 0.300651669502258 0.26309061050415 0.243783533573151 0.214878767728806 0.216892927885056 0.190127789974213 0.163380086421967 0.145836919546127 0.147914469242096 0.137370184063911 0.134170934557915 0.12400096654892
0.266660928726196 0.297982782125473 0.293384164571762 0.301745742559433 0.319509834051132 0.293943792581558 0.358133047819138 0.462738364934921 0.484406381845474 0.531337559223175 0.561657786369324 0.593970239162445 0.57263445854187 0.315239697694778 0.0457961149513721 0.0154044181108475 0.0162910036742687 0.0244666337966919 0.0498277433216572 0.0898467525839806 0.0788019448518753 0.129793986678123 0.221637606620789 0.324174344539642 0.494773983955383 0.494616746902466 0.483988016843796 0.470152735710144 0.402396500110626 0.367762237787247 0.284357577562332 0.292564988136292 0.362878501415253 0.289387732744217 0.289590001106262 0.256922423839569 0.223751157522202 0.198182120919228 0.182931616902351 0.162499085068703 0.157562389969826 0.153737142682076 0.144190102815628 0.144319042563438 0.140543907880783 0.138685494661331
0.347917944192886 0.343976855278015 0.292349219322205 0.413623690605164 0.447452217340469 0.400851160287857 0.391407877206802 0.430094420909882 0.557203769683838 0.574745237827301 0.599712193012238 0.590361177921295 0.404097437858582 0.241072878241539 0.0526445470750332 0.0152531247586012 0.0186194553971291 0.0263962689787149 0.059538122266531 0.0853944271802902 0.097579188644886 0.144038528203964 0.317561656236649 0.501192212104797 0.497604250907898 0.527873575687408 0.493933647871017 0.480886548757553 0.418976873159409 0.37687411904335 0.354407131671906 0.333085268735886 0.312706053256989 0.269954919815063 0.255983412265778 0.241029724478722 0.208364978432655 0.182256817817688 0.16995345056057 0.157158732414246 0.156635299324989 0.146653592586517 0.14325276017189 0.144412562251091 0.141927972435951 0.141988977789879
0.233283549547195 0.263108104467392 0.385013490915298 0.452764242887497 0.482181936502457 0.523524045944214 0.506373167037964 0.540747225284576 0.54282134771347 0.582216143608093 0.580360472202301 0.596870183944702 0.539113223552704 0.163806468248367 0.0319772958755493 0.0154590178281069 0.0188702922314405 0.0286458134651184 0.0508863255381584 0.0966586247086525 0.160477489233017 0.346912235021591 0.326825529336929 0.472628831863403 0.537856638431549 0.499621719121933 0.494610071182251 0.45710563659668 0.403760015964508 0.387233644723892 0.37734991312027 0.316921591758728 0.285906821489334 0.270517081022263 0.239867895841599 0.212935090065002 0.201376333832741 0.177188068628311 0.172657012939453 0.154059365391731 0.15139576792717 0.140776053071022 0.139333710074425 0.136895760893822 0.139629676938057 0.14189213514328
0.227395117282867 0.203974738717079 0.230268493294716 0.298616915941238 0.426387369632721 0.49890261888504 0.511897623538971 0.497968465089798 0.532881438732147 0.588803231716156 0.507505655288696 0.489145249128342 0.543897151947021 0.102797396481037 0.0284866187721491 0.0222312789410353 0.0265230406075716 0.035190187394619 0.0643322095274925 0.153218254446983 0.327220857143402 0.543451845645905 0.542695224285126 0.575621604919434 0.502255022525787 0.500193536281586 0.473179459571838 0.438572883605957 0.401429921388626 0.358719885349274 0.363204389810562 0.297371327877045 0.248083591461182 0.233327463269234 0.201655000448227 0.200289696455002 0.189806431531906 0.176577776670456 0.170112982392311 0.148848935961723 0.135722234845161 0.13777332007885 0.130701690912247 0.135207682847977 0.142701476812363 0.136123567819595
0.196335420012474 0.21696250140667 0.28071466088295 0.272489100694656 0.284558534622192 0.365027993917465 0.450447112321854 0.523535251617432 0.587700963020325 0.574272990226746 0.483780592679977 0.405127793550491 0.137177333235741 0.0684552639722824 0.044946800917387 0.0386800542473793 0.0428267121315002 0.0483947061002254 0.127097114920616 0.446190774440765 0.481620371341705 0.448675096035004 0.511385917663574 0.540241718292236 0.50532603263855 0.502483546733856 0.438042283058167 0.383364498615265 0.343311131000519 0.339507728815079 0.313531368970871 0.248765364289284 0.21831639111042 0.188392817974091 0.167308807373047 0.167242452502251 0.163187429308891 0.151357248425484 0.143783256411552 0.150523602962494 0.131117478013039 0.127386420965195 0.124377563595772 0.136850461363792 0.136527076363564 0.14130263030529
0.241112887859344 0.261934697628021 0.290973007678986 0.342191576957703 0.266238808631897 0.2400062084198 0.343714773654938 0.397094905376434 0.377697050571442 0.339680969715118 0.258688598871231 0.177837118506432 0.112577892839909 0.0804435238242149 0.0827307850122452 0.0771762728691101 0.0660292729735374 0.0931253656744957 0.185516551136971 0.357836902141571 0.340721487998962 0.380672037601471 0.479416489601135 0.476832449436188 0.444160550832748 0.388894408941269 0.336959183216095 0.300039142370224 0.270977705717087 0.289352267980576 0.242681860923767 0.216949194669724 0.194865062832832 0.205934897065163 0.160654291510582 0.143383473157883 0.139438033103943 0.121083416044712 0.126465350389481 0.117446713149548 0.115950129926205 0.10373767465353 0.114504583179951 0.119970768690109 0.134293809533119 0.136166661977768
0.260190904140472 0.28736537694931 0.362043529748917 0.329072088003159 0.240780532360077 0.242947429418564 0.309072881937027 0.302718430757523 0.266716569662094 0.183301687240601 0.167965576052666 0.169765457510948 0.139952257275581 0.136023253202438 0.149718523025513 0.149399116635323 0.106186255812645 0.0886608436703682 0.139831200242043 0.221668019890785 0.228794142603874 0.233793139457703 0.373244106769562 0.347700566053391 0.278407245874405 0.245140984654427 0.22788093984127 0.234034463763237 0.245784401893616 0.236742988228798 0.186336293816566 0.193979397416115 0.205562591552734 0.199505105614662 0.178908735513687 0.175631150603294 0.156476393342018 0.135866299271584 0.113407775759697 0.100076518952847 0.0963180065155029 0.090973861515522 0.109879717230797 0.118323639035225 0.127736687660217 0.134595468640327
0.401315629482269 0.34216582775116 0.340465247631073 0.278266787528992 0.246675953269005 0.284131228923798 0.345475941896439 0.273223251104355 0.223664537072182 0.204913675785065 0.210150882601738 0.226550847291946 0.259046733379364 0.278092056512833 0.259183198213577 0.277361243963242 0.234355315566063 0.153809413313866 0.158093750476837 0.199023425579071 0.186754390597343 0.222152262926102 0.223801240324974 0.207442328333855 0.238887116312981 0.226662024855614 0.222835525870323 0.241412907838821 0.205012023448944 0.197259843349457 0.209730714559555 0.190691024065018 0.191035449504852 0.179610848426819 0.175166696310043 0.169956460595131 0.156526774168015 0.138763710856438 0.126186802983284 0.0999773442745209 0.0988180786371231 0.0972740054130554 0.107118517160416 0.112468786537647 0.135764986276627 0.136532187461853
0.335445493459702 0.308952212333679 0.286999762058258 0.354031026363373 0.383868426084518 0.340816885232925 0.292316079139709 0.318829447031021 0.261871427297592 0.326810389757156 0.444350063800812 0.390946835279465 0.339736014604568 0.409615486860275 0.445723682641983 0.399875491857529 0.383811980485916 0.26951014995575 0.323747277259827 0.279498666524887 0.281238436698914 0.274577558040619 0.288316786289215 0.249442726373672 0.243011444807053 0.190977290272713 0.209654733538628 0.205912694334984 0.195533081889153 0.182353407144547 0.20498976111412 0.203686013817787 0.206220030784607 0.206961765885353 0.179462864995003 0.175641387701035 0.156763181090355 0.139932826161385 0.130024001002312 0.122018657624722 0.119197577238083 0.119853727519512 0.112924516201019 0.119332313537598 0.131456345319748 0.142902433872223
0.308576911687851 0.332374930381775 0.418465107679367 0.406339913606644 0.4047891497612 0.427110970020294 0.477098196744919 0.474588811397552 0.445013999938965 0.463833272457123 0.463828712701797 0.461174428462982 0.434876799583435 0.464554786682129 0.45209875702858 0.402842193841934 0.393379747867584 0.39440193772316 0.433214396238327 0.409194469451904 0.331629723310471 0.293742895126343 0.2403734177351 0.192138090729713 0.199048072099686 0.191203907132149 0.178578525781631 0.194415107369423 0.18403372168541 0.184288382530212 0.194052502512932 0.190646141767502 0.19284650683403 0.194478005170822 0.179282620549202 0.167028516530991 0.163534909486771 0.143455475568771 0.142325073480606 0.141822069883347 0.146656349301338 0.120497032999992 0.108883574604988 0.145535290241241 0.160765096545219 0.146168187260628
0.410613119602203 0.420404255390167 0.430379182100296 0.509772539138794 0.56555449962616 0.606587648391724 0.56692236661911 0.583053350448608 0.50669139623642 0.524781703948975 0.527942478656769 0.54418683052063 0.554719686508179 0.523578286170959 0.53277200460434 0.479241698980331 0.474846363067627 0.472998678684235 0.409694492816925 0.302388370037079 0.239945709705353 0.220864206552505 0.235467091202736 0.215863391757011 0.210469573736191 0.192926496267319 0.198152869939804 0.142399623990059 0.174360111355782 0.188315451145172 0.178179636597633 0.174381777644157 0.173148050904274 0.185909271240234 0.176146760582924 0.173768877983093 0.16156505048275 0.166452825069427 0.169422954320908 0.183642312884331 0.157604426145554 0.117542184889317 0.116463728249073 0.149063929915428 0.186344876885414 0.191266551613808
0.466449737548828 0.608039081096649 0.619939029216766 0.609458684921265 0.622392237186432 0.630645394325256 0.590281069278717 0.633241772651672 0.599525094032288 0.535832643508911 0.584555447101593 0.585000813007355 0.553346872329712 0.527957737445831 0.494493365287781 0.479140818119049 0.4067103266716 0.312007457017899 0.26329231262207 0.257790803909302 0.257967442274094 0.256855487823486 0.216989099979401 0.208052843809128 0.203765317797661 0.185178339481354 0.165327146649361 0.146552547812462 0.139263167977333 0.162380903959274 0.176085531711578 0.180625110864639 0.174161851406097 0.149000957608223 0.144287794828415 0.159593030810356 0.197094589471817 0.170497596263885 0.202818989753723 0.202159389853477 0.134604230523109 0.13501912355423 0.134265184402466 0.143529921770096 0.163204297423363 0.16589267551899
0.596828281879425 0.611736357212067 0.619475305080414 0.642722070217133 0.630896925926208 0.636829555034637 0.635085105895996 0.635506391525269 0.639078676700592 0.641581773757935 0.577091753482819 0.580752789974213 0.546671330928802 0.446828216314316 0.319500505924225 0.331906288862228 0.359019458293915 0.289571076631546 0.28906586766243 0.311537325382233 0.287600487470627 0.260001063346863 0.243485525250435 0.193903252482414 0.193399086594582 0.171301767230034 0.131131365895271 0.12975087761879 0.136323407292366 0.184298381209373 0.197612300515175 0.214530974626541 0.198552176356316 0.197407260537148 0.213909536600113 0.166370362043381 0.173534378409386 0.188454076647758 0.183029964566231 0.205510914325714 0.15987491607666 0.16782782971859 0.19786112010479 0.19382244348526 0.188128337264061 0.156559258699417
0.622752726078033 0.625833630561829 0.620889723300934 0.630452930927277 0.631270825862885 0.633163511753082 0.633887231349945 0.634898006916046 0.63293319940567 0.641027510166168 0.494004309177399 0.426666796207428 0.35950231552124 0.323390066623688 0.366159081459045 0.38608330488205 0.365205019712448 0.337387681007385 0.313758760690689 0.318143486976624 0.339380025863647 0.349583834409714 0.299904674291611 0.228459998965263 0.210261985659599 0.178206980228424 0.142322286963463 0.132201626896858 0.183568775653839 0.200596898794174 0.174977481365204 0.246106177568436 0.226813167333603 0.266263067722321 0.246599242091179 0.212777882814407 0.238495245575905 0.187462955713272 0.221034541726112 0.170230329036713 0.14813095331192 0.191139921545982 0.20196795463562 0.195731490850449 0.188830524682999 0.217219009995461
0.674045264720917 0.627183556556702 0.628742158412933 0.635771930217743 0.625499606132507 0.58532977104187 0.628521263599396 0.628760397434235 0.628787696361542 0.373307079076767 0.313487201929092 0.326718300580978 0.321988731622696 0.353300511837006 0.393785238265991 0.379916429519653 0.362190842628479 0.377864152193069 0.390970319509506 0.370204895734787 0.30962923169136 0.347968131303787 0.319944441318512 0.272821754217148 0.335890054702759 0.363185584545135 0.187166213989258 0.173665627837181 0.216050237417221 0.19967146217823 0.201871082186699 0.28589716553688 0.245084151625633 0.264207482337952 0.242928311228752 0.199926227331161 0.23736535012722 0.239270135760307 0.183599770069122 0.169375270605087 0.210832118988037 0.161829754710197 0.167302414774895 0.153371691703796 0.183611810207367 0.166706636548042
0.633284509181976 0.663375794887543 0.626502931118011 0.614627301692963 0.579335510730743 0.581540524959564 0.623104631900787 0.6173015832901 0.345404028892517 0.353168904781342 0.3443583548069 0.362113624811172 0.374421656131744 0.382062077522278 0.386945158243179 0.420039415359497 0.416063129901886 0.358672678470612 0.367474466562271 0.404550522565842 0.351546913385391 0.345076769590378 0.420019865036011 0.417468398809433 0.393482208251953 0.217204213142395 0.266347408294678 0.285305768251419 0.376141101121902 0.356357574462891 0.188235580921173 0.286504656076431 0.285891383886337 0.204078182578087 0.257372826337814 0.152041926980019 0.189465180039406 0.141154333949089 0.170267328619957 0.20298407971859 0.205937147140503 0.163781210780144 0.209004059433937 0.212183728814125 0.225613474845886 0.197650939226151
0.622779011726379 0.615147292613983 0.614466845989227 0.810857176780701 0.806821405887604 0.579972743988037 0.374402403831482 0.378816723823547 0.435676902532578 0.3844014108181 0.405884504318237 0.4073166847229 0.391237825155258 0.421594738960266 0.443586051464081 0.488599091768265 0.460173040628433 0.353143185377121 0.370806574821472 0.402955442667007 0.473972648382187 0.46527510881424 0.465582549571991 0.416652023792267 0.359719157218933 0.386383682489395 0.433981537818909 0.408228605985641 0.386366635560989 0.262003213167191 0.284061461687088 0.303764015436172 0.216112300753593 0.129357933998108 0.141606688499451 0.248663619160652 0.196585536003113 0.189613431692123 0.188546240329742 0.170533612370491 0.196542993187904 0.195266097784042 0.202699810266495 0.206431105732918 0.191991776227951 0.191843032836914
0.81854659318924 0.815141022205353 0.767491698265076 0.813129246234894 0.603713750839233 0.33490264415741 0.454813152551651 0.470200955867767 0.481057792901993 0.45811003446579 0.46622833609581 0.481433600187302 0.455919533967972 0.573930144309998 0.571015119552612 0.653252303600311 0.611734986305237 0.544011652469635 0.368066102266312 0.384372979402542 0.503665506839752 0.367702394723892 0.386563569307327 0.487715572118759 0.417832225561142 0.30792647600174 0.419234693050385 0.337121158838272 0.258830100297928 0.340597152709961 0.336441844701767 0.223949104547501 0.266296565532684 0.265922367572784 0.241436555981636 0.238768592476845 0.2332683801651 0.199035346508026 0.21125739812851 0.199121847748756 0.17718693614006 0.204877704381943 0.197408109903336 0.219633638858795 0.160893514752388 0.101841397583485
