data/climate_estimation/maxent_output/Colchicum_decaisnei.asc
NCOLS 24 
NROWS 56 
XLLCORNER 35.1666666666667 
YLLCORNER 32.1666666666667 
CELLSIZE 0.0833333333333333 
NODATA_value -3.4e+38 
[rows 0 to 36 of 56, columns 0 to 23 of 24]
0.488953620195389 0.459876120090485 0.398186296224594 0.362717270851135 0.32789009809494 0.310736656188965 0.276597559452057 0.250533729791641 0.215450167655945 -3.4e+38 -3.4e+38 -3.4e+38 0.212858319282532 0.401981264352798 0.25866562128067 0.387324690818787 0.410079896450043 0.482963740825653 0.547895550727844 0.496688663959503 0.415423691272736 0.335601300001144 0.259423017501831 0.26465779542923
0.530297577381134 0.525456130504608 0.522500514984131 0.479607343673706 0.417272090911865 0.375146508216858 0.344468951225281 -3.4e+38 -3.4e+38 -3.4e+38 -3.4e+38 -3.4e+38 0.33869993686676 0.426513254642487 0.38069874048233 0.473589926958084 0.396100401878357 0.465248733758926 0.570011794567108 0.48310250043869 0.384829878807068 0.327780544757843 0.242699816823006 0.172273889183998
0.580815315246582 0.602282404899597 0.623582899570465 0.606953620910645 0.517163574695587 0.460608154535294 -3.4e+38 -3.4e+38 -3.4e+38 -3.4e+38 -3.4e+38 0.381608188152313 0.41974675655365 0.472962021827698 0.461161077022552 0.336241364479065 0.465686678886414 0.607288241386414 0.536529183387756 0.452626526355743 0.373687565326691 0.337596356868744 0.223690718412399 0.144894167780876
-3.4e+38 0.65007609128952 0.682895362377167 -3.4e+38 0.535187304019928 -3.4e+38 -3.4e+38 -3.4e+38 -3.4e+38 -3.4e+38 0.520084798336029 0.490962266921997 0.52769410610199 0.515158593654633 0.441660940647125 0.401951253414154 0.451851278543472 0.603600025177002 0.537089109420776 0.430655062198639 0.623586058616638 0.570771396160126 0.409525960683823 0.297438681125641
-3.4e+38 -3.4e+38 -3.4e+38 -3.4e+38 -3.4e+38 -3.4e+38 -3.4e+38 -3.4e+38 0.612744331359863 0.593041181564331 0.632433593273163 0.632644593715668 0.633342385292053 0.546673059463501 0.552509546279907 0.499401450157166 0.615237355232239 0.558420240879059 0.475791573524475 0.672456860542297 0.563220322132111 0.484564244747162 0.34794744849205 0.267465263605118
-3.4e+38 -3.4e+38 -3.4e+38 -3.4e+38 -3.4e+38 -3.4e+38 -3.4e+38 0.731849670410156 0.68910413980484 0.726925313472748 0.647564113140106 0.688895344734192 0.652316510677338 0.621973276138306 0.593173623085022 0.572414100170135 0.578101515769958 0.500123739242554 0.720975756645203 0.511440217494965 0.551823973655701 0.41621321439743 0.282682746648788 0.229741379618645
-3.4e+38 -3.4e+38 -3.4e+38 -3.4e+38 -3.4e+38 -3.4e+38 -3.4e+38 0.769501388072968 0.643829107284546 0.629579603672028 0.660336077213287 0.781346380710602 0.790910840034485 0.734950542449951 0.721837997436523 0.717272579669952 0.577258050441742 0.791091322898865 0.729644179344177 0.677147567272186 0.512844681739807 0.345017611980438 0.219695955514908 0.181168600916862
-3.4e+38 -3.4e+38 -3.4e+38 -3.4e+38 -3.4e+38 -3.4e+38 -3.4e+38 -3.4e+38 0.795270025730133 0.783303678035736 0.850370526313782 0.852938592433929 0.745306551456451 0.70675265789032 0.716264605522156 0.702095806598663 0.611004173755646 0.844121336936951 0.741634845733643 0.518775343894958 0.375019490718842 0.242246717214584 0.165672808885574 0.115012645721436
-3.4e+38 -3.4e+38 -3.4e+38 -3.4e+38 -3.4e+38 -3.4e+38 -3.4e+38 -3.4e+38 0.89276784658432 0.891873598098755 0.828891098499298 0.821839809417725 0.850885510444641 0.820082187652588 0.784541428089142 0.735932946205139 0.709780097007751 0.846163272857666 0.618418037891388 0.374998092651367 0.239993795752525 0.157351940870285 0.104693353176117 0.0860734805464745
-3.4e+38 -3.4e+38 -3.4e+38 -3.4e+38 -3.4e+38 -3.4e+38 -3.4e+38 -3.4e+38 -3.4e+38 0.862758159637451 0.870024800300598 0.80316948890686 0.838526785373688 0.855111658573151 0.76227217912674 0.710785984992981 0.904288291931152 0.77544379234314 0.491942971944809 0.301384270191193 0.184235706925392 0.104706734418869 0.0746560394763947 0.0673416256904602
-3.4e+38 -3.4e+38 -3.4e+38 -3.4e+38 -3.4e+38 -3.4e+38 -3.4e+38 -3.4e+38 0.905846774578094 0.729088366031647 0.785859048366547 0.785911858081818 0.870160043239594 0.847329318523407 0.735514104366302 0.925281465053558 0.837775230407715 0.767970323562622 0.431648194789886 0.24225577712059 0.135769620537758 0.0824735760688782 0.0552897043526173 0.0449491702020168
-3.4e+38 -3.4e+38 -3.4e+38 -3.4e+38 -3.4e+38 -3.4e+38 -3.4e+38 0.931323647499084 0.910625159740448 0.803032219409943 0.826872944831848 0.828260064125061 0.838796734809875 0.857735157012939 0.957563817501068 0.858369767665863 0.875550985336304 0.753042101860046 0.410394817590714 0.203215301036835 0.107464037835598 0.0651745200157166 0.0451338775455952 0.0326738767325878
-3.4e+38 -3.4e+38 -3.4e+38 -3.4e+38 -3.4e+38 -3.4e+38 -3.4e+38 -3.4e+38 0.891459584236145 0.829108595848083 0.808695554733276 0.801714539527893 0.864385008811951 0.872757613658905 0.935786247253418 0.863459765911102 0.902505695819855 0.827251017093658 0.34587624669075 0.171489149332047 0.0956209897994995 0.053313884884119 0.0392293930053711 0.0279298089444637
-3.4e+38 -3.4e+38 -3.4e+38 -3.4e+38 -3.4e+38 -3.4e+38 -3.4e+38 0.885735988616943 0.902653217315674 0.826773107051849 0.857622444629669 0.814001858234406 0.773382842540741 0.807514071464539 0.878174304962158 0.764164805412292 0.664346218109131 0.765770852565765 0.34427347779274 0.139895126223564 0.0830782204866409 0.0477418079972267 0.035431794822216 0.0253228303045034
-339999999999999996123846586046231871488.000000000000000 -3.4e+38 -3.4e+38 -3.4e+38 -3.4e+38 -3.4e+38 0.837382674217224 0.877930223941803 0.876653492450714 0.92482453584671 0.74875009059906 0.78741466999054 0.744584918022156 0.945534586906433 0.882153689861298 0.806547582149506 0.863132894039154 0.653639376163483 0.321554929018021 0.140565857291222 0.0801699608564377 0.0496051125228405 0.032423160970211 0.023011976853013
-3.4e+38 -3.4e+38 -3.4e+38 -3.4e+38 -3.4e+38 -3.4e+38 -3.4e+38 0.834727168083191 0.849146604537964 0.872304022312164 0.801872611045837 0.815835237503052 0.785934388637543 0.920320689678192 0.853560149669647 0.888077795505524 0.68485164642334 0.496568769216537 0.211529418826103 0.107585400342941 0.0684787631034851 0.0504238344728947 0.0310889855027199 0.0231658779084682
-3.4e+38 -3.4e+38 -3.4e+38 -3.4e+38 -3.4e+38 -3.4e+38 -3.4e+38 -3.4e+38 0.826790750026703 0.927941501140594 0.882829904556274 0.850482583045959 0.833257555961609 0.862368583679199 0.778417944908142 0.668747901916504 0.560713887214661 0.299358665943146 0.174419239163399 0.0896910205483437 0.0565450750291348 0.0410863980650902 0.0299372132867575 0.0229858569800854
-3.4e+38 -3.4e+38 -3.4e+38 -3.4e+38 -3.4e+38 -3.4e+38 -3.4e+38 -3.4e+38 -3.4e+38 0.894948899745941 0.941451847553253 0.858649253845215 0.838053047657013 0.846564173698425 0.648721635341644 0.567616879940033 0.461966037750244 0.256093293428421 0.124576173722744 0.0727741494774818 0.0541983023285866 0.0450539477169514 0.0318415053188801 0.0252531785517931
-3.4e+38 -3.4e+38 -3.4e+38 -3.4e+38 -3.4e+38 -3.4e+38 -3.4e+38 -3.4e+38 -3.4e+38 0.902044653892517 0.90462863445282 0.944305121898651 0.815118670463562 0.94879013299942 0.652743637561798 0.53399932384491 0.425489753484726 0.242176383733749 0.128353342413902 0.0803693160414696 0.0673211812973022 0.0566618479788303 0.0390857458114624 0.0253070909529924
-3.4e+38 -3.4e+38 -3.4e+38 -3.4e+38 -3.4e+38 -3.4e+38 -3.4e+38 -3.4e+38 -3.4e+38 0.928379416465759 0.921082198619843 0.946753442287445 0.921992719173431 0.912237107753754 0.786510407924652 0.591516494750977 0.505707979202271 0.30982705950737 0.120001547038555 0.100475430488586 0.110595196485519 0.0888576656579971 0.0654336512088776 0.0312202032655478
-3.4e+38 -3.4e+38 -3.4e+38 -3.4e+38 -3.4e+38 -3.4e+38 -3.4e+38 -3.4e+38 0.927789688110352 0.964236378669739 0.946356177330017 0.948375523090363 0.927592873573303 0.973047196865082 0.955651342868805 0.820439636707306 0.626547813415527 0.369771808385849 0.139621555805206 0.0870358124375343 0.0755174234509468 0.0898676738142967 0.0645317211747169 0.0372147038578987
-3.4e+38 -3.4e+38 -3.4e+38 -3.4e+38 -3.4e+38 -3.4e+38 -3.4e+38 -3.4e+38 0.921658635139465 0.957591593265533 0.936802744865417 0.98195219039917 0.976161956787109 0.966591477394104 0.994876384735107 0.950221836566925 0.812949299812317 0.568476378917694 0.282458752393723 0.211189225316048 0.0853947550058365 0.0729315057396889 0.0555708147585392 0.043263915926218
-3.4e+38 -3.4e+38 -3.4e+38 -3.4e+38 -3.4e+38 -3.4e+38 -3.4e+38 -3.4e+38 0.920610547065735 0.961611092090607 0.977759122848511 0.98025381565094 0.979374945163727 0.960156381130219 0.997811019420624 0.962636053562164 0.873261213302612 0.730259358882904 0.512243986129761 0.281445175409317 0.139204829931259 0.103366181254387 0.0684529468417168 0.0521841533482075
-3.4e+38 -3.4e+38 -3.4e+38 -3.4e+38 -3.4e+38 -3.4e+38 -3.4e+38 -3.4e+38 0.861294686794281 0.92336630821228 0.960431277751923 0.976242184638977 0.976044118404388 0.971656203269958 0.998192548751831 0.987102508544922 0.921339392662048 0.836238861083984 0.692546784877777 0.406435459852219 0.209315210580826 0.121943928301334 0.0824965685606003 0.0603148266673088
-3.4e+38 -3.4e+38 -3.4e+38 -3.4e+38 -3.4e+38 -3.4e+38 -3.4e+38 -3.4e+38 -3.4e+38 0.846590518951416 0.900958120822906 0.943079769611359 0.999835431575775 0.966048300266266 0.997922718524933 0.991663217544556 0.971019923686981 0.911060869693756 0.774003028869629 0.479250609874725 0.252060115337372 0.134413883090019 0.0921125411987305 0.0559592619538307
-3.4e+38 -3.4e+38 -3.4e+38 -3.4e+38 -3.4e+38 -3.4e+38 -3.4e+38 -3.4e+38 -3.4e+38 0.783868491649628 0.799749076366425 0.980659902095795 0.994994640350342 0.998076975345612 0.992683708667755 0.992683291435242 0.978901863098145 0.948971033096313 0.784717738628387 0.427054226398468 0.223115816712379 0.122673340141773 0.0779100134968758 0.0582809932529926
-3.4e+38 -3.4e+38 -3.4e+38 -3.4e+38 -3.4e+38 -3.4e+38 -3.4e+38 -3.4e+38 -3.4e+38 0.72487610578537 0.723446190357208 0.971505641937256 0.848069727420807 0.870775461196899 0.987713694572449 0.983072817325592 0.968816578388214 0.939724922180176 0.624950706958771 0.336397498846054 0.17860010266304 0.110479116439819 0.0568482838571072 0.0467888861894608
-3.4e+38 -3.4e+38 -3.4e+38 -3.4e+38 -3.4e+38 -3.4e+38 -3.4e+38 -3.4e+38 -3.4e+38 0.757708847522736 0.769130647182465 0.823528468608856 0.826514005661011 0.723888695240021 0.928703546524048 0.953495740890503 0.92232471704483 0.685304224491119 0.385676503181458 0.210277169942856 0.121268682181835 0.0794022157788277 0.0542161203920841 0.0377258881926537
-339999999999999996123846586046231871488.000000000000000 -3.4e+38 -3.4e+38 -3.4e+38 -3.4e+38 -3.4e+38 -3.4e+38 0.769394040107727 0.796531617641449 0.795978903770447 0.821256339550018 0.827214956283569 0.690836131572723 0.59053099155426 0.845891356468201 0.884567856788635 0.748500227928162 0.409425407648087 0.20866684615612 0.133720204234123 0.0839481204748154 0.05791936814785 0.0420984216034412 0.0325726717710495
-3.4e+38 -3.4e+38 -3.4e+38 -3.4e+38 -3.4e+38 -3.4e+38 0.852426171302795 0.84224808216095 0.811089873313904 0.880632400512695 0.862263321876526 0.673551201820374 0.910778999328613 0.843293249607086 0.760335922241211 0.688116371631622 0.413133472204208 0.189143717288971 0.109669663012028 0.08436269313097 0.0550851672887802 0.0423495136201382 0.034472469240427 0.0271797329187393
-3.4e+38 -3.4e+38 -3.4e+38 -3.4e+38 -3.4e+38 -3.4e+38 0.869077324867249 0.830221652984619 0.847800612449646 0.863017618656158 0.680334031581879 0.443162143230438 0.892741620540619 0.801024436950684 0.649939954280853 0.380321860313416 0.231724336743355 0.129820927977562 0.0631064847111702 0.0427408590912819 0.0359884724020958 0.0275942943990231 0.0258502159267664 0.0217634961009026
-3.4e+38 -3.4e+38 -3.4e+38 -3.4e+38 -3.4e+38 0.865964591503143 0.806044638156891 0.798581004142761 0.857323467731476 0.819365739822388 0.707336246967316 0.93945324420929 0.858156859874725 0.569098889827728 0.447415411472321 0.330453455448151 0.308469504117966 0.359490364789963 0.0581398718059063 0.0251229628920555 0.0226127821952105 0.020045543089509 0.0188279617577791 0.0184043329209089
-3.4e+38 -3.4e+38 -3.4e+38 -3.4e+38 -3.4e+38 0.867941498756409 0.745451390743256 0.873234629631042 0.854158937931061 0.986746728420258 0.808387100696564 0.431741148233414 0.516065359115601 0.555386245250702 0.67054295539856 0.604117691516876 0.571976184844971 0.151626795530319 0.0280490331351757 0.019964225590229 0.0231023728847504 0.0233715921640396 0.016021016985178 0.0141179356724024
-3.4e+38 -3.4e+38 -3.4e+38 -3.4e+38 -3.4e+38 0.854061841964722 0.781116008758545 0.895153880119324 0.986529111862183 0.985578238964081 0.497021645307541 0.435741096735001 0.524522364139557 0.723565459251404 0.668894231319427 0.63102787733078 0.552494406700134 0.0813141688704491 0.0203115213662386 0.0176814664155245 0.0202411934733391 0.0140627808868885 0.0132104540243745 0.0133445719256997
-3.4e+38 -3.4e+38 -3.4e+38 -3.4e+38 -3.4e+38 0.824664831161499 0.716002821922302 0.89977091550827 0.772756576538086 0.984800279140472 0.605287969112396 0.453202247619629 0.724027693271637 0.727295279502869 0.705929458141327 0.58762913942337 0.135413661599159 0.0387811772525311 0.0186193492263556 0.0135812880471349 0.0125775188207626 0.0124923354014754 0.0108750788494945 0.0116561697795987
-3.4e+38 -3.4e+38 -3.4e+38 0.972049176692963 0.974509477615356 0.766280949115753 0.779450535774231 0.909661412239075 0.853446781635284 0.729270160198212 0.43761870265007 0.661315977573395 0.796443164348602 0.728990733623505 0.609071612358093 0.240833178162575 0.0921059921383858 0.0383935011923313 0.0193138513714075 0.0125970290973783 0.0121001591905951 0.0104084853082895 0.0109561895951629 0.0109393242746592
-3.4e+38 -3.4e+38 -3.4e+38 0.812722623348236 0.82064014673233 0.803835153579712 0.915414988994598 0.869092166423798 0.55611127614975 0.484639257192612 0.852894067764282 0.855909466743469 0.798719584941864 0.708240509033203 0.497368156909943 0.153406172990799 0.035945251584053 0.0173805058002472 0.0120432293042541 0.0113301184028387 0.0108297187834978 0.00947531126439571 0.0106063038110733 0.00987924076616764
