data/climate_estimation/maxent_output/Colchicum_bivonae.asc
NCOLS 293 
NROWS 115 
XLLCORNER 12 
YLLCORNER 32.75 
CELLSIZE 0.0833333333333333 
NODATA_value -3.4e+38 
[rows 22 to 43 of 115, columns 100 to 149 of 293]
0.698181569576263 0.513647496700287 0.257555693387985 0.481253445148468 0.353985130786896 0.170702278614044 0.328852266073227 0.399512678384781 0.462346166372299 0.584767878055573 0.602444350719452 0.653835535049438 0.494220942258835 0.374270498752594 0.350459814071655 0.442634165287018 0.394846349954605 0.376650303602219 0.343812078237534 0.313636034727097 0.282568693161011 0.342392176389694 0.326935023069382 0.369119763374329 0.311425864696503 0.30597996711731 0.299948126077652 0.284130662679672 -3.4e+38 0.371164947748184 0.427272409200668 0.478376299142838 0.497976541519165 0.55983829498291 0.636251211166382 0.710350334644318 0.748461663722992 0.796726167201996 0.781520366668701 0.861895799636841 0.888645470142365 0.878341197967529 0.779268085956573 -3.4e+38 0.82769376039505 -3.4e+38 -3.4e+38 -3.4e+38 -3.4e+38 -3.4e+38
0.517867088317871 0.455214112997055 0.496354550123215 0.590559840202332 0.407250076532364 0.0862827375531197 0.173769563436508 0.388497829437256 0.448495239019394 0.508135974407196 0.559970378875732 0.636249661445618 0.652774691581726 0.583177328109741 0.320869207382202 0.399917244911194 0.412413895130157 0.390699982643127 0.369396984577179 0.355077028274536 0.354966461658478 0.370710045099258 0.392465025186539 0.359350770711899 0.330670088529587 0.327571868896484 0.291213840246201 0.270619958639145 -3.4e+38 -3.4e+38 0.370408624410629 0.443183481693268 0.477197796106339 0.535533607006073 0.652660667896271 0.733418941497803 0.732302367687225 0.824190437793732 0.833595216274261 0.795721769332886 0.815522134304047 0.827663004398346 0.826279580593109 0.839572250843048 0.895314335823059 0.915209233760834 0.909484207630157 -3.4e+38 -3.4e+38 -3.4e+38
0.68535453081131 0.740521609783173 0.620832622051239 0.566896438598633 0.266823768615723 0.253316968679428 0.295725971460342 0.380985051393509 0.384465217590332 0.449510335922241 0.610407769680023 0.63465678691864 0.694302380084991 0.698000490665436 0.446944832801819 0.443533658981323 0.4748215675354 0.42154797911644 0.406637936830521 0.387359738349915 0.369666963815689 0.399230092763901 0.32598340511322 0.370077311992645 0.278372198343277 0.245007321238518 0.246516495943069 0.253660142421722 -3.4e+38 -3.4e+38 -3.4e+38 -3.4e+38 0.445046067237854 0.491263031959534 0.521806240081787 0.57800155878067 0.589544892311096 0.694675862789154 0.708395004272461 0.810002088546753 0.788626849651337 -3.4e+38 0.801538586616516 -3.4e+38 0.943290889263153 0.943384766578674 0.958087682723999 0.942764759063721 -3.4e+38 -3.4e+38
0.832135319709778 0.890197575092316 0.560567617416382 0.580834150314331 0.294289886951447 0.573432087898254 0.497070699930191 0.497089356184006 0.481995642185211 0.502215921878815 0.641628384590149 0.650609731674194 0.701642632484436 0.705336213111877 0.656009256839752 0.439480811357498 0.454640418291092 0.450053989887238 0.355601012706757 0.326867520809174 0.423818141222 0.350970476865768 0.349043101072311 0.428314805030823 0.290931016206741 0.22711443901062 0.227279603481293 -3.4e+38 -3.4e+38 -3.4e+38 -3.4e+38 -3.4e+38 -3.4e+38 -3.4e+38 -3.4e+38 0.52640962600708 0.562500059604645 -3.4e+38 0.691273093223572 0.733887553215027 0.792825877666473 0.867848753929138 0.869031429290771 -3.4e+38 -3.4e+38 -3.4e+38 0.959583580493927 0.967135787010193 0.966150104999542 -3.4e+38
0.450821727514267 0.471221566200256 0.914977312088013 0.839115858078003 0.796743273735046 0.736350417137146 0.397417396306992 0.209527879953384 0.35727658867836 0.464722007513046 0.59195351600647 0.641405045986176 0.691542983055115 0.730549216270447 0.71674770116806 0.580080091953278 0.524014532566071 0.504544496536255 0.41778039932251 0.467259794473648 0.45294189453125 0.436734825372696 0.43181648850441 0.401649951934814 0.375584542751312 0.49116450548172 0.249399468302727 -3.4e+38 -3.4e+38 -3.4e+38 -3.4e+38 -3.4e+38 -3.4e+38 -3.4e+38 -3.4e+38 0.526590526103973 0.588241159915924 0.618549108505249 -3.4e+38 -3.4e+38 0.840766549110413 0.900502383708954 0.948567926883698 0.93454384803772 -3.4e+38 -3.4e+38 -3.4e+38 0.95410031080246 0.968705773353577 -3.4e+38
0.710225939750671 0.530452370643616 0.712336719036102 0.919859766960144 0.891092240810394 0.578375458717346 0.563898503780365 0.383947342634201 0.382761508226395 0.407332003116608 0.591638505458832 0.680887043476105 0.75593501329422 0.767079889774323 0.725761234760284 0.634869873523712 0.568634986877441 0.559702932834625 0.517260074615479 0.487028807401657 0.475454479455948 0.412179827690125 0.453739643096924 0.38384798169136 0.176074683666229 0.477451860904694 0.300175547599792 0.25478994846344 -3.4e+38 -3.4e+38 -3.4e+38 -3.4e+38 -3.4e+38 -3.4e+38 -3.4e+38 -3.4e+38 0.624967336654663 0.662359714508057 0.74745500087738 -3.4e+38 -3.4e+38 0.869923055171967 0.928725898265839 0.931326150894165 0.903481602668762 -3.4e+38 -3.4e+38 -3.4e+38 -3.4e+38 -3.4e+38
0.878208220005035 0.753319561481476 0.886689066886902 0.901427924633026 0.621676206588745 0.144973650574684 0.296380013227463 0.508578717708588 0.479758977890015 0.368020802736282 0.545082330703735 0.677290558815002 0.775605320930481 0.738593935966492 0.686075389385223 0.651090741157532 0.633790135383606 0.584408819675446 0.563197493553162 0.558877229690552 0.42878383398056 0.376388341188431 0.422669976949692 0.498366922140121 0.492303103208542 0.529646039009094 0.550388157367706 0.262436270713806 0.227623298764229 -3.4e+38 -3.4e+38 -3.4e+38 -3.4e+38 -3.4e+38 -3.4e+38 -3.4e+38 0.587230801582336 0.72451788187027 0.771434783935547 0.79069447517395 0.817025899887085 0.85429722070694 0.872341334819794 0.925612449645996 -3.4e+38 -3.4e+38 -3.4e+38 -3.4e+38 -3.4e+38 -3.4e+38
0.98351913690567 0.955015778541565 0.953553259372711 0.945279657840729 0.648235678672791 0.667366921901703 0.600890755653381 0.546617150306702 0.430715054273605 0.33374959230423 0.385331660509109 0.589739382266998 0.685302257537842 0.691340923309326 0.718148946762085 0.70833957195282 0.682225108146667 0.642699480056763 0.611205697059631 0.630699157714844 0.389294922351837 0.362218976020813 0.319127321243286 0.588315486907959 0.519426226615906 0.330313235521317 0.378646850585938 0.464801490306854 0.378129541873932 0.332848221063614 -3.4e+38 -3.4e+38 -3.4e+38 -3.4e+38 -3.4e+38 -3.4e+38 -3.4e+38 -3.4e+38 -3.4e+38 -3.4e+38 0.854534208774567 -3.4e+38 -3.4e+38 -3.4e+38 -3.4e+38 -3.4e+38 -3.4e+38 -3.4e+38 -3.4e+38 -3.4e+38
0.754233777523041 0.954972147941589 0.923401057720184 0.963263869285583 0.913877427577972 0.740144312381744 0.827552676200867 0.855405867099762 0.629727721214294 0.600215911865234 0.464374661445618 0.694598793983459 0.77979451417923 0.825535237789154 0.76435124874115 0.727537095546722 0.714929401874542 0.671713888645172 0.600838363170624 0.634873270988464 0.40109971165657 0.353165596723557 0.473218947649002 0.241270169615746 0.181589290499687 0.199892908334732 0.26895660161972 0.699275612831116 0.612404763698578 0.628122508525848 0.342846304178238 -3.4e+38 -3.4e+38 -3.4e+38 -3.4e+38 -3.4e+38 -3.4e+38 -3.4e+38 -3.4e+38 -3.4e+38 -3.4e+38 -3.4e+38 -3.4e+38 -3.4e+38 -3.4e+38 -3.4e+38 -3.4e+38 -3.4e+38 -3.4e+38 -3.4e+38
0.972231388092041 0.974534690380096 0.98542320728302 0.987097203731537 0.91558301448822 0.927426695823669 0.810023844242096 0.885848522186279 0.827875912189484 0.427034318447113 0.449851006269455 0.424587666988373 0.661073863506317 0.829476356506348 0.769906878471375 0.598949134349823 0.529592990875244 0.669379770755768 0.711853563785553 0.735250949859619 0.43798765540123 0.379668772220612 0.282216817140579 0.24777689576149 0.214503705501556 0.220189929008484 0.197392493486404 0.442690581083298 0.462523937225342 0.378891229629517 0.330923616886139 -3.4e+38 -3.4e+38 -3.4e+38 -3.4e+38 -3.4e+38 -3.4e+38 -3.4e+38 -3.4e+38 -3.4e+38 -3.4e+38 -3.4e+38 -3.4e+38 -3.4e+38 -3.4e+38 -3.4e+38 -3.4e+38 -3.4e+38 -3.4e+38 -3.4e+38
0.957520246505737 0.968340992927551 0.975162625312805 0.974575042724609 0.921587586402893 0.900728940963745 0.971649825572968 0.934932172298431 0.809498071670532 0.383741408586502 0.502188563346863 0.621456980705261 0.400068134069443 0.661807298660278 0.780630052089691 0.527082622051239 0.406045436859131 0.399489998817444 0.477091461420059 0.444072186946869 0.402591943740845 0.424008995294571 0.311886042356491 0.272443532943726 0.217560887336731 0.2196064889431 0.231861263513565 0.279830902814865 0.3338343501091 0.759395897388458 0.590441048145294 0.436871409416199 -3.4e+38 -3.4e+38 -3.4e+38 -3.4e+38 -3.4e+38 -3.4e+38 -3.4e+38 -3.4e+38 -3.4e+38 -3.4e+38 -3.4e+38 -3.4e+38 -3.4e+38 -3.4e+38 -3.4e+38 -3.4e+38 -3.4e+38 -3.4e+38
0.806691765785217 0.955745041370392 0.903444647789001 0.973293483257294 0.943664610385895 0.835827827453613 0.957873046398163 0.929815590381622 0.91754162311554 0.831250309944153 0.398506432771683 0.734694361686707 0.544295310974121 0.513443529605865 0.697452485561371 0.491771996021271 0.397000223398209 0.356231898069382 0.346775501966476 0.342354744672775 0.337092071771622 0.385514587163925 0.357331424951553 0.250031173229218 0.2406085729599 0.27158921957016 0.241580605506897 0.323297619819641 0.372480779886246 0.435258686542511 0.715067267417908 0.771112203598022 0.676348865032196 0.596071660518646 -3.4e+38 -3.4e+38 -3.4e+38 -3.4e+38 -3.4e+38 -3.4e+38 -3.4e+38 -3.4e+38 -3.4e+38 -3.4e+38 -3.4e+38 -3.4e+38 0.9433354139328 -3.4e+38 -3.4e+38 -3.4e+38
0.920042335987091 0.920870661735535 0.947065889835358 0.831531584262848 0.962326526641846 0.85373717546463 0.975729942321777 0.894459247589111 0.974297523498535 0.622393906116486 0.619657278060913 0.782048761844635 0.730703055858612 0.633497774600983 0.896956384181976 0.680035889148712 0.444621294736862 0.394418478012085 0.375528305768967 0.358136862516403 0.366012632846832 0.361748665571213 0.362963765859604 0.373395383358002 0.320865154266357 0.315738499164581 0.427740186452866 0.407057136297226 0.351208090782166 0.450586467981339 0.511047959327698 0.822671711444855 0.896579205989838 0.72297990322113 -3.4e+38 -3.4e+38 -3.4e+38 -3.4e+38 -3.4e+38 -3.4e+38 -3.4e+38 -3.4e+38 -3.4e+38 -3.4e+38 -3.4e+38 -3.4e+38 0.936755001544952 -3.4e+38 -3.4e+38 -3.4e+38
0.863311767578125 0.90758889913559 0.886488378047943 0.937820315361023 0.967161774635315 0.952513456344604 0.98715204000473 0.761095106601715 0.982953011989594 0.953501343727112 0.887254476547241 0.896602928638458 0.883384644985199 0.780498683452606 0.718789875507355 0.909102737903595 0.838917255401611 0.558631896972656 0.404994070529938 0.394436448812485 0.381904870271683 0.373090028762817 0.372430562973022 0.380981743335724 0.422464072704315 0.435915321111679 0.537805318832397 0.557217955589294 0.522368252277374 0.51952451467514 0.524043917655945 0.631935298442841 0.904514908790588 0.92486310005188 0.798008024692535 0.728811204433441 -3.4e+38 -3.4e+38 -3.4e+38 -3.4e+38 -3.4e+38 -3.4e+38 -3.4e+38 -3.4e+38 0.958642423152924 0.956763446331024 0.95231682062149 0.939005792140961 -3.4e+38 -3.4e+38
0.901579678058624 0.833572149276733 0.808435082435608 0.949361324310303 0.969853937625885 0.972033679485321 0.962636291980743 0.970323920249939 0.95476108789444 0.958861589431763 0.970646560192108 0.955035209655762 0.927383363246918 0.93308025598526 0.712947428226471 0.593127250671387 0.84478360414505 0.835591077804565 0.51399302482605 0.447575807571411 0.429629862308502 0.414172053337097 0.406698554754257 0.407774746417999 0.475617259740829 0.49179881811142 0.519480526447296 0.570236563682556 0.56544816493988 0.554271757602692 0.569262504577637 0.604371964931488 0.68630462884903 0.739620745182037 0.844244062900543 0.823692262172699 -3.4e+38 -3.4e+38 -3.4e+38 -3.4e+38 -3.4e+38 -3.4e+38 -3.4e+38 0.961183071136475 0.950939893722534 0.944882035255432 -3.4e+38 -3.4e+38 -3.4e+38 -3.4e+38
-3.4e+38 0.713455557823181 0.804302990436554 0.917384803295135 0.933851361274719 0.898408591747284 0.869816958904266 0.953015863895416 0.936802923679352 0.958415329456329 0.985305607318878 0.892728805541992 0.959775149822235 0.912509739398956 0.616482317447662 0.752316772937775 0.732722997665405 0.890570044517517 0.859875798225403 0.658337712287903 0.577890872955322 0.478071510791779 0.44392603635788 0.473965555429459 0.694987237453461 0.636383235454559 0.605739235877991 0.561321973800659 0.531847357749939 0.497060388326645 0.63394969701767 -3.4e+38 -3.4e+38 0.718794286251068 0.863881051540375 0.87056303024292 0.838596045970917 0.932082831859589 0.897380590438843 0.947443008422852 -3.4e+38 -3.4e+38 0.971912145614624 0.967441856861115 -3.4e+38 -3.4e+38 -3.4e+38 -3.4e+38 -3.4e+38 -3.4e+38
-3.4e+38 -3.4e+38 0.831640422344208 0.868092954158783 0.862921059131622 0.834101557731628 0.860136091709137 0.860969364643097 0.906750679016113 0.951339185237885 0.979526877403259 0.894468903541565 0.95231294631958 0.977531015872955 0.85231876373291 0.941579043865204 0.726258635520935 0.91397762298584 0.851542294025421 0.903033494949341 0.749503612518311 0.725906789302826 0.68102753162384 0.650052726268768 0.628241240978241 0.675356924533844 0.850483477115631 0.867005407810211 0.736868917942047 0.605698585510254 0.673723578453064 0.679804444313049 0.800312936306 0.818490624427795 0.832165479660034 0.876901209354401 0.860981643199921 0.887367904186249 0.877253413200378 0.973096430301666 0.967723250389099 0.98139888048172 0.957843065261841 -3.4e+38 -3.4e+38 0.932198107242584 -3.4e+38 -3.4e+38 -3.4e+38 -3.4e+38
-3.4e+38 -3.4e+38 -3.4e+38 -3.4e+38 0.797986507415771 0.8117995262146 0.816885828971863 0.850240170955658 0.865296840667725 0.932813107967377 0.983797669410706 0.982253313064575 0.984469354152679 0.947932779788971 0.976094722747803 0.957813084125519 0.955944299697876 0.928158402442932 0.891671597957611 0.894453108310699 0.882192850112915 0.796473979949951 0.736363053321838 0.717338144779205 0.753110587596893 0.798015475273132 0.872926771640778 0.860948741436005 0.876731872558594 0.855739116668701 0.690305829048157 0.736490726470947 0.771510303020477 0.790042877197266 0.804290592670441 0.868242859840393 0.860222816467285 -3.4e+38 -3.4e+38 -3.4e+38 0.963672935962677 -3.4e+38 -3.4e+38 0.930588722229004 0.92312490940094 0.912009835243225 -3.4e+38 -3.4e+38 -3.4e+38 -3.4e+38
-3.4e+38 -3.4e+38 -3.4e+38 -3.4e+38 0.77620941400528 0.783573508262634 0.826399445533752 0.861221194267273 0.847790539264679 0.869819223880768 0.929390251636505 0.972338497638702 0.9765465259552 0.961034178733826 0.931704938411713 0.967631697654724 0.963030755519867 0.782206237316132 0.917063176631927 0.90383368730545 0.804943144321442 0.654247760772705 0.620522260665894 0.628171861171722 0.680688440799713 0.791389048099518 0.786080837249756 0.819291055202484 0.86379611492157 0.821284413337708 0.6705442070961 0.760512113571167 0.748319327831268 0.784318864345551 0.850513577461243 0.919369995594025 0.913466989994049 0.898890614509583 -3.4e+38 -3.4e+38 -3.4e+38 -3.4e+38 -3.4e+38 -3.4e+38 -3.4e+38 -3.4e+38 -3.4e+38 -3.4e+38 -3.4e+38 0.797243058681488
-3.4e+38 -3.4e+38 -3.4e+38 -3.4e+38 0.737568795681 0.818436086177826 0.819961309432983 0.936456918716431 0.918746531009674 0.904679775238037 0.922009587287903 0.964435815811157 0.949251532554626 0.934341907501221 0.965618073940277 0.971168875694275 0.943662405014038 0.954712152481079 0.853240549564362 0.922651469707489 0.909723460674286 0.821843504905701 0.799191534519196 0.824614942073822 0.613683342933655 0.563924133777618 0.55156147480011 0.570890069007874 0.585005283355713 0.648857653141022 0.773073434829712 0.801451623439789 0.806869149208069 0.869954288005829 0.92707371711731 0.941803455352783 0.949361681938171 0.905903995037079 -3.4e+38 -3.4e+38 -3.4e+38 -3.4e+38 -3.4e+38 -3.4e+38 -3.4e+38 -3.4e+38 -3.4e+38 -3.4e+38 0.846552848815918 0.784834623336792
-3.4e+38 -3.4e+38 -3.4e+38 0.902709901332855 0.811119139194489 0.846073925495148 0.877616763114929 0.951473474502563 0.965539932250977 0.921842277050018 0.94213742017746 0.958261430263519 0.929275512695312 0.957629144191742 0.966841578483582 0.973972141742706 0.958530604839325 0.932477116584778 0.88850063085556 0.822450637817383 0.914356470108032 0.916988492012024 0.82719624042511 0.660809576511383 0.913605690002441 0.734698057174683 0.765910565853119 0.659102737903595 0.621832430362701 0.760580599308014 0.738478362560272 0.714418292045593 0.746976792812347 -3.4e+38 0.85896372795105 0.900429964065552 0.902678847312927 0.910595417022705 0.91558438539505 0.939229726791382 0.944918632507324 -3.4e+38 -3.4e+38 -3.4e+38 -3.4e+38 -3.4e+38 -3.4e+38 -3.4e+38 -3.4e+38 0.746474742889404
-3.4e+38 -3.4e+38 0.84391850233078 0.909592151641846 0.847081661224365 0.761845946311951 0.932229340076447 0.933809876441956 0.956555783748627 0.91436779499054 0.881931066513062 0.906177043914795 0.889427542686462 0.934841454029083 0.955785870552063 0.933689594268799 0.94722318649292 0.952613830566406 0.951497197151184 0.927308797836304 0.898223042488098 0.652752220630646 0.899629950523376 0.893695652484894 0.906491875648499 0.816363155841827 0.895317375659943 0.851294875144958 0.773117065429688 0.827857553958893 0.84382575750351 0.831683576107025 0.789739072322845 0.797837495803833 0.822069108486176 -3.4e+38 0.935421645641327 0.966449081897736 0.946385264396667 0.977229356765747 0.971633195877075 0.968320548534393 0.921890139579773 0.929686546325684 0.946307957172394 0.910423994064331 -3.4e+38 -3.4e+38 -3.4e+38 -3.4e+38
