data/climate_estimation/maxent_output/Colchicum_triphyllum.asc
NCOLS 542 
NROWS 123 
XLLCORNER -6.33333333333333 
YLLCORNER 34.9166666666667 
CELLSIZE 0.0833333333333333 
NODATA_value -3.4e+38 
[rows 0 to 21 of 123, columns 147 to 195 of 542]
0.00143488822504878 0.0148973064497113 2.60494362009922e-05 9.09393274923787e-05 2.99109287880128e-05 3.10280665871687e-05 0.00015125673962757 1.51526419358561e-05 3.3076255931519e-05 9.09094960661605e-05 1.65497713169316e-05 1.53110158862546e-05 0.0114176906645298 0.0445504374802113 0.103292904794216 0.190272688865662 0.197917431592941 0.271890223026276 0.333795815706253 0.221848785877228 0.137840241193771 0.12022390216589 0.167707115411758 0.221382737159729 0.26382640004158 0.255629897117615 0.232385098934174 0.200102165341377 0.146467968821526 0.116621516644955 0.125413745641708 0.117359139025211 0.122782476246357 0.101326480507851 0.104294806718826 0.0915716513991356 0.0853894874453545 0.0796670913696289 0.0743537545204163 0.0661943778395653 0.0543979443609715 0.0483976043760777 0.0375985018908978 0.0327993407845497 0.0413301065564156 0.040503803640604 0.0445210114121437 0.0406794250011444 0.0395521372556686
0.00108149298466742 0.0264033954590559 0.0042392760515213 0.00021155973081477 0.00011685070785461 6.87135398038663e-05 5.64627698622644e-05 5.13356280862354e-05 0.000391505920561031 0.00144366128370166 0.0039801113307476 0.00464996276423335 0.000371213653124869 0.00117199902888387 0.000966541585512459 0.00290773273445666 0.180220022797585 0.33638259768486 0.27849143743515 0.202793717384338 0.122561529278755 0.179994344711304 0.260443896055222 0.223172247409821 0.270890682935715 0.274236291646957 0.253865003585815 0.208689153194427 0.180758491158485 0.168854519724846 0.175418764352798 0.179181799292564 0.18759186565876 0.184452429413795 0.160644993185997 0.144034132361412 0.134533792734146 0.113721296191216 0.106475658714771 0.0796896070241928 0.0640114694833755 0.0582562647759914 0.0556829907000065 0.0460040010511875 0.0476490780711174 0.0430037602782249 0.0461691282689571 0.0445604547858238 0.0381133891642094
0.002600277075544 0.000175491732079536 0.000395597511669621 6.89834050717764e-05 1.43158868013415e-05 6.74145439916174e-06 4.494758832152e-05 0.000734259432647377 0.000502195151057094 0.000371412112144753 0.00294533721171319 0.000397788535337895 6.8463064962998e-05 0.00109554652590305 0.0440423265099525 0.109187610447407 0.238794356584549 0.314074039459229 0.255652546882629 0.197740152478218 0.15285561978817 0.165964052081108 0.189416244626045 0.234955787658691 0.259922802448273 0.27014434337616 0.248048797249794 0.237861722707748 0.267474889755249 0.25523316860199 0.294637739658356 0.30696627497673 0.262597322463989 0.263779819011688 0.238279655575752 0.2053192704916 0.183174520730972 0.147653177380562 0.120534919202328 0.097264476120472 0.0773883834481239 0.0710726827383041 0.064999058842659 0.0739158317446709 0.07826067507267 0.0685776397585869 0.0602811053395271 0.0493290945887566 0.0435005016624928
0.0145529080182314 0.0029971448238939 0.000118821575597394 2.58726759057026e-05 1.93516752915457e-05 5.76725233258912e-06 0.00141141633503139 0.000514711893629283 0.00981183815747499 0.000584913184866309 0.000161068557645194 2.97392452921486e-05 3.83282349503133e-05 0.000437332142610103 0.000895331322681159 0.141989186406136 0.350751429796219 0.280140072107315 0.256767809391022 0.246244698762894 0.217851787805557 0.212405115365982 0.249135613441467 0.279834598302841 0.337824285030365 0.297425299882889 0.326308339834213 0.380569875240326 0.376678645610809 0.416812598705292 0.437438786029816 0.427856653928757 0.405555099248886 0.360699057579041 0.338031649589539 0.265961855649948 0.22463059425354 0.184500128030777 0.136914148926735 0.117516852915287 0.104262858629227 0.0801798328757286 0.071611762046814 0.0798687115311623 0.0910490602254868 0.100585095584393 0.101021617650986 0.0840058103203773 0.0622331574559212
0.0753319710493088 0.0120196100324392 0.00250962469726801 0.000959795142989606 0.000252554862527177 3.59991609002464e-05 0.000325026485370472 0.0356457084417343 0.000441468902863562 0.000227515251026489 0.000281311455182731 0.000429428211646155 0.000578779261559248 0.000649687717668712 0.0549012571573257 0.196234032511711 0.337601542472839 0.311242610216141 0.272784471511841 0.278201639652252 0.275838434696198 0.269382804632187 0.316563308238983 0.38945060968399 0.351846128702164 0.385315120220184 0.475317269563675 0.472641855478287 0.535734891891479 0.524530529975891 0.529816806316376 0.542483985424042 0.488611251115799 0.481457650661469 0.401567190885544 0.350288301706314 0.266529411077499 0.21806526184082 0.183074712753296 0.145612180233002 0.0554737597703934 0.142012029886246 0.136575549840927 0.122929938137531 0.101627111434937 0.0851816385984421 0.0912147387862206 0.0893638208508492 0.0806741490960121
0.00857674051076174 0.135543033480644 0.011115106754005 0.0012405205052346 0.00277851265855134 0.000160606796271168 0.000182303308974952 0.00189243501517922 0.0345546267926693 0.00200988445430994 0.00123723829165101 0.000228894437896088 4.3268588342471e-05 4.68394318886567e-05 0.000447272410383448 0.0229192022234201 0.366532951593399 0.375524818897247 0.335730671882629 0.355608463287354 0.36462414264679 0.388172268867493 0.412766963243484 0.469573259353638 0.531136453151703 0.565360963344574 0.557186245918274 0.685646712779999 0.674066483974457 0.640477955341339 0.658192157745361 0.638126790523529 0.608575463294983 0.555977702140808 0.480567127466202 0.427071243524551 0.332701593637466 0.248993769288063 0.0612638853490353 0.0265108328312635 0.0881871953606606 0.216112926602364 0.0583687163889408 0.111061930656433 0.092414103448391 0.0839332416653633 0.112321138381958 0.144200712442398 0.128194317221642
0.00415740394964814 0.0182839352637529 0.145825952291489 0.0308239720761776 0.000815436651464552 0.000474237953312695 0.00088474532822147 0.0902731344103813 0.00853137020021677 0.00120031845290214 0.000114130183646921 5.68232862860896e-05 2.81241191260051e-05 0.000733962398953736 0.000363691011443734 0.00864414311945438 0.247648552060127 0.500824928283691 0.505141198635101 0.517078638076782 0.543428897857666 0.570819079875946 0.582833290100098 0.64532595872879 0.750827610492706 0.68712043762207 0.6902174949646 0.784393608570099 0.782829821109772 0.799247741699219 0.760936915874481 0.71846604347229 0.678420662879944 0.547132194042206 0.360543936491013 0.27225199341774 0.266519755125046 0.1623325496912 0.09896569699049 0.0307762268930674 0.186562955379486 0.136349633336067 0.0844495370984077 0.0810319110751152 0.146892130374908 0.217508867383003 0.237233281135559 0.182312473654747 0.21257196366787
0.0716178566217422 0.366537123918533 0.411215007305145 0.295142829418182 0.226841926574707 0.256633371114731 0.224307343363762 0.0514629036188126 0.000503801740705967 0.00038627750473097 0.000453412561910227 4.45923215011135e-05 0.000100257013400551 0.00114065082743764 0.0106902653351426 0.0449531823396683 0.0942492857575417 0.41354575753212 0.63785058259964 0.669760465621948 0.672536075115204 0.781093597412109 0.792379677295685 0.835062682628632 0.867646813392639 0.780659139156342 0.874597728252411 0.86657303571701 0.872506320476532 0.86957460641861 0.74514240026474 0.447697013616562 0.452006727457047 0.294068247079849 0.146910533308983 0.2506043612957 0.297642827033997 0.182869717478752 0.087186835706234 0.0976481139659882 0.129697680473328 0.0871711820363998 0.0582735054194927 0.0618977285921574 0.192678406834602 0.241856470704079 0.19921350479126 0.317168891429901 0.307038217782974
0.227823570370674 0.580907762050629 0.36722120642662 0.405115038156509 0.366997808218002 0.104905679821968 0.00629766099154949 0.000730671861674637 0.000214580868487246 0.00182680308353156 0.00117376178968698 0.000313493277644739 0.0013983566313982 0.00681685516610742 0.00965035799890757 0.0402314998209476 0.31138888001442 0.662660539150238 0.819563031196594 0.855428874492645 0.870528876781464 0.88875675201416 0.914770066738129 0.923755526542664 0.924134910106659 0.752784073352814 0.848564505577087 0.812457323074341 0.863165616989136 0.759374499320984 0.659915566444397 0.207729056477547 0.180231556296349 0.351850867271423 0.358560919761658 0.370360195636749 0.369854867458344 0.28164067864418 0.248167440295219 0.23358154296875 0.178719639778137 0.20190866291523 0.0694479271769524 0.137489601969719 0.312813878059387 0.454256981611252 0.327239513397217 0.208147749304771 0.188159972429276
0.592936992645264 0.294183492660522 0.0997867062687874 0.153486430644989 0.114362291991711 0.0199015364050865 0.0125364633277059 0.00723296357318759 0.0355853885412216 0.0102247446775436 0.000787517230492085 0.000239834538660944 0.000854700279887766 0.00143766298424453 0.00078560144174844 0.00791141204535961 0.072629027068615 0.354792207479477 0.777008593082428 0.831830084323883 0.882178902626038 0.87497889995575 0.893871068954468 0.877287030220032 0.890585958957672 0.843713879585266 0.631998538970947 0.805655300617218 0.772550284862518 0.612387359142303 0.626317262649536 0.573522686958313 0.531786322593689 0.507030487060547 -3.4e+38 0.408868700265884 0.381761938333511 0.320886164903641 0.359444677829742 0.440453141927719 0.463855624198914 0.491870224475861 0.308910459280014 0.398692309856415 0.389241516590118 0.108990304172039 0.206247463822365 0.634718000888824 0.442257851362228
0.654304385185242 0.443309426307678 0.0917311534285545 0.0194633975625038 0.0371772050857544 0.059428408741951 0.00273429695516825 0.000773321662563831 0.00229707011021674 0.000498265551868826 0.000240210079937242 0.00291551765985787 0.000412757362937555 0.00198399345390499 0.0140054142102599 0.024477930739522 0.0687462911009789 0.256195425987244 0.356647491455078 0.406084626913071 0.217590987682343 0.381082057952881 0.295529931783676 0.315583288669586 0.291670918464661 0.572898745536804 0.404494345188141 0.391412764787674 0.537298023700714 0.665787160396576 0.650102972984314 -3.4e+38 -3.4e+38 -3.4e+38 -3.4e+38 -3.4e+38 -3.4e+38 -3.4e+38 0.379685461521149 0.412656605243683 0.475775718688965 0.475328266620636 0.469622403383255 0.446987420320511 0.537953734397888 0.573493719100952 0.418843537569046 0.65328711271286 0.741606056690216
0.643268525600433 0.393403500318527 0.153826490044594 0.101966857910156 0.154743537306786 0.229862540960312 0.0404099896550179 0.00176557782106102 0.00971517525613308 0.00161232124082744 0.00129515549633652 0.00184321752749383 0.0136519465595484 0.00518798036500812 0.0011304224608466 0.000388448737794533 0.00225172936916351 0.0167591944336891 0.0132300276309252 0.0616644322872162 0.011459126137197 0.00524225551635027 0.00496932538226247 0.0211492851376534 0.0725912302732468 0.316281229257584 0.305180221796036 0.34440803527832 0.633189082145691 0.635483145713806 0.616464197635651 -3.4e+38 -3.4e+38 -3.4e+38 -3.4e+38 -3.4e+38 -3.4e+38 -3.4e+38 -3.4e+38 -3.4e+38 -3.4e+38 -3.4e+38 0.474526584148407 0.456054091453552 0.464938431978226 0.497749000787735 0.545444786548615 0.608237445354462 0.622561931610107
0.66380774974823 0.580112874507904 0.476213008165359 0.431765109300613 0.559665739536285 0.108500070869923 0.0197059977799654 0.0300713907927275 0.00994815584272146 0.00171012571081519 0.0552304983139038 0.049744687974453 0.00460091792047024 0.0133212842047215 0.0293391719460487 0.0014031621394679 0.00164978380780667 0.000696389412041754 0.000605053268373013 0.0104087479412556 0.0192780047655106 0.00625633541494608 0.0384752079844475 0.104767598211765 0.137391433119774 0.437721908092499 0.620476722717285 0.629667997360229 0.627661764621735 -3.4e+38 -3.4e+38 -3.4e+38 -3.4e+38 -3.4e+38 -3.4e+38 -3.4e+38 -3.4e+38 -3.4e+38 -3.4e+38 -3.4e+38 -3.4e+38 -3.4e+38 -3.4e+38 -3.4e+38 0.428811222314835 0.466437041759491 0.419403493404388 0.459319293498993 0.504628598690033
0.742359578609467 0.664993941783905 0.656315803527832 0.616378486156464 0.28884756565094 0.235052525997162 0.10105536878109 0.0635918453335762 0.0440143756568432 0.0183244924992323 0.0955292880535126 0.110404439270496 0.0378298573195934 0.041965190321207 0.362244516611099 0.0431708805263042 0.0813957825303078 0.00991867855191231 0.00368233304470778 0.0604697801172733 0.0808851346373558 0.0440992936491966 0.078524723649025 0.395766615867615 0.549209356307983 0.53982025384903 0.541693389415741 0.550329804420471 -3.4e+38 -3.4e+38 -3.4e+38 -3.4e+38 -3.4e+38 -3.4e+38 -3.4e+38 -3.4e+38 -3.4e+38 -3.4e+38 -3.4e+38 -3.4e+38 -3.4e+38 -3.4e+38 -3.4e+38 -3.4e+38 -3.4e+38 -3.4e+38 0.381931394338608 0.391904503107071 0.412554234266281
0.748722314834595 0.646071970462799 0.621152997016907 0.502778232097626 0.210824444890022 0.333265453577042 0.189849451184273 0.205622047185898 0.120361775159836 0.301892429590225 0.439079850912094 0.384027451276779 0.365971773862839 0.374777942895889 0.505380868911743 0.294304668903351 0.393961131572723 0.0952082723379135 0.0741661712527275 0.311061412096024 0.15429650247097 0.238963603973389 0.294913649559021 0.317079275846481 0.457334965467453 0.454680979251862 0.434121191501617 0.441978305578232 -3.4e+38 -3.4e+38 -3.4e+38 -3.4e+38 -3.4e+38 -3.4e+38 -3.4e+38 -3.4e+38 -3.4e+38 -3.4e+38 -3.4e+38 -3.4e+38 -3.4e+38 -3.4e+38 -3.4e+38 -3.4e+38 -3.4e+38 -3.4e+38 -3.4e+38 -3.4e+38 -3.4e+38
0.766495108604431 0.721898853778839 0.670974433422089 0.369670242071152 0.0702531039714813 0.119684047996998 0.157582134008408 0.23684161901474 0.0563616566359997 0.15712009370327 0.239898800849915 0.438821166753769 0.47017702460289 0.483408123254776 0.414696097373962 0.465881794691086 0.376064568758011 0.316003233194351 0.372427821159363 0.37300032377243 0.343890070915222 0.375557065010071 0.36715629696846 0.331684738397598 0.306815415620804 0.366250157356262 0.369954764842987 -3.4e+38 -3.4e+38 -3.4e+38 -3.4e+38 -3.4e+38 -3.4e+38 -3.4e+38 -3.4e+38 -3.4e+38 -3.4e+38 -3.4e+38 -3.4e+38 -3.4e+38 -3.4e+38 -3.4e+38 -3.4e+38 -3.4e+38 -3.4e+38 -3.4e+38 -3.4e+38 -3.4e+38 -3.4e+38
0.761503159999847 0.722785472869873 0.661568284034729 0.68608170747757 0.244587674736977 0.201745793223381 0.354618608951569 0.291457563638687 0.196889355778694 0.128825694322586 0.105956062674522 0.132477343082428 0.167566224932671 0.183291733264923 0.368181765079498 0.361649841070175 0.36388036608696 0.357500106096268 0.324746966362 0.300432175397873 0.231715857982635 0.29176589846611 0.19449009001255 0.194043174386024 -3.4e+38 -3.4e+38 -3.4e+38 -3.4e+38 -3.4e+38 -3.4e+38 -3.4e+38 -3.4e+38 -3.4e+38 -3.4e+38 -3.4e+38 -3.4e+38 -3.4e+38 -3.4e+38 -3.4e+38 -3.4e+38 -3.4e+38 -3.4e+38 -3.4e+38 -3.4e+38 -3.4e+38 -3.4e+38 -3.4e+38 -3.4e+38 -3.4e+38
0.762702107429504 0.749086201190948 0.712186336517334 0.544677257537842 0.263385027647018 0.368310898542404 0.350009202957153 0.330375701189041 0.177928879857063 0.250238806009293 0.304464846849442 0.240540534257889 0.33046555519104 0.354999452829361 0.288240969181061 0.260840326547623 0.258477538824081 0.321035444736481 0.256474077701569 -3.4e+38 -3.4e+38 -3.4e+38 -3.4e+38 -3.4e+38 -3.4e+38 -3.4e+38 -3.4e+38 -3.4e+38 -3.4e+38 -3.4e+38 -3.4e+38 -3.4e+38 -3.4e+38 -3.4e+38 -3.4e+38 -3.4e+38 -3.4e+38 -3.4e+38 -3.4e+38 -3.4e+38 -3.4e+38 -3.4e+38 -3.4e+38 -3.4e+38 -3.4e+38 -3.4e+38 -3.4e+38 -3.4e+38 -3.4e+38
0.77336984872818 0.726953983306885 0.708507001399994 0.656775712966919 0.504281044006348 0.463981628417969 0.5053671002388 0.468385279178619 0.49264532327652 0.451881855726242 0.36934220790863 0.335235893726349 0.2525494992733 0.242378890514374 0.209728211164474 -3.4e+38 -3.4e+38 -3.4e+38 -3.4e+38 -3.4e+38 -3.4e+38 -3.4e+38 -3.4e+38 -3.4e+38 -3.4e+38 -3.4e+38 -3.4e+38 -3.4e+38 -3.4e+38 -3.4e+38 -3.4e+38 -3.4e+38 -3.4e+38 -3.4e+38 -3.4e+38 -3.4e+38 -3.4e+38 -3.4e+38 -3.4e+38 -3.4e+38 -3.4e+38 -3.4e+38 -3.4e+38 -3.4e+38 -3.4e+38 -3.4e+38 -3.4e+38 -3.4e+38 -3.4e+38
0.739096999168396 0.706118941307068 0.643083035945892 0.598468601703644 0.598299324512482 0.543220520019531 0.48129740357399 0.459159910678864 0.404066950082779 0.373550415039062 0.329512357711792 0.289026379585266 0.197930559515953 0.195913776755333 0.187936544418335 -3.4e+38 -3.4e+38 -3.4e+38 -3.4e+38 -3.4e+38 -3.4e+38 -3.4e+38 -3.4e+38 -3.4e+38 -3.4e+38 -3.4e+38 -3.4e+38 -3.4e+38 -3.4e+38 -3.4e+38 -3.4e+38 -3.4e+38 -3.4e+38 -3.4e+38 -3.4e+38 -3.4e+38 -3.4e+38 -3.4e+38 -3.4e+38 -3.4e+38 -3.4e+38 -3.4e+38 -3.4e+38 -3.4e+38 -3.4e+38 -3.4e+38 -3.4e+38 -3.4e+38 -3.4e+38
0.687925815582275 0.626664698123932 0.612698256969452 0.546701848506927 0.522850275039673 0.459188342094421 0.441876471042633 0.392500787973404 0.377074539661407 0.330491751432419 0.293938606977463 0.250497192144394 0.228487923741341 -3.4e+38 -3.4e+38 -3.4e+38 -3.4e+38 -3.4e+38 -3.4e+38 -3.4e+38 -3.4e+38 -3.4e+38 -3.4e+38 -3.4e+38 -3.4e+38 -3.4e+38 -3.4e+38 -3.4e+38 -3.4e+38 -3.4e+38 -3.4e+38 -3.4e+38 -3.4e+38 -3.4e+38 -3.4e+38 -3.4e+38 -3.4e+38 -3.4e+38 -3.4e+38 -3.4e+38 -3.4e+38 -3.4e+38 -3.4e+38 -3.4e+38 -3.4e+38 -3.4e+38 -3.4e+38 0.271879941225052 -3.4e+38
0.61020815372467 0.571832895278931 0.543489754199982 0.505141794681549 0.496361166238785 0.427068561315536 0.415165394544601 0.369527101516724 0.349064648151398 0.317165791988373 -3.4e+38 -3.4e+38 -3.4e+38 -3.4e+38 -3.4e+38 -3.4e+38 -3.4e+38 -3.4e+38 -3.4e+38 -3.4e+38 -3.4e+38 -3.4e+38 -3.4e+38 -3.4e+38 -3.4e+38 -3.4e+38 -3.4e+38 -3.4e+38 -3.4e+38 -3.4e+38 -3.4e+38 -3.4e+38 -3.4e+38 -3.4e+38 -3.4e+38 -3.4e+38 -3.4e+38 -3.4e+38 -3.4e+38 -3.4e+38 -3.4e+38 -3.4e+38 -3.4e+38 -3.4e+38 -3.4e+38 -3.4e+38 -3.4e+38 -3.4e+38 -3.4e+38
