data/climate_estimation/maxent_output/Colchicum_raddeanum.asc
NCOLS 123 
NROWS 91 
XLLCORNER 42 
YLLCORNER 35.25 
CELLSIZE 0.0833333333333333 
NODATA_value -3.4e+38 
[rows 63 to 83 of 91, columns 0 to 46 of 123]
0.338107794523239 0.40988764166832 0.347465217113495 0.230027496814728 0.297855913639069 0.452495068311691 0.41824996471405 0.33081442117691 0.500095665454865 0.687140583992004 0.78553307056427 0.697213411331177 0.623417258262634 0.520555257797241 0.691777050495148 0.827984869480133 0.736830830574036 0.640994191169739 0.569045186042786 0.629276990890503 0.608729243278503 0.691885054111481 0.812533676624298 0.84096896648407 0.831858813762665 0.677499353885651 0.58138108253479 0.588210463523865 0.638799965381622 0.748446106910706 0.753216683864594 0.735838115215302 0.789184749126434 0.638698399066925 0.658964693546295 0.6457439661026 0.584275305271149 0.565465450286865 0.567050218582153 0.554330885410309 0.562432050704956 0.554791212081909 0.554382681846619 0.555753171443939 0.560036301612854 0.574585258960724 0.59317272901535
0.243028804659843 0.280809730291367 0.237391576170921 0.194682642817497 0.249992728233337 0.289891839027405 0.35809463262558 0.363646656274796 0.321417212486267 0.371174424886703 0.547167420387268 0.66559100151062 0.627470731735229 0.47878485918045 0.544107615947723 0.746647596359253 0.710799694061279 0.527343332767487 0.456142038106918 0.54251891374588 0.593605220317841 0.715339243412018 0.711015999317169 0.675117552280426 0.779440104961395 0.685366094112396 0.658630967140198 0.620764911174774 0.609026730060577 0.675235688686371 0.734037220478058 0.806081593036652 0.79083526134491 0.667284905910492 0.622202515602112 0.648010432720184 0.624383687973022 0.566182911396027 0.544889211654663 0.546304643154144 0.540440320968628 0.549093544483185 0.550142586231232 0.544954538345337 0.544826030731201 0.547863125801086 0.548384189605713
0.183166339993477 0.184389159083366 0.176707327365875 0.200089439749718 0.27804246544838 0.408287197351456 0.401249200105667 0.410707384347916 0.302263706922531 0.406049370765686 0.41964128613472 0.445491880178452 0.514198005199432 0.387934535741806 0.452439576387405 0.673125803470612 0.698607206344604 0.470212668180466 0.484305918216705 0.657244980335236 0.682747840881348 0.730912625789642 0.727390646934509 0.519627034664154 0.403706550598145 0.620933055877686 0.765082120895386 0.782716572284698 0.686309516429901 0.572765946388245 0.594271540641785 0.732490718364716 0.740241527557373 0.772237479686737 0.617039382457733 0.605749011039734 0.604936480522156 0.577264547348022 0.550688207149506 0.549043476581573 0.540511727333069 0.542015969753265 0.534514844417572 0.533467471599579 0.538700103759766 0.53663694858551 0.541176855564117
0.189400047063828 0.168594196438789 0.160013228654861 0.1595638692379 0.166802614927292 0.185767948627472 0.198718070983887 0.200361624360085 0.194843322038651 0.284920126199722 0.408729553222656 0.463003933429718 0.421161979436874 0.281939089298248 0.404716968536377 0.51444399356842 0.482661485671997 0.436071306467056 0.307723313570023 0.347117722034454 0.441481411457062 0.538143217563629 0.473025411367416 0.446415483951569 0.341193467378616 0.401829302310944 0.644490778446198 0.762983560562134 0.568961679935455 0.474572777748108 0.4939004778862 0.576417148113251 0.647144377231598 0.725781619548798 0.579464614391327 0.577500522136688 0.66103720664978 0.625984489917755 0.631730020046234 0.537761807441711 0.531267881393433 0.532351076602936 0.526807248592377 0.520268440246582 0.526143074035645 0.534282505512238 0.516942083835602
0.174485981464386 0.161262094974518 0.150947734713554 0.145106732845306 0.148920550942421 0.158421993255615 0.157055407762527 0.16454453766346 0.16211411356926 0.185770303010941 0.250582545995712 0.250792592763901 0.246296063065529 0.225854486227036 0.245378822088242 0.261726766824722 0.311070799827576 0.313576430082321 0.252360641956329 0.322791337966919 0.40933483839035 0.352304339408875 0.346191495656967 0.314508140087128 0.350655615329742 0.331919610500336 0.348436236381531 0.345830529928207 0.420915365219116 0.402301371097565 0.627029776573181 0.623378336429596 0.667544841766357 0.72079074382782 0.592079222202301 0.584621489048004 0.62600964307785 0.613438010215759 0.636090815067291 0.564115941524506 0.526009678840637 0.52312046289444 0.51320880651474 0.514082431793213 0.521419405937195 0.520587086677551 0.51204913854599
0.172441244125366 0.164211809635162 0.15678833425045 0.144292697310448 0.145519554615021 0.156829625368118 0.163684278726578 0.163927614688873 0.14993117749691 0.162001922726631 0.166657328605652 0.172637477517128 0.175112515687943 0.190358966588974 0.278456479310989 0.304828137159348 0.30249497294426 0.323382765054703 0.350378334522247 0.247646346688271 0.301423877477646 0.314004808664322 0.230018049478531 0.237130776047707 0.249183863401413 0.367627918720245 0.464436799287796 0.356003642082214 0.397311180830002 0.477442920207977 0.514545381069183 0.688991725444794 0.634231269359589 0.739162027835846 0.721015453338623 0.71100264787674 0.638489723205566 0.600168704986572 0.62635749578476 0.588990867137909 0.568089783191681 0.509820759296417 0.49827829003334 0.493257373571396 0.500926792621613 0.504668593406677 0.498794585466385
0.160782203078270 0.160525366663933 0.155047491192818 0.155745610594749 0.138958588242531 0.152237847447395 0.156766191124916 0.161433771252632 0.181061089038849 0.189451977610588 0.175633147358894 0.171441912651062 0.189151734113693 0.211889013648033 0.194926664233208 0.211920291185379 0.230708613991737 0.20452655851841 0.203464016318321 0.187641903758049 0.185944572091103 0.202135801315308 0.198369443416595 0.227016985416412 0.353375166654587 0.353193014860153 0.311791598796844 0.233218431472778 0.203717455267906 0.303151160478592 0.533035278320312 0.499349772930145 0.496683955192566 0.605161190032959 0.580224752426147 0.651940941810608 0.582142651081085 0.523674368858337 0.542920649051666 0.528553426265717 0.512276232242584 0.495775103569031 0.489463239908218 0.479464024305344 0.483933627605438 0.491225779056549 0.48010116815567
0.151630207896233 0.154497355222702 0.154501259326935 0.147386372089386 0.14428023993969 0.141101956367493 0.130044773221016 0.136963352560997 0.142301291227341 0.156050786375999 0.194807082414627 0.18295781314373 0.179096013307571 0.192064434289932 0.206786528229713 0.236210510134697 0.255344569683075 0.259912729263306 0.28904265165329 0.232620477676392 0.224917367100716 0.205245062708855 0.21965380012989 0.179784774780273 0.273321807384491 0.287508189678192 0.16935271024704 0.172032341361046 0.168831378221512 0.204376995563507 0.311590552330017 0.356534361839294 0.478951930999756 0.495896577835083 0.617589831352234 0.637670159339905 0.518810212612152 0.513223886489868 0.507976353168488 0.49718764424324 0.487567991018295 0.470380038022995 0.473157733678818 0.477605938911438 0.465052098035812 0.472276210784912 0.489035278558731
0.141559913754463 0.1426010876894 0.140335664153099 0.141637355089188 0.139308020472527 0.132723554968834 0.126233845949173 0.124817408621311 0.127547666430473 0.132140532135963 0.136263430118561 0.145597770810127 0.154081881046295 0.187188416719437 0.174042969942093 0.171354278922081 0.193039655685425 0.197873458266258 0.181550547480583 0.156305447220802 0.136731967329979 0.173825368285179 0.169966161251068 0.146332919597626 0.123942978680134 0.136387020349503 0.174870550632477 0.215953573584557 0.215211734175682 0.191969662904739 0.196664109826088 0.279507458209991 0.38909912109375 0.509998142719269 0.70244312286377 0.69898384809494 0.570428788661957 0.524336814880371 0.514868021011353 0.524207413196564 0.525196373462677 0.517414212226868 0.504870772361755 0.507952392101288 0.485316574573517 0.459493309259415 0.48434853553772
0.141355812549591 0.134908840060234 0.134714677929878 0.135583117604256 0.13217206299305 0.124307543039322 0.122670687735081 0.116663001477718 0.113175317645073 0.112173594534397 0.122529268264771 0.128056928515434 0.138230919837952 0.148307129740715 0.158894076943398 0.143755733966827 0.13098119199276 0.132374256849289 0.12002520263195 0.115160018205643 0.128203332424164 0.138506054878235 0.143506065011024 0.14657287299633 0.149133563041687 0.151871576905251 0.150655910372734 0.169586420059204 0.198927313089371 0.21209804713726 0.183883026242256 0.238980680704117 0.307824730873108 0.541718900203705 0.717305183410645 0.667499184608459 0.584719061851501 0.473588168621063 0.47461211681366 0.471437007188797 0.497599810361862 0.522948026657104 0.516109049320221 0.527500212192535 0.459586352109909 0.485125929117203 0.509459614753723
0.136498108506203 0.131262511014938 0.12473676353693 0.127777114510536 0.118617162108421 0.121523469686508 0.122909396886826 0.124341048300266 0.115614101290703 0.110723912715912 0.108201898634434 0.111971817910671 0.12445330619812 0.118193075060844 0.12028082460165 0.122626073658466 0.115008480846882 0.116256006062031 0.108652964234352 0.106083914637566 0.106901362538338 0.109973169863224 0.10858716070652 0.107943788170815 0.110745713114738 0.128939732909203 0.149874046444893 0.122668400406837 0.182153329253197 0.181890428066254 0.156374230980873 0.321366757154465 0.334845215082169 0.513080537319183 0.557561278343201 0.502687335014343 0.567225277423859 0.43238565325737 0.412031233310699 0.43399840593338 0.501163065433502 0.53065013885498 0.528048753738403 0.468024104833603 0.457957804203033 0.529156446456909 0.560972511768341
0.138330712914467 0.136569887399673 0.130136519670486 0.124241106212139 0.121188774704933 0.121466889977455 0.121986798942089 0.11823907494545 0.115726284682751 0.111358940601349 0.109280914068222 0.10760110616684 0.111233867704868 0.115177772939205 0.109341375529766 0.107567630708218 0.106584891676903 0.106802143156528 0.106860034167767 0.104028299450874 0.100635997951031 0.107896439731121 0.105533823370934 0.0968864038586617 0.0964182466268539 0.0990933924913406 0.105012610554695 0.119998909533024 0.130369186401367 0.166756704449654 0.142920091748238 0.220308810472488 0.216349378228188 0.333947867155075 0.327887505292892 0.471657484769821 0.574277937412262 0.461339294910431 0.38688001036644 0.466181516647339 0.535025477409363 0.545400321483612 0.48568519949913 0.475783139467239 0.464817702770233 0.500591099262238 0.539100825786591
0.144090726971626 0.129320934414864 0.138057872653008 0.128296405076981 0.125483348965645 0.122915975749493 0.115309946238995 0.107229501008987 0.10585829615593 0.105432912707329 0.105912961065769 0.10710185021162 0.11028691381216 0.109869837760925 0.10368337482214 0.11250477284193 0.114028647542 0.109455168247223 0.102406151592731 0.104258149862289 0.0971162021160126 0.103569991886616 0.0933374613523483 0.0964082553982735 0.104044631123543 0.0983302369713783 0.10064010322094 0.106629051268101 0.145795285701752 0.182824656367302 0.199820011854172 0.357431828975677 0.314147055149078 0.213451907038689 0.390259921550751 0.605211913585663 0.669829547405243 0.545349061489105 0.452915370464325 0.380511462688446 0.449653536081314 0.53816819190979 0.477675378322601 0.475306451320648 0.457223236560822 0.456130295991898 0.471881926059723
0.152243688702583 0.138020023703575 0.130000039935112 0.134762361645699 0.138183996081352 0.129118397831917 0.119550585746765 0.117308162152767 0.115121118724346 0.109427236020565 0.102203577756882 0.107413619756699 0.110564731061459 0.1071522757411 0.11041384935379 0.10484541207552 0.113095812499523 0.113133445382118 0.103726275265217 0.104605473577976 0.103057518601418 0.0935733020305634 0.0938429832458496 0.0959659367799759 0.098078727722168 0.103219859302044 0.108240768313408 0.107360124588013 0.112698145210743 0.160754233598709 0.232205867767334 0.340641438961029 0.366445153951645 0.284141272306442 0.31533482670784 0.407358199357986 0.468202948570251 0.57118433713913 0.531553208827972 0.396860659122467 0.360538929700851 0.467196553945541 0.460682988166809 0.456272274255753 0.419211059808731 0.423869729042053 0.411430686712265
0.151494905352592 0.146490544080734 0.130112901329994 0.1259705722332 0.124501042068005 0.121248498558998 0.121576771140099 0.118614129722118 0.113875940442085 0.105667188763618 0.106999568641186 0.109565332531929 0.110646739602089 0.10326911509037 0.110829763114452 0.105273313820362 0.107941903173923 0.104957230389118 0.0972720682621002 0.0975933372974396 0.0974444821476936 0.0936468914151192 0.0953765511512756 0.0950486958026886 0.0919562429189682 0.102161817252636 0.115050733089447 0.129617959260941 0.141053929924965 0.158646121621132 0.152018144726753 0.176277801394463 0.218579173088074 0.211592599749565 0.343757122755051 0.250124096870422 0.248060271143913 0.333221673965454 0.369853377342224 0.418555051088333 0.382833868265152 0.367664366960526 0.440748035907745 0.432241708040237 0.415876239538193 0.439921438694 0.4015152156353
0.143912822008133 0.13839091360569 0.126212596893311 0.117482736706734 0.12228474766016 0.117767214775085 0.115168958902359 0.116524145007133 0.114226579666138 0.106924436986446 0.10626807808876 0.112514600157738 0.111947953701019 0.109146565198898 0.106990866363049 0.104138009250164 0.104534335434437 0.104932270944118 0.102632768452168 0.0964426472783089 0.0957631692290306 0.0950415432453156 0.0922589898109436 0.0920256674289703 0.0925081521272659 0.0978254228830338 0.106145180761814 0.105187825858593 0.123760081827641 0.140038013458252 0.142275497317314 0.139814049005508 0.12143974006176 0.137719392776489 0.142062053084373 0.139787495136261 0.126265957951546 0.144311010837555 0.225481733679771 0.333217918872833 0.357618480920792 0.300901681184769 0.302840262651443 0.395387828350067 0.444678872823715 0.397321909666061 0.387701958417892
0.138383254408836 0.125790268182755 0.123527064919472 0.120001703500748 0.113303549587727 0.111784666776657 0.107078060507774 0.11206927895546 0.11222467571497 0.106331698596478 0.110325329005718 0.108958251774311 0.11653645336628 0.114541254937649 0.106161504983902 0.105219714343548 0.102207906544209 0.105350598692894 0.099420964717865 0.096950851380825 0.0954476445913315 0.102290347218513 0.0973853245377541 0.0970506966114044 0.093265175819397 0.0938285738229752 0.0990360379219055 0.0982666686177254 0.113401994109154 0.120061233639717 0.115167520940304 0.100891776382923 0.0949049964547157 0.0942694395780563 0.0924984216690063 0.0982793867588043 0.105218686163425 0.122698031365871 0.187904044985771 0.343363732099533 0.364881694316864 0.312540352344513 0.242004096508026 0.333300590515137 0.420113682746887 0.419182002544403 0.443360060453415
0.128466427326202 0.129011526703835 0.123977072536945 0.12123066931963 0.112623251974583 0.117531135678291 0.11114639043808 0.113886319100857 0.108946435153484 0.109423272311687 0.109372541308403 0.107223577797413 0.115656442940235 0.110708735883236 0.111682839691639 0.104456424713135 0.105966821312904 0.101576447486877 0.101950943470001 0.0952179804444313 0.0996765419840813 0.0949628055095673 0.0953724607825279 0.0975681319832802 0.0930024683475494 0.0957788974046707 0.0952130407094955 0.0924659892916679 0.0961350500583649 0.107927367091179 0.111562505364418 0.103704534471035 0.096404954791069 0.0927568823099136 0.0850386470556259 0.0827767178416252 0.114922702312469 0.126365140080452 0.143050536513329 0.260028213262558 0.389071702957153 0.294880628585815 0.242469504475594 0.26251009106636 0.306890457868576 0.387639254331589 0.458554565906525
0.126707062125206 0.127495378255844 0.124188929796219 0.121144659817219 0.11478354036808 0.119609750807285 0.109848998486996 0.112012520432472 0.110801219940186 0.102597132325172 0.112630061805248 0.105871073901653 0.105089195072651 0.10394598543644 0.106573991477489 0.102799408137798 0.102243468165398 0.102754414081573 0.097128227353096 0.0939412340521812 0.0988883450627327 0.0981719717383385 0.0974375903606415 0.0947042256593704 0.0909030511975288 0.0931227207183838 0.0952353924512863 0.0938053801655769 0.0889613404870033 0.0865715518593788 0.0908166393637657 0.0841080695390701 0.0932619646191597 0.116964504122734 0.117142409086227 0.08367008715868 0.095971904695034 0.157686501741409 0.233253791928291 0.179618135094643 0.242311492562294 0.267957270145416 0.218296959996223 0.281206548213959 0.286248087882996 0.306832402944565 0.340106159448624
0.12300531566143 0.124382466077805 0.120769456028938 0.117124401032925 0.110822923481464 0.119123637676239 0.113346882164478 0.103204719722271 0.109334334731102 0.107565708458424 0.101070880889893 0.107608802616596 0.108752459287643 0.10864470154047 0.104884646832943 0.0968425050377846 0.0982266664505005 0.0974252372980118 0.0989883840084076 0.100668616592884 0.0965313836932182 0.100163519382477 0.0954852029681206 0.0927442535758018 0.0950335636734962 0.0921174883842468 0.0939445868134499 0.0953283682465553 0.0890582278370857 0.0852467268705368 0.0830401554703712 0.0839554369449615 0.0821985080838203 0.0862425193190575 0.108662694692612 0.0905448570847511 0.1262067258358 0.157543286681175 0.27956086397171 0.243030324578285 0.164461463689804 0.213218078017235 0.237498134374619 0.244161605834961 0.24804462492466 0.29881876707077 0.307605773210526
0.128941178321838 0.123024649918079 0.120336927473545 0.117040939629078 0.113903798162937 0.108120337128639 0.116312742233276 0.106189638376236 0.110849477350712 0.103515535593033 0.109017103910446 0.100667245686054 0.10931284725666 0.109114103019238 0.106124259531498 0.100870572030544 0.0945849046111107 0.101798214018345 0.101845361292362 0.102132871747017 0.0935831740498543 0.0986836180090904 0.100982613861561 0.0940250903367996 0.0919922366738319 0.0959934517741203 0.0902286916971207 0.0839647427201271 0.0868392139673233 0.0793140232563019 0.0814239457249641 0.082595206797123 0.0779463276267052 0.0751247704029083 0.0777826681733131 0.0900663062930107 0.135701298713684 0.159705564379692 0.19185383617878 0.234671786427498 0.178491950035095 0.191935077309608 0.290486663579941 0.223073363304138 0.286816954612732 0.26900839805603 0.27809801697731
