data/climate_estimation/maxent_output/Colchicum_kesselringii.asc
NCOLS 88 
NROWS 87 
XLLCORNER 66.75 
YLLCORNER 35.25 
CELLSIZE 0.0833333333333333 
NODATA_value -3.4e+38 
[rows 19 to 37 of 87, columns 44 to 87 of 88]
0.953141570091248 0.815567970275879 0.700229823589325 0.637202084064484 0.596831679344177 0.555359840393066 0.512664794921875 0.426340401172638 0.394433557987213 0.391616016626358 0.364231139421463 0.409702837467194 0.390829086303711 0.395309895277023 0.362507969141006 0.360122740268707 0.356123983860016 0.376809865236282 0.362932592630386 0.380646944046021 0.383755743503571 0.388715714216232 0.416787356138229 0.444319784641266 0.456428200006485 0.50016063451767 0.547535538673401 0.588128089904785 0.637479782104492 0.601897537708282 0.576974153518677 0.62498551607132 0.768891036510468 0.811694979667664 0.803360998630524 0.814162313938141 0.858447074890137 0.902482867240906 0.936846375465393 0.941532731056213 0.961423695087433 0.0242080576717854 0.0393917821347713 0.0164720639586449
0.848084807395935 0.704555332660675 0.57083398103714 0.504662811756134 0.482465177774429 0.411960691213608 0.403577506542206 0.38065031170845 0.386703699827194 0.380563676357269 0.379266262054443 0.375087022781372 0.388826817274094 0.381109714508057 0.378484696149826 0.393223851919174 0.399780064821243 0.359635829925537 0.37495231628418 0.377963602542877 0.387451708316803 0.399070769548416 0.402787357568741 0.454923033714294 0.524675905704498 0.576351523399353 0.571387529373169 0.536276817321777 0.534973740577698 0.559798002243042 0.595249474048615 0.664985954761505 0.734108507633209 0.683286845684052 0.711031317710876 0.753313720226288 0.802704870700836 0.875219523906708 0.916887700557709 0.97727233171463 0.0209736041724682 0.0156141277402639 0.0192009545862675 0.0185878612101078
0.581336200237274 0.49182802438736 0.418288230895996 0.391157507896423 0.38262015581131 0.374735474586487 0.376414954662323 0.376173406839371 0.357515454292297 0.371322751045227 0.367751181125641 0.37664383649826 0.362429052591324 0.381167262792587 0.377536982297897 0.394630491733551 0.395525455474854 0.40261173248291 0.39425453543663 0.375510066747665 0.385845452547073 0.390617102384567 0.424853771924973 0.521107017993927 0.542483747005463 0.528876841068268 0.548222661018372 0.558992981910706 0.582947254180908 0.579497516155243 0.610420644283295 0.687268257141113 0.703371226787567 0.711256563663483 0.848380386829376 0.777164220809937 0.812921941280365 0.890315055847168 0.935936629772186 0.969862937927246 0.0382756963372231 0.0199988149106503 0.0132224019616842 0.0124596217647195
0.424716770648956 0.394558489322662 0.389757424592972 0.358699947595596 0.361217677593231 0.380225270986557 0.376190602779388 0.379983335733414 0.365685850381851 0.362799346446991 0.35866716504097 0.367576539516449 0.377285450696945 0.387159734964371 0.368039935827255 0.375928401947021 0.3834348320961 0.391117542982101 0.402379244565964 0.406108826398849 0.39040544629097 0.410075545310974 0.478559702634811 0.490515798330307 0.495885610580444 0.53592187166214 0.570624947547913 0.604928374290466 0.63282173871994 0.639922857284546 0.683285415172577 0.737924754619598 0.7615727186203 0.8437420129776 0.935573220252991 0.920167982578278 0.82465386390686 0.834891319274902 0.879505693912506 0.921824395656586 0.0402550622820854 0.0382596552371979 0.0378085859119892 0.0170314498245716
0.355450004339218 0.346372544765472 0.349634170532227 0.354913026094437 0.36920166015625 0.380084574222565 0.392643809318542 0.392529904842377 0.376828014850616 0.382461965084076 0.356495559215546 0.373180896043777 0.358595818281174 0.369573503732681 0.383527129888535 0.394519925117493 0.388519078493118 0.381858110427856 0.389865010976791 0.412685185670853 0.390480279922485 0.472510188817978 0.465818732976913 0.481027454137802 0.548332750797272 0.701977550983429 0.673700153827667 0.707209050655365 0.690289556980133 0.726940274238586 0.775325298309326 0.836118042469025 0.826249063014984 0.936001002788544 0.965488851070404 0.963303744792938 0.963635265827179 0.94282066822052 0.934369087219238 0.944537222385406 0.95063316822052 0.0407941192388535 0.0335197560489178 0.0394754596054554
0.340515494346619 0.354958146810532 0.357413738965988 0.354699939489365 0.368764042854309 0.388414949178696 0.417339473962784 0.423967361450195 0.399419814348221 0.363089054822922 0.366508543491364 0.375612616539001 0.371830612421036 0.375086843967438 0.386013150215149 0.406548351049423 0.424380153417587 0.441607981920242 0.431154251098633 0.461872309446335 0.479762703180313 0.484644919633865 0.518552720546722 0.586479067802429 0.653497815132141 0.687768399715424 0.734249770641327 0.761789977550507 0.800541520118713 0.801729381084442 0.866502106189728 0.894305527210236 0.926460683345795 0.895400583744049 0.92339551448822 0.964198648929596 0.856203854084015 0.856922090053558 0.0476402938365936 0.0437311865389347 0.0411288179457188 0.0118531100451946 0.0134912524372339 0.0431601144373417
0.362928986549377 0.408761292695999 0.383355617523193 0.373731106519699 0.395197778940201 0.440693289041519 0.454501032829285 0.459559500217438 0.472089916467667 0.409894615411758 0.387035340070724 0.384711235761642 0.390482038259506 0.419398784637451 0.478261172771454 0.457736521959305 0.471460700035095 0.505481004714966 0.50870954990387 0.536724865436554 0.585187017917633 0.669014692306519 0.763929784297943 0.811083793640137 0.808082640171051 0.794066190719604 0.791514873504639 0.829853236675262 0.846221685409546 0.833339393138885 0.844098150730133 0.922689080238342 0.945788204669952 0.960919260978699 0.944566488265991 0.937143445014954 0.956635773181915 0.83145534992218 0.0429316274821758 0.0393706150352955 0.0147838965058327 0.0289373081177473 0.0387497507035732 0.0277952589094639
0.416498750448227 0.462363064289093 0.504366338253021 0.548586487770081 0.531966149806976 0.567225277423859 0.596581518650055 0.586161077022552 0.549634993076324 0.486598312854767 0.480664879083633 0.473279863595963 0.495712876319885 0.502834916114807 0.535744845867157 0.518740296363831 0.529572486877441 0.509892523288727 0.585474252700806 0.653332352638245 0.696026086807251 0.748319745063782 0.813219487667084 0.825754582881927 0.84064644575119 0.85422819852829 0.796429216861725 0.826499164104462 0.870172381401062 0.91663932800293 0.848851919174194 0.93172287940979 0.924641191959381 0.942777693271637 0.957556843757629 0.945912301540375 0.928420841693878 0.835867047309875 0.0407582633197308 0.0307519324123859 0.00992904510349035 0.010416048578918 0.021629037335515 0.0309828538447618
0.586955726146698 0.580842196941376 0.600061237812042 0.628478705883026 0.61670982837677 0.605198740959167 0.644481658935547 0.654190957546234 0.681537568569183 0.674509406089783 0.677692234516144 0.650004506111145 0.621742784976959 0.588998377323151 0.56659460067749 0.585595607757568 0.585646569728851 0.633886575698853 0.68819135427475 0.749709963798523 0.795297741889954 0.837390184402466 0.848255217075348 0.877809345722198 0.938460230827332 0.897976160049438 0.8495152592659 0.835060179233551 0.854992628097534 0.937986433506012 0.92413854598999 0.943027257919312 0.942331314086914 0.787173867225647 0.789586544036865 0.814576864242554 0.827006638050079 0.0377029776573181 0.0424849130213261 0.027525894343853 0.0207030568271875 0.306531131267548 0.0188277941197157 0.0215869639068842
0.723066627979279 0.62163782119751 0.596471130847931 0.611044347286224 0.609646439552307 0.629039347171783 0.679276764392853 0.696727693080902 0.727427780628204 0.80684506893158 0.841145575046539 0.88660055398941 0.879063904285431 0.908071279525757 0.890720903873444 0.820633590221405 0.894785761833191 0.920534729957581 0.926511824131012 0.9339759349823 0.89955085515976 0.960443794727325 0.974969506263733 0.954394698143005 0.945203423500061 0.946982681751251 0.941344320774078 0.953079521656036 0.956610500812531 0.946778774261475 0.906832695007324 0.913277983665466 0.760328590869904 0.791165173053741 0.765467345714569 0.766290903091431 0.827104330062866 0.0423133745789528 0.0317812711000443 0.0244279392063618 0.282456934452057 0.303090453147888 0.294931173324585 0.0166254937648773
0.785338759422302 0.729483187198639 0.657335519790649 0.705881655216217 0.695436060428619 0.707622587680817 0.819864273071289 0.862682998180389 0.800615012645721 0.957282423973083 0.990721881389618 0.997234046459198 0.995681643486023 0.987630307674408 0.925845146179199 0.891805410385132 0.926090598106384 0.973584055900574 0.980580627918243 0.932563543319702 0.92206221818924 0.974565446376801 0.984986126422882 0.98150360584259 0.9651700258255 0.955521583557129 0.956706821918488 0.975485861301422 0.955621004104614 0.942041337490082 0.918662071228027 0.733426213264465 0.712324559688568 0.755712270736694 0.718618452548981 0.728367328643799 0.77126669883728 0.03795225918293 0.770388543605804 0.731533706188202 0.256542295217514 0.310166954994202 0.296749770641327 0.0175795741379261
0.760030448436737 0.730653524398804 0.782499730587006 0.831672191619873 0.867149472236633 0.828775703907013 0.843404829502106 0.835062801837921 0.756461441516876 0.864891588687897 0.966080546379089 0.988960921764374 0.992705702781677 0.998373925685883 0.997583031654358 0.993259012699127 0.988178491592407 0.995618760585785 0.99749755859375 0.99030202627182 0.959502696990967 0.98708963394165 0.993363320827484 0.99234402179718 0.992590248584747 0.986615777015686 0.975850701332092 0.976967215538025 0.923989832401276 0.917966365814209 0.892852067947388 0.693210899829865 0.725991725921631 0.695518672466278 0.680310726165771 0.713354885578156 0.805566012859344 0.796279668807983 0.708575367927551 0.703374564647675 0.291346073150635 0.0179369896650314 0.27507671713829 0.0253669209778309
0.856062948703766 0.842092573642731 0.952479243278503 0.977203011512756 0.978093266487122 0.982904672622681 0.9747314453125 0.939218819141388 0.911661088466644 0.991161465644836 0.997380435466766 0.998633623123169 0.999761164188385 0.999893069267273 0.999723494052887 0.999912798404694 0.999496400356293 0.999514281749725 0.999602854251862 0.996220827102661 0.983553647994995 0.994527041912079 0.996242880821228 0.991964280605316 0.990297794342041 0.985569596290588 0.978107094764709 0.96093338727951 0.962901473045349 0.961183667182922 0.930092036724091 0.730933547019958 0.91935658454895 0.700160086154938 0.695555746555328 0.695188522338867 0.731267094612122 0.707612156867981 0.63607394695282 0.324600666761398 0.0172278042882681 0.290857344865799 0.0233692023903131 0.0295034274458885
0.977903544902802 0.963765382766724 0.975811183452606 0.980731964111328 0.998114168643951 0.998830854892731 0.992825031280518 0.968932926654816 0.995960354804993 0.999577522277832 0.999807000160217 0.999900221824646 0.999868512153625 0.999921023845673 0.999876320362091 0.999205827713013 0.999525129795074 0.999549090862274 0.999635696411133 0.998659253120422 0.995670080184937 0.995507597923279 0.996376693248749 0.992934942245483 0.992692530155182 0.983358144760132 0.982816398143768 0.975917398929596 0.966521978378296 0.948809027671814 0.942899763584137 0.943706572055817 0.704985380172729 0.703327715396881 0.661764979362488 0.673687219619751 0.6696817278862 0.636257112026215 0.669312417507172 0.292295217514038 0.320942521095276 0.318715929985046 0.0265509448945522 0.0362995341420174
0.996583163738251 0.998168408870697 0.998756289482117 0.997968077659607 0.998442471027374 0.993209600448608 0.98301750421524 0.999336719512939 0.99967634677887 0.99981164932251 0.999827086925507 0.999855160713196 0.999836683273315 0.999814510345459 0.9998419880867 0.99975597858429 0.99978643655777 0.999434113502502 0.999687373638153 0.99932599067688 0.999381959438324 0.997186839580536 0.996785879135132 0.994134604930878 0.9937744140625 0.988156676292419 0.979177832603455 0.93492990732193 0.941978394985199 0.910075962543488 0.749264180660248 0.717386543750763 0.716746389865875 0.745937168598175 0.694944620132446 0.698297739028931 0.696075797080994 0.705204486846924 0.281420290470123 0.249008476734161 0.313944816589355 0.0251871291548014 0.0335582047700882 0.0305371806025505
0.996313393115997 0.99635523557663 0.997708857059479 0.997843861579895 0.998971104621887 0.999135732650757 0.988644778728485 0.99793404340744 0.998913884162903 0.999711632728577 0.999839425086975 0.999867856502533 0.999704599380493 0.999771773815155 0.999742686748505 0.999908208847046 0.999940156936646 0.999816179275513 0.999329209327698 0.999381065368652 0.999443113803864 0.996103048324585 0.99394702911377 0.978007376194 0.939383864402771 0.93761682510376 0.915251135826111 0.93096262216568 0.670419156551361 0.733830153942108 0.686922132968903 0.694426238536835 0.652327537536621 0.693702220916748 0.64906895160675 0.664896965026855 0.621140658855438 0.672739565372467 0.25385582447052 0.327896803617477 0.373324781656265 0.320610553026199 0.262901306152344 0.0206833723932505
0.996197760105133 0.996747970581055 0.997170209884644 0.998839199542999 0.998168706893921 0.998284459114075 0.999418437480927 0.999499797821045 0.999658584594727 0.999727427959442 0.999754428863525 0.999790072441101 0.999913394451141 0.999902963638306 0.999960124492645 0.999945223331451 0.999939441680908 0.999866783618927 0.999583184719086 0.995717227458954 0.992599010467529 0.987203359603882 0.92291796207428 0.89829820394516 0.917222201824188 0.916154563426971 0.942974925041199 0.902943730354309 0.935699224472046 0.894391179084778 0.919002294540405 0.731791377067566 0.635289669036865 0.637187838554382 0.642862737178802 0.654985547065735 0.668305039405823 0.655290544033051 0.649689972400665 0.637699544429779 0.31160181760788 0.238969385623932 0.270243644714355 0.289104491472244
0.996594190597534 0.998102605342865 0.998359560966492 0.998443067073822 0.998903155326843 0.998987257480621 0.999110579490662 0.999465942382812 0.999661564826965 0.99965626001358 0.999800741672516 0.999903202056885 0.999924659729004 0.999946355819702 0.999952018260956 0.999521911144257 0.997680246829987 0.998951375484467 0.999144971370697 0.999385714530945 0.997408986091614 0.991655826568604 0.992555797100067 0.98615175485611 0.983546793460846 0.978736340999603 0.983952462673187 0.976048290729523 0.978463888168335 0.970205545425415 0.969791054725647 0.948900282382965 0.950437068939209 0.900256991386414 0.665660977363586 0.631552517414093 0.580977737903595 0.510600388050079 0.545460999011993 0.613107860088348 0.605442047119141 0.200349614024162 0.202584847807884 0.260526657104492
0.997564017772675 0.997567474842072 0.99547004699707 0.997011184692383 0.998875260353088 0.999189615249634 0.999358415603638 0.999489367008209 0.999633848667145 0.998419642448425 0.99936318397522 0.999883055686951 0.999899864196777 0.999653041362762 0.998092591762543 0.998828291893005 0.999975502490997 0.99997216463089 0.999883711338043 0.999298870563507 0.999586045742035 0.999489068984985 0.998391151428223 0.99822062253952 0.996312975883484 0.991926312446594 0.988910913467407 0.971778452396393 0.932914078235626 0.881531000137329 0.864852964878082 0.870447337627411 0.930058360099792 0.92264324426651 0.927299916744232 0.672492563724518 0.650120794773102 0.644786477088928 0.613113045692444 0.23906883597374 0.254850387573242 0.227657958865166 0.304224282503128 0.338756650686264
