data/climate_estimation/maxent_output/Colchicum_filifolium.asc
NCOLS 236 
NROWS 148 
XLLCORNER -9.83333333333333 
YLLCORNER 31.75 
CELLSIZE 0.0833333333333333 
NODATA_value -3.4e+38 
[rows 0 to 22 of 148, columns 106 to 158 of 236]
0.0629000067710876 0.0658364593982697 0.0736381709575653 0.0762659013271332 0.0795904770493507 0.0907116830348969 0.0939682200551033 0.109075851738453 0.113767169415951 0.112844787538052 0.121285662055016 0.119189776480198 0.126968190073967 0.135221138596535 0.155411243438721 0.149015471339226 0.158920660614967 0.158132687211037 0.151794657111168 0.159658581018448 0.156773582100868 0.154585629701614 0.162432849407196 0.17464017868042 0.199384778738022 0.215092316269875 0.21561998128891 0.223738357424736 0.226397261023521 0.230102494359016 0.228333920240402 0.229404434561729 0.201842084527016 0.169322520494461 0.208987087011337 0.222716361284256 0.231273055076599 0.246013566851616 0.243065491318703 0.193128392100334 0.19411313533783 0.191077142953873 0.191337406635284 0.160044774413109 0.169806629419327 0.208265230059624 0.192792430520058 0.198535799980164 0.037734929472208 0.031538687646389 0.0332620926201344 0.160723805427551 0.0395827665925026
0.0447422452270985 0.0668583437800407 0.0810403972864151 0.0832927152514458 0.0862906649708748 0.0966799110174179 0.101587057113647 0.109063111245632 0.115272752940655 0.123579457402229 0.130603909492493 0.128184527158737 0.136038795113564 0.144624188542366 0.155732586979866 0.164687409996986 0.172094166278839 0.157313719391823 0.153507247567177 0.161608427762985 0.155769377946854 0.164382308721542 0.167831987142563 0.166020616889 0.192563310265541 0.201341390609741 0.21432588994503 0.228950902819633 0.227248728275299 0.212376967072487 0.229132294654846 0.229925617575645 0.211496070027351 0.211367100477219 0.221402555704117 0.261127918958664 0.262402802705765 0.262168884277344 0.283602684736252 0.24437603354454 0.242505595088005 0.242228910326958 0.22001525759697 0.202855125069618 0.24480976164341 0.244547203183174 0.211356669664383 0.193692952394485 0.16600938141346 0.146411001682281 0.156085148453712 0.153872728347778 0.158186808228493
0.0491696372628212 0.0730496719479561 0.0806198269128799 0.0829944014549255 0.0940306261181831 0.0970349088311195 0.102618955075741 0.117140650749207 0.124515898525715 0.130487784743309 0.139379873871803 0.138186931610107 0.135686382651329 0.155331283807755 0.153550863265991 0.159341514110565 0.170373693108559 0.169644072651863 0.166817024350166 0.172475293278694 0.166128545999527 0.180683121085167 0.156282618641853 0.176763147115707 0.188016444444656 0.188919514417648 0.21382200717926 0.229601576924324 0.22899118065834 0.246707037091255 0.225348383188248 0.229789257049561 0.223904296755791 0.259703725576401 0.280495315790176 0.263210743665695 0.285901665687561 0.285958707332611 0.268335193395615 0.24669574201107 0.213422670960426 0.185396090149879 0.183873549103737 0.223710283637047 0.235561177134514 0.252624273300171 0.249550640583038 0.198316097259521 0.200018256902695 0.185182765126228 0.174422770738602 0.173087909817696 0.189819484949112
0.0535695962607861 0.0788757652044296 0.0876209810376167 0.0903640538454056 0.102072231471539 0.106813669204712 0.110748879611492 0.117846310138702 0.13436196744442 0.141877427697182 0.138334721326828 0.146098956465721 0.155746698379517 0.153147920966148 0.153834372758865 0.17055569589138 0.169168040156364 0.169023528695107 0.166565522551537 0.170550227165222 0.181825503706932 0.181825503706932 0.179942563176155 0.173149406909943 0.16650179028511 0.176039814949036 0.217127591371536 0.224810004234314 0.211296930909157 0.225996151566505 0.241781026124954 0.243573650717735 0.258991003036499 0.260224282741547 0.242854073643684 0.26734122633934 0.270335823297501 0.271128684282303 0.268059998750687 0.236093729734421 0.21956467628479 0.192150473594666 0.163569137454033 0.16124439239502 0.209871664643288 0.184360817074776 0.181692361831665 0.224355906248093 0.205553382635117 0.219095394015312 0.208193212747574 0.245304688811302 0.232248276472092
0.0586417093873024 0.0862713158130646 0.0881730988621712 0.0908809155225754 0.101818516850471 0.114841341972351 0.118368647992611 0.126775950193405 0.133171677589417 0.152259603142738 0.148163810372353 0.157191902399063 0.169878706336021 0.152911514043808 0.163516238331795 0.171223878860474 0.168065786361694 0.166264310479164 0.165926352143288 0.187305197119713 0.183111175894737 0.167643696069717 0.193160399794579 0.191424027085304 0.174994975328445 0.175677090883255 0.199274256825447 0.212127014994621 0.242460697889328 0.224922925233841 0.227362439036369 0.223763927817345 0.241093635559082 0.278035432100296 0.264923214912415 0.243445366621017 0.255297392606735 0.293868660926819 0.275257021188736 0.258982956409454 0.223276764154434 0.191472843289375 0.176846221089363 0.142484962940216 0.115018650889397 0.134415805339813 0.142285346984863 0.187406629323959 0.198526412248611 0.264914959669113 0.269747823476791 0.298112422227859 0.306638777256012
0.0763372480869293 0.0855391249060631 0.0941499918699265 0.0978494063019753 0.111005306243896 0.113546304404736 0.120911046862602 0.126856654882431 0.13266684114933 0.152271404862404 0.159198701381683 0.167929872870445 0.178962931036949 0.163554087281227 0.162460014224052 0.171238094568253 0.180341497063637 0.16516038775444 0.179515704512596 0.190553590655327 0.0442050248384476 0.182706400752068 0.17979983985424 0.180109068751335 0.187690600752831 0.2028529047966 0.186845526099205 0.214550614356995 0.211545884609222 0.223241358995438 0.229101195931435 0.227631852030754 0.247006580233574 0.247417435050011 0.24470691382885 0.275545626878738 0.294971227645874 0.320424348115921 0.300986856222153 0.299024164676666 0.210850834846497 0.195785328745842 0.16849459707737 0.14658060669899 0.147425144910812 0.134512543678284 0.124696962535381 0.156186878681183 0.270031422376633 0.322369933128357 0.324380308389664 0.331171274185181 0.34022918343544
0.0821788236498833 0.092080369591713 0.0950055867433548 0.112069554626942 0.117359928786755 0.12244687974453 0.126140385866165 0.134341642260551 0.139327391982079 0.147773206233978 0.156230345368385 0.166328743100166 0.17645038664341 0.172953426837921 0.169351756572723 0.168765857815742 0.180030822753906 0.180866435170174 0.045413251966238 0.176992878317833 0.173103466629982 0.0452311299741268 0.044640127569437 0.193778321146965 0.192413553595543 0.177214741706848 0.203500434756279 0.213230639696121 0.209490209817886 0.212794095277786 0.242120355367661 0.247199222445488 0.230991393327713 0.248148113489151 0.231426671147346 0.28135746717453 0.281792044639587 0.303665459156036 0.325873970985413 0.32391831278801 0.28191539645195 0.195669770240784 0.170227721333504 0.149317309260368 0.148518308997154 0.198283821344376 0.2735655605793 0.323038190603256 0.328353881835938 0.330399692058563 0.370092302560806 0.36858344078064 0.342234551906586
0.0877925157546997 0.0888108760118484 0.10827462375164 0.120951674878597 0.124584138393402 0.130070269107819 0.135713890194893 0.130483999848366 0.139586970210075 0.145783618092537 0.154215201735497 0.163233861327171 0.188110426068306 0.185318693518639 0.180508375167847 0.177508249878883 0.176430955529213 0.179432675242424 0.0459920167922974 0.0450348667800426 0.040624238550663 0.0423987023532391 0.0439609289169312 0.0464140102267265 0.0401377528905869 0.0427231453359127 0.189724802970886 0.202423974871635 0.213047191500664 0.214827299118042 0.233599811792374 0.231943517923355 0.232627257704735 0.254471123218536 0.232388690114021 0.264805376529694 0.245471999049187 0.193432465195656 0.148379847407341 0.136791571974754 0.199697062373161 0.174567386507988 0.231974244117737 0.215251550078392 0.262003242969513 0.282746493816376 0.280714720487595 0.384292483329773 0.39757376909256 0.397729068994522 0.367314726114273 0.400233298540115 0.378917098045349
0.0997935608029366 0.102116368710995 0.114726297557354 0.117396011948586 0.131923452019691 0.14576643705368 0.152431383728981 0.150494024157524 0.146288529038429 0.143670231103897 0.152455762028694 0.161682948470116 0.170580744743347 0.196372106671333 0.193694710731506 0.164529398083687 0.179932624101639 0.0464377291500568 0.0462810546159744 0.0428761020302773 0.0402887836098671 0.0426760576665401 0.0410046689212322 0.0403132997453213 0.0369421169161797 0.0389025136828423 0.043659970164299 0.200829654932022 0.202610343694687 0.232224106788635 0.219432190060616 0.219059258699417 0.249204054474831 0.250485569238663 0.280013740062714 0.278669148683548 0.21000611782074 0.19801926612854 0.185990154743195 0.198799535632133 0.218263849616051 0.200014844536781 0.229548051953316 0.285681635141373 0.304361581802368 0.363362699747086 0.389447957277298 0.401968091726303 0.402421623468399 0.433139324188232 0.403031229972839 0.374754637479782 0.375507235527039
0.102539278566837 0.106994323432446 0.118158169090748 0.13199807703495 0.137951329350471 0.142884984612465 0.15128792822361 0.169058412313461 0.165472313761711 0.150839626789093 0.148619964718819 0.146444916725159 0.168071076273918 0.178788706660271 0.190948203206062 0.165746331214905 0.0438477471470833 0.043921310454607 0.0401849523186684 0.0399056077003479 0.0404742807149887 0.0366496220231056 0.0363478027284145 0.0347232855856419 0.0372741743922234 0.0416630208492279 0.0438676364719868 0.0408420078456402 0.0440236106514931 0.202610343694687 0.23510730266571 0.219589725136757 0.221111714839935 0.241488039493561 0.253513783216476 0.299828678369522 0.349422365427017 0.357827037572861 0.358702331781387 0.357852935791016 0.358350992202759 0.360625118017197 0.394440919160843 0.42983016371727 0.429221510887146 0.438688844442368 0.435365468263626 0.43365079164505 0.430706262588501 0.403955966234207 0.408667385578156 0.380980879068375 0.383632451295853
0.0985517799854279 0.110317818820477 0.114590473473072 0.126938223838806 0.144429355859756 0.15063701570034 0.15681417286396 0.164812833070755 0.173808187246323 0.170630052685738 0.154834091663361 0.153507739305496 0.178196609020233 0.162789613008499 0.190696224570274 0.0393651016056538 0.0392892248928547 0.0366391763091087 0.0361376963555813 0.0378430970013142 0.035924207419157 0.0320212282240391 0.0335712805390358 0.0324500612914562 0.0364022590219975 0.0382023304700851 0.0377612225711346 0.0378725901246071 0.0394427925348282 0.0409306958317757 0.0440500266849995 0.220387473702431 0.241061419248581 0.243180513381958 0.241906374692917 0.245100155472755 0.324502140283585 0.349608391523361 0.357141137123108 0.38772714138031 0.39754319190979 0.399570018053055 0.436267822980881 0.468757957220078 0.441155821084976 0.435007721185684 0.433918029069901 0.436132490634918 0.405378997325897 0.411006957292557 0.412214279174805 0.416623950004578 -3.4e+38
0.0753081515431404 0.114122360944748 0.118185743689537 0.133551895618439 0.139041915535927 0.122839562594891 0.139811590313911 0.160061359405518 0.167340442538261 0.164658725261688 0.151870459318161 0.148708954453468 0.147862643003464 0.139753431081772 0.143625855445862 0.0398826263844967 0.0302544552832842 0.0300760865211487 0.0317167155444622 0.0322264954447746 0.0326735861599445 0.0314280912280083 0.0329167619347572 0.0343390591442585 0.0269220713526011 0.0290731992572546 0.0266676023602486 0.0326480492949486 0.0350416526198387 0.0351198762655258 0.038282435387373 0.0447256416082382 0.206391349434853 0.208289638161659 0.226549312472343 0.244070068001747 0.281559646129608 0.325591862201691 0.327603042125702 0.364491313695908 0.338296949863434 0.337111741304398 0.379429817199707 0.407532542943954 0.44655242562294 0.446647703647614 0.416041404008865 0.448787271976471 0.445782959461212 0.421195477247238 -3.4e+38 -3.4e+38 -3.4e+38
0.0765892267227173 0.0947337597608566 0.0704947263002396 0.0801912844181061 0.0849171653389931 0.0453760735690594 0.0581733472645283 0.0443809144198895 0.0612114481627941 0.044887475669384 0.0782837346196175 0.107992276549339 0.0735425502061844 0.0748749971389771 0.0763911530375481 0.0329594723880291 0.0243013612926006 0.0258758924901485 0.0273254085332155 0.0286878682672977 0.0270642768591642 0.0294389855116606 0.0243985746055841 0.0257106553763151 0.0247949082404375 0.0210247896611691 0.0196761414408684 0.0210185460746288 0.0255045983940363 0.0263785235583782 0.026692483574152 0.0355961993336678 0.0365919508039951 0.0456440895795822 0.212377846240997 0.230650156736374 0.201059281826019 0.289390742778778 0.330242574214935 0.29054594039917 0.252351015806198 0.259535759687424 0.358380705118179 0.389038443565369 0.428737640380859 0.433731615543365 0.39514297246933 0.421858072280884 0.452261447906494 0.419333755970001 -3.4e+38 -3.4e+38 -3.4e+38
0.0401097759604454 0.0430926568806171 0.0283243544399738 0.0211952812969685 0.0867526009678841 0.0345963872969151 0.0373325012624264 0.0284449178725481 0.0231765173375607 0.0401975736021996 0.0474061816930771 0.0568521805107594 0.0146452812477946 0.0156669728457928 0.0268398690968752 0.0267891585826874 0.0151908425614238 0.00876677874475718 0.0148042440414429 0.0190568901598454 0.0135734165087342 0.0116275185719132 0.00978776626288891 0.0122804939746857 0.0151077276095748 0.0181041099131107 0.0199482068419456 0.0157857052981853 0.0140968402847648 0.0150693841278553 0.0173342693597078 0.0233673341572285 0.0230619385838509 0.0265656840056181 0.0352700725197792 0.0415502525866032 0.0396347679197788 0.204820066690445 0.273050636053085 0.272712260484695 0.20980367064476 0.228415563702583 0.249975726008415 0.318128734827042 0.373961120843887 0.408028334379196 0.391105592250824 0.4294493496418 0.427161753177643 -3.4e+38 -3.4e+38 -3.4e+38 -3.4e+38
0.0582914352416992 0.0482016205787659 0.0277022011578083 0.0226069465279579 0.0295666418969631 0.0342802368104458 0.0203173570334911 0.0162026733160019 0.00972655136138201 0.0130181824788451 0.0218404829502106 0.0248281732201576 0.0202204138040543 0.00840839184820652 0.00779083883389831 0.0174360834062099 0.0151942707598209 0.0148694971576333 0.00661017093807459 0.0111255552619696 0.0100540705025196 0.00686876755207777 0.00525152496993542 0.00853906851261854 0.00928820762783289 0.00790466740727425 0.0187013261020184 0.0147908525541425 0.0118577061221004 0.00787919759750366 0.0134728439152241 0.0206153076142073 0.0116817895323038 0.013211727142334 0.0176716018468142 0.0180553067475557 0.0207328591495752 0.0295251701027155 0.222614169120789 0.170785784721375 0.162282094359398 0.18423855304718 0.253620326519012 0.305376648902893 0.360108137130737 0.392552942037582 0.390645444393158 0.433854013681412 0.433143615722656 -3.4e+38 -3.4e+38 -3.4e+38 -3.4e+38
0.103338249027729 0.0638417676091194 0.0455047823488712 0.0339225754141808 0.0172938723117113 0.0244127325713634 0.0142851546406746 0.0187983904033899 0.00969649385660887 0.0077074347063899 0.0071557299233973 0.0111912731081247 0.0186286233365536 0.00622598500922322 0.014552952721715 0.018359063193202 0.021202651783824 0.00635471427813172 0.00811696145683527 0.00887074321508408 0.00793375633656979 0.00471114180982113 0.00759239681065083 0.00879732519388199 0.00348607380874455 0.00428812205791473 0.00865179020911455 0.0114684272557497 0.00691531086340547 0.00683393701910973 0.0124903479591012 0.0161820556968451 0.0141098042950034 0.00848039425909519 0.00849329866468906 0.0104311350733042 0.0135819176211953 0.0190917737782001 0.0268408209085464 0.0257387552410364 0.0399390012025833 0.257205158472061 0.347996801137924 0.388620555400848 0.417418867349625 0.418856024742126 0.428562045097351 0.401961296796799 0.400682806968689 -3.4e+38 -3.4e+38 -3.4e+38 -3.4e+38
0.1280657351017 0.111999832093716 0.106282845139503 0.0908896178007126 0.0563164427876472 0.0389901176095009 0.0133488858118653 0.0198761820793152 0.0342380292713642 0.0111392345279455 0.0142463929951191 0.0104512292891741 0.00832357723265886 0.00969898328185081 0.0129891242831945 0.00894347112625837 0.00709025748074055 0.00611828221008182 0.00705060223117471 0.0121778594329953 0.00539279635995626 0.00586063088849187 0.00438612652942538 0.00337133673019707 0.00818302109837532 0.00383214512839913 0.0034691987093538 0.00323351146653295 0.00755628384649754 0.00497361272573471 0.00442834571003914 0.00502470880746841 0.00563405733555555 0.00970035884529352 0.0113557437434793 0.00626772874966264 0.00829361286014318 0.0121796820312738 0.0106673752889037 0.0142060071229935 0.0210640896111727 0.0357457213103771 0.253965258598328 0.370470345020294 0.436255216598511 0.419155418872833 0.413914561271667 0.408286064863205 0.404152542352676 -3.4e+38 -3.4e+38 -3.4e+38 -3.4e+38
0.201856181025505 0.20880863070488 0.158442825078964 0.133346125483513 0.122189551591873 0.102727279067039 0.0646864995360374 0.0512782782316208 0.0709779337048531 0.0340850464999676 0.0457125827670097 0.0199347287416458 0.0143654672428966 0.0228065084666014 0.029753852635622 0.0124334143474698 0.0124972276389599 0.00705240294337273 0.0148836858570576 0.00472457427531481 0.00648100208491087 0.00811753608286381 0.00754876527935266 0.00697483541443944 0.00337532791309059 0.00775153748691082 0.00436547817662358 0.00436969427391887 0.00692891282960773 0.00642885640263557 0.00954852718859911 0.00813124142587185 0.009604437276721 0.00530908768996596 0.0118538932874799 0.0112073700875044 0.00579605624079704 0.00819238368421793 0.00697785569354892 0.0122087625786662 0.0259272735565901 0.0490517877042294 0.0507145300507545 0.285320997238159 0.392606168985367 0.438592612743378 0.428441941738129 0.416510492563248 0.405310809612274 -3.4e+38 -3.4e+38 -3.4e+38 -3.4e+38
0.161922916769981 0.201164454221725 0.217917054891586 0.180145546793938 0.177802518010139 0.13988684117794 0.149951845407486 0.161380529403687 0.0877223387360573 0.0523447245359421 0.0708842277526855 0.0571822933852673 0.062782809138298 0.0318690314888954 0.0212661940604448 0.017335357144475 0.0196467470377684 0.00976949371397495 0.0161784589290619 0.01153948251158 0.005434007383883 0.00479578971862793 0.00993090309202671 0.00643059145659208 0.00749935489147902 0.00664756866171956 0.0121346116065979 0.00677554495632648 0.00428314413875341 0.00447638472542167 0.00699952198192477 0.0040270877070725 0.0082192812114954 0.00505525665357709 0.0120545756071806 0.0129844453185797 0.00646506017073989 0.00830674078315496 0.0122234653681517 0.01854607462883 0.024656742811203 0.0111676938831806 0.0202685259282589 0.0376471318304539 0.299534887075424 0.396133959293365 0.420381516218185 0.413521707057953 0.400121718645096 0.353658020496368 -3.4e+38 -3.4e+38 -3.4e+38
0.158006355166435 0.169840812683105 0.212867826223373 0.224168762564659 0.222035467624664 0.188229560852051 0.20105117559433 0.201466500759125 0.128198772668839 0.0886493846774101 0.0757200121879578 0.0421605631709099 0.0391973666846752 0.0452636890113354 0.0277367699891329 0.0169099345803261 0.0135395880788565 0.0115079423412681 0.00910422019660473 0.00937524996697903 0.00885932426899672 0.00721103418618441 0.0107121178880334 0.00445782812312245 0.00474010081961751 0.0105905309319496 0.00836953986436129 0.00562776904553175 0.00527027295902371 0.0110805947333574 0.00480658188462257 0.00956907588988543 0.0111631788313389 0.00489095039665699 0.00987963564693928 0.0152222756296396 0.00929146260023117 0.0168817974627018 0.0146231912076473 0.018088486045599 0.0250310190021992 0.0270363800227642 0.0185681115835905 0.0354143790900707 0.0456175617873669 0.246215507388115 0.285941481590271 0.241827711462975 0.321484684944153 0.365967065095901 -3.4e+38 -3.4e+38 -3.4e+38
0.20426532626152 0.20868843793869 0.263533502817154 0.276549518108368 0.205193147063255 0.203898966312408 0.202041253447533 0.175356581807137 0.16024249792099 0.129254937171936 0.103677876293659 0.0297394581139088 0.0408222004771233 0.0485586002469063 0.0428538843989372 0.0323126502335072 0.0223212894052267 0.0159347094595432 0.0122054349631071 0.00988607294857502 0.0109434137120843 0.0103688156232238 0.0101587781682611 0.0108500923961401 0.0103270150721073 0.0138255944475532 0.00599190406501293 0.00968028977513313 0.0187153033912182 0.0230413302779198 0.0158511847257614 0.0129720941185951 0.0150382975116372 0.0188343338668346 0.0175802893936634 0.00930139701813459 0.00699847098439932 0.0157907698303461 0.0181009955704212 0.0106200696900487 0.0124666150659323 0.016144160181284 0.0247437842190266 0.0268058404326439 0.0340490154922009 0.275142878293991 0.358593910932541 0.363744497299194 0.349383741617203 0.367007434368134 0.337505280971527 0.326789647340775 -3.4e+38
0.27181401848793 0.2828249335289 0.341066509485245 0.349707186222076 0.308332026004791 0.217295721173286 0.160921528935432 0.147166416049004 0.138815850019455 0.0872165262699127 0.034126378595829 0.0363930426537991 0.0431287698447704 0.0525596514344215 0.0468339137732983 0.0325451605021954 0.0268360935151577 0.0180220436304808 0.0190505255013704 0.0127351460978389 0.0149903409183025 0.0134161487221718 0.0112046580761671 0.0168974883854389 0.0200348235666752 0.0108115850016475 0.00890320912003517 0.0129225263372064 0.0240824464708567 0.0181512273848057 0.00905656907707453 0.00712103070691228 0.00718279602006078 0.0106996158137918 0.00933562591671944 0.0086847972124815 0.0098083671182394 0.0152049362659454 0.0113893114030361 0.0122780920937657 0.0258060675114393 0.0323604717850685 0.0317529253661633 0.0277699884027243 0.0318510085344315 0.267072856426239 0.34111225605011 0.332893013954163 0.336407214403152 0.357188761234283 0.347829133272171 0.340323984622955 -3.4e+38
0.323712110519409 0.324764996767044 0.363016575574875 0.358921498060226 0.350399851799011 0.363072633743286 0.352947145700455 0.0842618942260742 0.0787196457386017 0.0775727331638336 0.072165884077549 0.0556834265589714 0.0513787642121315 0.0465258285403252 0.0436913520097733 0.0346370711922646 0.034314151853323 0.0270839873701334 0.022085428237915 0.0182603877037764 0.0216963365674019 0.0166097991168499 0.0193636156618595 0.0241194758564234 0.0170423910021782 0.0101016070693731 0.0139364060014486 0.0243634693324566 0.0238651018589735 0.0134988129138947 0.00857250113040209 0.00863071251660585 0.0114267691969872 0.014200646430254 0.0270490814000368 0.0204799398779869 0.0244156308472157 0.0281942188739777 0.0351455435156822 0.026384212076664 0.0309186913073063 0.0400433205068111 0.0384814701974392 0.035289041697979 0.0468695871531963 0.269559979438782 0.290711790323257 0.313131958246231 0.316210120916367 0.329709887504578 0.319318920373917 -3.4e+38 -3.4e+38
