data/climate_estimation/maxent_output/Colchicum_graecum.asc
NCOLS 32 
NROWS 56 
XLLCORNER 21.0833333333333 
YLLCORNER 36.8333333333333 
CELLSIZE 0.0833333333333334 
NODATA_value -3.4e+38 
[rows 0 to 28 of 56, columns 0 to 31 of 32]
0.140769973397255 0.104575231671333 0.0862179398536682 0.0705224499106407 0.0598585270345211 0.0641887784004211 0.0603337846696377 0.0652998685836792 0.0504167042672634 0.0399889424443245 0.0350571982562542 0.0364273004233837 0.0346054062247276 0.0360930450260639 0.0484330505132675 0.0518053323030472 0.0519526787102222 0.0532033443450928 0.0351501516997814 0.0368865542113781 0.0408988818526268 0.0695434957742691 0.0986000150442123 0.101814530789852 0.0800340101122856 0.0478226356208324 0.0446208044886589 0.0558768771588802 0.0671381503343582 0.116688407957554 0.041170597076416 0.143904820084572
0.128969132900238 0.103180579841137 0.0884867683053017 0.0633307248353958 0.0615049265325069 0.0606649480760098 0.0630758926272392 0.0640422254800797 0.0576498471200466 0.0632329806685448 0.0422663800418377 0.0516366921365261 0.0524999052286148 0.0379177890717983 0.0396417230367661 0.0380743220448494 0.0378204956650734 0.0475181117653847 0.050601564347744 0.057595606893301 0.0680147334933281 0.0789017975330353 0.0819131508469582 0.0767484903335571 0.0705296322703362 0.0881783068180084 0.0653723627328873 0.0513257198035717 0.0920111462473869 0.144714862108231 0.0476177148520947 0.155237257480621
0.143481716513634 0.107116624712944 0.0984231382608414 0.0686362832784653 0.0591329485177994 0.0613059028983116 0.063642181456089 0.0641421303153038 0.0628251731395721 0.0550580434501171 0.0543156266212463 0.0654016360640526 0.05409075319767 0.0580745860934258 0.0651845932006836 0.0456596836447716 0.0308403242379427 0.035096999257803 0.0385030433535576 0.0551398992538452 0.0611568279564381 0.0604548007249832 0.0670351609587669 0.0935810804367065 0.11084159463644 0.104873292148113 0.0647691264748573 0.0678838714957237 0.0886665731668472 0.132727190852165 0.146914556622505 0.152976825833321
0.141754135489464 0.104686498641968 0.103310912847519 0.0728345513343811 0.06467504799366 0.0641244873404503 0.0654374659061432 0.0509450547397137 0.0615128315985203 0.0615974403917789 0.0619146898388863 0.0644239783287048 0.0626513063907623 0.0630546659231186 0.0692468956112862 0.0449774265289307 0.0343204848468304 0.0332687050104141 0.036776464432478 0.0395168922841549 0.0366440862417221 0.0560557767748833 0.054561011493206 0.0452009327709675 0.0371611192822456 0.0377068370580673 0.0405084602534771 0.0433740429580212 0.0922632962465286 0.15229956805706 0.166533917188644 0.16097429394722
0.155429407954216 0.132294267416 0.0955329164862633 0.0779756754636765 0.0623991638422012 0.068400576710701 0.0614966824650764 0.0520959347486496 0.0625399574637413 0.0595867931842804 0.0603586062788963 0.0635236576199532 0.0708590149879456 0.0646681040525436 0.0676050037145615 0.0507194660604 0.0339371338486671 0.0284040253609419 0.0342429503798485 0.0389719195663929 0.0368704050779343 0.0470339804887772 0.0555590838193893 0.065505787730217 0.0884789675474167 0.0495185256004333 0.0402102321386337 0.0418229661881924 0.0503681749105453 0.066928967833519 0.101141721010208 0.165101915597916
0.134864032268524 0.109337441623211 0.106032401323318 0.0738216787576675 0.069367840886116 0.0701736211776733 0.0714338794350624 0.0703087374567986 0.0631738379597664 0.0653406828641891 0.0656781867146492 0.0493709333240986 0.0453295819461346 0.0552341639995575 0.0746670439839363 0.0659938082098961 0.0390411913394928 0.031819362193346 0.0290024001151323 0.0311220400035381 0.0345100089907646 0.0431677363812923 0.0482246614992619 0.0646324306726456 0.0832937657833099 0.0646880865097046 0.0505483224987984 0.0421746298670769 0.0438620261847973 0.0461548082530499 0.0529239401221275 0.0616596601903439
0.125422105193138 0.0752868354320526 0.107614360749722 0.083874374628067 0.0716879740357399 0.0629995614290237 0.0692234858870506 0.0726693049073219 0.0661608874797821 0.0625481754541397 0.0456178076565266 0.0302368253469467 0.0308552645146847 0.0551535300910473 0.0667164549231529 0.0692534893751144 0.0348514243960381 0.0277380682528019 0.0269692987203598 0.0318941585719585 0.0349353812634945 0.0385477393865585 0.0449425131082535 0.0635012984275818 0.0847205445170403 0.0799980387091637 0.0689326971769333 0.0501074269413948 0.0473675094544888 0.0447687618434429 0.0469825193285942 0.0449749380350113
0.157195255160332 0.104242071509361 0.101772263646126 0.0913831368088722 0.0724224299192429 0.066179133951664 0.0747952088713646 0.0736652463674545 0.0688875839114189 0.0733411610126495 0.0587783455848694 0.0409066304564476 0.0324727147817612 0.0323972105979919 0.0546193234622478 0.0387738384306431 0.0324945077300072 0.0268929656594992 0.0252851732075214 0.0278024505823851 0.0304430890828371 0.0334179066121578 0.042010523378849 0.0552287809550762 0.0710576772689819 0.0901220813393593 0.109381169080734 0.0976114347577095 0.0685936063528061 0.0646574348211288 0.0582811869680882 0.0480420179665089
0.173408910632133 0.117204241454601 0.105907633900642 0.103107899427414 0.0775263160467148 0.0753718167543411 0.0776136368513107 0.0807611271739006 0.0557034537196159 0.0548708066344261 0.0534542128443718 0.0388881042599678 0.0270714238286018 0.0246609169989824 0.0227416697889566 0.0238896030932665 0.0245766509324312 0.0264142770320177 0.0251284074038267 0.0304727703332901 0.0319545865058899 0.038134403526783 0.0400233492255211 0.0390064120292664 0.0494967885315418 0.0666112378239632 0.0820061787962914 0.0900887101888657 0.0809797272086143 0.0903781354427338 0.136200666427612 0.102900177240372
0.187145575881004 0.161816015839577 0.114987589418888 0.114575408399105 0.0990447998046875 0.0846856683492661 0.0719851329922676 0.0593198500573635 0.0573117844760418 0.0721336007118225 0.0767950639128685 0.0406708382070065 0.0251741129904985 0.0233340691775084 0.0217494685202837 0.0213591009378433 0.0216580871492624 0.0227388814091682 0.0239102710038424 0.0251296292990446 0.0269136354327202 0.0318928174674511 0.04019870236516 0.0400579385459423 0.0381267555058002 0.0443830005824566 0.0497639924287796 0.0524303801357746 0.0659383907914162 0.0706891342997551 0.0771116241812706 0.056904248893261
0.186801895499229 0.184757709503174 0.146111249923706 0.121348150074482 0.107373595237732 0.0855757743120193 0.0686857849359512 0.0646145790815353 0.0713159739971161 0.0799709260463715 0.0801792219281197 0.0675542801618576 0.0258035231381655 0.0224039126187563 0.0211743414402008 0.0206773802638054 0.0212412048131227 0.0217782743275166 0.0223559252917767 0.0240657646209002 0.0254312939941883 0.0271434392780066 0.0370999202132225 0.0548497028648853 0.0612224191427231 0.0427763350307941 0.0540981702506542 0.0601789802312851 0.0401139557361603 0.0459638461470604 0.0581176280975342 0.0905117094516754
0.198926255106926 0.187667921185493 0.154815897345543 0.13474152982235 0.115392997860909 0.0906510502099991 0.0745441168546677 0.0634951144456863 0.0790251493453979 0.0862225517630577 0.0872312411665916 0.0891067311167717 0.0498926043510437 0.0228516887873411 0.0202295072376728 0.019464174285531 0.0223284680396318 0.0204979591071606 0.0215309709310532 0.0225704908370972 0.0243062935769558 -3.4e+38 0.0286696366965771 0.0348771698772907 0.0557006299495697 0.0770924016833305 0.0633884817361832 0.0573654025793076 0.0569228790700436 0.0730896219611168 0.12046754360199 0.138846665620804
0.242879971861839 0.191718861460686 0.172930747270584 0.18352198600769 0.124746449291706 0.116849668323994 0.0951399505138397 0.0766481831669807 0.0683920532464981 0.0828844830393791 0.0978855639696121 0.0899656265974045 0.0830817148089409 0.0353893302381039 0.0441109277307987 0.0267803948372602 0.0256477724760771 0.0223251096904278 0.0201278980821371 -3.4e+38 0.0244994629174471 0.0293129608035088 0.0335861146450043 0.0358547456562519 0.0418676286935806 0.0520717650651932 0.0812997668981552 0.0889802798628807 0.115134760737419 0.144476234912872 0.122406139969826 0.133541628718376
0.289578050374985 0.236228048801422 0.19072225689888 0.159185856580734 0.150797814130783 0.136389657855034 0.124625936150551 0.106847606599331 0.0710987746715546 0.0675384923815727 0.0739962756633759 0.10093329846859 0.0640081614255905 0.0529415234923363 0.0799137204885483 0.0315364189445972 0.0260986220091581 0.0219837501645088 0.0189395677298307 -3.4e+38 -3.4e+38 0.0215148758143187 0.0296628791838884 0.0325898192822933 0.0388882346451283 0.0535874590277672 0.063727393746376 0.0619815178215504 0.10896348208189 0.093808077275753 0.0519610457122326 0.0456743165850639
0.333865374326706 0.274768561124802 0.22723563015461 0.18432092666626 0.148022994399071 0.15371485054493 0.138840347528458 0.0928717032074928 0.0728642493486404 0.057046502828598 0.0533878915011883 0.0456091836094856 0.0882450342178345 0.106434591114521 0.0411379709839821 0.0223938710987568 0.0184446554630995 0.0176594350486994 0.0158190876245499 -3.4e+38 -3.4e+38 -3.4e+38 -3.4e+38 0.0261306315660477 0.029315285384655 0.0264068655669689 0.0297657120972872 0.0256720036268234 0.0400285236537457 0.0338776595890522 0.0447853095829487 0.0341275632381439
0.396312057971954 0.340531259775162 0.254113703966141 0.217119246721268 0.161810278892517 0.126331463456154 0.152866661548615 0.140714302659035 0.0587250404059887 0.0366183146834373 0.0308160707354546 0.0585420988500118 0.124969981610775 0.111109517514706 0.051944438368082 0.0240089539438486 0.0150386271998286 0.0144085492938757 -3.4e+38 -3.4e+38 -3.4e+38 -3.4e+38 -3.4e+38 -3.4e+38 -3.4e+38 -3.4e+38 0.0219177324324846 0.0236795376986265 -3.4e+38 0.0262522008270025 0.029396029189229 0.0337452329695225
0.426559388637543 0.385128945112228 0.303708434104919 0.227243945002556 0.16304312646389 0.125633910298347 0.118216708302498 0.127000004053116 0.0615460984408855 0.0447351709008217 0.0982249602675438 0.119139067828655 0.124776095151901 0.123409897089005 0.135287746787071 0.132185459136963 0.0531272254884243 0.0165860559791327 -3.4e+38 -3.4e+38 -3.4e+38 -3.4e+38 -3.4e+38 -3.4e+38 -3.4e+38 -3.4e+38 0.0181146524846554 0.0208660680800676 0.0224176533520222 -3.4e+38 -3.4e+38 0.0386990271508694
0.467620521783829 0.483031839132309 0.346035212278366 0.258504122495651 0.194584384560585 0.135366335511208 0.115960642695427 0.124194674193859 0.0713901966810226 0.0784419775009155 0.129408583045006 0.0846313536167145 0.0409486852586269 0.0508948713541031 0.15062490105629 0.16349533200264 0.163675233721733 0.023420263081789 0.017061997205019 -3.4e+38 -3.4e+38 -3.4e+38 -3.4e+38 -3.4e+38 -3.4e+38 -3.4e+38 -3.4e+38 0.0229011252522469 0.0251336395740509 0.0308314561843872 -3.4e+38 -3.4e+38
0.480954736471176 0.509525060653687 0.402993977069855 0.324877202510834 0.253768742084503 0.182754144072533 0.105105996131897 0.087505429983139 0.15464685857296 0.0934183225035667 0.0962877795100212 0.043342724442482 0.0350976549088955 0.0398603342473507 0.0704700723290443 0.11497812718153 0.136510327458382 0.0961024239659309 0.0143722742795944 0.00980260316282511 -3.4e+38 -3.4e+38 -3.4e+38 -3.4e+38 -3.4e+38 -3.4e+38 -3.4e+38 0.0172306224703789 0.0294814221560955 0.0324587561190128 0.0274718683212996 0.0237732604146004
0.504131317138672 0.482261955738068 0.508866429328918 0.411788105964661 0.322432398796082 0.193245023488998 0.145295649766922 0.12619586288929 0.148279875516891 0.142459988594055 0.092141754925251 0.035242073237896 0.0321270264685154 0.0279663149267435 0.0648878738284111 0.0509118549525738 0.0275631304830313 0.0322039686143398 0.0396753735840321 0.0218483954668045 0.0150249656289816 -3.4e+38 -3.4e+38 -3.4e+38 -3.4e+38 -3.4e+38 -3.4e+38 -3.4e+38 -3.4e+38 -3.4e+38 -3.4e+38 0.0323685668408871
0.731415331363678 0.590875089168549 0.640758454799652 0.559738099575043 0.38602414727211 0.225288555026054 0.179420083761215 0.157252788543701 0.172775775194168 0.222148820757866 0.184635281562805 0.0323822684586048 0.0275324080139399 0.0457759089767933 0.0145963421091437 0.00903196074068546 0.00994568224996328 0.0158181469887495 0.096578061580658 0.27202108502388 0.0589279569685459 0.0126652186736465 -3.4e+38 -3.4e+38 -3.4e+38 -3.4e+38 -3.4e+38 -3.4e+38 -3.4e+38 -3.4e+38 -3.4e+38 -3.4e+38
0.68432092666626 0.634659171104431 0.546693027019501 0.647810220718384 0.495938837528229 0.283892542123795 0.170164048671722 0.104290813207626 0.129321351647377 0.122512057423592 0.11090112477541 0.0390269681811333 0.0254081301391125 0.0146965160965919 0.00957084633409977 0.00797829125076532 0.00803009048104286 0.00785226188600063 0.0328437425196171 0.0282647050917149 0.0177258178591728 0.0119037693366408 -3.4e+38 -3.4e+38 -3.4e+38 -3.4e+38 -3.4e+38 -3.4e+38 -3.4e+38 -3.4e+38 -3.4e+38 -3.4e+38
0.703513443470001 0.747110843658447 0.779958128929138 0.59298187494278 0.678546071052551 0.51615184545517 0.144459083676338 0.0770406052470207 0.0558797530829906 0.0641589537262917 0.0454019419848919 0.0268215667456388 0.0306715052574873 0.0158292688429356 0.0103342961519957 0.00818657595664263 0.00804250594228506 0.00692890910431743 0.00801319535821676 0.0129923187196255 0.080956719815731 0.0374626182019711 0.00997252017259598 -3.4e+38 -3.4e+38 -3.4e+38 -3.4e+38 -3.4e+38 -3.4e+38 -3.4e+38 -3.4e+38 -3.4e+38
0.953280091285706 0.752149283885956 0.901915729045868 0.744238317012787 0.657045841217041 0.705082654953003 0.143011257052422 0.0848306342959404 0.0503153055906296 0.0333852954208851 0.023667873814702 0.017969723790884 0.0201815366744995 0.0168265532702208 0.00862241070717573 0.0096825398504734 0.00835844874382019 0.00778440525755286 0.00926549453288317 0.0104721831157804 0.0169035010039806 0.0533034987747669 0.0575483702123165 0.0295383594930172 0.013777507469058 -3.4e+38 -3.4e+38 -3.4e+38 -3.4e+38 -3.4e+38 -3.4e+38 -3.4e+38
0.916892349720001 0.929291665554047 0.952450573444366 0.911114454269409 0.809966802597046 0.648385405540466 0.325872510671616 0.0930891409516335 0.064156137406826 0.0434017218649387 0.0308998394757509 0.0234349239617586 0.0181563552469015 0.0144488355144858 0.0169716589152813 0.0112788835540414 0.0108100455254316 0.0183631461113691 0.0164666492491961 0.00897153373807669 0.0106997368857265 0.0167655143886805 0.0729832574725151 0.274086058139801 0.0273789893835783 -3.4e+38 -3.4e+38 -3.4e+38 -3.4e+38 -3.4e+38 -3.4e+38 -3.4e+38
0.92350834608078 0.952816545963287 0.954710304737091 0.934035122394562 0.936042547225952 0.855860352516174 0.612111330032349 0.45496341586113 0.144686415791512 0.0477625988423824 0.0346286483108997 0.0250048264861107 0.018927376717329 0.0153885195031762 0.0134552698582411 0.0165105443447828 0.0165687203407288 0.0267600547522306 0.0273909065872431 0.0192184969782829 0.0172609966248274 0.0145031278952956 0.0224351696670055 0.163275063037872 0.239825382828712 0.0339719653129578 0.012722703628242 -3.4e+38 -3.4e+38 -3.4e+38 -3.4e+38 -3.4e+38
0.727620005607605 0.797943830490112 0.901084363460541 0.940823793411255 0.905813097953796 0.923870027065277 0.836412966251373 0.735641241073608 0.442691206932068 0.0892566964030266 0.0485294982790947 0.0358975417912006 0.0265570264309645 0.021067650988698 0.0179498959332705 0.0241656266152859 0.0220279805362225 0.0215800702571869 0.0248056091368198 0.0222679525613785 0.0163336917757988 0.0171014871448278 0.0126247182488441 0.0153204966336489 0.0239001680165529 0.0397831089794636 0.0213736817240715 -3.4e+38 -3.4e+38 -3.4e+38 -3.4e+38 -3.4e+38
0.682412326335907 0.847401857376099 0.965601623058319 0.794287383556366 0.954344213008881 0.92801171541214 0.920637428760529 0.886335372924805 0.671251177787781 0.474625378847122 0.174168914556503 0.0804363265633583 0.0418254248797894 0.0253027100116014 0.0281675513833761 0.0990634337067604 0.0611855238676071 0.0377735607326031 0.023029612377286 0.0146607477217913 0.00977144110947847 0.0119694191962481 -3.4e+38 -3.4e+38 0.0135972499847412 0.0311791580170393 0.0262915231287479 0.0170372985303402 0.0298912934958935 0.02019620873034 0.0269696898758411 -3.4e+38
0.590653061866760 0.812833487987518 0.971366465091705 0.950661718845367 0.860525131225586 0.97942990064621 0.92964380979538 0.931920230388641 0.790982246398926 0.821243941783905 0.606222450733185 0.222358167171478 0.180451929569244 0.113874144852161 0.0912323072552681 0.0640680491924286 0.0775886997580528 0.186811327934265 0.189380943775177 0.0692237168550491 0.0209731906652451 0.0154818492010236 0.0217232275754213 0.0229723025113344 0.0230268072336912 0.0230895448476076 0.0270224511623383 0.0187176037579775 0.0205241683870554 0.0158180091530085 0.0425815843045712 0.0323270112276077
