data/climate_estimation/maxent_output/Colchicum_multiflorum.asc
NCOLS 214 
NROWS 154 
XLLCORNER -7.91666666666667 
YLLCORNER 36.75 
CELLSIZE 0.0833333333333333 
NODATA_value -3.4e+38 
[rows 44 to 65 of 154, columns 144 to 191 of 214]
0.148467198014259 0.154313951730728 0.197382614016533 0.168633162975311 0.155580639839172 0.109988495707512 0.0736545771360397 0.0583648830652237 0.0552433952689171 0.0509536117315292 0.0431201159954071 0.0350354798138142 0.0294556859880686 0.0272826254367828 0.0240791421383619 0.0272356923669577 0.0567974485456944 0.0502167157828808 0.253462612628937 0.0254658479243517 0.0581986531615257 0.0535009056329727 0.0228336583822966 0.0234493501484394 0.0435102991759777 0.0475308410823345 0.14973558485508 0.134558975696564 0.035133384168148 0.0424929410219193 0.107303604483604 0.100256815552711 0.0203441791236401 0.000570725707802922 0.000688622239977121 0.00197653286159039 0.00215266062878072 0.00255873892456293 0.00275914347730577 0.00141256873030216 0.000935724470764399 0.000661826808936894 0.00182188453618437 0.00071313715307042 0.000364679406629875 0.000386977568268776 0.00231823557987809 0.00847399327903986
0.0946210324764252 0.0961722061038017 0.173626914620399 0.188786447048187 0.150069206953049 0.0975238308310509 0.0810810625553131 0.0630124062299728 0.0536570474505424 0.0434830561280251 0.0409162566065788 0.0334996320307255 0.0301578044891357 0.0270259715616703 0.0231013800948858 0.0236641131341457 0.0242860857397318 0.0540799461305141 0.0252721514552832 0.0233186148107052 0.0234265830367804 0.0262526329606771 0.0227542221546173 0.0482345670461655 0.166509732604027 0.0482656769454479 0.148786038160324 0.160850346088409 0.117252103984356 0.0815929248929024 0.0402517542243004 0.0222572945058346 0.000544109905604273 0.00126261147670448 0.0299997255206108 0.0112370476126671 0.00546656921505928 0.0118638416752219 0.00949360523372889 0.00480428244918585 0.00427706493064761 0.00775044085457921 0.00836337823420763 0.00483147101476789 0.00130814337171614 0.000895003788173199 0.00526519678533077 0.0234017577022314
0.127280980348587 0.0895320549607277 0.108716323971748 0.163232147693634 0.152991652488708 0.12824621796608 0.0886880531907082 0.0619734600186348 0.0516503900289536 0.0454712472856045 0.0386803038418293 0.0341251417994499 0.0305578280240297 0.0255473013967276 0.0243366695940495 0.0229899100959301 0.0225288793444633 0.0237252451479435 0.025251803919673 0.0239224974066019 0.0262860730290413 0.024550074711442 0.265758812427521 0.17159715294838 0.227568790316582 0.111368365585804 0.169543385505676 0.0487214885652065 0.143191009759903 0.110367171466351 0.0384155660867691 0.00898547656834126 0.00483376299962401 0.00370130827650428 0.0118740079924464 0.013773187994957 0.010591633617878 0.0126257762312889 0.0128300599753857 0.00805139169096947 0.00930427387356758 0.00775853218510747 0.0200245212763548 0.0348193868994713 0.00256410986185074 0.00724972458556294 0.00772235542535782 0.0146557912230492
0.0887437835335732 0.0874026641249657 0.0953633338212967 0.122226685285568 0.128545880317688 0.132087707519531 0.0828574746847153 0.05527638271451 0.0454793684184551 0.0420669503509998 0.0382404066622257 0.0328869223594666 0.0261477958410978 0.0256591737270355 0.0243526548147202 0.0252913814038038 0.0237057562917471 0.024405799806118 0.0245266146957874 0.0278677046298981 0.262189149856567 0.0254284869879484 0.26679003238678 0.170140787959099 0.182977557182312 0.153354242444038 0.0469659231603146 0.211430251598358 0.194808766245842 0.0191797148436308 0.0124090379104018 0.02445830963552 0.0911762043833733 0.0333545617759228 0.00347881368361413 0.0052102985791862 0.0079049551859498 0.013230549171567 0.00535320956259966 0.00602264422923326 0.00175023707561195 0.002480064984411 0.00656519457697868 0.047822006046772 0.0220691096037626 0.0127319665625691 0.0178975313901901 0.0638962909579277
0.111818484961987 0.0849979296326637 0.0895432904362679 0.144356042146683 0.148932740092278 0.0939342826604843 0.0665758028626442 0.0559601150453091 0.0469839461147785 0.0378877110779285 0.0331476591527462 0.0301854535937309 0.0279491450637579 0.0301766265183687 0.0268202573060989 0.0274222455918789 0.0280505437403917 0.0268701948225498 0.025747699663043 0.0264899544417858 0.270914554595947 0.284986525774002 0.0266549568623304 0.285697430372238 0.0267457459121943 0.0245179664343596 0.052059892565012 0.0579200573265553 0.182939454913139 0.0916781350970268 0.110962472856045 0.0777538940310478 0.0241114217787981 0.00789343938231468 0.00200176076032221 0.00117447937373072 0.00304832030087709 0.00386527646332979 0.000600143277551979 0.00129458168521523 0.0066767237149179 0.0056479861959815 0.00234414706937969 0.0113239148631692 0.0465994030237198 0.0643075704574585 0.0654244348406792 0.0335309393703938
0.149426773190498 0.11875194311142 0.113614872097969 0.111535176634789 0.110072180628777 0.086656741797924 0.0931629836559296 0.0606781169772148 0.0390425398945808 0.0377932488918304 0.0328417830169201 0.0326504930853844 0.031470637768507 0.0314619541168213 0.0320756174623966 0.0315735749900341 0.0304267592728138 0.28327950835228 0.284930616617203 0.281166195869446 0.314450025558472 0.200982376933098 0.314968079328537 0.0280087236315012 0.0366919785737991 0.147838860750198 0.262552857398987 0.027212169021368 0.102312877774239 0.0390743985772133 0.0855175778269768 0.034982293844223 0.00504016224294901 0.00408412795513868 0.0102542256936431 0.00140863272827119 0.00193137465976179 0.00643516005948186 0.0189689695835114 0.00674744322896004 0.00646410742774606 0.0288774073123932 0.0190210398286581 0.0770478174090385 0.0440971255302429 0.023025268688798 0.0281332470476627 0.0269333999603987
0.184957504272461 0.138432547450066 0.150608077645302 0.166684299707413 0.109001241624355 0.0793826058506966 0.0953291729092598 0.0482501275837421 0.0382940582931042 0.0344426073133945 0.0346093736588955 0.0336382649838924 0.0298978704959154 0.0303350202739239 0.0294699929654598 0.0315031222999096 0.0312012918293476 0.0318739898502827 0.289453268051147 0.324355512857437 0.224409773945808 0.172157257795334 0.328945606946945 0.339704811573029 0.163670688867569 0.0468362718820572 0.295042842626572 0.0497827157378197 0.0493956953287125 0.0494027622044086 0.0183657631278038 0.0245217215269804 0.00223410176113248 0.00251697166822851 0.00178911758121103 0.0052447309717536 0.00193514977581799 0.0159619599580765 0.00650761276483536 0.0111422669142485 0.0200877822935581 0.0562063679099083 0.053241889923811 0.0337416492402554 0.0286031384021044 0.0230928100645542 0.0195714849978685 0.0218486208468676
0.11698754876852 0.165480270981789 0.200831055641174 0.145632863044739 0.0966781899333 0.098096139729023 0.0778523907065392 0.0520453974604607 0.038489855825901 0.03471639752388 0.0348933264613152 0.0363782830536366 0.0356332883238792 0.036560095846653 0.0377888604998589 0.0366750508546829 0.0354300923645496 0.0332566909492016 0.324758678674698 0.232516825199127 0.210705816745758 0.38631397485733 0.328156799077988 0.155853852629662 0.0334765501320362 0.079206183552742 0.178288131952286 0.213448271155357 0.0345034413039684 0.00946034118533134 0.00198639067821205 0.00307440385222435 0.0222600121051073 0.0195061527192593 0.00939031224697828 0.00581985991448164 0.00156969809904695 0.0189096014946699 0.010033005848527 0.0504733324050903 0.0894355475902557 0.050629623234272 0.03079454600811 0.019519567489624 0.0199706088751554 0.0200749523937702 0.0204083491116762 0.0176014713943005
0.153763070702553 0.158755928277969 0.168593376874924 0.143159046769142 0.0877410918474197 0.0999980941414833 0.0699450895190239 0.0469079203903675 0.042984314262867 0.0402620360255241 0.0422706045210361 0.0401427857577801 0.0405220240354538 0.0417286604642868 0.0396913215517998 0.0375055782496929 0.0393181703984737 0.254690825939178 0.350491464138031 0.392387300729752 0.373757988214493 0.384939908981323 0.139889925718307 0.0628394037485123 0.0216919016093016 0.0377796664834023 0.143474459648132 0.0753102377057076 0.171982198953629 0.0596251897513866 0.0615588687360287 0.065255768597126 0.0475388653576374 0.0131655745208263 0.0272096209228039 0.0236846338957548 0.0104219764471054 0.0104752210900187 0.0167989432811737 0.0529385320842266 0.0907543078064919 0.0251485519111156 0.0205037835985422 0.0148687427863479 0.0120980655774474 0.012073109857738 0.0146250352263451 0.0157370194792747
0.195478051900864 0.193213254213333 0.180649161338806 0.115428656339645 0.111787214875221 0.102025918662548 0.0719607323408127 0.0553631223738194 0.0513130091130733 0.0454130806028843 0.0469958782196045 0.0444542653858662 0.0456857495009899 0.0419811382889748 0.0431073270738125 0.445673733949661 0.271198779344559 0.251938849687576 0.276165872812271 0.388442724943161 0.416803449392319 0.228266477584839 0.111625149846077 0.197813794016838 0.00954334158450365 0.0235656499862671 0.0108950482681394 0.0112206358462572 0.0317915789783001 0.00684242835268378 0.0123599814251065 0.0253206267952919 0.00809633638709784 0.00780907412990928 0.0214695669710636 0.0391977950930595 0.0501148998737335 0.0625936836004257 0.0728092864155769 0.0608506612479687 0.0376214422285557 0.0162099897861481 0.00892630219459534 0.00704571790993214 0.0110465716570616 0.0172851886600256 0.0211805664002895 0.0207835361361504
0.132112324237823 0.127261802554131 0.144315093755722 0.119115024805069 0.117084093391895 0.0984617173671722 0.0661520883440971 0.0577419362962246 0.0559620074927807 0.0541038997471333 0.0540704019367695 0.0517816767096519 0.0514511950314045 0.43805605173111 0.378563284873962 0.520284235477448 0.325056254863739 0.236060217022896 0.412327706813812 0.49604257941246 0.48712944984436 0.20867832005024 0.100652925670147 0.251154035329819 0.143863305449486 0.0386394262313843 0.0277123209089041 0.0199245549738407 0.0175150223076344 0.0170389786362648 0.058548592031002 0.091187097132206 0.125415802001953 0.137755960226059 0.0583002828061581 0.0929303094744682 0.0890450924634933 0.0182098262012005 0.0877910628914833 0.0367207378149033 0.0220528710633516 0.013449152931571 0.00682321796193719 0.011484308168292 0.0208451393991709 0.014611043035984 0.0193237457424402 0.0195148214697838
0.108858957886696 0.094534195959568 0.150887340307236 0.133578911423683 0.111117251217365 0.0839100256562233 0.0862972661852837 0.0770618766546249 0.0699761211872101 0.0591854937374592 0.416879713535309 0.432009130716324 0.483839303255081 0.523636996746063 0.50811105966568 0.363441407680511 0.318419426679611 0.231840685009956 0.503939390182495 0.503264248371124 0.389180511236191 0.179957672953606 0.141384482383728 0.0393523499369621 0.0592216700315475 0.0204183105379343 0.00674213375896215 0.00394694833084941 0.0157498363405466 0.0813335627317429 0.0678371116518974 0.0618321448564529 0.12949712574482 0.0654204711318016 0.0231847837567329 0.0984435081481934 0.0449445843696594 0.0664743334054947 0.0990267470479012 0.0262525752186775 0.0167473759502172 0.0109486533328891 0.00773295108228922 0.00851828511804342 0.0103521281853318 0.0133297480642796 0.0152925783768296 0.0162860751152039
0.0848361775279045 0.0806420743465424 0.164652109146118 0.132528856396675 0.11067109555006 0.0953808724880219 0.0871919468045235 0.0894062966108322 0.0789343416690826 0.46708557009697 0.462563455104828 0.490517884492874 0.622779905796051 0.458860814571381 0.421488463878632 0.319688647985458 0.233316212892532 0.213557884097099 0.537024915218353 0.57059633731842 0.581126391887665 0.525177180767059 0.244461730122566 0.158002495765686 0.030745655298233 0.0106271412223577 0.00857637636363506 0.00355615606531501 0.102668449282646 0.0730074569582939 0.181856647133827 0.0765427127480507 0.0421388186514378 0.0131708588451147 0.016165591776371 0.0747563168406487 0.10593780875206 0.0752104520797729 0.0457830876111984 0.0221218783408403 0.0173433143645525 0.0143513381481171 0.0116931609809399 0.0111571103334427 0.013939106836915 0.0161381978541613 0.0210627745836973 0.0172742679715157
0.116251952946186 0.0898915976285934 0.101635552942753 0.12543186545372 0.118583746254444 0.102147676050663 0.0962697491049767 0.57041472196579 0.531109035015106 0.529749274253845 0.527559638023376 0.578850567340851 0.644493222236633 0.650991380214691 0.64728057384491 0.658559322357178 0.300801336765289 0.226101219654083 0.49237471818924 0.641070425510406 0.357587099075317 0.373653203248978 0.463600069284439 0.245979964733124 0.144049391150475 0.102108053863049 0.0526756793260574 0.0135842403396964 0.0629259422421455 0.0549223758280277 0.0732190385460854 0.0512591563165188 0.0599414221942425 0.075334370136261 0.0875580981373787 0.0938918218016624 0.0579110756516457 0.0831578373908997 0.0376738868653774 0.0237136948853731 0.0181632079184055 0.0182697474956512 0.0157149452716112 0.0159392040222883 0.0191437024623156 0.0277980118989944 0.0218506827950478 0.0231237821280956
0.144168272614479 0.151105046272278 0.122434005141258 0.11712933331728 0.123695537447929 0.12605182826519 0.636853575706482 0.595938980579376 0.556647181510925 0.627968013286591 0.582440614700317 0.592132210731506 0.613696753978729 0.661933600902557 0.708392739295959 0.712433695793152 0.671554327011108 0.532369256019592 0.343686878681183 0.356864988803864 0.237225636839867 0.249350130558014 0.237583562731743 0.553776443004608 0.251081645488739 0.12389013171196 0.158722788095474 0.0395660065114498 0.0424996577203274 0.128311648964882 0.0591410361230373 0.138344645500183 0.121049292385578 0.0529063120484352 0.0179017428308725 0.0194103326648474 0.0786632895469666 0.056747529655695 0.0754944011569023 0.0380644202232361 0.0259461626410484 0.0258575789630413 0.024573078379035 0.0271528922021389 0.0271696969866753 0.0337142236530781 0.0377200394868851 0.043585829436779
0.151859611272812 0.173043638467789 0.12095919251442 0.666550099849701 0.677775800228119 0.142329037189484 0.741185367107391 0.641086876392365 0.579688012599945 0.650392413139343 0.647589385509491 0.687210917472839 0.751965284347534 0.699454247951508 0.768485009670258 0.69095116853714 0.754163324832916 0.59164971113205 0.403553515672684 0.513904929161072 0.266372084617615 0.245048508048058 0.209705412387848 0.315612077713013 0.565105617046356 0.347888737916946 0.107692703604698 0.0829793587327003 0.107493378221989 0.0917300581932068 0.222883775830269 0.113857723772526 0.0339256636798382 0.0209933761507273 0.0128874871879816 0.104236915707588 0.0713626146316528 0.0462543815374374 0.129331901669502 0.0882294923067093 0.0570754818618298 0.0470592156052589 0.048420961946249 0.0487179681658745 0.0484304800629616 0.0601528882980347 0.490587592124939 0.0846531838178635
0.157781705260277 0.141178831458092 0.678682327270508 0.638407528400421 0.654075622558594 0.708019495010376 0.644034028053284 0.547892034053802 0.581200838088989 0.645281910896301 0.723129451274872 0.790758788585663 0.804139494895935 0.812764585018158 0.799517154693604 0.641570627689362 0.690618932247162 0.728919148445129 0.572425901889801 0.738327920436859 0.734186768531799 0.662785649299622 0.550859272480011 0.771393716335297 0.741972744464874 0.688823819160461 0.162163123488426 0.157398626208305 0.100273966789246 0.0891107022762299 0.0842096656560898 0.074305921792984 0.0787703990936279 0.0179906915873289 0.0324171334505081 0.128912702202797 0.320924401283264 0.0890639126300812 0.124804049730301 0.178393587470055 0.113001465797424 0.0920023694634438 0.0812444910407066 0.519453823566437 0.555930316448212 0.566480100154877 0.684500098228455 0.198796540498734
0.153637737035751 0.672427296638489 0.63446056842804 0.631837546825409 0.714097321033478 0.753713607788086 0.687137305736542 0.573286056518555 0.677112996578217 0.734909892082214 0.76242458820343 0.814793825149536 0.872843325138092 0.870350062847137 0.837613940238953 0.859945833683014 0.781500279903412 0.709495007991791 0.599603593349457 0.810167610645294 0.814878284931183 0.591968238353729 0.78303062915802 0.767122685909271 0.790852665901184 0.766028881072998 0.198318377137184 0.562864720821381 0.247621595859528 0.105696931481361 0.0520196072757244 0.161196827888489 0.128535524010658 0.0651635229587555 0.143916353583336 0.303955882787704 0.350259095430374 0.104481622576714 0.210248202085495 0.204233348369598 0.778947591781616 0.755905032157898 0.724662721157074 0.743701934814453 0.757949411869049 0.740555822849274 0.873258352279663 0.943926751613617
0.768895506858826 0.662801861763 0.697914659976959 0.684362292289734 0.754460513591766 0.765131771564484 0.64471310377121 0.576464891433716 0.635753273963928 0.677887082099915 0.676511228084564 0.819301784038544 0.844576001167297 0.857034981250763 0.884354770183563 0.879087746143341 0.889188706874847 0.868334949016571 0.821348965167999 0.842046976089478 0.864535272121429 0.852895081043243 0.821619212627411 0.816394031047821 0.666409373283386 0.714199960231781 0.643237948417664 0.407415598630905 0.341543108224869 0.284560799598694 0.486209779977798 0.341048747301102 0.107974164187908 0.0584729015827179 0.114264860749245 0.149151131510735 0.112741053104401 0.366824686527252 0.75024950504303 0.955572903156281 0.906285047531128 0.876844823360443 0.881899535655975 0.894456446170807 0.889616370201111 0.929676175117493 0.959000706672668 0.955636560916901
0.767342627048492 0.721629679203033 0.689439356327057 0.711440682411194 0.764224171638489 0.647103786468506 0.582766711711884 0.557646036148071 0.608694136142731 0.600547075271606 0.734700977802277 0.759879469871521 0.854091107845306 0.909322679042816 0.913028478622437 0.931513845920563 0.906981468200684 0.796921670436859 0.874324798583984 0.904719352722168 0.894791722297668 0.84425961971283 0.855402767658234 0.887787878513336 0.704709589481354 0.455463141202927 0.548358261585236 0.612963140010834 0.206445321440697 0.111762695014477 0.192402213811874 0.088033638894558 0.0575394257903099 0.225247621536255 0.0760316550731659 0.187101066112518 0.477028876543045 0.584011673927307 0.797488331794739 0.970455169677734 0.987467050552368 0.988117754459381 0.976519465446472 0.994740903377533 0.992656171321869 0.991816341876984 0.992389619350433 0.997304260730743
0.780757546424866 0.691695272922516 0.724507331848145 0.792612135410309 0.63872766494751 0.622547149658203 0.626916944980621 0.590139031410217 0.626569092273712 0.603973090648651 0.65375828742981 0.836608111858368 0.836351692676544 0.950136363506317 0.958122730255127 0.952759504318237 0.926194369792938 0.902371525764465 0.909667134284973 0.864896476268768 0.896714389324188 0.887765645980835 0.888072729110718 0.926241874694824 0.828665554523468 0.763963580131531 0.827406585216522 0.868218898773193 0.610367774963379 0.170250579714775 0.383226364850998 0.162372067570686 0.144482597708702 0.177149564027786 0.479346245527267 0.314848214387894 0.145409002900124 0.078120544552803 0.209796160459518 0.564264833927155 0.521421730518341 0.861715495586395 0.503094434738159 0.357964515686035 0.347777307033539 0.67602401971817 0.927699029445648 0.995655238628387
0.709880888462067 0.731378972530365 0.814358711242676 0.775921106338501 0.711726248264313 0.696260213851929 0.590051174163818 0.550627529621124 0.53432023525238 0.579314112663269 0.637161433696747 0.720100820064545 0.833721101284027 0.954414963722229 0.892989993095398 0.927082240581512 0.964600682258606 0.872373759746552 0.834544777870178 0.857273519039154 0.808213829994202 0.934885621070862 0.930480659008026 0.944583833217621 0.963547885417938 0.956476628780365 0.960652828216553 0.829240202903748 0.537380754947662 0.613644897937775 0.41452693939209 0.179257735610008 0.761595666408539 0.756445944309235 0.302510917186737 0.506143391132355 0.694491505622864 0.165441781282425 0.188483342528343 0.113010920584202 0.10698202252388 0.500335276126862 0.654755234718323 0.404706537723541 0.824926197528839 0.961290597915649 0.974594414234161 0.998468458652496
