data/climate_estimation/maxent_output/Colchicum_kesselringii.asc
NCOLS 88 
NROWS 87 
XLLCORNER 66.75 
YLLCORNER 35.25 
CELLSIZE 0.0833333333333333 
NODATA_value -3.4e+38 
[rows 57 to 75 of 87, columns 0 to 43 of 88]
0.0206084009259939 0.0138496262952685 0.0106870429590344 0.0100603075698018 0.00794207211583853 0.00827861111611128 0.00809144414961338 0.00852316617965698 0.00850094482302666 0.00768284918740392 0.00889857858419418 0.0106953205540776 0.0115116648375988 0.0125933177769184 0.0293735470622778 0.0295341946184635 0.0134835774078965 0.0160302855074406 0.0206568334251642 0.0212896578013897 0.0164935141801834 0.0163143463432789 0.0101787215098739 0.00999950803816319 0.010161031037569 0.0116453701630235 0.0118849016726017 0.0125010367482901 0.0186448842287064 0.0156921464949846 0.0145831257104874 0.0157403890043497 0.0150520876049995 0.0119900265708566 0.0178250521421432 0.019157849252224 0.204470053315163 0.221536085009575 0.350176364183426 0.524705529212952 0.728592872619629 0.532534420490265 0.300049245357513 0.657996654510498
0.0151255493983626 0.0103739621117711 0.00779819767922163 0.00747441407293081 0.00700051570311189 0.00742984749376774 0.0075100758112967 0.00829610973596573 0.0074251969344914 0.008242167532444 0.00928492844104767 0.0117495199665427 0.0108507163822651 0.0134032582864165 0.0214657075703144 0.0165352895855904 0.0112622706219554 0.0144410701468587 0.0202902145683765 0.0152611946687102 0.0125736156478524 0.0139341112226248 0.00971788913011551 0.0109848249703646 0.0103054158389568 0.012033206410706 0.0122396424412727 0.0123597886413336 0.0236209835857153 0.0212060492485762 0.0178901441395283 0.0122489500790834 0.0117546822875738 0.0117543321102858 0.0114027736708522 0.0124098379164934 0.0190128516405821 0.0168329551815987 0.141260996460915 0.283061861991882 0.381197094917297 0.24140876531601 0.247657299041748 0.475029647350311
0.0091053219512105 0.00858399923890829 0.0081282751634717 0.00721838232129812 0.00718962773680687 0.00672345701605082 0.00779110891744494 0.00717620039358735 0.00652063777670264 0.00899245496839285 0.0117314253002405 0.00926482211798429 0.00990892108529806 0.0110007245093584 0.0151993818581104 0.012807123363018 0.0116865150630474 0.0128012113273144 0.0183762107044458 0.0134756211191416 0.00980213936418295 0.0103945499286056 0.0101503506302834 0.0122818695381284 0.0119167231023312 0.0122577156871557 0.0123723847791553 0.0172414686530828 0.240596085786819 0.0236483477056026 0.0171154290437698 0.0112430592998862 0.0118181277066469 0.0114967934787273 0.0116759641095996 0.0136841749772429 0.12131641805172 0.148197621107101 0.166563019156456 0.179552689194679 0.203265592455864 0.198633566498756 0.61755108833313 0.602236270904541
0.00944519694894552 0.00726755475625396 0.00677995849400759 0.00674676150083542 0.00614112243056297 0.00581897888332605 0.00673390319570899 0.00629504630342126 0.00709963776171207 0.00943872705101967 0.0105203855782747 0.00854833796620369 0.0093705402687192 0.0132340081036091 0.0222214162349701 0.0123207839205861 0.0113463196903467 0.0111404499039054 0.0145402271300554 0.0152461342513561 0.0108859958127141 0.00955066736787558 0.0101700564846396 0.0123009076341987 0.0127448290586472 0.0135185727849603 0.0171359479427338 0.0234153680503368 0.0279892776161432 0.0260407589375973 0.0193897597491741 0.0113790454342961 0.0109371896833181 0.01102932728827 0.0119155989959836 0.017138946801424 0.144450724124908 0.210973471403122 0.477321118116379 0.392779141664505 0.286691099405289 0.246995240449905 0.796614766120911 0.870969355106354
0.00906753819435835 0.00897779315710068 0.00716516701504588 0.00671942858025432 0.00657544191926718 0.00627230992540717 0.00577750289812684 0.00652517518028617 0.00620528077706695 0.00723596103489399 0.00813196040689945 0.00801652017980814 0.00992801785469055 0.0127615369856358 0.0176865980029106 0.0126514779403806 0.010645073838532 0.015827776864171 0.0187237206846476 0.0131169836968184 0.0100073087960482 0.00980091094970703 0.0103760845959187 0.0114652886986732 0.0134070953354239 0.0123995076864958 0.0130028277635574 0.0142486989498138 0.0147261191159487 0.0288603939116001 0.023236807435751 0.0107553666457534 0.011096091940999 0.0103749455884099 0.0127475718036294 0.0192490927875042 0.143414065241814 0.25182381272316 0.472213387489319 0.464180111885071 0.410044997930527 0.577109098434448 0.787894546985626 0.764130890369415
0.0102595267817378 0.00801474694162607 0.00755947036668658 0.00720791798084974 0.00568086234852672 0.00544208707287908 0.0061474721878767 0.00578580982983112 0.00666791573166847 0.00656858738511801 0.00713620753958821 0.00800927449017763 0.0107565894722939 0.012140691280365 0.0139785427600145 0.0101842079311609 0.010105743072927 0.0138718159869313 0.0130457645282149 0.00962888263165951 0.0106782745569944 0.0113987904042006 0.0117406724020839 0.0105348322540522 0.0107494685798883 0.01120191719383 0.0107368044555187 0.0112656373530626 0.0114995278418064 0.0191839542239904 0.0198532603681087 0.0132532827556133 0.0111257256940007 0.0110441641882062 0.0180110651999712 0.134933829307556 0.160405933856964 0.316075026988983 0.520642936229706 0.578098893165588 0.260399371385574 0.448957830667496 0.5025395154953 0.256827086210251
0.00852818321436644 0.00828409753739834 0.00792036764323711 0.00638364301994443 0.00646650930866599 0.00566974096000195 0.00544968526810408 0.00609527248889208 0.00717112654820085 0.00684017827734351 0.00783611834049225 0.00747263571247458 0.00872114580124617 0.0127380201593041 0.0135551542043686 0.00950394012033939 0.0119562800973654 0.0126801626756787 0.0127592561766505 0.0116720674559474 0.0122564574703574 0.0119832828640938 0.0130293006077409 0.0124425897374749 0.0107781197875738 0.011699796654284 0.0111832357943058 0.0112864086404443 0.0122034577652812 0.0132032530382276 0.0168559476733208 0.0150212682783604 0.0109448693692684 0.0131581723690033 0.145483016967773 0.156533271074295 0.182934522628784 0.316665381193161 0.432299047708511 0.433468550443649 0.187448531389236 0.198421865701675 0.201937645673752 0.273712784051895
0.00901539158076048 0.00891344156116247 0.00868866126984358 0.00811700616031885 0.00803837832063437 0.00639370968565345 0.00612897705286741 0.00692545669153333 0.00708447210490704 0.00767693808302283 0.00997991859912872 0.00907488912343979 0.0101574333384633 0.0114707117900252 0.0164644625037909 0.0114514054730535 0.0106660565361381 0.0119774146005511 0.0135973868891597 0.0137050105258822 0.0118476897478104 0.0124207250773907 0.0133611718192697 0.0142922215163708 0.0149009339511395 0.0136132314801216 0.013319349847734 0.0124140055850148 0.0117844548076391 0.0117016034200788 0.0132344383746386 0.0124501250684261 0.011084970086813 0.0149139761924744 0.02033756300807 0.193354725837708 0.194040566682816 0.246257394552231 0.394123494625092 0.337481588125229 0.157481014728546 0.137601420283318 0.361907601356506 0.433292835950851
0.0113510889932513 0.0114353708922863 0.00948470085859299 0.00921259541064501 0.00889557413756847 0.00807692855596542 0.00923702865839005 0.00897075701504946 0.00876190885901451 0.00954027101397514 0.00918202288448811 0.00997033715248108 0.0111587680876255 0.0103126335889101 0.0153342997655272 0.0121755115687847 0.0113973235711455 0.0128772230818868 0.0133438389748335 0.0127777243033051 0.0133566791191697 0.0128796584904194 0.0153536656871438 0.0158064253628254 0.0174374841153622 0.0167961455881596 0.0247932765632868 0.0171887055039406 0.0126897925511003 0.0122277606278658 0.0133403679355979 0.0145174879580736 0.0142104206606746 0.0146499695256352 0.0166428722441196 0.174392372369766 0.296557277441025 0.408851742744446 0.32822260260582 0.17637987434864 0.105130530893803 0.18743209540844 0.241147816181183 0.364989936351776
0.012551171705127 0.0122801521793008 0.0122044961899519 0.011584228836 0.0119508476927876 0.0113320285454392 0.0110916504636407 0.0100995972752571 0.00929384492337704 0.0103251291438937 0.00959506817162037 0.0106071401387453 0.0111634805798531 0.0111379455775023 0.0112786069512367 0.0111744599416852 0.0118335792794824 0.012767250649631 0.0134673295542598 0.0128849279135466 0.0134663572534919 0.012850790284574 0.0148184206336737 0.0163141153752804 0.0174929406493902 0.018565833568573 0.0194266121834517 0.0180964320898056 0.0147162964567542 0.0131951747462153 0.0162170920521021 0.0171798057854176 0.0202677212655544 0.0196271389722824 0.0170813668519258 0.0177227761596441 0.223707228899002 0.329676032066345 0.181520715355873 0.0979241877794266 0.141072198748589 0.193984985351562 0.27816367149353 0.425207793712616
0.0128827895969152 0.0134576121345162 0.0132192205637693 0.0133750066161156 0.0130035253241658 0.0125348782166839 0.0113677000626922 0.0135331880301237 0.0120702460408211 0.0114502692595124 0.0127295283600688 0.0111932186409831 0.0119544202461839 0.0112806744873524 0.0128739709034562 0.0114645594730973 0.0120305456221104 0.0127941519021988 0.01448595803231 0.0157190077006817 0.0153379077091813 0.0142339542508125 0.0141607550904155 0.0150382807478309 0.0172623284161091 0.0190230552107096 0.0208015814423561 0.0184992421418428 0.0169814918190241 0.0176744796335697 0.0344829447567463 0.0190748870372772 0.0203661732375622 0.0266120359301567 0.215182304382324 0.017556257545948 0.0156666543334723 0.138516277074814 0.140843778848648 0.12866972386837 0.139556109905243 0.255027711391449 0.246761173009872 0.337455451488495
0.0135280517861247 0.0139381410554051 0.0144064594060183 0.0143201239407063 0.0143180480226874 0.0135727999731898 0.0159108657389879 0.0148683926090598 0.0134743209928274 0.0128127336502075 0.013080045580864 0.0120791187509894 0.0132388984784484 0.0123674236238003 0.0129802003502846 0.0115882270038128 0.0128055242821574 0.0121792322024703 0.0128543246537447 0.0155851049348712 0.0209965780377388 0.0179139990359545 0.0158502869307995 0.015329709276557 0.0158575400710106 0.0170494951307774 0.0189622472971678 0.0196738485246897 0.0234377216547728 0.025603000074625 0.0290026310831308 0.016944233328104 0.0171483587473631 0.0206982605159283 0.167472630739212 0.179666996002197 0.161216288805008 0.245271742343903 0.253673583269119 0.165941670536995 0.136869639158249 0.356922835111618 0.575618386268616 0.506233632564545
0.0141158560290933 0.014561896212399 0.0146765829995275 0.0150103941559792 0.0164538696408272 0.017346628010273 0.0213501900434494 0.0239531733095646 0.0227351263165474 0.0194722525775433 0.0174927916377783 0.0157659742981195 0.0148356836289167 0.0132964374497533 0.0133919036015868 0.0120513262227178 0.0160768236964941 0.0139011237770319 0.0127416858449578 0.0170938223600388 0.0190435461699963 0.0239509362727404 0.0246442798525095 0.0176028367131948 0.0162776224315166 0.0187691804021597 0.0180625934153795 0.017864964902401 0.0214281547814608 0.019336624071002 0.0186257977038622 0.0190341249108315 0.0182431247085333 0.0168917812407017 0.0203925333917141 0.24130392074585 0.29613134264946 0.342167437076569 0.513225853443146 0.525445163249969 0.240261822938919 0.277943700551987 0.71417909860611 0.697646617889404
0.0274491515010595 0.0244239140301943 0.0197906550019979 0.020480640232563 0.0248926188796759 0.0336420685052872 0.0417048782110214 0.0536232478916645 0.0637849420309067 0.0671051293611526 0.0467638336122036 0.0319807752966881 0.0371505357325077 0.0289933905005455 0.0254841968417168 0.0156180439516902 0.0194574929773808 0.0197646953165531 0.0157604515552521 0.0158290080726147 0.0165777020156384 0.0194666124880314 0.0233968663960695 0.0210761111229658 0.0187085885554552 0.0167410913854837 0.0193587336689234 0.0188733842223883 0.0234598536044359 0.0281328465789557 0.0314542651176453 0.0207390114665031 0.0305081177502871 0.250189900398254 0.208361223340034 0.199590310454369 0.18438832461834 0.245069861412048 0.497264832258224 0.627297580242157 0.667858958244324 0.370694488286972 0.531381905078888 0.802906095981598
0.0293029043823481 0.0309263188391924 0.0239730644971132 0.0312554016709328 0.0456327721476555 0.0573259405791759 0.0739760845899582 0.0700245425105095 0.0566679313778877 0.0389749594032764 0.0358818657696247 0.0321725532412529 0.0298776626586914 0.0350733250379562 0.0376882739365101 0.0356693118810654 0.0321078598499298 0.0267413072288036 0.0204924885183573 0.0182794891297817 0.0214659627526999 0.0219450034201145 0.02568469196558 0.0316739417612553 0.0214730873703957 0.0160903986543417 0.0186122003942728 0.0241361819207668 0.0248921476304531 0.0368204861879349 0.0395005829632282 0.0255562160164118 0.0308719165623188 0.210742101073265 0.307720988988876 0.381052374839783 0.427521735429764 0.246800035238266 0.388298809528351 0.621277630329132 0.771465063095093 0.530625760555267 0.451495319604874 0.645872890949249
0.0241894163191319 0.0241096280515194 0.0246810242533684 0.0372457206249237 0.0597123354673386 0.0948585867881775 0.137390300631523 0.114328444004059 0.0862988084554672 0.0557119138538837 0.0433430075645447 0.038938757032156 0.04045320302248 0.0274433251470327 0.0283479802310467 0.0342749767005444 0.0301972609013319 0.0386721715331078 0.0278055556118488 0.0214667692780495 0.0189092475920916 0.02229961194098 0.0172781571745872 0.0202795416116714 0.0308126993477345 0.0190425720065832 0.0236532725393772 0.0297006797045469 0.0285468958318233 0.0385204590857029 0.0372300669550896 0.0282313730567694 0.0367972403764725 0.220515131950378 0.471641838550568 0.586417555809021 0.512939631938934 0.332002222537994 0.600056350231171 0.744538903236389 0.765320003032684 0.689480483531952 0.670061230659485 0.814051270484924
0.0229570511728525 0.0239715948700905 0.0249786823987961 0.0437585078179836 0.0541660897433758 0.0989446565508842 0.131879225373268 0.11364159733057 0.10597325116396 0.0779228806495667 0.0487260408699512 0.0467171035706997 0.037510622292757 0.0331648848950863 0.039166521281004 0.0525940954685211 0.0521909557282925 0.0478278137743473 0.046758096665144 0.0355927385389805 0.0277087017893791 0.0224962178617716 0.0177014786750078 0.0151158887892962 0.0143080903217196 0.0167314130812883 0.0264543667435646 0.0360230840742588 0.0284324418753386 0.0345365889370441 0.027552030980587 0.0332412905991077 0.467090368270874 0.338671982288361 0.601406157016754 0.650741755962372 0.684371292591095 0.609482109546661 0.454759299755096 0.663991510868073 0.714158713817596 0.751980483531952 0.764100134372711 0.773886442184448
0.0288975033909082 0.024741418659687 0.0314773693680763 0.0396732874214649 0.0520262084901333 0.0555776506662369 0.0774449333548546 0.0839464962482452 0.0809675455093384 0.0701762139797211 0.0591991096735001 0.0431586615741253 0.0386501923203468 0.0345864668488503 0.0309907998889685 0.0418792404234409 0.0641869232058525 0.0550238899886608 0.0497085079550743 0.039021834731102 0.0343700423836708 0.022739302366972 0.0193940754979849 0.0131853530183434 0.0117253651842475 0.0165022183209658 0.0325305238366127 0.0438626818358898 0.0298409126698971 0.0326703824102879 0.043612401932478 0.467612892389297 0.590592741966248 0.470369160175323 0.612477838993073 0.653988182544708 0.640190899372101 0.673603534698486 0.446722805500031 0.665913343429565 0.742951035499573 0.744308114051819 0.774874746799469 0.75468373298645
0.0371644757688046 0.0260403715074062 0.0321776457130909 0.0372034199535847 0.0465226322412491 0.0466870181262493 0.0565274730324745 0.0613857731223106 0.065232627093792 0.0684859603643417 0.0639028251171112 0.0460636131465435 0.0538107343018055 0.0442253276705742 0.048561654984951 0.044347707182169 0.0444721020758152 0.0436454340815544 0.0383893549442291 0.0333988219499588 0.0398865751922131 0.0259289443492889 0.0192695632576942 0.0125469425693154 0.0118831293657422 0.0185950119048357 0.0252475999295712 0.0451714545488358 0.0343061126768589 0.0408652983605862 0.411430507898331 0.556895852088928 0.567863345146179 0.394788682460785 0.567889094352722 0.638199746608734 0.654466390609741 0.574540972709656 0.522962868213654 0.559003829956055 0.594769537448883 0.72130024433136 0.740009784698486 0.720018327236176
