data/climate_estimation/maxent_output/Colchicum_cupanii.asc
NCOLS 263 
NROWS 97 
XLLCORNER 4.91666666666667 
YLLCORNER 35.6666666666667 
CELLSIZE 0.0833333333333333 
NODATA_value -3.4e+38 
[rows 72 to 95 of 97, columns 0 to 54 of 263]
-3.4e+38 -3.4e+38 -3.4e+38 -3.4e+38 -3.4e+38 -3.4e+38 -3.4e+38 -3.4e+38 -3.4e+38 -3.4e+38 -3.4e+38 -3.4e+38 -3.4e+38 -3.4e+38 -3.4e+38 -3.4e+38 -3.4e+38 -3.4e+38 -3.4e+38 -3.4e+38 -3.4e+38 -3.4e+38 -3.4e+38 -3.4e+38 -3.4e+38 -3.4e+38 -3.4e+38 -3.4e+38 -3.4e+38 -3.4e+38 -3.4e+38 -3.4e+38 -3.4e+38 -3.4e+38 -3.4e+38 -3.4e+38 -3.4e+38 -3.4e+38 -3.4e+38 -3.4e+38 -3.4e+38 -3.4e+38 -3.4e+38 -3.4e+38 -3.4e+38 -3.4e+38 -3.4e+38 -3.4e+38 -3.4e+38 -3.4e+38 -3.4e+38 -3.4e+38 -3.4e+38 -3.4e+38 -3.4e+38
-3.4e+38 -3.4e+38 -3.4e+38 -3.4e+38 -3.4e+38 -3.4e+38 -3.4e+38 -3.4e+38 -3.4e+38 -3.4e+38 -3.4e+38 -3.4e+38 -3.4e+38 -3.4e+38 -3.4e+38 -3.4e+38 -3.4e+38 -3.4e+38 -3.4e+38 -3.4e+38 -3.4e+38 -3.4e+38 -3.4e+38 -3.4e+38 -3.4e+38 -3.4e+38 -3.4e+38 -3.4e+38 -3.4e+38 -3.4e+38 -3.4e+38 -3.4e+38 -3.4e+38 -3.4e+38 -3.4e+38 -3.4e+38 -3.4e+38 -3.4e+38 -3.4e+38 -3.4e+38 -3.4e+38 -3.4e+38 -3.4e+38 -3.4e+38 -3.4e+38 -3.4e+38 -3.4e+38 -3.4e+38 -3.4e+38 -3.4e+38 -3.4e+38 -3.4e+38 -3.4e+38 -3.4e+38 -3.4e+38
-3.4e+38 -3.4e+38 -3.4e+38 -3.4e+38 -3.4e+38 -3.4e+38 -3.4e+38 -3.4e+38 -3.4e+38 -3.4e+38 -3.4e+38 -3.4e+38 -3.4e+38 -3.4e+38 -3.4e+38 -3.4e+38 -3.4e+38 -3.4e+38 -3.4e+38 -3.4e+38 -3.4e+38 -3.4e+38 -3.4e+38 -3.4e+38 -3.4e+38 -3.4e+38 -3.4e+38 -3.4e+38 -3.4e+38 -3.4e+38 -3.4e+38 -3.4e+38 -3.4e+38 -3.4e+38 -3.4e+38 -3.4e+38 -3.4e+38 -3.4e+38 -3.4e+38 -3.4e+38 -3.4e+38 -3.4e+38 -3.4e+38 -3.4e+38 -3.4e+38 -3.4e+38 -3.4e+38 0.645491898059845 0.660875082015991 -3.4e+38 -3.4e+38 -3.4e+38 -3.4e+38 -3.4e+38 -3.4e+38
-339999999999999996123846586046231871488.000000000000000 -3.4e+38 -3.4e+38 -3.4e+38 -3.4e+38 -3.4e+38 -3.4e+38 -3.4e+38 -3.4e+38 -3.4e+38 -3.4e+38 -3.4e+38 -3.4e+38 -3.4e+38 -3.4e+38 -3.4e+38 -3.4e+38 -3.4e+38 -3.4e+38 -3.4e+38 -3.4e+38 -3.4e+38 -3.4e+38 -3.4e+38 -3.4e+38 -3.4e+38 -3.4e+38 -3.4e+38 -3.4e+38 -3.4e+38 -3.4e+38 -3.4e+38 -3.4e+38 -3.4e+38 -3.4e+38 -3.4e+38 -3.4e+38 -3.4e+38 -3.4e+38 -3.4e+38 -3.4e+38 -3.4e+38 -3.4e+38 -3.4e+38 -3.4e+38 -3.4e+38 -3.4e+38 -3.4e+38 -3.4e+38 -3.4e+38 -3.4e+38 -3.4e+38 -3.4e+38 -3.4e+38 -3.4e+38
-3.4e+38 -3.4e+38 -3.4e+38 -3.4e+38 -3.4e+38 -3.4e+38 -3.4e+38 -3.4e+38 -3.4e+38 -3.4e+38 -3.4e+38 -3.4e+38 -3.4e+38 -3.4e+38 -3.4e+38 -3.4e+38 -3.4e+38 -3.4e+38 -3.4e+38 -3.4e+38 -3.4e+38 -3.4e+38 -3.4e+38 -3.4e+38 -3.4e+38 -3.4e+38 -3.4e+38 -3.4e+38 -3.4e+38 -3.4e+38 -3.4e+38 -3.4e+38 -3.4e+38 -3.4e+38 -3.4e+38 -3.4e+38 -3.4e+38 -3.4e+38 -3.4e+38 -3.4e+38 -3.4e+38 -3.4e+38 -3.4e+38 -3.4e+38 -3.4e+38 -3.4e+38 -3.4e+38 -3.4e+38 -3.4e+38 -3.4e+38 -3.4e+38 -3.4e+38 -3.4e+38 -3.4e+38 -3.4e+38
-3.4e+38 -3.4e+38 -3.4e+38 -3.4e+38 -3.4e+38 -3.4e+38 -3.4e+38 -3.4e+38 -3.4e+38 -3.4e+38 -3.4e+38 -3.4e+38 -3.4e+38 -3.4e+38 -3.4e+38 -3.4e+38 -3.4e+38 -3.4e+38 -3.4e+38 -3.4e+38 -3.4e+38 -3.4e+38 -3.4e+38 -3.4e+38 -3.4e+38 -3.4e+38 -3.4e+38 -3.4e+38 -3.4e+38 -3.4e+38 -3.4e+38 -3.4e+38 -3.4e+38 -3.4e+38 -3.4e+38 -3.4e+38 -3.4e+38 -3.4e+38 -3.4e+38 -3.4e+38 -3.4e+38 -3.4e+38 -3.4e+38 -3.4e+38 -3.4e+38 -3.4e+38 -3.4e+38 -3.4e+38 -3.4e+38 -3.4e+38 -3.4e+38 -3.4e+38 -3.4e+38 0.807350754737854 0.789022445678711
-3.4e+38 -3.4e+38 -3.4e+38 -3.4e+38 -3.4e+38 -3.4e+38 -3.4e+38 -3.4e+38 -3.4e+38 -3.4e+38 -3.4e+38 -3.4e+38 -3.4e+38 -3.4e+38 -3.4e+38 -3.4e+38 -3.4e+38 -3.4e+38 -3.4e+38 -3.4e+38 -3.4e+38 -3.4e+38 -3.4e+38 -3.4e+38 -3.4e+38 -3.4e+38 -3.4e+38 -3.4e+38 -3.4e+38 -3.4e+38 -3.4e+38 -3.4e+38 -3.4e+38 -3.4e+38 -3.4e+38 -3.4e+38 -3.4e+38 -3.4e+38 -3.4e+38 -3.4e+38 -3.4e+38 -3.4e+38 -3.4e+38 -3.4e+38 -3.4e+38 -3.4e+38 -3.4e+38 -3.4e+38 -3.4e+38 -3.4e+38 0.779105544090271 0.79527747631073 0.788497805595398 0.800044417381287 0.818901419639587
-3.4e+38 -3.4e+38 -3.4e+38 -3.4e+38 -3.4e+38 -3.4e+38 -3.4e+38 -3.4e+38 -3.4e+38 -3.4e+38 -3.4e+38 -3.4e+38 -3.4e+38 -3.4e+38 -3.4e+38 -3.4e+38 -3.4e+38 0.912194013595581 0.888033628463745 -3.4e+38 -3.4e+38 -3.4e+38 -3.4e+38 -3.4e+38 -3.4e+38 -3.4e+38 -3.4e+38 0.57637083530426 -3.4e+38 0.48424431681633 -3.4e+38 -3.4e+38 -3.4e+38 -3.4e+38 -3.4e+38 -3.4e+38 -3.4e+38 -3.4e+38 -3.4e+38 -3.4e+38 -3.4e+38 -3.4e+38 -3.4e+38 -3.4e+38 -3.4e+38 -3.4e+38 -3.4e+38 -3.4e+38 0.742191553115845 0.737100422382355 0.799422025680542 0.790083706378937 0.836398899555206 0.829493820667267 0.840311348438263
-3.4e+38 -3.4e+38 -3.4e+38 -3.4e+38 -3.4e+38 -3.4e+38 -3.4e+38 -3.4e+38 -3.4e+38 -3.4e+38 -3.4e+38 -3.4e+38 -3.4e+38 -3.4e+38 -3.4e+38 -3.4e+38 0.66160649061203 0.553889453411102 0.627178430557251 0.789717614650726 -3.4e+38 -3.4e+38 -3.4e+38 -3.4e+38 -3.4e+38 -3.4e+38 -3.4e+38 0.514496505260468 0.532082319259644 0.515198290348053 0.509172916412354 0.521873295307159 -3.4e+38 -3.4e+38 -3.4e+38 -3.4e+38 -3.4e+38 -3.4e+38 -3.4e+38 -3.4e+38 -3.4e+38 -3.4e+38 -3.4e+38 -3.4e+38 -3.4e+38 -3.4e+38 -3.4e+38 0.764814496040344 0.75974315404892 0.796841740608215 0.797861516475677 0.746579766273499 0.781816065311432 0.75520133972168 0.825821995735168
-3.4e+38 -3.4e+38 -3.4e+38 -3.4e+38 -3.4e+38 -3.4e+38 -3.4e+38 -3.4e+38 -3.4e+38 -3.4e+38 -3.4e+38 -3.4e+38 -3.4e+38 -3.4e+38 -3.4e+38 0.927614629268646 0.728340566158295 0.554197549819946 0.643909454345703 0.838275849819183 0.766658365726471 0.71421492099762 0.671613574028015 0.654250204563141 -3.4e+38 0.683129906654358 0.672549366950989 0.651755332946777 0.581985712051392 0.4980848133564 0.53496652841568 0.508146286010742 0.516192734241486 0.541617631912231 0.650997757911682 -3.4e+38 -3.4e+38 -3.4e+38 0.563362717628479 0.547532021999359 0.529922783374786 0.472934931516647 -3.4e+38 0.528282403945923 0.561283707618713 0.624034106731415 0.707274556159973 0.720635890960693 0.749399483203888 0.775235176086426 0.776918113231659 0.725060343742371 0.643681764602661 0.683737516403198 0.748862504959106
0.668786406517029 -3.4e+38 -3.4e+38 -3.4e+38 -3.4e+38 -3.4e+38 -3.4e+38 -3.4e+38 -3.4e+38 -3.4e+38 -3.4e+38 -3.4e+38 0.893401026725769 0.868005633354187 0.919198155403137 0.813073694705963 0.8316650390625 0.713086366653442 0.708616197109222 0.81769597530365 0.775336444377899 0.636878669261932 0.652947008609772 0.641315698623657 0.664267838001251 0.601458489894867 0.597152948379517 0.654364883899689 0.639621615409851 0.614071667194366 0.564643740653992 0.585476756095886 0.525144398212433 0.603916108608246 0.68063747882843 0.757088541984558 0.695251047611237 0.640882194042206 0.609780073165894 0.525055050849915 0.516025006771088 0.481897950172424 0.489932507276535 0.530993521213531 0.566578269004822 0.654312670230865 0.507546186447144 0.450976639986038 0.504517734050751 0.504104852676392 0.61267626285553 0.584721684455872 0.580919206142426 0.63280588388443 0.657611846923828
0.594643414020538 0.693790435791016 0.667827725410461 -3.4e+38 -3.4e+38 -3.4e+38 -3.4e+38 0.796781182289124 0.761194944381714 0.782168984413147 0.80907541513443 0.878062725067139 0.820210337638855 0.63877660036087 0.908577084541321 0.850413799285889 0.926758229732513 0.867073833942413 0.730511665344238 0.835114300251007 0.787829875946045 0.722190320491791 0.679258584976196 0.660327553749084 0.673497498035431 0.641185760498047 0.710232138633728 0.698042452335358 0.65621542930603 0.635248422622681 0.633826911449432 0.640718996524811 0.641270756721497 0.646028459072113 0.725968182086945 0.730924785137177 0.712879240512848 0.663748204708099 0.638203322887421 0.569901049137115 0.534736335277557 0.508965015411377 0.514158427715302 0.538181066513062 0.426186889410019 0.306337654590607 0.318749070167542 0.317385494709015 0.356696873903275 0.423106521368027 0.483900517225266 0.535044550895691 0.521573901176453 0.590425670146942 0.564039051532745
0.71819543838501 0.701504766941071 0.788322269916534 0.868747115135193 -3.4e+38 -3.4e+38 0.859169542789459 0.758551180362701 0.52802562713623 0.5411656498909 0.685734629631042 0.735190868377686 0.710511207580566 0.607734680175781 0.628765523433685 0.707091569900513 0.794310450553894 0.880290746688843 0.763547778129578 0.729799270629883 0.820022344589233 0.758533418178558 0.737062811851501 0.731945931911469 0.723728239536285 0.709814131259918 0.69021213054657 0.674202263355255 0.679525554180145 0.624686002731323 0.637907326221466 0.626631438732147 0.619116723537445 0.600163519382477 0.654037058353424 0.685949563980103 0.656582295894623 0.566651344299316 0.583305060863495 0.539984524250031 0.483187347650528 0.499354511499405 0.435123443603516 0.387405961751938 0.283748358488083 0.306977123022079 0.305069476366043 0.292715549468994 0.336737513542175 0.431357473134995 0.41471329331398 0.511783838272095 0.496780842542648 0.521084070205688 0.472522675991058
0.649236083030701 0.541459858417511 0.61924147605896 0.741447806358337 0.733677268028259 0.745036840438843 0.603883385658264 0.538480222225189 0.48836612701416 0.438952624797821 0.511814057826996 0.51800125837326 0.436792522668839 0.393572181463242 0.394832700490952 0.508713066577911 0.802360415458679 0.562950789928436 0.483823537826538 0.499433010816574 0.69622403383255 0.743706226348877 0.764300942420959 0.731430947780609 0.553130149841309 0.593156933784485 0.529109299182892 0.550762891769409 0.606575012207031 0.520526587963104 0.497603625059128 0.598251044750214 0.606788754463196 0.611247539520264 0.61022275686264 0.565485537052155 0.593695223331451 0.555538952350616 0.513803482055664 0.476680159568787 0.360723525285721 0.290438085794449 0.262574851512909 0.253512531518936 0.281101495027542 0.292316645383835 0.283098638057709 0.294187188148499 0.33575177192688 0.344108909368515 0.362287789583206 0.397822380065918 0.402849942445755 0.438875287771225 0.445129185914993
0.638601124286652 0.509580075740814 0.455382019281387 0.455671578645706 0.639220595359802 0.565452098846436 0.357351064682007 0.454174250364304 0.405388206243515 0.370749920606613 0.461812943220139 0.496412217617035 0.551757872104645 0.498643010854721 0.535124123096466 0.713164746761322 0.819736897945404 0.630232036113739 0.513293206691742 0.563837587833405 0.520448505878448 0.467660188674927 0.482584804296494 0.522830903530121 0.498144447803497 0.365351587533951 0.351229012012482 0.470506399869919 0.376050174236298 0.409638315439224 0.376812875270844 0.368595480918884 0.423555374145508 0.533852458000183 0.502097249031067 0.372806876897812 0.337267607450485 0.412603288888931 0.396429419517517 0.301948219537735 0.2229955047369 0.248022586107254 0.245319500565529 0.230093136429787 0.220003873109818 0.192920252680779 0.172333329916 0.198435261845589 0.209491327404976 0.246117413043976 0.243294760584831 0.26226207613945 0.285152018070221 0.347495198249817 0.31109830737114
0.64110916852951 0.590556621551514 0.510116159915924 0.588635921478271 0.602273643016815 0.51438307762146 0.431430011987686 0.477461367845535 0.589880108833313 0.61327588558197 0.571785867214203 0.662949621677399 0.592613518238068 0.778215646743774 0.85929811000824 0.705477595329285 0.706189930438995 0.789007902145386 0.669762670993805 0.60323578119278 0.492247670888901 0.356897413730621 0.279164969921112 0.30942839384079 0.296549379825592 0.310111254453659 0.306043952703476 0.336633741855621 0.33178773522377 0.315459281206131 0.315323561429977 0.359572470188141 0.377793371677399 0.487080156803131 0.416725814342499 0.381222426891327 0.311406910419464 0.333459675312042 0.308293759822845 0.237397491931915 0.230450883507729 0.256646990776062 0.203125730156898 0.146477326750755 0.135867148637772 0.127024009823799 0.0775153264403343 0.114440023899078 0.147977069020271 0.171451970934868 0.202041119337082 0.197655320167542 0.215194374322891 0.226440072059631 0.195588007569313
0.497492104768753 0.546030580997467 0.387990117073059 0.433484196662903 0.312934100627899 0.317544400691986 0.271220654249191 0.410826176404953 0.503793895244598 0.477795153856277 0.464425832033157 0.560210764408112 0.603549242019653 0.584876477718353 0.593980312347412 0.492867559194565 0.357284188270569 0.420424491167068 0.471386611461639 0.468532353639603 0.38021457195282 0.27741140127182 0.264546185731888 0.278668820858002 0.281252861022949 0.294734746217728 0.259091705083847 0.238426849246025 0.24455763399601 0.229504331946373 0.214540734887123 0.2483219653368 0.252160400152206 0.253586947917938 0.281084269285202 0.232016518712044 0.219081684947014 0.204075634479523 0.223221346735954 0.244063779711723 0.242011100053787 0.208034858107567 0.200086310505867 0.157211363315582 0.137315809726715 0.103421092033386 0.105482988059521 0.113777250051498 0.0778281837701797 0.122443877160549 0.147178649902344 0.152600139379501 0.162702172994614 0.168364644050598 0.10970725864172
0.204209640622139 0.249615594744682 0.194148510694504 0.146100223064423 0.145510211586952 0.116264380514622 0.138989120721817 0.147007003426552 0.31220331788063 0.224369361996651 0.256668299436569 0.379889994859695 0.361768752336502 0.33806523680687 0.333451807498932 0.362674415111542 0.364794373512268 0.313237249851227 0.290737718343735 0.304947942495346 0.266655385494232 0.263345450162888 0.246733710169792 0.226166501641273 0.229982227087021 0.215703472495079 0.214560240507126 0.207804456353188 0.182662516832352 0.190125241875648 0.178754657506943 0.175951406359673 0.18841989338398 0.191847622394562 0.192334592342377 0.195467799901962 0.216059610247612 0.237143665552139 0.225390881299973 0.204498320817947 0.194083869457245 0.182905554771423 0.166487753391266 0.128935471177101 0.0965582057833672 0.0710628181695938 0.0917022600769997 0.0888932570815086 0.0568160936236382 0.0730900466442108 0.101152814924717 0.102318778634071 0.0721166729927063 0.0768812373280525 0.0837769359350204
0.121348440647125 0.162160083651543 0.271025002002716 0.156643971800804 0.0954094678163528 0.0586232915520668 0.0573326833546162 0.0946391150355339 0.170142650604248 0.170362636446953 0.1671092659235 0.201093375682831 0.236165046691895 0.277876228094101 0.298571735620499 0.309770435094833 0.287842065095901 0.291118532419205 0.244620427489281 0.210528180003166 0.212941840291023 0.223886743187904 0.217692583799362 0.202784091234207 0.207059547305107 0.205050975084305 0.17940628528595 0.162728041410446 0.173040241003036 0.157570287585258 0.15531200170517 0.155402779579163 0.147562325000763 0.147049024701118 0.152836263179779 0.164837867021561 0.177608415484428 0.177072748541832 0.170534327626228 0.177175998687744 0.162987485527992 0.147759735584259 0.126697316765785 0.0846572518348694 0.0371419005095959 0.0818253234028816 0.0767970532178879 0.0628758445382118 0.0410665683448315 0.0340733416378498 0.0373526811599731 0.0486021675169468 0.0404414311051369 0.0554774738848209 0.0771722868084908
0.0334652364253998 0.0451066344976425 0.0733140707015991 0.0722672268748283 0.0585579425096512 0.0413927510380745 0.0319434180855751 0.0439653694629669 0.07127745449543 0.100292481482029 0.15715765953064 0.177070066332817 0.230147153139114 0.234093680977821 0.239008650183678 0.21662874519825 0.200853034853935 0.137733057141304 0.114572562277317 0.136316955089569 0.116419367492199 0.167829751968384 0.181891173124313 0.163425534963608 0.16888539493084 0.169565677642822 0.157312721014023 0.155447483062744 0.140660375356674 0.131702587008476 0.120209604501724 0.110048487782478 0.12118624150753 0.11902043223381 0.120268404483795 0.132881805300713 0.137667715549469 0.13518214225769 0.142856433987617 0.134514570236206 0.123952485620975 0.102003261446953 0.0503920055925846 0.0287978779524565 0.0299472715705633 0.0266969855874777 0.0310271251946688 0.02573436871171 0.0238713212311268 0.0338108576834202 0.024107763543725 0.0436234064400196 0.0375508666038513 0.0299558285623789 0.0690638422966003
0.0170793682336807 0.0209717135876417 0.0242961551994085 0.0302757564932108 0.0285544954240322 0.0258552357554436 0.0213300622999668 0.022691298276186 0.0313755944371223 0.041055154055357 0.0545993223786354 0.0748248472809792 0.0854966193437576 0.0943423509597778 0.0880816355347633 0.0764639303088188 0.0592491887509823 0.0653092116117477 0.0497939363121986 0.0433032661676407 0.0385804772377014 0.139926835894585 0.118489407002926 0.10514535009861 0.147622987627983 0.143031820654869 0.140423372387886 0.120122209191322 0.0861977860331535 0.0788384601473808 0.0659548416733742 0.0778519287705421 0.0996986851096153 0.109015367925167 0.0972310528159142 0.102250084280968 0.114404618740082 0.0999147146940231 0.0802999436855316 0.0701517313718796 0.0755452513694763 0.0382333919405937 0.0221457742154598 0.0213909018784761 0.0172279104590416 0.0183005109429359 0.0181511472910643 0.0182428173720837 0.0184441264718771 0.0133450021967292 0.0188361778855324 0.0453180447220802 0.030872855335474 0.0195743516087532 0.0292613040655851
0.0162936914712191 0.0154967596754432 0.017361756414175 0.0201114378869534 0.0236285105347633 0.0197589322924614 0.0149092627689242 0.014544028788805 0.0190920569002628 0.0213524997234344 0.0282605141401291 0.0284712798893452 0.0323816686868668 0.0382310040295124 0.0338660515844822 0.0341904945671558 0.0332324616611004 0.0331582464277744 0.0395720936357975 0.0245437901467085 0.0269698556512594 0.0502989776432514 0.0490129590034485 0.0778166726231575 0.10587590187788 0.100657261908054 0.0806128829717636 0.0586085505783558 0.0485129915177822 0.0461218394339085 0.0360647551715374 0.0345870926976204 0.0437343679368496 0.0305826775729656 0.024425657466054 0.0236876122653484 0.0233308561146259 0.024316830560565 0.0292403027415276 0.019920714199543 0.0168538559228182 0.0130714923143387 0.0108184851706028 0.0156625229865313 0.0199043210595846 0.0127166248857975 0.0106853479519486 0.00991246569901705 0.0138369332998991 0.0143347410485148 0.0184219293296337 0.0281440559774637 0.038851298391819 0.0261564087122679 0.0209422949701548
0.0188497938215733 0.0191359538584948 0.0153462449088693 0.015515998005867 0.0165797248482704 0.0133401239290833 0.0129873864352703 0.0118245547637343 0.0106979543343186 0.0126583091914654 0.0126339765265584 0.0134580489248037 0.0147683601826429 0.0153189329430461 0.0144889485090971 0.0153182595968246 0.0155938370153308 0.0163496024906635 0.019630765542388 0.0190708059817553 0.0209964290261269 0.0236461609601974 0.0281688701361418 0.0397107265889645 0.0405075326561928 0.0381161980330944 0.0486666038632393 0.0314341858029366 0.0307445470243692 0.0263027306646109 0.02673733048141 0.0261358544230461 0.0211871694773436 0.0159418229013681 0.0149683104828 0.010460376739502 0.0117624178528786 0.0116979256272316 0.0120032066479325 0.0109889451414347 0.00801865756511688 0.00792150106281042 0.00788712315261364 0.0078655956313014 0.0108970319852233 0.0107522895559669 0.0119836600497365 0.0137827266007662 0.0159346684813499 0.0296895541250706 0.0368678607046604 0.0212218556553125 0.0183069873601198 0.0282393228262663 0.0284582059830427
0.0117045193910599 0.00921989604830742 0.0126117188483477 0.0113193104043603 0.0126074636355042 0.0120873115956783 0.0109382374212146 0.0082103181630373 0.00766069581732154 0.00878290180116892 0.00918448064476252 0.00738257495686412 0.00829230528324842 0.007586017716676 0.0081969266757369 0.0103840194642544 0.0119247091934085 0.0134405689314008 0.0166590064764023 0.0155898341909051 0.0203320737928152 0.0206492319703102 0.0194433312863111 0.0203420631587505 0.02220818400383 0.0248095281422138 0.0238612592220306 0.0216631982475519 0.0242527294903994 0.0286418776959181 0.040510106831789 0.0418443009257317 0.0191994681954384 0.0131174465641379 0.010810686275363 0.00761546939611435 0.0107987308874726 0.00985629111528397 0.00838099792599678 0.00885968375951052 0.00754284486174583 0.00906173884868622 0.00878738425672054 0.00511780381202698 0.00388785591349006 0.00663422420620918 0.0131687857210636 0.0116739487275481 0.00980665069073439 0.00970922596752644 0.0189845934510231 0.0148153221234679 0.012338818050921 0.015869777649641 0.0127523969858885
