data/climate_estimation/maxent_output/Colchicum_bulbocodium.asc
NCOLS 537 
NROWS 116 
XLLCORNER 0.666666666666667 
YLLCORNER 42 
CELLSIZE 0.0833333333333333 
NODATA_value -3.4e+38 
[rows 57 to 75 of 116, columns 132 to 175 of 537]
0.00213436456397176 0.00253208260983229 0.00172365747857839 0.00141123391222209 0.00417353864759207 0.00291023962199688 0.00390632264316082 0.0025055028963834 0.00372207234613597 0.0033702792134136 0.0035787713713944 0.00373606430366635 0.00554477795958519 0.00486652599647641 0.00518167205154896 0.00660757906734943 0.00774594442918897 0.0064961314201355 0.00729676987975836 0.0102430209517479 0.0116479303687811 0.00918219424784184 0.00914237555116415 0.00728227896615863 0.00817270763218403 0.00805662199854851 0.0081972274929285 0.00758447125554085 0.00758583750575781 0.00694499304518104 0.00631249696016312 0.00481074256822467 0.00486528500914574 0.00456637470051646 0.00419742194935679 0.00568531174212694 0.00550265423953533 0.00448957923799753 0.00407560216262937 0.00515066320076585 0.00523236719891429 0.00443518068641424 0.00270855543203652 0.00417030835524201
0.00303599121980369 0.00236079283058643 0.00222222600132227 0.00186858396045864 0.00124963838607073 0.00121921335812658 0.00107435474637896 0.00258548371493816 0.00217560515739024 0.00209025829099119 0.00321948784403503 0.00373846013098955 0.00422186916694045 0.00851328391581774 0.00842262711375952 0.00908240489661694 0.00747111020609736 0.00951959379017353 0.00963567942380905 0.0137148126959801 0.015458301641047 0.0147986188530922 0.0168177615851164 0.0136933028697968 0.0122105954214931 0.0108604459092021 0.0103322714567184 0.00827083922922611 0.00866860989481211 0.00749201793223619 0.00699569657444954 0.00613394379615784 0.00560596119612455 0.00588852912187576 0.00602183490991592 0.00720010325312614 0.006103724706918 0.00601112330332398 0.00632383534684777 0.00664088642224669 0.00641457689926028 0.00523458095267415 0.00614130217581987 0.0051912241615355
0.00319225154817104 0.00247221207246184 0.00202814070507884 0.00171210418920964 0.00212643761187792 0.00119556998834014 0.00122503424063325 0.00159167521633208 0.00200688117183745 0.00329265859909356 0.00324116297997534 0.00403460394591093 0.00420643342658877 0.00576971936970949 0.00757256662473083 0.0119774555787444 0.0135070811957121 0.0144689427688718 0.0130919255316257 0.013305464759469 0.0130627043545246 0.0121487621217966 0.0141562791541219 0.0194873493164778 0.0190409328788519 0.0133454333990812 0.0124660739675164 0.0107088703662157 0.0104295229539275 0.00935746543109417 0.00924331694841385 0.00792536791414022 0.00417525647208095 0.00700873415917158 0.00638482347130775 0.00686964020133018 0.00713308248668909 0.00703824870288372 0.00862591993063688 0.00727614993229508 0.00670336093753576 0.00663563562557101 0.00788729824125767 0.00838943384587765
0.00372025114484131 0.00365487299859524 0.00246219476684928 0.00287531572394073 0.00280945142731071 0.00224019214510918 0.00233559822663665 0.00322335376404226 0.00255639012902975 0.0028131150174886 0.00340534141287208 0.00433145789429545 0.00516081228852272 0.00586249399930239 0.00741753540933132 0.0104169407859445 0.0126173524186015 0.01490477938205 0.0169855207204819 0.0192887466400862 0.021369518712163 0.0236319676041603 0.0203857384622097 0.0178751219063997 0.0180837474763393 0.0198626071214676 0.0193092804402113 0.0166467372328043 0.0150660537183285 0.0124348681420088 0.0107956193387508 0.00979091878980398 0.0093481270596385 0.0104211708530784 0.00979334581643343 0.00925006903707981 0.00876560620963573 0.00979350786656141 0.00941800139844418 0.00960112363100052 0.00868022348731756 0.00899418536573648 0.00908000953495502 0.00915234442800283
0.00336940586566925 0.00368400360457599 0.00300643220543861 0.0025213269982487 0.00413223961368203 0.00202476163394749 0.00296158250421286 0.00205946643836796 0.00358741753734648 0.005089464597404 0.00481834914535284 0.00491988332942128 0.00640909792855382 0.0104769431054592 0.0143400710076094 0.0147919924929738 0.017191594466567 0.015210541896522 0.0153893958777189 0.0192392878234386 0.0167217012494802 0.0190083328634501 0.020594509318471 0.0231641121208668 0.0246074050664902 0.0222768150269985 0.0218979623168707 0.0177623927593231 0.0175532922148705 0.0157433375716209 0.0131505709141493 0.0108300819993019 0.0120060034096241 0.0115889087319374 0.0112004978582263 0.01025056745857 0.010369811207056 0.0114867445081472 0.0109887951985002 0.0121162561699748 0.0118133146315813 0.0122625948861241 0.0100944880396128 0.0112747335806489
0.00433067185804248 0.00401104846969247 0.00432982202619314 0.00347007578238845 0.00277140107937157 0.00252889678813517 0.00302185001783073 0.00333362747915089 0.00661461893469095 0.00738055258989334 0.00537250190973282 0.00559930736199021 0.00818767212331295 0.0123073868453503 0.0229801684617996 0.0170339476317167 0.025537297129631 0.0212715584784746 0.0236581992357969 0.0263446234166622 0.022628478705883 0.0213289465755224 0.0233848784118891 0.0271420311182737 0.0270506180822849 0.0249195415526628 0.0247920677065849 0.0248132757842541 0.0199416317045689 0.0186724811792374 0.0172264538705349 0.0178202018141747 0.0173550061881542 0.0171556659042835 0.0153456563130021 0.0149977132678032 0.01523416955024 0.0131293283775449 0.0125103630125523 0.0122550036758184 0.0127577595412731 0.0139657417312264 0.0122745195403695 0.0118260523304343
0.00523892510682344 0.00496588228270411 0.00432765996083617 0.00497822929173708 0.00369548168964684 0.00397251406684518 0.00450689531862736 0.00676211947575212 0.0103241382166743 0.00391760701313615 0.00664598867297173 0.0109613845124841 0.016047079116106 0.022624297067523 0.0296817626804113 0.0291797816753387 0.0252946000546217 0.0313013158738613 0.0328811593353748 0.0293465089052916 0.0302063822746277 0.0226310323923826 0.0349497720599174 0.0360418893396854 0.0284597519785166 0.0279531255364418 0.0279761105775833 0.0264092069119215 0.0271531846374273 0.0255899839103222 0.0249870624393225 0.0227185394614935 0.0216389521956444 0.0212087575346231 0.0181431639939547 0.0177490673959255 0.0165575556457043 0.0155324935913086 0.0181655120104551 0.0199854541569948 0.019367279484868 0.0207145474851131 0.0172444880008698 0.0185517016798258
0.00594770675525069 0.00519130285829306 0.00473519414663315 0.00583138084039092 0.00859854090958834 0.00437242537736893 0.00722873536869884 0.0146239325404167 0.00988813675940037 0.0169221423566341 0.0124327158555388 0.0128361564129591 0.0296647865325212 0.0276061054319143 0.0288274269551039 0.0268824640661478 0.0257709007710218 0.0255292057991028 0.0355935543775558 0.0420230105519295 0.0396087765693665 0.0458588637411594 0.0330288968980312 0.0429670996963978 0.035122312605381 0.0338388793170452 0.0367641896009445 0.0365286320447922 0.0332773439586163 0.0311149805784225 0.0378344543278217 0.0273610763251781 0.0267882663756609 0.0268471892923117 0.0260047093033791 0.0216117929667234 0.0214906223118305 0.0234247520565987 0.0229615345597267 0.0228195730596781 0.0231604035943747 0.0206827986985445 0.0226163100451231 0.0254006125032902
0.00913747772574425 0.00745313707739115 0.00682333996519446 0.00821745209395885 0.0101627800613642 0.0213912315666676 0.0104006724432111 0.026148647069931 0.013917488977313 0.0177095867693424 0.0273515619337559 0.0330510139465332 0.0373776815831661 0.0289587583392859 0.0336498990654945 0.0274148620665073 0.0268234815448523 0.0234699994325638 0.024847311899066 0.0273840967565775 0.0362455882132053 0.0392598211765289 0.0500594340264797 0.0395227372646332 0.0434485338628292 0.0522996708750725 0.0492388755083084 0.0458813682198524 0.040088102221489 0.0420573279261589 0.0381280705332756 0.0332953296601772 0.0299848206341267 0.0277087744325399 0.0263779833912849 0.0283972080796957 0.0260647498071194 0.0262639485299587 0.0277039725333452 0.0292965620756149 0.0248167905956507 0.0273556653410196 0.0303311720490456 0.0264712776988745
0.0144097628071904 0.0156525336205959 0.0101202465593815 0.0124538326635957 0.0249627586454153 0.0386370569467545 0.0315600298345089 0.0328918173909187 0.0323728434741497 0.0143588548526168 0.0210607498884201 0.034785907715559 0.0236953534185886 0.0212368555366993 0.0245010182261467 0.0231902059167624 0.0234322939068079 0.0220491029322147 0.0209822785109282 0.024711212143302 0.0278469920158386 0.0372647382318974 0.0407937914133072 0.0424543842673302 0.0426634103059769 0.0465259552001953 0.0471424348652363 0.0472726188600063 0.049309253692627 0.0451939702033997 0.0410080961883068 0.0388748869299889 0.0325043499469757 0.02922572940588 0.0278118904680014 0.0289650503546 0.0307560153305531 0.0256982017308474 0.0278609599918127 0.0307320225983858 0.0340200401842594 0.0286001842468977 0.0309328120201826 0.0337980166077614
0.0228675864636898 0.0286898091435432 0.0312644951045513 0.0372236184775829 0.0329233147203922 0.0369950532913208 0.0315433479845524 0.0384707264602184 0.0351550914347172 0.044325303286314 0.0245526991784573 0.0192719325423241 0.0228004101663828 0.0230204816907644 0.0231152568012476 0.0275462251156569 0.0267631765455008 0.0267576742917299 0.0244249310344458 0.0243192575871944 0.0305271688848734 0.0318663641810417 0.0388119630515575 0.0525152683258057 0.0605600848793983 0.0548762902617455 0.0676534920930862 0.0592134781181812 0.055846344679594 0.0497782714664936 0.0489896535873413 0.0374543964862823 0.0343982540071011 0.0319340042769909 0.0314277298748493 0.0335228405892849 0.0340056270360947 0.0349061861634254 0.029928345233202 0.0330012440681458 0.0375362411141396 0.0317188426852226 0.0350522175431252 0.0392694696784019
0.0318908728659153 0.0335205011069775 0.028796948492527 0.0359525457024574 0.0264441482722759 0.0481236390769482 0.0430709607899189 0.0405946262180805 0.0373956523835659 0.0341481640934944 0.0242418088018894 0.0226404964923859 0.0283019915223122 0.027793413028121 0.0280484259128571 0.027547299861908 0.035948108881712 0.0287954546511173 0.0293900556862354 0.0330646112561226 0.0400756672024727 0.0408576726913452 0.0480914711952209 0.0508019514381886 0.0551574379205704 0.084435373544693 0.0883455649018288 0.0624320209026337 0.0634361356496811 0.0580919459462166 0.0508402995765209 0.0438074022531509 0.0414630323648453 0.0405517034232616 0.0363496541976929 0.036881797015667 0.0305415187031031 0.0324313156306744 0.0333342775702477 0.0351593904197216 0.0300000086426735 0.034320306032896 0.0383154079318047 0.043026939034462
0.0381034128367901 0.0271175689995289 0.0418247953057289 0.0479855872690678 0.0470221936702728 0.0418407768011093 0.0489607453346252 0.0447268299758434 0.0434830822050571 0.0420023016631603 0.0390278361737728 0.0314137451350689 0.0298403538763523 0.0385017916560173 0.0371895805001259 0.0378701984882355 0.0379018858075142 0.0382631234824657 0.0473955534398556 0.0440615341067314 0.0521995797753334 0.0602752380073071 0.0673462375998497 0.0689055025577545 0.0680442899465561 0.0714080408215523 0.0674719884991646 0.0677753835916519 0.0767738670110703 0.0636324137449265 0.0511992424726486 0.0427355691790581 0.043749924749136 0.0477445609867573 0.0418192930519581 0.0356474071741104 0.0368507280945778 0.0300562269985676 0.0314801409840584 0.0335290059447289 0.0349096208810806 0.0370924882590771 0.0425550416111946 0.0370746925473213
0.0602634511888027 0.0547536760568619 0.0579898282885551 0.0483696423470974 0.0500086359679699 0.0539589412510395 0.0479563772678375 0.0575523599982262 0.0608038194477558 0.0584554597735405 0.0468291454017162 0.044733040034771 0.0437584705650806 0.0417471155524254 0.0496129579842091 0.0501756966114044 0.0515221320092678 0.0512238927185535 0.0490641072392464 0.0605003423988819 0.0575758516788483 0.0718032941222191 0.0786773189902306 0.0764317810535431 0.0738363787531853 0.0682826861739159 0.0643428936600685 0.0625413805246353 0.0726946592330933 0.0637000650167465 0.0458809994161129 0.0607791505753994 0.0394283011555672 0.0537658259272575 0.0419678129255772 0.0346065051853657 0.0345356874167919 0.0353389009833336 0.0355214960873127 0.0310144741088152 0.0327334143221378 0.0277697779238224 0.0391271710395813 0.0422339513897896
0.0717159360647202 0.0723046734929085 0.0625569969415665 0.0644635334610939 0.0545329041779041 0.0578204616904259 0.0610042251646519 0.0690652132034302 0.0873364508152008 0.0856168568134308 0.069223091006279 0.0644092857837677 0.0600000210106373 0.0591724514961243 0.0564773306250572 0.0677509754896164 0.0695756524801254 0.070582315325737 0.0696531012654305 0.0621711984276772 0.0684157833456993 0.0738675445318222 0.0785654783248901 -3.4e+38 0.0767394676804543 0.0729690194129944 0.0663383528590202 0.0622384026646614 0.0758467242121696 0.0513775534927845 0.0453852638602257 0.0655451938509941 0.0649452283978462 0.037842083722353 0.0585023425519466 0.0569257885217667 0.048743836581707 0.0338420607149601 0.0264957677572966 0.0379154458642006 0.0379035621881485 0.031877126544714 0.041848462074995 0.0473891943693161
0.0791500136256218 0.0834459289908409 0.0714540928602219 0.0790010690689087 0.0708386525511742 0.0749517157673836 0.0827307477593422 0.104678645730019 0.122985944151878 0.102357856929302 0.0974808782339096 0.0916392207145691 0.0852722153067589 0.0797676518559456 0.080294631421566 0.0729185342788696 0.0751529633998871 0.071722723543644 -3.4e+38 -3.4e+38 -3.4e+38 -3.4e+38 -3.4e+38 -3.4e+38 0.0882638916373253 0.0876683741807938 0.0723354369401932 0.0799472704529762 0.0726384371519089 0.0511626712977886 0.0452997535467148 0.0605549886822701 0.0777322053909302 0.0699364840984344 0.0563406869769096 0.0538720786571503 0.0534874610602856 0.0332123972475529 0.0261957682669163 0.0331204459071159 0.0485294125974178 0.0374271646142006 0.025832986459136 0.0365783050656319
0.0930309519171715 0.0805622115731239 0.0833180770277977 0.0876439139246941 0.075932502746582 0.0912557244300842 0.110212199389935 0.116697087883949 0.128637552261353 0.144917160272598 0.136867016553879 0.134637981653214 0.0969309136271477 0.0908801779150963 0.0851074531674385 -3.4e+38 -3.4e+38 -3.4e+38 -3.4e+38 -3.4e+38 -3.4e+38 -3.4e+38 0.124563246965408 0.122184276580811 0.0912978053092957 0.0875930264592171 0.0763769224286079 0.0869433954358101 0.0614246241748333 0.0526262670755386 0.044395949691534 0.0444596335291862 0.0764958038926125 0.0716684386134148 0.0643996000289917 0.0385698154568672 0.0242320913821459 0.024452755227685 0.018288878723979 0.0242465287446976 0.0252059791237116 0.027607686817646 0.0333444476127625 0.0344524197280407
0.0972226113080978 0.1097801476717 0.0920190438628197 0.0937367454171181 0.108318842947483 0.104760818183422 0.138938724994659 0.135378658771515 0.16026845574379 0.160054475069046 0.15183213353157 0.149748548865318 -3.4e+38 -3.4e+38 -3.4e+38 -3.4e+38 -3.4e+38 -3.4e+38 -3.4e+38 -3.4e+38 -3.4e+38 0.132773995399475 0.13265323638916 0.129771739244461 0.0944272950291634 0.085490308701992 0.077473409473896 0.0677784755825996 0.0632555335760117 0.0593208782374859 0.049791008234024 0.0258400775492191 0.0299401376396418 0.0485287308692932 0.0614606477320194 0.0564808323979378 0.0261563621461391 0.0186260249465704 0.0172013714909554 0.0232044328004122 0.0251693986356258 0.0263155456632376 0.0231546256691217 0.0310615207999945
0.101701773703098 0.112593814730644 0.114687077701092 0.0976580455899239 0.1136759147048 0.130825504660606 0.131599307060242 0.139391019940376 0.145418480038643 -3.4e+38 -3.4e+38 -3.4e+38 -3.4e+38 -3.4e+38 -3.4e+38 -3.4e+38 -3.4e+38 -3.4e+38 -3.4e+38 -3.4e+38 -3.4e+38 -3.4e+38 0.146736234426498 0.120001256465912 0.106734231114388 0.0978961288928986 0.0798203200101852 0.0736198052763939 0.0567309558391571 0.0603329017758369 0.0799225270748138 0.0631791725754738 0.0331013984978199 0.029696736484766 0.0237239543348551 0.0401279665529728 0.0270485244691372 0.0244618896394968 0.0257486011832952 0.032077431678772 0.0179524123668671 0.0184303782880306 0.0208984576165676 0.0236095618456602
