data/climate_estimation/maxent_output/Colchicum_stevenii.asc
NCOLS 17 
NROWS 40 
XLLCORNER 34.6666666666667 
YLLCORNER 31.25 
CELLSIZE 0.0833333333333332 
NODATA_value -3.4e+38 
-339999999999999996123846586046231871488.000000000000000 -3.4e+38 -3.4e+38 -3.4e+38 -3.4e+38 -3.4e+38 -3.4e+38 -3.4e+38 -3.4e+38 -3.4e+38 -3.4e+38 -3.4e+38 -3.4e+38 -3.4e+38 -3.4e+38 0.224037289619446 0.226224437355995
-3.4e+38 -3.4e+38 -3.4e+38 -3.4e+38 -3.4e+38 -3.4e+38 -3.4e+38 -3.4e+38 -3.4e+38 -3.4e+38 -3.4e+38 -3.4e+38 -3.4e+38 0.213289454579353 0.22340016067028 0.213930055499077 0.195916697382927
-3.4e+38 -3.4e+38 -3.4e+38 -3.4e+38 -3.4e+38 -3.4e+38 -3.4e+38 -3.4e+38 -3.4e+38 -3.4e+38 -3.4e+38 -3.4e+38 0.24471652507782 0.219625040888786 0.216090068221092 0.174021810293198 0.125381782650948
-3.4e+38 -3.4e+38 -3.4e+38 -3.4e+38 -3.4e+38 -3.4e+38 -3.4e+38 -3.4e+38 -3.4e+38 -3.4e+38 -3.4e+38 -3.4e+38 0.22192856669426 0.213650271296501 0.183907851576805 0.133585974574089 0.120846010744572
-3.4e+38 -3.4e+38 -3.4e+38 -3.4e+38 -3.4e+38 -3.4e+38 -3.4e+38 -3.4e+38 -3.4e+38 -3.4e+38 -3.4e+38 0.229817807674408 0.192151993513107 0.158794477581978 0.138220980763435 0.136859118938446 0.129898518323898
-3.4e+38 -3.4e+38 -3.4e+38 -3.4e+38 -3.4e+38 -3.4e+38 -3.4e+38 -3.4e+38 -3.4e+38 -3.4e+38 -3.4e+38 0.248916760087013 0.170323118567467 0.163826569914818 0.150369584560394 0.475739330053329 0.115172259509563
-3.4e+38 -3.4e+38 -3.4e+38 -3.4e+38 -3.4e+38 -3.4e+38 -3.4e+38 -3.4e+38 -3.4e+38 -3.4e+38 -3.4e+38 0.242932230234146 0.185154795646667 0.183691561222076 0.452355146408081 0.454211056232452 0.0792508646845818
-3.4e+38 -3.4e+38 -3.4e+38 -3.4e+38 -3.4e+38 -3.4e+38 -3.4e+38 -3.4e+38 -3.4e+38 -3.4e+38 -3.4e+38 0.225922092795372 0.155479550361633 0.18604364991188 0.147979363799095 0.443042516708374 0.221406742930412
-3.4e+38 -3.4e+38 -3.4e+38 -3.4e+38 -3.4e+38 -3.4e+38 -3.4e+38 -3.4e+38 -3.4e+38 0.657784879207611 0.651996791362762 0.184414744377136 0.175641983747482 0.202196225523949 0.154172837734222 0.271938174962997 0.189703360199928
-3.4e+38 -3.4e+38 -3.4e+38 -3.4e+38 -3.4e+38 -3.4e+38 -3.4e+38 -3.4e+38 -3.4e+38 0.254430294036865 0.23008506000042 0.229624971747398 0.233830064535141 0.174069344997406 0.239713296294212 0.223380401730537 0.376446038484573
-339999999999999996123846586046231871488.000000000000000 -3.4e+38 -3.4e+38 -3.4e+38 -3.4e+38 -3.4e+38 -3.4e+38 -3.4e+38 -3.4e+38 0.229105144739151 0.23803748190403 0.254691243171692 0.248916894197464 0.133936926722527 0.323882341384888 0.399378597736359 0.409909039735794
-3.4e+38 -3.4e+38 -3.4e+38 -3.4e+38 -3.4e+38 -3.4e+38 -3.4e+38 -3.4e+38 0.677100777626038 0.232503712177277 0.255830407142639 0.296687453985214 0.251487135887146 0.179851546883583 0.451666057109833 0.521686732769012 0.335028171539307
-3.4e+38 -3.4e+38 -3.4e+38 -3.4e+38 -3.4e+38 -3.4e+38 -3.4e+38 -3.4e+38 0.668154120445251 0.249198451638222 0.298573821783066 0.324737221002579 0.276626318693161 0.568081021308899 0.512221693992615 0.516264796257019 0.351865530014038
-3.4e+38 -3.4e+38 -3.4e+38 -3.4e+38 -3.4e+38 -3.4e+38 -3.4e+38 0.68144154548645 0.658649384975433 0.263769149780273 0.351441264152527 0.340921938419342 0.296567320823669 0.59488719701767 0.540039837360382 0.521960496902466 0.338563531637192
-3.4e+38 -3.4e+38 -3.4e+38 -3.4e+38 -3.4e+38 -3.4e+38 -3.4e+38 0.691239893436432 0.687243282794952 0.691569805145264 0.705684661865234 0.297672957181931 0.281520038843155 0.589466035366058 0.560576498508453 0.498379439115524 0.374173015356064
-3.4e+38 -3.4e+38 -3.4e+38 -3.4e+38 -3.4e+38 -3.4e+38 0.655649602413177 0.687427282333374 0.706720590591431 0.741739928722382 0.758573353290558 0.714550495147705 0.699221253395081 0.636799514293671 0.571393549442291 0.50935685634613 0.391601502895355
-3.4e+38 -3.4e+38 -3.4e+38 -3.4e+38 -3.4e+38 -3.4e+38 0.664144396781921 0.670853674411774 0.735911548137665 0.74298083782196 0.752369999885559 0.697173774242401 0.700824618339539 0.688132047653198 0.620129406452179 0.544342875480652 0.456482529640198
-3.4e+38 -3.4e+38 -3.4e+38 -3.4e+38 -3.4e+38 0.630645036697388 0.650650382041931 0.724335432052612 0.749058127403259 0.757319808006287 0.732476592063904 0.70148766040802 0.716765463352203 0.708446085453033 0.636274576187134 0.57488077878952 0.498040914535522
-3.4e+38 -3.4e+38 -3.4e+38 -3.4e+38 -3.4e+38 0.674623012542725 0.68548458814621 0.75133866071701 0.762543499469757 0.74942272901535 0.733820617198944 0.692894756793976 0.695169806480408 0.708710670471191 0.661053776741028 0.552735567092896 0.493469089269638
-3.4e+38 -3.4e+38 -3.4e+38 -3.4e+38 0.738468408584595 0.730035662651062 0.738617181777954 0.801000416278839 0.812827527523041 0.779578983783722 0.746368408203125 0.688255310058594 0.655962467193604 0.68808776140213 0.670960605144501 0.581056177616119 0.51625257730484
-339999999999999996123846586046231871488.000000000000000 -3.4e+38 -3.4e+38 -3.4e+38 0.812849938869476 0.786602258682251 0.791207492351532 0.821738600730896 0.813562273979187 0.772812783718109 0.706713736057281 0.639465689659119 0.620584607124329 0.637728571891785 0.626914322376251 0.575716972351074 0.507987499237061
-3.4e+38 -3.4e+38 -3.4e+38 0.819067001342773 0.831724166870117 0.838742673397064 0.836134433746338 0.851558446884155 0.814002513885498 0.754950284957886 0.686231374740601 0.57468718290329 0.653586983680725 0.621327877044678 0.593362510204315 0.570106089115143 0.459553688764572
-3.4e+38 -3.4e+38 -3.4e+38 0.835042834281921 0.802555501461029 0.863183200359344 0.861481010913849 0.848944008350372 0.825904667377472 0.773033320903778 0.675343930721283 0.616536200046539 0.618098318576813 0.640717506408691 0.574245035648346 0.543500065803528 0.506285786628723
-3.4e+38 -3.4e+38 -3.4e+38 0.822983384132385 0.823303997516632 0.858891844749451 0.843855798244476 0.831855297088623 0.817455470561981 0.785512566566467 0.67382800579071 0.577760994434357 0.711489081382751 0.71423465013504 0.733968138694763 0.584945738315582 0.383507043123245
-3.4e+38 -3.4e+38 0.738568007946014 0.773656249046326 0.810120463371277 0.843828439712524 0.852198898792267 0.818334877490997 0.805612564086914 0.734050095081329 0.61965936422348 0.591870486736298 0.730156242847443 0.846538782119751 0.864363193511963 0.705446362495422 0.33564218878746
-3.4e+38 -3.4e+38 0.701606392860413 0.709417164325714 0.749796688556671 0.819650888442993 0.846596240997314 0.83103883266449 0.827739119529724 0.711547374725342 0.507217764854431 0.601207554340363 0.834390223026276 0.823019683361053 0.824854671955109 0.736212015151978 0.297185122966766
-3.4e+38 -3.4e+38 0.628993570804596 0.667327165603638 0.719038188457489 0.790790140628815 0.830383360385895 0.836672127246857 0.823743879795074 0.711820065975189 0.415467292070389 0.663540482521057 0.810239791870117 0.769730687141418 0.736521065235138 0.664423763751984 0.34261879324913
-3.4e+38 0.591386675834656 0.609828293323517 0.640542149543762 0.694114804267883 0.755742251873016 0.82609361410141 0.806793987751007 0.789560973644257 0.697232365608215 0.434186339378357 0.60407680273056 0.794219493865967 0.743783056735992 0.717354655265808 0.660935819149017 0.239892318844795
-3.4e+38 0.61227947473526 0.611222624778748 0.633295357227325 0.684485793113708 0.757585465908051 0.797781705856323 0.800379455089569 0.757475554943085 0.603236734867096 0.250530064105988 0.15088914334774 0.662245869636536 0.668899655342102 0.63963657617569 0.376309156417847 0.0959241762757301
-3.4e+38 0.602733135223389 0.602327644824982 0.616306066513062 0.668179869651794 0.731091439723969 0.770746469497681 0.772786378860474 0.739664077758789 0.526305615901947 0.0866341888904572 0.153614073991776 0.691468298435211 0.669311285018921 0.642309010028839 0.582741618156433 0.0758475437760353
0.584290027618408 0.582721471786499 0.586592793464661 0.621603727340698 0.686211287975311 0.732032775878906 0.757722198963165 0.751930356025696 0.712349355220795 0.148274838924408 0.048516608774662 0.130475848913193 0.664087355136871 0.640192627906799 0.603017389774323 0.545001447200775 0.0677698403596878
0.584523618221283 0.586687922477722 0.588717579841614 0.617450892925262 0.664903342723846 0.725819766521454 0.722221374511719 0.722200930118561 0.688719749450684 0.0808117985725403 0.033415649086237 0.111015789210796 0.609669983386993 0.614464521408081 0.590799570083618 0.517839431762695 0.121458508074284
0.589101135730743 0.597787797451019 0.623308479785919 0.63110762834549 0.658484876155853 0.708827197551727 0.694685876369476 0.709635317325592 0.604224622249603 0.0508531667292118 0.0206761434674263 0.0229182783514261 0.0960796326398849 0.601951718330383 0.596853852272034 0.566308438777924 0.143036216497421
0.598473608493805 0.623025357723236 0.626640260219574 0.639202237129211 0.68071448802948 0.698140799999237 0.687645435333252 0.687500238418579 0.351073801517487 0.0285978410393 0.0112955095246434 0.0160342529416084 0.163341104984283 0.636430621147156 0.616760194301605 0.323988884687424 0.0998227372765541
0.615629971027374 0.626703202724457 0.631232082843781 0.660867512226105 0.661405980587006 0.667728006839752 0.67646199464798 0.660392761230469 0.186853274703026 0.0166525579988956 0.0062917354516685 0.0477744899690151 0.613743662834167 0.63753080368042 0.64474880695343 0.180121451616287 0.0635997429490089
0.630359947681427 0.624601483345032 0.622324883937836 0.639790534973145 0.648644864559174 0.644114971160889 0.65929639339447 0.664660155773163 0.117605194449425 0.00834389589726925 0.0056780306622386 0.190029144287109 0.606314361095428 0.641704559326172 0.373125195503235 0.11841432005167 0.0571461133658886
0.606342017650604 0.621851742267609 0.624849677085876 0.629457414150238 0.628402471542358 0.625455617904663 0.647464275360107 0.529699862003326 0.057268563657999 0.00599547242745757 0.00550054339691997 0.396347761154175 0.485998511314392 0.471442431211472 0.274996757507324 0.10325899720192 0.0449986346065998
0.618117690086365 0.615413844585419 0.630581438541412 0.622205674648285 0.644358694553375 0.63803094625473 0.62117862701416 0.262247562408447 0.0262538995593786 0.00419226940721273 0.00237963744439185 0.0179049670696259 0.0675522983074188 0.18511238694191 0.177477732300758 0.0979541912674904 0.0493405498564243
0.423530906438828 0.603403985500336 0.604433178901672 0.612044513225555 0.622760772705078 0.635664641857147 0.45686462521553 0.136432081460953 0.00515943067148328 0.0031147541012615 0.00474868388846517 0.232120826840401 0.643756568431854 0.606068789958954 0.0789649486541748 0.0806229412555695 0.0376199744641781
0.149371802806854 0.24171356856823 0.246207058429718 0.249802812933922 0.279186248779297 0.237706527113914 0.192950293421745 0.0589297413825989 0.00485067209228873 0.00142833800055087 0.00262435036711395 0.0695657432079315 0.644934296607971 0.671010851860046 0.172274351119995 0.0798860415816307 0.0301793608814478
