data/climate_estimation/maxent_output/Colchicum_autumnale.asc
NCOLS 413 
NROWS 224 
XLLCORNER -7.58333333333333 
YLLCORNER 36.0833333333333 
CELLSIZE 0.0833333333333333 
NODATA_value -3.4e+38 
[rows 168 to 188 of 224, columns 0 to 46 of 413]
0.363115221261978 0.373608708381653 0.416915088891983 0.44464123249054 0.458421111106873 0.474668502807617 0.474757313728333 0.466433346271515 0.471063196659088 0.460096776485443 0.450857847929001 0.457122564315796 0.426202028989792 0.414085507392883 0.421921074390411 0.393725246191025 0.378533601760864 0.354809373617172 0.285698860883713 0.274247169494629 0.247855350375175 0.214637443423271 0.12020443379879 0.0853840261697769 0.067253589630127 0.0677633285522461 0.076227068901062 0.082282081246376 0.107980445027351 0.180395305156708 0.180164441466331 0.212591558694839 0.234825193881989 0.236231580376625 0.165442541241646 0.193277716636658 0.222714900970459 0.39946910738945 0.392730504274368 0.480811268091202 0.513625383377075 0.404711961746216 0.214414149522781 0.176703676581383 0.147178813815117 0.15456323325634 0.169482320547104
0.374049663543701 0.412906140089035 0.425297617912292 0.433574616909027 0.464857161045074 0.467054098844528 0.505558133125305 0.492331892251968 0.483436524868011 0.474882543087006 0.462995558977127 0.452879518270493 0.422767966985703 0.413672298192978 0.416557967662811 0.408816456794739 0.38813254237175 0.380177736282349 0.374411374330521 0.311708688735962 0.224691167473793 0.169012472033501 0.130054473876953 0.105594851076603 0.0903243198990822 0.100707143545151 0.127866044640541 0.189759775996208 0.22227169573307 0.379661649465561 0.37843930721283 0.352270990610123 0.254912734031677 0.179971158504486 0.180781453847885 0.236402317881584 0.338838368654251 0.438194036483765 0.5161252617836 0.45649990439415 0.567018151283264 0.204685166478157 0.108148269355297 0.130677565932274 0.138015925884247 0.154457241296768 0.163560062646866
0.389399856328964 0.400776743888855 0.454075753688812 0.460615396499634 0.473002016544342 0.481148183345795 0.506256997585297 0.493172138929367 0.509160459041595 0.478139072656631 0.446573913097382 0.445480912923813 0.434280574321747 0.413838773965836 0.427241295576096 0.43629053235054 0.50566303730011 0.406809747219086 0.377560466527939 0.2735595703125 0.216622889041901 0.200535386800766 0.170019164681435 0.116269461810589 0.1199916228652 0.153966188430786 0.158197164535522 0.180607035756111 0.336148411035538 0.549892067909241 0.339819490909576 0.247686818242073 0.271917223930359 0.371836334466934 0.379546046257019 0.318568974733353 0.176434680819511 0.228525295853615 0.147398352622986 0.152997493743896 0.188785299658775 0.102411366999149 0.0953015089035034 0.0998779088258743 0.128767907619476 0.134157583117485 0.170527279376984
0.334829032421112 0.419931471347809 0.431782364845276 0.452458679676056 0.47375750541687 0.483463108539581 0.503859639167786 0.506406486034393 0.503394186496735 0.467554479837418 0.455814212560654 0.461959153413773 0.449869751930237 0.435167849063873 0.418849498033524 0.411265939474106 0.400009334087372 0.379340589046478 0.218254923820496 0.180898994207382 0.199655055999756 0.169226408004761 0.205994799733162 0.17450475692749 0.129361405968666 0.11995305866003 0.169698476791382 0.431325525045395 0.620662808418274 0.650511384010315 0.594571709632874 0.636561393737793 0.529225170612335 0.255822330713272 0.147153958678246 0.099951796233654 0.109602101147175 0.0811496749520302 0.0694673955440521 0.0843202695250511 0.0871976166963577 0.0652198866009712 0.0787693783640862 0.0947646647691727 0.124128863215446 0.145257532596588 0.173722758889198
0.337990164756775 0.393896847963333 0.454361826181412 0.462607175111771 0.469602555036545 0.484827756881714 0.507393062114716 0.505317270755768 0.513434648513794 0.496782839298248 0.47710981965065 0.45840859413147 0.449661761522293 0.465284079313278 0.420508086681366 0.408861041069031 0.347968757152557 0.223487928509712 0.20150151848793 0.234198406338692 0.210662558674812 0.30883926153183 0.565993189811707 0.494466006755829 0.17868284881115 0.2014439702034 0.51235169172287 0.588310778141022 0.591993927955627 0.595290958881378 0.432329714298248 0.396669209003448 0.249816834926605 0.173482328653336 0.245666831731796 0.313230842351913 0.194654047489166 0.0716750919818878 0.0609130784869194 0.0551993697881699 0.0507261976599693 0.054931502789259 0.0673817247152328 0.0794484987854958 0.105264954268932 0.125137597322464 0.131915181875229
0.394813597202301 0.430183827877045 0.447797805070877 0.468835234642029 0.481203824281693 0.489406704902649 0.500554442405701 0.519757032394409 0.548089742660522 0.513286948204041 0.479301899671555 0.475323677062988 0.438964366912842 0.425589263439178 0.402158945798874 0.36205866932869 0.272728472948074 0.186985597014427 0.200113251805305 0.195354372262955 0.23048734664917 0.537762820720673 0.699976623058319 0.458390325307846 0.352491736412048 0.501219809055328 0.62354177236557 0.725692808628082 0.665488541126251 0.554264962673187 0.225388050079346 0.321581214666367 0.291732162237167 0.0917307808995247 0.048574797809124 0.0648145601153374 0.0781880989670753 0.0734572559595108 0.0622363276779652 0.0431367941200733 0.0385804362595081 0.0477232746779919 0.064663402736187 0.0697904974222183 0.0902380421757698 0.111213058233261 0.114958770573139
0.418575078248978 0.43846333026886 0.463884085416794 0.466815829277039 0.475621938705444 0.496852278709412 0.497258305549622 0.471614241600037 0.452570796012878 0.486094832420349 0.445613026618958 0.424048185348511 0.416797488927841 0.389521837234497 0.379604756832123 0.286339372396469 0.220638588070869 0.151414528489113 0.127950221300125 0.264988780021667 0.420766711235046 0.285554975271225 0.411254167556763 0.688358545303345 0.656289756298065 0.604942977428436 0.152218148112297 0.342283129692078 0.190573066473007 0.0710984691977501 0.0412651970982552 0.0547210723161697 0.0318421609699726 0.0402305386960506 0.0485172942280769 0.0564909800887108 0.0642353817820549 0.0445142202079296 0.0332922898232937 0.0340362899005413 0.0411554053425789 0.0449854917824268 0.0539557300508022 0.0583834238350391 0.0751702263951302 0.084646925330162 0.088655985891819
0.408638715744019 0.444494634866714 0.465678662061691 0.448137491941452 0.446347773075104 0.454058796167374 0.449055135250092 0.438027381896973 0.418851971626282 0.431978076696396 0.415734559297562 0.398855596780777 0.383490204811096 0.369733870029449 0.362482756376266 0.255444765090942 0.196915969252586 0.165910080075264 0.163307026028633 0.29692605137825 0.244749963283539 0.328518837690353 0.16412065923214 0.118753366172314 0.0929236635565758 0.0568191707134247 0.0329295359551907 0.0301633663475513 0.0272324588149786 0.0272927638143301 0.0336506702005863 0.0336672700941563 0.0374486409127712 0.0584040284156799 0.0733913034200668 0.0386124551296234 0.0343131683766842 0.0313974060118198 0.0347451567649841 0.0379843637347221 0.0403036214411259 0.040929302573204 0.0404356941580772 0.0487863905727863 0.0529309809207916 0.0629139617085457 0.0748389735817909
0.421304285526276 0.448353826999664 0.437459319829941 0.436432421207428 0.44050920009613 0.44200012087822 0.451134741306305 0.444859862327576 0.421600520610809 0.407632142305374 0.387827575206757 0.3795545399189 0.360904216766357 0.330923140048981 0.271393477916718 0.195975542068481 0.149078875780106 0.14584644138813 0.149541288614273 0.150092169642448 0.138932108879089 0.113443680107594 0.0626481473445892 0.0467325747013092 0.0388953313231468 0.0351632535457611 0.0322105251252651 0.028390483930707 0.0289304256439209 0.026508916169405 0.0269155856221914 0.0296478681266308 0.0352982208132744 0.0315508656203747 0.0290372408926487 0.0299787875264883 0.0304147507995367 0.0332014001905918 0.0323977842926979 0.0349522121250629 0.0343067869544029 0.0337370783090591 0.0325653851032257 0.0342912599444389 0.0389385335147381 0.0474921017885208 0.0526937060058117
0.432136237621307 0.43997859954834 0.424723565578461 0.430348813533783 0.425560384988785 0.425059795379639 0.430925071239471 0.423603296279907 0.408864438533783 0.409695118665695 0.38940504193306 0.374463796615601 0.339991480112076 0.302173465490341 0.231779187917709 0.182028472423553 0.179189875721931 0.175970837473869 0.134324222803116 0.0907968804240227 0.0686111748218536 0.057534996420145 0.0507279708981514 0.0410528667271137 0.0385598875582218 0.0342391766607761 0.0308851227164268 0.0310982409864664 0.0284625235944986 0.0283423438668251 0.0283271428197622 0.028086993843317 0.0280848518013954 0.0276240911334753 0.0279565565288067 0.0283674541860819 0.0296733397990465 0.0359621718525887 0.034706674516201 0.0313631966710091 0.027086466550827 0.026109067723155 0.0292128473520279 0.0281233973801136 0.0317256599664688 0.0322670638561249 0.0402804538607597
0.40783554315567 0.427832752466202 0.412658780813217 0.391828119754791 0.408833652734756 0.414615362882614 0.416781455278397 0.404562652111053 0.40663805603981 0.383627384901047 0.379900097846985 0.361218750476837 0.349804490804672 0.312217652797699 0.257425129413605 0.258820772171021 0.242196545004845 0.173881605267525 0.118702091276646 0.0824426859617233 0.065969705581665 0.0605266131460667 0.0490294806659222 0.045064490288496 0.043738316744566 0.0372045077383518 0.0334662720561028 0.0328607261180878 0.0329932533204556 0.0296151153743267 0.026863494887948 0.02419538423419 0.0294548589736223 0.0353248976171017 0.0326901823282242 0.029115904122591 0.0285149775445461 0.0284199565649033 0.0293042380362749 0.0286813098937273 0.0257266387343407 0.026967890560627 0.0266522541642189 0.0266236700117588 0.0293907653540373 0.0299193393439054 0.033353753387928
0.415532678365707 0.407418578863144 0.388822913169861 0.389154046773911 0.396173387765884 0.408616602420807 0.39412322640419 0.389633536338806 0.385134428739548 0.373244643211365 0.367494463920593 0.359673827886581 0.340681910514832 0.306520640850067 0.289243847131729 0.221372276544571 0.15798182785511 0.128452762961388 0.103886604309082 0.0956708863377571 0.0771609991788864 0.0710164830088615 0.0586152300238609 0.0589545220136642 0.0506851859390736 0.0430888570845127 0.0413722917437553 0.0376906767487526 0.0342191457748413 0.0310492087155581 0.031972024589777 0.0283007360994816 0.0305835045874119 0.0371301136910915 0.036274392157793 0.0322420932352543 0.0351139679551125 0.0343374684453011 0.0269602928310633 0.0291011724621058 0.0347167961299419 0.0331176333129406 0.0369387604296207 0.0382796861231327 0.0334374718368053 0.0315397717058659 0.0321342647075653
0.374266654253006 0.384047329425812 0.393656343221664 0.391455233097076 0.394447416067123 0.396579086780548 0.389284431934357 0.374982446432114 0.38141056895256 0.374513953924179 0.369946479797363 0.346777141094208 0.320317417383194 0.236556649208069 0.219290554523468 0.198709279298782 0.181552469730377 0.149741232395172 0.124746896326542 0.111001834273338 0.108502067625523 0.109436251223087 0.0971239432692528 0.0885123014450073 0.066185362637043 0.0637086778879166 0.0598515458405018 0.0533129461109638 0.0435367152094841 0.0393696166574955 0.0393846705555916 0.0463156700134277 0.0414856560528278 0.044863224029541 0.0445874258875847 0.0490615777671337 0.0428474321961403 0.0419459193944931 0.0368706248700619 0.0403894074261189 0.0433872416615486 0.0391398593783379 0.043133482336998 0.0428980253636837 0.0393426157534122 0.0389119647443295 0.0365336760878563
0.386499643325806 0.383178204298019 0.379253655672073 0.376498341560364 0.386402428150177 0.381003648042679 0.369376748800278 0.383891820907593 0.35752859711647 0.364286303520203 0.365096241235733 0.349997133016586 0.318532288074493 0.259363889694214 0.215587615966797 0.185705721378326 0.157643139362335 0.148972675204277 0.119441896677017 0.120863534510136 0.10796120017767 0.10763705521822 0.103061214089394 0.104429788887501 0.100756600499153 0.100235722959042 0.118679590523243 0.0807826444506645 0.0728840604424477 0.0541006848216057 0.043353483080864 0.0712681636214256 0.0631859749555588 0.0762301310896873 0.0694835186004639 0.0734264627099037 0.0652619749307632 0.0633672326803207 0.0470911785960197 0.0471578501164913 0.0497323498129845 0.0548145584762096 0.0493995808064938 0.0502875037491322 0.0457444973289967 0.0422037988901138 0.0388561673462391
0.375703871250153 0.374796688556671 0.388417452573776 0.379128694534302 0.381144434213638 0.386852890253067 0.360837042331696 0.360038459300995 0.361293256282806 0.352234572172165 0.351154983043671 0.323994964361191 0.318175077438354 0.275511562824249 0.209586724638939 0.21037919819355 0.167051941156387 0.142608776688576 0.142654836177826 0.128082767128944 0.13577301800251 0.123668119311333 0.122706159949303 0.118909619748592 0.105702139437199 0.165800780057907 0.16308306157589 0.14572936296463 0.0926305279135704 0.0815056785941124 0.0620324462652206 0.0531821735203266 0.0669426172971725 0.0641460493206978 0.0710285827517509 0.113355919718742 0.0598040707409382 0.0994237214326859 0.0813340991735458 0.0724510550498962 0.0638910010457039 0.0645227953791618 0.0642336532473564 0.0527028813958168 0.044174924492836 0.040060069411993 0.0366251692175865
0.357772320508957 0.382483214139938 0.387049823999405 0.378263235092163 0.378140479326248 0.387135356664658 0.365517824888229 0.354817271232605 0.350923001766205 0.34430530667305 0.329174131155014 0.31222802400589 0.290432661771774 0.254914283752441 0.25668329000473 0.233149215579033 0.220012843608856 0.165194541215897 0.151146858930588 0.150270536541939 0.159326240420341 0.156041234731674 0.205828368663788 0.165198624134064 0.135775431990623 0.187679961323738 0.208152160048485 0.108002550899982 0.081935927271843 0.0634297356009483 0.0619211234152317 0.0474454537034035 0.045262411236763 0.0457582287490368 0.0456340871751308 0.0470991432666779 0.0436907447874546 0.0490540042519569 0.0489361695945263 0.045012604445219 0.0414571836590767 0.0663082450628281 0.0888733491301537 0.0717541351914406 0.0494429059326649 0.0411720126867294 0.0424172021448612
0.360383868217468 0.384436100721359 0.398759096860886 0.404010504484177 0.387947410345078 0.366613805294037 0.36507123708725 0.349782586097717 0.345830231904984 0.332683831453323 0.332440555095673 0.306739002466202 0.267774254083633 0.245644077658653 0.221836760640144 0.226724237203598 0.226806908845901 0.207583799958229 0.187210381031036 0.183616355061531 0.169088572263718 0.168370485305786 0.20268452167511 0.202036321163177 0.168449386954308 0.141899555921555 0.111642584204674 0.0930055603384972 0.0681772530078888 0.0664959847927094 0.0541987009346485 0.0490102916955948 0.0472540184855461 0.0485862903296947 0.0450358353555202 0.0473667569458485 0.0529969111084938 0.0562997609376907 0.0576084740459919 0.0423871874809265 0.0454878695309162 0.0560287423431873 0.0503189228475094 0.0622362829744816 0.0520751774311066 0.0446756184101105 0.0496526658535004
0.331716299057007 0.355369001626968 0.400754749774933 0.399942338466644 0.363630920648575 0.347626775503159 0.33657231926918 0.33698844909668 0.331324249505997 0.314555138349533 0.31017404794693 0.295742481946945 0.283026456832886 0.262443006038666 0.21960012614727 0.215766847133636 0.236222133040428 0.209864050149918 0.195854932069778 0.205000266432762 0.163769721984863 0.133059084415436 0.129235565662384 0.108492888510227 0.106369115412235 0.0937788859009743 0.111136421561241 0.0988622382283211 0.0735735073685646 0.0636058822274208 0.0582712255418301 0.0741663202643394 0.0594918020069599 0.0544675663113594 0.0557275079190731 0.0492335893213749 0.0492565706372261 0.0447197295725346 0.0335046909749508 0.0336069203913212 0.036718662828207 0.04849973320961 0.0482942909002304 0.0440360940992832 0.0444302186369896 0.0553213357925415 0.0505514554679394
0.326148509979248 0.336134672164917 0.347896724939346 0.347623616456985 0.340675860643387 0.326970875263214 0.331815958023071 0.323362171649933 0.302779614925385 0.287420302629471 0.284939408302307 0.281379699707031 0.27122774720192 0.269052088260651 0.242340639233589 0.222508549690247 0.222695648670197 0.257798939943314 0.213644683361053 0.146571442484856 0.142084196209908 0.113850362598896 0.114702612161636 0.105465106666088 0.100901402533054 0.0898015648126602 0.0949012041091919 0.0922580286860466 0.0917230099439621 0.0742859393358231 0.070917472243309 0.0768736451864243 0.0888948664069176 0.0724935829639435 0.0585740767419338 0.0528494231402874 0.0526255965232849 0.0554353073239326 0.0457222871482372 0.0315725691616535 0.033386554569006 0.0407386720180511 0.0422008186578751 0.0400270074605942 0.0361124351620674 0.0385874100029469 0.0423924438655376
0.313024133443832 0.320514410734177 0.321517378091812 0.313682466745377 0.315730065107346 0.312807321548462 0.303623825311661 0.302036553621292 0.279855161905289 0.274204939603806 0.278874009847641 0.268292456865311 0.261072665452957 0.219637423753738 0.203969195485115 0.215772494673729 0.1878552287817 0.174115225672722 0.132624864578247 0.131106287240982 0.115667015314102 0.116833411157131 0.111959598958492 0.10743160545826 0.0989508926868439 0.0950780734419823 0.101083442568779 0.0956380441784859 0.0927735641598701 0.099431112408638 0.0943019613623619 0.0860399156808853 0.0910954549908638 0.0979514047503471 0.0764130279421806 0.0660038143396378 0.0712313055992126 0.0727712288498878 0.0537162497639656 0.0447771064937115 0.0379953570663929 0.0392155013978481 0.0422889292240143 0.0356272384524345 0.0334216393530369 0.0345769822597504 0.0359279699623585
0.303141117095947 0.308006316423416 0.317741483449936 0.311497211456299 0.311637282371521 0.288750678300858 0.300147652626038 0.283726096153259 0.272158324718475 0.264454811811447 0.257088989019394 0.243283554911613 0.21735081076622 0.205766692757607 0.184884235262871 0.190925613045692 0.185958251357079 0.168540552258492 0.128739789128304 0.128136679530144 0.114353716373444 0.121846534311771 0.113740816712379 0.115262299776077 0.13460299372673 0.138724774122238 0.104671061038971 0.110933110117912 0.118182122707367 0.106846928596497 0.101038321852684 0.109347730875015 0.107454277575016 0.101894184947014 0.100453250110149 0.084319069981575 0.0704395622014999 0.0627924650907516 0.0660436823964119 0.0592759326100349 0.0408339761197567 0.0389624871313572 0.037258218973875 0.034240260720253 0.036079615354538 0.0368041843175888 0.0381075441837311
