data/climate_estimation/maxent_output/Colchicum_raddeanum.asc
NCOLS 123 
NROWS 91 
XLLCORNER 42 
YLLCORNER 35.25 
CELLSIZE 0.0833333333333333 
NODATA_value -3.4e+38 
[rows 42 to 62 of 91, columns 47 to 93 of 123]
0.933894276618958 0.939022123813629 0.923193097114563 0.936174154281616 0.865312874317169 0.749465763568878 0.758413970470428 0.730547666549683 0.702174544334412 0.694104075431824 0.700336992740631 0.691619575023651 0.683072805404663 0.675942242145538 0.668129920959473 0.672384798526764 0.670443832874298 0.681225895881653 0.669662058353424 0.66518634557724 0.658553957939148 0.646419644355774 0.638277530670166 0.624678015708923 0.615932166576385 0.609116911888123 0.638911962509155 0.64915269613266 0.671807527542114 0.694223642349243 0.70998203754425 0.721845865249634 0.72639137506485 0.737419366836548 0.745223939418793 0.740542113780975 0.732563436031342 0.727118492126465 0.730568826198578 0.730409622192383 0.735945820808411 0.739924132823944 0.745808959007263 0.748453199863434 0.751237213611603 0.756978273391724 0.757972419261932
0.942975223064423 0.949513256549835 0.886015772819519 0.847109258174896 0.823304057121277 0.728181064128876 0.712852358818054 0.72135990858078 0.69957023859024 0.672784626483917 0.682381808757782 0.672392547130585 0.669607281684875 0.66086608171463 0.668558716773987 0.667257487773895 0.669188261032104 0.661787450313568 0.651175498962402 0.643250226974487 0.624329149723053 0.610191166400909 0.597948908805847 0.572834968566895 0.551196813583374 0.556409001350403 0.584709465503693 0.567083120346069 0.621576726436615 0.668908655643463 0.702237606048584 0.722547471523285 0.730211675167084 0.741722822189331 0.75082790851593 0.755585491657257 0.750528573989868 0.747160971164703 0.745827436447144 0.744274914264679 0.746281623840332 0.743861675262451 0.749196529388428 0.75499302148819 0.75296813249588 0.757386744022369 0.758534371852875
0.921576142311096 0.964413702487946 0.920011043548584 0.876940429210663 0.910121381282806 0.849284470081329 0.738098204135895 0.706546187400818 0.684154987335205 0.674555957317352 0.650481104850769 0.653594374656677 0.680713832378387 0.684069275856018 0.679089725017548 0.670935451984406 0.661555767059326 0.645299851894379 0.633710443973541 0.621710598468781 0.599427282810211 0.57575511932373 0.574006974697113 0.541435599327087 0.511755168437958 0.510203719139099 0.499536633491516 0.518059849739075 0.529903829097748 0.599950551986694 0.681495666503906 0.719216227531433 0.734751224517822 0.751218616962433 0.76402336359024 0.767344832420349 0.761386454105377 0.754273533821106 0.751517117023468 0.755583047866821 0.753096103668213 0.754418849945068 0.755347847938538 0.757088303565979 0.757772207260132 0.762353956699371 0.762501835823059
0.821237564086914 0.933580279350281 0.936388492584229 0.818042159080505 0.887113392353058 0.828145503997803 0.771638631820679 0.728578090667725 0.673899233341217 0.648284673690796 0.684938430786133 0.706533968448639 0.684156179428101 0.718231201171875 0.719722032546997 0.699775815010071 0.672355711460114 0.659112572669983 0.623864531517029 0.59881180524826 0.601255655288696 0.584168374538422 0.575167655944824 0.531393468379974 0.514511406421661 0.502212941646576 0.497902005910873 0.47310134768486 0.461208879947662 0.485001772642136 0.594743847846985 0.705362915992737 0.736828029155731 0.756441175937653 0.774018347263336 0.779567718505859 0.773648023605347 0.770001769065857 0.762629687786102 0.75898015499115 0.752436697483063 0.752495646476746 0.756595075130463 0.75680935382843 0.757507026195526 0.758337259292603 0.766137599945068
0.670954585075378 0.782132148742676 0.883326947689056 0.732738196849823 0.755036115646362 0.720540881156921 0.75748336315155 0.751029551029205 0.653899788856506 0.656323313713074 0.723502457141876 0.74965363740921 0.714170634746552 0.723587810993195 0.780874192714691 0.741481781005859 0.733960866928101 0.736581325531006 0.67172783613205 0.592686176300049 0.621763646602631 0.660311877727509 0.671436488628387 0.64726197719574 0.695052444934845 0.750972509384155 0.764973163604736 0.697351276874542 0.510645687580109 0.477970778942108 0.544670641422272 0.635713160037994 0.730066478252411 0.764217913150787 0.776607990264893 0.781603455543518 0.778359830379486 0.775283992290497 0.763973832130432 0.760027587413788 0.760665953159332 0.75678551197052 0.75735479593277 0.761389315128326 0.756162941455841 0.752337694168091 0.760173439979553
0.577966332435608 0.604644119739532 0.713035643100739 0.649285078048706 0.688417971134186 0.689045786857605 0.684099853038788 0.660047054290771 0.710104048252106 0.726428389549255 0.797791123390198 0.803107857704163 0.796039342880249 0.752654373645782 0.78851592540741 0.811529576778412 0.801583468914032 0.681393206119537 0.605740189552307 0.611615300178528 0.738406598567963 0.731361448764801 0.732560515403748 0.739837050437927 0.802543222904205 0.81237918138504 0.791119813919067 0.631995141506195 0.440181493759155 0.465451955795288 0.544463098049164 0.60354071855545 0.707788646221161 0.769187808036804 0.789623618125916 0.781792044639587 0.778095483779907 0.770980596542358 0.766825020313263 0.76353907585144 0.764386713504791 0.756001949310303 0.755816757678986 0.759056150913239 0.758903622627258 0.758594810962677 0.758585691452026
0.681889653205872 0.635747671127319 0.653265178203583 0.697464346885681 0.714065253734589 0.802267670631409 0.796155393123627 0.733237326145172 0.794016480445862 0.785701751708984 0.882467448711395 0.873017728328705 0.856312215328217 0.793156564235687 0.805501461029053 0.867866396903992 0.825130760669708 0.728897511959076 0.654290318489075 0.647300660610199 0.794076025485992 0.76994788646698 0.74257618188858 0.727554976940155 0.74075174331665 0.797316491603851 0.862848699092865 0.865202128887177 0.814662575721741 0.690075993537903 0.619320034980774 0.596570670604706 0.667511105537415 0.754914343357086 0.792357206344604 0.783558368682861 0.772052049636841 0.764212608337402 0.756010115146637 0.762053966522217 0.753291726112366 0.752205729484558 0.752225816249847 0.751535177230835 0.750967979431152 0.750357508659363 0.749717116355896
0.783658504486084 0.817384779453278 0.73574823141098 0.694422602653503 0.689109325408936 0.748103976249695 0.830233633518219 0.833108901977539 0.861782133579254 0.846750319004059 0.873253464698792 0.889706969261169 0.847441434860229 0.814380347728729 0.816567361354828 0.790845692157745 0.758361458778381 0.736633121967316 0.640274167060852 0.586461305618286 0.665914595127106 0.72023743391037 0.660659074783325 0.652194499969482 0.688538074493408 0.761154294013977 0.825190544128418 0.876898169517517 0.874336719512939 0.82588404417038 0.804615497589111 0.763077437877655 0.664235055446625 0.712615966796875 0.780572891235352 0.772824823856354 0.76039046049118 0.755413055419922 0.746947824954987 0.749260485172272 0.747834861278534 0.749576032161713 0.742823123931885 0.743920683860779 0.747946977615356 0.751517295837402 0.745753824710846
0.900941669940948 0.926387131214142 0.845844030380249 0.744053900241852 0.723802745342255 0.755837202072144 0.795959234237671 0.83996856212616 0.846580922603607 0.863110065460205 0.858100652694702 0.844293713569641 0.845109403133392 0.839266717433929 0.859928250312805 0.803087115287781 0.75635826587677 0.747175872325897 0.626644611358643 0.582470536231995 0.625935852527618 0.648337364196777 0.597033321857452 0.604608595371246 0.650177657604218 0.728617608547211 0.766679108142853 0.805126965045929 0.828178763389587 0.85030722618103 0.875297248363495 0.795513510704041 0.72418487071991 0.696072161197662 0.758251309394836 0.750602781772614 0.746570825576782 0.736434876918793 0.739818036556244 0.737299740314484 0.737799108028412 0.736549198627472 0.738761305809021 0.741996705532074 0.736181557178497 0.740092873573303 0.738980650901794
0.872277438640594 0.88626104593277 0.80193966627121 0.785023212432861 0.81778746843338 0.841496229171753 0.818414390087128 0.798054814338684 0.792720675468445 0.793384909629822 0.794286489486694 0.79176265001297 0.777412891387939 0.769353449344635 0.779912531375885 0.783462226390839 0.783114433288574 0.759730219841003 0.646360516548157 0.60477340221405 0.620038151741028 0.598658323287964 0.617718458175659 0.625841617584229 0.656400561332703 0.692530572414398 0.723417460918427 0.761413812637329 0.799848794937134 0.83665931224823 0.867787539958954 0.823160171508789 0.706365764141083 0.699167549610138 0.738683819770813 0.721410989761353 0.716001570224762 0.720030844211578 0.727400422096252 0.722143113613129 0.719988107681274 0.718481242656708 0.726754188537598 0.725247800350189 0.72774612903595 0.722457647323608 0.734477877616882
0.738489329814911 0.804919540882111 0.835385918617249 0.855549156665802 0.866977989673615 0.876595795154572 0.853208422660828 0.836497783660889 0.809146285057068 0.802809417247772 0.793797254562378 0.757863819599152 0.748226165771484 0.737156331539154 0.740646839141846 0.723812818527222 0.734677135944366 0.711970746517181 0.644660711288452 0.618893980979919 0.647875428199768 0.675000011920929 0.742936074733734 0.781781911849976 0.785783767700195 0.745836853981018 0.759676933288574 0.76934814453125 0.773018896579742 0.791556775569916 0.811125874519348 0.830619931221008 0.748803555965424 0.698973715305328 0.721830546855927 0.694153308868408 0.692543208599091 0.701194584369659 0.703063249588013 0.697292327880859 0.7050940990448 0.712716400623322 0.711285293102264 0.710826516151428 0.713184058666229 0.724656283855438 0.719358384609222
0.744613826274872 0.752422869205475 0.755320072174072 0.78031325340271 0.809909880161285 0.819903969764709 0.876412630081177 0.858794629573822 0.82750803232193 0.825065791606903 0.838337957859039 0.812415242195129 0.815966069698334 0.799877464771271 0.844964265823364 0.822171032428741 0.751141726970673 0.706284046173096 0.6752068400383 0.676376938819885 0.729905247688293 0.793542802333832 0.869925022125244 0.898054897785187 0.900756537914276 0.836769461631775 0.768990993499756 0.740146636962891 0.749794721603394 0.764885365962982 0.771148979663849 0.789190113544464 0.717628836631775 0.70993435382843 0.710144400596619 0.675858378410339 0.680220305919647 0.678896307945251 0.681481659412384 0.685185790061951 0.694050967693329 0.696462690830231 0.694639444351196 0.693108260631561 0.701371610164642 0.705005466938019 0.707152187824249
0.666543900966644 0.709136247634888 0.720121502876282 0.712336242198944 0.728185057640076 0.766307830810547 0.806001365184784 0.791173100471497 0.783260583877563 0.838241279125214 0.783420205116272 0.754606246948242 0.766484975814819 0.807195007801056 0.855944931507111 0.878412425518036 0.877702236175537 0.862425625324249 0.822701871395111 0.845608592033386 0.875840246677399 0.89289116859436 0.951777815818787 0.957750380039215 0.919095516204834 0.851548910140991 0.788495600223541 0.751606047153473 0.751925647258759 0.754256188869476 0.76900976896286 0.777804613113403 0.784785509109497 0.788169920444489 0.695194363594055 0.679991126060486 0.66155731678009 0.670672297477722 0.673770010471344 0.671041071414948 0.675040900707245 0.673789739608765 0.675867080688477 0.685148298740387 0.683604001998901 0.685760378837585 0.689472854137421
0.633082628250122 0.642770648002625 0.673658728599548 0.676253437995911 0.699830591678619 0.744728863239288 0.727829694747925 0.739056527614594 0.735042631626129 0.750723481178284 0.74497652053833 0.73393726348877 0.74564790725708 0.775884389877319 0.806053638458252 0.828115403652191 0.865820109844208 0.893876791000366 0.908845722675323 0.913770914077759 0.921720445156097 0.9529989361763 0.961000144481659 0.945575892925262 0.914924323558807 0.835942804813385 0.781673431396484 0.76212215423584 0.762257516384125 0.763691663742065 0.768594264984131 0.783423602581024 0.809804320335388 0.810392379760742 0.715375781059265 0.683028638362885 0.667021214962006 0.659972488880157 0.659702837467194 0.662727952003479 0.65387886762619 0.646992802619934 0.667053520679474 0.665284931659698 0.663612425327301 0.670868754386902 0.680780708789825
0.620658099651337 0.626526296138763 0.630285143852234 0.641380250453949 0.659000098705292 0.73078054189682 0.695216953754425 0.710899293422699 0.720035076141357 0.7215935587883 0.732943415641785 0.736397624015808 0.736527621746063 0.748361527919769 0.767218410968781 0.799787759780884 0.808178305625916 0.839602947235107 0.872325241565704 0.872404336929321 0.88864666223526 0.913371622562408 0.908061444759369 0.886986076831818 0.839202344417572 0.802056074142456 0.773043870925903 0.792806267738342 0.78619921207428 0.767884075641632 0.780726850032806 0.830266058444977 0.884248495101929 0.817886650562286 0.728609263896942 0.67900276184082 0.651377499103546 0.640145480632782 0.648437798023224 0.635792016983032 0.642978250980377 0.642201602458954 0.644713580608368 0.643330872058868 0.645506858825684 0.656129121780396 0.663504898548126
0.609156966209412 0.611086070537567 0.620958387851715 0.643354535102844 0.674365520477295 0.694675981998444 0.718243002891541 0.730126917362213 0.752768635749817 0.741256535053253 0.738480865955353 0.737583577632904 0.739605486392975 0.73931759595871 0.7427738904953 0.752146005630493 0.766171813011169 0.799044847488403 0.81099396944046 0.809742510318756 0.832714378833771 0.862427830696106 0.850288510322571 0.851815700531006 0.788651347160339 0.779495060443878 0.791321575641632 0.788907647132874 0.773202955722809 0.80144739151001 0.816621124744415 0.886102020740509 0.919052183628082 0.83404278755188 0.747862100601196 0.672876477241516 0.642708718776703 0.64007967710495 0.628398418426514 0.623913526535034 0.627604007720947 0.617698729038239 0.616945207118988 0.619386792182922 0.634604275226593 0.638193547725677 0.640136957168579
0.600926101207733 0.617142379283905 0.655475735664368 0.688419044017792 0.723864853382111 0.738446652889252 0.74087780714035 0.750910043716431 0.781402885913849 0.770741879940033 0.75363552570343 0.744056880474091 0.741553723812103 0.740906000137329 0.742255330085754 0.744111776351929 0.745311975479126 0.765502154827118 0.77212393283844 0.76622599363327 0.774677336215973 0.798183023929596 0.820798337459564 0.828948140144348 0.813494980335236 0.795675456523895 0.810294687747955 0.776984095573425 0.7853924036026 0.831379294395447 0.838726818561554 0.905168473720551 0.918280243873596 0.82213830947876 0.74359530210495 0.671955525875092 0.635521709918976 0.629020214080811 0.615854561328888 0.607488214969635 0.598105788230896 0.601580619812012 0.604877710342407 0.607602477073669 0.609929323196411 0.613164901733398 0.629672050476074
0.606198012828827 0.658472776412964 0.688018560409546 0.71531468629837 0.763817250728607 0.798362970352173 0.793493270874023 0.792087495326996 0.781273186206818 0.759300291538239 0.761221408843994 0.754288077354431 0.781362891197205 0.76835960149765 0.757379353046417 0.750202536582947 0.750383377075195 0.750491619110107 0.750433743000031 0.751631259918213 0.75788289308548 0.786850571632385 0.83055567741394 0.864179730415344 0.845195591449738 0.838689804077148 0.821275413036346 0.807644605636597 0.821521461009979 0.797611057758331 0.849116921424866 0.893723368644714 0.8311368227005 0.796637356281281 0.727623224258423 0.649437606334686 0.631799280643463 0.60783463716507 0.599002599716187 0.590406656265259 0.580970525741577 0.570724904537201 0.577801644802094 0.580395758152008 0.588062465190887 0.600044846534729 0.60312408208847
0.606803596019745 0.675253093242645 0.732831299304962 0.78366631269455 0.84216845035553 0.854989171028137 0.857586979866028 0.845342516899109 0.810224771499634 0.755425631999969 0.739448428153992 0.741710424423218 0.784380972385406 0.808324635028839 0.810044944286346 0.803645133972168 0.784097075462341 0.807557225227356 0.822581887245178 0.803322792053223 0.827360212802887 0.868302762508392 0.883290350437164 0.842516481876373 0.779124140739441 0.806689321994781 0.836923539638519 0.811179399490356 0.761158466339111 0.806069314479828 0.855277121067047 0.854873776435852 0.873097538948059 0.776873767375946 0.717093944549561 0.643359780311584 0.610058605670929 0.602906048297882 0.586473524570465 0.577899992465973 0.567200839519501 0.557181656360626 0.549464643001556 0.54845654964447 0.570185005664825 0.572253048419952 0.593137681484222
0.641977965831757 0.672069668769836 0.751847982406616 0.804368555545807 0.881205081939697 0.891860485076904 0.896496117115021 0.874855399131775 0.808151364326477 0.770677268505096 0.752033352851868 0.751032292842865 0.744682729244232 0.760178744792938 0.759194254875183 0.768632054328918 0.785178244113922 0.796688616275787 0.857248306274414 0.860657513141632 0.847099840641022 0.824916958808899 0.788580775260925 0.73423045873642 0.811632633209229 0.834111511707306 0.809653520584106 0.748375117778778 0.737241625785828 0.793456375598907 0.805034041404724 0.839546799659729 0.872931957244873 0.783898293972015 0.737700223922729 0.678128361701965 0.610797584056854 0.590204536914825 0.582036197185516 0.559871971607208 0.549146234989166 0.524223387241364 0.531491994857788 0.53417432308197 0.541198372840881 0.557739078998566 0.564646005630493
0.665668368339539 0.752263128757477 0.777013063430786 0.754066288471222 0.814218938350677 0.803120017051697 0.844272017478943 0.804689049720764 0.777391791343689 0.73804759979248 0.725008070468903 0.725447714328766 0.743574202060699 0.742726922035217 0.72700023651123 0.722921133041382 0.725308954715729 0.734996199607849 0.742040038108826 0.744663178920746 0.741374552249908 0.73377788066864 0.717449128627777 0.705341219902039 0.774961352348328 0.793737053871155 0.770380854606628 0.719235479831696 0.72320830821991 0.778920233249664 0.814502060413361 0.816502928733826 0.840371966362 0.798101365566254 0.770049333572388 0.73260235786438 0.672737419605255 0.596768915653229 0.581524550914764 0.555243968963623 0.530665993690491 0.509768128395081 0.513322710990906 0.524400413036346 0.530704975128174 0.535674810409546 0.549052238464355
