data/climate_estimation/maxent_output/Colchicum_ritchii.asc
NCOLS 327 
NROWS 52 
XLLCORNER 10.3333333333333 
YLLCORNER 29.5833333333333 
CELLSIZE 0.0833333333333333 
NODATA_value -3.4e+38 
[rows 22 to 43 of 52, columns 245 to 293 of 327]
-3.4e+38 -3.4e+38 -3.4e+38 -3.4e+38 -3.4e+38 -3.4e+38 -3.4e+38 -3.4e+38 -3.4e+38 -3.4e+38 -3.4e+38 -3.4e+38 -3.4e+38 -3.4e+38 -3.4e+38 -3.4e+38 -3.4e+38 -3.4e+38 -3.4e+38 -3.4e+38 -3.4e+38 -3.4e+38 -3.4e+38 -3.4e+38 -3.4e+38 -3.4e+38 -3.4e+38 -3.4e+38 -3.4e+38 -3.4e+38 -3.4e+38 -3.4e+38 -3.4e+38 -3.4e+38 -3.4e+38 -3.4e+38 -3.4e+38 -3.4e+38 -3.4e+38 -3.4e+38 -3.4e+38 -3.4e+38 -3.4e+38 -3.4e+38 -3.4e+38 -3.4e+38 -3.4e+38 0.214078858494759 0.208123087882996
-3.4e+38 -3.4e+38 -3.4e+38 -3.4e+38 -3.4e+38 -3.4e+38 -3.4e+38 -3.4e+38 -3.4e+38 -3.4e+38 -3.4e+38 -3.4e+38 -3.4e+38 -3.4e+38 -3.4e+38 -3.4e+38 -3.4e+38 -3.4e+38 -3.4e+38 -3.4e+38 -3.4e+38 -3.4e+38 -3.4e+38 -3.4e+38 -3.4e+38 -3.4e+38 -3.4e+38 -3.4e+38 -3.4e+38 -3.4e+38 -3.4e+38 -3.4e+38 -3.4e+38 -3.4e+38 -3.4e+38 -3.4e+38 -3.4e+38 -3.4e+38 -3.4e+38 -3.4e+38 -3.4e+38 -3.4e+38 -3.4e+38 -3.4e+38 -3.4e+38 -3.4e+38 -3.4e+38 0.23511016368866 0.230318441987038
-3.4e+38 -3.4e+38 -3.4e+38 -3.4e+38 -3.4e+38 -3.4e+38 -3.4e+38 -3.4e+38 -3.4e+38 -3.4e+38 -3.4e+38 -3.4e+38 -3.4e+38 -3.4e+38 -3.4e+38 -3.4e+38 -3.4e+38 -3.4e+38 -3.4e+38 -3.4e+38 -3.4e+38 -3.4e+38 -3.4e+38 -3.4e+38 -3.4e+38 -3.4e+38 -3.4e+38 -3.4e+38 -3.4e+38 -3.4e+38 -3.4e+38 -3.4e+38 -3.4e+38 -3.4e+38 -3.4e+38 -3.4e+38 -3.4e+38 -3.4e+38 -3.4e+38 -3.4e+38 -3.4e+38 -3.4e+38 -3.4e+38 -3.4e+38 -3.4e+38 -3.4e+38 0.285876959562302 0.289212733507156 0.295221835374832
-3.4e+38 -3.4e+38 -3.4e+38 -3.4e+38 -3.4e+38 -3.4e+38 -3.4e+38 -3.4e+38 -3.4e+38 -3.4e+38 -3.4e+38 -3.4e+38 -3.4e+38 -3.4e+38 -3.4e+38 -3.4e+38 -3.4e+38 -3.4e+38 -3.4e+38 -3.4e+38 -3.4e+38 -3.4e+38 -3.4e+38 -3.4e+38 -3.4e+38 -3.4e+38 -3.4e+38 -3.4e+38 -3.4e+38 -3.4e+38 -3.4e+38 -3.4e+38 -3.4e+38 -3.4e+38 -3.4e+38 -3.4e+38 -3.4e+38 -3.4e+38 -3.4e+38 -3.4e+38 -3.4e+38 -3.4e+38 -3.4e+38 -3.4e+38 -3.4e+38 -3.4e+38 0.32791543006897 0.337884694337845 0.357876509428024
-3.4e+38 -3.4e+38 -3.4e+38 -3.4e+38 -3.4e+38 -3.4e+38 -3.4e+38 -3.4e+38 -3.4e+38 -3.4e+38 -3.4e+38 -3.4e+38 -3.4e+38 -3.4e+38 -3.4e+38 -3.4e+38 -3.4e+38 -3.4e+38 -3.4e+38 -3.4e+38 -3.4e+38 -3.4e+38 -3.4e+38 -3.4e+38 -3.4e+38 -3.4e+38 -3.4e+38 -3.4e+38 -3.4e+38 -3.4e+38 -3.4e+38 -3.4e+38 -3.4e+38 -3.4e+38 -3.4e+38 -3.4e+38 -3.4e+38 -3.4e+38 -3.4e+38 -3.4e+38 -3.4e+38 -3.4e+38 -3.4e+38 -3.4e+38 -3.4e+38 0.379369020462036 0.386671721935272 0.415081590414047 0.426658034324646
-3.4e+38 -3.4e+38 0.890064537525177 0.877485156059265 0.922314703464508 0.902892529964447 -3.4e+38 -3.4e+38 -3.4e+38 -3.4e+38 -3.4e+38 -3.4e+38 -3.4e+38 -3.4e+38 -3.4e+38 -3.4e+38 -3.4e+38 -3.4e+38 -3.4e+38 -3.4e+38 -3.4e+38 -3.4e+38 -3.4e+38 -3.4e+38 -3.4e+38 -3.4e+38 -3.4e+38 -3.4e+38 -3.4e+38 -3.4e+38 -3.4e+38 -3.4e+38 -3.4e+38 -3.4e+38 -3.4e+38 -3.4e+38 -3.4e+38 -3.4e+38 -3.4e+38 -3.4e+38 -3.4e+38 -3.4e+38 -3.4e+38 -3.4e+38 0.467651695013046 0.426943063735962 0.410935640335083 0.474696308374405 0.484031349420547
0.870136857032776 0.88682097196579 0.904051840305328 0.892555117607117 0.926370322704315 0.919414937496185 0.928132951259613 0.909205079078674 -3.4e+38 -3.4e+38 -3.4e+38 -3.4e+38 0.813015162944794 0.819731593132019 0.734773933887482 -3.4e+38 -3.4e+38 -3.4e+38 -3.4e+38 -3.4e+38 -3.4e+38 -3.4e+38 -3.4e+38 -3.4e+38 -3.4e+38 -3.4e+38 -3.4e+38 -3.4e+38 -3.4e+38 -3.4e+38 -3.4e+38 -3.4e+38 -3.4e+38 -3.4e+38 -3.4e+38 -3.4e+38 -3.4e+38 -3.4e+38 -3.4e+38 -3.4e+38 -3.4e+38 -3.4e+38 -3.4e+38 -3.4e+38 0.483651489019394 0.504538476467133 0.522428035736084 0.535154044628143 0.57574737071991
0.908216655254364 0.900384604930878 0.913954973220825 0.913296520709991 0.943842589855194 0.899846434593201 0.905756831169128 0.835951447486877 0.863138616085052 0.770421087741852 0.717976748943329 0.748976647853851 0.79519259929657 0.755394041538239 0.652464151382446 0.677809000015259 -3.4e+38 -3.4e+38 -3.4e+38 -3.4e+38 -3.4e+38 -3.4e+38 -3.4e+38 -3.4e+38 -3.4e+38 -3.4e+38 -3.4e+38 -3.4e+38 -3.4e+38 -3.4e+38 -3.4e+38 -3.4e+38 -3.4e+38 -3.4e+38 -3.4e+38 -3.4e+38 -3.4e+38 -3.4e+38 -3.4e+38 -3.4e+38 -3.4e+38 -3.4e+38 -3.4e+38 0.58997517824173 0.557578682899475 0.555575430393219 0.592684030532837 0.61246794462204 0.65038537979126
0.889495193958282 0.84453547000885 0.862313389778137 0.844144642353058 0.798878729343414 0.838922798633575 0.735287427902222 0.78188019990921 0.751278221607208 0.704412579536438 0.647673785686493 0.643541634082794 0.651735901832581 0.68898993730545 0.592573046684265 0.511488974094391 0.537990272045135 -3.4e+38 -3.4e+38 -3.4e+38 -3.4e+38 -3.4e+38 -3.4e+38 -3.4e+38 -3.4e+38 -3.4e+38 -3.4e+38 -3.4e+38 -3.4e+38 -3.4e+38 -3.4e+38 -3.4e+38 -3.4e+38 -3.4e+38 -3.4e+38 -3.4e+38 -3.4e+38 -3.4e+38 -3.4e+38 -3.4e+38 -3.4e+38 0.73223489522934 0.695460736751556 0.653686463832855 0.629014730453491 0.682818114757538 0.699519753456116 0.724660277366638 0.731361031532288
0.827652812004089 0.772074162960052 0.754422664642334 0.721486568450928 0.666875183582306 0.711757183074951 0.657670199871063 0.563234686851501 0.516472995281219 0.493651747703552 0.509261608123779 0.490164399147034 0.539978682994843 0.456508368253708 0.468520045280457 0.473566621541977 0.388461530208588 0.432365208864212 0.375832438468933 -3.4e+38 -3.4e+38 -3.4e+38 -3.4e+38 -3.4e+38 -3.4e+38 -3.4e+38 -3.4e+38 -3.4e+38 -3.4e+38 -3.4e+38 -3.4e+38 -3.4e+38 -3.4e+38 -3.4e+38 -3.4e+38 -3.4e+38 -3.4e+38 -3.4e+38 -3.4e+38 -3.4e+38 0.81889533996582 0.756730198860168 0.739658653736115 0.691881239414215 0.752418160438538 0.76596987247467 0.763750731945038 0.798976302146912 0.815487265586853
0.666422426700592 0.603878557682037 0.4507916867733 0.477678835391998 0.438008815050125 0.563579618930817 0.468134671449661 0.405343770980835 0.387744933366776 0.357205033302307 0.564263343811035 0.396421521902084 0.426175951957703 0.420963078737259 0.423641085624695 0.367458403110504 0.361428171396255 0.321097493171692 0.324899911880493 0.332615375518799 0.312286078929901 -3.4e+38 -3.4e+38 -3.4e+38 -3.4e+38 -3.4e+38 0.419262915849686 0.512559354305267 0.434362202882767 0.554197311401367 0.585944414138794 0.52182549238205 0.515242099761963 -3.4e+38 -3.4e+38 -3.4e+38 -3.4e+38 -3.4e+38 0.711950421333313 0.8036829829216 0.862223923206329 0.859604835510254 0.820689082145691 0.821730732917786 0.835086822509766 0.852196097373962 0.857710897922516 0.845776736736298 0.857245624065399
0.455743670463562 0.337141543626785 0.229418262839317 0.272285223007202 0.301617592573166 0.384845405817032 0.315259486436844 0.257784843444824 0.274055421352386 0.35798779129982 0.359721451997757 0.382313877344131 0.432921350002289 0.385288625955582 0.430226862430573 0.405952274799347 0.399892926216125 0.372274339199066 0.349966049194336 0.356352478265762 0.279394030570984 0.267769008874893 -3.4e+38 -3.4e+38 0.324642956256866 0.379352688789368 0.434331774711609 0.359047085046768 0.416692525148392 -3.4e+38 0.4295973777771 0.422006845474243 0.434289067983627 0.447381645441055 0.456210076808929 0.478961437940598 0.457209169864655 0.522255539894104 0.613290905952454 0.701253473758698 0.766626596450806 0.861947357654572 0.855576515197754 0.865515947341919 0.866798758506775 0.885529041290283 0.851907551288605 0.883288681507111 0.915439903736115
0.360045790672302 0.356605112552643 0.273087978363037 0.229517877101898 0.272389084100723 0.214632883667946 0.308486461639404 0.263323247432709 0.29020881652832 0.376792639493942 0.248940274119377 0.263251334428787 0.271231949329376 0.308739304542542 0.278341948986053 0.276539295911789 0.233382895588875 0.214425265789032 0.191675394773483 0.256571054458618 0.284065246582031 0.357306271791458 0.269174307584763 0.280746906995773 0.362858593463898 0.404204428195953 0.434720456600189 0.345614284276962 0.356988847255707 0.400396823883057 0.422373265028 0.41357833147049 0.457279086112976 0.355729669332504 0.399589568376541 0.406743049621582 0.491648435592651 0.448155283927917 0.603098571300507 0.683220028877258 0.702156364917755 0.74478667974472 0.841241598129272 0.744467675685883 0.826143145561218 0.880042612552643 0.891797840595245 0.841534435749054 0.937191963195801
0.402982622385025 0.251276195049286 0.193783655762672 0.185953453183174 0.167161554098129 0.240621477365494 0.195712327957153 0.176970258355141 0.200513258576393 0.230173200368881 0.305201202630997 0.334439039230347 0.355108112096786 0.356902748346329 0.327788203954697 0.317414462566376 0.252331882715225 0.229088589549065 0.243428483605385 0.209554389119148 0.15307429432869 0.209164425730705 0.307990521192551 0.213751345872879 0.236648991703987 0.265137910842896 0.305246531963348 0.373730689287186 0.383215427398682 0.427672028541565 0.3148033618927 0.345032572746277 0.354635775089264 0.387711346149445 0.402610331773758 0.381847202777863 0.438566237688065 0.42025950551033 0.531149506568909 0.57185697555542 0.586422979831696 0.687303364276886 0.670430958271027 0.774833679199219 0.743881285190582 0.826117515563965 0.801965594291687 0.846121191978455 0.889889061450958
0.239456757903099 0.348906695842743 0.273768693208694 0.301543772220612 0.247162327170372 0.181307151913643 0.139450713992119 0.138443499803543 0.147356152534485 0.16955928504467 0.219789102673531 0.254208028316498 0.273420006036758 0.276993185281754 0.20363861322403 0.185299664735794 0.137944057583809 0.123272411525249 0.118367783725262 0.130186259746552 0.168361678719521 0.247623085975647 0.16494020819664 0.216065421700478 0.281934082508087 0.298035323619843 0.233013704419136 0.275559812784195 0.318486988544464 0.320879876613617 0.413408786058426 0.334075152873993 0.365624576807022 0.296690821647644 0.409933477640152 0.339935898780823 0.392157047986984 0.430642396211624 0.395607203245163 0.529822409152985 0.475322484970093 0.605133295059204 0.617650210857391 0.691427230834961 0.635279178619385 0.776338577270508 0.78531813621521 0.891415774822235 0.902960598468781
0.275705993175507 0.231444716453552 0.193179860711098 0.189276069402695 0.164058551192284 0.122302450239658 0.220738962292671 0.204650595784187 0.202232018113136 0.243334040045738 0.329250663518906 0.17579311132431 0.18291936814785 0.188631594181061 0.128567948937416 0.0939938873052597 0.165050774812698 0.147468522191048 0.138638019561768 0.0673471540212631 0.10867965221405 0.118301033973694 0.184589669108391 0.247607693076134 0.183876857161522 0.2259521484375 0.287256509065628 0.325498014688492 0.272105246782303 0.317154377698898 0.280779302120209 0.338164389133453 0.416364163160324 0.293177634477615 0.350488662719727 0.370542496442795 0.394065320491791 0.318847596645355 0.397546589374542 0.387165993452072 0.456190198659897 0.4786696434021 0.604648530483246 0.569703876972198 0.65201061964035 0.736033797264099 0.814224362373352 0.851501226425171 0.916035532951355
0.113387480378151 0.274865299463272 0.222457692027092 0.264106631278992 0.233938559889793 0.200564727187157 0.157985121011734 0.151069194078445 0.166260331869125 0.161672711372375 0.221318259835243 0.292234241962433 0.311951845884323 0.22039383649826 0.141940370202065 0.0874528437852859 0.0748012289404869 0.0565018989145756 0.0505959019064903 0.0708691254258156 0.11217325180769 0.0726824924349785 0.119108572602272 0.159268155694008 0.233506605029106 0.170935124158859 0.21941614151001 0.279443979263306 0.25489467382431 0.321578025817871 0.308307677507401 0.34034463763237 0.380142033100128 0.342298716306686 0.256600201129913 0.275983273983002 0.354312479496002 0.321267247200012 0.46254563331604 0.539352595806122 0.586875081062317 0.57629668712616 0.499437898397446 0.54280298948288 0.576541364192963 0.712333142757416 0.81233161687851 0.890534639358521 0.937878489494324
0.150695353746414 0.112697310745716 0.128631860017776 0.123510904610157 0.10914570838213 0.0887640118598938 0.0925644636154175 0.0890623331069946 0.110657520592213 0.128333881497383 0.140148907899857 0.132637575268745 0.137720569968224 0.136971473693848 0.0930280536413193 0.071034163236618 0.0474215410649776 0.0356487222015858 0.0325632393360138 0.0459151528775692 0.0598812587559223 0.106091246008873 0.15864859521389 0.0944702327251434 0.165751233696938 0.195186868309975 0.31100332736969 0.258579134941101 0.334886699914932 0.369087636470795 0.254232853651047 0.428982138633728 0.253626316785812 0.228639736771584 0.331791698932648 0.352244138717651 0.429127544164658 0.419074565172195 0.451618015766144 0.53632664680481 0.43219792842865 0.570011556148529 0.492576748132706 0.52509343624115 0.603166580200195 0.85236668586731 0.876293659210205 0.886562764644623 0.93978613615036
0.0922027826309204 0.0756430402398109 0.194248765707016 0.148851409554482 0.131330162286758 0.140931591391563 0.133489549160004 0.158042773604393 0.157849118113518 0.19631065428257 0.176223278045654 0.182123079895973 0.166577041149139 0.167133778333664 0.0962783247232437 0.077369786798954 0.0519314929842949 0.0438640005886555 0.0340789370238781 0.0538847781717777 0.0497357398271561 0.062432549893856 0.112637668848038 0.137555673718452 0.123016923666 0.151445150375366 0.284903228282928 0.218694746494293 0.230753913521767 0.305789649486542 0.205916956067085 0.331153512001038 0.28608962893486 0.285140126943588 0.390666782855988 0.300956964492798 0.327111721038818 0.436528772115707 0.351332366466522 0.355630666017532 0.33476710319519 0.422623425722122 0.374137341976166 0.542753040790558 0.589477360248566 0.807658970355988 0.88839453458786 0.902580797672272 0.771207511425018
0.0611970126628876 0.128309294581413 0.0968232899904251 0.0974706783890724 0.0556725785136223 0.0519401542842388 0.0848990455269814 0.0920850485563278 0.103205226361752 0.099411740899086 0.0884828492999077 0.123177476227283 0.0809881985187531 0.0687442123889923 0.0807230174541473 0.0545707195997238 0.044139988720417 0.0310487691313028 0.026023156940937 0.0271172542124987 0.0438701249659061 0.102622084319592 0.0722280070185661 0.101165540516376 0.181030079722404 0.162513300776482 0.28612944483757 0.285560697317123 0.293841689825058 0.301385790109634 0.229728728532791 0.232654616236687 0.267669945955276 0.272137016057968 0.352522045373917 0.311064273118973 0.260673433542252 0.311377257108688 0.359902143478394 0.44131800532341 0.442410796880722 0.327990591526031 0.537336826324463 0.556405007839203 0.541762113571167 0.73350465297699 0.899747610092163 0.776598274707794 0.690661132335663
0.121242135763168 0.0792094245553017 0.0712012946605682 0.055023554712534 0.0557280145585537 0.0496051646769047 0.0551549233496189 0.0660195276141167 0.056672815233469 0.0628913640975952 0.0690737292170525 0.0764416977763176 0.0712070912122726 0.0656097829341888 0.0643709301948547 0.0396443903446198 0.030716085806489 0.0170028675347567 0.0135329281911254 0.0138165513053536 0.0227170772850513 0.0371254235506058 0.117620311677456 0.0910577476024628 0.160072430968285 0.144895598292351 0.227831944823265 0.276116371154785 0.271418809890747 0.275854527950287 0.214852869510651 0.276436567306519 0.322684109210968 0.320896714925766 0.26347029209137 0.225198552012444 0.24302214384079 0.241674527525902 0.265590071678162 0.257258147001266 0.350256055593491 0.466219693422318 0.42996409535408 0.586184144020081 0.65117222070694 0.684775352478027 0.734975934028625 0.615739524364471 0.652892351150513
0.0859368368983269 0.0605363324284554 0.039427924901247 0.0407679751515388 0.0414006747305393 0.0515869110822678 0.0541151463985443 0.0662353038787842 0.112179227173328 0.0901767387986183 0.0809020772576332 0.0604887157678604 0.0573025494813919 0.0496627725660801 0.0412734821438789 0.0399585738778114 0.031094940379262 0.0272920504212379 0.0223881136626005 0.0416541770100594 0.0597390420734882 0.017752394080162 0.0469820201396942 0.174012020230293 0.142521306872368 0.15206353366375 0.214898467063904 0.203142687678337 0.203896075487137 0.221954837441444 0.263794302940369 0.213207960128784 0.328205347061157 0.264967888593674 0.335189014673233 0.343685954809189 0.309030622243881 0.319112837314606 0.255352258682251 0.260993093252182 0.245091676712036 0.261240482330322 0.338133603334427 0.472821861505508 0.427690505981445 0.597174942493439 0.607346892356873 0.586114287376404 0.388011902570724
