data/climate_estimation/maxent_output/Colchicum_triphyllum.asc
NCOLS 542 
NROWS 123 
XLLCORNER -6.33333333333333 
YLLCORNER 34.9166666666667 
CELLSIZE 0.0833333333333333 
NODATA_value -3.4e+38 
[rows 22 to 43 of 123, columns 0 to 48 of 542]
0.0198426209390163 0.0174195468425751 0.0158702358603477 0.0131752090528607 0.0104952976107597 0.00834034476429224 0.00756990443915129 0.00763713801279664 0.00958564691245556 0.0113126430660486 0.012366640381515 0.011584123596549 0.0123437633737922 0.0125181572511792 0.0112265283241868 0.012048315256834 0.0100592980161309 0.00941749196499586 0.00989191886037588 0.00896000955253839 0.00873308070003986 0.00849907007068396 0.00797609426081181 0.00706991320475936 0.0061382413841784 0.00562791619449854 0.0048904181458056 0.00432305783033371 0.00362468301318586 0.00349385011941195 0.00346671207807958 0.00355662265792489 0.00346590671688318 0.00327431573532522 0.00354104139842093 0.00353368138894439 0.0034192141611129 0.00339562352746725 0.00319187645800412 0.00334404874593019 0.00284703564830124 0.00320994714275002 0.00350160314701498 0.00403709523379803 0.00359311024658382 0.00328077585436404 0.00334338936954737 0.00323104998096824 0.00353924185037613
0.0279755275696516 0.0251490827649832 0.0252399034798145 0.0228665843605995 0.0191931277513504 0.0199485570192337 0.0151430303230882 0.0218171887099743 0.0224489960819483 0.0210968665778637 0.0211176797747612 0.0227523557841778 0.0182760655879974 0.0190175231546164 0.018739826977253 0.0142633374780416 0.00468106288462877 0.00736224604770541 0.00545747764408588 0.00637200567871332 0.0126535054296255 0.0109429452568293 0.0116432746872306 0.0104541322216392 0.00967849139124155 0.00930990092456341 0.00843011774122715 0.00729153165593743 0.00723393680527806 0.00662548514083028 0.00605292897671461 0.00599884707480669 0.00501073850318789 0.00558795873075724 0.00537639763206244 0.00537183089181781 0.0051109460182488 0.00556165957823396 0.005254493560642 0.00526582077145576 0.00535068195313215 0.00524697313085198 0.00571985775604844 0.00578276487067342 0.00543376710265875 0.00508925318717957 0.0049045723862946 0.00447444757446647 0.00432992866262794
0.0383729822933674 0.0310185663402081 0.033867422491312 0.031937550753355 0.0427958443760872 0.0412533096969128 0.0392626710236073 0.0350731946527958 0.040948960930109 0.040333017706871 0.0333578065037727 0.0248518884181976 0.0276239980012178 0.023723229765892 0.0173343271017075 0.0228774473071098 0.0127706862986088 0.00879270303994417 0.0117394719272852 0.022739090025425 0.022260682657361 0.0193034484982491 0.0103459246456623 0.0130188912153244 0.0144673967733979 0.0135139068588614 0.012967461720109 0.0121111404150724 0.0112379612401128 0.0108542218804359 0.0101980837062001 0.00816584378480911 0.00746836559846997 0.00755126448348165 0.00829904153943062 0.00846511591225863 0.00889206305146217 0.00877317506819963 0.00914082303643227 0.00868231523782015 0.00882966909557581 0.0094737708568573 0.00955913867801428 0.00860091298818588 0.00893297232687473 0.00933574046939611 0.00835905969142914 0.00773060088977218 0.00724722445011139
0.0142526049166918 0.0213654898107052 0.0123925376683474 0.0241917427629232 0.0172963757067919 0.0561665594577789 0.0753635987639427 0.0288209430873394 0.0250913389027119 0.0327235609292984 0.0216321796178818 0.0189704783260822 0.0326662994921207 0.0207639336585999 0.0293148290365934 0.0333858281373978 0.0187596213072538 0.0181167330592871 0.00916873198002577 0.0097079686820507 0.014370996505022 0.020319489762187 0.0166983492672443 0.00838475581258535 0.0123016182333231 0.0186497624963522 0.0189561489969492 0.0174544025212526 0.0177892241626978 0.0168907046318054 0.0159599557518959 0.0144063215702772 0.0160452350974083 0.0148190706968307 0.0149547979235649 0.013709532096982 0.0144974067807198 0.0135882319882512 0.0132542280480266 0.0156148578971624 0.0155967632308602 0.0131230261176825 0.0112766427919269 0.0139571074396372 0.0142459059134126 0.0167150143533945 0.0157889109104872 0.0143339494243264 0.0143488496541977
0.0447614602744579 0.0498325042426586 0.0359727516770363 0.0503437705338001 0.051631722599268 0.0403963476419449 0.0585876405239105 0.0651542022824287 0.0486768148839474 0.0681671947240829 0.041173592209816 0.0560606233775616 0.0849553644657135 0.0555196106433868 0.0488370843231678 0.0511662699282169 0.0541897863149643 0.0315903164446354 0.0158873908221722 0.0121571328490973 0.0169395040720701 0.0254630148410797 0.0307362228631973 0.0133308172225952 0.0185748934745789 0.0312340930104256 0.0314591340720654 0.030396418645978 0.0301450826227665 0.028376741334796 0.0252282526344061 0.0270516984164715 0.0244025196880102 0.0274343863129616 0.0242136307060719 0.0244875326752663 0.0238586813211441 0.0234294477850199 0.0225310660898685 0.0218611713498831 0.0253968704491854 0.0267691481858492 0.0256878826767206 0.0293324775993824 0.028517933562398 0.0258866064250469 0.0246018208563328 0.0174093749374151 0.0227948073297739
0.0290008634328842 0.0438960157334805 0.0363552197813988 0.0368291661143303 0.0788213685154915 0.135990932583809 0.0671163946390152 0.141169533133507 0.149234548211098 0.153630420565605 0.108420811593533 0.153566181659698 0.1514892578125 0.092055007815361 0.109894216060638 0.0805618986487389 0.0856878384947777 0.049183364957571 0.0447903424501419 0.0396314971148968 0.0397990010678768 0.0540529042482376 0.062951497733593 0.0533995516598225 0.0522498339414597 0.0506731010973454 0.0521270930767059 0.0493677854537964 0.0445825420320034 0.0494283474981785 0.0442373119294643 0.0478760749101639 0.0398333817720413 0.0409181900322437 0.0436160191893578 0.0411030165851116 0.0391224436461926 0.0351749993860722 0.0392473824322224 0.0369119830429554 0.0382859632372856 0.0403255522251129 0.049293402582407 0.0567511022090912 0.0584728084504604 0.0580902770161629 0.0539656579494476 0.0532915443181992 0.0425950400531292
0.0529685243964195 0.0598561353981495 0.11779273301363 0.195513680577278 0.252228081226349 0.270264148712158 0.274404108524323 0.261476457118988 0.284217834472656 0.293396651744843 0.250019550323486 0.252783089876175 0.225774168968201 0.2223941385746 0.211088582873344 0.171353027224541 0.168837070465088 0.126466944813728 0.101696528494358 0.119146548211575 0.115264035761356 0.0949487537145615 0.0941467955708504 0.0961707308888435 0.0980537459254265 0.0939093604683876 0.0816998779773712 0.0866125673055649 0.0820652171969414 0.0683527439832687 0.076945073902607 0.0675183087587357 0.0596895441412926 0.0669725686311722 0.0692241191864014 0.0715551376342773 0.0757962986826897 0.0710620805621147 0.0610373802483082 0.0851535126566887 0.0758444741368294 0.0857326313853264 0.0895016714930534 0.0873503834009171 0.0860704332590103 0.0751034244894981 0.0792135074734688 0.0586891993880272 0.0557369701564312
0.298572033643723 0.283953160047531 0.25290459394455 0.255425065755844 0.329911857843399 0.374064534902573 0.388315409421921 0.416378229856491 0.488903552293777 0.467826753854752 0.402934968471527 0.337345540523529 0.313202261924744 0.321182131767273 0.284724056720734 0.271295100450516 0.258582592010498 0.230726778507233 0.195347711443901 0.188421607017517 0.184859901666641 0.167661190032959 0.178547501564026 0.164115771651268 0.15080951154232 0.138736441731453 0.125191181898117 0.121461026370525 0.119944207370281 0.120597064495087 0.120792604982853 0.109115488827229 0.0935972705483437 0.106352895498276 0.132070660591125 0.106994390487671 0.11117035895586 0.100385196506977 0.106391467154026 0.138274356722832 0.141325175762177 0.144035026431084 0.141966447234154 0.141665399074554 0.151448085904121 0.12957552075386 0.145095586776733 0.144033148884773 0.138703554868698
0.418051421642303 0.385744214057922 0.425899744033813 0.47419610619545 0.453424364328384 0.506531655788422 0.538770377635956 0.611610949039459 0.673342883586884 0.639034867286682 0.519297003746033 0.467898696660995 0.416019201278687 0.399883061647415 0.375552773475647 0.362755656242371 0.322964131832123 0.292118012905121 0.274495542049408 0.258966088294983 0.259873420000076 0.240998983383179 0.244302734732628 0.229826137423515 0.234168022871017 0.218530625104904 0.210176765918732 0.197822213172913 0.188337236642838 0.191357135772705 0.176202818751335 0.16623842716217 0.17274597287178 0.191407456994057 0.208313345909119 0.210528969764709 0.202795714139938 0.206657320261002 0.199652463197708 0.196372911334038 0.204637721180916 0.21272885799408 0.205782130360603 0.185473874211311 0.185285925865173 0.208270519971848 0.214485049247742 0.228626802563667 0.234180510044098
0.388671547174454 0.449762910604477 0.519617557525635 0.582180380821228 0.595490574836731 0.640376806259155 0.680078268051147 0.768063127994537 0.757580637931824 0.665389478206635 0.588274836540222 0.529217660427094 0.475086539983749 0.503309011459351 0.466184496879578 0.438620984554291 0.428649991750717 0.387624591588974 0.368903785943985 0.350848346948624 0.339457601308823 0.325469970703125 0.327305316925049 0.292912721633911 0.293502241373062 0.29350757598877 0.301948040723801 0.308943390846252 0.294722110033035 0.291707754135132 0.293572127819061 0.287449032068253 0.304450124502182 0.294706106185913 0.286804527044296 0.293308794498444 0.284468203783035 0.288584619760513 0.289637982845306 0.296727895736694 0.271110564470291 0.281193912029266 0.291302114725113 0.281337231397629 0.327865123748779 0.352167695760727 0.375680059194565 0.415344446897507 0.403299868106842
0.48685696721077 0.593864560127258 0.645596385002136 0.697214841842651 0.682296514511108 0.71294492483139 0.727876424789429 0.731650769710541 0.763481497764587 0.679905831813812 0.611326456069946 0.575151026248932 0.574770331382751 0.564001619815826 0.534534513950348 0.495649337768555 0.474616438150406 0.447014063596725 0.445492625236511 0.402422815561295 0.394657969474792 0.38562148809433 0.384641826152802 0.356748074293137 0.35829359292984 0.356146275997162 0.369392961263657 0.349303334951401 0.396333068609238 0.410190016031265 0.390018612146378 0.419184476137161 0.371383130550385 0.359521687030792 0.359755963087082 0.34963071346283 0.338031560182571 0.333503186702728 0.347419112920761 0.337000101804733 0.342753112316132 0.359786808490753 0.376692473888397 0.397232443094254 0.417046189308167 0.455110996961594 0.520070791244507 0.545600652694702 0.554287254810333
0.552260041236877 0.653274655342102 0.719322085380554 0.733902037143707 0.787406504154205 0.781217336654663 0.746205985546112 0.779390394687653 0.747266054153442 0.683860242366791 0.700785517692566 0.647359728813171 0.597109079360962 0.629179716110229 0.588718295097351 0.562261939048767 0.519587635993958 0.516952812671661 0.508717358112335 0.461965978145599 0.455175787210464 0.431964039802551 0.410977065563202 0.411865919828415 0.39934167265892 0.420331209897995 0.406696289777756 0.429627627134323 0.438391178846359 0.469463407993317 0.465677052736282 0.478638887405396 0.472750872373581 0.470279306173325 0.440294414758682 0.388151526451111 0.401339918375015 0.408487737178802 0.391341924667358 0.392567127943039 0.40704470872879 0.424929618835449 0.47801661491394 0.489356070756912 0.464256703853607 0.528658151626587 0.600703477859497 0.627185106277466 0.64426189661026
0.532990276813507 0.700567781925201 0.807981431484222 0.828756868839264 0.813235461711884 0.808278799057007 0.821411430835724 0.799648642539978 0.798876225948334 0.763085782527924 0.753072619438171 0.725303053855896 0.690280675888062 0.655290722846985 0.642352402210236 0.614086151123047 0.598625063896179 0.573842227458954 0.545411109924316 0.509001314640045 0.491864919662476 0.481444150209427 0.479764670133591 0.47915044426918 0.480003178119659 0.457991510629654 0.473337769508362 0.488735526800156 0.497385740280151 0.508390784263611 0.546679794788361 0.575557768344879 0.558200597763062 0.540903151035309 0.510811746120453 0.476424545049667 0.354469627141953 0.332627028226852 0.276062846183777 0.416143923997879 0.267703026533127 0.431231528520584 0.518053650856018 0.484204560518265 0.406830102205276 0.532331526279449 0.508099317550659 0.484192043542862 0.58398562669754
0.617108643054962 0.754453897476196 0.83551687002182 0.875419974327087 0.860747158527374 0.864465296268463 0.849719822406769 0.833702802658081 0.808571338653564 0.775432288646698 0.78045380115509 0.780358850955963 0.771912932395935 0.735466301441193 0.693832516670227 0.655600309371948 0.64656013250351 0.609053671360016 0.594538927078247 0.588445961475372 0.550556302070618 0.524137675762177 0.52965772151947 0.520132780075073 0.524387955665588 0.536330938339233 0.586557745933533 0.573307454586029 0.589375197887421 0.613597869873047 0.656702160835266 0.672820210456848 0.666606724262238 0.640168368816376 0.583147883415222 0.396907597780228 0.320835053920746 0.184141784906387 0.169131129980087 0.212089449167252 0.163600236177444 0.421308547258377 0.499095767736435 0.440848559141159 0.55983829498291 0.485671907663345 0.557080149650574 0.440668553113937 0.614642977714539
0.782203257083893 0.836734414100647 0.878253877162933 0.870775938034058 0.87692254781723 0.885283589363098 0.874521970748901 0.866761088371277 0.844820559024811 0.813923537731171 0.834127306938171 0.795873522758484 0.770118951797485 0.774240672588348 0.757910668849945 0.725450217723846 0.682536423206329 0.653721511363983 0.648599982261658 0.603069126605988 0.585667431354523 0.570331573486328 0.606418609619141 0.630950689315796 0.610860466957092 0.632000386714935 0.633759140968323 0.64540034532547 0.683303952217102 0.713624477386475 0.719709992408752 0.731573283672333 0.702943921089172 0.719809770584106 0.710525631904602 0.661428689956665 0.600933134555817 0.599929571151733 0.580303251743317 0.464172095060349 0.585664331912994 0.513545155525208 0.323298126459122 0.442030370235443 0.5081387758255 0.419135242700577 0.325366765260696 0.466843217611313 0.583519697189331
0.845779240131378 0.890545547008514 0.889574944972992 0.894387722015381 0.88145923614502 0.894971549510956 0.908461809158325 0.901289820671082 0.892309546470642 0.869627416133881 0.851685702800751 0.8411945104599 0.835654675960541 0.812874138355255 0.816364884376526 0.787660777568817 0.762701213359833 0.710861146450043 0.724154531955719 0.690958082675934 0.684518694877625 0.663027584552765 0.676849186420441 0.684941530227661 0.72258585691452 0.717364609241486 0.73782205581665 0.762654364109039 0.782180547714233 0.767652690410614 0.799824237823486 0.807164669036865 0.792487740516663 0.817396819591522 0.771414697170258 0.774886012077332 0.759805560112 0.726537585258484 0.452526330947876 0.333448499441147 0.296258628368378 0.192587077617645 0.240200474858284 0.222025454044342 0.227872103452682 0.274800777435303 0.451811045408249 0.566288590431213 0.532387554645538
0.857718586921692 0.912988185882568 0.912699699401855 0.93750786781311 0.934354364871979 0.909207701683044 0.907941222190857 0.895632028579712 0.892023980617523 0.897091865539551 0.869993805885315 0.873216867446899 0.867923736572266 0.829219222068787 0.828679323196411 0.846117317676544 0.832912802696228 0.811422944068909 0.774668514728546 0.771546065807343 0.743565797805786 0.724410593509674 0.727073788642883 0.715187430381775 0.775088727474213 0.790987730026245 0.823662757873535 0.832310855388641 0.830795347690582 0.860737025737762 0.858501136302948 0.846659541130066 0.843964397907257 0.864696681499481 0.810303330421448 0.777131497859955 0.811144113540649 0.811094999313354 0.762951254844666 0.722267210483551 0.66307121515274 0.450147777795792 0.566030979156494 0.361945897340775 0.567277133464813 0.546905159950256 0.651670873165131 0.55523693561554 0.536446154117584
0.864256680011749 0.910782873630524 0.931284964084625 0.943853974342346 0.928884983062744 0.953077733516693 0.948632657527924 0.922438144683838 0.912060379981995 0.891932189464569 0.889130532741547 0.862766325473785 0.864876925945282 0.866717576980591 0.867748320102692 0.87752890586853 0.884974420070648 0.883971214294434 0.849744439125061 0.874472796916962 0.808416366577148 0.782083749771118 0.820653259754181 0.845458924770355 0.835279047489166 0.866030335426331 0.873567759990692 0.871430456638336 0.903609752655029 0.902586936950684 0.901098668575287 0.91536819934845 0.901835083961487 0.900231838226318 0.900371372699738 0.87228912115097 0.863621652126312 0.862551987171173 0.843573033809662 0.826528966426849 0.806240200996399 0.783395290374756 0.782886505126953 0.780390322208405 0.768045485019684 0.795604348182678 0.769386529922485 0.8075350522995 0.736306726932526
0.916977822780609 0.925154983997345 0.943674921989441 0.94555401802063 0.954054832458496 0.949398577213287 0.937397539615631 0.948143005371094 0.882093906402588 0.845639228820801 0.813558518886566 0.848905205726624 0.855866611003876 0.850202918052673 0.87829065322876 0.918320655822754 0.926165521144867 0.907319962978363 0.923930108547211 0.90582549571991 0.867648243904114 0.872764050960541 0.877172708511353 0.902063131332397 0.88586550951004 0.904066205024719 0.924010038375854 0.931505858898163 0.943751275539398 0.931528627872467 0.943854749202728 0.940395593643188 0.953238368034363 0.945054769515991 0.941076815128326 0.931767582893372 0.913459360599518 0.920118987560272 0.884169161319733 0.894006192684174 0.870587944984436 0.845606088638306 0.822034358978271 0.821446657180786 0.834750533103943 0.846517562866211 0.855011463165283 0.828040599822998 0.826192378997803
0.941777348518372 0.925755083560944 0.959774553775787 0.956145703792572 0.959802508354187 0.967032313346863 0.954776525497437 0.914021134376526 0.84190160036087 0.753801941871643 0.746494293212891 0.808265507221222 0.856442153453827 0.88866126537323 0.930474400520325 0.934436976909637 0.952060759067535 0.948878765106201 0.948392152786255 0.941719233989716 0.930660486221313 0.924739420413971 0.927258610725403 0.930172204971313 0.941181421279907 0.936991512775421 0.94425505399704 0.950793981552124 0.96316522359848 0.963781595230103 0.956973969936371 0.96821254491806 0.962794601917267 0.974274158477783 0.970433294773102 0.963588237762451 0.955487728118896 0.948945581912994 0.952710330486298 0.928191184997559 0.936277985572815 0.928052306175232 0.904144644737244 0.871189773082733 0.896789014339447 0.894625008106232 0.880561053752899 0.886248648166656 0.899083375930786
0.942774415016174 0.944052517414093 0.961037576198578 0.973506212234497 0.967137098312378 0.965541422367096 0.94183611869812 0.877415180206299 0.738062500953674 0.788294315338135 0.796910464763641 0.771580457687378 0.820124983787537 0.811437606811523 0.882262468338013 0.932022094726562 0.962170243263245 0.96591854095459 0.967498123645782 0.972478449344635 0.955533087253571 0.950623631477356 0.935526132583618 0.950889945030212 0.956854343414307 0.958000659942627 0.95830225944519 0.974558889865875 0.97024005651474 0.975777149200439 0.978997826576233 0.977692186832428 0.979297161102295 0.981287956237793 0.984675228595734 0.979106068611145 0.974487006664276 0.979674279689789 0.967110693454742 0.9640833735466 0.954497098922729 0.951621353626251 0.934569478034973 0.940439701080322 0.927689015865326 0.926407158374786 0.915012061595917 0.937548279762268 0.928333759307861
0.948824644088745 0.941343069076538 0.960639297962189 0.972289264202118 0.972610831260681 0.969527304172516 0.920736253261566 0.803342461585999 0.721815943717957 0.726336777210236 0.719551861286163 0.717746794223785 0.764771163463593 0.769453525543213 0.816167593002319 0.87018883228302 0.881297171115875 0.915768682956696 0.926868736743927 0.938374817371368 0.950392484664917 0.970310688018799 0.979306280612946 0.973593652248383 0.980018258094788 0.981949329376221 0.98140960931778 0.982744157314301 0.9869624376297 0.990883708000183 0.990313529968262 0.989822030067444 0.988345980644226 0.989328682422638 0.989292681217194 0.984116077423096 0.986804902553558 0.988360822200775 0.987298607826233 0.985086858272552 0.974538266658783 0.972025871276855 0.97360759973526 0.960704326629639 0.9525505900383 0.939007699489594 0.955351769924164 0.935210824012756 0.939717769622803
