data/climate_estimation/maxent_output/Colchicum_longifolium.asc
NCOLS 132 
NROWS 63 
XLLCORNER 0.416666666666667 
YLLCORNER 42.0833333333333 
CELLSIZE 0.0833333333333333 
NODATA_value -3.4e+38 
[rows 40 to 59 of 63, columns 0 to 44 of 132]
0.440526813268661 0.3863365650177 0.365092307329178 0.318619191646576 0.293983966112137 0.377513885498047 0.35136878490448 0.41158252954483 0.419905096292496 0.390233904123306 0.443476736545563 0.414073884487152 0.413895696401596 0.469959497451782 0.482732653617859 0.441212147474289 0.441383898258209 0.435300797224045 0.493060380220413 0.530640959739685 0.500437378883362 0.561697065830231 0.560910999774933 0.555640041828156 0.556056380271912 0.523325741291046 0.50772899389267 0.44837760925293 0.448399871587753 0.442991942167282 0.442615985870361 0.402150064706802 0.399335145950317 0.372826725244522 0.345131307840347 0.347592979669571 0.421130210161209 0.537958264350891 0.651165425777435 0.68609493970871 0.723653614521027 0.779479026794434 0.726199924945831 0.733060836791992 0.74819678068161
0.458435922861099 0.39549058675766 0.335815399885178 0.318978071212769 0.37385356426239 0.359724462032318 0.365659028291702 0.419544458389282 0.420250058174133 0.39056608080864 0.455699503421783 0.424834668636322 0.458948373794556 0.451906621456146 0.482914745807648 0.445659279823303 0.480140805244446 0.491767555475235 0.460699141025543 0.533709049224854 0.598205089569092 0.578928589820862 0.635465860366821 0.666406452655792 0.643986761569977 0.645705223083496 0.593851447105408 0.589097380638123 0.52609384059906 0.51519775390625 0.457016408443451 0.453926026821136 0.414924114942551 0.444946438074112 0.411403149366379 0.478223085403442 0.56094616651535 0.594339489936829 0.666117191314697 0.732836544513702 0.735605716705322 0.779317378997803 0.730747938156128 0.735788404941559 0.688685715198517
0.415606617927551 0.357173144817352 0.321303695440292 0.384940177202225 0.384940177202225 0.360592305660248 0.358494758605957 0.461655557155609 0.398657590150833 0.466103225946426 0.430120676755905 0.427724450826645 0.464604586362839 0.465362310409546 0.45496791601181 0.457891166210175 0.493909329175949 0.463240832090378 0.547598600387573 0.498761475086212 0.55178439617157 0.60265064239502 0.645579159259796 0.703573107719421 0.677889406681061 0.644412219524384 0.582724273204803 0.622852981090546 0.594038665294647 0.535939753055573 0.560166716575623 0.522629201412201 0.465464174747467 0.465324580669403 0.539509892463684 0.578293800354004 0.59409511089325 0.666720986366272 0.759982049465179 0.794828832149506 0.774505376815796 0.77752947807312 0.739931702613831 0.730549514293671 0.751679003238678
0.377977073192596 0.344650894403458 0.369493722915649 0.416866272687912 0.360335975885391 0.424553781747818 0.427650362253189 0.399959892034531 0.432400107383728 0.424749702215195 0.439965516328812 0.464085519313812 0.466034770011902 0.468254953622818 0.459427863359451 0.495763689279556 0.494682401418686 0.472704023122787 0.493716567754745 0.583348512649536 0.651586294174194 0.617389440536499 0.715012669563293 0.710556030273438 0.659604847431183 0.634348571300507 0.599785506725311 0.563729166984558 0.554610252380371 0.558853805065155 0.615589499473572 0.554414629936218 0.496844112873077 0.565647065639496 0.613721311092377 0.6285120844841 0.700846493244171 0.698530197143555 0.753044962882996 0.747916162014008 0.760467529296875 0.770776450634003 0.738612473011017 0.732877552509308 0.718084156513214
0.351637333631516 0.397294968366623 0.409934341907501 0.0110660027712584 0.419631630182266 0.394049286842346 0.405484020709991 0.400208353996277 0.432464212179184 0.435386389493942 0.472562223672867 0.410322457551956 0.402300357818604 0.479710727930069 0.467890024185181 0.501948118209839 0.50906890630722 0.498391151428223 0.560402631759644 0.626656651496887 0.651234984397888 0.617364048957825 0.643005549907684 0.694182217121124 0.682935059070587 0.67913693189621 0.629795730113983 0.591058015823364 0.554242253303528 0.554405450820923 0.570056080818176 0.551369965076447 0.59582793712616 0.653091013431549 0.674227356910706 0.702194929122925 0.702853441238403 0.741692662239075 0.722327291965485 0.734291613101959 0.73554390668869 0.69351863861084 0.650610446929932 0.650865972042084 0.723877429962158
0.370177894830704 0.0100969085469842 0.379042416810989 0.390462040901184 0.0113124279305339 0.0115886265411973 0.439473658800125 0.441217362880707 0.477896898984909 0.481587022542953 0.451662242412567 0.41295912861824 0.443687230348587 0.485299706459045 0.516620099544525 0.469958364963531 0.50852108001709 0.462451875209808 0.630874216556549 0.640351712703705 0.613447248935699 0.678508043289185 0.681318402290344 0.673272550106049 0.68139523267746 0.68893176317215 0.638195335865021 0.63457977771759 0.640874445438385 0.523454248905182 0.552369773387909 0.622941970825195 0.640069484710693 0.698249757289886 0.710981130599976 0.678694486618042 0.695190668106079 0.754848122596741 0.7793328166008 0.750383496284485 0.723715364933014 0.657336056232452 0.709830582141876 0.708618819713593 0.698966324329376
0.364864438772202 0.010404952801764 0.0126061653718352 0.0105451531708241 0.0112886019051075 0.0104855736717582 0.0114009389653802 0.0114276167005301 0.0123660508543253 0.41306734085083 0.415455400943756 0.421117693185806 0.477408856153488 0.511953771114349 0.459732472896576 0.482078075408936 0.552769660949707 0.475051611661911 0.57125324010849 0.668701171875 0.656574904918671 0.634095907211304 0.606596887111664 0.722209095954895 0.67779403924942 0.73792952299118 0.697244703769684 0.692353367805481 0.667528629302979 0.566195130348206 0.660627543926239 0.626931726932526 0.679092824459076 0.646821022033691 0.747406721115112 0.732214570045471 0.731273949146271 0.724517524242401 0.718209624290466 0.739080309867859 0.685285747051239 0.652958750724792 -3.4e+38 -3.4e+38 0.747935831546783
0.0113177504390478 0.0123225571587682 0.0114404642954469 0.0102496994659305 0.0104077616706491 0.0116689605638385 0.0113964844495058 0.0103012230247259 0.0100886961445212 0.00996308401226997 0.452675312757492 0.486620634794235 0.489861458539963 0.523052096366882 0.491494417190552 0.522140562534332 0.520337522029877 0.546033024787903 0.581447958946228 0.619070887565613 0.663828015327454 0.682338356971741 0.722493946552277 0.709910988807678 0.672190427780151 0.651583194732666 0.613025665283203 0.557083666324615 0.624239504337311 0.635025560855865 0.63776558637619 0.651530086994171 0.706939995288849 0.687189161777496 0.701471090316772 0.709645748138428 0.705986976623535 0.701781451702118 0.743373692035675 0.77605801820755 -3.4e+38 -3.4e+38 -3.4e+38 -3.4e+38 -3.4e+38
0.012444420717657 0.0111053287982941 0.0115238130092621 0.0119305476546288 0.01058629155159 0.0106910448521376 0.00918683968484402 0.0114119602367282 0.0105132833123207 0.0102823078632355 0.0114315645769238 0.0123015595600009 0.486620634794235 0.524701118469238 0.490755438804626 0.525353491306305 0.52849292755127 0.523752927780151 0.519009292125702 0.567908346652985 0.596638798713684 0.610534608364105 0.611776769161224 0.549019694328308 0.526728272438049 0.542416274547577 0.615889489650726 0.581271350383759 0.669239163398743 0.627452969551086 0.645934402942657 0.667263329029083 0.666506171226501 0.691506505012512 0.686693131923676 0.728376448154449 0.720718383789062 0.752066075801849 -3.4e+38 -3.4e+38 -3.4e+38 -3.4e+38 -3.4e+38 -3.4e+38 -3.4e+38
0.0135960774496198 0.013355914503336 0.0126144252717495 0.0124222049489617 0.0104168774560094 0.0103420550003648 0.0101284487172961 0.0103576565161347 0.0101676238700747 0.0102434316650033 0.01101113576442 0.00982332136482 0.0122463395819068 0.0136596225202084 0.489647895097733 0.537658870220184 0.611159384250641 0.597422063350677 0.576046168804169 0.570535123348236 0.542685508728027 0.549100339412689 0.544030129909515 0.553735792636871 0.551958441734314 0.60923033952713 0.649740517139435 0.621950805187225 0.621085286140442 0.645309746265411 0.6583491563797 0.629698634147644 0.687423765659332 0.714070558547974 0.738889038562775 -3.4e+38 -3.4e+38 -3.4e+38 -3.4e+38 -3.4e+38 -3.4e+38 -3.4e+38 -3.4e+38 -3.4e+38 -3.4e+38
0.0136026060208678 0.0131858382374048 0.0112404022365808 0.0113695133477449 0.0106181362643838 0.010424692183733 0.0102283349260688 0.0088239386677742 0.00925143156200647 0.00886612758040428 0.00982230436056852 0.0102818291634321 0.0109749659895897 0.0113793518394232 0.0122214211151004 0.499793231487274 0.571212530136108 0.608084499835968 0.64787620306015 0.581328570842743 0.542147517204285 0.514081478118896 0.533800601959229 0.594464480876923 0.643421113491058 0.672797977924347 0.717327952384949 0.694909930229187 0.709104359149933 0.679111778736115 0.713678538799286 0.710871696472168 0.706850171089172 -3.4e+38 -3.4e+38 -3.4e+38 -3.4e+38 -3.4e+38 -3.4e+38 -3.4e+38 -3.4e+38 -3.4e+38 -3.4e+38 -3.4e+38 -3.4e+38
0.0116648497059941 0.0109559921547771 0.0113761620596051 0.0112534621730447 0.0110624665394425 0.0085085267201066 0.00881458166986704 0.00865300092846155 0.00679281633347273 0.00658359937369823 0.00738590769469738 0.0078803151845932 0.00974355917423964 0.0101651251316071 0.0121272960677743 0.0137009080499411 0.0155882127583027 0.61860328912735 0.656080543994904 0.631160914897919 0.60175621509552 0.534929394721985 0.526115298271179 0.61585545539856 0.629246711730957 0.702756404876709 0.718689680099487 0.779556334018707 0.758054494857788 0.674463212490082 0.667594075202942 0.713478147983551 0.658253908157349 -3.4e+38 -3.4e+38 -3.4e+38 -3.4e+38 -3.4e+38 -3.4e+38 -3.4e+38 -3.4e+38 -3.4e+38 -3.4e+38 -3.4e+38 -3.4e+38
0.00475338753312826 0.0080606359988451 0.0102729639038444 0.00736312521621585 0.00623627239838243 0.00462288595736027 0.00558117777109146 0.00716996844857931 0.00801463145762682 0.00888094212859869 0.00799983739852905 0.00685464823618531 0.00773285469040275 0.00765139423310757 0.00887150876224041 0.010242328979075 0.0108873071148992 0.0142573351040483 0.0168042555451393 0.0175679419189692 0.620426774024963 0.594902813434601 0.526314318180084 0.606582999229431 0.622503459453583 0.662709414958954 0.737625777721405 0.781380295753479 0.724410951137543 0.741444766521454 0.707250237464905 0.684123754501343 -3.4e+38 -3.4e+38 -3.4e+38 -3.4e+38 -3.4e+38 -3.4e+38 -3.4e+38 -3.4e+38 -3.4e+38 -3.4e+38 -3.4e+38 -3.4e+38 -3.4e+38
0.10114198923111 0.00331019796431065 0.00614930549636483 0.00487773213535547 0.00367053877562284 0.00246848165988922 0.00429112184792757 0.00476000737398863 0.00341546651907265 0.0085672615095973 0.00672392267733812 0.00513975648209453 0.00394230987876654 0.00598372798413038 0.00951404124498367 0.00541867921128869 0.0061276494525373 0.00903947744518518 0.00884660426527262 0.0105164553970098 0.0158488247543573 0.584605872631073 0.589647114276886 0.561432659626007 0.564364731311798 0.661481499671936 0.688952207565308 0.715775787830353 0.76054459810257 0.712080776691437 0.690264880657196 0.664280533790588 -3.4e+38 -3.4e+38 -3.4e+38 -3.4e+38 -3.4e+38 -3.4e+38 -3.4e+38 -3.4e+38 -3.4e+38 -3.4e+38 -3.4e+38 -3.4e+38 -3.4e+38
0.00296143488958478 0.00436895899474621 0.00430762814357877 0.004409393761307 0.00192788441199809 0.0396948643028736 0.0513364039361477 0.00123503128997982 0.00174536474514753 0.00404090480878949 0.00551660917699337 0.00329579948447645 0.00328442873433232 0.00557966297492385 0.00732835661619902 0.00635670917108655 0.00428039487451315 0.00422320235520601 0.00533557450398803 0.00633909041061997 0.00926209520548582 0.013567540794611 0.0122283836826682 0.0148424664512277 0.624307155609131 0.716770589351654 0.728431403636932 0.72094601392746 0.740115106105804 0.671102941036224 0.622273981571198 0.600353717803955 -3.4e+38 -3.4e+38 -3.4e+38 -3.4e+38 -3.4e+38 -3.4e+38 -3.4e+38 -3.4e+38 -3.4e+38 -3.4e+38 -3.4e+38 -3.4e+38 -3.4e+38
0.0259418524801731 0.0333201512694359 0.0738862827420235 0.00239828391931951 0.00261355098336935 0.00170443614479154 0.00105476402677596 0.0444572381675243 0.00136659876443446 0.00122160708997399 0.00110087543725967 0.0394462160766125 0.00220352062024176 0.00176694756373763 0.0021971792448312 0.00238739768974483 0.00459015695378184 0.00555149372667074 0.00295131793245673 0.00449463445693254 0.00633265823125839 0.00539029529318213 0.00748291099444032 0.00989073701202869 0.0119378874078393 0.638138890266418 0.741743385791779 0.763746201992035 0.707644760608673 0.66626363992691 0.597883224487305 0.579809427261353 -3.4e+38 -3.4e+38 -3.4e+38 -3.4e+38 -3.4e+38 -3.4e+38 -3.4e+38 -3.4e+38 -3.4e+38 -3.4e+38 -3.4e+38 -3.4e+38 -3.4e+38
0.0331533402204514 0.10553316026926 0.0176880937069654 0.0295168720185757 0.0438749566674232 0.03785415366292 0.0348785780370235 0.00106624874752015 0.00344705302268267 0.00174872274510562 0.00172277493402362 0.0343146957457066 0.0309249069541693 0.0560477450489998 0.0425037406384945 0.0557096302509308 0.00240519479848444 0.0766922309994698 0.0683552175760269 0.00256232032552361 0.00393588514998555 0.00320629798807204 0.00572020327672362 0.00897837243974209 0.0141365360468626 0.0161549616605043 0.714707851409912 0.744451105594635 0.743294596672058 0.646950960159302 0.633330941200256 0.599186301231384 -3.4e+38 -3.4e+38 -3.4e+38 -3.4e+38 -3.4e+38 -3.4e+38 -3.4e+38 -3.4e+38 -3.4e+38 -3.4e+38 -3.4e+38 -3.4e+38 -3.4e+38
0.00488137453794479 0.114376589655876 0.0664950460195541 0.00229529244825244 0.00187491183169186 0.0550657212734222 0.0307685006409883 0.0392995104193687 0.00286692357622087 0.00585168739780784 0.00286239944398403 0.00168799597304314 0.00166271405760199 0.00327882007695735 0.00147098291199654 0.0422602072358131 0.00210746424272656 0.0746158733963966 0.0846501737833023 0.00295167462900281 0.00393879227340221 0.00573994964361191 0.00829765386879444 0.0109436931088567 0.00591751327738166 0.00981257855892181 0.0137467328459024 0.738603413105011 0.70231294631958 0.736727118492126 0.71006053686142 0.671756863594055 0.552238166332245 -3.4e+38 -3.4e+38 -3.4e+38 -3.4e+38 -3.4e+38 -3.4e+38 -3.4e+38 -3.4e+38 -3.4e+38 -3.4e+38 -3.4e+38 -3.4e+38
0.00425658747553825 0.00447010481730103 0.0041957120411098 0.00325726834125817 0.00315571553073823 0.0616074874997139 0.00167668762151152 0.00186829722952098 0.00484231812879443 0.00391419045627117 0.00232343981042504 0.00212134863249958 0.00448246952146292 0.00188771064858884 0.0537701994180679 0.0688201636075974 0.00183103163726628 0.00426334282383323 0.00643043499439955 0.00429518148303032 0.11421275138855 0.0927518978714943 0.123441502451897 0.188376918435097 0.203267350792885 0.00799237843602896 0.0137282805517316 0.0195400845259428 0.677691698074341 0.72397792339325 0.730907738208771 0.75410670042038 0.649022042751312 -3.4e+38 -3.4e+38 -3.4e+38 -3.4e+38 -3.4e+38 -3.4e+38 -3.4e+38 -3.4e+38 -3.4e+38 -3.4e+38 -3.4e+38 -3.4e+38
0.0057499660179019 0.0050489753484726 0.00397485075518489 0.00408290838822722 0.00395786808803678 0.00396525207906961 0.00398638285696507 0.00416677491739392 0.00583146559074521 0.0025765155442059 0.00423166994005442 0.00696819322183728 0.00818333681672812 0.00629070401191711 0.00544263003394008 0.00607663067057729 0.00707825878635049 0.00711496034637094 0.00431772414594889 0.00314814108423889 0.099922701716423 0.125088036060333 0.00545044802129269 0.00572039792314172 0.00688521238043904 0.0100223766639829 0.0104053458198905 0.013550003990531 0.700190484523773 0.720756113529205 0.669681549072266 0.619061827659607 0.667115330696106 0.504688620567322 0.45182940363884 -3.4e+38 -3.4e+38 -3.4e+38 -3.4e+38 -3.4e+38 -3.4e+38 -3.4e+38 -3.4e+38 -3.4e+38 -3.4e+38
