data/climate_estimation/maxent_output/Colchicum_speciosum.asc
NCOLS 163 
NROWS 41 
XLLCORNER 33.4166666666667 
YLLCORNER 40.5833333333333 
CELLSIZE 0.0833333333333333 
NODATA_value -3.4e+38 
[rows 0 to 21 of 41, columns 100 to 149 of 163]
0.993997097015381 0.967721819877625 0.973781108856201 0.969936370849609 0.970658719539642 0.967115163803101 0.923354923725128 0.939196586608887 0.904882490634918 0.808776676654816 0.702902376651764 0.632137775421143 0.556923985481262 0.516013860702515 0.334585547447205 0.207538112998009 0.147385835647583 0.0982716456055641 0.0655743852257729 0.0538072474300861 0.0427104197442532 0.0341901518404484 0.0296271443367004 0.0237781666219234 0.0217374246567488 0.0203817691653967 0.0184642132371664 0.0173082798719406 0.0158296134322882 0.0127178048714995 0.011064674705267 0.0104246335104108 0.00883562117815018 0.00805634818971157 0.00762260472401977 0.00639781635254622 0.00529784988611937 0.00455924682319164 0.00395737076178193 0.00338830496184528 0.00299114524386823 0.00284320395439863 0.00224395445547998 0.00225805561058223 0.00205968203954399 0.0018111023819074 0.00170729297678918 0.00165346614085138 0.00140656414441764 0.00139565684366971
0.995626449584961 0.984671175479889 0.993557453155518 0.988388240337372 0.985388278961182 0.980842292308807 0.974762558937073 0.964456140995026 0.963249325752258 0.955576241016388 0.903998017311096 0.784384191036224 0.850736618041992 0.817643225193024 0.701266050338745 0.519945323467255 0.306375622749329 0.181790232658386 0.12022702395916 0.0898476541042328 0.0701186805963516 0.049549788236618 0.0406396277248859 0.0324575006961823 0.0291529763489962 0.0247347541153431 0.0238524507731199 0.0220014695078135 0.0173840895295143 0.0164156593382359 0.0149133801460266 0.0131642241030931 0.0115125896409154 0.0100811421871185 0.00891340803354979 0.00765721080824733 0.00668990192934871 0.00588096166029572 0.00448208069428802 0.0041617932729423 0.00375747377984226 0.00321986177004874 0.00279466924257576 0.00253484561108053 0.00234655267558992 0.00208927993662655 0.00195383816026151 0.00183623493649065 0.00162370421458036 0.00158396339975297
0.998196721076965 0.997341573238373 0.995425939559937 0.993224322795868 0.987693190574646 0.977120757102966 0.97942316532135 0.975637316703796 0.977574229240417 0.967862486839294 0.970980167388916 0.969245195388794 0.958986818790436 0.900862634181976 0.830926299095154 0.758496105670929 0.605527520179749 0.334829926490784 0.214430406689644 0.151351675391197 0.103941880166531 0.0709963515400887 0.0534610599279404 0.0415858998894691 0.0330483540892601 0.0312208086252213 0.0272137969732285 0.0242806766182184 0.0214519314467907 0.019903626292944 0.0173393003642559 0.01574014313519 0.0128106269985437 0.0117991743609309 0.0101634161546826 0.00957612786442041 0.00846609752625227 0.00661261705681682 0.00577102368697524 0.00538801355287433 0.00437600910663605 0.00388511223718524 0.00323535781353712 0.00277215265668929 0.00270115211606026 0.00243040942586958 0.00207926123403013 0.00187529437243938 0.00185807351954281 0.00162910576909781
0.998100101947784 0.997757732868195 0.996489107608795 0.996734857559204 0.994313359260559 0.988518118858337 0.978200435638428 0.974371612071991 0.946735322475433 0.978010177612305 0.981219589710236 0.981199622154236 0.978777825832367 0.961119830608368 0.896732747554779 0.747617423534393 0.668545246124268 0.652608335018158 0.430782318115234 0.314807891845703 0.149564683437347 0.102017179131508 0.0737046599388123 0.0555137656629086 0.0454440824687481 0.0374913811683655 0.0321249775588512 0.0280547849833965 0.0265085007995367 0.0234194546937943 0.0216582156717777 0.0186854489147663 0.0158675462007523 0.0157885812222958 0.0129921026527882 0.0126879904419184 0.00980415008962154 0.00830757897347212 0.00683569628745317 0.00619957270100713 0.00523156858980656 0.00431994302198291 0.00338263786397874 0.00326043390668929 0.00286310398951173 0.00262408633716404 0.00230328529141843 0.00200698152184486 0.00190263788681477 0.00183113571256399
0.997761905193329 0.998510777950287 0.997350454330444 0.997225224971771 0.995853185653687 0.995164334774017 0.990237832069397 0.958520233631134 0.91679847240448 0.976308226585388 0.985250055789948 0.981673955917358 0.975688219070435 0.982952952384949 0.984843254089355 0.958166420459747 0.900752484798431 0.816829562187195 0.692133784294128 0.390774786472321 0.301182627677917 0.1602873057127 0.101863771677017 0.071181558072567 0.0576978847384453 0.0473912321031094 0.0409448333084583 0.0389395579695702 0.0401132814586163 0.0405106879770756 0.0330061912536621 0.0314812958240509 0.0276026297360659 0.0240421369671822 0.0238457396626472 0.0229358747601509 0.0195560120046139 0.0150934429839253 0.0127608459442854 0.00984236784279346 0.00617118831723928 0.00514222262427211 0.00405907956883311 0.00357481231912971 0.00290177506394684 0.00262378505431116 0.00253622932359576 0.00227033207193017 0.00205602147616446 0.00217668851837516
0.998500525951385 0.991223037242889 0.993255853652954 0.997027516365051 0.9971604347229 0.997045040130615 0.99523138999939 0.971495389938354 0.908201217651367 0.969702243804932 0.976283371448517 0.934857845306396 0.982411086559296 0.981167256832123 0.989932298660278 0.990340948104858 0.953564524650574 0.880860388278961 0.928085446357727 0.787294030189514 0.474384278059006 0.225871756672859 0.132420033216476 0.102272517979145 0.0774305388331413 0.0705297812819481 0.0595169328153133 0.049745999276638 0.0505838878452778 0.0597988031804562 0.0827832520008087 0.0671375542879105 0.0756810456514359 0.0866581350564957 0.0936076045036316 0.0883670225739479 0.0853927209973335 0.0641545131802559 0.0416186638176441 0.0329096503555775 0.0213623754680157 0.0174645148217678 0.0113994283601642 0.00639699306339025 0.00417827954515815 0.00347767304629087 0.00298868049867451 0.00263990228995681 0.00226703681983054 0.00210783444344997
0.992818057537079 0.826347768306732 0.917355895042419 0.989245355129242 0.99773097038269 0.930208802223206 0.894136786460876 0.739374399185181 0.73727422952652 0.872990131378174 0.831530451774597 0.793297469615936 0.905904829502106 0.987868428230286 0.993882834911346 0.989898324012756 0.991551041603088 0.992047667503357 0.965893745422363 0.953246593475342 0.789807140827179 0.388538300991058 0.282215684652328 0.202702060341835 0.154936239123344 0.113756619393826 0.0880530700087547 0.0758433192968369 0.0722144097089767 0.0708025619387627 0.0871791988611221 0.120750285685062 0.175441905856133 0.23489747941494 0.162136495113373 0.0959339365363121 0.0618604086339474 0.0522588230669498 0.0423591062426567 0.0338652096688747 0.0305196810513735 0.0261522512882948 0.0183392949402332 0.0142744425684214 0.0100865494459867 0.00597593653947115 0.00454952800646424 0.00424399087205529 0.00294847181066871 0.00310670770704746
0.874275147914886 0.832198619842529 0.938157081604004 0.876063227653503 0.855153322219849 0.963271021842957 0.793089687824249 0.743292391300201 0.640545904636383 0.72974306344986 0.728914797306061 0.809444010257721 0.877733647823334 0.994279980659485 0.993466138839722 0.993291974067688 0.995034754276276 0.995457053184509 0.991618692874908 0.977730095386505 0.851695835590363 0.804943323135376 0.673464775085449 0.409968316555023 0.337150484323502 0.237838923931122 0.142170131206512 0.117039613425732 0.0987443551421165 0.0990332141518593 0.157195225358009 0.405483663082123 0.466867804527283 0.440803796052933 0.373376756906509 0.221443489193916 0.207848131656647 0.178285703063011 0.097079835832119 0.0810656994581223 0.0480912290513515 0.0339877121150494 0.02101637609303 0.0136522371321917 0.0108817331492901 0.00694218138232827 0.00464367447420955 0.00380372628569603 0.00367384869605303 0.00356472702696919
0.945190191268921 0.840694069862366 0.907759010791779 0.900822401046753 0.795116066932678 0.881684362888336 0.876026749610901 0.753770172595978 0.772808909416199 0.821000933647156 0.897431015968323 0.970684945583344 0.982876002788544 0.83648693561554 0.812447726726532 0.905402481555939 0.993549644947052 0.988167941570282 0.986441612243652 0.984681725502014 0.93983793258667 0.809293746948242 0.724604547023773 0.690132319927216 0.649573266506195 0.550271332263947 0.376749038696289 0.24983061850071 0.291609346866608 0.256512433290482 0.296911716461182 0.227737680077553 0.245668366551399 0.319097638130188 0.36268213391304 0.350676387548447 0.310413092374802 0.192184895277023 0.112271599471569 0.0613826252520084 0.0384240075945854 0.0256705526262522 0.018567768856883 0.016320800408721 0.0130376564338803 0.00747243734076619 0.00526056252419949 0.00473034521564841 0.00378845841623843 0.00352144753560424
0.931824684143066 0.9548020362854 0.917157232761383 0.854209303855896 0.820652306079865 0.865709125995636 0.903302609920502 0.83384495973587 0.814472496509552 0.842338621616364 0.896066904067993 0.816896796226501 0.838602066040039 0.792562365531921 0.90550309419632 0.973113834857941 0.987452566623688 0.985821783542633 0.99603545665741 0.988649249076843 0.995696902275085 0.946565270423889 0.890949726104736 0.844179093837738 0.763162136077881 0.609311521053314 0.472741574048996 0.41572642326355 0.28358793258667 0.211736589670181 0.196614906191826 0.238108575344086 0.29360368847847 0.366257280111313 0.342979997396469 0.310540348291397 0.29966989159584 0.341024219989777 0.360827326774597 0.195796862244606 0.076953798532486 0.0340085253119469 0.0212503578513861 0.0140721667557955 0.0100282439962029 0.00798369757831097 0.00630052667111158 0.00639862613752484 0.00671107461676002 0.00520186824724078
0.999232769012451 0.999328255653381 0.985968410968781 0.94545042514801 0.906530737876892 0.993363797664642 0.906698882579803 0.976578056812286 0.876289784908295 0.870337605476379 0.920807600021362 0.913145661354065 0.907423734664917 0.865835607051849 0.832589864730835 0.889444172382355 0.93021160364151 0.966302275657654 0.955656111240387 0.985387086868286 0.992097854614258 0.995373487472534 0.995725631713867 0.944232821464539 0.871353685855865 0.876353561878204 0.713859856128693 0.433555036783218 0.335756808519363 0.333483427762985 0.35868176817894 0.395996034145355 0.409555792808533 0.387243628501892 0.359682679176331 0.321843862533569 0.333983361721039 0.506208300590515 0.453465163707733 0.411084949970245 0.325226455926895 0.135451674461365 0.0580197609961033 0.0342356786131859 0.0218958873301744 0.01357826218009 0.0134455608204007 0.0125570809468627 0.0120995761826634 0.0113017205148935
0.99873423576355 0.985602498054504 0.993877470493317 0.973555743694305 0.994791328907013 0.998751640319824 0.995125889778137 0.9980788230896 0.998964965343475 0.999112367630005 0.999017059803009 0.999154508113861 0.998955905437469 0.996028959751129 0.903336405754089 0.809628486633301 0.846266448497772 0.802013337612152 0.975996911525726 0.981544673442841 0.979095995426178 0.958591520786285 0.974579632282257 0.990031480789185 0.973742425441742 0.974075675010681 0.913085699081421 0.828327834606171 0.823885321617126 0.685904383659363 0.675794839859009 0.598200917243958 0.47440779209137 0.444616883993149 0.411401271820068 0.402181357145309 0.452400892972946 0.574956119060516 0.584402680397034 0.533694982528687 0.419377982616425 0.427888661623001 0.386516153812408 0.207231402397156 0.111460298299789 0.0646776556968689 0.0552885420620441 0.0407183580100536 0.0872802063822746 0.0553078353404999
0.962725222110748 0.969421982765198 0.980420231819153 0.999521851539612 0.999714195728302 0.999678909778595 0.998132407665253 0.967632591724396 0.964534640312195 0.953027784824371 0.996161162853241 0.995977461338043 0.980645000934601 0.997393786907196 0.985883712768555 0.964522242546082 0.951984584331512 0.934449732303619 0.982692897319794 0.964770615100861 0.898069858551025 0.926109731197357 0.947846293449402 0.996060132980347 0.99445116519928 0.985464632511139 0.986280083656311 0.981460392475128 0.967272579669952 0.938902974128723 0.929777801036835 0.890986263751984 0.872979998588562 0.800419747829437 0.749052882194519 0.675691545009613 0.654437065124512 0.727613866329193 0.741918802261353 0.71145761013031 0.771864295005798 0.803138136863708 0.811547160148621 0.771417379379272 0.660915434360504 0.261604458093643 0.339359760284424 0.215245977044106 0.212777629494667 0.198360621929169
0.999951064586639 0.996041595935822 0.992598414421082 0.999875545501709 0.985698223114014 0.999387264251709 0.9798983335495 0.923637866973877 0.97688764333725 0.980588614940643 0.96486908197403 0.983268976211548 0.997209906578064 0.998646259307861 0.997845113277435 0.98129278421402 0.997721254825592 0.998075544834137 0.992496430873871 0.977921724319458 0.961492538452148 0.981862664222717 0.988515973091125 0.992751777172089 0.965090990066528 0.984720289707184 0.986985802650452 0.989198446273804 0.981222450733185 0.973583281040192 0.959848999977112 0.947943210601807 0.938252449035645 0.926757276058197 0.879345297813416 0.894004344940186 0.863550245761871 0.875490784645081 0.820689857006073 0.847628891468048 0.837113559246063 0.829541981220245 0.843631446361542 0.832392990589142 0.825731337070465 0.798878967761993 0.58502870798111 0.497710138559341 0.82365345954895 0.82110732793808
0.999963104724884 0.999712228775024 0.999708533287048 0.999923229217529 0.999895215034485 0.967377662658691 0.982421576976776 0.973539590835571 0.985179245471954 0.999506831169128 0.999468684196472 0.99920392036438 0.998965382575989 0.996537208557129 0.999055564403534 0.99896377325058 0.999257862567902 0.998295664787292 0.996552526950836 0.99777489900589 0.998369514942169 0.997770547866821 0.977540493011475 0.920795559883118 0.809731721878052 0.935186386108398 0.98923921585083 0.980285942554474 0.964492321014404 0.955801427364349 0.946595311164856 0.939351379871368 0.904843032360077 0.883349776268005 0.905542075634003 0.888277232646942 0.899872541427612 0.880039811134338 0.854418754577637 0.861727833747864 0.842966854572296 0.823718190193176 0.858371436595917 0.854151725769043 0.843393564224243 0.831705033779144 0.797446608543396 0.817969858646393 0.836251437664032 0.850294530391693
0.908221065998077 0.999963223934174 0.996481478214264 0.885787189006805 0.999687194824219 0.999861717224121 0.999892473220825 0.99845826625824 0.999791085720062 0.989512383937836 0.984682381153107 0.999464750289917 0.997396349906921 0.998941957950592 0.996658802032471 0.998714804649353 0.994930922985077 0.99750679731369 0.991699278354645 0.998501718044281 0.995571136474609 0.9936603307724 0.991929769515991 0.99701189994812 0.954783380031586 0.959990620613098 0.992074429988861 0.965215265750885 0.888551414012909 0.919037342071533 0.822781622409821 0.73815131187439 0.705722749233246 0.754190862178802 0.916850626468658 0.791448295116425 0.818588852882385 0.783525466918945 0.873548269271851 0.752277195453644 0.788003981113434 0.860143423080444 0.84720242023468 0.847970187664032 0.853068292140961 0.839803695678711 0.850533485412598 0.850013732910156 0.848534464836121 0.869744479656219
0.830557823181152 0.799416065216064 0.827756285667419 0.864290416240692 0.836379706859589 0.915585398674011 0.999927163124084 0.999903082847595 0.99986720085144 0.999387323856354 0.999718725681305 0.993955910205841 0.956826746463776 0.986256003379822 0.990028083324432 0.994871854782104 0.986428618431091 0.965591013431549 0.902187824249268 0.951741576194763 0.916665077209473 0.918989062309265 0.997999727725983 0.987212240695953 0.983231902122498 0.982870757579803 0.981427431106567 0.984413921833038 0.96926212310791 0.919209599494934 0.923186659812927 0.93224310874939 0.904860854148865 0.890506029129028 0.932969808578491 0.816439986228943 0.777420520782471 0.840623676776886 0.855020403862 0.797606587409973 0.864692389965057 0.835884511470795 0.75514554977417 0.763223826885223 0.858316600322723 0.781084299087524 0.870899617671967 0.863915920257568 0.87421977519989 0.876117408275604
0.758844971656799 0.790067970752716 0.837456703186035 0.82427567243576 0.799913167953491 0.798718988895416 0.839358925819397 0.999133825302124 0.999916732311249 0.999878764152527 0.999678671360016 0.998573124408722 0.969954073429108 0.952588021755219 0.891282796859741 0.90632563829422 0.90986704826355 0.87766432762146 0.87621659040451 0.901101768016815 0.911224782466888 0.903681635856628 0.975642502307892 0.997157871723175 0.995827198028564 0.986987471580505 0.965750873088837 0.990787267684937 0.990269541740417 0.98407769203186 0.936775863170624 0.873804986476898 0.936577796936035 0.923773407936096 0.90669310092926 0.910494029521942 0.843584656715393 0.898517847061157 0.915376901626587 0.861529648303986 0.859091520309448 0.859801471233368 0.704711437225342 0.780028820037842 0.815553367137909 0.701282978057861 0.730485081672668 0.813336789608002 0.824585139751434 0.807656049728394
0.703374326229095 0.749953389167786 0.801894664764404 0.744369208812714 0.748105227947235 0.758701026439667 0.781388998031616 0.79850035905838 0.998510181903839 0.996528744697571 0.994926333427429 0.994488716125488 0.961828589439392 0.977103114128113 0.98471587896347 0.976419389247894 0.929781377315521 0.945769369602203 0.975466668605804 0.974676907062531 0.982563138008118 0.988845467567444 0.99388587474823 0.997305691242218 0.998140633106232 0.99773895740509 0.997303485870361 0.996650516986847 0.9885373711586 0.956108450889587 0.958153545856476 0.95087331533432 0.969033122062683 0.969197988510132 0.949031293392181 0.952821731567383 0.933517217636108 0.925605237483978 0.927631080150604 0.90122389793396 0.865857541561127 0.841985523700714 0.785416901111603 0.799853384494781 0.850597500801086 0.859749495983124 0.813833713531494 0.761753797531128 0.732828855514526 0.842437028884888
0.653448045253754 0.730795860290527 0.714788138866425 0.716459393501282 0.722281634807587 0.715720415115356 0.678177654743195 0.657399296760559 0.657992422580719 0.618584990501404 0.718237280845642 0.748046159744263 0.759281575679779 0.519095301628113 0.939725637435913 0.943387925624847 0.946930825710297 0.918229460716248 0.72183746099472 0.590879797935486 0.669250130653381 0.775046527385712 0.746877789497375 0.932378232479095 0.99534797668457 0.959949731826782 0.970267117023468 0.998053252696991 0.994097650051117 0.988537490367889 0.988824248313904 0.97902512550354 0.979831755161285 0.974116563796997 0.96211564540863 0.957428693771362 0.953144907951355 0.943516314029694 0.945321977138519 0.917987465858459 0.923570930957794 0.887198805809021 0.876703441143036 0.86055999994278 0.855065941810608 0.894935429096222 0.921878814697266 0.899966716766357 0.873673856258392 0.914793074131012
0.585355460643768 0.627440690994263 0.639969766139984 0.674676954746246 0.684067666530609 0.627814590930939 0.603821992874146 0.584572970867157 0.564633846282959 0.517417371273041 0.506805896759033 0.562352299690247 0.62922865152359 0.542293608188629 0.503377079963684 0.352326095104218 0.282420188188553 0.527303099632263 0.423159122467041 0.385110914707184 0.369563519954681 0.630436837673187 0.84908264875412 0.916735768318176 0.827915728092194 0.932684421539307 0.836042404174805 0.942757308483124 0.990381717681885 0.995742678642273 0.993070602416992 0.988109290599823 0.982315838336945 0.979448735713959 0.97106659412384 0.962849080562592 0.966457664966583 0.956227421760559 0.944387137889862 0.947925806045532 0.950530052185059 0.94775527715683 0.939192473888397 0.910127639770508 0.851425409317017 0.877122759819031 0.871076166629791 0.8526691198349 0.886015474796295 0.881569921970367
0.525110721588135 0.558835446834564 0.55730801820755 0.566324293613434 0.579899966716766 0.560778975486755 0.568656086921692 0.53713846206665 0.516201019287109 0.477909237146378 0.448548704385757 0.421586364507675 0.409289836883545 0.259715855121613 0.233269840478897 0.254223436117172 0.383383810520172 0.189180210232735 0.444817930459976 0.504565000534058 0.588797092437744 0.582334876060486 0.703286409378052 0.633330702781677 0.572526752948761 0.615009546279907 0.523808658123016 0.557982742786407 0.92716258764267 0.990561902523041 0.994234144687653 0.991121590137482 0.989957690238953 0.985976338386536 0.978846907615662 0.978348970413208 0.97272926568985 0.966538310050964 0.967269957065582 0.963004589080811 0.963800370693207 0.959136247634888 0.861254811286926 0.952949345111847 0.956959903240204 0.922613620758057 0.877575516700745 0.890436172485352 0.925403773784637 0.931134819984436
