data/climate_estimation/maxent_output/Colchicum_tuviae.asc
NCOLS 13 
NROWS 34 
XLLCORNER 34.5833333333333 
YLLCORNER 30.5 
CELLSIZE 0.0833333333333335 
NODATA_value -3.4e+38 
-339999999999999996123846586046231871488.000000000000000 -3.4e+38 -3.4e+38 -3.4e+38 -3.4e+38 -3.4e+38 -3.4e+38 0.934803783893585 0.948182642459869 0.967593431472778 0.985251605510712 0.987576007843018 0.980774164199829
-3.4e+38 -3.4e+38 -3.4e+38 -3.4e+38 -3.4e+38 -3.4e+38 -3.4e+38 0.942388951778412 0.95158588886261 0.98227846622467 0.9857257604599 0.982957541942596 0.819733858108521
-3.4e+38 -3.4e+38 -3.4e+38 -3.4e+38 -3.4e+38 -3.4e+38 0.921176135540009 0.93047833442688 0.980535984039307 0.983673334121704 0.97815728187561 0.978405714035034 0.755790233612061
-3.4e+38 -3.4e+38 -3.4e+38 -3.4e+38 -3.4e+38 -3.4e+38 0.931360065937042 0.958986222743988 0.989767611026764 0.979069769382477 0.973909974098206 0.95074474811554 0.732745945453644
-3.4e+38 -3.4e+38 -3.4e+38 -3.4e+38 -3.4e+38 0.955950617790222 0.961665272712708 0.982549726963043 0.99610710144043 0.988158822059631 0.983831644058228 0.953047335147858 0.616179645061493
-3.4e+38 -3.4e+38 -3.4e+38 -3.4e+38 -3.4e+38 0.985794126987457 0.98368638753891 0.989833116531372 0.996591985225677 0.973645210266113 0.746436297893524 0.526945471763611 0.352950751781464
-3.4e+38 -3.4e+38 -3.4e+38 -3.4e+38 0.99123615026474 0.994364857673645 0.99430525302887 0.997578203678131 0.99540787935257 0.964591979980469 0.714025497436523 0.436862856149673 0.292346984148026
-3.4e+38 -3.4e+38 -3.4e+38 -3.4e+38 0.994527637958527 0.993130147457123 0.998310744762421 0.997537076473236 0.997479498386383 0.970678687095642 0.797373831272125 0.441124826669693 0.354071259498596
-3.4e+38 -3.4e+38 -3.4e+38 -3.4e+38 0.995528876781464 0.996183097362518 0.999051332473755 0.993720173835754 0.971206903457642 0.938875675201416 0.738702118396759 0.451486885547638 0.312823474407196
-339999999999999996123846586046231871488.000000000000000 -3.4e+38 -3.4e+38 0.98076593875885 0.991300582885742 0.996085226535797 0.998465418815613 0.997322916984558 0.957914710044861 0.908071041107178 0.598271131515503 0.310327857732773 0.324672877788544
-3.4e+38 -3.4e+38 -3.4e+38 0.980265200138092 0.982654690742493 0.989194691181183 0.997818470001221 0.998193860054016 0.98669159412384 0.981169641017914 0.592264652252197 0.193127110600471 0.400549620389938
-3.4e+38 -3.4e+38 -3.4e+38 0.961697161197662 0.97301572561264 0.984885931015015 0.996566116809845 0.998272478580475 0.994989514350891 0.988233745098114 0.658164501190186 0.137704998254776 0.563548862934113
-3.4e+38 -3.4e+38 0.954354465007782 0.953496873378754 0.961231589317322 0.978232085704803 0.994009435176849 0.996778666973114 0.993817031383514 0.964555025100708 0.658207654953003 0.192502781748772 0.458400547504425
-3.4e+38 -3.4e+38 0.958757698535919 0.956365346908569 0.965928018093109 0.98465496301651 0.995018780231476 0.994639873504639 0.990213692188263 0.977233052253723 0.400608897209167 0.142057970166206 0.117398135364056
-3.4e+38 -3.4e+38 0.954099595546722 0.955168843269348 0.962137162685394 0.980477809906006 0.993414759635925 0.992847383022308 0.988870680332184 0.977218866348267 0.282099038362503 0.0664658024907112 0.159560054540634
-3.4e+38 0.94214528799057 0.943718194961548 0.944771707057953 0.963646531105042 0.98551732301712 0.994331121444702 0.989521265029907 0.980867624282837 0.966579794883728 0.112857230007648 0.0578441433608532 0.177647560834885
-3.4e+38 0.926511168479919 0.93384063243866 0.935049295425415 0.965407133102417 0.981871128082275 0.991918861865997 0.97863644361496 0.974527716636658 0.859990060329437 0.113893054425716 0.0626460760831833 0.19189441204071
0.91436904668808 0.939066529273987 0.931825757026672 0.951831698417664 0.966824412345886 0.980103611946106 0.988553881645203 0.973095595836639 0.980183899402618 0.624391436576843 0.129644989967346 0.0700735971331596 0.0676106810569763
0.921219885349274 0.920177698135376 0.935922682285309 0.946118593215942 0.959357798099518 0.983316898345947 0.986987113952637 0.977404296398163 0.967919826507568 0.552000164985657 0.118656285107136 0.0539650917053223 0.0784762725234032
0.925353229045868 0.938103079795837 0.943602025508881 0.960234522819519 0.959623038768768 0.979073941707611 0.980933666229248 0.972982704639435 0.951383650302887 0.461063623428345 0.106917254626751 0.0328028500080109 0.291322290897369
0.892496764659882 0.933581590652466 0.931171774864197 0.950172960758209 0.966833174228668 0.972753047943115 0.968334496021271 0.967771232128143 0.890917062759399 0.458061456680298 0.0485971830785275 0.0320149548351765 0.636447668075562
0.904928863048553 0.927605330944061 0.946997284889221 0.951657116413116 0.966374695301056 0.964923501014709 0.964222073554993 0.970996975898743 0.866608738899231 0.380654871463776 0.0357110761106014 0.0363250263035297 0.853170990943909
0.914873838424683 0.915178596973419 0.949385344982147 0.962722420692444 0.958035826683044 0.974946737289429 0.968099057674408 0.96981555223465 0.837784349918365 0.317983835935593 0.0262994579970837 0.0155598660930991 0.300432503223419
0.909642338752747 0.927010059356689 0.956344127655029 0.9506556391716 0.969112813472748 0.964735329151154 0.968028903007507 0.975727379322052 0.791307270526886 0.0649027749896049 0.020358681678772 0.0443222746253014 0.894551575183868
0.897123634815216 0.923936784267426 0.95729660987854 0.937201321125031 0.946204841136932 0.973708629608154 0.96990704536438 0.951625466346741 0.711038529872894 0.054776418954134 0.0119885746389627 0.0237839967012405 0.72875565290451
0.9355708360672 0.927581429481506 0.930992543697357 0.934001624584198 0.931554019451141 0.940527260303497 0.97178328037262 0.925540685653687 0.55592668056488 0.0231950525194407 0.00993743445724249 0.0308517087250948 0.938494324684143
0.896858990192413 0.909826636314392 0.953607022762299 0.939257621765137 0.96504157781601 0.966150104999542 0.921268582344055 0.673072218894958 0.346205562353134 0.0132874678820372 0.00499722547829151 0.0453508980572224 0.938314974308014
0.945880353450775 0.8785280585289 0.954458713531494 0.930020213127136 0.964712619781494 0.975862741470337 0.880834817886353 0.819222033023834 0.17553585767746 0.0094167971983552 0.0075335712172091 0.354408353567123 0.959627211093903
0.856030821800232 0.893286049365997 0.931748867034912 0.944336712360382 0.956534624099731 0.818484425544739 0.861198365688324 0.216031596064568 0.0267226807773113 0.0096380952745676 0.00779223535209894 0.747890412807465 0.926050007343292
0.806050717830658 0.950415432453156 0.956149458885193 0.950844645500183 0.814616560935974 0.586747825145721 0.137317016720772 0.0468007661402225 0.0131387449800968 0.0124998483806849 0.0261304210871458 0.829299092292786 0.948668241500854
0.834343671798706 0.923874735832214 0.964084625244141 0.663223505020142 0.384895890951157 0.266757041215897 0.0966955870389938 0.0228813253343105 0.00849547516554594 0.0159508939832449 0.0460468530654907 0.94445812702179 0.930029213428497
0.797582805156708 0.949145257472992 0.967780888080597 0.956696748733521 0.862922132015228 0.521611452102661 0.0579798929393291 0.0195413324981928 0.0155031960457563 0.0097477100789547 0.0611197203397751 0.936758577823639 0.875760972499847
0.90963214635849 0.945640504360199 0.973512709140778 0.693824648857117 0.4066501557827 0.194148167967796 0.0592350959777832 0.0112557811662555 0.0130550805479288 0.0120266666635871 0.0381075665354729 0.740211367607117 0.896321296691895
0.93995326757431 0.933229446411133 0.694988548755646 0.606764197349548 0.323333323001862 0.141975447535515 0.0301398988813162 0.0172551870346069 0.0176005288958549 0.00978762377053499 0.434846788644791 0.911142468452454 0.913245677947998
