data/climate_estimation/maxent_output/Colchicum_triphyllum.asc
NCOLS 542 
NROWS 123 
XLLCORNER -6.33333333333333 
YLLCORNER 34.9166666666667 
CELLSIZE 0.0833333333333333 
NODATA_value -3.4e+38 
[rows 22 to 43 of 123, columns 343 to 391 of 542]
0.238625600934029 0.269681006669998 0.283092647790909 0.267409414052963 0.189715638756752 0.0854985415935516 0.0557591021060944 0.120742909610271 0.179316461086273 0.158390790224075 0.141950890421867 0.113821685314178 0.0940190851688385 0.0854167863726616 0.0790318250656128 0.0641500800848007 0.0666669011116028 0.0639023408293724 0.0613440684974194 0.0618500560522079 0.0648530349135399 0.0696118101477623 0.0740602314472198 0.0686970204114914 0.0607995465397835 0.0690240934491158 0.0677743852138519 0.0615226179361343 0.0634808391332626 0.067459724843502 0.0678533017635345 0.0624105930328369 0.070652462542057 0.071965716779232 0.07496477663517 0.0763362869620323 0.0778236091136932 0.0829852074384689 0.0862632393836975 0.0817123353481293 0.0886977091431618 0.100765317678452 0.10421185195446 0.100822016596794 0.111676953732967 0.113745279610157 0.117846414446831 0.130045890808105 0.149797543883324
0.266678541898727 0.277847409248352 0.276045948266983 0.255373418331146 0.274255216121674 0.200638934969902 0.136945694684982 0.0954009592533112 0.0831953510642052 0.09335907548666 0.167417198419571 0.133658483624458 0.110530503094196 0.0991968810558319 0.108353964984417 0.0779285952448845 0.0748729407787323 0.0777226313948631 0.0728338360786438 0.0707962512969971 0.0675595700740814 0.0764947831630707 0.0735936686396599 0.0696686431765556 0.0716792196035385 0.0691253915429115 0.0650381967425346 0.0691537484526634 0.0683837607502937 0.0667500197887421 0.0736623853445053 0.0731942057609558 0.0637128204107285 0.0686530768871307 0.0699327141046524 0.0783333033323288 0.0815343633294106 0.0847584828734398 0.0912104770541191 0.0875685140490532 0.103780724108219 0.108332313597202 0.109786406159401 0.117345720529556 0.115021370351315 0.122076719999313 0.122074030339718 0.13581845164299 0.141227751970291
0.169649064540863 0.35301885008812 0.319569677114487 0.270578473806381 0.289398163557053 0.272547721862793 0.206589847803116 0.183610931038857 0.144469052553177 0.0915323197841644 0.0996300056576729 0.0932888835668564 0.120719365775585 0.131695419549942 0.111418455839157 0.104904696345329 0.088581807911396 0.0727628618478775 0.0743662044405937 0.0783728882670403 0.0752610340714455 0.0799885019659996 0.0803679525852203 0.0718473717570305 0.0731187537312508 0.0703627392649651 0.0773674920201302 0.0766497552394867 0.0765818431973457 0.0745074078440666 0.0727831050753593 0.0755752325057983 0.0793468877673149 0.0701867640018463 0.0814521908760071 0.0766770765185356 0.0785400047898293 0.0841779857873917 0.0936025381088257 0.0965518280863762 0.0971355214715004 0.107171550393105 0.106385946273804 0.11471825838089 0.124714188277721 0.122074030339718 0.123531050980091 0.133884459733963 0.134614408016205
0.351983726024628 0.348987400531769 0.368140637874603 0.271888703107834 0.340459585189819 0.337457567453384 0.348750591278076 0.302524536848068 0.260814726352692 0.162304371595383 0.132840692996979 0.118807949125767 0.117753595113754 0.169530496001244 0.136688083410263 0.132719501852989 0.128272548317909 0.102244205772877 0.0856977701187134 0.0888833627104759 0.0944407731294632 0.0938724204897881 0.0802843198180199 0.0851820930838585 0.0828885585069656 0.0813453793525696 0.0828582793474197 0.0834817439317703 0.0770733281970024 0.08116714656353 0.0748421773314476 0.0772871375083923 0.0793730095028877 0.0842685550451279 0.081648975610733 0.0852919369935989 0.080502986907959 0.0871391221880913 0.0977151766419411 0.0928411111235619 0.103018738329411 0.100491285324097 0.1099783629179 0.121289007365704 0.127632230520248 0.123217687010765 0.132967323064804 0.134501844644547 0.150944948196411
0.358557343482971 0.390572547912598 0.329997628927231 0.304712861776352 0.358935534954071 0.353505432605743 0.357527136802673 0.331966191530228 0.303648769855499 0.260814726352692 0.218066647648811 0.180048629641533 0.172279819846153 0.18791002035141 0.12880927324295 0.118429377675056 0.148633867502213 0.104816325008869 0.0994440391659737 0.0996555462479591 0.103392004966736 0.0928385183215141 0.10366240888834 0.10366240888834 0.115958109498024 0.10421297699213 0.103393562138081 0.0896654725074768 0.0905637368559837 0.0858020335435867 0.0887487009167671 0.0936131104826927 0.086291529238224 0.0856058225035667 0.0911066085100174 0.0896697714924812 0.0911633297801018 0.089400626718998 0.0984527319669724 0.0925168916583061 0.108803279697895 0.110108725726604 0.11554291844368 0.121738195419312 0.12089628726244 0.123653389513493 0.136451527476311 0.137480065226555 0.145919024944305
0.219212934374809 0.293752461671829 0.286726862192154 0.211305007338524 0.299627840518951 0.325682133436203 0.378945410251617 0.34082368016243 0.333465218544006 0.309115499258041 0.275060027837753 0.276766926050186 0.22067603468895 0.23377226293087 0.190990537405014 0.162578165531158 0.144152581691742 0.170820757746696 0.133964985609055 0.14405357837677 0.136901527643204 0.11895314604044 0.136349827051163 0.123776011168957 0.117651499807835 0.116724953055382 0.0876587405800819 0.10731565207243 0.106625363230705 0.108148396015167 0.0905722752213478 0.10133708268404 0.111794359982014 0.10133708268404 0.0940849781036377 0.100329145789146 0.0961349457502365 0.10937774181366 0.105981811881065 0.103656202554703 0.111448861658573 0.119116745889187 0.118430636823177 0.118692241609097 0.118702746927738 0.153137147426605 0.138066485524178 0.144804254174232 0.164842858910561
0.185997694730759 0.175364106893539 0.383156180381775 0.42572957277298 0.430473268032074 0.325382888317108 0.341081291437149 0.34045022726059 0.334072589874268 0.347089618444443 0.316053211688995 0.294730514287949 0.288006514310837 0.268246918916702 0.239569142460823 0.216579362750053 0.162437036633492 0.156499236822128 0.155615076422691 0.137457802891731 0.150721743702888 0.144705981016159 0.108395665884018 0.109954312443733 0.0922335013747215 0.104524798691273 0.0873470306396484 0.0891498327255249 0.0830821394920349 0.0947560966014862 0.103122308850288 0.107710584998131 0.114446900784969 0.106150805950165 0.0980413779616356 0.101094469428062 0.117286428809166 0.137015342712402 0.118723437190056 0.13619039952755 0.126826077699661 0.137876927852631 0.146428942680359 0.132386147975922 0.119146414101124 0.131220281124115 0.150590926408768 0.148637965321541 0.15103006362915
0.211927384138107 0.228084042668343 0.203587368130684 0.295549482107162 0.29881826043129 0.30812019109726 0.393801122903824 0.398739546537399 0.378414869308472 0.320492774248123 0.337837129831314 0.344542682170868 0.309264361858368 0.309271723031998 0.270423650741577 0.245225131511688 0.229311615228653 0.205263584852219 0.205405950546265 0.184701308608055 0.177620589733124 0.152487933635712 0.166187018156052 0.17371466755867 0.138132780790329 0.1107077896595 0.124451622366905 0.12428966909647 0.128991365432739 0.0930633172392845 0.0728747546672821 0.0462780222296715 0.0568012371659279 0.0708074644207954 0.0782690197229385 0.115074872970581 0.135297521948814 0.137777417898178 0.10030684620142 0.114752508699894 0.152173489332199 0.139479085803032 0.162691652774811 0.146277338266373 0.162516877055168 0.137300997972488 0.14208573102951 0.157604709267616 0.168049544095993
0.18264976143837 0.216700449585915 0.205183908343315 0.336851090192795 0.406140744686127 0.426912069320679 0.440827488899231 0.381042301654816 0.362763404846191 0.365986764431 0.302008092403412 0.233289077877998 0.244528546929359 0.364840567111969 0.337131798267365 0.282055616378784 0.247014775872231 0.228471130132675 0.205023482441902 0.195910274982452 0.188843265175819 0.15489387512207 0.184793412685394 0.151731222867966 0.120816685259342 0.124722585082054 0.1176448315382 0.143574416637421 0.153055176138878 0.138483792543411 0.142861038446426 0.136999443173409 0.132982566952705 0.135832041501999 0.12720200419426 0.127327010035515 0.126728549599648 0.135823920369148 0.128453403711319 0.141021937131882 0.133002519607544 0.150596395134926 0.174442321062088 0.183013096451759 0.194151893258095 0.191369980573654 0.209889337420464 0.223368301987648 0.235676869750023
0.205833554267883 0.256114184856415 0.313338875770569 0.397197157144547 0.456709325313568 0.441915899515152 0.430235356092453 0.412708222866058 0.360445022583008 0.345315188169479 0.32842344045639 0.220450326800346 0.12629471719265 0.245731756091118 0.262945234775543 0.238318383693695 0.244795218110085 0.244418233633041 0.243639260530472 0.215132609009743 0.218479201197624 0.216544955968857 0.219362869858742 0.206297144293785 0.20073464512825 0.201790496706963 0.171616718173027 0.197520345449448 0.167989358305931 0.161244690418243 0.17670513689518 0.173037469387054 0.15143795311451 0.158020004630089 0.155039489269257 0.140516847372055 0.131588026881218 0.152162253856659 0.170465916395187 0.169814676046371 0.180266618728638 0.170860692858696 0.176093459129333 0.187603309750557 0.215680524706841 0.217203408479691 0.232658520340919 0.232266291975975 0.271735459566116
0.246133387088776 0.274634569883347 0.457161605358124 0.516098499298096 0.450366675853729 0.442763209342957 0.440298736095428 0.391648977994919 0.349099487066269 0.328099459409714 0.354088217020035 0.31641960144043 0.294733941555023 0.287601202726364 0.263268053531647 0.317939728498459 0.312223494052887 0.304423451423645 0.239471718668938 0.27209147810936 0.235390350222588 0.229629531502724 0.205161094665527 0.1913942694664 0.190893799066544 0.17692930996418 0.191672787070274 0.1894850730896 0.185970231890678 0.176801174879074 0.182939305901527 0.184906080365181 0.162807211279869 0.144847840070724 0.140921548008919 0.136630028486252 0.149257332086563 0.17027074098587 0.187391668558121 0.185243025422096 0.20434382557869 0.203637897968292 0.240047588944435 0.227525889873505 0.261784315109253 0.270830094814301 0.265190452337265 0.282453805208206 0.284700125455856
0.223591566085815 0.312243491411209 0.397535264492035 0.451564401388168 0.437835872173309 0.382949948310852 0.429007440805435 0.401919692754745 0.428054064512253 0.37466561794281 0.354488581418991 0.389586538076401 0.336336702108383 0.358528107404709 0.344192117452621 0.353941351175308 0.315888464450836 0.362413436174393 0.296998858451843 0.32020229101181 0.292111486196518 0.207709208130836 0.196388527750969 0.238178759813309 0.196576371788979 0.191833361983299 0.19889871776104 0.191747680306435 0.209875658154488 0.204793900251389 0.198427453637123 0.181299552321434 0.176875859498978 0.196944460272789 0.192169457674026 0.198971271514893 0.20076996088028 0.204421833157539 0.217771500349045 0.224786043167114 0.246281430125237 0.248387962579727 0.279983162879944 0.282403916120529 0.280103772878647 0.29522117972374 0.298531293869019 0.305941253900528 0.313940197229385
0.41047927737236 0.409234702587128 0.511745393276215 0.477303624153137 0.455749988555908 0.347552239894867 0.33494758605957 0.3320452272892 0.343609035015106 0.304955691099167 0.293901711702347 0.357831090688705 0.385899543762207 0.272887766361237 0.288680970668793 0.31701934337616 0.300756007432938 0.36093208193779 0.345285475254059 0.262041568756104 0.314860045909882 0.23228257894516 0.200230181217194 0.186855748295784 0.200113698840141 0.200239762663841 0.212076872587204 0.203244984149933 0.222316458821297 0.220827579498291 0.216649368405342 0.197724968194962 0.205828607082367 0.216217145323753 0.228381410241127 0.216406241059303 0.242477774620056 0.228660851716995 0.241374224424362 0.258492588996887 0.274791777133942 0.276352405548096 0.279646456241608 0.308252483606339 0.311465978622437 0.336887061595917 0.346326529979706 0.327885389328003 0.340540200471878
0.496068507432938 0.503439009189606 0.376282662153244 0.250477254390717 0.295449435710907 0.540058135986328 0.387635856866837 0.359953224658966 0.417810529470444 0.302427738904953 0.467246979475021 0.206520721316338 0.064021423459053 0.177400603890419 0.164033472537994 0.152678355574608 0.082983173429966 0.113851428031921 0.171056985855103 0.325156718492508 0.305381834506989 0.245437383651733 0.208385452628136 0.217307910323143 0.210644066333771 0.223931908607483 0.235820323228836 0.224122181534767 0.21880966424942 0.244866549968719 0.238540157675743 0.24688757956028 0.254667818546295 0.260601788759232 0.258741647005081 0.279846966266632 0.264489740133286 0.283339440822601 0.306818783283234 0.30338329076767 0.317220389842987 0.318857848644257 0.311663776636124 0.353461802005768 0.358106732368469 0.363001614809036 0.368897795677185 0.354800224304199 0.366495907306671
0.384258210659027 0.278492569923401 0.239032223820686 0.286428272724152 0.351036727428436 0.482284188270569 0.501618027687073 0.48262083530426 0.419656932353973 0.29371052980423 0.411649882793427 0.374507278203964 0.266069918870926 0.20980267226696 0.0596703924238682 0.0543304271996021 0.0912443324923515 0.176862195134163 0.181831732392311 0.222253054380417 0.30067652463913 0.360950618982315 0.396862030029297 0.246929049491882 0.237118676304817 0.236984640359879 0.259492993354797 0.250800490379333 0.252126783132553 0.245097562670708 0.271644443273544 0.272640287876129 0.286458253860474 0.275264859199524 0.308980882167816 0.303685545921326 0.305797219276428 0.321207702159882 0.341088265180588 0.339139461517334 0.33614844083786 0.353102624416351 0.361240148544312 0.380653619766235 0.372400492429733 0.393142372369766 0.391645073890686 0.416065961122513 0.412964314222336
0.504781246185303 0.411438941955566 0.540377736091614 0.527083158493042 0.49604931473732 0.502592504024506 0.521849095821381 0.526823103427887 0.439633756875992 0.309892326593399 0.398081958293915 0.520606577396393 0.327340215444565 0.17778491973877 0.146996542811394 0.25424513220787 0.349295347929001 0.395390748977661 0.304937481880188 0.344531327486038 0.442113369703293 0.418143391609192 0.439588189125061 0.347672045230865 0.335395157337189 0.292139917612076 0.28944656252861 0.280573397874832 0.277536392211914 0.28461292386055 0.28966623544693 0.307955145835876 0.309471189975739 0.331749588251114 0.330888420343399 0.337598770856857 0.364045441150665 0.372323244810104 0.363140404224396 0.391187012195587 0.41102933883667 0.415354371070862 0.409127414226532 0.440184861421585 0.442797511816025 0.414417147636414 0.405447393655777 0.422695726156235 0.430129498243332
0.402234345674515 0.415051281452179 0.38627415895462 0.41923463344574 0.428117007017136 0.494726598262787 0.435508221387863 0.587240755558014 0.457684725522995 0.360374093055725 0.366550177335739 0.521411538124084 0.483709096908569 0.248571947216988 0.474133610725403 0.545271813869476 0.475702673196793 0.341951668262482 0.321034878492355 0.381719201803207 0.410725235939026 0.366023331880569 0.376353949308395 0.397158652544022 0.273229241371155 0.30595389008522 0.429246157407761 0.239862635731697 0.21811605989933 0.2407416254282 0.357269257307053 0.354031950235367 0.348279356956482 0.381044954061508 0.389277666807175 0.370551884174347 0.375465363264084 0.392864853143692 0.400803714990616 0.446772962808609 0.460154294967651 0.466002106666565 0.468045622110367 0.498444139957428 0.48714679479599 0.479917287826538 0.480542987585068 0.454453647136688 0.448464930057526
0.253443121910095 0.24526634812355 0.310559332370758 0.352837771177292 0.428239762783051 0.582020223140717 0.522054612636566 0.564416646957397 0.587700247764587 0.474362105131149 0.351619452238083 0.521671235561371 0.368833750486374 0.470537036657333 0.550553262233734 0.534219026565552 0.545828104019165 0.401024997234344 0.319419920444489 0.33369642496109 0.251898318529129 0.20550736784935 0.220679476857185 0.22938971221447 0.190171092748642 0.376374989748001 0.47562700510025 0.212479993700981 0.280579924583435 0.398432195186615 0.395172774791718 0.314591854810715 0.397074431180954 0.401174336671829 0.413513362407684 0.406937897205353 0.417034775018692 0.451629012823105 0.492996037006378 0.480835378170013 0.505633652210236 0.536680817604065 0.512293457984924 0.541030645370483 0.517430305480957 0.556183338165283 0.535483181476593 0.528999030590057 0.528901219367981
0.27947273850441 0.495389223098755 0.476701378822327 0.441666752099991 0.580785751342773 0.543329477310181 0.582770764827728 0.609022557735443 0.422912687063217 0.56721168756485 0.489711046218872 0.453336238861084 0.382011651992798 0.129469677805901 0.328086584806442 0.469351023435593 0.598544359207153 0.515306174755096 0.340579122304916 0.336158633232117 0.328633487224579 0.261583417654037 0.272450983524323 0.281636118888855 0.300543218851089 0.39202031493187 0.459689259529114 0.196748152375221 0.264200687408447 0.306609988212585 0.300809323787689 0.342943906784058 0.29507777094841 0.382527112960815 0.462908565998077 0.471804767847061 0.493446886539459 0.516693830490112 0.517190217971802 0.564343392848969 0.556523323059082 0.551202356815338 0.591326534748077 0.598685741424561 0.57588118314743 0.578803420066833 0.599739015102386 0.58167552947998 0.553168952465057
0.371694445610046 0.44621005654335 0.504475653171539 0.59054434299469 0.587469458580017 0.591466784477234 0.551877915859222 0.573945641517639 0.481242448091507 0.501115083694458 0.417840868234634 0.398679405450821 0.572603702545166 0.267407417297363 0.0767163038253784 0.222240701317787 0.572770297527313 0.576563656330109 0.493536978960037 0.389308452606201 0.365299344062805 0.408614337444305 0.375708401203156 0.31851789355278 0.42241558432579 0.468995451927185 0.423502594232559 0.335040688514709 0.224487587809563 0.266260504722595 0.199304267764091 0.191403314471245 0.28771123290062 0.505434513092041 0.528710603713989 0.556233704090118 0.54049813747406 0.586096107959747 0.589780449867249 0.624393284320831 0.630644738674164 0.606742262840271 0.626382350921631 0.64121675491333 0.652216672897339 0.620664715766907 0.621719717979431 0.639813840389252 0.590319633483887
0.282494127750397 0.317942023277283 0.303645670413971 0.317344784736633 0.500660538673401 0.521900475025177 0.62213134765625 0.617880940437317 0.574351191520691 0.629436135292053 0.459844648838043 0.364663064479828 0.490018963813782 0.596182882785797 0.305317372083664 0.334861904382706 0.523750603199005 0.508457243442535 0.559543311595917 0.575109720230103 0.573259353637695 0.500772058963776 0.461155295372009 0.447086155414581 0.411462247371674 0.429664462804794 0.278853118419647 0.215486347675323 0.24696584045887 0.30170863866806 0.37252876162529 0.375563472509384 0.47101029753685 0.556465446949005 0.605810344219208 0.611029267311096 0.635574996471405 0.680244922637939 0.674711525440216 0.666529178619385 0.691497087478638 0.690535604953766 0.696227192878723 0.690080344676971 0.709175944328308 0.672674059867859 0.668347358703613 0.673883855342865 0.645385205745697
0.339266061782837 0.285676509141922 0.362345546483994 0.314529716968536 0.28893780708313 0.391951113939285 0.613805592060089 0.551803827285767 0.651530086994171 0.610108196735382 0.553437530994415 0.41093647480011 0.394115000963211 0.483229517936707 0.580033481121063 0.662873923778534 0.437748640775681 0.659820973873138 0.532108128070831 0.513027667999268 0.617916822433472 0.629854083061218 0.518521070480347 0.419477730989456 0.360735952854156 0.385795593261719 0.331021547317505 0.291615664958954 0.388459861278534 0.4968581199646 0.573013126850128 0.649525284767151 0.629318296909332 0.686319231987 0.681994497776031 0.695406854152679 0.71266382932663 0.737927854061127 0.749915182590485 0.769433200359344 0.779729545116425 0.757232248783112 0.71245151758194 0.658155560493469 0.659326612949371 0.673411786556244 0.654178500175476 0.667020261287689 0.628341019153595
