data/climate_estimation/maxent_output/Colchicum_umbrosum.asc
NCOLS 176 
NROWS 41 
XLLCORNER 33.3333333333333 
YLLCORNER 41.5833333333333 
CELLSIZE 0.0833333333333333 
NODATA_value -3.4e+38 
[rows 0 to 21 of 41, columns 51 to 101 of 176]
0.964905202388763 0.96820056438446 0.978561282157898 0.971832394599915 0.955724895000458 0.944111287593842 0.943168938159943 0.949627339839935 0.946128487586975 0.934453666210175 0.951137900352478 0.905781745910645 0.878179788589478 0.835657894611359 0.820560574531555 0.762697875499725 0.72548234462738 0.698141038417816 0.621325850486755 0.590376853942871 0.600396692752838 0.414790213108063 0.398392498493195 0.394172072410583 0.391449332237244 0.409276604652405 0.398011922836304 0.417608916759491 0.430718719959259 0.407787054777145 0.381306201219559 0.245527893304825 0.214383229613304 0.206339344382286 0.185976341366768 0.160812258720398 0.148131355643272 0.122388899326324 0.116727396845818 0.0967232882976532 0.085870161652565 0.0718470066785812 0.0670046284794807 0.0591912381350994 0.0598356388509274 0.0619207471609116 0.0677782148122787 0.0609479732811451 0.0493865571916103 0.0448320396244526 0.0445253290235996
0.981158137321472 0.972502768039703 0.980823636054993 0.986276090145111 0.98029750585556 0.977574408054352 0.977417886257172 0.977013647556305 0.976286172866821 0.978484272956848 0.968404054641724 0.963485598564148 0.935520172119141 0.907610595226288 0.883614838123322 0.83387553691864 0.825124979019165 0.759275674819946 0.723786592483521 0.681616008281708 0.664363980293274 0.494110196828842 0.476430475711823 0.461669683456421 0.463621079921722 0.470725208520889 0.48261022567749 0.497910290956497 0.493481665849686 0.488533467054367 0.326768904924393 0.30742409825325 0.294498145580292 0.267551094293594 0.225469589233398 0.222305744886398 0.175848096609116 0.149376899003983 0.137133419513702 0.112332202494144 0.0965427905321121 0.0905135869979858 0.076176792383194 0.0706160962581635 0.0652989745140076 0.0623483397066593 0.0676554888486862 0.0643931776285172 0.0591662563383579 0.0568766593933105 0.0568292029201984
0.983052968978882 0.980913400650024 0.989758789539337 0.984338939189911 0.992591202259064 0.994734823703766 0.99628871679306 0.996202647686005 0.995508253574371 0.995888650417328 0.997621715068817 0.994421005249023 0.984698116779327 0.984050214290619 0.953309297561646 0.909234941005707 0.889006614685059 0.857398450374603 0.822839140892029 0.780986964702606 0.7827388048172 0.583476006984711 0.563198864459991 0.560837388038635 0.54021018743515 0.528636574745178 0.552684128284454 0.548924088478088 0.579990983009338 0.616767406463623 0.433113634586334 0.396052360534668 0.381209820508957 0.348736077547073 0.3146011531353 0.27068430185318 0.240326777100563 0.200596287846565 0.170217737555504 0.147836208343506 0.12045119702816 0.108110427856445 0.102049477398396 0.0945182144641876 0.0943719297647476 0.0857669711112976 0.0801789462566376 0.0753071904182434 0.0675860941410065 0.0610563382506371 0.0571079328656197
0.991162061691284 0.989960551261902 0.988789856433868 0.994993567466736 0.995977342128754 0.99712085723877 0.997294187545776 0.997289061546326 0.998727381229401 0.998097538948059 0.996534645557404 0.997822761535645 0.997284591197968 0.990891575813293 0.984278917312622 0.984420299530029 0.979852676391602 0.962531805038452 0.915783166885376 0.883428454399109 0.862228572368622 0.71224445104599 0.678776323795319 0.649920403957367 0.604672074317932 0.655787944793701 0.625618577003479 0.666841983795166 0.659958899021149 0.673522770404816 0.567390501499176 0.521588206291199 0.480077564716339 0.447516947984695 0.438973307609558 0.374059826135635 0.309694170951843 0.253354221582413 0.225697800517082 0.185182228684425 0.154925212264061 0.137774586677551 0.133767157793045 0.119758754968643 0.119448997080326 0.109881296753883 0.105112440884113 0.0957215204834938 0.0971639826893806 0.0830598995089531 0.0743245258927345
-3.4e+38 0.992407381534576 0.989171147346497 0.996685445308685 0.996192753314972 0.996073782444 0.998836517333984 0.999115526676178 0.998335599899292 0.998809695243835 0.998172402381897 0.997041583061218 0.99889063835144 0.997956097126007 0.997461915016174 0.996491253376007 0.995017051696777 0.989054203033447 0.925902724266052 0.960191369056702 0.956300854682922 0.827451646327972 0.814248979091644 0.77167421579361 0.741521894931793 0.736248314380646 0.747506201267242 0.796443700790405 0.785513877868652 0.786123812198639 0.789673864841461 0.684657752513885 0.648470640182495 0.597764551639557 0.571918964385986 0.541157841682434 0.450479567050934 0.35515096783638 0.313828468322754 0.257295429706573 0.195456355810165 0.180826559662819 0.161431103944778 0.166922464966774 0.147865474224091 0.141042292118073 0.142717733979225 0.142628341913223 0.130274191498756 0.114564940333366 0.0982288047671318
-3.4e+38 -3.4e+38 -3.4e+38 -3.4e+38 0.996797800064087 0.997947514057159 0.999128460884094 0.999150693416595 0.999108135700226 0.999449610710144 0.999704539775848 0.999422550201416 0.999399483203888 0.999176740646362 0.996845841407776 0.999161422252655 0.992993354797363 0.998553454875946 0.982582449913025 0.981655538082123 0.99282318353653 0.922108054161072 0.888457536697388 0.874617457389832 0.866877317428589 0.833462357521057 0.877212107181549 0.910834610462189 0.914141714572906 0.877207100391388 0.868702232837677 0.822848081588745 0.826560139656067 0.795814454555511 0.745831429958344 0.673456072807312 0.61755234003067 0.520667910575867 0.41327378153801 0.349443197250366 0.291995525360107 0.270424991846085 0.255723357200623 0.241738140583038 0.255737870931625 0.213139340281487 0.194008260965347 0.191369205713272 0.172442585229874 0.156196340918541 0.123421251773834
-3.4e+38 -3.4e+38 -3.4e+38 -3.4e+38 -3.4e+38 -3.4e+38 0.999656736850739 0.999682307243347 0.999742269515991 0.999941349029541 0.9999138712883 0.999953150749207 0.999962747097015 0.999882102012634 0.999935209751129 0.999436378479004 0.998126327991486 0.994415760040283 0.999505937099457 0.998047947883606 0.995899975299835 0.996219396591187 0.951375305652618 0.941219747066498 0.938942432403564 0.911024928092957 0.937976777553558 0.946174621582031 0.947586596012115 0.910731852054596 0.881020903587341 0.87658417224884 0.875781118869781 0.885509848594666 0.879362642765045 0.869941830635071 0.823429524898529 0.691096365451813 0.581448912620544 0.556533336639404 0.491221308708191 0.412380307912827 0.422556936740875 0.403115689754486 0.34977650642395 0.329585909843445 0.270645976066589 0.280598014593124 0.248987436294556 0.209591299295425 0.165071740746498
-3.4e+38 -3.4e+38 -3.4e+38 -3.4e+38 -3.4e+38 -3.4e+38 -3.4e+38 0.999877870082855 0.999931395053864 0.999968886375427 0.99996030330658 0.99995619058609 0.99993759393692 0.999990165233612 0.999976575374603 0.99977171421051 0.999388098716736 0.998516142368317 0.999462842941284 0.999156177043915 0.994862258434296 0.9978266954422 0.969469964504242 0.980944931507111 0.968105912208557 0.968589842319489 0.95611697435379 0.957329452037811 0.95031350851059 0.956559896469116 0.877284586429596 0.962922096252441 0.88917863368988 0.893349170684814 0.898725926876068 0.883214056491852 0.873156189918518 0.856238543987274 0.74366968870163 0.755409598350525 0.641705334186554 0.620666086673737 0.498172789812088 0.400482028722763 0.391950845718384 0.377039134502411 0.400328725576401 0.355396181344986 0.274203479290009 0.280167639255524 0.245192244648933
-3.4e+38 -3.4e+38 -3.4e+38 -3.4e+38 -3.4e+38 -3.4e+38 -3.4e+38 -3.4e+38 -3.4e+38 -3.4e+38 -3.4e+38 -3.4e+38 0.999829649925232 0.999421536922455 0.999978363513947 0.99960196018219 0.999333262443542 0.99595832824707 0.983397841453552 0.995050251483917 0.997761130332947 0.99187570810318 0.883157253265381 0.854851126670837 0.897823572158813 0.943932950496674 0.967228949069977 0.948723554611206 0.93376487493515 0.915620446205139 0.841274321079254 0.888294458389282 0.848124980926514 0.856466472148895 0.882281303405762 0.910417854785919 0.921525299549103 0.920129060745239 0.895668506622314 0.857025384902954 0.806572794914246 0.713062345981598 0.603781998157501 0.509905397891998 0.461187928915024 0.488789439201355 0.522249162197113 0.457097500562668 0.396333158016205 0.289087504148483 0.297648519277573
-3.4e+38 -3.4e+38 -3.4e+38 -3.4e+38 -3.4e+38 -3.4e+38 -3.4e+38 -3.4e+38 -3.4e+38 -3.4e+38 -3.4e+38 -3.4e+38 -3.4e+38 -3.4e+38 0.996904313564301 0.999854147434235 0.997884631156921 0.997922658920288 0.991711795330048 0.995101571083069 0.982044458389282 0.969332873821259 0.890581429004669 0.718675673007965 0.86302375793457 0.883071780204773 0.919229507446289 0.801651895046234 0.687584340572357 0.659908354282379 0.775486707687378 0.852281212806702 0.85613226890564 0.833519101142883 0.827803432941437 0.895012259483337 0.923508644104004 0.902842581272125 0.881978273391724 0.908375680446625 0.855416357517242 0.780613899230957 0.678930878639221 0.627251386642456 0.622914612293243 0.581505715847015 0.550331950187683 0.521674811840057 0.445623427629471 0.389846861362457 0.309577316045761
-3.4e+38 -3.4e+38 -3.4e+38 -3.4e+38 -3.4e+38 -3.4e+38 -3.4e+38 -3.4e+38 -3.4e+38 -3.4e+38 -3.4e+38 -3.4e+38 -3.4e+38 -3.4e+38 -3.4e+38 -3.4e+38 0.993277490139008 0.992524743080139 0.995094835758209 0.988637924194336 0.990835666656494 0.948289632797241 0.658505916595459 0.60639476776123 0.705226719379425 0.739843845367432 0.625815808773041 0.479255199432373 0.478994995355606 0.550525665283203 0.698812067508698 0.699921309947968 0.79368931055069 0.742057979106903 0.793178975582123 0.864341199398041 0.918538451194763 0.879979908466339 0.898107945919037 0.866659104824066 0.765642762184143 0.829650521278381 0.729769170284271 0.671675503253937 0.542310476303101 0.599413931369781 0.620303988456726 0.458761006593704 0.451653569936752 0.350074887275696 0.339818269014359
-3.4e+38 -3.4e+38 -3.4e+38 -3.4e+38 -3.4e+38 -3.4e+38 -3.4e+38 -3.4e+38 -3.4e+38 -3.4e+38 -3.4e+38 -3.4e+38 -3.4e+38 -3.4e+38 -3.4e+38 -3.4e+38 -3.4e+38 -3.4e+38 0.989622831344604 0.989677011966705 0.974110662937164 0.979798436164856 0.766726493835449 0.560761272907257 0.58909660577774 0.692030608654022 0.612126767635345 0.268731087446213 0.206511929631233 0.438609629869461 0.601169764995575 0.597032964229584 0.623093068599701 0.427837729454041 0.319564789533615 0.632964015007019 0.829906702041626 0.828233301639557 0.869243443012238 0.894593358039856 0.836866974830627 0.557244062423706 0.43695268034935 0.613810420036316 0.610575914382935 0.594334065914154 0.579851984977722 0.550799369812012 0.49502032995224 0.352597624063492 0.383457392454147
-3.4e+38 -3.4e+38 -3.4e+38 -3.4e+38 -3.4e+38 -3.4e+38 -3.4e+38 -3.4e+38 -3.4e+38 -3.4e+38 -3.4e+38 -3.4e+38 -3.4e+38 -3.4e+38 -3.4e+38 -3.4e+38 -3.4e+38 -3.4e+38 -3.4e+38 0.984051108360291 0.981051981449127 0.958301901817322 0.939096629619598 0.736149787902832 0.569118559360504 0.520321428775787 0.404189825057983 0.30124431848526 0.308488816022873 0.451534420251846 0.495556652545929 0.475786209106445 0.359950959682465 0.33468022942543 0.162084519863129 0.283084392547607 0.504311621189117 0.658755421638489 0.396645873785019 0.44676411151886 0.748108088970184 0.675713837146759 0.706947803497314 0.805074393749237 0.468883216381073 0.35343399643898 0.430051267147064 0.63385283946991 0.31642809510231 0.49780797958374 0.25915315747261
-3.4e+38 -3.4e+38 -3.4e+38 -3.4e+38 -3.4e+38 -3.4e+38 -3.4e+38 -3.4e+38 -3.4e+38 -3.4e+38 -3.4e+38 -3.4e+38 -3.4e+38 -3.4e+38 -3.4e+38 -3.4e+38 -3.4e+38 -3.4e+38 -3.4e+38 -3.4e+38 0.943110167980194 0.978336751461029 0.951928436756134 0.911043286323547 0.708647310733795 0.54710465669632 0.668868720531464 0.567251980304718 0.365030318498611 0.372833102941513 0.356381803750992 0.197396278381348 0.235178083181381 0.185744494199753 0.177439212799072 0.214871898293495 0.134317189455032 0.423173874616623 0.222144648432732 0.23338258266449 0.446693599224091 0.407678157091141 0.624291479587555 0.645071148872375 0.562719345092773 0.63342273235321 0.700782835483551 0.675197660923004 0.612134099006653 0.633590042591095 0.463023245334625
-3.4e+38 -3.4e+38 -3.4e+38 -3.4e+38 -3.4e+38 -3.4e+38 -3.4e+38 -3.4e+38 -3.4e+38 -3.4e+38 -3.4e+38 -3.4e+38 -3.4e+38 -3.4e+38 -3.4e+38 -3.4e+38 -3.4e+38 -3.4e+38 -3.4e+38 -3.4e+38 -3.4e+38 -3.4e+38 0.948682129383087 0.963993847370148 0.941711068153381 0.786311626434326 0.627949178218842 0.466305315494537 0.376060158014297 0.329243332147598 0.337853342294693 0.133377149701118 0.166730269789696 0.118744611740112 0.148762181401253 0.089960053563118 0.351230561733246 0.0984389036893845 0.0765166431665421 0.344717413187027 0.224637657403946 0.211835116147995 0.407044887542725 0.456972628831863 0.413388282060623 0.541753709316254 0.511834383010864 0.555459678173065 0.556740760803223 0.548810720443726 0.453283578157425
-3.4e+38 -3.4e+38 -3.4e+38 -3.4e+38 -3.4e+38 -3.4e+38 -3.4e+38 -3.4e+38 -3.4e+38 -3.4e+38 -3.4e+38 -3.4e+38 -3.4e+38 -3.4e+38 -3.4e+38 -3.4e+38 -3.4e+38 -3.4e+38 -3.4e+38 -3.4e+38 -3.4e+38 -3.4e+38 -3.4e+38 0.868288934230804 0.939791440963745 0.945358574390411 0.926872789859772 0.645584642887115 0.502558946609497 0.573202729225159 0.33306822180748 0.432276219129562 0.454827547073364 0.25900787115097 0.0764343738555908 0.100071057677269 0.151735559105873 0.0536961928009987 0.180477619171143 0.128358498215675 0.0491330511868 0.0912377163767815 0.100054018199444 0.131172478199005 0.15169383585453 0.284566760063171 0.283047586679459 0.295462548732758 0.351928770542145 0.277247786521912 0.209588259458542
-3.4e+38 -3.4e+38 -3.4e+38 -3.4e+38 -3.4e+38 -3.4e+38 -3.4e+38 -3.4e+38 -3.4e+38 -3.4e+38 -3.4e+38 -3.4e+38 -3.4e+38 -3.4e+38 -3.4e+38 -3.4e+38 -3.4e+38 -3.4e+38 -3.4e+38 -3.4e+38 -3.4e+38 -3.4e+38 -3.4e+38 -3.4e+38 0.826907336711884 0.870627045631409 0.92892974615097 0.909630000591278 0.643864512443542 0.706027686595917 0.562699139118195 0.375434130430222 0.307525306940079 0.340802758932114 0.240893542766571 0.101873636245728 0.0653486028313637 0.0548975057899952 0.0865596905350685 0.239082843065262 0.103828966617584 0.042535062879324 0.0274448003619909 0.0277202855795622 0.0456835217773914 0.131663307547569 0.0896041542291641 0.0910589322447777 0.100020937621593 0.108662039041519 0.0532296597957611
-3.4e+38 -3.4e+38 -3.4e+38 -3.4e+38 -3.4e+38 -3.4e+38 -3.4e+38 -3.4e+38 -3.4e+38 -3.4e+38 -3.4e+38 -3.4e+38 -3.4e+38 -3.4e+38 -3.4e+38 -3.4e+38 -3.4e+38 -3.4e+38 -3.4e+38 -3.4e+38 -3.4e+38 -3.4e+38 -3.4e+38 -3.4e+38 -3.4e+38 0.760383248329163 0.883047878742218 0.91588830947876 0.895950973033905 0.709354400634766 0.546444475650787 0.317460149526596 0.273166984319687 0.272488057613373 0.129701405763626 0.169578939676285 0.136211365461349 0.0802105218172073 0.0893007218837738 0.110910519957542 0.150609835982323 0.0571667365729809 0.0727871879935265 0.103080987930298 0.131597176194191 0.0481269769370556 0.0341893658041954 0.0361692532896996 0.0238496735692024 0.0248101875185966 0.166461765766144
-3.4e+38 -3.4e+38 -3.4e+38 -3.4e+38 -3.4e+38 -3.4e+38 -3.4e+38 -3.4e+38 -3.4e+38 -3.4e+38 -3.4e+38 -3.4e+38 -3.4e+38 -3.4e+38 -3.4e+38 -3.4e+38 -3.4e+38 -3.4e+38 -3.4e+38 -3.4e+38 -3.4e+38 -3.4e+38 -3.4e+38 -3.4e+38 -3.4e+38 -3.4e+38 -3.4e+38 0.812263071537018 0.884707033634186 0.909936547279358 0.730905532836914 0.30705252289772 0.214696139097214 0.198632329702377 0.343721121549606 0.384842693805695 0.236922234296799 0.183587700128555 0.376333266496658 0.157111346721649 0.0589417144656181 0.0665249899029732 0.0340607203543186 0.0465906597673893 0.0590815059840679 0.0303434785455465 0.0308464840054512 0.0266245491802692 0.0114573389291763 0.0766279473900795 0.0529937110841274
-3.4e+38 -3.4e+38 -3.4e+38 -3.4e+38 -3.4e+38 -3.4e+38 -3.4e+38 -3.4e+38 -3.4e+38 -3.4e+38 -3.4e+38 -3.4e+38 -3.4e+38 -3.4e+38 -3.4e+38 -3.4e+38 -3.4e+38 -3.4e+38 -3.4e+38 -3.4e+38 -3.4e+38 -3.4e+38 -3.4e+38 -3.4e+38 -3.4e+38 -3.4e+38 -3.4e+38 -3.4e+38 0.805600225925446 0.834428548812866 0.902345895767212 0.500032365322113 0.272841811180115 0.244224563241005 0.389303088188171 0.339366972446442 0.315930366516113 0.34118264913559 0.442339241504669 0.403432905673981 0.179704502224922 0.137275829911232 0.0758009254932404 0.0329467505216599 0.031054925173521 0.0235084183514118 0.0267939362674952 0.010069752112031 0.0183958485722542 0.067347563803196 0.00818152632564306
-3.4e+38 -3.4e+38 -3.4e+38 -3.4e+38 -3.4e+38 -3.4e+38 -3.4e+38 -3.4e+38 -3.4e+38 -3.4e+38 -3.4e+38 -3.4e+38 -3.4e+38 -3.4e+38 -3.4e+38 -3.4e+38 -3.4e+38 -3.4e+38 -3.4e+38 -3.4e+38 -3.4e+38 -3.4e+38 -3.4e+38 -3.4e+38 -3.4e+38 -3.4e+38 -3.4e+38 -3.4e+38 -3.4e+38 -3.4e+38 -3.4e+38 0.852988123893738 0.534312605857849 0.489056259393692 0.296577095985413 0.227697402238846 0.252066522836685 0.1929841786623 0.379622042179108 0.456350535154343 0.397451668977737 0.223907604813576 0.105860009789467 0.0682749301195145 0.0817490369081497 0.0855791494250298 0.0417446754872799 0.0167766809463501 0.0466482117772102 0.0348816029727459 0.0241935718804598
-3.4e+38 -3.4e+38 -3.4e+38 -3.4e+38 -3.4e+38 -3.4e+38 -3.4e+38 -3.4e+38 -3.4e+38 -3.4e+38 -3.4e+38 -3.4e+38 -3.4e+38 -3.4e+38 -3.4e+38 -3.4e+38 -3.4e+38 -3.4e+38 -3.4e+38 -3.4e+38 -3.4e+38 -3.4e+38 -3.4e+38 -3.4e+38 -3.4e+38 -3.4e+38 -3.4e+38 -3.4e+38 -3.4e+38 -3.4e+38 -3.4e+38 -3.4e+38 0.749717473983765 0.774568617343903 0.90257740020752 0.869062423706055 0.744188666343689 0.651604413986206 0.467453002929688 0.434330701828003 0.574842810630798 0.519237518310547 0.325233519077301 0.305771738290787 0.281987577676773 0.0948468297719955 0.0987074077129364 0.15436626970768 0.0552294179797173 0.0405079089105129 0.022837083786726
