data/climate_estimation/maxent_output/Colchicum_bulbocodium.asc
NCOLS 537 
NROWS 116 
XLLCORNER 0.666666666666667 
YLLCORNER 42 
CELLSIZE 0.0833333333333333 
NODATA_value -3.4e+38 
[rows 0 to 18 of 116, columns 132 to 175 of 537]
0.0624305307865143 0.0552154779434204 0.0554164387285709 0.0574483722448349 0.0537596829235554 0.0608196035027504 0.0643334165215492 0.0746836364269257 0.0893489345908165 0.0827193036675453 0.0785208567976952 0.0807395875453949 0.0909450426697731 0.0753020346164703 0.0811086148023605 0.0690957382321358 0.0693593323230743 0.0712950676679611 0.0627661645412445 0.0666944533586502 0.067148894071579 0.0777954384684563 0.0725754648447037 0.0763220116496086 0.076159380376339 0.0718003809452057 0.0712292790412903 0.0833381861448288 0.0749121680855751 0.0748645141720772 0.0743336156010628 0.0719754099845886 0.0678785666823387 0.05905681848526 0.0590098388493061 0.0587545521557331 0.0689183697104454 0.0654616430401802 0.0691177025437355 0.0569591410458088 0.0570906884968281 0.0577334947884083 0.0524599738419056 0.04508376121521
0.0610710792243481 0.046410333365202 0.041806772351265 0.0414271652698517 0.0550380125641823 0.0638010650873184 0.0763918459415436 0.0735500156879425 0.0762427225708961 0.0798669010400772 0.0818974301218987 0.0720630213618279 0.0788902416825294 0.070112057030201 0.0682319402694702 0.0707491040229797 0.060860950499773 0.0643251165747643 0.0746878013014793 0.069503515958786 0.068649984896183 0.0674852803349495 0.0672686547040939 0.0662918910384178 0.0695046856999397 0.0741438940167427 0.0773917138576508 0.0730866715312004 0.075336866080761 0.0747270807623863 0.0738080739974976 0.0740813612937927 0.0614962019026279 0.0606918185949326 0.0602334700524807 0.0605303049087524 0.0708719864487648 0.0712416619062424 0.0684368759393692 0.0637150406837463 0.0636522546410561 0.0579256005585194 0.0522426813840866 0.047655027359724
0.0541137754917145 0.0458984375 0.036913488060236 0.0455477051436901 0.0464615598320961 0.0648404136300087 0.0787037536501884 0.0778972581028938 0.0816864818334579 0.0850168839097023 0.0803942382335663 0.0723465904593468 0.0800682157278061 0.0836703479290009 0.0723529979586601 0.0707817673683167 0.0772697925567627 0.0712499022483826 0.0653101205825806 0.0606288984417915 0.0631246343255043 0.0631468296051025 0.0708800181746483 0.0697013735771179 0.0599028393626213 0.0711560696363449 0.0716332122683525 0.070872887969017 0.07075035572052 0.0663977414369583 0.0664694607257843 0.0646942555904388 0.0743739157915115 0.0618152394890785 0.0618375390768051 0.0724618285894394 0.0710710510611534 0.0695279687643051 0.0630597472190857 0.0646392554044724 0.0651676580309868 0.0586514249444008 0.0478924475610256 0.0453960970044136
0.0631950870156288 0.0454107262194157 0.0467550083994865 0.050516352057457 0.0507156290113926 0.0626248568296432 0.0794812515377998 0.0774000361561775 0.0821516886353493 0.0859731286764145 0.0799386724829674 0.081438273191452 0.0669184774160385 0.0740236267447472 0.0715777203440666 0.0747926309704781 0.0645914226770401 0.062578059732914 0.0688116475939751 0.0640347898006439 0.0547741204500198 0.0620488077402115 0.0648050829768181 0.0608374327421188 0.0604609698057175 0.0714195370674133 0.0599779523909092 0.0714845135807991 0.0681058838963509 0.0676755309104919 0.0694546699523926 0.0626661330461502 0.074125774204731 0.0629847049713135 0.0632825419306755 0.0622635371983051 0.0716640502214432 0.0674897655844688 0.0669057592749596 0.0667100995779037 0.066624253988266 0.0565737709403038 0.0513606816530228 0.0476687289774418
0.0736689791083336 0.059648372232914 0.056787021458149 0.0533149503171444 0.0598482005298138 0.0704727619886398 0.0702538788318634 0.0782635882496834 0.0820083990693092 0.0779159963130951 0.0747661218047142 0.081757590174675 0.0714408904314041 0.0741824582219124 0.0759685412049294 0.0698218196630478 0.0610086359083652 0.0662157163023949 0.0573710165917873 0.0564205273985863 0.0578549578785896 0.0689969956874847 0.0593256093561649 0.0670118033885956 0.0669609308242798 0.0760311484336853 0.0707249492406845 0.0720723420381546 0.0718600526452065 0.0662658140063286 0.0623308122158051 0.0668750628829002 0.0628107860684395 0.0628687217831612 0.0604920573532581 0.06446573138237 0.0649417415261269 0.0691956281661987 0.0693764388561249 0.0617447942495346 0.0610779300332069 0.0611444711685181 0.0482244938611984 0.0433157421648502
0.0655600503087044 0.0583637878298759 0.059407327324152 0.074738509953022 0.0625684037804604 0.0700502097606659 0.0786150470376015 0.0735517665743828 0.0718602389097214 0.0748717486858368 0.0828997865319252 0.081842452287674 0.0756679698824883 0.0727037936449051 0.072158470749855 0.0781451985239983 0.067427784204483 0.0658844411373138 0.0681567341089249 0.0592863038182259 0.0580794401466846 0.0564316436648369 0.0584149286150932 0.0577460788190365 0.0657718107104301 0.0688600540161133 0.0798453018069267 0.0768171101808548 0.0764559581875801 0.0781062170863152 0.064148798584938 0.0637047588825226 0.0639696419239044 0.0646381750702858 0.0614776164293289 0.0654479041695595 0.0699679628014565 0.074278749525547 0.068337969481945 0.0683189257979393 0.0610389895737171 0.0614257380366325 0.0508689470589161 0.0377342253923416
0.0737444907426834 0.0821237117052078 0.0736785978078842 0.0791873335838318 0.0891137570142746 0.0838795006275177 0.0682584792375565 0.0801890045404434 0.0755351558327675 0.075083427131176 0.0692001730203629 0.0749662294983864 0.0660342052578926 0.0730860754847527 0.0750231146812439 0.0732012465596199 0.0609386712312698 0.0629372373223305 0.0641756430268288 0.0594083070755005 0.0658348202705383 0.0568280890583992 0.0600564815104008 0.0532801933586597 0.0601497814059258 0.0683160498738289 0.0796099230647087 0.0805383920669556 0.0767389461398125 0.0688045397400856 0.0653702020645142 0.0687335953116417 0.0663418248295784 0.0692633092403412 0.0665356144309044 0.0604790076613426 0.0622359029948711 0.0610886104404926 0.0720496997237206 0.0667664855718613 0.0528444536030293 0.053671907633543 0.0439498163759708 0.0319699160754681
0.0866854935884476 0.0995277166366577 0.0944712832570076 0.100666157901287 0.0943312719464302 0.0824951082468033 0.0906707569956779 0.0851205065846443 0.0756036937236786 0.0730007663369179 0.0737631469964981 0.0750778615474701 0.0730858817696571 0.0665067806839943 0.0734146982431412 0.0688606277108192 0.060718160122633 0.0645393282175064 0.0635839030146599 0.0659822225570679 0.0576088652014732 0.0638949647545815 0.0671937838196754 0.060899306088686 0.0597552955150604 0.0559341423213482 0.0731145218014717 0.0706430971622467 0.0660711079835892 0.0591213144361973 0.0664645209908485 0.0610159039497375 0.0638483762741089 0.0565222576260567 0.0553775802254677 0.0652444437146187 0.0633298680186272 0.0595411770045757 0.0564137883484364 0.0581401772797108 0.0493897497653961 0.0396672189235687 0.0392046198248863 0.0324219912290573
0.113090336322784 0.104692533612251 0.113741062581539 0.0986062586307526 0.093549057841301 0.104501135647297 0.098997637629509 0.101700529456139 0.0730925276875496 0.0693871080875397 0.0726691037416458 0.0707967877388 0.0731138437986374 0.0633856728672981 0.0775674432516098 0.0731022283434868 0.066106341779232 0.0648982897400856 0.0722823888063431 0.0702267810702324 0.0610058642923832 0.0573532097041607 0.0648476555943489 0.0588876865804195 0.0607712529599667 0.0599527582526207 0.0509323924779892 0.0577497892081738 0.0621755309402943 0.0620100423693657 0.0561328679323196 0.0547694452106953 0.0484768636524677 0.0475066341459751 0.0530085600912571 0.0509980879724026 0.054570410400629 0.0532030574977398 0.0483823791146278 0.0470465198159218 0.0423995852470398 0.0363889336585999 0.0286280605942011 0.0239617545157671
0.103205777704716 0.113257862627506 0.127618342638016 0.104514077305794 0.0918783470988274 0.103456929326057 0.092615507543087 0.0798550099134445 0.0833754241466522 0.0685814917087555 0.0708325877785683 0.0647631958127022 0.0802213773131371 0.0811407715082169 0.0734557881951332 0.0662274062633514 0.0652550235390663 0.0674886256456375 0.0737610310316086 0.0596227087080479 0.0653432384133339 0.0597524344921112 0.0625637993216515 0.055818185210228 0.0543203167617321 0.0500378049910069 0.0521499142050743 0.0541938692331314 0.0527598485350609 0.0513381101191044 0.0453055948019028 0.0549838691949844 0.044921051710844 0.0483720637857914 0.0419990681111813 0.0413338392972946 0.045494232326746 0.0455990917980671 0.0418326444923878 0.0403179042041302 0.0325408130884171 0.0295585058629513 0.0250218361616135 0.01826829649508
0.121861584484577 0.133043721318245 0.136827126145363 0.116779252886772 0.10342962294817 0.0960967540740967 0.0955060794949532 0.0907762125134468 0.087036669254303 0.0744971483945847 0.0736139491200447 0.075205571949482 0.080322690308094 0.0690720528364182 0.0767327100038528 0.0670918673276901 0.065681204199791 0.0728309005498886 0.0607053004205227 0.064544565975666 0.0622945204377174 0.0526603199541569 0.0543930493295193 0.0485244318842888 0.0566828027367592 0.0429615825414658 0.0413569957017899 0.0421099476516247 0.0402762293815613 0.0450468324124813 0.0459190681576729 0.0404434688389301 0.0374801903963089 0.038115818053484 0.0400356501340866 0.0360836386680603 0.0403809919953346 0.0392029881477356 0.0353433638811111 0.028228847309947 0.0283616613596678 0.0221368856728077 0.0181391201913357 0.0168607551604509
0.154046207666397 0.152780055999756 0.1517713367939 0.125338926911354 0.126448541879654 0.107776813209057 0.105693489313126 0.105159007012844 0.0843819603323936 0.0703689604997635 0.0724803730845451 0.0802505239844322 0.0765656977891922 0.0722338035702705 0.0619131587445736 0.06229243054986 0.065205343067646 0.0571805462241173 0.0544449798762798 0.0570738464593887 0.0519437119364738 0.0470394529402256 0.0562515296041965 0.0484250821173191 0.0513073243200779 0.0377281978726387 0.0413021072745323 0.0411910228431225 0.0362717621028423 0.0334673076868057 0.031248552724719 0.033478919416666 0.0349949114024639 0.0343180894851685 0.0302001759409904 0.0307246670126915 0.0315259248018265 0.0279511231929064 0.0284350570291281 0.0257632900029421 0.0248214453458786 0.0249238908290863 0.0185274332761765 0.0185258910059929
0.21581469476223 0.22520512342453 0.185323268175125 0.160295754671097 0.1530472189188 0.11916796118021 0.104526497423649 0.102512955665588 0.104542896151543 0.0955713987350464 0.0798541679978371 0.0734776109457016 0.07810427993536 0.0792478695511818 0.0643811970949173 0.0641798749566078 0.0635937824845314 0.0606245137751102 0.0630453452467918 0.0535355247557163 0.0468819327652454 0.0526961199939251 0.0451601706445217 0.0415722131729126 0.03830536454916 0.0317682512104511 0.034904308617115 0.0313718356192112 0.0334450714290142 0.0321956872940063 0.0299881417304277 0.0297423470765352 0.0313767902553082 0.0297868605703115 0.0273810010403395 0.0269451271742582 0.0240880399942398 0.024928193539381 0.0271302312612534 0.0228768847882748 0.0240271016955376 0.0197063479572535 0.0206898078322411 0.0178012121468782
0.192394897341728 0.199657097458839 0.221748888492584 0.205495148897171 0.178580358624458 0.112066134810448 0.121593311429024 0.0948501899838448 0.0961600095033646 0.0943204686045647 0.0713304728269577 0.0674743428826332 0.0764455273747444 0.072576142847538 0.0589948780834675 0.0540122501552105 0.0652155131101608 0.0662515386939049 0.0698188915848732 0.0578073523938656 0.0524822697043419 0.0434597954154015 0.0352501571178436 0.0341777913272381 0.0314100682735443 0.0304126348346472 0.0273508261889219 0.0238628089427948 0.0237257797271013 0.0238328240811825 0.0241063125431538 0.0239631030708551 0.021863741800189 0.0231470502912998 0.0195753648877144 0.0218521282076836 0.0228509232401848 0.0237713530659676 0.0198122505098581 0.0189180579036474 0.0231305379420519 0.0215230248868465 0.0165075305849314 0.0164686106145382
0.199602991342545 0.220081999897957 0.261338651180267 0.220814317464828 0.191474497318268 0.139778941869736 0.153090834617615 0.134631797671318 0.149691507220268 0.15491858124733 0.193028673529625 0.194009155035019 0.16823399066925 0.169798970222473 0.201473593711853 0.210189640522003 0.0826286822557449 0.06648338586092 0.0617349147796631 0.051348403096199 0.0383053682744503 0.0390762537717819 0.0339939221739769 0.0309926699846983 0.0286945104598999 0.028699466958642 0.0232920553535223 0.0225149486213923 0.0198396295309067 0.0152349881827831 0.0099902730435133 0.00985907390713692 0.00994296837598085 0.0162812490016222 0.0177358575165272 0.0165588781237602 0.0163206961005926 0.0161947961896658 0.0155480178073049 0.0167680531740189 0.0181513838469982 0.0173199512064457 0.0165990144014359 0.0170888844877481
0.222004935145378 0.217608615756035 0.213413968682289 0.219841375946999 0.19669845700264 0.154753386974335 0.142699554562569 0.145801052451134 0.183736130595207 0.159369722008705 0.200293615460396 0.243429392576218 0.209859788417816 0.206755191087723 0.206202760338783 0.205989971756935 0.0649466812610626 0.0427875481545925 0.0379479192197323 0.0419964864850044 0.0410604029893875 0.0287333875894547 0.0295834336429834 0.0287187341600657 0.0280898809432983 0.0232494715601206 0.0215308461338282 0.0208643842488527 0.0199439991265535 0.0130396308377385 0.00900564342737198 0.00675140507519245 0.00588393490761518 0.00490725133568048 0.00501733040437102 0.00954622682183981 0.00994696002453566 0.0120600080117583 0.0119078448042274 0.0145228402689099 0.0155247142538428 0.0147671829909086 0.0151220420375466 0.0142976446077228
0.260221272706985 0.257174253463745 0.208207756280899 0.18461175262928 0.191422700881958 0.164014026522636 0.138174265623093 0.126507848501205 0.123690955340862 0.115822538733482 0.0980530977249146 0.109218917787075 0.0486382618546486 0.0453991033136845 0.0406598933041096 0.0413148663938046 0.0453729331493378 0.0429714247584343 0.0459739938378334 0.0334820486605167 0.0339488387107849 0.031871110200882 0.0298415757715702 0.0278242081403732 0.0233117043972015 0.0225442852824926 0.0183385815471411 0.0181035548448563 0.0140884499996901 0.00622242223471403 0.00437850272282958 0.00321314996108413 0.0028021156322211 0.00293503981083632 0.00264146039262414 0.00322770187631249 0.00471388502046466 0.00568527169525623 0.00810177158564329 0.00828868430107832 0.0125448759645224 0.0109365424141288 0.0135815972462296 0.0141235934570432
0.22916242480278 0.22393687069416 0.182431936264038 0.185733377933502 0.193196520209312 0.171191170811653 0.147220984101295 0.12342482060194 0.101626932621002 0.0889333337545395 0.0555547699332237 0.0460623428225517 0.0439749620854855 0.0398547947406769 0.0438585989177227 0.0395187065005302 0.0452779047191143 0.110434219241142 0.0422531068325043 0.0364948064088821 0.0308735966682434 0.0282821618020535 0.0334809347987175 0.0291447266936302 0.0270157363265753 0.0194125100970268 0.0198583658784628 0.0194677915424109 0.00987552478909492 0.00532555067911744 0.00317071797326207 0.00260542053729296 0.00281512551009655 0.00271487352438271 0.00262005953118205 0.0031769685447216 0.00315829762257636 0.00404889602214098 0.00543242879211903 0.00679393718019128 0.0079786004498601 0.0102616101503372 0.00957029592245817 0.0120533928275108
0.225322842597961 0.225356951355934 0.230142518877983 0.195896625518799 0.14980112016201 0.141333550214767 0.130010262131691 0.0969257727265358 0.0697490200400352 0.0511133447289467 0.0418299958109856 0.0778044462203979 0.0907501205801964 0.0725492015480995 0.0414316728711128 0.0751537531614304 0.0754679217934608 0.03335877135396 0.0326666459441185 0.036224327981472 0.0294930581003428 0.0295891929417849 0.0272976439446211 0.0269427932798862 0.0248318873345852 0.0214429758489132 0.0204708613455296 0.0180762503296137 0.0103631764650345 0.00678660115227103 0.00309293577447534 0.00231279525905848 0.00181409274227917 0.00246074772439897 0.0025313924998045 0.00299921329133213 0.0036623312626034 0.00418652221560478 0.00372708705253899 0.00598285999149084 0.00524879293516278 0.00860363431274891 0.00953766610473394 0.0103177847340703
