data/climate_estimation/maxent_output/Colchicum_lusitanum.asc
NCOLS 297 
NROWS 175 
XLLCORNER -10 
YLLCORNER 31 
CELLSIZE 0.0833333333333333 
NODATA_value -3.4e+38 
[rows 0 to 23 of 175, columns 212 to 264 of 297]
0.0023684948682785 0.0237971935421228 0.0315796546638012 0.0310175381600857 0.0288909040391445 0.029527211561799 0.025927385315299 0.0226501170545816 0.0228404421359301 0.0196368545293808 0.0160910375416279 0.0141898607835174 0.0107066230848432 0.00994913186877966 0.0123336371034384 0.0109571209177375 0.0113726649433374 0.0114810587838292 0.0126642966642976 0.0129189500585198 0.013757498934865 0.0200004912912846 0.0202842820435762 0.0225440617650747 0.0213609598577023 0.0230341050773859 0.0234454087913036 0.0222378335893154 0.0215127971023321 0.020720399916172 0.0192478466778994 0.0235006809234619 0.0228052530437708 0.020015312358737 0.0206739958375692 0.0193881038576365 0.0222228337079287 0.0225336588919163 0.0196969415992498 0.0199959743767977 0.0212060268968344 0.0236417017877102 0.0266782660037279 0.0158585719764233 0.00584459863603115 0.00361704896204174 0.00283479574136436 0.00326665001921356 0.00344046368263662 0.00430878158658743 0.00449023162946105 0.00480487523600459 0.00595220644026995
0.0354216694831848 0.0312995500862598 0.0255404226481915 0.0268595367670059 0.025306724011898 0.0259669069200754 0.0209758598357439 0.0182778686285019 0.0189186595380306 0.0163104198873043 0.0146214785054326 0.0121742691844702 0.0100293532013893 0.0104601830244064 0.0103567652404308 0.0108203301206231 0.0111642722040415 0.011202541179955 0.0133068496361375 0.0123232072219253 0.0128141930326819 0.0137908738106489 0.0197003446519375 0.0213151164352894 0.0212956201285124 0.0222737099975348 0.0215129610151052 0.0198731776326895 0.0188819821923971 0.0187070369720459 0.0185051597654819 0.0180328395217657 0.0177653506398201 0.0176978223025799 0.0193229205906391 0.0182208344340324 0.0195599030703306 0.0202939696609974 0.0239569246768951 0.0272927023470402 0.0255519170314074 0.0260632522404194 0.0200731474906206 0.012549014762044 0.00595207838341594 0.00485074613243341 0.0049886666238308 0.00359783438034356 0.00380789767950773 0.00492474623024464 0.00596379954367876 0.00605202559381723 0.00720674032345414
0.0294131506234407 0.0245868973433971 0.0253831837326288 0.0224819406867027 0.0228049010038376 0.0215077884495258 0.0213857144117355 0.0182515997439623 0.0159331168979406 0.014251597225666 0.0151994386687875 0.0129426987841725 0.00967508088797331 0.0108420718461275 0.0103829232975841 0.0109985210001469 0.0103061040863395 0.0107793947681785 0.0120704080909491 0.0120480116456747 0.0133479526266456 0.0144086787477136 0.0206932052969933 0.0219557750970125 0.0219464879482985 0.0223468355834484 0.0196634195744991 0.0189368892461061 0.0173705387860537 0.0176260564476252 0.0142648248001933 0.0138940485194325 0.0144594591110945 0.0141964070498943 0.0178747959434986 0.0172974970191717 0.0178918596357107 0.0191968884319067 0.0234115086495876 0.0249164290726185 0.0267735775560141 0.0225818958133459 0.0155827775597572 0.00994706805795431 0.008144854567945 0.00513438321650028 0.00402192445471883 0.00392289506271482 0.00414315517991781 0.00539885926991701 0.00558677641674876 0.00659929914399981 0.00778002245351672
0.0201871544122696 0.0226948596537113 0.0225444380193949 0.0240737572312355 0.0215670745819807 0.0210627764463425 0.0186202954500914 0.0157297849655151 0.0160750895738602 0.0147775448858738 0.0122731626033783 0.0110153118148446 0.0120642352849245 0.0108750881627202 0.0103588299825788 0.00991925690323114 0.0109880622476339 0.0108104115352035 0.010305336676538 0.0122171109542251 0.011864167638123 0.0187272056937218 0.0190664827823639 0.0210035908967257 0.0216572973877192 0.0203946903347969 0.0204012598842382 0.017918772995472 0.0176180321723223 0.0141544211655855 0.0132203819230199 0.0131046948954463 0.0127908494323492 0.013423421420157 0.0136567279696465 0.0141597492620349 0.0170587860047817 0.0177686382085085 0.0186813287436962 0.0222101360559464 0.0230740625411272 0.0201031416654587 0.0159783642739058 0.0103624686598778 0.00811257772147655 0.00635323161259294 0.00616792403161526 0.00630981754511595 0.0069531723856926 0.00572639750316739 0.00606453511863947 0.00651178974658251 0.00807290151715279
0.0172431599348783 0.0166402067989111 0.0163805168122053 0.0193780306726694 0.0207505915313959 0.0181321706622839 0.0186618249863386 0.0153908766806126 0.0140030458569527 0.0166325550526381 0.0162415541708469 0.0147370966151357 0.0147991711273789 0.0130309518426657 0.0144364209845662 0.0135929929092526 0.0129203647375107 0.0123062627390027 0.0112248370423913 0.0134360836818814 0.0125647941604257 0.0156632289290428 0.0172974783927202 0.0178531631827354 0.0170882008969784 0.0192914381623268 0.0178340990096331 0.0188912805169821 0.0170104149729013 0.0157982185482979 0.0126031450927258 0.0126029523089528 0.0123299481347203 0.0103768464177847 0.0122878961265087 0.013157662935555 0.0132881747558713 0.0140544753521681 0.0153983794152737 0.0188390761613846 0.0165505390614271 0.0164627060294151 0.0134256407618523 0.0125587610527873 0.0101380981504917 0.00829236954450607 0.00689513050019741 0.00683210557326674 0.00683992169797421 0.00624800706282258 0.00650142645463347 0.00686147576197982 0.00898088701069355
0.0119232917204499 0.0150404404848814 0.016879552975297 0.0224516019225121 0.0205188095569611 0.0200545936822891 0.0169280301779509 0.0148841999471188 0.0166603568941355 0.019463500007987 0.0220855642110109 0.0223744865506887 0.0166419837623835 0.511266589164734 0.474955201148987 0.472707241773605 0.461508750915527 0.46045771241188 0.445388704538345 0.468382567167282 0.457687646150589 0.0159519016742706 0.01403065957129 0.0155251240357757 0.0146494898945093 0.0147687001153827 0.0154058989137411 0.0169603768736124 0.0169058199971914 0.0154919838532805 0.0141634438186884 0.0113157471641898 0.0114970887079835 0.0117779430001974 0.0102672483772039 0.0107037983834743 0.0110228080302477 0.013151066377759 0.013745398260653 0.0147496480494738 0.0146256173029542 0.0150857968255877 0.0127663239836693 0.01216403208673 0.0107559012249112 0.00989581272006035 0.0100484117865562 0.00851999782025814 0.00840478576719761 0.00781241804361343 0.00813048146665096 0.0074826693162322 0.0098070465028286
0.014442253857851 0.0194435343146324 0.0160881951451302 0.0194100067019463 0.0196776334196329 0.018836360424757 0.0157604925334454 0.0177286248654127 0.019308740273118 0.0217483602464199 0.0264352094382048 0.595003306865692 0.592435836791992 0.551744043827057 0.521957159042358 0.513431191444397 0.472712278366089 0.467042773962021 0.404377818107605 0.368963301181793 0.368429332971573 0.376381158828735 0.346122741699219 0.0125116379931569 0.0110050290822983 0.0129078794270754 0.013701013289392 0.01432513166219 0.0157704968005419 0.015864672139287 0.0140352100133896 0.0139473462477326 0.011836470104754 0.0115231554955244 0.0100689902901649 0.00975590199232101 0.0103671681135893 0.0107379462569952 0.0111444620415568 0.0142510589212179 0.014593611471355 0.0147591270506382 0.0122944042086601 0.0121167292818427 0.0118391755968332 0.0125101236626506 0.0121113015338778 0.0106644220650196 0.0105991866439581 0.00962373148649931 0.0103499703109264 0.00970546901226044 0.0100221047177911
0.0142876692116261 0.0142952334135771 0.0159742776304483 0.0160472635179758 0.0169765744358301 0.015165638178587 0.0174873992800713 0.0216396972537041 0.0244509037584066 0.673606634140015 0.679668366909027 0.613951027393341 0.613857805728912 0.576950907707214 0.487122744321823 0.50100314617157 0.444449126720428 0.389534443616867 0.334872543811798 0.341264218091965 0.308369934558868 0.32286748290062 0.379243195056915 0.40094467997551 0.0127973025664687 0.0112151801586151 0.0127607583999634 0.382571756839752 0.442803949117661 0.487039536237717 0.0186720583587885 0.0185531955212355 0.0157252382487059 0.0138516323640943 0.0137030361220241 0.013524966314435 0.0125214010477066 0.0105092599987984 0.0110134175047278 0.0132601819932461 0.0141210509464145 0.0145185505971313 0.011967814527452 0.0123998876661062 0.0145469279959798 0.0122726606205106 0.0147735727950931 0.0142894545570016 0.012252451851964 0.0112489499151707 0.0106991333886981 0.0117397494614124 0.0107012456282973
0.0150717403739691 0.0169125366955996 0.0164238587021828 0.0184564143419266 0.0161409247666597 0.0184920597821474 0.0267730671912432 0.0314476564526558 0.716742813587189 0.755846500396729 0.731646776199341 0.708719968795776 0.640722513198853 0.604025661945343 0.477737605571747 0.417848408222198 0.389102131128311 0.290574997663498 0.324611872434616 0.316549807786942 0.0146936168894172 0.0140322279185057 0.343134194612503 0.400283724069595 0.388590216636658 0.42969337105751 0.427797228097916 0.403814941644669 0.461506932973862 0.498248726129532 0.54603111743927 0.555210292339325 0.561226189136505 0.513202846050262 0.0198413170874119 0.0164926797151566 0.0153918992727995 0.0149428071454167 0.0132054286077619 0.0129225216805935 0.0132720610126853 0.0136380661278963 0.0137679576873779 0.0137525768950582 0.0151381054893136 0.0183239951729774 0.0204132273793221 0.0217221714556217 0.0176815111190081 0.0136921619996428 0.0129124242812395 0.0117711313068867 0.0127073535695672
0.0178979877382517 0.018731415271759 0.0220420509576797 0.0169206913560629 0.0183266550302505 0.027668297290802 0.0295127797871828 0.71992164850235 0.75775271654129 0.765617907047272 0.765628933906555 0.703353583812714 0.678856670856476 0.546515882015228 0.482683151960373 0.381366759538651 0.323023557662964 0.298757463693619 0.300780862569809 0.0157614573836327 0.315222799777985 0.382264941930771 0.374938726425171 0.378638625144958 0.016376543790102 0.411064356565475 0.403481334447861 0.440799236297607 0.519098997116089 0.57456636428833 0.573511123657227 0.628453552722931 0.660955727100372 0.627120852470398 0.622196555137634 0.574653267860413 0.555059254169464 0.0176446679979563 0.0196652207523584 0.0149969393387437 0.0135007733479142 0.0138035491108894 0.0136640062555671 0.0134908780455589 0.0169206038117409 0.0169074237346649 0.0211923569440842 0.0217215232551098 0.0186766516417265 0.0139608681201935 0.0136814508587122 0.0135769480839372 0.0127321667969227
0.0252085719257593 0.0230716951191425 0.0257511585950851 0.030017476528883 0.0312550887465477 0.0294067226350307 0.743402779102325 0.791717171669006 0.800198256969452 0.821158826351166 0.773075938224792 0.705944359302521 0.613341450691223 0.504370748996735 0.435666620731354 0.308359891176224 0.297810554504395 0.0209379605948925 0.0178076885640621 0.0182306282222271 0.399177968502045 0.0219159591943026 0.0213391650468111 0.0237611941993237 0.0223358757793903 0.0235816612839699 0.477850407361984 0.53484046459198 0.557855248451233 0.64047110080719 0.58622407913208 0.642968893051147 0.683020293712616 0.679131031036377 0.702249228954315 0.679767370223999 0.670839071273804 0.600269556045532 0.581001400947571 0.0214197747409344 0.0184453148394823 0.0166757497936487 0.0154090486466885 0.0162515547126532 0.0171904191374779 0.0182294249534607 0.0185194741934538 0.0185713768005371 0.0201764050871134 0.0149823063984513 0.0158796962350607 0.0148479649797082 0.015901418402791
0.0347188860177994 0.0333608724176884 0.0421623140573502 0.760763227939606 0.0406293570995331 0.0500155426561832 0.807431936264038 0.84139084815979 0.895866930484772 0.812432169914246 0.748068928718567 0.686127245426178 0.578154027462006 0.395295232534409 0.321217805147171 0.301472395658493 0.278565347194672 0.317016065120697 0.0231050811707973 0.347648739814758 0.34021732211113 0.0229538399726152 0.0277624186128378 0.404844671487808 0.504704833030701 0.535899102687836 0.530376434326172 0.578122735023499 0.597527325153351 0.647327482700348 0.674481272697449 0.717592716217041 0.728417813777924 0.744459986686707 0.735028922557831 0.707082450389862 0.71363365650177 0.68929797410965 0.665696322917938 0.595985054969788 0.56146776676178 0.0199491512030363 0.0170523598790169 0.0154710318893194 0.0169888585805893 0.0175510141998529 0.0188381336629391 0.0206573270261288 0.0172805897891521 0.0160547811537981 0.013930874876678 0.0152768809348345 0.0153373777866364
0.795519769191742 0.800608456134796 0.816836655139923 0.848790407180786 0.0641832277178764 0.87059611082077 0.863204717636108 0.883938729763031 0.906364738941193 0.810457348823547 0.676700949668884 0.624941408634186 0.501943409442902 0.366835415363312 0.395417451858521 0.324934661388397 0.331648230552673 0.309121370315552 0.312641024589539 0.341793209314346 0.317371159791946 0.347987651824951 0.0245226323604584 0.451294869184494 0.475666403770447 0.490068733692169 0.582736134529114 0.627209186553955 0.502187192440033 0.596950173377991 0.675535440444946 0.730120599269867 0.76782351732254 0.715241372585297 0.763446569442749 0.762206852436066 0.764307200908661 0.745156824588776 0.721110284328461 0.689753353595734 0.649137616157532 0.601697325706482 0.552804708480835 0.0179590620100498 0.0185309387743473 0.0185902118682861 0.0187421776354313 0.0174349118024111 0.0183065962046385 0.0160947795957327 0.0142896268516779 0.0155212506651878 0.0165638085454702
0.895484805107117 0.893513083457947 0.88424676656723 0.895211637020111 0.853182375431061 0.91522878408432 0.905178129673004 0.923174917697906 0.908444285392761 0.858383238315582 0.642543792724609 0.60439658164978 0.605717062950134 0.573767721652985 0.580628275871277 0.536814510822296 0.441627949476242 0.420823365449905 0.437371820211411 0.417386949062347 0.431192606687546 0.372299998998642 0.40703159570694 0.530706286430359 0.610906481742859 0.571843683719635 0.546497106552124 0.540074527263641 0.509097993373871 0.61099898815155 0.645519554615021 0.731963396072388 0.72453761100769 0.760672986507416 0.773833274841309 0.791482210159302 0.782798707485199 0.786921441555023 0.777800261974335 0.755827724933624 0.713519811630249 0.656093835830688 0.641354143619537 0.591013133525848 0.553148925304413 0.0191993545740843 0.0187511723488569 0.0205417480319738 0.0187127627432346 0.016173867508769 0.0177364852279425 0.0158508494496346 0.0162131786346436
0.917797982692719 0.913507759571075 0.918518006801605 0.946543991565704 0.918083429336548 0.911387503147125 0.950188040733337 0.936550319194794 0.905499577522278 0.891605198383331 0.853285312652588 0.806494355201721 0.795589089393616 -3.4e+38 0.693501710891724 0.615791201591492 0.501183152198792 0.535114288330078 0.609112799167633 0.572013556957245 0.568073868751526 0.566277325153351 0.552365243434906 0.566390693187714 0.451778024435043 0.504974007606506 0.716781377792358 0.714064478874207 0.444530576467514 0.508273363113403 0.612766563892365 0.627119839191437 0.739023566246033 0.776935994625092 0.749031901359558 0.824078619480133 0.783298075199127 0.752453148365021 0.784317672252655 0.779773354530334 0.753053605556488 0.738662004470825 0.725739717483521 0.673679232597351 0.682110965251923 0.652029454708099 0.580074310302734 0.539829194545746 0.47715100646019 0.0168370474129915 0.0146421398967505 0.0159073062241077 0.0163057800382376
0.920309484004974 0.900513291358948 0.891964495182037 0.901830792427063 0.949381947517395 0.924646139144897 0.906209170818329 0.919641852378845 0.939103424549103 0.920641839504242 -3.4e+38 -3.4e+38 -3.4e+38 -3.4e+38 -3.4e+38 -3.4e+38 -3.4e+38 0.597812354564667 0.633671164512634 0.639455556869507 0.635750591754913 0.659188330173492 0.603107988834381 0.689398884773254 0.70655632019043 0.657544434070587 0.745074987411499 0.769681632518768 0.798849523067474 0.738269031047821 0.503359198570251 0.485409438610077 0.0437419079244137 0.55980384349823 0.680870890617371 0.680895030498505 0.767979204654694 0.813194096088409 0.777312636375427 0.793900072574615 0.787533342838287 0.776376903057098 0.759052157402039 0.760559678077698 0.770065724849701 0.745913207530975 0.684022307395935 0.603469789028168 0.52512526512146 0.423501521348953 0.433012574911118 0.0163411200046539 0.0165454428642988
0.151384502649307 0.149519234895706 0.446261495351791 0.789435982704163 0.910107016563416 0.919124662876129 0.928227424621582 0.969243884086609 0.962711691856384 0.933142483234406 -3.4e+38 -3.4e+38 -3.4e+38 -3.4e+38 -3.4e+38 -3.4e+38 -3.4e+38 -3.4e+38 -3.4e+38 -3.4e+38 -3.4e+38 0.693450450897217 0.684827506542206 0.707815527915955 0.777382493019104 0.773670613765717 0.828073143959045 0.801052808761597 0.807789504528046 0.813058972358704 0.744846880435944 0.775125026702881 0.602266192436218 0.542898774147034 0.571555614471436 0.641367435455322 0.493786782026291 0.769905924797058 0.797481536865234 0.792387723922729 0.802340567111969 0.754814863204956 0.757157683372498 0.68864518404007 0.70645147562027 0.765463054180145 0.78262722492218 0.775391519069672 0.653100788593292 0.542422711849213 0.442944586277008 0.42460110783577 0.0168109480291605
0.200445175170898 0.650064766407013 0.848169505596161 0.867517352104187 0.965654790401459 0.978907704353333 0.981098413467407 0.957032084465027 -3.4e+38 -3.4e+38 -3.4e+38 -3.4e+38 -3.4e+38 -3.4e+38 -3.4e+38 -3.4e+38 -3.4e+38 -3.4e+38 -3.4e+38 -3.4e+38 -3.4e+38 -3.4e+38 -3.4e+38 0.756504356861115 0.79760068655014 0.806587815284729 0.800542950630188 0.800447881221771 0.827515244483948 0.795125305652618 0.676147997379303 0.745803713798523 0.808043658733368 0.850670874118805 0.650852978229523 0.49152746796608 0.615140974521637 0.564726829528809 0.631605088710785 0.802838861942291 0.799768805503845 0.675832748413086 0.696640372276306 0.62680321931839 0.707001864910126 0.684996485710144 0.721162676811218 0.775427162647247 0.781225740909576 0.728395283222198 0.579751372337341 0.463958203792572 0.454736262559891
0.734221518039703 0.817999005317688 0.951773405075073 0.97048020362854 0.975235283374786 0.964233219623566 0.961426734924316 -3.4e+38 -3.4e+38 -3.4e+38 -3.4e+38 -3.4e+38 -3.4e+38 -3.4e+38 -3.4e+38 -3.4e+38 -3.4e+38 -3.4e+38 -3.4e+38 -3.4e+38 -3.4e+38 -3.4e+38 -3.4e+38 -3.4e+38 -3.4e+38 0.842692911624908 0.817829966545105 0.798286318778992 0.771186351776123 0.807424366474152 0.824872672557831 0.75336766242981 0.832149863243103 0.866113543510437 0.83747273683548 0.848594307899475 0.83066737651825 0.791861772537231 0.822903990745544 0.762884438037872 0.778016090393066 0.798569321632385 0.790977418422699 0.768194317817688 0.746984481811523 0.623993873596191 0.680911898612976 0.794738352298737 0.767439782619476 0.802418828010559 0.721978902816772 0.592201292514801 0.472541481256485
0.938012301921844 0.956135630607605 0.946501016616821 0.975466132164001 0.977657914161682 0.962272644042969 0.9396892786026 -3.4e+38 -3.4e+38 -3.4e+38 -3.4e+38 -3.4e+38 -3.4e+38 -3.4e+38 -3.4e+38 -3.4e+38 -3.4e+38 -3.4e+38 -3.4e+38 -3.4e+38 -3.4e+38 -3.4e+38 -3.4e+38 -3.4e+38 -3.4e+38 -3.4e+38 -3.4e+38 -3.4e+38 -3.4e+38 0.799478471279144 0.816602110862732 0.852867186069489 0.832152485847473 0.849923551082611 0.846632182598114 0.853291392326355 0.873177349567413 0.846653699874878 0.853366911411285 0.869930446147919 0.881810426712036 0.866000950336456 0.842774331569672 0.820468783378601 0.851102113723755 0.825214385986328 0.810884416103363 0.744541764259338 0.762552917003632 0.82085919380188 0.765190839767456 0.745592594146729 0.639750838279724
0.952657997608185 0.957499802112579 0.951913237571716 0.933448076248169 0.960903108119965 0.938759624958038 -3.4e+38 -3.4e+38 -3.4e+38 -3.4e+38 -3.4e+38 -3.4e+38 -3.4e+38 -3.4e+38 -3.4e+38 -3.4e+38 -3.4e+38 -3.4e+38 -3.4e+38 -3.4e+38 -3.4e+38 -3.4e+38 -3.4e+38 -3.4e+38 -3.4e+38 -3.4e+38 -3.4e+38 -3.4e+38 -3.4e+38 -3.4e+38 0.795427680015564 0.837668180465698 0.832388401031494 0.819285452365875 0.807049334049225 0.842037558555603 0.850556075572968 0.886323809623718 0.882927477359772 0.914425671100616 0.908571481704712 0.903632760047913 0.888076364994049 0.845786154270172 0.826820015907288 0.831712067127228 0.834980964660645 0.780385196208954 0.621634006500244 0.805315136909485 0.832560837268829 0.803306460380554 0.745204210281372
0.933636367321014 0.867886126041412 0.858636736869812 -3.4e+38 -3.4e+38 -3.4e+38 -3.4e+38 -3.4e+38 -3.4e+38 -3.4e+38 -3.4e+38 -3.4e+38 -3.4e+38 -3.4e+38 -3.4e+38 -3.4e+38 -3.4e+38 -3.4e+38 -3.4e+38 -3.4e+38 -3.4e+38 -3.4e+38 -3.4e+38 -3.4e+38 -3.4e+38 -3.4e+38 -3.4e+38 -3.4e+38 -3.4e+38 -3.4e+38 -3.4e+38 0.827921867370605 0.830094635486603 0.83101761341095 0.861054956912994 0.851557910442352 0.864785015583038 0.878986179828644 0.888563096523285 0.901619791984558 0.914498329162598 0.909034907817841 0.912868738174438 0.897752344608307 0.881606042385101 0.893220365047455 0.811309278011322 0.754371523857117 0.859998822212219 0.821528196334839 0.772068440914154 0.797971189022064 0.720227777957916
-3.4e+38 -3.4e+38 -3.4e+38 -3.4e+38 -3.4e+38 -3.4e+38 -3.4e+38 -3.4e+38 -3.4e+38 -3.4e+38 -3.4e+38 -3.4e+38 -3.4e+38 -3.4e+38 -3.4e+38 -3.4e+38 -3.4e+38 -3.4e+38 -3.4e+38 -3.4e+38 -3.4e+38 -3.4e+38 -3.4e+38 -3.4e+38 -3.4e+38 -3.4e+38 -3.4e+38 -3.4e+38 -3.4e+38 -3.4e+38 -3.4e+38 0.815188467502594 0.807416677474976 0.830370128154755 0.869388163089752 0.841752409934998 0.851886093616486 0.887489020824432 0.875378012657166 0.906373381614685 0.899761259555817 0.892457365989685 0.877496778964996 0.883359730243683 0.861760497093201 0.875925302505493 0.875181376934052 0.762257933616638 0.869970560073853 0.871452689170837 0.84415727853775 0.812768042087555 0.826321959495544
-3.4e+38 -3.4e+38 -3.4e+38 -3.4e+38 -3.4e+38 -3.4e+38 -3.4e+38 -3.4e+38 -3.4e+38 -3.4e+38 -3.4e+38 -3.4e+38 -3.4e+38 -3.4e+38 -3.4e+38 -3.4e+38 -3.4e+38 -3.4e+38 -3.4e+38 -3.4e+38 -3.4e+38 -3.4e+38 -3.4e+38 -3.4e+38 -3.4e+38 -3.4e+38 -3.4e+38 -3.4e+38 -3.4e+38 -3.4e+38 -3.4e+38 0.852162420749664 0.847262918949127 0.850240170955658 0.853737592697144 0.859352171421051 0.839104294776917 0.865150213241577 0.89663177728653 0.871890544891357 0.91605532169342 0.911563873291016 0.892221033573151 0.861874878406525 0.882385313510895 0.874026000499725 0.875314891338348 0.840492486953735 0.78973263502121 0.852038502693176 0.857322752475739 0.832882821559906 0.830826938152313
