data/climate_estimation/maxent_output/Colchicum_montanum.asc
NCOLS 145 
NROWS 138 
XLLCORNER -9.66666666666667 
YLLCORNER 37.6666666666667 
CELLSIZE 0.0833333333333333 
NODATA_value -3.4e+38 
[rows 80 to 99 of 138, columns 90 to 134 of 145]
0.617507457733154 0.644988417625427 0.63670152425766 0.670663356781006 0.660627484321594 0.6895672082901 0.665723145008087 0.718395888805389 0.709509611129761 0.717635154724121 0.781490862369537 0.825811088085175 0.851904809474945 0.865476310253143 0.885861575603485 0.91320413351059 0.918749690055847 0.944143772125244 0.944585204124451 0.924397051334381 0.930325150489807 0.930209696292877 0.895635545253754 0.860353052616119 0.849493503570557 0.628828465938568 0.606684863567352 0.576415121555328 0.56441330909729 0.501460254192352 0.453915596008301 0.431548416614532 0.478180319070816 0.420171350240707 0.368462145328522 0.402199566364288 0.758150815963745 0.483725786209106 0.48499208688736 0.421204537153244 0.421498656272888 0.430493414402008 0.423792600631714 0.399394184350967 0.488433063030243
0.592487812042236 0.594601511955261 0.598074615001678 0.581220626831055 0.622173368930817 0.651170790195465 0.681368410587311 0.673146903514862 0.68907767534256 0.707287013530731 0.744788587093353 0.812350153923035 0.829940676689148 0.895036637783051 0.921347081661224 0.932137787342072 0.941483795642853 0.938786268234253 0.927798867225647 0.927943170070648 0.933505713939667 0.922813892364502 0.906333029270172 0.873726963996887 0.849769294261932 0.542867302894592 0.56458842754364 0.538512229919434 0.499944597482681 0.488980501890182 0.489363729953766 0.448610663414001 0.458949148654938 0.428171157836914 0.404189348220825 0.396724104881287 0.405039817094803 0.38381889462471 0.414279460906982 0.405076503753662 0.436530828475952 0.412002235651016 0.410752952098846 0.42898491024971 0.428631365299225
0.66158789396286 0.599577844142914 0.557385981082916 0.570098102092743 0.556745648384094 0.593959510326385 0.624850213527679 0.649172842502594 0.649809598922729 0.640189647674561 0.706506729125977 0.731176793575287 0.801361918449402 0.857362687587738 0.875989317893982 0.923692286014557 0.909539818763733 0.920626819133759 0.946480572223663 0.931449353694916 0.900725543498993 0.887091636657715 0.891890406608582 0.841257572174072 0.564030706882477 0.549045205116272 0.581022262573242 0.545904219150543 0.456427395343781 0.516782283782959 0.396649569272995 0.434762746095657 0.417409956455231 0.379944294691086 0.378260791301727 0.406982749700546 0.390872865915298 0.395361095666885 0.406899929046631 0.424343585968018 0.399251371622086 0.389665156602859 0.38894858956337 0.406473129987717 0.403793096542358
0.689449608325958 0.628748893737793 0.59045147895813 0.582429528236389 0.552061021327972 0.569109380245209 0.582154035568237 0.553078711032867 0.563247978687286 0.62016636133194 0.666304886341095 0.682967782020569 0.72055047750473 0.781496047973633 0.828698754310608 0.854930758476257 0.844732820987701 0.832886219024658 0.834128439426422 0.859055459499359 0.894718289375305 0.619040369987488 0.686813592910767 0.653028309345245 0.620212495326996 0.601758241653442 0.559792101383209 0.538503408432007 0.416646778583527 0.431797981262207 0.351240992546082 0.348336488008499 0.392979919910431 0.405735611915588 0.343573898077011 0.417996853590012 0.33660414814949 0.314990401268005 0.4057497382164 0.414905548095703 0.375858068466187 0.422982573509216 0.430984020233154 0.431872546672821 0.433962255716324
0.762183248996735 0.705029726028442 0.67178875207901 0.588256061077118 0.550547301769257 0.548709213733673 0.544706642627716 0.571848452091217 0.60117894411087 0.637069463729858 0.615414440631866 0.661233246326447 0.669465720653534 0.693255186080933 0.735677361488342 0.768576860427856 0.758811950683594 0.760032773017883 0.807201862335205 0.814510881900787 0.807164072990417 0.51641970872879 0.567777276039124 0.488300144672394 0.474680811166763 0.468134999275208 0.429123520851135 0.396364092826843 0.337008118629456 0.386200100183487 0.343463271856308 0.373519569635391 0.355640679597855 0.378012865781784 0.314660608768463 0.377242714166641 0.303524494171143 0.287864536046982 0.34441813826561 0.421320021152496 0.418108761310577 0.419079959392548 0.434311121702194 0.416728317737579 0.42966890335083
0.77471137046814 0.665278792381287 0.610174298286438 0.587085783481598 0.583526790142059 0.568337380886078 0.535610020160675 0.536308169364929 0.594838678836823 0.630360782146454 0.66968959569931 0.593227386474609 0.65983909368515 0.686932921409607 0.728699147701263 0.723612844944 0.69828850030899 0.730152428150177 0.691214144229889 0.419593453407288 0.393722146749496 0.410812884569168 0.466068834066391 0.438559830188751 0.397138297557831 0.376783847808838 0.346764534711838 0.292025834321976 0.251302599906921 0.395996540784836 0.385694921016693 0.350735396146774 0.316838383674622 0.312569141387939 0.345406711101532 0.413102328777313 0.279711216688156 0.402948826551437 0.40983635187149 0.394414365291595 0.366466104984283 0.341976195573807 0.379359513521194 0.430881917476654 0.470121562480927
0.783107399940491 0.677764177322388 0.644091904163361 0.617493331432343 0.620165348052979 0.548249006271362 0.543243587017059 0.541248559951782 0.512773275375366 0.521027982234955 0.551712930202484 0.562492609024048 0.603597402572632 0.6923508644104 0.781942188739777 0.73058408498764 0.614642679691315 0.615325093269348 0.365404009819031 0.395467013120651 0.341232657432556 0.325528621673584 0.347063601016998 0.354792594909668 0.353268593549728 0.327740401029587 0.277197003364563 0.245749369263649 0.216487005352974 0.229192808270454 0.264991611242294 0.309128731489182 0.277357429265976 0.26669317483902 0.319818139076233 0.287537008523941 0.27828311920166 0.344979524612427 0.283050686120987 0.284931600093842 0.329663455486298 0.363631397485733 0.397714883089066 0.460123211145401 0.464871019124985
0.745409905910492 0.721526682376862 0.733759164810181 0.711888015270233 0.603117704391479 0.598875105381012 0.611924290657043 0.577116727828979 0.535600483417511 0.494859516620636 0.495916992425919 0.505419611930847 0.627815425395966 0.649368524551392 0.671779692173004 0.627092361450195 0.520868301391602 0.577175974845886 0.349742978811264 0.39078813791275 0.321443140506744 0.308986783027649 0.301371097564697 0.290646612644196 0.286763191223145 0.320617944002151 0.247316434979439 0.195349857211113 0.189916670322418 0.186150848865509 0.172114193439484 0.17759020626545 0.170525208115578 0.228632301092148 0.246267542243004 0.232603460550308 0.229327738285065 0.240172445774078 0.254536926746368 0.283182710409164 0.297460317611694 0.321152329444885 0.362817138433456 0.429705202579498 0.458309471607208
0.751757204532623 0.738767325878143 0.768339216709137 0.807571947574615 0.804110944271088 0.669935047626495 0.58713310956955 0.604447901248932 0.526689291000366 0.516346454620361 0.492024809122086 0.487736105918884 0.479678988456726 0.505695104598999 0.544993042945862 0.433977395296097 0.400925189256668 0.25981679558754 0.296943455934525 0.384682178497314 0.35951754450798 0.291981190443039 0.26475465297699 0.25790598988533 0.252370059490204 0.235344976186752 0.194720938801765 0.171435162425041 0.187237977981567 0.139245212078094 0.104984506964684 0.103352874517441 0.105281338095665 0.0990703254938126 0.111778490245342 0.114189393818378 0.143748134374619 0.179943770170212 0.214894369244576 0.243080005049706 0.271126508712769 0.300137132406235 0.374997437000275 0.394190728664398 0.437427043914795
0.71890777349472 0.713686585426331 0.7679643034935 0.816040933132172 0.821585655212402 0.77836549282074 0.698861002922058 0.653452634811401 0.533967971801758 0.492723226547241 0.506073594093323 0.460213631391525 0.430889964103699 0.37324920296669 0.306102752685547 0.271983593702316 0.268881976604462 0.226764738559723 0.274371415376663 0.343503534793854 0.378408849239349 0.389350026845932 0.313841849565506 0.242779552936554 0.227467373013496 0.206947609782219 0.191245749592781 0.152818411588669 0.153708204627037 0.111018463969231 0.0911290794610977 0.0994138568639755 0.0931495502591133 0.0633601471781731 0.076042965054512 0.0988128110766411 0.138070300221443 0.16609700024128 0.220018357038498 0.245309546589851 0.271603763103485 0.316944688558578 0.353785932064056 0.413187712430954 0.4311503469944
0.692310571670532 0.705277264118195 0.741371273994446 0.746607184410095 0.742873013019562 0.691466987133026 0.625036418437958 0.585698485374451 0.567470669746399 0.485432803630829 0.48247554898262 0.485757410526276 0.515069484710693 0.436994642019272 0.270240902900696 0.210597917437553 0.0825456380844116 0.121804513037205 0.166011124849319 0.196324750781059 0.242458418011665 0.32097664475441 0.348968267440796 0.30737179517746 0.283389568328857 0.294321775436401 0.223045244812965 0.161204874515533 0.142922595143318 0.120200008153915 0.0974141731858253 0.0801587179303169 0.0662262439727783 0.0541533790528774 0.0675777569413185 0.0984384566545486 0.144326001405716 0.200085163116455 0.240703567862511 0.293310403823853 0.382248282432556 0.388328015804291 0.423521250486374 0.430775612592697 0.398090392351151
0.650098204612732 0.713296055793762 0.668974041938782 0.66538542509079 0.65890634059906 0.708680987358093 0.589532196521759 0.547403693199158 0.543617606163025 0.461323767900467 0.433683335781097 0.50947242975235 0.308314234018326 0.490358054637909 0.243584170937538 0.204406663775444 0.137426763772964 0.106288693845272 0.100807294249535 0.129204928874969 0.176143899559975 0.211567103862762 0.273486703634262 0.272144824266434 0.245494320988655 0.225950241088867 0.242004707455635 0.201425582170486 0.182834982872009 0.143770128488541 0.111218579113483 0.0843047872185707 0.0752914026379585 0.0730892196297646 0.0980366617441177 0.140285149216652 0.186294734477997 0.25957202911377 0.316715985536575 0.411525338888168 0.471492946147919 0.485382586717606 0.493560403585434 0.483158826828003 0.470852077007294
0.602611601352692 0.670305609703064 0.639631330966949 0.607284486293793 0.584084808826447 0.617810368537903 0.331632435321808 0.250222414731979 0.246264562010765 0.22003099322319 0.425419807434082 0.227868273854256 0.255124777555466 0.255037933588028 0.299695014953613 0.270262897014618 0.217098161578178 0.185405284166336 0.138561204075813 0.0982822701334953 0.12268403917551 0.196692287921906 0.223259016871452 0.249181881546974 0.228406667709351 0.242189541459084 0.205757260322571 0.201076537370682 0.20977109670639 0.211205393075943 0.117099292576313 0.114784874022007 0.120123714208603 0.143161982297897 0.19682988524437 0.284652143716812 0.342098206281662 0.373507380485535 0.433270007371902 0.480413168668747 0.507969260215759 0.530735194683075 0.527835488319397 0.580451369285583 0.563614845275879
0.589991748332977 0.588437557220459 0.611415147781372 0.603488564491272 0.522977292537689 0.274673044681549 0.254293620586395 0.321244329214096 0.325106173753738 0.341094404459 0.241857632994652 0.225499406456947 0.240764901041985 0.253037482500076 0.324650138616562 0.260331690311432 0.202373415231705 0.187909081578255 0.13914267718792 0.138985365629196 0.11437600851059 0.159737899899483 0.241741463541985 0.230893164873123 0.24359205365181 0.24549275636673 0.238687917590141 0.194627374410629 0.207417652010918 0.19623564183712 0.183630421757698 0.207786649465561 0.229866430163383 0.279006659984589 0.370005518198013 0.419624298810959 0.487618565559387 0.545015633106232 0.548381388187408 0.544934928417206 0.588210761547089 0.593964874744415 0.602664768695831 0.628167748451233 0.648802101612091
0.543190956115723 0.528823733329773 0.531229913234711 0.578286707401276 0.27141010761261 0.268427670001984 0.238985985517502 0.306454360485077 0.34587824344635 0.409012198448181 0.362872153520584 0.337553143501282 0.31958544254303 0.312455534934998 0.327371299266815 0.258309841156006 0.22173884510994 0.20337700843811 0.185351505875587 0.169148415327072 0.163416475057602 0.146862149238586 0.160220682621002 0.169445812702179 0.193551108241081 0.170629486441612 0.187402293086052 0.211402535438538 0.261876910924911 0.27711033821106 0.246535271406174 0.267291516065598 0.242531567811966 0.283302873373032 0.367341935634613 0.517873346805573 0.571077167987823 0.624326527118683 0.657419800758362 0.641616344451904 0.669700801372528 0.688889443874359 0.932174444198608 0.924014925956726 0.910687863826752
0.590736567974091 0.600617289543152 0.594901859760284 0.571900546550751 0.288332730531693 0.315229713916779 0.313801646232605 0.303605973720551 0.372840166091919 0.426549315452576 0.43432754278183 0.459633857011795 0.471986591815948 0.375641405582428 0.326257675886154 0.305351912975311 0.261590272188187 0.255611717700958 0.222445398569107 0.190628185868263 0.169804990291595 0.18658247590065 0.20161147415638 0.211767017841339 0.208380416035652 0.218189358711243 0.206351771950722 0.268339186906815 0.254531979560852 0.227460592985153 0.270194172859192 0.316945374011993 0.263297200202942 0.313251614570618 0.74568909406662 0.782200634479523 0.8514124751091 0.902251064777374 0.912780702114105 0.691532373428345 0.687161266803741 0.926588296890259 0.935397982597351 0.949713289737701 0.910953521728516
0.753774464130402 0.695934236049652 0.655339002609253 0.636853992938995 0.314833283424377 0.355816185474396 0.37710228562355 0.383295089006424 0.372180134057999 0.417809098958969 0.478850245475769 0.498939901590347 0.545484066009521 0.415442019701004 0.401653796434402 0.33689084649086 0.384371548891068 0.361005544662476 0.265802294015884 0.237708628177643 0.236346289515495 0.269235074520111 0.252181589603424 0.262729793787003 0.306447327136993 0.267643630504608 0.288466602563858 0.293410688638687 0.284889161586761 0.349862933158875 0.679793894290924 0.704998135566711 0.66776829957962 0.6596759557724 0.756334543228149 0.875002205371857 0.916791081428528 0.893016219139099 0.646589994430542 0.666495621204376 0.643499195575714 0.870177209377289 0.897162258625031 0.894869744777679 -3.4e+38
0.728373408317566 0.719265639781952 0.721813678741455 0.730433642864227 0.387192964553833 0.348788022994995 0.392356544733047 0.458597987890244 0.44759276509285 0.411796659231186 0.485470652580261 0.538432478904724 0.494891941547394 0.559013843536377 0.465585380792618 0.414662152528763 0.389502137899399 0.351257622241974 0.289028316736221 0.302592188119888 0.309497356414795 0.333406567573547 0.334941148757935 0.297819375991821 0.310381859540939 0.34788590669632 0.373966813087463 0.371440559625626 0.368079662322998 0.698383331298828 0.745883584022522 0.748755216598511 0.776486098766327 0.690818727016449 0.887156426906586 0.931065320968628 0.912901639938354 0.544341206550598 0.582533419132233 0.583501935005188 0.622287750244141 -3.4e+38 -3.4e+38 -3.4e+38 -3.4e+38
0.720493853092194 0.751880764961243 0.74769401550293 0.700077414512634 0.362390071153641 0.364125609397888 0.403985589742661 0.441530853509903 0.452964752912521 0.440215080976486 0.459044098854065 0.530596077442169 0.526995062828064 0.512836337089539 0.55696439743042 0.496049821376801 0.455434709787369 0.329345285892487 0.355425745248795 0.337791472673416 0.398749977350235 0.358891397714615 0.335489571094513 0.330158710479736 0.343519687652588 0.425255656242371 0.41060996055603 0.438382834196091 0.74824845790863 0.760659098625183 0.80050528049469 0.772251129150391 0.857865691184998 0.87677264213562 0.906957864761353 0.911905109882355 0.904903709888458 0.789058804512024 -3.4e+38 -3.4e+38 -3.4e+38 -3.4e+38 -3.4e+38 -3.4e+38 -3.4e+38
0.67898029088974 0.741906702518463 0.678832411766052 0.680644452571869 0.350204318761826 0.385663390159607 0.398829400539398 0.433077782392502 0.460998713970184 0.465829640626907 0.425032883882523 0.507994771003723 0.495782047510147 0.497990489006042 0.508632183074951 0.545338273048401 0.528400421142578 0.435367077589035 0.434844970703125 0.434152096509933 0.408511370420456 0.403496414422989 0.38509812951088 0.390215128660202 0.454253733158112 0.47946298122406 0.49724805355072 0.471987843513489 0.818854808807373 0.871853232383728 0.867699265480042 0.781274259090424 0.829537689685822 0.939127206802368 0.875903129577637 0.779941916465759 -3.4e+38 -3.4e+38 -3.4e+38 -3.4e+38 -3.4e+38 -3.4e+38 -3.4e+38 -3.4e+38 -3.4e+38
