data/climate_estimation/maxent_output/Colchicum_multiflorum.asc
NCOLS 214 
NROWS 154 
XLLCORNER -7.91666666666667 
YLLCORNER 36.75 
CELLSIZE 0.0833333333333333 
NODATA_value -3.4e+38 
[rows 22 to 43 of 154, columns 144 to 191 of 214]
0.262887984514236 0.260521531105042 0.254458725452423 0.236701771616936 0.229349568486214 0.216322809457779 0.206324681639671 0.206910461187363 0.190930381417274 0.182723984122276 0.171598896384239 0.159006655216217 0.155520260334015 0.156586602330208 0.182887181639671 0.176064729690552 0.164092391729355 0.159860506653786 0.145942866802216 0.130440026521683 0.127059355378151 0.115146934986115 0.102676190435886 0.0945347994565964 0.0799731910228729 0.0780303701758385 0.0746301859617233 0.0733411982655525 0.0728433728218079 0.0695581287145615 0.0645739510655403 0.0635062605142593 0.0675819516181946 0.0693914741277695 0.0797846540808678 0.108922153711319 0.148861780762672 0.16479104757309 0.178306505084038 0.130281463265419 0.116364039480686 0.104761868715286 0.0984290540218353 0.0741744041442871 0.0703060328960419 0.0514968745410442 0.0387309640645981 0.0332024022936821
0.261673182249069 0.248243480920792 0.395435184240341 0.240624099969864 0.209642365574837 0.209127262234688 0.196561202406883 0.189127564430237 0.17141617834568 0.156208679080009 0.153059706091881 0.169232532382011 0.153151214122772 0.151006087660789 0.165850728750229 0.162216231226921 0.158011794090271 0.156225040555 0.137286677956581 0.134985640645027 0.129347130656242 0.113087169826031 0.10151731222868 0.0894102081656456 0.0822199657559395 0.07908596098423 0.0684796795248985 0.0766298398375511 0.071265421807766 0.0686499997973442 0.0655622705817223 0.0668253749608994 0.0697609782218933 0.0703795775771141 0.0849837064743042 0.105998814105988 0.131484940648079 0.163875192403793 0.190087705850601 0.138094753026962 0.126355558633804 0.099463164806366 0.0929384082555771 0.0846052616834641 0.0764675885438919 0.0761782452464104 0.0456302501261234 0.0499162226915359
0.247199326753616 0.267653226852417 0.252751886844635 0.236328259110451 0.226764783263206 0.208666369318962 0.176979914307594 0.16112956404686 0.159331083297729 0.154456198215485 0.153032794594765 0.161935344338417 0.172296077013016 0.172124072909355 0.16460870206356 0.159447148442268 0.1477882117033 0.138206049799919 0.13392348587513 0.130421206355095 0.117621846497059 0.108311183750629 0.0980159640312195 0.0818824097514153 0.0749268531799316 0.0737707540392876 0.0730908662080765 0.0715582966804504 0.0688240528106689 0.0679702460765839 0.0689399763941765 0.0675621777772903 0.0692574307322502 0.0730509907007217 0.0886575281620026 0.0948666930198669 0.116839647293091 0.139840543270111 0.158775225281715 0.169100180268288 0.126024976372719 0.105117075145245 0.0952540338039398 0.0873647183179855 0.073202483355999 0.0650532469153404 0.0614566318690777 0.055268045514822
0.247996166348457 0.22714826464653 0.2273990213871 0.22159144282341 0.20289908349514 0.183677271008492 0.176445975899696 0.146798565983772 0.138175249099731 0.124855972826481 0.128717094659805 0.143617779016495 0.15829499065876 0.14440131187439 0.148947432637215 0.144851386547089 0.133272483944893 0.126824676990509 0.128031432628632 0.122372686862946 0.11871599406004 0.102044634521008 0.0883955806493759 0.0814310237765312 0.0789882466197014 0.0737196281552315 0.073356419801712 0.0698809921741486 0.065153568983078 0.068462148308754 0.0704615488648415 0.073397122323513 0.0750309079885483 0.0791191458702087 0.0753648802638054 0.0907822847366333 0.105326808989048 0.112332887947559 0.0976767763495445 0.137147217988968 0.148749336600304 0.101145461201668 0.0979858860373497 0.0810815393924713 0.0795348361134529 0.0656912997364998 0.0596621185541153 0.0526138134300709
0.217828750610352 0.217547401785851 0.21760830283165 0.198114007711411 0.202395260334015 0.172721043229103 0.159492015838623 0.140116512775421 0.115033507347107 0.128717094659805 0.135215222835541 0.147198811173439 0.146800920367241 0.140485569834709 0.131851211190224 0.130016535520554 0.121708281338215 0.119371980428696 0.113691672682762 0.110671006143093 0.103031806647778 0.10013223439455 0.0979462489485741 0.093035064637661 0.0850145816802979 0.0772662609815598 0.0680770352482796 0.0638594999909401 0.0650944337248802 0.0644384399056435 0.0597928315401077 0.0635531470179558 0.0630483254790306 0.0637475997209549 0.0664044395089149 0.0748101323843002 0.0747425109148026 0.0751996636390686 0.0878350734710693 0.140128672122955 0.122088253498077 0.104390822350979 0.0680822059512138 0.072428472340107 0.0563792027533054 0.064795546233654 0.0589245036244392 0.0497390888631344
0.164582878351212 0.178086578845978 0.210002616047859 0.189803212881088 0.169480755925179 0.169714033603668 0.153537482023239 0.13653364777565 0.159045055508614 0.140345335006714 0.136220380663872 0.134216949343681 0.122963219881058 0.127494171261787 0.115706473588943 0.109600201249123 0.108909726142883 0.106466025114059 0.1019337028265 0.108136251568794 0.0992341637611389 0.103051967918873 0.100425779819489 0.0862506106495857 0.0761729031801224 0.0704438090324402 0.0617091953754425 0.060519527643919 0.0866716429591179 0.081327497959137 0.0723460614681244 0.0868899449706078 0.0560327060520649 0.0413898825645447 0.0442612282931805 0.0370799228549004 0.0336205884814262 0.046850860118866 0.0469642542302608 0.0634005293250084 0.0502780936658382 0.0409021563827991 0.0747427269816399 0.0756781846284866 0.0663828179240227 0.0599044971168041 0.060637928545475 0.0473156310617924
0.164045616984367 0.182694301009178 0.187034845352173 0.197016507387161 0.18018214404583 0.177119567990303 0.161033689975739 0.147150501608849 0.111213803291321 0.126249358057976 0.133807092905045 0.12452544271946 0.114731721580029 0.116262793540955 0.107946790754795 0.106278151273727 0.0971187651157379 0.0982479155063629 0.0961345583200455 0.0956377387046814 0.0951528996229172 0.0936155542731285 0.0955972969532013 0.0851372629404068 0.0599250346422195 0.0948447808623314 0.0861582234501839 0.0727459341287613 0.0657237842679024 0.0659351795911789 0.064216710627079 0.0609799362719059 0.0494945421814919 0.0307062547653913 0.0236671157181263 0.0211269874125719 0.0294153559952974 0.0418541356921196 0.0429727509617805 0.0593194887042046 0.0962670594453812 0.102069519460201 0.091665044426918 0.0804456248879433 0.0723547488451004 0.0632943511009216 0.048862986266613 0.0413383767008781
0.16852118074894 0.210043922066689 0.194454967975616 0.191926643252373 0.18817375600338 0.169071227312088 0.164689987897873 0.13677129149437 0.120305143296719 0.128417700529099 0.128938123583794 0.114142499864101 0.103135906159878 0.096198707818985 0.0921304151415825 0.0907011479139328 0.0876958817243576 0.0887190625071526 0.0928013920783997 0.0881903246045113 0.088385596871376 0.0894092619419098 0.0819478183984756 0.0640657097101212 0.0975750237703323 0.0868278369307518 0.0648921504616737 0.0590594373643398 0.0577596984803677 0.0512770935893059 0.043543066829443 0.0422447361052036 0.0368683114647865 0.032965399324894 0.0181220453232527 0.0155047634616494 0.024030277505517 0.0876870676875114 0.148732528090477 0.152318671345711 0.135238513350487 0.101947918534279 0.091313049197197 0.0728388875722885 0.0592378675937653 0.0443551242351532 0.0464940629899502 0.0336247347295284
0.204052969813347 0.227659359574318 0.215754494071007 0.206452861428261 0.198240160942078 0.173051506280899 0.151174247264862 0.124394826591015 0.140698626637459 0.120291881263256 0.116468049585819 0.109003446996212 0.100172691047192 0.0907007679343224 0.0854614451527596 0.0859008729457855 0.0851450562477112 0.0813153013586998 0.0793533101677895 0.0814868211746216 0.0816498771309853 0.0749686360359192 0.0704203024506569 0.0872379913926125 0.0735702663660049 0.072153128683567 0.0584288164973259 0.0444996915757656 0.0408923923969269 0.0445739328861237 0.040773794054985 0.0337620079517365 0.0267232023179531 0.038738876581192 0.0422771610319614 0.0979956164956093 0.135226771235466 0.145993992686272 0.13764600455761 0.127135574817657 0.136800214648247 0.129579126834869 0.0791709125041962 0.0591900385916233 0.0409845188260078 0.0219963788986206 0.0235231854021549 0.0246781054884195
0.22082245349884 0.244380727410316 0.207226470112801 0.184466347098351 0.173470214009285 0.165232285857201 0.147802174091339 0.143095031380653 0.134521156549454 0.124144740402699 0.106254234910011 0.100070670247078 0.0985751450061798 0.0842791795730591 0.0785457119345665 0.0802052393555641 0.0802311897277832 0.0764869228005409 0.0714190229773521 0.0752014741301537 0.0723831951618195 0.0593124181032181 0.0781651586294174 0.0642915889620781 0.0544989593327045 0.0524274632334709 0.0487550310790539 0.0449449568986893 0.0302310399711132 0.0250224191695452 0.0312853157520294 0.0321591906249523 0.0548535697162151 0.104588583111763 0.136969059705734 0.135637864470482 0.144995212554932 0.152072548866272 0.120374515652657 0.130530953407288 0.140437945723534 0.102387472987175 0.0677835121750832 0.0763182118535042 0.0388400591909885 0.0200844556093216 0.017937233671546 0.0172414109110832
0.247804269194603 0.243403419852257 0.193196341395378 0.165287256240845 0.165734738111496 0.160568371415138 0.153890907764435 0.139932617545128 0.11559996753931 0.110920071601868 0.105720356106758 0.0961124375462532 0.0826101005077362 0.0787381902337074 0.0799214616417885 0.0710432529449463 0.0703645870089531 0.0676227062940598 0.0645827054977417 0.0624117814004421 0.0568364821374416 0.0464628115296364 0.0704788640141487 0.0523295551538467 0.04823062941432 0.048576682806015 0.0441612973809242 0.0347070544958115 0.0228804983198643 0.0209477841854095 0.0329706743359566 0.0559584051370621 0.0973760858178139 0.118362136185169 0.123840227723122 0.125401109457016 0.107036508619785 0.123107761144638 0.111410334706306 0.0966035351157188 0.0803438425064087 0.135546281933784 0.0830035880208015 0.048758864402771 0.0315322130918503 0.0193699318915606 0.00615046499297023 0.00466622319072485
0.255110621452332 0.228008419275284 0.19384129345417 0.198424652218819 0.189529463648796 0.165420949459076 0.145004168152809 0.130031645298004 0.1137715280056 0.10264628380537 0.0958072915673256 0.0863040909171104 0.0780207514762878 0.07212994992733 0.069524310529232 0.0718566924333572 0.063641257584095 0.0649818629026413 0.0631204321980476 0.0583307631313801 0.0528353415429592 0.0481914095580578 0.0639310479164124 0.0522247813642025 0.0441839769482613 0.0370935685932636 0.0418321862816811 0.0743955969810486 0.0615243017673492 0.0738659799098969 0.0820365250110626 0.0865229219198227 0.079535610973835 0.0880487635731697 0.0898865982890129 0.0776998102664948 0.0952216908335686 0.0830925330519676 0.0580889247357845 0.0508384555578232 0.0503636449575424 0.147702604532242 0.11104528605938 0.0436518266797066 0.0137082431465387 0.00648538023233414 0.0049479166045785 0.00462868856266141
0.246577471494675 0.239951133728027 0.214862376451492 0.200245633721352 0.176637977361679 0.167564809322357 0.141539990901947 0.12850233912468 0.116501271724701 0.10097997635603 0.0923908054828644 0.0851529911160469 0.0717504546046257 0.0689179822802544 0.0621561110019684 0.0594587065279484 0.0560444518923759 0.0592189691960812 0.0612546131014824 0.0588166527450085 0.0547404699027538 0.0448348000645638 0.0682415366172791 0.121322914958 0.086276464164257 0.0780180692672729 0.0590258724987507 0.0882868617773056 0.058216605335474 0.0763387903571129 0.070216953754425 0.067047968506813 0.0617933496832848 0.0744760856032372 0.0610297694802284 0.0575505718588829 0.0596909672021866 0.0200780555605888 0.0183601751923561 0.00748893246054649 0.00536515051499009 0.0244350787252188 0.117733396589756 0.0795917063951492 0.0110425725579262 0.0207550060003996 0.00981719698756933 0.00188964209519327
0.235796540975571 0.223958119750023 0.205302968621254 0.197957530617714 0.174311727285385 0.167257502675056 0.147893711924553 0.118185721337795 0.107906363904476 0.100951716303825 0.0823284015059471 0.0776235237717628 0.0709894374012947 0.0646193772554398 0.0608299598097801 0.0552808605134487 0.0591399967670441 0.0621360428631306 0.0594467595219612 0.0596910119056702 0.0505200736224651 0.0623633451759815 0.0496567338705063 0.11581951379776 0.0553421713411808 0.0458667650818825 0.0421098098158836 0.0365432240068913 0.0988623797893524 0.122383512556553 0.110823690891266 0.0816770121455193 0.07220658659935 0.0532908067107201 0.0461453832685947 0.058425884693861 0.0411210805177689 0.0124351466074586 0.00542487716302276 0.0104054734110832 0.00884545780718327 0.016861567273736 0.00684179179370403 0.0357603281736374 0.00556326750665903 0.00588887464255095 0.00278307101689279 0.00192121171858162
0.233685851097107 0.22122260928154 0.223330691456795 0.21013268828392 0.186424434185028 0.15739081799984 0.136849761009216 0.123603537678719 0.117899805307388 0.0974584743380547 0.0842244103550911 0.0756951197981834 0.0692132785916328 0.0591836832463741 0.0587502270936966 0.0567272379994392 0.0652549266815186 0.0594274625182152 0.0581966862082481 0.0593333356082439 0.0429608859121799 0.149048939347267 0.135574623942375 0.106544226408005 0.0456489026546478 0.0363231562077999 0.0814737007021904 0.0798494219779968 0.103658683598042 0.11013875156641 0.112942658364773 0.0843130871653557 0.108581691980362 0.0995456203818321 0.0158299021422863 0.0188777483999729 0.0171279013156891 0.00864273495972157 0.00883570779114962 0.0119026396423578 0.00471655838191509 0.00301639712415636 0.00797719974070787 0.00241633248515427 0.000658406759612262 0.000980877899564803 0.000119908145279624 2.41567940975074e-05
0.239081472158432 0.232273742556572 0.225295022130013 0.220354214310646 0.197668194770813 0.168015107512474 0.151420772075653 0.132968932390213 0.111848376691341 0.0617351233959198 0.082491897046566 0.0741876214742661 0.0641012489795685 0.0593538135290146 0.0526227131485939 0.0574773885309696 0.060678493231535 0.0584102272987366 0.0601903833448887 0.0535569302737713 0.18599396944046 0.18508006632328 0.131341814994812 0.0700956434011459 0.0415004789829254 0.0563134402036667 0.0891227796673775 0.0929675549268723 0.0888244658708572 0.0968019440770149 0.0635369718074799 0.0720066726207733 0.0847515016794205 0.0851943790912628 0.0132350716739893 0.0155795197933912 0.0110678290948272 0.00623945239931345 0.0105616059154272 0.00481042824685574 0.00490641966462135 0.00322147528640926 0.00109783548396081 0.000466347381006926 0.00015897631237749 0.000195894157513976 4.15299764426891e-05 9.01555467862636e-05
0.251715630292892 0.24975548684597 0.157041564583778 0.225286900997162 0.203893691301346 0.176245987415314 0.154531300067902 0.134213179349899 0.0774037912487984 0.061522476375103 0.0523373447358608 0.0465433038771152 0.0433851554989815 0.0552193447947502 0.0333126932382584 0.0567934848368168 0.0566450320184231 0.0595531277358532 0.0539227426052094 0.0573634654283524 0.0493542887270451 0.205609887838364 0.0772102102637291 0.0775061026215553 0.0669382363557816 0.0865346938371658 0.0806306600570679 0.0830079689621925 0.0839411392807961 0.0958424136042595 0.0894333496689796 0.033874899148941 0.0340470410883427 0.137900218367577 0.0249480046331882 0.0155511200428009 0.00928227789700031 0.00513190822675824 0.00347367580980062 0.000895849836524576 0.00105178263038397 0.000338738493155688 0.00182144914288074 0.000561501947231591 0.00131333933677524 0.000210994927329011 0.000776350672822446 0.00311128445900977
0.203944057226181 0.198329597711563 0.172791078686714 0.23307603597641 0.188726022839546 0.187303021550179 0.158550545573235 0.0958697497844696 0.0689106583595276 0.0600365661084652 0.0534288324415684 0.0457575246691704 0.039161317050457 0.0349474214017391 0.0329875499010086 0.0544758886098862 0.0551602840423584 0.0530183091759682 0.0569842346012592 0.220745429396629 0.167612299323082 0.0832874104380608 0.0799813792109489 0.0826283842325211 0.0866714194417 0.076993890106678 0.0775008276104927 0.0861997008323669 0.0647819191217422 0.0375656336545944 0.0363450758159161 0.0766587033867836 0.0267800875008106 0.0156022422015667 0.140381053090096 0.0266010351479053 0.0056661213748157 0.00176741927862167 0.00403032451868057 0.00471913581714034 0.0271817687898874 0.0632448345422745 0.0132397413253784 0.011107275262475 0.00809489190578461 0.0143389878794551 0.00545366900041699 0.00255175214260817
0.186494544148445 0.183949142694473 0.178154096007347 0.169344782829285 0.161652088165283 0.164922133088112 0.150968879461288 0.090876467525959 0.0663489550352097 0.0621118433773518 0.0529304780066013 0.0450433157384396 0.0407820641994476 0.0343410819768906 0.0332959815859795 0.05114870890975 0.0549191422760487 0.0593067444860935 0.0456569902598858 0.199268832802773 0.181529954075813 0.161398619413376 0.0526241399347782 0.0741025134921074 0.0738449990749359 0.0664142593741417 0.0752409771084785 0.0523820221424103 0.114269576966763 0.0585473440587521 0.0511870086193085 0.0482948608696461 0.0117956670001149 0.0520918071269989 0.0155610479414463 0.0171165447682142 0.00513380765914917 0.0198804996907711 0.0757844969630241 0.0380000919103622 0.00515768676996231 0.00352259259670973 0.00119584123604 0.000448519305791706 0.00115441542584449 0.00364733021706343 0.000339050922775641 0.000483629846712574
0.135486111044884 0.175365701317787 0.186823844909668 0.137265458703041 0.138406842947006 0.122327610850334 0.0993282943964005 0.0805347859859467 0.0629817843437195 0.0617494657635689 0.0554043166339397 0.0504531264305115 0.0416195578873158 0.0354373641312122 0.0324734933674335 0.0475202463567257 0.0538106933236122 0.0505852252244949 0.203073427081108 0.159428492188454 0.0520907901227474 0.21624194085598 0.0460249036550522 0.0434052087366581 0.0765792429447174 0.0636807307600975 0.0688242465257645 0.0742286443710327 0.0533993765711784 0.0449904538691044 0.115308865904808 0.0722163915634155 0.0123281748965383 0.00605145469307899 0.00494004553183913 0.0348210148513317 0.0489395596086979 0.0120393708348274 0.00172226713038981 0.00148432853166014 0.00333339930512011 0.000640916521660984 0.000651125563308597 5.73382058064453e-05 0.00143138912972063 8.30055214464664e-05 0.000337886536726728 0.000226091506192461
0.136800423264503 0.166847810149193 0.187972858548164 0.172877252101898 0.142460078001022 0.13222548365593 0.102646134793758 0.0735302269458771 0.0660411864519119 0.0617933794856071 0.054119884967804 0.0478032529354095 0.0422921068966389 0.0368240028619766 0.02627625875175 0.0298340357840061 0.0572844743728638 0.212448492646217 0.191851437091827 0.146726384758949 0.0508182533085346 0.0492908321321011 0.0486668534576893 0.0444548092782497 0.20902244746685 0.0662095546722412 0.190549969673157 0.185187235474586 0.113296180963516 0.149403542280197 0.025260217487812 0.0534217581152916 0.0464135371148586 0.00327161233872175 0.0163919050246477 0.00982421915978193 0.0111318891867995 0.00374626601114869 0.00200668256729841 0.000245844246819615 0.000399706099415198 0.00037425514892675 8.37930565467104e-05 0.000208940968150273 0.00108469242695719 3.62238424713723e-05 0.000300001061987132 0.000281910150079057
0.150031968951225 0.172258839011192 0.184185817837715 0.179754048585892 0.154283538460732 0.119249194860458 0.100163877010345 0.0593949519097805 0.0646385028958321 0.0654405504465103 0.0575358867645264 0.0506015196442604 0.0310391802340746 0.0276161357760429 0.0258860550820827 0.0333666913211346 0.054523766040802 0.220500454306602 0.217277243733406 0.238199084997177 0.242490351200104 0.047929760068655 0.0472446344792843 0.0452478937804699 0.0440089926123619 0.213805124163628 0.0744250118732452 0.0929262116551399 0.0571272298693657 0.0178713575005531 0.0289881713688374 0.0326128378510475 0.017371017485857 0.0132182873785496 0.00238135131075978 0.000269496027613059 0.0104358587414026 0.0057727787643671 0.000136311704409309 0.000736167770810425 8.34668171592057e-05 0.000148229402839206 0.000206019394681789 0.000146497259265743 9.88679094007239e-05 4.14913665736094e-05 0.00107581785414368 0.003685322124511
