data/climate_estimation/maxent_output/Colchicum_ritchii.asc
NCOLS 327 
NROWS 52 
XLLCORNER 10.3333333333333 
YLLCORNER 29.5833333333333 
CELLSIZE 0.0833333333333333 
NODATA_value -3.4e+38 
[rows 0 to 21 of 52, columns 0 to 48 of 327]
-339999999999999996123846586046231871488.000000000000000 -3.4e+38 -3.4e+38 -3.4e+38 -3.4e+38 0.676875531673431 0.683974981307983 0.668459296226501 0.681306600570679 -3.4e+38 -3.4e+38 -3.4e+38 -3.4e+38 -3.4e+38 -3.4e+38 -3.4e+38 -3.4e+38 -3.4e+38 -3.4e+38 -3.4e+38 -3.4e+38 -3.4e+38 -3.4e+38 -3.4e+38 -3.4e+38 -3.4e+38 -3.4e+38 -3.4e+38 -3.4e+38 -3.4e+38 -3.4e+38 -3.4e+38 -3.4e+38 -3.4e+38 -3.4e+38 -3.4e+38 -3.4e+38 -3.4e+38 -3.4e+38 -3.4e+38 -3.4e+38 -3.4e+38 -3.4e+38 -3.4e+38 -3.4e+38 -3.4e+38 -3.4e+38 -3.4e+38 -3.4e+38
-3.4e+38 -3.4e+38 -3.4e+38 -3.4e+38 0.582363247871399 0.615482032299042 0.627701759338379 0.614474058151245 0.66892397403717 -3.4e+38 -3.4e+38 -3.4e+38 -3.4e+38 -3.4e+38 -3.4e+38 -3.4e+38 -3.4e+38 -3.4e+38 -3.4e+38 -3.4e+38 -3.4e+38 -3.4e+38 -3.4e+38 -3.4e+38 -3.4e+38 -3.4e+38 -3.4e+38 -3.4e+38 -3.4e+38 -3.4e+38 -3.4e+38 -3.4e+38 -3.4e+38 -3.4e+38 -3.4e+38 -3.4e+38 -3.4e+38 -3.4e+38 -3.4e+38 -3.4e+38 -3.4e+38 -3.4e+38 -3.4e+38 -3.4e+38 -3.4e+38 -3.4e+38 -3.4e+38 -3.4e+38 -3.4e+38
0.38648533821106 0.36102768778801 -3.4e+38 0.327985852956772 0.293745458126068 0.443047970533371 0.439957678318024 0.51053375005722 -3.4e+38 -3.4e+38 -3.4e+38 -3.4e+38 -3.4e+38 -3.4e+38 -3.4e+38 -3.4e+38 -3.4e+38 -3.4e+38 -3.4e+38 -3.4e+38 -3.4e+38 -3.4e+38 -3.4e+38 -3.4e+38 -3.4e+38 -3.4e+38 -3.4e+38 -3.4e+38 -3.4e+38 -3.4e+38 -3.4e+38 -3.4e+38 -3.4e+38 -3.4e+38 -3.4e+38 -3.4e+38 -3.4e+38 -3.4e+38 -3.4e+38 -3.4e+38 -3.4e+38 -3.4e+38 -3.4e+38 -3.4e+38 -3.4e+38 -3.4e+38 -3.4e+38 -3.4e+38 -3.4e+38
0.276167899370193 0.310992211103439 0.265656530857086 0.245550945401192 0.162228062748909 -3.4e+38 0.222178369760513 0.245088189840317 0.339377075433731 0.414492607116699 -3.4e+38 -3.4e+38 -3.4e+38 -3.4e+38 -3.4e+38 -3.4e+38 -3.4e+38 -3.4e+38 -3.4e+38 -3.4e+38 -3.4e+38 -3.4e+38 -3.4e+38 -3.4e+38 -3.4e+38 -3.4e+38 -3.4e+38 -3.4e+38 -3.4e+38 -3.4e+38 -3.4e+38 -3.4e+38 -3.4e+38 -3.4e+38 -3.4e+38 -3.4e+38 -3.4e+38 -3.4e+38 -3.4e+38 -3.4e+38 -3.4e+38 -3.4e+38 -3.4e+38 -3.4e+38 -3.4e+38 -3.4e+38 -3.4e+38 -3.4e+38 -3.4e+38
0.137020528316498 0.150223657488823 0.144019141793251 0.10973995923996 0.080741859972477 0.0654371753334999 0.0784716084599495 0.176496893167496 0.270222693681717 0.39137077331543 -3.4e+38 -3.4e+38 -3.4e+38 -3.4e+38 -3.4e+38 -3.4e+38 -3.4e+38 -3.4e+38 -3.4e+38 -3.4e+38 -3.4e+38 -3.4e+38 -3.4e+38 -3.4e+38 -3.4e+38 -3.4e+38 -3.4e+38 -3.4e+38 -3.4e+38 -3.4e+38 -3.4e+38 -3.4e+38 -3.4e+38 -3.4e+38 -3.4e+38 -3.4e+38 -3.4e+38 -3.4e+38 -3.4e+38 -3.4e+38 -3.4e+38 -3.4e+38 -3.4e+38 -3.4e+38 -3.4e+38 -3.4e+38 -3.4e+38 -3.4e+38 -3.4e+38
0.0833183899521828 0.0757656842470169 0.0661359652876854 0.0632731467485428 0.0553342886269093 0.0511735677719116 0.0835521146655083 0.135347574949265 0.191801071166992 0.284806221723557 -3.4e+38 -3.4e+38 -3.4e+38 -3.4e+38 -3.4e+38 -3.4e+38 -3.4e+38 -3.4e+38 -3.4e+38 -3.4e+38 -3.4e+38 -3.4e+38 -3.4e+38 -3.4e+38 -3.4e+38 -3.4e+38 -3.4e+38 -3.4e+38 -3.4e+38 -3.4e+38 -3.4e+38 -3.4e+38 -3.4e+38 -3.4e+38 -3.4e+38 -3.4e+38 -3.4e+38 -3.4e+38 -3.4e+38 -3.4e+38 -3.4e+38 -3.4e+38 -3.4e+38 -3.4e+38 -3.4e+38 -3.4e+38 -3.4e+38 -3.4e+38 -3.4e+38
0.0437126457691193 0.0494793206453323 0.0522395856678486 0.0416640192270279 0.0421005226671696 0.0493379160761833 0.0578878745436668 0.08598343282938 0.152238801121712 0.268070131540298 0.32312861084938 -3.4e+38 -3.4e+38 -3.4e+38 -3.4e+38 -3.4e+38 -3.4e+38 -3.4e+38 -3.4e+38 -3.4e+38 -3.4e+38 -3.4e+38 -3.4e+38 -3.4e+38 -3.4e+38 -3.4e+38 -3.4e+38 -3.4e+38 -3.4e+38 -3.4e+38 -3.4e+38 -3.4e+38 -3.4e+38 -3.4e+38 -3.4e+38 -3.4e+38 -3.4e+38 -3.4e+38 -3.4e+38 -3.4e+38 -3.4e+38 -3.4e+38 -3.4e+38 -3.4e+38 -3.4e+38 -3.4e+38 -3.4e+38 -3.4e+38 -3.4e+38
0.0324513167142868 0.0348927937448025 0.0397331900894642 0.0326108932495117 0.0356146730482578 0.0440851897001266 0.0510116964578629 0.0797477960586548 0.135659918189049 0.217752188444138 0.325671195983887 0.407924681901932 0.473050475120544 -3.4e+38 -3.4e+38 -3.4e+38 -3.4e+38 -3.4e+38 -3.4e+38 -3.4e+38 -3.4e+38 -3.4e+38 -3.4e+38 -3.4e+38 -3.4e+38 -3.4e+38 -3.4e+38 -3.4e+38 -3.4e+38 -3.4e+38 -3.4e+38 -3.4e+38 -3.4e+38 -3.4e+38 -3.4e+38 -3.4e+38 -3.4e+38 -3.4e+38 -3.4e+38 -3.4e+38 -3.4e+38 -3.4e+38 -3.4e+38 -3.4e+38 -3.4e+38 -3.4e+38 -3.4e+38 -3.4e+38 -3.4e+38
0.0305576138198376 0.024571830406785 0.0266017131507397 0.0298187620937824 0.0279559288173914 0.0346361398696899 0.0500875301659107 0.0718628764152527 0.124805845320225 0.223066613078117 0.319270312786102 0.339109301567078 0.430436462163925 0.614503085613251 0.669332444667816 -3.4e+38 -3.4e+38 -3.4e+38 -3.4e+38 -3.4e+38 -3.4e+38 -3.4e+38 -3.4e+38 -3.4e+38 -3.4e+38 -3.4e+38 -3.4e+38 -3.4e+38 -3.4e+38 -3.4e+38 -3.4e+38 -3.4e+38 -3.4e+38 -3.4e+38 -3.4e+38 -3.4e+38 -3.4e+38 -3.4e+38 -3.4e+38 -3.4e+38 -3.4e+38 -3.4e+38 -3.4e+38 -3.4e+38 -3.4e+38 -3.4e+38 -3.4e+38 -3.4e+38 -3.4e+38
0.0287634823471308 0.0216800309717655 0.0203219261020422 0.020850658416748 0.0255090389400721 0.0353690646588802 0.043137151747942 0.069808155298233 0.126004621386528 0.196014314889908 0.293058216571808 0.366836905479431 0.424515843391418 0.501498341560364 0.629258930683136 0.714553892612457 0.776771664619446 0.77923184633255 -3.4e+38 -3.4e+38 -3.4e+38 -3.4e+38 -3.4e+38 -3.4e+38 -3.4e+38 -3.4e+38 -3.4e+38 -3.4e+38 -3.4e+38 -3.4e+38 -3.4e+38 -3.4e+38 -3.4e+38 -3.4e+38 -3.4e+38 -3.4e+38 -3.4e+38 -3.4e+38 -3.4e+38 -3.4e+38 -3.4e+38 -3.4e+38 -3.4e+38 -3.4e+38 -3.4e+38 -3.4e+38 -3.4e+38 -3.4e+38 -3.4e+38
0.0264142695814371 0.022383151575923 0.0264302082359791 0.0255306605249643 0.0286242570728064 0.0289687737822533 0.0410809330642223 0.0662911236286163 0.0954575166106224 0.17761655151844 0.261898577213287 0.302796006202698 0.407378822565079 0.438255041837692 0.570240437984467 0.69269996881485 0.693843722343445 0.749114334583282 0.760130941867828 0.77923446893692 -3.4e+38 -3.4e+38 -3.4e+38 -3.4e+38 -3.4e+38 -3.4e+38 -3.4e+38 -3.4e+38 -3.4e+38 -3.4e+38 -3.4e+38 -3.4e+38 -3.4e+38 -3.4e+38 -3.4e+38 -3.4e+38 -3.4e+38 -3.4e+38 -3.4e+38 -3.4e+38 -3.4e+38 -3.4e+38 -3.4e+38 -3.4e+38 -3.4e+38 -3.4e+38 -3.4e+38 -3.4e+38 -3.4e+38
0.0273010917007923 0.025380739942193 0.0301838684827089 0.0227410774677992 0.0284111108630896 0.0376804508268833 0.0481051690876484 0.0608606487512589 0.0861779674887657 0.135489732027054 0.164894998073578 0.267880588769913 0.303532689809799 0.331703454256058 0.404531329870224 0.540851593017578 0.67529433965683 0.783949375152588 0.762872695922852 0.742853581905365 0.689782023429871 0.642398834228516 -3.4e+38 -3.4e+38 -3.4e+38 -3.4e+38 -3.4e+38 -3.4e+38 -3.4e+38 -3.4e+38 -3.4e+38 -3.4e+38 -3.4e+38 -3.4e+38 -3.4e+38 -3.4e+38 -3.4e+38 -3.4e+38 -3.4e+38 -3.4e+38 -3.4e+38 -3.4e+38 -3.4e+38 -3.4e+38 -3.4e+38 -3.4e+38 -3.4e+38 -3.4e+38 -3.4e+38
0.0243005529046059 0.0306166876107454 0.0364810191094875 0.0260843560099602 0.0277331992983818 0.0338918119668961 0.0351506359875202 0.0552331134676933 0.0825062990188599 0.0957421958446503 0.128518432378769 0.174242675304413 0.233155801892281 0.279306292533875 0.338448911905289 0.429164171218872 0.61839747428894 0.687986254692078 0.738127052783966 0.74900883436203 0.74754524230957 0.709097683429718 0.724679291248322 0.657836616039276 -3.4e+38 -3.4e+38 -3.4e+38 -3.4e+38 -3.4e+38 -3.4e+38 -3.4e+38 -3.4e+38 0.650532126426697 0.716704189777374 0.657107710838318 0.693773567676544 0.754454791545868 0.676264464855194 0.660404801368713 -3.4e+38 -3.4e+38 -3.4e+38 -3.4e+38 -3.4e+38 -3.4e+38 -3.4e+38 -3.4e+38 -3.4e+38 -3.4e+38
0.024548880755901 0.0297029186040163 0.0330854468047619 0.0287355873733759 0.0276195108890533 0.0254214871674776 0.0363917388021946 0.0488452687859535 0.0590113885700703 0.0804803445935249 0.11298231035471 0.151664897799492 0.182899847626686 0.202364534139633 0.246776759624481 0.282831996679306 0.4562928378582 0.640482842922211 0.70540314912796 0.685181617736816 0.758341014385223 0.748251140117645 0.768320798873901 0.73266863822937 0.66828715801239 0.733244359493256 0.706445455551147 0.697878539562225 0.660917043685913 0.643289923667908 0.683897495269775 0.683754563331604 0.583966255187988 0.593460440635681 0.585839152336121 0.59621250629425 0.595518350601196 0.656596481800079 0.623421132564545 0.59866338968277 0.608551025390625 0.555770933628082 0.607557058334351 0.556875169277191 -3.4e+38 -3.4e+38 -3.4e+38 -3.4e+38 -3.4e+38
0.0188413932919502 0.0194484982639551 0.0194492600858212 0.0222388412803411 0.0201750285923481 0.025715284049511 0.0357822515070438 0.0383654199540615 0.0491838715970516 0.0692980363965034 0.0823748409748077 0.106223419308662 0.138699099421501 0.163177207112312 0.180821731686592 0.24706968665123 0.386037796735764 0.513582587242126 0.628628015518188 0.65327399969101 0.743070363998413 0.703125953674316 0.729456126689911 0.763558208942413 0.738305151462555 0.692335247993469 0.735300600528717 0.631932199001312 0.587634801864624 0.620636761188507 0.596881687641144 0.526800274848938 0.406124949455261 0.301295220851898 0.317468225955963 0.399655878543854 0.489765852689743 0.542940318584442 0.583941698074341 0.622865736484528 0.625239729881287 0.569737315177917 0.609765768051147 0.643104553222656 0.612582266330719 0.556815087795258 0.598774969577789 0.586315453052521 -3.4e+38
0.0112576512619853 0.0163505282253027 0.0136648546904325 0.0161341670900583 0.0195643231272697 0.0258774235844612 0.0243419241160154 0.0308943502604961 0.0363951958715916 0.0507494658231735 0.0584921278059483 0.0835298374295235 0.0938887372612953 0.10944989323616 0.144159018993378 0.248194724321365 0.329501241445541 0.401424884796143 0.518969833850861 0.563820958137512 0.608303308486938 0.65637731552124 0.685211479663849 0.746056437492371 0.735673785209656 0.687715291976929 0.732513129711151 0.696020245552063 0.640248775482178 0.605010569095612 0.466058015823364 0.356206804513931 0.203702658414841 0.172954335808754 0.193865701556206 0.277865022420883 0.392861545085907 0.479282915592194 0.530098557472229 0.59936660528183 0.638230264186859 0.653864920139313 0.69064849615097 0.682743668556213 0.64369523525238 0.666591703891754 0.582301914691925 0.616486549377441 0.626458585262299
0.00869444757699966 0.0136170666664839 0.0127157839015126 0.0160154663026333 0.0207224618643522 0.0179539900273085 0.0276151094585657 0.0267262440174818 0.037013828754425 0.0492864511907101 0.0453701838850975 0.0609377548098564 0.0777160450816154 0.122720681130886 0.148110017180443 0.198063522577286 0.199978053569794 0.300405561923981 0.43998721241951 0.509892404079437 0.534178733825684 0.658775985240936 0.635922014713287 0.597195446491241 0.679500460624695 0.73388671875 0.696161210536957 0.64644455909729 0.597683727741241 0.522316873073578 0.446991860866547 0.23090523481369 0.153267070651054 0.131992369890213 0.139125615358353 0.198581859469414 0.297161996364594 0.343341439962387 0.373835474252701 0.43060439825058 0.486583709716797 0.633311986923218 0.669900596141815 0.671499490737915 0.698457598686218 0.726179659366608 0.650821447372437 0.65126234292984 0.641111195087433
0.0108129801228642 0.00897286832332611 0.012940282933414 0.0105749489739537 0.0139253148809075 0.0204091724008322 0.0232676565647125 0.0291500519961119 0.0323259085416794 0.040185634046793 0.0554190017282963 0.0691395848989487 0.0691736415028572 0.091069370508194 0.0983932614326477 0.139763474464417 0.169476523995399 0.266689211130142 0.314350575208664 0.46123668551445 0.46903783082962 0.480042070150375 0.595548748970032 0.651536285877228 0.626451253890991 0.635674476623535 0.590626835823059 0.600607752799988 0.603349506855011 0.525517404079437 0.362483650445938 0.19002491235733 0.131148368120193 0.108957573771477 0.123462691903114 0.152980700135231 0.207055926322937 0.290151923894882 0.310814917087555 0.370808273553848 0.450996518135071 0.511914253234863 0.547218918800354 0.609506070613861 0.705837845802307 0.679620742797852 0.685096502304077 0.67447555065155 0.695470869541168
0.00945903919637203 0.00952046550810337 0.00837651081383228 0.013006947003305 0.018611429259181 0.0180869065225124 0.0254696905612946 0.0256138779222965 0.0434844791889191 0.0475929193198681 0.0549781993031502 0.0531543493270874 0.0532344467937946 0.0657690539956093 0.0789644122123718 0.0969661101698875 0.138577863574028 0.185292467474937 0.292751044034958 0.321820139884949 0.464364260435104 0.439777404069901 0.541157364845276 0.499396353960037 0.525195240974426 0.567674279212952 0.472179621458054 0.502140820026398 0.515518426895142 0.425925135612488 0.288060963153839 0.148454383015633 0.11640515178442 0.0832444131374359 0.0992890670895576 0.111454330384731 0.164042338728905 0.254214644432068 0.290719360113144 0.332217395305634 0.399079620838165 0.50214558839798 0.556230783462524 0.546157836914062 0.644184947013855 0.659592032432556 0.711941182613373 0.681351900100708 0.684044778347015
0.00918934773653746 0.00976255442947149 0.01213373336941 0.00992104317992926 0.0160930044949055 0.0213861986994743 0.0224415883421898 0.0291473679244518 0.0265928395092487 0.0372698493301868 0.0470703095197678 0.0591936931014061 0.0670388787984848 0.0697746053338051 0.0828771516680717 0.100949428975582 0.0996709018945694 0.145176634192467 0.231799051165581 0.257251918315887 0.300532639026642 0.377830803394318 0.380080550909042 0.457136631011963 0.499597400426865 0.438309252262115 0.488377869129181 0.440760493278503 0.430645823478699 0.373075366020203 0.219350710511208 0.0958369970321655 0.0735471770167351 0.0663174390792847 0.0773458480834961 0.0987210124731064 0.15839846432209 0.188910156488419 0.271756768226624 0.301521807909012 0.345321148633957 0.465633153915405 0.496305972337723 0.525655806064606 0.57298868894577 0.574385523796082 0.588322401046753 0.702298283576965 0.690027117729187
0.0150556489825249 0.0130979660898447 0.0145195154473186 0.0112205594778061 0.0147923417389393 0.0200327858328819 0.0206414759159088 0.0289719626307487 0.0233173705637455 0.0317460894584656 0.0443911254405975 0.0542501993477345 0.0582521371543407 0.0601346120238304 0.0677095130085945 0.0555170066654682 0.0757570564746857 0.111697539687157 0.152824565768242 0.220085248351097 0.223664939403534 0.260592669248581 0.320656031370163 0.389280140399933 0.345853984355927 0.374530076980591 0.422473341226578 0.346290975809097 0.33865687251091 0.28189891576767 0.147448137402534 0.0897513553500175 0.0912070944905281 0.0604374632239342 0.0785464495420456 0.0868616104125977 0.1390610486269 0.199896931648254 0.209004864096642 0.297458976507187 0.309213489294052 0.397658407688141 0.430594056844711 0.429472982883453 0.418626487255096 0.444875568151474 0.50434011220932 0.610803484916687 0.699916660785675
0.0176507905125618 0.0183318499475718 0.0182183980941772 0.0129511654376984 0.0145612563937902 0.0212588049471378 0.0195852760225534 0.0278291180729866 0.0242999047040939 0.0333586186170578 0.0382922068238258 0.0470381192862988 0.0376071110367775 0.0369884856045246 0.0615393035113811 0.0714628845453262 0.0963092967867851 0.0884591862559319 0.127611294388771 0.151275500655174 0.197631865739822 0.189079970121384 0.24571967124939 0.278111964464188 0.323258131742477 0.332767903804779 0.323749572038651 0.262100487947464 0.227135792374611 0.179245978593826 0.144123956561089 0.146617114543915 0.145230770111084 0.0998731553554535 0.135147005319595 0.134952530264854 0.16786789894104 0.184693470597267 0.214865833520889 0.201733365654945 0.218028023838997 0.239414736628532 0.264204412698746 0.258977115154266 0.257987350225449 0.332455307245255 0.347688555717468 0.448484241962433 0.546528816223145
