data/climate_estimation/maxent_output/Colchicum_alpinum.asc
NCOLS 141 
NROWS 81 
XLLCORNER 2.25 
YLLCORNER 41.5833333333333 
CELLSIZE 0.0833333333333333 
NODATA_value -3.4e+38 
[rows 40 to 59 of 81, columns 0 to 45 of 141]
0.153603464365005 0.178961724042892 0.266224354505539 0.315157979726791 0.333551377058029 0.383408069610596 0.358548402786255 0.355744332075119 0.311075538396835 0.266447722911835 0.209176167845726 0.188823074102402 0.262284457683563 0.330317586660385 0.262827813625336 0.206368252635002 0.146037936210632 0.198563352227211 0.221202224493027 0.112884193658829 0.117440991103649 0.19094529747963 0.392212599515915 0.414778709411621 0.255627155303955 0.187204822897911 0.239674925804138 0.101139284670353 0.124611996114254 0.100525990128517 0.0679489523172379 0.0245300959795713 0.146794527769089 0.16584312915802 0.300894111394882 0.764596164226532 0.820928275585175 0.839129447937012 0.869758725166321 0.868327140808105 0.733443677425385 0.791292428970337 0.829889595508575 0.870874524116516 0.860468745231628 0.790162324905396
0.197182983160019 0.173928260803223 0.180324226617813 0.226987898349762 0.180261611938477 0.272432297468185 0.25024077296257 0.244980663061142 0.237882554531097 0.222468018531799 0.256031274795532 0.259771585464478 0.222082614898682 0.272353917360306 0.350084632635117 0.264994323253632 0.216625303030014 0.157903030514717 0.269430071115494 0.213571473956108 0.185516536235809 0.279512107372284 0.412569046020508 0.43661168217659 0.218513742089272 0.178030118346214 0.143682733178139 0.100105628371239 0.0842004269361496 0.0942602306604385 0.0483673065900803 0.133200079202652 0.147898405790329 0.23055636882782 0.697222113609314 0.826745092868805 0.843612968921661 0.835759699344635 0.869246304035187 0.849314391613007 0.765231966972351 0.710643470287323 0.691593647003174 0.811079561710358 0.845951735973358 0.864991664886475
0.145822703838348 0.212029799818993 0.208306074142456 0.137554824352264 0.151753142476082 0.155828550457954 0.263605952262878 0.319837123155594 0.327817171812057 0.300301313400269 0.31074932217598 0.29664546251297 0.242691621184349 0.219492316246033 0.31236544251442 0.338581085205078 0.263681709766388 0.196755364537239 0.174185439944267 0.258104890584946 0.291359275579453 0.279730796813965 0.33673757314682 0.404808133840561 0.356876909732819 0.281051576137543 0.143196672201157 0.0829285606741905 0.0658315122127533 0.217034444212914 0.153306558728218 0.147508889436722 0.172831982374191 0.298826605081558 0.464988797903061 0.595767140388489 0.50559663772583 0.607009530067444 0.853289663791656 0.852322220802307 0.796233296394348 0.652323663234711 0.858805060386658 0.845182597637177 0.845545291900635 0.849624395370483
0.0915220454335213 0.115698032081127 0.12679348886013 0.090528629720211 0.0816957801580429 0.174377977848053 0.262441247701645 0.366032481193542 0.381669759750366 0.317778289318085 0.329505652189255 0.293287664651871 0.251427173614502 0.222308129072189 0.278068065643311 0.338134825229645 0.327509880065918 0.2642662525177 0.222870767116547 0.21041613817215 0.341440349817276 0.37268528342247 0.28442046046257 0.120308615267277 0.0900908038020134 0.0708964690566063 0.112246982753277 0.116983711719513 0.254496932029724 0.207044452428818 0.163202106952667 0.265734285116196 0.217386290431023 0.236520916223526 0.265117138624191 0.400400280952454 0.484287947416306 0.558205664157867 0.821012735366821 0.795927107334137 0.844747543334961 0.825160264968872 0.852441549301147 0.842968225479126 0.844635367393494 0.797903835773468
0.0603995770215988 0.0621222071349621 0.0690487995743752 0.0620553605258465 0.0728569403290749 0.121964529156685 0.171357452869415 0.274187803268433 0.368843853473663 0.355083525180817 0.354596018791199 0.306920677423477 0.234579652547836 0.254856884479523 0.266004741191864 0.314114928245544 0.328902751207352 0.304049760103226 0.318004816770554 0.25819855928421 0.266245484352112 0.339203983545303 0.239789545536041 0.1186119094491 0.0516892559826374 0.182472079992294 0.208090826869011 0.110028527677059 0.361076325178146 0.232308581471443 0.180051177740097 0.219363868236542 0.227044478058815 0.322989165782928 0.50209903717041 0.813145220279694 0.643238306045532 0.81053102016449 0.571126580238342 0.804473280906677 0.814341843128204 0.824481129646301 0.829030692577362 0.853809893131256 0.854489505290985 0.828659772872925
0.0472679734230042 0.0464442372322083 0.0550024844706059 0.0551683232188225 0.0508557185530663 0.0358458235859871 0.0494102612137794 0.0724084749817848 0.211787268519402 0.32051345705986 0.317892819643021 0.234839096665382 0.0853321403264999 0.160122096538544 0.213803499937057 0.222740158438683 0.245793387293816 0.29422727227211 0.314732760190964 0.251415818929672 0.159556731581688 0.193383872509003 0.0753685757517815 0.0501021519303322 0.167638197541237 0.156873971223831 0.193917125463486 0.256426721811295 0.209672644734383 0.150868386030197 0.164252638816833 0.197776690125465 0.282135665416718 0.429664671421051 0.496248066425323 0.76723712682724 0.732401192188263 0.815573513507843 0.78500759601593 0.767927289009094 0.796480774879456 0.76120924949646 0.778067648410797 0.818732857704163 0.818648338317871 0.6684490442276
0.0743532627820969 0.0641555264592171 0.0448169820010662 0.0614439211785793 0.0570424683392048 0.0525539070367813 0.0496538728475571 0.0488337874412537 0.0376247763633728 0.0540087893605232 0.0651435777544975 0.0530296601355076 0.0986998900771141 0.117036439478397 0.176958724856377 0.194746911525726 0.29322674870491 0.30500054359436 0.290739387273788 0.204714670777321 0.0819096341729164 0.0729582160711288 0.0442684516310692 0.138620600104332 0.136371985077858 0.147909089922905 0.21659217774868 0.277038156986237 0.197672739624977 0.143930912017822 0.195412755012512 0.255129128694534 0.280173301696777 0.398530215024948 0.7323277592659 0.721586525440216 0.785235941410065 0.625375509262085 0.784115552902222 0.786240220069885 0.802617192268372 0.628818571567535 0.642809510231018 0.821282088756561 0.766493439674377 0.375087380409241
0.100366018712521 0.0986506119370461 0.0762701779603958 0.0681355521082878 0.0559349879622459 0.0700323432683945 0.0758197382092476 0.0531452596187592 0.0523723401129246 0.0728532299399376 0.105174452066422 0.109542459249496 0.123802147805691 0.111156940460205 0.170345485210419 0.107750482857227 0.180324986577034 0.252476394176483 0.293522268533707 0.313302516937256 0.0735792815685272 0.0976643860340118 0.164188608527184 0.134934350848198 0.175396338105202 0.168918117880821 0.254199236631393 0.266489565372467 0.157953187823296 0.118168652057648 0.156413391232491 0.15954715013504 0.169759184122086 0.270420163869858 0.380258619785309 0.38250944018364 0.505554556846619 0.700301289558411 0.540749430656433 0.686602473258972 0.746291041374207 0.62105804681778 0.528397560119629 0.501787841320038 0.378660321235657 0.659444868564606
0.13217256963253 0.116423659026623 0.132182568311691 0.0893945842981339 0.0753617659211159 0.096427284181118 0.116495452821255 0.132440373301506 0.137230709195137 0.0783040225505829 0.0820038318634033 0.0836001709103584 0.105497963726521 0.168972939252853 0.198324665427208 0.208150714635849 0.0989619493484497 0.198597922921181 0.205898389220238 0.0947123989462852 0.229538679122925 0.204400345683098 0.177472770214081 0.154985725879669 0.154777988791466 0.18433640897274 0.220207616686821 0.159083843231201 0.119023025035858 0.109701238572598 0.128347739577293 0.124590367078781 0.16090302169323 0.177691593766212 0.255512475967407 0.454575955867767 0.446324795484543 0.672484576702118 0.744597852230072 0.782715559005737 0.737067818641663 0.642823278903961 0.435627341270447 0.260192334651947 0.303005486726761 0.528205633163452
0.227177545428276 0.0700948610901833 0.0660062879323959 0.0710633769631386 0.107492715120316 0.123460732400417 0.127683833241463 0.157455876469612 0.0882499068975449 0.0446223467588425 0.026836084201932 0.043976467102766 0.101315684616566 0.157580733299255 0.191928952932358 0.193422302603722 0.148644760251045 0.0952227711677551 0.258486539125443 0.297664076089859 0.2333123087883 0.203480303287506 0.194103434681892 0.151860877871513 0.189608991146088 0.236238569021225 0.151765495538712 0.147877305746078 0.136742129921913 0.108442738652229 0.121858805418015 0.110369250178337 0.119136646389961 0.204683393239975 0.190970689058304 0.54064005613327 0.744980871677399 0.716039419174194 0.735301494598389 0.75061422586441 0.701903700828552 0.738013207912445 0.722829699516296 0.278357684612274 0.300135731697083 0.589887201786041
0.234212070703506 0.201231986284256 0.226350679993629 0.07791718095541 0.11429899930954 0.132955104112625 0.131526902318001 0.128793060779572 0.0400124490261078 0.0264544542878866 0.0346411056816578 0.0495127029716969 0.0676641538739204 0.133773639798164 0.212410867214203 0.245715618133545 0.19499759376049 0.276048183441162 0.216664478182793 0.197752967476845 0.201052963733673 0.167693257331848 0.15530614554882 0.171823650598526 0.244737178087234 0.224885195493698 0.187545940279961 0.165306136012077 0.119330510497093 0.0954613462090492 0.0885862559080124 0.0885424986481667 0.0880616903305054 0.120055563747883 0.169679775834084 0.372509747743607 0.848918855190277 0.7846440076828 0.7262864112854 0.784721434116364 0.812127113342285 0.757050573825836 0.788725137710571 0.699123203754425 0.28479129076004 0.387034893035889
0.21482153236866 0.227698892354965 0.224544614553452 0.231685549020767 0.220064237713814 0.194447979331017 0.136775106191635 0.140992507338524 0.100132346153259 0.0435984618961811 0.0699926316738129 0.0821323320269585 0.17228676378727 0.0703887343406677 0.228735655546188 0.219809234142303 0.314776510000229 0.234040603041649 0.384360492229462 0.221884772181511 0.169127970933914 0.149307727813721 0.149632260203362 0.159767776727676 0.1707743704319 0.158924922347069 0.146829798817635 0.169017478823662 0.154633939266205 0.111327677965164 0.0907884612679482 0.0828392282128334 0.0720067620277405 0.0778061598539352 0.100447475910187 0.147030904889107 0.479899495840073 0.7004354596138 0.761787593364716 0.686512649059296 0.679587006568909 0.521258771419525 0.510927319526672 0.332463800907135 0.197867259383202 0.289644479751587
0.170732408761978 0.16812926530838 0.167975947260857 0.17131344974041 0.189802393317223 0.103447213768959 0.10004761070013 0.133184909820557 0.154639020562172 0.194061204791069 0.269397050142288 0.241996973752975 0.234143391251564 0.270009309053421 0.264262914657593 0.23425680398941 0.170691624283791 0.14979450404644 0.220265954732895 0.173097521066666 0.161556154489517 0.159044235944748 0.169414281845093 0.145381346344948 0.127077981829643 0.13061635196209 0.129517823457718 0.114477172493935 0.125859603285789 0.111033484339714 0.0833480581641197 0.0691477730870247 0.0631228163838387 0.0659090429544449 0.163894474506378 0.26535627245903 0.247619494795799 0.319210380315781 0.633843004703522 0.532699227333069 0.364611953496933 0.31239977478981 0.257434815168381 0.178016677498817 0.224391654133797 0.322648823261261
0.198324739933014 0.267650544643402 0.330391079187393 0.338091433048248 0.206329241394997 0.17882239818573 0.127303317189217 0.125677019357681 0.167277052998543 0.173763602972031 0.197771996259689 0.264135092496872 0.264664679765701 0.284491688013077 0.269421190023422 0.221628904342651 0.228813409805298 0.153820812702179 0.191038206219673 0.191417366266251 0.176315173506737 0.151298776268959 0.162088066339493 0.15958009660244 0.149043530225754 0.135502368211746 0.124909244477749 0.109206303954124 0.0947705134749413 0.0919281616806984 0.0773368701338768 0.0702661946415901 0.0677677616477013 0.0597319230437279 0.0709012150764465 0.0856905430555344 0.086096815764904 0.133617386221886 0.170532897114754 0.198385670781136 0.221761792898178 0.252968609333038 0.199444815516472 0.151972323656082 0.227999061346054 0.279769778251648
0.228139042854309 0.305645018815994 0.376307547092438 0.449749618768692 0.397820502519608 0.259456247091293 0.34190359711647 0.299335122108459 0.213487729430199 0.225978121161461 0.168845370411873 0.223848357796669 0.177646026015282 0.232518777251244 0.297589749097824 0.274304062128067 0.165110483765602 0.174059852957726 0.191456288099289 0.18311396241188 0.17923641204834 0.149082481861115 0.152686223387718 0.134360790252686 0.119605094194412 0.108781166374683 0.114101655781269 0.105887681245804 0.0920122414827347 0.0856049060821533 0.0832875967025757 0.0795884653925896 0.0635095909237862 0.0581054911017418 0.1075184866786 0.145868942141533 0.150995597243309 0.166843101382256 0.276685506105423 0.232904374599457 0.213859990239143 0.170981898903847 0.111972138285637 0.164310649037361 0.213338062167168 0.261197954416275
0.250482976436615 0.32103157043457 0.360557794570923 0.394829422235489 0.555227935314178 0.705275058746338 0.599087595939636 0.554396152496338 0.387850999832153 0.298476606607437 0.123962678015232 0.145773082971573 0.117158196866512 0.099632516503334 0.125225409865379 0.123776651918888 0.149746239185333 0.175285086035728 0.184820309281349 0.170267090201378 0.168449744582176 0.152408838272095 0.131204724311829 0.121124133467674 0.119704782962799 0.128477796912193 0.111314319074154 0.093178391456604 0.0828622579574585 0.0801479071378708 0.0683291032910347 0.0738809928297997 0.0759193226695061 0.0558060072362423 0.0565709732472897 0.0569430626928806 0.0763505175709724 0.0694676414132118 0.0732076466083527 0.0868026837706566 0.156480818986893 0.111631862819195 0.124212525784969 0.170368924736977 0.215862616896629 0.240635603666306
0.147053435444832 0.358259618282318 0.394347935914993 0.515526413917542 0.612333536148071 0.576944768428802 0.598713576793671 0.699275195598602 0.551818788051605 0.153197437524796 0.0938630253076553 0.118576847016811 0.110221557319164 0.101519346237183 0.084458664059639 0.101003512740135 0.15525421500206 0.166755706071854 0.158639222383499 0.158910691738129 0.150328814983368 0.140863433480263 0.1338170170784 0.12804551422596 0.114716380834579 0.108673110604286 0.100522302091122 0.0884210914373398 0.0798329710960388 0.0719588100910187 0.0600295960903168 0.0512706600129604 0.0425328053534031 0.0366548709571362 0.0399850532412529 0.0486327186226845 0.0677815824747086 0.102656297385693 0.095335878431797 0.100601747632027 0.116760157048702 0.161203548312187 0.16421365737915 0.174704685807228 0.20754437148571 0.235439524054527
0.141023695468903 0.186130478978157 0.415818840265274 0.544416308403015 0.615041673183441 0.63565582036972 0.426865756511688 0.146734833717346 0.0995676517486572 0.121124938130379 0.108951508998871 0.0958852842450142 0.0923390612006187 0.0868107452988625 0.0809082239866257 0.111875437200069 0.168303072452545 0.139301732182503 0.145707562565804 0.13684506714344 0.151803210377693 0.147265404462814 0.133895069360733 0.125748336315155 0.118274286389351 0.108731620013714 0.101537995040417 0.0923228710889816 0.0757714137434959 0.063769668340683 0.0530506372451782 0.0443265177309513 0.0402773097157478 0.0304882321506739 0.0317926779389381 0.0324196442961693 0.0472514033317566 0.0549702346324921 0.0789849758148193 0.139398634433746 0.261514067649841 0.185462355613708 0.203056618571281 0.208351016044617 0.138010248541832 0.14988499879837
0.60748028755188 0.462488263845444 0.539195239543915 0.409113556146622 0.427816659212112 0.273828238248825 0.22461961209774 0.169521525502205 0.086377777159214 0.0660018846392632 0.0686047449707985 0.069720447063446 0.0761668384075165 0.0844330936670303 0.0865463465452194 0.102335833013058 0.112681120634079 0.132000774145126 0.132667124271393 0.134809151291847 -3.4e+38 -3.4e+38 0.130949035286903 0.129760771989822 0.117920912802219 0.108431994915009 0.0985502302646637 0.0878660157322884 0.0740024819970131 0.0639628618955612 0.0529996752738953 0.0452436618506908 0.0374809987843037 0.0318761132657528 0.0267572775483131 0.0242824126034975 0.0459714643657207 0.0509263873100281 0.0738558620214462 0.083121083676815 0.0938293039798737 0.120287679135799 0.189246207475662 0.118085533380508 0.12493809312582 0.121840663254261
0.473103910684586 0.410162717103958 0.42582032084465 0.325300306081772 0.194092407822609 0.138777509331703 0.104970127344131 0.0815974101424217 0.0714790821075439 0.0679031610488892 0.0620596185326576 0.0672610402107239 0.0731370598077774 0.0739199593663216 0.0803817510604858 0.0874766036868095 0.0996437296271324 0.132002294063568 -3.4e+38 -3.4e+38 -3.4e+38 -3.4e+38 -3.4e+38 -3.4e+38 -3.4e+38 -3.4e+38 -3.4e+38 0.0852791517972946 0.0697914808988571 0.0610075779259205 0.0505928881466389 0.0489042475819588 0.0355917699635029 0.0353791080415249 0.033028669655323 0.0347397960722446 0.0441263057291508 0.0561830922961235 0.0959432050585747 0.153412535786629 0.0990842580795288 0.171058356761932 0.229864358901978 0.196969598531723 0.131484463810921 0.139145508408546
