data/climate_estimation/maxent_output/Disporum_sessile.asc
NCOLS 225 
NROWS 222 
XLLCORNER 126.083333333333 
YLLCORNER 27.3333333333333 
CELLSIZE 0.0833333333333333 
NODATA_value -3.4e+38 
[rows 46 to 68 of 222, columns 0 to 51 of 225]
0.00108436215668917 0.00109365256503224 0.00111383525654674 0.00111982563976198 0.000860114232636988 0.000858328596223146 0.000845727103296667 0.00106623687315732 0.000835505547001958 0.000833342899568379 0.000834726728498936 0.000848295749165118 0.000839786662254483 0.000833823229186237 0.00084113422781229 0.000836332270409912 0.000842404377181083 0.000854899524711072 0.000855787890031934 0.000848944997414947 0.000835815502796322 0.000756120483856648 0.000570841191802174 0.000466563215013593 0.000544103677384555 0.000524670642334968 0.000584236637223512 0.000682390062138438 0.000742239120882004 0.000608668138738722 0.000615948636550456 0.000634887954220176 0.000660051766317338 0.000644083134829998 0.000641935621388257 0.000664710300043225 0.000837070110719651 0.000854452489875257 0.000785260461270809 0.000832536083180457 0.000882168300449848 0.000856011814903468 0.000738858128897846 0.00072599871782586 0.000760318478569388 0.000762281822972 0.000764123862609267 0.000603191379923373 -3.4e+38 -3.4e+38 -3.4e+38 -3.4e+38
0.0011039599776268 0.00111754843965173 0.00113385880831629 0.00112712301779538 0.00111285911407322 0.00110798107925802 0.00107680051587522 0.00106989208143204 0.00109240540768951 0.000859474937897176 0.000853452424053103 0.000843137560877949 0.000837150379084051 0.000834913458675146 0.000844717549625784 0.000849529344122857 0.000837123719975352 0.000849540578201413 0.000848093943204731 0.000850791577249765 0.000835815502796322 0.000806275231298059 0.000757089350372553 0.000688003143295646 0.000575090642087162 0.000541305635124445 0.000643599836621433 0.000673017289955169 0.000640047481283545 0.000705746642779559 0.000769868900533766 0.000808308483101428 0.000838111096527427 0.000832618155982345 0.000792650098446757 0.00086299201939255 0.000900772225577384 0.000882218941114843 0.000850199023261666 0.000968910986557603 0.000961693120189011 0.000979571486823261 0.000721039774361998 0.000684508122503757 0.000735877954866737 0.000749565137084574 0.000756063614971936 -3.4e+38 -3.4e+38 -3.4e+38 -3.4e+38 -3.4e+38
0.00113404123112559 0.00113056146074086 0.0011029924498871 0.00108484260272235 0.00110243866220117 0.00105848570819944 0.00108065747190267 0.00111736869439483 0.00110846175812185 0.000864931906107813 0.000871750875376165 0.000859345716889948 0.000858463521581143 0.000852448109071702 0.000848316063638777 0.000850024400278926 0.000845993054099381 0.000849540578201413 0.000850514334160835 0.000839996733702719 0.000964360602665693 0.000873427605256438 0.000777410692535341 0.00080900319153443 0.000744264107197523 0.00075800804188475 0.000733227003365755 0.000680490396916866 0.000632336887065321 0.000723356148228049 0.000931637652684003 0.000755622400902212 0.000802843598648906 0.000807366566732526 0.000949371140450239 0.000936013588216156 0.000982860568910837 0.0010527006816119 0.00110755150672048 0.00105112185701728 0.000963458558544517 0.000922214763704687 0.000846709823235869 0.000557725608814508 0.000913360214326531 0.000966468651313335 -3.4e+38 -3.4e+38 -3.4e+38 -3.4e+38 -3.4e+38 -3.4e+38
0.0011188886128366 0.0011123075382784 0.00108168774750084 0.00109259970486164 0.00108702364377677 0.00108320801518857 0.0010991208255291 0.000873814104124904 0.000866416492499411 0.000860426749568433 0.00111910875421017 0.000868122151587158 0.00111485563684255 0.00110704288817942 0.00110218848567456 0.000849118805490434 0.000850252865348011 0.000851307937409729 0.000847844406962395 0.00108119694050401 0.000743270444218069 0.000877826299984008 0.000757176021579653 0.000867263530381024 0.000924002437386662 0.000935270276386291 0.00091569300275296 0.000813690829090774 0.000898788159247488 0.00100947380997241 0.000838204810861498 0.000859743799082935 0.000792948412708938 0.000849980104248971 0.00101492460817099 0.000941465317737311 0.000952240137849003 0.00118600251153111 0.00102485402021557 0.00103444093838334 0.00122492434456944 0.000844665861222893 0.000677082745824009 0.00067710445728153 0.000740092305932194 -3.4e+38 -3.4e+38 -3.4e+38 -3.4e+38 -3.4e+38 -3.4e+38 -3.4e+38
0.00143944227602333 0.00111252523493022 0.00110016867984086 0.00141078361775726 0.00108406622894108 0.00113205448724329 0.00113664171658456 0.00110902707092464 0.0010969138238579 0.00108816986903548 0.00109690357930958 0.00111231533810496 0.00112893281038851 0.00112677179276943 0.00112468155566603 0.00112357980106026 0.00111903483048081 0.001116958912462 0.00111912784632295 0.0011001848615706 0.000969975546468049 0.0010589441517368 0.000917763216421008 0.00102025375235826 0.000963818980380893 0.00094042340060696 0.00090131041361019 0.000905508873984218 0.00102757359854877 0.00106101657729596 0.00099003710784018 0.00115580926649272 0.00117293989751488 0.00102568010333925 0.00107295927591622 0.00129447330255061 0.00109996867831796 0.00140468939207494 0.00117546657565981 0.00139269477222115 0.00120271171908826 0.000742616248317063 0.000753324304241687 0.000526895455550402 -3.4e+38 -3.4e+38 -3.4e+38 -3.4e+38 -3.4e+38 -3.4e+38 -3.4e+38 -3.4e+38
0.00139434600714594 0.00142461527138948 0.00142062921077013 0.00136977934744209 0.00140602677129209 0.0011254713172093 0.00113173516001552 0.00109688576776534 0.00108415633440018 0.00107551401015371 0.00106955121736974 0.00108785275369883 0.00113031733781099 0.00112811441067606 0.0011397743364796 0.00113427580799907 0.00113398476969451 0.00111920444760472 0.00111537904012948 0.00110842986032367 0.00110356940422207 0.00108788802754134 0.00104864314198494 0.000986269558779895 0.000938121636863798 0.000916729331947863 0.000670787005219609 0.000886580732185394 0.000896065437700599 0.00105387740768492 0.00119167822413146 0.00119967048522085 0.00113444996532053 0.00127688224893063 0.00117676670197397 0.00150264916010201 0.0012774714268744 0.00132039131131023 0.00126009481027722 0.00120213313493878 0.00110381841659546 0.000811250065453351 0.000636657990980893 -3.4e+38 -3.4e+38 -3.4e+38 -3.4e+38 -3.4e+38 -3.4e+38 -3.4e+38 -3.4e+38 -3.4e+38
0.0013678033137694 0.00137998315040022 0.00140055129304528 0.00139125378336757 0.00145651400089264 0.00112575816456228 0.00111601559910923 0.00111895485315472 0.00109850091394037 0.00142172211781144 0.0014063100097701 0.00110654311720282 0.0011070886394009 0.00111755123361945 0.00113158475141972 0.00112700741738081 0.00113185227382928 0.00115121924318373 0.00112281949259341 0.0011155481915921 0.00110704067628831 0.00106756668537855 0.000776717730332166 0.000745113764423877 0.000704898033291101 0.000686935673002154 0.000861269363667816 0.000874189659953117 0.00138666748534888 0.0013412875123322 0.00137730629649013 0.0014221768360585 0.00123632699251175 0.00135080725885928 0.00158048758748919 0.00170567166060209 0.00138784979935735 0.00176467571873218 0.00171502737794071 0.00184913456905633 0.00155275547876954 0.000834206584841013 0.000775849621277303 0.000720022479072213 -3.4e+38 -3.4e+38 -3.4e+38 -3.4e+38 -3.4e+38 -3.4e+38 -3.4e+38 -3.4e+38
0.00179182796273381 0.00175353127997369 0.00137743703089654 0.00144204962998629 0.00148022908251733 0.00113526545464993 0.0011128360638395 0.0014288182137534 0.00110545137431473 0.00110253738239408 0.00143917324021459 0.0014364356175065 0.00140217237640172 0.00138122320640832 0.00140225293580443 0.00141496513970196 0.00110366730950773 0.00141122797504067 0.0014292694395408 0.00112341891508549 0.00112008233554661 0.00144935504067689 0.00103943515568972 0.000747908023186028 0.000718442024663091 0.000692569126840681 0.000882846186868846 0.00117562292143703 0.00140167470090091 0.00137381546664983 0.00149151613004506 0.00170434755273163 0.00155169179197401 0.00161064451094717 0.00162938586436212 0.00152181019075215 0.00166045024525374 0.00195759022608399 0.00211716466583312 0.00211267382837832 0.00205056625418365 0.000837262079585344 0.000939810066483915 0.00103582488372922 0.00145338254515082 -3.4e+38 -3.4e+38 -3.4e+38 -3.4e+38 -3.4e+38 -3.4e+38 -3.4e+38
0.00179684814065695 0.00183432956691831 0.001436454243958 0.00145985442213714 0.00138909509405494 0.00141296244692057 0.00144811300560832 0.00138219620566815 0.00139107345603406 0.00144234008621424 0.00140806788112968 0.00137473805807531 0.00178176269400865 0.00137030961923301 0.00140063103754073 0.00177026609890163 0.00140356225892901 0.00141628633718938 0.00145871273707598 0.00112733687274158 0.00147351040504873 0.00143898511305451 0.00140289135742933 0.000971803907305002 0.000948585453443229 0.00124596676323563 0.00123163440730423 0.00163130031432956 0.00145368359517306 0.00157054024748504 0.00166855473071337 0.0017114297952503 0.0018000768031925 0.00181215105112642 0.00190405477769673 0.00183172221295536 0.00189261790364981 0.00232258974574506 0.00266415695659816 0.00193190237041563 0.0015431025531143 0.000937092292588204 0.000864534638822079 0.00206424714997411 0.00161766214296222 -3.4e+38 -3.4e+38 -3.4e+38 -3.4e+38 -3.4e+38 -3.4e+38 -3.4e+38
0.00185748736839741 0.00144380994606763 0.00146407587453723 0.00144999590702355 0.00144287734292448 0.00143150857184082 0.00139221223071218 0.00180535018444061 0.00178165233228356 0.00139608921017498 0.00139666115865111 0.00179181422572583 0.00168174179270864 0.00148957024794072 0.00145842903293669 0.00141940743196756 0.00182911695446819 0.00185280258301646 0.00139912159647793 0.00187413685489446 0.00155322207137942 0.00157591130118817 0.00144510890822858 0.00137398915831 0.00133172457572073 0.00132238864898682 0.00124408630654216 0.0020507276058197 0.00203849701210856 0.00211758585646749 0.00169689476024359 0.00211811345070601 0.00197638291865587 0.00196455768309534 0.00238750386051834 0.00227066338993609 0.00276304967701435 0.00253568706102669 0.00269576092250645 0.00157042173668742 0.00103457481600344 0.00114454969298095 0.00294169876724482 0.00344025413505733 -3.4e+38 -3.4e+38 -3.4e+38 -3.4e+38 -3.4e+38 -3.4e+38 -3.4e+38 -3.4e+38
0.001901191077195 0.00192057376261801 0.00190526072401553 0.00145687675103545 0.00187744665890932 0.00181335944216698 0.00142351794056594 0.00182861695066094 0.00139793532434851 0.00177967152558267 0.00182073400355875 0.00178260600659996 0.00171629968099296 0.00134942797012627 0.00138254766352475 0.00159005727618933 0.00184112787246704 0.00185382924973965 0.00157810165546834 0.00173065077979118 0.00135114090517163 0.00140737066976726 0.00181802618317306 0.00210506585426629 0.00217257160693407 0.00175076944287866 0.00126167258713394 0.00196573091670871 0.00217975093983114 0.0020861360244453 0.00235089333727956 0.00232553295791149 0.0027400788385421 0.00257214182056487 0.00289839669130743 0.0028075841255486 0.00263207266107202 0.00378846586681902 0.00280583440326154 0.0015737353824079 0.00350835756398737 0.00509915361180902 0.0050097368657589 0.00231899763457477 -3.4e+38 -3.4e+38 -3.4e+38 -3.4e+38 -3.4e+38 -3.4e+38 -3.4e+38 -3.4e+38
0.00191227742470801 0.00188723392784595 0.0019082713406533 0.00189157412387431 0.00186046632006764 0.00186269811820239 0.00146186770871282 0.00143626693170518 0.00182249012868851 0.00177355529740453 0.00210063229314983 0.00169617624487728 0.00213073566555977 0.00188054679892957 0.00233099516481161 0.0018030668143183 0.0023629073984921 0.00226950249634683 0.00195938115939498 0.00193446152843535 0.00175498018506914 0.00201314850710332 0.00205775653012097 0.00195021007675678 0.00236138561740518 0.0018001226708293 0.0016929506091401 0.00214093131944537 0.00235784170217812 0.00233218329958618 0.00276326946914196 0.00239507644437253 0.00251988624222577 0.00284945988096297 0.00300568039529026 0.00310659967362881 0.00377304758876562 0.00348254665732384 0.00190158688928932 0.00176944711711258 0.002475974150002 0.0068806535564363 0.00660210242494941 0.0030530784279108 -3.4e+38 -3.4e+38 -3.4e+38 -3.4e+38 -3.4e+38 -3.4e+38 -3.4e+38 -3.4e+38
0.00189624249469489 0.0018796504009515 0.00188670703209937 0.00186182477045804 0.00186044734437019 0.00188724067993462 0.00192423071712255 0.00183332990854979 0.0023241313174367 0.00229793391190469 0.00215859548188746 0.00210301950573921 0.00229241535998881 0.00199682405218482 0.00235828896984458 0.0019499643240124 0.00197695335373282 0.00236824946478009 0.00206070835702121 0.00173518888186663 0.00198697182349861 0.00172515527810901 0.00272316695190966 0.00245459494180977 0.00249928887933493 0.00242906156927347 0.00240522832609713 0.00261842762120068 0.00293626496568322 0.002495490713045 0.00274391635321081 0.00313270534388721 0.00343345408327878 0.00310534029267728 0.0041169561445713 0.00399592518806458 0.00385683379136026 0.0017554524820298 0.000823660113383085 0.00181322835851461 0.00275775324553251 0.006919807754457 0.0087769441306591 0.00843632314354181 0.00324146379716694 -3.4e+38 -3.4e+38 -3.4e+38 -3.4e+38 -3.4e+38 -3.4e+38 -3.4e+38
0.00187877600546926 0.00183484342414886 0.00235548755154014 0.00236449064686894 0.00238950503990054 0.001861143973656 0.00237308884970844 0.00231485324911773 0.00232010730542243 0.00251459982246161 0.00203000451438129 0.00204201368615031 0.00259537040255964 0.00230033486150205 0.00227693747729063 0.00207943678833544 0.00229708105325699 0.00204791757278144 0.00189549976494163 0.00222813454456627 0.002381102880463 0.00235891900956631 0.00264911307021976 0.00288752978667617 0.00291453371755779 0.00267424830235541 0.0033582765609026 0.00315570924431086 0.00360511825419962 0.00304738455452025 0.00342216854915023 0.00386952888220549 0.00363058876246214 0.00372343813069165 0.00404197769239545 0.0051770475693047 0.00245418632403016 0.00165640539489686 0.00084722472820431 0.00238082138821483 0.00203868420794606 0.00243129301816225 0.00451483996585011 0.0063052661716938 0.00355704012326896 -3.4e+38 -3.4e+38 -3.4e+38 -3.4e+38 -3.4e+38 -3.4e+38 -3.4e+38
0.00237261061556637 0.0024191050324589 0.00241385027766228 0.00236553535796702 0.00228189723566175 0.0018647916149348 0.00235826289281249 0.00236705737188458 0.00230918335728347 0.00257645198144019 0.00195304525550455 0.00228515919297934 0.00209206086583436 0.00253388425335288 0.00223330967128277 0.00216557155363262 0.0025701445993036 0.00257893092930317 0.00218080473132432 0.00225086300633848 0.00243277102708817 0.00232212268747389 0.0028696155641228 0.00289625860750675 0.00301933754235506 0.00293015828356147 0.00356561061926186 0.00326887192204595 0.00303485780023038 0.00384623324498534 0.00438184663653374 0.00455456133931875 0.00482523581013083 0.00381911103613675 0.00566870486363769 0.00509619154036045 0.0025470566470176 0.00143827125430107 0.00145007728133351 0.00123419146984816 0.00227941060438752 0.00211682799272239 -3.4e+38 -3.4e+38 -3.4e+38 -3.4e+38 -3.4e+38 -3.4e+38 -3.4e+38 -3.4e+38 -3.4e+38 -3.4e+38
0.00235244818031788 0.00235439767129719 0.00298412959091365 0.00234012142755091 0.00238620094023645 0.00301980157382786 0.00303126568906009 0.00301023153588176 0.00248374417424202 0.00265592429786921 0.00220266776159406 0.00221569812856615 0.00245197140611708 0.00237749959342182 0.00277709402143955 0.00245814560912549 0.00246173376217484 0.00234143948182464 0.00240469770506024 0.00262532336637378 0.0029675851110369 0.00276099960319698 0.00382842333056033 0.00321790366433561 0.00370554346591234 0.00385602912865579 0.00388186681084335 0.00458080088719726 0.003199711907655 0.00404809834435582 0.00411041360348463 0.00397189380601048 0.00653135078027844 0.00496882246807218 0.00704807136207819 0.0066316700540483 0.00287763681262732 0.00095304602291435 0.00176478549838066 0.00137714529410005 -3.4e+38 -3.4e+38 -3.4e+38 -3.4e+38 -3.4e+38 -3.4e+38 -3.4e+38 -3.4e+38 -3.4e+38 -3.4e+38 -3.4e+38 -3.4e+38
0.00295637012459338 0.00294960639439523 0.00295664230361581 0.00233968836255372 0.00241798558272421 0.00305373896844685 0.00302589009515941 0.00286299013532698 0.00301602319814265 0.00300912326201797 0.00258165667764843 0.00290644099004567 0.0027500232681632 0.00244236527942121 0.00311887729912996 0.00238707545213401 0.0028557968325913 0.00349524919874966 0.00296125700697303 0.00278846663422883 0.00335469283163548 0.00334844365715981 0.00419187685474753 0.004454939160496 0.00438012322410941 0.00500901089981198 0.00450613955035806 0.00518300803378224 0.00502648577094078 0.00582180730998516 0.005741270724684 0.00529053527861834 0.00520505430176854 0.00699135893955827 0.00628350209444761 0.00686606857925653 0.00805704761296511 0.00420525204390287 -3.4e+38 -3.4e+38 -3.4e+38 -3.4e+38 -3.4e+38 -3.4e+38 -3.4e+38 -3.4e+38 -3.4e+38 -3.4e+38 -3.4e+38 -3.4e+38 -3.4e+38 -3.4e+38
0.00383554236032069 0.00385856698267162 0.00302402954548597 0.00234115542843938 0.00237063481472433 0.00236356537789106 0.00307637872174382 0.00308070913888514 0.00300433998927474 0.00300168618559837 0.00308962538838387 0.00265095359645784 0.00310052349232137 0.00361202983185649 0.00330285332165658 0.00312485033646226 0.00305389636196196 0.00356883904896677 0.00328308204188943 0.0034875301644206 0.00367701333016157 0.00451921578496695 0.00453424779698253 0.00562001578509808 0.0057372129522264 0.00574818532913923 0.00449112756177783 0.00550245959311724 0.00572845479473472 0.00645590294152498 0.00742317363619804 0.00780544523149729 0.00693447422236204 0.00657836673781276 0.00576387019827962 0.00881523638963699 0.00841991417109966 -3.4e+38 -3.4e+38 -3.4e+38 -3.4e+38 -3.4e+38 -3.4e+38 -3.4e+38 -3.4e+38 -3.4e+38 -3.4e+38 -3.4e+38 -3.4e+38 -3.4e+38 -3.4e+38 -3.4e+38
0.00297120166942477 0.00297565828077495 0.00304644927382469 0.0030534346587956 0.00390238570980728 0.0030001166742295 0.00391106586903334 0.0038806633092463 0.00301305879838765 0.00301463529467583 0.00357796298339963 0.00357763725332916 0.00317684561014175 0.00339684495702386 0.00331403198651969 0.00320787541568279 0.00363117316737771 0.00375972082838416 0.00428740493953228 0.0045296922326088 0.00499489065259695 0.00447183521464467 0.006478242110461 0.00633016601204872 0.00575842335820198 0.00457674451172352 0.00442913454025984 0.00596885196864605 0.00782435294240713 0.00763870030641556 0.0075584095902741 0.00706654693931341 0.00684065837413073 0.00865077972412109 0.00821784511208534 0.0077101974748075 0.010797037743032 -3.4e+38 -3.4e+38 -3.4e+38 -3.4e+38 -3.4e+38 -3.4e+38 -3.4e+38 -3.4e+38 -3.4e+38 -3.4e+38 -3.4e+38 -3.4e+38 -3.4e+38 -3.4e+38 -3.4e+38
0.00304132676683366 0.00306660635396838 0.003108179429546 0.00301811075769365 0.00308040203526616 0.00308011844754219 0.0030290107242763 0.00302873202599585 0.0045156292617321 0.00389814446680248 0.00317113054916263 0.00381039106287062 0.00337082706391811 0.00406540790572762 0.00384673778899014 0.00433756783604622 0.00478227203711867 0.00500531168654561 0.00457374751567841 0.00536152953281999 0.00543753104284406 0.00559697952121496 0.00565214129164815 0.00571722816675901 0.00588015839457512 0.00604482972994447 0.0057642706669867 0.0077504450455308 0.00791030004620552 0.00737726734951138 0.00733436411246657 0.00962166395038366 0.00927312672138214 0.00892153475433588 -3.4e+38 -3.4e+38 -3.4e+38 -3.4e+38 -3.4e+38 -3.4e+38 -3.4e+38 -3.4e+38 -3.4e+38 -3.4e+38 -3.4e+38 -3.4e+38 -3.4e+38 -3.4e+38 -3.4e+38 -3.4e+38 -3.4e+38 -3.4e+38
0.00308934133499861 0.0031384015455842 0.0031384015455842 0.00312405894510448 0.00312158698216081 0.00315695721656084 0.00314724305644631 0.00400929432362318 0.00462724361568689 0.00390541274100542 0.004654161632061 0.00370061374269426 0.00393378036096692 0.00417503388598561 0.00504533899948001 0.00461035873740911 0.00415941327810287 0.00333966081961989 0.00340059073641896 0.00441175559535623 0.00438984017819166 0.00715669197961688 0.00767250312492251 0.00757453776896 0.00608506985008717 0.00592204183340073 0.00780932605266571 0.0101346578449011 0.0104369278997183 0.0101961093023419 0.00941681209951639 0.00914539583027363 -3.4e+38 -3.4e+38 -3.4e+38 -3.4e+38 -3.4e+38 -3.4e+38 -3.4e+38 -3.4e+38 -3.4e+38 -3.4e+38 -3.4e+38 -3.4e+38 -3.4e+38 -3.4e+38 -3.4e+38 -3.4e+38 -3.4e+38 -3.4e+38 -3.4e+38 -3.4e+38
0.00313312467187643 0.0024113031104207 0.00243636104278266 0.00241107982583344 0.00315858470275998 0.00309312040917575 0.003970040474087 0.00394453387707472 0.00495875254273415 0.00451357429847121 0.00511113693937659 0.00454926490783691 0.00497275171801448 0.00457490608096123 0.00526001397520304 0.00521062361076474 0.0042062564752996 0.0026150019839406 0.00440220534801483 0.00716170808300376 0.00731614511460066 0.00738308951258659 0.00749461026862264 0.00759291648864746 0.00778195401653647 0.0080663999542594 0.00779136596247554 0.010416666045785 0.0105185499414802 0.0135775348171592 0.0131658622995019 -3.4e+38 -3.4e+38 -3.4e+38 -3.4e+38 -3.4e+38 -3.4e+38 -3.4e+38 -3.4e+38 -3.4e+38 -3.4e+38 -3.4e+38 -3.4e+38 -3.4e+38 -3.4e+38 -3.4e+38 -3.4e+38 -3.4e+38 -3.4e+38 -3.4e+38 -3.4e+38 -3.4e+38
0.00317530590109527 0.00316804205067456 0.0031677505467087 0.0031325479503721 0.00402863603085279 0.00512830214574933 0.00502864923328161 0.00514656165614724 0.00657685939222574 0.00512308999896049 0.00515095982700586 0.00649661803618073 0.00657735485583544 0.006649324670434 0.00418117782101035 0.00425802962854505 0.00341398222371936 0.00343553256243467 0.00568140018731356 0.00567319896072149 0.00580310588702559 0.00610075006261468 0.00798424612730742 0.00775821320712566 0.00804408080875874 0.0106061613187194 0.0108193159103394 0.0104808527976274 0.0136505598202348 0.0135521395131946 -3.4e+38 -3.4e+38 -3.4e+38 -3.4e+38 -3.4e+38 -3.4e+38 -3.4e+38 -3.4e+38 -3.4e+38 -3.4e+38 -3.4e+38 -3.4e+38 -3.4e+38 -3.4e+38 -3.4e+38 -3.4e+38 -3.4e+38 -3.4e+38 -3.4e+38 -3.4e+38 -3.4e+38 -3.4e+38
