data/climate_estimation/maxent_output/Disporum_cantoniense.asc
NCOLS 479 
NROWS 530 
XLLCORNER 79.25 
YLLCORNER -9.16666666666667 
CELLSIZE 0.0833333333333333 
NODATA_value -3.4e+38 
[rows 240 to 263 of 530, columns 220 to 274 of 479]
-3.4e+38 -3.4e+38 0.00348256598226726 0.00463557289913297 0.00428092759102583 0.00314403837546706 0.0268219467252493 0.0287490021437407 0.0241746287792921 0.0203753858804703 0.0161722991615534 0.0140563016757369 0.0360124967992306 0.0797359570860863 0.114743195474148 0.130494996905327 0.145077586174011 0.0841354727745056 0.088282972574234 0.0959596633911133 0.128155395388603 0.0948097929358482 0.0965176671743393 0.0710819363594055 0.057603757828474 0.0633887276053429 0.0505049265921116 0.0461379028856754 0.0440288633108139 0.0421246439218521 0.0419590063393116 0.0400610752403736 0.0373498611152172 0.0367317385971546 0.0345287844538689 0.032815583050251 0.0359275564551353 0.0453106723725796 0.04380714148283 0.0501145869493484 0.0529476851224899 0.0483727604150772 0.0553394630551338 0.0634995773434639 0.0809228792786598 0.0933081358671188 0.0910407230257988 0.0956878662109375 0.0931730270385742 0.085108757019043 0.0862450003623962 0.0844434425234795 0.0788105651736259 0.078268975019455 0.0748376026749611
-3.4e+38 -3.4e+38 0.00352578517049551 0.00300134671851993 0.00285200541839004 0.00274220784194767 0.00418420881032944 0.0202741008251905 0.0286610089242458 0.0215290989726782 0.0160722676664591 0.0149181839078665 0.0438036434352398 0.0651130527257919 0.10849017649889 0.122993275523186 0.134270012378693 0.0737726539373398 0.084441676735878 0.105197802186012 0.11344163864851 0.0894663482904434 0.0975807309150696 0.0687286704778671 0.0575012266635895 0.0578496977686882 0.0510735958814621 0.0466152057051659 0.0441615469753742 0.0420298017561436 0.0420989654958248 0.0398523733019829 0.0372163988649845 0.0364601984620094 0.0344392545521259 0.0326944254338741 0.033977098762989 0.0455470569431782 0.0439721718430519 0.0446025468409061 0.0479288809001446 0.0508514493703842 0.0553858056664467 0.0649622157216072 0.0825741067528725 0.0992146879434586 0.0978064462542534 0.101924359798431 0.0902157574892044 0.0863729119300842 0.0862785205245018 0.084918886423111 0.0814791545271873 0.0830275416374207 0.0821897760033607
-3.4e+38 -3.4e+38 0.00277926144190133 0.00256784074008465 0.00216592708602548 0.00362220057286322 0.00320904888212681 0.0186704602092505 0.0681394413113594 0.0201344788074493 0.0147125367075205 0.0283445976674557 0.0362389348447323 0.0534736774861813 0.106532648205757 0.116395577788353 0.0950726047158241 0.0575444735586643 0.115427494049072 0.113576143980026 0.0976717695593834 0.0841089487075806 0.0874639078974724 0.0828764662146568 0.0609974563121796 0.0535281077027321 0.0512238591909409 0.0467874370515347 0.0447175987064838 0.0425646565854549 0.0420864373445511 0.0397500805556774 0.0372275151312351 0.0343524627387524 0.0325380079448223 0.0323969349265099 0.0323216393589973 0.0354943238198757 0.0424270294606686 0.0496140569448471 0.051601205021143 0.0513197593390942 0.0602838061749935 0.0714103281497955 0.100102365016937 0.111915148794651 0.0957164093852043 0.106961093842983 0.108888380229473 0.096381276845932 0.0896375849843025 0.0861671939492226 0.0829818472266197 0.0834787264466286 0.0818557664752007
-3.4e+38 -3.4e+38 0.00196706596761942 0.0029715436976403 0.0025137341581285 0.00294311810284853 0.00951431877911091 0.0115062575787306 0.0170682780444622 0.0600649528205395 0.0396391302347183 0.0276837386190891 0.0401770807802677 0.0347580723464489 0.0621546357870102 0.127517700195312 0.106765955686569 0.0548788383603096 0.103774502873421 0.136879429221153 0.105496533215046 0.0804446637630463 0.072121798992157 0.0793443769216537 0.0709586292505264 0.0567709878087044 0.0518955253064632 0.0490278154611588 0.0447464175522327 0.0425914935767651 0.0424965061247349 0.0397057682275772 0.0371624529361725 0.0344864428043365 0.0339840687811375 0.0323944166302681 0.0326746441423893 0.0344377234578133 0.0441332571208477 0.0502472780644894 0.0538743697106838 0.0546156130731106 0.0646254047751427 0.0723239779472351 0.0913307517766953 0.106059364974499 0.0971933752298355 0.0985298976302147 0.109168760478497 0.117403402924538 0.0964386537671089 0.087566614151001 0.0842906683683395 0.0827444195747375 0.0796726271510124
-3.4e+38 -3.4e+38 -3.4e+38 0.00232494692318141 0.00231197779066861 0.00224266713485122 0.00745724700391293 0.0101541075855494 0.0157189182937145 0.0438619703054428 0.0590360350906849 0.0328175984323025 0.0381102561950684 0.0247449148446321 0.0449781641364098 0.10956459492445 0.0895164608955383 0.0531374178826809 0.0758048295974731 0.107558593153954 0.142589583992958 0.087741956114769 0.0699449554085732 0.0705620646476746 0.0620751343667507 0.0545188412070274 0.0520627908408642 0.0497982874512672 0.0474886372685432 0.0446541532874107 0.0406133830547333 0.0398570746183395 0.0372148267924786 0.0366948321461678 0.0339726321399212 0.0323907919228077 0.0341041162610054 0.0359139293432236 0.0383602902293205 0.0424738004803658 0.0470484644174576 0.0515754632651806 0.0672462433576584 0.0790154710412025 0.0971340090036392 0.101595193147659 0.0975581780076027 0.109286166727543 0.109079577028751 0.111170724034309 0.108665108680725 0.0860631838440895 0.0895671024918556 0.0804731771349907 0.0796070843935013
-3.4e+38 -3.4e+38 -3.4e+38 0.00195363140664995 0.00218726648017764 0.0111020309850574 0.00705217197537422 0.00802976824343204 0.039198599755764 0.0500284247100353 0.065973199903965 0.058172594755888 0.0359974652528763 0.043393112719059 0.0326667688786983 0.0744500532746315 0.0867444649338722 0.0530437603592873 0.063056506216526 0.101710684597492 0.145790621638298 0.0786082074046135 0.0642542764544487 0.0709769129753113 0.0708393380045891 0.0580710060894489 0.0567690208554268 0.0498988926410675 0.0476308241486549 0.0451674982905388 0.0425175093114376 0.0400422140955925 0.0374462381005287 0.035071425139904 0.0357219055294991 0.035852987319231 0.0361579395830631 0.0364558510482311 0.0386003367602825 0.0410332642495632 0.0450533851981163 0.0503321997821331 0.0684768855571747 0.0901893675327301 0.104143567383289 0.102285034954548 0.0999510884284973 0.107097938656807 0.114349000155926 0.100127667188644 0.102740421891212 0.108244456350803 0.0846391841769218 0.0857167690992355 0.0787650123238564
-3.4e+38 -3.4e+38 0.00174792029429227 -3.4e+38 0.00191324565093964 0.00981386005878448 0.00572306383401155 0.00975298881530762 0.0267899576574564 0.0425354056060314 0.0303068272769451 0.062690868973732 0.0473468527197838 0.0353492833673954 0.0424929298460484 0.0453845709562302 0.0888218283653259 0.0719621703028679 0.064671091735363 0.096411868929863 0.109582208096981 0.0819704905152321 0.0652681514620781 0.0813829228281975 0.071009486913681 0.0571638941764832 0.059042040258646 0.0522521436214447 0.0474425479769707 0.0454146713018417 0.042558841407299 0.0404741987586021 0.0375614538788795 0.03693613037467 0.0360535122454166 0.0359128229320049 0.0360963717103004 0.0367785803973675 0.0388724505901337 0.0409706942737103 0.0481014885008335 0.0494017116725445 0.0601886659860611 0.100292839109898 0.128220826387405 0.123662725090981 0.127158805727959 0.125706925988197 0.107521668076515 0.101508490741253 0.100529313087463 0.111083172261715 0.103915303945541 0.0855657234787941 0.0815927088260651
-3.4e+38 -3.4e+38 0.00163154024630785 -3.4e+38 0.00509516801685095 0.00762862293049693 0.00440188543871045 0.0218378677964211 0.0404348261654377 0.0355354808270931 0.0225844494998455 0.0473375059664249 0.0537092052400112 0.0421554446220398 0.0404077023267746 0.0459947399795055 0.0760395973920822 0.119539491832256 0.0927072390913963 0.0898806601762772 0.0923674255609512 0.0870854705572128 0.0656482875347137 0.068406343460083 0.0591989569365978 0.0563929714262486 0.053581353276968 0.053639754652977 0.0496849752962589 0.04489791020751 0.0430292189121246 0.0422678738832474 0.0393098667263985 0.0371284149587154 0.0366627983748913 0.0361386425793171 0.0365158244967461 0.0367341674864292 0.0386876612901688 0.0406231880187988 0.0439853258430958 0.0469868630170822 0.051767110824585 0.0844109281897545 0.0902840495109558 0.121852934360504 0.135027229785919 0.13418972492218 0.121758587658405 0.106729231774807 0.10831243544817 0.10001340508461 0.111633434891701 0.10190224647522 0.0960350260138512
-3.4e+38 -3.4e+38 0.00463490793481469 -3.4e+38 0.00403046514838934 0.00413147732615471 0.00374015071429312 0.00430051889270544 0.0120321623980999 0.0200833529233932 0.0169775448739529 0.0318158641457558 0.0598622225224972 0.0637872070074081 0.0538249723613262 0.0453237853944302 0.0491315647959709 0.0872991010546684 0.115989618003368 0.0874793604016304 0.0925563797354698 0.0924710780382156 0.0629798397421837 0.0643946602940559 0.0607445575296879 0.0575785562396049 0.0532971806824207 0.0505498871207237 0.0481397435069084 0.0462322011590004 0.0436644777655602 0.0418350324034691 0.0392936170101166 0.037284579128027 0.0373196601867676 0.0352956019341946 0.035196378827095 0.0365332961082458 0.0382754467427731 0.0401205010712147 0.0417346842586994 0.0430965907871723 0.0494498945772648 0.050020519644022 0.0511037260293961 0.0866576731204987 0.0987773835659027 0.108895510435104 0.107137888669968 0.111174941062927 0.100156933069229 0.0620379745960236 0.0992252677679062 0.111944787204266 0.110168725252151
-3.4e+38 -3.4e+38 0.00459628785029054 -3.4e+38 -3.4e+38 0.00335693848319352 0.00341408303938806 0.00348171568475664 0.00970665086060762 0.0194222517311573 0.0184468254446983 0.0265464764088392 0.0407693721354008 0.0612217783927917 0.0749478861689568 0.0511643923819065 0.0536555908620358 0.0584048330783844 0.0696301609277725 0.0737893879413605 0.0775714591145515 0.0794503688812256 0.0589960776269436 0.0600594840943813 0.0619798041880131 0.0566498674452305 0.0540354624390602 0.051225446164608 0.0514778681099415 0.0475728996098042 0.0452787652611732 0.0434292703866959 0.0399165935814381 0.0377275124192238 0.0372731387615204 0.0350869707763195 0.0347474217414856 0.03661834821105 0.0362047292292118 0.037499938160181 0.0387142561376095 0.0409840941429138 0.0404701493680477 0.0404645539820194 0.0415068045258522 0.0460412353277206 0.0717764422297478 0.0647390782833099 0.0669956505298615 0.0691099986433983 0.0723283439874649 0.059698473662138 0.0855964571237564 0.112507909536362 0.115338765084743
-3.4e+38 -3.4e+38 0.00453805876895785 -3.4e+38 -3.4e+38 -3.4e+38 0.0070309117436409 0.00628051301464438 0.00942957680672407 0.0253082420676947 0.0202274583280087 0.023348355665803 0.0549723468720913 0.0455360598862171 0.0519623942673206 0.0788043811917305 0.0707310438156128 0.0668712183833122 0.061739094555378 0.0809357389807701 0.0595329664647579 0.0559184178709984 0.0565157383680344 0.062857411801815 0.0572406463325024 0.0571209900081158 0.057158324867487 0.0550726875662804 0.0529861189424992 0.049013651907444 0.0447421558201313 0.0432121641933918 0.0393163375556469 0.0376060605049133 0.0355459004640579 0.0349765010178089 0.0348287485539913 0.0342185944318771 0.0349733792245388 0.0367387272417545 0.0383400321006775 0.0377083122730255 0.0378976799547672 0.0396846681833267 0.0376389287412167 0.0391172729432583 0.0392555594444275 0.0390787050127983 0.0477955117821693 0.0430721193552017 0.0412527807056904 0.0463189445436001 0.0538719706237316 0.0611396804451942 0.0827956646680832
-3.4e+38 -3.4e+38 -3.4e+38 -3.4e+38 -3.4e+38 0.00735709350556135 0.007728963624686 0.00726146250963211 0.00864170398563147 0.0170358810573816 0.048822458833456 0.0231962725520134 0.0471526309847832 0.0779115408658981 0.0526865385472775 0.0486553050577641 0.0728776082396507 0.0728098973631859 0.0568607226014137 0.0553613528609276 0.0625468567013741 0.0622201561927795 0.0569923222064972 0.0531123876571655 0.0553395561873913 0.057974997907877 0.0604174211621284 0.0584075003862381 0.0540765225887299 0.0483886562287807 0.0442284941673279 0.0431111492216587 0.039423756301403 0.0374879539012909 0.0352447256445885 0.0326509550213814 0.032014362514019 0.0332983322441578 0.0344485826790333 0.0359045006334782 0.0358524844050407 0.0364804528653622 0.0367786064743996 0.0368833653628826 0.0361829362809658 0.0358233414590359 0.0357361361384392 0.037326205521822 0.038975115865469 0.0391726419329643 0.0404335223138332 0.0426573157310486 0.0444754771888256 0.0469647198915482 0.0577810853719711
-3.4e+38 -3.4e+38 -3.4e+38 0.00716250203549862 -3.4e+38 0.00701934797689319 0.00687121786177158 0.00761099066585302 0.00956787541508675 0.0201519038528204 0.0850828215479851 0.0317608751356602 0.0404510870575905 0.113730765879154 0.0664742738008499 0.0644227117300034 0.0554035045206547 0.0740491226315498 0.0683247670531273 0.0581367239356041 0.0542001314461231 0.0603587850928307 0.0509511940181255 0.0542275905609131 0.0539128817617893 0.0568753704428673 0.0596683323383331 0.0575416646897793 0.0532181151211262 0.0471692085266113 0.043798353523016 0.0404662862420082 0.0393565110862255 0.0349824726581573 0.0325655043125153 0.0299370978027582 0.0293929558247328 0.0307773388922215 0.0317304991185665 0.0330054759979248 0.033082228153944 0.0342289656400681 0.0340433083474636 0.0350322052836418 0.0333244055509567 0.0336632914841175 0.035261444747448 0.0368218682706356 0.037371389567852 0.0374007262289524 0.0399402789771557 0.0401396676898003 0.0410431809723377 0.0437859371304512 0.0478081814944744
-3.4e+38 -3.4e+38 -3.4e+38 0.00620953319594264 0.00598786771297455 0.0057798339985311 0.00938444212079048 0.00784392561763525 0.0109601737931371 0.0159194245934486 0.0297806467860937 0.0467334873974323 0.033645186573267 0.0469817705452442 0.0733036920428276 0.0974557176232338 0.0606910772621632 0.0732530951499939 0.0779216960072517 0.0637724474072456 0.0594560354948044 0.0544583685696125 0.0523782968521118 0.0529892109334469 0.0553416609764099 0.0552077032625675 0.0558118037879467 0.0512250736355782 0.0495427921414375 0.0459564253687859 0.0427349060773849 0.0393514707684517 0.0381484031677246 0.0333820134401321 0.0306821465492249 0.0280502308160067 0.0293250400573015 0.0292409267276525 0.0322963111102581 0.0323784276843071 0.0320004224777222 0.0334984660148621 0.0322641581296921 0.032455787062645 0.0325089059770107 0.0327235646545887 0.0343091301620007 0.0347471311688423 0.0363758653402328 0.0364142209291458 0.0370910465717316 0.0377559438347816 0.0404653809964657 0.0412058718502522 0.0418040603399277
-3.4e+38 -3.4e+38 -3.4e+38 0.00600295187905431 0.00598996691405773 0.00962982699275017 0.0109321279451251 0.00780123425647616 0.0105616124346852 0.012974675744772 0.0135298054665327 0.0276664290577173 0.0393119752407074 0.0319939441978931 0.0663077086210251 0.124566778540611 0.0693070665001869 0.0636159926652908 0.0860253423452377 0.0752394497394562 0.0639187842607498 0.0548607110977173 0.0557820312678814 0.0566237382590771 0.0514911897480488 0.0514326319098473 0.0525267198681831 0.0505448281764984 0.0465585291385651 0.0444565191864967 0.0411682389676571 0.0380092598497868 0.0346115417778492 0.0323874056339264 0.0282689388841391 0.0271928459405899 0.0294118989259005 0.0287518054246902 0.0301601439714432 0.0301388520747423 0.0310356896370649 0.0310050323605537 0.0313836857676506 0.031642135232687 0.031780157238245 0.031639102846384 0.0333370193839073 0.0348312258720398 0.0366864539682865 0.0372036434710026 0.0378044806420803 0.0372549258172512 0.0392574518918991 0.0399013236165047 0.0407514199614525
-3.4e+38 -3.4e+38 -3.4e+38 -3.4e+38 -3.4e+38 -3.4e+38 0.00862440932542086 0.00794159155339003 0.00905599724501371 0.0108456816524267 0.0149746416136622 0.0213595870882273 0.0444044135510921 0.0417515859007835 0.0626029446721077 0.103806890547276 0.0715138465166092 0.0612185895442963 0.0870156511664391 0.0879275873303413 0.0783298686146736 0.0595108605921268 0.053741991519928 0.0545053444802761 0.0524093806743622 0.0501889064908028 0.0486179329454899 0.0463385358452797 0.0426050089299679 0.0410005524754524 0.0395319312810898 0.0364799723029137 0.0331852361559868 0.0313864536583424 0.0281944796442986 0.0265627037733793 0.0271029882133007 0.0283439755439758 0.029774583876133 0.0294488798826933 0.0290510915219784 0.0295100230723619 0.0300100259482861 0.0308340545743704 0.0310671515762806 0.0312822088599205 0.0326551347970963 0.0341596603393555 0.034905269742012 0.0365822985768318 0.0366658084094524 0.0374714285135269 0.0376913622021675 0.0384554788470268 0.0411371625959873
-3.4e+38 -3.4e+38 -3.4e+38 -3.4e+38 -3.4e+38 -3.4e+38 0.00904576200991869 0.00805553700774908 0.00875842664390802 0.0109426192939281 0.0310073755681515 0.0321135707199574 0.0324705056846142 0.0551754124462605 0.0732323080301285 0.0972474664449692 0.079787902534008 0.0579450130462646 0.100270867347717 0.0835047289729118 0.0699438452720642 0.0550520308315754 0.0507307611405849 0.0481297448277473 0.04774996265769 0.0457305796444416 0.0442313402891159 0.0419341549277306 0.0398575440049171 0.0385453216731548 0.0356381647288799 0.0346080251038074 0.0319391563534737 0.0309014152735472 0.02911944873631 0.0289112981408834 0.0287987217307091 0.0282999407500029 0.0293590798974037 0.0289598517119884 0.0286560263484716 0.0281586460769176 0.0271595176309347 0.0288359578698874 0.0286672245711088 0.0310298725962639 0.0304495003074408 0.0318122133612633 0.0326150842010975 0.034164909273386 0.0354737266898155 0.0355193316936493 0.0378956459462643 0.0392186231911182 0.0375625118613243
-3.4e+38 -3.4e+38 -3.4e+38 -3.4e+38 -3.4e+38 -3.4e+38 0.00862864963710308 0.0078122029080987 -3.4e+38 0.0114591000601649 0.0182174686342478 0.0244023334234953 0.030697850510478 0.0415528900921345 0.113070890307426 0.0808662921190262 0.0880805850028992 0.0664815977215767 0.0837981030344963 0.0907344073057175 0.0467787347733974 0.0495927631855011 0.0493188574910164 0.0464223027229309 0.044543769210577 0.0415185168385506 0.0411887727677822 0.0394153445959091 0.0379656404256821 0.0353460907936096 0.0340772457420826 0.033103484660387 0.0308802090585232 0.0298848114907742 0.0287980623543262 0.0289924312382936 0.0284587573260069 0.0280173514038324 0.0280613899230957 0.0274764392524958 0.0268377549946308 0.0285579729825258 0.0267398245632648 0.0280004013329744 0.0279049500823021 0.0300131905823946 0.0309145711362362 0.0298246517777443 0.0313785932958126 0.0328752137720585 0.0350617915391922 0.035644706338644 0.0366490893065929 0.0361124761402607 0.0374146103858948
-3.4e+38 -3.4e+38 -3.4e+38 -3.4e+38 -3.4e+38 -3.4e+38 -3.4e+38 -3.4e+38 -3.4e+38 0.00962631963193417 0.0106133241206408 0.0145169142633677 0.0202537700533867 0.029937382787466 0.144511729478836 0.0900900214910507 0.0517246648669243 0.0535037778317928 0.0806934610009193 0.0911812856793404 0.0489099510014057 0.0434556938707829 0.0482818484306335 0.0441606938838959 0.0431572385132313 0.0388321839272976 0.0365778580307961 0.0358501560986042 0.0352159813046455 0.0337064526975155 0.0325290001928806 0.0317716263234615 0.0298387762159109 0.0293762385845184 0.0288205519318581 -3.4e+38 -3.4e+38 0.0276416968554258 0.0277077741920948 0.0274707041680813 0.0271341968327761 0.026846457272768 0.0254357233643532 0.0258240085095167 0.0279129110276699 0.0278574842959642 0.0284167751669884 0.0294614229351282 0.0297920294106007 0.0318377241492271 0.0342760942876339 0.0360060259699821 0.0388693138957024 0.0355870798230171 0.0353399179875851
-3.4e+38 -3.4e+38 -3.4e+38 -3.4e+38 -3.4e+38 -3.4e+38 -3.4e+38 -3.4e+38 -3.4e+38 -3.4e+38 0.0102870957925916 0.0137885604053736 0.0170301347970963 0.0182742699980736 0.061359666287899 0.0769236013293266 0.0468445792794228 0.0465096347033978 0.0790705904364586 0.0777444466948509 0.0647171661257744 0.0611507184803486 0.0460905060172081 0.0526282824575901 0.0450652427971363 0.037599939852953 0.0355703867971897 0.034648273140192 0.0339357145130634 0.0328672043979168 -3.4e+38 -3.4e+38 -3.4e+38 -3.4e+38 -3.4e+38 -3.4e+38 -3.4e+38 -3.4e+38 -3.4e+38 -3.4e+38 0.0264484137296677 0.0260667726397514 0.0255885869264603 0.0241901651024818 0.0254005044698715 0.025908712297678 0.0267406329512596 0.0313438698649406 0.0292748510837555 0.030812943354249 0.0320495627820492 0.0341049879789352 0.0353782512247562 0.0348091535270214 0.0371022559702396
-3.4e+38 -3.4e+38 -3.4e+38 -3.4e+38 -3.4e+38 -3.4e+38 -3.4e+38 -3.4e+38 -3.4e+38 -3.4e+38 0.00926073826849461 0.00882095750421286 0.0118725197389722 0.0204346589744091 0.0444894321262836 0.0426592491567135 0.0196136217564344 0.0512615032494068 0.0743330866098404 0.076685793697834 0.0741431415081024 0.0610293820500374 0.0538557358086109 0.0509014576673508 0.0425191484391689 0.0374294854700565 0.035444363951683 0.0338535606861115 0.0329949930310249 -3.4e+38 -3.4e+38 -3.4e+38 -3.4e+38 -3.4e+38 -3.4e+38 -3.4e+38 -3.4e+38 -3.4e+38 -3.4e+38 0.0229500867426395 0.0251381527632475 0.0316386297345161 0.0255671013146639 0.0246994718909264 0.0244101695716381 0.0251930821686983 0.0248224642127752 0.0275725573301315 0.0331308543682098 0.0324366427958012 0.0341114327311516 0.0328566431999207 0.0347495377063751 0.0368441827595234 0.0355822481215
-3.4e+38 -3.4e+38 -3.4e+38 -3.4e+38 -3.4e+38 -3.4e+38 -3.4e+38 0.00921233557164669 0.0100674340501428 -3.4e+38 0.00740542775020003 0.00790802109986544 0.00938586611300707 0.0143180880695581 0.0259098410606384 0.0645995065569878 0.0194047130644321 0.051651768386364 0.08713049441576 0.0829631760716438 0.0800816342234612 0.0662152841687202 0.0647920146584511 0.061792403459549 0.0391288250684738 0.0386913791298866 0.0350396446883678 0.0323496423661709 0.031661719083786 0.0319844372570515 -3.4e+38 -3.4e+38 -3.4e+38 -3.4e+38 -3.4e+38 -3.4e+38 -3.4e+38 -3.4e+38 0.0222140941768885 -3.4e+38 0.0221071597188711 0.0252202842384577 0.0266471896320581 0.0234833639115095 0.0242024790495634 0.0248660538345575 0.0241156183183193 0.0244324896484613 0.0272906720638275 0.0328686982393265 0.02981161698699 0.0313717871904373 0.0304215718060732 0.0455431379377842 0.038135327398777
-3.4e+38 -3.4e+38 -3.4e+38 -3.4e+38 -3.4e+38 -3.4e+38 -3.4e+38 0.00968774035573006 0.0116065684705973 -3.4e+38 -3.4e+38 0.00727249449118972 0.00825332943350077 0.014868127182126 0.0262030214071274 0.0667408108711243 0.0217222776263952 0.0799558088183403 0.0950504317879677 0.0718548372387886 0.080672524869442 0.0555031672120094 0.0578706674277782 0.0563162975013256 0.0414327420294285 0.0356274582445621 0.0353283733129501 0.0312996059656143 0.031023882329464 0.0293512456119061 -3.4e+38 -3.4e+38 -3.4e+38 -3.4e+38 -3.4e+38 -3.4e+38 -3.4e+38 -3.4e+38 0.0193487480282784 0.0184966716915369 0.0206641890108585 0.0212558899074793 0.0236217230558395 0.0213887598365545 0.0215107351541519 0.0224136654287577 0.0231911782175303 0.0223017744719982 0.0261535495519638 0.0333670079708099 0.0270602945238352 0.0280993599444628 0.0278955586254597 0.035060778260231 0.0434047505259514
-3.4e+38 -3.4e+38 -3.4e+38 -3.4e+38 -3.4e+38 -3.4e+38 -3.4e+38 -3.4e+38 0.00892216712236404 -3.4e+38 -3.4e+38 -3.4e+38 0.00740886898711324 0.0112425414845347 0.0198867321014404 0.0492353923618793 0.0373232699930668 0.0745733678340912 0.0920324325561523 0.0797897055745125 0.0573519878089428 0.0542996153235435 0.0473167859017849 0.0480789467692375 0.0414569787681103 0.0345292389392853 0.0351519398391247 0.0316550247371197 0.0310799274593592 0.0301331784576178 0.0291915405541658 -3.4e+38 -3.4e+38 -3.4e+38 -3.4e+38 -3.4e+38 -3.4e+38 -3.4e+38 -3.4e+38 0.0181287918239832 0.0173023659735918 0.0195381194353104 0.0185147915035486 0.0177957117557526 0.0184809640049934 0.0211667660623789 0.0198258925229311 0.0212250519543886 0.0221458356827497 0.0275023207068443 0.0268715582787991 0.0265994165092707 0.0273211859166622 0.0284152422100306 0.0465314537286758
