data/climate_estimation/maxent_output/Disporum_bodinieri.asc
NCOLS 212 
NROWS 136 
XLLCORNER 93.9166666666667 
YLLCORNER 22.25 
CELLSIZE 0.0833333333333333 
NODATA_value -3.4e+38 
[rows 0 to 19 of 136, columns 132 to 175 of 212]
0.186756238341331 0.182066693902016 0.195428058505058 0.213162779808044 0.195941343903542 0.171681925654411 0.169163957238197 0.192435279488564 0.20157216489315 0.209902182221413 0.217949599027634 0.239494070410728 0.260289698839188 0.29299721121788 0.308019310235977 0.344058811664581 0.375700652599335 0.391348034143448 0.41471004486084 0.425879120826721 0.451611965894699 0.490655183792114 0.483868509531021 0.512399196624756 0.507162034511566 0.536132752895355 0.529868245124817 0.545195460319519 0.569724500179291 0.556120038032532 0.565775036811829 0.585257172584534 0.562922298908234 0.564660847187042 0.598012328147888 0.577942669391632 0.550137996673584 0.571247518062592 0.554392516613007 0.531146883964539 0.519660174846649 0.51511812210083 0.512778103351593 0.489401817321777
0.153308212757111 0.188299670815468 0.232008635997772 0.215705662965775 0.207621857523918 0.20406536757946 0.223918497562408 0.224253386259079 0.22877524793148 0.249267876148224 0.271544069051743 0.286296367645264 0.318096041679382 0.339479774236679 0.356141865253448 0.388084411621094 0.426058948040009 0.47725510597229 0.481521606445312 0.49146893620491 0.526500463485718 0.514293193817139 0.523140013217926 0.590389788150787 0.575007081031799 0.596256136894226 0.563226878643036 0.563679873943329 0.642930865287781 0.639174938201904 0.63289600610733 0.630024492740631 0.603448927402496 0.598533272743225 0.640227675437927 0.632716715335846 0.608895421028137 0.627239525318146 0.585895359516144 0.604845702648163 0.568814277648926 0.583287358283997 0.616176307201385 0.575319349765778
0.14484703540802 0.162025913596153 0.2471664249897 0.268958002328873 0.271667093038559 0.271919846534729 0.282479345798492 0.285504162311554 0.289536863565445 0.313919365406036 0.319433301687241 0.356615632772446 0.364451706409454 0.390855520963669 0.391523778438568 0.460923671722412 0.498435765504837 0.508265972137451 0.560132443904877 0.574500143527985 0.587402582168579 0.615043938159943 0.607473194599152 0.616172790527344 0.639182031154633 0.638628244400024 0.624560713768005 0.585315704345703 0.643731772899628 0.57928740978241 0.609634935855865 0.58823549747467 0.59016352891922 0.602144420146942 0.65999835729599 0.609456956386566 0.683761477470398 0.557159781455994 0.610954761505127 0.610954761505127 0.629052996635437 0.664166867733002 0.632845520973206 0.637887716293335
0.27698415517807 0.251100599765778 0.198592692613602 0.258838921785355 0.334699332714081 0.344897598028183 0.309530466794968 0.321325421333313 0.350735425949097 0.375663459300995 0.40739893913269 0.43138188123703 0.441834300756454 0.467796623706818 0.476510792970657 0.520820915699005 0.543267667293549 0.584927022457123 0.630017578601837 0.624003112316132 0.647766947746277 0.669753968715668 0.669217467308044 0.704024195671082 0.708343863487244 0.679944813251495 0.669794797897339 0.613684117794037 0.562842309474945 0.549887895584106 0.481574475765228 0.486527055501938 0.540319681167603 0.586221098899841 0.576117992401123 0.602044105529785 0.694212436676025 0.618073344230652 0.609664499759674 0.627882897853851 0.656416654586792 0.704928636550903 0.676146268844604 0.655474424362183
0.311539858579636 0.233044996857643 0.319756805896759 0.362369537353516 0.366092652082443 0.372797310352325 0.403034597635269 0.389463156461716 0.418378353118896 0.454773962497711 0.465813785791397 0.482685774564743 0.503241717815399 0.559213161468506 0.578202247619629 0.61141562461853 0.6218501329422 0.667418479919434 0.693005800247192 0.659886419773102 0.706214189529419 0.704168617725372 0.72870010137558 0.736075103282928 0.730188131332397 0.717206060886383 0.647951722145081 0.555901944637299 0.48936665058136 0.48105326294899 0.470906734466553 0.461395084857941 0.474188029766083 0.525850296020508 0.582590579986572 0.620675325393677 0.585839986801147 0.603202700614929 0.682966649532318 0.679866015911102 0.773060441017151 0.777257144451141 0.698197901248932 0.720507204532623
0.291339159011841 0.355615198612213 0.409799814224243 0.423120230436325 0.392947942018509 0.428795456886292 0.442921966314316 0.462881416082382 0.488069921731949 0.476313173770905 0.518743932247162 0.546769022941589 0.569547176361084 0.608847677707672 0.639331042766571 0.662351906299591 0.699267446994781 0.721064627170563 0.734494686126709 0.704521000385284 0.739024221897125 0.736242353916168 0.768513441085815 0.783450782299042 0.756702482700348 0.727500855922699 0.651016414165497 0.557462573051453 0.502809822559357 0.509149491786957 0.54712575674057 0.548136293888092 0.566304981708527 0.642223417758942 0.659651517868042 0.611506879329681 0.593493044376373 0.752552807331085 0.741167426109314 0.64365416765213 0.714161396026611 0.675516903400421 0.732655882835388 0.788087427616119
0.419273734092712 0.407712697982788 0.432165890932083 0.42700007557869 0.442635118961334 0.491531282663345 0.496383816003799 0.553127229213715 0.540091872215271 0.59133642911911 0.616794288158417 0.634852647781372 0.665042638778687 0.67305189371109 0.684488773345947 0.728887557983398 0.767378389835358 0.774949789047241 0.792428970336914 0.788930296897888 0.79615443944931 0.812128961086273 0.802368521690369 0.789061784744263 0.778931677341461 0.760726034641266 0.619592428207397 0.523998975753784 0.563828349113464 0.571132719516754 0.574189424514771 0.646751761436462 0.614460527896881 0.756280243396759 0.670141935348511 0.670651316642761 0.761916756629944 0.710167706012726 0.728442490100861 0.675866186618805 0.673070967197418 0.672758936882019 0.709880292415619 0.702388167381287
0.438183277845383 0.507667005062103 0.52908730506897 0.54347425699234 0.516960084438324 0.579115509986877 0.56366628408432 0.568196713924408 0.639368116855621 0.631805241107941 0.708229243755341 0.740207314491272 0.755011022090912 0.734734177589417 0.764743804931641 0.81521600484848 0.83640855550766 0.812256336212158 0.843682885169983 0.865139961242676 0.874459564685822 0.857827663421631 0.836286306381226 0.789811551570892 0.82211846113205 0.676468253135681 0.691235244274139 0.554030179977417 0.598038613796234 0.592424988746643 0.573434412479401 0.593136847019196 0.6166712641716 0.616200983524323 0.692709386348724 0.828696668148041 0.90292227268219 0.923803448677063 0.858084082603455 0.834537148475647 0.741277098655701 0.686517655849457 0.705417990684509 0.649855554103851
0.553698062896729 0.556005120277405 0.595716834068298 0.589504599571228 0.579820096492767 0.647385656833649 0.661516964435577 0.714295983314514 0.746305644512177 0.762378633022308 0.816356003284454 0.837491750717163 0.80502724647522 0.848232567310333 0.850001633167267 0.854345619678497 0.88409823179245 0.89072585105896 0.898136377334595 0.903458178043365 0.919749617576599 0.91838538646698 0.900201320648193 0.829988956451416 0.839909911155701 0.732888996601105 0.693944454193115 0.655329287052155 0.823678731918335 0.854173958301544 0.811407029628754 0.710782647132874 0.817236244678497 0.93121463060379 0.907613694667816 0.943973541259766 0.961494028568268 0.943602442741394 0.942569434642792 0.853441715240479 0.869139730930328 0.945558547973633 0.779770255088806 0.618006348609924
0.625915229320526 0.66363388299942 0.643263638019562 0.665663063526154 0.675265967845917 0.724132478237152 0.751976490020752 0.792142987251282 0.86875057220459 0.899792969226837 0.900869071483612 0.887683808803558 0.899650931358337 0.897788465023041 0.914361357688904 0.909572720527649 0.92460972070694 0.927889227867126 0.946281373500824 0.937265872955322 0.946896553039551 0.955298781394958 0.949428915977478 0.940411865711212 0.908636808395386 0.940539479255676 0.922623515129089 0.939789056777954 0.928318023681641 0.936834692955017 0.929497420787811 0.95105117559433 0.950249910354614 0.926504075527191 0.971886396408081 0.967917859554291 0.954993188381195 0.967061996459961 0.953526079654694 0.888236939907074 0.80256450176239 0.883780181407928 0.939798474311829 0.935855686664581
0.749873042106628 0.730516970157623 0.757749915122986 0.77175110578537 0.782958984375 0.801824271678925 0.864834487438202 0.909686326980591 0.907087922096252 0.913402378559113 0.958888113498688 0.947577774524689 0.948936939239502 0.951684236526489 0.934216976165771 0.9515460729599 0.959728002548218 0.957836449146271 0.953203141689301 0.930908143520355 0.931239604949951 0.934265315532684 0.96230137348175 0.954828083515167 0.938714683055878 0.915221691131592 0.937080025672913 0.930440127849579 0.920099198818207 0.93437796831131 0.913806319236755 0.955234348773956 0.879636347293854 0.900049984455109 0.963127136230469 0.968245029449463 0.958532989025116 0.975979328155518 0.974018573760986 0.963285148143768 0.916360437870026 0.837855637073517 0.804176688194275 0.920490980148315
0.774792909622192 0.805863559246063 0.828020751476288 0.850826561450958 0.864666104316711 0.913967788219452 0.934505999088287 0.933414578437805 0.932222306728363 0.955815374851227 0.938411235809326 0.93800276517868 0.968978464603424 0.955866277217865 0.969521462917328 0.959964215755463 0.965089678764343 0.964846611022949 0.962670207023621 0.963183164596558 0.96960461139679 0.963274657726288 0.944995999336243 0.946134984493256 0.951040625572205 0.940842628479004 0.947947084903717 0.942268788814545 0.929897904396057 0.949580252170563 0.947232365608215 0.892321228981018 0.89877462387085 0.944808006286621 0.944283008575439 0.977612197399139 0.966184198856354 0.977127015590668 0.976477563381195 0.976686418056488 0.981509029865265 0.957977652549744 0.900154888629913 0.919894695281982
0.901642441749573 0.926332652568817 0.907590925693512 0.900466024875641 0.917626738548279 0.932215988636017 0.955113887786865 0.945799231529236 0.953809916973114 0.947533428668976 0.947125375270844 0.942782461643219 0.961315214633942 0.968030035495758 0.970327734947205 0.964583516120911 0.962135672569275 0.966060101985931 0.96353155374527 0.963864922523499 0.951797783374786 0.949484586715698 0.953856766223907 0.965906322002411 0.970454275608063 0.955017626285553 0.966566920280457 0.970131993293762 0.969821631908417 0.94713819026947 0.96964019536972 0.947684109210968 0.955879092216492 0.965568482875824 0.950530290603638 0.980611503124237 0.97132533788681 0.980588674545288 0.98064512014389 0.981148600578308 0.980688035488129 0.97524881362915 0.954362452030182 0.939253449440002
0.957617402076721 0.952737390995026 0.957412779331207 0.965624928474426 0.970140099525452 0.953413844108582 0.95109623670578 0.929112017154694 0.901921272277832 0.952170372009277 0.913396656513214 0.91732132434845 0.957356035709381 0.965391099452972 0.972343504428864 0.966880977153778 0.959809243679047 0.971079766750336 0.971203207969666 0.962369859218597 0.956742167472839 0.966973423957825 0.967493891716003 0.970768928527832 0.972390234470367 0.954888164997101 0.963390529155731 0.972306907176971 0.963808417320251 0.959893047809601 0.982283711433411 0.981026649475098 0.982209205627441 0.982961714267731 0.96999055147171 0.980607628822327 0.974692761898041 0.963987350463867 0.983444690704346 0.97689962387085 0.983106672763824 0.984540045261383 0.986725628376007 0.980777263641357
0.980893015861511 0.979729533195496 0.956529200077057 0.949000597000122 0.958850860595703 0.974879026412964 0.957528293132782 0.937846422195435 0.898335814476013 0.879517912864685 0.926708400249481 0.933447241783142 0.91145259141922 0.956084966659546 0.963553071022034 0.964403092861176 0.962643921375275 0.970393538475037 0.968690097332001 0.971238076686859 0.96629673242569 0.969725847244263 0.966325879096985 0.969180464744568 0.971509277820587 0.97448742389679 0.974031686782837 0.975301027297974 0.972085535526276 0.97634756565094 0.977792024612427 0.977723777294159 0.981850206851959 0.983746469020844 0.978302419185638 0.977932751178741 0.976990878582001 0.978339195251465 0.977485120296478 0.985783517360687 0.984328389167786 0.980618596076965 0.981050968170166 0.982953548431396
0.985968172550201 0.982164919376373 0.973973989486694 0.962091028690338 0.941646695137024 0.931301772594452 0.921726644039154 0.914419949054718 0.944657146930695 0.910250246524811 0.922770380973816 0.940534353256226 0.91642689704895 0.949939548969269 0.960659682750702 0.963724493980408 0.957385122776031 0.965698897838593 0.969034433364868 0.966956973075867 0.962262153625488 0.965204000473022 0.955263137817383 0.971521615982056 0.969860255718231 0.974153161048889 0.965822637081146 0.971720039844513 0.96958065032959 0.973942160606384 0.978073537349701 0.979188740253448 0.980381786823273 0.981335878372192 0.986349642276764 0.985882937908173 0.9859858751297 0.980083346366882 0.981943368911743 0.988099098205566 0.983291327953339 0.977088987827301 0.937613964080811 0.944253921508789
0.985224187374115 0.963665783405304 0.963918805122375 0.953305065631866 0.931078255176544 0.943954586982727 0.934554934501648 0.918174922466278 0.92620313167572 0.895007252693176 0.934365034103394 0.940642476081848 0.955174803733826 0.952354073524475 0.943343579769135 0.932492196559906 0.953527212142944 0.950112521648407 0.955634236335754 0.958997309207916 0.963990986347198 0.962348103523254 0.963852763175964 0.968295812606812 0.970488786697388 0.974514484405518 0.969718813896179 0.972360849380493 0.973196923732758 0.979981541633606 0.981719791889191 0.97410660982132 0.975511193275452 0.985656976699829 0.987038910388947 0.987764775753021 0.981992900371552 0.982964277267456 0.973733961582184 0.974371016025543 0.986175775527954 0.978890419006348 0.969163715839386 0.946483433246613
0.961695730686188 0.958120703697205 0.946486532688141 0.96362316608429 0.942939817905426 0.91040426492691 0.896292865276337 0.914780914783478 0.919809639453888 0.903541028499603 0.940061688423157 0.926070809364319 0.946440517902374 0.94992458820343 0.955176830291748 0.947847366333008 0.954288482666016 0.95710551738739 0.954767942428589 0.950004041194916 0.963242590427399 0.955138683319092 0.957591116428375 0.963171541690826 0.970323264598846 0.969796240329742 0.969655752182007 0.975936710834503 0.978858172893524 0.972435414791107 0.983178794384003 0.982983410358429 0.980711340904236 0.9763023853302 0.985530436038971 0.985868692398071 0.985530853271484 0.989992916584015 0.967320144176483 0.969444811344147 0.987133085727692 0.988745748996735 0.984649062156677 0.939735770225525
0.967118382453918 0.907829403877258 0.907334089279175 0.920854389667511 0.914485275745392 0.906373977661133 0.897433757781982 0.911656498908997 0.922904431819916 0.89714378118515 0.929645597934723 0.934354186058044 0.94697380065918 0.941988587379456 0.95271623134613 0.950057327747345 0.958261072635651 0.946802735328674 0.948796927928925 0.94503778219223 0.952643036842346 0.966435968875885 0.959541857242584 0.967213988304138 0.971281170845032 0.969844698905945 0.964541971683502 0.971201181411743 0.979059457778931 0.98024982213974 0.981488049030304 0.981661140918732 0.982121646404266 0.974641859531403 0.983897805213928 0.987322986125946 0.979984223842621 0.986162602901459 0.981872200965881 0.972999215126038 0.964538514614105 0.977886080741882 0.985242187976837 0.980065286159515
0.887806534767151 0.894064664840698 0.891306400299072 0.891123056411743 0.906840562820435 0.912010848522186 0.899322152137756 0.898450374603271 0.926348388195038 0.909152269363403 0.926123797893524 0.930621266365051 0.940955221652985 0.94811087846756 0.950979948043823 0.939639925956726 0.945860385894775 0.949035227298737 0.954934597015381 0.949233412742615 0.943869173526764 0.959055721759796 0.954144060611725 0.958047330379486 0.95756459236145 0.965783536434174 0.97017502784729 0.974300503730774 0.973077833652496 0.978826642036438 0.975553154945374 0.984939217567444 0.984304547309875 0.977834403514862 0.985571324825287 0.984924614429474 0.98415195941925 0.989232778549194 0.991291642189026 0.986110210418701 0.948615729808807 0.968728244304657 0.958498239517212 0.98222279548645
