data/climate_estimation/maxent_output/Disporum_smilacinum.asc
NCOLS 206 
NROWS 149 
XLLCORNER 127.583333333333 
YLLCORNER 31.4166666666667 
CELLSIZE 0.0833333333333334 
NODATA_value -3.4e+38 
[rows 72 to 95 of 149, columns 110 to 164 of 206]
-3.4e+38 -3.4e+38 -3.4e+38 -3.4e+38 -3.4e+38 -3.4e+38 -3.4e+38 -3.4e+38 -3.4e+38 -3.4e+38 -3.4e+38 -3.4e+38 -3.4e+38 -3.4e+38 -3.4e+38 -3.4e+38 -3.4e+38 0.657455623149872 0.655421912670135 0.653441548347473 -3.4e+38 -3.4e+38 -3.4e+38 -3.4e+38 0.670689165592194 0.650432229042053 0.642938494682312 0.632985889911652 0.607783079147339 0.608015477657318 0.674735248088837 0.694534063339233 0.691462814807892 0.716096520423889 0.722409725189209 0.71983677148819 0.718805134296417 0.722336947917938 0.708710372447968 0.715410888195038 0.706323146820068 0.693323254585266 0.716114163398743 0.711521565914154 0.500911951065063 0.648978650569916 0.70380437374115 0.710143387317657 0.707578241825104 0.71251654624939 0.696301162242889 0.633837938308716 -3.4e+38 -3.4e+38 -3.4e+38
-3.4e+38 -3.4e+38 -3.4e+38 -3.4e+38 -3.4e+38 -3.4e+38 -3.4e+38 -3.4e+38 -3.4e+38 -3.4e+38 -3.4e+38 -3.4e+38 -3.4e+38 -3.4e+38 -3.4e+38 -3.4e+38 -3.4e+38 -3.4e+38 -3.4e+38 -3.4e+38 -3.4e+38 -3.4e+38 -3.4e+38 -3.4e+38 0.673624515533447 0.539658606052399 0.648267030715942 0.638313174247742 0.655335783958435 0.649937212467194 0.685595512390137 0.665286958217621 0.673597157001495 0.683557033538818 0.695986568927765 0.702526688575745 0.689989864826202 0.682710766792297 0.732181012630463 0.7120161652565 0.674160242080688 0.592664659023285 0.697237074375153 0.693279683589935 0.552927196025848 0.694355964660645 0.720980167388916 0.707965314388275 0.706561923027039 0.710188627243042 0.649834096431732 0.6334428191185 -3.4e+38 -3.4e+38 -3.4e+38
-3.4e+38 -3.4e+38 -3.4e+38 -3.4e+38 -3.4e+38 -3.4e+38 -3.4e+38 -3.4e+38 -3.4e+38 -3.4e+38 -3.4e+38 -3.4e+38 -3.4e+38 -3.4e+38 -3.4e+38 -3.4e+38 -3.4e+38 -3.4e+38 -3.4e+38 -3.4e+38 -3.4e+38 -3.4e+38 -3.4e+38 0.55064857006073 0.5459343791008 0.542661428451538 0.540357232093811 0.658200800418854 0.66680246591568 0.69022798538208 0.694680988788605 0.7001913189888 0.664268434047699 0.680460870265961 0.669006586074829 0.674680471420288 0.663686633110046 0.655641078948975 0.74414473772049 0.701414883136749 0.716013312339783 0.707406878471375 0.674392223358154 0.72734797000885 0.633521735668182 0.703685879707336 0.712695777416229 0.701030552387238 0.702612161636353 0.705995321273804 0.642596423625946 0.581334710121155 -3.4e+38 -3.4e+38 -3.4e+38
-3.4e+38 -3.4e+38 -3.4e+38 -3.4e+38 -3.4e+38 0.648917376995087 0.651228010654449 0.639811992645264 -3.4e+38 -3.4e+38 -3.4e+38 -3.4e+38 -3.4e+38 -3.4e+38 -3.4e+38 -3.4e+38 -3.4e+38 -3.4e+38 -3.4e+38 -3.4e+38 -3.4e+38 -3.4e+38 0.54817521572113 0.552814900875092 0.551062047481537 0.544735252857208 0.666464328765869 0.665501534938812 0.673530161380768 0.707021415233612 0.711481273174286 0.694633424282074 0.700686037540436 0.698622703552246 0.690037667751312 0.678238928318024 0.666293203830719 0.60639888048172 0.731711745262146 0.735931992530823 0.728721857070923 0.70450747013092 0.722771406173706 0.650272786617279 0.680873274803162 0.720071256160736 0.710512697696686 0.698810040950775 0.699760437011719 0.70091700553894 0.587474167346954 0.570463180541992 -3.4e+38 -3.4e+38 -3.4e+38
-3.4e+38 -3.4e+38 0.645394623279572 0.637618601322174 0.661499381065369 0.663928508758545 0.639843702316284 0.633568167686462 -3.4e+38 -3.4e+38 -3.4e+38 -3.4e+38 -3.4e+38 -3.4e+38 -3.4e+38 -3.4e+38 -3.4e+38 -3.4e+38 -3.4e+38 -3.4e+38 -3.4e+38 -3.4e+38 0.550292611122131 0.557556211948395 0.549963295459747 0.548314571380615 0.67979896068573 0.683385133743286 0.699149370193481 0.703930020332336 0.704064249992371 0.709032952785492 0.700393497943878 0.694032549858093 0.69527268409729 0.688287973403931 0.682275474071503 0.664243638515472 0.740328371524811 0.732718050479889 0.730727970600128 0.720236003398895 0.673925161361694 0.632320523262024 0.70334804058075 0.717727959156036 0.707204639911652 0.698436200618744 0.700618743896484 0.695640504360199 0.57841694355011 0.562292993068695 -3.4e+38 -3.4e+38 -3.4e+38
0.667151272296906 0.648236930370331 0.677216231822968 0.66924524307251 0.663927018642426 0.655392110347748 0.640337526798248 -3.4e+38 -3.4e+38 -3.4e+38 -3.4e+38 -3.4e+38 -3.4e+38 -3.4e+38 -3.4e+38 -3.4e+38 -3.4e+38 -3.4e+38 -3.4e+38 -3.4e+38 0.551636755466461 0.545596539974213 0.54819244146347 0.557759821414948 0.549992263317108 0.684373915195465 0.693527042865753 0.69193959236145 0.710152506828308 0.723746359348297 0.700588464736938 0.697455167770386 0.693829834461212 0.696491062641144 0.73214864730835 0.718310296535492 0.732298493385315 0.732704043388367 0.72709584236145 0.714540958404541 0.720735371112823 0.718588471412659 0.67220813035965 0.670544922351837 0.72297191619873 0.710673570632935 0.705716967582703 0.688831150531769 0.693560063838959 0.680323600769043 0.612569570541382 0.550618529319763 -3.4e+38 -3.4e+38 -3.4e+38
0.66145920753479 0.657182037830353 0.66688197851181 0.663607597351074 0.656578183174133 0.651980102062225 0.639687657356262 -3.4e+38 -3.4e+38 -3.4e+38 -3.4e+38 -3.4e+38 -3.4e+38 -3.4e+38 -3.4e+38 -3.4e+38 -3.4e+38 -3.4e+38 -3.4e+38 0.539347410202026 0.564261913299561 0.560552477836609 0.55409836769104 0.555219769477844 0.55345892906189 0.67103523015976 0.677316129207611 0.692939341068268 0.699812591075897 0.727187097072601 0.699592530727386 0.693870306015015 0.735752820968628 0.727955400943756 0.728478312492371 0.708984673023224 0.704640626907349 0.725235223770142 0.714271366596222 0.707954943180084 0.711904048919678 0.728549659252167 0.709880352020264 0.707391917705536 0.719619274139404 0.704308867454529 0.70458722114563 0.69131600856781 0.685958027839661 0.671188771724701 0.600961744785309 0.586541891098022 -3.4e+38 -3.4e+38 -3.4e+38
0.673393249511719 0.65915459394455 0.637787640094757 0.642858564853668 -3.4e+38 -3.4e+38 -3.4e+38 -3.4e+38 -3.4e+38 -3.4e+38 -3.4e+38 -3.4e+38 -3.4e+38 -3.4e+38 -3.4e+38 -3.4e+38 0.528258979320526 0.531920313835144 0.529740154743195 0.539211809635162 0.550723910331726 0.681680381298065 0.673936724662781 0.672146856784821 0.668095052242279 0.675017774105072 0.664177715778351 0.684935867786407 0.699933409690857 0.718926846981049 0.706611394882202 0.706228494644165 0.705934107303619 0.725487649440765 0.700927317142487 0.716690540313721 0.723032414913177 0.714574873447418 0.677271485328674 0.701487123966217 0.71801882982254 0.72549569606781 0.726557493209839 0.724549174308777 0.715080440044403 0.705033004283905 0.699187636375427 0.688898921012878 0.668681919574738 0.655140817165375 0.619522869586945 0.574213266372681 -3.4e+38 -3.4e+38 -3.4e+38
0.654902815818787 0.647610306739807 0.650144457817078 0.640851080417633 -3.4e+38 -3.4e+38 -3.4e+38 -3.4e+38 -3.4e+38 -3.4e+38 -3.4e+38 -3.4e+38 -3.4e+38 -3.4e+38 0.502316355705261 0.55045223236084 0.54999166727066 0.542644262313843 0.46581643819809 0.538396060466766 0.550065159797668 0.674480080604553 0.673004925251007 0.671480238437653 0.676418900489807 0.676366865634918 0.67683219909668 0.715737223625183 0.705119371414185 0.714685440063477 0.703176259994507 0.654400825500488 0.702462494373322 0.710973739624023 0.686720550060272 0.707238554954529 0.697551190853119 0.677039504051208 0.629534125328064 0.705144107341766 0.720395982265472 0.722466945648193 0.721366822719574 0.720719158649445 0.713261604309082 0.701761305332184 0.689784169197083 0.670637249946594 0.64743185043335 0.631333827972412 0.599449515342712 0.58899188041687 -3.4e+38 -3.4e+38 -3.4e+38
0.646267235279083 0.648718774318695 0.648275852203369 0.656800031661987 -3.4e+38 -3.4e+38 -3.4e+38 -3.4e+38 -3.4e+38 -3.4e+38 -3.4e+38 0.642068386077881 0.645084798336029 0.527823984622955 0.663436949253082 0.677403450012207 0.689340949058533 0.664034843444824 0.502348780632019 0.674127876758575 0.690423190593719 0.696958959102631 0.679133176803589 0.673693001270294 0.686388790607452 0.666624367237091 0.695169389247894 0.708538115024567 0.636878669261932 0.675399661064148 0.679367244243622 0.604030311107635 0.685366094112396 0.692342936992645 0.687063992023468 0.698971271514893 0.662319958209991 0.679051101207733 0.719147205352783 0.723479270935059 0.723358392715454 0.715086162090302 0.712429344654083 0.715742170810699 0.702814698219299 0.69068318605423 0.670810103416443 0.646846055984497 0.625460267066956 0.598209619522095 0.577347099781036 -3.4e+38 -3.4e+38 -3.4e+38 -3.4e+38
0.644573271274567 0.653730571269989 0.673637270927429 0.655088901519775 -3.4e+38 -3.4e+38 -3.4e+38 -3.4e+38 0.631510019302368 0.608801662921906 0.67782187461853 0.671462714672089 0.673628330230713 0.662097930908203 0.728929340839386 0.704674005508423 0.714823842048645 0.663263320922852 0.663263320922852 0.691554009914398 0.685552000999451 0.683970987796783 0.684860348701477 0.694875717163086 0.685439348220825 0.689242422580719 0.685936391353607 0.68628853559494 0.668622732162476 0.584655404090881 0.559085190296173 0.577235579490662 0.539227366447449 0.666050732135773 0.694646835327148 0.69674289226532 0.690759718418121 0.708923995494843 0.727989733219147 0.72867089509964 0.726668357849121 0.713980793952942 0.699379563331604 0.705178141593933 0.690909326076508 0.673005163669586 0.651584625244141 0.621473908424377 0.576046168804169 0.541194975376129 0.533300995826721 -3.4e+38 -3.4e+38 -3.4e+38 -3.4e+38
0.641383826732635 0.657414495944977 0.644985735416412 0.642362475395203 -3.4e+38 -3.4e+38 -3.4e+38 0.569288969039917 0.634695887565613 0.657582461833954 0.749061048030853 0.694739818572998 0.715678453445435 0.742650628089905 0.706196248531342 0.623427927494049 0.675391733646393 0.723903596401215 0.735761046409607 0.636608302593231 0.714860498905182 0.688383221626282 0.707707703113556 0.640786707401276 0.716538965702057 0.716879606246948 0.670462906360626 0.70653760433197 0.674683451652527 0.582214057445526 0.587672054767609 0.496934682130814 0.616791903972626 0.67231547832489 0.690662920475006 0.700418055057526 0.683658480644226 0.718854129314423 0.729079842567444 0.727576375007629 0.726036906242371 0.712537050247192 0.7026646733284 0.689996361732483 0.670333504676819 0.658656656742096 0.63759571313858 0.599065661430359 0.540876567363739 0.515201389789581 -3.4e+38 -3.4e+38 -3.4e+38 -3.4e+38 -3.4e+38
0.66392195224762 0.6654953956604 0.642835676670074 0.63751357793808 0.626134276390076 0.627089619636536 0.56509405374527 0.607653439044952 0.644103169441223 0.741326510906219 0.736757457256317 0.571386098861694 0.510239720344543 0.715502440929413 0.71017974615097 0.634379029273987 0.691806674003601 0.690846145153046 0.676685810089111 0.697971999645233 0.701995670795441 0.613748133182526 0.664764881134033 0.601211071014404 0.682451367378235 0.68521636724472 0.719050168991089 0.707073032855988 0.62414413690567 0.690457940101624 0.62898850440979 0.466899216175079 0.523820698261261 0.546808958053589 0.694422721862793 0.720461189746857 0.723663330078125 0.728119492530823 0.727133631706238 0.725697994232178 0.724640429019928 0.716391742229462 0.701196551322937 0.678954720497131 0.658272922039032 0.642726182937622 0.618855893611908 0.543142080307007 0.519303500652313 -3.4e+38 -3.4e+38 -3.4e+38 -3.4e+38 -3.4e+38 -3.4e+38
0.652048110961914 0.649101316928864 0.602591693401337 0.601874351501465 0.601333677768707 0.601681888103485 0.56544291973114 0.609040081501007 0.745958745479584 0.70818156003952 0.698880732059479 0.607003629207611 0.630267679691315 0.729332506656647 0.713801622390747 0.716299176216125 0.710609614849091 0.583870887756348 0.406322926282883 0.662518262863159 0.687391042709351 0.532285273075104 0.629373133182526 0.646469235420227 0.700653851032257 0.723974287509918 0.735717296600342 0.730636417865753 0.715026140213013 0.704882025718689 0.658938229084015 0.58265632390976 0.659175634384155 0.683953285217285 0.706963181495667 0.724922180175781 0.727186560630798 0.726236879825592 0.725293099880219 0.724713206291199 0.721886515617371 0.714111685752869 0.690007865428925 0.666219890117645 0.642413854598999 0.628286242485046 0.597090303897858 0.505977869033813 -3.4e+38 -3.4e+38 -3.4e+38 -3.4e+38 -3.4e+38 -3.4e+38 -3.4e+38
0.650908946990967 0.608064651489258 0.606780290603638 0.649606883525848 0.607785642147064 0.567478001117706 0.637208104133606 0.651650965213776 0.745000422000885 0.685701310634613 0.493112564086914 0.569024562835693 0.635004222393036 0.728854417800903 0.668518602848053 0.638683617115021 0.403720736503601 0.200332522392273 0.429578214883804 0.710381150245667 0.615127563476562 0.578433990478516 0.70075386762619 0.703900992870331 0.732625126838684 0.735116243362427 0.726251363754272 0.740291595458984 0.7232426404953 0.70338648557663 0.661973237991333 0.677866101264954 0.689027667045593 0.694769084453583 0.717477381229401 0.725843966007233 0.72491443157196 0.72445547580719 0.723903775215149 0.723345994949341 0.721211433410645 0.711590528488159 0.683616101741791 0.664206266403198 0.63591206073761 0.61416095495224 0.562157511711121 0.481983512639999 -3.4e+38 -3.4e+38 -3.4e+38 -3.4e+38 -3.4e+38 -3.4e+38 -3.4e+38
0.680901527404785 0.639959573745728 0.668492496013641 0.691193401813507 0.651464581489563 0.648395538330078 0.763545215129852 0.74273020029068 0.708015501499176 0.625540494918823 0.469620227813721 0.480169266462326 0.70706981420517 0.724403917789459 0.533809721469879 0.577941536903381 0.188181489706039 0.476858913898468 0.698392629623413 0.642901957035065 0.652891099452972 0.700697898864746 0.711764216423035 0.719572603702545 0.709207832813263 0.734135985374451 0.735883712768555 0.73428213596344 0.70247083902359 0.687649369239807 0.718254745006561 0.708793997764587 0.700299561023712 0.718885898590088 0.724442899227142 0.724080801010132 0.723564028739929 0.723105192184448 0.723020315170288 0.722923874855042 0.719798445701599 0.707924842834473 0.689121067523956 0.656939268112183 0.628278851509094 0.584123551845551 0.522169291973114 -3.4e+38 -3.4e+38 -3.4e+38 -3.4e+38 -3.4e+38 -3.4e+38 -3.4e+38 -3.4e+38
0.696726024150848 0.767467141151428 0.762528836727142 0.753059446811676 0.732918202877045 0.753942430019379 0.74085658788681 0.697696924209595 0.675091564655304 0.399883240461349 0.379157543182373 0.573088109493256 0.703756332397461 0.579305768013 0.424787729978561 0.680886685848236 0.501391053199768 0.550973415374756 0.697102963924408 0.670256733894348 0.66359007358551 0.681195139884949 0.681818544864655 0.706544280052185 0.675256669521332 0.705544948577881 0.730931401252747 0.691467523574829 0.727282643318176 0.727258622646332 0.725823760032654 0.725440263748169 0.724497199058533 0.723546206951141 0.723124504089355 0.710624217987061 0.707822203636169 0.674927532672882 0.675770282745361 0.710354387760162 0.707282543182373 0.691554486751556 0.686972498893738 0.659898400306702 0.638782739639282 0.59279203414917 0.54534238576889 -3.4e+38 -3.4e+38 -3.4e+38 -3.4e+38 -3.4e+38 -3.4e+38 -3.4e+38 -3.4e+38
0.732562065124512 0.752729833126068 0.730373740196228 0.711675643920898 0.724114298820496 0.741844356060028 0.737548410892487 0.715525269508362 0.674107611179352 0.420051097869873 0.363522082567215 0.428504228591919 0.692954003810883 0.449182152748108 0.446155399084091 0.713117897510529 0.495829552412033 0.204115808010101 0.219767153263092 0.696209490299225 0.668267130851746 0.661060333251953 0.68479335308075 0.657152652740479 0.471459746360779 0.691474795341492 0.652139663696289 0.5217404961586 0.442868292331696 0.515680015087128 0.564686179161072 0.640089154243469 0.624666392803192 0.617141962051392 0.626574218273163 0.665577411651611 0.640102326869965 0.67296975851059 0.674824595451355 0.675665557384491 0.706786513328552 0.709855258464813 0.691529512405396 0.671654760837555 0.65207839012146 0.623814463615417 0.589400589466095 -3.4e+38 -3.4e+38 -3.4e+38 -3.4e+38 -3.4e+38 -3.4e+38 -3.4e+38 -3.4e+38
0.704543888568878 0.744119703769684 0.710323393344879 0.727095425128937 0.752602756023407 0.728846549987793 0.743000447750092 0.738690495491028 0.710188388824463 0.57351940870285 0.439371198415756 0.44351190328598 0.677995383739471 0.525123059749603 0.469434887170792 0.698033571243286 0.703050673007965 0.605138957500458 0.392308324575424 0.391860246658325 0.390328764915466 0.683584451675415 0.698706924915314 0.390281081199646 0.52318412065506 0.637345850467682 0.602244317531586 0.343839973211288 0.288899540901184 0.327702611684799 0.329833537340164 0.358429253101349 0.330075919628143 0.401920109987259 0.481971174478531 0.517595529556274 0.59156322479248 0.616977453231812 0.672915458679199 0.707988977432251 0.705506563186646 0.708544790744781 0.667161226272583 0.654378414154053 0.660505652427673 0.63987672328949 0.616443932056427 -3.4e+38 -3.4e+38 -3.4e+38 -3.4e+38 -3.4e+38 -3.4e+38 -3.4e+38 -3.4e+38
0.605808973312378 0.715292930603027 0.685904026031494 0.726855635643005 0.729515194892883 0.754266321659088 0.743459463119507 0.726135671138763 0.69601446390152 0.667716145515442 0.564292192459106 0.569419920444489 0.697140753269196 0.610287666320801 0.38307774066925 0.700482964515686 0.639937877655029 0.697984457015991 0.697672426700592 0.681191861629486 0.477344065904617 0.670771062374115 0.698905050754547 0.368759870529175 0.441500335931778 0.587316393852234 0.626148164272308 0.46909898519516 0.306249797344208 0.279450058937073 0.2909334897995 0.317429602146149 0.329391837120056 0.401795595884323 0.481095433235168 0.517275512218475 0.601892054080963 0.664051234722137 0.704281806945801 0.688102185726166 0.718036115169525 0.66315358877182 0.655819654464722 0.674654424190521 0.673468291759491 0.652594029903412 -3.4e+38 -3.4e+38 -3.4e+38 -3.4e+38 -3.4e+38 -3.4e+38 -3.4e+38 -3.4e+38 -3.4e+38
0.500913500785828 0.696174204349518 0.719143092632294 0.715662479400635 0.727675378322601 0.746784567832947 0.747113227844238 0.723944842815399 0.672748863697052 0.381527006626129 0.623994290828705 0.685352206230164 0.672245740890503 0.722919166088104 0.682688415050507 0.691618084907532 0.679171323776245 0.659278035163879 0.590579926967621 0.665735185146332 0.649310767650604 0.687746822834015 0.688617706298828 0.654086470603943 0.700995326042175 0.682550311088562 0.625564515590668 0.61912477016449 0.471742779016495 0.361403852701187 0.342797219753265 0.382987439632416 0.395171374082565 0.47838220000267 0.523531973361969 0.595590353012085 0.633878946304321 0.683890342712402 0.6895951628685 0.670453071594238 0.619856238365173 0.614615797996521 0.662377536296844 0.680584013462067 0.676086187362671 0.65580826997757 0.63161301612854 -3.4e+38 -3.4e+38 -3.4e+38 -3.4e+38 -3.4e+38 -3.4e+38 -3.4e+38 -3.4e+38
0.685181319713593 0.71533215045929 0.727157592773438 0.710612177848816 0.714570820331573 0.718548953533173 0.732577621936798 0.711524248123169 0.698619663715363 0.658390402793884 0.623390138149261 0.640454411506653 0.650685131549835 0.702294886112213 0.714408993721008 0.719807922840118 0.713590323925018 0.698527455329895 0.637266099452972 0.490497708320618 0.684654593467712 0.685768604278564 0.65698379278183 0.688583552837372 0.696765422821045 0.709251165390015 0.558796048164368 0.522478342056274 0.575026869773865 0.574839234352112 0.494879573583603 0.502721190452576 0.510592520236969 0.542868733406067 0.55909788608551 0.597358167171478 0.596649587154388 0.674037516117096 0.677830815315247 0.646818459033966 0.532241225242615 0.631590187549591 0.671610176563263 0.671557307243347 0.660581409931183 0.640165150165558 0.598356485366821 -3.4e+38 -3.4e+38 -3.4e+38 -3.4e+38 -3.4e+38 -3.4e+38 -3.4e+38 -3.4e+38
0.727189540863037 0.739998161792755 0.70959335565567 0.7088503241539 0.721380710601807 0.73695570230484 0.730268955230713 0.694155097007751 0.607174217700958 0.677020609378815 0.687558352947235 0.674108803272247 0.697153210639954 0.677363157272339 0.716548383235931 0.707998514175415 0.694559335708618 0.706033885478973 0.666506230831146 0.457135200500488 0.665487408638 0.669114649295807 0.642798244953156 0.594813048839569 0.679802536964417 0.708271682262421 0.719522655010223 0.676376461982727 0.722928702831268 0.710955440998077 0.666567027568817 0.578160464763641 0.541013538837433 0.573367059230804 0.578879773616791 0.582015454769135 0.581659734249115 0.661600112915039 0.659409463405609 0.633665084838867 0.624068439006805 0.656652212142944 0.669783353805542 0.657589256763458 0.635280847549438 0.607850253582001 0.553598046302795 0.507096290588379 -3.4e+38 -3.4e+38 -3.4e+38 -3.4e+38 -3.4e+38 -3.4e+38 -3.4e+38
0.731712341308594 0.760879039764404 0.731057643890381 0.74059933423996 0.733180820941925 0.74693888425827 0.709393560886383 0.676100254058838 0.453751891851425 0.663356125354767 0.706469833850861 0.711449146270752 0.684501230716705 0.681022763252258 0.727792978286743 0.712935447692871 0.685356378555298 0.67369419336319 0.708178758621216 0.701226651668549 0.698837041854858 0.677404046058655 0.478099584579468 0.506152808666229 0.625129759311676 0.639734089374542 0.677433371543884 0.695214033126831 0.714669644832611 0.723109066486359 0.711246371269226 0.671508252620697 0.601205945014954 0.560267865657806 0.559453070163727 0.559968888759613 0.55825001001358 0.598498344421387 0.651965260505676 0.639531552791595 0.649047911167145 0.659666657447815 0.646329820156097 0.631244957447052 0.609075665473938 0.572356998920441 0.510625660419464 0.458627045154572 0.411384612321854 -3.4e+38 -3.4e+38 -3.4e+38 -3.4e+38 -3.4e+38 -3.4e+38
