data/climate_estimation/maxent_output/Disporum_sessile.asc
NCOLS 225 
NROWS 222 
XLLCORNER 126.083333333333 
YLLCORNER 27.3333333333333 
CELLSIZE 0.0833333333333333 
NODATA_value -3.4e+38 
[rows 23 to 45 of 222, columns 156 to 207 of 225]
-3.4e+38 -3.4e+38 -3.4e+38 -3.4e+38 -3.4e+38 -3.4e+38 -3.4e+38 -3.4e+38 -3.4e+38 -3.4e+38 -3.4e+38 -3.4e+38 -3.4e+38 -3.4e+38 -3.4e+38 -3.4e+38 -3.4e+38 -3.4e+38 -3.4e+38 -3.4e+38 -3.4e+38 -3.4e+38 -3.4e+38 -3.4e+38 -3.4e+38 -3.4e+38 -3.4e+38 -3.4e+38 0.463816612958908 0.525626957416534 0.566697597503662 0.527307569980621 0.467558532953262 0.43774139881134 0.359207570552826 0.360626429319382 0.387728542089462 0.531118094921112 0.531016647815704 0.532533705234528 0.556069552898407 0.550265789031982 0.57616513967514 0.585584878921509 0.606853902339935 0.558876156806946 0.504479110240936 0.459372282028198 0.531481385231018 0.502316653728485 0.481253147125244 0.480244904756546
-3.4e+38 -3.4e+38 -3.4e+38 -3.4e+38 -3.4e+38 -3.4e+38 -3.4e+38 -3.4e+38 -3.4e+38 -3.4e+38 -3.4e+38 -3.4e+38 -3.4e+38 -3.4e+38 -3.4e+38 -3.4e+38 -3.4e+38 -3.4e+38 -3.4e+38 -3.4e+38 -3.4e+38 -3.4e+38 -3.4e+38 -3.4e+38 -3.4e+38 -3.4e+38 -3.4e+38 0.529703974723816 0.568936765193939 0.568884968757629 0.584751725196838 0.553615987300873 0.467605501413345 0.383933335542679 0.311597406864166 0.269411981105804 0.33672359585762 0.500622808933258 0.501039385795593 0.55909937620163 0.529480397701263 0.550621807575226 0.585355818271637 0.617211997509003 0.61692202091217 0.597668349742889 0.379390180110931 0.286733686923981 0.441737115383148 0.358141928911209 0.493745535612106 0.472087532281876
-3.4e+38 -3.4e+38 -3.4e+38 -3.4e+38 -3.4e+38 -3.4e+38 -3.4e+38 -3.4e+38 -3.4e+38 -3.4e+38 -3.4e+38 -3.4e+38 -3.4e+38 -3.4e+38 -3.4e+38 -3.4e+38 -3.4e+38 -3.4e+38 -3.4e+38 -3.4e+38 -3.4e+38 -3.4e+38 -3.4e+38 -3.4e+38 -3.4e+38 -3.4e+38 -3.4e+38 0.560651063919067 0.467061668634415 0.431257545948029 0.544113099575043 0.555231809616089 0.468802213668823 0.361493766307831 0.290416985750198 0.251544058322906 0.232935562729836 0.385342121124268 0.500254392623901 0.469502210617065 0.439633071422577 0.494402974843979 0.587858080863953 0.590218067169189 0.431757777929306 0.18430469930172 0.327679008245468 0.378371566534042 0.300977736711502 0.340335965156555 0.514585673809052 0.568092048168182
-3.4e+38 -3.4e+38 -3.4e+38 -3.4e+38 -3.4e+38 -3.4e+38 -3.4e+38 -3.4e+38 -3.4e+38 -3.4e+38 -3.4e+38 -3.4e+38 -3.4e+38 -3.4e+38 -3.4e+38 -3.4e+38 -3.4e+38 -3.4e+38 -3.4e+38 -3.4e+38 -3.4e+38 -3.4e+38 -3.4e+38 -3.4e+38 -3.4e+38 -3.4e+38 -3.4e+38 0.257135361433029 0.50229811668396 0.5647953748703 0.580744683742523 0.532446026802063 0.442301481962204 0.361727297306061 0.31355294585228 0.386055916547775 0.468864470720291 0.289582401514053 0.589693665504456 0.358525574207306 0.357973694801331 0.494184166193008 0.602920174598694 0.642346501350403 0.422209143638611 0.159274831414223 0.302769303321838 0.417156398296356 0.359848886728287 0.424541980028152 0.574968934059143 0.563772022724152
-3.4e+38 -3.4e+38 -3.4e+38 -3.4e+38 -3.4e+38 -3.4e+38 -3.4e+38 -3.4e+38 -3.4e+38 -3.4e+38 -3.4e+38 -3.4e+38 -3.4e+38 -3.4e+38 -3.4e+38 -3.4e+38 -3.4e+38 -3.4e+38 -3.4e+38 -3.4e+38 -3.4e+38 -3.4e+38 -3.4e+38 -3.4e+38 -3.4e+38 -3.4e+38 -3.4e+38 0.260414034128189 0.474228411912918 0.504118144512177 0.50261265039444 0.557853221893311 0.444289535284042 0.36142709851265 0.313296943902969 0.289194822311401 0.246764332056046 0.210229888558388 0.552117228507996 0.465124905109406 0.354414343833923 0.573322594165802 0.633909404277802 0.596278965473175 0.266614854335785 0.189569056034088 0.318556427955627 0.270587265491486 0.487655878067017 0.414569914340973 0.462753772735596 0.524973750114441
-3.4e+38 -3.4e+38 -3.4e+38 -3.4e+38 -3.4e+38 -3.4e+38 -3.4e+38 -3.4e+38 -3.4e+38 -3.4e+38 -3.4e+38 -3.4e+38 -3.4e+38 -3.4e+38 -3.4e+38 -3.4e+38 -3.4e+38 -3.4e+38 -3.4e+38 -3.4e+38 -3.4e+38 -3.4e+38 -3.4e+38 -3.4e+38 -3.4e+38 -3.4e+38 -3.4e+38 0.217544928193092 0.291391015052795 0.447336554527283 0.475612431764603 0.585515260696411 0.474374234676361 0.388131827116013 0.359753429889679 0.468948304653168 0.354914873838425 0.263890355825424 0.263167858123779 0.491875857114792 0.328420162200928 0.609521746635437 0.667639315128326 0.312522381544113 0.430467307567596 0.581714570522308 0.491212427616119 0.293047904968262 0.54094260931015 0.484480917453766 0.559674024581909 0.602013349533081
-3.4e+38 -3.4e+38 -3.4e+38 -3.4e+38 -3.4e+38 -3.4e+38 -3.4e+38 -3.4e+38 -3.4e+38 -3.4e+38 -3.4e+38 -3.4e+38 -3.4e+38 -3.4e+38 -3.4e+38 -3.4e+38 0.571010887622833 0.42376908659935 -3.4e+38 -3.4e+38 -3.4e+38 -3.4e+38 -3.4e+38 -3.4e+38 -3.4e+38 -3.4e+38 -3.4e+38 -3.4e+38 0.177527964115143 0.368652760982513 0.422094255685806 0.449607133865356 0.445790529251099 0.44276162981987 0.438854157924652 0.595664858818054 0.552520394325256 0.528007328510284 0.602210640907288 0.239828079938889 0.375603377819061 0.640185713768005 0.384805709123611 0.365167498588562 0.594597697257996 0.672451078891754 0.664082109928131 0.387008011341095 0.395534545183182 0.616508066654205 0.656438112258911 0.649450123310089
-3.4e+38 -3.4e+38 -3.4e+38 -3.4e+38 -3.4e+38 -3.4e+38 -3.4e+38 -3.4e+38 -3.4e+38 -3.4e+38 -3.4e+38 -3.4e+38 -3.4e+38 -3.4e+38 -3.4e+38 0.58432525396347 0.53528493642807 0.45365959405899 0.425834685564041 0.399440675973892 -3.4e+38 -3.4e+38 -3.4e+38 -3.4e+38 -3.4e+38 -3.4e+38 -3.4e+38 0.1213618516922 0.160824373364449 0.343652307987213 0.366709053516388 0.421422302722931 0.477716892957687 0.47231736779213 0.467561960220337 0.569370806217194 0.568600058555603 0.630025625228882 0.61345911026001 0.430863231420517 0.608984708786011 0.651185989379883 0.670195043087006 0.651803731918335 0.667602837085724 0.670067727565765 0.665996670722961 0.55495947599411 0.454471290111542 0.628812372684479 0.657766282558441 0.642470836639404
-3.4e+38 -3.4e+38 -3.4e+38 -3.4e+38 -3.4e+38 -3.4e+38 -3.4e+38 -3.4e+38 -3.4e+38 -3.4e+38 -3.4e+38 -3.4e+38 -3.4e+38 -3.4e+38 0.491836458444595 0.549467086791992 0.56708174943924 0.492086738348007 0.478162884712219 0.467274814844131 0.362644076347351 0.357378661632538 0.272791594266891 0.104728952050209 -3.4e+38 0.0904654338955879 0.0909959077835083 0.109605081379414 0.143532902002335 0.317694306373596 0.367526173591614 0.449443459510803 0.48066571354866 0.472269207239151 0.498048365116119 0.464720994234085 0.598609268665314 0.641638994216919 0.577744841575623 0.591324985027313 0.630254328250885 0.677418291568756 0.682281792163849 0.67940366268158 0.678500235080719 0.677389204502106 0.671984374523163 0.668335795402527 0.663610219955444 0.665019989013672 0.651738226413727 0.628505408763885
-3.4e+38 -3.4e+38 -3.4e+38 -3.4e+38 -3.4e+38 -3.4e+38 -3.4e+38 -3.4e+38 -3.4e+38 -3.4e+38 -3.4e+38 -3.4e+38 -3.4e+38 -3.4e+38 -3.4e+38 0.587800681591034 0.618003666400909 0.500277101993561 0.492376238107681 0.461738914251328 0.45036593079567 0.472913831472397 0.424213707447052 0.285342484712601 0.264688760042191 0.143898814916611 0.089391827583313 0.107690520584583 0.14107745885849 0.316833108663559 0.392269670963287 0.447208434343338 0.506163775920868 0.500614523887634 0.555271327495575 0.604509592056274 0.595100402832031 0.638732075691223 0.638548970222473 0.63811981678009 0.665811896324158 0.680525898933411 0.680688142776489 0.680452466011047 0.681111395359039 0.676590144634247 0.672223508358002 0.669728398323059 0.666950404644012 0.663670897483826 0.632170915603638 0.603475213050842
-3.4e+38 -3.4e+38 -3.4e+38 -3.4e+38 -3.4e+38 -3.4e+38 -3.4e+38 -3.4e+38 -3.4e+38 -3.4e+38 -3.4e+38 -3.4e+38 -3.4e+38 -3.4e+38 -3.4e+38 -3.4e+38 0.588058710098267 0.427936106920242 0.486637860536575 0.493204742670059 0.484834730625153 0.478411316871643 0.469680309295654 0.364483177661896 0.468944907188416 0.488421887159348 0.16465063393116 0.130470335483551 0.169248417019844 0.390882641077042 0.4459607899189 0.506982028484344 0.502834618091583 0.497552096843719 0.566654026508331 0.597684442996979 0.579971253871918 0.64064347743988 0.658429205417633 0.652419447898865 0.67663848400116 0.676896750926971 0.670934915542603 0.615059077739716 0.674245476722717 0.67215359210968 0.671594619750977 0.667870223522186 0.667331278324127 0.626708030700684 0.615823447704315 0.596102952957153
-3.4e+38 -3.4e+38 -3.4e+38 -3.4e+38 -3.4e+38 -3.4e+38 -3.4e+38 -3.4e+38 -3.4e+38 -3.4e+38 -3.4e+38 -3.4e+38 -3.4e+38 -3.4e+38 -3.4e+38 0.450875848531723 0.492763042449951 0.43656387925148 0.468197613954544 0.502839982509613 0.509704172611237 0.503469049930573 0.474457323551178 0.394143998622894 0.438161224126816 0.409429341554642 0.357148379087448 0.391807496547699 0.451950043439865 0.475937485694885 0.536039233207703 0.554766654968262 0.552672863006592 0.548416674137115 0.575639843940735 0.551275134086609 0.588653802871704 0.592545688152313 0.621003210544586 0.642666637897491 0.673063039779663 0.672246277332306 0.626160204410553 0.468228131532669 0.592395901679993 0.670229315757751 0.667899787425995 0.666999936103821 0.654332041740417 0.567713260650635 0.559423446655273 0.557889640331268
-3.4e+38 -3.4e+38 -3.4e+38 -3.4e+38 -3.4e+38 -3.4e+38 -3.4e+38 -3.4e+38 -3.4e+38 -3.4e+38 -3.4e+38 -3.4e+38 -3.4e+38 -3.4e+38 0.466296017169952 0.449649304151535 0.516862869262695 0.488361090421677 0.467099100351334 0.481117278337479 0.482590198516846 0.414109617471695 0.333356589078903 0.418206542730331 0.44311860203743 0.417543530464172 0.518631041049957 0.546205580234528 0.582164585590363 0.582988142967224 0.582251727581024 0.577987492084503 0.575897634029388 0.568528652191162 0.571313083171844 0.57840895652771 0.57158625125885 0.588208794593811 0.620792031288147 0.64684522151947 0.656766653060913 0.671798586845398 0.521165549755096 0.32430562376976 0.405657827854156 0.66149377822876 0.665952205657959 0.663665294647217 0.651894450187683 0.573146879673004 0.570427536964417 0.548222362995148
-3.4e+38 -3.4e+38 -3.4e+38 -3.4e+38 -3.4e+38 -3.4e+38 -3.4e+38 -3.4e+38 -3.4e+38 -3.4e+38 -3.4e+38 -3.4e+38 0.562975168228149 0.568329691886902 0.558550238609314 0.528225004673004 0.30144140124321 0.280867874622345 0.370931535959244 0.428142994642258 0.439789891242981 0.388833910226822 0.26968702673912 0.420157670974731 0.429866820573807 0.44140437245369 0.509308338165283 0.569143533706665 0.597755491733551 0.594622433185577 0.595569372177124 0.587187230587006 0.579528748989105 0.569175779819489 0.563993692398071 0.563913881778717 0.554295122623444 0.552210330963135 0.606722414493561 0.600856423377991 0.659209251403809 0.59847766160965 0.465476036071777 0.275653481483459 0.484989553689957 0.658079206943512 0.659954488277435 0.658311605453491 0.65721982717514 0.63523542881012 0.615577876567841 0.588245272636414
-3.4e+38 -3.4e+38 -3.4e+38 -3.4e+38 -3.4e+38 -3.4e+38 -3.4e+38 -3.4e+38 -3.4e+38 0.539101481437683 0.54818069934845 0.558473587036133 0.577347278594971 0.572082757949829 0.56590747833252 0.554127871990204 0.518526494503021 0.465684086084366 0.432579100131989 0.36481311917305 0.318080455064774 0.267924547195435 0.399152338504791 0.373060077428818 0.43027451634407 0.509875059127808 0.567742347717285 0.582798480987549 0.602062702178955 0.604511618614197 0.596651792526245 0.587137520313263 0.574098706245422 0.566417932510376 0.561581134796143 0.554261565208435 0.529973864555359 0.546753585338593 0.556843757629395 0.585411965847015 0.650196671485901 0.661183059215546 0.442675471305847 0.290059059858322 0.321155309677124 0.460816591978073 0.651893317699432 0.652610123157501 0.651421964168549 0.644380748271942 0.634974777698517 0.62621396780014
-3.4e+38 -3.4e+38 -3.4e+38 -3.4e+38 -3.4e+38 -3.4e+38 -3.4e+38 -3.4e+38 0.475288063287735 0.511962234973907 0.42233070731163 0.53685051202774 0.51189661026001 0.544495463371277 0.574377417564392 0.569644033908844 0.542501449584961 0.496791779994965 0.443350225687027 0.386371463537216 0.332379192113876 0.33165517449379 0.416700780391693 0.447859525680542 0.46590182185173 0.544090986251831 0.596003770828247 0.59989196062088 0.601843774318695 0.603618562221527 0.598920226097107 0.584980666637421 0.571934819221497 0.558870553970337 0.555165231227875 0.539014160633087 0.523514151573181 0.53816419839859 0.54915189743042 0.576428771018982 0.649718046188354 0.65121853351593 0.461044549942017 0.38987872004509 0.303457915782928 0.478450298309326 0.631243884563446 0.645949244499207 0.644075512886047 0.640040278434753 0.635578453540802 0.628310441970825
-3.4e+38 -3.4e+38 -3.4e+38 -3.4e+38 -3.4e+38 -3.4e+38 -3.4e+38 -3.4e+38 0.436495304107666 0.542294144630432 0.511615395545959 0.492087483406067 0.518034100532532 0.549593389034271 0.584236323833466 0.565191149711609 0.52571427822113 0.495207071304321 0.48412424325943 0.406581223011017 0.433077722787857 0.46228164434433 0.480262488126755 0.485870182514191 0.550760388374329 0.593903064727783 0.589692234992981 0.595230042934418 0.598814964294434 -3.4e+38 -3.4e+38 -3.4e+38 -3.4e+38 0.550896465778351 0.541525363922119 0.518190562725067 0.491898357868195 0.493940860033035 0.532744467258453 0.542661786079407 0.597108066082001 0.646290957927704 0.645526945590973 0.488588869571686 0.359565913677216 0.368221759796143 0.484153181314468 0.591010630130768 0.640567600727081 0.638793408870697 0.633514702320099 0.629397869110107
-3.4e+38 -3.4e+38 -3.4e+38 -3.4e+38 -3.4e+38 -3.4e+38 -3.4e+38 -3.4e+38 -3.4e+38 0.48087951540947 0.552240550518036 0.563899576663971 0.564661502838135 0.588107407093048 0.57460618019104 0.568782985210419 -3.4e+38 -3.4e+38 -3.4e+38 -3.4e+38 0.535344839096069 0.553098917007446 0.542083919048309 0.584015905857086 0.591778159141541 0.58924812078476 0.587578356266022 -3.4e+38 -3.4e+38 -3.4e+38 -3.4e+38 -3.4e+38 -3.4e+38 -3.4e+38 -3.4e+38 0.489805221557617 0.430021584033966 0.402692496776581 0.428173303604126 0.487731009721756 0.542313277721405 0.603387057781219 0.637034058570862 0.634891867637634 0.536511838436127 0.393361777067184 0.41118448972702 0.511245250701904 0.574563503265381 0.617301523685455 0.632767140865326 0.627886712551117
-3.4e+38 -3.4e+38 -3.4e+38 -3.4e+38 -3.4e+38 -3.4e+38 -3.4e+38 -3.4e+38 0.51113897562027 0.484089583158493 0.538540005683899 0.570505917072296 0.587254285812378 0.591327428817749 0.584022045135498 -3.4e+38 -3.4e+38 -3.4e+38 -3.4e+38 -3.4e+38 -3.4e+38 0.586889863014221 0.587768197059631 0.58677339553833 0.584275722503662 -3.4e+38 -3.4e+38 -3.4e+38 -3.4e+38 -3.4e+38 -3.4e+38 -3.4e+38 -3.4e+38 -3.4e+38 -3.4e+38 -3.4e+38 -3.4e+38 0.324460327625275 0.32289519906044 0.299068182706833 0.344827473163605 0.555540561676025 0.609370350837708 0.582582890987396 0.603185772895813 0.541601538658142 0.389489501714706 0.38869720697403 0.517487645149231 0.57210910320282 0.603205740451813 0.613813161849976
-3.4e+38 -3.4e+38 -3.4e+38 -3.4e+38 -3.4e+38 -3.4e+38 -3.4e+38 -3.4e+38 0.52007383108139 0.536637961864471 0.543934643268585 0.579841792583466 0.570696175098419 0.590733766555786 0.593341588973999 -3.4e+38 -3.4e+38 -3.4e+38 -3.4e+38 -3.4e+38 -3.4e+38 -3.4e+38 0.587410926818848 0.585335552692413 -3.4e+38 -3.4e+38 -3.4e+38 -3.4e+38 -3.4e+38 -3.4e+38 -3.4e+38 -3.4e+38 -3.4e+38 -3.4e+38 -3.4e+38 -3.4e+38 -3.4e+38 -3.4e+38 -3.4e+38 0.256158202886581 0.274519205093384 0.315856873989105 0.389035522937775 0.495250850915909 0.549066722393036 0.566619038581848 0.525969564914703 0.405136197805405 0.394354283809662 0.515439093112946 0.56745320558548 0.602402031421661
-3.4e+38 -3.4e+38 -3.4e+38 -3.4e+38 0.478359192609787 0.44002702832222 -3.4e+38 -3.4e+38 0.495919078588486 0.534365594387054 0.581526041030884 0.580758035182953 0.594596147537231 0.605792045593262 0.615422904491425 0.6107217669487 0.612237811088562 -3.4e+38 -3.4e+38 -3.4e+38 -3.4e+38 -3.4e+38 -3.4e+38 -3.4e+38 -3.4e+38 -3.4e+38 -3.4e+38 -3.4e+38 -3.4e+38 -3.4e+38 -3.4e+38 -3.4e+38 -3.4e+38 -3.4e+38 -3.4e+38 -3.4e+38 -3.4e+38 -3.4e+38 -3.4e+38 -3.4e+38 -3.4e+38 0.215044766664505 0.214439302682877 0.355991274118423 0.500389516353607 0.516170263290405 0.5340216755867 0.490698158740997 0.41087007522583 0.381863057613373 0.50183492898941 0.56665027141571
-3.4e+38 -3.4e+38 -3.4e+38 0.422156691551208 0.496844053268433 0.42217618227005 -3.4e+38 -3.4e+38 -3.4e+38 0.523715078830719 0.5533726811409 0.592478454113007 0.582702279090881 0.590802550315857 0.623771786689758 0.627523303031921 0.62991327047348 0.62354964017868 0.623678028583527 0.628818154335022 0.619571387767792 -3.4e+38 -3.4e+38 -3.4e+38 -3.4e+38 -3.4e+38 -3.4e+38 -3.4e+38 -3.4e+38 -3.4e+38 -3.4e+38 -3.4e+38 -3.4e+38 -3.4e+38 -3.4e+38 -3.4e+38 -3.4e+38 -3.4e+38 -3.4e+38 -3.4e+38 -3.4e+38 -3.4e+38 -3.4e+38 -3.4e+38 0.375310927629471 0.403790026903152 0.512237429618835 0.475927859544754 0.447102308273315 0.40799805521965 0.497129499912262 -3.4e+38
-3.4e+38 -3.4e+38 -3.4e+38 -3.4e+38 0.42663362622261 -3.4e+38 -3.4e+38 -3.4e+38 -3.4e+38 -3.4e+38 -3.4e+38 0.580340623855591 0.60180675983429 0.632336497306824 0.640652239322662 0.644870460033417 0.649688124656677 0.645644783973694 0.640507876873016 0.642797529697418 0.631544053554535 0.629147589206696 -3.4e+38 -3.4e+38 -3.4e+38 -3.4e+38 -3.4e+38 -3.4e+38 -3.4e+38 -3.4e+38 -3.4e+38 -3.4e+38 -3.4e+38 -3.4e+38 -3.4e+38 -3.4e+38 -3.4e+38 -3.4e+38 -3.4e+38 -3.4e+38 -3.4e+38 -3.4e+38 -3.4e+38 -3.4e+38 -3.4e+38 -3.4e+38 -3.4e+38 0.520467638969421 0.51718544960022 0.442675948143005 0.473917126655579 -3.4e+38
