data/climate_estimation/maxent_output/Disporum_smilacinum.asc
NCOLS 206 
NROWS 149 
XLLCORNER 127.583333333333 
YLLCORNER 31.4166666666667 
CELLSIZE 0.0833333333333334 
NODATA_value -3.4e+38 
[rows 0 to 23 of 149, columns 0 to 54 of 206]
0.015326507389545 0.0148181160911918 0.0150907197967172 0.0147063443437219 0.011750865727663 0.00787697266787291 0.00577915785834193 0.00531016988679767 0.0039070756174624 0.00287417345680296 0.00244936812669039 0.00194223178550601 0.00192369101569057 0.00164974539075047 0.00142384856007993 0.00105728942435235 0.00131238123867661 0.00189323700033128 0.00236479216255248 0.00272234645672143 0.00234221178106964 0.0023422206286341 0.00188129849266261 0.00187527772504836 0.00217269547283649 0.00150119175668806 0.00149639381561428 0.00120168831199408 0.00186916370876133 0.00270178355276585 0.00233393278904259 0.00201501324772835 0.00138775061350316 0.00173904758412391 0.00201482162810862 0.00187476398423314 0.00252406881190836 0.00271234940737486 0.00252386368811131 0.00272077764384449 0.00217126216739416 0.00270244106650352 0.00268527353182435 0.00198124628514051 0.00169361161533743 0.00134706380777061 0.00106765597593039 0.000785073440056294 0.000624390901066363 0.000496576947625726 0.000457625428680331 0.000453095010016114 0.00041756295831874 0.00048382900422439 0.00064733944600448
0.0161519385874271 0.0150367068126798 0.0137738045305014 0.0131096541881561 0.0105494316667318 0.00726112676784396 0.00534391356632113 0.00391942076385021 0.0033509791828692 0.00265737506560981 0.00210051354952157 0.00179566233418882 0.00165495171677321 0.00164966471493244 0.00191139813978225 0.00176725722849369 0.00189922377467155 0.00220044027082622 0.0020345093216747 0.0025250434409827 0.00151086028199643 0.00120560370851308 0.000961979094427079 0.0012055680854246 0.00129147490952164 0.00103380857035518 0.00150112132541835 0.00149631546810269 0.00233396515250206 0.00216550705954432 0.00270162103697658 0.0018689677817747 0.00139215937815607 0.00201481906697154 0.00336485169827938 0.00217204517684877 0.00336459348909557 0.00253189937211573 0.00252371560782194 0.00234078452922404 0.0033449784386903 0.00414226530119777 0.00358176603913307 0.00329299829900265 0.00263269315473735 0.00260671367868781 0.00143786845728755 0.0010641225380823 0.000843634770717472 0.000777465698774904 0.000829924771096557 0.00061220902716741 0.000565988302696496 0.000653748109471053 0.000700071454048157
0.0159550961107016 0.0152340671047568 0.0145368259400129 0.012984823435545 0.0116751287132502 0.00967478938400745 0.00530966324731708 0.00391920888796449 0.0033294556196779 0.00283742719329894 0.00242576375603676 0.00191741634625942 0.00238736369647086 0.00237975036725402 0.00296291173435748 0.0034325928427279 0.00317387632094324 0.00364016648381948 0.00389228481799364 0.00361950579099357 0.00252489699050784 0.00187520321924239 0.001295599155128 0.00120553537271917 0.000827524752821773 0.00161321298219264 0.00186911411583424 0.00217242073267698 0.0023420350626111 0.00251216441392899 0.00415966333821416 0.00444189365953207 0.00234181666746736 0.0031289451289922 0.00386883690953255 0.00418399274349213 0.00449748896062374 0.00363845028914511 0.00363825052045286 0.00389007269404829 0.00593803729861975 0.00549076637253165 0.00507708545774221 0.0038065817207098 0.0053386427462101 0.00348484050482512 0.00242354650981724 0.00166576530318707 0.0013207042356953 0.00121284974738955 0.000967726693488657 0.000716147013008595 0.000662088103126734 0.000880124978721142 0.00110300141386688
0.0165272150188684 0.0161866433918476 0.0147047201171517 0.0135120451450348 0.0110486717894673 0.00719141121953726 0.00613030418753624 0.00451095541939139 0.00330810737796128 0.00282822106964886 0.00241793342866004 0.00238722725771368 0.0031940306071192 0.00489509105682373 0.00486578093841672 0.00797887519001961 0.00845741294324398 0.00630861893296242 0.00480453856289387 0.00449916999787092 0.00389204197563231 0.00162356428336352 0.00150111131370068 0.00103708158712834 0.000892174721229821 0.00120160938240588 0.00161314592696726 0.00150100188329816 0.00288876611739397 0.00447005033493042 0.00446984870359302 0.00335947703570127 0.00444147316738963 0.00271658250130713 0.00389070156961679 0.00480261771008372 0.00480243749916553 0.00554561335593462 0.00730103254318237 0.00688722636550665 0.00825740769505501 0.00763610005378723 0.00624250248074532 0.00543593242764473 0.00611936207860708 0.00498534832149744 0.00346238142810762 0.00257650925777853 0.00221829582005739 0.00164376792963594 0.00112833396997303 0.000835023703984916 0.00103611592203379 0.00110996677540243 0.00159561901818961
0.0163934119045734 0.0187416318804026 0.0159014631062746 0.0148905292153358 0.0132557861506939 0.0102498764172196 0.00656584184616804 0.00481621827930212 0.00354341487400234 0.00302949151955545 0.00239476887509227 0.00276564224623144 0.00455203978344798 0.00425714952871203 0.00274806120432913 0.00273927859961987 0.00295316567644477 0.00316242477856576 0.00314745400100946 0.00218609953299165 0.0017503552371636 0.00162352807819843 0.000772425322793424 0.000772422994486988 0.00077239831443876 0.000961833633482456 0.00103367655538023 0.00111090205609798 0.00290507543832064 0.0038691395893693 0.0041592069901526 0.00589035777375102 0.00446932809427381 0.0038905933033675 0.00418361183255911 0.00675110286101699 0.00675084954127669 0.00944827031344175 0.0092463381588459 0.00909177958965302 0.00871472246944904 0.00992000102996826 0.00828389823436737 0.00773710571229458 0.00755938747897744 0.00655056443065405 0.00432403990998864 0.00242293113842607 0.00208613183349371 0.00132412824314088 0.0010565232951194 0.000976771581918001 0.00130251853261143 0.00162135646678507 0.00120034208521247
0.019166961312294 0.0183234941214323 0.015811612829566 0.0146623812615871 0.0126970484852791 0.0102820005267859 0.00703095830976963 0.00445325579494238 0.00353196216747165 0.00301970634609461 0.0023870044387877 0.0025652265176177 0.00255705253221095 0.00204065814614296 0.00236427271738648 0.00294365757144988 0.00294360890984535 0.00314735225401819 0.00361895048990846 0.00389173766598105 0.00314725516363978 0.00111807370558381 0.00120542792137712 0.000832744874060154 0.000961811048910022 0.000830059463623911 0.0012953884433955 0.00149610359221697 0.00252384482882917 0.00201470986939967 0.00415896903723478 0.00519385561347008 0.00594882387667894 0.0052264085970819 0.00486330920830369 0.00737282680347562 0.00998360849916935 0.010608633980155 0.0101516144350171 0.00744629511609674 0.00885998550802469 0.00688525941222906 0.00559407519176602 0.00687258644029498 0.00828211382031441 0.00383358006365597 0.00379011640325189 0.00244806753471494 0.00209257798269391 0.00166447670198977 0.00123188365250826 0.00152844132389873 0.00151865009684116 0.00151859456673265 0.00150825607124716
0.0184276401996613 0.0181002710014582 0.0180990416556597 0.0150116123259068 0.0132128773257136 0.00958101451396942 0.00654342118650675 0.00446739373728633 0.00380749325267971 0.00324491807259619 0.0023869164288044 0.00220696395263076 0.00237932964228094 0.00236417655833066 0.00254878564737737 0.00254065822809935 0.00189269112888724 0.0023565785959363 0.00234905793331563 0.0023490721359849 0.00234158267267048 0.0013966376427561 0.000964900420513004 0.000832720310427248 0.000664421764668077 0.000958693388383836 0.00089202745584771 0.00139204028528184 0.00173885584808886 0.00314152054488659 0.00391270453110337 0.00486352480947971 0.00643240381032228 0.00783412996679544 0.00822889991104603 0.00791191309690475 0.00607226137071848 0.00568623282015324 0.00703027239069343 0.00702989893034101 0.00492584891617298 0.00566302193328738 0.00395719753578305 0.00524367205798626 0.00557274650782347 0.00311765796504915 0.00287332595326006 0.00263867271132767 0.00227014813572168 0.00209221779368818 0.00155354745220393 0.00165300467051566 0.00152818043716252 0.00190194288734347 0.00236375210806727
0.0190015845000744 0.0186344627290964 0.0182955227792263 0.0137739619240165 0.0109424414113164 0.00888922344893217 0.00654332060366869 0.00554200587794185 0.0047387988306582 0.00323454546742141 0.00276530301198363 0.00256500649265945 0.00255681783892214 0.00189867767039686 0.00176107604056597 0.00236404128372669 0.00162828387692571 0.00273010693490505 0.00203392584808171 0.00188054097816348 0.00234894664026797 0.00140105013269931 0.000964850420132279 0.000894899305421859 0.000714043620973825 0.00103687355294824 0.000829962431453168 0.00162311736494303 0.00254052481614053 0.00315923779271543 0.00317717483267188 0.00565150287002325 0.0069553074426949 0.0043034041300416 0.0109887784346938 0.011013139039278 0.0129619035869837 0.012978645041585 0.0114936018362641 0.00924876518547535 0.00575997773557901 0.00343853165395558 0.0036831779871136 0.00490363547578454 0.00453401450067759 0.00313726183958352 0.00269057904370129 0.00247075408697128 0.00286239921115339 0.0019590612500906 0.00243038451299071 0.00259390682913363 0.00321543915197253 0.00317897740751505 0.00318322074599564
0.0189080331474543 0.0186687596142292 0.017395569011569 0.0133818704634905 0.01213931851089 0.0102485762909055 0.00942929740995169 0.00926956627517939 0.00733191519975662 0.00466375518590212 0.00400026375427842 0.00319333607330918 0.00274755246937275 0.0023639309220016 0.00204033870249987 0.00163338682614267 0.00151501619257033 0.00235633924603462 0.00235633738338947 0.00203379266895354 0.00234875571914017 0.00140097341500223 0.00120911945123225 0.00104019639547914 0.00120522605720907 0.000894816243089736 0.000835235172417015 0.0015102515462786 0.00203380989842117 0.00395690463483334 0.00237889750860631 0.00191054784227163 0.00222058640792966 0.00205965689383447 0.00432332791388035 0.00714458338916302 0.00991061888635159 0.00947704166173935 0.0115313399583101 0.00888602063059807 0.00402161618694663 0.00400851620361209 0.00818681437522173 0.0093156611546874 0.00426415773108602 0.00365726463496685 0.0052190013229847 0.00417317310348153 0.00247819046489894 0.00245355837978423 -3.4e+38 0.00302404095418751 0.00404360890388489 0.00345724984072149 0.00221708929166198
0.0187370851635933 0.017891313880682 0.0175535790622234 0.0171157605946064 0.0163585375994444 0.0129472017288208 0.0106129096820951 0.00748193310573697 0.00589807983487844 0.00502720894291997 0.00398737331852317 0.00398721499368548 0.00341990543529391 0.00204677181318402 0.0016333069652319 0.00163852178957313 0.00130749249365181 0.00140966463368386 0.00189237913582474 0.00218547927215695 0.00140513211954385 0.00162279978394508 0.00129936228040606 0.000829951895866543 0.000897649442777038 0.000897607766091824 0.000779588706791401 0.001311682513915 0.000909043126739562 0.00142313225660473 0.00165415392257273 0.00132839835714549 0.0024091771338135 0.00300898402929306 0.00325411558151245 0.00260531529784203 0.00406234012916684 0.00407505873590708 0.011063133366406 0.00728227291256189 0.00470294011756778 0.00626237038522959 0.00674264971166849 0.00539281684905291 0.00343570811673999 0.0036784908734262 0.0039402567781508 0.00364321516826749 0.00267996219918132 -3.4e+38 0.00413607805967331 0.00410851323977113 0.00327007914893329 -3.4e+38 -3.4e+38
0.0189999379217625 0.0182752069085836 0.0166604071855545 0.0154874017462134 0.0126954857259989 0.010215719230473 0.00877586007118225 0.00643939897418022 0.00472332956269383 0.00374624086543918 0.00345278484746814 0.00319254258647561 0.00368663691915572 0.00341964000836015 0.00340868509374559 0.00367456930689514 0.00254005216993392 0.00151484063826501 0.00140501570422202 0.00140950118657202 0.000974004622548819 0.000970880850218236 0.000774688611272722 0.00104339409153908 0.000967718660831451 0.00112484162673354 0.00105329370126128 0.000983153819106519 0.00098941836040467 0.00106670428067446 0.00123991153668612 0.00180033966898918 0.0014366339892149 0.00133250234648585 0.0012398271355778 0.00181164068635553 0.00210557482205331 0.00305546307936311 0.00411345344036818 0.0051180818118155 0.00551677867770195 0.0063693867996335 0.00735003594309092 0.00542637938633561 0.00400511268526316 0.00430167885497212 0.00397748360410333 0.00364103517495096 -3.4e+38 0.0045011225156486 0.00447255093604326 0.00444262800738215 0.00442792009562254 -3.4e+38 -3.4e+38
0.0185091160237789 0.0184408817440271 0.0173395927995443 0.0154869155958295 0.0126661518588662 0.00827291421592236 0.00755375763401389 0.00557702779769897 0.00440946826711297 0.00346381566487253 0.00429813656955957 0.00369828986003995 0.00341953826136887 0.00458352314308286 0.00487296422943473 0.00455735716968775 0.00273823994211853 0.00175500498153269 0.00131144560873508 0.00113544112537056 0.00104977353475988 0.000909108319319785 0.000840523687656969 0.000774605956394225 0.000973846181295812 0.00190434989053756 0.00123206712305546 0.00179461890365928 0.00224877754226327 0.00262198294512928 0.00195320975035429 0.00145954021718353 0.00125965883489698 0.00125565275084227 0.00145949539728463 0.00246290303766727 0.00385247031226754 0.00649560987949371 0.00602554809302092 0.00807887315750122 0.00802724249660969 0.0107125211507082 0.00739578856155276 0.00547757232561707 0.00504638301208615 0.00465125730261207 0.0049796006642282 -3.4e+38 0.00526336114853621 0.00524670304730535 -3.4e+38 -3.4e+38 -3.4e+38 -3.4e+38 -3.4e+38
0.0187955442816019 0.0172863081097603 0.0152174364775419 0.013597035780549 0.0133398966863751 0.00827278755605221 0.00606952421367168 0.00517360540106893 0.00473817484453321 0.00466303993016481 0.00612830743193626 0.0052999509498477 0.00526981521397829 0.00523977959528565 0.00559687009081244 0.0045312587171793 0.00317136221565306 0.00219903793185949 0.00141378166154027 0.00141374336089939 0.00141825550235808 0.00131124118342996 0.00131538882851601 0.00131118681747466 0.00190367689356208 0.00239296001382172 0.00144113111309707 0.0022630060557276 0.00328500126488507 0.00478111719712615 0.00229912158101797 0.00185228115878999 0.00185225333552808 0.00199058302678168 0.00268904725089669 0.00610304297879338 0.00567925395444036 0.00709020020440221 0.00657444493845105 0.00655328668653965 0.0065319431014359 0.00807283259928226 0.00867342203855515 0.00741415051743388 0.00549131026491523 0.00506167951971292 0.00538447359576821 -3.4e+38 -3.4e+38 -3.4e+38 -3.4e+38 -3.4e+38 -3.4e+38 -3.4e+38 -3.4e+38
0.0180127937346697 0.0184402074664831 0.0176073685288429 0.0129098072648048 0.0120153054594994 0.00960873067378998 0.00608887849375606 0.00446606753394008 0.00409013358876109 0.00373389455489814 0.00463160080835223 0.00809246953576803 0.00978614576160908 0.00743613950908184 0.00853828806430101 0.00426158960908651 0.00272839958779514 0.00203954637981951 0.00140912877395749 0.0015289222355932 0.00176577840466052 0.00237784185446799 0.00238534505479038 0.00239286082796752 0.00257958867587149 0.00224779197014868 0.00243864650838077 0.00476563395932317 0.00647570146247745 0.00946023967117071 0.00490532116964459 0.0034230484161526 0.00427490985020995 0.00620295479893684 0.00776510732248425 0.00578803988173604 0.0053689950145781 0.00535168591886759 0.00615643104538321 0.00663567939773202 0.00705860555171967 0.0075841243378818 0.00940157659351826 0.0100685888901353 -3.4e+38 -3.4e+38 -3.4e+38 0.00783051457256079 -3.4e+38 -3.4e+38 -3.4e+38 -3.4e+38 -3.4e+38 -3.4e+38 -3.4e+38
0.0188544616103172 0.0186659898608923 0.018292348831892 0.0155845498666167 0.010488891042769 0.00894317124038935 0.00759996939450502 0.00597195001319051 0.00440910644829273 0.00402509095147252 0.0053636385127902 0.00978598091751337 0.0142380930483341 0.0119625674560666 0.00853731948882341 0.00366068468429148 0.00340736843645573 0.00236215861514211 0.00254654604941607 0.00318042701110244 0.00608806870877743 0.00428014295175672 0.00532663986086845 0.0050226585008204 0.00669711595401168 0.00728258769959211 0.00443447940051556 0.0108877066522837 0.00915648322552443 0.00823805946856737 0.00724943727254868 0.00632162531837821 0.00734488666057587 0.00855609774589539 0.00915246549993753 0.00793720688670874 0.00852788519114256 0.0105574689805508 0.00907022599130869 0.0104643860831857 0.00895100831985474 0.00822566915303469 0.0101632615551353 0.0109186889603734 -3.4e+38 -3.4e+38 0.00849245116114616 -3.4e+38 -3.4e+38 -3.4e+38 -3.4e+38 -3.4e+38 -3.4e+38 -3.4e+38 -3.4e+38
0.0222697947174311 0.0214010663330555 0.0174482930451632 0.0164474956691265 0.0127048883587122 0.0103556830435991 0.00819167215377092 0.00599094340577722 0.00475193280726671 0.00403698207810521 0.00369694107212126 0.00610181549564004 0.0144024007022381 0.0131538417190313 0.00968684628605843 0.0069621941074729 0.00295029557310045 0.00367276230826974 0.00489829946309328 0.00566349178552628 0.00987770222127438 0.00569484522566199 0.010598286986351 0.0129278134554625 0.0114672034978867 0.00477987714111805 0.00805374886840582 0.00704514607787132 0.00826314557343721 0.00949717871844769 0.0111608793959022 0.0129245882853866 0.0129697853699327 0.0129217905923724 0.0131333731114864 0.0128801455721259 0.0141396727412939 0.0130753023549914 0.0150799676775932 0.0142821921035647 -3.4e+38 -3.4e+38 0.0094881858676672 0.0166432280093431 -3.4e+38 -3.4e+38 -3.4e+38 -3.4e+38 -3.4e+38 -3.4e+38 -3.4e+38 -3.4e+38 -3.4e+38 -3.4e+38 -3.4e+38
0.0223084595054388 0.0218878798186779 0.0206202734261751 0.0196279920637608 0.0153376972302794 0.0118622435256839 0.00880096107721329 0.00693867402151227 0.00546918762847781 0.00466130394488573 0.00398521637544036 0.00493539916351438 0.0128732174634933 0.0143054220825434 0.0128711825236678 0.00606528390198946 0.00527502922341228 0.00606439122930169 0.00747879734262824 0.0042593483813107 0.00460596848279238 0.00373020279221237 0.00716908648610115 0.0103480387479067 0.00551645550876856 0.0056042205542326 0.00756574748083949 0.0113233113661408 0.013104347512126 0.0140957459807396 0.0130045805126429 0.0160968471318483 0.0163819305598736 0.016536446288228 0.0167453475296497 0.0165554825216532 0.0158586781471968 0.017515966668725 0.0167169217020273 0.0166117493063211 0.0165188312530518 -3.4e+38 -3.4e+38 -3.4e+38 -3.4e+38 -3.4e+38 -3.4e+38 -3.4e+38 -3.4e+38 -3.4e+38 -3.4e+38 -3.4e+38 -3.4e+38 -3.4e+38 -3.4e+38
0.0221871249377728 0.0218997448682785 0.0212908517569304 0.0204874649643898 0.0187295377254486 0.0131687764078379 0.0109833795577288 0.00803560484200716 0.0068282363936305 0.00582002894952893 0.0042822640389204 0.00866242870688438 0.00930678937584162 0.00988204963505268 0.00988099444657564 0.0131491795182228 0.00797143019735813 0.00691611506044865 0.00913473218679428 0.00700262188911438 0.00576677918434143 0.00874098390340805 0.00724947359412909 0.00734987389296293 0.00744643295183778 0.0115590626373887 0.0107488967478275 0.0157540030777454 0.0165758468210697 0.0152110327035189 0.016043609008193 0.0160644501447678 0.0182698331773281 0.0165834240615368 0.0163759961724281 0.0167928226292133 0.0193079877644777 0.0185643713921309 0.0177289415150881 -3.4e+38 -3.4e+38 -3.4e+38 -3.4e+38 -3.4e+38 -3.4e+38 -3.4e+38 -3.4e+38 -3.4e+38 -3.4e+38 -3.4e+38 -3.4e+38 -3.4e+38 -3.4e+38 -3.4e+38 -3.4e+38
0.0222566854208708 0.0219554658979177 0.0210628937929869 0.0206763409078121 0.0192945320159197 0.0173357669264078 0.0156900696456432 0.0124178845435381 0.0112281097099185 0.0102571034803987 0.00530690280720592 0.00750242033973336 0.0113241728395224 0.00988108944147825 0.00750051019713283 0.012178503908217 0.0118692005053163 0.00860244315117598 0.00606238236650825 0.00426445435732603 0.0100539941340685 0.012878674082458 0.0147843789309263 0.0145171880722046 0.0124411098659039 0.0171518661081791 0.0147835640236735 0.0164698399603367 0.0171568002551794 0.0181510876864195 0.0186832826584578 0.0186824034899473 0.0164777021855116 0.0167367178946733 0.0167365670204163 0.0194789916276932 0.0194175746291876 0.0193059705197811 -3.4e+38 -3.4e+38 -3.4e+38 -3.4e+38 -3.4e+38 -3.4e+38 -3.4e+38 -3.4e+38 -3.4e+38 -3.4e+38 -3.4e+38 -3.4e+38 -3.4e+38 -3.4e+38 -3.4e+38 -3.4e+38 -3.4e+38
0.0223269648849964 0.0220944676548243 0.0215303134173155 0.0204861704260111 0.0195126477628946 0.0188016071915627 0.0179302357137203 0.0162928979843855 0.0151483993977308 0.0134870605543256 0.0120319863781333 0.00866145174950361 0.00800960324704647 0.00745346257463098 0.00649328529834747 0.00860356912016869 0.00913498178124428 0.00860163848847151 0.00810575112700462 0.00656295334920287 0.0107806278392673 0.0169245563447475 0.0169821865856647 0.0179250743240118 0.0158046372234821 0.0168093871325254 0.018256027251482 0.0192413032054901 0.0201939027756453 0.0184401907026768 0.0192447509616613 0.0194786656647921 0.0194767732173204 0.019293924793601 -3.4e+38 -3.4e+38 -3.4e+38 -3.4e+38 -3.4e+38 -3.4e+38 -3.4e+38 -3.4e+38 -3.4e+38 -3.4e+38 -3.4e+38 -3.4e+38 -3.4e+38 -3.4e+38 -3.4e+38 -3.4e+38 -3.4e+38 -3.4e+38 -3.4e+38 -3.4e+38 -3.4e+38
0.0223259795457125 0.0221135895699263 0.0214092042297125 0.0239576678723097 0.0205635204911232 0.0192316118627787 0.019802113994956 0.0191411375999451 0.0182522814720869 0.0162884872406721 0.0143359890207648 0.0146460747346282 0.0121214725077152 0.00800822861492634 0.0119990212842822 0.00745105464011431 0.0064911087974906 0.00603571487590671 0.00652602268382907 0.0164547488093376 0.0190760865807533 0.0162489395588636 0.0176732894033194 0.018223175778985 0.0159007031470537 0.015737546607852 0.0181105006486177 0.0189723540097475 0.0200514383614063 0.0176661927253008 0.0190166346728802 0.0195366609841585 0.0194740481674671 -3.4e+38 -3.4e+38 -3.4e+38 -3.4e+38 -3.4e+38 -3.4e+38 -3.4e+38 -3.4e+38 -3.4e+38 -3.4e+38 -3.4e+38 -3.4e+38 -3.4e+38 -3.4e+38 -3.4e+38 -3.4e+38 -3.4e+38 -3.4e+38 -3.4e+38 -3.4e+38 -3.4e+38 -3.4e+38
0.025658393278718 0.0254943091422319 0.0247825086116791 0.0223533399403095 0.0196987632662058 0.0157727487385273 0.0183331947773695 0.0175990406423807 0.0203339979052544 0.0173551775515079 0.0161672085523605 0.0158975664526224 0.0128037910908461 0.0105763785541058 0.00978051498532295 0.00977934058755636 0.00645155739039183 0.012795701622963 0.00805281475186348 0.0129616782069206 0.0159968342632055 0.0191936921328306 0.0197149682790041 0.020273806527257 0.0196416880935431 0.0109816631302238 0.0160505380481482 0.0178532898426056 0.018076891079545 0.0193794835358858 0.0220542978495359 0.0218550004065037 -3.4e+38 -3.4e+38 -3.4e+38 -3.4e+38 -3.4e+38 -3.4e+38 -3.4e+38 -3.4e+38 -3.4e+38 -3.4e+38 -3.4e+38 -3.4e+38 -3.4e+38 -3.4e+38 -3.4e+38 -3.4e+38 -3.4e+38 -3.4e+38 -3.4e+38 -3.4e+38 -3.4e+38 -3.4e+38 -3.4e+38
0.0256571229547262 0.0253250915557146 0.0245043747127056 0.0219845995306969 0.0188228245824575 0.0168629568070173 0.0182451456785202 0.0178094264119864 0.0188117027282715 0.019440108910203 0.0190493371337652 0.0146435899659991 0.0132860094308853 0.013509021140635 0.0104696229100227 0.00920822285115719 0.0118361823260784 0.0105687621980906 0.0172139182686806 0.0227409675717354 0.0215758569538593 0.0223582219332457 0.0227046404033899 0.022835161536932 0.0175794921815395 0.0146606182679534 0.019342252984643 0.017955370247364 0.018180588260293 0.0182441174983978 -3.4e+38 -3.4e+38 -3.4e+38 -3.4e+38 -3.4e+38 -3.4e+38 -3.4e+38 -3.4e+38 -3.4e+38 -3.4e+38 -3.4e+38 -3.4e+38 -3.4e+38 -3.4e+38 -3.4e+38 -3.4e+38 -3.4e+38 -3.4e+38 -3.4e+38 -3.4e+38 -3.4e+38 -3.4e+38 -3.4e+38 -3.4e+38 -3.4e+38
0.0255749709904194 0.0254116859287024 0.0245034229010344 0.0226466003805399 0.0218757763504982 0.0207044910639524 0.0187266562134027 0.0181078519672155 0.0198660902678967 0.0194109622389078 0.019063351675868 0.0189474038779736 0.01730852201581 0.0153715964406729 0.0156287979334593 0.0145645616576076 0.0166508164256811 0.0148031394928694 0.0216939300298691 0.0231193173676729 0.0226263422518969 0.0241819024085999 0.0234999191015959 0.0208293795585632 0.0143241519108415 0.0101450216025114 0.0157719515264034 0.0168851930648088 0.0162734184414148 -3.4e+38 -3.4e+38 -3.4e+38 -3.4e+38 -3.4e+38 -3.4e+38 -3.4e+38 -3.4e+38 -3.4e+38 -3.4e+38 -3.4e+38 -3.4e+38 -3.4e+38 -3.4e+38 -3.4e+38 -3.4e+38 -3.4e+38 -3.4e+38 -3.4e+38 -3.4e+38 -3.4e+38 -3.4e+38 -3.4e+38 -3.4e+38 -3.4e+38 -3.4e+38
