data/climate_estimation/maxent_output/Disporum_cantoniense.asc
NCOLS 479 
NROWS 530 
XLLCORNER 79.25 
YLLCORNER -9.16666666666667 
CELLSIZE 0.0833333333333333 
NODATA_value -3.4e+38 
[rows 144 to 167 of 530, columns 220 to 274 of 479]
0.727145850658417 0.743560969829559 0.739389538764954 0.741484403610229 0.759081840515137 0.779422342777252 0.780535876750946 0.801432728767395 0.762335956096649 0.758925378322601 0.636887490749359 0.646438658237457 0.609973847866058 0.633091688156128 0.700742065906525 0.716431736946106 0.76711517572403 0.686626851558685 0.656302154064178 0.69235360622406 0.737278819084167 0.785807371139526 0.713582515716553 0.779115676879883 0.784103572368622 0.750310719013214 0.73396235704422 0.749605655670166 0.800303637981415 0.744839906692505 0.635723650455475 0.676269948482513 0.529116094112396 0.608125627040863 0.674301862716675 0.652429401874542 0.656343817710876 0.638360321521759 0.632471024990082 0.654345750808716 0.670559942722321 0.658538043498993 0.707964718341827 0.697146236896515 0.706572890281677 0.697689056396484 0.616960644721985 0.679522454738617 0.669145047664642 0.623354315757751 0.670303821563721 0.690379321575165 0.777441680431366 0.825371503829956 0.824005722999573
0.725082814693451 0.763890326023102 0.772578954696655 0.735039889812469 0.732975006103516 0.689665257930756 0.673215448856354 0.742075026035309 0.740359783172607 0.715265095233917 0.750204861164093 0.680249571800232 0.604650318622589 0.629128277301788 0.774272203445435 0.668381571769714 0.678594946861267 0.606546342372894 0.622858464717865 0.721968770027161 0.684982180595398 0.806477427482605 0.734796106815338 0.794968903064728 0.748367249965668 0.762997686862946 0.71307784318924 0.799156606197357 0.809683263301849 0.74584698677063 0.635683238506317 0.707017779350281 0.538507640361786 0.574033498764038 0.574171185493469 0.621803402900696 0.606215000152588 0.602326929569244 0.576839685440063 0.646352410316467 0.694666683673859 0.708164155483246 0.710308015346527 0.672598481178284 0.722316265106201 0.730074822902679 0.650988101959229 0.590984404087067 0.624500513076782 0.64797180891037 0.717628419399261 0.652571141719818 0.68755966424942 0.783598482608795 0.768202722072601
0.706318795681 0.718872606754303 0.667994141578674 0.610990524291992 0.645047962665558 0.711256086826324 0.713408946990967 0.736966967582703 0.734091877937317 0.796758830547333 0.79474550485611 0.617752373218536 0.680054724216461 0.696492552757263 0.749654173851013 0.696111083030701 0.68549108505249 0.666312098503113 0.646138489246368 0.707953155040741 0.584927082061768 0.720498025417328 0.746103286743164 0.727187037467957 0.653865158557892 0.812611639499664 0.737175226211548 0.704339981079102 0.771225929260254 0.704017400741577 0.77610856294632 0.689887523651123 0.621839940547943 0.569121956825256 0.62148243188858 0.604087352752686 0.696515321731567 0.629881858825684 0.665657341480255 0.650048971176147 0.658129930496216 0.704586803913116 0.681099593639374 0.650444686412811 0.640249490737915 0.710049569606781 0.648654758930206 0.617091536521912 0.628134071826935 0.696970462799072 0.620173037052155 0.696247756481171 0.704813838005066 0.721003890037537 0.752117991447449
0.626185238361359 0.714249789714813 0.638694822788239 0.632086634635925 0.699490308761597 0.789134383201599 0.771856904029846 0.703078508377075 0.725517332553864 0.783133924007416 0.737654030323029 0.571311175823212 0.580080091953278 0.704812407493591 0.735145628452301 0.744106113910675 0.674595415592194 0.661665260791779 0.673013627529144 0.663448512554169 0.621346294879913 0.619952917098999 0.749164164066315 0.608224511146545 0.606648921966553 0.79346364736557 0.732476115226746 0.73224538564682 0.659735262393951 0.667474269866943 0.777320027351379 0.670413017272949 0.606656849384308 0.564835548400879 0.647996723651886 0.644621789455414 0.645460784435272 0.665598452091217 0.634346842765808 0.684694826602936 0.648387849330902 0.70136570930481 0.686007499694824 0.678873956203461 0.649130046367645 0.678577601909637 0.702034652233124 0.683997631072998 0.602098166942596 0.663371384143829 0.658209502696991 0.665832757949829 0.761012732982635 0.617311418056488 0.708874702453613
0.569567084312439 0.613631308078766 0.64081472158432 0.67595499753952 0.7216677069664 0.820537626743317 0.81505936384201 0.709291994571686 0.719163775444031 0.704189956188202 0.687492251396179 0.585270404815674 0.544599533081055 0.602866888046265 0.671890795230865 0.644385576248169 0.721976459026337 0.687163054943085 0.615137577056885 0.621354758739471 0.681316673755646 0.588674902915955 0.622324824333191 0.663372814655304 0.664308369159698 0.74123626947403 0.733254373073578 0.674197912216187 0.744965612888336 0.654062509536743 0.599216759204865 0.577850461006165 0.566888689994812 0.654304981231689 0.5754274725914 0.592968165874481 0.609629273414612 0.651015400886536 0.662207782268524 0.693996489048004 0.638461589813232 0.672677040100098 0.704961895942688 0.694264471530914 0.671142220497131 0.64376312494278 0.689506113529205 0.698278903961182 0.655790150165558 0.612944960594177 0.63801634311676 0.757493555545807 0.758194446563721 0.679195880889893 0.568706810474396
0.605811059474945 0.606110811233521 0.640591323375702 0.655997693538666 0.699338257312775 0.740089774131775 0.712205290794373 0.681625187397003 0.686615467071533 0.665510237216949 0.656027972698212 0.683198273181915 0.522585868835449 0.628050148487091 0.599619925022125 0.56461101770401 0.716031134128571 0.581504940986633 0.558859646320343 0.612402439117432 0.698945999145508 0.563931882381439 0.677220404148102 0.758139491081238 0.700316369533539 0.670531094074249 0.718327581882477 0.62028181552887 0.627697229385376 0.765490114688873 0.654273927211761 0.725832581520081 0.690826833248138 0.596225202083588 0.636249005794525 0.53529679775238 0.619706273078918 0.625075280666351 0.645462930202484 0.708843529224396 0.661449074745178 0.590861737728119 0.65409791469574 0.697901666164398 0.683041632175446 0.671820223331451 0.594554841518402 0.691805243492126 0.660512804985046 0.705209076404572 0.71134626865387 0.750419974327087 0.764972031116486 0.73744660615921 0.640556871891022
0.609519600868225 0.642731606960297 0.637182474136353 0.65227609872818 0.616998016834259 0.638743221759796 0.732195019721985 0.718037366867065 0.679244339466095 0.639529466629028 0.648041188716888 0.672587752342224 0.515929102897644 0.546758592128754 0.715890884399414 0.670123517513275 0.694841623306274 0.560899078845978 0.664041578769684 0.685658812522888 0.598388195037842 0.555806636810303 0.688264966011047 0.749311983585358 0.662045538425446 0.620383262634277 0.660326540470123 0.601962924003601 0.652051508426666 0.738545536994934 0.774863362312317 0.758693039417267 0.792634129524231 0.727733612060547 0.639115929603577 0.555768609046936 0.576465785503387 0.602764427661896 0.585568368434906 0.664955258369446 0.669418096542358 0.611064076423645 0.617520928382874 0.675724029541016 0.664577782154083 0.7083620429039 0.639290392398834 0.591280996799469 0.67147159576416 0.630662202835083 0.710428416728973 0.698293387889862 0.725938498973846 0.740428745746613 0.667382538318634
0.591794192790985 0.614978313446045 0.615195035934448 0.598814368247986 0.595795869827271 0.605035722255707 0.655967175960541 0.671345591545105 0.760076880455017 0.643693685531616 0.71420431137085 0.69062465429306 0.451867818832397 0.513278067111969 0.691299855709076 0.63627701997757 0.651400685310364 0.526342272758484 0.633739352226257 0.646077156066895 0.490858018398285 0.684054970741272 0.760108292102814 0.673377692699432 0.592395305633545 0.672450482845306 0.700741171836853 0.607740819454193 0.626487076282501 0.682999193668365 0.763873815536499 0.773872852325439 0.747606456279755 0.74333643913269 0.57769250869751 0.581099629402161 0.510449886322021 0.571755111217499 0.579516887664795 0.603188037872314 0.684016227722168 0.655993402004242 0.599969506263733 0.696379542350769 0.61219847202301 0.638924956321716 0.66397088766098 0.588594555854797 0.681636452674866 0.73710024356842 0.682172775268555 0.747819840908051 0.681065320968628 0.643180012702942 0.74245548248291
0.583654284477234 0.627940475940704 0.599959373474121 0.591245889663696 0.590394377708435 0.612854719161987 0.630420207977295 0.633869230747223 0.720609724521637 0.6028892993927 0.676738798618317 0.543514966964722 0.47188201546669 0.562628388404846 0.703518927097321 0.619839072227478 0.576706647872925 0.511321723461151 0.644062936306 0.558597445487976 0.553964197635651 0.684830069541931 0.668993234634399 0.644430220127106 0.60902613401413 0.670778214931488 0.700404584407806 0.679547488689423 0.615868270397186 0.617600977420807 0.638437211513519 0.705416440963745 0.651775121688843 0.610296487808228 0.630547404289246 0.64054673910141 0.516157746315002 0.548428595066071 0.596428334712982 0.580625891685486 0.628282964229584 0.614472091197968 0.60139274597168 0.613430321216583 0.57498562335968 0.697664558887482 0.72679877281189 0.635043382644653 0.654445111751556 0.671653091907501 0.637196183204651 0.74759042263031 0.737370669841766 0.64118880033493 0.708300709724426
0.586324453353882 0.657546997070312 0.599548697471619 0.587411403656006 0.5663161277771 0.600890517234802 0.584890604019165 0.583955705165863 0.559195697307587 0.556389212608337 0.664094030857086 0.643981337547302 0.500220596790314 0.570491552352905 0.702282667160034 0.604268252849579 0.520153224468231 0.548024594783783 0.561486423015594 0.428651243448257 0.525129318237305 0.657479763031006 0.703502357006073 0.673573195934296 0.584034860134125 0.659666240215302 0.648074984550476 0.679928302764893 0.643822491168976 0.598016262054443 0.533968150615692 0.695415079593658 0.649170875549316 0.606327474117279 0.731207072734833 0.736866176128387 0.647824645042419 0.507544040679932 0.500286340713501 0.550655841827393 0.542950749397278 0.571481585502625 0.632173717021942 0.557371735572815 0.675068974494934 0.704140245914459 0.606656074523926 0.707524001598358 0.613139927387238 0.652363061904907 0.699571311473846 0.763984501361847 0.769978404045105 0.638446688652039 0.62692666053772
0.593564569950104 0.620252668857574 0.581242561340332 0.579264581203461 0.541388392448425 0.54529595375061 0.544006586074829 0.542719483375549 0.528025031089783 0.543453693389893 0.66527533531189 0.689967751502991 0.585842490196228 0.578465759754181 0.568991780281067 0.557220637798309 0.517080187797546 0.509730100631714 0.407391518354416 0.491037040948868 0.639373779296875 0.814188361167908 0.749164521694183 0.615988731384277 0.575650453567505 0.630012929439545 0.670890986919403 0.690267264842987 0.580444812774658 0.548330128192902 0.659025013446808 0.723843574523926 0.66303014755249 0.618523776531219 0.725314557552338 0.775925159454346 0.707032382488251 0.462477385997772 0.528230011463165 0.469308763742447 0.547129929065704 0.561003804206848 0.569825053215027 0.637251496315002 0.560758709907532 0.619848251342773 0.533158898353577 0.734637200832367 0.657362580299377 0.617919862270355 0.61964738368988 0.720227539539337 0.708994448184967 0.638877809047699 0.628175616264343
0.61803674697876 0.577869892120361 0.567223966121674 0.532741785049438 0.53775018453598 0.528089284896851 0.51694130897522 0.508520245552063 0.512754917144775 0.547463893890381 0.622832953929901 0.60582447052002 0.552260637283325 0.459236711263657 0.425627201795578 0.527464926242828 0.541596174240112 0.474103480577469 0.456152349710464 0.579571783542633 0.666882693767548 0.732702195644379 0.607124924659729 0.5386922955513 0.559104084968567 0.641951858997345 0.67221873998642 0.690242826938629 0.548665761947632 0.672230184078217 0.719434022903442 0.619232654571533 0.622144520282745 0.613291680812836 0.62318217754364 0.650877416133881 0.675700128078461 0.46900862455368 0.383040428161621 0.506567895412445 0.595776438713074 0.56391441822052 0.496729701757431 0.569743454456329 0.534511804580688 0.541775405406952 0.595796346664429 0.676256418228149 0.600424528121948 0.606232225894928 0.59936398267746 0.582749128341675 0.601945638656616 0.582881212234497 0.647761881351471
0.592334985733032 0.586810827255249 0.555519640445709 0.547242045402527 0.538248777389526 0.502294063568115 0.483418583869934 0.463434725999832 0.453340202569962 0.499984234571457 0.505080223083496 0.531323671340942 0.472258776426315 0.418969392776489 0.49527782201767 0.560189604759216 0.618326842784882 0.4334616959095 0.541511476039886 0.578977584838867 0.668026506900787 0.709750592708588 0.559619724750519 0.566588521003723 0.495332479476929 0.575597405433655 0.587323546409607 0.56748628616333 0.545605778694153 0.61706930398941 0.682362377643585 0.602171719074249 0.599148094654083 0.607755601406097 0.599496424198151 0.651439726352692 0.605341851711273 0.392380565404892 0.340858459472656 0.398926645517349 0.435447186231613 0.503118753433228 0.580193161964417 0.449985384941101 0.378119081258774 0.437503695487976 0.563129007816315 0.617657124996185 0.617905795574188 0.538602769374847 0.46665945649147 0.646765947341919 0.707578837871552 0.679732263088226 0.706601202487946
0.560002744197845 0.559349775314331 0.529228568077087 0.537614285945892 0.542656481266022 0.52542632818222 0.511264801025391 0.484074294567108 0.490484297275543 0.49393218755722 0.556356191635132 0.448835074901581 0.455327749252319 0.587193787097931 0.596423745155334 0.585662722587585 0.566834092140198 0.42718705534935 0.527951836585999 0.572636425495148 0.680094122886658 0.652598559856415 0.491394013166428 0.513065814971924 0.460131019353867 0.473712384700775 0.565905690193176 0.585020899772644 0.528504133224487 0.637371182441711 0.70905989408493 0.679344713687897 0.649925768375397 0.622753858566284 0.652114808559418 0.687617301940918 0.706218779087067 0.649913847446442 0.379869848489761 0.369728237390518 0.313773632049561 0.409710764884949 0.527300834655762 0.474263966083527 0.380155861377716 0.398010522127151 0.494687676429749 0.56630665063858 0.56880110502243 0.56934666633606 0.577299416065216 0.5223428606987 0.597852170467377 0.57805061340332 0.615522980690002
0.524440944194794 0.560703277587891 0.554740846157074 0.567434668540955 0.54328864812851 0.524900436401367 0.539060890674591 0.513124048709869 0.491628170013428 0.530615031719208 0.539743483066559 0.389117926359177 0.456279069185257 0.536942005157471 0.613411486148834 0.469360858201981 0.425483196973801 0.449577122926712 0.556921064853668 0.57659375667572 0.583869397640228 0.527121424674988 0.463992357254028 0.496511816978455 0.449585467576981 0.457683652639389 0.592376530170441 0.605571329593658 0.520710587501526 0.625958204269409 0.663261830806732 0.584674954414368 0.599895656108856 0.613624513149261 0.651966631412506 0.694876253604889 0.63451075553894 0.497187435626984 0.405546307563782 0.386833876371384 0.436777174472809 0.464431911706924 0.451756149530411 0.522954285144806 0.578502535820007 0.578352391719818 0.630750358104706 0.550018489360809 0.488083779811859 0.551083505153656 0.558937191963196 0.51763254404068 0.496506094932556 0.563599228858948 0.545196771621704
0.500734090805054 0.514172792434692 0.535463869571686 0.567352414131165 0.537189900875092 0.505558371543884 0.484631210565567 0.466234505176544 0.442742049694061 0.46723684668541 0.495770931243896 0.404487580060959 0.438093394041061 0.582995295524597 0.667620837688446 0.508932888507843 0.426245510578156 0.59292858839035 0.551804184913635 0.637683153152466 0.662793695926666 0.494717210531235 0.401844769716263 0.524445533752441 0.530955791473389 0.553904354572296 0.643166542053223 0.60969752073288 0.517031371593475 0.426370829343796 0.400273084640503 0.457321912050247 0.58422839641571 0.682032227516174 0.681846261024475 0.666610181331635 0.472705662250519 0.372607260942459 0.395777642726898 0.410744249820709 0.397084325551987 0.417749255895615 0.413331210613251 0.521348118782043 0.447858810424805 0.477676719427109 0.66030615568161 0.5267653465271 0.42920196056366 0.530466139316559 0.591858685016632 0.544161379337311 0.534900426864624 0.56030410528183 0.60517430305481
0.48792165517807 0.480644106864929 0.508725345134735 0.526796698570251 0.53094094991684 0.501062512397766 0.465790897607803 0.425440728664398 0.423271149396896 0.448425650596619 0.449728548526764 0.449437499046326 0.373915404081345 0.499755710363388 0.595951855182648 0.46404817700386 0.388420194387436 0.571241617202759 0.546797573566437 0.573071718215942 0.614853739738464 0.645914733409882 0.476116836071014 0.620380640029907 0.668447852134705 0.561282455921173 0.488492667675018 0.405933171510696 0.394907236099243 0.466463297605515 0.501799583435059 0.515534996986389 0.490360677242279 0.585453450679779 0.592432677745819 0.577344119548798 0.430305004119873 0.37244701385498 0.464417994022369 0.394868016242981 0.425795346498489 0.470582693815231 0.401780694723129 0.434933453798294 0.405284583568573 0.439461797475815 0.566018879413605 0.549004852771759 0.464672714471817 0.520228981971741 0.580212712287903 0.48644894361496 0.532154321670532 0.575443387031555 0.59439080953598
0.495753020048141 0.449445635080338 0.470614314079285 0.490136504173279 0.510784089565277 0.488903105258942 0.459372401237488 0.450450956821442 0.432343989610672 0.484791964292526 0.42755663394928 0.348451316356659 0.36187332868576 0.41274294257164 0.453608453273773 0.43178915977478 0.351529210805893 0.44543269276619 0.583040237426758 0.556117117404938 0.510040104389191 0.577027797698975 0.638501226902008 0.47043788433075 0.528823435306549 0.526476144790649 0.429935187101364 0.470553010702133 0.469242990016937 0.529011487960815 0.47174471616745 0.489091128110886 0.55610865354538 0.542327880859375 0.602493941783905 0.487710982561111 0.370905369520187 0.423619866371155 0.397839933633804 0.460116684436798 0.500620663166046 0.55966728925705 0.431051582098007 0.442538797855377 0.377651125192642 0.409058570861816 0.507914364337921 0.487268716096878 0.437228739261627 0.519274950027466 0.49762174487114 0.559470415115356 0.596942186355591 0.533623397350311 0.480174452066422
0.463211953639984 0.443283915519714 0.456915438175201 0.472156435251236 0.485047847032547 0.476932168006897 0.434759080410004 0.470820218324661 0.406474143266678 0.446199536323547 0.479565501213074 0.383264154195786 0.378174364566803 0.412570595741272 0.419334888458252 0.449407130479813 0.371970444917679 0.425322383642197 0.529933214187622 0.552792906761169 0.474653422832489 0.463271111249924 0.594787240028381 0.621066749095917 0.364068806171417 0.425630420446396 0.369195163249969 0.435747891664505 0.542609632015228 0.53918468952179 0.495991349220276 0.400961667299271 0.450806021690369 0.476116210222244 0.513273239135742 0.51175719499588 0.425841897726059 0.364499479532242 0.464847803115845 0.426871597766876 0.450731813907623 0.440258532762527 0.384600877761841 0.505100250244141 0.49109673500061 0.529652297496796 0.442364245653152 0.530506491661072 0.560750007629395 0.467714250087738 0.453089594841003 0.531237065792084 0.500841319561005 0.448262125253677 0.453805804252625
0.430409997701645 0.42614221572876 0.451517254114151 0.446958035230637 0.474176645278931 0.455839216709137 0.432425320148468 0.4438456594944 0.412658482789993 0.358580589294434 0.409347355365753 0.427092313766479 0.312768459320068 0.478380262851715 0.467390060424805 0.510813236236572 0.459773451089859 0.324985086917877 0.411683946847916 0.431625992059708 0.397281616926193 0.526139259338379 0.712960362434387 0.393485754728317 0.311368405818939 0.455689251422882 0.548021256923676 0.368121385574341 0.530486643314362 0.502846479415894 0.404511749744415 0.357541888952255 0.389162063598633 0.409900963306427 0.390503168106079 0.363576471805573 0.329533308744431 0.339589059352875 0.389281123876572 0.338778108358383 0.37011194229126 0.369949221611023 0.406258344650269 0.476682901382446 0.483865588903427 0.528919160366058 0.409952819347382 0.545385658740997 0.553418695926666 0.568784296512604 0.554102420806885 0.507902920246124 0.453440546989441 0.442415356636047 0.446725606918335
0.408027797937393 0.407772302627563 0.422690868377686 0.446233779191971 0.449454843997955 0.439249753952026 0.413424223661423 0.457508146762848 0.42960312962532 0.367150753736496 0.322605460882187 0.392482995986938 0.358600586652756 0.382110267877579 0.369882434606552 0.438435971736908 0.516093909740448 0.337515294551849 0.414786249399185 0.494977980852127 0.381234437227249 0.488157331943512 0.619275391101837 0.361907005310059 0.309948652982712 0.393774569034576 0.633783340454102 0.57396274805069 0.365211218595505 0.367156565189362 0.407129526138306 0.505604326725006 0.659638404846191 0.54595959186554 0.341250538825989 0.347144693136215 0.390397250652313 0.344971895217896 0.332808911800385 0.327968597412109 0.400160074234009 0.416405022144318 0.350711017847061 0.478758007287979 0.468739837408066 0.528583467006683 0.422943592071533 0.465237766504288 0.454571634531021 0.540967524051666 0.530610740184784 0.489637643098831 0.440347015857697 0.419216394424438 0.392660349607468
0.422218501567841 0.398696184158325 0.405777484178543 0.424030482769012 0.430704712867737 0.396013915538788 0.428019851446152 0.431220710277557 0.475803673267365 0.373597025871277 0.307893246412277 0.37246760725975 0.386088579893112 0.311482816934586 0.368607580661774 0.406480938196182 0.488061487674713 0.365579515695572 0.473760485649109 0.556471824645996 0.424513876438141 0.399544894695282 0.59831702709198 0.543315529823303 0.375368773937225 0.429026275873184 0.606720626354218 0.630764603614807 0.446940273046494 0.403315991163254 0.429641634225845 0.495832920074463 0.405747473239899 0.302907407283783 0.303741753101349 0.477754265069962 0.36934357881546 0.307415336370468 0.342877775430679 0.358332812786102 0.480893760919571 0.461126953363419 0.43713790178299 0.444163948297501 0.493389695882797 0.433057516813278 0.535847663879395 0.548585414886475 0.556821763515472 0.499851435422897 0.49611297249794 0.476349145174026 0.447813600301743 0.381712019443512 0.370809137821198
0.490955621004105 0.403045952320099 0.400519341230392 0.408192098140717 0.386695563793182 0.369795858860016 0.412892758846283 0.429061144590378 0.422550737857819 0.354969590902328 0.280110776424408 0.325583845376968 0.381459653377533 0.269407510757446 0.36271259188652 0.368422895669937 0.368750125169754 0.376389622688293 0.400865823030472 0.547540366649628 0.411231189966202 0.379848182201385 0.521974325180054 0.689390182495117 0.466938257217407 0.453189492225647 0.482431352138519 0.499013245105743 0.447613745927811 0.429990619421005 0.373086601495743 0.335028141736984 0.30824738740921 0.247641324996948 0.261956781148911 0.38985076546669 0.302462071180344 0.407432407140732 0.308385848999023 0.363441467285156 0.434112429618835 0.33592763543129 0.433288156986237 0.482899159193039 0.515078008174896 0.475321382284164 0.490853160619736 0.513778448104858 0.499562323093414 0.498911142349243 0.47607097029686 0.438907235860825 0.386841982603073 0.378007292747498 0.339848905801773
0.49701863527298 0.390272378921509 0.394892036914825 0.402473658323288 0.379205971956253 0.387507855892181 0.393428832292557 0.424949765205383 0.375906050205231 0.300389468669891 0.257433176040649 0.332896262407303 0.304034411907196 0.3097884953022 0.318512320518494 0.327299654483795 0.347186267375946 0.353878080844879 0.354853898286819 0.432274878025055 0.413633733987808 0.479278326034546 0.499827444553375 0.546746790409088 0.593309164047241 0.393022656440735 0.422384083271027 0.401550740003586 0.40691289305687 0.360245227813721 0.313362747430801 0.314213037490845 0.265123337507248 0.318228840827942 0.311462998390198 0.291510373353958 0.383134186267853 0.394040465354919 0.420940577983856 0.442106693983078 0.40704083442688 0.406929135322571 0.496705681085587 0.58088481426239 0.460805028676987 0.464509159326553 0.481068015098572 0.484435945749283 0.464723736047745 0.472918838262558 0.451264977455139 0.428404837846756 0.372896105051041 0.360528975725174 0.322005480527878
