data/climate_estimation/maxent_output/Disporum_cantoniense.asc
NCOLS 479 
NROWS 530 
XLLCORNER 79.25 
YLLCORNER -9.16666666666667 
CELLSIZE 0.0833333333333333 
NODATA_value -3.4e+38 
[rows 168 to 191 of 530, columns 275 to 329 of 479]
0.266803085803986 0.302421718835831 0.272700995206833 0.2753626704216 0.282485514879227 0.209878087043762 0.192679405212402 0.167042195796967 0.194132968783379 0.207063972949982 0.331806093454361 0.274698287248611 0.264244049787521 0.273349851369858 0.386523753404617 0.407085776329041 0.324280858039856 0.363946378231049 0.439320623874664 0.35088649392128 0.343881875276566 0.3902867436409 0.458328276872635 0.523092746734619 0.563487529754639 0.583278894424438 0.555560708045959 0.5565225481987 0.609188079833984 0.57940810918808 0.488518744707108 0.551311612129211 0.539939999580383 0.649939358234406 0.532444000244141 0.616158425807953 0.622699797153473 0.622079312801361 0.628373205661774 0.641651332378387 0.617817759513855 0.609452366828918 0.600818812847137 0.603814303874969 0.584846794605255 0.589318990707397 0.408802270889282 0.414715468883514 0.399211555719376 0.393736243247986 0.392229348421097 0.385243624448776 0.364521831274033 0.35591983795166 0.324127495288849
0.273803204298019 0.300301283597946 0.274168640375137 0.293699115514755 0.206022799015045 0.19026517868042 0.176136836409569 0.175934925675392 0.220226004719734 0.28446027636528 0.238282755017281 0.27251935005188 0.327653676271439 0.345357418060303 0.417106211185455 0.451747983694077 0.354068756103516 0.32770374417305 0.378844827413559 0.450621545314789 0.395810484886169 0.352614879608154 0.414646297693253 0.406956493854523 0.529630601406097 0.548625469207764 0.612014591693878 0.60099196434021 0.548333466053009 0.601371288299561 0.585381686687469 0.533042430877686 0.519042909145355 0.604727566242218 0.636852145195007 0.58946692943573 0.608813881874084 0.594237089157104 0.594754636287689 0.593814849853516 0.604639887809753 0.602560222148895 0.587459325790405 0.578842401504517 0.583784401416779 0.58101612329483 0.402439922094345 0.402792543172836 0.385081768035889 0.383243501186371 0.3834288418293 0.37233766913414 0.362004518508911 0.35913297533989 0.352610230445862
0.314657151699066 0.28095680475235 0.231771290302277 0.252304673194885 0.197620406746864 0.191850304603577 0.204369217157364 0.207616239786148 0.222582176327705 0.242934674024582 0.205368921160698 0.232823953032494 0.273644000291824 0.367670387029648 0.374246835708618 0.452420115470886 0.447314620018005 0.43388032913208 0.373288810253143 0.446417927742004 0.39414519071579 0.348869889974594 0.369670242071152 0.404761970043182 0.432659208774567 0.431820303201675 0.533935964107513 0.605325222015381 0.581405162811279 0.583888053894043 0.603155314922333 0.594802677631378 0.581312835216522 0.604839742183685 0.577530384063721 0.549322962760925 0.559042692184448 0.547023355960846 0.575607180595398 0.579835891723633 0.590902149677277 0.596847593784332 0.582683682441711 0.570577263832092 0.585322976112366 0.573531568050385 0.557150661945343 0.397152811288834 0.387270092964172 0.552283346652985 0.547583401203156 0.536633014678955 0.531388461589813 0.516411900520325 0.517888307571411
0.2943414747715 0.313399344682693 0.235614314675331 0.215552166104317 0.227556973695755 0.256306171417236 0.190296605229378 0.229737386107445 0.230185866355896 0.267765372991562 0.211903780698776 0.218275666236877 0.283432424068451 0.355998605489731 0.303906202316284 0.288383811712265 0.438839137554169 0.469150066375732 0.492917329072952 0.37642714381218 0.354627043008804 0.4069904088974 0.533610224723816 0.514088332653046 0.439245909452438 0.43660444021225 0.419980257749557 0.47540682554245 0.602189362049103 0.594055771827698 0.543162107467651 0.483878314495087 0.54898476600647 0.611460208892822 0.583865106105804 0.547569751739502 0.51065981388092 0.536932826042175 0.570446789264679 0.560916721820831 0.553239524364471 0.572660565376282 0.557876765727997 0.568697690963745 0.570848107337952 0.557191431522369 0.561375916004181 0.556770026683807 0.561599493026733 0.558269858360291 0.546645998954773 0.529794096946716 0.521380186080933 0.517342865467072 0.497751235961914
0.314766824245453 0.285647481679916 0.230749517679214 0.204277396202087 0.1878652125597 0.193580985069275 0.205378234386444 0.249130517244339 0.209894388914108 0.223886221647263 0.197650775313377 0.273088097572327 0.371067017316818 0.400412261486053 0.357201874256134 0.293430119752884 0.301175504922867 0.321945607662201 0.442136853933334 0.370268970727921 0.349381178617477 0.472898662090302 0.556367158889771 0.569056808948517 0.580004632472992 0.464764952659607 0.382725328207016 0.40227347612381 0.475391268730164 0.509983777999878 0.471051573753357 0.539497196674347 0.587506175041199 0.546494662761688 0.534870266914368 0.629562675952911 0.516417503356934 0.510545074939728 0.582103073596954 0.606602609157562 0.548425376415253 0.540186107158661 0.526813745498657 0.530194461345673 0.539572775363922 0.541594743728638 0.56003999710083 0.554860889911652 0.557624459266663 0.545642018318176 0.543715536594391 0.524371087551117 0.510362207889557 0.492535561323166 0.493724793195724
0.361909955739975 0.296829611063004 0.222639083862305 0.211627066135406 0.194166034460068 0.201205298304558 0.221345469355583 0.258647829294205 0.203789368271828 0.200842320919037 0.208921015262604 0.374226272106171 0.405054479837418 0.325498044490814 0.316117495298386 0.399887710809708 0.358957707881927 0.325424522161484 0.372502565383911 0.353481382131577 0.470697164535522 0.542098045349121 0.560555756092072 0.521572828292847 0.503551721572876 0.527068257331848 0.416885614395142 0.357614547014236 0.394643813371658 0.385157912969589 0.432850182056427 0.569355964660645 0.498127311468124 0.536937415599823 0.548467099666595 0.612466216087341 0.616188645362854 0.512851476669312 0.515838384628296 0.530884385108948 0.510714054107666 0.500377237796783 0.509272992610931 0.499768972396851 0.486854314804077 0.515169680118561 0.54876720905304 0.564291954040527 0.560624063014984 0.558562278747559 0.537399768829346 0.506633400917053 0.477972120046616 0.467448025941849 -3.4e+38
0.34567266702652 0.249744683504105 0.228400737047195 0.220553368330002 0.203288286924362 0.218084335327148 0.251540273427963 0.258725047111511 0.200304955244064 0.205667272210121 0.247179612517357 0.364219009876251 0.386459946632385 0.311830103397369 0.286403179168701 0.414718836545944 0.477559804916382 0.366884708404541 0.335632175207138 0.345256865024567 0.577852189540863 0.490555465221405 0.521018862724304 0.542528867721558 0.269987672567368 0.264101833105087 0.45023176074028 0.377622693777084 0.483545243740082 0.524940371513367 0.478902846574783 0.51830792427063 0.577359676361084 0.526047885417938 0.530195653438568 0.592954456806183 0.556881248950958 0.590040147304535 0.523787498474121 0.501317083835602 0.505205988883972 0.492793411016464 0.47943377494812 0.475162625312805 0.477423697710037 0.48537003993988 0.534246444702148 0.563180208206177 0.55693107843399 0.54157567024231 0.529302716255188 0.502788007259369 0.470445305109024 0.456926792860031 -3.4e+38
0.293581426143646 0.273758322000504 0.259788900613785 0.219562917947769 0.241416126489639 0.240166947245598 0.280316472053528 0.216227918863297 0.206519410014153 0.264843136072159 0.219108685851097 0.274344384670258 0.397749692201614 0.376250565052032 0.335095763206482 0.40771809220314 0.394335329532623 0.473054558038712 0.416911363601685 0.484048932790756 0.563318729400635 0.580370128154755 0.514524102210999 0.528662979602814 0.29064068198204 0.275774538516998 0.243404269218445 0.246092244982719 0.52934193611145 0.537603080272675 0.488041430711746 0.44838735461235 0.525605499744415 0.519773840904236 0.540227055549622 0.531878292560577 0.522473037242889 0.509556174278259 0.515202164649963 0.525543808937073 0.523735821247101 0.511838316917419 0.494730949401855 0.489154756069183 0.472171515226364 0.510252237319946 0.535561382770538 0.544750094413757 0.556623458862305 0.545404314994812 0.516394734382629 0.507814943790436 0.491413593292236 0.459026277065277 -3.4e+38
0.311904519796371 0.276896059513092 0.256104499101639 0.22870047390461 0.247880309820175 0.26991018652916 0.228088900446892 0.243983760476112 0.267765790224075 0.25489068031311 0.206206113100052 0.286574810743332 0.447998821735382 0.418124318122864 0.387884646654129 0.353674590587616 0.335130929946899 0.390227735042572 0.489999860525131 0.552488327026367 0.575203955173492 0.568147480487823 0.522169649600983 0.537522435188293 0.509844839572906 0.543588936328888 0.280006587505341 0.247938960790634 0.287938833236694 0.475814670324326 0.475863665342331 0.485977172851562 0.542385995388031 0.534743666648865 0.519684970378876 0.541905879974365 0.522954940795898 0.508327305316925 0.522443294525146 0.518741607666016 0.515206873416901 0.538758277893066 0.51767885684967 0.492734551429749 0.497732430696487 0.518992900848389 0.532946348190308 0.53460705280304 0.543794691562653 0.538252890110016 0.522390365600586 0.516939222812653 0.493590116500854 -3.4e+38 -3.4e+38
0.292876154184341 0.287711292505264 0.278222590684891 0.275950968265533 0.27015882730484 0.243709564208984 0.227486401796341 0.248382642865181 0.230209350585938 0.260579168796539 0.200330764055252 0.234507545828819 0.335916191339493 0.362882435321808 0.408810526132584 0.459675580263138 0.353523313999176 0.282328844070435 0.434308916330338 0.526839315891266 0.527960002422333 0.563498079776764 0.579154193401337 0.498467475175858 0.263859957456589 0.289073616266251 0.518983840942383 0.267447084188461 0.255041748285294 0.472439050674438 0.541923880577087 0.544298946857452 0.508473455905914 0.545734941959381 0.589310348033905 0.534237146377563 0.534011363983154 0.549200236797333 0.532861530780792 0.534715592861176 0.541628003120422 0.528309047222137 0.538930118083954 0.5117307305336 0.52284574508667 0.519094944000244 0.520797491073608 0.534121632575989 0.539218783378601 0.523718059062958 0.519637286663055 0.519852876663208 0.510606467723846 -3.4e+38 -3.4e+38
0.339903980493546 0.286099880933762 0.275652289390564 0.254335910081863 0.256075114011765 0.22291225194931 0.224021911621094 0.203870415687561 0.219732642173767 0.223435148596764 0.21403931081295 0.248631551861763 0.359079301357269 0.303801327943802 0.306537449359894 0.415777176618576 0.376705586910248 0.306198716163635 0.331545561552048 0.381383270025253 0.516205132007599 0.46967151761055 0.496357470750809 0.489257365465164 0.512136280536652 0.254934519529343 0.267661154270172 0.26845309138298 0.240768432617188 0.458290606737137 0.536473155021667 0.493509232997894 0.491703301668167 0.644748508930206 0.578150451183319 0.593826651573181 0.546712636947632 0.537935674190521 0.554123103618622 0.553019344806671 0.54060560464859 0.535910785198212 0.530712842941284 0.539481163024902 0.538615047931671 0.535443246364594 0.539127767086029 0.5501469373703 0.537240862846375 0.523803114891052 0.534839987754822 -3.4e+38 -3.4e+38 -3.4e+38 -3.4e+38
0.282449066638947 0.270544528961182 0.293741405010223 0.31274539232254 0.319031715393066 0.279579788446426 0.261563271284103 0.305868744850159 0.261749416589737 0.243956118822098 0.205985367298126 0.265253722667694 0.342517852783203 0.275592148303986 0.257605075836182 0.432914316654205 0.357129335403442 0.280080407857895 0.289413690567017 0.323265433311462 0.397527605295181 0.405093640089035 0.547365307807922 0.490147322416306 0.467783093452454 0.252433031797409 0.240563973784447 0.219052597880363 0.246479406952858 0.463796943426132 0.520296692848206 0.48513787984848 0.625127494335175 0.61110919713974 0.594016015529633 0.564982891082764 0.583932399749756 0.542601525783539 0.56095564365387 0.549270629882812 0.547190487384796 0.54018622636795 0.550572454929352 0.548181533813477 0.534835338592529 0.539410471916199 0.552175641059875 0.550062119960785 0.541913330554962 0.527387082576752 -3.4e+38 -3.4e+38 -3.4e+38 -3.4e+38 -3.4e+38
0.283440917730331 0.281370162963867 0.30307337641716 0.280682444572449 0.250262290239334 0.251397222280502 0.267222285270691 0.300992071628571 0.23685921728611 0.228212147951126 0.238648995757103 0.270710825920105 0.263620436191559 0.240891844034195 0.304014772176743 0.423614233732224 0.455645143985748 0.393358945846558 0.423908114433289 0.360510796308517 0.184467449784279 0.443284749984741 0.423890024423599 0.539900660514832 0.489792019128799 0.498061656951904 0.474603533744812 0.482805520296097 0.480379521846771 0.251731127500534 0.473844468593597 0.53618848323822 0.620988547801971 0.642708241939545 0.607981562614441 0.587774276733398 0.559601247310638 0.55403208732605 0.559938967227936 0.56124883890152 0.553482353687286 0.552465677261353 0.553382694721222 0.56161105632782 0.544899106025696 0.547064661979675 0.555831015110016 0.55644690990448 0.548303842544556 -3.4e+38 -3.4e+38 -3.4e+38 -3.4e+38 -3.4e+38 -3.4e+38
0.281427174806595 0.331975936889648 0.311799794435501 0.296067297458649 0.303104937076569 0.268389225006104 0.248332381248474 0.232286468148232 0.22318708896637 0.22863082587719 0.227846965193748 0.25024950504303 0.223394215106964 0.23696856200695 0.309260964393616 0.386673837900162 0.436147719621658 0.419812202453613 0.455107659101486 0.344031721353531 0.173825979232788 0.377295702695847 0.445850819349289 0.529754400253296 0.552458643913269 0.475609987974167 0.430790066719055 0.447404682636261 0.284527808427811 0.452654331922531 0.438056200742722 0.463829070329666 0.544399797916412 0.56459254026413 0.607710659503937 0.618414878845215 0.623772203922272 0.567355990409851 0.564523220062256 0.561123907566071 0.564641356468201 0.553475022315979 0.560289263725281 0.567009031772614 0.56757789850235 0.559692084789276 -3.4e+38 -3.4e+38 -3.4e+38 -3.4e+38 -3.4e+38 -3.4e+38 -3.4e+38 -3.4e+38 -3.4e+38
0.279007941484451 0.322597086429596 0.294554084539413 0.304839164018631 0.334808766841888 0.268354862928391 0.221934571862221 0.210270717740059 0.236847057938576 0.240119978785515 0.218632161617279 0.222914010286331 0.281726449728012 0.291025251150131 0.279365450143814 0.290720999240875 0.375348150730133 0.406921118497849 0.449562847614288 0.332729548215866 0.193623051047325 0.179456233978271 0.363819658756256 0.213273674249649 0.420454829931259 0.399548918008804 0.257726818323135 0.425980061292648 0.259343326091766 0.4522944688797 0.45766294002533 0.546126306056976 0.630660235881805 0.593822121620178 0.566867053508759 0.626447439193726 0.538867652416229 0.55780017375946 0.564887344837189 0.575425684452057 0.567331790924072 0.560014367103577 0.565512597560883 0.574875771999359 0.568059742450714 0.568000793457031 -3.4e+38 -3.4e+38 -3.4e+38 -3.4e+38 -3.4e+38 -3.4e+38 -3.4e+38 -3.4e+38 -3.4e+38
0.300784468650818 0.270334303379059 0.305082231760025 0.253935396671295 0.237570539116859 0.227949231863022 0.247932001948357 0.25192865729332 0.291504442691803 0.234006822109222 0.243044525384903 0.244904294610023 0.295474797487259 0.395875960588455 0.422756612300873 0.300856322050095 0.317286610603333 0.332181602716446 0.363546371459961 0.410549879074097 0.361940532922745 0.180604368448257 0.0516458936035633 0.194409430027008 0.190293207764626 0.178220897912979 0.235297933220863 0.463787138462067 0.40427353978157 0.465939849615097 0.567464053630829 0.592851221561432 0.561509311199188 0.557056963443756 0.560553312301636 0.612312257289886 0.573609888553619 0.548383474349976 0.557378172874451 0.562024116516113 0.568006336688995 0.574892640113831 0.570956230163574 0.572240948677063 0.570678055286407 -3.4e+38 -3.4e+38 -3.4e+38 -3.4e+38 -3.4e+38 -3.4e+38 -3.4e+38 -3.4e+38 -3.4e+38 -3.4e+38
0.299899607896805 0.297392070293427 0.304683446884155 0.245219096541405 0.24885930120945 0.216523364186287 0.231454133987427 0.335908442735672 0.316898882389069 0.306963533163071 0.263273864984512 0.254393428564072 0.282789528369904 0.300932645797729 0.413125395774841 0.291042596101761 0.221153795719147 0.210659205913544 0.135113805532455 0.328084230422974 0.332902431488037 0.16583164036274 0.179656431078911 0.183024421334267 0.210579186677933 0.0537581071257591 0.189305439591408 0.383002489805222 0.528328239917755 0.518833816051483 0.501520156860352 0.580919444561005 0.535354554653168 0.501144349575043 0.518509387969971 0.546155035495758 0.578157901763916 0.559822976589203 0.556831121444702 0.549084067344666 0.545326888561249 0.554295063018799 0.511290490627289 0.527912616729736 0.526072323322296 -3.4e+38 -3.4e+38 -3.4e+38 -3.4e+38 -3.4e+38 -3.4e+38 -3.4e+38 -3.4e+38 -3.4e+38 -3.4e+38
0.29178786277771 0.306567579507828 0.339307129383087 0.290094166994095 0.230555817484856 0.244735568761826 0.281198233366013 0.299307376146317 0.259386867284775 0.2522212266922 0.233955577015877 0.239130586385727 0.25684717297554 0.28332331776619 0.271157652139664 0.256661593914032 0.264804422855377 0.251512914896011 0.302753627300262 0.384101301431656 0.416489005088806 0.411079704761505 0.34197860956192 0.339511662721634 0.187300696969032 0.214181214570999 0.208417609333992 0.181563705205917 0.211562275886536 0.408256679773331 0.462255418300629 0.521162867546082 0.55334061384201 0.534176290035248 0.534059405326843 0.517948150634766 0.521863162517548 0.52745646238327 0.534850418567657 0.532753765583038 0.54964005947113 0.509555697441101 0.525168418884277 0.533593952655792 -3.4e+38 -3.4e+38 -3.4e+38 -3.4e+38 -3.4e+38 -3.4e+38 -3.4e+38 -3.4e+38 -3.4e+38 -3.4e+38 -3.4e+38
0.302182823419571 0.315983772277832 0.289043009281158 0.341729611158371 0.317013800144196 0.289594918489456 0.229967370629311 0.246930629014969 0.240714967250824 0.248587504029274 0.241870313882828 0.224914774298668 0.236199870705605 0.290582358837128 0.277632832527161 0.258264064788818 0.327431678771973 0.359278500080109 0.284140259027481 0.256925225257874 0.147086948156357 0.157261803746223 0.327446043491364 0.176677584648132 0.164752542972565 0.17707547545433 0.185552224516869 0.18536052107811 0.341165214776993 0.378088653087616 0.438641786575317 0.535855770111084 0.538927435874939 0.519635438919067 0.548167705535889 0.580510675907135 0.535430312156677 0.507941961288452 0.521096885204315 0.530129432678223 0.479792147874832 0.482704132795334 0.532735347747803 0.54005628824234 -3.4e+38 -3.4e+38 -3.4e+38 -3.4e+38 -3.4e+38 -3.4e+38 -3.4e+38 -3.4e+38 -3.4e+38 -3.4e+38 -3.4e+38
0.324632257223129 0.275572925806046 0.252210646867752 0.328279763460159 0.303295314311981 0.300728142261505 0.206129193305969 0.256924420595169 0.264590382575989 0.248535096645355 0.24987567961216 0.225085362792015 0.250770062208176 0.287974298000336 0.276607811450958 0.298174172639847 0.328243762254715 0.324745267629623 0.344793528318405 0.281532198190689 0.155351147055626 0.130936205387115 0.170891880989075 0.14675609767437 0.0375330112874508 0.0419906191527843 0.161191374063492 0.180391579866409 0.339843362569809 0.368156433105469 0.457526504993439 0.500742077827454 0.541607320308685 0.55746203660965 0.540688276290894 0.526133954524994 0.518642127513885 0.500680387020111 0.512085676193237 0.454685300588608 0.467643916606903 0.472848236560822 0.509639143943787 0.532849133014679 -3.4e+38 0.558486700057983 -3.4e+38 -3.4e+38 -3.4e+38 -3.4e+38 -3.4e+38 -3.4e+38 -3.4e+38 -3.4e+38 -3.4e+38
0.215916693210602 0.189380660653114 0.248091384768486 0.337951332330704 0.351756632328033 0.325344294309616 0.288630127906799 0.247463956475258 0.29413053393364 0.340102702379227 0.283315449953079 0.244867205619812 0.294613569974899 0.310702532529831 0.287905812263489 0.353896051645279 0.328231394290924 0.275756686925888 0.233455896377563 0.119689360260963 0.128503039479256 0.143701374530792 0.321974962949753 0.348347961902618 0.154961451888084 0.0447076112031937 0.142935514450073 0.293112844228745 0.328052401542664 0.384298622608185 0.426919221878052 0.44924208521843 0.495894014835358 0.531713306903839 0.513838469982147 0.478770971298218 0.473777443170547 0.502513349056244 0.498657584190369 0.443750947713852 0.46248060464859 0.469116002321243 0.493118911981583 0.535830676555634 -3.4e+38 -3.4e+38 -3.4e+38 -3.4e+38 -3.4e+38 -3.4e+38 -3.4e+38 -3.4e+38 -3.4e+38 -3.4e+38 -3.4e+38
0.187959417700768 0.180905774235725 0.241353929042816 0.286917865276337 0.191292896866798 0.380168288946152 0.324019104242325 0.201777055859566 0.265369176864624 0.381257802248001 0.29423713684082 0.287308484315872 0.271239250898361 0.213874399662018 0.238279834389687 0.392475485801697 0.288637191057205 0.40445864200592 0.41983562707901 0.294475674629211 0.140556156635284 0.306488305330276 0.487701386213303 0.463344395160675 0.360287934541702 0.133369848132133 0.159542232751846 0.168226420879364 0.337621480226517 0.361695051193237 0.401776075363159 0.440380424261093 0.443064659833908 0.488434612751007 0.471085101366043 0.486763656139374 0.489621043205261 0.495061129331589 0.487092345952988 0.452343374490738 0.454158633947372 0.446270138025284 0.476453930139542 0.490131080150604 -3.4e+38 -3.4e+38 -3.4e+38 -3.4e+38 -3.4e+38 -3.4e+38 -3.4e+38 -3.4e+38 -3.4e+38 -3.4e+38 -3.4e+38
0.169807866215706 0.222894370555878 0.194821730256081 0.134478867053986 0.145218834280968 0.363768577575684 0.291842043399811 0.233817309141159 0.212834417819977 0.2317004352808 0.297741711139679 0.243811130523682 0.181507110595703 0.171470671892166 0.171189159154892 0.363158792257309 0.24643087387085 0.30703216791153 0.444700837135315 0.476122051477432 0.262523978948593 0.119140848517418 0.453136116266251 0.431415587663651 0.362651288509369 0.165403783321381 0.14664252102375 0.170248717069626 0.30261304974556 0.372361421585083 0.371032536029816 0.365646719932556 0.403557151556015 0.436451852321625 0.442627966403961 0.440594434738159 0.451506912708282 0.468825429677963 0.431754112243652 0.450044393539429 0.426844537258148 0.415962964296341 0.44872784614563 -3.4e+38 -3.4e+38 -3.4e+38 -3.4e+38 -3.4e+38 -3.4e+38 -3.4e+38 -3.4e+38 -3.4e+38 -3.4e+38 -3.4e+38 -3.4e+38
0.207636684179306 0.217883735895157 0.23291127383709 0.108031429350376 0.170641183853149 0.209315091371536 0.197908908128738 0.191468209028244 0.157780542969704 0.184850707650185 0.28792330622673 0.381885379552841 0.27456721663475 0.147848144173622 0.111627757549286 0.113582499325275 0.15166749060154 0.0812957659363747 0.300917863845825 0.123815014958382 0.128354206681252 0.111893229186535 0.277151882648468 0.146958529949188 0.11655617505312 0.121675506234169 0.306721597909927 0.275321841239929 0.271682739257812 0.329324334859848 0.376663863658905 0.394115060567856 0.361162334680557 0.382489800453186 0.391463249921799 0.417214304208755 0.434626787900925 0.470858424901962 0.420287698507309 0.423897624015808 0.426704823970795 0.428369671106339 -3.4e+38 -3.4e+38 -3.4e+38 -3.4e+38 -3.4e+38 -3.4e+38 -3.4e+38 -3.4e+38 -3.4e+38 -3.4e+38 -3.4e+38 -3.4e+38 -3.4e+38
