data/climate_estimation/maxent_output/Disporum_bodinieri.asc
NCOLS 212 
NROWS 136 
XLLCORNER 93.9166666666667 
YLLCORNER 22.25 
CELLSIZE 0.0833333333333333 
NODATA_value -3.4e+38 
[rows 0 to 19 of 136, columns 88 to 131 of 212]
0.0231869202107191 0.0136936893686652 0.0166553724557161 0.0287296511232853 0.0188178662210703 0.0267000142484903 0.0327017866075039 0.0421581007540226 0.0416844226419926 0.0483990535140038 0.0529650896787643 0.0497767403721809 0.0487167276442051 0.0475913062691689 0.0446286983788013 0.0387806482613087 0.0382585264742374 0.0358384922146797 0.0349320620298386 0.0333397127687931 0.0293187294155359 0.0297327097505331 0.0332554168999195 0.0398679003119469 0.0363673344254494 0.0450481623411179 0.0349572896957397 0.0540069080889225 0.0591655559837818 0.0677595511078835 0.0584021210670471 0.100909411907196 0.124835789203644 0.128021270036697 0.0722980722784996 0.0960466712713242 0.110713884234428 0.156792104244232 0.173526793718338 0.165555760264397 0.12899549305439 0.160984501242638 0.174843102693558 0.18492628633976
0.0238805636763573 0.0203826930373907 0.0269084293395281 0.0240236893296242 0.0255568027496338 0.0311076007783413 0.0387823358178139 0.0445751585066319 0.0488545522093773 0.0576894842088223 0.0551129244267941 0.0553902089595795 0.055589783936739 0.0566387474536896 0.0520470030605793 0.0465462617576122 0.0434919185936451 0.0438964888453484 0.0421733260154724 0.0395445786416531 0.0383516401052475 0.0361012443900108 0.0348805710673332 0.0354373157024384 0.0360705330967903 0.047927126288414 0.0439034514129162 0.0449912920594215 0.056368101388216 0.0593476668000221 0.0550965555012226 0.0753884837031364 0.0913944020867348 0.153836354613304 0.106609351933002 0.0913563072681427 0.140339940786362 0.153919786214828 0.152297139167786 0.17848864197731 0.196460455656052 0.173899948596954 0.135845258831978 0.144264429807663
0.016376405954361 0.0225813444703817 0.02981829456985 0.0292741376906633 0.0360880754888058 0.0395187176764011 0.0506640709936619 0.0523761436343193 0.0593973696231842 0.0615766644477844 0.0696121975779533 0.0658822730183601 0.0638500899076462 0.061607152223587 0.0579599142074585 0.0536860153079033 0.0482324846088886 0.0486816018819809 0.0460456199944019 0.0437655858695507 0.0457588471472263 0.044523362070322 0.0411592461168766 0.0397784970700741 0.0412496253848076 0.0507104657590389 0.0406829565763474 0.0449056103825569 0.0610837414860725 0.0702804625034332 0.0684544146060944 0.0676584765315056 0.092175118625164 0.158608168363571 0.136493727564812 0.132957443594933 0.141077682375908 0.176599502563477 0.168434217572212 0.190253913402557 0.21764187514782 0.218665406107903 0.196822240948677 0.173728719353676
0.0180184841156006 0.0270211026072502 0.0306474920362234 0.0353398658335209 0.0397546403110027 0.0421600937843323 0.0633002370595932 0.0853328108787537 0.0765489563345909 0.0820585042238235 0.0975219532847404 0.0636964216828346 0.0508365407586098 0.0628018081188202 0.0683593899011612 0.0623773373663425 0.0575163885951042 0.0555884093046188 0.0555725432932377 0.0549815259873867 0.0546583160758018 0.0505579821765423 0.0488554202020168 0.0460902191698551 0.044196467846632 0.055471308529377 0.0446392856538296 0.0474344380199909 0.0688134208321571 0.0758006274700165 0.130172073841095 0.133150666952133 0.16358794271946 0.116263270378113 0.202435627579689 0.210292831063271 0.177776888012886 0.216723993420601 0.206408783793449 0.19170019030571 0.238117352128029 0.254539996385574 0.264862984418869 0.273858964443207
0.0195307396352291 0.0197655595839024 0.0429754368960857 0.0393045395612717 0.0542204454541206 0.0586718842387199 0.0582733862102032 0.0800546556711197 0.0845847204327583 0.0891413614153862 0.0810560062527657 0.0613424032926559 0.044941920787096 0.0565571524202824 0.0739940404891968 0.0784203261137009 0.067242331802845 0.0665232241153717 0.0641650557518005 0.0664758905768394 0.0605616942048073 0.0601648204028606 0.0540640205144882 0.0538102127611637 0.0493363477289677 0.0620061866939068 0.0473462529480457 0.060053888708353 0.0703786686062813 0.0935592353343964 0.0768579989671707 0.133151024580002 0.135386481881142 0.109046272933483 0.159334748983383 0.234611928462982 0.231186717748642 0.252233386039734 0.271982580423355 0.211504086852074 0.23133684694767 0.274289101362228 0.285541474819183 0.297346204519272
0.0302721280604601 0.0267030503600836 0.0475734248757362 0.0426166616380215 0.0426092892885208 0.0560064725577831 0.0358690172433853 0.056422520428896 0.094422772526741 0.10984143614769 0.0834162384271622 0.0692172795534134 0.0671203881502151 0.0555215813219547 0.0786950066685677 0.0836004316806793 0.0850661173462868 0.0803499594330788 0.0779079273343086 0.066944882273674 0.0694255009293556 0.0690181478857994 0.0672051906585693 0.0676293522119522 0.0662962719798088 0.0564805455505848 0.057244636118412 0.0618655979633331 0.0665328279137611 0.0928404927253723 0.0720418617129326 0.116765320301056 0.108039014041424 0.137395530939102 0.210496366024017 0.269601106643677 0.298748075962067 0.301638901233673 0.303484559059143 0.295781552791595 0.311811149120331 0.326922506093979 0.268281847238541 0.314224004745483
0.048627283424139 0.045049361884594 0.0596191249787807 0.0923413559794426 0.0790570750832558 0.0372110903263092 0.0349468030035496 0.0548228323459625 0.0791532620787621 0.0847492814064026 0.0989073663949966 0.0974052548408508 0.0798723623156548 0.0602826401591301 0.0724613443017006 0.0946149751543999 0.0936912149190903 0.0684666335582733 0.0730237066745758 0.074896328151226 0.0823948308825493 0.0842874348163605 0.0795205906033516 0.0704941526055336 0.0653478652238846 0.065377913415432 0.0666571259498596 0.083774708211422 0.070974089205265 0.0941404178738594 0.0711101517081261 0.0897790342569351 0.100505523383617 0.156270697712898 0.231427580118179 0.27136418223381 0.249845594167709 0.353866428136826 0.345062553882599 0.362212628126144 0.355192691087723 0.385920524597168 0.378158301115036 0.321960359811783
0.0413176864385605 0.0542067624628544 0.0708722397685051 0.0935948863625526 0.140905141830444 0.127232179045677 0.093318447470665 0.0491653792560101 0.0755203738808632 0.0711988508701324 0.0988032519817352 0.100815162062645 0.0994712561368942 0.0651910006999969 0.0711159110069275 0.0958706364035606 0.096000999212265 0.078515961766243 0.0820895582437515 0.0673088878393173 0.0849171727895737 0.0894231274724007 0.0989124104380608 0.0931619256734848 0.0732467323541641 0.0864426046609879 0.0932648777961731 0.103571064770222 0.0978590175509453 0.122439444065094 0.0861857011914253 0.070619098842144 0.107303269207478 0.166766420006752 0.214521363377571 0.267281472682953 0.249729186296463 0.331690758466721 0.403224110603333 0.441806495189667 0.423672735691071 0.469914942979813 0.469779968261719 0.460483968257904
0.0423985198140144 0.0620619878172874 0.0516247414052486 0.0596224293112755 0.0884710699319839 0.139671236276627 0.142789840698242 0.0757743492722511 0.0906782746315002 0.0856603309512138 0.108759917318821 0.108789190649986 0.115087918937206 0.0775398761034012 0.0965726301074028 0.106415778398514 0.113171868026257 0.0952049717307091 0.09674172103405 0.086176872253418 0.0797180384397507 0.105618737637997 0.0998757109045982 0.088869109749794 0.0958681628108025 0.111718125641346 0.115642443299294 0.129381597042084 0.127499729394913 0.133325040340424 0.0903939977288246 0.0818047076463699 0.106044217944145 0.136335805058479 0.230229675769806 0.256409674882889 0.260933846235275 0.400209754705429 0.447087168693542 0.457819730043411 0.512180507183075 0.511728763580322 0.510302484035492 0.557046711444855
0.0428627319633961 0.0417221151292324 0.100738421082497 0.0712053254246712 0.0992916151881218 0.0967179611325264 0.0852434560656548 0.167271628975868 0.102962270379066 0.116537593305111 0.109065413475037 0.084106557071209 0.0886091142892838 0.102726951241493 0.132355287671089 0.13976326584816 0.120609052479267 0.098527804017067 0.0985499694943428 0.108863949775696 0.0916788280010223 0.0909112617373466 0.125391364097595 0.109041154384613 0.124613128602505 0.13465379178524 0.111049301922321 0.144711375236511 0.16273358464241 0.148944035172462 0.116688080132008 0.191040098667145 0.189451158046722 0.182060182094574 0.219015836715698 0.357191175222397 0.337321579456329 0.269409358501434 0.371761500835419 0.511517584323883 0.556896388530731 0.5799880027771 0.608799040317535 0.64361035823822
0.0579578690230846 0.0401458442211151 0.0939591601490974 0.0834917649626732 0.119431257247925 0.108621850609779 0.0988651439547539 0.188737839460373 0.160393744707108 0.15709413588047 0.130197450518608 0.134015738964081 0.161060780286789 0.139289349317551 0.119863495230675 0.127832621335983 0.116467766463757 0.115873880684376 0.121478922665119 0.0974104851484299 0.0930169224739075 0.112875133752823 0.14965745806694 0.152383282780647 0.154409736394882 0.153081491589546 0.131044998764992 0.16773983836174 0.190988674759865 0.141344532370567 0.109076894819736 0.117701813578606 0.253777980804443 0.378163188695908 0.335226267576218 0.331235468387604 0.361546039581299 0.460714370012283 0.501369476318359 0.451804548501968 0.43958181142807 0.593068182468414 0.66899448633194 0.715301036834717
0.115330412983894 0.101082034409046 0.111355312168598 0.167300701141357 0.0967278257012367 0.127142637968063 0.158104494214058 0.141677424311638 0.118293739855289 0.153604030609131 0.160021364688873 0.153661176562309 0.188064992427826 0.14594279229641 0.13078248500824 0.106325387954712 0.131962284445763 0.11840994656086 0.0880438685417175 0.0962756872177124 0.109827488660812 0.152664870023727 0.167075887322426 0.12507900595665 0.156312599778175 0.205237254500389 0.16520231962204 0.217048510909081 0.216701537370682 0.169067069888115 0.129766583442688 0.107470378279686 0.23024183511734 0.330800563097 0.52875018119812 0.476556807756424 0.371681988239288 0.449472159147263 0.657004952430725 0.724410116672516 0.578693151473999 0.671469032764435 0.680346488952637 0.750733196735382
0.0730261504650116 0.0959021672606468 0.136064425110817 0.149090155959129 0.175829827785492 0.148214504122734 0.11933197081089 0.113970823585987 0.144305184483528 0.160932824015617 0.181968957185745 0.139104768633842 0.168754011392593 0.179613575339317 0.138967037200928 0.154115691781044 0.130789801478386 0.0953894779086113 0.0836886018514633 0.0964758694171906 0.154375001788139 0.195705190300941 0.141997143626213 0.163351759314537 0.16445703804493 0.225464969873428 0.226517602801323 0.247874543070793 0.274203091859818 0.215664625167847 0.160898998379707 0.282302796840668 0.382570862770081 0.568477809429169 0.695071458816528 0.740104675292969 0.704174995422363 0.704964995384216 0.732643723487854 0.840880572795868 0.687950432300568 0.75496232509613 0.861844778060913 0.874986469745636
0.056177880614996 0.0820233747363091 0.0958081483840942 0.179821401834488 0.118077151477337 0.097208097577095 0.114565812051296 0.145109534263611 0.142827838659286 0.192378893494606 0.207813143730164 0.151749715209007 0.168867513537407 0.201455727219582 0.169170722365379 0.162199348211288 0.104142665863037 0.084232933819294 0.100292958319187 0.12740820646286 0.123856961727142 0.160560011863708 0.27124547958374 0.226516559720039 0.231577709317207 0.25037407875061 0.279784440994263 0.225829854607582 0.275084137916565 0.326414555311203 0.157588198781013 0.243190228939056 0.307108104228973 0.488873422145844 0.560775935649872 0.904186844825745 0.875350594520569 0.942449808120728 0.923690319061279 0.935076773166656 0.899796068668365 0.931763112545013 0.950985968112946 0.960170090198517
0.0642193779349327 0.0558135807514191 0.0726912021636963 0.141448333859444 0.170771226286888 0.111556842923164 0.137226566672325 0.134201005101204 0.188868060708046 0.171426028013229 0.193784475326538 0.169923439621925 0.208835512399673 0.202258571982384 0.194566532969475 0.166370660066605 0.10105773806572 0.106085903942585 0.114741235971451 0.107009142637253 0.107322834432125 0.211201101541519 0.330858439207077 0.249440237879753 0.302113741636276 0.262881845235825 0.336197644472122 0.351616084575653 0.380563795566559 0.410629034042358 0.302792608737946 0.39098796248436 0.46149879693985 0.511423707008362 0.685148119926453 0.864875197410583 0.934881746768951 0.9486403465271 0.960411548614502 0.98278671503067 0.980441093444824 0.982786118984222 0.965900957584381 0.91478019952774
0.115335516631603 0.0984500795602798 0.0822026655077934 0.111493408679962 0.178820535540581 0.10064222663641 0.161841556429863 0.148774236440659 0.174656912684441 0.2272619754076 0.127220809459686 0.148510619997978 0.191152766346931 0.170999452471733 0.201337531208992 0.144678607583046 0.0940734222531319 0.0966167822480202 0.160074785351753 0.235010415315628 0.139031335711479 0.245048329234123 0.417187303304672 0.305054932832718 0.354904055595398 0.278642058372498 0.358902543783188 0.37871640920639 0.391615897417068 0.467282772064209 0.38079971075058 0.414455205202103 0.522555410861969 0.666471481323242 0.72146475315094 0.661838591098785 0.864116191864014 0.88280063867569 0.968982100486755 0.974347949028015 0.987437784671783 0.96870368719101 0.980495989322662 0.985745012760162
0.105656273663044 0.091625414788723 0.124103359878063 0.28926482796669 0.359780371189117 0.214138835668564 0.350128889083862 0.378872841596603 0.443843245506287 0.40017768740654 0.357921957969666 0.273061484098434 0.130185633897781 0.122506782412529 0.186300948262215 0.164668470621109 0.143442064523697 0.156048163771629 0.111792355775833 0.283302932977676 0.283620685338974 0.279749661684036 0.46466526389122 0.457923352718353 0.297371596097946 0.264554053544998 0.351344108581543 0.37488642334938 0.274875581264496 0.437226444482803 0.506868660449982 0.621304512023926 0.805986106395721 0.830602467060089 0.965878069400787 0.873880684375763 0.933011054992676 0.989180505275726 0.988616108894348 0.988791286945343 0.990587949752808 0.984216868877411 0.972271621227264 0.976749777793884
0.0785755589604378 0.0897509306669235 0.20674966275692 0.161039888858795 0.206734836101532 0.389856487512589 0.286052852869034 0.266553550958633 0.216302141547203 0.493909627199173 0.327152371406555 0.414200782775879 0.227377474308014 0.150182992219925 0.138502970337868 0.224758133292198 0.174537047743797 0.39022970199585 0.408205419778824 0.443385809659958 0.50590568780899 0.323037266731262 0.496955871582031 0.546112418174744 0.398266464471817 0.310932248830795 0.291414499282837 0.439768582582474 0.499641746282578 0.563957512378693 0.513876676559448 0.5842644572258 0.684546887874603 0.720011293888092 0.987836241722107 0.969629228115082 0.943737089633942 0.989775121212006 0.989714324474335 0.973897337913513 0.978317975997925 0.976228356361389 0.960338771343231 0.974823534488678
0.0713052302598953 0.111661978065968 0.124651603400707 0.126808688044548 0.200611427426338 0.156485065817833 0.165543541312218 0.181353554129601 0.323808640241623 0.466644763946533 0.1272032558918 0.152642458677292 0.154198586940765 0.12779138982296 0.1198351085186 0.195747196674347 0.251004368066788 0.296032875776291 0.272814333438873 0.322014182806015 0.529677748680115 0.493872255086899 0.510473489761353 0.561872065067291 0.609689831733704 0.503932237625122 0.362343311309814 0.375315696001053 0.606219708919525 0.654371678829193 0.514944791793823 0.749044954776764 0.92481917142868 0.946851134300232 0.994689226150513 0.991626918315887 0.992931067943573 0.990336000919342 0.987053692340851 0.979875147342682 0.974642992019653 0.967792510986328 0.955760359764099 0.982128202915192
0.0704953372478485 0.0736230835318565 0.104887120425701 0.0985268503427505 0.111065693199635 0.0833169966936111 0.0950396731495857 0.0991448760032654 0.261072725057602 0.603365957736969 0.487762898206711 0.404392629861832 0.258294880390167 0.165175005793571 0.177661955356598 0.190249964594841 0.298472762107849 0.30359348654747 0.221190109848976 0.28276327252388 0.340186417102814 0.33461606502533 0.354002386331558 0.420402199029922 0.578356146812439 0.705724358558655 0.644035458564758 0.551128625869751 0.625475943088531 0.727537035942078 0.614485323429108 0.811958193778992 0.847300291061401 0.992446064949036 0.992297410964966 0.990120351314545 0.984761655330658 0.984559655189514 0.987220346927643 0.983265936374664 0.947351813316345 0.977912425994873 0.952953040599823 0.911666452884674
