data/climate_estimation/maxent_output/Disporum_sessile.asc
NCOLS 225 
NROWS 222 
XLLCORNER 126.083333333333 
YLLCORNER 27.3333333333333 
CELLSIZE 0.0833333333333333 
NODATA_value -3.4e+38 
[rows 92 to 114 of 222, columns 0 to 51 of 225]
0.00250888150185347 0.00249366974458098 0.00247877975925803 0.00246911332942545 0.00319907953962684 0.00414816336706281 0.00543816294521093 0.00544127076864243 0.00548670720309019 0.00720945047214627 0.0095481788739562 0.00958164967596531 0.0124165890738368 0.0163685139268637 0.0165261272341013 0.0277690757066011 0.0359646715223789 0.0472662635147572 0.028706070035696 0.0224724039435387 0.0292143747210503 0.029529208317399 0.0300267916172743 0.0396487452089787 0.14173711836338 0.114632375538349 0.501134812831879 0.511589169502258 0.514612913131714 0.558705747127533 0.586316049098969 -3.4e+38 -3.4e+38 -3.4e+38 -3.4e+38 -3.4e+38 -3.4e+38 -3.4e+38 -3.4e+38 -3.4e+38 -3.4e+38 -3.4e+38 -3.4e+38 -3.4e+38 -3.4e+38 -3.4e+38 -3.4e+38 -3.4e+38 -3.4e+38 -3.4e+38 -3.4e+38 -3.4e+38
0.00250227376818657 0.00251364475116134 0.00249274680390954 0.00246819946914911 0.00319087994284928 0.0041474043391645 0.00415662815794349 0.00549903605133295 0.0055118934251368 0.00732004037126899 0.00959370750933886 0.00967411231249571 0.0126887019723654 0.0126415174454451 0.016667889431119 0.0216704569756985 0.0363588891923428 0.0368416421115398 0.0221632365137339 0.0222930815070868 0.0291950795799494 0.0381762273609638 0.0300346370786428 0.03965899720788 0.0522719696164131 0.146487072110176 0.37281259894371 0.519483745098114 0.522666811943054 0.558637857437134 0.584141969680786 0.597477376461029 -3.4e+38 -3.4e+38 -3.4e+38 -3.4e+38 -3.4e+38 -3.4e+38 -3.4e+38 -3.4e+38 -3.4e+38 -3.4e+38 -3.4e+38 -3.4e+38 -3.4e+38 -3.4e+38 -3.4e+38 -3.4e+38 -3.4e+38 -3.4e+38 -3.4e+38 -3.4e+38
0.00334302522242069 0.00333069055341184 0.00331020122393966 0.00326302112080157 0.00322388717904687 0.00319701852276921 0.00421240227296948 0.00558292213827372 0.0073366523720324 0.00739870313555002 0.00962993409484625 0.0127214454114437 0.0165550708770752 0.0128727918490767 0.016832834109664 0.028216315433383 0.0365098044276237 0.0371212959289551 0.0222466979175806 0.0174200907349586 0.0227283220738173 0.0298053845763206 0.0388801768422127 0.0518148988485336 0.112036921083927 0.36627459526062 0.304294168949127 0.526458740234375 0.527786612510681 0.542151272296906 0.561947107315063 0.583395481109619 0.605108320713043 -3.4e+38 -3.4e+38 -3.4e+38 -3.4e+38 -3.4e+38 -3.4e+38 -3.4e+38 -3.4e+38 -3.4e+38 -3.4e+38 -3.4e+38 -3.4e+38 -3.4e+38 -3.4e+38 -3.4e+38 -3.4e+38 -3.4e+38 -3.4e+38 -3.4e+38
0.00338173448108137 0.00336956745013595 0.00334945600479841 0.00332915782928467 0.00434958888217807 0.00428831065073609 0.00563588598743081 0.00566227035596967 0.00745925214141607 0.00973288808017969 0.0127826184034348 0.0128760756924748 0.0166367888450623 0.0169395264238119 0.0219416990876198 0.0286392271518707 0.0285955034196377 0.0225830804556608 0.0225230883806944 0.0176349766552448 0.0299293231219053 0.0388563871383667 0.065483383834362 0.0515220127999783 0.2911317050457 0.450828522443771 0.459262758493423 0.512745916843414 0.520801663398743 0.521627306938171 0.545297384262085 0.570636689662933 0.605137288570404 0.617564558982849 -3.4e+38 -3.4e+38 -3.4e+38 -3.4e+38 -3.4e+38 -3.4e+38 -3.4e+38 -3.4e+38 -3.4e+38 -3.4e+38 -3.4e+38 -3.4e+38 -3.4e+38 -3.4e+38 -3.4e+38 -3.4e+38 -3.4e+38 -3.4e+38
0.0044709169305861 0.0044709169305861 0.0044709169305861 0.00582706276327372 0.00584121700376272 0.00578474998474121 0.00576423294842243 0.00754754431545734 0.0099403066560626 0.0130257606506348 0.0169365257024765 0.0170438699424267 0.0170628130435944 0.022295193746686 0.0286805164068937 0.0224535390734673 0.0225321371108294 0.0229436196386814 0.0227213464677334 0.0228584390133619 0.0387921184301376 0.0391510240733624 0.0401006042957306 0.0521704480051994 0.0684551224112511 0.298726618289948 0.50115180015564 0.515551686286926 0.521834194660187 0.468703836202621 0.525628626346588 0.547357380390167 0.588995516300201 0.617593288421631 0.627678453922272 -3.4e+38 -3.4e+38 -3.4e+38 -3.4e+38 -3.4e+38 -3.4e+38 -3.4e+38 -3.4e+38 -3.4e+38 -3.4e+38 -3.4e+38 -3.4e+38 -3.4e+38 -3.4e+38 -3.4e+38 -3.4e+38 -3.4e+38
0.00449692364782095 0.00598041713237762 0.00593198416754603 0.00589662371203303 0.00772991869598627 0.00778476521372795 0.0101890526711941 0.0100930752232671 0.010057826526463 0.0131000811234117 0.0170344989746809 0.0225113686174154 0.0226232148706913 0.0226472094655037 0.0224555134773254 0.0226992666721344 0.0226440858095884 0.0230015441775322 0.0230840668082237 0.0232212822884321 0.0304906498640776 0.0308217015117407 0.0404044762253761 0.0675230622291565 0.146403834223747 0.190728083252907 0.505193054676056 0.517786026000977 0.513658463954926 0.52177232503891 0.529881596565247 0.527471363544464 0.571756899356842 0.606537044048309 0.613206505775452 0.618824541568756 -3.4e+38 -3.4e+38 -3.4e+38 -3.4e+38 -3.4e+38 -3.4e+38 -3.4e+38 -3.4e+38 -3.4e+38 -3.4e+38 -3.4e+38 -3.4e+38 -3.4e+38 -3.4e+38 -3.4e+38 -3.4e+38
-3.4e+38 0.00601573102176189 0.0079040015116334 0.00788610987365246 0.010359083302319 0.0103465532884002 0.0136190364137292 0.0134900817647576 0.0133635317906737 0.0175849460065365 0.0227365922182798 0.0231713689863682 0.0230405181646347 0.0231722537428141 0.0299603473395109 0.0231137648224831 0.0296307969838381 0.0296632926911116 0.0300590060651302 0.0300919637084007 0.0304187517613173 0.0394478477537632 0.0518844462931156 0.0680308863520622 0.147843465209007 0.300643533468246 0.498325109481812 0.509161591529846 0.527941465377808 0.536040544509888 0.525762557983398 0.526604950428009 0.548453390598297 0.562154650688171 0.591276109218597 0.618853092193604 0.627814710140228 -3.4e+38 -3.4e+38 -3.4e+38 -3.4e+38 -3.4e+38 -3.4e+38 -3.4e+38 -3.4e+38 -3.4e+38 -3.4e+38 -3.4e+38 -3.4e+38 -3.4e+38 -3.4e+38 -3.4e+38
-3.4e+38 -3.4e+38 0.0105045884847641 0.013874439522624 0.013874439522624 0.0183152854442596 0.018127391114831 0.0179796982556581 0.0177641212940216 0.0177920609712601 0.0235338043421507 0.0235828422009945 0.0233090985566378 0.0307229999452829 0.0304624307900667 0.0304650831967592 0.0303521696478128 0.0504410825669765 0.0398665331304073 0.0306147299706936 0.0397468768060207 0.0672703683376312 0.0406071431934834 0.0532235689461231 0.0901353508234024 0.242297619581223 0.502229750156403 0.512101471424103 0.524678230285645 0.525935709476471 0.523744165897369 0.538138031959534 0.540067851543427 0.551608502864838 0.575017094612122 0.605514705181122 0.621029376983643 -3.4e+38 -3.4e+38 -3.4e+38 -3.4e+38 -3.4e+38 -3.4e+38 -3.4e+38 -3.4e+38 -3.4e+38 -3.4e+38 -3.4e+38 -3.4e+38 -3.4e+38 -3.4e+38 -3.4e+38
-3.4e+38 -3.4e+38 -3.4e+38 0.0183120425790548 0.0184227917343378 0.0182678606361151 0.0240131095051765 0.0237943287938833 0.0237176287919283 0.0236161388456821 0.030647037550807 0.0306938476860523 0.0310797430574894 0.0397066213190556 0.0309700965881348 0.0401513688266277 0.0404873415827751 0.0312882177531719 0.0310962349176407 0.0403377041220665 0.0401398129761219 0.0403377041220665 0.0411093197762966 0.0534866489470005 0.148125320672989 0.302188336849213 0.455586582422256 0.464988112449646 0.517195582389832 0.521941184997559 0.541361451148987 0.544380366802216 0.551727175712585 0.54955005645752 0.542786657810211 0.59453547000885 0.619773387908936 0.624489843845367 -3.4e+38 -3.4e+38 -3.4e+38 -3.4e+38 -3.4e+38 -3.4e+38 -3.4e+38 -3.4e+38 -3.4e+38 -3.4e+38 -3.4e+38 -3.4e+38 -3.4e+38 -3.4e+38
-3.4e+38 -3.4e+38 -3.4e+38 0.02423813380301 0.0241184048354626 -3.4e+38 0.0242167264223099 0.0316202528774738 0.0313339792191982 0.0310029126703739 0.0407803766429424 0.0400599986314774 0.0406553782522678 0.0405625402927399 0.0406728945672512 0.040419589728117 0.0406223312020302 0.031497310847044 0.0316596813499928 0.0407328456640244 0.0408721566200256 0.0411711074411869 0.0415515452623367 0.186443015933037 0.188320517539978 0.374386101961136 0.459428787231445 0.389312714338303 0.467051535844803 0.529717147350311 0.533323049545288 0.554632484912872 0.548660755157471 0.547556459903717 0.546213567256927 0.582571685314178 0.606524586677551 0.61653059720993 0.624281644821167 -3.4e+38 -3.4e+38 -3.4e+38 -3.4e+38 -3.4e+38 -3.4e+38 -3.4e+38 -3.4e+38 -3.4e+38 -3.4e+38 -3.4e+38 -3.4e+38 -3.4e+38
0.024456650018692 -3.4e+38 0.0321218781173229 -3.4e+38 0.0321246720850468 0.032097902148962 0.0418960861861706 0.0418632812798023 0.0317032188177109 0.0412514545023441 0.0409092754125595 0.0409198477864265 0.0407944321632385 0.0410452894866467 0.052804958075285 0.0536403320729733 0.0419052951037884 0.0419497713446617 0.0416893362998962 0.0416104011237621 0.0416139848530293 0.0534429252147675 0.0895724594593048 0.185983642935753 0.238302603363991 0.192494064569473 0.195456892251968 0.315643638372421 0.312913030385971 0.393889039754868 0.534339666366577 0.541044354438782 0.543481349945068 0.544445991516113 0.546264469623566 0.577189862728119 0.581481575965881 0.599945664405823 0.622339069843292 -3.4e+38 -3.4e+38 -3.4e+38 -3.4e+38 -3.4e+38 -3.4e+38 -3.4e+38 -3.4e+38 -3.4e+38 -3.4e+38 -3.4e+38 -3.4e+38 -3.4e+38
0.0321486704051495 0.0323034897446632 0.0423724688589573 0.032470341771841 0.0422390662133694 0.0422427020967007 0.0419991426169872 0.0418668873608112 0.0419770963490009 0.0413924977183342 0.0412585586309433 0.0413312427699566 0.0411392115056515 0.053631205111742 0.0538212768733501 0.0545377321541309 0.0550677590072155 0.0419275276362896 0.0419125109910965 0.0419311374425888 0.054288100451231 0.0693933963775635 0.146251305937767 0.147766500711441 0.1492959856987 0.150463208556175 0.154227301478386 0.155885890126228 0.253604799509048 0.318217217922211 0.476685881614685 0.534086942672729 0.536332845687866 0.536132514476776 0.541153252124786 0.569764852523804 0.565287411212921 0.580304622650146 0.611667037010193 0.638064086437225 -3.4e+38 -3.4e+38 -3.4e+38 -3.4e+38 -3.4e+38 -3.4e+38 -3.4e+38 -3.4e+38 -3.4e+38 -3.4e+38 -3.4e+38 -3.4e+38
0.0427527204155922 -3.4e+38 0.0426218137145042 0.0562800653278828 -3.4e+38 0.055967453867197 0.0557889901101589 0.0554695911705494 0.0554384328424931 0.0419478416442871 0.0417131260037422 0.041664220392704 0.0416492931544781 0.0546676106750965 0.0544035211205482 0.0545377321541309 0.0546769127249718 0.0547523684799671 0.0419275276362896 0.0541498810052872 0.0420981012284756 0.0545962527394295 0.0701292529702187 0.0908034965395927 0.0711137726902962 0.0927398204803467 0.153575390577316 0.15438736975193 0.198065862059593 0.25205984711647 0.315469771623611 0.479738265275955 0.541462540626526 0.537343680858612 0.545434594154358 0.55817449092865 0.575109302997589 0.592203736305237 0.62172132730484 0.638014316558838 -3.4e+38 -3.4e+38 -3.4e+38 -3.4e+38 -3.4e+38 -3.4e+38 -3.4e+38 -3.4e+38 -3.4e+38 -3.4e+38 -3.4e+38 -3.4e+38
-3.4e+38 -3.4e+38 -3.4e+38 0.0735854804515839 0.0735978037118912 0.0739733949303627 -3.4e+38 -3.4e+38 0.0558998584747314 0.0556707009673119 0.042148906737566 0.0419281087815762 0.0421634204685688 0.0551189482212067 0.0551189482212067 0.0547262690961361 0.0548565834760666 0.0553990378975868 0.0548612512648106 0.0541941672563553 0.0544572696089745 0.0426611267030239 0.0551678687334061 0.0709267929196358 0.0716842785477638 0.0921159610152245 0.0719589367508888 0.0938247591257095 0.197113111615181 0.310373514890671 0.385809153318405 0.47228679060936 0.53519606590271 0.541580975055695 0.548800706863403 0.559253633022308 0.559088706970215 0.57289731502533 0.613357305526733 0.641194641590118 0.655595183372498 -3.4e+38 -3.4e+38 -3.4e+38 -3.4e+38 -3.4e+38 -3.4e+38 -3.4e+38 -3.4e+38 -3.4e+38 -3.4e+38 -3.4e+38
-3.4e+38 -3.4e+38 0.096724346280098 0.0961827263236046 0.0961985439062119 0.0966876596212387 0.0963903665542603 0.0739417225122452 0.0737036913633347 0.0563492625951767 0.0560623034834862 0.0557720176875591 0.0561334677040577 0.0554879121482372 0.0719284489750862 0.0708243995904922 0.0554458126425743 0.0554200634360313 0.0710051655769348 0.0544526390731335 0.055631835013628 0.0425767302513123 0.0548064671456814 0.0553943440318108 0.055112786591053 0.0718979686498642 0.0714169517159462 0.0928992182016373 0.374913722276688 0.24515737593174 0.123357735574245 0.124415501952171 0.321628570556641 0.39956471323967 0.547001361846924 0.559797585010529 0.568701028823853 0.581461727619171 0.603372097015381 0.638762950897217 -3.4e+38 -3.4e+38 -3.4e+38 -3.4e+38 -3.4e+38 -3.4e+38 -3.4e+38 -3.4e+38 -3.4e+38 -3.4e+38 -3.4e+38 -3.4e+38
0.125889033079147 0.124891065061092 0.124911159276962 0.125225886702538 0.125551462173462 0.125266194343567 0.125204652547836 0.0964062213897705 0.0746687427163124 0.0743000581860542 0.0738555490970612 0.0739035978913307 0.0735617578029633 0.0729311183094978 0.0926082581281662 0.0930723994970322 0.0557909831404686 0.0554200634360313 0.0547262690961361 0.0543186329305172 0.0553538128733635 0.0552035719156265 0.055112786591053 0.0706200376152992 0.0907436236739159 0.150596007704735 0.15094918012619 0.117694772779942 0.191538736224174 0.0564247630536556 0.0575408972799778 0.0757370963692665 0.127160772681236 0.208443954586983 0.332084029912949 0.549225270748138 0.564569354057312 0.575091540813446 0.596862018108368 0.626174867153168 0.643999099731445 -3.4e+38 -3.4e+38 -3.4e+38 -3.4e+38 -3.4e+38 -3.4e+38 -3.4e+38 -3.4e+38 -3.4e+38 -3.4e+38 -3.4e+38
0.126278191804886 0.162694647908211 0.162694647908211 0.16272009909153 0.163124397397041 0.162661597132683 0.160165131092072 0.125826105475426 0.0976424366235733 0.0976504608988762 0.0747298076748848 0.0747846662998199 0.0739750266075134 0.0948057994246483 0.0949538350105286 0.0942898765206337 0.0727067068219185 0.0557391867041588 0.0557650774717331 0.0707040131092072 0.0552129596471786 0.0551174730062485 0.0707824975252151 0.116613805294037 0.0902830585837364 0.149131968617439 0.150674313306808 0.150114104151726 0.0925595983862877 0.0434120669960976 0.0445972681045532 0.0583845674991608 0.097729004919529 0.162116140127182 0.328754872083664 0.494687080383301 0.562049567699432 0.577891945838928 0.590355336666107 0.622763514518738 0.6407590508461 -3.4e+38 -3.4e+38 -3.4e+38 -3.4e+38 -3.4e+38 -3.4e+38 -3.4e+38 -3.4e+38 -3.4e+38 -3.4e+38 -3.4e+38
0.163604736328125 0.163956195116043 0.163465693593025 0.209262236952782 0.209771364927292 0.162648871541023 0.203185424208641 0.126830995082855 0.127113908529282 0.124868780374527 0.124898917973042 0.122934728860855 0.0966000109910965 0.124406903982162 0.095576599240303 0.0956801101565361 0.0733548477292061 0.0722820684313774 0.0923808142542839 0.0706921592354774 0.0712594091892242 0.0911266133189201 0.116319246590137 0.116966791450977 0.0551747642457485 0.0710419267416 0.0552292540669441 0.0552743934094906 0.0331538505852222 0.0257964879274368 0.0440703555941582 0.0446088239550591 0.0597093924880028 0.0779502540826797 0.165723651647568 0.26965805888176 0.342287093400955 0.572664201259613 0.585835099220276 0.618618547916412 0.636152148246765 -3.4e+38 -3.4e+38 -3.4e+38 -3.4e+38 -3.4e+38 -3.4e+38 -3.4e+38 -3.4e+38 -3.4e+38 -3.4e+38 -3.4e+38
-3.4e+38 0.21201778948307 0.210841849446297 0.210841849446297 0.211402103304863 0.208705589175224 0.208245888352394 0.16337376832962 0.163007140159607 0.163437649607658 0.159772485494614 0.200593933463097 0.159594863653183 0.124322921037674 0.124643057584763 0.123496614396572 0.095357358455658 0.092991054058075 0.0921463072299957 0.092658743262291 0.0922544375061989 0.0911115854978561 0.117540664970875 0.054989404976368 0.0553014166653156 0.0331060811877251 0.0253972671926022 0.0255909785628319 0.0259062498807907 0.025671249255538 0.0338206067681313 0.0267479084432125 0.0459354966878891 0.0609647557139397 0.101774230599403 0.170856043696404 0.277087092399597 0.51417601108551 0.53001880645752 0.604617595672607 0.628504872322083 -3.4e+38 -3.4e+38 -3.4e+38 -3.4e+38 -3.4e+38 -3.4e+38 -3.4e+38 -3.4e+38 -3.4e+38 -3.4e+38 -3.4e+38
-3.4e+38 -3.4e+38 0.268955379724503 0.268955379724503 0.211386159062386 0.210281580686569 0.209213554859161 0.209754258394241 0.207075893878937 0.205067068338394 0.161292865872383 0.204021990299225 0.161142662167549 0.16133725643158 0.124612972140312 0.123872362077236 0.122403375804424 0.0943982899188995 0.120037324726582 0.0928715318441391 0.0915686190128326 0.150482162833214 0.0913783609867096 0.0550296753644943 0.0331060811877251 0.0332654342055321 0.0255944952368736 0.0255864877253771 0.0196916069835424 0.0200233366340399 0.0202401094138622 0.0206387992948294 0.0270698480308056 0.0358681045472622 0.0790497362613678 0.103842981159687 0.172985747456551 0.513826727867126 0.52809751033783 0.454281181097031 0.607996165752411 -3.4e+38 -3.4e+38 -3.4e+38 -3.4e+38 -3.4e+38 -3.4e+38 -3.4e+38 -3.4e+38 -3.4e+38 -3.4e+38 -3.4e+38
-339999999999999996123846586046231871488.000000000000000 -3.4e+38 0.268918126821518 0.269569367170334 0.26823502779007 0.267516195774078 0.263784885406494 0.263094782829285 0.262406140565872 0.260047674179077 0.206021949648857 0.207531735301018 0.161371454596519 0.161299362778664 0.161384090781212 0.160513758659363 0.123852424323559 0.122744582593441 0.121265716850758 0.0941377729177475 0.0722289085388184 0.0922743156552315 0.092787429690361 0.0557522587478161 0.0430984757840633 0.03354137763381 0.0255842413753271 0.0195214860141277 0.025519747287035 0.0257029458880424 0.020012591034174 0.0203047078102827 0.0345474854111671 0.0352755486965179 0.0601572245359421 0.0799488872289658 0.214870780706406 0.34630423784256 0.359294533729553 0.453059673309326 0.553868591785431 -3.4e+38 -3.4e+38 -3.4e+38 -3.4e+38 -3.4e+38 -3.4e+38 -3.4e+38 -3.4e+38 -3.4e+38 -3.4e+38 -3.4e+38
-3.4e+38 -3.4e+38 -3.4e+38 0.340036153793335 0.268808901309967 0.267496883869171 0.333823263645172 0.327085971832275 0.263736069202423 0.263649106025696 0.208734646439552 0.207626327872276 0.206303581595421 0.258647322654724 0.205911591649055 0.160450920462608 0.160151675343513 0.123395532369614 0.123797468841076 0.0946529060602188 0.0946451127529144 0.0937784165143967 0.0723090171813965 0.0560226999223232 0.0437797494232655 0.0331365577876568 0.019523810595274 0.0196038689464331 0.0151342181488872 0.015191063284874 0.0153153222054243 0.0203909408301115 0.0263355635106564 0.0580985881388187 0.0769858285784721 0.101240687072277 0.171750217676163 0.342825353145599 0.289577335119247 0.457771301269531 0.559249877929688 -3.4e+38 -3.4e+38 -3.4e+38 -3.4e+38 -3.4e+38 -3.4e+38 -3.4e+38 -3.4e+38 -3.4e+38 -3.4e+38 -3.4e+38
-3.4e+38 -3.4e+38 0.426061868667603 0.342026352882385 -3.4e+38 0.337563872337341 0.412152677774429 0.410556137561798 0.333777040243149 0.266350597143173 0.26518914103508 0.266549736261368 0.265169978141785 0.262902200222015 0.263273477554321 0.20624116063118 0.2049261033535 0.160397857427597 0.124453596770763 0.123858362436295 0.0953968018293381 0.122417412698269 0.0940525829792023 0.0727155283093452 0.0436032153666019 0.0329749435186386 0.0257338639348745 0.01950678601861 0.0150575153529644 0.0151816178113222 0.0153026571497321 0.0154596632346511 0.026509677991271 0.0442376248538494 0.0588569194078445 0.100900270044804 0.168480142951012 0.344275921583176 0.525104820728302 0.375959306955338 -3.4e+38 -3.4e+38 -3.4e+38 -3.4e+38 -3.4e+38 -3.4e+38 -3.4e+38 -3.4e+38 -3.4e+38 -3.4e+38 -3.4e+38 -3.4e+38
