data/climate_estimation/maxent_output/Disporum_smilacinum.asc
NCOLS 206 
NROWS 149 
XLLCORNER 127.583333333333 
YLLCORNER 31.4166666666667 
CELLSIZE 0.0833333333333334 
NODATA_value -3.4e+38 
[rows 96 to 119 of 149, columns 55 to 109 of 206]
-3.4e+38 -3.4e+38 -3.4e+38 -3.4e+38 -3.4e+38 -3.4e+38 -3.4e+38 -3.4e+38 -3.4e+38 -3.4e+38 -3.4e+38 -3.4e+38 -3.4e+38 -3.4e+38 -3.4e+38 -3.4e+38 -3.4e+38 -3.4e+38 -3.4e+38 -3.4e+38 -3.4e+38 -3.4e+38 -3.4e+38 -3.4e+38 -3.4e+38 -3.4e+38 -3.4e+38 -3.4e+38 -3.4e+38 -3.4e+38 -3.4e+38 -3.4e+38 -3.4e+38 -3.4e+38 -3.4e+38 -3.4e+38 0.626684069633484 0.291013777256012 -3.4e+38 -3.4e+38 -3.4e+38 -3.4e+38 -3.4e+38 -3.4e+38 -3.4e+38 -3.4e+38 0.560289323329926 0.668319225311279 0.659806787967682 0.681017458438873 0.746283888816833 0.728595674037933 0.731388866901398 0.735725462436676 0.723559141159058
-3.4e+38 -3.4e+38 -3.4e+38 -3.4e+38 -3.4e+38 -3.4e+38 -3.4e+38 -3.4e+38 -3.4e+38 -3.4e+38 -3.4e+38 -3.4e+38 -3.4e+38 -3.4e+38 -3.4e+38 -3.4e+38 -3.4e+38 -3.4e+38 -3.4e+38 -3.4e+38 -3.4e+38 -3.4e+38 -3.4e+38 -3.4e+38 -3.4e+38 -3.4e+38 -3.4e+38 -3.4e+38 -3.4e+38 -3.4e+38 -3.4e+38 -3.4e+38 -3.4e+38 0.448692947626114 0.348505347967148 0.5196692943573 0.654074966907501 0.413320362567902 -3.4e+38 0.28963828086853 -3.4e+38 -3.4e+38 -3.4e+38 -3.4e+38 -3.4e+38 0.641100406646729 0.652189612388611 0.671662986278534 0.755561292171478 0.736868858337402 0.735670208930969 0.757226824760437 0.745128214359283 0.749951243400574 0.73907458782196
-3.4e+38 -3.4e+38 -3.4e+38 -3.4e+38 -3.4e+38 -3.4e+38 -3.4e+38 -3.4e+38 -3.4e+38 -3.4e+38 -3.4e+38 0.49965113401413 -3.4e+38 -3.4e+38 -3.4e+38 -3.4e+38 -3.4e+38 -3.4e+38 -3.4e+38 -3.4e+38 -3.4e+38 -3.4e+38 -3.4e+38 -3.4e+38 -3.4e+38 0.284942358732224 0.445247888565063 0.410653293132782 0.637129247188568 0.447772204875946 0.484290242195129 0.412815719842911 0.350027769804001 0.379988491535187 0.413740992546082 0.629064321517944 0.64985454082489 0.289885073900223 -3.4e+38 0.305514931678772 -3.4e+38 -3.4e+38 -3.4e+38 0.348267376422882 0.365167051553726 0.584054827690125 0.641796588897705 0.658377110958099 0.757041752338409 0.736672580242157 0.745703279972076 0.7496697306633 0.748517572879791 0.760016202926636 0.758359909057617
-3.4e+38 -3.4e+38 -3.4e+38 -3.4e+38 -3.4e+38 -3.4e+38 -3.4e+38 -3.4e+38 0.60183322429657 0.59435498714447 0.59435498714447 0.601807534694672 0.545559704303741 0.58380788564682 -3.4e+38 0.514923691749573 0.561180114746094 0.525916457176208 0.42131307721138 -3.4e+38 0.362585693597794 0.36653208732605 0.334618598222733 0.279097706079483 0.27811187505722 0.408343136310577 0.597391784191132 0.648254752159119 0.650395631790161 0.674247264862061 0.648169994354248 0.320343166589737 0.413750052452087 0.638571381568909 0.636787176132202 0.410975784063339 0.411545008420944 0.483989506959915 0.599773645401001 0.59812319278717 0.254800498485565 0.44731193780899 0.544666945934296 0.39901676774025 0.43388244509697 0.756674528121948 0.693322956562042 0.748625338077545 0.744179844856262 0.750862717628479 0.730055809020996 0.747936010360718 0.757500767707825 0.675637722015381 0.497147023677826
-3.4e+38 -3.4e+38 -3.4e+38 -3.4e+38 -3.4e+38 0.59676319360733 0.602147698402405 0.590005695819855 0.511783242225647 0.402260422706604 0.378303587436676 0.407893627882004 0.406017959117889 0.474477171897888 0.510657370090485 0.626031994819641 0.666560173034668 0.660253942012787 0.58539891242981 0.395995050668716 0.437995612621307 0.646225571632385 0.63224583864212 0.553801357746124 0.312204092741013 0.444971561431885 0.694484889507294 0.710626721382141 0.695652842521667 0.699770033359528 0.643036961555481 0.321360230445862 0.48630228638649 0.563811600208282 0.675350785255432 0.673201084136963 0.581470191478729 0.364212363958359 0.395844519138336 0.656450271606445 0.540542304515839 0.536442160606384 0.498562455177307 0.615793585777283 0.730088233947754 0.688116669654846 0.727464020252228 0.650747418403625 0.531649827957153 0.652264833450317 0.742635548114777 0.747558414936066 0.744115471839905 0.282469749450684 0.23311747610569
-3.4e+38 -3.4e+38 -3.4e+38 -3.4e+38 -3.4e+38 0.578028917312622 0.574697971343994 0.546891868114471 0.517379760742188 0.634912192821503 0.652279317378998 0.649566531181335 0.624004244804382 0.571145713329315 0.613292753696442 0.662710070610046 0.722000658512115 0.739775240421295 0.747838735580444 0.745354413986206 0.663319170475006 0.74461430311203 0.735952138900757 0.675179541110992 0.411167800426483 0.625301003456116 0.680652976036072 0.736794352531433 0.733808398246765 0.696038782596588 0.643554866313934 0.449417114257812 0.668859243392944 0.67806875705719 0.670027136802673 0.432223796844482 0.363635540008545 0.464666128158569 0.653470277786255 0.672487020492554 0.682710766792297 0.674589276313782 0.67458313703537 0.751385033130646 0.755349516868591 0.653227746486664 0.420803725719452 0.386605829000473 0.385488152503967 0.537683963775635 0.742822229862213 0.74621456861496 0.42398265004158 0.252240717411041 0.207600012421608
-3.4e+38 -3.4e+38 -3.4e+38 -3.4e+38 0.58714634180069 0.620294868946075 0.625949263572693 0.647319376468658 0.635151565074921 0.647511601448059 0.677275836467743 0.66890811920166 0.672782778739929 0.666330635547638 0.747469305992126 0.749998331069946 0.742757320404053 0.738048017024994 0.744445443153381 0.744511723518372 0.731896996498108 0.729739904403687 0.727799236774445 0.740475237369537 0.75202351808548 0.748434364795685 0.726357340812683 0.735753774642944 0.726390361785889 0.751102924346924 0.687479853630066 0.673293769359589 0.660528540611267 0.663059890270233 0.464729428291321 0.304634541273117 0.328536987304688 0.458606392145157 0.652956426143646 0.752664625644684 0.751010775566101 0.753687620162964 0.747223198413849 0.742377102375031 0.746699094772339 0.750552177429199 0.430338859558105 0.429080545902252 0.461500912904739 0.719761490821838 0.747632384300232 0.746888995170593 0.743585705757141 0.248462557792664 0.224594950675964
-3.4e+38 -3.4e+38 -3.4e+38 0.649086713790894 0.611763119697571 0.662055969238281 0.663978636264801 0.676846742630005 0.671668469905853 0.666748225688934 0.678821921348572 0.684460759162903 0.693544507026672 0.746271550655365 0.745008111000061 0.738846242427826 0.726248443126678 0.731413543224335 0.744584560394287 0.726866066455841 0.735983371734619 0.734168946743011 0.745002686977386 0.739482402801514 0.746252536773682 0.740840196609497 0.723053693771362 0.725700676441193 0.737207770347595 0.748890995979309 0.734371781349182 0.750930726528168 0.746311664581299 0.749228119850159 0.623900413513184 0.46867647767067 0.580568730831146 0.661580979824066 0.698658585548401 0.726944625377655 0.741842806339264 0.744653522968292 0.748950481414795 0.738378882408142 0.740092575550079 0.395552486181259 0.363059043884277 0.392631083726883 0.45898362994194 0.715695440769196 0.736418008804321 0.742384374141693 0.740650475025177 0.445588707923889 0.243551984429359
-3.4e+38 -3.4e+38 0.581531047821045 0.608575582504272 0.645328164100647 0.680032074451447 0.679900705814362 0.687196910381317 0.690661251544952 0.689590275287628 0.69029426574707 0.696500837802887 0.730736374855042 0.740431368350983 0.73244971036911 0.727513432502747 0.730643808841705 0.736984133720398 0.741698622703552 0.741207540035248 0.740085303783417 0.740033328533173 0.738305270671844 0.741762280464172 0.742545008659363 0.743915438652039 0.744451105594635 0.74452131986618 0.744025707244873 0.741898655891418 0.73693060874939 0.745728433132172 0.74574214220047 0.736128032207489 0.537718415260315 0.695372402667999 0.733567774295807 0.734158158302307 0.731568038463593 0.460144907236099 0.614088475704193 0.739908218383789 0.744129240512848 0.743945062160492 0.656619727611542 0.32871749997139 0.357067942619324 0.418319165706635 0.52083683013916 0.741952180862427 0.733897507190704 0.734503626823425 0.58753502368927 0.51275622844696 0.28761613368988
0.516727685928345 0.549266040325165 0.615953624248505 0.635154068470001 0.636909067630768 0.654356360435486 0.679212152957916 0.690212666988373 0.694439053535461 0.696037471294403 0.702234447002411 0.724912405014038 0.718433737754822 0.719910025596619 0.737961053848267 0.737521171569824 0.739674627780914 0.738255023956299 0.736787915229797 0.731611371040344 0.734479367733002 0.513095736503601 0.431898981332779 0.465480893850327 0.540024757385254 0.696335256099701 0.657258450984955 0.735446631908417 0.729471623897552 0.740818858146667 0.735826790332794 0.727020084857941 0.727081000804901 0.456464678049088 0.714246034622192 0.730978429317474 0.730946063995361 0.732972681522369 0.739508867263794 0.729954600334167 0.299371808767319 0.739532470703125 0.35239389538765 0.382185518741608 0.413901954889297 0.298391401767731 0.41411891579628 0.48147588968277 0.590519726276398 0.737876415252686 0.71776270866394 0.735986530780792 0.506972670555115 0.430753141641617 0.336952745914459
0.551161766052246 0.591245770454407 0.624187350273132 0.636299431324005 0.673190414905548 0.660961747169495 0.686138868331909 0.68651407957077 0.68785035610199 0.735166609287262 0.733269393444061 0.736129581928253 0.730725526809692 0.732850730419159 0.737606167793274 0.73617297410965 0.735753536224365 0.734696686267853 0.733354568481445 0.726321280002594 0.733249843120575 0.721825361251831 0.62152087688446 0.475408673286438 0.73116809129715 0.724656999111176 0.625393211841583 0.663687527179718 0.514213800430298 0.588063478469849 0.478579312562943 0.444666564464569 0.478969752788544 0.412104189395905 0.588777244091034 0.664391279220581 0.664845526218414 0.702317953109741 0.664428293704987 0.72685045003891 0.726871967315674 0.701687812805176 0.127157256007195 0.1704381108284 0.47792848944664 0.444032102823257 0.736400723457336 0.701052129268646 0.662982881069183 0.735665082931519 0.729844510555267 0.734043717384338 0.564054727554321 0.482648402452469 0.422188818454742
0.604470551013947 0.622222602367401 0.667343378067017 0.671860039234161 0.673713564872742 0.667067587375641 0.662072360515594 0.675427079200745 0.740099251270294 0.741179943084717 0.74094557762146 0.73275238275528 0.735772728919983 0.737089157104492 0.734936892986298 0.734846830368042 0.733030796051025 0.729126691818237 0.731639802455902 0.727605700492859 0.657131850719452 0.618799567222595 0.619203269481659 0.619989633560181 0.720729470252991 0.659102976322174 0.440687537193298 0.622090578079224 0.377178698778152 0.319508850574493 0.347315460443497 0.408297717571259 0.377442389726639 0.377751410007477 0.476173549890518 0.512103378772736 0.512562155723572 0.624246716499329 0.410640001296997 0.587095856666565 0.410348176956177 0.225044444203377 0.114684738218784 0.169839352369308 0.408865094184875 0.734212458133698 0.734547138214111 0.734011709690094 0.661140143871307 0.734316825866699 0.732637703418732 0.568402051925659 0.512669622898102 0.470658540725708 -3.4e+38
0.671677112579346 0.682400584220886 0.688169896602631 0.678669452667236 0.68208521604538 0.675235092639923 0.655224561691284 0.736189007759094 0.730904459953308 0.732287228107452 0.738255023956299 0.734868943691254 0.733594179153442 0.734866261482239 0.734027981758118 0.731671392917633 0.729436993598938 0.726032316684723 0.728923916816711 0.725594162940979 0.579288184642792 0.403995841741562 0.344069689512253 0.437179088592529 0.437552392482758 0.618490099906921 0.405651122331619 0.345488995313644 0.290943890810013 0.242677465081215 0.26513808965683 0.3162562251091 0.373330950737 0.438403457403183 0.507912337779999 0.731077373027802 0.73341566324234 0.733794748783112 0.219976887106895 0.151688978075981 0.125080347061157 0.113580837845802 0.18657785654068 0.154217258095741 0.441083997488022 0.730436205863953 0.733517646789551 0.622401654720306 0.660145282745361 0.732822299003601 0.731337785720825 0.483145982027054 0.467544376850128 0.462394416332245 -3.4e+38
0.686454474925995 0.677471399307251 0.68428236246109 0.677653551101685 0.667447507381439 0.671374082565308 0.736651122570038 0.733157157897949 0.737347781658173 0.735873818397522 0.735559821128845 0.734740078449249 0.729068517684937 0.729463279247284 0.731547892093658 0.729418575763702 0.728474497795105 0.692441880702972 0.470074832439423 0.372343897819519 0.315223723649979 0.342718869447708 0.263845384120941 0.315363675355911 0.342884689569473 0.315946072340012 0.241195946931839 0.289216279983521 0.311042755842209 -3.4e+38 -3.4e+38 0.339731305837631 0.398960620164871 0.501756608486176 0.538205444812775 0.693573176860809 0.656721830368042 0.339462965726852 0.216323882341385 0.181103959679604 0.136147677898407 0.151915654540062 0.319781988859177 0.154124796390533 0.440989017486572 0.73160856962204 0.584216833114624 0.510358572006226 0.731441915035248 0.729143142700195 0.643556535243988 0.469967275857925 0.452505439519882 -3.4e+38 -3.4e+38
0.678608477115631 0.668068528175354 0.668151438236237 0.667193531990051 0.667506217956543 0.734871804714203 0.729972660541534 0.732084393501282 0.735259234905243 0.73451030254364 0.733274459838867 0.731919765472412 0.731032192707062 0.728394746780396 0.720023632049561 0.616913616657257 0.541178226470947 0.504366815090179 0.312792301177979 0.284074276685715 0.23358254134655 0.237705945968628 0.237676009535789 0.28634187579155 0.261883705854416 -3.4e+38 -3.4e+38 0.310769438743591 0.338673561811447 0.282886058092117 -3.4e+38 -3.4e+38 -3.4e+38 0.572127163410187 0.493695974349976 0.42278328537941 0.320418059825897 -3.4e+38 -3.4e+38 0.280313819646835 0.198644459247589 0.242551311850548 0.293172091245651 0.167543455958366 0.722808957099915 0.733164191246033 0.731687903404236 0.728592991828918 0.730511128902435 0.720102190971375 0.668326199054718 0.490050315856934 0.441361427307129 0.399125546216965 -3.4e+38
0.719233691692352 0.729121387004852 0.725849747657776 0.717228472232819 0.726194620132446 0.729329466819763 0.7326899766922 0.733753383159637 0.732987880706787 0.731717884540558 0.73129791021347 0.724104702472687 0.63971996307373 0.403103202581406 0.315151512622833 0.342314898967743 0.402328193187714 0.370997250080109 0.239183038473129 0.298337250947952 0.272506296634674 0.331756681203842 0.304291427135468 -3.4e+38 0.573136389255524 0.72591507434845 0.461249887943268 -3.4e+38 -3.4e+38 -3.4e+38 -3.4e+38 -3.4e+38 0.660680890083313 0.704843938350677 0.51849365234375 -3.4e+38 -3.4e+38 -3.4e+38 0.378853589296341 0.381044536828995 0.304124295711517 0.281960308551788 0.285634458065033 0.214874923229218 0.616363704204559 0.729402244091034 0.72727906703949 0.718757748603821 0.718610823154449 0.710301458835602 0.704204857349396 0.683595180511475 0.466288536787033 0.424511432647705 0.411874502897263
0.715786337852478 0.728824496269226 0.71156257390976 0.527333557605743 0.697850942611694 0.720467746257782 0.72386908531189 0.72185355424881 0.718116343021393 0.712951719760895 0.719393908977509 0.70205295085907 0.434691578149796 0.401905506849289 0.341808646917343 0.262166649103165 0.313148528337479 0.256534606218338 0.200684368610382 0.247336089611053 0.387535393238068 0.240543127059937 0.382944583892822 0.350688487291336 0.422986775636673 0.565198063850403 0.450329601764679 -3.4e+38 -3.4e+38 -3.4e+38 -3.4e+38 0.561905682086945 0.604250252246857 0.681571662425995 -3.4e+38 -3.4e+38 -3.4e+38 0.365566521883011 0.40247505903244 0.443693816661835 0.451137900352478 0.708804368972778 0.71746152639389 0.42062771320343 0.719286680221558 0.716349422931671 0.70721971988678 0.7008957862854 0.69002640247345 0.690053224563599 0.67443859577179 0.653381764888763 0.607221961021423 0.519311249256134 0.634862661361694
0.727204740047455 0.721621990203857 0.374160677194595 0.239921525120735 0.491071730852127 0.720417976379395 0.702881813049316 0.718763709068298 0.666261792182922 0.43204665184021 0.400010675191879 0.434069752693176 0.285424023866653 0.31274002790451 0.433823883533478 0.256436794996262 0.258375495672226 0.27716401219368 0.324156641960144 0.167110741138458 0.221481889486313 0.495004385709763 0.278483390808105 0.429468512535095 0.419265031814575 0.354836404323578 -3.4e+38 -3.4e+38 -3.4e+38 -3.4e+38 0.376683801412582 0.552084982395172 0.587666869163513 -3.4e+38 -3.4e+38 -3.4e+38 0.355525434017181 0.42804029583931 0.680070459842682 0.710050761699677 0.709043681621552 0.704853415489197 0.698736727237701 0.6939936876297 0.69856071472168 0.697669923305511 0.677688956260681 0.669222712516785 0.677698850631714 0.672753691673279 0.654109060764313 0.647215366363525 0.659227073192596 0.627693951129913 0.626951098442078
0.712773084640503 0.633260905742645 0.399872392416 0.432205200195312 0.684676468372345 0.711782276630402 0.704078614711761 0.414947420358658 0.331173002719879 0.329365581274033 0.395145207643509 0.364890247583389 0.335559457540512 -3.4e+38 -3.4e+38 -3.4e+38 0.246100515127182 0.22029621899128 0.289528012275696 0.164016291499138 0.253562569618225 0.42834135890007 0.375158399343491 0.479140788316727 0.47595277428627 0.476162761449814 0.336687415838242 -3.4e+38 -3.4e+38 -3.4e+38 0.471552491188049 0.574912905693054 0.659672975540161 0.566216170787811 0.364971339702606 0.441595733165741 0.599367260932922 0.602547407150269 0.683547675609589 0.682986199855804 0.683210492134094 0.688058912754059 0.689017355442047 0.688930630683899 0.668759286403656 0.66333931684494 0.664726972579956 0.651462614536285 0.661718904972076 0.654746472835541 0.643291831016541 0.621975660324097 0.606142342090607 0.577658891677856 0.487953573465347
0.549608051776886 0.426413655281067 0.679190874099731 0.425126850605011 0.496704399585724 0.425168961286545 0.434214442968369 0.364970743656158 0.350275367498398 0.324284613132477 0.421677619218826 0.29875174164772 0.252509027719498 0.297711461782455 -3.4e+38 -3.4e+38 0.222251147031784 0.347142368555069 0.308060526847839 0.370444238185883 0.468989014625549 0.614160895347595 0.682415544986725 0.683161318302155 0.68182235956192 0.672254621982574 0.660915434360504 0.666820108890533 0.648942172527313 0.305787950754166 0.390463262796402 0.653550148010254 0.64437347650528 -3.4e+38 -3.4e+38 0.286738634109497 0.309518069028854 0.437307268381119 0.667196094989777 0.679448902606964 0.673330962657928 0.661704421043396 0.667164325714111 0.659949243068695 0.644266366958618 0.634953856468201 0.641789555549622 0.626824975013733 0.640163838863373 0.570636630058289 0.567335784435272 0.548160314559937 0.393024563789368 -3.4e+38 -3.4e+38
0.504863381385803 -3.4e+38 0.501248896121979 0.534924328327179 0.448562681674957 0.312391549348831 0.250131696462631 0.302144914865494 0.251817017793655 0.255748271942139 0.318687975406647 0.24468295276165 0.235992833971977 -3.4e+38 -3.4e+38 -3.4e+38 0.229438126087189 0.297451704740524 0.295853465795517 0.650939285755157 0.698657274246216 0.694812417030334 0.686042964458466 0.682997226715088 0.672484040260315 0.655077159404755 0.643857479095459 0.417675733566284 0.323754906654358 0.270785808563232 -3.4e+38 0.376708477735519 -3.4e+38 -3.4e+38 -3.4e+38 0.448851585388184 0.649224102497101 0.661148905754089 0.664395451545715 0.662405550479889 0.652846992015839 0.638028502464294 0.643705368041992 0.644587457180023 0.619585514068604 0.631840944290161 0.631487369537354 0.626037657260895 0.54442423582077 0.453381836414337 -3.4e+38 -3.4e+38 -3.4e+38 -3.4e+38 -3.4e+38
0.621893525123596 -3.4e+38 0.370953381061554 0.280298441648483 0.310016989707947 0.259253859519958 -3.4e+38 0.388775318861008 0.58523416519165 0.332791060209274 0.224580705165863 -3.4e+38 -3.4e+38 -3.4e+38 -3.4e+38 -3.4e+38 0.237141728401184 0.666933417320251 0.691479623317719 0.690278172492981 0.682507753372192 0.672680914402008 0.657319605350494 0.648944556713104 0.65370237827301 0.638752460479736 0.629979252815247 0.581386804580688 0.437256664037704 0.368548035621643 -3.4e+38 -3.4e+38 -3.4e+38 -3.4e+38 -3.4e+38 0.400558203458786 0.584493041038513 0.638228476047516 0.651508390903473 0.637920737266541 0.627878665924072 0.618571519851685 0.631434500217438 0.629108846187592 0.616037607192993 0.619132518768311 0.614807665348053 0.597390830516815 0.517854154109955 0.447303056716919 -3.4e+38 -3.4e+38 -3.4e+38 -3.4e+38 -3.4e+38
0.606542110443115 0.598866939544678 0.372708946466446 0.371739387512207 0.279624074697495 0.341580182313919 0.283527255058289 0.568636000156403 0.709236264228821 0.7102952003479 0.383677572011948 0.222787797451019 0.266937702894211 0.287791103124619 0.605012834072113 0.693341434001923 0.688223481178284 0.684109032154083 0.68118292093277 0.674193739891052 0.670254230499268 0.658108532428741 0.657451927661896 0.64837372303009 0.643601596355438 0.642787516117096 0.638764381408691 0.63628089427948 0.606425106525421 0.399746119976044 0.389097183942795 -3.4e+38 -3.4e+38 -3.4e+38 0.494983285665512 0.583888292312622 0.611169934272766 0.611276388168335 0.629698276519775 0.62213546037674 0.616473734378815 0.611403286457062 0.616584420204163 0.608152270317078 0.6080002784729 0.578508973121643 0.568119764328003 0.55159068107605 0.479184180498123 0.444539487361908 -3.4e+38 -3.4e+38 -3.4e+38 -3.4e+38 -3.4e+38
0.654820621013641 0.443572580814362 0.397192597389221 -3.4e+38 0.248584315180779 -3.4e+38 0.276573091745377 0.557608902454376 0.696575999259949 0.702196538448334 0.599287092685699 0.624192416667938 0.67747974395752 0.689611315727234 0.676491618156433 0.67887157201767 0.673473536968231 0.672033548355103 0.663162052631378 0.658851146697998 0.650913834571838 0.639553546905518 0.636165797710419 0.635275661945343 0.629633247852325 0.625928401947021 0.61870402097702 0.610891580581665 0.563494443893433 0.511196911334991 0.425544768571854 0.396951794624329 -3.4e+38 -3.4e+38 0.511086583137512 0.553846061229706 0.544942557811737 0.560080826282501 0.582053244113922 0.592849135398865 0.584586560726166 0.589862108230591 0.578023612499237 0.560949683189392 0.53550124168396 0.536465764045715 0.506135404109955 0.465595126152039 0.44272780418396 -3.4e+38 -3.4e+38 -3.4e+38 -3.4e+38 -3.4e+38 -3.4e+38
