data/climate_estimation/maxent_output/Disporum_bodinieri.asc
NCOLS 212 
NROWS 136 
XLLCORNER 93.9166666666667 
YLLCORNER 22.25 
CELLSIZE 0.0833333333333333 
NODATA_value -3.4e+38 
[rows 80 to 99 of 136, columns 88 to 131 of 212]
0.617980420589447 0.629032135009766 0.411934554576874 0.514184772968292 0.634943544864655 0.460075944662094 0.660754561424255 0.666639745235443 0.551920771598816 0.518229782581329 0.490563690662384 0.714483559131622 0.721117079257965 0.74016398191452 0.735244989395142 0.743100106716156 0.763534128665924 0.709036707878113 0.746646344661713 0.667689263820648 0.487570405006409 0.823416173458099 0.838278114795685 0.846554756164551 0.861585557460785 0.870318710803986 0.881011009216309 0.73780083656311 0.901373386383057 0.884028017520905 0.857267796993256 0.87060159444809 0.870914280414581 0.870682418346405 0.869709312915802 0.869114279747009 0.856524527072906 0.879456341266632 0.875223219394684 0.886779606342316 0.867056667804718 0.875731348991394 0.894603490829468 0.904729664325714
0.525534331798553 0.505443632602692 0.444538682699203 0.646302938461304 0.623984515666962 0.490387678146362 0.427107214927673 0.548920750617981 0.414802581071854 0.389333188533783 0.516378343105316 0.71902060508728 0.703803539276123 0.724628388881683 0.726743578910828 0.744035124778748 0.759279310703278 0.775896728038788 0.76494961977005 0.793393671512604 0.41562357544899 0.538089513778687 0.82163542509079 0.821573853492737 0.845774590969086 0.865492701530457 0.795809984207153 0.765093445777893 0.879457354545593 0.8038569688797 0.862266778945923 0.847182095050812 0.877888321876526 0.862151026725769 0.846447587013245 0.866859972476959 0.849068522453308 0.86778062582016 0.867306590080261 0.888940274715424 0.903388917446136 0.854875862598419 0.888963520526886 0.912129342556
0.502544641494751 0.552746951580048 0.632451117038727 0.440321415662766 0.54045158624649 0.563179194927216 0.392293512821198 0.39782527089119 0.501064598560333 0.630808115005493 0.628019511699677 0.703994452953339 0.667235791683197 0.707074284553528 0.728048086166382 0.696702599525452 0.737594842910767 0.757081151008606 0.768036484718323 0.785099625587463 0.745057702064514 0.548599720001221 0.814821600914001 0.812559306621552 0.817300498485565 0.851370513439178 0.787841558456421 0.722980797290802 0.86769312620163 0.869607746601105 0.878621637821198 0.867093920707703 0.861038506031036 0.862897217273712 0.84601217508316 0.858920156955719 0.868513286113739 0.89349365234375 0.886175990104675 0.869835197925568 0.868788301944733 0.889389097690582 0.894999742507935 0.89568167924881
0.320752620697021 0.347044736146927 0.362571179866791 0.374091327190399 0.412244737148285 0.502065062522888 0.331977874040604 0.348019510507584 0.476846188306808 0.664562106132507 0.65572988986969 0.632878959178925 0.650342285633087 0.685532808303833 0.713118374347687 0.666867733001709 0.701218843460083 0.750611424446106 0.76551628112793 0.782458782196045 0.79132604598999 0.527885377407074 0.806276381015778 0.787291288375854 0.806139171123505 0.839947760105133 0.833316743373871 0.860333204269409 0.853733062744141 0.836248815059662 0.857854247093201 0.845299184322357 0.856378734111786 0.871664524078369 0.86142885684967 0.866599261760712 0.877943754196167 0.877163767814636 0.884130418300629 0.867396891117096 0.871012687683105 0.846486449241638 0.869417488574982 0.878755688667297
0.299817025661469 0.279242545366287 0.266796886920929 0.317809849977493 0.377445727586746 0.282776653766632 0.385782510042191 0.294905215501785 0.431745707988739 0.639670133590698 0.618690729141235 0.608745396137238 0.637306451797485 0.653540313243866 0.657035410404205 0.709034085273743 0.687789261341095 0.735414862632751 0.740755379199982 0.761768996715546 0.760778069496155 0.316391378641129 0.811821222305298 0.804092288017273 0.813475906848907 0.846532464027405 0.739335894584656 0.845916152000427 0.832545042037964 0.772164106369019 0.746096670627594 0.83260440826416 0.840439260005951 0.841706931591034 0.846179366111755 0.837815165519714 0.846449136734009 0.844452738761902 0.842973828315735 0.870122253894806 0.861083209514618 0.850660562515259 0.854061305522919 0.879120588302612
0.426303803920746 0.441838651895523 0.279810845851898 0.426636457443237 0.576198577880859 0.353110760450363 0.326468884944916 0.265121638774872 0.49781534075737 0.629127502441406 0.579524755477905 0.513959050178528 0.601591169834137 0.603220701217651 0.661591947078705 0.627133011817932 0.694453775882721 0.722114086151123 0.72648811340332 0.753445625305176 0.73297655582428 0.290594965219498 0.646179974079132 0.805172920227051 0.81739342212677 0.830883145332336 0.82306843996048 0.824921548366547 0.818363428115845 0.734038531780243 0.817079424858093 0.833952128887177 0.766530513763428 0.810798108577728 0.846954226493835 0.841690003871918 0.840809762477875 0.833236455917358 0.841903746128082 0.852883577346802 0.860757291316986 0.847462713718414 0.84156858921051 0.852604866027832
0.319771587848663 0.342840969562531 0.382795453071594 0.433516025543213 0.586456894874573 0.465536504983902 0.391721338033676 0.363963067531586 0.414540708065033 0.577482461929321 0.509219110012054 0.541211605072021 0.579109072685242 0.640263080596924 0.708394169807434 0.515986025333405 0.599920272827148 0.720541298389435 0.74595582485199 0.659138321876526 0.655582368373871 0.718239307403564 0.597195684909821 0.802023887634277 0.800937294960022 0.774904847145081 0.802465260028839 0.810220301151276 0.769350528717041 0.705977201461792 0.822844862937927 0.823656916618347 0.816884815692902 0.823004364967346 0.81427675485611 0.82100635766983 0.830309569835663 0.817669630050659 0.817764818668365 0.822827816009521 0.837074875831604 0.847768008708954 0.8293536901474 0.82347846031189
0.560407161712646 0.498452842235565 0.431848227977753 0.577226281166077 0.573281288146973 0.452897936105728 0.464015871286392 0.501030743122101 0.471686005592346 0.496516287326813 0.414005547761917 0.589388966560364 0.626463115215302 0.486133605241776 0.513242900371552 0.635393381118774 0.570825695991516 0.651207685470581 0.56437087059021 0.735129594802856 0.744692146778107 0.737240314483643 0.426897674798965 0.729516923427582 0.74451869726181 0.778097689151764 0.777085781097412 0.802145898342133 0.803064525127411 0.731061279773712 0.805435359477997 0.78295487165451 0.799077808856964 0.80401074886322 0.803515613079071 0.814223349094391 0.809423267841339 0.820187866687775 0.823147475719452 0.821849703788757 0.830909907817841 0.837249398231506 0.83428955078125 0.826144516468048
0.59975391626358 0.527602910995483 0.481465399265289 0.58651727437973 0.533827722072601 0.513229727745056 0.511817932128906 0.370382577180862 0.525839865207672 0.45859968662262 0.341475039720535 0.354003876447678 0.47773340344429 0.669637978076935 0.678232789039612 0.68598884344101 0.598720729351044 0.553473114967346 0.608603835105896 0.712737500667572 0.625800907611847 0.738422155380249 0.280817419290543 0.756476521492004 0.610903024673462 0.756086349487305 0.764232337474823 0.77193820476532 0.744198322296143 0.747074604034424 0.782280325889587 0.784512639045715 0.788092315196991 0.774537622928619 0.794764697551727 0.777756035327911 0.800192177295685 0.784374296665192 0.789803147315979 0.815584361553192 0.815385580062866 0.823110282421112 0.814089477062225 0.820437550544739
0.579443573951721 0.541238605976105 0.550928771495819 0.454791605472565 0.372732371091843 0.391993135213852 0.43287855386734 0.411611795425415 0.485118389129639 0.395272433757782 0.179650142788887 0.437892407178879 0.553341805934906 0.667664229869843 0.677342593669891 0.663033485412598 0.680879354476929 0.694121599197388 0.716731131076813 0.53683215379715 0.585962951183319 0.731699347496033 0.214718997478485 0.744411706924438 0.71267968416214 0.741257667541504 0.748423993587494 0.671229362487793 0.69589239358902 0.729674875736237 0.746528267860413 0.746069669723511 0.767352163791656 0.760545432567596 0.778186500072479 0.763751804828644 0.767554581165314 0.783647894859314 0.780761897563934 0.796396315097809 0.786129415035248 0.798965990543365 0.802399516105652 0.792874157428741
0.585997581481934 0.599270343780518 0.590103089809418 0.427752822637558 0.338447630405426 0.333852261304855 0.322004735469818 0.337337762117386 0.455791383981705 0.420765936374664 0.271816909313202 0.627482891082764 0.643411338329315 0.672270476818085 0.653115034103394 0.682111620903015 0.681323409080505 0.628761947154999 0.703504025936127 0.687017679214478 0.68734073638916 0.724469006061554 0.256124675273895 0.524570822715759 0.703981518745422 0.713981807231903 0.741638243198395 0.718989372253418 0.71282422542572 0.703197181224823 0.73259824514389 0.737340211868286 0.736610174179077 0.748124361038208 0.734538078308105 0.766292810440063 0.750121474266052 0.775093853473663 0.770528256893158 0.76403534412384 0.774957537651062 0.770568370819092 0.779672682285309 0.799703419208527
0.57568746805191 0.537331938743591 0.496429800987244 0.398034006357193 0.298382610082626 0.261215537786484 0.109355539083481 0.0950459018349648 0.340864539146423 0.343397289514542 0.399516820907593 0.600386500358582 0.663413107395172 0.650541007518768 0.653698027133942 0.654409825801849 0.661038517951965 0.609752178192139 0.701042771339417 0.699651181697845 0.708344280719757 0.700998067855835 0.676507711410522 0.696200788021088 0.70069420337677 0.728254735469818 0.732634365558624 0.691745162010193 0.673007071018219 0.68708324432373 0.722848832607269 0.732452273368835 0.712623178958893 0.735068202018738 0.737602710723877 0.723159551620483 0.735359013080597 0.7509765625 0.757290542125702 0.757566273212433 0.744566380977631 0.771737158298492 0.763994336128235 0.780940890312195
0.518105626106262 0.47714239358902 0.471021384000778 0.326295703649521 0.185658395290375 0.16256956756115 0.0435653999447823 0.0851865038275719 0.591267883777618 0.523858487606049 0.356302291154861 0.548673927783966 0.623205125331879 0.629871249198914 0.608021378517151 0.640209376811981 0.646027386188507 0.604655861854553 0.66790509223938 0.655953526496887 0.668871402740479 0.680946588516235 0.675471663475037 0.72138386964798 0.703377366065979 0.697633445262909 0.707289338111877 0.696605861186981 0.660537004470825 0.681859195232391 0.664660751819611 0.681038796901703 0.707856178283691 0.697233200073242 0.713559210300446 0.715319991111755 0.725325584411621 0.726527512073517 0.729015111923218 0.746557474136353 0.732615411281586 0.727494180202484 0.769318997859955 0.742530167102814
0.477847754955292 0.520149707794189 0.529136300086975 0.433152079582214 0.328658401966095 0.094920739531517 0.0120263397693634 0.0576917417347431 0.566136360168457 0.508800148963928 0.470424294471741 0.525578141212463 0.626833498477936 0.632258415222168 0.586672008037567 0.618237435817719 0.644373953342438 0.642094731330872 0.647197425365448 0.666328012943268 0.655065894126892 0.677714109420776 0.666202962398529 0.680358409881592 0.673888921737671 0.683189868927002 0.669435858726501 0.650185286998749 0.639409601688385 0.634228825569153 0.655224740505219 0.648253917694092 0.655276298522949 0.693192064762115 0.687982261180878 0.709609508514404 0.726905584335327 0.715084552764893 0.716442108154297 0.725146412849426 0.710779845714569 0.72069787979126 0.716778635978699 0.73085743188858
0.420687109231949 0.45713084936142 0.5205317735672 0.41524276137352 0.312007814645767 0.234429895877838 0.0141352182254195 0.00857326108962297 0.485618561506271 0.566632986068726 0.558067619800568 0.536415636539459 0.600261926651001 0.595916271209717 0.568795800209045 0.568942070007324 0.580959558486938 0.616009473800659 0.624262273311615 0.659032166004181 0.657722234725952 0.659250855445862 0.670991182327271 0.671473979949951 0.674049437046051 0.661578297615051 0.646714687347412 0.63450825214386 0.622727274894714 0.638390123844147 0.629983484745026 0.603421330451965 0.656505584716797 0.664549946784973 0.658482789993286 0.68233984708786 0.693119525909424 0.714487195014954 0.690640985965729 0.70832347869873 0.697655022144318 0.724995255470276 0.707449734210968 0.724940896034241
0.474793136119843 0.537788689136505 0.489450663328171 0.445660144090652 0.34220764040947 0.32880824804306 0.0493901595473289 0.0163602381944656 0.370359987020493 0.570122003555298 0.559009492397308 0.538134276866913 0.555208802223206 0.583948075771332 0.54681932926178 0.542555153369904 0.539742052555084 0.593377947807312 0.620316028594971 0.643887579441071 0.661198735237122 0.657330751419067 0.654371976852417 0.617896378040314 0.641008675098419 0.618130385875702 0.591100692749023 0.617824971675873 0.618506550788879 0.581960737705231 0.548808872699738 0.603476107120514 0.660308837890625 0.631465494632721 0.656423091888428 0.655808091163635 0.666543662548065 0.670436680316925 0.699102342128754 0.696590840816498 0.696703493595123 0.706017196178436 0.708911180496216 0.716683745384216
0.487997740507126 0.530358612537384 0.532216429710388 0.441007196903229 0.384757965803146 0.430599480867386 0.302657216787338 0.0725998654961586 0.407606035470963 0.565167665481567 0.537095367908478 0.542950034141541 0.553629577159882 0.529286682605743 0.475459039211273 0.526232302188873 0.525778770446777 0.521317899227142 0.590223729610443 0.591567933559418 0.652492702007294 0.663515567779541 0.641834378242493 0.609014213085175 0.561237871646881 0.592155575752258 0.613336026668549 0.607148230075836 0.606156468391418 0.570969879627228 0.497862696647644 0.553014695644379 0.6372389793396 0.628286421298981 0.671854972839355 0.654266715049744 0.635254502296448 0.667658030986786 0.670854270458221 0.648622035980225 0.694223582744598 0.709894835948944 0.69519716501236 0.679409921169281
0.510081052780151 0.520438373088837 0.500085830688477 0.427809774875641 0.443856656551361 0.47584256529808 0.37098616361618 0.397262513637543 0.52567195892334 0.551976382732391 0.561531960964203 0.516358733177185 0.487623542547226 0.448300093412399 0.495729446411133 0.531761586666107 0.54413902759552 0.559689342975616 0.560891807079315 0.594076812267303 0.617385745048523 0.635111570358276 0.572084784507751 0.593017041683197 0.586256086826324 0.580025136470795 0.585115373134613 0.607396900653839 0.592099666595459 0.585628092288971 0.536633908748627 0.594561815261841 0.624604880809784 0.645015001296997 0.665567278862 0.638937473297119 0.625272572040558 0.629162490367889 0.658776998519897 0.644983887672424 0.676089584827423 0.669797003269196 0.673427522182465 0.679637491703033
0.514271557331085 0.52018666267395 0.428795754909515 0.409854501485825 0.34786531329155 0.419613271951675 0.452476382255554 0.514439344406128 0.534039437770844 0.477838397026062 0.525201499462128 0.465054959058762 0.431457847356796 0.546570301055908 0.517477214336395 0.508832395076752 0.528265476226807 0.563540935516357 0.567397654056549 0.614901483058929 0.602562844753265 0.582547605037689 0.567324042320251 0.576509952545166 0.598030626773834 0.567551970481873 0.587346494197845 0.601415395736694 0.607860922813416 0.627798318862915 0.593493103981018 0.583465695381165 0.602155148983002 0.658161461353302 0.639790117740631 0.652443110942841 0.626556515693665 0.642915785312653 0.665412068367004 0.646926283836365 0.651366293430328 0.659365355968475 0.647079467773438 0.673191964626312
0.48838147521019 0.474240392446518 0.392710715532303 0.353766292333603 0.376607239246368 0.385493069887161 0.441950112581253 0.502147734165192 0.476191818714142 0.399261206388474 0.452615082263947 0.404680520296097 0.46747151017189 0.543321669101715 0.478524386882782 0.531257271766663 0.526635646820068 0.547701716423035 0.566992223262787 0.56017279624939 0.545641779899597 0.538891673088074 0.548331916332245 0.54679799079895 0.57810777425766 0.572676301002502 0.582832813262939 0.587675452232361 0.602918386459351 0.635296821594238 0.615168631076813 0.562012910842896 0.596315562725067 0.629223465919495 0.642544090747833 0.638268053531647 0.636340916156769 0.624594867229462 0.664018511772156 0.673003792762756 0.633117139339447 0.644736170768738 0.616757273674011 0.613053262233734
