data/climate_estimation/maxent_output/Drymophila_moorei.asc
NCOLS 80 
NROWS 113 
XLLCORNER 146.833333333333 
YLLCORNER -35.8333333333333 
CELLSIZE 0.0833333333333332 
NODATA_value -3.4e+38 
[rows 20 to 39 of 113, columns 0 to 44 of 80]
0.0003154884907417 0.000320234248647466 0.000300257292110473 0.000309226830722764 0.000392302899854258 0.00048438273370266 0.000577019003685564 0.000696144881658256 0.000724648649338633 0.00072853232268244 0.000887701520696282 0.000954611925408244 0.00144735642243177 0.00159524579066783 0.00163211754988879 0.00195716507732868 0.00215987837873399 0.00230086944065988 0.00281327194534242 0.00196629343554378 0.00214858003892004 0.00273219682276249 0.00269486522302032 0.00268226023763418 0.00265593477524817 0.00322126061655581 0.00321848574094474 0.00340521452017128 0.00389600498601794 0.00396102340891957 0.00428994745016098 0.00473490310832858 0.00538144120946527 0.00542436726391315 0.00567208603024483 0.00658002961426973 0.00719724269583821 0.0070198061875999 0.00755763240158558 0.011488500982523 0.0116904228925705 0.0104985488578677 0.0115376384928823 0.0117812277749181 0.0125243421643972
0.00024205275985878 0.00024653083528392 0.000248103780904785 0.000303384469589218 0.000372171343769878 0.000391073379432783 0.00048914086073637 0.000552696292288601 0.000685630249790847 0.000724648649338633 0.000770363840274513 0.00140946847386658 0.00140100705903023 0.00151420955080539 0.00158046639990062 0.00165713031310588 0.00166755134705454 0.00228336034342647 0.00281113479286432 0.00199449108913541 0.00199623988009989 0.00212516100145876 0.00256701395846903 0.00258187856525183 0.00256047607399523 0.00267243711277843 0.00329179689288139 0.00325954076834023 0.00343633000738919 0.00403413502499461 0.00423669442534447 0.00458230497315526 0.00469752214848995 0.00467696832492948 0.00509615521878004 0.00624373322352767 0.00674485648050904 0.00772784743458033 0.00861268304288387 0.0131196258589625 0.0118011478334665 0.0111527927219868 0.0110307745635509 0.0107111483812332 0.0122456261888146
0.000234612714848481 0.000244692550040781 0.000249073258601129 0.000249892327701673 0.000304771325318143 0.000374317314708605 0.00046550264232792 0.000553772726561874 0.000575612531974912 0.000720681680832058 0.000750044884625822 0.000813211605418473 0.00137383677065372 0.00151092372834682 0.00123779743444175 0.00135732430499047 0.00134508917108178 0.00170789565891027 0.00217166682705283 0.00164783687796444 0.00197471841238439 0.00209076865576208 0.00220564426854253 0.00251086032949388 0.00251232134178281 0.00264376029372215 0.0033027573954314 0.00333669548854232 0.00393775058910251 0.00402225228026509 0.00435481313616037 0.00435481313616037 0.00403733737766743 0.00443826802074909 0.00466609606519341 0.005527856759727 0.00682754907757044 0.00837470777332783 0.0101827429607511 0.0161198861896992 0.01201450265944 0.0111066540703177 0.0110631864517927 0.0109106004238129 0.0121034001931548
0.000238740758504719 0.000246059120399877 0.000245823030127212 0.00030114219407551 0.000301268300972879 0.000368016742868349 0.000451637635705993 0.000477583118481562 0.000565816299058497 0.000602982530836016 0.000727696693502367 0.000772855593822896 0.00117220019455999 0.00117429241072387 0.00127478188369423 0.00127752928528935 0.00136171490885317 0.00137584807816893 0.00166292244102806 0.00258067459799349 0.00273555191233754 0.00199391529895365 0.00207795947790146 0.00247791106812656 0.00250062742270529 0.00261580408550799 0.00328337890096009 0.0031606697011739 0.00355846807360649 0.00404073065146804 0.00345736416056752 0.00404192274436355 0.0035546098370105 0.00408242316916585 0.00477615557610989 0.00575666688382626 0.00708038778975606 0.00886811688542366 0.0108651285991073 0.0161831546574831 0.0127493189647794 0.0119266035035253 0.0108469221740961 0.0110288029536605 0.0111388536170125
0.000278075196547434 0.000295805657515302 0.000297650083666667 0.000306493486277759 0.000368273758795112 0.000370334164472297 0.000457882357295603 0.00047960554366 0.000488428573589772 0.000588201859500259 0.000622187450062484 0.00110289396252483 0.00110646069515496 0.00117809046059847 0.00118572323117405 0.00125706719700247 0.00130392634309828 0.00139735511038452 0.00205387477762997 0.00256622722372413 0.00276929652318358 0.00188859924674034 0.0018551213433966 0.00200225063599646 0.0024728577118367 0.00258870772086084 0.00259937881492078 0.0032548033632338 0.00338597758673131 0.00333391455933452 0.00341072655282915 0.00336359231732786 0.00343331042677164 0.00367902521975338 0.00476523255929351 0.00646111276000738 0.00784286018460989 0.00916810054332018 0.0104972133412957 0.0161754190921783 0.0123694073408842 0.0102423308417201 0.0104449726641178 0.0111793112009764 0.0120584312826395
0.000333605596097186 0.00033817216171883 0.000362035090802237 0.000360271806130186 0.000372236187104136 0.000382233236450702 0.000379618228180334 0.000478914327686653 0.000497087195981294 0.00058258359786123 0.000622851366642863 0.00109697505831718 0.0011232583783567 0.00117935915477574 0.00119984522461891 0.00122082803864032 0.00128319126088172 0.00152487878222018 0.00193802791181952 0.00258395541459322 0.00261496193706989 0.00274331611581147 0.0028675994835794 0.00200446858070791 0.00372958579100668 0.00248300703242421 0.00271999277174473 0.00274746096692979 0.0033866201993078 0.00323810731060803 0.00281216320581734 0.00333192432299256 0.00341866607777774 0.00438345037400723 0.00495133828371763 0.00638256222009659 0.00777497235685587 0.00891141779720783 0.0145082427188754 0.0145631292834878 0.0107201542705297 0.00870562065392733 0.0109160775318742 0.0116002094000578 0.0122773246839643
0.000324435095535591 0.000340543454512954 0.0003632994776126 0.0003632994776126 0.000370334164472297 0.000373576651327312 0.000386387459002435 0.000475888256914914 0.000485152937471867 0.000597747741267085 0.000607501016929746 0.000645623484160751 0.00110408163163811 0.00113553914707154 0.00122829584870487 0.00124917691573501 0.00129476026631892 0.00160427892114967 0.00169388100039214 0.00212513818405569 0.00219121598638594 0.00228177825920284 0.00288367993198335 0.00287094339728355 0.00203852006234229 0.00362160452641547 0.00267223943956196 0.00279584713280201 0.00268487469293177 0.0026309120003134 0.00269363424740732 0.00278328242711723 0.00372532615438104 0.00436377851292491 0.00723091326653957 0.00871742516756058 0.0107134375721216 0.0116751855239272 0.0124035226181149 0.012487436644733 0.0110547402873635 0.011225531809032 0.0124153969809413 0.0134276803582907 0.0141591085121036
0.000398991775000468 0.000420456373831257 0.00044226276804693 0.000374580180505291 0.000380967947421595 0.000380967947421595 0.000390382250770926 0.000471384963020682 0.000487722747493535 0.000510344048961997 0.000616639736108482 0.000634698662906885 0.000780741218477488 0.000814964412711561 0.00150002038571984 0.00150796596426517 0.00161857006605715 0.00167595071252435 0.00178113847505301 0.00175036583095789 0.001802918035537 0.00231189047917724 0.00284563819877803 0.00295450305566192 0.00205038068816066 0.00359464576467872 0.00263961777091026 0.0026489938609302 0.00268430588766932 0.00267234770581126 0.0026430101133883 0.00275690550915897 0.00480369292199612 0.00621744757518172 0.00706908013671637 0.00845667347311974 0.00976644176989794 0.0107351671904325 0.0117886010557413 0.0118832224979997 0.011569450609386 0.0115498276427388 0.012380794622004 0.0132120382040739 0.0140509949997067
0.000513396109454334 0.000515135703608394 0.000429846462793648 0.000438673654571176 0.000378583645215258 0.000382296508178115 0.000392154412111267 0.000484640622744337 0.00050551351159811 0.000514015089720488 0.000624361564405262 0.000663329788949341 0.000801993650384247 0.000830351375043392 0.00151142117101699 0.00154634239152074 0.00157692690845579 0.00163993507158011 0.0017411062726751 0.00180408603046089 0.00187274091877043 0.00224682525731623 0.00230822502635419 0.00280622951686382 0.00206599244847894 0.00374049763195217 0.00269567640498281 0.00261412071995437 0.00267517077736557 0.00227550370618701 0.00265079690143466 0.00282227853313088 0.00481992587447166 0.00566272810101509 0.00650414172559977 0.00834596622735262 0.00845344923436642 0.00976954214274883 0.0108391745015979 0.0118466094136238 0.0123609770089388 0.0130633851513267 0.0136460894718766 0.0149369277060032 0.0163927916437387
0.000655727228150 0.000648976885713637 0.000661606027279049 0.000653274531941861 0.000384572544135153 0.000385914143407717 0.000384502927772701 0.000478534639114514 0.000506181444507092 0.000619717116933316 0.00064843607833609 0.000659801124129444 0.000807277450803667 0.00145193724893034 0.00156275148037821 0.00156667991541326 0.00160936778411269 0.00166460522450507 0.00177683751098812 0.00182724848855287 0.00186548917554319 0.00228696898557246 0.00234734849072993 0.00166690174955875 0.00212732004001737 0.00206804857589304 0.00216481694951653 0.00218968512490392 0.00225045927800238 0.00222631846554577 0.00225129444152117 0.00279549788683653 0.00360748381353915 0.00554012693464756 0.00633364217355847 0.00755854742601514 0.0081925056874752 0.00957797933369875 0.0109096160158515 0.0116997566074133 0.0126328244805336 0.0137215405702591 0.0148165402933955 0.0160168819129467 0.0187359806150198
0.000463023956399411 0.000461302726762369 0.000464661716250703 0.000557330320589244 0.000660766614601016 0.000382296508178115 0.000392921880120412 0.000512335624080151 0.000531220226548612 0.000651761598419398 0.000667713000439107 0.000812509388197213 0.00081172096543014 0.00101257499773055 0.00107235624454916 0.00109561032149941 0.00110435194801539 0.00117202510591596 0.00121752172708511 0.0012267401907593 0.00129261321853846 0.00129849987570196 0.00133288279175758 0.00166507298126817 0.0020871963351965 0.00206505041569471 0.00216002855449915 0.0020878438372165 0.00072832906153053 0.000762657553423196 0.000728722254280001 0.00235777348279953 0.00357097550295293 0.00575449550524354 0.00672433851286769 0.00719059025868773 0.00829795747995377 0.00860466621816158 0.0101785520091653 0.0117141343653202 0.013121391646564 0.0153184132650495 0.0175422914326191 0.0184348132461309 0.0232342071831226
0.00030915264505893 0.000330993032548577 0.00039140073931776 0.000559235748369247 0.000663736893329769 0.000385487248422578 0.000397382187657058 0.000519458495546132 0.000647839449811727 0.000669188506435603 0.000829892989713699 0.000987344537861645 0.00101755827199668 0.00128376472275704 0.00133684929460287 0.00110400654375553 0.00115038058720529 0.00124177418183535 0.00120726402383298 0.00129966298118234 0.00131105491891503 0.00132675154600292 0.00138746842276305 0.00171259988564998 0.00172254396602511 0.00209414260461926 0.0021495393011719 0.0017832403536886 0.000586832815315574 0.000639254285488278 0.000770903541706502 0.000943711318541318 0.00340672279708087 0.00562739837914705 0.00615709833800793 0.00688675744459033 0.0075404173694551 0.00882908329367638 0.0102669168263674 0.0113852871581912 0.0130148120224476 0.0155016351491213 0.0193823762238026 0.0227600503712893 0.0268976073712111
0.000256416853517294 0.000264991569565609 0.000391593115637079 0.000566895119845867 0.000679992488585413 0.000477541674626991 0.000520103785675019 0.000648647255729884 0.000653511029668152 0.000813384656794369 0.000823964655864984 0.00100418541114777 0.00122322619426996 0.00128636811859906 0.00135300029069185 0.00114081567153335 0.00121899927034974 0.00119830912444741 0.00124598015099764 0.00132412335369736 0.00131983461324126 0.00134439405519515 0.00139506650157273 0.00175379938445985 0.00179313879925758 0.0018026337493211 0.00178548542317003 0.00145869771949947 0.000413312169257551 0.000497187254950404 0.000641493708826602 0.000928775116335601 0.00474063958972692 0.0057135010138154 0.00606881408020854 0.00621366081759334 0.00721410801634192 0.00820241589099169 0.0102720195427537 0.0111960498616099 0.0139285158365965 0.0161501057446003 0.0201887730509043 0.0245026480406523 0.0293558724224567
0.000376305804820731 0.000379598379367962 0.000471634382847697 0.000562207074835896 0.000847082992549986 0.000569858646485955 0.000599366321694106 0.0007237404352054 0.000768869766034186 0.000817776366602629 0.00100875028874725 0.00101187534164637 0.00183587009087205 0.00191500945948064 0.00111746811307967 0.00113339815288782 0.00120473629795015 0.0012008820194751 0.00129162496887147 0.00136957550421357 0.00168767967261374 0.00165454507805407 0.00167087023146451 0.00176325289066881 0.00181584386155009 0.00183553027454764 0.00186203746125102 0.00179686711635441 0.000517601903993636 0.000640100741293281 0.000796614214777946 0.00290570524521172 0.00541868899017572 0.00558115635067225 0.00635272217914462 0.00627888413146138 0.00667045451700687 0.00771061005070806 0.00944009702652693 0.0113777760416269 0.0139974672347307 0.0195607244968414 0.022988410666585 0.025501724332571 0.0326928198337555
0.000551906123291701 0.000583522312808782 0.000710539345163852 0.000805522839073092 0.000973278540186584 0.000716999173164368 0.000725611229427159 0.000744892808143049 0.000772110535763204 0.000950248097069561 0.000997659051790833 0.00103335850872099 0.00192050356417894 0.00111847103107721 0.00116606568917632 0.00121253787074238 0.000994193949736655 0.00103036477230489 0.00133295462001115 0.0013546944828704 0.00180471094790846 0.00177515845280141 0.00178285303991288 0.00182398979086429 0.00187132379505783 0.00183140370063484 0.00188941531814635 0.00192549836356193 0.000760142749641091 0.0019717097748071 0.000989286229014397 0.00140260555781424 0.00563530344516039 0.0055729141458869 0.00587883219122887 0.00617703190073371 0.00713151041418314 0.00769295962527394 0.0092426436021924 0.0108249047771096 0.0154400710016489 0.0200642105191946 0.028439624235034 0.0295672491192818 0.0302230846136808
0.000648140616249293 0.000688991334754974 0.000839822867419571 0.000976521172560751 0.00099007657263428 0.00071161356754601 0.000698788091540337 0.000906800152733922 0.000922738923691213 0.000993840163573623 0.0010266212048009 0.0010862807976082 0.00163219857495278 0.00167354743462056 0.00100235245190561 0.000996214104816318 0.00102481688372791 0.00102739373687655 0.00111266993917525 0.00145664776209742 0.0018179879989475 0.00189575564581901 0.00187014346010983 0.00191828911192715 0.00186698220204562 0.00195384561084211 0.00193741673137993 0.00199766759760678 0.00248011131770909 0.00244829617440701 0.0029047979041934 0.00382576324045658 0.00608500419184566 0.00574536994099617 0.00586351519450545 0.00610624765977263 0.00655075674876571 0.00815297476947308 0.00926933810114861 0.0121378879994154 0.0159425772726536 0.0225096456706524 0.0285797696560621 0.0308955386281013 0.0340579263865948
0.000814549101050943 0.000782780756708235 0.000939801277127117 0.00100746552925557 0.000719942268915474 0.000701729790307581 0.000716154696419835 0.000909736612811685 0.000931782647967339 0.00100033974740654 0.0010166079737246 0.0010957388440147 0.00163069553673267 0.00176187278702855 0.00123751501087099 0.0012270612642169 0.00102830096147954 0.00107611215207726 0.0013965965481475 0.0014327954268083 0.00154218846000731 0.00191656430251896 0.00192924553994089 0.00191039626952261 0.00201613362878561 0.0024116097483784 0.00249856477603316 0.00242954911664128 0.00252411374822259 0.00314057222567499 0.00347598805092275 0.00422915769740939 0.00649653887376189 0.00610906211659312 0.00627743080258369 0.00609157280996442 0.00628463877364993 0.00775358080863953 0.00931793078780174 0.0120430281385779 0.0158721879124641 0.0218917541205883 0.0269227419048548 0.0302916578948498 0.0348172672092915
0.000909909256733954 0.000914771226234734 0.00110979378223419 0.00113709166180342 0.00125865440350026 0.000729907129425555 0.000895381905138493 0.000937163888011128 0.000970357621554285 0.00100467191077769 0.00188123749103397 0.00188154366333038 0.00120581884402782 0.00120716041419655 0.0012552960542962 0.00124309712555259 0.0012690689181909 0.0013472787104547 0.00141581543721259 0.00147744629066437 0.00154218846000731 0.00189726671669632 0.00193561764899641 0.00199557235464454 0.00240757735446095 0.00249913148581982 0.00252273166552186 0.00256279716268182 0.00310206157155335 0.00314897578209639 0.0037846218328923 0.00429137330502272 0.00656814873218536 0.00621186336502433 0.00647393008694053 0.00686737336218357 0.00727756740525365 0.00876810029149055 0.010675648227334 0.0137799540534616 0.0172826591879129 0.0216163862496614 0.0239490140229464 0.0359392091631889 0.0289363265037537
0.00100315071176738 0.00111266213934869 0.0012236142065376 0.00117727881297469 0.000820951419882476 0.000847231654915959 0.000934369512833655 0.00114436564035714 0.00116199452895671 0.00120831117965281 0.00125930004287511 0.00202266150154173 0.00201370846480131 0.00214048172347248 0.00149919977411628 0.001829145825468 0.00159761856775731 0.00165142270270735 0.00177227496169508 0.00188376102596521 0.0018797111697495 0.00190829776693135 0.00200449675321579 0.00245215580798686 0.00259044067934155 0.00255194446071982 0.00269015040248632 0.00316915777511895 0.00318627874366939 0.00394082488492131 0.00431117136031389 0.00464098388329148 0.00678619649261236 0.0073738913051784 0.00743729807436466 0.00762169063091278 0.0088396854698658 0.0107006784528494 0.0121742598712444 0.0166508629918098 0.0232139583677053 0.0282796807587147 0.028608787804842 0.0276751350611448 0.0310532618314028
0.00103429728187621 0.001053586602211 0.00113707641139627 0.00116580026224256 0.000840793421957642 0.00105681538116187 0.00109923735726625 0.00112199026625603 0.00124953978229314 0.00130682473536581 0.00136430945713073 0.0014438689686358 0.00150532554835081 0.00254169455729425 0.0026010675355792 0.00190294266212732 0.00200740620493889 0.00210471800528467 0.00182791089173406 0.00189040461555123 0.0020011174492538 0.00201407773420215 0.00246032443828881 0.00266216415911913 0.00264332350343466 0.00336782122030854 0.00320984143763781 0.00340378121472895 0.00410364475101233 0.00401018187403679 0.00448618875816464 0.00507388776168227 0.00538534391671419 0.00794597715139389 0.008635557256639 0.00920853018760681 0.0100537743419409 0.0123861283063889 0.0159879624843597 0.0185169279575348 0.0282737743109465 0.0400958508253098 0.0319270268082619 0.0286541488021612 0.0342668145895004
