data/climate_estimation/maxent_output/Drymophila_cyanocarpa.asc
NCOLS 105 
NROWS 106 
XLLCORNER 141.5 
YLLCORNER -43.8333333333333 
CELLSIZE 0.0833333333333333 
NODATA_value -3.4e+38 
[rows 27 to 53 of 106, columns 0 to 59 of 105]
0.029860217124224 0.0389812141656876 0.0501829199492931 0.0493522696197033 0.0586872324347496 0.0691234543919563 0.0700393691658974 0.081818088889122 0.0913265123963356 0.433561414480209 0.233987078070641 0.17382700741291 0.565865516662598 0.452557951211929 0.110187880694866 0.143372938036919 0.239637643098831 0.172515347599983 0.15787561237812 0.248792812228203 0.493068486452103 0.507936358451843 0.345978707075119 0.259902387857437 0.198122307658195 0.210154891014099 0.218269601464272 0.172439619898796 0.209985449910164 0.301821410655975 0.339023679494858 0.371906727552414 0.488245069980621 0.609319508075714 0.575591564178467 0.575939178466797 0.599498867988586 0.632257759571075 0.545753955841064 0.507352411746979 0.359130769968033 0.317048609256744 0.264639884233475 0.404066532850266 0.375972718000412 0.239760115742683 0.252987325191498 0.165174469351768 0.291265517473221 0.365673422813416 0.131125271320343 0.172232776880264 0.30914580821991 0.294745177030563 0.288410127162933 0.295872122049332 0.400189727544785 0.599934041500092 0.642535984516144 0.652151107788086
0.0484054833650589 0.0590251348912716 0.0625323951244354 0.0746385157108307 0.0948578044772148 0.0930287092924118 0.119387984275818 0.111001156270504 0.267310053110123 0.380343824625015 0.211825862526894 0.270565390586853 0.517482459545135 0.319120049476624 0.141553580760956 0.174688845872879 0.160321623086929 0.169753283262253 0.189055800437927 0.207466766238213 0.205973878502846 0.321360111236572 0.386932373046875 0.36713433265686 0.3026143014431 0.2979756295681 0.32932910323143 0.35335847735405 0.431866616010666 0.573594987392426 0.624730706214905 0.648455560207367 0.64611679315567 0.663362443447113 0.718298971652985 0.710133731365204 0.704723358154297 0.722565472126007 0.676386117935181 0.569830775260925 0.39076891541481 0.470725268125534 0.447399914264679 0.651627004146576 0.662432968616486 0.490565747022629 0.328174620866776 0.25226616859436 0.333322286605835 0.591546237468719 0.257994145154953 0.55000901222229 0.476734608411789 0.531187772750854 0.395471930503845 0.577343106269836 0.481047034263611 0.647300958633423 0.672822058200836 0.680174291133881
0.0768988654017448 0.0934655666351318 0.126642361283302 0.0966664180159569 0.123997241258621 0.113861478865147 0.122335217893124 0.12695138156414 0.269517004489899 0.228968784213066 0.208979174494743 0.321944624185562 0.197092354297638 0.174832910299301 0.156714513897896 0.143515512347221 0.140137135982513 0.191472113132477 0.193162456154823 0.192687556147575 0.218404561281204 0.345911920070648 0.452484935522079 0.410824179649353 0.364289879798889 0.315962791442871 0.41372737288475 0.537384629249573 0.633481383323669 0.672860383987427 0.698832869529724 0.715873658657074 0.697011947631836 0.72866678237915 0.724611222743988 0.72335946559906 0.705642879009247 0.691954135894775 0.53249454498291 0.474760204553604 0.371669113636017 0.407340168952942 0.424195051193237 0.542141318321228 0.660970389842987 0.659546792507172 0.469302713871002 0.562303423881531 0.670737087726593 0.657809376716614 0.415556252002716 0.569153726100922 0.56536728143692 0.580910325050354 0.589349746704102 0.641751289367676 0.646815359592438 0.698356628417969 0.696706116199493 0.709622323513031
0.076208770275116 0.10438360273838 0.109367080032825 0.108682900667191 0.131468087434769 0.129361882805824 0.12080892175436 0.136678010225296 0.164121404290199 0.156000882387161 0.384626537561417 0.249042585492134 0.227260336279869 0.180928960442543 0.174433588981628 0.156242713332176 0.194068863987923 0.195796445012093 0.19521301984787 0.222120523452759 0.266424536705017 0.399662137031555 0.420353442430496 0.423231154680252 0.476156502962112 0.485779047012329 0.562654852867126 0.636794686317444 0.664033532142639 0.710042953491211 0.719848573207855 0.718296945095062 0.719470620155334 0.727467060089111 0.719193279743195 0.671690881252289 0.672971487045288 0.678410410881042 0.478740364313126 0.388814777135849 0.373933076858521 0.381456643342972 0.381375670433044 0.334785848855972 0.474754959344864 0.517606854438782 0.565291166305542 0.591448485851288 0.689727604389191 0.69174987077713 0.683131039142609 0.644927442073822 0.619423031806946 0.630603134632111 0.661810696125031 0.681536495685577 0.702525913715363 0.711697578430176 0.722405910491943 0.722514867782593
0.0802805572748184 0.108220115303993 0.121748954057693 0.169132113456726 0.147388249635696 0.130354374647141 0.115997195243835 0.13903696835041 0.17757411301136 0.234050497412682 0.402254551649094 0.340634286403656 0.333301901817322 0.298465758562088 0.237291544675827 0.215544626116753 0.214947834610939 0.243541434407234 0.22625070810318 0.253818154335022 0.329400449991226 0.388550400733948 0.463014006614685 0.47393012046814 0.585639536380768 0.605876803398132 0.624143838882446 0.629910290241241 0.691413283348083 0.712451696395874 0.712934672832489 0.712406754493713 0.674555778503418 0.651779770851135 0.599357604980469 0.274990081787109 0.31156525015831 0.397261738777161 0.389893233776093 0.344184041023254 0.369650363922119 0.386682778596878 0.388945341110229 0.362315654754639 0.329676181077957 0.428708463907242 0.388940989971161 0.347881942987442 0.519911825656891 0.696302652359009 0.712048709392548 0.684425830841064 0.712770342826843 0.709242522716522 0.70844566822052 0.71469247341156 0.720574736595154 0.723268091678619 0.724039375782013 0.71670663356781
0.128787249326706 0.162767931818962 0.160049274563789 0.191565498709679 0.165992870926857 0.157140180468559 0.150100126862526 0.172516986727715 0.245555758476257 0.341986477375031 0.4936144053936 0.553255915641785 0.529378712177277 0.360928446054459 0.251914411783218 0.232118144631386 0.225949332118034 0.242460802197456 0.241281315684319 0.270166635513306 0.288454115390778 0.348259925842285 0.435144543647766 0.478067517280579 0.563462316989899 0.576049387454987 0.655191123485565 0.666131138801575 0.658188223838806 0.694717884063721 0.701019406318665 0.662289500236511 0.662043035030365 0.57379025220871 0.459568440914154 0.20783656835556 0.236252620816231 0.270916193723679 0.372568041086197 0.345603823661804 0.350205481052399 0.371036767959595 0.387075215578079 0.359961926937103 0.400907397270203 0.405603289604187 0.35961776971817 0.390009373426437 0.522063732147217 0.711281776428223 0.716074407100677 0.699466705322266 0.709411263465881 0.723620891571045 0.722681641578674 0.710480034351349 0.717302024364471 0.722457766532898 0.720599114894867 0.717764258384705
0.211195051670074 0.232020244002342 0.277040898799896 0.256638824939728 0.228697165846825 0.213739305734634 0.214400067925453 0.247491538524628 0.308735907077789 0.427190393209457 0.518800497055054 0.562808752059937 0.489017724990845 0.361992090940475 0.324855089187622 0.323659151792526 0.315710067749023 0.315044462680817 0.293972730636597 0.289923459291458 0.310536116361618 0.368923157453537 0.416414946317673 0.416744828224182 0.428218275308609 0.488447427749634 0.587218582630157 0.651328206062317 0.64042466878891 0.65598326921463 0.652460396289825 0.642553567886353 0.67466127872467 0.591079652309418 0.428050309419632 0.394465327262878 0.297803938388824 0.338634938001633 0.366848796606064 0.411522567272186 0.401652008295059 0.403282850980759 0.423290878534317 0.467792123556137 0.497986912727356 0.501776695251465 0.576403379440308 0.527352035045624 0.456753730773926 0.501412034034729 0.714670240879059 0.721889972686768 0.722126126289368 0.72657322883606 0.718396961688995 0.690695941448212 0.67401921749115 0.659831166267395 0.714121162891388 0.708723127841949
0.221701756119728 0.240016117691994 0.250425845384598 0.23293299973011 0.247326329350471 0.248964905738831 0.284327536821365 0.322884559631348 0.399551510810852 0.487322866916656 0.529495179653168 0.522740662097931 0.496401518583298 0.404469937086105 0.377191483974457 0.418071091175079 0.367118418216705 0.382827579975128 0.314907670021057 0.31755930185318 0.296721041202545 0.314204841852188 0.331375569105148 0.324137568473816 0.320364952087402 0.370942205190659 0.512567698955536 0.551110863685608 0.574798762798309 0.602124333381653 0.623228251934052 0.589684128761292 0.612983644008636 0.542866468429565 0.360399633646011 0.250308215618134 0.281019538640976 0.283359348773956 0.363280445337296 0.438793212175369 0.422112554311752 0.464775532484055 0.522524118423462 0.598235785961151 0.550030112266541 0.604457795619965 0.709742307662964 0.632481932640076 0.582232117652893 0.707869052886963 0.716384589672089 0.726693391799927 0.732725560665131 0.739878833293915 0.736279547214508 0.730937719345093 0.726926684379578 0.671218693256378 0.701162934303284 0.704361081123352
0.237022235989571 0.247865110635757 0.293571352958679 0.269631624221802 0.269529670476913 0.28582951426506 0.330230981111526 0.369160026311874 0.452857285737991 0.544226050376892 0.541747629642487 0.529175996780396 0.454424470663071 0.436067581176758 0.408013910055161 0.430601060390472 0.399938225746155 0.414770632982254 0.385275095701218 0.346760123968124 0.324725121259689 0.283280938863754 0.274501293897629 0.287285566329956 0.300339967012405 0.328772693872452 0.44721382856369 0.496804058551788 0.53156191110611 0.527528762817383 0.534761607646942 0.51025927066803 0.514364540576935 0.486549258232117 0.322029858827591 0.286212623119354 0.285508185625076 0.328255891799927 0.375795066356659 0.45777103304863 -3.4e+38 0.527573645114899 0.559360146522522 0.563999831676483 0.548314690589905 0.611078500747681 0.688012599945068 0.706401467323303 0.710336208343506 0.706750929355621 0.688036203384399 0.72252482175827 0.73499321937561 0.737039148807526 0.712214052677155 0.737948536872864 0.735152781009674 0.729672431945801 0.709370732307434 0.696971297264099
0.239366099238396 0.26865828037262 0.282662183046341 0.261608988046646 0.274987876415253 0.323121756315231 0.332164973020554 0.412618696689606 0.454767435789108 0.500187039375305 0.54518723487854 0.490923345088959 0.480949878692627 0.460493922233582 0.445539534091949 0.482349991798401 0.491725951433182 0.49812987446785 0.465155780315399 0.407747507095337 0.316814094781876 0.289727658033371 0.262509256601334 0.271909147500992 0.317721098661423 0.365826964378357 0.418113529682159 0.4657963514328 0.52694433927536 0.525876820087433 0.510448098182678 0.498914927244186 0.470632642507553 0.486848890781403 0.366602510213852 0.28912553191185 0.328771620988846 0.334723383188248 -3.4e+38 -3.4e+38 -3.4e+38 -3.4e+38 0.543108522891998 0.541697263717651 0.5326207280159 0.571547269821167 0.630925714969635 0.639775812625885 0.645815253257751 0.670405864715576 0.620027482509613 0.569785475730896 0.69479775428772 0.713096857070923 0.711920619010925 0.697870433330536 0.712648332118988 0.729837596416473 0.728949189186096 0.719259560108185
0.202332496643066 0.239240288734436 0.25046893954277 0.263705253601074 0.296523720026016 0.309945493936539 0.325604826211929 0.3713239133358 0.411971718072891 0.45412677526474 0.550483703613281 0.498519241809845 0.544078946113586 0.536906719207764 0.522347390651703 0.513125419616699 0.550836563110352 0.574978947639465 0.542254865169525 0.499332636594772 0.427919536828995 0.387747436761856 0.349588513374329 0.350543230772018 0.348771572113037 0.395830035209656 0.437296599149704 0.486553937196732 0.479690402746201 0.471982955932617 0.453002899885178 0.488691836595535 0.502375960350037 0.493216305971146 0.464302778244019 0.429421603679657 0.519832193851471 0.547316670417786 0.541500508785248 -3.4e+38 -3.4e+38 -3.4e+38 -3.4e+38 0.618717849254608 0.650894284248352 0.668221235275269 0.606132984161377 0.584149956703186 0.567962408065796 0.575829565525055 0.583472371101379 0.61909145116806 0.673922061920166 0.692839384078979 0.69276225566864 0.686982035636902 0.684727787971497 0.67548131942749 0.692456662654877 0.684813320636749
0.183637574315071 0.242882668972015 0.272370755672455 0.252066940069199 0.29704686999321 0.296617984771729 0.326384842395782 0.36530989408493 0.372503399848938 0.413323938846588 0.505591034889221 0.502833843231201 0.548187375068665 0.542714297771454 0.537987351417542 0.574777364730835 0.563513934612274 0.592882990837097 0.595018565654755 0.602644503116608 0.574569463729858 0.552978694438934 0.449296027421951 0.437386810779572 0.441140294075012 0.444446384906769 0.488881975412369 0.52965921163559 0.507931470870972 0.440596550703049 0.485198944807053 0.55274224281311 0.554944634437561 0.523767709732056 0.500736653804779 0.516144096851349 0.567700147628784 0.563711762428284 0.551816701889038 -3.4e+38 -3.4e+38 -3.4e+38 0.66508686542511 0.694568276405334 0.669086515903473 0.649241507053375 0.638832092285156 0.629464507102966 0.63638836145401 0.653092443943024 0.661646783351898 0.713881254196167 0.718876242637634 0.705746114253998 0.698274612426758 0.703486680984497 0.740323960781097 0.713570058345795 0.624116241931915 0.582106411457062
0.14568418264389 0.193665236234665 0.229902535676956 0.252878755331039 0.252491891384125 0.265291422605515 0.265432327985764 0.312238901853561 0.327477931976318 0.364857226610184 0.459975183010101 0.505381643772125 0.500848889350891 0.546893060207367 0.593516886234283 0.584891378879547 0.614553391933441 0.606712937355042 0.642780721187592 0.638152718544006 0.630572617053986 0.640667796134949 0.613340437412262 0.577145755290985 0.582135140895844 0.622916042804718 0.583102107048035 0.563107252120972 0.535724520683289 0.519620299339294 0.570618569850922 0.574721455574036 0.555334210395813 0.540006816387177 0.52654892206192 0.544898986816406 0.570092499256134 0.585904359817505 0.587884128093719 -3.4e+38 -3.4e+38 0.665082931518555 0.700776219367981 0.709386885166168 0.661427021026611 0.662429094314575 0.673651516437531 0.677133321762085 0.676440834999084 0.705678343772888 0.727108180522919 0.735227823257446 0.749290406703949 0.755250692367554 0.756635725498199 0.759903728961945 0.756614923477173 0.714509785175323 0.640543818473816 0.672321021556854
0.165937006473541 0.209183737635612 -3.4e+38 -3.4e+38 -3.4e+38 0.241448059678078 0.252569228410721 0.265613615512848 0.264268517494202 0.326559036970139 0.364485740661621 0.414018839597702 0.45669412612915 0.500257611274719 0.595002055168152 0.63174694776535 0.64776623249054 0.645241796970367 0.637907803058624 0.645397245883942 0.667616248130798 0.670638203620911 0.660887598991394 0.65531861782074 0.665957689285278 0.667353808879852 0.658367097377777 0.627626657485962 0.646797895431519 0.678329110145569 0.669795095920563 0.599066972732544 0.58333683013916 0.580209732055664 -3.4e+38 -3.4e+38 -3.4e+38 -3.4e+38 0.603399157524109 0.619399666786194 0.645070672035217 0.733986377716064 0.727464914321899 0.697659611701965 0.668773114681244 0.67660516500473 0.684706032276154 0.687758564949036 0.69629579782486 0.717992722988129 0.7483971118927 0.755251288414001 0.758966565132141 0.750305235385895 0.734784483909607 0.745327830314636 0.755196988582611 0.735651612281799 0.760358452796936 0.753038585186005
0.188674598932266 -3.4e+38 -3.4e+38 -3.4e+38 -3.4e+38 -3.4e+38 -3.4e+38 -3.4e+38 -3.4e+38 -3.4e+38 -3.4e+38 -3.4e+38 0.503706276416779 0.549798727035522 0.597845733165741 0.624314188957214 0.622657775878906 0.648915231227875 0.637616515159607 0.664819836616516 0.683665156364441 0.691909790039062 0.693555355072021 0.704740643501282 0.72376149892807 0.705225467681885 0.677033543586731 0.679815292358398 0.736377835273743 0.728878796100616 0.661386072635651 0.604373574256897 0.578815698623657 -3.4e+38 -3.4e+38 -3.4e+38 -3.4e+38 -3.4e+38 -3.4e+38 0.624638974666595 0.690746545791626 0.719494819641113 0.715410470962524 0.678953468799591 0.678260564804077 0.678130626678467 -3.4e+38 0.673435389995575 0.704132854938507 0.722646772861481 0.72406131029129 0.723889291286469 0.720991492271423 0.717870652675629 0.721050918102264 0.74994832277298 0.76225209236145 0.762140333652496 0.762057662010193 0.758708119392395
-3.4e+38 -3.4e+38 -3.4e+38 -3.4e+38 -3.4e+38 -3.4e+38 -3.4e+38 -3.4e+38 -3.4e+38 -3.4e+38 -3.4e+38 -3.4e+38 -3.4e+38 -3.4e+38 0.590347826480865 0.567681610584259 0.516161799430847 0.624212384223938 0.661051034927368 0.677713990211487 0.677593469619751 0.706257402896881 0.705728530883789 0.72259384393692 0.723767399787903 0.747314214706421 0.76247364282608 0.77485066652298 0.77790629863739 0.692312836647034 -3.4e+38 -3.4e+38 -3.4e+38 -3.4e+38 -3.4e+38 -3.4e+38 -3.4e+38 -3.4e+38 -3.4e+38 -3.4e+38 -3.4e+38 -3.4e+38 -3.4e+38 0.680511951446533 0.690503656864166 0.671186029911041 0.680084049701691 0.690174341201782 0.691996932029724 0.68442839384079 0.674153745174408 0.665597259998322 0.682574570178986 0.690504312515259 0.707767903804779 0.723644912242889 0.768404841423035 0.765744507312775 0.765492975711823 0.766621828079224
-3.4e+38 -3.4e+38 -3.4e+38 -3.4e+38 -3.4e+38 -3.4e+38 -3.4e+38 -3.4e+38 -3.4e+38 -3.4e+38 -3.4e+38 -3.4e+38 -3.4e+38 -3.4e+38 -3.4e+38 -3.4e+38 0.406486451625824 0.606727123260498 0.633788526058197 0.661544382572174 0.691207587718964 0.691254913806915 0.762948632240295 0.764500379562378 0.759631872177124 0.76033228635788 0.766227424144745 0.778576791286469 0.756883144378662 0.714788138866425 -3.4e+38 -3.4e+38 -3.4e+38 -3.4e+38 -3.4e+38 -3.4e+38 -3.4e+38 -3.4e+38 -3.4e+38 -3.4e+38 -3.4e+38 -3.4e+38 -3.4e+38 -3.4e+38 -3.4e+38 -3.4e+38 -3.4e+38 -3.4e+38 0.676386415958405 0.66863077878952 0.669566512107849 0.650734066963196 0.662539184093475 0.668539345264435 0.695155441761017 0.748747646808624 0.764000415802002 0.770848512649536 0.77128803730011 0.747106790542603
-3.4e+38 -3.4e+38 -3.4e+38 -3.4e+38 -3.4e+38 -3.4e+38 -3.4e+38 -3.4e+38 -3.4e+38 -3.4e+38 -3.4e+38 -3.4e+38 -3.4e+38 -3.4e+38 -3.4e+38 -3.4e+38 -3.4e+38 -3.4e+38 -3.4e+38 0.633780956268311 0.674019157886505 0.741263210773468 0.753519535064697 0.77268397808075 0.771291017532349 0.770502865314484 0.779571831226349 0.773689925670624 0.71223247051239 -3.4e+38 -3.4e+38 -3.4e+38 -3.4e+38 -3.4e+38 -3.4e+38 -3.4e+38 -3.4e+38 -3.4e+38 -3.4e+38 -3.4e+38 -3.4e+38 -3.4e+38 -3.4e+38 -3.4e+38 -3.4e+38 -3.4e+38 -3.4e+38 -3.4e+38 -3.4e+38 0.662609875202179 -3.4e+38 0.594515740871429 0.546440780162811 0.596731066703796 0.683156609535217 0.727389514446259 0.713026106357574 0.720799088478088 0.720343410968781 0.704577684402466
-3.4e+38 -3.4e+38 -3.4e+38 -3.4e+38 -3.4e+38 -3.4e+38 -3.4e+38 -3.4e+38 -3.4e+38 -3.4e+38 -3.4e+38 -3.4e+38 -3.4e+38 -3.4e+38 -3.4e+38 -3.4e+38 -3.4e+38 -3.4e+38 -3.4e+38 -3.4e+38 0.687756061553955 0.7157182097435 0.710666298866272 0.729530155658722 0.782721519470215 0.769802868366241 0.729253232479095 -3.4e+38 -3.4e+38 -3.4e+38 -3.4e+38 -3.4e+38 -3.4e+38 -3.4e+38 -3.4e+38 -3.4e+38 -3.4e+38 -3.4e+38 -3.4e+38 -3.4e+38 -3.4e+38 -3.4e+38 -3.4e+38 -3.4e+38 -3.4e+38 -3.4e+38 -3.4e+38 -3.4e+38 -3.4e+38 -3.4e+38 -3.4e+38 -3.4e+38 0.601396501064301 0.661992132663727 0.688809335231781 0.68498969078064 0.702546775341034 0.711267113685608 -3.4e+38 0.731108367443085
-3.4e+38 -3.4e+38 -3.4e+38 -3.4e+38 -3.4e+38 -3.4e+38 -3.4e+38 -3.4e+38 -3.4e+38 -3.4e+38 -3.4e+38 -3.4e+38 -3.4e+38 -3.4e+38 -3.4e+38 -3.4e+38 -3.4e+38 -3.4e+38 -3.4e+38 -3.4e+38 -3.4e+38 -3.4e+38 -3.4e+38 0.712140023708344 0.742459774017334 -3.4e+38 -3.4e+38 -3.4e+38 -3.4e+38 -3.4e+38 -3.4e+38 -3.4e+38 -3.4e+38 -3.4e+38 -3.4e+38 -3.4e+38 -3.4e+38 -3.4e+38 -3.4e+38 -3.4e+38 -3.4e+38 -3.4e+38 -3.4e+38 -3.4e+38 -3.4e+38 -3.4e+38 -3.4e+38 -3.4e+38 -3.4e+38 -3.4e+38 -3.4e+38 -3.4e+38 0.604218602180481 0.685177981853485 -3.4e+38 0.686397969722748 0.696937739849091 0.707319140434265 0.715547263622284 0.726403295993805
-3.4e+38 -3.4e+38 -3.4e+38 -3.4e+38 -3.4e+38 -3.4e+38 -3.4e+38 -3.4e+38 -3.4e+38 -3.4e+38 -3.4e+38 -3.4e+38 -3.4e+38 -3.4e+38 -3.4e+38 -3.4e+38 -3.4e+38 -3.4e+38 -3.4e+38 -3.4e+38 -3.4e+38 -3.4e+38 -3.4e+38 -3.4e+38 -3.4e+38 -3.4e+38 -3.4e+38 -3.4e+38 -3.4e+38 -3.4e+38 -3.4e+38 -3.4e+38 -3.4e+38 -3.4e+38 -3.4e+38 -3.4e+38 -3.4e+38 -3.4e+38 -3.4e+38 -3.4e+38 -3.4e+38 -3.4e+38 -3.4e+38 -3.4e+38 -3.4e+38 -3.4e+38 -3.4e+38 -3.4e+38 -3.4e+38 -3.4e+38 -3.4e+38 -3.4e+38 -3.4e+38 -3.4e+38 -3.4e+38 -3.4e+38 0.695564985275269 0.715951502323151 0.79222846031189 0.729072690010071
-3.4e+38 -3.4e+38 -3.4e+38 -3.4e+38 -3.4e+38 -3.4e+38 -3.4e+38 -3.4e+38 -3.4e+38 -3.4e+38 -3.4e+38 -3.4e+38 -3.4e+38 -3.4e+38 -3.4e+38 -3.4e+38 -3.4e+38 -3.4e+38 -3.4e+38 -3.4e+38 -3.4e+38 -3.4e+38 -3.4e+38 -3.4e+38 -3.4e+38 -3.4e+38 -3.4e+38 -3.4e+38 -3.4e+38 -3.4e+38 -3.4e+38 -3.4e+38 -3.4e+38 -3.4e+38 -3.4e+38 -3.4e+38 -3.4e+38 -3.4e+38 -3.4e+38 -3.4e+38 -3.4e+38 -3.4e+38 -3.4e+38 -3.4e+38 -3.4e+38 -3.4e+38 -3.4e+38 -3.4e+38 -3.4e+38 -3.4e+38 -3.4e+38 -3.4e+38 -3.4e+38 -3.4e+38 -3.4e+38 -3.4e+38 -3.4e+38 0.74785715341568 0.762888133525848 0.743475079536438
-3.4e+38 -3.4e+38 -3.4e+38 -3.4e+38 -3.4e+38 -3.4e+38 -3.4e+38 -3.4e+38 -3.4e+38 -3.4e+38 -3.4e+38 -3.4e+38 -3.4e+38 -3.4e+38 -3.4e+38 -3.4e+38 -3.4e+38 -3.4e+38 -3.4e+38 -3.4e+38 -3.4e+38 -3.4e+38 -3.4e+38 -3.4e+38 -3.4e+38 -3.4e+38 -3.4e+38 -3.4e+38 -3.4e+38 -3.4e+38 -3.4e+38 -3.4e+38 -3.4e+38 -3.4e+38 -3.4e+38 -3.4e+38 -3.4e+38 -3.4e+38 -3.4e+38 -3.4e+38 -3.4e+38 -3.4e+38 -3.4e+38 -3.4e+38 -3.4e+38 -3.4e+38 -3.4e+38 -3.4e+38 -3.4e+38 -3.4e+38 -3.4e+38 -3.4e+38 -3.4e+38 -3.4e+38 -3.4e+38 -3.4e+38 0.689558446407318 0.722686469554901 0.769690215587616 0.750265538692474
-3.4e+38 -3.4e+38 -3.4e+38 -3.4e+38 -3.4e+38 -3.4e+38 -3.4e+38 -3.4e+38 -3.4e+38 -3.4e+38 -3.4e+38 -3.4e+38 -3.4e+38 -3.4e+38 -3.4e+38 -3.4e+38 -3.4e+38 -3.4e+38 -3.4e+38 -3.4e+38 -3.4e+38 -3.4e+38 -3.4e+38 -3.4e+38 -3.4e+38 -3.4e+38 -3.4e+38 -3.4e+38 -3.4e+38 -3.4e+38 -3.4e+38 -3.4e+38 -3.4e+38 -3.4e+38 -3.4e+38 -3.4e+38 -3.4e+38 -3.4e+38 -3.4e+38 -3.4e+38 -3.4e+38 -3.4e+38 -3.4e+38 -3.4e+38 -3.4e+38 -3.4e+38 -3.4e+38 -3.4e+38 -3.4e+38 -3.4e+38 -3.4e+38 -3.4e+38 -3.4e+38 -3.4e+38 -3.4e+38 -3.4e+38 -3.4e+38 -3.4e+38 0.652872920036316 -3.4e+38
-3.4e+38 -3.4e+38 -3.4e+38 -3.4e+38 -3.4e+38 -3.4e+38 -3.4e+38 -3.4e+38 -3.4e+38 -3.4e+38 -3.4e+38 -3.4e+38 -3.4e+38 -3.4e+38 -3.4e+38 -3.4e+38 -3.4e+38 -3.4e+38 -3.4e+38 -3.4e+38 -3.4e+38 -3.4e+38 -3.4e+38 -3.4e+38 -3.4e+38 -3.4e+38 -3.4e+38 -3.4e+38 -3.4e+38 -3.4e+38 -3.4e+38 -3.4e+38 -3.4e+38 -3.4e+38 -3.4e+38 -3.4e+38 -3.4e+38 -3.4e+38 -3.4e+38 -3.4e+38 -3.4e+38 -3.4e+38 -3.4e+38 -3.4e+38 -3.4e+38 -3.4e+38 -3.4e+38 -3.4e+38 -3.4e+38 -3.4e+38 -3.4e+38 -3.4e+38 -3.4e+38 -3.4e+38 -3.4e+38 -3.4e+38 -3.4e+38 -3.4e+38 -3.4e+38 -3.4e+38
-3.4e+38 -3.4e+38 -3.4e+38 -3.4e+38 -3.4e+38 -3.4e+38 -3.4e+38 -3.4e+38 -3.4e+38 -3.4e+38 -3.4e+38 -3.4e+38 -3.4e+38 -3.4e+38 -3.4e+38 -3.4e+38 -3.4e+38 -3.4e+38 -3.4e+38 -3.4e+38 -3.4e+38 -3.4e+38 -3.4e+38 -3.4e+38 -3.4e+38 -3.4e+38 -3.4e+38 -3.4e+38 -3.4e+38 -3.4e+38 -3.4e+38 -3.4e+38 -3.4e+38 -3.4e+38 -3.4e+38 -3.4e+38 -3.4e+38 -3.4e+38 -3.4e+38 -3.4e+38 -3.4e+38 -3.4e+38 -3.4e+38 -3.4e+38 -3.4e+38 -3.4e+38 -3.4e+38 -3.4e+38 -3.4e+38 -3.4e+38 -3.4e+38 -3.4e+38 -3.4e+38 -3.4e+38 -3.4e+38 -3.4e+38 -3.4e+38 -3.4e+38 -3.4e+38 -3.4e+38
-3.4e+38 -3.4e+38 -3.4e+38 -3.4e+38 -3.4e+38 -3.4e+38 -3.4e+38 -3.4e+38 -3.4e+38 -3.4e+38 -3.4e+38 -3.4e+38 -3.4e+38 -3.4e+38 -3.4e+38 -3.4e+38 -3.4e+38 -3.4e+38 -3.4e+38 -3.4e+38 -3.4e+38 -3.4e+38 -3.4e+38 -3.4e+38 -3.4e+38 -3.4e+38 -3.4e+38 -3.4e+38 -3.4e+38 -3.4e+38 -3.4e+38 -3.4e+38 -3.4e+38 -3.4e+38 -3.4e+38 -3.4e+38 -3.4e+38 -3.4e+38 -3.4e+38 -3.4e+38 -3.4e+38 -3.4e+38 -3.4e+38 -3.4e+38 -3.4e+38 -3.4e+38 -3.4e+38 -3.4e+38 -3.4e+38 -3.4e+38 -3.4e+38 -3.4e+38 -3.4e+38 -3.4e+38 -3.4e+38 -3.4e+38 -3.4e+38 -3.4e+38 -3.4e+38 -3.4e+38
