data/climate_estimation/maxent_output/Drymophila_moorei.asc
NCOLS 80 
NROWS 113 
XLLCORNER 146.833333333333 
YLLCORNER -35.8333333333333 
CELLSIZE 0.0833333333333332 
NODATA_value -3.4e+38 
[rows 60 to 79 of 113, columns 0 to 44 of 80]
0.00150640856008977 0.0012620990164578 0.00141634489409626 0.0017138016410172 0.00193906482309103 0.00189548672642559 0.00212979014031589 0.00215363595634699 0.00247052032500505 0.00414467696100473 0.00489293038845062 0.00578571623191237 0.00708786025643349 0.00738539034500718 0.00764728803187609 0.00871374737471342 0.0100560151040554 0.0108654452487826 0.0128125138580799 0.0147616183385253 0.0168900340795517 0.0153564838692546 0.017991054803133 0.0212314799427986 0.0285847242921591 0.049908485263586 0.0808601081371307 0.0901896804571152 0.0793054327368736 0.0655141472816467 0.0737560987472534 0.0836048200726509 0.0891344770789146 0.0999668091535568 0.0863466933369637 0.0607354901731014 0.0511572808027267 0.0526114106178284 0.0648712292313576 0.055448405444622 0.0543507598340511 0.0577886179089546 0.0694813802838326 0.0571804940700531 0.0621706210076809
0.00123510672710836 0.00134405074641109 0.00153316662181169 0.00176672067027539 0.00246649538166821 0.00233978661708534 0.00224686996079981 0.00243857805617154 0.00272138975560665 0.00465384824201465 0.00488101970404387 0.00645290641114116 0.00824664905667305 0.00834136735647917 0.00836715754121542 0.0088411271572113 0.0101972511038184 0.0121098542585969 0.0141179747879505 0.016740195453167 0.0195948779582977 0.0171613488346338 0.0205113608390093 0.0226433705538511 0.0327196754515171 0.0440119579434395 0.0662089958786964 0.068647176027298 0.073620967566967 0.0673600062727928 0.0589155256748199 0.0693005919456482 0.0805326700210571 0.0879127606749535 0.107360988855362 0.107831463217735 0.0702667757868767 0.0646965801715851 0.104176193475723 0.0839282348752022 0.0711714848875999 0.0667784065008163 0.0821382105350494 0.0693583115935326 0.0762253105640411
0.00125174003187567 0.00108200800605118 0.00155662139877677 0.00193116220179945 0.002199123846367 0.00215230858884752 0.00257883383892477 0.00265946425497532 0.00323591381311417 0.00521126948297024 0.00612244755029678 0.00720492331311107 0.00776217225939035 0.0086418716236949 0.00930480659008026 0.00995267182588577 0.0107841109856963 0.0128669459372759 0.015045365318656 0.0178505051881075 0.0201441124081612 0.0240882076323032 0.022135142236948 0.0265150275081396 0.0319799371063709 0.047990370541811 0.0597053691744804 0.0618604607880116 0.0659295991063118 0.0700179636478424 0.0552125684916973 0.0633620321750641 0.0760650336742401 0.0853170603513718 0.0904228836297989 0.127322316169739 0.14598037302494 0.149738594889641 0.187425673007965 0.166332453489304 0.120434679090977 0.0860648974776268 0.0996497943997383 0.0916599482297897 0.110061682760715
0.00133271515369415 0.00137195340357721 0.00164030282758176 0.0020039239898324 0.00227956636808813 0.002228346420452 0.00268526398576796 0.00283367652446032 0.0034322643186897 0.005787025205791 0.00668018637225032 0.00808336772024632 0.00853171292692423 0.00864334218204021 0.00930062122642994 0.00928085763007402 0.0108918678015471 0.0131702199578285 0.0150781022384763 0.0184668805450201 0.0235760603100061 0.027250112965703 0.0318339243531227 0.0297936648130417 0.0351801514625549 0.0477287769317627 0.0504745170474052 0.0580923482775688 0.0617873594164848 0.048830971121788 0.0606076754629612 0.0739601477980614 0.090649425983429 0.0927048400044441 0.110805556178093 0.185682713985443 0.234314754605293 0.264981657266617 0.269322127103806 0.267596423625946 0.161129117012024 0.148583516478539 0.129877746105194 0.111305266618729 0.109973832964897
0.0016060417983681 0.00165818945970386 0.00173651962541044 0.00202584336511791 0.00196947180666029 0.00255016190931201 0.00311045884154737 0.00311840721406043 0.00411323318257928 0.00635915575549006 0.00703960750252008 0.00754594430327415 0.00813145283609629 0.0091223930940032 0.0092717781662941 0.00925035867840052 0.00470811035484076 0.0131749482825398 0.0160336531698704 0.0200347024947405 0.0273028053343296 0.0296561736613512 0.0338251739740372 0.0371665991842747 0.0182247683405876 0.0416919514536858 0.0500182248651981 0.0563404224812984 0.0583555139601231 0.0581356771290302 0.0703792497515678 0.073280893266201 0.0800351575016975 0.0958491116762161 0.124265640974045 0.146196842193604 0.214007064700127 0.259129345417023 0.262032926082611 0.213741973042488 0.306533098220825 0.2091284096241 0.238076910376549 0.191997572779655 0.204824611544609
0.00209816568531096 0.001970240380615 0.00203103688545525 0.00215176050551236 0.00263964780606329 0.00271354266442358 0.00311087421141565 0.00381931639276445 0.00427323207259178 0.00619780970737338 0.00702669192105532 0.00723324995487928 0.00781766697764397 0.00840981118381023 0.00931563600897789 0.00988984201103449 0.0101736951619387 0.0132556734606624 0.0157831646502018 0.0201019886881113 0.027133047580719 0.0294857509434223 0.0157205015420914 0.0154025508090854 0.0175271760672331 0.0185973662883043 0.0230489615350962 0.0585449226200581 0.0594423227012157 0.0738410428166389 0.0725605934858322 0.0869639739394188 0.099371612071991 0.121267914772034 0.10696367174387 0.154781311750412 0.177410140633583 0.199860721826553 0.255553424358368 0.297163277864456 0.328778058290482 0.30613973736763 0.288267105817795 0.283354312181473 0.273438900709152
0.00240867491811514 0.00254901545122266 0.00215302803553641 0.00245768018066883 0.00263964780606329 0.00324973091483116 0.00322675122879446 0.00390389887616038 0.00567984953522682 0.00625667348504066 0.0064566470682621 0.00689920037984848 0.00765998521819711 0.00806573592126369 0.00903311930596828 0.0100038768723607 0.0112794199958444 0.0136407930403948 0.0162758883088827 0.0200923271477222 0.0238247979432344 0.0258112139999866 0.012514260597527 0.0151817910373211 0.0181748401373625 0.0204344298690557 0.0266424622386694 0.0297735277563334 0.0596136748790741 0.0759925246238708 0.0714956223964691 0.0617176964879036 0.0857916176319122 0.106064446270466 0.0742524266242981 0.135144382715225 0.161593317985535 0.194844409823418 0.163080140948296 0.225716724991798 0.155086100101471 0.246460139751434 0.152658298611641 0.206816911697388 0.167812824249268
0.00263526267372072 0.00278679514303803 0.00302394386380911 0.00303004868328571 0.00315343448892236 0.00325272604823112 0.00402994593605399 0.00441386783495545 0.00438549276441336 0.00577881885692477 0.00583906844258308 0.00644302042201161 0.00661133415997028 0.00751427793875337 0.00839126296341419 0.00908099301159382 0.0106020402163267 0.0141570372506976 0.0148853035643697 0.0171506833285093 0.020426731556654 0.0254443939775229 0.0288332011550665 0.0141185075044632 0.0163547471165657 0.019883319735527 0.021987346932292 0.0230852831155062 0.0589594803750515 0.0571968890726566 0.0662668943405151 0.0801663249731064 0.0875213816761971 0.0604255199432373 0.0697269067168236 0.130456149578094 0.158824443817139 0.125202357769012 0.160072565078735 0.10834701359272 0.133756160736084 0.173421248793602 0.0831819251179695 0.196768760681152 0.13936023414135
0.00351383560337126 0.00342656299471855 0.00338900624774396 0.00352742988616228 0.00358640495687723 0.00435918802395463 0.00490949908271432 0.00454836338758469 0.00558069068938494 0.00522143952548504 0.0056583508849144 0.0056292419321835 0.00692610442638397 0.00681692734360695 0.00785702746361494 0.00861462112516165 0.00960148870944977 0.0131251728162169 0.0134154642000794 0.0150404432788491 0.0186644550412893 0.0217447280883789 0.0261575393378735 0.0294589288532734 0.014503643848002 0.0144286938011646 0.0172094162553549 0.0188684873282909 0.0516610145568848 0.0700906589627266 0.0775236412882805 0.0870025381445885 0.0888288542628288 0.0492152608931065 0.0655023753643036 0.0760279223322868 0.0735593736171722 0.105197250843048 0.0961716845631599 0.0912987515330315 0.101979494094849 0.103202566504478 0.0813653692603111 0.123630203306675 0.161039501428604
0.0034944242797792 0.00367568014189601 0.0031121619977057 0.00346990628167987 0.00425915233790874 0.00435255467891693 0.00498985312879086 0.00495433714240789 0.00444824481382966 0.00541349221020937 0.00565872341394424 0.00601060781627893 0.00656274426728487 0.00662639830261469 0.00687235919758677 0.00762904155999422 0.00945843476802111 0.0110008446499705 0.0134814828634262 0.0141763221472502 0.0170159228146076 0.0174174476414919 0.0216375757008791 0.0215402282774448 0.0265212822705507 0.0139181530103087 0.0156928356736898 0.0227936524897814 0.0241831429302692 0.0286719370633364 0.0425818338990211 0.0454452373087406 0.046646174043417 0.0558671094477177 0.0650004968047142 0.0531670860946178 0.0511747114360332 0.109973475337029 0.0831958055496216 0.0799538344144821 0.0833025947213173 0.0808714330196381 0.0940685346722603 0.0797098577022552 0.0993780568242073
0.00314733339473605 0.00347341876477003 0.00335853337310255 0.00415761722251773 0.00447228690609336 0.00410493975505233 0.0047221896238625 0.0047221896238625 0.00448144506663084 0.00441479682922363 0.00619756337255239 0.00589056639000773 0.00580209214240313 0.00678345002233982 0.00673272972926497 0.00788356456905603 0.00836715847253799 0.00988829135894775 0.013161894865334 0.0166631322354078 0.0174296014010906 0.0168497506529093 0.023529602214694 0.0102658988907933 0.0248836018145084 0.0130008216947317 0.0158639997243881 0.0190665517002344 0.0254286527633667 0.0328377857804298 0.0371826179325581 0.0399055294692516 0.0423634462058544 0.0554058700799942 0.0653076693415642 0.0514508597552776 0.0507034696638584 0.0483837872743607 0.0934650227427483 0.104169867932796 0.0680350959300995 0.0755362212657928 0.0823957920074463 0.0866044089198112 0.079141341149807
0.0032246436458081 0.003417675383389 0.003477772930637 0.0037974682636559 0.00410925503820181 0.00456089898943901 0.00526480795815587 0.00499654607847333 0.0046281567774713 0.0063409423455596 0.00618306221440434 0.00579397240653634 0.00663850922137499 0.00596226193010807 0.0069182482548058 0.00725917937234044 0.00950268190354109 0.0115183424204588 0.00860133860260248 0.00810776837170124 0.0177266132086515 0.0147661278024316 0.0174433775246143 0.00995881482958794 0.0114780375733972 0.0129207819700241 0.0186269655823708 0.0221763644367456 0.0261261127889156 0.0226671826094389 0.0283868573606014 0.0327913425862789 0.0386963002383709 0.050356101244688 0.0745621472597122 0.0859329849481583 0.0666291415691376 0.0542758256196976 0.105635806918144 0.0932686403393745 0.100790753960609 0.0662094578146935 0.0739640220999718 0.0736948996782303 0.0671602636575699
0.00325431302189827 0.00351932947523892 0.00376131804659963 0.00379063724540174 0.00419396813958883 0.00422579888254404 0.0047231218777597 0.00587884616106749 0.00525398273020983 0.00461741024628282 0.00598988169804215 0.00613088114187121 0.00588288344442844 0.00603252043947577 0.00655753212049603 0.00657338555902243 0.00776556646451354 0.00508638005703688 0.00845466647297144 0.00938423536717892 0.0178811624646187 0.00760631216689944 0.0148149784654379 0.0130172213539481 0.0182732008397579 0.0112056480720639 0.0179234370589256 0.0283615030348301 0.0244049653410912 0.021067701280117 0.0356524810194969 0.0348744131624699 0.0455187782645226 0.0499567501246929 0.0659499242901802 0.0943713709712029 0.121263690292835 0.091436855494976 0.1735680103302 0.120488882064819 0.188326239585876 0.0904445871710777 0.124453745782375 0.110194161534309 0.145414173603058
0.00327899609692395 0.00394348613917828 0.00396760134026408 0.00401544431224465 0.00443730037659407 0.00456542940810323 0.00441268552094698 0.00537226209416986 0.00523898890241981 0.00441455142572522 0.00614390941336751 0.00638601835817099 0.00644948985427618 0.0064043253660202 0.00649637822061777 0.00728515302762389 0.00855564046651125 0.00509239081293344 0.00924467109143734 0.0093871271237731 0.00928136520087719 0.00882513355463743 0.0129002770408988 0.0141634168103337 0.0108861811459064 0.0195189695805311 0.0146611658856273 0.0235084407031536 0.0272969882935286 0.0226401761174202 0.0470158196985722 0.0448116399347782 0.0348103865981102 0.0456151254475117 0.0711770877242088 0.110119126737118 0.15544405579567 0.159877717494965 0.132528960704803 0.249733224511147 0.368825376033783 0.195768371224403 0.157901272177696 0.189446479082108 0.225086376070976
0.00391614949330688 0.00394147634506226 0.00426476262509823 0.00451263412833214 0.00440343050286174 0.00492184003815055 0.00535783777013421 0.00535695208236575 0.0063649551011622 0.00637445040047169 0.00652488227933645 0.00683947699144483 0.00671847071498632 0.00666205398738384 0.00737805245444179 0.00810547266155481 0.00882052071392536 0.00580925028771162 0.0115599893033504 0.0114798787981272 0.012064304202795 0.0114444894716144 0.00878786854445934 0.0106398090720177 0.0115692345425487 0.0100906696170568 0.0121114058420062 0.0161189362406731 0.0199771299958229 0.0244668107479811 0.0365846864879131 0.0513078682124615 0.0627603605389595 0.0437877476215363 0.0704657658934593 0.0828664228320122 0.130122363567352 0.188320741057396 0.184960871934891 0.337625950574875 0.445086926221848 0.420098632574081 0.273920774459839 0.381563782691956 0.445008724927902
0.00268498854711652 0.00453142449259758 0.00355711416341364 0.0041355462744832 0.00437034806236625 0.00501576950773597 0.00553290918469429 0.00523021770641208 0.00671369396150112 0.00696333358064294 0.00638178735971451 0.0064830407500267 0.00684680324047804 0.00707479612901807 0.00712060695514083 0.00762689579278231 0.00893007218837738 0.00629532756283879 0.0131808277219534 0.00911703892052174 0.0110411355271935 0.0106516918167472 0.0113387312740088 0.0150811551138759 0.0158063285052776 0.0111977364867926 0.0168709009885788 0.0146563854068518 0.0227750819176435 0.043968103826046 0.0521357022225857 0.0454772040247917 0.0913015231490135 0.0952670127153397 0.085533581674099 0.111978299915791 0.131865635514259 0.166227906942368 0.220675781369209 0.384680151939392 0.345369189977646 0.460140824317932 0.468983769416809 0.516909003257751 0.559844076633453
0.00259830849245191 0.00378425349481404 0.00310061732307076 0.00361255998723209 0.00522205326706171 0.00480269314721227 0.00587243167683482 0.00722969509661198 0.00582376029342413 0.00708312075585127 0.00751770846545696 0.00764979794621468 0.00713863037526608 0.00791360065340996 0.00773869454860687 0.00829375348985195 0.00878210831433535 0.0137285217642784 0.0104990983381867 0.00964446924626827 0.0101974084973335 0.0122523233294487 0.0115062724798918 0.0187554750591516 0.0227900110185146 0.0161257069557905 0.0209823790937662 0.0268452949821949 0.022885400801897 0.0541798360645771 0.0689820200204849 0.0785958394408226 0.0810460075736046 0.110480517148972 0.129805698990822 0.10358065366745 0.113523088395596 0.141639590263367 0.175646603107452 0.379503220319748 0.507524371147156 0.501200377941132 0.527198374271393 0.563265800476074 0.575232148170471
0.00324522820301354 0.00341245857998729 0.00436545303091407 0.00353777245618403 0.00522535154595971 0.00496628135442734 0.00587275112047791 0.00709131080657244 0.00671575358137488 0.00621710531413555 0.00655985297635198 0.00713295396417379 0.00762973306700587 0.00853221397846937 0.00785364210605621 0.00826713349670172 0.00801088660955429 0.0100299278274179 0.0121360430493951 0.0100743602961302 0.0110183758661151 0.0150629747658968 0.0142826866358519 0.0201907102018595 0.0217875707894564 0.0189509578049183 0.0258078183978796 0.0428442172706127 0.0353351086378098 0.0493719168007374 0.0700541436672211 0.0845608413219452 0.092150405049324 0.113435074687004 0.122611470520496 0.151731207966805 0.160266235470772 0.182786911725998 0.285031229257584 0.394494086503983 0.495831876993179 0.518482387065887 0.566895067691803 0.554047048091888 0.557508289813995
0.00311068585142493 0.00345834740437567 0.00388895627111197 0.00449016410857439 0.00518269976601005 0.00619703205302358 0.00754904188215733 0.00547613017261028 0.00572110060602427 0.0059047844260931 0.00586084742099047 0.00641069607809186 0.00707926880568266 0.0091868145391345 0.00931053981184959 0.00991191994398832 0.0107106333598495 0.00502193719148636 0.0123052429407835 0.0156810898333788 0.0214727409183979 0.0172595828771591 0.0193988848477602 0.0243544280529022 0.0203755628317595 0.0267788525670767 0.0363981164991856 0.0454266518354416 0.0430780909955502 0.0431718118488789 0.0709183439612389 0.0871162191033363 0.102064028382301 0.111213177442551 0.125185936689377 0.149032458662987 0.17094948887825 0.268166780471802 0.210598215460777 0.218829169869423 0.477583914995193 0.531105697154999 0.53589791059494 0.575687229633331 0.558739006519318
0.00285925879143178 0.00329652009531856 0.00383068202063441 0.00448480900377035 0.00464232126250863 0.00526565173640847 0.00538964150473475 0.00544243305921555 0.00489704962819815 0.00534511357545853 0.00580817926675081 0.00652090646326542 0.00723340502008796 0.00857409462332726 0.00978097040206194 0.0112536093220115 0.0123104732483625 0.00605393713340163 0.0112004522234201 0.023243660107255 0.0266309734433889 0.0202094726264477 0.0280100796371698 0.025617515668273 0.02461838722229 0.0322346463799477 0.0446744374930859 0.0275399666279554 0.0571254380047321 0.0456581376492977 0.0845057368278503 0.095084547996521 0.0908635929226875 0.100684404373169 0.109156057238579 0.135434165596962 0.119258098304272 0.176695138216019 0.178606286644936 0.149696111679077 0.216097488999367 0.497127950191498 0.5553297996521 0.600077092647552 0.506157457828522
