data/climate_estimation/maxent_output/Drymophila_moorei.asc
NCOLS 80 
NROWS 113 
XLLCORNER 146.833333333333 
YLLCORNER -35.8333333333333 
CELLSIZE 0.0833333333333332 
NODATA_value -3.4e+38 
[rows 0 to 19 of 113, columns 0 to 44 of 80]
0.001123091322370 0.0012514361878857 0.00132226920686662 0.00183541944716126 0.00200416729785502 0.0021943396423012 0.00203221454285085 0.00208607804961503 0.0017529270844534 0.00238833972252905 0.00213156035169959 0.00215699570253491 0.00199108314700425 0.00191756384447217 0.00196810741908848 0.002635178854689 0.00265721790492535 0.0032433932647109 0.00463089579716325 0.00502296164631844 0.00461012404412031 0.00473829219117761 0.00494418060407043 0.00471493462100625 0.00667802477255464 0.00557559449225664 0.00528926635161042 0.00594882946461439 0.00627026380971074 0.00625384785234928 0.00583456829190254 0.00598998228088021 0.00766753870993853 0.00762267410755157 0.00964626856148243 0.0103540038689971 0.0115689421072602 0.0139779448509216 0.0131960809230804 0.0131762055680156 0.0125621212646365 0.0136605510488153 0.0137702049687505 0.0167800392955542 0.0178399197757244
0.00116432260256261 0.00121696433052421 0.00165391736663878 0.00181843037717044 0.00184552907012403 0.00180590560194105 0.00185945245902985 0.00189641409087926 0.00193347374442965 0.00212046247906983 0.00211839959956706 0.00205687829293311 0.00200720829889178 0.0019295196980238 0.00186811096500605 0.00257323123514652 0.00243689562194049 0.00321634439751506 0.00397568102926016 0.0047349538654089 0.00435202568769455 0.00421579508110881 0.00414293725043535 0.00425671599805355 0.00583613524213433 0.00466339010745287 0.00490535981953144 0.00526560982689261 0.0055114314891398 0.00550618069246411 0.00535187544301152 0.00584658002480865 0.00708192912861705 0.00735065760090947 0.00902895256876945 0.00936933327466249 0.0102594057098031 0.0104644065722823 0.0110824964940548 0.0107131386175752 0.0114104924723506 0.012774433940649 0.0144575238227844 0.0170866586267948 0.018183009698987
0.00118719146121293 0.00152165431063622 0.0017488629091531 0.0016574872424826 0.00166531768627465 0.00156919425353408 0.00163296435493976 0.00171965803019702 0.00178599497303367 0.00199574721045792 0.00197383877821267 0.00186892412602901 0.00183016352821141 0.00187614152673632 0.00174693041481078 0.00244497694075108 0.00227589113637805 0.00316668557934463 0.00355144520290196 0.00443290686234832 0.00439437013119459 0.00420245062559843 0.00393664836883545 0.00409978674724698 0.00406670151278377 0.00439784349873662 0.00600988743826747 0.00459977239370346 0.00461703538894653 0.00521050486713648 0.00488510634750128 0.00642867991700768 0.00664186896756291 0.00698294164612889 0.00806699693202972 0.00870714895427227 0.0096465926617384 0.00960454903542995 0.010446147993207 0.0110197644680738 0.010980355553329 0.0141759682446718 0.0141149824485183 0.0166398584842682 0.0167700760066509
0.00115339388139546 0.0012252003652975 0.00155171693768352 0.00158201751764864 0.00143438042141497 0.00117306702304631 0.00123674387577921 0.00161380716599524 0.00176884955726564 0.00179267185740173 0.00181121251080185 0.00175409321673214 0.00179070571903139 0.00173921720124781 0.00199815351516008 0.00206234958022833 0.00274168094620109 0.00385903916321695 0.00330677325837314 0.00411570584401488 0.00553898047655821 0.00482344767078757 0.00470269238576293 0.00461384421214461 0.00473149260506034 0.00487269321456552 0.00534883514046669 0.00422770949080586 0.00445700576528907 0.00629635946825147 0.00591015117242932 0.00587129965424538 0.00609421217814088 0.00652491860091686 0.00770190497860312 0.00768757145851851 0.00899261329323053 0.00946725904941559 0.00970614142715931 0.0100633967667818 0.0109430709853768 0.0125041576102376 0.0133765917271376 0.0156885366886854 0.0168197862803936
0.00107634230516851 0.00117455900181085 0.00111918267793953 0.00118565955199301 0.00116839888505638 0.00113935698755085 0.00149782898370177 0.00154056621249765 0.00164676329586655 0.00171431084163487 0.00173466338310391 0.00168720935471356 0.00198071938939393 0.0020242917817086 0.0018620272167027 0.00206168019212782 0.00273262336850166 0.00363180390559137 0.00319671910256147 0.00412144931033254 0.00527357729151845 0.0055907005444169 0.00547175435349345 0.00534772779792547 0.00443286309018731 0.00469952542334795 0.00506237614899874 0.00493652932345867 0.00402314309030771 0.00550492759793997 0.00562465516850352 0.0056667672470212 0.00568456808105111 0.0060346950776875 0.00727484421804547 0.00731392810121179 0.00818640645593405 0.0089371632784605 0.0102561358362436 0.0102710956707597 0.0107812099158764 0.0115604028105736 0.0135259870439768 0.0149895055219531 0.0144831975921988
0.00106857647188008 0.00107315031345934 0.00102230161428452 0.00105239264667034 0.00107011687941849 0.00105608929879963 0.00138295174110681 0.00140552688390017 0.00152578006964177 0.00197598291561007 0.00198892108164728 0.00198162742890418 0.0020054797641933 0.0019612826872617 0.00183011020999402 0.00238229357637465 0.00324041419662535 0.00322209671139717 0.00364761729724705 0.00379431224428117 0.00548472115769982 0.00520686758682132 0.00499194767326117 0.00487213954329491 0.00492011336609721 0.00430229213088751 0.00452650478109717 0.00453160377219319 0.00465760938823223 0.00476890569552779 0.00532595161348581 0.00514470227062702 0.00553443282842636 0.00592518132179976 0.00686318520456553 0.0070939059369266 0.00750235980376601 0.00808902084827423 0.00925046671181917 0.00986295286566019 0.010573741979897 0.0122033674269915 0.0124460412189364 0.0147665049880743 0.0164638515561819
0.00104652380105108 0.00101342750713229 0.000991627341136336 0.000982763478532434 0.00101928203366697 0.00102706521283835 0.00101689912844449 0.00130593054927886 0.00143178750295192 0.00153220817446709 0.00184074183925986 0.00185279222205281 0.00188210117630661 0.00180652854032815 0.00171855499502271 0.00226340419612825 0.00298085529357195 0.00308489636518061 0.00348183559253812 0.00332023459486663 0.00421595992520452 0.00545554328709841 0.00614887522533536 0.00481875706464052 0.004486792255193 0.00476475432515144 0.0040537747554481 0.00432279706001282 0.00427571823820472 0.00368507183156908 0.00454497197642922 0.00490216910839081 0.00504637695848942 0.0063019129447639 0.00665668630972505 0.00708005437627435 0.00744556123390794 0.00841863546520472 0.0084507716819644 0.0091383745893836 0.0116431806236506 0.0134247727692127 0.0140435947105289 0.0148151600733399 0.0175249818712473
0.000771576887927949 0.000742163567338139 0.000935128075070679 0.00094516493845731 0.000965865619946271 0.000985659891739488 0.00100157293491066 0.00127382611390203 0.00136791961267591 0.00135181949008256 0.00181676400825381 0.00181676400825381 0.00172012881375849 0.00163636123761535 0.00165784975979477 0.00204571639187634 0.00277817714959383 0.00353398802690208 0.00363330659456551 0.00411390559747815 0.00370382773689926 0.00462206918746233 0.00564770353958011 0.00529293529689312 0.00433632498607039 0.00447811745107174 0.00441030645743012 0.00392214395105839 0.00389414676465094 0.00344933662563562 0.00438355375081301 0.00454497197642922 0.0049723875708878 0.00598866352811456 0.00631099846214056 0.00676270620897412 0.00738898757845163 0.00805694330483675 0.00832930486649275 0.00950301066040993 0.0112709766253829 0.0138800842687488 0.0150113450363278 0.0171798933297396 0.0254176594316959
0.000683383259456605 0.000675160146784037 0.000852132099680603 0.000933088129386306 0.000941213686019182 0.000921355152968317 0.000934282317757607 0.00120688567403704 0.00125053734518588 0.00122631550766528 0.00135188782587647 0.00137709814589471 0.00131214852444828 0.00131214852444828 0.00154310744255781 0.00164529052563012 0.00208706059493124 0.00270258658565581 0.0034309106413275 0.00405839364975691 0.00401533395051956 0.0036974020767957 0.00451144762337208 0.00423413142561913 0.00410317583009601 0.00403980631381273 0.00404941290616989 0.00371202523820102 0.00402208417654037 0.00443583913147449 0.00489159626886249 0.00577860651537776 0.0056593376211822 0.006019685883075 0.00623271800577641 0.00662939995527267 0.00760272517800331 0.00792298000305891 0.00843305326998234 0.00953569356352091 0.0104800015687943 0.012876464985311 0.0144629869610071 0.0247433297336102 0.0240604393184185
0.000637019460555166 0.000662325881421566 0.00085186812793836 0.000873876211699098 0.000892153126187623 0.000861737178638577 0.000875920697581023 0.00112704385537654 0.00111933751031756 0.00111933751031756 0.00125871051568538 0.00123973086010665 0.00121916620992124 0.00123084534425288 0.00124954734928906 0.00153849797789007 0.00206188578158617 0.00241280300542712 0.00291435560211539 0.00305138365365565 0.00356347463093698 0.00364597048610449 0.00403399579226971 0.00386375025846064 0.00389943923801184 0.0036906604655087 0.00406281091272831 0.00453384453430772 0.00465345475822687 0.00517046544700861 0.00563796563073993 0.00532262632623315 0.0060464758425951 0.00619227532297373 0.00691203493624926 0.00724318763241172 0.00782544352114201 0.00796243362128735 0.0082392105832696 0.00877820793539286 0.0099208690226078 0.0108273746445775 0.0187561307102442 0.0210141241550446 0.0229770913720131
0.000605253037065268 0.000604553264565766 0.000637757184449583 0.000827293959446251 0.000860201602336019 0.000842775101773441 0.000836611317936331 0.000816866289824247 0.00106560322456062 0.00109671824611723 0.00115411356091499 0.00113205320667475 0.00113205320667475 0.00120394048281014 0.00122091581579298 0.00120290042832494 0.00191032816655934 0.00230643735267222 0.00222207000479102 0.0029101527761668 0.00344210956245661 0.0033027573954314 0.00327614322304726 0.00373469921760261 0.00366852339357138 0.00402560131624341 0.00449007097631693 0.00510552572086453 0.00525542348623276 0.00596026703715324 0.00561796128749847 0.00611902307718992 0.00630380306392908 0.0062107527628541 0.00687261065468192 0.00712676672264934 0.00737479608505964 0.00788834597915411 0.00850749015808105 0.00870166253298521 0.0141035364940763 0.0152593329548836 0.0174664855003357 0.0195132028311491 0.0216808244585991
0.000483724288642406 0.00057635607663542 0.000603589287493378 0.000779941736254841 0.000796661246567965 0.000789295532740653 0.000789295532740653 0.000769853708334267 0.000985808204859495 0.00107438664417714 0.00115457689389586 0.00105180125683546 0.00106685620266944 0.00112850731238723 0.00119876489043236 0.00140605517663062 0.00174971530213952 0.00222608889453113 0.00275723054073751 0.00269732624292374 0.00262023252435029 0.00329343159683049 0.0031991102732718 0.00322358426637948 0.0037059395108372 0.00408855546265841 0.00540969986468554 0.00492951134219766 0.00554429227486253 0.00629244279116392 0.0061059701256454 0.00651295762509108 0.00666400697082281 0.00674839457497001 0.00774234347045422 0.00782182347029448 0.00791255198419094 0.00777081213891506 0.00817368272691965 0.0124579034745693 0.0140406098216772 0.0148499105125666 0.0174026768654585 0.0189715232700109 0.0186591818928719
0.000440178089775145 0.000558706175070256 0.000600401719566435 0.000635469681583345 0.000760898983571678 0.000744665565434843 0.000753534026443958 0.000911450071725994 0.000969906861428171 0.000951742229517549 0.00104299862869084 0.00106800580397248 0.00108429591637105 0.00110803463030607 0.00143455329816788 0.00143070798367262 0.00175542663782835 0.00220723310485482 0.0021418547257781 0.00265253591351211 0.00260855653323233 0.00317839835770428 0.0031955090817064 0.00321355531923473 0.00398465944454074 0.00408855546265841 0.00434954836964607 0.00456450320780277 0.00526330107823014 0.0059466790407896 0.00597637332975864 0.00596953788772225 0.00716090388596058 0.00772582227364182 0.00800570100545883 0.00790073443204165 0.0080200582742691 0.00855382159352303 0.00874920934438705 0.0130762532353401 0.0139998625963926 0.0159642957150936 0.0169202871620655 0.0163622014224529 0.0184487625956535
0.000451225787401199 0.000458372407592833 0.000584503985010087 0.000591336749494076 0.000711979402694851 0.000706312304828316 0.000686196726746857 0.000857917126268148 0.000900620012544096 0.00094765133690089 0.00092038931325078 0.000981933553703129 0.00123281439300627 0.00127615407109261 0.00135652185417712 0.00171740434598178 0.00171357742510736 0.00198564724996686 0.00200439151376486 0.00256754853762686 0.0026515438221395 0.00331536890007555 0.00323580834083259 0.00332359387539327 0.00393518339842558 0.00390401808544993 0.00413196021690965 0.00477252947166562 0.00529849855229259 0.0054212068207562 0.00566201377660036 0.00566201377660036 0.00644890451803803 0.00692856591194868 0.0078890984877944 0.00852048490196466 0.00875134579837322 0.00802385248243809 0.00850544776767492 0.0134872952476144 0.0144429663196206 0.0150823686271906 0.0161103066056967 0.0159407965838909 0.0176298953592777
0.000430728803621605 0.000444691104348749 0.000562391534913331 0.000584352528676391 0.000557440973352641 0.000689140113536268 0.000707143102772534 0.000841012748423964 0.000850558397360146 0.00107024097815156 0.00108904379885644 0.00116615684237331 0.00124087906442583 0.00127921684179455 0.00155820196960121 0.00160767999477684 0.00195751339197159 0.00202335440553725 0.00214066170156002 0.00259927683509886 0.00258618523366749 0.00323376804590225 0.00313137634657323 0.00328636751510203 0.00382066331803799 0.00427608238533139 0.004300432279706 0.0049701533280313 0.00528140878304839 0.00529569014906883 0.00485364347696304 0.00531418481841683 0.00585797522217035 0.00615283893421292 0.00640317518264055 0.00741170207038522 0.00720412470400333 0.00776417646557093 0.0122286565601826 0.0123140700161457 0.013154405169189 0.0140430610626936 0.0149833047762513 0.0149960070848465 0.016874261200428
0.000419597054133192 0.000455462432000786 0.000579431827645749 0.000568145071156323 0.000557294464670122 0.000650868227239698 0.000671439920552075 0.000804543611593544 0.00082758953794837 0.00101921323221177 0.00105457822792232 0.00111934682354331 0.00116551702376455 0.00143490836489946 0.00148446252569556 0.00160239462275058 0.00194886885583401 0.00205045868642628 0.00204223184846342 0.00257802102714777 0.00261230696924031 0.00268576107919216 0.00326745305210352 0.00330865313299 0.00414466066285968 0.00426638079807162 0.00486115692183375 0.00508125172927976 0.00476358644664288 0.00478545250371099 0.00485364347696304 0.00525972666218877 0.00562511244788766 0.00568884517997503 0.00617712549865246 0.00696593103930354 0.00696105137467384 0.00753372022882104 0.0109231770038605 0.0111865447834134 0.0118326162919402 0.0126993842422962 0.0137399882078171 0.0146235432475805 0.015498211607337
0.000402743578888476 0.000427253457019106 0.000527000171132386 0.000522581627592444 0.000491095124743879 0.000630930240731686 0.000638708937913179 0.00078482850221917 0.000824765709694475 0.00102473562583327 0.000986841507256031 0.0010469586122781 0.00116109917871654 0.00141343846917152 0.00152238691225648 0.00155564292799681 0.00198441348038614 0.00196051271632314 0.00198521371930838 0.0025689157191664 0.00267677824012935 0.00271238572895527 0.00315532460808754 0.00345041533000767 0.00420505553483963 0.00412027817219496 0.00413457304239273 0.0047779786400497 0.00478545250371099 0.0043936581350863 0.00452329078689218 0.00488908495754004 0.00515316613018513 0.00545027619227767 0.00550344167277217 0.006300148088485 0.00661856587976217 0.0095539465546608 0.0109814247116446 0.0108873471617699 0.0120997596532106 0.0119230626150966 0.0128257898613811 0.0145131750032306 0.0149124227464199
0.000316167541313916 0.000407108338549733 0.000420599186327308 0.000482786446809769 0.000493568717502058 0.000594932411331683 0.000620977603830397 0.000753928674384952 0.000929109461139888 0.000947379390709102 0.00101511832326651 0.000997006427496672 0.00109652278479189 0.00132008665241301 0.00139490200672299 0.00151565799023956 0.00282866158522666 0.0019692110363394 0.0020268231164664 0.00245434697717428 0.00266434578225017 0.00281522190198302 0.00338147184811532 0.00362705369479954 0.003729532007128 0.00339330616407096 0.00408530235290527 0.00431657349690795 0.00420224852859974 0.00397025747224689 0.00430053751915693 0.00449747266247869 0.00451478827744722 0.00502976635470986 0.00516159646213055 0.00590698793530464 0.00611778115853667 0.00700825126841664 0.01079769898206 0.0104377390816808 0.0116547532379627 0.0109703252092004 0.0115573648363352 0.0136667480692267 0.0151945231482387
0.000312500953441486 0.000407395273214206 0.000375477829948068 0.000386934319976717 0.000478408648632467 0.000575185695197433 0.000598054204601794 0.000741082068998367 0.00084394688019529 0.000933078234083951 0.0009504723129794 0.0010374195408076 0.00108821352478117 0.00191546825226396 0.00195448310114443 0.00150135811418295 0.00268377922475338 0.00196485687047243 0.00204258970916271 0.002193340100348 0.00271394685842097 0.00275204237550497 0.00288369809277356 0.00347852241247892 0.00337688764557242 0.0033474825322628 0.00338158453814685 0.00337106129154563 0.00386383873410523 0.00388909829780459 0.00418600719422102 0.00447180215269327 0.00512679666280746 0.00519482744857669 0.0052611967548728 0.00602961191907525 0.00710307294502854 0.00760345440357924 0.0107301268726587 0.0102633880451322 0.0102595305070281 0.011768776923418 0.0124016394838691 0.0138209387660027 0.0158523004502058
0.000325575907481834 0.000328425085172057 0.000309893803205341 0.000376093812519684 0.000396080838982016 0.000472881307359785 0.000583265209570527 0.000679192657116801 0.000863916764501482 0.00090512860333547 0.000930150272324681 0.000960520643275231 0.00108699360862374 0.00185896502807736 0.00197291933000088 0.00216016150079668 0.00228837295435369 0.00267461268231273 0.00195514177903533 0.00217274529859424 0.00260255043394864 0.00271185534074903 0.00278917816467583 0.00270935799926519 0.00326952873729169 0.0031991102732718 0.00319321383722126 0.00346321845427155 0.0038968448061496 0.00415892386808991 0.00445738807320595 0.00455019343644381 0.00516123976558447 0.00533953355625272 0.00567073607817292 0.0062289061024785 0.00701133767142892 0.00714416382834315 0.00777182821184397 0.0104235950857401 0.0110274599865079 0.0115179503336549 0.0129375290125608 0.0134524647146463 0.0154645340517163
