data/climate_estimation/maxent_output/Erythronium_revolutum.asc
NCOLS 106 
NROWS 257 
XLLCORNER -127.75 
YLLCORNER 34.25 
CELLSIZE 0.0833333333333333 
NODATA_value -3.4e+38 
[rows 198 to 219 of 257, columns 49 to 97 of 106]
0.642991960048676 0.647340953350067 0.733996331691742 0.842624247074127 0.834702849388123 0.408739358186722 0.43245604634285 0.48226261138916 0.0726300030946732 0.0325317792594433 0.239852353930473 0.132987946271896 0.0731494426727295 0.0207487139850855 0.0268444623798132 0.0065645887516439 0.00412352336570621 0.00302334502339363 0.0028827132191509 0.00253849173896015 0.00259879836812615 0.00265873176977038 0.00290504307486117 0.00346222217194736 0.00369383208453655 0.00465273717418313 0.00558148045092821 0.00800726749002934 0.018177455291152 0.0784529447555542 0.261643350124359 0.370348393917084 0.363968729972839 0.343377470970154 0.383527487516403 0.526435613632202 0.563164293766022 0.676825940608978 0.667093813419342 0.610574126243591 0.532485485076904 0.415790379047394 0.129633381962776 0.0617346651852131 0.0456603430211544 0.0790115222334862 0.00648094853386283 0.00284820143133402 0.00625469535589218
0.711027204990387 0.801662147045135 0.711952149868011 0.800174832344055 0.825946927070618 0.608953177928925 0.357418358325958 0.61853039264679 0.0851259008049965 0.0250908099114895 0.0264491867274046 0.037744302302599 0.0215314999222755 0.01528643630445 0.0344387628138065 0.0114893056452274 0.00807950180023909 0.00378239271230996 0.00272240629419684 0.00240278337150812 0.0023364732041955 0.00247688870877028 0.0025619666557759 0.00289741973392665 0.00317112915217876 0.00393027206882834 0.00498256832361221 0.00648591062054038 0.0116888331249356 0.0369700230658054 0.0967773497104645 0.21471694111824 0.260115444660187 0.252685308456421 0.297343730926514 0.241257637739182 0.375087380409241 0.589912235736847 0.597031474113464 0.632541179656982 0.522550165653229 0.510014712810516 0.182757422327995 0.0736988708376884 0.0572425909340382 0.0843445435166359 0.00350407068617642 0.00297417235560715 0.00543903093785048
0.54537296295166 0.79507714509964 0.80259770154953 0.754095554351807 0.843457520008087 0.838414430618286 0.385056436061859 0.245967701077461 0.303690791130066 0.0611140765249729 0.125407218933105 0.0318015553057194 0.0220018476247787 0.0256479475647211 0.0263202860951424 0.0132731841877103 0.0157654732465744 0.00625273119658232 0.00323353288695216 0.00245367898605764 0.00220852834172547 0.00221525202505291 0.00256899441592395 0.00263873254880309 0.0029644388705492 0.00374500756151974 0.00466671725735068 0.00617871107533574 0.00846791826188564 0.0184405986219645 0.0608389861881733 0.119608819484711 0.113655723631382 0.200148299336433 0.212306246161461 0.235746935009956 0.277318090200424 0.488270372152328 0.592896938323975 0.616976678371429 0.633393883705139 0.615183651447296 0.448845595121384 0.0880028754472733 0.070805124938488 0.064949594438076 0.00385749177075922 0.00268579530529678 0.00332610728219151
0.373835414648056 0.699186623096466 0.783046960830688 0.789282560348511 0.832405567169189 0.7474405169487 0.584785640239716 0.362401217222214 0.574265658855438 0.431145131587982 0.458528220653534 0.303232401609421 0.053349182009697 0.0475273877382278 0.0883512198925018 0.0476495809853077 0.0305313859134912 0.00703894253820181 0.00574569823220372 0.00270867417566478 0.00223834672942758 0.00227653793990612 0.00240353122353554 0.00288177886977792 0.00313361966982484 0.00347510748542845 0.00472791446372867 0.00611022487282753 0.00794923026114702 0.0126211950555444 0.0265738610178232 0.0501764006912708 0.0929520949721336 0.152333870530128 0.158385425806046 0.212375178933144 0.403613269329071 0.520413517951965 0.610692262649536 0.551983654499054 0.589734494686127 0.757339656352997 0.676628351211548 0.176769927144051 0.194854065775871 0.272629112005234 0.0070880320854485 0.00411995546892285 0.0084041366353631
0.294177234172821 0.397438287734985 0.56277197599411 0.752709031105042 0.782104790210724 0.81875205039978 0.678571045398712 0.450875729322433 0.323471784591675 0.385322898626328 0.622199594974518 0.585009038448334 0.123745143413544 0.0605138689279556 0.0365086868405342 0.0423411428928375 0.0331621207296848 0.010335554368794 0.0069660097360611 0.00272215553559363 0.00256288470700383 0.00239711697213352 0.00273051648400724 0.00304857501760125 0.00354920257814229 0.00423729047179222 0.00495185423642397 0.00602339906617999 0.00758564239367843 0.00959886703640223 0.0142469331622124 0.0309430696070194 0.040640264749527 0.073240652680397 0.0930917039513588 0.10306840389967 0.176052749156952 0.275239318609238 0.43507581949234 0.515655338764191 0.483079701662064 0.49417918920517 0.48674139380455 0.491376757621765 0.447552055120468 0.283425360918045 0.0186366867274046 0.0108213238418102 0.016955154016614
-3.4e+38 0.173056155443192 0.315351158380508 0.542089343070984 0.778353214263916 0.756143569946289 0.814620494842529 0.64753794670105 0.417693793773651 0.37854528427124 0.372721135616302 0.45100611448288 0.342400729656219 0.183864519000053 0.0748989135026932 0.0365297310054302 0.0202003754675388 0.0320577584207058 0.00556268775835633 0.00336672062985599 0.0027656068559736 0.00293326377868652 0.00303030316717923 0.00355737167410553 0.00421610847115517 0.00483060535043478 0.00570797920227051 0.00687055196613073 0.00775250373408198 0.00803537201136351 0.010598192922771 0.0289805326610804 0.0493634194135666 0.069148525595665 0.0830158293247223 0.0785610973834991 0.102477230131626 0.278200089931488 0.523563385009766 0.631908535957336 0.577636659145355 0.40833106637001 0.646657764911652 0.731160759925842 0.479966849088669 0.31222203373909 0.031654492020607 0.0586711354553699 0.0770836845040321
-3.4e+38 -3.4e+38 -3.4e+38 0.448290407657623 0.6550253033638 0.760031938552856 0.757044970989227 0.769179224967957 0.613133311271667 0.452583163976669 0.423147678375244 0.365887880325317 0.376505821943283 0.363155841827393 0.157982245087624 0.0560286305844784 0.0284074265509844 0.032129593193531 0.0489987917244434 0.00515186553820968 0.00363175780512393 0.00354099716059864 0.00382079579867423 0.00437577627599239 0.00469168927520514 0.00518561853095889 0.0053772940300405 0.00651885569095612 0.00767778558656573 0.00776775227859616 0.00979161262512207 0.0155919576063752 0.0360150374472141 0.0490341745316982 0.0625413656234741 0.0558810383081436 0.070252351462841 0.257126778364182 0.546270906925201 0.645364463329315 0.730902373790741 0.731984257698059 0.804086685180664 0.679117381572723 0.610068917274475 0.382379710674286 0.143517762422562 0.0677937641739845 0.0693138465285301
-3.4e+38 -3.4e+38 -3.4e+38 0.0946487039327621 0.490946412086487 0.767515122890472 0.755706667900085 0.754242360591888 0.707936346530914 0.529650509357452 0.467388927936554 0.534028232097626 0.455112159252167 0.33198744058609 0.198576062917709 0.12744165956974 0.106213860213757 0.025277441367507 0.0305246114730835 0.0101656336337328 0.00513433571904898 0.00497716804966331 0.00544936861842871 0.00549543695524335 0.00529816560447216 0.00574926286935806 0.00592889357358217 0.00651251571252942 0.00763646047562361 0.00813536904752254 0.00808091089129448 0.0105212051421404 0.0148874688893557 0.0264810901135206 0.0486564338207245 0.0415118001401424 0.0994489341974258 0.238413035869598 0.463533103466034 0.609358072280884 0.666433751583099 0.611742675304413 0.647854030132294 0.401407778263092 0.462160795927048 0.423144340515137 0.380740433931351 0.229660496115685 0.0857341960072517
-3.4e+38 -3.4e+38 -3.4e+38 -3.4e+38 -3.4e+38 0.655497133731842 0.60752660036087 0.751901030540466 0.731971621513367 0.581571459770203 0.389166057109833 0.330702036619186 0.473865807056427 0.528591156005859 0.234687611460686 0.0796968415379524 0.15912751853466 0.0749196410179138 0.0680125206708908 0.0191037897020578 0.00864940136671066 0.00705338409170508 0.00699649238958955 0.00663879001513124 0.00569594511762261 0.00604857970029116 0.00621160119771957 0.00701820896938443 0.00744795566424727 0.00746744219213724 0.00725326593965292 0.00779085606336594 0.0105576552450657 0.017183568328619 0.0353382527828217 0.0437347330152988 0.0791370272636414 0.171579092741013 0.270068019628525 0.427286416292191 0.453228801488876 0.535189509391785 0.624521851539612 0.505816698074341 0.422860026359558 0.416327148675919 0.314581125974655 0.250057607889175 0.241204440593719
-3.4e+38 -3.4e+38 -3.4e+38 -3.4e+38 -3.4e+38 -3.4e+38 0.589740335941315 0.717198550701141 0.750093340873718 0.665668129920959 0.377605110406876 0.270391583442688 0.524756371974945 0.32234999537468 0.444336920976639 0.148831367492676 0.0990513041615486 0.115564301609993 0.0665632784366608 0.0336158461868763 0.0155327273532748 0.0107671413570642 0.0088189635425806 0.0069678439758718 0.00650742882862687 0.00676591088995337 0.00658532558009028 0.00693066325038671 0.00760648539289832 0.00729377474635839 0.00692499615252018 0.00699586607515812 0.00730609335005283 0.0114875771105289 0.0262992437928915 0.0312067791819572 0.0450388118624687 0.0883867889642715 0.139569938182831 0.443754613399506 0.666419327259064 0.584787547588348 0.52151757478714 0.453494548797607 0.302299290895462 0.252233982086182 0.227240905165672 0.313030362129211 0.271803230047226
-3.4e+38 -3.4e+38 -3.4e+38 -3.4e+38 -3.4e+38 -3.4e+38 -3.4e+38 0.475343406200409 0.596082389354706 0.526072025299072 0.412974148988724 0.209317103028297 0.218783900141716 0.33072903752327 0.115982055664062 0.177074074745178 0.116963483393192 0.14413920044899 0.0704980120062828 0.0409788712859154 0.02562515437603 0.0159997027367353 0.0102405985817313 0.00852684956043959 0.00708592170849442 0.00702331541106105 0.00731817912310362 0.00802008993923664 0.00787622947245836 0.00683796452358365 0.00644667260348797 0.00616632401943207 0.00536176608875394 0.00594913167878985 0.0118071688339114 0.0160596184432507 0.0300201252102852 0.0743976756930351 0.137578710913658 0.392360031604767 0.580878973007202 0.575240671634674 0.463531911373138 0.306137949228287 0.281422108411789 0.39502277970314 0.343546807765961 0.28227299451828 0.258033484220505
-3.4e+38 -3.4e+38 -3.4e+38 -3.4e+38 -3.4e+38 -3.4e+38 -3.4e+38 -3.4e+38 0.423547089099884 0.611827790737152 0.604175925254822 0.33130607008934 0.185616806149483 0.172125265002251 0.171198427677155 0.13437332212925 0.137512877583504 0.147775664925575 0.0914760008454323 0.0504612736403942 0.033033337444067 0.0207170434296131 0.012149746529758 0.00917792599648237 0.00687643326818943 0.006657381542027 0.00690677808597684 0.0078105223365128 0.00907820276916027 0.00797722581773996 0.00627651624381542 0.00477106589823961 0.00383727834559977 0.00405012164264917 0.00621452601626515 0.0100022330880165 0.0252707879990339 0.0387330129742622 0.0766908228397369 0.216531559824944 0.237767770886421 0.405809551477432 0.307151526212692 0.274508744478226 0.372101753950119 0.519659578800201 0.438063681125641 0.346091717481613 0.291143655776978
-3.4e+38 -3.4e+38 -3.4e+38 -3.4e+38 -3.4e+38 -3.4e+38 -3.4e+38 -3.4e+38 0.303797841072083 0.477098703384399 0.669546127319336 0.681715309619904 0.573660969734192 0.300468683242798 0.235195934772491 0.18324114382267 0.164523079991341 0.16870790719986 0.106447041034698 0.0713576376438141 0.0384130999445915 0.0212448798120022 0.0125427609309554 0.00859280582517385 0.00654227519407868 0.00643781712278724 0.00660078413784504 0.00769748911261559 0.00909130088984966 0.00743903173133731 0.00550478044897318 0.00432605529204011 0.00352801894769073 0.00310094933956861 0.00570353539660573 0.0210393406450748 0.00922154821455479 0.0206590350717306 0.0423412509262562 0.0441787354648113 0.119114547967911 0.353833973407745 0.469186633825302 0.390017360448837 0.399473607540131 0.397592425346375 0.368114709854126 0.355516165494919 0.30313566327095
-3.4e+38 -3.4e+38 -3.4e+38 -3.4e+38 -3.4e+38 -3.4e+38 -3.4e+38 0.176180794835091 0.235042050480843 0.46969673037529 0.571308970451355 0.766189217567444 0.830873131752014 0.685768783092499 0.622399508953094 0.210890561342239 0.169109299778938 0.172570958733559 0.107500173151493 0.0766202658414841 0.0464300028979778 0.0219752434641123 0.0124978004023433 0.00709700956940651 0.00541785452514887 0.0053572659380734 0.00516034662723541 0.00578910717740655 0.00601138360798359 0.00507156318053603 0.00429592421278358 0.00356011465191841 0.00283379061147571 0.00251463102176785 0.00492024328559637 0.00823273882269859 0.014302053488791 0.0119286067783833 0.0172579977661371 0.0473288111388683 0.148918956518173 0.26573234796524 0.436529368162155 0.473986774682999 0.392562568187714 0.278000473976135 0.272217482328415 0.271524727344513 0.266618698835373
-3.4e+38 -3.4e+38 -3.4e+38 -3.4e+38 -3.4e+38 -3.4e+38 -3.4e+38 0.222468987107277 0.177426710724831 -3.4e+38 0.70251739025116 0.753243923187256 0.857385516166687 0.86906498670578 0.697062015533447 0.148435860872269 0.211505398154259 0.240967899560928 0.146082863211632 0.0779931172728539 0.0523211322724819 0.0284749064594507 0.0128465639427304 0.00592390401288867 0.00501039810478687 0.0043179327622056 0.00414838874712586 0.00415773829445243 0.00392045546323061 0.00336910574696958 0.00313658709637821 0.00277577573433518 0.0024130386300385 0.00206168321892619 0.00249422527849674 0.0045474786311388 0.00430584698915482 0.00574560230597854 0.00961313024163246 0.0182917676866055 0.0557714737951756 0.0822475403547287 0.295728504657745 0.250861287117004 0.322365254163742 0.184804618358612 0.190279722213745 0.15157026052475 0.170369133353233
-3.4e+38 -3.4e+38 -3.4e+38 -3.4e+38 -3.4e+38 -3.4e+38 -3.4e+38 -3.4e+38 -3.4e+38 -3.4e+38 -3.4e+38 0.436199009418488 0.703796207904816 0.441570729017258 0.219965219497681 0.0942168086767197 0.105043157935143 0.256748527288437 0.162357896566391 0.0974380299448967 0.0676576718688011 0.0351643227040768 0.0142728323116899 0.00666409032419324 0.00431598024442792 0.00346383568830788 0.00310494238510728 0.00286238361150026 0.00270647346042097 0.002570238430053 0.00247815693728626 0.00228723813779652 0.00201643677428365 0.00191914674360305 0.00184387527406216 0.00258668209426105 0.00294965039938688 0.0040859361179173 0.00599317671731114 0.00738332187756896 0.0193727537989616 0.0445862747728825 0.06273203343153 0.0661406219005585 0.0899893417954445 0.176367878913879 0.276488035917282 0.293818235397339 0.30458664894104
-3.4e+38 -3.4e+38 -3.4e+38 -3.4e+38 -3.4e+38 -3.4e+38 -3.4e+38 -3.4e+38 -3.4e+38 -3.4e+38 -3.4e+38 -3.4e+38 -3.4e+38 0.0567063018679619 0.0353627167642117 0.0220068022608757 0.0511735714972019 0.139699310064316 0.146618843078613 0.100252628326416 0.0525192096829414 0.0265151876956224 0.0182658359408379 0.00833184272050858 0.00424343720078468 0.00318126613274217 0.00251990486867726 0.00240117381326854 0.0020601733122021 0.00224790023639798 0.00207216781564057 0.00190389575436711 0.00190435990225524 0.00182764930650592 0.00176894769538194 0.00175689975731075 0.00204408587887883 0.00289142830297351 0.00419877981767058 0.00452513201162219 0.0172078609466553 0.0715098232030869 0.0908478647470474 0.085132323205471 0.201033651828766 0.313081800937653 0.324828952550888 0.367746591567993 0.323289334774017
-3.4e+38 -3.4e+38 -3.4e+38 -3.4e+38 -3.4e+38 -3.4e+38 -3.4e+38 -3.4e+38 -3.4e+38 -3.4e+38 -3.4e+38 -3.4e+38 -3.4e+38 0.0202394798398018 0.0374470092356205 0.0251040123403072 0.0738102793693542 0.121440932154655 0.137232854962349 0.0832516252994537 0.0498225912451744 0.0235715918242931 0.0121787851676345 0.0085130101069808 0.00670460658147931 0.00388096948154271 0.00255286577157676 0.00218960852362216 0.00207975413650274 0.00198280718177557 0.00195837789215147 0.00180527567863464 0.00180168403312564 0.00165617663878947 0.00156366114970297 0.00158867915160954 0.00158602301962674 0.00161192379891872 0.00216839648783207 0.00311533478088677 0.00677111092954874 0.0115809747949243 0.0755196437239647 0.0527891293168068 0.0767050608992577 0.114776313304901 0.183183521032333 0.24138717353344 0.238410964608192
-3.4e+38 -3.4e+38 -3.4e+38 -3.4e+38 -3.4e+38 -3.4e+38 -3.4e+38 -3.4e+38 -3.4e+38 -3.4e+38 -3.4e+38 -3.4e+38 -3.4e+38 0.0275050774216652 0.0492729507386684 0.0435304120182991 0.0689562410116196 -3.4e+38 0.105666220188141 0.0789004191756248 0.0681208074092865 0.0270812585949898 0.0152075178921223 0.0113165890797973 0.0124167716130614 0.00678890477865934 0.00329814036376774 0.0022129702847451 0.00199829251505435 0.00188562460243702 0.00163263489957899 0.00163247552700341 0.00157280510757118 0.00150002853479236 0.00136461295187473 0.00139910564757884 0.00153844803571701 0.00145261094439775 0.00162348640151322 0.00205451971851289 0.00314002460800111 0.00823564454913139 0.0142212407663465 0.0164701212197542 0.034945547580719 0.0502634234726429 0.0987017452716827 0.323516458272934 0.377389520406723
-3.4e+38 -3.4e+38 -3.4e+38 -3.4e+38 -3.4e+38 -3.4e+38 -3.4e+38 -3.4e+38 -3.4e+38 -3.4e+38 -3.4e+38 -3.4e+38 -3.4e+38 0.0317064039409161 0.114854738116264 0.100427746772766 0.0996421054005623 0.111607499420643 0.0800326690077782 0.0593695044517517 0.0393311940133572 0.0350980721414089 0.0298474170267582 0.0366367138922215 0.0240174885839224 0.0198923368006945 0.0087271211668849 0.00469393748790026 0.00216560671105981 0.00171773694455624 0.001569141051732 0.00140574737451971 0.00142306857742369 0.00131829199381173 0.00130441563669592 0.00137359148357064 0.000890668481588364 0.00100004824344069 0.00103614735417068 0.000986268278211355 0.0019978741183877 0.00396458758041263 0.0176401361823082 0.0408129058778286 0.0535241514444351 0.0874490067362785 0.204877823591232 0.471321851015091 0.367883890867233
-3.4e+38 -3.4e+38 -3.4e+38 -3.4e+38 -3.4e+38 -3.4e+38 -3.4e+38 -3.4e+38 -3.4e+38 -3.4e+38 -3.4e+38 -3.4e+38 -3.4e+38 -3.4e+38 0.0346048846840858 0.154123425483704 0.210680544376373 0.111332379281521 0.0710795149207115 0.04762938991189 0.036438126116991 0.0375406704843044 0.0416419915854931 0.042921993881464 0.0271788835525513 0.0232726242393255 0.017778130248189 0.00773339159786701 0.00330477301031351 0.00195820187218487 0.00148003140930086 0.00134760327637196 0.00117784773465246 0.00115736108273268 0.00107945303898305 0.000814989616628736 0.000912976160179824 0.000892598473001271 0.000901728810276836 0.0010063205845654 0.00102051941212267 0.00233498914167285 0.00404975935816765 0.0136214885860682 0.0138323055580258 0.0208541359752417 0.0440954826772213 0.208044856786728 0.459671556949615
-3.4e+38 -3.4e+38 -3.4e+38 -3.4e+38 -3.4e+38 -3.4e+38 -3.4e+38 -3.4e+38 -3.4e+38 -3.4e+38 -3.4e+38 -3.4e+38 -3.4e+38 -3.4e+38 0.0386421717703342 0.100618921220303 0.372040420770645 0.232595086097717 0.0979153737425804 0.0560059398412704 0.0356818325817585 0.0230248514562845 0.0342388115823269 0.050063744187355 0.0371899828314781 0.0205864515155554 0.0141510628163815 0.00781003991141915 0.00442838249728084 0.00236571440473199 0.00147267582360655 0.00125071010552347 0.000688663334585726 0.000739729264751077 0.000722723663784564 0.000810147786978632 0.000800228561274707 0.000791207712609321 0.000802463619038463 0.000853978446684778 0.000792391831055284 0.000909598369617015 0.00173252611421049 0.00343165290541947 0.00773584702983499 0.00525833060964942 0.0118095865473151 0.0287209562957287 0.0718115717172623
