data/climate_estimation/maxent_output/Erythronium_americanum.asc
NCOLS 412 
NROWS 209 
XLLCORNER -96.25 
YLLCORNER 32.25 
CELLSIZE 0.0833333333333333 
NODATA_value -3.4e+38 
[rows 168 to 188 of 209, columns 0 to 47 of 412]
0.0644763484597206 0.0693955421447754 0.0803000256419182 0.0919764414429665 0.0982143953442574 0.10327559709549 0.117317490279675 0.115844637155533 0.123140834271908 0.140259772539139 0.159238666296005 0.174374848604202 0.200859442353249 0.220269247889519 0.230401054024696 0.232269421219826 0.242034390568733 0.254227072000504 0.273282080888748 0.296542912721634 0.314007937908173 0.340603888034821 0.373931854963303 0.385083496570587 0.405396789312363 0.407398223876953 0.438763797283173 0.424485057592392 0.43143892288208 0.453735500574112 0.473409622907639 0.474034398794174 0.479973167181015 0.481861531734467 0.467991709709167 0.45957538485527 0.442665487527847 0.479379802942276 0.48948335647583 0.486521393060684 0.49588206410408 0.504308223724365 0.510744571685791 0.462162494659424 0.455681264400482 0.294718891382217 0.327758014202118 0.320787668228149
0.0679893419146538 0.0812233835458755 0.0798739790916443 0.0906416028738022 0.0952664986252785 0.11203595995903 0.110586628317833 0.115018248558044 0.114419758319855 0.137564122676849 0.159388214349747 0.172419011592865 0.209498420357704 0.208256468176842 0.222841486334801 0.246205031871796 0.244683027267456 0.249632775783539 0.259648859500885 0.281755477190018 0.299384891986847 0.329717606306076 0.364086836576462 0.357290238142014 0.382355988025665 0.374036520719528 0.395515382289886 0.399449318647385 0.435803055763245 0.446262449026108 0.466881155967712 0.449993699789047 0.458536893129349 0.458414018154144 0.432286888360977 0.458090245723724 0.46259817481041 0.464170694351196 0.459330439567566 0.45736500620842 0.477276623249054 0.484736174345016 0.474134713411331 0.309701651334763 0.281313121318817 0.304261565208435 0.300461381673813 0.297766417264938
0.0723627135157585 0.080250196158886 0.0837714001536369 0.0919042453169823 0.094163179397583 0.108846239745617 0.107248172163963 0.112819187343121 0.113444820046425 0.13184879720211 0.165705427527428 0.173218429088593 0.204265981912613 0.213425025343895 0.23267950117588 0.234859332442284 0.238078519701958 0.237772166728973 0.267200648784637 0.271663844585419 0.304079711437225 0.321793645620346 0.343703240156174 0.342640459537506 0.360054939985275 0.354312390089035 0.38767284154892 0.395861089229584 0.428404748439789 0.426354348659515 0.467288166284561 0.432349920272827 0.434688150882721 0.439113825559616 0.44070491194725 0.450377851724625 0.44384765625 0.439514756202698 0.457017421722412 0.455577462911606 0.447868049144745 0.443951845169067 0.283147573471069 0.286596268415451 0.301401168107986 0.309394627809525 0.315130203962326 0.314757764339447
0.0721054300665855 0.0792497992515564 0.0833431705832481 0.0965105816721916 0.101200811564922 0.108004957437515 0.11245721578598 0.110655091702938 0.129129216074944 0.135695919394493 0.164113834500313 0.196465671062469 0.20732094347477 0.213540777564049 0.214022397994995 0.23418316245079 0.233805537223816 0.237584114074707 0.259552001953125 0.259150177240372 0.282904863357544 0.310845404863358 0.316325396299362 0.333110481500626 0.322248995304108 0.344791054725647 0.345891535282135 0.380863338708878 0.383394122123718 0.412463575601578 0.446480691432953 0.453701198101044 0.426579385995865 0.432844400405884 0.432487577199936 0.439893871545792 0.437389940023422 0.425797075033188 0.464469492435455 0.456175893545151 0.273480415344238 0.259258776903152 0.261672914028168 0.267461329698563 0.28004863858223 0.28001680970192 0.295478224754333 0.297902494668961
0.0778764486312866 0.0786201283335686 0.0822152197360992 0.0967745035886765 0.101615086197853 0.116291791200638 0.118430703878403 0.134697988629341 0.132475584745407 0.164101153612137 0.16983337700367 0.175973162055016 0.203137457370758 0.211066082119942 0.237566620111465 0.2340147793293 0.237156614661217 0.256564021110535 0.253541946411133 0.255118548870087 0.276588916778564 0.305587083101273 0.309904247522354 0.293134301900864 0.285933405160904 0.270106196403503 0.281709045171738 0.332521945238113 0.37689733505249 0.417769312858582 0.419112712144852 0.461292624473572 0.439577400684357 0.436614960432053 0.439279973506927 0.398998975753784 0.429388761520386 0.424328327178955 0.426445305347443 0.422212332487106 0.234419360756874 0.239890366792679 0.247331351041794 0.255560249090195 0.26116532087326 0.262905657291412 0.279532551765442 0.314166128635406
0.0782057866454124 0.0842964872717857 0.087187185883522 0.10131362080574 0.104987189173698 0.119080595672131 0.12331523001194 0.141325026750565 0.141658589243889 0.171909868717194 0.181043192744255 0.206609636545181 0.20878592133522 0.235700398683548 0.234714284539223 0.234629929065704 0.258938848972321 0.25410932302475 0.250320285558701 0.27001678943634 0.273954749107361 0.2682164311409 0.234379336237907 0.198011219501495 0.175474435091019 0.152653962373734 0.213986247777939 0.284332007169724 0.351179003715515 0.383642256259918 0.446036756038666 0.482718884944916 0.474887669086456 0.466545462608337 0.452970027923584 0.455949157476425 0.393577039241791 0.256604164838791 0.25873264670372 0.253977864980698 0.24675664305687 0.224137559533119 0.227676212787628 0.235602885484695 0.257428139448166 0.271121650934219 0.280138909816742 0.284662932157516
0.0849851667881012 0.0888570323586464 0.102401301264763 0.106628112494946 0.110636465251446 0.125911459326744 0.131872445344925 0.150405079126358 0.175415799021721 0.182974398136139 0.186661615967751 0.209258288145065 0.211503252387047 0.232182174921036 0.236691564321518 0.264355212450027 0.251956671476364 0.257251858711243 0.256810367107391 0.268734812736511 0.266610145568848 0.211180865764618 0.170789808034897 0.0929541736841202 0.0552472919225693 0.0743099674582481 0.141833767294884 0.251523733139038 0.336824387311935 0.37098953127861 0.393699526786804 0.40885004401207 0.40210622549057 0.399454265832901 0.406544715166092 0.395586967468262 0.393186926841736 0.241379022598267 0.259216159582138 0.273266494274139 0.270150989294052 0.243127927184105 0.219508156180382 0.220482483506203 0.250643700361252 0.259557217359543 0.270319074392319 0.279521495103836
0.0881894379854202 0.0933104231953621 0.109103560447693 0.111739985644817 0.117600940167904 0.142452985048294 0.152512580156326 0.158053293824196 0.165268659591675 0.191955968737602 0.229752108454704 0.234448686242104 0.251192182302475 0.254101067781448 0.251334130764008 0.263962239027023 0.26759085059166 0.274340480566025 0.301380157470703 0.27299627661705 0.265667021274567 0.244362369179726 0.159939229488373 0.0581255406141281 0.0247334465384483 0.0525131747126579 0.145821422338486 0.26773265004158 0.347329139709473 0.404935628175735 0.46491813659668 0.445060551166534 0.404743224382401 0.395295202732086 0.410364180803299 0.404486328363419 0.395124018192291 0.247896641492844 0.267419070005417 0.27376201748848 0.265832215547562 0.246677994728088 0.220897287130356 0.221940830349922 0.244790613651276 0.255251854658127 0.257899701595306 0.268776714801788
0.0872179940342903 0.0977810621261597 0.113810412585735 0.123036108911037 0.140695974230766 0.147340655326843 0.171440154314041 0.174892514944077 0.175664678215981 0.201831459999084 0.224972367286682 0.230919033288956 0.254091829061508 0.242558822035789 0.237757340073586 0.261380136013031 0.264571309089661 0.257502347230911 0.278436005115509 0.276035487651825 0.288022637367249 0.286296874284744 0.272351950407028 0.258678048849106 0.182757571339607 0.154520362615585 0.245202645659447 0.369221597909927 0.412838041782379 0.412320405244827 0.410002887248993 0.407849997282028 0.410610228776932 0.408612042665482 0.404304504394531 0.405844748020172 0.410623401403427 0.290761440992355 0.275744050741196 0.258919090032578 0.251903235912323 0.230300396680832 0.230261519551277 0.254325896501541 0.246332839131355 0.248346880078316 0.253508180379868 0.265939652919769
0.0969641134142876 0.112031474709511 0.116593480110168 0.142507314682007 0.149026587605476 0.181344375014305 0.179199203848839 0.185224369168282 0.198152035474777 0.201909899711609 0.221301838755608 0.2242641299963 0.243788912892342 0.238850146532059 0.237739846110344 0.26509627699852 0.265957832336426 0.266798377037048 0.287871420383453 0.285527735948563 0.287291139364243 0.276370376348495 0.251395583152771 0.242176398634911 0.222183927893639 0.269555032253265 0.311321288347244 0.362763494253159 0.404185235500336 0.39872071146965 0.39590135216713 0.429143399000168 0.440832644701004 0.421619564294815 0.46217942237854 0.464571803808212 0.451860845088959 0.296222448348999 0.289054840803146 0.305326849222183 0.291146099567413 0.269003361463547 0.249619603157043 0.247808694839478 0.242493599653244 0.23918305337429 0.24246945977211 0.25291109085083
0.100281767547131 0.116841398179531 0.128166854381561 0.150274664163589 0.163454830646515 0.188770025968552 0.191513493657112 0.21080270409584 0.213234841823578 0.206168323755264 0.228783309459686 0.230102136731148 0.264335632324219 0.267556011676788 0.275282710790634 0.279688775539398 0.312997847795486 0.311094343662262 0.302688121795654 0.325994789600372 0.323683172464371 0.319657891988754 0.346543848514557 0.341196030378342 0.332681328058243 0.35930123925209 0.348915755748749 0.354515999555588 0.397451668977737 0.40612006187439 0.457874327898026 0.466184169054031 0.467796802520752 0.467810988426208 0.467190384864807 0.464588552713394 0.461377710103989 0.354361474514008 0.327564030885696 0.298539936542511 0.27147114276886 0.257321029901505 0.258587062358856 0.255593657493591 0.247884482145309 0.24919182062149 0.24611896276474 0.249712884426117
0.097827322781086 0.120421037077904 0.133270666003227 0.154260754585266 0.186784893274307 0.192875906825066 0.195580437779427 0.217759534716606 0.217990547418594 0.211551740765572 0.224176809191704 0.220442071557045 0.244493409991264 0.246064528822899 0.262541264295578 0.263373047113419 0.298894166946411 0.310051172971725 0.34985876083374 0.357026219367981 0.386330932378769 0.42805203795433 0.426587045192719 0.442968249320984 0.428416103124619 0.421400994062424 0.427545815706253 0.436488002538681 0.436803191900253 0.464824467897415 0.465907990932465 0.474574029445648 0.46242880821228 0.457553535699844 0.456204622983932 0.458689421415329 0.492621272802353 0.333287179470062 0.310601264238358 0.292647987604141 0.254759103059769 0.249233469367027 0.250477254390717 0.245342671871185 0.251682907342911 0.24866409599781 0.24142974615097 0.26453110575676
0.100293971598148 0.12277826666832 0.143642172217369 0.159810870885849 0.194349333643913 0.195101290941238 0.220319181680679 0.217564165592194 0.215630754828453 0.240868806838989 0.227508246898651 0.217301905155182 0.244835510849953 0.249528780579567 0.277802705764771 0.312209486961365 0.357341438531876 0.353259056806564 0.347071141004562 0.386220127344131 0.427936881780624 0.421072691679001 0.396486043930054 0.45294851064682 0.42679700255394 0.421890467405319 0.437523633241653 0.442929625511169 0.47276759147644 0.420369029045105 0.454268276691437 0.456363081932068 0.450714111328125 0.452068150043488 0.445708423852921 0.442448794841766 0.320916712284088 0.320585966110229 0.313087493181229 0.286715507507324 0.253303557634354 0.246144890785217 0.245955273509026 0.239893570542336 0.247775986790657 0.240254133939743 0.263680160045624 0.266313463449478
0.113092072308064 0.126264467835426 0.147166430950165 0.189074173569679 0.189934402704239 0.209251269698143 0.212424084544182 0.217424333095551 0.237762346863747 0.228495731949806 0.226724922657013 0.229588180780411 0.259721338748932 0.284746736288071 0.284038186073303 0.312053740024567 0.345734655857086 0.34762367606163 0.336208164691925 0.376579701900482 0.410954475402832 0.404943972826004 0.421985954046249 0.429935574531555 0.471553832292557 0.427496939897537 0.429227590560913 0.434335917234421 0.438160240650177 0.470293968915939 0.466986626386642 0.464601904153824 0.462223529815674 0.327389031648636 0.346374571323395 0.334570109844208 0.441924244165421 0.43318310379982 0.306979328393936 0.291213631629944 0.285770148038864 0.27202183008194 0.244151219725609 0.236605316400528 0.261836647987366 0.264371454715729 0.263628572225571 0.262139797210693
0.111960157752037 0.124320492148399 0.152030631899834 0.183366924524307 0.185637399554253 0.209515243768692 0.206300988793373 0.22707262635231 0.223890095949173 0.222467094659805 0.246043100953102 0.24615053832531 0.239136949181557 0.265866100788116 0.313518643379211 0.306348532438278 0.337554693222046 0.349144011735916 0.364606767892838 0.350575268268585 0.357017308473587 0.393722921609879 0.398989200592041 0.440331280231476 0.451718032360077 0.485806673765182 0.494537591934204 0.489989817142487 0.495337963104248 0.47913584113121 0.468930929899216 0.483979225158691 0.381171345710754 0.357962220907211 0.342662781476974 0.449807465076447 0.432888180017471 0.410327911376953 0.400506436824799 0.425655424594879 0.417060554027557 0.275740802288055 0.263181924819946 0.258252918720245 0.260100662708282 0.261129647493362 0.279312878847122 0.283649533987045
0.128142237663269 0.14043627679348 0.148252367973328 0.174712181091309 0.193984434008598 0.19998899102211 0.217099040746689 0.219951376318932 0.239229515194893 0.229144558310509 0.238160014152527 0.266737014055252 0.260591357946396 0.263358026742935 0.293507695198059 0.314240515232086 0.311155378818512 0.323341101408005 0.348299354314804 0.353771716356277 0.363580703735352 0.39921560883522 0.402590572834015 0.436528593301773 0.436246007680893 0.483233779668808 0.496069371700287 0.495256751775742 0.48748704791069 0.488328248262405 0.370739996433258 0.353069245815277 0.355405300855637 0.343558371067047 0.465566605329514 0.455848157405853 0.449760466814041 0.440103948116302 0.417563915252686 0.43390479683876 0.409382164478302 0.40968245267868 0.258852660655975 0.274154812097549 0.281387567520142 0.275624990463257 0.276183634996414 0.273519843816757
0.129831105470657 0.150813862681389 0.165944397449493 0.184600427746773 0.186456367373466 0.205609202384949 0.224976509809494 0.226784080266953 0.224835127592087 0.22987587749958 0.258593291044235 0.253559619188309 0.251040071249008 0.278523206710815 0.304060637950897 0.3017937541008 0.307280153036118 0.34689399600029 0.346136748790741 0.353809714317322 0.370981752872467 0.403232485055923 0.401866585016251 0.434292882680893 0.425866961479187 0.431351095438004 0.436517596244812 0.473712801933289 0.468513190746307 0.33003032207489 0.35476553440094 0.347162753343582 0.463803946971893 0.45589804649353 0.446182191371918 0.431891053915024 0.417974144220352 0.41164892911911 0.431985378265381 0.410172760486603 0.40641114115715 0.451090425252914 0.435049057006836 0.277036964893341 0.278392195701599 0.278345286846161 0.273349642753601 0.276061862707138
0.129484623670578 0.148721933364868 0.161227181553841 0.181181967258453 0.196122750639915 0.200995743274689 0.223626762628555 0.241056621074677 0.24061506986618 0.240760892629623 0.239942714571953 0.268234342336655 0.265677690505981 0.258565843105316 0.291680663824081 0.292231053113937 0.328445851802826 0.342349916696548 0.341970056295395 0.349473655223846 0.395674586296082 0.390995025634766 0.3941310942173 0.391401350498199 0.420414328575134 0.429009526968002 0.422969490289688 0.462657958269119 0.310138374567032 0.33439502120018 0.327802389860153 0.465516597032547 0.4496228992939 0.437526315450668 0.432290852069855 0.457032382488251 0.446278274059296 0.428427010774612 0.412853956222534 0.40082049369812 0.441598922014236 0.447258561849594 0.44825866818428 0.429384171962738 0.289286017417908 0.288173884153366 0.282950162887573 0.283510476350784
0.149904921650887 0.15515498816967 0.176690340042114 0.178296595811844 0.193500474095345 0.21419483423233 0.240078255534172 0.239366978406906 0.255332976579666 0.253270894289017 0.257341653108597 0.262617468833923 0.260372370481491 0.278260499238968 0.280553042888641 0.306317508220673 0.315451711416245 0.330654472112656 0.341562777757645 0.344663083553314 0.350782692432404 0.352341145277023 0.384973257780075 0.385898858308792 0.411681175231934 0.414165169000626 0.288142889738083 0.288016945123672 0.307753890752792 0.309074550867081 0.437118530273438 0.472577631473541 0.465707868337631 0.452842116355896 0.443028032779694 0.427613168954849 0.420689076185226 0.413603514432907 0.276536107063293 0.405205398797989 0.44094842672348 0.446075052022934 0.466127127408981 0.465536028146744 0.295793265104294 0.287915706634521 0.282431334257126 0.283178955316544
0.147365570068359 0.170268535614014 0.182677507400513 0.199324518442154 0.196032777428627 0.212658256292343 0.232577353715897 0.255959421396255 0.275519877672195 0.273240596055984 0.273145020008087 0.279640465974808 0.277018457651138 0.277008533477783 0.273782730102539 0.302962183952332 0.308797210454941 0.320140779018402 0.327603548765182 0.328999012708664 0.361701101064682 0.36341193318367 0.36792403459549 0.373729705810547 0.395800679922104 0.268850088119507 0.264494687318802 0.300576448440552 0.305776953697205 0.452649027109146 0.431814074516296 0.439622193574905 0.433481246232986 0.425752609968185 0.416126281023026 0.40966334939003 0.399231344461441 0.303801476955414 0.295291244983673 0.298553556203842 0.307758063077927 0.452049016952515 0.45479416847229 0.304689913988113 0.445588797330856 0.292007207870483 0.428371518850327 0.282737851142883
0.152775600552559 0.17573855817318 0.175091475248337 0.198840230703354 0.214545384049416 0.233742862939835 0.232502222061157 0.252681493759155 0.274129122495651 0.271292567253113 0.271368116140366 0.270932018756866 0.271936565637589 0.26802796125412 0.297266721725464 0.300153493881226 0.30755478143692 0.342153877019882 0.342856049537659 0.348849356174469 0.348746061325073 0.349780201911926 0.357565015554428 0.239357084035873 0.22816027700901 0.253251820802689 0.272791624069214 0.285731196403503 0.425066262483597 0.420110702514648 0.425038933753967 0.443038195371628 0.437721312046051 0.43064621090889 0.426048278808594 0.429267287254333 0.29890963435173 0.292313545942307 0.299382477998734 0.29269802570343 0.314708739519119 0.45078107714653 0.442151606082916 0.465606600046158 0.445297658443451 0.302329391241074 0.299274027347565 0.293566733598709
