data/climate_estimation/maxent_output/Erythronium_mesochoreum.asc
NCOLS 116 
NROWS 114 
XLLCORNER -98.8333333333333 
YLLCORNER 31.5833333333333 
CELLSIZE 0.0833333333333334 
NODATA_value -3.4e+38 
[rows 60 to 79 of 114, columns 44 to 87 of 116]
0.662404179573059 0.600026309490204 0.591717898845673 0.583928287029266 0.554802179336548 0.55376410484314 0.553130805492401 0.562268197536469 0.518375039100647 0.546643197536469 0.532877564430237 0.434198766946793 0.433411300182343 0.461076617240906 0.450644820928574 0.395012408494949 0.328786969184875 0.38880866765976 0.346392452716827 0.37975150346756 0.244940176606178 0.307709723711014 0.323332965373993 0.448947191238403 0.558326184749603 0.530774295330048 0.572413682937622 0.564016044139862 0.613791882991791 0.652572751045227 0.670098304748535 0.667463064193726 0.678495645523071 0.617704093456268 0.63407176733017 0.638500094413757 0.662603139877319 0.687750101089478 0.653689205646515 0.649551212787628 0.265353590250015 0.283307492733002 0.291893899440765 0.295085400342941
0.678951263427734 0.606813430786133 0.584577739238739 0.593854546546936 0.589581370353699 0.588324129581451 0.573570787906647 0.538149058818817 0.473463743925095 0.473577946424484 0.485849499702454 0.414814472198486 0.328694403171539 0.38302555680275 0.393665671348572 0.329409778118134 0.292017966508865 0.32708278298378 0.252535194158554 0.248864114284515 0.24595020711422 0.310018926858902 0.349899977445602 0.394453346729279 0.462315678596497 0.554701805114746 0.562942922115326 0.605321228504181 0.645364940166473 0.654606759548187 0.624989151954651 0.622949421405792 0.626744031906128 0.640401184558868 0.652906894683838 0.679933607578278 0.695836782455444 0.662552535533905 0.313816845417023 0.282907843589783 0.279741406440735 0.291929125785828 0.28453716635704 0.281230747699738
0.637251198291779 0.597071051597595 0.602780878543854 0.590530216693878 0.53975522518158 0.512264370918274 0.532942295074463 0.522053003311157 0.491068571805954 0.386070728302002 0.360952168703079 0.301804900169373 0.262497007846832 0.27282902598381 0.27282902598381 0.293061196804047 0.239005044102669 0.250495433807373 0.209120556712151 0.182473748922348 0.218113571405411 0.205590933561325 0.252268522977829 0.228461086750031 0.336029201745987 0.437412083148956 0.362693160772324 0.481531172990799 0.546076536178589 0.590888679027557 0.531734824180603 0.539617598056793 0.542743921279907 0.552942514419556 0.633121848106384 0.647805273532867 0.289608061313629 0.300870001316071 0.295464605093002 0.311679780483246 0.298169434070587 0.312369912862778 0.311184883117676 0.299159675836563
0.650619685649872 0.582393884658813 0.577543675899506 0.599732577800751 0.532847225666046 0.501958966255188 0.51096248626709 0.482965975999832 0.408450931310654 0.421979784965515 0.356650292873383 0.347648411989212 0.25790798664093 0.254489332437515 0.187277808785439 0.245124444365501 0.258365780115128 0.227717474102974 0.243914201855659 0.214680388569832 0.226911246776581 0.357661038637161 0.372387319803238 0.274861484766006 0.287081003189087 0.256081253290176 0.336029201745987 0.307733476161957 0.372251093387604 0.34912046790123 0.454493165016174 0.504949390888214 0.514891147613525 0.567462861537933 0.479912489652634 0.524338483810425 0.222984850406647 0.224183842539787 0.216066882014275 0.329572081565857 0.326434671878815 0.340995997190475 0.360781133174896 0.343879550695419
0.675530791282654 0.592529892921448 0.607256770133972 0.541443884372711 0.513299167156219 0.474252492189407 0.505966663360596 0.463063836097717 0.444197028875351 0.491419345140457 0.412717938423157 0.413536310195923 0.407697141170502 0.326819986104965 0.310595124959946 0.330219715833664 0.439141750335693 0.432145148515701 0.427420377731323 0.365487426519394 0.286862730979919 0.346672743558884 0.438290029764175 0.418908417224884 0.320038259029388 0.334072798490524 0.342911511659622 0.324471890926361 0.291522622108459 0.338227242231369 0.483065068721771 0.483101308345795 0.485533326864243 0.512374758720398 0.22101853787899 0.198102280497551 0.206617042422295 0.214707121253014 0.211005598306656 0.25419345498085 0.261827826499939 0.357639372348785 0.376089721918106 0.357256144285202
0.637001216411591 0.622509062290192 0.541476249694824 0.495819836854935 0.55808162689209 0.468456119298935 0.503879964351654 0.554519474506378 0.560420453548431 0.524235010147095 0.436604022979736 0.459053128957748 0.452487200498581 0.466490477323532 0.532056272029877 0.514463841915131 0.428850769996643 0.349989622831345 0.351354598999023 0.336779326200485 0.342478573322296 0.412027031183243 0.474132597446442 0.516011536121368 0.522633731365204 0.462055295705795 0.478398114442825 0.435877412557602 0.395681768655777 0.395583778619766 0.460655331611633 0.482937872409821 0.224427416920662 0.229039028286934 0.243903294205666 0.242103323340416 0.23535792529583 0.226939186453819 0.205059036612511 0.224870085716248 0.229972511529922 0.258941471576691 0.296644181013107 0.309634536504745
0.673616945743561 0.622835338115692 0.623038113117218 0.642954349517822 0.60214763879776 0.556104958057404 0.566443860530853 0.63310706615448 0.622073948383331 0.555845379829407 0.560162901878357 0.591067314147949 0.606948018074036 0.685167789459229 0.640640914440155 0.66686886548996 0.603497087955475 0.545833468437195 0.654170393943787 0.672638058662415 0.682877242565155 0.619182467460632 0.655223667621613 0.607942759990692 0.55224621295929 0.573649406433105 0.567775368690491 0.458430767059326 0.447834968566895 0.522456645965576 0.242267712950706 0.233835995197296 0.262796610593796 0.258623719215393 0.269266664981842 0.258658349514008 0.264518678188324 0.26271653175354 0.238748699426651 0.247409656643867 0.268434762954712 0.260306000709534 0.265356183052063 0.268696844577789
0.687195777893066 0.695490777492523 0.696403086185455 0.675056934356689 0.673511922359467 0.6763014793396 0.617177963256836 0.587977766990662 0.659528493881226 0.689530968666077 0.681120157241821 0.729737639427185 0.739024698734283 0.717069029808044 0.663023471832275 0.681442260742188 0.68525642156601 0.689460515975952 0.732914686203003 0.767911911010742 0.792667329311371 0.765256881713867 0.709120452404022 0.690814852714539 0.677306473255157 0.702469289302826 0.658174157142639 0.560528934001923 0.564293682575226 0.274142026901245 0.266602247953415 0.230312436819077 0.220627635717392 0.212331682443619 0.212422743439674 0.197779580950737 0.229139298200607 0.222299873828888 0.242815166711807 0.281398266553879 0.286910235881805 0.271881073713303 0.257932007312775 0.25822326540947
0.654706597328186 0.644682109355927 0.690856158733368 0.688924133777618 0.655455827713013 0.672390401363373 0.680758357048035 0.708500921726227 0.721296608448029 0.71026200056076 0.740778267383575 0.773276329040527 0.774187207221985 0.728529155254364 0.732458889484406 0.717160105705261 0.736650884151459 0.76375687122345 0.754001438617706 0.764587044715881 0.780279934406281 0.786834120750427 0.717016696929932 0.71918648481369 0.735194861888885 0.642698705196381 0.641628503799438 0.358942747116089 0.313527971506119 0.290209412574768 0.272568166255951 0.247162088751793 0.257871031761169 0.229879543185234 0.217456206679344 0.218404710292816 0.187424302101135 0.18471796810627 0.20903654396534 0.242046326398849 0.280422508716583 0.252937108278275 0.258561193943024 0.23844438791275
0.643108189105988 0.632328748703003 0.669452428817749 0.649553239345551 0.673108518123627 0.696421027183533 0.686748921871185 0.723884284496307 0.726029694080353 0.710232794284821 0.747578144073486 0.756160497665405 0.754438400268555 0.749288320541382 0.754574716091156 0.75269603729248 0.714710533618927 0.716482758522034 0.683096289634705 0.674258828163147 0.728653430938721 0.702863037586212 0.713279247283936 0.750502586364746 0.744618475437164 0.653487861156464 0.62925660610199 0.385827779769897 0.332315534353256 0.308954924345016 0.271463066339493 0.260568678379059 0.269422560930252 0.231869280338287 0.218620538711548 0.221273168921471 0.192122161388397 0.180837780237198 0.194109469652176 0.226630970835686 0.247279986739159 0.246689394116402 0.269901394844055 0.276825606822968
0.640109300613403 0.624320685863495 0.611153721809387 0.615129709243774 0.629977881908417 0.659923255443573 0.699047148227692 0.695234596729279 0.714791536331177 0.722468733787537 0.724759638309479 0.691702663898468 0.639637410640717 0.676474452018738 0.707534193992615 0.67212963104248 0.69211333990097 0.565668106079102 0.391867697238922 0.463507801294327 0.520763456821442 0.59982693195343 0.576606512069702 0.672264873981476 0.375193417072296 0.364335238933563 0.361694186925888 0.36151260137558 0.361786335706711 0.323786973953247 0.293580561876297 0.308867901563644 0.26888707280159 0.261978983879089 0.252397030591965 0.231252998113632 0.223348066210747 0.192205294966698 0.199072316288948 0.214634791016579 0.227873012423515 0.246933236718178 0.259035170078278 0.270872622728348
0.618212342262268 0.567978084087372 0.549518764019012 0.613739788532257 0.605787992477417 0.599208831787109 0.674721419811249 0.69730544090271 0.679720938205719 0.717901110649109 0.57780259847641 0.392108142375946 0.465130060911179 0.632632434368134 0.732119798660278 0.733387291431427 0.736329793930054 0.622323155403137 0.577356815338135 0.634884178638458 0.653004884719849 0.641841948032379 0.668902277946472 0.679530799388885 0.333914667367935 0.351750582456589 0.273620635271072 0.27031883597374 0.331818431615829 0.322673380374908 0.309969276189804 0.308583557605743 0.28770586848259 0.270433574914932 0.243418410420418 0.215267896652222 0.207716107368469 0.212723389267921 0.206563919782639 0.219173356890678 0.247148454189301 0.259263515472412 0.255657851696014 0.250302225351334
0.445227831602097 0.457620620727539 0.544331848621368 0.516267597675323 0.482411026954651 0.469060122966766 0.621572732925415 0.672364473342896 0.535944938659668 0.609373271465302 0.471759766340256 0.251873672008514 0.410567730665207 0.609145760536194 0.658837139606476 0.645817399024963 0.5520059466362 0.436465680599213 0.568969368934631 0.596467018127441 0.682871162891388 0.609072804450989 0.620807766914368 0.642984747886658 0.305810481309891 0.307536065578461 0.252576231956482 0.251774817705154 0.305861741304398 0.297578722238541 0.290012687444687 0.30318894982338 0.277096688747406 0.265449494123459 0.241585791110992 0.214015901088715 0.20302639901638 0.204053178429604 0.217119753360748 0.227856233716011 0.239976480603218 0.246204763650894 0.238216713070869 0.245625466108322
0.488730549812317 0.531710088253021 0.547934055328369 0.535713613033295 0.569139957427979 0.603472530841827 0.63433039188385 0.522127985954285 0.504723131656647 0.471065312623978 0.447971701622009 0.525728344917297 0.614124059677124 0.595471024513245 0.482270568609238 0.472506016492844 0.463712513446808 0.523102879524231 0.552019238471985 0.555143356323242 0.575009703636169 0.624477624893188 0.606894612312317 0.543266952037811 0.235545247793198 0.257717043161392 0.264242112636566 0.265042155981064 0.255697667598724 0.236634850502014 0.228209480643272 0.259816348552704 0.261393845081329 0.25734531879425 0.223895907402039 0.212950363755226 0.202283844351768 0.193274468183517 0.192769885063171 0.21618589758873 0.222113192081451 0.236564412713051 0.23053315281868 0.191180884838104
0.493337988853455 0.504128217697144 0.505959510803223 0.517695486545563 0.51583057641983 0.572982668876648 0.576804101467133 0.518348634243011 0.560677051544189 0.576413214206696 0.541395127773285 0.574761092662811 0.609668076038361 0.550513029098511 0.479592025279999 0.48131912946701 0.526322185993195 0.597909867763519 0.613125860691071 0.546386778354645 0.465932667255402 0.47239488363266 0.445734024047852 0.467108815908432 0.206259042024612 0.18694069981575 0.151249632239342 0.148681506514549 0.183720424771309 0.21581058204174 0.229905113577843 0.257826387882233 0.26269656419754 0.253815889358521 0.222751125693321 0.223734200000763 0.2077556848526 0.201112493872643 0.194134250283241 0.207806169986725 0.219941273331642 0.225589945912361 0.181424736976624 0.191482052206993
0.323387861251831 0.412640541791916 0.376235067844391 0.377354204654694 0.366886228322983 0.434427052736282 0.51493775844574 0.465100467205048 0.430257230997086 0.405237257480621 0.392372906208038 0.429726779460907 0.453025966882706 0.514380991458893 0.518955588340759 0.49086719751358 0.473007649183273 0.419299602508545 0.415360480546951 0.405688405036926 0.416123241186142 0.400909185409546 0.386049002408981 0.370159178972244 0.133422285318375 0.122391358017921 0.137629508972168 0.161105111241341 0.175538927316666 0.173971503973007 0.181154206395149 0.208750158548355 0.209872171282768 0.226679727435112 0.224999070167542 0.235014840960503 0.222003608942032 0.209933921694756 0.205038815736771 0.206241622567177 0.209927916526794 0.220591336488724 0.173723936080933 0.178456589579582
0.387075841426849 0.45040836930275 0.445045977830887 0.40435266494751 0.343129426240921 0.295595556497574 0.285080254077911 0.26727631688118 0.226522520184517 0.215517804026604 0.252419024705887 0.283254027366638 0.307917535305023 0.293036550283432 0.285627007484436 0.299459487199783 0.356524020433426 0.382789313793182 0.349961459636688 0.400617033243179 0.441427439451218 0.428714424371719 0.390898674726486 0.370871305465698 0.147055268287659 0.160223618149757 0.165419638156891 0.177521944046021 0.178210213780403 0.174584165215492 0.179351210594177 0.173736855387688 0.192102938890457 0.210944771766663 0.228123858571053 0.23335836827755 0.224044799804688 0.214918836951256 0.199906975030899 0.208449020981789 0.207350745797157 0.205828621983528 0.177554965019226 0.177041083574295
0.348425269126892 0.33167240023613 0.30895122885704 0.273062318563461 0.260844975709915 0.27848020195961 0.243826419115067 0.220218941569328 0.224024415016174 0.268331199884415 0.186672687530518 0.245907440781593 0.272113412618637 0.247043609619141 0.259336799383163 0.306620866060257 0.383855551481247 0.423784464597702 0.432930618524551 0.442671000957489 0.447916686534882 0.444841802120209 0.42697149515152 0.17282135784626 0.15019391477108 0.140624910593033 0.158468455076218 0.171282231807709 0.172041848301888 0.162643060088158 0.168418139219284 0.166284322738647 0.186065509915352 0.202497005462646 0.208608910441399 0.216781824827194 0.202594861388206 0.197662830352783 0.163419097661972 0.156775817275047 0.167463019490242 0.172828301787376 0.177680596709251 0.213884115219116
0.294173747301102 0.284221589565277 0.281355202198029 0.269279032945633 0.24959608912468 0.26936337351799 0.240758419036865 0.232309758663177 0.237183377146721 0.273052901029587 0.215522468090057 0.224528968334198 0.248870477080345 0.268770188093185 0.281563282012939 0.285379618406296 0.313706427812576 0.35337632894516 0.371366053819656 0.394745349884033 0.135799676179886 0.144220978021622 0.147301495075226 0.141083925962448 0.134255304932594 0.137588500976562 0.137037456035614 0.136287450790405 0.155499801039696 0.15358766913414 0.166061207652092 0.166245177388191 0.172704502940178 0.183238208293915 0.19253633916378 0.197170078754425 0.2017822265625 0.190180495381355 0.157125055789948 0.158290937542915 0.170007944107056 0.170131966471672 0.170923680067062 0.173583015799522
0.333857715129852 0.27196878194809 0.280697524547577 0.264130294322968 0.22272515296936 0.261719405651093 0.290142893791199 0.273912280797958 0.250883847475052 0.225252747535706 0.190556660294533 0.16542561352253 0.186575800180435 0.165079921483994 0.188516139984131 0.194670900702477 0.267327129840851 0.310627430677414 0.285581856966019 0.0999432355165482 0.120310634374619 0.132291167974472 0.1258574873209 0.13952362537384 0.144478812813759 0.142147243022919 0.128809109330177 0.118496410548687 0.139788508415222 0.157118231058121 0.169520929455757 0.166313096880913 0.16673718392849 0.175029650330544 0.171679154038429 0.181065857410431 0.187993451952934 0.184085860848427 0.155156925320625 0.160558015108109 0.162597358226776 0.165454521775246 0.173095971345901 0.167633891105652
