data/climate_estimation/maxent_output/Erythronium_citrinum.asc
NCOLS 32 
NROWS 36 
XLLCORNER -124.166666666667 
YLLCORNER 39.75 
CELLSIZE 0.0833333333333335 
NODATA_value -3.4e+38 
0.319330334663391 0.640626013278961 0.679463744163513 0.866977691650391 0.872748017311096 0.855308890342712 0.867063105106354 0.914929687976837 0.927558422088623 0.92325484752655 0.87408435344696 0.762956380844116 0.766050636768341 0.787139236927032 0.796576976776123 0.751722395420074 0.787820518016815 0.736807227134705 0.672753930091858 0.722274959087372 0.69635546207428 0.682015299797058 0.493121564388275 0.301903635263443 0.46620637178421 0.350234687328339 0.285854935646057 0.203677028417587 0.133602291345596 0.0806180462241173 0.0607696995139122 0.0370138362050056
0.449253261089325 0.789705872535706 0.703367710113525 0.545225143432617 0.702029526233673 0.926097512245178 0.924343764781952 0.920331835746765 0.924272894859314 0.918614029884338 0.898908972740173 0.843683242797852 0.800324678421021 0.782333612442017 0.744688808917999 0.746524095535278 0.508907556533813 0.477799236774445 0.756581485271454 0.727539479732513 0.783036112785339 0.708122909069061 0.607780873775482 0.279363304376602 0.426591247320175 0.366770029067993 0.224431127309799 0.130160361528397 0.0978542342782021 0.0699267238378525 0.044354934245348 0.0450618751347065
0.594587326049805 0.788512945175171 0.695498704910278 0.715859353542328 0.709767580032349 0.842146277427673 0.904998242855072 0.925729036331177 0.847637116909027 0.835713744163513 0.900805234909058 0.817112863063812 0.653897762298584 0.693537414073944 0.422248423099518 0.239472031593323 0.265715688467026 0.597533822059631 0.613076567649841 0.694925308227539 0.648390412330627 0.711448967456818 0.475158005952835 0.35440069437027 0.381168484687805 0.285819351673126 0.193890377879143 0.135721057653427 0.0889858230948448 0.0606854371726513 0.0484506078064442 0.0361912101507187
0.439731806516647 0.672877430915833 0.845334827899933 0.858141124248505 0.856976807117462 0.858539581298828 0.910560250282288 0.926559925079346 0.791064500808716 0.764055132865906 0.80417275428772 0.759452044963837 0.541541159152985 0.373315781354904 0.180305704474449 0.126431092619896 0.121585503220558 0.179043233394623 0.341229140758514 0.658239662647247 0.671157658100128 0.73714691400528 0.337673276662827 0.464424431324005 0.40651062130928 0.278548836708069 0.155605122447014 0.125622496008873 0.107779763638973 0.0776442438364029 0.0453841052949429 0.0307470951229334
0.439055293798447 0.679908454418182 0.835488140583038 0.879526913166046 0.932965278625488 0.919575870037079 0.924638271331787 0.894075572490692 0.804831206798553 0.751778364181519 0.858497202396393 0.829194605350494 0.554679393768311 0.61040860414505 0.195807263255119 0.0834525302052498 0.191179424524307 0.296772122383118 0.411427468061447 0.510459780693054 0.607118427753448 0.726562738418579 0.564811110496521 0.412971138954163 0.258636325597763 0.276207745075226 0.148208782076836 0.0766135901212692 0.0649528801441193 0.0619388334453106 0.0465584173798561 0.0300752818584442
0.54464715719223 0.775911033153534 0.854076445102692 0.854355037212372 0.926852524280548 0.923512160778046 0.925275444984436 0.911021053791046 0.934896886348724 0.937182605266571 0.861188292503357 0.679797112941742 0.755264043807983 0.633836448192596 0.330043822526932 0.139226704835892 0.155836641788483 0.555101633071899 0.609395921230316 0.70393306016922 0.671561241149902 0.640203893184662 0.428893774747849 0.404910445213318 0.218564093112946 0.202162697911263 0.115946508944035 0.0628688037395477 0.0480989180505276 0.0364712439477444 0.0211886931210756 0.0210223663598299
0.502190768718719 0.779172003269196 0.706947386264801 0.858421564102173 0.849208772182465 0.944677591323853 0.927579998970032 0.931709945201874 0.920635998249054 0.923249483108521 0.824216187000275 0.819591104984283 0.778385698795319 0.448328942060471 0.555148065090179 0.575739681720734 0.278202205896378 0.158155471086502 0.269612640142441 0.54656183719635 0.534729361534119 0.564331352710724 0.375841706991196 0.29183503985405 0.206283360719681 0.145833298563957 0.0908644422888756 0.054899413138628 0.031420212239027 0.0248794369399548 0.0227051246911287 0.0163405574858189
0.494376659393311 0.760538697242737 0.804648220539093 0.836888492107391 0.870821714401245 0.942926824092865 0.871516406536102 0.89578777551651 0.945844531059265 0.858620643615723 0.760441660881042 0.891827762126923 0.776600778102875 0.611536800861359 0.529587626457214 0.557968199253082 0.529740512371063 0.57025820016861 0.328503370285034 0.305068701505661 0.457075864076614 0.329129725694656 0.292748212814331 0.205710664391518 0.135421201586723 0.108033619821072 0.0709349364042282 0.0490563362836838 0.0286552365869284 0.0186883453279734 0.0218364391475916 0.014391154050827
0.410258203744888 0.71479058265686 0.837054431438446 0.871086239814758 0.907692968845367 0.948126673698425 0.944469332695007 0.932535111904144 0.860865652561188 0.710772633552551 0.731021821498871 0.8613401055336 0.781237840652466 0.670578956604004 0.671778440475464 0.45288223028183 0.553779542446136 0.527172148227692 0.371135413646698 0.446882456541061 0.351878315210342 0.213816344738007 0.188166558742523 0.140604674816132 0.109012134373188 0.0687392801046371 0.0424743928015232 0.0375059247016907 0.0241967532783747 0.0181486718356609 0.0136168682947755 0.0104020712897182
0.375394225120544 0.700995564460754 0.830288827419281 0.917621493339539 0.930549681186676 0.947629034519196 0.873119652271271 0.851731896400452 0.889169871807098 0.889263868331909 0.743020236492157 0.862735748291016 0.839079797267914 0.700104534626007 0.572769463062286 0.508848547935486 0.484657108783722 0.484188079833984 0.216483220458031 0.172081038355827 0.113121174275875 0.1134869530797 0.13116417825222 0.107768259942532 0.0685108974575996 0.0440133959054947 0.0343828462064266 0.0278238151222467 0.0192633662372828 0.0156258456408978 0.0115546640008688 0.00880513899028301
0.299259722232819 0.685410737991333 0.773751616477966 0.918644964694977 0.943241715431213 0.875039279460907 0.545672476291656 0.886444449424744 0.939066886901855 0.939596056938171 0.942375600337982 0.942414343357086 0.836976170539856 0.719706118106842 0.699571490287781 0.481896698474884 0.294198662042618 0.219883516430855 0.258872002363205 0.119500435888767 0.0936443358659744 0.131325155496597 0.119728676974773 0.0882531628012657 0.0408497080206871 0.0306591000407934 0.0238066185265779 0.0242202691733837 0.0205681622028351 0.0169207584112883 0.0132082458585501 0.0102575877681375
0.249804899096489 0.575927019119263 0.835589289665222 0.905038118362427 0.854556381702423 0.833545446395874 0.854282557964325 0.872597694396973 0.9496750831604 0.734946310520172 0.90168422460556 0.928699135780334 0.894044637680054 0.582779407501221 0.56726348400116 0.41419792175293 0.324453741312027 0.203774467110634 0.119574382901192 0.107237733900547 0.0993582680821419 0.127717241644859 0.10663066059351 0.0943832099437714 0.0562545172870159 0.0238406397402287 0.0213807336986065 0.0262799169868231 0.0207018908113241 0.020231431350112 0.0163582731038332 0.0131293525919318
0.372874736785889 0.586271047592163 0.802810668945312 0.891541242599487 0.908374488353729 0.841141581535339 0.877189755439758 0.954979836940765 0.88747763633728 0.894023895263672 0.95394378900528 0.757930099964142 0.854788422584534 0.825533449649811 0.664705872535706 0.506959676742554 0.436974108219147 0.251227587461472 0.0875747501850128 0.0821175202727318 0.116770885884762 0.131071954965591 0.114728510379791 0.109325267374516 0.0537420213222504 0.0389360524713993 0.0317342653870583 0.03153096139431 0.0275632347911596 0.0258237179368734 0.0204515065997839 0.0177888087928295
0.343809634447098 0.501218795776367 0.80547308921814 0.896192967891693 0.919472396373749 0.809885621070862 0.946441829204559 0.961618423461914 0.897393822669983 0.951059401035309 0.903473675251007 0.542359828948975 0.849758863449097 0.796145260334015 0.399948477745056 0.23147676885128 0.266962885856628 0.229006379842758 0.23242561519146 0.138040944933891 0.163186222314835 0.195275038480759 0.170580595731735 0.107748337090015 0.075586311519146 0.0606136545538902 0.0532138124108315 0.0461520403623581 0.043387196958065 0.0289879031479359 0.0283500924706459 0.02449856325984
0.278545737266541 0.438839316368103 0.719964027404785 0.882267236709595 0.891878247261047 0.846683442592621 0.939348220825195 0.930058360099792 0.95865261554718 0.720336019992828 0.737658381462097 0.736258149147034 0.543736696243286 0.698129177093506 0.513219475746155 0.207740381360054 0.304720997810364 0.300451427698135 0.263076305389404 0.196964055299759 0.265031486749649 0.356432050466537 0.329436779022217 0.158725127577782 0.111628301441669 0.115981139242649 0.0777542144060135 0.0567735433578491 0.0447475984692574 0.0371866188943386 0.0398371741175652 0.0324760787189007
-3.4e+38 0.482204735279083 0.65393477678299 0.834555923938751 0.920339405536652 0.9292311668396 0.92717456817627 0.954731225967407 0.958820998668671 0.965993046760559 0.9590665102005 0.753928661346436 0.738204836845398 0.690440714359283 0.726118862628937 0.259562134742737 0.309269368648529 0.47954535484314 0.401618599891663 0.418916612863541 0.458518922328949 0.453779220581055 0.263549983501434 0.161844685673714 0.157279789447784 0.128374978899956 0.104863598942757 0.125677049160004 0.0967821404337883 0.0791364461183548 0.0637450888752937 0.0471116192638874
-3.4e+38 0.396383851766586 0.650542318820953 0.811444103717804 0.885421514511108 0.909403204917908 0.933495879173279 0.930179953575134 0.839240193367004 0.942940950393677 0.732480943202972 0.863766968250275 0.911255538463593 0.838955998420715 0.682943522930145 0.441129237413406 0.457293421030045 0.452039897441864 0.525744378566742 0.369344651699066 0.456393271684647 0.616649627685547 0.407071471214294 0.0720586478710175 0.216123819351196 0.411784827709198 0.53530752658844 0.220247656106949 0.18609607219696 0.17949877679348 0.136202946305275 0.0960780531167984
0.213095784187317 0.386786282062531 0.653525233268738 0.739571869373322 0.888485670089722 0.91969883441925 0.923531651496887 0.79244202375412 0.947572827339172 0.864456951618195 0.956462860107422 0.96029269695282 0.934753358364105 0.867108225822449 0.546874284744263 0.696888864040375 0.612065136432648 0.653739213943481 0.594134509563446 0.485880792140961 0.471059948205948 0.875085115432739 0.970790386199951 0.733330428600311 0.958742678165436 0.958590567111969 0.924300789833069 0.721649646759033 0.476771861314774 0.306992143392563 0.238793343305588 0.144384667277336
0.219930768013000 0.433948665857315 0.617407262325287 0.76958841085434 0.857280611991882 0.896987557411194 0.920519769191742 0.933458030223846 0.935442686080933 0.941414773464203 0.87729823589325 0.89573472738266 0.934153258800507 0.917804956436157 0.582133769989014 0.708169341087341 0.547857940196991 0.811491191387177 0.729371011257172 0.650943219661713 0.613969683647156 0.824628710746765 0.970202147960663 0.981878101825714 0.930217087268829 0.969416499137878 0.918055891990662 0.739987790584564 0.63859349489212 0.52828174829483 0.3386290371418 0.189833179116249
0.200549840927124 0.381426274776459 0.615559637546539 0.743998169898987 0.855034410953522 0.849631667137146 0.902834832668304 0.921365976333618 0.906810343265533 0.928988456726074 0.931934893131256 0.956677556037903 0.948627173900604 0.930876672267914 0.719089448451996 0.850652933120728 0.857831358909607 0.893619179725647 0.848744750022888 0.8523810505867 0.715845763683319 0.972334802150726 0.951579630374908 0.976546347141266 0.961203873157501 0.975376129150391 0.967709243297577 0.95591527223587 0.809913396835327 0.624056816101074 0.472789436578751 0.200106486678123
0.185202404856682 0.267651617527008 0.554584443569183 0.667009711265564 0.827548205852509 0.842429637908936 0.840648412704468 0.913584411144257 0.896077632904053 0.951275944709778 0.94385439157486 0.922791361808777 0.92936897277832 0.863023996353149 0.738018929958344 0.557531416416168 0.875657916069031 0.811108112335205 0.954642951488495 0.945976316928864 0.974734246730804 0.649820625782013 0.961468935012817 0.850924909114838 0.983144760131836 0.961360454559326 0.699237406253815 0.8628089427948 0.920316278934479 0.791372895240784 0.380640059709549 0.243601426482201
0.12556329369545 0.211709946393967 0.507862031459808 0.678558945655823 0.825227558612823 0.87469357252121 0.77984881401062 0.917223572731018 0.922416090965271 0.907321155071259 0.948327839374542 0.86814159154892 0.946305811405182 0.545914649963379 0.880079507827759 0.56901079416275 0.949519872665405 0.731752693653107 0.901941895484924 0.978457093238831 0.539082229137421 0.524617671966553 0.866259217262268 0.657741487026215 0.823406398296356 0.773906648159027 0.793154716491699 0.94366317987442 0.944537103176117 0.811074495315552 0.298888713121414 0.123575814068317
0.0863798186182976 0.175264358520508 0.344459027051926 0.698399245738983 0.783611178398132 0.848552048206329 0.834554314613342 0.755949854850769 0.821986556053162 0.918845295906067 0.938751637935638 0.937399387359619 0.891412317752838 0.949829041957855 0.952201664447784 0.959637463092804 0.660008549690247 0.765410542488098 0.971569001674652 0.952423810958862 0.605160295963287 0.29539555311203 0.450440943241119 0.600243985652924 0.562598884105682 0.612028062343597 0.640399634838104 0.976516127586365 0.963486015796661 0.859526038169861 0.537693023681641 0.208580389618874
0.0858110934495926 0.212977603077888 0.411401063203812 0.541576445102692 0.827309727668762 0.829420685768127 0.863303959369659 0.868297696113586 0.857424080371857 0.804962694644928 0.75270140171051 0.925426125526428 0.48730206489563 0.882911384105682 0.95391321182251 0.725478231906891 0.572811543941498 0.888046205043793 0.734149754047394 0.822465538978577 0.602114856243134 0.226743638515472 0.275156050920486 0.403966993093491 0.326899707317352 0.436644524335861 0.608791291713715 0.986107528209686 0.959983944892883 0.951916396617889 0.804122269153595 0.690100729465485
0.114021643996239 0.229918584227562 0.586694240570068 0.603556573390961 0.780510902404785 0.801488995552063 0.816999733448029 0.81984007358551 0.87941575050354 0.88290798664093 0.91333281993866 0.833714723587036 0.92699146270752 0.449719965457916 0.492829293012619 0.438869178295135 0.579402327537537 0.806549906730652 0.464407354593277 0.747466087341309 0.277657598257065 0.195041492581367 0.187255844473839 0.165418654680252 0.232083648443222 0.335998773574829 0.590525507926941 0.970378398895264 0.967807590961456 0.948866724967957 0.672367036342621 0.539975523948669
0.158996775746346 0.37423449754715 0.493525773286819 0.649402141571045 0.764242708683014 0.805696427822113 0.834913790225983 0.848195016384125 0.662402510643005 0.829256653785706 0.827584743499756 0.901171386241913 0.899553060531616 0.778826057910919 0.409311354160309 0.601287186145782 0.845391988754272 0.886333882808685 0.581003606319427 0.280615717172623 0.144171640276909 0.11395625025034 0.113232925534248 0.104547694325447 0.138021901249886 0.17681185901165 0.31944015622139 0.620661675930023 0.965790450572968 0.918555378913879 0.72879832983017 0.817994713783264
0.114736333489418 0.213025465607643 0.426345318555832 0.670118510723114 0.757833540439606 0.80268383026123 0.836669504642487 0.858494818210602 0.852447032928467 0.884618103504181 0.840658605098724 0.567668557167053 0.70289558172226 0.874527752399445 0.806987345218658 0.849560618400574 0.95047664642334 0.906640470027924 0.696735620498657 0.201834738254547 0.129226967692375 0.0907176285982132 0.0870382562279701 0.092483326792717 0.114278569817543 0.175347670912743 0.371979653835297 0.747045278549194 0.96739137172699 0.956837236881256 0.952506065368652 0.716368436813354
0.243962436914444 0.273905754089355 0.364193558692932 0.580184161663055 0.690313339233398 0.785213112831116 0.802543580532074 0.80076402425766 0.811513960361481 0.831679344177246 0.835835218429565 0.839996099472046 0.711029410362244 0.881627023220062 0.917856276035309 0.763808369636536 0.528664290904999 0.256331890821457 0.121299833059311 0.107337392866611 0.104146897792816 0.0899785161018372 0.0770623758435249 0.0710630938410759 0.0914289802312851 0.16489677131176 0.275362610816956 0.538776218891144 0.859538674354553 0.961278259754181 0.923278272151947 0.4869364798069
0.317292660474777 0.407434433698654 0.441246956586838 0.576969623565674 0.706695079803467 0.779755830764771 0.809065699577332 0.772775650024414 0.780820667743683 0.821787416934967 0.79603499174118 0.852491796016693 0.849357128143311 0.864495754241943 0.714092969894409 0.323202908039093 0.15170094370842 0.113789036870003 0.106798432767391 0.0840268060564995 0.0771880447864532 0.0643630474805832 0.058375209569931 0.0467370003461838 0.0531440861523151 0.0822438672184944 0.168814301490784 0.232148438692093 0.652455568313599 0.965261340141296 0.967117547988892 0.963790893554688
0.276673883199692 0.395338177680969 0.529641211032867 0.604419112205505 0.643542528152466 0.629229843616486 0.786109089851379 0.78720235824585 0.802664339542389 0.752809226512909 0.795481324195862 0.785949349403381 0.848706305027008 0.840863585472107 0.759441435337067 0.563680827617645 0.172217234969139 0.122594013810158 0.0971933007240295 0.0777613818645477 0.0657592415809631 0.0541268810629845 0.0359032154083252 0.0264644548296928 0.0407104939222336 0.0920546650886536 0.155197873711586 0.355266898870468 0.688693225383759 0.950676918029785 0.975006461143494 0.968786358833313
0.254372000694275 0.318702399730682 0.530427515506744 0.636924266815186 0.632769584655762 0.695542871952057 0.474047929048538 0.728362083435059 0.725751280784607 0.738251090049744 0.73557722568512 0.780296742916107 0.800447046756744 0.842601835727692 0.920537650585175 0.903661668300629 0.296512216329575 0.125384911894798 0.0968924462795258 0.0640573650598526 0.0448110103607178 0.0285216420888901 0.0187845341861248 0.0152512937784195 0.0265475604683161 0.0639647245407104 0.129948571324348 0.28824970126152 0.538745701313019 0.866813480854034 0.930115461349487 0.940316915512085
0.269567608833313 0.374478757381439 0.468488603830338 0.629298806190491 0.636705636978149 0.725229859352112 0.584883868694305 0.576442897319794 0.735835194587708 0.584347069263458 0.766776442527771 0.772932052612305 0.813940703868866 0.856042802333832 0.901550590991974 0.889166712760925 0.840078473091125 0.203870490193367 0.0943436846137047 0.0462536811828613 0.0269846338778734 0.0203677304089069 0.0115525759756565 0.00984040647745132 0.0138811860233545 0.0410979576408863 0.129064753651619 0.214157521724701 0.415424585342407 0.663929641246796 0.814706742763519 0.914558410644531
-3.4e+38 0.326104611158371 0.434727519750595 0.585302293300629 0.609248459339142 0.6732097864151 0.662180364131927 0.50149804353714 0.654944002628326 0.689087748527527 0.549345672130585 0.754416108131409 0.820354580879211 0.851214170455933 0.888718783855438 0.916900217533112 0.880603551864624 0.852709174156189 0.0981961116194725 0.0385853014886379 0.0245470479130745 0.0153576256707311 0.0106153581291437 0.0112343076616526 0.0142611069604754 0.0237007588148117 0.0610784366726875 0.19947649538517 0.324739992618561 0.546711325645447 0.721305549144745 0.914872944355011
-3.4e+38 0.358982890844345 0.428000450134277 0.515757739543915 0.618319749832153 0.647386908531189 0.653537750244141 0.651669263839722 0.490418553352356 0.454852700233459 0.58722984790802 0.737604916095734 0.787796676158905 0.81518942117691 0.853055953979492 0.851024270057678 0.877025425434113 0.888381123542786 0.143652632832527 0.0318451412022114 0.0212014392018318 0.0139187527820468 0.0115704508498311 0.0125047694891691 0.0146054094657302 0.0239297933876514 0.03739108517766 0.129030808806419 0.261238127946854 0.508269369602203 0.537332355976105 0.730924010276794
-3.4e+38 -3.4e+38 0.389674365520477 0.480436831712723 0.586081802845001 0.644546210765839 0.653356492519379 0.648819208145142 0.511563956737518 0.636774241924286 0.556189000606537 0.525801122188568 0.639124870300293 0.683768272399902 0.831026971340179 0.846869349479675 0.871077179908752 0.649593353271484 0.0739782825112343 0.0261264629662037 0.0182527769356966 0.0129903201013803 0.0126807559281588 0.0134462965652347 0.0192042961716652 0.0250694155693054 0.0363054536283016 0.0678697749972343 0.167758196592331 0.27498322725296 0.433901190757751 0.449308127164841
-3.4e+38 -3.4e+38 -3.4e+38 0.347182482481003 0.476282000541687 0.567755162715912 0.540479004383087 0.546339750289917 0.567972898483276 0.497496545314789 0.411299735307693 0.205094218254089 0.304585188627243 0.550509929656982 0.816621482372284 0.820745468139648 0.753344058990479 0.773007869720459 0.145395487546921 0.0198787953704596 0.0172090288251638 0.0131119703873992 0.0135814407840371 0.0178253035992384 0.0204610023647547 0.0268982630223036 0.0374954082071781 0.0544883832335472 0.110192209482193 0.167443513870239 0.257547348737717 0.432024091482162
