data/climate_estimation/maxent_output/Erythronium_multiscapideum.asc
NCOLS 122 
NROWS 52 
XLLCORNER -122.916666666667 
YLLCORNER 36.5 
CELLSIZE 0.0833333333333334 
NODATA_value -3.4e+38 
[rows 19 to 37 of 52, columns 42 to 83 of 122]
0.000986124039627612 0.00155934609938413 0.00109007535502315 0.000648257788270712 0.000884153938386589 0.000851263292133808 0.000871286960318685 0.000890916504431516 0.00217390712350607 0.00206705322489142 0.000135379988932982 0.000183794400072657 0.000139257084811106 0.00165365834254771 0.000109975975647103 0.000299593841191381 0.000703245808836073 6.57366399536841e-05 0.000391364301322028 0.000313092896249145 0.000172678745002486 0.000324789434671402 0.000252599187660962 0.000103598264104221 0.000206036464078352 0.000287652015686035 4.90772217744961e-05 4.99895795655902e-05 0.000413230882259086 0.000544453272596002 0.000234231818467379 7.07375584170222e-05 0.000131632579723373 1.74054694070946e-05 1.32183522509877e-05 1.08673202703358e-05 1.06804491224466e-05 7.86229702498531e-06 4.65714128949912e-06 7.51825518818805e-06 9.89145610219566e-06 9.37813183554681e-06
0.000803132308647037 0.00116575928404927 0.00147870078217238 0.00147786410525441 0.00148729130160064 0.00152871024329215 0.000182658375706524 0.000183420386747457 0.00216027675196528 0.00216258806176484 0.000135147187393159 0.000141298369271681 0.000172096872120164 0.000138462331960909 8.48505442263559e-05 8.2967417256441e-05 8.3988365076948e-05 6.53104216326028e-05 5.09506025991868e-05 4.03952763008419e-05 2.17445885937195e-05 1.7087686501327e-05 7.03314217389561e-05 5.48067437193822e-05 0.000189982514712028 0.000108406376966741 2.902561755036e-05 0.000209160207305104 0.000502559414599091 4.70535705971997e-05 5.09390083607286e-05 2.60786055150675e-05 1.33280855152407e-05 2.25909607252106e-05 1.33630010168417e-05 1.08389222077676e-05 5.91007074035588e-06 1.04412456494174e-05 5.95760093347053e-06 1.25866718008183e-05 1.20161539598485e-05 7.24348456060397e-06
0.000821291643660516 0.00119540898595005 0.00115537480451167 0.00155657425057143 0.00147687632124871 0.000882970110978931 0.00153860880527645 0.000193028841749765 0.000188376288861036 0.000191491504665464 0.000184501041076146 0.000138463219627738 0.000107454281533137 0.000106438841612544 0.00010970749281114 8.45748800202273e-05 0.00014895768254064 0.00011752151476685 0.000115495473437477 6.78978394716978e-05 2.41598245338537e-05 0.000161796022439376 4.84897427668329e-05 1.68639908224577e-05 2.43529120780295e-05 2.56731455010595e-05 0.00013667275197804 7.51169573049992e-05 5.86708520131651e-05 3.61809397873003e-05 3.01513173326384e-05 1.40427573569468e-05 1.25620690596406e-05 2.13136099773692e-05 1.24733342090622e-05 1.07355062937131e-05 5.95375831835554e-06 6.08811888014316e-06 7.11767961547594e-06 1.60694216901902e-05 1.22229739645263e-05 4.1672515180835e-06
0.000992289977148175 0.000954390503466129 0.000917300523724407 0.00115070631727576 0.000660669291391969 0.000469187099952251 0.000630645721685141 0.00172111322171986 0.00172678183298558 0.000199789617909119 0.000202021081349812 0.000146263031638227 0.000195666652871296 0.000262241810560226 0.000266274699242786 0.00015022729348857 0.000150473817484453 0.000115116090455558 9.12172035896219e-05 5.97069920331705e-05 2.26858210226055e-05 2.71628377959132e-05 1.74814267666079e-05 1.81633695319761e-05 4.29446008638479e-05 1.71223746292526e-05 7.3290073487442e-05 9.45640058489516e-05 7.44282806408592e-05 1.97796889551682e-05 1.40826623464818e-05 1.45951098602382e-05 2.70215041382471e-05 2.04595635295846e-05 7.22907680028584e-06 7.64444848755375e-06 1.62415817612782e-05 1.17188537842594e-05 9.16933277039789e-06 1.18537109301542e-05 1.56699097715318e-05 8.90350383997429e-06
0.00107054028194398 0.00102803506888449 0.000950176559854299 0.00120224594138563 0.000661710917484015 0.00063144724117592 0.000366135034710169 0.00097831035964191 0.000988278072327375 0.000143846613354981 0.000146918770042248 0.000189486891031265 0.000208256344194524 0.000283199333352968 0.000284579873550683 0.000267952331341803 0.000204418713110499 0.000205960590392351 8.72727032401599e-05 4.76967106806114e-05 8.50116412038915e-05 3.91239918826614e-05 3.38099962391425e-05 3.41734194080345e-05 1.69014983839588e-05 2.41305351664778e-05 5.21876645507291e-05 9.08645888557658e-05 7.15127171133645e-05 1.4217945135897e-05 8.61040462041274e-06 2.62552639469504e-05 3.41772611136548e-05 1.45836484080064e-05 1.03431057141279e-05 1.53604378283489e-05 2.04972202482168e-05 8.91559830051847e-06 1.13848964247154e-05 1.15582670332515e-05 1.50811147250351e-05 1.12992047434091e-05
0.00085696333553642 0.00102288171183318 0.000600257015321404 0.000969918677583337 0.00071528711123392 0.000623448635451496 0.000231864163652062 0.000506113690789789 0.00179614534135908 0.000149461848195642 0.000142437114845961 0.000143405704875477 0.000148985593114048 0.000204701194888912 0.00020320198382251 0.000267784431343898 0.000203746429178864 0.000198629495571367 6.30871363682672e-05 3.56791206286289e-05 0.00010901515634032 3.90045970561914e-05 3.14462558890227e-05 2.4557943106629e-05 2.23298447963316e-05 1.39718522405019e-05 1.62888773047598e-05 0.00011813535093097 5.27115844306536e-05 1.1598109267652e-05 1.19178976092371e-05 3.17496487696189e-05 1.83615920832381e-05 7.22503773431526e-06 1.20365766633768e-05 1.95985703612678e-05 1.42979642987484e-05 9.01226485439111e-06 1.43819916047505e-05 8.64454796101199e-06 1.95752418221673e-05 2.59281223407015e-05
0.000804597046226263 0.000841888191644102 0.000475340144475922 0.000348389556165785 0.000546714407391846 0.000722744152881205 0.000388065294828266 0.000678989454172552 0.00188702752348036 0.000159664850798436 0.000217139328015037 0.000218474757275544 0.000220343776163645 0.000105245904705953 0.000109254928247537 0.000111827728687786 0.000117130373837426 0.000195444881683215 8.53828751132824e-05 6.33175004622899e-05 8.39540953165852e-05 6.15929675404914e-05 1.5837315004319e-05 2.42837813857477e-05 2.45742266997695e-05 2.50753782893298e-05 4.94305641041137e-05 0.0001152300828835 2.97546866931953e-05 1.10129331005737e-05 1.28649498947198e-05 2.33816808759002e-05 1.81667764991289e-05 8.43880570755573e-06 9.18687965167919e-06 4.13847992604133e-05 1.1250705938437e-05 7.19048512110021e-06 3.27452944475226e-05 1.50503419718007e-05 2.65373291767901e-05 2.58077543549007e-05
0.000636061129625887 0.000471666746307164 0.000391644513001665 0.000278079503914341 0.000448095495812595 0.000554910278879106 0.00040113038267009 0.000242951631662436 0.00138634594622999 0.00141230633016676 0.000330463022692129 0.000225795520236716 0.000216090091271326 0.000108220025140326 0.000169347957125865 8.11028221505694e-05 7.89344267104752e-05 0.000143420169479214 0.00010583419498289 0.000104818398540374 8.31026918604039e-05 0.000105387545772828 6.14985983702354e-05 3.52944844053127e-05 3.6099532735534e-05 4.88573277834803e-05 8.57215127325617e-05 0.000114173803012818 1.69300528796157e-05 1.05544677353464e-05 1.31414390125428e-05 4.07455954700708e-05 1.81890409294283e-05 8.74543547979556e-06 1.86439228855306e-05 3.19340033456683e-05 8.65953916218132e-06 6.04346814725432e-06 4.23207966377959e-05 2.58742802543566e-05 2.5386569177499e-05 1.56113055709284e-05
0.000694173621013761 0.000484651449369267 0.000395869923522696 0.000238437423831783 0.000277697690762579 0.000573564087972045 0.000256736238952726 8.10457204352133e-05 0.000567770795896649 0.000854584912303835 0.000849786563776433 0.000165396457305178 0.000167741978657432 0.000165965015185066 0.000212859391467646 0.000113665628305171 5.73730503674597e-05 7.61586052249186e-05 5.76967722736299e-05 5.76462261960842e-05 0.000135562455398031 0.000103626822237857 0.000107767082226928 0.000143197219586 0.000104338949313387 0.000144645222462714 0.000145798258017749 6.62503443891183e-05 2.29779670917196e-05 5.19986388098914e-05 4.02834448323119e-05 2.33094087889185e-05 1.04540213214932e-05 4.21919758082367e-05 3.29874419549014e-05 3.21487095789053e-05 3.26435183524154e-05 5.56542690901551e-05 5.64962028875016e-05 3.3841253753053e-05 3.47083987435326e-05 2.01323800865794e-05
0.000715279951691628 0.00029144060681574 0.000479529466247186 0.000463641481474042 0.00046543768257834 0.000558123574592173 0.000333405216224492 8.17892723716795e-05 0.000397169525967911 0.000725001737009734 0.000739076524041593 0.000287819973891601 0.000286270544165745 0.000210934784263372 0.000108246844320092 0.000216272179386579 0.000108083353552502 7.41873154765926e-05 0.000100912351626903 0.000135316629894078 0.000136378788738512 0.000102472353319172 0.000134358881041408 0.000133240857394412 0.000239373839576729 0.000245538947638124 0.000143206067150459 5.18257111252751e-05 6.62293386994861e-05 9.03730469872244e-05 3.07141854136717e-05 1.83226366061717e-05 2.46213840000564e-05 7.25683639757335e-05 3.23080203088466e-05 1.46627944559441e-05 3.36742850777227e-05 7.55084765842184e-05 5.87061149417423e-05 3.39451617037412e-05 3.52832976204809e-05 3.68050568795297e-05
0.00101238116621971 0.000437694397987798 0.000414424081100151 0.000370252004358917 0.000377695250790566 0.00043020088924095 0.000551052624359727 0.000418390845879912 0.000202452938538045 0.000301068765111268 0.000667253159917891 0.000457003072369844 0.000280482519883662 0.00029514852212742 0.000136873743031174 0.000160175186465494 0.000111240624391939 0.000117147421406116 7.91196944192052e-05 0.000139243769808672 0.000171805600984953 0.000228007644182071 0.000134926245664246 0.000306766334688291 0.000173130043549463 0.000188352176337503 0.000148853068822064 0.000145094716572203 0.000148530190926977 9.09260779735632e-05 1.81662871909793e-05 1.04849186755018e-05 2.46255094680237e-05 9.49005407164805e-05 5.43648238817696e-05 1.43963115988299e-05 3.37217752530705e-05 7.27084334357642e-05 5.67837014386896e-05 3.54890107701067e-05 3.55001138814259e-05 3.69838780898135e-05
0.000905027554836124 0.000930204056203365 0.000581758329644799 0.000366982916602865 0.000291491480311379 0.000244142749579623 0.000228823118959554 0.000210980564588681 0.00015958676522132 0.000419603456975892 0.000687183637637645 0.00048977741971612 0.000472919025924057 0.000214348561712541 0.000211418649996631 0.000162798474775627 0.000157809816300869 9.78037060122006e-05 0.000133079083752818 0.000235068728215992 0.000173745851498097 0.00023343347129412 0.00012999247701373 0.000174044442246668 0.000311063427943736 0.00018804422870744 5.11724938405678e-05 0.000191937258932739 0.000191031373105943 0.000118787764222361 5.25396972079761e-05 4.10428256145678e-05 7.35510620870627e-05 9.31366157601587e-05 7.37062582629733e-05 2.58563413808588e-05 3.34122887579724e-05 0.000100571793154813 7.61728515499271e-05 4.77710927953012e-05 0.000149520448758267 0.000204723502974957
0.000948017055634409 0.00113868457265198 0.000690291111823171 0.000378170312615111 0.000217161752516404 0.000210544269066304 0.000231578756938688 0.000363117083907127 0.000256728497333825 0.000431906926678494 0.000528860546182841 0.000506368814967573 0.0010263966396451 0.000425972742959857 0.000296841142699122 0.000139720737934113 0.000146821505040862 0.000188279576832429 0.000132844055769965 0.000167166304890998 0.000131004475406371 0.000176663772435859 0.000170089799212292 0.00022392206301447 0.000219491950701922 0.000306697911582887 0.000146686375956051 0.000193645741092041 0.000190656865015626 6.80236917105503e-05 5.40855035069399e-05 7.03272089594975e-05 0.00012447805784177 0.000126662256661803 9.49280147324316e-05 4.33199093095027e-05 5.92305841564666e-05 7.65115473768674e-05 7.64338619774207e-05 0.00019293864897918 0.000270423799520358 0.000284266745438799
0.000602216518018395 0.000518331304192543 0.0006672537419945 0.000512632366735488 0.00047094642650336 0.000496101391036063 0.000631170580163598 0.00037039996823296 0.000243825707002543 0.000342032988555729 0.000739148701541126 0.000708058651071042 0.000931377406232059 0.000434164248872548 0.000298722297884524 0.000177782378159463 0.000189174781553447 0.000259299238678068 0.000175820925505832 0.000100496807135642 0.000101660996733699 0.000224894509301521 0.00022102813818492 0.000219087465666234 0.000394126167520881 0.000301246851449832 0.000144401681609452 0.000314407312544063 0.000247754796873778 0.000152755455928855 0.000121523145935498 0.000121751625556499 9.5198025519494e-05 0.000124086247524247 9.6628449682612e-05 4.39490468124859e-05 5.85536472499371e-05 7.85191805334762e-05 0.000193337924429215 0.00026192786754109 0.000377059477614239 0.000383544625947252
0.000469560822239146 0.000282852357486263 0.000514653627760708 0.00100072973873466 0.00104674033354968 0.000737753813154995 0.00067945831688121 0.000496317399665713 0.000377136515453458 0.000461496732896194 0.000430992105975747 0.000548331707250327 0.000523856782820076 0.000646963249891996 0.00023338025494013 0.000296456681098789 0.000193283849512227 0.000257579318713397 0.000232222359045409 0.000220662099309266 0.000294921104796231 0.000304172222968191 0.00024457965628244 0.00014207542699296 0.000306975009152666 0.000300335785141215 0.000187078025192022 0.000303398002870381 0.000307089037960395 0.000325217668432742 0.000207645585760474 0.000158896131324582 0.000126545070088468 0.000123869918752462 5.73687830183189e-05 7.36755173420534e-05 6.35693504591472e-05 0.000253145524766296 0.000142732314998284 0.000272350240265951 0.000386357976822183 0.000381992722395808
0.000761365867219865 0.000313029740937054 0.000338220968842506 0.00116397498641163 0.00126457307487726 0.00117534992750734 0.000577755563426763 0.000303730048472062 0.000630176276899874 0.000461170566268265 0.000451345316832885 0.000437738577602431 0.00055428157793358 0.000257733190665022 0.000411384389735758 0.000412316905567423 0.000179602924617939 0.000180896575329825 0.000169336824910715 0.000230567340622656 0.000293379940558225 0.000295282719889656 0.00018320394156035 0.00018008312326856 0.000310915755107999 0.000403090292820707 0.000242909722146578 0.000321394472848624 0.000321644125506282 0.000339025718858466 0.000199158632312901 0.000209936668397859 0.000160656272782944 9.84821381280199e-05 0.000124449186841957 5.69313706364483e-05 0.000180647446541116 0.000253147591138259 0.000151264524902217 0.000207327699172311 0.000512173748575151 0.000405286933528259
0.000972568523138762 0.000594291021116078 0.000317261641612276 0.00135329563636333 0.0012437324039638 0.000796011358033866 0.000412712222896516 0.000435523194028065 0.00050539179937914 0.000839292770251632 0.000606511428486556 0.00101618131157011 0.000155530200572684 0.00013588328147307 0.000667668937239796 0.000572246091905981 0.000242682712269016 0.000236524516367353 0.000130827553221025 0.000137816154165193 0.000230993537115864 0.000296499987598509 0.000238658918533474 0.000314901437377557 0.000397491588955745 0.000414361042203382 0.000327669840771705 0.000330627313815057 0.000328294205246493 0.000261621753452346 0.000274843943770975 0.000211104968911968 0.000164655764820054 9.9346783827059e-05 8.06353127700277e-05 0.000181267241714522 0.000139805531944148 0.000262884859694168 0.000272883684374392 0.000162145661306567 0.000536440231371671 0.000401305180275813
0.000842474866658449 0.000382782600354403 0.000255466817179695 0.000764821714255959 0.000828351709060371 0.000968839682172984 0.000633475952781737 0.000426852202508599 0.000278599880402908 0.000288647512206808 0.000619641505181789 0.000838069885503501 0.000109900087409187 8.46099355840124e-05 0.00054145569447428 0.00058837712276727 0.000248883123276755 0.000180728238774464 0.000140653690323234 0.000222218193812296 0.000104787803138606 0.000307247886667028 0.000381300545996055 0.000316808582283556 0.000250516925007105 0.000251104094786569 0.000330544280586764 0.000254498387221247 0.000258994405157864 0.000205991862458177 0.00012246600817889 0.000164667129865848 0.000172822547028773 0.000136675706016831 0.000443905038991943 0.000340453058015555 0.000192579740541987 0.00019816862186417 0.000365095067536458 0.00038589772884734 0.000540155335329473 0.00041782422340475
0.00203295215032995 0.000412988680182025 0.000494809064548463 0.000429792824434116 0.000564784160815179 0.00145195121876895 0.0015107587678358 0.00128671468701214 0.00064136937726289 0.000565517169889063 0.000858431390952319 0.00103770405985415 0.00105413375422359 6.38533965684474e-05 0.000243289352511056 0.000953191600274295 0.000249044242082164 0.000308958406094462 0.000181993964361027 0.000231249810894951 0.000237968328292482 0.000312294374452904 0.000310771225485951 0.000190245031262748 6.54304822091945e-05 0.000110784800199326 0.000205194039153866 0.000208936296985485 0.000271750759566203 0.000277376297162846 0.000126169587019831 0.000131329885334708 0.000128094165120274 0.000179921829840168 0.0004695400421042 0.000485187367303297 0.000268894829787314 0.000199475922272541 0.000383618928026408 0.000390264176530764 0.000415469519793987 0.000420763914007694
