data/climate_estimation/maxent_output/Erythronium_umbilicatum.asc
NCOLS 135 
NROWS 112 
XLLCORNER -88 
YLLCORNER 30.25 
CELLSIZE 0.0833333333333333 
NODATA_value -3.4e+38 
[rows 60 to 79 of 112, columns 0 to 44 of 135]
0.38232809305191 0.379834026098251 0.380961924791336 0.374979019165039 0.366884797811508 0.362733602523804 0.388043999671936 0.38572171330452 0.384876608848572 0.384698510169983 0.383296549320221 0.386753708124161 0.38335308432579 0.378818422555923 0.381092667579651 0.387461125850677 0.389102727174759 0.394845515489578 0.372538208961487 0.375514775514603 0.383453339338303 0.390890955924988 0.395896852016449 0.394737273454666 0.425566643476486 0.426543235778809 0.430872112512589 0.463501632213593 0.465746462345123 0.460731536149979 0.455528438091278 0.44587031006813 0.444064646959305 0.446242064237595 0.440124005079269 0.435090392827988 0.434358686208725 0.457135379314423 0.459673941135406 0.512492716312408 0.52567583322525 0.550011873245239 0.575238585472107 0.644419848918915 0.658317446708679
0.356487601995468 0.381369322538376 0.384021729230881 0.376949071884155 0.404723972082138 0.39434215426445 0.393636524677277 0.390118539333344 0.388006746768951 0.388978779315948 0.392804890871048 0.392701894044876 0.398126661777496 0.398897469043732 0.391174674034119 0.39335635304451 0.404304683208466 0.407529562711716 0.406747967004776 0.374281257390976 0.381492286920547 0.380792081356049 0.38955357670784 0.421760529279709 0.422465264797211 0.42131444811821 0.430326461791992 0.433513939380646 0.467238813638687 0.469533145427704 0.43132609128952 0.431932628154755 0.426315248012543 0.422592878341675 0.42539194226265 0.418056398630142 0.449320614337921 0.441952794790268 0.439207583665848 0.469637960195541 0.492491096258163 0.550814509391785 0.565793871879578 0.578807353973389 0.603537142276764
0.358679801225662 0.391027510166168 0.386456996202469 0.384353518486023 0.407716333866119 0.406820148229599 0.406335532665253 0.396315783262253 0.395477175712585 0.395444512367249 0.399759948253632 0.401945769786835 0.401201188564301 0.438404351472855 0.445721566677094 0.408657163381577 0.415544539690018 0.404587596654892 0.412242412567139 0.370001882314682 0.371132105588913 0.381856828927994 0.381188243627548 0.37661337852478 0.41593724489212 0.415203928947449 0.426372557878494 0.437069892883301 0.445915460586548 0.436939835548401 0.433423429727554 0.43199560046196 0.440327346324921 0.436616390943527 0.430185765028 0.430009007453918 0.426301687955856 0.451752662658691 0.443741530179977 0.437913626432419 0.490677326917648 0.506362676620483 0.513260722160339 0.520894289016724 0.548001945018768
0.368847966194153 0.388816833496094 0.392825156450272 0.381221830844879 0.37324720621109 0.401235938072205 0.400765269994736 0.403599917888641 0.399523854255676 0.409977108240128 0.44446474313736 0.447395533323288 0.445639312267303 0.444541364908218 0.451417952775955 0.425166964530945 0.418699383735657 0.4180628657341 0.380571663379669 0.371989011764526 0.386114418506622 0.376228839159012 0.380059063434601 0.373653411865234 0.382674664258957 0.38855642080307 0.430375754833221 0.40488189458847 0.411623656749725 0.416789978742599 0.436442911624908 0.444974660873413 0.445363998413086 0.437989622354507 0.439773678779602 0.440336287021637 0.433843016624451 0.424764424562454 0.439566969871521 0.44265815615654 0.495945960283279 0.49725541472435 0.502131283283234 0.745873868465424 0.754067599773407
0.396265864372253 0.401081442832947 0.393066018819809 0.383952498435974 0.412624686956406 0.406098037958145 0.402630716562271 0.410830497741699 0.407740414142609 0.407740414142609 0.420620381832123 0.426918625831604 0.459712892770767 0.46771639585495 0.434319078922272 0.430038303136826 0.423278093338013 0.38935375213623 0.388197481632233 0.39066407084465 0.386842221021652 0.380767822265625 0.37566727399826 0.374056339263916 0.358481019735336 0.391572296619415 0.396525233983994 0.382880419492722 0.412719279527664 0.415913105010986 0.420284956693649 0.424645602703094 0.452515363693237 0.454044848680496 0.442209124565125 0.441323488950729 0.433484762907028 0.415781289339066 0.444310694932938 0.435633838176727 0.432284861803055 0.446642249822617 0.694914758205414 0.729160845279694 0.741990506649017
0.402676939964294 0.399708032608032 0.397387325763702 0.387811601161957 0.42235341668129 0.415896385908127 0.416657716035843 0.410987317562103 0.410225301980972 0.420482635498047 0.421024411916733 0.422321200370789 0.424101829528809 0.434412240982056 0.440944582223892 0.436586678028107 0.429616838693619 0.401035726070404 0.396280735731125 0.391508638858795 0.38686865568161 0.386416286230087 0.379957109689713 0.354024291038513 0.360714972019196 0.367777973413467 0.376794070005417 0.380182683467865 0.394770979881287 0.422142684459686 0.428079068660736 0.438784152269363 0.461659222841263 0.463582098484039 0.457337349653244 0.438496947288513 0.423705846071243 0.421602457761765 0.432060897350311 0.426632255315781 0.42475625872612 0.686125993728638 0.7214674949646 0.724314093589783 0.735535442829132
0.407888501882553 0.411773949861526 0.407743453979492 0.406274020671844 0.401437491178513 0.420190691947937 0.41968047618866 0.416816264390945 0.427648365497589 0.419466137886047 0.427386999130249 0.430356860160828 0.432918339967728 0.434136480093002 0.406336098909378 0.401268243789673 0.407828688621521 0.400775641202927 0.4088314473629 0.399528980255127 0.393066495656967 0.392086267471313 0.344845563173294 0.339703261852264 0.354927808046341 0.331977725028992 0.372522562742233 0.38086199760437 0.434627652168274 0.434794753789902 0.446909308433533 0.483100771903992 0.47397717833519 0.474570006132126 0.454838007688522 0.451519012451172 0.431274503469467 0.452827483415604 0.442015379667282 0.424663573503494 0.671022474765778 0.668519794940948 0.707817435264587 0.719677150249481 0.735701978206635
0.417320042848587 0.411290258169174 0.414681851863861 0.414935648441315 0.404899299144745 0.397115856409073 0.39909440279007 0.389344394207001 0.39674699306488 0.388980239629745 0.395163059234619 0.403461337089539 0.435934513807297 0.399036765098572 0.400292426347733 0.435480237007141 0.400424838066101 0.406584829092026 0.40430474281311 0.407262980937958 0.402988284826279 0.365549623966217 0.352481335401535 0.346417009830475 0.355811506509781 0.373382270336151 0.384120404720306 0.395705610513687 0.433639854192734 0.438979625701904 0.453373789787292 0.486292868852615 0.48273691534996 0.481684863567352 0.467313140630722 0.463852941989899 0.487662613391876 0.461279600858688 0.451747626066208 0.436352431774139 0.674131691455841 0.699763417243958 0.671282470226288 0.714219212532043 0.730600714683533
0.421984851360321 0.423268228769302 0.427292585372925 0.422354400157928 0.415293872356415 0.404122769832611 0.403540700674057 0.39837858080864 0.403765976428986 0.398215711116791 0.400213450193405 0.398974895477295 0.401191532611847 0.399259388446808 0.398022562265396 0.402318924665451 0.40756618976593 0.409053206443787 0.412024110555649 0.421507239341736 0.377552896738052 0.361230999231339 0.352480620145798 0.356607347726822 0.367049992084503 0.370329707860947 0.423480421304703 0.430014759302139 0.447283059358597 0.452950119972229 0.463956117630005 0.501107275485992 0.497527658939362 0.490787714719772 0.511219263076782 0.509246587753296 0.493122309446335 0.471403181552887 0.455566793680191 0.438673168420792 0.421696603298187 0.676596462726593 0.683224380016327 0.717898488044739 0.728387773036957
0.397532016038895 0.400957137346268 0.40261435508728 0.400300055742264 0.4236219227314 0.408812671899796 0.414638757705688 0.406814604997635 0.407739102840424 0.408484816551208 0.379013895988464 0.406444281339645 0.406843453645706 0.403406113386154 0.401137620210648 0.401186496019363 0.417149066925049 0.416908174753189 0.423620820045471 0.418763101100922 0.377182751893997 0.371771991252899 0.373907417058945 0.36583137512207 0.369120568037033 0.380145728588104 0.423835724592209 0.443479627370834 0.464474052190781 0.471558809280396 0.497910261154175 0.5039381980896 0.498430073261261 0.500105857849121 0.522786855697632 0.509567260742188 0.499475121498108 0.480935603380203 0.467429518699646 0.454315304756165 0.426922559738159 0.420500427484512 0.693083584308624 0.731629490852356 0.73265665769577
0.404860824346542 0.404511362314224 0.413176596164703 0.40134471654892 0.43161752820015 0.428780049085617 0.419667094945908 0.403985261917114 0.383142352104187 0.409323960542679 0.383241981267929 0.406816869974136 0.406904578208923 0.401398807764053 0.400444984436035 0.396648228168488 0.445680648088455 0.454376727342606 0.429521709680557 0.424699336290359 0.388698130846024 0.388147264719009 0.38017201423645 0.382172435522079 0.384402215480804 0.419336795806885 0.447413831949234 0.466007858514786 0.4743732213974 0.47782564163208 0.482990324497223 0.508300423622131 0.509906053543091 0.504187881946564 0.526631534099579 0.523204028606415 0.50551438331604 0.485344529151917 0.44180104136467 0.465637177228928 0.442400068044662 0.424003660678864 0.700504660606384 0.729010999202728 0.745787918567657
0.40000906586647 0.401581376791 0.40776601433754 0.40683725476265 0.393129765987396 0.425261586904526 0.424899756908417 0.416686058044434 0.413353532552719 0.412238001823425 0.41273507475853 0.407034546136856 0.406776040792465 0.424857765436172 0.414136230945587 0.434201776981354 0.446933835744858 0.427468746900558 0.434466063976288 0.445886492729187 0.405729442834854 0.396758377552032 0.40448859333992 0.431100070476532 0.399701088666916 0.436966001987457 0.453397482633591 0.436555147171021 0.483688324689865 0.482670992612839 0.478728801012039 0.515344142913818 0.520735621452332 0.512905240058899 0.502509653568268 0.485152155160904 0.50737851858139 0.491889119148254 0.447095632553101 0.432280689477921 0.447244971990585 0.714385688304901 0.696568369865417 0.697939336299896 0.7075315117836
0.393069624900818 0.399456262588501 0.403765201568604 0.393538236618042 0.385843873023987 0.417642116546631 0.424262583255768 0.416397452354431 0.418408930301666 0.419315844774246 0.42153736948967 0.44656103849411 0.431219011545181 0.454493194818497 0.435944437980652 0.437473833560944 0.449449211359024 0.439358592033386 0.448798567056656 0.460733294487 0.419317036867142 0.417784214019775 0.421133697032928 0.412543326616287 0.414385825395584 0.423711627721786 0.476286739110947 0.479886442422867 0.4549500644207 0.49013015627861 0.499964833259583 0.491041511297226 0.520766735076904 0.513491034507751 0.500179052352905 0.50075352191925 0.48519492149353 0.473117262125015 0.447220236063004 0.443670451641083 0.467604577541351 0.72683709859848 0.71839165687561 0.724390923976898 0.730820953845978
0.36328125 0.393782556056976 0.387958437204361 0.394607067108154 0.396087259054184 0.417821288108826 0.425966531038284 0.416348069906235 0.421114176511765 0.419008076190948 0.431405782699585 0.457957148551941 0.444522142410278 0.456057488918304 0.459454149007797 0.469890534877777 0.457020491361618 0.451093733310699 0.451643288135529 0.425959348678589 0.435093015432358 0.448388040065765 0.44953441619873 0.446507841348648 0.441547691822052 0.446682512760162 0.496395826339722 0.452732563018799 0.467026799917221 0.500819861888885 0.500598847866058 0.496438473463058 0.494873255491257 0.485574781894684 0.505979418754578 0.496457993984222 0.486308097839355 0.465534031391144 0.452197819948196 0.44626659154892 0.743601202964783 0.739129960536957 0.735270082950592 0.731404304504395 0.736574828624725
0.357840359210968 0.386911928653717 0.385248839855194 0.389777570962906 0.385010033845901 0.410514235496521 0.412564665079117 0.418832540512085 0.427841424942017 0.455744475126266 0.459245413541794 0.468483984470367 0.46351832151413 0.485698103904724 0.452076107263565 0.463237971067429 0.474693059921265 0.450408548116684 0.471576005220413 0.452733725309372 0.458714306354523 0.463177472352982 0.462203532457352 0.468439340591431 0.503649473190308 0.506298124790192 0.471187740564346 0.469537854194641 0.469201892614365 0.464729934930801 0.468893527984619 0.501304507255554 0.49656480550766 0.491665542125702 0.484198838472366 0.461716115474701 0.45341694355011 0.474565893411636 0.456941723823547 0.440397411584854 0.723808646202087 0.716397106647491 0.709002673625946 0.70152348279953 0.7051722407341
0.35673400759697 0.384947657585144 0.382798790931702 0.379218369722366 0.382286369800568 0.416425704956055 0.417798906564713 0.451908767223358 0.456576436758041 0.462498337030411 0.471950083971024 0.479145288467407 0.473612785339355 0.471105009317398 0.477230757474899 0.478457927703857 0.455727577209473 0.461200684309006 0.440983474254608 0.458378583192825 0.459647983312607 0.46867910027504 0.482839316129684 0.515978932380676 0.509799242019653 0.476386696100235 0.47215411067009 0.469480812549591 0.471223682165146 0.477101057767868 0.471168637275696 0.497617900371552 0.506105363368988 0.493154227733612 0.442892700433731 0.464348465204239 0.444481909275055 0.432788014411926 0.419138967990875 0.43415904045105 0.71556955575943 0.716663599014282 0.717785358428955 0.708042681217194 0.700485706329346
0.350650280714035 0.377451509237289 0.381886214017868 0.385632187128067 0.376740306615829 0.375046193599701 0.410205543041229 0.451749444007874 0.457352161407471 0.466054469347 0.474177867174149 0.454347223043442 0.466439783573151 0.467904955148697 0.465263247489929 0.448983579874039 0.462412297725677 0.42723074555397 0.437455385923386 0.463327586650848 0.471786618232727 0.473016530275345 0.48005798459053 0.515682935714722 0.479174762964249 0.473891407251358 0.473739206790924 0.466941952705383 0.470772325992584 0.470645248889923 0.474378854036331 0.476686328649521 0.460363209247589 0.459843337535858 0.444423288106918 0.41993522644043 0.408145785331726 0.402647584676743 0.405999839305878 0.668578922748566 0.662454187870026 0.699071407318115 0.697184264659882 0.691268801689148 0.691258192062378
0.356189876794815 0.359193831682205 0.375873804092407 0.374924719333649 0.372150629758835 0.415361016988754 0.417509704828262 0.45430713891983 0.453423142433167 0.476658344268799 0.479207038879395 0.451528787612915 0.460207790136337 0.439946383237839 0.434673070907593 0.434583812952042 0.433063298463821 0.425278782844543 0.433848291635513 0.447135269641876 0.473484545946121 0.483531326055527 0.478203117847443 0.485745847225189 0.481817454099655 0.476992726325989 0.480881065130234 0.474443435668945 0.443947046995163 0.44118344783783 0.441997677087784 0.442612260580063 0.425486326217651 0.420069932937622 0.40081661939621 0.403232306241989 0.391741305589676 0.377627074718475 0.382998675107956 0.65335613489151 0.650524795055389 0.646272480487823 0.642883777618408 0.674420535564423 0.666203141212463
0.360425382852554 0.388400435447693 0.388744205236435 0.38920459151268 0.384157925844193 0.417865842580795 0.419914871454239 0.448638916015625 0.452941745519638 0.460787832736969 0.469955891370773 0.451550394296646 0.429915577173233 0.429960995912552 0.436235576868057 0.428469210863113 0.41612109541893 0.414293795824051 0.427383065223694 0.452503025531769 0.458467483520508 0.45808532834053 0.463870018720627 0.470730513334274 0.479931384325027 0.477602154016495 0.481791108846664 0.443337738513947 0.447584122419357 0.440476506948471 0.436371088027954 0.426560610532761 0.412826329469681 0.402659296989441 0.380297839641571 0.360179036855698 0.36607763171196 0.351010918617249 0.342770427465439 0.606074094772339 0.643984436988831 0.637639880180359 0.641675174236298 0.623701393604279 0.601346909999847
0.358197420835495 0.387860476970673 0.392691373825073 0.38007652759552 0.386304587125778 0.424788683652878 0.453259080648422 0.442334651947021 0.474623084068298 0.454279184341431 0.457724422216415 0.438633948564529 0.443244248628616 0.421243816614151 0.427784383296967 0.412370651960373 0.400538802146912 0.402073681354523 0.411475777626038 0.424385517835617 0.42785382270813 0.422046631574631 0.438924700021744 0.455956220626831 0.476220458745956 0.441809684038162 0.438579440116882 0.441059738397598 0.435610443353653 0.437840223312378 0.426765471696854 0.417502582073212 0.397565275430679 0.371411979198456 0.360890209674835 0.336231529712677 0.328890562057495 0.307727932929993 0.601029753684998 0.610308229923248 0.596371233463287 0.621209383010864 0.618116438388824 0.602241396903992 0.517086923122406
