data/climate_estimation/maxent_output/Erythronium_californicum.asc
NCOLS 42 
NROWS 43 
XLLCORNER -124.083333333333 
YLLCORNER 38.4166666666667 
CELLSIZE 0.0833333333333333 
NODATA_value -3.4e+38 
[rows 0 to 20 of 43, columns 0 to 41 of 42]
0.341399908065796 0.476172238588333 0.556419193744659 0.554940164089203 0.531190872192383 0.496034651994705 0.507018685340881 0.479590982198715 0.479000598192215 0.362947642803192 0.200148284435272 0.122443675994873 0.101590849459171 0.137981042265892 0.0326531268656254 0.0189938843250275 0.0199108831584454 0.00619302969425917 0.00477606104686856 0.00428138952702284 0.00382700515910983 0.00402412377297878 0.00331454328261316 0.00200191373005509 0.00134271604474634 0.00103077699895948 0.00111954810563475 0.00119147961959243 0.000948113622143865 0.000749101454857737 0.000435876194387674 0.000367313652532175 0.000382612313842401 0.000305027002468705 0.000333631905959919 0.000343158171745017 0.000383484322810546 0.000425435428041965 0.000366203777957708 0.000421665230533108 0.000361034908564761 0.00034800119465217
0.328186273574829 0.420188844203949 0.536612391471863 0.496502012014389 0.482355654239655 0.342112213373184 0.504281342029572 0.605627477169037 0.607785046100616 0.568106532096863 0.258452862501144 0.0791511833667755 0.0442532151937485 0.0520458072423935 0.0172195062041283 0.00936967320740223 0.00698039215058088 0.0079927509650588 0.00455048820003867 0.00401046592742205 0.00379567756317556 0.00368459732271731 0.00307090836577117 0.00110593461431563 0.000885453016962856 0.000741504481993616 0.000719771487638354 0.00085878127720207 0.000735100649762899 0.000610008253715932 0.000498885929118842 0.000428370491135865 0.000420628290157765 0.000384767568903044 0.000434451823821291 0.000447101541794837 0.000461002433439717 0.000386247353162616 0.00043209595605731 0.000349607551470399 0.00035087374271825 0.00037868635263294
0.229991838335991 0.524807214736938 0.57848858833313 0.47498831152916 0.505062758922577 0.504708886146545 0.504936933517456 0.559487700462341 0.464916557073593 0.57079553604126 0.200715512037277 0.129822492599487 0.0523793809115887 0.0229127183556557 0.0136213628575206 0.00986246298998594 0.0053148833103478 0.00372637831605971 0.00318718096241355 0.00433833710849285 0.00364771229214966 0.00293980236165226 0.00340620847418904 0.00177984777837992 0.000694930960889906 0.000636697455774993 0.000815185310784727 0.000655071926303208 0.000635465257801116 0.000557515013497323 0.000627532484941185 0.000539226166438311 0.000519861292559654 0.00041535947821103 0.000352980976458639 0.000446231453679502 0.000499623245559633 0.000512412341777235 0.000440508942119777 0.000411761575378478 0.00041166043956764 0.000411615503253415
0.249167054891586 0.491108447313309 0.549325942993164 0.578962683677673 0.500436663627625 0.510332345962524 0.569423258304596 0.532935559749603 0.545880079269409 0.459428042173386 0.219506680965424 0.13353918492794 0.08122318983078 0.0359792821109295 0.0195304099470377 0.0158975254744291 0.00706226704642177 0.0031974446028471 0.00360752316191792 0.0053397286683321 0.00501103838905692 0.00312675628811121 0.00429394980892539 0.00158654921688139 0.00108534330502152 0.000956491567194462 0.000944278261158615 0.00087587145389989 0.000834273465443403 0.000661546480841935 0.000593616219703108 0.000584084773436189 0.000666394538711756 0.00064230605494231 0.000484744639834389 0.000522003334481269 0.000524450442753732 0.000547381292562932 0.000508318829815835 0.000506847340147942 0.000372449634596705 0.000353848998202011
0.188829705119133 0.514633178710938 0.575322926044464 0.580268681049347 0.495099276304245 0.590217888355255 0.59107106924057 0.542530655860901 0.571433067321777 0.399147897958755 0.310837924480438 0.113162867724895 0.0902643650770187 0.0196133758872747 0.0104156341403723 0.00723365135490894 0.00636979332193732 0.00676304567605257 0.00590867875143886 0.00861611776053905 0.0092890877276659 0.0048639727756381 0.00327725452370942 0.00236375676468015 0.00164567062165588 0.00159639830235392 0.00139703997410834 0.00127854791935533 0.00095310719916597 0.00116428139153868 0.00102338113356382 0.000596662692259997 0.000655443989671767 0.000777710694819689 0.000722894794307649 0.000584464811254293 0.000603487656917423 0.000586339388974011 0.000506851822137833 0.000471858540549874 0.000461013813037425 0.000408711435738951
0.149202302098274 0.387517213821411 0.58125102519989 0.580596625804901 0.501466929912567 0.588802456855774 0.567070722579956 0.58123916387558 0.400197088718414 0.395598232746124 0.30477637052536 0.316159844398499 0.106679186224937 0.0247387234121561 0.0115820905193686 0.00832556467503309 0.00908823497593403 0.0075107766315341 0.00811973121017218 0.0154844988137484 0.0183919463306665 0.0110822329297662 0.00442646723240614 0.00528429122641683 0.00390363717451692 0.00278330338187516 0.00177508010528982 0.00155590777285397 0.00130034983158112 0.00147963245399296 0.00121589400805533 0.000888153503183275 0.00115154148079455 0.000974515511188656 0.000673055357765406 0.000652183371130377 0.000641747668851167 0.000589633011259139 0.000512389291543514 0.000460024049971253 0.000464364245999604 0.000400106830056757
0.181931763887405 0.318951934576035 0.670803427696228 0.685459911823273 0.596451580524445 0.60000479221344 0.619959652423859 0.662418067455292 0.673648595809937 0.654019296169281 0.3414086997509 0.201118648052216 0.202879875898361 0.066194623708725 0.0140242464840412 0.00887937191873789 0.01959546841681 0.0137381739914417 0.0146059654653072 0.0198197606950998 0.0155124049633741 0.00971915666013956 0.024508323520422 0.0083226952701807 0.00520496070384979 0.00396024249494076 0.00388372945599258 0.00302506820298731 0.00237190560437739 0.00195449497550726 0.00146138202399015 0.00149349228013307 0.00150811078492552 0.00124012189917266 0.00105862435884774 0.000772775383666158 0.00067604286596179 0.000586802721954882 0.000904731976334006 0.000691749504767358 0.000597046921029687 0.000364821054972708
0.144160851836205 0.440281927585602 0.66470730304718 0.58428430557251 0.687731504440308 0.6745325922966 0.724233865737915 0.671283304691315 0.622597455978394 0.394156217575073 0.467365741729736 0.196448594331741 0.128235638141632 0.163316920399666 0.019736036658287 0.0160524770617485 0.0161803532391787 0.0393916741013527 0.0510315261781216 0.0256817806512117 0.0324898771941662 0.020487355068326 0.0514153875410557 0.013897025026381 0.0155315482988954 0.0255528129637241 0.00746797025203705 0.0059893992729485 0.00617107562720776 0.00634772144258022 0.00417867070063949 0.00278632692061365 0.0020758577156812 0.00154178822413087 0.0012263311073184 0.00108855462167412 0.000954835617449135 0.00082889327313751 0.000641252496279776 0.000520331785082817 0.000458933442132547 0.000432584405643865
0.212235361337662 0.493444383144379 0.747399032115936 0.697295963764191 0.681152999401093 0.742100954055786 0.67861807346344 0.585059762001038 0.694780766963959 0.631719350814819 0.547466099262238 0.210211232304573 0.15038751065731 0.286225706338882 0.0495985969901085 0.031723391264677 0.047362457960844 0.0579530633985996 0.0585766769945621 0.0584114119410515 0.115340359508991 0.405248016119003 0.0621280074119568 0.342936217784882 0.621618628501892 0.325151473283768 0.0869107395410538 0.0230951886624098 0.0127829927951097 0.0123031875118613 0.00664753606542945 0.00409015500918031 0.00276608392596245 0.00185061537194997 0.00183042301796377 0.0014538672985509 0.000951949099544436 0.000699119758792222 0.000678170239552855 0.000514271610882133 0.000389396009268239 0.000428121769800782
0.278659820556641 0.620011329650879 0.786029100418091 0.806105673313141 0.785891890525818 0.777384042739868 0.755502223968506 0.597471117973328 0.580151319503784 0.7024827003479 0.546997845172882 0.276728838682175 0.207238703966141 0.288356184959412 0.271077454090118 0.22102278470993 0.111179411411285 0.0540279783308506 0.0888898298144341 0.0695506632328033 0.106188781559467 0.563395321369171 0.573352158069611 0.621170043945312 0.655507564544678 0.178238406777382 0.0703708305954933 0.0452113002538681 0.0400825850665569 0.0283596087247133 0.0126450518146157 0.00906653050333261 0.00475672166794538 0.00203839992173016 0.00225475104525685 0.00172897335141897 0.00142658455297351 0.00112009921576828 0.000695004186127335 0.000516921805683523 0.000468704733066261 0.000411072949646041
0.357003420591354 0.632717430591583 0.783656299114227 0.796423733234406 0.866307437419891 0.75078296661377 0.606203615665436 0.597694039344788 0.593914449214935 0.584706783294678 0.629837810993195 0.366278767585754 0.236349433660507 0.391446858644485 0.217816904187202 0.131958529353142 0.111953549087048 0.109347596764565 0.1176877617836 0.100796774029732 0.570056438446045 0.674259185791016 0.675860345363617 0.655795514583588 0.688895046710968 0.540581285953522 0.630983531475067 0.100547410547733 0.0466518886387348 0.0467056073248386 0.0218044016510248 0.010591434314847 0.00657032988965511 0.00344553659670055 0.00227995915338397 0.00212699803523719 0.00164650066290051 0.00132151402067393 0.000784872565418482 0.00046160293277353 0.000462334341136739 0.000322249019518495
0.357846915721893 0.596203804016113 0.860075712203979 0.772666692733765 0.86418229341507 0.847525298595428 0.779537379741669 0.585331201553345 0.66851133108139 0.662895381450653 0.5747429728508 0.561540901660919 0.478364109992981 0.402437776327133 0.315817296504974 0.29173219203949 0.311776518821716 0.33839413523674 0.292363733053207 0.54999840259552 0.537516832351685 0.688738167285919 0.618968725204468 0.686613261699677 0.669303715229034 0.687613308429718 0.750560343265533 0.328255444765091 0.183941528201103 0.0569954589009285 0.0256483685225248 0.0114290146157146 0.0075155608355999 0.00581052247434855 0.00311537436209619 0.00283101224340498 0.00168288219720125 0.000852941710036248 0.000734379573259503 0.000581501517444849 0.000373024231521413 0.000354613788658753
0.301083713769913 0.70260614156723 0.863965928554535 0.782017052173615 0.777212977409363 0.828582286834717 0.766014337539673 0.678978264331818 0.710730791091919 0.656584799289703 0.484133392572403 0.540778815746307 0.314968556165695 0.487280756235123 0.317044943571091 0.276216983795166 0.569523930549622 0.623308539390564 0.576275229454041 0.4549400806427 0.410886824131012 0.628205895423889 0.480325400829315 0.600805580615997 0.699141919612885 0.732253193855286 0.773193120956421 0.790613770484924 0.303934305906296 0.0534115470945835 0.0212793480604887 0.0137514686211944 0.010574059560895 0.00806389283388853 0.00495521957054734 0.00253021437674761 0.00146659126039594 0.000994892558082938 0.000813832157291472 0.000514251238200814 0.000423328077886254 0.000365085812518373
0.343421787023544 0.677948236465454 0.870647490024567 0.859943926334381 0.759978711605072 0.824090242385864 0.804744184017181 0.780941963195801 0.733661711215973 0.660922169685364 0.662144958972931 0.585638165473938 0.615984261035919 0.563267350196838 0.567492246627808 0.649559915065765 0.575608313083649 0.665466010570526 0.661573350429535 0.504951953887939 0.227909982204437 0.328056365251541 0.439573258161545 0.39171639084816 0.581471383571625 0.636609852313995 0.807381451129913 0.716561317443848 0.455389827489853 0.0930550321936607 0.0331595689058304 0.0278172232210636 0.0194129999727011 0.0105069912970066 0.00689069833606482 0.00419670529663563 0.00298838503658772 0.0015792278572917 0.00078474753536284 0.000616412668023258 0.000493936589919031 0.000365581217920408
0.428460478782654 0.741637229919434 0.895950794219971 0.761446595191956 0.756146252155304 0.736761271953583 0.83000248670578 0.79109388589859 0.754369378089905 0.751781225204468 0.725343704223633 0.621172070503235 0.638523697853088 0.65265691280365 0.609847009181976 0.594800591468811 0.721312344074249 0.584770083427429 0.632630825042725 0.500358581542969 0.182181507349014 0.214354977011681 0.314842343330383 0.35180851817131 0.454956024885178 0.640442907810211 0.735839307308197 0.493357717990875 0.537597596645355 0.110719673335552 0.0876169353723526 0.0370985083281994 0.0231030285358429 0.0105465184897184 0.00571766588836908 0.00462095998227596 0.00287276622839272 0.0015759194502607 0.00125356332864612 0.000713632034603506 0.000506370677612722 0.000341870414558798
0.442082583904266 0.74250715970993 0.904164671897888 0.725318014621735 0.716216385364532 0.806992590427399 0.777428805828094 0.732276201248169 0.722216010093689 0.695985376834869 0.761773407459259 0.745269060134888 0.631507158279419 0.638923168182373 0.645119428634644 0.597133100032806 0.712099134922028 0.558668494224548 0.73393851518631 0.236590445041656 0.171587124466896 0.248173087835312 0.238725855946541 0.316013336181641 0.416792213916779 0.801927030086517 0.821210622787476 0.606462836265564 0.384827584028244 0.0981485247612 0.0529991835355759 0.0768142119050026 0.0391686782240868 0.0176734011620283 0.010371146723628 0.00551675353199244 0.00356468069367111 0.0028802512679249 0.00178889371454716 0.00108411896508187 0.000783717609010637 0.000475375913083553
0.609180927276611 0.790428936481476 0.900776326656342 0.909489810466766 0.800564348697662 0.718908369541168 0.727443814277649 0.821354806423187 0.742650866508484 0.740856111049652 0.732264280319214 0.690903782844543 0.689578890800476 0.629511773586273 0.7005774974823 0.694498002529144 0.733327925205231 0.650650978088379 0.248610526323318 0.216396570205688 0.196804210543633 0.209469616413116 0.288766115903854 0.347796708345413 0.406106024980545 0.579526901245117 0.857835292816162 0.820102214813232 0.337261021137238 0.125945076346397 0.118456609547138 0.132379427552223 0.0470436215400696 0.0283755697309971 0.0176954474300146 0.0112716760486364 0.00599314458668232 0.00354067049920559 0.00228424463421106 0.00168264412786812 0.00107430189382285 0.000674748967867345
0.498909026384354 0.837946236133575 0.893136262893677 0.889354348182678 0.789623022079468 0.786999583244324 0.722227156162262 0.765560030937195 0.734253168106079 0.792219460010529 0.738841414451599 0.63875138759613 0.783071339130402 0.734117329120636 0.774044454097748 0.778120934963226 0.726772904396057 0.707153141498566 0.293043732643127 0.228167518973351 0.26194503903389 0.259176224470139 0.284915894269943 0.322991698980331 0.418340861797333 0.657340347766876 0.862314939498901 0.821250140666962 0.820789635181427 0.450996816158295 0.112380467355251 0.0726271122694016 0.0405933894217014 0.0359000153839588 0.021382424980402 0.0150753119960427 0.0114236883819103 0.00725885946303606 0.00448676291853189 0.0029053429607302 0.00131508521735668 0.000981924240477383
0.560029625892639 0.758201956748962 0.936273455619812 0.929057240486145 0.857109308242798 0.75322037935257 0.734157085418701 0.771390020847321 0.775812208652496 0.806920945644379 0.739926636219025 0.799774765968323 0.798129081726074 0.740404307842255 0.73787534236908 0.73015159368515 0.4948910176754 0.299074590206146 0.282227456569672 0.290909230709076 0.270537614822388 0.278362661600113 0.146419167518616 0.180185720324516 0.368475407361984 0.439687550067902 0.527943432331085 0.744899809360504 0.817687928676605 0.451555401086807 0.12558189034462 0.107838712632656 0.0941124334931374 0.0509068593382835 0.0358216054737568 0.0263950526714325 0.0199084598571062 0.012177356518805 0.0071972175501287 0.00404769834131002 0.0021615803707391 0.00164956587832421
0.601164698600769 0.805113852024078 0.924928188323975 0.918157756328583 0.838125348091125 0.75681483745575 0.759018659591675 0.835224509239197 0.780756235122681 0.831699967384338 0.799718081951141 0.819329977035522 0.778265297412872 0.792270183563232 0.627677619457245 0.466524124145508 0.396654725074768 0.289677917957306 0.34124618768692 0.232625082135201 0.138855129480362 0.082527793943882 0.0451094843447208 0.0479553677141666 0.0884016454219818 0.185029044747353 0.216026335954666 0.703009068965912 0.830319762229919 0.653261601924896 0.611457288265228 0.435368537902832 0.318379491567612 0.229068294167519 0.142096251249313 0.0882522538304329 0.0556687265634537 0.0300293248146772 0.0118016451597214 0.00779786380007863 0.00398301938548684 0.00249261897988617
0.589869439601898 0.758423864841461 0.912895202636719 0.900344610214233 0.886446237564087 0.799094259738922 0.672444999217987 0.760957777500153 0.814103007316589 0.781727910041809 0.834351480007172 0.801691472530365 0.801642954349518 0.829264581203461 0.773652851581573 0.475370705127716 0.384740859270096 0.271395027637482 0.160692349076271 0.0973160415887833 0.0614856407046318 0.0470601432025433 0.0244008153676987 0.0429618880152702 0.0808247551321983 0.204718753695488 0.384654641151428 0.759896755218506 0.89291650056839 0.650245130062103 0.711394727230072 0.706661760807037 0.639653980731964 0.448286682367325 0.375713288784027 0.270215749740601 0.153998598456383 0.084657795727253 0.0261936765164137 0.0139035694301128 0.00632862793281674 0.00341123365797102
