data/climate_estimation/maxent_output/Erythronium_mesochoreum.asc
NCOLS 116 
NROWS 114 
XLLCORNER -98.8333333333333 
YLLCORNER 31.5833333333333 
CELLSIZE 0.0833333333333334 
NODATA_value -3.4e+38 
[rows 80 to 99 of 114, columns 44 to 87 of 116]
0.321146249771118 0.304545998573303 0.320427864789963 0.319295734167099 0.26952189207077 0.289349019527435 0.260316342115402 0.234449401497841 0.223171547055244 0.197265818715096 0.209922015666962 0.21836544573307 0.188359633088112 0.156246826052666 0.167438387870789 0.196623295545578 0.213273718953133 0.0963839292526245 0.116085670888424 0.110987633466721 0.124307565391064 0.106368981301785 0.105375349521637 0.101138196885586 0.0980817899107933 0.108731418848038 0.110777854919434 0.121390208601952 0.117663487792015 0.162894666194916 0.17162099480629 0.156480878591537 0.171356230974197 0.169407337903976 0.172601982951164 0.166294410824776 0.169813945889473 0.185879215598106 0.150906190276146 0.15610283613205 0.15963813662529 0.165734097361565 0.166756734251976 0.177546635270119
0.351718991994858 0.338858515024185 0.345928013324738 0.309707045555115 0.276327729225159 0.283834278583527 0.243801638484001 0.201456472277641 0.216517195105553 0.208459228277206 0.237402528524399 0.271088868379593 0.257402807474136 0.23894065618515 0.236460670828819 0.262254953384399 0.0983161777257919 0.105458304286003 0.112059503793716 0.105819761753082 0.107058472931385 0.108672313392162 0.113631382584572 0.11361076682806 0.10774402320385 0.11277424544096 0.126229494810104 0.123970851302147 0.107105799019337 0.120084181427956 0.169131174683571 0.168071717023849 0.165357291698456 0.166111424565315 0.161962136626244 0.157316729426384 0.166738346219063 0.178210988640785 0.14720356464386 0.152387991547585 0.15806470811367 0.166368260979652 0.170110747218132 0.177263617515564
0.413089245557785 0.37217766046524 0.338721364736557 0.333125323057175 0.284716129302979 0.312884449958801 0.269040286540985 0.232471510767937 0.250840723514557 0.259321182966232 0.2698974609375 0.301113694906235 0.282924979925156 0.288883209228516 0.275279432535172 0.117291375994682 0.118839412927628 0.124499410390854 0.0943820923566818 0.104427590966225 0.108341388404369 0.104563981294632 0.102606527507305 0.10573399066925 0.113931886851788 0.122312851250172 0.130381077528 0.117099732160568 0.105865374207497 0.10803946107626 0.128931194543839 0.176320433616638 0.167132928967476 0.167751356959343 0.164135947823524 0.157536432147026 0.160114139318466 0.16707119345665 0.15354311466217 0.153526902198792 0.156811162829399 0.16330161690712 0.166169822216034 0.173832431435585
0.435340106487274 0.40525034070015 0.386188060045242 0.377362549304962 0.340002804994583 0.318897604942322 0.301811873912811 0.289967387914658 0.296380430459976 0.324610859155655 0.304584443569183 0.343056470155716 0.327024459838867 0.149685338139534 0.147243514657021 0.148228690028191 0.144263312220573 0.110779404640198 0.100766122341156 0.102785490453243 0.113424517214298 0.109878212213516 0.113799259066582 0.117126531898975 0.115827791392803 0.154161036014557 0.124917916953564 0.114771507680416 0.110386058688164 0.111357897520065 0.11898809671402 0.161480933427811 0.168429732322693 0.168588519096375 0.160958215594292 0.159796640276909 0.152757689356804 0.129792600870132 0.150376707315445 0.151830196380615 0.150679871439934 0.152434080839157 0.160708412528038 0.165484189987183
0.422715067863464 0.426769196987152 0.429663509130478 0.40900918841362 0.382760047912598 0.367664873600006 0.375502854585648 0.366014003753662 0.385237783193588 0.370559483766556 0.346926540136337 0.381769627332687 0.166701465845108 0.167082607746124 0.146988421678543 0.131619989871979 0.115252442657948 0.129679396748543 0.116924315690994 0.116712056100368 0.120359383523464 0.126895040273666 0.123582445085049 0.128492668271065 0.144609853625298 0.153810784220695 0.153834313154221 0.138157516717911 0.127255618572235 0.124818064272404 0.148872032761574 0.128539368510246 0.160337090492249 0.135113090276718 0.160221338272095 0.159890204668045 0.157969579100609 0.122054167091846 0.131886959075928 0.14216274023056 0.143220737576485 0.14997124671936 0.158501401543617 0.160530298948288
0.439920097589493 0.442767471075058 0.418285250663757 0.416657716035843 0.421618163585663 0.408419340848923 0.399979084730148 0.399666130542755 0.409496337175369 0.376109898090363 0.160314962267876 0.174626991152763 0.162695676088333 0.166721180081367 0.146844446659088 0.125122308731079 0.126598656177521 0.119340844452381 0.130133077502251 0.131440982222557 0.132880732417107 0.134091258049011 0.123084045946598 0.147385269403458 0.150899738073349 0.149190321564674 0.162639155983925 0.162375554442406 0.123420029878616 0.13225069642067 0.123707339167595 0.122661635279655 0.15764257311821 0.158690199255943 0.165855407714844 0.127147167921066 0.129252031445503 0.122663721442223 0.123754180967808 0.124633699655533 0.139609947800636 0.146746605634689 0.15118482708931 0.154998019337654
0.46621111035347 0.444863170385361 0.446833312511444 0.422443926334381 0.406296789646149 0.409156292676926 0.41840472817421 0.408150285482407 0.197648942470551 0.201692163944244 0.199921548366547 0.191169917583466 0.165316417813301 0.170820146799088 0.139434993267059 0.136644557118416 0.124013155698776 0.127256110310555 0.121325790882111 0.113539323210716 0.123022556304932 0.152598068118095 0.162290677428246 0.155932366847992 0.14161117374897 0.150978595018387 0.156687632203102 0.161819085478783 0.132925093173981 0.128846928477287 0.12472826987505 0.118520878255367 0.125100836157799 0.129714652895927 0.132468938827515 0.129579201340675 0.128194123506546 0.127355843782425 0.121558755636215 0.114388979971409 0.113922715187073 0.132640168070793 0.143947005271912 0.147676482796669
0.433454632759094 0.430773586034775 0.433269321918488 0.447406232357025 0.458595335483551 0.427768915891647 0.424706816673279 0.200030028820038 0.193647667765617 0.200475037097931 0.207545518875122 0.195289149880409 0.186104416847229 0.145627111196518 0.139245837926865 0.126968741416931 0.121323212981224 0.115323126316071 0.112004593014717 0.114711686968803 0.128723949193954 0.155465334653854 0.151781663298607 0.156183660030365 0.154852867126465 0.153583481907845 0.155888259410858 0.159886404871941 0.137057855725288 0.127958089113235 0.122158147394657 0.118809528648853 0.114739246666431 0.12574115395546 0.123647853732109 0.121575012803078 0.127250239253044 0.125323340296745 0.117474906146526 0.11678409576416 0.111843928694725 0.118180476129055 0.137087449431419 0.147707656025887
0.462853759527206 0.452334225177765 0.459018617868423 0.459768265485764 0.463604241609573 0.244962111115456 0.238289818167686 0.22832964360714 0.220833122730255 0.203945219516754 0.200690388679504 0.194869011640549 0.152082964777946 0.145099282264709 0.137581542134285 0.127427473664284 0.121219426393509 0.120558872818947 0.120381958782673 0.118849761784077 0.127115279436111 0.148101523518562 0.145896553993225 0.139683544635773 0.134775578975677 0.139009371399879 0.141790241003036 0.131921023130417 0.134737432003021 0.12515152990818 0.12232131510973 0.119209632277489 0.119871631264687 0.127624854445457 0.12249056994915 0.107688285410404 0.113223202526569 0.11829025298357 0.11251487582922 0.106249421834946 0.102218978106976 0.115970142185688 0.128311917185783 0.141245231032372
0.492545545101166 0.472192615270615 0.4782974421978 0.246709629893303 0.247096225619316 0.253537327051163 0.251180738210678 0.237782984972 0.232544392347336 0.230590522289276 0.215770542621613 0.194334134459496 0.151907190680504 0.140659809112549 0.133310869336128 0.127156689763069 0.121380627155304 0.119189187884331 0.113440878689289 0.107529379427433 0.113344199955463 0.106944046914577 0.108252950012684 0.113538354635239 0.129910975694656 0.111973129212856 0.115984067320824 0.123599410057068 0.130891606211662 0.128729969263077 0.127823084592819 0.124366134405136 0.120275683701038 0.125498116016388 0.120212718844414 0.107656359672546 0.104894116520882 0.109680198132992 0.107641510665417 0.103912442922592 0.0955823808908463 0.107458271086216 0.12732569873333 0.138018324971199
0.553698480129242 0.521695911884308 0.278128892183304 0.256815642118454 0.245308250188828 0.236723959445953 0.243819028139114 0.229107603430748 0.222158029675484 0.212296843528748 0.201120659708977 0.192215219140053 0.152631267905235 0.138504400849342 0.132959514856339 0.132291823625565 0.122571058571339 0.121704488992691 0.112456984817982 0.107297897338867 0.108496457338333 0.102567248046398 0.102255664765835 0.100922919809818 0.0986385568976402 0.108805522322655 0.113298468291759 0.116771273314953 0.123985022306442 0.129999980330467 0.125447422266006 0.129445150494576 0.125893741846085 0.120619870722294 0.117126934230328 0.111333392560482 0.102712042629719 0.108418978750706 0.106602378189564 0.102845937013626 0.0952287763357162 0.107148811221123 0.119956836104393 0.133233800530434
0.317065358161926 0.298077344894409 0.291056334972382 0.283681720495224 0.268108159303665 0.256337642669678 0.237698465585709 0.230310216546059 0.214904606342316 0.201499775052071 0.184898629784584 0.16958150267601 0.133038222789764 0.13106307387352 0.124750562012196 0.122081860899925 0.118235982954502 0.113323174417019 0.107379592955112 0.10567919164896 0.0984005406498909 0.100232750177383 0.0937981382012367 0.0906631574034691 0.0948281437158585 0.103584639728069 0.103538900613785 0.105634063482285 0.113552510738373 0.124300397932529 0.129302769899368 0.129952654242516 0.128092423081398 0.120255537331104 0.115914836525917 0.114154331386089 0.10436375439167 0.101269394159317 0.112048216164112 0.105342105031013 0.102144479751587 0.107402168214321 0.118876487016678 0.130149006843567
0.319985806941986 0.321793168783188 0.29656121134758 0.275074034929276 0.275577545166016 0.244253039360046 0.235220924019814 0.214123323559761 0.19633561372757 0.176876872777939 0.167411670088768 0.162043243646622 0.152758628129959 0.119505397975445 0.108542360365391 0.10351786762476 0.111059762537479 0.101981960237026 0.0994894504547119 0.0969562456011772 0.0987515151500702 0.0964212194085121 0.0920511409640312 0.083296500146389 0.0883095636963844 0.0992215424776077 0.102314092218876 0.116038158535957 0.11760164052248 0.118647046387196 0.12367744743824 0.12862803041935 0.129151806235313 0.123514637351036 0.117118239402771 0.113397777080536 0.107988581061363 0.104748517274857 0.112048216164112 0.103718012571335 0.10353022813797 0.106357507407665 0.11768938601017 0.12264408916235
0.326259106397629 0.3219875395298 0.298328399658203 0.277105838060379 0.269147455692291 0.237175166606903 0.221717357635498 0.198055878281593 0.177876204252243 0.162586137652397 0.142674311995506 0.132978692650795 0.138259276747704 0.130286678671837 0.101831309497356 0.0944255590438843 0.0978858917951584 0.0980955809354782 0.0908592194318771 0.0894980356097221 0.0948921665549278 0.090589739382267 0.0844604969024658 0.0799826309084892 0.0830304771661758 0.0918052196502686 0.101636782288551 0.107642620801926 0.111716397106647 0.113429084420204 0.118788421154022 0.114976920187473 0.12716706097126 0.126729920506477 0.121403947472572 0.118258729577065 0.111665956676006 0.1126329600811 0.111865073442459 0.102117501199245 0.103565126657486 0.106287494301796 0.111744321882725 0.115558058023453
0.300757110118866 0.311702609062195 0.293327629566193 0.269640743732452 0.239797979593277 0.215991273522377 0.195159584283829 0.168123915791512 0.158505409955978 0.150840267539024 0.143304154276848 0.12982776761055 0.120077036321163 0.105183377861977 0.109260126948357 0.0868879780173302 0.0859634205698967 0.0899801030755043 0.0836773887276649 0.0831344202160835 0.0839079916477203 0.0784100666642189 0.0781679153442383 0.0828926637768745 0.0872379839420319 0.0960235074162483 0.0992498025298119 0.10199835896492 0.11103592813015 0.109933763742447 0.107400245964527 0.108107164502144 0.111090965569019 0.1188904941082 0.118949547410011 0.118211574852467 0.117047265172005 0.108567029237747 0.10529887676239 0.0999395921826363 0.10425042361021 0.109720014035702 0.108496278524399 0.109041899442673
0.288250982761383 0.306271821260452 0.290042906999588 0.249651491641998 0.225482195615768 0.190111309289932 0.174164623022079 0.155227914452553 0.142279163002968 0.144052281975746 0.135245054960251 0.133727356791496 0.120061777532101 0.102009169757366 0.0843331441283226 0.0862241089344025 0.0737776830792427 0.0733319893479347 0.0779727697372437 0.0826777592301369 0.0834775194525719 0.0807210132479668 0.0816726759076118 0.0857578217983246 0.0899622887372971 0.0983472913503647 0.106905356049538 0.103739716112614 0.107937030494213 0.10954849421978 0.107755675911903 0.109933763742447 0.11037078499794 0.114443503320217 0.117298357188702 0.120888754725456 0.123009905219078 0.113447763025761 0.102750174701214 0.104348137974739 0.105110563337803 0.105937376618385 0.107224874198437 0.110179141163826
0.28344452381134 0.28386777639389 0.259245455265045 0.229383900761604 0.197937220335007 0.175465852022171 0.152968227863312 0.142757177352905 0.142708823084831 0.134838223457336 0.132406830787659 0.127280324697495 0.11773631721735 0.105791047215462 0.0900609269738197 0.0817281976342201 0.0793312042951584 0.070887602865696 0.069685235619545 0.075389638543129 0.0789892449975014 0.0825634896755219 0.0882167518138885 0.0913197472691536 0.0933090671896935 0.102404288947582 0.112543039023876 0.114764250814915 0.108826205134392 0.11387237906456 0.109189085662365 0.113577447831631 0.108411744236946 0.114334754645824 0.11533385515213 0.116484738886356 0.12137645483017 0.114361710846424 0.107863321900368 0.106652274727821 0.107916250824928 0.108452536165714 0.106671504676342 0.101109705865383
0.256854653358459 0.240502581000328 0.238657012581825 0.21387942135334 0.188131704926491 0.159205004572868 0.148253500461578 0.149540632963181 0.150811910629272 0.130287259817123 0.118425205349922 0.115420371294022 0.106126189231873 0.0999957695603371 0.0917493924498558 0.0824242532253265 0.0741976425051689 0.06310024112463 0.0679684206843376 0.0802796632051468 0.0833721086382866 0.0913453847169876 0.0934857279062271 0.0938673168420792 0.0989690572023392 0.108472160995007 0.11424396187067 0.117581330239773 0.118073403835297 0.112381733953953 0.110496833920479 0.10882344096899 0.1119025349617 0.110385276377201 0.110401272773743 0.118712730705738 0.122358962893486 0.119890436530113 0.109798066318035 0.108938500285149 0.111165180802345 0.105018362402916 0.101703315973282 0.10048845410347
0.231253355741501 0.217628836631775 0.200001522898674 0.191460967063904 0.166589215397835 0.172742649912834 0.161010771989822 0.150496184825897 0.141487926244736 0.128815501928329 0.105425238609314 0.10210594534874 0.106680177152157 0.103126652538776 0.0893532261252403 0.080406978726387 0.0704655572772026 0.0659920275211334 0.0747971907258034 0.0821763426065445 0.090693287551403 0.0951436161994934 0.100567542016506 0.0999161526560783 0.103147283196449 0.104696147143841 0.113416373729706 0.114298649132252 0.11708977073431 0.110600128769875 0.115110024809837 0.109233818948269 0.109927549958229 0.113194391131401 0.115234933793545 0.118914231657982 0.119717955589294 0.121529266238213 0.11345873773098 0.112519942224026 0.10677020996809 0.106939770281315 0.101018406450748 0.0994554162025452
0.212417244911194 0.203217893838882 0.189832270145416 0.173429578542709 0.160877466201782 0.17014516890049 0.165193170309067 0.15280969440937 0.136564746499062 0.120592437684536 0.0968438312411308 0.0931328982114792 0.0984526425600052 0.0964182391762733 0.0893662050366402 0.0829585790634155 0.0839485600590706 0.0758003368973732 0.0800185725092888 0.0857237353920937 0.095259390771389 0.10606487095356 0.105946689844131 0.10745832324028 0.109766058623791 0.11364871263504 0.112813338637352 0.111179053783417 0.110068514943123 0.110872775316238 0.105447337031364 0.107175730168819 0.115306235849857 0.110671870410442 0.113868482410908 0.122498020529747 0.12150202691555 0.1249945089221 0.120311416685581 0.105661898851395 0.1064797565341 0.10110879689455 0.0991766676306725 0.101637907326221
