data/climate_estimation/maxent_output/Erythronium_klamathense.asc
NCOLS 21 
NROWS 30 
XLLCORNER -123.416666666667 
YLLCORNER 41.0833333333333 
CELLSIZE 0.0833333333333333 
NODATA_value -3.4e+38 
0.594272375106812 0.625056266784668 0.640010714530945 0.598171770572662 0.61903303861618 0.581189334392548 0.629158020019531 0.685585975646973 0.68400377035141 0.727686166763306 0.767169952392578 0.858597457408905 0.843633413314819 0.796292185783386 0.744900763034821 0.572726488113403 0.714699864387512 0.658338010311127 0.62282133102417 0.689001381397247 0.559937357902527
0.604087948799133 0.594572067260742 0.644780457019806 0.633949875831604 0.636818826198578 0.672363638877869 0.696083247661591 0.748754322528839 0.744666337966919 0.81171989440918 0.819809019565582 0.794383943080902 0.842149198055267 0.792448401451111 0.784906685352325 0.749102652072906 0.710609495639801 0.686763644218445 0.659110128879547 0.588256478309631 0.348187983036041
0.61765193939209 0.620824635028839 0.663335263729095 0.623636305332184 0.700396418571472 0.698429048061371 0.766280591487885 0.775831699371338 0.81648188829422 0.851984679698944 0.813383996486664 0.799638152122498 0.866095662117004 0.833417057991028 0.837497293949127 0.791214287281036 0.77917742729187 0.730300188064575 0.662232995033264 0.589670717716217 0.411053895950317
0.613722205162048 0.606823027133942 0.60444188117981 0.610274970531464 0.675438642501831 0.775192320346832 0.760771334171295 0.816798746585846 0.847879827022552 0.863568246364594 0.886273503303528 0.831286787986755 0.84836733341217 0.83601313829422 0.789411246776581 0.733952045440674 0.814495980739594 0.835357367992401 0.740536212921143 0.581496119499207 0.716232240200043
0.548008859157562 0.606225609779358 0.652240872383118 0.727347493171692 0.704099297523499 0.79027646780014 0.797887623310089 0.864178001880646 0.876603722572327 0.846502304077148 0.899776458740234 0.903161704540253 0.883378803730011 0.886923015117645 0.883110702037811 0.819744765758514 0.728241086006165 0.853614926338196 0.696762800216675 0.554643154144287 0.715127527713776
0.526358306407928 0.71883487701416 0.686086177825928 0.757103204727173 0.776474416255951 0.837757587432861 0.847250044345856 0.876716554164886 0.892041385173798 0.925254642963409 0.932869374752045 0.874276220798492 0.931109130382538 0.845347762107849 0.79094660282135 0.907713413238525 0.861747920513153 0.78657054901123 0.649282872676849 0.525422513484955 0.469621479511261
0.629369258880615 0.693622410297394 0.737936615943909 0.77954488992691 0.81076318025589 0.853497743606567 0.875221908092499 0.870805621147156 0.886184096336365 0.936784684658051 0.944781541824341 0.911452412605286 0.916413903236389 0.925659000873566 0.903153598308563 0.885638952255249 0.914010941982269 0.797805309295654 0.715281784534454 0.606799840927124 0.432884812355042
0.590301811695099 0.611726522445679 0.706411778926849 0.743868708610535 0.796247959136963 0.852088212966919 0.836201429367065 0.903940141201019 0.908877730369568 0.932606756687164 0.958601057529449 0.950168430805206 0.928150355815887 0.933429658412933 0.872602045536041 0.822949886322021 0.857144713401794 0.906254589557648 0.796812772750854 0.534564435482025 0.366935700178146
0.788397729396820 0.815287828445435 0.813634395599365 0.864119410514832 0.888591408729553 0.866923093795776 0.900423109531403 0.952451169490814 0.941137611865997 0.944701492786407 0.960739612579346 0.939909100532532 0.949910879135132 0.960933446884155 0.918892085552216 0.881513595581055 0.939533889293671 0.92078298330307 0.808598458766937 0.506113350391388 0.341736197471619
0.790558993816376 0.809473276138306 0.866662263870239 0.913718402385712 0.926733136177063 0.947225391864777 0.951580226421356 0.944786965847015 0.939425230026245 0.93831479549408 0.973753392696381 0.943348944187164 0.968416094779968 0.975761830806732 0.956049263477325 0.958919644355774 0.927582383155823 0.921025454998016 0.834329783916473 0.49330347776413 0.374554842710495
0.669802784919739 0.862108290195465 0.932154595851898 0.92533016204834 0.947891175746918 0.964839458465576 0.924547255039215 0.949053943157196 0.924841403961182 0.917070865631104 0.966304004192352 0.931405603885651 0.934242010116577 0.966157197952271 0.975331902503967 0.973720729351044 0.901649296283722 0.850440859794617 0.740837216377258 0.563923954963684 0.377967745065689
0.680930376052856 0.851787924766541 0.896186113357544 0.910850346088409 0.935140550136566 0.943040132522583 0.95677262544632 0.897110462188721 0.882104575634003 0.956378281116486 0.98313581943512 0.963851630687714 0.973098397254944 0.982477724552155 0.98100745677948 0.972427725791931 0.826341927051544 0.606236636638641 0.402773946523666 0.341673076152802 0.243954107165337
0.470411866903305 0.820694804191589 0.793555200099945 0.790733098983765 0.906571447849274 0.844481229782104 0.49244499206543 0.634255766868591 0.937443375587463 0.937192499637604 0.952707886695862 0.920619308948517 0.965205192565918 0.983842194080353 0.985309839248657 0.975929439067841 0.706365704536438 0.436184763908386 0.356962114572525 0.416017830371857 0.222920790314674
0.432757824659348 0.569605529308319 0.780017256736755 0.768748223781586 0.660926520824432 0.363546222448349 0.2628213763237 0.259238809347153 0.474200963973999 0.746990203857422 0.9654780626297 0.964364767074585 0.982963919639587 0.990285217761993 0.982273101806641 0.953208208084106 0.58812814950943 0.344353407621384 0.321083903312683 0.564395189285278 0.554912328720093
0.401323437690735 0.581840336322784 0.834390163421631 0.765869975090027 0.89983594417572 0.386675179004669 0.171119421720505 0.405733853578568 0.681288242340088 0.82095605134964 0.904260456562042 0.958973586559296 0.986118257045746 0.990708589553833 0.981100022792816 0.979378581047058 0.793542623519897 0.363145679235458 0.129328861832619 0.171101823449135 0.270397990942001
0.825694143772125 0.565732538700104 0.528268575668335 0.906812250614166 0.935203790664673 0.614756405353546 0.283561795949936 0.342944860458374 0.969808340072632 0.9836066365242 0.990726590156555 0.982761800289154 0.985048353672028 0.984997689723969 0.985147595405579 0.975734293460846 0.795625329017639 0.28193587064743 0.099341057240963 0.0928982198238373 0.0784528255462646
0.886385023593903 0.51134318113327 0.678622126579285 0.898239970207214 0.70107513666153 0.901543259620667 0.982571005821228 0.636512696743011 0.430303812026978 0.596593677997589 0.978195190429688 0.990392029285431 0.980609476566315 0.950402557849884 0.924125969409943 0.685730874538422 0.335427165031433 0.220753014087677 0.096578411757946 0.0382595062255859 0.0398111082613468
0.938682019710541 0.937391459941864 0.929822206497192 0.889710068702698 0.83606892824173 0.843281269073486 0.977727234363556 0.994323074817657 0.993485629558563 0.718564450740814 0.678359866142273 0.978581964969635 0.78784191608429 0.749954521656036 0.582413971424103 0.48813596367836 0.244883716106415 0.179667338728905 0.0752317756414413 0.0359080843627453 0.0214535742998123
0.923163115978241 0.936941146850586 0.958489000797272 0.782368779182434 0.969660580158234 0.992475092411041 0.980166494846344 0.994587123394012 0.993026971817017 0.856376349925995 0.950500249862671 0.873185098171234 0.427626013755798 0.42131295800209 0.307618021965027 0.239605844020844 0.195959284901619 0.151437759399414 0.0651637688279152 0.0338042974472046 0.0259616449475288
0.933118283748627 0.956588983535767 0.978258967399597 0.979813396930695 0.985853731632233 0.985392689704895 0.987613141536713 0.953705608844757 0.969561815261841 0.478427946567535 0.371694028377533 0.199222445487976 0.19062215089798 0.26598846912384 0.255077570676804 0.210914507508278 0.12682344019413 0.0882139578461647 0.0525587722659111 0.0285400040447712 0.0224545430392027
0.679400086402893 0.61882209777832 0.807897448539734 0.756026685237885 0.773429095745087 0.97312194108963 0.653391718864441 0.452530771493912 0.35401862859726 0.636092305183411 0.204388663172722 0.163266614079475 0.23066358268261 0.607185959815979 0.666089296340942 0.171616777777672 0.0906855687499046 0.065429762005806 0.0721815675497055 0.038989532738924 0.0294738169759512
0.320030927658081 0.50126850605011 0.810296356678009 0.860946476459503 0.399121403694153 0.697537958621979 0.56369411945343 0.73882657289505 0.439265459775925 0.235798642039299 0.211379691958427 0.166829988360405 0.206629574298859 0.421937614679337 0.700830578804016 0.377260029315948 0.0748050063848495 0.0648910030722618 0.0877427011728287 0.0542211197316647 0.0495265610516071
0.501183450222015 0.918775916099548 0.954862415790558 0.978676080703735 0.874903678894043 0.913061678409576 0.956361949443817 0.946269273757935 0.63573545217514 0.170501828193665 0.158305078744888 0.183880418539047 0.210695296525955 0.359085738658905 0.791792690753937 0.347334295511246 0.191927745938301 0.103699989616871 0.096378892660141 0.0802684873342514 0.0707051679491997
0.896194994449615 0.951527893543243 0.918355226516724 0.973370671272278 0.989797115325928 0.327790945768356 0.175325274467468 0.321616679430008 0.61363422870636 0.609879434108734 0.197192087769508 0.223383113741875 0.282809615135193 0.461522400379181 0.592476606369019 0.469588845968246 0.274716019630432 0.179754838347435 0.144148468971252 0.202775374054909 0.171981543302536
0.915984392166138 0.940160036087036 0.950211644172668 0.945188343524933 0.97911548614502 0.47464844584465 0.138777554035187 0.385067522525787 0.772778034210205 0.702855288982391 0.262993961572647 0.339596599340439 0.449308663606644 0.571305274963379 0.572242915630341 0.883074760437012 0.672385931015015 0.589590907096863 0.339100003242493 0.361011862754822 0.301381230354309
0.773690104484558 0.810897529125214 0.950184524059296 0.966971576213837 0.98232764005661 0.994121551513672 0.194282338023186 0.44418129324913 0.983175337314606 0.93297666311264 0.91764909029007 0.561876177787781 0.726318180561066 0.917174577713013 0.955110669136047 0.967505872249603 0.822181046009064 0.702128291130066 0.508682787418365 0.381840527057648 0.281030654907227
0.634860694408417 0.919128894805908 0.972318589687347 0.969483375549316 0.98240602016449 0.984340310096741 0.456484168767929 0.693254292011261 0.795556366443634 0.996733009815216 0.984388589859009 0.994159579277039 0.946570575237274 0.993680119514465 0.795394718647003 0.990667879581451 0.924292802810669 0.906136989593506 0.735679686069489 0.598389744758606 0.42948192358017
0.446697294712067 0.655233561992645 0.820834159851074 0.887971043586731 0.976928949356079 0.954493820667267 0.980708122253418 0.965555191040039 0.995022296905518 0.9963458776474 0.993714392185211 0.994368851184845 0.940845787525177 0.854812920093536 0.988241016864777 0.88869172334671 0.716775715351105 0.732318520545959 0.837577104568481 0.870684325695038 0.675593912601471
0.877401471138 0.446171671152115 0.485234200954437 0.954927444458008 0.967131912708282 0.95896589756012 0.981126606464386 0.970137894153595 0.996126770973206 0.968424439430237 0.996687531471252 0.997981488704681 0.991773009300232 0.709071576595306 0.809262156486511 0.494862973690033 0.602079093456268 0.94370049238205 0.976253092288971 0.952756822109222 0.841160833835602
0.903664410114288 0.915091335773468 0.812042117118835 0.678500235080719 0.953690826892853 0.969263315200806 0.987022399902344 0.987787306308746 0.824934661388397 0.981918334960938 0.987507879734039 0.996078968048096 0.718868970870972 0.562360763549805 0.634586215019226 0.567968130111694 0.752288043498993 0.910326361656189 0.728594601154327 0.964746296405792 0.955352485179901
