data/climate_estimation/maxent_output/Erythronium_japonicum.asc
NCOLS 220 
NROWS 127 
XLLCORNER 124.583333333333 
YLLCORNER 34.4166666666667 
CELLSIZE 0.0833333333333333 
NODATA_value -3.4e+38 
[rows 75 to 99 of 127, columns 0 to 55 of 220]
-3.4e+38 -3.4e+38 -3.4e+38 -3.4e+38 -3.4e+38 -3.4e+38 -3.4e+38 0.105116531252861 0.10606886446476 0.0945829600095749 0.0861472114920616 0.0891725495457649 0.0919232740998268 0.0846681073307991 0.0878755152225494 0.0908579900860786 0.0935149267315865 0.108542069792747 0.110979072749615 0.111566372215748 0.108518123626709 0.106330871582031 0.113930061459541 0.122666880488396 0.133674129843712 0.161865457892418 0.177971363067627 0.191617280244827 0.177602618932724 0.190692216157913 0.208939418196678 0.224084600806236 0.221835538744926 0.24209626019001 0.260973155498505 0.260952174663544 0.260119527578354 0.28637832403183 0.310644179582596 0.346108108758926 0.368271857500076 0.404504388570786 0.407629162073135 0.343252301216125 0.328767448663712 0.32996928691864 -3.4e+38 -3.4e+38 -3.4e+38 -3.4e+38 -3.4e+38 -3.4e+38 -3.4e+38 -3.4e+38 -3.4e+38 -3.4e+38
-3.4e+38 -3.4e+38 -3.4e+38 -3.4e+38 0.102079607546329 0.101848736405373 0.100772947072983 0.114859633147717 0.102759622037411 0.104934968054295 0.0950086265802383 0.0865142419934273 0.0882361680269241 0.0803453177213669 0.0834936797618866 0.0871545895934105 0.0915307104587555 0.10689415037632 0.0979434624314308 0.0995930284261703 0.0980342254042625 0.0937582477927208 0.0986147448420525 0.105433598160744 0.129718407988548 0.143155485391617 0.175251394510269 0.16491274535656 0.174618273973465 0.189104646444321 0.18142181634903 0.199355840682983 0.220322161912918 0.239852473139763 0.237100884318352 0.236335188150406 0.260450452566147 0.260541081428528 0.288969904184341 0.315015614032745 0.346171915531158 0.376517295837402 0.529470920562744 0.38337641954422 0.302321165800095 0.334010243415833 -3.4e+38 -3.4e+38 -3.4e+38 -3.4e+38 -3.4e+38 -3.4e+38 -3.4e+38 -3.4e+38 -3.4e+38 -3.4e+38
-3.4e+38 -3.4e+38 0.0861997678875923 0.0858972370624542 0.0983190536499023 0.097741425037384 0.111003048717976 0.112411394715309 0.131192445755005 0.10364180803299 0.0925922244787216 0.0838693529367447 0.0849625542759895 0.0778448134660721 0.0917026624083519 0.0972564667463303 0.102129861712456 0.10671804100275 0.108543269336224 0.0973683893680573 0.0964393839240074 0.093783050775528 0.0864134207367897 0.0889818966388702 0.11017482727766 0.156953766942024 0.147244840860367 0.140816450119019 0.153035864233971 0.186906903982162 0.180732145905495 0.195955783128738 0.192709773778915 0.238415107131004 0.237264066934586 0.234878361225128 0.261586964130402 0.237693026661873 0.264722585678101 0.291064441204071 0.318718075752258 0.35062101483345 0.508068561553955 0.487186849117279 0.396629363298416 0.400598496198654 -3.4e+38 -3.4e+38 -3.4e+38 -3.4e+38 -3.4e+38 -3.4e+38 -3.4e+38 -3.4e+38 -3.4e+38 -3.4e+38
-3.4e+38 -3.4e+38 -3.4e+38 0.0962908416986465 0.094904750585556 0.107552237808704 0.109866924583912 0.12498926371336 0.128200113773346 0.101540394127369 0.089941143989563 0.0820259526371956 0.0837331563234329 0.075457900762558 0.0778421685099602 0.0831047967076302 0.0884155407547951 0.0936895608901978 0.0875867083668709 0.0801117569208145 0.0787100046873093 0.0926213562488556 0.0853622853755951 0.0866799131035805 0.107632540166378 0.134507939219475 0.126857087016106 0.13812181353569 0.152189999818802 0.163953006267548 0.158914431929588 0.173819676041603 0.190032839775085 0.189890921115875 0.211001560091972 0.211907118558884 0.21553972363472 0.238957136869431 0.241918340325356 0.26483878493309 0.323837667703629 0.375945270061493 0.479963690042496 0.458660304546356 0.431420475244522 0.50095409154892 0.575909852981567 -3.4e+38 -3.4e+38 -3.4e+38 -3.4e+38 -3.4e+38 -3.4e+38 -3.4e+38 -3.4e+38 -3.4e+38
-3.4e+38 -3.4e+38 -3.4e+38 0.0933764427900314 0.105854034423828 0.105349950492382 0.12176363915205 0.121512971818447 0.110121190547943 0.0992247015237808 0.0894525945186615 0.0910709500312805 0.0821668952703476 0.0848160162568092 0.0779626369476318 0.0819340273737907 0.0866707563400269 0.103910386562347 0.085579626262188 0.0773490071296692 0.0761716589331627 0.0798621699213982 0.0822556018829346 0.0859466418623924 0.0920830965042114 0.113752707839012 0.12198830395937 0.134110540151596 0.130417227745056 0.143556237220764 0.159022822976112 0.171301439404488 0.169798851013184 0.171467497944832 0.212589353322983 0.193660110235214 0.196291759610176 0.220095694065094 0.246348440647125 0.293441563844681 0.319186478853226 0.436985909938812 0.450499922037125 0.429784148931503 0.535861849784851 0.544456720352173 0.658193111419678 0.711881101131439 -3.4e+38 -3.4e+38 -3.4e+38 -3.4e+38 -3.4e+38 -3.4e+38 -3.4e+38 -3.4e+38
-3.4e+38 -3.4e+38 -3.4e+38 0.0897202417254448 0.10259735584259 0.105044238269329 0.117848575115204 0.134966984391212 0.122060328722 0.112067878246307 0.0999274104833603 0.091436930000782 0.0824379101395607 0.0846689268946648 0.0878905430436134 0.080304816365242 0.0843384265899658 0.0982476249337196 0.0904931128025055 0.0915113911032677 0.0803914964199066 0.0755460411310196 0.0787307992577553 0.0834539979696274 0.100795850157738 0.108730658888817 0.106146015226841 0.116689950227737 0.127425491809845 0.141529276967049 0.141315490007401 0.153941452503204 0.154010817408562 0.172536790370941 0.17295129597187 0.194927260279655 0.217876240611076 0.244711503386497 0.224352121353149 0.292182594537735 0.32971265912056 0.353880077600479 0.391717702150345 0.402461439371109 0.601966500282288 0.579636573791504 0.665649771690369 0.70235151052475 -3.4e+38 -3.4e+38 -3.4e+38 -3.4e+38 -3.4e+38 -3.4e+38 -3.4e+38 -3.4e+38
-3.4e+38 -3.4e+38 0.0861075893044472 0.0885656028985977 0.100545138120651 0.114938095211983 0.116968706250191 0.133803501725197 0.121161840856075 0.110348507761955 0.112258024513721 0.102549523115158 0.0931325554847717 0.0836836248636246 0.0759847611188889 0.0885501131415367 0.092543289065361 0.105786487460136 0.0964329913258553 0.0850401222705841 0.0836539641022682 0.0793218016624451 0.0844340994954109 0.090694971382618 0.0982106998562813 0.107458397746086 0.118314683437347 0.11457397788763 0.126350864768028 0.143102079629898 0.142132252454758 0.157491996884346 0.156447768211365 0.174645900726318 0.197778105735779 0.238759011030197 0.201303645968437 0.221917673945427 0.247622847557068 0.230054438114166 0.258936882019043 0.288113117218018 0.493729561567307 0.376845598220825 0.579913079738617 0.625253617763519 0.719039261341095 0.708966016769409 0.697940230369568 -3.4e+38 -3.4e+38 -3.4e+38 -3.4e+38 -3.4e+38 -3.4e+38 -3.4e+38
0.0569013506174088 0.062534861266613 0.0824761763215065 0.0880916863679886 0.100397408008575 0.115862362086773 0.129717782139778 0.149516314268112 0.134276822209358 0.108152650296688 0.0983071997761726 0.0889102965593338 0.0912771746516228 0.105045609176159 0.084684856235981 0.0876615419983864 0.0885655134916306 0.0907865688204765 0.0911870300769806 0.0896428823471069 0.0876561403274536 0.0841732025146484 0.0892295241355896 0.0981844514608383 0.107651397585869 0.102430276572704 0.101970992982388 0.115862190723419 0.12819892168045 0.126354277133942 0.142300143837929 0.157497018575668 0.159797102212906 0.196878433227539 0.216160491108894 0.24386927485466 0.205530270934105 0.189887344837189 0.210049778223038 0.215169250965118 0.22068464756012 0.246809557080269 0.36818653345108 0.35609170794487 0.582012951374054 0.671722888946533 0.678068161010742 0.723477423191071 0.707618713378906 -3.4e+38 -3.4e+38 -3.4e+38 -3.4e+38 -3.4e+38 -3.4e+38 -3.4e+38
-3.4e+38 -3.4e+38 -3.4e+38 -3.4e+38 0.112668380141258 0.113731034100056 0.129378393292427 0.148206502199173 0.134027004241943 0.120944753289223 0.109822809696198 0.0881662219762802 0.0796192511916161 0.0813067629933357 0.08236463367939 0.0844749212265015 0.0846755355596542 0.0865601226687431 0.0868487432599068 0.0859427824616432 0.0828078910708427 0.0795010626316071 0.0841334983706474 0.0943471938371658 0.0926199778914452 0.100855007767677 0.100718677043915 0.112526245415211 0.127950772643089 0.12733693420887 0.14423942565918 0.142029702663422 0.15954153239727 0.180863037705421 0.216543838381767 0.221146240830421 0.190734326839447 0.193167135119438 0.216076508164406 0.237091988325119 0.22193817794323 0.248754650354385 0.274371236562729 0.386756151914597 0.523550570011139 0.619655847549438 0.697158694267273 0.72756689786911 0.721726834774017 0.719755709171295 -3.4e+38 -3.4e+38 -3.4e+38 -3.4e+38 -3.4e+38 -3.4e+38
0.0464218221604824 0.0500861220061779 -3.4e+38 -3.4e+38 0.112884096801281 0.128151923418045 0.144454434514046 0.147278860211372 0.148066699504852 0.135221585631371 0.107766002416611 0.0977450013160706 0.0879095569252968 0.0793862566351891 0.0806135088205338 0.0822396501898766 0.0826224461197853 0.0835370719432831 0.094031810760498 0.0931690633296967 0.0893678069114685 0.0860563591122627 0.0813413038849831 0.0772877037525177 0.0877430960536003 0.0985335633158684 0.111115522682667 0.111772783100605 0.1303730905056 0.147220730781555 0.16546393930912 0.144596070051193 0.162657111883163 0.199593037366867 0.222964242100716 0.224532350897789 0.190739214420319 0.179061576724052 0.19964388012886 0.225812420248985 0.24629034101963 0.276267290115356 0.350463807582855 0.516407370567322 0.498459875583649 0.64098185300827 0.690505266189575 0.712767958641052 0.722137033939362 0.721655607223511 0.722911536693573 -3.4e+38 -3.4e+38 -3.4e+38 -3.4e+38 -3.4e+38
-3.4e+38 0.0577165372669697 -3.4e+38 -3.4e+38 -3.4e+38 0.127049908041954 0.145451113581657 0.164147555828094 0.149578481912613 0.133536264300346 0.121283918619156 0.108626455068588 0.098203681409359 0.0892461538314819 -3.4e+38 0.0908690616488457 0.0905055031180382 0.0918598622083664 0.0901152640581131 0.0900718867778778 0.0884781777858734 0.0856501460075378 0.0924248546361923 0.0902925208210945 0.0993720069527626 0.0984889790415764 0.109934024512768 0.128277793526649 0.146977916359901 0.147408246994019 0.167336151003838 0.166856840252876 0.183642074465752 0.20489040017128 0.205038160085678 0.195552721619606 0.195791810750961 0.182925447821617 0.227036952972412 0.247488811612129 0.292264819145203 0.277665942907333 0.477337390184402 0.559114992618561 0.569109380245209 0.631709337234497 0.669817090034485 0.673600852489471 0.703337967395782 0.717037677764893 0.725300312042236 0.726120889186859 -3.4e+38 -3.4e+38 -3.4e+38 -3.4e+38
-3.4e+38 0.0587988048791885 0.0735866725444794 -3.4e+38 0.127197936177254 0.127584725618362 0.145509228110313 0.164002254605293 0.1467175334692 0.149064555764198 0.134928956627846 0.107560455799103 0.10985454171896 0.100107409060001 0.0986208319664001 0.0994439721107483 0.0902574881911278 0.101699583232403 0.100795023143291 0.100010678172112 0.0988974943757057 0.108948647975922 0.108192808926105 0.103764832019806 0.102421768009663 0.11275614798069 0.124779529869556 0.140373632311821 0.16362090408802 0.16502320766449 0.166496783494949 0.186092436313629 0.206694558262825 0.189013704657555 0.192099332809448 0.199283763766289 0.201479211449623 0.206731200218201 0.250519216060638 0.250881493091583 0.259104698896408 0.284113168716431 0.310613542795181 0.491008818149567 0.58877569437027 0.616839587688446 0.671833515167236 0.646669685840607 0.656777262687683 0.680361330509186 0.719425201416016 0.728510558605194 0.728635489940643 -3.4e+38 -3.4e+38 -3.4e+38
-3.4e+38 -3.4e+38 -3.4e+38 -3.4e+38 -3.4e+38 -3.4e+38 -3.4e+38 0.163475319743156 0.165260076522827 0.147579088807106 0.132540985941887 -3.4e+38 -3.4e+38 0.12225529551506 -3.4e+38 -3.4e+38 -3.4e+38 -3.4e+38 0.0997610688209534 0.111698985099792 0.111786969006062 0.110997803509235 0.123527847230434 0.121354311704636 0.13281112909317 0.129939794540405 0.126356109976768 0.14007356762886 0.159754782915115 0.183846235275269 0.183394178748131 0.184953361749649 0.187627077102661 0.192182719707489 0.195929333567619 0.201504394412041 0.206008866429329 0.209193855524063 0.234379708766937 0.239675268530846 0.262904495000839 0.308603674173355 0.393860280513763 0.431968808174133 0.59019535779953 0.647862613201141 0.677460849285126 0.673389792442322 0.66904217004776 0.648384571075439 0.702692925930023 0.72986513376236 0.724252045154572 0.72333025932312 -3.4e+38 -3.4e+38
-3.4e+38 -3.4e+38 -3.4e+38 -3.4e+38 -3.4e+38 -3.4e+38 -3.4e+38 -3.4e+38 -3.4e+38 -3.4e+38 -3.4e+38 -3.4e+38 -3.4e+38 0.121859028935432 -3.4e+38 -3.4e+38 -3.4e+38 -3.4e+38 -3.4e+38 0.111122190952301 0.124928526580334 0.12494532763958 0.140113681554794 0.138382166624069 0.152924627065659 0.148717060685158 0.144579276442528 0.158493906259537 0.1776003241539 0.170494705438614 0.174329325556755 0.180327191948891 0.211605086922646 0.194909259676933 0.217980891466141 0.220723614096642 0.226345255970955 0.228158071637154 0.233896061778069 0.25336280465126 0.280507296323776 0.311447560787201 0.399827718734741 0.501131057739258 0.578677773475647 0.591019570827484 0.653590977191925 0.649682402610779 0.668561518192291 0.651175618171692 0.671115338802338 0.687000632286072 0.71210777759552 0.726142764091492 0.729545950889587 -3.4e+38
-3.4e+38 -3.4e+38 -3.4e+38 -3.4e+38 -3.4e+38 -3.4e+38 -3.4e+38 -3.4e+38 -3.4e+38 -3.4e+38 -3.4e+38 -3.4e+38 -3.4e+38 -3.4e+38 -3.4e+38 -3.4e+38 -3.4e+38 -3.4e+38 -3.4e+38 -3.4e+38 0.140266224741936 0.156777769327164 0.156067088246346 0.173414781689644 0.171356409788132 0.170719400048256 0.163750693202019 0.159604728221893 0.175734415650368 0.174469321966171 0.175932496786118 0.203380033373833 0.214229017496109 0.21835221350193 0.223407238721848 0.264821976423264 0.257342457771301 0.236598491668701 0.254623025655746 0.308684527873993 0.262053817510605 0.290608376264572 0.345803260803223 0.467863410711288 0.590071499347687 0.599999964237213 0.622672617435455 0.673255741596222 0.667025327682495 0.684529066085815 0.661533296108246 0.674058675765991 0.694897174835205 0.71775233745575 0.727284789085388 -3.4e+38
-3.4e+38 -3.4e+38 -3.4e+38 -3.4e+38 -3.4e+38 -3.4e+38 -3.4e+38 -3.4e+38 -3.4e+38 -3.4e+38 -3.4e+38 -3.4e+38 -3.4e+38 -3.4e+38 -3.4e+38 -3.4e+38 -3.4e+38 -3.4e+38 -3.4e+38 -3.4e+38 -3.4e+38 0.174553245306015 0.174416661262512 0.171476140618324 0.189618617296219 0.189455986022949 0.187159553170204 0.182706147432327 0.204155996441841 0.202752023935318 0.202967539429665 0.235420063138008 0.212461695075035 0.246922314167023 0.250878423452377 0.226461410522461 0.234271287918091 0.259012252092361 0.25936159491539 0.265038132667542 0.265679836273193 0.290768533945084 0.404935389757156 0.496958583593369 0.560060918331146 0.570721328258514 0.596568882465363 0.665874242782593 0.690037906169891 0.682430565357208 0.696895182132721 0.67583554983139 0.641189098358154 0.717363238334656 0.730351448059082 0.728597104549408
-3.4e+38 -3.4e+38 -3.4e+38 -3.4e+38 -3.4e+38 -3.4e+38 -3.4e+38 -3.4e+38 -3.4e+38 -3.4e+38 -3.4e+38 -3.4e+38 -3.4e+38 -3.4e+38 -3.4e+38 -3.4e+38 -3.4e+38 -3.4e+38 -3.4e+38 -3.4e+38 -3.4e+38 0.193808853626251 0.191212043166161 -3.4e+38 0.191110700368881 0.210965350270271 0.210428565740585 0.207509025931358 0.230889335274696 0.232122078537941 0.231950923800468 0.236008286476135 0.241369560360909 0.244806125760078 0.250216841697693 0.222736001014709 0.229814112186432 0.263083010911942 0.263349533081055 0.263413101434708 0.262958139181137 0.425014227628708 0.428341180086136 0.532592952251434 0.56209534406662 0.554741144180298 0.559583723545074 0.629921734333038 0.599790632724762 0.670778155326843 0.697593629360199 0.677999436855316 0.658042013645172 0.706883728504181 0.726007461547852 0.721360862255096
-3.4e+38 -3.4e+38 -3.4e+38 -3.4e+38 -3.4e+38 -3.4e+38 -3.4e+38 -3.4e+38 -3.4e+38 -3.4e+38 -3.4e+38 -3.4e+38 -3.4e+38 -3.4e+38 -3.4e+38 -3.4e+38 -3.4e+38 0.191491007804871 0.190924942493439 -3.4e+38 0.214175254106522 -3.4e+38 0.213427528738976 0.214836284518242 0.237883180379868 0.2359649091959 0.210413068532944 0.233559429645538 0.230850502848625 0.231297373771667 0.235525324940681 0.239821285009384 0.270164519548416 0.275083839893341 0.246252834796906 0.245770528912544 0.252992153167725 0.256981819868088 0.259805828332901 0.288714468479156 0.344305008649826 0.420851469039917 0.453976631164551 0.439092874526978 0.440000772476196 0.518936634063721 0.505376756191254 0.539467632770538 0.607086718082428 0.621463000774384 0.698687672615051 0.674708127975464 0.655530273914337 0.708741009235382 0.699741899967194 0.711737453937531
-3.4e+38 -3.4e+38 -3.4e+38 -3.4e+38 -3.4e+38 -3.4e+38 -3.4e+38 -3.4e+38 -3.4e+38 -3.4e+38 -3.4e+38 -3.4e+38 -3.4e+38 -3.4e+38 -3.4e+38 -3.4e+38 0.210167646408081 -3.4e+38 0.212745890021324 0.212327629327774 0.236812189221382 0.21438704431057 0.238969370722771 0.237589180469513 0.237858638167381 0.238139763474464 0.236229225993156 0.235301375389099 0.234104603528976 0.232068136334419 0.237609922885895 0.270006030797958 0.274100959300995 0.274555027484894 0.2734035551548 0.249988690018654 0.254569709300995 0.254350066184998 0.291710764169693 0.3139308989048 0.393215090036392 0.3962142765522 0.399860143661499 0.400966942310333 0.416101574897766 0.412605106830597 0.481593251228333 0.503558337688446 0.566170454025269 0.607621490955353 0.684646427631378 0.656555354595184 0.658558547496796 0.703873515129089 0.674536287784576 0.692068874835968
-3.4e+38 -3.4e+38 -3.4e+38 -3.4e+38 -3.4e+38 -3.4e+38 -3.4e+38 -3.4e+38 -3.4e+38 -3.4e+38 -3.4e+38 -3.4e+38 -3.4e+38 -3.4e+38 -3.4e+38 -3.4e+38 0.232865810394287 0.259078204631805 0.23470513522625 -3.4e+38 0.237549051642418 0.265691518783569 -3.4e+38 0.267355233430862 0.265189170837402 0.263618439435959 0.263326853513718 0.234942868351936 0.233743414282799 0.231478184461594 0.236633539199829 0.270012646913528 0.275649964809418 0.276970982551575 0.280510932207108 0.280303508043289 0.253336548805237 0.2904152572155 0.259769350290298 0.292195320129395 0.317427694797516 0.342797130346298 0.317092955112457 0.348622500896454 0.406059861183167 0.405917108058929 0.437003046274185 0.464972048997879 0.488441705703735 0.558787882328033 0.647658944129944 0.668814718723297 0.667667806148529 0.688139200210571 0.701159179210663 0.714411079883575
-3.4e+38 -3.4e+38 -3.4e+38 -3.4e+38 -3.4e+38 -3.4e+38 -3.4e+38 -3.4e+38 -3.4e+38 -3.4e+38 -3.4e+38 -3.4e+38 -3.4e+38 -3.4e+38 -3.4e+38 -3.4e+38 0.259479433298111 0.259450227022171 -3.4e+38 -3.4e+38 -3.4e+38 0.292248010635376 0.294337064027786 0.294934332370758 -3.4e+38 -3.4e+38 0.263977885246277 0.263209044933319 0.235311642289162 0.230298772454262 0.238826423883438 0.266070634126663 0.268256962299347 0.281696498394012 0.281303077936172 0.282196611166 0.286247044801712 0.288424998521805 0.291537940502167 0.255647540092468 0.287983506917953 0.314056724309921 0.316093981266022 0.340637415647507 0.311451703310013 0.34395495057106 0.431751787662506 0.485354661941528 0.514736115932465 0.540912091732025 0.610459506511688 0.690261363983154 0.687610805034637 0.700434446334839 0.679814517498016 0.688712596893311
-339999999999999996123846586046231871488.000000000000000 -3.4e+38 -3.4e+38 -3.4e+38 -3.4e+38 -3.4e+38 -3.4e+38 -3.4e+38 -3.4e+38 -3.4e+38 -3.4e+38 -3.4e+38 -3.4e+38 -3.4e+38 -3.4e+38 -3.4e+38 -3.4e+38 -3.4e+38 -3.4e+38 -3.4e+38 0.324851751327515 0.32466396689415 0.327318102121353 0.327573120594025 0.328515201807022 0.297634094953537 0.295175135135651 0.265049666166306 0.263107895851135 0.258494645357132 0.250910997390747 0.254215508699417 0.309884488582611 0.314892679452896 0.275991231203079 0.281488865613937 0.322143226861954 0.289565324783325 0.287774801254272 0.258207380771637 0.287439912557602 0.288358449935913 0.284277856349945 0.313531875610352 0.306272476911545 0.33838963508606 0.497072726488113 0.440854907035828 0.367380440235138 0.364476531744003 0.486358493566513 0.51546847820282 0.588766157627106 0.622973024845123 0.712833881378174 0.716340839862823
-3.4e+38 -3.4e+38 -3.4e+38 -3.4e+38 -3.4e+38 -3.4e+38 -3.4e+38 -3.4e+38 -3.4e+38 -3.4e+38 -3.4e+38 -3.4e+38 -3.4e+38 -3.4e+38 -3.4e+38 -3.4e+38 -3.4e+38 -3.4e+38 0.354752719402313 0.354910999536514 0.357364475727081 0.358353823423386 0.361007988452911 0.362022161483765 0.365454018115997 0.331573575735092 0.297206938266754 0.301236420869827 0.305069535970688 0.303728938102722 0.295175611972809 0.30851736664772 0.348626166582108 0.351054817438126 0.271397262811661 0.283767759799957 0.290731221437454 0.289701521396637 0.288318604230881 0.286710292100906 0.283437669277191 0.307443886995316 0.327347636222839 0.388345718383789 0.392263919115067 0.358132421970367 0.407108128070831 0.285977900028229 0.28403428196907 0.309477299451828 0.361440449953079 0.425570487976074 0.488581746816635 0.581155121326447 0.705984175205231 0.711676359176636
-3.4e+38 -3.4e+38 -3.4e+38 -3.4e+38 -3.4e+38 -3.4e+38 -3.4e+38 -3.4e+38 -3.4e+38 -3.4e+38 -3.4e+38 -3.4e+38 -3.4e+38 -3.4e+38 -3.4e+38 -3.4e+38 -3.4e+38 -3.4e+38 0.353062212467194 0.392039358615875 0.390340775251389 0.392726540565491 0.393626898527145 0.398810893297195 0.402751594781876 0.36500671505928 0.329894572496414 0.331162363290787 0.305165529251099 0.302762061357498 0.297615557909012 0.345975756645203 0.344723463058472 0.349313646554947 0.310409307479858 0.283644914627075 0.280079305171967 0.317310750484467 0.288692653179169 0.284226506948471 0.304934561252594 0.360327959060669 0.3234883248806 0.381372839212418 0.385983377695084 0.371161222457886 0.327834367752075 0.259074598550797 0.260426998138428 0.2841417491436 0.331935167312622 0.384991705417633 0.48642760515213 0.547769963741302 0.618882715702057 0.660549998283386
-3.4e+38 -3.4e+38 -3.4e+38 -3.4e+38 -3.4e+38 -3.4e+38 -3.4e+38 -3.4e+38 -3.4e+38 -3.4e+38 -3.4e+38 -3.4e+38 -3.4e+38 -3.4e+38 -3.4e+38 -3.4e+38 -3.4e+38 0.382704049348831 0.385200649499893 0.389213770627975 0.390160232782364 0.431165784597397 0.431449711322784 0.39714589715004 0.437198728322983 0.36319887638092 0.364016652107239 0.375191688537598 0.379282027482986 0.383035272359848 0.339079111814499 0.375775098800659 0.336648851633072 0.322344809770584 0.263447344303131 0.31158173084259 0.35205152630806 0.314462691545486 0.313083589076996 0.332448601722717 0.355745643377304 0.356614649295807 0.272618472576141 0.299570113420486 0.276088207960129 0.274794936180115 0.234520137310028 0.209865272045135 0.260479867458344 0.257031232118607 0.283820986747742 0.304720520973206 0.386941522359848 0.449090987443924 0.479920297861099 0.621677398681641
