data/climate_estimation/maxent_output/Erythronium_montanum.asc
NCOLS 63 
NROWS 133 
XLLCORNER -125.916666666667 
YLLCORNER 43.8333333333333 
CELLSIZE 0.0833333333333333 
NODATA_value -3.4e+38 
[rows 84 to 104 of 133, columns 0 to 46 of 63]
-3.4e+38 -3.4e+38 -3.4e+38 -3.4e+38 -3.4e+38 -3.4e+38 -3.4e+38 -3.4e+38 -3.4e+38 -3.4e+38 -3.4e+38 -3.4e+38 -3.4e+38 -3.4e+38 -3.4e+38 0.253285050392151 0.279818713665009 0.375168770551682 0.457093626260757 0.501221776008606 0.567313313484192 0.634742140769958 0.697371602058411 0.717081546783447 0.762330114841461 0.780190169811249 0.779701232910156 0.777627885341644 0.80457329750061 0.808815658092499 0.791232407093048 0.800920188426971 0.801814317703247 0.804665267467499 0.776907622814178 0.696544051170349 0.312806218862534 0.275942742824554 0.213147163391113 0.200073331594467 0.193543657660484 -3.4e+38 0.240332081913948 0.283676892518997 0.265002489089966 0.217971295118332 0.181810051202774
-3.4e+38 -3.4e+38 -3.4e+38 -3.4e+38 -3.4e+38 -3.4e+38 -3.4e+38 -3.4e+38 -3.4e+38 -3.4e+38 -3.4e+38 -3.4e+38 -3.4e+38 -3.4e+38 -3.4e+38 -3.4e+38 0.29859858751297 0.355357855558395 0.430340796709061 0.471620053052902 0.530321419239044 0.603086411952972 0.688925743103027 0.718037605285645 0.749046385288239 0.75430154800415 0.736129462718964 0.763812661170959 0.787080049514771 0.82167249917984 0.80976939201355 0.79198956489563 0.804340064525604 0.809854507446289 0.799382507801056 0.725663661956787 0.480327010154724 0.344393312931061 0.287006974220276 0.294839799404144 0.230252236127853 0.23508283495903 0.27071824669838 0.297695875167847 0.289436757564545 0.267288208007812 0.212392404675484
-3.4e+38 -3.4e+38 -3.4e+38 -3.4e+38 -3.4e+38 -3.4e+38 -3.4e+38 -3.4e+38 -3.4e+38 -3.4e+38 -3.4e+38 -3.4e+38 -3.4e+38 -3.4e+38 -3.4e+38 -3.4e+38 -3.4e+38 0.31810063123703 0.36687359213829 0.471795916557312 0.56370997428894 0.623231172561646 0.684214890003204 0.719167709350586 0.752435386180878 0.75615668296814 0.789874851703644 0.76749050617218 0.789585590362549 0.805340170860291 0.800515651702881 0.821037828922272 0.812347173690796 0.791893839836121 0.740872859954834 0.667669594287872 0.516515851020813 0.334108382463455 0.35850515961647 0.311500608921051 0.264065474271774 0.227853283286095 0.280672997236252 0.249049171805382 0.304196625947952 0.275195121765137 0.258298754692078
-3.4e+38 -3.4e+38 -3.4e+38 -3.4e+38 -3.4e+38 -3.4e+38 -3.4e+38 -3.4e+38 -3.4e+38 -3.4e+38 -3.4e+38 -3.4e+38 -3.4e+38 -3.4e+38 -3.4e+38 -3.4e+38 -3.4e+38 -3.4e+38 0.364889055490494 0.418547183275223 0.499332219362259 0.580834865570068 0.667801439762115 0.726152956485748 0.751359164714813 0.74611097574234 0.77520740032196 0.797403812408447 0.805941045284271 0.819271981716156 0.816584944725037 0.824859797954559 0.816841006278992 0.795908629894257 0.758293509483337 0.520427405834198 0.351385772228241 0.374647557735443 0.31915271282196 0.288277745246887 0.27834078669548 0.269840925931931 0.235519960522652 0.244595050811768 0.246403470635414 0.306982845067978 0.262536823749542
-3.4e+38 -3.4e+38 -3.4e+38 -3.4e+38 -3.4e+38 -3.4e+38 -3.4e+38 -3.4e+38 -3.4e+38 -3.4e+38 -3.4e+38 -3.4e+38 -3.4e+38 -3.4e+38 -3.4e+38 -3.4e+38 -3.4e+38 -3.4e+38 0.302555918693542 0.356027096509933 0.446492820978165 0.547867059707642 0.637703895568848 0.716095626354218 0.745047569274902 0.777194917201996 0.799666225910187 0.796322643756866 0.797775566577911 0.797220647335052 0.799543261528015 0.816889643669128 0.798206269741058 0.697182595729828 0.512227296829224 0.446724742650986 0.431275457143784 0.52811735868454 0.340797185897827 0.276621609926224 0.286981999874115 0.227864801883698 0.260283023118973 0.213351041078568 0.256275862455368 0.298733204603195 0.25868284702301
-3.4e+38 -3.4e+38 -3.4e+38 -3.4e+38 -3.4e+38 -3.4e+38 -3.4e+38 -3.4e+38 -3.4e+38 -3.4e+38 -3.4e+38 -3.4e+38 -3.4e+38 -3.4e+38 -3.4e+38 -3.4e+38 -3.4e+38 -3.4e+38 0.294693619012833 0.344427704811096 0.419502884149551 0.505417287349701 0.599963009357452 0.670496821403503 0.727212190628052 0.751803398132324 0.76975691318512 0.7893226146698 0.807272970676422 0.802371323108673 0.784592032432556 0.732426345348358 0.665491461753845 0.588888227939606 0.441050559282303 0.394805133342743 0.338528543710709 0.316019088029861 0.341257244348526 0.284052610397339 0.283233016729355 0.273639708757401 0.229414373636246 0.219419658184052 0.226802349090576 0.286455541849136 0.233509659767151
-3.4e+38 -3.4e+38 -3.4e+38 -3.4e+38 -3.4e+38 -3.4e+38 -3.4e+38 -3.4e+38 -3.4e+38 -3.4e+38 -3.4e+38 -3.4e+38 -3.4e+38 -3.4e+38 -3.4e+38 -3.4e+38 -3.4e+38 -3.4e+38 -3.4e+38 0.346911668777466 0.414955228567123 0.479017317295074 0.550099074840546 0.627589404582977 0.720741808414459 0.768982231616974 0.776016294956207 0.780929446220398 0.793673574924469 0.782983124256134 0.755028009414673 0.650680899620056 0.597085535526276 0.477796465158463 0.422817766666412 0.351101011037827 0.305936098098755 0.273524552583694 0.294816017150879 0.25524765253067 0.264176547527313 0.213328897953033 0.208224236965179 0.182923585176468 0.219398960471153 0.233564466238022 0.197427362203598
-3.4e+38 -3.4e+38 -3.4e+38 -3.4e+38 -3.4e+38 -3.4e+38 -3.4e+38 -3.4e+38 -3.4e+38 -3.4e+38 -3.4e+38 -3.4e+38 -3.4e+38 -3.4e+38 -3.4e+38 -3.4e+38 -3.4e+38 -3.4e+38 -3.4e+38 0.34722888469696 0.382955968379974 0.453156560659409 0.532609343528748 0.603404223918915 0.672842085361481 0.732650518417358 0.763373255729675 0.757799208164215 0.729216277599335 0.678179681301117 0.687508046627045 0.584960401058197 0.537196278572083 0.459804832935333 0.410273790359497 0.297263085842133 0.23982709646225 0.217396214604378 0.219587445259094 0.232766568660736 0.236993208527565 0.205270618200302 0.19961541891098 0.217577964067459 0.180047824978828 0.19477191567421 0.166986301541328
-3.4e+38 -3.4e+38 -3.4e+38 -3.4e+38 -3.4e+38 -3.4e+38 -3.4e+38 -3.4e+38 -3.4e+38 -3.4e+38 -3.4e+38 -3.4e+38 -3.4e+38 -3.4e+38 -3.4e+38 -3.4e+38 -3.4e+38 -3.4e+38 -3.4e+38 -3.4e+38 0.360925614833832 0.404648274183273 0.482811957597733 0.549059092998505 0.63386082649231 0.701184809207916 0.730648696422577 0.722311317920685 0.668161690235138 0.603223204612732 0.557367861270905 0.556611061096191 0.521603345870972 0.394641637802124 0.285558968782425 0.239740490913391 0.226173415780067 0.204522579908371 0.179947182536125 0.18300424516201 0.211378678679466 0.22487311065197 0.171115890145302 0.147122755646706 0.18796880543232 0.163326278328896 0.126581341028214
-3.4e+38 -3.4e+38 -3.4e+38 -3.4e+38 -3.4e+38 -3.4e+38 -3.4e+38 -3.4e+38 -3.4e+38 -3.4e+38 -3.4e+38 -3.4e+38 -3.4e+38 -3.4e+38 -3.4e+38 -3.4e+38 -3.4e+38 -3.4e+38 -3.4e+38 -3.4e+38 0.325963646173477 0.369683235883713 0.442997187376022 0.534209370613098 0.574816644191742 0.608122408390045 0.640524983406067 0.640051782131195 0.621433079242706 0.557866096496582 0.524577558040619 0.526448607444763 0.513760805130005 0.424491494894028 0.266887336969376 0.218880951404572 0.186652943491936 0.193983569741249 0.170582547783852 0.175936654210091 0.19948174059391 0.214243069291115 0.217552945017815 0.212503090500832 0.17946982383728 0.137694716453552 0.128274396061897
-3.4e+38 -3.4e+38 -3.4e+38 -3.4e+38 -3.4e+38 -3.4e+38 -3.4e+38 -3.4e+38 -3.4e+38 -3.4e+38 -3.4e+38 -3.4e+38 -3.4e+38 -3.4e+38 -3.4e+38 -3.4e+38 -3.4e+38 -3.4e+38 -3.4e+38 -3.4e+38 0.305163323879242 0.315313220024109 0.383610039949417 0.453674674034119 0.50882762670517 0.563413500785828 0.583010196685791 0.572477281093597 0.553077876567841 0.51219254732132 0.46489480137825 0.465090245008469 0.546864986419678 0.534164726734161 0.393749803304672 0.215936988592148 0.181322261691093 0.182403892278671 0.165657117962837 0.196523383259773 0.21203076839447 0.218931555747986 0.230915725231171 0.238273650407791 0.174319460988045 0.212535336613655 0.232789754867554
-3.4e+38 -3.4e+38 -3.4e+38 -3.4e+38 -3.4e+38 -3.4e+38 -3.4e+38 -3.4e+38 -3.4e+38 -3.4e+38 -3.4e+38 -3.4e+38 -3.4e+38 -3.4e+38 -3.4e+38 -3.4e+38 -3.4e+38 -3.4e+38 -3.4e+38 -3.4e+38 0.250424861907959 0.279775768518448 0.372999846935272 0.399108022451401 0.459923535585403 0.512481689453125 0.517512321472168 0.518109321594238 0.50640994310379 0.489809393882751 0.448461562395096 0.459931999444962 0.614230275154114 0.566080749034882 0.307088017463684 0.175880700349808 0.172186523675919 0.17985512316227 0.2251096367836 0.206375986337662 0.190626531839371 0.232978165149689 0.26763328909874 0.232207387685776 0.242847457528114 0.30907067656517 0.377596199512482
-3.4e+38 -3.4e+38 -3.4e+38 -3.4e+38 -3.4e+38 -3.4e+38 -3.4e+38 -3.4e+38 -3.4e+38 -3.4e+38 -3.4e+38 -3.4e+38 -3.4e+38 -3.4e+38 -3.4e+38 -3.4e+38 -3.4e+38 -3.4e+38 -3.4e+38 -3.4e+38 -3.4e+38 0.261296331882477 0.297012180089951 0.360347509384155 0.435340642929077 0.485534846782684 0.490811586380005 0.520367622375488 0.521905481815338 0.544050395488739 0.509717404842377 0.401190787553787 0.498908996582031 0.406167358160019 0.199910461902618 0.179056838154793 0.205240443348885 0.21767769753933 0.253449767827988 0.232500299811363 0.219709321856499 0.243872597813606 0.2779680788517 0.251017838716507 0.28817343711853 0.463562160730362 0.528071761131287
-3.4e+38 -3.4e+38 -3.4e+38 -3.4e+38 -3.4e+38 -3.4e+38 -3.4e+38 -3.4e+38 -3.4e+38 -3.4e+38 -3.4e+38 -3.4e+38 -3.4e+38 -3.4e+38 -3.4e+38 -3.4e+38 -3.4e+38 -3.4e+38 -3.4e+38 -3.4e+38 -3.4e+38 0.229743897914886 0.273193597793579 0.344502002000809 0.422214090824127 0.463705033063889 0.485516250133514 0.507014334201813 0.495273590087891 0.508043587207794 0.546837389469147 0.448699772357941 0.328023344278336 0.241102620959282 0.197331219911575 0.196820273995399 0.173414826393127 0.209177225828171 0.34636202454567 0.467118412256241 0.465264678001404 0.373795568943024 0.358842790126801 0.340454429388046 0.379644453525543 0.429359763860703 0.615890145301819
-3.4e+38 -3.4e+38 -3.4e+38 -3.4e+38 -3.4e+38 -3.4e+38 -3.4e+38 -3.4e+38 -3.4e+38 -3.4e+38 -3.4e+38 -3.4e+38 -3.4e+38 -3.4e+38 -3.4e+38 -3.4e+38 -3.4e+38 -3.4e+38 -3.4e+38 -3.4e+38 -3.4e+38 0.235809430480003 0.26335009932518 0.325372040271759 0.388129025697708 0.449903190135956 0.454782843589783 0.462815135717392 0.515317738056183 0.533203482627869 0.595119714736938 0.59396892786026 0.391089856624603 0.33658492565155 0.247377812862396 0.167587116360664 0.202708914875984 0.229290172457695 0.426119953393936 0.543061673641205 0.567637324333191 0.658827722072601 0.606801927089691 0.628841817378998 0.435023844242096 0.467099756002426 0.611730396747589
-3.4e+38 -3.4e+38 -3.4e+38 -3.4e+38 -3.4e+38 -3.4e+38 -3.4e+38 -3.4e+38 -3.4e+38 -3.4e+38 -3.4e+38 -3.4e+38 -3.4e+38 -3.4e+38 -3.4e+38 -3.4e+38 -3.4e+38 -3.4e+38 -3.4e+38 -3.4e+38 -3.4e+38 -3.4e+38 0.256674706935883 0.337723255157471 0.385943442583084 0.447296679019928 0.45882186293602 0.46445432305336 0.504900693893433 0.544743955135345 0.550736427307129 0.501260221004486 0.45048925280571 0.334055423736572 0.225602895021439 0.189853459596634 0.215089321136475 0.222157701849937 0.324645131826401 0.431363254785538 0.460942357778549 0.572497725486755 0.610502958297729 0.60049694776535 0.522637903690338 0.696541428565979 0.739722013473511
-3.4e+38 -3.4e+38 -3.4e+38 -3.4e+38 -3.4e+38 -3.4e+38 -3.4e+38 -3.4e+38 -3.4e+38 -3.4e+38 -3.4e+38 -3.4e+38 -3.4e+38 -3.4e+38 -3.4e+38 -3.4e+38 -3.4e+38 -3.4e+38 -3.4e+38 -3.4e+38 -3.4e+38 -3.4e+38 0.277352303266525 -3.4e+38 0.385341823101044 0.471371024847031 0.525150775909424 0.517255127429962 0.521868884563446 0.541487574577332 0.592032372951508 0.55279666185379 0.540076553821564 0.334276109933853 0.412771821022034 0.260434836149216 0.212254732847214 0.205871358513832 0.247969821095467 0.322989910840988 0.340697228908539 0.416751056909561 0.446627765893936 0.472309738397598 0.493166953325272 0.535487532615662 0.502365350723267
-3.4e+38 -3.4e+38 -3.4e+38 -3.4e+38 -3.4e+38 -3.4e+38 -3.4e+38 -3.4e+38 -3.4e+38 -3.4e+38 -3.4e+38 -3.4e+38 -3.4e+38 -3.4e+38 -3.4e+38 -3.4e+38 -3.4e+38 -3.4e+38 -3.4e+38 -3.4e+38 -3.4e+38 -3.4e+38 0.26607471704483 0.335458725690842 0.396497547626495 0.465958029031754 0.518566370010376 0.546734273433685 0.590425431728363 0.615848481655121 0.651458978652954 0.619282364845276 0.659090399742126 0.530289232730865 0.380480974912643 0.251236319541931 0.185319527983665 0.185501590371132 0.232901841402054 0.410358458757401 0.48071876168251 0.507475554943085 0.602775752544403 0.568193376064301 0.548954367637634 0.60064709186554 0.517769753932953
-339999999999999996123846586046231871488.000000000000000 -3.4e+38 -3.4e+38 -3.4e+38 -3.4e+38 -3.4e+38 -3.4e+38 -3.4e+38 -3.4e+38 -3.4e+38 -3.4e+38 -3.4e+38 -3.4e+38 -3.4e+38 -3.4e+38 -3.4e+38 -3.4e+38 -3.4e+38 -3.4e+38 -3.4e+38 -3.4e+38 -3.4e+38 0.262324154376984 0.340351521968842 0.421789795160294 0.468079030513763 0.493367701768875 0.517391562461853 0.558517694473267 0.589601397514343 0.663575172424316 0.643806755542755 0.638473510742188 0.575892984867096 0.44947749376297 0.319010704755783 0.234825670719147 0.236593917012215 0.284208416938782 0.439800947904587 0.486703366041183 0.564817905426025 0.648132622241974 0.6841179728508 0.804346024990082 0.84565407037735 0.828055918216705
-3.4e+38 -3.4e+38 -3.4e+38 -3.4e+38 -3.4e+38 -3.4e+38 -3.4e+38 -3.4e+38 -3.4e+38 -3.4e+38 -3.4e+38 -3.4e+38 -3.4e+38 -3.4e+38 -3.4e+38 -3.4e+38 -3.4e+38 -3.4e+38 -3.4e+38 -3.4e+38 -3.4e+38 -3.4e+38 0.251812756061554 0.331768721342087 0.409911006689072 0.451562106609344 0.490542858839035 0.531302809715271 0.554470300674438 0.564615070819855 0.609653294086456 0.607015371322632 0.63383960723877 0.620671093463898 0.567773759365082 0.254172086715698 0.27397695183754 0.34267583489418 0.388415783643723 0.489020258188248 0.615729331970215 0.666765451431274 0.754618525505066 0.774408876895905 0.836965501308441 0.869589447975159 0.827257573604584
-3.4e+38 -3.4e+38 -3.4e+38 -3.4e+38 -3.4e+38 -3.4e+38 -3.4e+38 -3.4e+38 -3.4e+38 -3.4e+38 -3.4e+38 -3.4e+38 -3.4e+38 -3.4e+38 -3.4e+38 -3.4e+38 -3.4e+38 -3.4e+38 -3.4e+38 -3.4e+38 -3.4e+38 -3.4e+38 0.274801760911942 0.303320735692978 0.365874052047729 0.428734332323074 0.453334510326385 0.495533645153046 0.543127298355103 0.593515932559967 0.602173984050751 0.637690782546997 0.593491554260254 0.473798334598541 0.409182190895081 0.318856775760651 0.27377650141716 0.468980342149734 0.48350116610527 0.600588262081146 0.642255246639252 0.700100362300873 0.81171703338623 0.828048229217529 0.890385329723358 0.846962571144104 0.723008990287781
