data/climate_estimation/maxent_output/Erythronium_grandiflorum.asc
NCOLS 310 
NROWS 266 
XLLCORNER -130.583333333333 
YLLCORNER 36.8333333333333 
CELLSIZE 0.0833333333333333 
NODATA_value -3.4e+38 
[rows 21 to 41 of 266, columns 235 to 281 of 310]
0.000152000357047655 0.000168839644175023 0.000158200899022631 0.000156403999426402 0.00016171095194295 0.000160661889822222 0.000148786813952029 0.000137454975629225 0.000117096809844952 0.000122478595585562 0.000128546394989826 0.000142144912388176 0.000150882653542794 0.000144162811920978 0.000137742230435833 0.000133884634124115 0.000131960288854316 0.000135440845042467 0.000110359644168057 0.000101616788015235 9.80331678874791e-05 9.91635752143338e-05 9.61399055086076e-05 9.82052879408002e-05 9.93459834717214e-05 9.32923212531023e-05 8.2180202298332e-05 8.34078891784884e-05 7.62774579925463e-05 7.82946735853329e-05 7.55255314288661e-05 7.58972964831628e-05 6.88678264850751e-05 6.53802489978261e-05 5.85858470003586e-05 6.03778607910499e-05 5.46321243746206e-05 5.44558824913111e-05 5.41870831511915e-05 6.14406671957113e-05 6.03391490585636e-05 5.40615401405375e-05 5.08904340676963e-05 4.93189072585665e-05 4.99759225931484e-05 4.61238087154925e-05 4.79973568872083e-05
0.000163835909916088 0.000182067000423558 0.000170679835719056 0.000176789006218314 0.000178375659743324 0.000184513817657717 0.000152268665260635 0.000142011151183397 0.000145726924529299 0.000128408879390918 0.000157337635755539 0.000161925301654264 0.000148689898196608 0.000145789817906916 0.000136698639835231 0.000135267211589962 0.000137274037115276 0.00013135680637788 0.000118881041998975 0.000107682099041995 0.000101446850749198 0.000102479920315091 9.99719122773968e-05 9.64502760325558e-05 9.03114705579355e-05 9.10457456484437e-05 8.63998429849744e-05 8.42228109831922e-05 8.16509564174339e-05 8.1421880167909e-05 7.95792948338203e-05 7.40314862923697e-05 7.21143806003965e-05 6.8159744841978e-05 6.28263223916292e-05 6.29298447165638e-05 6.09691742283758e-05 5.89989394939039e-05 5.85346497246064e-05 6.40672005829401e-05 5.79660591029096e-05 5.66428498132154e-05 5.42722627869807e-05 5.29858298250474e-05 5.3236693929648e-05 5.39458997081965e-05 4.71182538603898e-05
0.000160996642080136 0.000171579289599322 0.000181147202965803 0.00018644382362254 0.000193250976735726 0.000188850914128125 0.000196245993720368 0.000163652628543787 0.000162353637279011 0.000162506577908061 0.000158495342475362 0.000155158631969243 0.000158454349730164 0.000157307789777406 0.000150643812958151 0.00014737322635483 0.00014228634245228 0.000133829118567519 0.000111777801066637 0.000111876594019122 0.000107677602500189 0.000108060092316009 0.000104224214737769 9.57451775320806e-05 9.04067273950204e-05 9.12105606403202e-05 9.24422638490796e-05 8.78736027516425e-05 8.64485482452437e-05 8.38603227748536e-05 8.38603227748536e-05 7.72127386881039e-05 7.33858032617718e-05 7.38687376724556e-05 6.51924638077617e-05 6.41290680505335e-05 6.11860086792149e-05 6.1562801420223e-05 5.5385818996001e-05 6.90763263264671e-05 5.97906982875429e-05 5.95937817706726e-05 5.42142806807533e-05 5.5392778449459e-05 5.49233627680223e-05 5.45158654858824e-05 5.06436808791477e-05
0.000164499157108366 0.000178176065674052 0.000185165699804202 0.000186218763701618 0.000193050771486014 0.000197489687707275 0.000183111187652685 0.000165998033480719 0.000166512210853398 0.00017317061428912 0.000172220636159182 0.000163037839229219 0.000160405514179729 0.000161456002388149 0.000154502864461392 0.000152617183630355 0.000145325408084318 0.000139061143272556 0.000138054907438345 0.000117813615361229 0.000110792723717168 0.000106795683677774 0.000102084530226421 0.000101585537777282 9.56223520915955e-05 8.51567165227607e-05 9.09572845557705e-05 9.13363837753423e-05 9.13363837753423e-05 8.11751160654239e-05 7.77090899646282e-05 7.59298927732743e-05 7.1552989538759e-05 6.8819965235889e-05 6.93882029736415e-05 6.70326626277529e-05 6.54442119412124e-05 5.9736252296716e-05 7.09911255398765e-05 6.25163811491802e-05 6.41089500277303e-05 6.38464043731801e-05 5.8327608712716e-05 5.69923176954035e-05 5.76560996705666e-05 5.75130106881261e-05 5.32104131707456e-05
0.000178833870450035 0.000196343229617923 0.000196994005818851 0.000175600536749698 0.00017807274707593 0.000174155167769641 0.000164728582603857 0.00017060675600078 0.00017114105867222 0.000173950684256852 0.000184106349479407 0.000156231326400302 0.000156217662151903 0.000168866536114365 0.000151174011989497 0.000150901003507897 0.000157558286446147 0.000150030449731275 0.000147601953358389 0.000133061388623901 0.000120761826110538 0.000111367538920604 0.000103875645436347 0.000103875645436347 9.72055859165266e-05 9.88084866548888e-05 9.51618130784482e-05 9.14929405553266e-05 8.9078355813399e-05 8.01051064627245e-05 7.60328912292607e-05 7.60077309678309e-05 7.63892021495849e-05 7.22677796147764e-05 7.22677796147764e-05 6.56905249343254e-05 6.62042002659291e-05 6.36490367469378e-05 7.18369265086949e-05 7.18369265086949e-05 6.62361053400673e-05 6.12447474850342e-05 6.16874021943659e-05 5.88464172324166e-05 5.85551060794387e-05 5.75226586079225e-05 5.42303641850594e-05
0.00021105982887093 0.000203246250748634 0.000183045791345648 0.00017141317948699 0.000168050115462393 0.000162891679792665 0.000162346332217567 0.000174155167769641 0.000181542796781287 0.000176272500539199 0.000174250104464591 0.000175667315488681 0.000164791446877643 0.000163702425197698 0.000159718954819255 0.000165733727044426 0.000147279584780335 0.000125981357996352 0.000126873899716884 0.000121177574328613 0.000105609200545587 0.000106342296930961 0.000116491282824427 0.000101883066236041 9.71515255514532e-05 9.84896178124472e-05 9.24879350350238e-05 8.37915140436962e-05 8.90965238795616e-05 8.39800559333526e-05 7.93185463408008e-05 7.94491061242297e-05 7.69188263802789e-05 7.61038172640838e-05 7.11125103407539e-05 6.84322003507987e-05 7.89288533269428e-05 7.4695170042105e-05 7.75747030274943e-05 7.09381201886572e-05 7.09627129253931e-05 6.62994862068444e-05 6.63528335280716e-05 5.98448132222984e-05 6.26492619630881e-05 6.32741721346974e-05 6.81788806105033e-05
0.000224138057092205 0.000197737972484902 0.000180520481080748 0.000183799900696613 0.000184895674465224 0.000178008471266367 0.000176646717591211 0.00015838912804611 0.000177183581399731 0.000156503185280599 0.000155056302901357 0.000150901032611728 0.000165643636137247 0.000143936660606414 0.000140395946800709 0.000136991555336863 0.000130472064483911 0.000123594552860595 0.000129938358440995 0.000135798007249832 0.000116439136036206 0.000108872489363421 0.000107590822153725 0.000112258589069825 9.9797012808267e-05 9.87777893897146e-05 9.81320117716677e-05 9.82179990387522e-05 9.21851096791215e-05 9.01504245121032e-05 9.09722002688795e-05 8.02634749561548e-05 7.99792687757872e-05 7.94548541307449e-05 7.28919694665819e-05 7.96960302977823e-05 8.05830204626545e-05 8.0661237007007e-05 7.89811529102735e-05 7.66773518989794e-05 7.17947768862359e-05 6.87809661030769e-05 6.4848325564526e-05 6.54951727483422e-05 6.52788439765573e-05 6.56036063446663e-05 6.77615607855842e-05
0.000190279097296298 0.000203777191927657 0.000216965767322108 0.000231697034905665 0.000216520580579527 0.00020573592337314 0.000195638567674905 0.000193820655113086 0.000196019871509634 0.000185341094038449 0.000184089760296047 0.000175918859895319 0.000172168642166071 0.000172601765370928 0.000173550215549767 0.000167398888152093 0.000164252909598872 0.000159625706146471 0.000154335546540096 0.000143707802635618 0.000132235421915539 0.00013906808453612 0.000114125810796395 0.000108122963865753 0.00011302196799079 0.000111359702714253 0.000104198632470798 9.7330725111533e-05 9.16474818950519e-05 8.8828026491683e-05 8.36219332995825e-05 8.44233072712086e-05 8.60837535583414e-05 8.59423016663641e-05 7.59341928642243e-05 7.80307600507513e-05 7.50625113141723e-05 8.3622828242369e-05 7.62811323511414e-05 7.47912126826122e-05 7.04199192114174e-05 7.10956446710043e-05 7.1591064624954e-05 6.95526614435948e-05 6.67368003632873e-05 7.91747806943022e-05 7.27475708117709e-05
0.000256411207374185 0.000248940283199772 0.000219280482269824 0.000223890980123542 0.000241524234297685 0.000215855499845929 0.000201494069187902 0.00021380560065154 0.000210464844712988 0.000199765607248992 0.000202696421183646 0.000192008737940341 0.000180795614141971 0.000176497342181392 0.000186095829121768 0.000149289437104017 0.000142524178954773 0.000134613263071515 0.000136800430482253 0.000129207197460346 0.00013999649672769 0.000125299033243209 0.00014644734619651 0.000127348655951209 0.000111863409983926 0.000109829670691397 0.000101739897218067 9.35049174586311e-05 9.48992092162371e-05 9.25143103813753e-05 8.83908505784348e-05 8.80779116414487e-05 8.76444246387109e-05 8.44294263515621e-05 7.50968101783656e-05 7.82581701059826e-05 7.81953276600689e-05 8.5429914179258e-05 8.51493823574856e-05 7.5694355473388e-05 7.26949365343899e-05 7.38783128326759e-05 7.21307951607741e-05 7.40259129088372e-05 6.788953760406e-05 7.05222846590914e-05 8.47322808112949e-05
0.000289497023914009 0.000277659273706377 0.000251295161433518 0.000232502628932707 0.000234654362429865 0.0002281783381477 0.000214051760849543 0.000214404426515102 0.000213317645830102 0.00021376134827733 0.000198345893295482 0.000210032143513672 0.00020158760889899 0.000190439299331047 0.000185768702067435 0.000163758100825362 0.000146372156450525 0.000148438644828275 0.000139051364385523 0.000136845366796479 0.000133846042444929 0.000128259605844505 0.000143605240737088 0.000137260096380487 0.000121612945804372 0.00011480224202387 0.000105996950878762 9.99818294076249e-05 9.96206872514449e-05 9.65559593169019e-05 9.16776771191508e-05 9.28258305066265e-05 8.88344584382139e-05 8.69948271429166e-05 8.69948271429166e-05 7.87848475738429e-05 7.9926619946491e-05 8.88583308551461e-05 8.76679332577623e-05 7.96323947724886e-05 7.75937878643163e-05 7.50174149288796e-05 7.5141251727473e-05 7.54156717448495e-05 7.5141251727473e-05 7.18000956112519e-05 8.33878511912189e-05
0.000290456024231389 0.000289558578515425 0.000276324426522478 0.00025664025451988 0.000232885693549179 0.000221885260543786 0.000219234891119413 0.000217507855268195 0.000223721915972419 0.000223279348574579 0.000214204890653491 0.000213948034797795 0.000190712249604985 0.00020129895710852 0.000197007844690233 0.00018733881006483 0.000180587492650375 0.000152446285937913 0.000151197891682386 0.000146981154102832 0.000144774166983552 0.000143070035846904 0.000128353436593898 0.000149384068208747 0.000125036385725252 0.000117902032798156 0.000116039947897661 0.000109038126538508 0.000103278209280688 9.96083035715856e-05 9.50122848735191e-05 9.6112402388826e-05 9.04859552974813e-05 8.90099981916137e-05 8.83211323525757e-05 8.0523663200438e-05 8.15333041828126e-05 8.96150959306397e-05 9.01424282346852e-05 8.16361571196467e-05 8.04665687610395e-05 7.89835830801167e-05 7.51755142118782e-05 7.94755542301573e-05 7.88228135206737e-05 8.8288499682676e-05 8.91991294338368e-05
0.000315904064336792 0.000314008619170636 0.000289977760985494 0.000256632745731622 0.000246235431404784 0.00024734454927966 0.000226429081521928 0.00023085399880074 0.000237744010519236 0.000240625871811062 0.000221042660996318 0.000211877209949307 0.000203601113753393 0.000204204276087694 0.000187844561878592 0.000185854732990265 0.000189936006790958 0.000163353906827979 0.00015172129496932 0.000146304795634933 0.00014606534386985 0.000140597549034283 0.000146335834870115 0.000124612444778904 0.000131187363876961 0.000115876719064545 0.000116206560051069 0.000116752824396826 0.000110577391751576 0.000106123254226986 0.000104056976852007 9.84681755653583e-05 8.8109023636207e-05 8.59558713273145e-05 8.97449426702224e-05 8.29214550321922e-05 8.37518164189532e-05 8.17051331978291e-05 9.04990592971444e-05 8.99056758498773e-05 8.46915136207826e-05 8.04018345661461e-05 8.06729585747235e-05 8.21125577203929e-05 8.25198731035925e-05 9.05234264791943e-05 9.17201905394904e-05
0.000413169880630448 0.000381983263650909 0.000324220949551091 0.000305210996884853 0.000266451039351523 0.000263480644207448 0.000253128353506327 0.000240498746279627 0.000258109794231132 0.000245590461418033 0.000239126398810185 0.000230329722398892 0.000223529976210557 0.000218723827856593 0.000207841541850939 0.000199066358618438 0.000192551393411122 0.000193710293387994 0.00018096889834851 0.00015701400116086 0.000154649213072844 0.000142975739436224 0.00014571139763575 0.000141414828249253 0.000133126901346259 0.000132864428451285 0.000127479841466993 0.000123605233966373 0.000115545626613311 0.000102901438367553 0.000102091682492755 9.70028413576074e-05 9.28522058529779e-05 9.16350618354045e-05 9.06145432963967e-05 9.33089104364626e-05 9.89818363450468e-05 8.78247956279665e-05 9.0492503659334e-05 9.08270885702223e-05 8.81017549545504e-05 8.1641432188917e-05 8.57495833770372e-05 8.54671743582003e-05 8.70319927344099e-05 9.26623615669087e-05 9.20547972782515e-05
0.000440452975453809 0.000352068222127855 0.000332447787513956 0.000321933563100174 0.000282897584838793 0.000278500869171694 0.000273363199084997 0.000254209007835016 0.0002517904213164 0.000243500078795478 0.000237826883676462 0.000241276109591126 0.000236043881159276 0.00021958036813885 0.000209563644602895 0.000209563644602895 0.000210337311727926 0.000202955605345778 0.000204486117581837 0.000159184259246103 0.000156568028614856 0.000158700437168591 0.000145873083965853 0.000140875141369179 0.000137335111503489 0.000120513373985887 0.000131559863802977 0.000120633099868428 0.000120434873679187 0.000107765146822203 0.000111160909000318 0.000106858860817738 9.01770836208016e-05 9.18281293706968e-05 9.19378435355611e-05 0.000105282473668922 0.000107835177914239 9.62086051004007e-05 0.000100829267466906 9.16004792088643e-05 9.42044134717435e-05 8.72491364134476e-05 8.99918450159021e-05 8.76479898579419e-05 9.71376794041134e-05 9.42230471991934e-05 9.60327888606116e-05
0.000438427174231037 0.000349260633811355 0.000336225086357445 0.000288935349090025 0.000281755026662722 0.000288934883428738 0.000249527889536694 0.000268566625891253 0.000289391493424773 0.000276191014563665 0.000254815473454073 0.000285694957710803 0.000263023510342464 0.000241851012106054 0.000225648458581418 0.000217674707528204 0.000223586612264626 0.000216042113606818 0.000204153984668665 0.000210329206311144 0.000184128017281182 0.000164649536600336 0.000160399358719587 0.000147495113196783 0.000135900845634751 0.000126015060232021 0.000124511934700422 0.000116317394713406 0.000115645671030506 0.000113379261165392 0.000111660025140736 0.000107246181869414 9.80568802333437e-05 9.80568802333437e-05 9.60099860094488e-05 0.000109687745862175 0.000109926106233615 0.000106004968984053 0.000103811573353596 8.88157956069335e-05 9.57909651333466e-05 8.85635236045346e-05 8.52962475619279e-05 9.24357300391421e-05 8.6863808974158e-05 9.34821291593835e-05 9.45645224419422e-05
0.000429683510446921 0.000384400802431628 0.000365198007784784 0.000311901094391942 0.000308053102344275 0.00029636878753081 0.000293753342702985 0.000286141672404483 0.000277279759757221 0.00027211572160013 0.000271122873527929 0.000310064468067139 0.000302400614600629 0.000246473355218768 0.000235306899412535 0.00023035095364321 0.000278590945526958 0.000251821271376684 0.000250671117100865 0.000252631434705108 0.000243693575612269 0.000181198643986136 0.000154515713802539 0.000146870661410503 0.000143216617288999 0.000133237495901994 0.000132301240228117 0.000125750244478695 0.000119427866593469 0.000114551323349588 0.000114674869109876 0.000112064750283025 0.000102142432297114 0.000103712933196221 0.000100406665296759 0.00010453125287313 0.000112515328510199 0.000105355968116783 0.000111455265141558 9.93202411336824e-05 8.8417567894794e-05 8.74725665198639e-05 9.44641724345274e-05 8.66504487930797e-05 8.45329341245815e-05 8.4144834545441e-05 8.90801238710992e-05
0.000428190745878965 0.000387580919777974 0.000324757711496204 0.000321843690471724 0.000308536662487313 0.000303495558910072 0.00030201903427951 0.000346667453413829 0.000350512505974621 0.000329046626575291 0.000265424547251314 0.000307617243379354 0.00029713474214077 0.000293585064355284 0.000246210373006761 0.000256368570262566 0.000232474223594181 0.000272335455520079 0.000257195468293503 0.000249723845627159 0.000202912022359669 0.000199059679289348 0.00015692318265792 0.000159116621944122 0.000147724553244188 0.00014820670185145 0.000139883937663399 0.000130782544147223 0.000123594101751223 0.000120615615742281 0.000112357498437632 0.000119002375868149 0.000110565284558106 0.000110514949483331 0.000105515100585762 0.00011985951277893 0.000117193041660357 0.000107559964817483 0.000111300607386511 0.000105364742921665 0.000104721395473462 9.54303395701572e-05 9.40241807256825e-05 9.78155876509845e-05 8.95255070645362e-05 9.42155093071051e-05 9.60619654506445e-05
0.000403498823288828 0.000403498823288828 0.000430464104283601 0.00042762269731611 0.000381678430130705 0.00040128719410859 0.000398074102122337 0.000358728982973844 0.000365410669473931 0.000355353695340455 0.00036786709097214 0.000343342602718621 0.000333135685650632 0.000320849998388439 0.000281994696706533 0.000263941241428256 0.000262200715951622 0.000244798837229609 0.000231586367590353 0.000226902906433679 0.000219427514821291 0.000209002144401893 0.000177607638761401 0.000158318332978524 0.000153419983689673 0.000154902154463343 0.000146989506902173 0.000139193492941558 0.000131925466121174 0.000122837227536365 0.000116509399958886 0.000115743263449986 0.00011865056148963 0.00011918483505724 0.000122288634884171 0.000124316371511668 0.000121287193906028 0.000119402204290964 0.000110607106762473 0.000112477981019765 0.000101821897260379 0.000102025325759314 0.000100401892268565 9.97762326733209e-05 9.73821079242043e-05 9.29079833440483e-05 9.33688424993306e-05
0.000468399957753718 0.000520223344210535 0.000457285059383139 0.000425123027525842 0.000418177456595004 0.000409580883570015 0.000386833620723337 0.00038367384695448 0.00038113392656669 0.000381484627723694 0.000373052345821634 0.000353300478309393 0.000352993054548278 0.000348200701409951 0.000315569282975048 0.000315906014293432 0.000319259503157809 0.000266859860857949 0.000243854316067882 0.000248346739681438 0.000222874063183554 0.000204502561246045 0.000178403177415021 0.000173642722074874 0.000161759642651305 0.000153710745507851 0.000153875836986117 0.000150867839693092 0.000140409916639328 0.000132143235532567 0.00012717503705062 0.000125244187074713 0.000124625992611982 0.000135121750645339 0.000129363688756712 0.000130003492813557 0.000121421900985297 0.000123678924865089 0.000120269040053245 0.000112751091364771 0.000109125561721157 0.000119661679491401 0.000118004332762212 0.000117370298539754 0.00011269366950728 0.000114977396151517 0.000118700008897576
0.000481544731883332 0.000491413928102702 0.000469151971628889 0.000442348420619965 0.0004531808081083 0.000428361498052254 0.000420608383137733 0.000437752343714237 0.000489988247863948 0.000421747914515436 0.000387238716939464 0.000395309383748099 0.000358222052454948 0.000359794124960899 0.000343292427714914 0.000357190379872918 0.000329334958223626 0.000328344787703827 0.000313953001750633 0.000247292045969516 0.000257449777564034 0.000244986440520734 0.000219189183553681 0.000184709162567742 0.000180078073753975 0.000167992155184038 0.000154950233991258 0.000151032989379019 0.000140813019243069 0.000141815908136778 0.000138973497087136 0.000133686771732755 0.000119229531264864 0.00012349768076092 0.000116140538011678 0.00012775654613506 0.000133118606754579 0.00012474087998271 0.000120704724395182 0.000117908930405974 0.000113022841105703 0.00012514487025328 0.000123916091979481 0.000122497760457918 0.000128481522551738 0.00012215091555845 0.00012215091555845
0.000544127193279564 0.000506940472405404 0.000520900532137603 0.000553088029846549 0.000511175370775163 0.000468483136501163 0.000483089650515467 0.000470869592390954 0.000510901969391853 0.000502513023093343 0.000430950836744159 0.000417961709899828 0.000391804351238534 0.000395076727727428 0.000375932140741497 0.000372635928215459 0.000356809672666714 0.000346128101227805 0.000322071748087183 0.000286314025288448 0.000261182925896719 0.000238651715335436 0.000222449452849105 0.000225793832214549 0.000211451857467182 0.000183609576197341 0.000173907421412878 0.000158537382958457 0.000146845326526091 0.0001476991456002 0.00013714779925067 0.000133822264615446 0.000137975745019503 0.000123036297736689 0.000126340732094832 0.000119338059448637 0.000115649556391872 0.00013104360550642 0.00010854568972718 0.000120997749036178 0.000118572963401675 0.000119895536045078 0.000132499393657781 0.000129798063426279 0.000124272977700457 0.000147436090628617 0.000138854797114618
