data/climate_estimation/maxent_output/Erythronium_rostratum.asc
NCOLS 159 
NROWS 106 
XLLCORNER -96.1666666666667 
YLLCORNER 30.3333333333333 
CELLSIZE 0.0833333333333333 
NODATA_value -3.4e+38 
[rows 60 to 79 of 106, columns 0 to 43 of 159]
0.623961448669434 0.673731982707977 0.650875449180603 0.697378695011139 0.757797241210938 0.813371121883392 0.810170829296112 0.872791051864624 0.885299444198608 0.887340426445007 0.894245326519012 0.890284061431885 0.936654210090637 0.927812337875366 0.944435596466064 0.943962633609772 0.926802098751068 0.913934051990509 0.902759552001953 0.892506897449493 0.895688533782959 0.938894689083099 0.92624819278717 0.958861827850342 0.946479678153992 0.896660566329956 0.875535011291504 0.898450970649719 0.894127786159515 0.858376860618591 0.851908028125763 0.847724497318268 0.862120032310486 0.844042956829071 0.831289649009705 0.826631247997284 0.810681998729706 0.847597301006317 0.79651266336441 0.699229061603546 0.674043357372284 0.613035619258881 0.607544958591461 0.649978876113892
0.663365185260773 0.633575916290283 0.692823231220245 0.689779043197632 0.749636232852936 0.815973997116089 0.847454905509949 0.896067440509796 0.907032370567322 0.909380793571472 0.918307423591614 0.914318084716797 0.916742742061615 0.918961346149445 0.941312909126282 0.936835587024689 0.935251355171204 0.93281763792038 0.930234313011169 0.951968312263489 0.954918146133423 0.953503012657166 0.93630850315094 0.955850780010223 0.901242196559906 0.884574472904205 0.887452006340027 0.852344930171967 0.829737603664398 0.850544393062592 0.826763391494751 0.826982796192169 0.824313402175903 0.827500283718109 0.808386027812958 0.817396759986877 0.777904093265533 0.782875001430511 0.758104622364044 0.71326208114624 0.629123687744141 0.609674215316772 0.633616745471954 0.581621587276459
0.669853091239929 0.666248142719269 0.703701257705688 0.766939759254456 0.810029029846191 0.814457833766937 0.8719282746315 0.902125298976898 0.892389118671417 0.899966657161713 0.90160071849823 0.90917694568634 0.895337402820587 0.928628087043762 0.91476845741272 0.913146615028381 0.944116294384003 0.944097816944122 0.939886450767517 0.939735233783722 0.944186627864838 0.933509767055511 0.875779449939728 0.86826229095459 0.867695152759552 0.895454287528992 0.857973992824554 0.815196216106415 0.809654593467712 0.796667098999023 0.76591694355011 0.75998592376709 0.762866973876953 0.751605987548828 0.737996518611908 0.760978937149048 0.755743741989136 0.751415133476257 0.751293540000916 0.676519393920898 0.594600141048431 0.606703639030457 0.521377265453339 0.520290374755859
0.680551409721375 0.683539569377899 0.727611184120178 0.720328330993652 0.780125498771667 0.82503205537796 0.876368939876556 0.861483335494995 0.909465789794922 0.899827480316162 0.893156588077545 0.88146585226059 0.913267016410828 0.900257587432861 0.925977170467377 0.919057786464691 0.909337401390076 0.918582260608673 0.944995403289795 0.946386516094208 0.878372073173523 0.873835504055023 0.903105139732361 0.876335859298706 0.883439779281616 0.863575637340546 0.809554934501648 0.793849527835846 0.718786180019379 0.717898786067963 0.708115637302399 0.640579581260681 0.652566194534302 0.688346564769745 0.705755114555359 0.693008422851562 0.662447154521942 0.667601466178894 0.665426790714264 0.655042827129364 0.592769265174866 0.509401082992554 0.47907480597496 0.442181915044785
0.695363521575928 0.677614510059357 0.738651692867279 0.788097620010376 0.791642129421234 0.831049561500549 0.875957250595093 0.911684930324554 0.903364658355713 0.882472693920135 0.907164335250854 0.884184300899506 0.866181612014771 0.864247024059296 0.895418524742126 0.89547872543335 0.933688998222351 0.924623489379883 0.922901511192322 0.841910421848297 0.869137108325958 0.867791712284088 0.867122888565063 0.883611857891083 0.863642930984497 0.797657907009125 0.772299408912659 0.684457063674927 0.674438118934631 0.611704528331757 0.6091628074646 0.557208180427551 0.577687680721283 0.606186807155609 0.597670912742615 0.605347990989685 0.602914750576019 0.589649975299835 0.577412188053131 0.560682594776154 0.505920946598053 0.465247690677643 0.430340528488159 0.46401634812355
0.687249958515167 0.729780495166779 0.727605402469635 0.780084848403931 0.778022110462189 0.830747842788696 0.890764713287354 0.886222124099731 0.897245526313782 0.874325156211853 0.876002073287964 0.86036878824234 0.889473676681519 0.873260200023651 0.877274632453918 0.90588653087616 0.907906651496887 0.878526866436005 0.872354090213776 0.861928820610046 0.892972469329834 0.874960720539093 0.861634254455566 0.849759638309479 0.784503519535065 0.759925007820129 0.681206881999969 0.648019254207611 0.585790872573853 0.589789807796478 0.586088359355927 0.520527362823486 0.49249267578125 0.519096851348877 0.511408865451813 0.545819044113159 0.550083875656128 0.542994558811188 0.524680256843567 0.473105311393738 0.458422750234604 0.377157092094421 0.406319886445999 0.44022473692894
0.702482581138611 0.679157614707947 0.732662618160248 0.715662598609924 0.778744101524353 0.824786603450775 0.882370829582214 0.914633214473724 0.880889713764191 0.895431637763977 0.871122360229492 0.895631730556488 0.872316300868988 0.889424800872803 0.884182512760162 0.840255260467529 0.841245234012604 0.888540148735046 0.886946260929108 0.874128043651581 0.859421014785767 0.861586630344391 0.835703551769257 0.806968033313751 0.740720629692078 0.717452645301819 0.634810507297516 0.547883629798889 0.538002729415894 0.467548310756683 0.458309501409531 0.402763903141022 0.415421009063721 0.398975312709808 0.400203287601471 0.411444485187531 0.454012095928192 0.406122416257858 0.394452959299088 0.391035050153732 0.388786554336548 0.384428918361664 0.418919235467911 0.4314044713974
0.672617733478546 0.665139496326447 0.706544876098633 0.768382608890533 0.775667130947113 0.831012010574341 0.86260598897934 0.894786894321442 0.874638020992279 0.888955533504486 0.869916915893555 0.883629262447357 0.906720578670502 0.878575623035431 0.814595878124237 0.811433732509613 0.843866288661957 0.83433610200882 0.847625553607941 0.83137583732605 0.802814245223999 0.789952218532562 0.699799358844757 0.737261116504669 0.627276837825775 0.597075283527374 0.560650765895844 0.490675538778305 0.471528112888336 0.428887039422989 0.41110435128212 0.360822319984436 0.34848153591156 0.349347561597824 0.346483916044235 0.343650609254837 0.353756576776505 0.359437704086304 0.368295460939407 0.359144657850266 0.361597955226898 0.386223435401917 0.352358043193817 0.398560076951981
0.644826352596283 0.654884278774261 0.719910025596619 0.774606287479401 0.817592322826385 0.816769659519196 0.861216723918915 0.889834105968475 0.863426566123962 0.885758638381958 0.889518678188324 0.844131588935852 0.773408353328705 0.755062699317932 0.766067028045654 0.806827425956726 0.789555132389069 0.801422715187073 0.778869092464447 0.747688591480255 0.726714730262756 0.632561802864075 0.605731666088104 0.562590479850769 0.502261102199554 0.511716663837433 0.495821744203568 0.434640675783157 0.373627036809921 0.366270869970322 0.319942533969879 0.316577017307281 0.302152097225189 0.315856277942657 0.310675054788589 0.301053881645203 0.31147512793541 0.296255022287369 0.294930398464203 0.299574434757233 0.314458936452866 0.334503144025803 0.35896709561348 0.39875340461731
0.672242224216461 0.715362131595612 0.717636525630951 0.780929744243622 0.811865031719208 0.864507734775543 0.84982031583786 0.874491751194 0.900197625160217 0.88877934217453 0.757494270801544 0.686397075653076 0.723093152046204 0.76678866147995 0.725337743759155 0.751256227493286 0.752217233181 0.716598689556122 0.704621434211731 0.660357892513275 0.563335478305817 0.518661439418793 0.502277910709381 0.444150328636169 0.427872747182846 0.387634485960007 0.375857621431351 0.327331006526947 0.33464190363884 0.274914056062698 0.27215501666069 0.2763592004776 0.300402104854584 0.304180949926376 0.303853929042816 0.242827475070953 0.244789600372314 0.274792820215225 0.281512051820755 0.318427622318268 0.321706354618073 0.324432730674744 0.332677334547043 0.376065313816071
0.713930666446686 0.724855840206146 0.72294545173645 0.786205232143402 0.820308148860931 0.855632662773132 0.868006408214569 0.771914064884186 0.797528505325317 0.782067537307739 0.714830636978149 0.72855681180954 0.716393887996674 0.739470660686493 0.712770164012909 0.725674867630005 0.715805947780609 0.663454532623291 0.641359150409698 0.593042075634003 0.547935307025909 0.460088163614273 0.413885354995728 0.388268738985062 0.363863945007324 0.358800709247589 0.285871982574463 0.272881627082825 0.248847752809525 0.251071393489838 0.212308451533318 0.216677606105804 0.24057449400425 0.239430755376816 0.235745266079903 0.226113632321358 0.23264542222023 0.25855341553688 0.289472192525864 0.351326614618301 0.361195355653763 0.36529952287674 0.338698089122772 0.348483949899673
0.776837766170502 0.772925794124603 0.765663802623749 0.81737095117569 0.790865361690521 0.732261478900909 0.777915894985199 0.751719653606415 0.759941339492798 0.705776929855347 0.697791278362274 0.707711756229401 0.6732577085495 0.728374123573303 0.707198083400726 0.715311586856842 0.662545323371887 0.614706456661224 0.574897825717926 0.517632484436035 0.500169515609741 0.485565334558487 0.424027800559998 0.388958692550659 0.321963489055634 0.291256785392761 0.268658041954041 0.236604079604149 0.208619192242622 0.221973240375519 0.186704412102699 0.191599234938622 0.198089525103569 0.189078375697136 0.193216115236282 0.214461520314217 0.238891139626503 0.265558838844299 0.295291036367416 0.355376929044724 0.440052926540375 0.394449532032013 0.369852721691132 0.350496023893356
0.774398386478424 0.765337944030762 0.776350677013397 0.794643640518188 0.738556563854218 0.735957026481628 0.76420658826828 0.721593737602234 0.727396428585052 0.716107070446014 0.656631171703339 0.685752213001251 0.643444359302521 0.707416117191315 0.674678444862366 0.663400173187256 0.617370128631592 0.549822747707367 0.511495172977448 0.472910195589066 0.456779420375824 0.470998883247375 0.453194826841354 0.403881072998047 0.367163509130478 0.286005467176437 0.219416931271553 0.197480037808418 0.183678030967712 0.161128371953964 0.171577095985413 0.183649837970734 0.19001017510891 0.1640734821558 0.197597205638885 0.21899189054966 0.242810651659966 0.268400251865387 0.309517532587051 0.359050661325455 0.388636380434036 0.412487059831619 0.388783186674118 0.394449532032013
0.735171556472778 0.798012256622314 0.771799445152283 0.720442175865173 0.693049907684326 0.716892957687378 0.746941328048706 0.71041464805603 0.682661533355713 0.677276730537415 0.650152266025543 0.644581019878387 0.623476326465607 0.654495775699615 0.611420571804047 0.558231055736542 0.499738484621048 0.512203276157379 0.46250331401825 0.444101750850677 0.443172812461853 0.440607309341431 0.436172991991043 0.388731300830841 0.360418349504471 0.292095124721527 0.229182004928589 0.189360320568085 0.185941264033318 0.156705722212791 0.135933578014374 0.145723253488541 0.154600203037262 0.164390370249748 0.184016764163971 0.226954236626625 0.247928291559219 0.284628331661224 0.319238364696503 0.400996148586273 0.40774792432785 0.441296637058258 0.431755125522614 0.441169053316116
0.731559872627258 0.783214747905731 0.689594507217407 0.716651380062103 0.697966694831848 0.737303912639618 0.753628611564636 0.683094918727875 0.678647696971893 0.670497894287109 0.591604232788086 0.611396253108978 0.576698005199432 0.543155789375305 0.571556329727173 0.524069130420685 0.474475771188736 0.424240857362747 0.451980918645859 0.455164819955826 0.466488063335419 0.42944809794426 0.39685121178627 0.346715003252029 0.290522664785385 0.278663098812103 0.231106072664261 0.189332693815231 0.176145389676094 0.142576992511749 0.150630846619606 0.171952322125435 0.159242525696754 0.204965710639954 0.221049606800079 0.238134160637856 0.266380876302719 0.309075534343719 0.377824425697327 0.425294995307922 0.449448317289352 0.450650155544281 0.500654697418213 0.495711535215378
0.701506614685059 0.707707941532135 0.684820950031281 0.724407613277435 0.703219175338745 0.727995157241821 0.729217827320099 0.651416659355164 0.626111149787903 0.621622622013092 0.567211985588074 0.570277273654938 0.530113518238068 0.5001380443573 0.463062256574631 0.48847222328186 0.437479317188263 0.448206782341003 0.494192719459534 0.473640471696854 0.45098203420639 0.424806177616119 0.321722000837326 0.315100282430649 0.290242940187454 0.283904522657394 0.225270390510559 0.184350848197937 0.167980119585991 0.145553946495056 0.162294954061508 0.177678093314171 0.197256922721863 0.210061565041542 0.239584043622017 0.256276309490204 0.282725304365158 0.353342086076736 0.412731140851974 0.437360823154449 0.513973712921143 0.508715867996216 0.521627604961395 0.504669725894928
0.670502543449402 0.6794074177742 0.725281417369843 0.725031316280365 0.692219138145447 0.703305125236511 0.631878554821014 0.611317157745361 0.607158005237579 0.523633420467377 0.528820097446442 0.534609854221344 0.492498457431793 0.468226373195648 0.439217507839203 0.450013965368271 0.427211970090866 0.501044869422913 0.491783708333969 0.478040993213654 0.439651966094971 0.351434081792831 0.302789658308029 0.294920891523361 0.272084444761276 0.268714249134064 0.223026841878891 0.186792775988579 0.188492700457573 0.161513462662697 0.172226160764694 0.186943963170052 0.208563596010208 0.27052253484726 0.289351344108582 0.3133385181427 0.343456536531448 0.391009271144867 0.42928472161293 0.506478011608124 0.51763504743576 0.531997323036194 0.566116154193878 0.571621954441071
0.648271441459656 0.70226663351059 0.706917822360992 0.694860279560089 0.642334759235382 0.626903712749481 0.565004885196686 0.576687633991241 0.574451804161072 0.507383823394775 0.49430525302887 0.454241245985031 0.448677897453308 0.419350653886795 0.438817650079727 0.431862711906433 0.408911824226379 0.480731874704361 0.480242729187012 0.490153074264526 0.43308037519455 0.351360619068146 0.316588461399078 0.320474952459335 0.290484815835953 0.273189574480057 0.233725756406784 0.24411940574646 0.217513367533684 0.205758646130562 0.223661065101624 0.244649097323418 0.277678489685059 0.306212067604065 0.320985108613968 0.348900258541107 0.37665069103241 0.414592504501343 0.503962278366089 0.527510225772858 0.595878720283508 0.60525780916214 0.597725212574005 0.633193731307983
0.583253741264343 0.661209404468536 0.632674753665924 0.605463147163391 0.630921125411987 0.583832919597626 0.524568974971771 0.503413200378418 0.471542179584503 0.459872156381607 0.462005466222763 0.434335917234421 0.442247807979584 0.419811874628067 0.423966258764267 0.418059021234512 0.444624871015549 0.454624891281128 0.46314612030983 0.458087146282196 0.411934643983841 0.341541856527328 0.348069936037064 0.299084365367889 0.309235960245132 0.305508762598038 0.279168456792831 0.290575057268143 0.259473472833633 0.27179342508316 0.284201592206955 0.26278167963028 0.347787946462631 0.384612828493118 0.392961204051971 0.445706486701965 0.474754393100739 0.499147713184357 0.517936587333679 0.599461078643799 0.61225813627243 0.682196319103241 0.661934733390808 0.630228102207184
0.585264563560486 0.612754166126251 0.580019354820251 0.55904746055603 0.579298496246338 0.522242307662964 0.472497045993805 0.470730870962143 0.422454625368118 0.446417629718781 0.46294230222702 0.479658424854279 0.451174676418304 0.408727586269379 0.429382890462875 0.43169566988945 0.455099523067474 0.419764399528503 0.405985891819 0.370600461959839 0.398362070322037 0.367573291063309 0.371318370103836 0.383892804384232 0.341254234313965 0.365287274122238 0.367096096277237 0.373972713947296 0.372942954301834 0.304389744997025 0.318744868040085 0.352144718170166 0.377795726060867 0.474578350782394 0.493559449911118 0.552749216556549 0.561842024326324 0.578473746776581 0.583339810371399 0.607244551181793 0.671637296676636 0.681229591369629 0.670777857303619 0.640056669712067
