data/climate_estimation/maxent_output/Erythronium_americanum.asc
NCOLS 412 
NROWS 209 
XLLCORNER -96.25 
YLLCORNER 32.25 
CELLSIZE 0.0833333333333333 
NODATA_value -3.4e+38 
[rows 0 to 20 of 209, columns 144 to 191 of 412]
0.211237505078316 0.213342577219009 0.214955478906631 0.223976224660873 0.223624557256699 0.223248288035393 0.259305387735367 0.268596678972244 0.267779409885406 0.271758437156677 0.273223429918289 0.289474070072174 0.290485173463821 0.289580553770065 0.289363414049149 0.254683822393417 0.255103886127472 0.233398780226707 0.206207305192947 0.205856323242188 0.188364863395691 0.188191831111908 0.1885596960783 0.171516373753548 0.171516373753548 0.173894062638283 0.173448652029037 0.173428535461426 0.171414449810982 0.171474158763885 0.171912640333176 0.17772613465786 0.178974598646164 0.161465629935265 0.177108004689217 0.15981949865818 0.159651383757591 0.158996850252151 0.157093301415443 0.150192126631737 0.137413322925568 0.131245657801628 0.128557398915291 0.109164856374264 0.109204329550266 0.0915461331605911 0.0922057181596756 0.0879309326410294
0.205579280853271 0.224764853715897 0.224286273121834 0.223256483674049 0.222755610942841 0.231424659490585 0.230547443032265 0.259248614311218 0.269298762083054 0.273088574409485 0.311206698417664 0.314092665910721 0.287596940994263 0.288788586854935 0.28813898563385 0.254053324460983 0.256596058607101 0.234259009361267 0.205609709024429 0.207996428012848 0.18960440158844 0.189822137355804 0.165430337190628 0.189275577664375 0.172935396432877 0.172554641962051 0.171025708317757 0.172374531626701 0.172835126519203 0.170708179473877 0.178655683994293 0.180221825838089 0.178673848509789 0.178591251373291 0.178488075733185 0.177970454096794 0.160418570041656 0.159649133682251 0.160759344696999 0.16083450615406 0.153856590390205 0.151171535253525 0.131934314966202 0.129340782761574 0.112113662064075 0.107139386236668 0.0945811942219734 0.0908079817891121
0.226586297154427 0.227544322609901 0.231639921665192 0.23161406815052 0.230916738510132 0.229784160852432 0.252978056669235 0.252505302429199 0.263383269309998 0.262693673372269 0.271905660629272 0.276232600212097 0.286532193422318 0.288214653730392 0.279599517583847 0.256045997142792 0.254177570343018 0.233592689037323 0.205176770687103 0.205316707491875 0.188612699508667 0.166280552744865 0.164743885397911 0.172223538160324 0.172043740749359 0.171904027462006 0.172043740749359 0.171904027462006 0.172203555703163 0.179921731352806 0.179649278521538 0.179524809122086 0.180617600679398 0.180888831615448 0.188993558287621 0.188904151320457 0.187517732381821 0.188057214021683 0.187186136841774 0.161210834980011 0.161022573709488 0.13908389210701 0.133430734276772 0.133414879441261 0.115046210587025 0.112046249210835 0.0976067334413528 0.0951920747756958
0.208162203431129 0.233638525009155 0.232832163572311 0.238282769918442 0.237938702106476 0.237832918763161 0.23735736310482 0.26123583316803 0.264045506715775 0.266204863786697 0.273740440607071 0.270384073257446 0.274483382701874 0.276199102401733 0.252573728561401 0.253380835056305 0.233526214957237 0.233370020985603 0.203931495547295 0.204465508460999 0.188535764813423 0.171773329377174 0.171833157539368 0.171494379639626 0.169875115156174 0.171574041247368 0.171474471688271 0.171176075935364 0.179412201046944 0.181193202733994 0.182021886110306 0.188331544399261 0.187659323215485 0.189536780118942 0.189512401819229 0.191230639815331 0.190461918711662 0.188381567597389 0.189341813325882 0.190038502216339 0.163746446371078 0.162192940711975 0.141137957572937 0.13398665189743 0.116280421614647 0.115142956376076 0.112939156591892 0.0957601740956306
0.206292912364006 0.23924645781517 0.240622863173485 0.237709388136864 0.236785843968391 0.239290922880173 0.240934699773788 0.243206813931465 0.235005468130112 0.256242394447327 0.263261497020721 0.271178275346756 0.271443426609039 0.2526695728302 0.252836436033249 0.252975553274155 0.221111834049225 0.222972005605698 0.203663721680641 0.204197138547897 0.187551587820053 0.187702521681786 0.185307219624519 0.168899357318878 0.169213861227036 0.170946583151817 0.171045884490013 0.180242970585823 0.199009537696838 0.18121412396431 0.190914422273636 0.188656315207481 0.208489820361137 0.208820998668671 0.21927210688591 0.219593212008476 0.219617933034897 0.219893828034401 0.201182961463928 0.190322175621986 0.189929500222206 0.163975819945335 0.163066253066063 0.155544236302376 0.13484850525856 0.121070250868797 0.113469921052456 0.110607475042343
0.211721122264862 0.230309218168259 0.215349406003952 0.245704904198647 0.244863867759705 0.244647219777107 0.246267095208168 0.241737693548203 0.24096143245697 0.24037392437458 0.242131233215332 0.239468321204185 0.272831499576569 0.25184565782547 0.239548116922379 0.222632870078087 0.223133504390717 0.201055377721786 0.203789949417114 0.201766610145569 0.18561814725399 0.185316756367683 0.185188829898834 0.169824734330177 0.186162069439888 0.171443566679955 0.171722441911697 0.180347055196762 0.181821435689926 0.206181734800339 0.191704079508781 0.210176959633827 0.218691349029541 0.219395563006401 0.220013752579689 0.229019805788994 0.231404036283493 0.230954855680466 0.230542406439781 0.220761373639107 0.190628096461296 0.166046872735023 0.163708254694939 0.141539096832275 0.139314636588097 0.119017228484154 0.118931695818901 0.113319978117943
0.216380387544632 0.216858059167862 0.217105656862259 0.216641008853912 0.24773733317852 0.247354611754417 0.247603893280029 0.244295492768288 0.243863180279732 0.241603702306747 0.243881076574326 0.24331459403038 0.240667521953583 0.240667521953583 0.219879522919655 0.219558045268059 0.220300510525703 0.204463079571724 0.202480033040047 0.204602584242821 0.18455982208252 0.185979008674622 0.186000406742096 0.184259951114655 0.170873686671257 0.173142984509468 0.180502191185951 0.181788876652718 0.209071308374405 0.209640696644783 0.210772812366486 0.210510462522507 0.220785349607468 0.220807194709778 0.251607656478882 0.231481567025185 0.231729879975319 0.233616396784782 0.242884710431099 0.231264606118202 0.221009775996208 0.190934434533119 0.164531335234642 0.156055629253387 0.141689792275429 0.135152980685234 0.117289170622826 0.117359526455402
0.218575581908226 0.220073640346527 0.221552550792694 0.219233080744743 0.218198522925377 0.217682808637619 0.247436583042145 0.246863260865211 0.24738521873951 0.23999097943306 0.235374644398689 0.232462704181671 0.221293807029724 0.214007884263992 0.221318691968918 0.220871195197105 0.192872032523155 0.193270042538643 0.194713547825813 0.18581748008728 0.186031386256218 0.185195803642273 0.170486032962799 0.186944037675858 0.186664804816246 0.171469986438751 0.180752396583557 0.179875493049622 0.207920655608177 0.207684919238091 0.218161061406136 0.220597878098488 0.222304478287697 0.221905156970024 0.233221933245659 0.232413649559021 0.244494944810867 0.26730352640152 0.243612170219421 0.23162642121315 0.201986566185951 0.193172201514244 0.16649229824543 0.157334759831429 0.137004047632217 0.136226415634155 0.119040980935097 0.118670679628849
0.221784949302673 0.223051130771637 0.201657816767693 0.220307305455208 0.218736946582794 0.218195557594299 0.219790324568748 0.217780962586403 0.217658281326294 0.24143323302269 0.237189128994942 0.214330315589905 0.213387951254845 0.213387951254845 0.213822439312935 0.194357171654701 0.193846225738525 0.192349672317505 0.178595900535583 0.184120953083038 0.18471559882164 0.186545640230179 0.184779420495033 0.169879496097565 0.171379387378693 0.197904720902443 0.197588622570038 0.207907617092133 0.20924499630928 0.219220146536827 0.221567407250404 0.22144290804863 0.225159108638763 0.245411798357964 0.234212100505829 0.23335200548172 0.257855385541916 0.267623871564865 0.237067386507988 0.224781513214111 0.211952373385429 0.168312102556229 0.166138276457787 0.158210337162018 0.137939289212227 0.137384578585625 0.11869914829731 0.119952395558357
0.197965711355209 0.197356298565865 0.22464781999588 0.221574455499649 0.22142505645752 0.221552550792694 0.221677109599113 0.220930680632591 0.21878919005394 0.221708029508591 0.219310104846954 0.219137340784073 0.215933471918106 0.218422830104828 0.197064891457558 0.195270925760269 0.193299427628517 0.192901358008385 0.17630361020565 0.177758052945137 0.177799165248871 0.177655294537544 0.184819415211678 0.170294553041458 0.171518728137016 0.180696651339531 0.197904720902443 0.207789734005928 0.209363594651222 0.218196645379066 0.222440585494041 0.224162325263023 0.22403658926487 0.225993618369102 0.237010568380356 0.236957848072052 0.236164972186089 0.23658587038517 0.235718473792076 0.224270805716515 0.195337384939194 0.185695201158524 0.160018190741539 0.137147799134254 0.138284891843796 0.131845787167549 0.133066937327385 0.120591722428799
0.199244722723961 0.207897678017616 0.207450032234192 0.204533353447914 0.224241897463799 0.224773854017258 0.224802106618881 0.224524885416031 0.222378715872765 0.222428679466248 0.220969647169113 0.201123014092445 0.199453547596931 0.196151152253151 0.198238521814346 0.194609239697456 0.177449718117714 0.177798956632614 0.175312802195549 0.175576955080032 0.158163756132126 0.166787639260292 0.168282642960548 0.170323193073273 0.170789837837219 0.180914685130119 0.182224988937378 0.209730371832848 0.209086805582047 0.220121279358864 0.220705270767212 0.225170403718948 0.248827323317528 0.229272648692131 0.259904325008392 0.26243394613266 0.237829059362411 0.23507484793663 0.236349046230316 0.224698945879936 0.194700464606285 0.186037361621857 0.153326362371445 0.151826873421669 0.137834191322327 0.132616132497787 0.132537335157394 0.133193492889404
0.202116161584854 0.211942628026009 0.207847684621811 0.207329541444778 0.207874089479446 0.228034824132919 0.208139300346375 0.205964416265488 0.199343875050545 0.195707157254219 0.203508079051971 0.200937017798424 0.197893902659416 0.198688805103302 0.199714124202728 0.170795872807503 0.176351100206375 0.174690961837769 0.176698416471481 0.159595176577568 0.157209679484367 0.181360825896263 0.167390659451485 0.169303387403488 0.171017065644264 0.179838567972183 0.198296576738358 0.208721369504929 0.210063263773918 0.222476750612259 0.222626760601997 0.22605562210083 0.228362649679184 0.227852076292038 0.238759204745293 0.260502398014069 0.259900897741318 0.238173007965088 0.236664861440659 0.216496556997299 0.195503816008568 0.18489433825016 0.160122394561768 0.152615889906883 0.138406947255135 0.139735460281372 0.139238074421883 0.132773861289024
0.206134036183357 0.21299697458744 0.210396841168404 0.209992125630379 0.208036363124847 0.208039209246635 0.208845660090446 0.209180191159248 0.198624819517136 0.196514144539833 0.196110293269157 0.176640912890434 0.182553946971893 0.172970682382584 0.17479844391346 0.169694632291794 0.175807386636734 0.153096899390221 0.161597520112991 0.158336535096169 0.156572416424751 0.159377634525299 0.160043716430664 0.167507395148277 0.170369252562523 0.18056683242321 0.180296033620834 0.209859848022461 0.211184129118919 0.224357962608337 0.22375451028347 0.237614840269089 0.239381894469261 0.263024359941483 0.26427811384201 0.264306962490082 0.26198822259903 0.237180605530739 0.228424802422523 0.227492183446884 0.196335196495056 0.185982748866081 0.160666137933731 0.153316423296928 0.15322645008564 0.154102191329002 0.139287546277046 0.139056831598282
0.19925257563591 0.215058878064156 0.213189691305161 0.219684198498726 0.219711899757385 0.211282894015312 0.210294142365456 0.210535287857056 0.183349609375 0.196848526597023 0.181214988231659 0.195379093289375 0.177604019641876 0.175059452652931 0.174057140946388 0.171199545264244 0.153980061411858 0.153907790780067 0.158949181437492 0.1574736982584 0.157565921545029 0.157861396670341 0.159414723515511 0.160699874162674 0.167741492390633 0.180492803454399 0.181737497448921 0.208989545702934 0.219324380159378 0.224293723702431 0.227565929293633 0.238117292523384 0.240047290921211 0.264492988586426 0.266771554946899 0.265520721673965 0.243727251887321 0.239902168512344 0.230712220072746 0.208791613578796 0.19723454117775 0.187380716204643 0.178881958127022 0.162775561213493 0.162509754300117 0.155211061239243 0.154228821396828 0.152327165007591
0.220920920372009 0.227691769599915 0.226268202066422 0.223913729190826 0.223185956478119 0.211929380893707 0.212652608752251 0.212896078824997 0.2089983522892 0.200034499168396 0.18213714659214 0.178633719682693 0.176259577274323 0.176096424460411 0.174683585762978 0.172176137566566 0.156706348061562 0.152833342552185 0.158120334148407 0.15655617415905 0.153827622532845 0.153881803154945 0.1400136500597 0.165599882602692 0.16839337348938 0.179730072617531 0.183062523603439 0.19258476793766 0.220710799098015 0.224797531962395 0.23629093170166 0.239520341157913 0.252001523971558 0.256566822528839 0.282788276672363 0.2547946870327 0.254235297441483 0.242443531751633 0.232107609510422 0.229951575398445 0.215154558420181 0.214741989970207 0.186294674873352 0.1850955337286 0.184903860092163 0.18226669728756 0.160835236310959 0.161995947360992
0.231956318020821 0.229404985904694 0.227666333317757 0.225324779748917 0.224391624331474 0.21578748524189 0.214099571108818 0.194768220186234 0.190766647458076 0.189675375819206 0.18001002073288 0.17885847389698 0.177405431866646 0.176534131169319 0.160355299711227 0.172536134719849 0.15581502020359 0.159603625535965 0.159364894032478 0.152696058154106 0.132679834961891 0.130747690796852 0.140015363693237 0.14869299530983 0.175586402416229 0.178618922829628 0.183823511004448 0.212163612246513 0.224528551101685 0.235774055123329 0.236945971846581 0.251317769289017 0.253614842891693 0.268575251102448 0.271264880895615 0.291851252317429 0.256057053804398 0.243385449051857 0.242604792118073 0.229010611772537 0.228345453739166 0.197312220931053 0.194497749209404 0.185126379132271 0.191916331648827 0.191145181655884 0.183510527014732 0.184115156531334
0.242483407258987 0.243254989385605 0.240733280777931 0.238816574215889 0.236668214201927 0.225884228944778 0.2253278195858 0.211844220757484 0.192536309361458 0.190788522362709 0.188401833176613 0.179083481431007 0.161491751670837 0.161815017461777 0.160617932677269 0.157996326684952 0.157466977834702 0.153072714805603 0.14888708293438 0.135416239500046 0.129556477069855 0.129571914672852 0.136934742331505 0.150154992938042 0.167617663741112 0.181774705648422 0.183069422841072 0.194267973303795 0.225765690207481 0.237142339348793 0.238346442580223 0.250832289457321 0.255180567502975 0.268438726663589 0.267214179039001 0.269130915403366 0.255504548549652 0.252251297235489 0.244303375482559 0.239789664745331 0.229369446635246 0.224354937672615 0.221633523702621 0.193439319729805 0.211481481790543 0.190258160233498 0.18934066593647 0.183425962924957
0.285548597574234 0.286097913980484 0.272036790847778 0.271968156099319 0.248201280832291 0.235658913850784 0.224050655961037 0.196555227041245 0.19435253739357 0.191333636641502 0.16696472465992 0.165579006075859 0.165870979428291 0.162648528814316 0.162220820784569 0.161672338843346 0.155346721410751 0.155601933598518 0.151264563202858 0.154571548104286 0.140579983592033 0.136328682303429 0.140746399760246 0.161295801401138 0.168242931365967 0.182952299714088 0.191984906792641 0.220754846930504 0.224687978625298 0.236071541905403 0.250123620033264 0.254014670848846 0.267107307910919 0.263615250587463 0.267589211463928 0.267855048179626 0.267214179039001 0.253165572881699 0.273986309766769 0.241204157471657 0.238020092248917 0.232431024312973 0.231211587786674 0.219656243920326 0.219980821013451 0.207888916134834 0.215909346938133 0.190542116761208
0.320192724466324 0.297959506511688 0.283407002687454 0.282128095626831 0.248621448874474 0.245863258838654 0.234760999679565 0.205080807209015 0.202748969197273 0.194130256772041 0.174774736166 0.165849328041077 0.164875105023384 0.163791343569756 0.162751987576485 0.160999938845634 0.15919041633606 0.163450390100479 0.16155943274498 0.157071873545647 0.141129821538925 0.141313523054123 0.143279209733009 0.164410933852196 0.17690534889698 0.181634843349457 0.190654009580612 0.221874535083771 0.225875228643417 0.237414881587029 0.251837909221649 0.252575069665909 0.287365406751633 0.291902899742126 0.291590809822083 0.290531665086746 0.290345072746277 0.286396861076355 0.274071842432022 0.261876612901688 0.258157193660736 0.235972359776497 0.252816677093506 0.227410793304443 0.21858175098896 0.219472572207451 0.217819690704346 0.219733402132988
0.336364090442657 0.307107925415039 0.299852043390274 0.296139985322952 0.288194090127945 0.250493139028549 0.242918148636818 0.213504672050476 0.204449594020844 0.176594078540802 0.175464436411858 0.166485726833344 0.166915118694305 0.166111677885056 0.164672389626503 0.169911220669746 0.166754230856895 0.16702626645565 0.165406301617622 0.167110621929169 0.166702523827553 0.167463898658752 0.165487721562386 0.167011171579361 0.182601004838943 0.207818120718002 0.221284911036491 0.223349884152412 0.226711988449097 0.238605484366417 0.251406997442245 0.252698689699173 0.291417628526688 0.291417628526688 0.292965918779373 0.292527854442596 0.288865834474564 0.29140368103981 0.283893406391144 0.270490169525146 0.270817160606384 0.257265597581863 0.254577487707138 0.229586943984032 0.248145341873169 0.22036349773407 0.219373762607574 0.219250321388245
0.352054625749588 0.341976702213287 0.339205771684647 0.304550856351852 0.302198767662048 0.292979747056961 0.258511632680893 0.246679872274399 0.213818550109863 0.203115686774254 0.175749123096466 0.168565571308136 0.167265266180038 0.167042806744576 0.172489061951637 0.170603588223457 0.168873980641365 0.17645937204361 0.172085538506508 0.173595950007439 0.186859652400017 0.187332853674889 0.189642339944839 0.180179879069328 0.206082612276077 0.208952337503433 0.222207069396973 0.233588889241219 0.257494300603867 0.238844200968742 0.27452427148819 0.276991844177246 0.278238743543625 0.293261855840683 0.294408977031708 0.291663408279419 0.29327917098999 0.292527854442596 0.288896799087524 0.282683610916138 0.279635637998581 0.27598249912262 0.266513913869858 0.252749025821686 0.249686539173126 0.247887089848518 0.249552220106125 0.241300076246262
