data/climate_estimation/maxent_output/Erythronium_helenae.asc
NCOLS 46 
NROWS 57 
XLLCORNER -123 
YLLCORNER 36.25 
CELLSIZE 0.0833333333333332 
NODATA_value -3.4e+38 
[rows 0 to 19 of 57, columns 0 to 44 of 46]
0.046272844076157 0.0245152916759253 0.0529946200549603 0.194382667541504 0.169186189770699 0.0976527482271194 0.453986197710037 0.446245908737183 0.371625423431396 0.448574721813202 0.395774066448212 0.490021347999573 0.481006801128387 0.351270914077759 0.166802227497101 0.0916144028306007 0.0459186173975468 0.0301088355481625 0.0147411245852709 0.0125576900318265 0.0100527312606573 0.00554759940132499 0.00198852573521435 0.00108719430863857 0.000854452431667596 0.000689224922098219 0.000433664303272963 0.000363374216249213 0.000364854902727529 0.000268147938186303 0.000212324346648529 0.0001721730659483 0.000174475906533189 0.000156773763592355 0.000122909303172491 9.05391934793442e-05 0.000147402548464015 0.000193334693904035 0.000186985125765204 0.000164712793775834 0.000107327818113845 5.6816639698809e-05 9.90227199508809e-05 0.000201302900677547 0.000277572107734159
0.0721774473786354 0.10754269361496 0.255102545022964 0.212651997804642 0.152686417102814 0.216731324791908 0.455392777919769 0.358013123273849 0.413697510957718 0.466663360595703 0.443022936582565 0.562652468681335 0.557717382907867 0.346464246511459 0.115876629948616 0.113623686134815 0.0418949984014034 0.0324956402182579 0.0204043108969927 0.0117479842156172 0.00615029782056808 0.0046489373780787 0.00367147149518132 0.00294690649025142 0.00151142501272261 0.00058172584977001 0.000606115267146379 0.000594267738051713 0.000456706678960472 0.000249140721280128 0.000202781680854969 0.000197954825125635 0.000189062324352562 0.00019219410023652 0.000144997582538053 0.000111256493255496 8.45093600219116e-05 0.000100071985798422 0.00012269637954887 8.70463118189946e-05 7.82466813689098e-05 0.000101329897006508 5.34677419636864e-05 0.000196584413060918 0.000282917200820521
0.113143309950829 0.21928209066391 0.312778890132904 0.227227866649628 0.332332462072372 0.334537148475647 0.461048543453217 0.331879287958145 0.358205080032349 0.405289828777313 0.477819889783859 0.524353861808777 0.573192059993744 0.24796362221241 0.0567025057971478 0.0794594958424568 0.0169648751616478 0.0248013213276863 0.0262889992445707 0.00859873555600643 0.00397193571552634 0.00203083618544042 0.00211586127988994 0.00167269818484783 0.000949568697251379 0.000740811403375119 0.000547668838407844 0.00055270956363529 0.000332455761963502 0.000239964574575424 0.000203992385650054 0.00020054672495462 0.000207247183425352 0.000163037417223677 0.000152889173477888 0.000137132461532019 0.000134319794597104 0.000126489976537414 0.000120017604785971 8.40153443277813e-05 7.35928115318529e-05 0.000214561194297858 8.23505833977833e-05 9.58866949076764e-05 0.00029188537155278
0.3375124335289 0.406658291816711 0.331111520528793 0.296954572200775 0.549233794212341 0.443696945905685 0.371660381555557 0.327808856964111 0.42151215672493 0.413500040769577 0.447991698980331 0.502282381057739 0.670997679233551 0.303324311971664 0.069891020655632 0.0462417304515839 0.0106473248451948 0.00747172022238374 0.0231265015900135 0.011908614076674 0.00549897225573659 0.00376037904061377 0.00210015801712871 0.00161782675422728 0.00167480215895921 0.00124538852833211 0.000953987939283252 0.000951170979533345 0.000346152344718575 0.00038880979991518 0.000297352147754282 0.000249012518906966 0.000173477950738743 0.000148650331539102 0.000194186475710012 0.000141419310239144 0.00012962581240572 0.000180165123310871 0.000189745624084026 8.31529250717722e-05 0.000116651011921931 0.000382059632102028 0.000344043364748359 0.000140398522489704 0.000293766963295639
0.360666513442993 0.32839024066925 0.233800321817398 0.274806618690491 0.513609766960144 0.384009689092636 0.404305517673492 0.385069787502289 0.382845014333725 0.449007302522659 0.462632030248642 0.503047406673431 0.546255946159363 0.408825993537903 0.203267201781273 0.034310307353735 0.0137872267514467 0.0172723345458508 0.0254686437547207 0.0095915300771594 0.00695370463654399 0.00493419682607055 0.00379738048650324 0.0021252422593534 0.00164900918025523 0.00121311563998461 0.00171048543415964 0.00124603242147714 0.00068270938936621 0.000492925231810659 0.000507704098708928 0.000327746762195602 0.000277333281701431 0.000266378716332838 0.000235241939662956 0.000223509792704135 0.000224284696741961 0.000189766680705361 0.000345859240042046 0.000443363533122465 0.000429526407970116 0.000381506106350571 0.000346244778484106 0.000321161933243275 0.000170261904713698
0.262410998344421 0.269684553146362 0.186937943100929 0.263547897338867 0.387167274951935 0.458171248435974 0.407223075628281 0.417705208063126 0.374956607818604 0.292651265859604 0.306017100811005 0.364679157733917 0.41342556476593 0.325081199407578 0.205454662442207 0.172488316893578 0.0503372214734554 0.0117287756875157 0.00891515053808689 0.00512530980631709 0.00565422372892499 0.00334007036872208 0.00362230441533029 0.00420944718644023 0.00301012746058404 0.00221120682545006 0.0023058750666678 0.000940248719416559 0.00127920717932284 0.000709729094523937 0.000769547768868506 0.000644082378130406 0.000634812866337597 0.000514462299179286 0.000266686402028427 0.0002667318622116 0.000245117204030976 0.000344697793480009 0.000554941594600677 0.000513115606736392 0.000450567633379251 0.000167637466802262 0.000353055191226304 0.000327979098074138 0.000122184967040084
0.201172530651093 0.275913536548615 0.373623192310333 0.480968117713928 0.457558900117874 0.439166039228439 0.385482728481293 0.31517630815506 0.312456250190735 0.217659115791321 0.240551844239235 0.36007159948349 0.385552257299423 0.258306175470352 0.232335060834885 0.191809773445129 0.0395481400191784 0.00757179642096162 0.00854843575507402 0.0108285574242473 0.00581216812133789 0.00464420951902866 0.00527104781940579 0.00604182854294777 0.00473181018605828 0.00327071966603398 0.00176495488267392 0.00175376574043185 0.00189283885993063 0.00127264426555485 0.00116700294893235 0.000587230955716223 0.00070768321165815 0.000601281120907515 0.000324810040183365 0.000276516075246036 0.000182091491296887 0.000442935473984107 0.000605380046181381 0.000526211806572974 0.000290125171886757 0.000112974121293519 0.000354558520484716 0.000205043601454236 8.5066887550056e-05
0.367751926183701 0.448807090520859 0.46889653801918 0.465774148702621 0.31430521607399 0.37292468547821 0.299844920635223 0.226518765091896 0.15970866382122 0.111041352152824 0.115371234714985 0.161307781934738 0.240823671221733 0.253377676010132 0.320233136415482 0.203028634190559 0.0744960531592369 0.0614630617201328 0.0462651476264 0.0385992377996445 0.035177830606699 0.0235208794474602 0.0179809536784887 0.0141532784327865 0.010108613409102 0.00478148739784956 0.00508256442844868 0.0034845897462219 0.00410131132230163 0.00304222642444074 0.00246533239260316 0.00189924088772386 0.00161571137141436 0.000789601937867701 0.000220908535993658 0.00022336034453474 0.00020521912665572 0.00043152563739568 0.000720051873940974 0.000596984406001866 0.00013060613127891 0.000116294460895006 0.000374266383005306 0.000213442559470423 8.77678976394236e-05
0.402845084667206 0.415794670581818 0.42972406744957 0.384603768587112 0.32869216799736 0.246072337031364 0.183051154017448 0.138501718640327 0.162397906184196 0.110714375972748 0.14973247051239 0.155605435371399 0.348177015781403 0.335738986730576 0.352420389652252 0.261375218629837 0.0870906636118889 0.127088338136673 0.108163721859455 0.0851265043020248 0.0729805752635002 0.0891362875699997 0.0581859946250916 0.0341990999877453 0.0250190161168575 0.00718473922461271 0.00478455191478133 0.00240758038125932 0.00171831762418151 0.00257749925367534 0.00321815139614046 0.00275610759854317 0.00215024058707058 0.00163975125178695 0.00061932991957292 0.000484755437355489 0.000352963950717822 0.0004801478353329 0.000719438015948981 0.000619700003881007 0.000349925190676004 0.000191299928701483 0.000172950414707884 0.00020751885313075 0.000285296759102494
0.174437254667282 0.322255820035934 0.645631551742554 0.316504746675491 0.246273577213287 0.166484162211418 0.196767240762711 0.128657311201096 0.0859165713191032 0.0720271542668343 0.105075843632221 0.200047418475151 0.324854582548141 0.543813467025757 0.630466461181641 0.399757325649261 0.345420807600021 0.217291221022606 0.108480967581272 0.0601786449551582 0.132686093449593 0.132202550768852 0.136997327208519 0.0657379701733589 0.0299219749867916 0.0182263106107712 0.0129492534324527 0.00477700121700764 0.00317082135006785 0.00158317771274596 0.00173277209978551 0.00339959352277219 0.00268780463375151 0.00162237510085106 0.00122695392929018 0.00101497012656182 0.000831058423500508 0.00061963073676452 0.0005302814533934 0.000413547619245946 0.000617440498899668 0.000513557519298047 8.05723830126226e-05 0.000245043192990124 0.000287338072666898
0.248075649142265 0.342252641916275 0.447825789451599 0.57342392206192 0.332654684782028 0.190320670604706 0.123644776642323 0.0891679525375366 0.0649596229195595 0.10094241797924 0.116763487458229 0.149217545986176 0.350789994001389 0.562614142894745 0.776021838188171 0.64426851272583 0.474532544612885 0.29223495721817 0.120446920394897 0.0710367485880852 0.152172803878784 0.206937164068222 0.209860369563103 0.0764634758234024 0.12681944668293 0.121527962386608 0.0413700416684151 0.0051751546561718 0.00471810298040509 0.00277473474852741 0.00143301603384316 0.0010522649390623 0.00128876382950693 0.00171019474510103 0.00132629973813891 0.00110029592178762 0.000945684441830963 0.000777030189055949 0.00032385575468652 0.000817895052023232 0.000675296236295253 0.000543641566764563 0.000113165930088144 0.000256734492722899 0.000193147643585689
0.157014712691307 0.164872497320175 0.323617786169052 0.461869925260544 0.302603721618652 0.158061504364014 0.102429166436195 0.0756155773997307 0.104508265852928 0.106111913919449 0.123677507042885 0.170617669820786 0.355282872915268 0.576673626899719 0.865316689014435 0.864316284656525 0.62738311290741 0.31204429268837 0.182461619377136 0.122576385736465 0.234680250287056 0.457943171262741 0.261030644178391 0.269366353750229 0.188739016652107 0.0664241537451744 0.0358140245079994 0.0335759557783604 0.00759375235065818 0.00390470540151 0.00187726074364036 0.00103009166195989 0.000783444906119257 0.000540131819434464 0.000981379300355911 0.000449016370112076 0.000385000283131376 0.000284714624285698 0.000157278351252899 0.00024551383103244 0.000723843171726912 0.000595104706007987 0.000188907812116668 0.000368895038263872 0.000194992229808122
0.320052593946457 0.490141868591309 0.331569612026215 0.482027649879456 0.357086837291718 0.125241547822952 0.0880749598145485 0.0683188140392303 0.104464456439018 0.11221557110548 0.130691111087799 0.174073919653893 0.250266224145889 0.659052014350891 0.983877599239349 0.968004167079926 0.903740465641022 0.401742398738861 0.255935072898865 0.243531748652458 0.706037223339081 0.141645565629005 0.199761733412743 0.450783640146255 0.333249866962433 0.21076375246048 0.0465601608157158 0.0161996521055698 0.00742078805342317 0.00574982911348343 0.00338956993073225 0.00171801424585283 0.000929910340346396 0.000656707270536572 0.000578873965423554 0.000880472653079778 0.000535166473127902 0.000290137366391718 0.00017296732403338 0.00013541015505325 0.000439026160165668 0.000596347090322524 0.00030017871176824 0.000361655052984133 0.000190915598068386
0.318535447120667 0.516461074352264 0.515578269958496 0.654148042201996 0.228513032197952 0.104889117181301 0.0800340846180916 0.0648156702518463 0.111177824437618 0.122490592300892 0.147927537560463 0.177239626646042 0.235442265868187 0.397492319345474 0.916844964027405 0.994887590408325 0.990931689739227 0.992049098014832 0.472984880208969 0.928814709186554 0.475424885749817 0.327698469161987 0.255647301673889 0.343843579292297 0.234095528721809 0.242388784885406 0.145104512572289 0.0875938609242439 0.0164537411183119 0.00704495189711452 0.00482904724776745 0.00212375679984689 0.00123697693925351 0.000882962893228978 0.00054927944438532 0.000729699269868433 0.000542805006261915 0.000289723539026454 0.000255519524216652 0.000470761879114434 0.000282091205008328 0.000332927040290087 0.000450332590844482 0.000323450134601444 0.000179054579348303
0.550189197063446 0.523305237293243 0.708921134471893 0.701894521713257 0.568408012390137 0.149852097034454 0.132385849952698 0.115651227533817 0.11979965120554 0.1385587900877 0.158758565783501 0.188375696539879 0.239213645458221 0.332834929227829 0.60809987783432 0.974429190158844 0.994653463363647 0.991860568523407 0.984316349029541 0.915062785148621 0.708315789699554 0.528258681297302 0.550949215888977 0.413065910339355 0.293581396341324 0.118792489171028 0.103212028741837 0.0837201774120331 0.0624214373528957 0.0200680587440729 0.00673301424831152 0.00441477680578828 0.00270018633455038 0.00122004840523005 0.000917817815206945 0.000724411511328071 0.000429515173891559 0.000329616013914347 0.000337486620992422 0.000422796118073165 0.000350607995642349 0.000152902488480322 8.71241572895087e-05 0.000231140773394145 0.00016580022929702
0.560662150382996 0.311777651309967 0.523059666156769 0.748112976551056 0.634570419788361 0.158124998211861 0.137817516922951 0.125778883695602 0.126580879092216 0.140114843845367 0.160883530974388 0.189177438616753 0.352705538272858 0.464728593826294 0.621075034141541 0.902328193187714 0.98176121711731 0.994243085384369 0.992950081825256 0.986591994762421 0.969297170639038 0.939749896526337 0.545035362243652 0.383139908313751 0.30495685338974 0.209336444735527 0.125290587544441 0.064398892223835 0.0540678165853024 0.0324284285306931 0.0150478910654783 0.00688835885375738 0.00368075398728251 0.00179598468821496 0.00100027921143919 0.000889949151314795 0.000508145021740347 0.000430774729466066 0.000348007044522092 0.000371041533071548 0.000230783378356136 0.00019625315326266 9.58439777605236e-05 0.000138116927701049 0.000162391879712231
0.313195735216141 0.537128746509552 0.505078911781311 0.732486665248871 0.484358668327332 0.143890157341957 0.132897198200226 0.120491616427898 0.122761212289333 0.133072689175606 0.237970292568207 0.270129680633545 0.330464333295822 0.404480457305908 0.517445504665375 0.621017932891846 0.823150813579559 0.990129351615906 0.993729650974274 0.989213764667511 0.986007630825043 0.938617050647736 0.929435551166534 0.589776396751404 0.428118884563446 0.312257409095764 0.345585376024246 0.105266019701958 0.0528796464204788 0.0238628834486008 0.0171097908169031 0.0116588277742267 0.00447963923215866 0.0018007013713941 0.00126475153956562 0.000782278075348586 0.000528858799953014 0.000528739125002176 0.000486777105834335 0.000403226556954905 0.00025241108960472 0.000171584455529228 0.000110442910226993 0.000174782355315983 0.000143785335239954
0.471502542495728 0.760770559310913 0.749766826629639 0.742958962917328 0.640086352825165 0.160185053944588 0.137200385332108 0.123168729245663 0.195990860462189 0.197407871484756 0.213206768035889 0.238410174846649 0.282084763050079 0.340139150619507 0.410219818353653 0.504653930664062 0.667816281318665 0.946888566017151 0.998640358448029 0.999700009822845 0.987051129341125 0.965295612812042 0.946949064731598 0.830888628959656 0.632091224193573 0.477365225553513 0.370132684707642 0.183394849300385 0.122274875640869 0.0541913695633411 0.0152080524712801 0.0150482440367341 0.00650908006355166 0.00325560290366411 0.0017340179765597 0.00111830700188875 0.000878972874488682 0.000626806577201933 0.00051354500465095 0.000405585917178541 0.000242610069108196 0.000202952971449122 0.000145004189107567 0.000104888727946673 0.000102394878922496
0.934852123260498 0.916231572628021 0.74892246723175 0.743721723556519 0.67877584695816 0.289360105991364 0.293530732393265 0.191292300820351 0.185831919312477 0.17991441488266 0.184247598052025 0.2026656717062 0.231671437621117 0.271307975053787 0.329928338527679 0.408934235572815 0.499194115400314 0.67711341381073 0.976715683937073 0.99976772069931 0.985453307628632 0.971986949443817 0.979485094547272 0.850506067276001 0.653278410434723 0.494927912950516 0.385106176137924 0.239999711513519 0.108427435159683 0.0639885067939758 0.021096246317029 0.0139533933252096 0.0084282448515296 0.00429693143814802 0.00209637056104839 0.00124659610446543 0.000866487447638065 0.000637580174952745 0.000589159957598895 0.000433044071542099 0.000287324248347431 0.000172998217749409 0.000125388716696762 0.000103010039310902 7.83336872700602e-05
0.944140613079071 0.906505405902863 0.50533139705658 0.750981509685516 0.565178871154785 0.317612081766129 0.344363063573837 0.202505707740784 0.17855803668499 0.15850730240345 0.157482713460922 0.164764106273651 0.185397148132324 0.218043431639671 0.268670082092285 0.325491517782211 0.410024553537369 0.516192853450775 0.777917861938477 0.994346618652344 0.999753296375275 0.999405980110168 0.988086760044098 0.975544571876526 0.859956204891205 0.538913369178772 0.443123579025269 0.360687881708145 0.146797046065331 0.0710987374186516 0.039106834679842 0.014863352291286 0.0130480322986841 0.00832047592848539 0.00293352524749935 0.00196232227608562 0.00146431452594697 0.000809597957413644 0.000577904575038701 0.000441106385551393 0.000366706546628848 0.000236692125326954 0.000158765978994779 0.000155373301822692 0.000129099687910639
