data/climate_estimation/maxent_output/Erythronium_albidum.asc
NCOLS 330 
NROWS 206 
XLLCORNER -99.1666666666667 
YLLCORNER 30 
CELLSIZE 0.0833333333333333 
NODATA_value -3.4e+38 
[rows 100 to 119 of 206, columns 92 to 137 of 330]
0.841974079608917 0.828834414482117 0.812378883361816 0.796924591064453 0.789348125457764 0.800692439079285 0.804551601409912 0.815018713474274 0.820499300956726 0.823762476444244 0.833834230899811 0.835249781608582 0.834495484828949 0.831771552562714 0.84197461605072 0.847809255123138 0.851558208465576 0.850988984107971 0.846847832202911 0.844709873199463 0.842039525508881 0.841841697692871 0.840680658817291 0.837331771850586 0.833499312400818 0.831442177295685 0.823999226093292 0.822407186031342 0.827329576015472 0.831428825855255 0.831677198410034 0.83217316865921 0.829909324645996 0.827879846096039 0.834057152271271 0.828569293022156 0.828249990940094 0.826194584369659 0.827549815177917 0.826324045658112 0.819886684417725 0.81809002161026 0.823372364044189 0.832794666290283 0.834261953830719 0.837704658508301
0.843659460544586 0.838149428367615 0.826599180698395 0.810959696769714 0.804171323776245 0.806990087032318 0.812882423400879 0.820302963256836 0.823711156845093 0.828736066818237 0.835652470588684 0.839208483695984 0.838532090187073 0.841659247875214 0.843330681324005 0.845185577869415 0.846829414367676 0.844675719738007 0.83944308757782 0.834432721138 0.838897347450256 0.837314963340759 0.837910592556 0.83271199464798 0.834233582019806 0.834422647953033 0.831559836864471 0.83348137140274 0.8375164270401 0.836015224456787 0.834468722343445 0.835392415523529 0.830394744873047 0.831080794334412 0.832767605781555 0.830861508846283 0.82307231426239 0.825717449188232 0.822957217693329 0.824216306209564 0.819601774215698 0.819601655006409 0.824796080589294 0.830536305904388 0.831971287727356 0.838604927062988
0.842445373535156 0.836254298686981 0.825193762779236 0.825982213020325 0.817731738090515 0.823628306388855 0.82528680562973 0.830150723457336 0.839424550533295 0.837935626506805 0.842144727706909 0.841290354728699 0.842186391353607 0.839808225631714 0.837704300880432 0.840729832649231 0.840378880500793 0.837112963199615 0.831573665142059 0.832640111446381 0.831393122673035 0.82869017124176 0.835348784923553 0.836122214794159 0.836381196975708 0.835301220417023 0.834477841854095 0.837872266769409 0.839153409004211 0.834433972835541 0.835709691047668 0.832453668117523 0.827503740787506 0.82630056142807 0.823865592479706 0.822664558887482 0.824378967285156 0.823309481143951 0.826774775981903 0.830438017845154 0.825592339038849 0.820414125919342 0.829010844230652 0.832870483398438 0.831756711006165 0.830746352672577
0.837211191654205 0.838940024375916 0.832880020141602 0.831937253475189 0.823623359203339 0.827445805072784 0.834426879882812 0.840238511562347 0.842506408691406 0.837790727615356 0.839817047119141 0.842563450336456 0.841147601604462 0.837729334831238 0.834561765193939 0.835804045200348 0.834813594818115 0.828733861446381 0.830533027648926 0.82202422618866 0.823530972003937 0.825456976890564 0.835161864757538 0.834169149398804 0.8338822722435 0.838598310947418 0.842171609401703 0.838874697685242 0.837650001049042 0.834021627902985 0.832824349403381 0.828919112682343 0.827511966228485 0.820871233940125 0.818487882614136 0.825907826423645 0.826091766357422 0.822150766849518 0.826190412044525 0.832310914993286 0.833888709545135 0.834421217441559 0.833731472492218 0.834225594997406 0.830582201480865 0.828631281852722
0.841023564338684 0.834977865219116 0.835198700428009 0.835359632968903 0.835370600223541 0.83860445022583 0.837359428405762 0.842410147190094 0.842146039009094 0.842665135860443 0.838759541511536 0.829185247421265 0.83439028263092 0.833812892436981 0.835899233818054 0.83639007806778 0.830624878406525 0.830431461334229 0.827766239643097 0.827395796775818 0.824051439762115 0.829769015312195 0.826488852500916 0.832427680492401 0.83123368024826 0.833504557609558 0.833957672119141 0.831450581550598 0.829009711742401 0.82399708032608 0.820331752300262 0.811219930648804 0.811110556125641 0.816504538059235 0.815311431884766 0.816640913486481 0.822864770889282 0.823722302913666 0.827708542346954 0.835045039653778 0.841517448425293 0.846413969993591 0.842450141906738 0.836025178432465 0.835153996944427 0.824907720088959
0.838443100452423 0.839549124240875 0.841628432273865 0.839924693107605 0.841067492961884 0.83916312456131 0.837291777133942 0.838365912437439 0.834541261196136 0.831840693950653 0.836407899856567 0.827691256999969 0.827380657196045 0.834084272384644 0.832855582237244 0.832352161407471 0.832467973232269 0.832240521907806 0.830682039260864 0.82418030500412 0.824873089790344 0.825845301151276 0.825969219207764 0.827559411525726 0.831101179122925 0.827508628368378 0.824103653430939 0.82710999250412 0.822886228561401 0.818550407886505 0.807004392147064 0.802716732025146 0.804283142089844 0.809087753295898 0.809555232524872 0.811276197433472 0.813584923744202 0.820332169532776 0.826549768447876 0.831246852874756 0.844135046005249 0.850445747375488 0.844514131546021 0.835700273513794 0.829215347766876 0.826094150543213
0.841975629329681 0.844932079315186 0.846735239028931 0.843649446964264 0.842446386814117 0.841019868850708 0.836136698722839 0.835071206092834 0.826281666755676 0.829495668411255 0.831629276275635 0.827994525432587 0.823048770427704 0.826404929161072 0.829859614372253 0.826088130474091 0.833319902420044 0.830820202827454 0.833796977996826 0.828466653823853 0.827251553535461 0.82453989982605 0.82638555765152 0.824746191501617 0.820110619068146 0.82318639755249 0.820996284484863 0.819207072257996 0.813730776309967 0.810669004917145 0.803884148597717 0.795441031455994 0.794632315635681 0.797527194023132 0.803649544715881 0.804267823696136 0.806361198425293 0.812820792198181 0.820279240608215 0.826444327831268 0.792716205120087 0.79288524389267 0.787795782089233 0.778747141361237 0.776199221611023 0.770519971847534
0.846305191516876 0.848446309566498 0.842644333839417 0.843753397464752 0.843333184719086 0.836276829242706 0.828636825084686 0.826409041881561 0.824164509773254 0.823978841304779 0.82185286283493 0.821581840515137 0.827152013778687 0.826687276363373 0.82941472530365 0.823735594749451 0.830906808376312 0.829037129878998 0.833660662174225 0.830517768859863 0.830530881881714 0.824736893177032 0.824400305747986 0.821171820163727 0.821641743183136 0.816554129123688 0.818780303001404 0.813557028770447 0.808700144290924 0.803525447845459 0.798962831497192 0.793798446655273 0.788179337978363 0.786932587623596 0.788176238536835 0.739124238491058 0.744072556495667 0.750405967235565 0.759080171585083 0.770667433738708 0.776407182216644 0.779917776584625 0.781047403812408 0.777809619903564 0.767140328884125 0.760714411735535
0.845421493053436 0.846723258495331 0.840619921684265 0.840154767036438 0.838057398796082 0.825715184211731 0.82429176568985 0.814899086952209 0.814872026443481 0.816227853298187 0.813134372234344 0.820096373558044 0.817058801651001 0.820184648036957 0.825251400470734 0.827758550643921 0.828209757804871 0.830138742923737 0.831782877445221 0.828741192817688 0.824633896350861 0.822175204753876 0.822411596775055 0.819293320178986 0.815985798835754 0.813680827617645 0.812333941459656 0.806865930557251 0.801485121250153 0.798298597335815 0.792628586292267 0.788063228130341 0.786250174045563 0.728394091129303 0.733483731746674 0.732462584972382 0.734914839267731 0.740306675434113 0.750377416610718 0.758459270000458 0.76249098777771 0.765878617763519 0.764097988605499 0.764681339263916 0.757234275341034 0.755709767341614
0.842678129673004 0.842007756233215 0.842585504055023 0.837954223155975 0.825649499893188 0.818941235542297 0.80705451965332 0.812780976295471 0.808643519878387 0.804097354412079 0.808947920799255 0.811865031719208 0.810983836650848 0.810184895992279 0.818404376506805 0.819297611713409 0.83025449514389 0.829175233840942 0.827383399009705 0.826874613761902 0.824786245822906 0.823623955249786 0.820108115673065 0.816116154193878 0.816441893577576 0.809041440486908 0.807248592376709 0.802312970161438 0.797921478748322 0.79405951499939 0.787816405296326 0.779793679714203 0.72995400428772 0.722824275493622 0.723057091236115 0.723144173622131 0.724760174751282 0.734982430934906 0.735223948955536 0.74308317899704 0.747859060764313 0.748341143131256 0.751129031181335 0.753490090370178 0.751053988933563 0.745705783367157
0.834510505199432 0.833985805511475 0.82960718870163 0.823861956596375 0.817961871623993 0.80938595533371 0.801110148429871 0.802776217460632 0.798860907554626 0.801469922065735 0.803772985935211 0.803693950176239 0.806337654590607 0.804309070110321 0.811293423175812 0.820089638233185 0.821501016616821 0.826241970062256 0.823474586009979 0.820253193378448 0.821336925029755 0.822113931179047 0.819262385368347 0.818942189216614 0.810564517974854 0.807735562324524 0.807239890098572 0.79820442199707 0.791787683963776 0.787814319133759 0.78378701210022 0.725296378135681 0.721845328807831 0.718964636325836 0.720420300960541 0.725675940513611 0.731446206569672 0.734736561775208 0.733780562877655 0.736125290393829 0.742622256278992 0.740612506866455 0.747970879077911 0.746489346027374 0.741290330886841 0.736147701740265
0.820887207984924 0.814839899539948 0.813065588474274 0.815782368183136 0.808038175106049 0.802190244197845 0.793250441551208 0.789305806159973 0.787499666213989 0.792000889778137 0.797988414764404 0.79395717382431 0.799411773681641 0.799554705619812 0.806010961532593 0.814085960388184 0.822674155235291 0.820269227027893 0.820801794528961 0.821332395076752 0.821431577205658 0.820262730121613 0.818888247013092 0.815680503845215 0.812993764877319 0.807810544967651 0.804423749446869 0.797511696815491 0.793007493019104 0.728835880756378 0.722695052623749 0.722348749637604 0.712517857551575 0.718772351741791 0.723642587661743 0.728361427783966 0.727160036563873 0.729062139987946 0.728761732578278 0.729154467582703 0.734797835350037 0.733945786952972 0.733945786952972 0.732393741607666 0.731258749961853 0.72221565246582
0.804171621799469 0.802913248538971 0.795233964920044 0.796875715255737 0.792539000511169 0.78795850276947 0.783074021339417 0.782100975513458 0.786759376525879 0.785837769508362 0.784656465053558 0.78460818529129 0.792089462280273 0.799171268939972 0.800238311290741 0.81153804063797 0.812629520893097 0.819328665733337 0.821433305740356 0.825024366378784 0.82223641872406 0.82025408744812 0.817451059818268 0.815535008907318 0.816141486167908 0.807685375213623 0.801921963691711 0.798456490039825 0.735276937484741 0.728768885135651 0.725632131099701 0.715973317623138 0.715137243270874 0.719544172286987 0.726563453674316 0.728352606296539 0.732365131378174 0.731954872608185 0.723057925701141 0.73162454366684 0.728552341461182 0.726815700531006 0.723984658718109 0.722331583499908 0.720752894878387 0.719437658786774
0.794765710830688 0.785120964050293 0.780111968517303 0.789059042930603 0.780755698680878 0.772888362407684 0.770575106143951 0.768167734146118 0.773123800754547 0.769439160823822 0.773073434829712 0.773007750511169 0.790026187896729 0.792534351348877 0.796667814254761 0.800539672374725 0.806702494621277 0.81196266412735 0.819669425487518 0.822860658168793 0.818786263465881 0.821414887905121 0.819190502166748 0.809863686561584 0.809884011745453 0.801969766616821 0.800035059452057 0.741019606590271 0.730592131614685 0.72420197725296 0.722185730934143 0.724773645401001 0.71834921836853 0.719374895095825 0.724715948104858 0.73197615146637 0.728963077068329 0.726245105266571 0.719332754611969 0.722834408283234 0.719220042228699 0.718208253383636 0.718208253383636 0.715333044528961 0.718501448631287 0.716890454292297
0.785867512226105 0.784530699253082 0.774405837059021 0.771792829036713 0.76430332660675 0.766330182552338 0.770707905292511 0.760864794254303 0.757738351821899 0.755999386310577 0.765871226787567 0.775508880615234 0.784145653247833 0.789465844631195 0.795390844345093 0.796513617038727 0.799920380115509 0.8084357380867 0.811380445957184 0.817240536212921 0.815277576446533 0.815824210643768 0.81612628698349 0.812864899635315 0.805603384971619 0.749240934848785 0.738763153553009 0.737240016460419 0.729790151119232 0.727887868881226 0.719862103462219 0.724860012531281 0.722232460975647 0.718617260456085 0.72108256816864 0.720634758472443 0.719204008579254 0.718774259090424 0.715858638286591 0.715790569782257 0.716967165470123 0.717105567455292 0.713607251644135 0.714040875434875 0.70927107334137 0.708258509635925
0.785053193569183 0.770439982414246 0.768968045711517 0.767546713352203 0.764486908912659 0.763963222503662 0.765482127666473 0.763385832309723 0.756809830665588 0.749920427799225 0.760385692119598 0.770100653171539 0.781756162643433 0.791623175144196 0.796431124210358 0.797513902187347 0.798912823200226 0.803288102149963 0.802034616470337 0.810784757137299 0.813291609287262 0.819811642169952 0.818561375141144 0.819011270999908 0.757130980491638 0.751071333885193 0.742588102817535 0.738848090171814 0.730691373348236 0.729624629020691 0.726130545139313 0.722185671329498 0.719987571239471 0.71259343624115 0.713779807090759 0.714533567428589 0.71276181936264 0.70834892988205 0.710643768310547 0.708789110183716 0.710798859596252 0.710372805595398 0.708826661109924 0.707406222820282 0.707312524318695 0.700596451759338
0.785374343395233 0.776386618614197 0.767701089382172 0.762377083301544 0.759584963321686 0.764628410339355 0.76087087392807 0.764601469039917 0.762451350688934 0.760948061943054 0.763498365879059 0.766999304294586 0.777429640293121 0.776466250419617 0.781816363334656 0.788735449314117 0.791492640972137 0.792568504810333 0.795859754085541 0.803433775901794 0.814749836921692 0.818260192871094 0.822485566139221 0.76759397983551 0.760704278945923 0.757845401763916 0.751461148262024 0.746791243553162 0.741674363613129 0.734935820102692 0.730353116989136 0.72440779209137 0.718558728694916 0.718339443206787 0.711777210235596 0.710770606994629 0.710593581199646 0.707400739192963 0.707620859146118 0.710602819919586 0.709634304046631 0.706478297710419 0.708556890487671 0.70426470041275 0.705237090587616 0.69719785451889
0.78763085603714 0.783006608486176 0.774054229259491 0.766102075576782 0.763698935508728 0.756802916526794 0.758774518966675 0.758909940719604 0.763324797153473 0.765706062316895 0.766872823238373 0.770040273666382 0.772231101989746 0.782863080501556 0.782868325710297 0.784908711910248 0.784385502338409 0.780265748500824 0.787104606628418 0.799215734004974 0.812432467937469 0.82194322347641 0.773663222789764 0.771547615528107 0.764731049537659 0.760461628437042 0.758565127849579 0.753733158111572 0.745204508304596 0.739126265048981 0.729867815971375 0.725130438804626 0.723270297050476 0.718888640403748 0.716301798820496 0.709439396858215 0.705975413322449 0.709072172641754 0.702744841575623 0.701796650886536 0.702771246433258 0.702874064445496 0.701232016086578 0.699752271175385 0.698383450508118 0.698800683021545
0.794934749603271 0.786876499652863 0.777456164360046 0.772649645805359 0.769181847572327 0.762688636779785 0.764906883239746 0.771650552749634 0.772804975509644 0.770012140274048 0.767158985137939 0.77338707447052 0.781173288822174 0.785187840461731 0.789742350578308 0.792001187801361 0.786013603210449 0.784341156482697 0.781416237354279 0.796253561973572 0.805407524108887 0.765874326229095 0.771886169910431 0.771282315254211 0.770061731338501 0.771273076534271 0.765797674655914 0.756464719772339 0.750038087368011 0.740498661994934 0.733307361602783 0.728977203369141 0.726982831954956 0.721282422542572 0.718524575233459 0.715764045715332 0.710916638374329 0.703960955142975 0.707432508468628 0.705092787742615 0.696965932846069 0.69599974155426 0.69660758972168 0.694494187831879 0.694387376308441 0.694387376308441
0.791840672492981 0.787008762359619 0.783902883529663 0.777509331703186 0.770290553569794 0.767974436283112 0.772052884101868 0.779455780982971 0.785614311695099 0.776896417140961 0.782514929771423 0.781041085720062 0.791334688663483 0.797045469284058 0.795703113079071 0.798640072345734 0.797726452350616 0.797207951545715 0.793393611907959 0.798457324504852 0.760209202766418 0.764886558055878 0.771756529808044 0.775728464126587 0.775490701198578 0.774495661258698 0.768562436103821 0.762243747711182 0.749967992305756 0.745065331459045 0.727585911750793 0.722268104553223 0.722630262374878 0.721774578094482 0.717721343040466 0.712757170200348 0.711261749267578 0.701329052448273 0.702110052108765 0.696868538856506 0.695264160633087 0.69208288192749 0.692359685897827 0.689476072788239 0.689613163471222 0.688831925392151
