data/climate_estimation/maxent_output/Erythronium_rostratum.asc
NCOLS 159 
NROWS 106 
XLLCORNER -96.1666666666667 
YLLCORNER 30.3333333333333 
CELLSIZE 0.0833333333333333 
NODATA_value -3.4e+38 
[rows 80 to 99 of 106, columns 88 to 131 of 159]
0.489385396242142 0.479689091444016 0.456397831439972 0.474528640508652 0.473084032535553 0.470316410064697 0.475664883852005 0.477336168289185 0.490478932857513 0.489866673946381 0.496992468833923 0.546243011951447 0.473458975553513 0.5147864818573 0.518456935882568 0.518471717834473 0.517602205276489 0.45364573597908 0.510657668113708 0.451674789190292 0.464986085891724 0.453223168849945 0.459684520959854 0.465735554695129 0.506986439228058 0.491124659776688 0.54007089138031 0.519933879375458 0.478954464197159 0.470904439687729 0.463951796293259 0.482036352157593 0.421137630939484 0.466157466173172 0.415947914123535 0.408781707286835 0.396328806877136 0.395787864923477 0.39714115858078 0.389805138111115 0.392146646976471 0.354305118322372 0.343652069568634 0.319858074188232
0.513179838657379 0.505971252918243 0.457577854394913 0.439912408590317 0.458641320466995 0.46702367067337 0.461003601551056 0.457745164632797 0.480879426002502 0.484131067991257 0.490605413913727 0.486785531044006 0.494727164506912 0.511266648769379 0.518838047981262 0.45685413479805 0.447729676961899 0.470266908407211 0.470023423433304 0.464183360338211 0.447342872619629 0.460612118244171 0.459970444440842 0.461407721042633 0.452321738004684 0.496406823396683 0.493226736783981 0.523417234420776 0.507590651512146 0.465222299098969 0.466929137706757 0.483249723911285 0.445390820503235 0.444167852401733 0.448706865310669 0.444341391324997 0.437662750482559 0.439678758382797 0.378042429685593 0.413390934467316 0.404791086912155 0.387725591659546 0.323104113340378 0.340536236763
0.513822674751282 0.487371802330017 0.454104840755463 0.442577838897705 0.431570321321487 0.452209413051605 0.451771587133408 0.462255746126175 0.465083509683609 0.486896812915802 0.493756473064423 0.49456587433815 0.502960562705994 0.518203854560852 0.519996047019958 0.444394290447235 0.453723222017288 0.463299363851547 0.47770619392395 0.452437222003937 0.465403378009796 0.462144553661346 0.455596059560776 0.459803700447083 0.445557326078415 0.50138908624649 0.478849560022354 0.461388438940048 0.504898905754089 0.486677169799805 0.489465802907944 0.497646898031235 0.491935700178146 0.433574318885803 0.441974222660065 0.447521865367889 0.444558799266815 0.423532605171204 0.419817954301834 0.405673205852509 0.388771891593933 0.372359275817871 0.356481969356537 0.328694939613342
0.514920055866241 0.478194087743759 0.462629228830338 0.453398764133453 0.430375069379807 0.459730565547943 0.466149836778641 0.472204446792603 0.468602389097214 0.48076331615448 0.48915696144104 0.48416593670845 0.470280438661575 0.486743420362473 0.511545479297638 0.449079632759094 0.455299943685532 0.46564057469368 0.453438967466354 0.457088828086853 0.463870346546173 0.471999943256378 0.457209825515747 0.501079320907593 0.435386687517166 0.502070248126984 0.490765154361725 0.47236755490303 0.519034922122955 0.510566830635071 0.48906135559082 0.490243762731552 0.435679078102112 0.486768215894699 0.427869886159897 0.432429879903793 0.42131581902504 0.411141127347946 0.403752624988556 0.388504713773727 0.377871930599213 0.375580340623856 0.349942326545715 0.338180929422379
0.436287820339203 0.480353444814682 0.469675451517105 0.430153727531433 0.468619883060455 0.481894314289093 0.439810365438461 0.452117413282394 0.464918583631516 0.481873750686646 0.523053288459778 0.531021058559418 0.468699872493744 0.476125359535217 0.492821663618088 0.447892040014267 0.461251646280289 0.471657305955887 0.446030139923096 0.46089369058609 0.458620011806488 0.453925311565399 0.459768503904343 0.458287984132767 0.501147449016571 0.492913335561752 0.481478214263916 0.478149443864822 0.52734786272049 0.510250210762024 0.508384466171265 0.484445095062256 0.489368349313736 0.479487746953964 0.475644201040268 0.414871394634247 0.406784534454346 0.388784110546112 0.375298500061035 0.367542088031769 0.362378597259521 0.351930230855942 0.33668714761734 0.328045606613159
0.480648577213287 0.416353732347488 0.457031846046448 0.439081460237503 0.470433473587036 0.470433473587036 0.478823453187943 0.511858105659485 0.458700567483902 0.535023927688599 0.52470588684082 0.46577712893486 0.534979045391083 0.474748134613037 0.508500814437866 0.519091546535492 0.451555907726288 0.462540805339813 0.441721260547638 0.445551127195358 0.449347347021103 0.449106812477112 0.463221818208694 0.504103660583496 0.486329317092896 0.480118930339813 0.467717796564102 0.464354276657104 0.510424375534058 0.501659154891968 0.487852036952972 0.473127424716949 0.476810276508331 0.465938210487366 0.460267186164856 0.436487883329391 0.441958099603653 0.424428850412369 0.357765913009644 0.359803646802902 0.344246476888657 0.3440101146698 0.333777338266373 0.326390027999878
0.45479878783226 0.464558362960815 0.43525019288063 0.436610609292984 0.413129180669785 0.424688816070557 0.489907324314117 0.491438686847687 0.51368248462677 0.523003101348877 0.463270127773285 0.520373642444611 0.512548387050629 0.52809089422226 0.485329866409302 0.506595969200134 0.455376803874969 0.452192932367325 0.428734749555588 0.43430632352829 0.435708165168762 0.442694902420044 0.438843697309494 0.494230836629868 0.481250047683716 0.478437483310699 0.450673192739487 0.498350143432617 0.477472335100174 0.454638361930847 0.458172857761383 0.465321749448776 0.48032084107399 0.458237528800964 0.450250506401062 0.433936715126038 0.420546442270279 0.412617594003677 0.3950574696064 0.329716056585312 0.329513400793076 0.323307037353516 0.323963135480881 0.317907422780991
0.499151408672333 0.453008890151978 0.427734732627869 0.41694250702858 0.482966303825378 0.480234175920486 0.491347849369049 0.506655395030975 0.507037043571472 0.481294274330139 0.497730135917664 0.4902084171772 0.483303725719452 0.492233991622925 0.461404919624329 0.49810117483139 0.467716723680496 0.472068279981613 0.415466576814651 0.470793962478638 0.468165934085846 0.485599488019943 0.484685957431793 0.461169004440308 0.45791283249855 0.451730847358704 0.44530376791954 0.500693380832672 0.486195713281631 0.473837554454803 0.449969083070755 0.470538824796677 0.463737070560455 0.446592062711716 0.440740197896957 0.421158254146576 0.404044717550278 0.38751232624054 0.341044336557388 0.313964545726776 0.305757105350494 0.30425614118576 0.317474812269211 0.312363028526306
0.471660852432251 0.478528827428818 0.46232470870018 0.465161323547363 0.462703883647919 0.460177302360535 0.482347905635834 0.499286413192749 0.49665305018425 0.483173966407776 0.499047636985779 0.488124668598175 0.483643770217896 0.494420886039734 0.490857005119324 0.472270905971527 0.47405481338501 0.456510812044144 0.46972867846489 0.468023002147675 0.461907863616943 0.452836275100708 0.458351671695709 0.459516137838364 0.451576799154282 0.445937305688858 0.500508785247803 0.496194362640381 0.489063382148743 0.475931137800217 0.468526929616928 0.455975949764252 0.457451164722443 0.439629465341568 0.411624193191528 0.400498420000076 0.397193938493729 0.377661049365997 0.321053951978683 0.313067615032196 0.303972095251083 0.299754321575165 0.301496595144272 0.296979159116745
0.517065823078156 0.523914277553558 0.451771825551987 0.461665421724319 0.436430543661118 0.435280203819275 0.464223802089691 0.474391937255859 0.495490700006485 0.488737642765045 0.481725811958313 0.466982841491699 0.450382590293884 0.467929005622864 0.452488243579865 0.426662683486938 0.426283270120621 0.423006922006607 0.452649116516113 0.451277911663055 0.43957257270813 0.415769785642624 0.432757616043091 0.444772779941559 0.493963241577148 0.499742180109024 0.493493258953094 0.493493258953094 0.475931137800217 0.477500706911087 0.476896554231644 0.519957482814789 0.458069503307343 0.44104015827179 0.407642334699631 0.394562989473343 0.382307380437851 0.376551806926727 0.353697448968887 0.29254475235939 0.295662492513657 0.287770658731461 0.290897578001022 0.289679259061813
0.515758514404297 0.507343769073486 0.518650531768799 0.515587270259857 0.508786857128143 0.442214250564575 0.528464734554291 0.527200937271118 0.472800642251968 0.448413103818893 0.452619612216949 0.426987200975418 0.422297388315201 0.436573654413223 0.450286269187927 0.465126842260361 0.421037167310715 0.469077199697495 0.415854156017303 0.471141159534454 0.450253069400787 0.466283589601517 0.420754164457321 0.425096362829208 0.484098345041275 0.473434716463089 0.487600058317184 0.477289259433746 0.466400325298309 0.476774513721466 0.469872057437897 0.52972012758255 0.51133143901825 0.433304071426392 0.409680843353271 0.378944456577301 0.365857750177383 0.345331192016602 0.334587216377258 0.325740337371826 0.269821494817734 0.272047877311707 0.279241621494293 0.268846660852432
0.566630661487579 0.500530779361725 0.504309356212616 0.522834718227386 0.504997253417969 0.496873289346695 0.483687251806259 0.48448172211647 0.488740295171738 0.491496533155441 0.486990481615067 0.481940656900406 0.484372973442078 0.433589816093445 0.452496558427811 0.455541044473648 0.441730737686157 0.427008956670761 0.448478162288666 0.440844029188156 0.442029476165771 0.450820118188858 0.45442071557045 0.46137872338295 0.451859027147293 0.444770604372025 0.451675206422806 0.443715661764145 0.452697217464447 0.509069442749023 0.519234895706177 0.492994904518127 0.4239741563797 0.475639998912811 0.388632148504257 0.360388040542603 0.332478225231171 0.315812706947327 0.304713547229767 0.295683354139328 0.293518632650375 0.292711228132248 0.260083824396133 0.253685534000397
0.528811395168304 0.551199495792389 0.563961863517761 0.496896654367447 0.489508777856827 0.462473720312119 0.453424394130707 0.466698288917542 0.479811728000641 0.480197995901108 0.484343677759171 0.463408678770065 0.456453800201416 0.463952422142029 0.474218189716339 0.482775151729584 0.449213087558746 0.44978141784668 0.457609087228775 0.403096973896027 0.419908374547958 0.430297464132309 0.432216823101044 0.428509086370468 0.436015218496323 0.421916991472244 0.481916934251785 0.473670840263367 0.48383492231369 0.487184196710587 0.465198218822479 0.46392422914505 0.468703150749207 0.468855381011963 0.363832116127014 0.374598950147629 0.29725506901741 0.281661599874496 0.269182175397873 0.265917778015137 0.270306885242462 0.280568152666092 0.287265539169312 0.260144650936127
0.518430769443512 0.517072975635529 0.508559346199036 0.531221508979797 0.505787074565887 0.505383670330048 0.509641051292419 0.524925768375397 0.516543507575989 0.462376236915588 0.462808161973953 0.455610275268555 0.45924186706543 0.459758877754211 0.454383909702301 0.443597972393036 0.426513314247131 0.417616993188858 0.430181860923767 0.433130919933319 0.377518624067307 0.382832527160645 0.397927224636078 0.398470789194107 0.446484953165054 0.464916586875916 0.446701109409332 0.455044507980347 0.450549453496933 0.443397969007492 0.448996812105179 0.427735477685928 0.447171300649643 0.419031709432602 0.377895474433899 0.330762654542923 0.254194259643555 0.242157906293869 0.250389933586121 0.272452265024185 0.288832068443298 0.294799745082855 0.300820231437683 0.26482293009758
0.510842025279999 0.498254984617233 0.505787074565887 0.506148934364319 0.495499700307846 0.494792580604553 0.487442344427109 0.500884354114532 0.5038161277771 0.504918396472931 0.516077041625977 0.503777265548706 0.50149393081665 0.494617134332657 0.478820234537125 0.460626661777496 0.464303314685822 0.399184048175812 0.397439420223236 0.402799338102341 0.393835067749023 0.400069862604141 0.404414713382721 0.406062215566635 0.416541934013367 0.423002034425735 0.413922607898712 0.42546558380127 0.419247686862946 0.418050080537796 0.422316670417786 0.412114381790161 0.417583495378494 0.378110200166702 0.329843610525131 0.26420521736145 0.255183696746826 0.264598667621613 0.255097836256027 0.27509543299675 0.301155358552933 0.311012297868729 0.315493196249008 0.275745898485184
0.50053209066391 0.497346341609955 0.488044559955597 0.494521915912628 0.473511666059494 0.484508246183395 0.481174618005753 0.482024401426315 0.477858066558838 0.485636442899704 0.489124894142151 0.482722580432892 0.485668957233429 0.452717155218124 0.444646418094635 0.440076291561127 0.431747198104858 0.426950752735138 0.364855051040649 0.367284864187241 0.366828888654709 0.352083027362823 0.350552827119827 0.360489666461945 0.377745449542999 0.384278148412704 0.391792893409729 0.395281910896301 0.392244160175323 0.399830281734467 0.389938980340958 0.39357990026474 0.391891151666641 0.370121091604233 0.354292511940002 0.276445835828781 0.285770088434219 0.251005798578262 0.281059473752975 0.281888246536255 0.306563526391983 0.309173196554184 0.322520703077316 0.319024801254272
0.502768099308014 0.499565333127975 0.48595005273819 0.481899946928024 0.463750749826431 0.468562871217728 0.456499040126801 0.460002243518829 0.463484525680542 0.46002122759819 0.465924263000488 0.465924263000488 0.453076183795929 0.428712725639343 0.409995377063751 0.414716362953186 0.404429703950882 0.402762353420258 0.38257297873497 0.326061397790909 0.30986762046814 0.309640556573868 0.316225409507751 0.335050731897354 0.338595241308212 0.397543668746948 0.408756941556931 0.422382384538651 0.371577560901642 0.372356951236725 0.371058583259583 0.36886265873909 0.381899654865265 0.315497070550919 0.318043023347855 0.307892769575119 0.309007197618484 0.25959101319313 0.289868950843811 0.297731310129166 0.311798870563507 0.322401612997055 0.329581707715988 0.28883284330368
0.493867665529251 0.477355509996414 0.466877907514572 0.446189075708389 0.436202585697174 0.4489366710186 0.438636392354965 0.432500779628754 0.443117946386337 0.448252201080322 0.455004453659058 0.439974963665009 0.423420816659927 0.40099835395813 0.386534839868546 0.380707263946533 0.378942161798477 0.373393654823303 0.369429767131805 0.314330726861954 0.290077686309814 0.271296113729477 0.278703421354294 0.342570751905441 0.357411056756973 0.367875665426254 0.377546936273575 0.385015964508057 0.390057802200317 0.384129583835602 0.391240507364273 0.343431830406189 0.35356941819191 0.313677787780762 0.30429744720459 0.262001901865005 0.266389071941376 0.270507425069809 0.266540437936783 0.268245667219162 0.285149216651917 0.291307121515274 0.29611399769783 0.295247048139572
0.466151237487793 0.467944890260696 0.445165038108826 0.428322345018387 0.436519414186478 0.432692348957062 0.421238392591476 0.423920601606369 0.414695262908936 0.427443385124207 0.437527865171432 0.365200787782669 0.404909282922745 0.389133989810944 0.381440222263336 0.360628575086594 0.351300805807114 0.350055664777756 0.349815368652344 0.342367827892303 0.318045049905777 0.303447961807251 0.321730434894562 0.329796522855759 0.340424537658691 0.353613674640656 0.352775871753693 0.307304263114929 0.304541796445847 0.310480445623398 0.310480445623398 0.321013242006302 0.281762510538101 0.282341182231903 0.287728071212769 0.286011308431625 0.292758047580719 0.290502518415451 0.255187839269638 0.270282536745071 0.269428163766861 0.291730463504791 0.29988506436348 0.297642469406128
0.447537451982498 0.443974196910858 0.411444514989853 0.403075754642487 0.415663778781891 0.415114432573318 0.404536694288254 0.415059357881546 0.454722672700882 0.404117703437805 0.397305369377136 0.389397472143173 0.358540832996368 0.348866999149323 0.399745911359787 0.387986093759537 0.377205967903137 0.385222762823105 0.338204920291901 0.311638683080673 0.322342574596405 0.267176419496536 0.275157481431961 0.271224051713943 0.268008768558502 0.27839720249176 0.279653519392014 0.281976938247681 0.2436713129282 0.247916147112846 0.24796749651432 0.25755563378334 0.216186881065369 0.218570306897163 0.224697813391685 0.236378595232964 0.23464398086071 0.237979218363762 0.234250769019127 0.251869559288025 0.224014759063721 0.267734050750732 0.244707584381104 0.286460906267166
