data/climate_estimation/maxent_output/Erythronium_californicum.asc
NCOLS 42 
NROWS 43 
XLLCORNER -124.083333333333 
YLLCORNER 38.4166666666667 
CELLSIZE 0.0833333333333333 
NODATA_value -3.4e+38 
[rows 21 to 41 of 43, columns 0 to 41 of 42]
0.604744076728821 0.75344306230545 0.898168563842773 0.875002801418304 0.865866363048553 0.850369870662689 0.765508532524109 0.810528755187988 0.771070718765259 0.780117690563202 0.849155902862549 0.860589385032654 0.812364995479584 0.691411733627319 0.840240776538849 0.730716943740845 0.260563939809799 0.166172176599503 0.0766739845275879 0.0623703747987747 0.0290206559002399 0.0146796656772494 0.0111371017992496 0.0212702117860317 0.0691050514578819 0.171485245227814 0.489130139350891 0.88305252790451 0.933875679969788 0.93738728761673 0.886474370956421 0.72161078453064 0.623273193836212 0.735330939292908 0.65888375043869 0.66108113527298 0.358649253845215 0.141451969742775 0.0647078603506088 0.0319084972143173 0.0125588439404964 0.00526169501245022
0.544775843620300 0.811253011226654 0.87283056974411 0.865573525428772 0.776065468788147 0.833854794502258 0.82765930891037 0.760487616062164 0.819947957992554 0.801651000976562 0.842374801635742 0.811154007911682 0.746532440185547 0.782270312309265 0.818064153194427 0.865905463695526 0.49521678686142 0.168143033981323 0.0572774037718773 0.0246182437986135 0.0149728255346417 0.00784159172326326 0.00855429377406836 0.0118106510490179 0.0366498567163944 0.182150647044182 0.469723731279373 0.909647524356842 0.963418364524841 0.889176070690155 0.935520887374878 0.742272794246674 0.649575412273407 0.770864188671112 0.808232843875885 0.806865334510803 0.49247470498085 0.495760500431061 0.314136177301407 0.106845252215862 0.0194211676716805 0.00899197068065405
0.483410269021988 0.775566339492798 0.861377835273743 0.825931489467621 0.8336381316185 0.822892665863037 0.79010272026062 0.836421966552734 0.854459464550018 0.821547031402588 0.829389870166779 0.815668404102325 0.744032740592957 0.664528071880341 0.689395368099213 0.849698424339294 0.887922346591949 0.140978947281837 0.0382920391857624 0.0177252367138863 0.00994067080318928 0.00840656366199255 0.0089020999148488 0.0116157894954085 0.0209537427872419 0.0868586376309395 0.483471184968948 0.833154320716858 0.96696138381958 0.860837876796722 0.938142418861389 0.83101224899292 0.75728052854538 0.859196245670319 0.838194072246552 0.804603695869446 0.752954840660095 0.637803196907043 0.365022748708725 0.150131478905678 0.0860340371727943 0.01994170807302
0.515420436859131 0.622532725334167 0.840019762516022 0.822855293750763 0.835103869438171 0.743672430515289 0.82595682144165 0.790560841560364 0.78273993730545 0.824638068675995 0.792179822921753 0.787280440330505 0.883033573627472 0.849958598613739 0.902951598167419 0.853468239307404 0.91577672958374 0.195970699191093 0.024949099868536 0.0133646847680211 0.00812724232673645 0.00834742840379477 0.00928047951310873 0.0111829005181789 0.0197016932070255 0.0397639982402325 0.329245775938034 0.831283211708069 0.961660504341125 0.952809870243073 0.577197849750519 0.892726302146912 0.887359201908112 0.940590620040894 0.720284938812256 0.798433542251587 0.824562132358551 0.693337142467499 0.616359114646912 0.322549074888229 0.10160968452692 0.0429816246032715
-3.4e+38 0.713404655456543 0.692603349685669 0.763544857501984 0.745068609714508 0.773556709289551 0.765185236930847 0.792261064052582 0.834956228733063 0.796315968036652 0.796565294265747 0.841811537742615 0.86740517616272 0.826576471328735 0.8854700922966 0.884537935256958 0.910648226737976 0.0762384012341499 0.0169739909470081 0.0105534829199314 0.0068611647002399 0.00859925709664822 0.00945021118968725 0.0140033988282084 0.0191462021321058 0.0336797200143337 0.0966821685433388 0.714355051517487 0.814894735813141 0.893580257892609 0.80818110704422 0.616178214550018 0.951887130737305 0.929416835308075 0.908140599727631 0.814704477787018 0.855859279632568 0.786373555660248 0.74020904302597 0.619750022888184 0.448880285024643 0.102120511233807
-3.4e+38 -3.4e+38 0.708501815795898 0.70147168636322 0.752904772758484 0.811105787754059 0.790588200092316 0.797262072563171 0.768038272857666 0.757624447345734 0.692062675952911 0.7901331782341 0.829410970211029 0.861901998519897 0.879141449928284 0.919536411762238 0.924568235874176 0.244332432746887 0.0151369450613856 0.0122869415208697 0.00865171756595373 0.00874194968491793 0.011823489330709 0.0142423203215003 0.0196923892945051 0.0323951356112957 0.0628871843218803 0.239861562848091 0.691882908344269 0.768796503543854 0.87696385383606 0.935355424880981 0.941953599452972 0.960088610649109 0.934643626213074 0.920514523983002 0.835013151168823 0.818536877632141 0.64094740152359 0.610243022441864 0.581471741199493 0.355446070432663
-3.4e+38 -3.4e+38 -3.4e+38 0.654579162597656 0.717075705528259 0.808458924293518 0.805772960186005 0.803716242313385 0.768285155296326 0.755930542945862 0.75123542547226 0.785526931285858 0.818268358707428 0.853879392147064 0.805533766746521 0.899069905281067 0.584995985031128 0.331801980733871 0.0153973279520869 0.0126597341150045 0.0101260282099247 0.00964336004108191 0.0114760929718614 0.0138061940670013 0.0200222916901112 0.0166518352925777 0.0307239461690187 0.0648128911852837 0.255319952964783 0.675578117370605 0.716805875301361 0.787850320339203 0.879117548465729 0.928688585758209 0.947655320167542 0.910637378692627 0.879870712757111 0.813983380794525 0.762187004089355 0.658494532108307 0.539723634719849 0.508233964443207
-3.4e+38 -3.4e+38 -3.4e+38 0.467727184295654 0.645765244960785 0.799196362495422 0.811165332794189 0.76287430524826 0.758346736431122 0.808027565479279 0.817074716091156 0.76580822467804 0.85049307346344 0.803029716014862 0.884224355220795 0.888215005397797 0.89987176656723 0.151895835995674 0.0129286153241992 0.0107077984139323 0.00833312794566154 0.00828592944890261 0.00989609025418758 0.00713883340358734 0.00959869939833879 0.0144357029348612 0.0224616322666407 0.0396775491535664 0.0643830150365829 0.158362060785294 0.674574494361877 0.73671817779541 0.831135988235474 0.86796247959137 0.922720491886139 0.941842019557953 0.871817767620087 0.844304740428925 0.822922170162201 0.78888064622879 0.569831669330597 0.431935518980026
-3.4e+38 -3.4e+38 -3.4e+38 0.244606077671051 0.428142368793488 0.632537424564362 0.810313045978546 0.78468519449234 0.772718489170074 0.782895028591156 0.801425814628601 0.868949413299561 0.855146110057831 0.85034042596817 0.905871868133545 0.911730825901031 0.938739657402039 0.387805938720703 0.0149171371012926 0.0101149557158351 0.00866744108498096 0.00497560575604439 0.00470157060772181 0.00542266573756933 0.00713568739593029 0.00942279677838087 0.0153259756043553 0.022017378360033 0.0359273515641689 0.0802321285009384 0.349660724401474 0.456981629133224 0.494572520256042 0.838856160640717 0.883403599262238 0.889658570289612 0.881535112857819 0.869610786437988 0.812551319599152 0.770755410194397 0.648722648620605 0.56246292591095
-3.4e+38 -3.4e+38 -3.4e+38 0.164845064282417 0.306204795837402 0.545687019824982 0.683364570140839 0.803122401237488 0.805654227733612 0.788208663463593 0.775067210197449 0.828606605529785 0.882457256317139 0.782653510570526 0.853971838951111 0.919846057891846 0.941448390483856 0.402517288923264 0.0102389696985483 0.0110028786584735 0.00430843373760581 0.00405753683298826 0.00398151809349656 0.00439466675743461 0.00500177452340722 0.00648881494998932 0.00927295256406069 0.0138524798676372 0.0218785423785448 0.0331982746720314 0.0756703987717628 0.376897186040878 0.559321939945221 0.832099676132202 0.883839070796967 0.886294662952423 0.858163118362427 0.854549467563629 0.810695350170135 0.758853316307068 0.746105134487152 0.561064958572388
-3.4e+38 -3.4e+38 -3.4e+38 0.128785237669945 0.293019026517868 0.451036393642426 0.621941387653351 0.767821490764618 0.797035574913025 0.787721157073975 0.782874524593353 0.735207736492157 0.802299737930298 0.8145352602005 0.786076307296753 0.870575845241547 0.923259496688843 0.211059272289276 0.0121924793347716 0.0145047036930919 0.00489543378353119 0.00388060929253697 0.00303622451610863 0.00316284922882915 0.00344239408150315 0.00452839350327849 0.006470185238868 0.00966127403080463 0.0134115517139435 0.0216734036803246 0.0374017283320427 0.126485645771027 0.425067067146301 0.586222410202026 0.653185725212097 0.86163067817688 0.896526992321014 0.897128522396088 0.812593638896942 0.739025890827179 0.793721258640289 0.618134319782257
-3.4e+38 -3.4e+38 -3.4e+38 0.118351757526398 0.208019778132439 0.344357341527939 0.523676872253418 0.716959893703461 0.812700510025024 0.794292747974396 0.757537186145782 0.701968908309937 0.780504643917084 0.853452205657959 0.839029014110565 0.868654847145081 0.912631273269653 0.847531020641327 0.0550709404051304 0.0213248990476131 0.00644752150401473 0.00344372726976871 0.00254053878597915 0.00259222812019289 0.00251149316318333 0.00311465049162507 0.00385183631442487 0.0067091858945787 0.00828432943671942 0.0123517923057079 0.0209727045148611 0.0496253743767738 0.203941360116005 0.505300402641296 0.535002052783966 0.647063672542572 0.910450279712677 0.843295216560364 0.826453030109406 0.772599756717682 0.759257435798645 0.692197263240814
-339999999999999996123846586046231871488.000000000000000 -3.4e+38 -3.4e+38 0.106444828212261 0.189041748642921 0.298914194107056 0.46159616112709 0.667266488075256 0.832866311073303 0.811979949474335 0.746758282184601 0.762165486812592 0.78286749124527 0.733853757381439 0.793786108493805 0.885388374328613 0.848987579345703 0.820470869541168 0.458014219999313 0.0351706147193909 0.0114102438092232 0.00305062648840249 0.00225089956074953 0.00190312252379954 0.001968614757061 0.00211177067831159 0.004126135725528 0.0112529145553708 0.00569442752748728 0.00773244397714734 0.0115472422912717 0.0216225944459438 0.0513017326593399 0.361327618360519 0.550760626792908 0.844275116920471 0.892867684364319 0.918026447296143 0.872603893280029 0.74292778968811 0.752143144607544 0.65627533197403
-3.4e+38 -3.4e+38 -3.4e+38 -3.4e+38 0.19911402463913 0.288604378700256 0.378496825695038 0.609991312026978 0.847191393375397 0.835507392883301 0.770934462547302 0.781838774681091 0.814992010593414 0.455478698015213 0.332628011703491 0.823436379432678 0.803215146064758 0.658925175666809 0.0926752015948296 0.115824833512306 0.0120299141854048 0.00461533665657043 0.00239385571330786 0.00207300717011094 0.00168312469031662 0.00183840724639595 0.00206673447974026 0.00267560407519341 0.00402232352644205 0.00461096363142133 0.00716109247878194 0.010585967451334 0.0209375265985727 0.0930943936109543 0.481914550065994 0.649928152561188 0.858476161956787 0.86011803150177 0.837770521640778 0.757406830787659 0.780966818332672 0.669560074806213
-3.4e+38 -3.4e+38 -3.4e+38 -3.4e+38 0.153123214840889 0.274159401655197 0.415210455656052 0.508902311325073 0.75080132484436 0.842147767543793 0.803780913352966 0.761557757854462 0.830857515335083 0.460247218608856 0.238097801804543 0.221683531999588 0.282224863767624 0.118082992732525 0.0658449605107307 0.185733109712601 0.036395862698555 0.0176107380539179 0.00455076526850462 0.0023831173311919 0.00175935856532305 0.00171049730852246 0.00190217071212828 0.00219168118201196 0.00278084445744753 0.00312275136820972 0.00456922920420766 0.00737133994698524 0.012580830603838 0.0378370881080627 0.252903759479523 0.514626085758209 0.80055046081543 0.802331864833832 0.784603297710419 0.786222040653229 0.771364331245422 0.673704266548157
-3.4e+38 -3.4e+38 -3.4e+38 -3.4e+38 0.0713947638869286 0.188156813383102 0.34487509727478 0.504913032054901 0.658361256122589 0.844012260437012 0.849239110946655 0.7468101978302 0.720843315124512 0.756594955921173 0.448848962783813 0.73460054397583 0.244698598980904 0.181644886732101 0.146437451243401 0.140348821878433 0.0503880716860294 0.0570653155446053 0.0130662173032761 0.00408564787358046 0.00219035777263343 0.00180454482324421 0.00178643804974854 0.00219022040255368 0.00232187449000776 0.00268507795408368 0.00382907362654805 0.00582029018551111 0.00999006349593401 0.0176019892096519 0.0731035619974136 0.458974719047546 0.743007779121399 0.738805055618286 0.800655782222748 0.715932369232178 0.701027035713196 0.665723323822021
-3.4e+38 -3.4e+38 -3.4e+38 -3.4e+38 0.0657985657453537 0.130758583545685 0.264523327350616 0.377106457948685 0.573206126689911 0.774868667125702 0.812823891639709 0.788234353065491 0.733508348464966 0.809568822383881 0.807612061500549 0.820080280303955 0.810304045677185 0.569191575050354 0.480185836553574 0.71298211812973 0.325032591819763 0.171438559889793 0.0173055082559586 0.0122065199539065 0.00319955009035766 0.00206667720340192 0.00208055158145726 0.00212774099782109 0.00258208345621824 0.00266686175018549 0.00306714163161814 0.00508169597014785 0.00830369908362627 0.0139013649895787 0.0339485704898834 0.121387235820293 0.343950510025024 0.746351361274719 0.776851296424866 0.662997007369995 0.651160597801208 0.688346266746521
-3.4e+38 -3.4e+38 -3.4e+38 -3.4e+38 -3.4e+38 0.110528774559498 0.142609849572182 0.225818336009979 0.363026261329651 0.603431046009064 0.79579222202301 0.809677183628082 0.730021357536316 0.700743794441223 0.74558436870575 0.833506643772125 0.845205843448639 0.622591972351074 0.36414510011673 0.294860303401947 0.313374429941177 0.202104479074478 0.0318074338138103 0.0175456684082747 0.00359365763142705 0.00303822220303118 0.00241778627969325 0.00262104510329664 0.00281794439069927 0.00301827839575708 0.00376719003543258 0.00495358090847731 0.00758233666419983 0.0113493427634239 0.0178974159061909 0.0383500345051289 0.165327847003937 0.384030640125275 0.705822288990021 0.726158142089844 0.599753499031067 0.674289584159851
-3.4e+38 -3.4e+38 -3.4e+38 -3.4e+38 -3.4e+38 -3.4e+38 0.0869501382112503 0.132799565792084 0.216211065649986 0.415241539478302 0.582149267196655 0.780525147914886 0.770551443099976 0.686075210571289 0.705422282218933 0.706192433834076 0.765258014202118 0.758180439472198 0.496221780776978 0.377127259969711 0.253039121627808 0.102007456123829 0.178048923611641 0.0121157485991716 0.0052670780569315 0.00370207987725735 0.00355303450487554 0.00324202026240528 0.00324852112680674 0.00352888111956418 0.00409006886184216 0.00546383112668991 0.00814638286828995 0.0101565904915333 0.0109207518398762 0.0209652949124575 0.199396938085556 0.499852627515793 0.708089470863342 0.750283479690552 0.641416847705841 0.566477715969086
-3.4e+38 -3.4e+38 -3.4e+38 -3.4e+38 -3.4e+38 -3.4e+38 -3.4e+38 -3.4e+38 0.162108764052391 0.256474703550339 0.392980486154556 0.599561095237732 0.729471147060394 0.722326278686523 0.680141746997833 0.697857081890106 0.6982661485672 0.731919288635254 0.745267152786255 0.623594164848328 0.355824589729309 0.136711582541466 0.156102016568184 0.277994483709335 0.010613426566124 0.00577982747927308 0.00470748078078032 0.00404685642570257 0.00383893121033907 0.00343462056480348 0.00357506913132966 0.00393250398337841 0.00580423884093761 0.00797279272228479 0.0089631462469697 0.0161798819899559 0.0471386276185513 0.319962799549103 0.540582358837128 0.695498406887054 0.724978387355804 0.609029293060303
-3.4e+38 -3.4e+38 -3.4e+38 -3.4e+38 -3.4e+38 -3.4e+38 -3.4e+38 -3.4e+38 0.0560388043522835 0.160519480705261 0.302712887525558 0.410251319408417 0.472913801670074 0.632182240486145 0.610751330852509 0.705316126346588 0.743655323982239 0.703686773777008 0.708737254142761 0.657374083995819 0.440563768148422 0.456555247306824 0.0882737040519714 0.127700001001358 0.0272575952112675 0.00978532806038857 0.00700497627258301 0.00528895854949951 0.00406850315630436 0.00333231664262712 0.00351899513043463 0.00369256804697216 0.00452247727662325 0.00637331092730165 0.00839258171617985 0.00968426093459129 0.0194753464311361 0.071527510881424 0.242971897125244 0.578886270523071 0.568367719650269 0.659373641014099
