data/climate_estimation/maxent_output/Erythronium_multiscapideum.asc
NCOLS 122 
NROWS 52 
XLLCORNER -122.916666666667 
YLLCORNER 36.5 
CELLSIZE 0.0833333333333334 
NODATA_value -3.4e+38 
[rows 0 to 18 of 52, columns 42 to 83 of 122]
0.00114163884427398 0.00246411305852234 0.00253928196616471 0.00241491105407476 0.00240926281549037 0.00229971902444959 0.00236932118423283 0.00227175676263869 0.00167949113529176 0.00129052659031004 0.00129974470473826 0.00128936546389014 0.00232106051407754 0.00230573606677353 0.00100977648980916 0.00175451522227377 0.00300717703066766 0.00174956291448325 0.00105243315920234 0.00246246391907334 0.00181904982309788 0.000658517412375659 0.000646453176159412 0.00193894153926522 0.00188911275472492 0.00153297861106694 0.00197685859166086 0.00257823755964637 0.00253716669976711 0.00253032916225493 0.00121062831021845 0.000971958041191101 0.000998652656562626 0.00159768050070852 0.0019897201564163 0.00204243743792176 0.00161414931062609 0.000801361224148422 0.00135064031928778 0.00131086877081543 0.00124587386380881 0.000791519822087139
0.00149098865222186 0.00249895011074841 0.0024541022721678 0.0017798583721742 0.00123364548198879 0.00164938799571246 0.00163953681476414 0.00165795383509248 0.00165224936790764 0.00162829353939742 0.000928905152250081 0.00126621988601983 0.00231481180526316 0.00234476616606116 0.00241537392139435 0.0032658230047673 0.00320496689528227 0.00239861430600286 0.00106699205935001 0.00247028260491788 0.00242479448206723 0.00108990794979036 0.00111063290387392 0.0019049015827477 0.001168402726762 0.00156929960940033 0.00156252225860953 0.00119928875938058 0.00260939286090434 0.00257790344767272 0.00158171355724335 0.00129919545724988 0.00207244232296944 0.00201549893245101 0.00196390599012375 0.00211331876926124 0.00138433754909784 0.000514277839101851 0.00141793396323919 0.0016877269372344 0.00134357810020447 0.00102201849222183
0.00265796203166246 0.00187343347351998 0.00178189459256828 0.00132381322328001 0.00120287563186139 0.00121806550305337 0.00155754166189581 0.00122962973546237 0.00120256748050451 0.00166592199821025 0.00124449154827744 0.00124472694005817 0.00237678410485387 0.00241363421082497 0.00249567069113255 0.00181310786865652 0.00249405670911074 0.00185752322431654 0.000796465610619634 0.00195093976799399 0.00238431384786963 0.00187937740702182 0.00149045907892287 0.000869759358465672 0.00156641798093915 0.00200987793505192 0.00052398641128093 0.000423241493990645 0.00162830390036106 0.00264805788174272 0.00269191479310393 0.00206335028633475 0.00102110439911485 0.00134655286092311 0.00159675092436373 0.00206784647889435 0.00180603028275073 0.00113779993262142 0.0014713219134137 0.00111896742600948 0.000531320518348366 0.0006769789615646
0.00259601743891835 0.0013755657710135 0.00132129923440516 0.00167830009013414 0.00125769095029682 0.000921974482480437 0.00113067089114338 0.000527237833011895 0.00115772825665772 0.00164661591406912 0.001642927643843 0.00171193387359381 0.00233146059326828 0.00239137862809002 0.000568872666917741 0.000770162907429039 0.00249113654717803 0.00104732159525156 0.000578311097342521 0.00138743245042861 0.00148921809159219 0.00203471933491528 0.00115066743455827 0.000497388013172895 0.00159472110681236 0.00204828684218228 0.00129084417130798 0.00124961801338941 0.00210607214830816 0.0020559795666486 0.0020985952578485 0.00214934255927801 0.00133229291532189 0.00181417260318995 0.00162825989536941 0.00211485964246094 0.00179000128991902 0.00142201932612807 0.00088746112305671 0.00147760438267142 0.000410495907999575 0.000677921925671399
0.00195585144683719 0.00103631184902042 0.00134942540898919 0.0017326925881207 0.00167205440811813 0.00153689517173916 0.00151780631858855 0.0012074849801138 0.00212366320192814 0.00207219389267266 0.00120970094576478 0.00167814979795367 0.00224637915380299 0.0023585835006088 0.000551493896637112 0.00136242515873164 0.00245079817250371 0.00252509163692594 0.00145941972732544 0.000623991538304836 0.00112938042730093 0.00204104650765657 0.000888705777470022 0.000712246459443122 0.0021146098151803 0.00213577132672071 0.00216485746204853 0.00215802784077823 0.00214481865987182 0.00220256973989308 0.000794028805103153 0.000866067479364574 0.000635496631730348 0.00138769834302366 0.00216223322786391 0.00181720068212599 0.00143204035703093 0.00149451685138047 0.000925990869291127 0.00144793128129095 0.000549692835193127 0.000320194259984419
0.00191228010226041 0.00106326770037413 0.00171650561969727 0.00228381855413318 0.00168715475592762 0.00217580050230026 0.0021691475994885 0.00197990378364921 0.00201676995493472 0.00118592381477356 0.000673152098897845 0.00163829571101815 0.00225530797615647 0.00225908542051911 0.000575712067075074 0.00099552923347801 0.00242925155907869 0.00251223333179951 0.00251877261325717 0.000846865063067526 0.00147392286453396 0.00199513765983284 0.000389156659366563 0.00120570242870599 0.00219785491935909 0.00212366203777492 0.00172712851781398 0.00223610107786953 0.00226854369975626 0.000848745636176318 0.000161947173182853 0.000497612869367003 0.000892804935574532 0.00184258923400193 0.00224126479588449 0.00177812052424997 0.00142105435952544 0.00051991775399074 0.000941115198656917 0.00149837008211762 0.000544240931048989 0.000198551424546167
0.00196834467351437 0.00246862694621086 0.00168496055994183 0.00158439250662923 0.00126825855113566 0.00291590043343604 0.00267685786820948 0.00203673099167645 0.00115726818330586 0.00118108664173633 0.00158170959912241 0.00207928218878806 0.00292695267125964 0.00168540154118091 0.000988457235507667 0.000999278970994055 0.0023428036365658 0.00248741754330695 0.00201052753254771 0.000626645400188863 0.00150637421756983 0.00157516938634217 0.000909583468455821 0.00161978381220251 0.00166690431069583 0.000995336100459099 0.00131949130445719 0.0021772647742182 0.00134124502073973 0.00048669840907678 0.000510025885887444 0.000895910779945552 0.00144814362283796 0.00182492786552757 0.00181574944872409 0.00117700954433531 0.000315239245537668 0.000533948943484575 0.00115510635077953 0.00114869570825249 0.000546830706298351 0.000255286286119372
0.00202337978407741 0.00249502272345126 0.000934075796976686 0.000896024575922638 0.00123549660202116 0.00292272237129509 0.00279593816958368 0.00149905227590352 0.000870870309881866 0.00203434517607093 0.0026003704406321 0.00267343013547361 0.00209135725162923 0.00123369344510138 0.00170025276020169 0.000764449301641434 0.00246057589538395 0.00243760109879076 0.00191146356519312 0.00110215693712234 0.00201687240041792 0.00154590420424938 0.00209085713140666 0.00125649862457067 0.000566463801078498 0.000990633619949222 0.0013085346436128 0.00181459938175976 0.00109584908932447 0.000675741641316563 0.0014664075570181 0.00144656177144498 0.00180102768354118 0.00144765211734921 0.000527845113538206 0.000549062620848417 0.000548852374777198 0.00118353043217212 0.00115564756561071 0.000899814418517053 0.00043414140236564 0.000429637351771817
0.00199106568470597 0.00192805239930749 0.000895291159395128 0.000921038503292948 0.00154953775927424 0.00269822287373245 0.00261337496340275 0.00150885374750942 0.00113203120417893 0.00258613680489361 0.00266295787878335 0.00273220962844789 0.00215807440690696 0.00218759221024811 0.00226438674144447 0.00226916023530066 0.00317369936965406 0.00246175122447312 0.00151434994768351 0.00150719087105244 0.00260990252718329 0.00270040333271027 0.00269018299877644 0.000948369386605918 0.000782009563408792 0.00106854422483593 0.00176020991057158 0.00183767639100552 0.000643815670628101 0.000881157931871712 0.00147369131445885 0.00116811809130013 0.000888566777575761 0.000706542923580855 0.000307519367197528 0.000945670588407665 0.000910122995264828 0.000917341676540673 0.00095457723364234 0.000566095870453864 0.00032173065119423 0.000733130960725248
0.00264318264089525 0.00180668628308922 0.00093964982079342 0.00118531391490251 0.0014879647642374 0.00206604553386569 0.00259860581718385 0.00150647223927081 0.00205028825439513 0.00334780639968812 0.00322256563231349 0.0026997693348676 0.00209740921854973 0.00287883239798248 0.00303465244360268 0.00232153013348579 0.00180360558442771 0.00108876579906791 0.000832057849038392 0.00256082252599299 0.00323361507616937 0.00270738429389894 0.000960963836405426 0.00168364506680518 0.00175993517041206 0.00171554088592529 0.00181219866499305 0.00110961298923939 0.000887701229657978 0.00147552334237844 0.000900744693353772 0.000685201375745237 0.000315452227368951 0.00117704703006893 0.000712921668309718 0.000416609080275521 0.000704891106579453 0.000940484460443258 0.000706080696545541 0.000446245016064495 0.000421516480855644 0.00072458729846403
0.00260556279681623 0.00184684083797038 0.00116989004891366 0.00117082719225436 0.00151261384598911 0.00153094332199544 0.00194172188639641 0.0020752577111125 0.00261183246038854 0.00334213254973292 0.0033891573548317 0.00350523344241083 0.00281874905340374 0.00291584711521864 0.00297757354564965 0.00177545880433172 0.000789354264270514 0.00143760011997074 0.00260240654461086 0.00324641540646553 0.00339516880922019 0.00213437457568944 0.000931342656258494 0.00165730994194746 0.00176718935836107 0.00136118999216706 0.00143003661651164 0.00107620703056455 0.00143577880226076 0.00153953558765352 0.000912314280867577 0.000682274752762169 0.000914832868147641 0.000892665702849627 0.000539844564627856 0.000322492240229622 0.000557699997443706 0.000405659026000649 0.000434106710599735 0.000326601875713095 0.000702279794495553 0.000710144289769232
0.00268338248133659 0.0017492159968242 0.00119412434287369 0.00154843681957573 0.00197732890956104 0.00197710888460279 0.00271032308228314 0.00272847781889141 0.00265201088041067 0.00342597253620625 0.00342142162844539 0.00361629854887724 0.00285274162888527 0.00294807087630033 0.00231701950542629 0.000735087785869837 0.00134501187130809 0.00404684199020267 0.00313342385925353 0.00333291641436517 0.00271837878972292 0.00203879922628403 0.00168413762003183 0.00129457726143301 0.00130681146401912 0.00106366851832718 0.000852575816679746 0.0011192427482456 0.00086061836918816 0.000904077314771712 0.000412482244428247 0.000705315091181546 0.000911532202735543 0.000906183035112917 0.000234705963521264 0.000236011735978536 0.000133450666908175 6.74610782880336e-05 0.000247227813815698 0.000246185547439381 0.000543036381714046 0.000552608515135944
0.00189423921983689 0.00170039758086205 0.00120302452705801 0.00112743559293449 0.00209492980502546 0.00202913978137076 0.00208047544583678 0.00276169087737799 0.00355053599923849 0.00352888973429799 0.00354958791285753 0.00359280360862613 0.00295938248746097 0.00300028338097036 0.00125680840574205 0.00175042822957039 0.00392445456236601 0.00303576164878905 0.00322065455839038 0.00200167205184698 0.00116702716331929 0.00125172350089997 0.000704952806700021 0.000977387418970466 0.00135517469607294 0.000831900455523282 0.000497686327435076 0.000894601282197982 0.000694447895511985 0.000299623672617599 0.000172079235198908 0.000552935700397938 0.00092822324950248 0.000405429251259193 0.000177203095518053 0.000317593745421618 9.94151414488442e-05 0.000135634458274581 0.000184057658771053 0.000319180777296424 0.000553363410290331 0.000550612108781934
0.00131334085017443 0.00177604577038437 0.00115554768126458 0.00157000008039176 0.00213923677802086 0.00207159691490233 0.00277729122899473 0.00270414561964571 0.00362161779776216 0.00358689506538212 0.00373797328211367 0.00357390544377267 0.00299072870984674 0.0021984139457345 0.00127966399304569 0.00397782260552049 0.00395351694896817 0.00320072588510811 0.00149237515870482 0.000486830831505358 0.000503777293488383 0.00116717698983848 0.00126896519213915 0.000587786198593676 0.000791398517321795 0.000647600449156016 0.000851886929012835 0.000897649733815342 0.00053403340280056 7.16879876563326e-05 0.000410239183111116 0.000699982105288655 0.000702464894857258 0.000171377687365748 0.000301016232697293 0.000406855309847742 0.000415251561207697 0.00030860971310176 0.000306976900901645 0.000241169836954214 0.00039897148963064 0.000401232013246045
0.00170601939316839 0.00178788288030773 0.00172230834141374 0.00223847292363644 0.00161392672453076 0.00287656486034393 0.00276335678063333 0.00277471030130982 0.00358667667023838 0.00360884796828032 0.00375783978961408 0.00280814408324659 0.00280195125378668 0.0012364259455353 0.000947397318668664 0.0029831153806299 0.00308642326854169 0.000774109037593007 0.000453231827123091 0.000451032363343984 0.00116711179725826 0.00116842519491911 0.000958171498496085 0.000233955986914225 0.000609622744377702 0.000638619356323034 0.000837201019749045 0.000893703603651375 0.000303669366985559 0.000164762459462509 0.000415727670770139 0.00030764500843361 0.000124337413581088 0.000127933992189355 0.000403403828386217 0.000389120017644018 0.000391149951610714 0.000302137981634587 0.000306883332086727 0.000228077100473456 0.000307928217807785 0.000300917716231197
0.000988898216746747 0.00118535733781755 0.0015487497439608 0.00150097359437495 0.00225926632992923 0.00290519231930375 0.00283635803498328 0.00279502151533961 0.00362640735693276 0.00364279211498797 0.00378083670511842 0.00276509020477533 0.00159369921311736 0.000280604377621785 0.00130302889738232 0.00304938643239439 0.00174967804923654 0.000175008914084174 0.000236498060985468 0.00111014163121581 0.00114630593452603 0.000685736653394997 0.000521681096870452 0.000547934556379914 0.000435683265095577 0.000621228944510221 0.000848279159981757 0.000871193420607597 0.000301538151688874 0.000309092312818393 0.000394995848182589 0.000123889185488224 0.000161143063451163 0.000375506264390424 0.000375583855202422 0.000284294335870072 0.000288221752271056 0.000286271213553846 0.000217444088775665 9.31718459469266e-05 0.000167697362485342 0.000172313128132373
0.00095927418442443 0.000949613924603909 0.00152582407463342 0.00159645511303097 0.00219201832078397 0.00227063638158143 0.00283952755853534 0.00277470052242279 0.0036411895416677 0.00378157384693623 0.00287139322608709 0.00157462537754327 0.00088538764975965 0.000667994667310268 0.00171808362938464 0.00174948992207646 0.000739805167540908 0.000420020340243354 0.000591238786000758 0.000611802213825285 0.000463120231870562 0.000196676686755382 0.000528143311385065 0.00054207252105698 0.000324821332469583 0.000765670323744416 0.000814955506939441 0.000635801290627569 0.000113389854959678 0.000289126706775278 0.000496838591061532 0.000286497466731817 0.000290125288302079 0.000275620666798204 0.000211630598641932 0.000115048722364008 0.000206268072361127 0.000210871774470434 0.000159533010446467 5.33533493580762e-05 3.52354982169345e-05 4.23042620241176e-05
0.00168022571597248 0.00155628495849669 0.00160181685350835 0.00166337366681546 0.00158608483616263 0.00207305559888482 0.002933778334409 0.0028503923676908 0.0029045594856143 0.00289104972034693 0.00287644797936082 0.00155921478290111 0.00119064084719867 0.00162512005772442 0.00223599444143474 0.00171239278279245 0.000708980835042894 0.000753199041355401 0.0010222295532003 0.000178686532308348 0.000100774683232885 0.000263287307461724 0.000501082045957446 0.000530241290107369 0.000412935391068459 0.00056894653243944 0.000588453782256693 0.000138511633849703 8.02565482445061e-05 0.00047640735283494 0.000608258997090161 0.000471201987238601 0.000273685524007306 0.000151693078805692 4.86305252707098e-05 2.35319330386119e-05 0.00011257912410656 0.000199325237190351 0.000143979690619744 5.13591439812444e-05 4.03777630708646e-05 6.58950084471144e-05
0.00166506157256663 0.00157501758076251 0.00155758834443986 0.00165276625193655 0.00215567508712411 0.00156359607353806 0.00293974159285426 0.00289171282202005 0.00287777720950544 0.00285608554258943 0.00294370716437697 0.00295274518430233 0.0016675527440384 0.00220488151535392 0.00173652579542249 0.00168289255816489 0.00126754597295076 0.00134444993454963 0.000753378844819963 0.000319257698720321 9.82146593742073e-05 0.000253736827289686 0.000480968476040289 0.000481313472846523 0.000287433620542288 0.000532897480297834 0.000172191052115522 2.83327135548461e-05 0.000249452161369845 0.000590150651987642 0.000442032614955679 0.00018947351782117 0.000189346596016549 0.000143225741339847 4.62065108877141e-05 1.93979703908553e-05 1.03886941360543e-05 1.07171454146737e-05 8.16969168226933e-06 6.60627347315312e-06 1.33001376525499e-05 1.76566536538303e-05
