data/climate_estimation/maxent_output/Erythronium_umbilicatum.asc
NCOLS 135 
NROWS 112 
XLLCORNER -88 
YLLCORNER 30.25 
CELLSIZE 0.0833333333333333 
NODATA_value -3.4e+38 
[rows 60 to 79 of 112, columns 45 to 89 of 135]
0.632624626159668 0.641083657741547 0.649289309978485 0.655536115169525 0.824505627155304 0.838893473148346 0.842158317565918 0.856357872486115 0.845161378383636 0.857033431529999 0.876803755760193 0.875790596008301 0.873293220996857 0.874728739261627 0.866564214229584 0.839570045471191 0.830167949199677 0.821582078933716 0.809021472930908 0.832319021224976 0.829791843891144 0.82213681936264 0.818333029747009 0.8220454454422 0.821790993213654 0.854686319828033 0.851035356521606 0.853433668613434 0.861798524856567 0.833625435829163 0.894732475280762 0.868459820747375 0.869649291038513 0.859631240367889 0.82521390914917 0.816365718841553 0.804452419281006 0.802893280982971 0.76522558927536 0.765146195888519 0.742310225963593 0.773637712001801 0.779559850692749 0.788196623325348 0.756745457649231
0.574193835258484 0.60096538066864 0.608329594135284 0.635921597480774 0.6279217004776 0.667642951011658 0.844822943210602 0.865682303905487 0.865353107452393 0.874185502529144 0.851267993450165 0.847856402397156 0.869231343269348 0.838959336280823 0.831760764122009 0.82870352268219 0.824315011501312 0.810531973838806 0.804766237735748 0.802952170372009 0.831394672393799 0.825426399707794 0.82837051153183 0.827290236949921 0.828386664390564 0.856666266918182 0.858605086803436 0.860834896564484 0.865884065628052 0.896048903465271 0.896134555339813 0.881057918071747 0.876615405082703 0.840707659721375 0.832686185836792 0.822855174541473 0.806649446487427 0.778777062892914 0.771686911582947 0.746510565280914 0.739280521869659 0.749233603477478 0.737778127193451 0.751949608325958 0.744615852832794
0.7637899518013 0.778095006942749 0.78820127248764 0.788902997970581 0.61537891626358 0.604938149452209 0.637182295322418 0.62412965297699 0.607643783092499 0.841125071048737 0.845742464065552 0.84797602891922 0.8413125872612 0.834744691848755 0.831664979457855 0.823347628116608 0.787827491760254 0.783045828342438 0.811062216758728 0.811536252498627 0.807238698005676 0.807350993156433 0.823267936706543 0.834120273590088 0.833467125892639 0.834174156188965 0.843361020088196 0.845925986766815 0.843984007835388 0.902519583702087 0.879286766052246 0.879181921482086 0.850756585597992 0.837736546993256 0.825396001338959 0.788586914539337 0.782995462417603 0.776175737380981 0.75079756975174 0.74696272611618 0.745337069034576 0.709057629108429 0.691276729106903 0.710811495780945 0.705698251724243
0.758775591850281 0.772780239582062 0.773080945014954 0.808054208755493 0.591035068035126 0.580627918243408 0.613396406173706 0.610244452953339 0.602489352226257 0.600505828857422 0.593185424804688 0.836260259151459 0.829889476299286 0.825085043907166 0.825754642486572 0.787676632404327 0.789107024669647 0.793262481689453 0.812000393867493 0.815428197383881 0.80460649728775 0.811779737472534 0.806884169578552 0.838995516300201 0.838623464107513 0.841810464859009 0.846355259418488 0.84599494934082 0.850032091140747 0.88318008184433 0.886368870735168 0.863005459308624 0.847980678081512 0.801963865756989 0.788656949996948 0.782573044300079 0.746526539325714 0.750611782073975 0.757409870624542 0.762116372585297 0.733647704124451 0.717427790164948 0.628256142139435 0.62879741191864 0.635586261749268
0.747544944286346 0.758486986160278 0.767707884311676 0.809479057788849 0.80271190404892 0.575652778148651 0.56848806142807 0.603697538375854 0.592476785182953 0.585939884185791 0.588162660598755 0.832742512226105 0.834883511066437 0.796711564064026 0.797335505485535 0.793009996414185 0.791711807250977 0.788263320922852 0.79100114107132 0.789156377315521 0.816348493099213 0.816090703010559 0.813003480434418 0.818158388137817 0.842579066753387 0.837801516056061 0.848860502243042 0.825934112071991 0.856364369392395 0.885728180408478 0.859963476657867 0.84687215089798 0.818116188049316 0.807906627655029 0.760863363742828 0.740222990512848 0.741078794002533 0.720401525497437 0.733241975307465 0.745909214019775 0.690125703811646 0.648127377033234 0.573660492897034 0.530159473419189 0.527258276939392
0.747727453708649 0.75421541929245 0.760748088359833 0.797998428344727 0.806522727012634 0.809881389141083 0.843637108802795 0.842281639575958 0.582659244537354 0.564709842205048 0.559930145740509 0.83086496591568 0.831616044044495 0.796427845954895 0.798329532146454 0.79766047000885 0.788632750511169 0.795173525810242 0.802512288093567 0.794742703437805 0.7943514585495 0.815519392490387 0.813568294048309 0.820580780506134 0.81876128911972 0.81682813167572 0.828442513942719 0.825798153877258 0.830542743206024 0.799423933029175 0.854826092720032 0.828983962535858 0.813784003257751 0.772969782352448 0.750472068786621 0.716543912887573 0.729971349239349 0.677777886390686 0.711041212081909 0.704724371433258 0.66719377040863 0.588123798370361 0.505984365940094 0.433375656604767 0.365875005722046
0.746042430400848 0.755154848098755 0.764719128608704 0.79393458366394 0.806793928146362 0.81221479177475 0.822490274906158 0.813653409481049 0.839698553085327 0.834910452365875 0.831506073474884 0.820362031459808 0.795510172843933 0.797823965549469 0.801262497901917 0.804526209831238 0.766939520835876 0.799011707305908 0.802349150180817 0.802348792552948 0.796799182891846 0.795371770858765 0.820213854312897 0.820753216743469 0.822471022605896 0.815653800964355 0.821850836277008 0.821685314178467 0.794891774654388 0.807608366012573 0.820986986160278 0.823456823825836 0.782461941242218 0.769012868404388 0.74074524641037 0.711298942565918 0.695013582706451 0.629467368125916 0.630768895149231 0.624756336212158 0.654689490795135 0.532386779785156 0.48455736041069 0.347933202981949 0.289569884538651
0.744185328483582 0.75633293390274 0.7620649933815 0.796721816062927 0.804166853427887 0.805960178375244 0.815955758094788 0.819382548332214 0.813354313373566 0.811259090900421 0.799917817115784 0.794346153736115 0.789085388183594 0.797375738620758 0.799562215805054 0.797864079475403 0.772826373577118 0.774840295314789 0.800902009010315 0.796286225318909 0.797710299491882 0.796899735927582 0.790694534778595 0.790566444396973 0.784627795219421 0.815202534198761 0.779022753238678 0.773243069648743 0.783810317516327 0.761871337890625 0.819881319999695 0.787510693073273 0.787127733230591 0.75647497177124 0.770379960536957 0.737515687942505 0.637592494487762 0.567509651184082 0.538082659244537 0.536064743995667 0.520819306373596 0.505351305007935 0.395337462425232 0.277508944272995 0.273221433162689
0.738187730312347 0.755354702472687 0.792639315128326 0.762078285217285 0.805972695350647 0.811450839042664 0.811075747013092 0.816032528877258 0.813197135925293 0.80819183588028 0.802693665027618 0.807649672031403 0.794791877269745 0.798648953437805 0.769948542118073 0.775279879570007 0.772239685058594 0.774769723415375 0.799060344696045 0.801983296871185 0.799244582653046 0.799993395805359 0.785512208938599 0.788562536239624 0.782604396343231 0.770787537097931 0.766270697116852 0.766572117805481 0.769961178302765 0.748080492019653 0.718175709247589 0.794536411762238 0.763880252838135 0.760039508342743 0.739581525325775 0.712501287460327 0.652693390846252 0.577146887779236 0.542848408222198 0.435218423604965 0.427619189023972 0.38569700717926 0.318790525197983 0.285512328147888 0.23793138563633
0.740933656692505 0.754861116409302 0.764962613582611 0.772822320461273 0.775644361972809 0.782902479171753 0.818397462368011 0.812422573566437 0.788365483283997 0.815892100334167 0.81389594078064 0.779061377048492 0.774137556552887 0.769877552986145 0.776950359344482 0.770734786987305 0.766275584697723 0.797485411167145 0.799388587474823 0.800797700881958 0.79596072435379 0.78695672750473 0.78214168548584 0.780393600463867 0.772196173667908 0.768005609512329 0.768577694892883 0.761212706565857 0.7295863032341 0.741288661956787 0.716272473335266 0.775601387023926 0.726019144058228 0.666870951652527 0.718072533607483 0.69331568479538 0.690826594829559 0.620603203773499 0.549068689346313 0.437292963266373 0.397711336612701 0.317731440067291 0.283321529626846 0.213784664869308 0.229715541005135
0.750909984111786 0.755368113517761 0.768995761871338 0.774039566516876 0.782781302928925 0.783971190452576 0.791227281093597 0.787711679935455 0.794440269470215 0.791059672832489 0.789264798164368 0.748320698738098 0.778451025485992 0.773328721523285 0.764920711517334 0.76207971572876 0.764212548732758 0.763458609580994 0.771329939365387 0.803189218044281 0.788938641548157 0.792670786380768 0.785444915294647 0.772406458854675 0.763574481010437 0.760848581790924 0.71687775850296 0.718838930130005 0.729382276535034 0.689237952232361 0.705674350261688 0.684048771858215 0.692667782306671 0.671840190887451 0.63785719871521 0.620488345623016 0.570254743099213 0.526262044906616 0.516512274742126 0.446516931056976 0.399822741746902 0.36303648352623 0.269350230693817 0.22476801276207 0.181499361991882
0.764295041561127 0.766191184520721 0.771151423454285 0.778999388217926 0.754536211490631 0.79153835773468 0.790861666202545 0.794097363948822 0.797855079174042 0.75516152381897 0.752870321273804 0.735328137874603 0.730834662914276 0.729609966278076 0.721485078334808 0.724651873111725 0.727174282073975 0.761477291584015 0.767903864383698 0.757408857345581 0.78999125957489 0.783199846744537 0.790822863578796 0.773078322410583 0.720743298530579 0.690221011638641 0.644290447235107 0.68306839466095 0.660294532775879 0.623372316360474 0.713179349899292 0.688531816005707 0.630178272724152 0.632587909698486 0.558374047279358 0.545383930206299 0.466608196496964 0.468569755554199 0.401628226041794 0.392141431570053 0.330734223127365 0.28737410902977 0.258820027112961 0.19023771584034 0.171827107667923
0.732229709625244 0.738894999027252 0.752871930599213 0.753025472164154 0.758359968662262 0.763023018836975 0.76541531085968 0.761359453201294 0.756848871707916 0.751658499240875 0.745855689048767 0.725029528141022 0.685100257396698 0.677234709262848 0.688189089298248 0.7165806889534 0.722837805747986 0.721673309803009 0.761907160282135 0.750746011734009 0.789222300052643 0.788784682750702 0.78799831867218 0.770442247390747 0.721453666687012 0.687034010887146 0.596382141113281 0.648571670055389 0.530762612819672 0.552288353443146 0.670740306377411 0.652066826820374 0.58406800031662 0.547000110149384 0.454975515604019 0.418280214071274 0.403678238391876 0.402991831302643 0.372630774974823 0.335362166166306 0.34147846698761 0.283644467592239 0.228905588388443 0.18753308057785 0.160067424178123
0.741209089756012 0.73921126127243 0.746740937232971 0.751012802124023 0.753167748451233 0.753459632396698 0.760765254497528 0.748420298099518 0.743396580219269 0.707583606243134 0.737040817737579 0.644968271255493 0.642194867134094 0.63362717628479 0.664154410362244 0.69777113199234 0.692144632339478 0.694631338119507 0.736779510974884 0.726642251014709 0.743191361427307 0.749183177947998 0.775770723819733 0.739087879657745 0.720852732658386 0.688669681549072 0.521977305412292 0.439578384160995 0.455426424741745 0.586615145206451 0.598358571529388 0.535489201545715 0.52111428976059 0.437555134296417 0.386129021644592 0.332830727100372 0.296701103448868 0.324603199958801 0.317630380392075 0.322011351585388 0.265897274017334 0.23530276119709 0.198529988527298 0.175731182098389 0.170895144343376
0.73860377073288 0.737639904022217 0.706675291061401 0.712622821331024 0.705878436565399 0.71137410402298 0.707165718078613 0.705377161502838 0.704918384552002 0.654900133609772 0.689060568809509 0.648110270500183 0.604380905628204 0.550641119480133 0.54061633348465 0.613124310970306 0.669557690620422 0.669897079467773 0.68476414680481 0.702128529548645 0.70743727684021 0.707354784011841 0.715993285179138 0.704237163066864 0.681945443153381 0.590961575508118 0.475097864866257 0.374812841415405 0.381876081228256 0.391655892133713 0.552156627178192 0.468654572963715 0.431338429450989 0.384132653474808 0.346151322126389 0.304620355367661 0.29053607583046 0.304906606674194 0.282873541116714 0.256814658641815 0.216188579797745 0.189775407314301 0.174700692296028 0.153267025947571 0.135995149612427
0.698444545269012 0.69279009103775 0.686833500862122 0.691532671451569 0.691676318645477 0.693128526210785 0.697003304958344 0.681869983673096 0.655537307262421 0.610387861728668 0.609296977519989 0.567967236042023 0.516350626945496 0.496108651161194 0.493216007947922 0.515626609325409 0.531168878078461 0.570627868175507 0.627682268619537 0.642653703689575 0.65727823972702 0.692855954170227 0.671550571918488 0.644360721111298 0.607728242874146 0.53728973865509 0.45902493596077 0.392367511987686 0.30189174413681 0.421807080507278 0.417018622159958 0.383746176958084 0.376834511756897 0.314830482006073 0.294005960226059 0.270069360733032 0.277130961418152 0.266533076763153 0.273475676774979 0.226792305707932 0.179462626576424 0.185845553874969 0.151020094752312 0.147731870412827 0.14639975130558
0.681175172328949 0.645269691944122 0.620578467845917 0.621459305286407 0.583270490169525 0.597888350486755 0.603028535842896 0.630809485912323 0.595042705535889 0.551799297332764 0.519419729709625 0.471203416585922 0.470686286687851 0.502086877822876 0.483727753162384 0.462346524000168 0.482461333274841 0.474556565284729 0.515156745910645 0.51234358549118 0.59567928314209 0.616454422473907 0.570894241333008 0.528807401657104 0.498173594474792 0.463917255401611 0.399907052516937 0.378458857536316 0.317150473594666 0.371038228273392 0.339385479688644 0.364999085664749 0.304198384284973 0.303402960300446 0.275810539722443 0.266383469104767 0.248568803071976 0.220980077981949 0.224359944462776 0.19914411008358 0.163626968860626 0.144651874899864 0.132608339190483 0.13734258711338 0.133847817778587
0.624805510044098 0.562635123729706 0.576722264289856 0.52537590265274 0.533455669879913 0.537128508090973 0.545713782310486 0.549592912197113 0.462912648916245 0.502594411373138 0.463803172111511 0.467158943414688 0.423291832208633 0.440440207719803 0.424218446016312 0.369886547327042 0.392120748758316 0.400436103343964 0.381036639213562 0.449923306703568 0.490453720092773 0.515013873577118 0.50798761844635 0.466155976057053 0.463332802057266 0.415271133184433 0.378169983625412 0.349039226770401 0.329048961400986 0.294585734605789 0.327911198139191 0.304126769304276 0.288398921489716 0.27131849527359 0.242363259196281 0.242408409714699 0.198417261242867 0.18088261783123 0.180587723851204 0.162118136882782 0.150247603654861 0.133248835802078 0.131912738084793 0.149784415960312 0.13449127972126
0.561054825782776 0.56597512960434 0.51663875579834 0.471153676509857 0.445765376091003 0.413609564304352 0.45069894194603 0.445968896150589 0.453763872385025 0.420526504516602 0.378262042999268 0.416949868202209 0.344227969646454 0.333194851875305 0.340088129043579 0.280529230833054 0.295823156833649 0.338551372289658 0.329948753118515 0.362386286258698 0.380437850952148 0.42206072807312 0.415867805480957 0.421226382255554 0.387742906808853 0.358223497867584 0.372012376785278 0.307404965162277 0.278950273990631 0.262459933757782 0.281044811010361 0.286336302757263 0.238638341426849 0.223643153905869 0.241915449500084 0.204036220908165 0.18396669626236 0.180337324738503 0.149981260299683 0.146077066659927 0.145069867372513 0.136723205447197 0.137163907289505 0.134265899658203 0.150405913591385
0.511881828308105 0.465794235467911 0.427809029817581 0.360970914363861 0.354791730642319 0.339001476764679 0.334604740142822 0.369659453630447 0.361258149147034 0.368958175182343 0.323852390050888 0.298462748527527 0.295878082513809 0.259937435388565 0.254929840564728 0.242149159312248 0.256557792425156 0.245289400219917 0.269649356603622 0.260637938976288 0.283700197935104 0.367754250764847 0.342587620019913 0.374078363180161 0.373774796724319 0.295393407344818 0.290580749511719 0.284905970096588 0.238364651799202 0.294295459985733 0.273111552000046 0.233535900712013 0.220386788249016 0.219502434134483 0.198469206690788 0.180202394723892 0.15196305513382 0.153050854802132 0.135054588317871 0.138180539011955 0.119560778141022 0.132927745580673 0.131122931838036 0.133876547217369 0.13738064467907
