data/climate_estimation/maxent_output/Erythronium_japonicum.asc
NCOLS 220 
NROWS 127 
XLLCORNER 124.583333333333 
YLLCORNER 34.4166666666667 
CELLSIZE 0.0833333333333333 
NODATA_value -3.4e+38 
[rows 50 to 74 of 127, columns 0 to 55 of 220]
0.106741569936275 0.108005717396736 0.106115996837616 0.102349989116192 0.105944469571114 0.105378568172455 0.105827175080776 0.105153240263462 0.104858718812466 0.106845714151859 0.1091588139534 0.110508747398853 0.113495580852032 0.114249870181084 0.112031407654285 0.125353753566742 0.122204676270485 0.121621392667294 0.117923825979233 0.121675543487072 0.122073762118816 0.115530341863632 0.102177463471889 0.112676963210106 0.113232612609863 0.111720934510231 0.102391801774502 0.096404030919075 0.0881042703986168 0.0938866510987282 0.0902785733342171 0.0959517061710358 0.0928274318575859 0.0926432982087135 0.0970164984464645 0.0980086997151375 0.0925043299794197 0.0925568416714668 0.0944099575281143 0.0928469002246857 0.0981139093637466 0.102092154324055 0.0975334122776985 0.0966510847210884 0.0960427820682526 0.092601515352726 0.0678496807813644 0.0849899649620056 0.093930259346962 0.110585413873196 0.0827299579977989 0.05902399122715 0.0930765420198441 0.0637074112892151 0.0422463901340961 0.0191956777125597
0.10860650986433 0.108728088438511 0.107021495699883 0.10262243449688 0.104996785521507 0.103420980274677 0.10432057082653 0.105382733047009 0.106731988489628 0.106386989355087 0.109179615974426 0.109935767948627 0.12425758689642 0.122508466243744 0.12015189230442 0.120014950633049 0.115117289125919 0.106763184070587 0.116697885096073 0.110571891069412 0.114904813468456 0.113596692681313 0.118182227015495 0.113725520670414 0.111934140324593 0.109864719212055 0.0955388247966766 0.0965108424425125 0.0928780734539032 0.0922916978597641 0.093241348862648 0.0929956212639809 0.0995231494307518 0.096007451415062 0.0962424203753471 0.0941103771328926 0.09394421428442 0.0964392051100731 0.103154711425304 0.100092425942421 0.112599164247513 0.104371145367622 0.106230050325394 0.106070503592491 0.104439906775951 0.104887500405312 0.0696922317147255 0.0704959481954575 0.0710299834609032 0.0658243596553802 0.0964934378862381 0.0631954446434975 0.0793228521943092 0.0649251639842987 0.0402858629822731 0.0120252622291446
0.106164857745171 0.105492569506168 0.104016020894051 0.102788411080837 0.102578118443489 0.101016193628311 0.103024758398533 0.103390462696552 0.105451926589012 0.104676827788353 0.105878368020058 0.118486002087593 0.118328809738159 0.120061673223972 0.117381259799004 0.113616429269314 0.116617947816849 0.119087338447571 0.108071304857731 0.107767194509506 0.109617404639721 0.11199028044939 0.120504803955555 0.11713807284832 0.113983444869518 0.100225515663624 0.110458008944988 0.110592976212502 0.0958321616053581 0.103197149932384 0.0997062474489212 0.0951357483863831 0.105203002691269 0.093468189239502 0.102501817047596 0.108369022607803 0.104286752641201 0.101054832339287 0.108381599187851 0.10530761629343 0.11549286544323 0.118876084685326 0.11631029099226 0.119752749800682 0.110602401196957 0.105326369404793 0.1043561398983 0.0914837941527367 0.090354710817337 0.0735782980918884 0.0698917284607887 0.0792654231190681 0.0612926818430424 0.066828079521656 0.065220057964325 0.0498779080808163
0.102783605456352 0.101891860365868 0.100023932754993 0.0997107475996017 0.0992863848805428 0.0990583077073097 0.0991469919681549 0.112672299146652 0.10843813419342 0.110674902796745 0.11540762335062 0.113983742892742 0.109897077083588 0.118444047868252 0.117039024829865 0.114453017711639 0.12293504178524 0.117290884256363 0.114853166043758 0.11343689262867 0.117185033857822 0.114485934376717 0.115130111575127 0.111869908869267 0.123502314090729 0.121267884969711 0.111765369772911 0.108314141631126 0.103420749306679 0.0988282188773155 0.103804863989353 0.110580608248711 0.108683586120605 0.105395182967186 0.10249450802803 0.110295042395592 0.105928540229797 0.109082013368607 0.112064130604267 0.119181945919991 0.120209157466888 0.121793292462826 0.119792863726616 0.115134134888649 0.0931522324681282 0.106811478734016 0.100669018924236 0.113475203514099 0.104495331645012 0.0984538793563843 0.0783718749880791 0.063739113509655 0.0581619516015053 0.0704149156808853 0.0667203143239021 -3.4e+38
0.10093305259943 0.0975827127695084 0.0974842756986618 0.0948030203580856 0.094914935529232 0.0962443575263023 0.107900053262711 0.108987294137478 0.116697795689106 0.113580897450447 0.107862383127213 0.122389249503613 0.123574323952198 0.122990906238556 0.11379025131464 0.115899085998535 0.120028272271156 0.118999175727367 0.11131851375103 0.108729287981987 0.122006513178349 0.124004274606705 0.119641937315464 0.110877104103565 0.122641287744045 0.115666933357716 0.115592934191227 0.108726762235165 0.11041597276926 0.11157301068306 0.105649121105671 0.107289373874664 0.105377271771431 0.107106454670429 0.112495221197605 0.113671854138374 0.11796285957098 0.122708961367607 0.126300305128098 0.120078690350056 0.130834147334099 0.127802759408951 0.122044064104557 0.0967870056629181 0.0857491195201874 0.103279516100883 0.112005971372128 0.09958216547966 0.0910351797938347 0.0796441659331322 0.067461721599102 0.0699871182441711 0.0666418895125389 0.0643385574221611 0.0738096907734871 -3.4e+38
0.097478561103344 0.0977282300591469 0.0955236256122589 0.0933502838015556 0.104937747120857 0.104902431368828 0.107426889240742 0.104537285864353 0.105872452259064 0.118675723671913 0.117480918765068 0.118666537106037 0.116568051278591 0.121486984193325 0.124464347958565 0.114848554134369 0.12690369784832 0.1251370459795 0.121678464114666 0.121632531285286 0.126194909214973 0.117721274495125 0.125784263014793 0.126473292708397 0.1180025562644 0.118781976401806 0.120137512683868 0.113368436694145 0.104428894817829 0.112835265696049 0.109037585556507 0.115555301308632 0.112359814345837 0.120728842914104 0.123944133520126 0.120394825935364 0.117672339081764 0.123430468142033 0.123191855847836 0.12470767647028 0.122141472995281 0.121049217879772 0.11914100497961 0.107451021671295 0.0917307138442993 0.119365952908993 0.104651495814323 0.0877362191677094 0.0842249095439911 0.0910257399082184 0.0769364759325981 0.0707502290606499 -3.4e+38 -3.4e+38 -3.4e+38 -3.4e+38
0.0961859747767448 0.0951896160840988 0.0929750204086304 0.104425892233849 0.103837035596371 0.115202486515045 0.103290632367134 0.103186443448067 0.103636600077152 0.117957197129726 0.10849541425705 0.121784389019012 0.119664810597897 0.11632676422596 0.118566162884235 0.124367974698544 0.124823428690434 0.121999509632587 0.124350696802139 0.128965526819229 0.129955589771271 0.129367232322693 0.127243801951408 0.131064549088478 0.128235220909119 0.130287930369377 0.121629074215889 0.112708158791065 0.121974855661392 0.110180303454399 0.113914176821709 0.117792852222919 0.124705925583839 0.122116602957249 0.126590758562088 0.122161768376827 0.121713683009148 0.127930775284767 0.122059032320976 0.133951023221016 0.138234674930573 0.135950744152069 0.109398350119591 0.0944201648235321 0.100909128785133 0.134828135371208 0.125128298997879 0.105516374111176 0.0866828784346581 0.074469082057476 -3.4e+38 -3.4e+38 -3.4e+38 -3.4e+38 -3.4e+38 -3.4e+38
0.0943930968642235 0.106051541864872 0.104077346622944 0.103621877729893 0.113074570894241 0.111869648098946 0.113513454794884 0.101548306643963 0.116441130638123 0.116802252829075 0.107115648686886 0.108371071517467 0.120672166347504 0.123443849384785 0.121260069310665 0.123314037919044 0.124080717563629 0.126372337341309 0.128176987171173 0.116786547005177 0.116355918347836 0.117633350193501 0.129812240600586 0.123524501919746 0.131402596831322 0.121632091701031 0.12201277166605 0.117989428341389 0.129273191094398 0.119513295590878 0.127587780356407 0.119611792266369 0.13267907500267 0.129534691572189 0.128268897533417 0.109998740255833 0.128743469715118 0.142110303044319 0.143284931778908 0.140750080347061 0.13610166311264 0.133683413267136 0.131100296974182 0.112662114202976 0.0948874801397324 0.110220961272717 0.110532470047474 0.116902843117714 0.105780743062496 -3.4e+38 -3.4e+38 -3.4e+38 -3.4e+38 -3.4e+38 -3.4e+38 -3.4e+38
0.094918355345726 0.103765875101089 0.102214939892292 0.102479606866837 0.112590879201889 0.113016299903393 0.113981306552887 0.101814545691013 0.102801695466042 0.103728905320168 0.118635416030884 0.108556933701038 0.120618812739849 0.12400060147047 0.124879784882069 0.114479519426823 0.127318292856216 0.127732336521149 0.128703981637955 0.128593534231186 0.128699705004692 0.127835810184479 0.136531442403793 0.137608855962753 0.125467270612717 0.136638268828392 0.13416388630867 0.127433851361275 0.134930804371834 0.133591324090958 0.135249942541122 0.13486647605896 0.134655371308327 0.134893909096718 0.122437477111816 0.119040720164776 0.138864770531654 0.136703372001648 0.130569085478783 0.125782579183578 0.136518225073814 0.133876502513885 0.120899640023708 0.132101848721504 0.118675529956818 0.103201426565647 0.113132908940315 0.111147008836269 -3.4e+38 -3.4e+38 -3.4e+38 -3.4e+38 -3.4e+38 -3.4e+38 -3.4e+38 -3.4e+38
0.0932136103510857 0.104387067258358 0.102761492133141 0.100922599434853 0.101101584732533 0.112761303782463 0.113144353032112 0.0999296754598618 0.114806085824966 0.102955050766468 0.104534618556499 0.118341505527496 0.121347703039646 0.110697232186794 0.112644471228123 0.113484792411327 0.127541318535805 0.128186404705048 0.129811659455299 0.125869318842888 0.125565946102142 0.134174540638924 0.134456381201744 0.136962562799454 0.130023181438446 0.139900654554367 0.135589450597763 0.12947253882885 0.138455703854561 0.129994809627533 0.147504210472107 0.144712537527084 0.142756953835487 0.121186465024948 0.120192132890224 0.118305616080761 0.113750576972961 0.137138620018959 0.131283134222031 0.122938491404057 0.127651110291481 0.119767032563686 0.126642867922783 0.122399926185608 0.127348825335503 0.121520757675171 -3.4e+38 -3.4e+38 -3.4e+38 -3.4e+38 -3.4e+38 -3.4e+38 -3.4e+38 -3.4e+38 -3.4e+38 -3.4e+38
0.0926944464445114 0.102677136659622 0.101897217333317 0.101637810468674 0.100809916853905 0.113020546734333 0.113288342952728 0.0998290479183197 0.10073322057724 0.102278307080269 0.104905560612679 0.106445111334324 0.12191267311573 0.123382337391376 0.113386332988739 0.113235160708427 0.127020552754402 0.127344146370888 0.126766741275787 0.13248136639595 0.140830338001251 0.135600358247757 0.138179734349251 0.127895966172218 0.131181061267853 0.132586374878883 0.142801731824875 0.144812777638435 0.137155041098595 0.144797340035439 0.137857034802437 0.142292067408562 0.138235434889793 0.131467774510384 0.117439918220043 0.113912656903267 0.125217437744141 0.133716180920601 0.142968878149986 0.138839289546013 0.131370455026627 -3.4e+38 -3.4e+38 0.135183990001678 -3.4e+38 -3.4e+38 -3.4e+38 -3.4e+38 -3.4e+38 -3.4e+38 -3.4e+38 -3.4e+38 -3.4e+38 -3.4e+38 -3.4e+38 -3.4e+38
0.0947102829813957 0.092181421816349 0.101345263421535 0.102070167660713 0.100295357406139 0.100621044635773 0.101269513368607 0.100559651851654 0.100276879966259 0.103581555187702 0.10434365272522 0.10497359931469 0.109473399817944 0.123643755912781 0.112145438790321 0.127175778150558 0.128504440188408 0.126673236489296 0.124751374125481 0.125266313552856 0.124243125319481 0.138664826750755 0.137202382087708 0.135938823223114 0.138539865612984 0.143404677510262 0.151146233081818 0.151293724775314 0.14973384141922 0.140862554311752 0.154152631759644 0.141784906387329 0.142207756638527 0.129463031888008 0.125643715262413 0.125133499503136 0.12069483846426 0.130196824669838 0.140763983130455 0.135698989033699 -3.4e+38 -3.4e+38 -3.4e+38 -3.4e+38 -3.4e+38 -3.4e+38 -3.4e+38 -3.4e+38 -3.4e+38 -3.4e+38 -3.4e+38 -3.4e+38 -3.4e+38 -3.4e+38 -3.4e+38 -3.4e+38
0.0932708904147148 0.0923485457897186 0.0919963866472244 0.101535744965076 0.101439267396927 0.100520230829716 0.101179525256157 0.101699210703373 0.102125495672226 0.117710337042809 0.105482839047909 0.106439597904682 0.108154192566872 0.11061404645443 0.125838309526443 0.128883346915245 0.127785846590996 0.122599147260189 0.13335420191288 0.124390497803688 0.126481339335442 0.123593278229237 0.137525141239166 0.134220823645592 0.143952786922455 0.149009063839912 0.148890197277069 0.148041501641273 0.160230934619904 0.164526298642159 0.16189831495285 0.15420164167881 0.155165731906891 0.137779057025909 0.135893329977989 0.13286280632019 0.131252035498619 0.129260718822479 -3.4e+38 -3.4e+38 -3.4e+38 -3.4e+38 -3.4e+38 -3.4e+38 -3.4e+38 -3.4e+38 -3.4e+38 -3.4e+38 -3.4e+38 -3.4e+38 -3.4e+38 -3.4e+38 -3.4e+38 -3.4e+38 -3.4e+38 -3.4e+38
0.0931838899850845 0.0912851840257645 0.0905454829335213 0.100510224699974 0.101247645914555 0.101617880165577 0.101147405803204 0.101765185594559 0.103568106889725 0.105060890316963 0.106668129563332 0.106779359281063 0.108293555676937 0.125493854284286 0.111769713461399 0.112134225666523 0.127299249172211 0.124323397874832 0.133272305130959 0.137031719088554 0.136372298002243 0.133117258548737 0.133589446544647 0.132685348391533 0.147222816944122 0.146795690059662 0.16248631477356 0.157614827156067 0.16815310716629 0.151305392384529 0.166700378060341 0.167130887508392 0.147978618741035 0.147104874253273 0.145077377557755 0.144668161869049 -3.4e+38 -3.4e+38 -3.4e+38 -3.4e+38 -3.4e+38 -3.4e+38 -3.4e+38 -3.4e+38 -3.4e+38 -3.4e+38 -3.4e+38 -3.4e+38 -3.4e+38 -3.4e+38 -3.4e+38 -3.4e+38 -3.4e+38 -3.4e+38 -3.4e+38 -3.4e+38
0.091287963092327 0.0913000926375389 -3.4e+38 0.100617840886116 0.101720936596394 0.101325757801533 0.10197276622057 0.102278769016266 0.103521227836609 0.10528801381588 0.107320033013821 0.107009515166283 0.107291519641876 0.126761183142662 0.130374550819397 0.114715293049812 0.127841278910637 0.135895177721977 0.138396874070168 0.13391201198101 0.136840254068375 0.134073480963707 0.132245063781738 0.145890757441521 0.143911689519882 0.153740227222443 0.153759643435478 0.154869616031647 0.165355533361435 0.165369436144829 0.1639464199543 0.180781111121178 0.176736071705818 0.15644046664238 0.153426468372345 0.168911159038544 -3.4e+38 -3.4e+38 -3.4e+38 -3.4e+38 -3.4e+38 -3.4e+38 -3.4e+38 -3.4e+38 -3.4e+38 -3.4e+38 -3.4e+38 -3.4e+38 -3.4e+38 -3.4e+38 -3.4e+38 -3.4e+38 -3.4e+38 -3.4e+38 -3.4e+38 -3.4e+38
0.0907845571637154 0.0899000912904739 0.0893492996692657 0.100151360034943 0.101053908467293 -3.4e+38 0.101091332733631 0.103035844862461 0.103907071053982 0.105315409600735 0.107626467943192 0.109694831073284 0.130159318447113 0.134435474872589 0.134455159306526 0.116118907928467 0.114901222288609 0.125240296125412 0.136166259646416 0.134957551956177 0.138755783438683 0.135097995400429 0.146972641348839 0.14417028427124 0.154448866844177 0.166570171713829 0.168241441249847 0.166641473770142 0.179036647081375 0.181526064872742 0.178058132529259 0.174809828400612 0.170702427625656 0.187358632683754 0.18512050807476 0.181440696120262 -3.4e+38 -3.4e+38 -3.4e+38 -3.4e+38 -3.4e+38 -3.4e+38 -3.4e+38 -3.4e+38 -3.4e+38 -3.4e+38 -3.4e+38 -3.4e+38 -3.4e+38 -3.4e+38 -3.4e+38 -3.4e+38 -3.4e+38 -3.4e+38 -3.4e+38 -3.4e+38
0.089667908847332 0.0896247550845146 0.0892945006489754 0.0995842143893242 -3.4e+38 -3.4e+38 -3.4e+38 -3.4e+38 -3.4e+38 0.106081947684288 0.107674784958363 0.111392460763454 0.115060321986675 0.117740832269192 0.119909711182117 0.115973345935345 0.114296063780785 0.128192901611328 0.124721743166447 0.124526083469391 0.136857315897942 0.133391827344894 0.147265881299973 0.142510145902634 0.156000390648842 0.175249755382538 0.16330349445343 0.164547085762024 0.17919497191906 0.19440458714962 0.188938200473785 0.185452371835709 0.181042119860649 0.199662193655968 0.194340974092484 0.191639423370361 -3.4e+38 -3.4e+38 -3.4e+38 -3.4e+38 -3.4e+38 -3.4e+38 -3.4e+38 -3.4e+38 -3.4e+38 -3.4e+38 -3.4e+38 -3.4e+38 -3.4e+38 -3.4e+38 -3.4e+38 -3.4e+38 -3.4e+38 -3.4e+38 -3.4e+38 -3.4e+38
-3.4e+38 0.0886848494410515 -3.4e+38 -3.4e+38 -3.4e+38 -3.4e+38 -3.4e+38 -3.4e+38 -3.4e+38 0.105176605284214 0.108152911067009 0.110581256449223 0.114577703177929 0.116447769105434 0.117070719599724 0.115691602230072 0.114846415817738 0.113642148673534 0.127582848072052 0.12456164509058 0.135747849941254 0.146953672170639 0.145237669348717 0.157537400722504 0.170471593737602 0.16034497320652 0.182279407978058 0.175837889313698 0.194675251841545 0.190824002027512 0.205211699008942 0.202746018767357 0.21829591691494 0.209666952490807 0.231205612421036 0.228735044598579 -3.4e+38 -3.4e+38 -3.4e+38 -3.4e+38 -3.4e+38 -3.4e+38 -3.4e+38 -3.4e+38 -3.4e+38 -3.4e+38 -3.4e+38 -3.4e+38 -3.4e+38 -3.4e+38 -3.4e+38 -3.4e+38 -3.4e+38 -3.4e+38 -3.4e+38 -3.4e+38
-3.4e+38 -3.4e+38 -3.4e+38 -3.4e+38 -3.4e+38 -3.4e+38 -3.4e+38 -3.4e+38 -3.4e+38 0.105540744960308 0.10741925239563 0.110092282295227 0.114158391952515 0.115743063390255 0.115241006016731 0.115830257534981 0.115361176431179 0.114269129931927 0.112607300281525 0.12515290081501 0.136162385344505 0.132628902792931 0.14549446105957 0.154515415430069 0.167983159422874 0.17893260717392 0.179034397006035 0.194930121302605 0.190996915102005 0.207828745245934 0.223240718245506 0.244334608316422 0.233745813369751 0.226810961961746 0.2229273468256 0.247168898582458 -3.4e+38 -3.4e+38 -3.4e+38 -3.4e+38 -3.4e+38 -3.4e+38 -3.4e+38 -3.4e+38 -3.4e+38 -3.4e+38 -3.4e+38 -3.4e+38 -3.4e+38 -3.4e+38 -3.4e+38 -3.4e+38 -3.4e+38 -3.4e+38 -3.4e+38 -3.4e+38
-3.4e+38 -3.4e+38 -3.4e+38 -3.4e+38 -3.4e+38 -3.4e+38 -3.4e+38 -3.4e+38 0.11309964209795 0.103610709309578 0.106052368879318 0.109028689563274 0.112931936979294 0.101941391825676 0.116341911256313 0.116431698203087 0.114718310534954 0.114351786673069 0.125864550471306 0.124032869935036 0.136511653661728 0.133967712521553 0.143428578972816 0.170493632555008 0.151483103632927 0.164114117622375 0.178931683301926 0.192217946052551 0.210011184215546 0.203920021653175 0.218900516629219 0.239420831203461 0.258465707302094 0.241090416908264 0.256470113992691 -3.4e+38 0.262548685073853 -3.4e+38 -3.4e+38 -3.4e+38 -3.4e+38 -3.4e+38 -3.4e+38 -3.4e+38 -3.4e+38 -3.4e+38 -3.4e+38 -3.4e+38 -3.4e+38 -3.4e+38 -3.4e+38 -3.4e+38 -3.4e+38 -3.4e+38 -3.4e+38 -3.4e+38
-3.4e+38 -3.4e+38 -3.4e+38 -3.4e+38 -3.4e+38 -3.4e+38 -3.4e+38 -3.4e+38 0.111483059823513 0.114032708108425 0.103870302438736 0.10669019818306 0.0975676029920578 0.102043092250824 0.103100091218948 0.103438079357147 0.102699093520641 0.114296361804008 0.111390218138695 0.124807342886925 0.137593492865562 0.149520218372345 0.146931037306786 0.173539772629738 0.170313775539398 0.178079158067703 0.194408223032951 0.190180242061615 0.208755031228065 0.199382439255714 0.218963846564293 0.236780047416687 0.257734447717667 0.267333924770355 0.260666131973267 0.287083804607391 0.326728254556656 0.320874750614166 0.317955791950226 -3.4e+38 -3.4e+38 -3.4e+38 -3.4e+38 -3.4e+38 -3.4e+38 -3.4e+38 -3.4e+38 -3.4e+38 -3.4e+38 -3.4e+38 -3.4e+38 -3.4e+38 -3.4e+38 -3.4e+38 -3.4e+38 -3.4e+38
-3.4e+38 -3.4e+38 -3.4e+38 -3.4e+38 -3.4e+38 -3.4e+38 -3.4e+38 0.105182565748692 0.108570888638496 0.109721288084984 0.100925408303738 0.105548195540905 0.0964170545339584 0.0996780171990395 0.102276839315891 0.102708227932453 0.101382419466972 0.114734962582588 0.112111069262028 0.124105274677277 0.138691186904907 0.150572195649147 0.147316470742226 0.157811000943184 0.169575035572052 0.184175401926041 0.1762515604496 0.190197110176086 0.2037643045187 0.221904948353767 0.213640302419662 0.232559576630592 0.253494709730148 0.300669640302658 0.292718261480331 0.323762446641922 0.295378267765045 0.321118891239166 0.315368801355362 -3.4e+38 -3.4e+38 -3.4e+38 -3.4e+38 -3.4e+38 -3.4e+38 -3.4e+38 -3.4e+38 -3.4e+38 -3.4e+38 -3.4e+38 -3.4e+38 -3.4e+38 -3.4e+38 -3.4e+38 -3.4e+38 -3.4e+38
-3.4e+38 -3.4e+38 -3.4e+38 -3.4e+38 -3.4e+38 -3.4e+38 -3.4e+38 0.102743491530418 0.104224137961864 0.107994571328163 0.0972210690379143 0.100570984184742 0.0923035889863968 0.0962819159030914 0.0985059887170792 0.100499123334885 0.0994927287101746 0.11230181902647 0.11178332567215 0.109528981149197 0.137183800339699 0.134501606225967 0.147195935249329 0.160276606678963 0.174696072936058 0.165931165218353 0.175066322088242 0.190508469939232 0.205556973814964 0.217888474464417 0.232097670435905 0.230564042925835 0.245693430304527 0.273757785558701 0.291767835617065 0.322237014770508 0.292181819677353 0.322427183389664 0.31650722026825 0.312158674001694 0.311149179935455 -3.4e+38 -3.4e+38 -3.4e+38 -3.4e+38 -3.4e+38 -3.4e+38 -3.4e+38 -3.4e+38 -3.4e+38 -3.4e+38 -3.4e+38 -3.4e+38 -3.4e+38 -3.4e+38 -3.4e+38
-3.4e+38 -3.4e+38 -3.4e+38 -3.4e+38 -3.4e+38 -3.4e+38 0.109947681427002 0.111238494515419 0.101495683193207 0.102111555635929 0.0944162607192993 0.097453884780407 0.0902935042977333 0.0923866182565689 0.0947788134217262 0.0965247824788094 0.0986332595348358 0.0995147451758385 0.111315861344337 0.124806731939316 0.120601013302803 0.15244098007679 0.147752836346626 0.161300107836723 0.155142620205879 0.164103955030441 0.179871827363968 0.192615553736687 0.203256696462631 0.194759950041771 0.234540536999702 0.229136183857918 0.24490512907505 0.244844287633896 0.2925825715065 0.294253170490265 0.290629416704178 0.289448797702789 0.317511975765228 0.311177015304565 0.307065904140472 0.337729573249817 -3.4e+38 -3.4e+38 -3.4e+38 -3.4e+38 -3.4e+38 -3.4e+38 -3.4e+38 -3.4e+38 -3.4e+38 -3.4e+38 -3.4e+38 -3.4e+38 -3.4e+38 -3.4e+38
-3.4e+38 -3.4e+38 -3.4e+38 -3.4e+38 -3.4e+38 -3.4e+38 0.10911587625742 0.108013637363911 0.109140262007713 0.0987984091043472 0.0899576842784882 0.0933358892798424 0.0865027233958244 0.0888108089566231 0.0912460759282112 0.093855619430542 0.0966190472245216 0.11011254042387 0.125307992100716 0.135943725705147 0.136294931173325 0.134715795516968 0.146910443902016 0.160335689783096 0.174271494150162 0.144015625119209 0.176230296492577 0.192710816860199 0.20255720615387 0.193856835365295 0.211527943611145 0.228657767176628 0.244717389345169 0.243394643068314 0.26647013425827 0.262891501188278 0.291404783725739 0.287774622440338 0.286649227142334 0.345395594835281 0.343911379575729 0.342177987098694 0.341277182102203 0.368447005748749 -3.4e+38 -3.4e+38 -3.4e+38 -3.4e+38 -3.4e+38 -3.4e+38 -3.4e+38 -3.4e+38 -3.4e+38 -3.4e+38 -3.4e+38 -3.4e+38
