data/climate_estimation/maxent_output/Erythronium_albidum.asc
NCOLS 330 
NROWS 206 
XLLCORNER -99.1666666666667 
YLLCORNER 30 
CELLSIZE 0.0833333333333333 
NODATA_value -3.4e+38 
[rows 140 to 159 of 206, columns 0 to 45 of 330]
0.335326701402664 0.410176604986191 0.533743858337402 0.530445992946625 0.52432507276535 0.473771244287491 0.520335912704468 0.523221075534821 0.528795182704926 0.554552376270294 0.580537259578705 0.589892029762268 0.620976388454437 0.633803188800812 0.632478773593903 0.635654151439667 0.61707866191864 0.620718955993652 0.606905937194824 0.599391460418701 0.587292492389679 0.559840798377991 0.565053105354309 0.576419353485107 0.572529792785645 0.583288669586182 0.594285607337952 0.597216486930847 0.625481486320496 0.650021135807037 0.656945288181305 0.667793452739716 0.669912815093994 0.666973114013672 0.680257439613342 0.681698739528656 0.681897222995758 0.68724250793457 0.694720387458801 0.705594182014465 0.71440064907074 0.713566780090332 0.72290450334549 0.714415848255157 0.707890510559082 0.717595338821411
0.326447546482086 0.476945638656616 0.521908462047577 0.528566777706146 0.52602231502533 0.518089354038239 0.527540028095245 0.548178195953369 0.548010766506195 0.576786696910858 0.593738853931427 0.606817007064819 0.623983561992645 0.643302202224731 0.646237254142761 0.642691314220428 0.626674652099609 0.625143826007843 0.612103164196014 0.603471994400024 0.592589735984802 0.572355270385742 0.580888628959656 0.575538575649261 0.57712197303772 0.584830105304718 0.578485429286957 0.594922661781311 0.627797424793243 0.654139518737793 0.662161946296692 0.659298002719879 0.67279464006424 0.671735644340515 0.680784165859222 0.679621160030365 0.682274997234344 0.679830431938171 0.67792010307312 0.685724437236786 0.685504138469696 0.696098506450653 0.694558918476105 0.689884662628174 0.686069309711456 0.692450523376465
0.320489555597305 0.465712189674377 0.519361019134521 0.546555995941162 0.548609554767609 0.548537373542786 0.553224444389343 0.555418133735657 0.570315957069397 0.591348588466644 0.594099521636963 0.603291034698486 0.61957710981369 0.63242518901825 0.640662252902985 0.642428636550903 0.630096971988678 0.621449649333954 0.619225263595581 0.612879276275635 0.604562163352966 0.605600655078888 0.586054146289825 0.584313869476318 0.581691980361938 0.571606516838074 0.584984958171844 0.596713721752167 0.618224799633026 0.650851547718048 0.653985917568207 0.665897905826569 0.665189683437347 0.6690833568573 0.676913738250732 0.688412427902222 0.673442900180817 0.665763378143311 0.651772081851959 0.646702706813812 0.658923268318176 0.665421068668365 0.675006210803986 0.673435151576996 0.664749324321747 0.673639595508575
0.39217135310173 0.459394931793213 0.503474354743958 0.534261107444763 0.539745628833771 0.565983057022095 0.575228333473206 0.575128018856049 0.574973404407501 0.586884737014771 0.602275490760803 0.607038676738739 0.618425250053406 0.629869639873505 0.634619891643524 0.642647445201874 0.62522166967392 0.618846237659454 0.620761513710022 0.623785674571991 0.627562820911407 0.62686949968338 0.616952359676361 0.604371666908264 0.601010799407959 0.592467129230499 0.593713998794556 0.609673917293549 0.629805684089661 0.645178616046906 0.664007425308228 0.669919312000275 0.665189683437347 0.670854389667511 0.672208487987518 0.681976079940796 0.651044547557831 0.651805877685547 0.638491868972778 0.633439540863037 0.640957057476044 0.649714708328247 0.656223356723785 0.644144475460052 0.645936250686646 0.631855189800262
0.452885627746582 0.494914531707764 0.52157074213028 0.547762632369995 0.559623718261719 0.56596714258194 0.577446103096008 0.591121017932892 0.599487900733948 0.598814606666565 0.600529313087463 0.60048234462738 0.61470764875412 0.616150081157684 0.632122814655304 0.625271260738373 0.630879759788513 0.612121820449829 0.627228677272797 0.62843120098114 0.632871389389038 0.633934199810028 0.614124894142151 0.595823764801025 0.592828035354614 0.601179301738739 0.595673680305481 0.620209753513336 0.629329681396484 0.639641165733337 0.657119035720825 0.658850252628326 0.65973687171936 0.662234425544739 0.65753036737442 0.655100464820862 0.647409021854401 0.650244414806366 0.634321570396423 0.629973888397217 0.639749526977539 0.633815944194794 0.638581812381744 0.622000336647034 0.609837472438812 0.601092338562012
0.44116872549057 0.483996659517288 0.527762830257416 0.551969587802887 0.575296998023987 0.586792469024658 0.585898697376251 0.593332529067993 0.597047090530396 0.59577751159668 0.600464761257172 0.611797094345093 0.610183238983154 0.614517092704773 0.61115562915802 0.621759355068207 0.629215896129608 0.619002103805542 0.620485365390778 0.630635976791382 0.644127607345581 0.637323379516602 0.624469339847565 0.613944470882416 0.597617268562317 0.613451898097992 0.601553857326508 0.615260362625122 0.628061890602112 0.63486123085022 0.648202836513519 0.644335508346558 0.645222127437592 0.654349803924561 0.640859842300415 0.650575935840607 0.64919376373291 0.632370412349701 0.642031967639923 0.62438952922821 0.629991948604584 0.63209056854248 0.620797455310822 0.596086800098419 0.581765830516815 0.532607793807983
0.497764676809311 0.43412771821022 0.455040574073792 0.552776217460632 0.569708406925201 0.582203209400177 0.600582003593445 0.594575107097626 0.592121958732605 0.60493791103363 0.607173919677734 0.601371347904205 0.599141538143158 0.604583740234375 0.606042265892029 0.621631860733032 0.620195031166077 0.622985064983368 0.624771595001221 0.633939504623413 0.641658544540405 0.641435086727142 0.629107534885406 0.614683568477631 0.60740715265274 0.612916648387909 0.607104897499084 0.617055594921112 0.613504350185394 0.633670449256897 0.631518244743347 0.643825650215149 0.652910530567169 0.644901752471924 0.644958794116974 0.651655077934265 0.643064618110657 0.637481212615967 0.645050287246704 0.64415031671524 0.624767482280731 0.614887118339539 0.598945319652557 0.567473948001862 0.536029279232025 0.521187603473663
0.370930343866348 0.163212507963181 0.236173361539841 0.523865044116974 0.581004977226257 0.591832756996155 0.603040099143982 0.610529243946075 0.602474570274353 0.604507446289062 0.596022546291351 0.590582251548767 0.587415039539337 0.584710597991943 0.592426657676697 0.592983782291412 0.607275485992432 0.617296934127808 0.626888692378998 0.639924585819244 0.640349686145782 0.638236880302429 0.619333207607269 0.603685975074768 0.610467255115509 0.600511074066162 0.60729193687439 0.596830606460571 0.619592845439911 0.624216914176941 0.63069099187851 0.642099142074585 0.652643024921417 0.644958794116974 0.633519470691681 0.652501940727234 0.650075078010559 0.647639513015747 0.644131660461426 0.623727262020111 0.611470878124237 0.584703922271729 0.556547522544861 0.539230942726135 0.522676765918732 0.49062979221344
0.385781168937683 0.226633042097092 0.296527147293091 0.563930809497833 0.584852755069733 0.602807462215424 0.60563051700592 0.603018939495087 0.61011403799057 0.597759246826172 0.586154043674469 0.577105164527893 0.574228465557098 0.567579030990601 0.56459367275238 0.579057574272156 0.597823023796082 0.607043445110321 0.616825699806213 0.622733175754547 0.632112503051758 0.638768196105957 0.623244762420654 0.617601692676544 0.611377596855164 0.609951019287109 0.600704967975616 0.6099693775177 0.628122389316559 0.632441461086273 0.639455676078796 0.638770639896393 0.657759249210358 0.663141369819641 0.658942878246307 0.660043120384216 0.662310779094696 0.649969041347504 0.635081589221954 0.610596179962158 0.580298840999603 0.554067313671112 0.525173306465149 0.483266115188599 0.479119658470154 0.454441845417023
0.490536510944366 0.511768400669098 0.543638050556183 0.57064163684845 0.590867757797241 0.607208430767059 0.613212525844574 0.608468353748322 0.594175696372986 0.574187338352203 0.56675773859024 0.576671302318573 0.564517498016357 0.552976310253143 0.563859641551971 0.576501190662384 0.591204702854156 0.601684927940369 0.617681443691254 0.620922863483429 0.627076208591461 0.627892196178436 0.622398376464844 0.626145005226135 0.630256831645966 0.609951019287109 0.611387252807617 0.608731269836426 0.617851138114929 0.620201945304871 0.646874606609344 0.652634859085083 0.66404139995575 0.669596433639526 0.678519308567047 0.674699246883392 0.681814730167389 0.667617976665497 0.647754788398743 0.601868510246277 0.551034510135651 0.50942075252533 0.472382187843323 0.454140961170197 0.43459552526474 0.438685268163681
0.435344278812408 0.506867051124573 0.544138133525848 0.565680980682373 0.584420442581177 0.595323085784912 0.603685557842255 0.606913805007935 0.584054112434387 0.568828880786896 0.570922911167145 0.573834955692291 0.571294784545898 0.570022821426392 0.566518664360046 0.579873442649841 0.597042381763458 0.605200290679932 0.615019857883453 0.625529646873474 0.624672055244446 0.631218492984772 0.635785818099976 0.640236437320709 0.644485712051392 0.62097156047821 0.619569599628448 0.606051385402679 0.614110946655273 0.623987317085266 0.644776463508606 0.665767788887024 0.67485374212265 0.680389404296875 0.685280203819275 0.691350817680359 0.695849716663361 0.679755687713623 0.639845788478851 0.56860762834549 0.524984300136566 0.475511491298676 0.450695306062698 0.435012817382812 0.407514035701752 0.411882042884827
0.44341054558754 0.517507135868073 0.546573579311371 0.568680167198181 0.581576585769653 0.587352097034454 0.586983740329742 0.590715408325195 0.605043113231659 0.58956241607666 0.589796423912048 0.589184939861298 0.589301347732544 0.59677666425705 0.596377849578857 0.596757113933563 0.613479435443878 0.607893228530884 0.62198793888092 0.61787211894989 0.63378781080246 0.633837401866913 0.644573509693146 0.653869569301605 0.657131671905518 0.646780550479889 0.635169923305511 0.616176247596741 0.610958635807037 0.617938756942749 0.630805194377899 0.670630216598511 0.685224175453186 0.702218949794769 0.696003437042236 0.71092027425766 0.714357018470764 0.691581785678864 0.615483045578003 0.574119091033936 0.522544860839844 0.467442333698273 0.428050696849823 0.404749780893326 0.405786275863647 0.393067896366119
0.445652693510056 0.523333966732025 0.555113613605499 0.567231714725494 0.563903391361237 0.58262437582016 0.580142736434937 0.595730602741241 0.607084453105927 0.614745616912842 0.613844811916351 0.620037198066711 0.618087112903595 0.617778420448303 0.619158267974854 0.624081969261169 0.63077837228775 0.627359688282013 0.632505059242249 0.636652648448944 0.643086791038513 0.637621939182281 0.636993944644928 0.648341596126556 0.655132830142975 0.657653391361237 0.656589686870575 0.646555840969086 0.632349789142609 0.639206886291504 0.636578023433685 0.646472096443176 0.688055098056793 0.705981612205505 0.706324875354767 0.718940675258636 0.719670951366425 0.708705902099609 0.646508932113647 0.588668048381805 0.520867586135864 0.484272748231888 0.44294148683548 0.430108278989792 0.405841827392578 0.398232996463776
0.491068124771118 0.526417315006256 0.553942501544952 0.562793076038361 0.574185490608215 0.57431823015213 0.585268259048462 0.586173355579376 0.60359251499176 0.624841272830963 0.635056674480438 0.633902490139008 0.629330158233643 0.6317058801651 0.620643258094788 0.628669023513794 0.631362557411194 0.629286289215088 0.631602227687836 0.640535593032837 0.643989026546478 0.644048810005188 0.648963034152985 0.651009976863861 0.649411201477051 0.660231113433838 0.651396989822388 0.658239245414734 0.6594118475914 0.654412865638733 0.66725742816925 0.682585656642914 0.693921446800232 0.704618871212006 0.720511853694916 0.717940986156464 0.727516233921051 0.709162592887878 0.661645531654358 0.616941213607788 0.548914730548859 0.510734438896179 0.469965994358063 0.444739669561386 0.44743624329567 0.410890072584152
0.507103204727173 0.518019437789917 0.555569171905518 0.556921362876892 0.56443464756012 0.572169482707977 0.57069605588913 0.585904061794281 0.599281966686249 0.61075496673584 0.619034111499786 0.61882621049881 0.621593177318573 0.608327567577362 0.609170079231262 0.614137947559357 0.621882379055023 0.617921829223633 0.644798457622528 0.648253977298737 0.65152633190155 0.663002192974091 0.671816766262054 0.668132126331329 0.675662636756897 0.669974505901337 0.664814293384552 0.669475018978119 0.681742548942566 0.681163787841797 0.692501723766327 0.697249948978424 0.695151746273041 0.707717478275299 0.709990799427032 0.726335346698761 0.717791020870209 0.69553941488266 0.677599370479584 0.63220202922821 0.591221034526825 0.549813389778137 0.51161652803421 0.487791985273361 0.444586396217346 0.416972905397415
0.494202673435211 0.521539390087128 0.540978193283081 0.548344135284424 0.560917496681213 0.566419959068298 0.574265420436859 0.570148169994354 0.584005653858185 0.596354961395264 0.604920864105225 0.604825675487518 0.602541565895081 0.604832112789154 0.603405117988586 0.600685894489288 0.613642871379852 0.619349956512451 0.633366763591766 0.640278875827789 0.649706482887268 0.65266352891922 0.666576504707336 0.675586044788361 0.686289191246033 0.683052003383636 0.681954681873322 0.684664309024811 0.695384621620178 0.694537818431854 0.705756843090057 0.698810577392578 0.702297031879425 0.700613141059875 0.708684265613556 0.706873416900635 0.709893703460693 0.68702495098114 0.667664587497711 0.652872800827026 0.592316269874573 0.553091824054718 0.537700533866882 0.501552760601044 0.485813081264496 0.463744878768921
0.501911044120789 0.522013604640961 0.535683393478394 0.548323214054108 0.545677363872528 0.551422297954559 0.559999644756317 0.561579704284668 0.573502957820892 0.582662343978882 0.593307256698608 0.590747535228729 0.589256048202515 0.595344603061676 0.588881492614746 0.596262574195862 0.600417912006378 0.60932070016861 0.617817342281342 0.623692393302917 0.633594274520874 0.647774934768677 0.655229449272156 0.661791205406189 0.675120055675507 0.685217440128326 0.681149065494537 0.696428120136261 0.699453830718994 0.707753658294678 0.707238733768463 0.706644296646118 0.703427195549011 0.700864553451538 0.69905960559845 0.693816363811493 0.685224056243896 0.667722463607788 0.658423066139221 0.638788938522339 0.613298416137695 0.575782895088196 0.54456752538681 0.530639588832855 0.519507110118866 0.490164428949356
0.491292476654053 0.505963146686554 0.526825308799744 0.531999230384827 0.529602944850922 0.545329034328461 0.542132556438446 0.548523128032684 0.56059193611145 0.571440398693085 0.582850813865662 0.584153175354004 0.588517785072327 0.585270762443542 0.57920241355896 0.587300539016724 0.59704852104187 0.603922307491302 0.613261759281158 0.620913207530975 0.635110557079315 0.63174170255661 0.64542281627655 0.653705477714539 0.662011802196503 0.682457625865936 0.695345520973206 0.69927966594696 0.705652713775635 0.715626239776611 0.719956994056702 0.708629131317139 0.700092315673828 0.692738652229309 0.695130169391632 0.671072065830231 0.666412532329559 0.644168078899384 0.629900753498077 0.624877750873566 0.609200060367584 0.598664581775665 0.565159976482391 0.550055146217346 0.537963032722473 0.518390953540802
0.476928561925888 0.490081131458282 0.498185664415359 0.503743588924408 0.515221297740936 0.516023576259613 0.52109432220459 0.537383794784546 0.53311288356781 0.562074780464172 0.574141621589661 0.587888956069946 0.578429877758026 0.576080858707428 0.576762795448303 0.579149544239044 0.58074277639389 0.595533192157745 0.606895744800568 0.618214428424835 0.628046154975891 0.636352896690369 0.641323029994965 0.64769971370697 0.649117946624756 0.669194221496582 0.689454197883606 0.700010240077972 0.706940352916718 0.713608622550964 0.714899897575378 0.707683026790619 0.698760330677032 0.692073583602905 0.680482089519501 0.670002222061157 0.650725364685059 0.648824512958527 0.632284581661224 0.616930902004242 0.613681852817535 0.598165392875671 0.601195454597473 0.580712020397186 0.558663308620453 0.545326769351959
0.463224738836288 0.458405941724777 0.467492163181305 0.485710024833679 0.487773209810257 0.499853938817978 0.506071209907532 0.522472858428955 0.536742985248566 0.548828184604645 0.56340092420578 0.574061751365662 0.571694374084473 0.562652885913849 0.572644233703613 0.567121803760529 0.575608670711517 0.585010945796967 0.594086766242981 0.609942018985748 0.618685126304626 0.634596824645996 0.6453498005867 0.64611542224884 0.654972672462463 0.671129286289215 0.680422902107239 0.700584530830383 0.699877798557281 0.707644701004028 0.712440431118011 0.707893788814545 0.700472891330719 0.688160181045532 0.671412646770477 0.65246319770813 0.651236414909363 0.638807713985443 0.634492158889771 0.616382837295532 0.620834529399872 0.614936769008636 0.604428112506866 0.595380663871765 0.581875085830688 0.573771238327026
