data/climate_estimation/maxent_output/Erythronium_americanum.asc
NCOLS 412 
NROWS 209 
XLLCORNER -96.25 
YLLCORNER 32.25 
CELLSIZE 0.0833333333333333 
NODATA_value -3.4e+38 
[rows 147 to 167 of 209, columns 144 to 191 of 412]
0.697483897209167 0.700676560401917 0.698656976222992 0.697973072528839 0.695697963237762 0.694090366363525 0.691960215568542 0.687393665313721 0.687124729156494 0.704726338386536 0.699762284755707 0.701674580574036 0.696476876735687 0.689959168434143 0.684327006340027 0.681513488292694 0.680180728435516 0.677902638912201 0.677902638912201 0.677212238311768 0.680720090866089 0.682472229003906 0.664696335792542 0.683923065662384 0.682980298995972 0.677451372146606 0.673804223537445 0.666377305984497 0.662040114402771 0.656100571155548 0.630617380142212 0.625462591648102 0.620460689067841 0.592181086540222 0.574563205242157 0.565278768539429 0.566048204898834 0.566159248352051 0.577013194561005 0.578752219676971 0.569855153560638 0.570004761219025 0.581925451755524 0.572026550769806 0.536095917224884 0.5773024559021 0.590422749519348 0.599019885063171
0.694940268993378 0.694389045238495 0.695847153663635 0.69194483757019 0.689931392669678 0.690065681934357 0.690602779388428 0.686855792999268 0.703251004219055 0.701798796653748 0.70181405544281 0.696327745914459 0.696096658706665 0.689959168434143 0.681902408599854 0.688249289989471 0.682747662067413 0.680591225624084 0.668439626693726 0.668319702148438 0.667476296424866 0.67140132188797 0.671926856040955 0.672873437404633 0.651244699954987 0.667596220970154 0.663396000862122 0.657562851905823 0.628137052059174 0.621364116668701 0.620853126049042 0.615701675415039 0.602720618247986 0.599373281002045 0.585576474666595 0.565860629081726 0.555637776851654 0.577013194561005 0.577270925045013 0.569259881973267 0.569259881973267 0.567370533943176 0.560124397277832 0.575358092784882 0.570773005485535 0.591182053089142 0.591858446598053 0.595512926578522
0.687827706336975 0.68902188539505 0.690752387046814 0.687781631946564 0.688169479370117 0.684014499187469 0.703235745429993 0.703502416610718 0.703369081020355 0.700448453426361 0.696601510047913 0.693535923957825 0.699965834617615 0.695582330226898 0.688368320465088 0.680186688899994 0.676558554172516 0.673991739749908 0.672369480133057 0.656507909297943 0.660021066665649 0.660141170024872 0.644614696502686 0.662462413311005 0.659462809562683 0.657562851905823 0.656085073947906 0.647797167301178 0.637065827846527 0.594821274280548 0.588899731636047 0.60687118768692 0.586853682994843 0.566183149814606 0.556652069091797 0.56299239397049 0.568596661090851 0.574687361717224 0.570026814937592 0.572797536849976 0.576237201690674 0.566918611526489 0.571578800678253 0.572131514549255 0.590927004814148 0.586872041225433 0.594835877418518 0.598493278026581
0.683926045894623 0.684314548969269 0.686183273792267 0.685360610485077 0.684672236442566 0.683460474014282 0.703620493412018 0.70295375585556 0.699898838996887 0.698829650878906 0.696586191654205 0.692045390605927 0.684669256210327 0.688875079154968 0.683929026126862 0.675883293151855 0.673196196556091 0.668580949306488 0.650907754898071 0.649715721607208 0.65053117275238 0.65053117275238 0.652010381221771 0.652961373329163 0.652689635753632 0.65010792016983 0.640982031822205 0.627852141857147 0.62072366476059 0.617856323719025 0.597820520401001 0.589633643627167 0.573148429393768 0.563549280166626 0.533582210540771 0.554074287414551 0.571550607681274 0.581825971603394 0.570257008075714 0.569198608398438 0.571308255195618 0.566748261451721 0.568759739398956 0.568491399288177 0.589153826236725 0.588192284107208 0.588041663169861 0.60577666759491
0.695798277854919 0.679463088512421 0.683087170124054 0.683475852012634 0.684268414974213 0.682906270027161 0.702538371086121 0.7012038230896 0.701085567474365 0.696272611618042 0.694964051246643 0.689061045646667 0.683022618293762 0.675919711589813 0.680109560489655 0.673539876937866 0.668399155139923 0.656217038631439 0.634402751922607 0.64219069480896 0.641390144824982 0.642478287220001 0.64070999622345 0.640966475009918 0.63393247127533 0.641526162624359 0.633240461349487 0.633378505706787 0.630808711051941 0.624837636947632 0.598508834838867 0.568105638027191 0.569980144500732 0.538485586643219 0.537109434604645 0.555127918720245 0.569013774394989 0.572978734970093 0.579534411430359 0.565161347389221 0.565138399600983 0.567403197288513 0.549581944942474 0.566732883453369 0.58885258436203 0.587215542793274 0.583640038967133 0.576817154884338
0.688285529613495 0.673807263374329 0.674587190151215 0.679567098617554 0.681035041809082 0.683983743190765 0.699333786964417 0.698783814907074 0.693980097770691 0.692505240440369 0.688105046749115 0.683934569358826 0.676533222198486 0.67276519536972 0.664116322994232 0.666439354419708 0.636535167694092 0.639382541179657 0.641086935997009 0.63299161195755 0.622173190116882 0.634041309356689 0.629453778266907 0.637308835983276 0.637884140014648 0.636659622192383 0.632985830307007 0.62495619058609 0.561041831970215 0.50838565826416 0.572092652320862 0.611016035079956 0.596416592597961 0.584720611572266 0.539039611816406 0.577809751033783 0.589924335479736 0.575281202793121 0.576911389827728 0.574370443820953 0.570608019828796 0.567671358585358 0.567640721797943 0.559817135334015 0.578025579452515 0.574179768562317 0.580455482006073 0.586572647094727
0.684384644031525 0.686253309249878 0.690806865692139 0.677812993526459 0.6809002161026 0.680075764656067 0.681004226207733 0.694634854793549 0.692221641540527 0.688074290752411 0.686072647571564 0.682183444499969 0.677073299884796 0.667201519012451 0.647507667541504 0.647171795368195 0.638453483581543 0.645606279373169 0.640542805194855 0.586137354373932 0.601326525211334 0.634043276309967 0.641572833061218 0.637748122215271 0.632153868675232 0.624135971069336 0.595487594604492 0.601004838943481 0.612975478172302 0.615588843822479 0.612316846847534 0.592987418174744 0.573625266551971 0.567238569259644 0.55155211687088 0.570643663406372 0.58425509929657 0.584215760231018 0.580795764923096 0.571935713291168 0.57045841217041 0.570964813232422 0.567520022392273 0.577524900436401 0.564233064651489 0.550536394119263 0.5771803855896 0.582032322883606
0.673622727394104 0.677389621734619 0.665942907333374 0.674295365810394 0.673339903354645 0.677512168884277 0.673865139484406 0.671566545963287 0.670364499092102 0.682841658592224 0.680145978927612 0.656840562820435 0.651951253414154 0.662067174911499 0.643584966659546 0.634229063987732 0.650197207927704 0.630402326583862 0.632023572921753 0.642101347446442 0.64021247625351 0.635979354381561 0.630112826824188 0.630112826824188 0.627920210361481 0.623582184314728 0.621541798114777 0.62021279335022 0.613362610340118 0.60724401473999 0.607311129570007 0.593038141727448 0.558002471923828 0.529907584190369 0.501721501350403 0.537896633148193 0.552960753440857 0.558062970638275 0.560161709785461 0.584941387176514 0.564538836479187 0.581806063652039 0.585976004600525 0.583592176437378 0.565375626087189 0.543699860572815 0.533186674118042 0.638298332691193
0.673035621643066 0.673607230186462 0.65984183549881 0.662810206413269 0.685803532600403 0.666438281536102 0.668740391731262 0.666589260101318 0.662779152393341 0.675946712493896 0.653686225414276 0.653189480304718 0.651846408843994 0.643176913261414 0.619332730770111 0.629738748073578 0.625415921211243 0.626928091049194 0.622469782829285 0.62165367603302 0.634906351566315 0.633938312530518 0.633257985115051 0.630824267864227 0.628767669200897 0.621949851512909 0.616382300853729 0.612924456596375 0.612806141376495 0.616736948490143 0.579129159450531 0.511159420013428 0.429658442735672 0.447160810232162 0.451943337917328 0.457861393690109 0.509370684623718 0.52912300825119 0.564832627773285 0.588177382946014 0.574591100215912 0.559875905513763 0.552310168743134 0.581063807010651 0.566518783569336 0.558971405029297 0.574528455734253 0.643148839473724
0.677327871322632 0.674387276172638 0.679486989974976 0.664390385150909 0.686145603656769 0.685457527637482 0.662659108638763 0.658860981464386 0.660624802112579 0.653189480304718 0.653476655483246 0.628960132598877 0.64536839723587 0.619468748569489 0.614333510398865 0.613518118858337 0.629120647907257 0.624086618423462 0.621925711631775 0.620309114456177 0.618813216686249 0.619629144668579 0.614039480686188 0.624958097934723 0.621149301528931 0.621149301528931 0.618119716644287 0.612182557582855 0.584529519081116 0.569742143154144 0.476567804813385 0.402150809764862 0.364278584718704 0.418757885694504 0.496256440877914 0.498064666986465 0.500395596027374 0.524368524551392 0.563328325748444 0.570480108261108 0.545389413833618 0.560076773166656 0.611929416656494 0.624210119247437 0.624723136425018 0.637404024600983 0.650940716266632 0.658441364765167
0.681058943271637 0.680280804634094 0.681343972682953 0.66396826505661 0.686130225658417 0.663139402866364 0.662779152393341 0.659961998462677 0.655905723571777 0.65159022808075 0.646697044372559 0.641408681869507 0.617565035820007 0.615149080753326 0.608642995357513 0.609322011470795 0.60255092382431 0.62029355764389 0.622485339641571 0.620309114456177 0.602304518222809 0.618405282497406 0.61417543888092 0.610235095024109 0.627014458179474 0.62102884054184 0.614037454128265 0.526486158370972 0.465870767831802 0.500250399112701 0.416877776384354 0.39808976650238 0.450149804353714 0.467538625001907 0.49568784236908 0.497749298810959 0.507323384284973 0.501997709274292 0.525441706180573 0.534572243690491 0.610816717147827 0.620417058467865 0.628804624080658 0.635304868221283 0.641788482666016 0.646758079528809 0.656389534473419 0.658681571483612
0.687863051891327 0.687340676784515 0.687087118625641 0.668287813663483 0.664781451225281 0.664947986602783 0.661287486553192 0.657368063926697 0.654020011425018 0.628944575786591 0.624621868133545 0.61894029378891 0.614438354969025 0.607676923274994 0.604043245315552 0.60109007358551 0.603374183177948 0.602566421031952 0.598076939582825 0.597414970397949 0.597956895828247 0.596482157707214 0.611880838871002 0.609555959701538 0.621829390525818 0.55214250087738 0.516225576400757 0.477159649133682 0.489580452442169 0.510926425457001 0.428558439016342 0.435319781303406 0.441941916942596 0.450552493333817 0.47015118598938 0.465304434299469 0.442143529653549 0.471294671297073 0.523466885089874 0.578550696372986 0.62373960018158 0.626491606235504 0.629348933696747 0.632261693477631 0.639627516269684 0.64612489938736 0.649764239788055 0.652460277080536
0.695197403430939 0.673142910003662 0.669656932353973 0.668860256671906 0.664676904678345 0.660489141941071 0.64073520898819 0.636261165142059 0.630456864833832 0.623533606529236 0.617821395397186 0.61513352394104 0.611208140850067 0.608522713184357 0.60550194978714 0.604009211063385 0.599583268165588 0.598754525184631 0.598874568939209 0.59087085723877 0.590735614299774 0.588587939739227 0.607503473758698 0.605874419212341 0.607180833816528 0.581408798694611 0.521211862564087 0.543369591236115 0.514754951000214 0.437841862440109 0.405147522687912 0.375347882509232 0.394826620817184 0.438039690256119 0.461963087320328 0.478083729743958 0.529121279716492 0.604633688926697 0.618869245052338 0.619982957839966 0.625100016593933 0.629317820072174 0.631445288658142 0.631216585636139 0.635152697563171 0.639605760574341 0.646804690361023 0.64542943239212
0.676594018936157 0.676235258579254 0.676536202430725 0.671686351299286 0.648297846317291 0.661981105804443 0.65398895740509 0.647345721721649 0.626767575740814 0.617021203041077 0.613196730613708 0.612109661102295 0.610630750656128 0.58698558807373 0.60552978515625 0.602816045284271 0.604129433631897 0.600381135940552 0.592358887195587 0.59087085723877 0.589908838272095 0.582632005214691 0.585799276828766 0.590381681919098 0.567283451557159 0.504630208015442 0.492147356271744 0.520910263061523 0.46192255616188 0.444685250520706 0.362709224224091 0.402279376983643 0.443798035383224 0.44293999671936 0.497573345899582 0.608721613883972 0.621215283870697 0.626429378986359 0.629302263259888 0.630736589431763 0.633179664611816 0.63252055644989 0.635742723941803 0.630859792232513 0.635170578956604 0.636831223964691 0.640924990177155 0.642288625240326
0.682840764522552 0.663139879703522 0.679873108863831 0.651278495788574 0.667370915412903 0.659946501255035 0.651559114456177 0.625134944915771 0.619468748569489 0.616579234600067 0.611344039440155 0.606455087661743 0.586202919483185 0.584781885147095 0.583539545536041 0.584285080432892 0.585214555263519 0.57542496919632 0.572467029094696 0.569110095500946 0.586685478687286 0.557749032974243 0.530791461467743 0.497432112693787 0.465202540159225 0.418308317661285 0.411295771598816 0.407178163528442 0.348014652729034 0.434834778308868 0.404278606176376 0.428051024675369 0.503652811050415 0.537152528762817 0.588446140289307 0.623881876468658 0.629830956459045 0.628328025341034 0.629209160804749 0.631732046604156 0.631732046604156 0.632956683635712 0.629891753196716 0.629319548606873 0.632013022899628 0.631218194961548 0.637031972408295 0.63721489906311
0.667690873146057 0.667238414287567 0.662027359008789 0.65477329492569 0.647080481052399 0.654797673225403 0.629803955554962 0.621264159679413 0.612665474414825 0.607676923274994 0.603062510490417 0.582380712032318 0.584425687789917 0.583615958690643 0.586073458194733 0.583487629890442 0.582834601402283 0.576366901397705 0.569110095500946 0.557053089141846 0.504779934883118 0.521423697471619 0.463737100362778 0.37984561920166 0.377510815858841 0.316761165857315 0.319163411855698 0.358216732740402 0.33121994137764 0.358369290828705 0.46342545747757 0.477546542882919 0.568708181381226 0.595664203166962 0.621957898139954 0.630294442176819 0.631927311420441 0.632657289505005 0.632186651229858 0.629951477050781 0.629811465740204 0.632869720458984 0.629731178283691 0.616947889328003 0.606403350830078 0.607504963874817 0.619858622550964 0.6247398853302
0.656352937221527 0.649199485778809 0.664137721061707 0.654050827026367 0.645763754844666 0.635036051273346 0.624497711658478 0.61440110206604 0.604946553707123 0.600876986980438 0.597183585166931 0.580648839473724 0.579301238059998 0.577082395553589 0.577783167362213 0.578725934028625 0.553376376628876 0.556630551815033 0.465158820152283 0.419388562440872 0.45569634437561 0.413185089826584 0.448608309030533 0.441479325294495 0.423123985528946 0.379037976264954 0.34744781255722 0.349651545286179 0.36954602599144 0.507138311862946 0.571860671043396 0.586235046386719 0.60743260383606 0.626696944236755 0.629625022411346 0.63219553232193 0.631266891956329 0.628709256649017 0.63003396987915 0.632245182991028 0.632037758827209 0.626873850822449 0.624807775020599 0.614179730415344 0.601078152656555 0.598797619342804 0.599355280399323 0.599146366119385
0.656837105751038 0.651342868804932 0.643912494182587 0.631566405296326 0.641160845756531 0.630545735359192 0.620280981063843 0.608546853065491 0.600599646568298 0.598929643630981 0.575048506259918 0.567619264125824 0.572671413421631 0.571327924728394 0.566120326519012 0.555356502532959 0.52363520860672 0.496677398681641 0.480831354856491 0.417947441339493 0.371129840612411 0.357467353343964 0.416301101446152 0.413779020309448 0.414345413446426 0.404526561498642 0.387005478143692 0.394151747226715 0.415078997612 0.535055875778198 0.599453985691071 0.624009311199188 0.630170345306396 0.631877422332764 0.627967000007629 0.636028647422791 0.63294130563736 0.632778525352478 0.63105183839798 0.628255724906921 0.62842857837677 0.621317863464355 0.611869633197784 0.60531747341156 0.595202088356018 0.591587364673615 0.587903201580048 0.593903243541718
0.632389485836029 0.649581849575043 0.640653729438782 0.630919635295868 0.638903975486755 0.625823855400085 0.614218592643738 0.602180421352386 0.592629492282867 0.592463254928589 0.585630357265472 0.549884676933289 0.56696879863739 0.522296845912933 0.529907703399658 0.509820878505707 0.498867839574814 0.4774110019207 0.470257461071014 0.452156484127045 0.426508814096451 0.4268798828125 0.381011068820953 0.356492757797241 0.382286220788956 0.381869167089462 0.450032085180283 0.487719237804413 0.511088192462921 0.604695498943329 0.622250556945801 0.620433866977692 0.627519726753235 0.632675647735596 0.632399082183838 0.634299874305725 0.631994485855103 0.631458699703217 0.63101065158844 0.62482351064682 0.613110899925232 0.609001457691193 0.60313093662262 0.600384712219238 0.596827328205109 0.584978342056274 0.580296516418457 0.582318961620331
0.630790233612061 0.620225429534912 0.640486598014832 0.626534461975098 0.611423134803772 0.618209838867188 0.60619330406189 0.595381498336792 0.578928768634796 0.561485946178436 0.543938159942627 0.533389627933502 0.526474177837372 0.514666199684143 0.474631786346436 0.412361800670624 0.449722230434418 0.450173616409302 0.467376053333282 0.447534501552582 0.451245427131653 0.434592336416245 0.336841017007828 0.299507558345795 0.346614181995392 0.424762666225433 0.54423326253891 0.533837795257568 0.601499497890472 0.609421670436859 0.607259929180145 0.605328619480133 0.6225945353508 0.625632762908936 0.625474750995636 0.628211319446564 0.627906084060669 0.619982123374939 0.622099220752716 0.621581733226776 0.61472624540329 0.610495507717133 0.606252074241638 0.595337510108948 0.588659167289734 0.585321426391602 0.577110111713409 0.57338273525238
0.620342671871185 0.639679491519928 0.629369795322418 0.617745876312256 0.625053226947784 0.608575284481049 0.583586812019348 0.55179750919342 0.533973276615143 0.53865510225296 0.506470918655396 0.390001893043518 0.370478242635727 0.414420038461685 0.461534708738327 0.425325304269791 0.403785914182663 0.442573040723801 0.465253740549088 0.470347225666046 0.461583912372589 0.390222281217575 0.333201348781586 0.308956146240234 0.392388552427292 0.484009057283401 0.584888160228729 0.596345663070679 0.602515935897827 0.598547160625458 0.603609085083008 0.602602601051331 0.608170330524445 0.628158926963806 0.627519726753235 0.630372822284698 0.62227874994278 0.614902019500732 0.613150715827942 0.612079203128815 0.610872030258179 0.606100797653198 0.601407289505005 0.594795882701874 0.587307870388031 0.579472541809082 0.568594634532928 0.567655742168427
