data/climate_estimation/maxent_output/Erythronium_montanum.asc
NCOLS 63 
NROWS 133 
XLLCORNER -125.916666666667 
YLLCORNER 43.8333333333333 
CELLSIZE 0.0833333333333333 
NODATA_value -3.4e+38 
[rows 105 to 125 of 133, columns 0 to 46 of 63]
-3.4e+38 -3.4e+38 -3.4e+38 -3.4e+38 -3.4e+38 -3.4e+38 -3.4e+38 -3.4e+38 -3.4e+38 -3.4e+38 -3.4e+38 -3.4e+38 -3.4e+38 -3.4e+38 -3.4e+38 -3.4e+38 -3.4e+38 -3.4e+38 -3.4e+38 -3.4e+38 -3.4e+38 -3.4e+38 -3.4e+38 0.306397348642349 0.343936055898666 0.38717332482338 0.471879452466965 0.52858692407608 0.585898280143738 0.636729717254639 0.625263929367065 0.644456267356873 0.501630187034607 0.504173219203949 0.329890519380569 0.19307342171669 0.232515543699265 0.363902866840363 0.515731692314148 0.546442925930023 0.624178647994995 0.776445090770721 0.729178309440613 0.784168660640717 0.799562871456146 0.788460612297058 0.688102602958679
-3.4e+38 -3.4e+38 -3.4e+38 -3.4e+38 -3.4e+38 -3.4e+38 -3.4e+38 -3.4e+38 -3.4e+38 -3.4e+38 -3.4e+38 -3.4e+38 -3.4e+38 -3.4e+38 -3.4e+38 -3.4e+38 -3.4e+38 -3.4e+38 -3.4e+38 -3.4e+38 -3.4e+38 -3.4e+38 -3.4e+38 0.268794298171997 0.306873947381973 0.426615297794342 0.462318152189255 0.52961790561676 0.590437054634094 0.633725702762604 0.649196088314056 0.664561212062836 0.639487385749817 0.578143656253815 0.486117035150528 0.379641979932785 0.195937365293503 0.43498370051384 0.493072926998138 0.523372292518616 0.57569545507431 0.680515944957733 0.736764550209045 0.676496148109436 0.736702144145966 0.733136892318726 0.712082862854004
-3.4e+38 -3.4e+38 -3.4e+38 -3.4e+38 -3.4e+38 -3.4e+38 -3.4e+38 -3.4e+38 -3.4e+38 -3.4e+38 -3.4e+38 -3.4e+38 -3.4e+38 -3.4e+38 -3.4e+38 -3.4e+38 -3.4e+38 -3.4e+38 -3.4e+38 -3.4e+38 -3.4e+38 -3.4e+38 -3.4e+38 0.264504224061966 0.325555592775345 0.412085741758347 0.476909607648849 0.523939073085785 0.565158128738403 0.595575749874115 0.635568797588348 0.650814712047577 0.571197032928467 0.611851513385773 0.550802052021027 0.279920846223831 0.175326645374298 0.215947955846786 0.38368421792984 0.482510179281235 0.484271556138992 0.533184945583344 0.54532116651535 0.672454535961151 0.761770069599152 0.802874863147736 0.819090008735657
-3.4e+38 -3.4e+38 -3.4e+38 -3.4e+38 -3.4e+38 -3.4e+38 -3.4e+38 -3.4e+38 -3.4e+38 -3.4e+38 -3.4e+38 -3.4e+38 -3.4e+38 -3.4e+38 -3.4e+38 -3.4e+38 -3.4e+38 -3.4e+38 -3.4e+38 -3.4e+38 -3.4e+38 -3.4e+38 -3.4e+38 0.266683876514435 0.349957674741745 0.368405729532242 0.453416973352432 0.499617695808411 0.533205986022949 0.622721791267395 0.640227913856506 0.649827063083649 0.487657904624939 0.476516515016556 0.61868017911911 0.341090142726898 0.167791649699211 0.102241978049278 0.166513860225677 0.295756191015244 0.411992400884628 0.500583291053772 0.609406054019928 0.738874018192291 0.799052119255066 0.838048040866852 0.809566617012024
-3.4e+38 -3.4e+38 -3.4e+38 -3.4e+38 -3.4e+38 -3.4e+38 -3.4e+38 -3.4e+38 -3.4e+38 -3.4e+38 -3.4e+38 -3.4e+38 -3.4e+38 -3.4e+38 -3.4e+38 -3.4e+38 -3.4e+38 -3.4e+38 -3.4e+38 -3.4e+38 -3.4e+38 -3.4e+38 -3.4e+38 0.297006189823151 0.335653305053711 0.346130818128586 0.449977248907089 0.505914449691772 0.588477730751038 0.643317520618439 0.640870749950409 0.592325448989868 0.505350232124329 0.62725841999054 0.597810506820679 0.303036153316498 0.10359762609005 0.0757141336798668 0.113619983196259 0.145246341824532 0.207276970148087 0.40460991859436 0.598695039749146 0.676956295967102 0.79908561706543 0.798340022563934 0.773914098739624
-3.4e+38 -3.4e+38 -3.4e+38 -3.4e+38 -3.4e+38 -3.4e+38 -3.4e+38 -3.4e+38 -3.4e+38 -3.4e+38 -3.4e+38 -3.4e+38 -3.4e+38 -3.4e+38 -3.4e+38 -3.4e+38 -3.4e+38 -3.4e+38 -3.4e+38 -3.4e+38 -3.4e+38 -3.4e+38 -3.4e+38 0.256607681512833 0.270329117774963 0.360426336526871 0.442777246236801 0.533863246440887 0.593578696250916 0.636842429637909 0.672916531562805 0.525516510009766 0.306210786104202 0.410392880439758 0.32878178358078 0.298833519220352 0.0978392586112022 0.0681150034070015 0.0780254825949669 0.0998185947537422 0.139514610171318 0.259034276008606 0.57878041267395 0.711835205554962 0.743794858455658 0.707815229892731 0.780904412269592
-3.4e+38 -3.4e+38 -3.4e+38 -3.4e+38 -3.4e+38 -3.4e+38 -3.4e+38 -3.4e+38 -3.4e+38 -3.4e+38 -3.4e+38 -3.4e+38 -3.4e+38 -3.4e+38 -3.4e+38 -3.4e+38 -3.4e+38 -3.4e+38 -3.4e+38 -3.4e+38 -3.4e+38 -3.4e+38 -3.4e+38 0.249945387244225 0.306125313043594 0.398141920566559 0.476819545030594 0.56219482421875 0.581537663936615 0.633414208889008 0.64875316619873 0.462480634450912 0.172402605414391 0.0783483013510704 0.0719754993915558 0.085572138428688 0.101736590266228 0.0789642259478569 0.0708498358726501 0.0816197767853737 0.103238463401794 0.164300546050072 0.261025160551071 0.4604152739048 0.534797012805939 0.56562465429306 0.451363056898117
-3.4e+38 -3.4e+38 -3.4e+38 -3.4e+38 -3.4e+38 -3.4e+38 -3.4e+38 -3.4e+38 -3.4e+38 -3.4e+38 -3.4e+38 -3.4e+38 -3.4e+38 -3.4e+38 -3.4e+38 -3.4e+38 -3.4e+38 -3.4e+38 -3.4e+38 -3.4e+38 -3.4e+38 -3.4e+38 -3.4e+38 0.253009855747223 0.294250786304474 0.369000732898712 0.467946290969849 0.505805492401123 0.587885320186615 0.669246852397919 0.683412373065948 0.591832160949707 0.162028104066849 0.0564662776887417 0.0429538451135159 0.0485889315605164 0.0582175366580486 0.101299375295639 0.0933021679520607 0.0851602405309677 0.0973924025893211 0.0968674123287201 0.116411127150059 0.210463732481003 0.417563527822495 0.703111350536346 0.793941140174866
-3.4e+38 -3.4e+38 -3.4e+38 -3.4e+38 -3.4e+38 -3.4e+38 -3.4e+38 -3.4e+38 -3.4e+38 -3.4e+38 -3.4e+38 -3.4e+38 -3.4e+38 -3.4e+38 -3.4e+38 -3.4e+38 -3.4e+38 -3.4e+38 -3.4e+38 -3.4e+38 -3.4e+38 -3.4e+38 -3.4e+38 0.253809541463852 0.245126515626907 0.281989306211472 0.404420584440231 0.492837905883789 0.589464366436005 0.643610656261444 0.67055869102478 0.275005519390106 0.0798919871449471 0.0475410707294941 0.0538008958101273 0.0373931266367435 0.0578011199831963 0.0579459220170975 0.101894378662109 0.0724813491106033 0.124305710196495 0.16916985809803 0.221268698573112 0.273095548152924 0.475656986236572 0.610100567340851 0.655798971652985
-3.4e+38 -3.4e+38 -3.4e+38 -3.4e+38 -3.4e+38 -3.4e+38 -3.4e+38 -3.4e+38 -3.4e+38 -3.4e+38 -3.4e+38 -3.4e+38 -3.4e+38 -3.4e+38 -3.4e+38 -3.4e+38 -3.4e+38 -3.4e+38 -3.4e+38 -3.4e+38 -3.4e+38 -3.4e+38 -3.4e+38 0.275599718093872 0.264677226543427 0.329799115657806 0.515673279762268 0.532219409942627 0.597244501113892 0.680394291877747 0.453565388917923 0.113807484507561 0.0486584380269051 0.0427739694714546 0.0821423754096031 0.0622298009693623 0.055395171046257 0.0555475354194641 0.0769300758838654 0.0840336605906487 0.111579954624176 0.132026925683022 0.179798513650894 0.363389700651169 0.482888460159302 0.517141163349152 0.554519057273865
-3.4e+38 -3.4e+38 -3.4e+38 -3.4e+38 -3.4e+38 -3.4e+38 -3.4e+38 -3.4e+38 -3.4e+38 -3.4e+38 -3.4e+38 -3.4e+38 -3.4e+38 -3.4e+38 -3.4e+38 -3.4e+38 -3.4e+38 -3.4e+38 -3.4e+38 -3.4e+38 -3.4e+38 -3.4e+38 -3.4e+38 0.242638543248177 0.317526698112488 0.348527073860168 0.435394436120987 0.537081241607666 0.621314764022827 0.658365428447723 0.455456227064133 0.0846897587180138 0.0315469913184643 0.0306038316339254 0.0384741388261318 0.0334316454827785 0.0666932091116905 0.052182000130415 0.0676076263189316 0.0960963740944862 0.148319482803345 0.211780250072479 0.243560254573822 0.35624235868454 0.520735919475555 0.70545619726181 0.843000054359436
-3.4e+38 -3.4e+38 -3.4e+38 -3.4e+38 -3.4e+38 -3.4e+38 -3.4e+38 -3.4e+38 -3.4e+38 -3.4e+38 -3.4e+38 -3.4e+38 -3.4e+38 -3.4e+38 -3.4e+38 -3.4e+38 -3.4e+38 -3.4e+38 -3.4e+38 -3.4e+38 -3.4e+38 -3.4e+38 -3.4e+38 0.260476529598236 0.322225660085678 0.465362221002579 0.568763256072998 0.533856213092804 0.566523909568787 0.424827665090561 0.169428482651711 0.0557913333177567 0.02274264767766 0.0211610794067383 0.0259504858404398 0.032349955290556 0.0409344360232353 0.0500460863113403 0.06749626994133 0.079949364066124 0.148454561829567 0.284284740686417 0.385332763195038 0.510956108570099 0.544963240623474 0.7330242395401 0.832353889942169
-3.4e+38 -3.4e+38 -3.4e+38 -3.4e+38 -3.4e+38 -3.4e+38 -3.4e+38 -3.4e+38 -3.4e+38 -3.4e+38 -3.4e+38 -3.4e+38 -3.4e+38 -3.4e+38 -3.4e+38 -3.4e+38 -3.4e+38 -3.4e+38 -3.4e+38 -3.4e+38 -3.4e+38 -3.4e+38 -3.4e+38 0.313019156455994 0.388799607753754 0.448669880628586 0.4859599173069 0.441082149744034 0.216447815299034 0.117166638374329 0.058691281825304 0.0296631883829832 0.0224922839552164 0.0271348506212234 0.0216274578124285 0.0323631837964058 0.040850818157196 0.0504317469894886 0.0706494450569153 0.098431408405304 0.154084488749504 0.333040922880173 0.634026169776917 0.825570642948151 0.803969025611877 0.706226289272308 0.766168892383575
-3.4e+38 -3.4e+38 -3.4e+38 -3.4e+38 -3.4e+38 -3.4e+38 -3.4e+38 -3.4e+38 -3.4e+38 -3.4e+38 -3.4e+38 -3.4e+38 -3.4e+38 -3.4e+38 -3.4e+38 -3.4e+38 -3.4e+38 -3.4e+38 -3.4e+38 -3.4e+38 -3.4e+38 -3.4e+38 0.30550879240036 0.344560921192169 0.409660518169403 0.502792000770569 0.526196658611298 0.385848164558411 0.209623336791992 0.0852499827742577 0.0498541407287121 0.0271563269197941 0.0214959569275379 0.0348591171205044 0.0213317424058914 0.0330695100128651 0.0415802896022797 0.0646534115076065 0.110030852258205 0.209238678216934 0.41458198428154 0.529018819332123 0.777885556221008 0.833834290504456 0.835158288478851 0.80427485704422 0.375419080257416
-3.4e+38 -3.4e+38 -3.4e+38 -3.4e+38 -3.4e+38 -3.4e+38 -3.4e+38 -3.4e+38 -3.4e+38 -3.4e+38 -3.4e+38 -3.4e+38 -3.4e+38 -3.4e+38 -3.4e+38 -3.4e+38 -3.4e+38 -3.4e+38 -3.4e+38 -3.4e+38 -3.4e+38 -3.4e+38 0.278823882341385 0.345255196094513 0.458816438913345 0.594715356826782 0.656481266021729 0.67737478017807 0.660268843173981 0.438070029020309 0.0861999168992043 0.0272030178457499 0.0211953148245811 0.0331505760550499 0.0212008636444807 0.0281879659742117 0.0503564886748791 0.0962048396468163 0.22292448580265 0.408271282911301 0.584217011928558 0.649900138378143 0.731082558631897 0.810307264328003 0.816693723201752 0.765874266624451 0.574152946472168
-3.4e+38 -3.4e+38 -3.4e+38 -3.4e+38 -3.4e+38 -3.4e+38 -3.4e+38 -3.4e+38 -3.4e+38 -3.4e+38 -3.4e+38 -3.4e+38 -3.4e+38 -3.4e+38 -3.4e+38 -3.4e+38 -3.4e+38 -3.4e+38 -3.4e+38 -3.4e+38 -3.4e+38 -3.4e+38 0.265746176242828 0.329104065895081 0.489549726247787 0.571548044681549 0.633047997951508 0.686097800731659 0.608921706676483 0.197852700948715 0.0539164543151855 0.0303032994270325 0.021179873496294 0.0287054684013128 0.0344876945018768 0.0345187298953533 0.0621717125177383 0.109727926552296 0.214004516601562 0.522718369960785 0.680976629257202 0.773531556129456 0.766082644462585 0.762524545192719 0.793103516101837 0.823809087276459 0.767445862293243
-3.4e+38 -3.4e+38 -3.4e+38 -3.4e+38 -3.4e+38 -3.4e+38 -3.4e+38 -3.4e+38 -3.4e+38 -3.4e+38 -3.4e+38 -3.4e+38 -3.4e+38 -3.4e+38 -3.4e+38 -3.4e+38 -3.4e+38 -3.4e+38 -3.4e+38 -3.4e+38 -3.4e+38 -3.4e+38 0.273988783359528 0.302007079124451 0.424314022064209 0.510233163833618 0.586433053016663 0.56991845369339 0.544243216514587 0.154017999768257 0.0430443473160267 0.0307554509490728 0.022319296374917 0.0215346533805132 0.0271573569625616 0.0402918085455894 0.0481007806956768 0.0843748971819878 0.161029770970345 0.272097826004028 0.377629935741425 0.433484315872192 0.572495400905609 0.771141946315765 0.796186327934265 0.756104230880737 0.534231305122375
-3.4e+38 -3.4e+38 -3.4e+38 -3.4e+38 -3.4e+38 -3.4e+38 -3.4e+38 -3.4e+38 -3.4e+38 -3.4e+38 -3.4e+38 -3.4e+38 -3.4e+38 -3.4e+38 -3.4e+38 -3.4e+38 -3.4e+38 -3.4e+38 -3.4e+38 -3.4e+38 -3.4e+38 -3.4e+38 0.248113483190536 0.290875852108002 0.336761653423309 0.355330765247345 0.326717913150787 0.359065741300583 0.252546072006226 0.0743582174181938 0.0774265751242638 0.0407929159700871 0.0235398039221764 0.0187032092362642 0.0222273413091898 0.0310316849499941 0.0467845872044563 0.0812512561678886 0.128842979669571 0.300824612379074 0.407161295413971 0.520642757415771 0.682721793651581 0.719815790653229 0.578031659126282 0.399648487567902 0.427296191453934
-3.4e+38 -3.4e+38 -3.4e+38 -3.4e+38 -3.4e+38 -3.4e+38 -3.4e+38 -3.4e+38 -3.4e+38 -3.4e+38 -3.4e+38 -3.4e+38 -3.4e+38 -3.4e+38 -3.4e+38 -3.4e+38 -3.4e+38 -3.4e+38 -3.4e+38 -3.4e+38 -3.4e+38 -3.4e+38 0.185090586543083 0.219429180026054 0.259883046150208 0.279038369655609 0.267136424779892 0.219608455896378 0.150685176253319 0.0924830809235573 0.118410684168339 0.0443629808723927 0.0198867116123438 0.0192688219249249 0.0222237948328257 0.0259189493954182 0.0356705896556377 0.0514315329492092 0.112075619399548 0.521083116531372 0.685458719730377 0.732370615005493 0.675768911838531 0.67857164144516 0.716641843318939 0.511445105075836 0.682101249694824
-3.4e+38 -3.4e+38 -3.4e+38 -3.4e+38 -3.4e+38 -3.4e+38 -3.4e+38 -3.4e+38 -3.4e+38 -3.4e+38 -3.4e+38 -3.4e+38 -3.4e+38 -3.4e+38 -3.4e+38 -3.4e+38 -3.4e+38 -3.4e+38 -3.4e+38 -3.4e+38 -3.4e+38 -3.4e+38 0.179910272359848 0.268325716257095 0.352831661701202 0.30784797668457 0.250295996665955 0.260817348957062 0.338220447301865 0.100471317768097 0.0420039556920528 0.0260868072509766 0.0202508103102446 0.0196690950542688 0.0223068445920944 0.0269705485552549 0.0366541594266891 0.0517396181821823 0.103023111820221 0.416462481021881 0.551219284534454 0.533265709877014 0.558485686779022 0.591304242610931 0.585940778255463 0.571617782115936 0.578206956386566
-3.4e+38 -3.4e+38 -3.4e+38 -3.4e+38 -3.4e+38 -3.4e+38 -3.4e+38 -3.4e+38 -3.4e+38 -3.4e+38 -3.4e+38 -3.4e+38 -3.4e+38 -3.4e+38 -3.4e+38 -3.4e+38 -3.4e+38 -3.4e+38 -3.4e+38 -3.4e+38 -3.4e+38 -3.4e+38 0.179780840873718 0.265541076660156 0.452297925949097 0.408884823322296 0.438336700201035 0.33244726061821 0.356527626514435 0.130201131105423 0.0434032268822193 0.0259998608380556 0.0234332624822855 0.0228394772857428 0.0223006699234247 0.0429140813648701 0.0685587227344513 0.0528965517878532 0.0860342904925346 0.269927620887756 0.275546431541443 0.274923592805862 0.448873668909073 0.59299647808075 0.616707026958466 0.536299645900726 0.524961292743683
