data/climate_estimation/maxent_output/Erythronium_grandiflorum.asc
NCOLS 310 
NROWS 266 
XLLCORNER -130.583333333333 
YLLCORNER 36.8333333333333 
CELLSIZE 0.0833333333333333 
NODATA_value -3.4e+38 
[rows 0 to 20 of 266, columns 141 to 187 of 310]
8.96433921298012e-05 9.01649473235011e-05 9.2045491328463e-05 9.2045491328463e-05 8.98698635865003e-05 9.17552533792332e-05 9.08268266357481e-05 8.3073231508024e-05 9.2277980002109e-05 9.33154005906545e-05 9.06710120034404e-05 9.15440396056511e-05 8.29244163469411e-05 8.50772557896562e-05 9.72644265857525e-05 0.000101436664408538 9.42081824177876e-05 9.78892639977857e-05 9.75230941548944e-05 0.000100308105174918 0.000101776182418689 0.000102535275800619 0.000106139195850119 0.000107840263808612 0.000116410388727672 0.000121228018542752 0.000124415950267576 0.000144060992170125 0.00014603063755203 0.000155442699906416 0.000191087528946809 0.000208906756597571 0.000174654822330922 0.000179025970282964 0.000181257375515997 0.000191409882972948 0.000227259850362316 0.000220067333430052 0.000218668268644251 0.000219878886127844 0.00019075587624684 0.000189238300663419 0.000202510273084044 0.000235307627008297 0.000244463793933392 0.000216819171328098 0.000218260451219976
9.72435445873998e-05 9.66243023867719e-05 8.88505819602869e-05 8.86981506482698e-05 9.15233831619844e-05 8.89220900717191e-05 8.97808640729636e-05 9.04959670151584e-05 0.000101302146504167 0.000109757653262932 9.41256294026971e-05 0.000108873726276215 9.85190345090814e-05 9.89921973086894e-05 0.000101336343504954 0.000103570397186559 9.79940232355148e-05 0.000101929443189874 0.000102689838968217 0.00010345212649554 9.7499301773496e-05 0.000102073165180627 0.00011117597023258 0.000118040617962833 0.000117545750981662 0.000113084410259034 0.00011726775119314 0.000123481033369899 0.000121830118587241 0.000144253368489444 0.000139977521030232 0.000157995717017911 0.000180242786882445 0.000169713239301927 0.000178354806848802 0.000186486329766922 0.000180824470589869 0.000225307085202076 0.00021488667698577 0.00022281426936388 0.000218591667362489 0.000237161395489238 0.000225674564717337 0.000235736151807941 0.000250148761551827 0.000245646049734205 0.000210756668820977
9.0934569016099e-05 9.75160655798391e-05 9.90907356026582e-05 9.78215539362282e-05 9.93409048533067e-05 9.3162409029901e-05 0.000108149608422536 0.000109190921648405 0.000112313442514278 0.000112313442514278 0.000108262735011522 0.000110826396849006 0.00011153665400343 0.000101598459878005 0.000105516308394726 0.000112963141873479 0.000101374207588378 0.000110103494080249 9.91146589512937e-05 9.72006600932218e-05 9.52668488025665e-05 0.000100114302767906 0.000103200341982301 0.000112371046270709 0.000102092672022991 9.91302804322913e-05 0.000118982403364498 0.000122979399748147 0.000110656910692342 0.000118138261314016 0.000117149553261697 0.000113566107756924 0.000114675269287545 0.000111819797893986 0.000134579604491591 0.000142085060360841 0.000171693522133864 0.000188187885214575 0.000222934104385786 0.000216952670598403 0.000224437972065061 0.000236240579397418 0.000203618590603583 0.000213387960684486 0.000240919180214405 0.0002340499922866 0.000252843601629138
9.33243572944775e-05 9.89785548881628e-05 9.78532116278075e-05 9.67481682891957e-05 0.000106262465124018 0.000116771916509606 0.000112931680632755 0.000123614168842323 0.00011302693746984 0.000112125286250375 0.000117010058602318 0.000117493349534925 0.000123877194710076 0.00012905323819723 0.000130755550344475 0.000146701000630856 0.000162727679708041 0.000155181653099135 0.000118163086881395 0.000101045989140403 0.000106380990473554 9.61316691245884e-05 0.000104180668131448 0.000100090997875668 9.81892153504305e-05 9.68799940892495e-05 9.79649921646342e-05 9.7194679256063e-05 0.000100702367490157 9.49211462284438e-05 9.29685775190592e-05 9.16403805604205e-05 9.1596542915795e-05 9.19851518119685e-05 9.27266228245571e-05 9.26853535929695e-05 9.85341030173004e-05 0.000112519519461785 0.000126072147395462 0.000149938263348304 0.000175871246028692 0.000192853214684874 0.00020412313460838 0.000199048387003131 0.000164332988788374 0.000194054446183145 0.000244111230131239
0.000130133965285495 0.00012612171121873 0.000120740740385372 0.00011908477608813 0.00011908477608813 0.000121590623166412 0.000124064448755234 0.000128088722703978 0.000131124033941887 0.000125765553093515 0.000139179901452735 0.000145317855640315 0.00013730235514231 0.000169651088071987 0.000179258742718957 0.000204105293960311 0.00016619150119368 0.000127107618027367 0.000118977302918211 0.000105287050246261 0.00010442610073369 0.000104930099041667 9.89732652669773e-05 0.000103498823591508 9.87933090073057e-05 9.77029631030746e-05 9.38675657380372e-05 9.88472529570572e-05 9.53381968429312e-05 9.10232702153735e-05 8.9306129666511e-05 7.88858014857396e-05 7.93928847997449e-05 7.52992636989802e-05 7.67607198213227e-05 7.75881489971653e-05 7.84094663686119e-05 8.03163347882219e-05 8.22133442852646e-05 8.53771634865552e-05 9.72482303041033e-05 9.98813411570154e-05 0.000108410073153209 0.00010154861229239 0.00010171158646699 0.000118232856038958 0.000131730936118402
0.000130186133901589 0.000124323734780774 0.000124323734780774 0.000127356310258619 0.000129211242892779 0.000127856197650544 0.000128163272165693 0.000139827388920821 0.000141081254696473 0.000150416715769097 0.000150313819176517 0.000150554798892699 0.000144644815009087 0.00014326129166875 0.000139620155096054 0.000135744790895842 0.000120753153169062 0.000127348583191633 0.000120686810987536 0.000100596866104752 0.000109422129753511 9.9716147815343e-05 0.000104613827716094 9.93767898762599e-05 9.96396483969875e-05 0.000100108292826917 9.39827659749426e-05 7.87654498708434e-05 8.25316965347156e-05 7.94730367488228e-05 7.61090122978203e-05 7.55105502321385e-05 7.41916446713731e-05 7.17373623047024e-05 7.19620948075317e-05 7.05493148416281e-05 7.05439524608664e-05 7.34996065148152e-05 7.76941305957735e-05 7.56011504563503e-05 7.68277895986103e-05 7.87686003604904e-05 8.29116033855826e-05 8.27223921078257e-05 8.41424116515554e-05 8.1933532783296e-05 8.40078791952692e-05
0.000156801484990865 0.000155394853209145 0.000162649434059858 0.000154876004671678 0.00015396265371237 0.000151273576193489 0.000152245935169049 0.00014815604663454 0.000154846406076103 0.000143344906973653 0.000155586210894398 0.000153839704580605 0.000135359077830799 0.000143555458635092 0.000141722019179724 0.000136678558192216 0.00012697147030849 0.000121857650810853 0.000129379579448141 0.0001083607567125 0.000114748836494982 0.000101687634014525 0.000107959851447958 0.000101147059467621 0.000105265899037477 9.16234857868403e-05 8.69507275638171e-05 7.84027652116492e-05 7.5000491051469e-05 7.72014172980562e-05 7.32705375412479e-05 7.17604780220427e-05 7.0224778028205e-05 6.54454852337949e-05 7.07036961102858e-05 7.34261848265305e-05 7.40175455575809e-05 7.51652478356846e-05 7.09857122274116e-05 7.28286177036352e-05 7.68528989283368e-05 7.81318231020123e-05 8.00298221292906e-05 8.10548590379767e-05 8.39088243083097e-05 8.17878535599448e-05 8.45259346533567e-05
0.000197797024156898 0.000216302956687286 0.0001704557944322 0.000167195044923574 0.000174659362528473 0.000159201576025225 0.000157279238919728 0.000154992245370522 0.000153505330672488 0.000150816267705522 0.000165577017469332 0.000159831528435461 0.000153569082613103 0.000143449069582857 0.000152919645188376 0.000139496114570647 0.000133795125293545 0.000127789695397951 0.000126588638522662 0.00013823903282173 0.00010768177889986 0.000108029009425081 0.000111660643597133 0.000104214712337125 0.00010191067121923 9.93883077171631e-05 9.48685192270204e-05 8.53197489050217e-05 7.87827448220924e-05 8.10571000329219e-05 7.47490194044076e-05 7.11705797584727e-05 7.07241488271393e-05 6.623341323575e-05 6.75137926009484e-05 6.55948824714869e-05 7.41737821954302e-05 6.63875616737641e-05 6.27688350505196e-05 6.94077534717508e-05 7.00793534633704e-05 7.30205283616669e-05 7.46658988646232e-05 7.36679357942194e-05 7.65466029406525e-05 7.88680772529915e-05 8.39714994071983e-05
0.000186064295121469 0.000187569472473115 0.000177112786332145 0.000178292757482268 0.000179851514985785 0.000190369522897527 0.000186114906682633 0.000172828003996983 0.000167180580319837 0.000163858436280861 0.000167316800798289 0.000159525836352259 0.000159555827849545 0.000148998195072636 0.000156157097080722 0.000144188961712644 0.000141211858135648 0.000138963659992442 0.000131665394292213 0.000129178006318398 0.000114997274067719 0.000114443282654975 0.00011046136933146 0.00011046136933146 0.000111852532427292 0.000110820874397177 0.000106372419395484 8.77698548720218e-05 9.21642131288536e-05 8.14456652733497e-05 7.47972735553049e-05 7.20836615073495e-05 6.90793604007922e-05 7.15325295459479e-05 7.35072899260558e-05 6.69972141622566e-05 6.8907298555132e-05 6.83559555909596e-05 7.06438295310363e-05 7.34907298465259e-05 7.70682891015895e-05 7.8300574386958e-05 8.02728609414771e-05 7.88769903010689e-05 8.1515267083887e-05 8.19896595203318e-05 8.44291353132576e-05
0.000235647967201658 0.000249730044743046 0.000295462086796761 0.000305281835608184 0.000290490570478141 0.000282435910776258 0.000286960566882044 0.00028253230266273 0.000219780355109833 0.000204844647669233 0.0002007219591178 0.000161606352776289 0.000167033227626234 0.00016466632951051 0.000162941811140627 0.000147413957165554 0.000150212392327376 0.000147583865327761 0.000149278988828883 0.000139101292006671 0.000147130922414362 0.00012052870442858 0.00012014130334137 0.000113084526674356 0.000111796100100037 0.000109379623609129 0.000107615494925994 9.96591843431816e-05 0.00010510141873965 9.93709836620837e-05 8.58966523082927e-05 7.30357496649958e-05 7.55913133616559e-05 7.2848895797506e-05 7.34364803065546e-05 7.59565518819727e-05 7.31871186872013e-05 7.19623494660482e-05 7.60861148592085e-05 7.32495318516158e-05 7.60123439249583e-05 7.77448221924715e-05 8.04722658358514e-05 8.19652559584938e-05 8.29029668238945e-05 8.66440896061249e-05 8.52062657941133e-05
0.000252163648838177 0.000259619642747566 0.000252312223892659 0.000275456201052293 0.00029403786174953 0.000286536931525916 0.000277696788543835 0.000259111810009927 0.000235051746130921 0.000212199360248633 0.000200596536160447 0.000205304037081078 0.000204241587198339 0.000178298374521546 0.000174896282260306 0.000171941981534474 0.000152379332575947 0.00015453714877367 0.000152321081259288 0.000142551172757521 0.00015086137864273 0.00014586171892006 0.000139538256917149 0.000115410191938281 0.000114519192720763 0.000108912339783274 0.000111437788291369 0.000103347898402717 9.98492178041488e-05 0.000100492987257894 9.30921014514752e-05 8.46788316266611e-05 8.19136039353907e-05 7.82996648922563e-05 8.40633729239926e-05 7.66123921494e-05 7.72321873228066e-05 7.54866123315878e-05 8.40715802041814e-05 8.14283994259313e-05 8.00061316112988e-05 8.48970375955105e-05 8.34559614304453e-05 8.20319037302397e-05 8.42800291138701e-05 9.24440173548646e-05 9.29819580051117e-05
0.000328815513057634 0.000295419042231515 0.000272076693363488 0.000259483436821029 0.000272668257821351 0.000247932126512751 0.000258103827945888 0.000233176950132474 0.000231872181757353 0.000226690113777295 0.000223217051825486 0.000219659559661523 0.00020167394541204 0.000196399938431568 0.000187803714652546 0.00017680691962596 0.00017915794160217 0.000159087911015376 0.000155391477164812 0.000155141548020765 0.000156283000251278 0.000147482103784569 0.000138474482810125 0.000132585075334646 0.00012272663298063 0.000120843586046249 0.000113125679490622 0.000108112159068696 0.000108391592220869 0.000111019013274927 0.000102262507425621 0.000103536927781533 9.93800640571862e-05 9.82686251518317e-05 9.33439514483325e-05 8.75881523825228e-05 8.84365945239551e-05 9.17087309062481e-05 9.20140519156121e-05 9.50945031945594e-05 9.38800294534303e-05 8.57311752042733e-05 9.48201195569709e-05 9.52185364440084e-05 9.55255818553269e-05 0.000100221957836766 0.000100158169516362
0.000326624285662547 0.000306678790366277 0.000295023754006252 0.00028197537176311 0.000275047379545867 0.000271150085609406 0.000257330597378314 0.000251765188295394 0.000248705851845443 0.00025474393623881 0.000236744876019657 0.000243147616856731 0.000232224439969286 0.000216315165744163 0.00021398370154202 0.000186947523616254 0.000194594409549609 0.000184556876774877 0.000169826482306235 0.000169826482306235 0.000152978638652712 0.000168153332197107 0.000161022646352649 0.000157812843099236 0.000147368424222805 0.000135258727823384 0.000155920672114007 0.000189664497156627 0.000204725554795004 0.000191131315659732 0.000175309876794927 0.000182295028935187 0.000156985362991691 0.000169093967997469 0.00013427140947897 0.000126204351545312 0.000101249628642108 0.000107841151475441 0.000101858953712508 0.000101234865724109 9.61179393925704e-05 9.91064007394016e-05 9.85355000011623e-05 9.59608805715106e-05 9.84095822786912e-05 0.000100696568551939 0.000101471094239969
0.000391196692362428 0.000328755151713267 0.000292044365778565 0.000304048910038546 0.000290880881948397 0.00029912413447164 0.000303207023534924 0.00027375272475183 0.00028065821970813 0.000271517434157431 0.000263325695414096 0.000256231258390471 0.000252305413596332 0.000241746151004918 0.000233067345106974 0.000207628923817538 0.00019480571791064 0.000189583559404127 0.00019076511671301 0.00017290459072683 0.000154375244164839 0.000166510202689096 0.00016251127817668 0.000160642521223053 0.000177749156136997 0.000156789581524208 0.00017719050811138 0.000222135058720596 0.000228905191761442 0.000222808419493958 0.000245284289121628 0.000279026135103777 0.000283094996120781 0.000277656043181196 0.000277832412393764 0.000262548623140901 0.000212648257729597 0.000200339170987718 0.000166247540619224 0.000117984120151959 0.000100040801044088 0.000104699000075925 0.000103311365819536 0.000101096295111347 0.000100632605608553 0.000100254314020276 0.000104668324638624
0.000336817960487679 0.000314416654873639 0.000355741300154477 0.000328835507389158 0.000342252169502899 0.000375909643480554 0.000398955802666023 0.000414577138144523 0.000367724802345037 0.000332319439621642 0.000286652066279203 0.000267716066446155 0.000257035775575787 0.000265881506493315 0.000251049816142768 0.00021915182878729 0.000228749544476159 0.000208157682209276 0.000193896208656952 0.00020162487635389 0.000165964913321659 0.000142683667945676 0.00017181332805194 0.000166856902069412 0.0001679770211922 0.000169176346389577 0.0001771213428583 0.000214781102840789 0.000200900103664026 0.000225111580220982 0.000248228287091479 0.000292547221761197 0.000293632503598928 0.000294940255116671 0.000330899492837489 0.00032870948780328 0.000310976087348536 0.000269984710030258 0.000250174634857103 0.000256644969340414 0.000198675945284776 0.000129174091853201 0.000105432656710036 0.000103401514934376 0.000111328750790562 0.000116871633508708 0.000120047705422621
0.000381029327400029 0.000398880045395344 0.00046157548786141 0.000521108333487064 0.000578203646000475 0.000594936427660286 0.00057376577751711 0.000547134084627032 0.000504568626638502 0.000470438826596364 0.000492543156724423 0.00045878128730692 0.000375238218111917 0.000295366829959676 0.000289533694740385 0.000279771280474961 0.000271172059001401 0.00022695072402712 0.000218659959500656 0.00020648050121963 0.000183142299647443 0.000183437339728698 0.000192615028936416 0.000170782368513756 0.000186359058716334 0.000185626166057773 0.00018487406487111 0.000172902524354868 0.000213516395888291 0.00024782630498521 0.000291567557724193 0.000265398761257529 0.000279336847597733 0.000275667669484392 0.000232949503697455 0.000270224612904713 0.000258033309364691 0.00026460035587661 0.000271247787168249 0.000259641499724239 0.000189980986760929 0.000125584076158702 0.000129871419630945 0.000124728394439444 0.000126147555420175 0.000119235635793302 0.000118910305900499
0.000502621522173285 0.000525807496160269 0.000545721093658358 0.000610986549872905 0.000708538282196969 0.00081440422218293 0.000753598986193538 0.00064933265093714 0.000659330922644585 0.0006757503724657 0.000712566252332181 0.000697140058036894 0.000556764542125165 0.0005642183823511 0.000378607743186876 0.000319632585160434 0.000424890458816662 0.000388309534173459 0.000268006464466453 0.000239356522797607 0.000215223524719477 0.00020074046915397 0.000199744259589352 0.000210530139156617 0.000202552226255648 0.000210233280085959 0.000207011151360348 0.000195394066395238 0.000184268690645695 0.000211007791222073 0.000271543773123994 0.000264128320850432 0.000271136406809092 0.000272535835392773 0.000236815030802973 0.000228318807785399 0.000232284583034925 0.000285937538137659 0.0002714064612519 0.00027068771305494 0.00019433960551396 0.00014213752001524 0.000133850087877363 0.000121291515824851 0.000121017481433228 0.000125248378026299 0.000134858215460554
0.000582682143431157 0.000674832495860755 0.000611977477092296 0.000709207262843847 0.000751899206079543 0.000703643192537129 0.000707104103639722 0.000714666966814548 0.000661366968415678 0.00068283558357507 0.000817986263427883 0.000768123660236597 0.000673237082082778 0.000581664673518389 0.000558848783839494 0.000448484584921971 0.000380592129658908 0.000374958210159093 0.000331700313836336 0.000268578325631097 0.000244179565925151 0.000238890090258792 0.000197991845197976 0.00023931082978379 0.000229133293032646 0.000216624364838935 0.000218171102460474 0.000213185514439829 0.000200391412363388 0.000218087836401537 0.000241196088609286 0.000281997723504901 0.000281923828879371 0.000298843049677089 0.000300974177662283 0.000313426833599806 0.000305438705254346 0.000244797935010865 0.000213495644857176 0.000215282663702965 0.000168492930242792 0.000157715941895731 0.000159782444825396 0.000143442477565259 0.000149272949784063 0.000148129111039452 0.0001482873049099
0.000775227323174477 0.000804277718998492 0.00094544404419139 0.000999425421468914 0.000857027363963425 0.00080085068475455 0.000787751516327262 0.000737279304303229 0.00060654291883111 0.000607524823863059 0.000691466382704675 0.000766911078244448 0.00075708026997745 0.000705690588802099 0.000649969617370516 0.0006210224237293 0.00052777596283704 0.000395167298847809 0.00034368471824564 0.000295732461381704 0.000252753321547061 0.000243683549342677 0.000251403136644512 0.000246978044742718 0.000234849605476484 0.000236389052588493 0.000234044375247322 0.000220901900320314 0.0002270313561894 0.0002411724999547 0.000235928135225549 0.000257011997746304 0.000241699250182137 0.000237031679716893 0.000325645029079169 0.000322363979648799 0.000309530296362936 0.000299149338388816 0.000283527100691572 0.000232264981605113 0.000181058785528876 0.000163211661856622 0.00015584917855449 0.00015764735871926 0.000158206137712114 0.00016601214883849 0.000173511434695683
0.0010831473628059 0.00112080341205001 0.00106229353696108 0.000949817360378802 0.00113570305984467 0.000948969915043563 0.000917563796974719 0.000897944380994886 0.000792257371358573 0.000671538175083697 0.000652447051834315 0.000680361874401569 0.000758771377149969 0.000662939739413559 0.000699708063621074 0.000629700138233602 0.000601432169787586 0.000399662152631208 0.000339041202096269 0.000319690705509856 0.000261298177065328 0.000281896063825116 0.000277715967968106 0.000260769855231047 0.000255687977187335 0.00024597073206678 0.000247467833105475 0.000231651574722491 0.000258806947385892 0.000261496461462229 0.000257987820077688 0.000254940969171003 0.000274481222731993 0.000298552709864452 0.000362972758011892 0.00041901774238795 0.000384165090508759 0.000373833609046414 0.000334587704855949 0.000226032396312803 0.000185235447133891 0.000177610039827414 0.000168025668244809 0.000172503379872069 0.000170431405422278 0.000163683071150444 0.000200019610929303
0.00122235203161836 0.00126916507724673 0.0011958668474108 0.00108496332541108 0.00104395358357579 0.000915519834961742 0.000901668448932469 0.000768624420743436 0.000764184864237905 0.000783262075856328 0.000728544022422284 0.000720841810107231 0.000636502634733915 0.000655710056889802 0.000649746623821557 0.000606288725975901 0.000529349723365158 0.000405908824177459 0.000357886776328087 0.000334507407387719 0.000268123956630006 0.00030101984157227 0.00029350581462495 0.000288716750219464 0.000282720691757277 0.000275843514828011 0.000266332237515599 0.000290586904156953 0.000295314996037632 0.000289154355414212 0.000276633305475116 0.000276633305475116 0.000288758950773627 0.000298768456559628 0.000364361563697457 0.00036403103149496 0.000401560100726783 0.00038495400804095 0.000348333764122799 0.000243692062213086 0.000224175179027952 0.000188277845154516 0.0001785570057109 0.000164124721777625 0.000179146591108292 0.000193373663933016 0.000191471743164584
