data/climate_estimation/maxent_output/Erythronium_mesochoreum.asc
NCOLS 116 
NROWS 114 
XLLCORNER -98.8333333333333 
YLLCORNER 31.5833333333333 
CELLSIZE 0.0833333333333334 
NODATA_value -3.4e+38 
[rows 40 to 59 of 114, columns 44 to 87 of 116]
0.865269243717194 0.85837060213089 0.8823002576828 0.884850859642029 0.866868376731873 0.876495957374573 0.884067356586456 0.897813498973846 0.878516137599945 0.866484403610229 0.840808033943176 0.835721552371979 0.840510904788971 0.841644644737244 0.835201025009155 0.823896408081055 0.835392355918884 0.823158144950867 0.829557538032532 0.790647923946381 0.821721374988556 0.828573405742645 0.809354424476624 0.815532326698303 0.769193351268768 0.755505919456482 0.749348044395447 0.756263971328735 0.707281947135925 0.686629474163055 0.637653052806854 0.688470184803009 0.689854085445404 0.696272134780884 0.65612530708313 0.662609875202179 0.650081753730774 0.729897022247314 0.684829711914062 0.652716875076294 0.643540799617767 0.565692782402039 0.527828097343445 0.474907487630844
0.881647109985352 0.880134105682373 0.87205171585083 0.868801534175873 0.877182900905609 0.870946645736694 0.878616690635681 0.881012856960297 0.852247893810272 0.84029895067215 0.806482493877411 0.805125892162323 0.799935460090637 0.79612410068512 0.817455112934113 0.80974143743515 0.805104494094849 0.808337092399597 0.791280627250671 0.794144630432129 0.771277606487274 0.816353976726532 0.773809015750885 0.732099592685699 0.728572428226471 0.748997569084167 0.734895288944244 0.688254594802856 0.664917171001434 0.609066843986511 0.620262145996094 0.650507032871246 0.671561658382416 0.651284456253052 0.652764439582825 0.655643224716187 0.641313195228577 0.701922118663788 0.634741008281708 0.584253489971161 0.535345613956451 0.528613865375519 0.46788415312767 0.418848484754562
0.882127165794373 0.890038132667542 0.865971803665161 0.879469990730286 0.86037003993988 0.836959004402161 0.830038964748383 0.833669662475586 0.832362353801727 0.790483474731445 0.774499297142029 0.755314648151398 0.773951709270477 0.774224460124969 0.778097987174988 0.775974690914154 0.784395277500153 0.758130609989166 0.776579856872559 0.76411896944046 0.752600252628326 0.74233204126358 0.761339724063873 0.700238764286041 0.690134823322296 0.69131463766098 0.68643182516098 0.659965932369232 0.607383966445923 0.62226128578186 0.644779980182648 0.663508594036102 0.642730891704559 0.64976567029953 0.609064638614655 0.617453098297119 0.578127443790436 0.671922326087952 0.614601016044617 0.56083607673645 0.503461360931396 0.517632603645325 0.462340205907822 0.405932039022446
0.88341611623764 0.877647995948792 0.861787736415863 0.8662970662117 0.847776174545288 0.820632755756378 0.8196781873703 0.795552253723145 0.788397133350372 0.764476358890533 0.748415768146515 0.751886367797852 0.740649580955505 0.758503258228302 0.743114471435547 0.756098031997681 0.764632940292358 0.739692986011505 0.707028746604919 0.687130808830261 0.739233076572418 0.691683173179626 0.665945053100586 0.703467726707458 0.652271807193756 0.651232600212097 0.666308283805847 0.615766882896423 0.598743975162506 0.627316951751709 0.592865943908691 0.609429240226746 0.636483907699585 0.620257318019867 0.57865983247757 0.591385722160339 0.576313614845276 0.614922642707825 0.645956695079803 0.53361988067627 0.538792133331299 0.540708243846893 0.532344162464142 0.443496346473694
0.86424595117569 0.86477255821228 0.867363691329956 0.813401162624359 0.808861911296844 0.78997528553009 0.790529668331146 0.769205689430237 0.779714643955231 0.776941001415253 0.749167501926422 0.756575524806976 0.725578963756561 0.7433061003685 0.722034215927124 0.715379357337952 0.731698870658875 0.693366885185242 0.693076848983765 0.648321092128754 0.65542733669281 0.643299162387848 0.616877317428589 0.58894145488739 0.642937183380127 0.59366649389267 0.594499111175537 0.613681614398956 0.616173624992371 0.595041871070862 0.556718051433563 0.563061356544495 0.580432593822479 0.593880832195282 0.594337522983551 0.542293667793274 0.582718074321747 0.588272571563721 0.622201859951019 0.538076162338257 0.514649271965027 0.554701149463654 0.526579558849335 0.545244216918945
0.854461908340454 0.836304724216461 0.820227444171906 0.780488431453705 0.771294176578522 0.773723006248474 0.769972026348114 0.767701208591461 0.756377637386322 0.774024069309235 0.748294532299042 0.742686986923218 0.738601744174957 0.690219640731812 0.677467465400696 0.655869245529175 0.696411788463593 0.658869445323944 0.642720282077789 0.59111750125885 0.578825831413269 0.548789918422699 0.577772855758667 0.549242496490479 0.534916400909424 0.584344625473022 0.583645164966583 0.551525831222534 0.553247570991516 0.574547111988068 0.565927267074585 0.571154236793518 0.616944432258606 0.615967869758606 0.548106908798218 0.515009462833405 0.59167617559433 0.626196503639221 0.624777972698212 0.537199318408966 0.545787215232849 0.53399670124054 0.535617291927338 0.514777719974518
0.848105788230896 0.825685322284698 0.779980301856995 0.730135858058929 0.72712379693985 0.733115911483765 0.739781260490417 0.753623127937317 0.746923565864563 0.746502339839935 0.727515995502472 0.732469797134399 0.713700652122498 0.662751734256744 0.646297991275787 0.598508238792419 0.584462821483612 0.618429362773895 0.572603702545166 0.549505650997162 0.513872385025024 0.482577174901962 0.497856765985489 0.513655364513397 0.54049015045166 0.564964830875397 0.560680866241455 0.532213151454926 0.526294052600861 0.563440144062042 0.623452067375183 0.61497974395752 0.585824847221375 0.542634606361389 0.483859360218048 0.468462139368057 0.529065907001495 0.568605065345764 0.564585864543915 0.537769258022308 0.553746581077576 0.56584244966507 0.553216755390167 0.537280261516571
0.829572319984436 0.803408741950989 0.762879371643066 0.717718243598938 0.715063333511353 0.697573482990265 0.701902270317078 0.70587146282196 0.695790469646454 0.689776420593262 0.684111416339874 0.696728050708771 0.700190424919128 0.646669030189514 0.649284780025482 0.616579234600067 0.570110738277435 0.534370243549347 0.530485868453979 0.51106870174408 0.459826797246933 0.473083555698395 0.506082594394684 0.537909805774689 0.528297424316406 0.531414210796356 0.521401524543762 0.533261656761169 0.546784579753876 0.539299786090851 0.616734981536865 0.580082476139069 0.561412870883942 0.51227331161499 0.446617215871811 0.505007445812225 0.514710426330566 0.541747748851776 0.541747748851776 0.585655748844147 0.582975387573242 0.578086376190186 0.565707921981812 0.589875042438507
0.805821537971497 0.781595051288605 0.745428502559662 0.701783895492554 0.702145040035248 0.703652143478394 0.652616441249847 0.634893894195557 0.662195086479187 0.631657958030701 0.657844722270966 0.643981099128723 0.607157826423645 0.607485055923462 0.576571226119995 0.560834348201752 0.547011733055115 0.497576296329498 0.462972611188889 0.427637070417404 0.417969226837158 0.491239845752716 0.470608621835709 0.532938957214355 0.551684975624084 0.553514957427979 0.560175776481628 0.534449994564056 0.584877908229828 0.625039577484131 0.656594276428223 0.69082647562027 0.605501055717468 0.620916306972504 0.552952826023102 0.575284779071808 0.541359841823578 0.515325486660004 0.513577878475189 0.56562352180481 0.596843838691711 0.612064361572266 0.614289402961731 0.597925901412964
0.791017949581146 0.782448828220367 0.733961582183838 0.712860703468323 0.69675087928772 0.680231392383575 0.611216068267822 0.574746668338776 0.591352105140686 0.596116006374359 0.605980217456818 0.574256777763367 0.582031786441803 0.551294326782227 0.527086794376373 0.467451542615891 0.487540274858475 0.446646094322205 0.419731616973877 0.414636194705963 0.411768108606339 0.478296965360641 0.453654944896698 0.483611851930618 0.535360455513 0.580413222312927 0.623717606067657 0.609003245830536 0.638456344604492 0.658912897109985 0.664406478404999 0.659099757671356 0.661843359470367 0.615624248981476 0.601454496383667 0.591561138629913 0.555261373519897 0.521653473377228 0.5208340883255 0.551659882068634 0.556357264518738 0.570327520370483 0.587757766246796 0.622505068778992
0.808135390281677 0.783245921134949 0.741781294345856 0.721054971218109 0.679796576499939 0.657294631004333 0.595115005970001 0.585023164749146 0.511154592037201 0.534922659397125 0.528362929821014 0.524509310722351 0.539686024188995 0.53534734249115 0.483854115009308 0.446747243404388 0.434896290302277 0.392338186502457 0.424199193716049 0.41446441411972 0.432282865047455 0.436172753572464 0.474699646234512 0.543521404266357 0.587323844432831 0.638662815093994 0.642645299434662 0.651560306549072 0.664463996887207 0.65597277879715 0.636698603630066 0.622976720333099 0.633841335773468 0.651148617267609 0.620433151721954 0.603240132331848 0.559727191925049 0.544868111610413 0.509085416793823 0.53856098651886 0.575462698936462 0.593709945678711 0.60755854845047 0.630582094192505
0.798569023609161 0.80463981628418 0.736821591854095 0.731592833995819 0.670130789279938 0.652072846889496 0.607340037822723 0.533943057060242 0.509773015975952 0.474275439977646 0.480712115764618 0.502765357494354 0.506009697914124 0.493323534727097 0.436243414878845 0.427993506193161 0.476767838001251 0.47352722287178 0.441360116004944 0.46646124124527 0.453057408332825 0.429755181074142 0.49555966258049 0.573405265808105 0.606464505195618 0.664101004600525 0.656281352043152 0.682019114494324 0.665104627609253 0.634135723114014 0.647713124752045 0.621632397174835 0.634356737136841 0.646853983402252 0.638429284095764 0.597079277038574 0.581647753715515 0.53109735250473 0.504358232021332 0.541512429714203 0.528039515018463 0.601021468639374 0.616347968578339 0.624569773674011
0.79136997461319 0.796100795269012 0.726937830448151 0.689657986164093 0.667393982410431 0.624715745449066 0.60468989610672 0.563963770866394 0.4947849214077 0.522480309009552 0.483477145433426 0.483223259449005 0.502740085124969 0.457528173923492 0.420516401529312 0.445098280906677 0.439037710428238 0.503615856170654 0.474480330944061 0.515404760837555 0.473768591880798 0.457785338163376 0.512641966342926 0.626165688037872 0.65849107503891 0.676411211490631 0.68670129776001 0.646075427532196 0.634453475475311 0.666809916496277 0.673252582550049 0.648338198661804 0.629502415657043 0.655965864658356 0.662069916725159 0.61829948425293 0.574320495128632 0.555401146411896 0.545803904533386 0.544814646244049 0.551749885082245 0.580219388008118 0.58525013923645 0.603866875171661
0.804816901683807 0.765631794929504 0.70889687538147 0.721216022968292 0.681646466255188 0.656008422374725 0.630673229694366 0.594704031944275 0.54640918970108 0.545730710029602 0.530283868312836 0.55325573682785 0.509288609027863 0.474223852157593 0.428299278020859 0.471447885036469 0.486111700534821 0.529394447803497 0.55056220293045 0.575593650341034 0.570323884487152 0.569924533367157 0.624492466449738 0.649794161319733 0.65733927488327 0.70338636636734 0.648414611816406 0.628204643726349 0.714172959327698 0.69460529088974 0.691636323928833 0.685222864151001 0.667952358722687 0.693173050880432 0.689541757106781 0.643714845180511 0.633817553520203 0.589377641677856 0.554657340049744 0.562774300575256 0.559266746044159 0.572959303855896 0.578725695610046 0.582021057605743
0.749856472015381 0.737032175064087 0.716579437255859 0.668921768665314 0.679620504379272 0.64958918094635 0.622331202030182 0.59627628326416 0.599257707595825 0.602725744247437 0.58907413482666 0.515813648700714 0.535469949245453 0.497474879026413 0.452212959527969 0.478702634572983 0.589146196842194 0.617427170276642 0.605888783931732 0.604574978351593 0.534502983093262 0.578722476959229 0.606013119220734 0.572424829006195 0.64484566450119 0.712259709835052 0.718615174293518 0.725628972053528 0.726247429847717 0.70198780298233 0.727173805236816 0.706344664096832 0.683149635791779 0.688952445983887 0.712928771972656 0.67530632019043 0.657455027103424 0.606350183486938 0.573837161064148 0.607342183589935 0.595118343830109 0.57709014415741 0.572316706180573 0.572598338127136
0.765052676200867 0.723697304725647 0.678842425346375 0.665049493312836 0.620166003704071 0.601230323314667 0.592596113681793 0.554821193218231 0.594736456871033 0.534575641155243 0.566617667675018 0.565466225147247 0.541512906551361 0.501536667346954 0.450978636741638 0.540479123592377 0.634422838687897 0.578820466995239 0.591051816940308 0.584309577941895 0.482666879892349 0.564429819583893 0.57294625043869 0.509108304977417 0.62263947725296 0.694585919380188 0.741312384605408 0.754750967025757 0.741679668426514 0.759557366371155 0.755279541015625 0.698156416416168 0.666827440261841 0.683545649051666 0.707324028015137 0.70233565568924 0.670406639575958 0.642464578151703 0.60557895898819 0.621958076953888 0.609493851661682 0.603587925434113 0.580552875995636 0.560749471187592
0.727679193019867 0.679488897323608 0.64238166809082 0.639364123344421 0.650692820549011 0.624963104724884 0.603247463703156 0.602686405181885 0.579017400741577 0.55563873052597 0.537692904472351 0.554977297782898 0.516497492790222 0.544698059558868 0.548330426216125 0.607017934322357 0.526520848274231 0.528223812580109 0.621617257595062 0.535427749156952 0.498002886772156 0.551822125911713 0.566819846630096 0.53736275434494 0.612702190876007 0.616833031177521 0.669704973697662 0.700875759124756 0.663075029850006 0.704695105552673 0.735333681106567 0.7291619181633 0.670485556125641 0.67915940284729 0.688308238983154 0.69820374250412 0.660563230514526 0.625453114509583 0.607144176959991 0.610146284103394 0.636510193347931 0.620781481266022 0.596597969532013 0.596000492572784
0.722290813922882 0.659505665302277 0.651647388935089 0.617652535438538 0.614326298236847 0.593798518180847 0.604443728923798 0.569701611995697 0.556897580623627 0.51653665304184 0.535191714763641 0.541187286376953 0.48160046339035 0.528648495674133 0.505687773227692 0.524842381477356 0.486251652240753 0.496687561273575 0.503270149230957 0.470842659473419 0.450954049825668 0.441620498895645 0.507698178291321 0.448674350976944 0.483514815568924 0.564479053020477 0.602655827999115 0.67603200674057 0.65261435508728 0.689435124397278 0.719899415969849 0.7383633852005 0.695367217063904 0.676434218883514 0.681923449039459 0.697039902210236 0.662565112113953 0.636074423789978 0.630530118942261 0.611806809902191 0.631741404533386 0.596928000450134 0.590466022491455 0.236882671713829
0.683010280132294 0.629269421100616 0.574130296707153 0.560152173042297 0.557528138160706 0.57336962223053 0.609197974205017 0.594392836093903 0.582192540168762 0.58188670873642 0.576293468475342 0.497732311487198 0.436762362718582 0.498330026865005 0.518443524837494 0.504822552204132 0.461202919483185 0.462153494358063 0.478069603443146 0.421591252088547 0.379577279090881 0.369858920574188 0.304240852594376 0.36927518248558 0.51861846446991 0.547495007514954 0.601554751396179 0.683579385280609 0.696641623973846 0.713778078556061 0.709853053092957 0.699191749095917 0.715492367744446 0.70501297712326 0.709226071834564 0.671597540378571 0.637703657150269 0.658820331096649 0.624961733818054 0.616109073162079 0.627210438251495 0.612082719802856 0.248711600899696 0.243004754185677
0.654777646064758 0.613582015037537 0.580671429634094 0.587645888328552 0.594310522079468 0.58148455619812 0.590167641639709 0.604355454444885 0.581839799880981 0.570604979991913 0.533402562141418 0.472926288843155 0.467278212308884 0.502595543861389 0.465821713209152 0.426246464252472 0.447771102190018 0.470262706279755 0.405179351568222 0.427363812923431 0.33523416519165 0.273367822170258 0.235930055379868 0.373080193996429 0.500074446201324 0.443355351686478 0.568108081817627 0.584991633892059 0.591970503330231 0.606992244720459 0.644880354404449 0.709853053092957 0.695102870464325 0.659793555736542 0.658728241920471 0.696516036987305 0.676673233509064 0.656873643398285 0.654453337192535 0.601817429065704 0.62870317697525 0.630900025367737 0.278486520051956 0.285234451293945
