data/climate_estimation/maxent_output/Erythronium_helenae.asc
NCOLS 46 
NROWS 57 
XLLCORNER -123 
YLLCORNER 36.25 
CELLSIZE 0.0833333333333332 
NODATA_value -3.4e+38 
[rows 20 to 39 of 57, columns 0 to 44 of 46]
0.94667112827301 0.931808650493622 0.926298677921295 0.769493520259857 0.838413953781128 0.586432039737701 0.402561575174332 0.233009368181229 0.169890061020851 0.146145418286324 0.140765398740768 0.137712329626083 0.150791317224503 0.174585044384003 0.230274900794029 0.264788120985031 0.323853313922882 0.403818368911743 0.597567498683929 0.876197934150696 0.999302923679352 0.999779224395752 0.999684631824493 0.976385772228241 0.71063756942749 0.565520882606506 0.443787574768066 0.365062534809113 0.22301059961319 0.103066928684711 0.0709138512611389 0.0408024750649929 0.0172643568366766 0.0129291219636798 0.00557901291176677 0.0025974337477237 0.00172475096769631 0.000905641412828118 0.000667535117827356 0.000427233142545447 0.000295629899483174 0.000295121717499569 0.000204666663194075 0.000161397299962118 0.000123038931633346
0.9475017786026 0.927328526973724 0.929741561412811 0.891023337841034 0.844297409057617 0.709804892539978 0.496175318956375 0.304863572120667 0.161927103996277 0.139117285609245 0.123331762850285 0.116472542285919 0.124821454286575 0.179548919200897 0.307787716388702 0.218417286872864 0.259085476398468 0.314344465732574 0.42528572678566 0.603350102901459 0.952915728092194 0.99964165687561 0.991670191287994 0.902976512908936 0.905298233032227 0.756222009658813 0.490562915802002 0.469720184803009 0.275705754756927 0.190652742981911 0.119910590350628 0.0666500851511955 0.0162737928330898 0.017749909311533 0.0064431969076395 0.00329595408402383 0.00160980201326311 0.00112986552994698 0.000774483080022037 0.000550825730897486 0.000317851488944143 0.000254352547926828 0.000134581729071215 0.00011204689508304 0.000109823828097433
0.988699316978455 0.930480659008026 0.920644760131836 0.867106974124908 0.801091015338898 0.701679885387421 0.746656477451324 0.314550668001175 0.192980006337166 0.142774254083633 0.124877884984016 0.11118558049202 0.114869050681591 0.127559632062912 0.147998124361038 0.171911135315895 0.198019251227379 0.241229876875877 0.313136339187622 0.43800762295723 0.721825063228607 0.992073774337769 0.999822914600372 0.993509948253632 0.946666419506073 0.808889925479889 0.504383206367493 0.454479187726974 0.316015630960464 0.167197614908218 0.114554315805435 0.0786540359258652 0.0340295098721981 0.0158038474619389 0.0133818909525871 0.00353176356293261 0.00179125205613673 0.00125563109759241 0.000903356820344925 0.000523135997354984 0.000314734206767753 0.000246519251959398 0.00015744540723972 0.000108986328996252 9.0971530880779e-05
0.987873494625092 0.882404804229736 0.872758746147156 0.900747120380402 0.748634338378906 0.621525704860687 0.832090318202972 0.505530595779419 0.378544569015503 0.19574262201786 0.136931046843529 0.117159262299538 0.113486208021641 0.121814951300621 0.132293209433556 0.14829421043396 0.164131611585617 0.196842342615128 0.25756910443306 0.342480778694153 0.538357853889465 0.912760436534882 0.995675623416901 0.990336000919342 0.953793823719025 0.841047644615173 0.674691736698151 0.688147485256195 0.379037290811539 0.296328067779541 0.194066718220711 0.113140814006329 0.0564274340867996 0.0187969673424959 0.0144048938527703 0.00398681405931711 0.00168084830511361 0.00154601200483739 0.000909096095710993 0.000504402501974255 0.000310206116409972 0.000245909992372617 0.000178858012077399 9.6096882771235e-05 0.000106710249383468
0.958690822124481 0.979293823242188 0.912345826625824 0.887631893157959 0.555313467979431 0.795094549655914 0.794053673744202 0.578500509262085 0.6136115193367 0.330685436725616 0.187269076704979 0.135584399104118 0.119444444775581 0.119739636778831 0.132678017020226 0.137094363570213 0.146266803145409 0.17286279797554 0.22262054681778 0.294460505247116 0.395303279161453 0.666926383972168 0.973536312580109 0.965714991092682 0.964864909648895 0.939773678779602 0.704271972179413 0.573525011539459 0.42463418841362 0.335052311420441 0.210668072104454 0.16499251127243 0.0440126396715641 0.0182980336248875 0.0116491355001926 0.00492182141169906 0.00215846672654152 0.00149847194552422 0.00102656567469239 0.000522604386787862 0.000343903520843014 0.000257956417044625 0.000192469276953489 0.000113550166133791 9.06692002899945e-05
0.96089494228363 0.963965892791748 0.956739604473114 0.94962352514267 0.822611272335052 0.801922917366028 0.869141578674316 0.930223643779755 0.845299363136292 0.378391057252884 0.323104381561279 0.160301893949509 0.131479561328888 0.129255726933479 0.132331773638725 0.141441240906715 0.149337276816368 0.162375971674919 0.21581406891346 0.278410136699677 0.347072213888168 0.500608861446381 0.777738690376282 0.948952257633209 0.940062999725342 0.922201037406921 0.694591879844666 0.579633414745331 0.38004007935524 0.337163656949997 0.214307218790054 0.198356330394745 0.0686202794313431 0.0211432296782732 0.0131718637421727 0.00654393015429378 0.00402935408055782 0.00274944212287664 0.00143642816692591 0.000616971810813993 0.000479396141599864 0.000351565860910341 0.000219313456909731 0.000127714156406 9.75232032942586e-05
0.964887678623199 0.972211837768555 0.960125327110291 0.962950885295868 0.96215957403183 0.977576911449432 0.924566507339478 0.943280398845673 0.883173882961273 0.499331623315811 0.385638296604156 0.178048506379128 0.161649718880653 0.146115019917488 0.148413941264153 0.150796815752983 0.160043314099312 0.182492464780807 0.225321277976036 0.272586464881897 0.317995756864548 0.382599502801895 0.526260495185852 0.841467499732971 0.753091633319855 0.913024127483368 0.864830732345581 0.664681434631348 0.592550158500671 0.42472842335701 0.350946992635727 0.217434778809547 0.111766867339611 0.0386023856699467 0.0191986132413149 0.0114760976284742 0.00730902282521129 0.0039010220207274 0.00155179877765477 0.000867906957864761 0.0005622174940072 0.00041680468712002 0.0002623803447932 0.000124408223200589 0.000128899773699231
0.706525802612305 0.909004151821136 0.969264149665833 0.970751166343689 0.977227807044983 0.997201025485992 0.984910726547241 0.916492640972137 0.756074368953705 0.869175374507904 0.324044197797775 0.219487220048904 0.182660654187202 0.179183468222618 0.168142572045326 0.166902840137482 0.174387037754059 0.196041122078896 0.236910447478294 0.291729360818863 0.302557617425919 0.305142343044281 0.409153342247009 0.602969884872437 0.825047552585602 0.901239335536957 0.826930642127991 0.733541250228882 0.562201082706451 0.430538803339005 0.330823719501495 0.197999507188797 0.112842902541161 0.057375930249691 0.0239820461720228 0.0135668125003576 0.00855414848774672 0.00465428130701184 0.00166314782109112 0.00119761400856078 0.000841236033011228 0.000341534323524684 0.000209906967938878 0.000143667071824893 0.000106966108432971
0.507624387741089 0.528531074523926 0.773796617984772 0.923645973205566 0.973426103591919 0.971959829330444 0.952889859676361 0.961231350898743 0.824744164943695 0.854531168937683 0.927438676357269 0.302487462759018 0.230776220560074 0.208667635917664 0.193229511380196 0.18880932033062 0.18177555501461 0.188892900943756 0.201732233166695 0.251168757677078 0.285638421773911 0.291128695011139 0.364347249269485 0.583026230335236 0.710905909538269 0.836546182632446 0.889933288097382 0.736188352108002 0.569646537303925 0.55569726228714 0.325662165880203 0.192576870322227 0.110538348555565 0.0456571169197559 0.0231957007199526 0.0134510844945908 0.010023083537817 0.00574931735172868 0.00265529076568782 0.0014157242840156 0.000910472706891596 0.000452402688097209 0.000289862335193902 0.000199148242245428 0.000119146810902748
0.283851116895676 0.317036867141724 0.436829149723053 0.786047995090485 0.908556282520294 0.931306898593903 0.943695664405823 0.986545264720917 0.982289433479309 0.73635071516037 0.820110976696014 0.477399080991745 0.298415005207062 0.249974399805069 0.224727168679237 0.202070236206055 0.183782532811165 0.183132246136665 0.189680695533752 0.219261646270752 0.263021349906921 0.284482896327972 0.294430166482925 0.392887502908707 0.400316953659058 0.669533371925354 0.843944191932678 0.516992032527924 0.625302612781525 0.560533344745636 0.468172520399094 0.30345493555069 0.174736976623535 0.0751623883843422 0.039192870259285 0.0266552586108446 0.011418036185205 0.00631636241450906 0.00358048314228654 0.00196890300139785 0.0010690470226109 0.000619441678281873 0.000361586309736595 0.000300329527817667 0.000216321030166
0.153337940573692 0.223973006010056 0.181681931018829 0.360168665647507 0.634744703769684 0.889372408390045 0.859610199928284 0.84991854429245 0.979749500751495 0.944279253482819 0.924062311649323 0.637895524501801 0.396143853664398 0.288315296173096 0.243869930505753 0.216242611408234 0.18009839951992 0.179236695170403 0.185024857521057 0.206023514270782 0.229306429624557 0.239355489611626 0.251075357198715 0.284121930599213 0.267662048339844 0.478427529335022 0.764520287513733 0.647320866584778 0.671265959739685 0.649165451526642 0.535184383392334 0.476315349340439 0.317843496799469 0.160771682858467 0.0573763325810432 0.021691981703043 0.0144001189619303 0.00700419489294291 0.00385003164410591 0.00224701082333922 0.00140370591543615 0.000863142486196011 0.000453014596132562 0.000397427967982367 0.000322795385727659
0.0859105512499809 0.145066499710083 0.191363796591759 0.185349926352501 0.477643519639969 0.567549467086792 0.835755944252014 0.819203674793243 0.672465920448303 0.933394730091095 0.80850613117218 0.690066039562225 0.480236381292343 0.317653626203537 0.248645037412643 0.188891679048538 0.176901876926422 0.178440362215042 0.17280487716198 0.186188295483589 0.201996847987175 0.208323702216148 0.212726563215256 0.141279131174088 0.163008391857147 0.307520151138306 0.623831868171692 0.559466123580933 0.557044923305511 0.692523062229156 0.622818410396576 0.454065352678299 0.360481292009354 0.162295982241631 0.0822793245315552 0.0414833165705204 0.0261054839938879 0.00889301206916571 0.00437570502981544 0.00245050829835236 0.00148914870806038 0.000973677262663841 0.000533893937245011 0.000432583823567256 0.000316042714985088
0.0404385663568974 0.0593854300677776 0.0753730535507202 0.0951657965779305 0.195526108145714 0.537363529205322 0.367520272731781 0.522494077682495 0.25337940454483 0.769308507442474 0.550711274147034 0.484023243188858 0.326357960700989 0.239049211144447 0.188330307602882 0.183764979243279 0.163044095039368 0.15990637242794 0.161937490105629 0.174315705895424 0.180385574698448 0.177957609295845 0.181405320763588 0.111905343830585 0.111358091235161 0.143899247050285 0.319000393152237 0.453355878591537 0.541788518428802 0.649494290351868 0.729731798171997 0.600825548171997 0.388582557439804 0.339778959751129 0.133891478180885 0.100788116455078 0.0422582365572453 0.00849508680403233 0.00477438746020198 0.00285307690501213 0.00161035009659827 0.00104600063059479 0.000705756596289575 0.000467509613372386 0.000250165292527527
0.0233919322490692 0.0443257838487625 0.0785660222172737 0.104192957282066 0.0842899158596992 0.145595967769623 0.194514006376266 0.128254681825638 0.120472021400928 0.28373196721077 0.213318288326263 0.2354446798563 0.223222345113754 0.197899684309959 0.166937083005905 0.158454239368439 0.139751359820366 0.138902381062508 0.14004473388195 0.15638741850853 0.167337477207184 0.163915321230888 0.156546622514725 0.142438843846321 0.134178519248962 0.0931006968021393 0.165003314614296 0.276884347200394 0.574957609176636 0.619770526885986 0.789317786693573 0.73498797416687 0.693037390708923 0.485623776912689 0.320085376501083 0.231227293610573 0.0357146933674812 0.00903412420302629 0.00492274016141891 0.00286326697096229 0.00185513554606587 0.00121419003698975 0.000816124374978244 0.000560814049094915 0.000326394627336413
0.0131599409505725 0.0258816257119179 0.0507588274776936 0.0898530706763268 0.184339925646782 0.115658663213253 0.113737560808659 0.0901080965995789 0.0625234544277191 0.104559667408466 0.118094138801098 0.11911141872406 0.149798080325127 0.165139362215996 0.155641108751297 0.128679424524307 0.116172224283218 0.118633948266506 0.122327730059624 0.139362081885338 0.155087158083916 0.147536426782608 0.133322954177856 0.121944032609463 0.112735204398632 0.117827974259853 0.142765417695045 0.473434656858444 0.262704700231552 0.51070362329483 0.648685812950134 0.654154717922211 0.642981886863708 0.666269302368164 0.43596351146698 0.175781339406967 0.0536942109465599 0.0231158062815666 0.00741864368319511 0.00362468254752457 0.00210351846180856 0.00137167971115559 0.000901127175893635 0.000624165404587984 0.000423138670157641
0.00773894554004073 0.0192622914910316 0.0295002199709415 0.0604499839246273 0.102809362113476 0.159587144851685 0.134039476513863 0.0182834770530462 0.0211338438093662 0.0407234877347946 0.0392407402396202 0.0632447078824043 0.107540532946587 0.12433136254549 0.121708676218987 0.0973879098892212 0.0935409367084503 0.0959707126021385 0.101079873740673 0.112349107861519 0.122535936534405 0.118909567594528 0.106432922184467 0.0962374806404114 0.0887110158801079 0.0906434431672096 0.11479140073061 0.213333666324615 0.366556972265244 0.325081825256348 0.444789975881577 0.673041164875031 0.807833671569824 0.64802885055542 0.445147216320038 0.360025405883789 0.124428018927574 0.0634084269404411 0.0234183836728334 0.00544265238568187 0.00274592684581876 0.00159855594392866 0.00104053155519068 0.000735817127861083 0.000531347701326013
0.00454275868833065 -3.4e+38 0.0285842604935169 0.0368286706507206 0.0669220164418221 0.123238116502762 0.0851974710822105 0.0089216036722064 0.0152829559519887 0.0342916250228882 0.0446078740060329 0.0352735407650471 0.104423925280571 0.189301609992981 0.115451641380787 0.0836626812815666 0.0799139142036438 0.0794069021940231 0.0847248136997223 0.0893798023462296 0.0940620750188828 0.0914703160524368 0.0844158828258514 0.0765395686030388 0.0703853070735931 0.0679741576313972 0.091226153075695 0.195897027850151 0.206097051501274 0.277547538280487 0.28581690788269 0.48525458574295 0.815622448921204 0.716228783130646 0.590498268604279 0.517045855522156 0.310767024755478 0.240296125411987 0.0937060862779617 0.0294767804443836 0.00863854866474867 0.00294257421046495 0.0013416709844023 0.000818286382127553 0.000617064884863794
-3.4e+38 -3.4e+38 -3.4e+38 0.0151163777336478 0.0315923504531384 0.0147820338606834 0.0115477237850428 0.00429270463064313 0.00460389815270901 0.0306397303938866 0.0282212682068348 0.0342552214860916 0.157576486468315 0.258391499519348 0.147579520940781 0.0877241417765617 0.0712375640869141 0.0673329904675484 0.0669053122401237 0.0660539343953133 0.0696249157190323 0.0714650675654411 0.0686368644237518 0.0629401504993439 0.0584643818438053 0.0599294677376747 0.0667283087968826 0.103156544268131 0.136060491204262 0.201696768403053 0.290950089693069 0.363456964492798 0.466824382543564 0.729366183280945 0.619470298290253 0.576401650905609 0.386717647314072 0.326449900865555 0.108983837068081 0.0145034687593579 0.00467369658872485 0.00221105711534619 0.00148080429062247 0.000913509575184435 0.000688229105435312
-3.4e+38 -3.4e+38 -3.4e+38 -3.4e+38 -3.4e+38 0.0015507466159761 0.000912370043806732 0.000525220355484635 0.00166673096828163 0.00716628506779671 0.0205282866954803 0.0595529787242413 0.0526318401098251 0.116752870380878 0.186549633741379 0.127224951982498 0.0784563273191452 0.0606330446898937 0.0523249246180058 0.0524675473570824 0.0532854832708836 0.0584508590400219 0.0570142231881618 0.0553992502391338 0.0563140846788883 0.0563424490392208 0.0610658712685108 0.0684873461723328 0.086710698902607 0.133612543344498 0.201116770505905 0.235536336898804 0.429322212934494 0.692019939422607 0.699699401855469 0.64765739440918 0.448162853717804 0.376524418592453 0.135260820388794 0.0239900778979063 0.00776265934109688 0.00549550773575902 0.00183033652137965 0.00104290875606239 0.000748007383663207
-3.4e+38 -3.4e+38 -3.4e+38 -3.4e+38 -3.4e+38 0.000394217961002141 0.00081656506517902 0.00055702542886138 0.00257363612763584 0.00519377086311579 0.010324907489121 0.0241835620254278 0.0533825121819973 0.0520803481340408 0.0909300521016121 0.11453827470541 0.131314724683762 0.07884182035923 0.0487187616527081 0.0430189520120621 0.0468209683895111 0.0489291027188301 0.0514541789889336 0.0517390444874763 0.0524505339562893 0.0532694980502129 0.0560048446059227 0.0602297708392143 0.0656193643808365 0.0725360661745071 0.105518721044064 0.152591422200203 0.319630354642868 0.314426362514496 0.827769637107849 0.735572695732117 0.595468878746033 0.375264674425125 0.312590718269348 0.126190513372421 0.0362262390553951 0.0225590132176876 0.00254865433089435 0.00137700396589935 0.000867307360749692
