data/climate_estimation/maxent_output/Erythronium_montanum.asc
NCOLS 63 
NROWS 133 
XLLCORNER -125.916666666667 
YLLCORNER 43.8333333333333 
CELLSIZE 0.0833333333333333 
NODATA_value -3.4e+38 
[rows 0 to 20 of 133, columns 0 to 46 of 63]
0.001575321657583 0.00168606638908386 0.00165381678380072 0.0017623184248805 0.00203203549608588 0.00205223332159221 0.0019223369890824 0.00165140780154616 0.00143369205761701 0.00126868963707238 0.00125283910892904 0.00139208999462426 0.00135338259860873 0.00124158465769142 0.00126982247456908 0.0012579164467752 0.00140381383243948 0.00129940151236951 0.00112971279304475 0.0010273881489411 0.0010543375974521 0.00114260171540082 0.0012525930069387 0.0012193201109767 0.00118229037616402 0.00117414933629334 0.00143310998100787 0.00164513033814728 0.00346531206741929 0.00360897742211819 0.00410372111946344 0.00344803417101502 0.00341741740703583 0.00368221523240209 0.00383376469835639 0.00386229483410716 0.00386044243350625 0.00464861281216145 0.00439160456880927 0.00465695559978485 0.00486433412879705 0.00476973783224821 0.00532333133742213 0.00551864597946405 0.0053995200432837 0.00558205973356962 0.00552104832604527
0.00178196700289845 0.00165069184731692 0.00165721192024648 0.00168112851679325 0.00158144568558782 0.00157872110139579 0.00152564258314669 0.00147477851714939 0.00145590316969901 0.00148786557838321 0.00138611276634037 0.0012726072454825 0.00111991725862026 0.00109424360562116 0.00119205680675805 0.00115843396633863 0.00106673024129122 0.00117869791574776 0.00108924938831478 0.00098555872682482 0.000930146779865026 0.00101164227817208 0.000985980965197086 0.00115513836499304 0.0011584812309593 0.00112684490159154 0.00123937102034688 0.00308183883316815 0.00318873440846801 0.00342580443248153 0.00333437137305737 0.00335821253247559 0.00395298004150391 0.00376001768745482 0.00360461696982384 0.00417583761736751 0.00396074447780848 0.00457081058993936 0.00478558382019401 0.00487519148737192 0.00453682895749807 0.00463714590296149 0.00490323314443231 0.0054517425596714 0.00520042004063725 0.0050402395427227 0.00473525794222951
0.00163989351131022 0.00157563691027462 0.00165177055168897 0.0017003626562655 0.00171466497704387 0.00174861366394907 0.00172121962532401 0.00157609069719911 0.00155851582530886 0.00163343432359397 0.00160086259711534 0.00132553605362773 0.00118650798685849 0.00106737879104912 0.001060098875314 0.00103115779347718 0.000972934591118246 0.000992956105619669 0.000995749025605619 0.000917233061045408 0.000938705168664455 0.000899543229024857 0.000920994905754924 0.00103966007009149 0.00118444499094039 0.00109568028710783 0.00114114501047879 0.0011629230575636 0.0012035125400871 0.0031321607530117 0.00336097879335284 0.00366699043661356 0.00391687359660864 0.00366638018749654 0.00394123466685414 0.00412143487483263 0.00446761632338166 0.00390646187588573 0.00462719891220331 0.00465116975829005 0.00474207894876599 0.00473003275692463 0.00440501002594829 0.00441806763410568 0.00432556075975299 0.00488451821729541 0.00476841256022453
0.00170832604635507 0.00156485941261053 0.00175664864946157 0.00165874708909541 0.00175809732172638 0.00160102010704577 0.0017485162243247 0.00170351145789027 0.00165756675414741 0.00151772622484714 0.00138292636256665 0.00132143753580749 0.0012139652390033 0.00109209364745766 0.000985343009233475 0.000961314188316464 0.00094073818763718 0.000939032004680485 0.000796746229752898 0.000863170134834945 0.000861429318320006 0.000848724448587745 0.000907675770577043 0.000910004775505513 0.000907116511370987 0.00105762667953968 0.00106170668732375 0.00113276718184352 0.00123392243403941 0.00330517557449639 0.00332183041609824 0.00370067195035517 0.00346053624525666 0.00345682189799845 0.00350338453426957 0.00423603458330035 0.00451823743060231 0.00409614248201251 0.00394369754940271 0.00446315109729767 0.00439533311873674 0.00444711418822408 0.00444841105490923 0.00404713395982981 0.00393620459362864 0.00388915510848165 0.00389146176166832
0.0018257147166878 0.00168686476536095 0.00176413520239294 0.00171895569656044 0.0018631744896993 0.00182870368007571 0.00174756965134293 0.00172580871731043 0.00153560086619109 0.00133796234149486 0.00139683578163385 0.00142671458888799 0.00143350346479565 0.00128503341693431 0.00113016122486442 0.000931977236177772 0.000853130128234625 0.000868799281306565 0.000905884022358805 0.000905748805962503 0.00108332186937332 0.000907482812181115 0.000802837312221527 0.000858361832797527 0.000930223322939128 0.000896132609341294 0.00103965122252703 0.00102663144934922 0.00109705282375216 0.00132503232453018 0.00138144136872143 0.00128250929992646 0.00326969218440354 0.00348021881654859 0.00407687993720174 0.00418311823159456 0.00464553339406848 0.00421058526262641 0.00402119662612677 0.00417824601754546 0.00409858487546444 0.00422561587765813 0.00410464406013489 0.00387262529693544 0.00395212275907397 0.00364721333608031 0.00387520622462034
0.00163517682813108 0.0018790343310684 0.00172371650114655 0.00171266822144389 0.00179299444425851 0.00178367819171399 0.00173631648067385 0.0016454664291814 0.00165417673997581 0.00153164914809167 0.00145050650462508 0.00153255718760192 0.00204276363365352 0.00167357234749943 0.00131727301049978 0.00116068462375551 0.00108115968760103 0.000815460574813187 0.000766369106713682 0.000840358610730618 0.000786729739047587 0.000805524352472275 0.000935453572310507 0.000937005621381104 0.000879465718753636 0.000879014085512608 0.000940850470215082 0.0010305269388482 0.00103562092408538 0.00119951798114926 0.0012495385017246 0.00123102776706219 0.00130621856078506 0.00136961077805609 0.00155885925050825 0.00441648438572884 0.00456776050850749 0.00431572832167149 0.00376196391880512 0.00369287771172822 0.00412282301113009 0.00399556150659919 0.0038637169636786 0.00399616314098239 0.00369024556130171 0.00367791368626058 0.0039386423304677
0.00161408504936844 0.00164776458404958 0.00191348593216389 0.00189172790851444 0.00191164179705083 0.0017678354633972 0.00185357523150742 0.00197404390200973 0.00192525528836995 0.00169899908360094 0.00183005665894598 0.00153602997306734 0.00133844709489495 0.00141074799466878 0.00131067982874811 0.00118925236165524 0.00119559641461819 0.00101887795608491 0.000859973311889917 0.000768262892961502 0.000752945139538497 0.000841986970044672 0.00102696963585913 0.00113711785525084 0.00100446038413793 0.00102734589017928 0.00109775387682021 0.00107579538598657 0.00110198580659926 0.00110602541826665 0.00125741877127439 0.00129065045621246 0.00133526604622602 0.00128262548241764 0.00146825378760695 0.00174280372448266 0.00434410432353616 0.00422206614166498 0.00404804432764649 0.00354608474299312 0.00386420846916735 0.0040248716250062 0.00390936061739922 0.00361739378422499 0.00344852590933442 0.00338922743685544 0.00319678476080298
0.00392002612352371 0.00391429336741567 0.00165369815658778 0.00180439034011215 0.00181668670848012 0.00176308688241988 0.00171681144274771 0.00180157332215458 0.00170265370979905 0.00175161601509899 0.00158618332352489 0.00150938890874386 0.00151057983748615 0.00136189279146492 0.00130211061332375 0.00138076127041131 0.0014366596005857 0.00121354125440121 0.00106963200960308 0.000938566110562533 0.000811415666248649 0.000791434431448579 0.000778411282226443 0.000832083576824516 0.000985902384854853 0.000991076813079417 0.0010331254452467 0.00113072665408254 0.00118375418242067 0.00132037384901196 0.00131986336782575 0.00131957069970667 0.00139207066968083 0.00136724137701094 0.00146647833753377 0.00150290934834629 0.00151523086242378 0.00150738202501088 0.00388939818367362 0.00346968648955226 0.00334110227413476 0.00372829660773277 0.00348505983129144 0.00338414614088833 0.00293921818956733 0.00288825109601021 0.00299987173639238
0.00175249576568604 0.00395920919254422 0.00377609604038298 0.00180625962093472 0.00184328504838049 0.00166532432194799 0.00167418504133821 0.00167985016014427 0.00152391870506108 0.00155620276927948 0.00157724507153034 0.00151922984514385 0.00148647709283978 0.00135272566694766 0.00139232282526791 0.00133706105407327 0.00129694899078459 0.00116413715295494 0.00114894937723875 0.00106958695687354 0.00100366841070354 0.000888724520336837 0.000868107250425965 0.000833026308100671 0.000925236672628671 0.000909465656150132 0.000947509834077209 0.000970706285443157 0.00118004414252937 0.00111249601468444 0.0012975299032405 0.0012962183682248 0.00132121134083718 0.00131677056197077 0.001448197173886 0.00144369015470147 0.00162067310884595 0.00151001173071563 0.00157360581215471 0.00340294907800853 0.00297776004299521 0.00279127690009773 0.00277583859860897 0.00288365944288671 0.00262602418661118 0.00243017636239529 0.00249310000799596
0.00180255086161196 0.00379168638028204 0.00418267399072647 0.00161362800281495 0.00173395697493106 0.00160890293773264 0.00157981272786856 0.00160503282677382 0.00148029637057334 0.00139153935015202 0.00150391028728336 0.00133024551905692 0.00124090479221195 0.00125475216191262 0.00123012554831803 0.00115917413495481 0.00099264713935554 0.000873387907631695 0.000875433906912804 0.000870563962962478 0.000908882007934153 0.000894155353307724 0.000935258576646447 0.000953391660004854 0.000930577225517482 0.000991313485428691 0.000950294255744666 0.000934105482883751 0.000996724935248494 0.00108566193375736 0.00116228312253952 0.00124767411034554 0.00143377110362053 0.00144008523784578 0.00148361420724541 0.00151940749492496 0.00159078964497894 0.00153790309559554 0.0014443724649027 0.0013214370701462 0.00291702267713845 0.00297556933946908 0.00286280643194914 0.00272425543516874 0.00250518508255482 0.00239032972604036 0.00254569225944579
0.00389499356970191 0.00384701555594802 0.00422144029289484 0.00377166643738747 0.00173835782334208 0.00167802849318832 0.00167968752793968 0.0014644917100668 0.00152348820120096 0.00143003021366894 0.00127089256420732 0.00133745116181672 0.00119510141666979 0.00117755134124309 0.00117951794527471 0.00113210710696876 0.000978556228801608 0.000898466154467314 0.000857464096043259 0.000756454828660935 0.000721185351721942 0.000797508342657238 0.000766642391681671 0.000797508342657238 0.000785238691605628 0.000838024017866701 0.000936270167585462 0.000918339414056391 0.000916007847990841 0.00110913277603686 0.00116490630898625 0.00133123097475618 0.00128239719197154 0.00147179118357599 0.0016171105671674 0.00155985762830824 0.00178306817542762 0.0016256746603176 0.00151891936548054 0.00132168608251959 0.00122249964624643 0.00286367139779031 0.00279178447090089 0.0026826998218894 0.00266817142255604 0.00253119366243482 0.00235658371821046
0.00386068993248045 0.00438422802835703 0.0038643698208034 0.00181211275048554 0.00381325767375529 0.00163359753787518 0.00174149358645082 0.00179095764178783 0.00150188233237714 0.00141854654066265 0.00144856888800859 0.00128448044415563 0.00126773247029632 0.00127084879204631 0.00120681792031974 0.00107358605600893 0.000984867219813168 0.000922364939469844 0.000918621080927551 0.000857831910252571 0.000802528578788042 0.000752674590330571 0.000873064331244677 0.000836653111036867 0.000821238616481423 0.000836818886455148 0.000855957739986479 0.000975436763837934 0.000940631551202387 0.00114126678090543 0.00114666623994708 0.00119805557187647 0.00130399339832366 0.00140988384373486 0.00144989078398794 0.00144950754474849 0.00156747247092426 0.00149824388790876 0.00147984141949564 0.00142189743928611 0.0013728232588619 0.00139811763074249 0.00282448739744723 0.00247759348712862 0.00258058914914727 0.00251399329863489 0.00242695747874677
0.00392333045601845 0.00391352409496903 0.00431876722723246 0.0040499260649085 0.00173725234344602 0.00170614256057888 0.00179173704236746 0.00173774943687022 0.00169588916469365 0.00175050972029567 0.00157338660210371 0.00142139091622084 0.00146839884109795 0.001285306410864 0.00116343889385462 0.00109693000558764 0.00123019004240632 0.00113667943514884 0.00108905415982008 0.0010223399149254 0.000918052683118731 0.000879677594639361 0.000877543236128986 0.000940508209168911 0.000915771932341158 0.000896625744644552 0.000879432074725628 0.00104268314316869 0.00106802594382316 0.00132435793057084 0.00133388210088015 0.00119808875024319 0.00127305020578206 0.00122290523722768 0.00138372823130339 0.00139173935167491 0.001760940765962 0.00157828908413649 0.00156314938794822 0.00147341983392835 0.00154339743312448 0.0015499199507758 0.00336499977856874 0.00273253303021193 0.00255311210639775 0.00242861662991345 0.00247422535903752
0.00443094689399004 0.00431347079575062 0.00190733466297388 0.00443764496594667 0.00183721305802464 0.00176647515036166 0.00169074686709791 0.00166522024665028 0.00160349602811038 0.00160420313477516 0.00160978210624307 0.00142998911906034 0.00130794674623758 0.00115924398414791 0.00113441690336913 0.00102426880039275 0.00110224960371852 0.00117565505206585 0.00127232924569398 0.00127640017308295 0.00140278565231711 0.00135706306900829 0.0012093671830371 0.00144222611561418 0.00133084412664175 0.00113122235052288 0.00102303875610232 0.000997545197606087 0.00109623523894697 0.00126391905359924 0.00130528374575078 0.00125461211428046 0.00157801317982376 0.00136595370713621 0.00145033199805766 0.00145105004776269 0.00170362740755081 0.00183328485582024 0.00163830153178424 0.00143757008481771 0.00154545751865953 0.00154792051762342 0.00139013992156833 0.00271993153728545 0.00255104969255626 0.00260395696386695 0.00278648431412876
0.00476233614608645 0.00472388230264187 0.00451462808996439 0.00427480600774288 0.00413593417033553 0.00173369911499321 0.00178642862010747 0.00170543044805527 0.00161240296438336 0.0014787259278819 0.00139295228291303 0.00132188003044575 0.00122379139065742 0.00111311778891832 0.00111053301952779 0.00122840702533722 0.00140141160227358 0.00128947885241359 0.00123017921578139 0.00154594297055155 0.0017539937980473 0.00149129726924002 0.00137406121939421 0.00152315548621118 0.00156077358406037 0.00130035076290369 0.00122799398377538 0.00120966881513596 0.00116272468585521 0.00138263299595565 0.00166915124282241 0.00142367323860526 0.00130317313596606 0.00136072549503297 0.00162057892885059 0.00177953008096665 0.00173850462306291 0.00204835669137537 0.00160399405285716 0.00159303075633943 0.00142303679604083 0.00148965453263372 0.00157383910845965 0.00335316313430667 0.00280422950163484 0.00263948692008853 0.00260993954725564
0.00579126831144094 0.00475101824849844 0.00479366816580296 0.00458679301664233 0.00187654618639499 0.00189673947170377 0.00190579530317336 0.00177730899304152 0.00166023964993656 0.00151849573012441 0.00138981977943331 0.00128623773343861 0.00126132310833782 0.00119575206190348 0.00120026944205165 0.00129763339646161 0.00132263090927154 0.00135443778708577 0.00136647059116513 0.00135052239056677 0.00140676833689213 0.00133831088896841 0.00130070606246591 0.00119569955859333 0.00112391833681613 0.00112603243906051 0.00124718295410275 0.00135152612347156 0.00116089882794768 0.00148095423355699 0.00169151672162116 0.00154492515139282 0.00135716167278588 0.0014823826495558 0.00192101823631674 0.00207070540636778 0.00191045377869159 0.00195000495295972 0.00155052542686462 0.0016424935311079 0.00165483122691512 0.00172691384796053 0.00188604579307139 0.00162358081433922 0.00301539921201766 0.00279895053245127 0.00252901529893279
0.00595387211069465 0.00559899024665356 0.0050289174541831 0.00469307554885745 0.00421688286587596 0.00436368538066745 0.00176465511322021 0.00173362845089287 0.00163284386508167 0.00152716052252799 0.00145720806904137 0.00130836351308972 0.00117155211046338 0.00128108693752438 0.00124082923866808 0.00117569649592042 0.00116511457599699 0.00117563095409423 0.00117542478255928 0.00109889591112733 0.00109062343835831 0.00101605581585318 0.00103242124896497 0.00103766436222941 0.00103781232610345 0.000995438662357628 0.000934932380914688 0.00110992719419301 0.0011083644349128 0.00106823956593871 0.00113832822535187 0.00119461352005601 0.00127165450248867 0.00127398292534053 0.00162020709831268 0.00188686128240079 0.00198799627833068 0.00195041811093688 0.00138910650275648 0.00171255692839622 0.00184589927084744 0.0017992575885728 0.00195308693218976 0.00171192362904549 0.00310280290432274 0.00270573701709509 0.00254180817864835
0.00715056015178561 0.00674555450677872 0.0060178404673934 0.00538558047264814 0.00498810457065701 0.00444048084318638 0.00418321788311005 0.00159761938266456 0.00155884691048414 0.00145936908666044 0.00142439664341509 0.00133163831196725 0.00129523884970695 0.00160677556414157 0.00155790662392974 0.00127472949679941 0.00111625762656331 0.0010828641243279 0.00114965089596808 0.00123625039122999 0.00122302398085594 0.00115939939860255 0.00108240102417767 0.00111706857569516 0.00142039672937244 0.00149262917693704 0.00112464977428317 0.00108224002178758 0.00128550967201591 0.00142255867831409 0.00128794147167355 0.00121171597857028 0.00113671633880585 0.00126990221906453 0.00162234029266983 0.00187779485713691 0.00224170205183327 0.00206146226264536 0.00165748700965196 0.00173565780278295 0.00175632524769753 0.00177496566902846 0.00178790546488017 0.00164945679716766 0.00140467728488147 0.0027874622028321 0.00237998506054282
0.008611761033535 0.00706032570451498 0.00662241037935019 0.00640470627695322 0.00521091092377901 0.00500303599983454 0.00458791386336088 0.00179703894536942 0.00170995458029211 0.00164287851657718 0.00154728337656707 0.00141142564825714 0.00114145060069859 0.00114771153312176 0.00122915033716708 0.00132563407532871 0.00121427013073117 0.00112538831308484 0.00106779672205448 0.00105074129533023 0.00115604023449123 0.00114229449536651 0.00105067109689116 0.00107503775507212 0.000969210756011307 0.00116878689732403 0.0011232610559091 0.00103429658338428 0.00131308205891401 0.00176689482759684 0.0014653675025329 0.00140433153137565 0.00121640239376575 0.001382528222166 0.00139270012732595 0.00169646751601249 0.00142181466799229 0.00151398568414152 0.00172542768996209 0.00158875028137118 0.00173636281397194 0.00173321948386729 0.00171454425435513 0.00150507735088468 0.00131848570890725 0.00127819483168423 0.00261986581608653
0.0108541790395975 0.00875195395201445 0.00805773586034775 0.00665719015523791 0.00604249211028218 0.00502963224425912 0.00470697693526745 0.00186183908954263 0.00223732530139387 0.00237907352857292 0.00196190248243511 0.00166912493295968 0.00132053927518427 0.00121944106649607 0.00105515005998313 0.00114003906492144 0.00134924938902259 0.00116521550808102 0.00114771921653301 0.00123006047215313 0.0011389241553843 0.00107401178684086 0.00114356109406799 0.0011118141701445 0.00109043577685952 0.000949321023654193 0.000871458032634109 0.000986990868113935 0.000988007755950093 0.00131179287564009 0.00142398616299033 0.00118103751447052 0.00131359149236232 0.00134641060139984 0.00144268362782896 0.00129893678240478 0.00138376606628299 0.00171383295673877 0.00208623521029949 0.00186670746188611 0.00177688640542328 0.00175590440630913 0.00173869577702135 0.00147972640115768 0.00145998108200729 0.00131730281282216 0.00114653236232698
0.0122214928269386 0.0100693413987756 0.00837970711290836 0.00778804160654545 0.00646526832133532 0.00618298863992095 0.00530869467183948 0.0047619272954762 0.00222019571810961 0.00196029548533261 0.00169593025930226 0.00185886269900948 0.00160843890625983 0.00130825687665492 0.00117062975186855 0.00117124558892101 0.0015514629194513 0.00111807929351926 0.00107919448055327 0.00101895211264491 0.000967317901086062 0.000932914845179766 0.000991840846836567 0.00109151203650981 0.000983370700851083 0.000986115541309118 0.00100560311693698 0.00102259812410921 0.00109497364610434 0.00124837434850633 0.0016783329192549 0.00172950059641153 0.00147062202449888 0.00146530789788812 0.00167941011022776 0.00167997425887734 0.00185345381032676 0.0016155521152541 0.0017592121148482 0.00197556242346764 0.00195049936883152 0.00181379355490208 0.00180879211984575 0.00157022674102336 0.00148529757279903 0.0012967954389751 0.00260887388139963
