data/climate_estimation/maxent_output/Erythronium_revolutum.asc
NCOLS 106 
NROWS 257 
XLLCORNER -127.75 
YLLCORNER 34.25 
CELLSIZE 0.0833333333333333 
NODATA_value -3.4e+38 
[rows 44 to 65 of 257, columns 49 to 97 of 106]
0.0035033943131566 0.00359592051245272 0.00344627979211509 0.00345457065850496 0.00330531666986644 0.00249409559182823 0.00227927090600133 0.00278615206480026 0.0033125439658761 0.00375878275372088 0.00359984207898378 0.00351422117091715 0.00328754261136055 0.00255624949932098 0.00224138214252889 0.00237737339921296 0.00175328797195107 0.0032995652873069 0.00290480745024979 0.00256450148299336 0.0026191568467766 0.00268549914471805 0.00259160366840661 0.00267514423467219 0.0030173109844327 0.00344984163530171 0.00327217299491167 0.00384781206957996 0.00396861881017685 0.00316616147756577 0.00274100503884256 0.0024981927126646 0.0026846956461668 0.00576009461656213 0.00536794401705265 0.00480454135686159 0.00478392606601119 0.00400340743362904 0.00504563096910715 0.00445166556164622 0.00361137115396559 0.00110041373409331 0.00131816638167948 0.00120944785885513 0.0050122756510973 0.00607202015817165 0.00530608836561441 0.00525115476921201 0.00532277161255479
0.00382339511997998 0.00399362901225686 0.00378961721435189 0.00365212163887918 0.00356010510586202 0.00312542542815208 0.00311828497797251 0.00254742777906358 0.00254784082062542 0.00232564890757203 0.00226402608677745 0.00240336731076241 0.0024442165158689 0.00230186735279858 0.00241624470800161 0.00151222199201584 0.00211320770904422 0.00362887070514262 0.00296369940042496 0.00287733809091151 0.00279035046696663 0.00281818094663322 0.00272750249132514 0.00271004787646234 0.00268889544531703 0.00283560226671398 0.0030622729100287 0.00312661030329764 0.00371388299390674 0.00353073957376182 0.0026002312079072 0.00230438727885485 0.0021489521022886 0.00196816073730588 0.00183052534703165 0.00168050127103925 0.00156830926425755 0.00353442295454443 0.00368473096750677 0.00504083698615432 0.00573562737554312 0.00552095239982009 0.00280624767765403 0.00112742034252733 0.00553576275706291 0.00628063641488552 0.00588382128626108 0.00554647762328386 0.00383424153551459
0.00399022968485951 0.00426773494109511 0.00422859890386462 0.0040484331548214 0.0040429518558085 0.0037408301141113 0.00361210783012211 0.00373537535779178 0.00348684284836054 0.00278204306960106 0.00249538477510214 0.00233844807371497 0.00272662471979856 0.00224710232578218 0.00162668176926672 0.00155608262866735 0.00219536875374615 0.00271569448523223 0.00287835043855011 0.00312022003345191 0.00352712231688201 0.0035933330655098 0.00298633310012519 0.00288481777533889 0.00291246944107115 0.00292045786045492 0.00275259790942073 0.00301506742835045 0.00297498563304543 0.00297987903468311 0.00263259443454444 0.00232364772818983 0.00239959568716586 0.00239781429991126 0.00541955651715398 0.00271468027494848 0.00508304312825203 0.00559299346059561 0.00622397381812334 0.00633597653359175 0.0063090743497014 0.00613162061199546 0.00594554375857115 0.00156874407548457 0.0062443376518786 0.00603631371632218 0.00567809259518981 0.00343879451975226 0.00515975430607796
0.00439791474491358 0.00498585542663932 0.00493681756779552 0.00464903842657804 0.00438992120325565 0.0046028895303607 0.00444440869614482 0.00402128463611007 0.00383415585383773 0.00360338133759797 0.00358184683136642 0.0036434018984437 0.00399222411215305 0.00521433027461171 0.004206039942801 0.00159028836060315 0.00232931738719344 0.00395351462066174 0.00414956593886018 0.00339762400835752 0.00347645208239555 0.00380983971990645 0.00374666531570256 0.00375308026559651 0.00330378953367472 0.00322805298492312 0.00315343169495463 0.00310291186906397 0.00293358415365219 0.00312748155556619 0.00273620872758329 0.00281385635025799 0.00323059596121311 0.00412904005497694 0.00393887236714363 0.0062049156986177 0.0071181133389473 0.00677199615165591 0.00650317268446088 0.00553778884932399 0.00609503267332911 0.00648733554407954 0.00505469040945172 0.00130517641082406 0.0044745709747076 0.00591379730030894 0.00535453343763947 0.00310980179347098 0.00427105836570263
0.00512702809646726 0.00508998474106193 0.00508987717330456 0.00530345784500241 0.00540933944284916 0.00468901405110955 0.00513539835810661 0.00452167075127363 0.00497657340019941 0.00512895965948701 0.00494068674743176 0.00455183954909444 0.00401634396985173 0.00445186579599977 0.00434132339432836 0.00250243302434683 0.00203732145018876 0.0033764080144465 0.00351073639467359 0.00353735126554966 0.00335755688138306 0.00352780194953084 0.00382622564211488 0.00411437451839447 0.00397603353485465 0.00404777424409986 0.00379443331621587 0.00379889458417892 0.00344905303791165 0.00348375411704183 0.00308291963301599 0.00293461512774229 0.00328461546450853 0.00366746610961854 0.00385083118453622 0.00405864324420691 0.00754580507054925 0.00756252789869905 0.00694085191935301 0.00635785842314363 0.00524382712319493 0.00246512610465288 0.000947213615290821 0.00116872356738895 0.00106622313614935 0.00203983043320477 0.00240133516490459 0.00139216950628906 0.00149729801341891
0.00531578436493874 0.00541307777166367 0.00555095728486776 0.00531014520674944 0.00500983698293567 0.00531270774081349 0.00517481798306108 0.00528046768158674 0.00473772455006838 0.00493871420621872 0.00534843700006604 0.00543194729834795 0.00444958731532097 0.00455393455922604 0.00307160709053278 0.00188780215103179 0.00144920300226659 0.00366967171430588 0.00554253160953522 0.00589044764637947 0.00412563746795058 0.00370568851940334 0.0036619168240577 0.00383249972946942 0.0038977989461273 0.00401104427874088 0.00404085451737046 0.00400957046076655 0.0039163026958704 0.0036324979737401 0.00353134656324983 0.00365546508692205 0.00345536530949175 0.00334294675849378 0.00360950035974383 0.00432019215077162 0.00417418638244271 0.00715455645695329 0.00705474009737372 0.00698208715766668 0.00373317860066891 0.00131323514506221 0.00105482118669897 0.00666567636653781 0.00672352034598589 0.00584224704653025 0.00274732289835811 0.00483786035329103 0.00540816457942128
0.00529172597452998 0.0055651031434536 0.00579548208042979 0.00577453291043639 0.00544277718290687 0.00556036969646811 0.00536203105002642 0.00511571206152439 0.00495270639657974 0.00520772812888026 0.00520681450143456 0.00534300552681088 0.00544327823445201 0.00446815881878138 0.00347453006543219 0.00395486410707235 0.00216717156581581 0.0021586618386209 0.00395146664232016 0.0046517001464963 0.00421426957473159 0.00396925350651145 0.00385934324003756 0.00388313503935933 0.00375143601559103 0.00360474013723433 0.00363474362529814 0.00369021156802773 0.00382878608070314 0.00365782785229385 0.00355029851198196 0.00328913633711636 0.00323052005842328 0.00360658345744014 0.00401715375483036 0.00350576150231063 0.00375506305135787 0.00419796677306294 0.00392717123031616 0.00379176181741059 0.00271707237698138 0.000851839547976851 0.00131753319874406 0.00687721837311983 0.00688904337584972 0.00661108363419771 0.00676517700776458 0.00582337332889438 0.00560353416949511
0.00571276620030403 0.00571455620229244 0.00549865141510963 0.0057862401008606 0.00589139247313142 0.00556591199710965 0.0059665790759027 0.00562467286363244 0.00506990309804678 0.00541033456102014 0.00519458949565887 0.00557635072618723 0.00560293206945062 0.00560413114726543 0.00575037719681859 0.00574360834434628 0.00299614039249718 0.00201889593154192 0.00490907579660416 0.0041130194440484 0.00364552182145417 0.00353001686744392 0.00373090151697397 0.00366926868446171 0.00351812248118222 0.00360100716352463 0.00386399193666875 0.00367356417700648 0.003562041092664 0.00382423587143421 0.00377623923122883 0.00349041842855513 0.00338733987882733 0.0044274521060288 0.00407805060967803 0.00389524013735354 0.0036539991851896 0.00488439342007041 0.00502443592995405 0.00471107847988605 0.00379869248718023 0.00104833045043051 0.00114890688564628 0.00720210745930672 0.00711255380883813 0.00313479150645435 0.00372251262888312 0.00263785570859909 0.00524785090237856
0.00595523323863745 0.00565525889396667 0.0055354805663228 0.00525127584114671 0.0054955892264843 0.00560378190129995 0.00613269954919815 0.00572196394205093 0.00535244168713689 0.00553709547966719 0.00577881699427962 0.00601493800058961 0.00576497195288539 0.00559028703719378 0.00587565079331398 0.00604360224679112 0.00469913147389889 0.00187219039071351 0.0041413139551878 0.00461179204285145 0.00435829628258944 0.00578625034540892 0.00405643973499537 0.00390839716419578 0.00369298737496138 0.00376343517564237 0.00370974140241742 0.00352531927637756 0.00378082529641688 0.00365114747546613 0.00346690299920738 0.0031789829954505 0.00322233885526657 0.00311440788209438 0.0038245755713433 0.00411801366135478 0.00438764551654458 0.00488157477229834 0.004759322386235 0.00470498716458678 0.00368711189366877 0.00106551765929908 0.00138355512171984 0.00455467030405998 0.00228079967200756 0.00181624491233379 0.00168317614588886 0.00300228595733643 0.00288280658423901
0.00581778259947896 0.00615779077634215 0.00561754638329148 0.00577223906293511 0.00525076035410166 0.00542305642738938 0.00551326526328921 0.00549747189506888 0.0055720959790051 0.00546278804540634 0.00548486690968275 0.00580755202099681 0.00577657949179411 0.00533616961911321 0.00532418955117464 0.00572959193959832 0.00605675065889955 0.00421485072001815 0.00179600610863417 0.00367749761790037 0.00545511161908507 0.0055657853372395 0.00551270926371217 0.00518225925043225 0.00389526644721627 0.00379218463785946 0.00358993443660438 0.00333625380881131 0.00330239208415151 0.00345403631217778 0.00365818291902542 0.00355403567664325 0.00343674677424133 0.00382160325534642 0.00398759404197335 0.00475436495617032 0.00518632354214787 0.00488371215760708 0.00487783597782254 0.00448783207684755 0.00379887060262263 0.00143813015893102 0.000725959427654743 0.00151164887938648 0.00173554150387645 0.00173246348276734 0.00298859109170735 0.00408067274838686 0.00226559373550117
0.00618099421262741 0.00591195374727249 0.00614634482190013 0.00565127562731504 0.00557094672694802 0.00573189603164792 0.00538838654756546 0.00537153566256166 0.00526660541072488 0.00576130207628012 0.00551239587366581 0.00557906180620193 0.00545982085168362 0.00548578146845102 0.00535681191831827 0.00545176537707448 0.00540264183655381 0.00541905546560884 0.00418356759473681 0.0018113567493856 0.00473740603774786 0.00586885213851929 0.00578311365097761 0.00585301779210567 0.00460984138771892 0.00315803894773126 0.0027816949877888 0.00370695861056447 0.00394228333607316 0.00398479495197535 0.00392061145976186 0.004220652859658 0.00374121847562492 0.00328547088429332 0.0036070398055017 0.00461049377918243 0.00482974806800485 0.00523332413285971 0.00500190118327737 0.00460783811286092 0.00384827936068177 0.00128188310191035 0.000945905048865825 0.00182339537423104 0.00250964658334851 0.00153052981477231 0.00322193116880953 0.00114649464376271 0.00124441226944327
0.00815096404403448 0.00605043675750494 0.00605854019522667 0.00571527238935232 0.00575176160782576 0.00564454775303602 0.00565520720556378 0.00578885292634368 0.00557474372908473 0.005628717597574 0.00569076044484973 0.00566026475280523 0.00548541219905019 0.00527624832466245 0.00552678853273392 0.00567549467086792 0.00573356077075005 0.00557701708748937 0.00584969716146588 0.00485849101096392 0.00245838169939816 0.00574605446308851 0.00576424598693848 0.00601410865783691 0.00573877710849047 0.00438681151717901 0.00280726864002645 0.00338429980911314 0.00513610895723104 0.00601925561204553 0.00556891318410635 0.00501062022522092 0.00417550606653094 0.00365191418677568 0.00419015809893608 0.00420814845710993 0.00537575362250209 0.00524341966956854 0.00558710610494018 0.00479469075798988 0.00283963652327657 0.00100604665931314 0.00293098436668515 0.00187694875057787 0.00333075714297593 0.00305489124730229 0.00255989539436996 0.00119021080899984 0.00475070020183921
0.00860886555165052 0.00880451314151287 0.0081595266237855 0.00600211787968874 0.00579840689897537 0.00566067732870579 0.00564376311376691 0.00598110444843769 0.0058838645927608 0.00552126253023744 0.00573956733569503 0.00480097066611052 0.00553826661780477 0.00545362057164311 0.00523400632664561 0.00571570824831724 0.00458811223506927 0.00591360731050372 0.00586968706920743 0.00574540533125401 0.00457925908267498 0.00235713552683592 0.00590421678498387 0.00595650915056467 0.00604827795177698 0.00411054445430636 0.00254055950790644 0.00351458950899541 0.00555876456201077 0.00575185986235738 0.00549354404211044 0.00473061529919505 0.0027657977771014 0.0032913158647716 0.00416624778881669 0.00474500469863415 0.00515195447951555 0.00547815626487136 0.00520371878519654 0.00395958917215466 0.00197330629453063 0.00109589006751776 0.0030740371439606 0.00228509027510881 0.00484129646793008 0.00447807507589459 0.00295110163278878 0.00128734402824193 0.00142533611506224
0.00753868417814374 0.00846606679260731 0.00905348733067513 0.00895474292337894 0.00873683579266071 0.00866723340004683 0.00577594852074981 0.00827970542013645 0.00529845850542188 0.00510682351887226 0.00574463792145252 0.00819775275886059 0.00763943558558822 0.00681687798351049 0.00899623613804579 0.00578947179019451 0.00547713134437799 0.00585180753841996 0.00686311861500144 0.00581809785217047 0.00598067743703723 0.00329506536945701 0.00411979993805289 0.00608363747596741 0.00588481174781919 0.00362420175224543 0.00290509848855436 0.00242599891498685 0.00526982685551047 0.00480409944429994 0.00524281291291118 0.00419319374486804 0.00234016589820385 0.00379814975894988 0.00328246946446598 0.00439652055501938 0.00458317575976253 0.00452942447736859 0.00400068331509829 0.00270011997781694 0.000972271140199155 0.00135080411564559 0.00292835826985538 0.0036723013035953 0.00304020335897803 0.0046043018810451 0.00286623579449952 0.00113504438195378 0.000702123448718339
0.00782737601548433 0.00806208699941635 0.0085701197385788 0.00782262906432152 0.00824915431439877 0.00829007383435965 0.00803624652326107 0.00847421772778034 0.00834020506590605 0.00619645230472088 0.00850602239370346 0.00763342063874006 0.00799213722348213 0.00804848130792379 0.0082907835021615 0.00788066349923611 0.00887736119329929 0.00785458367317915 0.00808869395405054 0.00558463530614972 0.00590846315026283 0.00335988658480346 0.0054309512488544 0.00609835283830762 0.00344420410692692 0.00461858371272683 0.00556881818920374 0.00324850296601653 0.00154262664727867 0.00212289206683636 0.00181021029129624 0.00210544071160257 0.00159177964087576 0.00229280651547015 0.00146988965570927 0.00197784905321896 0.0029716759454459 0.00245977798476815 0.0024267912376672 0.00145555846393108 0.00147121853660792 0.00183418928645551 0.00360152730718255 0.00347707909531891 0.00299963564611971 0.0027067344635725 0.00141166627872735 0.000859019462950528 0.00134395959321409
0.0356179513037205 0.034188698977232 0.032438401132822 0.00822386424988508 0.00781219638884068 0.00762211065739393 0.0078228460624814 0.00834379903972149 0.00815685279667377 0.00813713110983372 0.00823151879012585 0.00854733493179083 0.00816897302865982 0.0080553637817502 0.00783407222479582 0.00716519681736827 0.00552866561338305 0.00575999123975635 0.00598547561094165 0.00894921272993088 0.00384171470068395 0.00428188405930996 0.00546989450231194 0.00588067248463631 0.00476676365360618 0.00585733400657773 0.00582313677296042 0.00245181168429554 0.00230259913951159 0.00290537532418966 0.00445009674876928 0.00392676424235106 0.0030737763736397 0.00275624706409872 0.00284378603100777 0.00213973689824343 0.00113273179158568 0.00113454251550138 0.00109050911851227 0.000862034328747541 0.00115736771840602 0.00136719678994268 0.00162789667956531 0.00191117788199335 0.00204677460715175 0.00131181720644236 0.000891099451109767 0.00241568498313427 0.00232130452059209
0.0324583277106285 0.0332228653132915 0.0320778079330921 0.0322566628456116 0.0319575555622578 0.00776208098977804 0.00781061500310898 0.00814489275217056 0.00806390587240458 0.0079238573089242 0.00770436180755496 0.00792807433754206 0.00796239916235209 0.00842356774955988 0.00561055634170771 0.00590674486011267 0.00767997978255153 0.00790118891745806 0.00864035543054342 0.00795577000826597 0.00863928440958261 0.00376171874813735 0.00763405906036496 0.00553816882893443 0.00596006168052554 0.00581717770546675 0.00570941623300314 0.0021078244317323 0.00275164470076561 0.00604330375790596 0.00584212550893426 0.00577036943286657 0.00639542192220688 0.00529862800613046 0.00450255908071995 0.00567057961598039 0.00512607162818313 0.00259702699258924 0.00231695314869285 0.00208199350163341 0.00184898066800088 0.00173436035402119 0.00123175734188408 0.00118386372923851 0.0010951105505228 0.00110695709008723 0.00203339429572225 0.00276274932548404 0.00228149304166436
0.0377288162708282 0.0415557362139225 0.0397521518170834 0.032273642718792 0.0376249961555004 0.0336699858307838 0.0335505716502666 0.0296609234064817 0.0350476875901222 0.00762333068996668 0.00798307172954082 0.0297571159899235 0.00771315721794963 0.0108412196859717 0.00741659989580512 0.00787730328738689 0.0073947967030108 0.00758238509297371 0.00866926182061434 0.00779465353116393 0.0182178765535355 0.00840333569794893 0.0037736389786005 0.00601479085162282 0.00569218164309859 0.00574563257396221 0.0057896738871932 0.0041581317782402 0.00286380504257977 0.00473467260599136 0.00608185352757573 0.00578425312414765 0.00591493071988225 0.00505409808829427 0.00579917477443814 0.00601886212825775 0.00606728717684746 0.00578191736713052 0.0048843789845705 0.0038088895380497 0.00239650439471006 0.00228381063789129 0.00314930686727166 0.00304407440125942 0.00331659987568855 0.00195809942670166 0.00240773358382285 0.00232055736705661 0.00235553388483822
0.0550276786088943 0.0541959665715694 0.0363359600305557 0.0347564183175564 0.034999281167984 0.0365338362753391 0.0376711450517178 0.0385685302317142 0.0375479608774185 0.0372821055352688 0.0336351208388805 0.0304702967405319 0.0364677868783474 0.0366542674601078 0.0321649722754955 0.0332095175981522 0.0316930189728737 0.0324680767953396 0.0291527006775141 0.0183137264102697 0.00748202437534928 0.0076756663620472 0.00826320517808199 0.00282086501829326 0.00865290872752666 0.00572969997301698 0.00502675818279386 0.00488673150539398 0.00286022969521582 0.0048442198894918 0.00588153349235654 0.00602970877662301 0.00626250403001904 0.00608124490827322 0.0047389236278832 0.00579918920993805 0.00566492090001702 0.00547050917521119 0.00519898254424334 0.00348644703626633 0.00228708330541849 0.00286836712621152 0.00389688462018967 0.0046871486119926 0.00534649146720767 0.00310769560746849 0.00140255910810083 0.00164102576673031 0.0021122784819454
0.0938839688897133 0.0844381004571915 0.0456213653087616 0.0419168546795845 0.038834523409605 0.0353200733661652 0.036818865686655 0.0331018753349781 0.0364647842943668 0.0468587018549442 0.0449208207428455 0.042298711836338 0.0332847535610199 0.0348561182618141 0.0324499309062958 0.0336115397512913 0.0328578390181065 0.0287819541990757 0.0301880910992622 0.0296153221279383 0.0299177467823029 0.0275742579251528 0.00736936740577221 0.00553789362311363 0.00692682340741158 0.00865100137889385 0.00762701733037829 0.00341925397515297 0.00445158453658223 0.00342298322357237 0.0052815736271441 0.00556001579388976 0.00614642910659313 0.00622243154793978 0.00473430706188083 0.00602361233904958 0.00600931933149695 0.00606561126187444 0.00364611344411969 0.00218452513217926 0.00250282092019916 0.00371818826533854 0.00435855193063617 0.00397057086229324 0.00290601188316941 0.00260500307194889 0.00300693511962891 0.00427890801802278 0.00466778315603733
0.142017528414726 0.102368161082268 0.0552441067993641 0.0629428550601006 0.0535774230957031 0.0572395287454128 0.0494245551526546 0.056206826120615 0.051150806248188 0.066341258585453 0.063742458820343 0.0561481155455112 0.054655734449625 0.0529982782900333 0.0386229790747166 0.0314705558121204 0.0323027856647968 0.0300538688898087 0.0306656993925571 0.0362682528793812 0.0348508395254612 0.0321091003715992 0.0322319269180298 0.0318378806114197 0.00602618418633938 0.00788696203380823 0.00512894848361611 0.00325271300971508 0.00680745299905539 0.00383699894882739 0.00380988954566419 0.00470156501978636 0.0057909581810236 0.00452060624957085 0.00496844621375203 0.00598435010761023 0.00589307537302375 0.00582972029224038 0.00229536206461489 0.00223761284723878 0.00371803226880729 0.00424407096579671 0.00310701248236001 0.0023572132922709 0.00232917792163789 0.00354152265936136 0.00508839264512062 0.00534856785088778 0.00473456038162112
0.111773520708084 0.183901578187943 0.0784334242343903 0.134963929653168 0.063719779253006 0.0679907128214836 0.0913698971271515 0.0786072462797165 0.0894098356366158 0.0863739252090454 0.0443628840148449 0.0448768027126789 0.0515276789665222 0.066768117249012 0.0659549236297607 0.0367662273347378 0.0334950499236584 0.0372176021337509 0.0379554592072964 0.0428213775157928 0.029366672039032 0.0265738721936941 0.0273903552442789 0.0285228360444307 0.0256974380463362 0.0246546659618616 0.00768388574942946 0.00596455903723836 0.00806840509176254 0.00531676271930337 0.00491647515445948 0.00449165469035506 0.00516375852748752 0.0021878972183913 0.00428452482447028 0.00408525299280882 0.00333861308172345 0.00348824332468212 0.00165300664957613 0.00209446460939944 0.00271188258193433 0.00244193500839174 0.00208535185083747 0.00214258767664433 0.00314032984897494 0.00533074513077736 0.00514683034271002 0.00458499044179916 0.00383653747849166
