data/climate_estimation/maxent_output/Erythronium_oregonum.asc
NCOLS 111 
NROWS 182 
XLLCORNER -125.5 
YLLCORNER 39.5833333333333 
CELLSIZE 0.0833333333333333 
NODATA_value -3.4e+38 
[rows 0 to 19 of 182, columns 45 to 89 of 111]
0.00350878457538784 0.00358230108395219 0.00370649946853518 0.00290012010373175 0.0029660789296031 0.00302259321324527 0.0029224930331111 0.00283821229822934 0.00299198506399989 0.00305017945356667 0.00327186589129269 0.00328358891420066 0.00332259875722229 0.00316479033790529 0.00314716971479356 0.00321366032585502 0.00324430130422115 0.00304122408851981 0.00315203121863306 0.00321962521411479 0.00301370187662542 0.00304603506810963 0.00304154260084033 0.00326388515532017 0.00303642614744604 0.00255918176844716 0.00271037546917796 0.00292137288488448 0.00318055995739996 0.00296161929145455 0.00289805186912417 0.00311589939519763 0.00312717375345528 0.00306865759193897 0.00250378903001547 0.00253798486664891 0.00260322680696845 0.00218180660158396 0.00180006632581353 0.00181476108264178 0.00198464305140078 0.00211603892967105 0.00203906348906457 0.00199242285452783 0.00233963807113469
0.00306394696235657 0.00327529385685921 0.00353628885932267 0.00332148070447147 0.00294694979675114 0.0031230531167239 0.00294183869846165 0.00302480114623904 0.00292660691775382 0.00317956879734993 0.00312633300200105 0.00340654398314655 0.00320967496372759 0.00306590995751321 0.00325649022124708 0.00319105898961425 0.00306186615489423 0.00319969095289707 0.00307089043781161 0.00317112519405782 0.00323733151890337 0.00327794160693884 0.00303369015455246 0.00328690535388887 0.00293447892181575 0.00306689459830523 0.00344712682999671 0.0034395745024085 0.00332626397721469 0.00370659772306681 0.00365633913315833 0.00375036662444472 0.00347037310712039 0.00330305192619562 0.00326191238127649 0.00277077662758529 0.00229124585166574 0.00237919064238667 0.00248883105814457 0.0022563636302948 0.00230976263992488 0.00235236110165715 0.00226290500722826 0.00248473463580012 0.00282203941605985
0.0032786950469017 0.00315125845372677 0.00320174009539187 0.00302472640760243 0.00303897727280855 0.0027598065789789 0.0028228061273694 0.00319148134440184 0.00293353851884604 0.00303740054368973 0.00308929802849889 0.00304797198623419 0.00331329251639545 0.00314282043837011 0.00291396561078727 0.00301356450654566 0.00312924827449024 0.00316847139038146 0.00301259965635836 0.00318244844675064 0.00329177151434124 0.00328832562081516 0.00320284673944116 0.00307221617549658 0.00315303890965879 0.00387013261206448 0.00413241609930992 0.0041816970333457 0.00392326433211565 0.00391790922731161 0.00362806557677686 0.00377545016817749 0.00340325548313558 0.0032344083301723 0.00281975883990526 0.00270052906125784 0.00321437558159232 0.00299236923456192 0.00271809939295053 0.00262750359252095 0.00249449000693858 0.00251950370147824 0.00284251081757247 0.00292076077312231 0.00344436941668391
0.00295627070590854 0.00302061042748392 0.00304515683092177 0.00302365981042385 0.00328252837061882 0.00324601866304874 0.0032885717228055 0.00285302894189954 0.00280707026831806 0.00329725071787834 0.0028298560064286 0.00292128464207053 0.00304722809232771 0.00293991342186928 0.00326972012408078 0.00350732379592955 0.00353570631705225 0.00338217196986079 0.00329124741256237 0.00333239370957017 0.00337891420349479 0.00362516799941659 0.00335364392958581 0.00300203170627356 0.00340204359963536 0.00336890574544668 0.00394007237628102 0.00461513502523303 0.00468771019950509 0.00448362296447158 0.00393746932968497 0.00382628897204995 0.00372752896510065 0.00402393704280257 0.00401828577741981 0.00360980932600796 0.00380425131879747 0.00343022425659001 0.00316845485940576 0.00298468652181327 0.00277255801483989 0.00352687085978687 0.00370059697888792 0.00380659149959683 0.00386067479848862
0.00300282216630876 0.00296151265501976 0.00296406890265644 0.00312939286231995 0.0025962246581912 0.00255428184755147 0.00329420506022871 0.00333739630877972 0.00332136638462543 0.00277933082543314 0.00279632699675858 0.00280789751559496 0.00281253759749234 0.00296510383486748 0.00315031129866838 0.00342777906917036 0.00305221369490027 0.00348375481553376 0.00330984336324036 0.00338968215510249 0.00311601418070495 0.00307729234918952 0.00314208143390715 0.003323013195768 0.00372285698540509 0.00395315373316407 0.00407710485160351 0.00482208142057061 0.00511600682511926 0.00519561767578125 0.00519671151414514 0.00468671135604382 0.00520571041852236 0.00481308111920953 0.00466241408139467 0.00463817780837417 0.00417703250423074 0.00337566970847547 0.00362450629472733 0.00318675208836794 0.00430769985541701 0.00514889368787408 0.00472234236076474 0.00495854252949357 0.00590989459306002
0.00312589691020548 0.00304008391685784 0.00231100898236036 0.00211568083614111 0.00301486207172275 0.00303463987074792 0.00301235471852124 0.00296667357906699 0.00305447448045015 0.00319512654095888 0.00270976987667382 0.00277384114451706 0.00288093974813819 0.00304092955775559 0.00304119172506034 0.00326080387458205 0.00314874504692852 0.00304600736126304 0.00288817659020424 0.00330069079063833 0.00339095178060234 0.00375849683769047 0.00348401186056435 0.0034746031742543 0.00381482834927738 0.00427886564284563 0.00451172702014446 0.004306735470891 0.00485344137996435 0.00461926171556115 0.00449188984930515 0.00495401537045836 0.00463737733662128 0.00480616977438331 0.00464503187686205 0.00399734638631344 0.00446107285097241 0.0045489463955164 0.00461238343268633 0.00403841724619269 0.00540010118857026 0.00547834299504757 0.00562513759359717 0.00623695272952318 0.00637688022106886
0.0022727947216481 0.00265800347551703 0.00295566744171083 0.00300589227117598 0.00257080351002514 0.00316210999153554 0.00307067157700658 0.00311870966106653 0.00294643058441579 0.0030945367179811 0.00321449618786573 0.00305524375289679 0.00274366280063987 0.00313371396623552 0.00301495171152055 0.00307269836775959 0.0029456652700901 0.00284349289722741 0.0031934364233166 0.00354843493551016 0.00376864639110863 0.00375133682973683 0.00361956446431577 0.0038497606292367 0.00391528522595763 0.00394742842763662 0.00376866548322141 0.00442080991342664 0.00451515428721905 0.00472116051241755 0.00526497373357415 0.00607233494520187 0.00599104911088943 0.00581151759251952 0.00530253350734711 0.00481881853193045 0.00530930096283555 0.0046679675579071 0.00445908540859818 0.00541991181671619 0.00569915259256959 0.00569052621722221 0.00650415010750294 0.00685173412784934 0.00690927729010582
0.00238149194046855 0.00296149309724569 0.00310604926198721 0.00296009355224669 0.00311896717175841 0.00311147677712142 0.00283455662429333 0.00295068486593664 0.00300780334509909 0.0030465463642031 0.00309034856036305 0.00296800909563899 0.00271122972480953 0.00288017326965928 0.00285045662894845 0.00265397364273667 0.0028058085590601 0.0029725288040936 0.00321046565659344 0.003292788984254 0.00316135189495981 0.00329556665383279 0.00332125951536 0.0037570174317807 0.0039916941896081 0.00373054877854884 0.0043120221234858 0.0045946198515594 0.00477264728397131 0.00521947862580419 0.0057105291634798 0.00586713338270783 0.00610286835581064 0.00581772392615676 0.00593504309654236 0.00505860522389412 0.00490917731076479 0.00575307942926884 0.00574052147567272 0.00592301273718476 0.00590024376288056 0.00614684168249369 0.00627895025536418 0.00686732260510325 0.00712408637627959
0.00204435386694968 0.00305702211335301 0.00307054235599935 0.00316080939956009 0.00308507867157459 0.00292267580516636 0.00302428402937949 0.00306808040477335 0.00307138077914715 0.00297218631021678 0.00288523500785232 0.00285090855322778 0.00290958676487207 0.00285828369669616 0.00281768129207194 0.00245368853211403 0.00301116541959345 0.00308590685017407 0.00314096198417246 0.00306688714772463 0.00315919541753829 0.00345236319117248 0.00368136819452047 0.00346528645604849 0.00373690552078187 0.00426138890907168 0.00450087152421474 0.00463137216866016 0.00496136397123337 0.00509796431288123 0.0051648560911417 0.00557848904281855 0.0048807836137712 0.00535118160769343 0.00519658904522657 0.00605555949732661 0.00593583332374692 0.00631761597469449 0.00617311894893646 0.00627999380230904 0.00658934097737074 0.00622986955568194 0.00623135454952717 0.00693743629381061 0.00728854769840837
0.00185844651423395 0.00175922957714647 0.00229085702449083 0.00301537825725973 0.00300241028890014 0.00316572259180248 0.00330047914758325 0.00299549754709005 0.00291438400745392 0.00289692101068795 0.00291428295895457 0.00269384775310755 0.002599963452667 0.00245421309955418 0.00280545372515917 0.00277726934291422 0.00323966587893665 0.00260454602539539 0.00290245213545859 0.00295226206071675 0.00312667805701494 0.00347468629479408 0.00358650297857821 0.00365430512465537 0.00387206510640681 0.0040538520552218 0.00427038501948118 0.00440262723714113 0.00451119802892208 0.00460664741694927 0.00518670910969377 0.00498819118365645 0.00567499967291951 0.00513555062934756 0.00582186598330736 0.0056089679710567 0.00581095833331347 0.00610061036422849 0.00608503865078092 0.00620258459821343 0.00599603867158294 0.00631146458908916 0.00667470879852772 0.00701597426086664 0.00690997578203678
0.00294407131150365 0.00309516419656575 0.00225715711712837 0.00201671337708831 0.00197715242393315 0.00316671631298959 0.00309257418848574 0.00317159784026444 0.00313515122979879 0.00300340121611953 0.00246633449569345 0.00270353117957711 0.0026375544257462 0.0026341313496232 0.00259935716167092 0.00258831260725856 0.00290804309770465 0.00279408320784569 0.00251512578688562 0.00280095054768026 0.00310588208958507 0.00324040278792381 0.00300287734717131 0.00332889892160892 0.0034114324953407 0.00348805799148977 0.00396301504224539 0.00415699416771531 0.00457619223743677 0.00480728084221482 0.00458999350667 0.00485541298985481 0.00536197796463966 0.00534924538806081 0.00563643779605627 0.00560373766347766 0.00536183454096317 0.00511327059939504 0.00559604167938232 0.00570090021938086 0.00612884620204568 0.00634446274489164 0.00648492993786931 0.00667987018823624 0.00704821012914181
0.00274676852859557 0.00288841919973493 0.00293485121801496 0.00307407043874264 0.00264841224998236 0.00295845954678953 0.00208880030550063 0.002198182977736 0.00266556208953261 0.0024326394777745 0.00236761500127614 0.0027940773870796 0.00266497652046382 0.00252005783841014 0.00259886495769024 0.00274468399584293 0.00255769956856966 0.00256638624705374 0.00286685139872134 0.00257216789759696 0.00278040557168424 0.00296056107617915 0.00301654753275216 0.0031704418361187 0.00303501565940678 0.00333000114187598 0.00360366073437035 0.00352991791442037 0.00365184294059873 0.00375441485084593 0.00420685531571507 0.00486830109730363 0.00476139457896352 0.00478491885587573 0.00517467875033617 0.00513077573850751 0.00528737064450979 0.00534707307815552 0.00561910402029753 0.00549675384536386 0.00577876064926386 0.00593327824026346 0.00616950914263725 0.0062055429443717 0.00695203710347414
0.00259021739475429 0.00283024623058736 0.00282900943420827 0.00298178405500948 0.00298927258700132 0.00314824376255274 0.00305773760192096 0.002497055567801 0.00229658605530858 0.00220850692130625 0.00189795752521604 0.00218550721183419 0.00268105301074684 0.00251512881368399 0.00237096985802054 0.00232833623886108 0.00231407349929214 0.00239723292179406 0.00267437915317714 0.00283550540916622 0.00300453021191061 0.00286170886829495 0.00289303273893893 0.00295130931772292 0.00314919161610305 0.00360353104770184 0.00350005109794438 0.00296948477625847 0.00327883497811854 0.00401738099753857 0.00438389787450433 0.00443566450849175 0.00433058617636561 0.00474914396181703 0.0046897241845727 0.00483926059678197 0.00526334811002016 0.0052632917650044 0.00534356571733952 0.00556974578648806 0.00559027539566159 0.00549031607806683 0.00572538282722235 0.00642889505252242 0.0065799979493022
0.00266840518452227 0.00275508686900139 0.00287873321212828 0.00289643066935241 0.00303430203348398 0.00299159856513143 0.00307980389334261 0.00299660582095385 0.0030160965397954 0.00313587114214897 0.00222163624130189 0.00177627941593528 0.00156331399921328 0.00175437063444406 0.00258989306166768 0.00254297466017306 0.00249759922735393 0.0024038259871304 0.00254827714525163 0.00246785557828844 0.00260284985415637 0.00266300118528306 0.00261845625936985 0.00295268534682691 0.00312543916516006 0.00290265446528792 0.0028403690084815 0.00302894879132509 0.00287128426134586 0.00322543689981103 0.00384452100843191 0.00418252963572741 0.00394011009484529 0.00431168591603637 0.00458458671346307 0.00490567227825522 0.00491643697023392 0.00491642346605659 0.00529057485982776 0.00545762572437525 0.00573844416067004 0.00572056137025356 0.00573318172246218 0.00623755948618054 0.00628483481705189
0.0026519913226366 0.00230563268996775 0.00266442517749965 0.00284927152097225 0.00287762796506286 0.00293787615373731 0.00302584143355489 0.00296001182869077 0.00302545051090419 0.00285525154322386 0.0029067425057292 0.00279415166005492 0.00187288515735418 0.00143259577453136 0.00160231802146882 0.00240578548982739 0.00254141609184444 0.00240233540534973 0.00257711741141975 0.00256050191819668 0.00290759257040918 0.00281935860402882 0.00296808406710625 0.00287304702214897 0.00235321768559515 0.00251790322363377 0.00307763461023569 0.0035405638627708 0.00338443089276552 0.00263743591494858 0.00338627956807613 0.00382248545065522 0.00413622474297881 0.00420614052563906 0.00394389219582081 0.00460894405841827 0.00453670555725694 0.00481627881526947 0.00486998865380883 0.00519287493079901 0.00539737939834595 0.0056325844489038 0.00569762056693435 0.00611799582839012 0.00634192302823067
0.00255660247057676 0.00259978231042624 0.00236381799913943 0.00271417293697596 0.00288626574911177 0.00283138686791062 0.00293038878589869 0.00291973887942731 0.00316346110776067 0.00292128254659474 0.00298916455358267 0.00303502357564867 0.00271572917699814 0.00259316107258201 0.00211314810439944 0.00125191174447536 0.00159535906277597 0.00244019576348364 0.00228630402125418 0.00235686963424087 0.00251892139203846 0.00255685485899448 0.00261372583918273 0.00287848128937185 0.0027729298453778 0.00324177788570523 0.00318885548040271 0.00337930652312934 0.00309474696405232 0.00281926547177136 0.00249070767313242 0.00365349045023322 0.00376319815404713 0.00379283213987947 0.00399507209658623 0.00438048131763935 0.00419829459860921 0.00420220987871289 0.00469339592382312 0.00477626034989953 0.00450405431911349 0.00452593481168151 0.00503240851685405 0.00565861584618688 0.00623178761452436
0.00249099102802575 0.00246350909583271 0.00250596762634814 0.00259823771193624 0.00253771501593292 0.00268587889149785 0.00300978217273951 0.00308407424017787 0.00304305250756443 0.0030525978654623 0.00301954871974885 0.00290880142711103 0.00286542484536767 0.00296548963524401 0.00269138719886541 0.00271659530699253 0.00168540934100747 0.00114292616490275 0.0021179486066103 0.00251656235195696 0.00259389984421432 0.00200279732234776 0.00218432769179344 0.00224728463217616 0.00273215374909341 0.00292772892862558 0.00296687288209796 0.0031078087631613 0.0031005518976599 0.00281335529871285 0.00233369646593928 0.00301327230408788 0.00344586349092424 0.00375931314192712 0.00364589085802436 0.00346575281582773 0.00379840331152081 0.00403598370030522 0.00374269881285727 0.00347567419521511 0.00371066411025822 0.00451006926596165 0.00518254702910781 0.00523309595882893 0.00610641948878765
0.00238915276713669 0.00235636439174414 0.00245477771386504 0.00228326418437064 0.00227239029482007 0.00253361836075783 0.0028038821183145 0.00295884325169027 0.00297751068137586 0.00313303712755442 0.00296918349340558 0.00309970346279442 0.00306469714269042 0.00311871594749391 0.00306816538795829 0.00302493944764137 0.00277382251806557 0.00218324223533273 0.0014018394285813 0.00116035481914878 0.00153496314305812 0.00213299691677094 0.00239803921431303 0.00242364499717951 0.00276915542781353 0.00236286944709718 0.00233092159032822 0.00245430134236813 0.00273010414093733 0.00304995314218104 0.00285939127206802 0.00326684233732522 0.00361901731230319 0.00332703930325806 0.00332662020809948 0.00328500079922378 0.00347684789448977 0.00331336515955627 0.00329008791595697 0.00404651928693056 0.00422929087653756 0.00368413096293807 0.00430613849312067 0.0050597651861608 0.00539795309305191
0.00223678234033287 0.00228404509834945 0.00252459803596139 0.00237705581821501 0.00227790279313922 0.00231602787971497 0.00270940340124071 0.0030501380097121 0.00310620130039752 0.00285588786937296 0.00317415152676404 0.00313615123741329 0.00322529720142484 0.00308122369460762 0.00315061490982771 0.00313908862881362 0.00309403869323432 0.0026986594311893 0.00288687204010785 0.002072689589113 0.00137234933208674 0.00121777120511979 0.0020696809515357 0.00241724378429353 0.00269176485016942 0.00221201730892062 0.00298989028669894 0.00273244106210768 0.00300113274715841 0.00315480842255056 0.0031268207821995 0.00289720902219415 0.00298797758296132 0.00295012979768217 0.00330208265222609 0.00325569487176836 0.00327586359344423 0.00343393906950951 0.00402080547064543 0.00401404313743114 0.00444983132183552 0.00424898322671652 0.00372216012328863 0.00401189783588052 0.00461071729660034
0.00228980090469122 0.00228987145237625 0.00227335351519287 0.00265059689991176 0.00239124754443765 0.00250373408198357 0.00242059258744121 0.00279016513377428 0.00317776412703097 0.00324534112587571 0.00326212728396058 0.00301475543528795 0.00317332637496293 0.00309278373606503 0.00306834746152163 0.00338478642515838 0.00322535610757768 0.00306627317331731 0.00245403125882149 0.00272760959342122 0.0024394120555371 0.00197064667008817 0.00189205654896796 0.00124260666780174 0.00195654947310686 0.00234634801745415 0.00216623535379767 0.00211591529659927 0.00257966690696776 0.00285857520066202 0.00243052328005433 0.00290436344221234 0.00300659076310694 0.00270755449309945 0.00274747377261519 0.00315894279628992 0.00301802507601678 0.00310468603856862 0.00307118520140648 0.00308962864801288 0.0033348212018609 0.00386100332252681 0.00422938913106918 0.00408652378246188 0.00317267328500748
