data/climate_estimation/maxent_output/Erythronium_multiscapideum.asc
NCOLS 122 
NROWS 52 
XLLCORNER -122.916666666667 
YLLCORNER 36.5 
CELLSIZE 0.0833333333333334 
NODATA_value -3.4e+38 
[rows 0 to 18 of 52, columns 0 to 41 of 122]
0.469197094440460 0.475784868001938 0.473565071821213 0.421257853507996 0.435566574335098 0.522177934646606 0.523798167705536 0.529381334781647 0.580686509609222 0.687819838523865 0.711102366447449 0.68158882856369 0.464227974414825 0.317548871040344 0.407318562269211 0.172505050897598 0.199920892715454 0.129085540771484 0.0642446652054787 0.0302647817879915 0.0170355532318354 0.0160010475665331 0.0113728446885943 0.00634751562029123 0.00524173071607947 0.0036645894870162 0.00325065385550261 0.00218260427936912 0.0018749637529254 0.00164332485292107 0.00165980006568134 0.00170252565294504 0.00147340819239616 0.0013495534658432 0.00132868287619203 0.00128482154104859 0.00122397649101913 0.00122346950229257 0.000896227546036243 0.000864424102474004 0.00202303542755544 0.00091838272055611
0.567665994167328 0.479698717594147 0.4909827709198 0.578418135643005 0.551032423973083 0.513535678386688 0.508438587188721 0.629004061222076 0.615009129047394 0.67039167881012 0.703446090221405 0.80046421289444 0.576408982276917 0.321984201669693 0.319192618131638 0.12915176153183 0.0982015207409859 0.181249499320984 0.0927314236760139 0.0466715097427368 0.0290001053363085 0.0156098334118724 0.0118318274617195 0.0104567483067513 0.00755881797522306 0.00528852688148618 0.00486889900639653 0.00240786490030587 0.00259527051821351 0.0020863376557827 0.00177555752452463 0.00129798799753189 0.00129324186127633 0.00161869660951197 0.00126961362548172 0.00122775591444224 0.00161433510947973 0.0016604793490842 0.000856952276080847 0.00115774653386325 0.00272585125640035 0.00259624770842493
0.550468802452087 0.461853235960007 0.493030339479446 0.551167786121368 0.482550740242004 0.584348261356354 0.562876343727112 0.575882136821747 0.691509306430817 0.743404924869537 0.752257168292999 0.808204650878906 0.79840624332428 0.550299048423767 0.256108969449997 0.165915355086327 0.176485821604729 0.219432398676872 0.0938499942421913 0.0650672391057014 0.0428668260574341 0.0308050252497196 0.0166186820715666 0.0113343000411987 0.00829197280108929 0.00797772500663996 0.00564810540527105 0.00369795714505017 0.00282689509913325 0.00280340015888214 0.00203214888460934 0.00181226851418614 0.00181880022864789 0.00166738545522094 0.00163469417020679 0.00167161226272583 0.00159351748879999 0.00215158401988447 0.00288087758235633 0.00292814406566322 0.00283082644455135 0.00275616371072829
0.51784086227417 0.328273683786392 0.459605664014816 0.517985641956329 0.560089349746704 0.55652642250061 0.657504975795746 0.647429227828979 0.678518533706665 0.708885252475739 0.769650399684906 0.822455823421478 0.749632835388184 0.548919498920441 0.53150075674057 0.338411122560501 0.130286201834679 0.10951916128397 0.0637766569852829 0.0643258094787598 0.0384258255362511 0.0334311947226524 0.0288666766136885 0.0201417040079832 0.0143800163641572 0.0113604655489326 0.00511685712262988 0.00534675130620599 0.00318241934292018 0.00327872135676444 0.00289320596493781 0.00275972182862461 0.0024084635078907 0.00178736739326268 0.00172617938369513 0.00173371110577136 0.00238194619305432 0.0030404485296458 0.00317515688948333 0.0028871854301542 0.00150698982179165 0.00264388578943908
0.511472761631012 0.589473962783813 0.623198390007019 0.602995336055756 0.618059039115906 0.65285587310791 0.636110842227936 0.754306554794312 0.741335868835449 0.772840261459351 0.832206249237061 0.873333632946014 0.803748607635498 0.701725780963898 0.522995173931122 0.219146251678467 0.0634517595171928 0.0866316184401512 0.119435228407383 0.0697729364037514 0.0560276657342911 0.0490381978452206 0.0443660952150822 0.0298197455704212 0.0198205951601267 0.0115696722641587 0.00816450454294682 0.00732226530089974 0.0047960327938199 0.00381026626564562 0.0025294276420027 0.00300728413276374 0.00273208227008581 0.00195487402379513 0.00174421223346144 0.00128524284809828 0.00238604471087456 0.00318603403866291 0.00311083626002073 0.00215001567266881 0.00112649344373494 0.00264819362200797
0.624722957611084 0.702066361904144 0.69257777929306 0.598057210445404 0.712402105331421 0.705481708049774 0.674694538116455 0.595733404159546 0.480994910001755 0.492687314748764 0.636580169200897 0.765828847885132 0.783552885055542 0.834595799446106 0.520301997661591 0.28277575969696 0.29267418384552 0.289970904588699 0.2817522585392 0.250866204500198 0.189954742789268 0.143936350941658 0.100491486489773 0.0620116479694843 0.0284984726458788 0.0221104491502047 0.0143395755439997 0.0113246012479067 0.00690702255815268 0.00595726165920496 0.00553011056035757 0.00466389022767544 0.00292598828673363 0.0013658624375239 0.00148708501365036 0.0013671355554834 0.00237212073989213 0.00339900050312281 0.0030892298091203 0.0011792421573773 0.00115514267235994 0.00261575123295188
0.600728452205658 0.67922168970108 0.699990451335907 0.675114095211029 0.664344429969788 0.600728690624237 0.497131109237671 0.467859864234924 0.312152832746506 0.447925060987473 0.567375481128693 0.795224726200104 0.830779194831848 0.783593475818634 0.602276861667633 0.253477483987808 0.356316775083542 0.363404959440231 0.357581466436386 0.308113187551498 0.349912583827972 0.274604290723801 0.209828764200211 0.149254858493805 0.0514716170728207 0.0298165567219257 0.0153492074459791 0.00962708797305822 0.00920139160007238 0.00830943044275045 0.00666744029149413 0.00574960093945265 0.00489261886104941 0.00227404898032546 0.00200895662419498 0.00180282804649323 0.00235892599448562 0.00316210556775331 0.00319229997694492 0.00212171138264239 0.00150359538383782 0.00141276756767184
0.30864080786705 0.765074551105499 0.655062615871429 0.64837121963501 0.504202902317047 0.516501426696777 0.322591185569763 0.192896023392677 0.15977244079113 0.250397652387619 0.531259655952454 0.755328297615051 0.907143115997314 0.89670318365097 0.740920305252075 0.670674800872803 0.551831662654877 0.338942974805832 0.256889045238495 0.383973032236099 0.376247078180313 0.363742470741272 0.274967342615128 0.177962586283684 0.110658638179302 0.066930927336216 0.0290825180709362 0.0147430431097746 0.00815953128039837 0.00665732426568866 0.00863195862621069 0.00653387326747179 0.00399356568232179 0.00357908639125526 0.00295952754095197 0.00293309101834893 0.00254252902232111 0.00250821956433356 0.00229311571456492 0.00293808779679239 0.00286090560257435 0.000823370937723666
0.302002042531967 0.525781989097595 0.748997688293457 0.684384942054749 0.473123043775558 0.268183439970016 0.185732319951057 0.110210731625557 0.138646528124809 0.184010416269302 0.335389852523804 0.716435074806213 0.866874754428864 0.888487040996552 0.820066392421722 0.763029932975769 0.622797548770905 0.330138862133026 0.261812120676041 0.376387119293213 0.450334519147873 0.458551675081253 0.292312532663345 0.374115705490112 0.379922956228256 0.201971292495728 0.035507433116436 0.0219027195125818 0.0119260419160128 0.00641728704795241 0.00449679465964437 0.0051038833335042 0.00444316957145929 0.00372571800835431 0.00327074923552573 0.00318670179694891 0.0028193776961416 0.00180464261211455 0.00313616590574384 0.00305089890025556 0.00286767189390957 0.00112680206075311
0.0789569243788719 0.21269091963768 0.566708981990814 0.619274795055389 0.339906811714172 0.1955536454916 0.124184437096119 0.127492472529411 0.135647594928741 0.166672199964523 0.258584052324295 0.614656925201416 0.867974519729614 0.876473128795624 0.882234513759613 0.812555313110352 0.583758413791656 0.370045274496078 0.31959855556488 0.479897946119308 0.611412048339844 0.487486332654953 0.476697564125061 0.401865750551224 0.292217344045639 0.187981456518173 0.164428099989891 0.0394788794219494 0.0190182104706764 0.00897039007395506 0.00533020589500666 0.00411254866048694 0.00239835097454488 0.0028542336076498 0.00198202719911933 0.00184736377559602 0.00158991757780313 0.00104889634530991 0.00152125954627991 0.00335694197565317 0.00301195727661252 0.00145907804835588
0.323408275842667 0.195356667041779 0.400421470403671 0.647111773490906 0.237968131899834 0.147657409310341 0.0975914746522903 0.118070013821125 0.130383908748627 0.150409460067749 0.237581506371498 0.390002012252808 0.891670167446136 0.923027634620667 0.880878925323486 0.847698450088501 0.678134262561798 0.453046232461929 0.46657133102417 0.719519734382629 0.300457447767258 0.382040619850159 0.574821949005127 0.514050662517548 0.41526734828949 0.224140971899033 0.115724988281727 0.0621793195605278 0.0305117424577475 0.0157915856689215 0.00793629139661789 0.00531659182161093 0.00291519961319864 0.0026664063334465 0.00304619828239083 0.00215300591662526 0.00146953458897769 0.0011199057335034 0.000963857513852417 0.00222229701466858 0.003015291178599 0.0019792728126049
0.352526843547821 0.440556436777115 0.707461178302765 0.450484603643417 0.168946102261543 0.114734016358852 0.0802177861332893 0.113192349672318 0.123569436371326 0.170377358794212 0.21801184117794 0.330795705318451 0.62771874666214 0.907113552093506 0.929080665111542 0.910913586616516 0.840461790561676 0.679381549358368 0.824431359767914 0.583632230758667 0.483863353729248 0.372159272432327 0.462677150964737 0.384738743305206 0.393702954053879 0.319609075784683 0.310906916856766 0.117045179009438 0.0455150827765465 0.0247505772858858 0.00927461311221123 0.00560317886993289 0.00342634157277644 0.00242950953543186 0.00250652409158647 0.00225541926920414 0.00143550371285528 0.00145367800723761 0.00217752088792622 0.00152605446055532 0.00214193086139858 0.00276122707873583
0.292216539382935 0.586862623691559 0.587583363056183 0.708334743976593 0.174170225858688 0.14491605758667 0.10608796775341 0.106982596218586 0.140795156359673 0.161000549793243 0.206116735935211 0.303012490272522 0.480429619550705 0.82273131608963 0.888138830661774 0.923848807811737 0.921392202377319 0.874284744262695 0.745348274707794 0.642519295215607 0.568745017051697 0.601822435855865 0.494829058647156 0.395694047212601 0.232932314276695 0.235304519534111 0.254741221666336 0.249601617455482 0.112702861428261 0.0316496975719929 0.0144294044002891 0.00791073311120272 0.00389584992080927 0.00316672725602984 0.00234649842604995 0.00191993045154959 0.00148345052730292 0.00151123350951821 0.00202811858616769 0.00210100528784096 0.00115842546802014 0.000739793933462352
0.122652038931847 0.295125842094421 0.753930687904358 0.742335081100464 0.161901757121086 0.137457475066185 0.113481909036636 0.109125338494778 0.127672761678696 0.146457433700562 0.200195282697678 0.263726830482483 0.410420596599579 0.627221405506134 0.857704639434814 0.892518281936646 0.910098552703857 0.913533091545105 0.89911824464798 0.832685351371765 0.768656015396118 0.545150458812714 0.49020916223526 0.412673741579056 0.313673675060272 0.234492897987366 0.179735288023949 0.187711030244827 0.178110256791115 0.0755175575613976 0.0248942077159882 0.0113768083974719 0.00574046699330211 0.00456103915348649 0.00293528707697988 0.00190273078624159 0.00157627102453262 0.00143560767173767 0.00192584458272904 0.00147302355617285 0.00139567838050425 0.000757459900341928
0.246158346533775 0.23089624941349 0.49777415394783 0.576286017894745 0.139548987150192 0.114929638803005 0.0911695882678032 0.0883381068706512 0.104618221521378 0.127380609512329 0.16473513841629 0.231191009283066 0.33312314748764 0.497375041246414 0.650957047939301 0.820078134536743 0.886992335319519 0.914761304855347 0.899576663970947 0.904876172542572 0.700760185718536 0.730439782142639 0.556082725524902 0.519647359848022 0.440346449613571 0.470830082893372 0.188083276152611 0.131522685289383 0.0971542969346046 0.10934916883707 0.0478133261203766 0.0221762228757143 0.00806054566055536 0.00700227916240692 0.00290209427475929 0.00201058783568442 0.00185386708471924 0.00187868694774806 0.00191212713252753 0.0014438577927649 0.00116280291695148 0.00089086644584313
0.355607599020004 0.383140355348587 0.39219143986702 0.732620775699615 0.146693184971809 0.101510941982269 0.0882831588387489 0.0867973044514656 0.0845174491405487 0.0981937721371651 0.127616450190544 0.161239370703697 0.25361368060112 0.339243918657303 0.5041224360466 0.726598978042603 0.856476485729218 0.89562976360321 0.906866610050201 0.899053573608398 0.820217370986938 0.739082932472229 0.714951455593109 0.664657294750214 0.583231210708618 0.507733047008514 0.283342450857162 0.189141765236855 0.130291521549225 0.0659297481179237 0.098232127726078 0.0464978441596031 0.0226162578910589 0.0096885534003377 0.00441673863679171 0.00290376087650657 0.00229221442714334 0.00188887387048453 0.00182071526069194 0.00139654707163572 0.00138047419022769 0.00126244104467332
0.629146575927734 0.315197646617889 0.343898057937622 0.723751246929169 0.15770797431469 0.16144897043705 0.0767621770501137 0.0716864243149757 0.0728804916143417 0.0816776901483536 0.0930499359965324 0.119161151349545 0.170174911618233 0.246438980102539 0.365157008171082 0.508473336696625 0.699900209903717 0.849148094654083 0.90852028131485 0.880701243877411 0.86157363653183 0.90196692943573 0.752457499504089 0.650107979774475 0.596161305904388 0.525091350078583 0.37262225151062 0.181029036641121 0.124612532556057 0.0661534816026688 0.0670498684048653 0.0617719888687134 0.0293308272957802 0.00951705779880285 0.00544436322525144 0.00412464234977961 0.00243190256878734 0.00230084196664393 0.00202486896887422 0.00146478705573827 0.00112980871926993 0.000904640066437423
0.635737061500549 0.184062376618385 0.369733929634094 0.630564570426941 0.173178374767303 0.189133867621422 0.0853212103247643 0.0713889747858047 0.0579058825969696 0.0617180317640305 0.0680423304438591 0.0890991315245628 0.128043964505196 0.188512399792671 0.256698250770569 0.379062563180923 0.545830070972443 0.808256149291992 0.865079641342163 0.906320631504059 0.891275882720947 0.90547251701355 0.885528564453125 0.778805494308472 0.641252994537354 0.568875968456268 0.521022260189056 0.23599673807621 0.119094930589199 0.0892171040177345 0.0489434972405434 0.0650628209114075 0.0546609051525593 0.0131263388320804 0.00872129015624523 0.00616897642612457 0.00369992386549711 0.00203083828091621 0.00180735322646797 0.0015413302462548 0.00130300270393491 0.00133149675093591
0.535048723220825 0.493253767490387 0.31486114859581 0.732251763343811 0.447323739528656 0.254776686429977 0.108298823237419 0.0663786232471466 0.0511091984808445 0.0528145357966423 0.0522591695189476 0.0652772486209869 0.0823719799518585 0.138560995459557 0.173196092247963 0.251755446195602 0.376879960298538 0.573989450931549 0.809312105178833 0.886199295520782 0.893301248550415 0.902865350246429 0.876302421092987 0.690581798553467 0.667174875736237 0.586158156394958 0.518189966678619 0.347853928804398 0.162644535303116 0.116337358951569 0.0898883566260338 0.0662324726581573 0.0811143666505814 0.0344234481453896 0.0166110768914223 0.00873774196952581 0.00426417170092463 0.00194916315376759 0.00165591493714601 0.00126534537412226 0.00170360109768808 0.00175601418595761
