data/climate_estimation/maxent_output/Erythronium_hendersonii.asc
NCOLS 22 
NROWS 45 
XLLCORNER -124.166666666667 
YLLCORNER 39 
CELLSIZE 0.0833333333333331 
NODATA_value -3.4e+38 
0.155058532953262 0.370054811239243 0.420537024736404 0.641670227050781 0.693941950798035 0.711375594139099 0.754401922225952 0.838299334049225 0.874394059181213 0.874507069587708 0.844169735908508 0.753953993320465 0.797060012817383 0.805391728878021 0.831460773944855 0.852408647537231 0.86346423625946 0.891229331493378 0.78622704744339 0.789114713668823 0.793538987636566 0.729777336120605
0.230609983205795 0.509144842624664 0.434398233890533 0.341430276632309 0.509305119514465 0.828066110610962 0.844227313995361 0.837760031223297 0.85516893863678 0.881833851337433 0.901362776756287 0.866083323955536 0.896583557128906 0.913314521312714 0.921123921871185 0.935181677341461 0.935815513134003 0.883169412612915 0.891575634479523 0.803228974342346 0.87343418598175 0.755245745182037
0.318169236183167 0.4909388422966 0.429973304271698 0.477141737937927 0.526754319667816 0.725128352642059 0.824887096881866 0.848314821720123 0.83771687746048 0.850077092647552 0.906484544277191 0.917543709278107 0.927768290042877 0.955375373363495 0.918807029724121 0.818294942378998 0.854278266429901 0.946101725101471 0.883040487766266 0.891570448875427 0.864850163459778 0.824316442012787
0.216459989547729 0.376273155212402 0.572500705718994 0.630987465381622 0.683959424495697 0.73378711938858 0.834304332733154 0.86019492149353 0.788669228553772 0.781982660293579 0.880158364772797 0.923136711120605 0.904391884803772 0.88507604598999 0.691701829433441 0.613009691238403 0.622975766658783 0.824174106121063 0.930515170097351 0.871147155761719 0.850010216236115 0.826675772666931
0.216977059841156 0.377915054559708 0.55582720041275 0.647866904735565 0.798614621162415 0.825235307216644 0.854483246803284 0.869488894939423 0.818502068519592 0.758010029792786 0.888163805007935 0.922473430633545 0.909921288490295 0.953845322132111 0.76037335395813 0.383318930864334 0.900753915309906 0.9339280128479 0.930145859718323 0.918660342693329 0.810012876987457 0.806731224060059
0.282294124364853 0.467403590679169 0.572291195392609 0.618673741817474 0.7902792096138 0.830166876316071 0.868601977825165 0.899001836776733 0.881536900997162 0.903256475925446 0.884480357170105 0.835112571716309 0.935620903968811 0.949190258979797 0.943136632442474 0.704657733440399 0.848988592624664 0.930594682693481 0.865064799785614 0.852918744087219 0.811272323131561 0.787183165550232
0.259819835424423 0.472197592258453 0.427684098482132 0.625112771987915 0.668842554092407 0.849984228610992 0.894110023975372 0.888369560241699 0.878233551979065 0.894435942173004 0.871859967708588 0.91227251291275 0.934191048145294 0.902494668960571 0.951247692108154 0.934356331825256 0.909605205059052 0.865458071231842 0.887542545795441 0.812156319618225 0.726403176784515 0.763604044914246
0.254737287759781 0.452827662229538 0.521751761436462 0.600521564483643 0.69159197807312 0.839247822761536 0.845011472702026 0.896369397640228 0.901888728141785 0.819529294967651 0.729893565177917 0.930711686611176 0.940583288669586 0.926455497741699 0.93700897693634 0.912441730499268 0.734418869018555 0.865253329277039 0.870149970054626 0.819170951843262 0.763415515422821 0.784856617450714
0.207595318555832 0.414305597543716 0.53845626115799 0.632009446620941 0.7576984167099 0.836562871932983 0.87230920791626 0.881682753562927 0.804637253284454 0.66671895980835 0.698925316333771 0.878714203834534 0.916474223136902 0.909234285354614 0.811837077140808 0.514146208763123 0.708632409572601 0.856523990631104 0.842174112796783 0.849317669868469 0.828304290771484 0.784829497337341
0.191987574100494 0.405082613229752 0.531885027885437 0.696479618549347 0.776932656764984 0.85086852312088 0.772080540657043 0.78532350063324 0.831654369831085 0.847890913486481 0.728580832481384 0.881355881690979 0.880759239196777 0.783707022666931 0.647881209850311 0.834458768367767 0.862727403640747 0.877077341079712 0.765837669372559 0.694570899009705 0.567496538162231 0.518025875091553
0.155888989567757 0.393691658973694 0.474414795637131 0.674821376800537 0.762334525585175 0.727818787097931 0.453013271093369 0.819421350955963 0.903046429157257 0.907219588756561 0.91992175579071 0.93857330083847 0.890370726585388 0.870600938796997 0.90404212474823 0.830844163894653 0.777561902999878 0.768003761768341 0.780836582183838 0.58245986700058 0.443908542394638 0.5052410364151
0.124741517007351 0.318817943334579 0.554323554039001 0.67592465877533 0.647716224193573 0.687557399272919 0.748473882675171 0.801197469234467 0.912905871868134 0.706596374511719 0.892735183238983 0.929341375827789 0.925950288772583 0.71843022108078 0.813696384429932 0.801930904388428 0.769283890724182 0.684839963912964 0.549368023872375 0.484598398208618 0.451650261878967 0.485758602619171
0.192909687757492 0.324873387813568 0.518603503704071 0.63251143693924 0.731700539588928 0.687481045722961 0.77594518661499 0.917096197605133 0.91261237859726 0.921683073043823 0.932385206222534 0.742085516452789 0.887137770652771 0.910490691661835 0.895545661449432 0.857163548469543 0.860329866409302 0.754842877388 0.366254836320877 0.316092103719711 0.463056117296219 0.570527017116547
0.176402688026428 0.271216720342636 0.521487951278687 0.648252487182617 0.735280215740204 0.652403712272644 0.875449657440186 0.920564830303192 0.920135736465454 0.917709350585938 0.869439840316772 0.518152296543121 0.899719834327698 0.910554826259613 0.645984172821045 0.544995903968811 0.704347014427185 0.768662929534912 0.784459948539734 0.50482565164566 0.428342372179031 0.555175185203552
0.140128940343857 0.240023359656334 0.438070058822632 0.647114276885986 0.706432700157166 0.695632219314575 0.867845475673676 0.900624632835388 0.922577023506165 0.664358258247375 0.704586267471313 0.709222495555878 0.54265820980072 0.762381434440613 0.73555201292038 0.403891146183014 0.741358935832977 0.829517364501953 0.812293171882629 0.594378769397736 0.479272305965424 0.643925547599792
-3.4e+38 0.26606884598732 0.386498153209686 0.554743528366089 0.706876158714294 0.815657079219818 0.848682522773743 0.901384174823761 0.924410998821259 0.930409371852875 0.932615637779236 0.726403295993805 0.744610369205475 0.733627736568451 0.903297662734985 0.515604376792908 0.761740148067474 0.900176107883453 0.870387434959412 0.856680810451508 0.775569498538971 0.769971609115601
-3.4e+38 0.22014145553112 0.378466248512268 0.536764085292816 0.702294170856476 0.766948163509369 0.845284402370453 0.837279796600342 0.810629487037659 0.944125592708588 0.681376934051514 0.844640016555786 0.934426546096802 0.879544317722321 0.740889847278595 0.777134239673615 0.841557145118713 0.879959464073181 0.813140988349915 0.512960910797119 0.84289687871933 0.870825588703156
0.128288075327873 0.222209244966507 0.401501357555389 0.43875727057457 0.675685346126556 0.778842687606812 0.791678845882416 0.688618063926697 0.90358179807663 0.876901090145111 0.94190514087677 0.94654655456543 0.952995955944061 0.893428802490234 0.552046477794647 0.910947918891907 0.892946839332581 0.908745408058167 0.814113199710846 0.675396978855133 0.679467737674713 0.902647078037262
0.139969438314438 0.261555224657059 0.344661563634872 0.475352972745895 0.586962640285492 0.692446768283844 0.776950180530548 0.840262830257416 0.886333346366882 0.900888383388519 0.868402659893036 0.873397588729858 0.936876058578491 0.940106511116028 0.587846755981445 0.722014129161835 0.575996994972229 0.906176328659058 0.909039258956909 0.794785439968109 0.826298296451569 0.935002326965332
0.116254821419716 0.212138503789902 0.352538079023361 0.463866472244263 0.593555212020874 0.605716824531555 0.763157844543457 0.852964043617249 0.852413237094879 0.890875339508057 0.899093806743622 0.926040351390839 0.920778334140778 0.945079803466797 0.710082113742828 0.868838489055634 0.906404316425323 0.917775690555573 0.92695951461792 0.93481707572937 0.834272265434265 0.937394976615906
0.114653505384922 0.14271879196167 0.329054534435272 0.372302711009979 0.563325762748718 0.591014206409454 0.690204262733459 0.804877042770386 0.824616491794586 0.908139705657959 0.89793998003006 0.896884441375732 0.915024638175964 0.833702623844147 0.728783547878265 0.560612738132477 0.893826067447662 0.72650808095932 0.908085107803345 0.966854274272919 0.967735350131989 0.361279010772705
0.0707681030035019 0.123090542852879 0.271158367395401 0.377425462007523 0.558617889881134 0.667972683906555 0.671572804450989 0.809415936470032 0.857495963573456 0.867631494998932 0.900540828704834 0.820712983608246 0.919929146766663 0.504274189472198 0.855660974979401 0.553566992282867 0.953961908817291 0.552913904190063 0.847895324230194 0.957805991172791 0.23113876581192 0.21046844124794
0.042477160692215 0.0894818976521492 0.17919947206974 0.388731986284256 0.478238582611084 0.621519923210144 0.671698093414307 0.680564045906067 0.755028009414673 0.830868482589722 0.885794162750244 0.889242827892303 0.821950793266296 0.923654198646545 0.936942756175995 0.946257710456848 0.450847864151001 0.624436974525452 0.925354480743408 0.91912442445755 0.295186579227448 0.0571266040205956
0.0429988838732243 0.11171492934227 0.199096769094467 0.28067210316658 0.54230409860611 0.580639839172363 0.682504177093506 0.734953045845032 0.748691201210022 0.75862717628479 0.706743836402893 0.847365617752075 0.285918265581131 0.79865026473999 0.92660516500473 0.575647115707397 0.366996288299561 0.807283699512482 0.558815181255341 0.684729695320129 0.288124263286591 0.0330553539097309
0.060895498842001 0.116611607372761 0.292513936758041 0.297577053308487 0.4903404712677 0.547946751117706 0.57909095287323 0.7118159532547 0.766799032688141 0.786577165126801 0.835092127323151 0.774715185165405 0.846022248268127 0.253350466489792 0.296742647886276 0.224762722849846 0.373410999774933 0.672132670879364 0.198337942361832 0.524959743022919 0.0562337636947632 0.0268682613968849
0.0753590688109398 0.160963371396065 0.223920688033104 0.304412841796875 0.405211329460144 0.51235020160675 0.613408744335175 0.669920742511749 0.550743877887726 0.738637030124664 0.745449483394623 0.808689713478088 0.830489099025726 0.687424838542938 0.205019935965538 0.409263670444489 0.76905632019043 0.810636878013611 0.319557696580887 0.0653572529554367 0.0170786157250404 0.0125906029716134
0.050437368452549 0.0909733772277832 0.16975300014019 0.301778614521027 0.381819248199463 0.496850878000259 0.570732653141022 0.669502377510071 0.696959495544434 0.781634747982025 0.700528919696808 0.451298534870148 0.641354501247406 0.772575557231903 0.716181635856628 0.731770932674408 0.89374977350235 0.849697053432465 0.481940388679504 0.0389844849705696 0.0168080423027277 0.00876263342797756
0.0973050072789192 0.105400495231152 0.151900202035904 0.244238212704659 0.310650914907455 0.43195116519928 0.52502053976059 0.575219035148621 0.617497444152832 0.685554504394531 0.692729353904724 0.71461683511734 0.625439584255219 0.768690526485443 0.8377725481987 0.665016710758209 0.298835277557373 0.0739420503377914 0.0191532783210278 0.0140943201258779 0.0115166623145342 0.00910691265016794
0.122023984789848 0.163811177015305 0.16936057806015 0.244129121303558 0.307360947132111 0.437934100627899 0.525634527206421 0.519320011138916 0.544102489948273 0.658087372779846 0.622057676315308 0.717941343784332 0.704706430435181 0.750339388847351 0.608487963676453 0.142011910676956 0.0320376455783844 0.0180096328258514 0.0152706885710359 0.00903775356709957 0.00723320012912154 0.00602505914866924
0.111076667904854 0.161341488361359 0.224648132920265 0.251091182231903 0.328728973865509 0.382591545581818 0.487670123577118 0.555849254131317 0.587208688259125 0.554197251796722 0.637092530727386 0.611920535564423 0.714226186275482 0.70606404542923 0.670551896095276 0.394774675369263 0.0414002947509289 0.0202225111424923 0.0131098488345742 0.00913740321993828 0.00740974862128496 0.00647510169073939
0.10452264547348 0.118184387683868 0.224228039383888 0.259293973445892 0.330386430025101 0.354990869760513 0.255433797836304 0.529274046421051 0.477242946624756 0.586430549621582 0.573320686817169 0.604166209697723 0.618406653404236 0.7081658244133 0.864092648029327 0.786563992500305 0.10399803519249 0.0244252253323793 0.0158025603741407 0.00913142412900925 0.00624723732471466 0.00475813308730721
0.107493452727795 0.155385300517082 0.179524093866348 0.261880695819855 0.33948290348053 0.378206163644791 0.362515777349472 0.392293781042099 0.529655396938324 0.458503425121307 0.593374669551849 0.592335224151611 0.660619258880615 0.74316394329071 0.810190320014954 0.774221479892731 0.732309222221375 0.0550697930157185 0.0163986254483461 0.00815104506909847 0.00569495745003223 0.00480826292186975
-3.4e+38 0.136599257588387 0.163618460297585 0.235209792852402 0.307879120111465 0.33036333322525 0.35722029209137 0.311425060033798 0.424752324819565 0.453508943319321 0.443503379821777 0.579659104347229 0.657604098320007 0.723080396652222 0.803828060626984 0.846384525299072 0.751865565776825 0.759487748146057 0.0200139693915844 0.00892451126128435 0.00674988841637969 0.0054534156806767
-3.4e+38 0.148481339216232 0.181463316082954 0.199893847107887 0.259018421173096 0.277200281620026 0.350454390048981 0.348733574151993 0.32945528626442 0.312250256538391 0.467218995094299 0.571118235588074 0.618146479129791 0.634665668010712 0.693032503128052 0.674737095832825 0.745695292949677 0.733801126480103 0.0374586321413517 0.00925813335925341 0.00782831571996212 0.00655590882524848
-3.4e+38 -3.4e+38 0.145986378192902 0.206785783171654 0.262609452009201 0.296783775091171 0.334044605493546 0.360710918903351 0.351199805736542 0.385613203048706 0.433865815401077 0.435939371585846 0.499443113803864 0.536269843578339 0.664961397647858 0.679421722888947 0.725176930427551 0.51747190952301 0.0223347190767527 0.00946713145822287 0.00880072452127934 0.00812227930873632
-3.4e+38 -3.4e+38 -3.4e+38 0.139809250831604 0.203050717711449 0.254108160734177 0.234780892729759 0.264013320207596 0.307206004858017 0.357990860939026 0.301869064569473 0.103455722332001 0.185199871659279 0.457231730222702 0.648298561573029 0.656340003013611 0.628155410289764 0.638706505298615 0.0420804470777512 0.0081349927932024 0.00824483018368483 0.00803570356220007
-339999999999999996123846586046231871488.000000000000000 -3.4e+38 -3.4e+38 -3.4e+38 0.117910519242287 0.202913329005241 0.192450597882271 0.239635676145554 0.28818690776825 0.32854101061821 0.311052888631821 0.157665029168129 0.172486826777458 0.5776646733284 0.629796326160431 0.642732501029968 0.671328842639923 0.090716615319252 0.0592091679573059 0.00919450167566538 0.00994033645838499 0.0104808518663049
-3.4e+38 -3.4e+38 -3.4e+38 -3.4e+38 0.0790911093354225 0.110996343195438 0.155377134680748 0.201206609606743 0.232354760169983 0.281576335430145 0.345136404037476 0.405630111694336 0.166995763778687 0.488518267869949 0.616286158561707 0.633159756660461 0.634676158428192 0.600663602352142 0.0361343771219254 0.00901870895177126 0.0098093431442976 0.0118135362863541
-3.4e+38 -3.4e+38 -3.4e+38 -3.4e+38 0.041022352874279 0.0709323883056641 0.105961129069328 0.160172820091248 0.211822375655174 0.254591464996338 0.239327490329742 0.373475074768066 0.411497384309769 0.473939388990402 0.518077552318573 0.539849102497101 0.565730273723602 0.602767467498779 0.0856491327285767 0.0114254495128989 0.0112064946442842 0.0154233267530799
-3.4e+38 -3.4e+38 -3.4e+38 -3.4e+38 0.0276067368686199 0.0500199869275093 0.0887960642576218 0.116016454994678 0.164062410593033 0.16238959133625 0.218185499310493 0.200330346822739 0.298276007175446 0.433009564876556 0.193840771913528 0.283448725938797 0.539903998374939 0.581473231315613 0.0756783559918404 0.0104554248973727 0.0120909595862031 0.0112141706049442
-3.4e+38 -3.4e+38 -3.4e+38 -3.4e+38 0.0346386209130287 0.0473024062812328 0.0732819512486458 0.102234244346619 0.142958998680115 0.143579170107841 0.186854973435402 0.192568361759186 0.130232691764832 0.275932103395462 0.221651956439018 0.174867793917656 0.585061371326447 0.580999195575714 0.0492149665951729 0.0131199443712831 0.0143190203234553 0.0117583004757762
-3.4e+38 -3.4e+38 -3.4e+38 -3.4e+38 0.0329525656998158 0.0346305854618549 0.0553360432386398 0.0856253728270531 0.127429693937302 0.13264973461628 0.178181901574135 0.098688580095768 0.082643024623394 0.151969850063324 0.345340222120285 0.29046505689621 0.393083453178406 0.552677154541016 0.189455509185791 0.0260933376848698 0.0172840226441622 0.0119741577655077
-3.4e+38 -3.4e+38 -3.4e+38 -3.4e+38 0.0303407404571772 0.0324168093502522 0.0500198751688004 0.0763070359826088 0.116597577929497 0.130593940615654 0.17812117934227 0.0828944891691208 0.143719419836998 0.173200592398643 0.124487116932869 0.195159748196602 0.395560890436172 0.274485677480698 0.196641802787781 0.0885706394910812 0.0203979089856148 0.013783129863441
-3.4e+38 -3.4e+38 -3.4e+38 -3.4e+38 -3.4e+38 0.0350603424012661 0.0492117740213871 0.0633273273706436 0.104502394795418 0.128940925002098 0.170401200652122 0.103552408516407 0.162700578570366 0.255467712879181 0.0640519708395004 0.0423118807375431 0.234734356403351 0.181810960173607 0.115940593183041 0.0326389297842979 0.040444053709507 0.0130183044821024
-3.4e+38 -3.4e+38 -3.4e+38 -3.4e+38 -3.4e+38 0.0281158145517111 0.0475408397614956 0.0691868737339973 0.0874196514487267 0.10348804295063 0.151974350214005 0.170570760965347 0.112162619829178 0.282919317483902 0.0681632235646248 0.0327407084405422 0.037285353988409 0.0552440695464611 0.0347583033144474 0.0268408264964819 0.0494852624833584 0.0196598488837481
