data/climate_estimation/maxent_output/Erythronium_purpurascens.asc
NCOLS 39 
NROWS 34 
XLLCORNER -123.666666666667 
YLLCORNER 38.5 
CELLSIZE 0.0833333333333333 
NODATA_value -3.4e+38 
[rows 0 to 21 of 34, columns 0 to 38 of 39]
0.470198035240173 0.485527843236923 0.510785639286041 0.677861571311951 0.683575749397278 0.760868430137634 0.64604514837265 0.577856242656708 0.41502982378006 0.304205477237701 0.220996022224426 0.313760608434677 0.367966264486313 0.370257169008255 0.384994387626648 0.545423805713654 0.752708673477173 0.418895721435547 0.772135734558105 0.775097131729126 0.757887363433838 0.380057662725449 0.162097662687302 0.102575168013573 0.0785937756299973 0.0471209436655045 0.0348585657775402 0.0254157185554504 0.0174424517899752 0.015462962910533 0.0135838873684406 0.0149182844907045 0.0103313494473696 0.0107331918552518 0.0123907839879394 0.00754517177119851 0.00714954454451799 0.00444155652076006 0.00478170765563846
0.480334430932999 0.558144092559814 0.504697144031525 0.550622880458832 0.703117072582245 0.643050730228424 0.696628034114838 0.646957635879517 0.438621610403061 0.527781903743744 0.45214718580246 0.511966466903687 0.328971683979034 0.46976238489151 0.435256898403168 0.563596069812775 0.652680039405823 0.724738717079163 0.645740687847137 0.711900949478149 0.679560244083405 0.418397188186646 0.280860275030136 0.22085277736187 0.145187020301819 0.0668525919318199 0.0479295402765274 0.0331827588379383 0.0241081640124321 0.019118145108223 0.014593449421227 0.0131487064063549 0.0110500529408455 0.00819381698966026 0.0119282174855471 0.0113212373107672 0.00863169692456722 0.00525850523263216 0.0049085128121078
0.463845103979111 0.435796439647675 0.470650374889374 0.542585134506226 0.575459539890289 0.712530612945557 0.744690656661987 0.678034603595734 0.489809930324554 0.637258648872375 0.564718544483185 0.452824592590332 0.530989646911621 0.574457585811615 0.543776273727417 0.659966945648193 0.689534723758698 0.737307786941528 0.696439027786255 0.801623582839966 0.7918461561203 0.778779149055481 0.506529271602631 0.306700646877289 0.210278317332268 0.08864376693964 0.0515617914497852 0.0343478061258793 0.0327422320842743 0.021486584097147 0.0174490232020617 0.0144708910956979 0.0125559885054827 0.00974410120397806 0.00867744535207748 0.00928436871618032 0.00776111939921975 0.00748807890340686 0.00673734769225121
0.459025114774704 0.546455919742584 0.430781185626984 0.607025265693665 0.654730975627899 0.598361611366272 0.650255680084229 0.547089815139771 0.504719972610474 0.414485245943069 0.684141099452972 0.577129662036896 0.63257372379303 0.80300897359848 0.811412334442139 0.437011480331421 0.710286378860474 0.575981914997101 0.755562841892242 0.699773073196411 0.560287177562714 0.689501762390137 0.8467156291008 0.545664131641388 0.194528043270111 0.114754714071751 0.0576515607535839 0.037651751190424 0.0323200970888138 0.0278929471969604 0.0228136200457811 0.0185938645154238 0.0141960764303803 0.0104560200124979 0.0110328253358603 0.00692924065515399 0.00697659468278289 0.00540384789928794 0.00519453175365925
0.420316874980927 0.547029614448547 0.526625573635101 0.655120730400085 0.635109782218933 0.494022130966187 0.63751631975174 0.332728028297424 0.581229567527771 0.39659509062767 0.736743628978729 0.493520557880402 0.631198465824127 0.771423935890198 0.377118766307831 0.360821425914764 0.594026148319244 0.424304783344269 0.5426265001297 0.606181204319 0.628454208374023 0.768375039100647 0.86972838640213 0.695356845855713 0.178170397877693 0.0808454304933548 0.0720241442322731 0.0535681769251823 0.0454701334238052 0.0346460565924644 0.0295503195375204 0.0220538601279259 0.0158041007816792 0.0141231128945947 0.0103433886542916 0.00908334832638502 0.00714548397809267 0.00400790153071284 0.00542632443830371
0.455264508724213 0.507048428058624 0.607370376586914 0.641580164432526 0.625075459480286 0.65857720375061 0.727471113204956 0.746503293514252 0.697322368621826 0.791431605815887 0.541066586971283 0.511498630046844 0.754541754722595 0.697174429893494 0.415743201971054 0.216028481721878 0.305328249931335 0.395911127328873 0.36370113492012 0.496367037296295 0.531055510044098 0.851091921329498 0.895456492900848 0.851423501968384 0.332200467586517 0.135278284549713 0.132787004113197 0.12040002644062 0.0860426351428032 0.0596640482544899 0.0355548746883869 0.0256249811500311 0.018268745392561 0.0146403014659882 0.0103057576343417 0.00739179085940123 0.00558177335187793 0.00362991192378104 0.00305305002257228
0.446518987417221 0.561707317829132 0.614558458328247 0.666532874107361 0.707612574100494 0.722419381141663 0.537006080150604 0.720404207706451 0.750873923301697 0.588878214359283 0.478606939315796 0.715675294399261 0.492871314287186 0.560354650020599 0.416090607643127 0.175198540091515 0.206240519881248 0.290158927440643 0.310365080833435 0.394988089799881 0.525447428226471 0.840671956539154 0.91098827123642 0.908178865909576 0.656805634498596 0.437743425369263 0.159384474158287 0.184601426124573 0.11373108625412 0.0820008739829063 0.0619752071797848 0.0384077429771423 0.0255243759602308 0.0220505949109793 0.0130137307569385 0.00777014531195164 0.00667438935488462 0.00493686879053712 0.00418308470398188
0.489031761884689 0.521969199180603 0.554880917072296 0.591625034809113 0.653007924556732 0.743108689785004 0.732267081737518 0.499253988265991 0.520099937915802 0.480817347764969 0.483477801084518 0.646048486232758 0.41299307346344 0.607932448387146 0.218783244490623 0.162399679422379 0.210453316569328 0.198598325252533 0.261757612228394 0.350188910961151 0.638741493225098 0.871386110782623 0.901816844940186 0.916875302791595 0.663033723831177 0.492156982421875 0.397041887044907 0.270390629768372 0.175525650382042 0.113926976919174 0.0723873376846313 0.0498070865869522 0.0364168286323547 0.0234271138906479 0.0141540430486202 0.00876463949680328 0.00991123262792826 0.00569116836413741 0.00402505416423082
0.413159221410751 0.478558272123337 0.6202113032341 0.631091892719269 0.68978488445282 0.66708368062973 0.688867270946503 0.727845966815948 0.465710490942001 0.601670563220978 0.680836617946625 0.719904482364655 0.493069499731064 0.222102597355843 0.176539778709412 0.14917154610157 0.150337144732475 0.186054661870003 0.234606429934502 0.282582014799118 0.447389036417007 0.722601711750031 0.900623142719269 0.884611964225769 0.743484139442444 0.684185385704041 0.626286864280701 0.381270676851273 0.258619278669357 0.180297777056694 0.122860319912434 0.0786628425121307 0.0457650683820248 0.0331050790846348 0.0153415538370609 0.0104444213211536 0.0092281848192215 0.00579776661470532 0.00375876994803548
0.471648514270782 0.479924589395523 0.587465584278107 0.580479681491852 0.667998552322388 0.689809620380402 0.674999535083771 0.777190744876862 0.742307245731354 0.780270099639893 0.817031502723694 0.738042116165161 0.573701500892639 0.22685843706131 0.164075121283531 0.167008325457573 0.161669999361038 0.172675117850304 0.206994280219078 0.298257887363434 0.538949906826019 0.801246583461761 0.910448312759399 0.932010889053345 0.926096379756927 0.690706849098206 0.571526288986206 0.418774843215942 0.3643659055233 0.268941909074783 0.171445578336716 0.107281640172005 0.0755007490515709 0.0509837009012699 0.0255944523960352 0.0171409249305725 0.00841324217617512 0.00602756254374981 0.00362621922977269
0.432038843631744 0.489660292863846 0.559650957584381 0.611736416816711 0.650633335113525 0.672533333301544 0.756670653820038 0.768847525119781 0.720736443996429 0.716984748840332 0.563563764095306 0.341999679803848 0.204251006245613 0.189203158020973 0.187112212181091 0.166828602552414 0.19671519100666 0.190933063626289 0.237861901521683 0.367496281862259 0.557493507862091 0.73719722032547 0.875682353973389 0.924571931362152 0.872035264968872 0.681411802768707 0.684699296951294 0.649188756942749 0.479471147060394 0.380215525627136 0.254589170217514 0.165369167923927 0.100301042199135 0.0665750578045845 0.049128845334053 0.0195255521684885 0.0122600216418505 0.00662511214613914 0.0034057330340147
0.427636414766312 0.466801643371582 0.620292484760284 0.594078481197357 0.704660058021545 0.688356041908264 0.710240066051483 0.741610646247864 0.771525382995605 0.496003329753876 0.307998865842819 0.253512769937515 0.189583972096443 0.209975779056549 0.19853550195694 0.178440794348717 0.118899755179882 0.0729024633765221 0.0823604762554169 0.153055459260941 0.328926533460617 0.40847584605217 0.865541338920593 0.929995119571686 0.903464615345001 0.905074119567871 0.914326667785645 0.896873533725739 0.777335703372955 0.642194747924805 0.457955241203308 0.298222422599792 0.18146476149559 0.091707669198513 0.0453679263591766 0.0245046690106392 0.0105683924630284 0.00542790116742253 0.0043159588240087
0.452570289373398 0.373479068279266 0.531769812107086 0.617262065410614 0.593017220497131 0.705669701099396 0.692373037338257 0.701851069927216 0.782585382461548 0.68556010723114 0.33504056930542 0.272206336259842 0.231780081987381 0.207734152674675 0.148465618491173 0.0946920290589333 0.0689975693821907 0.0392053052783012 0.070110097527504 0.14390754699707 0.337274730205536 0.598337292671204 0.834322035312653 0.932970821857452 0.882806479930878 0.900100111961365 0.910355031490326 0.90572053194046 0.808283388614655 0.7153200507164 0.624826550483704 0.514691352844238 0.308602571487427 0.189984902739525 0.112768165767193 0.0679853186011314 0.0384978540241718 0.0143585754558444 0.00628204643726349
0.431104689836502 0.490778863430023 0.547423779964447 0.605000019073486 0.616503953933716 0.695490658283234 0.734577596187592 0.701634764671326 0.581756711006165 0.781638979911804 0.575755000114441 0.27882793545723 0.233509659767151 0.123648710548878 0.0946732237935066 0.0465065874159336 0.0238069631159306 0.0185890886932611 0.0350646860897541 0.113227881491184 0.278908938169479 0.639052331447601 0.82701188325882 0.903222441673279 0.942439019680023 0.950108647346497 0.909048974514008 0.892452657222748 0.846941292285919 0.753975808620453 0.700944423675537 0.698076248168945 0.520177006721497 0.284327954053879 0.147876635193825 0.102566063404083 0.041958399116993 0.0291474629193544 0.0145317781716585
0.445397943258286 0.498842388391495 0.53299617767334 0.612325191497803 0.628559708595276 0.666954100131989 0.642295777797699 0.583908915519714 0.662764549255371 0.753904163837433 0.823129296302795 0.467662572860718 0.247103065252304 0.0925502777099609 0.0422083176672459 0.02582280151546 0.0140041541308165 0.0158959440886974 0.0227354187518358 0.0623935870826244 0.280612885951996 0.540066123008728 0.728895127773285 0.864222586154938 0.917969346046448 0.953193545341492 0.917139947414398 0.898899435997009 0.858476042747498 0.813624560832977 0.782293796539307 0.778580009937286 0.66113144159317 0.547111690044403 0.332310885190964 0.16044457256794 0.0644992142915726 0.0342477299273014 0.0218701884150505
0.423720091581345 0.452876955270767 0.549057602882385 0.620966970920563 0.633835136890411 0.642048716545105 0.630795478820801 0.561052560806274 0.512664914131165 0.567714035511017 0.75960385799408 0.838148593902588 0.2137790620327 0.0660969838500023 0.0322367958724499 0.018814742565155 0.0171024687588215 0.0181066282093525 0.0236337166279554 0.0412424653768539 0.153298109769821 0.513980329036713 0.647571742534637 0.881272196769714 0.930385529994965 0.941672921180725 0.937076151371002 0.927313566207886 0.900652885437012 0.794508993625641 0.818683743476868 0.755976915359497 0.671841084957123 0.755973935127258 0.523777306079865 0.291001409292221 0.127807766199112 0.0616613253951073 0.0322965420782566
0.327958673238754 0.450510174036026 0.474971860647202 0.53161233663559 0.610765516757965 0.602430939674377 0.587437450885773 0.726582825183868 0.687600314617157 0.798786342144012 0.748462557792664 0.842975437641144 0.297333300113678 0.0454356148838997 0.025755051523447 0.0161069557070732 0.0180587917566299 0.0199747234582901 0.0244203731417656 0.0420785211026669 0.0797912776470184 0.475293099880219 0.675665557384491 0.859192311763763 0.862211048603058 0.887623012065887 0.928211450576782 0.928286612033844 0.914968490600586 0.89317524433136 0.899302065372467 0.832675576210022 0.738024711608887 0.676735937595367 0.766426980495453 0.520240306854248 0.320138275623322 0.109635412693024 0.0493117049336433
0.310935467481613 0.362309604883194 0.433269947767258 0.53801554441452 0.556202173233032 0.586940407752991 0.65949821472168 0.717873394489288 0.652749180793762 0.771864473819733 0.806263029575348 0.821714222431183 0.13068500161171 0.0328404121100903 0.0214641019701958 0.014844274148345 0.0197602491825819 0.0219345893710852 0.0321960560977459 0.0437407121062279 0.0728405267000198 0.186140209436417 0.554615378379822 0.691373109817505 0.812751233577728 0.881078779697418 0.876403033733368 0.903809309005737 0.931043982505798 0.950890302658081 0.896871209144592 0.896561503410339 0.87287437915802 0.800897538661957 0.710283994674683 0.733173966407776 0.516744315624237 0.20615229010582 0.087936133146286
0.277654469013214 0.333008229732513 0.406060785055161 0.429842323064804 0.482852041721344 0.505623281002045 0.628131985664368 0.665215313434601 0.713840007781982 0.736279845237732 0.822455883026123 0.835594534873962 0.385856807231903 0.0326771624386311 0.0270396061241627 0.020361203700304 0.0215724520385265 0.029374560341239 0.0347981862723827 0.0469051115214825 0.0732015743851662 0.131964907050133 0.405474036931992 0.546311974525452 0.668067753314972 0.804882764816284 0.834894001483917 0.889182031154633 0.935291349887848 0.938268482685089 0.931359887123108 0.882340610027313 0.898408353328705 0.851646065711975 0.822560608386993 0.774260818958282 0.700987040996552 0.292137682437897 0.0980685353279114
0.238778248429298 0.296655416488647 0.365630090236664 0.388707458972931 0.427945613861084 0.499115645885468 0.581567049026489 0.611124277114868 0.672503173351288 0.625651717185974 0.76070761680603 0.610933125019073 0.488346189260483 0.0330440290272236 0.0281668696552515 0.0242825262248516 0.0247517805546522 0.029734093695879 0.0356488674879074 0.0500676855444908 0.0775239542126656 0.134813204407692 0.248478397727013 0.518334686756134 0.537011682987213 0.624795377254486 0.712115049362183 0.80451899766922 0.873044013977051 0.92957603931427 0.922812759876251 0.930106222629547 0.900627732276917 0.897104024887085 0.866188704967499 0.816875457763672 0.770015239715576 0.647758841514587 0.21121871471405
0.162711307406425 0.239518582820892 0.277364879846573 0.323487132787704 0.437127649784088 0.512280583381653 0.523087680339813 0.622804403305054 0.592374444007874 0.699956119060516 0.725266933441162 0.780125617980957 0.266468942165375 0.0282077509909868 0.0244166348129511 0.0215359795838594 0.0230556223541498 0.0272240955382586 0.0379345156252384 0.0482018738985062 0.0700160041451454 0.104527987539768 0.166670083999634 0.246503934264183 0.432748794555664 0.543400228023529 0.662290692329407 0.770533680915833 0.804101705551147 0.885366916656494 0.921343982219696 0.872498750686646 0.887950897216797 0.903472006320953 0.873261690139771 0.824081182479858 0.731735467910767 0.665416538715363 0.540628015995026
0.093605674803257 0.178488075733185 0.248501613736153 0.294417589902878 0.386714190244675 0.448789268732071 0.566774189472198 0.595102667808533 0.614553332328796 0.717869639396667 0.751196980476379 0.797834098339081 0.561723113059998 0.0333677940070629 0.0239653959870338 0.0232830103486776 0.0287883505225182 0.0270682889968157 0.0307136811316013 0.0382512360811234 0.049741979688406 0.0748356580734253 0.100052438676357 0.150319516658783 0.284524857997894 0.45218625664711 0.568794667720795 0.648956835269928 0.779677450656891 0.834749341011047 0.84592068195343 0.838443398475647 0.866821348667145 0.843725085258484 0.841586351394653 0.826927661895752 0.782031297683716 0.734622657299042 0.59892213344574
