data/climate_estimation/maxent_output/Erythronium_oregonum.asc
NCOLS 111 
NROWS 182 
XLLCORNER -125.5 
YLLCORNER 39.5833333333333 
CELLSIZE 0.0833333333333333 
NODATA_value -3.4e+38 
[rows 40 to 59 of 182, columns 0 to 44 of 111]
0.021556006744504 0.0203695148229599 0.0171968322247267 0.0158651676028967 0.0144225116819143 0.0151343559846282 0.0324278064072132 0.0145076811313629 0.0124213816598058 0.0111207654699683 0.00818061828613281 0.00745154917240143 0.00677697872743011 0.00557490065693855 0.00505734188482165 0.00473789498209953 0.00491295894607902 0.00435821712017059 0.00377000612206757 0.00339752831496298 0.00306913838721812 0.00282772816717625 0.00256554852239788 0.00239782291464508 0.00256847683340311 0.00276351743377745 0.00315385172143579 0.00327327800914645 0.00364236440509558 0.00361427967436612 0.00362114585004747 0.00355626968666911 0.00326338829472661 0.00316692539490759 0.00316632119938731 0.00321026798337698 0.003056475892663 0.00298010348342359 0.00121998321264982 0.000722189957741648 0.00241486472077668 0.00197315937839448 0.0016975817270577 0.00160765217151493 0.00168752961326391
0.0873939022421837 0.0679943636059761 0.022357065230608 0.0188346225768328 0.016717828810215 0.0192948579788208 0.0252790600061417 0.282071828842163 0.0153950471431017 0.0107120890170336 0.00925096403807402 0.0085854372009635 0.00682170921936631 0.00605837674811482 0.00573542481288314 0.00534525187686086 0.005322040989995 0.00520453229546547 0.00413295440375805 0.00337055558338761 0.00318169314414263 0.0028950113337487 0.00276213674806058 0.00268295966088772 0.00272914720699191 0.00254688947461545 0.00278183328919113 0.00300006940960884 0.00327950902283192 0.00349647831171751 0.00304482388310134 0.00313221616670489 0.00320192845538259 0.00319572072476149 0.00317430193535984 0.00309702637605369 0.00293961330316961 0.00290374225005507 0.00211927737109363 0.000665171886794269 0.00184692046605051 0.00207066349685192 0.0019138966454193 0.00276162358932197 0.00182644324377179
0.177318885922432 0.0550706051290035 0.0501278080046177 0.0987131297588348 0.184622287750244 0.382633745670319 0.291849553585052 0.0169418733566999 0.013237283565104 0.0118724377825856 0.0106703694909811 0.00988337397575378 0.00914471223950386 0.00689339358359575 0.00655214348807931 0.00604167627170682 0.005960613489151 0.00571810640394688 0.00483935233205557 0.00434907712042332 0.00407443568110466 0.00337735679931939 0.00284287030808628 0.00290071661584079 0.00324456440284848 0.00305238738656044 0.00299564725719392 0.00271470379084349 0.00284759234637022 0.00266868062317371 0.00280817411839962 0.00286019430495799 0.00288884690962732 0.00273278751410544 0.00286805396899581 0.00270817801356316 0.00276948767714202 0.0028717634268105 0.00284766219556332 0.00174033897928894 0.000639269652310759 0.00149535771925002 0.0025085830129683 0.00256236526183784 0.00256773456931114
0.13862843811512 0.0777435526251793 0.0382969938218594 0.0616518557071686 0.127914652228355 0.400848299264908 0.122854977846146 0.113003477454185 0.017218304798007 0.0135141210630536 0.0120347505435348 0.0110782813280821 0.0101317437365651 0.00828731618821621 0.00711487838998437 0.00672481767833233 0.00622938992455602 0.00615801056846976 0.00513894157484174 0.00519263651221991 0.00457216752693057 0.00441511673852801 0.00368215050548315 0.00303597934544086 0.00317518576048315 0.0028737869579345 0.00290712551213801 0.0031499620527029 0.00285551301203668 0.0026876637712121 0.00264337006956339 0.00265650800429285 0.00261419452726841 0.00268927356228232 0.00266366940923035 0.00269866362214088 0.00266034947708249 0.00261619407683611 0.00257517513819039 0.00248507899232209 0.00170885783154517 0.000649808265734464 0.00192192243412137 0.00260225217789412 0.00262534129433334
0.132262855768204 0.0813685208559036 0.0615887306630611 0.0751601159572601 0.14048045873642 0.180650189518929 0.44252547621727 0.255232661962509 0.0886624455451965 0.0170567221939564 0.0136154079809785 0.0125533537939191 0.0122018689289689 0.012709585018456 0.0104497093707323 0.00931132491677999 0.00680873217061162 0.00666515622287989 0.00621057860553265 0.00582998618483543 0.00542694143950939 0.00527435587719083 0.0045427312143147 0.0035018608905375 0.00370597746223211 0.00324585963971913 0.0032101150136441 0.00329781044274569 0.00297563662752509 0.00283603207208216 0.00259490194730461 0.00261764856986701 0.00263814465142787 0.00258763553574681 0.00280552147887647 0.00283463718369603 0.00256387144327164 0.00265793618746102 0.00266195321455598 0.0026493591722101 0.00269552739337087 0.00201633339747787 0.000901843537576497 0.00250428239814937 0.00246897852048278
0.314673662185669 0.236632406711578 0.117127120494843 0.0728838816285133 0.0984433963894844 0.137386322021484 0.391140699386597 0.390767008066177 0.305701017379761 0.0625690892338753 0.0555681064724922 0.0263299681246281 0.0145267453044653 0.223805069923401 0.0454707928001881 0.0461959689855576 0.0106830932199955 0.00768121378496289 0.00693153217434883 0.00645509688183665 0.00617628032341599 0.00559637742117047 0.00508146267384291 0.00473463395610452 0.00427719904109836 0.00366401812061667 0.00367591739632189 0.00340805156156421 0.00326029630377889 0.00291561498306692 0.0029321329202503 0.00290866405703127 0.00300179771147668 0.00261588068678975 0.00275834486819804 0.0031713314820081 0.00308287981897593 0.00280451192520559 0.00217032991349697 0.00277904304675758 0.00283832522109151 0.0026284649502486 0.00196920498274267 0.000898750615306199 0.00255457917228341
0.360229849815369 0.261614590883255 0.154092118144035 0.136643022298813 0.115360155701637 0.20611460506916 0.279284000396729 0.40050795674324 0.295379281044006 0.349268555641174 0.27121776342392 0.110918588936329 0.172986552119255 0.0559078641235828 0.021343344822526 0.0126734003424644 0.0129599450156093 0.0110557740554214 0.00884460099041462 0.00719153415411711 0.00868116319179535 0.00807335041463375 0.00608266983181238 0.00513454061001539 0.00514636980369687 0.00507198227569461 0.00516910245642066 0.00438605202361941 0.00353775173425674 0.00463608372956514 0.00358159723691642 0.0030647839885205 0.00335547211579978 0.00426334608346224 0.00401561101898551 0.00315492623485625 0.00413000211119652 0.00316219287924469 0.0031553665176034 0.00220115436241031 0.00260335137136281 0.00293930433690548 0.00281673553399742 0.00128557905554771 0.00173567736055702
0.421268969774246 0.228710785508156 0.343063831329346 0.217889323830605 0.142524123191833 0.214816480875015 0.485347241163254 0.434631675481796 0.0935825034976006 0.0994957610964775 0.084606796503067 0.129680633544922 0.117553822696209 0.0371357500553131 0.048001803457737 0.0517625026404858 0.0228483509272337 0.0286670494824648 0.0253495834767818 0.0217657312750816 0.00783536583185196 0.0153100872412324 0.00650792475789785 0.00610965304076672 0.00577299436554313 0.005339867901057 0.00524539453908801 0.00627443520352244 0.00538627756759524 0.0047107026912272 0.00486152758821845 0.00427231751382351 0.00455669872462749 0.00431722402572632 0.00431391503661871 0.00393073447048664 0.00412786472588778 0.00391236459836364 0.00446361489593983 0.00364087917841971 0.00353975757025182 0.00216376292519271 0.00217321328818798 0.00144977064337581 0.0027885464951396
0.518181920051575 0.359244167804718 0.285816431045532 0.378173261880875 0.227474674582481 0.158663362264633 0.303888350725174 0.499432981014252 0.23755507171154 0.276609033346176 0.145893201231956 0.0874872505664825 0.0563904233276844 0.0638782531023026 0.101658426225185 0.171819537878036 0.0422384813427925 0.0436291769146919 0.11851542443037 0.0281031578779221 0.0215784031897783 0.0380812771618366 0.0765634179115295 0.0641289800405502 0.0408440493047237 0.00696054007858038 0.00618027150630951 0.00581379281356931 0.00563989300280809 0.00530689582228661 0.00589491333812475 0.00511920265853405 0.00497752614319324 0.00491608120501041 0.00461492361500859 0.00481677334755659 0.00457036215811968 0.00470138993114233 0.00398039259016514 0.00371613027527928 0.00330874882638454 0.00456270109862089 0.00195009470917284 0.00182220677379519 0.00309176533482969
0.354835689067841 0.345907688140869 0.467301785945892 0.413965612649918 0.267765045166016 0.299761176109314 0.420546114444733 0.517857372760773 0.432608217000961 0.129388973116875 0.110875703394413 0.198932260274887 0.13520535826683 0.177851960062981 0.0944462940096855 0.280786454677582 0.122779577970505 0.198638573288918 0.130989536643028 0.0791848078370094 0.0280467607080936 0.0305258296430111 0.0259150918573141 0.0266457144171 0.100509770214558 0.1223284304142 0.0323421880602837 0.00748383579775691 0.00649662641808391 0.00693830288946629 0.00622438825666904 0.00570247694849968 0.00552193075418472 0.00544866966083646 0.00548068806529045 0.00526310317218304 0.00556370196864009 0.0052862842567265 0.00512448605149984 0.00500734429806471 0.00514120562002063 0.00447722291573882 0.00460335472598672 0.00208100536838174 0.00317770009860396
0.47818723320961 0.572065949440002 0.343536138534546 0.399613231420517 0.448291033506393 0.482647955417633 0.550338745117188 0.301239818334579 0.248896315693855 0.276481956243515 0.317977279424667 0.168471053242683 0.335917890071869 0.245810374617577 0.367187529802322 0.316060483455658 0.304769307374954 0.202215582132339 0.0559178479015827 0.0393255427479744 0.0400129891932011 0.0394563376903534 0.0550250746309757 0.107519663870335 0.0821012556552887 0.0267059653997421 0.0898124054074287 0.136426076292992 0.134208559989929 0.126066938042641 0.046255387365818 0.00700973439961672 0.0074988966807723 0.0762361064553261 0.0080634169280529 0.014704829081893 0.0187673419713974 0.00590508012101054 0.00562842097133398 0.00549997109919786 0.00568715715780854 0.0050662592984736 0.00712566776201129 0.00478798244148493 0.00238379859365523
0.519610166549683 0.576467931270599 0.58550626039505 0.503491163253784 0.567535400390625 0.598446190357208 0.40123724937439 0.245955467224121 0.336249023675919 0.458517223596573 0.316380202770233 0.296059548854828 0.42979970574379 0.427031368017197 0.154606267809868 0.211144745349884 0.238699048757553 0.124804116785526 0.0615320168435574 0.0893050581216812 0.0738755241036415 0.06512850522995 0.103262409567833 0.125989481806755 0.0312776416540146 0.0337082557380199 0.0471731759607792 0.0544583685696125 0.078302688896656 0.0966266617178917 0.149427980184555 0.0895112529397011 0.0388847216963768 0.119205430150032 0.0850738883018494 0.0526439510285854 0.0259832851588726 0.035021647810936 0.0262512154877186 0.0292106550186872 0.0175597853958607 0.00796425621956587 0.00523765757679939 0.0051520555280149 0.00492111733183265
0.500045001506805 0.558289527893066 0.624297916889191 0.648024499416351 0.687171399593353 0.554768025875092 0.573118031024933 0.416068702936172 0.371851652860641 0.538320064544678 0.371907413005829 0.268715053796768 0.303081929683685 0.320210725069046 0.238030910491943 0.173911452293396 0.167205363512039 0.165120676159859 0.101874865591526 0.0608883909881115 0.0899323150515556 0.0813683792948723 0.214089587330818 0.205683901906013 0.0468471385538578 0.0417090356349945 0.0397052317857742 0.035191249102354 0.0567750409245491 0.03332344815135 0.0556686595082283 0.176194727420807 0.18068565428257 0.192185521125793 0.0366615019738674 0.0457727685570717 0.038554098457098 0.0427674017846584 0.0354951098561287 0.0212405156344175 0.0209452100098133 0.0258652586489916 0.0228000897914171 0.0172844156622887 0.00539945811033249
0.484221965074539 0.591381788253784 0.651363670825958 0.673598945140839 0.662820160388947 0.669370234012604 0.658280611038208 0.604499697685242 0.670178592205048 0.667805969715118 0.513910472393036 0.339426070451736 0.434664487838745 0.480151921510696 0.300779759883881 0.22943352162838 0.192996427416801 0.396198600530624 0.155351310968399 0.164003312587738 0.125630676746368 0.171507656574249 0.260071724653244 0.183962181210518 0.0548948310315609 0.0988302677869797 0.0758081004023552 0.0999224856495857 0.0896521508693695 0.111871086061001 0.0930535867810249 0.212060809135437 0.207939714193344 0.208474725484848 0.22160167992115 0.22565096616745 0.0666525065898895 0.0366625636816025 0.0327049642801285 0.0253711882978678 0.0325799100100994 0.0609687492251396 0.0815149247646332 0.0430778041481972 0.0408906079828739
0.425756007432938 0.604164004325867 0.646043956279755 0.685012340545654 0.710223019123077 0.702503859996796 0.681852698326111 0.666185677051544 0.697129607200623 0.713413774967194 0.661610662937164 0.410499334335327 0.306325197219849 0.578091442584991 0.321819722652435 0.364399939775467 0.207636788487434 0.350828498601913 0.466466933488846 0.182311713695526 0.298559546470642 0.142316222190857 0.158570140600204 0.310464411973953 0.105147056281567 0.281851917505264 0.0693678706884384 0.108127154409885 0.194222286343575 0.158731266856194 0.231274902820587 0.237494602799416 0.0471148863434792 0.0606239289045334 0.102731056511402 0.21267144382 0.266715407371521 0.045739870518446 0.0336153320968151 0.0541296936571598 0.0572238378226757 0.0816165506839752 0.0258222408592701 0.0183997042477131 0.0215871334075928
0.553801298141479 0.650138676166534 0.650583863258362 0.691952645778656 0.707391440868378 0.746935486793518 0.734742283821106 0.731149971485138 0.721805334091187 0.71591454744339 0.67021769285202 0.634152293205261 0.566675066947937 0.612930774688721 0.300703763961792 0.511118292808533 0.305933743715286 0.305637925863266 0.352637380361557 0.421047747135162 0.436085343360901 0.415570348501205 0.195970758795738 0.160617738962173 0.305262744426727 0.343688368797302 0.0968779847025871 0.1325843334198 0.287379294633865 0.186644271016121 0.278341978788376 0.115336954593658 0.0574060268700123 0.0557706132531166 0.107252657413483 0.298301607370377 0.162840351462364 0.0994077324867249 0.060775563120842 0.0514745526015759 0.0703375339508057 0.0426205135881901 0.0295360945165157 0.0451397970318794 0.0501469038426876
0.583436608314514 0.627093493938446 0.679901599884033 0.708679914474487 0.737273931503296 0.74930214881897 0.760224640369415 0.751772224903107 0.743792414665222 0.723580598831177 0.561318516731262 0.689882636070251 0.669847726821899 0.668970108032227 0.613479495048523 0.397531032562256 0.303609818220139 0.535483002662659 0.507301509380341 0.512985944747925 0.462040811777115 0.382644534111023 0.18127715587616 0.144587233662605 0.0729057192802429 0.328049421310425 0.228424593806267 0.192296862602234 0.338889420032501 0.300754576921463 0.181931033730507 0.10256689786911 0.0523155964910984 0.153655052185059 0.250283241271973 0.313392460346222 0.288936108350754 0.182308971881866 0.113127715885639 0.101334623992443 0.0914618372917175 0.191877543926239 0.0560025162994862 0.0451549217104912 0.0712704807519913
0.565498113632202 0.60224837064743 0.647393941879272 0.693479120731354 -3.4e+38 -3.4e+38 0.768443286418915 0.76666933298111 0.776389539241791 0.760722577571869 0.695099592208862 0.717345535755157 0.689215481281281 0.674350678920746 0.692392587661743 0.49698269367218 0.388443410396576 0.617091000080109 0.562022924423218 0.460348397493362 0.406993508338928 0.373544245958328 0.213336229324341 0.229938507080078 0.26212352514267 0.308346211910248 0.438204705715179 0.363932609558105 0.373830288648605 0.121789239346981 0.0809753909707069 0.175049006938934 0.114121727645397 0.0803641006350517 0.133372277021408 0.326619654893875 0.348753869533539 0.341404616832733 0.127329260110855 0.0977265015244484 0.173271358013153 0.157856822013855 0.291650652885437 0.306584358215332 0.296631962060928
0.374297201633453 0.531671524047852 0.637688398361206 0.714431762695312 0.748014271259308 0.785606682300568 -3.4e+38 -3.4e+38 -3.4e+38 -3.4e+38 0.774146556854248 0.729450643062592 0.722657084465027 0.664455950260162 0.740385293960571 0.689442574977875 0.677565336227417 0.750295102596283 0.646058678627014 0.592050492763519 0.294073462486267 0.371608316898346 0.296500205993652 0.222876235842705 0.277013093233109 0.259567856788635 0.46462282538414 0.480580687522888 0.40683501958847 0.147044986486435 0.112473279237747 0.169979333877563 0.228317424654961 0.143229067325592 0.108877547085285 0.17864653468132 0.373510658740997 0.243297562003136 0.39590647816658 0.144873648881912 0.177211165428162 0.262425392866135 0.15790581703186 0.258584529161453 0.154982909560204
0.207816824316978 0.284902572631836 0.360020279884338 0.679759681224823 0.775217473506927 0.794152975082397 0.821985185146332 -3.4e+38 -3.4e+38 -3.4e+38 0.794919371604919 0.785524785518646 0.758603513240814 0.770073890686035 0.779563665390015 0.675182700157166 0.764805495738983 0.816100895404816 0.806825637817383 0.580669581890106 0.310184925794601 0.604144155979156 0.242366164922714 0.399484306573868 0.444798201322556 0.440660148859024 0.209037378430367 0.525495171546936 0.545970320701599 0.303824722766876 0.290607810020447 0.107215918600559 0.299717664718628 0.347841084003448 0.0969670712947845 0.19650211930275 0.197060689330101 0.296962440013885 0.393307834863663 0.416907668113708 0.374581426382065 0.190448343753815 0.12530118227005 0.363949865102768 0.263895481824875
