data/climate_estimation/maxent_output/Erythronium_umbilicatum.asc
NCOLS 135 
NROWS 112 
XLLCORNER -88 
YLLCORNER 30.25 
CELLSIZE 0.0833333333333333 
NODATA_value -3.4e+38 
[rows 80 to 99 of 112, columns 45 to 89 of 135]
0.351799637079239 0.370994091033936 0.307943135499954 0.288116097450256 0.25534987449646 0.258663415908813 0.258930295705795 0.23756630718708 0.266476958990097 0.282284379005432 0.24161484837532 0.242495119571686 0.257099479436874 0.230007752776146 0.2014479637146 0.212990701198578 0.229068860411644 0.222820177674294 0.240428492426872 0.229316771030426 0.251395016908646 0.282275795936584 0.308611631393433 0.34238401055336 0.307403206825256 0.281724542379379 0.248171746730804 0.22452175617218 0.223390087485313 0.260045140981674 0.248964294791222 0.232361987233162 0.220428675413132 0.180826440453529 0.180540665984154 0.150459736585617 0.137757405638695 0.139178439974785 0.128707394003868 0.114422507584095 0.110275499522686 0.12091900408268 0.11970466375351 0.110202021896839 0.127770826220512
0.253766775131226 0.243189573287964 0.242204695940018 0.219864249229431 0.201280534267426 0.206175088882446 0.190844163298607 0.175151497125626 0.208675011992455 0.207124948501587 0.1861692070961 0.186649799346924 0.184705168008804 0.182580411434174 0.195903345942497 0.184506595134735 0.202816963195801 0.194707155227661 0.209384366869926 0.205291569232941 0.22501277923584 0.253103047609329 0.22572734951973 0.248159408569336 0.268882185220718 0.24869042634964 0.21734693646431 0.197284623980522 0.24851755797863 0.255388021469116 0.241199806332588 0.204090923070908 0.191784903407097 0.166490018367767 0.166751444339752 0.152133911848068 0.13854955136776 0.114506237208843 0.111708588898182 0.100452333688736 0.100328519940376 0.113125950098038 0.101050294935703 0.102496415376663 0.120496906340122
0.190089672803879 0.186524778604507 0.169294118881226 0.188433885574341 0.169465631246567 0.156591176986694 0.147517308592796 0.131704837083817 0.146127924323082 0.177296042442322 0.182547628879547 0.17805127799511 0.155508279800415 0.154731169342995 0.15949247777462 0.153087109327316 0.166601911187172 0.175350472331047 0.155576780438423 0.166630730032921 0.165997460484505 0.181375354528427 0.196969136595726 0.218269571661949 0.24022276699543 0.2611064016819 0.19770148396492 0.171711683273315 0.229780927300453 0.233029812574387 0.216519951820374 0.18615734577179 0.189967572689056 0.149755865335464 0.148810878396034 0.13789738714695 0.112977750599384 0.103639140725136 0.101513385772705 0.0939483493566513 0.0939306244254112 0.0919200852513313 0.0861784368753433 0.0983374118804932 0.110121980309486
0.161062866449356 0.144681319594383 0.1129429936409 0.139129906892776 0.141941100358963 0.120791837573051 0.123849831521511 0.120911829173565 0.112455129623413 0.136732295155525 0.158121094107628 0.15789395570755 0.153296366333961 0.151164621114731 0.155219078063965 0.149960845708847 0.148527085781097 0.142927229404449 0.149872392416 0.132672265172005 0.140149593353271 0.130001649260521 0.138820201158524 0.154591798782349 0.191657111048698 0.212182804942131 0.203987747430801 0.174779027700424 0.216008484363556 0.186149567365646 0.188600644469261 0.176631554961205 0.173522129654884 0.147202059626579 0.123343892395496 0.110327713191509 0.100413255393505 0.102410547435284 0.0914113894104958 0.0929079651832581 0.0871275365352631 0.0870053395628929 0.0803632140159607 0.0918027684092522 0.101376049220562
0.135669112205505 0.0996402651071548 0.085279643535614 0.0964729264378548 0.100766338407993 0.100668132305145 0.104355409741402 0.106229171156883 0.112166061997414 0.111032895743847 0.13271276652813 0.133009418845177 0.132928147912025 0.13452322781086 0.135879755020142 0.133970648050308 0.133736252784729 0.123510539531708 0.132968664169312 0.12769128382206 0.113857664167881 0.115727104246616 0.120496340095997 0.133594244718552 0.168021470308304 0.184914246201515 0.16849872469902 0.162532284855843 0.201552227139473 0.177186608314514 0.150366500020027 0.141863390803337 0.139492109417915 0.128647014498711 0.108762316405773 0.0923956409096718 0.0833529829978943 0.0832232311367989 0.077224887907505 0.0845606401562691 0.0792440250515938 0.0758007019758224 0.0768751800060272 0.076407365500927 0.0825582221150398
0.0861761495471001 0.0835259407758713 0.0653368979692459 0.073496125638485 0.0759682133793831 0.0776583552360535 0.0823169052600861 0.0931703299283981 0.0952872335910797 0.109303407371044 0.130820259451866 0.134027495980263 0.128994211554527 0.132455676794052 0.130490258336067 0.126238688826561 0.105853289365768 0.100057706236839 0.104647323489189 0.101766727864742 0.0989674553275108 0.100382573902607 0.0981770381331444 0.115631513297558 0.147071793675423 0.165763378143311 0.16123965382576 0.196339175105095 0.192740455269814 0.157213374972343 0.127985686063766 0.119355149567127 0.10565160214901 0.0988627150654793 0.0859628245234489 0.0741859897971153 0.0677198767662048 0.0661499053239822 0.0625588670372963 0.069002591073513 0.0631835088133812 0.067443773150444 0.0683989375829697 0.0764532089233398 0.0745643004775047
0.0649890899658203 0.0638920813798904 0.0512849390506744 0.0647643133997917 0.0655188784003258 0.0746763274073601 0.0790470093488693 0.0837851092219353 0.0941109284758568 0.118959926068783 0.116309963166714 0.126473680138588 0.12972766160965 0.127898350358009 0.126092910766602 0.123394966125488 0.0989974811673164 0.0944208726286888 0.0742778480052948 0.0883075445890427 0.0891518220305443 0.0853335782885551 0.0921135395765305 0.11650550365448 0.128568425774574 0.1441919952631 0.127957671880722 0.193170636892319 0.153701156377792 0.12597793340683 0.121522605419159 0.0961361303925514 0.0845284536480904 0.0717181339859962 0.0677287504076958 0.0583246052265167 0.0487858690321445 0.0452746972441673 0.0492421016097069 0.0455894283950329 0.0458276905119419 0.0535012818872929 0.0594790019094944 0.0586659349501133 0.064761720597744
0.0506123676896095 0.0457501895725727 0.0451180450618267 0.0458469465374947 0.0576164424419403 0.0670853555202484 0.0709787383675575 0.0720278173685074 0.0855124741792679 0.101759992539883 0.11233327537775 0.124753713607788 0.123361304402351 0.121489197015762 0.113576456904411 0.0945649445056915 0.0932054445147514 0.0736213847994804 0.0636144950985909 0.0676544085144997 0.0743337571620941 0.0799106508493423 0.0833017602562904 0.0918068960309029 0.110633864998817 0.126396760344505 0.124245718121529 0.160585507750511 0.142447352409363 0.114662580192089 0.0926946699619293 0.0774422585964203 0.0673484951257706 0.0576614439487457 0.0492346435785294 0.0421671755611897 0.0386365428566933 0.0365588627755642 0.0331022031605244 0.0365159586071968 0.0371766537427902 0.0413689464330673 0.0506571233272552 0.0496604293584824 0.0572432093322277
0.0428479313850403 0.0390389710664749 0.0391798838973045 0.041843369603157 0.0433759801089764 0.0499184131622314 0.0631669238209724 0.069340668618679 0.0719510242342949 0.0828241184353828 0.0932068675756454 0.101763747632504 0.108740158379078 0.110020034015179 0.0948288068175316 0.0812638998031616 0.0725852474570274 0.067855566740036 0.0605725459754467 0.0523038394749165 0.0643106698989868 0.0727310925722122 0.0792907476425171 0.0871793702244759 0.0859440788626671 0.107015892863274 0.15501843392849 0.129188314080238 0.125843599438667 0.100586950778961 0.0848762094974518 0.0705601647496223 0.0537336803972721 0.0455821789801121 0.0397136136889458 0.0316094756126404 0.0258208066225052 0.0256559140980244 0.0230949334800243 0.027819462120533 0.0289764031767845 0.0391655936837196 0.0385094694793224 -3.4e+38 -3.4e+38
0.0345001220703125 0.0363611876964569 0.0321002006530762 0.0362128429114819 0.0377392768859863 0.0428243204951286 0.0507849603891373 0.0611479394137859 0.0683098658919334 0.0698032677173615 0.0766261368989944 0.0830385014414787 0.094192199409008 0.0935820192098618 0.0750619545578957 0.0728729441761971 0.0692112818360329 0.0592012070119381 0.0528550520539284 0.0447990521788597 0.055392574518919 0.0699160918593407 0.0749222189188004 0.0748561695218086 0.0836658924818039 0.0929344072937965 0.137424498796463 0.125566855072975 0.114477172493935 0.091476745903492 0.0763556286692619 0.0631176307797432 0.0537597984075546 0.0374767929315567 0.0314204320311546 0.0215335059911013 0.0178969353437424 0.0167217534035444 0.0184575617313385 0.0204897187650204 0.0247352793812752 0.0296488981693983 0.0332180969417095 -3.4e+38 -3.4e+38
0.0342215187847614 0.0305416006594896 0.0315941162407398 0.0286706741899252 0.0371366403996944 0.0380513332784176 0.0425103530287743 0.0538637973368168 0.0534268170595169 0.0601909458637238 0.0606820248067379 0.0670537948608398 0.0725707411766052 0.0726536959409714 0.0717402249574661 0.0694836303591728 0.0547742359340191 0.0532060377299786 0.0516619980335236 0.0456812977790833 0.0492146387696266 0.0617950893938541 0.0669899582862854 0.0722054168581963 0.0733020678162575 0.0741036757826805 0.120318613946438 0.112792201340199 0.101298749446869 0.0843327865004539 0.0684310421347618 0.058921854943037 0.0488140918314457 0.0334671102464199 0.0247657615691423 0.0190464574843645 0.0139048267155886 0.0109804859384894 0.0125540969893336 0.0152920484542847 0.0190087724477053 -3.4e+38 -3.4e+38 -3.4e+38 -3.4e+38
0.0298304948955774 0.0306397695094347 0.03092160820961 0.028558760881424 0.0283495541661978 0.0322507359087467 0.0402187369763851 0.0444848127663136 0.0488737672567368 0.0558965168893337 0.0552323460578918 0.0569923184812069 0.0654431656002998 0.0699406638741493 0.0638776943087578 0.0627070441842079 0.0539011172950268 0.0510625690221786 0.0464181192219257 0.0505331195890903 0.0483740270137787 0.0556520633399487 0.0595246329903603 0.0631624683737755 0.0643464475870132 0.065265066921711 0.107872739434242 0.107890047132969 0.102134495973587 0.0830032527446747 0.0671915635466576 0.0508212521672249 0.0382311604917049 0.0324126183986664 0.0212333649396896 0.0179628394544125 0.0131731536239386 0.0107014048844576 0.0116348564624786 0.0144400671124458 0.0188122317194939 -3.4e+38 -3.4e+38 -3.4e+38 -3.4e+38
0.0323031470179558 0.0297668948769569 0.0302979853004217 0.0297763422131538 0.0299883745610714 0.0311309956014156 0.0408873446285725 0.0412381030619144 0.0461697354912758 0.0516750738024712 0.0534325204789639 0.0495656989514828 0.0492184087634087 0.0566576570272446 0.0625421479344368 0.0489562749862671 0.0475525632500648 0.0465496554970741 0.0469734594225883 0.0515984743833542 0.0548818036913872 0.0580994747579098 0.0611278899013996 0.0629987865686417 0.0627558305859566 0.0503959730267525 0.0872347354888916 0.0810741409659386 0.0813951641321182 0.074835404753685 0.0632349401712418 0.0509648434817791 0.041522953659296 0.0278969071805477 0.0226667411625385 0.0185368992388248 0.0137232588604093 0.0124273328110576 0.0125068854540586 0.0144400671124458 -3.4e+38 -3.4e+38 -3.4e+38 -3.4e+38 -3.4e+38
0.0327776260674 0.03120874799788 0.0291320979595184 0.0286294631659985 0.0288079287856817 0.0317603722214699 0.0343130826950073 0.033696360886097 0.0411573871970177 0.0468247532844543 0.0488766990602016 0.0466643199324608 0.0543673150241375 0.0529163740575314 0.0502654500305653 0.0473677590489388 0.0462628044188023 0.0466845892369747 0.0506464056670666 0.0572661831974983 0.0495400689542294 0.0531002916395664 0.0575883388519287 0.0583204962313175 0.0498314946889877 0.0505022183060646 0.086991585791111 0.0781728848814964 0.0741137936711311 0.0683789402246475 0.0538078807294369 0.0447587035596371 0.0368757992982864 0.0292582605034113 0.0244694817811251 0.0200384221971035 0.016206881031394 0.016255920752883 0.0147501556202769 -3.4e+38 -3.4e+38 -3.4e+38 -3.4e+38 -3.4e+38 -3.4e+38
0.0343805775046349 0.0315447337925434 0.0318907722830772 0.0299888476729393 0.0302764140069485 0.0320019386708736 0.0381214208900928 0.0341248139739037 0.0332526415586472 0.0433959178626537 0.0514804497361183 0.0484817288815975 0.0570548810064793 0.0579328574240208 0.0532258711755276 0.0529466234147549 0.0526781976222992 0.0516847521066666 0.0553566403687 0.0484992936253548 0.0518870577216148 0.0482632517814636 0.0568548291921616 0.0505016520619392 0.0498953647911549 0.0458395630121231 0.0865204557776451 0.0787833258509636 0.0724250972270966 0.0649672299623489 0.0585850737988949 0.0489927344024181 0.0346226580440998 0.0321852974593639 0.0248002391308546 0.0210761819034815 0.0202443357557058 0.019120879471302 -3.4e+38 -3.4e+38 -3.4e+38 -3.4e+38 -3.4e+38 -3.4e+38 -3.4e+38
0.0340323336422443 0.0301116742193699 0.0314573086798191 0.0295042842626572 0.0320434048771858 0.0359923280775547 0.0350265204906464 0.0374998897314072 0.0364268347620964 0.0426396429538727 0.0424613393843174 0.0455169565975666 0.0523930378258228 0.0491484925150871 0.0493317507207394 0.0520556010305882 0.0491487830877304 0.0522872693836689 0.050188098102808 0.0436585769057274 0.0469769090414047 0.0508409552276134 0.0498018376529217 0.0518462918698788 0.0504764132201672 0.0496408902108669 0.0824055969715118 0.0776641368865967 0.0810491219162941 0.0580335706472397 0.0521278530359268 0.0424522012472153 0.0370827801525593 0.0294565707445145 0.026769332587719 0.0220795162022114 0.0218180008232594 0.0196885615587234 -3.4e+38 -3.4e+38 -3.4e+38 -3.4e+38 -3.4e+38 -3.4e+38 -3.4e+38
0.0366382226347923 0.033422764390707 0.0330820232629776 0.0316611416637897 0.0356572233140469 0.0380851589143276 0.0367606468498707 0.0389859154820442 0.0370807722210884 0.0390348546206951 0.03860142827034 0.046370979398489 0.0435456410050392 0.0465511493384838 0.042994748800993 0.0506921112537384 0.0462411306798458 0.0472810976207256 0.0445050373673439 0.0469671450555325 0.0434307269752026 0.0500777065753937 0.0575145073235035 0.0563250929117203 0.056693609803915 0.0865475684404373 0.0749924853444099 0.0710179656744003 0.059716921299696 0.0586377158761024 0.050461582839489 0.0406061820685863 0.0324141830205917 0.0325530767440796 0.0294518414884806 0.0287062041461468 0.0264049060642719 0.0224851481616497 -3.4e+38 -3.4e+38 -3.4e+38 -3.4e+38 -3.4e+38 -3.4e+38 -3.4e+38
0.0346478261053562 0.0348589234054089 0.0350398346781731 0.0360889732837677 0.0364144146442413 0.0374783240258694 0.0386451296508312 0.0367756113409996 0.0397173091769218 0.0373727530241013 0.0413458682596684 0.0395650640130043 0.0417208150029182 0.0389956720173359 0.04021080955863 0.0431302599608898 0.0408170185983181 0.0455908440053463 0.0487156212329865 0.0469583235681057 0.0508677810430527 0.0509887970983982 0.0573494657874107 0.104223743081093 0.0993282869458199 0.0956289768218994 0.0755307227373123 0.0713600143790245 0.0583981275558472 0.0514550469815731 0.0438809916377068 0.0382522903382778 0.0305004771798849 0.0276314821094275 0.0303923338651657 0.0273331478238106 0.0274541694670916 -3.4e+38 -3.4e+38 -3.4e+38 -3.4e+38 -3.4e+38 -3.4e+38 -3.4e+38 -3.4e+38
0.0345727279782295 0.0350216366350651 0.0376313142478466 0.040148913860321 0.0384576916694641 0.037767942994833 0.0343005806207657 0.0320971757173538 0.0359507165849209 0.0366369932889938 0.0595325417816639 0.0621715225279331 0.0590263046324253 0.0559830516576767 0.0576452016830444 0.0394194796681404 0.0370922051370144 0.0416714809834957 0.0415358692407608 0.0505616813898087 0.0523944944143295 0.110563933849335 0.11209037899971 0.111816219985485 0.108112901449203 0.0837830677628517 0.0832233279943466 0.0678063556551933 0.0624215081334114 0.0542225763201714 0.0431410558521748 0.0342004150152206 0.0277449265122414 0.0235979240387678 0.023766940459609 0.0265123508870602 -3.4e+38 -3.4e+38 -3.4e+38 -3.4e+38 -3.4e+38 -3.4e+38 -3.4e+38 -3.4e+38 -3.4e+38
0.0380398370325565 0.0380134768784046 0.0395722687244415 0.0390840247273445 0.0364934653043747 0.0397570393979549 0.0381382331252098 0.036837350577116 0.0362055338919163 0.0559971332550049 0.0588243380188942 0.0551731511950493 0.0553485453128815 0.0540876463055611 0.0510471127927303 0.0577038303017616 0.0679357647895813 0.0407199338078499 0.0778552442789078 0.0802477151155472 0.0901688188314438 0.128483682870865 0.129916921257973 0.125286996364594 0.0981241017580032 0.095631942152977 0.0729218497872353 0.0639948099851608 0.05746840685606 0.0520539507269859 0.0371212661266327 0.0325229950249195 0.0231251008808613 0.0183393470942974 0.0227480214089155 0.0252617485821247 -3.4e+38 -3.4e+38 -3.4e+38 -3.4e+38 -3.4e+38 -3.4e+38 -3.4e+38 -3.4e+38 -3.4e+38
