data/climate_estimation/maxent_output/Erythronium_oregonum.asc
NCOLS 111 
NROWS 182 
XLLCORNER -125.5 
YLLCORNER 39.5833333333333 
CELLSIZE 0.0833333333333333 
NODATA_value -3.4e+38 
[rows 120 to 139 of 182, columns 0 to 44 of 111]
-3.4e+38 -3.4e+38 -3.4e+38 -3.4e+38 -3.4e+38 -3.4e+38 -3.4e+38 -3.4e+38 -3.4e+38 -3.4e+38 -3.4e+38 -3.4e+38 -3.4e+38 -3.4e+38 -3.4e+38 -3.4e+38 -3.4e+38 0.160101428627968 0.304503440856934 0.477714985609055 0.654968559741974 0.709025681018829 0.698000073432922 0.756646752357483 0.830584764480591 0.830481350421906 0.840551435947418 0.819393813610077 0.812252581119537 0.808289051055908 0.797311842441559 0.809849560260773 0.822806715965271 0.832200407981873 0.800057947635651 0.7954221367836 0.79858672618866 0.787330746650696 0.76048731803894 0.794942736625671 0.769328415393829 0.689189434051514 0.638794779777527 0.610565960407257 0.370729804039001
-3.4e+38 -3.4e+38 -3.4e+38 -3.4e+38 -3.4e+38 -3.4e+38 -3.4e+38 -3.4e+38 -3.4e+38 -3.4e+38 -3.4e+38 -3.4e+38 -3.4e+38 -3.4e+38 -3.4e+38 -3.4e+38 -3.4e+38 0.143389463424683 0.322518974542618 0.518210887908936 0.70348584651947 0.736722588539124 0.788094401359558 0.811245441436768 0.845678865909576 0.830989599227905 0.861508131027222 0.831985890865326 0.825977981090546 0.809091567993164 0.805721879005432 0.797305464744568 0.804724097251892 0.836609303951263 0.747465789318085 0.746247887611389 0.726703822612762 0.757654011249542 0.734408497810364 0.677072167396545 0.686769425868988 0.624996304512024 0.600305676460266 0.585803747177124 0.434615701436996
-3.4e+38 -3.4e+38 -3.4e+38 -3.4e+38 -3.4e+38 -3.4e+38 -3.4e+38 -3.4e+38 -3.4e+38 -3.4e+38 -3.4e+38 -3.4e+38 -3.4e+38 -3.4e+38 -3.4e+38 -3.4e+38 -3.4e+38 0.191687300801277 0.380624443292618 0.539397001266479 0.704757452011108 0.76302844285965 0.774910688400269 0.757246017456055 0.866632699966431 0.853559494018555 0.844467043876648 0.831677615642548 0.833867907524109 0.819594860076904 0.820358216762543 0.810287296772003 0.809544801712036 0.815555393695831 0.762479662895203 0.764813899993896 0.75814950466156 0.747895956039429 0.73016083240509 0.677209138870239 0.61774218082428 0.598749995231628 0.571349561214447 0.555051267147064 0.56343150138855
-3.4e+38 -3.4e+38 -3.4e+38 -3.4e+38 -3.4e+38 -3.4e+38 -3.4e+38 -3.4e+38 -3.4e+38 -3.4e+38 -3.4e+38 -3.4e+38 -3.4e+38 -3.4e+38 -3.4e+38 -3.4e+38 -3.4e+38 0.281778782606125 0.438728034496307 0.537075996398926 0.666191041469574 0.683971166610718 0.729163527488708 0.750600814819336 0.857638120651245 0.856332838535309 0.841596364974976 0.822784185409546 0.81117182970047 0.811317503452301 0.837438225746155 0.84919273853302 0.802696764469147 0.822813272476196 0.797517418861389 0.804185032844543 0.794009447097778 0.731929004192352 0.68418300151825 0.609776079654694 0.587543189525604 0.553406000137329 0.538811683654785 0.525087118148804 0.514940857887268
-3.4e+38 -3.4e+38 -3.4e+38 -3.4e+38 -3.4e+38 -3.4e+38 -3.4e+38 -3.4e+38 -3.4e+38 -3.4e+38 -3.4e+38 -3.4e+38 -3.4e+38 -3.4e+38 -3.4e+38 -3.4e+38 0.308095008134842 0.346402645111084 0.487293630838394 0.656201958656311 0.732882380485535 0.777834951877594 0.822772324085236 0.850873410701752 0.847804129123688 0.881602168083191 0.848025918006897 0.833162724971771 0.820528209209442 0.806115329265594 0.835852146148682 0.833204805850983 0.825095355510712 0.820069253444672 0.801349818706512 0.782137155532837 0.753413617610931 0.718462944030762 0.649976134300232 0.622377991676331 0.547181665897369 0.56455671787262 0.525030970573425 0.502928137779236 0.497993052005768
-3.4e+38 -3.4e+38 -3.4e+38 -3.4e+38 -3.4e+38 -3.4e+38 -3.4e+38 -3.4e+38 -3.4e+38 -3.4e+38 -3.4e+38 -3.4e+38 -3.4e+38 -3.4e+38 -3.4e+38 -3.4e+38 0.30951464176178 0.37488454580307 0.518314003944397 0.677549719810486 0.769367635250092 0.790941774845123 0.808851659297943 0.771266281604767 0.861269116401672 0.892600357532501 0.863502025604248 0.826898276805878 0.82894366979599 0.818327009677887 0.852019071578979 0.816517233848572 0.823350250720978 0.789505124092102 0.761614382266998 0.733562350273132 0.678101062774658 0.682189464569092 0.611216485500336 0.610690295696259 0.553782105445862 0.546721637248993 0.506716072559357 0.501969218254089 0.513163030147552
-3.4e+38 -3.4e+38 -3.4e+38 -3.4e+38 -3.4e+38 -3.4e+38 -3.4e+38 -3.4e+38 -3.4e+38 -3.4e+38 -3.4e+38 -3.4e+38 -3.4e+38 -3.4e+38 -3.4e+38 -3.4e+38 0.321926027536392 0.394861251115799 0.506201028823853 0.705236911773682 0.753410041332245 0.799726665019989 0.794240057468414 0.848406374454498 0.878595590591431 0.900917530059814 0.859743118286133 0.823710918426514 0.821002304553986 0.861325979232788 0.807630240917206 0.851202607154846 0.836013376712799 0.777892649173737 0.741456389427185 0.722984910011292 0.704789817333221 0.648753583431244 0.640990138053894 0.592206060886383 0.551978349685669 0.543491661548615 0.504997551441193 0.497095376253128 0.471599906682968
-3.4e+38 -3.4e+38 -3.4e+38 -3.4e+38 -3.4e+38 -3.4e+38 -3.4e+38 -3.4e+38 -3.4e+38 -3.4e+38 -3.4e+38 -3.4e+38 -3.4e+38 -3.4e+38 -3.4e+38 -3.4e+38 0.344841420650482 0.426070928573608 0.576635301113129 0.717870235443115 0.769495964050293 0.807471334934235 0.838967263698578 0.857974767684937 0.892890930175781 0.89574259519577 0.848913908004761 0.821143209934235 0.82029515504837 0.855290472507477 0.868967533111572 0.847917020320892 0.826105356216431 0.80188000202179 0.767613530158997 0.744365334510803 0.731766700744629 0.661952614784241 0.634227514266968 0.59928947687149 0.545837223529816 0.520529568195343 0.514372825622559 0.494011461734772 0.299418479204178
-3.4e+38 -3.4e+38 -3.4e+38 -3.4e+38 -3.4e+38 -3.4e+38 -3.4e+38 -3.4e+38 -3.4e+38 -3.4e+38 -3.4e+38 -3.4e+38 -3.4e+38 -3.4e+38 -3.4e+38 -3.4e+38 0.394194215536118 0.46840313076973 0.602361381053925 0.749303460121155 0.781161546707153 0.805650353431702 0.835131824016571 0.871041238307953 0.891300857067108 0.890467166900635 0.852066457271576 0.853647410869598 0.854084312915802 0.827944278717041 0.817621111869812 0.835234105587006 0.836679458618164 0.80036336183548 0.751460492610931 0.724082469940186 0.686145663261414 0.643075704574585 0.593862771987915 0.567239284515381 0.524992406368256 0.497935682535172 0.481583625078201 0.493989199399948 0.515440404415131
-3.4e+38 -3.4e+38 -3.4e+38 -3.4e+38 -3.4e+38 -3.4e+38 -3.4e+38 -3.4e+38 -3.4e+38 -3.4e+38 -3.4e+38 -3.4e+38 -3.4e+38 -3.4e+38 -3.4e+38 -3.4e+38 0.397934257984161 0.473525911569595 0.632141351699829 0.741293370723724 0.76472944021225 0.806042671203613 0.840603709220886 0.855924248695374 0.874710738658905 0.886755704879761 0.871634960174561 0.855668783187866 0.847523152828217 0.818219244480133 0.811404526233673 0.824798226356506 0.826239109039307 0.81900680065155 0.78359180688858 0.735149383544922 0.683683335781097 0.619865775108337 0.558919548988342 0.553856372833252 0.518161416053772 0.500603079795837 0.464904248714447 0.48255068063736 0.414982676506042
-3.4e+38 -3.4e+38 -3.4e+38 -3.4e+38 -3.4e+38 -3.4e+38 -3.4e+38 -3.4e+38 -3.4e+38 -3.4e+38 -3.4e+38 -3.4e+38 -3.4e+38 -3.4e+38 -3.4e+38 -3.4e+38 0.404564321041107 0.503550112247467 0.646043181419373 0.771147429943085 0.77062851190567 0.812434554100037 0.834933519363403 0.859892964363098 0.869163691997528 0.874914169311523 0.878105103969574 0.853176236152649 0.844618260860443 0.805305004119873 0.851258814334869 0.842654943466187 0.835194110870361 0.81057995557785 0.788233935832977 0.706254541873932 0.643894731998444 0.643682479858398 0.581741809844971 0.554836988449097 0.520318448543549 0.484482288360596 0.495327770709991 0.410996556282043 0.357853055000305
-3.4e+38 -3.4e+38 -3.4e+38 -3.4e+38 -3.4e+38 -3.4e+38 -3.4e+38 -3.4e+38 -3.4e+38 -3.4e+38 -3.4e+38 -3.4e+38 -3.4e+38 -3.4e+38 -3.4e+38 0.337124943733215 0.385160505771637 0.514894723892212 0.653595566749573 0.778207004070282 0.818811237812042 0.825435698032379 0.836879670619965 0.851805567741394 0.847305715084076 0.866619050502777 0.85007506608963 0.844923436641693 0.837612867355347 0.780348181724548 0.825078427791595 0.846222102642059 0.782495498657227 0.727951049804688 0.745869338512421 0.738057017326355 0.681504607200623 0.636851131916046 0.592257142066956 0.552526533603668 0.500834167003632 0.477095991373062 0.460706681013107 0.38372403383255 0.291767567396164
-3.4e+38 -3.4e+38 -3.4e+38 -3.4e+38 -3.4e+38 -3.4e+38 -3.4e+38 -3.4e+38 -3.4e+38 -3.4e+38 -3.4e+38 -3.4e+38 -3.4e+38 -3.4e+38 -3.4e+38 0.330960690975189 0.404300391674042 0.525190711021423 0.655061721801758 0.773339450359344 0.795999526977539 0.831100940704346 0.835911631584167 0.854021608829498 0.853589355945587 0.86133337020874 0.838308751583099 0.834227383136749 0.851904034614563 0.846276819705963 0.836129009723663 0.832573413848877 0.79479843378067 0.777219653129578 0.705651104450226 0.674424946308136 0.634452164173126 0.621027588844299 0.57757967710495 0.531337857246399 0.495570152997971 0.487784683704376 0.479582577943802 0.341282874345779 0.255515217781067
-3.4e+38 -3.4e+38 -3.4e+38 -3.4e+38 -3.4e+38 -3.4e+38 -3.4e+38 -3.4e+38 -3.4e+38 -3.4e+38 -3.4e+38 -3.4e+38 -3.4e+38 -3.4e+38 -3.4e+38 0.323178797960281 0.422093123197556 0.554614543914795 0.683919370174408 0.795454502105713 0.821792364120483 0.832879662513733 0.843915343284607 0.843649983406067 0.855069220066071 0.861764192581177 0.824191153049469 0.808003902435303 0.845753252506256 0.847621560096741 0.808657288551331 0.806029915809631 0.786218702793121 0.735273361206055 0.669500350952148 0.637541234493256 0.623664259910583 0.601915001869202 0.545016646385193 0.525449335575104 0.488284945487976 0.462836086750031 0.45425683259964 0.28429588675499 0.285008430480957
-3.4e+38 -3.4e+38 -3.4e+38 -3.4e+38 -3.4e+38 -3.4e+38 -3.4e+38 -3.4e+38 -3.4e+38 -3.4e+38 -3.4e+38 -3.4e+38 -3.4e+38 -3.4e+38 -3.4e+38 0.284704267978668 0.407408475875854 0.563912034034729 0.685451745986938 0.783079028129578 0.824449241161346 0.825498044490814 0.846934258937836 0.830568730831146 0.86439061164856 0.85948783159256 0.810330450534821 0.84362530708313 0.84012895822525 0.828282475471497 0.788122951984406 0.771537303924561 0.748917281627655 0.710785508155823 0.668445944786072 0.640159785747528 0.629568874835968 0.59373551607132 0.55006605386734 0.509176433086395 0.510398507118225 0.464584916830063 0.34715011715889 0.280806660652161 0.287793964147568
-3.4e+38 -3.4e+38 -3.4e+38 -3.4e+38 -3.4e+38 -3.4e+38 -3.4e+38 -3.4e+38 -3.4e+38 -3.4e+38 -3.4e+38 -3.4e+38 -3.4e+38 -3.4e+38 0.181368932127953 0.272021561861038 0.453765451908112 0.562532305717468 0.718090713024139 0.794954657554626 0.802189230918884 0.828284800052643 0.846209406852722 0.850684344768524 0.852657556533813 0.788515150547028 0.700650036334991 0.763919472694397 0.823986709117889 0.816763162612915 0.777825772762299 0.78020042181015 0.739849269390106 0.702589690685272 0.682826519012451 0.632902145385742 0.586879193782806 0.563761353492737 0.533128917217255 0.465301781892776 0.496397972106934 0.415851056575775 0.326435625553131 0.277689397335052 0.199653267860413
-3.4e+38 -3.4e+38 -3.4e+38 -3.4e+38 -3.4e+38 -3.4e+38 -3.4e+38 -3.4e+38 -3.4e+38 -3.4e+38 -3.4e+38 -3.4e+38 -3.4e+38 0.133308157324791 0.181549176573753 0.317472606897354 0.453520774841309 0.61796635389328 0.756061315536499 0.81332916021347 0.836281478404999 0.822971880435944 0.851665735244751 0.86236298084259 0.790341198444366 0.6473188996315 0.707559585571289 0.770411133766174 0.802570700645447 0.818515241146088 0.793743908405304 0.782787799835205 0.746424794197083 0.717220485210419 0.672410070896149 0.620725929737091 0.580969631671906 0.564894676208496 0.531141579151154 0.497345745563507 0.49421426653862 0.473337948322296 0.33959949016571 0.262041449546814 0.192026108503342
-3.4e+38 -3.4e+38 -3.4e+38 -3.4e+38 -3.4e+38 -3.4e+38 -3.4e+38 -3.4e+38 -3.4e+38 -3.4e+38 -3.4e+38 -3.4e+38 -3.4e+38 0.141198843717575 0.22206874191761 0.336040943861008 0.477823078632355 0.644893646240234 0.76175719499588 0.80352371931076 0.8279629945755 0.836994469165802 0.836554765701294 0.865082502365112 0.623286426067352 0.556542992591858 0.617632806301117 0.622142434120178 0.655022919178009 0.759024381637573 0.794760227203369 0.76008665561676 0.73957484960556 0.698690116405487 0.640562772750854 0.591476142406464 0.557725548744202 0.523469388484955 0.483318537473679 0.436284691095352 0.390462040901184 0.434086620807648 0.480190455913544 0.313612073659897 0.174299240112305
-339999999999999996123846586046231871488.000000000000000 -3.4e+38 -3.4e+38 -3.4e+38 -3.4e+38 -3.4e+38 -3.4e+38 -3.4e+38 -3.4e+38 -3.4e+38 -3.4e+38 -3.4e+38 -3.4e+38 0.16712161898613 0.276461690664291 0.373130470514297 0.550578534603119 0.646889865398407 0.787256717681885 0.784882187843323 0.791491985321045 0.821273446083069 0.831444203853607 0.844204604625702 0.682984888553619 0.484605491161346 0.607866585254669 0.571631014347076 0.77436226606369 0.738163828849792 0.772259473800659 0.753026306629181 0.727352023124695 0.69963812828064 0.657842814922333 0.621540546417236 0.576382219791412 0.518180668354034 0.532322287559509 0.514010369777679 0.463592559099197 0.572695791721344 0.487100720405579 0.266223251819611 0.182869210839272
-3.4e+38 -3.4e+38 -3.4e+38 -3.4e+38 -3.4e+38 -3.4e+38 -3.4e+38 -3.4e+38 -3.4e+38 -3.4e+38 -3.4e+38 -3.4e+38 0.140012964606285 0.183089479804039 0.309717088937759 0.420673400163651 0.587355077266693 0.719585776329041 0.807703137397766 0.829079031944275 0.820101499557495 0.821045160293579 0.838785767555237 0.821350157260895 0.63337105512619 0.506233513355255 0.706430315971375 0.731095731258392 0.739379405975342 0.751729190349579 0.761639714241028 0.750088453292847 0.707202970981598 0.667727708816528 0.63132506608963 0.59843522310257 0.609331965446472 0.584395468235016 0.570851147174835 0.567342102527618 0.555756688117981 0.603024363517761 0.351340442895889 0.215585350990295 0.170838996767998
