data/climate_estimation/maxent_output/Fritillaria_caucasica.asc
NCOLS 94 
NROWS 56 
XLLCORNER 40.75 
YLLCORNER 38.5833333333333 
CELLSIZE 0.0833333333333334 
NODATA_value -3.4e+38 
[rows 0 to 19 of 56, columns 0 to 43 of 94]
0.000002061983650 7.19136414772947e-06 1.80510335212603e-06 8.22901256469777e-06 0.000221249749301933 0.000339726975653321 0.000456000911071897 0.00313919107429683 0.00314252846874297 0.00168753950856626 0.00624046567827463 0.0141990771517158 0.0320677980780602 0.0263333469629288 0.0528592653572559 0.109042599797249 0.136583551764488 0.149299517273903 0.160691067576408 0.214852124452591 0.232697874307632 0.239029243588448 0.273049771785736 0.259803235530853 0.306332767009735 0.240853875875473 0.347707718610764 0.372387439012527 0.415354400873184 0.426564037799835 0.266938626766205 0.441456347703934 0.193771466612816 0.0683871954679489 0.0541178733110428 0.0549199543893337 0.0554761216044426 0.0582468174397945 0.0669208317995071 0.087375320494175 0.0905238464474678 0.123806141316891 0.165291324257851 0.27288556098938
6.973260013865e-08 1.19817082122609e-06 1.21319953905186e-06 5.55904705379362e-07 1.89307211257983e-05 1.02989470178727e-05 2.15637828659965e-05 6.18513731751591e-05 0.000470330385724083 0.00151601678226143 0.000111556713818572 4.85749187646434e-05 0.00039206599467434 0.000475726381409913 0.00599010568112135 0.0253106653690338 0.0515917874872684 0.0100213382393122 0.088450625538826 0.0449650920927525 0.152256071567535 0.19786511361599 0.165895059704781 0.214817225933075 0.23851053416729 0.24828077852726 0.227204009890556 0.252518057823181 0.281540989875793 0.328234374523163 0.35291513800621 0.360343962907791 0.0647206753492355 0.238579884171486 0.141814529895782 0.0573508776724339 0.0345990620553493 0.0497265234589577 0.0489680431783199 0.0478382967412472 0.0807747319340706 0.0969628393650055 0.165290325880051 0.25291919708252
-3.4e+38 8.35891214023832e-08 5.69967504304714e-08 5.87581148181471e-08 6.41270219148282e-08 4.93570496473694e-07 4.90184163481899e-07 1.74020317444956e-06 3.27001680489047e-06 9.6078956630663e-06 2.3781298295944e-05 0.00050588563317433 0.000316863472107798 0.00197648676112294 0.00107027497142553 0.00551428459584713 0.00190640054643154 0.000658166827633977 0.00391394132748246 0.00170840474311262 0.00388054200448096 0.00619642669335008 0.00828445423394442 0.01631067879498 0.0213911756873131 0.0665426105260849 0.232907816767693 0.166227847337723 0.202240690588951 0.19693648815155 0.26561963558197 0.242126911878586 0.333708435297012 0.349373996257782 0.356132715940475 0.254217267036438 0.0504340752959251 0.0460067503154278 0.0405692905187607 0.0524866208434105 0.0726198256015778 0.094769224524498 0.139557167887688 0.226305320858955
-3.4e+38 -3.4e+38 9.11634074896028e-08 6.19962818859676e-08 6.3908352387898e-08 6.80527421081933e-08 1.35662332922948e-07 5.20496712397289e-07 1.31143383441668e-06 2.92317940875364e-06 1.5781295587658e-05 0.000539249798748642 0.00174684310331941 0.00154388579539955 0.00093983398983255 0.000184467411600053 5.66804374102503e-05 8.41232103994116e-05 0.000899307546205819 0.00623913249000907 0.0142470179125667 0.0305439867079258 0.00955078843981028 0.0127294445410371 0.0477861016988754 0.0235797893255949 0.0661781057715416 0.15753448009491 0.199309587478638 0.217542588710785 0.183471575379372 0.251858085393906 0.278526395559311 0.304886996746063 0.338366955518723 0.0984155163168907 0.070018082857132 0.220245435833931 0.136120244860649 0.0809051692485809 0.069620206952095 0.0765797644853592 0.102953881025314 0.13982766866684
-3.4e+38 -3.4e+38 -3.4e+38 -3.4e+38 7.84541782650194e-08 8.60627480392395e-08 9.40605318078269e-08 1.17375350328075e-07 1.37141555001108e-07 1.65530465778829e-07 1.29335688825449e-07 6.45451336822589e-07 3.35978324983444e-06 0.000178551315912046 0.000304398097796366 9.90365606412524e-06 0.000733047432731837 0.000179580121766776 0.00107399304397404 0.00917330197989941 0.00432106852531433 0.00446925591677427 0.0142852868884802 0.0140112349763513 0.011537398211658 0.00730963936075568 0.0184144210070372 0.0632064118981361 0.0374711193144321 0.0444069020450115 0.104456789791584 0.174843892455101 0.222519502043724 0.222854822874069 0.150738179683685 0.118816688656807 0.33780899643898 0.203565552830696 0.196025341749191 0.119735978543758 0.0965741574764252 0.215819910168648 0.170843735337257 0.239069208502769
-3.4e+38 -3.4e+38 -3.4e+38 -3.4e+38 9.62666746318064e-08 1.02024415582491e-07 1.43725600310063e-07 2.12002859711902e-07 2.13289709449782e-07 2.21418304136023e-07 1.9899826497749e-07 1.54140067820663e-07 1.7408810890629e-06 1.53933560795849e-05 2.16441458178451e-05 1.24843700177735e-06 2.09267727768747e-05 0.000737963942810893 0.000604162982199341 0.00103124545421451 0.000838082691188902 0.00022462522611022 0.000341687933541834 0.000237165455473587 0.000845229311380535 0.00866335537284613 0.00329819717444479 0.00343320472165942 0.00658247247338295 0.021232757717371 0.0480461306869984 0.0295035932213068 0.023559195920825 0.029075626283884 0.174901828169823 0.275524586439133 0.230309471487999 0.311571478843689 0.122115656733513 0.140552997589111 0.231122598052025 0.309764951467514 0.2699014544487 0.374285906553268
-3.4e+38 -3.4e+38 -3.4e+38 -3.4e+38 -3.4e+38 -3.4e+38 -3.4e+38 2.61340119322995e-07 3.3867178217406e-07 3.33268246777152e-07 3.44487233405744e-07 2.79836683603207e-07 1.88812293799856e-07 5.35233766640886e-07 1.82148923499881e-07 2.86235234625565e-07 4.0453321048517e-07 1.68942751770373e-05 1.66349636856467e-05 0.000105818973679561 7.28510203771293e-05 0.000486149685457349 0.000999708543531597 0.000389854656532407 0.000113639980554581 0.000813287973869592 0.000849271367769688 0.00397557346150279 0.0168216284364462 0.0167025197297335 0.00334871117956936 0.0136604821309447 0.0500886626541615 0.00877610128372908 0.0115881087258458 0.0634955018758774 0.279167354106903 0.221662133932114 0.0949130952358246 0.248301461338997 0.333701878786087 0.367377787828445 0.358273297548294 0.356347292661667
-3.4e+38 -3.4e+38 -3.4e+38 -3.4e+38 -3.4e+38 -3.4e+38 -3.4e+38 -3.4e+38 3.96004935510064e-07 5.10720155944e-07 4.57100497897045e-07 4.87797251480515e-07 2.96939532518081e-07 3.01301582794622e-07 2.98012736266173e-07 3.58260365374008e-07 5.652187837768e-07 4.31439275416778e-07 7.81395897320181e-07 3.59814202965936e-06 1.21116145237465e-05 0.000101297766377684 5.01729336974677e-05 8.05018316896167e-06 1.45998474181397e-05 6.2413266277872e-05 0.000221327398321591 0.000762665993534029 0.00086047692457214 0.00075126503361389 0.000388795539038256 0.00137344759423286 0.00115633232053369 0.00198421441018581 0.0291672442108393 0.132903814315796 0.165994018316269 0.177115499973297 0.199380964040756 0.155028089880943 0.256414532661438 0.324986398220062 0.370774656534195 0.359582155942917
-3.4e+38 -3.4e+38 -3.4e+38 -3.4e+38 -3.4e+38 -3.4e+38 -3.4e+38 -3.4e+38 -3.4e+38 7.04256478911702e-07 7.11720986146247e-07 6.73868953526835e-07 5.08153561895597e-07 3.46924821315042e-07 4.40749346353186e-07 6.60964701637567e-07 8.8331563574684e-07 9.7871611615119e-07 8.35048126646143e-07 3.75513337758093e-07 4.06493018090259e-06 1.75729910552036e-05 7.88912984717172e-06 1.43480237966287e-05 7.79066067480016e-06 1.30422349684522e-05 1.67597008839948e-05 3.88571243092883e-05 6.11623181612231e-05 0.000118857926281635 0.000216627959161997 0.000499795482028276 0.00115702883340418 0.00165295170154423 0.00394653389230371 0.0137873757630587 0.0534629598259926 0.13669990003109 0.229105100035667 0.115925788879395 0.0845333337783813 0.164897918701172 0.382192432880402 0.377411186695099
-3.4e+38 -3.4e+38 -3.4e+38 -3.4e+38 -3.4e+38 -3.4e+38 -3.4e+38 -3.4e+38 -3.4e+38 1.05692390661716e-06 1.29180364183412e-06 1.36109190407296e-06 1.11287920390168e-06 6.93992319611425e-07 7.04560704889445e-07 1.35407447032776e-06 1.80241272573767e-06 2.01150919565407e-06 1.74024546595319e-06 1.78498942204897e-06 4.74559811891595e-07 6.86285261508601e-07 1.71805925219815e-06 2.58828595178784e-06 1.55768589138461e-06 1.53983019117732e-05 0.000144218996865675 0.000347403110936284 0.000263223249930888 0.000583393673878163 0.00156188267283142 0.00205767434090376 0.00307000358588994 0.00594790792092681 0.010602630674839 0.012720076367259 0.0132237235084176 0.0152320042252541 0.0351697318255901 0.0314189232885838 0.145083159208298 0.31171503663063 0.314055591821671 0.374208718538284
-3.4e+38 -3.4e+38 -3.4e+38 -3.4e+38 -3.4e+38 -3.4e+38 -3.4e+38 -3.4e+38 -3.4e+38 1.71616511579487e-06 2.36935875363997e-06 2.48434412242204e-06 2.12954887501837e-06 1.64409095759765e-06 2.36539403886127e-06 2.40873737311631e-06 2.7273913474346e-06 3.5300381568959e-06 5.28556120116264e-06 6.93645188221126e-06 6.91242712491658e-06 7.4233498708054e-06 3.46066826750757e-06 2.59749594988534e-06 2.3357961254078e-06 2.94261144517804e-06 1.17825884444756e-05 0.000124561440316029 0.000376158423023298 0.000475216307677329 0.000142320233862847 0.000177482608705759 0.000371299916878343 0.000808629032690078 0.00145930028520525 0.00480030244216323 0.0112394914031029 0.00855829287320375 0.00988571066409349 0.0232633668929338 0.0771320015192032 0.131167873740196 0.109222926199436 0.182488217949867
-3.4e+38 -3.4e+38 -3.4e+38 -3.4e+38 -3.4e+38 -3.4e+38 -3.4e+38 -3.4e+38 -3.4e+38 -3.4e+38 4.89820649818284e-06 4.55600957138813e-06 4.58747217635391e-06 4.68758798888302e-06 4.23326582676964e-06 4.45373643742641e-06 4.91111450173776e-06 9.14482734515332e-06 1.35853260871954e-05 1.79479975486174e-05 1.77089023054577e-05 2.32313195738243e-05 1.91060662473319e-05 1.11148410724127e-05 6.79982304063742e-06 5.54749021830503e-06 8.27307212603046e-06 1.4835961337667e-05 2.79679952654988e-05 7.14842608431354e-05 0.000122725410619751 0.000256565544987097 0.000489527999889106 0.00111718208063394 0.00385843962430954 0.00600269623100758 0.00602158904075623 0.00918228551745415 0.00998221803456545 0.013249209150672 0.0181637406349182 0.0349476560950279 0.0594123229384422 0.102106705307961
-3.4e+38 -3.4e+38 -3.4e+38 -3.4e+38 -3.4e+38 -3.4e+38 -3.4e+38 -3.4e+38 -3.4e+38 -3.4e+38 9.18032219487941e-06 1.13453279482201e-05 9.66101652011275e-06 9.67003416008083e-06 8.43207544676261e-06 7.53363610783708e-06 9.40966310736258e-06 1.52052871271735e-05 2.3769889594405e-05 3.17902340611909e-05 3.60926969733555e-05 4.01321303797886e-05 3.82501530111767e-05 3.19561804644763e-05 3.56558812200092e-05 2.83090012089815e-05 2.54664755630074e-05 3.35017866746057e-05 4.52826170658227e-05 6.7031811340712e-05 0.000286730093648657 0.000873996235895902 0.00161178922280669 0.0023894791956991 0.00454955687746406 0.00491633778437972 0.00610027462244034 0.00945671182125807 0.012544646859169 0.0160959530621767 0.0219388734549284 0.0295960865914822 0.0321577899158001 0.053763497620821
-3.4e+38 -3.4e+38 -3.4e+38 -3.4e+38 -3.4e+38 -3.4e+38 -3.4e+38 -3.4e+38 -3.4e+38 -3.4e+38 1.72128002304817e-05 1.78896389115835e-05 1.28763986140257e-05 1.05666176750674e-05 1.00083670986351e-05 1.01864634416415e-05 1.53956516442122e-05 1.965235969692e-05 2.68536732619395e-05 3.62783866876271e-05 4.88800615130458e-05 5.48655225429684e-05 5.54263824597001e-05 5.36198895133566e-05 3.91987960028928e-05 3.77428114006761e-05 4.29367064498365e-05 5.25651121279225e-05 6.30420909146778e-05 0.000122037607070524 0.000346234417520463 0.00105767336208373 0.00263990135863423 0.00714919809252024 0.00616030162200332 0.00813419558107853 0.010704442858696 0.0127817634493113 0.0223105549812317 0.0290190111845732 0.0368467681109905 0.05007279291749 0.0486030913889408 0.0537701919674873
-339999999999999996123846586046231871488.000000000000000 -3.4e+38 -3.4e+38 -3.4e+38 -3.4e+38 -3.4e+38 -3.4e+38 -3.4e+38 -3.4e+38 -3.4e+38 -3.4e+38 1.34121155497269e-05 1.07959822344128e-05 7.64236483519198e-06 6.72245278110495e-06 5.72977160118171e-06 8.96461733645992e-06 1.02645699371351e-05 1.13390897240606e-05 9.16044609766686e-06 1.46332022268325e-05 1.91502113011666e-05 1.99518453882774e-05 1.36068601932493e-05 2.09749578061746e-05 2.41226061916677e-05 6.74499460728839e-05 6.93415422574617e-05 0.000118704912893008 0.000189703729120083 0.00164302508346736 0.00568398088216782 0.00910632405430079 0.0117704048752785 0.00981650501489639 0.0117544727399945 0.0140946516767144 0.0200608372688293 0.0346154943108559 0.05020971596241 0.0587902292609215 0.0975851789116859 0.131232038140297 0.135339692234993
-3.4e+38 -3.4e+38 -3.4e+38 -3.4e+38 -3.4e+38 -3.4e+38 -3.4e+38 -3.4e+38 -3.4e+38 -3.4e+38 -3.4e+38 -3.4e+38 6.20617765889619e-06 4.94682035423466e-06 5.9652807067323e-06 7.99583995103603e-06 9.8936316135223e-06 9.58401142270304e-06 8.25715414976003e-06 4.88117257191334e-06 2.23542247113073e-05 0.000135826630867086 0.000128470666822977 0.000438261922681704 0.000453721848316491 0.000572526070754975 0.00125727429986 0.00344084645621479 0.00349600752815604 0.0018824408762157 0.00178955832961947 0.00739701185375452 0.0166796389967203 0.0157261583954096 0.0189100317656994 0.0329522341489792 0.0427425988018513 0.0693451464176178 0.0709214434027672 0.0843664929270744 0.100697219371796 0.140104487538338 0.170857489109039 0.268988251686096
-3.4e+38 -3.4e+38 -3.4e+38 -3.4e+38 -3.4e+38 -3.4e+38 -3.4e+38 -3.4e+38 -3.4e+38 -3.4e+38 -3.4e+38 -3.4e+38 3.50709478880162e-06 3.65247888112208e-06 5.38076346856542e-06 6.50211813990609e-06 5.28465307070292e-06 2.04374646273209e-05 1.68082260643132e-05 2.88900282612303e-05 0.00017782294889912 0.000306655623717234 0.000116833783977199 0.000799910631030798 0.00115907331928611 0.00361621519550681 0.00423797778785229 0.00524154864251614 0.00547333341091871 0.0232907459139824 0.0352844521403313 0.0437889881432056 0.0483983606100082 0.0646990910172462 0.0655422806739807 0.104047700762749 0.120006427168846 0.131451666355133 0.141163378953934 0.184781223535538 0.209167614579201 0.237926498055458 0.298472434282303 0.366161048412323
-3.4e+38 -3.4e+38 -3.4e+38 -3.4e+38 -3.4e+38 -3.4e+38 -3.4e+38 -3.4e+38 -3.4e+38 -3.4e+38 -3.4e+38 8.73859107741737e-07 1.89861373200984e-06 3.80145866074599e-06 5.4612696658296e-06 1.96686396520818e-05 2.04325478989631e-05 1.46976071846439e-05 3.01939671771834e-05 2.83585723082069e-05 5.53394893358927e-05 0.000178540329216048 0.000260933127719909 0.000335049582645297 0.00326130446046591 0.00490792281925678 0.00413006357848644 0.0196515247225761 0.0305575747042894 0.0626375749707222 0.0764407142996788 0.0845083668828011 0.116579480469227 0.124784722924232 0.120430625975132 0.15707091987133 0.155492007732391 0.204757258296013 0.263420820236206 0.275965303182602 0.308677524328232 0.363966166973114 0.380581647157669 0.402519345283508
-3.4e+38 -3.4e+38 -3.4e+38 -3.4e+38 -3.4e+38 -3.4e+38 -3.4e+38 -3.4e+38 -3.4e+38 -3.4e+38 -3.4e+38 1.01169860045047e-06 2.7300200144964e-06 5.56313307242817e-06 2.6483301553526e-05 6.91011664457619e-05 6.30791982985102e-05 0.000195460408576764 9.50597241171636e-05 0.000388550775824115 0.000146287682582624 0.000547307310625911 0.00605234084650874 0.00537630217149854 0.0333496406674385 0.102282762527466 0.0962149649858475 0.0826448649168015 0.0666205510497093 0.0968848764896393 0.101808182895184 0.0778515264391899 0.155227571725845 0.123427554965019 0.160536035895348 0.220045611262321 0.273866057395935 0.339538127183914 0.340130209922791 0.431546598672867 0.442656099796295 0.441606968641281 0.556656360626221 0.596639394760132
-3.4e+38 -3.4e+38 -3.4e+38 -3.4e+38 -3.4e+38 -3.4e+38 -3.4e+38 -3.4e+38 -3.4e+38 1.07105279312236e-06 9.22089157029404e-07 2.08083974939655e-06 8.78088030731305e-06 9.76107730821241e-06 1.12630850708229e-05 2.61739933193894e-05 5.41341869393364e-05 0.000140023592393845 0.000348643399775028 0.00144904525950551 0.000917935918550938 0.00037661415990442 0.00180510687641799 0.0123578226193786 0.115826010704041 0.118923418223858 0.129771456122398 0.121756330132484 0.191229045391083 0.281963050365448 0.331127136945724 0.176596775650978 0.172719746828079 0.273744851350784 0.285635203123093 0.272059828042984 0.38225045800209 0.57029002904892 0.60792076587677 0.598271191120148 0.676007449626923 0.698102235794067 0.693976640701294 0.812474489212036
