data/climate_estimation/maxent_output/Fritillaria_verticillata.asc
NCOLS 803 
NROWS 299 
XLLCORNER 70.5833333333333 
YLLCORNER 26.5833333333333 
CELLSIZE 0.0833333333333333 
NODATA_value -3.4e+38 
[rows 189 to 209 of 299, columns 288 to 335 of 803]
0.184707462787628 0.214065223932266 0.198252707719803 0.186911106109619 0.208255156874657 0.186310976743698 0.240164667367935 0.250385105609894 0.280705451965332 0.297525227069855 0.306562483310699 0.300389289855957 0.304484724998474 0.302977174520493 0.310501873493195 0.314022153615952 0.302394151687622 0.241745889186859 0.253288954496384 0.237232193350792 0.3069669008255 0.36492583155632 0.394034594297409 0.342595726251602 0.29352992773056 0.324464827775955 0.32297071814537 0.347835630178452 0.346348226070404 0.31998348236084 0.294816076755524 0.249928057193756 0.251961231231689 0.30457466840744 0.468136847019196 0.287347465753555 0.236503526568413 0.24475122988224 0.31092369556427 0.343233793973923 0.357653141021729 0.52915495634079 0.621274471282959 0.383696317672729 0.405403167009354 0.610393643379211 0.408090710639954 0.398426473140717
0.158819854259491 0.176700636744499 0.162160068750381 0.176858484745026 0.173599883913994 0.196913823485374 0.192272752523422 0.183285132050514 0.194743856787682 0.207404434680939 0.230711415410042 0.226378992199898 0.221825927495956 0.22086189687252 0.252298682928085 0.274399012327194 0.286338895559311 0.275720566511154 0.2811558842659 0.255545526742935 0.257630437612534 0.276142477989197 0.2846739590168 0.258179485797882 0.253538101911545 0.296131879091263 0.351914823055267 0.398391336202621 0.410798788070679 0.410556644201279 0.397502541542053 0.366226881742477 0.333171397447586 0.303732931613922 0.313956558704376 0.291649341583252 0.291073858737946 0.309450268745422 0.276769697666168 0.286561757326126 0.533595860004425 0.618427157402039 0.549772322177887 0.558747828006744 0.398354887962341 0.406317710876465 0.438107013702393 0.376913726329803
0.184674322605133 0.181863769888878 0.177673816680908 0.170895516872406 0.171943172812462 0.178528934717178 0.189423725008965 0.201370403170586 0.217397019267082 0.228625670075417 0.233325034379959 0.239809617400169 0.244009837508202 0.251015782356262 0.250238120555878 0.262086391448975 0.284227550029755 0.295962005853653 0.293274790048599 0.359284192323685 0.344163686037064 0.335673779249191 0.325383126735687 0.31183260679245 0.284272581338882 0.278843343257904 0.308288365602493 0.351003140211105 0.371691256761551 0.361727982759476 0.394207119941711 0.501766681671143 0.507563591003418 0.523245871067047 0.516995012760162 0.534029304981232 0.517587125301361 0.53729510307312 0.564796805381775 0.387244552373886 0.387699663639069 0.521005928516388 0.317665189504623 0.322581619024277 0.289562165737152 0.28934183716774 0.360757410526276 0.356935322284698
0.198836252093315 0.202526122331619 0.207774803042412 0.214830219745636 0.223330438137054 0.227416902780533 0.218679919838905 0.20643837749958 0.218325793743134 0.227643221616745 0.237589314579964 0.233292460441589 0.240393429994583 0.248570948839188 0.23200935125351 0.268355160951614 0.253145605325699 0.3138627409935 0.354306310415268 0.334029287099838 0.354584962129593 0.363469988107681 0.362689614295959 0.35547411441803 0.342667996883392 0.329834699630737 0.311332702636719 0.298562109470367 0.297853797674179 0.307042121887207 0.358863741159439 0.366909205913544 0.368681341409683 0.355038225650787 0.30504322052002 0.281269967556 0.2789566218853 0.354752480983734 0.504050552845001 0.521005928516388 0.576157689094543 0.39185106754303 0.317010223865509 0.277523845434189 0.277052581310272 0.281439572572708 0.259443044662476 0.267181426286697
0.219196379184723 0.216496631503105 0.228811383247375 0.215468421578407 0.215567141771317 0.223362252116203 0.221074655652046 0.225548475980759 0.214256778359413 0.235452204942703 0.233102649450302 0.233904257416725 0.255264192819595 0.253638386726379 0.224396705627441 0.263057500123978 0.255370646715164 0.308761775493622 0.317569345235825 0.31447097659111 0.323081105947495 0.338547557592392 0.329074025154114 0.310886263847351 0.331067264080048 0.269977241754532 0.26887583732605 0.300859838724136 0.320218950510025 0.306237906217575 0.319565176963806 0.334621697664261 0.348062753677368 0.348814964294434 0.321506261825562 0.284154176712036 0.257054179906845 0.267528265714645 0.272889286279678 0.326216369867325 0.374340057373047 0.331847012042999 0.337983995676041 0.380151838064194 0.365531980991364 0.375378787517548 0.3814457654953 0.347162306308746
0.222260937094688 0.205713734030724 0.226583153009415 0.247732326388359 0.236675411462784 0.230625346302986 0.227068707346916 0.2386374771595 0.232945948839188 0.233117312192917 0.240499213337898 0.260696589946747 0.261164367198944 0.263827502727509 0.270814508199692 0.277428090572357 0.344296634197235 0.31244370341301 0.300739645957947 0.299443513154984 0.31327098608017 0.336979657411575 0.300509572029114 0.306443244218826 0.295901417732239 0.264930933713913 0.314955204725266 0.333846181631088 0.313546925783157 0.317222267389297 0.314848154783249 0.305722713470459 0.292411357164383 0.31104177236557 0.315896689891815 0.315634310245514 0.309104233980179 0.306603223085403 0.291476160287857 0.287322223186493 0.297174483537674 0.280250757932663 0.287957608699799 0.321431249380112 0.373583287000656 0.363664656877518 0.39002788066864 0.411161541938782
0.230242446064949 0.22429396212101 0.249363154172897 0.241872385144234 0.22660893201828 0.241008386015892 0.24317267537117 0.235928684473038 0.250585913658142 0.242456391453743 0.233116015791893 0.232558071613312 0.231423676013947 0.235340714454651 0.260633081197739 0.271049290895462 0.350874811410904 0.338409423828125 0.322095215320587 0.337117344141006 0.340623527765274 0.350749433040619 0.361625909805298 0.334249436855316 0.303749293088913 0.348858326673508 0.342243373394012 0.305381506681442 0.326764911413193 0.332332104444504 0.323509842157364 0.327709943056107 0.305549204349518 0.319277077913284 0.334286868572235 0.332923769950867 0.332897454500198 0.329844355583191 0.339302271604538 0.339071720838547 0.32795062661171 0.311016738414764 0.291298389434814 0.300380736589432 0.342703014612198 0.348565250635147 0.388579487800598 0.375515669584274
0.254328459501266 0.26380243897438 0.259227216243744 0.250197380781174 0.245483890175819 0.231035277247429 0.236938044428825 0.24490188062191 0.24523888528347 0.248934924602509 0.234516113996506 0.214019775390625 0.216399252414703 0.213423073291779 0.248695611953735 0.256314426660538 0.336337625980377 0.341410487890244 0.339241087436676 0.336944729089737 0.355940848588943 0.365760266780853 0.37469556927681 0.377340793609619 0.382116347551346 0.376030802726746 0.354688584804535 0.336562037467957 0.342375934123993 0.335700631141663 0.360076934099197 0.325703531503677 0.313920915126801 0.319022536277771 0.360483050346375 0.355369329452515 0.356877952814102 0.366892278194427 0.375381767749786 0.374120652675629 0.370626658201218 0.356321305036545 0.348820269107819 0.348820269107819 0.323295742273331 0.328719884157181 0.353651762008667 0.344676524400711
0.277457982301712 0.282357662916183 0.270490884780884 0.269122689962387 0.259381830692291 0.238229632377625 0.232370227575302 0.229296877980232 0.238365605473518 0.245058760046959 0.257184863090515 0.243672326207161 0.210263520479202 0.22101528942585 0.227531760931015 0.30769607424736 0.317925274372101 0.321400940418243 0.323486179113388 0.312412738800049 0.342444121837616 0.351726710796356 0.365649700164795 0.379539996385574 0.388428568840027 0.389387756586075 0.391601145267487 0.386612057685852 0.364238083362579 0.379526346921921 0.378882199525833 0.358984589576721 0.349187225103378 0.378364950418472 0.384144335985184 0.368095219135284 0.369599372148514 0.389168530702591 0.376655697822571 0.37873101234436 0.374367713928223 0.386067241430283 0.367445915937424 0.346523970365524 0.333366543054581 0.327328592538834 0.358344733715057 0.356375217437744
0.255505859851837 0.2656409740448 0.280242264270782 0.280435740947723 0.257016658782959 0.245846912264824 0.210208877921104 0.202873229980469 0.22232061624527 0.225548461079597 0.236868977546692 0.261044859886169 0.251402676105499 0.234936073422432 0.29404154419899 0.303282558917999 0.308222442865372 0.315839201211929 0.315839201211929 0.320698171854019 0.316785901784897 0.323029071092606 0.321563601493835 0.338692933320999 0.369338780641556 0.388421237468719 0.387807220220566 0.372779071331024 0.390929460525513 0.394692301750183 0.398499608039856 0.397413581609726 0.397413581609726 0.395672172307968 0.394344747066498 0.376797467470169 0.392495185136795 0.397727906703949 0.389570415019989 0.374233275651932 0.37699431180954 0.387183785438538 0.379162073135376 0.340669900178909 0.325863540172577 0.329580098390579 0.370497018098831 0.373596459627151
0.224107325077057 0.235187470912933 0.235152944922447 0.265620768070221 0.296892464160919 0.28271222114563 0.235040351748466 0.199263989925385 0.194873034954071 0.226249769330025 0.245590582489967 0.262313336133957 0.257672548294067 0.244975134730339 0.239359319210052 0.303327083587646 0.289108067750931 0.317256659269333 0.326551347970963 0.34196749329567 0.350692689418793 0.35407617688179 0.341914266347885 0.32024484872818 0.358449786901474 0.385075867176056 0.388736873865128 0.380851596593857 0.371594429016113 0.377323120832443 0.386739104986191 0.401556551456451 0.4058438539505 0.396908074617386 0.387720823287964 0.396457731723785 0.399521172046661 0.400075703859329 0.396310061216354 0.371724307537079 0.379164576530457 0.39098909497261 0.390464156866074 0.386965274810791 0.375791698694229 0.363568753004074 0.37792494893074 0.380298525094986
0.274262577295303 0.249878615140915 0.270381599664688 0.244991362094879 0.293357610702515 0.276346921920776 0.262136250734329 0.231980189681053 0.197317317128181 0.202555701136589 0.234799817204475 0.263842314481735 0.266976207494736 0.293467670679092 0.302593946456909 0.311232268810272 0.31103453040123 0.313250333070755 0.323673486709595 0.332476019859314 0.316210329532623 0.328523874282837 0.344275057315826 0.364589601755142 0.36800891160965 0.360568851232529 0.350032567977905 0.336663842201233 0.363977611064911 0.388499468564987 0.383432060480118 0.388962090015411 0.402555406093597 0.407755255699158 0.408518493175507 0.403351992368698 0.407102406024933 0.402538120746613 0.392667055130005 0.383494108915329 0.389552563428879 0.393230199813843 0.394208818674088 0.395693719387054 0.394964665174484 0.390619188547134 0.382643491029739 0.374061912298203
0.307084083557129 0.313330054283142 0.307898372411728 0.303787976503372 0.305145740509033 0.27758663892746 0.254668027162552 0.223976358771324 0.236414134502411 0.22456294298172 0.2164116948843 0.261622846126556 0.289872169494629 0.303332537412643 0.258967876434326 0.320490777492523 0.306391447782516 0.296697527170181 0.325259834527969 0.328686952590942 0.310288578271866 0.299988001585007 0.323554128408432 0.347066223621368 0.357009172439575 0.35605725646019 0.360567361116409 0.364125341176987 0.357789099216461 0.363446921110153 0.377275675535202 0.386857777833939 0.396169811487198 0.399776726961136 0.408305525779724 0.404115110635757 0.389245092868805 0.387077659368515 0.37772125005722 0.398015707731247 0.393448770046234 0.393448770046234 0.397366493940353 0.388036042451859 0.390502333641052 0.388718366622925 0.369679927825928 0.381215810775757
0.242762520909309 0.25945508480072 0.287152081727982 0.299507468938828 0.320659995079041 0.290026843547821 0.258577406406403 0.25014254450798 0.277744859457016 0.272532075643539 0.234248712658882 0.269983142614365 0.254917323589325 0.250887393951416 0.334771007299423 0.348771184682846 0.323333442211151 0.306294292211533 0.310315310955048 0.313784450292587 0.318355530500412 0.313523381948471 0.316080927848816 0.335492849349976 0.337672591209412 0.355776101350784 0.362744748592377 0.353476703166962 0.360913962125778 0.350486099720001 0.357000857591629 0.370780944824219 0.373332798480988 0.3693628013134 0.378785043954849 0.400523811578751 0.364222168922424 0.360599428415298 0.381829589605331 0.399151772260666 0.410328030586243 0.409960925579071 0.411325514316559 0.409755349159241 0.394964963197708 0.407622307538986 0.374006181955338 0.369303017854691
0.247610971331596 0.228028327226639 0.24809218943119 0.252457141876221 0.272938311100006 0.30544838309288 0.304397791624069 0.280205309391022 0.264439553022385 0.307013630867004 0.284968763589859 0.293317288160324 0.278409540653229 0.294737696647644 0.281438499689102 0.355385988950729 0.34100404381752 0.338288098573685 0.319255441427231 0.309518069028854 0.304002314805984 0.304764449596405 0.322360277175903 0.330037087202072 0.315846383571625 0.319093018770218 0.332177639007568 0.344685703516006 0.345012336969376 0.364117741584778 0.379425138235092 0.388270854949951 0.378323286771774 0.364253610372543 0.378618866205215 0.39458042383194 0.383665204048157 0.377385586500168 0.367200493812561 0.38826909661293 0.401806890964508 0.408209472894669 0.39777883887291 0.407647848129272 0.414037823677063 0.407615810632706 0.401979804039001 0.356546521186829
0.282477498054504 0.2564597427845 0.229498893022537 0.227954834699631 0.253496110439301 0.258237689733505 0.300406217575073 0.30861485004425 0.305294007062912 0.316419541835785 0.25595286488533 0.246922582387924 0.253791868686676 0.337981671094894 0.359151303768158 0.349416762590408 0.31016331911087 0.303850591182709 0.298438876867294 0.313055455684662 0.328032910823822 0.307812422513962 0.317245900630951 0.33446130156517 0.347500175237656 0.343048244714737 0.346281766891479 0.34642219543457 0.355535805225372 0.369048595428467 0.384650111198425 0.368461638689041 0.357946515083313 0.36011603474617 0.380254715681076 0.389655590057373 0.370228230953217 0.380294948816299 0.365745574235916 0.363065719604492 0.371151357889175 0.391516834497452 0.39177143573761 0.366758495569229 0.371927827596664 0.37952721118927 0.41148915886879 0.40899595618248
0.283186167478561 0.296797633171082 0.274382740259171 0.247097656130791 0.240369528532028 0.269517719745636 0.264093458652496 0.244979292154312 0.235643595457077 0.277503699064255 0.324919044971466 0.302630960941315 0.298454254865646 0.334223836660385 0.319620847702026 0.342396944761276 0.319226622581482 0.304515689611435 0.313014060258865 0.350874096155167 0.360933095216751 0.348286092281342 0.332753360271454 0.318949699401855 0.325312286615372 0.349409937858582 0.353674292564392 0.356826841831207 0.350300669670105 0.365744382143021 0.36417829990387 0.34615895152092 0.341125518083572 0.34885248541832 0.364281386137009 0.377958744764328 0.364815205335617 0.363945782184601 0.355468451976776 0.344648361206055 0.35853099822998 0.355468451976776 0.383257687091827 0.39880383014679 0.375042140483856 0.372322469949722 0.404589354991913 0.424942553043365
0.25936096906662 0.279036939144135 0.292867332696915 0.270175486803055 0.253233581781387 0.239727482199669 0.229293674230576 0.248464167118073 0.259994089603424 0.285680115222931 0.308957874774933 0.325767487287521 0.297581046819687 0.30301433801651 0.352959513664246 0.337106049060822 0.332226932048798 0.309362888336182 0.338067591190338 0.372948199510574 0.366129159927368 0.356990605592728 0.383858174085617 0.351352661848068 0.327773958444595 0.357416093349457 0.352057427167892 0.350736856460571 0.355175107717514 0.350123226642609 0.382120043039322 0.371884912252426 0.358379572629929 0.345098584890366 0.330324083566666 0.348059147596359 0.324714481830597 0.33936020731926 0.344486594200134 0.341029703617096 0.345093160867691 0.368136614561081 0.388078629970551 0.3884117603302 0.41008660197258 0.392407685518265 0.388070374727249 0.39963898062706
0.256003856658936 0.25150266289711 0.268498361110687 0.288550585508347 0.27731004357338 0.257829427719116 0.225375726819038 0.285105347633362 0.312506705522537 0.272833436727524 0.308533519506454 0.327699661254883 0.357310473918915 0.327194213867188 0.38226118683815 0.352941632270813 0.3061643242836 0.313610941171646 0.323737412691116 0.347241461277008 0.340482771396637 0.34449091553688 0.390906989574432 0.395684868097305 0.349204629659653 0.38827195763588 0.368734955787659 0.38123083114624 0.366298705339432 0.369564116001129 0.379636079072952 0.378294616937637 0.363644242286682 0.344345420598984 0.324850559234619 0.318773090839386 0.313350081443787 0.334341764450073 0.348128139972687 0.349445432424545 0.357351809740067 0.352075845003128 0.37028306722641 0.376078963279724 0.408710241317749 0.405800104141235 0.395121544599533 0.393537402153015
0.251410216093063 0.264892399311066 0.275900661945343 0.27209460735321 0.263192385435104 0.269393444061279 0.257722407579422 0.314962327480316 0.304960578680038 0.317267686128616 0.359533965587616 0.357668042182922 0.415023624897003 0.352206170558929 0.344135761260986 0.399824589490891 0.345057666301727 0.348449438810349 0.358925223350525 0.355545848608017 0.344986528158188 0.334500759840012 0.3704814016819 0.4289910197258 0.378375887870789 0.403865486383438 0.411157220602036 0.399302035570145 0.346954733133316 0.360995978116989 0.36991885304451 0.391043782234192 0.376541644334793 0.353692352771759 0.330040037631989 0.308711111545563 0.327454060316086 0.334414571523666 0.338512897491455 0.342453092336655 0.363053619861603 0.376744031906128 0.382288157939911 0.376747906208038 0.401473075151443 0.419039934873581 0.408772766590118 0.394452035427094
0.247619360685349 0.26940855383873 0.268049001693726 0.256180942058563 0.24737386405468 0.311039686203003 0.327933073043823 0.363439440727234 0.34439218044281 0.288831412792206 0.288100451231003 0.297016829252243 0.360594898462296 0.400825947523117 0.438594609498978 0.404016405344009 0.376416325569153 0.34804305434227 0.342659831047058 0.371780842542648 0.403718918561935 0.384562462568283 0.341692388057709 0.404028028249741 0.365367203950882 0.344870060682297 0.366965562105179 0.37975937128067 0.379528909921646 0.362907111644745 0.37495094537735 0.388053864240646 0.374061167240143 0.353080987930298 0.357187062501907 0.358400136232376 0.348172008991241 0.319036453962326 0.346724957227707 0.361253023147583 0.370675474405289 0.357918351888657 0.372698187828064 0.395404011011124 0.4099300801754 0.418713480234146 0.414570480585098 0.389554232358932
