data/climate_estimation/maxent_output/Fritillaria_przewalskii.asc
NCOLS 80 
NROWS 78 
XLLCORNER 97.9166666666667 
YLLCORNER 30 
CELLSIZE 0.0833333333333334 
NODATA_value -3.4e+38 
[rows 40 to 59 of 78, columns 0 to 43 of 80]
0.843466639518738 0.82504266500473 0.858575463294983 0.862931370735168 0.686521828174591 0.651666760444641 0.668838500976562 0.705614507198334 0.699793219566345 0.639144420623779 0.636726438999176 0.611501574516296 0.614646255970001 0.677780270576477 0.710485935211182 0.717002153396606 0.71766185760498 0.696288466453552 0.732446551322937 0.745265662670135 0.576311409473419 0.592523694038391 0.608784377574921 0.598533511161804 0.641095221042633 0.651848554611206 0.655016303062439 0.664493322372437 0.697373747825623 0.717467308044434 0.72879695892334 0.757488489151001 0.73641449213028 0.885877370834351 0.762155532836914 0.775534808635712 0.769035935401917 0.773284554481506 0.765623569488525 0.791793465614319 0.843307375907898 0.844353973865509 0.944708287715912 0.873238027095795
0.864132642745972 0.83552098274231 0.827780604362488 0.840008676052094 0.872625589370728 0.704742252826691 0.700208604335785 0.727468609809875 0.724479496479034 0.721295237541199 0.670333981513977 0.702406823635101 0.664374470710754 0.649636089801788 0.674448013305664 0.702783524990082 0.727175951004028 0.748767554759979 0.713789761066437 0.582812488079071 0.573369741439819 0.63735169172287 0.632216811180115 0.644488573074341 0.668915748596191 0.679250836372375 0.675771176815033 0.679551124572754 0.678163170814514 0.698519945144653 0.732279360294342 0.739486992359161 0.759275436401367 0.889395236968994 0.76812607049942 0.774547398090363 0.791964113712311 0.797889292240143 0.792335212230682 0.836622536182404 0.949840426445007 0.879399836063385 0.961326718330383 0.953470408916473
0.829111516475677 0.840754806995392 0.874692976474762 0.722595572471619 0.734138071537018 0.722927689552307 0.716652989387512 0.73439759016037 0.741400182247162 0.750094711780548 0.738415002822876 0.72399890422821 0.72817188501358 0.719890773296356 0.712648749351501 0.70116513967514 0.726459562778473 0.770725011825562 0.767132937908173 0.620416045188904 0.636577486991882 0.618598341941833 0.616444885730743 0.668140590190887 0.650809407234192 0.676224648952484 0.705168068408966 0.695814490318298 0.698797762393951 0.695505321025848 0.722771644592285 0.711072623729706 0.761920273303986 0.894472002983093 0.788890302181244 0.800495266914368 0.795543968677521 0.815821349620819 0.843072593212128 0.850422143936157 0.867236971855164 0.872150599956512 0.956635475158691 0.95665055513382
0.697836399078369 0.715005457401276 0.655843436717987 0.686995565891266 0.763315975666046 0.775603473186493 0.757041275501251 0.793102204799652 0.779183328151703 0.761255741119385 0.78341805934906 0.765943825244904 0.777047276496887 0.787565946578979 0.762970805168152 0.737718105316162 0.740114331245422 0.773220241069794 0.792517244815826 0.809105813503265 0.651744484901428 0.654711008071899 0.64805006980896 0.67988920211792 0.695086896419525 0.678956747055054 0.699583172798157 0.726307153701782 0.713525295257568 0.691662013530731 0.68598747253418 0.715770423412323 0.75368320941925 0.78475284576416 0.808692097663879 0.801764011383057 0.817614197731018 0.815782129764557 0.847150325775146 0.856422603130341 0.863770008087158 0.876147568225861 0.884782612323761 0.900732755661011
0.641982436180115 0.665825486183167 0.664633512496948 0.716520607471466 0.758730232715607 0.768727242946625 0.756087303161621 0.790119528770447 0.771599113941193 0.783340036869049 0.779767632484436 0.761773884296417 0.804194509983063 0.783336520195007 0.763610661029816 0.772383272647858 0.750889956951141 0.802071630954742 0.819812834262848 0.807730674743652 0.674426317214966 0.692173957824707 0.675275266170502 0.666820824146271 0.720562219619751 0.703983008861542 0.714012384414673 0.703985989093781 0.723451197147369 0.740601897239685 0.741520285606384 0.738030314445496 0.750890135765076 0.773032307624817 0.806669235229492 0.807066679000854 0.830666959285736 0.85020112991333 0.842174470424652 0.864472150802612 0.88012969493866 0.886074602603912 0.956141591072083 0.903283715248108
0.689974069595337 0.664227426052094 0.660857617855072 0.720442175865173 0.754426777362823 0.763103365898132 0.784497201442719 0.773653447628021 0.801768004894257 0.762540400028229 0.753730893135071 0.780944645404816 0.789060831069946 0.812888145446777 0.786639392375946 0.783590495586395 0.777644455432892 0.793314754962921 0.802534401416779 0.68991219997406 0.667182266712189 0.688494682312012 0.67603874206543 0.689633667469025 0.704198598861694 0.691149234771729 0.693655490875244 0.706497311592102 0.718887329101562 0.745596945285797 0.784667015075684 0.783792912960052 0.769717991352081 0.779148757457733 0.807307541370392 0.811761140823364 0.840382099151611 0.837280631065369 0.853074789047241 0.854884803295135 0.886108636856079 0.878508865833282 0.892170965671539 0.904432058334351
0.711510360240936 0.71371203660965 0.725404858589172 0.744506537914276 0.737027645111084 0.789553165435791 0.785014390945435 0.772092342376709 0.775515615940094 0.771628737449646 0.787521600723267 0.774025201797485 0.804766893386841 0.801037609577179 0.808664083480835 0.812960386276245 0.809368550777435 0.810153484344482 0.694185853004456 0.676560461521149 0.668260216712952 0.71226292848587 0.700929403305054 0.674303352832794 0.705865442752838 0.688686549663544 0.660841524600983 0.698867559432983 0.709789335727692 0.708891987800598 0.747561514377594 0.763303339481354 0.793140232563019 0.783814013004303 0.814798057079315 0.838801741600037 0.842448234558105 0.859373271465302 0.821666240692139 0.864337861537933 0.937163949012756 0.890786170959473 0.884372770786285 0.95604407787323
0.904900133609772 0.89483642578125 0.784161984920502 0.729014754295349 0.756693243980408 0.778763711452484 0.807460010051727 0.785152852535248 0.768190920352936 0.780908763408661 0.776034355163574 0.800372242927551 0.831163287162781 0.818095505237579 0.830690860748291 0.809478759765625 0.82756233215332 0.799134731292725 0.849184930324554 0.703320741653442 0.647551655769348 0.673268616199493 0.709159553050995 0.701432704925537 0.700076580047607 0.720385730266571 0.690335631370544 0.721505403518677 0.716797411441803 0.740336537361145 0.742202877998352 0.771223604679108 0.778676986694336 0.802199602127075 0.805538654327393 0.815323233604431 0.847461462020874 0.858364403247833 0.858756959438324 0.869577169418335 0.881076216697693 0.889865100383759 0.871950030326843 0.873476147651672
0.829578042030334 0.838681578636169 0.786226153373718 0.75451248884201 0.756483316421509 0.78156578540802 0.788844704627991 0.781171441078186 0.783803462982178 0.801100730895996 0.790460884571075 0.811128079891205 0.82562267780304 0.837437391281128 0.839594483375549 0.818983018398285 0.843758642673492 0.86195033788681 0.702540159225464 0.690853774547577 0.673281788825989 0.684455931186676 0.677458643913269 0.727716863155365 0.706470906734467 0.726236283779144 0.723284840583801 0.745422422885895 0.732034623622894 0.720851123332977 0.748364806175232 0.772074162960052 0.774647295475006 0.812456429004669 0.816193163394928 0.837078213691711 0.841897964477539 0.821274518966675 0.870650708675385 0.870464384555817 0.881485879421234 0.892824769020081 0.899555325508118 0.947860419750214
0.750141143798828 0.772351980209351 0.890411615371704 0.876378536224365 0.77547025680542 0.811467051506042 0.797841489315033 0.780333697795868 0.82030588388443 0.798890888690948 0.819463729858398 0.828411340713501 0.826225876808167 0.842691719532013 0.835904836654663 0.852490782737732 0.821080505847931 0.865850925445557 0.856687426567078 0.705149948596954 0.727778196334839 0.717353165149689 0.728389620780945 0.746469676494598 0.739619493484497 0.737357258796692 0.738274037837982 0.744208931922913 0.765362143516541 0.748575031757355 0.76849490404129 0.788131713867188 0.805818915367126 0.799100935459137 0.832458198070526 0.843941330909729 0.845859467983246 0.850929737091064 0.839410960674286 0.864990472793579 0.883303999900818 0.90493381023407 0.918939292430878 0.884911477565765
0.787394285202026 0.731740117073059 0.778320074081421 0.889683783054352 0.817643821239471 0.792500615119934 0.805686473846436 0.826722025871277 0.827240824699402 0.81349766254425 0.833356022834778 0.817067444324493 0.809592843055725 0.837347269058228 0.827003479003906 0.852347671985626 0.845969080924988 0.860047698020935 0.863191783428192 0.731046080589294 0.742845833301544 0.735109329223633 0.736756980419159 0.722581148147583 0.74308854341507 0.762230634689331 0.770696997642517 0.739359259605408 0.73697829246521 0.761330008506775 0.770056486129761 0.802525341510773 0.794410169124603 0.823816895484924 0.823959290981293 0.833163440227509 0.844537019729614 0.867698013782501 0.868805706501007 0.859400570392609 0.884598314762115 0.897262036800385 0.919054388999939 0.92323112487793
0.763121068477631 0.776952624320984 0.891549348831177 0.909804105758667 0.800137162208557 0.805601954460144 0.790180146694183 0.803786039352417 0.813762843608856 0.804656565189362 0.820928871631622 0.827371716499329 0.840550780296326 0.832053065299988 0.838994026184082 0.829196214675903 0.850782036781311 0.856834352016449 0.86219584941864 0.741694450378418 0.719664096832275 0.738136768341064 0.751839876174927 0.741935431957245 0.753067791461945 0.743542313575745 0.747707664966583 0.745974481105804 0.765393137931824 0.769718050956726 0.795166611671448 0.800657987594604 0.805680513381958 0.809465527534485 0.831903100013733 0.855381309986115 0.852187752723694 0.861985862255096 0.881890892982483 0.878579616546631 0.872406601905823 0.906410992145538 0.909376442432404 0.919968843460083
0.765728235244751 0.793503999710083 0.804950952529907 0.787270307540894 0.875548541545868 0.796470999717712 0.813127100467682 0.81944352388382 0.806584119796753 0.81667423248291 0.814888119697571 0.81080037355423 0.828686952590942 0.8356813788414 0.82056725025177 0.834492266178131 0.839595794677734 0.867253959178925 0.857221186161041 0.741480946540833 0.765576243400574 0.750777125358582 0.750834703445435 0.75676703453064 0.764595150947571 0.780435502529144 0.776882708072662 0.766352772712708 0.786853194236755 0.772096037864685 0.789101243019104 0.807755529880524 0.812995374202728 0.828652501106262 0.841064810752869 0.864615678787231 0.847960352897644 0.862900376319885 0.880080461502075 0.87948352098465 0.899483919143677 0.898407220840454 0.867075681686401 0.899044036865234
0.767900884151459 0.804286956787109 0.806648313999176 0.824142634868622 0.811685144901276 0.855961561203003 0.823550283908844 0.790345013141632 0.816225469112396 0.83435070514679 0.800960540771484 0.815703392028809 0.816600561141968 0.838906407356262 0.85538238286972 0.842055380344391 0.860152542591095 0.847433805465698 0.859040677547455 0.875835716724396 0.749094009399414 0.757982850074768 0.763185918331146 0.773407340049744 0.771901249885559 0.760317385196686 0.774207353591919 0.768728017807007 0.782039225101471 0.792485654354095 0.805322051048279 0.81807678937912 0.808606207370758 0.831087708473206 0.845504701137543 0.857613861560822 0.850781083106995 0.890315890312195 0.900175273418427 0.903636515140533 0.898763120174408 0.906302928924561 0.903952836990356 0.909807503223419
0.787523806095123 0.759887278079987 0.793379604816437 0.796937823295593 0.818941950798035 0.807791173458099 0.877461731433868 0.808906555175781 0.809920370578766 0.82477867603302 0.834811568260193 0.83269464969635 0.809362769126892 0.833128333091736 0.85469913482666 0.843397736549377 0.864172279834747 0.863698303699493 0.881974935531616 0.856184363365173 0.765019655227661 0.750574111938477 0.747202754020691 0.773138761520386 0.792202115058899 0.77924644947052 0.774319112300873 0.784661710262299 0.775115013122559 0.800685167312622 0.786911487579346 0.807196795940399 0.823333859443665 0.801054418087006 0.861284971237183 0.86091935634613 0.8011794090271 0.831107676029205 0.882733643054962 0.908824861049652 0.801734924316406 0.930529892444611 0.935941457748413 0.829776763916016
0.783781230449677 0.762984454631805 0.781915366649628 0.780982255935669 0.820531487464905 0.817006945610046 0.87854391336441 0.813315749168396 0.81146365404129 0.840693652629852 0.824535548686981 0.840057849884033 0.80390077829361 0.823201835155487 0.8394415974617 0.840170621871948 0.871730029582977 0.857143819332123 0.859077095985413 0.866737186908722 0.859738826751709 0.771338105201721 0.776683390140533 0.78379225730896 0.769327223300934 0.792197287082672 0.783741235733032 0.797798812389374 0.785067439079285 0.811890244483948 0.81317126750946 0.812315583229065 0.832001268863678 0.79097181558609 0.812696933746338 0.809979319572449 0.877134442329407 0.882048785686493 0.79209703207016 0.890080392360687 0.899440050125122 0.911926686763763 0.915567874908447 0.921173393726349
0.778915166854858 0.810218691825867 0.798831462860107 0.803814589977264 0.900727927684784 0.781693577766418 0.780601620674133 0.897786796092987 0.840635061264038 0.824702858924866 0.829286634922028 0.822810351848602 0.840871274471283 0.666782200336456 0.844208359718323 0.857317686080933 0.846575200557709 0.862654805183411 0.850076377391815 0.870968163013458 0.864434063434601 0.881820738315582 0.780382633209229 0.753464460372925 0.773853421211243 0.782552182674408 0.808249592781067 0.772840023040771 0.79508513212204 0.783166825771332 0.810346305370331 0.839867234230042 0.812658607959747 0.837551951408386 0.830323398113251 0.86127907037735 0.868543326854706 0.848267316818237 0.831686079502106 0.805608868598938 0.806991040706635 0.889009177684784 0.908057808876038 0.868999838829041
0.896579742431641 0.818449676036835 0.799131572246552 0.91068696975708 0.872566103935242 0.875653088092804 0.928092956542969 0.791138827800751 0.88765686750412 0.846281766891479 0.845903396606445 0.815975785255432 0.842119753360748 0.872474789619446 0.85620778799057 0.844411253929138 0.852183103561401 0.866467595100403 0.882839977741241 0.886434495449066 0.8588587641716 0.851621806621552 0.882230937480927 0.889435410499573 0.890300929546356 0.792406141757965 0.806237578392029 0.756575882434845 0.790820181369781 0.816290199756622 0.811114728450775 0.828407883644104 0.840102732181549 0.834930300712585 0.836994290351868 0.828377485275269 0.87124890089035 0.883083462715149 0.877125442028046 0.91360867023468 0.878688097000122 0.909085810184479 0.912448167800903 0.823121547698975
0.907993912696838 0.800426542758942 0.823021233081818 0.811859846115112 0.830813527107239 0.864669740200043 0.805581510066986 0.87657767534256 0.829774618148804 0.848620891571045 0.930760025978088 0.855179250240326 0.925701677799225 0.832621037960052 0.862034440040588 0.878933966159821 0.868462026119232 0.854901432991028 0.871853053569794 0.870219469070435 0.866677939891815 0.885099053382874 0.873837053775787 0.850428938865662 0.829560697078705 0.847729742527008 0.898164451122284 0.766735434532166 0.755172848701477 0.808424532413483 0.825354695320129 0.794858396053314 0.839776575565338 0.815883994102478 0.834348738193512 0.828073561191559 0.85471510887146 0.886178493499756 0.909310460090637 0.868584036827087 0.834580719470978 0.917064845561981 0.838174402713776 0.868835628032684
0.909336447715759 0.892424166202545 0.899491906166077 0.902884244918823 0.876374185085297 0.884726166725159 0.868443489074707 0.90431547164917 0.9025017619133 0.828735768795013 0.929419159889221 0.85675436258316 0.844802021980286 0.926216959953308 0.919837296009064 0.942985951900482 0.923148095607758 0.862296283245087 0.879445135593414 0.884567737579346 0.89184558391571 0.899607419967651 0.894381046295166 0.911519885063171 0.906705260276794 0.899211168289185 0.885046184062958 0.813708364963531 0.840683341026306 0.917403936386108 0.862513601779938 0.793816804885864 0.89882630109787 0.897614419460297 0.851058602333069 0.851198673248291 0.862975478172302 0.870146870613098 0.909607887268066 0.917105078697205 0.921363830566406 0.871034324169159 0.914325892925262 0.862075209617615
