data/climate_estimation/maxent_output/Fritillaria_pyrenaica.asc
NCOLS 145 
NROWS 47 
XLLCORNER -8.5 
YLLCORNER 40.1666666666667 
CELLSIZE 0.0833333333333333 
NODATA_value -3.4e+38 
[rows 0 to 19 of 47, columns 0 to 44 of 145]
-339999999999999996123846586046231871488.000000000000000 -3.4e+38 -3.4e+38 -3.4e+38 -3.4e+38 -3.4e+38 -3.4e+38 -3.4e+38 -3.4e+38 -3.4e+38 -3.4e+38 -3.4e+38 -3.4e+38 -3.4e+38 -3.4e+38 -3.4e+38 -3.4e+38 -3.4e+38 -3.4e+38 -3.4e+38 -3.4e+38 -3.4e+38 -3.4e+38 -3.4e+38 -3.4e+38 -3.4e+38 -3.4e+38 -3.4e+38 -3.4e+38 -3.4e+38 -3.4e+38 -3.4e+38 -3.4e+38 -3.4e+38 -3.4e+38 -3.4e+38 -3.4e+38 -3.4e+38 -3.4e+38 -3.4e+38 -3.4e+38 -3.4e+38 -3.4e+38 -3.4e+38 -3.4e+38
-3.4e+38 -3.4e+38 -3.4e+38 -3.4e+38 -3.4e+38 -3.4e+38 -3.4e+38 -3.4e+38 -3.4e+38 -3.4e+38 -3.4e+38 -3.4e+38 -3.4e+38 -3.4e+38 -3.4e+38 -3.4e+38 -3.4e+38 -3.4e+38 -3.4e+38 -3.4e+38 -3.4e+38 -3.4e+38 -3.4e+38 -3.4e+38 -3.4e+38 -3.4e+38 -3.4e+38 -3.4e+38 -3.4e+38 -3.4e+38 -3.4e+38 -3.4e+38 -3.4e+38 -3.4e+38 -3.4e+38 -3.4e+38 -3.4e+38 -3.4e+38 -3.4e+38 -3.4e+38 -3.4e+38 -3.4e+38 -3.4e+38 -3.4e+38 -3.4e+38
-3.4e+38 -3.4e+38 -3.4e+38 -3.4e+38 -3.4e+38 -3.4e+38 -3.4e+38 -3.4e+38 -3.4e+38 -3.4e+38 -3.4e+38 -3.4e+38 -3.4e+38 -3.4e+38 -3.4e+38 -3.4e+38 -3.4e+38 -3.4e+38 -3.4e+38 -3.4e+38 -3.4e+38 -3.4e+38 -3.4e+38 -3.4e+38 -3.4e+38 -3.4e+38 -3.4e+38 -3.4e+38 -3.4e+38 -3.4e+38 -3.4e+38 -3.4e+38 -3.4e+38 -3.4e+38 -3.4e+38 -3.4e+38 -3.4e+38 -3.4e+38 -3.4e+38 -3.4e+38 -3.4e+38 -3.4e+38 -3.4e+38 -3.4e+38 -3.4e+38
-3.4e+38 -3.4e+38 -3.4e+38 -3.4e+38 -3.4e+38 -3.4e+38 -3.4e+38 0.0494138821959496 -3.4e+38 0.0571684241294861 0.0568339116871357 -3.4e+38 -3.4e+38 -3.4e+38 -3.4e+38 -3.4e+38 -3.4e+38 -3.4e+38 -3.4e+38 -3.4e+38 -3.4e+38 -3.4e+38 -3.4e+38 -3.4e+38 -3.4e+38 -3.4e+38 -3.4e+38 -3.4e+38 -3.4e+38 -3.4e+38 -3.4e+38 -3.4e+38 -3.4e+38 -3.4e+38 -3.4e+38 -3.4e+38 -3.4e+38 -3.4e+38 -3.4e+38 -3.4e+38 -3.4e+38 -3.4e+38 -3.4e+38 -3.4e+38 -3.4e+38
-3.4e+38 -3.4e+38 -3.4e+38 -3.4e+38 -3.4e+38 0.0426629744470119 0.0412089191377163 0.0486202053725719 0.0558302067220211 0.0606652833521366 0.0685955584049225 0.0732868015766144 0.0821074843406677 0.0867145955562592 -3.4e+38 -3.4e+38 -3.4e+38 -3.4e+38 -3.4e+38 -3.4e+38 -3.4e+38 -3.4e+38 -3.4e+38 -3.4e+38 -3.4e+38 -3.4e+38 -3.4e+38 -3.4e+38 -3.4e+38 -3.4e+38 -3.4e+38 -3.4e+38 -3.4e+38 -3.4e+38 -3.4e+38 -3.4e+38 -3.4e+38 -3.4e+38 -3.4e+38 -3.4e+38 -3.4e+38 -3.4e+38 -3.4e+38 -3.4e+38 -3.4e+38
-3.4e+38 -3.4e+38 -3.4e+38 0.0385756380856037 0.0393120609223843 0.0445737913250923 0.047138374298811 0.0558243840932846 0.0617492012679577 0.0650967434048653 0.074859507381916 0.0865718424320221 0.0938314348459244 0.0974597558379173 0.109929248690605 -3.4e+38 -3.4e+38 -3.4e+38 -3.4e+38 -3.4e+38 -3.4e+38 -3.4e+38 -3.4e+38 -3.4e+38 -3.4e+38 -3.4e+38 -3.4e+38 0.102512963116169 -3.4e+38 0.0815476849675179 0.0799537822604179 0.0730850100517273 0.0725082457065582 0.0709236338734627 -3.4e+38 -3.4e+38 -3.4e+38 -3.4e+38 -3.4e+38 -3.4e+38 -3.4e+38 -3.4e+38 -3.4e+38 -3.4e+38 -3.4e+38
-3.4e+38 -3.4e+38 0.0361881069839001 0.0416548885405064 0.0436756871640682 0.0468367151916027 0.0550574213266373 0.0578089393675327 0.063601128757 0.0694484859704971 0.0836836323142052 0.088082492351532 0.107185520231724 0.12221996486187 0.124050281941891 0.14280092716217 0.153368294239044 0.139404654502869 0.154204040765762 0.1492580473423 0.163429424166679 0.145004823803902 0.165072619915009 0.150304898619652 0.152604326605797 0.146936684846878 0.131023421883583 0.115006767213345 0.104510791599751 0.0898483917117119 0.0872980132699013 0.0778829380869865 0.0715741515159607 0.0733949467539787 0.0751611813902855 0.0855425968766212 0.0866552665829659 0.0914869457483292 0.102224744856358 -3.4e+38 -3.4e+38 -3.4e+38 -3.4e+38 -3.4e+38 -3.4e+38
-3.4e+38 -3.4e+38 0.0365953110158443 0.0413427762687206 0.0447861365973949 0.0503786355257034 0.0547853782773018 0.0612065084278584 0.07183488458395 0.0754258260130882 0.0888444557785988 0.0976318940520287 0.115025103092194 0.131529688835144 0.149552881717682 0.170994162559509 0.17745004594326 0.172061651945114 0.194222643971443 0.214871019124985 0.209943979978561 0.213815122842789 0.220789939165115 0.215835839509964 0.18676346540451 0.181876003742218 0.200297147035599 0.150289967656136 0.121454209089279 0.111126728355885 0.101007305085659 0.0898415669798851 0.0852532163262367 0.0859993770718575 0.102228134870529 0.114384770393372 0.104657471179962 0.119514763355255 0.125743538141251 0.140763595700264 0.120963826775551 0.128580436110497 0.129711151123047 0.12828366458416 0.126526966691017
0.0341220386326313 0.0347154885530472 0.0388666093349457 0.0502614006400108 0.0489410273730755 0.0567161962389946 0.0646291896700859 0.066058836877346 0.0805172547698021 0.0905409529805183 0.107137471437454 0.125817731022835 0.143549934029579 0.163147822022438 0.183817327022552 0.189613208174706 0.218661740422249 0.233377024531364 0.261607050895691 0.254568248987198 0.262207508087158 0.266093045473099 0.289864480495453 0.263528794050217 0.282810479402542 0.303644478321075 0.240875586867332 0.186070874333382 0.152191370725632 0.127450600266457 0.112266421318054 0.101015694439411 0.101417690515518 0.107502736151218 0.118491463363171 0.124015346169472 0.135094523429871 0.146484896540642 0.15836438536644 0.142800316214561 0.14506334066391 0.168854534626007 0.177363827824593 0.179187163710594 0.221049010753632
0.0388850681483746 0.0420189201831818 0.0458216927945614 0.0533722266554832 0.0564171448349953 0.0559465438127518 0.0614462085068226 0.077738530933857 0.0911238491535187 0.10857679694891 0.126686245203018 0.163224965333939 0.171703517436981 0.201991111040115 0.213464617729187 0.248097658157349 0.260546743869781 0.295407652854919 0.291631102561951 0.309682607650757 0.335563272237778 0.352250963449478 0.376599699258804 0.350454121828079 0.342612981796265 0.314723640680313 0.345268607139587 0.287369787693024 0.278119742870331 0.242102846503258 0.193033516407013 0.148299053311348 0.14094389975071 0.148015394806862 0.184981644153595 0.233830198645592 0.25378143787384 0.228272214531898 0.283380270004272 0.256786346435547 0.215154260396957 0.29457613825798 0.308693528175354 0.287695378065109 0.245163545012474
0.0430635623633862 0.0457790829241276 0.0519415773451328 0.0561665631830692 0.0574455633759499 0.0644364282488823 0.0684132650494576 0.0927420258522034 0.104496985673904 0.137558713555336 0.156108364462852 0.186812251806259 0.223133444786072 0.238354474306107 0.260590434074402 0.281501412391663 0.327617019414902 0.346019148826599 0.363269567489624 0.363778948783875 0.404223263263702 0.413014560937881 0.445123642683029 0.433445990085602 0.440426588058472 0.469524741172791 0.45501247048378 0.455029189586639 0.457531988620758 0.338858515024185 0.460693448781967 0.333289295434952 0.214340209960938 0.328732401132584 0.353914439678192 0.327908039093018 0.359485805034637 0.379688531160355 0.465425431728363 0.404948651790619 0.386098384857178 0.457389980554581 0.564395844936371 0.498973369598389 0.522638440132141
0.0500650182366371 0.0544570758938789 0.0564506314694881 0.0595762766897678 0.0623361095786095 0.066618025302887 0.0831138864159584 0.0957779362797737 0.114494666457176 0.1427401304245 0.176085591316223 0.221161350607872 0.248047709465027 0.277297377586365 0.309064477682114 0.349102795124054 0.359644532203674 0.386918753385544 0.436005443334579 0.45848822593689 0.486291468143463 0.494666785001755 0.535332202911377 0.535540282726288 0.565421342849731 0.537801146507263 0.558980643749237 0.599204838275909 0.561122894287109 0.601844549179077 0.535072803497314 0.51646089553833 0.437948644161224 0.484194874763489 0.521926999092102 0.50885683298111 0.573386430740356 0.58563494682312 0.557686388492584 0.556110918521881 0.565154671669006 0.535181939601898 0.578431069850922 0.613232791423798 0.583854913711548
0.057782609015703 0.0608200952410698 0.064173698425293 0.0669384822249413 0.0681390538811684 0.07408057898283 0.083954818546772 0.104321300983429 0.137398019433022 0.166610658168793 0.19860976934433 0.251919448375702 0.281573116779327 0.333646446466446 0.356138557195663 0.395070165395737 0.416464179754257 0.476826608181 0.488829255104065 0.543934941291809 0.575925648212433 0.567754983901978 0.631466567516327 0.598674654960632 0.611543238162994 0.513601958751678 0.529229640960693 0.617382407188416 0.595772743225098 0.658313035964966 0.63237738609314 0.682545244693756 0.660311639308929 0.673741519451141 0.698834180831909 0.69221955537796 0.664389073848724 0.710924863815308 0.685386896133423 0.666528105735779 0.645780265331268 0.641776442527771 0.645446240901947 0.62825471162796 0.65778261423111
0.064944215118885 0.0677026510238647 0.0668972134590149 0.0669785141944885 0.0722116008400917 0.0761189684271812 0.0928429067134857 0.116848573088646 0.150016963481903 0.191328570246696 0.248729631304741 0.297910124063492 0.363093197345734 0.39165398478508 0.423465877771378 0.481922805309296 0.500551402568817 0.537337303161621 0.553324401378632 0.604007244110107 0.633033692836761 0.632074058055878 0.660599529743195 0.625705242156982 0.602949798107147 0.691350936889648 0.715074181556702 0.754567503929138 0.700455784797668 0.731545329093933 0.746762275695801 0.735425412654877 0.765662610530853 0.748639762401581 0.741554796695709 0.768127918243408 0.745365679264069 0.762019872665405 0.742803752422333 0.735145509243011 0.732751667499542 0.716841340065002 0.709220170974731 0.69117134809494 0.719963252544403
0.070116326212883 0.0776701867580414 0.0808265954256058 0.0770821273326874 0.0938014686107635 0.0970009788870811 0.111850090324879 0.134306341409683 0.177271708846092 0.230377838015556 0.283014416694641 0.357172966003418 0.418176710605621 0.437263041734695 0.511711478233337 0.526883482933044 0.579779088497162 0.612861514091492 0.628679275512695 0.595242917537689 0.542895078659058 0.597463488578796 0.720865964889526 0.744473934173584 0.751850783824921 0.752471148967743 0.678420007228851 0.721938669681549 0.711757719516754 0.721149027347565 0.793999254703522 0.791016101837158 0.776906788349152 0.817319989204407 0.808644950389862 0.788142323493958 0.793287813663483 0.774171769618988 0.792849540710449 0.77828985452652 0.791373789310455 0.799626469612122 0.770842850208282 0.775052130222321 0.7492955327034
0.0749771073460579 0.0859416797757149 0.0886352732777596 0.0764032080769539 0.0879104435443878 0.0945296287536621 0.128018662333488 0.158481538295746 0.204537525773048 0.258985877037048 0.345208704471588 0.391070276498795 0.436302810907364 0.504180788993835 0.531257688999176 0.579227924346924 0.64072597026825 0.672553598880768 0.675978183746338 0.545507252216339 0.719425022602081 0.786866128444672 0.805953562259674 0.824237048625946 0.81346583366394 0.728969097137451 0.762447357177734 0.760016620159149 0.826756775379181 0.823221683502197 0.800787687301636 0.805651903152466 0.77806282043457 0.786187529563904 0.760295867919922 0.767301857471466 0.77466231584549 0.767065525054932 0.775574207305908 0.804906070232391 0.80192357301712 0.807251751422882 0.795545101165771 0.815161168575287 0.802162528038025
0.0759653970599174 0.0724443048238754 0.0797727629542351 0.0905976966023445 0.0950558483600616 0.12106816470623 0.142871022224426 0.188002660870552 0.252887785434723 0.342368990182877 0.364456862211227 0.41829451918602 0.501363337039948 0.56421959400177 0.585773587226868 0.538784563541412 0.57078230381012 0.638979613780975 0.745853185653687 0.754061102867126 0.805364429950714 0.827850937843323 0.830205798149109 0.84612101316452 0.840638279914856 0.839104056358337 0.837055921554565 0.82517683506012 0.816078305244446 0.760033905506134 0.707686185836792 0.685743629932404 0.629180788993835 0.65598326921463 0.654159724712372 0.666573882102966 0.66276490688324 0.705305635929108 0.738830804824829 0.782395660877228 0.798540234565735 0.793284356594086 0.821331024169922 0.814600169658661 0.814779281616211
0.0668428391218185 0.0712634101510048 0.0774906873703003 0.100140199065208 0.125285387039185 0.138565644621849 0.175190150737762 0.203027278184891 0.320167750120163 0.431546211242676 0.445057928562164 0.522744417190552 0.614218235015869 0.634720087051392 0.617961525917053 0.669911980628967 0.676323413848877 0.665639936923981 0.80250883102417 0.814779698848724 0.794588804244995 0.70580643415451 0.669775187969208 0.679671347141266 0.720669269561768 0.78487104177475 0.760522663593292 0.755064010620117 0.706191003322601 0.643233060836792 0.585386097431183 0.536617338657379 0.526989161968231 0.476389199495316 0.473515242338181 0.533012270927429 0.562388360500336 0.633429110050201 0.668876945972443 0.725082695484161 0.742588102817535 0.78038877248764 0.804733157157898 0.800696432590485 0.782713651657104
0.0683184638619423 0.0835744440555573 0.0891772508621216 0.108711190521717 0.143348604440689 0.166498631238937 0.190056785941124 0.266492664813995 0.340903073549271 0.489071995019913 0.546123027801514 0.630645215511322 0.617478132247925 0.680908203125 0.751440644264221 0.768574655056 0.725559890270233 0.777456343173981 0.819125890731812 0.74699205160141 0.649274408817291 0.516230225563049 0.456813335418701 0.547075152397156 0.710903167724609 0.751708447933197 0.742725193500519 0.688985824584961 0.593539357185364 0.568673133850098 0.522378981113434 0.457865506410599 0.380342870950699 0.352351605892181 0.287097454071045 0.375177025794983 0.419541478157043 0.509895086288452 0.546485245227814 0.615334093570709 0.661280989646912 0.708245754241943 0.762926936149597 0.783878266811371 0.766085922718048
0.0718797072768211 0.0844514667987823 0.108239367604256 0.145619854331017 0.204043194651604 0.267872124910355 0.323234498500824 0.40182888507843 0.493633031845093 0.572649896144867 0.664655387401581 0.707415282726288 0.725784778594971 0.737133681774139 0.731629490852356 0.733991503715515 0.801639676094055 0.809253096580505 0.795205116271973 0.657870590686798 0.550738573074341 0.724860012531281 0.790435075759888 0.754987239837646 0.742584705352783 0.726455211639404 0.638965308666229 0.570048213005066 0.535461902618408 0.465756177902222 0.411705911159515 0.331977874040604 0.296618968248367 0.25550252199173 0.25688299536705 0.296483755111694 0.336074560880661 0.387537837028503 0.442890077829361 0.553148448467255 0.58561760187149 0.654904663562775 0.704521477222443 0.711883306503296 0.731796026229858
