data/climate_estimation/maxent_output/Fritillaria_striata.asc
NCOLS 8 
NROWS 25 
XLLCORNER -119.25 
YLLCORNER 35 
CELLSIZE 0.0833333333333339 
NODATA_value -3.4e+38 
0.234080910682678 0.0779317617416382 0.0516685582697392 0.0616880133748055 0.0331783220171928 0.0212401784956455 0.0137434788048267 0.0216872859746218
0.642991900444031 0.326161742210388 0.0801175087690353 0.0786238312721252 0.0420787706971169 0.0665948912501335 0.0568060986697674 0.0764748826622963
0.850232779979706 0.832859754562378 0.719630360603333 0.433181881904602 0.182023212313652 0.143630459904671 0.0406309999525547 0.0241186264902353
0.821190237998962 0.60419100522995 0.549321293830872 0.118967346847057 0.203001841902733 0.187563896179199 0.163653999567032 0.138096302747726
0.854597091674805 0.819025039672852 0.609031081199646 0.13877072930336 0.0852272808551788 0.0663758590817451 0.0454574786126614 0.0664454475045204
0.917311489582062 0.872274816036224 0.853497624397278 0.628375351428986 0.299011558294296 0.0966804102063179 0.0467831082642078 0.0202454645186663
0.991320431232452 0.988187789916992 0.904697835445404 0.862364649772644 0.733965396881104 0.471021294593811 0.202805906534195 0.0998155623674393
0.998252630233765 0.996382594108582 0.99341356754303 0.908976793289185 0.876082122325897 0.736951351165771 0.157450750470161 0.0594291314482689
0.997267723083496 0.999132871627808 0.997057735919952 0.960814714431763 0.885832369327545 0.422264635562897 0.102910540997982 0.0335146822035313
0.997919380664825 0.998895466327667 0.996554911136627 0.994999170303345 0.762395083904266 0.606723368167877 0.122091919183731 0.0450520068407059
0.999852120876312 0.999024629592896 0.999760091304779 0.996279895305634 0.944346129894257 0.939334332942963 0.415138602256775 0.139190107584
0.998949587345123 0.999712407588959 0.999823033809662 0.99919605255127 0.997554361820221 0.944321632385254 0.412652343511581 0.224780634045601
0.976002871990204 0.998760759830475 0.999785423278809 0.999514400959015 0.99853926897049 0.955719351768494 0.748517274856567 0.189807772636414
0.937236428260803 0.962992489337921 0.99601948261261 0.999715626239777 0.998953104019165 0.947260975837708 0.626245856285095 0.163192987442017
0.833487927913666 0.904042184352875 0.97689813375473 0.996986329555511 0.99645608663559 0.960222184658051 0.895973920822144 0.366446316242218
0.681321740150452 0.816985726356506 0.926613390445709 0.988570153713226 0.998545706272125 0.986716151237488 0.856771051883698 0.338321328163147
0.59098345041275 0.723222136497498 0.940811097621918 0.990784347057343 0.997415781021118 0.974936068058014 0.852892756462097 0.616777658462524
0.485805988311768 0.724761068820953 0.941637814044952 0.997236609458923 0.998013079166412 0.985013067722321 0.963905334472656 0.564081728458405
0.485652983188629 0.556639015674591 0.848046004772186 0.951744377613068 0.99707555770874 0.988689005374908 0.8882155418396 0.908246755599976
0.417878240346909 0.487584292888641 0.69732654094696 0.850588262081146 0.945602774620056 0.984991014003754 0.993492960929871 0.402674734592438
0.3895143866539 0.432812720537186 0.513366222381592 0.698750019073486 0.856283783912659 0.987822353839874 0.988955914974213 0.937502443790436
0.460602760314941 0.559953808784485 0.587025940418243 0.68779057264328 0.813232779502869 0.924956619739532 0.946028351783752 0.9857577085495
0.563640892505646 0.632936060428619 0.666072607040405 0.784776985645294 0.866541385650635 0.926807940006256 0.997594058513641 0.785909473896027
0.746355295181274 0.750690579414368 0.664720833301544 0.763931691646576 0.886960625648499 0.985404908657074 0.980238854885101 0.846682727336884
0.962926983833313 0.958187937736511 0.985404074192047 0.984149754047394 0.960431635379791 0.994628250598907 0.997069418430328 0.874677121639252
