data/climate_estimation/maxent_output/Fritillaria_montana.asc
NCOLS 209 
NROWS 90 
XLLCORNER 6.58333333333333 
YLLCORNER 39.5 
CELLSIZE 0.0833333333333333 
NODATA_value -3.4e+38 
[rows 22 to 43 of 90, columns 0 to 48 of 209]
0.246926605701447 0.315391302108765 0.192633926868439 0.194313764572144 0.214260801672935 0.201294377446175 0.183419600129128 0.18560479581356 0.224655985832214 0.206407144665718 0.158168733119965 0.0771348029375076 0.0531210191547871 0.0431293174624443 0.0616808347404003 0.0967627093195915 0.096710279583931 0.0983954668045044 0.0970918908715248 0.0924070924520493 0.0886751562356949 0.10566832870245 0.101772457361221 0.0970228686928749 0.0931295827031136 0.0899752229452133 0.776810944080353 0.751453042030334 0.738672733306885 0.709502637386322 0.700362622737885 0.669172525405884 0.629554450511932 0.61171281337738 0.0459039732813835 0.0372441224753857 0.0318105630576611 0.025989593937993 0.0233687292784452 0.0204961802810431 0.0205671954900026 0.0193536281585693 0.0196230057626963 0.0193955674767494 0.0177387613803148 0.0181620512157679 0.0168219637125731 0.0157131217420101 0.0148269850760698
0.458711177110672 0.61488151550293 0.743853509426117 0.758052229881287 0.464630782604218 0.59642368555069 0.575085580348969 0.175291135907173 0.258432447910309 0.119853831827641 0.0948528870940208 0.0633624866604805 0.0416048802435398 0.0640732049942017 0.105122298002243 0.0743796825408936 0.0829904973506927 0.0756570398807526 0.070047989487648 0.079252116382122 0.10860825330019 0.130298778414726 0.132162615656853 0.123617306351662 0.877054274082184 0.855881750583649 0.822867751121521 0.8081995844841 0.790082454681396 0.764926016330719 0.753698170185089 0.754391491413116 0.751114904880524 0.682193279266357 0.633722603321075 0.550122857093811 0.0336968004703522 0.0285419914871454 0.022968603298068 0.0208093672990799 0.0207401420921087 0.020744152367115 0.0197331588715315 0.0187861025333405 0.0188112072646618 0.0170744974166155 0.0159886702895164 0.0149858249351382 0.013935131020844
0.484759777784348 0.438428580760956 0.678775668144226 0.436440795660019 0.278026014566422 0.566979348659515 0.256844460964203 0.238614469766617 0.239768490195274 0.072103850543499 0.0548513941466808 0.0448398105800152 0.0378138832747936 0.0387236587703228 0.0471504889428616 0.0523957498371601 0.0554220452904701 0.0540506355464458 0.060964547097683 0.0751588940620422 0.1099653840065 0.14020349085331 0.941344678401947 0.933492720127106 0.921759009361267 0.905469655990601 0.882708311080933 0.881078481674194 0.851674258708954 0.873023390769958 0.893085062503815 0.902204573154449 0.911381602287292 0.851886212825775 0.761237025260925 0.645946800708771 0.510826587677002 0.0276131518185139 0.0251837149262428 0.0237392596900463 0.361731559038162 0.360934406518936 0.342434018850327 0.0210590641945601 0.0210866052657366 0.0182660780847073 0.0174359269440174 0.0168509688228369 0.0162307415157557
0.787444293498993 0.467934340238571 0.338799297809601 0.206005081534386 0.222734749317169 0.431299239397049 0.508656859397888 0.211925119161606 0.0986187383532524 0.0483952201902866 0.0448673851788044 0.0426676198840141 0.0416987836360931 0.0419203341007233 0.0473980009555817 0.0546110942959785 0.062336377799511 0.0490563437342644 0.0592163316905499 0.0821611881256104 0.124715551733971 0.937130749225616 0.955838859081268 0.948480427265167 0.945547461509705 0.934662520885468 0.925005853176117 0.920853793621063 0.931578040122986 0.95224267244339 0.973587214946747 0.987439632415771 0.984944760799408 0.279534041881561 0.226711571216583 0.867107570171356 0.773440599441528 0.62133651971817 0.529340147972107 0.494912475347519 0.45789909362793 0.43672713637352 0.38479882478714 0.366847038269043 0.324399948120117 0.331049919128418 0.309038698673248 0.0204855166375637 0.0179017502814531
0.429039418697357 0.371455401182175 0.376507610082626 0.413895487785339 0.443014532327652 0.46347439289093 0.25497704744339 0.197770267724991 0.0726768597960472 0.0449582785367966 0.0432743802666664 0.0419946163892746 0.0473321676254272 0.0495111979544163 0.0563457682728767 0.0748254135251045 0.0609773956239223 0.0561986342072487 0.0737043842673302 0.101545974612236 0.929240942001343 0.964349329471588 0.981153607368469 0.968668758869171 0.961710214614868 0.962323367595673 0.955100655555725 0.96200954914093 0.982365310192108 0.985018312931061 0.992872059345245 0.993457317352295 0.383073657751083 0.993131875991821 0.988269507884979 0.9859978556633 0.958950817584991 0.221232041716576 0.867086231708527 0.804267585277557 0.730040073394775 0.610657453536987 0.495354980230331 0.435990452766418 0.427802443504333 0.409989863634109 0.389585465192795 0.372148275375366 0.344056963920593
0.232209727168083 0.602652966976166 0.535541474819183 0.355271816253662 0.210146322846413 0.214528724551201 0.417664080858231 0.232552140951157 0.13816137611866 0.0590771697461605 0.0447696261107922 0.0507942959666252 0.0556791499257088 0.058350570499897 0.0603394396603107 0.0679620131850243 0.0637908056378365 0.0787892565131187 0.120723396539688 0.936301350593567 0.977035343647003 0.994044959545135 0.994043529033661 0.985006511211395 0.987879633903503 0.97987425327301 0.983912348747253 0.982622683048248 0.991747498512268 0.99455314874649 0.419656723737717 0.375121712684631 0.414789825677872 0.995338499546051 0.389577567577362 0.384589791297913 0.379566371440887 0.368769913911819 0.342806309461594 0.955655992031097 0.868488371372223 0.787121415138245 0.66958612203598 0.645608484745026 0.588807463645935 0.532931685447693 0.509863615036011 0.464813947677612 0.413883209228516
0.726347029209137 0.53789746761322 0.276453167200089 0.221250012516975 0.178271949291229 0.448836952447891 0.380060791969299 0.184393256902695 0.221222206950188 0.123405054211617 0.0868522599339485 0.072943277657032 0.069418266415596 0.0776114091277122 0.0844972059130669 0.084643766283989 0.834350645542145 0.165608957409859 0.306897073984146 0.987223446369171 0.997937858104706 0.996238827705383 0.998469233512878 0.997789561748505 0.995170116424561 0.996076643466949 0.996789932250977 0.993163585662842 0.993598639965057 0.995371460914612 0.992240786552429 0.349089354276657 0.996611356735229 0.995186269283295 0.413375049829483 0.40119481086731 0.995362937450409 0.99589604139328 0.996196210384369 0.994358837604523 0.956226825714111 0.952225863933563 0.930725991725922 0.926355957984924 0.790854871273041 0.721346318721771 0.69627583026886 0.640697300434113 0.565437316894531
0.40256941318512 0.369786411523819 0.391185492277145 0.194944888353348 0.256558060646057 0.507383167743683 0.748184978961945 0.215488418936729 0.234154164791107 0.213669002056122 0.142371311783791 0.107749998569489 0.107390061020851 0.818475604057312 0.846080482006073 0.860469996929169 0.93619579076767 0.350979655981064 0.996461987495422 0.999070525169373 0.999479711055756 0.999641597270966 0.999781668186188 0.998656570911407 0.997377276420593 0.992621719837189 0.987706243991852 0.988367557525635 0.986369848251343 0.990379929542542 0.987590551376343 0.991621792316437 0.995637178421021 0.992068707942963 0.983228921890259 0.437584817409515 0.99687922000885 0.997865498065948 0.99688196182251 0.997800707817078 0.995978891849518 0.990099310874939 0.9904505610466 0.981439173221588 0.966157793998718 0.894249856472015 0.935322999954224 0.897329747676849 0.787916541099548
0.315743058919907 0.544115900993347 0.485059976577759 0.344584167003632 0.511346518993378 0.67557954788208 0.717434823513031 0.208281651139259 0.222693875432014 0.233235850930214 0.894387364387512 0.893193244934082 0.90740042924881 0.904454529285431 0.937777519226074 0.943833947181702 0.987908363342285 0.997862339019775 0.999141454696655 0.999689042568207 0.999277114868164 0.99979430437088 0.999393939971924 0.992302179336548 0.988671183586121 0.988230586051941 0.985490918159485 0.940488159656525 0.949254095554352 0.983122169971466 0.986421585083008 0.992776453495026 0.994877338409424 0.997048735618591 0.98316615819931 0.996812403202057 0.998649895191193 0.999200582504272 0.998660445213318 0.996582448482513 0.996029317378998 0.991748690605164 0.988900899887085 0.992002665996552 0.990477681159973 0.989201724529266 0.987934529781342 0.965200126171112 0.916594505310059
0.766990125179291 0.691055774688721 0.430814445018768 0.303019881248474 0.430323243141174 0.504719018936157 0.421731323003769 0.687574565410614 0.842923641204834 0.919755399227142 0.961789965629578 0.95699542760849 0.967951118946075 0.971977114677429 0.981481075286865 0.988013923168182 0.993147075176239 0.99759966135025 0.998033940792084 0.999390363693237 0.999096930027008 0.998576641082764 0.994451403617859 0.983584821224213 0.968195676803589 0.922488391399384 -3.4e+38 0.802716970443726 0.841572225093842 0.966363787651062 0.962310433387756 0.960760295391083 0.980123460292816 0.981067895889282 0.997506320476532 0.999028146266937 0.999384582042694 0.993465483188629 0.998098731040955 0.997206151485443 0.999181807041168 0.984772801399231 0.98707914352417 0.989315629005432 0.988759458065033 0.994208097457886 0.993812382221222 0.99245274066925 0.98007869720459
0.542459070682526 0.374698758125305 0.302950292825699 0.563782095909119 0.35959467291832 0.516164660453796 0.725353538990021 0.794628739356995 0.87289559841156 0.918444097042084 0.938597857952118 0.953141212463379 0.948209702968597 0.963363349437714 0.962507545948029 0.974869191646576 0.980308055877686 0.993646144866943 0.992208063602448 0.994626045227051 0.996809899806976 0.987212121486664 0.933070719242096 -3.4e+38 -3.4e+38 -3.4e+38 -3.4e+38 -3.4e+38 -3.4e+38 -3.4e+38 0.941790997982025 0.93350887298584 0.896850049495697 0.961158514022827 0.978009641170502 0.99694162607193 0.997001111507416 0.99931412935257 0.999678790569305 0.999853849411011 0.9879549741745 0.99959397315979 0.998973548412323 0.986468076705933 0.9763263463974 0.278617829084396 0.985908687114716 0.990698516368866 0.990542471408844
0.692696809768677 0.493113785982132 0.469159156084061 0.503515303134918 0.702661633491516 0.628114998340607 0.426466256380081 0.326070636510849 0.511092007160187 0.757316291332245 0.712835013866425 0.861340224742889 0.728930115699768 0.622102499008179 0.610893130302429 0.795876383781433 0.906499445438385 0.983842372894287 0.984411478042603 0.990790009498596 0.977890074253082 0.949524760246277 0.884097099304199 -3.4e+38 -3.4e+38 -3.4e+38 -3.4e+38 -3.4e+38 -3.4e+38 -3.4e+38 -3.4e+38 -3.4e+38 -3.4e+38 -3.4e+38 0.936205744743347 0.971624195575714 0.987451553344727 0.973337292671204 0.983367681503296 0.990203678607941 0.974363386631012 0.979781329631805 0.998221695423126 0.9994837641716 0.99842631816864 0.988596618175507 0.974264740943909 0.981750547885895 0.991136372089386
0.664024293422699 0.46973916888237 0.799557745456696 0.791247427463531 0.59712952375412 0.705412089824677 0.782236933708191 0.438957363367081 0.449657529592514 0.378486841917038 0.349289864301682 0.689592242240906 0.754700183868408 0.622447490692139 0.822890162467957 0.924407243728638 0.943331956863403 0.98550820350647 0.986157178878784 0.935544073581696 0.834832668304443 -3.4e+38 -3.4e+38 -3.4e+38 -3.4e+38 -3.4e+38 -3.4e+38 -3.4e+38 -3.4e+38 -3.4e+38 -3.4e+38 -3.4e+38 -3.4e+38 -3.4e+38 -3.4e+38 -3.4e+38 0.949395656585693 0.992933452129364 0.947339057922363 0.86700314283371 0.895407855510712 0.993159711360931 0.999706864356995 0.995781302452087 0.999252319335938 0.99926745891571 0.999536037445068 0.990451633930206 0.943041086196899
0.777094066143036 0.729874670505524 0.847846865653992 0.827711462974548 0.780884265899658 0.783425211906433 0.915468335151672 0.801030278205872 0.865260660648346 0.674170970916748 0.53389185667038 0.852508425712585 0.877863883972168 0.836759388446808 0.89190673828125 0.975007176399231 0.968509614467621 0.889152646064758 0.772515833377838 0.709478676319122 -3.4e+38 -3.4e+38 -3.4e+38 -3.4e+38 -3.4e+38 -3.4e+38 -3.4e+38 -3.4e+38 -3.4e+38 -3.4e+38 -3.4e+38 -3.4e+38 -3.4e+38 -3.4e+38 -3.4e+38 -3.4e+38 -3.4e+38 -3.4e+38 0.933979988098145 0.756825804710388 0.847387194633484 0.824893712997437 0.944276511669159 0.999675452709198 0.99864399433136 0.999601542949677 0.996794462203979 0.994024395942688 0.999124765396118
0.837209165096283 0.896804988384247 0.931572794914246 0.925944745540619 0.93207722902298 0.946412265300751 0.979101657867432 0.94884318113327 0.958337247371674 0.876260876655579 0.859497666358948 0.959595203399658 0.925453245639801 0.952817380428314 0.961524724960327 0.959492325782776 0.881169140338898 0.875233888626099 0.678419888019562 0.59008514881134 -3.4e+38 -3.4e+38 -3.4e+38 -3.4e+38 -3.4e+38 -3.4e+38 -3.4e+38 -3.4e+38 -3.4e+38 -3.4e+38 -3.4e+38 -3.4e+38 -3.4e+38 -3.4e+38 -3.4e+38 -3.4e+38 -3.4e+38 -3.4e+38 -3.4e+38 -3.4e+38 -3.4e+38 -3.4e+38 0.808666884899139 0.879790484905243 0.990571558475494 0.999892175197601 0.997342467308044 0.993044435977936 0.999528706073761
0.805999875068665 0.872308909893036 0.908890843391418 0.950588524341583 0.969645380973816 0.969408333301544 0.967581808567047 0.967235505580902 0.960139870643616 0.958309054374695 0.955364346504211 0.930670261383057 0.85794723033905 0.943884968757629 0.919420301914215 0.816015839576721 0.626888275146484 0.593507647514343 0.516976654529572 -3.4e+38 -3.4e+38 -3.4e+38 -3.4e+38 -3.4e+38 -3.4e+38 -3.4e+38 -3.4e+38 -3.4e+38 -3.4e+38 -3.4e+38 -3.4e+38 -3.4e+38 -3.4e+38 -3.4e+38 -3.4e+38 -3.4e+38 -3.4e+38 -3.4e+38 -3.4e+38 -3.4e+38 -3.4e+38 -3.4e+38 -3.4e+38 0.808732628822327 0.848532795906067 0.936154305934906 0.930437386035919 0.925907552242279 0.946722269058228
0.88080108165741 0.857917726039886 0.863294541835785 0.87842470407486 0.919655501842499 0.91707980632782 0.957265377044678 0.804934799671173 0.892111480236053 0.897463977336884 0.923360586166382 0.858928501605988 0.578819811344147 0.781276881694794 0.507189631462097 0.442339420318604 -3.4e+38 -3.4e+38 -3.4e+38 -3.4e+38 -3.4e+38 -3.4e+38 -3.4e+38 -3.4e+38 -3.4e+38 -3.4e+38 -3.4e+38 -3.4e+38 -3.4e+38 -3.4e+38 -3.4e+38 -3.4e+38 -3.4e+38 -3.4e+38 -3.4e+38 -3.4e+38 -3.4e+38 -3.4e+38 -3.4e+38 -3.4e+38 -3.4e+38 -3.4e+38 -3.4e+38 -3.4e+38 0.790296256542206 0.824368238449097 0.944250643253326 0.97626531124115 0.914099216461182
0.892246127128601 0.928866267204285 0.950821816921234 0.937119424343109 0.9509197473526 0.914748013019562 0.709051966667175 0.599377572536469 0.639860153198242 0.855323553085327 0.682829022407532 -3.4e+38 -3.4e+38 -3.4e+38 -3.4e+38 -3.4e+38 -3.4e+38 -3.4e+38 -3.4e+38 -3.4e+38 -3.4e+38 -3.4e+38 -3.4e+38 -3.4e+38 -3.4e+38 -3.4e+38 -3.4e+38 -3.4e+38 -3.4e+38 -3.4e+38 -3.4e+38 -3.4e+38 -3.4e+38 -3.4e+38 -3.4e+38 -3.4e+38 -3.4e+38 -3.4e+38 -3.4e+38 -3.4e+38 -3.4e+38 -3.4e+38 -3.4e+38 -3.4e+38 0.72537237405777 0.732192993164062 0.829123377799988 0.94880884885788 0.902081608772278
0.932435929775238 0.828199803829193 0.774712085723877 0.701096773147583 0.557470202445984 0.570557296276093 0.474770575761795 -3.4e+38 -3.4e+38 -3.4e+38 -3.4e+38 -3.4e+38 -3.4e+38 -3.4e+38 -3.4e+38 -3.4e+38 -3.4e+38 -3.4e+38 -3.4e+38 -3.4e+38 -3.4e+38 -3.4e+38 -3.4e+38 -3.4e+38 -3.4e+38 -3.4e+38 -3.4e+38 -3.4e+38 -3.4e+38 -3.4e+38 -3.4e+38 -3.4e+38 -3.4e+38 -3.4e+38 -3.4e+38 -3.4e+38 -3.4e+38 -3.4e+38 -3.4e+38 -3.4e+38 -3.4e+38 -3.4e+38 -3.4e+38 -3.4e+38 0.705665826797485 0.713513314723969 0.769916653633118 0.824821710586548 0.857059836387634
0.676025688648224 0.67221200466156 0.626846611499786 0.597871959209442 0.390531003475189 0.424156934022903 0.387790441513062 -3.4e+38 -3.4e+38 -3.4e+38 -3.4e+38 -3.4e+38 -3.4e+38 -3.4e+38 -3.4e+38 -3.4e+38 -3.4e+38 -3.4e+38 -3.4e+38 -3.4e+38 -3.4e+38 -3.4e+38 -3.4e+38 -3.4e+38 -3.4e+38 -3.4e+38 -3.4e+38 -3.4e+38 -3.4e+38 -3.4e+38 -3.4e+38 -3.4e+38 -3.4e+38 -3.4e+38 -3.4e+38 -3.4e+38 -3.4e+38 -3.4e+38 -3.4e+38 -3.4e+38 -3.4e+38 -3.4e+38 -3.4e+38 -3.4e+38 0.683496057987213 0.79698258638382 0.819266974925995 0.837928771972656 0.889329671859741
0.544147729873657 0.455771028995514 0.470402359962463 0.469334334135056 0.430618733167648 -3.4e+38 -3.4e+38 -3.4e+38 -3.4e+38 -3.4e+38 -3.4e+38 -3.4e+38 -3.4e+38 -3.4e+38 -3.4e+38 -3.4e+38 -3.4e+38 -3.4e+38 -3.4e+38 -3.4e+38 -3.4e+38 -3.4e+38 -3.4e+38 -3.4e+38 -3.4e+38 -3.4e+38 -3.4e+38 -3.4e+38 -3.4e+38 -3.4e+38 -3.4e+38 -3.4e+38 -3.4e+38 -3.4e+38 -3.4e+38 -3.4e+38 -3.4e+38 -3.4e+38 -3.4e+38 0.520328283309937 -3.4e+38 -3.4e+38 -3.4e+38 -3.4e+38 0.646346092224121 0.78384530544281 0.796702682971954 0.85733038187027 0.962009906768799
0.570029497146606 0.43616509437561 -3.4e+38 -3.4e+38 -3.4e+38 -3.4e+38 -3.4e+38 -3.4e+38 -3.4e+38 -3.4e+38 -3.4e+38 -3.4e+38 -3.4e+38 -3.4e+38 -3.4e+38 -3.4e+38 -3.4e+38 -3.4e+38 -3.4e+38 -3.4e+38 -3.4e+38 -3.4e+38 -3.4e+38 -3.4e+38 -3.4e+38 -3.4e+38 -3.4e+38 -3.4e+38 -3.4e+38 -3.4e+38 -3.4e+38 -3.4e+38 -3.4e+38 -3.4e+38 -3.4e+38 -3.4e+38 -3.4e+38 -3.4e+38 -3.4e+38 -3.4e+38 -3.4e+38 -3.4e+38 -3.4e+38 -3.4e+38 -3.4e+38 0.702956914901733 0.64435338973999 0.783740222454071 0.916436910629272
