data/climate_estimation/maxent_output/Fritillaria_eastwoodiae.asc
NCOLS 48 
NROWS 69 
XLLCORNER -122.916666666667 
YLLCORNER 36.8333333333333 
CELLSIZE 0.0833333333333333 
NODATA_value -3.4e+38 
[rows 19 to 37 of 69, columns 0 to 42 of 48]
0.0741231963038445 0.236273497343063 0.474659889936447 0.48148113489151 0.403412073850632 0.764937222003937 0.771726787090302 0.769171595573425 0.81576532125473 0.821698188781738 0.881066083908081 0.878922164440155 0.77817440032959 0.643759965896606 0.458310663700104 0.153852701187134 0.0772747918963432 0.0531790181994438 0.0435035824775696 0.0346075445413589 0.0234153438359499 0.0131368646398187 0.00870243832468987 0.00665845023468137 0.00551356142386794 0.00398941244930029 0.00358759122900665 0.00325949280522764 0.00224528019316494 0.00240856898017228 0.00236283685080707 0.00198341486975551 0.00175220100209117 0.0016196146607399 0.00133002107031643 0.00163755449466407 0.00162411283235997 0.00140144082251936 0.00140270963311195 0.00130730227101594 0.000877649872563779 0.00114599766675383 0.00140284246299416
0.341747969388962 0.528808295726776 0.484765321016312 0.481178253889084 0.583448231220245 0.762579441070557 0.796194076538086 0.811180949211121 0.825697243213654 0.839760839939117 0.904958009719849 0.910028576850891 0.8165123462677 0.579902410507202 0.542767286300659 0.245772480964661 0.111237496137619 0.0969162359833717 0.0717155933380127 0.0438682548701763 0.0296352375298738 0.0196049883961678 0.0153187746182084 0.00878924783319235 0.00561804324388504 0.00427564885467291 0.00367211154662073 0.00294029992073774 0.00205963361077011 0.00182282493915409 0.00173311727121472 0.00165204959921539 0.0016687479801476 0.00153952767141163 0.00141200236976147 0.00117840885650367 0.00124305149074644 0.00122084189206362 0.00102884822990745 0.000940254773013294 0.00107198162004352 0.000855599995702505 0.00138996448367834
0.488522201776505 0.542064487934113 0.54685777425766 0.612431347370148 0.655865788459778 0.769608914852142 0.814278304576874 0.807517051696777 0.842462658882141 0.909108221530914 0.916550815105438 0.895377457141876 0.768652141094208 0.42999592423439 0.527986884117126 0.251292705535889 0.275716096162796 0.122924529016018 0.0901504680514336 0.0453624054789543 0.0283262934535742 0.023086242377758 0.0151705704629421 0.00898468494415283 0.00748451659455895 0.00484634470194578 0.00354170962236822 0.00265111587941647 0.00222614337690175 0.00191602855920792 0.00163956568576396 0.0016729380004108 0.00165196170564741 0.00147076591383666 0.0014303004136309 0.00135655212216079 0.00122987350914627 0.00120251823682338 0.00100746506359428 0.000961003650445491 0.00151132768951356 0.00100446736905724 0.00109444314148277
0.592711925506592 0.566279530525208 0.608604967594147 0.741414785385132 0.753001391887665 0.785244464874268 0.811734557151794 0.889734387397766 0.883101880550385 0.915565013885498 0.917447090148926 0.931511580944061 0.824604451656342 0.455859899520874 0.411661893129349 0.187826842069626 0.176599413156509 0.24692240357399 0.134769976139069 0.0741110071539879 0.0438892208039761 0.0248181987553835 0.0180704910308123 0.0136729562655091 0.00935119763016701 0.00605129869654775 0.00471073249354959 0.0034402240999043 0.00276363221928477 0.00212569162249565 0.0017437405185774 0.00137227354571223 0.00166861352045089 0.00151293713133782 0.00131964148022234 0.00127553497441113 0.00143434363417327 0.00141105765942484 0.000925570318941027 0.00108731829095632 0.00167498493101448 0.00160147773567587 0.00119417789392173
0.558862328529358 0.521519601345062 0.618204116821289 0.727128863334656 0.735141634941101 0.857656538486481 0.824736416339874 0.82199615240097 0.87441623210907 0.908889889717102 0.90702897310257 0.914420068264008 0.844297587871552 0.710467159748077 0.34108492732048 0.232815146446228 0.253402411937714 0.297387838363647 0.162527918815613 0.109461694955826 0.0696334987878799 0.0476606041193008 0.0270571541041136 0.0168340988457203 0.0120334886014462 0.00793937034904957 0.00539617473259568 0.00403047818690538 0.00292206206358969 0.00243987119756639 0.00197280617430806 0.00166413828264922 0.00166243792045861 0.00152869732119143 0.00144971197005361 0.0014194305986166 0.00139776966534555 0.00149305944796652 0.00185760215390474 0.00183444435242563 0.00169754051603377 0.00169743457809091 0.00158490822650492
0.504934251308441 0.384108930826187 0.564630150794983 0.669152677059174 0.76336145401001 0.787114143371582 0.830606400966644 0.797318875789642 0.756538271903992 0.781181037425995 0.847018301486969 0.826172411441803 0.791995525360107 0.701491713523865 0.677239418029785 0.436085611581802 0.184585154056549 0.172466412186623 0.118486106395721 0.126057863235474 0.0820915028452873 0.0603877380490303 0.041827816516161 0.0284022409468889 0.0194856692105532 0.0120545886456966 0.00650719041004777 0.00485258270055056 0.00313180964440107 0.00267695123329759 0.00227664690464735 0.00208260817453265 0.00181043532211334 0.00159911997616291 0.0014743231004104 0.00146285758819431 0.0017945016734302 0.0019008566159755 0.00196161144413054 0.00177931587677449 0.00122827978339046 0.00162400386761874 0.0015781574184075
0.496832609176636 0.592455565929413 0.654207825660706 0.71582442522049 0.753483414649963 0.781023859977722 0.712041437625885 0.73401802778244 0.649809181690216 0.690216481685638 0.793152868747711 0.794798076152802 0.752124786376953 0.726529657840729 0.664426445960999 0.320553958415985 0.115412868559361 0.132706075906754 0.189060494303703 0.125078871846199 0.119177170097828 0.0910464748740196 0.0672783777117729 0.0413761921226978 0.0265436302870512 0.0171622540801764 0.00903518404811621 0.00673272972926497 0.00411443598568439 0.00289280596189201 0.00226603425107896 0.00233553512953222 0.00208352878689766 0.00170462694950402 0.00153366837184876 0.00124463345855474 0.00168745289556682 0.00195526052266359 0.00188318965956569 0.00155728845857084 0.00106979312840849 0.00163160578813404 0.00137123535387218
0.507970929145813 0.614145517349243 0.655418336391449 0.603853702545166 0.67522257566452 0.644008159637451 0.557271838188171 0.494046628475189 0.425370633602142 0.4456886947155 0.565714597702026 0.660406649112701 0.678373575210571 0.786941468715668 0.664050281047821 0.426375091075897 0.39608958363533 0.385347753763199 0.374426573514938 0.303059548139572 0.253193885087967 0.198456451296806 0.141979038715363 0.0813509076833725 0.0384178832173347 0.0231719389557838 0.014043003320694 0.0083052534610033 0.00453086756169796 0.00391228776425123 0.00378676690161228 0.00305637251585722 0.00217736489139497 0.00161319714970887 0.00151076749898493 0.00130225147586316 0.00173812999855727 0.00204728497192264 0.00185313133988529 0.00112625141628087 0.00108514272142202 0.00158642139285803 0.00133123039267957
0.540517508983612 0.545208096504211 0.592624068260193 0.564395368099213 0.525813043117523 0.460314124822617 0.396460384130478 0.391317248344421 0.247050568461418 0.379204601049423 0.485839813947678 0.663196980953217 0.699387907981873 0.734436929225922 0.665111482143402 0.407376170158386 0.505857765674591 0.512952387332916 0.49101448059082 0.375711679458618 0.331705689430237 0.263685166835785 0.231729745864868 0.173515319824219 0.0778085514903069 0.0421047694981098 0.0231622736901045 0.0133423674851656 0.00832252018153667 0.00572934933006763 0.00436478853225708 0.00378870591521263 0.00319207203574479 0.00179095997009426 0.00157204235438257 0.00145717023406178 0.00169360334984958 0.00193248351570219 0.00197303388267756 0.00145293341483921 0.00118433858733624 0.00109072541818023 0.00138617237098515
0.400178134441376 0.621706783771515 0.483158826828003 0.455025553703308 0.354854822158813 0.383862316608429 0.240665107965469 0.133455157279968 0.108673349022865 0.183393001556396 0.450237154960632 0.624737083911896 0.771687150001526 0.833734631538391 0.7264484167099 0.669968545436859 0.628441751003265 0.458669722080231 0.365908592939377 0.469299852848053 0.424416601657867 0.40212869644165 0.297373712062836 0.202834278345108 0.140240460634232 0.0800475254654884 0.0402562618255615 0.0174355488270521 0.0106875412166119 0.00681415293365717 0.00595247931778431 0.00429249042645097 0.0027285423129797 0.00247026816941798 0.00195900397375226 0.00197118008509278 0.0017444200348109 0.0017197293927893 0.00159932638052851 0.00169414945412427 0.00168560026213527 0.000869914656504989 0.00134521990548819
0.387911051511765 0.513226330280304 0.55233633518219 0.449239999055862 0.334398031234741 0.181148707866669 0.121933601796627 0.066179171204567 0.0797773599624634 0.114987254142761 0.252020508050919 0.552731871604919 0.737095952033997 0.842759966850281 0.768626868724823 0.655640304088593 0.601752638816833 0.481500059366226 0.400373786687851 0.488922566175461 0.503168046474457 0.498465329408646 0.3561030626297 0.381862372159958 0.341909170150757 0.199751034379005 0.0574662908911705 0.0266849752515554 0.0136464405804873 0.00788478646427393 0.00511902011930943 0.00502031063660979 0.00321816164068878 0.00260856165550649 0.00222512776963413 0.00214782380498946 0.00188265182077885 0.00145902868825942 0.00180304178502411 0.00168036890681833 0.00159069802612066 0.00107223843224347 0.001301329000853
0.178429365158081 0.325766801834106 0.560563504695892 0.394297063350677 0.226907297968864 0.120194680988789 0.0715637877583504 0.0692476481199265 0.0765263140201569 0.0975120291113853 0.164346799254417 0.467172116041183 0.760140597820282 0.876666903495789 0.804608702659607 0.637376964092255 0.563852190971375 0.53780335187912 0.498763561248779 0.576630353927612 0.68106883764267 0.585254549980164 0.556928873062134 0.466483801603317 0.327063143253326 0.200529113411903 0.169583305716515 0.0522332638502121 0.0237115658819675 0.0115938950330019 0.00751388631761074 0.00573172699660063 0.00290338299237192 0.00226162956096232 0.00191093306057155 0.00178312719799578 0.0015569458482787 0.00138199480716139 0.00141305034048855 0.00190428108908236 0.00164634804241359 0.00113217253237963 0.00153003318700939
0.424280345439911 0.314025819301605 0.48391917347908 0.408986061811447 0.144514933228493 0.08442722260952 0.0530461706221104 0.0612776689231396 0.0698246210813522 0.0822666063904762 0.144910722970963 0.265763193368912 0.704994976520538 0.931122899055481 0.885716438293457 0.787744700908661 0.426358491182327 0.542925775051117 0.548720717430115 0.790746510028839 0.484576195478439 0.592008531093597 0.691656351089478 0.632893145084381 0.50645500421524 0.28672981262207 0.15961217880249 0.108336016535759 0.040734339505434 0.0191381182521582 0.0101087922230363 0.00877054315060377 0.00365578383207321 0.00329806469380856 0.00253154779784381 0.00177291920408607 0.00136708188802004 0.00118943362031132 0.00122854660730809 0.00150277256034315 0.00164945120923221 0.00132253160700202 0.00151581910904497
0.433423697948456 0.501155853271484 0.614391386508942 0.274743676185608 0.0932047441601753 0.0606637261807919 0.0406025238335133 0.0563631877303123 0.062547467648983 0.093011736869812 0.126337170600891 0.208658799529076 0.445471316576004 0.847605645656586 0.961556375026703 0.95429140329361 0.853691220283508 0.399850934743881 0.832389354705811 0.69076019525528 0.690214455127716 0.593399941921234 0.671232402324677 0.608867228031158 0.583863854408264 0.439000874757767 0.359558135271072 0.160673454403877 0.0730136856436729 0.032311737537384 0.0116565357893705 0.00760302599519491 0.00373986619524658 0.00293376203626394 0.0021212468855083 0.0019388523651287 0.00131919467821717 0.00138943723868579 0.00150247022975236 0.00113158626481891 0.00150877411942929 0.00157769198995084 0.00155528483446687
0.375367403030396 0.578304529190063 0.580365061759949 0.42640209197998 0.0863143876194954 0.0709189400076866 0.0488439537584782 0.0502829849720001 0.0712833628058434 0.0828558355569839 0.111199572682381 0.182532668113708 0.328909575939178 0.596624553203583 0.89141571521759 0.964881896972656 0.960748970508575 0.903404831886292 0.721429884433746 0.700494289398193 0.708868861198425 0.761883139610291 0.686505615711212 0.631363153457642 0.472583264112473 0.430621892213821 0.384936153888702 0.313271880149841 0.141235277056694 0.0400713011622429 0.0138489687815309 0.00689947698265314 0.00357332010753453 0.00289876409806311 0.00197667791508138 0.00225290609523654 0.00141440273728222 0.00121735397260636 0.00139642506837845 0.00147579819895327 0.00108077505137771 0.000865703681483865 0.00125663192011416
0.224100112915039 0.39411985874176 0.52601033449173 0.442743390798569 0.0746990665793419 0.0640007704496384 0.0517950542271137 0.0504515990614891 0.0611192658543587 0.0713174864649773 0.104868650436401 0.166194275021553 0.28811776638031 0.456072896718979 0.742375195026398 0.912843644618988 0.959137082099915 0.960669219493866 0.934497356414795 0.884448707103729 0.847881853580475 0.715746521949768 0.722783923149109 0.675891220569611 0.583043396472931 0.487094759941101 0.372416079044342 0.316613465547562 0.21633742749691 0.0938072130084038 0.0254974234849215 0.0103873489424586 0.00554597098380327 0.00601345486938953 0.00261755846440792 0.00182546826545149 0.00126199040096253 0.00111787323839962 0.00138459098525345 0.00118991476483643 0.00112222984898835 0.000914945383556187 0.00100191496312618
0.341360688209534 0.330831378698349 0.502308905124664 0.316422998905182 0.0623424649238586 0.0496865659952164 0.0382704250514507 0.0366464592516422 0.0458863973617554 0.0661427676677704 0.0926698371767998 0.140220761299133 0.220698907971382 0.372476041316986 0.481594353914261 0.655563533306122 0.917465806007385 0.961950719356537 0.933282673358917 0.943863332271576 0.781274199485779 0.821039795875549 0.717241883277893 0.726408243179321 0.701285421848297 0.735149443149567 0.43534791469574 0.312569320201874 0.201810702681541 0.14621140062809 0.0529516004025936 0.0308425035327673 0.0109737617895007 0.0134695712476969 0.00338220060802996 0.00224661221727729 0.00149371661245823 0.00134367973078042 0.001310556079261 0.00115562044084072 0.00106494035571814 0.000896566431038082 0.00118246849160641
0.405644506216049 0.429127812385559 0.457090646028519 0.428915917873383 0.0638936832547188 0.0410583429038525 0.0359965562820435 0.037643987685442 0.0378519259393215 0.0463254414498806 0.0660135000944138 0.0859212800860405 0.15835465490818 0.226152881979942 0.367360681295395 0.549164235591888 0.789520561695099 0.942821979522705 0.967965066432953 0.93418025970459 0.863304495811462 0.801542520523071 0.816148281097412 0.814709186553955 0.774907171726227 0.743762493133545 0.580582082271576 0.450873911380768 0.321888089179993 0.147704586386681 0.133786544203758 0.0761403515934944 0.0435346141457558 0.0162795260548592 0.00556983891874552 0.00292169651947916 0.00192351546138525 0.00127991125918925 0.00123225664719939 0.00106701126787812 0.00105741538573056 0.000945400330238044 0.000872113043442369
0.54156619310379 0.382296293973923 0.419326514005661 0.430883288383484 0.0749592259526253 0.0778220742940903 0.0331731662154198 0.0289809610694647 0.0302884895354509 0.0371473394334316 0.0436856672167778 0.059986025094986 0.0956114679574966 0.152650207281113 0.253004044294357 0.359096378087997 0.502232551574707 0.816894054412842 0.972372174263 0.905979633331299 0.89435875415802 0.935403227806091 0.833112120628357 0.791070461273193 0.774624824523926 0.742229640483856 0.663573801517487 0.457357317209244 0.32822260260582 0.178956672549248 0.149890169501305 0.10163414478302 0.0548650994896889 0.0131353568285704 0.00807298626750708 0.00722509622573853 0.00278588617220521 0.00161085173022002 0.00144400645513088 0.00114038120955229 0.000986641854979098 0.000888550886884332 0.000827025389298797
