data/climate_estimation/maxent_output/Fritillaria_recurva.asc
NCOLS 55 
NROWS 88 
XLLCORNER -123.75 
YLLCORNER 36.1666666666667 
CELLSIZE 0.0833333333333332 
NODATA_value -3.4e+38 
[rows 0 to 19 of 88, columns 0 to 45 of 55]
0.300762355327606 0.469887852668762 0.575376510620117 0.558669805526733 0.65305495262146 0.659958481788635 0.627377986907959 0.512854337692261 0.403595387935638 0.316395044326782 0.339328318834305 0.347308695316315 0.314621180295944 0.40252873301506 0.329977184534073 0.26295080780983 0.417008578777313 0.262039661407471 0.301121234893799 0.146925717592239 0.189136445522308 0.31939834356308 0.311511874198914 0.280072659254074 0.286020398139954 0.219719842076302 0.108732365071774 0.0577726028859615 0.0356222689151764 0.0155245857313275 0.0108770607039332 0.00683357939124107 0.00449784751981497 0.00344975129701197 0.00261806487105787 0.00191543775144964 0.00151874427683651 0.000961286074016243 0.000937435077503324 0.000781834358349442 0.000605017761699855 0.000544374517630786 0.000515126099344343 0.000497732311487198 0.000541830260772258 0.000670548412017524
0.294705986976624 0.466908872127533 0.650676369667053 0.688611447811127 0.704318642616272 0.66222882270813 0.622909963130951 0.499203115701675 0.410287529230118 0.424223244190216 0.390965282917023 0.413916170597076 0.428980439901352 0.446860134601593 0.298305362462997 0.236384481191635 0.269326329231262 0.274183094501495 0.276883006095886 0.171301037073135 0.170165598392487 0.302552193403244 0.33325120806694 0.301735281944275 0.281949162483215 0.258490145206451 0.23466782271862 0.187526449561119 0.113089628517628 0.0307321473956108 0.00973380729556084 0.00710816541686654 0.00432548066601157 0.00354554667137563 0.00285681686364114 0.00176141853444278 0.0014850712614134 0.00108808185905218 0.000789484707638621 0.000620869046542794 0.000522533082403243 0.000536762061528862 0.00048063340364024 0.000434985005995259 0.000550221127923578 0.000715460104402155
0.358194470405579 0.388994038105011 0.561172008514404 0.71693617105484 0.690508246421814 0.65128755569458 0.61059033870697 0.576004564762115 0.522165596485138 0.491060495376587 0.444169789552689 0.406590193510056 0.431497514247894 0.453214317560196 0.521615207195282 0.458972305059433 0.450495958328247 0.424416422843933 0.326994985342026 0.330454766750336 0.250680446624756 0.21049240231514 0.287794977426529 0.282209783792496 0.260498225688934 0.25970470905304 0.239671975374222 0.214341297745705 0.141258254647255 0.118265546858311 0.0163455717265606 0.00770069332793355 0.00550311943516135 0.00331875053234398 0.00234295288100839 0.00214804708957672 0.00143872480839491 0.00121377082541585 0.000892331823706627 0.000596822064835578 0.000475849461508915 0.000505292729940265 0.000486385775730014 0.000472006184281781 0.000472637941129506 0.000520684057846665
0.319651126861572 0.405367106199265 0.64932107925415 0.728318393230438 0.713687837123871 0.647172391414642 0.663392961025238 0.574279129505157 0.531659424304962 0.49681368470192 0.439365565776825 0.46218466758728 0.368950992822647 0.309305757284164 0.416303545236588 0.411216020584106 0.484353601932526 0.297106891870499 0.288703054189682 0.244188353419304 0.129234746098518 0.246091395616531 0.320991486310959 0.321247935295105 0.297080546617508 0.271800518035889 0.256982266902924 0.146721407771111 0.126480638980865 0.106113061308861 0.0234115812927485 0.00928317941725254 0.00564357591792941 0.00470778997987509 0.00354856671765447 0.00246991356834769 0.00172939989715815 0.00131545937620103 0.00106357573531568 0.00060707307420671 0.000516902713570744 0.000471488106995821 0.000432120257755741 0.000362692517228425 0.000331478397129104 0.000340335798682645
0.341373234987259 0.562490701675415 0.711469113826752 0.716144919395447 0.706368327140808 0.719720661640167 0.617485880851746 0.645919978618622 0.539196193218231 0.491033166646957 0.430672436952591 0.515098929405212 0.472782224416733 0.545636653900146 0.5534787774086 0.285991430282593 0.350349277257919 0.224939420819283 0.178469210863113 0.283845871686935 0.195888414978981 0.340687811374664 0.36878976225853 0.349126309156418 0.338726937770844 0.311706215143204 0.30196937918663 0.171697288751602 0.0956108793616295 0.0457574315369129 0.0247946977615356 0.0125311119481921 0.00723267765715718 0.00595118664205074 0.00425351038575172 0.0036116992123425 0.00262531125918031 0.00264987116679549 0.00149114581290632 0.000852381635922939 0.000737907481379807 0.000500656489748508 0.000417336850659922 0.000397920026443899 0.000274264049949124 0.000334135489538312
0.544362843036652 0.649366974830627 0.706960797309875 0.73108184337616 0.683758020401001 0.703756153583527 0.71921843290329 0.691939532756805 0.657111942768097 0.559412837028503 0.576375305652618 0.594722747802734 0.602079033851624 0.602570235729218 0.530152261257172 0.32609623670578 0.435823380947113 0.404058486223221 0.264273792505264 0.23350515961647 0.297413051128387 0.446765124797821 0.417481899261475 0.426279336214066 0.390825927257538 0.306186616420746 0.212661072611809 0.128903076052666 0.14481645822525 0.08474300801754 0.0358992964029312 0.017002934589982 0.0142613565549254 0.00977745000272989 0.00861670542508364 0.00493713282048702 0.00316308438777924 0.00176897051278502 0.00161529006436467 0.00111126957926899 0.000887024565599859 0.000625972170382738 0.000340538535965607 0.000296561978757381 0.000299500679830089 0.000378766591893509
0.58301717042923 0.599924087524414 0.675341248512268 0.687885761260986 0.719208121299744 0.724518477916718 0.700420022010803 0.675190925598145 0.647847056388855 0.667336344718933 0.617515683174133 0.632379114627838 0.636998653411865 0.53484445810318 0.48718798160553 0.516157746315002 0.594558537006378 0.421726018190384 0.228300228714943 0.1908108741045 0.199006929993629 0.381697744131088 0.476759195327759 0.426712065935135 0.439672410488129 0.304006665945053 0.207084983587265 0.144525408744812 0.162698224186897 0.11633575707674 0.0662394613027573 0.0261157564818859 0.0200570598244667 0.0188644248992205 0.0184148214757442 0.00806980207562447 0.002950249472633 0.00234257336705923 0.0018988047959283 0.00152861315291375 0.000903813750483096 0.000619970669504255 0.000378906785044819 0.000302021711831912 0.000358133052941412 0.000559345644433051
0.554397821426392 0.649399399757385 0.717587769031525 0.736737847328186 0.702324569225311 0.715870678424835 0.666555166244507 0.681326866149902 0.703687191009521 0.652022898197174 0.671725749969482 0.640098929405212 0.560780584812164 0.487501174211502 0.591861724853516 0.640577077865601 0.479860991239548 0.410186856985092 0.274430692195892 0.228489756584167 0.29475337266922 0.454916566610336 0.527711391448975 0.479291439056396 0.432643860578537 0.368889927864075 0.212056770920753 0.121717341244221 0.182456165552139 0.129530936479568 0.0575553365051746 0.0267229173332453 0.0253739915788174 0.0186333134770393 0.0239061769098043 0.0061515704728663 0.00301528768613935 0.00242461869493127 0.0021014753729105 0.00146401301026344 0.00114663958083838 0.000677476462442428 0.000570786243770272 0.000376795447664335 0.000384507933631539 0.000561024295166135
0.576455473899841 0.707565426826477 0.720681309700012 0.695484280586243 0.698374152183533 0.70239669084549 0.719533741474152 0.69031423330307 0.702790498733521 0.664416074752808 0.673041999340057 0.630830824375153 0.678734242916107 0.678272187709808 0.646114766597748 0.692755937576294 0.642441987991333 0.487158954143524 0.334690779447556 0.419986516237259 0.603838562965393 0.521699368953705 0.539283335208893 0.527550935745239 0.454904019832611 0.339605629444122 0.223543211817741 0.108108527958393 0.145659029483795 0.084797278046608 0.0409850105643272 0.0264578629285097 0.0224083289504051 0.0213319137692451 0.0252706110477448 0.00827789399772882 0.00329074054025114 0.00240631308406591 0.00191713788080961 0.0015936316922307 0.00147066870704293 0.00071474292781204 0.00051988655468449 0.000414349546190351 0.000531872385181487 0.000538272259291261
0.593428373336792 0.6590775847435 0.717924237251282 0.724596261978149 0.712482333183289 0.701632797718048 0.670561075210571 0.688304543495178 0.698676586151123 0.71565443277359 0.706725895404816 0.718781650066376 0.735765874385834 0.672251284122467 0.68402236700058 0.674728095531464 0.690730154514313 0.573752224445343 0.425250798463821 0.539278388023376 0.658464074134827 0.621882379055023 0.584845781326294 0.548759162425995 0.436205625534058 0.298726588487625 0.239559441804886 0.122258186340332 0.0742790549993515 0.0626463741064072 0.0407900549471378 0.0288662519305944 0.0256874617189169 0.0220831278711557 0.0213701575994492 0.0143825700506568 0.00808029714971781 0.00466994289308786 0.00210032891482115 0.0014203533064574 0.00196272437460721 0.000889839720912278 0.000665412226226181 0.000770821527112275 0.000640842830762267 0.000511039921548218
0.691769063472748 0.712781727313995 0.754021823406219 0.75059962272644 0.710967659950256 0.746010482311249 0.709777295589447 0.719113290309906 0.725188851356506 0.720903396606445 0.73822033405304 0.693569242954254 0.673908710479736 0.740422546863556 0.700859904289246 0.746917843818665 0.711439967155457 0.628928482532501 0.396546721458435 0.547553241252899 0.690938889980316 0.640599548816681 0.510704815387726 0.411562412977219 0.267956614494324 0.19477716088295 0.263759732246399 0.137235641479492 0.0789211243391037 0.0539605468511581 0.039600420743227 0.0271548572927713 0.0228950902819633 0.0279135033488274 0.0208969749510288 0.0200300961732864 0.0156991630792618 0.0073099066503346 0.00471847038716078 0.0021377254743129 0.00162138289306313 0.00114063092041761 0.000957503856625408 0.00127274345140904 0.000854373327456415 0.000559888605494052
0.615525245666504 0.73209685087204 0.754799902439117 0.719485282897949 0.721968412399292 0.738041996955872 0.711645781993866 0.674700200557709 0.72076690196991 0.636470258235931 0.630776405334473 0.622581362724304 0.715142011642456 0.707694888114929 0.733290553092957 0.724228799343109 0.774174451828003 0.537030279636383 0.465518474578857 0.538915693759918 0.677723050117493 0.66234827041626 0.512040793895721 0.445793926715851 0.206691309809685 0.155116051435471 0.106729805469513 0.0903676822781563 0.056717362254858 0.0358800441026688 0.0303791873157024 0.0239715166389942 0.0187955293804407 0.0203707180917263 0.0204606465995312 0.019973162561655 0.0111826518550515 0.00764406053349376 0.00656683417037129 0.00361897144466639 0.0023068708833307 0.00149421684909612 0.00169412384275347 0.00195639557205141 0.00144354451913387 0.000998580944724381
0.633746147155762 0.715598344802856 0.753203630447388 0.700194180011749 0.69781368970871 0.736548721790314 0.698326349258423 0.639891266822815 0.623930633068085 0.571349918842316 0.559753775596619 0.555948257446289 0.534759402275085 0.640997171401978 0.743113040924072 0.758629858493805 0.773388981819153 0.456177979707718 0.616323709487915 0.714019656181335 0.713622331619263 0.542838871479034 0.448771774768829 0.468141078948975 0.365933179855347 0.133738189935684 0.0674144849181175 0.0493238680064678 0.0389728881418705 0.0288348812609911 0.0276135802268982 0.0228223036974669 0.0162765979766846 0.016608564183116 0.019390569999814 0.0170319769531488 0.0128528103232384 0.00872267410159111 0.00845546647906303 0.00590291246771812 0.00334151485003531 0.00258622202090919 0.00346020516008139 0.00222068466246128 0.00141560449264944 0.0010078091872856
0.697214066982269 0.713166415691376 0.733944475650787 0.705665409564972 0.682264745235443 0.742480099201202 0.712685644626617 0.648169338703156 0.688252329826355 0.602174460887909 0.439750850200653 0.601918160915375 0.581322371959686 0.634796559810638 0.701673269271851 0.740534365177155 0.774497985839844 0.674480199813843 0.648619472980499 0.508735954761505 0.70637971162796 0.521668612957001 0.24346087872982 0.17631907761097 0.18440805375576 0.129205450415611 0.0596407353878021 0.0480963103473186 0.0337108410894871 0.0265238359570503 0.0230637099593878 0.0231264941394329 0.0179184805601835 0.0135524123907089 0.0139677738770843 0.0150969242677093 0.0134827978909016 0.0135993538424373 0.00940136145800352 0.00840704329311848 0.00669439975172281 0.00467184092849493 0.00396021082997322 0.00283184740692377 0.00197927397675812 0.00126964680384845
0.672619044780731 0.714982211589813 0.7427579164505 0.761150658130646 0.734272181987762 0.732923805713654 0.690466403961182 0.711805403232574 0.697833955287933 0.649396479129791 0.552851319313049 0.511921584606171 0.712871551513672 0.73984956741333 0.762432217597961 0.776236355304718 0.758173644542694 0.647648870944977 0.659947872161865 0.510397791862488 0.61411589384079 0.374002665281296 0.165142148733139 0.122057482600212 0.0834207907319069 0.0482603535056114 0.0383065678179264 0.0235417056828737 0.0293745640665293 0.0263232607394457 0.0216553788632154 0.0184850320219994 0.0168286468833685 0.0159578379243612 0.0168272871524096 0.0147273372858763 0.014810424298048 0.0134310629218817 0.0120020881295204 0.0102455141022801 0.00654180906713009 0.00645921053364873 0.00578516069799662 0.00431739306077361 0.00267997966147959 0.00192461488768458
0.712553918361664 0.717045068740845 0.742253601551056 0.74221932888031 0.744728207588196 0.721111953258514 0.750456392765045 0.711910247802734 0.628856122493744 0.68310159444809 0.70422637462616 0.580668151378632 0.429942637681961 0.563899576663971 0.734724462032318 0.663050830364227 0.746706187725067 0.70597916841507 0.642594575881958 0.659068524837494 0.482069224119186 0.252429336309433 0.137090280652046 0.0732832998037338 0.0542272888123989 0.0372814387083054 0.0226700026541948 0.0169845838099718 0.0155102191492915 0.0162715334445238 0.0183983109891415 0.0142054203897715 0.0144028021022677 0.0176389385014772 0.0170352049171925 0.0176591109484434 0.0156684257090092 0.0157432984560728 0.0139126451686025 0.0113321216776967 0.0101805664598942 0.00805570837110281 0.00563061656430364 0.00396056426689029 0.00282233208417892 0.00251463940367103
0.698355317115784 0.669219315052032 0.71145087480545 0.733655393123627 0.674378633499146 0.625929534435272 0.758624076843262 0.717257142066956 0.67662513256073 0.680295348167419 0.690656423568726 0.628283500671387 0.691920936107635 0.651187658309937 0.662923216819763 0.691486835479736 0.70932149887085 0.695880830287933 0.681300938129425 0.503945112228394 0.331720590591431 0.177931398153305 0.10949531942606 0.0595473609864712 0.0427732653915882 0.027670593932271 0.0176613908261061 0.0128136370331049 0.0138080837205052 0.0111054135486484 0.0109040262177587 0.0145621579140425 0.0138643654063344 0.0168432258069515 0.0144257145002484 0.0161661636084318 0.0185710787773132 0.0157210361212492 0.0138920983299613 0.012485015206039 0.0109222885221243 0.00966130569577217 0.00644291704520583 0.00551342219114304 0.00363315176218748 0.00268709217198193
0.678596258163452 0.709234297275543 0.738976836204529 0.667670071125031 0.576348662376404 0.594317257404327 0.718025088310242 0.712842464447021 0.692181706428528 0.667790472507477 0.480681568384171 0.601180732250214 0.683731973171234 0.690639078617096 0.719559848308563 0.702200353145599 0.680776357650757 0.643333077430725 0.485728293657303 0.338550806045532 0.177554547786713 0.0834183543920517 0.0743493884801865 0.0476332157850266 0.0305653624236584 0.0200934484601021 0.00998981297016144 0.00799505598843098 0.00938942842185497 0.0178375747054815 0.00935046002268791 0.0118430182337761 0.0128116421401501 0.0138016818091273 0.0174488909542561 0.0178399737924337 0.0146919023245573 0.0166686717420816 0.0135807488113642 0.0141629166901112 0.0147582869976759 0.0104690659791231 0.00733590079471469 0.00551483547315001 0.00404359446838498 0.00354369985871017
0.664712488651276 0.636242151260376 0.644447147846222 0.695795297622681 0.702005505561829 0.614372313022614 0.722348213195801 0.720391869544983 0.650093972682953 0.555750072002411 0.649307548999786 0.673389256000519 0.700161635875702 0.622677147388458 0.593587458133698 0.478198081254959 0.445674121379852 0.422489583492279 0.334260493516922 0.182617083191872 0.0902281850576401 0.0584535337984562 0.0481867901980877 0.0344025231897831 0.0246191639453173 0.0152402026578784 0.0076769245788455 0.00596420839428902 0.006448392290622 0.00795975048094988 0.00916303507983685 0.0101638529449701 0.0126222567632794 0.0139323072507977 0.0148261860013008 0.0174031648784876 0.0158786103129387 0.0153648387640715 0.0160455480217934 0.013370837084949 0.0146569963544607 0.0125603228807449 0.00822873972356319 0.00645628711208701 0.00563170202076435 0.00416388735175133
0.613504946231842 0.442558735609055 0.67926961183548 0.755905151367188 0.76446008682251 0.764873206615448 0.739484012126923 0.721924662590027 0.704443633556366 0.718203365802765 0.662511050701141 0.633071780204773 0.642494261264801 0.638965904712677 0.537517726421356 0.468018293380737 0.434966593980789 0.449526071548462 0.334623157978058 0.0940543487668037 0.0562401488423347 0.0342698656022549 0.0335114300251007 0.0290107391774654 0.020245062187314 0.0130359269678593 0.00932356063276529 0.00746219092980027 0.00732994824647903 0.00809078942984343 0.0103048607707024 0.0106320725753903 0.0113786375150084 0.0115786390379071 0.0145185915753245 0.0124432342126966 0.0129211843013763 0.0135588506236672 0.01301150303334 0.013210654258728 0.0157408714294434 0.0120444018393755 0.0102571528404951 0.0169018749147654 0.00746658397838473 0.00430489191785455
