data/climate_estimation/maxent_output/Fritillaria_persica.asc
NCOLS 224 
NROWS 78 
XLLCORNER 31.9166666666667 
YLLCORNER 30.1666666666667 
CELLSIZE 0.0833333333333333 
NODATA_value -3.4e+38 
[rows 40 to 59 of 78, columns 132 to 175 of 224]
0.000343340652761981 0.00041863473597914 0.000474116328405216 0.00048361555673182 0.000328331167111173 0.000286628172034398 0.000269550655502826 0.000304353539831936 0.000293809891445562 0.000332341936882585 0.000312972464598715 0.000478740694234148 0.000423099758336321 0.000547331117559224 0.000836521561723202 0.00077699072426185 0.00100463337730616 0.000734615430701524 0.000768952420912683 0.00104646023828536 0.00115964701399207 0.00104329991154373 0.00115632684901357 0.00179542426485568 0.00154834112618119 0.00246519641950727 0.00245569180697203 0.00301978318020701 0.00354178994894028 0.00483063142746687 0.00624696956947446 0.00595602300018072 0.00812729354947805 0.00679645407944918 0.00834441091865301 0.00907490029931068 0.0089318510144949 0.0132921226322651 0.0210702791810036 0.0199383702129126 0.0192154049873352 0.0323143675923347 0.0449180491268635 0.0474358052015305
0.000240052555454895 0.000308062531985343 0.000366582098649815 0.000374138151528314 0.000414582958910614 0.000241062269196846 0.000231187485042028 0.000291396543616429 0.000341852777637541 0.000279818021226674 0.000316319637931883 0.00038960698293522 0.000495904416311532 0.000498299719765782 0.000716199807357043 0.000648311746772379 0.000777592940721661 0.00100830034352839 0.00107811554335058 0.000811040517874062 0.00104929052758962 0.00116201059427112 0.000998631468974054 0.00115664338227361 0.00175010203383863 0.001904311706312 0.00234380969777703 0.003364761127159 0.00302290543913841 0.0041284691542387 0.00507169542834163 0.00483246892690659 0.00594539381563663 0.00551778497174382 0.00677441200241446 0.00677110906690359 0.00701434910297394 0.00699462508782744 0.00898079108446836 0.00894445832818747 0.0107650281861424 0.0151024423539639 0.0266498383134604 0.0411737039685249
0.000392334215575829 0.000376804906409234 0.000269831711193547 0.000261525507085025 0.000280559819657356 0.000273454701527953 0.00029807080863975 0.000198650915990584 0.00027901673456654 0.0003610513813328 0.000399407290387899 0.000327645509969443 0.000392604735679924 0.000610267859883606 0.000539886706974357 0.000859523483086377 0.000950820045545697 0.000886416586581618 0.00087835086742416 0.00108120706863701 0.000898573140148073 0.000994236208498478 0.00110225344542414 0.00135544105432928 0.00143758277408779 0.00166426098439842 0.0023349195253104 0.00217071222141385 0.00267014373093843 0.00352282985113561 0.00335745117627084 0.00412645470350981 0.00520497839897871 0.0048371902666986 0.00483666593208909 0.00614225212484598 0.00599442701786757 0.00549668539315462 0.0066243470646441 0.00601036613807082 0.00626354571431875 0.00745541043579578 0.00827402155846357 0.016865748912096
0.000303859473206103 0.000270690157776698 0.000330043287249282 0.000319469661917537 0.000216921253013425 0.000221239068196155 0.000214172454434447 0.000248045253101736 0.000291429634671658 0.000239937740843743 0.000310952251311392 0.000388925604056567 0.000383386301109567 0.000522568414453417 0.000676446012221277 0.000682190526276827 0.000928759982343763 0.000875493104103953 0.000715387635864317 0.000950697634834796 0.000943672086577863 0.0010980658698827 0.000853616744279861 0.00104880461003631 0.00132595340255648 0.00136705953627825 0.00177099497523159 0.00200080126523972 0.00287364819087088 0.00241288635879755 0.00304827955551445 0.00361980870366096 0.00444683944806457 0.00403425237163901 0.00424346560612321 0.00506894569844007 0.00414191978052258 0.00525932619348168 0.0045773321762681 0.00501606985926628 0.00549138057976961 0.00610662857070565 0.00705889239907265 0.00707800174131989
0.000235823230468668 0.000257306266576052 0.000242537440499291 0.000260073924437165 0.000237522239331156 0.000300233019515872 0.00027638126630336 0.000178111207787879 0.000224448231165297 0.000334994809236377 0.000331927265506238 0.000285953748971224 0.000409794098231941 0.000531062658410519 0.000482296221889555 0.000834080332424492 0.000718381837941706 0.000837724772281945 0.000948177475947887 0.000774781859945506 0.000753789965528995 0.000850003154482692 0.00104505021590739 0.000811154022812843 0.000999031239189208 0.00122945429757237 0.00151207821909338 0.00206431443803012 0.00187226582784206 0.00211657979525626 0.00273795053362846 0.00319447065703571 0.00266122980974615 0.00327032036148012 0.00362118310295045 0.00460378313437104 0.0033618223387748 0.00363337784074247 0.00336985662579536 0.00385193526744843 0.00321541260927916 0.00350334984250367 0.00496473582461476 0.00633841194212437
0.000243659364059567 0.000228507560677826 0.000208462588489056 0.000202089475351386 0.000195822169189341 0.000243059985223226 0.000235459840041585 0.00024174849386327 0.000169578561326489 0.000238313121371903 0.000292970420559868 0.000341429782565683 0.000294238532660529 0.00040077292942442 0.000574354373384267 0.000592894619330764 0.000808091717772186 0.000626457098405808 0.000810194120276719 0.000811398203950375 0.00089896802091971 0.000754614942707121 0.000794812571257353 0.00088140118168667 0.00117160729132593 0.001009990577586 0.0011696390574798 0.00136654148809612 0.00178747985046357 0.0020667714998126 0.00233833002857864 0.00213845283724368 0.00254176859743893 0.0029672309756279 0.00364761147648096 0.00297819217666984 0.00295067275874317 0.00310378125868738 0.00226348475553095 0.00310968584381044 0.00259552313946187 0.00318282819353044 0.00311077572405338 0.00369567680172622
0.000340032391250134 0.000310096598695964 0.000316405668854713 0.000178240501554683 0.000191207334864885 0.000174585002241656 0.000197387766093016 0.000236307896557264 0.000236307896557264 0.000254280836088583 0.000219085093704052 0.00021935420227237 0.000298713275697082 0.000450542778708041 0.000408400024753064 0.000466439698357135 0.000634457101114094 0.000821129535324872 0.000606097455602139 0.00071559619391337 0.000793440733104944 0.000814421742688864 0.000784417963586748 0.000805208343081176 0.000891231349669397 0.000938337878324091 0.00115457363426685 0.00126971781719476 0.00130026938859373 0.0016146709676832 0.00192096712999046 0.00224360474385321 0.00246892170980573 0.00266298069618642 0.00311560044065118 0.00233787880279124 0.00245949486270547 0.00243628793396056 0.00198367377743125 0.00256580370478332 0.00209277821704745 0.00270216749049723 0.00238484563305974 0.0026517144870013
0.000304798333672807 0.000318816368235275 0.000308569666231051 0.000296341866487637 0.00028670986648649 0.000255574472248554 0.000274208898190409 0.000172439860762097 0.000196074353880249 0.000228585398872383 0.000228585398872383 0.000287666654912755 0.000335342658217996 0.000289346644422039 0.00033929871278815 0.000615177035797387 0.000652595015708357 0.000705704384017736 0.000782003975473344 0.000831713434308767 0.000717325427103788 0.000755249930080026 0.000823153357487172 0.000934477895498276 0.000983710051514208 0.000683662598021328 0.000798915396444499 0.00109780137427151 0.00124163506552577 0.00144979020114988 0.00164013495668769 0.00201369728893042 0.00227417261339724 0.00265892338939011 0.00189538497943431 0.00199411367066205 0.00215600989758968 0.00175961514469236 0.00203456799499691 0.00174489826895297 0.00183389626909047 0.00174725288525224 0.00250853621400893 0.00224912585690618
0.000248647062107921 0.000240717432461679 0.000265129114268348 0.00024993863189593 0.000246249750489369 0.000250665383646265 0.000262729765381664 0.000274224206805229 0.000181653216714039 0.000326518958900124 0.000206596858333796 0.000228559845709242 0.000252857193117961 0.000344393745763227 0.000374062656192109 0.000439562019892037 0.000661891768686473 0.000532890553586185 0.000690030807163566 0.000734500237740576 0.000753245141822845 0.000555280072148889 0.000604781205765903 0.000783352763392031 0.000845696253236383 0.000946335727348924 0.00093715189723298 0.000976442592218518 0.000942618004046381 0.00106601568404585 0.0013464642688632 0.00148084259126335 0.0016720003914088 0.00167317502200603 0.0019568707793951 0.00209353538230062 0.00158458633814007 0.00175370427314192 0.00173573836218566 0.00141578854527324 0.00174026563763618 0.00179087230935693 0.00241981167346239 0.0021912653464824
0.000251059187576175 0.000248633150476962 0.000247403280809522 0.00023722140758764 0.000229769197176211 0.000253343197982758 0.000242856083787046 0.000288944953354076 0.000279815285466611 0.000294584257062525 0.000310063100187108 0.000202698851353489 0.000217234337469563 0.000278552732197568 0.000504357274621725 0.00042295761522837 0.000500962021760643 0.000699399330187589 0.000743272947147489 0.000624212028924376 0.000679979741107672 0.000740917690563947 0.000781227485276759 0.000626525317784399 0.0006214136374183 0.000687956518959254 0.000724632642231882 0.000762442243285477 0.000838542415294796 0.0010072304867208 0.00123766425531358 0.00139912345912308 0.00163392256945372 0.0019441694021225 0.00184681604150683 0.00131782493554056 0.00142115855123848 0.00157335982657969 0.00118053669575602 0.00130648817867041 0.00108690874185413 0.00163950060959905 0.00156245729885995 0.00224257539957762
0.000417259783716872 0.000324820110108703 0.000296108279144391 0.000301929248962551 0.000268380565103143 0.000260108761722222 0.000272376841166988 0.000277050014119595 0.000279846630292013 0.000287261616904289 0.000311984564177692 0.000248519325396046 0.000259574444498867 0.000336930737830698 0.000432778499089181 0.000354661984601989 0.000562461325898767 0.000453153450507671 0.000638329889625311 0.000745074241422117 0.000750343839172274 0.000588793307542801 0.000640768848825246 0.000657676253467798 0.00089595653116703 0.000610880786553025 0.000622784893494099 0.000655071111395955 0.000725333229638636 0.000870181596837938 0.000957596348598599 0.00108335423283279 0.00123455235734582 0.0014282357878983 0.00132594408933073 0.0011548224138096 0.00127748074010015 0.000918255478609353 0.00106002343818545 0.000960111385211349 0.00134320370852947 0.00128077703993767 0.00155566644389182 0.00173209153581411
0.000288338138489053 0.0002787331759464 0.000283778179436922 0.000274843303486705 0.000271124445134774 0.000262481888057664 0.000272178673185408 0.000277422805083916 0.000259615568211302 0.000273150333669037 0.00039663675124757 0.000403143116272986 0.000280983018456027 0.000300978252198547 0.000389841123251244 0.000488674268126488 0.000421771663241088 0.000593778153415769 0.000430963555118069 0.000607173831667751 0.00066249183146283 0.00050601118709892 0.000550381722860038 0.000664065824821591 0.000609842129051685 0.000674313632771373 0.00071083044167608 0.000786649354267865 0.00076130882371217 0.000799872563220561 0.00090532039757818 0.00102223863359541 0.0012274612672627 0.00142049288842827 0.000868914066813886 0.000939959019888192 0.000868561211973429 0.000859332794789225 0.00076041225111112 0.00087955710478127 0.00100488367024809 0.00126368750352412 0.00144575268495828 0.0017748458776623
0.000545509858056903 0.000557224091608077 0.00028633902547881 0.000275135302217677 0.000271185126621276 0.000262481888057664 0.000253943027928472 0.000279375206446275 0.000230247678700835 0.000246557552600279 0.000348371511790901 0.000458794267615303 0.000253712933044881 0.000317703379550949 0.000444636127213016 0.000557467166800052 0.000371542730135843 0.000532916805241257 0.000611091672908515 0.000725435500498861 0.00050013541476801 0.000623627216555178 0.000655148294754326 0.000451914471341297 0.000513307342771441 0.000648068496957421 0.000682139361742884 0.000675796298310161 0.000687710649799556 0.000687784282490611 0.00070061709266156 0.000790219230111688 0.000949496810790151 0.000939682242460549 0.000887212750967592 0.000632462906651199 0.000571409589610994 0.000678915297612548 0.000833267695270479 0.000716821814421564 0.00100128573831171 0.00109658518340439 0.00152919918764383 0.00137143593747169
0.000562122499104589 0.000544326088856906 0.000496301974635571 0.000465386343421414 0.000273244339041412 0.000262158515397459 0.000229155761189759 0.000245542731136084 0.000230040881433524 0.000290358235361055 0.000439809198724106 0.000447475322289392 0.000319765356834978 0.000309880793793127 0.000388153624953702 0.00046194571768865 0.000554069760255516 0.000441978598246351 0.000498695066198707 0.000633218151051551 0.000451606581918895 0.000563426699955016 0.000629553978797048 0.000429892214015126 0.000468663754872978 0.0005182737368159 0.000513964216224849 0.00054089940385893 0.000642968399915844 0.000654584961012006 0.000632647192105651 0.000676548283081502 0.000855153833981603 0.000785938231274486 0.000887452450115234 0.000843855959828943 0.000651419104542583 0.000553746591322124 0.000760743161663413 0.00106309831608087 0.000960844103246927 0.00148673902731389 0.00134419091045856 0.00178293709177524
0.000483343144878745 0.000500976108014584 0.000472608982818201 0.000480999879073352 0.000519908790010959 0.000244715629378334 0.000243411821429618 0.000301518506603315 0.000310291448840871 0.000360743346391246 0.000404140737373382 0.0004017376631964 0.000529154960531741 0.000524186878465116 0.000356486416421831 0.000450658262707293 0.000564427813515067 0.000609936018008739 0.000470333063276485 0.000465527846245095 0.000551864213775843 0.000435781170381233 0.000511981314048171 0.000516092404723167 0.000414969807025045 0.000485012569697574 0.00048017970402725 0.000488421937916428 0.000522892223671079 0.00062152452301234 0.000637636170722544 0.000649481662549078 0.000733507913537323 0.000872413162142038 0.000843810441438109 0.00093644653679803 0.000723960052710027 0.000755377230234444 0.000887922302354127 0.00117965857498348 0.0010670714545995 0.00145320070441812 0.00177792389877141 0.00137943786103278
0.000483343144878745 0.000492794904857874 0.00052732607582584 0.000510997080709785 0.000519763445481658 0.000259690365055576 0.00032501359237358 0.000331010029185563 0.000337058881996199 0.000332094496116042 0.0003823286970146 0.000357678247382864 0.000346139189787209 0.000440761854406446 0.000524057250004262 0.000713379879016429 0.00054479663958773 0.000574656412936747 0.000540074601303786 0.000409883505199105 0.000511802616529167 0.00053232244681567 0.000399949291022494 0.000469333986984566 0.000613273296039551 0.000577592756599188 0.000557463965378702 0.000464247539639473 0.000472059822641313 0.000480383227113634 0.000570870994124562 0.000617238925769925 0.000733507913537323 0.000828033895231783 0.00101804034784436 0.00118083995766938 0.00123445631470531 0.00103917403612286 0.00134139612782747 0.00144855375401676 0.00156030536163598 0.00137911806814373 0.00144818611443043 0.00177802203688771
0.000525074952747673 0.000492630526423454 0.000527826079633087 0.000510940095409751 0.00052005413454026 0.000335855293087661 0.000342053186614066 0.000330991431837901 0.000309960072627291 0.000315532815875486 0.000381875724997371 0.000369433400919661 0.000364307488780469 0.000444878736743703 0.000551562057808042 0.000506742624565959 0.000689577776938677 0.00048017269000411 0.000501145725138485 0.000306269503198564 0.000376300129573792 0.000506469514220953 0.000342095590895042 0.000424520316300914 0.000512149243149906 0.000576404621824622 0.000529845012351871 0.000553240824956447 0.000460341107100248 0.000456386711448431 0.000569981290027499 0.000556515005882829 0.000661667494568974 0.000827675685286522 0.00101804034784436 0.00148605986032635 0.00178697123192251 0.00169134302996099 0.00179348408710212 0.00183988187927753 0.00184008292853832 0.00193233415484428 0.00153892068192363 0.00188919645734131
0.000539222965016961 0.000506269570905715 0.000516037514898926 0.000510227459017187 0.000672292895615101 0.000347115215845406 0.000353443261701614 0.000331214541802183 0.000320411956636235 0.000360946694854647 0.000464109150925651 0.000434878980740905 0.000357597338734195 0.000483579002320766 0.000440412230091169 0.000551187025848776 0.0005966832395643 0.000343739346135408 0.000418937968788669 0.000509095145389438 0.000330364040564746 0.000381359364837408 0.000472045387141407 0.00038997593219392 0.000403357989853248 0.000491307699121535 0.000486029137391597 0.000552235753275454 0.000534232531208545 0.000667215383145958 0.000680233642924577 0.000571427342947572 0.000661738973576576 0.000827272422611713 0.00122069974895567 0.00166046957019717 0.00242865784093738 0.00244001462124288 0.00250625982880592 0.0023802574723959 0.0019370965892449 0.00193191017024219 0.00214016367681324 0.00150868261698633
0.000497512519359589 0.000506522890646011 0.000505959731526673 0.000761306378990412 0.000695095397531986 0.000365394807886332 0.000353443261701614 0.000378391094272956 0.000388963526347652 0.000383067061193287 0.000479801674373448 0.000449282611953095 0.000434510671766475 0.000526209303643554 0.00050890224520117 0.000518169836141169 0.000518492772243917 0.000312734919134527 0.000370720401406288 0.000439952127635479 0.000298091588774696 0.000299758714390919 0.000334677926730365 0.000471587729407474 0.000348277302691713 0.000385308405384421 0.000450299470685422 0.000482322036987171 0.000490360893309116 0.000612746807746589 0.000645209511276335 0.000793280429206789 0.00101951276883483 0.000785737414844334 0.000992617919109762 0.0015796156367287 0.0024265511892736 0.00299157109111547 0.00243895244784653 0.0020579076372087 0.00188547186553478 0.00183766847476363 0.00175724364817142 0.00175271066837013
0.000528439355548471 0.000555000093299896 0.000812074227724224 0.000785690557677299 0.000400556193199009 0.000400668097427115 0.000429015257395804 0.000414855632698163 0.000389050925150514 0.000438455172115937 0.000521291105542332 0.000464109150925651 0.000472569721750915 0.000442103075329214 0.000602099811658263 0.000582827138714492 0.000564519839826971 0.000323680404108018 0.000301863765344024 0.000358156336005777 0.000410599925089628 0.000292616750812158 0.000323426560498774 0.000411454326240346 0.000518024782650173 0.00054523441940546 0.000446086080046371 0.000453649583505467 0.000477557216072455 0.00055269553558901 0.000612481089774519 0.000655768846627325 0.000828376156277955 0.0010082523804158 0.000917294295504689 0.00128444656729698 0.00204118783585727 0.00238618603907526 0.00257840380072594 0.00244838907383382 0.00154918490443379 0.00154758128337562 0.00158735259901732 0.00176998227834702
