data/climate_estimation/maxent_output/Fritillaria_pinardii.asc
NCOLS 278 
NROWS 153 
XLLCORNER 30.1666666666667 
YLLCORNER 28.5833333333333 
CELLSIZE 0.0833333333333333 
NODATA_value -3.4e+38 
[rows 126 to 146 of 153, columns 92 to 137 of 278]
0.0142083493992686 0.0152137465775013 0.015716252848506 0.017548706382513 0.0180081240832806 0.0201393477618694 0.0216171480715275 0.0247094091027975 0.0294557046145201 0.0332066528499126 0.038564033806324 0.0394802056252956 0.0442302674055099 0.0489272587001324 0.0565977618098259 0.0658121854066849 0.0684428066015244 0.0696307718753815 0.0683968886733055 0.0655954852700233 0.0642490461468697 0.0644959062337875 0.0650251805782318 0.0643076002597809 0.0620131008327007 0.0620031207799911 0.0624908804893494 0.061607651412487 0.0667353346943855 0.0630317777395248 0.0601253509521484 0.056028313934803 0.0516310185194016 0.048769760876894 0.0518803931772709 0.0486871786415577 0.0505023971199989 0.0477644689381123 0.0464375540614128 0.0453179031610489 0.0449065342545509 0.0440046638250351 0.0440305545926094 0.0398768484592438 0.0393003448843956 0.0381327271461487
0.0138645274564624 0.0141921630129218 0.0155835999175906 0.0160962212830782 0.0177227091044188 0.0181418620049953 0.0206118933856487 0.0214484687894583 0.0247690323740244 0.0286739282310009 0.0301532726734877 0.0346641950309277 0.0399902313947678 0.0423056669533253 0.0502204783260822 0.0590121671557426 0.069082073867321 0.0613448210060596 0.0592649057507515 0.0577874071896076 0.0580139085650444 0.0570347644388676 0.0589756220579147 0.0578048713505268 0.062082301825285 0.0617080926895142 0.0624239109456539 0.0626535564661026 0.0600963048636913 0.0582291558384895 0.0604969598352909 0.0564116239547729 0.0521646775305271 0.0511895157396793 0.0528053566813469 0.0502193719148636 0.0481059327721596 0.0459515601396561 0.0484313182532787 0.0473543591797352 0.0422829054296017 0.0408878400921822 0.0401568375527859 0.040980439633131 0.0391421653330326 0.0396409817039967
0.0138083500787616 0.0140210101380944 0.014292542822659 0.0158316232264042 0.0162854045629501 0.0177154392004013 0.0184246581047773 0.0209294967353344 0.0218473300337791 0.0257206615060568 0.0289894193410873 0.0308175031095743 0.0352319851517677 0.0404158495366573 0.0493015609681606 0.0505225360393524 0.0520529821515083 0.053445115685463 0.0532219409942627 0.0586774833500385 0.0530867576599121 0.057653333991766 0.0573364496231079 0.0570811443030834 0.057543121278286 0.0571106299757957 0.0566567741334438 0.061677310615778 0.0608238466084003 0.0582291558384895 0.0557304434478283 0.0530551895499229 0.0552107505500317 0.0533605851233006 0.050092838704586 0.051553875207901 0.0494498796761036 0.0471752919256687 0.0461592301726341 0.044310599565506 0.0428744815289974 0.0419891774654388 0.0416747629642487 0.0408352725207806 0.0406415909528732 0.0400297977030277
0.0145383765920997 0.0141463419422507 0.0142810232937336 0.0158952828496695 0.0156963411718607 0.0162623189389706 0.0181597098708153 0.0186603236943483 0.0214372295886278 0.0222464688122272 0.0255174078047276 0.029517762362957 0.031051741912961 0.0359843447804451 0.0385700426995754 0.0445955544710159 0.0459713116288185 0.0523658022284508 0.0525395758450031 0.0531743802130222 0.0517993904650211 0.0525248274207115 0.0512119680643082 0.0527016818523407 0.0576927550137043 0.0569001697003841 0.057350754737854 0.0560190491378307 0.0565189644694328 0.0542160794138908 0.0564897768199444 0.0536614544689655 0.0514243096113205 0.04888965934515 0.0516561269760132 0.0492715947329998 0.0473145171999931 0.044267974793911 0.0471742562949657 0.0445622727274895 0.0445879399776459 0.0439757220447063 0.04289510846138 0.0420567765831947 0.0415736436843872 0.0411105826497078
0.0132686048746109 0.0145400501787663 0.0144142722710967 0.0144359106197953 0.0158988572657108 0.0162363555282354 0.0163030792027712 0.0181494299322367 0.0191131364554167 0.0210494752973318 0.0222787819802761 0.0256399475038052 0.0276931244879961 0.0316581577062607 0.0368423648178577 0.0382650047540665 0.0446816682815552 0.0462308637797832 0.0457439944148064 0.0460146591067314 0.0461119040846825 0.0461864545941353 0.0517486296594143 0.0523889996111393 0.0573100484907627 0.0570903792977333 0.0564087964594364 0.0547186508774757 0.0559407733380795 0.0530714690685272 0.0512353517115116 0.0497261025011539 0.0531421341001987 0.049645833671093 0.0488608367741108 0.0501533411443233 0.0470429882407188 0.0460803657770157 0.0448523797094822 0.0435334704816341 0.0422230698168278 0.0420998260378838 0.0432666689157486 0.0444216802716255 0.0397736541926861 0.0388181693851948
0.0133440839126706 0.0141234807670116 0.0144663229584694 0.0145085491240025 0.0161555036902428 0.0162753146141768 0.0167931467294693 0.0181494299322367 0.0187983345240355 0.0190058127045631 0.0195912700146437 0.0227915979921818 0.025901323184371 0.027386799454689 0.0322251468896866 0.0329779647290707 0.0385750643908978 0.0415477901697159 0.0413408726453781 0.0403701849281788 0.045070469379425 0.0461681634187698 0.0509435348212719 0.0510582774877548 0.0519401617348194 0.0569640100002289 0.0543906688690186 0.0476158447563648 0.0467084012925625 0.0519873611629009 0.0510678961873055 0.0502909012138844 0.0536276623606682 0.0514571405947208 0.0491120778024197 0.047107670456171 0.0448988825082779 0.0437575131654739 0.0469269379973412 0.0445958487689495 0.0445169694721699 0.0425360687077045 0.0415157452225685 0.0407539829611778 0.0399563051760197 0.039287693798542
0.0131257828325033 0.0131212510168552 0.014292542822659 0.0145289823412895 0.0148769961670041 0.0161199681460857 0.0169407967478037 0.0166969783604145 0.0188878066837788 0.0192621927708387 0.0192974470555782 0.0218775365501642 0.0236375611275434 0.0243165828287601 0.0277638081461191 0.0327379181981087 0.034767746925354 0.0385417938232422 0.0402992703020573 0.0412402860820293 0.045324370265007 0.0472670421004295 0.0506017804145813 0.050151702016592 0.0509411655366421 0.0568033829331398 0.0554791614413261 0.048504002392292 0.0439487956464291 0.0450047329068184 0.0490868128836155 0.0499432981014252 0.0513862483203411 0.0478967241942883 0.0458955205976963 0.0474308468401432 0.0463873520493507 0.0441592670977116 0.0441088899970055 0.0457592308521271 0.0445933304727077 0.0446952991187572 0.0427554957568645 0.042475339025259 0.0416692830622196 0.0407630428671837
0.0132042113691568 0.0128689408302307 0.0144779747352004 0.0144155602902174 0.0147581854835153 0.0161974765360355 0.0168467052280903 0.016564754769206 0.0188132207840681 0.0193103346973658 0.0190026052296162 0.0190224312245846 0.0227622147649527 0.023319561034441 0.0239391252398491 0.0287022516131401 0.033013392239809 0.0342251360416412 0.0391034632921219 0.0405063293874264 0.0397105142474174 0.0451200008392334 0.0462538860738277 0.0493132546544075 0.0493883714079857 0.0508843064308167 0.0490136668086052 0.0455597378313541 0.0426275134086609 0.0426406301558018 0.0488890185952187 0.0493608079850674 0.0504438728094101 0.0478364527225494 0.0472127422690392 0.0462345667183399 0.0478916019201279 0.0470155738294125 0.0456734597682953 0.0439499989151955 0.0465741865336895 0.0453882999718189 0.044520266354084 0.0432189516723156 0.0415653698146343 0.0410397909581661
0.0132471099495888 0.0129840420559049 0.0142695121467113 0.0144852520897985 0.0149247581139207 0.0161328632384539 0.0163700673729181 0.016528993844986 0.0172571707516909 0.0187672693282366 0.0180070977658033 0.0186771173030138 0.0198206696659327 0.0224380753934383 0.0236786864697933 0.0273571889847517 0.0321989245712757 0.0339381285011768 0.0345516800880432 0.0369802229106426 0.0397758185863495 0.0438518039882183 0.0438564568758011 0.043203342705965 0.0494800917804241 0.0506761595606804 0.0470473319292068 0.0387631841003895 0.0378763452172279 0.037239458411932 0.0366732962429523 0.04907001927495 0.0475985072553158 0.0482718236744404 0.0468228086829185 0.0452218279242516 0.044432207942009 0.0464900694787502 0.0451721288263798 0.0440017841756344 0.0440415926277637 0.0429931581020355 0.0450051203370094 0.0434110425412655 0.0418780520558357 0.0417196899652481
0.0151343131437898 0.01465168222785 0.0142695121467113 0.0143000679090619 0.0151656102389097 0.0160043220967054 0.0166466347873211 0.0165685024112463 0.0171481035649776 0.0186387561261654 0.0181114170700312 0.0181937124580145 0.0184388365596533 0.0200965143740177 0.0228379592299461 0.0262092892080545 0.0282270479947329 0.0331883206963539 0.0344461649656296 0.0375788062810898 0.0388299152255058 0.0433578044176102 0.0437068082392216 0.0449400804936886 0.0430217497050762 0.040317390114069 0.0390838198363781 0.0372431240975857 0.036785677075386 0.0353101827204227 0.036125548183918 0.0436217151582241 0.0475115738809109 0.0462552793323994 0.0451306253671646 0.0444757975637913 0.0423168949782848 0.040617398917675 0.0401407852768898 0.0391105227172375 0.0428454168140888 0.0417175851762295 0.0413166061043739 0.0443769171833992 0.0426173135638237 0.0404084622859955
0.0159968063235283 0.0152038438245654 0.0149195361882448 0.01452745962888 0.0148739302530885 0.0146083543077111 0.0164618007838726 0.0164240449666977 0.0167844817042351 0.0169178433716297 0.018197450786829 0.0183706022799015 0.0186524875462055 0.0192281417548656 0.0220428146421909 0.023630253970623 0.0268515422940254 0.0320082232356071 0.0340482816100121 0.0371901579201221 0.0373442508280277 0.0386154539883137 0.0432151854038239 0.0375311337411404 0.0440212115645409 0.0390718318521976 0.0341360159218311 0.0365634299814701 0.0319174490869045 0.0351383313536644 0.0375088341534138 0.0426438227295876 0.0460190251469612 0.0463280566036701 0.0444983392953873 0.0441526547074318 0.0423083603382111 0.0410065352916718 0.0402707494795322 0.0396958030760288 0.0388362370431423 0.0404050275683403 0.0403169319033623 0.0403593294322491 0.0428385473787785 0.0407714955508709
0.0188733842223883 0.0162601042538881 0.0155011033639312 0.014949306845665 0.0144387576729059 0.014761246740818 0.016435544937849 0.0162936877459288 0.0166913289576769 0.0167882237583399 0.0167338754981756 0.0187592338770628 0.0184769295156002 0.0185305997729301 0.0218089688569307 0.0235018860548735 0.0265745539218187 0.0263876747339964 0.0275206919759512 0.0311206690967083 0.0310186110436916 0.0312142930924892 0.0354963429272175 0.0354985259473324 0.0392392612993717 0.0343624614179134 0.0344845801591873 0.0371278263628483 0.0322065949440002 0.0353107824921608 0.041035495698452 0.0393808260560036 0.045237272977829 0.0454739853739738 0.0443026497960091 0.0433857999742031 0.0425342246890068 0.0418379902839661 0.0405812934041023 0.0400999374687672 0.0390356853604317 0.0414682291448116 0.0406465046107769 0.0386244542896748 0.0391765385866165 0.0412897430360317
0.0201008357107639 0.019133361056447 0.0180040001869202 0.015613685362041 0.0148492520675063 0.0145033299922943 0.0161974765360355 0.0165708102285862 0.016427693888545 0.0166290756314993 0.0165099520236254 0.0183444488793612 0.0189626105129719 0.0192331094294786 0.0221765302121639 0.0257811453193426 0.0268735326826572 0.0276634339243174 0.0300150364637375 0.0295287035405636 0.0293174665421247 0.0302408039569855 0.0335054881870747 0.0338135175406933 0.0332641862332821 0.0336423106491566 0.0378621555864811 0.0386404953896999 0.037549115717411 0.0402103774249554 0.0403471440076828 0.0389948412775993 0.0443949401378632 0.0445667579770088 0.0441376715898514 0.0435155592858791 0.0422022677958012 0.0425342246890068 0.0406329110264778 0.0394017621874809 0.039117019623518 0.0403314419090748 0.040611743927002 0.0388652421534061 0.037724032998085 0.0370325110852718
0.021564919501543 0.0187069047242403 0.0173255670815706 0.0168190412223339 0.015072925016284 0.0149877602234483 0.0164196640253067 0.0165180098265409 0.0163587499409914 0.0161983352154493 0.0163794737309217 0.018334386870265 0.0190856717526913 0.0219198446720839 0.0221644081175327 0.0264517087489367 0.0276363641023636 0.0312060005962849 0.0312438160181046 0.0292112287133932 0.0276559386402369 0.0295755639672279 0.0293990653008223 0.0331852473318577 0.0335164144635201 0.0378660075366497 0.0374384112656116 0.03873385861516 0.0385975353419781 0.0412209816277027 0.0400371812283993 0.0399104654788971 0.0437332950532436 0.0434138476848602 0.0437078364193439 0.0427084565162659 0.0427249372005463 0.0424400754272938 0.0409115701913834 0.0391547195613384 0.0381806008517742 0.0400903820991516 0.0392670780420303 0.0385029166936874 0.0368281044065952 0.0364636816084385
0.0159741844981909 0.0160895548760891 0.0159163810312748 0.0174765586853027 0.0165338758379221 0.0165828969329596 0.0164552722126245 0.0168452765792608 0.0162583142518997 0.0159934908151627 0.0159426406025887 0.0188968274742365 0.0191480256617069 0.0223925355821848 0.0233525205403566 0.0264693908393383 0.0280750766396523 0.0299735218286514 0.0306792482733727 0.0255483854562044 0.027570579200983 0.0289676915854216 0.0289511289447546 0.031738106161356 0.0324754826724529 0.0335676185786724 0.0370581187307835 0.0380844473838806 0.0415400601923466 0.040808692574501 0.0408048443496227 0.0399025827646255 0.039678543806076 0.0423503629863262 0.0423673130571842 0.0425269864499569 0.0416958145797253 0.0451861210167408 0.0402717031538486 0.0390068031847477 0.037965826690197 0.0407018028199673 0.0398981310427189 0.038481742143631 0.0371529571712017 0.0366621799767017
0.0157136861234903 0.0152287064120173 0.0151574937626719 0.0155517514795065 0.0156397596001625 0.017277555540204 0.0175849162042141 0.0172363873571157 0.0164259653538465 0.0165137331932783 0.0164444297552109 0.0188133269548416 0.0191942825913429 0.0231472123414278 0.0263889692723751 0.0272794459015131 0.0284755434840918 0.031394436955452 0.0256006475538015 0.0275866910815239 0.0285956393927336 0.028209337964654 0.0282250251621008 0.0312066543847322 0.0320067703723907 0.0328967273235321 0.0364427641034126 0.036749329417944 0.0404094345867634 0.0416515320539474 0.0402432307600975 0.0397732853889465 0.0427283830940723 0.042420756071806 0.0416080467402935 0.0418598242104053 0.0445469282567501 0.0442569777369499 0.0434075891971588 0.0425238460302353 0.041142750531435 0.0408694595098495 0.0401542186737061 0.0389341749250889 0.041532214730978 0.040604367852211
0.015257865190506 0.0150107685476542 0.0150595363229513 0.0156460143625736 0.0160192735493183 0.0164706222712994 0.0178009383380413 0.0172730404883623 0.0162954442203045 0.0159913543611765 0.0192836429923773 0.0193714033812284 0.0196545943617821 0.0228394661098719 0.0274227857589722 0.0276593640446663 0.0316423773765564 0.0261846706271172 0.0302446279674768 0.0348757579922676 0.0286170784384012 0.0275621507316828 0.027591897174716 0.0310153272002935 0.0312546454370022 0.0305146388709545 0.0343803949654102 0.036071665585041 0.039679616689682 0.0394560694694519 0.0392191670835018 0.0424708537757397 0.0416285954415798 0.0421682260930538 0.0407397858798504 0.0406139306724072 0.0438459813594818 0.0440636426210403 0.0433829575777054 0.0417855903506279 0.0419361218810081 0.0419044904410839 0.0394907966256142 0.0420001745223999 0.0423505529761314 0.0407116338610649
0.0151377525180578 0.015173957683146 0.0154873318970203 0.0159220676869154 0.015954852104187 0.0174997169524431 0.0164006687700748 0.0161056742072105 0.0161394216120243 0.0165717042982578 0.0191428232938051 0.0195233840495348 0.0193450357764959 0.0217319298535585 0.0266590192914009 0.0274647586047649 0.0296947956085205 0.0254774261265993 0.0296996589750051 0.0349938496947289 0.0354484394192696 0.032658014446497 0.0308579709380865 0.0302658434957266 0.030088210478425 0.0302808973938227 0.0304677654057741 0.0334241017699242 0.0377599224448204 0.0385351255536079 0.0387709885835648 0.0415141023695469 0.0418173298239708 0.040783766657114 0.0404308252036572 0.0441626943647861 0.0426848232746124 0.0429445542395115 0.0422498099505901 0.0426354110240936 0.041501872241497 0.0405501760542393 0.0394689850509167 0.0421689674258232 0.0410746596753597 0.0400812700390816
0.0161196663975716 0.0166284181177616 0.0165870878845453 0.0172521453350782 0.0173450540751219 0.0180502720177174 0.0176588296890259 0.0178407803177834 0.0181114971637726 0.0188948884606361 0.0189970657229424 0.0191997922956944 0.0213371627032757 0.0220045726746321 0.0249280836433172 0.0264086108654737 0.0264307968318462 0.0253529772162437 0.0306694600731134 0.0360068306326866 0.0402971170842648 0.0375176519155502 0.037111222743988 0.0309776868671179 0.0293076746165752 0.0295353885740042 0.0329838991165161 0.0332387238740921 0.0326779708266258 0.0373170860111713 0.0373342148959637 0.0414773561060429 0.0405632331967354 0.0396981425583363 0.040185309946537 0.0428934618830681 0.0418500266969204 0.0410293489694595 0.040737297385931 0.0410797223448753 0.0436962768435478 0.0440624505281448 0.0426630862057209 0.0421757362782955 0.0406781136989594 0.0398458875715733
0.0165903978049755 0.0168926361948252 0.0166445691138506 0.0169060695916414 0.017085250467062 0.0179809741675854 0.0175028648227453 0.0174995791167021 0.0172544233500957 0.0185202416032553 0.0191283095628023 0.0197968222200871 0.0218607857823372 0.0222817212343216 0.0224948544055223 0.0245984345674515 0.0260368678718805 0.0293019153177738 0.0307178106158972 0.0346068814396858 0.0358672700822353 0.031264528632164 0.0308911073952913 0.0312048252671957 0.0306823346763849 0.0325226187705994 0.0332604497671127 0.0338559448719025 0.0368797816336155 0.037067823112011 0.0399402193725109 0.040278073400259 0.0394805707037449 0.0394805707037449 0.0425319708883762 0.0424671210348606 0.0412452779710293 0.040271732956171 0.0396214500069618 0.0403665527701378 0.0424837693572044 0.0424837693572044 0.041637010872364 0.0407125167548656 0.0442669056355953 0.0436619631946087
0.0181035343557596 0.0181949343532324 0.0182229429483414 0.0166066400706768 0.0192941222339869 0.0195445232093334 0.0173390787094831 0.0177048109471798 0.0173032265156507 0.0180357862263918 0.0185685139149427 0.0206728614866734 0.0206687524914742 0.0217739790678024 0.0247661974281073 0.0253963656723499 0.0281169451773167 0.0287672635167837 0.0295073743909597 0.032836627215147 0.033440463244915 0.0332581028342247 0.0358353331685066 0.0354163087904453 0.0349738001823425 0.0339962393045425 0.0376971550285816 0.0368974208831787 0.0366575717926025 0.0370553582906723 0.0397149100899696 0.0396539010107517 0.0389298535883427 0.0422006659209728 0.0424726605415344 0.0413018278777599 0.0402474924921989 0.040204543620348 0.0433890670537949 0.0429842099547386 0.0416452027857304 0.0422254577279091 0.0449269600212574 0.0449954271316528 0.0472174882888794 0.0463120080530643
