data/climate_estimation/maxent_output/Fritillaria_persica.asc
NCOLS 224 
NROWS 78 
XLLCORNER 31.9166666666667 
YLLCORNER 30.1666666666667 
CELLSIZE 0.0833333333333333 
NODATA_value -3.4e+38 
[rows 20 to 39 of 78, columns 132 to 175 of 224]
0.00188937061466277 0.00137490965425968 0.0016865071374923 0.00217979424633086 0.00207659509032965 0.00206105783581734 0.00203202548436821 0.00236305012367666 0.00271783955395222 0.00460150837898254 0.00529113877564669 0.00471586547791958 0.00505081098526716 0.00485134078189731 0.00713386619463563 0.00877828802913427 0.010926503688097 0.0123748322948813 0.018086101859808 0.0245280917733908 0.0339104011654854 0.0353805907070637 0.0419960878789425 0.043578676879406 0.0502489842474461 0.052807692438364 0.0614441186189651 0.0709656849503517 0.0862268656492233 0.0917167663574219 0.0637264922261238 0.0550720393657684 0.0484371334314346 0.07787124812603 0.106458961963654 0.0768347084522247 0.0880694314837456 0.0994308143854141 0.113411203026772 0.145542606711388 0.132275730371475 0.128867924213409 0.137384384870529 0.141285210847855
0.00132025289349258 0.00123583211097866 0.00159963069017977 0.00177033303771168 0.00163373549003154 0.00211050268262625 0.00238805939443409 0.00224174745380878 0.00207779719494283 0.00291294464841485 0.00357785797677934 0.00433149700984359 0.00448528910055757 0.0059280158020556 0.00736045092344284 0.00657756812870502 0.00944044440984726 0.0114321624860168 0.0164813026785851 0.0229438040405512 0.0287641230970621 0.0341828241944313 0.0347342826426029 0.0402059182524681 0.0489627942442894 0.0475364960730076 0.0567674450576305 0.06468316167593 0.0709750950336456 0.0595980733633041 0.055137787014246 0.0457062982022762 0.0441047139465809 0.0558174215257168 0.116979911923409 0.0794917941093445 0.0867705568671227 0.0931775569915771 0.121231414377689 0.122169904410839 0.105789378285408 0.100373074412346 0.10681739449501 0.135664016008377
0.00142271653749049 0.00129824772011489 0.0015936850104481 0.0015185687225312 0.00162605685181916 0.00155049446038902 0.00179607246536762 0.00178872561082244 0.00190827716141939 0.00228990544565022 0.00345590664073825 0.00303073064424098 0.00385220372118056 0.00478827580809593 0.00598092749714851 0.00837079435586929 0.00731135392561555 0.0110289603471756 0.0155863538384438 0.0220147594809532 0.0264724548906088 0.0302789714187384 0.0317306853830814 0.0304439570754766 0.0409421883523464 0.0397314131259918 0.0428879372775555 0.0469847209751606 0.0447040647268295 0.0443330220878124 0.0404568240046501 0.0387803949415684 0.0468188710510731 0.0488475784659386 0.0553764887154102 0.0649825185537338 0.0909492969512939 0.0822802558541298 0.0992278382182121 0.123026259243488 0.137697905302048 0.0936120450496674 0.0856903493404388 0.0983538776636124
0.00104366056621075 0.00097991805523634 0.00123287970200181 0.00169146619737148 0.00144236197229475 0.00159666500985622 0.0018057671841234 0.00202776002697647 0.0020183427259326 0.00217109429650009 0.0020038157235831 0.00253119296394289 0.00342658720910549 0.00326579995453358 0.00497696036472917 0.00633557280525565 0.00909463036805391 0.00855051632970572 0.012258336879313 0.0155872469767928 0.0189150311052799 0.02498709410429 0.0237765368074179 0.0267543531954288 0.0278071090579033 0.0306646674871445 0.0353614427149296 0.0358296744525433 0.0359229408204556 0.0352852419018745 0.0348933227360249 0.0376159325242043 0.0447747893631458 0.0480073876678944 0.0571513809263706 0.0549933239817619 0.0726387202739716 0.0825158730149269 0.0937369838356972 0.0952043011784554 0.118330880999565 0.115340642631054 0.109678573906422 0.0949750319123268
0.00115197466220707 0.00102768815122545 0.00126444408670068 0.00117032404523343 0.00151353725232184 0.00154014711733907 0.00139836058951914 0.00158132659271359 0.00173284555785358 0.00167850975412875 0.00199740985408425 0.0022585135884583 0.00285487761721015 0.00318162119947374 0.00400244258344173 0.00482207024469972 0.00692390697076917 0.00880813784897327 0.00856620352715254 0.0133438743650913 0.0156318079680204 0.0159753561019897 0.0186032988131046 0.0178994555026293 0.0213246457278728 0.0261294599622488 0.0264414548873901 0.0274768322706223 0.0290093868970871 0.0294065494090319 0.0313629508018494 0.0309614110738039 0.0362116284668446 0.05329330265522 0.0549880973994732 0.0620258823037148 0.0782559663057327 0.121627777814865 0.12817370891571 0.107348471879959 0.0926498845219612 0.117568202316761 0.107044257223606 0.0829965472221375
0.000845411443151534 0.000793959014117718 0.000928453577216715 0.00101143575739115 0.00111274584196508 0.00113349792081863 0.00128138437867165 0.00153845618478954 0.00183476181700826 0.00158909882884473 0.00199263193644583 0.00180805509444326 0.0021510380320251 0.00269286031834781 0.00299987941980362 0.00398514373227954 0.00443789688870311 0.00574614945799112 0.00655034417286515 0.00857892911881208 0.011268213391304 0.0126358335837722 0.01415975112468 0.0156445354223251 0.0163048766553402 0.0168910566717386 0.0186631418764591 0.0234853327274323 0.0261403918266296 0.0264404527842999 0.0335806272923946 0.0359698161482811 0.0360039100050926 0.0370938517153263 0.0433150865137577 0.057629257440567 0.100295946002007 0.166534543037415 0.162258803844452 0.142219573259354 0.0960766822099686 0.0899997055530548 0.0963349714875221 0.0902119800448418
0.00098997529130429 0.0008330536657013 0.00102386728394777 0.000957650132477283 0.000976218259893358 0.00115999346598983 0.00138017849531025 0.00125260034110397 0.00131060101557523 0.00124248000793159 0.00155585934408009 0.00180393131449819 0.00214403891004622 0.00198246561922133 0.00243763369508088 0.00293299648910761 0.00399291189387441 0.00400913832709193 0.00576157122850418 0.00577705446630716 0.00716333789750934 0.00942169222980738 0.00977835431694984 0.0103242630138993 0.010602138005197 0.0137085355818272 0.0136985024437308 0.0154336700215936 0.0228480882942677 0.0267321243882179 0.0333725474774837 0.036727499216795 0.0367437973618507 0.0463908948004246 0.0435565672814846 0.0463530234992504 0.0651124343276024 0.105579279363155 0.12685215473175 0.12961034476757 0.0997531786561012 0.0864768251776695 0.0930474027991295 0.0813954994082451
0.000765440694522113 0.000683201767969877 0.000696549424901605 0.000804893206804991 0.000792622973676771 0.000852485187351704 0.00098870845977217 0.00111913797445595 0.00130943348631263 0.00133468606509268 0.00155133090447634 0.00139259023126215 0.00157668604515493 0.00207810592837632 0.00247435993514955 0.00241518020629883 0.00242333952337503 0.00366492429748178 0.00367624941281974 0.0048922966234386 0.00477731833234429 0.00608546705916524 0.0090743126347661 0.00790385063737631 0.0087591614574194 0.0100486455485225 0.0109826009720564 0.0124286729842424 0.0179250333458185 0.02513138204813 0.0283008888363838 0.028713833540678 0.0341148115694523 0.0447735376656055 0.0568387545645237 0.0628384724259377 0.0652372092008591 0.099209375679493 0.108854249119759 0.113128893077374 0.111823536455631 0.103647775948048 0.0885268226265907 0.104467332363129
0.000591197051107883 0.000709764717612416 0.00072298152372241 0.000655028037726879 0.000831411394756287 0.000941405305638909 0.000805003452114761 0.000919204147066921 0.000890756549779326 0.00103212741669267 0.00111072405707091 0.00138949509710073 0.00128342560492456 0.00157786242198199 0.00178222835529596 0.00209144758991897 0.00270473444834352 0.00258204434067011 0.0035129392053932 0.00352559611201286 0.00419200630858541 0.00443123979493976 0.00672737322747707 0.00797470286488533 0.00741217145696282 0.00751077756285667 0.00957716163247824 0.0120736109092832 0.0211728755384684 0.0221410393714905 0.0267333742231131 0.0289494264870882 0.0367916785180569 0.0446773841977119 0.0514682196080685 0.0550268553197384 0.0672975108027458 0.0823351368308067 0.123304225504398 0.102083511650562 0.115910403430462 0.104308918118477 0.092043973505497 0.104877702891827
0.000685942941345274 0.000613135867752135 0.00055953802075237 0.000687803258188069 0.000661504920572042 0.000729275576304644 0.000803819741122425 0.000826375093311071 0.000935258925892413 0.000969914835877717 0.000859110266901553 0.00102287903428078 0.00106767052784562 0.0014941617846489 0.00134088343475014 0.00182586268056184 0.00188462168443948 0.00231879251077771 0.00232794298790395 0.00317077687941492 0.00310237798839808 0.00388015666976571 0.00439575966447592 0.00512395799160004 0.00624242844060063 0.00671653775498271 0.00878914166241884 0.00870935618877411 0.0216295216232538 0.0254217144101858 0.0311804432421923 0.0284233540296555 0.032836951315403 0.05655787140131 0.0625070482492447 0.0610566698014736 0.073775015771389 0.0745844468474388 0.0859395936131477 0.0977871119976044 0.0881210267543793 0.0845702663064003 0.0880159884691238 0.0894254669547081
0.000558350409846753 0.000473941239761189 0.000444416014943272 0.000547470350284129 0.000633204937912524 0.000545770511962473 0.000575281330384314 0.0006732830661349 0.000716363603714854 0.000771145278122276 0.000948385219089687 0.000918416364584118 0.000922418024856597 0.00121651391964406 0.000994852744042873 0.00135414162650704 0.00175220682285726 0.00170073634944856 0.00227596564218402 0.00243031256832182 0.00314298435114324 0.0031592755112797 0.004088019952178 0.00390155054628849 0.00496965739876032 0.00694257253780961 0.00697177648544312 0.00955626461654902 0.017662150785327 0.0204875916242599 0.0289643704891205 0.0295060388743877 0.0324948728084564 0.0397933274507523 0.0667118430137634 0.060621365904808 0.0658365488052368 0.0851602256298065 0.0841242372989655 0.0871337428689003 0.0881023108959198 0.0845702663064003 0.0697167366743088 0.0748320743441582
0.000507548858877271 0.000427018763730302 0.000413863483117893 0.000441098964074627 0.000453910528449342 0.000462358322693035 0.000634816533420235 0.000547189440112561 0.000499377201776952 0.000564973743166775 0.000661063881125301 0.00085587368812412 0.000643068575300276 0.000876215577591211 0.0010967249982059 0.00101246160920709 0.00137888744939119 0.00173787365201861 0.00174384156707674 0.00175278820097446 0.0021552643738687 0.00298646744340658 0.00284857559017837 0.00419494602829218 0.00432897266000509 0.00595855247229338 0.00722636375576258 0.00762096233665943 0.0131782460957766 0.0176725275814533 0.0198112539947033 0.0260146502405405 0.0305178947746754 0.0470906533300877 0.0587562397122383 0.0685118287801743 0.0685785785317421 0.077648900449276 0.0831629931926727 0.0959249809384346 0.0987006947398186 0.0884367153048515 0.087660014629364 0.0691002830862999
0.00040184854879044 0.000512692146003246 0.000480504619190469 0.000512420607265085 0.000369233370292932 0.000407086627092212 0.000488194898935035 0.000512643251568079 0.000551438832189888 0.000475234788609669 0.000484205229440704 0.000612623116467148 0.000746347010135651 0.000574483477976173 0.000763952033594251 0.00101462216116488 0.00101822230499238 0.00135416560806334 0.00121736561413854 0.00165619840845466 0.00158127502072603 0.00215283432044089 0.00232028844766319 0.00341604487039149 0.0039131036028266 0.00591222615912557 0.00733211869373918 0.00878846179693937 0.0106758633628488 0.0135426530614495 0.0231732148677111 0.0265768133103848 0.0272083859890699 0.0395160838961601 0.0472581870853901 0.0527969226241112 0.0580442994832993 0.073820948600769 0.0732895210385323 0.0770688951015472 0.0807793214917183 0.080664187669754 0.0837311074137688 0.0872269198298454
0.000604318920522928 0.000438639894127846 0.00039138738065958 0.000443443772383034 0.000439597730292007 0.000339392223395407 0.000331542745698243 0.000383538077585399 0.000527225201949477 0.000537531450390816 0.000463433738332242 0.000459791568573564 0.00057553529040888 0.000549901276826859 0.000545294547919184 0.000742538191843778 0.000961226061917841 0.000965941406320781 0.00128500605933368 0.00122720713261515 0.00149437761865556 0.00175296911038458 0.00236943969503045 0.00278078811243176 0.00399546744301915 0.00469100382179022 0.00550330011174083 0.00678041065111756 0.00948951952159405 0.0140443779528141 0.02156837657094 0.026942690834403 0.0294878464192152 0.0303674601018429 0.0439888909459114 0.0636537373065948 0.0688219666481018 0.0595785640180111 0.0733209699392319 0.064283050596714 0.077009029686451 0.0761495977640152 0.0717378705739975 0.0828609392046928
0.000493911269586533 0.000376063515432179 0.000392200134228915 0.000360864156391472 0.000357713550329208 0.000418729468947276 0.000401437631808221 0.000386520609026775 0.000345938955433667 0.000447905389592052 0.000471900100819767 0.000414453708799556 0.000410528009524569 0.000532126345206052 0.000496323395054787 0.000642882368993014 0.000876390608027577 0.000836915161926299 0.00101913441903889 0.00102348998188972 0.00154553435277194 0.00183808198198676 0.00199580192565918 0.00240678642876446 0.00363675481639802 0.00402580993250012 0.00597704853862524 0.00769098289310932 0.0117453960701823 0.01679378002882 0.0223703049123287 0.0235340483486652 0.0281912833452225 0.0264987498521805 0.0375385247170925 0.0564372465014458 0.0592437386512756 0.0759962126612663 0.0739838182926178 0.0746712237596512 0.0731594413518906 0.0836293697357178 0.0689585208892822 0.0552940852940083
0.000578192411921918 0.000369558430975303 0.000313478958560154 0.000363121973350644 0.000361341255484149 0.000376837269868702 0.000383941311156377 0.000330652605043724 0.000314521137624979 0.000328402471495792 0.000380307843443006 0.000480833637993783 0.0004371733230073 0.000460690702311695 0.00056652759667486 0.000541069894097745 0.000659287092275918 0.000661885074805468 0.000871632946655154 0.00112704792991281 0.00119660410564393 0.0015485524199903 0.00172722979914397 0.00246067461557686 0.00274427980184555 0.00436159456148744 0.00534554524347186 0.00626493757590652 0.0099008996039629 0.0135332485660911 0.0169681962579489 0.0228005610406399 0.0224137492477894 0.0259594358503819 0.0300041101872921 0.0406914725899696 0.0567972511053085 0.067240983247757 0.0602361112833023 0.0603419467806816 0.0588263347744942 0.0783853083848953 0.0994218662381172 0.0664361715316772
0.000651094305794686 0.000511241320054978 0.000447580561740324 0.000345129839843139 0.000355335272615775 0.000435179215855896 0.000358678807970136 0.000374049297533929 0.000290401629172266 0.000339759222697467 0.000365491985576227 0.000434639194281772 0.000395304930862039 0.000438087416114286 0.000612937321420759 0.000586080306675285 0.000667081214487553 0.000811500882264227 0.000815379258710891 0.00105479033663869 0.00105994252953678 0.00143447134178132 0.00190533243585378 0.0021275959443301 0.00321705965325236 0.00358254392631352 0.00490558100864291 0.00741345854476094 0.00988394115120173 0.0111941350623965 0.015225263312459 0.0175565201789141 0.0220249444246292 0.0225853137671947 0.0256469622254372 0.0275593958795071 0.0340816378593445 0.0431921891868114 0.0499853901565075 0.045951958745718 0.0600341260433197 0.0662894546985626 0.0844228342175484 0.103491887450218
0.000417685339925811 0.000329313013935462 0.000362955877790228 0.000454580906080082 0.000467976497020572 0.000324940396239981 0.000292481185169891 0.000320496066706255 0.000384732527891174 0.00030674907611683 0.00036542970337905 0.000450356572400779 0.000451475672889501 0.000503889692481607 0.000582963519264013 0.00075479393126443 0.000685351085849106 0.000819990644231439 0.00106300204060972 0.0010134787298739 0.00129940069746226 0.00124134332872927 0.00160678592510521 0.00183940096758306 0.00261643785052001 0.00375922676175833 0.00394453015178442 0.00541094643995166 0.00617188401520252 0.00931133329868317 0.0128589076921344 0.0133295375853777 0.0162929203361273 0.0153250759467483 0.0172379873692989 0.0261718928813934 0.0261486284434795 0.0291326753795147 0.0359161980450153 0.0461464636027813 0.0612529590725899 0.0690059959888458 0.0618385151028633 0.07321547716856
0.000334324169671163 0.000298201135592535 0.000414610869484022 0.000432796950917691 0.00049008266068995 0.000302074069622904 0.000269408861640841 0.000303178705507889 0.000344535103067756 0.000344927742844447 0.000313268043100834 0.00034856452839449 0.000451450265245512 0.000479568290757015 0.000619889528024942 0.000742334756068885 0.000708535022567958 0.000805936870165169 0.00100894505158067 0.000938300683628768 0.00106824771501124 0.00145545869600028 0.00130854942835867 0.00188165612053126 0.00283817085437477 0.00325287459418178 0.00362699571996927 0.00477494904771447 0.0052684205584228 0.00803204625844955 0.00999241601675749 0.0116986613720655 0.0131667610257864 0.0120295202359557 0.0144554898142815 0.0158938057720661 0.0194874107837677 0.0305509362369776 0.0330603010952473 0.0338883325457573 0.0427103005349636 0.0600533783435822 0.0546662546694279 0.0717492699623108
0.000408976920880377 0.000490974925924093 0.000314969307510182 0.000395166804082692 0.000399201380787417 0.000369837012840435 0.000347511959262192 0.000298806640785187 0.000266660557826981 0.000320682011079043 0.000425380654633045 0.000370804074918851 0.000422438199166209 0.000547605799511075 0.000610215240158141 0.000789102050475776 0.00102148309815675 0.00079300015931949 0.000994131667539477 0.00110105448402464 0.000988130341283977 0.00115467887371778 0.00149141950532794 0.00152814551256597 0.00231062108650804 0.00220763776451349 0.0031702327542007 0.00362997385673225 0.00507108028978109 0.00565585307776928 0.00812244974076748 0.0081444401293993 0.00974271260201931 0.00976218655705452 0.0102780414745212 0.0128068132326007 0.0115087619051337 0.0221888329833746 0.0285934861749411 0.0231954548507929 0.0231387708336115 0.0358634926378727 0.0610973462462425 0.0669565945863724
