data/climate_estimation/maxent_output/Fritillaria_montana.asc
NCOLS 209 
NROWS 90 
XLLCORNER 6.58333333333333 
YLLCORNER 39.5 
CELLSIZE 0.0833333333333333 
NODATA_value -3.4e+38 
[rows 66 to 87 of 90, columns 147 to 195 of 209]
-3.4e+38 -3.4e+38 -3.4e+38 -3.4e+38 -3.4e+38 -3.4e+38 -3.4e+38 0.485452324151993 0.534615814685822 0.631843626499176 0.606082439422607 0.718335330486298 0.896765530109406 0.976123571395874 0.977346122264862 0.951997101306915 0.976831614971161 0.961737811565399 0.982434928417206 0.964328944683075 0.946064174175262 0.969317734241486 0.957900166511536 0.9903843998909 0.988839507102966 0.84991043806076 0.816975831985474 0.797534346580505 0.777630269527435 0.279594391584396 0.164475336670876 0.137120857834816 0.204151496291161 0.216310784220695 0.163585156202316 0.0721620097756386 0.0406266152858734 0.029797900468111 0.0314057059586048 0.0268196761608124 0.0266725979745388 0.0691493675112724 0.0680821761488914 0.0692443996667862 0.0614365674555302 0.0290999133139849 0.0275347400456667 0.0325531847774982 0.0756163150072098
-3.4e+38 -3.4e+38 -3.4e+38 -3.4e+38 -3.4e+38 -3.4e+38 -3.4e+38 0.466978818178177 0.505621314048767 0.562503159046173 0.598702907562256 0.645732402801514 0.848195731639862 0.966075539588928 0.947908937931061 0.962824463844299 0.975146174430847 0.96621572971344 0.98145866394043 0.97908890247345 0.980577230453491 0.986097157001495 0.97385185956955 0.991903066635132 0.991301119327545 0.980876326560974 0.947202980518341 0.92074453830719 0.803006827831268 0.333876490592957 0.150981560349464 0.126262918114662 0.168320655822754 0.236426249146461 0.208980306982994 0.104060396552086 0.135752111673355 0.0442555993795395 0.0713024884462357 0.0686615705490112 0.0341179035604 0.0391062870621681 0.034191220998764 0.0299378018826246 0.0523659698665142 0.0499876216053963 0.0616254843771458 0.076581172645092 0.0948229134082794
-3.4e+38 -3.4e+38 -3.4e+38 -3.4e+38 -3.4e+38 -3.4e+38 -3.4e+38 0.453004956245422 0.517518103122711 0.580502688884735 0.615246176719666 0.668632209300995 0.726989030838013 0.91678375005722 0.966402173042297 0.977569282054901 0.983564913272858 0.949258744716644 0.98104065656662 0.966942608356476 0.965265572071075 0.97901839017868 0.992084741592407 0.983655869960785 0.983918845653534 0.986115336418152 0.963218212127686 0.662369430065155 0.430617451667786 0.387849718332291 0.148311793804169 0.120997808873653 0.153356656432152 0.341660022735596 0.21078422665596 0.162288531661034 0.098926343023777 0.0770948976278305 0.130222871899605 0.0870018824934959 0.108483381569386 0.133690759539604 0.0490987189114094 0.0212893802672625 0.0249139834195375 0.0310593917965889 0.0486111156642437 0.0574977286159992 0.0552356131374836
-3.4e+38 -3.4e+38 -3.4e+38 -3.4e+38 -3.4e+38 -3.4e+38 -3.4e+38 0.41259241104126 0.476639688014984 0.566686034202576 0.652307450771332 0.718559503555298 0.794337749481201 0.891901791095734 0.951050281524658 0.965037703514099 0.946937799453735 0.79906964302063 0.968010187149048 0.948622643947601 0.963412880897522 0.965785264968872 0.931823253631592 0.969954431056976 0.988201558589935 0.986977875232697 0.968108594417572 0.86305558681488 0.37050849199295 0.567122995853424 0.16635525226593 0.126592978835106 0.140379175543785 0.213153317570686 0.0785781592130661 0.138486191630363 0.254020154476166 0.141146510839462 0.171455830335617 0.275800973176956 0.287575989961624 0.243360325694084 0.0484575591981411 0.0246650893241167 0.0246575158089399 0.0273423865437508 0.0296583846211433 0.0281560756266117 0.0497303828597069
-3.4e+38 -3.4e+38 -3.4e+38 -3.4e+38 -3.4e+38 -3.4e+38 -3.4e+38 0.465707510709763 0.449116289615631 0.509839713573456 0.649120271205902 0.745731353759766 0.800989508628845 0.844298422336578 0.74001008272171 0.754955530166626 0.832065522670746 0.981710493564606 0.965574026107788 0.986891210079193 0.987089514732361 0.982154726982117 0.927648961544037 0.917597889900208 0.990584313869476 0.985173285007477 0.929139912128448 0.865610301494598 0.599917531013489 0.309991925954819 0.16453729569912 0.117923080921173 0.160817667841911 0.155699864029884 0.0955043658614159 0.201278150081635 0.372978925704956 0.281138092279434 0.300038754940033 0.360259085893631 0.267800539731979 0.12421240657568 0.0613153092563152 0.0259364694356918 0.020730858668685 0.0259041059762239 0.0306317172944546 0.0284408275038004 0.0378122366964817
-3.4e+38 -3.4e+38 -3.4e+38 -3.4e+38 -3.4e+38 -3.4e+38 -3.4e+38 0.36338472366333 0.414067000150681 0.463430106639862 0.508540093898773 0.597051560878754 0.675299346446991 0.68446010351181 0.675732374191284 0.838917315006256 0.982821404933929 0.977155387401581 0.970004141330719 0.953019917011261 0.905648052692413 0.973082780838013 0.925549149513245 0.946039795875549 0.984677910804749 0.946297168731689 0.826107382774353 0.945854365825653 0.861931145191193 0.438077300786972 0.15464049577713 0.127191156148911 0.169311478734016 0.278577029705048 0.1722791492939 0.341463327407837 0.435459613800049 0.250437498092651 0.0514863207936287 0.0393278300762177 0.0604817345738411 0.229003891348839 0.10304819047451 0.0321046784520149 0.0251792557537556 0.0210588146001101 0.0241165030747652 0.0263918247073889 0.0352608971297741
-3.4e+38 -3.4e+38 -3.4e+38 -3.4e+38 -3.4e+38 -3.4e+38 -3.4e+38 0.345388948917389 0.388587474822998 0.417897671461105 0.483242005109787 0.567745208740234 0.640364229679108 0.665665686130524 0.75174754858017 0.755760490894318 0.844305038452148 0.974456191062927 0.97639799118042 0.986075043678284 0.964262425899506 0.985491454601288 0.908308684825897 0.993216991424561 0.990984380245209 0.870084941387177 0.75878494977951 0.951148986816406 0.927245199680328 0.807829797267914 0.190835416316986 0.133185610175133 0.117649763822556 0.147907197475433 0.441803336143494 0.616395890712738 0.203342109918594 0.0429931506514549 0.0242118127644062 0.0238341484218836 0.0715725794434547 0.244695574045181 0.1099813580513 0.0276654586195946 0.0202307533472776 0.0201202966272831 0.0252457447350025 0.0277730096131563 0.0317741893231869
-3.4e+38 -3.4e+38 -3.4e+38 -3.4e+38 -3.4e+38 -3.4e+38 0.309521466493607 0.292601466178894 0.337445259094238 0.377011269330978 0.406699776649475 0.484331756830215 0.546937346458435 0.622860491275787 0.828071117401123 0.80690723657608 0.778011739253998 0.972385942935944 0.976608395576477 0.975354611873627 0.985211610794067 0.991515874862671 0.945606410503387 0.992791056632996 0.98736834526062 0.904155433177948 0.73743748664856 0.789079070091248 0.936103045940399 0.805156469345093 0.221039369702339 0.143112808465958 0.126186236739159 0.192578688263893 0.45946741104126 0.471302002668381 0.370735794305801 0.095402866601944 0.0354434512555599 0.0269120410084724 0.025577437132597 0.0566437765955925 0.0326619818806648 0.0254837833344936 0.0205747373402119 0.0199333224445581 0.0222754441201687 0.0247567072510719 0.0275129955261946
-3.4e+38 -3.4e+38 -3.4e+38 -3.4e+38 -3.4e+38 -3.4e+38 0.244958505034447 0.266151547431946 0.276159971952438 0.306388825178146 0.349694073200226 0.479897797107697 0.472098231315613 0.599240303039551 0.782238662242889 0.857615172863007 0.697148978710175 0.849493086338043 0.978590726852417 0.903840303421021 0.985720098018646 0.988433957099915 0.966937184333801 0.963055372238159 0.988358557224274 0.931680858135223 0.860470235347748 0.725338459014893 0.930965006351471 0.837599992752075 0.4182268679142 0.159547731280327 0.133868113160133 0.182146787643433 0.251190513372421 0.0767547637224197 0.0668883100152016 0.0732784643769264 0.0350649580359459 0.022449417039752 0.0199207421392202 0.0177859254181385 0.0189356673508883 0.0185970589518547 0.0201105680316687 0.0195913817733526 0.0249026399105787 0.0263863243162632 0.0324940234422684
-3.4e+38 -3.4e+38 -3.4e+38 -3.4e+38 -3.4e+38 -3.4e+38 0.208727762103081 0.224033281207085 0.256229341030121 0.28805136680603 0.364932656288147 0.505922377109528 0.68298202753067 0.550445020198822 0.678942143917084 0.939281225204468 0.860485017299652 0.971567690372467 0.953132450580597 0.979871809482574 0.983152091503143 0.986333310604095 0.947787821292877 0.895894646644592 0.952790856361389 0.966082036495209 0.957772552967072 0.938603341579437 0.896900415420532 0.850800216197968 0.765945255756378 0.320356547832489 0.24126236140728 0.144533634185791 0.0867571160197258 0.0730148553848267 0.126942247152328 0.199441969394684 0.0378221943974495 0.021505830809474 0.0191741976886988 0.0176341384649277 0.0168695524334908 0.016794441267848 0.018505459651351 0.0195117574185133 0.0216318275779486 0.0219946727156639 0.0275599975138903
-3.4e+38 -3.4e+38 -3.4e+38 -3.4e+38 -3.4e+38 -3.4e+38 0.183706939220428 0.181460961699486 0.211195230484009 0.310743898153305 0.463705688714981 0.529541552066803 0.702577531337738 0.60418689250946 0.585265100002289 0.917739927768707 0.933887302875519 0.923951089382172 0.958493888378143 0.972666501998901 0.979675769805908 0.982546091079712 0.949353694915771 0.948613822460175 0.987910270690918 0.850423574447632 0.958529710769653 0.972626626491547 0.711581170558929 0.701394855976105 0.840329825878143 0.697990834712982 0.185291811823845 0.108463428914547 0.0900487080216408 0.115277625620365 0.436605006456375 0.562248587608337 0.0883252322673798 0.0219647064805031 0.0189966503530741 0.0174073670059443 0.016745500266552 0.0173778366297483 0.0176943801343441 0.0182852894067764 0.020653136074543 0.0218978356570005 0.0236852914094925
-3.4e+38 -3.4e+38 -3.4e+38 -3.4e+38 -3.4e+38 -3.4e+38 0.161820560693741 0.166469171643257 0.171849325299263 0.225196838378906 0.27870699763298 0.416792750358582 0.59912782907486 0.663893520832062 0.653366267681122 0.568669617176056 0.849568784236908 0.954500675201416 0.959433257579803 0.93701159954071 0.96000212430954 0.979604482650757 0.948196768760681 0.983283042907715 0.987533628940582 0.892162382602692 0.800992608070374 0.657164037227631 0.600358128547668 0.36093083024025 0.361800014972687 0.549596548080444 0.187497273087502 0.121316149830818 0.0878187716007233 0.150490671396255 0.537981748580933 0.489068597555161 0.39738854765892 0.051119826734066 0.0197701752185822 0.0167693346738815 0.0166047010570765 0.0187893826514482 0.0175148788839579 0.01834587007761 0.0192358437925577 0.02096226811409 -3.4e+38
-3.4e+38 -3.4e+38 -3.4e+38 -3.4e+38 -3.4e+38 0.300230294466019 0.199914202094078 0.128539025783539 0.20061007142067 0.221538931131363 0.257064521312714 0.268708169460297 0.435823172330856 0.572226405143738 0.600519001483917 0.62128210067749 0.722506403923035 0.663573205471039 0.800816595554352 0.932822167873383 0.963373959064484 0.952324032783508 0.977398455142975 0.965017378330231 0.98307865858078 0.973004579544067 0.893000781536102 0.627819418907166 0.469118595123291 0.354292690753937 0.564077615737915 0.487294465303421 0.514874637126923 0.17846243083477 0.132567450404167 0.100143581628799 0.158085331320763 0.438599139451981 0.471531987190247 0.139106869697571 0.0338539592921734 0.0436662882566452 0.0231230072677135 0.0219112019985914 0.0189617220312357 0.0175669845193624 -3.4e+38 0.0219238605350256 0.0261724758893251
-3.4e+38 -3.4e+38 -3.4e+38 -3.4e+38 -3.4e+38 0.438920438289642 0.33028370141983 0.168913543224335 0.435318499803543 0.177619650959969 0.482732266187668 0.559766173362732 0.289352416992188 0.254743099212646 0.710006058216095 0.66332471370697 0.572090625762939 0.729985117912292 0.889660596847534 0.94623738527298 0.930484890937805 0.869853436946869 0.972482204437256 0.924796462059021 0.963768243789673 0.98451840877533 0.951783180236816 0.842035830020905 0.640002369880676 0.391238301992416 0.291962563991547 0.332361876964569 0.750834167003632 0.417627602815628 0.232132405042648 0.0944907441735268 0.088741734623909 0.10938074439764 0.19546777009964 0.0729507654905319 0.0563244707882404 0.10749377310276 0.0287811513990164 0.0231744628399611 0.0195412486791611 0.0173060391098261 -3.4e+38 -3.4e+38 0.022212453186512
-3.4e+38 -3.4e+38 -3.4e+38 -3.4e+38 -3.4e+38 -3.4e+38 0.258017063140869 0.22459651529789 0.396350204944611 0.528604924678802 0.272442400455475 0.721745014190674 0.756952226161957 0.556468486785889 0.305309504270554 0.578644037246704 0.400406152009964 0.277995705604553 0.719909369945526 0.703253626823425 0.834719359874725 0.873720169067383 0.955158233642578 0.95821887254715 0.966372132301331 0.978300809860229 0.977474868297577 0.942142605781555 0.64325624704361 0.46439927816391 0.302299231290817 0.217068642377853 0.434612900018692 0.373713403940201 0.137540191411972 0.0952080190181732 0.0689570084214211 0.0608019568026066 0.0489493235945702 0.126134634017944 0.474437266588211 0.0419692471623421 0.0203440692275763 0.0172841940075159 0.016336377710104 0.0165532063692808 -3.4e+38 -3.4e+38 -3.4e+38
-3.4e+38 -3.4e+38 -3.4e+38 -3.4e+38 -3.4e+38 -3.4e+38 -3.4e+38 0.420534700155258 0.614018559455872 0.629486501216888 0.377685308456421 0.400753140449524 0.699638843536377 0.735854268074036 0.564340651035309 0.406004667282104 0.766726195812225 0.861264228820801 0.463531464338303 0.440793395042419 0.857912957668304 0.8601194024086 0.942557752132416 0.859872162342072 0.925978362560272 0.919780492782593 0.935820162296295 0.92625218629837 0.68995726108551 0.504402577877045 0.359307587146759 0.233990594744682 0.186320841312408 0.439272522926331 0.348496407270432 0.0731182247400284 0.0390052944421768 0.0306943394243717 0.0714538544416428 0.562009632587433 0.416336745023727 0.0579512007534504 0.0225953366607428 0.0158501360565424 0.0152797373011708 -3.4e+38 -3.4e+38 -3.4e+38 -3.4e+38
-3.4e+38 -3.4e+38 -3.4e+38 -3.4e+38 -3.4e+38 -3.4e+38 -3.4e+38 -3.4e+38 -3.4e+38 0.174450546503067 0.26218780875206 0.250381678342819 0.467841476202011 0.580010116100311 0.27383103966713 0.0644145756959915 0.572519183158875 0.800112545490265 0.843024969100952 0.839826464653015 0.386318862438202 0.527191638946533 0.566701650619507 0.653620660305023 0.949273884296417 0.938723802566528 0.962895035743713 0.962250173091888 0.793629586696625 0.590710937976837 0.364777326583862 0.208550155162811 0.163471952080727 0.174375027418137 0.215324059128761 0.0745651423931122 0.0489344112575054 0.141433492302895 0.198954731225967 0.237847194075584 0.211088538169861 0.428205847740173 0.547771453857422 0.0630851909518242 0.017513319849968 -3.4e+38 -3.4e+38 -3.4e+38 -3.4e+38
-3.4e+38 -3.4e+38 -3.4e+38 -3.4e+38 -3.4e+38 -3.4e+38 -3.4e+38 -3.4e+38 -3.4e+38 -3.4e+38 -3.4e+38 0.0874983221292496 0.204981237649918 0.355986535549164 0.621257722377777 0.486098676919937 0.0432542786002159 0.543189585208893 0.618170440196991 0.824359178543091 0.652845680713654 0.313491255044937 0.422319054603577 0.844547927379608 0.86120080947876 0.943780541419983 0.954082846641541 0.963493704795837 0.864498019218445 0.580300450325012 0.334575265645981 0.246388256549835 0.16178172826767 0.158223509788513 0.186159014701843 0.086241751909256 0.108048968017101 0.225372046232224 0.120394051074982 0.0443115904927254 0.0608190670609474 0.620715320110321 0.840492844581604 0.410052686929703 0.0231764297932386 0.0187046602368355 -3.4e+38 -3.4e+38 -3.4e+38
-3.4e+38 -3.4e+38 -3.4e+38 -3.4e+38 -3.4e+38 -3.4e+38 -3.4e+38 -3.4e+38 -3.4e+38 -3.4e+38 -3.4e+38 -3.4e+38 0.0450715497136116 0.0621495321393013 0.0478713996708393 0.199980303645134 0.21959500014782 0.125000461935997 0.352471739053726 0.526233375072479 0.390858590602875 0.350555747747421 0.764589726924896 0.885064601898193 0.926132023334503 0.922134578227997 0.951605677604675 0.957034885883331 0.910742461681366 0.646789848804474 0.420089840888977 0.333183497190475 0.249605640769005 0.113998763263226 0.0947384238243103 0.240142852067947 0.126941218972206 0.13730351626873 0.0475099720060825 0.0345070250332355 0.0416311696171761 0.0955425724387169 0.184395983815193 0.229066044092178 0.141768306493759 0.0189413372427225 0.0147528182715178 -3.4e+38 -3.4e+38
-3.4e+38 -3.4e+38 -3.4e+38 -3.4e+38 -3.4e+38 -3.4e+38 0.0622010938823223 0.0531919896602631 0.0452918820083141 0.0411664396524429 -3.4e+38 -3.4e+38 -3.4e+38 0.0547979958355427 0.0330659560859203 0.0494582913815975 0.29815337061882 0.360837489366531 0.119790114462376 0.22242271900177 0.242629542946815 0.260677635669708 0.710502445697784 0.717497825622559 0.847479224205017 0.900641620159149 0.939264714717865 0.93507045507431 0.954310059547424 0.855351150035858 0.649269938468933 0.435085445642471 0.224114462733269 0.161103442311287 0.153853490948677 0.214037716388702 0.208048820495605 0.118793621659279 0.0323603339493275 0.0312895141541958 0.0269187428057194 0.0795838758349419 0.0583935119211674 0.0277139265090227 0.0341738350689411 0.0426054410636425 0.0299106333404779 0.0231789164245129 -3.4e+38
-3.4e+38 -3.4e+38 -3.4e+38 -3.4e+38 -3.4e+38 -3.4e+38 -3.4e+38 -3.4e+38 0.0384519323706627 0.0390893220901489 0.0348011814057827 0.0366251170635223 0.0619364567101002 0.0319695845246315 0.0321182459592819 0.0427792519330978 0.102961711585522 0.499959081411362 0.527411758899689 0.208627372980118 0.298962026834488 0.21255449950695 0.336146414279938 0.635415256023407 0.503401756286621 0.518090665340424 0.835738003253937 0.874279975891113 0.95170795917511 0.802723228931427 0.60085141658783 0.447324067354202 0.201512008905411 0.188962042331696 0.18167582154274 0.236381903290749 0.347824275493622 0.273983210325241 0.0320902094244957 0.0279942248016596 0.0453888475894928 0.0178369916975498 0.013364439830184 0.0147693958133459 0.0207549314945936 0.12348672747612 0.546455323696136 0.0664313808083534 0.0234462786465883
-3.4e+38 -3.4e+38 -3.4e+38 -3.4e+38 -3.4e+38 -3.4e+38 -3.4e+38 -3.4e+38 -3.4e+38 0.0346297733485699 0.0392927601933479 0.0465234182775021 0.0737459138035774 0.0287088956683874 0.0316413342952728 0.0528335236012936 0.130402460694313 0.114281035959721 0.131208792328835 0.12289372831583 0.119881048798561 0.126753926277161 0.270967841148376 0.279598116874695 0.559359490871429 0.427369982004166 0.586779952049255 0.923016488552094 0.928402543067932 0.932203650474548 0.821699917316437 0.481124222278595 0.212424799799919 0.143342658877373 0.0935006439685822 0.123472668230534 0.128182157874107 0.118374094367027 0.0386675931513309 0.0298000238835812 0.0206519328057766 0.0159996468573809 0.0134145198389888 0.0137175722047687 0.0138252004981041 0.0384596101939678 0.0407078638672829 0.0286087989807129 0.021090742200613
