data/climate_estimation/maxent_output/Fritillaria_pontica.asc
NCOLS 151 
NROWS 42 
XLLCORNER 19.3333333333333 
YLLCORNER 38.9166666666667 
CELLSIZE 0.0833333333333333 
NODATA_value -3.4e+38 
[rows 21 to 41 of 42, columns 0 to 46 of 151]
0.692066431045532 0.696992695331573 0.732501685619354 0.775854289531708 0.809693455696106 0.804957091808319 0.802845239639282 0.775593161582947 0.801393687725067 0.754293918609619 0.634116232395172 0.765713393688202 0.59997433423996 0.683973968029022 0.673813045024872 0.63670688867569 0.752288579940796 0.751879274845123 0.690182209014893 0.779681742191315 0.750393390655518 0.694966018199921 0.82661384344101 0.796882629394531 0.656238079071045 0.721013009548187 0.67022579908371 0.584138691425323 0.557021975517273 0.631168901920319 0.783956170082092 0.689737498760223 0.643389642238617 0.32467794418335 0.310460090637207 0.313732504844666 0.318763017654419 0.335710436105728 0.36499497294426 0.382661670446396 0.426039606332779 0.459636867046356 0.48136967420578 0.602705895900726 0.715239882469177 0.762095034122467 0.669034063816071
0.656806886196136 0.682604312896729 0.698486745357513 0.770068228244781 0.7871173620224 0.813743531703949 0.808217763900757 0.800382792949677 0.825606167316437 0.834973454475403 0.777841031551361 0.708304047584534 0.665439665317535 0.538105309009552 0.595369160175323 0.657147645950317 0.743231952190399 0.657656013965607 0.674553215503693 0.773198366165161 0.805186212062836 0.810304880142212 0.827810108661652 0.77138614654541 0.791575372219086 0.749936640262604 0.66513580083847 0.611315429210663 0.550080478191376 0.679564952850342 0.732369601726532 0.745038628578186 0.800404131412506 0.509850442409515 0.304926544427872 0.295929849147797 0.308306515216827 0.355948477983475 0.353115320205688 0.383759796619415 0.407499879598618 0.453154325485229 -3.4e+38 0.534567356109619 0.602889955043793 0.740359961986542 0.845390021800995
0.730933427810669 0.617292761802673 0.772633194923401 0.78259152173996 0.784749627113342 0.793459057807922 0.824765920639038 0.826866626739502 0.830327093601227 0.826935946941376 0.811821520328522 0.829623520374298 0.805171310901642 0.748330891132355 0.623524606227875 0.726839542388916 0.667199313640594 0.574475169181824 0.663458526134491 0.737070441246033 0.773442089557648 0.837088286876678 0.803850531578064 0.786250054836273 0.833956778049469 0.739151775836945 0.741645932197571 0.674833714962006 0.640388190746307 0.58669775724411 0.691466450691223 0.806446135044098 0.776902914047241 0.706420719623566 0.420564591884613 0.495890974998474 0.379270732402802 0.38032540678978 0.36542147397995 0.351866006851196 -3.4e+38 0.470842659473419 0.519444823265076 0.573953866958618 0.60276585817337 0.668260455131531 0.742054998874664
0.793777465820312 0.729019939899445 0.810201406478882 0.769780397415161 0.807268142700195 0.804542243480682 0.829853296279907 0.821693897247314 0.795359790325165 0.806283116340637 0.815968871116638 0.781087577342987 0.728415310382843 0.713245391845703 0.734819233417511 0.755759060382843 0.70985621213913 0.458693742752075 0.560378432273865 0.726792335510254 0.764837741851807 0.801916480064392 0.83724308013916 0.789548218250275 0.761505961418152 0.785444378852844 0.731962144374847 0.75161212682724 0.714237570762634 0.568929374217987 0.573670923709869 0.636496305465698 0.737512826919556 0.582002878189087 0.544745206832886 0.685337364673615 0.42119288444519 0.389693826436996 0.358478009700775 0.347985565662384 -3.4e+38 -3.4e+38 0.463158577680588 0.544864296913147 0.578797221183777 0.646126508712769 0.747149765491486
0.787630617618561 0.777006268501282 0.794138371944427 0.787049233913422 0.8172447681427 0.729684948921204 0.687540769577026 0.819400489330292 0.854909896850586 0.81948322057724 0.868160247802734 0.867631196975708 0.786330044269562 0.806659936904907 0.769137442111969 0.748659551143646 0.636332929134369 0.625850021839142 0.653683841228485 0.70438426733017 0.731712222099304 0.775365948677063 0.846430897712708 0.815481126308441 0.767965078353882 0.719162225723267 0.747506618499756 0.751188039779663 0.638450443744659 0.572225630283356 0.507910549640656 0.488726168870926 0.463667422533035 0.697029113769531 0.813504099845886 0.474124819040298 0.33694514632225 0.308321535587311 0.315355092287064 0.318353563547134 -3.4e+38 -3.4e+38 -3.4e+38 -3.4e+38 0.54082578420639 0.587217628955841 0.619271278381348
-3.4e+38 0.805692672729492 0.791964888572693 0.74708092212677 0.804908931255341 0.822716414928436 0.734729647636414 0.755675792694092 0.800030171871185 0.846213281154633 0.753896236419678 0.745908915996552 0.819662094116211 0.836781144142151 0.736261487007141 0.748803615570068 0.647790014743805 0.760669887065887 0.743644773960114 0.737900853157043 0.753280699253082 0.788317382335663 0.860100328922272 0.820030093193054 0.79369992017746 0.725757658481598 0.689471542835236 0.74534147977829 0.738741159439087 0.497995734214783 0.370391488075256 0.332958877086639 0.530901491641998 0.798784494400024 0.811229825019836 0.536797106266022 0.347889006137848 0.285432040691376 0.281876444816589 -3.4e+38 -3.4e+38 -3.4e+38 -3.4e+38 -3.4e+38 -3.4e+38 -3.4e+38 -3.4e+38
-3.4e+38 -3.4e+38 -3.4e+38 0.794292807579041 0.817781925201416 0.805367350578308 0.79265958070755 0.788541913032532 0.862523436546326 0.851179718971252 0.8122398853302 0.742424547672272 0.720833301544189 0.71834534406662 0.846851646900177 0.80619889497757 0.807462871074677 0.791983366012573 0.697445631027222 0.58954393863678 0.68585729598999 0.769533157348633 0.832425892353058 0.834463834762573 0.772060751914978 0.69497287273407 0.665170729160309 0.627402484416962 0.693760693073273 0.513322532176971 0.428689122200012 0.683482468128204 0.755384683609009 0.777100622653961 0.771006107330322 0.831962943077087 0.830759406089783 0.578506350517273 0.310712873935699 -3.4e+38 -3.4e+38 -3.4e+38 -3.4e+38 -3.4e+38 -3.4e+38 -3.4e+38 -3.4e+38
-3.4e+38 -3.4e+38 -3.4e+38 -3.4e+38 -3.4e+38 0.73941433429718 0.804022371768951 0.802697658538818 0.779834508895874 0.804861545562744 0.851012825965881 0.813181340694427 0.779278218746185 0.735000729560852 0.765510022640228 0.809868812561035 0.821691870689392 0.74336564540863 0.747868597507477 0.702111959457397 0.697690188884735 0.724758148193359 0.82568883895874 0.842357218265533 0.736762225627899 0.717089951038361 0.639685869216919 0.616139590740204 0.646569132804871 0.555103063583374 0.595132648944855 0.744742631912231 0.631808817386627 0.43458816409111 0.505362570285797 0.810994029045105 0.597221374511719 0.869586408138275 0.363492101430893 0.311079829931259 -3.4e+38 -3.4e+38 -3.4e+38 -3.4e+38 -3.4e+38 -3.4e+38 -3.4e+38
-3.4e+38 -3.4e+38 -3.4e+38 -3.4e+38 -3.4e+38 -3.4e+38 0.628986537456512 0.717330873012543 0.689265429973602 0.842704951763153 0.852294862270355 0.830990016460419 0.826428413391113 0.766248285770416 0.809269726276398 0.792198061943054 0.743251740932465 0.545152127742767 0.645788073539734 0.732086718082428 0.74190229177475 0.70622843503952 0.79282146692276 0.843283236026764 0.78535270690918 0.760597407817841 0.671914637088776 0.503478527069092 0.492442816495895 0.737318158149719 0.633430004119873 0.673258244991302 0.421785891056061 0.368658572435379 0.43804931640625 0.619349241256714 0.775924861431122 0.821185946464539 0.773655951023102 0.314558357000351 0.273226976394653 -3.4e+38 -3.4e+38 -3.4e+38 -3.4e+38 -3.4e+38 -3.4e+38
0.498177766799927 0.463566333055496 0.461817920207977 0.423749059438705 -3.4e+38 -3.4e+38 -3.4e+38 0.702476501464844 0.494695872068405 0.647111892700195 0.815717816352844 0.806111991405487 0.810526788234711 0.827669620513916 0.825809419155121 0.787574410438538 0.734645903110504 0.741296589374542 0.763020992279053 0.748523473739624 0.718260049819946 0.67193877696991 0.71641993522644 0.790195941925049 0.832715749740601 0.746816873550415 0.601605594158173 0.5663822889328 0.573725998401642 0.694184839725494 0.709872305393219 0.627491593360901 0.34377858042717 0.344086825847626 0.324012756347656 0.597127318382263 0.535417675971985 0.381673812866211 0.435641884803772 0.520878791809082 0.434451311826706 0.38456329703331 -3.4e+38 -3.4e+38 -3.4e+38 -3.4e+38 -3.4e+38
-3.4e+38 -3.4e+38 0.40724241733551 0.405889421701431 0.397047638893127 0.430944263935089 0.604844570159912 0.416718542575836 0.429681330919266 0.542094647884369 0.763029932975769 0.796659767627716 0.780771911144257 0.803769946098328 0.804383873939514 0.77598512172699 0.782033443450928 0.755009829998016 0.769776523113251 0.818258762359619 0.776698410511017 0.789548933506012 0.742699265480042 0.840436279773712 0.857008874416351 0.784487247467041 0.563673079013824 0.557867169380188 0.578596770763397 0.680273950099945 0.766559720039368 0.757576406002045 0.315804719924927 0.305711597204208 0.443222045898438 0.239950925111771 0.1966392993927 0.22163499891758 0.30340650677681 0.778346836566925 0.898289859294891 0.670246422290802 0.389533132314682 -3.4e+38 -3.4e+38 -3.4e+38 -3.4e+38
-3.4e+38 -3.4e+38 -3.4e+38 0.381493508815765 0.43389168381691 0.48653644323349 0.604328572750092 0.378889709711075 0.380313694477081 0.553956508636475 0.770734488964081 0.746364831924438 0.77045214176178 0.735358893871307 0.736050546169281 0.7217817902565 0.732740700244904 0.73053777217865 0.767081618309021 0.792276561260223 0.826445579528809 0.713463544845581 0.734257280826569 0.693737506866455 0.820155262947083 0.811983823776245 0.582450389862061 0.413120776414871 0.351101398468018 0.479670315980911 0.537103831768036 0.570935606956482 0.315891057252884 0.298008590936661 0.24200128018856 0.237856328487396 0.227159410715103 0.242457166314125 0.220341712236404 0.47136577963829 0.499425083398819 0.414284080266953 0.361675977706909 -3.4e+38 -3.4e+38 -3.4e+38 -3.4e+38
-339999999999999996123846586046231871488.000000000000000 -3.4e+38 -3.4e+38 -3.4e+38 0.457403540611267 0.322898596525192 0.264261037111282 0.262543827295303 -3.4e+38 0.416820794343948 0.541138768196106 0.620010375976562 0.75002121925354 0.756207764148712 0.711420297622681 0.730252325534821 0.741301953792572 0.78444766998291 0.747226417064667 0.784038066864014 0.817015051841736 0.690506398677826 0.755793571472168 0.798073351383209 0.695484817028046 0.801159560680389 0.816267848014832 0.333149373531342 0.231709331274033 0.23383866250515 0.312843441963196 0.285549104213715 0.252327114343643 0.30383026599884 0.246428161859512 0.249931037425995 0.225025743246078 0.234614714980125 0.252637833356857 0.302114099264145 0.351691365242004 0.748614847660065 0.600298762321472 0.45565989613533 -3.4e+38 -3.4e+38 -3.4e+38
-3.4e+38 -3.4e+38 -3.4e+38 -3.4e+38 -3.4e+38 0.319578468799591 0.332957774400711 0.263831913471222 -3.4e+38 0.292287081480026 0.329974830150604 0.466386497020721 0.423965752124786 0.708432674407959 0.756336808204651 0.747612655162811 0.741312980651855 0.76552015542984 0.78591650724411 0.797184944152832 0.818385243415833 0.816602349281311 0.704308450222015 0.83552074432373 0.739298284053802 0.732250690460205 0.822227954864502 0.294958293437958 0.218283623456955 0.193551957607269 0.192983567714691 0.196002587676048 0.196408554911613 0.242694780230522 0.255000442266464 0.204652190208435 0.221167206764221 0.270159870386124 0.238626524806023 0.327258437871933 0.374260634183884 0.427397131919861 0.687013328075409 0.750480353832245 0.666168630123138 0.607704997062683 -3.4e+38
-3.4e+38 -3.4e+38 -3.4e+38 -3.4e+38 -3.4e+38 -3.4e+38 0.281891405582428 0.302686601877213 0.261633992195129 0.25999715924263 0.353886336088181 0.475739508867264 0.650595963001251 0.58066463470459 0.752236902713776 0.777647256851196 0.758042395114899 0.762131035327911 0.737359344959259 0.80628776550293 0.772713899612427 0.781929910182953 0.77373731136322 0.826730251312256 0.838458776473999 0.775512278079987 0.830108761787415 0.486415088176727 0.257762342691422 0.220549881458282 0.211034446954727 0.204634234309196 0.215399771928787 0.217164009809494 0.227013155817986 0.268839925527573 0.256172657012939 0.267907410860062 0.367740780115128 0.364084362983704 0.321077197790146 0.426584392786026 0.482683777809143 0.769938588142395 0.929658114910126 0.696723699569702 -3.4e+38
-3.4e+38 -3.4e+38 -3.4e+38 -3.4e+38 -3.4e+38 -3.4e+38 -3.4e+38 0.248724862933159 0.271367073059082 0.278575658798218 0.283592969179153 0.454582095146179 0.502226710319519 0.557832539081573 0.509548842906952 0.775859117507935 0.735507130622864 0.75892972946167 0.751842021942139 0.775997042655945 0.742310702800751 0.841014564037323 0.830579996109009 0.867568850517273 0.864445149898529 0.84632819890976 0.798426866531372 0.784534275531769 0.687945127487183 0.367427319288254 0.235943228006363 0.233074352145195 0.228223696351051 0.225739121437073 0.230091392993927 0.242655217647552 0.289890766143799 0.323721140623093 0.419091045856476 0.452828049659729 0.437005907297134 0.452253222465515 0.46283495426178 0.57155430316925 0.888801693916321 0.932975232601166 0.710947394371033
-3.4e+38 -3.4e+38 -3.4e+38 -3.4e+38 -3.4e+38 -3.4e+38 -3.4e+38 -3.4e+38 -3.4e+38 -3.4e+38 -3.4e+38 0.443024277687073 0.595324397087097 0.454623281955719 0.411995559930801 0.631417751312256 0.739916741847992 0.679883599281311 0.630856275558472 0.772964775562286 0.652402460575104 0.706102311611176 0.761269986629486 0.82494056224823 0.869129538536072 0.873374402523041 0.805782616138458 0.76794022321701 0.83959823846817 0.700782001018524 0.330320924520493 0.27599224448204 0.264821887016296 0.25601264834404 0.254005789756775 0.259490489959717 0.322506695985794 0.340210407972336 0.3701391518116 0.426021814346313 0.433625161647797 0.442880183458328 0.477131754159927 0.526942372322083 0.624834895133972 0.661462128162384 0.740064561367035
-3.4e+38 -3.4e+38 -3.4e+38 -3.4e+38 -3.4e+38 -3.4e+38 -3.4e+38 -3.4e+38 -3.4e+38 0.298369258642197 0.300186365842819 -3.4e+38 -3.4e+38 0.331470847129822 0.412987738847733 0.563094556331635 0.58346289396286 0.501086473464966 0.447650671005249 0.593798518180847 0.587757408618927 0.677221894264221 0.802203238010406 0.844791233539581 0.78799706697464 0.86455374956131 0.761479318141937 0.812211871147156 0.813115239143372 0.813872575759888 0.735468924045563 0.484409123659134 0.401974052190781 0.309584647417068 0.283306747674942 0.312585711479187 0.551320970058441 0.490305215120316 0.457419276237488 0.413281142711639 0.381795763969421 0.363292157649994 0.494235098361969 -3.4e+38 -3.4e+38 0.588048279285431 0.751945674419403
-3.4e+38 -3.4e+38 -3.4e+38 -3.4e+38 -3.4e+38 -3.4e+38 -3.4e+38 -3.4e+38 -3.4e+38 -3.4e+38 0.295473724603653 -3.4e+38 -3.4e+38 -3.4e+38 0.441428035497665 0.484701156616211 0.466079950332642 0.41545033454895 0.436764597892761 0.426423460245132 0.496898621320724 0.632307171821594 0.759175837039948 0.83852481842041 0.872604846954346 0.822220146656036 0.856814563274384 0.88231635093689 0.803459405899048 0.840680301189423 0.850361943244934 0.815942347049713 0.596963882446289 0.570195376873016 0.520432412624359 0.491503089666367 0.473118305206299 0.522884905338287 0.752890586853027 0.781581044197083 0.608115196228027 0.461105197668076 0.524474382400513 0.528533697128296 0.642016649246216 0.656225740909576 0.66839998960495
-3.4e+38 -3.4e+38 -3.4e+38 -3.4e+38 -3.4e+38 -3.4e+38 -3.4e+38 -3.4e+38 -3.4e+38 -3.4e+38 -3.4e+38 -3.4e+38 -3.4e+38 -3.4e+38 -3.4e+38 -3.4e+38 0.391316324472427 0.395581960678101 0.39218857884407 0.418552756309509 0.431023210287094 0.559258162975311 0.763366997241974 0.786564350128174 0.829127550125122 0.714328587055206 0.82289183139801 0.867781817913055 0.853630363941193 0.815570056438446 0.844592332839966 0.833789646625519 0.76809948682785 0.656664967536926 0.588337182998657 0.566685020923615 0.615911185741425 0.674300074577332 0.809826254844666 0.875348210334778 0.885679304599762 0.740678668022156 0.543732881546021 0.566398441791534 0.587278366088867 0.562950909137726 0.566173851490021
-3.4e+38 -3.4e+38 -3.4e+38 -3.4e+38 -3.4e+38 -3.4e+38 -3.4e+38 -3.4e+38 -3.4e+38 -3.4e+38 -3.4e+38 -3.4e+38 -3.4e+38 -3.4e+38 -3.4e+38 -3.4e+38 0.370649039745331 0.373976439237595 0.411158472299576 0.443489909172058 0.423218160867691 0.436150282621384 0.553285837173462 0.706166923046112 0.739276826381683 0.701758325099945 0.640167236328125 0.813474297523499 0.8253054022789 0.817119181156158 0.834214150905609 0.717897057533264 0.605673611164093 0.458253115415573 0.433279991149902 0.457072824239731 0.52083683013916 0.653949320316315 0.648260533809662 0.682370364665985 0.733752548694611 0.683035671710968 0.491993218660355 0.574577331542969 0.528984725475311 0.563134849071503 0.637120246887207
