data/climate_estimation/maxent_output/Fritillaria_mutabilis.asc
NCOLS 26 
NROWS 12 
XLLCORNER 20.4166666666667 
YLLCORNER 38 
CELLSIZE 0.0833333333333334 
NODATA_value -3.4e+38 
-339999999999999996123846586046231871488.000000000000000 -3.4e+38 -3.4e+38 0.794351637363434 0.796399712562561 0.792769134044647 0.784806370735168 0.789550840854645 0.773860991001129 0.768387377262115 0.776216506958008 0.768843829631805 0.770105302333832 0.762250185012817 0.765263974666595 0.780258536338806 0.767166674137115 0.751931548118591 0.74778687953949 0.744535684585571 0.751767218112946 0.742393851280212 0.748862326145172 0.750587701797485 0.75327455997467 0.753126680850983
-3.4e+38 -3.4e+38 -3.4e+38 0.801401257514954 0.793031096458435 0.793185830116272 0.793508768081665 0.793183863162994 0.778519928455353 0.782893061637878 0.778280138969421 0.780646622180939 0.771777451038361 0.786527097225189 0.776497602462769 0.786895275115967 0.77999609708786 0.757054030895233 0.747584164142609 0.759112179279327 0.755372524261475 0.753611445426941 0.764323949813843 0.761521637439728 0.764329314231873 0.758983790874481
-3.4e+38 -3.4e+38 0.811744570732117 0.813338279724121 0.806026935577393 0.797414541244507 0.800944447517395 0.788707315921783 0.796265125274658 0.78927093744278 0.794559299945831 0.791614413261414 0.787034332752228 0.785106122493744 0.786664247512817 0.785947382450104 0.787434637546539 0.769722163677216 0.774556279182434 0.761415302753448 0.761892020702362 0.784494638442993 0.793808937072754 0.766503095626831 0.770422518253326 0.775376737117767
-339999999999999996123846586046231871488.000000000000000 0.820057213306427 0.823511481285095 0.814792692661285 0.811324834823608 0.811458826065063 0.800805568695068 0.796405076980591 0.794522762298584 0.78942084312439 0.800846874713898 0.790652632713318 0.795932412147522 0.794469058513641 0.791544497013092 0.788929045200348 0.795382559299469 0.799230635166168 0.764280378818512 0.771325647830963 0.806167364120483 0.761810481548309 0.774799823760986 0.756159245967865 0.767801463603973 0.767950773239136
-3.4e+38 0.825795590877533 0.820534348487854 0.820783674716949 0.810346722602844 0.813578903675079 0.809110343456268 0.801963746547699 0.808605253696442 0.802466213703156 0.80372166633606 0.798828184604645 0.797681987285614 0.803331255912781 0.790854334831238 0.78666752576828 0.79008275270462 0.789931178092957 0.763607621192932 0.766440033912659 0.781209290027618 0.788876593112946 0.804318726062775 0.765730321407318 0.766690492630005 0.770545423030853
-3.4e+38 0.830135524272919 -3.4e+38 0.817315816879272 -3.4e+38 0.8217733502388 0.815520346164703 0.811981081962585 0.808357417583466 0.813074231147766 0.801653742790222 0.80971622467041 0.805448293685913 0.806211590766907 0.796940922737122 0.804181337356567 0.803911149501801 0.790209054946899 0.79344630241394 0.795513510704041 0.791749179363251 0.772714495658875 0.790703892707825 0.764960169792175 0.766718089580536 0.793164312839508
-339999999999999996123846586046231871488.000000000000000 0.831618070602417 0.832596182823181 0.833430051803589 0.822313964366913 -3.4e+38 -3.4e+38 0.810845136642456 0.818087041378021 0.816403925418854 0.814912021160126 0.814751267433167 0.806287825107574 0.812800109386444 0.805010914802551 0.807601451873779 0.794633507728577 0.798150539398193 0.793137550354004 0.795401632785797 0.788485586643219 0.791088998317719 0.774787604808807 0.794687032699585 0.793369829654694 0.766167044639587
0.836812615394592 0.840952455997467 0.845316171646118 0.842424154281616 0.831829488277435 -3.4e+38 0.827172875404358 0.833845913410187 0.825828313827515 0.822712779045105 0.821517467498779 0.821597993373871 0.81506359577179 0.806665241718292 0.802057504653931 0.794674754142761 0.798775613307953 0.793374538421631 0.789109826087952 0.808234214782715 0.79282408952713 0.798006296157837 0.785669684410095 0.799829483032227 0.797356128692627 0.792092621326447
0.852053105831146 0.845557570457458 0.843800842761993 0.836162507534027 0.83591765165329 -3.4e+38 -3.4e+38 -3.4e+38 0.828401684761047 0.832962930202484 0.830094695091248 -3.4e+38 0.814422309398651 0.811948716640472 -3.4e+38 0.778609156608582 0.786073446273804 0.807953059673309 0.79511159658432 0.788074493408203 0.792481780052185 0.807141363620758 -3.4e+38 -3.4e+38 -3.4e+38 0.789405047893524
0.848492145538330 0.854946255683899 0.849969089031219 0.853452503681183 0.846772909164429 -3.4e+38 -3.4e+38 -3.4e+38 -3.4e+38 -3.4e+38 -3.4e+38 0.84066778421402 0.835256457328796 0.828531086444855 -3.4e+38 0.782597362995148 0.800078868865967 0.823036968708038 0.790813863277435 0.790324509143829 0.793450593948364 0.784785389900208 0.798453807830811 0.790308475494385 -3.4e+38 -3.4e+38
0.846277832984924 0.850014507770538 0.856314301490784 0.85800689458847 0.84882527589798 -3.4e+38 -3.4e+38 -3.4e+38 -3.4e+38 -3.4e+38 -3.4e+38 0.845364332199097 0.832275748252869 0.819787263870239 0.807204008102417 0.799476206302643 0.804333627223969 0.795840442180634 0.799556314945221 0.789731383323669 0.787112295627594 0.781398475170135 0.780294060707092 0.786266267299652 0.779968738555908 0.780950784683228
-3.4e+38 -3.4e+38 -3.4e+38 0.857156693935394 0.85287469625473 -3.4e+38 -3.4e+38 -3.4e+38 -3.4e+38 -3.4e+38 0.844521939754486 0.843967854976654 0.831716120243073 0.81635195016861 0.814087390899658 0.806907534599304 0.805984616279602 0.803611218929291 0.788534283638 0.789342999458313 0.784487247467041 0.805071890354156 0.805811882019043 0.800819993019104 0.791105389595032 0.779497444629669
