data/climate_estimation/maxent_output/Fritillaria_affinis.asc
NCOLS 154 
NROWS 251 
XLLCORNER -125.583333333333 
YLLCORNER 33.6666666666667 
CELLSIZE 0.0833333333333333 
NODATA_value -3.4e+38 
[rows 160 to 179 of 251, columns 90 to 134 of 154]
0.0188457109034061 0.0199684239923954 0.00833867024630308 0.034394271671772 0.0224389526993036 0.00949409976601601 0.0100962063297629 0.0376827977597713 0.0223489850759506 0.0692310631275177 0.0180470775812864 0.0151348933577538 0.0268903318792582 0.0781339034438133 0.0767302811145782 0.0409502908587456 0.0224966537207365 0.0413251668214798 0.0570816583931446 0.0577268861234188 0.0734930038452148 0.101556040346622 0.09111437946558 0.104605279862881 0.0961656644940376 0.0781572461128235 0.0735816955566406 0.0665238797664642 0.0921911969780922 0.0873709917068481 0.060906145721674 0.0638290196657181 0.0771756321191788 0.0542776733636856 0.0522732697427273 0.0746716260910034 0.0802171751856804 0.15501481294632 0.16438664495945 0.212363004684448 0.183198347687721 0.142220869660378 0.120075739920139 0.106118127703667 0.0647486448287964
0.01216771453619 0.0118521898984909 0.00711512006819248 0.0126672079786658 0.0120123168453574 0.00767697067931294 0.00806537549942732 0.0182630512863398 0.0470859184861183 0.044333204627037 0.010094222612679 0.00954705756157637 0.0116148386150599 0.0139238629490137 0.0258976761251688 0.0348761379718781 0.041320662945509 0.0601720102131367 0.0523614026606083 0.0567764937877655 0.0866233557462692 0.125085964798927 0.112513668835163 0.0759977027773857 0.0906964465975761 0.110665522515774 0.0689237639307976 0.0736914277076721 0.107381075620651 0.0885046571493149 0.0474512688815594 0.0707040950655937 0.0586961321532726 0.0418926142156124 0.0466447696089745 0.0553672052919865 0.0854319408535957 0.115414716303349 0.149621725082397 0.190551683306694 0.135370880365372 0.138652041554451 0.077456071972847 0.105691567063332 0.0770914331078529
0.0104872602969408 0.00795452017337084 0.00792409386485815 0.0159444715827703 0.00745939556509256 0.00692355819046497 0.00636539096012712 0.0133228031918406 0.0134908873587847 0.00743725150823593 0.0074065588414669 0.00865215342491865 0.00903654564172029 0.0129552520811558 0.0460370853543282 0.0349782593548298 0.0202277824282646 0.0251888670027256 0.030957942828536 0.0471755601465702 0.0661141499876976 0.131641179323196 0.0889334604144096 0.0529530495405197 0.0830482244491577 0.0722278952598572 0.0804160982370377 0.101223543286324 0.0955818071961403 0.04442398250103 0.0415994413197041 0.0498377680778503 0.034503810107708 0.0378422178328037 0.0671609118580818 0.26309534907341 0.202649742364883 0.135975807905197 0.278076708316803 0.193440109491348 0.0778249055147171 0.0837933421134949 0.0877973288297653 0.0481659471988678 0.0490319766104221
0.00927246827632189 0.00619707861915231 0.00639434065669775 0.00753641128540039 0.00881716795265675 0.0323889404535294 0.0105618834495544 0.00822658278048038 0.0102339582517743 0.00712694926187396 0.00669326027855277 0.00786409247666597 0.00790247786790133 0.0133559750393033 0.0311007872223854 0.0185873508453369 0.0150408567860723 0.0233781915158033 0.0336063541471958 0.0253376755863428 0.0377857647836208 0.0824301168322563 0.0366249457001686 0.0642216056585312 0.0997825413942337 0.0586912669241428 0.0786111280322075 0.0848963037133217 0.0495352558791637 0.0362412743270397 0.0335559844970703 0.0358055010437965 0.0392182618379593 0.048174787312746 0.163761243224144 0.444177687168121 0.168940454721451 0.112251870334148 0.189531713724136 0.173101484775543 0.0766149610280991 0.103411667048931 0.0648210868239403 0.0581971481442451 0.0340433940291405
0.0050663729198277 0.00628010043874383 0.00805013440549374 0.00563860731199384 0.0230103358626366 0.161379218101501 0.0331700295209885 0.0156630910933018 0.0128798531368375 0.00667152553796768 0.00710991863161325 0.00695782946422696 0.00805464200675488 0.0101940557360649 0.0147606497630477 0.0279007758945227 0.0267318189144135 0.0463326163589954 0.0211113709956408 0.0118551282212138 0.018426476046443 0.0532573610544205 0.0250881128013134 0.03348658233881 0.0469406507909298 0.0514797680079937 0.0761952474713326 0.0406607091426849 0.0323417522013187 0.0552648119628429 0.0352548807859421 0.0364481173455715 0.0400472171604633 0.0627960488200188 0.177482515573502 0.378478616476059 0.150168091058731 0.0997875407338142 0.086834542453289 0.0917573943734169 0.0724807903170586 0.0799457132816315 0.0502449683845043 0.048616673797369 0.040946003049612
0.00483767176046968 0.0141247697174549 0.0358539968729019 0.00637404946610332 0.0121212238445878 0.0873917937278748 0.0730653330683708 0.0144064910709858 0.0127607714384794 0.021726880222559 0.0128703750669956 0.0080183744430542 0.00771088339388371 0.00776651594787836 0.0396855697035789 0.0577228516340256 0.0509737208485603 0.0175130739808083 0.0102082947269082 0.0101154148578644 0.015514837577939 0.0493455827236176 0.0300371926277876 0.019853238016367 0.0182685684412718 0.0428970083594322 0.0247697774320841 0.0267931204289198 0.0394780375063419 0.0347439795732498 0.0394241847097874 0.0421367734670639 0.0661757290363312 0.191298514604568 0.168257892131805 0.164855778217316 0.110756106674671 0.0844362378120422 0.0937858819961548 0.0927375331521034 0.0747656598687172 0.083431713283062 0.0516634359955788 0.0442494265735149 0.0473419912159443
0.00538715533912182 0.00919239223003387 0.0327499434351921 0.00869009364396334 0.00651857303455472 0.0325930826365948 0.0310627520084381 0.0140718864277005 0.0340964049100876 0.0194324105978012 0.0261882301419973 0.038452435284853 0.00937887467443943 0.00694611156359315 0.0157140325754881 0.0398110896348953 0.0109433326870203 0.00984000228345394 0.00961339008063078 0.0118565773591399 0.0268374513834715 0.0954832807183266 0.0262383446097374 0.0155798904597759 0.0245342161506414 0.0310167148709297 0.041049562394619 0.0355686359107494 0.0301972143352032 0.0341459736227989 0.0516156107187271 0.0879231095314026 0.212493166327477 0.322590380907059 0.0929859206080437 0.11639054864645 0.129402279853821 0.0957808792591095 0.098105825483799 0.0957195237278938 0.0825938060879707 0.0653206408023834 0.0509245134890079 0.0439988300204277 0.0424969755113125
0.00722341379150748 0.0123031670227647 0.0410221926867962 0.0147421043366194 0.00647495221346617 0.0131140779703856 0.02393589168787 0.044268686324358 0.0262099467217922 0.0131255658343434 0.0907411873340607 0.125024363398552 0.022942740470171 0.00792461540549994 0.00742468796670437 0.0100405095145106 0.0589453242719173 0.0430653244256973 0.0151564637199044 0.0114298881962895 0.019655954092741 0.0365155562758446 0.0293795596808195 0.0370798334479332 0.0793348997831345 0.0578899718821049 0.0348652638494968 0.0336574278771877 0.0344125516712666 0.0423889718949795 0.118849940598011 0.378874272108078 0.466259270906448 0.147729724645615 0.0775192007422447 0.110567539930344 0.128211095929146 0.131904408335686 0.16593986749649 0.137644425034523 0.0673060864210129 0.101330131292343 0.0480489172041416 0.0436104834079742 0.0484184958040714
0.00717693800106645 0.0337481684982777 0.0567547865211964 0.0224329233169556 0.0182066820561886 0.0118501242250204 0.0276494901627302 0.105834349989891 0.0183604955673218 0.00970468576997519 0.0320912376046181 0.0374900549650192 0.0102214682847261 0.00718142231926322 0.00785671919584274 0.00969437696039677 0.0357194840908051 0.0273244734853506 0.0141197023913264 0.0104410648345947 0.0177110005170107 0.0226183962076902 0.0544499158859253 0.0270727314054966 0.105171591043472 0.0582783780992031 0.0457561500370502 0.0528942085802555 0.0333768278360367 0.0466864295303822 0.108142353594303 0.334913045167923 0.28759890794754 0.0768722966313362 0.084346778690815 0.114906452596188 0.16345776617527 0.15627121925354 0.258811235427856 0.152157828211784 0.123124547302723 0.0670988038182259 0.0559898316860199 0.0490563586354256 0.0551118701696396
0.00524401571601629 0.00645700097084045 0.0180888343602419 0.0743971168994904 0.0339124649763107 0.0120555274188519 0.0415345318615437 0.0702781155705452 0.00918115768581629 0.00839873496443033 0.00866847392171621 0.00852030888199806 0.00824037659913301 0.0129852248355746 0.0711106583476067 0.0908500254154205 0.0913976430892944 0.0281739849597216 0.0105747003108263 0.0172744244337082 0.0234814062714577 0.0322066880762577 0.0610097423195839 0.0209226962178946 0.0900246649980545 0.107258334755898 0.0785001516342163 0.0582702867686749 0.0356098487973213 0.0541338846087456 0.215821579098701 0.399567097425461 0.100970521569252 0.0885266065597534 0.105661951005459 0.123000904917717 0.145246490836143 0.158970579504967 0.123490288853645 0.0860809981822968 0.0894844681024551 0.0614674277603626 0.0588447749614716 0.0499133132398129 0.0142584089189768
0.00461301719769835 0.00380687648430467 0.00614200811833143 0.058496255427599 0.0135493157431483 0.00701056467369199 0.1412702947855 0.0245650410652161 0.00821485463529825 0.00828022602945566 0.0181082207709551 0.00943886209279299 0.0123138772323728 0.0759118869900703 0.209477618336678 0.115688897669315 0.0841774120926857 0.0179512277245522 0.00967710930854082 0.0127495946362615 0.0270608849823475 0.0949820354580879 0.0560095310211182 0.0231684632599354 0.0748814195394516 0.143630221486092 0.0851785615086555 0.0520954579114914 0.0464593060314655 0.0717600658535957 0.232464075088501 0.206891223788261 0.0853324234485626 0.0871039927005768 0.129722937941551 0.152482941746712 0.189584672451019 0.166335299611092 0.0896748900413513 0.0918117091059685 0.0544581674039364 0.0417088009417057 0.0421949215233326 0.0496234856545925 0.0123833389952779
0.00419097719714046 0.0029966183938086 0.0106232110410929 0.0697357952594757 0.0124237518757582 0.0185572970658541 0.0381308533251286 0.0158975888043642 0.0159044656902552 0.0533218197524548 0.0243598036468029 0.00833177287131548 0.0207602176815271 0.128818720579147 0.130230203270912 0.0852436050772667 0.0267534460872412 0.013171624392271 0.0128237949684262 0.0464010611176491 0.153594732284546 0.0955037474632263 0.0325902923941612 0.0270649418234825 0.0769033282995224 0.157054111361504 0.0721021369099617 0.0445027016103268 0.0572408847510815 0.103900447487831 0.221186071634293 0.102534487843513 0.11453478038311 0.152085274457932 0.246305197477341 0.253066569566727 0.149842023849487 0.116688631474972 0.0892521888017654 0.0524216629564762 0.0410314165055752 0.0634220093488693 0.0331504121422768 0.0507079921662807 0.0126896630972624
0.00452728429809213 0.00296100648120046 0.00636775651946664 0.021499240770936 0.0039567849598825 0.0145789599046111 0.00741542223840952 0.0200006514787674 0.102184154093266 0.0407780446112156 0.0265730191022158 0.0130811892449856 0.03975685313344 0.104013815522194 0.0296605657786131 0.0206035487353802 0.0124323107302189 0.0200523994863033 0.126172959804535 0.110109515488148 0.110352963209152 0.0395079962909222 0.0289318226277828 0.0428494736552238 0.11706717312336 0.121170088648796 0.0769831985235214 0.0629264712333679 0.0666876956820488 0.174324437975883 0.417108327150345 0.112219110131264 0.182933002710342 0.206948518753052 0.232602342963219 0.139609053730965 0.129239097237587 0.0792440623044968 0.0731476917862892 0.0658520609140396 0.0409690514206886 0.0471965968608856 0.0458043739199638 0.0497895255684853 0.0196598581969738
0.00273295980878174 0.00377782876603305 0.016208378598094 0.0183858871459961 0.00251060794107616 0.00202668691053987 0.00253131170757115 0.0328218229115009 0.0763164162635803 0.0567463301122189 0.0129901673644781 0.0130483042448759 0.100094385445118 0.0739034190773964 0.0258920956403017 0.0352469682693481 0.0539418943226337 0.0890374928712845 0.146638676524162 0.0659614354372025 0.0454956404864788 0.0427299812436104 0.0497217252850533 0.109696038067341 0.147777765989304 0.076718658208847 0.0846102312207222 0.094997763633728 0.0970149412751198 0.288858652114868 0.23444476723671 0.128866672515869 0.190613314509392 0.167540490627289 0.139975816011429 0.134070739150047 0.079715833067894 0.0673931911587715 0.090063214302063 0.0380573347210884 0.0335135236382484 0.0487648472189903 0.00968828052282333 0.0521130859851837 0.0488693118095398
0.00969745498150587 0.0357664227485657 0.0345613285899162 0.00195042358245701 0.000905119581148028 0.00187688902951777 0.0404405146837234 0.014744283631444 0.0122176259756088 0.0104235447943211 0.0136658269912004 0.037511333823204 0.0762369632720947 0.0201590340584517 0.0739972144365311 0.0882303789258003 0.142639830708504 0.0400340333580971 0.0662165060639381 0.134181439876556 0.0847731530666351 0.0585814081132412 0.0685375854372978 0.143449351191521 0.140780434012413 0.0738009735941887 0.154546603560448 0.149041444063187 0.102452851831913 0.224806860089302 0.179579615592957 0.136575505137444 0.100882694125175 0.149740397930145 0.0927258506417274 0.0678593516349792 0.0483975820243359 0.0605226717889309 0.0625778511166573 0.0365751832723618 0.0325696058571339 0.0385356098413467 0.0540839582681656 0.0323718264698982 0.013414760120213
0.0582873225212097 0.0155441584065557 0.00258279568515718 0.00101429177448153 0.00122501829173416 0.00441300822421908 0.0273733679205179 0.0116214826703072 0.0124953798949718 0.020111933350563 0.0260433442890644 0.0291543435305357 0.019634110853076 0.0255905520170927 0.0718485191464424 0.0692323744297028 0.0529254525899887 0.0420854575932026 0.106296621263027 0.166528865695 0.112793073058128 0.119163975119591 0.133784085512161 0.155530646443367 0.0689290463924408 0.0636846721172333 0.152107894420624 0.209317058324814 0.122989170253277 0.171720683574677 0.143976554274559 0.102666608989239 0.110198669135571 0.0596505776047707 0.0743220746517181 0.0389581806957722 0.0508366897702217 0.0374331697821617 0.0229081120342016 0.0489220544695854 0.0107273506000638 0.0144681483507156 0.0310573298484087 0.0252927802503109 0.0181436482816935
0.018727095797658 0.000826385978143662 0.000709286483470351 0.00117393222171813 0.00314079411327839 0.00561431609094143 0.0100106447935104 0.0181448850780725 0.0171505007892847 0.0386467389762402 0.0551182776689529 0.0330020822584629 0.0395918935537338 0.0583968721330166 0.125099167227745 0.0797563567757607 0.0438496842980385 0.0424881130456924 0.175002574920654 0.185767263174057 0.25134664773941 0.308264076709747 0.218953311443329 0.184711501002312 0.0742617398500443 0.0851890072226524 0.129419684410095 0.13592492043972 0.110454082489014 0.0904553905129433 0.115184515714645 0.0929655805230141 0.0593402348458767 0.0537516996264458 0.0385800413787365 0.0432397797703743 0.0404469557106495 0.03662134334445 0.0272909197956324 0.00903184525668621 0.0375676043331623 0.0194452125579119 0.0113562466576695 0.0194053612649441 0.0115435998886824
0.000928115099668503 0.000746325647924095 0.00136345310602337 0.0071738688275218 0.0298399850726128 0.03270073980093 0.0437832102179527 0.0307788383215666 0.0224778726696968 0.0562865398824215 0.0990843251347542 0.0444729663431644 0.0761608555912971 0.150246292352676 0.241526439785957 0.114337421953678 0.045019268989563 0.116161666810513 0.242396086454391 0.167429655790329 0.23867654800415 0.214112982153893 0.202244997024536 0.143714249134064 0.0887066498398781 0.0864721387624741 0.0832183957099915 0.115442670881748 0.0508990958333015 0.0617939457297325 0.0554011128842831 0.0520648322999477 0.0234724674373865 0.0418231785297394 0.0216263607144356 0.0232801511883736 0.0236744116991758 0.0243710093200207 0.0228909756988287 0.0125574478879571 0.0100965676829219 0.0134995495900512 0.0143646067008376 0.0101167364045978 0.0103867510333657
0.00085463171126321 0.00151746266055852 0.012254006229341 0.0863052085042 0.080694779753685 0.0182484444230795 0.0249179620295763 0.0892755538225174 0.0441078543663025 0.101670831441879 0.048426877707243 0.0459418967366219 0.106071382761002 0.327685415744781 0.141198039054871 0.0671292915940285 0.0613854788243771 0.235907465219498 0.169978931546211 0.115811072289944 0.155763313174248 0.14680378139019 0.135378763079643 0.136259943246841 0.0706165358424187 0.0503436252474785 0.0762925073504448 0.0629225447773933 0.0383061580359936 0.0470450557768345 0.0496090091764927 0.0170657001435757 0.0233974605798721 0.0331713259220123 0.0299591384828091 0.0184887889772654 0.0192947573959827 0.0157019291073084 0.0125347785651684 0.0108785508200526 0.00784698221832514 0.0123349921777844 0.0171874612569809 0.0177457574754953 0.0163200628012419
0.00196581077761948 0.0258160475641489 0.0598903708159924 0.0800974816083908 0.0209080595523119 0.0159512404352427 0.0414525866508484 0.22049668431282 0.0920339375734329 0.085865393280983 0.0404176227748394 0.0488620027899742 0.161366403102875 0.239543437957764 0.115601696074009 0.136115074157715 0.230300113558769 0.21732123196125 0.13638935983181 0.112671010196209 0.105395331978798 0.118576303124428 0.104668214917183 0.101244293153286 0.06913872808218 0.0364991128444672 0.0649536177515984 0.0537377670407295 0.0222346149384975 0.0451128594577312 0.0379256419837475 0.0232892613857985 0.0252378266304731 0.0132966144010425 0.016334030777216 0.0160560589283705 0.00568173034116626 0.0102159408852458 0.0100571000948548 0.0156212924048305 0.00913136173039675 0.0122534660622478 0.0132541069760919 0.0087618688121438 0.017207819968462
