data/climate_estimation/maxent_output/Fritillaria_kurdica.asc
NCOLS 171 
NROWS 40 
XLLCORNER 34.8333333333333 
YLLCORNER 37.5833333333333 
CELLSIZE 0.0833333333333333 
NODATA_value -3.4e+38 
[rows 0 to 19 of 40, columns 0 to 43 of 171]
0.879405021667480 0.84069436788559 0.801026821136475 0.792056322097778 0.838232576847076 0.835753738880157 0.830026388168335 0.845707476139069 0.86237633228302 0.861354172229767 0.844957411289215 0.826802134513855 0.816888570785522 0.807841837406158 0.826253533363342 0.828574001789093 0.846429705619812 0.85668557882309 0.872374713420868 0.862012803554535 0.863001048564911 0.858508110046387 0.844813108444214 0.855790674686432 0.842988133430481 0.829999029636383 0.842072129249573 0.838480412960052 0.838269412517548 0.811765313148499 0.784233868122101 0.758520901203156 0.800794005393982 0.807851910591125 0.801924049854279 0.723121106624603 0.711647391319275 0.746789336204529 0.80000501871109 0.73164439201355 0.734189331531525 0.697306513786316 0.698009788990021 0.682304084300995
0.858510375022888 0.853791832923889 0.833071887493134 0.805912375450134 0.824832379817963 0.841161608695984 0.848763883113861 0.866711616516113 0.865705668926239 0.873066961765289 0.865070223808289 0.837956070899963 0.787179589271545 0.787044703960419 0.821183502674103 0.833330273628235 0.862197816371918 0.867349147796631 0.861486971378326 0.857407748699188 0.861122667789459 0.842321395874023 0.858355641365051 0.851373255252838 0.843887031078339 0.834398567676544 0.822410464286804 0.826284766197205 0.832438826560974 0.834326505661011 0.823838531970978 0.81459242105484 0.831457138061523 0.826553404331207 0.797940194606781 0.804286301136017 0.806585073471069 0.82469516992569 0.813106119632721 0.820507824420929 0.824575185775757 0.802068948745728 0.804691851139069 0.777060449123383
0.794388175010681 0.803189396858215 0.786619424819946 0.793429493904114 0.793517529964447 0.808948636054993 0.825319588184357 0.835510671138763 0.845545828342438 0.850935280323029 0.850935280323029 0.851718366146088 0.843021750450134 0.851873636245728 0.820461988449097 0.859091281890869 0.861066341400146 0.86151510477066 0.854984283447266 0.843511164188385 0.832342088222504 0.839329600334167 0.853429079055786 0.839300155639648 0.826179265975952 0.8349848985672 0.824779808521271 0.807626307010651 0.796140253543854 0.825489640235901 0.833234429359436 0.836723208427429 0.83119922876358 0.829543054103851 0.824021458625793 0.813914656639099 0.822662472724915 0.785245716571808 0.782284080982208 0.817771255970001 0.784519076347351 0.804876923561096 0.799074769020081 0.821316123008728
0.81816166639328 0.816973984241486 0.79038268327713 0.798517525196075 0.807100355625153 0.814848601818085 0.805651783943176 0.814388513565063 0.830754995346069 0.844366550445557 0.844366550445557 0.847621560096741 0.821361124515533 0.815398752689362 0.823626577854156 0.817119240760803 0.807582199573517 0.797246932983398 0.82568085193634 0.842317283153534 0.853302538394928 0.846590578556061 0.849127411842346 0.828699886798859 0.830198049545288 0.849215269088745 0.81310909986496 0.79127311706543 0.781982481479645 0.780574262142181 0.820883452892303 0.798056840896606 0.806329309940338 0.781867265701294 0.791653096675873 0.808618664741516 0.763392806053162 0.751138627529144 0.764108717441559 0.755935251712799 0.729010403156281 0.767093896865845 0.800450623035431 0.794349730014801
0.825235426425934 0.823221564292908 0.79699569940567 0.797128260135651 0.803529381752014 0.818656623363495 0.82114577293396 0.812074899673462 0.844229876995087 0.846509456634521 0.844063401222229 0.845236241817474 0.835624516010284 0.829432427883148 0.828419148921967 0.82008308172226 0.801933884620667 0.804896533489227 0.802319288253784 0.813794672489166 0.813922822475433 0.811521887779236 0.826548397541046 0.842573940753937 0.832808494567871 0.825815618038177 0.827146708965302 0.77479076385498 0.786335408687592 0.785579323768616 0.767501473426819 0.765924155712128 0.753371894359589 0.773388206958771 0.786882638931274 0.769321382045746 0.747587502002716 0.725618898868561 0.727778613567352 0.707279443740845 0.70797860622406 0.74602597951889 0.750686824321747 0.737252056598663
0.83091813325882 0.82951956987381 0.812413215637207 0.792662084102631 0.792795658111572 0.809644758701324 0.817681193351746 0.810214519500732 0.835853815078735 0.834115207195282 0.831189632415771 0.809414088726044 0.807866871356964 0.80765962600708 0.822890043258667 0.823015570640564 0.807939052581787 0.810253202915192 0.810994982719421 0.798503816127777 0.779798984527588 0.793637037277222 0.827934265136719 0.827146708965302 0.82657527923584 0.83533376455307 0.834073424339294 0.83329826593399 0.819730460643768 0.818420231342316 0.799311816692352 0.78329336643219 0.750167369842529 0.756973147392273 0.771577477455139 0.77143931388855 0.766040802001953 0.755956768989563 0.74095231294632 0.720527231693268 0.703796625137329 0.709748327732086 0.713336944580078 0.718291759490967
0.803169369697571 0.808544754981995 0.82767790555954 0.817685604095459 0.823366165161133 0.816141843795776 0.806840360164642 0.826170265674591 0.832195699214935 0.81372857093811 0.807587444782257 0.79065078496933 0.789022743701935 0.814075648784637 0.819534361362457 0.826051115989685 0.818179607391357 0.809279501438141 0.809307515621185 0.811996757984161 0.816935539245605 0.829330623149872 0.832357287406921 0.800495088100433 0.82138329744339 0.826353311538696 0.814814329147339 0.795035183429718 0.809379458427429 0.823625206947327 0.822797834873199 0.810340285301208 0.790112435817719 0.755212068557739 0.755740702152252 0.744228780269623 0.729041755199432 0.718447148799896 0.737278938293457 0.728285849094391 0.737273991107941 0.728140890598297 0.719514966011047 0.751997113227844
0.800118148326874 0.809418559074402 0.809547901153564 0.799907743930817 0.806144714355469 0.838372945785522 0.813376009464264 0.80475127696991 0.797604560852051 0.797260701656342 0.788867771625519 0.790739297866821 0.816392362117767 0.822109043598175 0.823427259922028 0.81918203830719 0.824662446975708 0.824568748474121 0.827170670032501 0.817273914813995 0.819189369678497 0.807740092277527 0.796144127845764 0.798904001712799 0.808635175228119 0.797904372215271 0.800523579120636 0.805336177349091 0.797544360160828 0.804736256599426 0.78368353843689 0.776609361171722 0.784162402153015 0.803473174571991 0.802608907222748 0.79326456785202 0.794348239898682 0.761500835418701 0.748596370220184 0.786090195178986 0.788999855518341 0.791477978229523 0.76364141702652 0.791557788848877
0.815037548542023 0.806930661201477 0.799236476421356 0.799368441104889 0.807807385921478 0.814073801040649 0.813484728336334 0.814093351364136 0.806568622589111 0.815894901752472 0.807186186313629 0.797136664390564 0.805268824100494 0.806148529052734 0.80410099029541 0.789783000946045 0.789783000946045 0.78487890958786 0.776829421520233 0.79459536075592 0.795360147953033 0.78463351726532 0.766690194606781 0.776169538497925 0.766551196575165 0.746267139911652 0.745447635650635 0.750682353973389 0.760774850845337 0.740612506866455 0.777731657028198 0.730440318584442 0.764596283435822 0.760761141777039 0.728906095027924 0.731610953807831 0.761391162872314 0.790288329124451 0.801657199859619 0.80063807964325 0.789214372634888 0.802540063858032 0.789932250976562 0.782428205013275
0.816612601280212 0.813260316848755 0.799368441104889 0.79902571439743 0.797248899936676 0.804653406143188 0.796507000923157 0.796009421348572 0.804653406143188 0.806958794593811 0.798221111297607 0.794263422489166 0.794421553611755 0.793942451477051 0.787382781505585 0.778199255466461 0.783456385135651 0.786897838115692 0.786897838115692 0.795235633850098 0.785500645637512 0.771886169910431 0.772541463375092 0.772950291633606 0.771251440048218 0.745991170406342 0.743837356567383 0.752126514911652 0.751732349395752 0.771376013755798 0.752935111522675 0.719721138477325 0.729984045028687 0.738814771175385 0.736896932125092 0.726000308990479 0.720213174819946 0.70957887172699 0.743335843086243 0.764992713928223 0.784378290176392 0.793089985847473 0.792054712772369 0.775846838951111
0.805065035820007 0.798485517501831 0.797818958759308 0.792098343372345 0.78897625207901 0.789110660552979 0.790424823760986 0.799851179122925 0.805489838123322 0.796904802322388 0.785615205764771 0.794055342674255 0.779992461204529 0.784837543964386 0.78862053155899 0.792436897754669 0.792570471763611 0.786501586437225 0.786771476268768 0.785509288311005 0.784108936786652 0.77071213722229 0.774461567401886 0.774216175079346 0.780132293701172 0.771471977233887 0.761790871620178 0.758473873138428 0.748521864414215 0.75049239397049 0.75049239397049 0.738254368305206 0.718854308128357 0.723383605480194 0.733728229999542 0.720455348491669 0.708034515380859 0.701249659061432 0.721257269382477 0.729146897792816 0.752664387226105 0.7383793592453 0.744862616062164 0.752187669277191
0.775941014289856 0.797077834606171 0.799186289310455 0.797872364521027 0.783257067203522 0.790478944778442 0.790960907936096 0.799145996570587 0.812678396701813 0.796150624752045 0.795752286911011 0.804661750793457 0.79588508605957 0.788090825080872 0.795407235622406 0.785488605499268 0.786991477012634 0.782175242900848 0.775239527225494 0.766795575618744 0.765356063842773 0.763250827789307 0.753466427326202 0.770686268806458 0.772632479667664 0.769501388072968 0.751830697059631 0.750364422798157 0.740434467792511 0.758588075637817 0.754490256309509 0.738801956176758 0.747526407241821 0.737423241138458 0.745482981204987 0.732207715511322 0.722596883773804 0.720250606536865 0.718448042869568 0.726532101631165 0.715686857700348 0.701877295970917 0.701198101043701 0.722418427467346
0.765819132328033 0.777201354503632 0.789702951908112 0.792106807231903 0.799351394176483 0.798460006713867 0.789233028888702 0.798439860343933 0.796893000602722 0.796972095966339 0.797654569149017 0.788978219032288 0.796785235404968 0.795307636260986 0.79316383600235 0.78533273935318 0.784580051898956 0.775081157684326 0.775218486785889 0.764424324035645 0.774586796760559 0.774449288845062 0.774174153804779 0.779847383499146 0.771183371543884 0.76202791929245 0.758070111274719 0.751945793628693 0.757929503917694 0.760574638843536 0.763873994350433 0.762289106845856 0.752493262290955 0.74845963716507 0.746703088283539 0.74839323759079 0.737329185009003 0.731747150421143 0.728984177112579 0.717867732048035 0.726214528083801 0.714405357837677 0.700496077537537 0.710988640785217
0.772599875926971 0.778125166893005 0.789568662643433 0.797595858573914 0.806584417819977 0.806714475154877 0.801167845726013 0.809241116046906 0.798051536083221 0.797423005104065 0.796661078929901 0.796130359172821 0.795021414756775 0.788499176502228 0.779195666313171 0.779823064804077 0.77830296754837 0.792162239551544 0.77470326423645 0.765592038631439 0.762705683708191 0.763871133327484 0.772103011608124 0.781882584095001 0.759782314300537 0.760308027267456 0.779438018798828 0.769864976406097 0.772744536399841 0.771316766738892 0.760184466838837 0.762267768383026 0.752330124378204 0.750439286231995 0.747072815895081 0.743672251701355 0.722547352313995 0.726083517074585 0.727693796157837 0.728092432022095 0.715197801589966 0.724252760410309 0.724565863609314 0.723751783370972
0.781578421592712 0.783879280090332 0.795002996921539 0.797939479351044 0.808395028114319 0.799682140350342 0.805966079235077 0.806226551532745 0.799785435199738 0.790928542613983 0.791142344474792 0.79064005613327 0.788747668266296 0.787885129451752 0.776398420333862 0.767309010028839 0.766670227050781 0.756258964538574 0.765209138393402 0.771969735622406 0.762714564800262 0.780862033367157 0.780482769012451 0.776098430156708 0.771171033382416 0.780827879905701 0.780691683292389 0.770120620727539 0.770229041576385 0.750998675823212 0.748572289943695 0.751777708530426 0.750027596950531 0.73966383934021 0.736237704753876 0.724467396736145 0.714309871196747 0.716841161251068 0.71270626783371 0.715028941631317 0.726709485054016 0.737364828586578 0.741717934608459 0.74077320098877
0.786387205123901 0.79754239320755 0.807279407978058 0.806922078132629 0.800571441650391 0.798844635486603 0.793080806732178 0.800806164741516 0.791330277919769 0.791330277919769 0.790182888507843 0.779767215251923 0.769679844379425 0.778333246707916 0.774350941181183 0.76913058757782 0.769243180751801 0.766509890556335 0.774029016494751 0.776488959789276 0.785561859607697 0.784297108650208 0.78033035993576 0.763579547405243 0.779673933982849 0.760019958019257 0.771914064884186 0.770237863063812 0.771776020526886 0.75311404466629 0.749367356300354 0.747612535953522 0.74273556470871 0.731753408908844 0.731717169284821 0.730994343757629 0.723990380764008 0.722047328948975 0.713902771472931 0.719562590122223 0.720410346984863 0.737738072872162 0.736933410167694 0.741560757160187
0.808957993984222 0.809087455272675 0.809604942798615 0.801044702529907 0.801176190376282 0.808783769607544 0.806694626808167 0.806206703186035 0.804106593132019 0.791042029857635 0.789813935756683 0.771525382995605 0.761451303958893 0.767612755298615 0.75908100605011 0.758022725582123 0.775476932525635 0.776219367980957 0.78567636013031 0.784919500350952 0.776219367980957 0.77310836315155 0.773354113101959 0.77178955078125 0.763697862625122 0.763697862625122 0.779546141624451 0.763941943645477 0.761604607105255 0.766327142715454 0.738463044166565 0.725934982299805 0.732588946819305 0.735424041748047 0.751255929470062 0.733869671821594 0.735468864440918 0.728057384490967 0.71815288066864 0.727585971355438 0.73509019613266 0.732718050479889 0.731009423732758 0.729787647724152
0.810553848743439 0.810682833194733 0.802403688430786 0.802194237709045 0.799998998641968 0.798005819320679 0.797720968723297 0.796694338321686 0.798795878887177 0.789070785045624 0.780939042568207 0.772702813148499 0.76854932308197 0.779635429382324 0.756593406200409 0.760260820388794 0.761128544807434 0.777637004852295 0.789344906806946 0.774283170700073 0.774420738220215 0.781854391098022 0.773246169090271 0.772699654102325 0.763314008712769 0.771906495094299 0.77838522195816 0.765671014785767 0.751385390758514 0.755634307861328 0.743464350700378 0.737636983394623 0.744477689266205 0.756347477436066 0.757820188999176 0.749690592288971 0.749796986579895 0.739287197589874 0.742667257785797 0.73447722196579 0.719389259815216 0.735488831996918 0.733320415019989 0.720196902751923
0.816376984119415 0.803759157657623 0.802325427532196 0.801229238510132 0.799161970615387 0.798402547836304 0.797720968723297 0.800424158573151 0.799455940723419 0.788566648960114 0.781075179576874 0.763456881046295 0.771253883838654 0.779998362064362 0.770433247089386 0.790972113609314 0.78894180059433 0.78843754529953 0.797598481178284 0.778513729572296 0.784416556358337 0.773113131523132 0.774537265300751 0.763981759548187 0.773221135139465 0.763571918010712 0.763432323932648 0.768693566322327 0.758300602436066 0.747804403305054 0.747377574443817 0.745989143848419 0.750653803348541 0.744593679904938 0.745266437530518 0.743589162826538 0.736557483673096 0.732002079486847 0.7411789894104 0.751918137073517 0.731087744235992 0.729525685310364 0.712540686130524 0.714238584041595
0.810355961322784 0.80044811964035 0.810638248920441 0.801623582839966 0.807734131813049 0.815699696540833 0.806109130382538 0.799323976039886 0.798829019069672 0.789688229560852 0.780564486980438 0.772047758102417 0.790410161018372 0.790301918983459 0.787629723548889 0.788248717784882 0.788572072982788 0.787663519382477 0.788921236991882 0.787932872772217 0.778646409511566 0.766084969043732 0.783772945404053 0.773746192455292 0.764622807502747 0.761732816696167 0.759507775306702 0.759367406368256 0.760033667087555 0.76661890745163 0.768437385559082 0.760274112224579 0.759572863578796 0.755849659442902 0.754862427711487 0.742056965827942 0.718751609325409 0.72829806804657 0.752321183681488 0.751103699207306 0.739343106746674 0.725598931312561 0.714673161506653 0.695385277271271
