data/climate_estimation/maxent_output/Fritillaria_pudica.asc
NCOLS 203 
NROWS 144 
XLLCORNER -123.75 
YLLCORNER 39.0833333333333 
CELLSIZE 0.0833333333333333 
NODATA_value -3.4e+38 
[rows 80 to 99 of 144, columns 44 to 87 of 203]
0.809910833835602 0.809864044189453 0.797892212867737 0.792216002941132 0.801833271980286 0.787887871265411 0.748964190483093 0.805964052677155 0.793240904808044 0.780086040496826 0.767921388149261 0.767756223678589 0.782219648361206 0.782766997814178 0.797720611095428 0.805561065673828 0.803388714790344 0.813375651836395 0.825453877449036 0.792830944061279 0.812289118766785 0.854546725749969 0.864793241024017 0.861102938652039 0.875813901424408 0.86074423789978 0.831578493118286 0.823726415634155 0.800384998321533 0.822550714015961 0.849703907966614 0.842504322528839 0.828699469566345 0.515693962574005 0.620122075080872 0.716100513935089 0.784941732883453 0.730035722255707 0.51098906993866 0.511081039905548 0.739938914775848 0.631722569465637 0.601147353649139 0.676696836948395
0.79226690530777 0.799450516700745 0.798974514007568 0.797886669635773 0.814910113811493 0.790882587432861 0.759721875190735 0.764046788215637 0.790763556957245 0.809648811817169 0.821334838867188 0.819682657718658 0.810135006904602 0.800583779811859 0.824454486370087 0.757003486156464 0.684035897254944 0.700998365879059 0.801762938499451 0.74545955657959 0.844310820102692 0.793368399143219 0.861464738845825 0.871071934700012 0.861112892627716 0.829889357089996 0.82284551858902 0.821485579013824 0.827977001667023 0.806197702884674 0.680656611919403 0.808210074901581 0.782306253910065 0.406261324882507 0.232037588953972 0.318636536598206 0.213052704930305 0.333437949419022 0.393128663301468 0.359019964933395 0.688683867454529 0.742472529411316 0.703155755996704 0.75294303894043
0.768310189247131 0.761144518852234 0.756446838378906 0.767030775547028 0.779288351535797 0.798506617546082 0.79231333732605 0.798999488353729 0.807846128940582 0.824265599250793 0.819708526134491 0.808252155780792 0.815120279788971 0.816831707954407 0.818804025650024 0.832262217998505 0.841509282588959 0.844965815544128 0.835694968700409 0.806670665740967 0.859199047088623 0.864204347133636 0.869689583778381 0.875880718231201 0.87724381685257 0.865546107292175 0.837446451187134 0.864957451820374 0.863899648189545 0.827477753162384 0.533682346343994 0.360480606555939 0.457112014293671 0.429556876420975 0.426094383001328 0.394955575466156 0.27072274684906 0.227512419223785 0.271625548601151 0.35222727060318 0.594399988651276 0.705506086349487 0.744912147521973 0.798636376857758
0.757989168167114 0.754385352134705 0.76240736246109 0.775744199752808 0.799374341964722 0.818996369838715 0.812913239002228 0.806674480438232 0.826913416385651 0.827138781547546 0.83335554599762 0.831890940666199 0.82491135597229 0.82565176486969 0.832204401493073 0.839613795280457 0.844870626926422 0.844182729721069 0.853622853755951 0.858802318572998 0.862949848175049 0.865860879421234 0.867217838764191 0.875443994998932 0.870728135108948 0.840899467468262 0.780305862426758 0.833293259143829 0.852747559547424 0.869843363761902 0.814153611660004 0.394143134355545 0.250715851783752 0.260729402303696 0.374902188777924 0.496420413255692 0.339266031980515 0.235642775893211 0.336860150098801 0.553449928760529 0.554247975349426 0.521593809127808 0.708601951599121 0.790245473384857
0.786613821983337 0.796103835105896 0.79183441400528 0.798992037773132 0.818509101867676 0.820503711700439 0.829274594783783 0.823706448078156 0.813701808452606 0.821811676025391 0.83961296081543 0.840872943401337 0.841456890106201 0.830804586410522 0.841278791427612 0.848325669765472 0.844047665596008 0.856108605861664 0.856519281864166 0.861156165599823 0.865208983421326 0.857945144176483 0.870126247406006 0.864540219306946 0.839175045490265 0.821406841278076 0.670333564281464 0.60052078962326 0.607142329216003 0.718215644359589 0.665780484676361 0.468686521053314 0.360893040895462 0.306540340185165 0.423481792211533 0.372586727142334 0.212689563632011 0.16911406815052 0.287546038627625 0.354120820760727 0.405368059873581 0.486148625612259 0.518445193767548 0.799464046955109
0.800218164920807 0.802622556686401 0.808748543262482 0.821751236915588 0.832463443279266 0.839794874191284 0.83547455072403 0.837491393089294 0.838474810123444 0.838591158390045 0.846629858016968 0.845848441123962 0.847512006759644 0.840680480003357 0.84874963760376 0.851186752319336 0.848932802677155 0.844678997993469 0.850385546684265 0.863427996635437 0.865711152553558 0.858078896999359 0.840942740440369 0.779815793037415 0.866993486881256 0.864574432373047 0.778911828994751 0.605083167552948 0.376381814479828 0.455710679292679 0.481591522693634 0.324301898479462 0.270383805036545 0.28670659661293 0.371463179588318 0.390149235725403 0.283945173025131 0.232071191072464 0.332363963127136 0.316321849822998 0.388900101184845 0.467121124267578 0.579237282276154 0.695357263088226
0.793525695800781 0.812964737415314 0.818923115730286 0.836573541164398 0.844886004924774 0.851085603237152 0.851555109024048 0.851270020008087 0.853144884109497 0.846778392791748 0.841854572296143 0.848930358886719 0.849718630313873 0.85389244556427 0.856071472167969 0.864361345767975 0.860364079475403 0.842937350273132 0.838730931282043 0.852041840553284 0.843234896659851 0.821210443973541 0.831128776073456 0.836594581604004 0.869703590869904 0.865153133869171 0.849122166633606 0.807589650154114 0.485683888196945 0.224984541535378 0.275663048028946 0.336482554674149 0.298150330781937 0.39207923412323 0.508706510066986 0.456401497125626 0.32075709104538 0.347993016242981 0.478470951318741 0.461451768875122 0.411680370569229 0.376682907342911 0.354264497756958 0.473384529352188
0.800839245319366 0.81734973192215 0.83892148733139 0.850431263446808 0.850247323513031 0.849372148513794 0.857497334480286 0.849500775337219 0.85267448425293 0.846504747867584 0.844154417514801 0.853649199008942 0.855054497718811 0.858374774456024 0.861604571342468 0.864161670207977 0.86178731918335 0.859441697597504 0.855396032333374 0.817601799964905 0.80273026227951 0.828680276870728 0.799358725547791 0.713427901268005 0.709068775177002 0.610355138778687 0.644556939601898 0.616047859191895 0.370301187038422 0.327909201383591 0.620451688766479 0.519770920276642 0.496230065822601 0.698606848716736 0.514379680156708 0.31599372625351 0.311992049217224 0.357444852590561 0.439653217792511 0.445310652256012 0.440509855747223 0.473416209220886 0.556247591972351 0.60493791103363
0.800631105899811 0.822145819664001 0.840222835540771 0.849207639694214 0.84943825006485 0.855795323848724 0.85891854763031 0.862580895423889 0.863272070884705 0.860238909721375 0.857329189777374 0.858260273933411 0.861479043960571 0.864649891853333 0.863334119319916 0.864359676837921 0.859835922718048 0.863838970661163 0.864644765853882 0.831089496612549 0.834473729133606 0.830655872821808 0.847777128219604 0.614208161830902 0.756380438804626 0.841217339038849 0.859499156475067 0.826498448848724 0.53176087141037 0.756916880607605 0.83306473493576 0.767404139041901 0.676539123058319 0.672449111938477 0.445724695920944 0.469566643238068 0.324416190385818 0.388575941324234 0.411787658929825 0.363951593637466 0.371585726737976 0.351336777210236 0.394410699605942 0.452872306108475
0.821136891841888 0.841541349887848 0.844239413738251 0.850470662117004 0.852152168750763 0.856295883655548 0.858073174953461 0.858602225780487 0.86086517572403 0.858931601047516 0.857277512550354 0.866181254386902 0.868532121181488 0.868035316467285 0.866257190704346 0.864060699939728 0.861661493778229 0.861816167831421 0.861285150051117 0.855177462100983 0.861685276031494 0.805747807025909 0.777027547359467 0.785004138946533 0.845642149448395 0.854199707508087 0.847771823406219 0.826497614383698 0.832566142082214 0.832566142082214 0.846479475498199 0.804918169975281 0.708159625530243 0.647070467472076 0.776072084903717 0.600675523281097 0.378141701221466 0.3234503865242 0.41345140337944 0.483160823583603 0.436499178409576 0.346841305494308 0.390649706125259 0.448433697223663
0.837208390235901 0.845093607902527 0.863677442073822 0.855479538440704 0.873705625534058 0.85733163356781 0.862697660923004 0.850809931755066 0.850955963134766 0.853201687335968 0.854487717151642 0.863392412662506 0.866316735744476 0.868588924407959 0.863712906837463 0.858006954193115 0.855912387371063 0.850841879844666 0.861549198627472 0.861559271812439 0.859925150871277 0.846874177455902 0.746107697486877 0.776642858982086 0.844857037067413 0.844810307025909 0.839579224586487 0.828564167022705 0.830325126647949 0.826900243759155 0.779290378093719 0.664813220500946 0.484414637088776 0.805606245994568 0.82815945148468 0.554961025714874 0.578717052936554 0.426575511693954 0.362954616546631 0.383633464574814 0.51015567779541 0.417864233255386 0.410232812166214 0.498665481805801
0.85254031419754 0.85342937707901 0.850130677223206 0.867244064807892 0.886519849300385 0.883600354194641 0.86433869600296 0.85358065366745 0.848664164543152 0.849982738494873 0.850048899650574 0.854623436927795 0.853345394134521 0.859897792339325 0.855396032333374 0.857180118560791 0.849011123180389 0.864912748336792 0.854203283786774 0.856568932533264 0.85161155462265 0.817393243312836 0.746364772319794 0.836503863334656 0.847409248352051 0.850437879562378 0.843795835971832 0.822202146053314 0.824506521224976 0.81111091375351 0.81114000082016 0.747188150882721 0.517056941986084 0.723752856254578 0.803434729576111 0.775243163108826 0.832942008972168 0.808570742607117 0.693530857563019 0.405968487262726 0.460094153881073 0.461180478334427 0.459389328956604 0.517024159431458
0.852875709533691 0.856749296188354 0.847548127174377 0.874002635478973 0.864334464073181 0.868431985378265 0.877269625663757 0.871609270572662 0.845393776893616 0.837384521961212 0.844161629676819 0.844497263431549 0.842561841011047 0.842392683029175 0.849084258079529 0.84686952829361 0.848797559738159 0.845203101634979 0.848733961582184 0.846614301204681 0.834918856620789 0.771421432495117 0.83688884973526 0.847312152385712 0.842061877250671 0.846307158470154 0.843872010707855 0.831230998039246 0.825369596481323 0.825342833995819 0.81908106803894 0.56795209646225 0.691450774669647 0.531668901443481 0.798772633075714 0.812700629234314 0.831998765468597 0.831165969371796 0.837671279907227 0.795162677764893 0.415356904268265 0.305312693119049 0.302267014980316 0.458680063486099
0.848738372325897 0.871299803256989 0.861116170883179 0.872798800468445 0.873952090740204 0.886178910732269 0.868127942085266 0.850784778594971 0.835632741451263 0.850129246711731 0.842603981494904 0.844956696033478 0.847528219223022 0.853211045265198 0.854471564292908 0.857092678546906 0.853756129741669 0.850689828395844 0.871677696704865 0.848399102687836 0.853667557239532 0.853584885597229 0.846566498279572 0.848694503307343 0.849021315574646 0.835259675979614 0.795824289321899 0.814370095729828 0.836608707904816 0.815113246440887 0.804932951927185 0.337684959173203 0.623624384403229 0.783996939659119 0.826523303985596 0.79853618144989 0.805321574211121 0.831344664096832 0.853427410125732 0.852145552635193 0.770312428474426 0.395510852336884 0.193876534700394 0.251421838998795
0.853445708751678 0.860101282596588 0.874724566936493 0.869282186031342 0.864579081535339 0.883689403533936 0.876778662204742 0.85501229763031 0.865885853767395 0.854701101779938 0.847395420074463 0.859444618225098 0.853813052177429 0.858218729496002 0.858709156513214 0.872549712657928 0.852033972740173 0.854418635368347 0.843990385532379 0.84352719783783 0.835065484046936 0.844787955284119 0.847037315368652 0.848098695278168 0.838857233524323 0.78404688835144 0.781615614891052 0.80881142616272 0.786613523960114 0.700680613517761 0.676753401756287 0.790937304496765 0.807480454444885 0.829358816146851 0.830477297306061 0.833019018173218 0.805114805698395 0.834660768508911 0.848331332206726 0.844798624515533 0.849961996078491 0.718494713306427 0.415584087371826 0.460637122392654
0.868694961071014 0.861666023731232 0.887017786502838 0.875112473964691 0.881228983402252 0.88354218006134 0.885518372058868 0.881842732429504 0.881573677062988 0.873730778694153 0.870732069015503 0.863974452018738 0.850340664386749 0.860773980617523 0.84484326839447 0.864637792110443 0.850060224533081 0.854110538959503 0.873878180980682 0.86736661195755 0.853732049465179 0.854282736778259 0.869972467422485 0.842412650585175 0.816616952419281 0.804820895195007 0.798116385936737 0.775834441184998 0.659741759300232 0.757799565792084 0.800073862075806 0.79377943277359 0.793124616146088 0.795715928077698 0.80251270532608 0.806190311908722 0.812368810176849 0.829900860786438 0.850016474723816 0.849762439727783 0.854320585727692 0.84321540594101 0.652219474315643 0.439437419176102
0.85150283575058 0.85664176940918 0.885092556476593 0.873279929161072 0.867847621440887 0.895096838474274 0.878779292106628 0.870376586914062 0.871534883975983 0.870922982692719 0.880529522895813 0.872016906738281 0.85446697473526 0.85708487033844 0.846230268478394 0.846989572048187 0.84423565864563 0.866892755031586 0.875844895839691 0.862935125827789 0.867921352386475 0.865907669067383 0.854589283466339 0.833672046661377 0.816532015800476 0.815370798110962 0.791109681129456 0.646476745605469 0.466394782066345 0.713988602161407 0.787515759468079 0.792540967464447 0.783333003520966 0.782556533813477 0.805189251899719 0.789111077785492 0.815979182720184 0.837510883808136 0.84532356262207 0.852856278419495 0.857714653015137 0.843077123165131 0.757009446620941 0.477231621742249
0.835255086421967 0.877071142196655 0.884168207645416 0.88967901468277 0.888319194316864 0.880788147449493 0.878222346305847 0.881890118122101 0.881427049636841 0.878725588321686 0.877610802650452 0.888765335083008 0.864421367645264 0.85684859752655 0.835822284221649 0.847959816455841 0.84809672832489 0.866280019283295 0.869664669036865 0.874283313751221 0.872149288654327 0.848298490047455 0.853908121585846 0.864470660686493 0.857128918170929 0.80442476272583 0.743992328643799 0.615716218948364 0.561978757381439 0.697587490081787 0.717794001102448 0.771209478378296 0.772827088832855 0.775738179683685 0.773998975753784 0.788350105285645 0.798081815242767 0.82440322637558 0.834511637687683 0.849164664745331 0.854692697525024 0.859439969062805 0.845454454421997 0.705706059932709
0.865601003170013 0.869473814964294 0.891990005970001 0.883672416210175 0.883309483528137 0.867825925350189 0.860277414321899 0.863937497138977 0.86916720867157 0.857054233551025 0.857563674449921 0.854437649250031 0.84076976776123 0.86425918340683 0.812896192073822 0.825216233730316 0.878001034259796 0.869993388652802 0.874331831932068 0.88031017780304 0.855149388313293 0.838418483734131 0.860205769538879 0.86584597826004 0.845068216323853 0.785072922706604 0.708467900753021 0.615772008895874 0.433917611837387 0.47136390209198 0.592351317405701 0.708117246627808 0.775052130222321 0.781216561794281 0.784751772880554 0.807337403297424 0.80353718996048 0.814549207687378 0.821843564510345 0.838381052017212 0.840953588485718 0.847111999988556 0.854875147342682 0.837827920913696
0.866245448589325 0.879691302776337 0.872164845466614 0.862506866455078 0.871304750442505 0.843369901180267 0.847756028175354 0.849862992763519 0.862261056900024 0.854290068149567 0.844735503196716 0.843110859394073 0.846117854118347 0.849345505237579 0.830058217048645 0.862710058689117 0.875517427921295 0.86865758895874 0.857274055480957 0.859064698219299 0.83347076177597 0.848122656345367 0.858835399150848 0.858688414096832 0.855759620666504 0.824404776096344 0.635322630405426 0.529712736606598 0.481501996517181 0.444824606180191 0.618804275989532 0.712802946567535 0.772119581699371 0.785727500915527 0.794288754463196 0.814148664474487 0.815962016582489 0.832701802253723 0.834193527698517 0.837213277816772 0.84634006023407 0.8444744348526 0.846622467041016 0.851121127605438
