data/climate_estimation/maxent_output/Fritillaria_meleagris.asc
NCOLS 1106 
NROWS 192 
XLLCORNER -4.75 
YLLCORNER 38.75 
CELLSIZE 0.0833333333333333 
NODATA_value -3.4e+38 
[rows 57 to 75 of 192, columns 215 to 257 of 1106]
0.437897503376007 0.472704023122787 0.429767340421677 0.434702157974243 0.383200466632843 0.363710790872574 0.334164321422577 0.345477551221848 0.336502432823181 0.272388309240341 0.187141612172127 0.176140010356903 0.17631271481514 0.148541614413261 0.132127076387405 0.164587065577507 0.193272769451141 0.213421255350113 0.242398574948311 0.245765328407288 0.242771252989769 0.220886185765266 0.211318522691727 0.215096980333328 0.197577938437462 0.170092761516571 0.155313760042191 0.163233563303947 0.188416764140129 0.186759009957314 0.179324120283127 0.162982448935509 0.153775587677956 0.149265006184578 0.162217482924461 0.16342781484127 0.15684774518013 0.199367597699165 0.20205719769001 0.226876497268677 0.2100680321455 0.241730704903603 0.226881340146065
0.434522926807404 0.433974385261536 0.429483413696289 0.388060718774796 0.381531417369843 0.377042293548584 0.381887763738632 0.381611734628677 0.294419050216675 0.223337784409523 0.236314922571182 0.25197571516037 0.243177115917206 0.211945921182632 0.170578509569168 0.186189576983452 0.212208986282349 0.205907970666885 0.211878597736359 0.22765389084816 0.244564741849899 0.242919102311134 0.267740845680237 0.302983731031418 0.240279614925385 0.218248143792152 0.193626880645752 0.170141041278839 0.191226661205292 0.275408923625946 0.278621912002563 0.231786578893661 0.188785374164581 0.189503088593483 0.198854446411133 0.229046672582626 0.191588848829269 0.18951690196991 0.242118984460831 0.229120120406151 0.219332754611969 0.186327069997787 0.234141319990158
0.390963852405548 0.408998817205429 0.374505698680878 0.373719215393066 0.374484151601791 0.41894856095314 0.406722158193588 0.388595968484879 0.358482420444489 0.348588794469833 0.321366280317307 0.301746904850006 0.241214692592621 0.225743293762207 0.213031142950058 0.215904206037521 0.224154233932495 0.20270374417305 0.216042995452881 0.281625032424927 0.268067717552185 0.250950634479523 0.255737453699112 0.295940607786179 0.292207509279251 0.293587952852249 0.27542319893837 0.265180736780167 0.261995881795883 0.25420942902565 0.302096277475357 0.279263645410538 0.285481512546539 0.289292067289352 0.280293017625809 0.270086497068405 0.25491064786911 0.242937058210373 0.2599096596241 0.239372164011002 0.256640642881393 0.197640269994736 0.200904548168182
0.36625137925148 0.358536392450333 0.357658982276917 0.369851589202881 0.374611496925354 0.374095141887665 0.408317744731903 0.380602151155472 0.338354647159576 0.400021880865097 0.348155349493027 0.303039729595184 0.270934343338013 0.220105677843094 0.219332098960876 0.24785278737545 0.256840646266937 0.262648731470108 0.296630382537842 0.275126814842224 0.254003047943115 0.277099579572678 0.257278740406036 0.25658118724823 0.274188101291656 0.285445779561996 0.308360069990158 0.300951540470123 0.293722897768021 0.302824527025223 0.288388937711716 0.303793102502823 0.277868151664734 0.252199232578278 0.249502196907997 0.22773902118206 0.270582467317581 0.256313800811768 0.257805168628693 0.219131395220757 0.26680514216423 0.220844581723213 0.194739386439323
0.364632219076157 0.369204044342041 0.38000276684761 0.387932270765305 0.373656898736954 0.393237441778183 0.430729985237122 0.411144345998764 0.417539715766907 0.401539266109467 0.365492165088654 0.320147186517715 0.266677558422089 0.266359239816666 0.277956485748291 0.263885527849197 0.294303238391876 0.327779829502106 0.335202395915985 0.297454029321671 0.289465695619583 0.345428645610809 0.31069603562355 0.302997469902039 0.281822174787521 0.314974784851074 0.296145737171173 0.278413146734238 0.275145262479782 0.277361452579498 0.296910405158997 0.307501941919327 0.285461038351059 0.273393273353577 0.227416172623634 0.247976735234261 0.270256638526917 0.254478007555008 0.262402057647705 0.255146950483322 0.234790399670601 0.234790399670601 0.192073538899422
0.391628503799438 0.38737764954567 0.413082599639893 0.443278700113297 0.413477927446365 0.420902758836746 0.436628997325897 0.424585789442062 0.395001828670502 0.36066198348999 0.33967137336731 0.321559816598892 0.303213119506836 0.32060432434082 0.326678872108459 0.363868147134781 0.326368659734726 0.333611667156219 0.321885675191879 0.297900885343552 0.336349606513977 0.349988251924515 0.332920879125595 0.300870895385742 0.291152954101562 0.300341457128525 0.327586323022842 0.318103551864624 0.308540612459183 0.28453540802002 0.291902303695679 0.30501714348793 0.304640173912048 0.314037531614304 0.301097393035889 0.292466789484024 0.27885439991951 0.282753467559814 0.269691228866577 0.266773104667664 0.207830607891083 0.194331422448158 0.209315896034241
0.425311386585236 0.409279465675354 0.415445774793625 0.427164763212204 0.421589761972427 0.406898111104965 0.411160737276077 0.369468957185745 0.355801492929459 0.344834119081497 0.347108364105225 0.322454750537872 0.297683119773865 0.321395039558411 0.315967470407486 0.330975621938705 0.336077392101288 0.313801854848862 0.299000293016434 0.315203368663788 0.350383818149567 0.339591175317764 0.319703996181488 0.320423096418381 0.318058609962463 0.320051819086075 0.34289738535881 0.337811440229416 0.334096968173981 0.296652942895889 0.301141053438187 0.31441268324852 0.322532653808594 0.296562999486923 0.29997044801712 0.2835613489151 0.274751335382462 0.273781061172485 0.253497719764709 0.281992822885513 0.191122502088547 0.170367941260338 0.26504909992218
0.415463835000992 0.401457965373993 0.431157380342484 0.470415472984314 0.441314816474915 0.41010594367981 0.387377321720123 0.375218570232391 0.378927797079086 0.342635244131088 0.363695204257965 0.314411133527756 0.299504160881042 0.312599420547485 0.314484089612961 0.29336866736412 0.307642728090286 0.292438298463821 0.278515785932541 0.292701035737991 0.325657784938812 0.35546338558197 0.361557185649872 0.348559111356735 0.327665269374847 0.354554504156113 0.342836618423462 0.342159986495972 0.318154066801071 0.313224643468857 0.291366964578629 0.330126762390137 0.297520786523819 0.286611020565033 0.285162836313248 0.293083876371384 0.27969217300415 0.230839625000954 0.199761465191841 0.194183006882668 0.190241768956184 0.182368457317352 0.223940506577492
0.476471692323685 0.48212519288063 0.491368860006332 0.474941283464432 0.413996070623398 0.391341090202332 0.391767114400864 0.359108537435532 0.336546063423157 0.320402204990387 0.325186908245087 0.310475647449493 0.337337821722031 0.314752817153931 0.295213133096695 0.291287988424301 0.292935580015182 0.30690535902977 0.278380244970322 0.295587092638016 0.307262182235718 0.330676138401031 0.32680544257164 0.346415251493454 0.352305948734283 0.355111300945282 0.353324174880981 0.3326176404953 0.340496093034744 0.343659847974777 0.322961628437042 0.299820184707642 0.306096374988556 0.287645757198334 0.267742961645126 0.270879060029984 0.268506079912186 0.261170268058777 0.220600932836533 0.152722269296646 0.158464148640633 0.171227604150772 0.19378274679184
0.366563320159912 0.351536691188812 0.395956724882126 0.490786701440811 0.468548715114594 0.42782273888588 0.452400475740433 0.424251079559326 0.369095116853714 0.355508118867874 0.33849686384201 0.321860611438751 0.299304604530334 0.328822404146194 0.291755586862564 0.2928826212883 0.2994564473629 0.278419494628906 0.268632411956787 0.278577983379364 0.287617743015289 0.306054472923279 0.304746747016907 0.312821298837662 0.333675563335419 0.358409881591797 0.347479850053787 0.317778199911118 0.333197027444839 0.347790747880936 0.346161127090454 0.293945699930191 0.288313239812851 0.275960564613342 0.278054654598236 0.25383472442627 0.257973402738571 0.257213056087494 0.207770004868507 0.187880158424377 0.143521517515182 0.116734072566032 0.141859889030457
0.384730219841003 0.286906987428665 0.343146502971649 0.388112664222717 0.408718526363373 0.347676128149033 0.445744901895523 0.451838791370392 0.408897668123245 0.390596926212311 0.349062621593475 0.306059151887894 0.304962873458862 0.296274095773697 0.296223998069763 0.302493005990982 0.308829128742218 0.282935798168182 0.272071093320847 0.272562831640244 0.286885797977448 0.292609930038452 0.291142225265503 0.320083767175674 0.327625066041946 0.341151535511017 0.306544929742813 0.298246443271637 0.31158059835434 0.311608910560608 0.329491555690765 0.295457720756531 0.277731776237488 0.291213124990463 0.273204982280731 0.248484194278717 0.230880469083786 0.19882521033287 0.187276408076286 0.186208203434944 0.156015858054161 0.118184983730316 0.115643911063671
0.482603132724762 0.434499859809875 0.266661107540131 0.282535284757614 0.265490561723709 0.269529223442078 0.327220410108566 0.395126223564148 0.405685275793076 0.414176046848297 0.368023902177811 0.343709468841553 0.311070472002029 0.287398010492325 0.272524684667587 0.27854061126709 0.305185884237289 0.294094681739807 0.272834986448288 0.276802867650986 0.272483766078949 0.279905200004578 0.303760021924973 0.334497332572937 0.343957424163818 0.338098019361496 0.304534196853638 0.298017293214798 0.285070151090622 0.294399321079254 0.301493108272552 0.274653345346451 0.259970098733902 0.272460073232651 0.256868571043015 0.237794935703278 0.22527676820755 0.199944078922272 0.199474766850471 0.151363521814346 0.136461287736893 0.129675596952438 0.126354932785034
0.472769945859909 0.430829852819443 0.337539166212082 0.269051879644394 0.245317831635475 0.288211613893509 0.326650053262711 0.326674580574036 0.350383937358856 0.379155278205872 0.388852298259735 0.387201964855194 0.357470542192459 0.325788527727127 0.284802228212357 0.272444248199463 0.293486416339874 0.301521211862564 0.268295407295227 0.272084176540375 0.275574445724487 0.278616517782211 0.311009705066681 0.317697525024414 0.330472648143768 0.296288996934891 0.299179375171661 0.293884545564651 0.290185630321503 0.269938200712204 0.283714979887009 0.271880835294724 0.268017411231995 0.254146546125412 0.243654608726501 0.223090514540672 0.19765929877758 0.208289459347725 0.178825840353966 0.156702101230621 0.155482366681099 0.148926064372063 0.159679651260376
0.476876527070999 0.45487317442894 0.460417479276657 0.440182000398636 0.403735935688019 0.360469430685043 0.341267377138138 0.372562676668167 0.396222323179245 0.337238848209381 0.293322175741196 0.365499466657639 0.368541181087494 0.368297517299652 0.310514897108078 0.288314491510391 0.290039658546448 0.283279240131378 0.272407352924347 0.270424544811249 0.265337258577347 0.270355492830276 0.299606770277023 0.306831777095795 0.294513046741486 0.276724398136139 0.296390414237976 0.286402940750122 0.288134276866913 0.27568730711937 0.276457577943802 0.285507827997208 0.275324791669846 0.271455466747284 0.234407469630241 0.222796380519867 0.214838311076164 0.202863827347755 0.205362126231194 0.179259315133095 0.175243809819221 0.188759237527847 0.161779090762138
0.439846783876419 0.422727465629578 0.404763370752335 0.406912386417389 0.430332154035568 0.459477037191391 0.372950077056885 0.316630363464355 0.272724002599716 0.378071576356888 0.337774455547333 0.38584503531456 0.355298548936844 0.33691132068634 0.351900100708008 0.326989352703094 0.308679968118668 0.310068815946579 0.290350705385208 0.286735743284225 0.269754141569138 0.272260397672653 0.286763936281204 0.291087985038757 0.300566017627716 0.280688673257828 0.306773632764816 0.293321192264557 0.296378880739212 0.285012662410736 0.291926681995392 0.284333884716034 0.291387051343918 0.251781493425369 0.232420012354851 0.227851450443268 0.218287125229836 0.211210906505585 0.204549431800842 0.195429846644402 0.204744175076485 0.21472305059433 0.197157695889473
0.367224782705307 0.36008894443512 0.379407793283463 0.366449981927872 0.37470269203186 0.410955011844635 0.437304556369781 0.398197293281555 0.404273867607117 0.313618123531342 0.386579185724258 0.368077546358109 0.35538387298584 0.341040849685669 0.355985999107361 0.331593781709671 0.321503043174744 0.342633336782455 0.32646906375885 0.340244203805923 0.286557495594025 0.292554676532745 0.289531052112579 0.291437745094299 0.286621958017349 0.289937317371368 0.302968114614487 0.304921746253967 0.290718615055084 0.268895775079727 0.283767431974411 0.270464658737183 0.240489095449448 0.240371778607368 0.238274946808815 0.249440878629684 0.231843873858452 0.219763293862343 0.22137713432312 0.217613071203232 0.245855510234833 0.230597615242004 0.211426421999931
0.345175683498383 0.348711013793945 0.338897675275803 0.338184416294098 0.350270211696625 0.35007843375206 0.401559889316559 0.379485696554184 0.384359419345856 0.363894104957581 0.367641597986221 0.337761223316193 0.33560186624527 0.357674896717072 0.319296389818192 0.324375152587891 0.33458736538887 0.298017501831055 0.273920476436615 0.296707093715668 0.339354902505875 0.307207822799683 0.298198014497757 0.295637607574463 0.279484480619431 0.28274393081665 0.288200557231903 0.262387603521347 0.278437316417694 0.243377640843391 0.245851963758469 0.259747952222824 0.249217718839645 0.239644169807434 0.250523298978806 0.266534954309464 0.261138945817947 0.276669144630432 0.273431926965714 0.275700002908707 0.261127263307571 0.23700837790966 0.225290566682816
0.317667543888092 0.333412677049637 0.337619245052338 0.337725341320038 0.346604555845261 0.343535214662552 0.358597069978714 0.358204990625381 0.34788590669632 0.305378645658493 0.304480195045471 0.319048494100571 0.328183591365814 0.331012845039368 0.325515955686569 0.312368929386139 0.339543014764786 0.283186167478561 0.274254769086838 0.252440273761749 0.278503596782684 0.309122562408447 0.312325179576874 0.297933489084244 0.308133572340012 0.304767370223999 0.290070682764053 0.286511808633804 0.3022141456604 0.256782501935959 0.244434401392937 0.273525923490524 0.24753226339817 0.266802459955215 0.264515578746796 0.281774371862411 0.299627661705017 0.295491814613342 0.311881750822067 0.297181695699692 0.272450476884842 0.259611755609512 0.251106470823288
0.32376703619957 0.296149343252182 0.289384812116623 0.296499729156494 0.316743701696396 0.339653700590134 0.332186043262482 0.273497045040131 0.296260207891464 0.273402631282806 0.29753166437149 0.318405210971832 0.322973132133484 0.339801400899887 0.323788851499557 0.275321573019028 0.269089221954346 0.311639904975891 0.304022610187531 0.296984821557999 0.277093291282654 0.271674811840057 0.30803120136261 0.273218840360641 0.288988947868347 0.303786516189575 0.304297059774399 0.273493260145187 0.254805743694305 0.229894429445267 0.218308612704277 0.232892885804176 0.23125633597374 0.259313583374023 0.276108086109161 0.283011138439178 0.290895044803619 0.317343801259995 0.321026980876923 0.320202469825745 0.284576743841171 0.277098625898361 0.256576240062714
