data/climate_estimation/maxent_output/Fritillaria_lusitanica.asc
NCOLS 143 
NROWS 85 
XLLCORNER -9.66666666666667 
YLLCORNER 36 
CELLSIZE 0.0833333333333333 
NODATA_value -3.4e+38 
[rows 0 to 20 of 85, columns 94 to 140 of 143]
0.0790768563747406 0.0822178199887276 0.0659152865409851 0.0449809283018112 0.0488689094781876 0.0528252050280571 0.0337462835013866 0.0440727658569813 0.0381923764944077 0.0246590506285429 0.0836508050560951 0.119453564286232 0.0553559623658657 0.0618457496166229 0.0687380582094193 0.0172569751739502 0.0260054003447294 0.0167408939450979 0.0294397324323654 0.0160111729055643 0.0404628068208694 0.0678340792655945 0.0386143289506435 0.0416680872440338 0.0466943383216858 0.0813167691230774 0.0666096284985542 0.0789751037955284 0.0919180884957314 0.0979103446006775 0.0982509329915047 0.108116693794727 0.105471543967724 0.107987985014915 0.106303542852402 0.105089172720909 0.102416954934597 0.107441440224648 0.120944023132324 0.113440871238708 0.113618731498718 0.13178676366806 0.136891350150108 0.155028223991394 0.234038129448891 0.247687950730324 0.224788680672646
0.126921117305756 0.128097742795944 0.128517478704453 0.108442798256874 0.0858622118830681 0.0629752650856972 0.0541739165782928 0.048828236758709 0.0377281419932842 0.0222672503441572 0.0189207196235657 0.017829354852438 0.00893152132630348 0.00473564863204956 0.0573293790221214 0.0110803470015526 0.0124072125181556 0.00662452122196555 0.00492387684062123 0.0143586806952953 0.0167930535972118 0.0229586232453585 0.0025013443082571 0.00278877164237201 0.00852046068757772 0.00930528715252876 0.0287058707326651 0.0116209927946329 0.0341376699507236 0.0590130761265755 0.0342570319771767 0.029886407777667 0.0270631350576878 0.0475726239383221 0.0756163373589516 0.0924644395709038 0.09853845089674 0.0680252313613892 0.0540260970592499 0.0575512312352657 0.0946010202169418 0.117087468504906 0.112084224820137 0.126376405358315 0.133742600679398 0.147943153977394 0.147616416215897
0.189326643943787 0.192387118935585 0.180609092116356 0.168481394648552 0.140892118215561 0.132282137870789 0.0965988859534264 0.0477726571261883 0.0768208056688309 0.0417730547487736 0.0347687304019928 0.0212705098092556 0.0068134474568069 0.00501407962292433 0.00762011995539069 0.0101585611701012 0.00354902353137732 0.00277566676959395 0.0010424047941342 0.00160998024512082 0.00429668510332704 0.00565347308292985 0.0042044036090374 0.00088556349510327 0.000840432883705944 0.00400337763130665 0.0280594471842051 0.00358126824721694 0.0076955365948379 0.0227032117545605 0.0235708840191364 0.0104811573401093 0.00635077897459269 0.020447202026844 0.0216983780264854 0.0183644313365221 0.10151295363903 0.0634883716702461 0.0372190028429031 0.0126956142485142 0.04609414935112 0.108695268630981 0.0286807995289564 0.0372398644685745 0.0721126645803452 0.0719899162650108 0.0888000056147575
0.255798697471619 0.208312898874283 0.205708742141724 0.222445026040077 0.248500883579254 0.250732660293579 0.197977647185326 0.177391067147255 0.144515916705132 0.117026790976524 0.101446390151978 0.0377878546714783 0.0175120215862989 0.00959627144038677 0.00294736819341779 0.00487411953508854 0.00198560045100749 0.00310702016577125 0.000985810649581254 0.000653251830954105 0.000602803367655724 0.00125977955758572 0.00367613323032856 0.000511825492139906 0.00243756617419422 0.004486043471843 0.0063826572149992 0.00548795703798532 0.0101680224761367 0.0168014913797379 0.0124107422307134 0.00404347293078899 0.0010543332900852 0.00146735261660069 0.00212345994077623 0.00416449643671513 0.0190291423350573 0.0287985652685165 0.00981626939028502 0.00954206380993128 0.0324752517044544 0.0537886768579483 0.0434949621558189 0.013406871818006 0.0133956149220467 0.019399955868721 0.0350946038961411
0.311087727546692 0.300269842147827 0.280495226383209 0.275745630264282 0.268590778112411 0.303711205720901 0.353679686784744 0.26184818148613 0.215683415532112 0.148470222949982 0.177178576588631 0.111486077308655 0.0857723578810692 0.0654242932796478 0.0215022750198841 0.0110314292833209 0.00167932780459523 0.00348577764816582 0.0087787788361311 0.00115860602818429 0.00203998503275216 0.00109764514490962 0.000747880199924111 0.00101187801919878 0.00165447418112308 0.000960585253778845 0.000692903355229646 0.000572769204154611 0.000798341468907893 0.00241849757730961 0.00506981089711189 0.00779361184686422 0.00361418700776994 0.00194613973144442 0.00114292453508824 0.00272816512733698 0.00200872635468841 0.00174961041193455 0.00102541944943368 0.00493078771978617 0.00351162091828883 0.00465187057852745 0.00636226730421185 0.0175116248428822 0.0215444378554821 0.00597867276519537 0.00909942761063576
0.417749047279358 0.387588918209076 0.366356670856476 0.27249801158905 0.294471800327301 0.342878937721252 0.380640774965286 0.32379612326622 0.272357404232025 0.319065243005753 0.318949103355408 0.336830794811249 0.196125060319901 0.116351582109928 0.0950882807374001 0.0693983510136604 0.0257390290498734 0.0180042497813702 0.0303859431296587 0.00854337029159069 0.0143210850656033 0.00357989664189517 0.00198268005624413 0.00488038267940283 0.010094647295773 0.00182206009048969 0.00182286638300866 0.000733020075131208 0.0032952290493995 0.000391385663533583 0.000657797034364194 0.00108109950087965 0.00094274221919477 0.000844736292492598 0.00200133747421205 0.0127484267577529 0.00371951120905578 0.00361599819734693 0.000870071060489863 0.000757907633669674 0.00138101342599839 0.00102201686240733 0.00126781559083611 0.00375130050815642 0.00191465101670474 0.001488795154728 0.00352516165003181
0.528153777122498 0.491744458675385 0.471057057380676 0.383984059095383 0.445580244064331 0.496155142784119 0.476135283708572 0.457968562841415 0.390715420246124 0.313132017850876 0.203288093209267 0.325543761253357 0.35274064540863 0.183834686875343 0.20119035243988 0.111575268208981 0.127318605780602 0.140503600239754 0.043040681630373 0.0185995046049356 0.0324170589447021 0.0223364941775799 0.0288144554942846 0.0862755477428436 0.0388296693563461 0.00320364022627473 0.00449933903291821 0.0135612264275551 0.00329654919914901 0.00182364648208022 0.00428916560485959 0.00323093426413834 0.0015861305873841 0.000695889466442168 0.000915860524401069 0.00977809727191925 0.0292789712548256 0.00922956690192223 0.00263594719581306 0.00296892039477825 0.00852898228913546 0.00211089430376887 0.000964567356277257 0.00275846407748759 0.00166192359756678 0.00190483685582876 0.00476622302085161
0.618624269962311 0.59592741727829 0.611294686794281 0.551987528800964 0.529243350028992 0.561836540699005 0.447959631681442 0.414925783872604 0.355921715497971 0.352974563837051 0.221523702144623 0.189464151859283 0.336938917636871 0.28570094704628 0.284760057926178 0.207503542304039 0.235494375228882 0.235670208930969 0.0880078449845314 0.0480480194091797 0.0379913188517094 0.11483870446682 0.110754728317261 0.226831868290901 0.0703467950224876 0.0304864011704922 0.0280902963131666 0.0249285437166691 0.0111546320840716 0.0171768944710493 0.0291598588228226 0.0101285697892308 0.00172569241840392 0.00281120906583965 0.00333038833923638 0.0229961052536964 0.0128261018544436 0.00570696732029319 0.00507505610585213 0.0230017434805632 0.00332205276936293 0.00116574042476714 0.00144883466418833 0.00296298111788929 0.0163611192256212 0.0354457907378674 0.0134595446288586
0.631599009037018 0.629422843456268 0.654430210590363 0.638822913169861 0.646544694900513 0.657639384269714 0.604097664356232 0.48707714676857 0.481859266757965 0.428745925426483 0.338309586048126 0.31397420167923 0.411545783281326 0.422864735126495 0.278121054172516 0.262074708938599 0.221488013863564 0.165749102830887 0.149215459823608 0.103314504027367 0.0732798501849174 0.0769558995962143 0.187048688530922 0.289213508367538 0.274357229471207 0.213680669665337 0.10462137311697 0.058063268661499 0.0273818839341402 0.0192393288016319 0.0386711396276951 0.0341852158308029 0.0278572794049978 0.0403297245502472 0.0263537354767323 0.0508509129285812 0.00642264308407903 0.0160821545869112 0.0983122363686562 0.170657679438591 0.0427159070968628 0.0270710159093142 0.0385518819093704 0.0612993612885475 0.0483534708619118 0.0138382976874709 0.00476231751963496
0.601013481616974 0.637562334537506 0.645389497280121 0.640383183956146 0.640843749046326 0.635662496089935 0.617247760295868 0.613397598266602 0.577548205852509 0.540074527263641 0.549583792686462 0.516108453273773 0.542339682579041 0.551084935665131 0.513260006904602 0.287249863147736 0.15986068546772 0.138692229986191 0.106919251382351 0.0485015138983727 0.0884147733449936 0.122485853731632 0.200713157653809 0.362974524497986 0.313058704137802 0.212051749229431 0.225757703185081 0.0987955257296562 0.143110871315002 0.0599301569163799 0.126978054642677 0.0702029690146446 0.0371303744614124 0.151108875870705 0.199952185153961 0.022878386080265 0.0142731862142682 0.040424320846796 0.340099513530731 0.0833359435200691 0.0138102360069752 0.00720515241846442 0.00699079455807805 0.0170208401978016 0.0131324641406536 0.0113348802551627 0.0162629634141922
0.611948609352112 0.62838214635849 0.63096296787262 0.658957302570343 0.666172504425049 0.707639873027802 0.688267707824707 0.696528792381287 0.659936308860779 0.624445080757141 0.638985574245453 0.652679622173309 0.588031828403473 0.648419678211212 0.640610158443451 0.731343388557434 0.750679016113281 0.645035088062286 0.554413318634033 0.54629522562027 0.524836361408234 0.39832204580307 0.397482067346573 0.383591890335083 0.395969092845917 0.333661824464798 0.290560454130173 0.265523195266724 0.197327584028244 0.15969143807888 0.225422814488411 0.126557588577271 0.232714727520943 0.305257946252823 0.113866083323956 0.0202480424195528 0.0612031631171703 0.296252548694611 0.248116999864578 0.0299190357327461 0.0114258760586381 0.0110937636345625 0.0187294352799654 0.0296662766486406 0.20316369831562 0.0678514987230301 0.114549472928047
0.669797360897064 0.669601917266846 0.669085621833801 0.689706563949585 0.701976597309113 0.726064085960388 0.718142986297607 0.706443667411804 0.710488438606262 0.722070932388306 0.677338242530823 0.696674644947052 0.688397109508514 0.680633246898651 0.71354478597641 0.770645081996918 0.814915835857391 0.715448141098022 0.753860890865326 0.681530058383942 0.680548489093781 0.614342153072357 0.519049286842346 0.478699624538422 0.433339864015579 0.377088099718094 0.334918260574341 0.270264804363251 0.24742916226387 0.238359943032265 0.281682401895523 0.206629708409309 0.348314940929413 0.363342493772507 0.37913990020752 0.154189050197601 0.127672299742699 0.381307303905487 0.183258756995201 0.0693017467856407 0.0451372787356377 0.193987980484962 0.109701938927174 0.0321099460124969 0.420686662197113 0.388604938983917 0.390430599451065
0.694141924381256 0.728287220001221 0.704482972621918 0.704550862312317 0.748030602931976 0.750059306621552 0.760196328163147 0.751682043075562 0.759033262729645 0.752017974853516 0.779031574726105 0.729450523853302 0.729891180992126 0.745125889778137 0.766510903835297 0.676637709140778 0.650840938091278 0.687554478645325 0.723036527633667 0.696624755859375 0.64398592710495 0.595117628574371 0.566670060157776 0.501837432384491 0.455594688653946 0.384224414825439 0.36090075969696 0.3142369389534 0.317915886640549 0.329363971948624 0.23344749212265 0.208362266421318 0.348012387752533 0.195143580436707 0.288304805755615 0.348013341426849 0.453196555376053 0.477992802858353 0.462374091148376 0.459088772535324 0.465211123228073 0.431443810462952 0.386124163866043 0.432039827108383 0.409107238054276 0.380682229995728 0.384231686592102
0.695786893367767 0.722337186336517 0.718801617622375 0.732064843177795 0.729408085346222 0.722259104251862 0.752642035484314 0.756572782993317 0.766764342784882 0.799089848995209 0.810777425765991 0.791713058948517 0.692266762256622 0.764133214950562 0.636164367198944 0.672448337078094 0.639148712158203 0.614923536777496 0.627617657184601 0.62183403968811 0.628882348537445 0.593034327030182 0.531476020812988 0.47756415605545 0.444982796907425 0.459527730941772 0.460333496332169 0.426132440567017 0.39107608795166 0.386597514152527 0.334555566310883 0.384864002466202 0.427229940891266 0.360873490571976 0.442603707313538 0.452761620283127 0.497173100709915 0.516702890396118 0.491686373949051 0.465649753808975 0.509830057621002 0.481226146221161 0.493572473526001 0.50730836391449 0.481327921152115 0.418844699859619 0.436698347330093
0.705517768859863 0.729880511760712 0.744989633560181 0.738828718662262 0.722280859947205 0.698180019855499 0.715230345726013 0.719246804714203 0.786310732364655 0.782922387123108 0.798178672790527 0.774423897266388 0.676082015037537 0.733643651008606 0.635589063167572 0.674858093261719 0.618478655815125 0.585626780986786 0.579398334026337 0.580524981021881 0.564645349979401 0.589487433433533 0.497519344091415 0.422274649143219 0.427736520767212 0.433259516954422 0.421705693006516 0.437582105398178 0.42503833770752 0.443299233913422 0.429212361574173 0.436082065105438 0.451485008001328 0.442345023155212 0.461511075496674 0.457563877105713 0.462945073843002 0.471506148576736 0.491052508354187 0.505236446857452 0.494168013334274 0.550256133079529 0.473924309015274 0.497202813625336 0.477478086948395 0.478894919157028 0.447530329227448
0.492442905902863 0.752561807632446 0.716369092464447 0.764607727527618 0.668627798557281 0.67937821149826 0.670145630836487 0.686159193515778 0.686305284500122 0.707035005092621 0.738440990447998 0.585406184196472 0.546855986118317 0.499073565006256 0.596076726913452 0.665969371795654 0.649971783161163 0.559941053390503 0.487188309431076 0.501383125782013 0.508436799049377 0.47826823592186 0.428925275802612 0.402690291404724 0.434869825839996 0.382211416959763 0.327448040246964 0.370498687028885 0.370155066251755 0.371450006961823 0.382614433765411 0.330642342567444 0.373166292905807 0.385053992271423 0.41684564948082 0.427193105220795 0.426930040121078 0.442346751689911 0.521528601646423 0.524204015731812 0.507381498813629 0.513252973556519 0.567798852920532 0.429455369710922 0.436060398817062 0.436669319868088 0.478005290031433
0.43964359164238 0.673875510692596 0.754130363464355 0.732873141765594 0.627369463443756 0.597115874290466 0.61399233341217 0.604642510414124 0.555550992488861 0.486941277980804 0.43448868393898 0.411443173885345 0.382598459720612 0.433048963546753 0.545713067054749 0.60660046339035 0.63658881187439 0.653533935546875 0.554078221321106 0.459215462207794 0.438576191663742 0.419267624616623 0.399646818637848 0.341447561979294 0.358622044324875 0.317978084087372 0.302045702934265 0.369955658912659 0.336593598127365 0.263380825519562 0.305653750896454 0.326591640710831 0.353502124547958 0.344479739665985 0.422789663076401 0.435554474592209 0.43918639421463 0.454861909151077 0.473874449729919 0.489885866641998 0.515921711921692 0.48033595085144 0.492540687322617 0.428345531225204 0.425655364990234 0.483124613761902 0.484052121639252
0.739230751991272 0.73105800151825 0.712581753730774 0.628437936306 0.615839660167694 0.578764736652374 0.591547966003418 0.571813702583313 0.629825949668884 0.56696480512619 0.403045326471329 0.31884753704071 0.164980754256248 0.234809651970863 0.297277510166168 0.324866503477097 0.403791934251785 0.561102151870728 0.582183122634888 0.515840649604797 0.517005741596222 0.522781074047089 0.423492193222046 0.347143709659576 0.32143771648407 0.305157423019409 0.268666535615921 0.30369758605957 0.269783586263657 0.203414738178253 0.265884578227997 0.308901399374008 0.32038426399231 0.394981384277344 0.426357090473175 0.481200069189072 0.563558757305145 0.534340381622314 0.543165385723114 0.539131879806519 0.514934301376343 0.482715398073196 0.484697073698044 0.456046491861343 0.431441128253937 0.433656603097916 0.40246707201004
0.71745365858078 0.744289875030518 0.650635838508606 0.615876853466034 0.595794796943665 0.587071299552917 0.537734270095825 0.586642682552338 0.464072048664093 0.616041243076324 0.43899592757225 0.379104912281036 0.259492337703705 0.186306700110435 0.171051099896431 0.215033948421478 0.290126472711563 0.342405259609222 0.500389277935028 0.489622354507446 0.45451694726944 0.406363487243652 0.455796033143997 0.407754600048065 0.378530263900757 0.30592092871666 0.259395807981491 0.205215126276016 0.196064800024033 0.246889159083366 0.283738493919373 0.349744856357574 0.370267868041992 0.472893834114075 0.520849049091339 0.602682173252106 0.618658423423767 0.578599393367767 0.573854804039001 0.588392913341522 0.585719227790833 0.58800995349884 0.555749475955963 0.539975941181183 0.449486345052719 0.479814380407333 0.444170504808426
0.661005139350891 0.673756957054138 0.517746090888977 0.380278259515762 0.374179571866989 0.351755052804947 0.508578777313232 0.349885851144791 0.393259942531586 0.393245726823807 0.442782938480377 0.439791560173035 0.391230225563049 0.288218438625336 0.210710272192955 0.15331706404686 0.189586073160172 0.307375937700272 0.370969921350479 0.444013386964798 0.391580849885941 0.431692391633987 0.391827046871185 0.368386059999466 0.381643742322922 0.377652734518051 0.191834449768066 0.249811053276062 0.295808553695679 0.343153983354568 0.401021420955658 0.508004426956177 0.550773322582245 0.618527710437775 0.63902086019516 0.668115437030792 0.676427602767944 0.672298491001129 0.654667615890503 0.65125697851181 0.655577957630157 0.643099904060364 0.605566740036011 0.533183574676514 0.551141321659088 0.456700772047043 0.469431161880493
0.57838761806488 0.423763990402222 0.387147128582001 0.460477501153946 0.454147845506668 0.454443275928497 0.333098143339157 0.322932690382004 0.332918047904968 0.351769030094147 0.439058542251587 0.404305994510651 0.325587570667267 0.287532418966293 0.210397332906723 0.206394925713539 0.166923046112061 0.224453821778297 0.395534962415695 0.391255885362625 0.404919475317001 0.387730300426483 0.371032565832138 0.320694923400879 0.345350682735443 0.324575036764145 0.322843909263611 0.365280866622925 0.413773089647293 0.46520146727562 0.602652132511139 0.644311487674713 0.676095962524414 0.710031032562256 0.731788516044617 0.715484619140625 0.686711668968201 0.702942073345184 0.692084133625031 0.720552802085876 0.741462826728821 0.877199470996857 0.873620092868805 0.849122047424316 0.843532025814056 0.793105661869049 0.42648059129715
