data/climate_estimation/maxent_output/Fritillaria_lusitanica.asc
NCOLS 143 
NROWS 85 
XLLCORNER -9.66666666666667 
YLLCORNER 36 
CELLSIZE 0.0833333333333333 
NODATA_value -3.4e+38 
[rows 21 to 41 of 85, columns 0 to 46 of 143]
-3.4e+38 -3.4e+38 -3.4e+38 -3.4e+38 -3.4e+38 -3.4e+38 -3.4e+38 -3.4e+38 -3.4e+38 -3.4e+38 -3.4e+38 0.242842361330986 0.332173943519592 0.346603125333786 0.299486398696899 0.271048903465271 0.300896823406219 0.327248215675354 0.317532956600189 0.355418264865875 0.221323177218437 0.154187977313995 0.251815140247345 0.254612177610397 0.241473063826561 0.31387859582901 0.314155220985413 0.441752761602402 0.36556488275528 0.435119450092316 0.580033719539642 0.615669250488281 0.633927583694458 0.647487819194794 0.71557879447937 0.700749635696411 0.72582471370697 0.808158934116364 0.787933945655823 0.822117149829865 0.771888256072998 0.817878067493439 0.814144492149353 0.785420596599579 0.738864600658417 0.748242616653442 0.560127437114716
-339999999999999996123846586046231871488.000000000000000 -3.4e+38 -3.4e+38 -3.4e+38 -3.4e+38 -3.4e+38 -3.4e+38 -3.4e+38 -3.4e+38 -3.4e+38 -3.4e+38 0.274122506380081 0.332185715436935 0.346025913953781 0.320102900266647 0.312006920576096 0.348681807518005 0.338501781225204 0.375225931406021 0.225961208343506 0.207133173942566 0.207373023033142 0.403979420661926 0.307578414678574 0.316768139600754 0.436885297298431 0.479689031839371 0.42158967256546 0.352579921483994 0.41834032535553 0.619183719158173 0.586636602878571 0.656001448631287 0.673193573951721 0.696244478225708 0.762261390686035 0.756382822990417 0.775987803936005 0.817521452903748 0.803398489952087 0.844603061676025 0.862472414970398 0.846971035003662 0.762886822223663 0.754595875740051 0.6912682056427 0.625210106372833
-3.4e+38 -3.4e+38 -3.4e+38 -3.4e+38 -3.4e+38 -3.4e+38 -3.4e+38 -3.4e+38 -3.4e+38 -3.4e+38 -3.4e+38 0.284443438053131 0.330381482839584 0.317020803689957 0.403861463069916 0.304950088262558 0.35116720199585 0.393658667802811 0.354507327079773 0.291370093822479 0.306500613689423 0.315625995397568 0.412132948637009 0.387740463018417 0.390213191509247 0.383878082036972 0.388683289289474 0.493644624948502 0.522575736045837 0.522315859794617 0.607942044734955 0.577050089836121 0.62133777141571 0.718560934066772 0.746290743350983 0.712950050830841 0.771440863609314 0.794719338417053 0.847301363945007 0.862524449825287 0.805894613265991 0.827625453472137 0.861933946609497 0.804642558097839 0.720301747322083 0.67109602689743 0.53910231590271
-3.4e+38 -3.4e+38 -3.4e+38 -3.4e+38 -3.4e+38 -3.4e+38 -3.4e+38 -3.4e+38 -3.4e+38 -3.4e+38 -3.4e+38 -3.4e+38 0.332876771688461 0.310132473707199 0.371132135391235 0.385347545146942 0.342361927032471 0.343608975410461 0.20951634645462 0.252428472042084 0.15277262032032 0.170670300722122 0.242228373885155 0.232030361890793 0.270664393901825 0.305924624204636 0.31338369846344 0.364938199520111 0.438735723495483 0.557768046855927 0.623050332069397 0.666048526763916 0.661323189735413 0.697347402572632 0.725490093231201 0.716004490852356 0.76414430141449 0.791184663772583 0.848038673400879 0.859573006629944 0.86897873878479 0.808582842350006 0.859633803367615 0.805298089981079 0.765156388282776 0.748429477214813 0.59811133146286
-3.4e+38 -3.4e+38 -3.4e+38 -3.4e+38 -3.4e+38 -3.4e+38 -3.4e+38 -3.4e+38 -3.4e+38 -3.4e+38 -3.4e+38 -3.4e+38 0.303106397390366 0.357468038797379 0.316865414381027 0.316278696060181 0.353530645370483 0.313560992479324 0.247579321265221 0.185973465442657 0.10785935074091 0.172464922070503 0.212838336825371 0.212336465716362 0.239977777004242 0.325240463018417 0.318450093269348 0.336360067129135 0.401508152484894 0.510104537010193 0.61039000749588 0.586989879608154 0.707486212253571 0.714223682880402 0.691798686981201 0.735416293144226 0.760934770107269 0.784318208694458 0.811713337898254 0.846554517745972 0.838062882423401 0.855219483375549 0.87148904800415 0.806658208370209 0.783193469047546 0.725803196430206 0.639090895652771
-3.4e+38 -3.4e+38 -3.4e+38 -3.4e+38 -3.4e+38 -3.4e+38 -3.4e+38 -3.4e+38 -3.4e+38 -3.4e+38 -3.4e+38 0.222011238336563 0.301249474287033 0.358404517173767 0.370721966028214 0.32062041759491 0.194764122366905 0.203409880399704 0.22334897518158 0.279619514942169 0.303779244422913 0.256203025579453 0.280632227659225 0.212917357683182 0.257292360067368 0.321371793746948 0.300942301750183 0.342804610729218 0.486912101507187 0.514884948730469 0.634820222854614 0.609004974365234 0.621434271335602 0.677511870861053 0.735521078109741 0.704741358757019 0.771849691867828 0.795063734054565 0.782645046710968 0.837099730968475 0.82232928276062 0.851527094841003 0.855816245079041 0.81581711769104 0.794394969940186 0.698876917362213 0.712176561355591
-3.4e+38 -3.4e+38 -3.4e+38 -3.4e+38 -3.4e+38 -3.4e+38 -3.4e+38 -3.4e+38 -3.4e+38 -3.4e+38 -3.4e+38 0.219664573669434 0.341121047735214 0.396691411733627 0.405667394399643 0.237433224916458 0.281899869441986 0.289089918136597 0.294642150402069 0.379791021347046 0.350015848875046 0.300054967403412 0.280432283878326 0.312613755464554 0.348997920751572 0.389251440763474 0.354746371507645 0.410106122493744 0.445033609867096 0.53325080871582 0.575174868106842 0.650811612606049 0.61644059419632 0.663747489452362 0.759511590003967 0.80904632806778 0.7309690117836 0.76978075504303 0.818743884563446 0.867300391197205 0.839640617370605 0.806606829166412 0.830965161323547 0.843159019947052 0.766499042510986 0.803495228290558 0.777666211128235
-3.4e+38 -3.4e+38 -3.4e+38 -3.4e+38 -3.4e+38 -3.4e+38 -3.4e+38 -3.4e+38 -3.4e+38 -3.4e+38 -3.4e+38 0.165764361619949 0.299034148454666 0.463570952415466 0.521943151950836 0.417671620845795 0.32568421959877 0.367563247680664 0.343200325965881 0.383342921733856 0.293029725551605 0.358369588851929 0.420061767101288 0.417271167039871 0.390162795782089 0.406691253185272 0.406696289777756 0.520439326763153 0.544668316841125 0.551798701286316 0.60547810792923 0.59544837474823 0.620336413383484 0.672462403774261 0.768151581287384 0.785783171653748 0.832354485988617 0.764572978019714 0.784995853900909 0.870175540447235 0.8471999168396 0.854169070720673 0.858484447002411 0.823861718177795 0.823659002780914 0.778460204601288 0.786384701728821
-3.4e+38 -3.4e+38 -3.4e+38 -3.4e+38 -3.4e+38 -3.4e+38 -3.4e+38 -3.4e+38 -3.4e+38 -3.4e+38 0.15573762357235 0.205751836299896 0.307310730218887 0.546803712844849 0.557000398635864 0.482836991548538 0.369989693164825 0.258306711912155 0.265341103076935 0.378462970256805 0.440904676914215 0.433475285768509 0.403806149959564 0.417911976575851 0.393467158079147 0.465905755758286 0.485357254743576 0.499708741903305 0.513078927993774 0.505523800849915 0.606037139892578 0.624891459941864 0.650593638420105 0.67550140619278 0.697555005550385 0.781940519809723 0.791756391525269 0.807788074016571 0.839922368526459 0.811522543430328 0.868745982646942 0.863144278526306 0.848908662796021 0.869575023651123 0.846861660480499 0.812198281288147 0.760920524597168
-3.4e+38 -3.4e+38 -3.4e+38 -3.4e+38 -3.4e+38 -3.4e+38 -3.4e+38 -3.4e+38 -3.4e+38 -3.4e+38 0.222414135932922 0.256140291690826 0.436200499534607 0.54173755645752 0.53261798620224 0.500828921794891 0.368137419223785 0.263564467430115 0.390327721834183 0.42497530579567 0.414135605096817 0.423671543598175 0.471405535936356 0.469610333442688 0.473780155181885 0.503040552139282 0.407720476388931 0.433257967233658 0.524075329303741 0.516548752784729 0.621289014816284 0.639876902103424 0.646476686000824 0.697350740432739 0.75033575296402 0.742349028587341 0.793602287769318 0.810829162597656 0.832998871803284 0.802072405815125 0.811281263828278 0.770355463027954 0.788449943065643 0.870114326477051 0.841616988182068 0.816050827503204 0.784808099269867
-3.4e+38 -3.4e+38 -3.4e+38 -3.4e+38 -3.4e+38 -3.4e+38 -3.4e+38 -3.4e+38 -3.4e+38 -3.4e+38 0.257443994283676 0.36008694767952 0.527056038379669 0.543533802032471 0.538042008876801 0.487320512533188 0.407872527837753 0.383075296878815 0.447741568088531 0.478949725627899 0.482558608055115 0.451213032007217 0.465145081281662 0.477962374687195 0.390236973762512 0.181576862931252 0.309429407119751 0.414891183376312 0.57556414604187 0.517861485481262 0.614764928817749 0.620758950710297 0.653526365756989 0.661133587360382 0.735449075698853 0.779619574546814 0.743938982486725 0.835996747016907 0.823732316493988 0.788415372371674 0.848862409591675 0.770614683628082 0.869205832481384 0.818085968494415 0.748353779315948 0.787607192993164 0.793297111988068
-3.4e+38 -3.4e+38 -3.4e+38 -3.4e+38 -3.4e+38 -3.4e+38 -3.4e+38 -3.4e+38 -3.4e+38 0.329998731613159 0.401169449090958 0.510497510433197 0.56429260969162 0.544958174228668 0.506175398826599 0.391086757183075 0.446718156337738 0.499260753393173 0.462667435407639 0.466264843940735 0.481317073106766 0.465055644512177 0.477461248636246 0.323121130466461 0.0465389229357243 0.149237379431725 0.443417876958847 0.596176862716675 0.587495088577271 0.557253420352936 0.610773026943207 0.631757616996765 0.640295624732971 0.701104819774628 0.685664474964142 0.700222671031952 0.713823139667511 0.738505780696869 0.725377857685089 0.789291679859161 0.801362812519073 0.841825127601624 0.83375746011734 0.786164402961731 0.804247200489044 0.766344666481018 0.78240692615509
-3.4e+38 -3.4e+38 -3.4e+38 -3.4e+38 -3.4e+38 -3.4e+38 -3.4e+38 -3.4e+38 -3.4e+38 0.387093096971512 0.469559669494629 0.58704537153244 0.612623155117035 0.568944215774536 0.521283626556396 0.438968032598495 0.423289626836777 0.480952143669128 0.454711943864822 0.46509525179863 0.474992662668228 0.40080252289772 0.397188812494278 0.372981995344162 0.136620223522186 0.256130337715149 0.581293761730194 0.644147515296936 0.581253230571747 0.629268884658813 0.671100497245789 0.654849290847778 0.66238397359848 0.625547111034393 0.704611420631409 0.704936146736145 0.743106722831726 0.797957181930542 0.800223410129547 0.850944697856903 0.880770266056061 0.817838728427887 0.824870705604553 0.817059099674225 0.758923470973969 0.770429849624634 0.748256683349609
-3.4e+38 -3.4e+38 -3.4e+38 -3.4e+38 -3.4e+38 -3.4e+38 -3.4e+38 -3.4e+38 -3.4e+38 0.395372241735458 0.483095794916153 0.626096725463867 0.67335569858551 0.62951797246933 0.503565728664398 0.411694586277008 0.483525365591049 0.484687358140945 0.456769675016403 0.448500454425812 0.357023984193802 0.316186279058456 0.331987947225571 0.402072638273239 0.452130824327469 0.56024432182312 0.550016224384308 0.595066547393799 0.674676239490509 0.6854327917099 0.651982486248016 0.667511880397797 0.740781724452972 0.747948467731476 0.662754118442535 0.783558487892151 0.846656322479248 0.850682973861694 0.87826281785965 0.83919757604599 0.851720452308655 0.816546380519867 0.746437728404999 0.744307160377502 0.792120933532715 0.792519152164459 0.776089131832123
-3.4e+38 -3.4e+38 -3.4e+38 -3.4e+38 -3.4e+38 -3.4e+38 -3.4e+38 -3.4e+38 -3.4e+38 0.566241264343262 0.679525971412659 0.636922419071198 0.626864850521088 0.579916000366211 0.501586019992828 0.479390740394592 0.470889031887054 0.38536211848259 0.351030290126801 0.373584479093552 0.339835822582245 0.369917511940002 0.420682162046432 0.474444597959518 0.489982426166534 0.463628172874451 0.576903641223907 0.643155932426453 0.729945063591003 0.733525633811951 0.770599722862244 0.755702793598175 0.787192404270172 0.756460726261139 0.820081174373627 0.863362431526184 0.89862322807312 0.854493200778961 0.850724458694458 0.863454341888428 0.814954042434692 0.788736402988434 0.758062541484833 0.801168143749237 0.81447046995163 0.773710250854492 0.810413122177124
-3.4e+38 -3.4e+38 -3.4e+38 -3.4e+38 -3.4e+38 -3.4e+38 -3.4e+38 -3.4e+38 -3.4e+38 0.604845225811005 0.667589426040649 0.703178942203522 0.707557559013367 0.511469781398773 0.491495341062546 0.470803529024124 0.365055441856384 0.332315653562546 0.37005227804184 0.376345992088318 0.411625176668167 0.475390523672104 0.543812870979309 0.479838401079178 0.565709710121155 0.504805564880371 0.615750789642334 0.715518116950989 0.715189576148987 0.739991545677185 0.750861883163452 0.763863205909729 0.777081966400146 0.838300824165344 0.82297557592392 0.889154255390167 0.888515830039978 0.876161932945251 0.850457727909088 0.835943698883057 0.764614880084991 0.767313182353973 0.774874925613403 0.771869242191315 0.778832018375397 0.727175116539001 0.719560086727142
-3.4e+38 -3.4e+38 -3.4e+38 -3.4e+38 -3.4e+38 -3.4e+38 -3.4e+38 -3.4e+38 0.59445583820343 0.572562098503113 0.685885906219482 0.71184104681015 0.677536129951477 0.529533922672272 0.465519964694977 0.455813437700272 0.416490346193314 0.397277146577835 0.448214262723923 0.467401176691055 0.415370374917984 0.466571986675262 0.467714369297028 0.523101031780243 0.614127576351166 0.620807766914368 0.71476811170578 0.695921182632446 0.721818923950195 0.798901259899139 0.801299691200256 0.826037645339966 0.836390852928162 0.821094930171967 0.826917409896851 0.889336943626404 0.864292502403259 0.848479807376862 0.84732186794281 0.787837386131287 0.769473969936371 0.803827226161957 0.832899987697601 0.755056321620941 0.701958298683167 0.590671062469482 0.408241838216782
-3.4e+38 -3.4e+38 -3.4e+38 -3.4e+38 -3.4e+38 -3.4e+38 -3.4e+38 -3.4e+38 0.546696722507477 0.631255924701691 0.719666838645935 0.682034492492676 0.646199226379395 0.578693389892578 0.550130009651184 0.549580156803131 0.538846552371979 0.522912323474884 0.544004380702972 0.455514371395111 0.393105655908585 0.41989678144455 0.509845316410065 0.585414111614227 0.656989634037018 0.657298505306244 0.696729123592377 0.679556429386139 0.736791372299194 0.767536520957947 0.797920525074005 0.807968497276306 0.795889556407928 0.881773173809052 0.869801759719849 0.887188017368317 0.875779151916504 0.85075968503952 0.851588785648346 0.820592403411865 0.830196142196655 0.844308614730835 0.773615658283234 0.721148133277893 0.724447250366211 0.547228395938873 0.506864368915558
-3.4e+38 -3.4e+38 -3.4e+38 -3.4e+38 -3.4e+38 -3.4e+38 -3.4e+38 0.547423720359802 0.643059551715851 0.733220815658569 0.714272499084473 0.684673368930817 0.667352676391602 0.636910319328308 0.605471968650818 0.511126101016998 0.620854079723358 0.605009973049164 0.602471709251404 0.528232395648956 0.473459541797638 0.445423156023026 0.585918545722961 0.657931804656982 0.689406454563141 0.659770131111145 0.758011996746063 0.732507109642029 0.732188820838928 0.8162881731987 0.773781180381775 0.83961296081543 0.855716168880463 0.870990574359894 0.861194133758545 0.844108700752258 0.858818590641022 0.845176756381989 0.827709972858429 0.844739496707916 0.784890174865723 0.81471198797226 0.778862416744232 0.737375736236572 0.75222510099411 0.68951952457428 0.570447564125061
-3.4e+38 -3.4e+38 -3.4e+38 -3.4e+38 -3.4e+38 -3.4e+38 -3.4e+38 0.482972323894501 0.617336332798004 0.738864421844482 0.814525306224823 0.742143273353577 0.715570330619812 0.71917062997818 0.65012001991272 0.677782833576202 0.594774901866913 0.566135406494141 0.57153332233429 0.563582241535187 0.569913804531097 0.581882834434509 0.648600459098816 0.651845872402191 0.631109654903412 0.710811138153076 0.712338089942932 0.746507585048676 0.740683317184448 0.759804010391235 0.766325116157532 0.856671988964081 0.839444696903229 0.86128705739975 0.863918900489807 0.879121482372284 0.847867369651794 0.889428317546844 0.832952618598938 0.842951834201813 0.808349430561066 0.743356943130493 0.733155131340027 0.771969854831696 0.676809906959534 0.707085251808167 0.744157254695892
-3.4e+38 -3.4e+38 -3.4e+38 -3.4e+38 -3.4e+38 -3.4e+38 -3.4e+38 0.556706726551056 0.69179093837738 0.749826669692993 0.770519912242889 0.679984331130981 0.720430672168732 0.688450217247009 0.691523373126984 0.719991445541382 0.666251540184021 0.65830785036087 0.656583964824677 0.566588819026947 0.561602592468262 0.623921751976013 0.68970775604248 0.682502210140228 0.708507239818573 0.746056020259857 0.714604675769806 0.734889507293701 0.728387951850891 0.765178799629211 0.83047753572464 0.819432139396667 0.868665516376495 0.836398363113403 0.861736476421356 0.860504269599915 0.865078568458557 0.808165311813354 0.859519898891449 0.815993249416351 0.811847031116486 0.761658370494843 0.798318088054657 0.734535574913025 0.764737665653229 0.689898610115051 0.69399231672287
