data/climate_estimation/maxent_output/Fritillaria_affinis.asc
NCOLS 154 
NROWS 251 
XLLCORNER -125.583333333333 
YLLCORNER 33.6666666666667 
CELLSIZE 0.0833333333333333 
NODATA_value -3.4e+38 
[rows 180 to 199 of 251, columns 90 to 134 of 154]
0.00636357115581632 0.0457730628550053 0.0618468783795834 0.0212650820612907 0.0191617235541344 0.0499722026288509 0.0810038894414902 0.079332135617733 0.112250924110413 0.0698549747467041 0.0432745367288589 0.0407655499875546 0.16427318751812 0.146067947149277 0.114709906280041 0.240359872579575 0.150772035121918 0.111793674528599 0.0950179472565651 0.0647731944918633 0.0608189590275288 0.0587804578244686 0.0514871701598167 0.0978414937853813 0.0411115102469921 0.0502340421080589 0.0575209371745586 0.0486019253730774 0.0200557168573141 0.0147227216511965 0.0201396010816097 0.0141888223588467 0.0194663442671299 0.0162884518504143 0.0139784514904022 0.010704361833632 0.00631936080753803 0.0123692415654659 0.0080089308321476 0.0123326638713479 0.00712172314524651 0.00893745664507151 0.00873411446809769 0.00465366989374161 0.00572901358827949
0.0159388445317745 0.0304524134844542 0.0225409734994173 0.0352644249796867 0.0433475151658058 0.0562503598630428 0.0747869238257408 0.0750033110380173 0.12358757853508 0.0461789481341839 0.0400695092976093 0.0641663521528244 0.244478270411491 0.167769491672516 0.0700221657752991 0.161828249692917 0.123278133571148 0.107233360409737 0.0891116932034492 0.116474315524101 0.0529787205159664 0.0637059286236763 0.0445809066295624 0.0638882964849472 0.0339682102203369 0.0317319892346859 0.0403423868119717 0.0256411619484425 0.0187375415116549 0.00846850778907537 0.0143258981406689 0.0174785740673542 0.0121199982240796 0.0100190257653594 0.0101663256064057 0.0125713897868991 0.00782857835292816 0.0101690068840981 0.00721370801329613 0.0168887563049793 0.00697020348161459 0.0152293648570776 0.00601705582812428 0.00359718292020261 0.00705012260004878
0.0136669725179672 0.0113414032384753 0.0215910561382771 0.0313203521072865 0.0353113748133183 0.0467804335057735 0.0261777974665165 0.0566128753125668 0.0830150991678238 0.0497396513819695 0.0532906018197536 0.103625796735287 0.13665084540844 0.0693158954381943 0.0455797724425793 0.0522464662790298 0.105042293667793 0.0959503427147865 0.0456310100853443 0.0509970933198929 0.0521207712590694 0.0440962202847004 0.0338762141764164 0.0393286608159542 0.0282266810536385 0.0391597412526608 0.017502199858427 0.016368456184864 0.0172695107758045 0.0117054730653763 0.0114641226828098 0.0104911578819156 0.0081857955083251 0.00302822748199105 0.00243812310509384 0.00951702706515789 0.0046060592867434 0.00431164959445596 0.00591238075867295 0.00852256547659636 0.00422031292691827 0.0320350155234337 0.00396019918844104 0.00382052385248244 0.00322298193350434
0.0100216809660196 0.0130929676815867 0.0212225914001465 0.0112295895814896 0.0209240429103374 0.0211126003414392 0.0218476224690676 0.0523837618529797 0.0679447129368782 0.0432549268007278 0.0412117019295692 0.0893201306462288 0.0722375810146332 0.0341121107339859 0.0252580232918262 0.070926658809185 0.0688886940479279 0.049921628087759 0.0401569530367851 0.0360992588102818 0.0131666492670774 0.010126443579793 0.00987667962908745 0.0107994796708226 0.00683050090447068 0.0076589360833168 0.00575292529538274 0.00551203172653913 0.010295981541276 0.00322583341039717 0.00980417896062136 0.00833437126129866 0.00703071476891637 0.00247379532083869 0.00267506786622107 0.00313695031218231 0.00301966909319162 0.00322155631147325 0.00496061099693179 0.00451984396204352 0.0097843874245882 0.0312954485416412 0.00824415124952793 0.00416970485821366 0.0057528312318027
0.0143365385010839 0.00451841205358505 0.0214877296239138 0.0120587768033147 0.0102442493662238 0.0146098779514432 0.0159523580223322 0.0189038012176752 0.0225268770009279 0.0312274824827909 0.0554453507065773 0.0422113798558712 0.0161241218447685 0.0180283039808273 0.0211675576865673 0.0301833152770996 0.0250745490193367 0.012482475489378 0.0242484509944916 0.016804551705718 0.0103128803893924 0.00776194408535957 0.0108821913599968 0.00863742735236883 0.00659103319048882 0.00376367126591504 0.00415530754253268 0.00405346788465977 0.00306913442909718 0.00371838104911149 0.00858754850924015 0.00929219275712967 0.00618751114234328 0.00206887884996831 0.00212124059908092 0.00272907176986337 0.00204902212135494 0.002365653635934 0.00299455923959613 0.00363222998566926 0.00362695939838886 0.0151920337229967 0.00572035694494843 0.0048431302420795 0.00772319221869111
0.00539403269067407 0.00369186978787184 0.00335140409879386 0.00492248730733991 0.00389159237965941 0.0035070008598268 0.0160586982965469 0.0185702722519636 0.0110273631289601 0.0237111579626799 0.0436297729611397 0.00783816073089838 0.00635465234518051 0.00533667346462607 0.0184390917420387 0.0315096825361252 0.0129087055101991 0.00860319752246141 0.0103029832243919 0.0168456379324198 0.00965138804167509 0.0140823107212782 0.0113064143806696 0.00654592318460345 0.00431167706847191 0.00444571441039443 0.00264642271213233 0.00244472548365593 0.00167459901422262 0.0014782571233809 0.00230831885710359 0.0038376844022423 0.00478958198800683 0.00367483822628856 0.00183694588486105 0.00181703758426011 0.00143584713805467 0.00928229652345181 0.0025822811294347 0.00380096677690744 0.00259215524420142 0.00348962214775383 0.00503537664189935 0.00640138983726501 0.006205671466887
0.00553117878735065 0.00478718709200621 0.00475922739133239 0.00449590617790818 0.00325650093145669 0.00872830115258694 0.00817068107426167 0.00376103329472244 0.00557854259386659 0.0141542041674256 0.00525710778310895 0.0017409932333976 0.00197379756718874 0.00419634720310569 0.00979938264936209 0.0318961888551712 0.00700758816674352 0.00464625051245093 0.00784954335540533 0.0133220804855227 0.00901604630053043 0.00668008392676711 0.00804676581174135 0.00784540735185146 0.00344522087834775 0.00431922636926174 0.0033829933963716 0.00208568084053695 0.00107975129503757 0.0010723932646215 0.00128676486201584 0.00395188946276903 0.00293250172398984 0.00198294967412949 0.00122246879618615 0.00154891714919358 0.00122062361333519 0.00175431277602911 0.00546438246965408 0.00298858294263482 0.00281502329744399 0.00367169757373631 0.00529517792165279 0.00480012688785791 0.00541110383346677
0.00297367083840072 0.00223503564484417 0.00328242848627269 0.00255393655970693 0.00312384148128331 0.00301700923591852 0.0031268666498363 0.0044742557220161 0.00906471069902182 0.0210280269384384 0.00277872220613062 0.00150720868259668 0.00140489905606955 0.00380660244263709 0.00718024512752891 0.00888404622673988 0.0042601153254509 0.0057429694570601 0.00776854157447815 0.00907509494572878 0.0070057325065136 0.0100329676643014 0.00718170823529363 0.00655616400763392 0.00343215255998075 0.00313371233642101 0.00178817170672119 0.00137167843058705 0.000537197687663138 0.000734885223209858 0.000659056357108057 0.00559729896485806 0.00457207299768925 0.00111714168451726 0.000767770921811461 0.000793244515080005 0.00127289164811373 0.00109090737532824 0.00804128684103489 0.00179894245229661 0.00437784614041448 0.00428510224446654 0.00411413889378309 0.00418750802055001 0.00697483029216528
0.00243010581471026 0.00211904221214354 0.00230078282766044 0.00274691800586879 0.00343386922031641 0.0026007373817265 0.00453414162620902 0.00429423106834292 0.0610959716141224 0.0127586862072349 0.00109447818249464 0.000737175287213176 0.00182995712384582 0.0028114088345319 0.00446533318608999 0.00483507197350264 0.00391280371695757 0.00706184888258576 0.0115277506411076 0.00600854959338903 0.00368576333858073 0.00730031495913863 0.00636030780151486 0.00431872438639402 0.00224365689791739 0.00151920667849481 0.00165902113076299 0.00132691208273172 0.000623003230430186 0.000387726264307275 0.000683000951539725 0.00845221895724535 0.00482701696455479 0.000923927000258118 0.000770100683439523 0.000736349611543119 0.00103198806755245 0.00126279285177588 0.00692606437951326 0.00257010455243289 0.00977677945047617 0.00469999108463526 0.00257934536784887 0.0040382300503552 0.00462552206590772
0.00261167413555086 0.00430594291538 0.00353594333864748 0.00217887246981263 0.00378269935026765 0.0027708972338587 0.00241819419898093 0.0028819995932281 0.00934355054050684 0.0487788356840611 0.00121298304293305 0.00111268565524369 0.00212130672298372 0.0673319399356842 0.0151876322925091 0.00350731587968767 0.00261772726662457 0.0240855347365141 0.00854950677603483 0.00309125683270395 0.00244641932658851 0.00521083595231175 0.00297310412861407 0.00326503813266754 0.00255632982589304 0.00130913150496781 0.00102975650224835 0.00114717229735106 0.000506596290506423 0.000316149322316051 0.000262587942415848 0.000488554942421615 0.000898978789336979 0.000906438974197954 0.000528179050888866 0.000735203735530376 0.000853606383316219 0.00236832001246512 0.00338695221580565 0.00329989288002253 0.00471314182505012 0.00324056809768081 0.00302355084568262 0.00416123727336526 0.00306486408226192
0.00195464794524014 0.00484462548047304 0.00242090737447143 0.00261155283078551 0.0033690354321152 0.00241010170429945 0.00288323406130075 0.00316571886651218 0.00318176881410182 0.00291820196434855 0.00144073867704719 0.00136794941499829 0.00231249863281846 0.0146469352766871 0.00605686148628592 0.00308260368183255 0.00276577356271446 0.0217239670455456 0.00543568842113018 0.00185784650966525 0.00379248312674463 0.00480532133951783 0.00193078012671322 0.00252081756480038 0.00104017613921314 0.000806502299383283 0.00171114946715534 0.00120218365918845 0.000369754008715972 0.000128027502796613 0.000180224829819053 0.000280260544968769 0.000648115470539778 0.000785545620601624 0.000603811291512102 0.000398373638745397 0.00109377258922905 0.00665896758437157 0.00213806377723813 0.00903075747191906 0.00975505542010069 0.00234476965852082 0.00284944870509207 0.00351024605333805 0.00311670918017626
0.00161613617092371 0.00393294310197234 0.00193874689284712 0.0045354263857007 0.00193557469174266 0.00263521913439035 0.00320616038516164 0.00195863377302885 0.00180719560012221 0.00304468511603773 0.00276701361872256 0.00383512978442013 0.00330952578224242 0.00474623963236809 0.00229287706315517 0.00258123804815114 0.00293833948671818 0.00478404527530074 0.00279282010160387 0.00300817051902413 0.00358562148176134 0.00707267364487052 0.000876869773492217 0.000897110148798674 0.000477921916171908 0.000845761212985963 0.0013361219316721 0.000330068258335814 0.000147109269164503 0.000157250731717795 0.000163222197443247 0.00130186602473259 0.00169904553331435 0.00188434380106628 0.000549455056898296 0.000361558952135965 0.00106537854298949 0.00655652722343802 0.00238206144422293 0.00259666610509157 0.0128664430230856 0.00221352791413665 0.00246153771877289 0.00697436975315213 0.00501315901055932
0.00219958345405757 0.00179349794052541 0.00176639459095895 0.00337020959705114 0.0039764903485775 0.00299074547365308 0.00347433355636895 0.00348884891718626 0.00364049570634961 0.0043300949037075 0.00178152695298195 0.00224700290709734 0.00444039655849338 0.00211873254738748 0.00264310860075057 0.00247258832678199 0.0037623830139637 0.00320022134110332 0.0037884721532464 0.00214597373269498 0.00215330766513944 0.000699514464940876 0.000808821176178753 0.000902889645658433 0.0005923195858486 0.000974692986346781 0.000767751946114004 0.000245354807702824 0.000161369709530845 8.3604347310029e-05 0.000215809486689977 0.00709444703534245 0.00758523587137461 0.0024325679987669 0.000704116187989712 0.000484990858240053 0.000711848319042474 0.00598579086363316 0.00737669412046671 0.00231343158520758 0.00571968127042055 0.0021525404881686 0.0031436828430742 0.0067175985313952 0.00500215124338865
0.00114009180106223 0.00167718925513327 0.00321908830665052 0.00423709023743868 0.00292991707101464 0.00326999882236123 0.00254449155181646 0.00243748840875924 0.0024227830581367 0.00421065697446465 0.00471355207264423 0.00393323227763176 0.00317966029979289 0.00407500145956874 0.00350683997385204 0.00518231466412544 0.00383542245253921 0.00262907333672047 0.00227145059034228 0.00314842420630157 0.00194773136172444 0.000583472836297005 0.000595109420828521 0.000958360324148089 0.000593771343119442 0.000734132947400212 0.000373625778593123 0.0001686597825028 0.000118191383080557 0.000180848495801911 0.000554935599211603 0.00555982580408454 0.0132752489298582 0.00169848615769297 0.000407071755034849 0.000642228464130312 0.000867187627591193 0.00591007573530078 0.00223057740367949 0.00265464372932911 0.0136526953428984 0.00286831567063928 0.00328651303425431 0.00499076303094625 0.0104413349181414
0.000514743209350854 0.00420942204073071 0.0014812865993008 0.00278470781631768 0.00604975316673517 0.00304279802367091 0.00279661384411156 0.00229629967361689 0.00187375175300986 0.00491812592372298 0.00629446562379599 0.00504859210923314 0.00466873683035374 0.00399533240124583 0.00562873249873519 0.00967774447053671 0.00407833326607943 0.00211294949986041 0.00195484096184373 0.00350399548187852 0.00259546563029289 0.000504257390275598 0.000465519173303619 0.00114571850281209 0.000628953101113439 0.000947762397117913 0.00014898729568813 0.000177807552972808 0.000258393352851272 0.000398819072870538 0.0129179209470749 0.0265013128519058 0.00527810724452138 0.00149650662206113 0.00147508922964334 0.00132570066489279 0.00119118206202984 0.00862480048090219 0.00308988196775317 0.00630081770941615 0.0107205798849463 0.00414818478748202 0.00407064519822598 0.00826361682265997 0.0329815968871117
0.000204963624128141 0.00181378528941423 0.00269728363491595 0.00341765303164721 0.0026460203807801 0.00280178594402969 0.00213402649387717 0.00113724509719759 0.00201156851835549 0.00524095678701997 0.00587694440037012 0.00964236818253994 0.00725939124822617 0.00442224415019155 0.00414236169308424 0.00357532757334411 0.00476376572623849 0.00168075715191662 0.00109104800503701 0.00368913449347019 0.00151320570148528 0.000458642956800759 0.000424399506300688 0.000896763056516647 0.00118465488776565 0.000842906709294766 0.000391503184800968 0.000384961720556021 0.000448954437160864 0.00247137062251568 0.0681383237242699 0.0300069749355316 0.00271584442816675 0.00125668046530336 0.00169866427313536 0.00223630224354565 0.00414895825088024 0.00647664070129395 0.00789448712021112 0.00921636819839478 0.00966695602983236 0.0148166455328465 0.00984555389732122 0.0236024931073189 0.0596588999032974
0.000372189708286896 0.000718667055480182 0.00192208122462034 0.00393555872142315 0.00362947559915483 0.00433297269046307 0.00123162742238492 0.000898197235073894 0.000784028088673949 0.00356871075928211 0.00970302615314722 0.0100490693002939 0.00749354343861341 0.00802741572260857 0.00674528302624822 0.00411729700863361 0.00553125189617276 0.00296187936328351 0.00213468284346163 0.00246627861633897 0.000872508040629327 0.000450439169071615 0.00046428115456365 0.00111994822509587 0.00100102450232953 0.00043622512021102 0.000698203162755817 0.000681070785503834 0.01256381906569 0.0452317148447037 0.0502209104597569 0.00483705569058657 0.00249799876473844 0.00367277744226158 0.00213630404323339 0.00296061928384006 0.00476256664842367 0.00899207964539528 0.014234327711165 0.00559755368158221 0.0240268334746361 0.0206254068762064 0.0141680957749486 0.0306828431785107 0.0618531592190266
0.000336555327521637 0.00049462536117062 0.00167431018780917 0.00324786873534322 0.00367938494309783 0.00258098705671728 0.0006826794706285 0.000805101881269366 0.00113541749306023 0.00267009320668876 0.00786640681326389 0.00347036402672529 0.0047437846660614 0.00735154422000051 0.0061697238124907 0.00616193888708949 0.00318419584073126 0.0017501242691651 0.00214520003646612 0.00240263482555747 0.00224771862849593 0.000868897070176899 0.00464581837877631 0.00160339823924005 0.00129776529502124 0.00158924411516637 0.0035741759929806 0.0421567037701607 0.134682402014732 0.0444502718746662 0.0171260256320238 0.00734272180125117 0.00425560399889946 0.00263057160191238 0.00878300797194242 0.00877197552472353 0.00642353855073452 0.0100732799619436 0.00793467834591866 0.00571961607784033 0.0115009136497974 0.0363425500690937 0.0191524084657431 0.0258334707468748 0.0593784525990486
0.000176808709511533 0.000197627829038538 0.000530235876794904 0.00159154273569584 0.00178221357055008 0.00118420366197824 0.00492389313876629 0.0078287273645401 0.0024039763957262 0.00282030110247433 0.00844650063663721 0.00206831679679453 0.00224224687553942 0.00277876108884811 0.00686046853661537 0.00362654821947217 0.0032574669457972 0.00241116620600224 0.00266412482596934 0.0144006367772818 0.00479286862537265 0.00425393274053931 0.0106166070327163 0.00468290690332651 0.00120129669085145 0.00184378947596997 0.0278229508548975 0.105808302760124 0.0925316885113716 0.0343592390418053 0.0080530196428299 0.00422244751825929 0.00673689739778638 0.00352297560311854 0.00550645682960749 0.051138523966074 0.0348922722041607 0.0086102494969964 0.0184093918651342 0.00853404402732849 0.00908848829567432 0.0661534890532494 0.0808544009923935 0.0397464632987976 0.042695414274931
0.000603158550802618 0.000299759965855628 0.00279676960781217 0.00107403262518346 0.000737391586881131 0.00189921341370791 0.00665754172950983 0.00938438251614571 0.00423087924718857 0.00172895437572151 0.00525403581559658 0.0026060554664582 0.00238733901642263 0.0023003644309938 0.00542896473780274 0.00435099890455604 0.00241548661142588 0.00518383830785751 0.0262560863047838 0.0629196614027023 0.0137108974158764 0.00791919603943825 0.0168411675840616 0.0102011114358902 0.00259831734001637 0.00510345678776503 0.0492281503975391 0.0341100096702576 0.0248598027974367 0.0512142851948738 0.0161609835922718 0.0223069898784161 0.0174713470041752 0.00718722213059664 0.0189938805997372 0.042990755289793 0.0580251589417458 0.0103986514732242 0.0138832181692123 0.0111085092648864 0.0170352552086115 0.115065403282642 0.135245069861412 0.0609031692147255 0.0372216738760471
