data/climate_estimation/maxent_output/Fritillaria_przewalskii.asc
NCOLS 80 
NROWS 78 
XLLCORNER 97.9166666666667 
YLLCORNER 30 
CELLSIZE 0.0833333333333334 
NODATA_value -3.4e+38 
[rows 0 to 19 of 78, columns 0 to 43 of 80]
0.263081103563309 0.288287580013275 0.264552652835846 0.316543459892273 0.354709327220917 0.437642246484756 0.319036334753036 0.304893553256989 0.397315889596939 0.31761446595192 0.263900607824326 0.21486596763134 0.193616434931755 0.317169696092606 0.499341160058975 0.487621426582336 0.489786624908447 0.468548864126205 0.496776193380356 0.458150416612625 0.436114609241486 0.469758629798889 0.47000378370285 0.480300217866898 0.520987510681152 0.491778343915939 0.524651765823364 0.495857894420624 0.559111416339874 0.5044766664505 0.57157838344574 0.517971813678741 0.610821187496185 0.588513910770416 0.63417661190033 0.648579239845276 0.664825856685638 0.714785635471344 0.784327447414398 0.761655271053314 0.631772935390472 0.839755892753601 0.867574453353882 0.870717465877533
0.203789204359055 0.276609033346176 0.29075288772583 0.26256862282753 0.30480620265007 0.33586785197258 0.370723843574524 0.31264528632164 0.334926724433899 0.30782750248909 0.327482938766479 0.343377679586411 0.265294015407562 0.252949655056 0.450398921966553 0.4776491522789 0.483901828527451 0.480519086122513 0.475181847810745 0.448697209358215 0.507711350917816 0.483354032039642 0.451785624027252 0.502391517162323 0.476332724094391 0.514375686645508 0.541575849056244 0.528572201728821 0.543340384960175 0.555130660533905 0.543076694011688 0.574396967887878 0.584201276302338 0.638926327228546 0.642978072166443 0.635279953479767 0.678239226341248 0.72263103723526 0.537264108657837 0.585258543491364 0.627785980701447 0.617034256458282 0.66414475440979 0.720669388771057
0.230218097567558 0.219186559319496 0.319966465234756 0.268475145101547 0.322267025709152 0.261171281337738 0.226580664515495 0.226613998413086 0.261778503656387 0.235055536031723 0.201245084404945 0.253801465034485 0.302700847387314 0.282806485891342 0.327761709690094 0.456987410783768 0.465377926826477 0.465975850820541 0.530151784420013 0.500031292438507 0.516263902187347 0.527259528636932 0.527499735355377 0.500869333744049 0.474659115076065 0.544447541236877 0.512575566768646 0.559334516525269 0.544170558452606 0.515607178211212 0.583574593067169 0.554951548576355 0.54695338010788 0.599930107593536 0.648731410503387 0.641337990760803 0.697693586349487 0.733053088188171 0.757139503955841 0.579326391220093 0.516001999378204 0.69778311252594 0.711436986923218 0.721543312072754
0.218438625335693 0.236242905259132 0.27944552898407 0.247703582048416 0.339666604995728 0.275434583425522 0.30416664481163 0.225702539086342 0.161986574530602 0.28621643781662 0.202592313289642 0.160828977823257 0.200084671378136 0.248494446277618 0.273937791585922 0.246207162737846 0.295584440231323 0.275264412164688 0.308315008878708 0.461194276809692 0.49402529001236 0.537143409252167 0.538277864456177 0.558404266834259 0.53194397687912 0.538943588733673 0.526177406311035 0.493009030818939 0.545946896076202 0.514501869678497 0.579804360866547 0.569300591945648 0.54479992389679 0.615159928798676 0.672694206237793 0.708600878715515 0.713755130767822 0.754253506660461 0.776226818561554 0.813443899154663 0.814578831195831 0.817154109477997 0.861439824104309 0.841858148574829
0.232246920466423 0.263994157314301 0.228512406349182 0.246586084365845 0.290053516626358 0.302318155765533 0.338308244943619 0.318823218345642 0.244553446769714 0.169022619724274 0.213270455598831 0.227230161428452 0.154014766216278 0.200457960367203 0.192676618695259 0.178932458162308 0.236285373568535 0.215932980179787 0.232219323515892 0.313492506742477 0.473420113325119 0.49928018450737 0.55845719575882 0.471039593219757 0.561375021934509 0.49987581372261 0.560794353485107 0.533370554447174 0.586583316326141 0.594345808029175 0.562065064907074 0.563218533992767 0.60501104593277 0.636240184307098 0.668464124202728 0.652348816394806 0.673101484775543 0.736556947231293 0.761878848075867 0.778685629367828 0.794514000415802 0.842871129512787 0.837883055210114 0.796806335449219
0.218579456210136 0.222884744405746 0.24969807267189 0.248507782816887 0.291289240121841 0.257911950349808 0.352568447589874 0.296936929225922 0.275887310504913 0.21958701312542 0.282107323408127 0.28133437037468 0.244432359933853 0.158537924289703 0.233493506908417 0.258502960205078 0.262127548456192 0.245474457740784 0.233350783586502 0.248435258865356 0.308953821659088 0.49462166428566 0.511365532875061 0.560327410697937 0.506377637386322 0.535315454006195 0.549352765083313 0.58040314912796 0.571638524532318 0.578879296779633 0.55587899684906 0.626909017562866 0.616321206092834 0.639271974563599 0.655823051929474 0.702149510383606 0.72375100851059 0.717418372631073 0.73820161819458 0.812358260154724 0.762780904769897 0.749278604984283 0.79783833026886 0.851856648921967
0.292537003755569 0.242957875132561 0.253281593322754 0.244105115532875 0.24978069961071 0.277600824832916 0.242772027850151 0.227667778730392 0.324714154005051 0.26959091424942 0.177910923957825 0.255569756031036 0.290035992860794 0.217446982860565 0.222812965512276 0.281493812799454 0.284339070320129 0.273141354322433 0.215053156018257 0.285336703062057 0.282910734415054 0.329012632369995 0.538330733776093 0.535999894142151 0.533864855766296 0.547279179096222 0.561098992824554 0.557527363300323 0.605420768260956 0.607190549373627 0.594896852970123 0.598306119441986 0.618529260158539 0.675154805183411 0.704290330410004 0.685895800590515 0.757395923137665 0.789801716804504 0.81312620639801 0.816282033920288 0.835807144641876 0.80122971534729 0.838826060295105 0.896829962730408
0.273885667324066 0.259110748767853 0.240634843707085 0.311729997396469 0.268371969461441 0.192483991384506 0.224826142191887 0.196188643574715 0.221155151724815 0.240767687559128 0.169061467051506 0.195948868989944 0.25210040807724 0.289036154747009 0.243845820426941 0.290305107831955 0.197486698627472 0.288148790597916 0.31904998421669 0.315303564071655 0.318445324897766 0.372925996780396 0.349357724189758 0.366563409566879 0.567935705184937 0.536140084266663 0.588757693767548 0.57432621717453 0.631409049034119 0.630178987979889 0.612865090370178 0.622482717037201 0.663079738616943 0.683782517910004 0.723557710647583 0.709299862384796 0.769051074981689 0.78935045003891 0.808182656764984 0.721387803554535 0.838391661643982 0.852633595466614 0.898058295249939 0.871256351470947
0.245739638805389 0.267303884029388 0.292579501867294 0.23974646627903 0.304244309663773 0.283350080251694 0.345338702201843 0.248619824647903 0.200936153531075 0.201273649930954 0.249051928520203 0.311456322669983 0.309049099683762 0.322491645812988 0.260698467493057 0.227924734354019 0.239136233925819 0.223660707473755 0.304494798183441 0.400155991315842 0.367232948541641 0.397649973630905 0.53233015537262 0.532639682292938 0.4143006503582 0.405364394187927 0.578960120677948 0.621653199195862 0.646822869777679 0.669442057609558 0.68077677488327 0.677533328533173 0.692870020866394 0.711032092571259 0.744832098484039 0.629038751125336 0.671024739742279 0.655325353145599 0.698990106582642 0.704588651657104 0.713805437088013 0.858515560626984 0.79666143655777 0.823820531368256
0.233244806528091 0.22002249956131 0.31010502576828 0.27434766292572 0.270392447710037 0.283404529094696 0.287814885377884 0.271477431058884 0.269047260284424 0.210744649171829 0.232541143894196 0.369720488786697 0.341065943241119 0.335647135972977 0.253370553255081 0.2612284719944 0.219616889953613 0.201500028371811 0.276758581399918 0.381527006626129 0.314700126647949 0.391975313425064 0.417652904987335 0.425558298826218 0.554003596305847 0.573165118694305 0.556869924068451 0.640296280384064 0.66239458322525 0.649488210678101 0.654422104358673 0.709512174129486 0.583540201187134 0.569160103797913 0.620315968990326 0.642903983592987 0.683131217956543 0.661000549793243 0.687704086303711 0.73496413230896 0.73516833782196 0.776528298854828 0.794777929782867 0.803328275680542
0.23140287399292 0.292111665010452 0.241052389144897 0.23328922688961 0.296041667461395 0.281705141067505 0.32548201084137 0.268635362386703 0.197735071182251 0.188107594847679 0.213038414716721 0.326663106679916 0.305979162454605 0.31052178144455 0.235917210578918 0.27497524023056 0.286650508642197 0.255699336528778 0.298537611961365 0.377058058977127 0.311197519302368 0.322338968515396 0.455138772726059 0.573104858398438 0.582613050937653 0.610710263252258 0.432061195373535 0.620157778263092 0.644777297973633 0.478176891803741 0.508911728858948 0.593098521232605 0.596860647201538 0.617230534553528 0.652844786643982 0.641270518302917 0.659966111183167 0.716378748416901 0.667129695415497 0.681366384029388 0.715018630027771 0.787570774555206 0.767837762832642 0.733140826225281
0.270802110433578 0.216755405068398 0.204818800091743 0.214825928211212 0.165190190076828 0.17087809741497 0.2460907548666 0.235032185912132 0.216414764523506 0.174590468406677 0.182522684335709 0.200693026185036 0.318196833133698 0.292708516120911 0.268492132425308 0.281316369771957 0.306278944015503 0.269385099411011 0.26306140422821 0.327768951654434 0.362857431173325 0.337399899959564 0.43319907784462 0.462098032236099 0.619158446788788 0.613990843296051 0.65171080827713 0.532105147838593 0.448210686445236 0.486346572637558 0.521488189697266 0.582865357398987 0.606187343597412 0.609174907207489 0.673649549484253 0.678706884384155 0.716341376304626 0.720722734928131 0.726993203163147 0.775989532470703 0.774621367454529 0.76558643579483 0.692749440670013 0.414520859718323
0.259534984827042 0.277322947978973 0.203960493206978 0.169894397258759 0.168900683522224 0.173268496990204 0.158085450530052 0.153124421834946 0.189725831151009 0.176410928368568 0.204310551285744 0.25038281083107 0.337947487831116 0.316944181919098 0.276400774717331 0.264715701341629 0.291660249233246 0.294038712978363 0.346490293741226 0.27857968211174 0.339774519205093 0.322911262512207 0.405708432197571 0.414681434631348 0.455356895923615 0.618228495121002 0.629782915115356 0.659558892250061 0.450396507978439 0.454341322183609 0.442399889230728 0.494170606136322 0.566864967346191 0.623252868652344 0.617137849330902 0.687191128730774 0.711844265460968 0.733972787857056 0.778095364570618 0.746708512306213 0.805626928806305 0.795461535453796 0.695362627506256 0.642837584018707
0.265183925628662 0.224359735846519 0.213651239871979 0.27460053563118 0.253684729337692 0.262427628040314 0.266833543777466 0.2382692694664 0.26963084936142 0.26817125082016 0.261570483446121 0.262871116399765 0.34585502743721 0.323460400104523 0.357934236526489 0.334887087345123 0.326776504516602 0.345057219266891 0.419237971305847 0.266118317842484 0.308149009943008 0.385307312011719 0.398412644863129 0.435757428407669 0.455986559391022 0.487449526786804 0.488082885742188 0.698147833347321 0.517623245716095 0.482845723628998 0.500248432159424 0.538446426391602 0.565773606300354 0.648312628269196 0.691845715045929 0.721018552780151 0.725817620754242 0.748358130455017 0.765643358230591 0.748635053634644 0.759225070476532 0.829175174236298 0.71607893705368 0.760201394557953
0.181903094053268 0.181271582841873 0.171841368079185 0.215137213468552 0.261360138654709 0.243042409420013 0.275940626859665 0.288922816514969 0.324304044246674 0.293858677148819 0.289049565792084 0.284500032663345 0.356007993221283 0.344269096851349 0.374322652816772 0.371877700090408 0.305038422346115 0.346414566040039 0.402645170688629 0.42373463511467 0.400119632482529 0.418070137500763 0.457956939935684 0.479078769683838 0.480442672967911 0.502934038639069 0.541669547557831 0.521511018276215 0.555387616157532 0.595578789710999 0.612894058227539 0.602858364582062 0.664718627929688 0.710036277770996 0.711684226989746 0.744980454444885 0.742871522903442 0.76265287399292 0.792042374610901 0.811693787574768 0.818953812122345 0.829071223735809 0.80953323841095 0.729420781135559
0.200378060340881 0.202764496207237 0.169153422117233 0.186995431780815 0.217984184622765 0.222219124436378 0.266269981861115 0.278256624937057 0.309392303228378 0.294890165328979 0.316979348659515 0.402185380458832 0.381454527378082 0.349244236946106 0.34062385559082 0.363764882087708 0.330487191677094 0.397942304611206 0.420788615942001 0.443627268075943 0.413139939308167 0.457989007234573 0.445809543132782 0.457709580659866 0.467024236917496 0.452590227127075 0.459998399019241 0.571942627429962 0.539810299873352 0.536129891872406 0.622386753559113 0.629149913787842 0.663962781429291 0.734839618206024 0.723576009273529 0.739998638629913 0.780377507209778 0.794932425022125 0.791443705558777 0.82620632648468 0.805213034152985 0.837674200534821 0.833944857120514 0.788561999797821
0.255908459424973 0.242224380373955 0.228189930319786 0.228189930319786 0.212950885295868 0.223141103982925 0.252839088439941 0.235111430287361 0.260537624359131 0.243434101343155 0.273864567279816 0.287075012922287 0.355169087648392 0.37116676568985 0.346052348613739 0.350986808538437 0.410466581583023 0.42665758728981 0.441421866416931 0.407945901155472 0.431663990020752 0.470769017934799 0.453611195087433 0.455007046461105 0.443253248929977 0.516853034496307 0.454321563243866 0.497443825006485 0.511068344116211 0.549085080623627 0.555312275886536 0.602812051773071 0.658477306365967 0.688522040843964 0.704229474067688 0.724283754825592 0.759152472019196 0.756399691104889 0.784164488315582 0.801924228668213 0.838174223899841 0.847756326198578 0.878180384635925 0.842964351177216
0.263203382492065 0.277405560016632 0.260041981935501 0.231200128793716 0.231783673167229 0.224016606807709 0.257832586765289 0.252926826477051 0.228076085448265 0.228236645460129 0.244979366660118 0.247885271906853 0.202104568481445 0.243052676320076 0.385080307722092 0.456599980592728 0.437649339437485 0.388987451791763 0.36200675368309 0.410358309745789 0.403824836015701 0.436675071716309 0.449777781963348 0.474311798810959 0.491750597953796 0.469067633152008 0.48764756321907 0.55315500497818 0.55761182308197 0.580559968948364 0.613918960094452 0.642823576927185 0.660578727722168 0.689481735229492 0.712889194488525 0.725873172283173 0.724731624126434 0.776563346385956 0.785124361515045 0.832666099071503 0.870517551898956 0.89649361371994 0.899146735668182 0.915772557258606
0.262884438037872 0.277969568967819 0.275310963392258 0.208958864212036 0.21367047727108 0.213909551501274 0.275160163640976 0.263319909572601 0.25922903418541 0.237752109766006 0.223390772938728 0.236409038305283 0.219978705048561 0.203263327479362 0.253555208444595 0.280233561992645 0.435595542192459 0.373412549495697 0.237480491399765 0.237841740250587 0.25475886464119 0.360347777605057 0.436669945716858 0.41540065407753 0.527171790599823 0.501674473285675 0.539918065071106 0.531080842018127 0.576467156410217 0.566379904747009 0.57567024230957 0.594324052333832 0.600694715976715 0.694167017936707 0.714245080947876 0.72885125875473 0.711420953273773 0.765846371650696 0.837613344192505 0.867947220802307 0.871710598468781 0.899513185024261 0.904325127601624 0.904393672943115
0.290570288896561 0.277122497558594 0.272501677274704 0.272526919841766 0.257285326719284 0.262820392847061 0.269100517034531 0.296720653772354 0.292259365320206 0.255760550498962 0.249461501836777 0.214224576950073 0.249560952186584 0.205484181642532 0.221187949180603 0.277643114328384 0.414891600608826 0.277779906988144 0.239550918340683 0.272370398044586 0.288487792015076 0.277527064085007 0.372134894132614 0.482728511095047 0.49042409658432 0.512244343757629 0.528952658176422 0.57703572511673 0.626410841941833 0.619454622268677 0.610402226448059 0.636732518672943 0.673309564590454 0.664722263813019 0.716966450214386 0.741511225700378 0.749315917491913 0.770163059234619 0.82822585105896 0.872421324253082 0.88811320066452 0.901124656200409 0.911940336227417 0.930101931095123
