data/climate_estimation/maxent_output/Fritillaria_kurdica.asc
NCOLS 171 
NROWS 40 
XLLCORNER 34.8333333333333 
YLLCORNER 37.5833333333333 
CELLSIZE 0.0833333333333333 
NODATA_value -3.4e+38 
[rows 20 to 39 of 40, columns 0 to 43 of 171]
0.809536039829254 0.808791995048523 0.808196246623993 0.80976665019989 0.809281766414642 0.807324707508087 0.798328995704651 0.804270148277283 0.790807664394379 0.782618165016174 0.771827399730682 0.778504252433777 0.790121376514435 0.787979483604431 0.778018712997437 0.788114070892334 0.78359991312027 0.780331552028656 0.785706341266632 0.768819868564606 0.775709629058838 0.767800807952881 0.765563130378723 0.772208333015442 0.764260768890381 0.769217967987061 0.77051168680191 0.760988473892212 0.777653932571411 0.778303682804108 0.770147740840912 0.770251393318176 0.75535637140274 0.746918976306915 0.745213806629181 0.7290860414505 0.718253493309021 0.718892633914948 0.715047597885132 0.718586206436157 0.731607675552368 0.710968971252441 0.712420046329498 0.700957119464874
0.817287504673004 0.806982815265656 0.81508880853653 0.800946116447449 0.800584316253662 0.807324707508087 0.804478764533997 0.795566201210022 0.799303829669952 0.790225028991699 0.789667725563049 0.792142987251282 0.796670973300934 0.795376598834991 0.790784060955048 0.789744675159454 0.791721343994141 0.789349555969238 0.772087872028351 0.772087872028351 0.777915418148041 0.775709629058838 0.767141222953796 0.764260768890381 0.763598024845123 0.764260768890381 0.768060743808746 0.76240599155426 0.760708332061768 0.76268070936203 0.769351780414581 0.765784204006195 0.75532591342926 0.744767308235168 0.745387256145477 0.733969807624817 0.716077566146851 0.716187179088593 0.713732898235321 0.712710559368134 0.716981589794159 0.701073467731476 0.692316472530365 0.683474659919739
0.815491497516632 0.807372689247131 0.813155710697174 0.813412308692932 0.80807101726532 0.798461198806763 0.80528199672699 0.796594977378845 0.803465247154236 0.797175586223602 0.788626372814178 0.79693615436554 0.794611811637878 0.78720486164093 0.796040832996368 0.791185975074768 0.780195236206055 0.781004130840302 0.772880792617798 0.779192864894867 0.787102997303009 0.775846898555756 0.767141222953796 0.773634314537048 0.773772001266479 0.770926475524902 0.762545764446259 0.768312275409698 0.768173575401306 0.769988238811493 0.770368635654449 0.756678223609924 0.746247470378876 0.747008800506592 0.749008417129517 0.739171802997589 0.724195003509521 0.716941118240356 0.718416929244995 0.716438174247742 0.709680259227753 0.704435765743256 0.688543498516083 0.653876662254333
0.798319101333618 0.798642098903656 0.805277526378632 0.80452698469162 0.802813351154327 0.802137434482574 0.801743507385254 0.800856232643127 0.802712023258209 0.797229051589966 0.805233895778656 0.797201156616211 0.796040832996368 0.804116368293762 0.800223708152771 0.789638698101044 0.778453767299652 0.755170583724976 0.778453767299652 0.787102997303009 0.777915418148041 0.776635468006134 0.775194764137268 0.773772001266479 0.772484242916107 0.762152493000031 0.761369407176971 0.761089324951172 0.756599068641663 0.758946299552917 0.762121498584747 0.768133997917175 0.753075003623962 0.751185774803162 0.740834772586823 0.740565121173859 0.741746485233307 0.725979447364807 0.720479011535645 0.709312915802002 0.70916885137558 0.702923536300659 0.693731486797333 0.667453587055206
0.796531558036804 0.798377811908722 0.8054079413414 0.804134905338287 0.811033666133881 0.808695256710052 0.802137434482574 0.797965407371521 0.794348657131195 0.802003085613251 0.801924765110016 0.797466099262238 0.797519505023956 0.797676682472229 0.79168701171875 0.780296564102173 0.780023872852325 0.768784284591675 0.769940376281738 0.780731737613678 0.785976588726044 0.783446252346039 0.773414433002472 0.771988034248352 0.761789262294769 0.760340332984924 0.759253323078156 0.750095844268799 0.750353038311005 0.757522642612457 0.756959795951843 0.749505698680878 0.749612092971802 0.74999737739563 0.742189884185791 0.746201932430267 0.737841725349426 0.733890950679779 0.723242342472076 0.709188282489777 0.711115837097168 0.704895675182343 0.672992289066315 0.668179392814636
0.806384921073914 0.802644848823547 0.804963886737823 0.802858650684357 0.80259644985199 0.80121785402298 0.801349282264709 0.806813359260559 0.804173231124878 0.799439907073975 0.795147120952606 0.790196001529694 0.790544211864471 0.798912346363068 0.797544300556183 0.789772927761078 0.780514180660248 0.769580900669098 0.771370887756348 0.787258446216583 0.781004130840302 0.76848578453064 0.753640353679657 0.740699648857117 0.752942502498627 0.764121234416962 0.753565847873688 0.755392968654633 0.758309483528137 0.761316955089569 0.752040505409241 0.750831604003906 0.748142182826996 0.742459118366241 0.739884197711945 0.733513414859772 0.736353874206543 0.73633486032486 0.725164294242859 0.712116122245789 0.713201880455017 0.695996224880219 0.701554775238037 0.713292360305786
0.812046766281128 0.80290699005127 0.801187932491302 0.797219932079315 0.796590387821198 0.804502844810486 0.800428330898285 0.79864776134491 0.798911929130554 0.804217398166656 0.796831488609314 0.78949898481369 0.796856284141541 0.791528165340424 0.807378590106964 0.798304975032806 0.782568037509918 0.791285514831543 0.791553199291229 0.781650543212891 0.785139381885529 0.763945937156677 0.744195878505707 0.745222449302673 0.765201508998871 0.771582663059235 0.752244055271149 0.761483192443848 0.753256678581238 0.759840965270996 0.753583431243896 0.752261638641357 0.748369157314301 0.741116344928741 0.737717032432556 0.722752273082733 0.714346349239349 0.725292444229126 0.718286573886871 0.71894371509552 0.71317446231842 0.716045260429382 0.71850848197937 0.709672331809998
0.802566587924957 0.792374134063721 0.795290470123291 0.792988121509552 0.798881888389587 0.799541831016541 0.786738038063049 0.785319864749908 0.794396996498108 0.789473831653595 0.797593176364899 0.797593176364899 0.797804474830627 0.805462002754211 0.801132202148438 0.799011290073395 0.799275279045105 0.797696888446808 0.780160248279572 0.778884649276733 0.768285512924194 0.765139698982239 0.772918879985809 0.76614111661911 0.772238194942474 0.755978405475616 0.752244055271149 0.741676330566406 0.753141760826111 0.750184595584869 0.749363720417023 0.740700602531433 0.738557040691376 0.744985282421112 0.726311326026917 0.714785933494568 0.7135209441185 0.714473485946655 0.711543262004852 0.724686741828918 0.725340604782104 0.717792093753815 0.710494875907898 0.694842278957367
0.779957950115204 0.779957950115204 0.777677297592163 0.785686910152435 0.799871325492859 0.794046580791473 0.751470804214478 0.729195058345795 0.751449108123779 0.780150055885315 0.797116816043854 0.798564791679382 0.796354472637177 0.789713382720947 0.803849577903748 0.798668324947357 0.796325743198395 0.786422967910767 0.774935364723206 0.766079366207123 0.768398284912109 0.766579627990723 0.768875777721405 0.774180114269257 0.775464713573456 0.755837500095367 0.754236817359924 0.754095554351807 0.749283909797668 0.739737033843994 0.741815388202667 0.737847924232483 0.732778072357178 0.730184435844421 0.725466191768646 0.715563833713531 0.718429684638977 0.715654134750366 0.714243412017822 0.718039751052856 0.719135224819183 0.71184504032135 0.719266951084137 0.698847651481628
0.77846372127533 0.785471081733704 0.785335898399353 0.793034255504608 0.792232811450958 0.785336673259735 0.785982489585876 0.769704222679138 0.78761887550354 0.792884171009064 0.795241355895996 0.803746998310089 0.797559976577759 0.796798229217529 0.79693078994751 0.780428230762482 0.758782029151917 0.768584072589874 0.774935364723206 0.774570524692535 0.7651047706604 0.764582216739655 0.761281073093414 0.766305863857269 0.759411096572876 0.758247971534729 0.751877307891846 0.758809924125671 0.748973190784454 0.74127858877182 0.740190029144287 0.736818671226501 0.730198621749878 0.719261467456818 0.725424766540527 0.71482652425766 0.711007058620453 0.701853632926941 0.713253915309906 0.725405097007751 0.718149244785309 0.711000800132751 0.710582554340363 0.702548801898956
0.778702855110168 0.783828914165497 0.784417808055878 0.785167515277863 0.792600154876709 0.78295236825943 0.783359527587891 0.784037470817566 0.794625341892242 0.794205486774445 0.796449303627014 0.794363617897034 0.794655561447144 0.789385974407196 0.785641670227051 0.767039120197296 0.759308397769928 0.772926449775696 0.761013448238373 0.764655292034149 0.74314147233963 0.736974954605103 0.7427978515625 0.7527916431427 0.742803156375885 0.742669284343719 0.745231926441193 0.740992069244385 0.739854454994202 0.740392029285431 0.727568089962006 0.724853873252869 0.71770441532135 0.722119271755219 0.711489498615265 0.709528625011444 0.702980577945709 0.704428195953369 0.714587152004242 0.706979274749756 0.718039751052856 0.709517240524292 0.707723498344421 0.698144674301147
0.777535676956177 0.775980651378632 0.775925278663635 0.784139037132263 0.783596813678741 0.775368213653564 0.789661526679993 0.78723132610321 0.777510762214661 0.785192847251892 0.792792201042175 0.779387295246124 0.784960806369781 0.783584594726562 0.757124483585358 0.767833173274994 0.765560686588287 0.752542912960052 0.751396775245667 0.742050349712372 0.724743187427521 0.729482173919678 0.728300988674164 0.729890644550323 0.729370713233948 0.728112161159515 0.724154829978943 0.724309504032135 0.734105408191681 0.734934210777283 0.72462260723114 0.714772880077362 0.72232460975647 0.711347758769989 0.698878645896912 0.697606086730957 0.69113427400589 0.693120062351227 0.695025622844696 0.702180624008179 0.703435361385345 0.680985987186432 0.655955791473389 0.677321434020996
0.776576697826385 0.785162031650543 0.776576697826385 0.783163607120514 0.782837331295013 0.782429873943329 0.772899508476257 0.777963995933533 0.778891444206238 0.776491701602936 0.78607589006424 0.774389028549194 0.762416481971741 0.76186990737915 0.758162081241608 0.745612800121307 0.730807602405548 0.728100836277008 0.737419068813324 0.727108061313629 0.728558242321014 0.719351351261139 0.722400844097137 0.706189513206482 0.696640074253082 0.70482212305069 0.708694040775299 0.71246874332428 0.713702201843262 0.704837083816528 0.704859614372253 0.709483683109283 0.70866060256958 0.695786416530609 0.683686912059784 0.683947682380676 0.687606334686279 0.681066811084747 0.677738726139069 0.666252076625824 0.661548495292664 0.654790937900543 0.647616982460022 0.645452618598938
0.776302456855774 0.775946259498596 0.775431513786316 0.773596286773682 0.76787132024765 0.776190936565399 0.769353866577148 0.769907712936401 0.768509030342102 0.767876088619232 0.76447582244873 0.764083504676819 0.751842975616455 0.748055279254913 0.735692143440247 0.729078948497772 0.716559946537018 0.71356600522995 0.723110139369965 0.702711939811707 0.705123722553253 0.689094245433807 0.680680394172668 0.685606360435486 0.684870958328247 0.681194841861725 0.684816479682922 0.684625387191772 0.696857392787933 0.688175737857819 0.688584744930267 0.694516897201538 0.683924913406372 0.674745380878448 0.68056309223175 0.68283873796463 0.656545758247375 0.662365674972534 0.651427328586578 0.645200192928314 0.643906116485596 0.642606675624847 0.636977195739746 0.632001101970673
0.767019987106323 0.765998482704163 0.768482267856598 0.768343567848206 0.759433448314667 0.7613525390625 0.761129796504974 0.766294777393341 0.752638816833496 0.754551351070404 0.753187000751495 0.740948259830475 0.734367549419403 0.723987460136414 0.729861438274384 0.715250968933105 0.702199578285217 0.713537693023682 0.702886879444122 0.667480707168579 0.653557240962982 0.658259868621826 0.673865795135498 0.688447892665863 0.688485145568848 0.678104519844055 0.667684316635132 0.667656242847443 0.682089984416962 0.674002587795258 0.682969391345978 0.673013746738434 0.678159654140472 0.659316301345825 0.648480474948883 0.658372163772583 0.648578464984894 0.644810259342194 0.643642783164978 0.642348527908325 0.624536991119385 0.629003047943115 0.626234769821167 0.615563213825226
0.762829840183258 0.7531818151474 0.758959770202637 0.758621394634247 0.715047717094421 0.742571234703064 0.758986055850983 0.75361967086792 0.735272109508514 0.739460051059723 0.738482117652893 0.717856764793396 0.687056243419647 0.696530222892761 0.684346973896027 0.683289408683777 0.668327808380127 0.674739181995392 0.675785958766937 0.641695320606232 0.666139960289001 0.662262141704559 0.644015312194824 0.664091944694519 0.675384402275085 0.636405944824219 0.660808920860291 0.657795369625092 0.664073407649994 0.657226860523224 0.654478967189789 0.656146764755249 0.644802033901215 0.634428918361664 0.633435308933258 0.653382778167725 0.62983775138855 0.622391521930695 0.621548891067505 0.626254677772522 0.613607704639435 0.593295574188232 0.591408967971802 0.569610714912415
0.744330585002899 0.760739088058472 0.769383013248444 0.741314113140106 0.705245852470398 0.733419477939606 0.752779483795166 0.717961251735687 0.718623638153076 0.719244480133057 0.704703092575073 0.687562823295593 0.654241383075714 0.652272284030914 0.641981244087219 0.637848973274231 0.631720125675201 0.654678583145142 0.651544153690338 0.666073441505432 0.65600848197937 0.59216445684433 0.617277383804321 0.590194821357727 0.603964507579803 0.602382779121399 0.65109384059906 0.6610187292099 0.64154052734375 0.630813539028168 0.622237861156464 0.618553161621094 0.632898807525635 0.59754753112793 0.569608986377716 0.578992068767548 0.606231391429901 0.628180086612701 0.590067207813263 0.554145514965057 0.577965140342712 0.563041210174561 0.548259258270264 0.515180706977844
0.761382818222046 0.76098495721817 0.76819121837616 0.72702419757843 0.699836194515228 0.732579946517944 0.710600078105927 0.706324100494385 0.708215773105621 0.689570784568787 0.654865741729736 0.665660262107849 0.622728824615479 0.620357692241669 0.654513537883759 0.639001727104187 0.641952633857727 0.630750000476837 0.628890454769135 0.617953538894653 0.605263531208038 0.57853901386261 0.532124400138855 0.532233417034149 0.531911909580231 0.516329228878021 0.621628999710083 0.638626396656036 0.631970286369324 0.617917656898499 0.596211791038513 0.570208430290222 0.551099479198456 0.541921019554138 0.533955156803131 0.545122683048248 0.521649837493896 0.517426609992981 0.487311691045761 0.46921718120575 0.460196912288666 0.43151718378067 0.433240622282028 0.450713604688644
0.761601448059082 0.760901391506195 0.749137461185455 0.722766578197479 0.733409881591797 0.717732608318329 0.697125852108002 0.658449053764343 0.666395366191864 0.652769386768341 0.62380588054657 0.607004106044769 0.606891512870789 0.596288442611694 0.625231981277466 0.627882182598114 0.625458121299744 0.598735630512238 0.598735630512238 0.574166357517242 0.573529064655304 0.544369280338287 0.506730854511261 0.501735746860504 0.476854562759399 0.504507780075073 0.540374279022217 0.576098799705505 0.589324533939362 0.561502993106842 0.55614846944809 0.51664936542511 0.508397996425629 0.549048185348511 0.538949251174927 0.519327342510223 0.482868880033493 0.466632097959518 0.441487163305283 0.427302658557892 0.411936461925507 0.410105109214783 0.415068119764328 0.437818080186844
0.761286437511444 0.737206280231476 0.740705132484436 0.732422173023224 0.716529667377472 0.643833518028259 0.617871463298798 0.673591077327728 0.613949537277222 0.587521255016327 0.603805899620056 0.591211497783661 0.580396950244904 0.578816413879395 0.572007477283478 0.578583598136902 0.568073987960815 0.557059228420258 0.539376199245453 0.54518461227417 0.52269971370697 0.490382790565491 0.477577835321426 0.459706962108612 0.508739769458771 0.527085423469543 0.561547696590424 0.564909040927887 0.562732994556427 0.556346297264099 0.507625102996826 0.47939270734787 0.492462366819382 0.493639171123505 0.493886023759842 0.46359658241272 0.46046370267868 0.451499611139297 0.429296106100082 0.423599928617477 0.402627050876617 0.40904688835144 0.414591640233994 0.42594388127327
