data/climate_estimation/maxent_output/Fritillaria_kotschyana.asc
NCOLS 71 
NROWS 63 
XLLCORNER 48.4166666666667 
YLLCORNER 32.5833333333333 
CELLSIZE 0.0833333333333333 
NODATA_value -3.4e+38 
[rows 20 to 39 of 63, columns 0 to 43 of 71]
0.782394170761108 0.775053679943085 0.800780296325684 0.809628486633301 0.800955474376678 0.791418433189392 0.788350701332092 0.791949689388275 0.800682306289673 0.811693012714386 0.81557309627533 0.819499254226685 0.824833452701569 0.829159021377563 0.840343713760376 0.850086092948914 0.86206716299057 0.872896194458008 0.880815327167511 0.883047461509705 0.887679159641266 0.887619376182556 0.88613224029541 0.888622045516968 0.888948500156403 0.883051216602325 0.862125217914581 0.85482394695282 0.836882591247559 0.816663801670074 0.797815799713135 0.593517482280731 0.628286480903625 0.610437989234924 0.814234018325806 0.63593590259552 0.566260576248169 0.58025598526001 0.622139871120453 0.814985275268555 0.830053865909576 0.822030186653137 0.597687482833862 0.814917385578156
0.807935833930969 0.799866914749146 0.806792020797729 0.808466136455536 0.798457741737366 0.789247989654541 0.793363928794861 0.806016325950623 0.787696599960327 0.814509451389313 0.825473606586456 0.833624720573425 0.833863854408264 0.845345079898834 0.851261794567108 0.860750913619995 0.871456801891327 0.879649102687836 0.885232865810394 0.889557600021362 0.892405033111572 0.89179539680481 0.895231425762177 0.893096506595612 0.898140609264374 0.898839831352234 0.898924708366394 0.89421147108078 0.881369531154633 0.87821364402771 0.854160368442535 0.81706827878952 0.86568683385849 0.851074457168579 0.851751983165741 0.662380695343018 0.595402300357819 0.543884873390198 0.593319177627563 0.606588780879974 0.610889673233032 0.572695851325989 0.538526952266693 0.601776123046875
0.815059721469879 0.80456280708313 0.80000376701355 0.810567259788513 0.814763903617859 0.811006784439087 0.805572271347046 0.798513233661652 0.800124824047089 0.807705342769623 0.825504124164581 0.834353029727936 0.845376908779144 0.854679822921753 0.86328536272049 0.87035995721817 0.878669619560242 0.884849548339844 0.892172157764435 0.896196126937866 0.896965146064758 0.900006294250488 0.914398729801178 0.901228845119476 0.905149221420288 0.905024468898773 0.908259809017181 0.909349679946899 0.914874374866486 0.91217702627182 0.90449595451355 0.889070987701416 0.882016777992249 0.814815044403076 0.841084718704224 0.833261787891388 0.860052883625031 0.858673393726349 0.648858428001404 0.646043658256531 0.660067558288574 0.654160618782043 0.64307177066803 0.589844346046448
0.812221109867096 0.798587620258331 0.803934991359711 0.817406415939331 0.821868121623993 0.822009742259979 0.822985589504242 0.823547124862671 0.807601392269135 0.809292197227478 0.82562667131424 0.842174291610718 0.854727923870087 0.864106833934784 0.867937803268433 0.877208471298218 0.883810818195343 0.891014635562897 0.895759165287018 0.900238513946533 0.904088854789734 0.904380440711975 0.905915200710297 0.909230351448059 0.923189282417297 0.925892233848572 0.914896905422211 0.919709980487823 0.922701478004456 0.923754036426544 0.925321340560913 0.917682588100433 0.87501847743988 0.857701778411865 0.884921014308929 0.649014592170715 0.834047973155975 0.892413258552551 0.884413361549377 0.855206310749054 0.845474720001221 0.847990453243256 0.844815790653229 0.852107167243958
0.817451775074005 0.814347147941589 0.811014950275421 0.807274162769318 0.802140593528748 0.804682791233063 0.815635621547699 0.826545774936676 0.832781255245209 0.838462293148041 0.844149470329285 0.850391328334808 0.860538721084595 0.866920709609985 0.873555421829224 0.882013082504272 0.891322433948517 0.896809339523315 0.900210916996002 0.905580759048462 0.909167468547821 0.912463963031769 0.912763893604279 0.915503978729248 0.917089223861694 0.919500887393951 0.920843243598938 0.925492286682129 0.927709877490997 0.930112063884735 0.934724032878876 0.938136339187622 0.924491047859192 0.928503274917603 0.933526217937469 0.937358379364014 0.947723567485809 0.936431646347046 0.936946988105774 0.928352653980255 0.908907532691956 0.901031792163849 0.865577399730682 0.860007345676422
0.817481994628906 0.816187620162964 0.814305543899536 0.808001577854156 0.797839283943176 0.768469095230103 0.780523002147675 0.815348207950592 0.825530767440796 0.837445974349976 0.847859799861908 0.852612555027008 0.841633796691895 0.838384687900543 0.84289288520813 0.860919833183289 0.887086927890778 0.897028923034668 0.905859589576721 0.909279108047485 0.913804173469543 0.91666316986084 0.919926702976227 0.921896994113922 0.922697007656097 0.9238520860672 0.929383158683777 0.931049466133118 0.934149026870728 0.937214195728302 0.944741606712341 0.945768594741821 0.954402923583984 0.957046210765839 0.96145224571228 0.962812602519989 0.963402390480042 0.958183944225311 0.945612490177155 0.948856294155121 0.941485643386841 0.939203560352325 0.92492014169693 0.91586846113205
0.803341746330261 0.803551316261292 0.803058326244354 0.804524481296539 0.806121587753296 0.798215627670288 0.776133000850677 0.774879336357117 0.810908555984497 0.835527181625366 0.820924580097198 0.841825067996979 0.855171203613281 0.853256404399872 0.860496640205383 0.875374376773834 0.886191546916962 0.897367298603058 0.895480394363403 0.90664154291153 0.911024749279022 0.917630672454834 0.920978605747223 0.919233977794647 0.927477955818176 0.931808531284332 0.937442302703857 0.939264297485352 0.939546585083008 0.944346606731415 0.949551343917847 0.952188730239868 0.965792536735535 0.957952201366425 0.96225243806839 0.963551878929138 0.963634073734283 0.962549805641174 0.94952929019928 0.949586033821106 0.950924873352051 0.947319090366364 0.937475502490997 0.929632425308228
0.809085130691528 0.801167070865631 0.788615167140961 0.778682172298431 0.806225836277008 0.808378756046295 0.805035650730133 0.801701366901398 0.792803168296814 0.815019071102142 0.814772844314575 0.816366195678711 0.824761867523193 0.850561738014221 0.866527438163757 0.873515367507935 0.878264605998993 0.885108411312103 0.889917075634003 0.901011884212494 0.912501871585846 0.921726167201996 0.927397012710571 0.927239954471588 0.931617558002472 0.936084389686584 0.941268742084503 0.945411384105682 0.947114050388336 0.950910925865173 0.953482985496521 0.966234862804413 0.967472553253174 0.970237255096436 0.971501231193542 0.970924973487854 0.968616187572479 0.967512369155884 0.969147324562073 0.969980895519257 0.967374861240387 0.947266697883606 0.934040725231171 0.920262634754181
0.814013302326202 0.815987586975098 0.811874449253082 0.815333127975464 0.821794331073761 0.818013548851013 0.822160184383392 0.825863778591156 0.820490598678589 0.804238498210907 0.802203893661499 0.809707164764404 0.815027058124542 0.837493658065796 0.849926888942719 0.862249374389648 0.874241471290588 0.884749114513397 0.899353384971619 0.911702871322632 0.919377028942108 0.9285609126091 0.933856189250946 0.934460699558258 0.93521249294281 0.9396812915802 0.94456958770752 0.947703063488007 0.95104044675827 0.952798902988434 0.954220414161682 0.957166373729706 0.968704223632812 0.970493078231812 0.973784267902374 0.971916615962982 0.969652116298676 0.96686589717865 0.966284275054932 0.954723477363586 0.968515276908875 0.957434237003326 0.955114245414734 0.967568635940552
0.815416157245636 0.821950972080231 0.821174561977386 0.823889672756195 0.825915157794952 0.8123779296875 0.81804370880127 0.834791421890259 0.837152600288391 0.840580105781555 0.835797667503357 0.82672792673111 0.819981932640076 0.814196705818176 0.816068112850189 0.834073305130005 0.865262269973755 0.887186646461487 0.901112139225006 0.908115923404694 0.923244833946228 0.930097579956055 0.936970293521881 0.938618421554565 0.943130910396576 0.945692658424377 0.947963058948517 0.951766729354858 0.95372200012207 0.955778956413269 0.955783903598785 0.971468031406403 0.959250509738922 0.961365938186646 0.973168611526489 0.965453863143921 0.970391154289246 0.969225287437439 0.967128574848175 0.96628725528717 0.966027319431305 0.965726613998413 0.96791273355484 0.969218373298645
0.810208201408386 0.816104829311371 0.826229155063629 0.829075813293457 0.831669449806213 0.825246036052704 0.835872888565063 0.840576410293579 0.847317397594452 0.847401142120361 0.849397301673889 0.854862332344055 0.854787707328796 0.847805678844452 0.847485661506653 0.821373879909515 0.826828300952911 0.86889261007309 0.889640212059021 0.903908312320709 0.91898512840271 0.929745137691498 0.938743352890015 0.943041980266571 0.945228815078735 0.947914659976959 0.951578617095947 0.95264720916748 0.955989837646484 0.959609091281891 0.960678458213806 0.961948990821838 0.973891913890839 0.974247217178345 0.974453628063202 0.973015189170837 0.970982730388641 0.969765603542328 0.96893721818924 0.967256605625153 0.967075765132904 0.968266248703003 0.970255017280579 0.971978485584259
0.800176203250885 0.809039056301117 0.820815861225128 0.831614971160889 0.834520161151886 0.827577769756317 0.840035498142242 0.849918782711029 0.851067543029785 0.854266405105591 0.857222735881805 0.861638307571411 0.860643684864044 0.875966489315033 0.884164929389954 0.876766502857208 0.875573813915253 0.891813099384308 0.902448534965515 0.889312326908112 0.878399193286896 0.904565811157227 0.93212479352951 0.943664193153381 0.947472929954529 0.949461340904236 0.951514840126038 0.955549895763397 0.956848919391632 0.957419335842133 0.960757672786713 0.964109361171722 0.975520730018616 0.96621298789978 0.965651154518127 0.97480571269989 0.975399434566498 0.973339259624481 0.971799910068512 0.971001744270325 0.971103847026825 0.972490251064301 0.97346168756485 0.975017547607422
0.780082404613495 0.80176717042923 0.82065087556839 0.825841188430786 0.833974063396454 0.841675639152527 0.847710132598877 0.851727604866028 0.855507135391235 0.864736139774323 0.877037823200226 0.882652759552002 0.880127131938934 0.884443521499634 0.899644911289215 0.906545281410217 0.913856863975525 0.923228204250336 0.926648855209351 0.923543691635132 0.923426866531372 0.930271804332733 0.941477596759796 0.946839153766632 0.948992908000946 0.952820897102356 0.953513562679291 0.955349802970886 0.957969546318054 0.959505558013916 0.962603747844696 0.974740326404572 0.977028787136078 0.965309917926788 0.978000283241272 0.976613759994507 0.976929903030396 0.977006852626801 0.974965453147888 0.975377559661865 0.974684238433838 0.973695635795593 0.974062085151672 0.973594605922699
0.792941093444824 0.805905044078827 0.8112633228302 0.818321406841278 0.827003061771393 0.834429383277893 0.847024023532867 0.852687656879425 0.861318528652191 0.865533173084259 0.875226199626923 0.888353705406189 0.893368422985077 0.887341618537903 0.897430181503296 0.888473451137543 0.878252863883972 0.923440992832184 0.932299435138702 0.940018236637115 0.94163054227829 0.944011628627777 0.947860717773438 0.964224338531494 0.95087593793869 0.953855335712433 0.954916894435883 0.957065641880035 0.972271800041199 0.974015295505524 0.975696504116058 0.976051092147827 0.977051854133606 0.978512465953827 0.978351891040802 0.978134632110596 0.978678524494171 0.97824615240097 0.97786271572113 0.978903949260712 0.978412687778473 0.977439045906067 0.97740375995636 0.976551294326782
0.797572076320648 0.799155175685883 0.791577756404877 0.783899128437042 0.812274158000946 0.823164641857147 0.841452121734619 0.852752685546875 0.856208324432373 0.85453861951828 0.858091652393341 0.876345992088318 0.894172251224518 0.899698078632355 0.895709991455078 0.914843082427979 0.911791861057281 0.906182467937469 0.919938385486603 0.937712609767914 0.948127627372742 0.950188279151917 0.963951826095581 0.96724534034729 0.968096375465393 0.969329118728638 0.971791088581085 0.958529770374298 0.974486768245697 0.975756883621216 0.976758182048798 0.978150606155396 0.978532552719116 0.979999244213104 0.980701267719269 0.981367647647858 0.981025815010071 0.980878412723541 0.980804920196533 0.982932090759277 0.983420193195343 0.984070479869843 0.981510996818542 0.980643391609192
0.786261439323425 0.789491057395935 0.782406330108643 0.777054667472839 0.787169098854065 0.806360065937042 0.835789203643799 0.851080477237701 0.848544180393219 0.835808277130127 0.823830902576447 0.848375141620636 0.875163733959198 0.902197182178497 0.914661943912506 0.923643827438354 0.934917509555817 0.936610639095306 0.933575391769409 0.945437610149384 0.942937612533569 0.946252346038818 0.952408790588379 0.96909511089325 0.968445956707001 0.972175240516663 0.973282814025879 0.974795460700989 0.976621150970459 0.977992117404938 0.964624583721161 0.98016881942749 0.980973482131958 0.981865167617798 0.981722712516785 0.982586801052094 0.982448637485504 0.983796119689941 0.983400166034698 0.983600795269012 0.983820557594299 0.985037446022034 0.986138463020325 0.984111964702606
0.754703760147095 0.772134780883789 0.774588823318481 0.773695707321167 0.768312156200409 0.788027584552765 0.821218550205231 0.848935484886169 0.85292375087738 0.845889627933502 0.840598106384277 0.833606004714966 0.881082236766815 0.895501017570496 0.89828759431839 0.896156191825867 0.911414682865143 0.935563385486603 0.923147559165955 0.917026698589325 0.925851404666901 0.932891607284546 0.945622801780701 0.956010460853577 0.971081256866455 0.973239421844482 0.975039064884186 0.975982844829559 0.977232336997986 0.978487551212311 0.980000257492065 0.981536388397217 0.983447790145874 0.983486533164978 0.984265148639679 0.985322594642639 0.985016405582428 0.98620992898941 0.985937595367432 0.985977649688721 0.9857017993927 0.985899806022644 0.985469043254852 0.985808551311493
0.696033120155334 0.728551685810089 0.748855173587799 0.757385075092316 0.769068241119385 0.782941162586212 0.821557998657227 0.845738232135773 0.860838949680328 0.869366109371185 0.874360918998718 0.880838930606842 0.881376981735229 0.896369755268097 0.899846851825714 0.894464135169983 0.882510542869568 0.875385165214539 0.911940455436707 0.901115775108337 0.862482190132141 0.9300377368927 0.950606882572174 0.955213606357574 0.972233712673187 0.974146783351898 0.96194052696228 0.960609555244446 0.964002430438995 0.965067565441132 0.968060433864594 0.982056021690369 0.98341977596283 0.984932899475098 0.985955655574799 0.986849963665009 0.986850678920746 0.987522184848785 0.987469017505646 0.987397611141205 0.987289607524872 0.98757266998291 0.987356781959534 0.986647844314575
0.712818264961243 0.682951271533966 0.72791975736618 0.748816907405853 0.760365664958954 0.783725082874298 0.822128415107727 0.840912580490112 0.858218550682068 0.870297074317932 0.876461684703827 0.888059556484222 0.885539531707764 0.901456236839294 0.91433846950531 0.915067434310913 0.903377890586853 0.884320318698883 0.860841274261475 0.856548964977264 0.861407101154327 0.916951596736908 0.947108447551727 0.955235719680786 0.954425811767578 0.958186566829681 0.960930645465851 0.962248086929321 0.979155600070953 0.981423437595367 0.983096480369568 0.983308136463165 0.985302269458771 0.986849963665009 0.98741352558136 0.987360000610352 0.988046646118164 0.98896586894989 0.988852024078369 0.989268064498901 0.988351941108704 0.98845362663269 0.988979279994965 0.988897621631622
0.755142211914062 0.722935676574707 0.744125127792358 0.750739455223083 0.765112638473511 0.780314803123474 0.813137471675873 0.838218569755554 0.859121263027191 0.870470643043518 0.874471664428711 0.883423924446106 0.900056123733521 0.912649750709534 0.92525714635849 0.926981568336487 0.925588846206665 0.921196341514587 0.909172832965851 0.890421569347382 0.890873908996582 0.934542298316956 0.944198250770569 0.950803279876709 0.956102609634399 0.960608243942261 0.961910665035248 0.964246034622192 0.964960992336273 0.967317640781403 0.983721375465393 0.985043108463287 0.986478924751282 0.988251984119415 0.988784849643707 0.989393830299377 0.989871025085449 0.990022599697113 0.989886879920959 0.989857017993927 0.990346014499664 0.990184009075165 0.990405142307281 0.990124404430389
