data/climate_estimation/maxent_output/Fritillaria_pyrenaica.asc
NCOLS 145 
NROWS 47 
XLLCORNER -8.5 
YLLCORNER 40.1666666666667 
CELLSIZE 0.0833333333333333 
NODATA_value -3.4e+38 
[rows 20 to 39 of 47, columns 90 to 134 of 145]
0.85945075750351 0.896062850952148 0.898477375507355 0.899674773216248 0.919024407863617 0.921170651912689 0.926401674747467 0.92485648393631 0.919191241264343 0.895174324512482 0.8881516456604 0.596557855606079 0.558415234088898 0.484567016363144 0.437236607074738 0.435551196336746 0.489817053079605 0.500231802463531 0.552284896373749 0.544786632061005 0.490352839231491 0.494108736515045 0.5157350897789 0.458187103271484 0.52000892162323 0.472004383802414 0.615950644016266 0.575009107589722 0.442543298006058 0.418294429779053 0.547122359275818 0.571542322635651 0.55432653427124 0.553834438323975 0.575548350811005 0.648856997489929 0.626333892345428 0.853076636791229 0.863499402999878 0.644041478633881 0.636651277542114 0.653465032577515 0.638094842433929 0.613827645778656 0.632814407348633
0.750076711177826 0.833763420581818 0.824773967266083 0.856322467327118 0.897242426872253 0.906391978263855 0.904375851154327 0.899762332439423 0.901544153690338 0.876169264316559 0.59546947479248 0.57187020778656 0.552708566188812 0.433229595422745 0.349242180585861 0.438179850578308 0.346549332141876 0.426239162683487 0.374048978090286 0.437282115221024 0.352608174085617 0.427266865968704 0.474699646234512 0.354121625423431 0.344285190105438 0.535807132720947 0.56747442483902 0.483871102333069 0.34088197350502 0.467933058738708 0.59725034236908 0.640043020248413 0.644875645637512 0.622509241104126 0.639555394649506 0.640024423599243 0.621325433254242 0.622365713119507 0.630294620990753 0.639306426048279 0.637750625610352 0.583678007125854 0.583362698554993 0.600600063800812 0.592834174633026
0.675675988197327 0.714267790317535 0.728805661201477 0.720001041889191 0.746074318885803 0.794841706752777 0.849678993225098 0.560645699501038 0.599266409873962 0.565585613250732 0.529468894004822 0.521434605121613 0.458045721054077 0.437595754861832 0.288397789001465 0.324935853481293 0.237798735499382 0.262745916843414 0.311632961034775 0.332167863845825 0.25726705789566 0.360802352428436 0.261236220598221 0.223091393709183 0.3956059217453 0.53277599811554 0.435779839754105 0.357880264520645 0.380352467298508 0.545096516609192 0.622557818889618 0.623087346553802 0.615649580955505 0.593433380126953 0.492184430360794 0.564345061779022 0.56621515750885 0.520011305809021 0.553574085235596 0.579772055149078 0.603582322597504 0.519042551517487 0.53859007358551 0.518410205841064 0.583569884300232
0.485084176063538 0.568666517734528 0.559880912303925 0.596961677074432 0.664726197719574 0.704150676727295 0.678661525249481 0.39912286400795 0.476122617721558 0.412394493818283 0.367400676012039 0.357570797204971 0.301768600940704 0.26153689622879 0.195844113826752 0.231799677014351 0.216181084513664 0.271335810422897 0.260529309511185 0.273788690567017 0.199048534035683 0.275529056787491 0.181864783167839 0.182424068450928 0.240015521645546 0.373166918754578 0.401367694139481 0.34919810295105 0.404082864522934 0.482875496149063 0.530644416809082 0.468224585056305 0.518961131572723 0.57620096206665 0.466110855340958 0.506589114665985 0.517279207706451 0.541879653930664 0.552814424037933 0.595246970653534 0.604490995407104 0.585009574890137 0.5910404920578 0.561804294586182 0.555217683315277
0.469002336263657 0.457667827606201 0.346839278936386 0.425716668367386 0.419098854064941 0.238011598587036 0.233028665184975 0.210143342614174 0.292935907840729 0.294041901826859 0.259510785341263 0.25109338760376 0.193458572030067 0.132634222507477 0.097384937107563 0.238425120711327 0.240684777498245 0.247937738895416 0.176695838570595 0.193225234746933 0.247267469763756 0.303107917308807 0.172508254647255 0.315179646015167 0.319035053253174 0.306988567113876 0.264791518449783 0.229037314653397 0.272862106561661 0.343000680208206 0.397064626216888 0.439945638179779 0.480307519435883 0.432234793901443 0.372122079133987 0.416822135448456 0.441595673561096 0.506823778152466 0.520791053771973 0.531883597373962 0.622838199138641 0.626065731048584 0.604701519012451 0.568865835666656 0.587319314479828
0.492277234792709 0.389974147081375 0.208211675286293 0.2257991284132 0.170632287859917 0.165323793888092 0.114852637052536 0.106880828738213 0.153862670063972 0.17938619852066 0.154744565486908 0.159004673361778 0.100701943039894 0.0764948651194572 0.0593180805444717 0.0827731043100357 0.112993560731411 0.156550228595734 0.143365800380707 0.127740457653999 0.194824442267418 0.160046234726906 0.145581156015396 0.23527966439724 0.152470394968987 0.150205835700035 0.19893978536129 0.249882623553276 0.287124216556549 0.375577479600906 0.37752977013588 0.353845626115799 0.391242474317551 0.417691498994827 0.379372626543045 0.424094885587692 0.441385537385941 0.498868435621262 0.490810126066208 0.513822674751282 0.599863469600677 0.592098951339722 0.61799031496048 0.563120365142822 0.882343232631683
0.254746437072754 0.181900829076767 0.0878714770078659 0.155663594603539 0.11967808753252 0.181755870580673 0.0951032415032387 0.089568056166172 0.0638046637177467 0.0693680346012115 0.0793941244482994 0.12682443857193 0.0680170208215714 0.0315546952188015 0.0357974208891392 0.0342142507433891 0.0358402840793133 0.0389940477907658 0.0392980314791203 0.0667596161365509 0.0830233618617058 0.0752590373158455 0.0663120299577713 0.0870072394609451 0.0934514924883842 0.138793900609016 0.163299277424812 0.211073994636536 0.267093330621719 0.362637758255005 0.409014344215393 0.404459565877914 0.34116804599762 0.39236781001091 0.374155282974243 0.411209911108017 0.452335119247437 0.58403205871582 0.545214295387268 0.566700041294098 0.616427958011627 0.616472542285919 0.630968809127808 0.592763245105743 0.910593807697296
0.0746452510356903 0.0567925721406937 0.0477477237582207 0.0355934537947178 0.0643468871712685 0.156240671873093 0.128853738307953 0.0732347071170807 0.047529473900795 0.0402528122067451 0.0454226769506931 0.0436057522892952 0.0284837521612644 0.0192304085940123 0.0291965547949076 0.0171557869762182 0.0110875070095062 0.0103568602353334 0.0134708993136883 0.0110906092450023 0.0144533198326826 0.0149455964565277 0.0233739037066698 0.0422248616814613 0.0709434002637863 0.10515108704567 0.160963326692581 0.204692244529724 0.283797234296799 0.329979419708252 0.402009576559067 0.430696338415146 0.438223958015442 0.340558379888535 0.374849826097488 0.389554619789124 0.486569672822952 0.57137131690979 0.604724824428558 0.597226858139038 0.631508588790894 0.643493235111237 0.611675262451172 0.935600280761719 0.930178701877594
0.0166189968585968 0.0218785926699638 0.0236583426594734 0.0270671676844358 0.0524125434458256 0.0996059253811836 0.150994181632996 0.128733605146408 0.0713332369923592 0.0345828868448734 0.0274138599634171 0.0206105746328831 0.0162139851599932 0.0121401604264975 0.0135961975902319 0.00818785838782787 0.00595299573615193 0.00982607901096344 0.0102453231811523 0.00409571919590235 0.00528440717607737 0.00947442650794983 0.0180528238415718 0.0320769511163235 0.0671484768390656 0.109530664980412 0.168784826993942 0.228119045495987 0.295955449342728 0.38363978266716 0.406284928321838 0.393049687147141 0.404451876878738 0.380675554275513 0.405109405517578 0.461375594139099 0.529984414577484 0.539024472236633 0.512326061725616 0.566825926303864 0.600231647491455 0.655926942825317 0.932491898536682 0.935315191745758 0.901556015014648
0.0171184670180082 0.0164628829807043 0.00559646636247635 0.0102626904845238 0.0166348479688168 0.0193501655012369 0.0278964638710022 0.0744742229580879 0.101524956524372 0.060722254216671 0.050012718886137 0.0610614009201527 0.0253588557243347 0.0132896034047008 0.0077255149371922 0.00576376914978027 0.00640949374064803 0.00477130664512515 0.00281899608671665 0.00188511377200484 0.0035871397703886 0.00806169491261244 0.0195540562272072 0.0424196273088455 0.0791332572698593 0.13496832549572 0.238365769386292 0.284186065196991 0.350825101137161 0.389681369066238 0.367435932159424 0.408239752054214 0.450676113367081 0.454822361469269 0.442950010299683 0.497657090425491 0.468351811170578 0.455909252166748 0.457293003797531 0.529173016548157 0.904969453811646 0.924608588218689 0.923834443092346 0.930875301361084 0.884557902812958
0.0177399087697268 0.0149190230295062 0.00951412040740252 0.0078882472589612 0.00721853785216808 0.00972745381295681 0.0148152802139521 0.0196180865168571 0.0293168015778065 0.0366704277694225 0.0278658624738455 0.0229961108416319 0.0225755721330643 0.0150685468688607 0.0140410931780934 0.00714225182309747 0.00482411170378327 0.00316470372490585 0.0024939205031842 0.00307708489708602 0.005905422847718 0.013014193624258 0.0278199221938848 0.0688585340976715 0.130174517631531 0.24847985804081 0.335103332996368 0.387933939695358 0.438944846391678 0.438704401254654 0.450884819030762 0.489765077829361 0.501655101776123 0.49250590801239 0.440526187419891 0.471944987773895 0.450474679470062 0.390079200267792 0.41687285900116 0.547672867774963 0.875384032726288 0.880484998226166 0.812409341335297 -3.4e+38 -3.4e+38
0.0557828284800053 0.0388784743845463 0.021783135831356 0.0119483107700944 0.00854848138988018 0.00731001561507583 0.0090360464528203 0.0143108488991857 0.0210079234093428 0.0237611867487431 0.0201321393251419 0.0195609964430332 0.0137665728107095 0.0115689728409052 0.0111896572634578 0.0125021440908313 0.00332175404764712 0.0038132700137794 0.00499973446130753 0.00808532722294331 0.0220087207853794 0.0564828515052795 0.105814374983311 0.153119429945946 0.24009171128273 0.289496898651123 0.347853362560272 0.411168724298477 0.440774351358414 0.525877594947815 0.53726989030838 0.554256558418274 0.528202533721924 0.489636540412903 0.510289311408997 0.466761529445648 0.475276291370392 0.485040307044983 0.428364038467407 0.781982183456421 0.757638871669769 -3.4e+38 -3.4e+38 -3.4e+38 -3.4e+38
0.075195699930191 0.0377608351409435 0.0164481177926064 0.0122646596282721 0.00852831918746233 0.00880937185138464 0.00778213003650308 0.00963960122317076 0.0182779468595982 0.0209273677319288 0.021211052313447 0.0200472604483366 0.0137343071401119 0.00936931930482388 0.0121646663174033 0.00776815274730325 0.00834987591952085 0.0121107948943973 0.0179733484983444 0.0356368571519852 0.0985501706600189 0.164235547184944 0.239343509078026 0.308277726173401 0.326818615198135 0.367847412824631 0.405672162771225 0.482966363430023 0.523332118988037 0.590705692768097 0.619838237762451 0.865108489990234 0.868210256099701 0.872645020484924 0.899565458297729 0.871248781681061 0.464702188968658 0.712976694107056 0.667472004890442 -3.4e+38 -3.4e+38 -3.4e+38 -3.4e+38 -3.4e+38 -3.4e+38
0.075542226433754 0.049687210470438 0.0260751154273748 0.0177056137472391 0.0131666157394648 0.0107590686529875 0.00977542530745268 0.00821289792656898 0.00793758872896433 0.00858860928565264 0.00826468039304018 0.00718819070607424 0.00704553117975593 0.00908829551190138 0.0144282570108771 0.015647154301405 0.0116578247398138 0.0135435210540891 0.0114150661975145 0.0199072659015656 0.0746230632066727 0.26012396812439 0.327507436275482 0.419429838657379 0.485805302858353 0.461621731519699 0.38311830163002 0.441849172115326 0.810576319694519 0.866741418838501 0.845640957355499 0.827194809913635 0.857784509658813 0.854874849319458 0.903992295265198 0.874413192272186 0.676605939865112 0.667001664638519 -3.4e+38 -3.4e+38 -3.4e+38 -3.4e+38 -3.4e+38 -3.4e+38 -3.4e+38
0.0654645562171936 0.0600223988294601 0.0450661592185497 0.033486369997263 0.0206783507019281 0.0143488347530365 0.0114637073129416 0.0111960349604487 0.0118595091626048 0.0123568251729012 0.00960068311542273 0.00993689429014921 0.0109711652621627 0.0143969673663378 0.0130656901746988 0.0111271487548947 0.0140040647238493 0.0227971766144037 0.011710281483829 0.0197522602975368 0.144357919692993 0.222966879606247 0.468206465244293 0.70258641242981 0.7021803855896 0.401732832193375 0.253023505210876 0.546524167060852 0.621379971504211 0.739620447158813 0.640413224697113 0.759020984172821 0.707383394241333 0.68080061674118 0.823756217956543 -3.4e+38 -3.4e+38 -3.4e+38 -3.4e+38 -3.4e+38 -3.4e+38 -3.4e+38 -3.4e+38 -3.4e+38 -3.4e+38
0.0771762654185295 0.0687639787793159 0.0770319253206253 0.10287918150425 0.0582447424530983 0.0256707277148962 0.0258261393755674 0.0240925662219524 0.0222844742238522 0.0217220224440098 0.028734240680933 0.0186320543289185 0.0194297172129154 0.0242555998265743 0.01856011711061 0.0321625955402851 0.120193690061569 0.165702447295189 0.0769014060497284 0.0689884200692177 0.0984781458973885 0.247869044542313 0.631960809230804 0.484746515750885 0.210713669657707 0.199104860424995 0.169790789484978 0.379371911287308 0.402885586023331 0.462310612201691 -3.4e+38 -3.4e+38 -3.4e+38 -3.4e+38 -3.4e+38 -3.4e+38 -3.4e+38 -3.4e+38 -3.4e+38 -3.4e+38 -3.4e+38 -3.4e+38 -3.4e+38 -3.4e+38 -3.4e+38
0.10653455555439 0.0820316672325134 0.078899122774601 0.0760497152805328 0.0675822049379349 0.0601913370192051 0.0756780728697777 0.0541462451219559 0.043808750808239 0.0305264685302973 0.0323054604232311 0.047625195235014 0.069034531712532 0.0531296543776989 0.042920708656311 0.144764468073845 0.136151194572449 0.143565684556961 0.105066165328026 0.0808516964316368 0.236068487167358 0.529106914997101 0.499369323253632 0.136448204517365 0.143059030175209 0.162290409207344 0.162506088614464 -3.4e+38 -3.4e+38 -3.4e+38 -3.4e+38 -3.4e+38 -3.4e+38 -3.4e+38 -3.4e+38 -3.4e+38 -3.4e+38 -3.4e+38 -3.4e+38 -3.4e+38 -3.4e+38 -3.4e+38 -3.4e+38 -3.4e+38 -3.4e+38
0.139572605490685 0.119348585605621 0.105769291520119 0.0588728114962578 0.0780875086784363 0.0971000120043755 0.13233882188797 0.100377269089222 0.0730919539928436 0.0488854981958866 0.053082287311554 0.113704033195972 0.112465053796768 0.0817188248038292 0.242337122559547 0.202603414654732 0.293263524770737 0.116766691207886 0.168915182352066 0.264141052961349 0.275544613599777 0.450950354337692 0.38775247335434 0.221242219209671 -3.4e+38 -3.4e+38 -3.4e+38 -3.4e+38 -3.4e+38 -3.4e+38 -3.4e+38 -3.4e+38 -3.4e+38 -3.4e+38 -3.4e+38 -3.4e+38 -3.4e+38 -3.4e+38 -3.4e+38 -3.4e+38 -3.4e+38 -3.4e+38 -3.4e+38 -3.4e+38 -3.4e+38
0.123921230435371 0.132804393768311 0.135952994227409 0.116907991468906 0.124706581234932 0.144485488533974 0.143920958042145 0.146495431661606 0.114877738058567 0.0856730118393898 0.182610347867012 0.213750332593918 0.182557865977287 0.155185595154762 0.381302565336227 0.548930704593658 0.534736096858978 0.149879530072212 0.167519211769104 0.439263582229614 0.281113296747208 0.207076698541641 -3.4e+38 -3.4e+38 -3.4e+38 -3.4e+38 -3.4e+38 -3.4e+38 -3.4e+38 -3.4e+38 -3.4e+38 -3.4e+38 -3.4e+38 -3.4e+38 -3.4e+38 -3.4e+38 -3.4e+38 -3.4e+38 -3.4e+38 -3.4e+38 -3.4e+38 -3.4e+38 -3.4e+38 -3.4e+38 -3.4e+38
0.127209722995758 0.137199848890305 0.145009577274323 0.155296921730042 0.171085357666016 0.177727907896042 0.184307351708412 0.189247280359268 0.13828581571579 0.17815575003624 0.177654922008514 0.277985811233521 0.245921224355698 0.308673530817032 0.664828896522522 0.736764311790466 0.553957939147949 0.149490594863892 0.152499154210091 0.18730840086937 0.152433931827545 0.156009882688522 -3.4e+38 -3.4e+38 -3.4e+38 -3.4e+38 -3.4e+38 -3.4e+38 -3.4e+38 -3.4e+38 -3.4e+38 -3.4e+38 -3.4e+38 -3.4e+38 -3.4e+38 -3.4e+38 -3.4e+38 -3.4e+38 -3.4e+38 -3.4e+38 -3.4e+38 -3.4e+38 -3.4e+38 -3.4e+38 -3.4e+38
