data/climate_estimation/maxent_output/Fritillaria_eduardii.asc
NCOLS 30 
NROWS 26 
XLLCORNER 68.75 
YLLCORNER 37.8333333333333 
CELLSIZE 0.0833333333333333 
NODATA_value -3.4e+38 
0.840341508388519 0.844294130802155 0.843575894832611 0.859304785728455 0.869431793689728 0.87509423494339 0.85690975189209 0.857923686504364 0.871756613254547 0.857184648513794 0.883419275283813 0.866549253463745 0.865116953849792 0.882611215114594 0.87058162689209 0.879862248897552 0.898676991462708 0.874838948249817 0.879514038562775 0.863119304180145 0.878955900669098 0.865207433700562 0.885779798030853 0.87177574634552 0.884503722190857 0.895050525665283 0.900623679161072 0.896696150302887 0.896189749240875 0.903465211391449
0.872919201850891 0.872919201850891 0.881949603557587 0.855523765087128 0.866588354110718 0.881330668926239 0.889775276184082 0.885634541511536 0.876173317432404 0.881169021129608 0.890108525753021 0.878694951534271 0.880025863647461 0.888929307460785 0.881071448326111 0.890367090702057 0.898396730422974 0.877851009368896 0.88909113407135 0.885641038417816 0.865585386753082 0.883658528327942 0.892852962017059 0.899705648422241 0.898163735866547 0.900929749011993 0.909242749214172 0.892400145530701 0.901848435401917 0.903080403804779
0.886651039123535 0.876887440681458 0.87376070022583 0.888798713684082 0.87832373380661 0.885314643383026 0.883583068847656 0.898906409740448 0.876426041126251 0.882754504680634 0.899935185909271 0.901374101638794 0.900440633296967 0.904582142829895 0.900969624519348 0.887971520423889 0.907159805297852 0.918159365653992 0.918102025985718 0.90183013677597 0.893214523792267 0.914111912250519 0.904260754585266 0.912377059459686 0.921964526176453 0.910738170146942 0.930471479892731 0.899750530719757 0.912301242351532 0.929206192493439
0.897869467735291 0.896076560020447 0.913389801979065 0.909256756305695 0.901624917984009 0.909741520881653 0.906766772270203 0.906405806541443 0.920073449611664 0.933709561824799 0.905664563179016 0.924724936485291 0.930134177207947 0.91815710067749 0.926022708415985 0.910789906978607 0.924954354763031 0.919775724411011 0.912341892719269 0.923026323318481 0.938305974006653 0.932161927223206 0.94100284576416 0.915244162082672 0.934365153312683 0.914897561073303 0.924257934093475 0.926168382167816 0.921139359474182 0.923132181167603
0.943847119808197 0.947890043258667 0.937956511974335 0.930048942565918 0.93258273601532 0.929254293441772 0.936693608760834 0.931461751461029 0.927991569042206 0.944898903369904 0.939640879631042 0.949670314788818 0.94713306427002 0.940459072589874 0.947238028049469 0.944662034511566 0.933349967002869 0.944145321846008 0.93533855676651 0.940390348434448 0.914670825004578 0.908649504184723 0.926137387752533 0.916079103946686 0.932078540325165 0.928227007389069 0.917919158935547 0.92402970790863 0.932316660881042 0.922712624073029
0.959790587425232 0.963966429233551 0.96080619096756 0.944860398769379 0.944474041461945 0.949391663074493 0.95257443189621 0.956858217716217 0.951063752174377 0.943967878818512 0.943612396717072 0.952647566795349 0.943932294845581 0.950180232524872 0.93064296245575 0.949387669563293 0.941490232944489 0.936536312103271 0.932346820831299 0.945347547531128 0.927942991256714 0.939077436923981 0.920579195022583 0.945792019367218 0.939813017845154 0.930396556854248 0.931807577610016 0.942809164524078 0.930993735790253 0.920118391513824
0.970312118530273 0.969092190265656 0.949466347694397 0.963303625583649 0.964320182800293 0.951821625232697 0.961772799491882 0.9478719830513 0.93906033039093 0.938980460166931 0.951934814453125 0.947404980659485 0.944220662117004 0.9491366147995 0.955275356769562 0.947334587574005 0.959843695163727 0.950569093227386 0.940886914730072 0.953405141830444 0.94649749994278 0.959275782108307 0.951497912406921 0.951347470283508 0.940522253513336 0.948804557323456 0.940872609615326 0.93171638250351 0.942913830280304 0.947492301464081
0.931664824485779 0.9379922747612 0.938496291637421 0.933837294578552 0.94555675983429 0.955422401428223 0.95411205291748 0.948294878005981 0.960839748382568 0.953815519809723 0.956523239612579 0.961301803588867 0.959715306758881 0.952608227729797 0.954218804836273 0.963239431381226 0.966621994972229 0.965313851833344 0.963006019592285 0.96319168806076 0.969236254692078 0.957322776317596 0.960083246231079 0.956105828285217 0.966976523399353 0.96364027261734 0.967061579227448 0.951447665691376 0.953028857707977 0.957076370716095
0.964794993400574 0.975970149040222 0.962923645973206 0.975003600120544 0.961724817752838 0.965601623058319 0.955810010433197 0.963118493556976 0.962235689163208 0.971614837646484 0.973214566707611 0.970340669155121 0.964007556438446 0.962305068969727 0.965191543102264 0.953921973705292 0.961829960346222 0.964726507663727 0.949483573436737 0.964383661746979 0.968222320079803 0.959052920341492 0.950994789600372 0.959602236747742 0.963077425956726 0.967028558254242 0.959139823913574 0.961493790149689 0.971494317054749 0.958030760288239
0.977136313915253 0.966423690319061 0.966492891311646 0.972576498985291 0.963615715503693 0.965123057365417 0.97266685962677 0.977572560310364 0.971437215805054 0.978143215179443 0.973640084266663 0.972558259963989 0.968134522438049 0.975943326950073 0.974844872951508 0.957756280899048 0.941377639770508 0.913042843341827 0.965480268001556 0.957695126533508 0.964142024517059 0.972454845905304 0.96657782793045 0.94956237077713 0.941564738750458 0.936776220798492 0.967097282409668 0.966388165950775 0.957265138626099 0.950004458427429
0.976548969745636 0.96848475933075 0.974200487136841 0.982156693935394 0.973381757736206 0.970883131027222 0.9776930809021 0.965640306472778 0.961668133735657 0.982502102851868 0.973931491374969 0.981482028961182 0.976341187953949 0.9721360206604 0.970261096954346 0.964181661605835 0.943050801753998 0.896295547485352 0.947949349880219 0.959562361240387 0.95080178976059 0.951430201530457 0.937142074108124 0.937732219696045 0.917725443840027 0.916931986808777 0.938621997833252 0.960239887237549 0.971829950809479 0.972763538360596
0.96448802947998 0.957998871803284 0.977774798870087 0.983359515666962 0.985176742076874 0.969291150569916 0.969210147857666 0.954528391361237 0.97690361738205 0.977253437042236 0.970636904239655 0.975954830646515 0.973297119140625 0.982970774173737 0.972560465335846 0.925491869449615 0.890340685844421 0.874662339687347 0.908439934253693 0.88296240568161 0.88658082485199 0.905277669429779 0.928026795387268 0.946654498577118 0.961848855018616 0.972015082836151 0.97622811794281 0.983706474304199 0.98377138376236 0.983007788658142
0.966728806495667 0.974287211894989 0.982196986675262 0.987565636634827 0.982398808002472 0.967985510826111 0.941956758499146 0.962297081947327 0.977647006511688 0.977721512317657 0.973494946956635 0.960506796836853 0.97734934091568 0.952464282512665 0.964709103107452 0.900244474411011 0.858395934104919 0.895893633365631 0.916276216506958 0.936778604984283 0.963244378566742 0.972533762454987 0.985633730888367 0.98543906211853 0.97996860742569 0.981384515762329 0.9819615483284 0.97896420955658 0.984873533248901 0.983935832977295
0.928644359111786 0.942722320556641 0.951453924179077 0.974893987178802 0.978478014469147 0.966331839561462 0.941491067409515 0.970121324062347 0.969254374504089 0.950602769851685 0.943266987800598 0.967339336872101 0.930929481983185 0.88869047164917 0.894013702869415 0.889899432659149 0.87938928604126 0.953021645545959 0.970539689064026 0.958102405071259 0.966863393783569 0.984029233455658 0.986362040042877 0.983327746391296 0.970700800418854 0.971853911876678 0.976659119129181 0.986299216747284 0.98007607460022 0.980234682559967
0.903506398200989 0.933391392230988 0.962481260299683 0.974117636680603 0.964459359645844 0.957961559295654 0.930083751678467 0.942717611789703 0.92501699924469 0.958654344081879 0.951704978942871 0.941512286663055 0.899868547916412 0.865981340408325 0.945295095443726 0.952780246734619 0.954658389091492 0.901573479175568 0.907819867134094 0.943911492824554 0.98544180393219 0.986508011817932 0.961004137992859 0.954304933547974 0.979358673095703 0.985668897628784 0.992849111557007 0.98945152759552 0.983611583709717 0.986484885215759
0.876082599163055 0.943542003631592 0.964794754981995 0.955285370349884 0.928798735141754 0.932901084423065 0.899037778377533 0.928863108158112 0.964356362819672 0.964716017246246 0.916389107704163 0.90594881772995 0.875487864017487 0.939254522323608 0.942050755023956 0.966137826442719 0.974829196929932 0.970977246761322 0.957811951637268 0.944729745388031 0.935135066509247 0.947557508945465 0.962550282478333 0.978504955768585 0.989427387714386 0.992684781551361 0.992389559745789 0.991493940353394 0.991270899772644 0.991394221782684
0.84791898727417 0.862390100955963 0.87253201007843 0.861382186412811 0.881370842456818 0.90654844045639 0.924899578094482 0.926139533519745 0.93228667974472 0.942233026027679 0.959085285663605 0.896049916744232 0.946485698223114 0.923956274986267 0.879205763339996 0.903814196586609 0.949838876724243 0.968652784824371 0.980643749237061 0.966808497905731 0.965604245662689 0.981787979602814 0.98646479845047 0.991187453269958 0.992702305316925 0.986183285713196 0.99409157037735 0.992792367935181 0.991341054439545 0.988503336906433
0.799058735370636 0.80978798866272 0.818772315979004 0.830037772655487 0.863662600517273 0.86299741268158 0.882309973239899 0.881504774093628 0.94890296459198 0.952173948287964 0.916470766067505 0.930153548717499 0.942436099052429 0.896580457687378 0.896737039089203 0.947328209877014 0.953611552715302 0.954787492752075 0.93444150686264 0.984052896499634 0.990991294384003 0.994976162910461 0.994772255420685 0.994261980056763 0.987102925777435 0.993628442287445 0.992958307266235 0.990522563457489 0.995602548122406 0.992400348186493
0.788148283958435 0.861818253993988 0.858700156211853 0.862786412239075 0.859639227390289 0.883564233779907 0.871094763278961 0.899208545684814 0.91705060005188 0.869026899337769 0.905358374118805 0.895422220230103 0.896031737327576 0.892257213592529 0.900753855705261 0.922207117080688 0.931486368179321 0.92205947637558 0.969888091087341 0.986387312412262 0.992335200309753 0.994936525821686 0.992016911506653 0.984969258308411 0.941147744655609 0.952473759651184 0.967390537261963 0.978339433670044 0.992875874042511 0.995871961116791
0.869409084320068 0.873054683208466 0.848357439041138 0.845967769622803 0.868102967739105 0.854281187057495 0.83287125825882 0.829934358596802 0.858701825141907 0.922940313816071 0.867959022521973 0.872596204280853 0.870558679103851 0.869749069213867 0.888618111610413 0.90120941400528 0.910343825817108 0.949320793151855 0.987523257732391 0.987338423728943 0.994943559169769 0.995125830173492 0.956790208816528 0.97013795375824 0.993166744709015 0.985583662986755 0.994520127773285 0.990660667419434 0.990633130073547 0.993154883384705
0.877262473106384 0.828418791294098 0.76476776599884 0.768341481685638 0.849825024604797 0.916318774223328 0.853185415267944 0.856135308742523 0.903435111045837 0.858593463897705 0.84322988986969 0.832531750202179 0.856693923473358 0.874235391616821 0.888776421546936 0.872397422790527 0.917763471603394 0.98371022939682 0.97789865732193 0.99383556842804 0.986382842063904 0.966945350170135 0.967891156673431 0.995365798473358 0.995099604129791 0.987700760364532 0.994649171829224 0.996997952461243 0.997123718261719 0.992123544216156
0.814518988132477 0.74824982881546 0.737884342670441 0.808344066143036 0.866720616817474 0.870478749275208 0.837827205657959 0.871993064880371 0.827794969081879 0.820660948753357 0.798416495323181 0.844072639942169 0.855736255645752 0.84417313337326 0.857561647891998 0.89403760433197 0.940392971038818 0.980244994163513 0.965889394283295 0.996428787708282 0.992604970932007 0.945422410964966 0.994197368621826 0.997890889644623 0.996398031711578 0.995810031890869 0.995619058609009 0.9954714179039 0.99511307477951 0.994481980800629
0.745839715003967 0.721466958522797 0.753722488880157 0.850886523723602 0.848370730876923 0.811609208583832 0.788251996040344 0.796025156974792 0.814850628376007 0.803392112255096 0.788515031337738 0.850800812244415 0.833918690681458 0.814859449863434 0.867326617240906 0.845230996608734 0.967054784297943 0.935631632804871 0.981940984725952 0.993728041648865 0.940594017505646 0.973362028598785 0.994426488876343 0.996796190738678 0.997270882129669 0.99655956029892 0.997368931770325 0.996201694011688 0.995702862739563 0.998521208763123
0.712092816829681 0.714552938938141 0.847605228424072 0.790904521942139 0.791760265827179 0.785405218601227 0.766699612140656 0.776507914066315 0.793177485466003 0.807222306728363 0.805555403232574 0.786592960357666 0.796910166740417 0.805947005748749 0.848926603794098 0.908267557621002 0.964042365550995 0.88517552614212 0.976903855800629 0.957424640655518 0.955761313438416 0.996200799942017 0.997830152511597 0.997032582759857 0.998112559318542 0.998339712619781 0.998001456260681 0.996306955814362 0.997867286205292 0.998208701610565
0.689590692520142 0.706100821495056 0.819173812866211 0.7544224858284 0.815396368503571 0.804292440414429 0.75496917963028 0.832505762577057 0.8417809009552 0.79274183511734 0.780648052692413 0.779349863529205 0.768945395946503 0.795919835567474 0.865115284919739 0.950194776058197 0.90163654088974 0.831007361412048 0.925693690776825 0.993770599365234 0.997471809387207 0.992045044898987 0.995019197463989 0.996563315391541 0.996479034423828 0.998522639274597 0.998073399066925 0.996685683727264 0.998230516910553 0.995446681976318
0.691316843032837 0.702670991420746 0.75780314207077 0.765465915203094 0.818986296653748 0.77770870923996 0.750341773033142 0.808167576789856 0.797702431678772 0.748804926872253 0.744540095329285 0.741013824939728 0.764555275440216 0.812410056591034 0.887025415897369 0.965405404567719 0.908416628837585 0.791053056716919 0.976325929164886 0.99824595451355 0.996636152267456 0.998245358467102 0.998821496963501 0.997340261936188 0.997240543365479 0.998116791248322 0.998139381408691 0.998492121696472 0.996936500072479 0.998728036880493
