data/climate_estimation/maxent_output/Fritillaria_cirrhosa.asc
NCOLS 455 
NROWS 117 
XLLCORNER 72.4166666666667 
YLLCORNER 25.3333333333333 
CELLSIZE 0.0833333333333333 
NODATA_value -3.4e+38 
[rows 38 to 56 of 117, columns 176 to 219 of 455]
0.0965329259634018 0.11588067561388 0.115402266383171 0.115965850651264 0.126872316002846 0.125448480248451 0.122905261814594 0.116506963968277 0.111571423709393 0.10899892449379 0.104774981737137 0.0779152885079384 0.0817576572299004 0.0945889875292778 0.105515211820602 0.0944901555776596 0.0971652865409851 0.117589727044106 0.120515406131744 0.119002938270569 0.112841904163361 0.124765686690807 0.124548077583313 0.122056864202023 0.122166261076927 0.114527262747288 0.111945502460003 0.118301071226597 0.101824045181274 0.1090187728405 0.101374290883541 0.0979157686233521 0.117909044027328 0.111585788428783 0.103473722934723 0.0995643213391304 0.0946697816252708 0.0925855040550232 0.0875751674175262 0.107003323733807 0.100612863898277 0.0933552831411362 0.0984822660684586 0.0686216279864311
0.102763518691063 0.116856433451176 0.114937737584114 0.111153699457645 0.107664667069912 0.107494190335274 0.0932604223489761 0.0700790137052536 0.0838185995817184 0.101651377975941 0.10539061576128 0.101529143750668 0.114782750606537 0.117549158632755 0.104558520019054 0.102056816220284 0.110604718327522 0.121780328452587 0.135047659277916 0.135094076395035 0.130136951804161 0.132110491394997 0.128265500068665 0.127645239233971 0.132073387503624 0.128022834658623 0.129647761583328 0.12236001342535 0.122103326022625 0.122495748102665 0.117026135325432 0.106181241571903 0.105525866150856 0.113967411220074 0.104715779423714 0.0779579654335976 0.0762650817632675 0.0919110625982285 0.0894002914428711 0.102614983916283 0.118982873857021 0.0899696946144104 0.0619234181940556 0.0654956623911858
0.103306867182255 0.0714817270636559 0.0823498591780663 0.0766239762306213 0.0730923712253571 0.0747918784618378 0.0473103635013103 0.0594144500792027 0.0784521251916885 0.126552045345306 0.126377150416374 0.126421347260475 0.11921489238739 0.101614728569984 0.0690157189965248 0.0771923661231995 0.101547405123711 0.128563702106476 0.137944743037224 0.137075141072273 0.132646307349205 0.105601005256176 0.129797875881195 0.139774903655052 0.137067332863808 0.136384636163712 0.129895210266113 0.124899752438068 0.129535302519798 0.135762304067612 0.124251469969749 0.110549807548523 0.096317246556282 0.0841319188475609 0.0842980444431305 0.0859600603580475 0.0792402625083923 0.0955916494131088 0.0963375121355057 0.106833815574646 0.106789760291576 0.0894167646765709 0.0564749538898468 0.0950765535235405
0.105414099991322 0.10096101462841 0.0953964442014694 0.111420825123787 0.103326626121998 0.073809377849102 0.0718959867954254 0.0852093398571014 0.114665262401104 0.134242936968803 0.129037007689476 0.114725477993488 0.0947298407554626 0.0808690413832664 0.0839184150099754 0.0924714431166649 0.122452437877655 0.122012957930565 0.119769588112831 0.140708580613136 0.137060135602951 0.127042055130005 0.139116123318672 0.142930790781975 0.142394572496414 0.139649048447609 0.135371625423431 0.123157098889351 0.120907112956047 0.118384376168251 0.122868090867996 0.126533389091492 0.105431944131851 0.0912944599986076 0.0730270817875862 0.0827544182538986 0.0629193708300591 0.0718585178256035 0.066340871155262 0.0784092918038368 0.0877557769417763 0.100788928568363 0.0851999297738075 0.109655573964119
0.103707835078239 0.0965181961655617 0.0992499962449074 0.116452246904373 0.105686195194721 0.0508050322532654 0.076572023332119 0.0910377651453018 0.116481177508831 0.1309764534235 0.0905796885490417 0.0587311908602715 0.0618970729410648 0.0477179326117039 0.0580665692687035 0.0795753672719002 0.105304509401321 0.124615974724293 0.119790829718113 0.137315273284912 0.13832713663578 0.139207378029823 0.150967061519623 0.151400625705719 0.144400209188461 0.138998866081238 0.132387965917587 0.12446366995573 0.0958676561713219 0.114359438419342 0.110743790864944 0.129652172327042 0.124011479318142 0.107831500470638 0.100200928747654 0.0940456390380859 0.0894465073943138 0.0767656117677689 0.074681930243969 0.0859347879886627 0.0790325701236725 0.0704362317919731 0.0735631734132767 0.083780936896801
0.096736416220665 0.0925626680254936 0.0813370868563652 0.0743986293673515 0.0832574069499969 0.0772319957613945 0.0935889407992363 0.070311576128006 0.0782173275947571 0.105208925902843 0.122899182140827 0.074601836502552 0.0690743774175644 0.0387145951390266 0.0358797051012516 0.048090785741806 0.0854659005999565 0.119763694703579 0.13757611811161 0.144630670547485 0.15279994904995 0.135270282626152 0.131263166666031 0.141644641757011 0.133113533258438 0.0850420370697975 0.095353476703167 0.119474217295647 0.104268692433834 0.0889458507299423 0.0887633487582207 0.112909272313118 0.132835850119591 0.0933387205004692 0.0806971862912178 0.109386116266251 0.111681744456291 0.103237330913544 0.0984860360622406 0.106250248849392 0.0907694324851036 0.0925501883029938 0.10592956840992 0.121366523206234
0.0660707503557205 0.104370445013046 0.0588369220495224 0.0267665795981884 0.0275655519217253 0.0285498891025782 0.0615010373294353 0.0871047899127007 0.113733045756817 0.132121756672859 0.125487864017487 0.0810245275497437 0.0637157112360001 0.0388953983783722 0.0409091114997864 0.0439835228025913 0.0784556493163109 0.107364930212498 0.136223286390305 0.146111994981766 0.127508714795113 0.145902931690216 0.134224116802216 0.140521481633186 0.137577325105667 0.094353973865509 0.0908799692988396 0.0829027071595192 0.110205806791782 0.112922824919224 0.0848720446228981 0.0752414464950562 0.113140381872654 0.0695832222700119 0.0618977956473827 0.0929647162556648 0.0859894528985023 0.112563200294971 0.128429234027863 0.130072563886642 0.129090070724487 0.134851709008217 0.139116391539574 0.131716668605804
0.0645033195614815 0.123828023672104 0.0990579724311829 0.0558577664196491 0.0588450767099857 0.0553432144224644 0.0542300529778004 0.0694693177938461 0.106007620692253 0.0776550397276878 0.10730867087841 0.127742096781731 0.132903948426247 0.108771368861198 0.0619875565171242 0.0627449303865433 0.0735700502991676 0.0835099443793297 0.104097306728363 0.136208578944206 0.127907931804657 0.118465930223465 0.102986738085747 0.110431171953678 0.133776649832726 0.163757503032684 0.0788025483489037 0.0629993453621864 0.0657869577407837 0.0884248688817024 0.0808428972959518 0.0683562010526657 0.068933516740799 0.0672205686569214 0.0564298555254936 0.0649502500891685 0.0550641939043999 0.0706105306744576 0.0943096205592155 0.121622249484062 0.137940958142281 0.145176202058792 0.15197029709816 0.134497404098511
0.1031384319067 0.0956197381019592 0.072525642812252 0.0696445405483246 0.0644431486725807 0.075210876762867 0.0835650190711021 0.115823805332184 0.125510767102242 0.115381971001625 0.0876997262239456 0.0792732834815979 0.0945534110069275 0.14987713098526 0.130784422159195 0.107295103371143 0.0748523697257042 0.0784632489085197 0.0769570842385292 0.132203459739685 0.117961890995502 0.108488395810127 0.0923543944954872 0.105605639517307 0.143248587846756 0.176695913076401 0.124061241745949 0.0921245068311691 0.097057580947876 0.110520586371422 0.11033046990633 0.100427262485027 0.0926532447338104 0.0837289914488792 0.0773649960756302 0.0722292214632034 0.0688553303480148 0.0613676607608795 0.107033796608448 0.119080647826195 0.123155303299427 0.149283424019814 0.100027374923229 0.0864682197570801
0.13155123591423 0.133755221962929 0.124372579157352 0.11688356846571 0.0977442041039467 0.115069277584553 0.127201989293098 0.102862402796745 0.0905114784836769 0.100540399551392 0.0795763432979584 0.0431030876934528 0.0480140633881092 0.152223408222198 0.162327066063881 0.180996954441071 0.143191456794739 0.0851125195622444 0.102245315909386 0.126263365149498 0.122413881123066 0.131024584174156 0.125998288393021 0.108651094138622 0.116471156477928 0.144251987338066 0.098273791372776 0.0972444862127304 0.123618327081203 0.137224569916725 0.12719364464283 0.110558621585369 0.124153599143028 0.142725571990013 0.106267176568508 0.0911911875009537 0.0782075375318527 0.0948014855384827 0.0959268882870674 0.106111124157906 0.111728928983212 0.10379309207201 0.130928710103035 0.109973423182964
0.138639643788338 0.136727973818779 0.133791387081146 0.126306295394897 0.0946492105722427 0.0832358449697495 0.105394303798676 0.0977607741951942 0.0692383348941803 0.0715684071183205 0.0635613277554512 0.058379489928484 0.0550817400217056 0.157158628106117 0.173270851373672 0.186631560325623 0.187981277704239 0.175996020436287 0.0944250151515007 0.110097862780094 0.0735468417406082 0.117013148963451 0.163861513137817 0.185852453112602 0.1640265583992 0.145737200975418 0.110417634248734 0.108577094972134 0.0974288061261177 0.13094861805439 0.135091215372086 0.104339383542538 0.120855711400509 0.155231118202209 0.152213260531425 0.0994601473212242 0.111616998910904 0.106514744460583 0.0921802222728729 0.0988707765936852 0.131711333990097 0.137842878699303 0.0991929024457932 0.0906454101204872
0.137718543410301 0.0935950502753258 0.0949391573667526 0.115536101162434 0.144965946674347 0.143184334039688 0.14051741361618 0.123349048197269 0.0808023363351822 0.0949250236153603 0.131378129124641 0.120500966906548 0.106945633888245 0.166948556900024 0.130422353744507 0.116042584180832 0.163711503148079 0.17266908288002 0.199663609266281 0.15933446586132 0.100303150713444 0.0954471081495285 0.125500246882439 0.121374003589153 0.143434375524521 0.163659185171127 0.16032212972641 0.156788989901543 0.178179144859314 0.178179144859314 0.18675921857357 0.177773430943489 0.170829698443413 0.169455826282501 0.167416408658028 0.151582941412926 0.141480997204781 0.14817376434803 0.120097532868385 0.122933715581894 0.142536282539368 0.136326611042023 0.121436111629009 0.115823306143284
0.141483053565025 0.136042967438698 0.0989747643470764 0.0697076246142387 0.0897839963436127 0.0942086577415466 0.10941968113184 0.110274665057659 0.121454164385796 0.125991940498352 0.1257084608078 0.114934258162975 0.141269221901894 0.155363991856575 0.096180759370327 0.106204748153687 0.111224047839642 0.113075964152813 0.0584850497543812 0.164663478732109 0.167450547218323 0.138764515519142 0.110224321484566 0.100139677524567 0.117692194879055 0.124447673559189 0.161433309316635 0.168098539113998 0.179965257644653 0.179965257644653 0.183222860097885 0.188812911510468 0.183282166719437 0.179965257644653 0.172814682126045 0.12690481543541 0.126456871628761 0.153352603316307 0.166072502732277 0.17370317876339 0.155762478709221 0.103017456829548 0.136972486972809 0.171835497021675
0.0931591242551804 0.0866177827119827 0.0660741403698921 0.07050721347332 0.0946757197380066 0.067930281162262 0.0773869454860687 0.0587765648961067 0.0595163330435753 0.0788399055600166 0.105099342763424 0.127690330147743 0.12080293148756 0.149618998169899 0.134120613336563 0.112654402852058 0.0927316397428513 0.0636318773031235 0.0298752728849649 0.132327184081078 0.194836616516113 0.156910821795464 0.13607469201088 0.133350193500519 0.16211773455143 0.137810409069061 0.122085735201836 0.114723324775696 0.0990264490246773 0.0884586349129677 0.122203320264816 0.140888929367065 0.148212283849716 0.147199332714081 0.139656409621239 0.115480192005634 0.102388754487038 0.128079071640968 0.16996194422245 0.177567139267921 0.18576642870903 0.179235100746155 0.182504013180733 0.183857679367065
0.0798479095101357 0.0819263011217117 0.0853236615657806 0.0952915698289871 0.104672946035862 0.103247053921223 0.0919251069426537 0.0937207117676735 0.0923368781805038 0.104601472616196 0.131172046065331 0.111198142170906 0.104213178157806 0.146008983254433 0.120806828141212 0.138859525322914 0.0894802734255791 0.0398060604929924 0.0627729967236519 0.163646876811981 0.18225684762001 0.149351894855499 0.139361202716827 0.135294809937477 0.12175203114748 0.117502085864544 0.0733937174081802 0.079678863286972 0.0914808958768845 0.0881446823477745 0.0762447789311409 0.0999864861369133 0.0969253778457642 0.0991947799921036 0.115630231797695 0.164644286036491 0.20093609392643 0.20618711411953 0.238541677594185 0.24533686041832 0.242904782295227 0.24049374461174 0.255128562450409 0.252675086259842
0.114800699055195 0.0915222689509392 0.104768358170986 0.106530204415321 0.106111191213131 0.111638315021992 0.109795272350311 0.0986484289169312 0.0615850202739239 0.0694696381688118 0.0945675298571587 0.0633766874670982 0.0709726586937904 0.0709483176469803 0.0608175657689571 0.10374066978693 0.0440541878342628 0.103230461478233 0.15962815284729 0.15962815284729 0.156599283218384 0.139432862401009 0.1519955098629 0.130977556109428 0.0796135067939758 0.104592397809029 0.104786023497581 0.0883808583021164 0.108994975686073 0.103690512478352 0.133656963706017 0.152020931243896 0.180122092366219 0.149978011846542 0.178113624453545 0.193217292428017 0.212081432342529 0.216711610555649 0.253655910491943 0.256826490163803 0.257218897342682 0.247457966208458 0.253869652748108 0.245140165090561
0.0873885005712509 0.057665977627039 0.0558551996946335 0.0825644955039024 0.0814448371529579 0.0996033474802971 0.0948037654161453 0.0675190985202789 0.0621302761137486 0.0555469505488873 0.0629357695579529 0.066922664642334 0.0920171588659286 0.0865559130907059 0.0690934434533119 0.0758563503623009 0.0523798018693924 0.142218261957169 0.145997688174248 0.143141686916351 0.105917356908321 0.132452443242073 0.156757012009621 0.161147549748421 0.127938568592072 0.0991327241063118 0.0887093469500542 0.070429340004921 0.114862941205502 0.10680216550827 0.122187972068787 0.142002925276756 0.14544253051281 0.148576185107231 0.157333686947823 0.193388432264328 0.19946451485157 0.226492434740067 0.268462538719177 0.265059322118759 0.254395723342896 0.200737968087196 0.146887019276619 0.101941034197807
0.0709894448518753 0.0855480656027794 0.0639939159154892 0.060111079365015 0.0695726424455643 0.0667574033141136 0.0725467950105667 0.0693364664912224 0.0658430382609367 0.0663141086697578 0.0557196922600269 0.07138691842556 0.0809805169701576 0.0756845995783806 0.060760248452425 0.0947134345769882 0.0796425342559814 0.14116795361042 0.184260860085487 0.112149111926556 0.0820876881480217 0.153541415929794 0.188238695263863 0.199131533503532 0.190008938312531 0.182863220572472 0.139730647206306 0.113963223993778 0.124939292669296 0.128771930932999 0.132380411028862 0.161418437957764 0.17430716753006 0.196989074349403 0.213614240288734 0.223866447806358 0.248233646154404 0.250521212816238 0.244007766246796 0.180518195033073 0.112189762294292 0.0663785114884377 0.0533118508756161 0.0507349371910095
0.0877710208296776 0.0832995921373367 0.0624448619782925 0.0580169633030891 0.0517855137586594 0.0446886047720909 0.0373043343424797 0.0384106300771236 0.0541675128042698 0.0664051547646523 0.0502686016261578 0.0524756051599979 0.0742331445217133 0.0806322693824768 0.0631905198097229 0.07054103910923 0.127375051379204 0.164090350270271 0.125848174095154 0.0864948257803917 0.114614494144917 0.145896375179291 0.121023006737232 0.155486837029457 0.151594713330269 0.147084906697273 0.147597342729568 0.135446935892105 0.125879347324371 0.133884325623512 0.149539053440094 0.146223857998848 0.167643800377846 0.139288008213043 0.170720711350441 0.218595191836357 0.166499674320221 0.168617859482765 0.107684016227722 0.0718846172094345 0.0585554353892803 0.0266685169190168 0.0444060079753399 0.126195326447487
