data/climate_estimation/maxent_output/Fritillaria_acmopetala.asc
NCOLS 143 
NROWS 41 
XLLCORNER 31.6666666666667 
YLLCORNER 33.9166666666667 
CELLSIZE 0.0833333333333333 
NODATA_value -3.4e+38 
[rows 0 to 20 of 41, columns 0 to 47 of 143]
0.673780858516693 0.714197099208832 0.701981008052826 0.713412463665009 0.681695282459259 0.700379848480225 0.719271838665009 0.750366926193237 0.740242958068848 0.751365184783936 0.723527491092682 0.705341815948486 0.662732839584351 0.616225600242615 0.54734069108963 0.502986252307892 0.494218796491623 0.456585884094238 0.428979277610779 0.418876469135284 0.435929238796234 0.42949715256691 0.456572204828262 0.420807391405106 0.44672492146492 0.465781360864639 0.489570528268814 0.583572566509247 0.643809676170349 0.738559007644653 0.842726171016693 0.8554847240448 0.85759824514389 0.863878786563873 0.730765700340271 0.635172426700592 0.61635410785675 0.632129013538361 0.667090892791748 0.625463306903839 0.593029320240021 0.56831306219101 0.509144723415375 0.447727382183075 0.400981485843658 0.342871844768524 0.304856836795807 0.254134327173233
0.710772335529327 0.729428470134735 0.74699741601944 0.770804524421692 0.773533284664154 0.777046918869019 0.766770720481873 0.773209869861603 0.793781042098999 0.825136065483093 0.813295543193817 0.754723727703094 0.741119503974915 0.711748898029327 0.702713310718536 0.593216419219971 0.478091299533844 0.415364265441895 0.395973056554794 0.407535076141357 0.43143630027771 0.443825155496597 0.465294897556305 0.510630011558533 0.504005670547485 0.516100108623505 0.557152926921844 0.641538202762604 0.750636994838715 0.801856815814972 0.885217726230621 0.814098656177521 0.662773311138153 0.584983766078949 0.694745600223541 0.617766678333282 0.626495957374573 0.633261322975159 0.652494013309479 0.610442280769348 0.634127736091614 0.596863210201263 0.534021317958832 0.505390524864197 0.428109019994736 0.436288833618164 0.380664318799973 0.302489429712296
0.747193276882172 0.73812347650528 0.777355968952179 0.764653325080872 0.808169722557068 0.819687068462372 0.81603741645813 0.832501351833344 0.838407814502716 0.815061628818512 0.816363036632538 0.790890455245972 0.746775984764099 0.674046456813812 0.681680858135223 0.706982910633087 0.581108450889587 0.494210928678513 0.477292507886887 0.494750052690506 0.526486337184906 0.524274110794067 0.534721076488495 0.546188831329346 0.593436717987061 0.649313628673553 0.667428731918335 0.721445262432098 0.788403034210205 0.808960855007172 0.789777636528015 0.78918868303299 0.75621086359024 0.633061468601227 0.607267022132874 0.659526109695435 0.671778857707977 0.669322907924652 0.701990127563477 0.672217547893524 0.670492827892303 0.62997579574585 0.581378996372223 0.52600759267807 0.49432110786438 0.445883959531784 0.432764291763306 0.35251384973526
0.797612488269806 0.778453409671783 0.801364898681641 0.805890321731567 0.826434135437012 0.849676012992859 0.858294904232025 0.857256233692169 0.862127363681793 0.871757745742798 0.818168997764587 0.781308472156525 0.769969761371613 0.697871267795563 0.659926474094391 0.689329206943512 0.675813972949982 0.634379029273987 0.587285161018372 0.578956961631775 0.560143291950226 0.571148276329041 0.643314778804779 0.658701658248901 0.711065530776978 0.710022628307343 0.743686497211456 0.78060907125473 0.819246888160706 0.816961348056793 0.789880990982056 0.737684488296509 0.634633958339691 0.608996868133545 0.646725833415985 0.704824030399323 0.781340897083282 0.77012175321579 0.789325416088104 0.766477286815643 0.722190141677856 0.68924343585968 0.605878055095673 0.596691191196442 0.570826172828674 0.527328252792358 0.502646148204803 0.43307238817215
0.792352557182312 0.80903285741806 0.809057593345642 0.81436687707901 0.832130968570709 0.852763533592224 0.874441623687744 0.874904334545135 0.891967058181763 0.883693039417267 0.863371133804321 0.881692588329315 0.867326617240906 0.794386744499207 0.736341834068298 0.659921944141388 0.620481789112091 0.661099672317505 0.684899985790253 0.666973531246185 0.654052495956421 0.652435958385468 0.64380669593811 0.691785573959351 0.737511038780212 0.74958348274231 0.751462280750275 0.737094342708588 0.75272536277771 0.74660062789917 0.688354849815369 0.691708266735077 0.677907049655914 0.673456966876984 0.724853694438934 0.833040118217468 0.888022541999817 0.842357039451599 0.878867506980896 0.852477610111237 0.80422055721283 0.775343179702759 0.717511892318726 0.659247934818268 0.624409854412079 0.634708642959595 0.580011367797852 0.517797589302063
0.824715793132782 0.853536605834961 0.832141876220703 0.843656122684479 0.856167256832123 0.869512021541595 0.887154996395111 0.888393402099609 0.88830828666687 0.909193336963654 0.904768943786621 0.870035529136658 0.873556911945343 0.871881246566772 0.840484619140625 0.818694770336151 0.691430985927582 0.629904627799988 0.64816027879715 0.668751418590546 0.720143973827362 0.638793289661407 0.683408796787262 0.714534223079681 0.749524354934692 0.72848516702652 0.716423094272614 0.712628185749054 0.755525350570679 0.658241212368011 0.701476097106934 0.686139762401581 0.740811944007874 0.801047205924988 0.888704299926758 0.927596926689148 0.93986177444458 0.923860311508179 0.91543436050415 0.87971293926239 0.867575228214264 0.845649719238281 0.812143385410309 0.779687345027924 0.748565912246704 0.688624441623688 0.709869384765625 0.621773600578308
0.861748933792114 0.861688196659088 0.877271115779877 0.882163286209106 0.876355707645416 0.880188047885895 0.865286111831665 0.889823079109192 0.89130038022995 0.897639691829681 0.908426702022552 0.884956359863281 0.87498813867569 0.882722496986389 0.861878395080566 0.849135875701904 0.815567016601562 0.650531589984894 0.631097972393036 0.637475192546844 0.69657027721405 0.708343327045441 0.717716217041016 0.714777767658234 0.737134039402008 0.717681586742401 0.698471069335938 0.692988157272339 0.701297521591187 0.696094930171967 0.728729844093323 0.752666890621185 0.855139315128326 0.901971936225891 0.962935030460358 0.97878098487854 0.966257154941559 0.944142699241638 0.936127841472626 0.930951833724976 0.911194860935211 0.888090670108795 0.877842485904694 0.862583994865417 0.803539991378784 0.752862095832825 0.691394686698914 0.656059861183167
0.875392019748688 0.887298226356506 0.878782629966736 0.891171634197235 0.892329454421997 0.869567573070526 0.877572655677795 0.881940841674805 0.907784938812256 0.890354812145233 0.901838660240173 0.896571099758148 0.828450918197632 0.780939102172852 0.874798476696014 0.855666041374207 0.84050726890564 0.726656675338745 0.661171853542328 0.615069389343262 0.647972226142883 0.63857501745224 0.702048778533936 0.707868695259094 0.667845070362091 0.707399070262909 0.727430820465088 0.694659829139709 0.70218288898468 0.701254725456238 0.816602170467377 0.893942654132843 0.964727520942688 0.97039121389389 0.97912585735321 -3.4e+38 -3.4e+38 -3.4e+38 0.957212209701538 0.955974757671356 0.951149940490723 0.900482594966888 0.902570366859436 0.901501417160034 0.896118760108948 0.856698453426361 0.796405911445618 0.753151476383209
0.883184134960175 0.892378091812134 0.901202917098999 0.907679080963135 0.900810062885284 0.910569369792938 0.882584989070892 0.885489940643311 0.913173675537109 0.905605554580688 0.907334208488464 0.872659504413605 0.833217203617096 0.78557300567627 0.783096194267273 0.842153131961823 0.796195209026337 0.778696894645691 0.690830707550049 0.646051585674286 0.671438157558441 0.707910478115082 0.681248247623444 0.748333096504211 0.728453397750854 0.772375404834747 0.759791374206543 0.757739782333374 0.753186702728271 0.812533140182495 0.909375309944153 0.949387788772583 0.973171174526215 0.975597500801086 -3.4e+38 -3.4e+38 -3.4e+38 -3.4e+38 -3.4e+38 -3.4e+38 -3.4e+38 0.945397198200226 0.926304340362549 0.933374047279358 0.941459059715271 0.934508681297302 0.874343454837799 0.827975988388062
-3.4e+38 -3.4e+38 0.91126275062561 0.926763772964478 0.918897211551666 0.904364764690399 0.884195625782013 0.882563591003418 0.91307520866394 0.891760647296906 0.900829672813416 0.881198704242706 0.87578946352005 0.85094153881073 0.792223989963531 0.757985591888428 0.766582131385803 0.75709056854248 0.731052458286285 0.733300745487213 0.705427408218384 0.699081778526306 0.74552458524704 0.752584874629974 0.758618295192719 0.767912149429321 0.770433008670807 0.799988269805908 0.825601816177368 0.892872154712677 0.953713953495026 0.969263255596161 -3.4e+38 -3.4e+38 -3.4e+38 -3.4e+38 -3.4e+38 -3.4e+38 -3.4e+38 -3.4e+38 -3.4e+38 -3.4e+38 -3.4e+38 0.949584782123566 0.959206104278564 -3.4e+38 0.884333431720734 -3.4e+38
-3.4e+38 -3.4e+38 -3.4e+38 -3.4e+38 -3.4e+38 0.920121371746063 0.917439997196198 0.890726029872894 0.902739942073822 0.896384537220001 0.914303183555603 0.920135259628296 0.904778897762299 0.912008821964264 0.859413623809814 0.819619953632355 0.815348565578461 0.816405415534973 0.795651257038116 0.740403831005096 0.720501959323883 0.733493030071259 0.771206736564636 0.799255073070526 0.782964169979095 0.821977019309998 0.846178829669952 0.85007244348526 0.906945824623108 0.956697940826416 0.97164648771286 -3.4e+38 -3.4e+38 -3.4e+38 -3.4e+38 -3.4e+38 -3.4e+38 -3.4e+38 -3.4e+38 -3.4e+38 -3.4e+38 -3.4e+38 -3.4e+38 -3.4e+38 -3.4e+38 -3.4e+38 -3.4e+38 -3.4e+38
-339999999999999996123846586046231871488.000000000000000 -3.4e+38 -3.4e+38 -3.4e+38 -3.4e+38 -3.4e+38 0.917880535125732 0.922736644744873 0.888763785362244 0.890890002250671 0.921318113803864 0.939072012901306 0.919587254524231 0.906108260154724 0.886877954006195 0.853009819984436 0.833852171897888 0.802436888217926 0.795305609703064 0.763485074043274 0.752841532230377 0.792543530464172 0.758568704128265 0.785530567169189 0.823795020580292 0.85802549123764 0.906290233135223 0.951178908348083 0.955681324005127 0.966067016124725 -3.4e+38 -3.4e+38 -3.4e+38 -3.4e+38 -3.4e+38 -3.4e+38 -3.4e+38 -3.4e+38 -3.4e+38 -3.4e+38 -3.4e+38 -3.4e+38 -3.4e+38 -3.4e+38 -3.4e+38 -3.4e+38 -3.4e+38 -3.4e+38
-3.4e+38 -3.4e+38 -3.4e+38 -3.4e+38 -3.4e+38 -3.4e+38 0.915974318981171 0.941424489021301 0.908188164234161 0.895778477191925 0.879305422306061 0.898059785366058 0.90973562002182 0.832117080688477 0.868104755878448 0.857573688030243 0.791576981544495 0.846266448497772 0.817546486854553 0.796069622039795 0.747503340244293 0.788792550563812 0.784767210483551 0.804851531982422 0.819422662258148 0.894780576229095 0.93920373916626 0.960094690322876 0.95091038942337 0.957890629768372 -3.4e+38 -3.4e+38 -3.4e+38 -3.4e+38 -3.4e+38 -3.4e+38 -3.4e+38 -3.4e+38 -3.4e+38 -3.4e+38 -3.4e+38 -3.4e+38 -3.4e+38 -3.4e+38 -3.4e+38 -3.4e+38 -3.4e+38 -3.4e+38
-3.4e+38 -3.4e+38 -3.4e+38 -3.4e+38 -3.4e+38 -3.4e+38 -3.4e+38 0.939127564430237 0.92155796289444 0.876027524471283 0.883968234062195 0.884097814559937 0.835857272148132 0.833432376384735 0.845403432846069 0.819608151912689 0.804565906524658 0.80598258972168 0.773134469985962 0.794138014316559 0.791999161243439 0.796840250492096 0.782946169376373 0.813960313796997 0.850982308387756 0.902083516120911 -3.4e+38 0.956177949905396 -3.4e+38 -3.4e+38 -3.4e+38 -3.4e+38 -3.4e+38 -3.4e+38 -3.4e+38 -3.4e+38 -3.4e+38 -3.4e+38 -3.4e+38 -3.4e+38 -3.4e+38 -3.4e+38 -3.4e+38 -3.4e+38 -3.4e+38 -3.4e+38 -3.4e+38 -3.4e+38
-3.4e+38 -3.4e+38 -3.4e+38 -3.4e+38 -3.4e+38 -3.4e+38 -3.4e+38 -3.4e+38 -3.4e+38 0.894754946231842 0.885585844516754 0.868525505065918 0.840613007545471 0.842311680316925 0.845045924186707 0.841304957866669 0.837524473667145 0.803181767463684 0.784557819366455 0.805571556091309 0.793332874774933 0.815629363059998 0.825434684753418 0.827594637870789 0.874194920063019 -3.4e+38 -3.4e+38 -3.4e+38 -3.4e+38 -3.4e+38 -3.4e+38 -3.4e+38 -3.4e+38 -3.4e+38 -3.4e+38 -3.4e+38 -3.4e+38 -3.4e+38 -3.4e+38 -3.4e+38 -3.4e+38 -3.4e+38 -3.4e+38 -3.4e+38 -3.4e+38 -3.4e+38 -3.4e+38 -3.4e+38
-3.4e+38 -3.4e+38 -3.4e+38 -3.4e+38 -3.4e+38 -3.4e+38 -3.4e+38 -3.4e+38 -3.4e+38 -3.4e+38 -3.4e+38 0.89022421836853 0.858369529247284 0.886908292770386 0.871266543865204 -3.4e+38 -3.4e+38 0.833221971988678 -3.4e+38 -3.4e+38 -3.4e+38 -3.4e+38 -3.4e+38 -3.4e+38 -3.4e+38 -3.4e+38 -3.4e+38 -3.4e+38 -3.4e+38 -3.4e+38 -3.4e+38 -3.4e+38 -3.4e+38 -3.4e+38 -3.4e+38 -3.4e+38 -3.4e+38 -3.4e+38 -3.4e+38 -3.4e+38 -3.4e+38 -3.4e+38 -3.4e+38 -3.4e+38 -3.4e+38 -3.4e+38 -3.4e+38 -3.4e+38
-3.4e+38 -3.4e+38 -3.4e+38 -3.4e+38 -3.4e+38 -3.4e+38 -3.4e+38 -3.4e+38 -3.4e+38 -3.4e+38 -3.4e+38 -3.4e+38 -3.4e+38 -3.4e+38 -3.4e+38 -3.4e+38 -3.4e+38 -3.4e+38 -3.4e+38 -3.4e+38 -3.4e+38 -3.4e+38 -3.4e+38 -3.4e+38 -3.4e+38 -3.4e+38 -3.4e+38 -3.4e+38 -3.4e+38 -3.4e+38 -3.4e+38 -3.4e+38 -3.4e+38 -3.4e+38 -3.4e+38 -3.4e+38 -3.4e+38 -3.4e+38 -3.4e+38 -3.4e+38 -3.4e+38 -3.4e+38 -3.4e+38 -3.4e+38 -3.4e+38 -3.4e+38 -3.4e+38 -3.4e+38
-3.4e+38 -3.4e+38 -3.4e+38 -3.4e+38 -3.4e+38 -3.4e+38 -3.4e+38 -3.4e+38 -3.4e+38 -3.4e+38 -3.4e+38 -3.4e+38 -3.4e+38 -3.4e+38 -3.4e+38 -3.4e+38 -3.4e+38 -3.4e+38 -3.4e+38 -3.4e+38 -3.4e+38 -3.4e+38 -3.4e+38 -3.4e+38 -3.4e+38 -3.4e+38 -3.4e+38 -3.4e+38 -3.4e+38 -3.4e+38 -3.4e+38 -3.4e+38 -3.4e+38 -3.4e+38 -3.4e+38 -3.4e+38 -3.4e+38 -3.4e+38 -3.4e+38 -3.4e+38 -3.4e+38 -3.4e+38 -3.4e+38 -3.4e+38 -3.4e+38 -3.4e+38 -3.4e+38 -3.4e+38
-3.4e+38 -3.4e+38 -3.4e+38 -3.4e+38 -3.4e+38 -3.4e+38 -3.4e+38 -3.4e+38 -3.4e+38 -3.4e+38 -3.4e+38 -3.4e+38 -3.4e+38 -3.4e+38 -3.4e+38 -3.4e+38 -3.4e+38 -3.4e+38 -3.4e+38 -3.4e+38 -3.4e+38 -3.4e+38 -3.4e+38 -3.4e+38 -3.4e+38 -3.4e+38 -3.4e+38 -3.4e+38 -3.4e+38 -3.4e+38 -3.4e+38 -3.4e+38 -3.4e+38 -3.4e+38 -3.4e+38 -3.4e+38 -3.4e+38 -3.4e+38 -3.4e+38 -3.4e+38 -3.4e+38 -3.4e+38 -3.4e+38 -3.4e+38 -3.4e+38 -3.4e+38 -3.4e+38 -3.4e+38
-3.4e+38 -3.4e+38 -3.4e+38 -3.4e+38 -3.4e+38 -3.4e+38 -3.4e+38 -3.4e+38 -3.4e+38 -3.4e+38 -3.4e+38 -3.4e+38 -3.4e+38 -3.4e+38 -3.4e+38 -3.4e+38 -3.4e+38 -3.4e+38 -3.4e+38 -3.4e+38 -3.4e+38 -3.4e+38 -3.4e+38 -3.4e+38 -3.4e+38 -3.4e+38 -3.4e+38 -3.4e+38 -3.4e+38 -3.4e+38 -3.4e+38 -3.4e+38 -3.4e+38 -3.4e+38 0.954683482646942 0.962033271789551 -3.4e+38 -3.4e+38 -3.4e+38 -3.4e+38 -3.4e+38 -3.4e+38 -3.4e+38 -3.4e+38 -3.4e+38 -3.4e+38 -3.4e+38 -3.4e+38
-3.4e+38 -3.4e+38 -3.4e+38 -3.4e+38 -3.4e+38 -3.4e+38 -3.4e+38 -3.4e+38 -3.4e+38 -3.4e+38 -3.4e+38 -3.4e+38 -3.4e+38 -3.4e+38 -3.4e+38 -3.4e+38 -3.4e+38 -3.4e+38 -3.4e+38 -3.4e+38 -3.4e+38 -3.4e+38 -3.4e+38 -3.4e+38 -3.4e+38 -3.4e+38 -3.4e+38 -3.4e+38 -3.4e+38 -3.4e+38 -3.4e+38 0.886550545692444 0.913808763027191 0.936100125312805 0.954445958137512 -3.4e+38 -3.4e+38 -3.4e+38 -3.4e+38 -3.4e+38 -3.4e+38 -3.4e+38 -3.4e+38 -3.4e+38 -3.4e+38 -3.4e+38 -3.4e+38 -3.4e+38
