data/climate_estimation/maxent_output/Fritillaria_involucrata.asc
NCOLS 33 
NROWS 14 
XLLCORNER 5.33333333333333 
YLLCORNER 43.1666666666667 
CELLSIZE 0.0833333333333333 
NODATA_value -3.4e+38 
0.666518092155457 0.699369192123413 0.713001728057861 0.677233159542084 0.653706967830658 0.566999435424805 0.429743051528931 0.458669394254684 0.579872071743011 0.677158534526825 0.584781587123871 0.653014838695526 0.662083506584167 0.388964712619781 0.268016427755356 0.41808620095253 0.23043255507946 0.15339757502079 0.494671940803528 0.206774577498436 0.434250473976135 0.661694169044495 0.721521615982056 0.762433350086212 0.745407283306122 0.770478308200836 0.759154319763184 0.808575332164764 0.861872553825378 0.85028737783432 0.853253126144409 0.877319514751434 0.908853113651276
0.724078059196472 0.69265878200531 0.681468188762665 0.666343331336975 0.718845129013062 0.698964416980743 0.499333947896957 0.473333805799484 0.656694352626801 0.685352027416229 0.670872569084167 0.685180306434631 0.649770259857178 0.653673112392426 0.36284413933754 0.573822617530823 0.368141680955887 0.345304131507874 0.398242622613907 0.685640573501587 0.529087722301483 0.405683726072311 0.241742759943008 0.470738261938095 0.722689092159271 0.740170538425446 0.840779781341553 0.707790195941925 0.642422318458557 0.637831211090088 0.767770349979401 0.84259033203125 0.887185513973236
0.762361466884613 0.723181188106537 0.739316284656525 0.795277416706085 0.729605615139008 0.757590055465698 0.723821818828583 0.530937314033508 0.549038350582123 0.661467611789703 0.675746440887451 0.623937547206879 0.70952171087265 0.665594637393951 0.70057487487793 0.624383330345154 0.424225896596909 0.757775485515594 0.786850154399872 0.575000941753387 0.709459781646729 0.774330258369446 0.432986319065094 0.470249265432358 0.334768831729889 0.320554316043854 0.724950790405273 0.800496995449066 0.670636177062988 0.839559853076935 0.863772094249725 0.86902529001236 0.918307542800903
0.720522105693817 0.759977519512177 0.714610993862152 0.757952213287354 0.744939148426056 0.690926253795624 0.59880530834198 0.531960070133209 0.608295500278473 0.534074246883392 0.636981904506683 0.692181169986725 0.696208000183105 0.753150820732117 0.73799741268158 0.774312853813171 0.68787008523941 0.786377251148224 0.803936064243317 0.787014365196228 0.813727974891663 0.826671719551086 0.80143129825592 0.805371761322021 0.705461859703064 0.592954576015472 0.854332089424133 0.854930102825165 0.852466881275177 0.857656419277191 0.899453997612 0.873025596141815 0.821600675582886
0.678849577903748 0.769876897335052 0.762035250663757 0.729998767375946 0.671260058879852 0.657555043697357 0.617147088050842 0.637214064598083 0.657274484634399 0.643081605434418 0.752098441123962 0.730705678462982 0.717224597930908 0.761443078517914 0.797364771366119 0.760252833366394 0.790512204170227 0.774949669837952 0.785003364086151 0.801061809062958 0.801624357700348 0.768247902393341 0.821690201759338 0.813091337680817 0.853527903556824 0.838725984096527 0.864234030246735 0.872697532176971 0.916802644729614 0.920042037963867 0.890246987342834 0.836724460124969 0.830144703388214
0.60143917798996 0.622389435768127 0.696765184402466 0.671668589115143 0.714777112007141 0.667381048202515 0.631159484386444 0.71367347240448 0.742786049842834 0.769956052303314 0.777588725090027 0.782229781150818 0.78528505563736 0.779700219631195 0.792222797870636 0.75869619846344 0.776105403900146 0.818596720695496 0.795852184295654 0.796682834625244 0.780251383781433 0.765596687793732 0.752180933952332 0.831795156002045 0.834087014198303 0.830792844295502 0.733198940753937 0.678062379360199 0.855458319187164 0.810469508171082 0.712609887123108 0.557222723960876 0.59178352355957
0.627536416053772 0.735518217086792 0.710838615894318 0.727270841598511 0.69383031129837 0.555896580219269 0.62397712469101 0.713643193244934 0.740428149700165 0.777781069278717 0.778422951698303 0.814531862735748 0.816038072109222 0.813520491123199 0.809921681880951 0.818092286586761 0.825488924980164 0.827929794788361 0.837334096431732 0.813274621963501 0.843766927719116 0.814123034477234 0.586405754089355 0.669773697853088 0.687904953956604 0.674933016300201 0.616819202899933 0.440637230873108 0.621858239173889 0.359910547733307 0.316160142421722 -3.4e+38 -3.4e+38
0.431936740875244 0.45251739025116 0.540754616260529 0.690850615501404 0.5774005651474 0.644419133663177 0.714945733547211 0.727624535560608 0.778013825416565 0.782893478870392 0.812266826629639 0.847063720226288 0.824987351894379 0.845222473144531 0.802585124969482 0.818089544773102 0.808840990066528 0.778740286827087 0.821220934391022 0.793487310409546 0.671639263629913 0.486637115478516 0.443160504102707 0.46527624130249 0.647076666355133 0.503499150276184 -3.4e+38 -3.4e+38 -3.4e+38 -3.4e+38 -3.4e+38 -3.4e+38 -3.4e+38
0.569055676460266 0.530922651290894 0.553263127803802 0.601806044578552 0.713864803314209 0.7114297747612 0.725661039352417 0.748794555664062 0.784136176109314 0.798685133457184 0.815817296504974 0.843074858188629 0.855417311191559 0.837477922439575 0.797471821308136 0.81358003616333 0.682550072669983 0.567363262176514 0.541473686695099 0.392623543739319 0.41769352555275 0.338354378938675 -3.4e+38 -3.4e+38 -3.4e+38 -3.4e+38 -3.4e+38 -3.4e+38 -3.4e+38 -3.4e+38 -3.4e+38 -3.4e+38 -3.4e+38
0.44170817732811 0.501263320446014 0.670462787151337 0.82202011346817 0.768338918685913 0.733231663703918 0.797011613845825 0.710125207901001 0.747119545936584 0.754419207572937 0.710956335067749 0.770075023174286 0.760044157505035 0.684126496315002 0.649619281291962 0.581415593624115 0.591238617897034 0.536773443222046 0.490746021270752 0.285072296857834 0.311615318059921 0.305931478738785 -3.4e+38 -3.4e+38 -3.4e+38 -3.4e+38 -3.4e+38 -3.4e+38 -3.4e+38 -3.4e+38 -3.4e+38 -3.4e+38 -3.4e+38
0.434773594141006 0.537438154220581 0.544324576854706 0.621228575706482 0.646184325218201 0.775928497314453 0.668057441711426 0.715167164802551 0.673052966594696 0.702367901802063 0.668328821659088 0.696049869060516 0.644784092903137 0.603957295417786 0.530462980270386 0.560396790504456 0.465850561857224 0.442430883646011 0.419736176729202 0.37623143196106 -3.4e+38 -3.4e+38 -3.4e+38 -3.4e+38 -3.4e+38 -3.4e+38 -3.4e+38 -3.4e+38 -3.4e+38 -3.4e+38 -3.4e+38 -3.4e+38 -3.4e+38
0.47751784324646 0.588535308837891 0.721398591995239 0.595778167247772 0.731460452079773 0.805784046649933 0.777541816234589 0.702299237251282 0.732065081596375 0.719541966915131 0.715120911598206 0.729282557964325 0.648913264274597 0.608007490634918 0.603145778179169 0.57583886384964 0.493491649627686 -3.4e+38 -3.4e+38 -3.4e+38 -3.4e+38 -3.4e+38 -3.4e+38 -3.4e+38 -3.4e+38 -3.4e+38 -3.4e+38 -3.4e+38 -3.4e+38 -3.4e+38 -3.4e+38 -3.4e+38 -3.4e+38
0.318429559469223 0.43993416428566 0.496904164552689 0.583342730998993 0.78547328710556 0.81234335899353 0.807138383388519 0.763742566108704 0.69224488735199 0.687487483024597 0.619905769824982 0.699454247951508 0.677596628665924 0.621817529201508 0.578283309936523 0.473230928182602 0.425017386674881 -3.4e+38 -3.4e+38 -3.4e+38 -3.4e+38 -3.4e+38 -3.4e+38 -3.4e+38 -3.4e+38 -3.4e+38 -3.4e+38 -3.4e+38 -3.4e+38 -3.4e+38 -3.4e+38 -3.4e+38 -3.4e+38
0.381244897842407 0.557328939437866 0.517371892929077 0.530638694763184 0.539378583431244 0.530266582965851 0.708947598934174 0.767884075641632 0.623044490814209 0.56813108921051 0.611502289772034 0.607949674129486 0.646160900592804 0.5436652302742 0.520068228244781 0.503980875015259 0.428862512111664 -3.4e+38 -3.4e+38 -3.4e+38 -3.4e+38 -3.4e+38 -3.4e+38 -3.4e+38 -3.4e+38 -3.4e+38 -3.4e+38 -3.4e+38 -3.4e+38 -3.4e+38 -3.4e+38 -3.4e+38 -3.4e+38
