data/climate_estimation/maxent_output/Fritillaria_agrestis.asc
NCOLS 56 
NROWS 66 
XLLCORNER -123.333333333333 
YLLCORNER 34.5 
CELLSIZE 0.0833333333333334 
NODATA_value -3.4e+38 
[rows 0 to 21 of 66, columns 0 to 48 of 56]
0.236350551247597 0.120228089392185 0.0408849269151688 0.0966432094573975 0.0362315960228443 0.092247910797596 0.0403490364551544 0.108076982200146 0.21221162378788 0.175973013043404 0.168749377131462 0.176014691591263 0.295835465192795 0.294925898313522 0.328882545232773 0.311859935522079 0.316051334142685 0.316559225320816 0.376365929841995 0.478395074605942 0.479296863079071 0.386944234371185 0.0461646877229214 0.0461714342236519 0.195209294557571 0.0166164766997099 0.022941742092371 0.0867921411991119 0.0416477583348751 0.023869413882494 0.0111248428002 0.00765271112322807 0.00543748028576374 0.00587230827659369 0.00449906010180712 0.00327237276360393 0.00275543588213623 0.00166201405227184 0.00131456064991653 0.000357579963747412 0.000109279426396824 5.0396967708366e-05 2.86636150121922e-05 4.39839823229704e-05 1.79311409738148e-05 1.67005800904008e-05 5.98688166064676e-06 4.65241419078666e-06 1.52545999299036e-06
0.242350742220879 0.268320947885513 0.257128447294235 0.255007296800613 0.0383501723408699 0.108350791037083 0.123665936291218 0.269252598285675 0.225296586751938 0.207529708743095 0.205365419387817 0.219458550214767 0.365661799907684 0.391421496868134 0.376815617084503 0.384003043174744 0.371827483177185 0.359512329101562 0.362076699733734 0.371110498905182 0.431364268064499 0.75250780582428 0.479545772075653 0.421474546194077 0.0993762537837029 0.0425060950219631 0.0287709347903728 0.0475746132433414 0.0245127379894257 0.0263728145509958 0.0184346102178097 0.0161051955074072 0.00765903852880001 0.00677710399031639 0.00540319085121155 0.00417411653324962 0.00336919398978353 0.00181422254536301 0.00113649049308151 0.000304525019600987 0.000128830943140201 4.84339252579957e-05 3.69734989362769e-05 2.65820581262233e-05 1.27418525153189e-05 8.90570117917378e-06 8.16747979115462e-06 3.28434862240101e-06 1.48700678437308e-06
0.276066035032272 0.509274661540985 0.546808481216431 0.28830748796463 0.11248817294836 0.111097954213619 0.253163754940033 0.255326747894287 0.456046313047409 0.384304732084274 0.382777273654938 0.44002166390419 0.464030891656876 0.440161973237991 0.466399431228638 0.463724702596664 0.428535163402557 0.412820428609848 0.388577878475189 0.400663703680038 0.376028329133987 0.413427621126175 0.483287036418915 0.485883831977844 0.217698290944099 0.102215841412544 0.098397821187973 0.0519531480967999 0.0283056534826756 0.0136286709457636 0.0137137854471803 0.0125924646854401 0.0127261700108647 0.0107897017151117 0.00734598468989134 0.00700316438451409 0.00461437972262502 0.00162982183974236 0.00070253451121971 0.000341451581334695 0.000552911544218659 9.57658266997896e-05 3.98726260755211e-05 2.04640164156444e-05 1.0470700544829e-05 8.67464950715657e-06 1.05133121905965e-05 2.65500921159401e-06 1.20040715501091e-06
0.254607230424881 0.490424782037735 0.531204521656036 0.119972981512547 0.118711054325104 0.0406665988266468 0.100178673863411 0.557127416133881 0.509110987186432 0.459370613098145 0.431842058897018 0.465655595064163 0.497710406780243 0.500411152839661 0.533054530620575 0.493788242340088 0.735604107379913 0.726779460906982 0.69150972366333 0.637629389762878 0.379819244146347 0.380179464817047 0.394168883562088 0.436237454414368 0.439102709293365 0.39161005616188 0.119853399693966 0.0534974560141563 0.0307876728475094 0.0196940880268812 0.0136284250766039 0.0102741988375783 0.0104862172156572 0.0106274271383882 0.0107536884024739 0.00863237679004669 0.00603854889050126 0.00362452282570302 0.00259750406257808 0.000632513081654906 0.00029396015452221 8.96040291991085e-05 4.21693657699507e-05 1.75118475453928e-05 1.03765496533015e-05 6.54872155791963e-06 1.66959580383264e-05 1.79609730821539e-06 1.03780450899649e-06
0.204683095216751 0.232168912887573 0.516332447528839 0.25252103805542 0.0384889245033264 0.103080496191978 0.100601762533188 0.285290062427521 0.52850466966629 0.465640485286713 0.497212946414948 0.559348940849304 0.602635443210602 0.571232736110687 0.810942351818085 0.768185794353485 0.756965637207031 0.73693859577179 0.706893503665924 0.658763289451599 0.630260825157166 0.389862149953842 0.378556668758392 0.441511958837509 0.415978968143463 0.431917726993561 0.397987306118011 0.122629180550575 0.0565250962972641 0.03056157566607 0.0301378555595875 0.0124741811305285 0.0104146786034107 0.00851543340831995 0.00901842676103115 0.0108901700004935 0.00646866066381335 0.0044934218749404 0.00368076004087925 0.00241568149067461 0.000944158469792455 0.000138054456328973 5.25261093571316e-05 1.84656255441951e-05 1.42004791996442e-05 1.19806063594297e-05 7.52861797082005e-06 1.48881622408226e-06 8.18608100416895e-07
0.366048038005829 0.224577113986015 0.205185979604721 0.243347778916359 0.0901131108403206 0.238277152180672 0.248985216021538 0.232531815767288 0.594022274017334 0.520829916000366 0.584012091159821 0.596239686012268 0.855239391326904 0.868989050388336 0.858679890632629 0.813770711421967 0.831804811954498 0.744562864303589 0.739346742630005 0.690444946289062 0.598610520362854 0.596760272979736 0.583210408687592 0.601472973823547 0.43356192111969 0.43569341301918 0.419256746768951 0.213698521256447 0.106540307402611 0.0538398027420044 0.0326275825500488 0.0179381426423788 0.0149348648265004 0.0102588497102261 0.00826321821659803 0.00835741870105267 0.0065999343059957 0.00565478578209877 0.00442679738625884 0.00354747893288732 0.00176677934359759 0.0001900109637063 4.49301769549493e-05 1.99827536562225e-05 1.00048164313193e-05 5.66694598091999e-06 1.95705251826439e-06 2.51644337367907e-06 7.68271661399922e-07
0.344942629337311 0.409223884344101 0.434604197740555 0.212991237640381 0.557264626026154 0.542516767978668 0.227768450975418 0.219492614269257 0.602672278881073 0.774901330471039 0.810049951076508 0.867804229259491 0.898238778114319 0.878024518489838 0.84357750415802 0.851960062980652 0.832866489887238 0.779445946216583 0.739861667156219 0.701551258563995 0.662377595901489 0.63496208190918 0.624735832214355 0.636138737201691 0.467972993850708 0.437755316495895 0.41212922334671 0.230556204915047 0.117365829646587 0.0607398897409439 0.0357862785458565 0.0227664932608604 0.0141944102942944 0.0108791580423713 0.00890863500535488 0.00756311928853393 0.00746748270466924 0.0065388553775847 0.00487017910927534 0.00472313305363059 0.00328702805563807 0.00158544932492077 5.25274008396082e-05 2.53868565778248e-05 1.90983882930595e-05 1.01435998658417e-05 1.03586644399911e-05 2.26089241550653e-06 9.47080934565747e-07
0.313941597938538 0.399136781692505 0.438415080308914 0.473943829536438 0.541024506092072 0.597199976444244 0.102697670459747 0.255655854940414 0.582319021224976 0.772967636585236 0.77414882183075 0.863529920578003 0.885172426700592 0.89148885011673 0.862586677074432 0.852822363376617 0.810856640338898 0.754223585128784 0.72178190946579 0.715632855892181 0.675458431243896 0.627094626426697 0.613061189651489 0.636862277984619 0.654961466789246 0.706868469715118 0.420622855424881 0.425441414117813 0.23100833594799 0.0647297725081444 0.0380241349339485 0.0324156582355499 0.0177273489534855 0.013029114343226 0.00980155076831579 0.00840492825955153 0.00840246025472879 0.00758461467921734 0.00641802744939923 0.00526236928999424 0.00339718325994909 0.0034290081821382 0.000145376965519972 6.8334469688125e-05 0.000105057100881822 2.72201268671779e-05 2.62065191236616e-06 9.82620349532226e-07 6.22720961018786e-07
0.313271552324295 0.403147280216217 0.440156668424606 0.508562862873077 0.492448627948761 0.546388924121857 0.541614472866058 0.26072433590889 0.644497871398926 0.793238937854767 0.796424090862274 0.824935674667358 0.876301944255829 0.88282173871994 0.855173707008362 0.840613603591919 0.812748968601227 0.816823363304138 0.767793595790863 0.767145276069641 0.719440340995789 0.654328048229218 0.697854101657867 0.652643501758575 0.662477850914001 0.657603800296783 0.689742982387543 0.449229151010513 0.144889026880264 0.0700197443366051 0.0393808856606483 0.0330930948257446 0.0221171919256449 0.0153381116688251 0.0125054828822613 0.0106504606083035 0.0090660285204649 0.00874287448823452 0.00797619484364986 0.00602956721559167 0.00392934679985046 0.00361753557808697 0.000230166086112149 0.00037291573244147 4.87531433464028e-05 6.63677246848238e-06 2.18947661778657e-06 1.12244731553801e-06 5.46117462363327e-07
0.315757274627686 0.392531514167786 0.432487368583679 0.490025788545609 0.535097658634186 0.567151725292206 0.508489489555359 0.601111650466919 0.638301074504852 0.610071301460266 0.760307133197784 0.807016253471375 0.852149367332458 0.858580231666565 0.857469201087952 0.802106380462646 0.825829803943634 0.815804481506348 0.805290579795837 0.771618127822876 0.748530507087708 0.712553322315216 0.721144556999207 0.704377233982086 0.681609988212585 0.698370754718781 0.492591142654419 0.293439418077469 0.27937924861908 0.151925414800644 0.0489193573594093 0.0426186881959438 0.0265117362141609 0.0194477736949921 0.0157268084585667 0.0128625696524978 0.00938979536294937 0.0101077118888497 0.00894541386514902 0.00927505921572447 0.00615024566650391 0.00408881297335029 0.000345242850016803 0.000123088990221731 2.29330344154732e-05 1.18434409159818e-05 3.12407646561041e-05 2.84528391603089e-06 3.97586802591832e-07
0.297501564025879 0.381657421588898 0.422551155090332 0.456059992313385 0.717182695865631 0.720009446144104 0.581628561019897 0.627170264720917 0.6063432097435 0.771182775497437 0.817551076412201 0.772465109825134 0.850676000118256 0.84391587972641 0.853435218334198 0.838177800178528 0.809762001037598 0.829533040523529 0.82282555103302 0.721863389015198 0.776175856590271 0.722338438034058 0.74965500831604 0.71252965927124 0.701704502105713 0.719004034996033 0.704331636428833 0.479467004537582 0.27999410033226 0.156622335314751 0.0524133108556271 0.0428878776729107 0.0298049468547106 0.0214184001088142 0.0163118820637465 0.0137724755331874 0.0115191536024213 0.00930709671229124 0.014210662804544 0.0102059245109558 0.00695977034047246 0.00473879603669047 0.000567270792089403 9.25145141081885e-05 0.000153297616634518 7.33483248041011e-05 9.68094100244343e-05 7.0862147367734e-06 5.43766077498731e-07
0.282408535480499 0.349826753139496 0.405113160610199 0.432683706283569 0.695545971393585 0.653606593608856 0.732510328292847 0.792907476425171 0.762610197067261 0.730993270874023 0.818967282772064 0.758488237857819 0.779902637004852 0.814871251583099 0.837988615036011 0.833045899868011 0.815741956233978 0.822298228740692 0.815784513950348 0.792688965797424 0.819349825382233 0.787862777709961 0.791824281215668 0.769782185554504 0.757174730300903 0.736425399780273 0.744863629341125 0.496473133563995 0.305943191051483 0.15606027841568 0.0835135355591774 0.0711900368332863 0.0355241000652313 0.0307377763092518 0.0225570574402809 0.0163826998323202 0.0132029242813587 0.0102235525846481 0.012133632786572 0.0105548622086644 0.00774500286206603 0.00592124275863171 0.000229660145123489 8.21434878162108e-05 0.000131778564536944 0.000329281640006229 0.000144701160024852 4.21111235482385e-06 1.01117416306806e-06
0.26466578245163 0.318034529685974 0.35506609082222 0.423957884311676 0.453188240528107 0.734569251537323 0.545070707798004 0.756405770778656 0.538939237594604 0.775464832782745 0.782681465148926 0.731542706489563 0.751783967018127 0.762478113174438 0.757505059242249 0.79443371295929 0.803518652915955 0.801585376262665 0.819911062717438 0.821308255195618 0.806911408901215 0.784850120544434 0.802741885185242 0.781341373920441 0.799344003200531 0.742085695266724 0.743870913982391 0.509470522403717 0.501909911632538 0.287632942199707 0.0770368278026581 0.0456821210682392 0.0379242859780788 0.0346110500395298 0.0245293993502855 0.0204333178699017 0.0128708053380251 0.0100057795643806 0.00959337130188942 0.0104467384517193 0.00768699310719967 0.0066250478848815 0.000313979777274653 8.36605904623866e-05 6.86370840412565e-05 0.000192706065718085 0.000209383171750233 2.02232922674739e-06 1.24418545510707e-06
0.233597576618195 0.272402912378311 0.330933183431625 0.364379316568375 0.417675882577896 0.469250202178955 0.481596529483795 0.531304359436035 0.521121323108673 0.554313540458679 0.576617240905762 0.788836121559143 0.756565570831299 0.741768062114716 0.754788815975189 0.77715665102005 0.771652162075043 0.789827346801758 0.81010490655899 0.81641012430191 0.855351805686951 0.860061049461365 0.853925228118896 0.845233201980591 0.812878012657166 0.770134449005127 0.762673616409302 0.751623153686523 0.480579972267151 0.286479413509369 0.0725715756416321 0.0477119199931622 0.0368986241519451 0.032102357596159 0.0249335318803787 0.0233644768595695 0.0153438998386264 0.00945098605006933 0.00775687955319881 0.00970926694571972 0.00814978871494532 0.0056380801834166 0.00175182148814201 0.000308764225337654 0.000451714033260942 0.00144133903086185 0.000317058875225484 2.74915578302171e-06 1.39427368139877e-06
0.114180997014046 0.249303266406059 0.283017814159393 0.295746624469757 0.344701617956161 0.404941767454147 0.445980936288834 0.479903131723404 0.433843970298767 0.632625818252563 0.659519672393799 0.744141101837158 0.752279460430145 0.75264048576355 0.73613578081131 0.718323945999146 0.747965753078461 0.748041033744812 0.824091851711273 0.850587785243988 0.874270677566528 0.879741489887238 0.85884428024292 0.866176784038544 0.841313064098358 0.808477938175201 0.790592670440674 0.788061857223511 0.515384137630463 0.496636062860489 0.271935224533081 0.0668377503752708 0.040764968842268 0.0376309640705585 0.0355292782187462 0.0253244787454605 0.0197859369218349 0.0145050212740898 0.0107999686151743 0.00876559410244226 0.0079998467117548 0.00706791272386909 0.00618047546595335 0.00230923667550087 0.00233398261480033 0.00193700927775353 0.000684635248035192 6.47283286525635e-06 3.11958046950167e-06
0.0925550609827042 0.115082368254662 0.235630542039871 0.257701486349106 0.250604301691055 0.307080119848251 0.345311224460602 0.403603285551071 0.441692650318146 0.643879115581512 0.623252809047699 0.654280483722687 0.709471762180328 0.76075804233551 0.717566251754761 0.738811910152435 0.686521053314209 0.751281201839447 0.817640244960785 0.873944878578186 0.88919061422348 0.89415168762207 0.874104261398315 0.863506674766541 0.858709573745728 0.833803832530975 0.811888933181763 0.579456508159637 0.545611560344696 0.495096951723099 0.259006440639496 0.120571732521057 0.041323434561491 0.0377891473472118 0.0340214446187019 0.0236700791865587 0.018754506483674 0.0166517794132233 0.0115870758891106 0.00788300950080156 0.00800587143748999 0.00777030549943447 0.00749945687130094 0.00611191894859076 0.00390246137976646 0.000333009782480076 3.28116984746885e-05 3.75010167772416e-05 5.15815327162272e-06
0.0529362857341766 0.0878540873527527 0.109628647565842 0.217764034867287 0.219045653939247 0.216153651475906 0.271203577518463 0.317074030637741 0.371904134750366 0.412229210138321 0.392593502998352 0.631918489933014 0.664777755737305 0.720824062824249 0.771393477916718 0.679247260093689 0.689456224441528 0.7571821808815 0.828685224056244 0.876671671867371 0.892683744430542 0.900518774986267 0.87809020280838 0.869018852710724 0.898529648780823 0.890342175960541 0.82772696018219 0.840528130531311 0.556212782859802 0.531727492809296 0.476374834775925 0.2338807284832 0.0653621405363083 0.0472033359110355 0.0333372987806797 0.0253168884664774 0.0179121047258377 0.0135474344715476 0.0108420560136437 0.0088312104344368 0.0075096245855093 0.00755622051656246 0.00783859845250845 0.00682092737406492 0.00449660606682301 0.000858144427184016 8.8560685981065e-05 0.00026710020028986 6.45481122774072e-05
0.032083135098219 0.0625653192400932 0.0867314487695694 0.15445551276207 0.185571298003197 0.183701157569885 0.237332180142403 0.288667738437653 0.300752609968185 0.346647828817368 0.372649133205414 0.614676535129547 0.679806530475616 0.651920795440674 0.730325043201447 0.70528507232666 0.688096165657043 0.731119692325592 0.805727541446686 0.850713789463043 0.886957764625549 0.921912491321564 0.921700000762939 0.905596494674683 0.899287104606628 0.902133703231812 0.872089266777039 0.821021199226379 0.61493194103241 0.541708171367645 0.510040104389191 0.138058871030807 0.0680868849158287 0.0515776798129082 0.0483274422585964 0.0337190516293049 0.0234600864350796 0.0170982703566551 0.0133524797856808 0.0146946534514427 0.0102151483297348 0.00809676665812731 0.00641807448118925 0.00595513544976711 0.00548316212370992 0.0036745450925082 0.000441694719484076 0.00170834618620574 0.00117365689948201
-3.4e+38 0.047044787555933 0.0478627942502499 0.117687903344631 0.154009982943535 0.177629083395004 0.195933327078819 0.429757744073868 0.276887327432632 0.330458670854568 0.363877475261688 0.575260818004608 0.650313556194305 0.702423214912415 0.762355208396912 0.711087107658386 0.651207327842712 0.687228798866272 0.784253060817719 0.854056119918823 0.866149008274078 0.909231305122375 0.913138210773468 0.925830125808716 0.920030534267426 0.913929164409637 0.885564088821411 0.846025884151459 0.613391518592834 0.582259893417358 0.540778577327728 0.243019387125969 0.135692492127419 0.0740986168384552 0.0555162541568279 0.0508049838244915 0.0338947996497154 0.0235196426510811 0.0154585214331746 0.0137947760522366 0.0118756890296936 0.00920616928488016 0.00832637492567301 0.00698762061074376 0.0049024224281311 0.00431521655991673 0.00277937529608607 0.00267360452562571 0.00190935446880758
-3.4e+38 -3.4e+38 0.0726297572255135 0.0922960415482521 0.135702550411224 0.157033830881119 0.323204606771469 0.39402836561203 0.271325439214706 0.312600433826447 0.348721534013748 0.626637160778046 0.650442183017731 0.702842772006989 0.715487658977509 0.725712478160858 0.675321698188782 0.712725520133972 0.799111545085907 0.816693127155304 0.875208795070648 0.912175595760345 0.911621630191803 0.92480194568634 0.90847110748291 0.906100690364838 0.876391470432281 0.618118941783905 0.553992986679077 0.553498268127441 0.49256831407547 0.281451255083084 0.145828276872635 0.134465709328651 0.0753790140151978 0.0524420663714409 0.0417246967554092 0.0243547149002552 0.0196615848690271 0.0160092767328024 0.0144029706716537 0.012883854098618 0.00971025042235851 0.00607152096927166 0.00359174748882651 0.00540160341188312 0.00375854736194015 0.00336730387061834 0.0024752183817327
-3.4e+38 -3.4e+38 -3.4e+38 0.0669811367988586 0.0963449254631996 0.134209796786308 0.170230492949486 0.339781194925308 0.398267805576324 0.437587022781372 0.48177295923233 0.553475022315979 0.639580726623535 0.736698567867279 0.753944337368011 0.764763355255127 0.736281991004944 0.754344880580902 0.79437118768692 0.878457844257355 0.890953123569489 0.917409300804138 0.919661045074463 0.906275868415833 0.905861139297485 0.903249442577362 0.858838796615601 0.607126235961914 0.580004274845123 0.536294162273407 0.502438306808472 0.497695714235306 0.253795206546783 0.13412880897522 0.146215066313744 0.0856015086174011 0.0458326600492001 0.0425511449575424 0.024430250748992 0.0246256813406944 0.0182800889015198 0.0114723546430469 0.00955866556614637 0.00852555874735117 0.00468272576108575 0.00552430283278227 0.00451933452859521 0.00377499801106751 0.000855280552059412
-3.4e+38 -3.4e+38 -3.4e+38 -3.4e+38 0.0733680874109268 0.11130977421999 0.170076131820679 0.30142679810524 0.358323276042938 0.405656158924103 0.425294607877731 0.463020652532578 0.568737745285034 0.637306392192841 0.779747128486633 0.80482143163681 0.809056222438812 0.833520650863647 0.83898651599884 0.898169696331024 0.887081146240234 0.90561443567276 0.918972432613373 0.919478297233582 0.858815014362335 0.829308807849884 0.831647157669067 0.845318496227264 0.821717441082001 0.553709387779236 0.498525768518448 0.464033365249634 0.429318189620972 0.25219863653183 0.25674507021904 0.158828854560852 0.165836170315742 0.079706147313118 0.0481620877981186 0.0439283587038517 0.0167177896946669 0.0104177473112941 0.00776289310306311 0.00576772075146437 0.00446476927027106 0.00493212835863233 0.00349603756330907 0.00441914983093739 0.00120117666665465
