data/climate_estimation/maxent_output/Fritillaria_sichuanica.asc
NCOLS 153 
NROWS 64 
XLLCORNER 97.1666666666667 
YLLCORNER 28.3333333333333 
CELLSIZE 0.0833333333333333 
NODATA_value -3.4e+38 
[rows 20 to 39 of 64, columns 0 to 43 of 153]
0.632097184658051 0.424356520175934 0.34618416428566 0.478114694356918 0.48865270614624 0.577243208885193 0.580906927585602 0.446350544691086 0.424839913845062 0.43802484869957 0.616121470928192 0.554038643836975 0.381122469902039 0.460618376731873 0.690460801124573 0.845490455627441 0.386189073324203 0.637708187103271 0.676092922687531 0.639247536659241 0.313422441482544 0.198451697826385 0.288549184799194 0.615613996982574 0.66726815700531 0.493753433227539 0.3343366086483 0.491040676832199 0.727398872375488 0.476737529039383 0.386877715587616 0.499696344137192 0.440098583698273 0.469978868961334 0.458999216556549 0.551614046096802 0.490318298339844 0.640290498733521 0.345028817653656 0.345759361982346 0.600427865982056 0.542727470397949 0.733585715293884 0.435987800359726
0.469156265258789 0.504763662815094 0.285868674516678 0.363017797470093 0.404088973999023 0.451060354709625 0.720932483673096 0.574226796627045 0.507275342941284 0.5560342669487 0.607356488704681 0.637793183326721 0.582098007202148 0.594634532928467 0.895421087741852 0.837929487228394 0.606381893157959 0.753273963928223 0.474267780780792 0.413496822118759 0.320019125938416 0.201792255043983 0.270951330661774 0.455789625644684 0.518193542957306 0.664257168769836 0.549616634845734 0.363399803638458 0.465093225240707 0.734402418136597 0.508292317390442 0.466296672821045 0.370826005935669 0.404068171977997 0.389760404825211 0.609435021877289 0.465479075908661 0.57878965139389 0.639449834823608 0.445028752088547 0.496658861637115 0.526936054229736 0.794446647167206 0.766541719436646
0.362704932689667 0.427946507930756 0.252591639757156 0.283216297626495 0.349782288074493 0.465832203626633 0.662687599658966 0.598081409931183 0.477887183427811 0.597139775753021 0.509126484394073 0.558790862560272 0.444518804550171 0.771590769290924 0.67935186624527 0.92436558008194 0.847688674926758 0.607923328876495 0.378838241100311 0.440974056720734 0.30773663520813 0.312994062900543 0.106728158891201 0.259295552968979 0.358971923589706 0.360604077577591 0.545162796974182 0.653229951858521 0.745434641838074 0.669932544231415 0.715011417865753 0.470183670520782 0.30706724524498 0.311420679092407 0.383430689573288 0.547810912132263 0.695675432682037 0.429505795240402 0.694480836391449 0.628125727176666 0.498290300369263 0.60856294631958 0.656994521617889 0.662303686141968
0.387778609991074 0.563652992248535 0.579657018184662 0.328731596469879 0.288622111082077 0.351512849330902 0.493042856454849 0.701373517513275 0.545914947986603 0.671154916286469 0.444648653268814 0.572734296321869 0.670045733451843 0.771525382995605 0.832817852497101 0.745117008686066 0.932826042175293 0.856414973735809 0.541480839252472 0.566101849079132 0.587213337421417 0.529107332229614 0.488283514976501 0.33772799372673 0.326838254928589 0.387868762016296 0.381542295217514 0.366240948438644 0.45181593298912 0.75437980890274 0.805359125137329 0.74892920255661 0.609582364559174 0.693973362445831 0.569688260555267 0.535494208335876 0.813848793506622 0.644243359565735 0.692206144332886 0.752864003181458 0.635135233402252 0.660699844360352 0.700738608837128 0.669991672039032
0.514598608016968 0.344572156667709 0.564947426319122 0.54524427652359 0.439244955778122 0.312246829271317 0.364839494228363 0.60543555021286 0.644897997379303 0.696917474269867 0.53438937664032 0.531570792198181 0.509737908840179 0.578953504562378 0.855875253677368 0.534810066223145 0.859548628330231 0.919249832630157 0.532074391841888 0.755825936794281 0.503884136676788 0.810057520866394 0.733357310295105 0.538054585456848 0.485884666442871 0.487490028142929 0.339265704154968 0.345139592885971 0.273356080055237 0.308929055929184 0.752637207508087 0.816762804985046 0.878343403339386 0.906603157520294 0.912009060382843 0.800403535366058 0.745005249977112 0.813479721546173 0.741223931312561 0.656045734882355 0.762228012084961 0.709245562553406 0.74131578207016 0.745934844017029
0.77923184633255 0.688629448413849 0.699373185634613 0.653319835662842 0.537902772426605 0.303063064813614 0.272190570831299 0.415783584117889 0.590900540351868 0.592453122138977 0.747484385967255 0.654303550720215 0.741487801074982 0.775990128517151 0.816679894924164 0.83804577589035 0.791058599948883 0.790778696537018 0.917072415351868 0.752094984054565 0.581027805805206 0.507896840572357 0.830254018306732 0.796325385570526 0.798805296421051 0.860495328903198 0.556111931800842 0.373374462127686 0.437782496213913 0.583000421524048 0.546002686023712 0.395720511674881 0.439521849155426 0.608219385147095 0.782390534877777 0.850755393505096 0.583637893199921 0.461662620306015 0.80958890914917 0.910259187221527 0.801850080490112 0.87478107213974 0.88852596282959 0.699423611164093
0.840902745723724 0.775501072406769 0.682044446468353 0.532158136367798 0.645609557628632 0.447269827127457 0.288156449794769 0.373152703046799 0.52195531129837 0.691047430038452 0.703742742538452 0.778456330299377 0.768468141555786 0.466704428195953 0.647713780403137 0.913809597492218 0.771145880222321 0.636790990829468 0.793749690055847 0.920533537864685 0.896722555160522 0.878819048404694 0.840669870376587 0.774705231189728 0.847201287746429 0.891216516494751 0.875011324882507 0.727415442466736 0.4503233730793 0.434736371040344 0.558027923107147 0.497164517641068 0.355071693658829 0.338608294725418 0.531185269355774 0.804122567176819 0.332699984312057 0.492098927497864 0.398673295974731 0.655802071094513 0.909078896045685 0.905123054981232 0.919722557067871 0.717916965484619
0.848614037036896 0.677151679992676 0.453566282987595 0.667228281497955 0.695635795593262 0.555117607116699 0.515954077243805 0.614298820495605 0.655714690685272 0.722198486328125 0.680591881275177 0.805338382720947 0.707950949668884 0.359312623739243 0.407881706953049 0.759593605995178 0.890801668167114 0.856057524681091 0.835490763187408 0.771008431911469 0.932805001735687 0.925926506519318 0.898081660270691 0.919606983661652 0.843285799026489 0.654609203338623 0.606601595878601 0.799826204776764 0.723643362522125 0.5245680809021 0.506275951862335 0.546201765537262 0.63842499256134 0.576201915740967 0.442849457263947 0.69013112783432 0.892455577850342 0.728333950042725 0.550396263599396 0.450814574956894 0.619832575321198 0.889981031417847 0.930339336395264 0.708315551280975
0.815982222557068 0.641014218330383 0.4707071185112 0.610714793205261 0.63912957906723 0.622130274772644 0.488949656486511 0.540726244449615 0.540726244449615 0.729040086269379 0.749153256416321 0.744693219661713 0.750858247280121 0.669048011302948 0.51486074924469 0.730218231678009 0.91049462556839 0.907916307449341 0.917763769626617 0.948442161083221 0.810054123401642 0.823303580284119 0.728150129318237 0.797718048095703 0.829002976417542 0.538097620010376 0.580574214458466 0.608598947525024 0.782268106937408 0.794243454933167 0.535378158092499 0.550747632980347 0.609745740890503 0.523581266403198 0.625678241252899 0.756962835788727 0.827993512153625 0.829869091510773 0.701316297054291 0.692436933517456 0.576533794403076 0.61430287361145 0.905648171901703 0.93913745880127
0.852142035961151 0.72539758682251 0.611770451068878 0.433539152145386 0.412256002426147 0.588327825069427 0.390894025564194 0.469192355871201 0.687676727771759 0.734086811542511 0.764006078243256 0.766035556793213 0.594106018543243 0.559059321880341 0.712025880813599 0.81367564201355 0.940555155277252 0.948725044727325 0.718849837779999 0.94202196598053 0.819638907909393 0.558207809925079 0.65494292974472 0.624368846416473 0.739554047584534 0.596060931682587 0.697233617305756 0.702071070671082 0.797789990901947 0.614459931850433 0.641752958297729 0.526366472244263 0.513506650924683 0.484047919511795 0.481954008340836 0.585209310054779 0.785244524478912 0.91347199678421 0.675910353660583 0.797156870365143 0.567602038383484 0.737424731254578 0.90438324213028 0.939033269882202
0.864918291568756 0.719781160354614 0.768255233764648 0.502498924732208 0.414087861776352 0.520997285842896 0.558353245258331 0.58317893743515 0.48951044678688 0.736915767192841 0.738838493824005 0.814901888370514 0.761659860610962 0.514719247817993 0.741982758045197 0.752628803253174 0.698665082454681 0.776481986045837 0.941353559494019 0.711631596088409 0.935475826263428 0.885519027709961 0.924623906612396 0.841942548751831 0.647749781608582 0.62414687871933 0.780854880809784 0.660438895225525 0.696339786052704 0.799355089664459 0.574358761310577 0.620420575141907 0.472129762172699 0.548495590686798 0.581524968147278 0.66022789478302 0.636268973350525 0.939479172229767 0.846728682518005 0.791035175323486 0.669535219669342 0.685258984565735 0.827203571796417 0.891187965869904
0.87801319360733 0.879458248615265 0.841303765773773 0.600112318992615 0.607165634632111 0.608654737472534 0.572919905185699 0.464284420013428 0.4754738509655 0.663159787654877 0.757580935955048 0.803171694278717 0.897705972194672 0.793940961360931 0.769271671772003 0.863596618175507 0.893386960029602 0.858886182308197 0.942129194736481 0.941913247108459 0.834381401538849 0.744017422199249 0.839568912982941 0.841854095458984 0.859724640846252 0.873533070087433 0.640729546546936 0.67954021692276 0.816197872161865 0.843443691730499 0.792351067066193 0.706080436706543 0.506926894187927 0.438995182514191 0.545123875141144 0.768699824810028 0.810465514659882 0.941989839076996 0.878858983516693 0.76561564207077 0.740948557853699 0.667793810367584 0.772440314292908 0.7032510638237
0.687033951282501 0.838749527931213 0.884785890579224 0.663034319877625 0.709422051906586 0.50181120634079 0.644192814826965 0.517126977443695 0.596267461776733 0.51786607503891 0.526299118995667 0.697214484214783 0.801212131977081 0.915155529975891 0.770781636238098 0.749562978744507 0.747122168540955 0.73168420791626 0.70673656463623 0.939556479454041 0.772749543190002 0.707177460193634 0.800717234611511 0.696006417274475 0.712743818759918 0.765362024307251 0.73440957069397 0.686176300048828 0.842522144317627 0.873195111751556 0.802213490009308 0.788296103477478 0.608625590801239 0.518253684043884 0.72103089094162 0.885774970054626 0.928607821464539 0.952764272689819 0.929526209831238 0.705608069896698 0.742208778858185 0.728824377059937 0.755685806274414 0.868713617324829
0.709971189498901 0.849780023097992 0.887318015098572 0.716761350631714 0.64848405122757 0.813597023487091 0.701655685901642 0.486293792724609 0.644298672676086 0.582547664642334 0.725241839885712 0.786045610904694 0.808284044265747 0.914019286632538 0.800188004970551 0.661521732807159 0.689150214195251 0.632018625736237 0.872090816497803 0.94157463312149 0.820434272289276 0.901731789112091 0.752866744995117 0.768633902072906 0.626261651515961 0.804047048091888 0.664341628551483 0.661501705646515 0.798417448997498 0.873869240283966 0.808042407035828 0.819520533084869 0.766188144683838 0.57597416639328 0.901681900024414 0.922727227210999 0.949793994426727 0.944422721862793 0.926107048988342 0.714056015014648 0.844961106777191 0.890326142311096 0.800627291202545 0.763211846351624
0.531112730503082 0.812043726444244 0.890435755252838 0.769385814666748 0.813964903354645 0.740532159805298 0.775749504566193 0.7007155418396 0.685934662818909 0.660336673259735 0.690402925014496 0.696232914924622 0.629069864749908 0.892663717269897 0.894401431083679 0.724061131477356 0.66827380657196 0.753784835338593 0.701584279537201 0.575036406517029 0.940633654594421 0.941452205181122 0.939514398574829 0.728812634944916 0.548153102397919 0.603680849075317 0.729604423046112 0.578275620937347 0.681104362010956 0.860543608665466 0.789692163467407 0.784369707107544 0.792552888393402 0.644576609134674 0.935027599334717 0.954388618469238 0.899697065353394 0.662476897239685 0.69337671995163 0.669992923736572 0.690461099147797 0.872290372848511 0.921238720417023 0.876347422599792
0.532524168491364 0.808268666267395 0.91113156080246 0.884223222732544 0.901394009590149 0.823938727378845 0.871798932552338 0.786318957805634 0.403338342905045 0.739861905574799 0.548694312572479 0.615201711654663 0.717293560504913 0.784034550189972 0.905717074871063 0.774254381656647 0.724840104579926 0.575709462165833 0.691371083259583 0.639448821544647 0.932900369167328 0.937061131000519 0.826201558113098 0.92877060174942 0.70163631439209 0.593693673610687 0.635011315345764 0.594355821609497 0.684450268745422 0.760954201221466 0.793073236942291 0.756272971630096 0.583462774753571 0.628070533275604 0.882685542106628 0.885482907295227 0.960328996181488 0.787995636463165 0.696434497833252 0.67084527015686 0.778543829917908 0.780304908752441 0.871210038661957 0.914014995098114
0.403517991304398 0.656419575214386 0.84124094247818 0.913626313209534 0.922557532787323 0.877652108669281 0.907119810581207 0.830947399139404 0.590246319770813 0.826804399490356 0.707384943962097 0.727391242980957 0.718631863594055 0.756155431270599 0.877896964550018 0.89040607213974 0.847900331020355 0.597329616546631 0.604918479919434 0.599351704120636 0.923709630966187 0.939372420310974 0.650798320770264 0.911550402641296 0.912894189357758 0.783886313438416 0.528750240802765 0.342897742986679 0.611437022686005 0.642154395580292 0.619598269462585 0.764006078243256 0.553775429725647 0.800326704978943 0.792572498321533 0.9236900806427 0.976473689079285 0.964403212070465 0.90521365404129 0.750645697116852 0.802839338779449 0.865565538406372 0.870483100414276 0.905422985553741
0.468338042497635 0.255343794822693 0.289550811052322 0.671858072280884 0.809055328369141 0.806846499443054 0.806750237941742 0.876450717449188 0.879826128482819 0.915422320365906 0.849488317966461 0.839056313037872 0.814096689224243 0.76895010471344 0.714831709861755 0.859791278839111 0.886983156204224 0.699271321296692 0.647431194782257 0.658164739608765 0.92138659954071 0.943697988986969 0.602754294872284 0.641776859760284 0.802240490913391 0.730298161506653 0.549345731735229 0.730363130569458 0.452923715114594 0.487800538539886 0.663155257701874 0.800777971744537 0.650814235210419 0.69774866104126 0.924665451049805 0.972764909267426 0.884607374668121 0.981712281703949 0.969931483268738 0.959042429924011 0.935576319694519 0.952005684375763 0.913735210895538 0.896110594272614
0.754744291305542 0.498034119606018 0.469760745763779 0.369241803884506 0.737837433815002 0.910819113254547 0.58076000213623 0.703896999359131 0.742389619350433 0.845310151576996 0.739810943603516 0.792360126972198 0.825466334819794 0.77445650100708 0.75151538848877 0.7313551902771 0.719450414180756 0.760690152645111 0.659965455532074 0.640310108661652 0.909110963344574 0.960217356681824 0.798928737640381 0.541625380516052 0.668476641178131 0.888087630271912 0.654444873332977 0.783251225948334 0.827645182609558 0.795620560646057 0.593672394752502 0.806237995624542 0.761042654514313 0.668082237243652 0.902201414108276 0.959782660007477 0.909248650074005 0.982172787189484 0.950709283351898 0.980348110198975 0.983967959880829 0.974934875965118 0.968263745307922 0.866897404193878
0.770539402961731 0.764745950698853 0.747793555259705 0.521396934986115 0.489499092102051 0.835830450057983 0.906715750694275 0.846943557262421 0.653090715408325 0.710219264030457 0.806938171386719 0.789131462574005 0.750096142292023 0.767516195774078 0.804001152515411 0.79840487241745 0.679599106311798 0.696656286716461 0.662082076072693 0.867595434188843 0.919893324375153 0.954205989837646 0.870086014270782 0.638652086257935 0.916788458824158 0.924536049365997 0.923689723014832 0.659689843654633 0.479144066572189 0.576169848442078 0.721769690513611 0.792864322662354 0.830584347248077 0.689250588417053 0.923023521900177 0.877536177635193 0.807783603668213 0.9682856798172 0.909915745258331 0.953185796737671 0.973439395427704 0.974441766738892 0.979840457439423 0.969128489494324
