data/climate_estimation/maxent_output/Fritillaria_pluriflora.asc
NCOLS 23 
NROWS 23 
XLLCORNER -123.416666666667 
YLLCORNER 38.3333333333333 
CELLSIZE 0.0833333333333335 
NODATA_value -3.4e+38 
0.155231431126595 0.147552266716957 0.134758874773979 0.147331148386002 0.0474691279232502 0.00681532779708505 0.0706946775317192 0.493144363164902 0.238325148820877 0.229315221309662 0.217650413513184 0.457085311412811 0.435070157051086 0.406423777341843 0.390131324529648 0.43940669298172 0.521221816539764 0.5710768699646 0.576722204685211 0.551488757133484 0.242278784513474 0.211771100759506 0.081387110054493
0.36165389418602 0.150311172008514 0.130777165293694 0.0357431024312973 0.0125585114583373 0.0157871823757887 0.0717970654368401 0.221381589770317 0.492967337369919 0.492579787969589 0.462791085243225 0.436219930648804 0.417960375547409 0.320321202278137 0.569891035556793 0.676854848861694 0.500293374061584 0.568110823631287 0.582581698894501 0.569578111171722 0.52267861366272 0.479154944419861 0.195281788706779
0.281551122665405 0.419288724660873 0.122130207717419 0.0344462208449841 0.0113423699513078 0.00500719202682376 0.00590215669944882 0.047805767506361 0.227211236953735 0.495957553386688 0.459587961435318 0.432812988758087 0.394743710756302 0.572820007801056 0.583174467086792 0.698733389377594 0.798826575279236 0.867115020751953 0.587717175483704 0.581150472164154 0.848328471183777 0.800577938556671 0.194661676883698
0.373631477355957 0.357394069433212 0.134323224425316 0.0311837382614613 0.128133818507195 0.0335019454360008 0.140305668115616 0.0435275509953499 0.176808670163155 0.501243948936462 0.4500572681427 0.435999840497971 0.311827629804611 0.545881628990173 0.603223085403442 0.720096707344055 0.820004642009735 0.847464978694916 0.889037430286407 0.88675844669342 0.853326022624969 0.838659703731537 0.757998645305634
0.211931556463242 0.319777429103851 0.381281673908234 0.375967293977737 0.411797255277634 0.0316037610173225 0.159640431404114 0.202496886253357 0.490741848945618 0.495213627815247 0.443543434143066 0.396786749362946 0.273659825325012 0.57081800699234 0.654432713985443 0.796359360218048 0.839688003063202 0.855613827705383 0.882947623729706 0.90141636133194 0.892575621604919 0.868708074092865 0.869674324989319
0.227434903383255 0.35241174697876 0.841653883457184 0.839132905006409 0.455706775188446 0.148713275790215 0.137244716286659 0.480158179998398 0.47585666179657 0.820071756839752 0.771964430809021 0.70696496963501 0.593422532081604 0.620338976383209 0.740519762039185 0.829456746578217 0.84420245885849 0.861306548118591 0.878094911575317 0.894598424434662 0.899205267429352 0.893560945987701 0.874139130115509
0.209914967417717 0.280661433935165 0.73061728477478 0.806726634502411 0.119951359927654 0.132383689284325 0.0296700205653906 0.132117465138435 0.823486566543579 0.818422794342041 0.77199125289917 0.714082539081573 0.633599162101746 0.633907854557037 0.720384836196899 0.817498087882996 0.849689841270447 0.884555578231812 0.902006924152374 0.911048471927643 0.921370208263397 0.90008944272995 0.890557169914246
0.1534323990345 0.189474076032639 0.250474512577057 0.75043123960495 0.337963461875916 0.0262971296906471 0.114235654473305 0.107667446136475 0.440552085638046 0.816365361213684 0.759676873683929 0.678783178329468 0.585123538970947 0.583165347576141 0.646629452705383 0.783848285675049 0.866260707378387 0.884348690509796 0.897562921047211 0.908515274524689 0.913697719573975 0.913365483283997 0.893601059913635
0.11976669728756 0.387263089418411 0.230466276407242 0.207455143332481 0.30475640296936 0.0715525448322296 0.317215889692307 0.341021925210953 0.33493372797966 0.829920530319214 0.774606168270111 0.67598968744278 0.567720234394073 0.585128247737885 0.608201801776886 0.687966346740723 0.786447525024414 0.874884903430939 0.890450835227966 0.893403172492981 0.902446627616882 0.90241152048111 0.918194591999054
0.202367499470711 0.326398462057114 0.471088707447052 0.533746957778931 0.212627679109573 0.79742306470871 0.812590181827545 0.282497048377991 0.295464724302292 0.828058362007141 0.80463719367981 0.815642893314362 0.596716284751892 0.548793435096741 0.531967163085938 0.55970686674118 0.656958341598511 0.779810070991516 0.873909056186676 0.88176441192627 0.888712823390961 0.885247766971588 0.891502737998962
0.164627879858017 0.259668409824371 0.430186867713928 0.575448274612427 0.617052495479584 0.767615556716919 0.836773276329041 0.0891708731651306 0.330731272697449 0.82729572057724 0.799527823925018 0.797274589538574 0.64535266160965 0.541997730731964 0.449070006608963 0.450563877820969 0.496096283197403 0.600527226924896 0.758899092674255 0.873004734516144 0.876117348670959 0.886201620101929 0.889679431915283
0.137059181928635 0.235234871506691 0.400723278522491 0.604545593261719 0.682931184768677 0.628614902496338 0.751461803913116 0.714707732200623 0.29356974363327 0.834809839725494 0.842597544193268 0.827960312366486 0.772474884986877 0.532565891742706 0.418592989444733 0.383659094572067 0.376419633626938 0.447803229093552 0.593591511249542 0.826753675937653 0.865702748298645 0.872069597244263 0.879875540733337
0.120936609804630 0.217137649655342 0.358295470476151 0.507709980010986 0.643765151500702 0.786315500736237 0.781347811222076 0.700903356075287 0.819604575634003 0.829858660697937 0.821778297424316 0.820512771606445 0.823846280574799 0.518940448760986 0.405825018882751 0.325793594121933 0.28411790728569 0.335319042205811 0.618091285228729 0.867453753948212 0.814962029457092 0.866488754749298 0.866353511810303
0.105147160589695 0.179983928799629 0.315297961235046 0.442223221063614 0.523557543754578 0.848800837993622 0.871624350547791 0.767660737037659 0.836480259895325 0.827330946922302 0.841757118701935 0.861260831356049 0.814827680587769 0.681855261325836 0.445929616689682 0.353184640407562 0.291102379560471 0.311227440834045 0.385125875473022 0.50322562456131 0.622828006744385 0.75087583065033 0.857992112636566
0.0677469447255135 0.147161096334457 0.26094463467598 0.371440142393112 0.444755464792252 0.789518415927887 0.837937891483307 0.865920662879944 0.873715221881866 0.850424706935883 0.825972199440002 0.868081986904144 0.839326024055481 0.835331916809082 0.71332985162735 0.441500514745712 0.337242841720581 0.320335149765015 0.364446312189102 0.428010165691376 0.511402070522308 0.58731472492218 0.722092807292938
0.0229485966265202 0.108327269554138 0.187382832169533 0.274349242448807 0.453504890203476 0.551956713199615 0.860096156597137 0.767917096614838 0.864229738712311 0.817962169647217 0.855178654193878 0.856819927692413 0.838614165782928 0.84379631280899 0.833872437477112 0.701399981975555 0.447053194046021 0.370779931545258 0.371362596750259 0.43170627951622 0.456125378608704 0.491920441389084 0.602562665939331
0.0165302641689777 0.0772589296102524 0.128943979740143 0.226537242531776 0.327181279659271 0.423585563898087 0.536653757095337 0.565858542919159 0.671919822692871 0.813054263591766 0.833948194980621 0.829967975616455 0.867931485176086 0.852347493171692 0.839047849178314 0.837432324886322 0.600518465042114 0.441442579030991 0.430339187383652 0.442280113697052 0.470432579517365 0.498586088418961 0.558841824531555
0.00801511388272047 0.0194083098322153 0.0891149938106537 0.136046916246414 0.194959565997124 0.329476445913315 0.453943282365799 0.463075697422028 0.524005830287933 0.720090925693512 0.792136251926422 0.836409747600555 0.86836189031601 0.866512537002563 0.858873665332794 0.846167266368866 0.699838817119598 0.615766584873199 0.526555120944977 0.525025844573975 0.517956733703613 0.539608061313629 0.620128035545349
0.004050161689520 0.00995249301195145 0.0189444664865732 0.0929309576749802 0.133950635790825 0.154875010251999 0.24296635389328 0.351868808269501 0.427300661802292 0.547677934169769 0.663213849067688 0.718048572540283 0.777948021888733 0.852124512195587 0.872197270393372 0.823979914188385 0.820449531078339 0.733494639396667 0.688454508781433 0.620097398757935 0.578131973743439 0.565648674964905 0.639671564102173
0.0027293786406517 0.00514054298400879 0.0099544245749712 0.0218097064644098 0.0835565403103828 0.109972089529037 0.109928421676159 0.176553025841713 0.26408988237381 0.360208988189697 0.448883026838303 0.512998998165131 0.659461379051208 0.731308102607727 0.801217496395111 0.852866172790527 0.807485818862915 0.79856276512146 0.804637491703033 0.69781219959259 0.617503583431244 0.54136323928833 0.543966293334961
0.00100702582858503 0.00284583168104291 0.00683588674291968 0.0112139536067843 0.0340346805751324 0.0645789876580238 0.0686151087284088 0.0959392637014389 0.184665501117706 0.256690442562103 0.29393994808197 0.364467054605484 0.50981879234314 0.622643411159515 0.677701890468597 0.786398530006409 0.844688355922699 0.816051840782166 0.803958594799042 0.751004099845886 0.566887557506561 0.478549778461456 0.463320404291153
-3.4e+38 -3.4e+38 0.00491277687251568 0.00499472394585609 0.0193015709519386 0.0389469228684902 0.0515245497226715 0.053173340857029 0.086083859205246 0.145259782671928 0.234697252511978 0.270804286003113 0.324311673641205 0.481306046247482 0.59708046913147 0.692984998226166 0.766938924789429 0.805740058422089 0.757424712181091 0.714200079441071 0.507334113121033 0.380092024803162 0.364113122224808
-3.4e+38 -3.4e+38 -3.4e+38 0.00980578642338514 0.0141461361199617 0.0245280172675848 0.0364804975688457 0.0461192429065704 0.0587641038000584 0.109906703233719 0.152409121394157 0.220758944749832 0.264793008565903 0.27693897485733 0.446850389242172 0.510579228401184 0.628423154354095 0.673459708690643 0.636791467666626 0.600430130958557 0.388144224882126 0.316603660583496 0.322258085012436
