data/climate_estimation/maxent_output/Fritillaria_caucasica.asc
NCOLS 94 
NROWS 56 
XLLCORNER 40.75 
YLLCORNER 38.5833333333333 
CELLSIZE 0.0833333333333334 
NODATA_value -3.4e+38 
[rows 20 to 39 of 56, columns 44 to 87 of 94]
0.962767899036407 0.963716685771942 0.978710949420929 0.983306467533112 0.975461661815643 0.996149837970734 0.9796382188797 0.900983214378357 0.925119817256927 0.970034599304199 0.985426962375641 0.987129211425781 0.978296279907227 0.936874330043793 0.877491474151611 0.875477075576782 0.844489514827728 0.873267710208893 0.824842393398285 0.606747984886169 0.441842615604401 0.310503482818604 0.240866094827652 0.192066624760628 0.147714123129845 0.109909079968929 0.095052607357502 0.0803496986627579 0.334794819355011 0.983167469501495 0.933102428913116 0.767188489437103 0.583283066749573 0.546603858470917 0.540709316730499 0.69800215959549 0.798217475414276 0.594107985496521 0.54504930973053 0.406729996204376 0.662845373153687 0.911798715591431 0.967807710170746 0.989425301551819
0.921537101268768 0.907282710075378 0.91379052400589 0.858959436416626 0.90325927734375 0.902391493320465 0.91390460729599 0.868991792201996 0.840081751346588 0.914170145988464 0.989689767360687 0.994113445281982 0.993253946304321 0.966740012168884 0.926788449287415 0.923407137393951 0.897878468036652 0.86567360162735 0.852053225040436 0.910152852535248 0.805735170841217 0.608018457889557 0.459169179201126 0.368491619825363 0.225372850894928 0.196812823414803 0.132484585046768 0.136926576495171 0.122635573148727 0.296107083559036 0.968633651733398 0.999352276325226 0.777957320213318 0.543750643730164 0.543087661266327 0.422653824090958 0.41199916601181 0.562354505062103 0.843721807003021 0.937478065490723 0.932598114013672 0.973284721374512 0.991683661937714 0.996129214763641
0.993796169757843 0.982519447803497 0.993476450443268 0.978446006774902 0.917848110198975 0.826086223125458 0.890867471694946 0.890310347080231 0.858635067939758 0.887280762195587 0.952353477478027 0.983026325702667 0.973938703536987 0.983896672725677 0.97597736120224 0.936968564987183 0.871391952037811 0.874091506004333 0.876377701759338 0.898622930049896 0.855930149555206 0.767074167728424 0.612359046936035 0.546231925487518 0.447560161352158 0.34627029299736 0.236979246139526 0.172050625085831 0.16504979133606 0.175714135169983 0.404837071895599 0.959562599658966 0.999675691127777 0.628267526626587 0.497294068336487 0.436115145683289 0.470534533262253 0.508063673973083 0.596699237823486 0.403925627470016 0.393494367599487 0.97015917301178 0.473916053771973 0.484155297279358
0.99669474363327 0.999344646930695 0.998954653739929 0.999775409698486 0.964724540710449 0.980108141899109 0.99672257900238 0.987906157970428 0.910826325416565 0.89690375328064 0.878758728504181 0.933019876480103 0.965495049953461 0.96968674659729 0.980278015136719 0.994222521781921 0.946853399276733 0.88348114490509 0.925473511219025 0.890521824359894 0.862036347389221 0.812382996082306 0.788427948951721 0.73081237077713 0.58363264799118 0.481464296579361 0.392726182937622 0.28678435087204 0.230898931622505 0.235081270337105 0.215797811746597 0.283871531486511 0.868666112422943 0.974763572216034 0.60862535238266 0.532389342784882 0.440213292837143 0.444523841142654 0.326226830482483 0.324588745832443 0.30301621556282 0.33493959903717 0.422505170106888 0.230391696095467
0.987543880939484 0.997718691825867 0.997153639793396 0.99977707862854 0.999381005764008 0.993286788463593 0.999851047992706 0.998630285263062 0.987811923027039 0.969147861003876 0.885945677757263 0.749130547046661 0.84981095790863 0.894894480705261 0.969051539897919 0.993473172187805 0.994943022727966 0.985002100467682 0.953527867794037 0.929573953151703 0.830314218997955 0.812850832939148 0.743209421634674 0.83514815568924 0.724732935428619 0.682149410247803 0.576175570487976 0.469662547111511 0.393218636512756 0.397926896810532 0.30795630812645 0.265342205762863 0.414849638938904 0.93546199798584 0.998860538005829 0.981729447841644 0.725540161132812 0.444803029298782 0.480237424373627 0.398093342781067 0.411514103412628 0.395861119031906 0.298618018627167 0.333393514156342
0.977725386619568 0.975008726119995 0.997868776321411 0.999738991260529 0.999900341033936 0.999889969825745 0.999387741088867 0.999800980091095 0.9991774559021 0.99640941619873 0.832273066043854 0.635477066040039 0.782519638538361 0.778758704662323 0.833079993724823 0.930208921432495 0.988610923290253 0.993773579597473 0.980635941028595 0.952086925506592 0.925657510757446 0.890135824680328 0.808039367198944 0.801255702972412 0.756576597690582 0.704925239086151 0.651604115962982 0.652213394641876 0.58547580242157 0.485335379838943 0.539099991321564 0.35597962141037 0.306377649307251 0.316254287958145 0.476187407970428 0.88383948802948 0.999899327754974 0.999360918998718 0.999408185482025 0.57314395904541 0.554250240325928 0.341952830553055 0.336759001016617 0.335849910974503
0.994831204414368 0.99352639913559 0.999785661697388 0.998118758201599 0.989635944366455 0.997205018997192 0.998920619487762 0.999224543571472 0.999248027801514 0.965939462184906 0.920949935913086 0.978817343711853 0.922945857048035 0.91502845287323 0.83534163236618 0.882165372371674 0.843770742416382 0.879941403865814 0.902428507804871 0.932219862937927 0.918856263160706 0.883319914340973 0.879493594169617 0.850354254245758 0.866526961326599 0.784158527851105 0.781684219837189 0.713208496570587 0.69080251455307 0.558945834636688 0.517773568630219 0.544537723064423 0.496279299259186 0.353389233350754 0.408731162548065 0.366572439670563 0.299398630857468 0.349266439676285 0.320690870285034 0.538103759288788 0.96394145488739 0.99937105178833 0.808699905872345 0.412929892539978
0.999206244945526 0.999474227428436 0.999900639057159 0.999580323696136 0.997587978839874 0.996873378753662 0.998749375343323 0.998015761375427 0.999451220035553 0.999498903751373 0.999445140361786 0.992777764797211 0.990220665931702 0.979875981807709 0.928063750267029 0.920659005641937 0.846263706684113 0.780277609825134 0.729120373725891 0.772137045860291 0.734455943107605 0.600028157234192 0.711730182170868 0.69299727678299 0.704075515270233 0.790833413600922 0.819770932197571 0.795123100280762 0.823434352874756 0.763380587100983 0.640938103199005 0.537036776542664 0.502106547355652 0.53759104013443 0.500671565532684 0.315629839897156 0.268271446228027 0.21347239613533 0.168343648314476 0.134302660822868 0.103999368846416 0.153280079364777 0.382379323244095 0.757548630237579
0.999318480491638 0.999386429786682 0.999839007854462 0.998842298984528 0.998130738735199 0.993632972240448 0.997900485992432 0.999235510826111 0.994800090789795 0.999791085720062 0.998513460159302 0.999318063259125 0.999327421188354 0.990145146846771 0.991344094276428 0.950315833091736 0.905056655406952 0.83567875623703 0.637251496315002 0.582170903682709 0.577213525772095 0.503091812133789 0.467953085899353 0.536959767341614 0.609110355377197 0.655482292175293 0.789666056632996 0.863676369190216 0.881284177303314 0.853375136852264 0.784058392047882 0.730427622795105 0.590016484260559 0.524082481861115 0.444400280714035 0.321778804063797 0.353187263011932 0.274036943912506 0.181201532483101 0.142468646168709 0.106565289199352 0.0522080734372139 0.0644240826368332 0.0653152018785477
0.999636113643646 0.999817371368408 0.996948838233948 0.988775908946991 0.995567083358765 0.999529480934143 0.999814629554749 0.999635517597198 0.999442636966705 0.999218344688416 0.999606788158417 0.998928129673004 0.999471366405487 0.9995476603508 0.992309510707855 0.993830382823944 0.999408304691315 0.994036376476288 0.964211106300354 0.800568819046021 0.523993492126465 0.369424313306808 0.373458176851273 0.377861887216568 0.465939223766327 0.550795078277588 0.531255543231964 0.657207667827606 0.763384103775024 0.868958294391632 0.839447140693665 0.767691671848297 0.705286383628845 0.649450063705444 0.523292660713196 0.41900509595871 0.345653921365738 0.26042228937149 0.18056221306324 0.113937459886074 0.104739531874657 0.0817953795194626 0.0802772343158722 0.101759180426598
0.986427247524261 0.981046557426453 0.984710931777954 0.997834444046021 0.999533414840698 0.999523758888245 0.999426662921906 0.999582171440125 0.999869823455811 0.996787667274475 0.995844006538391 0.999790728092194 0.999898254871368 0.99986869096756 0.999484241008759 0.99983012676239 0.999809503555298 0.999100923538208 0.999417901039124 0.964067101478577 0.968619763851166 0.709285795688629 0.351903975009918 0.387638181447983 0.310512214899063 0.402265191078186 0.436525225639343 0.542167484760284 0.577135682106018 0.709638059139252 0.789960145950317 0.71707683801651 0.787024319171906 0.729581892490387 0.653577268123627 0.501596570014954 0.252359628677368 0.256786435842514 0.269123256206512 0.136343762278557 0.163574248552322 0.117742046713829 0.130678504705429 0.143645569682121
0.996739029884338 0.995957255363464 0.998971521854401 0.998889803886414 0.995048940181732 0.998365581035614 0.999572992324829 0.99852454662323 0.999575078487396 0.997946679592133 0.998323321342468 0.999545335769653 0.999892830848694 0.999619960784912 0.999559760093689 0.999816298484802 0.999859988689423 0.999783039093018 0.999382138252258 0.999339818954468 0.999224424362183 0.88841837644577 0.606667399406433 0.597072124481201 0.555869579315186 0.515191793441772 0.54312801361084 0.603791952133179 0.559244871139526 0.602741599082947 0.688192963600159 0.683113992214203 0.771490275859833 0.780634880065918 0.653234720230103 0.421384066343307 0.404773235321045 0.392104089260101 0.467328906059265 0.434443444013596 0.463858753442764 0.43630588054657 0.371290951967239 0.388527899980545
0.999901294708252 0.997538924217224 0.997541189193726 0.999902665615082 0.999949157238007 0.999952077865601 0.999885380268097 0.999922454357147 0.999913096427917 0.999788641929626 0.998276770114899 0.998280167579651 0.998122990131378 0.999958515167236 0.999694347381592 0.999649584293365 0.999940574169159 0.999465644359589 0.999434947967529 0.99982750415802 0.999280571937561 0.992284715175629 0.960811853408813 0.960888028144836 0.878141641616821 0.877716839313507 0.730115711688995 0.663422644138336 0.647237062454224 0.621112763881683 0.588777661323547 0.711281418800354 0.804371416568756 0.80908328294754 0.769995629787445 0.498630225658417 0.478332757949829 0.525145888328552 0.506992697715759 0.547453045845032 0.449424743652344 0.448127239942551 0.45770338177681 0.469102263450623
0.999939382076263 0.999947726726532 0.999986112117767 0.999983668327332 0.999946355819702 0.999400079250336 0.99945330619812 0.999226868152618 0.999883651733398 0.999858021736145 0.999804615974426 0.999903440475464 0.998194813728333 0.992829501628876 0.996978640556335 0.999786555767059 0.999947071075439 0.999932825565338 0.99957549571991 0.999705970287323 0.999596238136292 0.999165534973145 0.99978643655777 0.998866260051727 0.998939037322998 0.988808035850525 0.867892384529114 0.867031872272491 0.806870818138123 0.628371000289917 0.653702020645142 0.752653777599335 0.805281579494476 0.842361509799957 0.60832142829895 0.620823085308075 0.595165908336639 0.570240497589111 0.477865874767303 0.363728106021881 0.378029078245163 0.281962454319 0.268895983695984 0.250546187162399
0.999973058700562 0.999573945999146 0.999889075756073 0.999990701675415 0.999670803546906 0.984632790088654 0.993914484977722 0.99870902299881 0.999802649021149 0.999910712242126 0.999759137630463 0.999874532222748 0.999840557575226 0.999315857887268 0.990929365158081 0.988243818283081 0.997804045677185 0.99864935874939 0.995621979236603 0.996901571750641 0.999667108058929 0.999368607997894 0.99934184551239 0.998879671096802 0.999364197254181 0.999634265899658 0.999695599079132 0.989413678646088 0.855319142341614 0.74140465259552 0.771786689758301 0.81809139251709 0.83393269777298 0.725343346595764 0.636952102184296 0.647116363048553 0.547973692417145 0.398098737001419 0.4068264067173 0.283059924840927 0.203033715486526 0.21169838309288 0.212081372737885 0.18732088804245
0.97488272190094 0.992927670478821 0.998698711395264 0.999995768070221 0.999969482421875 0.945078492164612 0.941159605979919 0.995077252388 0.998560965061188 0.999827980995178 0.99983137845993 0.99991375207901 0.999891221523285 0.99986320734024 0.999929070472717 0.999399960041046 0.994724690914154 0.993499338626862 0.981769919395447 0.993688941001892 0.995397865772247 0.990035355091095 0.988995909690857 0.984188199043274 0.987330913543701 0.997670769691467 0.999347627162933 0.945564925670624 0.859397530555725 0.792499482631683 0.791835367679596 0.801086962223053 0.859225928783417 0.734498083591461 0.699662446975708 0.601032316684723 0.442231208086014 0.336428701877594 0.229641482234001 0.2199896723032 0.169870063662529 0.163087218999863 0.118795454502106 0.116490170359612
0.234222948551178 0.903919339179993 0.985791623592377 0.999963819980621 0.999933838844299 0.942430198192596 0.912983953952789 0.958071172237396 0.991945862770081 0.999682664871216 0.999868392944336 0.9996218085289 0.999795019626617 0.999893605709076 0.999864339828491 0.999931216239929 0.999113142490387 0.999305546283722 0.998090445995331 0.998975515365601 0.999828457832336 0.999761760234833 0.998801231384277 0.998279273509979 0.999437212944031 0.999639272689819 0.986901104450226 0.985683679580688 0.947523653507233 0.801609516143799 0.83840024471283 0.828958451747894 0.908171117305756 0.765100181102753 0.654670476913452 0.481873333454132 0.341304630041122 0.25527822971344 0.172117158770561 0.123559661209583 0.128007605671883 0.100258894264698 0.098295658826828 0.0865461379289627
0.0227687302976847 0.148656412959099 0.887270092964172 0.984197080135345 0.999922513961792 0.994281828403473 0.951749086380005 0.956402480602264 0.992431998252869 0.997791945934296 0.997851848602295 0.998663425445557 0.998405277729034 0.998843312263489 0.999227464199066 0.999110281467438 0.999457955360413 0.996293902397156 0.997055768966675 0.999904572963715 0.999486565589905 0.999836206436157 0.999767541885376 0.999758422374725 0.998530626296997 0.998527646064758 0.998203098773956 0.997554838657379 0.941257536411285 0.946975231170654 0.889796793460846 0.902610659599304 0.812477171421051 0.836578547954559 0.549893915653229 0.36288782954216 0.292016923427582 0.213078111410141 0.145259276032448 0.111718557775021 0.0875484570860863 0.0798852890729904 0.0646290630102158 0.0575905367732048
0.0149039505049586 0.0274456590414047 0.266079783439636 0.930452406406403 0.994036793708801 0.999989569187164 0.994505286216736 0.979467391967773 0.99075847864151 0.992140293121338 0.983736634254456 0.980384469032288 0.97365128993988 0.979320704936981 0.981505155563354 0.995628535747528 0.995160818099976 0.993796586990356 0.99941223859787 0.999445557594299 0.99915736913681 0.999343574047089 0.999087452888489 0.998732030391693 0.998394429683685 0.999278008937836 0.99778163433075 0.93957132101059 0.943504571914673 0.989143311977386 0.918771624565125 0.923150241374969 0.881269991397858 0.829161524772644 0.583672881126404 0.298463642597198 0.221775442361832 0.121613271534443 0.0859825760126114 0.0661700442433357 0.0736712068319321 0.0539424940943718 0.0541177019476891 0.0541042350232601
0.0110774394124746 0.0112103605642915 0.0348087809979916 0.199732914566994 0.538440465927124 0.963465869426727 0.999099135398865 0.999183416366577 0.995694160461426 0.994418323040009 0.98493492603302 0.959048211574554 0.984804570674896 0.979926109313965 0.964508295059204 0.988053679466248 0.985375285148621 0.98707503080368 0.997061252593994 0.99419230222702 0.99772697687149 0.9981729388237 0.997822403907776 0.997089564800262 0.998910844326019 0.998279213905334 0.999165415763855 0.930800199508667 0.941113412380219 0.990357160568237 0.981436729431152 0.983169317245483 0.923755526542664 0.784464359283447 0.471720665693283 0.253172725439072 0.166931793093681 0.096867747604847 0.0725967735052109 0.0582672953605652 0.0426650047302246 0.047463558614254 0.0381477735936642 0.0384811088442802
