data/climate_estimation/maxent_output/Fritillaria_pontica.asc
NCOLS 151 
NROWS 42 
XLLCORNER 19.3333333333333 
YLLCORNER 38.9166666666667 
CELLSIZE 0.0833333333333333 
NODATA_value -3.4e+38 
[rows 0 to 20 of 42, columns 47 to 93 of 151]
0.487296879291534 0.463019192218781 0.471352428197861 0.427393794059753 0.455978840589523 0.398800015449524 0.359344661235809 0.353422075510025 0.340671509504318 0.236232995986938 0.237559959292412 0.257911384105682 0.212816327810287 0.213446334004402 0.202817812561989 0.174566328525543 0.177758872509003 0.157518640160561 0.153274536132812 0.150178119540215 0.152904435992241 0.167861714959145 0.178757727146149 0.170939937233925 0.186563581228256 0.183302760124207 0.174269869923592 0.170362547039986 0.145292684435844 0.14277571439743 0.584832966327667 0.563794672489166 0.580230832099915 0.578455805778503 0.636238515377045 0.623074769973755 0.661832869052887 0.665639579296112 0.68181312084198 0.712692439556122 0.763589680194855 0.882817566394806 0.909946203231812 0.927192151546478 0.931386172771454 0.943013310432434 0.964909613132477
0.473123759031296 0.472614079713821 0.502596020698547 0.512297570705414 0.51369845867157 0.428300082683563 0.359081774950027 0.295078307390213 0.350296527147293 0.253825634717941 0.196392804384232 0.179776728153229 0.171749085187912 0.178216859698296 0.167452678084373 0.157231882214546 0.160568684339523 0.152717992663383 0.14944851398468 0.142317175865173 0.13500751554966 0.146866053342819 0.148793920874596 0.15172652900219 0.179891839623451 0.178835064172745 0.163174852728844 0.150932565331459 0.572878539562225 0.577774286270142 0.557510256767273 0.564348042011261 0.566739976406097 0.5980584025383 0.614582717418671 0.639326810836792 0.657066404819489 0.654303669929504 0.693776786327362 0.6978879570961 0.743241131305695 0.759184539318085 0.887310922145844 0.902650833129883 0.917351067066193 0.92946469783783 0.95438426733017
0.142313569784164 0.236398786306381 0.250857204198837 0.223963066935539 0.171045169234276 0.198238611221313 0.307747304439545 0.481135755777359 0.320334136486053 0.249930694699287 0.17119511961937 0.171386435627937 0.16097229719162 0.164591655135155 0.160740405321121 0.158964157104492 0.149730741977692 0.151949375867844 0.141330629587173 0.140151053667068 0.137105822563171 0.135182157158852 0.147988259792328 0.145318046212196 0.146304771304131 0.160395249724388 0.152594521641731 0.588385701179504 0.598788380622864 0.599996030330658 0.585860848426819 0.581201195716858 0.58369767665863 0.601652264595032 0.661813855171204 0.65282678604126 0.664747178554535 0.68916255235672 0.687339723110199 0.677026271820068 0.6941077709198 0.729934632778168 0.77528178691864 0.809775948524475 0.837921380996704 0.862311780452728 0.888524532318115
0.350963026285172 0.295082807540894 0.140918210148811 0.13323937356472 0.178411349654198 0.255027204751968 0.260331898927689 0.378000169992447 0.500637352466583 0.445262312889099 0.361168920993805 0.234020099043846 0.187308996915817 0.178956642746925 0.165804713964462 0.160881713032722 0.15390208363533 0.151534780859947 0.156114801764488 0.146069884300232 0.14780093729496 0.146306723356247 0.146460801362991 0.148512735962868 0.567062258720398 0.583371698856354 0.596507132053375 0.591088652610779 0.561133980751038 0.581742525100708 0.609764456748962 0.585206627845764 0.60790228843689 0.635153710842133 0.662113547325134 0.685805559158325 0.693601846694946 0.670968890190125 0.67655336856842 0.682240664958954 0.698166787624359 0.714438498020172 0.779850542545319 0.77217173576355 0.826958835124969 0.85164749622345 0.87746787071228
0.402547955513 0.220922663807869 0.208155393600464 0.335414618253708 0.462281912565231 0.506940543651581 0.460531324148178 0.503054082393646 0.487786889076233 0.359699606895447 0.414585322141647 0.472559452056885 0.288892805576324 0.249420896172523 0.243490651249886 0.259269893169403 0.256316184997559 0.259440779685974 0.208157181739807 0.176883533596992 0.161378338932991 0.175167560577393 0.163527935743332 0.609331786632538 0.603439748287201 0.632219016551971 0.594015121459961 0.592176198959351 0.608899116516113 0.592571794986725 0.612099647521973 0.611173808574677 0.650464177131653 0.689557611942291 0.749916732311249 0.759615242481232 0.749781787395477 0.735856533050537 0.639386832714081 0.700172662734985 0.725411057472229 0.737828612327576 0.765058636665344 0.795331478118896 0.820035099983215 0.84481680393219 0.868052840232849
0.503534615039825 0.288382023572922 0.501703262329102 0.430630534887314 0.479974865913391 0.453748255968094 0.410463124513626 0.503898501396179 0.511838853359222 0.499439150094986 0.503477931022644 0.489428222179413 0.439792513847351 0.480820149183273 0.388445854187012 0.408833146095276 0.401631295681 0.43255478143692 0.369761645793915 0.312041431665421 0.242108434438705 0.211075782775879 0.710882663726807 0.722519278526306 0.716066420078278 0.682606220245361 0.636933565139771 0.654047250747681 0.661306142807007 0.66397225856781 0.651581943035126 0.644349157810211 0.670644283294678 0.695092499256134 0.726668536663055 0.754607081413269 0.77688330411911 0.758938372135162 0.697714388370514 0.688306152820587 0.722896575927734 0.744580924510956 0.776327311992645 0.804760694503784 0.796982109546661 0.810125172138214 0.858523428440094
0.40691015124321 0.48482683300972 0.393945515155792 0.374629497528076 0.421249538660049 0.462753891944885 0.410696715116501 0.422836869955063 0.356245577335358 0.272141426801682 0.325986742973328 0.326186656951904 0.289529204368591 0.46302193403244 0.41113269329071 0.338954955339432 0.442491114139557 0.396606177091599 0.395124226808548 0.400293439626694 0.368770986795425 0.319108009338379 0.296244949102402 0.793399691581726 0.768099188804626 0.733857810497284 0.698447585105896 0.678000092506409 0.681726813316345 0.707473158836365 0.712963163852692 0.695583283901215 0.645473778247833 0.642933785915375 0.669038772583008 0.698420941829681 0.726061761379242 0.763171255588531 0.676852405071259 0.659254670143127 0.641715109348297 0.691059112548828 0.723012626171112 0.745441734790802 0.73677659034729 0.772874295711517 0.811980485916138
0.39633771777153 0.192707911133766 0.365191251039505 0.472444355487823 0.434893548488617 0.483731091022491 0.405809938907623 0.390256941318512 0.386250376701355 0.328453570604324 0.367451459169388 0.368516713380814 0.392070412635803 0.479559987783432 0.464593768119812 0.316219627857208 0.390719890594482 0.431931793689728 0.411578983068466 0.431480228900909 0.43477189540863 0.392613232135773 0.866660594940186 0.828295648097992 0.822810232639313 0.805480241775513 0.788537621498108 0.766567289829254 0.744790017604828 0.729062914848328 0.736514985561371 0.739459753036499 0.749404311180115 0.687936365604401 0.648656785488129 0.647110641002655 0.669490277767181 0.643978476524353 0.653136372566223 0.607811868190765 0.617900609970093 0.647122144699097 0.643752694129944 0.671949923038483 0.676665961742401 0.715668976306915 0.735725283622742
0.447038233280182 0.28035506606102 0.152849137783051 0.23693223297596 0.467866390943527 0.384163022041321 0.487824946641922 0.436332553625107 0.402623236179352 0.436536878347397 0.408393502235413 0.398268818855286 0.46564644575119 0.497029304504395 0.481874108314514 0.426130205392838 0.330348789691925 0.37580993771553 0.322445064783096 0.320998877286911 0.408070385456085 0.894425451755524 0.884312927722931 0.863821029663086 0.853374123573303 0.843842923641205 0.825320363044739 0.831056237220764 0.819761991500854 0.802596151828766 0.822216331958771 0.821069359779358 0.822155058383942 0.798073828220367 0.724388301372528 0.654303967952728 0.621542155742645 0.635558843612671 0.61034095287323 0.593404471874237 0.605054378509521 0.629704535007477 0.631200790405273 0.61379212141037 0.638159215450287 0.645955145359039 0.649860918521881
0.283072203397751 0.458387613296509 0.296640992164612 0.342412769794464 0.45443207025528 0.331543177366257 0.368093729019165 0.474970787763596 0.472497314214706 0.480371594429016 0.469862788915634 0.471881210803986 0.441045075654984 0.448516398668289 0.343732714653015 0.284613192081451 0.316013753414154 0.386462181806564 0.446339875459671 0.422034710645676 0.919621109962463 0.912461161613464 0.907234013080597 0.896143138408661 0.873699069023132 0.841709971427917 0.8580641746521 0.859601974487305 0.86403900384903 0.807551562786102 0.845233082771301 0.866378784179688 0.803150951862335 0.825429260730743 0.79976487159729 0.705624222755432 0.672699093818665 0.637211799621582 0.615343928337097 0.600810050964355 0.610134124755859 0.608940601348877 0.616205930709839 0.622882068157196 0.600855112075806 0.5820032954216 0.617794513702393
0.576465845108032 0.76084178686142 0.362712800502777 0.427633613348007 0.393102675676346 0.459529101848602 0.848356962203979 0.847663998603821 0.90134996175766 0.424946039915085 0.47203540802002 0.428799659013748 0.391300588846207 0.407754868268967 0.374286234378815 0.343568652868271 0.407926380634308 0.93785434961319 0.930110037326813 0.940317571163177 0.928595900535583 0.925221621990204 0.940639674663544 0.934780597686768 0.90321284532547 0.874499559402466 0.922732949256897 0.902998268604279 0.892746448516846 0.8960942029953 0.898203194141388 0.905894339084625 0.878639996051788 0.841097235679626 0.787503600120544 0.732243597507477 0.717227041721344 0.698581218719482 0.668497264385223 0.63216906785965 0.619681179523468 0.633911550045013 0.634573817253113 0.616447746753693 0.582818567752838 0.569598972797394 0.590999841690063
0.5224569439888 0.607616603374481 0.682821452617645 0.871223568916321 0.472650080919266 0.922687292098999 0.890639841556549 0.886255085468292 0.920189619064331 0.90005350112915 0.931159973144531 0.947672128677368 0.432489305734634 0.943844199180603 0.950074017047882 0.937571823596954 0.912902057170868 0.908966362476349 0.950814127922058 0.951124489307404 0.950935065746307 0.960706293582916 0.946457743644714 0.955022692680359 0.928668141365051 0.913242936134338 0.932750523090363 0.926938652992249 0.897739052772522 0.916530728340149 0.918910503387451 0.886389136314392 0.868582606315613 0.885952472686768 0.797451019287109 0.753400027751923 0.721037447452545 0.731170058250427 0.702708542346954 0.674401938915253 0.678374946117401 0.692804038524628 0.661732494831085 0.615335643291473 0.601258993148804 0.541751205921173 0.554696321487427
0.682161688804626 0.591260612010956 0.80587637424469 0.908919513225555 0.41898700594902 0.928798794746399 0.924968421459198 0.903281569480896 0.948570787906647 0.931506454944611 0.921120464801788 0.941497385501862 0.951955497264862 0.951635420322418 0.941739976406097 0.959114372730255 0.952909231185913 0.870931267738342 0.883272111415863 0.965362131595612 0.965525031089783 0.963637828826904 0.95646744966507 0.947733700275421 0.952305316925049 0.938999950885773 0.948213040828705 0.939307451248169 0.939093112945557 0.929696321487427 0.943528115749359 0.936004757881165 0.880644202232361 0.847256124019623 0.808696687221527 0.820860147476196 0.783459961414337 0.758777022361755 0.739463567733765 0.742827177047729 0.734942197799683 0.723225057125092 0.723126828670502 0.643711566925049 0.609731018543243 0.557955265045166 0.515196442604065
0.692002594470978 0.703720450401306 0.812657475471497 0.904629528522491 0.944571852684021 0.941704213619232 0.911220252513885 0.95035457611084 0.955274045467377 0.93991881608963 0.923042058944702 0.964448213577271 0.96030205488205 0.963440179824829 0.944532513618469 0.959678590297699 0.972154438495636 0.940934002399445 0.96293181180954 0.980270624160767 0.968817055225372 0.967997252941132 0.96485424041748 0.965768396854401 0.97190922498703 0.964266419410706 0.968249619007111 0.959710717201233 0.961151123046875 0.960110545158386 0.959977984428406 0.964174568653107 0.943359315395355 0.884411334991455 0.855979919433594 0.808524549007416 0.79865574836731 0.797178685665131 0.776702880859375 0.763471186161041 0.756456613540649 0.751201391220093 0.748523414134979 0.724702835083008 0.684042572975159 0.661377787590027 0.607957184314728
0.520389318466187 0.554890334606171 0.833823144435883 0.922180354595184 0.937647044658661 0.919618308544159 0.947697401046753 0.8771031498909 0.935462176799774 0.950247645378113 0.961827158927917 0.957769215106964 0.974146902561188 0.963797509670258 0.976210713386536 0.98164302110672 0.961594939231873 0.937013208866119 0.978767573833466 0.974794447422028 0.983135581016541 0.979291677474976 0.972326755523682 0.971258103847504 0.968296408653259 0.970841884613037 0.966932713985443 0.948815584182739 0.966811776161194 0.97150069475174 0.958886504173279 0.960410714149475 0.951969623565674 0.926195561885834 0.925784289836884 0.879393517971039 0.776550769805908 0.745497584342957 0.768903017044067 0.770765066146851 0.779461443424225 0.81890070438385 0.804388880729675 0.804252445697784 0.806994378566742 0.746921539306641 0.727958977222443
0.5557741522789 0.577193915843964 0.641004860401154 0.736328780651093 0.889748632907867 0.946297824382782 0.947137534618378 0.949265599250793 0.840650260448456 0.803116917610168 0.846933364868164 0.873186528682709 0.916907250881195 0.980823040008545 0.972922146320343 0.974812567234039 0.985220313072205 0.980166852474213 0.982302367687225 0.94062215089798 0.915467202663422 0.919402003288269 0.911349296569824 0.902413368225098 0.89423018693924 0.842371582984924 0.855350017547607 0.873225212097168 0.870445668697357 0.898947894573212 0.966527283191681 0.968553602695465 0.970713913440704 0.963832378387451 0.916646182537079 0.81111353635788 0.756700396537781 0.738852262496948 0.752266347408295 0.781440913677216 0.78054004907608 0.820501267910004 0.864272475242615 0.869727849960327 0.839602470397949 0.81001490354538 0.780802845954895
0.640216052532196 0.591516256332397 0.613103032112122 0.65981388092041 0.721904993057251 0.761614143848419 0.870611548423767 0.910746693611145 0.862782716751099 0.822146534919739 0.838434278964996 0.858726978302002 0.94699615240097 0.982380747795105 0.985429406166077 0.986194252967834 0.96839839220047 0.921084046363831 0.892555236816406 0.87778252363205 0.878527104854584 0.856016635894775 0.8713259100914 0.86089414358139 0.867375373840332 0.848827064037323 0.849806666374207 0.850952625274658 0.83765709400177 0.877345442771912 0.937441945075989 0.975939810276031 0.96805614233017 0.934893131256104 0.893178522586823 0.826774895191193 0.767568051815033 0.745544970035553 0.761921525001526 0.803694844245911 0.792552053928375 0.846348941326141 0.871691882610321 0.872488498687744 0.842812120914459 0.834674596786499 0.867109179496765
0.755057632923126 0.677051663398743 0.682014644145966 0.683116137981415 0.696211338043213 0.727365851402283 0.736128866672516 0.787079572677612 0.895360708236694 0.975577294826508 0.982333838939667 0.917489349842072 0.876473605632782 0.935105383396149 0.934553146362305 0.89068204164505 0.873284816741943 0.858283638954163 0.87631756067276 0.874653935432434 0.866637229919434 0.860306143760681 0.862119555473328 0.861911118030548 0.8586266040802 0.864920616149902 0.891164839267731 0.915612936019897 0.873033106327057 0.917950332164764 0.941642701625824 0.905853509902954 0.913401484489441 0.869297444820404 0.847674667835236 0.779331147670746 0.777068138122559 0.758235335350037 0.779586732387543 0.823077619075775 0.837213218212128 0.857752919197083 0.879077553749084 0.882140696048737 0.843991816043854 0.866681218147278 0.893309831619263
0.877626299858093 0.879565596580505 0.795388221740723 0.793902277946472 0.785057604312897 0.759396135807037 0.749530792236328 0.826723992824554 0.971475064754486 0.97650808095932 0.985765337944031 0.972043097019196 0.919672310352325 0.879838347434998 -3.4e+38 -3.4e+38 0.858038723468781 0.837616801261902 0.852191030979156 0.855842709541321 -3.4e+38 -3.4e+38 -3.4e+38 -3.4e+38 -3.4e+38 -3.4e+38 0.857893764972687 0.929474234580994 0.899827599525452 0.917930245399475 0.887799680233002 0.861737430095673 0.839525818824768 0.877555251121521 0.864115595817566 0.772920370101929 0.842489540576935 0.774605631828308 0.808878540992737 0.818007111549377 0.847255408763885 0.873024165630341 0.869961202144623 0.874219357967377 0.879112660884857 0.879229426383972 0.907707929611206
0.837760090827942 0.87702488899231 0.858784198760986 0.896732151508331 0.948234915733337 0.935320317745209 0.85191947221756 0.844408273696899 0.910033702850342 0.884302914142609 0.944886445999146 0.938434600830078 0.849054992198944 -3.4e+38 -3.4e+38 0.82015323638916 0.888177037239075 0.863073825836182 0.816149592399597 -3.4e+38 -3.4e+38 -3.4e+38 -3.4e+38 -3.4e+38 -3.4e+38 -3.4e+38 -3.4e+38 -3.4e+38 -3.4e+38 -3.4e+38 -3.4e+38 -3.4e+38 0.830901801586151 0.842306613922119 0.840546309947968 0.87317305803299 0.851480424404144 0.870834410190582 0.880251348018646 0.809735238552094 0.832656562328339 0.849569797515869 0.861412286758423 0.909891247749329 0.91329562664032 0.879484534263611 0.908754467964172
0.709952831268311 0.739206194877625 0.821093022823334 0.851754784584045 0.876373112201691 0.837597906589508 -3.4e+38 -3.4e+38 0.833559513092041 0.91979569196701 0.90004950761795 -3.4e+38 -3.4e+38 -3.4e+38 -3.4e+38 0.906060338020325 0.96369469165802 0.963407814502716 0.86919629573822 -3.4e+38 -3.4e+38 -3.4e+38 -3.4e+38 -3.4e+38 -3.4e+38 -3.4e+38 -3.4e+38 -3.4e+38 -3.4e+38 -3.4e+38 -3.4e+38 -3.4e+38 -3.4e+38 0.834041774272919 0.852634787559509 0.905171096324921 0.905987918376923 0.869849383831024 0.879009306430817 0.878383755683899 0.917082130908966 0.873302817344666 0.865808665752411 0.933110535144806 0.931370079517365 0.932282030582428 0.922793328762054
