data/climate_estimation/maxent_output/Fritillaria_unibracteata.asc
NCOLS 50 
NROWS 72 
XLLCORNER 99.75 
YLLCORNER 30 
CELLSIZE 0.0833333333333334 
NODATA_value -3.4e+38 
[rows 40 to 59 of 72, columns 0 to 43 of 50]
0.785604357719421 0.875011682510376 0.884072422981262 0.913826048374176 0.919027745723724 0.928472995758057 0.930487275123596 0.904948055744171 0.888596296310425 0.853567898273468 0.934946179389954 0.916147232055664 0.908784031867981 0.929927051067352 0.861819565296173 0.885209500789642 0.762620449066162 0.858911097049713 0.865183770656586 0.886078238487244 0.865142583847046 0.892833828926086 0.932253956794739 0.879568457603455 0.847803354263306 0.91249018907547 0.944221258163452 0.91853392124176 0.916156589984894 0.915229439735413 0.897278964519501 0.949216842651367 0.985633552074432 0.993608474731445 0.986746191978455 0.992854952812195 0.996583044528961 0.996049642562866 0.99378114938736 0.969103813171387 0.964345514774323 0.994193971157074 0.984266698360443 0.937683939933777
0.796827673912048 0.835971772670746 0.877988934516907 0.897858679294586 0.910094797611237 0.922028064727783 0.937060594558716 0.924005746841431 0.869807183742523 0.835884511470795 0.805336713790894 0.844079852104187 0.900290966033936 0.872047483921051 0.894005358219147 0.859242737293243 0.9007169008255 0.941951036453247 0.91036456823349 0.896642506122589 0.824027895927429 0.820833563804626 0.875700235366821 0.884867668151855 0.944395899772644 0.956798434257507 0.911066055297852 0.912431120872498 0.893626511096954 0.968546748161316 0.951695084571838 0.953481912612915 0.983223974704742 0.985575318336487 0.994299352169037 0.996530115604401 0.999126493930817 0.998969256877899 0.984661161899567 0.981514632701874 0.995067059993744 0.99211847782135 0.993730545043945 0.957625925540924
0.861615717411041 0.789774835109711 0.787857234477997 0.840241432189941 0.886578679084778 0.901940703392029 0.941214323043823 0.922989964485168 0.937710642814636 0.918308019638062 0.921152114868164 0.894887447357178 0.80395096540451 0.898901164531708 0.87853878736496 0.759770154953003 0.890736937522888 0.922437787055969 0.950598359107971 0.924867570400238 0.916510403156281 0.869015693664551 0.922957181930542 0.964066684246063 0.951345682144165 0.928421676158905 0.945911705493927 0.89039158821106 0.886508822441101 0.961139857769012 0.956440985202789 0.947325348854065 0.971988558769226 0.989095866680145 0.996591448783875 0.999464452266693 0.999296545982361 0.997841119766235 0.998750865459442 0.992597162723541 0.964127242565155 0.97327071428299 0.965894997119904 0.968220114707947
0.892391800880432 0.85158634185791 0.762907683849335 0.796824157238007 0.854648947715759 0.84548556804657 0.869389772415161 0.899127840995789 0.931818008422852 0.954500794410706 0.931697726249695 0.88876748085022 0.851658225059509 0.89605700969696 0.909634411334991 0.817496716976166 0.766788721084595 0.846667587757111 0.939211964607239 0.980888545513153 0.975823283195496 0.856200337409973 0.841195702552795 0.948303401470184 0.947909533977509 0.945739030838013 0.921704888343811 0.927552819252014 0.918856024742126 0.969847321510315 0.963004112243652 0.95651912689209 0.970408737659454 0.994194746017456 0.999025523662567 0.999376356601715 0.999450385570526 0.997297763824463 0.998164355754852 0.987108170986176 0.907635927200317 0.982845485210419 0.915223002433777 0.988316714763641
0.801824808120728 0.779758334159851 0.820448279380798 0.783150434494019 0.82490336894989 0.811091780662537 0.773223578929901 0.816644608974457 0.88196736574173 0.951134085655212 0.936762630939484 0.92421954870224 0.841161370277405 0.810369968414307 0.821102440357208 0.900505304336548 0.857729256153107 0.838539004325867 0.870100975036621 0.917126536369324 0.968081831932068 0.94956761598587 0.872506499290466 0.98027116060257 0.937526047229767 0.963857352733612 0.925422787666321 0.939935445785522 0.993576169013977 0.990575730800629 0.981492459774017 0.98825216293335 0.981442272663116 0.988189280033112 0.996171355247498 0.998204588890076 0.997792184352875 0.983532607555389 0.996001541614532 0.981792092323303 0.854952752590179 0.956680655479431 0.87482750415802 0.967633366584778
0.724600732326508 0.734040081501007 0.819501876831055 0.785697042942047 0.720769286155701 0.802503228187561 0.820109784603119 0.799068212509155 0.854344189167023 0.907977223396301 0.932528972625732 0.95385879278183 0.945038378238678 0.920418560504913 0.863910555839539 0.864779710769653 0.936044991016388 0.876519799232483 0.86599463224411 0.945210337638855 0.92032665014267 0.789051711559296 0.726478636264801 0.851119339466095 0.866064310073853 0.869922876358032 0.876806080341339 0.920948445796967 0.863291442394257 0.948009848594666 0.989821672439575 0.994784116744995 0.979300618171692 0.988472104072571 0.998855948448181 0.998336493968964 0.999093234539032 0.952498912811279 0.98513662815094 0.982257843017578 0.78603982925415 0.796514391899109 0.980572819709778 0.99533748626709
0.753613293170929 0.711569130420685 0.733948409557343 0.823198676109314 0.782618999481201 0.768524467945099 0.806145310401917 0.786714434623718 0.781222999095917 0.866572618484497 0.852873742580414 0.973545730113983 0.952448666095734 0.937910795211792 0.817677319049835 0.855159044265747 0.969308972358704 0.927585601806641 0.953136384487152 0.937286555767059 0.802688837051392 0.883849084377289 0.874687612056732 0.833890974521637 0.826716303825378 0.903680622577667 0.961289823055267 0.856659770011902 0.92825049161911 0.883545935153961 0.976372718811035 0.994140148162842 0.996586561203003 0.97989159822464 0.997859835624695 0.96015077829361 0.957118570804596 0.922374248504639 0.85313218832016 0.978394150733948 0.813133001327515 0.771571576595306 0.970845997333527 0.995156228542328
0.855121970176697 0.786454498767853 0.744085729122162 0.737894535064697 0.811080753803253 0.762397885322571 0.808338165283203 0.863471686840057 0.827629387378693 0.85937488079071 0.77027827501297 0.881360650062561 0.97360759973526 0.963286519050598 0.816426694393158 0.951026201248169 0.978213012218475 0.972013652324677 0.968986570835114 0.929771780967712 0.916198194026947 0.926730036735535 0.870868265628815 0.955551385879517 0.970365464687347 0.961135566234589 0.917712867259979 0.905494868755341 0.993868887424469 0.990726351737976 0.989141166210175 0.998977303504944 0.996338963508606 0.994758307933807 0.98527455329895 0.959264397621155 0.987133681774139 0.971903026103973 0.834406852722168 0.89157646894455 0.883307933807373 0.858695089817047 0.789657115936279 0.951752126216888
0.740363121032715 0.811835527420044 0.824362516403198 0.812949120998383 0.758041739463806 0.807965636253357 0.721498489379883 0.907541394233704 0.894222259521484 0.796302378177643 0.848292112350464 0.729603171348572 0.940553247928619 0.879992067813873 0.699601471424103 0.75829154253006 0.919147253036499 0.969257652759552 0.948426723480225 0.986689031124115 0.979600369930267 0.941120445728302 0.953242659568787 0.983551919460297 0.984483897686005 0.986078441143036 0.951841115951538 0.793177366256714 0.85599684715271 0.937630236148834 0.989688277244568 0.995556235313416 0.997089385986328 0.998333394527435 0.974253475666046 0.982437670230865 0.995270907878876 0.990042150020599 0.99244487285614 0.987187802791595 0.985077917575836 0.964844346046448 0.849950730800629 0.719152927398682
0.806599318981171 0.869086861610413 0.833085954189301 0.871624231338501 0.749107420444489 0.843780696392059 0.773136138916016 0.785382091999054 0.877380549907684 0.858583092689514 0.870496690273285 0.688209235668182 0.740732729434967 0.737279951572418 0.948642253875732 0.919762492179871 0.670267701148987 0.902091801166534 0.923535048961639 0.946606874465942 0.935657322406769 0.943776905536652 0.960683405399323 0.86082524061203 0.821512699127197 0.9443519115448 0.895485460758209 0.892865240573883 0.903575003147125 0.877707839012146 0.851948618888855 0.964622616767883 0.96323561668396 0.970705628395081 0.972924768924713 0.989635586738586 0.999201238155365 0.999568283557892 0.999431967735291 0.999345719814301 0.973613381385803 0.91309005022049 0.835371673107147 0.735778450965881
0.814084112644196 0.874192535877228 0.893878817558289 0.869852840900421 0.821311593055725 0.700563669204712 0.865660727024078 0.71780264377594 0.794393837451935 0.896317362785339 0.813805401325226 0.829125642776489 0.819194436073303 0.922372460365295 0.892184972763062 0.8122398853302 0.747043490409851 0.695977807044983 0.69308477640152 0.864376664161682 0.866030216217041 0.697600364685059 0.705743670463562 0.797957122325897 0.936671912670135 0.801536023616791 0.852860331535339 0.984379291534424 0.980949223041534 0.97228991985321 0.966298341751099 0.979305326938629 0.973323464393616 0.978245913982391 0.994093716144562 0.989119291305542 0.999035775661469 0.996594190597534 0.992612421512604 0.996244370937347 0.997895181179047 0.987186014652252 0.975482761859894 0.986583471298218
0.773042500019073 0.848005950450897 0.81227046251297 0.791565001010895 0.832139790058136 0.63312292098999 0.758607387542725 0.777734994888306 0.744305610656738 0.826900243759155 0.835465550422668 0.809266924858093 0.829507529735565 0.77824604511261 0.872043788433075 0.917975604534149 0.877218306064606 0.947924911975861 0.85042005777359 0.926984906196594 0.91631942987442 0.719862818717957 0.981732368469238 0.899882912635803 0.986499011516571 0.961503088474274 0.954188287258148 0.710070371627808 0.987026214599609 0.995903849601746 0.986950755119324 0.993995130062103 0.994203269481659 0.99602860212326 0.998965084552765 0.974895834922791 0.961503624916077 0.999071300029755 0.99519282579422 0.955673158168793 0.889847099781036 0.99119645357132 0.982080340385437 0.958209991455078
0.73115611076355 0.668582141399384 0.627637386322021 0.661453485488892 0.790264904499054 0.676528573036194 0.632628798484802 0.749380111694336 0.81501978635788 0.720640540122986 0.82152783870697 0.768497467041016 0.795463979244232 0.769820272922516 0.815294861793518 0.944423139095306 0.960188627243042 0.856839239597321 0.964552462100983 0.942792117595673 0.748338222503662 0.958383560180664 0.984600901603699 0.962054491043091 0.968537151813507 0.914618730545044 0.805650591850281 0.527687072753906 0.955282986164093 0.994421064853668 0.991868793964386 0.988433659076691 0.997010290622711 0.999013721942902 0.998510777950287 0.978385448455811 0.885225892066956 0.993908405303955 0.991997897624969 0.998635470867157 0.943253755569458 0.722223281860352 0.775374054908752 0.783596098423004
0.942293107509613 0.947342574596405 0.885896682739258 0.803021132946014 0.749955177307129 0.831407010555267 0.917946696281433 0.836769700050354 0.688880741596222 0.708151519298553 0.772508263587952 0.765812516212463 0.849739372730255 0.828262567520142 0.855390429496765 0.888475000858307 0.946280062198639 0.963906347751617 0.951596021652222 0.823754191398621 0.92694628238678 0.971193850040436 0.943797051906586 0.943438112735748 0.95737099647522 0.873064696788788 0.940379619598389 0.646789848804474 0.826114177703857 0.984445154666901 0.997076869010925 0.991046130657196 0.967842161655426 0.97949630022049 0.999484837055206 0.995488584041595 0.948605298995972 0.903054773807526 0.892892181873322 0.999521911144257 0.99699604511261 0.727189123630524 0.609806180000305 0.729644477367401
0.915006756782532 0.951391398906708 0.918819487094879 0.947684407234192 0.781795978546143 0.941562473773956 0.916076421737671 0.939621150493622 0.856378376483917 0.720405399799347 0.758068680763245 0.694027245044708 0.854591488838196 0.878381729125977 0.830993890762329 0.87864351272583 0.903361678123474 0.867585003376007 0.872591316699982 0.905076205730438 0.960694432258606 0.990827977657318 0.988306522369385 0.989160239696503 0.977169096469879 0.950609266757965 0.948051393032074 0.51548033952713 0.682247757911682 0.979927122592926 0.996112525463104 0.997081637382507 0.984770536422729 0.977827787399292 0.997474312782288 0.997086405754089 0.997141897678375 0.998149275779724 0.968554496765137 0.891886949539185 0.777597546577454 0.747421145439148 0.905191659927368 0.993329763412476
0.883479595184326 0.83425235748291 0.921094596385956 0.969510614871979 0.885926067829132 0.700242042541504 0.87564080953598 0.893079817295074 0.941478073596954 0.890658378601074 0.753977358341217 0.600535154342651 0.879015445709229 0.84280914068222 0.829518020153046 0.914213478565216 0.807206809520721 0.91719651222229 0.94620555639267 0.956273317337036 0.968055963516235 0.992711246013641 0.992766618728638 0.977386355400085 0.994576215744019 0.959613859653473 0.663671672344208 0.694124639034271 0.919570922851562 0.985935866832733 0.993817687034607 0.97724312543869 0.987106680870056 0.941534817218781 0.996625304222107 0.998774409294128 0.991554856300354 0.902207255363464 0.873369038105011 0.913549959659576 0.855828583240509 0.948862373828888 0.947660624980927 0.907476782798767
0.874115347862244 0.8932124376297 0.926195740699768 0.906937897205353 0.843587815761566 0.801800072193146 0.785182178020477 0.93477326631546 0.916836321353912 0.928853511810303 0.904655575752258 0.719991266727448 0.560645520687103 0.766061842441559 0.879241049289703 0.925131738185883 0.889277160167694 0.943291962146759 0.978557884693146 0.967132449150085 0.920096218585968 0.974608600139618 0.962816178798676 0.967913329601288 0.994487106800079 0.981444716453552 0.816439747810364 0.441529661417007 0.899424970149994 0.989730358123779 0.986587882041931 0.975827217102051 0.9036985039711 0.991994798183441 0.992817223072052 0.999689221382141 0.999512434005737 0.999395191669464 0.998806416988373 0.999667048454285 0.99963504076004 0.996802806854248 0.808251202106476 0.656911611557007
0.917345345020294 0.934589862823486 0.949495315551758 0.965912222862244 0.94253933429718 0.828404009342194 0.600106060504913 0.932047426700592 0.874844312667847 0.912158906459808 0.938921272754669 0.773037850856781 0.61586582660675 0.537775456905365 0.741720080375671 0.916479468345642 0.981366991996765 0.922012865543365 0.970481693744659 0.978105962276459 0.973671793937683 0.979679644107819 0.984511971473694 0.977908253669739 0.985740661621094 0.949843645095825 0.668567955493927 0.617503762245178 0.851782739162445 0.958675444126129 0.997522175312042 0.969223499298096 0.836771488189697 0.963315069675446 0.994411766529083 0.999690890312195 0.99972015619278 0.999380707740784 0.997602701187134 0.993430018424988 0.986791372299194 0.980263710021973 0.968055069446564 0.709349930286407
0.90669721364975 0.954408764839172 0.921874284744263 0.919302046298981 0.910408496856689 0.93176132440567 0.6806760430336 0.794585049152374 0.88393759727478 0.96015065908432 0.966319561004639 0.880382001399994 0.809565663337708 0.777850747108459 0.579029321670532 0.862394750118256 0.964947164058685 0.981738865375519 0.981659471988678 0.956162631511688 0.981566548347473 0.886914312839508 0.967955946922302 0.966516554355621 0.971128821372986 0.531296372413635 0.890801906585693 0.935613214969635 0.985953152179718 0.995055317878723 0.985161423683167 0.95436829328537 0.87001097202301 0.959186553955078 0.99885356426239 0.999607980251312 0.999509871006012 0.999441564083099 0.999743700027466 0.999723434448242 0.980861008167267 0.707040011882782 0.555238902568817 0.895962059497833
0.927635848522186 0.954340875148773 0.973573267459869 0.954894602298737 0.827281832695007 0.846327006816864 0.671116769313812 0.765472292900085 0.889081060886383 0.943926751613617 0.980225801467896 0.954039573669434 0.926267266273499 0.963857710361481 0.903063356876373 0.570484578609467 0.74218076467514 0.951017916202545 0.98736447095871 0.942653059959412 0.933901369571686 0.739104449748993 0.790987968444824 0.959304332733154 0.955371081829071 0.597315073013306 0.984903991222382 0.946973264217377 0.722853600978851 0.75682920217514 0.747517824172974 0.759736001491547 0.836431860923767 0.874245524406433 0.993865311145782 0.994466364383698 0.994423925876617 0.995140731334686 0.998883008956909 0.954538106918335 0.926066875457764 0.687287449836731 0.675875544548035 0.527724027633667
