data/climate_estimation/maxent_output/Fritillaria_glauca.asc
NCOLS 25 
NROWS 46 
XLLCORNER -124 
YLLCORNER 39.1666666666667 
CELLSIZE 0.0833333333333331 
NODATA_value -3.4e+38 
0.533051669597626 0.642837703227997 0.681284427642822 0.782012164592743 0.743206679821014 0.723592519760132 0.712894678115845 0.373523652553558 0.262850373983383 0.255583494901657 0.261817336082458 0.382295846939087 0.523782849311829 0.468619674444199 0.686903595924377 0.653345108032227 0.64392364025116 0.661038160324097 0.588960528373718 0.542477428913116 0.483013033866882 0.430824846029282 0.353801995515823 0.319539546966553 0.277294784784317
0.401004612445831 0.465924799442291 0.612172663211823 0.746430516242981 0.74366956949234 0.740075528621674 0.764313578605652 0.687127411365509 0.595555484294891 0.503020584583282 0.561375260353088 0.530354917049408 0.445635169744492 0.47741487622261 0.790549755096436 0.706345736980438 0.653099417686462 0.648089170455933 0.578229665756226 0.55365914106369 0.537203669548035 0.514032065868378 0.410962671041489 0.404931455850601 0.196911841630936
0.413743197917938 0.574033379554749 0.621713221073151 0.769530892372131 0.799363970756531 0.768337547779083 0.72323876619339 0.583928406238556 0.463461458683014 0.465056091547012 0.599384963512421 0.571463465690613 0.745781242847443 0.707879424095154 0.672025322914124 0.546844840049744 0.534152388572693 0.670212745666504 0.474705249071121 0.577870905399323 0.609189987182617 0.545763611793518 0.458933740854263 0.134801626205444 0.111718244850636
0.50614058971405 0.676596760749817 0.743166625499725 0.737032890319824 0.730989396572113 0.787540256977081 0.644641816616058 0.426057308912277 0.488138675689697 0.613310277462006 0.452388763427734 0.5514976978302 0.593421936035156 0.24965663254261 0.368842244148254 0.250040471553802 0.274003505706787 0.519845426082611 0.343235969543457 0.312197148799896 0.468942314386368 0.523844361305237 0.379851520061493 0.071402870118618 0.0542307123541832
0.507381200790405 0.508228838443756 0.651638925075531 0.815824031829834 0.788126885890961 0.740969002246857 0.573749005794525 0.379775077104568 0.462888270616531 0.334570467472076 0.246693029999733 0.221245557069778 0.186795979738235 0.197810754179955 0.0919612795114517 0.104971952736378 0.296564221382141 0.518178641796112 0.358464121818542 0.396429389715195 0.456151723861694 0.569804310798645 0.25821927189827 0.0639849230647087 0.0387844629585743
0.529047250747681 0.612863659858704 0.664250314235687 0.7688108086586 0.777077615261078 0.747915983200073 0.414152592420578 0.259406954050064 0.361082196235657 0.179371878504753 0.0978175923228264 0.129218652844429 0.0561827197670937 0.0375086665153503 0.0410950407385826 0.123863883316517 0.173671200871468 0.236656323075294 0.174279168248177 0.265825480222702 0.398894727230072 0.371748775243759 0.196075215935707 0.0508513189852238 0.0414555892348289
0.624797344207764 0.693684577941895 0.774901986122131 0.769978523254395 0.838647246360779 0.773642539978027 0.40589314699173 0.222526237368584 0.190526515245438 0.135246396064758 0.0671205744147301 0.0459485836327076 0.0230856575071812 0.0189501605927944 0.0212426912039518 0.0332795344293118 0.0569237358868122 0.22749999165535 0.240260198712349 0.288422822952271 0.380693644285202 0.194268837571144 0.0980175286531448 0.0573489554226398 0.0319383628666401
0.593910694122314 0.702145934104919 0.870114028453827 0.858691215515137 0.849211454391479 0.736386775970459 0.543429672718048 0.242088511586189 0.209504559636116 0.174711376428604 0.0701255053281784 0.0890375599265099 0.0265963058918715 0.0137553326785564 0.0344412475824356 0.0538861006498337 0.0740556046366692 0.0962847769260406 0.174588024616241 0.293175786733627 0.228712111711502 0.133572027087212 0.125474199652672 0.0613100416958332 0.0339372642338276
0.614595830440521 0.722829878330231 0.870017349720001 0.868437707424164 0.828968286514282 0.793248236179352 0.780656814575195 0.581125855445862 0.222375079989433 0.109227739274502 0.154215335845947 0.112404488027096 0.0454032719135284 0.0211604982614517 0.0273979529738426 0.128800943493843 0.207933351397514 0.281094551086426 0.249808549880981 0.23833355307579 0.142354726791382 0.102749116718769 0.0739142447710037 0.0514828115701675 0.0277635511010885
0.532332420349121 0.708855450153351 0.769347727298737 0.905114114284515 0.869868159294128 0.838347792625427 0.83322662115097 0.692163050174713 0.234543710947037 0.175738885998726 0.153802737593651 0.0516016967594624 0.0922175422310829 0.143138602375984 0.0447345338761806 0.0311420187354088 0.0451860651373863 0.163740411400795 0.202019035816193 0.176686435937881 0.0915392935276031 0.0725106969475746 0.0516100600361824 0.035115048289299 0.0249638929963112
0.589183509349823 0.714871644973755 0.792823970317841 0.886848151683807 0.801987886428833 0.77888947725296 0.82475221157074 0.749769628047943 0.57402765750885 0.324047088623047 0.152474761009216 0.0795136094093323 0.0781377628445625 0.119968712329865 0.231600567698479 0.187450021505356 0.0556374602019787 0.0535321421921253 0.123773157596588 0.0687556862831116 0.0565877072513103 0.0440287627279758 0.0346888229250908 0.0264311823993921 0.020956726744771
0.556031048297882 0.710616052150726 0.851478815078735 0.840657293796539 0.896297454833984 0.892491519451141 0.804742217063904 0.709095418453217 0.567930459976196 0.351152360439301 0.122629642486572 0.154228702187538 0.275701403617859 0.47057119011879 0.255194693803787 0.173983991146088 0.0780338048934937 0.0983572527766228 0.0773298293352127 0.0403670258820057 0.0433550029993057 0.0308782234787941 0.0253005176782608 0.0225044656544924 0.0197590030729771
0.534639358520508 0.767010867595673 0.857795059680939 0.881846368312836 0.796496748924255 0.831537663936615 0.815215885639191 0.747699558734894 0.62887042760849 0.471790969371796 0.329478740692139 0.316363334655762 0.41404065489769 0.134800300002098 0.0885253921151161 0.0999375954270363 0.0305979941040277 0.0246496088802814 0.0192278660833836 0.0185522884130478 0.0270581711083651 0.0275646056979895 0.0226380974054337 0.0180856827646494 0.014651664532721
0.45331197977066 0.706773579120636 0.758990883827209 0.809175908565521 0.62920355796814 0.841984808444977 0.831033885478973 0.747011184692383 0.533187091350555 0.352940678596497 0.142589166760445 0.0984720662236214 0.17047706246376 0.0508776307106018 0.0316522419452667 0.0267799682915211 0.0423238016664982 0.0176433566957712 0.0144011778756976 0.021991765126586 0.0332687087357044 0.0327495411038399 0.0156935937702656 0.0135002117604017 0.0130011169239879
0.562390565872192 0.771440327167511 0.752727627754211 0.791521847248077 0.804905414581299 0.831795394420624 0.891600489616394 0.553420424461365 0.539292335510254 0.297957271337509 0.246862307190895 0.0647982507944107 0.0573422908782959 0.0415107049047947 0.0450950525701046 0.0230302009731531 0.014325431548059 0.0126238279044628 0.0143287051469088 0.0187774766236544 0.0282705053687096 0.0356746949255466 0.0253231916576624 0.0123385861515999 0.0118761966004968
0.519250571727753 0.631055116653442 0.842976808547974 0.804349064826965 0.828938066959381 0.908635199069977 0.747768819332123 0.653043985366821 0.669115126132965 0.475143581628799 0.32749018073082 0.186474904417992 0.115751408040524 0.0829387977719307 0.0790508016943932 0.0360643081367016 0.0096239959821105 0.00892012193799019 0.0137176616117358 0.0155976358801126 0.0259318165481091 0.0437073186039925 0.0217606816440821 0.0180240143090487 0.0164594687521458
0.5462806224823 0.699007153511047 0.834513068199158 0.764814794063568 0.915851593017578 0.91878753900528 0.754933953285217 0.880249619483948 0.652008235454559 0.586664855480194 0.2772296667099 0.264963984489441 0.0333943776786327 0.0180152580142021 0.0217054542154074 0.0359280556440353 0.0388122051954269 0.0147473327815533 0.0173634588718414 0.0216516759246588 0.0310821626335382 0.0325105525553226 0.0289526339620352 0.0218178853392601 0.0222897734493017
0.428573340177536 0.739280998706818 0.820138990879059 0.803212285041809 0.905215978622437 0.879610121250153 0.915049254894257 0.733482360839844 0.669060230255127 0.555487275123596 0.58600115776062 0.319220125675201 0.0488399155437946 0.0150659335777164 0.0258019976317883 0.0503851920366287 0.0426714234054089 0.0193227231502533 0.0275085531175137 0.0362316332757473 0.0444200858473778 0.0360722243785858 0.0502266623079777 0.0427857004106045 0.0327602289617062
0.363523155450821 0.654121398925781 0.828081965446472 0.887233674526215 0.894989192485809 0.901467144489288 0.902269542217255 0.883528590202332 0.737769484519958 0.598242282867432 0.46777006983757 0.496878117322922 0.227378278970718 0.020092099905014 0.0301805566996336 0.0975092276930809 0.0712505280971527 0.0721358358860016 0.0450963489711285 0.0467496998608112 0.063956119120121 0.144021064043045 0.0700704604387283 0.050283208489418 0.0413530804216862
0.442174643278122 0.637135148048401 0.808011710643768 0.912258565425873 0.922913193702698 0.893953263759613 0.761395514011383 0.769579112529755 0.695129990577698 0.751601219177246 0.446836918592453 0.342710256576538 0.44853800535202 0.0451093725860119 0.0545436702668667 0.0681687146425247 0.169808685779572 0.215761289000511 0.12157154083252 0.112057261168957 0.107443779706955 0.169335871934891 0.0951204150915146 0.0800587236881256 0.104802504181862
0.469381242990494 0.603784263134003 0.798115015029907 0.892381072044373 0.867397367954254 0.807139217853546 0.900125741958618 0.706149041652679 0.696410596370697 0.638753831386566 0.353556573390961 0.353930324316025 0.538843810558319 0.1624955534935 0.114254899322987 0.182814285159111 0.228478997945786 0.243396863341331 0.255031406879425 0.263625830411911 0.532463610172272 0.210539981722832 0.522637903690338 0.670864582061768 0.445825099945068
0.510963976383209 0.675163090229034 0.756499469280243 0.840267956256866 0.891323089599609 0.888465642929077 0.905821025371552 0.901970565319061 0.634086310863495 0.434880524873734 0.529289305210114 0.454676955938339 0.549340128898621 0.569429755210876 0.487722158432007 0.344440191984177 0.165771827101707 0.323609322309494 0.276613026857376 0.306639850139618 0.726276755332947 0.821359753608704 0.783384740352631 0.820268869400024 0.399320691823959
0.516125917434692 0.672311246395111 0.794027924537659 0.755563676357269 0.864758670330048 0.900131642818451 0.905156910419464 0.913733541965485 0.885049045085907 0.725695371627808 0.409602731466293 0.45890212059021 0.676827192306519 0.514051020145416 0.33776381611824 0.204403981566429 0.281904011964798 0.312789261341095 0.320431441068649 0.725350141525269 0.799021244049072 0.853209137916565 0.841783344745636 0.89479923248291 0.725757420063019
0.460253357887268 0.621962904930115 0.811024785041809 0.775681614875793 0.779025375843048 0.900038778781891 0.880935668945312 0.902381837368011 0.904344439506531 0.88314551115036 0.839033007621765 0.787885844707489 0.739406943321228 0.670391023159027 0.634330868721008 0.253583788871765 0.361874610185623 0.552767217159271 0.741908252239227 0.576105713844299 0.836868107318878 0.762286961078644 0.896173179149628 0.864874660968781 0.68469625711441
0.456873714923859 0.647772014141083 0.788707971572876 0.886202275753021 0.708968639373779 0.891881227493286 0.914893269538879 0.760042428970337 0.890661060810089 0.844405174255371 0.770717918872833 0.677134692668915 0.814928710460663 0.694235146045685 0.442929953336716 0.380275994539261 0.522894084453583 0.69418066740036 0.505258083343506 0.499401211738586 0.763493895530701 0.608609199523926 0.750721454620361 0.749026954174042 0.765033900737762
0.291184693574905 0.669485032558441 0.759145498275757 0.876141369342804 0.766761183738708 0.727049112319946 0.767599642276764 0.867272436618805 0.932151138782501 0.918207883834839 0.424765259027481 0.767954528331757 0.813465058803558 0.659678161144257 0.372730702161789 0.459688097238541 0.676053285598755 0.729022681713104 0.553946197032928 0.309049636125565 0.439961165189743 0.568583488464355 0.526199400424957 0.630060017108917 0.666546404361725
0.391739219427109 0.477497398853302 0.797954320907593 0.855695903301239 0.89262056350708 0.827886581420898 0.81191349029541 0.677687466144562 0.55525404214859 0.760532915592194 0.244145289063454 0.454326808452606 0.787271440029144 0.353482097387314 0.375190228223801 0.577471017837524 0.540018677711487 0.635478556156158 0.555676877498627 0.248606264591217 0.291595369577408 0.424560517072678 0.391291379928589 0.503171026706696 0.631693661212921
0.514716982841492 0.589329242706299 0.749366462230682 0.829414010047913 0.881134748458862 0.778624773025513 0.907672047615051 0.89296281337738 0.785809099674225 0.590247511863708 0.805928289890289 0.248416930437088 0.300481617450714 0.315243870019913 0.396811813116074 0.571611523628235 0.42908301949501 0.624744594097137 0.304411798715591 0.227898567914963 0.255766540765762 0.229008167982101 0.311765521764755 0.412049233913422 0.633584916591644
0.458205670118332 0.620945155620575 0.744106233119965 0.837572872638702 0.880274593830109 0.900129854679108 0.668484747409821 0.727870643138885 0.660816371440887 0.894594788551331 0.688652455806732 0.389502674341202 0.25933712720871 0.37104806303978 0.524023354053497 0.645429193973541 0.502097725868225 0.295456886291504 0.199928939342499 0.155714690685272 0.149187058210373 0.14676234126091 0.188906565308571 0.229524612426758 0.370853960514069
0.415413796901703 0.634637534618378 0.739862561225891 0.823962986469269 0.879469633102417 0.909398436546326 0.848370254039764 0.915109694004059 0.880572021007538 0.310935258865356 0.326469928026199 0.608522474765778 0.440227419137955 0.51510763168335 0.870996832847595 0.651433885097504 0.537503123283386 0.234813660383224 0.161755919456482 0.121665894985199 0.111663214862347 0.097452387213707 0.116743586957455 0.187840566039085 0.306359857320786
0.306317061185837 0.507183194160461 0.619218587875366 0.802210032939911 0.843884408473969 0.86292552947998 0.894254684448242 0.868949472904205 0.895775020122528 0.710735261440277 0.435137301683426 0.710641622543335 0.857383608818054 0.411026954650879 0.348455727100372 0.234590262174606 0.14059342443943 0.129533469676971 0.126054331660271 0.095177985727787 0.0566305629909039 0.0328358188271523 0.0437627509236336 0.101528823375702 0.15070866048336
0.349538743495941 0.461903661489487 0.650872528553009 0.741354763507843 0.842502534389496 0.85851639509201 0.872001707553864 0.89093428850174 0.788025379180908 0.887015759944916 0.91108775138855 0.722653090953827 0.389892965555191 0.161892041563988 0.134401679039001 0.11428090929985 0.0973818227648735 0.0718240588903427 0.046894907951355 0.028759004548192 0.018851375207305 0.0125454729422927 0.01450399402529 0.0272355936467648 0.0628528371453285
0.425794243812561 0.439150214195251 0.525885343551636 0.612966477870941 0.737941443920135 0.840033292770386 0.885868430137634 0.822544395923615 0.874193251132965 0.783554255962372 0.892107367515564 0.895416676998138 0.515591204166412 0.310009211301804 0.108752258121967 0.0828356519341469 0.0556449294090271 0.0338746458292007 0.0218516737222672 0.014844486489892 0.00963700655847788 0.00603344943374395 0.0108313523232937 0.0251726936548948 0.0539684370160103
0.429955720901489 0.462601184844971 0.508009850978851 0.630417108535767 0.572142779827118 0.731424689292908 0.841730535030365 0.748326063156128 0.730175495147705 0.840934634208679 0.843436479568481 0.908474206924438 0.94558322429657 0.896498620510101 0.166980236768723 0.055863294750452 0.0364218726754189 0.0174448136240244 0.0122413951903582 0.00638765888288617 0.00358887040056288 0.00294378353282809 0.0052987146191299 0.0165931172668934 0.0421211868524551
0.360756069421768 0.438181787729263 0.517953872680664 0.651734173297882 0.611821711063385 0.651889562606812 0.747402131557465 0.661883354187012 0.762064695358276 0.822314560413361 0.898124933242798 0.918013632297516 0.948734760284424 0.866885900497437 0.664030313491821 0.0946076810359955 0.0307074245065451 0.0115641104057431 0.00545884994789958 0.00371361407451332 0.00204211985692382 0.00202103378251195 0.00293008238077164 0.00865778420120478 0.0384648405015469
0.351810038089752 0.429126471281052 0.468673855066299 0.568480908870697 0.619404256343842 0.580274820327759 0.700100421905518 0.746047735214233 0.576663255691528 0.815844714641571 0.903584718704224 0.918135821819305 0.935764491558075 0.954392373561859 0.948359191417694 0.685957610607147 0.026839280501008 0.00815178919583559 0.00427143881097436 0.00257797143422067 0.00205230060964823 0.00221355282701552 0.00281106121838093 0.00471912370994687 0.0168199092149734
0.316841542720795 0.392547279596329 0.438385605812073 0.540661752223969 0.624617516994476 0.652332901954651 0.580643355846405 0.569124519824982 0.647143483161926 0.746968984603882 0.878726601600647 0.889931678771973 0.940660238265991 0.928546011447906 0.951061844825745 0.889411807060242 0.0382992699742317 0.00574906915426254 0.00346282660029829 0.00224437029100955 0.00214547128416598 0.0023363979998976 0.00268200295977294 0.00452871853485703 0.00833030790090561
0.272128909826279 0.325966984033585 0.403992742300034 0.487863063812256 0.624140024185181 0.68161016702652 0.563222944736481 0.699207961559296 0.608711898326874 0.550590753555298 0.628953158855438 0.637863099575043 0.926569283008575 0.863274157047272 0.793022751808167 0.497907876968384 0.0156747531145811 0.00409156503155828 0.00282561569474638 0.00197163573466241 0.00222886563278735 0.00233887718059123 0.00341164250858128 0.00448301155120134 0.00729500874876976
-3.4e+38 0.255817115306854 0.335507482290268 0.426576644182205 0.47948831319809 0.531427323818207 0.592726230621338 0.529597640037537 0.488806784152985 0.247213959693909 0.331333965063095 0.51426237821579 0.842280864715576 0.883046090602875 0.667863190174103 0.682006657123566 0.0413297154009342 0.00341840437613428 0.00296680303290486 0.00216671777889132 0.00221972982399166 0.00298466882668436 0.0033874730579555 0.00448444532230496 0.00705799413844943
-3.4e+38 -3.4e+38 0.250274926424026 0.368804275989532 0.447229653596878 0.49989327788353 0.55982106924057 0.487509042024612 0.463846802711487 0.352232336997986 0.34273698925972 0.780915260314941 0.829750597476959 0.917341589927673 0.91833359003067 0.102459423243999 0.0551096834242344 0.00330906384624541 0.00302262138575315 0.00255372538231313 0.00250312290154397 0.00291852513328195 0.00332108442671597 0.00470934621989727 0.00592563021928072
-3.4e+38 -3.4e+38 0.165354385972023 0.242971643805504 0.327578991651535 0.430438548326492 0.435472130775452 0.440160185098648 0.567993104457855 0.598081707954407 0.344023406505585 0.648018538951874 0.912616372108459 0.892606616020203 0.915161073207855 0.658440351486206 0.0251758992671967 0.00285957753658295 0.00248254928737879 0.00209745299071074 0.00216080225072801 0.00258752517402172 0.00289786304347217 0.00378937646746635 0.00534153683111072
-3.4e+38 -3.4e+38 0.0626934915781021 0.121057204902172 0.198787331581116 0.345324575901031 0.417372405529022 0.431880593299866 0.418352007865906 0.533209025859833 0.718599319458008 0.644098341464996 0.869046628475189 0.783784627914429 0.787283957004547 0.857199311256409 0.0648166760802269 0.00321900029666722 0.00227237096987665 0.00224314676597714 0.00223373319022357 0.00203162338584661 0.00227015232667327 0.00290519767440856 0.00355374184437096
-3.4e+38 -3.4e+38 0.0368819683790207 0.0763812363147736 0.157019346952438 0.181282803416252 0.27992194890976 0.349408149719238 0.392506152391434 0.369686514139175 0.480787992477417 0.7402223944664 0.326521098613739 0.418772876262665 0.834593832492828 0.879665315151215 0.0648349970579147 0.00332546350546181 0.00369397131726146 0.00173732289113104 0.00176152575295419 0.00178588728886098 0.00197994755581021 0.00210833153687418 0.00258518429473042
-3.4e+38 -3.4e+38 0.0369222015142441 0.0758951231837273 0.115645416080952 0.16448125243187 0.249803736805916 0.301426857709885 0.359059035778046 0.358194530010223 0.295411556959152 0.444947928190231 0.387677192687988 0.266536504030228 0.889284729957581 0.8053297996521 0.0339026711881161 0.00382982031442225 0.00443463306874037 0.00193701754324138 0.00167780462652445 0.00136746652424335 0.00144561077468097 0.0015331277390942 0.00196836004033685
-3.4e+38 -3.4e+38 0.0345537401735783 0.0477269627153873 0.0773233473300934 0.1173105686903 0.180791184306145 0.271763235330582 0.307264596223831 0.227413028478622 0.243965163826942 0.355068236589432 0.52538651227951 0.437381625175476 0.522652089595795 0.791451930999756 0.224849313497543 0.0145924175158143 0.00642579328268766 0.00234887120313942 0.00145679316483438 0.0011320230551064 0.0012236365582794 0.00117093685548753 0.00143585470505059
-3.4e+38 -3.4e+38 0.0309492647647858 0.0467790402472019 0.0704973340034485 0.106574364006519 0.15768127143383 0.253366678953171 0.295888513326645 0.185942113399506 0.302138537168503 0.366569846868515 0.257051080465317 0.330881685018539 0.559031665325165 0.364020854234695 0.228138938546181 0.0710550174117088 0.00953266024589539 0.00378859811462462 0.0012677873019129 0.000984371872618794 0.000870353193022311 0.000986289698630571 0.00100210984237492
