data/climate_estimation/maxent_output/Fritillaria_unibracteata.asc
NCOLS 50 
NROWS 72 
XLLCORNER 99.75 
YLLCORNER 30 
CELLSIZE 0.0833333333333334 
NODATA_value -3.4e+38 
[rows 0 to 19 of 72, columns 0 to 43 of 50]
0.520811617374420 0.437870889902115 0.425383031368256 0.412007719278336 0.39945262670517 0.377850770950317 0.42710554599762 0.409799009561539 0.366273045539856 0.31879785656929 0.26602378487587 0.309063702821732 0.396532893180847 0.346123397350311 0.456438690423965 0.53644073009491 0.637191951274872 0.614947915077209 0.549036204814911 0.395758599042892 0.453184217214584 0.662402093410492 0.840805053710938 0.929478704929352 0.80864816904068 0.551492631435394 0.44184473156929 0.350978255271912 0.653654456138611 0.566283345222473 0.415363729000092 0.623765349388123 0.625137329101562 0.689079999923706 0.766970217227936 0.774878263473511 0.529725134372711 0.453685134649277 0.511513829231262 0.400468617677689 0.374581396579742 0.280570983886719 0.226923584938049 0.352613389492035
0.465959489345551 0.446151673793793 0.467629462480545 0.396260857582092 0.451415240764618 0.443894952535629 0.497421622276306 0.455281347036362 0.340551853179932 0.291438341140747 0.355772823095322 0.461022198200226 0.464002728462219 0.445627719163895 0.452147245407104 0.551468670368195 0.636787474155426 0.644534230232239 0.618174076080322 0.557263910770416 0.695718467235565 0.560382425785065 0.615100264549255 0.857964754104614 0.92685729265213 0.832177817821503 0.661981999874115 0.407311022281647 0.55715537071228 0.451342850923538 0.318665772676468 0.374698966741562 0.373486518859863 0.510964095592499 0.586269795894623 0.488565295934677 0.363753825426102 0.347656905651093 0.488565564155579 0.501700580120087 0.468575090169907 0.340959101915359 0.290743738412857 0.45491486787796
0.56229442358017 0.537883937358856 0.572494924068451 0.468530267477036 0.514922618865967 0.473743051290512 0.440305054187775 0.409453362226486 0.37408259510994 0.478177309036255 0.523185431957245 0.490881621837616 0.528392732143402 0.470246315002441 0.569034576416016 0.539996027946472 0.583359658718109 0.694628059864044 0.654222428798676 0.619967043399811 0.657897710800171 0.703029334545135 0.738336622714996 0.782077372074127 0.83462780714035 0.863962233066559 0.841465711593628 0.606340169906616 0.616003036499023 0.692593514919281 0.568208634853363 0.557373285293579 0.58192366361618 0.468885540962219 0.632728338241577 0.635508298873901 0.468266189098358 0.502733111381531 0.495691806077957 0.438509613275528 0.356393039226532 0.352883398532867 0.453113496303558 0.55465829372406
0.50847464799881 0.495821684598923 0.483526438474655 0.556656897068024 0.51191645860672 0.423308104276657 0.399839520454407 0.480912119150162 0.429772675037384 0.503872394561768 0.440865576267242 0.430255323648453 0.54026997089386 0.569179654121399 0.629846513271332 0.663511991500854 0.769504129886627 0.744862675666809 0.839362263679504 0.643091857433319 0.711025238037109 0.830549597740173 0.813590049743652 0.763686776161194 0.808913826942444 0.838552832603455 0.765238165855408 0.559009611606598 0.782626986503601 0.892106950283051 0.88620263338089 0.829702496528625 0.765279293060303 0.684826731681824 0.821682810783386 0.972029983997345 0.771791696548462 0.647279381752014 0.566041529178619 0.520811855792999 0.470260292291641 0.431597471237183 0.483699679374695 0.570460081100464
0.435136318206787 0.472296535968781 0.466388523578644 0.492931067943573 0.460703700780869 0.404725253582001 0.546887576580048 0.437354922294617 0.409625172615051 0.41225391626358 0.400732934474945 0.484796285629272 0.562661290168762 0.537787258625031 0.575257539749146 0.706963539123535 0.844329655170441 0.907573878765106 0.903170943260193 0.789151608943939 0.902946412563324 0.97117280960083 0.970055222511292 0.857837796211243 0.902853429317474 0.773482322692871 0.670787870883942 0.557816505432129 0.636762976646423 0.836089849472046 0.97337818145752 0.98261171579361 0.951503217220306 0.966325879096985 0.914013385772705 0.947326302528381 0.968743443489075 0.717899858951569 0.593016624450684 0.547225654125214 0.591038465499878 0.460657119750977 0.480503052473068 0.626151204109192
0.47193655371666 0.37665718793869 0.422543495893478 0.394847750663757 0.387132227420807 0.472035497426987 0.657790184020996 0.702413439750671 0.604922652244568 0.584213137626648 0.547260820865631 0.524278044700623 0.573295652866364 0.549787580966949 0.607885360717773 0.632421731948853 0.706179678440094 0.810856401920319 0.891675770282745 0.909858524799347 0.967888295650482 0.983663260936737 0.991830348968506 0.972085177898407 0.954982817173004 0.912669539451599 0.784589290618896 0.622064113616943 0.777463316917419 0.861684322357178 0.942362308502197 0.959512114524841 0.960908532142639 0.988596737384796 0.992216825485229 0.988769292831421 0.941166818141937 0.770713865756989 0.673711836338043 0.62069046497345 0.568937063217163 0.507589936256409 0.589787662029266 0.624895453453064
0.707342267036438 0.571603417396545 0.478340208530426 0.430295884609222 0.433459877967834 0.492616027593613 0.673494577407837 0.797681093215942 0.76816713809967 0.685456454753876 0.66094172000885 0.725920915603638 0.70728600025177 0.663447082042694 0.629021525382996 0.683797299861908 0.797182559967041 0.825096845626831 0.86728423833847 0.926723420619965 0.963672459125519 0.981745958328247 0.983934640884399 0.968425273895264 0.978513181209564 0.974230706691742 0.760668516159058 0.821775555610657 0.907612085342407 0.910486698150635 0.958199441432953 0.936289727687836 0.930101096630096 0.958866655826569 0.985413074493408 0.98428475856781 0.95577335357666 0.835177958011627 0.69191038608551 0.6010782122612 0.595124483108521 0.592340111732483 0.692755341529846 0.626675367355347
0.740860521793365 0.737167835235596 0.608656823635101 0.486333459615707 0.456269055604935 0.440711855888367 0.475828260183334 0.624324083328247 0.681636035442352 0.734393894672394 0.696230053901672 0.675714552402496 0.734556555747986 0.711177170276642 0.687842428684235 0.740548253059387 0.83803254365921 0.9362952709198 0.925090730190277 0.910461187362671 0.976573646068573 0.98105800151825 0.966717898845673 0.94158923625946 0.883309125900269 0.872826933860779 0.817237019538879 0.963999807834625 0.975592851638794 0.974264919757843 0.986659705638885 0.915147602558136 0.882443487644196 0.8788942694664 0.920353293418884 0.911517918109894 0.875578880310059 0.821836948394775 0.795129179954529 0.781025350093842 0.686133086681366 0.691170454025269 0.702426016330719 0.669710099697113
0.570680618286133 0.532920956611633 0.50111311674118 0.52137416601181 0.497665882110596 0.401316821575165 0.419257432222366 0.479452133178711 0.551954507827759 0.53882896900177 0.640771269798279 0.627186000347137 0.615883052349091 0.67075914144516 0.703319370746613 0.760989904403687 0.795018970966339 0.830868780612946 0.875959873199463 0.896028935909271 0.949941277503967 0.986292064189911 0.955182194709778 0.941683351993561 0.970182299613953 0.907137870788574 0.931892514228821 0.983953535556793 0.986446976661682 0.969935953617096 0.969413936138153 0.954248130321503 0.910189032554626 0.946286380290985 0.981224238872528 0.914310455322266 0.834466218948364 0.940117478370667 0.913228809833527 0.934930205345154 0.943224370479584 0.88873165845871 0.818377733230591 0.750833988189697
0.592370390892029 0.640752375125885 0.62514317035675 0.676005780696869 0.557156443595886 0.503671228885651 0.558121740818024 0.546253800392151 0.574246406555176 0.566943883895874 0.604355812072754 0.66820502281189 0.65122526884079 0.695986390113831 0.806682109832764 0.843898773193359 0.873210370540619 0.905618965625763 0.927006483078003 0.906401515007019 0.943988859653473 0.986232876777649 0.982103168964386 0.935769736766815 0.930659234523773 0.922295033931732 0.926622927188873 0.991019427776337 0.9833864569664 0.947453379631042 0.93644505739212 0.962107598781586 0.942406892776489 0.931057751178741 0.936261177062988 0.906000137329102 0.882741153240204 0.897432863712311 0.989491105079651 0.989831805229187 0.984099864959717 0.971944332122803 0.983615279197693 0.926508963108063
0.73834216594696 0.694520056247711 0.647406578063965 0.745316565036774 0.692700207233429 0.549383878707886 0.509987354278564 0.654256343841553 0.703529477119446 0.705684721469879 0.723966777324677 0.694819986820221 0.753584325313568 0.801299512386322 0.88986873626709 0.861737489700317 0.907442927360535 0.923765242099762 0.943069517612457 0.927607536315918 0.944817125797272 0.96491152048111 0.973697662353516 0.951824188232422 0.969482362270355 0.945792376995087 0.938949525356293 0.980231523513794 0.956218898296356 0.964986264705658 0.986910104751587 0.935261487960815 0.892528116703033 0.976122498512268 0.975251853466034 0.972414970397949 0.931164145469666 0.886364102363586 0.962219178676605 0.978610813617706 0.989375412464142 0.981850266456604 0.979060590267181 0.980250477790833
0.718559920787811 0.76985090970993 0.748544454574585 0.730607271194458 0.627352058887482 0.512065529823303 0.549632787704468 0.699462532997131 0.756645798683167 0.794976592063904 0.781856894493103 0.820596277713776 0.847211837768555 0.881266713142395 0.91567051410675 0.934742629528046 0.922755718231201 0.942364931106567 0.925737023353577 0.941399276256561 0.932967007160187 0.947824835777283 0.939180970191956 0.955018579959869 0.950280666351318 0.956735253334045 0.973962724208832 0.972619593143463 0.984829127788544 0.990859508514404 0.981306374073029 0.91606330871582 0.950910568237305 0.9918013215065 0.99189418554306 0.984022617340088 0.951138198375702 0.890846967697144 0.913199424743652 0.953542351722717 0.984500885009766 0.974352478981018 0.973057568073273 0.985719263553619
0.742387294769287 0.824354767799377 0.785308837890625 0.70913177728653 0.733994126319885 0.720462322235107 0.614295125007629 0.744934141635895 0.856564164161682 0.885809242725372 0.872813940048218 0.895369827747345 0.879749894142151 0.902139008045197 0.928347289562225 0.913514852523804 0.928414225578308 0.921426892280579 0.907722592353821 0.924311816692352 0.944708645343781 0.930235087871552 0.952948153018951 0.968519628047943 0.966615974903107 0.986084759235382 0.989611268043518 0.980727791786194 0.981510102748871 0.980927228927612 0.970379590988159 0.970194578170776 0.990979909896851 0.990465998649597 0.984369874000549 0.951271414756775 0.949134588241577 0.911823987960815 0.944649279117584 0.965434372425079 0.980107367038727 0.990081071853638 0.984175562858582 0.981179237365723
0.851402103900909 0.806588590145111 0.830586791038513 0.819356501102448 0.839046239852905 0.768119037151337 0.661471426486969 0.788130581378937 0.836063385009766 0.855196714401245 0.893762171268463 0.912015795707703 0.936995267868042 0.913758814334869 0.940706431865692 0.96382999420166 0.949930131435394 0.937993705272675 0.946971654891968 0.941309750080109 0.918148994445801 0.93717747926712 0.950798630714417 0.956768572330475 0.960924029350281 0.988382577896118 0.99134486913681 0.976525008678436 0.97514408826828 0.987820863723755 0.988615036010742 0.976364195346832 0.988271951675415 0.976948082447052 0.967303037643433 0.943417966365814 0.967780411243439 0.948405146598816 0.967329204082489 0.978139042854309 0.979321539402008 0.98128217458725 0.977891147136688 0.978248596191406
0.798165559768677 0.782736659049988 0.753693878650665 0.785544991493225 0.754880845546722 0.793622195720673 0.836215257644653 0.804243206977844 0.79316908121109 0.777687191963196 0.907386660575867 0.921568989753723 0.863272130489349 0.909512341022491 0.88102000951767 0.95223331451416 0.963229417800903 0.947647392749786 0.935758769512177 0.942052781581879 0.92585551738739 0.950036227703094 0.947388827800751 0.9476398229599 0.969576060771942 0.993304789066315 0.992943704128265 0.981133460998535 0.970051467418671 0.983210325241089 0.992454349994659 0.984506666660309 0.986605167388916 0.973335981369019 0.936314404010773 0.939684331417084 0.9558265209198 0.934777498245239 0.957209229469299 0.958109259605408 0.957531273365021 0.96971184015274 0.974993169307709 0.96531468629837
0.87906152009964 0.806383848190308 0.795736193656921 0.819723963737488 0.818779945373535 0.841943264007568 0.911741256713867 0.901094198226929 0.927452623844147 0.80422055721283 0.770881116390228 0.808151185512543 0.783950448036194 0.805130302906036 0.915008723735809 0.960764527320862 0.952814280986786 0.969543814659119 0.950509011745453 0.933665156364441 0.922840893268585 0.932967662811279 0.95428854227066 0.957285225391388 0.977230668067932 0.990029513835907 0.99205356836319 0.980085790157318 0.988011181354523 0.97704404592514 0.982639372348785 0.98305207490921 0.96618527173996 0.982543647289276 0.975181877613068 0.973141312599182 0.947811782360077 0.957262337207794 0.924774289131165 0.923311650753021 0.940145015716553 0.936073005199432 0.936159312725067 0.930624067783356
0.776856184005737 0.800898194313049 0.871603190898895 0.901812613010406 0.907018303871155 0.869753897190094 0.89532083272934 0.868847191333771 0.904552400112152 0.818177700042725 0.863827466964722 0.83252626657486 0.912921488285065 0.857521712779999 0.936920583248138 0.947781443595886 0.94088476896286 0.950720071792603 0.939634799957275 0.919740915298462 0.941497802734375 0.956565916538239 0.95504766702652 0.972216963768005 0.969990372657776 0.984346270561218 0.986758589744568 0.97510951757431 0.975810766220093 0.971056997776031 0.974066019058228 0.977085947990417 0.966847598552704 0.979427635669708 0.984533786773682 0.990128338336945 0.981937944889069 0.951591968536377 0.967079222202301 0.968268990516663 0.934198796749115 0.935520172119141 0.922585546970367 0.905592739582062
0.833122313022614 0.798519372940063 0.841933250427246 0.889218270778656 0.812055170536041 0.880416095256805 0.871853768825531 0.908720195293427 0.889801681041718 0.873254358768463 0.932312846183777 0.873574137687683 0.94802862405777 0.896182179450989 0.858141422271729 0.890991151332855 0.952499747276306 0.941420793533325 0.958132445812225 0.962097942829132 0.968296647071838 0.974537312984467 0.978117048740387 0.985969007015228 0.982132256031036 0.978752851486206 0.968868255615234 0.968905627727509 0.965058267116547 0.966324508190155 0.972823202610016 0.988190472126007 0.976678848266602 0.976589143276215 0.964892983436584 0.975421190261841 0.958575487136841 0.976742386817932 0.990599572658539 0.988328814506531 0.961298763751984 0.975117981433868 0.969750463962555 0.950510680675507
0.807229757308960 0.799016892910004 0.791241943836212 0.804675221443176 0.830939948558807 0.863969385623932 0.853136539459229 0.912026941776276 0.944497525691986 0.933929920196533 0.949277758598328 0.947194755077362 0.957375884056091 0.927508473396301 0.938536763191223 0.923507809638977 0.937650084495544 0.951691746711731 0.976527154445648 0.979953646659851 0.97483628988266 0.979202032089233 0.987349569797516 0.9926638007164 0.993588149547577 0.980433344841003 0.979725003242493 0.9800084233284 0.963208913803101 0.967122972011566 0.981468498706818 0.992132842540741 0.984751343727112 0.984423339366913 0.975880980491638 0.970960378646851 0.985187888145447 0.987829089164734 0.98445987701416 0.973824977874756 0.974182724952698 0.963715672492981 0.983715534210205 0.953837990760803
0.878329217433929 0.865359365940094 0.85827898979187 0.840176701545715 0.85300076007843 0.84825211763382 0.869798183441162 0.878622353076935 0.930183351039886 0.901113867759705 0.927738130092621 0.957333505153656 0.943751990795135 0.964838624000549 0.971611142158508 0.971260547637939 0.953757166862488 0.942600548267365 0.961727857589722 0.962289929389954 0.978405892848969 0.99356597661972 0.991927623748779 0.987634181976318 0.98936915397644 0.991123795509338 0.997912108898163 0.987583100795746 0.979786157608032 0.977316737174988 0.983653008937836 0.994650721549988 0.992576062679291 0.983944714069366 0.992142736911774 0.991961181163788 0.986378014087677 0.986508309841156 0.987923085689545 0.987776696681976 0.97331702709198 0.986677229404449 0.972827792167664 0.976526081562042
