data/climate_estimation/maxent_output/Fritillaria_pyrenaica.asc
NCOLS 145 
NROWS 47 
XLLCORNER -8.5 
YLLCORNER 40.1666666666667 
CELLSIZE 0.0833333333333333 
NODATA_value -3.4e+38 
[rows 20 to 39 of 47, columns 0 to 44 of 145]
0.0782205834984779 0.0911861509084702 0.128249913454056 0.194365069270134 0.314069300889969 0.376188516616821 0.504659712314606 0.597805082798004 0.650919437408447 0.526951909065247 0.548372745513916 0.678454041481018 0.717533051967621 0.707675099372864 0.737995326519012 0.648546099662781 0.600349724292755 0.82264918088913 0.815872371196747 0.736824035644531 0.809346675872803 0.807202935218811 0.722994804382324 0.700936555862427 0.71175229549408 0.696955919265747 0.586481511592865 0.551279664039612 0.446833699941635 0.350490719079971 0.271189302206039 0.231851354241371 0.216047927737236 0.217125371098518 0.21148619055748 0.210655525326729 0.251507192850113 0.306684881448746 0.376200705766678 0.46716183423996 0.50181519985199 0.570700705051422 0.603279650211334 0.662923574447632 0.672882735729218
0.0895864516496658 0.106763586401939 0.122283816337585 0.213221162557602 0.374189049005508 0.451960563659668 0.509478509426117 0.644614696502686 0.652842342853546 0.598982572555542 0.619027018547058 0.563989996910095 0.602117478847504 0.628987550735474 0.606262922286987 0.785956561565399 0.747766137123108 0.819583892822266 0.771041631698608 0.775619387626648 0.737932145595551 0.746078193187714 0.722661435604095 0.638335347175598 0.655522286891937 0.658672392368317 0.616313338279724 0.468737453222275 0.325155347585678 0.243924662470818 0.188497111201286 0.170869499444962 0.141632422804832 0.141787245869637 0.146442547440529 0.15231317281723 0.191647693514824 0.25025674700737 0.28284478187561 0.315038233995438 0.364862322807312 0.397937685251236 0.471767902374268 0.504498720169067 0.556127548217773
0.113557033240795 0.132438540458679 0.17377795279026 0.267396867275238 0.387526839971542 0.46073967218399 0.530855000019073 0.563775420188904 0.607622027397156 0.620986044406891 0.700772106647491 0.596834421157837 0.51194304227829 0.526238560676575 0.493859112262726 0.719314873218536 0.745222628116608 0.783763289451599 0.770093202590942 0.66271698474884 0.573977053165436 0.641472280025482 0.697390615940094 0.661220192909241 0.666266620159149 0.600479960441589 0.509166717529297 0.407585799694061 0.254645437002182 0.187076449394226 0.153790757060051 0.132906228303909 0.105617858469486 0.111435569822788 0.110476292669773 0.106228239834309 0.138395816087723 0.158575668931007 0.17071433365345 0.184969618916512 0.241974100470543 0.280749261379242 0.285644948482513 0.319014489650726 0.383179247379303
0.130138054490089 0.159130290150642 0.235589355230331 0.300283312797546 0.338792353868484 0.318266600370407 0.418535739183426 0.479359179735184 0.51793509721756 0.641559958457947 0.66606867313385 0.684394478797913 0.648279666900635 0.627606093883514 0.681320548057556 0.78575074672699 0.765522062778473 0.76138961315155 0.730681359767914 0.645134747028351 0.650953233242035 0.698068380355835 0.584312438964844 0.585914790630341 0.537745952606201 0.450810790061951 0.301297962665558 0.225600227713585 0.163882613182068 0.132409647107124 0.111584171652794 0.105989404022694 0.0768895521759987 0.0724315494298935 0.0632411241531372 0.0785935297608376 0.0839724689722061 0.0913292989134789 0.117899432778358 0.124272637069225 0.145277544856071 0.195218086242676 0.204009190201759 0.212101459503174 0.215735241770744
0.129760146141052 0.177119389176369 0.204158157110214 0.165210098028183 0.178175806999207 0.259569138288498 0.375727951526642 0.51860111951828 0.579847931861877 0.616465747356415 0.628769814968109 0.674440026283264 0.609648704528809 0.727240681648254 0.731991410255432 0.747979938983917 0.756785094738007 0.760279655456543 0.765035271644592 0.697673559188843 0.683391273021698 0.50928121805191 0.396284520626068 0.359844863414764 0.334364473819733 0.25775083899498 0.220424428582191 0.139170944690704 0.117168664932251 0.0853032544255257 0.0732482671737671 0.0655142217874527 0.0588686503469944 0.0570177473127842 0.0519419945776463 0.0592148788273335 0.0619756542146206 0.0659509524703026 0.0686030164361 0.0879475548863411 0.0984587445855141 0.121444270014763 0.120386444032192 0.142200514674187 0.130308493971825
0.138935387134552 0.177446335554123 0.131329298019409 0.219923332333565 0.315284430980682 0.408453196287155 0.458421766757965 0.411018311977386 0.454696655273438 0.5716552734375 0.616974353790283 0.60876739025116 0.441495418548584 0.584648013114929 0.625089824199677 0.521946012973785 0.571700394153595 0.559028804302216 0.541719257831573 0.582116603851318 0.685516178607941 0.336762130260468 0.286305844783783 0.26971760392189 0.28470778465271 0.216331586241722 0.169186428189278 0.129112407565117 0.0933187380433083 0.0742369964718819 0.0606684274971485 0.0486082024872303 0.0426230579614639 0.0363835841417313 0.0390533581376076 0.0442669875919819 0.0437626391649246 0.0503145381808281 0.0511301085352898 0.0599591508507729 0.0783309787511826 0.0715872645378113 0.0741814598441124 0.0783969238400459 0.0833329707384109
0.139182165265083 0.17464055120945 0.241905689239502 0.295581787824631 0.34942889213562 0.32855948805809 0.297290831804276 0.350583285093307 0.419425159692764 0.485236525535583 0.573932766914368 0.519911587238312 0.364331156015396 0.498459070920944 0.590148746967316 0.436898946762085 0.401259899139404 0.431654125452042 0.407717943191528 0.313438564538956 0.302685767412186 0.175852820277214 0.185465231537819 0.154225543141365 0.17481940984726 0.183992251753807 0.171385541558266 0.170898735523224 0.133800908923149 0.0947975739836693 0.05650270357728 0.0447034798562527 0.0329972766339779 0.0281825866550207 0.0296673122793436 0.0262429993599653 0.0305529627948999 0.0332316681742668 0.0346606485545635 0.0449612811207771 0.0473924614489079 0.0525482892990112 0.0708522275090218 0.0803407803177834 0.0811036825180054
0.105146549642086 0.142457529902458 0.217944428324699 0.262247204780579 0.250021129846573 0.232177734375 0.392974704504013 0.392191380262375 0.483860343694687 0.560339450836182 0.570556879043579 0.492262810468674 0.27833691239357 0.408738851547241 0.541687726974487 0.348591923713684 0.300107300281525 0.24024698138237 0.30730003118515 0.339682847261429 0.194709733128548 0.1064687743783 0.14495050907135 0.114203706383705 0.113533735275269 0.122703723609447 0.099421389400959 0.0831719115376472 0.0809106230735779 0.0703559368848801 0.0471345596015453 0.0287376325577497 0.0233618579804897 0.0218834523111582 0.021268418058753 0.0208103731274605 0.0225234534591436 0.0299311093986034 0.0324971899390221 0.0330284833908081 0.0399962030351162 0.0502656288444996 0.055560015141964 0.0592919625341892 0.0645159929990768
0.119919195771217 0.126683622598648 0.188082799315453 0.248493239283562 0.299162030220032 0.319851845502853 0.410352259874344 0.440352410078049 0.497186094522476 0.470290243625641 0.435534417629242 0.315434366464615 0.361457824707031 0.459762334823608 0.358783781528473 0.205667048692703 0.153496652841568 0.203261911869049 0.288400262594223 0.352734982967377 0.179281964898109 0.134889617562294 0.0998527333140373 0.0778094604611397 0.113297007977962 0.107213795185089 0.0895544365048409 0.0652341917157173 0.047437708824873 0.046731099486351 0.0348624102771282 0.0236746966838837 0.0184284821152687 0.0154423667117953 0.0144854094833136 0.0140824569389224 0.0173608362674713 0.020806472748518 0.0231125764548779 0.0321178883314133 0.0346578322350979 0.0392928309738636 0.0409778617322445 0.0440726205706596 0.0401207879185677
0.0635283440351486 0.095278799533844 0.119889140129089 0.197364017367363 0.239661410450935 0.385639101266861 0.396903723478317 0.429587453603745 0.398862332105637 0.406061857938766 0.320332050323486 0.264370262622833 0.490116804838181 0.294124156236649 0.16642364859581 0.107620798051357 0.0862709879875183 0.128946423530579 0.201744601130486 0.230953946709633 0.188341602683067 0.0900954976677895 0.0750602334737778 0.0632188767194748 0.0740471184253693 0.0692259594798088 0.0675460547208786 0.0544064454734325 0.0493561029434204 0.0365518815815449 0.02605857886374 0.018453961238265 0.0147946989163756 0.013049241155386 0.0105689875781536 0.0143880303949118 0.0162509959191084 0.017168864607811 0.0211803894490004 0.020636685192585 0.0246661715209484 0.0299515277147293 0.0322622433304787 0.0317071154713631 0.0258225612342358
0.0731200873851776 0.10852887481451 0.119086034595966 0.149078205227852 0.256946057081223 0.258219182491302 0.264721065759659 0.309426665306091 0.274672746658325 0.412171691656113 0.393014669418335 0.488382041454315 0.400316178798676 0.170493811368942 0.0905778184533119 0.0712317451834679 0.0864790380001068 0.118415161967278 0.145330592989922 0.106383882462978 0.0959254279732704 0.0538057833909988 0.049434170126915 0.0467915311455727 0.0577443987131119 0.0611476227641106 0.0436089709401131 0.0374146588146687 0.0316576026380062 0.0297756008803844 0.0198904052376747 0.0156531166285276 0.0106452405452728 0.00866806507110596 0.00873452797532082 0.0103832595050335 0.0121720731258392 0.0122224288061261 0.0124923540279269 0.0142686618492007 0.0153212742879987 0.0203774441033602 0.0187513362616301 0.0192307140678167 0.0175160802900791
0.07594183832407 0.0915482342243195 0.116658218204975 0.154877915978432 0.198913484811783 0.238355681300163 0.147680461406708 0.256830513477325 0.381342709064484 0.42002809047699 0.403571575880051 0.354727923870087 0.225355014204979 0.210308328270912 0.159947916865349 0.0660147964954376 0.0701575800776482 0.160675331950188 0.225885957479477 0.0727300345897675 0.0543134137988091 0.0386036820709705 0.0366631001234055 0.0401177853345871 0.0476296283304691 0.0476288683712482 0.0315447933971882 0.0362176857888699 0.0323561131954193 0.019757466390729 0.0169337745755911 0.011414828710258 0.00881865248084068 0.00827351119369268 0.00762687902897596 0.0104480916634202 0.0118993353098631 0.0125217698514462 0.0111057478934526 0.0120026962831616 0.0139237781986594 0.0137262474745512 0.0147448880597949 0.0194326229393482 0.0156382452696562
0.064580962061882 0.0830705240368843 0.120664745569229 0.126545205712318 0.188644737005234 0.204400599002838 0.145988002419472 0.276271909475327 0.448593318462372 0.322041630744934 0.333040058612823 0.301147550344467 0.164078891277313 0.0898709818720818 0.079259879887104 0.0743259713053703 0.0833887234330177 0.0646545737981796 0.0848081558942795 0.0481155179440975 0.0480082370340824 0.0678483098745346 0.0758165419101715 0.0673897564411163 0.0406884513795376 0.0260129608213902 0.0312709100544453 0.0312613882124424 0.0317250601947308 0.0231820251792669 0.0185917913913727 0.0149079477414489 0.0109365740790963 0.0103601384907961 0.0115561643615365 0.0102241514250636 0.0125928660854697 0.0135000264272094 0.0126903681084514 0.0136361941695213 0.01547219324857 0.0163424834609032 0.0154062984511256 0.0186531785875559 0.0160857997834682
0.0756609439849854 0.0961786955595016 0.106232114136219 0.111584641039371 0.141737803816795 0.123913377523422 0.240467354655266 0.322870045900345 0.233673438429832 0.155505403876305 0.260614842176437 0.128186792135239 0.192019015550613 0.0970198065042496 0.164764523506165 0.136527895927429 0.0558401457965374 0.0479122512042522 0.0499741025269032 0.0347373932600021 0.0518651567399502 0.0751712620258331 0.0599978417158127 0.0348699949681759 0.024650176987052 0.0267690140753984 0.0283818058669567 0.0307489298284054 0.0277880635112524 0.0245192963629961 0.0202106442302465 0.0189394392073154 0.0175337120890617 0.016975399106741 0.0159306582063437 0.0142955910414457 0.012774670496583 0.0121412826701999 0.0168702360242605 0.0154990078881383 0.0149456588551402 0.0163092017173767 0.0146250436082482 0.0127523895353079 0.0152675928547978
0.0603801533579826 0.0813936814665794 0.0922864899039268 0.117982745170593 0.117919243872166 0.206668496131897 0.235976681113243 0.268118739128113 0.116831116378307 0.128032997250557 0.14359487593174 0.0839968472719193 0.0899550765752792 0.104868784546852 0.17777968943119 0.144013226032257 0.0412793904542923 0.0469459407031536 0.0638361796736717 0.0469863750040531 0.0545882098376751 0.0508383177220821 0.0424573123455048 0.0310508515685797 0.0449870005249977 0.038339838385582 0.0258764270693064 0.0236541368067265 0.0209558606147766 0.0223706848919392 0.0212094634771347 0.0222666095942259 0.0190572831779718 0.0141095276921988 0.0170728210359812 0.0177656039595604 0.0185871515423059 0.0140407457947731 0.0151035534217954 0.0169478245079517 0.0151617340743542 0.0155303105711937 0.0158578455448151 0.0140669811517 0.0161229595541954
0.0547138638794422 0.0745959505438805 0.0907696932554245 0.101054981350899 0.120965622365475 0.162600547075272 0.151423037052155 0.18858377635479 0.122198686003685 0.131693556904793 0.13559290766716 0.117771193385124 0.103151746094227 0.0847292393445969 0.077533133327961 0.0601740181446075 0.032790370285511 0.0581541806459427 0.0592105053365231 0.0373766757547855 0.0346706174314022 0.0392274744808674 0.0482440553605556 0.0408566705882549 0.0350266024470329 0.0319342464208603 0.0318639948964119 0.0281924642622471 0.0207935832440853 0.0160847101360559 0.0158649943768978 0.0134329786524177 0.0106629552319646 0.0108537282794714 0.0127020878717303 0.0154608888551593 0.0168462693691254 0.0169769674539566 0.0139644453302026 0.0154074085876346 0.0163707938045263 0.0167022533714771 0.0167291238903999 0.0158899072557688 0.0188972018659115
0.048613853752613 0.0657588094472885 0.0793878063559532 0.112565942108631 0.196130096912384 0.185273051261902 0.290773272514343 0.28239780664444 0.248690411448479 0.25284880399704 0.233847990632057 0.25135400891304 0.229951307177544 0.170374557375908 0.0999870002269745 0.080157458782196 0.0357150658965111 0.0364438183605671 0.0302026886492968 0.02792002633214 0.0254317279905081 0.0385539829730988 0.0440051518380642 0.0386761762201786 0.0371479168534279 0.0304231625050306 0.0288304835557938 0.0286813899874687 0.0212036482989788 0.0170909501612186 0.0130023676902056 0.0115895168855786 0.00983078684657812 0.0093225808814168 0.0112141454592347 0.0148793738335371 0.0237943828105927 0.0244579147547483 0.0176681913435459 0.0177456252276897 0.0180781129747629 0.0184181481599808 0.0169442053884268 0.0170471239835024 0.0216807089745998
0.058428093791008 0.0775011330842972 0.0866247490048409 0.106094799935818 0.146356195211411 0.22616271674633 0.280702948570251 0.29969111084938 0.312790244817734 0.329078674316406 0.264320135116577 0.184381991624832 0.239204600453377 0.232325077056885 0.164688929915428 0.0677929073572159 0.0419510789215565 0.0597118027508259 0.0510190203785896 0.0324576534330845 0.0470530539751053 0.0463151000440121 0.0431472137570381 0.0337980985641479 0.0312295090407133 0.0299235098063946 0.0253009162843227 0.0222533009946346 0.0226561408489943 0.0220116563141346 0.0134520307183266 0.00997396092861891 0.0103854304179549 0.00933165568858385 0.0113095957785845 0.0162688419222832 0.0191159006208181 0.0206853561103344 0.0226300526410341 0.0213437136262655 0.0221298169344664 0.0222249254584312 0.0197612233459949 0.0252733007073402 0.024347385391593
0.0530550293624401 0.0852149724960327 0.136703848838806 0.168459892272949 0.171835601329803 0.160917595028877 0.174187630414963 0.228206872940063 0.275893479585648 0.281996846199036 0.27675798535347 0.258799165487289 0.227599203586578 0.216260761022568 0.145066425204277 0.0678530633449554 0.0522295497357845 0.0721766948699951 0.0793257728219032 0.0584228709340096 0.0350897796452045 0.0451845191419125 0.0456168949604034 0.0387345142662525 0.0276988111436367 0.0258101914077997 0.0202375389635563 0.0198972448706627 0.0181660689413548 0.0155952097848058 0.0131340799853206 0.0134000508114696 0.0124746821820736 0.0120585886761546 0.0139544140547514 0.0164795760065317 0.0171503275632858 0.0203069262206554 0.0238493159413338 0.0206038914620876 0.0278093349188566 0.0290951263159513 0.0258655566722155 0.0235054977238178 0.0206322390586138
0.0411972813308239 0.093416728079319 0.0965954884886742 0.134753793478012 0.134214907884598 0.122388303279877 0.141727060079575 0.207054004073143 0.230819046497345 0.255857795476913 0.232712298631668 0.243818908929825 0.207567796111107 0.205444395542145 0.128210246562958 0.0758877471089363 0.0777402520179749 0.0530205294489861 0.0670160427689552 0.0730988010764122 0.047768946737051 0.0415516495704651 0.0375463180243969 0.0385202690958977 0.0325577296316624 0.02081049233675 0.0208955854177475 0.017977898940444 0.0161247402429581 0.0167739987373352 0.0174104031175375 0.0186000615358353 0.01861029304564 0.0228678230196238 0.0228569861501455 0.0150572936981916 0.0164425708353519 0.0166853629052639 0.0219109021127224 0.0244200024753809 0.0322675593197346 0.0404290668666363 0.0389179065823555 0.0244108736515045 0.0351784825325012
