data/climate_estimation/maxent_output/Fritillaria_kotschyana.asc
NCOLS 71 
NROWS 63 
XLLCORNER 48.4166666666667 
YLLCORNER 32.5833333333333 
CELLSIZE 0.0833333333333333 
NODATA_value -3.4e+38 
[rows 0 to 19 of 63, columns 0 to 43 of 71]
0.644353330135345 0.659203469753265 0.62286913394928 0.691886246204376 0.619467854499817 0.671870827674866 0.707542359828949 0.706314444541931 0.701739013195038 0.699249148368835 0.693230152130127 0.689460217952728 0.682577073574066 0.679829895496368 0.671247780323029 0.666845679283142 0.660275101661682 0.656347215175629 0.646997272968292 0.642333686351776 0.642695248126984 0.639360904693604 0.64044576883316 0.633976399898529 0.628832638263702 0.628832638263702 0.627060055732727 0.628988981246948 0.630797445774078 0.632485389709473 0.632851898670197 -3.4e+38 -3.4e+38 -3.4e+38 -3.4e+38 -3.4e+38 -3.4e+38 -3.4e+38 -3.4e+38 -3.4e+38 -3.4e+38 -3.4e+38 -3.4e+38 -3.4e+38
0.697041988372803 0.674625396728516 0.623784422874451 0.689419984817505 0.706091403961182 0.644140303134918 0.693901777267456 0.70851856470108 0.703122437000275 0.699332416057587 0.693313658237457 0.687638819217682 0.685722589492798 0.675284802913666 0.672525644302368 0.666565239429474 0.653543889522552 0.649847447872162 0.642418444156647 0.640369415283203 0.638717591762543 0.63080108165741 0.622523546218872 0.629274308681488 0.627024233341217 0.626783132553101 0.628591537475586 0.624051094055176 0.625377058982849 0.627185344696045 0.624207437038422 -3.4e+38 -3.4e+38 -3.4e+38 -3.4e+38 -3.4e+38 -3.4e+38 -3.4e+38 -3.4e+38 -3.4e+38 -3.4e+38 -3.4e+38 -3.4e+38 -3.4e+38
0.694537460803986 0.693784952163696 0.677098393440247 0.693291127681732 0.691934585571289 0.707740664482117 0.638791739940643 0.693346679210663 0.70001232624054 0.698941946029663 0.692090034484863 0.688670516014099 0.680595338344574 0.675244510173798 0.667969584465027 0.653262674808502 0.653383016586304 0.642498373985291 0.637355744838715 0.631247580051422 0.628836214542389 0.624898493289948 0.621805191040039 0.618828356266022 0.619912803173065 0.615620970726013 0.616820752620697 0.615174949169159 0.617102265357971 0.61698180437088 0.621560573577881 -3.4e+38 -3.4e+38 -3.4e+38 -3.4e+38 -3.4e+38 -3.4e+38 -3.4e+38 -3.4e+38 -3.4e+38 -3.4e+38 -3.4e+38 -3.4e+38 -3.4e+38
0.700021326541901 0.687657296657562 0.68402773141861 0.675338983535767 0.701548099517822 0.702076196670532 0.710019707679749 0.653000593185425 0.687865316867828 0.69372296333313 0.693480730056763 0.687205910682678 0.682112574577332 0.6729336977005 0.661009430885315 0.650578320026398 0.644270241260529 0.635993838310242 0.634667634963989 0.624014139175415 0.623536765575409 0.622487783432007 0.619515538215637 0.614496469497681 0.615580439567566 0.610804557800293 0.609516382217407 0.61059957742691 0.613970637321472 0.614934086799622 0.613609373569489 -3.4e+38 -3.4e+38 -3.4e+38 -3.4e+38 -3.4e+38 -3.4e+38 -3.4e+38 -3.4e+38 -3.4e+38 -3.4e+38 -3.4e+38 -3.4e+38 -3.4e+38
0.710736751556396 0.644488036632538 0.656038284301758 0.683227896690369 0.688674986362457 0.695470809936523 0.697778224945068 0.618741393089294 0.679522335529327 0.685997724533081 0.684318780899048 0.684786438941956 0.675656974315643 0.666458308696747 0.653427124023438 0.640739440917969 0.636435449123383 0.629844963550568 0.624098896980286 0.624339997768402 0.617511391639709 0.616347312927246 0.612774848937988 0.61494243144989 0.604914128780365 0.607194542884827 0.601584076881409 0.605791628360748 0.601744711399078 0.604870080947876 0.605947613716125 -3.4e+38 -3.4e+38 -3.4e+38 -3.4e+38 -3.4e+38 -3.4e+38 -3.4e+38 -3.4e+38 -3.4e+38 -3.4e+38 -3.4e+38 -3.4e+38 -3.4e+38
0.73453277349472 0.647981882095337 0.656283676624298 0.706894338130951 0.692781627178192 0.698058485984802 0.704643845558167 0.616341471672058 0.667115569114685 0.683581709861755 0.677873373031616 0.671558797359467 0.665231764316559 0.653757274150848 0.641542553901672 0.632903337478638 0.627759575843811 0.621170461177826 0.623822033405304 0.618921458721161 0.616432011127472 0.60853111743927 0.606521666049957 0.60367614030838 0.599270701408386 0.601548433303833 0.599906861782074 0.601949334144592 0.596945405006409 0.598381280899048 0.596260905265808 -3.4e+38 -3.4e+38 -3.4e+38 -3.4e+38 -3.4e+38 -3.4e+38 -3.4e+38 -3.4e+38 -3.4e+38 -3.4e+38 -3.4e+38 -3.4e+38 -3.4e+38
0.748377799987793 0.734587669372559 0.720056772232056 0.721655428409576 0.715713918209076 0.700077652931213 0.700653254985809 0.706346035003662 0.636834323406219 0.670592784881592 0.667460083961487 0.662808418273926 0.65132349729538 0.638980269432068 0.627116203308105 0.62125039100647 0.616471350193024 0.621134638786316 0.615994334220886 0.614228248596191 0.60669082403183 0.603845179080963 0.60492730140686 0.604361772537231 0.603680908679962 0.598790287971497 0.595829606056213 0.596189618110657 0.587036371231079 0.590629279613495 0.592906773090363 -3.4e+38 -3.4e+38 -3.4e+38 -3.4e+38 -3.4e+38 -3.4e+38 -3.4e+38 -3.4e+38 -3.4e+38 -3.4e+38 -3.4e+38 -3.4e+38 -3.4e+38
0.763627350330353 0.747997999191284 0.735599398612976 0.724206745624542 0.713521420955658 0.6796555519104 0.700848758220673 0.697530508041382 0.603397786617279 0.646840035915375 0.65561842918396 0.649505436420441 0.640253782272339 0.625050187110901 0.618568360805511 0.614513218402863 0.616681277751923 0.612867891788483 0.613474726676941 0.608736038208008 0.605613112449646 0.605492830276489 0.601446151733398 0.597283005714417 0.596838474273682 0.592080593109131 0.590677976608276 0.589759767055511 0.587958574295044 0.584767699241638 0.587998867034912 -3.4e+38 -3.4e+38 -3.4e+38 -3.4e+38 -3.4e+38 -3.4e+38 -3.4e+38 -3.4e+38 -3.4e+38 -3.4e+38 -3.4e+38 -3.4e+38 -3.4e+38
0.769230902194977 0.765606164932251 0.751686275005341 0.737623453140259 0.725499510765076 0.720147013664246 0.701406121253967 0.700907528400421 0.6898432970047 0.602079272270203 0.63205474615097 0.636545479297638 0.629940569400787 0.612856090068817 0.605786979198456 0.609711885452271 0.606864750385284 0.602371871471405 0.595013499259949 0.596163511276245 0.596003115177155 0.602737188339233 0.600254237651825 0.595727503299713 0.59109091758728 0.591006636619568 0.584821045398712 0.581748247146606 0.578917503356934 0.582022726535797 0.582381248474121 -3.4e+38 -3.4e+38 -3.4e+38 -3.4e+38 -3.4e+38 -3.4e+38 -3.4e+38 -3.4e+38 -3.4e+38 -3.4e+38 -3.4e+38 -3.4e+38 -3.4e+38
0.731666922569275 0.743168115615845 0.757207930088043 0.754802405834198 0.748979389667511 0.725523769855499 0.717870235443115 0.717016220092773 0.704525589942932 0.695258259773254 0.680070340633392 0.606440901756287 0.597979664802551 0.588577568531036 0.601483166217804 0.598916471004486 0.58851945400238 0.585369467735291 0.692539632320404 0.588955760002136 0.596304953098297 0.597658574581146 0.597092866897583 0.593853175640106 0.58881938457489 0.590855956077576 0.589094460010529 0.57996129989624 0.58115565776825 0.578568935394287 0.579523861408234 -3.4e+38 -3.4e+38 -3.4e+38 -3.4e+38 -3.4e+38 -3.4e+38 -3.4e+38 -3.4e+38 -3.4e+38 -3.4e+38 -3.4e+38 -3.4e+38 -3.4e+38
0.691332638263702 0.678984403610229 0.741625010967255 0.754147827625275 0.754428803920746 0.739535629749298 0.720934689044952 0.718253910541534 0.70555967092514 0.709392786026001 0.706416010856628 0.680069088935852 0.672452330589294 0.593988716602325 0.583247721195221 0.578785300254822 0.687648415565491 0.706928551197052 0.731756508350372 0.734704077243805 0.744967818260193 0.726738035678864 0.6015984416008 0.729818046092987 0.722878158092499 0.596939504146576 0.590577125549316 0.5748410820961 0.574602723121643 0.570713460445404 0.569885492324829 0.577946305274963 0.577504456043243 0.585708200931549 0.580249786376953 0.580010950565338 0.579648017883301 0.578215658664703 0.588212251663208 0.587573349475861 0.593883991241455 0.596483170986176 0.606290638446808 0.615352690219879
0.731394231319427 0.711223185062408 0.705487072467804 0.761288166046143 0.748772084712982 0.741265833377838 0.744769215583801 0.715730547904968 0.710411071777344 0.717136919498444 0.723089277744293 0.690457105636597 0.589977085590363 0.596246898174286 0.690093159675598 0.726648151874542 0.739910423755646 0.749820828437805 0.75193864107132 0.753733277320862 0.758740901947021 0.739387512207031 0.754755973815918 0.717243075370789 0.751819372177124 0.766927778720856 0.611261129379272 0.572274804115295 0.570925533771515 0.572830080986023 0.575689673423767 0.576762795448303 0.578552424907684 0.579268634319305 0.579622030258179 0.574890673160553 0.582723259925842 0.579975485801697 0.5842325091362 0.584591329097748 0.591490805149078 0.593128859996796 0.60324889421463 0.60801887512207
0.78570967912674 0.74674916267395 0.734681069850922 0.729245126247406 0.736972451210022 0.751259624958038 0.731583893299103 0.740040361881256 0.728185772895813 0.706682503223419 0.710548579692841 0.694244146347046 0.69193959236145 0.709818184375763 0.702369034290314 0.721281349658966 0.752745151519775 0.746071815490723 0.750694274902344 0.773591935634613 0.775414109230042 0.782625675201416 0.779638946056366 0.709876775741577 0.740058839321136 0.783065676689148 0.782670974731445 0.617451846599579 0.580715775489807 0.574710190296173 0.580515921115875 0.581829965114594 0.578168451786041 0.580551385879517 0.582821547985077 0.583534061908722 0.579626798629761 0.577120661735535 0.582209706306458 0.582169532775879 0.587387263774872 0.593572914600372 0.593892335891724 0.599968791007996
0.811989665031433 0.773293852806091 0.74761438369751 0.730280041694641 0.743929088115692 0.751330137252808 0.756738185882568 0.732978105545044 0.71531867980957 0.70842444896698 0.720385789871216 0.623811662197113 0.705777525901794 0.714886665344238 0.753228187561035 0.75038754940033 0.765859723091125 0.775308668613434 0.765659868717194 0.763817131519318 0.741800665855408 0.733145594596863 0.765552699565887 0.782789170742035 0.728355884552002 0.760803818702698 0.774654805660248 0.799457132816315 0.757130920886993 0.60474169254303 0.605783462524414 0.586867094039917 0.582800328731537 0.58387154340744 0.581356823444366 0.580680310726166 0.711811423301697 0.712041735649109 0.711802065372467 0.579312384128571 0.58404666185379 0.587232053279877 0.593981444835663 0.597536206245422
0.819040596485138 0.813018321990967 0.804160952568054 0.777418196201324 0.751830697059631 0.739251852035522 0.753515958786011 0.765853106975555 0.75390350818634 0.746673882007599 0.721234083175659 0.715520679950714 0.723733365535736 0.7176194190979 0.711365938186646 0.727409958839417 0.737697660923004 0.751823365688324 0.76983243227005 0.792296350002289 0.798821151256561 0.777612209320068 0.762923955917358 0.757170498371124 0.755776345729828 0.578668594360352 0.746022820472717 0.813396453857422 0.811702966690063 0.807126879692078 0.809655129909515 0.7906414270401 0.775538325309753 0.77677446603775 0.767422258853912 0.728169441223145 0.721574723720551 0.716777741909027 0.712046384811401 0.708713412284851 0.584015905857086 0.584095239639282 0.587759494781494 0.590469241142273
0.767965614795685 0.785330414772034 0.789194822311401 0.798800230026245 0.795756757259369 0.762779116630554 0.738175332546234 0.743442237377167 0.738175332546234 0.752602577209473 0.750755310058594 0.722815036773682 0.7225461602211 0.726193010807037 0.759281992912292 0.771030604839325 0.798214793205261 0.790736973285675 0.791494905948639 0.802650213241577 0.813972771167755 0.81326162815094 0.81249612569809 0.780281901359558 0.59248822927475 0.569324195384979 0.748828709125519 0.578182876110077 0.797930300235748 0.781847655773163 0.811210751533508 0.838643491268158 0.844533503055573 0.83725893497467 0.831628441810608 0.802805960178375 0.813083410263062 0.781732797622681 0.811947822570801 0.797167778015137 0.745928585529327 0.708316922187805 0.588008463382721 0.590318620204926
0.783294856548309 0.766223430633545 0.778060257434845 0.787471413612366 0.791853308677673 0.778091788291931 0.772901833057404 0.752129197120667 0.747458755970001 0.773219704627991 0.77692449092865 0.778465867042542 0.777345776557922 0.770006895065308 0.791003584861755 0.7949498295784 0.794405460357666 0.799133956432343 0.797884345054626 0.807129859924316 0.803599894046783 0.844311058521271 0.836780428886414 0.837371230125427 0.828251719474792 0.827004730701447 0.788971841335297 0.754874169826508 0.77446174621582 0.794425129890442 0.553613781929016 0.784985840320587 0.827920496463776 0.857267677783966 0.812149822711945 0.831506788730621 0.848502337932587 0.865288555622101 0.842418789863586 0.858439266681671 0.854766726493835 0.804377496242523 0.769531548023224 0.713026702404022
0.795514583587646 0.788470208644867 0.774209201335907 0.774584174156189 0.781937479972839 0.78387326002121 0.784346878528595 0.780496180057526 0.757325768470764 0.766676485538483 0.778375744819641 0.787490665912628 0.795073390007019 0.797602593898773 0.801775574684143 0.81587141752243 0.823333621025085 0.829667150974274 0.835910499095917 0.842321693897247 0.832544267177582 0.822478830814362 0.828704059123993 0.840658903121948 0.846037328243256 0.835935294628143 0.834550797939301 0.808861076831818 0.777025818824768 0.58675354719162 0.46567291021347 0.55310332775116 0.616907179355621 0.846348226070404 0.864039659500122 0.876152813434601 0.87589830160141 0.879364132881165 0.856780350208282 0.860382378101349 0.858481466770172 0.866325795650482 0.868840754032135 0.827314019203186
0.811250925064087 0.801240086555481 0.796333372592926 0.785230755805969 0.774429440498352 0.764394342899323 0.779716908931732 0.789895236492157 0.793623089790344 0.784013986587524 0.785659372806549 0.795092105865479 0.802830934524536 0.808733284473419 0.816906571388245 0.827122330665588 0.836981117725372 0.850607216358185 0.869973719120026 0.873538494110107 0.868446528911591 0.867460072040558 0.855190277099609 0.833745360374451 0.840695858001709 0.828106224536896 0.781369924545288 0.586040258407593 0.565353214740753 0.591873288154602 0.577857971191406 0.594787001609802 0.826316475868225 0.861731350421906 0.838754177093506 0.622972786426544 0.803267538547516 0.827709078788757 0.819196760654449 0.854203283786774 0.840617835521698 0.812388718128204 0.808351635932922 0.822676658630371
0.802536845207214 0.807766139507294 0.803204774856567 0.799584746360779 0.790341675281525 0.774323701858521 0.767101585865021 0.790166318416595 0.802496433258057 0.805987596511841 0.804654002189636 0.802781045436859 0.814516544342041 0.819477140903473 0.82984322309494 0.83907824754715 0.852006793022156 0.866508543491364 0.87841784954071 0.882824957370758 0.882293581962585 0.885615408420563 0.879581153392792 0.87101548910141 0.856867074966431 0.850763380527496 0.861899137496948 0.854462802410126 0.844921886920929 0.844883382320404 0.827050805091858 0.814062535762787 0.65286523103714 0.803931415081024 0.824945747852325 0.801058173179626 0.613527595996857 0.632801175117493 0.82226037979126 0.816014349460602 0.837496340274811 0.841764211654663 0.834122478961945 0.847407341003418
