data/climate_estimation/maxent_output/Fritillaria_bithynica.asc
NCOLS 8 
NROWS 30 
XLLCORNER 26.3333333333333 
YLLCORNER 37.5833333333333 
CELLSIZE 0.0833333333333335 
NODATA_value -3.4e+38 
0.644402265548706 0.487475097179413 0.378104954957962 0.359402000904083 0.349340915679932 0.353374630212784 0.362072557210922 0.378608703613281
0.612862527370453 0.511189460754395 0.431702882051468 0.408738166093826 0.342943429946899 0.364405691623688 0.321362018585205 0.400322645902634
0.611394822597504 0.461818516254425 0.313497304916382 0.291757792234421 0.29994523525238 0.286813914775848 0.289267390966415 0.295301973819733
0.603999495506287 0.338030934333801 0.253370016813278 0.289306730031967 0.327723771333694 0.343579292297363 0.338518261909485 0.308304190635681
0.611700892448425 0.430912703275681 0.446336627006531 0.409657508134842 0.333599984645844 0.370090782642365 0.402148365974426 0.353566110134125
0.715600848197937 0.587990939617157 0.512565553188324 0.392117917537689 0.394925445318222 0.37381586432457 0.371107071638107 0.418964266777039
0.773994505405426 0.684508383274078 0.587592661380768 0.499384135007858 0.470624327659607 0.474862575531006 0.574395716190338 0.485908359289169
0.899272561073303 -3.4e+38 -3.4e+38 -3.4e+38 -3.4e+38 0.70336389541626 0.656970024108887 0.498235821723938
0.933815658092499 0.91394704580307 -3.4e+38 0.785385131835938 0.829658031463623 0.744808912277222 0.686539828777313 0.499380797147751
0.940107345581055 0.929684162139893 -3.4e+38 0.847209811210632 0.823572397232056 0.779347777366638 0.675391137599945 0.456181198358536
0.933997392654419 0.90796285867691 0.933118104934692 -3.4e+38 0.891972720623016 0.843965828418732 0.672438323497772 0.495348781347275
0.945867836475372 0.941998243331909 0.933456242084503 -3.4e+38 -3.4e+38 0.85992842912674 0.811916351318359 0.708649694919586
0.910775005817413 0.924351274967194 0.90439647436142 0.88007777929306 -3.4e+38 0.853453814983368 0.799529314041138 0.773816227912903
0.955480515956879 0.925216972827911 0.931586027145386 -3.4e+38 -3.4e+38 0.803420722484589 0.731760680675507 0.738870978355408
-3.4e+38 -3.4e+38 -3.4e+38 -3.4e+38 -3.4e+38 -3.4e+38 -3.4e+38 0.728075802326202
-3.4e+38 -3.4e+38 -3.4e+38 -3.4e+38 -3.4e+38 0.80998694896698 0.752185463905334 0.733803331851959
0.967014729976654 0.952951371669769 -3.4e+38 -3.4e+38 0.841266512870789 0.795707225799561 0.758890450000763 0.693553268909454
0.965660452842712 0.950345456600189 0.932286083698273 -3.4e+38 0.857679665088654 0.810205519199371 0.801673293113708 0.673695683479309
0.972578227519989 0.930878281593323 0.920050621032715 0.912535011768341 0.839800298213959 0.830105841159821 0.769191205501556 0.703107118606567
0.978500068187714 0.96553897857666 0.936606884002686 0.915757775306702 0.862516939640045 0.835772931575775 0.741735219955444 0.744938790798187
0.991810441017151 0.978196382522583 0.958381652832031 0.921638071537018 0.878687977790833 0.813182890415192 0.799865186214447 0.765599489212036
0.995587408542633 0.973354160785675 0.94775927066803 0.929739952087402 0.876834154129028 0.838163554668427 0.851069927215576 0.77668696641922
0.993224918842316 0.976856768131256 0.964227199554443 0.937942087650299 0.878766179084778 0.820612728595734 0.83889901638031 0.810947835445404
-3.4e+38 -3.4e+38 0.959205269813538 0.957087457180023 -3.4e+38 0.874860227108002 0.857115685939789 0.87205296754837
-339999999999999996123846586046231871488.000000000000000 -3.4e+38 -3.4e+38 -3.4e+38 -3.4e+38 -3.4e+38 0.914720952510834 0.909848511219025
-3.4e+38 -3.4e+38 -3.4e+38 -3.4e+38 -3.4e+38 -3.4e+38 -3.4e+38 -3.4e+38
-3.4e+38 -3.4e+38 -3.4e+38 -3.4e+38 -3.4e+38 -3.4e+38 -3.4e+38 -3.4e+38
-3.4e+38 -3.4e+38 -3.4e+38 0.983174502849579 0.97612988948822 0.956624805927277 0.964515268802643 0.98253345489502
0.997507393360138 -3.4e+38 0.988103866577148 0.980546057224274 0.97978949546814 0.965193808078766 0.972908675670624 0.983467221260071
0.998305439949036 0.9977747797966 0.9925736784935 -3.4e+38 -3.4e+38 0.978797852993011 0.968909859657288 -3.4e+38
