data/climate_estimation/maxent_output/Fritillaria_caucasica.asc
NCOLS 94 
NROWS 56 
XLLCORNER 40.75 
YLLCORNER 38.5833333333333 
CELLSIZE 0.0833333333333334 
NODATA_value -3.4e+38 
[rows 0 to 19 of 56, columns 44 to 87 of 94]
0.382597595453262 0.51527464389801 0.536198079586029 0.556082248687744 0.609982490539551 0.606289863586426 0.611703932285309 0.647674083709717 0.659437537193298 0.636742055416107 0.671525299549103 0.620350003242493 0.575104117393494 0.630388975143433 0.631957769393921 0.701657056808472 0.709611415863037 0.636884152889252 0.573188960552216 0.654678583145142 0.673868954181671 0.750699400901794 0.870131075382233 0.81184995174408 0.755074501037598 0.728501796722412 0.721382021903992 0.628227949142456 0.453398317098618 0.439105033874512 0.381759345531464 0.344079613685608 0.326519191265106 0.307202011346817 0.312447279691696 0.368164747953415 0.343012243509293 0.318923324346542 0.33459010720253 0.242525115609169 0.269576162099838 0.270395994186401 0.266483187675476 -3.4e+38
0.344182729721069 0.460002571344376 0.523841381072998 0.544422566890717 0.543886005878448 0.543415009975433 0.597460567951202 0.578684151172638 0.627869665622711 0.679575622081757 0.668516159057617 0.702769815921783 0.693638980388641 0.610495507717133 0.666268765926361 0.715197265148163 0.647359788417816 0.724549174308777 0.74477744102478 0.863095641136169 0.938347578048706 0.924711227416992 0.975349485874176 0.931037843227386 0.916539132595062 0.958207011222839 0.947699904441833 0.953622281551361 0.754596590995789 0.644322693347931 0.778233408927917 0.670145988464355 0.414421588182449 0.344589442014694 0.360606223344803 0.341291069984436 0.321747183799744 0.340495139360428 0.320062220096588 0.280619949102402 0.275506347417831 0.272566616535187 0.295735061168671 -3.4e+38
0.342608213424683 0.412334591150284 0.471273481845856 0.504266202449799 0.529967844486237 0.521563470363617 0.531856596469879 0.514411985874176 0.604940533638 0.616920292377472 0.672476351261139 0.652108073234558 0.715237855911255 0.772358775138855 0.771215558052063 0.750741600990295 0.859578967094421 0.856526792049408 0.880927264690399 0.931111514568329 0.925564348697662 0.963894844055176 0.960278332233429 0.986480236053467 0.989760637283325 0.99314272403717 0.995445966720581 0.989925146102905 0.960224151611328 0.941520154476166 0.850364625453949 0.873821139335632 0.712068140506744 0.457981258630753 0.30662602186203 0.407142490148544 0.33933487534523 0.384664088487625 0.392731547355652 0.316242575645447 0.314015984535217 0.296892046928406 0.275970935821533 -3.4e+38
0.223082333803177 0.287472307682037 0.35752147436142 0.368656009435654 0.403344482183456 0.387732982635498 0.452521622180939 0.482598721981049 0.578607141971588 0.696706056594849 0.738222360610962 0.704066634178162 0.713170886039734 0.701993346214294 0.783417165279388 0.787325382232666 0.852173864841461 0.852110147476196 0.917508125305176 0.924366295337677 0.954364776611328 0.954300880432129 0.981134176254272 0.994109869003296 0.996370136737823 0.998071193695068 0.994669616222382 0.995370626449585 0.995516955852509 0.925470650196075 0.904435276985168 0.895407557487488 0.752847075462341 0.569448471069336 0.674276411533356 0.585177004337311 0.515467643737793 0.413115203380585 0.385703563690186 0.390921384096146 0.435167044401169 0.27453139424324 0.325642317533493 0.292998880147934
0.243398457765579 0.315008401870728 0.233751371502876 0.435067683458328 0.436704367399216 0.489205300807953 0.454919934272766 0.584004640579224 0.639683485031128 0.68134081363678 0.677724659442902 0.724681794643402 0.774306774139404 0.786948800086975 0.774518191814423 0.83446079492569 0.888532161712646 0.930194497108459 0.943089067935944 0.972144663333893 0.984642744064331 0.986193537712097 0.992099165916443 0.994904220104218 0.987863302230835 0.97791451215744 0.977259755134583 0.984562993049622 0.995502412319183 0.995664358139038 0.989831686019897 0.92152726650238 0.802584528923035 0.807843863964081 0.884845197200775 0.856899619102478 0.621221363544464 0.432135969400406 0.413154006004333 0.430759072303772 0.395044982433319 0.461521357297897 0.429751604795456 0.453168660402298
0.400993883609772 0.425090879201889 0.287298917770386 0.350356906652451 0.40771946310997 0.492551505565643 0.399292498826981 0.558721899986267 0.652747631072998 0.672354280948639 0.693960726261139 0.718869745731354 0.767032861709595 0.773827314376831 0.788238108158112 0.851926326751709 0.894901096820831 0.910092890262604 0.939930975437164 0.958772778511047 0.961153209209442 0.98030960559845 0.990454375743866 0.983609974384308 0.994909465312958 0.997924447059631 0.998669147491455 0.998314917087555 0.998320817947388 0.998326599597931 0.998241901397705 0.991859376430511 0.899358987808228 0.894382178783417 0.874032437801361 0.894854009151459 0.82060831785202 0.609012842178345 0.439586192369461 0.493471175432205 0.451088041067123 0.443758815526962 0.505602061748505 0.456923305988312
0.358349978923798 0.379743576049805 0.350852280855179 0.436821818351746 0.476472198963165 0.503119707107544 0.494231194257736 0.551289319992065 0.614931225776672 0.605117976665497 0.623977065086365 0.677069544792175 0.710700273513794 0.731893837451935 0.770677745342255 0.839604437351227 0.866000890731812 0.913841009140015 0.93149608373642 0.957445859909058 0.973205924034119 0.982591092586517 0.987720429897308 0.995842278003693 0.995743453502655 0.994178116321564 0.999064087867737 0.992145478725433 0.999650120735168 0.99964565038681 0.998457610607147 0.990775942802429 0.989977240562439 0.986622095108032 0.944074928760529 0.90016758441925 0.895273864269257 0.568507850170135 0.382265269756317 0.468248158693314 0.525563895702362 0.560687303543091 0.55333548784256 0.534517347812653
0.424203097820282 0.391390770673752 0.385990530252457 0.447631180286407 0.474778145551682 0.495229095220566 0.564892768859863 0.526319563388824 0.57305783033371 0.576961636543274 0.596323788166046 0.673300623893738 0.723748922348022 0.725030660629272 0.806457877159119 0.840831816196442 0.854301691055298 0.886737942695618 0.911828398704529 0.932636141777039 0.968114972114563 0.978179514408112 0.989294111728668 0.991737723350525 0.995209753513336 0.998194634914398 0.996642291545868 0.979450702667236 0.989012181758881 0.998977720737457 0.998458981513977 0.982910752296448 0.93133282661438 0.996435463428497 0.989645719528198 0.987418293952942 0.961607575416565 0.929543375968933 0.552467286586761 0.384637892246246 0.535117924213409 0.571097195148468 0.590437054634094 0.593095123767853
0.358869910240173 0.411884158849716 0.406087517738342 0.423516243696213 0.461374819278717 0.490587562322617 0.411810398101807 0.576425492763519 0.576260507106781 0.565572798252106 0.588375449180603 0.664349973201752 0.701342403888702 0.674562990665436 0.703713834285736 0.806205630302429 0.818028926849365 0.860680818557739 0.87246310710907 0.944706797599792 0.948043942451477 0.968845546245575 0.982132077217102 0.981963157653809 0.977746963500977 0.983084440231323 0.995754480361938 0.998657166957855 0.993407666683197 0.999851286411285 0.998321413993835 0.999638378620148 0.984709799289703 0.951681613922119 0.996780455112457 0.998008131980896 0.995620131492615 0.962295889854431 0.851578950881958 0.612991094589233 0.438912749290466 0.486066192388535 0.530429005622864 0.590923547744751
0.20878654718399 0.142442002892494 0.23338258266449 0.241448804736137 0.350420892238617 0.425828367471695 0.247983768582344 0.474501132965088 0.583685457706451 0.625514090061188 0.626098453998566 0.648379504680634 0.668620049953461 0.751943588256836 0.752665400505066 0.729813754558563 0.769745349884033 0.840611577033997 0.887523651123047 0.943622231483459 0.938501417636871 0.932472109794617 0.914034605026245 0.956345319747925 0.987949967384338 0.996017634868622 0.997021973133087 0.998580038547516 0.999411702156067 0.999809861183167 0.999852061271667 0.999951839447021 0.999732971191406 0.938946306705475 0.996293187141418 0.998004913330078 0.980212152004242 0.980904340744019 0.966443836688995 0.643073678016663 0.494676172733307 0.356823921203613 0.479036092758179 0.44627171754837
0.0880919620394707 0.172245353460312 0.105971373617649 0.0540915876626968 0.248807698488235 0.124895103275776 0.270260334014893 0.436319977045059 0.547891497612 0.6019646525383 0.602247774600983 0.655639827251434 0.655052006244659 0.725568354129791 0.79171884059906 0.772115349769592 0.796876132488251 0.857782423496246 0.883132755756378 0.900642275810242 0.910851538181305 0.930464565753937 0.917440235614777 0.970540881156921 0.990226745605469 0.990675330162048 0.991834223270416 0.960534870624542 0.986634016036987 0.995675086975098 0.999886870384216 0.998788475990295 0.999489486217499 0.995486617088318 0.995743453502655 0.97351598739624 0.883494257926941 0.98563688993454 0.966914534568787 0.850995779037476 0.661027312278748 0.455265015363693 0.46904593706131 0.396577119827271
0.0300649330019951 0.0918650850653648 0.09978286921978 0.0355407260358334 0.23029936850071 0.0751732960343361 0.332149356603622 0.346148312091827 0.451819121837616 0.506029963493347 0.541411936283112 0.660341918468475 0.643945634365082 0.719875812530518 0.722124695777893 0.782308578491211 0.817716658115387 0.837743282318115 0.909884572029114 0.871874868869781 0.876868963241577 0.898725152015686 0.920892417430878 0.967978596687317 0.975229561328888 0.978680670261383 0.912092089653015 0.967265963554382 0.989257335662842 0.999173104763031 0.996681392192841 0.970647156238556 0.998977780342102 0.989157140254974 0.960990786552429 0.972267687320709 0.843718409538269 0.920171082019806 0.981384932994843 0.978929400444031 0.720202326774597 0.482506215572357 0.347709149122238 0.355308085680008
0.0367023423314095 0.0584900863468647 0.0506130568683147 0.0674580633640289 0.0683244839310646 0.0900702476501465 0.215673565864563 0.274888277053833 0.291860222816467 0.301656275987625 0.403444677591324 0.552516996860504 0.738364815711975 0.725563943386078 0.723998546600342 0.762046277523041 0.825794577598572 0.846105456352234 0.866819739341736 0.896768510341644 0.883545100688934 0.931783199310303 0.972248733043671 0.978987157344818 0.957831799983978 0.866546154022217 0.930639743804932 0.935292661190033 0.968254148960114 0.983655035495758 0.789781272411346 0.955148935317993 0.983013570308685 0.905543088912964 0.781628251075745 0.939230382442474 0.786930203437805 0.880174160003662 0.941161692142487 0.97620290517807 0.731385171413422 0.380539625883102 0.316517263650894 0.300370931625366
0.067056842148304 0.0538492314517498 0.0448873937129974 0.112256243824959 0.171635821461678 0.110493503510952 0.135330095887184 0.217303201556206 0.336916297674179 0.443408966064453 0.494807660579681 0.528534114360809 0.630423486232758 0.707228243350983 0.797692835330963 0.820695161819458 0.837309122085571 0.832262814044952 0.868736088275909 0.908943593502045 0.937995553016663 0.948927700519562 0.958069741725922 0.970994532108307 0.96679300069809 0.893981218338013 0.88282573223114 0.905079364776611 0.966978192329407 0.901600122451782 0.689230561256409 0.797874450683594 0.974002301692963 0.882440328598022 0.65983647108078 0.766597211360931 0.885951101779938 0.932235240936279 0.964414834976196 0.975099980831146 0.931927382946014 0.508733630180359 0.34217768907547 0.202431231737137
0.180897131562233 0.187356054782867 0.293298691511154 0.470671266317368 0.352523475885391 0.20006550848484 0.243035241961479 0.31251659989357 0.511770963668823 0.614343404769897 0.547831475734711 0.489282011985779 0.471607089042664 0.498427182435989 0.654001653194427 0.698939859867096 0.8407261967659 0.868097186088562 0.8981072306633 0.914552569389343 0.912342309951782 0.93735259771347 0.938133716583252 0.975692570209503 0.968340337276459 0.96508002281189 0.879988491535187 0.811583817005157 0.757105350494385 0.837120771408081 0.623071908950806 0.728175818920135 0.640364646911621 0.708918333053589 0.658267557621002 0.766062319278717 0.806038379669189 0.837138295173645 0.903580248355865 0.931256473064423 0.954156816005707 0.97298127412796 0.498386681079865 0.42611563205719
0.353792876005173 0.522724330425262 0.598853528499603 0.657165884971619 0.680006146430969 0.39982396364212 0.459096699953079 0.484188944101334 0.563689947128296 0.580587208271027 0.715276837348938 0.643566250801086 0.560079395771027 0.548697590827942 0.465552389621735 0.414459854364395 0.530882775783539 0.773394286632538 0.885403513908386 0.895457863807678 0.940627872943878 0.944981813430786 0.938430845737457 0.940283477306366 0.958507597446442 0.970098316669464 0.917722523212433 0.877992510795593 0.739871382713318 0.767316937446594 0.737130403518677 0.639327645301819 0.651062607765198 0.580234825611115 0.486957222223282 0.531794190406799 0.61132138967514 0.658024728298187 0.592333436012268 0.646654665470123 0.933084845542908 0.956612110137939 0.947294533252716 0.657699823379517
0.503785729408264 0.578185260295868 0.665073335170746 0.77543181180954 0.778481125831604 0.669107675552368 0.517447888851166 0.555712878704071 0.719568252563477 0.739469408988953 0.731029748916626 0.782229602336884 0.83544647693634 0.768156111240387 0.656791031360626 0.48163628578186 0.392583310604095 0.316267073154449 0.362356275320053 0.419131696224213 0.388318687677383 0.603825628757477 0.934190690517426 0.962202191352844 0.968618035316467 0.978779554367065 0.921077787876129 0.793402969837189 0.756493866443634 0.764592707157135 0.644284248352051 0.6231769323349 0.609368741512299 0.471011698246002 0.513870537281036 0.436169564723969 0.485613137483597 0.378208816051483 0.388256967067719 0.354831010103226 0.698809146881104 0.903034269809723 0.881772756576538 0.947839558124542
0.499234169721603 0.666143834590912 0.734668433666229 0.874254167079926 0.874372184276581 0.952529728412628 0.897662103176117 0.896483838558197 0.91255784034729 0.868598520755768 0.830333888530731 0.852655291557312 0.898894548416138 0.89631462097168 0.859839081764221 0.732108950614929 0.453744143247604 0.367060154676437 0.340481907129288 0.291426986455917 0.237473607063293 0.212241783738136 0.190805301070213 0.579747319221497 0.844314634799957 0.986870348453522 0.987323999404907 0.991796314716339 0.797552645206451 0.820601105690002 0.691309213638306 0.678656876087189 0.56966358423233 0.572865605354309 0.479322195053101 0.498338460922241 0.467041969299316 0.399155110120773 0.598660886287689 0.456306338310242 0.412141859531403 0.834550976753235 0.859034180641174 0.959497153759003
0.664603114128113 0.757379949092865 0.903461813926697 0.965724110603333 0.945964515209198 0.945782065391541 0.966997742652893 0.974751651287079 0.969463527202606 0.953877627849579 0.943243563175201 0.897898316383362 0.850378572940826 0.891817569732666 0.886109828948975 0.835447669029236 0.76177567243576 0.490025728940964 0.350631415843964 0.319525301456451 0.252567857503891 0.198213994503021 0.169188678264618 0.168130084872246 0.195281282067299 0.616800665855408 0.728368401527405 0.992465436458588 0.995694816112518 0.841152250766754 0.71144700050354 0.735683083534241 0.531049787998199 0.653907775878906 0.459846198558807 0.391666680574417 0.397010266780853 0.350165843963623 0.357126265764236 0.39801299571991 0.473555892705917 0.786276042461395 0.892773330211639 0.927666068077087
0.915932893753052 0.911273241043091 0.958290934562683 0.975181937217712 0.978487014770508 0.952445805072784 0.907151460647583 0.953453660011292 0.973115086555481 0.983882069587708 0.972138822078705 0.953485190868378 0.925352990627289 0.82622492313385 0.856692731380463 0.811565816402435 0.854891061782837 0.859058022499084 0.558387100696564 0.331048965454102 0.298645704984665 0.255998700857162 0.202284619212151 0.158302947878838 0.134063214063644 0.0872688516974449 0.0722744837403297 0.401152402162552 0.963244557380676 0.997231543064117 0.742500305175781 0.696019947528839 0.765901505947113 0.623553693294525 0.72251433134079 0.521380960941315 0.4194475710392 0.305056631565094 0.423034012317657 0.631987333297729 0.448361992835999 0.493632286787033 0.882046401500702 0.943086981773376
