data/climate_estimation/maxent_output/Fritillaria_verticillata.asc
NCOLS 803 
NROWS 299 
XLLCORNER 70.5833333333333 
YLLCORNER 26.5833333333333 
CELLSIZE 0.0833333333333333 
NODATA_value -3.4e+38 
[rows 84 to 104 of 299, columns 96 to 143 of 803]
0.440804481506348 0.491665452718735 0.500286519527435 0.574850618839264 0.624313414096832 0.614956974983215 0.587644755840302 0.575442016124725 0.593919634819031 0.516831934452057 0.559108674526215 0.635928511619568 0.705734312534332 0.694994688034058 0.6800696849823 0.738522529602051 0.747884571552277 0.757407605648041 0.762257277965546 0.79155021905899 0.801407396793365 0.812181651592255 0.793966829776764 0.840776443481445 0.819451093673706 0.810235440731049 0.799797654151917 0.861242711544037 0.870647549629211 0.854191601276398 0.860281109809875 0.822678327560425 0.801147162914276 0.836005628108978 0.878251850605011 0.898518025875092 0.894837498664856 0.928338170051575 0.974297165870667 0.972298204898834 0.968266606330872 0.954829573631287 0.887649595737457 0.87085634469986 0.746725976467133 0.700440227985382 0.561297357082367 0.534005403518677
0.498568832874298 0.589612543582916 0.630862295627594 0.611459851264954 0.577519953250885 0.645706832408905 0.63812792301178 0.648145377635956 0.644061863422394 0.642527937889099 0.71403557062149 0.711407601833344 0.704187035560608 0.673692584037781 0.765540897846222 0.757606089115143 0.771551609039307 0.833067417144775 0.849097490310669 0.798094511032104 0.800239384174347 0.842231690883636 0.794734120368958 0.791332840919495 0.785321295261383 0.761594831943512 0.743980884552002 0.786452770233154 0.855212867259979 0.906545102596283 0.889618158340454 0.866884708404541 0.883470058441162 0.927878618240356 0.94007134437561 0.929513573646545 0.949391663074493 0.918176531791687 0.944804012775421 0.956143975257874 0.971865832805634 0.961291074752808 0.955596268177032 0.890714406967163 0.877478778362274 0.770499408245087 0.730780839920044 0.701598227024078
0.572107255458832 0.503521203994751 0.490371644496918 0.470973700284958 0.464230209589005 0.519406139850616 0.520552754402161 0.522150993347168 0.579598546028137 0.585509955883026 0.597410678863525 0.670449018478394 0.657895922660828 0.670567870140076 0.740624368190765 0.76975280046463 0.829106390476227 0.832611620426178 0.83472466468811 0.835387825965881 0.836870193481445 0.844162166118622 0.857157647609711 0.841940999031067 0.774359583854675 0.769535422325134 0.764075934886932 0.720306992530823 0.7379030585289 0.765371143817902 0.847650289535522 0.90483820438385 0.937873482704163 0.958944261074066 0.93630838394165 0.96101301908493 0.959156692028046 0.973227798938751 0.95468658208847 0.838504314422607 0.745140075683594 0.777583599090576 0.744322180747986 0.811106383800507 0.865981757640839 0.896731555461884 0.795891642570496 0.783986389636993
0.467590034008026 0.449209749698639 0.446354776620865 0.445536762475967 0.504807591438293 0.518999457359314 0.525852978229523 0.522280037403107 0.576437473297119 0.558450520038605 0.633579552173615 0.661115944385529 0.70414000749588 0.740029215812683 0.785516977310181 0.837965667247772 0.885133922100067 0.924175441265106 0.881846249103546 0.884613275527954 0.849686443805695 0.80017763376236 0.797627031803131 0.784724950790405 0.785170316696167 0.78822910785675 0.736649036407471 0.757356524467468 0.699744045734406 0.716824412345886 0.736520051956177 0.826024353504181 0.892181575298309 0.936291635036469 0.932654082775116 0.9294393658638 0.959746301174164 0.977803826332092 0.93479859828949 0.909284949302673 0.918309032917023 0.820401847362518 0.842233777046204 0.843840837478638 0.879168093204498 0.897024571895599 0.785868167877197 0.678322494029999
0.450210183858871 0.42099142074585 0.47166121006012 0.490952879190445 0.510081708431244 0.534528076648712 0.517978250980377 0.548815548419952 0.597136080265045 0.56795746088028 0.667241811752319 0.722104847431183 0.76146388053894 0.864490807056427 0.86115163564682 0.907318413257599 0.939692139625549 0.941094756126404 0.947560608386993 0.912749588489532 0.877695202827454 0.878450095653534 0.872570216655731 0.828065872192383 0.827914893627167 0.770479083061218 0.777555763721466 0.683708548545837 0.620161712169647 0.632102191448212 0.723973214626312 0.732216238975525 0.737008154392242 0.810513138771057 0.880362510681152 0.9236781001091 0.957296967506409 0.978805422782898 0.943615257740021 0.912007987499237 0.936735272407532 0.898540914058685 0.874584853649139 0.837591230869293 0.79078733921051 0.610164523124695 0.527839601039886 0.58368331193924
0.465288668870926 0.510559558868408 0.50867623090744 0.467816025018692 0.485671669244766 0.49896177649498 0.53756982088089 0.566125094890594 0.623136937618256 0.707661390304565 0.117217123508453 0.125630006194115 0.117919452488422 0.849946439266205 0.896127462387085 0.892756342887878 0.896020531654358 0.936422944068909 0.937809705734253 0.904503643512726 0.905026853084564 0.863021910190582 0.866014838218689 0.869403719902039 0.818377912044525 0.820254623889923 0.820269525051117 0.715774178504944 0.601383090019226 0.62991464138031 0.649544715881348 0.629868149757385 0.621044099330902 0.619411766529083 0.776290237903595 0.86049097776413 0.912544250488281 0.953284204006195 0.975871324539185 0.967838823795319 0.965564012527466 0.961249172687531 0.908583760261536 0.813082098960876 0.67016327381134 0.668411731719971 0.678935766220093 0.539249897003174
0.513205766677856 0.0929102450609207 0.0842965096235275 0.0985287427902222 0.548789024353027 0.553447782993317 0.609698295593262 0.107707999646664 0.103101760149002 0.0995518043637276 0.114000223577023 0.112822063267231 0.784260988235474 0.844142973423004 0.840579688549042 0.890874445438385 0.891362428665161 0.890208661556244 0.892487347126007 0.897856473922729 0.900579988956451 0.854377210140228 0.857720732688904 0.861137628555298 0.807191967964172 0.810536563396454 0.313622623682022 0.317618548870087 0.703936159610748 0.710129380226135 0.6527459025383 0.650163590908051 0.648171007633209 0.590648889541626 0.674095749855042 0.749412477016449 0.823794364929199 0.902556777000427 0.943004012107849 0.970184147357941 0.969602882862091 0.961465954780579 0.909055769443512 0.905718386173248 0.906563878059387 0.818464815616608 0.815576493740082 0.809021592140198
0.460188567638397 0.445977807044983 0.0967027172446251 0.0916753187775612 0.0858300104737282 0.100841142237186 0.100061513483524 0.0985134690999985 0.0965809151530266 0.0979066416621208 0.0958471596240997 0.113324113190174 0.791233062744141 0.843647480010986 0.842642426490784 0.839586853981018 0.887738227844238 0.890071392059326 0.890733063220978 0.89909839630127 0.898406505584717 0.84917950630188 0.852303266525269 0.850662648677826 0.856289923191071 0.798551738262177 0.805149972438812 0.761267304420471 0.700501620769501 0.707023441791534 0.284426212310791 0.700141727924347 0.705903112888336 0.643293380737305 0.655250430107117 0.729801774024963 0.803459107875824 0.869543194770813 0.925690591335297 0.964552760124207 0.964488565921783 0.956730842590332 0.955694854259491 0.895985126495361 0.895576119422913 0.808872401714325 0.808513522148132 0.803094565868378
0.0758339539170265 0.0745175331830978 0.0848825052380562 0.0844960957765579 0.0844552665948868 0.0843284875154495 0.0983926653862 0.0981519147753716 0.098936602473259 0.100733280181885 0.0993930175900459 0.704953372478485 0.787433981895447 0.782934069633484 0.839141368865967 0.842014849185944 0.836015462875366 0.887641966342926 0.890368103981018 0.896252930164337 0.845995664596558 0.845922410488129 0.849595367908478 0.797388792037964 0.804159045219421 0.707090854644775 0.712164998054504 0.646299004554749 0.653318822383881 0.653055787086487 0.647154033184052 0.587149381637573 0.5824915766716 0.654586732387543 0.716224670410156 0.732509076595306 0.800636172294617 0.862683176994324 0.917636811733246 0.954672515392303 0.959933459758759 0.918383121490479 0.914623439311981 0.904395043849945 0.897454679012299 0.807206571102142 0.805894076824188 0.788754999637604
0.0660919323563576 0.540730655193329 0.542872607707977 0.489018231630325 0.492653876543045 0.555120289325714 0.546582877635956 0.537866294384003 0.600253343582153 0.658788442611694 0.649206757545471 0.707168579101562 0.707124471664429 0.76606810092926 0.789132475852966 0.763169467449188 0.853589951992035 0.850293219089508 0.84941703081131 0.802929580211639 0.802837014198303 0.806678295135498 0.810209989547729 0.826823472976685 0.727546691894531 0.741697132587433 0.757548689842224 0.752869129180908 0.688647389411926 0.687283456325531 0.687060713768005 0.697957098484039 0.765316069126129 0.758610308170319 0.737226188182831 0.795034110546112 0.852343440055847 0.858419060707092 0.913540482521057 0.950651049613953 0.957548975944519 0.951351344585419 0.898725867271423 0.902424871921539 0.81967306137085 0.81959855556488 0.818654537200928 0.708349823951721
0.495216339826584 0.515172362327576 0.476722925901413 0.508975028991699 0.544530868530273 0.571758329868317 0.548229575157166 0.571646928787231 0.618479371070862 0.604330003261566 0.669344663619995 0.661683797836304 0.661194682121277 0.721722662448883 0.724813938140869 0.724694311618805 0.791700661182404 0.792385160923004 0.798310816287994 0.800482869148254 0.806672990322113 0.813982963562012 0.821482539176941 0.831331968307495 0.846345782279968 0.800711691379547 0.867700159549713 0.810002744197845 0.81310760974884 0.864369571208954 0.873968958854675 0.876877248287201 0.918346583843231 0.918320715427399 0.908683955669403 0.906615197658539 0.886134207248688 0.916792213916779 0.914796590805054 0.946918249130249 0.936449527740479 0.941912412643433 0.879004538059235 0.886178731918335 0.797372817993164 0.804525136947632 0.802897989749908 0.69987815618515
0.492136090993881 0.601972818374634 0.596083581447601 0.602794110774994 0.618534684181213 0.601307570934296 0.600097715854645 0.582168400287628 0.633643209934235 0.630450546741486 0.624939441680908 0.687732696533203 0.688810348510742 0.692112863063812 0.758820712566376 0.769958555698395 0.777112483978271 0.788518488407135 0.849085688591003 0.854098677635193 0.860469222068787 0.868379533290863 0.874270617961884 0.874488115310669 0.879820764064789 0.888716518878937 0.929035365581512 0.930956900119781 0.933668792247772 0.961934506893158 0.963675975799561 0.965418040752411 0.982784986495972 0.981282353401184 0.979565560817719 0.977151453495026 0.975987613201141 0.972424507141113 0.968105256557465 0.953934013843536 0.947668731212616 0.943977296352386 0.874271035194397 0.873312711715698 0.780248165130615 0.774972081184387 0.772620141506195 0.652080237865448
0.535708844661713 0.59549468755722 0.59549468755722 0.58974015712738 0.574810683727264 0.558341681957245 0.609776020050049 0.598650276660919 0.592759668827057 0.662805318832397 0.656611919403076 0.661237895488739 0.747608006000519 0.741565823554993 0.752271413803101 0.827320158481598 0.839814484119415 0.84332811832428 0.89285945892334 0.895877480506897 0.900008857250214 0.939682304859161 0.943427383899689 0.944722652435303 0.970415771007538 0.970165550708771 0.970719277858734 0.988209307193756 0.98434978723526 0.982740700244904 0.983839452266693 0.940776705741882 0.909724712371826 0.912783980369568 0.919919550418854 0.92666220664978 0.815186679363251 0.936658799648285 0.929628014564514 0.918012917041779 0.902851998806 0.891407549381256 0.879556000232697 0.875993847846985 0.778461933135986 0.780555546283722 0.77875280380249 0.662455320358276
0.588140547275543 0.595367431640625 0.595933258533478 0.597105205059052 0.651952147483826 0.637372076511383 0.622303545475006 0.62170273065567 0.621021449565887 0.69369500875473 0.700101852416992 0.723884999752045 0.801643311977386 0.86397111415863 0.92385870218277 0.922721445560455 0.957937777042389 0.956947922706604 0.955260396003723 0.976486325263977 0.977760851383209 0.986887753009796 0.959832787513733 0.946668744087219 0.928366303443909 0.959111392498016 0.979747474193573 0.917227447032928 0.862781584262848 0.65992945432663 0.638644695281982 0.63226729631424 0.552350997924805 0.650519847869873 0.669921696186066 0.758996307849884 0.77696692943573 0.843554556369781 0.848542332649231 0.860086858272552 0.853751242160797 0.848791658878326 0.827802181243896 0.810059368610382 0.802501678466797 0.803339004516602 0.690678954124451 0.690842270851135
0.784456729888916 0.782754898071289 0.783089995384216 0.688957035541534 0.656149804592133 0.642526686191559 0.641525864601135 0.71600741147995 0.719491422176361 0.738272190093994 0.821442246437073 0.931569814682007 0.93220591545105 0.971951127052307 0.949894785881042 0.949655711650848 0.915578663349152 0.908662438392639 0.912442326545715 0.896877706050873 0.911090910434723 0.795471787452698 0.776586472988129 0.735836327075958 0.743555009365082 0.774653673171997 0.74151611328125 0.80530309677124 0.722199678421021 0.759544193744659 0.81270694732666 0.798107862472534 0.808548331260681 0.876393914222717 0.879138648509979 0.877048075199127 0.868989944458008 0.931687891483307 0.927485227584839 0.856579899787903 0.856597423553467 0.750499784946442 0.741710960865021 0.735445201396942 0.728368103504181 0.718088507652283 0.694733560085297 0.687181174755096
0.68163675069809 0.680920839309692 0.674423396587372 0.66523140668869 0.668121695518494 0.735486328601837 0.747573673725128 0.754859983921051 0.818827152252197 0.883647620677948 0.961840987205505 0.945253133773804 0.928000271320343 0.874681770801544 0.939420819282532 0.971522271633148 0.975725054740906 0.980987250804901 0.977544546127319 0.975018262863159 0.975246608257294 0.950786232948303 0.742769122123718 0.738939106464386 0.866811096668243 0.902500748634338 0.895811796188354 0.914811611175537 0.836194932460785 0.820276200771332 0.889165639877319 0.870424926280975 0.884771287441254 0.883443534374237 0.876139104366302 0.866253316402435 0.857439696788788 0.921934545040131 0.912069141864777 0.906552731990814 0.81979101896286 0.814883649349213 0.813452780246735 0.81714916229248 0.709535241127014 0.707805216312408 0.715606212615967 0.603189945220947
0.689484417438507 0.765909135341644 0.758039474487305 0.772878289222717 0.837161958217621 0.894936442375183 0.893216848373413 0.888718128204346 0.888223767280579 0.927843034267426 0.960058271884918 0.96203476190567 0.96689635515213 0.97164398431778 0.978999137878418 0.977213323116302 0.977030217647552 0.989338576793671 0.973479509353638 0.959263324737549 0.867859363555908 0.813980162143707 0.855972230434418 0.668337106704712 0.712903082370758 0.896203339099884 0.954355537891388 0.953042507171631 0.953102588653564 0.949940741062164 0.949618995189667 0.884075284004211 0.881431996822357 0.878890514373779 0.877096772193909 0.872304320335388 0.860535681247711 0.917181015014648 0.832533955574036 0.832279622554779 0.745430171489716 0.750496983528137 0.747243106365204 0.626960694789886 0.623789250850677 0.617922008037567 0.611370265483856 0.606587946414948
0.843346178531647 0.839026033878326 0.836261093616486 0.896822571754456 0.936607420444489 0.894225716590881 0.885417222976685 0.886716544628143 0.932727158069611 0.979697525501251 0.972870349884033 0.980692803859711 0.978934347629547 0.955977141857147 0.975780546665192 0.977498829364777 0.989346265792847 0.990034580230713 0.982704222202301 0.97936224937439 0.981997549533844 0.983296811580658 0.902311027050018 0.942296266555786 0.952541589736938 0.94903701543808 0.950065076351166 0.948926389217377 0.945597290992737 0.945561587810516 0.942813456058502 0.87662273645401 0.877228975296021 0.874055504798889 0.866543292999268 0.853279829025269 0.846399784088135 0.846502304077148 0.845391094684601 0.743844091892242 0.75045108795166 0.642891943454742 0.577043890953064 0.502784252166748 0.539872169494629 0.521375417709351 0.569561302661896 0.567616045475006
0.943828523159027 0.965839624404907 0.956383466720581 0.933065474033356 0.931870579719543 0.929317355155945 0.926186859607697 0.926251649856567 0.92751681804657 0.95690381526947 0.95627236366272 0.955557405948639 0.97531270980835 0.97544127702713 0.98997038602829 0.981819987297058 0.988556623458862 0.989214777946472 0.985189259052277 0.984281599521637 0.984544217586517 0.953741729259491 0.983728468418121 0.981466770172119 0.980155944824219 0.94248753786087 0.943138480186462 0.939774513244629 0.94035941362381 0.872390031814575 0.872021019458771 0.872763574123383 0.863293170928955 0.857603788375854 0.857391595840454 0.862558782100677 0.764726042747498 0.769718766212463 0.763286471366882 0.751024127006531 0.746989607810974 0.637386620044708 0.633699417114258 0.605549037456512 0.321354478597641 0.24582839012146 0.195806562900543 0.221155077219009
0.870898306369781 0.911878108978271 0.972200751304626 0.977893054485321 0.960416615009308 0.959933340549469 0.958927810192108 0.957000017166138 0.957995474338531 0.978009641170502 0.977967202663422 0.977303326129913 0.97704005241394 0.978896200656891 0.988641619682312 0.988007426261902 0.987121105194092 0.986796438694 0.983035266399384 0.982558250427246 0.982152104377747 0.980771780014038 0.979555726051331 0.942409813404083 0.941560089588165 0.940414607524872 0.940545201301575 0.940077245235443 0.879304945468903 0.874669373035431 0.874094188213348 0.873738527297974 0.871956050395966 0.780336916446686 0.781572461128235 0.609956502914429 0.64874279499054 0.609025657176971 0.55306601524353 0.650376260280609 0.532759785652161 0.534298062324524 0.312351197004318 0.326218068599701 0.205803900957108 0.142919108271599 0.141486510634422 0.170332491397858
0.960555374622345 0.968829572200775 0.97772204875946 0.969781816005707 0.975212752819061 0.960077881813049 0.958890855312347 0.958409130573273 0.978209137916565 0.989903748035431 0.974867701530457 0.976535022258759 0.966810822486877 0.985975205898285 0.988390982151031 0.988405883312225 0.982623696327209 0.982227504253387 0.98034405708313 0.979942500591278 0.98011326789856 0.94096964597702 0.941985845565796 0.941307008266449 0.940718233585358 0.940876543521881 0.872478842735291 0.872866868972778 0.877067267894745 0.78498649597168 0.789247393608093 0.777651190757751 0.549513041973114 0.592765212059021 0.472993522882462 0.515607237815857 0.468232303857803 0.34671077132225 0.284199893474579 0.592919409275055 0.552664756774902 0.233506664633751 0.181446582078934 0.155729457736015 0.163040667772293 0.116498738527298 0.14581498503685 0.197458267211914
