data/climate_estimation/maxent_output/Fritillaria_graeca.asc
NCOLS 130 
NROWS 105 
XLLCORNER 14.8333333333333 
YLLCORNER 36.1666666666667 
CELLSIZE 0.0833333333333333 
NODATA_value -3.4e+38 
[rows 44 to 65 of 105, columns 0 to 50 of 130]
0.752264320850372 0.791731417179108 0.797587811946869 0.840895175933838 0.876392304897308 0.899609982967377 0.865704357624054 0.678273558616638 0.616280913352966 0.593071818351746 0.547889173030853 0.507416069507599 0.501724123954773 0.497305184602737 0.503920435905457 0.513583123683929 0.519584715366364 0.517739653587341 0.492520421743393 0.466482937335968 0.449293166399002 0.414766192436218 0.405019640922546 -3.4e+38 -3.4e+38 -3.4e+38 -3.4e+38 -3.4e+38 -3.4e+38 -3.4e+38 -3.4e+38 -3.4e+38 -3.4e+38 -3.4e+38 -3.4e+38 -3.4e+38 -3.4e+38 -3.4e+38 -3.4e+38 -3.4e+38 -3.4e+38 -3.4e+38 -3.4e+38 -3.4e+38 -3.4e+38 -3.4e+38 -3.4e+38 -3.4e+38 -3.4e+38 -3.4e+38 -3.4e+38
0.655295431613922 0.695021152496338 0.767971515655518 0.831259965896606 0.881890535354614 0.909738481044769 0.820591568946838 0.740810394287109 0.669042587280273 0.601515829563141 0.576912820339203 0.529287219047546 0.503243446350098 0.51000589132309 0.547629535198212 0.600952208042145 0.584262311458588 0.534221649169922 0.532181799411774 0.488978117704391 0.455657601356506 0.435444504022598 0.423158377408981 0.393972337245941 0.405518472194672 0.396877616643906 -3.4e+38 -3.4e+38 -3.4e+38 -3.4e+38 -3.4e+38 -3.4e+38 -3.4e+38 -3.4e+38 -3.4e+38 -3.4e+38 -3.4e+38 -3.4e+38 -3.4e+38 -3.4e+38 -3.4e+38 -3.4e+38 -3.4e+38 -3.4e+38 -3.4e+38 -3.4e+38 -3.4e+38 -3.4e+38 -3.4e+38 -3.4e+38 -3.4e+38
0.734836935997009 0.677813470363617 0.802960336208344 0.808192610740662 0.886057496070862 0.903873205184937 0.885609745979309 0.87520158290863 0.736052513122559 0.70330399274826 0.595814645290375 0.587117552757263 0.605996072292328 0.593147397041321 0.580890238285065 0.628544688224792 0.658282697200775 0.647968590259552 0.563656985759735 0.51104599237442 0.447279334068298 0.440429270267487 0.41115990281105 0.414171814918518 0.386168867349625 0.402028173208237 0.410930842161179 0.401886582374573 0.444229036569595 -3.4e+38 -3.4e+38 -3.4e+38 -3.4e+38 -3.4e+38 -3.4e+38 -3.4e+38 -3.4e+38 -3.4e+38 -3.4e+38 -3.4e+38 -3.4e+38 -3.4e+38 -3.4e+38 -3.4e+38 -3.4e+38 -3.4e+38 -3.4e+38 -3.4e+38 -3.4e+38 -3.4e+38 -3.4e+38
0.759048402309418 0.81269782781601 0.801699221134186 0.887428224086761 0.924684047698975 0.909951388835907 0.910266220569611 0.888458490371704 0.755144894123077 0.863124370574951 0.72527939081192 0.687775790691376 0.680674970149994 0.650138795375824 0.621370494365692 0.597129881381989 0.615056216716766 0.659030556678772 0.617636382579803 0.5530686378479 0.511423945426941 0.457913339138031 0.425590336322784 0.388744473457336 0.401063472032547 0.374256700277328 0.384048491716385 0.417342513799667 0.408105373382568 0.429291248321533 -3.4e+38 -3.4e+38 -3.4e+38 -3.4e+38 -3.4e+38 -3.4e+38 -3.4e+38 -3.4e+38 -3.4e+38 -3.4e+38 -3.4e+38 -3.4e+38 -3.4e+38 -3.4e+38 -3.4e+38 -3.4e+38 -3.4e+38 -3.4e+38 -3.4e+38 -3.4e+38 -3.4e+38
0.836078882217407 0.892197370529175 0.859647274017334 0.877898871898651 0.856636583805084 0.861848831176758 0.819610297679901 0.822352051734924 0.825594902038574 0.764707684516907 0.801259815692902 0.829261004924774 0.770292818546295 0.69527393579483 0.67914080619812 0.627835810184479 0.566930949687958 0.610364019870758 0.543956875801086 0.548252761363983 0.501580417156219 0.492744237184525 0.450543284416199 0.415026843547821 0.382721215486526 0.355303525924683 0.390123724937439 0.39348092675209 0.429144203662872 0.455865621566772 0.465058028697968 0.485188841819763 -3.4e+38 -3.4e+38 -3.4e+38 -3.4e+38 -3.4e+38 -3.4e+38 -3.4e+38 -3.4e+38 -3.4e+38 -3.4e+38 -3.4e+38 -3.4e+38 -3.4e+38 -3.4e+38 -3.4e+38 -3.4e+38 -3.4e+38 -3.4e+38 -3.4e+38
0.873841822147369 0.876821279525757 0.884595394134521 0.885036766529083 0.8692427277565 0.871264934539795 0.897645652294159 0.887819588184357 0.888296484947205 0.865491211414337 0.845398664474487 0.852157115936279 0.797087728977203 0.708000957965851 0.636203289031982 0.604751229286194 0.574180543422699 0.561095893383026 0.559935212135315 0.512490034103394 0.509549975395203 0.479858160018921 0.467464208602905 0.416345566511154 0.370849162340164 0.35505336523056 0.412877559661865 0.440370172262192 0.461185961961746 0.475174367427826 0.476253837347031 0.48859441280365 0.475187480449677 0.499988406896591 0.517985105514526 -3.4e+38 -3.4e+38 -3.4e+38 -3.4e+38 -3.4e+38 -3.4e+38 -3.4e+38 -3.4e+38 -3.4e+38 -3.4e+38 -3.4e+38 -3.4e+38 -3.4e+38 -3.4e+38 -3.4e+38 -3.4e+38
0.665086448192596 0.718358933925629 0.875645518302917 0.885547041893005 0.774550914764404 0.86211770772934 0.880951821804047 0.877251207828522 0.79650741815567 0.828759729862213 0.839302122592926 0.828899443149567 0.826392233371735 0.792321085929871 0.689162909984589 0.604735910892487 0.619725704193115 0.540094971656799 0.538316309452057 0.525607168674469 0.510242521762848 0.501359164714813 0.477693945169449 0.431022375822067 0.38794669508934 0.375856846570969 0.403534084558487 0.464308559894562 0.498953461647034 0.50683856010437 0.51382714509964 0.473578006029129 0.50035172700882 0.509531497955322 0.529808163642883 0.537523508071899 0.542666614055634 0.52574235200882 -3.4e+38 -3.4e+38 -3.4e+38 -3.4e+38 -3.4e+38 -3.4e+38 -3.4e+38 -3.4e+38 -3.4e+38 -3.4e+38 -3.4e+38 -3.4e+38 -3.4e+38
0.452265232801437 0.484443962574005 0.627081274986267 0.610253274440765 0.647468090057373 0.66240394115448 0.756575345993042 0.791164577007294 0.864141166210175 0.849050760269165 0.836966216564178 0.844128370285034 0.828084051609039 0.811746299266815 0.812372922897339 0.733587026596069 0.637723624706268 0.61556738615036 0.576982975006104 0.539287209510803 0.48599711060524 0.498384386301041 0.521593272686005 0.477605521678925 0.448332160711288 0.45449435710907 0.447468161582947 0.465328186750412 0.524908542633057 0.537183523178101 0.515172064304352 0.514188587665558 0.503389000892639 0.517615735530853 0.531838893890381 0.533532559871674 0.554976403713226 0.563238143920898 0.565992474555969 -3.4e+38 -3.4e+38 -3.4e+38 -3.4e+38 -3.4e+38 -3.4e+38 -3.4e+38 -3.4e+38 -3.4e+38 -3.4e+38 -3.4e+38 -3.4e+38
0.426732629537582 0.450440257787704 0.510909974575043 0.521346628665924 0.751353561878204 0.864544749259949 0.844821155071259 0.799126327037811 0.860328555107117 0.861088395118713 0.836577713489532 0.839257955551147 0.864638090133667 0.838564395904541 0.823003232479095 0.814842462539673 0.754648387432098 0.673402667045593 0.653925716876984 0.620099604129791 0.58811891078949 0.494608789682388 0.479775309562683 0.482062667608261 0.478928714990616 0.46485760807991 0.558321416378021 0.586066484451294 0.612072467803955 0.535656332969666 0.507075726985931 0.500481605529785 0.497044712305069 0.534146428108215 0.533551812171936 0.553212523460388 0.561004757881165 0.585028052330017 0.5531867146492 0.555420637130737 -3.4e+38 -3.4e+38 -3.4e+38 -3.4e+38 -3.4e+38 -3.4e+38 -3.4e+38 -3.4e+38 -3.4e+38 -3.4e+38 -3.4e+38
-3.4e+38 0.454090476036072 0.517738997936249 0.702869057655334 0.676349461078644 0.823232889175415 0.888960540294647 0.858611822128296 0.819261193275452 0.871680915355682 0.857217669487 0.852109968662262 0.866825520992279 0.873888611793518 0.859533309936523 0.854044556617737 0.838106870651245 0.685020208358765 0.641892910003662 0.58997654914856 0.580917537212372 0.542216837406158 0.52197927236557 0.495903581380844 0.4797003865242 0.506739020347595 -3.4e+38 -3.4e+38 0.706177651882172 0.694545924663544 0.52434116601944 0.498200327157974 0.522033333778381 0.5206498503685 0.557354807853699 0.573753297328949 0.551490128040314 0.561757683753967 0.566665828227997 0.561743557453156 0.554450929164886 -3.4e+38 -3.4e+38 -3.4e+38 -3.4e+38 -3.4e+38 -3.4e+38 -3.4e+38 -3.4e+38 -3.4e+38 -3.4e+38
-339999999999999996123846586046231871488.000000000000000 0.506658554077148 0.551307678222656 0.752893626689911 0.791100382804871 0.734822690486908 0.862851619720459 0.877068281173706 0.84874427318573 0.860857963562012 0.861562252044678 0.873720288276672 0.852177858352661 0.884630680084229 0.8885657787323 0.860125362873077 0.816621541976929 0.737684011459351 0.682505249977112 0.624733865261078 0.581389904022217 0.59817373752594 0.586471438407898 0.543291628360748 0.523512661457062 -3.4e+38 -3.4e+38 -3.4e+38 0.691924810409546 0.660734057426453 0.611342251300812 0.590840101242065 0.572356045246124 0.564527213573456 0.558650374412537 0.56183648109436 0.576349139213562 0.575027048587799 0.567117691040039 0.569553554058075 0.592371702194214 0.592545509338379 0.564269661903381 -3.4e+38 -3.4e+38 -3.4e+38 -3.4e+38 -3.4e+38 -3.4e+38 -3.4e+38 -3.4e+38
0.517377078533173 0.582794785499573 0.705452561378479 0.607930362224579 0.77220606803894 0.847903311252594 0.870335936546326 0.844887852668762 0.863866150379181 0.833371639251709 0.895818710327148 0.886686682701111 0.869435846805573 0.903315782546997 0.894819676876068 0.864032745361328 0.790338575839996 0.730895638465881 0.755935430526733 0.677298903465271 0.648065268993378 0.626416444778442 0.584101796150208 0.577302575111389 -3.4e+38 -3.4e+38 -3.4e+38 -3.4e+38 -3.4e+38 -3.4e+38 -3.4e+38 0.571924149990082 0.567144870758057 0.572810649871826 0.578677594661713 0.573499619960785 0.566787421703339 0.556984961032867 0.554430246353149 0.541507601737976 0.579520344734192 0.600598573684692 0.638114869594574 0.621159672737122 -3.4e+38 -3.4e+38 -3.4e+38 -3.4e+38 -3.4e+38 -3.4e+38 -3.4e+38
0.498396575450897 0.565620362758636 0.681492626667023 0.591183662414551 0.620500922203064 0.851000964641571 0.86515599489212 0.844387412071228 0.797501444816589 0.882704138755798 0.89342850446701 0.89746505022049 0.907094061374664 0.900094389915466 0.910451054573059 0.907389044761658 0.887169659137726 0.796020269393921 0.848564207553864 0.780649662017822 0.713442087173462 0.635062634944916 0.57149600982666 -3.4e+38 -3.4e+38 -3.4e+38 -3.4e+38 -3.4e+38 -3.4e+38 -3.4e+38 -3.4e+38 -3.4e+38 -3.4e+38 -3.4e+38 -3.4e+38 -3.4e+38 0.5621417760849 0.589763939380646 0.564232289791107 0.597925126552582 0.619693040847778 0.64205676317215 0.636149108409882 0.622123539447784 -3.4e+38 -3.4e+38 -3.4e+38 -3.4e+38 -3.4e+38 -3.4e+38 -3.4e+38
-3.4e+38 -3.4e+38 -3.4e+38 0.505168080329895 0.635660290718079 0.757579982280731 0.661864459514618 0.674886882305145 0.707355439662933 0.80306088924408 0.902261912822723 0.902772963047028 0.915684998035431 0.920370280742645 0.936271250247955 0.931272745132446 0.871336281299591 0.841269910335541 0.81137228012085 0.889542877674103 0.799738764762878 0.646964013576508 0.623277127742767 -3.4e+38 -3.4e+38 -3.4e+38 -3.4e+38 -3.4e+38 -3.4e+38 -3.4e+38 -3.4e+38 -3.4e+38 -3.4e+38 -3.4e+38 -3.4e+38 -3.4e+38 -3.4e+38 0.611743450164795 0.62890762090683 0.625449359416962 0.647241294384003 0.70123964548111 0.709417700767517 0.692578494548798 -3.4e+38 -3.4e+38 -3.4e+38 -3.4e+38 -3.4e+38 -3.4e+38 -3.4e+38
-3.4e+38 -3.4e+38 -3.4e+38 -3.4e+38 -3.4e+38 0.560988962650299 0.725380659103394 0.794994711875916 0.538700640201569 0.683067202568054 0.86666214466095 0.820418357849121 0.911862730979919 0.930915534496307 0.941139578819275 0.946829736232758 0.92199969291687 0.939328849315643 0.929196655750275 0.886208295822144 0.887711882591248 0.749348878860474 -3.4e+38 -3.4e+38 -3.4e+38 -3.4e+38 -3.4e+38 -3.4e+38 -3.4e+38 -3.4e+38 -3.4e+38 -3.4e+38 -3.4e+38 -3.4e+38 -3.4e+38 -3.4e+38 -3.4e+38 0.624557197093964 0.627433478832245 0.694443762302399 0.718762457370758 0.721143424510956 0.783027768135071 0.754888117313385 -3.4e+38 -3.4e+38 -3.4e+38 -3.4e+38 -3.4e+38 -3.4e+38 -3.4e+38
-3.4e+38 -3.4e+38 -3.4e+38 -3.4e+38 -3.4e+38 -3.4e+38 0.46336755156517 0.469307988882065 -3.4e+38 -3.4e+38 0.718302369117737 0.784409880638123 0.91713935136795 0.877659797668457 0.899154484272003 0.91250878572464 0.854799926280975 0.91838926076889 0.941369116306305 0.948649168014526 0.838239252567291 0.675758183002472 -3.4e+38 -3.4e+38 -3.4e+38 -3.4e+38 -3.4e+38 -3.4e+38 -3.4e+38 -3.4e+38 -3.4e+38 -3.4e+38 -3.4e+38 -3.4e+38 -3.4e+38 -3.4e+38 -3.4e+38 -3.4e+38 0.683807194232941 0.705688893795013 0.774909436702728 0.792135119438171 0.818959295749664 0.69316154718399 -3.4e+38 -3.4e+38 -3.4e+38 -3.4e+38 -3.4e+38 -3.4e+38 -3.4e+38
-3.4e+38 -3.4e+38 -3.4e+38 -3.4e+38 -3.4e+38 -3.4e+38 -3.4e+38 -3.4e+38 -3.4e+38 -3.4e+38 -3.4e+38 0.767166256904602 0.890235662460327 0.906441986560822 0.915805518627167 0.913109600543976 0.901273787021637 0.939688265323639 0.94969367980957 0.907581031322479 0.716712355613708 0.652878880500793 -3.4e+38 -3.4e+38 -3.4e+38 -3.4e+38 -3.4e+38 -3.4e+38 -3.4e+38 -3.4e+38 -3.4e+38 -3.4e+38 -3.4e+38 -3.4e+38 -3.4e+38 -3.4e+38 -3.4e+38 -3.4e+38 0.690662324428558 0.734112441539764 0.772086262702942 0.824684262275696 0.847222089767456 -3.4e+38 -3.4e+38 -3.4e+38 -3.4e+38 -3.4e+38 -3.4e+38 -3.4e+38 -3.4e+38
-3.4e+38 -3.4e+38 -3.4e+38 -3.4e+38 -3.4e+38 -3.4e+38 -3.4e+38 -3.4e+38 -3.4e+38 -3.4e+38 -3.4e+38 0.538026928901672 0.734595119953156 0.892436981201172 0.878078877925873 0.923544526100159 0.866951107978821 0.87583726644516 0.787277162075043 0.620062530040741 0.654678225517273 -3.4e+38 -3.4e+38 -3.4e+38 -3.4e+38 -3.4e+38 -3.4e+38 -3.4e+38 -3.4e+38 -3.4e+38 -3.4e+38 -3.4e+38 -3.4e+38 -3.4e+38 -3.4e+38 -3.4e+38 -3.4e+38 -3.4e+38 -3.4e+38 -3.4e+38 -3.4e+38 0.842127025127411 0.85109931230545 -3.4e+38 -3.4e+38 -3.4e+38 -3.4e+38 -3.4e+38 -3.4e+38 -3.4e+38 -3.4e+38
-3.4e+38 -3.4e+38 -3.4e+38 -3.4e+38 -3.4e+38 -3.4e+38 -3.4e+38 -3.4e+38 -3.4e+38 -3.4e+38 -3.4e+38 0.512835502624512 0.821324110031128 0.902390241622925 0.909631550312042 0.896418690681458 0.738921582698822 0.671872496604919 0.699968338012695 0.661826968193054 0.650036752223969 -3.4e+38 -3.4e+38 -3.4e+38 -3.4e+38 -3.4e+38 -3.4e+38 -3.4e+38 -3.4e+38 -3.4e+38 -3.4e+38 -3.4e+38 -3.4e+38 -3.4e+38 -3.4e+38 -3.4e+38 -3.4e+38 -3.4e+38 -3.4e+38 -3.4e+38 -3.4e+38 -3.4e+38 -3.4e+38 -3.4e+38 -3.4e+38 -3.4e+38 -3.4e+38 -3.4e+38 -3.4e+38 -3.4e+38 -3.4e+38
-3.4e+38 -3.4e+38 -3.4e+38 -3.4e+38 -3.4e+38 -3.4e+38 -3.4e+38 -3.4e+38 -3.4e+38 -3.4e+38 -3.4e+38 -3.4e+38 0.757974684238434 0.888962805271149 0.835923373699188 0.723942518234253 0.683414995670319 0.752337396144867 0.749184727668762 0.752314269542694 0.711687028408051 0.701121747493744 0.705066502094269 0.672385513782501 -3.4e+38 -3.4e+38 -3.4e+38 -3.4e+38 -3.4e+38 -3.4e+38 -3.4e+38 -3.4e+38 -3.4e+38 -3.4e+38 -3.4e+38 -3.4e+38 -3.4e+38 -3.4e+38 -3.4e+38 -3.4e+38 -3.4e+38 -3.4e+38 -3.4e+38 -3.4e+38 -3.4e+38 -3.4e+38 -3.4e+38 -3.4e+38 -3.4e+38 -3.4e+38 -3.4e+38
-3.4e+38 -3.4e+38 -3.4e+38 -3.4e+38 -3.4e+38 -3.4e+38 -3.4e+38 -3.4e+38 -3.4e+38 -3.4e+38 -3.4e+38 -3.4e+38 0.697932958602905 0.856082260608673 0.905014038085938 0.8258216381073 0.699120104312897 0.839811146259308 0.950850963592529 0.96568101644516 0.973178744316101 0.965556979179382 0.862688958644867 0.79778528213501 0.688391447067261 0.658531010150909 -3.4e+38 -3.4e+38 -3.4e+38 -3.4e+38 -3.4e+38 -3.4e+38 -3.4e+38 -3.4e+38 -3.4e+38 -3.4e+38 -3.4e+38 -3.4e+38 -3.4e+38 -3.4e+38 -3.4e+38 -3.4e+38 -3.4e+38 -3.4e+38 -3.4e+38 -3.4e+38 -3.4e+38 -3.4e+38 -3.4e+38 -3.4e+38 -3.4e+38
-3.4e+38 -3.4e+38 -3.4e+38 -3.4e+38 -3.4e+38 -3.4e+38 -3.4e+38 -3.4e+38 -3.4e+38 -3.4e+38 -3.4e+38 -3.4e+38 -3.4e+38 0.696495473384857 0.901322245597839 0.876847743988037 0.688547611236572 0.885989606380463 0.955339252948761 0.951652228832245 0.930397689342499 0.960182964801788 0.973588287830353 0.95455938577652 0.885345995426178 0.734433948993683 0.672913670539856 0.654774367809296 -3.4e+38 -3.4e+38 -3.4e+38 -3.4e+38 -3.4e+38 -3.4e+38 -3.4e+38 -3.4e+38 -3.4e+38 -3.4e+38 -3.4e+38 -3.4e+38 -3.4e+38 -3.4e+38 -3.4e+38 -3.4e+38 -3.4e+38 -3.4e+38 -3.4e+38 -3.4e+38 -3.4e+38 -3.4e+38 -3.4e+38
