data/climate_estimation/maxent_output/Fritillaria_crassifolia.asc
NCOLS 228 
NROWS 92 
XLLCORNER 29.1666666666667 
YLLCORNER 32.8333333333333 
CELLSIZE 0.0833333333333333 
NODATA_value -3.4e+38 
[rows 21 to 41 of 92, columns 141 to 187 of 228]
0.999475657939911 0.998055338859558 0.996499538421631 0.993755757808685 0.997224152088165 0.998832821846008 0.998111724853516 0.985790908336639 0.980280816555023 0.974504232406616 0.980148792266846 0.985857844352722 0.994059026241302 0.997680902481079 0.998997509479523 0.999390125274658 0.999201238155365 0.998175501823425 0.997858345508575 0.997563362121582 0.996797025203705 0.996036410331726 0.996057748794556 0.994455218315125 0.994495689868927 0.9942467212677 0.992938220500946 0.993581771850586 0.99235212802887 0.989822387695312 0.990446448326111 0.988288938999176 0.986743927001953 0.987835109233856 0.989441931247711 0.99221283197403 0.990386962890625 0.986920177936554 0.984908580780029 0.988212704658508 0.996167719364166 0.996221423149109 0.997041642665863 0.997329950332642 0.994458794593811 0.991097688674927 0.991851449012756
0.997879564762115 0.991299450397491 0.991056382656097 0.995294392108917 0.998127996921539 0.99765682220459 0.999096691608429 0.998666167259216 0.998589158058167 0.997143507003784 0.991590082645416 0.988925457000732 0.985933601856232 0.990736424922943 0.996374368667603 0.999660313129425 0.999542593955994 0.998788774013519 0.997928380966187 0.997471213340759 0.996719121932983 0.997287154197693 0.997221887111664 0.996428728103638 0.996329605579376 0.995566070079803 0.994600772857666 0.994789361953735 0.995164334774017 0.995280504226685 0.9952512383461 0.993245422840118 0.991041362285614 0.991778373718262 0.990744948387146 0.987455070018768 0.986003518104553 0.987066209316254 0.989405751228333 0.991289377212524 0.99690717458725 0.997073888778687 0.997708678245544 0.997954785823822 0.995642960071564 0.988533020019531 0.973381876945496
0.922657370567322 0.943861424922943 0.983024954795837 0.990919589996338 0.998303711414337 0.98799991607666 0.99917608499527 0.998635947704315 0.994919240474701 0.990253925323486 0.992725074291229 0.998523831367493 0.998370587825775 0.99721497297287 0.998677551746368 0.999553203582764 0.99904078245163 0.998346388339996 0.998202383518219 0.998432695865631 0.997853934764862 0.996942639350891 0.99670284986496 0.996832191944122 0.996590733528137 0.995945990085602 0.996687650680542 0.996676862239838 0.996646046638489 0.996718347072601 0.996708989143372 0.997452139854431 0.997513294219971 0.995947301387787 0.996350169181824 0.994389355182648 0.995312094688416 0.996016144752502 0.99386727809906 0.992671012878418 0.996184110641479 0.998272597789764 0.998195111751556 0.998711466789246 0.998063385486603 0.991497874259949 0.973809480667114
0.827177166938782 0.795177698135376 0.91806173324585 0.952463984489441 0.956367671489716 0.982030689716339 0.98859828710556 0.99318939447403 0.999229788780212 0.997161090373993 0.98891681432724 0.995797872543335 0.998302340507507 0.999685883522034 0.999431312084198 0.999501645565033 0.999560654163361 0.999480128288269 0.999443233013153 0.999045193195343 0.998900830745697 0.997822761535645 0.998744428157806 0.998406291007996 0.997782826423645 0.997720062732697 0.997928321361542 0.997962176799774 0.998339593410492 0.998169302940369 0.998344480991364 0.998957335948944 0.998496413230896 0.998724222183228 0.997856795787811 0.997403740882874 0.997010886669159 0.997790038585663 0.996888995170593 0.996979296207428 0.997716188430786 0.994971692562103 0.994924604892731 0.994763433933258 0.995619356632233 0.988346636295319 0.978392899036407
0.828697621822357 0.788137555122375 0.834571480751038 0.833832263946533 0.941322922706604 0.966740369796753 0.961785495281219 0.999013304710388 0.99919056892395 0.993330657482147 0.985724747180939 0.998360514640808 0.999355256557465 0.998523652553558 0.998741388320923 0.999720096588135 0.999660670757294 0.999859690666199 0.999782979488373 0.999651432037354 0.9992436170578 0.999445021152496 0.99954879283905 0.999179720878601 0.998052060604095 0.997982442378998 0.997957050800323 0.998466372489929 0.999171912670135 0.9991255402565 0.998758673667908 0.99842768907547 0.998408496379852 0.998131215572357 0.997524559497833 0.9965700507164 0.998201310634613 0.998875260353088 0.998874723911285 0.998947978019714 0.998810827732086 0.9988774061203 0.999198257923126 0.999202728271484 0.998609125614166 0.997027993202209 0.982638776302338
0.844613313674927 0.805251955986023 0.798095285892487 0.805825293064117 0.820179402828217 0.909958779811859 0.987696051597595 0.982325911521912 0.985692739486694 0.977660059928894 0.987716853618622 0.999025285243988 0.998622238636017 0.998170614242554 0.996523022651672 0.998939514160156 0.999479413032532 0.999611973762512 0.999620676040649 0.999052345752716 0.999761939048767 0.999806046485901 0.999847531318665 0.999757766723633 0.998960316181183 0.999258100986481 0.999320089817047 0.99927282333374 0.998805820941925 0.998926639556885 0.998757839202881 0.999564826488495 0.999155044555664 0.998822033405304 0.998515725135803 0.998410761356354 0.999319732189178 0.999574363231659 0.99956351518631 0.999350309371948 0.998502969741821 0.999318480491638 0.999299764633179 0.99897289276123 0.99810528755188 0.992631793022156 0.984106063842773
0.894910037517548 0.815275847911835 0.67651754617691 0.648532569408417 0.732418656349182 0.844103157520294 0.850436747074127 0.856444358825684 0.912555992603302 0.955071568489075 0.965869009494781 0.962654948234558 0.976639926433563 0.99499499797821 0.999074339866638 0.999652564525604 0.999776661396027 0.997973263263702 0.996686697006226 0.999697983264923 0.999879062175751 0.999894618988037 0.999871432781219 0.999877095222473 0.999894738197327 0.999852359294891 0.999839842319489 0.999792695045471 0.999785482883453 0.999758303165436 0.999588012695312 0.999416410923004 0.999659657478333 0.999663174152374 0.999237835407257 0.999333202838898 0.999746263027191 0.999800443649292 0.999472081661224 0.999131977558136 0.99930214881897 0.99978494644165 0.999598205089569 0.998119413852692 0.994622886180878 0.98223888874054 0.974241018295288
0.688204407691956 0.751446485519409 0.724826812744141 0.599869906902313 0.630708575248718 0.669206559658051 0.671019911766052 0.671285510063171 0.833564519882202 0.786591351032257 0.854545593261719 0.952256977558136 0.909758687019348 0.97691822052002 0.997952997684479 0.999273717403412 0.999446392059326 0.994109213352203 0.998115181922913 0.999257981777191 0.999756991863251 0.999868214130402 0.999531090259552 0.99987804889679 0.999896585941315 0.999874114990234 0.999871134757996 0.999843239784241 0.999838411808014 0.99977433681488 0.999735176563263 0.999806106090546 0.99978494644165 0.999711453914642 0.999671161174774 0.99980491399765 0.999807596206665 0.999541997909546 0.999335765838623 0.999240934848785 0.999687612056732 0.999796271324158 0.999461472034454 0.998810708522797 0.992183327674866 0.988472700119019 0.983380198478699
0.617527604103088 0.618520557880402 0.568116128444672 0.59052300453186 0.629674077033997 0.599614799022675 0.610096335411072 0.670541048049927 0.827028632164001 0.781282067298889 0.721312999725342 0.82926207780838 0.792102694511414 0.880715787410736 0.977803587913513 0.9980548620224 0.981461822986603 0.996678471565247 0.999808311462402 0.999131381511688 0.999138236045837 0.999712646007538 0.999756455421448 0.999938189983368 0.999926745891571 0.999804437160492 0.999873995780945 0.999860167503357 0.999852180480957 0.999750971794128 0.999882221221924 0.999876141548157 0.999877691268921 0.999856531620026 0.999849379062653 0.999913573265076 0.999905109405518 0.999624133110046 0.9994797706604 0.999726533889771 0.999837756156921 0.999890923500061 0.999695777893066 0.998872518539429 0.998526513576508 0.99908035993576 0.998422205448151
0.567459106445312 0.569153904914856 0.511027336120605 0.648246109485626 0.571481585502625 0.563412427902222 0.603922545909882 0.644856870174408 0.693568289279938 0.695303857326508 0.656584799289703 0.689308285713196 0.860006392002106 0.915234208106995 0.821029901504517 0.911715269088745 0.965691447257996 0.982211053371429 0.992874145507812 0.982806324958801 0.993621826171875 0.998810648918152 0.999782145023346 0.999942123889923 0.999844610691071 0.999750316143036 0.999952614307404 0.999947726726532 0.999919772148132 0.999853372573853 0.999859035015106 0.999869227409363 0.999876141548157 0.999936401844025 0.999953508377075 0.999931931495667 0.9998459815979 0.999686300754547 0.999739646911621 0.999890208244324 0.999901473522186 0.999792635440826 0.999719858169556 0.999667108058929 0.999573945999146 0.999089062213898 0.999072134494781
0.50679612159729 0.47196888923645 0.491062939167023 0.560036242008209 0.639014601707458 0.572542905807495 0.614425837993622 0.654817581176758 0.862237274646759 0.806826829910278 0.612442195415497 0.718363046646118 0.802802324295044 0.754836618900299 0.955929696559906 0.9894118309021 0.972425997257233 0.997822821140289 0.998164653778076 0.99933248758316 0.999710083007812 0.999691665172577 0.997673273086548 0.999755084514618 0.999514758586884 0.999802529811859 0.999935328960419 0.999946355819702 0.999965071678162 0.99994283914566 0.99992710351944 0.999924302101135 0.999927759170532 0.999945104122162 0.999947309494019 0.999949514865875 0.999919533729553 0.999894201755524 0.999774575233459 0.999939322471619 0.999903857707977 0.999954640865326 0.999947130680084 0.999838352203369 0.999149024486542 0.999011158943176 0.99958723783493
0.468003123998642 0.481722772121429 0.557638883590698 0.630312085151672 0.698512494564056 0.745987415313721 0.615015387535095 0.506787002086639 0.55819183588028 0.650410532951355 0.541628479957581 0.679836988449097 0.701342284679413 0.792691290378571 0.84406590461731 0.929724514484406 0.989525496959686 0.998071491718292 0.9998379945755 0.99997478723526 0.99984073638916 0.998674929141998 0.999584138393402 0.999906420707703 0.999936103820801 0.99995493888855 0.999979972839355 0.999948740005493 0.999965250492096 0.999973952770233 0.999966502189636 0.999971389770508 0.999975800514221 0.999976217746735 0.999972403049469 0.99997752904892 0.999964654445648 0.999935150146484 0.99989128112793 0.999935984611511 0.999961733818054 0.999969482421875 0.999965071678162 0.99992311000824 0.999227404594421 0.999195516109467 0.999757945537567
0.555897295475006 0.569031596183777 0.569852769374847 0.54026734828949 0.549477756023407 0.572357714176178 0.582912683486938 0.642893016338348 0.683345794677734 0.636151313781738 0.558119893074036 0.706171214580536 0.869427978992462 0.953048169612885 0.979712665081024 0.996205806732178 0.994991064071655 0.996406853199005 0.998724162578583 0.999050438404083 0.998909711837769 0.993830919265747 0.996274411678314 0.999729037284851 0.999845921993256 0.999967336654663 0.99997889995575 0.999980747699738 0.999972760677338 0.999955594539642 0.999969065189362 0.999974429607391 0.999984979629517 0.99998015165329 0.99994570016861 0.99986743927002 0.999887108802795 0.999860823154449 0.999951124191284 0.999971807003021 0.999977707862854 0.99997490644455 0.999956786632538 0.999894618988037 0.999714553356171 0.998186767101288 0.997990727424622
0.698139369487762 0.770231306552887 0.780326068401337 0.771020829677582 0.697876155376434 0.811146318912506 0.728772938251495 0.892162024974823 0.822345614433289 0.78250640630722 0.644566297531128 0.645134568214417 0.757646858692169 0.87993061542511 0.905699670314789 0.993881225585938 0.991060972213745 0.976634442806244 0.984800457954407 0.975449681282043 0.952946305274963 0.987664937973022 0.99633526802063 0.999405562877655 0.999967992305756 0.999975204467773 0.999890089035034 0.999874472618103 0.999962568283081 0.999983906745911 0.99997889995575 0.999884843826294 0.999986171722412 0.999970257282257 0.999848604202271 0.999703466892242 0.999978363513947 0.999980509281158 0.999945998191833 0.999972522258759 0.999980807304382 0.999970674514771 0.999976098537445 0.999970734119415 0.999961972236633 0.999705672264099 0.998633682727814
0.812509953975677 0.842327237129211 0.82800418138504 0.778947591781616 0.761650383472443 0.754899799823761 0.811319231987 0.819747567176819 0.779533088207245 0.771881520748138 0.681812584400177 0.556530833244324 0.812277913093567 0.927566111087799 0.978875041007996 0.929877460002899 0.681934058666229 0.869828462600708 0.988207399845123 0.979876220226288 0.916260242462158 0.993009030818939 0.999837040901184 0.999980986118317 0.999911546707153 0.999455332756042 0.997100234031677 0.999889552593231 0.999987065792084 0.99994570016861 0.999759674072266 0.999477744102478 0.999859035015106 0.999781012535095 0.999932527542114 0.999988198280334 0.999988555908203 0.999988317489624 0.999984264373779 0.999948263168335 0.999962747097015 0.999974429607391 0.999981760978699 0.999980688095093 0.99995344877243 0.999961197376251 0.999234676361084
0.819267213344574 0.801632344722748 0.766753196716309 0.741171896457672 0.714295625686646 0.731582283973694 0.714118957519531 0.730973899364471 0.725570738315582 0.697113037109375 0.668792843818665 0.596346497535706 0.579332709312439 0.729629993438721 0.84378707408905 0.730776369571686 0.556680619716644 0.781644642353058 0.871340155601501 0.952402770519257 0.952772438526154 0.922557294368744 0.963306427001953 0.998230814933777 0.999860048294067 0.99965500831604 0.994281530380249 0.998923659324646 0.999982357025146 0.999955892562866 0.99889600276947 0.996897399425507 0.999458014965057 0.999829769134521 0.999981760978699 0.999980270862579 0.999969363212585 0.999988973140717 0.999971985816956 0.999973118305206 0.99996942281723 0.999965846538544 0.99996954202652 0.99997216463089 0.999985575675964 0.999981641769409 0.999768555164337
0.827569127082825 0.761334180831909 0.713427901268005 0.675042033195496 0.701964318752289 0.703145861625671 0.710818529129028 0.691088080406189 0.664689064025879 0.63630622625351 0.61172479391098 0.595334231853485 0.580473482608795 0.517522752285004 0.495805770158768 0.472430944442749 0.628381669521332 0.856430113315582 0.981828510761261 0.97899204492569 0.983217477798462 0.911178588867188 0.984439492225647 0.986741185188293 0.993179798126221 0.997638046741486 0.982254564762115 0.995161414146423 0.999918222427368 0.999960839748383 0.997863948345184 0.998212158679962 0.999945402145386 0.999976634979248 0.999984443187714 0.999984383583069 0.999767065048218 0.997501790523529 0.999964118003845 0.999991476535797 0.999992907047272 0.999980986118317 0.999856233596802 0.999795973300934 0.999971568584442 0.99997216463089 0.999973952770233
0.725578129291534 0.742655515670776 0.759660363197327 0.703130602836609 0.655069410800934 0.710555255413055 0.702615082263947 0.729131162166595 0.718729555606842 0.691877603530884 0.695634305477142 0.67907053232193 0.653887867927551 0.561633586883545 0.467658013105392 0.395005226135254 0.445190399885178 0.491827726364136 0.614485383033752 0.689751386642456 0.683920800685883 0.687592029571533 0.908183753490448 0.98730456829071 0.997049748897552 0.990445494651794 0.930153608322144 0.991102278232574 0.999239325523376 0.998955845832825 0.997690916061401 0.966074645519257 0.988174617290497 0.998835742473602 0.999827265739441 0.999595820903778 0.999345004558563 0.988723158836365 0.998110890388489 0.999981284141541 0.999991178512573 0.999876737594604 0.998276472091675 0.998236835002899 0.999621272087097 0.999908268451691 0.999960660934448
0.595373749732971 0.613982200622559 0.58639132976532 0.615733563899994 0.624605238437653 0.691269218921661 0.75318443775177 0.716548025608063 0.630751430988312 0.564871191978455 0.625380992889404 0.600245356559753 0.55491441488266 0.520955443382263 0.469700515270233 0.421291083097458 0.407603561878204 0.443522721529007 0.478103488683701 0.538804113864899 0.545245587825775 0.593934535980225 0.666768074035645 0.853776872158051 0.880643010139465 0.873249232769012 0.828145563602448 0.880727112293243 0.937202870845795 0.976163804531097 0.979690670967102 0.9433553814888 0.982381761074066 0.998213052749634 0.994622826576233 0.995516061782837 0.987670540809631 0.993149876594543 0.988396525382996 0.989606082439423 0.990049719810486 0.996758282184601 0.993146479129791 0.999930739402771 0.999927639961243 0.999942064285278 0.999966502189636
0.441238671541214 0.460381865501404 0.437253087759018 0.4375901222229 0.509890675544739 0.497373908758163 0.461747467517853 0.468914031982422 0.480217695236206 0.52631950378418 0.558413207530975 0.549798429012299 0.547149360179901 0.540295779705048 0.525015950202942 0.500081062316895 0.457896888256073 0.439120411872864 0.509305953979492 0.580872178077698 0.589088678359985 0.550340890884399 0.597586989402771 0.631560564041138 0.662696897983551 0.693684577941895 0.780192792415619 0.948644995689392 0.972073614597321 0.975339293479919 0.982490420341492 0.991183042526245 0.954242348670959 0.983869254589081 0.986752331256866 0.943280160427094 0.943666279315948 0.950288474559784 0.99623692035675 0.999741494655609 0.994027674198151 0.995763421058655 0.99905252456665 0.999347925186157 0.999975621700287 0.999912142753601 0.999989569187164
0.447168916463852 0.427316606044769 0.424841284751892 0.430164963006973 0.430539548397064 0.432072699069977 0.440883457660675 0.436678916215897 0.456811785697937 0.477631777524948 0.488236099481583 0.488459318876266 0.50383073091507 0.539429366588593 0.582568168640137 0.5860435962677 0.543665885925293 0.468928664922714 0.532816648483276 0.552580296993256 0.602175235748291 0.693465292453766 0.74315357208252 0.68192058801651 0.695102691650391 0.765286982059479 0.843623757362366 0.838365852832794 0.880407333374023 0.929884076118469 0.889845311641693 0.901531755924225 0.861028730869293 0.86711198091507 0.899598181247711 0.905253529548645 0.95766144990921 0.997675478458405 0.997799038887024 0.990618646144867 0.926045298576355 0.865156471729279 0.967955231666565 0.999765396118164 0.998690843582153 0.998262822628021 0.999845325946808
