data/climate_estimation/maxent_output/Fritillaria_pudica.asc
NCOLS 203 
NROWS 144 
XLLCORNER -123.75 
YLLCORNER 39.0833333333333 
CELLSIZE 0.0833333333333333 
NODATA_value -3.4e+38 
[rows 40 to 59 of 144, columns 132 to 175 of 203]
0.410871356725693 0.580444514751434 0.643355250358582 0.622177481651306 0.593580067157745 0.571441113948822 0.577841103076935 0.534237086772919 0.514281392097473 0.527307748794556 0.527026057243347 0.519381046295166 0.514874935150146 0.514459252357483 0.505816638469696 0.498018622398376 0.472531408071518 0.449436336755753 0.3913194835186 0.341108173131943 0.290462225675583 0.251319319009781 0.295535445213318 0.303830742835999 0.302176624536514 0.255101889371872 0.313697129487991 0.260127902030945 0.238480389118195 0.181163713335991 0.160533100366592 0.126037180423737 0.125592514872551 0.107121899724007 0.0721271485090256 0.0936126783490181 0.0708044618368149 0.0530380234122276 0.0643985494971275 0.0704928711056709 0.0673773214221001 0.0841815993189812 0.0884968116879463 0.0751790702342987
0.500207841396332 0.624242007732391 0.617124855518341 0.611708641052246 0.620563626289368 0.613783001899719 0.592957139015198 0.561387956142426 0.535413444042206 0.540936887264252 0.541178464889526 0.537436485290527 0.527684986591339 0.509861767292023 0.51021009683609 0.497245967388153 0.493680894374847 0.450717657804489 0.393811374902725 0.354307681322098 0.287028074264526 0.340330094099045 0.388926118612289 0.423442661762238 0.417371541261673 0.368196398019791 0.393890410661697 0.370761871337891 0.282058537006378 0.238316923379898 0.191810965538025 0.174033984541893 0.14838282763958 0.151155203580856 0.106443725526333 0.124794587492943 0.108832664787769 0.0716308429837227 0.109649039804935 0.101663239300251 0.0895478203892708 0.0868609398603439 0.0923945605754852 0.0877962782979012
0.429970771074295 0.553010225296021 0.623904645442963 0.595943748950958 0.568260073661804 0.561581909656525 0.548003613948822 0.541971504688263 0.525438964366913 0.517865598201752 0.517366826534271 0.510275185108185 0.502659142017365 0.489558607339859 0.479878157377243 0.469206839799881 0.460973650217056 0.444029241800308 0.38789227604866 0.373107671737671 0.383955121040344 0.403399884700775 0.427760034799576 0.450811982154846 0.456659853458405 0.47721740603447 0.455854386091232 0.453698605298996 0.398957431316376 0.353241473436356 0.257942318916321 0.247360244393349 0.224126428365707 0.197242617607117 0.131082162261009 0.182900920510292 0.149945557117462 0.103573493659496 0.109997406601906 0.13151191174984 0.10956309735775 0.103648088872433 0.103989653289318 0.0829837471246719
0.453972667455673 0.606910884380341 0.611814022064209 0.607948899269104 0.578825771808624 0.559694766998291 0.556559383869171 0.539085268974304 0.534414768218994 0.528405725955963 0.531586289405823 0.515830218791962 0.528966724872589 0.509857892990112 0.486757338047028 0.485271781682968 0.481300413608551 0.453354299068451 0.443550437688828 0.44604629278183 0.455588698387146 0.45320537686348 0.445024967193604 0.476436406373978 0.508198499679565 0.536089479923248 0.547605454921722 0.531400740146637 0.473063677549362 0.450088262557983 0.4195297062397 0.256310254335403 0.231863722205162 0.239612862467766 0.242480412125587 0.227873563766479 0.175640121102333 0.153017103672028 0.15152995288372 0.153152137994766 0.153846651315689 0.147389158606529 0.146055832505226 0.098822608590126
0.457238018512726 0.502644240856171 0.567004799842834 0.621269464492798 0.626844465732574 0.607111036777496 0.58513081073761 0.575874805450439 0.553253948688507 0.550249695777893 0.515684068202972 0.494250446557999 0.489638149738312 0.481938242912292 0.471584558486938 0.482619822025299 0.499970644712448 0.498569428920746 0.499589323997498 0.487510800361633 0.493288725614548 0.483699709177017 0.469462603330612 0.487522333860397 0.500106692314148 0.555640459060669 0.540132164955139 0.498953968286514 0.446231067180634 0.421252846717834 0.400029718875885 0.413875848054886 0.396658957004547 0.359640747308731 0.339965313673019 0.260788857936859 0.223333969712257 0.206240817904472 0.233867540955544 0.252115488052368 0.226118460297585 0.209682166576385 0.183129876852036 0.164308473467827
0.458876878023148 0.448031574487686 0.505471169948578 0.574252009391785 0.625281929969788 0.617905259132385 0.593736708164215 0.564903140068054 0.575958132743835 0.611893534660339 0.606529831886292 0.534160256385803 0.48922273516655 0.473345875740051 0.491719752550125 0.494749933481216 0.516926288604736 0.54206907749176 0.5399129986763 0.535469770431519 0.538956701755524 0.526734530925751 0.499760717153549 0.49641141295433 0.50775557756424 0.507885634899139 0.491062730550766 0.464239239692688 0.461240470409393 0.452007532119751 0.449382930994034 0.441506534814835 0.437021672725677 0.429493635892868 0.364800691604614 0.318297207355499 0.256074517965317 0.303519695997238 0.394140511751175 0.498574465513229 0.319653749465942 0.31861674785614 0.306736975908279 0.295877188444138
0.451783001422882 0.443356186151505 0.460102260112762 0.490901231765747 0.643858790397644 0.585717499256134 0.574560940265656 0.559454202651978 0.550095438957214 0.572376370429993 0.620625376701355 0.527874052524567 0.491511225700378 0.503854691982269 0.520927667617798 0.513559401035309 0.510485112667084 0.570146143436432 0.583042502403259 0.579661786556244 0.593180537223816 0.552676618099213 0.567686557769775 0.564275085926056 0.543120980262756 0.538861870765686 0.51758736371994 0.505760788917542 0.493618041276932 0.47929310798645 0.472983151674271 0.466020911931992 0.4665387570858 0.451532244682312 0.438658356666565 0.43435600399971 0.348316669464111 0.334647953510284 0.469002544879913 0.403268218040466 0.409582912921906 0.51608008146286 0.572833240032196 0.498449832201004
0.474222660064697 0.485786736011505 0.468169629573822 0.497258186340332 0.578892707824707 0.651018917560577 0.622040688991547 0.587555408477783 0.55204313993454 0.505648732185364 0.536814391613007 0.606393694877625 0.63858824968338 0.634554028511047 0.560080468654633 0.555165410041809 0.580316483974457 0.556180238723755 0.62770539522171 0.630806863307953 0.637910783290863 0.59565657377243 0.583853006362915 0.587942838668823 0.591419100761414 0.570790827274323 0.602836072444916 0.58231782913208 0.538212239742279 0.515510320663452 0.496670365333557 0.498087674379349 0.484676897525787 0.495811581611633 0.486212015151978 0.464939922094345 0.439728617668152 0.403366148471832 0.460179418325424 0.427024781703949 0.504934310913086 0.555595815181732 0.526347458362579 0.375618040561676
0.502054691314697 0.518209993839264 0.516574144363403 0.547904789447784 0.552980184555054 0.582876324653625 0.644500255584717 0.578246355056763 0.519466996192932 0.548907876014709 0.575353026390076 0.644370913505554 0.670284390449524 0.637222111225128 0.582010447978973 0.606870353221893 0.608907759189606 0.568218350410461 0.634477376937866 0.633149206638336 0.598660528659821 0.611212074756622 0.574907839298248 0.616317749023438 0.581393122673035 0.561280608177185 0.542474329471588 0.6151202917099 0.600374758243561 0.570076286792755 0.53332930803299 0.516378879547119 0.522143363952637 0.513629853725433 0.499503642320633 0.473657190799713 0.467087388038635 0.473532527685165 0.475261121988297 0.472133845090866 0.469296485185623 0.496015131473541 0.490457803010941 0.424460083246231
0.619850695133209 0.528940141201019 0.540761888027191 0.549652874469757 0.560373544692993 0.550526678562164 0.651172399520874 0.573617398738861 0.610478818416595 0.534699857234955 0.615904688835144 0.673536121845245 0.675100862979889 0.650492906570435 0.648984670639038 0.660707890987396 0.633171200752258 0.589477956295013 0.642100632190704 0.656410574913025 0.624561309814453 0.569180369377136 0.531089067459106 0.575240254402161 0.542564153671265 0.424014836549759 0.5041424036026 0.534920573234558 0.564328074455261 0.627147376537323 0.592718482017517 0.545916140079498 0.534546077251434 0.526175379753113 0.508242964744568 0.482635468244553 0.500727415084839 0.513375341892242 0.522734761238098 0.532798111438751 0.536961555480957 0.515555620193481 0.519454598426819 0.490626692771912
0.572564601898193 0.543663918972015 0.536752820014954 0.529870510101318 0.63843959569931 0.63808262348175 0.625053107738495 0.586451470851898 0.61483371257782 0.574350357055664 0.638840198516846 0.69339793920517 0.68012011051178 0.647696077823639 0.6619793176651 0.670723676681519 0.619402050971985 0.615163326263428 0.627683758735657 0.663002133369446 0.661654055118561 0.595753192901611 0.539558887481689 0.50474339723587 0.5182244181633 0.477848500013351 0.528332233428955 0.539263844490051 0.630002915859222 0.592776119709015 0.611578106880188 0.597428500652313 0.576117753982544 0.559576272964478 0.536737382411957 0.507635951042175 0.520772755146027 0.564866662025452 0.603804349899292 0.60921037197113 0.607834994792938 0.593514204025269 0.597343683242798 0.572378933429718
0.562351226806641 0.574088752269745 0.51596200466156 0.595962941646576 0.64788019657135 0.637940406799316 0.565157771110535 0.614478588104248 0.586372375488281 0.539895236492157 0.553208589553833 0.586038589477539 0.695583045482635 0.686709344387054 0.650217831134796 0.677998840808868 0.670844614505768 0.661403477191925 0.611183881759644 0.600240290164948 0.654565215110779 0.674335658550262 0.65806120634079 0.599141716957092 0.525117695331573 0.467828810214996 0.500275611877441 0.576694905757904 0.605393707752228 0.634312152862549 0.627507090568542 0.636280655860901 0.637852251529694 0.59565794467926 0.545119285583496 0.519669771194458 0.54847240447998 0.641434729099274 0.557128667831421 0.523340165615082 0.510590434074402 0.545552432537079 0.605873167514801 0.603849709033966
0.604122579097748 0.611580848693848 0.639668107032776 0.57669198513031 0.672308504581451 0.610210776329041 0.606665134429932 0.538619935512543 0.501060664653778 0.487659811973572 0.484201610088348 0.530978143215179 0.61153906583786 0.691614508628845 0.690118789672852 0.684444189071655 0.684409260749817 0.634279072284698 0.58488517999649 0.586308777332306 0.642273008823395 0.687859654426575 0.689627826213837 0.631447792053223 0.624060928821564 0.602204859256744 0.54044109582901 0.56734424829483 0.594956696033478 0.527802705764771 0.471538662910461 0.539178669452667 0.621670186519623 0.642576217651367 0.618134796619415 0.551670134067535 0.547234952449799 0.581922590732574 0.633417963981628 0.623634874820709 0.619084060192108 0.564218163490295 0.59784984588623 0.577656507492065
0.72330117225647 0.662469327449799 0.671519041061401 0.695418357849121 0.647371172904968 0.695253074169159 0.614612400531769 0.548241317272186 0.469149261713028 0.428814768791199 0.476916402578354 0.491129368543625 0.514290869235992 0.519959807395935 0.595009684562683 0.691541135311127 0.695922911167145 0.699253022670746 0.63138884305954 0.602513432502747 0.594054043292999 0.650468528270721 0.68156886100769 0.665300965309143 0.671812474727631 0.671561598777771 0.663204312324524 0.657957375049591 0.636650800704956 0.641066908836365 0.634329736232758 0.64129513502121 0.628497242927551 0.601895928382874 0.581489384174347 0.557540416717529 0.530196368694305 0.543294310569763 0.561352074146271 0.564868867397308 0.579095065593719 0.565569162368774 0.531573951244354 0.493396520614624
0.658380806446075 0.699475288391113 0.698056221008301 0.721065282821655 0.648343086242676 0.719587445259094 0.646149873733521 0.655741035938263 0.641036570072174 0.53606379032135 0.551835715770721 0.569605648517609 0.555485606193542 0.487064450979233 0.497577339410782 0.586935460567474 0.592549502849579 0.532478392124176 0.701839804649353 0.657971382141113 0.59992390871048 0.596421778202057 0.624113202095032 0.689423263072968 0.62723982334137 0.653517961502075 0.663012146949768 0.636904835700989 0.600777924060822 0.59659868478775 0.601858198642731 0.597714245319366 0.594797790050507 0.567481994628906 0.548889994621277 0.531484663486481 0.515425980091095 0.504984319210052 0.505612671375275 0.501568496227264 0.503837108612061 0.49185585975647 0.466020226478577 0.450172275304794
0.614963829517365 0.732755959033966 0.670999944210052 0.733836710453033 0.728325247764587 0.690601170063019 0.70478743314743 0.691703319549561 0.598701298236847 0.573702394962311 0.687100768089294 0.663964629173279 0.640053689479828 0.526199340820312 0.479478240013123 0.510532915592194 0.610149502754211 0.682551622390747 0.452405661344528 0.598803400993347 0.659561634063721 0.606046319007874 0.653407096862793 0.509744822978973 0.518095254898071 0.658177256584167 0.665238916873932 0.649666249752045 0.601629555225372 0.57443380355835 0.56285560131073 0.553265273571014 0.544350922107697 0.523102402687073 0.513541102409363 0.504077255725861 0.500870168209076 0.496126383543015 0.484483748674393 0.465661764144897 0.469219624996185 0.46259993314743 0.439733177423477 0.423738956451416
0.637790322303772 0.720602214336395 0.693616330623627 0.662508010864258 0.68957245349884 0.631998300552368 0.646328389644623 0.720883965492249 0.619347155094147 0.709678530693054 0.615000605583191 0.594162583351135 0.625346422195435 0.572502434253693 0.480658054351807 0.485902845859528 0.542952179908752 0.640126526355743 0.676221132278442 0.672171831130981 0.68866354227066 0.662404119968414 0.659853994846344 0.682170748710632 0.691555619239807 0.674169361591339 0.682113945484161 0.640878200531006 0.631808876991272 0.620293378829956 0.601631700992584 0.598846256732941 0.572594523429871 0.569436609745026 0.534184098243713 0.504210770130157 0.491897612810135 0.485408306121826 0.477048069238663 0.469807207584381 0.457022309303284 0.438302576541901 0.403939545154572 0.398436665534973
0.64981073141098 0.755613684654236 0.673187077045441 0.711498498916626 0.749228537082672 0.747092962265015 0.739921689033508 0.6741082072258 0.69417816400528 0.641708791255951 0.538452446460724 0.684493541717529 0.684361279010773 0.609935522079468 0.512621760368347 0.485516577959061 0.525869607925415 0.609887063503265 0.689587831497192 0.621143162250519 0.685692250728607 0.671567857265472 0.668689608573914 0.650769472122192 0.661227643489838 0.664014995098114 0.498483806848526 0.557258307933807 0.602194428443909 0.534245669841766 0.647390484809875 0.620180487632751 0.601773679256439 0.584426641464233 0.557953715324402 0.541874587535858 0.511007130146027 0.482561141252518 0.45903542637825 0.460683792829514 0.452390372753143 0.425113588571548 0.411254316568375 0.363428145647049
0.689185857772827 0.751835703849792 0.732792258262634 0.748926818370819 0.746382534503937 0.693805694580078 0.74179881811142 0.603285610675812 0.63910585641861 0.665983438491821 0.718044281005859 0.702678680419922 0.634212672710419 0.520106613636017 0.48993855714798 0.462023556232452 0.526885271072388 0.656249344348907 0.629567503929138 0.656332552433014 0.66950386762619 0.659309506416321 0.642061412334442 0.654016435146332 0.657201588153839 0.62934023141861 0.583357214927673 0.494774878025055 0.465692460536957 0.446387678384781 0.642700612545013 0.645098745822906 0.637749433517456 0.599968671798706 0.566702425479889 0.542084574699402 0.50381726026535 0.475596636533737 0.468279361724854 0.468204945325851 0.454682648181915 0.434626430273056 0.411490768194199 0.390958815813065
0.747670471668243 0.753649652004242 0.750678658485413 0.74905914068222 0.748156785964966 0.656337022781372 0.72142368555069 0.680359542369843 0.730306923389435 0.553326904773712 0.569992065429688 0.627592861652374 0.570673763751984 0.490212202072144 0.448838979005814 0.460814833641052 0.495108842849731 0.570587396621704 0.648072302341461 0.578590452671051 0.639462113380432 0.571757853031158 0.530575752258301 0.577889621257782 0.636644005775452 0.63791424036026 0.631435930728912 0.513024389743805 0.302146881818771 0.3984454870224 0.547662556171417 0.644577324390411 0.625632047653198 0.599363207817078 0.58562970161438 0.579046189785004 0.555102407932281 0.520107746124268 0.479129314422607 0.479907125234604 0.447599411010742 0.430050194263458 0.446391314268112 0.420769035816193
