data/climate_estimation/maxent_output/Fritillaria_meleagris.asc
NCOLS 1106 
NROWS 192 
XLLCORNER -4.75 
YLLCORNER 38.75 
CELLSIZE 0.0833333333333333 
NODATA_value -3.4e+38 
[rows 171 to 189 of 192, columns 516 to 558 of 1106]
0.0260675735771656 0.0251491274684668 0.025762639939785 0.0239449702203274 0.0275583229959011 0.0248295720666647 0.0251482333987951 0.0235200822353363 0.024670111015439 0.0255293678492308 0.023482870310545 0.0227251630276442 0.027445275336504 0.0329820550978184 0.0301688890904188 0.0281422175467014 0.0248182509094477 0.0238767098635435 0.0224041379988194 0.0262766964733601 0.0252095870673656 0.0235927421599627 0.0292138122022152 0.0239200405776501 0.0218026880174875 0.0229911003261805 0.0276754554361105 0.0290294345468283 0.0258768647909164 0.0192209761589766 0.0184658896178007 0.0248421784490347 0.0174569599330425 0.03241116553545 0.061942383646965 0.0737949460744858 0.064699575304985 0.0532210282981396 0.0295004788786173 0.0582508370280266 0.0677729919552803 0.0502944625914097 0.0439005941152573
0.022866340354085 0.0210711434483528 0.0276816505938768 0.0279315803200006 0.0245208982378244 0.0248363986611366 0.0224539823830128 0.0201520472764969 0.018725760281086 0.0249185431748629 0.0214402079582214 0.0194954983890057 0.0204783082008362 0.0182061996310949 0.0188625007867813 0.019631415605545 0.021833224222064 0.018721928820014 0.0176657941192389 0.0177888516336679 0.0172177013009787 0.017121696844697 0.0130334878340364 0.0108745498582721 0.0109509155154228 0.0148034198209643 0.0150117734447122 0.0147013803943992 0.0171468965709209 0.016767330467701 0.0243568141013384 0.0277618691325188 0.0345419459044933 0.045347061008215 0.0437360964715481 0.0403616577386856 0.0630147010087967 0.0481863357126713 0.0302913766354322 0.040721133351326 0.0482217520475388 0.0509291514754295 0.0468791760504246
0.0400224104523659 0.0195182636380196 0.0275428853929043 0.0184817742556334 0.0167106036096811 0.0158336013555527 0.0163120273500681 0.0155545892193913 0.0162118691951036 0.0153704816475511 0.0148038836196065 0.0152540048584342 0.0143920201808214 0.0150079028680921 0.0146382031962276 0.0148795982822776 0.0135594261810184 0.0138560645282269 0.013454545289278 0.0136119537055492 0.0129967518150806 0.0119264218956232 0.00916106440126896 0.00943530630320311 0.0134362913668156 0.0133804213255644 0.0143814375624061 0.0182797815650702 0.0209667254239321 0.0206948444247246 0.0209602676331997 0.0241981875151396 0.0301250852644444 0.0281977001577616 0.0383605882525444 0.0379376150667667 0.0488622225821018 0.033951822668314 0.0341742783784866 0.0266323201358318 0.0358809940516949 0.0423675365746021 0.030911523848772
0.0355308167636395 0.0219706166535616 0.0148088410496712 0.0106897568330169 0.012910220772028 0.0126161267980933 0.0128913801163435 0.0104693435132504 0.00921518728137016 0.00836521852761507 0.00793692283332348 0.00831117294728756 0.0113032208755612 0.011584653519094 0.0125032672658563 0.012322130613029 0.0100503228604794 0.0105574671179056 0.0107946116477251 0.00916271843016148 0.00933259259909391 0.00843082647770643 0.00992659293115139 0.00936439540237188 0.0101935612037778 0.01220409758389 0.0122717618942261 0.0126069691032171 0.0128585938364267 0.0142124081030488 0.0170192085206509 0.0217983648180962 0.0204037670046091 0.020954517647624 0.0319404564797878 0.0380668751895428 0.0456709042191505 0.041044395416975 0.0307039208710194 0.0381415449082851 0.0420808270573616 0.0314016900956631 0.0277004223316908
0.023464122787118 0.0180522073060274 0.00995433516800404 0.00752677908167243 0.00766179012134671 0.00723961042240262 0.00628152629360557 0.00590899493545294 0.00553724449127913 0.00552022224292159 0.00512316031381488 0.0056669102050364 0.00550527963787317 0.00548490276560187 0.00518978340551257 0.00639176787808537 0.00775483623147011 0.00950329750776291 0.00937393959611654 0.0089285634458065 0.00960377883166075 0.00982212089002132 0.00925262738019228 0.0100098382681608 0.0110646579414606 0.00923527125269175 0.0101661318913102 0.0125774582847953 0.0105525637045503 0.0114609189331532 0.0158804170787334 0.0220217686146498 0.018266923725605 0.0193451829254627 0.0237861759960651 0.0250090677291155 0.0297786798328161 0.0199449043720961 0.0225169472396374 0.0317454449832439 0.0338959321379662 0.0308550354093313 0.0284320879727602
0.0065619545057416 0.00621429784223437 0.00561540806666017 0.0042238007299602 0.00407485431060195 0.00447027664631605 0.00438908487558365 0.0056860288605094 0.00874248798936605 0.00856566056609154 0.00833899527788162 0.00760132307186723 0.00764254946261644 0.00780158909037709 0.00777677213773131 0.007056241389364 0.0066035334020853 0.00892926007509232 0.00910850521177053 0.00848915241658688 0.00802401825785637 0.00852710288017988 0.00810212455689907 0.00853751413524151 0.00899079442024231 0.0117149464786053 0.00998167134821415 0.0102205332368612 0.0101446788758039 0.0100796930491924 0.0096632419154048 0.0106762759387493 0.0107975220307708 0.0107118943706155 0.007903216406703 0.00989593472331762 0.0076026264578104 0.0128987450152636 0.0191721767187119 0.0174939315766096 0.0106500582769513 0.0117039494216442 0.00962986424565315
0.00705532496795058 0.00724899861961603 0.00453820172697306 0.00340561731718481 0.00304314075037837 0.00300552952103317 0.00323795061558485 0.00467614596709609 0.00540139619261026 0.00724732875823975 0.00816497206687927 0.00834475923329592 0.00738968979567289 0.00601188186556101 0.00591420754790306 0.0060125133022666 0.00588936405256391 0.00733000505715609 0.00776849593967199 0.00755772413685918 0.00714172888547182 0.00522820511832833 0.00484780734404922 0.00671469839289784 0.00594365270808339 0.00680718570947647 0.00549021223559976 0.00314643024466932 0.00339683890342712 0.00338234473019838 0.00379025866277516 0.003771654330194 0.00487830396741629 0.00450356025248766 0.00397678092122078 0.0047688065096736 0.00524094747379422 0.0101620918139815 0.00677541038021445 0.00511126732453704 0.00407634489238262 0.00339344423264265 0.00264167925342917
0.003279137192294 0.00648793298751116 0.00381079176440835 0.00297160469926894 0.00410369271412492 0.00345513946376741 0.00237141642719507 0.00475509837269783 0.00462381402030587 0.00595099106431007 0.00616057077422738 0.00661344034597278 0.00485148001462221 0.00568983471021056 0.00679353764280677 0.00700986897572875 0.00729237217456102 0.00728202657774091 0.00662247184664011 0.00489440280944109 0.00369987916201353 0.00281790690496564 0.00187180447392166 0.00198305398225784 0.00343477563001215 0.00552783068269491 0.00604247255250812 0.00611990364268422 0.00451720040291548 0.00374871771782637 0.00541468616575003 0.00633826293051243 0.00801256578415632 0.00759355211630464 0.0038394236471504 0.00623355899006128 0.00999196618795395 0.0120608070865273 0.0131656136363745 0.0116377798840404 0.0104676932096481 0.00673253182321787 0.00674566440284252
0.00163419218733907 0.00200208276510239 0.0020382443908602 0.00213003694079816 0.00185217265971005 0.00225378479808569 0.00237847911193967 0.00200827489607036 0.002247154712677 0.00216724839992821 0.00472080567851663 0.00572711508721113 0.00265600439161062 0.000980752636678517 0.00136905489489436 0.00278564193286002 0.00610098103061318 0.0095745213329792 0.00901210028678179 0.00617586495354772 0.00497791031375527 0.00240960461087525 0.00171543855685741 0.00111309485509992 0.00106734444852918 0.00116534624248743 0.00179429177660495 0.00251117977313697 0.00301082897931337 0.00370498979464173 0.00642865430563688 0.00704267853870988 0.00702131632715464 0.00563462963327765 0.00683164829388261 0.0120903039351106 0.0157440192997456 0.0103030493482947 0.0108699509873986 0.0137312645092607 0.0150819253176451 0.0131899556145072 0.00644064974039793
0.000937064003665 0.0009388915495947 0.000927663175389171 0.000871673633810133 0.00103368703275919 0.00190937425941229 0.00289139803498983 0.00201463932171464 0.0010554603068158 0.00111123954411596 0.0041417614556849 0.0033898432739079 0.00384486862458289 0.000836894963867962 0.000477038003737107 0.000432457018177956 0.000589648901950568 0.0020259425509721 0.00530290277674794 0.00538300955668092 0.00561121664941311 0.00441148923709989 0.00215120543725789 0.000960223725996912 0.000813016667962074 0.000938555633183569 0.000858020328450948 0.00162117753643543 0.00467501441016793 0.00521329557523131 0.00571757275611162 0.0057486854493618 0.00582628743723035 0.00577514758333564 0.00621369201689959 0.0108583718538284 0.011405254714191 0.00684835528954864 0.00598755059763789 0.00651315506547689 0.00633656652644277 0.00714092189446092 0.00621199794113636
0.000653750263154507 0.00065232563065365 0.000699192751199007 0.000703235797118396 0.000709060986991972 0.000944042752962559 0.000987527891993523 0.000761603529099375 0.000925997796002775 0.00052237807540223 0.000671621062792838 0.000581909436732531 0.000694372283760458 0.00110366626176983 0.0034907718654722 0.0013614168856293 0.000443256023572758 0.000470151251647621 0.000935120275244117 0.00196942337788641 0.00221326039172709 0.00277920137159526 0.00133880996145308 0.000848825613502413 0.000938546261750162 0.00182669458445162 0.00173952162731439 0.000964593258686364 0.00130191480275244 0.00216013635508716 0.00194854196161032 0.00189868011511862 0.00274554267525673 0.00458662258461118 0.00651518348604441 0.00681544654071331 0.00584067963063717 0.00512779131531715 0.00510620139539242 0.00464884610846639 0.00451461086049676 0.00311523955315351 0.00362734450027347
0.000447738799266517 0.000444182456703857 0.000464187149191275 0.000481851311633363 0.000464647629996762 0.000618542777374387 0.000463017291622236 0.000476445246022195 0.00070981407770887 0.00146360718645155 0.00422330759465694 0.0038340212777257 0.00403992785140872 0.00424838159233332 0.00469399290159345 0.00467125279828906 0.00416868086904287 0.00425805244594812 0.00305718765594065 0.00181251135654747 0.0020869979634881 0.00240053492598236 0.0021978251170367 0.00162290106527507 0.00196337280794978 0.00223622587509453 0.00320675526745617 0.00329366279765964 0.00272044795565307 0.00326487584970891 0.00313829444348812 0.00173232331871986 0.00210837391205132 0.00435860874131322 0.00474613299593329 0.00364000652916729 0.00392544036731124 0.00360258924774826 0.00444780755788088 0.00460719782859087 0.00491600017994642 0.00424175057560205 0.00486787501722574
0.000347922439686954 0.000372670881915838 0.000368636363418773 0.000354256539139897 0.000349915004335344 0.000393538764910772 0.00117953738663346 0.00367954024113715 0.0035493690520525 0.00521140266209841 0.00518352864310145 0.00345430104061961 0.00336530362255871 0.00293491571210325 0.00352680566720665 0.00421673431992531 0.00404170108959079 0.00367119745351374 0.00176442263182253 0.00120916590094566 0.00147829880006611 0.00275592086836696 0.00287291663698852 0.00192212488036603 0.000648217042908072 0.000523890485055745 0.000398283271351829 0.000517975713592023 0.00129688088782132 0.00115387968253344 0.00218209275044501 0.00308324443176389 0.0031254063360393 0.00293752434663475 0.00266353297047317 0.0031607064884156 0.00346769439056516 0.0040996796451509 0.00409081485122442 0.00384359573945403 0.00350892636924982 0.00212632049806416 0.00292514055036008
0.000306524365441874 0.000291722535621375 0.000288646842818707 0.000527339230757207 0.000617741839960217 0.000667090818751603 0.00100067758467048 0.00357109564356506 0.00431586150079966 0.00328552792780101 0.00126355641987175 0.000361120532033965 0.000370662804925814 0.000881821673829108 0.00132205267436802 0.001610261737369 0.00292632170021534 0.00275348615832627 0.000776795845013112 0.00102605810388923 0.00170888262800872 0.000966852181591094 0.00117946742102504 0.000792446953710169 0.000425344100221992 0.00036358562647365 0.000700245494954288 0.00162555219139904 0.00111588300205767 0.0012568780221045 0.00132944399956614 0.00191350257955492 0.00128038425464183 0.00102493609301746 0.00263216299936175 0.00319836707785726 0.00412233732640743 0.00610580062493682 0.00615913979709148 0.00326421484351158 0.00180040299892426 0.000995937036350369 0.00105530745349824
0.000246218260144815 0.000211646911338903 0.00025965747772716 0.000279895233688876 0.000461073213955387 0.00221256189979613 0.00266216672025621 0.00181360135320574 0.00122218672186136 0.00037581377546303 0.00046834658132866 0.00072059832746163 0.000636086566373706 0.000488706806208938 0.000817108666524291 0.00121311342809349 0.00246773846447468 0.00159587140660733 0.000644488609395921 0.00104108406230807 0.00104028137866408 0.000735964684281498 0.000270997494226322 0.000274510210147128 0.00028348556952551 0.000111193097836804 0.000221944093937054 0.000619940983597189 0.000830536184366792 0.00162913207896054 0.00214157532900572 0.00205278303474188 0.00109826028347015 0.000590179057326168 0.000924656167626381 0.00113819551188499 0.00182319583836943 0.00288441823795438 0.00451169954612851 0.00346555467694998 0.0019349199719727 0.000801776477601379 0.000698428601026535
0.000180953968083486 0.000254875340033323 0.000307876704027876 0.000202699811779894 0.000160768046043813 0.000187016456038691 0.000276462553301826 0.000869375129695982 0.000949314387980849 0.000487045414047316 0.000415400281781331 0.00087921426165849 0.000713615794666111 0.000521068111993372 0.000330858340021223 0.000757655245251954 0.000581743835937232 0.000226685311645269 0.000309963768813759 0.000369848014088348 0.000630065333098173 0.000326663546729833 0.00016143816174008 9.83986537903547e-05 6.94106420269236e-05 8.29272248665802e-05 9.89374893833883e-05 0.000130515298224054 0.000208255427423865 0.000386558502214029 0.000470122904516757 0.000450954481493682 0.000383733218768612 0.000543655012734234 0.000619927886873484 0.000511317513883114 0.000301022198982537 0.000420604803366587 0.000821808585897088 0.00129458995070308 0.000894438242539763 0.00090549373999238 0.002116629621014
0.000183674317668192 0.00018505820480641 0.000201289731194265 0.000131363325635903 0.000110312670585699 0.000118167605251074 0.000166251542395912 0.000239068962400779 0.000233701022807509 0.000346037471899763 0.000361182464985177 0.000537356245331466 0.000685464299749583 0.000304504937957972 0.000142904333188199 6.42965896986425e-05 4.70350387331564e-05 0.000222458140342496 0.000202055191039108 0.00010449667024659 7.60238035582006e-05 6.60771984257735e-05 8.47501069074497e-05 0.000143189710797742 0.000199819100089371 0.000134144138428383 0.000147674800246023 0.000253079197136685 0.000243933900492266 0.00033864114084281 0.000141158132464625 0.000356819771695882 0.00127958436496556 0.000907252600882202 0.000658212986309081 0.000484594231238589 0.000482217088574544 0.000309677387122065 0.000238732085563242 0.000417810631915927 0.000800575420726091 0.00182064739055932 0.00160277355462313
0.000178688977030106 0.000199910544324666 0.000130800341139548 9.57664306042716e-05 9.40554164117202e-05 8.8360597146675e-05 8.14419763628393e-05 0.00010054850281449 0.000114089925773442 0.000159271148731932 0.000165092220413499 0.000315786921419203 0.000425002712290734 0.000348466041032225 5.54067009943537e-05 4.74826774734538e-05 0.000181298513780348 0.000231137019000016 0.000102387573861051 4.19727293774486e-05 5.06776195834391e-05 6.90773449605331e-05 0.000114595408376772 0.000221300346311182 0.00010878243483603 7.62796626077034e-05 0.000104904967884067 0.000208529192605056 0.000169305218150839 0.000122973448014818 0.000136793503770605 0.00039243113133125 0.000595530611462891 0.000762704352382571 0.000807268952485174 0.00110550911631435 0.00128765450790524 0.000698743562679738 0.00028472748817876 0.000203954288735986 0.000260178640019149 0.000353022333001718 0.000295515259495005
0.000206657918170094 0.000273362558800727 0.000146795835462399 0.000104280865343753 9.12008836166933e-05 8.13272999948822e-05 5.81746644456871e-05 5.74094956391491e-05 6.22178558842279e-05 7.78073008405045e-05 9.72479829215445e-05 0.000153239496285096 0.000148392879054882 0.00032253481913358 0.00016133843746502 3.2006464607548e-05 3.08459857478738e-05 0.000114833113912027 8.4079998487141e-05 3.61016573151574e-05 5.80619998800103e-05 3.13395939883776e-05 4.50105071649887e-05 0.000110655964817852 7.76228407630697e-05 4.29798055847641e-05 5.3293741075322e-05 7.56725057726726e-05 3.74547380488366e-05 3.64471015927847e-05 8.55876496643759e-05 9.12569812498987e-05 5.59855179744773e-05 8.55464022606611e-05 0.000204751253477298 0.000186278266482987 0.000149394982145168 0.000191939805517904 0.000148489445564337 0.000147498372825794 0.000394020054955035 0.000540368724614382 0.000532981299329549
