data/climate_estimation/maxent_output/Fritillaria_recurva.asc
NCOLS 55 
NROWS 88 
XLLCORNER -123.75 
YLLCORNER 36.1666666666667 
CELLSIZE 0.0833333333333332 
NODATA_value -3.4e+38 
[rows 60 to 79 of 88, columns 0 to 45 of 55]
-3.4e+38 -3.4e+38 -3.4e+38 -3.4e+38 -3.4e+38 -3.4e+38 0.0290647689253092 0.0299972724169493 0.058629497885704 0.122213833034039 0.161596283316612 0.175439968705177 0.268825620412827 0.457180023193359 0.662605345249176 0.636668860912323 0.578616619110107 0.685090363025665 0.62876433134079 0.652926206588745 0.486788213253021 0.356401115655899 0.32371523976326 0.328106582164764 0.331594496965408 0.307961046695709 0.2883141040802 0.303006589412689 0.336162865161896 0.345486134290695 0.349055677652359 0.35736557841301 0.377377420663834 0.39896622300148 0.49507001042366 0.57505190372467 0.648309171199799 0.690205693244934 0.750709116458893 0.790945768356323 0.869353950023651 0.878891050815582 0.866132855415344 0.761269688606262 0.609846413135529 0.605128586292267
-3.4e+38 -3.4e+38 -3.4e+38 -3.4e+38 -3.4e+38 -3.4e+38 -3.4e+38 0.0255790147930384 0.0403242371976376 0.0758626312017441 0.117058247327805 0.144558504223824 0.17285393178463 0.360217750072479 0.442406356334686 0.641071856021881 0.605447888374329 0.610838055610657 0.670440971851349 0.616498053073883 0.552860260009766 0.424622118473053 0.36100098490715 0.347031354904175 0.313691020011902 0.304410427808762 0.285935282707214 0.270596116781235 0.30415141582489 0.34092053771019 0.344281941652298 0.346167892217636 0.323230534791946 0.3431536257267 0.434901148080826 0.572194039821625 0.592765867710114 0.628038823604584 0.707055509090424 0.742326080799103 0.867455780506134 0.903896510601044 0.857249796390533 0.817665815353394 0.751363575458527 0.765322923660278
-3.4e+38 -3.4e+38 -3.4e+38 -3.4e+38 -3.4e+38 -3.4e+38 -3.4e+38 -3.4e+38 0.0237505529075861 0.0398488268256187 0.0618805214762688 0.0911639183759689 0.114151872694492 0.197464421391487 0.356945633888245 0.335115522146225 0.446200788021088 0.409847557544708 0.703197836875916 0.629265308380127 0.538617491722107 0.44210496544838 0.37852543592453 0.335554957389832 0.333945363759995 0.25840151309967 0.236870720982552 0.243333205580711 0.280604839324951 0.291107445955276 0.279018193483353 0.30851286649704 0.303047299385071 0.296587824821472 0.327186644077301 0.460770905017853 0.521725177764893 0.601628184318542 0.69888162612915 0.760231792926788 0.865979433059692 0.894042670726776 0.90601259469986 0.857145667076111 0.855301439762115 0.812925815582275
-3.4e+38 -3.4e+38 -3.4e+38 -3.4e+38 -3.4e+38 -3.4e+38 -3.4e+38 -3.4e+38 -3.4e+38 0.0270347781479359 0.0469151996076107 0.0822668150067329 0.104474559426308 0.127791628241539 0.184259951114655 0.230428397655487 0.226986184716225 0.266507387161255 0.458006322383881 0.468838572502136 0.513346076011658 0.462171167135239 0.401467680931091 0.350687742233276 0.262124359607697 0.195488572120667 0.187464624643326 0.194734692573547 0.237312853336334 0.268337696790695 0.248947590589523 0.23235185444355 0.208986848592758 0.207106530666351 0.261252492666245 0.352978736162186 0.443931818008423 0.604827105998993 0.63895720243454 0.716064035892487 0.821338653564453 0.856714963912964 0.905718624591827 0.898866891860962 0.905109107494354 0.74283242225647
-3.4e+38 -3.4e+38 -3.4e+38 -3.4e+38 -3.4e+38 -3.4e+38 -3.4e+38 -3.4e+38 -3.4e+38 0.0172862019389868 0.0303636398166418 0.0560142323374748 0.0956955179572105 0.145521223545074 0.147051826119423 0.162592425942421 0.181499943137169 0.178406774997711 0.267839580774307 0.334179103374481 0.386944711208344 0.450587600469589 0.394200414419174 0.290414839982986 0.170267894864082 0.136248096823692 0.141243979334831 0.150658771395683 0.193977728486061 0.240421488881111 0.206796959042549 0.172512456774712 0.160095602273941 0.151329532265663 0.178598269820213 0.341186970472336 0.59048718214035 0.439584732055664 0.590225160121918 0.655199885368347 0.665136218070984 0.778267979621887 0.907882869243622 0.923373401165009 0.884547531604767 0.807439684867859
-3.4e+38 -3.4e+38 -3.4e+38 -3.4e+38 -3.4e+38 -3.4e+38 -3.4e+38 -3.4e+38 0.00648298300802708 0.0110205309465528 0.023405971005559 0.0364546999335289 0.0676250830292702 0.104386731982231 0.134910643100739 0.123298354446888 0.0593080222606659 0.082168735563755 0.147105231881142 0.174516141414642 0.276059597730637 0.39164811372757 0.278883159160614 0.165830343961716 0.0994150713086128 0.0887694582343102 0.0905278325080872 0.0992225930094719 0.124305814504623 0.146096497774124 0.130845099687576 0.113745629787445 0.104346036911011 0.0948960781097412 0.108672678470612 0.32427316904068 0.416520416736603 0.52455085515976 0.503263413906097 0.572248995304108 0.673913061618805 0.819083094596863 0.887145400047302 0.918454468250275 0.92982006072998 0.883342564105988
-339999999999999996123846586046231871488.000000000000000 -3.4e+38 -3.4e+38 -3.4e+38 -3.4e+38 -3.4e+38 -3.4e+38 -3.4e+38 0.00686316704377532 0.00690609542652965 -3.4e+38 0.0339858569204807 0.0447864048182964 0.0758245512843132 0.0975542515516281 0.0782341063022614 0.0329612344503403 0.0538158006966114 0.117464512586594 0.171480417251587 0.187923848628998 0.384983450174332 0.45503306388855 0.154915750026703 0.0715337991714478 0.0634897276759148 0.0617138147354126 0.0676174163818359 0.0761537328362465 0.0877453833818436 0.0856660977005959 0.0771433487534523 0.0676955506205559 0.0626882091164589 0.062428068369627 0.120775975286961 0.362164288759232 0.353544324636459 0.413045853376389 0.468017667531967 0.579465687274933 0.714037179946899 0.763427317142487 0.905072212219238 0.9116570353508 0.927585244178772
-3.4e+38 -3.4e+38 -3.4e+38 -3.4e+38 -3.4e+38 -3.4e+38 -3.4e+38 -3.4e+38 -3.4e+38 -3.4e+38 -3.4e+38 -3.4e+38 0.0251014214009047 0.0444406308233738 0.0307385474443436 0.0240647494792938 0.0199179816991091 0.0224261917173862 0.106138773262501 0.123487122356892 0.175656974315643 0.46924951672554 0.504902362823486 0.249457821249962 0.0784418657422066 0.0484375581145287 0.0424673147499561 0.0428863316774368 0.0451211519539356 0.0516772568225861 0.0572057142853737 0.0540462024509907 0.0486725308001041 0.044422771781683 0.0496121905744076 0.0633882954716682 0.163007482886314 0.279358148574829 0.351501047611237 0.43089285492897 0.471745371818542 0.595903098583221 0.699778318405151 0.747679233551025 0.766203463077545 0.827674746513367
-3.4e+38 -3.4e+38 -3.4e+38 -3.4e+38 -3.4e+38 -3.4e+38 -3.4e+38 -3.4e+38 -3.4e+38 -3.4e+38 -3.4e+38 -3.4e+38 -3.4e+38 -3.4e+38 0.00664446176961064 0.00489211967214942 0.00396312074735761 0.0116171538829803 0.0368501096963882 0.0958261042833328 0.236838012933731 0.257727414369583 0.371789276599884 0.391008675098419 0.161114573478699 0.0572893172502518 0.0349167883396149 0.0283478572964668 0.0307926628738642 0.0310288239270449 0.0403234884142876 0.0382257327437401 0.0365005694329739 0.0399421043694019 0.042949914932251 0.0533870458602905 0.07034782320261 0.11844190210104 0.288336217403412 0.369100123643875 0.378745287656784 0.571796357631683 0.747379779815674 0.778894066810608 0.794674456119537 0.907877385616302
-3.4e+38 -3.4e+38 -3.4e+38 -3.4e+38 -3.4e+38 -3.4e+38 -3.4e+38 -3.4e+38 -3.4e+38 -3.4e+38 -3.4e+38 -3.4e+38 -3.4e+38 -3.4e+38 0.00268449657596648 0.00471784546971321 0.00433046696707606 0.0174294486641884 0.0315036438405514 0.0625426396727562 0.132248863577843 0.245865046977997 0.138285055756569 0.14460277557373 0.134325951337814 0.163576111197472 0.0600334778428078 0.0263407472521067 0.0225806515663862 0.0256491098552942 0.0285356249660254 0.0326189659535885 0.0320575535297394 0.035332515835762 0.0382953211665154 0.0440865457057953 0.0535426363348961 0.068841926753521 0.0858532711863518 0.190634474158287 0.321706503629684 0.457532167434692 0.504877984523773 0.76395982503891 0.735735595226288 0.793768465518951
-3.4e+38 -3.4e+38 -3.4e+38 -3.4e+38 -3.4e+38 -3.4e+38 -3.4e+38 -3.4e+38 -3.4e+38 -3.4e+38 -3.4e+38 -3.4e+38 -3.4e+38 -3.4e+38 0.00242288690060377 0.00515601318329573 0.00750459171831608 0.0154965538531542 -3.4e+38 0.0598595254123211 0.0946935415267944 0.319610059261322 0.149768307805061 0.200000509619713 0.233645066618919 0.408948600292206 0.226142525672913 0.070093460381031 0.02933812700212 0.0243865959346294 0.0248899757862091 0.0243396814912558 0.0276093408465385 0.0295547563582659 0.0327724553644657 0.0366841144859791 0.044493380934 0.0577020421624184 0.0661834254860878 0.0943137481808662 0.169510334730148 0.323992997407913 0.491018235683441 0.548777937889099 0.573804259300232 0.700398564338684
-3.4e+38 -3.4e+38 -3.4e+38 -3.4e+38 -3.4e+38 -3.4e+38 -3.4e+38 -3.4e+38 -3.4e+38 -3.4e+38 -3.4e+38 -3.4e+38 -3.4e+38 -3.4e+38 0.00261246203444898 0.00974548608064651 0.0122738974168897 0.0241014454513788 0.0512355975806713 0.0357379429042339 0.0208977665752172 0.034318570047617 0.296283572912216 0.479360640048981 0.535758137702942 0.489686548709869 0.489039689302444 0.394905567169189 0.172495812177658 0.0459398031234741 0.0246363934129477 0.0231460686773062 0.0233907122164965 0.0253536608070135 0.0265639070421457 0.0312875211238861 0.0405051112174988 0.0535411722958088 0.0658433511853218 0.0768143981695175 0.0877126678824425 0.178270250558853 0.366842955350876 0.590148091316223 0.703725695610046 0.746246457099915
-3.4e+38 -3.4e+38 -3.4e+38 -3.4e+38 -3.4e+38 -3.4e+38 -3.4e+38 -3.4e+38 -3.4e+38 -3.4e+38 -3.4e+38 -3.4e+38 -3.4e+38 -3.4e+38 -3.4e+38 0.00304032932035625 0.016404464840889 0.0367526933550835 0.0596768483519554 0.0317284539341927 0.0126626836135983 0.0156070999801159 0.220240861177444 0.485955983400345 0.557534217834473 0.508956909179688 0.517589807510376 0.485994607210159 0.395460456609726 0.128374487161636 0.044860202819109 0.0236177872866392 0.0223690569400787 0.021017599850893 0.0215540435165167 0.0228123944252729 0.0347902029752731 0.0440132282674313 0.0533626191318035 0.0661857351660728 0.0948416665196419 0.102159440517426 0.24686498939991 0.362587481737137 0.536678493022919 0.539597272872925
-3.4e+38 -3.4e+38 -3.4e+38 -3.4e+38 -3.4e+38 -3.4e+38 -3.4e+38 -3.4e+38 -3.4e+38 -3.4e+38 -3.4e+38 -3.4e+38 -3.4e+38 -3.4e+38 -3.4e+38 0.00350428908132017 0.0107404058799148 0.0521580576896667 0.0659395530819893 0.0660026744008064 0.0317248664796352 0.0237070862203836 0.033748771995306 0.349750161170959 0.565723776817322 0.561808347702026 0.469898402690887 0.429982423782349 0.388570785522461 0.19828200340271 0.0694726407527924 0.0271729435771704 0.0233379397541285 0.0212592110037804 0.0222149211913347 0.024125074967742 0.0304407998919487 0.0366431996226311 0.0427390411496162 0.0465922318398952 0.0571546442806721 0.0585650503635406 0.0868005305528641 0.159558370709419 0.324262738227844 0.475158095359802
-3.4e+38 -3.4e+38 -3.4e+38 -3.4e+38 -3.4e+38 -3.4e+38 -3.4e+38 -3.4e+38 -3.4e+38 -3.4e+38 -3.4e+38 -3.4e+38 -3.4e+38 -3.4e+38 -3.4e+38 -3.4e+38 0.00559586007148027 0.0225299205631018 0.0821637362241745 0.182587832212448 0.123675495386124 0.107769161462784 0.0886235907673836 0.18820284307003 0.512140929698944 0.56965959072113 0.504925429821014 0.42210641503334 0.375940889120102 0.182460144162178 0.0727290138602257 0.0282256864011288 0.0223875846713781 0.0212800297886133 0.0171809978783131 0.0203459318727255 0.0224989708513021 0.0278610810637474 0.0334259495139122 0.0377407819032669 0.0392313711345196 0.0430445224046707 0.0446525253355503 0.0690777599811554 0.168463841080666 0.193077996373177
-3.4e+38 -3.4e+38 -3.4e+38 -3.4e+38 -3.4e+38 -3.4e+38 -3.4e+38 -3.4e+38 -3.4e+38 -3.4e+38 -3.4e+38 -3.4e+38 -3.4e+38 -3.4e+38 -3.4e+38 -3.4e+38 0.00498459255322814 0.0209616962820292 0.0671139732003212 0.132780283689499 0.229583293199539 0.255993843078613 0.242487534880638 0.216479167342186 0.315689444541931 0.454520374536514 0.505050182342529 0.403656661510468 0.275640100240707 0.184927254915237 0.0878691300749779 0.0326239205896854 0.0197781324386597 0.0172375049442053 0.0148396678268909 0.0147007964551449 0.0165203306823969 0.0209035109728575 0.0242764595896006 0.0268456470221281 0.0284944791346788 0.0310740768909454 0.0338952168822289 0.0330423079431057 0.0466516427695751 0.0681357905268669
-3.4e+38 -3.4e+38 -3.4e+38 -3.4e+38 -3.4e+38 -3.4e+38 -3.4e+38 -3.4e+38 -3.4e+38 -3.4e+38 -3.4e+38 -3.4e+38 -3.4e+38 -3.4e+38 -3.4e+38 -3.4e+38 0.00494603486731648 0.0124720269814134 0.0467616245150566 0.0769223272800446 0.115044765174389 0.21972681581974 0.42308321595192 0.368122577667236 0.230645626783371 0.255780786275864 0.440364629030228 0.419985413551331 0.292512983083725 0.161923110485077 0.1260025203228 0.0348302759230137 0.0167278125882149 0.0149164609611034 0.0111630652099848 0.0111770611256361 0.0115939630195498 0.0139455646276474 0.0162997450679541 0.0183497741818428 0.0200580600649118 0.0215338952839375 0.0225815679877996 0.0213280338793993 0.0244190078228712 0.0307780783623457
-3.4e+38 -3.4e+38 -3.4e+38 -3.4e+38 -3.4e+38 -3.4e+38 -3.4e+38 -3.4e+38 -3.4e+38 -3.4e+38 -3.4e+38 -3.4e+38 -3.4e+38 -3.4e+38 -3.4e+38 -3.4e+38 -3.4e+38 0.00829626712948084 0.0177065972238779 0.0442605204880238 0.0435079857707024 0.0608595497906208 0.161062672734261 0.251906126737595 0.230193540453911 0.148348733782768 0.217430338263512 0.356425344944 0.246914580464363 0.126537308096886 0.0854803323745728 0.0285933092236519 0.0185513664036989 0.0109016532078385 0.00859757605940104 0.00885931216180325 0.00921479426324368 0.0111361313611269 0.0110616330057383 0.0125111136585474 0.0143084963783622 0.0146747147664428 0.0146270971745253 0.0152167789638042 0.0152164017781615 0.0165795516222715
-3.4e+38 -3.4e+38 -3.4e+38 -3.4e+38 -3.4e+38 -3.4e+38 -3.4e+38 -3.4e+38 -3.4e+38 -3.4e+38 -3.4e+38 -3.4e+38 -3.4e+38 -3.4e+38 -3.4e+38 -3.4e+38 -3.4e+38 -3.4e+38 0.00793374516069889 0.0129929790273309 0.0139219025149941 0.0179676096886396 0.0252671148627996 0.0220524277538061 0.0615211836993694 0.16458261013031 0.0933419317007065 0.0687389746308327 0.0922598391771317 0.144464746117592 0.225871607661247 0.0445474907755852 0.0168501809239388 0.01086385268718 0.00873507186770439 0.00761477369815111 0.0078264819458127 0.00800114404410124 0.00920320954173803 0.00891734845936298 0.0101986266672611 0.0108419079333544 0.0111244544386864 0.0105388490483165 0.0106300413608551 0.0125381797552109
-3.4e+38 -3.4e+38 -3.4e+38 -3.4e+38 -3.4e+38 -3.4e+38 -3.4e+38 -3.4e+38 -3.4e+38 -3.4e+38 -3.4e+38 -3.4e+38 -3.4e+38 -3.4e+38 -3.4e+38 -3.4e+38 -3.4e+38 -3.4e+38 -3.4e+38 -3.4e+38 -3.4e+38 -3.4e+38 0.00902481097728014 0.00739586632698774 0.0132506424561143 0.0340587124228477 0.0332605242729187 0.0296955574303865 0.0319942012429237 0.113955073058605 0.281379371881485 0.135689780116081 0.0422939360141754 0.014000192284584 0.0106623256579041 0.00726575218141079 0.00716356560587883 0.00657150661572814 0.00771058117970824 0.00770322047173977 0.00811770744621754 0.00799352768808603 0.00849632918834686 0.00827124714851379 0.00886745844036341 0.00933543499559164
