data/climate_estimation/maxent_output/Fritillaria_liliacea.asc
NCOLS 41 
NROWS 26 
XLLCORNER -123.083333333333 
YLLCORNER 36.5 
CELLSIZE 0.0833333333333335 
NODATA_value -3.4e+38 
0.642192006111145 0.664958119392395 0.65140837430954 0.671232402324677 0.709818184375763 0.698062300682068 0.696223318576813 0.584771633148193 0.445259749889374 0.366446077823639 0.388794988393784 0.446307927370071 0.174689933657646 0.148514106869698 0.150379359722137 0.162664949893951 0.173602715134621 0.181495934724808 0.198878586292267 0.229041129350662 0.252616137266159 0.232066467404366 0.211035743355751 0.182851120829582 0.211686208844185 0.213538438081741 0.223041355609894 0.219159409403801 0.0825786218047142 0.0161257907748222 0.0186927877366543 0.0168205182999372 0.0174905844032764 0.0165878310799599 0.0155532024800777 0.0161887779831886 0.0143118025735021 0.0126488525420427 0.0111421383917332 0.00876228138804436 0.00580003159120679
0.701774477958679 0.684750437736511 0.653878808021545 0.708920300006866 0.714745044708252 0.735484421253204 0.741674780845642 0.695670247077942 0.624954879283905 0.597616076469421 0.389031022787094 0.40643173456192 0.243245705962181 0.173328548669815 0.216935113072395 0.272702604532242 0.26910737156868 0.227168425917625 0.195463046431541 0.202128469944 0.248907744884491 0.272526144981384 0.229490086436272 0.200641348958015 0.182992488145828 0.196492969989777 0.211696863174438 0.213570952415466 0.0360820926725864 0.0197429526597261 0.0190270729362965 0.0247370693832636 0.0184477809816599 0.0178698841482401 0.0156265497207642 0.0153330778703094 0.0145785491913557 0.0135082574561238 0.0122807668522 0.0110401399433613 0.00909273885190487
0.69432920217514 0.675751686096191 0.661056697368622 0.70532888174057 0.764317512512207 0.751438200473785 0.778116583824158 0.766767859458923 0.707159876823425 0.75154060125351 0.603456556797028 0.5778449177742 0.36544069647789 0.230409637093544 0.273562371730804 0.353112995624542 0.324673861265182 0.269030272960663 0.221922919154167 0.229024171829224 0.241394698619843 0.259974092245102 0.233085989952087 0.198891341686249 0.178978800773621 0.168832540512085 0.167710319161415 0.198031306266785 0.0799795836210251 0.0454085879027843 0.0295679420232773 0.0222451779991388 0.0249168965965509 0.0161935016512871 0.0167730879038572 0.016280697658658 0.0156729035079479 0.0140170650556684 0.0132383061572909 0.0121698649600148 0.0107406917959452
0.658673346042633 0.687310099601746 0.691894233226776 0.725760281085968 0.746672391891479 0.760134637355804 0.727653086185455 0.79801207780838 0.800132155418396 0.856020987033844 0.788429260253906 0.726346492767334 0.558784782886505 0.399581789970398 0.423822075128555 0.442984759807587 0.387898027896881 0.298531621694565 0.246156856417656 0.236723810434341 0.23010978102684 0.209507793188095 0.204659149050713 0.178953468799591 0.146453946828842 0.127274036407471 0.143755525350571 0.16328339278698 0.0791571065783501 0.0387582592666149 0.047990795224905 0.0283670164644718 0.0260368194431067 0.0276993382722139 0.01801523193717 0.0171762928366661 0.0154692446812987 0.0127619132399559 0.0128374164924026 0.0111105386167765 0.0110493153333664
0.627584218978882 0.694565832614899 0.704101085662842 0.720419466495514 0.721287727355957 0.753498017787933 0.768746435642242 0.722046911716461 0.828253269195557 0.884313821792603 0.891073048114777 0.898530244827271 0.807634472846985 0.75667530298233 0.676176488399506 0.539642870426178 0.38276007771492 0.279512256383896 0.220271453261375 0.206174284219742 0.210380345582962 0.208242163062096 0.179793432354927 0.14087350666523 0.111135497689247 0.0975629165768623 0.106283754110336 0.129827782511711 0.137464866042137 0.0706986933946609 0.0461195930838585 0.0677221268415451 0.0509607680141926 0.0270852036774158 0.0270721223205328 0.0177331659942865 0.0159160457551479 0.0143820848315954 0.0147678321227431 0.0135417878627777 0.0127635588869452
-3.4e+38 0.676284551620483 0.729617238044739 0.763589203357697 0.765643179416656 0.770302414894104 0.782355129718781 0.813624024391174 0.857196807861328 0.924090623855591 0.933245718479156 0.945111691951752 0.960949659347534 0.928613126277924 0.804499983787537 0.584674477577209 0.347071647644043 0.251334369182587 0.217080786824226 0.206059262156487 0.219081804156303 0.191202536225319 0.148965269327164 0.113808400928974 0.0928347706794739 0.0741628631949425 0.0692138224840164 0.104225739836693 0.111383773386478 0.146786898374557 0.081823818385601 0.11353425681591 0.100080400705338 0.107962660491467 0.0543920285999775 0.024601811543107 0.023443041369319 0.0150745054706931 0.016063965857029 0.0143176317214966 0.012271941639483
-3.4e+38 0.670096099376678 0.700319111347198 0.784971296787262 0.822755694389343 0.862514555454254 0.855528593063354 0.861441314220428 0.911894679069519 0.950186550617218 0.948781847953796 0.96178150177002 0.954535305500031 0.936759889125824 0.77946412563324 0.496977806091309 0.240699648857117 0.177133709192276 0.142337054014206 0.149459108710289 0.185408905148506 0.207294970750809 0.146424412727356 0.0920941233634949 0.0701707825064659 0.0502638667821884 0.0513908937573433 0.103370696306229 0.154829293489456 0.105984658002853 0.133271872997284 0.0859247744083405 0.0906828194856644 0.0762343034148216 0.12170422822237 0.0597390420734882 0.0180899072438478 0.0173129756003618 0.0162989180535078 0.0150432670488954 0.013970885425806
0.588064253330231 0.620774865150452 0.711501359939575 0.791534960269928 0.853498578071594 0.882304966449738 0.919641196727753 0.928265511989594 0.926088511943817 0.939959108829498 0.961179733276367 0.973385155200958 0.951137065887451 0.886196613311768 0.678842067718506 0.300446510314941 0.157264947891235 0.118497088551521 0.0947269126772881 0.1047602891922 0.112430557608604 0.134498208761215 0.0986278429627419 0.0638032406568527 0.0458493568003178 0.0395391769707203 0.0362348482012749 0.0858419165015221 0.118151694536209 0.142979815602303 0.11619795113802 0.126957774162292 0.106462232768536 0.200317442417145 0.121618054807186 0.0590146146714687 0.0590138621628284 0.0195707157254219 0.0165533982217312 0.0153898727148771 0.0148251093924046
0.567027688026428 0.572441339492798 -3.4e+38 0.816107094287872 0.855527102947235 0.879470646381378 0.956412315368652 0.939761698246002 0.909100115299225 0.916386544704437 0.943850696086884 0.947528898715973 0.941364169120789 0.890150368213654 0.77156537771225 0.250572949647903 0.110015876591206 0.0715367123484612 0.0614640079438686 0.0605244264006615 0.0623481161892414 0.0681492239236832 0.0641934424638748 0.0465466231107712 0.0314822494983673 0.0240244213491678 0.022842651233077 0.0296241417527199 0.0981426164507866 0.0978497490286827 0.100792281329632 0.111908376216888 0.150092795491219 0.24463301897049 0.153880879282951 0.128202229738235 0.121845997869968 0.0520487502217293 0.0489333011209965 0.0236454177647829 0.013631971552968
-3.4e+38 -3.4e+38 -3.4e+38 -3.4e+38 0.853556334972382 0.87518298625946 0.917277216911316 0.905480742454529 0.889771580696106 0.864585041999817 0.925751090049744 0.915051162242889 0.900282859802246 0.866289436817169 0.794423401355743 0.379859268665314 0.113845840096474 0.0710836574435234 0.0443220846354961 0.0444799065589905 0.03697694465518 0.0401303581893444 0.034555945545435 0.0294878073036671 0.0212008915841579 0.018163125962019 0.017741372808814 0.0226039495319128 0.0375828295946121 0.0626817494630814 0.0922109857201576 0.0999662056565285 0.111703425645828 0.155578196048737 0.235088229179382 0.148172602057457 0.170759588479996 0.10347107052803 0.113156609237194 0.0278510712087154 0.0173836052417755
-3.4e+38 -3.4e+38 -3.4e+38 -3.4e+38 -3.4e+38 -3.4e+38 0.799209833145142 0.750694692134857 0.791379868984222 0.864642977714539 0.913232803344727 0.914142429828644 0.885269522666931 0.734777390956879 0.67905455827713 0.513920426368713 0.194030672311783 0.0748679712414742 0.0344526916742325 0.0288881100714207 0.022405132651329 0.0265921652317047 0.022114172577858 0.022319259122014 0.0224873274564743 0.0184542685747147 0.0161324497312307 0.0185417011380196 0.0220719091594219 0.0296971742063761 0.0556368418037891 0.0860541239380836 0.104355685412884 0.166165187954903 0.156886979937553 0.209541320800781 0.187601357698441 0.115228794515133 0.133597850799561 0.0298091191798449 0.0187422409653664
-3.4e+38 -3.4e+38 -3.4e+38 -3.4e+38 -3.4e+38 -3.4e+38 0.728767573833466 0.715177655220032 0.748657047748566 0.918300807476044 0.954069972038269 0.917828023433685 0.879693031311035 0.762742698192596 0.40005686879158 0.290616303682327 0.173689559102058 0.158252418041229 0.0450939573347569 0.020845090970397 0.0169646460562944 0.0183099284768105 0.0177752189338207 0.0162739250808954 0.0205784626305103 0.0168652683496475 0.0176105070859194 0.0192179679870605 0.0183753781020641 0.0197043884545565 0.0236092936247587 0.0406988710165024 0.0639370605349541 0.116931729018688 0.143699824810028 0.350192010402679 0.278720438480377 0.188468873500824 0.105426475405693 0.119206368923187 0.027501305565238
-3.4e+38 -3.4e+38 -3.4e+38 -3.4e+38 -3.4e+38 -3.4e+38 0.609833300113678 0.728344798088074 0.829890310764313 0.923836648464203 -3.4e+38 0.924089014530182 0.80932354927063 0.824472188949585 0.449351787567139 0.407302409410477 0.286636650562286 0.362018615007401 0.157656639814377 0.0557926744222641 0.023203419521451 0.0157129727303982 0.0164224468171597 0.0174247790127993 0.0179153960198164 0.0156875438988209 0.0152039919048548 0.0177158750593662 0.0190087892115116 0.0180012937635183 0.0197942070662975 0.021867036819458 0.0369318462908268 0.072643369436264 0.127550736069679 0.148317605257034 0.15407320857048 0.221670433878899 0.140957415103912 0.228507846593857 0.0636884346604347
-3.4e+38 -3.4e+38 -3.4e+38 -3.4e+38 -3.4e+38 -3.4e+38 0.597515523433685 0.696220695972443 0.798193275928497 0.949127614498138 0.963062107563019 0.773955583572388 0.542345643043518 0.493865489959717 0.708560585975647 0.753178417682648 0.63382214307785 0.474849760532379 0.418211698532104 0.211487501859665 0.0813111737370491 0.0320269875228405 0.0186574514955282 0.0148253822699189 0.0148212974891067 0.0135368416085839 0.0126370768994093 0.0144980801269412 0.0162666626274586 0.000683678023051471 0.000576325575821102 0.000558316707611084 0.000690029875840992 0.0362444967031479 0.080150842666626 0.163406252861023 0.273928821086884 0.294447273015976 0.208700522780418 0.125197246670723 0.15803562104702
-339999999999999996123846586046231871488.000000000000000 -3.4e+38 -3.4e+38 -3.4e+38 -3.4e+38 -3.4e+38 -3.4e+38 0.593696415424347 0.759341597557068 0.86059582233429 0.935487627983093 0.747193515300751 0.513250708580017 0.429951071739197 0.72224485874176 0.773874282836914 0.733377933502197 0.553697526454926 0.476620316505432 0.360214829444885 0.213061705231667 0.0658570006489754 0.0284487549215555 0.0157465953379869 0.0124811353161931 0.0118330083787441 0.0104045895859599 0.0122221652418375 0.00049049814697355 0.000524128670804203 0.000671887770295143 0.000651157868560404 0.000725728226825595 0.000667580810841173 0.0423475243151188 0.080990195274353 0.156251236796379 0.146020531654358 0.177792802453041 0.136197492480278 0.126644000411034
-3.4e+38 -3.4e+38 -3.4e+38 -3.4e+38 -3.4e+38 -3.4e+38 -3.4e+38 0.549890339374542 0.690999925136566 0.816044270992279 0.876557648181915 0.927369296550751 0.713222622871399 0.516948878765106 0.451247930526733 0.797954678535461 0.744792282581329 0.629101753234863 0.456893056631088 0.388562023639679 0.237952932715416 0.100460827350616 0.0348818078637123 0.0162891261279583 0.0117628872394562 0.000415819173213094 0.000284112844383344 0.000354335643351078 0.00037542128120549 0.000546141527593136 0.000632589915767312 0.000587371527217329 0.000473012158181518 0.000440760341007262 0.000509435427375138 0.0344895422458649 0.0783386901021004 0.112572938203812 0.102361530065536 0.130401819944382 0.211273983120918
-3.4e+38 -3.4e+38 -3.4e+38 -3.4e+38 -3.4e+38 -3.4e+38 -3.4e+38 -3.4e+38 0.301995247602463 0.750677347183228 0.827957630157471 0.817794501781464 0.907657563686371 0.855816602706909 0.664687097072601 0.670336842536926 0.790475189685822 0.680923104286194 0.580007374286652 0.39446285367012 0.248725816607475 0.108610242605209 0.0465794838964939 0.018163776025176 0.000416898372350261 0.00034799100831151 0.000339045043801889 0.000290051335468888 0.000336058961693197 0.000386621919460595 0.000562249391805381 0.000431252323323861 0.00040218056528829 0.000327556801494211 0.000344092724844813 0.000437120761489496 0.000877318205311894 0.0341450423002243 0.0490850172936916 0.107613041996956 0.221938014030457
-3.4e+38 -3.4e+38 -3.4e+38 -3.4e+38 -3.4e+38 -3.4e+38 -3.4e+38 -3.4e+38 0.290936261415482 0.414252132177353 0.817633807659149 0.848578035831451 0.84102475643158 0.837904751300812 0.852273643016815 0.845623016357422 0.795457124710083 0.733187317848206 0.641350269317627 0.437668025493622 0.220013722777367 0.120574578642845 0.053455475717783 0.0238063111901283 0.013495797291398 0.000302303145872429 0.000292040494969115 0.000276960665360093 0.000238407592405565 0.00025470438413322 0.000335045449901372 0.000327099318383262 0.000320973835187033 0.000313062715576962 0.000238812921452336 0.000248590455157682 0.000348970643244684 0.000455488654552028 0.0355598516762257 0.0573098883032799 0.128595888614655
-3.4e+38 -3.4e+38 -3.4e+38 -3.4e+38 -3.4e+38 -3.4e+38 -3.4e+38 -3.4e+38 0.596474230289459 0.721421837806702 0.458609461784363 0.829318702220917 0.836533963680267 0.848324358463287 0.840326368808746 0.815707325935364 0.835040748119354 0.785522520542145 0.690371036529541 0.516351521015167 0.254049956798553 0.139420732855797 0.0849037766456604 0.0295420959591866 0.0136292260140181 0.000271463504759595 0.000245184462983161 0.000204959942493588 0.000216871674638242 0.000233278959058225 0.000226203032070771 0.000232596139539964 0.000243784859776497 0.00023761585180182 0.000218272616621107 0.000203321091248654 0.000170476123457775 0.000232646780204959 0.00035791945992969 0.0352925471961498 0.052744023501873
-3.4e+38 -3.4e+38 -3.4e+38 -3.4e+38 -3.4e+38 -3.4e+38 -3.4e+38 -3.4e+38 -3.4e+38 0.700339317321777 0.765292465686798 0.805451333522797 0.816919565200806 0.832674503326416 0.810153067111969 0.818386912345886 0.799375057220459 0.765805125236511 0.599087178707123 0.586131155490875 0.314377218484879 0.144111216068268 0.0770441219210625 0.0288476832211018 0.0136113725602627 0.00943824090063572 0.000218209213926457 0.000170693369000219 0.000159396542585455 0.000144324876600876 0.000183806507266127 0.000188823643838987 0.000173549371538684 0.000169115606695414 0.000146974154631607 0.000136052214656956 0.000124725862406194 0.000136213406221941 0.000166231548064388 0.000230006844503805 0.000417887116782367
-3.4e+38 -3.4e+38 -3.4e+38 -3.4e+38 -3.4e+38 -3.4e+38 -3.4e+38 -3.4e+38 -3.4e+38 -3.4e+38 0.70960521697998 0.757978200912476 0.751598656177521 0.778672397136688 0.81755667924881 0.838515222072601 0.827965259552002 0.760924458503723 0.541164517402649 0.422406494617462 0.312854945659637 0.165443673729897 0.157569155097008 0.0418176762759686 0.0172429103404284 0.00816965475678444 0.00558997504413128 0.000157813483383507 0.00013871438568458 0.000138199175125919 0.000125995095004328 0.000151179046952166 0.000137663373607211 0.000126538201584481 0.000115844013635069 0.000107929852674715 9.90064072539099e-05 0.000107328021840658 0.000119506468763575 0.000151727464981377 0.000219945490243845
-339999999999999996123846586046231871488.000000000000000 -3.4e+38 -3.4e+38 -3.4e+38 -3.4e+38 -3.4e+38 -3.4e+38 -3.4e+38 -3.4e+38 -3.4e+38 -3.4e+38 -3.4e+38 -3.4e+38 -3.4e+38 0.758264303207397 0.665828168392181 0.6247239112854 0.60746443271637 0.46501088142395 0.353082954883575 0.264729708433151 0.220033049583435 0.209159016609192 0.092646986246109 0.0311851613223553 0.00918617751449347 0.0068077091127634 0.00438822293654084 0.000127097984659486 0.000128723040688783 0.000103128040791489 0.00011587100016186 0.000100260622275528 0.00011220425949432 0.000110215936729219 0.000100925317383371 0.000103777660115156 0.000106552623037715 0.000112069865281228 0.000135687150759622 0.000168388534802943
-3.4e+38 -3.4e+38 -3.4e+38 -3.4e+38 -3.4e+38 -3.4e+38 -3.4e+38 -3.4e+38 -3.4e+38 -3.4e+38 -3.4e+38 -3.4e+38 -3.4e+38 -3.4e+38 -3.4e+38 0.464240044355392 0.397109031677246 0.434728056192398 0.629645586013794 0.454913467168808 0.282563269138336 0.162022083997726 0.113502860069275 0.123171634972095 0.0914105325937271 0.0883577018976212 0.00780191225931048 0.00453990092501044 0.000116356175567489 0.000101481091405731 0.000102016980235931 0.000106180756120011 7.66014491091482e-05 9.61873738560826e-05 8.36940453154966e-05 7.6846125011798e-05 8.36528342915699e-05 9.54451970756054e-05 0.00010334249236621 0.00014011500752531 0.000162288604769856
-3.4e+38 -3.4e+38 -3.4e+38 -3.4e+38 -3.4e+38 -3.4e+38 -3.4e+38 -3.4e+38 -3.4e+38 -3.4e+38 -3.4e+38 -3.4e+38 -3.4e+38 -3.4e+38 -3.4e+38 0.393278449773788 0.25085723400116 0.156425014138222 0.45762237906456 0.614695966243744 0.385381102561951 0.144143998622894 0.117529340088367 0.109958000481129 0.18178416788578 0.255319833755493 0.00928585138171911 0.012454473413527 0.00435596564784646 0.000127320003230125 0.000112528752651997 0.000103819198557176 7.00958844390698e-05 7.87259778007865e-05 6.74572438583709e-05 9.06904242583551e-05 9.2977934400551e-05 9.97369934339076e-05 0.000129129839478992 0.000146257196320221 0.000152739259647205
-3.4e+38 -3.4e+38 -3.4e+38 -3.4e+38 -3.4e+38 -3.4e+38 -3.4e+38 -3.4e+38 -3.4e+38 -3.4e+38 -3.4e+38 -3.4e+38 -3.4e+38 0.579263925552368 0.517713308334351 0.59386157989502 0.28560334444046 0.147908166050911 0.133108973503113 0.272884845733643 0.534153163433075 0.4521344602108 0.134839400649071 0.1385488063097 0.229560106992722 0.047782588750124 0.00968960765749216 0.0125275673344731 0.00614150101318955 0.00316329067572951 0.000120326469186693 8.13101360108703e-05 7.13485642336309e-05 6.7446417233441e-05 8.02036302047782e-05 7.70495607866906e-05 7.39319511922076e-05 8.55534672155045e-05 0.000104358136013616 0.000118251169624273 0.000172307554748841
-3.4e+38 -3.4e+38 -3.4e+38 -3.4e+38 -3.4e+38 -3.4e+38 -3.4e+38 -3.4e+38 -3.4e+38 -3.4e+38 -3.4e+38 -3.4e+38 -3.4e+38 0.538295805454254 0.64055347442627 0.717468023300171 0.717028319835663 0.715895771980286 0.288688749074936 0.143621221184731 0.228043615818024 0.407278329133987 0.200853154063225 0.0703057423233986 0.221658945083618 0.286316782236099 0.083176851272583 0.0265885554254055 0.0139576215296984 0.0117832841351628 0.00512823602184653 8.06256648502313e-05 6.71081288601272e-05 6.24835083726794e-05 5.86879250477068e-05 7.53983840695582e-05 6.76254057907499e-05 6.94776827003807e-05 9.5612631412223e-05 0.000103366844996344 0.000141019438160583
