data/climate_estimation/maxent_output/Fritillaria_sichuanica.asc
NCOLS 153 
NROWS 64 
XLLCORNER 97.1666666666667 
YLLCORNER 28.3333333333333 
CELLSIZE 0.0833333333333333 
NODATA_value -3.4e+38 
[rows 20 to 39 of 64, columns 44 to 87 of 153]
0.608115553855896 0.812654137611389 0.801216781139374 0.598225772380829 0.506741046905518 0.419223427772522 0.417178630828857 0.574472069740295 0.52754932641983 0.550104677677155 0.375699758529663 0.41527846455574 0.420432657003403 0.857580482959747 0.975709438323975 0.946728825569153 0.916235387325287 0.793569922447205 0.535319328308105 0.542127311229706 0.55071610212326 0.800881683826447 0.798966228961945 0.547118723392487 0.673723161220551 0.802181720733643 0.740595638751984 0.761189818382263 0.83832848072052 0.946555554866791 0.952691197395325 0.953008353710175 0.880469143390656 0.923005938529968 0.941599190235138 0.876171231269836 0.955269515514374 0.95936393737793 0.968602955341339 0.966774106025696 0.95839124917984 0.957683801651001 0.954290091991425 0.966988444328308
0.763367295265198 0.479494452476501 0.598779678344727 0.879017412662506 0.693734228610992 0.670457243919373 0.652221620082855 0.718071043491364 0.713330209255219 0.692040145397186 0.907960176467896 0.93325811624527 0.859042227268219 0.966192007064819 0.933938920497894 0.974909901618958 0.952725052833557 0.96360969543457 0.912347555160522 0.930059552192688 0.841573357582092 0.834339201450348 0.590347349643707 0.455019235610962 0.420492112636566 0.506792724132538 0.563238203525543 0.911369800567627 0.941525816917419 0.955932796001434 0.956331074237823 0.961658477783203 0.966587424278259 0.951850056648254 0.973333954811096 0.954987287521362 0.959571480751038 0.965152680873871 0.977580845355988 0.960740149021149 0.961575567722321 0.916164457798004 0.923145234584808 0.936907172203064
0.508940517902374 0.631225943565369 0.760505735874176 0.855680704116821 0.889555752277374 0.906774044036865 0.821532547473907 0.853392839431763 0.963270545005798 0.968007206916809 0.929675757884979 0.869115889072418 0.972845494747162 0.973298788070679 0.797087669372559 0.666943550109863 0.737375319004059 0.907409012317657 0.756707847118378 0.796249210834503 0.834992170333862 0.734423995018005 0.821955978870392 0.477026700973511 0.614527761936188 0.734948515892029 0.719405055046082 0.521450459957123 0.694071412086487 0.886812031269073 0.76028710603714 0.907064616680145 0.969329297542572 0.961499214172363 0.964272081851959 0.978320360183716 0.968308687210083 0.977333128452301 0.969823896884918 0.957754850387573 0.975207328796387 0.961831271648407 0.970266461372375 0.927634716033936
0.762240290641785 0.708173751831055 0.625345289707184 0.72683584690094 0.653466284275055 0.823221027851105 0.733933210372925 0.792701721191406 0.935692369937897 0.625889003276825 0.89416366815567 0.48873496055603 0.858910143375397 0.895401358604431 0.977442741394043 0.844523966312408 0.552407383918762 0.722899973392487 0.486244082450867 0.527787983417511 0.720572292804718 0.476138740777969 0.868452370166779 0.91581267118454 0.380853325128555 0.552251279354095 0.882303178310394 0.95511132478714 0.840309739112854 0.782552778720856 0.85477089881897 0.634204745292664 0.862012147903442 0.909529507160187 0.936518847942352 0.971273720264435 0.970373749732971 0.979844450950623 0.970447897911072 0.981512248516083 0.973958015441895 0.9465092420578 0.95176088809967 0.883243024349213
0.781517326831818 0.787067651748657 0.552276849746704 0.586345314979553 0.76334011554718 0.474546313285828 0.7237429022789 0.92012631893158 0.552287042140961 0.421231925487518 0.782382726669312 0.609038293361664 0.915359556674957 0.977082192897797 0.961925029754639 0.917757570743561 0.456336796283722 0.524687469005585 0.744471192359924 0.50338488817215 0.453414618968964 0.535403609275818 0.773377597332001 0.951322853565216 0.756060361862183 0.648627281188965 0.555066466331482 0.917249441146851 0.96234655380249 0.95034646987915 0.971884548664093 0.947025716304779 0.96224182844162 0.933825850486755 0.973982036113739 0.974905252456665 0.923865616321564 0.930687665939331 0.980493128299713 0.979142785072327 0.942861497402191 0.904997169971466 0.83009147644043 0.771225214004517
0.755362451076508 0.735296428203583 0.687939763069153 0.663667023181915 0.627372562885284 0.70589941740036 0.875726044178009 0.774279475212097 0.555863499641418 0.662603735923767 0.72947484254837 0.861884295940399 0.941008388996124 0.912497103214264 0.973053336143494 0.982423484325409 0.741380572319031 0.42384997010231 0.738997220993042 0.885299384593964 0.744902968406677 0.49884220957756 0.704087793827057 0.87184876203537 0.954220235347748 0.953659951686859 0.510901212692261 0.68395209312439 0.969096779823303 0.966006815433502 0.977388918399811 0.968942821025848 0.965003788471222 0.978545844554901 0.972716212272644 0.965797603130341 0.792753875255585 0.871006727218628 0.978538930416107 0.953835725784302 0.930986166000366 0.816000938415527 0.775379955768585 0.72528749704361
0.674797594547272 0.782328248023987 0.724079668521881 0.748774468898773 0.809867441654205 0.836539089679718 0.773774147033691 0.587055742740631 0.411853194236755 0.450907826423645 0.471113711595535 0.607663452625275 0.749458849430084 0.903497457504272 0.962202966213226 0.976750016212463 0.798044323921204 0.498199373483658 0.492444783449173 0.824420571327209 0.770029187202454 0.437135636806488 0.508123099803925 0.723362982273102 0.526160597801208 0.901048958301544 0.941938579082489 0.954774618148804 0.973091244697571 0.962386667728424 0.720991492271423 0.935445070266724 0.967488646507263 0.975927472114563 0.932810664176941 0.793061852455139 0.925625860691071 0.978427886962891 0.974631905555725 0.933702290058136 0.811096251010895 0.731968760490417 0.712475955486298 0.714414894580841
0.751032829284668 0.792807042598724 0.729505479335785 0.836637854576111 0.746975839138031 0.592873096466064 0.575254499912262 0.549353957176208 0.381701231002808 0.437279641628265 0.592495918273926 0.489492267370224 0.881224095821381 0.974933922290802 0.975937962532043 0.954424142837524 0.612362384796143 0.566836178302765 0.850345075130463 0.832662403583527 0.941894710063934 0.695662319660187 0.462490379810333 0.824055075645447 0.92463618516922 0.941702842712402 0.945058882236481 0.960838735103607 0.914447009563446 0.926758587360382 0.950911343097687 0.980840086936951 0.973799586296082 0.898718357086182 0.77474707365036 0.939801812171936 0.972912609577179 0.960976123809814 0.934609293937683 0.819169461727142 0.739192187786102 0.73496276140213 0.714066326618195 0.713983654975891
0.910029053688049 0.735629439353943 0.7413569688797 0.788211405277252 0.667057693004608 0.404863864183426 0.503093123435974 0.839783430099487 0.615758061408997 0.709011077880859 0.669147431850433 0.524402558803558 0.675082504749298 0.963191151618958 0.942032158374786 0.964023947715759 0.758240461349487 0.686474919319153 0.879682600498199 0.973987340927124 0.753266513347626 0.606074273586273 0.397962003946304 0.497565716505051 0.547222256660461 0.639678359031677 0.407237648963928 0.250160992145538 0.683224678039551 0.956718921661377 0.97330766916275 0.95895653963089 0.976174354553223 0.978368997573853 0.960164904594421 0.981574296951294 0.960460722446442 0.909321069717407 0.847358345985413 0.74367219209671 0.726744294166565 0.722502768039703 0.716947197914124 0.730388402938843
0.945865154266357 0.93080860376358 0.744262158870697 0.630306720733643 0.779716849327087 0.471455663442612 0.528576016426086 0.555729269981384 0.727185666561127 0.574604570865631 0.659834086894989 0.635024428367615 0.912151575088501 0.97402036190033 0.963131964206696 0.967770755290985 0.89129227399826 0.571195781230927 0.801222801208496 0.959581732749939 0.851584732532501 0.800852656364441 0.450640439987183 0.514659404754639 0.401201277971268 0.533494532108307 0.828600943088531 0.890469074249268 0.926307857036591 0.875873923301697 0.981214821338654 0.966784060001373 0.977680861949921 0.974584221839905 0.972111463546753 0.909027338027954 0.937897086143494 0.875207483768463 0.770524859428406 0.734579145908356 0.727254211902618 0.717499434947968 0.715690732002258 0.728428304195404
0.919456005096436 0.949432671070099 0.902326703071594 0.632258534431458 0.644423186779022 0.407047033309937 0.780475318431854 0.678693056106567 0.889687836170197 0.785394132137299 0.712705671787262 0.722854018211365 0.960447788238525 0.955475628376007 0.893219828605652 0.7999027967453 0.614516735076904 0.744157135486603 0.93607234954834 0.9599289894104 0.9453364610672 0.555591940879822 0.516562938690186 0.59116518497467 0.438466936349869 0.424039721488953 0.502403557300568 0.833716511726379 0.966129302978516 0.973017394542694 0.974348902702332 0.971798658370972 0.966103434562683 0.95981365442276 0.861524701118469 0.84834611415863 0.834532618522644 0.735917270183563 0.692099332809448 0.731790602207184 0.710216999053955 0.703563809394836 0.714865982532501 0.729768455028534
0.62743067741394 0.875706255435944 0.954729735851288 0.951858103275299 0.771392941474915 0.481387168169022 0.815247237682343 0.852048277854919 0.95473575592041 0.972295522689819 0.726925134658813 0.910329222679138 0.970010638237 0.766133606433868 0.895301282405853 0.969256579875946 0.972499072551727 0.971923410892487 0.972698032855988 0.962430059909821 0.965652704238892 0.720586836338043 0.7415372133255 0.772790431976318 0.648833870887756 0.606637477874756 0.874213516712189 0.956300437450409 0.975353956222534 0.974799633026123 0.975581407546997 0.903745532035828 0.866991221904755 0.822816550731659 0.738884568214417 0.723292887210846 0.755880057811737 0.723690867424011 0.694108664989471 0.71409946680069 0.706915974617004 0.700248181819916 0.696809470653534 0.728742122650146
0.73816043138504 0.890493988990784 0.913372397422791 0.970274031162262 0.956842422485352 0.589641451835632 0.575282096862793 0.707448482513428 0.518471896648407 0.875044047832489 0.976541042327881 0.903962433338165 0.966956913471222 0.968139588832855 0.970386862754822 0.940073370933533 0.743979692459106 0.950519442558289 0.961862444877625 0.841858088970184 0.85928350687027 0.942403614521027 0.894258499145508 0.839550375938416 0.597796082496643 0.761111855506897 0.949078619480133 0.967865288257599 0.972686886787415 0.968332827091217 0.947706460952759 0.897035300731659 0.897197902202606 0.704872310161591 0.736426115036011 0.69542795419693 0.671232283115387 0.69631689786911 0.679441869258881 0.712133467197418 0.704988598823547 0.68541419506073 0.693085908889771 0.742061376571655
0.92187774181366 0.905338525772095 0.88557893037796 0.96055006980896 0.902499198913574 0.781647622585297 0.624819695949554 0.691120982170105 0.755789339542389 0.545780718326569 0.856078386306763 0.975695490837097 0.939321041107178 0.963952660560608 0.645141124725342 0.727337121963501 0.631573438644409 0.655201435089111 0.812379360198975 0.913299977779388 0.698828995227814 0.830343961715698 0.870962858200073 0.92626965045929 0.719297468662262 0.907266020774841 0.931677103042603 0.974451780319214 0.967117726802826 0.957700073719025 0.946542680263519 0.93750274181366 0.80361145734787 0.702913522720337 0.689186632633209 0.707941055297852 0.655433833599091 0.676504611968994 0.661264359951019 0.709340631961823 0.704492032527924 0.69955176115036 0.689597308635712 0.739665031433105
0.817865312099457 0.925233721733093 0.943219780921936 0.954635441303253 0.721161305904388 0.806726574897766 0.675845801830292 0.705389797687531 0.938051760196686 0.93493914604187 0.962195932865143 0.966744661331177 0.955449163913727 0.967306673526764 0.909430623054504 0.976463437080383 0.958287179470062 0.704561710357666 0.526089549064636 0.647046387195587 0.828038990497589 0.940979957580566 0.958714485168457 0.911984324455261 0.534127771854401 0.607651174068451 0.798931777477264 0.962713778018951 0.972129821777344 0.951437294483185 0.905930936336517 0.878107368946075 0.70298171043396 0.653888165950775 0.684478223323822 0.696237206459045 0.653519868850708 0.675115704536438 0.651272773742676 0.710229754447937 0.702121734619141 0.705827832221985 0.710305571556091 0.715367257595062
0.906636714935303 0.887711524963379 0.954939305782318 0.689254343509674 0.939310610294342 0.825495719909668 0.88076388835907 0.778399407863617 0.883570969104767 0.73556923866272 0.901864945888519 0.801111936569214 0.94721257686615 0.971869349479675 0.94924521446228 0.95016998052597 0.922920942306519 0.589310348033905 0.67521470785141 0.769619882106781 0.948810517787933 0.958024144172668 0.941185534000397 0.970082223415375 0.960465967655182 0.940125286579132 0.96439915895462 0.971803665161133 0.967561066150665 0.965862095355988 0.923519849777222 0.729740858078003 0.721527874469757 0.67782586812973 0.689268290996552 0.646652281284332 0.664682030677795 0.658752799034119 0.640416145324707 0.720284938812256 0.727323472499847 0.720730721950531 0.703431248664856 0.752071797847748
0.813076615333557 0.949994504451752 0.977680146694183 0.729161620140076 0.593882381916046 0.786601483821869 0.85893052816391 0.867212235927582 0.670777916908264 0.812794923782349 0.958869099617004 0.853620171546936 0.499810189008713 0.901297450065613 0.968346297740936 0.89827299118042 0.425572872161865 0.574277222156525 0.875363826751709 0.846482217311859 0.961736083030701 0.943461656570435 0.966292917728424 0.96539318561554 0.9638671875 0.977934956550598 0.983347833156586 0.961284875869751 0.920567572116852 0.883692860603333 0.799603044986725 0.698962807655334 0.672593057155609 0.674884378910065 0.650478303432465 0.656742513179779 0.66956090927124 0.626407206058502 0.672581672668457 0.692602097988129 0.697470307350159 0.700451910495758 0.768302321434021 0.713375985622406
0.942593097686768 0.875458240509033 0.976034820079803 0.944053947925568 0.656086146831512 0.830288469791412 0.885307610034943 0.967105090618134 0.888247728347778 0.87288510799408 0.798035144805908 0.834864974021912 0.60219794511795 0.920352399349213 0.950958490371704 0.928701281547546 0.832403779029846 0.905274987220764 0.90910404920578 0.938322961330414 0.931819260120392 0.931856095790863 0.922268211841583 0.967324674129486 0.958560347557068 0.96765524148941 0.952231287956238 0.947957396507263 0.936937808990479 0.835879623889923 0.708111047744751 0.653759181499481 0.620521247386932 0.640235900878906 0.666918575763702 0.670467734336853 0.638968765735626 0.664610862731934 0.70476096868515 0.700662672519684 0.699724078178406 0.742577314376831 0.727186918258667 0.660118520259857
0.935413479804993 0.958777070045471 0.965980350971222 0.692028999328613 0.952888250350952 0.873694539070129 0.878734707832336 0.955943882465363 0.921916723251343 0.751981616020203 0.633657991886139 0.703001797199249 0.879286110401154 0.869747400283813 0.966893553733826 0.953489661216736 0.894509077072144 0.973349630832672 0.818875133991241 0.729159891605377 0.94662618637085 0.960838615894318 0.890059769153595 0.961361885070801 0.953958451747894 0.968290984630585 0.962855994701385 0.935658037662506 0.910915195941925 0.697517812252045 0.650328040122986 0.615157067775726 0.63611900806427 0.65426230430603 0.630770623683929 0.635635733604431 0.658466935157776 0.663762509822845 0.668553292751312 0.675926804542542 0.69117659330368 0.756812632083893 0.670145988464355 0.656055271625519
0.829012870788574 0.978594183921814 0.968402981758118 0.948530733585358 0.762749075889587 0.753990769386292 0.842913329601288 0.897284865379333 0.92728978395462 0.727987110614777 0.607101738452911 0.788769602775574 0.900443911552429 0.928731620311737 0.916057467460632 0.955679714679718 0.918222069740295 0.968382179737091 0.90980851650238 0.915603220462799 0.951222240924835 0.965783953666687 0.921877324581146 0.902665615081787 0.957427322864532 0.910122811794281 0.896316945552826 0.914175987243652 0.745673954486847 0.673303842544556 0.619431495666504 0.65004175901413 0.615301132202148 0.627877175807953 0.655736327171326 0.630224406719208 0.633218467235565 0.663634240627289 0.644802093505859 0.704005122184753 0.733402073383331 0.676489472389221 0.619197130203247 0.586944162845612
