data/climate_estimation/maxent_output/Fritillaria_delavayi.asc
NCOLS 154 
NROWS 77 
XLLCORNER 88.75 
YLLCORNER 26.75 
CELLSIZE 0.0833333333333333 
NODATA_value -3.4e+38 
[rows 40 to 59 of 77, columns 44 to 87 of 154]
0.338274657726288 0.363741546869278 0.43753969669342 0.469088673591614 0.305975824594498 0.371836811304092 0.219127207994461 0.271181553602219 0.298045009374619 0.376242607831955 0.756125688552856 0.467048525810242 0.498937517404556 0.598130643367767 0.848335802555084 0.856952428817749 0.913647353649139 0.843510031700134 0.8376105427742 0.857619106769562 0.84948468208313 0.849805295467377 0.827966928482056 0.691037952899933 0.727256298065186 0.734053075313568 0.778538107872009 0.872704744338989 0.845654010772705 0.793405532836914 0.905801832675934 0.844543755054474 0.817681789398193 0.558286130428314 0.262055486440659 0.859083354473114 0.851748466491699 0.862149059772491 0.846879124641418 0.854433000087738 0.876213669776917 0.795272469520569 0.877399682998657 0.852244853973389
0.33640518784523 0.410928457975388 0.383018255233765 0.383928835391998 0.290490806102753 0.325739920139313 0.259192258119583 0.288308501243591 0.429366648197174 0.488188087940216 0.644179224967957 0.596141219139099 0.431371986865997 0.452784538269043 0.723390936851501 0.546827852725983 0.57429301738739 0.814469635486603 0.766045033931732 0.856434285640717 0.848389267921448 0.862736105918884 0.843700110912323 0.847692131996155 0.709799885749817 0.773484826087952 0.78727787733078 0.876908719539642 0.833490192890167 0.909231185913086 0.919344246387482 0.86822646856308 0.85076642036438 0.830420255661011 0.598777174949646 0.405791908502579 0.853008508682251 0.864226460456848 0.873634457588196 0.861774265766144 0.880228936672211 0.865710914134979 0.889370918273926 0.896543622016907
0.313153117895126 0.31688866019249 0.34797278046608 0.319450229406357 0.418901056051254 0.46312153339386 0.277350902557373 0.277840375900269 0.367688536643982 0.298984915018082 0.437579810619354 0.378742754459381 0.498947501182556 0.416100144386292 0.57575923204422 0.488341242074966 0.64991569519043 0.62443208694458 0.614380478858948 0.727248787879944 0.680987775325775 0.771094143390656 0.825435161590576 0.797499418258667 0.863094985485077 0.823332071304321 0.808438420295715 0.866325199604034 0.863786220550537 0.884445488452911 0.897324860095978 0.682982265949249 0.827415466308594 0.856202125549316 0.597692430019379 0.228226765990257 0.652543485164642 0.882393598556519 0.879561960697174 0.856164038181305 0.867713212966919 0.846843063831329 0.877004504203796 0.658883154392242
0.317355990409851 0.3251813352108 0.346754342317581 0.37224817276001 0.400261461734772 0.501846015453339 0.432698637247086 0.306628584861755 0.337867438793182 0.329261988401413 0.40492308139801 0.415276259183884 0.448622316122055 0.434221506118774 0.515546977519989 0.531862735748291 0.630202651023865 0.53949385881424 0.67127513885498 0.653457462787628 0.685141444206238 0.73185783624649 0.823656141757965 0.863366365432739 0.815284192562103 0.860256493091583 0.86761212348938 0.860694229602814 0.877922356128693 0.870564937591553 0.869448304176331 0.862762451171875 0.928244352340698 0.764238059520721 0.388873219490051 0.164816036820412 0.259818732738495 0.768937468528748 0.888005435466766 0.897907495498657 0.89825701713562 0.902598738670349 0.874093294143677 0.857260525226593
0.335879921913147 0.335023999214172 0.338585615158081 0.358638167381287 0.405294001102448 0.461052268743515 0.47873666882515 0.293413013219833 0.327089607715607 0.387579917907715 0.407824784517288 0.440793991088867 0.540680825710297 0.521110713481903 0.466877907514572 0.580624639987946 0.621010303497314 0.660054504871368 0.666508913040161 0.734920144081116 0.714261710643768 0.755128800868988 0.874620914459229 0.867901086807251 0.828747689723969 0.845721125602722 0.856367528438568 0.867971897125244 0.885361433029175 0.892230689525604 0.886297404766083 0.857364416122437 0.853291809558868 0.852379858493805 0.728811085224152 0.246646240353584 0.252542048692703 0.700859785079956 0.631897032260895 0.647181272506714 0.870275318622589 0.853742718696594 0.8482865691185 0.868473470211029
0.369224816560745 0.278835237026215 0.307468742132187 0.3533675968647 0.450320243835449 0.440429151058197 0.504418969154358 0.412070453166962 0.443251341581345 0.419822663068771 0.378397196531296 0.493144005537033 0.626073718070984 0.644525051116943 0.510167121887207 0.565953612327576 0.670855164527893 0.751508235931396 0.81077378988266 0.784851133823395 0.793794333934784 0.797336578369141 0.900428712368011 0.861983001232147 0.878357708454132 0.875374495983124 0.880565285682678 0.885355651378632 0.882790625095367 0.877581655979156 0.916865527629852 0.851476728916168 0.763855516910553 0.630067110061646 0.498756259679794 0.0891208946704865 0.53532212972641 0.900063872337341 0.847950041294098 0.908653497695923 0.879566192626953 0.88570636510849 0.899716317653656 0.874143481254578
0.494810968637466 0.331129044294357 0.367618530988693 0.46249070763588 0.368701905012131 0.426846921443939 0.564585983753204 0.399126559495926 0.439057916402817 0.541534125804901 0.41182079911232 0.470981419086456 0.555431425571442 0.815801680088043 0.566229224205017 0.55054122209549 0.649237930774689 0.681729316711426 0.852694809436798 0.871945559978485 0.790510058403015 0.90171217918396 0.86662220954895 0.875985383987427 0.888237595558167 0.888226747512817 0.905355513095856 0.880206406116486 0.895641505718231 0.865211248397827 0.854480981826782 0.838522911071777 0.256857544183731 0.0968369320034981 0.0944505035877228 0.409767299890518 0.8386470079422 0.838285267353058 0.901586830615997 0.899057686328888 0.857241570949554 0.910428643226624 0.881993591785431 0.896417200565338
0.555453240871429 0.61529415845871 0.414715945720673 0.583364009857178 0.407795548439026 0.668123126029968 0.413774013519287 0.441676706075668 0.65747481584549 0.607725560665131 0.408572047948837 0.592050552368164 0.782849490642548 0.913183629512787 0.912936866283417 0.766096115112305 0.866867780685425 0.928972959518433 0.872399032115936 0.863754153251648 0.87418532371521 0.869746387004852 0.88855504989624 0.883158922195435 0.884597778320312 0.888154149055481 0.90732753276825 0.904757559299469 0.915791511535645 0.70350182056427 0.42815837264061 0.101296648383141 0.0591365471482277 0.209375932812691 0.25205785036087 0.774573862552643 0.902835786342621 0.906473219394684 0.910498678684235 0.913758933544159 0.861656785011292 0.764811158180237 0.892362952232361 0.883220076560974
0.612173557281494 0.909394383430481 0.941248953342438 0.909853875637054 0.82014012336731 0.747813045978546 0.541708528995514 0.637880027294159 0.898208379745483 0.763530850410461 0.527009963989258 0.774691879749298 0.937777936458588 0.822713255882263 0.938079655170441 0.86930525302887 0.868027448654175 0.879551112651825 0.857735753059387 0.90096777677536 0.873027622699738 0.885550200939178 0.896523296833038 0.901658415794373 0.907161891460419 0.914595782756805 0.920658111572266 0.848978698253632 0.850853204727173 0.672278344631195 0.0569049268960953 0.070862740278244 0.421078979969025 0.719480574131012 0.916655600070953 0.908913254737854 0.902474224567413 0.912756681442261 0.854405462741852 0.870961248874664 0.874866962432861 0.666842043399811 0.835067808628082 0.90550696849823
0.672608375549316 0.723664164543152 0.634732067584991 0.815933406352997 0.914652585983276 0.922376930713654 0.900541484355927 0.883106529712677 0.860807776451111 0.899283349514008 0.835431218147278 0.888520777225494 0.689820289611816 0.504502534866333 0.553848385810852 0.677007973194122 0.718684077262878 0.935449659824371 0.748410701751709 0.796283066272736 0.938535273075104 0.898312926292419 0.944678485393524 0.905177056789398 0.833786964416504 0.871676564216614 0.858448088169098 0.854632973670959 0.382811814546585 0.0750018060207367 0.0665558874607086 0.237210035324097 0.386244684457779 0.906098544597626 0.909564793109894 0.860810816287994 0.875994622707367 0.859962224960327 0.759774267673492 0.652457654476166 0.486467093229294 0.832181930541992 0.826873242855072 0.833130776882172
0.528498291969299 0.679326355457306 0.577472984790802 0.530153810977936 0.56651371717453 0.75402420759201 0.584916532039642 0.799965560436249 0.685056984424591 0.797292172908783 0.864767730236053 0.86627995967865 0.653913021087646 0.562725424766541 0.639811933040619 0.772676467895508 0.841873705387115 0.903591513633728 0.753239750862122 0.906045973300934 0.897148609161377 0.899668991565704 0.910034358501434 0.914375960826874 0.862309753894806 0.386413782835007 0.770747244358063 0.291965335607529 0.029714822769165 0.0108187282457948 0.0191362984478474 0.0749808102846146 0.528336346149445 0.859287440776825 0.920508086681366 0.879682958126068 0.578538179397583 0.879759132862091 0.887298285961151 0.505048871040344 0.204959779977798 0.800340592861176 0.557237088680267 0.854310870170593
0.447128981351852 0.454931735992432 0.465768665075302 0.497400194406509 0.628327131271362 0.667640805244446 0.541436076164246 0.74595582485199 0.535665333271027 0.448830515146255 0.518797099590302 0.779051601886749 0.681516945362091 0.518541157245636 0.703398168087006 0.832710206508636 0.870598196983337 0.917306661605835 0.872267961502075 0.901652097702026 0.914826512336731 0.794129908084869 0.811106562614441 0.878109633922577 0.866503477096558 0.398383885622025 0.0999016910791397 0.0591268725693226 0.00953611172735691 0.0722947120666504 0.148868963122368 0.0777550935745239 0.138778910040855 0.644419252872467 0.870655953884125 0.884348452091217 0.564287066459656 0.63037496805191 0.700332522392273 0.563049376010895 0.217238277196884 0.315814316272736 0.271304279565811 0.631258487701416
0.426265895366669 0.421317636966705 0.409690737724304 0.436380475759506 0.474245518445969 0.489921748638153 0.482898145914078 0.614173889160156 0.657923758029938 0.558436334133148 0.669439733028412 0.576745927333832 0.702713251113892 0.601586043834686 0.725674331188202 0.839188396930695 0.872926831245422 0.904088139533997 0.942606329917908 0.90784102678299 0.908952355384827 0.625061511993408 0.398971706628799 0.855033338069916 0.931853771209717 0.660850763320923 0.193938255310059 0.077838160097599 0.0105822840705514 0.00685125403106213 0.0266638230532408 0.566107749938965 0.417815834283829 0.301754087209702 0.570598661899567 0.887805640697479 0.608985483646393 0.374734431505203 0.515189051628113 0.567686259746552 0.451373994350433 0.0737563595175743 0.284308195114136 0.860279679298401
0.454448759555817 0.431337088346481 0.407351016998291 0.499607890844345 0.490584462881088 0.451010078191757 0.502107739448547 0.596458494663239 0.695029318332672 0.733109295368195 0.817931592464447 0.779359221458435 0.639881074428558 0.691118836402893 0.876017510890961 0.815414488315582 0.935602903366089 0.915672898292542 0.92358410358429 0.924618601799011 0.921797454357147 0.858773767948151 0.323596030473709 0.637312114238739 0.898142337799072 0.854869067668915 0.0661833137273788 0.114496022462845 0.021487295627594 0.0358443446457386 0.00892124976962805 0.052987776696682 0.575124442577362 0.714047431945801 0.726210474967957 0.807932376861572 0.817848443984985 0.578711092472076 0.245520561933517 0.447313994169235 0.366981446743011 0.094018280506134 0.429920017719269 0.403356373310089
0.510515809059143 0.553167045116425 0.550393164157867 0.525402307510376 0.615572690963745 0.566419899463654 0.577107667922974 0.731139540672302 0.757290601730347 0.65636020898819 0.813933849334717 0.905886948108673 0.865025460720062 0.942189574241638 0.923202276229858 0.955146014690399 0.923697471618652 0.962926983833313 0.841269195079803 0.485487669706345 0.390237390995026 0.728104531764984 0.762792468070984 0.207656890153885 0.904256045818329 0.466062247753143 0.0214472822844982 0.073246642947197 0.0686275288462639 0.0416080616414547 0.0269602239131927 0.00552677176892757 0.0544954016804695 0.186314597725868 0.126268476247787 0.780908524990082 0.265426725149155 0.485157936811447 0.381639271974564 0.10502802580595 0.0863377451896667 0.0316206514835358 0.0785952657461166 0.18103463947773
0.493071734905243 0.480426758527756 0.522931575775146 0.691734313964844 0.7604700922966 0.857391595840454 0.733812272548676 0.77676910161972 0.942276835441589 0.784977436065674 0.737279653549194 0.888437807559967 0.913800299167633 0.896813809871674 0.857328295707703 0.882905066013336 0.860272586345673 0.92365550994873 0.931976854801178 0.850244700908661 0.707178473472595 0.366171509027481 0.252991288900375 0.125864610075951 0.145575806498528 0.031331978738308 0.00796718988567591 0.0520830862224102 0.102020151913166 0.106711104512215 0.0987096875905991 0.0103438971564174 0.0152128338813782 0.0176644623279572 0.15521128475666 0.58083564043045 0.532320261001587 0.18873143196106 0.0489573515951633 0.0403291583061218 0.0232550594955683 0.0522896647453308 0.536053478717804 0.738905668258667
0.567909479141235 0.598885893821716 0.572332620620728 0.527974724769592 0.508613109588623 0.675070106983185 0.930787920951843 0.804513692855835 0.91030478477478 0.917097628116608 0.868518352508545 0.765111863613129 0.550356268882751 0.965915262699127 0.926932513713837 0.353489995002747 0.209987252950668 0.610994160175323 0.730974495410919 0.358468860387802 0.786163091659546 0.891139626502991 0.904778599739075 0.394926607608795 0.273380607366562 0.240658327937126 0.00977664347738028 0.0140135856345296 0.0304022878408432 0.00910969451069832 0.0543568283319473 0.0171723160892725 0.0109756020829082 0.0128353182226419 0.064370833337307 0.188194140791893 0.138120532035828 0.1089201644063 0.166647613048553 0.0547117814421654 0.0181017257273197 0.0269058607518673 0.299052208662033 0.437347799539566
0.622625648975372 0.607673227787018 0.617604076862335 0.736161530017853 0.617735207080841 0.724252283573151 0.947648406028748 0.958015918731689 0.938906252384186 0.920074582099915 0.916802942752838 0.874290406703949 0.332838475704193 0.29095584154129 0.19861364364624 0.206405967473984 0.108055084943771 0.0277892239391804 0.0295875575393438 0.0255551189184189 0.493631541728973 0.46491727232933 0.828767597675323 0.83446341753006 0.512756705284119 0.0855872333049774 0.00865080300718546 0.00489684008061886 0.0194032173603773 0.0100432289764285 0.00800307001918554 0.00469289813190699 0.0153714474290609 0.014803497120738 0.025355651974678 0.0702211707830429 0.0178955513983965 0.0316432751715183 0.0296118687838316 0.0216467939317226 0.0179872196167707 0.032018568366766 0.0235256720334291 0.265177845954895
0.63235479593277 0.6131951212883 0.735601425170898 0.853480279445648 0.868873000144958 0.910677254199982 0.815985798835754 0.858211815357208 0.91685426235199 0.924621760845184 0.927451133728027 0.93195253610611 0.967133224010468 0.877963781356812 0.589772284030914 0.665602385997772 0.778898179531097 0.392271250486374 0.392097443342209 0.0334762334823608 0.0306333564221859 0.0744867697358131 0.156813263893127 0.600601136684418 0.16832922399044 0.0154723040759563 0.00477790273725986 0.00228353962302208 0.00431350711733103 0.00431350711733103 0.00250680325552821 0.00536218471825123 0.0150677505880594 0.00769941508769989 0.0686103627085686 0.0940701365470886 0.0331145897507668 0.00696330098435283 0.00338872615247965 0.00173949776217341 0.013845281675458 0.126258969306946 0.0411516800522804 0.0227058995515108
0.788305342197418 0.769033193588257 0.772063493728638 0.560036480426788 0.564667642116547 0.682778000831604 0.910268545150757 0.960940062999725 0.855745077133179 0.360044360160828 0.650434017181396 0.557781517505646 0.611026525497437 0.403098374605179 0.0845803916454315 0.1898233294487 0.254714399576187 0.28676962852478 0.0594912506639957 0.103979848325253 0.00575071014463902 0.0135455392301083 0.244573086500168 0.359494596719742 0.180301904678345 0.0178539250046015 0.0020084735006094 0.00154784659389406 0.00122745370026678 0.00151854008436203 0.00486835744231939 0.00412672851234674 0.0216134823858738 0.00320752570405602 0.019838472828269 0.00577655714005232 0.00356492702849209 0.00152016652282327 0.000872385571710765 0.000751820567529649 0.0032811569981277 0.0239056684076786 0.197148308157921 0.168315038084984
