data/climate_estimation/maxent_output/Fritillaria_unibracteata.asc
NCOLS 50 
NROWS 72 
XLLCORNER 99.75 
YLLCORNER 30 
CELLSIZE 0.0833333333333334 
NODATA_value -3.4e+38 
[rows 20 to 39 of 72, columns 0 to 43 of 50]
0.871307730674744 0.852462530136108 0.889095842838287 0.921252369880676 0.908865630626678 0.8972487449646 0.880601227283478 0.907723188400269 0.889987051486969 0.921068727970123 0.9100461602211 0.933060169219971 0.961444079875946 0.951170802116394 0.939631402492523 0.956759750843048 0.947924494743347 0.930006325244904 0.915160655975342 0.942680060863495 0.966574966907501 0.977735936641693 0.990882396697998 0.988193392753601 0.987691581249237 0.986068665981293 0.986403465270996 0.986218631267548 0.994000792503357 0.985570967197418 0.984789371490479 0.997338831424713 0.997118175029755 0.992267370223999 0.994168698787689 0.986321985721588 0.990728735923767 0.983088076114655 0.996022284030914 0.995586037635803 0.995601952075958 0.997569739818573 0.995540738105774 0.994869232177734
0.885799765586853 0.87569385766983 0.855311572551727 0.848848164081573 0.898387610912323 0.919643223285675 0.904783308506012 0.903988599777222 0.873175263404846 0.904514670372009 0.927254021167755 0.941024959087372 0.951338529586792 0.938088834285736 0.957076013088226 0.962421655654907 0.958051323890686 0.959343671798706 0.967816174030304 0.927154421806335 0.943867266178131 0.955919027328491 0.970700025558472 0.992166936397552 0.993264138698578 0.996867418289185 0.995868027210236 0.989838123321533 0.991906583309174 0.990493953227997 0.985534906387329 0.986564338207245 0.987211763858795 0.99422949552536 0.992477655410767 0.981572508811951 0.968601047992706 0.983346283435822 0.976811766624451 0.971954762935638 0.967792630195618 0.961243629455566 0.978176534175873 0.99135833978653
0.864321172237396 0.859583973884583 0.914846539497375 0.898005127906799 0.889801502227783 0.903414845466614 0.892347633838654 0.902109622955322 0.902975261211395 0.934155106544495 0.911841630935669 0.942651331424713 0.936481118202209 0.922198474407196 0.964887917041779 0.975035846233368 0.974518895149231 0.977488100528717 0.977590680122375 0.972024440765381 0.990139722824097 0.982709467411041 0.963991165161133 0.955806970596313 0.983586609363556 0.996532917022705 0.992911994457245 0.992487549781799 0.993056893348694 0.994949698448181 0.990630149841309 0.991807818412781 0.985483467578888 0.985836863517761 0.985830426216125 0.978049695491791 0.978451728820801 0.966203391551971 0.956488072872162 0.940306901931763 0.93492978811264 0.937028288841248 0.95173841714859 0.972602844238281
0.786639750003815 0.838845014572144 0.893226504325867 0.917574882507324 0.907064497470856 0.921338319778442 0.944404065608978 0.915690004825592 0.93212753534317 0.921650409698486 0.924735844135284 0.925600469112396 0.922128677368164 0.981198906898499 0.957602024078369 0.968065321445465 0.966252148151398 0.979527235031128 0.977068185806274 0.986645102500916 0.987072467803955 0.993748009204865 0.989275932312012 0.969696819782257 0.967537224292755 0.972540259361267 0.988691210746765 0.993059575557709 0.987414658069611 0.989139318466187 0.989546656608582 0.991619229316711 0.973976612091064 0.985513031482697 0.9862419962883 0.984053492546082 0.976998627185822 0.993921339511871 0.985679388046265 0.967037558555603 0.924905300140381 0.950178623199463 0.931032776832581 0.923424363136292
0.829494535923004 0.791967213153839 0.830932676792145 0.89616471529007 0.918124556541443 0.937956094741821 0.945126950740814 0.941559612751007 0.953420400619507 0.94791841506958 0.942459285259247 0.922175705432892 0.9094198346138 0.975692927837372 0.979888558387756 0.96286952495575 0.974224925041199 0.978093147277832 0.983469784259796 0.983309924602509 0.978986024856567 0.973702430725098 0.989998042583466 0.985544860363007 0.981193840503693 0.983672201633453 0.9691002368927 0.963180661201477 0.977139949798584 0.969512164592743 0.981684982776642 0.976669192314148 0.981121182441711 0.983682632446289 0.967643439769745 0.96860808134079 0.970525205135345 0.975600361824036 0.992717325687408 0.995426714420319 0.993266642093658 0.983895540237427 0.966762542724609 0.95906537771225
0.852826654911041 0.910786747932434 0.899415969848633 0.8834148645401 0.908409357070923 0.909748435020447 0.937030851840973 0.957267642021179 0.955773234367371 0.895545423030853 0.908011078834534 0.941704392433167 0.929235339164734 0.966532289981842 0.956610679626465 0.946361541748047 0.968116343021393 0.98138701915741 0.980063676834106 0.993171036243439 0.974918484687805 0.985314905643463 0.981566309928894 0.972866058349609 0.991356313228607 0.97246527671814 0.977103173732758 0.979265153408051 0.977400064468384 0.981218039989471 0.982466638088226 0.983790338039398 0.954261779785156 0.965462267398834 0.968997299671173 0.966799139976501 0.973491966724396 0.96731424331665 0.978363513946533 0.994659185409546 0.983116209506989 0.969596445560455 0.94329422712326 0.871234655380249
0.811257123947144 0.887729346752167 0.909512102603912 0.893730461597443 0.916818797588348 0.905809640884399 0.880363702774048 0.904885232448578 0.936320900917053 0.946114718914032 0.933646500110626 0.973676443099976 0.961982369422913 0.956632614135742 0.956927061080933 0.931463420391083 0.963626503944397 0.95658004283905 0.954987347126007 0.970326006412506 0.988152801990509 0.946110427379608 0.973539710044861 0.974770724773407 0.985250651836395 0.977657973766327 0.976369619369507 0.987008213996887 0.973199546337128 0.97855007648468 0.976959884166718 0.952857613563538 0.951496303081512 0.964184463024139 0.961502730846405 0.968450427055359 0.970567405223846 0.966783106327057 0.973064064979553 0.983292698860168 0.994930684566498 0.9939244389534 0.985219180583954 0.942321956157684
0.877976655960083 0.852627515792847 0.889288365840912 0.886069595813751 0.89490419626236 0.908110320568085 0.880633771419525 0.916201710700989 0.943442404270172 0.946595728397369 0.923438310623169 0.968955338001251 0.976955056190491 0.970184087753296 0.954043626785278 0.955007374286652 0.977099716663361 0.971905589103699 0.961573004722595 0.946846187114716 0.942185044288635 0.937417566776276 0.9168661236763 0.946939408779144 0.949974954128265 0.971652090549469 0.971708238124847 0.952511072158813 0.951789855957031 0.948861062526703 0.951572716236115 0.960404992103577 0.962909996509552 0.966862678527832 0.967214405536652 0.957873642444611 0.960686147212982 0.967736124992371 0.968851327896118 0.981129944324493 0.987046003341675 0.971876382827759 0.968396723270416 0.933361768722534
0.86624151468277 0.868409037590027 0.894952476024628 0.876066863536835 0.90580952167511 0.848404824733734 0.909906566143036 0.951633214950562 0.949297487735748 0.929935276508331 0.910196900367737 0.95590752363205 0.968255996704102 0.960461795330048 0.96833747625351 0.957778930664062 0.972048699855804 0.96082729101181 0.95221745967865 0.968566298484802 0.980788350105286 0.973588466644287 0.98436313867569 0.968824863433838 0.967286348342896 0.965036153793335 0.965633928775787 0.959344387054443 0.943270564079285 0.952848374843597 0.949127376079559 0.95259165763855 0.960861146450043 0.96534126996994 0.960840165615082 0.966661751270294 0.973971903324127 0.973578870296478 0.97539210319519 0.984937846660614 0.990784764289856 0.973795354366302 0.980114698410034 0.965090990066528
0.864562213420868 0.885281264781952 0.895628333091736 0.916815340518951 0.888921618461609 0.919623017311096 0.91135585308075 0.94220894575119 0.968210816383362 0.966383397579193 0.963575720787048 0.979472756385803 0.973717749118805 0.962313294410706 0.957675814628601 0.97197151184082 0.978111028671265 0.961943805217743 0.963211357593536 0.981336653232574 0.988699853420258 0.970314264297485 0.985836207866669 0.98189902305603 0.984483540058136 0.975064754486084 0.971321940422058 0.95056676864624 0.958325386047363 0.955166041851044 0.961847424507141 0.961126863956451 0.959189236164093 0.971324920654297 0.969919204711914 0.967152178287506 0.969037175178528 0.975662529468536 0.973348319530487 0.98993444442749 0.990210473537445 0.979774236679077 0.962021052837372 0.960543811321259
0.888669312000275 0.895488083362579 0.917038261890411 0.904800653457642 0.920957565307617 0.907542586326599 0.936688244342804 0.952361881732941 0.909655511379242 0.959604799747467 0.975874602794647 0.954626262187958 0.970167994499207 0.964185059070587 0.959316372871399 0.966242551803589 0.97679591178894 0.972333014011383 0.959074735641479 0.972184717655182 0.977202951908112 0.978525459766388 0.979040384292603 0.978761672973633 0.968887448310852 0.965957522392273 0.972022294998169 0.960240244865417 0.945589065551758 0.95460045337677 0.954953193664551 0.959639430046082 0.960291028022766 0.978058993816376 0.975683212280273 0.974992752075195 0.97333961725235 0.978165209293365 0.980807423591614 0.986788511276245 0.976284682750702 0.98549872636795 0.990320265293121 0.965746402740479
0.878237724304199 0.913438081741333 0.929719388484955 0.916353523731232 0.917929530143738 0.931284546852112 0.902244389057159 0.915873289108276 0.934619784355164 0.922413766384125 0.945688605308533 0.947222352027893 0.944385290145874 0.958510994911194 0.962404310703278 0.974637567996979 0.983247101306915 0.991797268390656 0.987514913082123 0.981256365776062 0.975423038005829 0.977266252040863 0.978298425674438 0.980541348457336 0.976836919784546 0.959019243717194 0.959837079048157 0.95314359664917 0.954279839992523 0.951596975326538 0.965058386325836 0.965816497802734 0.964282274246216 0.975125312805176 0.975051164627075 0.973462045192719 0.971600592136383 0.970012485980988 0.983213722705841 0.980774819850922 0.972040772438049 0.988377809524536 0.987842440605164 0.975775122642517
0.859573721885681 0.822073459625244 0.852772653102875 0.886854290962219 0.877585470676422 0.856984317302704 0.882325947284698 0.882599294185638 0.891468644142151 0.936346352100372 0.922659873962402 0.943186342716217 0.96497642993927 0.950129270553589 0.939277350902557 0.97855532169342 0.976450800895691 0.966671228408813 0.965881943702698 0.982884049415588 0.976052939891815 0.979921281337738 0.980433762073517 0.980094850063324 0.956890940666199 0.935499250888824 0.946110904216766 0.93644767999649 0.936048448085785 0.968708515167236 0.986639499664307 0.974096357822418 0.966363847255707 0.966309785842896 0.96973329782486 0.979011297225952 0.971456468105316 0.975944399833679 0.976440191268921 0.96038031578064 0.977104365825653 0.990572512149811 0.997358024120331 0.989565432071686
0.832638800144196 0.872838139533997 0.849696218967438 0.873016357421875 0.869714736938477 0.880082130432129 0.862435102462769 0.84351634979248 0.884379267692566 0.876930117607117 0.909768342971802 0.938091278076172 0.91547018289566 0.925862371921539 0.929129064083099 0.971085906028748 0.981451690196991 0.974699079990387 0.960446119308472 0.966337859630585 0.962790787220001 0.982143044471741 0.966475605964661 0.972659289836884 0.968164563179016 0.955903649330139 0.949564576148987 0.931385338306427 0.971414804458618 0.979965925216675 0.982530057430267 0.990487158298492 0.971278011798859 0.972165524959564 0.971893668174744 0.979236006736755 0.978004515171051 0.981589674949646 0.969322800636292 0.969854652881622 0.980439484119415 0.992402315139771 0.990139722824097 0.995644748210907
0.872399628162384 0.859427332878113 0.860498011112213 0.85534256696701 0.875048935413361 0.876766204833984 0.892096400260925 0.862518072128296 0.853349149227142 0.888646900653839 0.88930332660675 0.918351233005524 0.893965661525726 0.92908775806427 0.92391574382782 0.966412603855133 0.979601740837097 0.974596738815308 0.936324298381805 0.956611156463623 0.95451146364212 0.940262496471405 0.959976613521576 0.977537393569946 0.968783915042877 0.984343409538269 0.93562650680542 0.927615404129028 0.963412582874298 0.985691130161285 0.95778489112854 0.976743340492249 0.975858509540558 0.975501179695129 0.977560341358185 0.976625144481659 0.979276597499847 0.962238073348999 0.970090925693512 0.970658838748932 0.981902599334717 0.989543318748474 0.993282496929169 0.992413640022278
0.825976669788361 0.873041689395905 0.848763108253479 0.843314290046692 0.870935499668121 0.891212701797485 0.897155702114105 0.880388259887695 0.891858577728271 0.884528577327728 0.845866143703461 0.888601958751678 0.887863993644714 0.952281057834625 0.94629430770874 0.961089372634888 0.972338199615479 0.962900459766388 0.960575878620148 0.939092040061951 0.967331230640411 0.91716080904007 0.950226306915283 0.981124341487885 0.981401801109314 0.974223673343658 0.980994164943695 0.972278356552124 0.974861085414886 0.97185879945755 0.981504023075104 0.986697614192963 0.968274772167206 0.981074452400208 0.984430432319641 0.977749824523926 0.979014098644257 0.978649199008942 0.974893689155579 0.959233164787292 0.978556752204895 0.991552233695984 0.984771966934204 0.992429792881012
0.833768427371979 0.856553435325623 0.857059955596924 0.824886739253998 0.833336770534515 0.877307891845703 0.921475052833557 0.91779613494873 0.928250968456268 0.929531931877136 0.905081212520599 0.866476953029633 0.848227083683014 0.932850539684296 0.960107088088989 0.945931077003479 0.932483375072479 0.909635663032532 0.935063600540161 0.911660611629486 0.949077248573303 0.926783442497253 0.86157363653183 0.893496572971344 0.969969689846039 0.98219907283783 0.965636551380157 0.960021495819092 0.980816781520844 0.980904042720795 0.928643941879272 0.988328754901886 0.979952692985535 0.957267761230469 0.963758885860443 0.979076266288757 0.990591108798981 0.997108995914459 0.990561664104462 0.966377854347229 0.977062106132507 0.989362597465515 0.986507594585419 0.986506104469299
0.862148880958557 0.82350754737854 0.863615989685059 0.860186576843262 0.890044450759888 0.80794495344162 0.900305390357971 0.900801479816437 0.923881530761719 0.938368618488312 0.89240688085556 0.863735377788544 0.820788264274597 0.863885402679443 0.938666105270386 0.964275538921356 0.955571115016937 0.941080987453461 0.935712337493896 0.905202865600586 0.944194197654724 0.951817333698273 0.89582771062851 0.916200876235962 0.906298637390137 0.95142388343811 0.94655305147171 0.968783140182495 0.935185432434082 0.980078637599945 0.943296194076538 0.985721528530121 0.969317018985748 0.964749038219452 0.962140202522278 0.972705721855164 0.983651638031006 0.993393361568451 0.997481822967529 0.986153364181519 0.995326459407806 0.98673939704895 0.989038288593292 0.964991271495819
0.851548969745636 0.816681027412415 0.844935894012451 0.828397810459137 0.882973432540894 0.86429899930954 0.818707346916199 0.87327253818512 0.8997403383255 0.933156549930573 0.926925003528595 0.893367886543274 0.791055917739868 0.854711055755615 0.917512536048889 0.951053261756897 0.948866724967957 0.932727992534637 0.956304430961609 0.969224452972412 0.925684034824371 0.940060198307037 0.914023876190186 0.919138073921204 0.949918866157532 0.880986869335175 0.941331326961517 0.942813336849213 0.958676815032959 0.987941682338715 0.989683568477631 0.976351678371429 0.951346278190613 0.949321687221527 0.962912678718567 0.985801756381989 0.994473874568939 0.988027453422546 0.985907733440399 0.990282356739044 0.989875912666321 0.990498602390289 0.958722829818726 0.964623928070068
0.81974470615387 0.867003738880157 0.843484222888947 0.888258159160614 0.904795706272125 0.895237147808075 0.893583059310913 0.891871452331543 0.875497877597809 0.908635437488556 0.914099395275116 0.900234580039978 0.862844586372375 0.781567990779877 0.848094403743744 0.847772061824799 0.850818991661072 0.959171175956726 0.936851561069489 0.970668375492096 0.894575417041779 0.930279076099396 0.894992768764496 0.89226096868515 0.952949285507202 0.900646150112152 0.938677310943604 0.9434694647789 0.941091179847717 0.934288203716278 0.923599421977997 0.944616377353668 0.972531378269196 0.96502959728241 0.984250724315643 0.991018414497375 0.988769352436066 0.991038799285889 0.994335949420929 0.989169001579285 0.985863149166107 0.982766807079315 0.955609142780304 0.972794413566589
