data/climate_estimation/maxent_output/Fritillaria_recurva.asc
NCOLS 55 
NROWS 88 
XLLCORNER -123.75 
YLLCORNER 36.1666666666667 
CELLSIZE 0.0833333333333332 
NODATA_value -3.4e+38 
[rows 40 to 59 of 88, columns 0 to 45 of 55]
0.699715614318848 0.777766764163971 0.785134017467499 0.76986563205719 0.804487586021423 0.80520361661911 0.824568390846252 0.801807343959808 0.746378481388092 0.791836023330688 0.844606101512909 0.877949118614197 0.679558455944061 0.470958709716797 0.344028800725937 0.263450235128403 0.225609004497528 0.18003848195076 0.19713382422924 0.241758853197098 0.35157984495163 0.583718180656433 0.658562004566193 0.805816233158112 0.908789575099945 0.925471365451813 0.920635163784027 0.878947377204895 0.844659090042114 0.882051825523376 0.883335769176483 0.890278041362762 0.867645442485809 0.832672834396362 0.770514190196991 0.766592025756836 0.659395039081573 0.596622467041016 0.535372614860535 0.337797552347183 0.139885008335114 0.0957307070493698 0.0533592849969864 0.0247652493417263 0.0143399415537715 0.00817003846168518
0.757889568805695 0.767644286155701 0.753426492214203 0.799096167087555 0.813498795032501 0.806834757328033 0.813738584518433 0.801540851593018 0.734854400157928 0.671504735946655 0.706363558769226 0.847854137420654 0.889877319335938 0.507415115833282 0.337852865457535 0.27373930811882 0.230982422828674 0.239730849862099 0.247346296906471 0.275921195745468 0.330352991819382 0.506439387798309 0.640885829925537 0.749065816402435 0.911781370639801 0.935315430164337 0.918987810611725 0.89413195848465 0.878639578819275 0.896768093109131 0.883017599582672 0.87639707326889 0.857778072357178 0.810831785202026 0.847121953964233 0.780165910720825 0.773082315921783 0.682938992977142 0.622044026851654 0.505899608135223 0.294945806264877 0.179663464426994 0.0603791475296021 0.0296012740582228 0.0134134953841567 0.00981575716286898
0.662388265132904 0.693427681922913 0.768066465854645 0.759799122810364 0.759399116039276 0.808848321437836 0.799822449684143 0.781849026679993 0.850523233413696 0.810755550861359 0.871693968772888 0.838980734348297 0.892529189586639 0.620458126068115 0.322437167167664 0.280657589435577 0.24563193321228 0.277016788721085 0.283021211624146 0.304177492856979 0.362030148506165 0.426288574934006 0.617826640605927 0.757911205291748 0.897219896316528 0.910545468330383 0.924709439277649 0.90888524055481 0.908960103988647 0.920919954776764 0.869274914264679 0.894655346870422 0.869022190570831 0.808651864528656 0.789564967155457 0.830168485641479 0.780818998813629 0.694561243057251 0.676383435726166 0.613456308841705 0.457214295864105 0.418048769235611 0.106046445667744 0.0716983675956726 0.0236946009099483 0.0101327551528811
0.512295007705688 0.640454530715942 0.717308402061462 0.759941577911377 0.787732303142548 0.792029857635498 0.798564076423645 0.834905624389648 0.85564661026001 0.795928597450256 0.866726338863373 0.879396021366119 0.886841952800751 0.504893004894257 0.309507817029953 0.285813063383102 0.266845256090164 0.31253319978714 0.311732083559036 0.344154179096222 0.366310745477676 0.416695803403854 0.516379296779633 0.657638728618622 0.731016635894775 0.813036322593689 0.91883510351181 0.912316203117371 0.927239418029785 0.917564570903778 0.920417726039886 0.889666557312012 0.896937370300293 0.882403314113617 0.860046803951263 0.820127010345459 0.830552816390991 0.786670088768005 0.677202880382538 0.656956017017365 0.517677068710327 0.396138399839401 0.103976964950562 0.0610377639532089 0.0228709727525711 0.0123730786144733
0.389096260070801 0.591426193714142 0.712388277053833 0.746591448783875 0.757738947868347 0.748573482036591 0.675047636032104 0.778567969799042 0.828129172325134 0.847280263900757 0.856481373310089 0.896883010864258 0.901365339756012 0.687756597995758 0.345193147659302 0.340647101402283 0.318417966365814 0.31490084528923 0.333317697048187 0.34471994638443 0.371815174818039 0.416597962379456 0.477014929056168 0.577419221401215 0.658224165439606 0.701771140098572 0.796852350234985 0.861356973648071 0.9274041056633 0.929074108600616 0.913655400276184 0.905947148799896 0.870446741580963 0.881370842456818 0.856143772602081 0.848472654819489 0.834507405757904 0.80544102191925 0.741396188735962 0.626806020736694 0.524496018886566 0.237035870552063 0.0878804996609688 0.0475969463586807 0.0253261867910624 0.0352193750441074
0.26684507727623 0.461082577705383 0.640940129756927 0.741233587265015 0.746554791927338 0.743318736553192 0.742457985877991 0.768199622631073 0.811289727687836 0.838209390640259 0.781596064567566 0.864861249923706 0.754150152206421 0.716894447803497 0.357146382331848 0.3605617582798 0.340877741575241 0.32860392332077 0.336510181427002 0.346021890640259 0.377922058105469 0.438965797424316 0.492733240127563 0.55616021156311 0.611842393875122 0.643092036247253 0.671974003314972 0.731384456157684 0.80767422914505 0.887946486473083 0.92267894744873 0.902352452278137 0.897475779056549 0.876417994499207 0.873904407024384 0.859248578548431 0.815850555896759 0.813555061817169 0.77037239074707 0.734657645225525 0.619501173496246 0.382496863603592 0.216518446803093 0.266762644052505 0.0432109087705612 0.0218431334942579
0.130569308996201 0.289283633232117 0.497253268957138 0.654543936252594 0.724361717700958 0.766248881816864 0.791492938995361 0.759633243083954 0.833095848560333 0.771470546722412 0.847384631633759 0.852884411811829 0.885932445526123 0.634020090103149 0.345733106136322 0.345586270093918 0.322232395410538 0.318651914596558 0.330632448196411 0.371463984251022 0.398747384548187 0.428858190774918 0.459888249635696 0.510321140289307 0.532188594341278 0.552092552185059 0.6422358751297 0.68902587890625 0.773788928985596 0.801567435264587 0.907977342605591 0.920267939567566 0.880793035030365 0.877591669559479 0.879539966583252 0.86446350812912 0.820699572563171 0.749230146408081 0.66656619310379 0.736567139625549 0.685365796089172 0.597868680953979 0.464102685451508 0.435604333877563 0.133767187595367 0.0487149842083454
0.0516757369041443 0.133987680077553 0.333524107933044 0.568684160709381 0.706564486026764 0.765967845916748 0.773262202739716 0.812676846981049 0.827235996723175 0.812028527259827 0.866755783557892 0.877303421497345 0.894080400466919 0.735503077507019 0.373818665742874 0.344464749097824 0.332762062549591 0.355349123477936 0.342667520046234 0.348046392202377 0.370083153247833 0.38480669260025 0.422846108675003 0.447275638580322 0.475640535354614 0.525204718112946 0.581324696540833 0.662948191165924 0.692312121391296 0.782876968383789 0.861010432243347 0.883235096931458 0.865062534809113 0.878156840801239 0.862767040729523 0.860134124755859 0.829045355319977 0.809285223484039 0.752046167850494 0.576774120330811 0.716158628463745 0.633027911186218 0.537618517875671 0.484211921691895 0.299300909042358 0.0867254287004471
0.0318397097289562 0.088977612555027 0.16163544356823 0.356782197952271 0.600803673267365 0.75849711894989 0.751620054244995 0.806898772716522 0.825668573379517 0.787846624851227 0.842566251754761 0.869956254959106 0.888504087924957 0.714227914810181 0.417398363351822 0.435681492090225 0.339287728071213 0.334291964769363 0.331024557352066 0.339066207408905 0.34141406416893 0.357098042964935 0.37841871380806 0.402674555778503 0.429899871349335 0.444619208574295 0.497884780168533 0.608006656169891 0.73985081911087 0.782499730587006 0.849030494689941 0.827574849128723 0.842584490776062 0.864779472351074 0.862365067005157 0.859185099601746 0.862094283103943 0.800310075283051 0.723990499973297 0.581843197345734 0.579337060451508 0.575198769569397 0.544250786304474 0.439615160226822 0.429473549127579 0.410946577787399
0.0275011882185936 0.0625354647636414 0.12567375600338 0.276341587305069 0.508153855800629 0.711947023868561 0.750040829181671 0.712204396724701 0.804795980453491 0.805963814258575 0.781790673732758 0.834387719631195 0.885808110237122 0.650977969169617 0.432641237974167 0.458752930164337 0.35043278336525 0.328415781259537 0.294527530670166 0.298212647438049 0.31609582901001 0.335018008947372 0.35578516125679 0.375568091869354 0.385962218046188 0.417373716831207 0.457012295722961 0.53382021188736 0.652052760124207 0.756981909275055 0.810759961605072 0.794576525688171 0.85207325220108 0.86394464969635 0.846615374088287 0.823017239570618 0.874447882175446 0.819564521312714 0.704049289226532 0.644588589668274 0.506811916828156 0.577049851417542 0.619226455688477 0.463118225336075 0.505051612854004 0.312356233596802
0.0178104043006897 0.0383711457252502 0.0874207243323326 0.198865249752998 0.429735779762268 0.663331806659698 0.688029766082764 0.647075116634369 0.753234326839447 0.842842757701874 0.836951792240143 0.86902916431427 0.872041940689087 0.816270351409912 0.604599356651306 0.496582388877869 0.369580566883087 0.312634974718094 0.265504688024521 0.248494327068329 0.246786370873451 0.293669492006302 0.310605615377426 0.34342360496521 0.344651311635971 0.363567650318146 0.41197469830513 0.484092146158218 0.567514359951019 0.706158816814423 0.718842804431915 0.795670688152313 0.861251056194305 0.83879292011261 0.845232486724854 0.845077633857727 0.857562482357025 0.832729279994965 0.752672016620636 0.694593071937561 0.648914217948914 0.572940170764923 0.629537582397461 0.590732514858246 0.486329674720764 0.367157518863678
0.0151378307491541 0.0326700210571289 0.0691093280911446 0.158147633075714 0.386811345815659 0.633435785770416 0.673302829265594 0.730131506919861 0.763595461845398 0.721866965293884 0.794540107250214 0.872862994670868 0.844439506530762 0.806769549846649 0.71266508102417 0.546649575233459 0.422877073287964 0.295709818601608 0.250971734523773 0.205854281783104 0.18537500500679 0.211789935827255 0.31638041138649 0.38753205537796 0.314769953489304 0.326917678117752 0.360420763492584 0.420370250940323 0.493400365114212 0.615739643573761 0.730622231960297 0.773214042186737 0.824979364871979 0.843044400215149 0.82668799161911 0.803112149238586 0.822165310382843 0.824178814888 0.816511213779449 0.782394707202911 0.693949043750763 0.502818524837494 0.633385121822357 0.571931779384613 0.527254164218903 0.458953827619553
0.0168988667428493 0.0302559416741133 0.0498943962156773 0.123090274631977 0.347786962985992 0.582883656024933 0.707184672355652 0.746081233024597 0.795496046543121 0.68550306558609 0.618641495704651 0.822905778884888 0.790260791778564 0.728665709495544 0.631663262844086 0.670294761657715 0.413104265928268 0.325751572847366 0.269572794437408 0.216232791543007 0.177897900342941 0.188772484660149 0.226660445332527 0.268460720777512 0.295211762189865 0.292758464813232 0.335090965032578 0.362321764230728 0.419295817613602 0.552681148052216 0.686026155948639 0.77998286485672 0.770063161849976 0.758570969104767 0.774000108242035 0.800720453262329 0.847381353378296 0.833527803421021 0.792487680912018 0.768513262271881 0.722627758979797 0.629907310009003 0.579648852348328 0.665503680706024 0.529736757278442 0.507728338241577
0.0115608181804419 0.0294531900435686 0.0640801638364792 0.0843354389071465 0.211696639657021 0.482654064893723 0.70256119966507 0.716746091842651 0.804948747158051 0.699198663234711 0.570508182048798 0.610659241676331 0.67870432138443 0.623241364955902 0.580511450767517 0.687214016914368 0.525413990020752 0.442807585000992 0.315467745065689 0.265335321426392 0.199074313044548 0.187238574028015 0.208456680178642 0.241517767310143 0.267163574695587 0.273260533809662 0.303923785686493 0.3391273021698 0.379752725362778 0.484283268451691 0.620321691036224 0.707487523555756 0.727778732776642 0.713915884494781 0.724466562271118 0.766929924488068 0.753745377063751 0.805849969387054 0.842157125473022 0.811229169368744 0.784816563129425 0.716683804988861 0.580924987792969 0.700759768486023 0.5610391497612 0.480022579431534
0.00475838733837008 0.016279736533761 0.0473129898309708 0.0867701396346092 0.159576117992401 0.362015157938004 0.602203905582428 0.684884011745453 0.685891628265381 0.759700119495392 0.67564582824707 0.732755661010742 0.637901782989502 0.570229530334473 0.636236965656281 0.638085782527924 0.535694777965546 0.55557644367218 0.399207264184952 0.294836014509201 0.253789216279984 0.209894523024559 0.208709686994553 0.240095019340515 0.251138597726822 0.267869263887405 0.300585925579071 0.326192647218704 0.368307441473007 0.414529383182526 0.552758455276489 0.674382269382477 0.689491331577301 0.689327836036682 0.722766697406769 0.715681731700897 0.740066230297089 0.760561227798462 0.839550852775574 0.823008954524994 0.825773775577545 0.636193215847015 0.524116516113281 0.51367449760437 0.590695202350616 0.515493035316467
0.00455151125788689 0.00978702586144209 0.0275629796087742 0.0518969148397446 0.115019425749779 0.257858365774155 0.428703874349594 0.644648373126984 0.69745659828186 0.787322580814362 0.789368867874146 0.812181174755096 0.807603776454926 0.635568380355835 0.628276109695435 0.702784061431885 0.682368636131287 0.624980986118317 0.410608500242233 0.381595611572266 0.272468209266663 0.243399873375893 0.242007911205292 0.243088006973267 0.261302143335342 0.27064448595047 0.279829323291779 0.31535542011261 0.350917756557465 0.398051738739014 0.48643970489502 0.598361194133759 0.656069815158844 0.68258261680603 0.711204469203949 0.680260241031647 0.71135675907135 0.812160730361938 0.852068781852722 0.824767589569092 0.83579558134079 0.738643229007721 0.503233790397644 0.38451161980629 0.611390590667725 0.522915124893188
-3.4e+38 0.00789717957377434 0.0121504198759794 0.023448308929801 0.050365574657917 0.140011191368103 0.291520476341248 0.422652304172516 0.526318967342377 0.645239472389221 0.729779720306396 0.812378585338593 0.824487805366516 0.641162931919098 0.612624943256378 0.567426264286041 0.62539154291153 0.605736792087555 0.462347388267517 0.402918428182602 0.266659379005432 0.260134816169739 0.24595907330513 0.260062396526337 0.272382974624634 0.281147956848145 0.298677265644073 0.309951305389404 0.341128379106522 0.379273235797882 0.424826681613922 0.50327742099762 0.60968291759491 0.594023883342743 0.66252338886261 0.68317449092865 0.645361542701721 0.712553799152374 0.783799052238464 0.850447654724121 0.840989828109741 0.8108771443367 0.680113732814789 0.606764733791351 0.472964346408844 0.401425272226334
-3.4e+38 -3.4e+38 0.00617602793499827 0.0115631241351366 0.0235005561262369 0.0639989525079727 0.130427032709122 0.312128365039825 0.414034932851791 0.40332567691803 0.578332245349884 0.678294003009796 0.744199931621552 0.730187475681305 0.71040815114975 0.616260707378387 0.550913631916046 0.517868876457214 0.591505348682404 0.350736767053604 0.286884963512421 0.263217061758041 0.270249783992767 0.27350041270256 0.285735785961151 0.296361923217773 0.307191878557205 0.324118494987488 0.349556088447571 0.373985826969147 0.384199202060699 0.440135598182678 0.561005890369415 0.612771570682526 0.666257858276367 0.692660629749298 0.643614709377289 0.648834705352783 0.77921736240387 0.861483752727509 0.841844081878662 0.814418852329254 0.765492975711823 0.604625880718231 0.389687031507492 0.407537817955017
-3.4e+38 -3.4e+38 -3.4e+38 -3.4e+38 0.0147055881097913 0.0303386095911264 0.0636750385165215 0.157788708806038 0.260880917310715 0.337723135948181 0.306690901517868 0.474292069673538 0.633060216903687 0.684233605861664 0.712762832641602 0.615821421146393 0.574913263320923 0.518288671970367 0.562270045280457 0.63966578245163 0.32234999537468 0.282745063304901 0.285851538181305 0.291663020849228 0.299912214279175 0.300275474786758 0.306540697813034 0.309632927179337 0.330480098724365 0.356993198394775 0.368916094303131 0.420546293258667 0.516938984394073 0.583191156387329 0.61823433637619 0.661524415016174 0.667835175991058 0.653156995773315 0.7790407538414 0.861967265605927 0.836264550685883 0.808711230754852 0.656824052333832 0.510543882846832 0.38302144408226 0.387318223714828
-3.4e+38 -3.4e+38 -3.4e+38 -3.4e+38 0.00382896955125034 0.0154610527679324 0.0431510433554649 0.0752961859107018 0.107792243361473 0.208050325512886 0.213355839252472 0.292973220348358 0.535650074481964 0.665390253067017 0.662524521350861 0.621838569641113 0.644103705883026 0.664397478103638 0.492096275091171 0.560324966907501 0.405274361371994 0.308344781398773 0.304065406322479 0.315933018922806 0.313496261835098 0.306475222110748 0.313010960817337 0.319108724594116 0.327138900756836 0.348701685667038 0.368544548749924 0.37722435593605 0.439101278781891 0.458721071481705 0.521578729152679 0.624331593513489 0.626500308513641 0.685734927654266 0.757910490036011 0.869557321071625 0.874184191226959 0.851220846176147 0.778494000434875 0.682132601737976 0.697219729423523 0.532552897930145
