data/climate_estimation/maxent_output/Fritillaria_sichuanica.asc
NCOLS 153 
NROWS 64 
XLLCORNER 97.1666666666667 
YLLCORNER 28.3333333333333 
CELLSIZE 0.0833333333333333 
NODATA_value -3.4e+38 
[rows 40 to 59 of 64, columns 0 to 43 of 153]
0.768343210220337 0.816032469272614 0.788802146911621 0.749043405056 0.46023890376091 0.636248707771301 0.49815109372139 0.890775322914124 0.883934378623962 0.898114264011383 0.814248323440552 0.85155200958252 0.812998116016388 0.75596696138382 0.773453652858734 0.74904865026474 0.775707066059113 0.746207475662231 0.764476537704468 0.908061802387238 0.927335381507874 0.948404014110565 0.89108681678772 0.750257313251495 0.951191902160645 0.946190237998962 0.939795970916748 0.807895123958588 0.700487494468689 0.750380396842957 0.810846090316772 0.77837860584259 0.765600919723511 0.864075064659119 0.757714331150055 0.758212745189667 0.806071877479553 0.955414593219757 0.798884868621826 0.921934604644775 0.967007160186768 0.975299596786499 0.981845498085022 0.982343077659607
0.595492839813232 0.807121217250824 0.802193701267242 0.802853047847748 0.516571640968323 0.415516167879105 0.419651508331299 0.544531643390656 0.86220395565033 0.955241978168488 0.82658052444458 0.731079638004303 0.785267472267151 0.788075983524323 0.736675381660461 0.761128306388855 0.805513918399811 0.822887003421783 0.790972352027893 0.689120888710022 0.906740307807922 0.95498263835907 0.838785529136658 0.778401553630829 0.956181466579437 0.942385077476501 0.912893772125244 0.715630769729614 0.630640208721161 0.640042066574097 0.797942340373993 0.934311509132385 0.94706004858017 0.831051290035248 0.786368191242218 0.755008280277252 0.823164820671082 0.905233383178711 0.935092449188232 0.887435913085938 0.938197553157806 0.983936607837677 0.978894054889679 0.97128164768219
0.934529960155487 0.878399789333344 0.769774436950684 0.801043510437012 0.566397368907928 0.396838247776031 0.376735091209412 0.353843837976456 0.646623075008392 0.93322628736496 0.867922484874725 0.815945863723755 0.72742623090744 0.72984766960144 0.767955243587494 0.803602516651154 0.817631900310516 0.735694885253906 0.879079759120941 0.695274174213409 0.895655632019043 0.933639705181122 0.938947737216949 0.934920907020569 0.946177124977112 0.815255224704742 0.787880182266235 0.589901268482208 0.507004141807556 0.520639955997467 0.77721506357193 0.879640400409698 0.884097158908844 0.833433985710144 0.898121178150177 0.908182799816132 0.889713644981384 0.945862472057343 0.943148910999298 0.933287024497986 0.958458483219147 0.964364230632782 0.950201034545898 0.987755477428436
0.911366820335388 0.973788976669312 0.675289034843445 0.844181776046753 0.682945072650909 0.522631525993347 0.498446047306061 0.42367422580719 0.707896053791046 0.853023111820221 0.958899915218353 0.861472129821777 0.845953285694122 0.845554828643799 0.768495082855225 0.768079996109009 0.833502352237701 0.903703272342682 0.890687704086304 0.8199702501297 0.798280477523804 0.897937178611755 0.945417642593384 0.935835063457489 0.89921098947525 0.402418345212936 0.702127814292908 0.691146790981293 0.624961912631989 0.679984390735626 0.526142239570618 0.682908773422241 0.804206192493439 0.753419995307922 0.877094566822052 0.983769357204437 0.964323461055756 0.935319185256958 0.960445702075958 0.90787398815155 0.942404866218567 0.977300643920898 0.987495005130768 0.952253222465515
0.909613311290741 0.937125682830811 0.932632386684418 0.812490582466125 0.860816240310669 0.724599957466125 0.586429417133331 0.473916262388229 0.489197790622711 0.892942130565643 0.948721289634705 0.878117620944977 0.891239285469055 0.93828684091568 0.871240735054016 0.804963171482086 0.81457245349884 0.86831146478653 0.933072984218597 0.765071451663971 0.739181816577911 0.889228403568268 0.903584837913513 0.950517535209656 0.926532566547394 0.662201583385468 0.641909420490265 0.77351301908493 0.460923433303833 0.397460728883743 0.517666459083557 0.594794750213623 0.889302134513855 0.832320153713226 0.815084159374237 0.931381106376648 0.991445004940033 0.993429601192474 0.948486804962158 0.967962026596069 0.978905320167542 0.946970641613007 0.987974882125854 0.974230766296387
0.588217854499817 0.876139581203461 0.965280890464783 0.941079795360565 0.7108553647995 0.811399221420288 0.785189926624298 0.550506472587585 0.55279016494751 0.748834311962128 0.810771763324738 0.949541807174683 0.867344617843628 0.930532693862915 0.820494532585144 0.724796533584595 0.868981122970581 0.931785523891449 0.935122847557068 0.792755901813507 0.676092147827148 0.877805352210999 0.941910684108734 0.842899858951569 0.816032230854034 0.668723464012146 0.739790618419647 0.767855882644653 0.520796477794647 0.479562759399414 0.743746995925903 0.922225832939148 0.930562496185303 0.906197190284729 0.765205502510071 0.785075545310974 0.775294601917267 0.98889684677124 0.979741394519806 0.972363352775574 0.983006298542023 0.919132232666016 0.822718620300293 0.947295963764191
0.269892901182175 0.669340372085571 0.936464250087738 0.959189653396606 0.753102362155914 0.776822745800018 0.857629895210266 0.649887323379517 0.591618776321411 0.4956434071064 0.508602559566498 0.944166600704193 0.953209638595581 0.940913796424866 0.891949117183685 0.79029107093811 0.847147345542908 0.901310861110687 0.936616480350494 0.908349394798279 0.841742098331451 0.946790397167206 0.950387120246887 0.772040247917175 0.593420803546906 0.710671722888947 0.789570748806 0.780998706817627 0.830431878566742 0.776571333408356 0.963853418827057 0.977500855922699 0.90805196762085 0.822610259056091 0.692104518413544 0.783723056316376 0.950815439224243 0.947192013263702 0.994209885597229 0.974883675575256 0.89963561296463 0.909414947032928 0.931385219097137 0.76708859205246
0.217379435896873 0.568118393421173 0.960180938243866 0.972252488136292 0.841544508934021 0.678223013877869 0.689325153827667 0.866777896881104 0.793565392494202 0.610128819942474 0.441833674907684 0.634252727031708 0.847165584564209 0.954273402690887 0.93256813287735 0.899252414703369 0.866676688194275 0.895607233047485 0.900102734565735 0.91008460521698 0.952301979064941 0.936534345149994 0.959812521934509 0.632567703723907 0.60759961605072 0.849113464355469 0.792295753955841 0.912522852420807 0.81171041727066 0.871675372123718 0.846336483955383 0.973792314529419 0.929655432701111 0.894504964351654 0.839748859405518 0.912346422672272 0.961754262447357 0.993358492851257 0.992574274539948 0.968817591667175 0.970244348049164 0.900900185108185 0.966326355934143 0.86851167678833
0.270179986953735 0.586844503879547 0.892130255699158 0.980567157268524 0.971532702445984 0.622269928455353 0.616623759269714 0.676039278507233 0.848839938640594 0.616392135620117 0.435923248529434 0.611833512783051 0.58910858631134 0.864008069038391 0.949269890785217 0.912846624851227 0.88075178861618 0.883295714855194 0.860273838043213 0.705371499061584 0.827227115631104 0.960016906261444 0.956428468227386 0.901790499687195 0.675293147563934 0.861220359802246 0.924296975135803 0.888658165931702 0.704638361930847 0.701101422309875 0.859030663967133 0.978927195072174 0.943527579307556 0.86873459815979 0.865432024002075 0.708229899406433 0.800743758678436 0.828686058521271 0.960469245910645 0.972500026226044 0.898959577083588 0.986825525760651 0.941788673400879 0.96842759847641
0.553494989871979 0.59847229719162 0.30683508515358 0.681149065494537 0.980306088924408 0.936451375484467 0.853081285953522 0.599871635437012 0.725063741207123 0.835762023925781 0.459916710853577 0.517331779003143 0.861780226230621 0.946902573108673 0.961666882038116 0.870383977890015 0.894139409065247 0.912938892841339 0.904909253120422 0.798979520797729 0.86778599023819 0.933381021022797 0.94516396522522 0.902460992336273 0.605429530143738 0.745955407619476 0.933448135852814 0.927347481250763 0.871716141700745 0.824939429759979 0.896485686302185 0.956912040710449 0.979383111000061 0.914867579936981 0.896620810031891 0.767893314361572 0.767695963382721 0.70453929901123 0.844573318958282 0.783049643039703 0.918087482452393 0.982311129570007 0.973380267620087 0.861407935619354
0.402295023202896 0.494323521852493 0.417651861906052 0.494323521852493 0.959490358829498 0.981533586978912 0.978603184223175 0.891915202140808 0.914536833763123 0.85113388299942 0.514973342418671 0.489798188209534 0.730488836765289 0.932949781417847 0.967762053012848 0.955901086330414 0.885833740234375 0.898274004459381 0.89567631483078 0.853752374649048 0.884611666202545 0.85712742805481 0.952358543872833 0.906402468681335 0.748377084732056 0.762167930603027 0.957623422145844 0.951637327671051 0.95215916633606 0.917764067649841 0.941094577312469 0.927990972995758 0.986785352230072 0.918400645256042 0.920417308807373 0.80180412530899 0.722447633743286 0.74694150686264 0.844620108604431 0.890681326389313 0.945657134056091 0.984749257564545 0.978614211082458 0.906838774681091
0.700348913669586 0.580616176128387 0.677002370357513 0.851351499557495 0.698011815547943 0.714589297771454 0.775104701519012 0.980557441711426 0.975290894508362 0.951909899711609 0.772510588169098 0.433786123991013 0.604222178459167 0.755672693252563 0.88225245475769 0.943683564662933 0.883979558944702 0.871356010437012 0.89901876449585 0.887584149837494 0.790163040161133 0.829130113124847 0.944250047206879 0.912274777889252 0.954217195510864 0.958522081375122 0.962318181991577 0.820268929004669 0.967811584472656 0.958202481269836 0.955725371837616 0.920813918113708 0.943616032600403 0.778173267841339 0.928688883781433 0.855287790298462 0.715484976768494 0.848167896270752 0.911033093929291 0.955800592899323 0.856081545352936 0.866014122962952 0.991386890411377 0.979098558425903
0.84985476732254 0.562092542648315 0.781826674938202 0.69802862405777 0.527094423770905 0.476809471845627 0.378773927688599 0.618043780326843 0.968686640262604 0.964697062969208 0.88023430109024 0.636068820953369 0.510096788406372 0.512274503707886 0.702645242214203 0.906918406486511 0.954972386360168 0.900288820266724 0.917266130447388 0.921751081943512 0.871723234653473 0.932133078575134 0.956955790519714 0.941563904285431 0.963894665241241 0.957303583621979 0.923821866512299 0.850919961929321 0.96923565864563 0.961592376232147 0.955116391181946 0.949224650859833 0.981796324253082 0.846165418624878 0.866277635097504 0.863279402256012 0.752877116203308 0.70485532283783 0.9004065990448 0.967420876026154 0.95929628610611 0.878715217113495 0.973348259925842 0.994190633296967
0.92321789264679 0.481805205345154 0.819061160087585 0.751239538192749 0.616844892501831 0.601625919342041 0.5633704662323 0.483920574188232 0.909004151821136 0.960084915161133 0.919391393661499 0.923996269702911 0.687417924404144 0.637671828269958 0.569996953010559 0.582842767238617 0.933008670806885 0.94977992773056 0.875946462154388 0.936724841594696 0.937642276287079 0.779203295707703 0.943215489387512 0.92672997713089 0.924205660820007 0.932849943637848 0.922375202178955 0.936793923377991 0.971825301647186 0.968133091926575 0.961655676364899 0.795523285865784 0.958121776580811 0.950030207633972 0.821019172668457 0.895477831363678 0.725058913230896 0.764582335948944 0.777309417724609 0.908787310123444 0.981842637062073 0.960991740226746 0.99150812625885 0.995080709457397
0.968396008014679 0.927094638347626 0.930170595645905 0.841748416423798 0.586655616760254 0.683707714080811 0.817104279994965 0.763614118099213 0.69483494758606 0.963624835014343 0.909215569496155 0.892965614795685 0.928442001342773 0.858382403850555 0.677940785884857 0.677856802940369 0.775535225868225 0.939499378204346 0.846899747848511 0.836833417415619 0.917742013931274 0.806112587451935 0.944783806800842 0.905884563922882 0.916888415813446 0.807312250137329 0.945184767246246 0.952534079551697 0.972520887851715 0.974298000335693 0.876047909259796 0.892646014690399 0.979688465595245 0.940443813800812 0.751871287822723 0.863540947437286 0.956787824630737 0.924273729324341 0.829913914203644 0.836993038654327 0.985105693340302 0.994370460510254 0.979221761226654 0.973388254642487
0.843247175216675 0.962802112102509 0.975758373737335 0.907141268253326 0.659162104129791 0.659131050109863 0.783720672130585 0.936270534992218 0.954884171485901 0.964162349700928 0.959828197956085 0.954836428165436 0.799449265003204 0.936327934265137 0.88314300775528 0.718589842319489 0.901106774806976 0.943106472492218 0.866996467113495 0.676651000976562 0.929800689220428 0.930375874042511 0.919429659843445 0.941128432750702 0.860801458358765 0.882429718971252 0.954733312129974 0.961847186088562 0.963633239269257 0.956940829753876 0.952401399612427 0.897437632083893 0.986722946166992 0.957058727741241 0.766314148902893 0.782427370548248 0.96151602268219 0.983275473117828 0.980835258960724 0.963485538959503 0.984737932682037 0.997138619422913 0.993616104125977 0.982514441013336
0.899929583072662 0.738820314407349 0.951808452606201 0.97157871723175 0.804246008396149 0.543523013591766 0.90082722902298 0.840442895889282 0.881948471069336 0.935681819915771 0.922129929065704 0.970386445522308 0.655309200286865 0.746634066104889 0.878724336624146 0.88746976852417 0.885616362094879 0.901202917098999 0.895305812358856 0.701342105865479 0.87244975566864 0.918666064739227 0.930788516998291 0.904866576194763 0.91219687461853 0.932453691959381 0.949370801448822 0.966094374656677 0.960185170173645 0.970152318477631 0.961257755756378 0.988302886486053 0.982771039009094 0.818321764469147 0.743145823478699 0.731678187847137 0.853346288204193 0.962015688419342 0.854910790920258 0.81814831495285 0.821555435657501 0.960538506507874 0.998090744018555 0.993895411491394
0.943616569042206 0.888846158981323 0.883509516716003 0.986824095249176 0.943258225917816 0.794983386993408 0.800715625286102 0.793049514293671 0.682043969631195 0.85077953338623 0.632151126861572 0.968728303909302 0.915775299072266 0.83310854434967 0.775941491127014 0.926026999950409 0.77081823348999 0.937376618385315 0.922403037548065 0.751621842384338 0.801837921142578 0.566273331642151 0.885263681411743 0.904307723045349 0.880302429199219 0.950902819633484 0.957105994224548 0.940485239028931 0.950400114059448 0.966665089130402 0.75711452960968 0.983569800853729 0.97916841506958 0.687313497066498 0.678425192832947 0.799129486083984 0.854050517082214 0.881730616092682 0.988487064838409 0.992267727851868 0.995472729206085 0.998083114624023 0.99853903055191 0.996424734592438
0.898344814777374 0.971446335315704 0.850995063781738 0.98308140039444 0.967922568321228 0.909347772598267 0.805976808071136 0.737873077392578 0.728076159954071 0.685895979404449 0.558900117874146 0.927541553974152 0.929067313671112 0.967562079429626 0.920358777046204 0.919948756694794 0.735529005527496 0.929531693458557 0.909339904785156 0.756743192672729 0.72196239233017 0.746715605258942 0.898830235004425 0.934337377548218 0.897989988327026 0.931404232978821 0.944734215736389 0.958314061164856 0.884574890136719 0.846695303916931 0.890799462795258 0.982585072517395 0.98571389913559 0.875736892223358 0.733795523643494 0.853151142597198 0.929221093654633 0.893204927444458 0.915618717670441 0.996283829212189 0.997803330421448 0.998501300811768 0.998388290405273 0.974826097488403
0.989611208438873 0.960584461688995 0.928407549858093 0.987480819225311 0.932805240154266 0.856615006923676 0.831281363964081 0.838050663471222 0.759527921676636 0.771236062049866 0.719912350177765 0.709306955337524 0.84462833404541 0.957678616046906 0.919107556343079 0.916684627532959 0.903330445289612 0.896932899951935 0.872667491436005 0.851711571216583 0.844956815242767 0.804541289806366 0.875838100910187 0.892486691474915 0.928320288658142 0.937903702259064 0.938601195812225 0.902804255485535 0.75380927324295 0.909058630466461 0.975008845329285 0.985244512557983 0.974082767963409 0.738664567470551 0.733030259609222 0.905755341053009 0.953719854354858 0.919329047203064 0.762678980827332 0.940512359142303 0.998491227626801 0.998147487640381 0.953867018222809 0.973114967346191
