data/climate_estimation/maxent_output/Fritillaria_acmopetala.asc
NCOLS 143 
NROWS 41 
XLLCORNER 31.6666666666667 
YLLCORNER 33.9166666666667 
CELLSIZE 0.0833333333333333 
NODATA_value -3.4e+38 
[rows 0 to 20 of 41, columns 48 to 95 of 143]
0.239473685622215 0.215331345796585 0.212960928678513 0.221139073371887 0.270323544740677 0.338742017745972 0.430152952671051 0.501801311969757 0.528917610645294 0.666328608989716 0.72033703327179 0.724449157714844 0.735647976398468 0.71691757440567 0.742140471935272 0.750115215778351 0.715067088603973 0.673157155513763 0.683379411697388 0.646595776081085 0.656180322170258 0.614733695983887 0.555784702301025 0.534475862979889 0.476795315742493 0.457213282585144 0.451470077037811 0.470816761255264 0.470766216516495 0.483318477869034 0.470852464437485 0.503848254680634 0.529030799865723 0.569966197013855 0.626307368278503 0.627875089645386 0.625534296035767 0.615341246128082 0.621568918228149 0.565450191497803 0.5675088763237 0.551069796085358 0.544208407402039 0.529531717300415 0.516756117343903 0.478415638208389 0.445885449647903 0.410913348197937
0.27173438668251 0.250772565603256 0.232928767800331 0.257699549198151 0.306783854961395 0.366822093725204 0.434878021478653 0.550377070903778 0.597908675670624 0.708608031272888 0.766152858734131 0.793863654136658 0.741226851940155 0.77140611410141 0.751190006732941 0.768851637840271 0.74604731798172 0.741597950458527 0.700275182723999 0.675273597240448 0.642731368541718 0.640052437782288 0.616049289703369 0.555927097797394 0.527928709983826 0.471352726221085 0.397367566823959 0.456592798233032 0.468117773532867 0.470698326826096 0.486869245767593 0.497578263282776 0.514530658721924 0.567020356655121 0.593367278575897 0.630640089511871 0.611602544784546 0.56874018907547 0.566156029701233 0.517536044120789 0.467286020517349 0.451771646738052 0.470381170511246 0.506138265132904 0.471399694681168 0.443522721529007 0.405652612447739 0.36935630440712
0.304337114095688 0.269538342952728 0.261698365211487 0.282535523176193 0.312294572591782 0.38778829574585 0.437601029872894 0.553709089756012 0.707602262496948 0.791508436203003 0.776891946792603 0.803127646446228 0.809452950954437 0.78243887424469 0.789604187011719 0.803402245044708 0.743034780025482 0.734579682350159 0.747230231761932 0.688059687614441 0.630210101604462 0.652330219745636 0.606080114841461 0.571730315685272 0.486276030540466 0.453711897134781 0.381131589412689 0.379125624895096 0.431830018758774 0.462621450424194 0.482317566871643 0.498339980840683 0.502739191055298 0.492643117904663 0.542378306388855 0.550244808197021 0.548229098320007 0.553952395915985 0.468031704425812 0.472101330757141 0.451845735311508 0.436836332082748 0.4455606341362 0.461806893348694 0.42235341668129 0.392412006855011 0.419211179018021 0.363725304603577
0.386638343334198 0.301779627799988 0.300474852323532 0.335411339998245 0.378287523984909 0.391801178455353 0.543312668800354 0.712893664836884 0.840363025665283 0.826646566390991 0.83220899105072 0.847520351409912 0.814953327178955 0.799044609069824 0.825804173946381 0.799030005931854 0.744723320007324 0.712856292724609 0.700831651687622 0.667438387870789 0.677651703357697 0.617456078529358 0.584397077560425 0.553943872451782 0.482966005802155 0.453100234270096 0.358015567064285 0.307198911905289 0.357567369937897 0.450514793395996 0.494292736053467 0.479583978652954 0.449399948120117 0.473737984895706 0.516215682029724 0.545018494129181 0.528387725353241 0.517625272274017 0.444798678159714 0.421434581279755 0.385989665985107 0.38570836186409 0.415018856525421 0.45648205280304 0.418003559112549 0.397214651107788 0.37606093287468 0.356666326522827
0.493119537830353 0.368939489126205 0.375671297311783 0.405107498168945 0.390596032142639 0.371477007865906 0.543756425380707 0.825210690498352 0.844594597816467 0.884340882301331 0.87387603521347 0.837525904178619 0.815224826335907 0.833812594413757 0.80395644903183 0.790454149246216 0.750188708305359 0.77888286113739 0.742063641548157 0.691754400730133 0.627279758453369 0.591671049594879 0.554062902927399 0.521830797195435 0.526170670986176 0.46203339099884 0.419404000043869 0.358339011669159 0.323890089988708 0.377288937568665 0.45770126581192 0.432147353887558 0.414619088172913 0.420698761940002 0.432857036590576 0.468566596508026 0.478849291801453 0.442310333251953 0.400978773832321 0.365910738706589 0.343355119228363 0.339460134506226 0.403784275054932 0.412113875150681 0.392680555582047 0.351306468248367 0.339809149503708 0.328107118606567
0.595579266548157 0.499076873064041 0.443447053432465 0.45040088891983 -3.4e+38 0.373360186815262 0.475140154361725 0.783855676651001 0.864689648151398 0.888269662857056 0.858717501163483 0.843958079814911 0.826820492744446 0.85829222202301 0.819885909557343 0.784236133098602 0.732916414737701 0.744612455368042 0.692952990531921 0.637450754642487 0.590568065643311 0.566694021224976 0.590016424655914 0.563506901264191 0.535166382789612 0.484418332576752 0.436039090156555 0.391171813011169 0.387705832719803 0.417847454547882 0.396311849355698 0.409084767103195 0.388924717903137 0.398432970046997 0.398131936788559 0.400475293397903 0.398738205432892 0.370890080928802 0.342375308275223 0.332743763923645 0.33339124917984 0.311531573534012 0.363008499145508 0.365476995706558 0.337599009275436 0.334470450878143 0.303041160106659 0.306448042392731
0.620552957057953 0.588370203971863 0.529724836349487 -3.4e+38 -3.4e+38 -3.4e+38 0.527215182781219 0.881631374359131 0.932357549667358 0.885767638683319 0.828487873077393 0.853124797344208 0.882467329502106 0.873674094676971 0.818968653678894 0.75078159570694 0.696935713291168 0.732567310333252 0.672165155410767 0.611479222774506 0.617780566215515 0.631952881813049 0.571649730205536 0.540619909763336 0.522347986698151 0.461322724819183 0.456154316663742 0.406599491834641 0.378749698400497 0.382494807243347 0.355045825242996 0.410077482461929 0.402041107416153 0.393079727888107 0.371021300554276 0.358356088399887 0.353342920541763 0.328557729721069 0.314327567815781 0.290114194154739 0.293730854988098 0.315835177898407 0.336728513240814 0.333827167749405 0.318391591310501 0.312900066375732 0.29687374830246 0.289170622825623
0.716407299041748 -3.4e+38 -3.4e+38 -3.4e+38 -3.4e+38 -3.4e+38 0.732410728931427 0.894743144512177 0.92616993188858 0.878169536590576 0.829121589660645 0.838481247425079 0.901787519454956 0.858318269252777 0.789142727851868 0.742284178733826 0.715640008449554 0.675668776035309 0.639933168888092 0.662998497486115 0.617262184619904 0.600449025630951 0.580796539783478 0.554147183895111 0.509904146194458 0.498220205307007 0.467799633741379 0.443482458591461 0.405659437179565 0.385565459728241 0.342618554830551 0.371410340070724 0.399438470602036 0.401974946260452 0.372477412223816 0.360764056444168 0.32570207118988 0.295457869768143 0.285006582736969 0.26800724864006 0.281153082847595 0.286300390958786 0.298747390508652 0.292414635419846 0.308281123638153 0.278052389621735 0.293065577745438 0.272754281759262
-3.4e+38 -3.4e+38 -3.4e+38 -3.4e+38 -3.4e+38 0.833293676376343 0.827075242996216 0.932783305644989 0.90996652841568 0.79990291595459 0.844274580478668 0.900152564048767 0.873610973358154 0.826801657676697 0.774982929229736 0.769616961479187 0.723642110824585 0.672519981861115 0.684399366378784 0.669453740119934 0.630468249320984 0.605531275272369 0.587641775608063 0.54659503698349 0.508849203586578 0.483883947134018 0.467846482992172 0.437313675880432 0.433599948883057 0.420277923345566 0.403129607439041 0.395575195550919 0.402871519327164 0.359448224306107 0.370221704244614 0.348502188920975 0.325451731681824 0.295874565839767 0.285883158445358 0.27062052488327 0.28399720788002 0.28781533241272 0.27644819021225 0.288833409547806 0.300895392894745 0.274786323308945 0.279181063175201 0.271958947181702
-3.4e+38 -3.4e+38 -3.4e+38 -3.4e+38 0.870831370353699 0.873064339160919 0.900343894958496 0.947138369083405 0.874628186225891 0.847856462001801 0.832470297813416 0.895626485347748 0.878793656826019 0.812329649925232 0.767636656761169 0.801366209983826 0.771705627441406 0.724472224712372 0.699274301528931 0.663510024547577 0.622887074947357 0.597353935241699 0.576168715953827 0.549529612064362 0.532833158969879 0.512026846408844 0.486918359994888 0.472477436065674 0.465012788772583 0.443331718444824 0.404627591371536 0.396544694900513 0.418864160776138 0.430993467569351 0.419734954833984 0.336507618427277 0.312312752008438 0.297149509191513 0.281053602695465 0.276319921016693 0.267902404069901 0.279675990343094 0.280815631151199 0.276684492826462 0.280390918254852 0.270371824502945 0.268922507762909 0.279172837734222
-3.4e+38 -3.4e+38 0.925817310810089 0.91313374042511 0.918397068977356 0.95415335893631 0.937499105930328 0.921070516109467 0.928689539432526 0.865660965442657 0.903793573379517 0.873401582241058 0.837214887142181 0.793669581413269 0.773832738399506 0.794898867607117 0.763902842998505 0.74383556842804 0.696802377700806 0.66288024187088 0.611132681369781 0.591212630271912 0.565354943275452 0.548340260982513 0.525860905647278 0.506157517433167 0.487601280212402 0.466084778308868 0.462665379047394 0.435996562242508 0.405871689319611 0.413589477539062 0.425817847251892 0.440494865179062 0.380164951086044 0.337717533111572 0.322281241416931 0.314418941736221 0.292630672454834 0.272300690412521 0.28377839922905 0.275851041078568 0.272353529930115 0.275429129600525 0.28401780128479 0.278696268796921 0.284077554941177 0.280696660280228
-3.4e+38 0.95883697271347 0.94442081451416 0.939762532711029 0.961741864681244 0.965830564498901 0.938542485237122 0.950423717498779 0.940089702606201 0.908227622509003 0.886178195476532 0.847883820533752 0.827689349651337 0.743496656417847 0.80232709646225 0.787989318370819 0.743056118488312 0.735825181007385 0.702540159225464 0.671018421649933 0.622568905353546 0.596992194652557 0.538924217224121 0.531705677509308 0.497147053480148 0.506758987903595 0.478461772203445 0.478609353303909 0.479938149452209 0.441026359796524 0.417222261428833 0.459116995334625 0.460984379053116 0.380508661270142 0.362605810165405 0.338261961936951 0.319931268692017 0.322897225618362 0.301033616065979 0.302852004766464 0.278401613235474 0.291313886642456 0.296380043029785 0.300379753112793 0.287970960140228 0.299823522567749 0.286178857088089 0.293683856725693
-3.4e+38 0.948327362537384 0.971870064735413 0.983567416667938 0.970051348209381 0.970140099525452 0.976817727088928 0.967517793178558 0.954761981964111 0.941166698932648 0.887512147426605 0.863560855388641 0.837916731834412 0.843609035015106 0.818447530269623 0.773626089096069 0.709514498710632 0.708373606204987 0.667911052703857 0.662443101406097 0.613077878952026 0.539621531963348 0.486903458833694 0.512014806270599 0.490143418312073 0.485857576131821 0.467983335256577 0.462916254997253 0.44814869761467 0.419706463813782 0.416713297367096 0.429641991853714 0.395918220281601 0.421973675489426 0.443449705839157 0.407952159643173 0.380789697170258 0.327839493751526 0.316283285617828 0.30106320977211 0.285510957241058 0.29543462395668 0.295975893735886 0.293919146060944 0.318089306354523 0.2996586561203 0.306248962879181 0.290084540843964
-3.4e+38 -3.4e+38 0.971696436405182 0.965775907039642 0.970833122730255 0.98240864276886 0.963487505912781 0.953576743602753 0.951515376567841 0.935546398162842 0.906042814254761 0.902620732784271 0.860731303691864 0.814294874668121 0.77179354429245 0.71274071931839 0.668642163276672 0.603941738605499 0.563383460044861 0.601570665836334 0.54866898059845 0.533936023712158 0.507099866867065 0.486146867275238 0.465331882238388 0.456904053688049 0.453290969133377 0.456448554992676 0.445679187774658 0.431719362735748 0.437670648097992 0.44507172703743 0.454138040542603 0.432955116033554 0.428845584392548 0.401360899209976 0.39002525806427 0.400683671236038 0.377970486879349 0.370575726032257 0.36601984500885 0.305108904838562 0.30179363489151 0.317881345748901 0.293541431427002 0.303419977426529 0.300368338823318 0.312895774841309
-3.4e+38 -3.4e+38 0.980350136756897 0.98102194070816 0.980374872684479 0.974786818027496 0.979570329189301 0.970643699169159 0.952771961688995 0.944759130477905 0.94681978225708 0.912070095539093 0.846229195594788 0.762340486049652 0.704072535037994 0.646900057792664 0.583963871002197 0.568230152130127 0.527840197086334 0.544268608093262 0.46505206823349 0.45260614156723 0.426888912916183 0.397081196308136 0.386989146471024 0.39199087023735 0.374499827623367 0.441248178482056 0.430336326360703 0.444373995065689 0.435392379760742 0.446872591972351 0.456960618495941 0.42535600066185 0.440861225128174 0.414790630340576 0.391389578580856 0.40933546423912 0.404450207948685 0.38439530134201 0.385024160146713 0.377919882535934 0.370135694742203 0.375951558351517 0.295218169689178 0.31206414103508 0.309002161026001 0.303696721792221
-3.4e+38 -3.4e+38 -3.4e+38 0.991044998168945 0.977602422237396 0.983451902866364 0.971433281898499 0.972304463386536 0.951497077941895 0.937192797660828 0.937757074832916 0.874531805515289 0.813542068004608 0.741140425205231 0.671636581420898 0.583473563194275 0.533435940742493 0.548791408538818 0.550346374511719 0.499624669551849 0.445148646831512 0.413214594125748 0.420300543308258 0.370168119668961 0.386453926563263 0.376924127340317 0.438179939985275 0.451022237539291 0.434014707803726 0.43206924200058 0.439882397651672 0.442585498094559 0.432834297418594 0.435782045125961 0.44402751326561 0.432449370622635 0.419787555932999 0.398762881755829 0.416191607713699 0.4065121114254 0.398965984582901 0.400838017463684 0.371004581451416 0.365157663822174 0.392811149358749 0.376294434070587 0.382287085056305 0.376984030008316
-3.4e+38 -3.4e+38 0.987935900688171 0.987151145935059 0.976135075092316 0.980975747108459 0.973266899585724 0.968057513237 0.936725080013275 0.939725637435913 0.905624330043793 0.887269616127014 0.808048188686371 0.724909245967865 0.63131183385849 0.55320543050766 0.498760104179382 0.497167646884918 0.514326572418213 0.547919869422913 0.46316459774971 0.445830225944519 0.392361730337143 0.368774950504303 0.374169081449509 0.362351149320602 0.439992100000381 0.417420595884323 0.424169570207596 0.42901149392128 0.43808513879776 0.427110075950623 0.43609431385994 0.442841619253159 0.45317018032074 0.457222312688828 0.450875341892242 0.436280727386475 0.42028546333313 0.404777675867081 0.344505786895752 0.37608590722084 0.394446074962616 0.378327578306198 0.383931547403336 0.375418096780777 0.384405970573425 0.391704976558685
-3.4e+38 0.990123331546783 0.988365352153778 0.976057648658752 0.967043101787567 0.969253540039062 0.961506366729736 0.955818355083466 0.946574926376343 0.895749509334564 0.924215257167816 0.887407422065735 0.811168670654297 0.697564959526062 0.597411394119263 0.522181570529938 0.485853105783463 0.443674892187119 0.413784027099609 0.442029982805252 0.454567790031433 0.516606211662292 0.394896864891052 0.353386670351028 0.353634893894196 0.408776521682739 0.403536230325699 0.418707519769669 0.423934102058411 0.420736789703369 0.446711838245392 0.426116138696671 0.435154139995575 0.435316920280457 0.436788111925125 0.451610803604126 0.46555882692337 0.448105186223984 0.449447274208069 0.422798335552216 0.355330437421799 0.334066897630692 0.390217572450638 0.384907215833664 0.393702238798141 0.375647068023682 0.372365236282349 0.37762314081192
-3.4e+38 -3.4e+38 0.984641134738922 0.96541839838028 0.955834627151489 0.948019981384277 0.967120051383972 0.950408220291138 0.917489767074585 0.891972780227661 0.934860289096832 0.91586446762085 0.773782432079315 0.678298711776733 0.599488019943237 0.505437910556793 0.484854936599731 0.424257397651672 0.386840999126434 0.380743950605392 0.390512049198151 0.397999167442322 0.335278302431107 0.365878045558929 0.35651370882988 0.409422278404236 0.418220311403275 0.395731061697006 0.413065135478973 0.423367232084274 0.433794945478439 0.429631680250168 0.44469541311264 0.4684878885746 0.457759171724319 0.453867614269257 0.440213263034821 0.435029417276382 0.439508438110352 0.460635125637054 0.446705728769302 0.439327508211136 0.40794825553894 0.399949938058853 0.386993855237961 0.388729929924011 0.389664262533188 0.394806772470474
-3.4e+38 0.978736340999603 0.977125108242035 0.96140855550766 0.958979547023773 0.963359832763672 0.993766307830811 0.91870391368866 0.865280330181122 0.938383936882019 0.924934208393097 0.889297246932983 0.787836611270905 0.634015500545502 0.571442008018494 0.492817968130112 0.469945549964905 0.412656515836716 0.375037252902985 0.364897012710571 0.340574830770493 0.334233969449997 0.317928194999695 0.349716365337372 0.405094087123871 0.392709881067276 0.416766047477722 0.407313495874405 0.420524507761002 0.411396861076355 0.438818067312241 0.437418401241302 0.450396746397018 0.463613301515579 0.456969559192657 0.443427830934525 0.459465950727463 0.453707426786423 0.46570086479187 0.463737308979034 0.384208768606186 0.367001205682755 0.435498267412186 0.431194663047791 0.396394342184067 0.41981515288353 0.426879197359085 0.40489062666893
0.979917407035828 0.977306485176086 0.965151846408844 0.968417942523956 0.922047555446625 0.981732249259949 0.997811913490295 0.885350108146667 0.858334004878998 0.947204887866974 0.904248595237732 0.825619101524353 0.768055200576782 0.625051498413086 0.566066324710846 0.490283995866776 0.428361296653748 0.398802042007446 0.367007672786713 0.354606449604034 0.328765869140625 0.326625108718872 0.389394283294678 0.382156610488892 0.377141118049622 0.394404679536819 0.400419265031815 0.40043318271637 0.395075976848602 0.423366218805313 0.416441112756729 0.43263053894043 0.444151133298874 0.442129880189896 0.462625712156296 0.446036219596863 0.440954715013504 0.441103965044022 0.454079806804657 0.454728424549103 0.369187980890274 0.360585868358612 0.451849848031998 0.430862069129944 0.43715837597847 0.429704189300537 0.447325974702835 0.428379148244858
