data/climate_estimation/maxent_output/Fritillaria_bucharica.asc
NCOLS 50 
NROWS 41 
XLLCORNER 66.75 
YLLCORNER 37.6666666666667 
CELLSIZE 0.0833333333333334 
NODATA_value -3.4e+38 
[rows 0 to 19 of 41, columns 0 to 43 of 50]
0.508358538150787 0.535411894321442 0.529647290706635 0.578910171985626 0.552311420440674 0.594850778579712 0.594720602035522 0.622051537036896 0.597324311733246 0.642896711826324 0.616679489612579 0.666928887367249 0.657246768474579 0.644746661186218 0.635868012905121 0.634199202060699 0.663382768630981 0.659955322742462 0.654304265975952 0.648135483264923 0.63977712392807 0.637648522853851 0.685785531997681 0.562070786952972 0.540568053722382 0.592438638210297 0.592272758483887 0.602026283740997 0.592272758483887 0.614170730113983 0.620245277881622 0.633417189121246 0.691005766391754 0.621979057788849 0.624287664890289 0.69776839017868 0.71283882856369 0.741910815238953 0.648864269256592 0.652903854846954 0.613110363483429 0.637137293815613 0.570097029209137 0.526546001434326
0.476822584867477 0.525382876396179 0.500361084938049 0.547162234783173 0.53995555639267 0.580523729324341 0.561496913433075 0.610694587230682 0.638319075107574 0.615193128585815 0.60910165309906 0.637681782245636 0.630349338054657 0.635433197021484 0.627746284008026 0.654456198215485 0.657443284988403 0.651784956455231 0.650677740573883 0.644453406333923 0.658088624477386 0.645009338855743 0.645335614681244 0.650639891624451 0.555709958076477 0.562025547027588 0.561054170131683 0.563362896442413 0.585929036140442 0.591891944408417 0.605379045009613 0.622252345085144 0.636694550514221 0.557472229003906 0.662724256515503 0.622811853885651 0.726750254631042 0.635653436183929 0.699063122272491 0.696201384067535 0.598512470722198 0.690878748893738 0.504536926746368 0.408410042524338
0.51957243680954 0.515850365161896 0.506319463253021 0.531642436981201 0.580070495605469 0.555789172649384 0.55098032951355 0.595184087753296 0.569705724716187 0.613323450088501 0.595759809017181 0.621028482913971 0.617467224597931 0.629054427146912 0.60424816608429 0.649422347545624 0.649249672889709 0.646378576755524 0.644614219665527 0.639276921749115 0.637483239173889 0.63862556219101 0.63103049993515 0.649689078330994 0.650996565818787 0.531195878982544 0.539489388465881 0.540844798088074 0.549869358539581 0.553728222846985 0.575868844985962 0.60459566116333 0.603408217430115 0.549960792064667 0.558752536773682 0.610209763050079 0.662965297698975 0.588669240474701 0.731939554214478 0.66231495141983 0.63619589805603 0.540674328804016 0.303351253271103 0.232840582728386
0.51676869392395 0.50753116607666 0.530259013175964 0.521814227104187 0.552776217460632 0.545340657234192 0.590172171592712 0.582582175731659 0.620494544506073 0.607678651809692 0.599428236484528 0.61275452375412 0.626693606376648 0.606756865978241 0.65535569190979 0.644596636295319 0.63810920715332 0.640576839447021 0.637809932231903 0.637646615505219 0.628408491611481 0.633894383907318 0.652462720870972 0.651648819446564 0.601379573345184 0.621659457683563 0.496391505002975 0.516931116580963 0.521695554256439 0.537981927394867 0.569333374500275 0.568497896194458 0.650281667709351 0.632540822029114 0.746728420257568 0.740991055965424 0.766424655914307 0.69926118850708 0.667415857315063 0.684081375598907 0.560072183609009 0.478184819221497 0.580421984195709 0.503618478775024
0.56945937871933 0.540868937969208 0.521278560161591 0.509204268455505 0.543111085891724 0.53596305847168 0.577743172645569 0.57300728559494 0.60271418094635 0.587235331535339 0.569521844387054 0.620655179023743 0.599758386611938 0.613470196723938 0.631346344947815 0.636168897151947 0.633731484413147 0.633894383907318 0.633731484413147 0.632752776145935 0.62914627790451 0.648705840110779 0.649525344371796 0.6170933842659 0.604516386985779 0.624377131462097 0.596954464912415 0.471270948648453 0.500541210174561 0.512681305408478 0.532647728919983 0.59499192237854 0.685398042201996 0.782190322875977 0.81825315952301 0.761882722377777 0.769023597240448 0.68346893787384 0.694704592227936 0.52544891834259 0.557959616184235 0.680711328983307 0.665632843971252 0.658197999000549
0.654835879802704 0.593573808670044 0.559932231903076 0.543939232826233 0.533382296562195 0.579833388328552 0.556988060474396 0.541017472743988 0.594054341316223 0.565295338630676 0.61414647102356 0.594766438007355 0.585039615631104 0.638224720954895 0.637405872344971 0.612112700939178 0.611524164676666 0.608663082122803 0.628981649875641 0.627001881599426 0.645469129085541 0.64513748884201 0.61462926864624 0.600914597511292 0.626404285430908 0.631744563579559 0.603396534919739 0.617581903934479 0.460123747587204 0.489224433898926 0.51128613948822 0.591560840606689 0.660597801208496 0.807563841342926 0.848560571670532 0.844318926334381 0.746926605701447 0.807849764823914 0.672252118587494 0.696153998374939 0.703093290328979 0.585514962673187 0.6270751953125 0.593367695808411
0.804553925991058 0.745794415473938 0.669878959655762 0.603737235069275 0.589329898357391 0.555679321289062 0.601124346256256 0.575255632400513 0.567158937454224 0.572549223899841 0.587294518947601 0.583796501159668 0.629969596862793 0.610465049743652 0.624774813652039 0.617491543292999 0.618989944458008 0.617491543292999 0.617491543292999 0.627966523170471 0.646958470344543 0.642777860164642 0.612721562385559 0.625640332698822 0.634111940860748 0.597509860992432 0.606998801231384 0.584892451763153 0.480765253305435 0.467317551374435 0.434597313404083 0.586933255195618 0.790372669696808 0.712065577507019 0.752823829650879 0.766631424427032 0.769781231880188 0.750017642974854 0.804083943367004 0.769412279129028 0.634830892086029 0.598076105117798 0.483341455459595 0.457713007926941
0.881243526935577 0.925920069217682 0.854118585586548 0.777085185050964 0.667348504066467 0.656400084495544 0.646268010139465 0.629929721355438 0.663862347602844 0.651779770851135 0.579800486564636 0.628176093101501 0.604940414428711 0.615529596805573 0.599995672702789 0.659701585769653 0.653619229793549 0.649540305137634 0.619248032569885 0.62029230594635 0.640636384487152 0.602255284786224 0.587976217269897 0.620345830917358 0.592847585678101 0.598167300224304 0.574970066547394 0.591519415378571 0.573724925518036 0.435651451349258 0.459275662899017 0.46865439414978 0.550882935523987 0.567887842655182 0.622494757175446 0.672953963279724 0.66645747423172 0.750632166862488 0.645445108413696 0.594940066337585 0.622438788414001 0.472178786993027 0.57345986366272 0.531690359115601
0.783460021018982 0.80702418088913 0.885387718677521 0.874489486217499 0.887120842933655 0.786491930484772 0.77079838514328 0.758284270763397 0.68259072303772 0.626527547836304 0.626302540302277 0.619749486446381 0.601682305335999 0.652367234230042 0.651685774326324 0.647212445735931 0.645492851734161 0.644744634628296 0.609085857868195 0.616570889949799 0.619038045406342 0.585087418556213 0.610210955142975 0.616037786006927 0.57224577665329 0.605366349220276 0.562888920307159 0.601186692714691 0.542094886302948 0.559185981750488 0.428287148475647 0.461445331573486 0.646966159343719 0.684453308582306 0.67364376783371 0.551746547222137 0.59559690952301 0.592677891254425 0.510358393192291 0.494345307350159 0.531318604946136 0.465891271829605 0.462941348552704 0.508673131465912
0.801328599452972 0.775105953216553 0.800442159175873 0.828788816928864 0.815608322620392 0.916127920150757 0.892424166202545 0.919332087039948 0.811222493648529 0.677330672740936 0.621183276176453 0.630124866962433 0.630991041660309 0.644726455211639 0.643514454364777 0.643514454364777 0.654023826122284 0.642382144927979 0.608591020107269 0.610309839248657 0.614266097545624 0.621738374233246 0.591130316257477 0.624866962432861 0.572137117385864 0.607369303703308 0.567476332187653 0.599799156188965 0.578701972961426 0.560091197490692 0.428287148475647 0.572145879268646 0.610035002231598 0.609217047691345 0.452436655759811 0.462729692459106 0.418671667575836 0.449724286794662 0.442608863115311 0.419215053319931 0.46545934677124 0.464746654033661 0.461737871170044 0.463186234235764
0.732909023761749 0.723049223423004 0.803962290287018 0.783186495304108 0.809291183948517 0.883752524852753 0.868333756923676 0.890197455883026 0.853824555873871 0.852254629135132 0.695625424385071 0.647374331951141 0.671700716018677 0.67222672700882 0.673276841640472 0.666911661624908 0.673276841640472 0.657128632068634 0.64380145072937 0.646766424179077 0.65117609500885 0.631654560565948 0.649116337299347 0.657422125339508 0.628623425960541 0.643509745597839 0.665206909179688 0.6606125831604 0.563491880893707 0.571393728256226 0.431677967309952 0.462760150432587 0.423907607793808 0.434162199497223 0.461814016103745 0.477112472057343 0.444139301776886 0.456054270267487 0.52164226770401 0.581445038318634 0.579339563846588 0.534639596939087 0.499943643808365 0.630376517772675
0.731422781944275 0.807363450527191 0.821446299552917 0.766906201839447 0.757089972496033 0.792256057262421 0.783232092857361 0.821509420871735 0.81730043888092 0.810879766941071 0.834091365337372 0.774994850158691 0.705678224563599 0.65220719575882 0.665283977985382 0.664928376674652 0.668232679367065 0.669122993946075 0.692295074462891 0.695283532142639 0.704298794269562 0.707228124141693 0.680954098701477 0.690724968910217 0.707981288433075 0.725769460201263 0.62387889623642 0.640276074409485 0.615977227687836 0.565701246261597 0.543721377849579 0.482752829790115 0.49624839425087 0.539200067520142 0.563648521900177 0.654311716556549 0.572667717933655 0.692602455615997 0.70221734046936 0.723844051361084 0.705899477005005 0.745875656604767 0.796898782253265 0.750736773014069
0.673796772956848 0.704631090164185 0.721855223178864 0.745651662349701 0.739332854747772 0.722283482551575 0.768240809440613 0.759931743144989 0.756705760955811 0.744665563106537 0.729856550693512 0.810490250587463 0.759870767593384 0.691963672637939 0.699312269687653 0.661704480648041 0.658083081245422 0.716260850429535 0.709272742271423 0.727151274681091 0.737843334674835 0.744110822677612 0.750622093677521 0.797437489032745 0.677527487277985 0.705398857593536 0.719669163227081 0.739082098007202 0.75717157125473 0.701260149478912 0.722615361213684 0.740699529647827 0.784682512283325 0.67673271894455 0.736717820167542 0.777173638343811 0.783995389938354 0.72892290353775 0.795973658561707 0.809993803501129 0.837236821651459 0.857479214668274 0.759563803672791 0.810360908508301
0.600404262542725 0.620035111904144 0.678841471672058 0.697095215320587 0.822809517383575 0.802582383155823 0.903535962104797 0.822048664093018 0.7640700340271 0.737444519996643 0.783026874065399 0.793310880661011 0.834522247314453 0.843672513961792 0.779668867588043 0.777640640735626 0.739649295806885 0.755514025688171 0.776747941970825 0.813728332519531 0.831460237503052 0.803355276584625 0.760648012161255 0.811993777751923 0.854591369628906 0.859493315219879 0.835683107376099 0.876675188541412 0.884616136550903 0.895196259021759 0.826674818992615 0.807966232299805 0.867907643318176 0.816505789756775 0.907002031803131 0.861792087554932 0.834956884384155 0.869634091854095 0.8273845911026 0.821493446826935 0.86370187997818 0.804265737533569 0.833247482776642 0.749958038330078
0.578827559947968 0.613240659236908 0.659702181816101 0.695122301578522 0.725077748298645 0.862107574939728 0.834595918655396 0.798188209533691 0.811725914478302 0.802284955978394 0.791394650936127 0.803657948970795 0.919167697429657 0.90326201915741 0.903273224830627 0.898093938827515 0.897130191326141 0.870558023452759 0.801377594470978 0.832775294780731 0.863772571086884 0.901540160179138 0.923462808132172 0.928294003009796 0.954158544540405 0.946758449077606 0.953223168849945 0.90274965763092 0.909226059913635 0.934279918670654 0.953118681907654 0.930271863937378 0.924779653549194 0.928916990756989 0.947161674499512 0.911701679229736 0.896150588989258 0.887739598751068 0.883346021175385 0.897752404212952 0.922588288784027 0.810632824897766 0.818213403224945 0.770682871341705
0.63059389591217 0.600153028964996 0.634161591529846 0.685117244720459 0.681433975696564 0.707352578639984 0.699907600879669 0.753021478652954 0.768274188041687 0.797882676124573 0.729600012302399 0.796704530715942 0.867051541805267 0.938181817531586 0.976231157779694 0.969756305217743 0.961357474327087 0.918926775455475 0.91032201051712 0.932187557220459 0.936820328235626 0.977189183235168 0.955780029296875 0.979995131492615 0.970837473869324 0.961859107017517 0.965456604957581 0.96889454126358 0.942342102527618 0.958411455154419 0.949740648269653 0.971904098987579 0.934384346008301 0.932378530502319 0.95637321472168 0.953758478164673 0.934398472309113 0.951839804649353 0.937315225601196 0.904355466365814 0.898087859153748 0.748393595218658 0.740898609161377 0.749166369438171
0.610764145851135 0.640092670917511 0.62970370054245 0.677868008613586 0.678876757621765 0.714483439922333 0.693597912788391 0.685419023036957 0.758454918861389 0.735124289989471 0.884562611579895 0.969466686248779 0.977055013179779 0.952047169208527 0.930030465126038 0.940407335758209 0.987769365310669 0.985230267047882 0.986269950866699 0.96068400144577 0.969342052936554 0.992337107658386 0.987448692321777 0.984059512615204 0.968621373176575 0.971253395080566 0.991003513336182 0.987789273262024 0.976814329624176 0.987236618995667 0.977282583713531 0.974761247634888 0.95214980840683 0.964151322841644 0.89655464887619 0.916890740394592 0.871620655059814 0.795562267303467 0.912528574466705 0.864565908908844 0.598418831825256 0.590923190116882 0.791988611221313 0.737095296382904
0.644108891487122 0.634217500686646 0.663326859474182 0.640584647655487 0.666067123413086 0.709782600402832 0.692918539047241 0.738734662532806 0.692984700202942 0.916113555431366 0.971561849117279 0.98415219783783 0.983707010746002 0.990763068199158 0.968945145606995 0.973345696926117 0.978012263774872 0.995408833026886 0.98546576499939 0.987892091274261 0.994697272777557 0.987836003303528 0.989366829395294 0.994393110275269 0.985276579856873 0.97293609380722 0.963821947574615 0.960247695446014 0.981070816516876 0.95967024564743 0.984671533107758 0.929246306419373 0.937924683094025 0.913336455821991 0.638088583946228 0.4447141289711 0.658015012741089 0.752695441246033 0.551922917366028 0.65015834569931 0.255329549312592 0.443339407444 0.615481615066528 0.337583988904953
0.691308915615082 0.67735755443573 0.639625728130341 0.632798790931702 0.699227869510651 0.681165635585785 0.678677141666412 0.755047976970673 0.742514908313751 0.876755714416504 0.898205637931824 0.848935961723328 0.860150277614594 0.949254393577576 0.974821388721466 0.981413424015045 0.986034750938416 0.977775633335114 0.988239288330078 0.988082826137543 0.933056652545929 0.953687071800232 0.957877278327942 0.893191576004028 0.916967809200287 0.961986780166626 0.981147527694702 0.941571295261383 0.891088902950287 0.754840791225433 0.772132396697998 0.681988656520844 0.548065423965454 0.538389086723328 0.535250127315521 0.457805782556534 0.551471352577209 0.446060627698898 0.256648272275925 0.349632978439331 0.344404488801956 0.261161804199219 0.26821756362915 0.266213357448578
0.868184089660645 0.894741654396057 0.839903175830841 0.700392484664917 0.702324986457825 0.677316248416901 0.670745849609375 0.750438034534454 0.719012379646301 0.729792773723602 0.806486785411835 0.82538241147995 0.864365875720978 0.881360530853271 0.912028312683105 0.957975149154663 0.977983355522156 0.975730657577515 0.977214097976685 0.990720272064209 0.993649005889893 0.988258957862854 0.961817383766174 0.955086469650269 0.924320459365845 0.922361254692078 0.902230978012085 0.925583899021149 0.969717621803284 0.951355695724487 0.960994720458984 0.829764544963837 0.899046361446381 0.950040519237518 0.919516742229462 0.917158007621765 0.915704190731049 0.922470271587372 0.792160391807556 0.849943995475769 0.856196701526642 0.770362436771393 0.543548941612244 0.650070428848267
