data/climate_estimation/maxent_output/Fritillaria_delavayi.asc
NCOLS 154 
NROWS 77 
XLLCORNER 88.75 
YLLCORNER 26.75 
CELLSIZE 0.0833333333333333 
NODATA_value -3.4e+38 
[rows 0 to 19 of 77, columns 88 to 131 of 154]
0.325024485588074 0.309249252080917 0.336787641048431 0.347481071949005 0.445135653018951 0.34118178486824 0.448067367076874 0.421378135681152 0.328102201223373 0.417170405387878 0.451950162649155 0.438677310943604 0.508341372013092 0.397125869989395 0.450002759695053 0.493720322847366 0.428351819515228 0.405202716588974 0.444669187068939 0.450061351060867 0.455718189477921 0.468212217092514 0.480386883020401 0.489444077014923 0.490153312683105 0.503122866153717 0.363837480545044 0.354135870933533 0.369382411241531 0.419515818357468 0.374615371227264 0.302244782447815 0.329872846603394 0.276973456144333 0.300261557102203 0.307647138834 0.339806824922562 0.374268621206284 0.343695282936096 0.347092270851135 0.351607710123062 0.340975910425186 0.282783269882202 0.295702368021011
0.357965469360352 0.38877472281456 0.377167135477066 0.380132406949997 0.389096975326538 0.37483075261116 0.454383045434952 0.445204138755798 0.45752364397049 0.514750361442566 0.511155009269714 0.531922519207001 0.522889733314514 0.544669389724731 0.522416830062866 0.438930451869965 0.364060491323471 0.450814753770828 0.465230792760849 0.355184227228165 0.492323398590088 0.520619988441467 0.502654731273651 0.487220227718353 0.514025151729584 0.544624269008636 0.545660257339478 0.419324308633804 0.374007403850555 0.413278549909592 0.404466390609741 0.396234214305878 0.331689119338989 0.361986756324768 0.318812251091003 0.328490138053894 0.326763063669205 0.352058827877045 0.379774868488312 0.372876673936844 0.355123490095139 0.287319093942642 0.298946022987366 0.3121677339077
0.397381037473679 0.414384394884109 0.40006548166275 0.42331850528717 0.402458339929581 0.390646934509277 0.488686084747314 0.403347581624985 0.49291980266571 0.487953245639801 0.518676578998566 0.572359800338745 0.530254662036896 0.554004490375519 0.555721402168274 0.55359411239624 0.544768452644348 0.377527385950089 0.368269711732864 0.373663038015366 0.394431918859482 0.511337637901306 0.514797866344452 0.54292505979538 0.537495315074921 0.450159311294556 0.466132551431656 0.490876168012619 0.422223120927811 0.461395889520645 0.420947641134262 0.432977885007858 0.408880710601807 0.3870470225811 0.426694095134735 0.407359272241592 0.363295763731003 0.379290223121643 0.407944142818451 0.399430215358734 0.431152313947678 0.32276913523674 0.311326205730438 0.315980076789856
0.420852512121201 0.419779926538467 0.389481604099274 0.382841646671295 0.544333219528198 0.530221223831177 0.52045065164566 0.499709963798523 0.572379291057587 0.589572191238403 0.58009922504425 0.592764616012573 0.594708502292633 0.575619459152222 0.53944456577301 0.596244871616364 0.522338151931763 0.543943703174591 0.415453791618347 0.403248012065887 0.409720152616501 0.392101496458054 0.403689384460449 0.427901118993759 0.408641815185547 0.452372819185257 0.468644380569458 0.499106109142303 0.528851687908173 0.488984942436218 0.503136456012726 0.484724879264832 0.485505998134613 0.494681715965271 0.468383401632309 0.478256851434708 0.42718094587326 0.383565276861191 0.388400495052338 0.430509805679321 0.472309947013855 0.448436796665192 0.387647986412048 0.352054685354233
0.467120736837387 0.445603877305984 0.417717188596725 0.449088782072067 0.567118704319 0.587445497512817 0.556899428367615 0.516768872737885 0.410068154335022 0.514053225517273 0.515960574150085 0.582686424255371 0.588356196880341 0.617327392101288 0.586242020130157 0.635599851608276 0.543534219264984 0.403092414140701 0.436838388442993 0.385153383016586 0.388242661952972 0.401707738637924 0.392576217651367 0.420896172523499 0.382213145494461 0.421477556228638 0.497769713401794 0.521094620227814 0.544341444969177 0.536830902099609 0.514063954353333 0.478764057159424 0.515454769134521 0.52909916639328 0.531067371368408 0.522323310375214 0.462531119585037 0.432710856199265 0.432161629199982 0.435952842235565 0.473653376102448 0.486077070236206 0.377781003713608 0.400369554758072
0.502836287021637 0.521491587162018 0.493434965610504 0.498808324337006 0.604891121387482 0.598217368125916 0.602580070495605 0.4269979596138 0.421007722616196 0.325406730175018 0.408973067998886 0.554932236671448 0.396428346633911 0.439907521009445 0.430311590433121 0.64911162853241 0.646398186683655 0.407835006713867 0.416605561971664 0.396291971206665 0.424479961395264 0.380071759223938 0.383300811052322 0.384204834699631 0.409150928258896 0.458468347787857 0.528404653072357 0.554148316383362 0.543052017688751 0.512401640415192 0.524047791957855 0.479905009269714 0.447247803211212 0.502733290195465 0.515853047370911 0.546753942966461 0.503668904304504 0.450655549764633 0.475672155618668 0.453881233930588 0.471799582242966 0.406286776065826 0.395873337984085 0.430486917495728
0.536109268665314 0.483294308185577 0.520601332187653 0.481480449438095 0.610450923442841 0.651217222213745 0.607237219810486 0.471650868654251 0.452000588178635 0.392101913690567 0.383368015289307 0.412595421075821 0.410605162382126 0.450337767601013 0.411419540643692 0.417016565799713 0.591661870479584 0.697547316551208 0.682534098625183 0.632707536220551 0.403173208236694 0.419801712036133 0.444556951522827 0.445663303136826 0.460618883371353 0.455678790807724 0.532171010971069 0.554261445999146 0.534400582313538 0.49276015162468 0.491208642721176 0.525892198085785 0.514896273612976 0.520180225372314 0.490577816963196 0.532645642757416 0.563151657581329 0.504755675792694 0.483321040868759 0.488260924816132 0.400907456874847 0.41075336933136 0.385742694139481 0.418371111154556
0.577568709850311 0.584492266178131 0.534975707530975 0.639894366264343 0.643255531787872 0.653554260730743 0.652751684188843 0.629812061786652 0.611260294914246 0.458498746156693 0.476771920919418 0.477655678987503 0.439469873905182 0.446959584951401 0.46005454659462 0.453276723623276 0.475048869848251 0.500048518180847 0.660443007946014 0.70882374048233 0.705931544303894 0.710819900035858 0.667690634727478 0.659119606018066 0.478819340467453 0.462384253740311 0.507538735866547 0.563368141651154 0.529173970222473 0.504867136478424 0.474629163742065 0.490724563598633 0.529087066650391 0.528433740139008 0.57195782661438 0.591927111148834 0.552257120609283 0.531423389911652 0.52312970161438 0.497448176145554 0.522496461868286 0.402726292610168 0.388893306255341 0.387805163860321
0.573170363903046 0.569707810878754 0.59588748216629 0.670468628406525 0.647294998168945 0.545052766799927 0.669620394706726 0.683553040027618 0.682824075222015 0.611962139606476 0.49665504693985 0.624988079071045 0.477412432432175 0.478467643260956 0.480312556028366 0.460751086473465 0.50870543718338 0.514046370983124 0.658364534378052 0.667365670204163 0.713235855102539 0.706774353981018 0.720912396907806 0.739647388458252 0.520887017250061 0.510083019733429 0.507412254810333 0.506158649921417 0.519324958324432 0.551833093166351 0.496286034584045 0.540234386920929 0.505126595497131 0.551685452461243 0.608667433261871 0.607809901237488 0.573677241802216 0.496894985437393 0.566109716892242 0.551700472831726 0.446474611759186 0.467162996530533 0.420946717262268 0.396710872650146
0.526821792125702 0.539576053619385 0.540142595767975 0.602542281150818 0.68951952457428 0.554851353168488 0.54042911529541 0.672480046749115 0.698388874530792 0.691689729690552 0.677261531352997 0.638264954090118 0.644271790981293 0.671626269817352 0.525188207626343 0.51318633556366 0.495578497648239 0.513276398181915 0.528925240039825 0.524791777133942 0.516269862651825 0.550334274768829 0.556628406047821 0.608008205890656 0.73496425151825 0.746932506561279 0.635996222496033 0.588700413703918 0.593999862670898 0.589135706424713 0.580613613128662 0.576792418956757 0.572687208652496 0.60256427526474 0.640841782093048 0.631588578224182 0.593261480331421 0.592166185379028 0.54453432559967 0.580929577350616 0.58086621761322 0.505146324634552 0.479449838399887 0.448378086090088
0.565166354179382 0.520159244537354 0.543864130973816 0.601726531982422 0.726139187812805 0.583685755729675 0.564554512500763 0.712428987026215 0.716799914836884 0.706917285919189 0.703608512878418 0.695208489894867 0.554751217365265 0.649842739105225 0.678798317909241 0.549654126167297 0.549745917320251 0.575812518596649 0.566633462905884 0.512233436107635 0.517914295196533 0.545138299465179 0.525042951107025 0.46551376581192 0.544916212558746 0.754177808761597 0.634033977985382 0.659106612205505 0.640604734420776 0.621905028820038 0.629332304000854 0.645480036735535 0.610446512699127 0.652361392974854 0.671676874160767 0.644507527351379 0.643047273159027 0.637910962104797 0.631369769573212 0.591100692749023 0.609284698963165 0.496836870908737 0.519438207149506 0.529651343822479
0.557068169116974 0.558732867240906 0.524994254112244 0.619521677494049 0.72752183675766 0.613869369029999 0.558772027492523 0.576464056968689 0.71490067243576 0.72737717628479 0.709068953990936 0.600253045558929 0.579732298851013 0.579549312591553 0.705345928668976 0.544463276863098 0.586345076560974 0.69512927532196 0.552784085273743 0.539123237133026 0.540935695171356 0.524629473686218 0.51802933216095 0.548029661178589 0.756173670291901 0.759953081607819 0.674471914768219 0.603934466838837 0.612429976463318 0.575857043266296 0.607223451137543 0.667548477649689 0.667832374572754 0.654009878635406 0.621054232120514 0.64080411195755 0.585597276687622 0.54086434841156 0.653623580932617 0.623249650001526 0.643511950969696 0.529705345630646 0.515028834342957 0.542774796485901
0.562093019485474 0.589657008647919 0.533566117286682 0.562009394168854 0.630627512931824 0.734287202358246 0.640139818191528 0.725333452224731 0.643057525157928 0.717621266841888 0.630234718322754 0.715868771076202 0.607857346534729 0.594740211963654 0.71557080745697 0.709826171398163 0.60594779253006 0.716924071311951 0.601464748382568 0.562987089157104 0.599140465259552 0.603816270828247 0.527881681919098 0.579438626766205 0.626354038715363 0.617995977401733 0.786231815814972 0.691378355026245 0.675942003726959 0.64246541261673 0.676961123943329 0.597955107688904 0.651837348937988 0.699383437633514 0.607613682746887 0.578504979610443 0.5770623087883 0.60840517282486 0.66103184223175 0.659701764583588 0.663639783859253 0.496447026729584 0.524223387241364 0.513554871082306
0.587296307086945 0.613615930080414 0.611837267875671 0.598507344722748 0.63243705034256 0.645730495452881 0.607206404209137 0.634283244609833 0.728230178356171 0.745755851268768 0.737528085708618 0.734074175357819 0.645510137081146 0.645510137081146 0.632379353046417 0.742371380329132 0.728164434432983 0.746086537837982 0.644520938396454 0.758694052696228 0.595173954963684 0.609903037548065 0.6261305809021 0.652161538600922 0.620340585708618 0.587531924247742 0.621431350708008 0.810535907745361 0.691317737102509 0.5926673412323 0.671031773090363 0.673628330230713 0.543363392353058 0.531573534011841 0.633685767650604 0.658377051353455 0.668036341667175 0.650087893009186 0.639521539211273 0.648023545742035 0.682154476642609 0.660118520259857 0.572662532329559 0.559430778026581
0.637505054473877 0.641269326210022 0.62924188375473 0.61627072095871 0.602487444877625 0.632603824138641 0.621464014053345 0.638653457164764 0.631345570087433 0.643406808376312 0.658665478229523 0.635804295539856 0.655072569847107 0.648288726806641 0.625377178192139 0.605381608009338 0.640362560749054 0.645932137966156 0.663158655166626 0.678789258003235 0.632107198238373 0.642034113407135 0.647744238376617 0.697100162506104 0.684395670890808 0.636488258838654 0.657695174217224 0.708428859710693 0.825927972793579 0.651022672653198 0.718302130699158 0.712035655975342 0.706856966018677 0.614383518695831 0.553532660007477 0.607180237770081 0.691197335720062 0.699296236038208 0.665416836738586 0.614595711231232 0.651041746139526 0.693850696086884 0.575677216053009 0.563363134860992
0.678986012935638 0.668517053127289 0.673097848892212 0.598078846931458 0.623022735118866 0.649895191192627 0.651420831680298 0.652254641056061 0.627239227294922 0.644092500209808 0.665710151195526 0.663182973861694 0.612333953380585 0.629479348659515 0.636687040328979 0.586529433727264 0.618554711341858 0.628261625766754 0.64743709564209 0.76811271905899 0.688586592674255 0.655498743057251 0.685527503490448 0.700716435909271 0.702408134937286 0.71441650390625 0.697714447975159 0.83442622423172 0.832808077335358 0.720146119594574 0.736049175262451 0.675769627094269 0.671302497386932 0.628342032432556 0.575431048870087 0.617273390293121 0.691577672958374 0.706735551357269 0.703363358974457 0.701111257076263 0.650055050849915 0.684663534164429 0.706853806972504 0.591949224472046
0.608108401298523 0.663304328918457 0.665485322475433 0.663242042064667 0.618629157543182 0.641732037067413 0.652959525585175 0.634043514728546 0.620547413825989 0.652908086776733 0.668736815452576 0.65268611907959 0.636823892593384 0.621332883834839 0.636918067932129 0.566733181476593 0.583697974681854 0.61584061384201 0.654977917671204 0.687581717967987 0.699654400348663 0.667803108692169 0.695092976093292 0.673416614532471 0.697148978710175 0.669314324855804 0.811221539974213 0.740565657615662 0.834618806838989 0.837353527545929 0.719103455543518 0.663368225097656 0.686801433563232 0.64167857170105 0.633228003978729 0.411940157413483 0.606158256530762 0.651766896247864 0.665884792804718 0.710970103740692 0.726184964179993 0.706735193729401 0.714942097663879 0.699492216110229
0.528426349163055 0.623261034488678 0.672816038131714 0.678749322891235 0.687069296836853 0.671598017215729 0.683872878551483 0.640753924846649 0.645801484584808 0.637157499790192 0.664101839065552 0.663403809070587 0.663933575153351 0.63320380449295 0.66084623336792 0.661967039108276 0.608442723751068 0.593359708786011 0.621695876121521 0.684874534606934 0.793694853782654 0.673014104366302 0.784699082374573 0.661461353302002 0.709952592849731 0.800358355045319 0.83372437953949 0.838521063327789 0.812635123729706 0.834871888160706 0.853905320167542 0.707156300544739 0.714033246040344 0.738582849502563 0.72378009557724 0.689438879489899 0.654488563537598 0.659330606460571 0.682633697986603 0.672409951686859 0.656496345996857 0.684514403343201 0.725975394248962 0.714108645915985
0.585366785526276 0.584978640079498 0.646612167358398 0.663566112518311 0.639451026916504 0.660316228866577 0.68355131149292 0.687324821949005 0.664240777492523 0.648977339267731 0.668837010860443 0.660907566547394 0.672156929969788 0.659904301166534 0.625288069248199 0.666029214859009 0.667441666126251 0.66258978843689 0.60768187046051 0.629370331764221 0.791133642196655 0.774969518184662 0.784773111343384 0.699955582618713 0.690406084060669 0.697539687156677 0.711601316928864 0.84391987323761 0.728504955768585 0.850027024745941 0.853119611740112 0.713959157466888 0.828288793563843 0.708435118198395 0.834994971752167 0.753534615039825 0.717612564563751 0.695977628231049 0.70932400226593 0.676655769348145 0.668712556362152 0.636470913887024 0.666011214256287 0.730196893215179
0.58392608165741 0.660239696502686 0.644049823284149 0.659639477729797 0.641789019107819 0.646757543087006 0.65904289484024 0.674709856510162 0.664287090301514 0.681350886821747 0.66813325881958 0.66751492023468 0.769001483917236 0.767021358013153 0.785533964633942 0.788440942764282 0.767225205898285 0.676683902740479 0.614490807056427 0.610866963863373 0.670788407325745 0.775643110275269 0.784439027309418 0.813673436641693 0.814954996109009 0.821422696113586 0.848127007484436 0.850116074085236 0.863196015357971 0.852984547615051 0.85551530122757 0.852158904075623 0.842219889163971 0.735876560211182 0.73096776008606 0.844439566135406 0.846867501735687 0.831588089466095 0.83167576789856 0.744777977466583 0.687640786170959 0.709258317947388 0.731326043605804 0.728902161121368
