data/climate_estimation/maxent_output/Fritillaria_atropurpurea.asc
NCOLS 272 
NROWS 184 
XLLCORNER -124.083333333333 
YLLCORNER 33.5 
CELLSIZE 0.0833333333333334 
NODATA_value -3.4e+38 
[rows 152 to 170 of 184, columns 132 to 175 of 272]
0.534492313861847 0.284743964672089 0.578678965568542 0.5947585105896 0.421790897846222 0.0909688919782639 0.553907632827759 0.724839866161346 0.788494348526001 0.0497594624757767 0.0448683798313141 0.790767192840576 0.789346516132355 0.799865245819092 0.0245615839958191 0.146722868084908 0.240907937288284 0.0749976933002472 0.0573446378111839 0.0384432561695576 0.0131561066955328 0.0214777942746878 0.0198792330920696 0.0304893404245377 0.0353402197360992 0.0522141456604004 0.0849937722086906 0.122430719435215 0.239668607711792 0.413041830062866 0.423281341791153 0.404331147670746 0.427829921245575 0.569674372673035 0.569154143333435 0.585376501083374 0.707496881484985 0.639514923095703 0.455289661884308 0.39179402589798 0.248947292566299 0.192167714238167 0.190227761864662 0.507127285003662
0.78998327255249 0.710988223552704 0.690667331218719 0.637416124343872 0.55525267124176 0.499005258083344 0.478421628475189 0.636018574237823 0.78796511888504 0.788322687149048 0.786946058273315 0.782234966754913 0.788155376911163 0.267948508262634 0.222255170345306 0.792191088199615 0.346493601799011 0.154456898570061 0.0684609860181808 0.0208439938724041 0.00756568694487214 0.0156864989548922 0.0612971261143684 0.155407339334488 0.166875153779984 0.0879044756293297 0.162924110889435 0.311964571475983 0.352043986320496 0.343230158090591 0.346569269895554 0.31103840470314 0.458320826292038 0.50214946269989 0.550699174404144 0.528026461601257 0.569804608821869 0.72514820098877 0.523797392845154 0.372381746768951 0.272172600030899 0.251271605491638 0.250083386898041 0.553757667541504
0.790979444980621 0.757795214653015 0.692240476608276 0.63567066192627 0.594642221927643 0.571691632270813 0.516718983650208 0.558304190635681 0.671301424503326 0.785122036933899 0.787427306175232 0.788892567157745 0.792644083499908 0.797315716743469 0.798103749752045 0.803833842277527 0.656954705715179 0.246649146080017 0.0543558485805988 0.014426851645112 0.00683066667988896 0.00950498040765524 0.0833632275462151 0.238185942173004 0.360482662916183 0.360913813114166 0.365900456905365 0.226572975516319 0.281696051359177 0.386423617601395 0.282276183366776 0.373925715684891 0.359942436218262 0.446731090545654 0.427880436182022 0.487103998661041 0.58266007900238 0.770122349262238 0.76080310344696 0.415017634630203 0.321220934391022 0.301899701356888 0.267527937889099 0.518178284168243
0.788676679134369 0.768799245357513 0.689108550548553 0.610281944274902 0.572296559810638 0.572007894515991 0.514791309833527 0.535787165164948 0.5985107421875 0.710176348686218 0.794368803501129 0.791552126407623 0.791826009750366 0.796205937862396 0.795482575893402 0.797449231147766 0.809612035751343 0.809137165546417 0.15114614367485 0.0134927602484822 0.00436143251135945 0.0087394006550312 0.0306705962866545 0.169414326548576 0.22315676510334 0.27794998884201 0.235177010297775 0.203070387244225 0.331402093172073 0.239081189036369 0.352544158697128 0.336558908224106 0.299318075180054 0.351565659046173 0.479450821876526 0.692263066768646 0.763091742992401 0.784778118133545 0.77599024772644 0.558258652687073 0.397826045751572 0.435543388128281 0.396250188350677 0.679197669029236
0.786118388175964 0.782867550849915 0.666431307792664 0.549045383930206 0.523652970790863 0.526767253875732 0.517057597637177 0.496096014976501 0.615353584289551 0.706577599048615 0.778644323348999 0.795921206474304 0.793541789054871 0.800410509109497 0.797268152236938 0.796775937080383 0.798802852630615 0.605022847652435 0.0800891295075417 0.0304745770990849 0.00945041142404079 0.00790548697113991 0.0148522071540356 0.0541967749595642 0.161308541893959 0.16281370818615 0.146200388669968 0.291045576334 0.197494879364967 0.167598888278008 0.283823192119598 0.206376969814301 0.251135736703873 0.453484505414963 0.610946238040924 0.610685288906097 0.712470948696136 0.761388063430786 0.652870297431946 0.694929838180542 0.574343979358673 0.584830462932587 0.737479269504547 0.756124377250671
0.672184348106384 0.790133953094482 0.733512282371521 0.761430561542511 0.587073743343353 0.548143148422241 0.496149808168411 0.513553380966187 0.573406994342804 0.66817831993103 0.709651112556458 0.784356117248535 0.801870107650757 0.802850663661957 0.80387556552887 0.803325295448303 0.794824838638306 0.364381968975067 0.135687172412872 0.0940301790833473 0.0360583029687405 0.00943588651716709 0.0190439671278 0.0275815539062023 0.0985096246004105 0.112771235406399 0.164155438542366 0.205003499984741 0.141703069210052 0.182576864957809 0.144784420728683 0.174967542290688 0.289404422044754 0.39277771115303 0.441299587488174 0.650396287441254 0.678535163402557 0.655916512012482 0.561101377010345 0.671422481536865 0.668472111225128 0.606755793094635 0.710902869701385 0.765541434288025
0.660472512245178 0.777336478233337 0.760320901870728 0.776992559432983 0.773820281028748 0.680219948291779 0.522606313228607 0.547577202320099 0.604455590248108 0.67111611366272 0.74582451581955 0.790336728096008 0.805218696594238 0.801325023174286 0.806158781051636 0.805136859416962 0.70935994386673 0.566238045692444 0.287171691656113 0.135163933038712 0.0574608817696571 0.0143594639375806 0.0328474454581738 0.0487423241138458 0.0618628896772861 0.0680776387453079 0.103784896433353 0.105382151901722 0.132969677448273 0.125224590301514 0.156586855649948 0.187679320573807 0.210410669445992 0.276680141687393 0.359436988830566 0.485541671514511 0.454579532146454 0.45450496673584 0.468504071235657 0.566636145114899 0.516892731189728 0.654025197029114 0.778987348079681 0.778464674949646
0.628540277481079 0.759136021137238 0.672291100025177 0.774864017963409 0.761842131614685 0.68263852596283 0.562129080295563 0.645564496517181 0.707204699516296 0.746306538581848 0.791100025177002 0.809531807899475 0.812240123748779 0.802104413509369 0.803108870983124 0.805303752422333 0.808229029178619 0.802689433097839 0.546402156352997 0.253734529018402 0.0714382231235504 0.0256177131086588 0.0296566933393478 0.0442892722785473 0.0540597140789032 0.0553998500108719 0.0711642876267433 0.0765136480331421 0.0938545987010002 0.134035587310791 0.151486411690712 0.187310919165611 0.39674973487854 0.553762137889862 0.55417788028717 0.485828340053558 0.416100353002548 0.338040441274643 0.353664994239807 0.436126291751862 0.636520266532898 0.758621394634247 0.760140240192413 0.776658177375793
0.323413252830505 0.67144650220871 0.576351284980774 0.757589101791382 0.773757100105286 0.660258889198303 0.622313916683197 0.627289354801178 0.740255177021027 0.80504834651947 0.806861042976379 0.809088051319122 0.80858188867569 0.805167615413666 0.794825732707977 0.789759457111359 0.789293825626373 0.798481523990631 0.808160722255707 0.543322443962097 0.224925875663757 0.0900484621524811 0.036549661308527 0.0418694764375687 0.0484632477164268 0.0846545249223709 0.069266602396965 0.069270171225071 0.080242283642292 0.0995911732316017 0.149630889296532 0.26973894238472 0.460111677646637 0.581622242927551 0.623849809169769 0.469189405441284 0.384868860244751 0.3419069647789 0.301411360502243 0.397249490022659 0.526030659675598 0.659726798534393 0.638402044773102 0.757994174957275
0.422127217054367 0.490959852933884 0.432212263345718 0.577703952789307 0.775844275951385 0.621069192886353 0.463084638118744 0.643659293651581 0.785634875297546 0.805959165096283 0.811185598373413 0.814116597175598 0.803278386592865 0.800436198711395 0.786645650863647 0.776008665561676 0.691996514797211 0.760103404521942 0.797435998916626 0.802022159099579 0.586367130279541 0.246695011854172 0.0987401604652405 0.0622501112520695 0.047695204615593 0.0586534030735493 0.0775456577539444 0.0758164525032043 0.0933716297149658 0.108628131449223 0.140073701739311 0.217710912227631 0.326477110385895 0.429081469774246 0.470188349485397 0.345469832420349 0.254787534475327 0.328022450208664 0.271078944206238 0.325705766677856 0.43818873167038 0.484069794416428 0.458126783370972 0.616201817989349
0.567801117897034 0.336820363998413 0.343485087156296 0.493331611156464 0.597324311733246 0.410020440816879 0.391208380460739 0.540339887142181 0.783487737178802 0.813351273536682 0.82051157951355 0.813601970672607 0.806872189044952 0.80285382270813 0.79630845785141 0.787478983402252 0.752793610095978 0.74196994304657 0.798007190227509 0.805204153060913 0.73192435503006 0.469846665859222 0.309162467718124 0.162996023893356 0.0800751447677612 0.0563475154340267 0.0582781359553337 0.0555389560759068 0.0695575699210167 0.13150680065155 0.165599077939987 0.19665914773941 0.31553852558136 0.437593370676041 0.268989443778992 0.170791506767273 0.244150146842003 0.244081258773804 0.242568537592888 0.255873084068298 0.307005286216736 0.385268181562424 0.549456596374512 0.549503862857819
0.661689221858978 0.402143746614456 0.332345575094223 0.396532297134399 0.428366184234619 0.309393972158432 0.307912081480026 0.375377178192139 0.684232771396637 0.815259337425232 0.813459098339081 0.813741505146027 0.810931980609894 0.813372611999512 0.803374588489532 0.793433785438538 0.791139423847198 0.798740744590759 0.800021350383759 0.809191226959229 0.796578049659729 0.615731656551361 0.371274679899216 0.255363643169403 0.149833962321281 0.0810814648866653 0.0647091194987297 0.0634725764393806 0.0620609521865845 0.0720715597271919 0.103539012372494 0.222698986530304 0.286249071359634 0.243195131421089 0.139121830463409 0.138451978564262 0.206527084112167 0.178800940513611 0.200985461473465 0.231118857860565 0.277909815311432 0.364047825336456 0.471989840269089 0.386344879865646
0.69793689250946 0.604405105113983 0.528148174285889 0.319641053676605 0.234874993562698 0.408891022205353 0.45716455578804 0.355686604976654 0.50051349401474 0.818637311458588 0.817025542259216 0.816046893596649 0.822300910949707 0.821035027503967 0.802154839038849 0.791170954704285 0.7929647564888 0.799534857273102 0.797313034534454 0.808414161205292 0.810637354850769 0.720228493213654 0.550894975662231 0.389858037233353 0.290331661701202 0.149868190288544 0.103736445307732 0.087616004049778 0.0731746777892113 0.070435144007206 0.107273817062378 0.153135076165199 0.130588173866272 0.112484700977802 0.14147786796093 0.135030090808868 0.135495111346245 0.195294380187988 0.221615627408028 0.219215989112854 0.25552374124527 0.274361491203308 0.274231553077698 0.327667951583862
0.705942690372467 0.782550513744354 0.742168068885803 0.39550194144249 0.209511697292328 0.244680866599083 0.615194737911224 0.441133558750153 0.231805056333542 0.412333428859711 0.771961569786072 0.825223684310913 0.826308608055115 0.816937267780304 0.814553439617157 0.808585703372955 0.810360848903656 0.795246839523315 0.805143594741821 0.80187463760376 0.805460393428802 0.814373850822449 0.732839167118073 0.489061623811722 0.387564688920975 0.280638873577118 0.174165189266205 0.119589790701866 0.0919500887393951 0.0912856534123421 0.110566861927509 0.0982835739850998 0.10620228946209 0.166536197066307 0.178525388240814 0.114373713731766 0.163779869675636 0.200847893953323 0.163694754242897 0.214749366044998 0.193144246935844 0.218251883983612 0.354237884283066 0.47002637386322
0.76216995716095 0.791212797164917 0.77980774641037 0.446376770734787 0.287841409444809 0.181952700018883 0.186008930206299 0.263733059167862 0.157888919115067 0.101285256445408 0.133490264415741 0.28046789765358 0.184405907988548 0.440515577793121 0.82126247882843 0.766644537448883 0.824829816818237 0.809439957141876 0.804870843887329 0.805229604244232 0.800585746765137 0.809507489204407 0.810566544532776 0.628823339939117 0.506291151046753 0.378991037607193 0.289158940315247 0.223460525274277 0.170143276453018 0.121313951909542 0.109009675681591 0.10517656058073 0.0996630638837814 0.110711440443993 0.111675143241882 0.119403935968876 0.119216479361057 0.117864586412907 0.131834447383881 0.162017002701759 0.193201929330826 0.282376736402512 0.471909552812576 0.694171607494354
0.782963633537292 0.801154494285583 0.686225235462189 0.492563903331757 0.314694344997406 0.216806292533875 0.205867722630501 0.143045455217361 0.143029078841209 0.106183134019375 0.0676694214344025 0.0727961510419846 0.0844332873821259 0.0675501823425293 0.0818094611167908 0.123413041234016 0.654158413410187 0.826730132102966 0.807219743728638 0.801766633987427 0.797569513320923 0.805681109428406 0.817001461982727 0.752934157848358 0.626409947872162 0.595132887363434 0.456722557544708 0.335814535617828 0.286404073238373 0.271463721990585 0.194604948163033 0.180015414953232 0.158641815185547 0.143300667405128 0.12402169406414 0.12241493165493 0.131026372313499 0.171761840581894 0.226186737418175 0.216900542378426 0.279129415750504 0.339122831821442 0.433545559644699 0.624845027923584
0.780442357063293 0.803905189037323 0.749957323074341 0.57206517457962 0.315247505903244 0.269645005464554 0.368114054203033 0.199436128139496 0.233188390731812 0.304883033037186 0.364577382802963 0.204017803072929 0.0203277226537466 0.0267578568309546 0.0366346761584282 0.0615159347653389 0.233445689082146 0.769602119922638 0.821486473083496 0.805097460746765 0.805189788341522 0.809975743293762 0.813911259174347 0.811526894569397 0.781945288181305 0.684362411499023 0.675500273704529 0.494745850563049 0.411479383707047 0.389914333820343 0.370003879070282 0.364847540855408 0.299367666244507 0.266664803028107 0.253399014472961 0.198576778173447 0.15454775094986 0.192838191986084 0.205873817205429 0.25730949640274 0.264530926942825 0.294099628925323 0.39308163523674 0.515509724617004
0.66362589597702 0.549716770648956 0.499832272529602 0.597518265247345 0.450025230646133 0.388347029685974 0.437749177217484 0.339757651090622 0.271435886621475 0.299491465091705 0.768906056880951 0.831951200962067 0.0330830290913582 0.0122158089652658 0.0184836182743311 0.0255787055939436 0.108580768108368 0.547915637493134 0.826645314693451 0.817501246929169 0.81347131729126 0.811201393604279 0.815773606300354 0.815833210945129 0.811611175537109 0.808046102523804 0.794930458068848 0.69434779882431 0.628724873065948 0.552004814147949 0.524234592914581 0.536328136920929 0.49382558465004 0.427649587392807 0.335304707288742 0.282631307840347 0.209277048707008 0.194015756249428 0.191886678338051 0.243937611579895 0.29556268453598 0.295373886823654 0.383517265319824 0.39953550696373
0.251920014619827 0.0814138203859329 0.183182582259178 0.386247634887695 0.471617728471756 0.566784203052521 0.792189419269562 0.504643559455872 0.431256979703903 0.282438486814499 0.461659759283066 0.821150541305542 0.204916328191757 0.01751390658319 0.011326708830893 0.0170652344822884 0.0649100318551064 0.610860705375671 0.829305410385132 0.822935998439789 0.821586728096008 0.818287372589111 0.821112453937531 0.816612124443054 0.818247735500336 0.804426074028015 0.79986172914505 0.79543524980545 0.782442629337311 0.729709267616272 0.618553519248962 0.577943205833435 0.531812369823456 0.534761548042297 0.466408878564835 0.362116634845734 0.297627180814743 0.307901442050934 0.27293136715889 0.262040019035339 0.284487664699554 0.279924720525742 0.331299126148224 0.345168709754944
