data/climate_estimation/maxent_output/Fritillaria_pudica.asc
NCOLS 203 
NROWS 144 
XLLCORNER -123.75 
YLLCORNER 39.0833333333333 
CELLSIZE 0.0833333333333333 
NODATA_value -3.4e+38 
[rows 60 to 79 of 144, columns 0 to 43 of 203]
0.000221088834223337 0.000261606764979661 0.000347074237652123 0.000898356025572866 0.00182240048889071 0.00271747633814812 0.0044375117868185 0.00771778915077448 0.0104218162596226 0.013738120906055 0.024069007486105 0.0137490779161453 0.0104997782036662 0.00955172162503004 0.0079289497807622 0.00566464569419622 0.00614139437675476 0.0116407368332148 0.0121098672971129 0.0180826652795076 0.0274348612874746 0.0340904146432877 0.0380162820219994 0.00993045698851347 0.0626590624451637 0.233940526843071 0.587520718574524 0.501104891300201 0.660007417201996 0.781559407711029 0.820399641990662 0.839464247226715 0.842213749885559 0.818494021892548 0.601384520530701 0.664331376552582 0.859500229358673 0.910219013690948 0.911335945129395 0.912948369979858 0.922164022922516 0.929747760295868 0.931811094284058 0.921611070632935
0.000130737462313846 0.000262151908827946 0.000648187764454633 0.00137042615097016 0.00241425866261125 0.00412364443764091 0.00684151751920581 0.00580352451652288 0.00887456350028515 0.0218786764889956 0.0322614572942257 0.0282743945717812 0.0173828676342964 0.0138201732188463 0.0127646811306477 0.013104728423059 0.0166801232844591 0.0121835116297007 0.0111675355583429 0.0119239035993814 0.0144349746406078 0.0336689539253712 0.042730875313282 0.0205037016421556 0.100778505206108 0.282886058092117 0.591411888599396 0.691322684288025 0.747018158435822 0.793924629688263 0.812722146511078 0.851746916770935 0.847472488880157 0.856489896774292 0.825224101543427 0.758066773414612 0.87971568107605 0.895672202110291 0.900327503681183 0.914985537528992 0.922511637210846 0.93165647983551 0.919878125190735 0.887318193912506
0.000179683265741915 0.000386190688004717 0.000748659018427134 0.00072254374390468 0.00146799685899168 0.0040548793040216 0.00793577078729868 0.00972073618322611 0.00604587467387319 0.0158272311091423 0.0398028530180454 0.0537278428673744 0.0349684618413448 0.0222517717629671 0.0151351783424616 0.0134192332625389 0.0113986963406205 0.00808154512196779 0.00953630264848471 0.00966327078640461 0.018144965171814 0.0475044474005699 0.0738521367311478 0.0701026543974876 0.184941306710243 0.424625635147095 0.596307337284088 0.71164882183075 0.760948300361633 0.795527935028076 0.823225200176239 0.85696816444397 0.867860555648804 0.876591384410858 0.876177132129669 0.877666354179382 0.888189852237701 0.89802759885788 0.892471373081207 0.894665598869324 0.904512822628021 0.903530716896057 0.879940211772919 0.827071070671082
0.00017767067765817 0.000359913421561942 0.000256457220530137 0.000540855573490262 0.00141384010203183 0.00428087683394551 0.00710423709824681 0.00542170275002718 0.00658730650320649 0.0192898288369179 0.0567693449556828 0.0599884390830994 0.0440343581140041 0.0316095538437366 0.0228413809090853 0.0161961857229471 0.0103366067633033 0.0104491300880909 0.00885525718331337 0.0122071392834187 0.0207466688007116 0.0436079353094101 0.0958107113838196 0.156285539269447 0.271238148212433 0.46406763792038 0.652414500713348 0.74506151676178 0.763034105300903 0.80075216293335 0.851588785648346 0.863540768623352 0.869944334030151 0.874543130397797 0.867900431156158 0.871870338916779 0.884657382965088 0.868477165699005 0.860946834087372 0.848352491855621 0.8562371134758 0.846384167671204 0.79706072807312 0.63191556930542
0.000164747034432366 0.000195687069208361 0.000317009864374995 0.000419657328166068 0.00094767491100356 0.00482570845633745 0.0115349600091577 0.00940648652613163 0.0142349200323224 0.017913319170475 0.0567306317389011 0.0710672587156296 0.0581342205405235 0.0395921766757965 0.0306706689298153 0.0220449324697256 0.0109118474647403 0.00804425869137049 0.0101599348708987 0.0177501067519188 0.0188146196305752 0.0572391115128994 0.147882595658302 0.242722943425179 0.297455817461014 0.510982513427734 0.658385753631592 0.740299165248871 0.762506544589996 0.780364274978638 0.833965063095093 0.85010826587677 0.872921466827393 0.879541575908661 0.860379457473755 0.823462009429932 0.778550863265991 0.768351793289185 0.719236552715302 0.704715311527252 0.678841710090637 0.620858311653137 0.499720275402069 0.57268214225769
0.000107674713945016 0.000189311118447222 0.000443094875663519 0.000565511058084667 0.00119900109712034 0.00449864100664854 0.0189497172832489 0.036500483751297 0.0486277565360069 0.0467983968555927 0.0481098815798759 0.0702140405774117 0.0784245356917381 0.059565007686615 0.0442340597510338 0.0336490012705326 0.0275491792708635 0.0199125576764345 0.0200811792165041 0.0250520892441273 0.0468089058995247 0.0685912668704987 0.0581588111817837 0.0421157740056515 0.0888600125908852 0.390224874019623 0.637987852096558 0.707545757293701 0.790248155593872 0.806705832481384 0.499121963977814 0.519946873188019 0.530591607093811 0.768560290336609 0.773419439792633 0.805177986621857 0.830364763736725 0.846713602542877 0.803701162338257 0.711105048656464 0.70766544342041 0.714933037757874 0.689561367034912 0.639989256858826
0.000162181124323979 0.000361972139216959 0.000593438511714339 0.000444650184363127 0.000689439824782312 0.00311513664200902 0.0152787128463387 0.0460419096052647 0.0580217055976391 0.0615767389535904 0.0627385228872299 0.0509539619088173 0.0628538802266121 0.0646368339657784 0.0531554035842419 0.0448364466428757 0.0410495176911354 0.0305720083415508 0.023245457559824 0.0145461997017264 0.0140375411137938 0.0224206242710352 0.0317086838185787 0.0469617731869221 0.142020702362061 0.367680162191391 0.419384002685547 0.39149421453476 0.746746063232422 0.80630487203598 0.809784531593323 0.781387805938721 0.796609938144684 0.823293745517731 0.824705302715302 0.860138237476349 0.869018793106079 0.84480744600296 0.823020279407501 0.778380751609802 0.697614073753357 0.701057910919189 0.703354716300964 0.699870645999908
0.000214991741813719 0.000496419670525938 0.000606280460488051 0.000902002269867808 0.00142915290780365 0.00687094544991851 0.0223084911704063 0.0401542522013187 0.0450203828513622 0.0602567121386528 0.061544056981802 0.0657097473740578 0.0554488003253937 0.0593950375914574 0.039436649531126 0.029301606118679 0.02506391890347 0.0206971261650324 0.015065249055624 0.0162482000887394 0.0198081489652395 0.0181535482406616 0.0246659759432077 0.0424971655011177 0.0280748475342989 0.149361222982407 0.173353031277657 0.287018179893494 0.675296545028687 0.785601735115051 0.824405252933502 0.811963081359863 0.846956968307495 0.872520267963409 0.851932048797607 0.879551708698273 0.876078367233276 0.861835777759552 0.836223602294922 0.756232619285583 0.764284610748291 0.749024152755737 0.778554379940033 0.763437807559967
0.000165870180353522 0.000449470448074862 0.00068211043253541 0.000622067309450358 0.00283354078419507 0.0114057408645749 0.0236428547650576 0.0340015031397343 0.0287529267370701 0.0396495647728443 0.0573003701865673 0.061689916998148 0.0525326542556286 0.0498542003333569 0.0400748029351234 0.0328165590763092 0.0246842447668314 0.0169113241136074 0.0151598751544952 0.018721079453826 0.0235964693129063 0.0260367952287197 0.0305064301937819 0.0221470389515162 0.00124974374193698 0.0116534950211644 0.0483028963208199 0.117037795484066 0.504072606563568 0.770677983760834 0.806538164615631 0.829657673835754 0.84380316734314 0.858379125595093 0.817187368869781 0.868240356445312 0.871285021305084 0.86223953962326 0.787209153175354 0.804494261741638 0.843062579631805 0.802297711372375 0.819904208183289 0.82357782125473
0.00034888627124019 0.000526268675457686 0.000701356504578143 0.000763499294407666 0.0027883960865438 0.012153816409409 0.0261528231203556 0.0343022532761097 0.0417767353355885 0.052824754267931 0.0446093939244747 0.058980543166399 0.0540303587913513 0.0440419390797615 0.0310130342841148 0.0222850292921066 0.020309217274189 0.0171987265348434 0.0139775490388274 0.0122293196618557 0.0102788079530001 0.0265202596783638 0.028352877125144 0.0208591893315315 0.018353408202529 0.0350746177136898 0.0346280559897423 0.170411750674248 0.626805663108826 0.782242476940155 0.811181545257568 0.824127197265625 0.805560529232025 0.804278910160065 0.848001718521118 0.853957414627075 0.855743706226349 0.844753742218018 0.768618226051331 0.83251827955246 0.848072111606598 0.845135509967804 0.842684209346771 0.829919099807739
0.000284625304630026 0.00076199317118153 0.00114319450221956 0.00264730234630406 0.00720660015940666 0.0159970540553331 0.0267951767891645 0.0367336720228195 0.0448843613266945 0.0514231063425541 0.0525349415838718 0.0559893511235714 0.0517006888985634 0.0457228012382984 0.0334316305816174 0.0174842234700918 0.0140509977936745 0.01070102956146 0.012592769227922 0.0118485940620303 0.0106493569910526 0.0119742816314101 0.0238837003707886 0.0258391182869673 0.0418241955339909 0.0893959105014801 0.115359120070934 0.403822600841522 0.701011300086975 0.770592629909515 0.770765066146851 0.752389073371887 0.744144022464752 0.802110016345978 0.817818880081177 0.833936989307404 0.850647985935211 0.841456890106201 0.784516870975494 0.796020090579987 0.827695190906525 0.826472043991089 0.819081604480743 0.815033078193665
0.000569366151466966 0.00140786136034876 0.00376080395653844 0.00699545908719301 0.0132236229255795 0.0204740278422832 0.0287936124950647 0.0348411090672016 0.0443010702729225 0.0479029007256031 0.0515035651624203 0.0522235371172428 0.0475642010569572 0.0403442271053791 0.0287266802042723 0.0150808915495872 0.0064916992560029 0.00429336447268724 0.00649907533079386 0.0132178505882621 0.0159715060144663 0.0119909700006247 0.0186904650181532 0.042191743850708 0.0589249990880489 0.0932497084140778 0.252448797225952 0.423544615507126 0.699223160743713 0.775319755077362 0.772319555282593 0.733211159706116 0.771622896194458 0.801158905029297 0.819631278514862 0.834167063236237 0.836257696151733 0.81766414642334 0.767225682735443 0.718737065792084 0.812715649604797 0.798066556453705 0.794626116752625 0.79769092798233
0.000556678802241 0.00188439607154578 0.00473994622007012 0.00964926369488239 0.0160694625228643 0.0235274136066437 0.0325915142893791 0.0333062149584293 0.0434213392436504 0.048359215259552 0.0478427223861217 0.0484166517853737 0.0384615361690521 0.0213224999606609 0.00897275935858488 0.00754325417801738 0.00410323962569237 0.00454573985189199 0.00648365821689367 0.0108876368030906 0.0319948829710484 0.0325803682208061 0.0410750471055508 0.0382455997169018 0.0573394075036049 0.0873270556330681 0.321487993001938 0.498711913824081 0.559309065341949 0.712995171546936 0.775632083415985 0.780406475067139 0.816614806652069 0.820705235004425 0.828144311904907 0.830554723739624 0.835348606109619 0.82814359664917 0.82144832611084 0.74948650598526 0.795800030231476 0.783237636089325 0.769964694976807 0.787503898143768
0.000307723967125639 0.000524559523910284 0.0013831170508638 0.00388208264485002 0.0133022796362638 0.0280920974910259 0.0348447598516941 0.0326022766530514 0.0415367260575294 0.0463863722980022 0.0463208854198456 0.0369692146778107 0.0163427237421274 0.00850251875817776 0.004230922088027 0.00473001319915056 0.00521253980696201 0.00585666950792074 0.00784775614738464 0.0133828287944198 0.0265538841485977 0.0201099310070276 0.0664893686771393 0.0433932356536388 0.0617534928023815 0.23291303217411 0.375380873680115 0.540839314460754 0.655643939971924 0.668724775314331 0.622114360332489 0.788959681987762 0.758434116840363 0.806785643100739 0.817827343940735 0.820386350154877 0.815320312976837 0.816230773925781 0.791060209274292 0.716825306415558 0.792173027992249 0.796324193477631 0.770100474357605 0.779681086540222
0.000684362777974457 0.000587834685575217 0.00221297843381763 0.00919899996370077 0.0200045723468065 0.0285894684493542 0.0347744710743427 0.034985389560461 0.0358839221298695 0.0408477149903774 0.0359792858362198 0.0303159095346928 0.0150112006813288 0.0050572301261127 0.00307019357569516 0.00353353819809854 0.00530563481152058 0.00750964973121881 0.0100199216976762 0.0108748758211732 0.0219426676630974 0.028746884316206 0.0519424267113209 0.0405429266393185 0.0499493144452572 0.168692857027054 0.372142523527145 0.554249823093414 0.681024610996246 0.743824005126953 0.752579391002655 0.699040532112122 0.632399082183838 0.800306618213654 0.79122668504715 0.782763481140137 0.807716965675354 0.806602358818054 0.774747610092163 0.619065642356873 0.704006433486938 0.765899837017059 0.780168175697327 0.784837126731873
0.0011469655437395 0.00206671748310328 0.00261313584633172 0.0112858917564154 0.022228954359889 0.0295745860785246 0.0331187322735786 0.0367665849626064 0.0363889820873737 0.0356705412268639 0.032920740544796 0.0286118499934673 0.0190043430775404 0.012885544449091 0.0101922741159797 0.0100259333848953 0.0105244517326355 0.0100932205095887 0.0122385527938604 0.0191504713147879 0.03903828561306 0.0547231994569302 0.0510945990681648 0.019825367256999 0.0624770931899548 0.149613857269287 0.350214034318924 0.517183542251587 0.698791205883026 0.721890032291412 0.67571747303009 0.682343423366547 0.65694785118103 0.683135271072388 0.769035339355469 0.783035218715668 0.79071170091629 0.788422107696533 0.749299347400665 0.706787467002869 0.63745129108429 0.758044719696045 0.709055006504059 0.767190933227539
0.00204590172506869 0.00361033785156906 0.00734606571495533 0.0174518376588821 0.0205128937959671 0.0265179183334112 0.034220963716507 0.0350121147930622 0.0352087020874023 0.033124964684248 0.0305727943778038 0.0250073280185461 0.0190173387527466 0.0108170658349991 0.00950603373348713 0.0099928630515933 0.0101452693343163 0.0133965406566858 0.0250937677919865 0.0421529598534107 0.0564040131866932 0.0636709630489349 0.0596329793334007 0.00814320612698793 0.0775650143623352 0.197440326213837 0.397224098443985 0.512634634971619 0.713544130325317 0.724183440208435 0.727961003780365 0.746338367462158 0.735332071781158 0.735342264175415 0.740644216537476 0.744664490222931 0.77513712644577 0.774324595928192 0.776815712451935 0.759199023246765 0.758550047874451 0.621450543403625 0.76237553358078 0.754253208637238
0.00242013740353286 0.00594309205189347 0.0113147916272283 0.0197482593357563 0.0181646887212992 0.0296877697110176 0.0332101695239544 0.0309546384960413 0.0324868522584438 0.0307927131652832 0.0290773045271635 0.0273322034627199 0.0178455673158169 0.00730911875143647 0.0064493753015995 0.00803769007325172 0.0122003862634301 0.017359733581543 0.0219982080161572 0.0444978773593903 0.0453417971730232 0.105585061013699 0.0708214864134789 0.0178099349141121 0.124654166400433 0.376099973917007 0.38901162147522 0.622560739517212 0.710642337799072 0.751900196075439 0.741275668144226 0.718073725700378 0.71045184135437 0.612308919429779 0.592154383659363 0.627023279666901 0.739595711231232 0.758808970451355 0.777293145656586 0.78291654586792 0.776945888996124 0.744496703147888 0.747568368911743 0.772767961025238
0.0027070795185864 0.00527757592499256 0.00541296461597085 0.0198249127715826 0.0315006375312805 0.0327920876443386 0.0337878949940205 0.0300379265099764 0.0293405465781689 0.0302824508398771 0.0268691703677177 0.0245855525135994 0.0164712443947792 0.0097809499129653 0.00973629578948021 0.0122981211170554 0.0169611927121878 0.0233136657625437 0.033714946359396 0.0504370890557766 0.0625413805246353 0.0898996070027351 0.0755271688103676 0.0595227666199207 0.323873162269592 0.420569330453873 0.401710450649261 0.595006287097931 0.702262401580811 0.737167060375214 0.713344573974609 0.678153276443481 0.584325969219208 0.453033030033112 0.526645958423615 0.603901386260986 0.700670480728149 0.746203243732452 0.752074599266052 0.786846339702606 0.782529771327972 0.7772376537323 0.774241328239441 0.768453776836395
0.00142458523623645 0.00315924920141697 0.00454594660550356 0.0166639387607574 0.0329966805875301 0.0337025821208954 0.0322403945028782 0.0344642624258995 0.0298534892499447 0.0277036242187023 0.0223019849509001 0.0230308286845684 0.0170832797884941 0.0128673985600471 0.0143803404644132 0.0180738549679518 0.0241489000618458 0.0291306059807539 0.0387595780193806 0.0586191974580288 0.0786620527505875 0.114376336336136 0.0591053441166878 0.131032705307007 0.441850543022156 0.446237325668335 0.417133152484894 0.553973138332367 0.709796905517578 0.725428521633148 0.68700897693634 0.561808288097382 0.538458347320557 0.452411741018295 0.505094528198242 0.630728363990784 0.70898711681366 0.766050219535828 0.77888822555542 0.78998339176178 0.79582017660141 0.780017673969269 0.733891010284424 0.800458788871765
