data/climate_estimation/maxent_output/Fritillaria_graeca.asc
NCOLS 130 
NROWS 105 
XLLCORNER 14.8333333333333 
YLLCORNER 36.1666666666667 
CELLSIZE 0.0833333333333333 
NODATA_value -3.4e+38 
[rows 22 to 43 of 105, columns 51 to 101 of 130]
0.255531996488571 0.232919365167618 0.19490210711956 0.32956337928772 0.331903666257858 0.327823549509048 0.414951145648956 0.40760612487793 0.423201411962509 0.355733424425125 0.326781243085861 0.325169771909714 0.323301523923874 0.326248645782471 0.324056655168533 0.323088973760605 0.322255104780197 7.9300400102511e-05 8.9984641817864e-05 7.92210266808979e-05 5.57755811314564e-05 7.10660242475569e-05 9.56923977355473e-05 0.000101037912827451 8.17544059827924e-05 6.8737608671654e-05 5.81162712478545e-05 7.38582893973216e-05 8.53481542435475e-05 7.44104399927892e-05 4.25783982791472e-05 3.38047902914695e-05 3.55088050127961e-05 3.75700728909578e-05 3.31869377987459e-05 4.33045352110639e-05 7.11194079485722e-05 7.7127137046773e-05 9.06109489733353e-05 9.0162517153658e-05 0.000103047692391556 0.000120671378681436 9.49449386098422e-05 8.91732779564336e-05 0.000101785015431233 9.83556965366006e-05 0.000102241363492794 0.000114204791316297 0.000119323834951501 0.000126030659885146 0.166309997439384
0.452273041009903 0.336844891309738 0.191810950636864 0.182908326387405 0.32704284787178 0.445592641830444 0.428164541721344 0.423513233661652 0.4447301030159 0.448298662900925 0.361336231231689 0.326175540685654 0.304521352052689 0.332142949104309 0.350105822086334 0.343688726425171 0.330648511648178 0.322805851697922 0.318893253803253 0.319840341806412 0.298548221588135 6.72005990054458e-05 8.67568378453143e-05 9.87659805105068e-05 6.67475978843868e-05 5.52853271074127e-05 5.92533979215659e-05 6.50673537165858e-05 8.77824422786944e-05 7.91848506196402e-05 4.71010171168018e-05 3.6848312447546e-05 3.25967048411258e-05 3.06359943351708e-05 3.13154705509078e-05 3.55202791979536e-05 4.84678384964354e-05 8.39314961922355e-05 8.78205173648894e-05 0.000104839848063421 0.130634695291519 0.000125422928249463 0.000115129209007137 0.000113377165689599 0.000102390396932606 0.000100625897175632 0.000105384875496384 0.000102241363492794 0.000100473509519361 9.89822729025036e-05 9.24971900531091e-05
0.33587434887886 0.170099645853043 0.451240122318268 0.293587177991867 0.363435536623001 0.463881820440292 0.258255481719971 0.227724358439445 0.388529628515244 0.479991018772125 0.446521371603012 0.367647558450699 0.348039299249649 0.352403074502945 0.352957516908646 0.31567594408989 0.297979950904846 0.29405814409256 0.320070862770081 0.330874413251877 0.302101075649261 0.27119192481041 0.297554194927216 6.1863443988841e-05 5.9982619859511e-05 5.20765861438122e-05 6.83678881614469e-05 7.35920039005578e-05 7.13934350642376e-05 4.79237824038137e-05 4.74144944746513e-05 4.99717571074143e-05 3.85963867302053e-05 3.5390356060816e-05 5.25826544617303e-05 5.67434544791467e-05 7.06217106198892e-05 0.124584428966045 0.13073605298996 0.136026531457901 0.139034524559975 0.139503985643387 0.13128674030304 0.000124375757877715 0.000119045900646597 0.00010287747863913 0.000100103716249578 9.65041181189008e-05 9.01145467651077e-05 9.67698215390556e-05 9.74252106971107e-05
0.39408016204834 0.191382572054863 0.372841358184814 0.599431455135345 0.504962980747223 0.495070666074753 0.359929770231247 0.314993023872375 0.459983736276627 0.495354235172272 0.382500469684601 0.291999071836472 0.329575181007385 0.279528886079788 0.312214106321335 0.347297579050064 0.384150594472885 0.343673527240753 0.328566908836365 0.329787790775299 0.321487337350845 0.312857389450073 0.260314553976059 0.26573857665062 0.282980054616928 0.294491350650787 0.303964614868164 0.32295823097229 6.37650446151383e-05 5.63876892556436e-05 6.24791427981108e-05 7.38569142413326e-05 5.76030106458347e-05 0.000508243159856647 0.000586204987484962 9.21395621844567e-05 7.3589057137724e-05 0.129400596022606 0.133776009082794 0.136711612343788 0.131125792860985 0.000117736344691366 0.000117794741527177 0.145116671919823 0.000124961356050335 0.000121466073323973 0.000110045097244438 9.8458091088105e-05 8.94554177648388e-05 7.92570936027914e-05 7.57351444917731e-05
0.629574060440063 0.345583289861679 0.384333401918411 0.590280711650848 0.597876191139221 0.502908229827881 0.305382341146469 0.483481019735336 0.517324566841125 0.460267454385757 0.350324213504791 0.345843702554703 0.352594912052155 0.329977184534073 0.488918989896774 0.445956110954285 0.392679840326309 0.37533050775528 0.368944048881531 0.324888586997986 0.325122624635696 0.328399986028671 0.306675374507904 0.267262786626816 0.268384516239166 0.314690947532654 0.329546064138412 0.329012453556061 0.318339645862579 0.348341643810272 0.000433715904364362 0.358876824378967 0.000482303585158661 7.22767581464723e-05 0.000521593319717795 5.11660473421216e-05 6.08495902270079e-05 0.123891972005367 0.129990041255951 0.136901021003723 0.136767730116844 0.140016853809357 0.14079175889492 0.138781473040581 0.000117528652481269 0.000113069545477629 0.00011471618199721 0.00011211188393645 0.000103633989056107 9.64097635005601e-05 8.4675382822752e-05
0.778115272521973 0.620450794696808 0.555010557174683 0.686681807041168 0.61445540189743 0.379473835229874 0.341499119997025 0.305942624807358 0.367113590240479 0.444731265306473 0.50638073682785 0.210024520754814 0.188649818301201 0.321879953145981 0.521659672260284 0.460679411888123 0.415611028671265 0.374920934438705 0.377167254686356 0.38092902302742 0.336666345596313 0.300018846988678 0.322036951780319 0.256708592176437 0.249033614993095 0.310556352138519 0.325472891330719 0.326607674360275 0.320205599069595 0.296312630176544 0.304599314928055 0.337850570678711 0.357955992221832 0.372743248939514 0.000482881558127701 4.59251605207101e-05 0.000544400361832231 0.414166033267975 0.135436028242111 0.140431523323059 0.141425937414169 0.139372378587723 0.137324526906013 0.138419300317764 0.000121565935842227 0.000115350798296276 0.000104834361991379 0.000110143249912653 0.000109164531750139 0.156771272420883 0.163845136761665
0.500094473361969 0.622931063175201 0.70479428768158 0.627638518810272 0.611917197704315 0.252580523490906 0.49927169084549 0.431189030408859 0.532658040523529 0.50519984960556 0.44984894990921 0.18920561671257 0.144427418708801 0.398288995027542 0.535896122455597 0.494317620992661 0.430333256721497 0.386183798313141 0.401460707187653 0.376437693834305 0.385843366384506 0.334206521511078 0.316488116979599 0.265453279018402 0.254726260900497 0.290266245603561 0.331833571195602 0.311008781194687 0.312296807765961 0.287220418453217 0.230789914727211 0.270744532346725 0.348740875720978 4.78861074952874e-05 4.22929515480064e-05 0.000459792063338682 0.412241697311401 0.401683151721954 0.423820078372955 0.422153770923615 0.138963609933853 0.140074446797371 0.137479558587074 0.000113701076770667 0.000115619790449273 0.000107188760011923 0.00010518345516175 0.000118087846203707 0.000112681358586997 0.160656005144119 0.128884091973305
0.679466247558594 0.478070586919785 0.435075432062149 0.742217659950256 0.742914795875549 0.725127577781677 0.643349170684814 0.317507088184357 0.217356741428375 0.297604829072952 0.527033090591431 0.506497204303741 0.390770316123962 0.530713498592377 0.543828070163727 0.483356297016144 0.437246799468994 0.394769012928009 0.4529669880867 0.412230730056763 0.388013750314713 0.345562547445297 0.344099432229996 0.285090893507004 0.243759796023369 0.255225032567978 0.316235095262527 0.300128549337387 0.234248995780945 0.245339706540108 0.264215350151062 3.56974378519226e-05 0.207309707999229 3.60798512701876e-05 0.000388618209399283 0.400722503662109 0.405270755290985 0.412790447473526 0.414418965578079 0.438022941350937 0.139263033866882 0.136591702699661 0.137245759367943 0.138903737068176 0.000111700319394004 0.000101310535683297 9.10136513994075e-05 9.54484639805742e-05 0.000104917984572239 0.154120698571205 0.157554388046265
0.725974917411804 0.544444859027863 0.458878546953201 0.666153311729431 0.769126832485199 0.680193841457367 0.578945219516754 0.432074904441833 0.627822399139404 0.38221874833107 0.355936348438263 0.640262484550476 0.610908627510071 0.642832696437836 0.559718310832977 0.478577435016632 0.420958906412125 0.400140881538391 0.377127021551132 0.388061434030533 0.345393925905228 0.359260499477386 0.36541274189949 0.349226891994476 0.257673740386963 0.238970071077347 0.242054745554924 0.226783603429794 0.237883716821671 0.297251880168915 0.29582667350769 0.221214011311531 0.28309154510498 0.265995413064957 0.318306505680084 0.381571531295776 0.40631428360939 0.420579075813293 0.412502765655518 0.425658762454987 0.432761996984482 0.137591376900673 0.000101624049420934 8.58463172335178e-05 0.144802823662758 0.147765770554543 0.137777924537659 9.82946949079633e-05 9.84186699497513e-05 0.143881693482399 0.156170427799225
0.760675549507141 0.672017514705658 0.60380083322525 0.599053263664246 0.70213508605957 0.84035313129425 0.613329350948334 0.731852948665619 0.774408102035522 0.677692055702209 0.730091214179993 0.663338720798492 0.660435855388641 0.650650143623352 0.625329852104187 0.577579498291016 0.570422351360321 0.418418169021606 0.392822176218033 0.342872023582458 0.35311695933342 0.444131821393967 0.390500992536545 0.374097585678101 0.344391584396362 0.248171865940094 0.26869797706604 0.270877778530121 0.334504455327988 0.338122338056564 0.291944354772568 0.20793716609478 0.256450980901718 0.257547914981842 0.377896964550018 0.416247844696045 0.416791647672653 0.406280964612961 0.436279445886612 0.436472743749619 0.44363659620285 0.451161026954651 0.128409266471863 6.83443140587769e-05 5.89214032515883e-05 7.67830351833254e-05 7.85198571975343e-05 6.73566901241429e-05 6.62610837025568e-05 8.85818735696375e-05 0.150017932057381
0.930578768253326 0.829622983932495 0.769876599311829 0.74940150976181 0.757398843765259 0.814318180084229 0.813272893428802 0.8255854845047 0.809054732322693 0.77329295873642 0.748770654201508 0.713952124118805 0.691187083721161 0.613754034042358 0.591454088687897 0.538216769695282 0.575465500354767 0.538812041282654 0.434207111597061 0.376983165740967 0.493804156780243 0.391154646873474 0.409481644630432 0.361691832542419 0.346531867980957 0.342853039503098 0.306762188673019 0.360209733247757 0.366437524557114 0.337181806564331 0.248268127441406 0.181388854980469 0.208160310983658 2.58070849668002e-05 0.29025787115097 0.371067821979523 0.344647288322449 0.389022797346115 0.413891941308975 0.439686864614487 0.432169884443283 0.142476335167885 0.147180378437042 0.130395963788033 7.94240695540793e-05 6.68601060169749e-05 0.113960966467857 5.8528868976282e-05 0.128864228725433 0.141775876283646 0.0501434467732906
0.939485669136047 0.950484871864319 0.8987717628479 0.871866166591644 0.849872648715973 0.850276529788971 0.86368054151535 0.867619812488556 0.84754079580307 0.773677587509155 0.769054651260376 0.736782670021057 0.704112470149994 0.666663229465485 0.622815370559692 0.627034962177277 0.595449388027191 0.5674107670784 0.530598402023315 0.511236369609833 0.405997544527054 0.375115901231766 0.215486779808998 0.375297546386719 0.31956946849823 0.273844122886658 0.247629299759865 0.31146913766861 0.33629697561264 0.350630909204483 0.186328873038292 0.172756940126419 0.160323023796082 2.00724498427007e-05 2.95305508188903e-05 0.271442532539368 0.291588991880417 0.412398874759674 0.444688826799393 0.429172039031982 0.421551495790482 0.143739581108093 0.151027649641037 0.138921737670898 0.128406450152397 0.125176399946213 0.114700511097908 4.34334215242416e-05 0.11952368915081 0.155655965209007 0.157531663775444
0.950344860553741 0.950717389583588 0.970996081829071 0.950173318386078 0.933356761932373 0.905772924423218 0.878967881202698 0.863074779510498 0.87634551525116 0.861771285533905 0.826554656028748 0.808170676231384 0.731108367443085 0.720473945140839 0.692078649997711 0.591188430786133 0.607061207294464 0.585317373275757 0.564095079898834 0.342417180538177 0.19060905277729 0.399837881326675 0.424740612506866 0.328552007675171 0.248041197657585 0.316292494535446 0.200568839907646 0.157080635428429 0.151593744754791 0.199342340230942 0.166930109262466 0.16112294793129 0.182101011276245 0.198130533099174 0.261707454919815 0.278944551944733 0.330125868320465 0.387172311544418 0.419098645448685 0.433752983808517 0.425396203994751 0.426000118255615 0.423849523067474 0.128392606973648 0.128406137228012 0.137266293168068 0.114960603415966 0.068919412791729 0.0961454138159752 0.139088913798332 0.160031706094742
0.958256959915161 0.970625281333923 0.977027058601379 0.978387594223022 0.961830854415894 0.950209021568298 0.918877124786377 0.896612763404846 0.884173631668091 0.855470538139343 0.811018109321594 0.836083590984344 0.743359208106995 0.732627749443054 0.67727118730545 0.710850834846497 0.486739963293076 0.504145085811615 0.398078560829163 0.229771062731743 0.119094185531139 0.444623172283173 0.34396693110466 0.36242538690567 0.324737906455994 0.299404621124268 0.248994201421738 0.229458078742027 0.149756759405136 0.132305666804314 0.130878046154976 0.146738708019257 0.203089997172356 0.192222774028778 0.200878530740738 0.267303735017776 3.56475648004562e-05 3.58231118298136e-05 0.313003480434418 0.335116356611252 0.320576012134552 0.336359709501266 0.34709969162941 0.115171119570732 0.102975226938725 0.135577872395515 0.103896364569664 0.0801139175891876 0.0808259099721909 0.12985797226429 0.158556625247002
-3.4e+38 0.958147466182709 0.970334947109222 0.974595606327057 0.979049324989319 0.976601541042328 0.951078295707703 0.944172263145447 0.921602845191956 0.893234968185425 0.883493363857269 0.852535009384155 0.771593689918518 0.737336993217468 0.743407607078552 0.713139057159424 0.604500651359558 0.247906520962715 0.271872699260712 0.156033158302307 0.325832933187485 0.505921602249146 0.365118592977524 0.441806972026825 0.413013339042664 0.344061195850372 0.359086513519287 0.289423525333405 0.268193274736404 0.221069350838661 0.143539115786552 0.166802704334259 0.213406726717949 0.186768591403961 0.165431022644043 2.0404911992955e-05 2.93167722702492e-05 2.23098431888502e-05 1.94011608982692e-05 2.26379506784724e-05 0.229512512683868 0.268667429685593 0.32966211438179 0.431214272975922 0.419463872909546 0.131245076656342 0.130717530846596 0.107769519090652 0.0594295337796211 0.127259775996208 0.168065056204796
-3.4e+38 -3.4e+38 -3.4e+38 -3.4e+38 -3.4e+38 0.980541944503784 0.972580015659332 0.968037962913513 0.94885128736496 0.903485417366028 0.879043400287628 0.880276322364807 0.660590350627899 0.577636420726776 0.767104983329773 0.73188328742981 0.622007489204407 0.145270466804504 0.343766778707504 0.252516776323318 0.464282840490341 0.482968360185623 0.50997531414032 0.452828019857407 0.419514119625092 0.367452830076218 0.385100871324539 0.377849221229553 0.389149218797684 0.33452183008194 0.226618185639381 0.15927666425705 0.160868838429451 0.157512828707695 0.146733596920967 1.67262260220014e-05 1.63253662321949e-05 1.69256982189836e-05 2.81494540104177e-05 0.385822683572769 0.440682083368301 0.438427418470383 0.44047999382019 0.426385760307312 0.125670701265335 0.126903146505356 0.154163554310799 0.149487167596817 0.106136441230774 0.103078596293926 0.157741531729698
-3.4e+38 -3.4e+38 -3.4e+38 -3.4e+38 -3.4e+38 0.957161545753479 0.971571743488312 0.970927596092224 0.964015662670135 0.925793588161469 0.895453155040741 0.896801352500916 0.619262516498566 0.462322652339935 0.808349132537842 0.73166161775589 0.705611526966095 0.358647912740707 0.62814736366272 0.513019204139709 0.576974391937256 0.578251600265503 0.52339094877243 0.46083477139473 0.415839910507202 0.365247666835785 0.377349734306335 0.204278752207756 0.385783821344376 0.357660233974457 0.223283156752586 0.160943135619164 0.146781176328659 0.170559108257294 0.160380303859711 1.57178510562517e-05 1.56966525537428e-05 2.38860920944717e-05 0.281407713890076 0.351751208305359 0.387432157993317 0.408375442028046 0.441101968288422 0.441214501857758 0.425864815711975 0.443754851818085 0.141604050993919 0.149720698595047 0.305442780256271 0.0626658275723457 0.145985573530197
-3.4e+38 -3.4e+38 -3.4e+38 -3.4e+38 -3.4e+38 0.930254697799683 0.936327397823334 0.963876187801361 0.935454308986664 0.950993537902832 0.926138281822205 0.898229897022247 0.888487339019775 0.658614039421082 0.763420820236206 0.809707820415497 0.75725781917572 0.416834056377411 0.611928701400757 0.342756330966949 0.316115081310272 0.581280648708344 0.550460159778595 0.464922398328781 0.44244796037674 0.308572560548782 0.360015749931335 0.392346769571304 0.350667208433151 0.339408576488495 0.208855673670769 0.156133279204369 0.194990769028664 0.148981302976608 0.136601626873016 0.157923489809036 0.18541806936264 0.194811627268791 0.213228851556778 0.23740741610527 0.196954220533371 0.227419570088387 0.390153855085373 0.402949154376984 0.444695711135864 0.447191953659058 0.142282098531723 0.133811816573143 0.327356994152069 0.21838341653347 0.0878306105732918
-3.4e+38 -3.4e+38 -3.4e+38 -3.4e+38 0.899771869182587 0.900002002716064 0.912566542625427 0.926538527011871 0.924831509590149 0.758800268173218 0.868096530437469 0.918963670730591 0.91303551197052 0.472258657217026 0.720935463905334 0.809899210929871 0.692272365093231 0.736259400844574 0.697461783885956 0.564980030059814 0.3314189016819 0.586734890937805 0.497316718101501 0.519158840179443 0.479313284158707 0.354474514722824 0.404909610748291 0.37177249789238 0.326858729124069 0.258565425872803 0.203512191772461 0.179375484585762 0.267847508192062 0.180220663547516 0.128256812691689 0.134028717875481 0.135987713932991 0.190170750021935 0.272435367107391 0.215098306536674 0.279410749673843 0.224420234560966 0.18347741663456 0.270070940256119 0.43401238322258 0.463138818740845 0.478190243244171 0.46213760972023 0.424080163240433 0.255022078752518 0.228984177112579
-3.4e+38 -3.4e+38 -3.4e+38 -3.4e+38 0.826086163520813 0.853877782821655 0.873844027519226 0.886660814285278 0.903008997440338 0.900525629520416 0.832989156246185 0.788713991641998 0.905048847198486 0.695161461830139 0.444873571395874 0.797056138515472 0.798592627048492 0.719704151153564 0.444616287946701 0.366359174251556 0.654077589511871 0.611442923545837 0.533322036266327 0.52723503112793 0.503939688205719 0.435225069522858 0.314939260482788 0.276118040084839 0.25619313120842 0.312080234289169 0.323469936847687 0.29626801609993 0.209344565868378 0.16515651345253 0.143749848008156 0.148790404200554 0.141254156827927 0.146699801087379 0.250577598810196 0.258671432733536 0.261699110269547 0.262447416782379 0.165595203638077 0.169042155146599 0.187116548418999 0.329945713281631 0.432031482458115 0.430966794490814 0.340510219335556 0.20995606482029 0.207890823483467
-3.4e+38 -3.4e+38 -3.4e+38 -3.4e+38 0.774499118328094 0.791877329349518 0.799533307552338 0.856244921684265 0.858741521835327 0.882960379123688 0.85256963968277 0.526423871517181 0.535217523574829 0.60660058259964 0.517954170703888 0.665441930294037 0.612132251262665 0.605009257793427 0.702921569347382 0.451649039983749 0.659256756305695 0.624277889728546 0.577283561229706 0.546729803085327 0.475759088993073 0.439780592918396 0.327607721090317 0.247103467583656 0.242434546351433 0.277441799640656 0.332280397415161 0.313751995563507 0.239570319652557 0.28700590133667 0.174018248915672 0.222073450684547 0.239063739776611 0.163225591182709 0.188082635402679 0.176005005836487 0.165006831288338 0.240552291274071 0.23928514122963 0.277920991182327 0.319892197847366 0.35852900147438 0.355092287063599 0.327166676521301 0.305765986442566 0.368181675672531 0.288246512413025
-3.4e+38 -3.4e+38 -3.4e+38 -3.4e+38 0.745009005069733 0.782814204692841 0.804084181785583 0.801088035106659 0.826097130775452 0.842024922370911 0.869149565696716 0.824416935443878 0.65735799074173 0.787457644939423 0.867940247058868 0.632088363170624 0.502134561538696 0.421367049217224 0.744095981121063 0.67019510269165 0.663640022277832 0.622701108455658 0.561706840991974 0.564585447311401 0.494762271642685 0.356918156147003 0.361373692750931 0.249941095709801 0.22868500649929 0.261202335357666 0.341768205165863 0.315695017576218 0.285082072019577 0.238176330924034 0.227645605802536 0.292045116424561 0.250806212425232 0.278980046510696 0.315697342157364 0.21590331196785 0.136535257101059 0.154152601957321 0.182086542248726 0.249048054218292 0.274908751249313 0.278467327356339 0.296435683965683 0.401577532291412 0.450579285621643 0.435903429985046 0.303136050701141
