data/climate_estimation/maxent_output/Fritillaria_bucharica.asc
NCOLS 50 
NROWS 41 
XLLCORNER 66.75 
YLLCORNER 37.6666666666667 
CELLSIZE 0.0833333333333334 
NODATA_value -3.4e+38 
[rows 20 to 39 of 41, columns 0 to 43 of 50]
0.817794144153595 0.910577356815338 0.835151791572571 0.784295499324799 0.862752735614777 0.827753841876984 0.827673316001892 0.831135153770447 0.897987604141235 0.971413195133209 0.971151351928711 0.943046450614929 0.940680325031281 0.979615211486816 0.966519415378571 0.957114636898041 0.994189858436584 0.994196057319641 0.991892576217651 0.994379758834839 0.985139608383179 0.992009222507477 0.989174842834473 0.991128623485565 0.994746267795563 0.992582976818085 0.992184817790985 0.983420491218567 0.988902807235718 0.994734942913055 0.992883443832397 0.955313980579376 0.966905891895294 0.924694895744324 0.868284702301025 0.871676087379456 0.786242604255676 0.775205850601196 0.671098709106445 0.693756461143494 0.597134947776794 0.691824793815613 0.783269345760345 0.772927939891815
0.788278639316559 0.877492487430573 0.870120525360107 0.862075388431549 0.888317763805389 0.925008416175842 0.955027222633362 0.973662793636322 0.958667814731598 0.981768369674683 0.959085941314697 0.98036253452301 0.982931017875671 0.9791539311409 0.981653094291687 0.991835415363312 0.984163582324982 0.944999039173126 0.953126847743988 0.953257501125336 0.945716202259064 0.996707260608673 0.987569451332092 0.961438536643982 0.959543943405151 0.972389698028564 0.96251118183136 0.972562551498413 0.852157056331635 0.928181231021881 0.92166793346405 0.783956110477448 0.785147368907928 0.696755290031433 0.704138696193695 0.697632968425751 0.581928849220276 0.797079861164093 0.935562431812286 0.783993721008301 0.878498733043671 0.868101477622986 0.944952964782715 0.784138321876526
0.537594437599182 0.619196712970734 0.644316613674164 0.651172339916229 0.714511394500732 0.904909670352936 0.942533493041992 0.958568930625916 0.98512464761734 0.991198658943176 0.989106297492981 0.974237501621246 0.977480471134186 0.97542679309845 0.98540335893631 0.990135610103607 0.949780642986298 0.912931501865387 0.952721178531647 0.994265794754028 0.996082842350006 0.991011619567871 0.992081820964813 0.978948712348938 0.973097205162048 0.98464447259903 0.966680586338043 0.971466779708862 0.9219571352005 0.8735032081604 0.942413628101349 0.948214828968048 0.944248616695404 0.957008957862854 0.901001989841461 0.811291456222534 0.945340931415558 0.910580158233643 0.951726675033569 0.92998194694519 0.952932059764862 0.951059103012085 0.968198657035828 0.952216923236847
0.434963256120682 0.449606716632843 0.499972730875015 0.651985347270966 0.763209879398346 0.916598558425903 0.977320432662964 0.953328013420105 0.971706032752991 0.995377123355865 0.967170536518097 0.975023984909058 0.954315304756165 0.992235422134399 0.986612498760223 0.98132461309433 0.947764337062836 0.895216941833496 0.898982465267181 0.994331836700439 0.998392462730408 0.993195056915283 0.996088564395905 0.989219903945923 0.988308012485504 0.984859824180603 0.935829281806946 0.95348447561264 0.975124716758728 0.974458336830139 0.950481355190277 0.973891079425812 0.990062236785889 0.907561063766479 0.705333888530731 0.906769335269928 0.906641244888306 0.829577565193176 0.951598346233368 0.975513935089111 0.979845285415649 0.981530427932739 0.976916491985321 0.952418267726898
0.437251567840576 0.465330481529236 0.499876439571381 0.582517564296722 0.763012290000916 0.861877024173737 0.929080843925476 0.965035557746887 0.973279535770416 0.955884873867035 0.964103698730469 0.969486653804779 0.925820410251617 0.94405871629715 0.950533330440521 0.952853739261627 0.946282207965851 0.980698704719543 0.997742533683777 0.995677173137665 0.969579935073853 0.863084197044373 0.989140868186951 0.995703220367432 0.997222483158112 0.991492867469788 0.992523908615112 0.886132597923279 0.951547086238861 0.975376427173615 0.997643709182739 0.996178090572357 0.982186198234558 0.893135249614716 0.952010095119476 0.981594026088715 0.983188211917877 0.969071507453918 0.950923681259155 0.990160584449768 0.985459625720978 0.968422532081604 0.97005432844162 0.971954703330994
0.432081192731857 0.449971497058868 0.546844363212585 0.680918514728546 0.806597173213959 0.740797638893127 0.887888848781586 0.976007580757141 0.932402014732361 0.975974380970001 0.97234570980072 0.990007996559143 0.975443303585052 0.967401087284088 0.981484711170197 0.990678608417511 0.946789860725403 0.962655603885651 0.984825789928436 0.966330468654633 0.927100539207458 0.937871813774109 0.99177360534668 0.995322406291962 0.999695062637329 0.989076137542725 0.993195712566376 0.983669519424438 0.994588613510132 0.997247874736786 0.997618079185486 0.997900605201721 0.980538606643677 0.995330989360809 0.995741009712219 0.991333544254303 0.995153605937958 0.990953683853149 0.997840285301208 0.993138074874878 0.977011322975159 0.984680235385895 0.979307055473328 0.988274991512299
0.521834373474121 0.65933358669281 0.689496040344238 0.77816915512085 0.747152924537659 0.921765744686127 0.97740513086319 0.968605875968933 0.984763085842133 0.978713095188141 0.984731554985046 0.986127078533173 0.995245575904846 0.995328545570374 0.986342668533325 0.995331764221191 0.977480232715607 0.958624303340912 0.997837960720062 0.997460663318634 0.99552708864212 0.987034499645233 0.996422827243805 0.997878670692444 0.998754620552063 0.999946892261505 0.999901413917542 0.997516989707947 0.998435497283936 0.996481776237488 0.999841451644897 0.999647080898285 0.998631358146667 0.99982225894928 0.99848210811615 0.99432897567749 0.997774422168732 0.995568454265594 0.997560083866119 0.996392667293549 0.992409646511078 0.996235966682434 0.989695370197296 0.994943618774414
0.705404758453369 0.867732405662537 0.886246979236603 0.937884390354156 0.938003540039062 0.961340606212616 0.966720581054688 0.981241703033447 0.981047213077545 0.989702880382538 0.991858303546906 0.983304023742676 0.972634732723236 0.976809024810791 0.997064650058746 0.987821280956268 0.997828722000122 0.999256491661072 0.999204218387604 0.997329831123352 0.998074948787689 0.999629557132721 0.999768376350403 0.999031245708466 0.998731732368469 0.999862730503082 0.999755620956421 0.999342083930969 0.999310493469238 0.999252140522003 0.999767005443573 0.999901175498962 0.999071955680847 0.999615550041199 0.999298393726349 0.999827265739441 0.998076558113098 0.994111359119415 0.998735964298248 0.997010767459869 0.99881911277771 0.993321239948273 0.994996309280396 0.990484476089478
0.844422161579132 0.965655267238617 0.982517600059509 0.971981525421143 0.981728792190552 0.975248396396637 0.974649250507355 0.989005386829376 0.97819185256958 0.98672491312027 0.984663903713226 0.967229783535004 0.898186385631561 0.98299765586853 0.998551845550537 0.996126592159271 0.999050617218018 0.996989607810974 0.99880439043045 0.994416177272797 0.999598503112793 0.999540209770203 0.998102366924286 0.999318361282349 0.998257875442505 0.999961018562317 0.999949097633362 0.999921321868896 0.999887526035309 0.999930560588837 0.999632179737091 0.999743402004242 0.99963790178299 0.999942064285278 0.99914813041687 0.999374151229858 0.994522094726562 0.998307287693024 0.999090135097504 0.999712944030762 0.99858957529068 0.999577820301056 0.998874485492706 0.998249232769012
0.743784010410309 0.840934276580811 0.887586414813995 0.917431116104126 0.93272203207016 0.984703779220581 0.990593731403351 0.979709148406982 0.977710366249084 0.993803262710571 0.993512332439423 0.978050291538239 0.871719002723694 0.991891622543335 0.988670706748962 0.96058189868927 0.958336412906647 0.976324141025543 0.979606032371521 0.979394197463989 0.997268915176392 0.99587607383728 0.998701274394989 0.998001158237457 0.997565269470215 0.996925294399261 0.998018324375153 0.998051106929779 0.999377250671387 0.999867856502533 0.999729573726654 0.999755799770355 0.999910652637482 0.999679028987885 0.999931693077087 0.998376190662384 0.999720573425293 0.999483823776245 0.996434271335602 0.996060132980347 0.999117136001587 0.999544084072113 0.999676644802094 0.999162018299103
0.703699588775635 0.795984447002411 0.905345916748047 0.968375444412231 0.984146773815155 0.978977978229523 0.991255879402161 0.996017396450043 0.967291176319122 0.943584501743317 0.96026474237442 0.954730331897736 0.885349035263062 0.866960942745209 0.854050993919373 0.813552618026733 0.843006789684296 0.784942388534546 0.845840632915497 0.905804574489594 0.937333941459656 0.945576131343842 0.970025062561035 0.972855746746063 0.984711110591888 0.988877356052399 0.9922034740448 0.994039714336395 0.999187707901001 0.997018754482269 0.999291062355042 0.99912428855896 0.999964773654938 0.999827325344086 0.999813973903656 0.999241709709167 0.999946653842926 0.999257266521454 0.998527646064758 0.999817192554474 0.998785555362701 0.998959004878998 0.997149169445038 0.99967622756958
0.812503814697266 0.875015079975128 0.904004752635956 0.915012657642365 0.920463800430298 0.95933997631073 0.978854894638062 0.987935304641724 0.979128062725067 0.989434778690338 0.984527945518494 0.885843455791473 0.74047589302063 0.602549612522125 0.608521461486816 0.625283300876617 0.656859159469604 0.723577916622162 0.868743777275085 0.941389620304108 0.977754533290863 0.964874982833862 0.939925193786621 0.956792950630188 0.969761848449707 0.998414933681488 0.998493194580078 0.997684180736542 0.996019780635834 0.999204516410828 0.998567044734955 0.999492347240448 0.99976658821106 0.995380580425262 0.999655663967133 0.997862219810486 0.999420821666718 0.998763620853424 0.99853241443634 0.999409914016724 0.999375104904175 0.998948097229004 0.999873876571655 0.997773408889771
0.660294950008392 0.647835314273834 0.726185619831085 0.848487198352814 0.89337569475174 0.98105376958847 0.986907422542572 0.964720845222473 0.953968942165375 0.998202562332153 0.983993828296661 0.803618311882019 0.578162312507629 0.47006231546402 0.512578785419464 0.539280652999878 0.60795259475708 0.787461280822754 0.908643841743469 0.955260157585144 0.972059905529022 0.972433865070343 0.989207923412323 0.983977675437927 0.997014701366425 0.99715393781662 0.996142625808716 0.99554979801178 0.998495757579803 0.995899975299835 0.987151980400085 0.9864861369133 0.99433159828186 0.99994170665741 0.996714472770691 0.997491776943207 0.996529638767242 0.996387183666229 0.998162865638733 0.999087691307068 0.999416947364807 0.999589323997498 0.999812245368958 0.999624848365784
0.763997197151184 0.822773993015289 0.768620848655701 0.786745607852936 0.983074367046356 0.944455862045288 0.89978289604187 0.85597437620163 0.89095538854599 0.905904412269592 0.809445858001709 0.641812086105347 0.434257239103317 0.447942107915878 0.432133346796036 0.505583047866821 0.6958829164505 0.841611862182617 0.900805294513702 0.966655492782593 0.941422164440155 0.995828211307526 0.996100544929504 0.996034920215607 0.998093664646149 0.982109427452087 0.866951882839203 0.91066575050354 0.995412945747375 0.999922275543213 0.993476212024689 0.993114292621613 0.999793350696564 0.994309186935425 0.988371312618256 0.982039988040924 0.994331002235413 0.996856391429901 0.999089360237122 0.994232952594757 0.999430775642395 0.999947130680084 0.999846994876862 0.999892354011536
0.833329796791077 0.731838464736938 0.73307329416275 0.692120373249054 0.837927162647247 0.70318740606308 0.752152383327484 0.784505009651184 0.778173089027405 0.522254526615143 0.506549417972565 0.407421052455902 0.360961586236954 0.400584489107132 0.380469709634781 0.50078010559082 0.703698039054871 0.84718132019043 0.959918200969696 0.85715115070343 0.929277420043945 0.992573916912079 0.982212603092194 0.940798163414001 0.961211621761322 0.81511378288269 0.772535800933838 0.949386954307556 0.996048808097839 0.997554421424866 0.989265263080597 0.99824595451355 0.980903506278992 0.972898960113525 0.951817691326141 0.987188577651978 0.994202852249146 0.985074400901794 0.993942975997925 0.998809456825256 0.999759793281555 0.999859690666199 0.999913275241852 0.999916791915894
0.83264821767807 0.758540451526642 0.683737874031067 0.47369846701622 0.47994738817215 0.488548994064331 0.476809650659561 0.458065629005432 0.510578095912933 0.456710636615753 0.341258585453033 0.327872514724731 0.333854019641876 0.370869070291519 0.384631991386414 0.603281438350677 0.780986249446869 0.839416205883026 0.949754357337952 0.630421459674835 0.883590877056122 0.995637893676758 0.844923436641693 0.75123131275177 0.747296631336212 0.676998913288116 0.796407878398895 0.990268468856812 0.987524271011353 0.958397090435028 0.904701352119446 0.934627413749695 0.952932953834534 0.958157122135162 0.92074853181839 0.991186380386353 0.98254007101059 0.961334526538849 0.995502948760986 0.986988246440887 0.99995756149292 0.999293565750122 0.999876737594604 0.999820172786713
0.700565218925476 0.732400357723236 0.512939870357513 0.422301679849625 0.513879716396332 0.396256476640701 0.335951685905457 0.427536696195602 0.361299991607666 0.324168503284454 0.254480987787247 0.303556561470032 0.294743537902832 0.327522188425064 0.452898591756821 0.708172500133514 0.93133133649826 0.96276593208313 0.615715146064758 0.647372305393219 0.971215486526489 0.989301681518555 0.764376103878021 0.549861431121826 0.545807361602783 0.568726301193237 0.983844220638275 0.891258597373962 0.891268372535706 0.909867227077484 0.810552418231964 0.839605808258057 0.923762738704681 0.947243094444275 0.936526596546173 0.905337750911713 0.917052209377289 0.944335043430328 0.988254547119141 0.998651087284088 0.999933302402496 0.994122207164764 0.999957263469696 0.999654948711395
0.720281183719635 0.475249737501144 0.389850586652756 0.339490622282028 0.378728240728378 0.355770230293274 0.3450847864151 0.280465751886368 0.254347175359726 0.24356347322464 0.230181351304054 0.228735208511353 0.262158960103989 0.324434608221054 0.457346856594086 0.695985972881317 0.936431586742401 0.833894908428192 0.446862995624542 0.844817817211151 0.983910024166107 0.86013251543045 0.627357363700867 0.407495558261871 0.408520102500916 0.523930966854095 0.941493570804596 0.750345170497894 0.927182853221893 0.915936410427094 0.764534533023834 0.960903942584991 0.976597249507904 0.895920217037201 0.866704523563385 0.856927812099457 0.816214621067047 0.916650474071503 0.990762531757355 0.999570488929749 0.997034728527069 0.967204630374908 0.993877947330475 0.999965250492096
0.546114504337311 0.352302074432373 0.307588458061218 0.253961205482483 0.231824889779091 0.277176976203918 0.221481993794441 0.1911501288414 0.179278403520584 0.209103375673294 0.203993767499924 0.235893234610558 0.31367090344429 0.326900869607925 0.495440304279327 0.709951817989349 0.950322270393372 0.518427610397339 0.492219537496567 0.960207283496857 0.963464200496674 0.920766055583954 0.371620714664459 0.334730327129364 0.383266568183899 0.396920561790466 0.683062195777893 0.702344954013824 0.928558588027954 0.798436939716339 0.703864991664886 0.919606447219849 0.908758282661438 0.738460659980774 0.699608087539673 0.679590940475464 0.79963207244873 0.939605534076691 0.993919909000397 0.999974310398102 0.996876657009125 0.892860352993011 0.999823391437531 0.999989032745361
0.368361473083496 0.259035438299179 0.224741607904434 0.220585599541664 0.168008491396904 0.173019394278526 0.166941046714783 0.162135973572731 0.185629561543465 0.183479204773903 0.16828790307045 0.237758174538612 0.270118057727814 0.332387208938599 0.518296897411346 0.820983946323395 0.655952453613281 0.457966923713684 0.644631683826447 0.943877696990967 0.741654992103577 0.839071393013 0.301673918962479 0.304508596658707 0.30301696062088 0.38687402009964 0.556851983070374 0.558152198791504 0.869846999645233 0.694915950298309 0.65222430229187 0.798794984817505 0.780570149421692 0.603255569934845 0.598586618900299 0.706142425537109 0.790934443473816 0.989203691482544 0.999484300613403 0.999882280826569 0.999508619308472 0.97081583738327 0.965799629688263 0.999986469745636
