data/climate_estimation/maxent_output/Fritillaria_crassifolia.asc
NCOLS 228 
NROWS 92 
XLLCORNER 29.1666666666667 
YLLCORNER 32.8333333333333 
CELLSIZE 0.0833333333333333 
NODATA_value -3.4e+38 
[rows 0 to 20 of 92, columns 47 to 93 of 228]
0.973846554756165 0.949838399887085 0.91996031999588 0.932020902633667 0.980073690414429 0.93010151386261 0.850584447383881 0.815661549568176 0.829278588294983 0.827604055404663 0.851032912731171 0.841472029685974 0.832416594028473 0.855184316635132 0.859431266784668 0.876299560070038 0.910294532775879 0.921416580677032 0.947310328483582 0.927512943744659 0.900068342685699 0.859755277633667 0.858698606491089 0.919233322143555 0.965958118438721 0.967618465423584 0.932330667972565 0.907869160175323 0.909598708152771 0.86245983839035 0.839077889919281 0.900602638721466 0.938364326953888 0.952650368213654 0.963130414485931 0.950468778610229 0.951618313789368 0.970924258232117 0.970563173294067 0.973178803920746 0.98141211271286 0.981042861938477 0.9811030626297 0.976633906364441 0.981288969516754 0.983487546443939 0.979135990142822
0.966128051280975 0.932868659496307 0.909846007823944 0.888020873069763 0.905364215373993 0.859383881092072 0.863985240459442 0.853011608123779 0.838590681552887 0.825029969215393 0.813364624977112 0.814528226852417 0.827278017997742 0.848219335079193 0.888696312904358 0.94023472070694 0.971347987651825 0.969082355499268 0.948281764984131 0.913357794284821 0.918983042240143 0.940431475639343 0.926577270030975 0.871226847171783 0.907242774963379 0.892686009407043 0.913763523101807 0.931747674942017 0.884810924530029 0.870548009872437 0.914426445960999 0.940970063209534 0.964751124382019 0.967255651950836 0.959464490413666 0.936950385570526 0.943753361701965 0.961017191410065 0.970485270023346 0.972195863723755 0.974971532821655 0.978711843490601 0.97673100233078 0.979330897331238 0.981383085250854 0.982928574085236 0.984704077243805
0.964755892753601 0.941965401172638 0.930119514465332 0.926499545574188 0.896944224834442 0.887533724308014 0.858988642692566 0.837552487850189 0.85567969083786 0.852669656276703 0.848117530345917 0.856637597084045 0.826737582683563 0.849060714244843 0.881102502346039 0.962832152843475 0.969597101211548 0.948624312877655 0.954086184501648 0.955126881599426 0.959968328475952 0.952781319618225 0.937848031520844 0.938544273376465 0.961843430995941 0.944469690322876 0.861639320850372 0.912079513072968 0.923298001289368 0.940159261226654 0.951611936092377 0.958571255207062 0.946640312671661 0.917751848697662 0.916291177272797 0.927783310413361 0.934293210506439 0.949184775352478 0.953177690505981 0.962130308151245 0.971583664417267 0.970845520496368 0.976114869117737 0.98081362247467 0.983027338981628 0.982720017433167 0.982694268226624
0.96308559179306 0.97770756483078 0.975975871086121 0.971000134944916 0.919233918190002 0.87298583984375 0.910378396511078 0.920106172561646 0.933715760707855 0.94034206867218 0.936088263988495 0.858958840370178 0.840142130851746 0.853820741176605 0.881306171417236 0.895797729492188 0.903719007968903 0.902729868888855 0.953150451183319 0.945607542991638 0.924366593360901 0.896250128746033 0.906480312347412 0.9386345744133 0.940509617328644 0.915810465812683 0.886410295963287 0.898922801017761 0.906325995922089 0.905770719051361 0.904761910438538 0.911599695682526 0.944147050380707 0.928845286369324 0.938726663589478 0.954370498657227 0.959071934223175 0.958748042583466 0.973074436187744 0.977707326412201 0.972565948963165 0.975275039672852 0.976374387741089 0.97910487651825 0.977761328220367 0.978113234043121 0.977157711982727
0.968842327594757 0.982476413249969 0.978212475776672 0.957809329032898 0.90733140707016 0.9202840924263 0.956677615642548 0.95535671710968 0.962424755096436 0.976193368434906 0.938636839389801 0.845250904560089 0.843129515647888 0.838337540626526 0.858920454978943 0.887229859828949 0.9029381275177 0.877363324165344 0.944606423377991 0.946969330310822 0.924356758594513 0.90109646320343 0.906465530395508 0.942013561725616 0.95291268825531 0.932068288326263 0.927452683448792 0.939747631549835 0.938714444637299 0.929733693599701 0.915984570980072 0.923964500427246 0.942109107971191 0.955942869186401 0.964039623737335 0.960563898086548 0.964003622531891 0.968920707702637 0.96829754114151 0.96829754114151 0.973099768161774 0.969637930393219 0.974728882312775 0.976971447467804 0.980660200119019 0.978919565677643 0.976079344749451
0.979524791240692 0.990790724754333 0.990232050418854 0.979431331157684 0.930184960365295 0.973455786705017 0.971317708492279 0.973497867584229 0.969345271587372 0.973066031932831 0.958095788955688 0.901370704174042 0.838983714580536 0.849850058555603 0.923586845397949 0.970808386802673 0.980734527111053 0.93744695186615 0.942638456821442 0.983080685138702 0.968375384807587 0.948305487632751 0.928688645362854 0.960619211196899 0.969437062740326 0.977394700050354 0.978973209857941 0.961446583271027 0.926208317279816 0.907023251056671 0.947892367839813 0.962372541427612 0.956642508506775 0.962400853633881 0.959368884563446 0.948512315750122 0.961635649204254 0.963556468486786 0.961047172546387 0.964376926422119 0.967592775821686 0.969878375530243 0.97281688451767 0.972696959972382 0.974571704864502 0.973868548870087 0.974954783916473
0.975789189338684 0.980228960514069 0.967395663261414 0.957607924938202 0.939055323600769 0.976532220840454 0.97689151763916 0.970188498497009 0.955479085445404 0.959393680095673 0.947804689407349 0.885626554489136 0.898183345794678 0.927346408367157 0.969950914382935 0.98509806394577 0.974521696567535 0.984087407588959 0.98397570848465 0.98398232460022 0.985251724720001 0.98341578245163 0.96593827009201 0.95831960439682 0.971547544002533 0.973876476287842 0.971472024917603 0.966618359088898 0.939665675163269 0.908441781997681 0.935029327869415 0.929602086544037 0.925403237342834 0.933188021183014 0.933680593967438 0.946797847747803 0.959649324417114 0.955283224582672 0.962503910064697 0.965266644954681 0.96854567527771 0.97036874294281 0.969564855098724 0.970954120159149 0.970206439495087 0.970757126808167 0.970324277877808
0.989854335784912 0.980839252471924 0.958288073539734 0.949333786964417 0.95162832736969 0.963899731636047 0.962077558040619 0.971518695354462 0.977648556232452 0.952649176120758 0.906585514545441 0.875037610530853 0.895973443984985 0.897384524345398 0.93607223033905 0.939395666122437 0.948515772819519 0.958924412727356 0.958009004592896 0.986892342567444 0.990916788578033 0.987027406692505 0.976002097129822 0.968062162399292 0.965151369571686 0.964355111122131 0.959227502346039 0.972120046615601 0.951647579669952 0.928809225559235 0.907509207725525 0.937422931194305 0.930689036846161 0.944648742675781 0.951038956642151 0.948242425918579 0.94940859079361 0.955427885055542 0.956174433231354 0.957910895347595 0.963389575481415 0.965311646461487 0.964636921882629 0.962557792663574 0.965076446533203 0.966675519943237 0.967153370380402
0.987436473369598 0.975140333175659 0.974391043186188 0.976316034793854 0.946585237979889 0.963226437568665 0.985977232456207 0.993084251880646 0.987850904464722 0.967525959014893 0.914247035980225 0.902247905731201 0.866038203239441 0.838396787643433 0.853569984436035 0.862389981746674 0.876031458377838 0.864057064056396 0.896194756031036 0.97198224067688 0.988430976867676 0.988070845603943 0.979349613189697 0.966655194759369 0.956839859485626 0.945114552974701 0.947080790996552 0.94484007358551 0.937348365783691 0.941883146762848 0.939106822013855 0.934402525424957 0.927059650421143 0.936217606067657 0.944391965866089 0.947743117809296 0.941667914390564 0.947166800498962 0.949022054672241 0.95762300491333 0.958865642547607 0.962561130523682 0.958995878696442 0.958468675613403 0.958802878856659 0.961728990077972 0.964302480220795
0.96525627374649 0.978214144706726 0.991878092288971 0.982571125030518 0.956857979297638 0.980834543704987 0.993051469326019 0.990772426128387 0.979421019554138 0.955549359321594 0.926193475723267 0.948920726776123 0.952131152153015 0.895294964313507 0.837097406387329 0.832888722419739 0.833934009075165 0.822732925415039 0.879544198513031 0.954817295074463 0.98262083530426 0.979003310203552 0.975180208683014 0.969250082969666 0.947130620479584 0.931090593338013 0.938779473304749 0.942763924598694 0.948019742965698 0.939204573631287 0.948058366775513 0.934945523738861 0.934133946895599 0.936833262443542 0.952677726745605 0.957857429981232 0.958712458610535 0.964313149452209 0.962533831596375 0.958205819129944 0.954899311065674 0.95970618724823 0.953182816505432 0.954562425613403 0.951055407524109 0.955912172794342 0.954276978969574
0.97942841053009 0.991465508937836 0.983928501605988 0.970720231533051 0.969032466411591 0.984306037425995 0.988545894622803 0.98783141374588 0.982835948467255 0.963385999202728 0.963653862476349 0.986048102378845 0.990075051784515 0.988604784011841 0.95904552936554 0.887457430362701 0.821317434310913 0.857192277908325 0.931241810321808 0.965466916561127 0.975783228874207 0.963455319404602 0.941430270671844 0.932021141052246 0.931552231311798 0.945858657360077 0.948682844638824 0.945521652698517 0.947345554828644 0.950781226158142 0.952664732933044 0.954041242599487 0.961551070213318 0.960756480693817 0.955506443977356 0.963077425956726 0.955287039279938 0.951196014881134 0.955557107925415 0.946774840354919 0.942379355430603 0.936217427253723 0.941039562225342 0.941172003746033 0.943359196186066 0.944256603717804 0.945936024188995
0.988373041152954 0.985640287399292 0.97897344827652 0.964737355709076 0.97743147611618 0.994008481502533 0.99052220582962 0.983297407627106 0.978184044361115 0.975858509540558 0.977173924446106 0.975930869579315 0.980720341205597 0.978343665599823 0.977548241615295 0.957010567188263 0.894460082054138 0.909008920192719 0.889415860176086 0.91214907169342 0.919045209884644 0.916554808616638 0.917154550552368 0.925095856189728 0.93373829126358 0.936062693595886 0.936778485774994 0.935605347156525 0.936014831066132 0.934403300285339 0.938298523426056 0.95401394367218 0.962616443634033 0.965840101242065 0.96550327539444 0.967584371566772 0.968076884746552 0.951534867286682 0.938741147518158 0.925257861614227 0.9338538646698 0.938884854316711 0.934251844882965 0.930968165397644 0.93251770734787 0.932313859462738 0.932364881038666
0.978405952453613 0.975303113460541 0.962692677974701 0.959577739238739 0.988769829273224 0.993285715579987 0.989306807518005 0.990183591842651 0.98963987827301 0.99290269613266 0.989731311798096 0.989562630653381 0.988684296607971 0.981737434864044 0.980194926261902 0.968515574932098 0.935855388641357 0.944667935371399 0.948593258857727 0.920828580856323 0.919771492481232 0.916824758052826 0.918033599853516 0.930700600147247 0.944178402423859 0.956319212913513 0.956253588199615 0.943200886249542 0.937055349349976 0.937576651573181 0.953896760940552 0.960200548171997 0.964317679405212 0.970037400722504 0.960809290409088 0.972088932991028 0.963559627532959 0.950005650520325 0.936607003211975 0.922903120517731 0.939971208572388 0.940705180168152 0.92632269859314 0.935598433017731 0.925690531730652 0.930751860141754 0.917657613754272
0.969164252281189 0.966073095798492 0.969100415706635 0.973341166973114 0.98494428396225 0.99410617351532 0.996358215808868 0.996078789234161 0.993615090847015 0.994193136692047 0.990606427192688 0.989390969276428 0.9869025349617 0.980243682861328 0.967414438724518 0.957366466522217 0.957454860210419 0.955093562602997 0.946809709072113 0.934121489524841 0.905572652816772 0.924343168735504 0.927972078323364 0.946134150028229 0.951387107372284 0.963173031806946 0.960763037204742 0.944648802280426 0.935687184333801 0.946671426296234 0.953112781047821 0.961840987205505 0.96799647808075 0.959408283233643 0.949922263622284 0.951052904129028 0.919150829315186 0.917665004730225 0.915110230445862 0.912144005298615 0.920688569545746 0.930995583534241 0.932875692844391 0.929324269294739 0.93342524766922 0.92738801240921 0.920611321926117
0.973302066326141 0.976711869239807 0.982483446598053 0.978624701499939 0.981634557247162 0.988459050655365 0.994778335094452 0.995783090591431 0.995796322822571 0.995271146297455 0.995491147041321 0.991496860980988 0.9814772605896 0.983118712902069 0.973371565341949 0.962401509284973 0.954855024814606 0.951371014118195 0.951306879520416 0.920665562152863 0.922932147979736 0.922408819198608 0.934235632419586 0.939282536506653 0.956826508045197 0.946155309677124 0.93771755695343 0.938066840171814 0.943018913269043 0.944263398647308 0.949219644069672 0.960133254528046 0.963037550449371 0.942539274692535 0.906250596046448 0.901469349861145 0.889924585819244 0.918584764003754 0.909935653209686 0.903066635131836 0.912779271602631 0.928242325782776 0.93599534034729 0.924471259117126 0.921468377113342 0.925244331359863 0.93285995721817
0.978744983673096 0.98390406370163 0.987090229988098 0.979692041873932 0.974436461925507 0.974948406219482 0.981074154376984 0.988357722759247 0.994501709938049 0.990910887718201 0.993109464645386 0.992398262023926 0.981024503707886 0.987407803535461 0.9776811003685 0.962949633598328 0.957004189491272 0.947741806507111 0.949280738830566 0.935239732265472 0.940735518932343 0.933725833892822 0.926547586917877 0.935133814811707 0.930192470550537 0.928121864795685 0.929830074310303 0.936713755130768 0.943091452121735 0.942633152008057 0.961953699588776 0.97004371881485 0.961823105812073 0.927834093570709 0.883537113666534 0.884348332881927 0.887853980064392 0.909089267253876 0.931307673454285 0.938173234462738 0.930690288543701 0.937093734741211 0.93744969367981 0.934513509273529 0.937250077724457 0.938987374305725 0.935456931591034
0.973823249340057 0.977383017539978 0.97284197807312 0.978045463562012 0.978184819221497 0.97897082567215 0.98310512304306 0.976289570331573 0.984403908252716 0.982154905796051 0.984936773777008 0.986944139003754 0.974833130836487 0.974169254302979 0.984258711338043 0.970707297325134 0.968937635421753 0.956174194812775 0.949956595897675 0.943009257316589 0.945441126823425 0.948848128318787 0.939200222492218 0.929730236530304 0.935629785060883 0.936399638652802 0.931167185306549 0.925089240074158 0.93507844209671 0.937202751636505 0.956646978855133 0.942587733268738 0.930246233940125 0.893427431583405 0.876577734947205 0.897350490093231 0.884285807609558 0.914425730705261 0.926212847232819 0.936943352222443 0.936559557914734 0.939721703529358 0.936709702014923 0.934152066707611 0.939918994903564 0.935542941093445 0.941288352012634
0.975586891174316 0.975258111953735 0.978114604949951 0.975081264972687 0.983565747737885 0.986077725887299 0.990517377853394 0.985673367977142 0.96732360124588 0.963625192642212 0.9637650847435 0.961497604846954 0.957927405834198 0.962015271186829 0.96445220708847 0.955666184425354 0.956938803195953 0.970360934734344 0.95898300409317 0.943265736103058 0.948312997817993 0.947730183601379 0.94431734085083 0.928558111190796 0.934974610805511 0.936422646045685 0.938438057899475 0.951864898204803 0.946793258190155 0.926374971866608 0.937639534473419 0.935245513916016 0.898561179637909 0.864415943622589 0.876626312732697 0.895210564136505 0.907032907009125 0.931034028530121 0.94426953792572 0.943009376525879 0.937795519828796 0.936365067958832 0.938403189182281 0.935084700584412 0.936265885829926 0.939296126365662 0.938308119773865
0.975241124629974 0.972220838069916 0.97651880979538 0.972935080528259 0.972983181476593 0.978513598442078 0.984047174453735 0.985828578472137 0.984771013259888 0.971070885658264 0.969748675823212 0.970707893371582 0.960213720798492 0.952180981636047 0.954475224018097 0.952374994754791 0.957951307296753 0.970334351062775 0.962093472480774 0.95894193649292 0.962982892990112 0.968616306781769 0.949212193489075 0.942448854446411 0.938756942749023 0.943829834461212 0.924409568309784 0.921489000320435 0.916761219501495 0.920277416706085 0.954305291175842 0.94634622335434 0.906969547271729 0.891914963722229 0.902551770210266 0.923416554927826 0.942535519599915 0.950338840484619 0.977089703083038 0.951427400112152 0.937983691692352 0.941966891288757 0.944266498088837 0.93676632642746 0.939296126365662 0.944152295589447 0.943456828594208
0.974185228347778 0.973313391208649 0.970558285713196 0.968807876110077 0.9667067527771 0.964890599250793 0.976237416267395 0.979047954082489 0.983603179454803 0.981463611125946 0.977189183235168 0.967023015022278 0.96322637796402 0.955584406852722 0.939448475837708 0.942148804664612 0.948620915412903 0.963824331760406 0.960176289081573 0.937382876873016 0.943712949752808 0.956111013889313 0.944882571697235 0.943363010883331 0.93291187286377 0.910118639469147 0.906201720237732 0.93117219209671 0.947010040283203 0.910288989543915 0.887371957302094 0.914342820644379 0.9124556183815 0.935443997383118 0.945686995983124 0.952509224414825 0.961357176303864 0.959705591201782 0.961788773536682 0.958243191242218 0.942160725593567 0.943917214870453 0.950191140174866 0.948721706867218 0.953138589859009 0.951881468296051 0.955694794654846
0.974497616291046 0.969557404518127 0.967144966125488 0.965454459190369 0.959236264228821 0.954768359661102 0.964047253131866 0.979130029678345 0.974290490150452 0.97744220495224 0.98171865940094 0.972701132297516 0.961369574069977 0.9703648686409 0.953439772129059 0.944724798202515 0.930488705635071 0.930886268615723 0.945663094520569 0.925492703914642 0.945979833602905 0.943115413188934 0.925131261348724 0.916024148464203 0.917877972126007 0.917277336120605 0.911008656024933 0.919478178024292 0.896732807159424 0.86261248588562 0.908360302448273 0.931963562965393 0.956616282463074 0.949873089790344 0.943379819393158 0.94515061378479 0.944634675979614 0.9533451795578 0.965419769287109 0.956636726856232 0.950502336025238 0.945097982883453 0.951615631580353 0.965637981891632 0.976260900497437 0.959964752197266 0.945146799087524
