data/climate_estimation/maxent_output/Fritillaria_montana.asc
NCOLS 209 
NROWS 90 
XLLCORNER 6.58333333333333 
YLLCORNER 39.5 
CELLSIZE 0.0833333333333333 
NODATA_value -3.4e+38 
[rows 22 to 43 of 90, columns 98 to 146 of 209]
0.895707190036774 0.950272858142853 0.181684464216232 0.911439120769501 0.898120582103729 0.878929972648621 0.911687910556793 0.890651285648346 0.206957548856735 0.194559708237648 0.194964408874512 0.18755130469799 0.122737251222134 0.117970943450928 0.118441000580788 0.118136338889599 0.134625434875488 0.125036969780922 0.103926189243793 0.0885587483644485 0.0853292569518089 0.104416370391846 0.090665265917778 0.0770280733704567 0.0842731297016144 0.0835892781615257 0.0996934100985527 0.0960530638694763 0.0800599083304405 0.0714803487062454 0.0722325667738914 0.0738555043935776 0.0703641697764397 0.0715415924787521 0.0848502069711685 0.0819092243909836 0.0655193999409676 0.0631818696856499 0.0607294924557209 0.0634556785225868 0.0548958219587803 0.0476641319692135 0.042711041867733 0.037943109869957 0.0340883508324623 0.0289032328873873 0.025463730096817 0.0227979999035597 0.0226872116327286
0.921186447143555 0.935982704162598 0.90636146068573 0.906140446662903 0.92100602388382 0.908468008041382 0.83803915977478 0.892912626266479 0.903167605400085 0.904540717601776 0.845578491687775 0.212771847844124 0.20550262928009 0.148813888430595 0.146983593702316 0.138507544994354 0.1391811221838 0.126198381185532 0.110369585454464 0.0955073237419128 0.10115460306406 0.0916315689682961 0.0889803916215897 0.091497465968132 0.126191318035126 0.176583275198936 0.167001858353615 0.112292788922787 0.0807029455900192 0.0723572373390198 0.064701110124588 0.0665667727589607 0.0667331591248512 0.0716891288757324 0.0940028727054596 0.106173679232597 0.0787878111004829 0.0693068951368332 0.0625147446990013 0.0663811415433884 0.0709652081131935 0.0687351450324059 0.0456471219658852 0.0399215184152126 0.034741222858429 0.0309460815042257 0.0276489499956369 0.0255801044404507 0.0255801044404507
0.908393383026123 0.862981677055359 0.958887875080109 0.925592660903931 0.944858253002167 0.907198190689087 0.87075001001358 0.825656354427338 0.831044495105743 0.82209312915802 0.880077719688416 0.86197030544281 0.219608217477798 0.150319531559944 0.158643886446953 0.15461502969265 0.130250170826912 0.120923303067684 0.109465606510639 0.108960695564747 0.0996683686971664 0.0990864261984825 0.0863691195845604 0.0706303790211678 0.0733393505215645 0.0994734764099121 0.167336568236351 0.167226642370224 0.115529991686344 0.0899864286184311 0.0676318854093552 0.064370222389698 0.0758851170539856 0.0757564231753349 0.0807091817259789 0.0789024531841278 0.0678207203745842 0.0662456452846527 0.0700367540121078 0.0701347663998604 0.0708101391792297 0.0658977478742599 0.0482754334807396 0.0392441712319851 0.0365626476705074 0.0334984734654427 0.0318897627294064 0.0298940315842628 0.0276131890714169
0.894971430301666 0.888941168785095 0.919826626777649 0.834019303321838 0.941754758358002 0.942108392715454 0.93241947889328 0.879197359085083 0.797534286975861 0.787988066673279 0.858445823192596 0.900371670722961 0.883183598518372 0.84829580783844 0.876098155975342 0.168935924768448 0.140227496623993 0.143383041024208 0.134746462106705 0.125895649194717 0.123898021876812 0.132859885692596 0.120685577392578 0.0856399238109589 0.0720857232809067 0.0684769377112389 0.0710649117827415 0.0938140377402306 0.0842227041721344 0.075363777577877 0.0661084204912186 0.0671406760811806 0.0747418850660324 0.0824986472725868 0.0724456906318665 0.0638940632343292 0.060980062931776 0.0735290348529816 0.0756087452173233 0.0609390884637833 0.0641784071922302 0.101740092039108 0.0879383459687233 0.0604598298668861 0.0470961630344391 0.0407792590558529 0.0349765382707119 0.0343910753726959 0.0311742704361677
0.916500926017761 0.935064256191254 0.180639386177063 0.78438526391983 0.888146877288818 0.914550244808197 0.90720522403717 0.890251398086548 0.807295024394989 0.798957169055939 0.809393286705017 0.816711127758026 0.864487171173096 0.860706329345703 0.888754904270172 0.165574669837952 0.184560492634773 0.172217503190041 0.181590959429741 0.164753660559654 0.165717840194702 0.146371483802795 0.100859336555004 0.101431094110012 0.135019659996033 0.0999470502138138 0.0829502269625664 0.0954846441745758 0.0909165814518929 0.0663627684116364 0.0833882689476013 0.0878535732626915 0.0765154436230659 0.0742127522826195 0.0751620158553123 0.0658263489603996 0.0599383823573589 0.062711663544178 0.0590898431837559 0.0504260845482349 0.0697483420372009 0.101240485906601 0.137092977762222 0.0934619829058647 0.04947654530406 0.0597210861742496 0.0564287155866623 0.0458392538130283 0.0437984727323055
0.897568166255951 0.883000254631042 0.917303323745728 0.781933784484863 0.884611546993256 0.918047845363617 0.925585806369781 0.901184380054474 0.849284112453461 0.811434030532837 0.831660389900208 0.861555755138397 0.838641285896301 0.812083184719086 0.916351139545441 0.854810953140259 0.169381886720657 0.180168032646179 0.166759833693504 0.166975304484367 0.183370843529701 0.184611544013023 0.145479440689087 0.0947302952408791 0.136705249547958 0.133422866463661 0.146260276436806 0.129485607147217 0.103639483451843 0.107677631080151 0.0929384753108025 0.0858924463391304 0.0924359485507011 0.0802805870771408 0.0834666788578033 0.0732764303684235 0.0589844211935997 0.0581560507416725 0.0521204844117165 0.0498387143015862 0.0591270923614502 0.0578296706080437 0.0649145916104317 0.0900923386216164 0.066808357834816 0.115734912455082 0.150350376963615 0.110231503844261 0.069196492433548
0.892087697982788 0.889628112316132 0.961279451847076 0.866555333137512 0.864096343517303 0.920035004615784 0.91812652349472 0.912945151329041 0.906555950641632 0.831019341945648 0.871418476104736 0.888017416000366 0.783436000347137 0.773199379444122 0.889862596988678 0.912854135036469 0.864667534828186 0.895223498344421 0.193819731473923 0.168038785457611 0.172087639570236 0.175085633993149 0.175053775310516 0.120858617126942 0.145021811127663 0.186237424612045 0.186960861086845 0.18817999958992 0.120428971946239 0.147927388548851 0.122721366584301 0.081293910741806 0.122776813805103 0.146602973341942 0.11346659809351 0.0681396201252937 0.055723998695612 0.0528749413788319 0.0488819777965546 0.0585896819829941 0.0723296105861664 0.13565120100975 0.101960368454456 0.055617444217205 0.0764224529266357 0.0904907882213593 0.124193087220192 0.145017772912979 0.129641816020012
-3.4e+38 0.885316431522369 0.874754309654236 0.947222173213959 0.94128942489624 0.89229142665863 0.916295051574707 0.902913391590118 0.91696298122406 0.902585744857788 0.882664263248444 0.887883305549622 0.872825086116791 0.798157215118408 0.909354388713837 0.92820543050766 0.915071487426758 0.857054889202118 0.877154886722565 0.890316247940063 0.196256026625633 0.179993495345116 0.188883885741234 0.182409256696701 0.128014251589775 0.180747658014297 0.185949206352234 0.193177938461304 0.183286651968956 0.180096834897995 0.172981232404709 0.158508405089378 0.138609066605568 0.135697200894356 0.162268340587616 0.134679570794106 0.0730248764157295 0.049592137336731 0.0729929581284523 0.0562306791543961 0.0489212684333324 0.0833596289157867 0.0939730703830719 0.0582026019692421 0.0463564917445183 0.0528263635933399 0.0730570331215858 0.0946299359202385 0.118155486881733
-3.4e+38 0.881718814373016 0.891927123069763 0.86560583114624 0.903959035873413 0.95927494764328 0.894846677780151 0.925986588001251 0.93241423368454 0.942478597164154 0.939031481742859 0.922593772411346 0.901415705680847 0.85237318277359 0.860556900501251 0.892152309417725 0.93499767780304 0.911141335964203 0.860942423343658 0.848057568073273 0.175079315900803 0.181754440069199 0.185925304889679 0.196468248963356 0.197634965181351 0.195128247141838 0.191736653447151 0.194794192910194 0.163651511073112 0.158887505531311 0.185974717140198 0.167617380619049 0.171411484479904 0.143799126148224 0.167292788624763 0.154449224472046 0.0962213799357414 0.144584655761719 0.108596757054329 0.0389706380665302 0.0423077121376991 0.0596130900084972 0.0858076140284538 0.0676300302147865 0.064489334821701 0.0548470728099346 0.0521807074546814 0.0543667785823345 0.0671231746673584
0.911072492599487 -3.4e+38 0.868887424468994 0.856739521026611 0.840299665927887 0.828839957714081 0.953390777111053 0.947400152683258 0.844556868076324 0.884997427463531 0.957109153270721 0.959217071533203 0.919124007225037 0.93746680021286 0.892654955387115 0.884089946746826 0.93233734369278 0.934896469116211 0.904366791248322 0.932971954345703 0.859068274497986 0.188238903880119 0.192926421761513 0.191787853837013 0.204529657959938 0.205661728978157 0.194393083453178 0.191482916474342 0.189215317368507 0.190522730350494 0.146090015769005 0.188810855150223 0.181753367185593 0.186775267124176 0.193122863769531 0.194924145936966 0.166401356458664 0.124664902687073 0.0606838427484035 0.0727540031075478 0.0625362619757652 0.074102982878685 0.121227659285069 0.0685593858361244 0.10732227563858 0.103086695075035 0.125557944178581 0.0887324661016464 0.132604345679283
0.938474178314209 -3.4e+38 -3.4e+38 0.856421589851379 0.838387727737427 0.818499267101288 0.809358298778534 0.819048404693604 0.888961613178253 0.97605836391449 0.935689985752106 0.953320264816284 0.959203124046326 0.964110434055328 0.923080503940582 0.930589914321899 0.917415201663971 0.901690661907196 0.89392077922821 0.862580180168152 0.906700074672699 0.927632927894592 0.843541026115417 0.180665716528893 0.198438331484795 0.903054118156433 0.209411427378654 0.207270130515099 0.199505791068077 0.198300629854202 0.192570462822914 0.194540277123451 0.194554358720779 0.192069724202156 0.192923307418823 0.163649305701256 0.160445585846901 0.12149765342474 0.116662405431271 0.121924117207527 0.148304387927055 0.155032590031624 0.161580860614777 0.145841881632805 0.14427986741066 0.182005777955055 0.185542792081833 0.126114398241043 0.180442750453949
0.927800357341766 0.913189470767975 0.909191966056824 -3.4e+38 0.838044941425323 0.832076013088226 0.814149618148804 0.817635655403137 0.806855261325836 0.795206665992737 0.836041212081909 0.882184147834778 0.925604283809662 0.945770680904388 0.97090619802475 0.974238336086273 0.926064550876617 0.959161639213562 0.930233597755432 0.918788313865662 0.892114162445068 0.872862815856934 0.863281667232513 0.894434452056885 0.864293575286865 0.190805926918983 0.201136067509651 0.216702088713646 0.208989441394806 0.210340902209282 0.199875846505165 0.191358417272568 0.193956211209297 0.188278704881668 0.165567710995674 0.102119483053684 0.105687126517296 0.0799387320876122 0.0839462801814079 0.106170281767845 0.115178532898426 0.163173750042915 0.174621984362602 0.149015814065933 0.13763515651226 0.164774671196938 0.17071071267128 0.174373865127563 0.180093958973885
0.928047299385071 0.928538262844086 0.909447491168976 0.875857949256897 0.868488311767578 0.833918869495392 0.834339201450348 0.81804233789444 0.832795679569244 0.852710425853729 0.845607817173004 0.942110478878021 0.910493016242981 0.866365432739258 0.893348872661591 0.957263708114624 0.956199765205383 0.962152183055878 0.949668109416962 0.90665328502655 0.932847619056702 0.906171917915344 0.86691015958786 0.848878502845764 0.922865986824036 0.8837850689888 0.833494901657104 0.197154447436333 0.206650272011757 0.209724843502045 0.201051965355873 0.179136618971825 0.164671957492828 0.20280984044075 0.182151854038239 0.176030933856964 0.114494286477566 0.0874824747443199 0.102807231247425 0.0987336859107018 0.0675578936934471 0.0965165644884109 0.161667913198471 0.163091376423836 0.168836236000061 0.12084499001503 0.115603633224964 0.176127418875694 0.190414175391197
-3.4e+38 -3.4e+38 0.917940735816956 0.911256194114685 0.884319484233856 0.865626811981201 0.827497482299805 0.822881639003754 0.816186308860779 0.832802772521973 0.858530461788177 0.896852076053619 0.89873856306076 0.882597506046295 0.859217524528503 0.874070465564728 0.901295840740204 0.89989709854126 0.956171870231628 0.951131284236908 0.921289622783661 0.813446283340454 0.96655684709549 0.904207646846771 0.877155780792236 0.919986307621002 0.829506099224091 0.836806237697601 0.865520358085632 0.211186364293098 0.20352478325367 0.210647061467171 0.144060477614403 0.20796400308609 0.199556738138199 0.204267054796219 0.20200215280056 0.175811603665352 0.136724323034286 0.107614420354366 0.0779473930597305 0.0672247484326363 0.101105086505413 0.154285222291946 0.133043438196182 0.152505278587341 0.123606495559216 0.130227416753769 0.179143875837326
-3.4e+38 -3.4e+38 -3.4e+38 0.921855747699738 0.902443408966064 0.864158272743225 0.865553379058838 0.845723748207092 0.829274415969849 0.830319285392761 0.856868386268616 0.842858195304871 0.842156052589417 0.848257839679718 0.863933920860291 0.868309319019318 0.926192164421082 0.90491259098053 0.97078675031662 0.958819568157196 0.969839572906494 0.855476081371307 0.928958594799042 0.969898402690887 0.916000962257385 0.869564175605774 0.896984875202179 0.838824450969696 0.84487783908844 0.872207820415497 0.861126124858856 0.219323694705963 0.213942617177963 0.201221331954002 0.199674680829048 0.190444871783257 0.203253671526909 0.201603308320045 0.177669122815132 0.111551724374294 0.100842669606209 0.0876098424196243 0.0778303295373917 0.0980458781123161 0.161963120102882 0.167739361524582 0.156953513622284 0.159343257546425 0.141808867454529
-3.4e+38 -3.4e+38 -3.4e+38 -3.4e+38 0.865437567234039 0.863391578197479 0.884257555007935 0.861910402774811 0.852380037307739 0.809452950954437 0.844638526439667 0.837162137031555 0.819450855255127 0.816597580909729 0.836788177490234 0.860573172569275 0.906041443347931 0.92892324924469 0.965085625648499 0.97931969165802 0.938956379890442 0.983085155487061 0.936390221118927 0.95149689912796 0.963355600833893 0.956341207027435 0.949403405189514 0.876613974571228 0.843273103237152 0.892259240150452 0.883299708366394 0.869967222213745 0.20682555437088 0.878530025482178 0.896033465862274 0.206180542707443 0.197355777025223 0.198518246412277 0.19273379445076 0.175791993737221 0.139861404895782 0.11407595127821 0.0921883583068848 0.0715781599283218 0.123619563877583 0.135807678103447 0.156946063041687 0.171580016613007 0.123944841325283
-3.4e+38 -3.4e+38 -3.4e+38 -3.4e+38 -3.4e+38 0.865404069423676 0.895098149776459 0.882350385189056 0.858452320098877 0.837807297706604 0.822484195232391 0.832373678684235 0.80951315164566 0.785139143466949 0.833521366119385 0.87131530046463 0.909714818000793 0.943007111549377 0.924756944179535 0.983348786830902 0.974112749099731 0.959110200405121 0.91152948141098 0.977310061454773 0.947999060153961 0.952368915081024 0.940949440002441 0.94718325138092 0.914318084716797 0.925999045372009 0.898580074310303 0.862972319126129 0.902328550815582 0.928081393241882 0.867306590080261 0.913762509822845 0.893340706825256 0.882448494434357 0.205222815275192 0.876300096511841 0.883549392223358 0.188700661063194 0.179032295942307 0.698178172111511 0.167867377400398 0.160666063427925 0.155152231454849 0.124119192361832 0.122781865298748
-3.4e+38 -3.4e+38 -3.4e+38 -3.4e+38 -3.4e+38 -3.4e+38 -3.4e+38 -3.4e+38 0.874876797199249 0.876502096652985 0.864390790462494 0.841085910797119 0.818120896816254 0.809805631637573 0.846004962921143 0.89302533864975 0.921615242958069 0.931626498699188 0.945200324058533 0.955030500888824 0.977340400218964 0.984134376049042 0.912828505039215 0.857524812221527 0.980101704597473 0.931866109371185 0.958444356918335 0.951211810112 0.939253509044647 0.959865033626556 0.949475467205048 0.873245060443878 0.85294246673584 0.841022253036499 0.90320485830307 0.802608788013458 0.792652428150177 0.745760202407837 0.902454078197479 0.88777768611908 0.203845515847206 0.199730217456818 0.199206173419952 0.174280151724815 0.184434175491333 0.181402057409286 0.171773791313171 0.165002942085266 0.153728470206261
-3.4e+38 -3.4e+38 -3.4e+38 -3.4e+38 -3.4e+38 -3.4e+38 -3.4e+38 -3.4e+38 -3.4e+38 -3.4e+38 0.880533754825592 0.880785524845123 -3.4e+38 0.840365409851074 0.880294680595398 0.921781063079834 0.955797910690308 0.942362070083618 0.934645533561707 0.939641296863556 0.942639768123627 0.947258353233337 0.905109524726868 0.875901818275452 0.920162260532379 0.967996418476105 0.962128520011902 0.960256636142731 0.96248471736908 0.963082790374756 0.966513812541962 0.924222528934479 0.87157130241394 0.840030610561371 0.8126340508461 0.940396368503571 0.871830761432648 0.911579489707947 0.849067032337189 0.920144259929657 0.859971880912781 0.207487553358078 0.200713410973549 0.201453328132629 0.200432509183884 0.198340609669685 0.184857249259949 0.179708555340767 0.870013236999512
-3.4e+38 -3.4e+38 -3.4e+38 -3.4e+38 -3.4e+38 -3.4e+38 -3.4e+38 -3.4e+38 -3.4e+38 -3.4e+38 -3.4e+38 -3.4e+38 -3.4e+38 -3.4e+38 0.917864203453064 0.939529836177826 0.944141864776611 0.953287661075592 0.943750381469727 0.929592311382294 0.893289804458618 0.916799902915955 0.989548623561859 0.939480602741241 0.911501944065094 0.937196433544159 0.949221849441528 0.95820015668869 0.972802519798279 0.970792770385742 0.97141432762146 0.962003350257874 0.934190928936005 0.923332691192627 0.943597435951233 0.897038519382477 0.938098609447479 0.819952964782715 0.841084122657776 0.938456833362579 0.92294454574585 0.857174932956696 0.877221465110779 0.834778308868408 0.843599379062653 0.862131655216217 0.879886209964752 0.842843472957611 0.800689876079559
-3.4e+38 -3.4e+38 -3.4e+38 -3.4e+38 -3.4e+38 -3.4e+38 -3.4e+38 -3.4e+38 -3.4e+38 -3.4e+38 -3.4e+38 -3.4e+38 -3.4e+38 -3.4e+38 -3.4e+38 0.917833864688873 0.913430571556091 0.89295357465744 0.929655313491821 0.901284396648407 -3.4e+38 0.86693948507309 0.919368624687195 0.957954704761505 0.892888903617859 0.850872278213501 0.888041138648987 0.952162027359009 0.846919894218445 0.865891218185425 0.927237749099731 0.973279595375061 0.974190473556519 0.963431894779205 0.948379099369049 0.955127954483032 0.862542450428009 0.690982103347778 0.923517346382141 0.918745338916779 0.933011770248413 0.916673243045807 0.940916359424591 0.894260466098785 0.834986925125122 0.830684661865234 0.869781255722046 0.89050430059433 0.88903796672821
-3.4e+38 -3.4e+38 -3.4e+38 -3.4e+38 -3.4e+38 -3.4e+38 -3.4e+38 -3.4e+38 -3.4e+38 -3.4e+38 -3.4e+38 -3.4e+38 -3.4e+38 -3.4e+38 -3.4e+38 -3.4e+38 -3.4e+38 0.889733970165253 0.893509030342102 0.893400192260742 0.91686624288559 0.935405492782593 0.91577160358429 0.867791712284088 0.876387119293213 0.87562620639801 0.972804129123688 0.987084925174713 0.952325463294983 0.842049062252045 0.713743090629578 0.776011407375336 0.730180442333221 0.632198929786682 0.594411671161652 0.875137507915497 0.642822682857513 0.690611243247986 0.935347318649292 0.943677604198456 0.95252799987793 0.853557527065277 0.900183320045471 0.915863156318665 0.797232985496521 0.785480320453644 0.844462215900421 0.918983399868011 0.894649505615234
