data/climate_estimation/maxent_output/Fritillaria_affinis.asc
NCOLS 154 
NROWS 251 
XLLCORNER -125.583333333333 
YLLCORNER 33.6666666666667 
CELLSIZE 0.0833333333333333 
NODATA_value -3.4e+38 
[rows 120 to 139 of 251, columns 90 to 134 of 154]
0.0982950329780579 0.109080098569393 0.126616954803467 0.112889751791954 0.097370982170105 0.0999240055680275 0.089691624045372 0.0557640716433525 0.0480085909366608 0.115786448121071 0.0584938675165176 0.044883169233799 0.173404961824417 0.174159586429596 0.152049914002419 0.0539021901786327 0.0339232906699181 0.0326878167688847 0.0432125851511955 0.0493304990231991 0.0766504257917404 0.183902904391289 0.261681348085403 0.20944444835186 0.136492058634758 0.166150406002998 0.209198266267776 0.248094156384468 0.21833498775959 0.277882426977158 0.257800877094269 0.228527083992958 0.199448511004448 0.154552176594734 0.287748664617538 0.319731056690216 0.313748419284821 0.414917886257172 0.320106595754623 0.46443110704422 0.546745896339417 0.4104323387146 0.340231388807297 0.275395929813385 0.119201593101025
0.0820081830024719 0.11101396381855 0.111539378762245 0.062461294233799 0.0881303027272224 0.146244332194328 0.12553234398365 0.0590674541890621 0.0510606542229652 0.050919633358717 0.0348421521484852 0.0596417635679245 0.113726794719696 0.0906172022223473 0.0650511533021927 0.0405114330351353 0.0292835719883442 0.0450259372591972 0.0540916323661804 0.060876801609993 0.0820054188370705 0.145814016461372 0.27418452501297 0.339165896177292 0.138713628053665 0.141759052872658 0.226719617843628 0.171765729784966 0.238645359873772 0.240826621651649 0.24988654255867 0.185583144426346 0.203410297632217 0.191338628530502 0.227944135665894 0.324978440999985 0.298162341117859 0.382510542869568 0.494652777910233 0.566178143024445 0.606145083904266 0.534652948379517 0.439012140035629 0.292623788118362 0.300975412130356
0.124788381159306 0.0768923312425613 0.0499081872403622 0.0467415936291218 0.0437789410352707 0.0482102632522583 0.0708700492978096 0.0661962702870369 0.0578482672572136 0.0267275702208281 0.0333556793630123 0.041595708578825 0.0554463043808937 0.0485673099756241 0.0340401902794838 0.0378954596817493 0.0662410631775856 0.0576442405581474 0.0557080917060375 0.0692998766899109 0.100568324327469 0.122989803552628 0.201967969536781 0.301024913787842 0.157070726156235 0.180576965212822 0.142114579677582 0.131016716361046 0.235624417662621 0.161153748631477 0.216456770896912 0.204265654087067 0.209383547306061 0.230907425284386 0.227956160902977 0.14043053984642 0.224454909563065 0.384667962789536 0.395741283893585 0.384684383869171 0.320323407649994 0.531075119972229 0.486072957515717 0.243270635604858 0.312683433294296
0.0816896632313728 0.0512771271169186 0.0490788631141186 0.0477310419082642 0.0498725920915604 0.0459054596722126 0.0302922930568457 0.0477595180273056 0.0437608622014523 0.0217227935791016 0.0178681015968323 0.0218505319207907 0.019207114353776 0.02567358314991 0.0282973647117615 0.0297221019864082 0.0534394048154354 0.0716857686638832 0.0668249204754829 0.091669037938118 0.109971322119236 0.0819336995482445 0.165951758623123 0.209025681018829 0.16575975716114 0.174176305532455 0.112548142671585 0.211103782057762 0.201672598719597 0.135340571403503 0.23255680501461 0.217170238494873 0.257315039634705 0.212265864014626 0.223824337124825 0.172570645809174 0.105049222707748 0.1661596596241 0.172294393181801 0.241215795278549 0.264973282814026 0.350665986537933 0.269058644771576 0.220077306032181 0.250007897615433
0.120935432612896 0.0889400988817215 0.0577616207301617 0.0948950946331024 0.0909159108996391 0.052139263600111 0.0230818074196577 0.0195040963590145 0.02196298353374 0.02327442727983 0.0236728955060244 0.0233104154467583 0.0208912268280983 0.020742017775774 0.0237502083182335 0.0280259717255831 0.0382030718028545 0.059127002954483 0.0704041942954063 0.125175520777702 0.122368901968002 0.0662870928645134 0.169078961014748 0.184425681829453 0.220729649066925 0.101852208375931 0.112031526863575 0.272756963968277 0.227750390768051 0.170018598437309 0.200242668390274 0.226412519812584 0.196740552783012 0.130473002791405 0.152136087417603 0.236298695206642 0.177019745111465 0.0788768231868744 0.169491291046143 0.386144995689392 0.327279567718506 0.349247008562088 0.391073346138 0.2826147377491 0.229499742388725
0.0980908051133156 0.0588546134531498 0.040197741240263 0.0565856471657753 0.0750348567962646 0.107365772128105 0.0488974750041962 0.0203357040882111 0.0152303781360388 0.0172351617366076 0.021531717851758 0.0259009823203087 0.0231385007500648 0.0197390541434288 0.0267476458102465 0.0356192961335182 0.0366428419947624 0.0358885712921619 0.060924094170332 0.0958793014287949 0.106711447238922 0.0615231916308403 0.178173422813416 0.155782178044319 0.174075618386269 0.0791641622781754 0.128048270940781 0.159928783774376 0.176298439502716 0.0976453125476837 0.128693103790283 0.10179215669632 0.0825385451316833 0.120125152170658 0.152713730931282 0.107397094368935 0.303895086050034 0.165983587503433 0.098804272711277 0.346752762794495 0.425605446100235 0.517604053020477 0.616021394729614 0.331436365842819 0.257959067821503
0.061900906264782 0.0493481196463108 0.0294988807290792 0.0263885818421841 0.0255540683865547 0.0344342589378357 0.0306878872215748 0.0229347962886095 0.018429497256875 0.0184833649545908 0.0225650146603584 0.0207346118986607 0.0163567159324884 0.0167262218892574 0.0232947301119566 0.026767997071147 0.0309323500841856 0.0360147468745708 0.0407722629606724 0.0919292941689491 0.115578062832355 0.0728549212217331 0.134877130389214 0.137617528438568 0.219981074333191 0.123196974396706 0.122677057981491 0.145654335618019 0.154313027858734 0.109381258487701 0.10655178129673 0.159305587410927 0.219253256917 0.190167605876923 0.190434232354164 0.230107069015503 0.308530062437057 0.300091564655304 0.113259255886078 0.157171547412872 0.420750170946121 0.473884433507919 0.567996323108673 0.253033310174942 0.519814789295197
0.0954355299472809 0.0884520038962364 0.0440262854099274 0.027143707498908 0.0187053680419922 0.0226696655154228 0.0239641610532999 0.016917085275054 0.0127270622178912 0.0149516006931663 0.0206591095775366 0.020962392911315 0.0193561147898436 0.018450940027833 0.0229684412479401 0.0240608472377062 0.0302884355187416 0.0344150066375732 0.0440296046435833 0.0582184381783009 0.0518309734761715 0.0589114800095558 0.0783954560756683 0.120815142989159 0.251773715019226 0.187682613730431 0.171597823500633 0.204663828015327 0.289906710386276 0.153624430298805 0.132226020097733 0.113788224756718 0.197198837995529 0.134046673774719 0.196786627173424 0.291373819112778 0.287857830524445 0.316566854715347 0.172149494290352 0.134879723191261 0.42640495300293 0.47369909286499 0.485424041748047 0.558329343795776 0.609283268451691
0.106104880571365 0.100714452564716 0.0702319219708443 0.0474863573908806 0.0229391325265169 0.00982700847089291 0.0130622917786241 0.0165234953165054 0.0143639305606484 0.0205660928040743 0.0264055579900742 0.0245063696056604 0.0190725643187761 0.0222366787493229 0.0297421384602785 0.0314146503806114 0.0301954206079245 0.0321128889918327 0.0325304344296455 0.0399829633533955 0.0622905790805817 0.106285527348518 0.0816036984324455 0.168860197067261 0.229926526546478 0.192426204681396 0.180208012461662 0.172596305608749 0.178561955690384 0.180022522807121 0.119545266032219 0.108802497386932 0.115483678877354 0.166950300335884 0.125917240977287 0.218133732676506 0.221978694200516 0.270448446273804 0.253775060176849 0.172852382063866 0.296808779239655 0.360105276107788 0.464541524648666 0.509190201759338 0.560046374797821
0.0376145578920841 0.0309921428561211 0.0326544232666492 0.0296656377613544 0.0183987841010094 0.0154485357925296 0.0298234727233648 0.0259500946849585 0.0232696589082479 0.0376752652227879 0.022857341915369 0.0139064807444811 0.0157447941601276 0.0201218575239182 0.0289495103061199 0.0312635116279125 0.0319154113531113 0.036258440464735 0.0436620861291885 0.0479210540652275 0.0546337254345417 0.0851010158658028 0.151188120245934 0.216365784406662 0.227177515625954 0.180167883634567 0.184899553656578 0.188102945685387 0.186623185873032 0.135228678584099 0.0919145569205284 0.0930736735463142 0.0934326648712158 0.137090966105461 0.125543534755707 0.0926413089036942 0.230132773518562 0.1963821798563 0.250212967395782 0.259538888931274 0.331506788730621 0.262178242206573 0.137564525008202 0.133030384778976 0.22760446369648
0.0449120253324509 0.0657914727926254 0.0936194434762001 0.0568222813308239 0.0262865368276834 0.0446028225123882 0.0624583885073662 0.0465438812971115 0.0365150012075901 0.0356683731079102 0.0182195249944925 0.0188732668757439 0.0119350450113416 0.0174941327422857 0.0211745966225863 0.0226758755743504 0.0283556301146746 0.0285913199186325 0.0316243357956409 0.0389497876167297 0.0435794852674007 0.0453864596784115 0.0841558426618576 0.197782218456268 0.197371065616608 0.136664882302284 0.186176896095276 0.204082295298576 0.158363938331604 0.120572596788406 0.140278831124306 0.16188408434391 0.171228751540184 0.128758430480957 0.177562221884727 0.211203053593636 0.28327676653862 0.243690982460976 0.143903598189354 0.182162657380104 0.232083573937416 0.261074185371399 0.217845857143402 0.13206160068512 0.0785724446177483
0.0716177001595497 0.0836142748594284 0.0775548368692398 0.0576464980840683 0.0655307397246361 0.0655307397246361 0.0797401890158653 0.0551791228353977 0.0406949184834957 0.0291516240686178 0.054479144513607 0.0251386947929859 0.0127804800868034 0.0109042944386601 0.0150699056684971 0.0189994126558304 0.0240810103714466 0.0201242845505476 0.0257132779806852 0.0346126183867455 0.0392047762870789 0.0395088195800781 0.0417582131922245 0.103529445827007 0.167075678706169 0.115913212299347 0.138745650649071 0.130099907517433 0.132276937365532 0.157909005880356 0.25621885061264 0.302337378263474 0.173332184553146 0.0783199667930603 0.0659710988402367 0.0702903792262077 0.120191745460033 0.0864467099308968 0.065830834209919 0.118619360029697 0.20938204228878 0.18152691423893 0.142581939697266 0.116410538554192 0.0820666253566742
0.0716980174183846 0.0751542374491692 0.0702411532402039 0.061004962772131 0.065285250544548 0.0622511506080627 0.0509993173182011 0.0297966208308935 0.0165987461805344 0.0569913014769554 0.0653863921761513 0.018529299646616 0.0183469112962484 0.0130373360589147 0.00932726915925741 0.0111110107973218 0.0180806778371334 0.0163606721907854 0.017779840156436 0.0293291453272104 0.036589901894331 0.0406855568289757 0.0428391247987747 0.0490856319665909 0.0805195048451424 0.133880019187927 0.135577291250229 0.113336622714996 0.113611288368702 0.121110461652279 0.130488380789757 0.141871422529221 0.155820459127426 0.0729169771075249 0.0957057848572731 0.131727546453476 0.191046312451363 0.201108127832413 0.172129467129707 0.104708462953568 0.113309651613235 0.144985780119896 0.139226481318474 0.102344319224358 0.068713366985321
0.0745336040854454 0.0828672051429749 0.0772060677409172 0.0612264983355999 0.061419602483511 0.0590177997946739 0.0590160377323627 0.0396141558885574 0.0162645019590855 0.0343901328742504 0.0550389364361763 0.0397880002856255 0.0713828951120377 0.0595057085156441 0.026624720543623 0.00946308393031359 0.013356483541429 0.0148234767839313 0.0170396398752928 0.0254674702882767 0.0302236657589674 0.037993747740984 0.0404496341943741 0.054407961666584 0.0684081315994263 0.0895653590559959 0.109925597906113 0.126030787825584 0.121246725320816 0.107717245817184 0.114581398665905 0.1282749325037 0.0811212956905365 0.0564999617636204 0.0846769213676453 0.0733149349689484 0.100384533405304 0.134377345442772 0.0848709419369698 0.0650516748428345 0.113004848361015 0.0685254260897636 0.088475339114666 0.0786342769861221 0.0554252229630947
0.0770652443170547 0.0835380256175995 0.0781481564044952 0.0673493966460228 0.0634197071194649 0.0681164190173149 0.059927836060524 0.0191547609865665 0.0285535585135221 0.0171836074441671 0.0454783663153648 0.053748182952404 0.0763460844755173 0.0725791230797768 0.0723351836204529 0.0509014278650284 0.010759667493403 0.00752700120210648 0.00869855470955372 0.0177250094711781 0.0253378767520189 0.0242517404258251 0.0357682891190052 0.043226283043623 0.0476992577314377 0.0554946511983871 0.0588232986629009 0.0880471020936966 0.112440533936024 0.116119742393494 0.0926582515239716 0.0890381559729576 0.0673422962427139 0.0687916278839111 0.0608574859797955 0.0651414692401886 0.0523700676858425 0.0363961681723595 0.0305622220039368 0.0295719299465418 0.0323730483651161 0.0364646129310131 0.0389136485755444 0.0461613610386848 0.0366991460323334
0.095383383333683 0.071513943374157 0.0389533787965775 0.0541588254272938 0.0796694755554199 0.0604034997522831 0.0523736961185932 0.0113085834309459 0.0230650212615728 0.0435390695929527 0.0715971067547798 0.0553356371819973 0.0543107055127621 0.0733096450567245 0.111489020287991 0.0912731885910034 0.0447950027883053 0.00993658043444157 0.00487712491303682 0.00764178484678268 0.0117913261055946 0.0229240581393242 0.0406535603106022 0.0455188043415546 0.0392959788441658 0.0387068577110767 0.0465439260005951 0.048027329146862 0.0632505416870117 0.0939469188451767 0.0909077674150467 0.0877183154225349 0.0813265144824982 0.0706344246864319 0.0553669258952141 0.0420000106096268 0.0337265245616436 0.0327226519584656 0.0300578270107508 0.0290879737585783 0.0316976457834244 0.0326791368424892 0.0341637656092644 0.0327465422451496 0.0295412540435791
0.0527388602495193 0.0348579846322536 0.0339200794696808 0.0395380891859531 0.0329606831073761 0.0251537542790174 0.0244721882045269 0.0438229106366634 0.0599242858588696 0.0803900137543678 0.0830147638916969 0.0824060067534447 0.0613975301384926 0.0785452350974083 0.104433640837669 0.0785052850842476 0.0792417451739311 0.0300633925944567 0.0100087774917483 0.0134726548567414 0.00796068832278252 0.0164516847580671 0.0301809348165989 0.0340651907026768 0.0308375041931868 0.0292102228850126 0.0331774726510048 0.0389280989766121 0.0422189570963383 0.0482591092586517 0.0665213093161583 0.0902635529637337 0.11066085100174 0.0882317870855331 0.0701944679021835 0.0616673305630684 0.0533138923346996 0.0543543100357056 0.048359077423811 0.0415901876986027 0.0453928373754025 0.045289259403944 0.0504087284207344 0.042432326823473 0.0294680949300528
0.0377176888287067 0.036108423024416 0.0353734493255615 0.0327968932688236 0.0236611980944872 0.0279897227883339 0.0526792146265507 0.054351732134819 0.0543156675994396 0.0554419942200184 0.0578547082841396 0.0613377653062344 0.0627052783966064 0.0779508575797081 0.124735444784164 0.108354777097702 0.114171661436558 0.0758118852972984 0.0205333661288023 0.0116314617916942 0.0040080426260829 0.00420531071722507 0.00813410710543394 0.0123484693467617 0.0142892757430673 0.0189331900328398 0.0279458649456501 0.0317218787968159 0.0294882617890835 0.0377985909581184 0.0374127291142941 0.041368655860424 0.0448077358305454 0.0510446541011333 0.0477759167551994 0.0477491766214371 0.0444708690047264 0.0391681976616383 0.0380246527493 0.0357497930526733 0.0357662960886955 0.0333707965910435 0.0306410901248455 0.0303187314420938 0.0283502694219351
0.0386314392089844 0.0369537360966206 0.0343104004859924 0.0235296376049519 0.0155452694743872 0.0328075923025608 0.0425024107098579 0.0450978130102158 0.0462184064090252 0.0519436001777649 0.0590615831315517 0.0563532263040543 0.0645581260323524 0.0861256495118141 0.106251269578934 0.137926310300827 0.126167073845863 0.0764183774590492 0.0376011840999126 0.0128801735118032 0.0047781583853066 0.00320541253313422 0.00284989387728274 0.00439249631017447 0.00694987457245588 0.00857737194746733 0.0141464192420244 0.0195908527821302 0.0273323822766542 0.0311250928789377 0.0302109867334366 0.0339605323970318 0.0336446836590767 0.037562794983387 0.0305993370711803 0.0326565466821194 0.0333878211677074 0.0319244153797626 0.0339733250439167 0.0299654267728329 0.0285614747554064 0.0251956302672625 0.0211368426680565 0.0189197119325399 0.0217706877738237
0.0584261640906334 0.0360145904123783 0.0344814024865627 0.0236962977796793 0.0223155338317156 0.0280679482966661 0.0289100017398596 0.0364877842366695 0.0420669242739677 0.0399561040103436 0.0451696254312992 0.0529357232153416 0.0571774393320084 0.0729103684425354 0.0790415778756142 0.118200674653053 0.151141211390495 0.13584341108799 0.0750644579529762 0.027844812721014 0.00979956984519958 0.00770049588754773 0.00557062029838562 0.00391465611755848 0.00352692347951233 0.004393027164042 0.00558862369507551 0.00741586368530989 0.0116651384159923 0.015514581464231 0.0183356814086437 0.0216399561613798 0.024342967197299 0.021208219230175 0.022490369156003 0.0257068071514368 0.0327503681182861 0.0357881337404251 0.0325428396463394 0.0329360254108906 0.0313286259770393 0.0278774276375771 0.0212709251791239 0.0164462849497795 0.0194426327943802
