data/climate_estimation/maxent_output/Fritillaria_lusitanica.asc
NCOLS 143 
NROWS 85 
XLLCORNER -9.66666666666667 
YLLCORNER 36 
CELLSIZE 0.0833333333333333 
NODATA_value -3.4e+38 
[rows 0 to 20 of 85, columns 47 to 93 of 143]
0.0811125710606575 0.0785251185297966 0.114779658615589 0.0687214285135269 0.0627100095152855 0.130158334970474 0.0769479647278786 0.126446232199669 0.15390408039093 0.0822154879570007 0.0822500512003899 0.0372231230139732 0.0431315675377846 0.0801819786429405 0.144639641046524 0.102456264197826 0.0397283397614956 0.0655626505613327 0.160198777914047 0.183985024690628 0.193832188844681 0.184965521097183 0.192301690578461 0.164364919066429 0.152150198817253 0.202173620462418 0.18788269162178 0.192983165383339 0.173328891396523 0.203056901693344 0.154008895158768 0.171621739864349 0.312225818634033 0.297117918729782 0.161624580621719 0.0817998200654984 0.16323384642601 0.14886412024498 0.234791681170464 0.223304629325867 0.159782320261002 0.170955494046211 0.181395471096039 0.149954065680504 0.0965453907847404 0.103278465569019 0.0712351500988007
0.139513030648232 0.116602547466755 0.167760729789734 0.111161470413208 0.162265688180923 0.255677193403244 0.184609562158585 0.179391622543335 0.209243416786194 0.237240612506866 0.130057543516159 0.0566556267440319 0.042576190084219 0.0653531700372696 0.122408322989941 0.172925040125847 0.0533208288252354 0.0823867991566658 0.221753031015396 0.251218914985657 0.254683285951614 0.256520926952362 0.248198062181473 0.222906172275543 0.251494020223618 0.271096259355545 0.36276388168335 0.291490614414215 0.258382260799408 0.228687688708305 0.210405826568604 0.188409700989723 0.202848613262177 0.242621600627899 0.261022955179214 0.201658502221107 0.258107990026474 0.247829675674438 0.174031898379326 0.155296832323074 0.0871612280607224 0.14268371462822 0.174077495932579 0.136353328824043 0.0820720940828323 0.094240628182888 0.12325780838728
0.26955446600914 0.286876171827316 0.301993042230606 0.237522691488266 0.33371764421463 0.388001441955566 0.267256557941437 0.360248386859894 0.266019940376282 0.325969874858856 0.170773550868034 0.164458572864532 0.145066037774086 0.158779591321945 0.267179936170578 0.343719244003296 0.303087711334229 0.295841962099075 0.330016046762466 0.328390121459961 0.332031428813934 0.287158876657486 0.37253075838089 0.327799499034882 0.379800409078598 0.283635646104813 0.326529234647751 0.409936934709549 0.32161271572113 0.281657516956329 0.217610910534859 0.262533456087112 0.242297202348709 0.211609780788422 0.228030130267143 0.338260322809219 0.379349678754807 0.355258733034134 0.312075436115265 0.257027864456177 0.239306449890137 0.169229120016098 0.182341858744621 0.170220106840134 0.157686069607735 0.0856772437691689 0.157980635762215
0.36093857884407 0.408623874187469 0.441658794879913 0.401091247797012 0.438343644142151 0.459166556596756 0.512094616889954 0.511066496372223 0.467397540807724 0.510762155056 0.41835755109787 0.343594878911972 0.462811499834061 0.466375201940536 0.409202039241791 0.456101834774017 0.458689630031586 0.522056698799133 0.494193702936172 0.426274657249451 0.483645230531693 0.476184517145157 0.347973108291626 0.421573996543884 0.352707535028458 0.258353501558304 0.368098467588425 0.379733055830002 0.474458694458008 0.488388568162918 0.443657994270325 0.2940893471241 0.512588918209076 0.352718442678452 0.427781403064728 0.402544498443604 0.348309546709061 0.3244768679142 0.261470764875412 0.250105351209641 0.187072336673737 0.163499101996422 0.185150101780891 0.189782798290253 0.126404345035553 0.167522564530373 0.199080720543861
0.453395843505859 0.556874334812164 0.558334112167358 0.486197501420975 0.493743032217026 0.498338639736176 0.597420811653137 0.633543014526367 0.636284589767456 0.638776123523712 0.587048888206482 0.573609292507172 0.584510385990143 0.621125102043152 0.581116318702698 0.660701394081116 0.625528991222382 0.625129044055939 0.548203349113464 0.491897940635681 0.468036204576492 0.470759570598602 0.461484730243683 0.473388940095901 0.40832045674324 0.301387518644333 0.410636216402054 0.59358686208725 0.411666840314865 0.435613602399826 0.346494376659393 0.357678949832916 0.628062546253204 0.597575664520264 0.564132213592529 0.463201493024826 0.409486711025238 0.387318640947342 0.286948382854462 0.336373060941696 0.318502992391586 0.280753910541534 0.277189940214157 0.275674194097519 0.320543825626373 0.347457468509674 0.303502380847931
0.519259512424469 0.618207335472107 0.629361212253571 0.54831999540329 0.580906450748444 0.574033081531525 0.632685959339142 0.624910414218903 0.712806105613708 0.704265773296356 0.67806476354599 0.679398715496063 0.698791146278381 0.737499117851257 0.701585054397583 0.741320490837097 0.737939417362213 0.735442042350769 0.647670328617096 0.647227168083191 0.601768016815186 0.597502529621124 0.557677209377289 0.515317618846893 0.459518074989319 0.468731492757797 0.573739588260651 0.656326472759247 0.665630340576172 0.600377559661865 0.56736159324646 0.50093400478363 0.511784195899963 0.54480117559433 0.586776196956635 0.449157297611237 0.371454924345016 0.323995232582092 0.355917185544968 0.351321280002594 0.381578803062439 0.340535283088684 0.360493361949921 0.36743688583374 0.377140492200851 0.407789170742035 0.426543563604355
0.593068242073059 0.567487418651581 0.565433859825134 0.530253946781158 0.547844231128693 0.518377661705017 0.613685727119446 0.622365593910217 0.667486011981964 0.720717132091522 0.727422416210175 0.71696925163269 0.731826782226562 0.750207662582397 0.752294659614563 0.760094523429871 0.755552530288696 0.755595624446869 0.765665769577026 0.746627330780029 0.723438799381256 0.680706143379211 0.587937533855438 0.591274797916412 0.589374899864197 0.611791491508484 0.608577966690063 0.538677573204041 0.548198342323303 0.553636789321899 0.557111144065857 0.526472210884094 0.612928986549377 0.545682072639465 0.534443557262421 0.529049158096313 0.466995745897293 0.485050290822983 0.425800412893295 0.4220330119133 0.470157414674759 0.41101610660553 0.435053288936615 0.432860970497131 0.415838450193405 0.49412339925766 0.535477638244629
0.494977027177811 0.579765200614929 0.56458979845047 0.5276899933815 0.541513919830322 0.561024725437164 0.646129250526428 0.651492238044739 0.697088718414307 0.72717148065567 0.707809627056122 0.742584943771362 0.734929919242859 0.768548369407654 0.774441719055176 0.790773868560791 0.763036608695984 0.776040554046631 0.780985355377197 0.786503255367279 0.731748461723328 0.723465621471405 0.695600569248199 0.65300577878952 0.657989025115967 0.616754472255707 0.581074893474579 0.545530557632446 0.55116480588913 0.529084503650665 0.559379279613495 0.581865966320038 0.528682112693787 0.51517379283905 0.50040876865387 0.503050744533539 0.487177640199661 0.473241984844208 0.455828070640564 0.503184139728546 0.479331940412521 0.538010716438293 0.492184907197952 0.482730388641357 0.510120213031769 0.493628412485123 0.557853758335114
0.560466527938843 0.541221439838409 0.509161055088043 0.566120803356171 0.542457103729248 0.557477533817291 0.667575061321259 0.668521225452423 0.708306133747101 0.690346002578735 0.748770713806152 0.751349449157715 0.736502408981323 0.742794275283813 0.775805413722992 0.759594857692719 0.766291320323944 0.765411734580994 0.773100674152374 0.746638298034668 0.741504371166229 0.698156416416168 0.699951231479645 0.683830797672272 0.675537168979645 0.632895052433014 0.6282679438591 0.563490211963654 0.49038752913475 0.517505168914795 0.546452820301056 0.446395814418793 0.454289942979813 0.482176721096039 0.453765273094177 0.501333653926849 0.486629873514175 0.430892288684845 0.470019370317459 0.525980353355408 0.508161604404449 0.489181905984879 0.515681505203247 0.47793185710907 0.486463785171509 0.560598969459534 0.535293996334076
0.553894698619843 0.578392922878265 0.590132176876068 0.57192450761795 0.584415137767792 0.61347109079361 0.618485689163208 0.670478224754333 0.675862610340118 0.691122531890869 0.693498313426971 0.702546358108521 0.708542168140411 0.686776697635651 0.693086326122284 0.711106598377228 0.714777112007141 0.748935222625732 0.722696959972382 0.730729103088379 0.721640229225159 0.705864727497101 0.665930271148682 0.671837091445923 0.67100977897644 0.680490493774414 0.649579048156738 0.604599416255951 0.520790159702301 0.439352542161942 0.380731582641602 0.329355537891388 0.428963273763657 0.289084702730179 0.405998557806015 0.480803042650223 0.421213537454605 0.378505080938339 0.426977276802063 0.406616866588593 0.406745404005051 0.418047398328781 0.430931717157364 0.518309235572815 0.566232621669769 0.603134512901306 0.54561060667038
0.588689267635345 0.572433531284332 0.552512228488922 0.564399003982544 0.612908720970154 0.641830146312714 0.640848219394684 0.651470482349396 0.656879246234894 0.656364619731903 0.661231815814972 0.674732327461243 0.678166747093201 0.660004198551178 0.64560878276825 0.697763741016388 0.692969977855682 0.723536491394043 0.718158483505249 0.757595658302307 0.730620563030243 0.748657643795013 0.721001863479614 0.742369830608368 0.704414844512939 0.717430114746094 0.655171573162079 0.615891873836517 0.432139873504639 0.331409215927124 0.19182588160038 0.182333692908287 0.204712092876434 0.161277890205383 0.373142600059509 0.413921535015106 0.379018753767014 0.422628164291382 0.40266627073288 0.399205893278122 0.364887058734894 0.440012723207474 0.448615938425064 0.534758269786835 0.577070891857147 0.61308342218399 0.632836937904358
0.602656185626984 0.565763294696808 0.559502184391022 0.595405578613281 0.589537799358368 0.597399175167084 0.628008186817169 0.648443460464478 0.658824145793915 0.652512013912201 0.641790509223938 0.64470386505127 0.629217803478241 0.62881338596344 0.590785562992096 0.65769749879837 0.709121763706207 0.700870752334595 0.752865970134735 0.715259790420532 0.731778562068939 0.746129155158997 0.769848167896271 0.759039700031281 0.761984407901764 0.709401726722717 0.739328324794769 0.679622948169708 0.653437554836273 0.554608821868896 0.535126328468323 0.518589615821838 0.410598993301392 0.484603524208069 0.441121011972427 0.274753630161285 0.348089873790741 0.398757606744766 0.326738864183426 0.27222540974617 0.357742488384247 0.403141111135483 0.399841278791428 0.456724852323532 0.513738930225372 0.569425523281097 0.633248448371887
0.644348621368408 0.623765647411346 0.600532174110413 0.597592413425446 0.595243036746979 0.598343729972839 0.602946579456329 0.647961616516113 0.651342689990997 0.613781034946442 0.618063390254974 0.652693510055542 0.586589872837067 0.521359384059906 0.526887595653534 0.638300180435181 0.648990094661713 0.698340833187103 0.753900647163391 0.770839035511017 0.793558597564697 0.797461271286011 0.769655108451843 0.802322149276733 0.786920189857483 0.766267597675323 0.748554348945618 0.744882047176361 0.717251300811768 0.656492710113525 0.605667471885681 0.422305017709732 0.285331517457962 0.257599025964737 0.15522126853466 0.194785475730896 0.176776394248009 0.182998910546303 0.210030183196068 0.32387787103653 0.393829554319382 0.379690855741501 0.436590194702148 0.452313780784607 0.582122921943665 0.63709956407547 0.683100521564484
0.568376481533051 0.539917588233948 0.535062253475189 0.459881454706192 0.503145575523376 0.503219902515411 0.464853048324585 0.53556364774704 0.578276395797729 0.578461527824402 0.578749537467957 0.514055192470551 0.521295249462128 0.560961067676544 0.481005221605301 0.524787425994873 0.56557434797287 0.698350310325623 0.752366125583649 0.799196720123291 0.806937634944916 0.795093953609467 0.815412759780884 0.810380756855011 0.795080780982971 0.786468327045441 0.806427776813507 0.734196364879608 0.68498158454895 0.705663859844208 0.669000804424286 0.635986089706421 0.554814994335175 0.51849091053009 0.350915223360062 0.420728772878647 0.270829617977142 0.398618251085281 0.376361906528473 0.440229743719101 0.37914776802063 0.351090312004089 0.444082796573639 0.465056896209717 0.586515188217163 0.651195347309113 0.692558646202087
0.482361674308777 0.448784679174423 0.379786342382431 0.413730710744858 0.375122427940369 0.378259420394897 0.432160556316376 0.438443452119827 0.474634528160095 0.552821099758148 0.627051889896393 0.586752593517303 0.631147503852844 0.521187543869019 0.427247673273087 0.570647597312927 0.656319916248322 0.696179926395416 0.768344402313232 0.775454580783844 0.801935970783234 0.821878492832184 0.830250203609467 0.82077419757843 0.843462109565735 0.812363803386688 0.815267860889435 0.795326113700867 0.739480495452881 0.741581916809082 0.734756290912628 0.681799054145813 0.649896383285522 0.573461174964905 0.544601500034332 0.479318350553513 0.469136446714401 0.496422857046127 0.464204996824265 0.445717662572861 0.496831059455872 0.439968019723892 0.44830584526062 0.496687263250351 0.575142741203308 0.582521498203278 0.681313335895538
0.462805092334747 0.361975312232971 0.314747899770737 0.275440067052841 0.321760088205338 0.352456629276276 0.35251259803772 0.375778406858444 0.48128068447113 0.555653691291809 0.55283510684967 0.598781049251556 0.522841930389404 0.455819249153137 0.46582019329071 0.573783397674561 0.694420337677002 0.733595907688141 0.743894100189209 0.793013513088226 0.81369960308075 0.836227893829346 0.820072889328003 0.841316998004913 0.825664103031158 0.833615243434906 0.819448053836823 0.796871244907379 0.776230037212372 0.765500724315643 0.754002094268799 0.662532269954681 0.71244078874588 0.641577780246735 0.609896421432495 0.52849406003952 0.530580580234528 0.52643233537674 0.507443845272064 0.503485858440399 0.495847374200821 0.500085711479187 0.507642328739166 0.585813045501709 0.567895293235779 0.586250126361847 0.297809243202209
0.364368140697479 0.282973378896713 0.23434966802597 0.222969457507133 0.25438591837883 0.302068948745728 0.35567969083786 0.416279196739197 0.453234881162643 0.518884479999542 0.525840044021606 0.518288969993591 0.513684868812561 0.521743178367615 0.532551229000092 0.616538941860199 0.620423138141632 0.704596936702728 0.739504039287567 0.790584206581116 0.795275509357452 0.762169241905212 0.727572739124298 0.793784737586975 0.835033059120178 0.820079386234283 0.83673757314682 0.827453136444092 0.812202274799347 0.786553621292114 0.772103071212769 0.765875220298767 0.699220657348633 0.714114665985107 0.686944961547852 0.611000835895538 0.528784513473511 0.548785209655762 0.525301396846771 0.51819372177124 0.50496917963028 0.59151017665863 0.584943413734436 0.605306506156921 0.622593402862549 0.631026268005371 0.558666288852692
0.327023983001709 0.212831661105156 0.240426585078239 0.226562961935997 0.224954217672348 0.256663620471954 0.254365473985672 0.330761045217514 0.422826319932938 0.489882200956345 0.492806136608124 0.478115200996399 0.533240973949432 0.495422214269638 0.502277612686157 0.474779397249222 0.552950382232666 0.630232691764832 0.633433878421783 0.643829345703125 0.787524402141571 0.720231056213379 0.797505557537079 0.797371983528137 0.796585619449615 0.831426322460175 0.820566296577454 0.836100459098816 0.81492292881012 0.802018821239471 0.804459273815155 0.760900735855103 0.753694772720337 0.69798755645752 0.679338455200195 0.65084707736969 0.63940817117691 0.583950996398926 0.583861172199249 0.577247083187103 0.599577963352203 0.625893950462341 0.636521339416504 0.664059340953827 0.696832478046417 0.697968721389771 0.685875713825226
0.248122245073318 0.209810107946396 0.195960730314255 0.18381430208683 0.183825492858887 0.214555099606514 0.202624574303627 0.240056365728378 0.317402303218842 0.314527034759521 0.366754829883575 0.363485932350159 0.40118882060051 0.434204071760178 0.538170695304871 0.592224836349487 0.626481771469116 0.714608252048492 0.778815746307373 0.71973043680191 0.787174940109253 0.834993481636047 0.854076445102692 0.851104378700256 0.85579252243042 0.856942176818848 0.870497465133667 0.85949844121933 0.831861317157745 0.816190123558044 0.812562108039856 0.803810060024261 0.778565585613251 0.742458939552307 0.735797226428986 0.724633634090424 0.656527578830719 0.599643290042877 0.583401620388031 0.651481330394745 0.593787431716919 0.675125956535339 0.69479775428772 0.701816320419312 0.719457507133484 0.7167107462883 0.71516889333725
0.24612221121788 0.190908119082451 0.195977687835693 0.1806680560112 0.196423083543777 0.163454189896584 0.197868928313255 0.256538927555084 0.256487965583801 0.30653965473175 0.345372170209885 0.358349949121475 0.350138753652573 0.380951702594757 0.587729036808014 0.666748762130737 0.746207177639008 0.757384240627289 0.787591457366943 0.787566244602203 0.829352736473083 0.831072926521301 0.855403959751129 0.902732014656067 0.859444975852966 0.873096764087677 0.839357554912567 0.867176234722137 0.850931227207184 0.844323694705963 0.827038109302521 0.829841494560242 0.806197226047516 0.783872246742249 0.772328913211823 0.75080007314682 0.708478391170502 0.673813283443451 0.721328020095825 0.658131420612335 0.688791036605835 0.691221654415131 0.737885653972626 0.721615254878998 0.761600315570831 0.737751066684723 0.715122938156128
0.277022480964661 0.254417389631271 0.213030785322189 0.199450924992561 0.220296695828438 0.21651791036129 0.238852396607399 0.261318624019623 0.307269841432571 0.335393637418747 0.32425594329834 0.361320436000824 0.366198509931564 0.446924924850464 0.453122973442078 0.46266296505928 0.605909526348114 0.616930603981018 0.689331650733948 0.76761668920517 0.792302012443542 0.768848955631256 0.870901763439178 0.888087451457977 0.873274564743042 0.849612176418304 0.838760554790497 0.849724233150482 0.865153253078461 0.867364168167114 0.855498790740967 0.844122111797333 0.835946619510651 0.79601788520813 0.759262025356293 0.770449876785278 0.711077272891998 0.692837417125702 0.665371060371399 0.729048669338226 0.720561146736145 0.72393798828125 0.743347883224487 0.736246943473816 0.716220796108246 0.715331435203552 0.692732870578766
