data/climate_estimation/maxent_output/Fritillaria_atropurpurea.asc
NCOLS 272 
NROWS 184 
XLLCORNER -124.083333333333 
YLLCORNER 33.5 
CELLSIZE 0.0833333333333334 
NODATA_value -3.4e+38 
[rows 19 to 37 of 184, columns 44 to 87 of 272]
0.76252681016922 0.763475716114044 0.892952978610992 0.468001663684845 0.147127494215965 0.212225317955017 0.23598812520504 0.156087145209312 0.127522304654121 0.0948064476251602 0.0778602063655853 0.0545258410274982 0.0465567335486412 0.0541457980871201 0.0858278945088387 0.148259311914444 0.249628320336342 0.300997287034988 0.38289400935173 0.414034426212311 0.455021023750305 0.478038430213928 0.508251488208771 0.511350452899933 0.544259905815125 0.544648468494415 0.559689223766327 0.566525280475616 0.562068223953247 0.581002712249756 0.621635556221008 0.638415277004242 0.637977123260498 0.644341051578522 0.663594424724579 0.666156709194183 0.691956162452698 0.689456939697266 0.666337430477142 0.65861988067627 0.626634538173676 0.606263518333435 0.650603115558624 0.641879320144653
0.892321705818176 0.900598883628845 0.89177680015564 0.585557758808136 0.189930528402328 0.175217524170876 0.17358210682869 0.159819915890694 0.117979370057583 0.0889042988419533 0.0773516073822975 0.0635645017027855 0.0499686226248741 0.0555895268917084 0.0913320928812027 0.133407711982727 0.162668541073799 0.223144948482513 0.271740943193436 0.355545967817307 0.417543172836304 0.419866055250168 0.463890969753265 0.494416505098343 0.506622850894928 0.510314047336578 0.525114893913269 0.538637638092041 0.555259168148041 0.566882312297821 0.58498752117157 0.576816439628601 0.596913933753967 0.650305449962616 0.684782385826111 0.690625667572021 0.716914415359497 0.72204726934433 0.678716659545898 0.670342206954956 0.684699058532715 0.688807487487793 0.618472635746002 0.644700169563293
0.636440992355347 0.795779049396515 0.872032344341278 0.520765006542206 0.126446202397346 0.182245969772339 0.155636176466942 0.132413044571877 0.115340039134026 0.0932128056883812 0.0795902460813522 0.0733679682016373 0.0631623640656471 0.0757428929209709 0.0930292829871178 0.122207395732403 0.139127567410469 0.183041036128998 0.268052637577057 0.282979607582092 0.343436032533646 0.374366611242294 0.377301782369614 0.416144669055939 0.467816680669785 0.468389213085175 0.478150486946106 0.486766457557678 0.516749858856201 0.496035903692245 0.552914679050446 0.570846021175385 0.610193908214569 0.649400591850281 0.681424081325531 0.717041432857513 0.720342218875885 0.719686210155487 0.693306028842926 0.673177421092987 0.675345301628113 0.701979875564575 0.683304190635681 0.644282042980194
0.510036587715149 0.63517838716507 0.719203770160675 0.529268026351929 0.265625 0.103932112455368 0.176610708236694 0.150544553995132 0.153323709964752 0.131605297327042 0.107325904071331 0.100668206810951 0.104932472109795 0.0908979326486588 0.108203440904617 0.166029050946236 0.205735802650452 0.19780158996582 0.249090477824211 0.274484395980835 0.288692384958267 0.281037211418152 0.292224317789078 0.335743725299835 0.396293073892593 0.395859450101852 0.378988862037659 0.443702787160873 0.476628303527832 0.42821729183197 0.483171492815018 0.518161296844482 0.568206667900085 0.618032813072205 0.659806549549103 0.69130951166153 0.706005156040192 0.69010055065155 0.683141708374023 0.67010635137558 0.663218259811401 0.638503789901733 0.63610315322876 0.65888524055481
0.673264443874359 0.705836355686188 0.815659582614899 0.578944683074951 0.285709708929062 0.0560055747628212 0.0918058007955551 0.0984024479985237 0.0902697592973709 0.079086109995842 0.0702209398150444 0.0727331563830376 0.0684314742684364 0.0701739341020584 0.0892837792634964 0.175333723425865 0.226359024643898 0.261835098266602 0.269562691450119 0.269333213567734 0.268060356378555 0.285039275884628 0.315753430128098 0.324610769748688 0.379872143268585 0.370684713125229 0.363211870193481 0.362818092107773 0.426818996667862 0.370316565036774 0.406153053045273 0.497831016778946 0.551185071468353 0.582137584686279 0.646761059761047 0.690088748931885 0.683088064193726 0.710585594177246 0.713047981262207 0.693070411682129 0.662854135036469 0.675045251846313 0.651999056339264 0.62239134311676
0.621081113815308 0.619418382644653 0.748174905776978 0.61775803565979 0.255484521389008 0.0679597109556198 0.230488538742065 0.274648100137711 0.260699689388275 0.250559866428375 0.191235542297363 0.125271007418633 0.100887447595596 0.119821354746819 0.112072110176086 0.185774147510529 0.251111060380936 0.228248938918114 0.217069998383522 0.17131707072258 0.201663300395012 0.217149958014488 0.236220225691795 0.266279458999634 0.31721368432045 0.265474230051041 0.338437676429749 0.265054225921631 0.308442950248718 0.362621515989304 0.406484335660934 0.472646415233612 0.533962905406952 0.555665194988251 0.583104431629181 0.644158661365509 0.674135327339172 0.703470528125763 0.682272017002106 0.674937069416046 0.643035650253296 0.657981634140015 0.683900117874146 0.646140396595001
0.632395327091217 0.697973132133484 0.752884268760681 0.680467665195465 0.274984419345856 0.03562156483531 0.0442628376185894 0.0640270635485649 0.0578834526240826 0.0467344895005226 0.0395888835191727 0.0502436310052872 0.0766695588827133 0.112006716430187 0.160570591688156 0.14187841117382 0.151620015501976 0.168110191822052 0.134691268205643 0.147234708070755 0.174519494175911 0.19623127579689 0.204821541905403 0.210306763648987 0.210430756211281 0.227953061461449 0.206149131059647 0.316144526004791 0.395835697650909 0.388992995023727 0.353555351495743 0.378332555294037 0.304625540971756 0.294742524623871 0.438814401626587 0.431051641702652 0.653201818466187 0.694192886352539 0.683128476142883 0.650401413440704 0.598259806632996 0.62429803609848 0.579668879508972 0.52474707365036
0.605279564857483 0.731213212013245 0.783559620380402 0.852842509746552 0.828031480312347 0.495048016309738 0.1598060131073 0.071038544178009 0.0423124730587006 0.0401411950588226 0.0467490069568157 0.0371156819164753 0.0695831328630447 0.1275455057621 0.137532234191895 0.0922266319394112 0.121931657195091 0.125232145190239 0.133369505405426 0.151375487446785 0.158829808235168 0.179125860333443 0.1734838783741 0.165306627750397 0.174234107136726 0.157540962100029 0.162567138671875 0.278268128633499 0.215032696723938 0.26823365688324 0.233586952090263 0.170060232281685 0.260057419538498 0.377756029367447 0.513028919696808 0.589952886104584 0.461906015872955 0.656207501888275 0.654303073883057 0.634274542331696 0.634753227233887 0.605768740177155 0.560959100723267 0.490836203098297
0.255891084671021 0.300857335329056 0.500874936580658 0.629063487052917 0.598295986652374 0.506577670574188 0.315453559160233 0.121680207550526 0.0704794675111771 0.0597111321985722 0.0646863058209419 0.0554348900914192 0.0448027588427067 0.0616789236664772 0.0946515202522278 0.141943573951721 0.119278758764267 0.151322811841965 0.179834097623825 0.195614084601402 0.211027443408966 0.188248634338379 0.157230317592621 0.24071016907692 0.241992577910423 0.195121988654137 0.195242583751678 0.153839647769928 0.237775817513466 0.277584940195084 0.29745677113533 0.342318922281265 0.377443671226501 0.439605534076691 0.517598211765289 0.605413317680359 0.638487637042999 0.52087539434433 0.574634969234467 0.623438954353333 0.603886067867279 0.584090769290924 0.581682503223419 0.531270503997803
0.129807785153389 0.145371034741402 0.284683406352997 0.447170794010162 0.587670981884003 0.587011992931366 0.642095029354095 0.525218963623047 0.395178645849228 0.256508082151413 0.076658733189106 0.0604333952069283 0.0601668171584606 0.0450226068496704 0.150144681334496 0.131924673914909 0.107685245573521 0.127382174134254 0.160561591386795 0.173270761966705 0.197268083691597 0.147051513195038 0.201084017753601 0.24873061478138 0.32067745923996 0.372166097164154 0.415288925170898 0.351994127035141 0.326120167970657 0.33492511510849 0.45354375243187 0.520650744438171 0.544423997402191 0.610067188739777 0.666200876235962 0.680839478969574 0.637715399265289 0.558639764785767 0.36786350607872 0.527633011341095 0.513667523860931 0.410149961709976 0.42869159579277 0.277899354696274
0.110012672841549 0.0801593661308289 0.0834448039531708 0.0865705385804176 0.0911228209733963 0.159311667084694 0.390522330999374 0.588358342647552 0.663033127784729 0.65124374628067 0.402558088302612 0.0863229632377625 0.0593412406742573 0.0519782528281212 0.0889643654227257 0.083032414317131 0.0975402966141701 0.122787781059742 0.174379512667656 0.169951573014259 0.140075594186783 0.178412988781929 0.220894873142242 0.232215479016304 0.331126153469086 0.454500555992126 0.518693327903748 0.521803081035614 0.544181048870087 0.553971767425537 0.642759799957275 0.727431237697601 0.683694124221802 0.776613473892212 0.817485094070435 0.745589077472687 0.616048097610474 0.535578310489655 0.404518574476242 0.295975357294083 0.154278039932251 0.233848080039024 0.355868011713028 0.317837715148926
0.198795557022095 0.15435916185379 0.07706368714571 0.0682372152805328 0.0640202239155769 0.0733314529061317 0.160098314285278 0.297333151102066 0.336927115917206 0.292615741491318 0.164770618081093 0.0949031859636307 0.0805918574333191 0.0536508113145828 0.0653770267963409 0.0639728233218193 0.0815932899713516 0.121257491409779 0.142855808138847 0.132782563567162 0.17884549498558 0.207197636365891 0.206675410270691 0.216217428445816 0.219487026333809 0.231833919882774 0.269768357276917 0.357624381780624 0.503259837627411 0.575108706951141 0.724438786506653 0.831554055213928 0.830238521099091 0.820226073265076 0.819641351699829 0.805475234985352 0.738731741905212 0.638345003128052 0.57843804359436 0.497081130743027 0.463948100805283 0.441199541091919 0.562583684921265 0.645586609840393
0.438420653343201 0.335229814052582 0.185743048787117 0.09233408421278 0.0764394998550415 0.0881894677877426 0.125291064381599 0.192961201071739 0.294803529977798 0.39419487118721 0.423805266618729 0.361018359661102 0.207703709602356 0.124026946723461 0.0937376096844673 0.0597549080848694 0.0649022832512856 0.099075935781002 0.142121285200119 0.201063379645348 0.21627151966095 0.193916156888008 0.222614243626595 0.234998792409897 0.200432702898979 0.211664468050003 0.326239377260208 0.482526212930679 0.652560412883759 0.789462924003601 0.796428382396698 0.84713739156723 0.844021677970886 0.808306753635406 0.727004587650299 0.794790983200073 0.788939952850342 0.770792901515961 0.72677618265152 0.723259925842285 0.678640425205231 0.493239760398865 0.759859561920166 0.814502418041229
0.698061943054199 0.546724617481232 0.469365239143372 0.450898855924606 0.441968828439713 0.431795924901962 0.448029786348343 0.403265714645386 0.323756039142609 0.314581990242004 0.373826384544373 0.42067477107048 0.485971242189407 0.461037784814835 0.392579555511475 0.343321591615677 0.167974010109901 0.0947419703006744 0.127102538943291 0.187686547636986 0.203389540314674 0.168170854449272 0.194509938359261 0.164409071207047 0.149231418967247 0.155024543404579 0.300682216882706 0.589894115924835 0.810987949371338 0.846551775932312 0.834704756736755 0.799146354198456 0.760890901088715 0.765585660934448 0.714763998985291 0.692665934562683 0.767091870307922 0.79822164773941 0.808874726295471 0.826233744621277 0.78121429681778 0.516228020191193 0.835630774497986 0.806412935256958
0.865013659000397 0.797871351242065 0.748495817184448 0.709055364131927 0.551810145378113 0.402812719345093 0.27023258805275 0.171777829527855 0.167635604739189 0.208462297916412 0.28041335940361 0.327806115150452 0.362271308898926 0.369932621717453 0.380221605300903 0.431181520223618 0.385354369878769 0.159632533788681 0.239393502473831 0.163956254720688 0.122861854732037 0.11307368427515 0.119904883205891 0.139340549707413 0.131180956959724 0.144338041543961 0.377208769321442 0.70670086145401 0.860211312770844 0.859031856060028 0.783315360546112 0.791321039199829 0.833375692367554 0.815442442893982 0.792686700820923 0.797857701778412 0.70489102602005 0.6329425573349 0.702463984489441 0.615904808044434 0.502090632915497 0.484618693590164 0.816066086292267 0.841312170028687
0.804021954536438 0.745091915130615 0.713028609752655 0.589489877223969 0.402739822864532 0.258048862218857 0.145445510745049 0.101233795285225 0.103811331093311 0.112261019647121 0.119455046951771 0.126002237200737 0.132295235991478 0.146628856658936 0.175602450966835 0.169241413474083 0.177039265632629 0.297898650169373 0.42125990986824 0.487088948488235 0.404236942529678 0.245477184653282 0.186651423573494 0.160775914788246 0.150699332356453 0.237281024456024 0.673989355564117 0.871662020683289 0.856939435005188 0.785268187522888 0.828203678131104 0.815483748912811 0.811463594436646 0.792667090892792 0.770323932170868 0.664499044418335 0.703833401203156 0.811180531978607 0.846927285194397 0.765410363674164 0.745649218559265 0.857538938522339 0.555554628372192 0.729227781295776
0.666121363639832 0.657336950302124 0.564703345298767 0.407506942749023 0.229902312159538 0.142840623855591 0.0993063747882843 0.0855197757482529 0.0720706656575203 0.0704071372747421 0.0901106968522072 0.124514684081078 0.145557373762131 0.119536273181438 0.120661422610283 0.160177811980247 0.220803305506706 0.287994742393494 0.411237627267838 0.48703271150589 0.528190970420837 0.543365776538849 0.528107881546021 0.390305072069168 0.342253744602203 0.560076355934143 0.729191422462463 0.855004608631134 0.875929713249207 0.822996914386749 0.832804441452026 0.802798867225647 0.808445692062378 0.770906984806061 0.74246209859848 0.702348291873932 0.784049689769745 0.826845169067383 0.84541267156601 0.830998718738556 0.852586150169373 0.847854733467102 0.675976693630219 0.569879710674286
0.542560875415802 0.473752617835999 0.336501330137253 0.12535186111927 0.090629979968071 0.0692564025521278 0.0823595225811005 0.0910972207784653 0.0940656140446663 0.109384030103683 0.139781445264816 0.139294162392616 0.139355182647705 0.146631509065628 0.165685623884201 0.174397855997086 0.213125854730606 0.25846791267395 0.344763368368149 0.405149579048157 0.452888309955597 0.41235813498497 0.40632951259613 0.499606311321259 0.682202994823456 0.811309218406677 0.884119987487793 0.87800145149231 0.858637154102325 0.853143274784088 0.82319587469101 0.823145568370819 0.795634210109711 0.791989684104919 0.773434817790985 0.796897113323212 0.810916364192963 0.830776393413544 0.862263023853302 0.870662152767181 0.868531167507172 0.868771195411682 0.846420288085938 0.667724311351776
0.146437108516693 0.119588918983936 0.0858252495527267 0.107920482754707 0.0889895632863045 0.0980010628700256 0.101606003940105 0.11465235054493 0.143709093332291 0.150179475545883 0.181079253554344 0.231466636061668 0.189956873655319 0.176138788461685 0.180114537477493 0.203473553061485 0.214660748839378 0.272375196218491 0.261158853769302 0.270171999931335 0.275205940008163 0.298772364854813 0.359094887971878 0.54236364364624 0.631732702255249 0.780975043773651 0.806965827941895 0.861590087413788 0.830514788627625 0.830507040023804 0.736060917377472 0.777351021766663 0.789918422698975 0.777126789093018 0.78506064414978 0.80326247215271 0.850872159004211 0.84820818901062 0.882538557052612 0.879379868507385 0.892156183719635 0.879401087760925 0.867643177509308 0.59888231754303
