data/climate_estimation/maxent_output/Fritillaria_przewalskii.asc
NCOLS 80 
NROWS 78 
XLLCORNER 97.9166666666667 
YLLCORNER 30 
CELLSIZE 0.0833333333333334 
NODATA_value -3.4e+38 
[rows 20 to 39 of 78, columns 0 to 43 of 80]
0.290107905864716 0.302483409643173 0.311389088630676 0.307138293981552 0.300940483808517 0.287194013595581 0.305399119853973 0.301992416381836 0.295557022094727 0.305467337369919 0.293805211782455 0.237309604883194 0.2302106320858 0.249686360359192 0.236764594912529 0.269366949796677 0.272147089242935 0.303589463233948 0.15159709751606 0.255681335926056 0.412004500627518 0.504652261734009 0.476269125938416 0.506548821926117 0.533240377902985 0.580627679824829 0.565839350223541 0.596303761005402 0.599453210830688 0.67113184928894 0.678640961647034 0.694853246212006 0.659336924552917 0.711633563041687 0.760305047035217 0.797996938228607 0.798943400382996 0.818295955657959 0.857008934020996 0.877030432224274 0.914135277271271 0.931148588657379 0.931888341903687 0.94927579164505
0.326799899339676 0.326799899339676 0.300214201211929 0.291042923927307 0.320226579904556 0.313454121351242 0.29983189702034 0.310833513736725 0.304303646087646 0.326586574316025 0.311533480882645 0.28840035200119 0.284914582967758 0.250756353139877 0.271428525447845 0.262212514877319 0.25666806101799 0.261463314294815 0.252774029970169 0.196731731295586 0.348834574222565 0.446034461259842 0.469554543495178 0.523741900920868 0.393965810537338 0.511795043945312 0.418940842151642 0.583479166030884 0.579252898693085 0.622170686721802 0.633038461208344 0.73647540807724 0.774560213088989 0.792757987976074 0.801287174224854 0.821486711502075 0.857479751110077 0.851743996143341 0.859311640262604 0.866496741771698 0.906478881835938 0.92459511756897 0.939251065254211 0.948362350463867
0.330182760953903 0.331250250339508 0.32729309797287 0.32830548286438 0.304543942213058 0.355267703533173 0.297735989093781 0.301954835653305 0.325324833393097 0.340763330459595 0.353382289409637 0.318370282649994 0.325075268745422 0.269610434770584 0.289788991212845 0.289673328399658 0.266633599996567 0.252321720123291 0.254314005374908 0.300262808799744 0.363712519407272 0.367689937353134 0.355639278888702 0.560185492038727 0.515937566757202 0.546528875827789 0.61374443769455 0.619376599788666 0.571769952774048 0.478656500577927 0.688266515731812 0.758175194263458 0.771298885345459 0.789658606052399 0.80144739151001 0.828547835350037 0.841143012046814 0.860491991043091 0.882008612155914 0.882740557193756 0.918018758296967 0.921650469303131 0.943037509918213 0.956430613994598
0.339948177337646 0.359641522169113 0.336879134178162 0.344779461622238 0.347973108291626 0.335509210824966 0.354602813720703 0.307330310344696 0.297970324754715 0.347606867551804 0.358859866857529 0.365195959806442 0.355509012937546 0.322659611701965 0.345394939184189 0.333631694316864 0.343192458152771 0.31197452545166 0.306810349225998 0.327875077724457 0.368402868509293 0.39124196767807 0.409770011901855 0.397890448570251 0.623237669467926 0.561952233314514 0.480758488178253 0.651683151721954 0.521213829517365 0.650730490684509 0.699284970760345 0.737009525299072 0.756421089172363 0.770448327064514 0.796353936195374 0.853028118610382 0.862453818321228 0.889849841594696 0.890068829059601 0.924367666244507 0.934588611125946 0.941717922687531 0.937361061573029 0.953917860984802
0.318927645683289 0.346887946128845 0.34611302614212 0.312875479459763 0.304594278335571 0.351992070674896 0.356321841478348 0.369165301322937 0.36600336432457 0.406511515378952 0.399280309677124 0.409331679344177 0.393522292375565 0.386820048093796 0.361435353755951 0.407823324203491 0.33593276143074 0.293059676885605 0.289037674665451 0.319028466939926 0.369362682104111 0.39386060833931 0.438054352998734 0.486110210418701 0.447634518146515 0.471616864204407 0.5316122174263 0.701145589351654 0.701641738414764 0.709822118282318 0.697895586490631 0.749808251857758 0.754109680652618 0.819994270801544 0.826284348964691 0.858604311943054 0.891723155975342 0.897897362709045 0.929643988609314 0.930435717105865 0.908657610416412 0.936310768127441 0.949538826942444 0.951042652130127
0.32770362496376 0.320857852697372 0.35979551076889 0.373838186264038 0.336494535207748 0.361172914505005 0.365307241678238 0.386701226234436 0.42316409945488 0.409660845994949 0.420886963605881 0.406754165887833 0.374981969594955 0.448624849319458 0.420971751213074 0.408547580242157 0.399805873632431 0.358776211738586 0.359984993934631 0.345890551805496 0.349336445331573 0.369232773780823 0.405154287815094 0.405851274728775 0.467258274555206 0.508785545825958 0.540144026279449 0.604296803474426 0.688104391098022 0.760619580745697 0.754551291465759 0.561391115188599 0.564192891120911 0.768219530582428 0.836232244968414 0.807758927345276 0.851895570755005 0.876687705516815 0.923443138599396 0.936049938201904 0.927382051944733 0.938565194606781 0.95050311088562 0.950988352298737
0.319431215524673 0.361222863197327 0.392683029174805 0.381504356861115 0.372640758752823 0.371305465698242 0.355244845151901 0.411355286836624 0.416688203811646 0.438383609056473 0.454223364591599 0.400786578655243 0.447284549474716 0.457332611083984 0.472986698150635 0.474261492490768 0.428412020206451 0.419467359781265 0.441612035036087 0.396568179130554 0.379321336746216 0.382467955350876 0.409344166517258 0.450919777154922 0.464409351348877 0.429333865642548 0.448171824216843 0.517628908157349 0.530536532402039 0.569295406341553 0.611143171787262 0.636671245098114 0.612271130084991 0.643670916557312 0.840632915496826 0.872149348258972 0.898092567920685 0.914781630039215 0.918257653713226 0.942926228046417 0.941938042640686 0.947579443454742 0.957224786281586 0.960329473018646
0.368452996015549 0.344271808862686 0.351409554481506 0.38779416680336 0.387892872095108 0.417671889066696 0.397202402353287 0.426139950752258 0.442698955535889 0.442373275756836 0.435805559158325 0.486850470304489 0.446170270442963 0.494955211877823 0.469621241092682 0.461438059806824 0.451236486434937 0.449960172176361 0.460786908864975 0.488147139549255 0.435301214456558 0.426155239343643 0.459755331277847 0.491622686386108 0.539587080478668 0.526005387306213 0.456668883562088 0.522011995315552 0.545655190944672 0.597212970256805 0.650164663791656 0.681927740573883 0.685201525688171 0.689462006092072 0.665179073810577 0.738696157932281 0.878952145576477 0.911783456802368 0.924328744411469 0.933747947216034 0.959328472614288 0.950801074504852 0.967991292476654 0.971131205558777
0.360732078552246 0.381508946418762 0.383818924427032 0.377699464559555 0.40613380074501 0.420872569084167 0.440186470746994 0.399883687496185 0.411144435405731 0.448073774576187 0.436235159635544 0.486259311437607 0.494004458189011 0.545811831951141 0.518246591091156 0.43866103887558 0.482966810464859 0.485533475875854 0.475852161645889 0.542629957199097 0.54322749376297 0.568230986595154 0.528430044651031 0.504565834999084 0.493810087442398 0.506769895553589 0.550078868865967 0.585817992687225 0.592515408992767 0.634177565574646 0.625955164432526 0.645786225795746 0.70210999250412 0.708710968494415 0.735624194145203 0.749701261520386 0.763047814369202 0.712835431098938 0.756924092769623 0.80678403377533 0.815392971038818 0.815674304962158 0.951872766017914 0.975666642189026
0.38792821764946 0.370570629835129 0.399356096982956 0.432030022144318 0.45680570602417 0.453113794326782 0.435186773538589 0.425445854663849 0.411992877721786 0.433883756399155 0.48895999789238 0.494039982557297 0.502746820449829 0.534915566444397 0.515832543373108 0.478237509727478 0.473447471857071 0.516849100589752 0.570405721664429 0.5526202917099 0.586339294910431 0.582687795162201 0.582799553871155 0.601020276546478 0.540387630462646 0.559772133827209 0.547150909900665 0.554482460021973 0.620128512382507 0.643624484539032 0.652282059192657 0.715911388397217 0.73579728603363 0.735149800777435 0.794221520423889 0.751953780651093 0.757372081279755 0.824409067630768 0.81977504491806 0.780123353004456 0.822942137718201 0.856652140617371 0.864111483097076 0.873271107673645
0.36806383728981 0.381205797195435 0.408693194389343 0.427150905132294 0.424049764871597 0.453290462493896 0.444573670625687 0.482691794633865 0.431808412075043 0.482520192861557 0.481413751840591 0.529574990272522 0.520910620689392 0.550960898399353 0.55977076292038 0.536237120628357 0.500799059867859 0.517763078212738 0.589246988296509 0.592136919498444 0.589831233024597 0.603936672210693 0.618786752223969 0.622304379940033 0.647322535514832 0.594025790691376 0.570569217205048 0.633632957935333 0.645112037658691 0.640255570411682 0.68011075258255 0.671564698219299 0.73488062620163 0.772646069526672 0.794268548488617 0.760935962200165 0.76428234577179 0.792236804962158 0.815924823284149 0.839567363262177 0.8653444647789 0.852776527404785 0.87702465057373 0.902600526809692
0.404276549816132 0.413397401571274 0.44585645198822 0.471741259098053 0.447335958480835 0.438078284263611 0.451330602169037 0.503007650375366 0.449873924255371 0.462082982063293 0.495962738990784 0.52050369977951 0.561567962169647 0.481238216161728 0.573152363300323 0.602649629116058 0.499908179044724 0.582278668880463 0.6138556599617 0.615180552005768 0.662605762481689 0.61768651008606 0.629903554916382 0.612293183803558 0.635680556297302 0.675720274448395 0.658589959144592 0.671253025531769 0.610385775566101 0.634557783603668 0.664195597171783 0.749942600727081 0.805050253868103 0.780628144741058 0.828440129756927 0.799823403358459 0.83117687702179 0.849397480487823 0.864702463150024 0.867704927921295 0.886083126068115 0.851693093776703 0.903222441673279 0.976437211036682
0.456394672393799 0.437514960765839 0.450199156999588 0.507348775863647 0.486996829509735 0.490792781114578 0.463929563760757 0.465678602457047 0.47796368598938 0.479140371084213 0.509420573711395 0.570765256881714 0.587906837463379 0.542441487312317 0.549836039543152 0.620485067367554 0.575201451778412 0.629593908786774 0.667596817016602 0.681023120880127 0.674087166786194 0.70527571439743 0.691687166690826 0.670115411281586 0.630093038082123 0.678497433662415 0.686932921409607 0.716778695583344 0.732329368591309 0.734103083610535 0.749741733074188 0.764172673225403 0.787158250808716 0.765183806419373 0.812717914581299 0.852137386798859 0.820395052433014 0.854982197284698 0.866147220134735 0.880879878997803 0.889428079128265 0.89270144701004 0.891108632087708 0.922000288963318
0.521272659301758 0.492767721414566 0.502195656299591 0.517449021339417 0.520620048046112 0.495554119348526 0.499324589967728 0.448034256696701 0.479900151491165 0.512302756309509 0.493758201599121 0.575972139835358 0.601650655269623 0.591907620429993 0.595318555831909 0.619971454143524 0.66594672203064 0.657120168209076 0.677092492580414 0.667628645896912 0.658313572406769 0.682040810585022 0.62325781583786 0.660728335380554 0.715986728668213 0.737276196479797 0.715688943862915 0.728293836116791 0.775232076644897 0.769493043422699 0.767342984676361 0.772298514842987 0.814537525177002 0.763412594795227 0.762948095798492 0.821666598320007 0.859229803085327 0.872269213199615 0.884754836559296 0.899029135704041 0.921562671661377 0.916366636753082 0.921116530895233 0.926530599594116
0.696308195590973 0.547266960144043 0.527216732501984 0.488232642412186 0.516028523445129 0.53301477432251 0.482370018959045 0.502910971641541 0.495733112096786 0.517319440841675 0.527381658554077 0.57919317483902 0.597723305225372 0.583101689815521 0.582268178462982 0.625421941280365 0.623009622097015 0.642456829547882 0.681552290916443 0.664584815502167 0.63732635974884 0.681991159915924 0.672240495681763 0.686549484729767 0.713773667812347 0.770952522754669 0.758617043495178 0.774149656295776 0.783746302127838 0.730099678039551 0.743247807025909 0.779664218425751 0.813327729701996 0.770662546157837 0.802067518234253 0.831503033638 0.863131284713745 0.884051859378815 0.884769797325134 0.897418320178986 0.907217621803284 0.932452857494354 0.921211004257202 0.941417992115021
0.738857567310333 0.730521440505981 0.540546357631683 0.503026783466339 0.534486413002014 0.568396210670471 0.539785981178284 0.532248497009277 0.489939481019974 0.514981865882874 0.541657745838165 0.592176675796509 0.563157677650452 0.537972867488861 0.545882225036621 0.586878836154938 0.597648978233337 0.607728660106659 0.65045440196991 0.697547078132629 0.676289856433868 0.676478087902069 0.706178486347198 0.734447181224823 0.745703518390656 0.738503634929657 0.761451780796051 0.787330269813538 0.748389780521393 0.765634894371033 0.723025500774384 0.701562762260437 0.776824831962585 0.79127037525177 0.820512533187866 0.85278707742691 0.879796385765076 0.880301535129547 0.885663747787476 0.906680107116699 0.922500014305115 0.904616117477417 0.930704593658447 0.946080148220062
0.740235686302185 0.772296905517578 0.623326480388641 0.543351709842682 0.536156356334686 0.541698157787323 0.566527128219604 0.606269121170044 0.555673599243164 0.54514741897583 0.557055950164795 0.567256808280945 0.580460846424103 0.531654357910156 0.585166454315186 0.57902592420578 0.628818809986115 0.66729074716568 0.708781957626343 0.677970468997955 0.686204254627228 0.71067613363266 0.745871841907501 0.722121953964233 0.745539247989655 0.741369426250458 0.75747674703598 0.759299516677856 0.748613834381104 0.771644771099091 0.789248466491699 0.792046070098877 0.813386142253876 0.649907290935516 0.821470737457275 0.860621392726898 0.889720261096954 0.881840169429779 0.911842286586761 0.895766079425812 0.918552279472351 0.92238187789917 0.94533097743988 0.93849903345108
0.603997111320496 0.809119045734406 0.795637845993042 0.634682714939117 0.606626033782959 0.57528680562973 0.587442576885223 0.635464787483215 0.627960443496704 0.553988397121429 0.530808627605438 0.569747149944305 0.56911963224411 0.570169985294342 0.551682114601135 0.578239381313324 0.641146242618561 0.665915012359619 0.721613824367523 0.72515070438385 0.690003871917725 0.703998744487762 0.719609320163727 0.756744503974915 0.753381967544556 0.752289116382599 0.763599753379822 0.786726355552673 0.626524031162262 0.57031261920929 0.819657444953918 0.836692988872528 0.832758963108063 0.691427707672119 0.703368961811066 0.735760152339935 0.879742622375488 0.87923789024353 0.897802472114563 0.884004950523376 0.9226154088974 0.936193823814392 0.948606967926025 0.945702850818634
0.791495740413666 0.812496364116669 0.655174553394318 0.684212267398834 0.686951339244843 0.666955530643463 0.625406324863434 0.676243901252747 0.59695291519165 0.533914625644684 0.551909267902374 0.546530783176422 0.575891375541687 0.57026219367981 0.60837310552597 0.639303207397461 0.670892298221588 0.683303773403168 0.68024355173111 0.712146878242493 0.762138843536377 0.739326775074005 0.581048250198364 0.580791532993317 0.600473344326019 0.627325534820557 0.632600545883179 0.640765249729156 0.662561416625977 0.657120764255524 0.703938186168671 0.845302581787109 0.872704029083252 0.875622093677521 0.873450994491577 0.759788990020752 0.735527634620667 0.746549069881439 0.76633620262146 0.794729948043823 0.824711322784424 0.939845561981201 0.94681304693222 0.956727981567383
0.816493272781372 0.846436321735382 0.828227162361145 0.685357630252838 0.652861773967743 0.66651451587677 0.658944666385651 0.694654822349548 0.625836312770844 0.596416413784027 0.60004061460495 0.605428278446198 0.677647590637207 0.678541541099548 0.659836053848267 0.678878247737885 0.68142569065094 0.7471923828125 0.727176070213318 0.711093068122864 0.730015277862549 0.7624351978302 0.58387553691864 0.602274954319 0.597602188587189 0.628789007663727 0.609366476535797 0.670140206813812 0.690765738487244 0.68007493019104 0.705047190189362 0.716960847377777 0.870878458023071 0.884199678897858 0.761864423751831 0.785723865032196 0.755103170871735 0.754044115543365 0.773169994354248 0.799099206924438 0.821980893611908 0.826445579528809 0.94763457775116 0.956212341785431
