data/climate_estimation/maxent_output/Fritillaria_pontica.asc
NCOLS 151 
NROWS 42 
XLLCORNER 19.3333333333333 
YLLCORNER 38.9166666666667 
CELLSIZE 0.0833333333333333 
NODATA_value -3.4e+38 
[rows 0 to 20 of 42, columns 0 to 46 of 151]
0.876137077808380 0.93048632144928 0.69172340631485 0.607367515563965 0.510426461696625 0.696905195713043 0.466763466596603 0.440786600112915 0.881329834461212 0.870494604110718 0.887216210365295 0.842882752418518 0.808505892753601 0.775585949420929 0.777746021747589 0.765791893005371 0.779126822948456 0.759046852588654 0.773002743721008 0.781130492687225 0.758722484111786 0.671816229820251 0.666614532470703 0.667695045471191 0.647617697715759 0.654934406280518 0.724677324295044 0.721451282501221 0.610111057758331 0.69000244140625 0.655536711215973 0.722100079059601 0.793211817741394 0.841757476329803 0.81145441532135 0.755457758903503 0.794491469860077 0.829210340976715 0.411060154438019 0.000458552472991869 0.000392168905818835 0.437289506196976 0.455394953489304 0.391785204410553 0.000449678365839645 0.000448264618171379 0.446914613246918
0.794324636459351 0.890791773796082 0.898697674274445 0.641683280467987 0.770794153213501 0.907259702682495 0.785185813903809 0.915772676467896 0.89850640296936 0.890685141086578 0.890627562999725 0.877460777759552 0.863282084465027 0.859536945819855 0.786864519119263 0.779639542102814 0.745308756828308 0.772295773029327 0.83270126581192 0.774683773517609 0.805115342140198 0.759528338909149 0.6784827709198 0.704982757568359 0.69794225692749 0.77753871679306 0.775793671607971 0.712067067623138 0.586254358291626 0.648355185985565 0.651048362255096 0.797465205192566 0.852943241596222 0.840635597705841 0.783980965614319 0.838983952999115 0.835098564624786 0.848823189735413 0.866422235965729 0.369329810142517 0.000322335836244747 0.000288510258542374 0.000349815876688808 0.00036039188853465 0.00031088778632693 0.000304044166114181 0.000397264928324148
0.903145670890808 0.910653412342072 0.957515478134155 0.842049479484558 0.93408876657486 0.922057211399078 0.937892615795135 0.912631034851074 0.890436947345734 0.905308663845062 0.879376947879791 0.875309407711029 0.844771862030029 0.885333776473999 0.876302301883698 0.812852323055267 0.774674713611603 0.858838617801666 0.647914528846741 0.744865000247955 0.658662855625153 0.577018678188324 0.771535396575928 0.734230041503906 0.81793886423111 0.820661842823029 0.776438593864441 0.652355790138245 0.524685978889465 0.577240824699402 0.000137928815092891 0.690195858478546 0.770548641681671 0.734368681907654 0.784536778926849 0.801222145557404 0.857774138450623 0.819875180721283 0.326672971248627 0.363722085952759 0.39577305316925 0.000364829582395032 0.000316538149490952 0.329318255186081 0.000276358681730926 0.383049428462982 0.297071427106857
0.946676909923553 0.951655328273773 0.959444880485535 0.975257098674774 0.904086172580719 0.915854215621948 0.94512665271759 0.885692775249481 0.869287967681885 0.874989032745361 0.901988983154297 0.89085465669632 0.892884433269501 0.876741409301758 0.888638019561768 0.863699495792389 0.854901671409607 0.626962065696716 0.557227730751038 0.352310329675674 0.661478757858276 0.741028726100922 0.70698481798172 0.688547492027283 0.752676069736481 0.784994423389435 0.812762439250946 0.544207990169525 0.499595403671265 0.46376958489418 0.000105560327938292 0.000159555929712951 0.660823166370392 0.681288421154022 0.83037668466568 0.839809656143188 0.777881681919098 0.710399985313416 0.352546721696854 0.408287048339844 0.43441778421402 0.367224663496017 0.359494835138321 0.329476594924927 0.000217281209188513 0.339062452316284 0.468097984790802
0.961607992649078 0.968318819999695 0.969535946846008 0.973563313484192 0.96816098690033 0.953676104545593 0.942354440689087 0.929535865783691 0.942760288715363 0.875271260738373 0.887294054031372 0.893567383289337 0.883240520954132 0.895854234695435 0.814712524414062 0.834698140621185 0.458064138889313 0.311849981546402 0.538480579853058 0.825222492218018 0.77066308259964 0.671127498149872 0.747224152088165 0.612024307250977 0.466861248016357 0.458216577768326 0.571383118629456 0.495278865098953 0.466559857130051 0.522812485694885 0.549035429954529 0.647525906562805 0.664503812789917 0.720120429992676 0.791316032409668 0.841249287128448 0.827090561389923 0.849907994270325 0.82091748714447 0.812196612358093 0.362957388162613 0.371867120265961 0.412549257278442 0.329203814268112 0.226722046732903 0.293473452329636 0.42187625169754
0.954686880111694 0.955434858798981 0.970205247402191 0.967757403850555 0.969616413116455 0.96596884727478 0.87769490480423 0.842611193656921 0.931560218334198 0.822965204715729 0.852906823158264 0.767580389976501 0.929056763648987 0.566726207733154 0.581741690635681 0.493600189685822 0.349866718053818 0.217262029647827 0.64881420135498 0.78091037273407 0.793762683868408 0.746250808238983 0.737414002418518 0.689973771572113 0.644269645214081 0.449715405702591 0.388018578290939 0.37957575917244 0.428057610988617 0.557746171951294 0.526494562625885 0.545827567577362 0.647525906562805 0.000180019473191351 0.000181469295057468 0.700828373432159 0.725369572639465 0.705548048019409 0.72137975692749 0.738724946975708 0.331717699766159 0.299896240234375 0.407371193170547 0.312220603227615 0.249907895922661 0.254941433668137 0.368093252182007
0.946693539619446 0.956166505813599 0.969746649265289 0.96278977394104 0.967511415481567 0.968040645122528 0.962900578975677 0.972024619579315 0.956062614917755 0.814000844955444 0.771648228168488 0.89444762468338 0.912875652313232 0.65657639503479 0.356265991926193 0.384795159101486 0.262250870466232 0.450285643339157 0.861527323722839 0.800484359264374 0.821495711803436 0.811106145381927 0.757138252258301 0.786775231361389 0.731419146060944 0.686683118343353 0.610487639904022 0.419591307640076 0.481263369321823 0.58223432302475 0.523962914943695 0.454416394233704 0.000102893245639279 0.000151751679368317 0.000111909706902225 9.83840654953383e-05 0.00011404183896957 0.583074927330017 0.647771656513214 0.718548893928528 0.864980220794678 0.809573352336884 0.375781029462814 0.385177284479141 0.31733238697052 0.201837480068207 0.361656367778778
-3.4e+38 -3.4e+38 0.964242160320282 0.954118728637695 0.951766967773438 0.965516149997711 0.967868566513062 0.957772552967072 0.92561411857605 0.682117462158203 0.633445858955383 0.839257061481476 0.942051768302917 0.661385893821716 0.239061519503593 0.445568531751633 0.368016004562378 0.560730040073395 0.85886424779892 0.865572571754456 0.647309064865112 0.823513329029083 0.781166553497314 0.631369233131409 0.631881535053253 0.797936260700226 0.776329755783081 0.610392928123474 0.45226114988327 0.452633917331696 0.437659651041031 0.406370729207993 8.27837866381742e-05 8.03925431682728e-05 8.29067066661082e-05 0.000143187455250882 0.782205402851105 0.86356782913208 0.844059705734253 0.864634096622467 0.822856366634369 0.365988940000534 0.377932220697403 0.4095778465271 0.464351236820221 0.315490990877151 0.306109428405762
-3.4e+38 -3.4e+38 0.935216963291168 0.943956911563873 0.949703514575958 0.947625517845154 0.94419938325882 0.956177771091461 0.939176976680756 0.659221172332764 0.542784094810486 0.900176107883453 0.949340462684631 0.747807264328003 0.459367632865906 0.680780172348022 0.584651410579681 0.680379807949066 0.851185619831085 0.875381350517273 0.663356304168701 0.809916436672211 0.778680384159088 0.800081610679626 0.360419392585754 0.691132962703705 0.806177735328674 0.6064532995224 0.455964475870132 0.411912858486176 0.463936030864716 0.432476907968521 7.69547841628082e-05 7.68525060266256e-05 0.000118166281026788 0.66154420375824 0.741934478282928 0.777727544307709 0.828030705451965 0.863745868206024 0.854007124900818 0.822285890579224 0.842932999134064 0.425629079341888 0.442290425300598 0.715215802192688 0.21185939013958
-3.4e+38 -3.4e+38 0.913061738014221 0.914076745510101 0.943778693675995 0.893927991390228 0.91168612241745 0.952173471450806 0.951317965984344 0.87276166677475 0.685401976108551 0.758435547351837 0.907575964927673 0.877996623516083 0.507198631763458 0.663618445396423 0.446857094764709 0.434612661600113 0.727832674980164 0.850075840950012 0.769114553928375 0.756415843963623 0.740125119686127 0.774097144603729 0.622696161270142 0.777417063713074 0.77388209104538 0.57867044210434 0.445569336414337 0.539200901985168 0.40826690196991 0.375751972198486 0.425432711839676 0.486996114253998 0.517475724220276 0.54480654001236 0.601017951965332 0.524015069007874 0.583691895008087 0.785882174968719 0.793349266052246 0.859839022159576 0.866127371788025 0.439535737037659 0.391331672668457 0.739522933959961 0.558953106403351
-3.4e+38 0.912595987319946 0.909020125865936 0.909575164318085 0.913512587547302 0.884721457958221 0.766326248645782 0.835537970066071 0.931617498397827 0.895099103450775 0.555293262004852 0.732811748981476 0.840763688087463 0.920898795127869 0.795955002307892 0.73183411359787 0.618591666221619 0.443387657403946 0.685385763645172 0.87129133939743 0.870830416679382 0.710529148578644 0.770312249660492 0.817339539527893 0.795056998729706 0.752409815788269 0.674291491508484 0.578987717628479 0.504339754581451 0.665728390216827 0.490640312433243 0.359260708093643 0.37590280175209 0.381421267986298 0.50606781244278 0.645321369171143 0.547436594963074 0.655806124210358 0.577154815196991 0.491370111703873 0.662577569484711 0.837795853614807 0.884852051734924 0.883185684680939 0.854624032974243 0.825299084186554 0.62846577167511
-339999999999999996123846586046231871488.000000000000000 0.869819462299347 0.878873646259308 0.89029461145401 0.879078984260559 0.897232115268707 0.873606979846954 0.807913541793823 0.779650688171387 0.859691977500916 0.712619364261627 0.530537545681 0.780163109302521 0.839921653270721 0.849918186664581 0.535439968109131 0.474441230297089 0.747266709804535 0.79598343372345 0.875282168388367 0.873244285583496 0.867036402225494 0.777966201305389 0.748282670974731 0.721221029758453 0.672918915748596 0.734865009784698 0.734243869781494 0.703852891921997 0.575126707553864 0.451882123947144 0.392922729253769 0.40616637468338 0.38618728518486 0.406403511762619 0.620255589485168 0.627952873706818 0.632876396179199 0.641842007637024 0.457670778036118 0.463708430528641 0.493139088153839 0.737549066543579 0.818257033824921 0.82530689239502 0.760999917984009 0.53138393163681
-3.4e+38 0.843864738941193 0.845152854919434 0.837411880493164 0.865691304206848 0.85467529296875 0.866254031658173 0.826664805412292 0.596801817417145 0.605239272117615 0.654000580310822 0.588731348514557 0.687262773513794 0.641865074634552 0.646531283855438 0.716985523700714 0.543517529964447 0.73725038766861 0.718749403953552 0.739500820636749 0.801191568374634 0.702765166759491 0.751766502857208 0.74666827917099 0.676021158695221 0.660812497138977 0.68729841709137 0.750420928001404 0.727762579917908 0.625888884067535 0.6862433552742 0.473895072937012 0.578913390636444 0.607741832733154 0.443224787712097 0.504098355770111 0.47227880358696 0.45231881737709 0.609105885028839 0.608532607555389 0.672794342041016 0.724515974521637 0.768923401832581 0.77788519859314 0.747007191181183 0.71302342414856 0.798548102378845
-3.4e+38 0.830299615859985 0.852980971336365 0.852084994316101 0.837015628814697 0.842178344726562 0.849974930286407 0.849901914596558 0.79721337556839 0.682370185852051 0.770056128501892 0.832760989665985 0.672190368175507 0.579955518245697 0.515894949436188 0.773998260498047 0.694418251514435 0.756721377372742 0.766686499118805 0.646190106868744 0.772336363792419 0.869451761245728 0.770777702331543 0.779971599578857 0.686725497245789 0.639340698719025 0.666142404079437 0.778948783874512 0.73037850856781 0.681411564350128 0.616096794605255 0.596384942531586 0.683530926704407 0.618862271308899 0.662659585475922 0.706307888031006 0.560400307178497 0.386511981487274 0.423008471727371 0.484968543052673 0.626253247261047 0.667997539043427 0.670666038990021 0.694259881973267 0.816974937915802 0.854790329933167 0.84910374879837
-3.4e+38 0.798006236553192 0.83592289686203 0.835352838039398 0.828123867511749 0.835406601428986 0.828452348709106 0.830490171909332 0.806427836418152 0.780665516853333 0.818443834781647 0.879349887371063 0.781924247741699 0.479206472635269 0.525229930877686 0.785556674003601 0.802155196666718 0.763689994812012 0.748976588249207 0.668012201786041 0.579732596874237 0.801847636699677 0.768126666545868 0.798731088638306 0.685647010803223 0.642944514751434 0.659801602363586 0.721035063266754 0.568152785301208 0.658661186695099 0.756391882896423 0.672138094902039 0.710494041442871 0.80355429649353 0.800630211830139 0.786517858505249 0.557186484336853 0.409403055906296 0.417754471302032 0.447879523038864 0.476018041372299 0.458952695131302 0.615470468997955 0.618242561817169 0.551113665103912 0.489813417196274 0.496186882257462
-3.4e+38 0.817837715148926 0.802859246730804 0.819610714912415 0.818504333496094 0.821447670459747 0.825844824314117 0.854446291923523 0.856449007987976 0.873532295227051 0.845398783683777 0.709462881088257 0.782098710536957 0.7619509100914 0.678222477436066 0.73711222410202 0.798474669456482 0.784320294857025 0.655798494815826 0.71314811706543 0.770820796489716 0.807208716869354 0.847856342792511 0.733405649662018 0.66917896270752 0.630316257476807 0.67869508266449 0.672237753868103 0.592675089836121 0.699893593788147 0.796568870544434 0.764912962913513 0.798840582370758 0.772785902023315 0.796500742435455 0.704503118991852 0.604483246803284 0.420891672372818 0.38618728518486 0.441299468278885 0.483888685703278 0.472305148839951 0.552922308444977 0.625477433204651 0.700533211231232 0.803802967071533 0.599266588687897
-3.4e+38 0.765579164028168 0.794500172138214 0.810240268707275 0.799640238285065 0.814351737499237 0.831412494182587 0.830493688583374 0.813722908496857 0.849100053310394 0.71747225522995 0.639498651027679 0.57702225446701 0.788920819759369 0.807741761207581 0.754559457302094 0.785103023052216 0.76959240436554 0.585866153240204 0.767261266708374 0.809952259063721 0.653213202953339 0.675418615341187 0.753733277320862 0.645466387271881 0.636743009090424 0.675867557525635 0.741054356098175 0.698129534721375 0.777620673179626 0.753501296043396 0.756393253803253 0.538400053977966 0.485018730163574 0.595058739185333 0.784466445446014 0.694225370883942 0.46895956993103 0.421965569257736 0.404808789491653 0.441924661397934 0.471811205148697 0.542023658752441 0.588359892368317 0.70154881477356 0.794132351875305 0.710935354232788
-3.4e+38 0.78838062286377 0.793902516365051 0.807484984397888 0.797291040420532 0.808889925479889 0.797150671482086 0.813308417797089 0.814536571502686 0.829636573791504 0.818017184734344 0.759927451610565 0.609457612037659 0.733780026435852 0.756286382675171 0.713643074035645 0.783340990543365 0.72708934545517 0.635494291782379 0.795954525470734 0.817117810249329 0.621340155601501 0.455166578292847 0.69280207157135 0.663259029388428 0.642303884029388 0.607812106609344 0.661632716655731 0.790827751159668 0.543927848339081 0.709301352500916 0.464242428541183 0.350371986627579 0.372421383857727 0.608832001686096 0.775751352310181 0.70811003446579 0.43778184056282 0.399636745452881 0.407611787319183 0.454955577850342 0.488353401422501 0.528035402297974 0.593441009521484 0.693385720252991 0.800920069217682 0.796612858772278
0.791653096675873 0.79458075761795 0.786383748054504 0.795243144035339 0.784297347068787 0.802815318107605 0.773693799972534 0.790484845638275 0.805652678012848 0.810768663883209 0.829791486263275 0.729495108127594 0.619622886180878 0.611066281795502 0.662873566150665 0.671406805515289 0.777191936969757 0.673857748508453 0.600909650325775 0.785470366477966 0.80132782459259 0.804277181625366 0.518350005149841 0.664981067180634 0.686738967895508 0.626469075679779 0.623598337173462 0.694561302661896 0.771964013576508 0.738913178443909 0.792541563510895 0.609116911888123 0.433192819356918 0.386505395174026 0.400422096252441 0.582742989063263 0.466870009899139 0.426158308982849 0.394379585981369 0.381935954093933 0.416264086961746 0.459034770727158 0.495461076498032 0.579966425895691 0.677395164966583 0.754527688026428 0.833266019821167
0.756160318851471 0.762678802013397 0.748829662799835 0.74534684419632 0.768401801586151 0.788838028907776 0.765398323535919 0.770102322101593 0.804591476917267 0.788074254989624 0.835349202156067 0.804157257080078 0.686530768871307 0.439884096384048 0.646855056285858 0.676380813121796 0.728837609291077 0.755642890930176 0.625108540058136 0.765163123607635 0.764161169528961 0.819432377815247 0.570671856403351 0.648977160453796 0.735280275344849 0.645336806774139 0.650373041629791 0.69800865650177 0.742237329483032 0.549144446849823 0.532131612300873 0.575336933135986 0.42933851480484 0.330006003379822 0.332294285297394 0.321150630712509 0.34526053071022 0.356659054756165 0.396685570478439 0.397968381643295 0.460545271635056 0.489187568426132 0.561036705970764 0.573954582214355 0.585127711296082 0.664149463176727 0.764623641967773
0.72832989692688 0.738591432571411 0.757850289344788 0.767576694488525 0.761165857315063 0.786005139350891 0.810830593109131 0.780478060245514 0.785448729991913 0.685070216655731 0.797842442989349 0.718997657299042 0.762698590755463 0.721911787986755 0.715095102787018 0.700782418251038 0.748207867145538 0.770728766918182 0.74650239944458 0.732381939888 0.741916060447693 0.754878222942352 0.76603764295578 0.662300229072571 0.707418322563171 0.721004486083984 0.695438325405121 0.650726079940796 0.563582897186279 0.536536931991577 0.659242570400238 0.73132586479187 0.43282413482666 0.318923443555832 0.323089778423309 0.308397114276886 0.320159614086151 0.338597238063812 0.362607359886169 0.395385324954987 0.423759788274765 0.462303102016449 0.513746619224548 0.602161765098572 0.608328700065613 0.607122361660004 0.6583291888237
