data/climate_estimation/maxent_output/Fritillaria_eastwoodiae.asc
NCOLS 48 
NROWS 69 
XLLCORNER -122.916666666667 
YLLCORNER 36.8333333333333 
CELLSIZE 0.0833333333333333 
NODATA_value -3.4e+38 
[rows 0 to 18 of 69, columns 0 to 42 of 48]
0.055046558380127 0.0537764132022858 0.113598130643368 0.153420776128769 0.181203961372375 0.186556532979012 0.210982248187065 0.118339829146862 0.0934021323919296 0.0944737568497658 0.033570796251297 0.022942665964365 0.0151793509721756 0.0110123418271542 0.00720330234616995 0.00628395332023501 0.005144027993083 0.00487145688384771 0.00462283287197351 0.00390915991738439 0.00348004791885614 0.0035302210599184 0.00293296808376908 0.00283669796772301 0.00276846042834222 0.00251560425385833 0.00214378442615271 0.0017923207487911 0.00174313655588776 0.00153346126899123 0.00146262277849019 0.0013859971659258 0.0010702604195103 0.00116257800254971 0.000888520444277674 0.000959549623075873 0.00101684150286019 0.00108830363024026 0.000847444054670632 0.000945480307564139 0.00109031796455383 0.00106079783290625 0.00101035088300705
0.0336145870387554 0.0359826497733593 0.0414650291204453 0.0600245669484138 0.173921033740044 0.191326677799225 0.187611445784569 0.0872733145952225 0.106515787541866 0.0682521983981133 0.0333283096551895 0.0167707465589046 0.01265056617558 0.0135207017883658 0.0127161778509617 0.00582305900752544 0.00515286577865481 0.00432147458195686 0.00433902535587549 0.00366640463471413 0.0038965146522969 0.00413582706823945 0.00313340499997139 0.0028989517595619 0.00285418750718236 0.00279802060686052 0.00236665504053235 0.00202853395603597 0.00212581944651902 0.00155515735968947 0.00152669020462781 0.00160941539797932 0.00130322796758264 0.00120943551883101 0.00119443528819829 0.00118469342123717 0.00131715380121022 0.000902722124010324 0.000729534891434014 0.000832893478218466 0.000929933041334152 0.00101137685123831 0.00121428957208991
0.0250737182796001 0.0358171164989471 0.0460221953690052 0.0641248747706413 0.0958683416247368 0.158641755580902 0.184113636612892 0.125378370285034 0.0908939763903618 0.0649462938308716 0.0316347144544125 0.0153478961437941 0.0108846928924322 0.00675405701622367 0.00793166272342205 0.00576819851994514 0.00507932342588902 0.00450141495093703 0.00422372575849295 0.0035805341321975 0.00337363663129508 0.0038022012449801 0.0036680344492197 0.0033299527131021 0.00279888371005654 0.00279523339122534 0.00229541212320328 0.00249272189103067 0.00207246001809835 0.00192859605886042 0.002011758973822 0.00202220166102052 0.00132753059733659 0.00120095408055931 0.00131304340902716 0.00113936990965158 0.00141319422982633 0.00100959662813693 0.0010016318410635 0.000919620099011809 0.000911125913262367 0.00104672613088042 0.000853011966682971
0.0294980108737946 0.0246939975768328 0.0885637924075127 0.141816377639771 0.168421030044556 0.176555469632149 0.163731202483177 0.0950024873018265 0.0585870407521725 0.0378985553979874 0.0244667455554008 0.0113515127450228 0.0096983015537262 0.0063244579359889 0.00546473218128085 0.00492314388975501 0.00452213315293193 0.0038468271959573 0.00440532714128494 0.00390176801010966 0.00371645553968847 0.00374615052714944 0.0035337801091373 0.0034347225446254 0.00312357419170439 0.00291411858052015 0.00283171748742461 0.00262047466821969 0.00264240149408579 0.00258684414438903 0.0021880678832531 0.00200598756782711 0.00165111012756824 0.00142520689405501 0.00149460881948471 0.00117138761561364 0.00138837797567248 0.00147389096673578 0.00105928548146039 0.000974184775259346 0.000908238289412111 0.00102514284662902 0.000865194480866194
0.0805028453469276 0.0333888195455074 0.0228334981948137 0.0404906831681728 0.126933827996254 0.113168299198151 0.132523119449615 0.0615145787596703 0.037696223706007 0.0233396794646978 0.0158399678766727 0.00955295749008656 0.00731387035921216 0.00580724235624075 0.0055691753514111 0.00386838940903544 0.0040391362272203 0.00402602134272456 0.00354990432970226 0.00366597180254757 0.00367521331645548 0.0031486782245338 0.00296135223470628 0.00318720121867955 0.00334272184409201 0.00330947386100888 0.00321718724444509 0.00300056952983141 0.00295901042409241 0.00285347178578377 0.00299529661424458 0.00209086551330984 0.00168967165518552 0.00176619680132717 0.00140935380477458 0.00151782296597958 0.00139988248702139 0.00151234015356749 0.00131858105305582 0.00104560679756105 0.00105739419814199 0.000978664844296873 0.000836048799101263
0.0740807726979256 0.0877167135477066 0.101482577621937 0.0465198829770088 0.0469101592898369 0.0851647704839706 0.0459812954068184 0.0340234339237213 0.0236792340874672 0.0143284443765879 0.0119401216506958 0.00740750459954143 0.00719690369442105 0.00586158642545342 0.00534838298335671 0.0035727818030864 0.00414894334971905 0.00368814030662179 0.0030587101355195 0.00385512062348425 0.00318140676245093 0.0032849027775228 0.00330787082202733 0.0035270438529551 0.00309313088655472 0.00296796089969575 0.00348921958357096 0.00312658376060426 0.00322804786264896 0.0029628633055836 0.00277371285483241 0.00229454878717661 0.00185683451127261 0.00175407307688147 0.00166436121799052 0.00161454081535339 0.00205660029314458 0.00184800021816045 0.00112201715819538 0.0010659119579941 0.00107307615689933 0.00107212411239743 0.000845225062221289
0.070065513253212 0.0767191797494888 0.0944801196455956 0.0538958199322224 0.0628056526184082 0.0473747476935387 0.0280460827052593 0.0248170997947454 0.0169111993163824 0.0123462807387114 0.00784576963633299 0.00542306294664741 0.00590450875461102 0.00583546003326774 0.00421501928940415 0.00410929229110479 0.00331356562674046 0.00340123334899545 0.00322574377059937 0.00324281235225499 0.00351992016658187 0.00349060096777976 0.00333475437946618 0.00313908094540238 0.00345721538178623 0.00346877472475171 0.00285617425106466 0.00322958664037287 0.00321572995744646 0.00368334841914475 0.00353222689591348 0.00269557256251574 0.00183983298484236 0.0017895654309541 0.00169467541854829 0.00205696723423898 0.00190117093734443 0.00200688769109547 0.00106712209526449 0.00107790459878743 0.00137966498732567 0.000932563678361475 0.000933432194869965
0.0712743103504181 0.0573134571313858 0.0591713897883892 0.0270676743239164 0.0227633006870747 0.0230148751288652 0.0194509085267782 0.0172334611415863 0.0134279150515795 0.00786065123975277 0.00613188743591309 0.0048916325904429 0.00482617737725377 0.00542463315650821 0.00451095262542367 0.00412184605374932 0.00330199184827507 0.00303331040777266 0.00325763993896544 0.00274391658604145 0.00306455953978002 0.00314569054171443 0.00338607444427907 0.00393621763214469 0.0033026987221092 0.00366741698235273 0.00335587607696652 0.0030681521166116 0.00364498724229634 0.00348855648189783 0.00353990052826703 0.00260877190157771 0.0018698472995311 0.0016949666896835 0.00209807720966637 0.001829071668908 0.00150062004104257 0.00172578962519765 0.00125387171283364 0.00109069305472076 0.00115987937897444 0.000938577984925359 0.000985694350674748
0.0570304319262505 0.0360956788063049 0.028694212436676 0.0298813786357641 0.0226422548294067 0.0206400267779827 0.016885869204998 0.0136334458366036 0.0106466300785542 0.00548206316307187 0.00451730797067285 0.00424302835017443 0.00367620191536844 0.0042656110599637 0.00402901321649551 0.00365903181955218 0.00362494378350675 0.00339150638319552 0.00338518060743809 0.00334824388846755 0.00354808080010116 0.00380292674526572 0.00398108409717679 0.00355988484807312 0.00370713043957949 0.00327043724246323 0.00312308943830431 0.00328743364661932 0.00298301316797733 0.00313931680284441 0.00333514530211687 0.00270173186436296 0.00235785031691194 0.00348320440389216 0.00262545445002615 0.0019269937183708 0.00155109574552625 0.00158517935778946 0.00118884653784335 0.00118331995327026 0.00125891552306712 0.000896366196684539 0.00088180263992399
0.0439724177122116 0.0323968157172203 0.0197974406182766 0.0182573571801186 0.0151733178645372 0.0213052239269018 0.0160606391727924 0.011904432438314 0.0118086775764823 0.00853781122714281 0.00395228154957294 0.00369162019342184 0.00434929085895419 0.00376015133224428 0.00358195975422859 0.00356490979902446 0.00426471279934049 0.00399828562512994 0.00399800064042211 0.00346592138521373 0.00303741195239127 0.0036193944979459 0.00406542653217912 0.00423115771263838 0.00388490664772689 0.00351755111478269 0.00347383692860603 0.00345449079759419 0.00345778837800026 0.00368354935199022 0.00344134704209864 0.00274377665482461 0.0030594770796597 0.00401669554412365 0.00254309247247875 0.00191454368177801 0.00153658213093877 0.00152574677485973 0.00147859519347548 0.00103937147650868 0.000965132319834083 0.00109066034201533 0.000949948560446501
0.0497547313570976 0.0449194237589836 0.023932222276926 0.0152204353362322 0.017829293385148 0.0235528703778982 0.0215984992682934 0.0129136862233281 0.0137450387701392 0.00724848499521613 0.00566504895687103 0.00509259151294827 0.00484156562015414 0.00482208328321576 0.00454698316752911 0.00418339762836695 0.0039741387590766 0.00413829647004604 0.00466824462637305 0.00464142439886928 0.00383673957549036 0.00395566783845425 0.00425299536436796 0.00442073727026582 0.00396258616819978 0.00410879589617252 0.00322985020466149 0.00290533434599638 0.00325269741006196 0.00322168157435954 0.0030576738063246 0.00218415795825422 0.00257050385698676 0.00311969872564077 0.00256143370643258 0.00168437545653433 0.00176655035465956 0.00153391959611326 0.00128861970733851 0.00134370045270771 0.00105343025643378 0.00114623026456684 0.00108998396899551
0.0273736324161291 0.0214792564511299 0.0226499959826469 0.0244518220424652 0.0241015665233135 0.0357862561941147 0.0375019535422325 0.0194623190909624 0.012380788102746 0.0103617645800114 0.00756222987547517 0.00746290246024728 0.00667670136317611 0.00646664435043931 0.00532940914854407 0.00675203092396259 0.00631648348644376 0.00402782624587417 0.00453131459653378 0.0053215092048049 0.0051692109555006 0.00445539876818657 0.0045286132954061 0.00444699032232165 0.00411677500233054 0.00387516082264483 0.00382545287720859 0.00342056108638644 0.0036277137696743 0.00307476124726236 0.00327303190715611 0.00234586442820728 0.00302071706391871 0.00308615178801119 0.00267213652841747 0.00201560743153095 0.00180268415715545 0.00184974865987897 0.00145098939538002 0.00129925017245114 0.00121508340816945 0.000967792060691863 0.000916140386834741
0.0289791114628315 0.0242864731699228 0.0299415774643421 0.0252007208764553 0.0303444303572178 0.0609426461160183 0.0669488906860352 0.0384863466024399 0.0165969431400299 0.0159903634339571 0.0145552605390549 0.0115994242951274 0.00848219636827707 0.00775573868304491 0.00683148251846433 0.00792023818939924 0.00695299822837114 0.00548800593242049 0.00659269420430064 0.00615389598533511 0.00495185097679496 0.00476864585652947 0.00466288533061743 0.00449285004287958 0.00418105581775308 0.00392211927101016 0.00403937045484781 0.00354301510378718 0.00369626376777887 0.00321727548725903 0.00342340767383575 0.00265589007176459 0.00266965501941741 0.00288484338670969 0.00266215018928051 0.00184551777783781 0.0015674396418035 0.00183130335062742 0.00138433137908578 0.00120278226677328 0.00106449669692665 0.000967664178460836 0.00101803743746132
0.036046601831913 0.0276850499212742 0.0451422855257988 0.0360919609665871 0.0429143458604813 0.064991869032383 0.0551322475075722 0.0275712069123983 0.0333089455962181 0.0219840221107006 0.0178092233836651 0.0158185474574566 0.0161189157515764 0.0136727727949619 0.0110016129910946 0.00969595089554787 0.00799146294593811 0.00804847292602062 0.00858188234269619 0.00709791900590062 0.00669958535581827 0.00532864546403289 0.00505427084863186 0.00437785033136606 0.00601236429065466 0.00491594616323709 0.00474615674465895 0.00356282014399767 0.00302348122932017 0.00343124871142209 0.00343696190975606 0.00235635880380869 0.00264294701628387 0.00308759370818734 0.00250345165841281 0.00191856047604233 0.00171735009644181 0.00148340023588389 0.0016355006955564 0.00115753500722349 0.00120000191964209 0.00106622336897999 0.00121522834524512
0.0543795041739941 0.0477716475725174 0.0447749756276608 0.0626487657427788 0.0452795140445232 0.0527873486280441 0.0948163792490959 0.0449962504208088 0.0212585553526878 0.0331243313848972 0.0491807013750076 0.0755570456385612 0.0280599724501371 0.0227652005851269 0.0232807788997889 0.0252384766936302 0.017497668042779 0.013404680415988 0.0110665522515774 0.00919135939329863 0.00739074964076281 0.0069914679042995 0.00617328891530633 0.0053667682223022 0.00495899748057127 0.00420048413798213 0.00393403507769108 0.00382432923652232 0.00324338208884001 0.00326113309711218 0.00322712352499366 0.00217658304609358 0.00191883463412523 0.00249361852183938 0.00242316839285195 0.00179085170384496 0.00167243648320436 0.00152368727140129 0.00134892982896417 0.00130991695914418 0.00121604197192937 0.00105510489083827 0.00117105559911579
0.0871732756495476 0.0714819133281708 0.0831190645694733 0.0784692093729973 0.0618658103048801 0.0653660595417023 0.185841396450996 0.353041470050812 0.139240071177483 0.344604223966599 0.486591815948486 0.400142967700958 0.230382606387138 0.0769836604595184 0.0487150587141514 0.0467734895646572 0.0270391665399075 0.0180374216288328 0.0131081715226173 0.0104352841153741 0.00964916590601206 0.00874861609190702 0.00655747298151255 0.00493019074201584 0.0050013461150229 0.00454082200303674 0.0035431447904557 0.00392240891233087 0.00347120780497789 0.00338918110355735 0.00321830157190561 0.00230611208826303 0.00189515331294388 0.00248077441938221 0.00246848678216338 0.0018418898107484 0.00134890398476273 0.00142053433228284 0.00125479500275105 0.00128477730322629 0.00118765234947205 0.00109885004349053 0.00098066171631217
0.0824892297387123 0.0645507201552391 0.104952491819859 0.111773654818535 0.0823787972331047 0.089471273124218 0.147159099578857 0.529156386852264 0.526898920536041 0.685146689414978 0.647275447845459 0.277597099542618 0.199792265892029 0.135372623801231 0.120770908892155 0.0920941010117531 0.0469321049749851 0.0369087420403957 0.0208330880850554 0.0106474403291941 0.0115264402702451 0.0097071211785078 0.00880942866206169 0.00748560251668096 0.00499997101724148 0.004363470710814 0.00423810817301273 0.00379292783327401 0.0033353881444782 0.00335736223496497 0.00332716968841851 0.00239960453473032 0.00208668923005462 0.00185941264498979 0.00251564127393067 0.00177470990456641 0.00156301876995713 0.00137030461337417 0.00128655333537608 0.00118613243103027 0.0012710471637547 0.00120280717965215 0.00100489589385688
0.111907988786697 0.121508471667767 0.199440658092499 0.130272403359413 0.145134970545769 0.107589036226273 0.522761523723602 0.688146948814392 0.684521377086639 0.716831862926483 0.635789811611176 0.439032673835754 0.510378181934357 0.243678748607635 0.153918951749802 0.142988204956055 0.0740721300244331 0.0427235253155231 0.0299726612865925 0.0167117044329643 0.0124501856043935 0.0117978043854237 0.00940615776926279 0.00796458311378956 0.00553401047363877 0.0040296851657331 0.00409337552264333 0.00327212293632329 0.0029046693816781 0.0028819793369621 0.00247644446790218 0.00212918408215046 0.00180229044053704 0.00160525122191757 0.00157179345842451 0.00194713287055492 0.0017740506445989 0.00133692845702171 0.00126667274162173 0.00107598071917892 0.00120022648479789 0.000919239362701774 0.000997019582428038
0.072532020509243 0.142818421125412 0.379475235939026 0.33327916264534 0.223773390054703 0.361504405736923 0.743582427501678 0.722235202789307 0.795815885066986 0.732206761837006 0.762426912784576 0.864760458469391 0.798354387283325 0.427611142396927 0.365196794271469 0.177795246243477 0.0874403268098831 0.0488679669797421 0.0346636734902859 0.0280434209853411 0.015944255515933 0.014926390722394 0.00956213194876909 0.00585221778601408 0.00508703757077456 0.00444558542221785 0.00328520429320633 0.00328345992602408 0.0025041417684406 0.00263966270722449 0.00209951610304415 0.00204057153314352 0.00166629103478044 0.00156517396681011 0.00155615794938058 0.00180397334042937 0.00176842627115548 0.00154899770859629 0.00129479705356061 0.00105866673402488 0.000855638878419995 0.00104823103174567 0.00105270883068442
