data/climate_estimation/maxent_output/Fritillaria_crassifolia.asc
NCOLS 228 
NROWS 92 
XLLCORNER 29.1666666666667 
YLLCORNER 32.8333333333333 
CELLSIZE 0.0833333333333333 
NODATA_value -3.4e+38 
[rows 42 to 62 of 92, columns 47 to 93 of 228]
0.984948813915253 0.990642607212067 0.989591598510742 0.989008903503418 0.988232493400574 0.988133907318115 0.992583453655243 0.994807362556458 0.995832860469818 0.996101260185242 0.99533611536026 0.995854020118713 0.995328009128571 0.992288172245026 0.992472469806671 0.988543272018433 0.97810024023056 0.984385132789612 0.987498164176941 0.988468647003174 0.983975350856781 0.984604775905609 0.978949069976807 0.969085335731506 0.961971580982208 0.945762932300568 0.92325884103775 0.906668901443481 0.908941268920898 0.904450297355652 0.906008183956146 0.913877487182617 0.868947386741638 0.886430203914642 0.906671285629272 0.906883239746094 0.901242017745972 0.948596060276031 0.992793262004852 0.997608423233032 0.998337626457214 0.990674734115601 0.96773624420166 0.953877866268158 0.965309143066406 0.960054636001587 0.954097151756287
0.934488534927368 0.973985970020294 0.989131152629852 0.993267476558685 0.983449816703796 0.989127039909363 0.993218302726746 0.995208382606506 0.994302809238434 0.993607461452484 0.993578135967255 0.995542645454407 0.989268839359283 0.992373406887054 0.98685896396637 0.985937893390656 0.986496686935425 0.991953372955322 0.992941439151764 0.992836356163025 0.99074923992157 0.989139318466187 0.983692049980164 0.982365369796753 0.977478981018066 0.972408473491669 0.964521646499634 0.955651104450226 0.941474556922913 0.953445374965668 0.949010968208313 0.952202618122101 0.934332072734833 0.915011823177338 0.92598968744278 -3.4e+38 0.907590746879578 0.939029157161713 0.985602974891663 0.99542510509491 0.998014032840729 0.983883082866669 0.969372928142548 0.958720743656158 0.96887344121933 0.949061214923859 0.931155204772949
0.956107497215271 0.88694816827774 0.9401895403862 0.987624168395996 0.990140795707703 0.993137657642365 0.993144810199738 0.994501888751984 0.993312776088715 0.991614580154419 0.991294741630554 0.989572942256927 0.989164471626282 0.991037905216217 0.989175081253052 0.98951119184494 0.991316318511963 0.995386064052582 0.996907591819763 0.995094478130341 0.99264121055603 0.992005407810211 0.991569519042969 0.989211678504944 0.986266911029816 0.985584795475006 0.983703851699829 0.974186539649963 0.966076135635376 0.960275411605835 0.9621741771698 0.958027482032776 0.956491768360138 0.944768846035004 -3.4e+38 -3.4e+38 -3.4e+38 0.946565091609955 0.996365547180176 0.999400436878204 0.994436979293823 0.97392749786377 0.970587432384491 0.978820323944092 0.977557778358459 0.944314002990723 0.902329564094543
0.988804578781128 0.950881004333496 0.911971509456635 0.886690139770508 0.9263995885849 0.987586319446564 0.988191545009613 0.982901632785797 0.989573001861572 0.9919393658638 0.988273918628693 0.987657785415649 0.986518263816833 0.986958742141724 0.990892887115479 0.994810521602631 0.994767844676971 0.996065020561218 -3.4e+38 -3.4e+38 -3.4e+38 0.994137406349182 0.994256973266602 0.993747293949127 0.989065170288086 0.989504277706146 0.989852845668793 0.989271700382233 0.985782265663147 0.979184865951538 0.976345658302307 0.973156571388245 -3.4e+38 -3.4e+38 -3.4e+38 -3.4e+38 -3.4e+38 0.979940235614777 0.997051179409027 0.998867154121399 0.987964451313019 0.972280979156494 0.968702852725983 0.98339855670929 0.965577244758606 0.931531608104706 0.899458348751068
0.992919206619263 0.957017004489899 0.88652628660202 0.870306968688965 0.905048668384552 0.945026218891144 0.955630838871002 0.983698427677155 0.994441032409668 0.993279099464417 0.990102827548981 0.985700905323029 0.986527740955353 0.98974597454071 0.990512192249298 0.993563115596771 0.993805468082428 -3.4e+38 -3.4e+38 -3.4e+38 -3.4e+38 -3.4e+38 -3.4e+38 -3.4e+38 0.993506073951721 0.992498457431793 0.993659555912018 0.994548738002777 0.994045078754425 0.989949762821198 0.986592531204224 -3.4e+38 -3.4e+38 -3.4e+38 -3.4e+38 -3.4e+38 0.984765350818634 0.989060401916504 0.998792588710785 0.996152400970459 0.971234560012817 0.971936702728271 0.983605086803436 0.973799347877502 0.952391564846039 0.920969545841217 0.919452965259552
0.982789635658264 0.970023095607758 0.947922468185425 0.901467800140381 0.885883808135986 0.908744633197784 0.954618155956268 0.987498998641968 0.992504358291626 0.98978465795517 0.98711895942688 0.985832214355469 0.988785028457642 0.990400433540344 0.990522444248199 -3.4e+38 -3.4e+38 -3.4e+38 -3.4e+38 -3.4e+38 -3.4e+38 -3.4e+38 -3.4e+38 -3.4e+38 -3.4e+38 -3.4e+38 0.995177686214447 0.996671915054321 -3.4e+38 0.991495072841644 -3.4e+38 -3.4e+38 -3.4e+38 -3.4e+38 -3.4e+38 0.993718922138214 0.992761075496674 0.99662309885025 0.999067544937134 0.988606989383698 0.97638875246048 0.968814790248871 0.980676293373108 0.973827064037323 0.941780090332031 0.905697703361511 0.926805019378662
0.995850324630737 0.993261694908142 0.981116831302643 0.959231913089752 0.94236695766449 0.931996047496796 0.944160461425781 0.96061646938324 0.978064894676208 0.981978893280029 0.981742680072784 0.984924495220184 0.987852096557617 0.988751649856567 -3.4e+38 -3.4e+38 -3.4e+38 -3.4e+38 -3.4e+38 -3.4e+38 -3.4e+38 -3.4e+38 -3.4e+38 -3.4e+38 -3.4e+38 -3.4e+38 -3.4e+38 -3.4e+38 -3.4e+38 -3.4e+38 -3.4e+38 -3.4e+38 -3.4e+38 0.996621370315552 0.995940446853638 0.997344851493835 0.999419271945953 0.997891426086426 0.99453330039978 0.990885257720947 0.97556072473526 0.97835785150528 0.972962081432343 0.960570335388184 0.92482715845108 0.907263219356537 0.922293663024902
0.994855225086212 0.993103504180908 0.984945833683014 0.982548356056213 0.989817976951599 0.983677625656128 0.980841159820557 0.981850922107697 0.976045906543732 0.971178472042084 0.978593111038208 0.982638657093048 0.98504763841629 -3.4e+38 -3.4e+38 -3.4e+38 -3.4e+38 -3.4e+38 -3.4e+38 -3.4e+38 -3.4e+38 -3.4e+38 -3.4e+38 -3.4e+38 -3.4e+38 -3.4e+38 -3.4e+38 -3.4e+38 -3.4e+38 -3.4e+38 -3.4e+38 -3.4e+38 0.998654782772064 0.998132824897766 0.998731136322021 0.999688506126404 0.999591171741486 0.996914982795715 0.9957195520401 0.992380857467651 0.982737064361572 0.971160531044006 0.957547426223755 0.936988174915314 0.89571875333786 0.92889016866684 0.915768086910248
0.995543599128723 0.991455495357513 0.981759428977966 0.967940092086792 0.969208240509033 0.963675618171692 0.98574835062027 0.980296194553375 0.974254488945007 0.973121762275696 0.978679358959198 0.978746056556702 0.981549084186554 -3.4e+38 -3.4e+38 -3.4e+38 -3.4e+38 -3.4e+38 -3.4e+38 -3.4e+38 -3.4e+38 -3.4e+38 -3.4e+38 -3.4e+38 -3.4e+38 -3.4e+38 -3.4e+38 -3.4e+38 -3.4e+38 -3.4e+38 -3.4e+38 -3.4e+38 0.999311029911041 0.999840617179871 0.99993097782135 0.999800026416779 0.999249637126923 0.998641073703766 0.996748805046082 0.992763221263885 0.986638903617859 0.968833863735199 0.952386140823364 0.944025754928589 0.946199715137482 0.936172485351562 0.904836356639862
0.96624094247818 0.947284758090973 0.96708619594574 0.947295844554901 0.944620072841644 0.940388679504395 0.951653718948364 0.946414530277252 0.961389482021332 -3.4e+38 0.97708386182785 -3.4e+38 -3.4e+38 -3.4e+38 -3.4e+38 -3.4e+38 -3.4e+38 -3.4e+38 -3.4e+38 -3.4e+38 -3.4e+38 -3.4e+38 -3.4e+38 -3.4e+38 -3.4e+38 -3.4e+38 -3.4e+38 -3.4e+38 -3.4e+38 -3.4e+38 -3.4e+38 -3.4e+38 -3.4e+38 0.999666512012482 0.999570190906525 0.999201416969299 0.999264359474182 0.997767150402069 0.995189428329468 0.991838097572327 0.984217524528503 0.978060126304626 0.971202552318573 0.951323807239532 0.926628589630127 0.905232965946198 0.866919994354248
0.921968519687653 0.92224532365799 0.940358936786652 0.9128138422966 0.919429302215576 0.925097465515137 0.916583478450775 0.939099013805389 -3.4e+38 -3.4e+38 -3.4e+38 -3.4e+38 -3.4e+38 -3.4e+38 -3.4e+38 -3.4e+38 -3.4e+38 -3.4e+38 -3.4e+38 -3.4e+38 -3.4e+38 -3.4e+38 -3.4e+38 -3.4e+38 -3.4e+38 -3.4e+38 -3.4e+38 -3.4e+38 -3.4e+38 -3.4e+38 -3.4e+38 -3.4e+38 -3.4e+38 0.999543905258179 0.999616920948029 0.999354422092438 0.998974978923798 0.998574674129486 0.996145486831665 0.989632904529572 0.988739132881165 0.990425646305084 0.973906576633453 0.934695243835449 0.887742519378662 0.854378521442413 0.807259440422058
0.912766337394714 -3.4e+38 -3.4e+38 -3.4e+38 -3.4e+38 -3.4e+38 -3.4e+38 -3.4e+38 -3.4e+38 -3.4e+38 -3.4e+38 -3.4e+38 -3.4e+38 -3.4e+38 -3.4e+38 -3.4e+38 -3.4e+38 -3.4e+38 -3.4e+38 -3.4e+38 -3.4e+38 -3.4e+38 -3.4e+38 -3.4e+38 -3.4e+38 -3.4e+38 -3.4e+38 -3.4e+38 -3.4e+38 -3.4e+38 -3.4e+38 -3.4e+38 -3.4e+38 -3.4e+38 0.999561309814453 0.999352037906647 0.999749422073364 0.998588383197784 0.996812283992767 0.986658871173859 0.98476105928421 0.980657815933228 0.951087355613708 0.91313362121582 0.865775942802429 0.822314321994781 0.746891558170319
-3.4e+38 -3.4e+38 -3.4e+38 -3.4e+38 -3.4e+38 -3.4e+38 -3.4e+38 -3.4e+38 -3.4e+38 -3.4e+38 -3.4e+38 -3.4e+38 -3.4e+38 -3.4e+38 -3.4e+38 -3.4e+38 -3.4e+38 -3.4e+38 -3.4e+38 -3.4e+38 -3.4e+38 -3.4e+38 -3.4e+38 -3.4e+38 -3.4e+38 -3.4e+38 -3.4e+38 -3.4e+38 -3.4e+38 -3.4e+38 -3.4e+38 -3.4e+38 -3.4e+38 0.999352335929871 0.9998978972435 0.999562919139862 0.999673306941986 0.997879981994629 0.995579719543457 0.981313467025757 0.977711021900177 0.959957718849182 0.9532830119133 0.90452766418457 0.84771317243576 0.781144976615906 0.716057896614075
-3.4e+38 -3.4e+38 -3.4e+38 -3.4e+38 -3.4e+38 -3.4e+38 -3.4e+38 -3.4e+38 -3.4e+38 -3.4e+38 -3.4e+38 -3.4e+38 -3.4e+38 -3.4e+38 -3.4e+38 -3.4e+38 -3.4e+38 -3.4e+38 -3.4e+38 -3.4e+38 -3.4e+38 -3.4e+38 -3.4e+38 -3.4e+38 -3.4e+38 -3.4e+38 -3.4e+38 -3.4e+38 -3.4e+38 -3.4e+38 -3.4e+38 -3.4e+38 0.998366951942444 0.998917639255524 0.999401748180389 0.998680710792542 0.998616099357605 0.995784521102905 0.989545464515686 0.979975879192352 0.954331696033478 0.974371612071991 0.954304218292236 0.907259523868561 0.830936431884766 0.757068991661072 0.680726408958435
-3.4e+38 -3.4e+38 -3.4e+38 -3.4e+38 -3.4e+38 -3.4e+38 -3.4e+38 -3.4e+38 -3.4e+38 -3.4e+38 -3.4e+38 -3.4e+38 -3.4e+38 -3.4e+38 -3.4e+38 -3.4e+38 -3.4e+38 -3.4e+38 -3.4e+38 -3.4e+38 -3.4e+38 -3.4e+38 -3.4e+38 -3.4e+38 -3.4e+38 -3.4e+38 -3.4e+38 -3.4e+38 -3.4e+38 -3.4e+38 -3.4e+38 -3.4e+38 -3.4e+38 0.998404204845428 0.998068630695343 0.996947109699249 0.994834125041962 0.997334718704224 0.989938199520111 0.9690061211586 0.954806566238403 0.981533229351044 0.973731160163879 0.889198780059814 0.815473556518555 0.745443224906921 0.663402438163757
-3.4e+38 -3.4e+38 -3.4e+38 -3.4e+38 -3.4e+38 -3.4e+38 -3.4e+38 -3.4e+38 -3.4e+38 -3.4e+38 -3.4e+38 -3.4e+38 -3.4e+38 -3.4e+38 -3.4e+38 -3.4e+38 -3.4e+38 0.980275750160217 0.981376051902771 -3.4e+38 -3.4e+38 -3.4e+38 -3.4e+38 -3.4e+38 -3.4e+38 -3.4e+38 -3.4e+38 -3.4e+38 -3.4e+38 -3.4e+38 -3.4e+38 -3.4e+38 0.995537102222443 0.996094465255737 0.99557501077652 0.994524657726288 0.997458696365356 0.999916553497314 0.980363130569458 0.944533586502075 0.990015625953674 0.985376298427582 0.959245204925537 0.886402070522308 0.78809130191803 0.73260909318924 0.650758564472198
-3.4e+38 -3.4e+38 -3.4e+38 -3.4e+38 -3.4e+38 -3.4e+38 -3.4e+38 -3.4e+38 -3.4e+38 -3.4e+38 -3.4e+38 -3.4e+38 -3.4e+38 -3.4e+38 0.95205420255661 0.965751230716705 0.973808646202087 0.981218636035919 -3.4e+38 -3.4e+38 -3.4e+38 -3.4e+38 -3.4e+38 -3.4e+38 -3.4e+38 -3.4e+38 -3.4e+38 -3.4e+38 -3.4e+38 -3.4e+38 -3.4e+38 0.992217898368835 0.992978036403656 0.993407249450684 0.992971301078796 0.990433871746063 0.999503374099731 0.999976456165314 0.962127149105072 0.945111334323883 0.991393625736237 0.969551980495453 0.922883808612823 0.873695969581604 0.784752011299133 0.720273077487946 0.66098940372467
-3.4e+38 -3.4e+38 -3.4e+38 -3.4e+38 -3.4e+38 -3.4e+38 -3.4e+38 -3.4e+38 -3.4e+38 -3.4e+38 -3.4e+38 -3.4e+38 0.929421961307526 0.950340867042542 0.957531332969666 0.958424627780914 0.961433410644531 -3.4e+38 -3.4e+38 -3.4e+38 -3.4e+38 -3.4e+38 -3.4e+38 -3.4e+38 -3.4e+38 -3.4e+38 -3.4e+38 -3.4e+38 -3.4e+38 -3.4e+38 -3.4e+38 -3.4e+38 0.989671349525452 0.988054811954498 0.986172556877136 0.99123752117157 0.999250650405884 0.999906659126282 0.951076626777649 0.931250929832458 0.956101655960083 0.903676509857178 0.870965719223022 0.790873825550079 0.731676399707794 0.691967189311981 0.668349206447601
-3.4e+38 -3.4e+38 -3.4e+38 -3.4e+38 -3.4e+38 -3.4e+38 -3.4e+38 -3.4e+38 -3.4e+38 0.885821342468262 0.911739110946655 0.910198867321014 0.923315465450287 0.93770694732666 0.944760799407959 -3.4e+38 -3.4e+38 -3.4e+38 -3.4e+38 -3.4e+38 -3.4e+38 -3.4e+38 -3.4e+38 -3.4e+38 -3.4e+38 -3.4e+38 -3.4e+38 -3.4e+38 -3.4e+38 -3.4e+38 -3.4e+38 -3.4e+38 -3.4e+38 0.985486805438995 0.986284136772156 0.989212036132812 0.998645782470703 0.999749481678009 0.926604151725769 0.898841500282288 0.864421308040619 0.833293855190277 0.788308560848236 0.754921853542328 0.69567483663559 0.642548024654388 0.621396422386169
0.802440106868744 0.80933690071106 0.847539961338043 0.85673451423645 -3.4e+38 0.829249203205109 0.846716284751892 0.890396893024445 0.913474678993225 0.914965510368347 0.896485805511475 0.900101482868195 0.914943039417267 -3.4e+38 -3.4e+38 -3.4e+38 -3.4e+38 -3.4e+38 -3.4e+38 -3.4e+38 -3.4e+38 -3.4e+38 -3.4e+38 -3.4e+38 -3.4e+38 -3.4e+38 -3.4e+38 -3.4e+38 -3.4e+38 -3.4e+38 -3.4e+38 -3.4e+38 -3.4e+38 -3.4e+38 0.982126295566559 0.98666250705719 0.998016953468323 0.999939799308777 0.915982961654663 0.845290958881378 0.811865925788879 0.768724322319031 0.735158085823059 0.678442120552063 0.629743754863739 0.627810418605804 0.630216062068939
0.760772049427032 0.782087624073029 0.774574398994446 0.817351639270782 0.835495054721832 0.876909196376801 0.858397483825684 0.839202880859375 0.852855622768402 0.866487443447113 0.878756463527679 0.891577303409576 -3.4e+38 -3.4e+38 -3.4e+38 -3.4e+38 -3.4e+38 -3.4e+38 -3.4e+38 -3.4e+38 -3.4e+38 -3.4e+38 -3.4e+38 -3.4e+38 -3.4e+38 -3.4e+38 -3.4e+38 -3.4e+38 -3.4e+38 -3.4e+38 -3.4e+38 -3.4e+38 -3.4e+38 -3.4e+38 0.983491182327271 0.992529213428497 0.999689042568207 0.999980330467224 0.995919048786163 0.845951735973358 0.793113589286804 0.753975570201874 0.704519271850586 0.661417901515961 0.630204200744629 0.64760833978653 0.657333016395569
