data/climate_estimation/maxent_output/Fritillaria_eastwoodiae.asc
NCOLS 48 
NROWS 69 
XLLCORNER -122.916666666667 
YLLCORNER 36.8333333333333 
CELLSIZE 0.0833333333333333 
NODATA_value -3.4e+38 
[rows 38 to 56 of 69, columns 0 to 42 of 48]
0.476940810680389 0.27898758649826 0.416825622320175 0.342620581388474 0.0814178213477135 0.0908623114228249 0.0372138619422913 0.0300898142158985 0.0233280695974827 0.0264739524573088 0.030294481664896 0.0430818162858486 0.0686465427279472 0.111374191939831 0.162916496396065 0.269425451755524 0.399383306503296 0.619008183479309 0.881718814373016 0.970066726207733 0.946695804595947 0.946864187717438 0.92402583360672 0.863255321979523 0.806914091110229 0.772333562374115 0.764127850532532 0.498591482639313 0.319867074489594 0.25117427110672 0.127229005098343 0.132546558976173 0.0828676074743271 0.0184786394238472 0.0122520867735147 0.0189554058015347 0.00639784196391702 0.00163196353241801 0.00145310407970101 0.00139148870948702 0.00117090565618128 0.00102385389618576 0.00114793004468083
0.474139124155045 0.453240811824799 0.368376016616821 0.497521102428436 0.254772663116455 0.133909791707993 0.0476003512740135 0.0272991694509983 0.0200031865388155 0.0219560097903013 0.0222957637161016 0.0297206025570631 0.0392873883247375 0.0757710337638855 0.0994752794504166 0.159663796424866 0.269011080265045 0.393680721521378 0.666358470916748 0.921730637550354 0.940328896045685 0.959006607532501 0.911675870418549 0.807407081127167 0.825234889984131 0.808430016040802 0.739092946052551 0.601215183734894 0.409560084342957 0.313751488924026 0.249579042196274 0.149412125349045 0.116828039288521 0.0589637272059917 0.0359803326427937 0.0244523845613003 0.00749598117545247 0.00150452007073909 0.00175366853363812 0.00107491319067776 0.00113845150917768 0.00122275180183351 0.0011221298482269
0.446453124284744 0.467391461133957 0.48356020450592 0.453123986721039 0.387344002723694 0.200205758213997 0.0806398242712021 0.0246056877076626 0.0180505756288767 0.0159597974270582 0.0180306565016508 0.0197504721581936 0.0415205173194408 0.111099243164062 0.0697187408804893 0.101258106529713 0.150363802909851 0.248212426900864 0.392213463783264 0.73651111125946 0.924189567565918 0.90412962436676 0.837328016757965 0.867498874664307 0.850541114807129 0.774509727954865 0.791055202484131 0.632519543170929 0.569765448570251 0.42463818192482 0.286953449249268 0.121522352099419 0.149232566356659 0.0772199481725693 0.0217923223972321 0.00794459600001574 0.010275018401444 0.00172533642034978 0.00127434602472931 0.00103093730285764 0.00107330246828496 0.00090638070832938 0.000859429186675698
0.456292659044266 0.433459728956223 0.429290771484375 0.402488559484482 0.302979201078415 0.336774408817291 0.0875943303108215 0.0392298810184002 0.0207995381206274 0.0186957232654095 0.0156730003654957 0.0186243280768394 0.0218381062150002 0.0300444308668375 0.0521192215383053 0.0590211190283298 0.0916898623108864 0.121897891163826 0.21820741891861 0.498032063245773 0.832375884056091 0.935894131660461 0.895603060722351 0.848313510417938 0.835049271583557 0.77707177400589 0.79807311296463 0.676387667655945 0.476927101612091 0.423347622156143 0.310125559568405 0.193162962794304 0.134810164570808 0.0902943536639214 0.0237129088491201 0.00982754305005074 0.0116548016667366 0.00184100680053234 0.00136847607791424 0.00123716704547405 0.00124265078920871 0.00103351648431271 0.000777798763010651
0.386181175708771 0.427231281995773 0.441424012184143 0.335346192121506 0.255476266145706 0.389693111181259 0.218828171491623 0.124451369047165 0.0404935665428638 0.0232200361788273 0.0171694494783878 0.018029423430562 0.0206156335771084 0.0249801017343998 0.0335400700569153 0.0367020107805729 0.0548972822725773 0.0847444906830788 0.137757271528244 0.328336477279663 0.668268442153931 0.843278646469116 0.854038536548615 0.799969613552094 0.810472965240479 0.814188361167908 0.838697075843811 0.713701665401459 0.638733386993408 0.519442677497864 0.356072604656219 0.260528296232224 0.13842947781086 0.112669847905636 0.0289006344974041 0.0111825643107295 0.0140329943969846 0.00176900066435337 0.0014331933343783 0.00110056076664478 0.00126662536058575 0.00105850596446544 0.000795716652646661
0.434007436037064 0.357880741357803 0.399777472019196 0.269605964422226 0.342410415410995 0.337512671947479 0.242034435272217 0.245264947414398 0.106588132679462 0.0392852015793324 0.0225790217518806 0.019682576879859 0.019783990457654 0.0250621810555458 0.0266401395201683 0.0315762795507908 0.0442798212170601 0.0655594766139984 0.112178139388561 0.181924223899841 0.461116313934326 0.753812074661255 0.785242915153503 0.788480997085571 0.836489975452423 0.807935059070587 0.789831221103668 0.718731164932251 0.661963164806366 0.525681555271149 0.442975550889969 0.200515851378441 0.123394452035427 0.095643013715744 0.0422350130975246 0.0173557829111814 0.0111778043210506 0.00191256904508919 0.00146317819599062 0.00120030529797077 0.0012597378809005 0.00106828531716019 0.000814092694781721
0.29122394323349 0.310643196105957 0.364448815584183 0.304043233394623 0.33077996969223 0.357400566339493 0.408661842346191 0.337392896413803 0.132419094443321 0.107897944748402 0.0360739678144455 0.0227280650287867 0.023737009614706 0.0238972809165716 0.0290587563067675 0.028061019256711 0.0316758193075657 0.0523064769804478 0.084917239844799 0.140362858772278 0.310640692710876 0.528088450431824 0.708766639232635 0.770564436912537 0.821699738502502 0.797634840011597 0.767325341701508 0.705643177032471 0.696626722812653 0.53109210729599 0.471262246370316 0.266361057758331 0.131058856844902 0.0732483416795731 0.0770400911569595 0.0554613545536995 0.0300272349268198 0.00276230764575303 0.00153478735592216 0.00152206816710532 0.00184936099685729 0.00109323370270431 0.00089382694568485
0.231520876288414 0.262606531381607 0.29398712515831 0.352872163057327 0.34880805015564 0.302070707082748 0.350610375404358 0.339145570993423 0.181479170918465 0.142238721251488 0.0400406457483768 0.035069540143013 0.0262131933122873 0.0284136794507504 0.0292493719607592 0.0280682146549225 0.0331913195550442 0.0418246239423752 0.0669228285551071 0.102798618376255 0.160858631134033 0.312639355659485 0.545129597187042 0.586545467376709 0.716838121414185 0.769002854824066 0.774455726146698 0.783438742160797 0.697222471237183 0.632439255714417 0.487841665744781 0.347850024700165 0.193715378642082 0.144669324159622 0.0868685990571976 0.0575177520513535 0.0416352078318596 0.0049683996476233 0.00247618602588773 0.00213884864933789 0.00220751273445785 0.00123120285570621 0.000778481073211879
0.112916752696037 0.172872915863991 0.221307367086411 0.291486322879791 0.359360724687576 0.299220383167267 0.241036355495453 0.217793554067612 0.298559039831161 0.0932441055774689 0.0549530796706676 0.0410897471010685 0.0376122929155827 0.0313460491597652 0.0271720495074987 0.0258800908923149 0.0275797918438911 0.0367103964090347 0.0577073097229004 0.0761329904198647 0.0853884294629097 0.168430805206299 0.400786846876144 0.585778176784515 0.700259983539581 0.754907965660095 0.801879465579987 0.72887134552002 0.702071905136108 0.636283755302429 0.478322863578796 0.359405100345612 0.250264763832092 0.156129211187363 0.0741209983825684 0.0614615827798843 0.0442425012588501 0.00790170859545469 0.00778906466439366 0.00627892091870308 0.00130305020138621 0.000980683253146708 0.000895318167749792
0.0462863929569721 0.0736750066280365 0.111264362931252 0.166625767946243 0.212899729609489 0.202104508876801 0.200268894433975 0.168607264757156 0.213611587882042 0.303034603595734 0.0868166089057922 0.0561560653150082 0.0422673337161541 0.0291987862437963 0.021716108545661 0.017417473718524 0.0166814457625151 0.0190118346363306 0.0298119410872459 0.0452242307364941 0.0566193833947182 0.117129988968372 0.288838386535645 0.500998616218567 0.600197494029999 0.698630273342133 0.713599026203156 0.727133810520172 0.770339488983154 0.642552018165588 0.468220323324203 0.344164788722992 0.203654482960701 0.124377444386482 0.0661009550094604 0.0614742934703827 0.0510802119970322 0.0282492153346539 0.0099003566429019 0.00610130373388529 0.00165046274196357 0.00128497672267258 0.000927806540858001
0.0273216664791107 0.0344141907989979 0.0841403529047966 0.121880866587162 0.116120807826519 0.129306986927986 0.185033738613129 0.223736882209778 0.114977888762951 0.183511674404144 0.128733888268471 0.0767203494906425 0.0425434969365597 0.0217608828097582 0.0145778320729733 0.0124534629285336 0.0134587120264769 0.0144319329410791 0.0187623035162687 0.0278370045125484 0.0437225624918938 0.0589499175548553 0.141012072563171 0.223400548100471 0.402416586875916 0.62311178445816 0.601247608661652 0.768825650215149 0.730214774608612 0.746925830841064 0.592952489852905 0.435540914535522 0.283391088247299 0.197202190756798 0.159127593040466 0.0935717821121216 0.0470239073038101 0.0270246900618076 0.0184307750314474 0.00750452419742942 0.00317135755904019 0.00152041623368859 0.00148661865387112
0.0196510069072247 0.0147726135328412 0.0240896474570036 0.0525092668831348 0.103338211774826 0.0866095125675201 0.0626894906163216 0.162625849246979 0.15707716345787 0.191502586007118 0.118009708821774 0.0937195420265198 0.0388759523630142 0.0185814555734396 0.0123115470632911 0.00880671665072441 0.00933450274169445 0.0104415668174624 0.0144486157223582 0.0190006196498871 0.0252932012081146 0.036812350153923 0.061783067882061 0.128984332084656 0.30995374917984 0.541303098201752 0.650260627269745 0.730336487293243 0.786762058734894 0.701575219631195 0.715184688568115 0.602909326553345 0.436679363250732 0.242488786578178 0.129144236445427 0.110822819173336 0.0559387020766735 0.0292744878679514 0.0184829048812389 0.00987971667200327 0.00520429015159607 0.00238018552772701 0.00191514519974589
0.0147880045697093 0.0134767750278115 0.0127509171143174 0.0397271029651165 0.0468101762235165 0.0841929242014885 0.0595889277756214 0.0423882156610489 0.104787476360798 0.0870855078101158 0.086309090256691 0.0632184147834778 0.024849709123373 0.0136663345620036 0.00798532459884882 0.00715940445661545 0.00810891762375832 0.00770225888118148 0.00987203791737556 0.0142679233103991 0.0177827402949333 0.0234599560499191 0.0326617211103439 0.0598407685756683 0.210773304104805 0.499926149845123 0.539307534694672 0.601232707500458 0.747810184955597 0.763593852519989 0.687423408031464 0.662673056125641 0.419723302125931 0.28330209851265 0.195432603359222 0.172982409596443 0.0807709619402885 0.0509620532393456 0.0134023046121001 0.00552792334929109 0.00564734917134047 0.00292566674761474 0.00224754656665027
0.00638865353539586 0.00751628912985325 0.00698164943605661 0.0125270327553153 0.0354075208306313 0.0208775755017996 0.030985701829195 0.0147876283153892 0.0606979131698608 0.0324641838669777 0.0291563700884581 0.0139278210699558 0.00834460835903883 0.0059629762545228 0.00619465624913573 0.0053867269307375 0.00604478036984801 0.00712222373113036 0.00903195142745972 0.00981594249606133 0.0108847757801414 0.0172438528388739 0.0216444991528988 0.0279834195971489 0.0594214610755444 0.263403177261353 0.373965531587601 0.566460013389587 0.707278490066528 0.783026456832886 0.777055501937866 0.670290529727936 0.627044022083282 0.385086268186569 0.323024272918701 0.208802670240402 0.0620872043073177 0.0350275635719299 0.0199269633740187 0.00596831366419792 0.00607063621282578 0.00375001574866474 0.00191171490587294
0.00541715137660503 0.00836185459047556 0.00745580671355128 0.00615739589557052 0.00946083385497332 0.0113809490576386 0.00755841331556439 0.00743823777884245 0.0159802809357643 0.00938999187201262 0.00658152485266328 0.00483596138656139 0.00408393517136574 0.00379580166190863 0.00431993883103132 0.00373630342073739 0.00426860013976693 0.00476886751130223 0.00618948088958859 0.00858163740485907 0.00986618921160698 0.0129383485764265 0.0140873491764069 0.018158046528697 0.0272942036390305 0.0892090201377869 0.23339869081974 0.519965648651123 0.60153341293335 0.712978780269623 0.795098602771759 0.776636123657227 0.709645628929138 0.590663373470306 0.503488421440125 0.16650927066803 0.0530003607273102 0.0248615518212318 0.0114148715510964 0.00747572910040617 0.00515583250671625 0.00237693614326417 0.00206271093338728
0.00374497217126191 0.00599614903330803 0.00931497197598219 0.0126931164413691 0.00669989688321948 0.00657950155436993 0.00600122101604939 0.00433616666123271 0.0071821603924036 0.00549299735575914 0.00322764506563544 0.00264957663603127 0.00249299523420632 0.00303339050151408 0.00302733923308551 0.00304418127052486 0.00417768349871039 0.00427013542503119 0.00503431167453527 0.00628314167261124 0.00750492420047522 0.00963949877768755 0.0119990650564432 0.0150995589792728 0.020037367939949 0.0663922429084778 0.422328442335129 0.222308933734894 0.473148852586746 0.613056182861328 0.610734164714813 0.711288452148438 0.799937903881073 0.676400065422058 0.442330330610275 0.204528719186783 0.117797672748566 0.0510550141334534 0.0217522941529751 0.00901476573199034 0.00438283756375313 0.00238666287623346 0.00175314350053668
0.003007481805980 0.00391567498445511 0.00687321182340384 0.0105200372636318 0.00961805507540703 0.00829990487545729 0.0016504661180079 0.00184594641905278 0.00307822413742542 0.00160469952970743 0.00171000324189663 0.00206292374059558 0.00151342747267336 0.0020703871268779 0.00202596071176231 0.00235786335542798 0.00299868709407747 0.00314767891541123 0.00412246026098728 0.00471151061356068 0.00542442547157407 0.00704201124608517 0.00902875978499651 0.00904327817261219 0.0123192491009831 0.0477240346372128 0.141186237335205 0.319155275821686 0.314400196075439 0.417340457439423 0.579091727733612 0.749290764331818 0.758897542953491 0.678771674633026 0.640441656112671 0.353777289390564 0.240508779883385 0.123722560703754 0.0398962311446667 0.0207820013165474 0.00709208240732551 0.0030578023288399 0.00160998140927404
-3.4e+38 0.0041394243016839 0.00497814221307635 0.00798323657363653 0.00915454048663378 0.00635149981826544 0.00100791885051876 0.00162678374908864 0.00322998804040253 0.00271075847558677 0.000974117370788008 0.0023669630754739 0.00398635398596525 0.00219995225779712 0.00163567438721657 0.00231376499868929 0.00264075677841902 0.0030581986065954 0.00372632197104394 0.00443248450756073 0.00474373437464237 0.00540845049545169 0.00653248140588403 0.00739359017461538 0.00770050100982189 0.0171560328453779 0.0640758499503136 0.0701830834150314 0.137059524655342 0.245676413178444 0.391394227743149 0.634420275688171 0.6439248919487 0.718905568122864 0.681550860404968 0.599087595939636 0.494858413934708 0.313782334327698 0.154642716050148 0.061154805123806 0.020881649106741 0.0060364012606442 0.00208821427077055
-3.4e+38 -3.4e+38 0.00226874649524689 0.0047167157754302 0.00210113311186433 0.00144495023414493 0.000494601728860289 0.000528125208802521 0.00321823940612376 0.00210505886934698 0.00143494398798794 0.00579384015873075 0.00784503575414419 0.00280737644061446 0.00174303760286421 0.00153219944331795 0.00203608605079353 0.00211095041595399 0.00282294070348144 0.00342032639309764 0.00481974240392447 0.00492232479155064 0.00558847887441516 0.00566803757101297 0.00690513476729393 0.00818030070513487 0.0213101617991924 0.0322642773389816 0.0696863755583763 0.151087418198586 0.214463979005814 0.391150057315826 0.568840384483337 0.570803940296173 0.5430868268013 0.532940447330475 0.563864231109619 0.313211470842361 0.0629587173461914 0.0271201431751251 0.00882776733487844 0.00583589961752295 0.00242414325475693
