data/climate_estimation/maxent_output/Fritillaria_pinardii.asc
NCOLS 278 
NROWS 153 
XLLCORNER 30.1666666666667 
YLLCORNER 28.5833333333333 
CELLSIZE 0.0833333333333333 
NODATA_value -3.4e+38 
[rows 84 to 104 of 153, columns 92 to 137 of 278]
0.0819975659251213 0.0618155747652054 0.0552421770989895 0.0468485727906227 0.0441686287522316 0.039682287722826 0.0390095002949238 0.0389846339821815 0.0393231958150864 0.0408307015895844 0.0413119867444038 0.0457990504801273 0.0481826327741146 0.0488827414810658 0.0508014261722565 0.0560889318585396 0.0567337907850742 0.0633462071418762 0.0637978464365005 0.0641008988022804 0.0631750747561455 0.0605234652757645 0.0605231150984764 0.0618251822888851 0.0671264603734016 0.0659282580018044 0.0654561445116997 0.059898354113102 0.0588186867535114 0.0582727342844009 0.0642989575862885 0.0637940540909767 0.0618376806378365 0.0598270557820797 0.0647715777158737 0.0654405578970909 0.0640642195940018 0.0612552240490913 0.05575355514884 0.0577074848115444 0.0573937520384789 0.0617757774889469 0.0643765404820442 0.0621231459081173 0.0588299557566643 0.0573695302009583
0.0769569054245949 0.0596940368413925 0.0492789447307587 0.0420155301690102 0.0409057624638081 0.0402702204883099 0.0401748009026051 0.0392995178699493 0.0393411703407764 0.0408239662647247 0.0428173467516899 0.048848744481802 0.0501546002924442 0.0529556050896645 0.0572626627981663 0.0593602173030376 0.0588525719940662 0.0645049139857292 0.0656622499227524 0.0637497678399086 0.062776155769825 0.0611141696572304 0.0672881677746773 0.0663902536034584 0.0664312914013863 0.0593354143202305 0.0643971338868141 0.0650443881750107 0.0632661283016205 0.0627273097634315 0.057308241724968 0.0571972317993641 0.0574945919215679 0.0624332763254642 0.0620293952524662 0.0628554299473763 0.0620792023837566 0.0596665814518929 0.056604128330946 0.054205484688282 0.0585909783840179 0.0626356229186058 0.0666184425354004 0.0642241463065147 0.0609133951365948 0.058160737156868
0.0641841739416122 0.05461286008358 0.0502069927752018 0.0447253212332726 0.0419222041964531 0.0415942370891571 0.0406232066452503 0.0401520989835262 0.0415074862539768 0.0438659638166428 0.0451587699353695 0.0527141131460667 0.0539277344942093 0.0544684343039989 0.0608469843864441 0.0593722648918629 0.0577920824289322 0.0649648830294609 0.0632071495056152 0.0632025897502899 0.0636057108640671 0.0684434399008751 0.0677667260169983 0.0668383613228798 0.067134901881218 0.0660367906093597 0.0642213523387909 0.0643015801906586 0.0636649951338768 0.0619893111288548 0.0639251247048378 0.0631928965449333 0.0568800456821918 0.0567038767039776 0.0583179593086243 0.0590091235935688 0.0631080865859985 0.0571982115507126 0.0561535209417343 0.0560151487588882 0.0602957457304001 0.0631009265780449 0.0621319822967052 0.0647039338946342 0.0576890893280506 0.0548658259212971
0.0604407154023647 0.0556220524013042 0.0463620722293854 0.0437993630766869 0.0425659008324146 0.0378742143511772 0.0380170308053493 0.0416369698941708 0.0438512228429317 0.0461649149656296 0.0526167713105679 0.0528451725840569 0.0534845627844334 0.0546181835234165 0.0596813000738621 0.0589475408196449 0.0585105232894421 0.0585940629243851 0.0613292716443539 0.0628907680511475 0.0687837600708008 0.070289321243763 0.0685461163520813 0.0681447759270668 0.0671886578202248 0.0656490251421928 0.0643758773803711 0.0623475834727287 0.0634247958660126 0.0641156360507011 0.0636658146977425 0.0628899931907654 0.0629058107733727 0.0570404976606369 0.0654789358377457 0.066590927541256 0.0644599199295044 0.0663511604070663 0.0650683864951134 0.0625017881393433 0.0610292255878448 0.066374734044075 0.0630570501089096 0.0611744783818722 0.0585589446127415 0.0572706907987595
0.0598679035902023 0.0565123185515404 0.0481007248163223 0.0457328148186207 0.0444642603397369 0.0439033918082714 0.0436259843409061 0.0431662648916245 0.0439285933971405 0.0447735786437988 0.0467266589403152 0.0458868891000748 0.0509579293429852 0.0513643845915794 0.0527946949005127 0.0593679994344711 0.0565938465297222 0.0573506094515324 0.0623792819678783 0.0641801804304123 0.0709104165434837 0.0697964355349541 0.06892479211092 0.0681145712733269 0.0665152072906494 0.0664179995656013 0.064360722899437 0.0631552115082741 0.0637083873152733 0.0649496987462044 0.0653605610132217 0.0649003088474274 0.0631228387355804 0.0576007850468159 0.0655166730284691 0.0676376149058342 0.066467322409153 0.0680479854345322 0.0654871836304665 0.0651509687304497 0.0618751533329487 0.0611326582729816 0.0633110478520393 0.0613986887037754 0.0589158833026886 0.0567478202283382
0.0641564801335335 0.0605445727705956 0.0570591129362583 0.0490493848919868 0.046795878559351 0.046822614967823 0.0452482849359512 0.0439666323363781 0.0441442504525185 0.0436847731471062 0.0435055233538151 0.0436956435441971 0.0451790727674961 0.0463757514953613 0.0507415533065796 0.0507254786789417 0.055470310151577 0.0573098696768284 0.0629145056009293 0.0629047974944115 0.0691963359713554 0.0695408061146736 0.0688875615596771 0.07351104170084 0.0740227773785591 0.0725604742765427 0.0640512704849243 0.0713753402233124 0.0715513303875923 0.0723566487431526 0.0704644694924355 0.0725993663072586 0.0659906342625618 0.0635907128453255 0.065107636153698 0.0683246627449989 0.068682499229908 0.0680003240704536 0.0678952485322952 0.06452726572752 0.0635098963975906 0.0609930455684662 0.0601259879767895 0.0572649836540222 0.0544627010822296 0.0513297207653522
0.0590076707303524 0.0516369789838791 0.0486499778926373 0.0469080358743668 0.045974675565958 0.0414724349975586 0.0403995700180531 0.0395330488681793 0.0423459522426128 0.0410401783883572 0.041874423623085 0.0424655601382256 0.0436349175870419 0.0442036874592304 0.04464141279459 0.0504890196025372 0.0504586845636368 0.0556419044733047 0.0609233938157558 0.0633483231067657 0.0688991993665695 0.075763575732708 0.0744672045111656 0.0746027007699013 0.0736363157629967 0.0715912356972694 0.070722296833992 0.0747504085302353 0.0740261077880859 0.0738783851265907 0.0737516656517982 0.0735662579536438 0.0705959126353264 0.0726228430867195 0.0741818100214005 0.0749024599790573 0.0692799016833305 0.0678891763091087 0.0655610933899879 0.0595931187272072 0.0570641718804836 0.0555485226213932 0.0536700449883938 0.0531151294708252 0.0496946647763252 0.0466548353433609
0.0498781055212021 0.0485902465879917 0.0441826097667217 0.0418746136128902 0.0404469184577465 0.0396003685891628 0.037988692522049 0.0381541475653648 0.0412974916398525 0.040873721241951 0.0413040556013584 0.0415343567728996 0.0423981174826622 0.0433935411274433 0.0492109097540379 0.0490791797637939 0.0506465509533882 0.0562139451503754 0.0618676915764809 0.067301981151104 0.0682221576571465 0.0750811621546745 0.0746067240834236 0.075198233127594 0.0720851793885231 0.0720664784312248 0.0727230906486511 0.0815738961100578 0.0810612887144089 0.0801600068807602 0.080127477645874 0.0694812536239624 0.0708296373486519 0.0741883292794228 0.0756128206849098 0.0752440318465233 0.0700419321656227 0.0689332708716393 0.0665367245674133 0.0583193153142929 0.055778045207262 0.0546105019748211 0.0534228645265102 0.0514610446989536 0.0493061393499374 0.0429561994969845
0.0418442934751511 0.0438310615718365 0.0419650375843048 0.0402293428778648 0.0393913611769676 0.0394554063677788 0.038315411657095 0.0416103526949883 0.0406582057476044 0.0406447499990463 0.0394507683813572 0.0403551757335663 0.0464324094355106 0.0469052046537399 0.0486500337719917 0.0479229241609573 0.0491175577044487 0.0538549944758415 0.0610649511218071 0.0676149278879166 0.0756935626268387 0.0755337551236153 0.0752863585948944 0.082834355533123 0.0815346464514732 0.0740546062588692 0.0823571011424065 0.0705635547637939 0.0696203634142876 0.0679420903325081 0.0619339644908905 0.0608496703207493 0.0692807585000992 0.0734845474362373 0.0748977437615395 0.0759047940373421 0.0693030133843422 0.0687952041625977 0.065868191421032 0.0598324835300446 0.0577562414109707 0.0491543039679527 0.0486188419163227 0.0471153445541859 0.0449790917336941 0.0425510592758656
0.0354001186788082 0.036804061383009 0.0400809645652771 0.0356887131929398 0.0386763997375965 0.0384416095912457 0.0382106080651283 0.0405621826648712 0.0399997793138027 0.0384337678551674 0.0423705019056797 0.0442199595272541 0.0453735664486885 0.0471463836729527 0.04780363291502 0.0485860332846642 0.0487730912864208 0.0543171428143978 0.0627400651574135 0.068920411169529 0.0763334110379219 0.0779615715146065 0.0848590582609177 0.0842147693037987 0.0819748491048813 0.0855304077267647 0.0812373235821724 0.0672454759478569 0.0623909346759319 0.061565313488245 0.0610484629869461 0.0679609999060631 0.0703624039888382 0.0735384896397591 0.0835671275854111 0.0761667490005493 0.068899504840374 0.0690060332417488 0.0602075755596161 0.0535075627267361 0.0514931455254555 0.0500364191830158 0.0477825850248337 0.0423708781599998 0.0418487340211868 0.0389410071074963
0.0333683826029301 0.0334723629057407 0.0347668081521988 0.034584753215313 0.0347837097942829 0.0393078029155731 0.0387874878942966 0.040974348783493 0.0400502569973469 0.0420503951609135 0.0421994999051094 0.0432772301137447 0.0447279587388039 0.0459185913205147 0.0458392128348351 0.0482812933623791 0.0494609773159027 0.0554586611688137 0.0611962862312794 0.0691294744610786 0.0766250565648079 0.0848867073655128 0.0937638804316521 0.0945130065083504 0.0928200706839561 0.0823651626706123 0.0790285542607307 0.0804381519556046 0.0721908658742905 0.0693829283118248 0.0805470570921898 0.0902144461870193 0.0920079797506332 0.0849219262599945 0.0833849236369133 0.0739910006523132 0.067118413746357 0.0617928616702557 0.0557149350643158 0.0546195395290852 0.0526258312165737 0.0469582825899124 0.0446375720202923 0.042494498193264 0.0380218029022217 0.0364805459976196
0.029070358723402 0.0295291114598513 0.032340906560421 0.0326256901025772 0.0338759608566761 0.0380458384752274 0.0385148338973522 0.0415241867303848 0.0403273776173592 0.0391644425690174 0.0400493107736111 0.0438024327158928 0.0437360592186451 0.0468161106109619 0.0467367023229599 0.0486883819103241 0.0538631752133369 0.0603985786437988 0.0679284706711769 0.0748931244015694 0.0849785357713699 0.085528664290905 0.0925795063376427 0.0936720371246338 0.0840190201997757 0.0824265629053116 0.0835382416844368 0.0817559286952019 0.0823684483766556 0.0823055878281593 0.0840209349989891 0.0853738635778427 0.0921420007944107 0.0839679762721062 0.0749525427818298 0.0675521865487099 0.0627460926771164 0.063391700387001 0.0561975426971912 0.0540626496076584 0.0483529642224312 0.0464212410151958 0.0415005162358284 0.0394385755062103 0.0380885228514671 0.0367383733391762
0.02816316857934 0.0280298460274935 0.0286957714706659 0.0288228709250689 0.0328331366181374 0.0333136878907681 0.0378465205430984 0.0386613979935646 0.0416167937219143 0.04207519069314 0.0404284372925758 0.0410726107656956 0.0403869263827801 0.0466302558779716 0.0474087111651897 0.0483060665428638 0.0534430481493473 0.0597922205924988 0.0672517940402031 0.0771092772483826 0.0853645950555801 0.09401635825634 0.0943959802389145 0.0915055498480797 0.092407152056694 0.09042789041996 0.0831401348114014 0.0834009796380997 0.077150784432888 0.0775260478258133 0.0837124586105347 0.0850620195269585 0.0824454948306084 0.0729464069008827 0.0682589635252953 0.0703508704900742 0.0634325370192528 0.0584747120738029 0.0580141320824623 0.0498183518648148 0.0484916381537914 0.042640645056963 0.0412611104547977 0.0395075157284737 0.0383563190698624 0.0361474305391312
0.0263395067304373 0.0271801389753819 0.0273961815983057 0.0284043420106173 0.0290203262120485 0.0333170033991337 0.037788812071085 0.0374055951833725 0.0387738794088364 0.0413419306278229 0.0416279993951321 0.0410726107656956 0.0419433116912842 0.0425172001123428 0.0473711602389812 0.0499944575130939 0.0548307970166206 0.062087032943964 0.0695011466741562 0.0774035155773163 0.0869499146938324 0.0941667705774307 0.103037916123867 0.1030657812953 0.102549232542515 0.0929469913244247 0.0864231213927269 0.0857713147997856 0.0787977948784828 0.0770114287734032 0.0716494396328926 0.0684375837445259 0.0672699883580208 0.0676919519901276 0.0718941614031792 0.064725399017334 0.0653558373451233 0.0595093593001366 0.0516428202390671 0.0464498028159142 0.0431885570287704 0.039502389729023 0.041308905929327 0.0399231314659119 0.0388059131801128 0.0361898206174374
0.0263654123991728 0.024072578176856 0.0268244501203299 0.0272748563438654 0.0279369913041592 0.0297778677195311 0.0338674262166023 0.0381295271217823 0.0381339080631733 0.0379012003540993 0.0383449234068394 0.0423130951821804 0.0439407601952553 0.0444679893553257 0.0455693192780018 0.0489417165517807 0.0556712411344051 0.0639222636818886 0.0776974409818649 0.0858996510505676 0.0946916416287422 0.104010991752148 0.11601284891367 0.115904159843922 0.1035385876894 0.0953593701124191 0.097392238676548 0.0796395093202591 0.0697754323482513 0.0633323565125465 0.0641279593110085 0.0570577792823315 0.057124987244606 0.0646389499306679 0.0667164325714111 0.0602838508784771 0.0593281760811806 0.0537712648510933 0.0477431453764439 0.0471431016921997 0.0410567559301853 0.0398914180696011 0.0394340455532074 0.0395075157284737 0.0388511009514332 0.0362534783780575
0.0237305667251348 0.0245370604097843 0.0243929363787174 0.026825875043869 0.0277592968195677 0.0287105441093445 0.0331986956298351 0.0347081050276756 0.0381029471755028 0.0394716560840607 0.039480984210968 0.0395830683410168 0.0437656454741955 0.0462452322244644 0.0465704426169395 0.051322914659977 0.058329164981842 0.0729299560189247 0.0794409811496735 0.0850436687469482 0.0959076583385468 0.116498045623302 0.128165930509567 0.115904159843922 0.105146691203117 0.0959656164050102 0.0881794169545174 0.0722162425518036 0.0629120618104935 0.0523498877882957 0.0539584383368492 0.0534261390566826 0.0534309484064579 0.0598965920507908 0.0596514455974102 0.0551757737994194 0.0548860020935535 0.0490699149668217 0.0478520207107067 0.0417213961482048 0.0415544621646404 0.040536604821682 0.0392710231244564 0.0413762331008911 0.0389822274446487 0.0370890870690346
0.0233272351324558 0.023511590436101 0.0238854363560677 0.024273132905364 0.027127830311656 0.0281813032925129 0.0289846919476986 0.0336238667368889 0.035110417753458 0.0363847352564335 0.0398002490401268 0.0400307551026344 0.0416730381548405 0.0457703433930874 0.0477425940334797 0.0553124845027924 0.0621452480554581 0.0743955448269844 0.0813244357705116 0.0909413695335388 0.0980405062437057 0.11826853454113 0.12854166328907 0.126719772815704 0.105379670858383 0.0957125872373581 0.0795938521623611 0.0710727870464325 0.058756198734045 0.0547860115766525 0.0547794476151466 0.0544434934854507 0.0551215298473835 0.0564234592020512 0.0545071251690388 0.0501811504364014 0.049929466098547 0.0447066426277161 0.0430836081504822 0.0414593033492565 0.0411039590835571 0.0403965562582016 0.0381788685917854 0.0370643213391304 0.0393920987844467 0.0381109192967415
0.0225068908184767 0.0219607464969158 0.0221878569573164 0.0226627234369516 0.024296885356307 0.0269272457808256 0.0281194001436234 0.0297703947871923 0.0343879647552967 0.0356078408658504 0.0366877801716328 0.0417396798729897 0.0420742742717266 0.043123297393322 0.0488576628267765 0.054399061948061 0.06122075766325 0.075115866959095 0.0839895159006119 0.0931755751371384 0.102414429187775 0.11294474452734 0.121978171169758 0.119596235454082 0.0969160348176956 0.0880809053778648 0.0795008465647697 0.0751944929361343 0.06258524954319 0.0642389953136444 0.0597894489765167 0.0591621063649654 0.058350782841444 0.052537988871336 0.0507732108235359 0.0524918250739574 0.046834010630846 0.0452848523855209 0.0456443764269352 0.0437296442687511 0.0421053096652031 0.0404665321111679 0.0382634289562702 0.0405016615986824 0.0393463931977749 0.037603247910738
0.0221224520355463 0.0194690395146608 0.022350799292326 0.0221223309636116 0.0228952392935753 0.0241872873157263 0.0280762035399675 0.0294179059565067 0.0347384810447693 0.0356152914464474 0.036404624581337 0.041110347956419 0.0431685149669647 0.0447739847004414 0.0500056222081184 0.0565191060304642 0.0643387585878372 0.0725656375288963 0.0781894326210022 0.0883892849087715 0.0961650311946869 0.104915417730808 0.117385737597942 0.111809827387333 0.0902324989438057 0.0813428089022636 0.0765137523412704 0.0792085081338882 0.0638565570116043 0.0651766136288643 0.0694688409566879 0.0609082318842411 0.0544943585991859 0.0543789900839329 0.0539564751088619 0.0489026568830013 0.0484366044402122 0.0464111417531967 0.0450020544230938 0.0441079512238503 0.0433559343218803 0.0407943427562714 0.0388429909944534 0.0412340760231018 0.038848664611578 0.0382887497544289
0.0222096983343363 0.0196512173861265 0.019963076338172 0.0214962940663099 0.0223271083086729 0.0236166231334209 0.0267663113772869 0.0295417997986078 0.0341474749147892 0.0362225286662579 0.0405819602310658 0.0431341901421547 0.0443528406322002 0.0451385229825974 0.0509188733994961 0.0569624938070774 0.0672762840986252 0.0757406651973724 0.0846932902932167 0.0909016579389572 0.0896726101636887 0.0971799418330193 0.107665859162807 0.0943201333284378 0.0852480307221413 0.0782148540019989 0.0788829997181892 0.0755314901471138 0.0763006210327148 0.0704791471362114 0.0645529255270958 0.0634241253137589 0.0564822182059288 0.055086761713028 0.0497169755399227 0.0492546334862709 0.0485742799937725 0.0477140545845032 0.044641088694334 0.0433559343218803 0.0416945107281208 0.0404425077140331 0.0396111682057381 0.0406184978783131 0.0390970408916473 0.0381562113761902
0.0200910903513432 0.0200094953179359 0.0197167843580246 0.0215242970734835 0.021885858848691 0.0231815781444311 0.0266222264617682 0.0322498716413975 0.0341474749147892 0.0401923954486847 0.0437631011009216 0.0502134002745152 0.0524124093353748 0.0522021129727364 0.053019892424345 0.0563162639737129 0.0634036436676979 0.0706151053309441 0.0785434395074844 0.0866784825921059 0.0935424119234085 0.0911639034748077 0.0899259746074677 0.0869368389248848 0.0816424936056137 0.08182193338871 0.0748308598995209 0.0772283151745796 0.0794818103313446 0.0718719959259033 0.0648400187492371 0.0629343241453171 0.0570073835551739 0.051196001470089 0.0497732870280743 0.0495661124587059 0.0486064366996288 0.0475313737988472 0.0450734607875347 0.0437265820801258 0.0415720157325268 0.0393840186297894 0.0382190197706223 0.0408296696841717 0.0401713997125626 0.03767204657197
