data/climate_estimation/maxent_output/Fritillaria_delavayi.asc
NCOLS 154 
NROWS 77 
XLLCORNER 88.75 
YLLCORNER 26.75 
CELLSIZE 0.0833333333333333 
NODATA_value -3.4e+38 
[rows 0 to 19 of 77, columns 0 to 43 of 154]
0.046474043279886 0.0451872535049915 0.0422027893364429 0.0457742884755135 0.0481287725269794 0.0454740338027477 0.0457480363547802 0.0433268360793591 0.0395785681903362 0.0450689271092415 0.0476944074034691 0.0534700639545918 0.0521118305623531 0.0594493634998798 0.0553905554115772 0.0516570955514908 0.0536553449928761 0.050597470253706 0.0482479967176914 0.0297305602580309 0.0361230410635471 0.0472694076597691 0.0547554157674313 0.050495307892561 0.0441488176584244 0.0438766628503799 0.0385661274194717 0.0427755862474442 0.0376979000866413 0.0318249948322773 0.0377472415566444 0.0582130253314972 0.0673181265592575 0.06474269926548 0.0775579661130905 0.0774216651916504 0.0791539624333382 0.109191358089447 0.0820191949605942 0.0465321689844131 0.0529912151396275 0.0687443390488625 0.104069896042347 0.0910693183541298
0.0474915057420731 0.0407367683947086 0.0360797494649887 0.0504795350134373 0.0501847714185715 0.0430463068187237 0.0422291681170464 0.0389319658279419 0.0355779267847538 0.0401853881776333 0.051621325314045 0.0590532086789608 0.0602354593575001 0.0603162162005901 0.0559097900986671 0.04872827231884 0.0433982945978642 0.0397090688347816 0.0418496541678905 0.0478380732238293 0.0533211082220078 0.0589331574738026 0.0573321245610714 0.0527368858456612 0.0511162430047989 0.0531067922711372 0.0495238713920116 0.0470642410218716 0.0436089523136616 0.0494229644536972 0.0620880238711834 0.0712204053997993 0.0788015127182007 0.0739302933216095 0.0803299844264984 0.0873894318938255 0.0848009809851646 0.0883558094501495 0.0931724160909653 0.0653230473399162 0.0667007938027382 0.0807760804891586 0.100004248321056 0.0890875160694122
0.0541628412902355 0.0543629974126816 0.0470669604837894 0.0445286631584167 0.0471577793359756 0.0439165942370892 0.0401979982852936 0.040930051356554 0.040947463363409 0.0471397005021572 0.051558680832386 0.0605379678308964 0.064366802573204 0.0631977617740631 0.0545127354562283 0.0469877384603024 0.0391136705875397 0.0390034839510918 0.0481915362179279 0.0636997073888779 0.0608827508985996 0.0607437565922737 0.0527218468487263 0.0567351691424847 0.0554734021425247 0.0503268428146839 0.0498657673597336 0.0547504052519798 0.0593830086290836 0.0665633752942085 0.0811827853322029 0.0836851745843887 0.0919309109449387 0.0911292359232903 0.0814093723893166 0.074526771903038 0.0567282103002071 0.0680253356695175 0.0837593972682953 0.0910741314291954 0.0856912657618523 0.0679632574319839 0.0529154017567635 0.10121101140976
0.0551002211868763 0.0612046420574188 0.0395218245685101 0.0444204062223434 0.0456463806331158 0.0445108376443386 0.0491356700658798 0.053346648812294 0.0598342791199684 0.0570428967475891 0.0540400855243206 0.0587516576051712 0.0635899007320404 0.0656352415680885 0.0594116859138012 0.0491174571216106 0.0408519357442856 0.0373790599405766 0.0570959784090519 0.0754167214035988 0.0703645795583725 0.0598104149103165 0.0820678994059563 0.0820359215140343 0.0588848628103733 0.0583034418523312 0.0779464468359947 0.0723287984728813 0.0714532807469368 0.0838645175099373 0.0877143144607544 0.0968256071209908 0.0956626161932945 0.0964025929570198 0.0840514078736305 0.0794911682605743 0.0731236413121223 0.0831742882728577 0.0777821019291878 0.0829265937209129 0.0879663527011871 0.0871286243200302 0.109164893627167 0.124506779015064
0.0499304160475731 0.0522927232086658 0.0434248484671116 0.0504017658531666 0.0465316660702229 0.0471667982637882 0.0557024665176868 0.0631566122174263 0.058958612382412 0.0578195080161095 0.0595876127481461 0.0645570829510689 0.0684012174606323 0.0635504350066185 0.0593084879219532 0.0655458346009254 0.0580451115965843 0.057973001152277 0.054702416062355 0.0745370090007782 0.0755894407629967 0.0653431490063667 0.0783196538686752 0.087923988699913 0.086359903216362 0.0732404217123985 0.0792140439152718 0.099955327808857 0.0945649892091751 0.100136153399944 0.0993203446269035 0.111643053591251 0.115809693932533 0.116672612726688 0.105722270905972 0.101214736700058 0.105305202305317 0.118969678878784 0.0736065804958344 0.0960553213953972 0.107791088521481 0.0579852238297462 0.0763870552182198 0.0662863180041313
0.0621696971356869 0.0680043920874596 0.0655225664377213 0.0655972212553024 0.0668484345078468 0.0618893392384052 0.0566137246787548 0.0664202570915222 0.0739431828260422 0.0784876421093941 0.0767984762787819 0.0678670778870583 0.0615441463887691 0.0534477643668652 0.0535065196454525 0.0618871226906776 0.0561322532594204 0.0716749802231789 0.0509472265839577 0.059307012706995 0.080052487552166 0.0901050567626953 0.088485449552536 0.081782802939415 0.09451774507761 0.0871897414326668 0.0820036232471466 0.106841892004013 0.123195677995682 0.115234278142452 0.0948208421468735 0.125664204359055 0.130063325166702 0.121704407036304 0.129294186830521 0.131914272904396 0.131922483444214 0.127226889133453 0.0929505601525307 0.102165594696999 0.0949939787387848 0.0710172280669212 0.0753040164709091 0.0902046635746956
0.0629168972373009 0.0734292417764664 0.0747739970684052 0.0738757029175758 0.0760942995548248 0.08185113966465 0.081574872136116 0.0805512741208076 0.0720634683966637 0.070502907037735 0.0695902407169342 0.0662074312567711 0.0683446228504181 0.051192220300436 0.0533419772982597 0.0598316453397274 0.065144769847393 0.0748667120933533 0.071011558175087 0.0581610091030598 0.0753380432724953 0.0855441391468048 0.0922156721353531 0.098661907017231 0.100850634276867 0.109499879181385 0.132360279560089 0.136662527918816 0.138038739562035 0.135897994041443 0.131591320037842 0.131444022059441 0.135334298014641 0.129294186830521 0.120933465659618 0.12436867505312 0.125966310501099 0.0970484465360641 0.099313884973526 0.106582120060921 0.0865800976753235 0.0794828683137894 0.0937723219394684 0.131083562970161
0.0737811326980591 0.0921407267451286 0.0737520381808281 0.0639680027961731 0.076438382267952 0.0951870754361153 0.100347697734833 0.0855593979358673 0.0738843604922295 0.0725968331098557 0.0853652283549309 0.0879054814577103 0.0802650675177574 0.0715569108724594 0.0845086500048637 0.109018579125404 0.112077496945858 0.10685983300209 0.0931578502058983 0.0870830938220024 0.0939101502299309 0.112098433077335 0.111721411347389 0.125507012009621 0.118203088641167 0.122879341244698 0.134735912084579 0.142625719308853 0.124883010983467 0.130963161587715 0.143347963690758 0.150775119662285 0.152518674731255 0.145605936646461 0.140141203999519 0.127909854054451 0.123449742794037 0.0995398908853531 0.111536525189877 0.118711538612843 0.116547048091888 0.11463575810194 0.114960335195065 0.14411398768425
0.111560754477978 0.112794116139412 0.086121030151844 0.0815011188387871 0.0989208072423935 0.124443471431732 0.116523258388042 0.0947697311639786 0.102864429354668 0.100090332329273 0.0999310687184334 0.116091787815094 0.114878185093403 0.132607355713844 0.14828459918499 0.157237872481346 0.134283930063248 0.119968220591545 0.0972578972578049 0.0901030004024506 0.0957697853446007 0.0935042798519135 0.105957381427288 0.131386682391167 0.12450448423624 0.132139638066292 0.137135162949562 0.134181648492813 0.100081615149975 0.096415713429451 0.114048279821873 0.120756089687347 0.112105637788773 0.128538846969604 0.148695230484009 0.143234729766846 0.12648007273674 0.12838351726532 0.141602993011475 0.150071561336517 0.171669006347656 0.130781650543213 0.159263998270035 0.141469269990921
0.120142169296741 0.0894958302378654 0.08465875685215 0.0787024050951004 0.127988040447235 0.135968789458275 0.119580544531345 0.12159601598978 0.136383175849915 0.14537650346756 0.131534397602081 0.136386170983315 0.140347331762314 0.138905376195908 0.149618357419968 0.140635445713997 0.116190172731876 0.11662583053112 0.109643749892712 0.123754121363163 0.132438480854034 0.135045111179352 0.126460805535316 0.149802684783936 0.144770085811615 0.142833843827248 0.167158797383308 0.169543340802193 0.153500005602837 0.126721292734146 0.110516376793385 0.119879804551601 0.111722499132156 0.10079575330019 0.156716153025627 0.140328302979469 0.125262305140495 0.148092940449715 0.166693523526192 0.186262622475624 0.217818483710289 0.166714444756508 0.204718232154846 0.195647388696671
0.0923532769083977 0.10339043289423 0.119187891483307 0.131062775850296 0.127670273184776 0.107825204730034 0.13025826215744 0.156870275735855 0.157416641712189 0.146966651082039 0.158373475074768 0.147301256656647 0.145995318889618 0.151848554611206 0.149327918887138 0.145789757370949 0.152236342430115 0.159121677279472 0.132246047258377 0.15184710919857 0.160695597529411 0.158972457051277 0.194687992334366 0.181262403726578 0.185063377022743 0.203184604644775 0.16772124171257 0.177533552050591 0.18321767449379 0.175385773181915 0.136341735720634 0.131636917591095 0.148160830140114 0.131530627608299 0.175036504864693 0.155436933040619 0.168304324150085 0.197273299098015 0.189132541418076 0.232870921492577 0.247538447380066 0.228893145918846 0.227696269750595 0.216839626431465
0.119246259331703 0.124429956078529 0.159847497940063 0.154561325907707 0.155277773737907 0.15531899034977 0.171084046363831 0.177481263875961 0.191314488649368 0.156114846467972 0.168224930763245 0.132809907197952 0.147636279463768 0.159919530153275 0.181921437382698 0.17832313477993 0.174914583563805 0.177388399839401 0.189218729734421 0.198872268199921 0.204636469483376 0.208728268742561 0.197769030928612 0.209732815623283 0.212332904338837 0.242424353957176 0.237977162003517 0.176804304122925 0.165937542915344 0.166882082819939 0.169245034456253 0.181942418217659 0.190691530704498 0.197878271341324 0.199678182601929 0.190586626529694 0.176984041929245 0.172868609428406 0.245013505220413 0.265970289707184 0.287627160549164 0.306068241596222 0.324159264564514 0.273456394672394
0.148955196142197 0.121763080358505 0.172113701701164 0.203385755419731 0.19843652844429 0.199936777353287 0.178835421800613 0.191100880503654 0.16891074180603 0.155839040875435 0.162601813673973 0.178948104381561 0.182601571083069 0.176531314849854 0.168314322829247 0.15862350165844 0.135634616017342 0.136475458741188 0.161927714943886 0.169414103031158 0.202833652496338 0.190677732229233 0.216462969779968 0.239548325538635 0.240448474884033 0.28255021572113 0.269595384597778 0.201137751340866 0.187554344534874 0.190909430384636 0.206854060292244 0.208004638552666 0.214913547039032 0.219781666994095 0.178293228149414 0.176984041929245 0.185337349772453 0.191229850053787 0.228933617472649 0.23663604259491 0.251781225204468 0.280963510274887 0.334493219852448 0.292584478855133
0.20048750936985 0.197426468133926 0.220523923635483 0.230461314320564 0.228062659502029 0.209186837077141 0.214115828275681 0.22171638906002 0.205999881029129 0.209902226924896 0.201356127858162 0.190563783049583 0.165379002690315 0.166561603546143 0.16498675942421 0.147255718708038 0.152593210339546 0.14803746342659 0.179480329155922 0.191965281963348 0.181352898478508 0.191609427332878 0.189034029841423 0.213742077350616 0.267687320709229 0.289612472057343 0.290128707885742 0.280668377876282 0.215603068470955 0.197759732604027 0.224533274769783 0.251019507646561 0.228158816695213 0.217809692025185 0.190944001078606 0.20569734275341 0.197581231594086 0.197596743702888 0.192724704742432 0.190753772854805 0.231254443526268 0.237065926194191 0.264047116041183 0.256614923477173
0.239864662289619 0.236615881323814 0.241260677576065 0.24340483546257 0.239521160721779 0.206213861703873 0.205795139074326 0.241706505417824 0.221340730786324 0.215748816728592 0.217479377985001 0.2147446423769 0.212015613913536 0.206430673599243 0.216248020529747 0.204714119434357 0.201011210680008 0.192732751369476 0.205747842788696 0.250441133975983 0.250359833240509 0.240060955286026 0.236132338643074 0.239708811044693 0.253320217132568 0.259185940027237 0.214637264609337 0.267553776502609 0.266788274049759 0.204236283898354 0.233729645609856 0.253539115190506 0.2378930747509 0.22526516020298 0.228211015462875 0.238568767905235 0.233343735337257 0.191166698932648 0.154839485883713 0.164191573858261 0.229681149125099 0.219493046402931 0.23277822136879 0.331204533576965
0.260332673788071 0.267660677433014 0.267013669013977 0.263722032308578 0.276850581169128 0.25719490647316 0.24934247136116 0.241104111075401 0.222467124462128 0.226794123649597 0.215513899922371 0.209585428237915 0.239766582846642 0.235821843147278 0.212847545742989 0.205874994397163 0.198641657829285 0.195985391736031 0.187854066491127 0.229947298765182 0.219231352210045 0.208289727568626 0.21114881336689 0.158348202705383 0.186761245131493 0.201745301485062 0.202937066555023 0.218913048505783 0.250283509492874 0.234391719102859 0.193901598453522 0.18311695754528 0.259466648101807 0.25259205698967 0.237530335783958 0.220100969076157 0.234008491039276 0.174794211983681 0.15951269865036 0.151450827717781 0.229478746652603 0.215780451893806 0.234296888113022 0.300349414348602
0.281735479831696 0.29327404499054 0.293874084949493 0.29193839430809 0.278587400913239 0.272041916847229 0.288956880569458 0.263703107833862 0.26293534040451 0.276831120252609 0.268404424190521 0.227704375982285 0.237750232219696 0.244543015956879 0.215688765048981 0.161351695656776 0.167567670345306 0.196140840649605 0.192087963223457 0.220925509929657 0.242555916309357 0.204483136534691 0.137212291359901 0.153832912445068 0.247458189725876 0.106573686003685 0.176531597971916 0.242364153265953 0.342782914638519 0.360285222530365 0.251253008842468 0.214461773633957 0.247921362519264 0.261679381132126 0.250438153743744 0.238810494542122 0.225139513611794 0.220727518200874 0.18981845676899 0.252466917037964 0.239764660596848 0.262363851070404 0.274183601140976 0.325784802436829
0.301890015602112 0.24161197245121 0.297552645206451 0.304806053638458 0.301279097795486 0.299235969781876 0.289711833000183 0.269308984279633 0.288613885641098 0.286425650119781 0.281253099441528 0.24762524664402 0.199902832508087 0.172065854072571 0.172556579113007 0.183610469102859 0.173022955656052 0.202905207872391 0.218170538544655 0.228900521993637 0.23986279964447 0.197869122028351 0.134306162595749 0.207780793309212 0.18493165075779 0.102048926055431 0.237613826990128 0.260544091463089 0.356863021850586 0.365683853626251 0.231154188513756 0.162705391645432 0.256098181009293 0.290584862232208 0.252783954143524 0.25841024518013 0.310662448406219 0.321591436862946 0.31082421541214 0.347370862960815 0.369295418262482 0.381042450666428 0.387278705835342 0.410926043987274
0.33197021484375 0.282250225543976 0.306291818618774 0.331472128629684 0.329812109470367 0.326062142848969 0.299633473157883 0.268387734889984 0.252682030200958 0.265417516231537 0.280369102954865 0.266296207904816 0.228524878621101 0.182879582047462 0.162855759263039 0.170685917139053 0.138016641139984 0.1536675542593 0.147255957126617 0.170987024903297 0.205109342932701 0.227652668952942 0.191916018724442 0.251256257295609 0.23819874227047 0.190383270382881 0.319210469722748 0.265598654747009 0.367014616727829 0.265905499458313 0.153202041983604 0.20538817346096 0.380588680505753 0.268446117639542 0.238363265991211 0.274231433868408 0.351328253746033 0.325559943914413 0.309670180082321 0.39726310968399 0.375500321388245 0.400225549936295 0.463230282068253 0.433813899755478
0.340232223272324 0.341864317655563 0.345193684101105 0.362264186143875 0.33481103181839 0.327665865421295 0.302103668451309 0.271340876817703 0.211663544178009 0.244858413934708 0.238955050706863 0.277388334274292 0.251149207353592 0.234175965189934 0.225736707448959 0.204448118805885 0.197471186518669 0.164450198411942 0.161201402544975 0.183344841003418 0.177801236510277 0.16324719786644 0.161579310894012 0.190406501293182 0.305317312479019 0.285656481981277 0.382372409105301 0.403895825147629 0.348740339279175 0.202068999409676 0.235333561897278 0.354777425527573 0.436207801103592 0.444702506065369 0.355261743068695 0.31929686665535 0.393087536096573 0.369806617498398 0.358489453792572 0.419931769371033 0.356770575046539 0.320432215929031 0.366616189479828 0.450209766626358
