data/climate_estimation/maxent_output/Fritillaria_kotschyana.asc
NCOLS 71 
NROWS 63 
XLLCORNER 48.4166666666667 
YLLCORNER 32.5833333333333 
CELLSIZE 0.0833333333333333 
NODATA_value -3.4e+38 
[rows 40 to 59 of 63, columns 0 to 43 of 71]
0.743964493274689 0.75426310300827 0.766907155513763 0.764819025993347 0.760123491287231 0.7724769115448 0.79141753911972 0.816201865673065 0.851293861865997 0.851950645446777 0.865058124065399 0.882234513759613 0.903713941574097 0.921319782733917 0.934637188911438 0.939762532711029 0.937723696231842 0.936100840568542 0.930229544639587 0.925970911979675 0.927705466747284 0.934205830097198 0.922365128993988 0.935636758804321 0.966083526611328 0.961177587509155 0.963860034942627 0.962852776050568 0.977497220039368 0.979985535144806 0.981789529323578 0.984846949577332 0.987478971481323 0.988507151603699 0.989567160606384 0.990476250648499 0.991177082061768 0.991245806217194 0.991095781326294 0.991082012653351 0.991629719734192 0.991296529769897 0.990632474422455 0.990532219409943
0.768516957759857 0.772460758686066 0.769329845905304 0.753617107868195 0.752841651439667 0.764695167541504 0.776277840137482 0.802963852882385 0.83129745721817 0.862138748168945 0.84428745508194 0.834607779979706 0.901699841022491 0.923806130886078 0.944362163543701 0.949205279350281 0.951018810272217 0.950547456741333 0.945233881473541 0.937496781349182 0.945703327655792 0.949819684028625 0.939629018306732 0.934939980506897 0.964345157146454 0.970636546611786 0.974258184432983 0.954342186450958 0.949603140354156 0.958346128463745 0.960002303123474 0.964415371417999 0.974448502063751 0.989179849624634 0.99096018075943 0.990984499454498 0.992359220981598 0.992037057876587 0.992174863815308 0.992750644683838 0.991974353790283 0.992319881916046 0.99171781539917 0.991360545158386
0.766994178295135 0.77349841594696 0.760539174079895 0.754148960113525 0.760110259056091 0.761232852935791 0.780072689056396 0.794694542884827 0.820575714111328 0.853734016418457 0.887525916099548 0.875125765800476 0.87200003862381 0.912124276161194 0.950191020965576 0.956694602966309 0.961533188819885 0.958381235599518 0.957725524902344 0.952125430107117 0.944607496261597 0.934449017047882 0.927986204624176 0.91355973482132 0.963112890720367 0.969823896884918 0.946582078933716 0.943865358829498 0.906005203723907 0.924237012863159 0.934093177318573 0.944481611251831 0.97227954864502 0.988672137260437 0.991788804531097 0.992186784744263 0.993150770664215 0.992878496646881 0.99342268705368 0.993325054645538 0.992847681045532 0.992695868015289 0.992597639560699 0.992142200469971
0.742277562618256 0.740507066249847 0.738094866275787 0.746669411659241 0.75498229265213 0.771654546260834 0.774474263191223 0.780772507190704 0.791292130947113 0.824445903301239 0.874142527580261 0.878227114677429 0.833982408046722 0.907761752605438 0.958287954330444 0.963797509670258 0.962793469429016 0.961027443408966 0.958872139453888 0.952749669551849 0.947285294532776 0.942553877830505 0.927684605121613 0.950618922710419 0.962849199771881 0.966912031173706 0.942582190036774 0.901742100715637 0.837713956832886 0.840603649616241 0.861377835273743 0.916869163513184 0.955151736736298 0.988350093364716 0.992788255214691 0.993294954299927 0.993885576725006 0.993768572807312 0.993764758110046 0.993357121944427 0.992988169193268 0.99285501241684 0.992613554000854 0.993079662322998
0.771016359329224 0.748176097869873 0.751902878284454 0.747965276241302 0.752541065216064 0.776895105838776 0.784532606601715 0.798880815505981 0.792651951313019 0.815843880176544 0.83360892534256 0.891792058944702 0.872057259082794 0.894984781742096 0.942394971847534 0.965526819229126 0.964607834815979 0.961151659488678 0.952588498592377 0.945412814617157 0.941296219825745 0.910494267940521 0.892317593097687 0.926732778549194 0.950133860111237 0.959557354450226 0.949114978313446 0.927389025688171 0.87393844127655 0.83778578042984 0.850739538669586 0.92110675573349 0.94665265083313 0.981586992740631 0.992127358913422 0.99394965171814 0.994321882724762 0.994489192962646 0.993884146213531 0.993834018707275 0.993639290332794 0.993744015693665 0.992068469524384 0.991161584854126
0.760332465171814 0.763860762119293 0.769498825073242 0.765022158622742 0.757397413253784 0.773466527462006 0.776599526405334 0.774630010128021 0.813982784748077 0.816252171993256 0.866908371448517 0.890184879302979 0.909586668014526 0.910292208194733 0.925287961959839 0.910142660140991 0.944002568721771 0.952509641647339 0.945169866085052 0.902374088764191 0.899140238761902 0.888265430927277 0.890052616596222 0.91739159822464 0.923256993293762 0.922612190246582 0.947087347507477 0.941272020339966 0.91047614812851 0.879729866981506 0.885616064071655 0.919946312904358 0.965163946151733 0.980334043502808 0.990569651126862 0.99432760477066 0.994777917861938 0.994964003562927 0.994138896465302 0.993819534778595 0.993744015693665 0.992729067802429 0.989295542240143 0.978170096874237
0.666306853294373 0.724234402179718 0.788434326648712 0.803631484508514 0.789585769176483 0.765274822711945 0.787320852279663 0.786677300930023 0.804547250270844 0.837851047515869 0.804977655410767 0.873705327510834 0.911153197288513 0.84622597694397 0.874288856983185 0.87899786233902 0.874630331993103 0.930197596549988 0.921823799610138 0.871055662631989 0.800298035144806 0.838981509208679 0.849587738513947 0.865140497684479 0.884198188781738 0.922792017459869 0.943171203136444 0.940180242061615 0.928767502307892 0.904290735721588 0.874865174293518 0.848067820072174 0.916798770427704 0.978516161441803 0.982049465179443 0.993399083614349 0.995027422904968 0.994860947132111 0.994804799556732 0.994305908679962 0.993677794933319 0.992607414722443 0.989888250827789 0.983442664146423
0.690709829330444 0.696661531925201 0.737371504306793 0.823959410190582 0.838855028152466 0.808435499668121 0.780287683010101 0.792920827865601 0.799327492713928 0.812430858612061 0.816965758800507 0.847348928451538 0.842377305030823 0.886647582054138 0.849611759185791 0.850916385650635 0.826255559921265 0.875975668430328 0.883612453937531 0.879304587841034 0.8562833070755 0.865585565567017 0.865385949611664 0.894955039024353 0.926956951618195 0.926383137702942 0.917231142520905 0.917253911495209 0.920046031475067 0.915617704391479 0.889152765274048 0.845492720603943 0.89365941286087 0.956338167190552 0.920392274856567 0.973667025566101 0.989656627178192 0.991880893707275 0.992944955825806 0.993195056915283 0.993331551551819 0.992796540260315 0.99228036403656 0.989617586135864
0.764911711215973 0.757452070713043 0.762358367443085 0.817647397518158 0.862972795963287 0.844297170639038 0.816587626934052 0.802509844303131 0.805321097373962 0.82838237285614 0.809499263763428 0.810801208019257 0.823235988616943 0.817565381526947 0.839369654655457 0.831971824169159 0.818682968616486 0.827228307723999 0.862145781517029 0.871922492980957 0.880354821681976 0.867604315280914 0.881357431411743 0.901626765727997 0.907728433609009 0.879139840602875 0.874338924884796 0.855728268623352 0.885527610778809 0.905547440052032 0.897895038127899 0.885934591293335 0.898347318172455 0.902710735797882 0.868560612201691 0.882679641246796 0.965939939022064 0.982517778873444 0.98515373468399 0.989928126335144 0.992555260658264 0.992595911026001 0.992464482784271 0.991510033607483
0.797980189323425 0.788602709770203 0.789017200469971 0.79091876745224 0.837069392204285 0.873765110969543 0.862171769142151 0.84536749124527 0.843392789363861 0.824471771717072 0.847689628601074 0.83137434720993 0.85261607170105 0.860409259796143 0.854391992092133 0.820209383964539 0.842107951641083 0.85092294216156 0.859131932258606 0.870926380157471 0.877212524414062 0.881814122200012 0.88245040178299 0.883684098720551 0.887459874153137 0.886275112628937 0.875317215919495 0.842603206634521 0.87973165512085 0.896805465221405 0.890996515750885 0.875280976295471 0.846866309642792 0.810903370380402 0.791438341140747 0.841661214828491 0.897278606891632 0.917480528354645 0.960304021835327 0.982137799263 0.98887038230896 0.991167068481445 0.991571724414825 0.991646707057953
0.768810212612152 0.819471418857574 0.829116225242615 0.79090279340744 0.771701514720917 0.8471360206604 0.886296093463898 0.870107173919678 0.835660219192505 0.834769248962402 0.843054354190826 0.852297306060791 0.847905337810516 0.869440257549286 0.853461086750031 0.834549009799957 0.820665717124939 0.833485066890717 0.839354634284973 0.845226943492889 0.839307963848114 0.838629484176636 0.853124976158142 0.837914347648621 0.857251703739166 0.859030723571777 0.868126809597015 0.873758971691132 0.880404353141785 0.876116991043091 0.871193766593933 0.857355296611786 0.840233206748962 0.834059953689575 0.825419008731842 0.821125388145447 0.823142468929291 0.839034020900726 0.87057363986969 0.959116637706757 0.980513453483582 0.986585438251495 0.989159643650055 0.990630328655243
0.868419051170349 0.820033550262451 0.792957007884979 0.833670318126678 0.820175647735596 0.810540795326233 0.84526264667511 0.897415339946747 0.889420211315155 0.841775059700012 0.797395527362823 0.841976583003998 0.85414981842041 0.855530679225922 0.822792530059814 0.803045809268951 0.806564152240753 0.795018315315247 0.803561747074127 0.794824361801147 0.788537502288818 0.777017593383789 0.816382706165314 0.849979817867279 0.859475910663605 0.855214059352875 0.849500119686127 0.852691352367401 0.857670664787292 0.857182204723358 0.853444695472717 0.856571853160858 0.872319400310516 0.868498384952545 0.857989192008972 0.851238548755646 0.829665005207062 0.805224776268005 0.845346689224243 0.887281000614166 0.903784275054932 0.959840416908264 0.978304147720337 0.985637664794922
0.888947367668152 0.852685213088989 0.821981072425842 0.799010753631592 0.80566543340683 0.803458094596863 0.774365246295929 0.85594779253006 0.883887946605682 0.875521957874298 0.847306311130524 0.840266644954681 0.852968573570251 0.849742352962494 0.825652420520782 0.807042479515076 0.775985240936279 0.77336049079895 0.776448488235474 0.770085573196411 0.763822913169861 0.778026878833771 0.813258588314056 0.830190300941467 0.841241776943207 0.809513807296753 0.795239627361298 0.811504125595093 0.825989246368408 0.827942490577698 0.825376570224762 0.842967569828033 0.874045312404633 0.879268288612366 0.875152051448822 0.86349081993103 0.853801488876343 0.820493578910828 0.79099053144455 0.82651698589325 0.79348748922348 0.888546645641327 0.9642413854599 0.979296624660492
0.897333562374115 0.871033012866974 0.845080971717834 0.815844237804413 0.797623455524445 0.820643961429596 0.857175171375275 0.827279806137085 0.798376142978668 0.769270181655884 0.739815890789032 0.819249451160431 0.842669427394867 0.836667060852051 0.817285537719727 0.802485942840576 0.78377765417099 0.757334887981415 0.751214444637299 0.756420075893402 0.760701060295105 0.76224422454834 0.775772273540497 0.798009395599365 0.805114448070526 0.812478959560394 0.781664848327637 0.76624995470047 0.782161593437195 0.78790158033371 0.822238922119141 0.850892663002014 0.870079517364502 0.884356260299683 0.883774220943451 0.878986537456512 0.870938360691071 0.856748938560486 0.849503695964813 0.865529596805573 0.887209177017212 0.921043753623962 0.962424337863922 0.963611364364624
0.824398696422577 0.819145262241364 0.794119596481323 0.831309378147125 0.824576020240784 0.895273804664612 0.846626877784729 0.81842702627182 0.780732691287994 0.720266044139862 0.723643898963928 0.692599177360535 0.774421870708466 0.798045992851257 0.78389048576355 0.782010853290558 0.769917786121368 0.762137711048126 0.764633178710938 0.761390268802643 0.745457291603088 0.749182760715485 0.769846498966217 0.776248574256897 0.786067545413971 0.791636049747467 0.797712564468384 0.784132122993469 0.770514190196991 0.8110231757164 0.836958885192871 0.863182008266449 0.894327282905579 0.887768387794495 0.89384663105011 0.897402286529541 0.896376073360443 0.895212233066559 0.895370185375214 0.893552780151367 0.889144897460938 0.906651675701141 0.903422832489014 0.923287153244019
0.822018980979919 0.893947303295135 0.861658215522766 0.877400696277618 0.923392772674561 0.919655084609985 0.86164128780365 0.816289782524109 0.8088738322258 0.821428239345551 0.756317257881165 0.727146089076996 0.722759068012238 0.763360440731049 0.77759838104248 0.786680638790131 0.760938584804535 0.728344857692719 0.746598064899445 0.754563868045807 0.747716069221497 0.733382761478424 0.728082954883575 0.741794168949127 0.746742486953735 0.770282983779907 0.790771067142487 0.801443338394165 0.816448271274567 0.832244277000427 0.841300487518311 0.861455500125885 0.889942467212677 0.903345942497253 0.916990041732788 0.923795521259308 0.910986483097076 0.9126216173172 0.911404430866241 0.902341902256012 0.899408280849457 0.88729864358902 0.876373708248138 0.89902400970459
0.866775512695312 0.924240589141846 0.935593008995056 0.941152274608612 0.940469741821289 0.875928223133087 0.85977828502655 0.851160645484924 0.790418326854706 0.799976766109467 0.773561418056488 0.769310832023621 0.72022670507431 0.774258434772491 0.778956353664398 0.780638813972473 0.73468691110611 0.727468073368073 0.734387636184692 0.745275318622589 0.739656865596771 0.737852156162262 0.724863529205322 0.708210408687592 0.731992304325104 0.732095301151276 0.763973295688629 0.800253450870514 0.817986488342285 0.848345696926117 0.857282400131226 0.838216662406921 0.892792999744415 0.910830557346344 0.919077754020691 0.926345109939575 0.917776226997375 0.919650971889496 0.921123147010803 0.916237235069275 0.91063392162323 0.90094667673111 0.897989571094513 0.900339901447296
0.876540839672089 0.927261412143707 0.945020318031311 0.927212476730347 0.88583117723465 0.882546126842499 0.8697310090065 0.905419647693634 0.867445528507233 0.866826772689819 0.762362658977509 0.730324864387512 0.658248543739319 0.704786121845245 0.800897240638733 0.760797619819641 0.756896555423737 0.721717655658722 0.694002509117126 0.708920478820801 0.741997301578522 0.735553622245789 0.739087164402008 0.740354716777802 0.750407814979553 0.754343450069427 0.745268523693085 0.759518563747406 0.784369468688965 0.835954785346985 0.860372006893158 0.875055193901062 0.883228123188019 0.899582147598267 0.914280593395233 0.906480729579926 0.917598843574524 0.920911133289337 0.925731420516968 0.92428857088089 0.924818754196167 0.916055798530579 0.911922633647919 0.897378027439117
0.873953282833099 0.913525819778442 0.923636555671692 0.941672742366791 0.945867836475372 0.906982719898224 0.930190205574036 0.951715767383575 0.939979016780853 0.904928922653198 0.859570860862732 0.770767450332642 0.764944732189178 0.754862487316132 0.774384915828705 0.762175381183624 0.741420924663544 0.741840720176697 0.716813385486603 0.69583123922348 0.713717877864838 0.750529229640961 0.74456524848938 0.760664403438568 0.738670706748962 0.70491349697113 0.729059219360352 0.756338536739349 0.754784166812897 0.778840482234955 0.801549553871155 0.856438159942627 0.837973713874817 0.858576059341431 0.881597936153412 0.906241118907928 0.917780935764313 0.920050740242004 0.925944268703461 0.929352939128876 0.932361721992493 0.931017875671387 0.925014972686768 0.912720441818237
0.936860859394073 0.942685127258301 0.93960577249527 0.951868534088135 0.948098003864288 0.933101832866669 0.947265982627869 0.941447079181671 0.939648628234863 0.939995467662811 0.911400437355042 0.902361989021301 0.827857136726379 0.814665734767914 0.847034394741058 0.815142929553986 0.737934172153473 0.693997740745544 0.711255967617035 0.727334797382355 0.710973083972931 0.724729955196381 0.758980274200439 0.771303117275238 0.753371596336365 0.756308436393738 0.74626612663269 0.740033030509949 0.780345022678375 0.819459080696106 0.819928169250488 0.84793609380722 0.825217485427856 0.833396077156067 0.871868908405304 0.89698725938797 0.90638655424118 0.919812619686127 0.922419428825378 0.924976527690887 0.930050671100616 0.930661201477051 0.932644486427307 0.93154513835907
