data/climate_estimation/maxent_output/Fritillaria_kurdica.asc
NCOLS 171 
NROWS 40 
XLLCORNER 34.8333333333333 
YLLCORNER 37.5833333333333 
CELLSIZE 0.0833333333333333 
NODATA_value -3.4e+38 
[rows 0 to 19 of 40, columns 44 to 87 of 171]
0.730802655220032 0.736380398273468 0.765171825885773 0.762388646602631 0.777166604995728 0.823037624359131 0.836559772491455 0.798606216907501 0.835861504077911 0.835405945777893 0.818820238113403 0.846756458282471 0.829041004180908 0.842186629772186 0.799150824546814 0.827690422534943 0.790302217006683 0.737975299358368 0.61909955739975 0.655358731746674 0.662120699882507 0.542595267295837 0.530596733093262 0.560446500778198 0.756275594234467 0.82925546169281 0.787626624107361 0.811693370342255 0.760517358779907 0.775578677654266 0.730006694793701 0.704437911510468 0.711259245872498 0.731865584850311 0.741451501846313 0.647761464118958 0.845008313655853 0.685038506984711 0.853259384632111 0.679061532020569 0.628705322742462 0.654436945915222 0.649628162384033 0.635088622570038
0.823311984539032 0.82520055770874 0.83139443397522 0.824000895023346 0.838063895702362 0.846288800239563 0.795141696929932 0.796648383140564 0.782910406589508 0.797886431217194 0.752756178379059 0.756347477436066 0.835519790649414 0.851463139057159 0.841600596904755 0.818071663379669 0.848993301391602 0.823367893695831 0.810495674610138 0.815427720546722 0.784046709537506 0.780931055545807 0.837637841701508 0.825649917125702 0.813747346401215 0.8186354637146 0.747995853424072 0.708836495876312 0.706454038619995 0.719956755638123 0.688656270503998 0.698839783668518 0.704215586185455 0.720322668552399 0.738671660423279 0.817939639091492 0.848106980323792 0.83912193775177 0.854585289955139 0.678053379058838 0.688286304473877 0.704802989959717 0.6637322306633 0.670619606971741
0.813002526760101 0.827087640762329 0.812135279178619 0.797422111034393 0.781516373157501 0.790371060371399 0.824856460094452 0.818002879619598 0.762975811958313 0.737626612186432 0.727172493934631 0.755831718444824 0.793272614479065 0.805551052093506 0.756466805934906 0.756325960159302 0.838313519954681 0.828987538814545 0.784230709075928 0.782280623912811 0.841401159763336 0.804506242275238 0.743551671504974 0.726232588291168 0.752728879451752 0.792518138885498 0.727118611335754 0.713957726955414 0.694434762001038 0.697353422641754 0.713912963867188 0.735461413860321 0.788131535053253 0.822129011154175 0.847570836544037 0.848040044307709 0.651169776916504 0.659640073776245 0.691900491714478 0.677357077598572 0.659076929092407 0.637415051460266 0.61902117729187 0.629173099994659
0.772123217582703 0.782310307025909 0.735750555992126 0.733863353729248 0.745443046092987 0.726373136043549 0.751063942909241 0.797662138938904 0.781898975372314 0.782659590244293 0.757828593254089 0.716479003429413 0.713044881820679 0.708334445953369 0.710700869560242 0.72211080789566 0.745392203330994 0.743915617465973 0.721405625343323 0.736761391162872 0.798157453536987 0.780852258205414 0.725296556949615 0.708525717258453 0.740053176879883 0.732605218887329 0.700030028820038 0.693478763103485 0.697783172130585 0.729565262794495 0.761377930641174 0.80372816324234 0.834585726261139 0.78000819683075 0.775126695632935 0.750796854496002 0.779142141342163 0.819320678710938 0.648284316062927 0.623602986335754 0.622323274612427 0.616230905056 0.622809231281281 0.63387268781662
0.747072339057922 0.752400159835815 0.729096829891205 0.715137004852295 0.72033679485321 0.718972563743591 0.733980596065521 0.754004299640656 0.7569220662117 0.789912939071655 0.766125857830048 0.756130278110504 0.7305908203125 0.70599627494812 0.702122926712036 0.716602981090546 0.720465958118439 0.722780287265778 0.725644469261169 0.71946793794632 0.730800986289978 0.720010936260223 0.718898117542267 0.694241940975189 0.703547060489655 0.7100470662117 0.722250640392303 0.734760940074921 0.734760940074921 0.741071283817291 0.815397202968597 0.795213758945465 0.757583856582642 0.741457223892212 0.734704077243805 0.771781623363495 0.801523149013519 0.80055695772171 0.759849429130554 0.751491546630859 0.624554216861725 0.620626270771027 0.618632018566132 0.610367238521576
0.728421568870544 0.743023931980133 0.733308255672455 0.734800338745117 0.707104623317719 0.69516509771347 0.705460608005524 0.717725694179535 0.729649007320404 0.744122624397278 0.767576277256012 0.756649434566498 0.74945080280304 0.740622460842133 0.740878045558929 0.728694796562195 0.713054239749908 0.715120136737823 0.721692144870758 0.722780287265778 0.724694967269897 0.733108758926392 0.733907103538513 0.731321036815643 0.736991047859192 0.75964081287384 0.776654839515686 0.779694437980652 0.777275919914246 0.796507358551025 0.780346870422363 0.737190783023834 0.72413969039917 0.746295928955078 0.757285118103027 0.793453335762024 0.772862911224365 0.756162762641907 0.761565446853638 0.767200469970703 0.759085476398468 0.616383075714111 0.606263279914856 0.610681414604187
0.760209798812866 0.75384920835495 0.761518955230713 0.751713931560516 0.738186001777649 0.710152447223663 0.685256838798523 0.6916863322258 0.735205590724945 0.736695051193237 0.726921617984772 0.736982703208923 0.745322704315186 0.747051060199738 0.736691355705261 0.735890865325928 0.73126482963562 0.73410826921463 0.748097479343414 0.748639523983002 0.751575291156769 0.754999935626984 0.759854257106781 0.752930283546448 0.766481459140778 0.758302211761475 0.766312301158905 0.741244256496429 0.740984559059143 0.742206275463104 0.727057933807373 0.704912602901459 0.713103234767914 0.728137612342834 0.738255679607391 0.774411618709564 0.773675978183746 0.749393939971924 0.757266402244568 0.756316184997559 0.617886781692505 0.616965889930725 0.754217624664307 0.741719603538513
0.75953882932663 0.75674957036972 0.736815631389618 0.746640264987946 0.734101474285126 0.728802084922791 0.72006219625473 0.719368994235992 0.721024513244629 0.727193355560303 0.722677886486053 0.73237419128418 0.725542306900024 0.724329113960266 0.71829229593277 0.71829229593277 0.724034488201141 0.731391489505768 0.731391489505768 0.735725402832031 0.731098651885986 0.729850649833679 0.729850649833679 0.729443371295929 0.731875836849213 0.724372684955597 0.734974801540375 0.732238113880157 0.724882662296295 0.737247586250305 0.73033195734024 0.733051240444183 0.715328633785248 0.731001853942871 0.744445264339447 0.751520931720734 0.762448310852051 0.753011763095856 0.739945709705353 0.766469776630402 0.772767186164856 0.770370960235596 0.759426474571228 0.752179503440857
0.746756017208099 0.721124470233917 0.719761073589325 0.735988318920135 0.743947625160217 0.748903095722198 0.750229954719543 0.751023530960083 0.73936653137207 0.730707168579102 0.730851769447327 0.72895622253418 0.720742106437683 0.733155250549316 0.738420784473419 0.72880756855011 0.731115221977234 0.734756767749786 0.726469457149506 0.730560064315796 0.730560064315796 0.733396112918854 0.725348889827728 0.735653936862946 0.729008853435516 0.735104739665985 0.739701390266418 0.739441335201263 0.726824998855591 0.731031835079193 0.740768611431122 0.727070868015289 0.713382184505463 0.717085719108582 0.726681113243103 0.743828296661377 0.743712186813354 0.736744403839111 0.753213822841644 0.754230201244354 0.760337889194489 0.754560589790344 0.752033114433289 0.765981912612915
0.766880452632904 0.751027166843414 0.763336062431335 0.778150677680969 0.757259905338287 0.766720175743103 0.767519056797028 0.758046984672546 0.75460410118103 0.746480226516724 0.75299745798111 0.743238627910614 0.749143838882446 0.736802816390991 0.729621946811676 0.719788908958435 0.726328015327454 0.732207715511322 0.727566361427307 0.725520133972168 0.720989227294922 0.722779035568237 0.727929949760437 0.728210747241974 0.717544138431549 0.729157388210297 0.726007401943207 0.727527022361755 0.723440229892731 0.732819497585297 0.728180646896362 0.729272186756134 0.724619150161743 0.727383255958557 0.740707099437714 0.741271078586578 0.721816420555115 0.733484208583832 0.750567138195038 0.751891493797302 0.749498248100281 0.758521676063538 0.768023550510406 0.773808419704437
0.753279030323029 0.753137648105621 0.749142587184906 0.74981689453125 0.725618422031403 0.715927720069885 0.71441251039505 0.719354689121246 0.729856789112091 0.720025658607483 0.721680283546448 0.72237229347229 0.725237429141998 0.724401593208313 0.715250968933105 0.724574267864227 0.725787222385406 0.707798779010773 0.710281193256378 0.711654007434845 0.711240947246552 0.705170035362244 0.709294140338898 0.719762325286865 0.714927673339844 0.726301610469818 0.726446807384491 0.729012548923492 0.73429811000824 0.736989796161652 0.73967456817627 0.744344830513 0.748223662376404 0.741897463798523 0.749946594238281 0.745317757129669 0.74769538640976 0.757085561752319 0.764746129512787 0.768543660640717 0.760828197002411 0.773829460144043 0.78173828125 0.777374565601349
0.72654926776886 0.739715874195099 0.729136943817139 0.730114221572876 0.726975500583649 0.713688910007477 0.706376254558563 0.694607794284821 0.695312023162842 0.711817622184753 0.717706322669983 0.717011868953705 0.726054251194 0.717011868953705 0.708363652229309 0.711373388767242 0.710000395774841 0.715631186962128 0.728064477443695 0.728064477443695 0.727801620960236 0.722706019878387 0.722327828407288 0.729374468326569 0.737074315547943 0.742999255657196 0.733139038085938 0.746741235256195 0.748355567455292 0.753030896186829 0.744072020053864 0.747022390365601 0.760564506053925 0.752638399600983 0.746359944343567 0.755023062229156 0.760250270366669 0.770967125892639 0.770033657550812 0.775226414203644 0.773782670497894 0.773782670497894 0.779975473880768 0.777284145355225
0.719811499118805 0.711011111736298 0.719432473182678 0.731592178344727 0.713542342185974 0.703444957733154 0.700979650020599 0.699329555034637 0.703472554683685 0.715058505535126 0.713014841079712 0.703642666339874 0.704053461551666 0.697400629520416 0.697400629520416 0.704468369483948 0.715900361537933 0.729286789894104 0.735341370105743 0.737060189247131 0.731088519096375 0.725982666015625 0.715182602405548 0.71849262714386 0.729834675788879 0.731562197208405 0.72948294878006 0.740457594394684 0.731838345527649 0.742703378200531 0.745208382606506 0.749456524848938 0.752416133880615 0.739041864871979 0.729026734828949 0.734312236309052 0.751380860805511 0.754532933235168 0.755803287029266 0.763978064060211 0.770867109298706 0.763315141201019 0.762476027011871 0.761973083019257
0.72458803653717 0.719259142875671 0.711681008338928 0.712524890899658 0.721483707427979 0.722467184066772 0.733771920204163 0.71286815404892 0.694167077541351 0.724755644798279 0.749547719955444 0.736816465854645 0.724210441112518 0.691828429698944 0.677168309688568 0.683885633945465 0.686227738857269 0.703140377998352 0.71510910987854 0.71769791841507 0.726941227912903 0.736196994781494 0.727743923664093 0.725633561611176 0.718260228633881 0.727185010910034 0.731959521770477 0.725755751132965 0.729183256626129 0.730536162853241 0.741710901260376 0.7458855509758 0.713448107242584 0.724716663360596 0.732998788356781 0.738803565502167 0.731780469417572 0.726470232009888 0.743133544921875 0.759139657020569 0.753495335578918 0.7437903881073 0.747417747974396 0.746647655963898
0.727329313755035 0.722963690757751 0.716527044773102 0.707853436470032 0.71021556854248 0.732504069805145 0.732648491859436 0.707640945911407 0.700124561786652 0.708868980407715 0.739609241485596 0.76099568605423 0.760049760341644 0.745439827442169 0.713309049606323 0.686590313911438 0.685784816741943 0.679221868515015 0.68222564458847 0.692738175392151 0.713057100772858 0.720446527004242 0.714688658714294 0.716898441314697 0.707168281078339 0.709356784820557 0.704989433288574 0.709145784378052 0.715072870254517 0.726445496082306 0.726735830307007 0.732176423072815 0.718981802463531 0.719273865222931 0.737734258174896 0.748319089412689 0.753503084182739 0.752690076828003 0.755885303020477 0.750938177108765 0.758129239082336 0.75177925825119 0.744049370288849 0.741519451141357
0.740615844726562 0.715525329113007 0.719108104705811 0.711142778396606 0.723204076290131 0.719093799591064 0.725885629653931 0.723727524280548 0.724250733852386 0.732445776462555 0.722495317459106 0.696084856987 0.726454317569733 0.738295316696167 0.733394742012024 0.70587432384491 0.688395023345947 0.674382150173187 0.674671828746796 0.674321830272675 0.6833735704422 0.679040610790253 0.677844762802124 0.685678780078888 0.69570118188858 0.700878202915192 0.69578492641449 0.709674179553986 0.722891449928284 0.720746695995331 0.721357226371765 0.714426875114441 0.712085068225861 0.730160474777222 0.742305159568787 0.754045426845551 0.747247517108917 0.752154648303986 0.757974863052368 0.754267275333405 0.752464234828949 0.753644406795502 0.746585309505463 0.750086426734924
0.728962957859039 0.723344624042511 0.703199982643127 0.710535764694214 0.710535764694214 0.699167251586914 0.696997344493866 0.688018620014191 0.691925168037415 0.684224963188171 0.681465566158295 0.67179536819458 0.671346187591553 0.679408192634583 0.669858038425446 0.669796288013458 0.666756570339203 0.667885839939117 0.660833835601807 0.658416509628296 0.655119061470032 0.662643849849701 0.659833669662476 0.661321938037872 0.669651627540588 0.680299162864685 0.684955775737762 0.688036561012268 0.699555933475494 0.707623064517975 0.694681704044342 0.705974936485291 0.717784285545349 0.724624514579773 0.726940393447876 0.727656543254852 0.73919689655304 0.723055958747864 0.743212640285492 0.734873414039612 0.738416612148285 0.746847093105316 0.748034715652466 0.756153345108032
0.707211673259735 0.701785862445831 0.699716746807098 0.698381185531616 0.687023639678955 0.684500277042389 0.668706953525543 0.669418573379517 0.679184377193451 0.67072868347168 0.677722930908203 0.673969984054565 0.668096601963043 0.657646238803864 0.670086324214935 0.654207110404968 0.651989221572876 0.636896193027496 0.642906248569489 0.654427170753479 0.638736426830292 0.632918477058411 0.634175539016724 0.636124849319458 0.651570856571198 0.657791256904602 0.670480012893677 0.67830628156662 0.677382290363312 0.681778132915497 0.685100972652435 0.703637957572937 0.700341880321503 0.704510033130646 0.707756280899048 0.710248112678528 0.714889645576477 0.722304284572601 0.734071135520935 0.733444213867188 0.728227376937866 0.731078445911407 0.740393936634064 0.739520728588104
0.700962245464325 0.699736356735229 0.696117758750916 0.691698372364044 0.676103472709656 0.667577922344208 0.682533442974091 0.686910331249237 0.678833723068237 0.686668395996094 0.684358954429626 0.669650852680206 0.670329868793488 0.657734572887421 0.655400216579437 0.659617722034454 0.639108836650848 0.636194348335266 0.61884480714798 0.620693802833557 0.617932140827179 0.609493553638458 0.618525505065918 0.620021283626556 0.642256677150726 0.6421959400177 0.652975559234619 0.658241987228394 0.666184842586517 0.670087218284607 0.681218326091766 0.68581223487854 0.684145927429199 0.688557505607605 0.676953375339508 0.688730299472809 0.702452301979065 0.714513838291168 0.715159773826599 0.724629104137421 0.725610077381134 0.721380352973938 0.729025065898895 0.730522811412811
0.68823653459549 0.695001065731049 0.685455203056335 0.682669281959534 0.680136203765869 0.669384896755219 0.662080824375153 0.66367119550705 0.665101408958435 0.666203081607819 0.670835316181183 0.669313609600067 0.66889214515686 0.651334702968597 0.649411559104919 0.64659970998764 0.634457290172577 0.627922832965851 0.617400407791138 0.60086315870285 0.601243376731873 0.597299098968506 0.597746074199677 0.592609643936157 0.606997966766357 0.621639609336853 0.63929146528244 0.655935108661652 0.657880008220673 0.657941520214081 0.660871028900146 0.665856838226318 0.674045443534851 0.676607012748718 0.682603478431702 0.670584082603455 0.680967211723328 0.694444477558136 0.694482564926147 0.698229730129242 0.708654046058655 0.719008266925812 0.718921184539795 0.72246378660202
