data/climate_estimation/maxent_output/Fritillaria_cirrhosa.asc
NCOLS 455 
NROWS 117 
XLLCORNER 72.4166666666667 
YLLCORNER 25.3333333333333 
CELLSIZE 0.0833333333333333 
NODATA_value -3.4e+38 
[rows 95 to 113 of 117, columns 132 to 175 of 455]
0.0233206227421761 0.0202918481081724 0.0199903137981892 0.0193048678338528 0.0207173712551594 0.0218267124146223 0.023199213668704 0.025182081386447 0.0262481421232224 0.027202820405364 0.0285818297415972 0.0283282157033682 0.0270259082317352 0.0260374136269093 0.0232525710016489 0.0248514600098133 0.0268611405044794 0.0303353406488895 0.0388633832335472 0.0573278404772282 0.0763757675886154 0.0829330608248711 0.106782279908657 0.113941304385662 0.119379565119743 0.13078436255455 0.120830111205578 0.116813965141773 0.112102746963501 0.130431905388832 0.128082692623138 0.126118421554565 0.129577815532684 0.337076038122177 0.768126547336578 0.252748042345047 0.114011168479919 0.143042489886284 0.159525111317635 0.109211876988411 0.47389879822731 0.974666655063629 0.757628798484802 0.214526474475861
0.0193000510334969 0.0184271037578583 0.018078638240695 0.018167968839407 0.0192738603800535 0.0203569661825895 0.0212711412459612 0.0226605664938688 0.0237363036721945 0.0236508045345545 0.0243896450847387 0.0226017255336046 0.0245046317577362 0.0234297513961792 0.0231220945715904 0.0219781380146742 0.0219473913311958 0.0229830332100391 0.0255929492413998 0.0360616371035576 0.0496424250304699 0.0636937767267227 0.0742400661110878 0.0770330056548119 0.0758822932839394 0.0736269876360893 0.0684351399540901 0.0757990479469299 0.0823124125599861 0.0935783088207245 0.101724177598953 0.095612995326519 0.101723231375217 0.0953284427523613 0.162303417921066 0.13164409995079 0.224435493350029 0.46308359503746 0.780720233917236 0.145086064934731 0.271505296230316 0.41346201300621 0.795869886875153 0.44889622926712
0.016984773799777 0.00126529834233224 0.015841543674469 0.0169711876660585 0.018862146884203 0.0192510839551687 0.0200840141624212 0.0188832059502602 0.0191474109888077 0.0199542623013258 0.0201665218919516 0.0213306844234467 0.0218290071934462 0.0217031240463257 0.0213060881942511 0.0207760408520699 0.0203771479427814 0.0211369208991528 0.022691885009408 0.0292197801172733 0.0385529696941376 0.0467596799135208 0.0518927425146103 0.0571052692830563 0.0540106669068336 0.0492914244532585 0.0682395547628403 0.0697595253586769 0.0728782713413239 0.0542868338525295 0.0635351166129112 0.0684614479541779 0.06505186855793 0.0634225979447365 0.0552921816706657 0.0581988729536533 0.0683768913149834 0.212484881281853 0.470028430223465 0.34087547659874 0.16308818757534 0.323190480470657 0.312106817960739 0.194370180368423
0.00101814814843237 0.00104641832876951 0.0150581002235413 0.0156775582581758 0.0169093012809753 0.0179511737078428 0.0187765508890152 0.0171075016260147 0.0161859337240458 0.0175677109509706 0.0180903021246195 0.0190020352602005 0.0207747742533684 0.0205699112266302 0.0206927005201578 0.0199997927993536 0.0196362566202879 0.0204403270035982 0.0223684422671795 0.0278087090700865 0.0312646292150021 0.0358683615922928 0.0407489500939846 0.0414753928780556 0.0390101931989193 0.0363872461020947 0.0494853854179382 0.0498819760978222 0.0534177608788013 0.0371222458779812 0.0414752028882504 0.0454770661890507 0.0454910472035408 0.0550594329833984 0.0649268329143524 0.065642349421978 0.0680768415331841 0.0894717499613762 0.0800486654043198 0.122270457446575 0.0816754177212715 0.0655366033315659 0.0669973641633987 0.0658445209264755
0.000792914244811982 0.000872150994837284 0.0009702451643534 0.00107592321000993 0.0153573183342814 0.0155929289758205 0.0170707888901234 0.0150252990424633 0.0144796390086412 0.0148614821955562 0.0161324832588434 0.0167346503585577 0.0190860945731401 0.0198106709867716 0.0186738949269056 0.018220242112875 0.0189371444284916 0.0194273684173822 0.0213318094611168 0.0239980202168226 0.0269324705004692 0.0298710986971855 0.0323814451694489 0.033120546489954 0.0315286032855511 0.0420719608664513 0.0390888415277004 0.0390771068632603 0.0431649014353752 0.04442098736763 0.045414537191391 0.0327952019870281 0.0369753614068031 0.0397002249956131 0.0443694964051247 0.0503463819622993 0.0560237243771553 0.0526106916368008 0.0537173338234425 0.0493733659386635 0.0452705547213554 0.0456879027187824 0.0541796460747719 0.070146881043911
0.000707577622961253 0.000791150785516948 0.000837139610666782 0.000923010287806392 0.000951482390519232 0.0139428982511163 0.0136366039514542 0.0135330650955439 0.0129124512895942 0.013196924701333 0.0141537673771381 0.0149666676297784 0.0158720538020134 0.0170738529413939 0.0174394585192204 0.017249196767807 0.0183411296457052 0.0190779585391283 0.0203437693417072 0.0219724923372269 0.0235275905579329 0.0256064888089895 0.0267932303249836 0.0297408178448677 0.0266472343355417 0.037143100053072 0.0341506935656071 0.0338199697434902 0.0366753377020359 0.0420574955642223 0.0580413043498993 0.0286506209522486 0.0291386693716049 0.03258316218853 0.0336576774716377 0.040061216801405 0.0462249629199505 0.0471331477165222 0.0509546846151352 0.0481494069099426 0.0457168929278851 0.0455965735018253 0.0466346628963947 0.0588196218013763
0.000667389889713377 0.000695696042384952 0.000737947586458176 0.000809561577625573 0.000881971267517656 0.011848459020257 0.0116796875372529 0.0116553716361523 0.0118524450808764 0.0117238955572248 0.0116434255614877 0.0125991469249129 0.0138527750968933 0.0145232137292624 0.0158530212938786 0.016069708392024 0.0173585787415504 0.0185580346733332 0.0192512106150389 0.0196341574192047 0.0210562478750944 0.023716252297163 0.0259375479072332 0.0262919180095196 0.0247859768569469 0.0347566083073616 0.0327130854129791 0.0332738533616066 0.0350670963525772 0.0522679910063744 0.0534146390855312 0.0530728548765182 0.0367940478026867 0.0378040261566639 0.0415625460445881 0.0485955998301506 0.0567500069737434 0.0350953713059425 0.0332526974380016 0.0331354178488255 0.0332892686128616 0.0520925261080265 0.0589154921472073 0.0491407811641693
0.0005933225620538 0.000613980228081346 0.000661871512420475 0.000701068842317909 0.000759963353630155 0.0110513400286436 0.0106791500002146 0.0105284228920937 0.0107077760621905 0.000902491272427142 0.000911774986889213 0.0111345676705241 0.0115522667765617 0.0124084474518895 0.01379435043782 0.0143297044560313 0.0146222580224276 0.0161512196063995 0.016660938039422 0.0167994555085897 0.017844695597887 0.0200042761862278 0.0251946654170752 0.0243520904332399 0.0230271108448505 0.0330122821033001 0.0317159108817577 0.0323336534202099 0.0309559851884842 0.0449211224913597 0.0462414547801018 0.0477863140404224 0.0440675318241119 0.0447938442230225 0.0357320085167885 0.0426664277911186 0.0402829274535179 0.0387551188468933 0.0424244105815887 0.0424232184886932 0.045567337423563 0.0483547709882259 0.0520930849015713 0.0611408874392509
0.000531123194377869 0.000554706726688892 0.000586179958190769 0.000619140162598342 0.00066955026704818 0.000637260207440704 0.00930551905184984 0.000673992093652487 0.000711150409188122 0.000771369028370827 0.000832910998724401 0.000897566671483219 0.0113150989636779 0.012054031714797 0.01247463747859 0.0127514479681849 0.0135015780106187 0.0137841450050473 0.0141344610601664 0.0148541927337646 0.0154996607452631 0.0182934701442719 0.0212688818573952 0.0219236947596073 0.0211901776492596 0.0189208500087261 0.027566235512495 0.027074072510004 0.0264245066791773 0.0271521788090467 0.0395059287548065 0.0408432595431805 0.0404831394553185 0.0405377000570297 0.042374275624752 0.0335517860949039 0.0302296485751867 0.0313247963786125 0.0367720052599907 0.0379652641713619 0.0416560024023056 0.0435880459845066 0.0479095913469791 0.0508503392338753
0.000458276859717444 0.000508861208800226 0.000552707468159497 0.000580091611482203 0.000578843464609236 0.00870320945978165 0.00057287112576887 0.00056022492935881 0.000632103823591024 0.00069265381898731 0.000793678569607437 0.000873867771588266 0.000958395074121654 0.0117976507171988 0.012659689411521 0.0126446727663279 0.0123207541182637 0.0120047768577933 0.0124858403578401 0.0128885544836521 0.0133928237482905 0.015068244189024 0.0170821659266949 0.0205410085618496 0.0207372177392244 0.0181733127683401 0.0168697237968445 0.024253573268652 0.0238695684820414 0.0239094775170088 0.0252659358084202 0.026108980178833 0.0361157208681107 0.0350708141922951 0.0371464192867279 0.0265766326338053 0.00208521028980613 0.00222597969695926 0.0306434761732817 0.0348802544176579 0.0371481627225876 0.0394744947552681 0.0436540767550468 0.0475098453462124
0.000438911549281329 0.000461959367385134 0.000489509606268257 0.000487786921439692 0.000509007426444441 0.0004934860044159 0.000496151333209127 0.000519449880812317 0.000588601222261786 0.000630182039458305 0.000714584602974355 0.00077977153705433 0.000871037191245705 0.000983297475613654 0.00102396414149553 0.00109125312883407 0.00110828946344554 0.0111180208623409 0.011253485456109 0.0115115512162447 0.011618597432971 0.0122403698042035 0.012860344722867 0.0141227822750807 0.0161467175930738 0.0166032295674086 0.0164956375956535 0.0153573863208294 0.014337339438498 0.0143157187849283 0.0227091908454895 0.0248803179711103 0.0253092721104622 0.0247471500188112 0.0245421007275581 0.0244469158351421 0.0246801525354385 0.0263603329658508 0.0286838114261627 0.0316397286951542 0.0342973880469799 0.0372036434710026 0.0400407202541828 0.0417881794273853
0.000411260029068217 0.000439521536463872 0.000439639261458069 0.00042052153730765 0.000428572267992422 0.000441441428847611 0.000426218088250607 0.000459461065474898 0.000514681218191981 0.000560072541702539 0.00062698230613023 0.000698574353009462 0.000779666646849364 0.000886630732566118 0.000921120634302497 0.000964589533396065 0.000992223271168768 0.000951820518821478 0.000973662827163935 0.0100057758390903 0.0102855460718274 0.0105283055454493 0.0104440227150917 0.0113029172644019 0.0124525679275393 0.0138972643762827 0.0144727192819118 0.0144693469628692 0.0133957341313362 0.0134904040023685 0.0139155853539705 0.0215722564607859 0.0227260123938322 0.0225711781531572 0.0227595698088408 0.0228895954787731 0.0230922810733318 0.0245463624596596 0.0262530073523521 0.0293188467621803 0.0315018333494663 0.0331449098885059 0.0334868468344212 0.0348401442170143
0.000401400902774185 0.000407673011068255 0.00042172527173534 0.000384360551834106 0.000371868052752689 0.000363283121259883 0.00035749570815824 0.000376393611077219 0.000442864315118641 0.00048503588186577 0.000533030368387699 0.000628332840278745 0.000655492127407342 0.000705797225236893 0.000771180959418416 0.000841865490656346 0.000842148088850081 0.000870798481628299 0.000846049806568772 0.000826277304440737 0.00088987237541005 0.000911701878067106 0.000934066425543278 0.00105930119752884 0.0112405531108379 0.0118951629847288 0.0125446710735559 0.012701315805316 0.0122374184429646 0.0120654255151749 0.0127542205154896 0.0188812948763371 0.0188502110540867 0.0190124120563269 0.0206110347062349 0.0213000569492579 0.02213454246521 0.0232034288346767 0.023594856262207 0.0262620579451323 0.0272852256894112 0.0285176429897547 0.0298607032746077 0.0320379324257374
0.000387911451980472 0.000379442586563528 0.000371417292626575 0.00034936357405968 0.00033224030630663 0.00032468669814989 0.000285752816125751 0.000315927056362852 0.00035463526728563 0.000408582156524062 0.000458280759630725 0.000507213117089123 0.000564659538213164 0.000609224662184715 0.000617833866272122 0.000665690109599382 0.000715518079232424 0.000745765224564821 0.000763430842198431 0.000763277756050229 0.000795064144767821 0.000812812591902912 0.000830816337838769 0.00087878224439919 0.000973087851889431 0.0102061061188579 0.0108813373371959 0.0110430736094713 0.0109977750107646 0.0109978094696999 0.0111734885722399 0.0168728400021791 0.0165390595793724 0.0165859088301659 0.0180011987686157 0.0190766397863626 0.0193689707666636 0.0202328730374575 0.0213120020925999 0.0236209835857153 0.0245887283235788 0.0250802766531706 0.0264994781464338 0.029072618111968
0.000366207357728854 0.000357933429768309 0.000334917596774176 0.000324158289004117 0.000310006667859852 0.000279228464933112 0.000256913685007021 0.000276960054179654 0.000310961186187342 0.000360151898348704 0.00038524653064087 0.000440705742221326 0.000450693885795772 0.000496274791657925 0.000524569186381996 0.000571999582462013 0.000589880393818021 0.000641016056761146 0.000661318248603493 0.000677099742460996 0.000684990431182086 0.000701933924574405 0.000722923432476819 0.00073965935735032 0.000839772867038846 0.00936598237603903 0.00994433835148811 0.00962994620203972 0.00990558136254549 0.0102842580527067 0.00993446726351976 0.0102531742304564 0.0146473264321685 0.0151758929714561 0.0155859077349305 0.016012093052268 0.0173310749232769 0.0181971825659275 0.0189602728933096 0.0209631845355034 0.0215344317257404 0.0225600562989712 0.0252103060483932 0.0269528552889824
0.000315537763526663 0.000307344074826688 0.00029304891359061 0.000282296939985827 0.00027698592748493 0.000263837195234373 0.000241750458371826 0.000244777300395072 0.000281986402114853 0.000318902108119801 0.000356539327185601 0.000366137363016605 0.000395188195398077 0.000423313525971025 0.000464606884634122 0.000456947978818789 0.000507769524119794 0.000528385338839144 0.0005869758897461 0.000605412351433188 0.000619320489931852 0.000635413569398224 0.000657081720419228 0.000658878358080983 0.000692659697961062 0.0082281157374382 0.00843231286853552 0.00884070061147213 0.00912825297564268 0.00923842843621969 0.00930396560579538 0.00945659074932337 0.0130669195204973 0.0131865534931421 0.0135500431060791 0.0141446320340037 0.0152941653504968 0.0161047913134098 0.0169039219617844 0.0188048910349607 0.0196292698383331 0.0204291846603155 0.0227797515690327 0.024848747998476
0.000284033420030028 0.000269802025286481 0.00026257277932018 0.000263310357695445 0.000247675081482157 0.000228321892791428 0.000235159212024882 0.000239814209635369 0.000270153017481789 0.000299346778774634 0.000311926240101457 0.0003224641259294 0.000354489195160568 0.000351504102582112 0.000377958844183013 0.000387817446608096 0.000416906987084076 0.000463920150650665 0.000519634748343378 0.00052994821453467 0.00054045970318839 0.000547116447705775 0.000583767890930176 0.000557923747692257 0.000575206067878753 0.000604036846198142 0.00752857234328985 0.00775343226268888 0.00809620507061481 0.00815550331026316 0.00850043073296547 0.00851023010909557 0.00809245090931654 0.00837472267448902 0.0121775045990944 0.0123996967449784 0.0128077697008848 0.014316133223474 0.015112285502255 0.0170659907162189 0.0182059239596128 0.0196730904281139 0.0208721831440926 0.0226930137723684
0.000254017853876576 0.000257175765000284 0.000249379925662652 0.000239365777815692 0.000224253395572305 0.000218843284528702 0.000217064225580543 0.000215198611840606 0.000237395157455467 0.000262748973909765 0.000263117952272296 0.000269377749646083 0.00029280039598234 0.000312072661472484 0.000312181160552427 0.000335035700118169 0.000365928775863722 0.000383545295335352 0.000425606791395694 0.00048121641157195 0.000479941401863471 0.000487750337924808 0.000498457404319197 0.000505085685290396 0.000484156131278723 0.000537081621587276 0.000516138272359967 0.00680613704025745 0.00697165867313743 0.00737066753208637 0.00840866193175316 0.00845787022262812 0.00782625377178192 0.00753679685294628 0.00776458764448762 0.0113495523110032 0.0117512419819832 0.0131465047597885 0.0138114280998707 0.0147565808147192 0.0161936227232218 0.0180833823978901 0.0186966992914677 0.0203593838959932
0.000238903303397819 0.000223864946747199 0.000224088755203411 0.00020927564764861 0.000203602656256407 0.000194156571524218 0.000179180613486096 0.000194408843526617 0.00021250061399769 0.000217361695831642 0.000236597537877969 0.000238647669903003 0.000254392623901367 0.000264248839812353 0.000279935571597889 0.000281484797596931 0.000305697496514767 0.000338421319611371 0.000369603891158476 0.000387553038308397 0.000459240021882579 0.000418745883507654 0.000411469634855166 0.000416573893744498 0.000414940615883097 0.000440659379819408 0.000426859041908756 0.00597018748521805 0.00621127523481846 0.00651459489017725 0.00709355995059013 0.0071645206771791 0.00702881999313831 0.00723377382382751 0.00725839985534549 0.00746234087273479 0.0105437515303493 0.0110289882868528 0.0124171152710915 0.0131140081211925 0.0142207397148013 0.016796113923192 0.017896780744195 0.0196211859583855
