data/climate_estimation/maxent_output/Fritillaria_agrestis.asc
NCOLS 56 
NROWS 66 
XLLCORNER -123.333333333333 
YLLCORNER 34.5 
CELLSIZE 0.0833333333333334 
NODATA_value -3.4e+38 
[rows 22 to 43 of 66, columns 0 to 48 of 56]
-3.4e+38 -3.4e+38 -3.4e+38 -3.4e+38 0.0536377467215061 0.0862200707197189 0.130289867520332 0.18601368367672 0.332170724868774 0.321326017379761 0.349684745073318 0.469317674636841 0.532451450824738 0.646545946598053 0.700602054595947 0.840548157691956 0.857853472232819 0.863006711006165 0.880737721920013 0.916389405727386 0.91322660446167 0.895572185516357 0.894163250923157 0.896909117698669 0.878906071186066 0.854348421096802 0.824620544910431 0.809648752212524 0.755304872989655 0.767660617828369 0.506573557853699 0.446620106697083 0.449330419301987 0.415534764528275 0.248708486557007 0.251802861690521 0.153477072715759 0.154616922140121 0.0766611769795418 0.0311872381716967 0.0195966549217701 0.0150462696328759 0.0116395456716418 0.00847472250461578 0.00534854736179113 0.00433714641258121 0.00372952176257968 0.00361250317655504 0.00353356939740479
-3.4e+38 -3.4e+38 -3.4e+38 0.0263003502041101 0.0395439639687538 0.0696264430880547 0.0956607460975647 0.153907656669617 0.197418719530106 0.295873373746872 0.302776873111725 0.33143076300621 0.47027787566185 0.550021886825562 0.644868969917297 0.80155736207962 0.88707834482193 0.885167181491852 0.912501752376556 0.904622554779053 0.901084959506989 0.855954468250275 0.882431745529175 0.865432143211365 0.894466996192932 0.865506052970886 0.810697138309479 0.763108670711517 0.771101891994476 0.752529263496399 0.486962258815765 0.470795542001724 0.466828256845474 0.424850523471832 0.409146219491959 0.272715002298355 0.287010133266449 0.168875157833099 0.0794930383563042 0.0714602842926979 0.0291643813252449 0.0235619246959686 0.0170135535299778 0.0125168450176716 0.00936559587717056 0.00657993694767356 0.00410564616322517 0.00361821497790515 0.00230488809756935
-3.4e+38 -3.4e+38 -3.4e+38 0.0284599214792252 0.029791995882988 -3.4e+38 0.0932398587465286 0.118998125195503 0.174823373556137 0.318457007408142 0.279782980680466 0.254975259304047 0.365963697433472 0.551102995872498 0.652676820755005 0.756251335144043 0.86246794462204 0.913442254066467 0.869104862213135 0.813088297843933 0.708233237266541 0.70749968290329 0.7582146525383 0.814100444316864 0.857463955879211 0.876003205776215 0.812488675117493 0.719515144824982 0.639633178710938 0.682389557361603 0.666832625865936 0.718528032302856 0.725846230983734 0.662828207015991 0.437742590904236 0.448197782039642 0.449220329523087 0.276484608650208 0.166745185852051 0.15596005320549 0.0698437616229057 0.0731106847524643 0.040580727159977 0.0215611588209867 0.0146350068971515 0.0114160785451531 0.00657787639647722 0.00449578370898962 0.00231608143076301
-3.4e+38 -3.4e+38 -3.4e+38 -3.4e+38 -3.4e+38 -3.4e+38 -3.4e+38 0.0802743062376976 0.133874401450157 0.105603933334351 0.164340138435364 0.217287257313728 0.27105838060379 0.553496778011322 0.646244049072266 0.759372413158417 0.851639449596405 0.906897783279419 0.908839821815491 0.807237207889557 0.678117454051971 0.553669631481171 0.61156564950943 0.605744421482086 0.715145230293274 0.726618230342865 0.661734163761139 0.527263402938843 0.486227512359619 0.527099311351776 0.702018976211548 0.681957244873047 0.733518838882446 0.698956549167633 0.639351665973663 0.6592738032341 0.434691250324249 0.449653595685959 0.27899831533432 0.291103929281235 0.163775816559792 0.14262680709362 0.0416548363864422 0.01683927513659 0.0114452773705125 0.00729818129912019 0.00687246257439256 0.00515988934785128 0.00372699904255569
-3.4e+38 -3.4e+38 -3.4e+38 -3.4e+38 -3.4e+38 -3.4e+38 -3.4e+38 -3.4e+38 -3.4e+38 0.0745625719428062 0.0761018916964531 0.0847659930586815 0.209490910172462 0.372333228588104 0.594611823558807 0.758712470531464 0.805422306060791 0.895382702350616 0.916400909423828 0.876406788825989 0.747905373573303 0.436652064323425 0.404540359973907 0.373163670301437 0.498971402645111 0.481936156749725 0.507034003734589 0.530850291252136 0.488784819841385 0.472500741481781 0.597227454185486 0.675332307815552 0.665247976779938 0.673568189144135 0.647486329078674 0.688216090202332 0.467523783445358 0.291651904582977 0.326706379652023 0.289193361997604 0.151993840932846 0.147567614912987 0.0437325537204742 0.016727888956666 0.0124154156073928 0.0123540032655001 0.0081658037379384 0.00415209867060184 0.00276249437592924
-3.4e+38 -3.4e+38 -3.4e+38 -3.4e+38 -3.4e+38 -3.4e+38 -3.4e+38 -3.4e+38 -3.4e+38 0.0481999292969704 0.0835001170635223 0.104568719863892 0.247467830777168 0.305756837129593 0.604951560497284 0.726238369941711 0.819744408130646 0.815960109233856 0.837649464607239 0.829230546951294 0.879130840301514 0.612408876419067 0.279412478208542 0.245365604758263 0.320854067802429 0.355988442897797 0.368304461240768 0.473495185375214 0.43254479765892 0.496642708778381 0.593620002269745 0.622385680675507 0.633159637451172 0.650454044342041 0.659888982772827 0.632594883441925 0.658974051475525 0.460786789655685 0.502065718173981 0.45435819029808 0.289080649614334 0.164692908525467 0.154048264026642 0.0477363467216492 0.0244890339672565 0.0244423653930426 0.00942704360932112 0.00594841735437512 0.00277524767443538
-3.4e+38 -3.4e+38 -3.4e+38 -3.4e+38 -3.4e+38 -3.4e+38 -3.4e+38 -3.4e+38 -3.4e+38 0.0282805915921926 0.0474987104535103 0.149450048804283 0.244642287492752 -3.4e+38 0.647055268287659 0.740160286426544 0.796827018260956 0.804330050945282 0.859255611896515 0.869177639484406 0.905756056308746 0.870109081268311 0.818961203098297 0.389189839363098 0.275490462779999 0.312902569770813 0.372810244560242 0.415419667959213 0.403417021036148 0.435104161500931 0.551972687244415 0.613173305988312 0.614447355270386 0.638560891151428 0.595794796943665 0.646134436130524 0.645657122135162 0.653988540172577 0.431009322404861 0.422913938760757 0.42387118935585 0.260457843542099 0.298613727092743 0.0820310190320015 0.0217129550874233 0.0109613193199039 0.00815677735954523 0.00462506338953972 0.00558582227677107
-3.4e+38 -3.4e+38 -3.4e+38 -3.4e+38 -3.4e+38 -3.4e+38 -3.4e+38 -3.4e+38 -3.4e+38 0.0272287875413895 0.0599294789135456 0.0976962298154831 0.318640053272247 0.581711709499359 0.688653290271759 0.643429577350616 0.73224413394928 0.8520148396492 0.890005350112915 0.671681106090546 0.670159339904785 0.687611043453217 0.876023173332214 0.815162777900696 0.664425075054169 0.379566580057144 0.321814894676208 0.357732057571411 0.349996626377106 0.352759331464767 0.43305429816246 0.518598973751068 0.506055533885956 0.447199642658234 0.40834653377533 0.447997391223907 0.617624878883362 0.603432893753052 0.430046051740646 0.486043512821198 0.462587356567383 0.297759681940079 0.175985097885132 0.154572531580925 0.0800166353583336 0.0167336501181126 0.0120275029912591 0.00911297835409641 0.0161770824342966
-3.4e+38 -3.4e+38 -3.4e+38 -3.4e+38 -3.4e+38 -3.4e+38 -3.4e+38 -3.4e+38 -3.4e+38 -3.4e+38 0.0302585065364838 0.0960279405117035 0.214316889643669 0.64590722322464 0.657608687877655 0.643062710762024 0.680603504180908 0.843209862709045 0.667734444141388 0.721262693405151 0.693703830242157 0.692263305187225 0.659559905529022 0.896114885807037 0.843690574169159 0.649819254875183 0.364010542631149 0.306588858366013 0.3114353120327 0.274852126836777 0.344849139451981 0.322220981121063 0.363622397184372 0.49567899107933 0.481973320245743 0.444933116436005 0.401600003242493 0.579528629779816 0.591643393039703 0.44908344745636 0.419179707765579 0.4283706843853 0.270839333534241 0.177121013402939 0.167803213000298 0.0308383367955685 0.0205378215759993 0.0521977134048939 0.0340687520802021
-3.4e+38 -3.4e+38 -3.4e+38 -3.4e+38 -3.4e+38 -3.4e+38 -3.4e+38 -3.4e+38 -3.4e+38 -3.4e+38 0.0293843243271112 0.0711902230978012 0.206646367907524 0.30518239736557 0.598512470722198 0.652375400066376 0.704266905784607 0.732612311840057 0.835629403591156 0.709660112857819 0.673165380954742 0.681110203266144 0.729817807674408 0.913463830947876 0.864260494709015 0.779668033123016 0.404497623443604 0.315557897090912 0.233680635690689 0.149955183267593 0.199210047721863 0.225503712892532 0.356614738702774 0.418108224868774 0.426304012537003 0.370348453521729 0.362186193466187 0.345370978116989 0.600333511829376 0.606564104557037 0.605348527431488 0.621722221374512 0.396423846483231 0.424693644046783 0.306296586990356 0.173430293798447 0.0411923378705978 0.195568397641182 0.198535963892937
-3.4e+38 -3.4e+38 -3.4e+38 -3.4e+38 -3.4e+38 -3.4e+38 -3.4e+38 -3.4e+38 -3.4e+38 -3.4e+38 -3.4e+38 0.0238114967942238 0.120863109827042 0.262561440467834 0.341846317052841 0.591905236244202 0.687557816505432 0.738700151443481 0.81063050031662 0.62686949968338 0.689190328121185 0.725363552570343 0.712270975112915 0.702015221118927 0.886659741401672 0.845861852169037 0.413709461688995 0.228953301906586 0.186374992132187 0.174554288387299 0.147968307137489 0.183212235569954 0.226111695170403 0.337422013282776 0.293547511100769 0.287481606006622 0.240930825471878 0.274939835071564 0.319119513034821 0.353277504444122 0.533984303474426 0.547698199748993 0.627861022949219 0.431429296731949 0.490805268287659 0.324793845415115 0.175500318408012 0.189117521047592 0.0965835899114609
-3.4e+38 -3.4e+38 -3.4e+38 -3.4e+38 -3.4e+38 -3.4e+38 -3.4e+38 -3.4e+38 -3.4e+38 -3.4e+38 -3.4e+38 0.0215037725865841 0.0551398023962975 0.200496643781662 0.274762451648712 0.321432769298553 0.37113094329834 0.641833245754242 0.708843410015106 0.781780362129211 0.648998975753784 0.724135279655457 0.717107355594635 0.722910284996033 0.88542366027832 0.837657630443573 0.506374478340149 0.291732788085938 0.134600549936295 0.132961317896843 0.126643463969231 0.110069237649441 0.127141743898392 0.185113742947578 0.196586325764656 0.196865275502205 0.208575770258904 0.163971394300461 0.18574595451355 0.298972576856613 0.320449084043503 0.52405858039856 0.549759387969971 0.614336729049683 0.648129820823669 0.484730869531631 0.340444892644882 0.387795716524124 0.207039803266525
-339999999999999996123846586046231871488.000000000000000 -3.4e+38 -3.4e+38 -3.4e+38 -3.4e+38 -3.4e+38 -3.4e+38 -3.4e+38 -3.4e+38 -3.4e+38 -3.4e+38 0.0384594351053238 0.0630277991294861 0.0847698077559471 0.211904406547546 0.228932455182076 0.272956609725952 0.402962923049927 0.409886568784714 0.444257616996765 0.739185273647308 0.672631442546844 0.710068225860596 0.68613213300705 0.891806781291962 0.876028060913086 0.528907656669617 0.219899460673332 0.0898525640368462 0.0906293541193008 0.0784170776605606 0.0859721526503563 0.102898091077805 0.105531491339207 0.116493873298168 0.131049484014511 0.138644635677338 0.129918277263641 0.127425476908684 0.109590902924538 0.178792044520378 0.294524013996124 0.522615492343903 0.546923160552979 0.631556332111359 0.660048007965088 0.445146292448044 0.545346796512604 0.201494246721268
-3.4e+38 -3.4e+38 -3.4e+38 -3.4e+38 -3.4e+38 -3.4e+38 -3.4e+38 -3.4e+38 -3.4e+38 -3.4e+38 -3.4e+38 -3.4e+38 0.0456741042435169 0.0728106573224068 0.123781472444534 0.13934437930584 0.185259968042374 0.285478621721268 0.351875782012939 0.402521044015884 0.440304577350616 0.574908792972565 0.656784355640411 0.696173667907715 0.8598952293396 0.85429185628891 0.407190084457397 0.194569990038872 0.136843532323837 0.0694376900792122 0.0560099259018898 0.0554851107299328 0.0520997494459152 0.0752560794353485 0.0825447663664818 0.0810628607869148 0.0817610546946526 0.0720368027687073 0.0681699141860008 0.0632427334785461 0.0811227858066559 0.118203602731228 0.205155372619629 0.295168697834015 0.346363514661789 0.596842646598816 0.665463745594025 0.584995746612549 0.386215060949326
-3.4e+38 -3.4e+38 -3.4e+38 -3.4e+38 -3.4e+38 -3.4e+38 -3.4e+38 -3.4e+38 -3.4e+38 -3.4e+38 -3.4e+38 -3.4e+38 -3.4e+38 0.0421998016536236 0.0557958744466305 0.0623787418007851 0.0812926888465881 0.137073799967766 0.159549355506897 0.33319628238678 0.427744656801224 0.483085423707962 0.707322418689728 0.823577702045441 0.613681018352509 0.650603890419006 0.610322177410126 0.247247979044914 0.108962945640087 0.0754333212971687 0.0439668707549572 0.0430338755249977 0.0448058359324932 0.0435246974229813 0.0559815727174282 0.0538648627698421 0.0507220029830933 0.0460694581270218 0.0452617406845093 0.042220126837492 0.0517209023237228 0.0703237131237984 0.110304065048695 0.186779499053955 0.33200141787529 0.351956695318222 0.643684923648834 0.658412277698517 0.670244693756104
-3.4e+38 -3.4e+38 -3.4e+38 -3.4e+38 -3.4e+38 -3.4e+38 -3.4e+38 -3.4e+38 -3.4e+38 -3.4e+38 -3.4e+38 -3.4e+38 -3.4e+38 -3.4e+38 -3.4e+38 -3.4e+38 -3.4e+38 0.0772067084908485 0.0915881767868996 0.168266087770462 0.347984313964844 0.373283445835114 0.613725066184998 0.700462818145752 0.600281000137329 0.652031719684601 0.837915658950806 0.595141232013702 0.144759312272072 0.116045288741589 0.0618276968598366 0.0357309877872467 0.0379569604992867 0.031805120408535 0.0379083268344402 0.0341216772794724 0.0394025109708309 0.0422491952776909 0.0384482108056545 0.043045487254858 0.0475330464541912 0.0579704381525517 0.0822241008281708 0.121321007609367 0.257942020893097 0.339338272809982 0.415726333856583 0.681271612644196 0.667887687683105
-3.4e+38 -3.4e+38 -3.4e+38 -3.4e+38 -3.4e+38 -3.4e+38 -3.4e+38 -3.4e+38 -3.4e+38 -3.4e+38 -3.4e+38 -3.4e+38 -3.4e+38 -3.4e+38 -3.4e+38 -3.4e+38 -3.4e+38 -3.4e+38 0.116641968488693 0.179002910852432 0.193041697144508 0.384723097085953 0.495809406042099 0.642286479473114 0.48385152220726 0.581249892711639 0.62491375207901 0.842779397964478 0.825846493244171 0.155266985297203 0.0703060328960419 0.032297994941473 0.0278086066246033 0.0305225253105164 0.0328961238265038 0.0226566847413778 0.0315676257014275 0.028149351477623 0.0264501422643661 0.0297620948404074 0.038912009447813 0.0471231229603291 0.0753957256674767 0.101001963019371 0.159521207213402 0.294258534908295 0.389109075069427 0.453808814287186 0.680771768093109
-3.4e+38 -3.4e+38 -3.4e+38 -3.4e+38 -3.4e+38 -3.4e+38 -3.4e+38 -3.4e+38 -3.4e+38 -3.4e+38 -3.4e+38 -3.4e+38 -3.4e+38 -3.4e+38 -3.4e+38 -3.4e+38 -3.4e+38 -3.4e+38 0.0650873705744743 0.0913260355591774 0.142119482159615 0.283046782016754 0.522479951381683 0.55685156583786 0.619938135147095 0.581699371337891 0.601617872714996 0.65451568365097 0.900748372077942 0.196250692009926 0.338731020689011 0.0748375132679939 0.0381922535598278 0.0336923599243164 0.0303558763116598 0.0193585436791182 0.0229701511561871 0.0195336397737265 0.030027199536562 0.0326093174517155 0.0386715941131115 0.0570392683148384 0.0709035024046898 0.0811640024185181 0.135535582900047 0.172178700566292 0.357737004756927 0.408973157405853 0.684014558792114
-3.4e+38 -3.4e+38 -3.4e+38 -3.4e+38 -3.4e+38 -3.4e+38 -3.4e+38 -3.4e+38 -3.4e+38 -3.4e+38 -3.4e+38 -3.4e+38 -3.4e+38 -3.4e+38 -3.4e+38 -3.4e+38 0.0236784480512142 0.022991307079792 0.0631520375609398 0.0887550264596939 0.0857277363538742 0.135963752865791 0.31836873292923 0.541620671749115 0.613079309463501 0.79377156496048 0.646904051303864 0.660662472248077 0.774158537387848 0.207918807864189 0.323659777641296 0.126672297716141 0.0481962189078331 0.0367365330457687 0.0222194530069828 0.0190263539552689 0.018350338563323 0.0232032556086779 0.023628955706954 0.023875692859292 0.0295233856886625 0.039944052696228 0.0499874167144299 0.0857285261154175 0.104814700782299 0.130055785179138 0.215597063302994 0.29049751162529 0.365428060293198
-3.4e+38 -3.4e+38 -3.4e+38 -3.4e+38 -3.4e+38 -3.4e+38 -3.4e+38 -3.4e+38 -3.4e+38 -3.4e+38 -3.4e+38 -3.4e+38 -3.4e+38 -3.4e+38 -3.4e+38 -3.4e+38 0.0196619238704443 0.0310824662446976 0.0662935823202133 0.0902619361877441 0.264719754457474 0.263883054256439 0.1899354159832 0.573373973369598 0.566870450973511 0.820699214935303 0.766110479831696 0.662095546722412 0.896975934505463 0.870307862758636 0.678313255310059 0.389602363109589 0.340487092733383 0.111296184360981 0.0241875313222408 0.0180403608828783 0.016643151640892 0.0156008657068014 0.0219697915017605 0.0203207787126303 0.0225873198360205 0.0346009097993374 0.0390523336827755 0.0626152083277702 0.0820226147770882 0.0926562771201134 0.145248010754585 0.160120740532875 0.268388688564301
-3.4e+38 -3.4e+38 -3.4e+38 -3.4e+38 -3.4e+38 -3.4e+38 -3.4e+38 -3.4e+38 -3.4e+38 -3.4e+38 -3.4e+38 -3.4e+38 -3.4e+38 -3.4e+38 -3.4e+38 -3.4e+38 0.0250593647360802 0.0515339002013206 0.0873847380280495 0.0800919085741043 0.212416365742683 0.32915186882019 0.36715629696846 0.202434688806534 0.632211208343506 0.783106684684753 0.710528373718262 0.807293474674225 0.864770650863647 0.89239364862442 0.861190736293793 0.816706657409668 0.803393840789795 0.720394372940063 0.0804339200258255 0.036600299179554 0.014693277888 0.0169965717941523 0.0221631098538637 0.0189623646438122 0.0191324278712273 0.0238802842795849 0.0309900380671024 0.0440190359950066 0.0619061700999737 0.0770632773637772 0.107405550777912 0.1430703997612 0.158557787537575
-3.4e+38 -3.4e+38 -3.4e+38 -3.4e+38 -3.4e+38 -3.4e+38 -3.4e+38 -3.4e+38 -3.4e+38 -3.4e+38 -3.4e+38 -3.4e+38 -3.4e+38 -3.4e+38 -3.4e+38 -3.4e+38 -3.4e+38 0.033528808504343 0.151056900620461 0.186741843819618 0.211188018321991 0.282612890005112 0.366570860147476 0.485444009304047 0.191010981798172 0.300058156251907 0.476583272218704 0.727263212203979 0.823181688785553 0.882106959819794 0.869553565979004 0.852241575717926 0.620447158813477 0.888395190238953 0.423659145832062 0.0615243166685104 0.0269174836575985 0.0251192469149828 0.0238835066556931 0.0199877489358187 0.0190378800034523 0.0200173314660788 0.0320674665272236 0.0413101650774479 0.0517802350223064 0.0604854561388493 0.0776958987116814 0.0762616470456123 0.130950838327408
