data/climate_estimation/maxent_output/Fritillaria_meleagris.asc
NCOLS 1106 
NROWS 192 
XLLCORNER -4.75 
YLLCORNER 38.75 
CELLSIZE 0.0833333333333333 
NODATA_value -3.4e+38 
[rows 19 to 37 of 192, columns 430 to 472 of 1106]
0.0229130852967501 0.0226285979151726 0.023547587916255 0.0231874119490385 0.023238530382514 0.0245005805045366 0.0241087544709444 0.0252397153526545 0.024606429040432 0.024708466604352 0.0247860252857208 0.0240855775773525 0.0229973495006561 0.0229973495006561 0.0229161903262138 0.0226311292499304 0.0226163621991873 0.0202462710440159 0.021153412759304 0.0203485433012247 0.0201010406017303 0.0200181622058153 0.0201810114085674 0.0201462991535664 0.0200934000313282 0.0207551419734955 0.0209267232567072 0.0208354778587818 0.0206016730517149 0.0207283273339272 0.01884994097054 0.0187907069921494 0.0207272879779339 0.0208040792495012 0.0207481868565083 0.0197565499693155 0.0185399763286114 0.018323116004467 0.0182892251759768 0.0180779732763767 0.0199352260679007 0.0188960582017899 0.0196545217186213
0.0223803240805864 0.0223803240805864 0.0245059747248888 0.0246243681758642 0.0258182194083929 0.0254085510969162 0.0255966410040855 0.0250221975147724 0.0247551631182432 0.0248851012438536 0.0242526363581419 0.0241146199405193 0.0241367388516665 0.0241430141031742 0.0240221880376339 0.0224944297224283 0.0224944297224283 0.0224355552345514 0.0223036967217922 0.0225193109363317 0.0223079789429903 0.0209994986653328 0.02092095464468 0.0208232700824738 0.0206832718104124 0.0208368767052889 0.0208368767052889 0.0206302311271429 0.0207798238843679 0.0208288375288248 0.0206398516893387 0.0204350389540195 0.0195760764181614 0.0205289404839277 0.0204002670943737 0.0184483341872692 0.0182490367442369 0.0200990922749043 0.0191296115517616 0.0198810715228319 0.0200133081525564 0.0198444910347462 0.0194611139595509
0.0236831363290548 0.0249228738248348 0.0243942067027092 0.025844220072031 0.0255020558834076 0.0253927782177925 0.0252066571265459 0.0249050222337246 0.0247551631182432 0.024606429040432 0.0241877753287554 0.0240483544766903 0.0237041506916285 0.0237880907952785 0.0238415151834488 0.0237493738532066 0.02253657579422 0.0233980268239975 0.0223476346582174 0.0232942141592503 0.022108405828476 0.0220422744750977 0.0220175255089998 0.0220113955438137 0.022157059982419 0.0207106322050095 0.0207956656813622 0.0208058655261993 0.0205066110938787 0.0203978940844536 0.0203143116086721 0.0203445237129927 0.0203996784985065 0.0204758606851101 0.020327016711235 0.0202535726130009 0.0200634263455868 0.0201732460409403 0.0200871489942074 0.0210256706923246 0.0218507759273052 0.0216757003217936 0.0216836966574192
0.0233375541865826 0.0246152952313423 0.0247561167925596 0.0252917893230915 0.0255020558834076 0.025443771854043 0.0264501385390759 0.0275439899414778 0.0256385579705238 0.0261862799525261 0.026840765029192 0.0265910103917122 0.0265698321163654 0.0251462273299694 0.0249689556658268 0.0249658357352018 0.0232125632464886 0.0246044527739286 0.0245769191533327 0.0231632366776466 0.0231122002005577 0.022108405828476 0.0232255328446627 0.021929120644927 0.0229912772774696 0.0228123944252729 0.0229064375162125 0.0204082001000643 0.0217117257416248 0.0203903168439865 0.0202192179858685 0.0212849080562592 0.0216292683035135 0.021425211802125 0.019968556240201 0.0200872924178839 0.0210418328642845 0.0199469830840826 0.0209452174603939 0.0207085963338614 0.0205131359398365 0.0216230563819408 0.0214942935854197
0.0234443470835686 0.0245988573879004 0.024486631155014 0.0255461111664772 0.0251575242727995 0.0261532533913851 0.0275108776986599 0.0273644048720598 0.0267427936196327 0.0268719214946032 0.0268820039927959 0.0249736495316029 0.0260152406990528 0.0261273290961981 0.0248406529426575 0.0249090678989887 0.024956563487649 0.0248455479741096 0.0247637815773487 0.0254926271736622 0.0242931228131056 0.0243049897253513 0.0243021920323372 0.0230747740715742 0.0229048449546099 0.0225989297032356 0.022657597437501 0.0214467849582434 0.0226673185825348 0.0223684087395668 0.0213694721460342 0.0223241597414017 0.0225402228534222 0.0223712977021933 0.0222396943718195 0.0199779346585274 0.0217753499746323 0.0209860820323229 0.0217399746179581 0.021750895306468 0.0217588841915131 0.0212844535708427 0.0212859492748976
0.0244694966822863 0.0245277360081673 0.0241620298475027 0.0262942016124725 0.0263822209089994 0.0263626202940941 0.0275844018906355 0.0272005423903465 0.0269027836620808 0.0267716012895107 0.0266312565654516 0.0273052640259266 0.027183759957552 0.0250482615083456 0.0249924920499325 0.0250017791986465 0.0261237565428019 0.0256169512867928 0.025578198954463 0.0256663374602795 0.0242026075720787 0.025340573862195 0.0243916809558868 0.0238921158015728 0.0238956939429045 0.0230284426361322 0.0224031284451485 0.0225279405713081 0.0225835274904966 0.0225096959620714 0.0225388575345278 0.0221881680190563 0.022298963740468 0.022038908675313 0.0222396943718195 0.0221753921359777 0.0229986514896154 0.0216631889343262 0.0228396374732256 0.0216577295213938 0.0214975290000439 0.022616021335125 0.0234033763408661
0.0232639871537685 0.0244694966822863 0.0257221385836601 0.0264882277697325 0.0263998582959175 0.0275317151099443 0.0272393226623535 0.0272005423903465 0.0279645826667547 0.0280187297612429 0.026840765029192 0.0270629860460758 0.0271571762859821 0.0270474199205637 0.0282916519790888 0.0269175060093403 0.0267752669751644 0.0267749279737473 0.0267776064574718 0.0258058682084084 0.0245596636086702 0.0254609398543835 0.0253569930791855 0.0252606552094221 0.0252035837620497 0.0238476898521185 0.0237754862755537 0.0248524397611618 0.0248649064451456 0.0247641354799271 0.0244913157075644 0.02459098957479 0.0231927465647459 0.0220259726047516 0.0233375485986471 0.0228847693651915 0.0215310007333755 0.0214833971112967 0.021469060331583 0.0238588005304337 0.0237624887377024 0.0234466828405857 0.0230228938162327
0.023319324478507 0.0254981685429811 0.0253308583050966 0.0262785982340574 0.0285220686346292 0.0242462921887636 0.0287544596940279 0.0251648668199778 0.024807833135128 0.0249930676072836 0.0258193947374821 0.0283320229500532 0.0272322446107864 0.0270666033029556 0.0269361417740583 0.0268153082579374 0.0265552941709757 0.0265552941709757 0.0264597479254007 0.026222225278616 0.0254965256899595 0.025550190359354 0.0253997277468443 0.0253997277468443 0.0250643845647573 0.0248124841600657 0.0250940732657909 0.0247243195772171 0.0245242677628994 0.0244338810443878 0.0245926640927792 0.0230573806911707 0.0232806224375963 0.0231535788625479 0.023902952671051 0.024030365049839 0.023995291441679 0.0239464491605759 0.0238673351705074 0.0238059796392918 0.0233943294733763 0.0233427602797747 0.0231254249811172
0.0244772285223007 0.0256720427423716 0.0265265963971615 0.0274628959596157 0.0282013937830925 0.0272247344255447 0.0249846056103706 0.0249974746257067 0.0250141639262438 0.0281325001269579 0.0289529599249363 0.0283320229500532 0.0283320229500532 0.0269331615418196 0.0266541857272387 0.0266541857272387 0.0280665457248688 0.0263075120747089 0.0264567639678717 0.0263394042849541 0.0262906569987535 0.0261930953711271 0.0258335117250681 0.0257280878722668 0.0252967812120914 0.0247484445571899 0.0247239619493484 0.0245300773531199 0.0242866948246956 0.0244351010769606 0.0243902299553156 0.024132065474987 0.0239905212074518 0.0238848999142647 0.0238325018435717 0.0236320197582245 0.0236581061035395 0.0246254056692123 0.0239085927605629 0.0232529044151306 0.0234371535480022 0.024618037045002 0.0241870600730181
0.0242316760122776 0.0256532728672028 0.0271662175655365 0.027186056599021 0.0246894154697657 0.0268493443727493 0.0250848587602377 0.0285263564437628 0.0292287077754736 0.0289211422204971 0.0290610603988171 0.0282609164714813 0.0289369262754917 0.0284565165638924 0.0282993633300066 0.028310302644968 0.0277851335704327 0.0276915915310383 0.0278266798704863 0.0262906569987535 0.0259393621236086 0.0259393621236086 0.025776132941246 0.0258239395916462 0.0270023550838232 0.0267435591667891 0.0247782934457064 0.0246110055595636 0.0243948400020599 0.025597395375371 0.025447653606534 0.0241673365235329 0.0240877438336611 0.0250194277614355 0.0247686952352524 0.0244873724877834 0.0247534494847059 0.0245233345776796 0.0244441460818052 0.0242565255612135 0.0232016425579786 0.0243843235075474 0.0246592555195093
0.0258871279656887 0.0256228521466255 0.0268731825053692 0.0287466645240784 0.0283784512430429 0.0280711874365807 0.0253893788903952 0.0256438367068768 0.0288666021078825 0.028663095086813 0.0284311026334763 0.028718575835228 0.0288213118910789 0.0286753177642822 0.0284631531685591 0.0281277969479561 0.0279073156416416 0.027909692376852 0.0280005168169737 0.0273752380162477 0.0272742584347725 0.0275290608406067 0.02705143019557 0.0273255854845047 0.0269328821450472 0.0267648994922638 0.0263795722275972 0.0263324547559023 0.02632593549788 0.0273761693388224 0.0260081384330988 0.0260068401694298 0.0259813461452723 0.0258375871926546 0.0256381556391716 0.025732321664691 0.0253441203385592 0.0251589305698872 0.0250104907900095 0.0249555166810751 0.0249938759952784 0.0260705277323723 0.0260705277323723
0.0256284810602665 0.0259564537554979 0.0273025967180729 0.0273602828383446 0.0284343846142292 0.0284533519297838 0.0257982704788446 0.029180284589529 0.0253386050462723 0.02492555975914 0.0250688437372446 0.028614791110158 0.0283234920352697 0.0282521955668926 0.0281484927982092 0.0278782453387976 0.0278662890195847 0.0277741979807615 0.0276705324649811 0.0276095308363438 0.0275385268032551 0.0272947866469622 0.0271728821098804 0.0273960456252098 0.0266919024288654 0.0268614050000906 0.0262320935726166 0.026188088580966 0.0274173822253942 0.0271550007164478 0.0258516818284988 0.0270053390413523 0.0256457887589931 0.0252293851226568 0.0253075286746025 0.0252594072371721 0.0249910056591034 0.0253936480730772 0.0251896195113659 0.0251896195113659 0.0250013191252947 0.0246950648725033 0.0257892776280642
0.025692742317915 0.0255612600594759 0.0267713312059641 0.0268918517976999 0.0284007452428341 0.0248273257166147 0.0293039102107286 0.0293820612132549 0.029070682823658 0.0285257659852505 0.0265868809074163 0.0280758813023567 0.0279412027448416 0.0278451293706894 0.0275902487337589 0.0279295593500137 0.0277639832347631 0.0274771507829428 0.0273947287350893 0.027332654222846 0.0287767723202705 0.028680607676506 0.0279453340917826 0.0279725436121225 0.0270415656268597 0.0277592372149229 0.0280324071645737 0.0277034528553486 0.0276023838669062 0.0273273196071386 0.0275911781936884 0.0258456096053123 0.0258954409509897 0.0257417634129524 0.0255528874695301 0.026723412796855 0.0269016083329916 0.0266851037740707 0.0265872627496719 0.0263788215816021 0.0262851901352406 0.0257193092256784 0.0260572098195553
0.0257526226341724 0.0258006136864424 0.0268800221383572 0.0269845314323902 0.0283140335232019 0.0278255566954613 0.0274514257907867 0.0287309009581804 0.0287679396569729 0.0266460720449686 0.0262177381664515 0.0261771660298109 0.029485123232007 0.0294048432260752 0.0293754003942013 0.0293287858366966 0.0291464794427156 0.0292975790798664 0.0290362481027842 0.029015988111496 0.028736038133502 0.0286413077265024 0.0285853520035744 0.0281219948083162 0.0281219948083162 0.0281413570046425 0.0278670508414507 0.027919951826334 0.0276427678763866 0.0270572621375322 0.0272509660571814 0.0271079316735268 0.0271155349910259 0.0270459186285734 0.0268437899649143 0.0267954673618078 0.0266874209046364 0.0264888536185026 0.0265287272632122 0.02632393874228 0.0262412093579769 0.0258560124784708 0.026174109429121
0.0268776454031467 0.0266149267554283 0.0281516965478659 0.0279816668480635 0.0264502316713333 0.027479836717248 0.0290873125195503 0.0288750249892473 0.0287238135933876 0.0299273170530796 0.0297283995896578 0.0281460508704185 0.0298321191221476 0.0293574128299952 0.0293754003942013 0.0293215792626143 0.0290930736809969 0.0288592260330915 0.0289830397814512 0.0286526829004288 0.0286315716803074 0.0283860862255096 0.0285119470208883 0.0280805267393589 0.0281597282737494 0.0280818548053503 0.0278730988502502 0.027327524498105 0.0275299455970526 0.0273964274674654 0.0274514649063349 0.0269877929240465 0.0266888104379177 0.0270075034350157 0.0278931502252817 0.026647312566638 0.0265366304665804 0.0266972258687019 0.0265863388776779 0.0263142678886652 0.0262466818094254 0.0274662207812071 0.0264435280114412
0.0259481575340033 0.027039548382163 0.0284674111753702 0.0283953454345465 0.0281000081449747 0.0275008585304022 0.0289960373193026 0.0288804117590189 0.0285169649869204 0.0285097938030958 0.0299849454313517 0.0296308770775795 0.02957359328866 0.0293312482535839 0.0291596613824368 0.0293409824371338 0.0292335767298937 0.0289217848330736 0.0288793761283159 0.0307126548141241 0.0307183358818293 0.0287555661052465 0.0287343822419643 0.0296553336083889 0.0296522285789251 0.0294748563319445 0.0278386082500219 0.0291444752365351 0.0275432858616114 0.0287205800414085 0.0287837516516447 0.0288149621337652 0.028746509924531 0.0286099892109632 0.0281273350119591 0.0281737837940454 0.027648501098156 0.0266440752893686 0.0264005027711391 0.0263908058404922 0.0264208242297173 0.0263142678886652 0.0259557999670506
0.0271708760410547 0.0271414872258902 0.0268208831548691 0.0264564696699381 0.0279922354966402 0.0278599001467228 0.0275774132460356 0.0286940671503544 0.0285970661789179 0.0297538861632347 0.0298112891614437 0.0293185096234083 0.0294873081147671 0.0296724364161491 0.0297559592872858 0.0292968992143869 0.0290934629738331 0.0291148107498884 0.0307243131101131 0.0306626297533512 0.0307975057512522 0.0303570702672005 0.030106833204627 0.0301404818892479 0.0296414270997047 0.0295932330191135 0.0293676443397999 0.0277122482657433 0.0275466218590736 0.0290749855339527 0.0287942923605442 0.028704859316349 0.0285058282315731 0.0283756777644157 0.0282404739409685 0.0283026043325663 0.0282301325351 0.0281115174293518 0.0281241573393345 0.0281036533415318 0.0280530173331499 0.0276216324418783 0.0273597110062838
0.027661357074976 0.0268422719091177 0.0267304591834545 0.0278746988624334 0.0282461810857058 0.0279741007834673 0.0276782736182213 0.0287182107567787 0.0282611045986414 0.0285970661789179 0.0284788645803928 0.0296736974269152 0.0296305809170008 0.029654249548912 0.0294161606580019 0.0309185739606619 0.0307472180575132 0.0307134985923767 0.0292325038462877 0.0304896328598261 0.0305954106152058 0.0303209815174341 0.0303209815174341 0.0300048496574163 0.0296269673854113 0.0264514461159706 0.0261359587311745 0.0259545240551233 0.0291961040347815 0.0293134916573763 0.0292117968201637 0.0290518403053284 0.0289828516542912 0.0280762817710638 0.0282460153102875 0.0280861519277096 0.0277643743902445 0.0293071288615465 0.0278731025755405 0.0278175976127386 0.0276510417461395 0.0278282966464758 0.0277121681720018
0.0267865676432848 0.0268849600106478 0.0286369062960148 0.0266746431589127 0.0277397725731134 0.0277546923607588 0.0290373228490353 0.0285198874771595 0.0285239815711975 0.0283039677888155 0.0281225740909576 0.0283876042813063 0.0293227937072515 0.029577262699604 0.0295190829783678 0.0295190829783678 0.0310368910431862 0.0291706994175911 0.0306438971310854 0.0308401715010405 0.030146224424243 0.0286651998758316 0.030140845105052 0.0298952199518681 0.0296782031655312 0.0294949598610401 0.0262974519282579 0.0290312562137842 0.0291479919105768 0.0289089530706406 0.0301395263522863 0.0301285218447447 0.0300005059689283 0.0268839783966541 0.0266888961195946 0.0294965822249651 0.0292016174644232 0.0261379946023226 0.0279443487524986 0.0278175976127386 0.0277062207460403 0.0275302790105343 0.0274400468915701
