data/climate_estimation/maxent_output/Gagea_commutata.asc
NCOLS 135 
NROWS 142 
XLLCORNER 34.25 
YLLCORNER 30.1666666666667 
CELLSIZE 0.0833333333333333 
NODATA_value -3.4e+38 
[rows 80 to 99 of 142, columns 88 to 131 of 135]
0.00363758555613458 0.00365895335562527 0.0040615969337523 0.00357267679646611 0.0031574962195009 0.0028330737259239 0.0029173749499023 0.00292551470920444 0.00271541671827435 0.00325729418545961 0.00243494682945311 0.00269394181668758 0.00286011979915202 0.00268873269669712 0.00251174857839942 0.00271991617046297 0.00257175345905125 0.00248085800558329 0.0035361428745091 0.00400472478941083 0.00327329034917057 0.00327610829845071 0.00339361047372222 0.00314773083664477 0.00375587213784456 0.00355465966276824 0.00386557495221496 0.00468713464215398 0.0043641054071486 0.00468212272971869 0.00545787531882524 0.00655421614646912 0.00766879320144653 0.00971497688442469 0.0122150415554643 0.0140136200934649 0.0168081168085337 0.0190792791545391 0.0235323328524828 0.023469302803278 0.0213561151176691 0.0240281205624342 0.0292351543903351 0.0289304684847593
0.00326742953620851 0.00331647484563291 0.00379751692526042 0.00365492817945778 0.00341365695931017 0.00316536752507091 0.00319392257370055 0.00305457157082856 0.00247955322265625 0.00242453394457698 0.00256822281517088 0.00269570224918425 0.00251177884638309 0.00236012972891331 0.00218883738853037 0.00195171125233173 0.00185317057184875 0.00213124928995967 0.00254716724157333 0.00247659999877214 0.0030856893863529 0.00310198636725545 0.00238597788847983 0.00289794709533453 0.00361190899275243 0.00313374283723533 0.00385149870999157 0.00439610285684466 0.00391975557431579 0.00418320996686816 0.00500269746407866 0.00587338488548994 0.00720928749069571 0.0076949973590672 0.01180041115731 0.0123794125393033 0.0142271816730499 0.0160495191812515 0.0210629291832447 0.0201315190643072 0.0203431900590658 0.0225327759981155 0.0244829822331667 0.0283548627048731
0.00288285966962576 0.00317779462784529 0.00329169747419655 0.00284612318500876 0.00283024413511157 0.00261795893311501 0.00255467626266181 0.00235888874158263 0.00264499266631901 0.00244171847589314 0.0022385201882571 0.00207911129109561 0.00207294872961938 0.00186117121484131 0.00174443400464952 0.00162575265858322 0.00171529897488654 0.00151471514254808 0.00182215683162212 0.00220607197843492 0.00225629401393235 0.00321581494063139 0.00308373430743814 0.00248233717866242 0.00331703945994377 0.00323328049853444 0.00314537831582129 0.00390164740383625 0.00422313436865807 0.00391115108504891 0.00493979780003428 0.00618266640231013 0.00617166562005877 0.00750223360955715 0.00969091989099979 0.0131392851471901 0.0138362962752581 0.0160930305719376 0.0196837019175291 0.021532591432333 0.0218883976340294 0.0233131013810635 0.0229030679911375 0.0239173695445061
0.00270139961503446 0.00234718318097293 0.0024461061693728 0.00291693606413901 0.00300471787340939 0.00276135164313018 0.00254780682735145 0.0025098838377744 0.00234031979925931 0.0018993322737515 0.00194223516155034 0.00178975961171091 0.00181720079854131 0.0015485038748011 0.00167505641002208 0.00173711345996708 0.00159746175631881 0.00157212989870459 0.00141884200274944 0.00180426833685488 0.00217954255640507 0.0018179266480729 0.00251806899905205 0.00241688569076359 0.00322752189822495 0.00352847180329263 0.00377075700089335 0.00352624175138772 0.00423450209200382 0.00374267483130097 0.00478266552090645 0.00605789106339216 0.006618598010391 0.00983290188014507 0.0117588620632887 0.011046539992094 0.012524189427495 0.016176525503397 0.0201321132481098 0.0222055967897177 0.0205451752990484 0.0215502362698317 0.022079573944211 0.0233914740383625
0.00239431438967586 0.00282231625169516 0.00273585272952914 0.00242588901892304 0.00242814398370683 0.00223915744572878 0.00201747519895434 0.00185385125223547 0.00177084468305111 0.00197200104594231 0.00185604847501963 0.00183882855344564 0.00174954661633819 0.00197298103012145 0.00170252227690071 0.00170180562417954 0.00168329302687198 0.00123629893641919 0.00146509415935725 0.00186020962428302 0.00171514169778675 0.00175523688085377 0.00175541080534458 0.0020144188310951 0.00219727260991931 0.00353245646692812 0.00385876605287194 0.00348629290238023 0.00370636349543929 0.00370481610298157 0.00493839010596275 0.00600977148860693 0.00692581944167614 0.00728114368394017 0.00975415203720331 0.0109425159171224 0.0144255431368947 0.0143463518470526 0.0160480346530676 0.0166543629020452 0.0202530901879072 0.0213429182767868 0.0231058765202761 0.023009829223156
0.00211927178315818 0.00267233396880329 0.00287497835233808 0.00314699555747211 0.00251128571107984 0.00227098190225661 0.00210170727223158 0.00193409260828048 0.00211920239962637 0.00154216482769698 0.00150147243402898 0.00144324544817209 0.00135634385515004 0.00146068830508739 0.00126950861886144 0.00125258392654359 0.00119150360114872 0.00111191510222852 0.00143299403134733 0.00158921314869076 0.00143564864993095 0.00181349494960159 0.00204109749756753 0.00197538314387202 0.00178446422796696 0.00238875369541347 0.00287835113704205 0.00333223259076476 0.00332769914530218 0.00421593012288213 0.00536578614264727 0.00466687185689807 0.00634997198358178 0.00717110000550747 0.00914496742188931 0.0110965222120285 0.0129010891541839 0.0143798608332872 0.0140354363247752 0.0156039111316204 0.0193662606179714 0.019753934815526 0.0219597481191158 0.0230099633336067
0.00252732424996793 0.00215582456439734 0.00218253885395825 0.00209682201966643 0.00196277792565525 0.00175605353433639 0.00164560624398291 0.00156973872799426 0.00145430013071746 0.00156943337060511 0.00150013389065862 0.00146138784475625 0.00143006024882197 0.00146488088648766 0.00123015430290252 0.00129414699040353 0.00130052212625742 0.00121574965305626 0.00145211408380419 0.00134204153437167 0.00143991759978235 0.00134027912281454 0.00156114285346121 0.00156534078996629 0.00170819775667042 0.0019868416711688 0.00289594638161361 0.00247577391564846 0.00311791454441845 0.00363466585986316 0.00417201593518257 0.00601854780688882 0.00507745379582047 0.0072385654784739 0.00925551448017359 0.0116883851587772 0.0123633211478591 0.0137971118092537 0.0136695103719831 0.012939983047545 0.0167925711721182 0.0159121491014957 0.0186501666903496 0.0198914837092161
0.00193533080164343 0.00181420904118568 0.00171748246066272 0.0019672573544085 0.0020523457787931 0.00186349649447948 0.00170304207131267 0.00164742360357195 0.00185377022717148 0.00171487987972796 0.0012687579728663 0.00114016607403755 0.00107007077895105 0.00101116322912276 0.000954882940277457 0.00101515522692353 0.000947996857576072 0.000912845483981073 0.00114277354441583 0.00151689536869526 0.00126390450168401 0.0014049963792786 0.00157097051851451 0.00181096070446074 0.00180719385389239 0.00193652464076877 0.00175303523428738 0.00216372893191874 0.0029333911370486 0.00270755658857524 0.00394001230597496 0.00467437272891402 0.00636443309485912 0.00584358256310225 0.00789118651300669 0.00926144514232874 0.01082309987396 0.0124014802277088 0.0114832101389766 0.0125659126788378 0.0126312170177698 0.0133769828826189 0.0149435037747025 0.0158338788896799
0.00167433056049049 0.00135884655173868 0.00130824488587677 0.00157446134835482 0.00160996825434268 0.0013453810242936 0.00166982505470514 0.00158462126273662 0.00147875212132931 0.0013779035070911 0.00127326045185328 0.00120308808982372 0.00132640858646482 0.00132859800942242 0.00127798342145979 0.00110537547152489 0.00107655581086874 0.000980924931354821 0.00120052555575967 0.00106964015867561 0.0013657642994076 0.00138780218549073 0.00124897749628872 0.00139551644679159 0.00153770134784281 0.00150954537093639 0.00178935460280627 0.00200623879209161 0.00249658012762666 0.00267871585674584 0.00337238563224673 0.00388304959051311 0.00533180823549628 0.00624028686434031 0.00596330408006907 0.00871535297483206 0.00956250354647636 0.00961441919207573 0.0106855854392052 0.00991430226713419 0.010828822851181 0.0128185460343957 0.0125829055905342 0.0126941474154592
0.0015227134572342 0.00133139209356159 0.00095920532476157 0.00124387594405562 0.00118561089038849 0.0010922634974122 0.00126408727373928 0.00130246568005532 0.00144396128598601 0.00105601910036057 0.00100265129003674 0.0010865101357922 0.00104796758387238 0.000999110983684659 0.000868388509843498 0.000861102482303977 0.000788707751780748 0.000761288159992546 0.0008831248851493 0.000931407092139125 0.00101851881481707 0.0010460406774655 0.00116445543244481 0.00136125413700938 0.00164708402007818 0.00144860788714141 0.00184251158498228 0.00164193601813167 0.00194340315647423 0.00243623019196093 0.00260226102545857 0.00338260387070477 0.00360080739483237 0.00466320943087339 0.00499542104080319 0.00606225244700909 0.00725863594561815 0.00823249388486147 0.0087843406945467 0.00952013861387968 0.0101707233116031 0.0100636500865221 0.0107455188408494 0.0119970440864563
0.00152964470908046 0.00103225698694587 0.00100902188569307 0.00122896826360375 0.000745982106309384 0.000865405541844666 0.000988731044344604 0.00115194485988468 0.000811936508398503 0.00103827833663672 0.000959823373705149 0.00115347083192319 0.000846647657454014 0.00110330095048994 0.00101687165442854 0.000968227337580174 0.000932591443415731 0.000822021800559014 0.000994320027530193 0.000894389406312257 0.000924792315345258 0.0010735453106463 0.00126519717741758 0.00113252957817167 0.00118556269444525 0.00114428601227701 0.00143150414805859 0.00169290916528553 0.00198320229537785 0.00183184002526104 0.00223449105396867 0.00253010354936123 0.00345603772439063 0.00341439084149897 0.0048041557893157 0.00460063153877854 0.00538277206942439 0.00652514444664121 0.00698782270774245 0.00714992033317685 0.00714935502037406 0.00913018640130758 0.00905514787882566 0.00929181277751923
0.00113666569814086 0.00111893541179597 0.00107286137063056 0.00113463820889592 0.00095355132361874 0.000876121979672462 0.000942353392019868 0.000708457548171282 0.000779347086790949 0.0008052634075284 0.000732535729184747 0.000988858286291361 0.000970178982242942 0.000928910507354885 0.000821010151412338 0.000831030949484557 0.000730737927369773 0.000667700485792011 0.000691215391270816 0.000783560913987458 0.000748000689782202 0.00079687125980854 0.000939853780437261 0.00106127152685076 0.00123923295177519 0.00128476414829493 0.00146580941509455 0.00129853759426624 0.00147539691533893 0.00196502474136651 0.00235340837389231 0.00226381653919816 0.00222018011845648 0.0033205347135663 0.00324612203985453 0.00431034807115793 0.00413031317293644 0.00488360645249486 0.00695018097758293 0.00605432176962495 0.00685925129801035 0.00757315196096897 0.00755620375275612 0.00847977120429277
0.0014472653856501 0.000969145388808101 0.00115254533011466 0.00100778520572931 0.000981258228421211 0.000900656450539827 0.000770737184211612 0.000877965707331896 0.000607346009928733 0.000737185124307871 0.000759396003559232 0.000716966576874256 0.000762406969442964 0.000724074430763721 0.000656064425129443 0.000639806792605668 0.000566395581699908 0.000718669325578958 0.000738011673092842 0.000649263034574687 0.000805078539997339 0.000910794595256448 0.000782453396823257 0.000872450473252684 0.000858586106915027 0.00100536376703531 0.00108109251596034 0.00133957213256508 0.00122269080020487 0.00148729304783046 0.00174417323432863 0.00199184496887028 0.00255694426596165 0.0024007719475776 0.00325523898936808 0.00319986999966204 0.00378070236183703 0.00397419044747949 0.00578282633796334 0.00654354877769947 0.00640877429395914 0.00614581955596805 0.00738327438011765 0.00878449250012636
0.00140142580494285 0.00133651774376631 0.00115708808880299 0.00116730155423284 0.00096910068532452 0.000867858703713864 0.000802392838522792 0.000915281707420945 0.000891589268576354 0.000552975689060986 0.000720575568266213 0.000747136655263603 0.000993775087408721 0.000802501279395074 0.000767417892348021 0.000781549082603306 0.000671050394885242 0.000622987514361739 0.000583527842536569 0.000706897408235818 0.00065003038616851 0.00072716036811471 0.000812531623523682 0.000829599273856729 0.00093528168508783 0.000992660061456263 0.000847545161377639 0.00100916693918407 0.00109179667197168 0.00151345529593527 0.00133789866231382 0.00182530330494046 0.00183922389987856 0.00225953198969364 0.00222924677655101 0.00305953016504645 0.00302086118608713 0.00376120815053582 0.00408640829846263 0.00457101175561547 0.00557735888287425 0.00593425240367651 0.0071290428750217 0.00674443133175373
0.000873465847689658 0.000998345203697681 0.00112866749987006 0.000983473029918969 0.0010663183638826 0.000773074512835592 0.000811724050436169 0.000783891067840159 0.000682945363223553 0.000603391614276916 0.000536122650373727 0.0005962168215774 0.000656701682601124 0.000728622952010483 0.000659046112559736 0.000605571200139821 0.000557898660190403 0.000486493780044839 0.00046232552267611 0.000572939694393426 0.000656512042041868 0.000552624347619712 0.000594137527514249 0.00069533457281068 0.000735645007807761 0.000793318031355739 0.000967476982623339 0.000947794469539076 0.000939688587095588 0.00125704891979694 0.00103574385866523 0.00140667718369514 0.00181465956848115 0.00172583141829818 0.0023087605368346 0.00242492975667119 0.00311618251726031 0.00311669870279729 0.00403617322444916 0.00377565575763583 0.0045642564073205 0.00610667793080211 0.00594936823472381 0.00766488257795572
0.000935044256038964 0.000925564207136631 0.00114494771696627 0.00103641371242702 0.000894553028047085 0.00082606339128688 0.000730035942979157 0.000646138854790479 0.000674376147799194 0.000598675105720758 0.000551574514247477 0.000704228936228901 0.00054052408086136 0.000536496809218079 0.000574575329665095 0.000555387348867953 0.000512079684995115 0.000448859529569745 0.000441418203990906 0.000473734602564946 0.000488256453536451 0.000505300879012793 0.000674416194669902 0.000567792216315866 0.000534265593159944 0.000600574188865721 0.000701430253684521 0.000908127287402749 0.000682046404108405 0.000935177260544151 0.00116709491703659 0.00105898769106716 0.00144785887096077 0.0018583134515211 0.00182336883153766 0.00182239385321736 0.00222387257963419 0.00311541673727334 0.00289604719728231 0.0043036243878305 0.0043287961743772 0.00553644541651011 0.0063218530267477 0.00637946743518114
0.00091405602870509 0.000865511246956885 0.00117973505984992 0.00108980492223054 0.000784700096119195 0.000727094942703843 0.000671107496600598 0.000665592728182673 0.000651060254313052 0.000580746273044497 0.000478123693028465 0.000433659792179242 0.000584187509957701 0.000580253195948899 0.000676577736157924 0.00047389860264957 0.000416610593674704 0.000558394007384777 0.000527889467775822 0.000570434902328998 0.000402508158003911 0.000451414874987677 0.000553307530935854 0.000571667973417789 0.000611374562140554 0.000513219798449427 0.000529655197169632 0.00066336098825559 0.000815863080788404 0.000641222286503762 0.000838969193864614 0.00115454685874283 0.00113444007001817 0.00148861692287028 0.0013404170749709 0.00181274127680808 0.00170442706439644 0.00232543330639601 0.00241254200227559 0.00357070425525308 0.00390261970460415 0.00576313678175211 0.00674066226929426 0.00758533552289009
0.000824846443720162 0.000756727589759976 0.000765575969126076 0.000675416958983988 0.000608396483585238 0.0005597680574283 0.00050434609875083 0.000486605276819319 0.000475466658826917 0.000427848979597911 0.00041458333726041 0.000444960169261321 0.000500101363286376 0.000521840178407729 0.000607916153967381 0.000702842662576586 0.000643484992906451 0.000484033691463992 0.000441581360064447 0.000502661219798028 0.000508663477376103 0.00039066091994755 0.000376780400983989 0.00043360231211409 0.000585802714340389 0.000608728209044784 0.000512729224283248 0.000524940842296928 0.000654192641377449 0.000620398495811969 0.00063303072238341 0.000862630258779973 0.00111673248466104 0.00111356878187507 0.00146618019789457 0.00138270319439471 0.00169881200417876 0.00193136720918119 0.00258117471821606 0.00295286485925317 0.00417011650279164 0.00480033364146948 0.00535062234848738 0.00613424507901073
0.000954911578446627 0.000875795492902398 0.000805548799689859 0.000707976170815527 0.0006866863113828 0.000625869492068887 0.000557975028641522 0.000533149228431284 0.000456091162050143 0.000611556868534535 0.000463198928628117 0.000773012521676719 0.000570825941395015 0.000670276116579771 0.00070544210029766 0.000745094264857471 0.000530106597580016 0.00042883530841209 0.000451322761364281 0.000416203838540241 0.000420914264395833 0.000493584375362843 0.000482331408420578 0.000446788384579122 0.000404639635235071 0.000523625989444554 0.000560506130568683 0.000486627075588331 0.000490219157654792 0.000642662867903709 0.000583112414460629 0.000759406771976501 0.00104803941212595 0.000987936276942492 0.00121199036948383 0.00120000552851707 0.00175985682290047 0.00208001304417849 0.00222364161163568 0.00258129136636853 0.00383015885017812 0.00428575091063976 0.00617589661851525 0.00720377126708627
0.000754862558096647 0.000797531160060316 0.000689424516167492 0.000617449928540736 0.000597787846345454 0.000575986516196281 0.000487401994178072 0.000684673490468413 0.000695111753884703 0.000594076176639646 0.000677004223689437 0.000710583699401468 0.000825237773824483 0.00104983965866268 0.00116689503192902 0.000811917067039758 0.00062149326549843 0.000423067656811327 0.000366300111636519 0.000425615522544831 0.000422024197177961 0.000449903018306941 0.000463846896309406 0.000386552739655599 0.000369531655451283 0.000399778829887509 0.000465754157630727 0.000579382001888007 0.000527562515344471 0.000566183705814183 0.000690099550411105 0.000651577662210912 0.000803281960543245 0.000792647013440728 0.00104455836117268 0.00133631809148937 0.00139155413489789 0.00179832638241351 0.00194510677829385 0.00279782409779727 0.00302399462088943 0.00473058689385653 0.00555056659504771 0.00607313169166446
