data/climate_estimation/maxent_output/Gagea_minima.asc
NCOLS 591 
NROWS 328 
XLLCORNER 9.08333333333333 
YLLCORNER 37.5 
CELLSIZE 0.0833333333333333 
NODATA_value -3.4e+38 
[rows 95 to 113 of 328, columns 264 to 307 of 591]
0.338153511285782 0.308074444532394 0.308429539203644 0.282712370157242 0.261858582496643 0.26431530714035 0.249692246317863 0.255705535411835 0.25548443198204 0.23298816382885 0.250931531190872 0.256514757871628 0.256344258785248 0.256344258785248 0.247806563973427 0.248168960213661 0.265696465969086 0.269576907157898 0.277637273073196 0.279385209083557 0.298608958721161 0.273252695798874 0.287336200475693 0.282973229885101 0.284515619277954 0.297081172466278 0.295279145240784 0.296853393316269 0.297101885080338 0.277718394994736 0.279307961463928 0.261112421751022 0.268875598907471 0.274798005819321 0.272580325603485 0.268301665782928 0.27417516708374 0.2626031935215 0.262223839759827 0.265880584716797 0.271973937749863 0.255293607711792 0.25962308049202 0.259777933359146
0.327589094638824 0.309541046619415 0.314011335372925 0.301560699939728 0.287367343902588 0.27580800652504 0.253638356924057 0.253570765256882 0.260925263166428 0.250964105129242 0.24103544652462 0.24083323776722 0.256548881530762 0.256344258785248 0.251839309930801 0.253366529941559 0.271358221769333 0.271358221769333 0.271321088075638 0.297305524349213 0.292677074670792 0.292519390583038 0.283013135194778 0.282853603363037 0.282793790102005 0.276381522417068 0.278091937303543 0.317291617393494 0.317335188388824 0.312515914440155 0.310449242591858 0.279277712106705 0.279277712106705 0.274836957454681 0.280943304300308 0.266337364912033 0.26611801981926 0.26624596118927 0.266081482172012 0.254228234291077 0.26184493303299 0.267496526241302 0.257929235696793 0.269820064306259
0.326805889606476 0.325463652610779 0.31013423204422 0.299345791339874 0.290533035993576 0.280519396066666 0.277630567550659 0.277321696281433 0.277448832988739 0.25479194521904 0.239235162734985 0.239235162734985 0.250615656375885 0.252276539802551 0.257811635732651 0.255837380886078 0.271395355463028 0.2712282538414 0.271098345518112 0.296926498413086 0.296747088432312 0.270480155944824 0.268673628568649 0.264312148094177 0.269980192184448 0.278150975704193 0.281977355480194 0.284035265445709 0.29258206486702 0.279692381620407 0.279159307479858 0.303591340780258 0.296864032745361 0.296644896268845 0.296525448560715 0.278889894485474 0.278662353754044 0.26624596118927 0.26624596118927 0.265880584716797 0.261556565761566 0.265588611364365 0.253404289484024 0.272041141986847
0.327836722135544 0.314231306314468 0.299480766057968 0.304017931222916 0.289018839597702 0.290721446275711 0.280702710151672 0.280006617307663 0.291858017444611 0.260785311460495 0.243424013257027 0.244874343276024 0.256475418806076 0.256014496088028 0.257740408182144 0.273970454931259 0.257420003414154 0.271395355463028 0.271395355463028 0.296627521514893 0.270949959754944 0.292322367429733 0.262341797351837 0.26836746931076 0.282634317874908 0.282634317874908 0.282335549592972 0.284175306558609 0.28993633389473 0.289956659078598 0.30140233039856 0.30314564704895 0.301321715116501 0.302821844816208 0.277105838060379 0.2768794298172 0.284831643104553 0.278925657272339 0.260292798280716 0.274265080690384 0.265971899032593 0.278302401304245 0.270210772752762 0.276194661855698
0.31771644949913 0.317096769809723 0.304464906454086 0.27447310090065 0.274379402399063 0.304099172353745 0.290740311145782 0.292369067668915 0.28358855843544 0.264574468135834 0.260659456253052 0.266764938831329 0.26056957244873 0.262193888425827 0.274344980716705 0.270187109708786 0.270002096891403 0.269613862037659 0.294387996196747 0.274967014789581 0.272626906633377 0.291563957929611 0.27832019329071 0.279921382665634 0.2928806245327 0.286408722400665 0.26955771446228 0.281957447528839 0.290220975875854 0.283735364675522 0.279336929321289 0.321904897689819 0.301100045442581 0.296485632658005 0.28319239616394 0.283384442329407 0.278716951608658 0.260328710079193 0.278546303510666 0.272690892219543 0.242890670895576 0.272318422794342 0.270228564739227 0.282940328121185
0.351883262395859 0.310274422168732 0.306161642074585 0.308560341596603 0.305814743041992 0.307883322238922 0.311165750026703 0.280768036842346 0.280672669410706 0.29478058218956 0.287631273269653 0.284996122121811 0.284668028354645 0.284436583518982 0.280477613210678 0.276151329278946 0.275831341743469 0.288076162338257 0.28506875038147 0.28506875038147 0.28506875038147 0.280376493930817 0.280376493930817 0.279921382665634 0.275726288557053 0.269826501607895 0.265525817871094 0.271022289991379 0.283895283937454 0.294920176267624 0.322222948074341 0.303550809621811 0.308105915784836 0.283249974250793 0.283249974250793 0.314767301082611 0.277049213647842 0.277049213647842 0.277030348777771 0.27655890583992 0.278302401304245 0.2822145819664 0.289058238267899 0.278560280799866
0.31928887963295 0.308296412229538 0.306284159421921 0.309615135192871 0.305916756391525 0.309738665819168 0.309718072414398 0.3022081553936 0.300085932016373 0.298375219106674 0.29819518327713 0.297795385122299 0.289311051368713 0.289330571889877 0.28886204957962 0.28596630692482 0.285869538784027 0.285695433616638 0.281493127346039 0.30054783821106 0.296278059482574 0.296079128980637 0.285220921039581 0.28649914264679 0.280040055513382 0.288876950740814 0.293085545301437 0.299957364797592 0.306545108556747 0.327416926622391 0.292937695980072 0.283515632152557 0.288189053535461 0.32190677523613 0.321716129779816 0.316715866327286 0.29451647400856 0.296010404825211 0.295732259750366 0.300837308168411 0.3025181889534 0.302479356527328 0.295667946338654 0.278232753276825
0.312037199735641 0.313350260257721 0.322768568992615 0.311602532863617 0.311395734548569 0.31092044711113 0.301965713500977 0.303730398416519 0.300166338682175 0.320584237575531 0.320541977882385 0.322261214256287 0.322261214256287 0.320138365030289 0.28886204957962 0.290684938430786 0.290547758340836 0.29466924071312 0.294016033411026 0.294035792350769 0.314178138971329 0.314157336950302 0.289444029331207 0.297943562269211 0.286398470401764 0.297694474458694 0.284738451242447 0.284950643777847 0.297928810119629 0.281877905130386 0.283815324306488 0.292996853590012 0.301462829113007 0.319871097803116 0.321377456188202 0.319731742143631 0.321675181388855 0.321451485157013 0.321065336465836 0.316294848918915 0.315833121538162 0.316094040870667 0.301936000585556 0.288603633642197
0.346934944391251 0.346532106399536 0.324520409107208 0.315666109323502 0.31357604265213 0.31311908364296 0.31289079785347 0.305505365133286 0.30350735783577 0.324522495269775 0.303304702043533 0.301822036504745 0.322367280721664 0.322112739086151 0.321900755167007 0.29206594824791 0.28872549533844 0.317774027585983 0.317354410886765 0.317564159631729 0.319272041320801 0.314157336950302 0.293877601623535 0.309427529573441 0.289151102304459 0.289463579654694 0.304430484771729 0.304186761379242 0.304125845432281 0.299616038799286 0.30627965927124 0.306218415498734 0.307982951402664 0.319154620170593 0.321356296539307 0.300759732723236 0.300337433815002 0.314315736293793 0.321065336465836 0.31605389714241 0.320740461349487 0.320496946573257 0.322362810373306 0.322383195161819
0.34666633605957 0.348107784986496 0.338584959506989 0.338474959135056 0.315144270658493 0.31506085395813 0.314706444740295 0.305729538202286 0.305037081241608 0.306815713644028 0.324266672134399 0.323904544115067 0.323883235454559 0.323542684316635 0.321688830852509 0.321434706449509 0.319526642560959 0.314532458782196 0.318957924842834 0.321263492107391 0.320777088403702 0.318914145231247 0.318914145231247 0.315893322229385 0.289385437965393 0.317871063947678 0.297445565462112 0.30441015958786 0.299616038799286 0.310453355312347 0.305993974208832 0.308085441589355 0.312588691711426 0.321589082479477 0.320785373449326 0.312094360589981 0.307385861873627 0.314315736293793 0.31399592757225 0.314135789871216 0.315833121538162 0.32268887758255 0.315532296895981 0.295243442058563
0.335618168115616 0.335618168115616 0.340904802083969 0.340904802083969 0.340308368206024 0.340021461248398 0.334473669528961 0.32293501496315 0.32308954000473 0.321269273757935 0.322947084903717 0.322748512029648 0.322572082281113 0.320797950029373 0.325744301080704 0.325146108865738 0.323094189167023 0.32709863781929 0.324952334165573 0.332187801599503 0.33231794834137 0.330167949199677 0.328329086303711 0.318556576967239 0.313554257154465 0.299737095832825 0.297010332345963 0.29682394862175 0.299535781145096 0.299395322799683 0.299114614725113 0.305586248636246 0.308003425598145 0.321335136890411 0.321081310510635 0.307543158531189 0.342747658491135 0.320801347494125 0.320720165967941 0.315993666648865 0.320273846387863 0.320496946573257 0.313576549291611 0.306345254182816
0.335936188697815 0.333497226238251 0.333565026521683 0.337190955877304 0.332819640636444 0.324895322322845 0.324895322322845 0.322890877723694 0.322449713945389 0.324973851442337 0.324707895517349 0.322925001382828 0.32226350903511 0.322704404592514 0.322386175394058 0.322386175394058 0.343863040208817 0.326862871646881 0.326648622751236 0.324696362018585 0.320882797241211 0.31885102391243 0.31885102391243 0.318430423736572 0.315350472927094 0.30362531542778 0.285815119743347 0.284160315990448 0.317519038915634 0.312422901391983 0.312754541635513 0.312298595905304 0.314214736223221 0.321292817592621 0.321123600006104 0.322846978902817 0.335768014192581 0.335768014192581 0.316194444894791 0.320456385612488 0.320436090230942 0.320395529270172 0.315512239933014 0.306345254182816
0.33919158577919 0.357012033462524 0.356869637966156 0.334665387868881 0.334461480379105 0.334053963422775 0.324363529682159 0.348779529333115 0.326943278312683 0.344114512205124 0.31337895989418 0.344219744205475 0.344011664390564 0.346425950527191 0.345915257930756 0.345636934041977 0.345474660396576 0.321593672037125 0.321615666151047 0.319582760334015 0.317712038755417 0.322922676801682 0.322561800479889 0.320902496576309 0.315204411745071 0.315225273370743 0.315100133419037 0.317812770605087 0.279865115880966 0.283544689416885 0.312195062637329 0.312443614006042 0.312298595905304 0.293576568365097 0.321165889501572 0.307326883077621 0.319043636322021 0.32104504108429 0.321024715900421 0.320882558822632 0.320882558822632 0.327092617750168 0.334247082471848 0.334142476320267
0.359167486429214 0.359167486429214 0.358786225318909 0.361320644617081 0.358965665102005 0.358965665102005 0.358703702688217 0.351040363311768 0.348662853240967 0.348546177148819 0.336448431015015 0.314818948507309 0.34587898850441 0.34585577249527 0.345484673976898 0.3479063808918 0.345289260149002 0.345289260149002 0.32172566652298 0.317546784877777 0.315836876630783 0.315468102693558 0.315468102693558 0.322264850139618 0.318325340747833 0.308011502027512 0.30362531542778 0.298924565315247 0.288273692131042 0.290172696113586 0.317078828811646 0.312443614006042 0.318701416254044 0.321313977241516 0.325833529233932 0.312134146690369 0.342811614274979 0.325719505548477 0.325288534164429 0.327030867338181 0.327422231435776 0.326886773109436 0.326763272285461 0.336529195308685
0.363013654947281 0.363421976566315 0.361320644617081 0.361296713352203 0.360794425010681 0.360650986433029 0.350712180137634 0.341182857751846 0.341063648462296 0.350454449653625 0.342601239681244 0.342649072408676 0.342649072408676 0.345925390720367 0.345995008945465 0.343826800584793 0.343572705984116 0.345521032810211 0.341093719005585 0.340772211551666 0.338833421468735 0.323061287403107 0.320526778697968 0.301521480083466 0.312989979982376 0.317968279123306 0.314995884895325 0.288702398538589 0.290583938360214 0.317414194345474 0.317225515842438 0.318974882364273 0.318974882364273 0.332727789878845 0.332727789878845 0.333434551954269 0.311915397644043 0.326089233160019 0.325432151556015 0.330472141504288 0.337912559509277 0.337448805570602 0.326783865690231 0.326516449451447
0.36509770154953 0.36509770154953 0.362989664077759 0.362653642892838 0.34760582447052 0.362629652023315 0.343192279338837 0.331122606992722 0.333681672811508 0.367784142494202 0.340873003005981 0.343055725097656 0.331316083669662 0.33324322104454 0.332962155342102 0.331393182277679 0.343595802783966 0.345752894878387 0.345011293888092 0.343239694833755 0.310389369726181 0.306555807590485 0.325057089328766 0.324990570545197 0.313033103942871 0.307883739471436 0.314787447452545 0.294397085905075 0.309968203306198 0.321726858615875 0.323473453521729 0.330684632062912 0.332814633846283 0.326004594564438 0.325705289840698 0.325705289840698 0.332828998565674 0.323451220989227 0.311458438634872 0.32541161775589 0.327298611402512 0.334435403347015 0.339365869760513 0.328635722398758
0.36509770154953 0.365362912416458 0.364953100681305 0.378009974956512 0.367927640676498 0.365466475486755 0.343168318271637 0.333681672811508 0.34314438700676 0.367633372545242 0.337202310562134 0.335477441549301 0.334795117378235 0.334607064723969 0.332728028297424 0.330740243196487 0.330414146184921 0.335415869951248 0.345242917537689 0.343239694833755 0.33851346373558 0.321263879537582 0.319035857915878 0.314883083105087 0.312796026468277 0.313033103942871 0.30741560459137 0.314662456512451 0.326762408018112 0.326676726341248 0.323324620723724 0.335779666900635 0.332424014806747 0.325534343719482 0.325363457202911 0.337502896785736 0.325370579957962 0.325493693351746 0.320578098297119 0.320436090230942 0.327154397964478 0.320354968309402 0.319706499576569 0.328821688890457
0.388574659824371 0.388549536466599 0.378086805343628 0.38007265329361 0.367676228284836 0.367902487516403 0.371598660945892 0.369978159666061 0.334717482328415 0.337485998868942 0.337060511112213 0.334583550691605 0.352724701166153 0.347223043441772 0.333310127258301 0.333334416151047 0.31665575504303 0.347812116146088 0.329739421606064 0.332866996526718 0.342732399702072 0.342386811971664 0.342363774776459 0.336424767971039 0.31525132060051 0.314471870660782 0.318220287561417 0.314787447452545 0.326591044664383 0.330563366413116 0.315069198608398 0.336129426956177 0.332424014806747 0.297975867986679 0.311222940683365 0.320341855287552 0.327082365751266 0.299975842237473 0.339714527130127 0.301189333200455 0.320233315229416 0.322179526090622 0.30315500497818 0.335473209619522
0.377461522817612 0.398931413888931 0.384860575199127 0.382393389940262 0.371851831674576 0.408263891935349 0.382091522216797 0.374069899320602 0.363680750131607 0.377336114645004 0.376753479242325 0.374461084604263 0.350931406021118 0.351007014513016 0.334910094738007 0.332654774188995 0.334986865520477 0.31874617934227 0.318406194448471 0.345398277044296 0.344224601984024 0.346245676279068 0.342202603816986 0.336288332939148 0.314774841070175 0.316558539867401 0.317758351564407 0.317758351564407 0.32661247253418 0.318831503391266 0.316141217947006 0.335626721382141 0.32203671336174 0.332315564155579 0.291365146636963 0.290913850069046 0.320257425308228 0.326953768730164 0.311041623353958 0.313065052032471 0.320334702730179 0.307480335235596 0.321874231100082 0.302487820386887
