data/climate_estimation/maxent_output/Gagea_villosa.asc
NCOLS 474 
NROWS 331 
XLLCORNER 1.08333333333333 
YLLCORNER 32.4166666666667 
CELLSIZE 0.0833333333333333 
NODATA_value -3.4e+38 
[rows 120 to 139 of 331, columns 225 to 269 of 474]
0.26022145152092 0.235246896743774 0.205177158117294 0.190458476543427 0.190707609057426 0.174888357520103 0.153285950422287 0.132705464959145 0.119628325104713 0.108726404607296 0.113272078335285 0.104209646582603 0.107794962823391 0.108667336404324 0.105754673480988 0.106340646743774 0.10904797911644 0.107292793691158 0.10385437309742 0.0916839838027954 0.0943470820784569 0.0810344517230988 0.0721079260110855 0.0685974135994911 0.0673091188073158 0.0654743164777756 0.0596833601593971 0.0593310296535492 0.059160802513361 0.067233994603157 0.0894336178898811 0.116026394069195 0.14416515827179 0.173636510968208 0.204929336905479 0.236237913370132 0.253803908824921 0.265726208686829 0.275955200195312 0.266634345054626 0.266982287168503 0.271035671234131 0.261547148227692 0.262269794940948 0.243315324187279
0.207885935902596 0.223943591117859 0.210264548659325 0.196765810251236 0.180351614952087 0.165883079171181 0.139392361044884 0.120470128953457 0.111439928412437 0.104093946516514 0.0983082428574562 0.100486353039742 0.0972424298524857 0.10003375262022 0.104811899363995 0.102828130125999 0.103137992322445 0.103620730340481 0.103191629052162 0.094064012169838 0.0764112398028374 0.0836225152015686 0.0790072381496429 0.0713813006877899 0.0586625635623932 0.0524698756635189 0.0508170127868652 0.0572598204016685 0.0622689984738827 0.06780806183815 0.0734222233295441 0.0911809056997299 0.122809745371342 0.141267746686935 0.192646816372871 0.242992639541626 0.263001382350922 0.281408160924911 0.279705405235291 0.275028795003891 0.254803687334061 0.264843553304672 0.258503675460815 0.256942391395569 0.241961091756821
0.10829071700573 0.144352361559868 0.101355917751789 0.128859266638756 0.151286274194717 0.127457201480865 0.106529034674168 0.0993503481149673 0.102632306516171 0.0924042612314224 0.0900886133313179 0.0890767797827721 0.0909149497747421 0.0963404104113579 0.106441296637058 0.105686455965042 0.107043780386448 0.105343267321587 0.103463351726532 0.104352384805679 0.0934230908751488 0.0881129130721092 0.0762543082237244 0.062505416572094 0.0613432452082634 0.0603273436427116 0.0485967732965946 0.0511779189109802 0.0640239268541336 0.0647319704294205 0.077484130859375 0.10151070356369 0.119732819497585 0.149732127785683 0.191044554114342 0.24456861615181 0.270994156599045 0.280142486095428 0.265008985996246 0.273452341556549 0.269906044006348 0.277666598558426 0.262361288070679 0.252415299415588 0.249769896268845
0.0945589393377304 0.115185394883156 0.105077765882015 0.0909368619322777 0.0771334692835808 0.0846751779317856 0.106610655784607 0.0810951963067055 0.0862041115760803 0.0902297049760818 0.0893827378749847 0.0839194878935814 0.0930322259664536 0.101018652319908 0.102029047906399 0.112626411020756 0.109618537127972 0.110425271093845 0.102684676647186 0.10396483540535 0.0931810513138771 0.0868304073810577 0.0863660201430321 0.0745354145765305 0.0651595741510391 0.0600861087441444 0.0564327724277973 0.051436074078083 0.0597744323313236 0.0532707571983337 0.0584272183477879 0.0815149918198586 0.0845669358968735 0.123452559113503 0.148332580924034 0.231061682105064 0.255953222513199 0.250524312257767 0.251199543476105 0.251781105995178 0.248377919197083 0.257339149713516 0.248185604810715 0.261595189571381 0.237591415643692
0.10351025313139 0.076392687857151 0.0958137363195419 0.0809254795312881 0.0560365840792656 0.0556505210697651 0.0658287033438683 0.0809907391667366 0.0906975939869881 0.0905042663216591 0.0794505774974823 0.0879605114459991 0.0879552289843559 0.105090789496899 0.0941266119480133 0.100579909980297 0.10585206001997 0.0849509611725807 0.0872291922569275 0.100346781313419 0.0942233502864838 0.08492811024189 0.0822546556591988 0.0740493834018707 0.0738706216216087 0.06683649122715 0.0629434585571289 0.0580297820270061 0.0505865216255188 0.0575476586818695 0.0497531071305275 0.0550213158130646 0.0731485784053802 0.0880830362439156 0.130678236484528 0.200714230537415 0.225932508707047 0.226740524172783 0.224019676446915 0.226596742868423 0.239009469747543 0.255873054265976 0.25147870182991 0.243611454963684 0.231251925230026
0.0636357590556145 0.059052150696516 0.0379505082964897 0.0274050161242485 0.0365540087223053 0.0669843778014183 0.10498408973217 0.105229005217552 0.111958526074886 0.101821549236774 0.0933470129966736 0.0885068699717522 0.0785034820437431 0.0863154530525208 0.0995552837848663 0.0921284109354019 0.0762993022799492 0.0694244503974915 0.0625104680657387 0.0787887573242188 0.0783290714025497 0.0650081932544708 0.0666538700461388 0.0518480502068996 0.0537382215261459 0.0586112178862095 0.0558669120073318 0.0549684725701809 0.0546670705080032 0.0460218898952007 0.0457103885710239 0.0476737283170223 0.0583411492407322 0.0675279125571251 0.0929395854473114 0.147908315062523 0.163075774908066 0.199875116348267 0.213899090886116 0.221032977104187 0.231877356767654 0.242640510201454 0.240401744842529 0.246332287788391 0.243389472365379
0.0658530816435814 0.0737202987074852 0.0808981284499168 0.0849417671561241 0.0902315899729729 0.0841124057769775 0.0832260325551033 0.0931584984064102 0.060176644474268 0.0678234100341797 0.0959759429097176 0.0674465894699097 0.0584740377962589 0.0737440511584282 0.0824070796370506 0.0773017108440399 0.0761906802654266 0.0733236372470856 0.0739664658904076 0.0661601051688194 0.0659835338592529 0.0626417249441147 0.062764011323452 0.0538789331912994 0.0465690232813358 0.0412785299122334 0.0430857203900814 0.0435121767222881 0.0435130819678307 0.0456651039421558 0.052709948271513 0.0564691796898842 0.0515235736966133 0.0735010206699371 0.0870475918054581 0.086190901696682 0.0948350429534912 0.14637690782547 0.18902999162674 0.204356625676155 0.206498429179192 0.214958116412163 0.228572353720665 0.23009842634201 0.233289003372192
0.0437916815280914 0.0385679714381695 0.0454997606575489 0.0579252168536186 0.0672148317098618 0.108138516545296 0.123814433813095 0.106048338115215 0.0842698141932487 0.0773051306605339 0.0922398865222931 0.102772101759911 0.0917847231030464 0.0923874229192734 0.0842089280486107 0.10229454189539 0.0842225775122643 0.105010136961937 0.106956325471401 0.102417178452015 0.0917575433850288 0.0905269235372543 0.0702466741204262 0.0524076484143734 0.0469295158982277 0.0395648628473282 0.0400297567248344 0.04272136464715 0.0380575321614742 0.0432806238532066 0.042904194444418 0.0584003441035748 0.0545596405863762 0.0613611564040184 0.0653700456023216 0.0745425671339035 0.0894988104701042 0.121172301471233 0.118670374155045 0.132062926888466 0.170387700200081 0.18704979121685 0.207395330071449 0.215723499655724 0.221179947257042
0.0242888983339071 0.0264628976583481 0.0258909035474062 0.0352820158004761 0.0356282480061054 0.0550497099757195 0.0808622911572456 0.0977610945701599 0.112403944134712 0.1233199685812 0.118808411061764 0.124423123896122 0.116751790046692 0.086852103471756 0.105534851551056 0.110746189951897 0.132386416196823 0.142040550708771 0.125285014510155 0.122514277696609 0.117044910788536 0.113743998110294 0.0997824519872665 0.0820262879133224 0.071386530995369 0.0517377480864525 0.04244539514184 0.0387242846190929 0.0324031859636307 0.0363019071519375 0.0417785979807377 0.0543280206620693 0.0584691315889359 0.0594639517366886 0.0631970092654228 0.0750436186790466 0.0960341840982437 0.106236137449741 0.0980612337589264 0.0916281268000603 0.104540906846523 0.119390495121479 0.14536240696907 0.184929296374321 0.196817994117737
0.00495264958590269 0.00516025582328439 0.00288640498183668 0.00516927288845181 0.00352690648287535 0.0482379570603371 0.133357912302017 0.156480893492699 0.122155092656612 0.0637497007846832 0.0798464640974998 0.101782433688641 0.130180165171623 0.104290559887886 0.0873200744390488 0.0719274878501892 0.0894772186875343 0.134344875812531 0.138065665960312 0.138144716620445 0.135339185595512 0.132364824414253 0.119385845959187 0.0978908836841583 0.0940404459834099 0.0734247714281082 0.0584451965987682 0.0446031466126442 0.0381719246506691 0.0361862406134605 0.0390346348285675 0.0428743660449982 0.0439676977694035 0.0526285879313946 0.0703534707427025 0.0735005587339401 0.0829521268606186 0.0763486176729202 0.0834022611379623 0.0907333120703697 0.0949936211109161 0.111116714775562 0.101081565022469 0.0919212251901627 0.126818120479584
0.0351364947855473 0.0285687688738108 0.0113059878349304 0.0150206182152033 0.0577991232275963 0.16626712679863 0.188141599297523 0.166910618543625 0.107443258166313 0.0625284314155579 0.090658612549305 0.103952154517174 0.137617364525795 0.135947808623314 0.16425995528698 0.125959694385529 0.124975733458996 0.155016884207726 0.146877527236938 0.153563603758812 0.145748227834702 0.139065161347389 0.129937544465065 0.120390869677067 0.112609446048737 0.11958833783865 0.0899938568472862 0.075958177447319 0.0589103773236275 0.0508876293897629 0.0400920286774635 0.0393674746155739 0.0320116318762302 0.0428378544747829 0.0452763848006725 0.0561393015086651 0.0728272572159767 0.0841247737407684 0.0901272669434547 0.0709959268569946 0.0641424506902695 0.074614018201828 0.0881607010960579 0.127371296286583 0.138975709676743
0.0735319033265114 0.0667625218629837 0.0750060603022575 0.0953986868262291 0.137116849422455 0.20959509909153 0.203265056014061 0.18527027964592 0.172132983803749 0.149470999836922 0.142639487981796 0.153832420706749 0.0940645039081573 0.128801137208939 0.174996703863144 0.187835022807121 0.187182396650314 0.172548219561577 0.15244497358799 0.151118144392967 0.155735418200493 0.148012325167656 0.149584755301476 0.147984340786934 0.134215921163559 0.136654555797577 0.128869250416756 0.11260224878788 0.101856730878353 0.0788451731204987 0.0771412700414658 0.0695247128605843 0.0655306354165077 0.0701328292489052 0.0521504990756512 0.0452599376440048 0.0599981918931007 0.0710867643356323 0.0927319452166557 0.0820476114749908 0.0587311387062073 0.0515544228255749 0.0637128949165344 0.0817113146185875 0.113048002123833
0.0279475133866072 0.0378754995763302 0.0340473726391792 0.0640739724040031 0.0750836953520775 0.160005703568459 0.195159986615181 0.227254703640938 0.24312125146389 0.229931980371475 0.22839318215847 0.223052382469177 0.156176567077637 0.159346982836723 0.150288626551628 0.187275305390358 0.194011971354485 0.186633571982384 0.102183662354946 0.0884200558066368 0.164642885327339 0.172423630952835 0.166599690914154 0.160102695226669 0.155020996928215 0.159066826105118 0.15660497546196 0.124963507056236 0.104967355728149 0.130498558282852 0.126124858856201 0.125321105122566 0.101100258529186 0.109965577721596 0.0872606560587883 0.0883639678359032 0.0595820844173431 0.066649042069912 0.0851674675941467 0.0785109251737595 0.0676310136914253 0.0676310136914253 0.0757646858692169 0.0895847231149673 0.0557739734649658
0.0731113627552986 0.0814100950956345 0.0546983368694782 0.0227120853960514 0.0573154576122761 0.0963407754898071 0.122666135430336 0.118521593511105 0.155637294054031 0.199751123785973 0.150193423032761 0.144683361053467 0.151861906051636 0.193822205066681 0.176350504159927 0.175149470567703 0.208981618285179 0.19733963906765 0.165860071778297 0.119453310966492 0.146081924438477 0.177169531583786 0.181407302618027 0.178724870085716 0.171748578548431 0.154272943735123 0.103895306587219 0.0892725959420204 0.0911185443401337 0.116272427141666 0.166309118270874 0.187651395797729 0.121375441551208 0.116865441203117 0.078412190079689 0.0688188672065735 0.0628906115889549 0.0553997047245502 0.0739632844924927 0.0806919261813164 0.0683736428618431 0.0816106572747231 0.0717954561114311 0.097798153758049 0.070279560983181
0.0566932931542397 0.0697348713874817 0.10051816701889 0.126960769295692 0.0615338422358036 0.1962660998106 0.261276692152023 0.170742556452751 0.129604190587997 0.141997650265694 0.158577650785446 0.198320940136909 0.154415801167488 0.114131219685078 0.128979921340942 0.157971322536469 0.200105577707291 0.206122219562531 0.203613758087158 0.185770884156227 0.124084301292896 0.186012595891953 0.189883440732956 0.190359115600586 0.191488116979599 0.191279381513596 0.189773589372635 0.204485669732094 0.194485008716583 0.149204313755035 0.0877827927470207 0.200013563036919 0.201411664485931 0.129763796925545 0.109535709023476 0.0523355789482594 0.0611634738743305 0.105188749730587 0.0931421592831612 0.11397447437048 0.0725615918636322 0.0624084062874317 0.0815995335578918 0.0702073201537132 0.0641235709190369
0.143051654100418 0.148510470986366 0.229336574673653 0.275896549224854 0.186077669262886 0.282018810510635 0.296416014432907 0.282338440418243 0.240053996443748 0.129147946834564 0.127438113093376 0.177764192223549 0.218229427933693 0.244441002607346 0.227109149098396 0.228222712874413 0.23341578245163 0.216802582144737 0.212449550628662 0.205954372882843 0.156865894794464 0.20468170940876 0.208629295229912 0.201169028878212 0.212043762207031 0.207734346389771 0.24927331507206 0.252369105815887 0.257620304822922 0.30403345823288 0.189322173595428 0.198847815394402 0.178459540009499 0.214749366044998 0.212024003267288 0.179273843765259 0.146678850054741 0.115476682782173 0.124294809997082 0.118534177541733 0.0973266959190369 0.0889538154006004 0.0865586847066879 0.0759103298187256 0.0611597001552582
0.247933879494667 0.24541562795639 0.259197145700455 0.306087702512741 0.299284517765045 0.308310955762863 0.305808007717133 0.289416670799255 0.284979581832886 0.278430044651031 0.237017646431923 0.229894384741783 0.24682405591011 0.249817878007889 0.235485702753067 0.245111152529716 0.239933103322983 0.233122363686562 0.226317539811134 0.191290378570557 0.213143467903137 0.209204196929932 0.208255112171173 0.216235309839249 0.211439728736877 0.213589310646057 0.250484615564346 0.267286151647568 0.266778945922852 0.282566398382187 0.301266700029373 0.206413775682449 0.199100956320763 0.151841163635254 0.166285037994385 0.124627657234669 0.128029137849808 0.21900437772274 0.153397455811501 0.100195422768593 0.0455280989408493 0.0626008287072182 0.120695829391479 0.107984490692616 0.0729890987277031
0.316473752260208 0.320457428693771 0.328021019697189 0.315214514732361 0.270312756299973 0.266331702470779 0.264425069093704 0.306820392608643 0.291975557804108 0.274497032165527 0.267162829637527 0.23219883441925 0.242066130042076 0.24102845788002 0.244319826364517 0.251629024744034 0.24090676009655 0.237091392278671 0.219844147562981 0.20946678519249 0.221183687448502 0.222825512290001 0.225516185164452 0.223040267825127 0.223548576235771 0.232459247112274 0.25536847114563 0.251956909894943 0.270809650421143 0.264286130666733 0.284393608570099 0.289220362901688 0.248442351818085 0.248776510357857 0.235426694154739 0.186794936656952 0.196485444903374 0.224046126008034 0.236379876732826 0.154905796051025 0.138736262917519 0.101941257715225 0.084589958190918 0.116828858852386 0.0994965881109238
0.309474915266037 0.299972474575043 0.316156059503555 0.2883340716362 0.262446135282516 0.247613623738289 0.249182179570198 0.277216464281082 0.265634894371033 0.248217612504959 0.231933742761612 0.226347774267197 0.236310034990311 0.238052189350128 0.239608898758888 0.238634318113327 0.232085585594177 0.235698997974396 0.221984460949898 0.230224207043648 0.229263931512833 0.224656358361244 0.231378376483917 0.237061589956284 0.232699349522591 0.236675709486008 0.241353556513786 0.265958279371262 0.264540404081345 0.266943484544754 0.274363309144974 0.276642322540283 0.2779201567173 0.268150120973587 0.257702708244324 0.249803498387337 0.237745091319084 0.152304947376251 0.129965394735336 0.128330543637276 0.207517236471176 0.196470990777016 0.104012958705425 0.0892030149698257 0.111920058727264
0.290630459785461 0.289238929748535 0.280065417289734 0.266374260187149 0.254615694284439 0.243987828493118 0.254434049129486 0.250196009874344 0.237734615802765 0.227518111467361 0.221976175904274 0.227571159601212 0.225867405533791 0.230780556797981 0.234256744384766 0.229920521378517 0.233308523893356 0.234060779213905 0.230729088187218 0.239309474825859 0.238201424479485 0.239995837211609 0.241333231329918 0.239240720868111 0.232157617807388 0.235561355948448 0.241856291890144 0.253484457731247 0.257554054260254 0.267094165086746 0.272929698228836 0.273574680089951 0.278518736362457 0.273255974054337 0.26472145318985 0.266418218612671 0.259528338909149 0.247741848230362 0.235963985323906 0.200412422418594 0.181363075971603 0.234406739473343 0.146445855498314 0.118665792047977 0.13686515390873
