data/climate_estimation/maxent_output/Gagea_graeca.asc
NCOLS 162 
NROWS 63 
XLLCORNER 20.1666666666667 
YLLCORNER 34.5 
CELLSIZE 0.0833333333333333 
NODATA_value -3.4e+38 
[rows 23 to 45 of 63, columns 104 to 155 of 162]
0.317452102899551 0.377820700407028 0.416807323694229 0.349305897951126 0.36815071105957 0.392523467540741 0.315908551216125 0.241222500801086 0.222191318869591 0.193222746253014 0.182168737053871 0.167902186512947 0.147299140691757 0.110447689890862 0.109612837433815 0.129230871796608 0.0944129079580307 0.099690668284893 0.138216003775597 0.153756499290466 0.176885664463043 0.201221764087677 0.143555268645287 0.120966263115406 0.229766443371773 0.216791674494743 0.203198432922363 0.157393485307693 0.0895114988088608 0.0865771248936653 0.149637952446938 0.191307544708252 0.161927655339241 0.141034007072449 0.121159009635448 0.106612376868725 0.0998945385217667 0.085008330643177 0.0790469199419022 0.0528516843914986 0.0394093059003353 0.0297434758394957 0.0124401710927486 0.00682167802006006 0.00632148841395974 0.0060281534679234 0.00604211166501045 0.00621510623022914 0.00635331310331821 0.0060300650075078 0.00595723930746317 0.00493103172630072
0.182753965258598 0.137233808636665 0.229874342679977 0.302371352910995 0.292588710784912 0.144469410181046 0.180523738265038 0.156886175274849 0.16061607003212 0.172872275114059 0.155997008085251 0.141342088580132 0.12361367046833 0.110688865184784 0.112373493611813 0.10352711379528 0.0841312408447266 0.0898739695549011 0.132251113653183 0.123241297900677 0.137740910053253 0.191138595342636 0.186767414212227 0.148173213005066 0.242360725998878 0.190144002437592 0.200900763273239 0.20533849298954 0.177691504359245 0.112189650535583 0.202161103487015 0.211313590407372 0.186942309141159 0.159465491771698 0.14249549806118 0.123915575444698 0.11577532440424 0.106842890381813 0.0928991064429283 0.0797685012221336 0.0548251383006573 0.0398006476461887 0.0222260616719723 0.0125258946791291 0.011251631192863 0.00864373985677958 0.00815127976238728 0.00755081512033939 0.00659374054521322 0.00640687951818109 0.00619682017713785 0.00543465046212077
0.296340584754944 0.283080160617828 0.26147535443306 0.209718093276024 0.19789120554924 0.165059462189674 0.161628156900406 0.13363578915596 0.133269667625427 0.13112473487854 0.124645203351974 0.137980923056602 0.125552415847778 0.132357805967331 0.119245268404484 0.0878883823752403 0.0895135253667831 0.122824214398861 0.1297557502985 0.145259961485863 0.171105414628983 0.185619503259659 0.279803901910782 0.279204964637756 0.256761342287064 0.219577476382256 0.200092986226082 0.222294613718987 0.186844229698181 0.0727060288190842 0.180606782436371 0.215304464101791 0.207868620753288 0.189721047878265 0.177165180444717 0.179321885108948 0.174681916832924 0.144142419099808 0.105505250394344 0.0951405540108681 0.0886401608586311 0.0667707920074463 0.0411012880504131 0.0258925836533308 0.0186727829277515 0.0139382360503078 0.0110165122896433 0.00922904908657074 0.00777014717459679 0.00721459044143558 0.00630200700834394 0.00612271903082728
0.332180768251419 0.299310594797134 0.279635190963745 0.169853642582893 0.127626821398735 0.231461763381958 0.240759417414665 0.175890862941742 0.149040803313255 0.152050212025642 0.14421084523201 0.137256771326065 0.132759183645248 0.144985377788544 0.106696859002113 0.0971156433224678 0.13049128651619 0.1142453327775 0.142385348677635 0.157819256186485 0.200624480843544 0.203546419739723 0.336020022630692 0.4187932908535 0.300208300352097 0.27588826417923 0.204014137387276 0.168524071574211 0.281093031167984 0.241561204195023 0.187317550182343 0.217624112963676 0.220988750457764 0.196026414632797 0.184677720069885 0.195098280906677 0.192530915141106 0.181785047054291 0.137461766600609 0.115555055439472 0.125165641307831 0.112948700785637 0.091421902179718 0.0587259083986282 0.0355753600597382 0.0266100578010082 0.0174084585160017 0.0125348502770066 0.0108683900907636 0.00975571759045124 0.00840715691447258 0.00617219321429729
0.286298304796219 0.265656024217606 0.252867162227631 0.202368319034576 0.166638016700745 0.219801723957062 0.247820600867271 0.228496849536896 0.167938962578773 0.112084716558456 0.122240677475929 0.140489667654037 0.127806916832924 0.137899786233902 0.133015334606171 0.121154680848122 0.135428607463837 0.130656942725182 0.155985429883003 0.187718823552132 0.251643747091293 0.22605998814106 0.337309926748276 0.456422358751297 0.439093470573425 0.292184591293335 0.245995447039604 0.126565009355545 0.289035111665726 0.241955935955048 0.194324180483818 0.225206777453423 0.20927269756794 0.200884863734245 0.170445218682289 0.197665050625801 0.208585187792778 0.191574856638908 0.167074233293533 0.152519300580025 0.161557480692863 0.140824109315872 0.142490327358246 0.11675076186657 0.0782143175601959 0.0546435303986073 0.0314442813396454 0.0230354759842157 0.0170328598469496 0.0131307393312454 0.0101209580898285 0.00680399499833584
0.21963395178318 0.203334450721741 0.240866154432297 0.233989059925079 0.14786559343338 0.187245711684227 0.232178345322609 0.23890446126461 0.215675011277199 0.126699358224869 0.124264225363731 0.15117983520031 0.163710713386536 0.157390967011452 0.149689882993698 0.147444039583206 0.140624478459358 0.160027652978897 0.200123161077499 0.258330315351486 0.274228006601334 0.221490189433098 0.284518510103226 0.463477224111557 0.471324294805527 0.277446508407593 0.214211195707321 0.208887085318565 0.324316740036011 0.289482772350311 0.180905237793922 0.219391614198685 0.204502761363983 0.192618429660797 0.184815347194672 0.16775918006897 0.216424211859703 0.23460128903389 0.226918697357178 0.203572660684586 0.185640603303909 0.157839715480804 0.176571652293205 0.161197900772095 0.134772151708603 0.113329626619816 0.0675701275467873 0.0432397983968258 0.0257115811109543 0.0190144460648298 0.0134947253391147 0.0156523399055004
0.296170055866241 0.240236029028893 0.225620880723 0.12721811234951 0.119759760797024 0.241630464792252 0.217377245426178 0.237828463315964 0.226044625043869 0.165126666426659 0.156227380037308 0.201034367084503 0.182601481676102 0.168937474489212 0.135972797870636 0.117808476090431 0.159305557608604 0.220772698521614 0.235724985599518 0.28919517993927 0.266791254281998 0.280426800251007 0.332508653402328 0.467595547437668 0.466329425573349 0.352723330259323 0.235763028264046 0.269619882106781 0.458561599254608 0.35547998547554 0.204973235726357 0.214358240365982 0.143613800406456 0.20703536272049 0.230449229478836 0.192996770143509 0.191614478826523 0.232736229896545 0.24068595468998 0.233878403902054 0.225690141320229 0.207949504256248 0.20438951253891 0.187129929661751 0.15804685652256 0.140594333410263 0.116728983819485 0.091439850628376 0.0532617010176182 0.0349447205662727 0.0220929998904467 0.0153227606788278
0.325844526290894 0.303409337997437 0.237282007932663 0.150863736867905 0.235754251480103 0.253730773925781 0.194371849298477 0.189068078994751 0.251715570688248 0.234262004494667 0.208180844783783 0.186877623200417 0.150323823094368 0.14540559053421 0.153935313224792 0.146506190299988 0.174940496683121 0.223825871944427 0.276071101427078 0.283881336450577 0.314167320728302 0.425336182117462 0.455644577741623 0.440443366765976 0.448594152927399 0.501416623592377 0.350281149148941 0.357209831476212 0.540300786495209 0.294335305690765 0.211703613400459 0.24271248281002 0.199024721980095 0.233413234353065 0.264870375394821 0.238189622759819 0.184873640537262 0.202147841453552 0.208193197846413 0.239720150828362 0.240690916776657 0.224426060914993 0.213195785880089 0.199551478028297 0.202132865786552 0.186000272631645 0.152209475636482 0.120482310652733 0.0968349501490593 0.0651570037007332 0.0392510294914246 0.0248974785208702
0.20136633515358 0.250428974628448 0.269778728485107 0.306349784135818 0.255670785903931 0.190095171332359 0.174471437931061 0.190607339143753 0.259050786495209 0.256552815437317 0.254285275936127 0.151780888438225 0.15933533012867 0.153652057051659 0.176686361432076 0.190461441874504 0.183798864483833 0.24324531853199 0.301770031452179 0.308453321456909 0.374976009130478 0.425349295139313 0.4284827709198 0.444924294948578 0.435641139745712 0.457742512226105 0.426176279783249 0.424858719110489 0.563255906105042 0.381294310092926 0.305523574352264 0.286803811788559 0.268563151359558 0.265726268291473 0.316223233938217 0.255093038082123 0.219191029667854 0.143284469842911 0.187492504715919 0.211531281471252 0.212713152170181 0.2441016882658 0.236326023936272 0.244254767894745 0.234575241804123 0.204832434654236 0.202876076102257 0.166823357343674 0.123485438525677 0.101181864738464 0.0666059404611588 0.0455404408276081
0.283104926347733 0.300164312124252 0.349113494157791 0.300011903047562 0.283431142568588 0.225447043776512 0.234118640422821 0.239545226097107 0.225483402609825 0.168047323822975 0.227376192808151 0.216546088457108 0.214896276593208 0.190634652972221 0.213476225733757 0.217545345425606 0.22281602025032 0.286980599164963 0.303125321865082 0.400348365306854 0.462641566991806 0.421393394470215 0.443211615085602 0.428563863039017 0.428999602794647 0.463199615478516 0.529326319694519 0.520983338356018 0.546845853328705 0.611190915107727 0.512736916542053 0.358955442905426 0.296502530574799 0.431881606578827 0.340742766857147 0.315895289182663 0.221798703074455 0.115717895328999 0.138142809271812 0.150426045060158 0.181538969278336 0.240142658352852 0.22660219669342 0.239503875374794 0.25806000828743 0.258988618850708 0.239506855607033 0.260915786027908 0.227425098419189 0.132359310984612 0.104803040623665 0.100482538342476
0.389285624027252 0.381385713815689 0.358484745025635 0.264654070138931 0.269593477249146 0.235439509153366 0.24626362323761 0.225237533450127 0.169927135109901 0.191967040300369 0.226185157895088 0.19562304019928 0.150730475783348 0.214804738759995 0.218501463532448 0.239397034049034 0.312034904956818 0.30268269777298 0.339134454727173 0.390182852745056 0.447424113750458 0.443868815898895 0.413444101810455 0.42961722612381 0.445908784866333 0.459618777036667 0.493106573820114 0.502174079418182 0.552700459957123 0.582048535346985 0.608620047569275 0.60747241973877 0.459453344345093 0.467322528362274 0.376989603042603 0.387386500835419 0.242600813508034 0.155468717217445 0.105633765459061 0.134110435843468 0.149054855108261 0.1884386241436 0.192692190408707 0.226723253726959 0.257956922054291 0.193286895751953 0.199143201112747 0.209740743041039 0.214125156402588 0.249111965298653 0.286671668291092 0.146022796630859
0.390546202659607 0.406114101409912 0.327673375606537 0.267730683088303 0.207694634795189 0.146365284919739 0.164774030447006 0.227485403418541 0.240387782454491 0.245981991291046 0.240876913070679 0.13918724656105 0.156033292412758 0.184361562132835 0.273162454366684 0.242591708898544 0.303735196590424 0.162185475230217 0.272497683763504 0.395239949226379 0.405118882656097 0.414457738399506 0.429823637008667 0.432864516973495 0.459517598152161 0.473803877830505 0.506394326686859 0.532204806804657 0.547505855560303 0.577759802341461 0.630410552024841 0.648637712001801 0.664653778076172 0.577726781368256 0.453344315290451 0.49702525138855 0.383388757705688 0.306513637304306 0.234766766428947 0.189070522785187 0.161748200654984 0.155123114585876 0.196156352758408 0.190928503870964 0.21988645195961 0.241014406085014 0.201940312981606 0.175003230571747 0.187390372157097 0.180253624916077 0.27300763130188 0.321359187364578
0.423086524009705 0.459391295909882 0.433671504259109 0.378936678171158 0.34066641330719 0.391607880592346 0.341501414775848 0.296365231275558 0.262472420930862 0.266466170549393 0.166689172387123 0.275042355060577 0.196000590920448 0.253134340047836 0.286714315414429 0.201800435781479 0.23197603225708 0.155344799160957 0.191252931952477 0.423324763774872 0.503077864646912 0.431697219610214 -3.4e+38 -3.4e+38 -3.4e+38 -3.4e+38 -3.4e+38 -3.4e+38 0.570752680301666 0.577329218387604 0.569282412528992 0.588600099086761 0.634919047355652 0.678401172161102 0.70306658744812 0.647093653678894 0.577199280261993 0.555267751216888 0.470667362213135 0.394384354352951 0.242343679070473 0.240142464637756 0.180533990263939 0.245257079601288 0.191688179969788 0.198490604758263 0.216265872120857 0.197165638208389 0.167054653167725 0.155519500374794 0.165430247783661 0.340016931295395
0.47804844379425 0.436967194080353 0.432456314563751 0.445434272289276 0.428964465856552 0.43001514673233 0.423865854740143 0.363363564014435 0.168686076998711 0.12555618584156 0.227575331926346 0.295879602432251 0.3284512758255 0.304733633995056 0.289405584335327 0.194366455078125 0.10154190659523 0.246272027492523 0.339947789907455 0.374062418937683 0.532459259033203 -3.4e+38 -3.4e+38 -3.4e+38 -3.4e+38 -3.4e+38 -3.4e+38 -3.4e+38 -3.4e+38 -3.4e+38 -3.4e+38 0.599321842193604 0.621407985687256 0.658206820487976 0.693620324134827 0.725332140922546 0.619075953960419 0.533584475517273 0.38471132516861 0.337939321994781 0.358871608972549 0.295576751232147 0.227343574166298 0.268523961305618 0.242181032896042 0.215119510889053 0.313167542219162 0.306250810623169 0.181265205144882 0.182862505316734 0.17295415699482 0.224566906690598
0.52126270532608 0.449342221021652 0.487815052270889 0.466213464736938 0.46910771727562 0.478504300117493 0.441439867019653 0.371097356081009 0.200487032532692 0.133485347032547 0.257939994335175 0.327355444431305 0.331652402877808 0.317675352096558 0.197570756077766 0.112302333116531 0.11806908249855 0.415484040975571 0.362010389566422 0.49696284532547 0.51270318031311 0.471737146377563 -3.4e+38 -3.4e+38 -3.4e+38 -3.4e+38 -3.4e+38 -3.4e+38 -3.4e+38 -3.4e+38 -3.4e+38 -3.4e+38 -3.4e+38 -3.4e+38 0.68560391664505 0.698341488838196 0.70596307516098 0.711185991764069 0.55840140581131 0.472206145524979 0.352526515722275 0.295064300298691 0.322358250617981 0.287116706371307 0.236984103918076 0.274546772241592 0.304840803146362 0.360663115978241 0.331145703792572 0.244735702872276 0.256374835968018 0.237065047025681
-3.4e+38 -3.4e+38 0.513090431690216 0.516103982925415 0.349299341440201 0.481878012418747 0.459887057542801 0.365719705820084 0.0783178806304932 0.178458973765373 0.297965109348297 0.252346187829971 0.16820165514946 0.281519055366516 0.247691795229912 0.127962991595268 0.399185121059418 0.53543746471405 0.31436961889267 0.433072149753571 0.475388467311859 0.451157987117767 -3.4e+38 -3.4e+38 -3.4e+38 -3.4e+38 -3.4e+38 -3.4e+38 -3.4e+38 -3.4e+38 -3.4e+38 -3.4e+38 -3.4e+38 -3.4e+38 -3.4e+38 -3.4e+38 0.704927682876587 0.736153721809387 0.725823819637299 0.708520531654358 0.64056932926178 0.599974751472473 0.314184010028839 0.31965172290802 0.297066479921341 0.296634644269943 0.305237382650375 0.276388376951218 0.381638020277023 0.389706045389175 0.315779089927673 0.343175381422043
-3.4e+38 -3.4e+38 -3.4e+38 0.473405629396439 0.448043555021286 0.497397482395172 0.530237078666687 0.368023008108139 0.283175677061081 0.296246647834778 0.233920782804489 0.321161448955536 0.366992831230164 0.332111984491348 0.363941252231598 0.514291346073151 0.524301588535309 0.520705044269562 0.457023113965988 0.541183710098267 0.497517973184586 -3.4e+38 -3.4e+38 -3.4e+38 -3.4e+38 -3.4e+38 -3.4e+38 -3.4e+38 -3.4e+38 -3.4e+38 -3.4e+38 -3.4e+38 -3.4e+38 -3.4e+38 -3.4e+38 -3.4e+38 -3.4e+38 -3.4e+38 -3.4e+38 0.722343266010284 0.727674424648285 0.718206286430359 0.441408842802048 0.318052232265472 0.234098613262177 0.223663523793221 0.217486903071404 0.233034938573837 0.265003770589828 0.298694372177124 0.264533996582031 0.262532979249954
-3.4e+38 -3.4e+38 -3.4e+38 0.552603721618652 0.531980752944946 0.4913250207901 0.539911389350891 0.343319475650787 0.330422520637512 0.333394914865494 0.474556088447571 0.524696290493011 0.557949185371399 0.362737625837326 0.338690936565399 0.544285535812378 0.573799967765808 0.490580856800079 0.601992547512054 0.577358901500702 0.530949354171753 -3.4e+38 -3.4e+38 -3.4e+38 -3.4e+38 -3.4e+38 -3.4e+38 -3.4e+38 -3.4e+38 -3.4e+38 -3.4e+38 -3.4e+38 -3.4e+38 -3.4e+38 -3.4e+38 -3.4e+38 -3.4e+38 -3.4e+38 -3.4e+38 -3.4e+38 0.72101891040802 0.739144802093506 0.68827873468399 0.495566070079803 0.232331305742264 0.183261573314667 0.197336360812187 0.224170744419098 0.256473779678345 0.291347920894623 0.287215322256088 0.286658823490143
-3.4e+38 -3.4e+38 -3.4e+38 -3.4e+38 0.505776584148407 0.488320738077164 0.514838695526123 0.433406084775925 0.383861750364304 0.433568984270096 0.555218458175659 0.555126965045929 0.531182467937469 0.563040494918823 0.5799520611763 0.595040321350098 0.463320583105087 0.483999460935593 0.583826959133148 0.596924066543579 0.513439476490021 -3.4e+38 -3.4e+38 -3.4e+38 -3.4e+38 -3.4e+38 -3.4e+38 -3.4e+38 -3.4e+38 -3.4e+38 -3.4e+38 -3.4e+38 -3.4e+38 -3.4e+38 -3.4e+38 -3.4e+38 -3.4e+38 -3.4e+38 -3.4e+38 -3.4e+38 0.719581007957458 0.700576901435852 0.724152147769928 0.636875867843628 0.484018862247467 0.254530191421509 0.226370945572853 0.440324544906616 0.320231437683105 0.288824498653412 0.372160732746124 0.312631547451019
-3.4e+38 -3.4e+38 -3.4e+38 -3.4e+38 -3.4e+38 -3.4e+38 0.525883793830872 0.540168344974518 0.530481159687042 0.559618651866913 0.55365914106369 0.591958284378052 0.53677362203598 0.467834800481796 0.454466253519058 0.45237597823143 -3.4e+38 -3.4e+38 0.58165055513382 0.573141932487488 -3.4e+38 -3.4e+38 -3.4e+38 -3.4e+38 -3.4e+38 -3.4e+38 -3.4e+38 -3.4e+38 -3.4e+38 -3.4e+38 -3.4e+38 -3.4e+38 -3.4e+38 -3.4e+38 -3.4e+38 -3.4e+38 -3.4e+38 -3.4e+38 -3.4e+38 -3.4e+38 -3.4e+38 0.696001768112183 0.681946516036987 0.685966193675995 0.430289685726166 0.58166915178299 0.500267326831818 0.608476042747498 0.623067438602448 0.428211063146591 0.491172760725021 0.493061780929565
-3.4e+38 -3.4e+38 -3.4e+38 -3.4e+38 -3.4e+38 -3.4e+38 -3.4e+38 -3.4e+38 0.536723375320435 0.519142746925354 0.505067586898804 0.506656289100647 0.503237545490265 -3.4e+38 -3.4e+38 -3.4e+38 -3.4e+38 -3.4e+38 -3.4e+38 -3.4e+38 -3.4e+38 -3.4e+38 -3.4e+38 -3.4e+38 -3.4e+38 -3.4e+38 -3.4e+38 -3.4e+38 -3.4e+38 -3.4e+38 -3.4e+38 -3.4e+38 -3.4e+38 -3.4e+38 -3.4e+38 -3.4e+38 -3.4e+38 -3.4e+38 -3.4e+38 -3.4e+38 -3.4e+38 -3.4e+38 -3.4e+38 0.716039478778839 0.688711524009705 0.613630771636963 0.647636651992798 0.609972476959229 0.52705329656601 0.500996768474579 0.487093091011047 0.439890950918198
-3.4e+38 -3.4e+38 -3.4e+38 -3.4e+38 -3.4e+38 -3.4e+38 -3.4e+38 -3.4e+38 -3.4e+38 -3.4e+38 -3.4e+38 -3.4e+38 -3.4e+38 -3.4e+38 -3.4e+38 -3.4e+38 -3.4e+38 -3.4e+38 -3.4e+38 -3.4e+38 -3.4e+38 -3.4e+38 -3.4e+38 -3.4e+38 -3.4e+38 -3.4e+38 -3.4e+38 -3.4e+38 -3.4e+38 -3.4e+38 -3.4e+38 -3.4e+38 -3.4e+38 -3.4e+38 -3.4e+38 -3.4e+38 -3.4e+38 -3.4e+38 -3.4e+38 -3.4e+38 -3.4e+38 -3.4e+38 -3.4e+38 -3.4e+38 -3.4e+38 0.653404891490936 0.647488594055176 0.552767336368561 0.499409586191177 -3.4e+38 -3.4e+38 0.444216161966324
-3.4e+38 -3.4e+38 -3.4e+38 -3.4e+38 -3.4e+38 -3.4e+38 -3.4e+38 -3.4e+38 -3.4e+38 -3.4e+38 -3.4e+38 -3.4e+38 -3.4e+38 -3.4e+38 -3.4e+38 -3.4e+38 -3.4e+38 -3.4e+38 -3.4e+38 -3.4e+38 -3.4e+38 -3.4e+38 -3.4e+38 -3.4e+38 -3.4e+38 -3.4e+38 -3.4e+38 -3.4e+38 -3.4e+38 -3.4e+38 -3.4e+38 -3.4e+38 -3.4e+38 -3.4e+38 -3.4e+38 -3.4e+38 -3.4e+38 -3.4e+38 -3.4e+38 -3.4e+38 -3.4e+38 -3.4e+38 -3.4e+38 -3.4e+38 -3.4e+38 -3.4e+38 -3.4e+38 -3.4e+38 -3.4e+38 -3.4e+38 -3.4e+38 -3.4e+38
