data/climate_estimation/maxent_output/Gagea_lutea.asc
NCOLS 723 
NROWS 296 
XLLCORNER -9.41666666666667 
YLLCORNER 37.25 
CELLSIZE 0.0833333333333333 
NODATA_value -3.4e+38 
[rows 0 to 19 of 296, columns 276 to 321 of 723]
0.105664789676666 0.173567354679108 0.156522169709206 0.163773626089096 0.205247238278389 0.229514539241791 0.239699304103851 0.263937562704086 0.191310063004494 0.216767385601997 0.219914704561234 0.265085458755493 0.283838987350464 0.301723927259445 0.236623033881187 0.259799808263779 0.259163677692413 0.279656410217285 0.274079024791718 0.285975009202957 0.36611807346344 0.327058166265488 0.386160969734192 0.43546250462532 0.493808567523956 0.51361620426178 0.510969221591949 0.504065334796906 0.545793056488037 0.527914464473724 0.495856314897537 0.49040362238884 0.497063457965851 0.509658098220825 0.543804705142975 0.57966274023056 0.597776770591736 0.581786096096039 0.552361965179443 0.439355105161667 0.488138765096664 0.520950317382812 0.533672869205475 0.570963203907013 0.57805597782135 0.573368310928345
0.141430214047432 0.165818989276886 0.176403850317001 0.173164859414101 0.151974156498909 0.187774315476418 0.247123435139656 0.230586230754852 0.230201810598373 0.215749964118004 0.222798556089401 0.247037202119827 0.285293012857437 0.295180559158325 0.302944302558899 0.305170655250549 0.285132199525833 0.301737517118454 0.318546801805496 0.304878860712051 0.394588023424149 0.371513694524765 0.418316125869751 0.46317645907402 0.499017894268036 0.52073210477829 0.53302139043808 0.533413946628571 0.535735189914703 0.544474601745605 0.555847644805908 0.543181002140045 0.492755174636841 0.50695788860321 0.547242820262909 0.568077981472015 0.576033294200897 0.577884435653687 0.578544199466705 0.550381481647491 0.551792085170746 0.561996817588806 0.566163659095764 0.573475658893585 0.570489346981049 0.585772395133972
0.122849144041538 0.138460114598274 0.113129913806915 0.134653747081757 0.129601418972015 0.163804918527603 0.193439036607742 0.227346435189247 0.191409036517143 0.205177903175354 0.174875855445862 0.188319474458694 0.223482564091682 0.240413308143616 0.227106466889381 0.282556623220444 0.332853972911835 0.363232880830765 0.400342255830765 0.372126460075378 0.41714796423912 0.405784964561462 0.432422578334808 0.402665078639984 0.440123528242111 0.493299067020416 0.483218729496002 0.492413312196732 0.471797168254852 0.518714606761932 0.527727961540222 0.543968796730042 0.535874009132385 0.479007035493851 0.44855198264122 0.436003625392914 0.507987856864929 0.52606213092804 0.511587142944336 0.532468497753143 0.580947697162628 0.574121356010437 0.582484364509583 0.590488314628601 0.589339137077332 0.574943423271179
0.133819296956062 0.143152758479118 0.134001448750496 0.104437775909901 0.115991897881031 0.128906264901161 0.151684060692787 0.186533689498901 0.202126935124397 0.165307924151421 0.182462796568871 0.191643759608269 0.203938394784927 0.225587904453278 0.265431106090546 0.322006344795227 0.434082865715027 0.415463835000992 0.389225751161575 0.392442226409912 0.474349230527878 0.490407824516296 0.48103854060173 0.437204718589783 0.446851700544357 0.469845682382584 0.446000754833221 0.420848816633224 0.390655845403671 0.426903039216995 0.478845328092575 0.531420946121216 0.560397148132324 0.517145395278931 0.463121175765991 0.475672364234924 0.453497529029846 0.470134794712067 0.520925104618073 0.545562267303467 0.586645305156708 0.589309990406036 0.604412615299225 0.602745473384857 0.604163765907288 0.595249772071838
0.175571039319038 0.14039109647274 0.15483047068119 0.150900766253471 0.173781976103783 0.137695953249931 0.1377784460783 0.149495616555214 0.166539907455444 0.252672970294952 0.182779461145401 0.215840935707092 0.267589747905731 0.25229412317276 0.295324474573135 0.384212732315063 0.46645125746727 0.461681991815567 0.466421276330948 0.497250884771347 0.519569277763367 0.512733817100525 0.502888202667236 0.466625422239304 0.459741145372391 0.490058809518814 0.511499404907227 0.515442907810211 0.503790855407715 0.485652834177017 0.472835004329681 0.475640922784805 0.508140981197357 0.563680350780487 0.533734560012817 0.516526222229004 0.481427758932114 0.500323414802551 0.535508036613464 0.553777933120728 0.586540162563324 0.603069961071014 0.61258602142334 0.616032540798187 0.611687183380127 0.60976231098175
0.20961782336235 0.213416799902916 0.158115476369858 0.167763933539391 0.255274832248688 0.211175933480263 0.214972004294395 0.16783019900322 0.15519705414772 0.202552810311317 0.193475946784019 0.206932589411736 0.289337366819382 0.282469004392624 0.3505879342556 0.329964876174927 0.486296117305756 0.481161653995514 0.481728225946426 0.488862454891205 0.488748133182526 0.506379246711731 0.530881643295288 0.504903256893158 0.503610670566559 0.516371726989746 0.50077211856842 0.540290236473083 0.554981589317322 0.541345596313477 0.525513470172882 0.50088232755661 0.51892876625061 0.569201052188873 0.523649275302887 0.504396080970764 0.500710964202881 0.530223846435547 0.545422255992889 0.565291583538055 0.594547808170319 0.608123421669006 0.616169035434723 0.626191020011902 -3.4e+38 -3.4e+38
0.268973976373672 0.269131481647491 0.185795649886131 0.167639538645744 0.229491114616394 0.276910305023193 0.235406428575516 0.223997682332993 0.194544643163681 0.29413440823555 0.268608570098877 0.301069438457489 0.314970880746841 0.326995432376862 0.302181631326675 0.35918515920639 0.495268106460571 0.510406494140625 0.511934816837311 0.487334817647934 0.474295824766159 0.489989280700684 0.5212162733078 0.528038859367371 0.533217132091522 0.533085525035858 0.538118779659271 0.555151045322418 0.549857199192047 0.587499737739563 0.583625137805939 0.576178073883057 0.575269460678101 0.603745341300964 0.58062332868576 0.554296255111694 0.568378746509552 0.55816912651062 0.573766350746155 0.600533485412598 0.603968977928162 0.619099915027618 0.627421379089355 0.638755738735199 -3.4e+38 -3.4e+38
0.280803591012955 0.316789895296097 0.317899137735367 0.322307258844376 0.330797761678696 0.382018566131592 0.296756863594055 0.303819477558136 0.31864407658577 0.306802272796631 0.356643229722977 0.427815824747086 0.389919430017471 0.411766827106476 0.389120370149612 0.408355712890625 0.483036637306213 0.515430450439453 0.513746798038483 0.467476665973663 0.504292249679565 0.50286853313446 0.507700264453888 0.506603837013245 0.505655288696289 0.492807000875473 0.510700762271881 0.547078788280487 0.51985889673233 0.53564590215683 0.561273574829102 0.572209596633911 0.586032330989838 0.594876110553741 0.603419363498688 0.591156363487244 0.578463792800903 0.587067425251007 0.600421607494354 0.608887076377869 0.611527502536774 0.632928192615509 0.636371374130249 0.626008927822113 0.63216233253479 -3.4e+38
0.293211162090302 0.281678766012192 0.280473172664642 0.248075544834137 0.334252238273621 0.416109144687653 0.329721093177795 0.337355136871338 0.401415765285492 0.469360023736954 0.387475192546844 0.412621587514877 0.527420222759247 0.526848196983337 0.521319329738617 0.537196040153503 0.540829956531525 0.543027341365814 0.540521323680878 0.529541552066803 0.511284470558167 0.512066304683685 0.535770356655121 0.536600947380066 0.527563631534576 0.527431786060333 0.534495949745178 0.516303420066833 0.442747861146927 0.465112000703812 0.50787490606308 0.508182406425476 0.535746991634369 0.567251801490784 0.590644598007202 0.58513605594635 0.599118709564209 0.58059424161911 0.605951368808746 0.60572612285614 0.61992347240448 0.62442684173584 0.639829933643341 0.638366758823395 0.649311125278473 0.649311125278473
0.336831718683243 0.314044803380966 0.293205857276917 0.317063242197037 0.330877661705017 0.406162112951279 0.514705240726471 0.506055653095245 0.516019344329834 0.530857622623444 0.557419717311859 0.570365250110626 0.559019446372986 0.523952782154083 0.486952841281891 0.4904545545578 0.496219038963318 0.514163017272949 0.549560844898224 0.56494665145874 0.497032344341278 0.470581293106079 0.490939617156982 0.481072306632996 0.530459344387054 0.536669969558716 0.478342026472092 0.472207069396973 0.472080856561661 0.448052108287811 0.476154148578644 0.476323127746582 0.482367515563965 0.493888378143311 0.49427193403244 0.5204958319664 0.56800502538681 0.596492767333984 0.608948111534119 0.61354798078537 0.613911151885986 0.632003605365753 0.651869535446167 0.653330624103546 0.649576365947723 -3.4e+38
0.291199535131454 0.357743203639984 0.366214424371719 0.345586478710175 0.395581692457199 0.317676812410355 0.383184164762497 0.397294580936432 0.513749539852142 0.556748867034912 0.586695432662964 0.599666714668274 0.555442690849304 0.535978078842163 0.536284506320953 0.543355941772461 0.518634557723999 0.518897712230682 0.499364852905273 0.52948409318924 0.525915920734406 0.529674887657166 0.524882376194 0.490358889102936 0.527559041976929 0.534128367900848 0.516792058944702 0.474695891141891 0.468703120946884 0.491040050983429 0.492577880620956 0.489504426717758 0.514835774898529 0.508990585803986 0.505330860614777 0.523095428943634 0.559859931468964 0.602600991725922 0.60098534822464 0.619957685470581 0.614269018173218 0.626894116401672 0.656006097793579 0.656497538089752 0.653980255126953 -3.4e+38
0.288442730903625 0.332730531692505 0.387383639812469 0.42834135890007 0.511571168899536 0.459669470787048 0.444117605686188 0.455241531133652 0.46572881937027 0.524963319301605 0.578607857227325 0.61249703168869 0.604822158813477 0.59009051322937 0.578481554985046 0.577824175357819 0.555905044078827 0.55184131860733 0.558999061584473 0.564107537269592 0.551759779453278 0.541732430458069 0.545162379741669 0.515633344650269 0.505686283111572 0.545406997203827 0.50300407409668 0.465849190950394 0.480419486761093 0.485261768102646 0.494503319263458 0.523666143417358 0.539157569408417 0.54445493221283 0.557929337024689 0.570048987865448 0.605981647968292 0.61055588722229 0.63573557138443 0.632699966430664 0.642576813697815 0.645292162895203 0.661894798278809 0.656988859176636 -3.4e+38 -3.4e+38
0.24506014585495 0.323724418878555 0.346611350774765 0.461035817861557 0.528228998184204 0.535688102245331 0.485164701938629 0.521835625171661 0.539516746997833 0.52795422077179 0.524960279464722 0.586265683174133 0.604564666748047 0.613112270832062 0.616345584392548 0.609725534915924 0.608290255069733 0.606502294540405 0.57273131608963 0.543127655982971 0.52399754524231 0.495860934257507 0.50031715631485 0.53620445728302 0.531827628612518 0.549279987812042 0.540904343128204 0.496951967477798 0.483859181404114 0.486283034086227 0.48333203792572 0.512970983982086 0.528286933898926 0.55012172460556 0.549330115318298 0.569457054138184 0.596806883811951 0.641459047794342 0.640472292900085 0.63078236579895 0.637528002262115 0.655256807804108 0.662309110164642 0.672863781452179 0.677508771419525 0.683184623718262
0.358574092388153 0.31350776553154 0.371652513742447 0.446716874837875 0.525619924068451 0.510541081428528 0.536510646343231 0.550912261009216 0.522110104560852 0.437106519937515 0.473071843385696 0.515630960464478 0.588808953762054 0.629052340984344 0.631046533584595 0.61153119802475 0.61950296163559 0.578513026237488 0.529102861881256 0.543208122253418 0.53591114282608 0.508240520954132 0.53230607509613 0.538934290409088 0.547779738903046 0.562881946563721 0.585428655147552 0.586887180805206 0.57402241230011 0.538678109645844 0.527025818824768 0.521129250526428 0.529569804668427 0.541248857975006 0.5757075548172 0.593186855316162 0.585405886173248 0.627384603023529 0.638562619686127 0.645159065723419 0.645090222358704 0.646326303482056 0.667474865913391 0.679218173027039 0.681902170181274 0.691873490810394
0.401976138353348 0.481087654829025 0.514105260372162 0.48957023024559 0.465971112251282 0.519151866436005 0.555901050567627 0.501396775245667 0.487602770328522 0.534080028533936 0.520135104656219 0.522599041461945 0.554669380187988 0.576169490814209 0.557170569896698 0.561640620231628 0.614161252975464 0.605943918228149 0.5877406001091 0.548266530036926 0.569177567958832 0.597209930419922 0.60510641336441 0.59368234872818 0.59368234872818 0.590235114097595 0.599533557891846 0.610279381275177 0.572858572006226 0.584704160690308 0.572742104530334 0.571715712547302 0.572037816047668 0.589641213417053 0.613678634166718 0.632327973842621 0.635049045085907 0.631120920181274 0.654958128929138 0.656684219837189 0.65382194519043 0.671230971813202 0.683314383029938 0.690602481365204 0.689630448818207 0.702516376972198
0.42429992556572 0.47286131978035 0.47993677854538 0.486462205648422 0.470559865236282 0.509985268115997 0.562778949737549 0.541264414787292 0.562764048576355 0.574792623519897 0.580047130584717 0.563417315483093 0.522548913955688 0.577003121376038 0.563826978206635 0.586562216281891 0.631885170936584 0.626852452754974 0.595933198928833 0.587567925453186 0.582439005374908 0.569177031517029 0.594091713428497 0.606750011444092 0.606350898742676 0.600829601287842 0.614577114582062 0.591142892837524 0.570153534412384 0.58826744556427 0.613934874534607 0.604598701000214 0.605343163013458 0.622968971729279 0.6512610912323 0.657530069351196 0.670103073120117 0.668160498142242 0.678732335567474 0.682419419288635 0.677054584026337 0.681430876255035 0.684777796268463 0.694548368453979 0.712313115596771 0.716236889362335
0.385814636945724 0.463974297046661 0.537706136703491 0.566705107688904 0.565053582191467 0.56834477186203 0.584662556648254 0.602041065692902 0.612814247608185 0.63427609205246 0.602975308895111 0.575959920883179 0.589457213878632 0.589457213878632 0.620733797550201 0.609318017959595 0.595559179782867 0.625649869441986 0.628650426864624 0.603815734386444 0.602627396583557 0.635877192020416 0.625916123390198 0.627683758735657 0.637794494628906 0.645198941230774 0.617050230503082 0.598201394081116 0.589558303356171 0.588415324687958 0.620888292789459 0.630506813526154 0.63127338886261 0.655606389045715 0.673692166805267 0.676776468753815 0.690122723579407 0.690402805805206 0.693305134773254 0.684147894382477 0.685857057571411 0.677142381668091 0.68049943447113 0.697456240653992 0.699957728385925 0.712456881999969
0.444385439157486 0.494809001684189 0.53083610534668 0.572173714637756 0.588222920894623 0.583067119121552 0.595393657684326 0.617139220237732 0.611508250236511 0.614745795726776 0.621477723121643 0.616742670536041 0.641859352588654 0.618287622928619 0.62260365486145 0.614382982254028 0.621864497661591 0.578890740871429 0.559836983680725 0.58742368221283 0.620279133319855 0.648483574390411 0.670929491519928 0.662675559520721 0.665503084659576 0.652994692325592 0.648667693138123 0.65495353937149 0.64885026216507 0.673094213008881 0.6536825299263 0.666110455989838 0.642924189567566 0.646640777587891 0.673317313194275 0.675285696983337 0.695249974727631 0.694851100444794 0.681284725666046 0.691637814044952 0.696591317653656 0.701623976230621 0.698719084262848 0.701891422271729 0.721055567264557 0.72319757938385
0.496092617511749 0.510986149311066 0.571789264678955 0.485614418983459 0.496644675731659 0.535826623439789 0.571275234222412 0.5613933801651 0.562868356704712 0.57906448841095 0.610134363174438 0.626941382884979 0.61173415184021 0.610210835933685 0.61411851644516 0.613931715488434 0.60120302438736 0.578796327114105 0.526862323284149 0.572856068611145 0.59952300786972 0.631829380989075 0.622445344924927 0.632755279541016 0.64292961359024 0.656941652297974 0.665779173374176 0.665061354637146 0.681690037250519 0.70398998260498 0.679343640804291 0.646274089813232 0.655966579914093 0.669966161251068 0.664525985717773 0.675880074501038 0.695337057113647 0.701090335845947 0.710284173488617 0.703664422035217 0.709333717823029 0.720137476921082 0.709363400936127 0.714883744716644 0.721592247486115 0.720658957958221
0.592293918132782 0.566501617431641 0.599206566810608 0.552696466445923 0.501089453697205 0.551768004894257 0.589506983757019 0.500131666660309 0.557115733623505 0.586742699146271 0.606759428977966 0.607239902019501 0.60373991727829 0.621360778808594 0.590932309627533 0.610161781311035 0.667985856533051 0.653188049793243 0.615734338760376 0.622016310691833 0.626130223274231 0.64271080493927 0.641386687755585 0.652648150920868 0.634155571460724 0.633228600025177 0.664627611637115 0.696083664894104 0.69773530960083 0.714390456676483 0.66794741153717 0.662343144416809 0.659229576587677 0.697727859020233 0.698722898960114 0.68664139509201 0.705531120300293 0.716096520423889 0.721128821372986 0.721128821372986 0.72683185338974 0.714264273643494 0.708988606929779 0.720248520374298 0.728987991809845 0.72827935218811
