data/climate_estimation/maxent_output/Gagea_glacialis.asc
NCOLS 145 
NROWS 76 
XLLCORNER 34.3333333333333 
YLLCORNER 37.25 
CELLSIZE 0.0833333333333333 
NODATA_value -3.4e+38 
[rows 20 to 39 of 76, columns 88 to 131 of 145]
-3.4e+38 0.0945769846439362 0.0954793617129326 0.103065602481365 0.0750352069735527 0.0259373933076859 0.0183923728764057 0.0369004048407078 0.0358046106994152 0.023540310561657 0.039814930409193 0.0524059683084488 0.0678355321288109 0.111424386501312 0.141961932182312 0.223540127277374 0.288063734769821 0.415645748376846 0.406375616788864 0.388846665620804 0.30117729306221 0.336112678050995 0.567841112613678 0.717632472515106 0.690886974334717 0.773583352565765 0.80674010515213 0.685522317886353 0.707644402980804 0.704500198364258 0.471397995948792 0.352023214101791 0.350468009710312 0.297996759414673 0.286056131124496 0.316029191017151 0.343226045370102 0.553206861019135 0.69794750213623 0.868244290351868 0.931324481964111 0.762146174907684 0.856334745883942 0.926067113876343
0.102110348641872 0.108881831169128 0.0892662182450294 0.0456266812980175 0.0198583044111729 0.0511411130428314 0.0461516343057156 0.0403996407985687 0.0430010929703712 0.0386872179806232 0.0372932329773903 0.0604871697723866 0.0836601555347443 0.160065427422523 0.232508167624474 0.307536870241165 0.412134498357773 0.476436406373978 0.417265772819519 0.399517327547073 0.538923621177673 0.561196804046631 0.701512813568115 0.786585092544556 0.882056295871735 0.931656837463379 0.941453456878662 0.948242723941803 0.93141496181488 0.887235403060913 0.803697466850281 0.932264685630798 0.94209223985672 0.850192725658417 0.775316953659058 0.679151892662048 0.442659974098206 0.290087729692459 0.503274619579315 0.679208993911743 0.671827673912048 0.663272976875305 0.659203410148621 0.881758630275726
0.109996244311333 0.089788056910038 0.0287370085716248 0.0205100420862436 0.0230996944010258 0.038927037268877 0.0267358217388391 0.0455945990979671 0.0270131956785917 0.0469788089394569 0.0467232689261436 0.102009199559689 0.144381254911423 0.24149127304554 0.394159436225891 0.449129700660706 0.314825862646103 0.23848058283329 0.491772145032883 0.743918240070343 0.853253066539764 0.850878119468689 0.92608767747879 0.941611588001251 0.96884149312973 0.954433500766754 0.963958740234375 0.981634020805359 0.979377686977386 0.97069650888443 0.965289413928986 0.933334946632385 0.888010025024414 0.924476027488708 0.8102987408638 0.735506296157837 0.573220491409302 0.328257352113724 0.324217468500137 0.39978215098381 0.425304591655731 0.517792165279388 0.481088250875473 0.51531058549881
0.101394444704056 0.0246989540755749 0.0300972666591406 0.0348425097763538 0.0272887293249369 0.0220346357673407 0.0188885144889355 0.0172044765204191 0.0297995079308748 0.0395639576017857 0.0528490655124187 0.084809698164463 0.200593516230583 0.294761568307877 0.266160815954208 0.326497614383698 0.262598723173141 0.392491638660431 0.595093429088593 0.742674589157104 0.890321791172028 0.939729332923889 0.941309154033661 0.959762632846832 0.985338509082794 0.97491866350174 0.935985624790192 0.94137567281723 0.936816573143005 0.949925541877747 0.975723087787628 0.974257588386536 0.941511988639832 0.765455603599548 0.749609291553497 0.732555329799652 0.699555397033691 0.46478733420372 0.276759445667267 0.21373450756073 0.275351673364639 0.374977618455887 0.482929706573486 0.541094064712524
0.100648976862431 0.0924042910337448 0.0305767711251974 0.0245424341410398 0.022653304040432 0.0305274054408073 0.0304168425500393 0.0264128856360912 0.0360049903392792 0.0634831264615059 0.0833111256361008 0.141343414783478 0.238206848502159 0.479335993528366 0.511645019054413 0.562976181507111 0.670979142189026 0.773651659488678 0.726676881313324 0.735519766807556 0.913706719875336 0.926137745380402 0.925193667411804 0.975763916969299 0.996477842330933 0.991353750228882 0.986786484718323 0.97868412733078 0.972915351390839 0.94135582447052 0.903385758399963 0.914298892021179 0.880297482013702 0.807739198207855 0.587973058223724 0.484546512365341 0.372285723686218 0.313285171985626 0.389189004898071 0.284990727901459 0.198354825377464 0.221752509474754 0.296287029981613 0.469992935657501
0.0820112302899361 0.022774837911129 0.0218778867274523 0.0190345849841833 0.0337975323200226 0.0588609762489796 0.0497308596968651 0.0544270798563957 0.0634908005595207 0.0842589735984802 0.159693405032158 0.198709279298782 0.411578238010406 0.490149646997452 0.588191330432892 0.654930830001831 0.753182888031006 0.840030372142792 0.867663323879242 0.792212903499603 0.895497798919678 0.916112542152405 0.959574937820435 0.989689528942108 0.994848251342773 0.987816214561462 0.990150511264801 0.991984605789185 0.949195086956024 0.898578941822052 0.839300155639648 0.774681925773621 0.510928869247437 0.387251794338226 0.328918009996414 0.271397352218628 0.213490560650826 0.204877823591232 0.205087170004845 0.20943620800972 0.170143812894821 0.156152933835983 0.21265122294426 0.393604815006256
0.0618004910647869 0.0182927846908569 0.0338562726974487 0.053256694227457 0.0818133279681206 0.0704053714871407 0.0426259413361549 0.036719087511301 0.0865096747875214 0.132929816842079 0.302012294530869 0.266697496175766 0.362849682569504 0.48861438035965 0.617724001407623 0.737317502498627 0.809818387031555 0.875480353832245 0.894949853420258 0.842698872089386 0.903433322906494 0.920911073684692 0.949112296104431 0.974482238292694 0.984479486942291 0.98452240228653 0.996209859848022 0.997860848903656 0.977157711982727 0.944839894771576 0.934405922889709 0.813026666641235 0.598008275032043 0.634734988212585 0.474678695201874 0.456232368946075 0.34021669626236 0.217231974005699 0.150578513741493 0.157753676176071 0.153472661972046 0.136868238449097 0.150141268968582 0.216188803315163
0.0282638799399137 0.0286054462194443 0.0280061718076468 0.0586915723979473 0.0539297237992287 0.0317157916724682 0.0191634632647038 0.0411238223314285 0.0765269920229912 0.194798201322556 0.276264846324921 0.395215511322021 0.448948800563812 0.661003828048706 0.7438645362854 0.760949671268463 0.828625500202179 0.850437045097351 0.845394134521484 0.898548543453217 0.920412421226501 0.930455446243286 0.941135287284851 0.952225744724274 0.97489458322525 0.988374769687653 0.996052145957947 0.997841536998749 0.989381015300751 0.957822859287262 0.900737524032593 0.861224591732025 0.912494897842407 0.865803480148315 0.733924448490143 0.814665973186493 0.619964480400085 0.24121019244194 0.277461469173431 0.364983916282654 0.274589270353317 0.155968591570854 0.14215961098671 0.131890714168549
0.0223139636218548 0.0292388554662466 0.00561644742265344 0.0214817468076944 0.0191321931779385 0.0240591745823622 0.0639798045158386 0.0935977101325989 0.203904017806053 0.306254774332047 0.362801998853683 0.497251152992249 0.598184883594513 0.743769526481628 0.775795519351959 0.810430705547333 0.822776019573212 0.817246854305267 0.862130522727966 0.920465409755707 0.959291398525238 0.97143566608429 0.967901408672333 0.961649298667908 0.965867221355438 0.981216967105865 0.993284106254578 0.997696995735168 0.993814587593079 0.970607399940491 0.964063823223114 0.961213350296021 0.97954398393631 0.953236520290375 0.910645067691803 0.914070129394531 0.746004045009613 0.521517932415009 0.321027785539627 0.567270934581757 0.430082112550735 0.335746556520462 0.261777997016907 0.165565386414528
0.0401156097650528 0.0208373367786407 0.00804274529218674 0.00529345544055104 0.00460578594356775 0.0281347576528788 0.166779458522797 0.274510383605957 0.331778854131699 0.347461193799973 0.526225090026855 0.62730085849762 0.694499790668488 0.749768674373627 0.761260747909546 0.802891254425049 0.854365646839142 0.846339523792267 0.849283158779144 0.900099039077759 0.96156108379364 0.982796430587769 0.979405283927917 0.967558145523071 0.9715576171875 0.966199696063995 0.985401034355164 0.997594952583313 0.992043912410736 0.964439213275909 0.947591602802277 0.953571021556854 0.969379186630249 0.986199498176575 0.987900376319885 0.930673658847809 0.808485329151154 0.748213768005371 0.736611783504486 0.891768217086792 0.781409740447998 0.635830879211426 0.385772675275803 0.208367377519608
0.0456012450158596 0.00592182856053114 0.0465719066560268 0.0960211753845215 0.0615430176258087 0.163804575800896 0.191396027803421 0.349236071109772 0.365803897380829 0.457835644483566 0.548531413078308 0.600370168685913 0.678354442119598 0.757556796073914 0.769529521465302 0.820842146873474 0.867604970932007 0.884837925434113 0.842348277568817 0.847791731357574 0.955762982368469 0.979826807975769 0.970121145248413 0.92078822851181 0.934119582176208 0.934112071990967 0.958057522773743 0.99189704656601 0.990765631198883 0.967584490776062 0.948462247848511 0.932488739490509 0.927910625934601 0.969873130321503 0.971822500228882 0.817995309829712 0.959700703620911 0.98012775182724 0.962947010993958 0.929119169712067 0.737015604972839 0.553583860397339 0.357032805681229 0.291489094495773
0.0500882305204868 0.00583112332969904 0.10219269990921 0.238976925611496 0.226705595850945 0.270024001598358 0.323906868696213 0.373868316411972 0.395589202642441 0.52188903093338 0.597307920455933 0.624385952949524 0.722401261329651 0.749447345733643 0.777775049209595 0.796462595462799 0.907418131828308 0.908890247344971 0.86957460641861 0.817084074020386 0.922501981258392 0.955334365367889 0.945376813411713 0.899402618408203 0.911791205406189 0.871157765388489 0.921562969684601 0.966485202312469 0.984737396240234 0.991098642349243 0.989155292510986 0.977713823318481 0.97547858953476 0.9215949177742 0.904303014278412 0.810649156570435 0.916267275810242 0.971972286701202 0.981919765472412 0.964225590229034 0.965916275978088 0.761966645717621 0.618493556976318 0.734957277774811
0.00520747527480125 0.111578769981861 0.273824632167816 0.198468878865242 0.236815810203552 0.291252285242081 0.323169112205505 0.437428414821625 0.451999872922897 0.537150621414185 0.611653029918671 0.636568665504456 0.685961246490479 0.726799428462982 0.766726911067963 0.807212054729462 0.81305456161499 0.860400974750519 0.777540147304535 0.665281414985657 0.683617115020752 0.771106064319611 0.736459612846375 0.752177536487579 0.644084095954895 0.669820070266724 0.770542800426483 0.889533221721649 0.92203027009964 0.911495089530945 0.92812180519104 0.958042025566101 0.966033816337585 0.959646284580231 0.952217161655426 0.909268140792847 0.966646313667297 0.981423795223236 0.98840594291687 0.984418988227844 0.969028055667877 0.632790982723236 0.917585849761963 0.914312660694122
0.00684572197496891 0.105377830564976 0.0980014503002167 0.0614194720983505 0.170806810259819 0.1515152156353 0.271545946598053 0.464087814092636 0.541374742984772 0.573914349079132 0.603507697582245 0.637746393680573 0.693231701850891 0.768438279628754 0.765373349189758 0.799753129482269 0.771645188331604 0.604969918727875 0.51032692193985 0.470861405134201 0.467611074447632 0.447554260492325 0.417695939540863 0.388890713453293 0.386060178279877 0.358183801174164 0.409087121486664 0.628771960735321 0.899925231933594 0.911412179470062 0.906851768493652 0.945746064186096 0.948038935661316 0.946614861488342 0.92813915014267 0.987479984760284 0.99378502368927 0.991083383560181 0.965153455734253 0.9337038397789 0.840831100940704 0.898130893707275 0.97025865316391 0.959581434726715
0.0951848179101944 0.134733393788338 0.204465493559837 0.299860388040543 0.374964982271194 0.294271528720856 0.154768764972687 0.279161721467972 0.508744716644287 0.505548655986786 0.615812361240387 0.693848133087158 0.731196641921997 0.759407162666321 0.782585263252258 0.736826181411743 0.604615390300751 0.479469209909439 0.483282119035721 0.505380272865295 0.467243671417236 0.405203849077225 0.371786117553711 0.309080451726913 0.287647396326065 0.288162767887115 0.369728744029999 0.543209373950958 0.840495049953461 0.955497980117798 0.951300323009491 0.971871256828308 0.988975942134857 0.990805208683014 0.994972348213196 0.992268323898315 0.983889102935791 0.974976062774658 0.972265541553497 0.977943778038025 0.896545112133026 0.940186083316803 0.987858474254608 0.991437256336212
0.246791645884514 0.406538218259811 0.402314871549606 0.42211440205574 0.329618245363235 0.205811217427254 0.252092152833939 0.345637679100037 0.391576379537582 0.583926439285278 0.65820324420929 0.681303560733795 0.730747222900391 0.676993310451508 0.70271497964859 0.591548562049866 0.497502118349075 0.455181658267975 0.494578063488007 0.56315279006958 0.484523057937622 0.381875216960907 0.299880087375641 0.286546260118484 0.274576216936111 0.401229560375214 0.426833868026733 0.627584218978882 0.87532114982605 0.945993900299072 0.964303255081177 0.955075681209564 0.969411909580231 0.981455147266388 0.983365893363953 0.980803847312927 0.984329998493195 0.989659428596497 0.98677784204483 0.983796179294586 0.982621490955353 0.981088101863861 0.987448632717133 0.98297131061554
0.211237877607346 0.226184025406837 0.385554224252701 0.298353016376495 0.283293813467026 0.492441982030869 0.467879474163055 0.376304000616074 0.569100856781006 0.644162058830261 0.682234942913055 0.598069489002228 0.574680030345917 0.583929240703583 0.5126593708992 0.434128284454346 0.408381909132004 0.445833057165146 0.612861037254333 0.691129207611084 0.664883375167847 0.513159990310669 0.262536853551865 0.232290774583817 0.2886803150177 0.494912564754486 0.624018728733063 0.870407700538635 0.981737613677979 0.992020785808563 0.996983110904694 0.988784372806549 0.907619476318359 0.940905332565308 0.979893147945404 0.981373310089111 0.955658614635468 0.941486537456512 0.963955342769623 0.97022020816803 0.962584972381592 0.964944362640381 0.969736158847809 0.983753681182861
0.202977046370506 0.179558321833611 0.216708943247795 0.312660217285156 0.397088319063187 0.532021462917328 0.413038343191147 0.406778633594513 0.570310771465302 0.611232995986938 0.630882620811462 0.577556252479553 0.496710509061813 0.441042900085449 0.417542457580566 0.378882437944412 0.443614989519119 0.590207457542419 0.740433573722839 0.6727454662323 0.67291671037674 0.584881365299225 0.240360468626022 0.202704474329948 0.265099763870239 0.370912432670593 0.601440787315369 0.829616725444794 0.978106319904327 0.992165327072144 0.993090927600861 0.96870082616806 0.8710977435112 0.911849975585938 0.933232843875885 0.861732304096222 0.912354111671448 0.956691741943359 0.975531339645386 0.974920868873596 0.960518896579742 0.941240131855011 0.942177355289459 0.950509607791901
0.245197519659996 0.231364101171494 0.398025244474411 0.328799515962601 0.233958214521408 0.349782377481461 0.348653256893158 0.279145240783691 0.320659309625626 0.35938349366188 0.352131366729736 0.59532219171524 0.528885066509247 0.5163614153862 0.391785711050034 0.46154659986496 0.463656365871429 0.561787903308868 0.652303874492645 0.649027526378632 0.424072772264481 0.255785942077637 0.181182786822319 0.165533646941185 0.195478454232216 0.262774586677551 0.342599272727966 0.522459924221039 0.73138040304184 0.872251570224762 0.86684376001358 0.744098007678986 0.654766082763672 0.787372529506683 0.715525507926941 0.769954323768616 0.916209876537323 0.962046563625336 0.989581882953644 0.987501263618469 0.955981969833374 0.932700335979462 0.931768178939819 0.921550810337067
0.335732102394104 0.203744456171989 0.113875918090343 0.159360468387604 0.253277570009232 0.320865631103516 0.280035674571991 0.200343191623688 0.29614594578743 0.336794018745422 0.289114892482758 0.267952412366867 0.292523145675659 0.316049367189407 0.177709728479385 0.119143128395081 0.408918708562851 0.543178677558899 0.602409958839417 0.671636879444122 0.401201575994492 0.225993409752846 0.168891906738281 0.0344450883567333 0.0335552394390106 0.0333173647522926 0.177544549107552 0.216397792100906 0.230070069432259 0.242724284529686 0.23677758872509 0.0341443419456482 0.245091572403908 0.368365824222565 0.440409183502197 0.571160316467285 0.829425692558289 0.93790876865387 0.992635071277618 0.993739426136017 0.969158589839935 0.926102340221405 0.918038427829742 0.902634024620056
