data/climate_estimation/maxent_output/Gagea_chlorantha.asc
NCOLS 276 
NROWS 164 
XLLCORNER 34 
YLLCORNER 29.6666666666667 
CELLSIZE 0.0833333333333333 
NODATA_value -3.4e+38 
[rows 38 to 56 of 164, columns 44 to 87 of 276]
0.0091793229803443 0.00896267872303724 0.0082418629899621 0.00782564282417297 0.0090779410675168 0.00969821307808161 0.0114540122449398 0.0121725741773844 0.0120723471045494 0.0109527911990881 0.00982203893363476 0.00860377214848995 0.0091904466971755 0.0102478852495551 0.00944700744003057 0.0095070032402873 0.00949735194444656 0.00923019275069237 0.00868207216262817 0.00864870194345713 0.00854900199919939 0.00845891423523426 0.00771464267745614 0.00769854802638292 0.00744232814759016 0.00749794160947204 0.00714043667539954 0.00705110561102629 0.00686946697533131 0.00681984703987837 0.00655921455472708 0.0065029445104301 0.00622365111485124 0.00621481845155358 0.00619066739454865 0.00606981012970209 0.00594759825617075 0.00592516036704183 0.00589587166905403 0.0057982406578958 0.00567383319139481 0.00566541869193316 0.00553809106349945 0.00558731984347105
0.00844091828912497 0.00824531354010105 0.00758067099377513 0.00742554245516658 0.00802636053413153 0.00779592944309115 0.00963697209954262 0.00807436555624008 0.00882669631391764 0.00865872018039227 0.00994056835770607 0.0100676817819476 0.00910126604139805 0.00924102496355772 0.00779903493821621 0.00771690905094147 0.00772576127201319 0.00771844666451216 0.00755400117486715 0.00763110583648086 0.00764110963791609 0.00767002580687404 0.00766460178419948 0.00758082885295153 0.0075085680000484 0.00734236044809222 0.00725234812125564 0.00723944092169404 0.00704162567853928 0.00692368298768997 0.00679940730333328 0.00674931099638343 0.00643205316737294 0.00641199620440602 0.00623185280710459 0.00610661180689931 0.00610619364306331 0.00595696875825524 0.0057766055688262 0.00568837067112327 0.00557919591665268 0.00534414174035192 0.00525739882141352 0.00518907560035586
0.0087019968777895 0.00846610777080059 0.00791931338608265 0.00763927306979895 0.00748738925904036 0.00761985732242465 0.00758458627387881 0.00738253490999341 0.00739397900179029 0.00744938664138317 0.00818148534744978 0.00901231355965137 0.0088178301230073 0.00875686481595039 0.00763832591474056 0.00760114379227161 0.00754214497283101 0.0073750545270741 0.00746003724634647 0.00764351384714246 0.00775087298825383 0.00769225088879466 0.0076691722497344 0.00768614374101162 0.00766240106895566 0.00733794737607241 0.00735368439927697 0.00715928012505174 0.00689649349078536 0.0068005807697773 0.00662786653265357 0.00633739354088902 0.00644046254456043 0.00598000921308994 0.00591190019622445 0.00575051503255963 0.00578329898416996 0.00553619675338268 0.00554032484069467 0.00543685350567102 0.00540050026029348 0.00537863932549953 0.00518403435125947 0.00527286622673273
0.00904720555990934 0.00863912887871265 0.00844239536672831 0.00839230790734291 0.00830015726387501 0.00825987290591002 0.00808610487729311 0.00725965527817607 0.00720786862075329 0.0071936440654099 0.00749696372076869 0.00729347253218293 0.00751467933878303 0.00855087954550982 0.00746583752334118 0.00753186177462339 0.00766101060435176 0.00752591667696834 0.00746931741014123 0.00753212720155716 0.00763745326548815 0.00764601724222302 0.00740882242098451 0.00732390815392137 0.00732195656746626 0.00753878662362695 0.00753336679190397 0.00734990183264017 0.00725818192586303 0.0074463770724833 0.00685105146840215 0.00656952057033777 0.00654669757932425 0.00642244424670935 0.00626488169655204 0.00602038949728012 0.00577425071969628 0.00563156744465232 0.00577941490337253 0.00588071532547474 0.00561186391860247 0.00543718412518501 0.0054071731865406 0.00552473962306976
0.00877337623387575 0.00836883299052715 0.00764124328270555 0.00760881928727031 0.00808209087699652 0.00831058714538813 0.00773749081417918 0.00778231583535671 0.00774538004770875 0.00775522226467729 0.00781186809763312 0.00803326349705458 0.00748139945790172 0.00754885142669082 0.00846249237656593 0.0084629338234663 0.0087491674348712 0.00741898547858 0.00747153721749783 0.0079738162457943 0.0101892054080963 0.00929765310138464 0.00774176139384508 0.00745522091165185 0.00695938291028142 0.00705480854958296 0.00728299142792821 0.00725826388224959 0.00747886393219233 0.00770616717636585 0.00773588474839926 0.00751233613118529 0.00692994333803654 0.00645126681774855 0.00616393517702818 0.00611509149894118 0.0059328144416213 0.00604505371302366 0.00598828634247184 0.00593609735369682 0.00557084428146482 0.00552395405247808 0.0058365291915834 0.00582727836444974
0.00814287830144167 0.00748569332063198 0.00718988804146647 0.00690608657896519 0.00703953532502055 0.00756952445954084 0.00895184651017189 0.0101401479914784 0.0109592024236917 0.0111235417425632 0.01016924995929 0.00965232588350773 0.00750169670209289 0.00729936687275767 0.00800435803830624 0.0102536454796791 0.0101521266624331 0.00758939376100898 0.00764253083616495 0.00761748990043998 0.0100960191339254 0.00931428745388985 0.00907191727310419 0.00934750307351351 0.00823338609188795 0.00751099828630686 0.00741168530657887 0.00725455489009619 0.00734431762248278 0.00722778541967273 0.0082827266305685 0.0079667791724205 0.00735747301951051 0.00744118774309754 0.00653032585978508 0.00626468844711781 0.00638035871088505 0.00622742157429457 0.00610370514914393 0.00595852825790644 0.0059818453155458 0.00578914955258369 0.00595378922298551 0.00600683875381947
0.00755936186760664 0.00742613803595304 0.00697807502001524 0.00688216974958777 0.00808597356081009 0.00895596016198397 0.00775367673486471 0.00998416915535927 0.0100130848586559 0.0117418579757214 0.0119586009532213 0.00994118861854076 0.0090892231091857 0.00970041006803513 0.0110461106523871 0.010171121917665 0.0118490997701883 0.0112172784283757 0.0111748790368438 0.0106508275493979 0.00922593474388123 0.00765947345644236 0.00873852428048849 0.00944945495575666 0.00950861815363169 0.00994286593049765 0.00807605497539043 0.00787704065442085 0.00748399458825588 0.00802663713693619 0.00842600781470537 0.00783086754381657 0.00681104836985469 0.00641751429066062 0.00719323381781578 0.00666253082454205 0.00609178701415658 0.0060197776183486 0.00605379324406385 0.00573925022035837 0.00585895869880915 0.00611824775114655 0.00598675664514303 0.00584043189883232
0.00778034469112754 0.00819670036435127 0.00871904380619526 0.00815846584737301 0.00820460449904203 0.00833582691848278 0.00880824774503708 0.0101231643930078 0.0116785252466798 0.0124313207343221 0.0136513840407133 0.0122203147038817 0.0104215554893017 0.0126731358468533 0.0127465641126037 0.0105165541172028 0.00821137055754662 0.00718212546780705 0.00755907129496336 0.0074437391012907 0.00737164216116071 0.0072990795597434 0.00732667976990342 0.00754832709208131 0.00745627330616117 0.00774942897260189 0.00850266963243484 0.00772009696811438 0.00746555300429463 0.00729873031377792 0.00725973164662719 0.00720245251432061 0.00690260529518127 0.00672439066693187 0.0066613182425499 0.00649297749623656 0.0064251720905304 0.00629750872030854 0.00609887391328812 0.0059079029597342 0.00609539402648807 0.00613883836194873 0.00577831175178289 0.00553339580073953
0.00918521080166101 0.00969570968300104 0.0100761698558927 0.0103237554430962 0.0109829753637314 0.0097351698204875 0.00873083900660276 0.011403851211071 0.012412310577929 0.0134343998506665 0.0139500014483929 0.0133492276072502 0.0120573509484529 0.00817381124943495 0.00713371578603983 0.00717165367677808 0.00694837421178818 0.00699482299387455 0.00731666525825858 0.00738486833870411 0.00749516347423196 0.00751099130138755 0.00721274083480239 0.007265689317137 0.00753075815737247 0.0081999022513628 0.00915769021958113 0.00818186905235052 0.00751342205330729 0.00729985581710935 0.00727670593187213 0.00849048979580402 0.00858365558087826 0.00870898272842169 0.00811484828591347 0.00669762631878257 0.00660781655460596 0.00630369316786528 0.00624033063650131 0.00627297814935446 0.00596704566851258 0.00585638545453548 0.00586450938135386 0.00574096897616982
0.00829390715807676 0.00852214358747005 0.00947916507720947 0.00875277351588011 0.00864850729703903 0.0115445591509342 0.00984397903084755 0.0124380150809884 0.0146362949162722 0.0104611469432712 0.00860352534800768 0.00937629863619804 0.00883257016539574 0.0078916884958744 0.00696823373436928 0.00703842425718904 0.00717264553532004 0.00810902379453182 0.0117578040808439 0.011531813070178 0.00957245565950871 0.00851491931825876 0.00808892119675875 0.00751630123704672 0.00768704665824771 0.00959205068647861 0.00891498755663633 0.00771095091477036 0.00858666095882654 0.0077961147762835 0.00838037952780724 0.0090523986145854 0.00925540737807751 0.00768253114074469 0.00678137876093388 0.00666034407913685 0.00650889752432704 0.00644022831693292 0.00624080980196595 0.00611736532300711 0.00643123220652342 0.00613542040809989 0.00603858241811395 0.006172189489007
0.0083351768553257 0.00744799571111798 0.0071937027387321 0.00802045781165361 0.0110090812668204 0.0108662350103259 0.012521505355835 0.0129552744328976 0.0110988589003682 0.0117477709427476 0.0114864204078913 0.00947714503854513 0.00696233939379454 0.00706537859514356 0.0073307971470058 0.00753241730853915 0.0115412604063749 0.0108975917100906 0.00978722237050533 0.0103596923872828 0.010605588555336 0.0091364923864603 0.00832498446106911 0.00759041029959917 0.0079333633184433 0.00949495937675238 0.00845123454928398 0.00818909611552954 0.00886042043566704 0.0107631841674447 0.0102060930803418 0.00986992195248604 0.0101209105923772 0.00993353687226772 0.00762209109961987 0.00707715749740601 0.00657088356092572 0.00662010023370385 0.00639270152896643 0.00623546354472637 0.00707371579483151 0.00630056485533714 0.00602626334875822 0.00574287120252848
0.00728460354730487 0.00684947287663817 0.00653252610936761 0.00794163253158331 0.0077514941804111 0.0081695793196559 0.00908602867275476 0.0110608302056789 0.00922536570578814 0.00958531629294157 0.0125996666029096 0.0137565601617098 0.0129841454327106 0.0120077040046453 0.00787356588989496 0.0080391988158226 0.010567668825388 0.0114320330321789 0.0090489350259304 0.00961372535675764 0.0105650713667274 0.0108560509979725 0.00942394882440567 0.00971615314483643 0.0109831159934402 0.0108409123495221 0.0105371531099081 0.00912771932780743 0.0104398922994733 0.011194471269846 0.010264353826642 0.00948919076472521 0.0102448835968971 0.0103490920737386 0.0103781661018729 0.00955285876989365 0.00826882477849722 0.00769440876320004 0.00738169206306338 0.0076975803822279 0.00715505238622427 0.00687358109280467 0.00695283012464643 0.00737443659454584
0.00770905613899231 0.00722455559298396 0.00669853435829282 0.00664549134671688 0.00637881411239505 0.00755999935790896 0.00876585021615028 0.00957265123724937 0.0103043587878346 0.0110892606899142 0.0137778371572495 0.0147860217839479 0.0142441326752305 0.0132882241159678 0.0124390106648207 0.0127723682671785 0.0114235645160079 0.0113931316882372 0.010702914558351 0.00968255288898945 0.0112664131447673 0.010961813852191 0.010325743816793 0.00920721888542175 0.0110166547819972 0.0110181150957942 0.0101587371900678 0.00929447263479233 0.00926286447793245 0.0100958310067654 0.0109443878754973 0.0101745296269655 0.0110884653404355 0.0103608313947916 0.00914180092513561 0.00896281562745571 0.008227763697505 0.00953815039247274 0.00792350433766842 0.0064199035987258 0.00649662455543876 0.00678672641515732 0.00696990638971329 0.00690260389819741
0.00799192022532225 0.00838514231145382 0.00700261583551764 0.00669735809788108 0.00682196905836463 0.00780135719105601 0.00905826035887003 0.0107244290411472 0.0110828736796975 0.0135366544127464 0.0154807791113853 0.0151008749380708 0.0130979539826512 0.0127797666937113 0.0138630969449878 0.0139850117266178 0.0134481601417065 0.0135105215013027 0.0119902156293392 0.0106855444610119 0.0115065956488252 0.0104362210258842 0.0101827513426542 0.0109550040215254 0.0111651597544551 0.0100870709866285 0.00793833192437887 0.00850584544241428 0.00981686543673277 0.0115659805014729 0.0101575460284948 0.0112467082217336 0.0109721710905433 0.0110066644847393 0.00929442048072815 0.00947698298841715 0.00988715887069702 0.00976534001529217 0.00769822113215923 0.00685265613719821 0.00652521988376975 0.00655382219702005 0.00633801333606243 0.00629632920026779
0.00789600610733032 0.00933900102972984 0.0100846337154508 0.00904696248471737 0.00859125982969999 0.00875265710055828 0.0101739857345819 0.0101646259427071 0.00978038366883993 0.0124790193513036 0.0140467789024115 0.0143792266026139 0.014099252410233 0.0123042212799191 0.0122457938268781 0.0121250078082085 0.0122069027274847 0.0132677461951971 0.0132386730983853 0.0129139786586165 0.0115101290866733 0.011829998344183 0.00936396792531013 0.00890040397644043 0.0104588037356734 0.00964629743248224 0.00778758572414517 0.00916072819381952 0.00734911393374205 0.00924145150929689 0.0114663476124406 0.0112716145813465 0.0103900423273444 0.0105834472924471 0.0105077484622598 0.009155691601336 0.00895021855831146 0.0101713882759213 0.00994801055639982 0.00908601749688387 0.00911262538284063 0.00841585919260979 0.00839783623814583 0.008275899104774
0.00955845508724451 0.00853962823748589 0.0104160103946924 0.00983489863574505 0.0100967902690172 0.00893863011151552 0.0107001652941108 0.0117633510380983 0.012995676137507 0.0136498045176268 0.0138227446004748 0.0143551742658019 0.0128922946751118 0.012154902331531 0.0118143605068326 0.0120991049334407 0.0114939054474235 0.011674864217639 0.0117863547056913 0.0115976212546229 0.012422489002347 0.0118313990533352 0.0104124424979091 0.00880613457411528 0.00804627127945423 0.00766888586804271 0.00694838166236877 0.00674343481659889 0.0086134672164917 0.00986863765865564 0.0115443328395486 0.00987955741584301 0.0113531136885285 0.00924207735806704 0.00683428021147847 0.00707236770540476 0.00835311505943537 0.00963748525828123 0.0089349951595068 0.00822232756763697 0.00924270693212748 0.00894305296242237 0.00839430652558804 0.00791289657354355
0.00924748834222555 0.00807630643248558 0.0102757029235363 0.0113830389454961 0.0113292634487152 0.0112597262486815 0.0120275840163231 0.0125521281734109 0.012805282138288 0.0123822754248977 0.0127597134560347 0.0132608097046614 0.0132766384631395 0.0129346828907728 0.0140525000169873 0.0136896539479494 0.0126261236146092 0.0126852206885815 0.0126391360536218 0.0122868791222572 0.0113558024168015 0.0108741978183389 0.00997773557901382 0.00970916450023651 0.00926632340997458 0.00963139627128839 0.00777492485940456 0.00715061509981751 0.00793415307998657 0.00985214486718178 0.00955910980701447 0.0103917773813009 0.0112726846709847 0.00937092211097479 0.00686269719153643 0.00718683283776045 0.00869528576731682 0.0097834225744009 0.00942410808056593 0.00858090817928314 0.00936942920088768 0.00943614821881056 0.00879769772291183 0.00836576521396637
0.00889043230563402 0.00802048295736313 0.00845953542739153 0.0103666707873344 0.0112625164911151 0.0109415994957089 0.0114304339513183 0.0115530230104923 0.0117329293861985 0.0116666108369827 0.0124072683975101 0.0138199916109443 0.0132247898727655 0.0131285460665822 0.0141003131866455 0.0141633739694953 0.0133240260183811 0.0134695740416646 0.0135281318798661 0.0133880358189344 0.0126593317836523 0.0108291059732437 0.0105877798050642 0.00940198171883821 0.00893411040306091 0.00875477027148008 0.00740674464032054 0.0072444318793714 0.00834697019308805 0.0093910600990057 0.0103273456916213 0.0083593325689435 0.00734591670334339 0.00723073910921812 0.00792448222637177 0.00940630864351988 0.0109140388667583 0.00945566315203905 0.00751511519774795 0.00763842649757862 0.00908850319683552 0.00935215130448341 0.00949982274323702 0.00889173336327076
0.00739295734092593 0.00831512548029423 0.00980410724878311 0.0100808087736368 0.0105502046644688 0.0105827460065484 0.010393719188869 0.0107182711362839 0.0111850369721651 0.0117368875071406 0.0130281280726194 0.0134781673550606 0.0129660246893764 0.012576662003994 0.0126600963994861 0.0143183069303632 0.0134062692523003 0.0137100024148822 0.0132314320653677 0.0128033198416233 0.0116267558187246 0.0108918221667409 0.0105213355273008 0.010805843397975 0.00858592614531517 0.00774267083033919 0.00887846574187279 0.0098227895796299 0.0120286829769611 0.0102655412629247 0.0110667198896408 0.00847741682082415 0.00740483449772 0.00826189015060663 0.00870486535131931 0.00997849740087986 0.0106388088315725 0.00932741165161133 0.0105591053143144 0.00994540564715862 0.00979763176292181 0.00978821888566017 0.00987610407173634 0.00863248016685247
