data/climate_estimation/maxent_output/Gagea_bulbifera.asc
NCOLS 546 
NROWS 202 
XLLCORNER 43.1666666666667 
YLLCORNER 36.8333333333333 
CELLSIZE 0.0833333333333333 
NODATA_value -3.4e+38 
[rows 0 to 19 of 202, columns 132 to 175 of 546]
0.499931871891022 0.472926020622253 0.472986608743668 0.560520946979523 0.622826397418976 0.479644477367401 0.473097115755081 0.487209528684616 0.45977708697319 0.469650030136108 0.389733523130417 0.450189024209976 0.452913910150528 0.483859926462173 0.473828941583633 0.525162041187286 0.525098562240601 0.531964838504791 0.543748199939728 0.557200908660889 0.567825376987457 0.636377096176147 0.644639849662781 0.552350282669067 0.559719204902649 0.556058526039124 0.592287361621857 0.627869129180908 0.617132127285004 0.319219470024109 0.237489759922028 0.198481410741806 0.193286001682281 0.289129793643951 0.223828256130219 0.227996155619621 0.211953803896904 0.272088021039963 0.226004898548126 0.266673356294632 0.297979563474655 0.22691348195076 0.355748623609543 0.489192724227905
0.574867367744446 0.546319127082825 0.542689204216003 0.590045690536499 0.532299339771271 0.487368643283844 0.466254740953445 0.466194599866867 0.453099519014359 0.446880131959915 0.377998262643814 0.390428334474564 0.443584829568863 0.443650275468826 0.446249514818192 0.52160507440567 0.543706595897675 0.582952439785004 0.586647093296051 0.62019556760788 0.614445447921753 0.618240058422089 0.603756308555603 0.538237571716309 0.618264675140381 0.584835171699524 0.578226327896118 0.513224184513092 0.5163334608078 0.290063500404358 0.231358870863914 0.205979496240616 0.225448563694954 0.231528639793396 0.229873210191727 0.286961585283279 0.271906822919846 0.242005988955498 0.240640312433243 0.269566833972931 0.360529035329819 0.41198068857193 0.462953746318817 0.375303417444229
0.614597976207733 0.579348266124725 0.605315744876862 0.575705409049988 0.517224967479706 0.525109767913818 0.525117218494415 0.514664709568024 0.483924806118011 0.436638563871384 0.418836325407028 0.378629207611084 0.424091875553131 0.476033866405487 0.482518404722214 0.540044665336609 0.542167127132416 0.582987070083618 0.590036749839783 0.622759163379669 0.607556402683258 0.660102486610413 0.641064763069153 0.546311676502228 0.571185052394867 0.603916466236115 0.584962368011475 0.252803891897202 0.236489742994308 0.225919559597969 0.246305495500565 0.229127869009972 0.222463518381119 0.198684319853783 0.269619941711426 0.304800748825073 0.269367188215256 0.262703239917755 0.27925905585289 0.330625593662262 0.400816947221756 0.424885272979736 0.395775735378265 0.37869581580162
0.579409778118134 0.586408674716949 0.582718133926392 0.525053739547729 0.501766920089722 0.498192548751831 0.427235454320908 0.470610201358795 0.433403521776199 0.47053200006485 0.427346676588058 0.378697901964188 0.450344651937485 0.44077655673027 0.497684717178345 0.53642874956131 0.598189473152161 0.571566998958588 0.622798025608063 0.612089037895203 0.608285963535309 0.629837095737457 0.63358598947525 0.539048552513123 0.610851764678955 0.560658395290375 0.514031946659088 0.243941873311996 0.220982015132904 0.23426678776741 0.260011196136475 0.263692498207092 0.278589308261871 0.22555273771286 0.267102360725403 0.264594256877899 0.303869396448135 0.311816483736038 0.281977564096451 0.379619687795639 0.417375683784485 0.400286883115768 0.371092021465302 0.394621640443802
0.615448534488678 0.525158286094666 0.521601378917694 0.514868438243866 0.521593928337097 0.511317253112793 0.460067957639694 0.472590237855911 0.529567718505859 0.456632256507874 0.450327277183533 0.437479466199875 0.490271776914597 0.508343577384949 0.508343577384949 0.546762108802795 0.575988292694092 0.63105046749115 0.546758353710175 0.553696274757385 0.580240309238434 0.638202905654907 0.600877285003662 0.52871698141098 0.525083720684052 0.561430096626282 0.282917350530624 0.280275791883469 0.235352590680122 0.272037416696548 0.250940978527069 0.250537186861038 0.237049862742424 0.262144237756729 0.285908311605453 0.289403200149536 0.281806200742722 0.228248745203018 0.289341002702713 0.325577139854431 0.452619940042496 0.388385355472565 0.415460705757141 0.473453134298325
0.645385324954987 0.598016023635864 0.550526201725006 0.58288311958313 0.593612015247345 0.558676421642303 0.540082395076752 0.490315318107605 0.486825466156006 0.486764013767242 0.437496542930603 0.428065747022629 0.466973811388016 0.494669407606125 0.511479139328003 0.557337284088135 0.638086378574371 0.565439343452454 0.56187903881073 0.576530933380127 0.611762642860413 0.63075852394104 0.543517708778381 0.514820396900177 0.571422159671783 0.601025700569153 0.53554904460907 0.284877806901932 0.289114415645599 0.279191970825195 0.223811641335487 0.275097340345383 0.287600636482239 0.330015629529953 0.305464029312134 0.264055192470551 0.216049462556839 0.222262501716614 0.342172116041183 0.383075892925262 0.453155010938644 0.455729603767395 0.465865343809128 0.464887738227844
0.641736626625061 0.66079580783844 0.660753190517426 0.608875334262848 0.555048108100891 0.561978578567505 0.561974763870239 0.515004813671112 0.486890524625778 0.466913610696793 0.466927766799927 0.473407238721848 0.491092562675476 0.543153941631317 0.561756908893585 0.627384603023529 0.561829388141632 0.558233439922333 0.568836331367493 0.572822988033295 0.616243720054626 0.670672833919525 0.597299158573151 0.597268223762512 0.564058721065521 0.564066350460052 0.313986301422119 0.35164076089859 0.325961649417877 0.307016462087631 0.27923184633255 0.300668209791183 0.31013149023056 0.319049000740051 0.305496096611023 0.264107257127762 0.208273530006409 0.25978547334671 0.319628417491913 0.439639449119568 0.439650356769562 0.422351479530334 0.425233691930771 0.390009343624115
0.586268663406372 0.608980000019073 0.598081171512604 0.608964502811432 0.608917951583862 0.594501614570618 0.590844392776489 0.553612649440765 0.504833400249481 0.501242101192474 0.509052217006683 0.532610833644867 0.505521595478058 0.561821758747101 0.572469115257263 0.547588706016541 0.558225810527802 0.616371750831604 0.547660708427429 0.543982565402985 0.620081782341003 0.678810596466064 0.666983246803284 0.649261057376862 0.67447155714035 0.663771688938141 0.358046799898148 0.417524635791779 0.292391091585159 0.289249807596207 0.279248923063278 0.290455460548401 0.307318061590195 0.34135302901268 0.341451793909073 0.385647028684616 0.358162760734558 0.382388561964035 0.464449763298035 0.376620888710022 0.405047655105591 0.400382995605469 0.419873595237732 0.412187457084656
0.616099417209625 0.561982393264771 0.575612008571625 0.571928441524506 0.583723604679108 0.580163359642029 0.583124995231628 0.653538823127747 0.653488397598267 0.583090305328369 0.532682120800018 0.558168649673462 0.568798005580902 0.601380348205566 0.547713756561279 0.537249863147736 0.56644994020462 0.533576607704163 0.540369033813477 0.564498066902161 0.59779018163681 0.678922295570374 0.628025710582733 0.594447672367096 0.641794383525848 0.638055443763733 0.412102848291397 0.402793347835541 0.374478310346603 0.312243163585663 0.31677371263504 0.301309555768967 0.348714143037796 0.326097667217255 0.388139128684998 0.335469156503677 0.361430078744888 0.33819991350174 0.38327893614769 0.420355379581451 0.420312583446503 0.406971365213394 0.367510944604874 0.390203088521957
0.624360084533691 0.590925514698029 0.590840578079224 0.572403907775879 0.653426349163055 0.653492271900177 0.664350867271423 0.690220654010773 0.683316230773926 0.63494873046875 0.576945781707764 0.554579317569733 0.554640173912048 0.52566260099411 0.507477223873138 0.515313267707825 0.552122235298157 0.529983520507812 0.559084236621857 0.602271616458893 0.613113164901733 0.683513045310974 0.565328538417816 0.667834579944611 0.671635210514069 0.657085061073303 0.657108306884766 0.415802240371704 0.386885464191437 0.322653263807297 0.294023960828781 0.27410626411438 0.357961922883987 0.32919716835022 0.312391191720963 0.316396355628967 0.305749356746674 0.314265638589859 0.308526337146759 0.423975467681885 0.387914687395096 0.367858529090881 0.390950351953506 0.347186386585236
0.620679795742035 0.616965711116791 0.641560673713684 0.606194913387299 0.606183290481567 0.649742305278778 0.690220654010773 0.685442864894867 0.711917698383331 0.631236135959625 0.658085465431213 0.627511978149414 0.562742829322815 0.532471537590027 0.564509749412537 0.650740206241608 0.602310359477997 0.550340294837952 0.587847292423248 0.587901294231415 0.594907402992249 0.605694174766541 0.679851174354553 0.59123820066452 0.391387671232224 0.324995815753937 0.363644987344742 0.402945667505264 0.399534553289413 0.365847140550613 0.304639577865601 0.316842019557953 0.321944713592529 0.340519934892654 0.353132516145706 0.344747304916382 0.337470501661301 0.328230440616608 0.347275495529175 0.36219534277916 0.3526631295681 0.347546339035034 0.347508639097214 0.350362122058868
0.693884909152985 0.671337187290192 0.649897515773773 0.679592490196228 0.577034115791321 0.638996064662933 0.654365539550781 0.650246500968933 0.730362057685852 0.671112954616547 0.657367050647736 0.646638512611389 0.581564843654633 0.621305406093597 0.632110953330994 0.601167023181915 0.623155415058136 0.606869757175446 0.587920606136322 0.576111495494843 0.584235906600952 0.584235906600952 0.591269075870514 0.276970952749252 0.262270867824554 0.314127296209335 0.341517597436905 0.390394806861877 0.425556540489197 0.412425071001053 0.383688867092133 0.388895213603973 0.32787024974823 0.316965311765671 0.326304703950882 0.326360881328583 0.345880687236786 0.37372300028801 0.323430389165878 0.332295566797256 0.327716052532196 0.336176484823227 0.388982892036438 0.363689005374908
0.767957448959351 0.732827484607697 0.722421526908875 0.718796074390411 0.627593576908112 0.62752366065979 0.64659583568573 0.635807991027832 0.642831087112427 0.700646579265594 0.70508223772049 0.67568576335907 0.594137668609619 0.583407044410706 0.590438365936279 0.683954954147339 0.663820087909698 0.668294370174408 0.595073759555817 0.653845131397247 0.657639026641846 0.624025940895081 0.595789611339569 0.296991348266602 0.303549379110336 0.311302602291107 0.366955935955048 0.394055873155594 0.435333341360092 0.383745551109314 0.371489107608795 0.396302312612534 0.376618593931198 0.383847773075104 0.359603494405746 0.355065077543259 0.376150995492935 0.349092125892639 0.326477348804474 0.33022552728653 0.335997760295868 0.38573682308197 0.382455825805664 0.382465839385986
0.718777239322662 0.708295166492462 0.71881490945816 0.697022020816803 0.700730443000793 0.690093874931335 0.697014391422272 0.675658762454987 0.651143491268158 0.694512844085693 0.730480790138245 0.705295145511627 0.701562166213989 0.647477686405182 0.661271393299103 0.642306983470917 0.729820013046265 0.687314510345459 0.634840309619904 0.683635294437408 0.679946660995483 0.672898232936859 0.639450371265411 0.328064978122711 0.243433654308319 0.272568494081497 0.394039869308472 0.448895126581192 0.458882868289948 0.418583571910858 0.396353781223297 0.359601676464081 0.385697156190872 0.361336350440979 0.358219414949417 0.359714537858963 0.336546540260315 0.337677031755447 0.320603489875793 0.324377030134201 0.346960067749023 0.394695907831192 0.395017176866531 0.446202307939529
0.715183317661285 0.715289056301117 0.704743921756744 0.704766750335693 0.675732016563416 0.675751328468323 0.723289728164673 0.671974837779999 0.647469937801361 0.661286890506744 0.690880358219147 0.733367800712585 0.761661291122437 0.672083139419556 0.668356359004974 0.67914891242981 0.748107731342316 0.664726316928864 0.664857804775238 0.744526267051697 0.715912640094757 0.669292211532593 0.609674870967865 0.344016462564468 0.306510120630264 0.306510120630264 0.361530065536499 0.448947131633759 0.472892165184021 0.457622766494751 0.324514895677567 0.371682852506638 0.380575627088547 0.336527585983276 0.338173538446426 0.316131591796875 0.313268721103668 0.325491935014725 0.349254041910172 0.323689222335815 0.335581213235855 0.394211113452911 0.40753385424614 0.446263372898102
0.723270952701569 0.723297238349915 0.682715535163879 0.709244310855865 0.661317884922028 0.605779588222504 0.657511174678802 0.680239856243134 0.687168657779694 0.668356359004974 0.676523208618164 0.66840273141861 0.748023390769958 0.733554005622864 0.758175492286682 0.758197247982025 0.736733019351959 0.726403713226318 0.71479731798172 0.700540125370026 0.700624048709869 0.719127476215363 0.708708643913269 0.398489594459534 0.367038011550903 0.38591542840004 0.391638725996017 0.439038783311844 0.472952753305435 0.390874683856964 0.357647448778152 0.354511111974716 0.430701583623886 0.365262448787689 0.352896124124527 0.349786370992661 0.349839568138123 0.37629109621048 0.380857288837433 0.368654310703278 0.33483013510704 0.36403426527977 0.449704855680466 0.459783107042313
0.807659089565277 0.788443982601166 0.761221051216125 0.701615512371063 0.68725311756134 0.665845453739166 0.676588773727417 0.740161716938019 0.751514494419098 0.737720608711243 0.724521040916443 0.683658540248871 0.729977011680603 0.785585701465607 0.736762702465057 0.726396262645721 0.726414978504181 0.704260170459747 0.693670630455017 0.700620234012604 0.665639996528625 0.689990639686584 0.42619976401329 0.376528203487396 0.398498803377151 0.376549988985062 0.446317434310913 0.452640473842621 0.475356370210648 0.44914773106575 0.418732881546021 0.424858093261719 0.402419239282608 0.402490705251694 0.423059314489365 0.40660172700882 0.33367919921875 0.335383802652359 0.379711359739304 0.374086290597916 0.375235795974731 0.356848001480103 0.43202617764473 0.491782873868942
0.751134634017944 0.757726073265076 0.74377053976059 0.740239381790161 0.706067562103271 0.672886669635773 0.676600337028503 0.702359139919281 0.707846641540527 0.775779545307159 0.726310133934021 0.736766397953033 0.72643369436264 0.811189651489258 0.751342415809631 0.722759664058685 0.722815990447998 0.7296142578125 0.747817575931549 0.744345426559448 0.726099848747253 0.715700805187225 0.416635185480118 0.413211405277252 0.409719586372375 0.44268661737442 0.456309020519257 0.482942640781403 0.500017106533051 0.467843651771545 0.425870984792709 0.428460776805878 0.441931903362274 0.402474462985992 0.375139504671097 0.397335708141327 0.374897241592407 0.395590960979462 0.401400178670883 0.395651996135712 0.349395930767059 0.396864205598831 0.407130181789398 0.445622891187668
0.775397300720215 0.687314510345459 0.726231336593628 0.715795576572418 0.726298689842224 0.715848445892334 0.693571150302887 0.704233586788177 0.762455642223358 0.754813194274902 0.774048745632172 0.751360654830933 0.76147323846817 0.761466026306152 0.791318833827972 0.714590013027191 0.710898280143738 0.788051128387451 0.700426280498505 0.723650217056274 0.715738534927368 0.442513555288315 0.426628977060318 0.445937514305115 0.445961713790894 0.426360815763474 0.432528257369995 0.507807970046997 0.518487691879272 0.53211373090744 0.506878197193146 0.422357827425003 0.424998700618744 0.411940366029739 0.388666272163391 0.35363906621933 0.390615612268448 0.387294620275497 0.40337872505188 0.394098907709122 0.379826635122299 0.427602082490921 0.438481658697128 0.522662580013275
0.771939754486084 0.740587770938873 0.758513450622559 0.744563043117523 0.712239384651184 0.76244843006134 0.801793456077576 0.811149775981903 0.798505187034607 0.78161358833313 0.821008265018463 0.788019895553589 0.791360259056091 0.788002550601959 0.814648509025574 0.805390238761902 0.805390238761902 0.805407047271729 0.749274551868439 0.740857005119324 0.715395450592041 0.781395494937897 0.497834414243698 0.486376762390137 0.476019114255905 0.428952217102051 0.419353753328323 0.429046809673309 0.496927112340927 0.503997564315796 0.428463995456696 0.418925404548645 0.405910611152649 0.421496510505676 0.340083628892899 0.410868525505066 0.385422497987747 0.373185575008392 0.419090986251831 0.437988638877869 0.428253948688507 0.429945945739746 0.420350849628448 0.513777256011963
