data/climate_estimation/maxent_output/Gagea_algeriensis.asc
NCOLS 110 
NROWS 142 
XLLCORNER -9.16666666666667 
YLLCORNER 29.5 
CELLSIZE 0.0833333333333333 
NODATA_value -3.4e+38 
[rows 0 to 21 of 142, columns 0 to 47 of 110]
-339999999999999996123846586046231871488.000000000000000 -3.4e+38 -3.4e+38 -3.4e+38 -3.4e+38 0.033506840467453 0.0470964834094048 0.0622907057404518 0.0639721378684044 0.0720742419362068 0.115295365452766 0.17709644138813 0.223170608282089 0.32355672121048 0.153482779860497 0.0881563872098923 0.293634206056595 0.409845948219299 0.300080001354218 0.53496241569519 0.449283450841904 0.681387901306152 0.578891813755035 0.650518000125885 0.799328625202179 0.830829620361328 0.853348433971405 0.867608428001404 0.915489137172699 0.835322499275208 0.87815523147583 0.955445230007172 0.969057977199554 0.969112515449524 0.948445081710815 0.951281249523163 0.93206799030304 0.894293129444122 0.85287481546402 0.821951806545258 0.652279496192932 0.531544268131256 0.451667606830597 0.410734087228775 0.475592225790024 0.472847104072571 0.441875547170639 0.465675175189972
-3.4e+38 -3.4e+38 -3.4e+38 -3.4e+38 -3.4e+38 0.0381496623158455 0.0465836301445961 0.0612859502434731 0.0720845460891724 0.090819776058197 0.14200533926487 0.180579900741577 0.275338113307953 0.136697858572006 0.127767235040665 0.144011989235878 0.506788969039917 0.476990699768066 0.513617515563965 0.614802539348602 0.678536772727966 0.656613171100616 0.505744397640228 0.585527837276459 0.814164578914642 0.812842071056366 0.865416765213013 0.883734941482544 0.89067143201828 0.928366363048553 0.923603892326355 0.945475578308105 0.934597611427307 0.930157363414764 0.971713721752167 0.974627315998077 0.961374938488007 0.899907171726227 0.868108868598938 0.783369243144989 0.663764953613281 0.633858680725098 0.530112445354462 0.471916884183884 0.488131672143936 0.482923030853271 0.511489987373352 0.483911752700806
-3.4e+38 -3.4e+38 -3.4e+38 -3.4e+38 -3.4e+38 0.0399509966373444 0.0462838970124722 0.0555744506418705 0.089860238134861 0.0917885825037956 0.135800525546074 0.213227897882462 0.227682873606682 0.228793576359749 0.3031185567379 0.314230650663376 0.50097918510437 0.533368110656738 0.554562628269196 0.569391489028931 0.615090787410736 0.709510266780853 0.740340888500214 0.747786521911621 0.803811490535736 0.806338369846344 0.844610631465912 0.904799401760101 0.926039397716522 0.922290861606598 0.912821352481842 0.929419159889221 0.956947803497314 0.963455736637115 0.945461809635162 0.965257465839386 0.971981406211853 0.949627101421356 0.881105184555054 0.836140215396881 0.722251892089844 0.626494169235229 0.584987878799438 0.554390251636505 0.526061236858368 0.51100891828537 0.491884231567383 0.558984756469727
-3.4e+38 -3.4e+38 -3.4e+38 -3.4e+38 -3.4e+38 -3.4e+38 0.0474890358746052 0.05012371763587 0.0818638950586319 0.111960493028164 0.133143410086632 0.154666751623154 0.0823540166020393 0.139281079173088 0.064635343849659 0.0909527838230133 0.263584405183792 0.234099000692368 0.345530539751053 0.362795561552048 0.383168190717697 0.489177614450455 0.689959704875946 0.777191638946533 0.812702178955078 0.850140810012817 0.857616662979126 0.887799561023712 0.91204822063446 0.920449078083038 0.926058173179626 0.935602784156799 0.957081079483032 0.967292428016663 0.972639977931976 0.956411302089691 0.972992897033691 0.950920581817627 0.926555097103119 0.912993669509888 0.790633618831635 0.676756739616394 0.621878743171692 0.565714657306671 0.513080179691315 0.488082259893417 0.545026063919067 0.484801381826401
-3.4e+38 -3.4e+38 -3.4e+38 -3.4e+38 -3.4e+38 -3.4e+38 0.043458104133606 0.0532472208142281 0.0633456632494926 0.0819012448191643 0.119872331619263 0.1435317248106 0.126627445220947 0.0735623016953468 0.0459926575422287 0.0895151942968369 0.122226916253567 0.131841167807579 0.240349367260933 0.456605225801468 0.36000844836235 0.333120822906494 0.547045588493347 0.731280028820038 0.801274478435516 0.810067355632782 0.886689126491547 0.897702574729919 0.900724947452545 0.924045383930206 0.932059288024902 0.948138117790222 0.955663740634918 0.959401786327362 0.968636512756348 0.981600940227509 0.978176534175873 0.94664591550827 0.942701518535614 0.919660925865173 0.830872118473053 0.770257592201233 0.692721843719482 0.580417573451996 0.525622010231018 0.564044892787933 0.549432277679443 0.564842998981476
-3.4e+38 -3.4e+38 -3.4e+38 -3.4e+38 -3.4e+38 0.0356073826551437 0.0437961705029011 0.0529235377907753 0.0729100704193115 0.0786485448479652 0.0496310219168663 0.0633375197649002 0.0925071910023689 0.19102369248867 0.238160982728004 0.225215688347816 0.214643597602844 0.173387452960014 0.227807283401489 0.365234762430191 0.328321516513824 0.362754046916962 0.628771901130676 0.738908886909485 0.822388887405396 0.820553839206696 0.807583332061768 0.876488447189331 0.914908349514008 0.905891060829163 0.928235232830048 0.943289399147034 0.95070207118988 0.970933258533478 0.97842925786972 0.987985074520111 0.982074975967407 0.964078366756439 0.956461548805237 0.89769971370697 0.881833791732788 0.819904088973999 0.72600120306015 0.63569575548172 0.568189144134521 0.624326944351196 0.596009016036987 0.582216203212738
-3.4e+38 -3.4e+38 -3.4e+38 -3.4e+38 -3.4e+38 0.0363372787833214 0.0510535277426243 0.0575858429074287 0.0776232704520226 0.0549755096435547 0.0907450690865517 0.106760703027248 0.146722346544266 0.308319866657257 0.330555737018585 0.290275275707245 0.284167021512985 0.327528566122055 0.382668256759644 0.427339196205139 0.428234755992889 0.433049559593201 0.619846165180206 0.745549499988556 0.784513413906097 0.836199104785919 0.834396600723267 0.840704917907715 0.925585091114044 0.952478408813477 0.914727210998535 0.930703163146973 0.957606911659241 0.982539236545563 0.981451690196991 0.9790198802948 0.983575820922852 0.975459098815918 0.935555160045624 0.928278505802155 0.896291136741638 0.813932240009308 0.795997798442841 0.709112405776978 0.695039212703705 0.6349858045578 0.638075649738312 0.663337111473083
-3.4e+38 -3.4e+38 -3.4e+38 -3.4e+38 -3.4e+38 0.0311209671199322 0.0472587496042252 0.0679770037531853 0.103824526071548 0.121412761509418 0.111991934478283 0.179506942629814 0.196825638413429 0.30247637629509 0.265974789857864 0.338986873626709 0.470570504665375 0.524949610233307 0.53628671169281 0.554353356361389 0.565075576305389 0.711953103542328 0.746661961078644 0.759018182754517 0.771722555160522 0.790352463722229 0.832248747348785 0.819783627986908 0.917547762393951 0.941417515277863 0.964357376098633 0.919427692890167 0.940805613994598 0.983620703220367 0.976741433143616 0.982714533805847 0.98558646440506 0.974457979202271 0.952074944972992 0.88734644651413 0.866305351257324 0.876195847988129 0.83050000667572 0.749134540557861 0.724339187145233 0.70479291677475 0.727752387523651 0.728263139724731
-3.4e+38 -3.4e+38 -3.4e+38 -3.4e+38 0.028928816318512 0.0362090207636356 0.0462214909493923 0.0843859910964966 0.11824481934309 0.152738645672798 0.147731214761734 0.101027593016624 0.115075416862965 0.308602333068848 0.433303475379944 0.477188646793365 0.491497159004211 0.534136831760406 0.533226191997528 0.623572707176208 0.664606392383575 0.69986093044281 0.720053255558014 0.542968690395355 0.670002281665802 0.768570125102997 0.790889263153076 0.831748247146606 0.868787109851837 0.939236164093018 0.948540687561035 0.964772284030914 0.97734934091568 0.960380077362061 0.970535337924957 0.959312319755554 0.945904910564423 0.946303308010101 0.960662961006165 0.940197050571442 0.909312725067139 0.89390504360199 0.882525205612183 0.800049185752869 0.795896768569946 0.738056778907776 0.688586413860321 0.606761634349823
-3.4e+38 -3.4e+38 -3.4e+38 -3.4e+38 0.0371197313070297 0.041166115552187 0.0603964254260063 0.0887909010052681 0.132963240146637 0.183603405952454 0.157376661896706 0.0965234041213989 0.317262500524521 0.387349098920822 0.416205048561096 0.468175202608109 0.536538064479828 0.573346853256226 0.599980890750885 0.656532824039459 0.362033307552338 0.331701725721359 0.512967109680176 0.532527506351471 0.672176837921143 0.748115479946136 0.803512215614319 0.814169347286224 0.901802599430084 0.926710784435272 0.953122973442078 0.963756740093231 0.975557684898376 0.926592409610748 0.879456877708435 0.722730040550232 0.873281180858612 0.957403361797333 0.981033205986023 0.977003872394562 0.939776182174683 0.90184473991394 0.895629048347473 0.827457785606384 0.772257149219513 0.700965285301208 0.694889068603516 0.589864194393158
-3.4e+38 -3.4e+38 -3.4e+38 -3.4e+38 0.0405111499130726 0.0506550185382366 0.0801636278629303 0.105706304311752 0.168980628252029 0.204693108797073 0.216415286064148 0.278741240501404 0.360625028610229 0.422526478767395 0.470425128936768 0.476847976446152 0.53887927532196 0.591896533966064 0.347564846277237 0.123012192547321 0.209988981485367 0.377651780843735 0.664107918739319 0.535893976688385 0.699036121368408 0.78181928396225 0.805187225341797 0.788065314292908 0.912040948867798 0.943644762039185 0.923032283782959 0.968767523765564 0.971010982990265 0.939981997013092 0.954509913921356 0.931383013725281 0.979046583175659 0.977194488048553 0.955610930919647 0.96942526102066 0.966697752475739 0.894476354122162 0.858474135398865 0.848696887493134 0.84169727563858 0.734634101390839 0.57134336233139 0.311619460582733
-3.4e+38 -3.4e+38 -3.4e+38 0.0478070117533207 0.0569599531590939 0.0726203992962837 0.099622868001461 0.139587834477425 0.192463651299477 0.19999623298645 0.296100467443466 0.356319338083267 0.375844687223434 0.421729892492294 0.483467757701874 0.515596389770508 0.564688503742218 0.271445959806442 0.0383074693381786 0.107009805738926 0.54220724105835 0.756810009479523 0.757406055927277 0.721847653388977 0.715497195720673 0.77303409576416 0.729940950870514 0.805703997612 0.832752883434296 0.868272244930267 0.900285661220551 0.919573187828064 0.83091926574707 0.939929842948914 0.966158866882324 0.989147782325745 0.970945000648499 0.962491810321808 0.979007542133331 0.970047771930695 0.931360185146332 0.460630178451538 0.613505244255066 0.8475062251091 0.756179511547089 0.492041647434235 0.373166650533676 0.314119428396225
-3.4e+38 -3.4e+38 -3.4e+38 0.0537563636898994 0.0647818222641945 0.0939160659909248 0.127650499343872 0.1830033659935 0.236611589789391 0.265024214982986 0.304663091897964 0.364339888095856 0.38609504699707 0.434662878513336 0.485769242048264 0.463305205106735 0.495831847190857 0.362224549055099 0.0907463729381561 0.164674982428551 0.742390632629395 0.787892162799835 0.751132488250732 0.800869643688202 0.833048582077026 0.727182805538177 0.709401965141296 0.632021486759186 0.800237894058228 0.860755980014801 0.858633577823639 0.961127638816833 0.964063763618469 0.979467034339905 0.991826951503754 0.96885347366333 0.942431569099426 0.967435121536255 0.962882220745087 0.972581624984741 0.547056615352631 0.225055500864983 0.70340621471405 0.808806538581848 0.552469372749329 0.303412675857544 0.141463026404381 0.238897174596786
-3.4e+38 -3.4e+38 -3.4e+38 0.0523104183375835 0.0695286840200424 0.115047171711922 0.172896206378937 0.235728234052658 0.246349111199379 0.268729865550995 0.341626465320587 0.393492341041565 0.400520920753479 0.439386636018753 0.374057203531265 0.252262681722641 0.227730989456177 0.53628671169281 0.607362389564514 0.715195596218109 0.723041892051697 0.760977685451508 0.818855166435242 0.827695786952972 0.822299599647522 0.843054413795471 0.888154327869415 0.903246402740479 0.869946360588074 0.936431407928467 0.963625371456146 0.963651835918427 0.973349630832672 0.976234078407288 0.966409146785736 0.93079662322998 0.86985856294632 0.863068759441376 0.978792250156403 0.836795508861542 0.975698590278625 0.803246080875397 0.227089762687683 0.253723651170731 0.298673808574677 0.83565229177475 0.715214371681213 0.783477962017059
-3.4e+38 -3.4e+38 -3.4e+38 0.081337533891201 0.11200263351202 0.130264833569527 0.179576992988586 0.231772676110268 0.273898243904114 0.319101810455322 0.341887265443802 0.325409114360809 0.298693180084229 0.317635118961334 0.326487272977829 0.331601202487946 0.480753511190414 0.605056047439575 0.649585664272308 0.643750727176666 0.740940570831299 0.781558930873871 0.84365838766098 0.851285398006439 0.886288285255432 0.879417479038239 0.903559505939484 0.897351443767548 0.942907571792603 0.946098804473877 0.944425225257874 0.946627378463745 0.960360050201416 0.97376549243927 0.92973005771637 0.902810275554657 0.87790447473526 0.935946941375732 0.987537622451782 0.976197421550751 0.975864350795746 0.959786891937256 0.924598872661591 0.901232659816742 0.666998267173767 0.335531413555145 0.318003118038177 0.26294070482254
-3.4e+38 -3.4e+38 -3.4e+38 0.09015903621912 0.109196849167347 0.153389990329742 0.226041585206985 0.212768688797951 0.273709058761597 0.308465361595154 0.213703140616417 0.170211538672447 0.294037729501724 0.396793127059937 0.456852406263351 0.539168298244476 0.623355090618134 0.606182813644409 0.705363631248474 0.683876037597656 0.76444274187088 0.829597651958466 0.834976077079773 0.855210661888123 0.878200113773346 0.888262927532196 0.903943419456482 0.911240875720978 0.893958806991577 0.920786798000336 0.937397599220276 0.948215067386627 0.945595920085907 0.913624227046967 0.834923326969147 0.824225306510925 0.866501688957214 0.89720094203949 0.910538733005524 0.887276232242584 0.871656477451324 0.608990430831909 0.458861202001572 0.355931013822556 0.29812616109848 0.282029420137405 0.252800226211548 0.264079600572586
-3.4e+38 -3.4e+38 0.0836778581142426 0.0836874693632126 0.119008377194405 0.166717499494553 0.223014086484909 0.201480031013489 0.258789569139481 0.300405859947205 0.264341503381729 0.335834681987762 0.415717214345932 0.456890493631363 0.46413066983223 0.527841508388519 0.559670090675354 0.638401627540588 0.751137435436249 0.772666454315186 0.825831055641174 0.798072934150696 0.817658662796021 0.863095045089722 0.875994145870209 0.90093868970871 0.902100145816803 0.882934153079987 0.903061985969543 0.922108769416809 0.91859757900238 0.927651762962341 0.920512676239014 0.839175403118134 0.81658798456192 0.883334040641785 0.920286893844604 0.837303400039673 0.73236870765686 0.59961861371994 0.44974622130394 0.402888298034668 0.35108271241188 0.303675562143326 0.290852576494217 0.237431138753891 0.261786788702011 0.257884591817856
-3.4e+38 -3.4e+38 0.0754546821117401 0.0966668054461479 0.127084657549858 0.154691725969315 0.207334876060486 0.234934225678444 0.290146231651306 0.349313646554947 0.387559235095978 0.412250518798828 0.461550712585449 0.444607317447662 0.436796128749847 0.437851935625076 0.591816008090973 0.687709927558899 0.74181604385376 0.758706092834473 0.796447157859802 0.768975019454956 0.765261173248291 0.796160221099854 0.83527284860611 0.869477033615112 0.859398365020752 0.908572018146515 0.901882350444794 0.924956142902374 0.925588667392731 0.926552057266235 0.935722649097443 0.898357391357422 0.9233318567276 0.943818688392639 0.864173650741577 0.771246135234833 0.67867785692215 0.518892586231232 0.500755965709686 0.442301988601685 0.361579060554504 0.384571552276611 0.295437216758728 0.246987447142601 0.290156096220016 0.282634407281876
-3.4e+38 0.0743930712342262 0.0880140960216522 0.116431072354317 0.13277693092823 0.163247063755989 0.205678910017014 0.263389766216278 0.295693159103394 0.314837336540222 0.421836674213409 0.455514162778854 0.510048389434814 0.488084524869919 0.502039730548859 0.505206048488617 0.653190314769745 0.7216477394104 0.771859407424927 0.75202488899231 0.794280529022217 0.743508636951447 0.751092970371246 0.810382843017578 0.820485532283783 0.859168231487274 0.880488157272339 0.899969518184662 0.890054643154144 0.875606954097748 0.909859836101532 0.922666192054749 0.919674813747406 0.936869263648987 0.866385459899902 0.837514460086823 0.788212239742279 0.723252713680267 0.732759475708008 0.641750633716583 0.554086148738861 0.471544086933136 0.47023469209671 0.455372661352158 0.345417022705078 0.355455458164215 0.332915276288986 0.312214702367783
-3.4e+38 0.0633756890892982 0.0813939049839973 0.114412978291512 0.16191378235817 0.177070572972298 0.224892660975456 0.30262279510498 0.303766429424286 0.387482881546021 0.398358672857285 0.409813195466995 0.47209432721138 0.510641157627106 0.555622041225433 0.596787095069885 0.658872365951538 0.695961892604828 0.672369420528412 0.734869122505188 0.740417957305908 0.780339300632477 0.774381577968597 0.783984065055847 0.813635468482971 0.875585794448853 0.845352232456207 0.873835146427155 0.900209367275238 0.915435016155243 0.906842052936554 0.932679414749146 0.833424031734467 0.861721754074097 0.838291823863983 0.807947397232056 0.779887199401855 0.763834416866302 0.69632875919342 0.741589903831482 0.806741178035736 0.76660293340683 0.731242716312408 0.627329885959625 0.57519656419754 0.596738219261169 0.530571401119232 0.391092777252197
-3.4e+38 0.0722673982381821 0.0973027423024178 0.115148089826107 0.1387819647789 0.144522055983543 0.23944303393364 0.284600257873535 0.322209686040878 0.381514608860016 0.422310709953308 0.456013679504395 0.520942628383636 0.509385168552399 0.541627883911133 0.596421897411346 0.654197931289673 0.657860517501831 0.68940532207489 0.764996647834778 0.748601675033569 0.766124963760376 0.750459730625153 0.80825799703598 0.837736546993256 0.826262474060059 0.887965738773346 0.868819534778595 0.901504755020142 0.906285464763641 0.925089597702026 0.895289361476898 0.893984436988831 0.826243460178375 0.81821197271347 0.761986374855042 0.782891869544983 0.709317564964294 0.738714158535004 0.680621981620789 0.709195137023926 0.718442142009735 0.754577159881592 0.79291820526123 0.799059927463531 0.867475628852844 0.724620223045349 0.718544840812683
0.0609757900238037 0.0757607221603394 0.0952256992459297 0.0962329059839249 0.117240719497204 0.159569397568703 0.232775196433067 0.293434232473373 0.314311474561691 0.371228814125061 0.43264639377594 0.450595557689667 0.484432011842728 0.525223851203918 0.556449890136719 0.683409929275513 0.645274341106415 0.728310406208038 0.72242933511734 0.760116577148438 0.741734683513641 0.781664431095123 0.782342851161957 0.81207013130188 0.834879994392395 0.839466869831085 0.855749845504761 0.873249650001526 0.880616664886475 0.895827293395996 0.894570887088776 0.89452737569809 0.918046355247498 0.816845715045929 0.813962161540985 0.745647072792053 0.71722012758255 0.721789598464966 0.73928838968277 0.711771249771118 0.727042555809021 0.766378045082092 0.769919037818909 0.731572210788727 0.906056821346283 0.893435180187225 0.915551662445068 0.778296291828156
