data/climate_estimation/maxent_output/Gagea_commutata.asc
NCOLS 135 
NROWS 142 
XLLCORNER 34.25 
YLLCORNER 30.1666666666667 
CELLSIZE 0.0833333333333333 
NODATA_value -3.4e+38 
[rows 120 to 139 of 142, columns 88 to 131 of 135]
0.000679011573083699 0.000573552038986236 0.00106052332557738 0.00100795284379274 0.000924366293475032 0.000849600066430867 0.00084357347805053 0.00208868971094489 0.00202733348123729 0.00189335772302002 0.00195741676725447 0.000744204502552748 0.000864448142237961 0.000683281454257667 0.000651300651952624 0.000715781992767006 0.00072283367626369 0.00068613892653957 0.000738571980036795 0.000715930829755962 0.000727662001736462 0.000443445867858827 0.000453854270745069 0.000438891554949805 0.000411585642723367 0.000420368509367108 0.000503638060763478 0.000487651501316577 0.000491543731186539 0.000583356944844127 0.000740898074582219 0.000675673654768616 0.000919127021916211 0.000612459611147642 0.000668799213599414 0.000414036068832502 0.000538784603122622 0.000780730682890862 0.000536379171535373 0.000691943569108844 0.000867545662913471 0.000971757574006915 0.000885539164301008 0.000900710001587868
0.000732031941879541 0.00121216208208352 0.00103089062031358 0.00100437726359814 0.000923274143133312 0.000906293280422688 0.000843076384626329 0.00203750352375209 0.00196395721286535 0.00188816071022302 0.00196358794346452 0.000753107306081802 0.000769907899666578 0.000616767851170152 0.000587565824389458 0.000725790450815111 0.00073117163265124 0.00069912028266117 0.00072051549796015 0.000705042795743793 0.000926714099477977 0.000459650997072458 0.000469014834379777 0.000442066520918161 0.000426440936280414 0.000483256502775475 0.000608419475611299 0.000576783204451203 0.000475341454148293 0.000631664122920483 0.000586807145737112 0.000735313282348216 0.000798839202616364 0.000449894403573126 0.000557177932932973 0.000716796144843102 0.000465408695163205 0.000566436268854886 0.000752360443584621 0.000625356682576239 0.00065307947807014 0.000798035005573183 0.000788807112257928 0.000882619991898537
0.0006828986806795 0.00117865100037307 0.000947780907154083 0.00092382007278502 0.000900803133845329 0.000797599321231246 0.000792459235526621 0.000743610027711838 0.00213564233854413 0.00200823415070772 0.00194390374235809 0.000859078369103372 0.000615262251812965 0.00060007645515725 0.000625685730483383 0.000640146201476455 0.000691350956913084 0.000702950987033546 0.000694464484695345 0.00103036942891777 0.00096400867914781 0.000487560027977452 0.000469014834379777 0.000501741247717291 0.00051157787675038 0.000503340794239193 0.000630426395218819 0.000592588621657342 0.000571474200114608 0.000692339788656682 0.000668984954245389 0.000688524451106787 0.000693290727213025 0.000411033572163433 0.000500440248288214 0.000618011457845569 0.000411986169638112 0.000443882454419509 0.000519959605298936 0.000744309276342392 0.00055079092271626 0.000610001676250249 0.000704069854691625 0.000759607937652618
0.000692392175551504 0.00114942237269133 0.00107544020283967 0.000934757583308965 0.000865538371726871 0.000842083070892841 0.000781974289566278 0.000740787829272449 0.0018918962450698 0.00181812245864421 0.000819238659460098 0.000870949355885386 0.000826805946417153 0.000605809676926583 0.000636225915513933 0.00069940957473591 0.00073244929080829 0.000757774512749165 0.00109391915611923 0.00105252861976624 0.000526146788615733 0.000527720432728529 0.00056410365505144 0.000540486653335392 0.000512815837282687 0.000582899141591042 0.00068149104481563 0.000608419475611299 0.000623829371761531 0.000582034466788173 0.000796783016994596 0.000777407258283347 0.00076420052209869 0.000429936597356573 0.000415577495004982 0.000512082187924534 0.000603198248427361 0.00042391347233206 0.000496300519444048 0.000632763316389173 0.000802159076556563 0.000850568350870162 0.000664632651023567 0.000671459943987429
0.00067777163349092 0.00117179797962308 0.00109415431506932 0.00105038727633655 0.000980857177637517 0.000894797267392278 0.000839530199300498 0.000798131455667317 0.000783958879765123 0.00079230236588046 0.000787144002970308 0.000868867966346443 0.000818355416413397 0.000662706617731601 0.000647164648398757 0.00069105188595131 0.000730684259906411 0.000797806482296437 0.00112815294414759 0.00112112530041486 0.000602250453084707 0.000603456806857139 0.000611881434451789 0.000573727476876229 0.000589645351283252 0.000596226134803146 0.000574762292671949 0.000622722029220313 0.00064796645892784 0.000652238319162279 0.000646929256618023 0.000629415444564074 0.000721715623512864 0.000404405931476504 0.000461348536191508 0.000509648001752794 0.000485554104670882 0.000568314280826598 0.000440751668065786 0.000532361096702516 0.000682911311741918 0.000754441367462277 0.000591237447224557 0.000656813150271773
0.000652833899948746 0.00113723159302026 0.00116354273632169 0.00111288717016578 0.00103199621662498 0.000920349499210715 0.000895514327567071 0.000862995977513492 0.000828097749035805 0.00064804230351001 0.000866954622324556 0.000818178115878254 0.000631055270787328 0.000606712943408638 0.000687378458678722 0.000767570862080902 0.000748413847759366 0.000797321554273367 0.00093612918863073 0.000607065099757165 0.000646446947939694 0.000649532186798751 0.000611881434451789 0.000660644669551402 0.000681235687807202 0.000649814028292894 0.00063447910360992 0.000592391996178776 0.000587955524679273 0.000749591272324324 0.000774186570197344 0.00075915758498013 0.000447640428319573 0.000393325550248846 0.000401934114051983 0.000434144923929125 0.000543596921488643 0.000568483315873891 0.00042247460805811 0.000536225968971848 0.000612079515121877 0.000642505474388599 0.000877830432727933 0.000559752166736871
0.00138837052509189 0.00115454650949687 0.00107928819488734 0.00102647684980184 0.00095439690630883 0.000973715039435774 0.000928023480810225 0.000910958915483207 0.000658592442050576 0.000659422425087541 0.000644233776256442 0.000631624949164689 0.000673856935463846 0.000714491645339876 0.000758929643779993 0.000806601077783853 0.000871302676387131 0.00121713988482952 0.000930970185436308 0.00101076567079872 0.000723811506759375 0.000766247161664069 0.000745817204006016 0.000796091451775283 0.000789390993304551 0.000759488553740084 0.000735626090317965 0.000676688912790269 0.000660895195323974 0.000711548316758126 0.000689524691551924 0.000673622766043991 0.000439014169387519 0.000421266013290733 0.00043226988054812 0.000438045535702258 0.000505292613524944 0.000583039945922792 0.000641275430098176 0.000453777116490528 0.000554377562366426 0.000608036352787167 0.000809275545179844 0.000815248873550445
0.000578342180233449 0.00131560559384525 0.0011042607948184 0.00110030639916658 0.00102734379470348 0.000997886760160327 0.000931340444367379 0.000908793823327869 0.000668029417283833 0.000680170196574181 0.00069766107480973 0.000983063015155494 0.000757792789954692 0.000779694353695959 0.000754393055103719 0.00115417875349522 0.00122997537255287 0.000914721749722958 0.000994693953543901 0.00055165181402117 0.000777830660808831 0.000816381303593516 0.000825627706944942 0.000854685204103589 0.000876117148436606 0.000936121097765863 0.000896282377652824 0.000872204604092985 0.000848198018502444 0.000825318449642509 0.000456849811598659 0.000436212692875415 0.000376778159989044 0.000429717532824725 0.000468481157440692 0.000452472420874983 0.000634872354567051 0.000632356328424066 0.000742047792300582 0.000447864440502599 0.000541870133019984 0.000536597799509764 0.000734697503503412 0.000770724436733872
0.000642467057332397 0.00137137842830271 0.00134096934925765 0.00107406580355018 0.00113504531327635 0.00100206246133894 0.000751167011912912 0.000768676691222936 0.000735030334908515 0.000678169308230281 0.000729406252503395 0.000773769337683916 0.000824800285045058 0.000795706524513662 0.000798552762717009 0.000768033496569842 0.000900862505659461 0.00103988486807793 0.000536862411536276 0.000623537867795676 0.000711669854354113 0.000681854842696339 0.000738505681511015 0.000781306822318584 0.000950738438405097 0.000901424849871546 0.000879916653502733 0.000901863910257816 0.000885304121766239 0.000908208079636097 0.00047299187281169 0.000459325616247952 0.000468089390778914 0.000454136985354125 0.000592961092479527 0.000535939063411206 0.000554072437807918 0.00071116304025054 0.000758924288675189 0.000724908022675663 0.000536291860044003 0.000513572420459241 0.000690126034896821 0.000689466425683349
0.000702603836543858 0.000676758820191026 0.00135724910069257 0.00120260799303651 0.00116288417484611 0.00117894297000021 0.000856399012263864 0.000774228828959167 0.00078945339191705 0.000768331403378397 0.000774736923631281 0.000859497871715575 0.000814995844848454 0.000832209829241037 0.000987802632153034 0.000971156754530966 0.00108692771755159 0.00112560053821653 0.000625365355517715 0.000671498535666615 0.000713384302798659 0.000767469231504947 0.00102490454446524 0.00129474024288356 0.00125908153131604 0.00121597049292177 0.00142128055449575 0.000725684803910553 0.000709811225533485 0.000592694734223187 0.00057262321934104 0.000581399246584624 0.000534560473170131 0.000540384615305811 0.000579255342017859 0.000666390988044441 0.000694573449436575 0.000730980827938765 0.00070942216552794 0.000912884774152189 0.000565386319067329 0.000505583244375885 0.000691392866428941 0.000725741498172283
0.000773242441937327 0.000687902269419283 0.00132389517966658 0.00133271131198853 0.00127018941566348 0.00117115769535303 0.000905723660252988 0.000860989850480109 0.000833143829368055 0.000850157404784113 0.00087506725685671 0.00106146035250276 0.000933698029257357 0.0010670559713617 0.000981231918558478 0.00114869722165167 0.000568032904993743 0.000623613479547203 0.000648143352009356 0.000828679767437279 0.000793168903328478 0.000967592874076217 0.00129638251382858 0.00157671072520316 0.00157178391236812 0.00187052972614765 0.000954263436142355 0.000914852891582996 0.000994365895166993 0.000955449824687093 0.00071730453055352 0.000704981910530478 0.000667579530272633 0.000714598747435957 0.00076758855720982 0.000761528965085745 0.000733016058802605 0.000915469485335052 0.000830951961688697 0.000846463022753596 0.000893305521458387 0.000915296375751495 0.000572493183426559 0.000693581649102271
0.000830133736599237 0.000677394273225218 0.000690955435857177 0.000661810103338212 0.000669504806865007 0.00107014400418848 0.00101794896181673 0.000996599206700921 0.000977985328063369 0.000903776963241398 0.000987156992778182 0.000967003928963095 0.00110855302773416 0.00113306439016014 0.00123931874986738 0.00130953197367489 0.000613847922068089 0.00062287604669109 0.000719010888133198 0.0008783980156295 0.00135174719616771 0.00170699157752097 0.00206795032136142 0.000990322907455266 0.00129197782371193 0.00123429205268621 0.00119504076428711 0.00123648042790592 0.00112828274723142 0.00109085545409471 0.00090425240341574 0.000879897968843579 0.000930404523387551 0.000883170694578439 0.00085667404346168 0.000879426952451468 0.000888250244315714 0.000908156856894493 0.000912650488317013 0.000919570215046406 0.000912759162019938 0.000546406605280936 0.000598253216594458 0.000608644157182425
0.000813461432699114 0.000766174634918571 0.000695778697263449 0.000775122432969511 0.000684021273627877 0.000680867698974907 0.00110765837598592 0.00104346056468785 0.000980491517111659 0.00102228496689349 0.00102412689011544 0.00111773097887635 0.00110367801971734 0.00121604895684868 0.000622739258687943 0.000635307806078345 0.000755217974074185 0.000834231439512223 0.000854103127494454 0.00105974543839693 0.00162559701129794 0.00212635938078165 0.00137445761356503 0.00169057003222406 0.00162949017249048 0.00202619936317205 0.00192017864901572 0.00148840760812163 0.00144828739576042 0.00113521213643253 0.00112203136086464 0.00111381988972425 0.000883119064383209 0.000883657019585371 0.000843432266265154 0.000911630690097809 0.00091051182243973 0.000930843641981483 0.000940650410484523 0.00094362732488662 0.000946551735978574 0.000619262282270938 0.00108965043909848 0.000679812277667224
0.000812512706033885 0.000820131332147866 0.000758477719500661 0.000737526570446789 0.000814626051578671 0.000818914268165827 0.000590035924687982 0.000591055490076542 0.000607887806836516 0.000587064132560045 0.000566305359825492 0.000574552395846695 0.000586591428145766 0.000561270047910511 0.000652293558232486 0.000765146978665143 0.000839236250612885 0.000950855494011194 0.00113839481491596 0.00146267958916724 0.00168570899404585 0.00142915069591254 0.00174844521097839 0.00216908636502922 0.00264056934975088 0.0024630413390696 0.00223857397213578 0.00188156869262457 0.00177976104896516 0.00150196615140885 0.00132326339371502 0.001063784933649 0.00110363378189504 0.00112682476174086 0.00114639778621495 0.00109084835276008 0.000862560060340911 0.000868385715875775 0.000937845557928085 0.000895476201549172 0.000940129102673382 0.00109450204763561 0.000644888030365109 0.00120430067181587
0.000889435585122555 0.000854394107591361 0.000822046189568937 0.000798775989096612 0.0008557194378227 0.000868776754941791 0.000828518182970583 0.000597894249949604 0.000675395887810737 0.000651167414616793 0.000635940756183118 0.000636972952634096 0.00064031797228381 0.000693497189786285 0.000725141726434231 0.000804033887106925 0.000882986700162292 0.000944441009778529 0.00149253464769572 0.000958347809500992 0.00117309764027596 0.00183199311140925 0.00210103509016335 0.00245511485263705 0.00253052404150367 0.00305476342327893 0.00299400091171265 0.00297150621190667 0.00239868368953466 0.00182707968633622 0.00166030193213373 0.00140412978362292 0.00132884236518294 0.00104083481710404 0.0010644783033058 0.00115346419624984 0.00108415528666228 0.00105330266524106 0.000934387790039182 0.000931515300180763 0.000901016057468951 0.000954784860368818 0.00123056804295629 0.00103544630110264
0.0011027897708118 0.0010436219163239 0.000827333424240351 0.000851062766741961 0.000900063256267458 0.000865243433509022 0.000665311759803444 0.000741525203920901 0.000707960512954742 0.000637046876363456 0.000636678014416248 0.000675467890687287 0.000749329046811908 0.000723982404451817 0.000807552307378501 0.000861345615703613 0.0010045007802546 0.000889867194928229 0.00165631808340549 0.00106269051320851 0.00152270158287138 0.0018613071879372 0.00237605068832636 0.0033959022257477 0.0043353377841413 0.00481754820793867 0.00418569426983595 0.00314757158048451 0.00249085994437337 0.00218353024683893 0.00175638019572943 0.00187265151180327 0.00140240194741637 0.00139379256870598 0.00119513878598809 0.00115346419624984 0.00109893048647791 0.0010969047434628 0.00110231840517372 0.00116421736311167 0.00114117248449475 0.000953015056438744 0.00102250406052917 0.000971546047367156
0.00111388810910285 0.00112518260721117 0.000983647536486387 0.000709124840795994 0.000774217653088272 0.000853906967677176 0.000805919233243912 0.00073980720480904 0.000769030419178307 0.000811847043223679 0.000794636318460107 0.000790008634794503 0.000817909429315478 0.00093045923858881 0.000835437618661672 0.000781575799919665 0.000885090499650687 0.00114457448944449 0.00168394530192018 0.00133284414187074 0.00168320734519511 0.00242348224855959 0.00296510686166584 0.00351366773247719 0.00521521689370275 0.00505908345803618 0.0040476880967617 0.00331775844097137 0.00314552732743323 0.00238787638954818 0.00190693384502083 0.0019639958627522 0.00146890559699386 0.00156361004337668 0.00156167382374406 0.00123973889276385 0.00126761896535754 0.00121829356066883 0.00115779833868146 0.00110231840517372 0.00124883919488639 0.00100172474049032 0.00103910407051444 0.000982453115284443
0.00116642017383128 0.000940096157137305 0.000860889093019068 0.000884161505382508 0.00079501821892336 0.000900385319255292 0.0008925556903705 0.000836292339954525 0.000918202335014939 0.000824254530016333 0.000797890475951135 0.000886777066625655 0.000905504799447954 0.000971065019257367 0.00103810406289995 0.000829883909318596 0.00089944974752143 0.00117990467697382 0.00161028187721968 0.00134483363945037 0.00178574398159981 0.00212149787694216 0.00286647421307862 0.00360247422941029 0.00443636579439044 0.00432003941386938 0.00431458931416273 0.00347675080411136 0.00319117563776672 0.00253945519216359 0.00256561813876033 0.00212830817326903 0.00193793373182416 0.00161341193597764 0.00157332478556782 0.0012762100668624 0.00130667176563293 0.00126527063548565 0.00128172896802425 0.00116856035310775 0.00098994025029242 0.00100481952540576 0.00106803909875453 0.000967880652751774
0.000598486687522382 0.000975852890405804 0.000953365524765104 0.00087503413669765 0.000893988588359207 0.000952724483795464 0.000906694447621703 0.000963909551501274 0.000880404433701187 0.000879379629623145 0.000992842367850244 0.000988178537227213 0.00105170265305787 0.00103220762684941 0.000907782989088446 0.00092026311904192 0.0010387918446213 0.00118417164776474 0.00162754883058369 0.00101297826040536 0.00132886960636824 0.00204240041784942 0.00242825783789158 0.00294712465256453 0.00366815715096891 0.00352338957600296 0.00351352500729263 0.00327342562377453 0.00272902077995241 0.00144626887049526 0.00221708021126688 0.00208551296964288 0.00214290572330356 0.00169164384715259 0.00172791455406696 0.00125480676069856 0.00127547618467361 0.00125422747805715 0.00143320532515645 0.00135612627491355 0.000977294868789613 0.00105412770062685 0.00110452144872397 0.00107532879337668
0.000638134777545929 0.00100590754300356 0.00100298027973622 0.000970194523688406 0.000900770188309252 0.00100359984207898 0.000954951858147979 0.00112049677409232 0.00108064454980195 0.00103682954795659 0.00115585292223841 0.00109378574416041 0.00110159232281148 0.00107271561864763 0.00120657030493021 0.0010321440640837 0.00110270385630429 0.00130084424745291 0.00123983656521887 0.00100760569330305 0.00136748095974326 0.00168353063054383 0.00213497108779848 0.00262135802768171 0.00329785142093897 0.00301208347082138 0.00305949035100639 0.00160935847088695 0.00267802039161325 0.00219734804704785 0.00129234360065311 0.00223364285193384 0.00129529158584774 0.00102081487420946 0.00173542997799814 0.0013245033333078 0.0014012788888067 0.00140942807774991 0.00146876333747059 0.00144034565892071 0.000733557215426117 0.00106588157359511 0.00108467345125973 0.00107799109537154
