data/climate_estimation/maxent_output/Gagea_bohemica.asc
NCOLS 510 
NROWS 277 
XLLCORNER -6.41666666666667 
YLLCORNER 30.25 
CELLSIZE 0.0833333333333333 
NODATA_value -3.4e+38 
[rows 242 to 263 of 277, columns 98 to 146 of 510]
0.00040040272870101 0.00039873507921584 0.000398836215026677 0.00033902921131812 0.000314977980451658 0.000326559180393815 0.000286568596493453 0.000228040633373894 0.000206824988708831 0.000175872846739367 0.00015832505596336 0.000138367075123824 0.000115152506623417 9.62525664363056e-05 8.96319688763469e-05 8.20097411633469e-05 7.20620664651506e-05 6.28073103143834e-05 6.10756542300805e-05 6.61507365293801e-05 5.70300762774423e-05 5.69569965591654e-05 5.12754886585753e-05 4.72258325316943e-05 4.35911315435078e-05 4.13765083067119e-05 4.7934525355231e-05 4.45173063781112e-05 4.12985282309819e-05 4.06678991566878e-05 3.34071446559392e-05 3.05803187075071e-05 2.85842015728122e-05 2.74629674095195e-05 2.7381374820834e-05 2.09717200050363e-05 1.8380234905635e-05 2.15044401556952e-05 1.83738175110193e-05 1.60486652021063e-05 1.68335718626622e-05 1.2330298886809e-05 1.07641380964196e-05 1.06656261777971e-05 1.04607624962227e-05 1.09175871330081e-05 1.07388086689753e-05 1.05098743006238e-05 1.21072471301886e-05
0.000334997836034745 0.000286816473817453 0.000275561731541529 0.000263212830759585 0.000257055828114972 0.000241582776652649 0.000225560463150032 0.000177955706021748 0.000162343596457504 0.000127697072457522 0.000131318767671473 9.74034846876748e-05 8.88322465470992e-05 8.03072252892889e-05 7.24122146493755e-05 6.29051428404637e-05 5.71729178773239e-05 5.36297375219874e-05 5.18400993314572e-05 4.70368468086235e-05 4.92726139782462e-05 4.59035836684052e-05 3.88274311262649e-05 3.86183528462425e-05 4.01869037887082e-05 3.30587063217536e-05 4.05263199354522e-05 3.88215848943219e-05 3.36477787641343e-05 3.08269518427551e-05 2.87288676190656e-05 2.74369776889216e-05 2.64237423834857e-05 2.15398613363504e-05 2.08026449399767e-05 2.05512042157352e-05 1.8474112948752e-05 1.65578803716926e-05 1.38287123263581e-05 1.67078233062057e-05 1.31330143631203e-05 1.16260316644912e-05 1.11874996946426e-05 1.01598207038478e-05 1.03471893453388e-05 1.08505728348973e-05 1.10054261313053e-05 1.17328854685184e-05 1.25298311104416e-05
0.000250774814048782 0.000216596017708071 0.000218808039790019 0.000213997016544454 0.000175708177266642 0.000164858895004727 0.000152162101585418 0.000129165593534708 0.000118179836135823 0.000106370549474377 9.17594516067766e-05 8.06161770015024e-05 7.16996000846848e-05 6.65947954985313e-05 6.02887121203821e-05 5.3331477829488e-05 4.9855989345815e-05 4.65906487079337e-05 4.69482656626496e-05 4.5679094910156e-05 4.27533523179591e-05 3.58377801603638e-05 3.56801392626949e-05 3.57428507413715e-05 2.97129081445746e-05 3.14196586259641e-05 3.05083758576075e-05 3.17525264108554e-05 2.71224562311545e-05 2.52028639806667e-05 2.4320879674633e-05 2.27618347707903e-05 2.17659780901158e-05 2.05730029847473e-05 1.9274868463981e-05 1.8474112948752e-05 1.71861101989634e-05 1.33676094264956e-05 1.15303964776103e-05 1.09480861283373e-05 1.06849538497045e-05 1.07655068859458e-05 1.13416936073918e-05 1.00826791822328e-05 9.85574570222525e-06 7.86963119026041e-06 1.1393945896998e-05 1.10026958282106e-05 1.21332477647229e-05
0.000181593335582875 0.000159975024871528 0.000158039067173377 0.000147389073390514 0.000134387897560373 0.00012892960512545 0.000126197090139613 0.000114500835479703 9.02438769116998e-05 8.57518170960248e-05 7.13880071998574e-05 6.08837690379005e-05 5.85906855121721e-05 4.99340421811212e-05 4.29961473855656e-05 3.97732401324902e-05 3.84160121029709e-05 3.7604109820677e-05 3.65224877896253e-05 3.75692507077474e-05 3.4963566577062e-05 3.25273067574017e-05 3.14737371809315e-05 2.4887100153137e-05 2.97039332508575e-05 2.63743149844231e-05 2.83727131318301e-05 2.60168180830078e-05 2.34982435358688e-05 2.40364515775582e-05 2.14337869692827e-05 1.99513233383186e-05 1.95764041563962e-05 1.93408286577323e-05 1.69016493600793e-05 1.6715397578082e-05 1.31288315969869e-05 1.22592509796959e-05 1.19387386803282e-05 1.13901642180281e-05 1.08017611637479e-05 1.08677049865946e-05 1.06536244857125e-05 1.10206838144222e-05 7.54089978727279e-06 7.3680257628439e-06 7.1465146902483e-06 6.68201710141147e-06 6.70903455102234e-06
0.000142406701343134 0.000134597095893696 0.000126127852126956 0.000116492847155314 9.81509147095494e-05 0.000104664977698121 8.97357749636285e-05 7.98740002210252e-05 6.81275269016623e-05 5.98346923652571e-05 5.66249582334422e-05 5.19355671713129e-05 4.66544370283373e-05 4.42204727733042e-05 4.05626778956503e-05 3.87996187782846e-05 3.36646116920747e-05 3.26537629007362e-05 3.2553740311414e-05 3.26340377796441e-05 3.09744718833826e-05 2.48011128860526e-05 2.80339845630806e-05 2.32681104535004e-05 2.4710847355891e-05 2.46244235313497e-05 2.23415154323447e-05 2.35992829402676e-05 2.1673737137462e-05 1.88549929589499e-05 1.94839667528868e-05 1.47166829265188e-05 1.40653073685826e-05 1.30504795379238e-05 1.20732838695403e-05 1.17288846013253e-05 1.2172722563264e-05 1.22097962957923e-05 1.2054431863362e-05 1.07477335404838e-05 1.06502648122841e-05 1.05536128103267e-05 1.01286059361883e-05 1.00966581157991e-05 1.6810050510685e-05 7.49007585909567e-06 7.60613966122037e-06 7.50296067053569e-06 7.47284138924442e-06
0.000103327969554812 0.00010519684292376 9.89236141322181e-05 9.97627503238618e-05 8.92896132427268e-05 8.644194167573e-05 6.51961454423144e-05 6.15128956269473e-05 5.05523385072593e-05 4.5519060222432e-05 4.56656307505909e-05 4.08956548199058e-05 3.69584304280579e-05 3.42327330145054e-05 3.02430689771427e-05 3.04997392959194e-05 3.00903084280435e-05 2.77012914011721e-05 2.73674304480664e-05 2.51091332756914e-05 2.30732912314124e-05 2.57063566095894e-05 2.16767784877447e-05 2.22213511733571e-05 2.03566687559942e-05 2.05239612114383e-05 1.96160999621497e-05 1.71047686308157e-05 1.81652394530829e-05 1.45744425026351e-05 1.3151029634173e-05 1.3151029634173e-05 1.19440546768601e-05 1.20177901408169e-05 1.25736387417419e-05 1.14965241664322e-05 1.04915843621711e-05 1.04915843621711e-05 1.05500721474527e-05 1.02998128568288e-05 9.84020516625606e-06 9.86917166301282e-06 9.5551613412681e-06 1.59867486217991e-05 1.57160702656256e-05 1.59117535076803e-05 1.54084264067933e-05 7.52598771214252e-06 7.35486446501454e-06
8.82533422554843e-05 8.54037862154655e-05 7.04795893398114e-05 6.38882265775464e-05 6.46939442958683e-05 5.75496305827983e-05 5.50980621483177e-05 5.38543972652406e-05 5.19893219461665e-05 4.37180897279177e-05 4.26006772613619e-05 3.7274799979059e-05 3.83774677175097e-05 3.48983885487542e-05 2.97181977657601e-05 2.53320231422549e-05 2.41996585828019e-05 2.23213428398594e-05 2.06171262107091e-05 2.09972913580714e-05 1.99208516278304e-05 2.1750482119387e-05 2.03275885723997e-05 1.90540158655494e-05 1.86998568096897e-05 1.40030278998893e-05 1.34748615892022e-05 1.3085632417642e-05 1.25072892842581e-05 1.22627079690574e-05 1.13742125904537e-05 1.12195593828801e-05 1.09498087113025e-05 1.16582887130789e-05 1.11193821794586e-05 9.70518249232555e-06 9.64517585089197e-06 1.06957058960688e-05 1.09492639239761e-05 1.00068536994513e-05 6.41821497993078e-06 6.34904972685035e-06 1.60847157530952e-05 1.47544833453139e-05 1.43066463351715e-05 1.48597382576554e-05 1.46411903187982e-05 1.39192488859408e-05 1.47711689351127e-05
5.99124978180043e-05 5.83735818509012e-05 5.40803230251186e-05 5.04335766891018e-05 5.4875901696505e-05 4.01769902964588e-05 3.80217497877311e-05 3.4518467145972e-05 3.23650383506902e-05 3.17429803544655e-05 2.9391983844107e-05 2.85775440715952e-05 2.67914201685926e-05 2.48605301749194e-05 2.36277028307086e-05 2.41375801124377e-05 2.11140395549592e-05 1.86156776180724e-05 2.15562031371519e-05 2.07342327485094e-05 2.03892104764236e-05 1.78351074282546e-05 1.75911991391331e-05 1.70285911735846e-05 1.33806179292151e-05 1.27832317957655e-05 1.24598136608256e-05 1.08485746750375e-05 1.11324434328708e-05 1.11852341433405e-05 1.05854760477087e-05 1.14417789518484e-05 1.13366631921963e-05 1.10578657768201e-05 7.49795981391799e-06 7.44013868825277e-06 7.58917303755879e-06 6.31040393272997e-06 6.70876170261181e-06 6.24260246695485e-06 6.13250176684232e-06 6.37827497484977e-06 1.26833510876168e-05 1.58478669618489e-05 1.4047813237994e-05 1.30438020278234e-05 1.30655771499733e-05 1.25137203212944e-05 1.29487516460358e-05
5.18071901751682e-05 4.7827277739998e-05 4.03989179176278e-05 3.70578673027921e-05 3.64386141882278e-05 3.32788622472435e-05 3.11881049128715e-05 3.12965021294076e-05 2.96100042760372e-05 2.80111635220237e-05 2.58952222793596e-05 2.41608777287183e-05 2.36486976064043e-05 2.07722569030011e-05 1.99624191736802e-05 1.96295459318208e-05 1.87470177479554e-05 1.86741472134599e-05 1.8118213120033e-05 1.69855320564238e-05 1.61213956744177e-05 1.64592729561264e-05 1.22010642371606e-05 1.16786522994516e-05 1.06399820651859e-05 1.02375124697573e-05 1.08355006886995e-05 1.06224933915655e-05 1.13478254206711e-05 1.12446605271543e-05 1.04542423287057e-05 1.00244824352558e-05 6.63282389723463e-06 7.46357727621216e-06 7.54377697376185e-06 7.11150232746149e-06 6.25587108515901e-06 6.39143172520562e-06 5.52573419554392e-06 1.23572381198755e-05 1.22817536976072e-05 1.28056317407754e-05 1.34465162773267e-05 1.37644037749851e-05 1.3434243555821e-05 1.3394856978266e-05 1.3939351447334e-05 1.27507446450181e-05 1.23249446914997e-05
4.5964425225975e-05 4.33380737376865e-05 3.42684834322426e-05 3.08724738715682e-05 3.06598267343361e-05 2.80060612567468e-05 2.71169883490074e-05 2.0348496036604e-05 1.89727088582003e-05 1.77880447154166e-05 1.69201302924193e-05 1.59085902851075e-05 1.59368482854916e-05 1.49771085489192e-05 1.3681318705494e-05 1.81975356099429e-05 1.7415581169189e-05 1.61448715516599e-05 1.32743443828076e-05 1.2200736819068e-05 1.17786694318056e-05 1.16592100312118e-05 1.11913932414609e-05 9.74751856119838e-06 1.01860023278277e-05 1.02944832178764e-05 1.05034851003438e-05 9.72240741248243e-06 6.26656628810451e-06 6.33410263617407e-06 6.60094428894809e-06 6.61625199427363e-06 6.545855285367e-06 6.8328504312376e-06 6.71882116876077e-06 6.30108206678415e-06 1.27766616060399e-05 1.2659852473007e-05 1.36205180751858e-05 1.23795043691644e-05 1.25129054140416e-05 1.30399812405813e-05 1.29764666780829e-05 1.46374204632593e-05 1.46165884871152e-05 1.29290083350497e-05 1.25955393741606e-05 1.23610016089515e-05 1.22468327390379e-05
3.13659365929198e-05 3.03617816825863e-05 2.63926522166003e-05 2.19790435949108e-05 2.06302665901603e-05 1.81828600034351e-05 1.79341677721823e-05 1.72611071320716e-05 1.62870619533351e-05 1.58626389747951e-05 1.54707649926422e-05 1.34413749037776e-05 1.38047580549028e-05 1.3644530554302e-05 1.25766309793107e-05 1.09191514638951e-05 1.1356733921275e-05 1.07690157165052e-05 1.02899284684099e-05 1.02409594546771e-05 1.095673906093e-05 1.02934709502733e-05 9.42658243729966e-06 9.66188508755295e-06 9.01140901987674e-06 6.17308160144603e-06 6.1352102420642e-06 6.86365865476546e-06 6.97956602380145e-06 6.46845865048817e-06 6.35344986221753e-06 5.94275752519025e-06 6.00694784225198e-06 5.88968714509974e-06 1.2952538781974e-05 1.26392342281179e-05 1.28858864627546e-05 1.32279292301973e-05 1.38714340209845e-05 1.35889804369071e-05 1.27017183331191e-05 1.26735321828164e-05 7.95590858615469e-06 7.66895573178772e-06 1.40241536428221e-05 1.29995378301828e-05 1.24222315207589e-05 1.12148964035441e-05 1.07719388324767e-05
2.71850385615835e-05 2.54020487773232e-05 2.59027765423525e-05 1.96420951397158e-05 1.83530391950626e-05 1.79370526893763e-05 1.66785630426602e-05 1.6928755940171e-05 1.4937378182367e-05 1.52610555232968e-05 8.74584657140076e-06 8.75664954946842e-06 8.20370678411564e-06 7.65107142797206e-06 7.58948453949415e-06 1.04442960946471e-05 1.01617843029089e-05 1.00676543297595e-05 6.89409989718115e-06 7.37643267711974e-06 6.76896706863772e-06 9.44143812375842e-06 8.92385287443176e-06 8.78219270816771e-06 6.05733157499344e-06 6.16278930465342e-06 6.26824839855544e-06 6.32549244983238e-06 6.65561492496636e-06 6.4639316406101e-06 6.65561492496636e-06 6.25634220341453e-06 5.24136021340382e-06 1.18496973300353e-05 1.14215681605856e-05 1.2535550922621e-05 1.26513486975455e-05 1.31051756397937e-05 1.2425671229721e-05 1.23309928312665e-05 1.28384135678061e-05 1.3667811799678e-05 7.52852156438166e-06 6.97672976457397e-06 6.80864377500257e-06 6.49042613076745e-06 6.84428505337564e-06 1.1783654372266e-05 6.28327052254463e-06
2.51126839430071e-05 2.47597527049948e-05 1.88034664461156e-05 1.82314324774779e-05 1.73316275322577e-05 1.52182074089069e-05 1.52005086420104e-05 1.01050491139176e-05 9.14860174816567e-06 8.54375593917212e-06 8.02458362159086e-06 1.58862512762425e-05 1.48766939673806e-05 7.18129376764409e-06 7.05890352037386e-06 9.47757416724926e-06 9.39027358981548e-06 8.66087157191942e-06 6.31948068985366e-06 8.53191158967093e-06 8.92439675226342e-06 8.52698667586083e-06 8.41010114527307e-06 5.81655058340402e-06 5.78292520003743e-06 6.0673150983348e-06 5.93731601838954e-06 6.25759957983973e-06 5.96563586441334e-06 5.59100681130076e-06 1.24996195154381e-05 1.37558135975269e-05 1.36085636768257e-05 1.42481849252363e-05 1.4206441846909e-05 1.35836498884601e-05 1.27079902085825e-05 1.2591674021678e-05 1.27486009660061e-05 1.29295985971112e-05 7.44936414776021e-06 1.2624211194634e-05 6.16117495155777e-06 6.06783214607276e-06 6.75555702400743e-06 6.54065343042021e-06 6.20607124801609e-06 1.10233495433931e-05 6.10124106970034e-06
1.77637812157627e-05 1.63387430802686e-05 1.6742375009926e-05 1.54935696627945e-05 1.46319853229215e-05 1.39926451083738e-05 1.95590437215287e-05 1.83278370968765e-05 1.83071606443264e-05 1.70671264640987e-05 1.46601896631182e-05 1.43451852636645e-05 1.39404091896722e-05 6.27967801847262e-06 6.43167140879086e-06 5.60106809643912e-06 5.72803628529073e-06 5.80436017116881e-06 5.31649720869609e-06 5.50405002286425e-06 5.76764705328969e-06 8.2473934526206e-06 5.47892705071718e-06 5.70229258300969e-06 5.55179076400236e-06 5.6150383898057e-06 5.69419444218511e-06 5.98985616306891e-06 1.15765933514922e-05 1.15051343527739e-05 6.68368829792598e-06 7.47771082387771e-06 7.40888390282635e-06 7.51348943595076e-06 6.4900200413831e-06 6.41066935713752e-06 1.12447978608543e-05 1.12967463792302e-05 1.20481099656899e-05 6.9420893851202e-06 7.1372555794369e-06 1.25963488244452e-05 6.34043271929841e-06 6.25300754109048e-06 5.4629613259749e-06 6.45050113234902e-06 6.22530615146388e-06 6.01422698309761e-06 5.90309218750917e-06
1.67264533956768e-05 1.48018343679723e-05 1.44795731102931e-05 1.28966958072851e-05 1.89939037227305e-05 2.02175287995487e-05 1.87622954399558e-05 1.74631077243248e-05 1.61301231855759e-05 1.5410647392855e-05 1.36083272082033e-05 1.27024241010076e-05 1.14495442176121e-05 1.0790175110742e-05 1.05227518361062e-05 1.06763345684158e-05 1.01002033261466e-05 1.01860114227748e-05 4.72099327453179e-06 4.92269646201748e-06 4.827648808714e-06 4.91068658448057e-06 5.06642709297012e-06 4.95940457767574e-06 7.50537310523214e-06 5.11514963363879e-06 5.12314818479354e-06 1.12338539111079e-05 6.0434358601924e-06 6.13794600212714e-06 6.17613113718107e-06 7.05649927112972e-06 6.23712730885018e-06 6.41402175460826e-06 6.37444418316591e-06 6.07674019192928e-06 6.10497818342992e-06 6.60278783470858e-06 5.70642714592395e-06 6.05924060437246e-06 6.44262854621047e-06 6.27010194875766e-06 5.24091774423141e-06 5.21690981258871e-06 5.41285317012807e-06 6.19774937149487e-06 6.83292910252931e-06 5.53068002773216e-06 5.13835811943864e-06
3.06117435684428e-05 2.81162792816758e-05 1.91335602721665e-05 1.95702286873711e-05 1.80769366124878e-05 1.66166100825649e-05 1.75743098225212e-05 1.58847324200906e-05 1.4558785551344e-05 1.328058897343e-05 1.21249959192937e-05 1.08867498056497e-05 1.03927231975831e-05 1.0181475772697e-05 1.03129787021317e-05 4.53939082944999e-06 4.29682268077158e-06 9.35547814151505e-06 6.53190318189445e-06 4.99309089718736e-06 4.87186252939864e-06 4.73512181997648e-06 4.66632582174498e-06 7.08538300386863e-06 7.04927606420824e-06 7.22257345842081e-06 6.94976188242435e-06 5.77692026126897e-06 5.89501769354683e-06 6.77772277413169e-06 6.00027169639361e-06 6.16995066593518e-06 6.29524538453552e-06 6.44273814032204e-06 6.40309735899791e-06 6.16079705650918e-06 6.40395865048049e-06 6.2287494984048e-06 7.17103011993458e-06 5.94762968830764e-06 5.71810005567386e-06 5.64851552553591e-06 5.96878408032353e-06 5.47136596651399e-06 6.62404090689961e-06 7.01757653587265e-06 6.44385227133171e-06 5.41678218723973e-06 5.06234255226445e-06
2.1496542103705e-05 2.12340237339959e-05 1.82488747668685e-05 1.81054874701658e-05 1.63554414029932e-05 1.75464465428377e-05 1.52728498505894e-05 1.43277475217474e-05 1.37952456498169e-05 1.25946089610807e-05 1.16230421554064e-05 1.04349892353639e-05 6.30364866083255e-06 6.14160398981767e-06 5.85554244025843e-06 4.57429041489377e-06 6.53970437269891e-06 6.91112200001953e-06 4.60866021967377e-06 4.63837068309658e-06 4.77606226922944e-06 9.93431876850082e-06 6.93198444423615e-06 6.68017537464038e-06 6.82923655404011e-06 6.60080331726931e-06 6.76848776492989e-06 6.13427164353197e-06 5.90303261560621e-06 6.24302356300177e-06 5.69404346606461e-06 6.1688615460298e-06 6.05793047725456e-06 5.90072704653721e-06 6.30391514278017e-06 5.9295257415215e-06 6.4425403252244e-06 6.60281375530758e-06 6.43180464976467e-06 6.83925736666424e-06 6.77732032272615e-06 6.25862548986333e-06 6.20107948634541e-06 6.25768279860495e-06 5.94712309975876e-06 6.48664126856602e-06 6.31474540568888e-06 5.30643410456832e-06 5.14522753292113e-06
1.97108965949155e-05 1.90415394172305e-05 1.76726080098888e-05 1.77165275090374e-05 1.72462569025811e-05 1.62325104611227e-05 1.39503499667626e-05 1.44052100949921e-05 1.328058897343e-05 1.15065722638974e-05 1.02991944004316e-05 6.61155900161248e-06 5.01832391819335e-06 5.62264267500723e-06 5.37825007995707e-06 5.28047348780092e-06 5.3013918659417e-06 6.15324870523182e-06 6.87284000377986e-06 6.44440569885774e-06 9.84971393336309e-06 6.76576109981397e-06 7.04118110661511e-06 6.97800805937732e-06 7.07777371644625e-06 6.72947953717085e-06 5.79814241064014e-06 6.63053697280702e-06 6.53372626402415e-06 5.81043013880844e-06 5.88341526963632e-06 5.83770088269375e-06 6.1360565268842e-06 5.416176009021e-06 6.02763566348585e-06 6.25282609689748e-06 5.87201338930754e-06 5.92580772718065e-06 6.09334165346809e-06 6.53082724966225e-06 6.46168200546526e-06 6.30269778412185e-06 5.99744134888169e-06 6.21432036496117e-06 6.11751966062002e-06 5.79334982830915e-06 5.82609254706767e-06 5.26002486367361e-06 5.54320195078617e-06
1.84108394023497e-05 1.77004876604769e-05 1.68090045917779e-05 1.61298103193985e-05 1.63829554367112e-05 1.52052334669861e-05 1.55271045514382e-05 1.30481585074449e-05 1.26509967230959e-05 1.25670057968819e-05 7.59961130825104e-06 6.12515077591524e-06 5.62264267500723e-06 5.47758509128471e-06 6.30370868748287e-06 5.12771248395438e-06 5.53565951122437e-06 6.38906931271777e-06 6.73044041832327e-06 6.93950414643041e-06 6.61613967167796e-06 6.98279472999275e-06 5.66004291613353e-06 6.55251051284722e-06 6.81853089190554e-06 6.77532216286636e-06 7.0119613155839e-06 7.26945290807635e-06 7.12973496774794e-06 7.19531089998782e-06 6.48880541120889e-06 6.57018927086028e-06 6.95984908816172e-06 6.992412636464e-06 7.48259390093153e-06 7.69448888604529e-06 5.98919268668396e-06 6.08210257269093e-06 7.30990950614796e-06 5.52938217879273e-06 5.47821673535509e-06 5.8085888667847e-06 5.61388424102915e-06 6.44674537397805e-06 6.70414419801091e-06 6.35743481325335e-06 6.28307179795229e-06 5.87680233365973e-06 5.489224804478e-06
1.68202477652812e-05 1.6117863196996e-05 1.59769297169987e-05 1.59262181114173e-05 1.48703993545496e-05 1.55767756950809e-05 1.54528734128689e-05 1.37705746965366e-05 1.29620430016075e-05 7.79061792854918e-06 7.56271310820011e-06 6.19528736933717e-06 5.79955030843848e-06 5.46670253243065e-06 5.4169945542526e-06 4.89321064378601e-06 6.50460970064159e-06 5.40920837011072e-06 6.64008803141769e-06 6.80401990393875e-06 6.65381685394095e-06 5.49954529560637e-06 6.38845176581526e-06 6.36821505395346e-06 6.5959775383817e-06 6.40983171251719e-06 6.79495587974088e-06 6.97368295732304e-06 6.93012361807632e-06 7.30855572328437e-06 6.12606982031139e-06 6.20300215814495e-06 7.40165887691546e-06 7.16710337655968e-06 7.58785699872533e-06 7.5760935942526e-06 7.19919171388028e-06 6.96786401022109e-06 6.0510801631608e-06 6.0510801631608e-06 5.86672740610084e-06 5.92162996326806e-06 5.72146427657572e-06 5.70368001717725e-06 5.93621189182159e-06 6.16132729192032e-06 6.47063643555157e-06 5.64049696549773e-06 5.20918774782331e-06
1.54172903421568e-05 1.63088698172942e-05 1.60277140821563e-05 1.52097927639261e-05 1.64980028785067e-05 1.60816834977595e-05 1.39982366818003e-05 1.35728532768553e-05 8.02450358605711e-06 8.86161342350533e-06 8.08500317361904e-06 6.66527512294124e-06 6.42080158286262e-06 6.26015571469907e-06 5.87233034821111e-06 5.32770309291664e-06 5.46781802768237e-06 6.93200854584575e-06 6.59492161503294e-06 5.53271638636943e-06 5.5066652748792e-06 6.41762790110079e-06 6.34762227491592e-06 6.35811875326908e-06 6.40807274976396e-06 6.5617059590295e-06 6.63456512484117e-06 6.3488660089206e-06 6.46971375317662e-06 6.50025731374626e-06 6.97417817718815e-06 6.83447706251172e-06 6.89372518536402e-06 6.73436670695082e-06 7.13990903022932e-06 6.79625509292237e-06 6.20369974058121e-06 6.72079431751627e-06 6.20493483438622e-06 6.01469719185843e-06 5.93086497246986e-06 5.99470877205022e-06 5.64901574762189e-06 5.36504194315057e-06 6.51912023386103e-06 6.14197142567718e-06 6.27957297183457e-06 6.15016506344546e-06 5.41992812941317e-06
1.6227206288022e-05 1.60275867528981e-05 1.51374615597888e-05 1.60259241965832e-05 1.57316990225809e-05 1.50384212247445e-05 8.93803917279001e-06 8.38363030197797e-06 9.01387284102384e-06 9.24088271858636e-06 8.67413655214477e-06 8.20368222775869e-06 6.57927330394159e-06 6.67609856463969e-06 5.91328580412664e-06 5.68158429814503e-06 6.69442715661717e-06 6.27174586043111e-06 6.45021737000206e-06 6.37467246633605e-06 7.09421783540165e-06 7.14140833224519e-06 6.35773494650493e-06 6.69996825308772e-06 6.63599848849117e-06 6.47758361083106e-06 6.4927357925626e-06 6.42919621895999e-06 7.14700081516639e-06 6.98824715072988e-06 6.83635062159738e-06 7.17689727025572e-06 6.48499508315581e-06 6.45389491182868e-06 6.47407159704017e-06 5.82542179472512e-06 6.10913048149087e-06 6.10913048149087e-06 6.19405545876361e-06 5.89267665418447e-06 6.18442527411389e-06 6.22302968622535e-06 5.80002006245195e-06 5.6401731853839e-06 5.97594180362648e-06 6.01612464379286e-06 6.12103895036853e-06 6.14479858995765e-06 5.4411839300883e-06
