data/climate_estimation/maxent_output/Gagea_villosa.asc
NCOLS 474 
NROWS 331 
XLLCORNER 1.08333333333333 
YLLCORNER 32.4166666666667 
CELLSIZE 0.0833333333333333 
NODATA_value -3.4e+38 
[rows 100 to 119 of 331, columns 180 to 224 of 474]
0.334546685218811 0.31143906712532 0.301707655191422 0.306091576814651 0.325657844543457 0.329646468162537 0.374423265457153 0.40567335486412 0.442915618419647 0.461821615695953 0.486767441034317 0.507935225963593 0.523618817329407 0.526259124279022 0.517603695392609 0.525705993175507 0.504514932632446 0.502246737480164 0.491778343915939 0.467273354530334 0.4498610496521 0.436749368906021 0.403593569993973 0.383002132177353 0.35669419169426 0.335625469684601 0.311873406171799 0.292281299829483 0.284772962331772 0.264431118965149 0.245275810360909 0.219385951757431 0.220416739583015 0.197996973991394 0.176689341664314 0.170310452580452 0.158097341656685 0.153681471943855 0.14208909869194 0.131807625293732 0.131523445248604 0.130009159445763 0.122670322656631 0.118931867182255 0.124801330268383
0.308486372232437 0.303823500871658 0.304801970720291 0.320909738540649 0.334235340356827 0.354328393936157 0.380189567804337 0.41231432557106 0.451252192258835 0.48707515001297 0.506706118583679 0.536332547664642 0.535036265850067 0.544631898403168 0.554870307445526 0.556425511837006 0.547570109367371 0.530300319194794 0.520672917366028 0.493972450494766 0.480733633041382 0.463803917169571 0.431091725826263 0.415687799453735 0.399401187896729 0.372123032808304 0.336859732866287 0.323909193277359 0.308135956525803 0.298009723424911 0.273158967494965 0.253673315048218 0.24228323996067 0.224500522017479 0.202370747923851 0.193091437220573 0.187603905797005 0.167785152792931 0.159207403659821 0.153279259800911 0.145815476775169 0.138815596699715 0.134461224079132 0.130964264273643 0.128591805696487
0.281189113855362 0.293609797954559 0.294060736894608 0.314769744873047 0.334187150001526 0.371036052703857 0.407892227172852 0.449351578950882 0.473942935466766 0.52116596698761 0.561271548271179 0.569922864437103 0.568580567836761 0.568906545639038 0.558332622051239 0.571274220943451 0.570968329906464 0.551845014095306 0.542757153511047 0.506927907466888 0.502259850502014 0.479547828435898 0.452896505594254 0.437738627195358 0.426921486854553 0.391033053398132 0.374199867248535 0.350074499845505 0.34420970082283 0.330669313669205 0.299198985099792 0.28564041852951 0.263811111450195 0.247685357928276 0.234074860811234 0.23135282099247 0.211084544658661 0.193331927061081 0.188221305608749 0.170366182923317 0.158399105072021 0.152295991778374 0.146263256669044 0.138738542795181 0.135050222277641
0.269841820001602 0.274939119815826 0.270566344261169 0.304591864347458 0.335552006959915 0.382304906845093 0.43972647190094 0.48068568110466 0.500235378742218 0.54069572687149 0.577188968658447 0.598404943943024 0.606288075447083 0.605227112770081 0.574224233627319 0.580348014831543 0.576165974140167 0.546176910400391 0.537818372249603 0.541315853595734 0.526795089244843 0.477292150259018 0.477044075727463 0.470858365297318 0.451882839202881 0.434497654438019 0.408797860145569 0.395817458629608 0.377612501382828 0.353500366210938 0.334535509347916 0.312121123075485 0.307032436132431 0.272555261850357 0.26229602098465 0.256566166877747 0.232512384653091 0.221088960766792 0.207111701369286 0.197850197553635 0.183538019657135 0.172333374619484 0.161393120884895 0.151476159691811 0.146700710058212
0.249988287687302 0.248844921588898 0.263886362314224 0.306682020425797 0.334799587726593 0.405444294214249 0.450598359107971 0.51484876871109 0.555739343166351 0.577052414417267 0.586154043674469 0.596101701259613 0.615178346633911 0.612406671047211 0.6014004945755 0.611228823661804 0.596166253089905 0.576817452907562 0.566627144813538 0.576151072978973 0.553140103816986 0.536833763122559 0.517979562282562 0.50507253408432 0.486430197954178 0.458301395177841 0.435970216989517 0.424243450164795 0.401535987854004 0.387121319770813 0.362114399671555 0.346716970205307 0.339486479759216 0.32213294506073 0.293048441410065 0.287480533123016 0.269501090049744 0.253829181194305 0.231928288936615 0.21689336001873 0.200755313038826 0.193017154932022 0.178533136844635 0.168409585952759 0.159794747829437
0.224941700696945 0.220917358994484 0.252741903066635 0.299400329589844 0.356197267770767 0.419556260108948 0.475036829710007 0.530319571495056 0.605555832386017 0.638430237770081 0.657819271087646 0.670371830463409 0.656468987464905 0.657021284103394 0.654712677001953 0.654712677001953 0.64127916097641 0.61933833360672 0.594584047794342 0.591411232948303 0.583479464054108 0.55711042881012 0.54129022359848 0.531984090805054 0.511579155921936 0.492794126272202 0.466100215911865 0.449162542819977 0.424253523349762 0.400339543819427 0.397118777036667 0.384670048952103 0.375838488340378 0.360910892486572 0.330906212329865 0.31761047244072 0.300934493541718 0.28548738360405 0.26728942990303 0.251372486352921 0.225141793489456 0.207800537347794 0.197361662983894 0.174110487103462 0.173153340816498
0.244832381606102 0.25234067440033 0.279686480760574 0.324613064527512 0.376028180122375 0.443086564540863 0.507404327392578 0.574595034122467 0.625805139541626 0.69238269329071 0.702300369739532 0.70126873254776 0.698172807693481 0.694807231426239 0.697508156299591 0.68285071849823 0.662901043891907 0.650764942169189 0.640555202960968 0.623126924037933 0.613210082054138 0.605274558067322 0.575580954551697 0.569743752479553 0.535688579082489 0.508290827274323 0.487979054450989 0.479245066642761 0.458794683218002 0.435519367456436 0.419367402791977 0.417112290859222 0.402895927429199 0.384544432163239 0.372254192829132 0.356912761926651 0.341676265001297 0.317239195108414 0.280932486057281 0.273811817169189 0.249696016311646 0.224343210458755 0.207598090171814 0.190011784434319 0.174228668212891
0.247057616710663 0.272276073694229 0.311923980712891 0.344611465930939 0.396927237510681 0.443192154169083 0.522019624710083 0.586128294467926 0.655660271644592 0.703450918197632 0.73197078704834 0.727312982082367 0.715171039104462 0.721235334873199 0.705181896686554 0.703014731407166 0.691592931747437 0.69278872013092 0.672370553016663 0.646274268627167 0.640253603458405 0.628624022006989 0.61669248342514 0.609764277935028 0.582500696182251 0.534671425819397 0.508680641651154 0.496089518070221 0.483997344970703 0.460680425167084 0.453321099281311 0.427568823099136 0.42732560634613 0.413199037313461 0.408010303974152 0.39360910654068 0.389946520328522 0.364425748586655 0.326599776744843 0.296657234430313 0.278517514467239 0.246528699994087 0.219175264239311 0.201521873474121 0.19210059940815
0.253141552209854 0.288170337677002 0.327661067247391 0.369535028934479 0.420257210731506 0.485756933689117 0.531628847122192 0.604012966156006 0.666939258575439 0.692378222942352 0.713301360607147 0.726796984672546 0.72857540845871 0.72416079044342 0.714811980724335 0.715887904167175 0.713166177272797 0.69722706079483 0.689032316207886 0.684991180896759 0.667044460773468 0.652135133743286 0.648653388023376 0.618510484695435 0.614626884460449 0.571710348129272 0.538406610488892 0.521740198135376 0.49448224902153 0.479780256748199 0.462484151124954 0.470665395259857 0.46857675909996 0.442404180765152 0.435023814439774 0.429532408714294 0.417897164821625 0.387481361627579 0.350091278553009 0.323953241109848 0.292924791574478 0.26545462012291 0.233729392290115 0.229087114334106 0.206066355109215
0.240573793649673 0.274092227220535 0.328863590955734 0.381711363792419 0.43297877907753 0.50211238861084 0.546012461185455 0.560666739940643 0.654491782188416 0.687050700187683 0.698877096176147 0.71479344367981 0.731403291225433 0.730955064296722 0.72857540845871 0.722012639045715 0.734356820583344 0.733509838581085 0.717743635177612 0.706081449985504 0.697417140007019 0.683433949947357 0.668965458869934 0.647771656513214 0.621630311012268 0.601067781448364 0.559605360031128 0.539372146129608 0.50415176153183 0.493557453155518 0.47846058011055 0.472213923931122 0.466290533542633 0.449592679738998 0.452560633420944 0.456565350294113 0.438611596822739 0.415246039628983 0.364775985479355 0.348720163106918 0.298795998096466 0.287760645151138 0.260123163461685 0.243337377905846 0.230101361870766
0.227619022130966 0.253561347723007 0.295329838991165 0.342235594987869 0.421936511993408 0.516404509544373 0.553255140781403 0.581821620464325 0.639586508274078 0.689904808998108 0.713510096073151 0.712144076824188 0.721524894237518 0.736321687698364 0.726686894893646 0.734295964241028 0.729674339294434 0.724616765975952 0.736189305782318 0.734660446643829 0.721844613552094 0.704811453819275 0.695225477218628 0.670727550983429 0.64728319644928 0.61455237865448 0.574182629585266 0.549094438552856 0.507478892803192 0.503845274448395 0.492047965526581 0.469778299331665 0.460111320018768 0.464231640100479 0.461172610521317 0.471426576375961 0.457697153091431 0.417643159627914 0.365850418806076 0.329223960638046 0.307922065258026 0.295646697282791 0.272248983383179 0.252171546220779 0.230046674609184
0.230616837739944 0.224835023283958 0.236234098672867 0.32058721780777 0.281215190887451 0.424912661314011 0.563537776470184 0.583052515983582 0.620861530303955 0.650053262710571 0.671060502529144 0.696534037590027 0.690389931201935 0.713515877723694 0.719551980495453 0.737934112548828 0.742617011070251 0.747698783874512 0.734939336776733 0.735147595405579 0.725404381752014 0.728747844696045 0.730551600456238 0.702524840831757 0.666674315929413 0.646777331829071 0.599306285381317 0.568440139293671 0.54586535692215 0.502594649791718 0.47319570183754 0.458841472864151 0.462460994720459 0.428710341453552 0.42631658911705 0.439396053552628 0.438899725675583 0.399013757705688 0.325000703334808 0.287780165672302 0.301428020000458 0.291082680225372 0.263877868652344 0.246064871549606 0.232672974467278
0.239961460232735 0.292988866567612 0.320741534233093 0.334098756313324 0.312186688184738 0.328440546989441 0.432617604732513 0.558037519454956 0.612479150295258 0.612378120422363 0.658449351787567 0.695735692977905 0.692237675189972 0.702401578426361 0.705346047878265 0.736465513706207 0.747348129749298 0.721367835998535 0.742271959781647 0.720423638820648 0.729603469371796 0.738789498806 0.735507845878601 0.70549875497818 0.672469258308411 0.644892513751984 0.616026997566223 0.575807929039001 0.533532738685608 0.511289060115814 0.48035791516304 0.442179769277573 0.433733135461807 0.405397057533264 0.382828533649445 0.376965790987015 0.358714908361435 0.371210604906082 0.332904517650604 0.276658415794373 0.251493901014328 0.257329404354095 0.25633579492569 0.255893379449844 0.249072462320328
0.281006425619125 0.335577189922333 0.346690148115158 0.433338522911072 0.467210620641708 0.459735065698624 0.44025507569313 0.555340111255646 0.640363156795502 0.661379396915436 0.652322828769684 0.657422006130219 0.661888360977173 0.672843992710114 0.705244243144989 0.721919655799866 0.733971476554871 0.726600468158722 0.738447427749634 0.731045782566071 0.734137833118439 0.722778856754303 0.730518937110901 0.70026832818985 0.671249210834503 0.626960277557373 0.593449771404266 0.557831108570099 0.509171366691589 0.484263598918915 0.462538540363312 0.434353679418564 0.412625223398209 0.389580845832825 0.370920300483704 0.339429438114166 0.335694253444672 0.312064707279205 0.306416869163513 0.285104006528854 0.249378815293312 0.242665573954582 0.236792385578156 0.231798708438873 0.238658666610718
0.366625964641571 0.414583146572113 0.305486381053925 0.291460484266281 0.423831105232239 0.549292206764221 0.601986587047577 0.534672677516937 0.517203211784363 0.597124576568604 0.662188172340393 0.689525663852692 0.704332888126373 0.708079397678375 0.725279808044434 0.71669203042984 0.711971163749695 0.727084517478943 0.728008449077606 0.730740904808044 0.734542965888977 0.736971974372864 0.712489902973175 0.705490946769714 0.631692826747894 0.563268959522247 0.540500700473785 0.52048134803772 0.499884516000748 0.453174084424973 0.42594775557518 0.402666360139847 0.366782814264297 0.334277182817459 0.339782118797302 0.312704652547836 0.303743749856949 0.311798423528671 0.287339061498642 0.26994064450264 0.252216070890427 0.21215246617794 0.208107277750969 0.209586441516876 0.224010169506073
0.433527648448944 0.392310261726379 0.327623873949051 0.227199003100395 0.282788395881653 0.461620509624481 0.476542532444 0.572903990745544 0.476299107074738 0.372107028961182 0.429757595062256 0.643496751785278 0.681411147117615 0.687155842781067 0.691022217273712 0.688474893569946 0.682423174381256 0.685302138328552 0.696889579296112 0.719769597053528 0.719596803188324 0.715329468250275 0.700794994831085 0.695061802864075 0.6739781498909 0.629283905029297 0.58329451084137 0.532202303409576 0.480998992919922 0.454351037740707 0.406798303127289 0.369966566562653 0.332522571086884 0.306652694940567 0.279681235551834 0.274538934230804 0.27918741106987 0.281195819377899 0.258589953184128 0.252510786056519 0.255611449480057 0.234933242201805 0.224137097597122 0.215796500444412 0.192912697792053
0.50335818529129 0.471851021051407 0.360485792160034 0.195880070328712 0.224814042448997 0.279741495847702 0.538848221302032 0.5210280418396 0.313697576522827 0.381737917661667 0.229733645915985 0.344916582107544 0.506431698799133 0.498526513576508 0.56788557767868 0.593297898769379 0.588609576225281 0.658177077770233 0.681846618652344 0.709387063980103 0.699107766151428 0.695902824401855 0.695356249809265 0.664988934993744 0.63437283039093 0.621678411960602 0.560030698776245 0.513885855674744 0.461154371500015 0.405711114406586 0.374031245708466 0.331570327281952 0.302369952201843 0.263215750455856 0.230454370379448 0.224401012063026 0.243855744600296 0.25717106461525 0.255190521478653 0.270701438188553 0.269726485013962 0.237858265638351 0.210246458649635 0.188622444868088 0.189251467585564
0.519431710243225 0.540978908538818 0.509251236915588 0.389238864183426 0.254132747650146 0.265263229608536 0.462554931640625 0.501812756061554 0.166094839572906 0.158831313252449 0.200618088245392 0.185694634914398 0.240309238433838 0.39786833524704 0.201414152979851 0.278264611959457 0.312085539102554 0.496353596448898 0.598799645900726 0.654491424560547 0.664686739444733 0.659514904022217 0.650344729423523 0.606856405735016 0.613017678260803 0.572412192821503 0.534187614917755 0.48225399851799 0.42106157541275 0.391061544418335 0.343401372432709 0.30066853761673 0.260971188545227 0.227326691150665 0.198332443833351 0.18397144973278 0.200340926647186 0.226448804140091 0.255312114953995 0.251911789178848 0.225589349865913 0.190521329641342 0.198126211762428 0.191314354538918 0.18138861656189
0.562485694885254 0.575450658798218 0.565373718738556 0.517546236515045 0.484910577535629 0.421061217784882 0.385826349258423 0.450701802968979 0.293961614370346 0.249015122652054 0.402782529592514 0.236907362937927 0.150144174695015 0.142346128821373 0.142460018396378 0.264065355062485 0.344009429216385 0.377971976995468 0.53788810968399 0.59850025177002 0.631974577903748 0.636752486228943 0.628134250640869 0.606071531772614 0.569568514823914 0.561084151268005 0.521513044834137 0.467499375343323 0.408338904380798 0.363909274339676 0.3170205950737 0.272773087024689 0.235075935721397 0.205628663301468 0.189207196235657 0.189788669347763 0.198730498552322 0.211649432778358 0.229813799262047 0.24674428999424 0.241225033998489 0.243538305163383 0.252700656652451 0.270095229148865 0.293030381202698
0.57295548915863 0.595824599266052 0.544476866722107 0.543161392211914 0.560977399349213 0.520447790622711 0.423759609460831 0.33028706908226 0.31906396150589 0.399459987878799 0.436449199914932 0.482651859521866 0.274480044841766 0.079885445535183 0.170969530940056 0.288671314716339 0.376056492328644 0.422128856182098 0.511825621128082 0.563364028930664 0.602150440216064 0.586876094341278 0.583783328533173 0.607675194740295 0.568697273731232 0.538191974163055 0.48613241314888 0.418775200843811 0.370657324790955 0.329309046268463 0.294297367334366 0.255949229001999 0.220397308468819 0.185996040701866 0.177007913589478 0.177628248929977 0.191051691770554 0.186438843607903 0.214810997247696 0.238575950264931 0.264146327972412 0.273045837879181 0.281900018453598 0.30926987528801 0.340221643447876
