data/climate_estimation/maxent_output/Gagea_peduncularis.asc
NCOLS 193 
NROWS 97 
XLLCORNER 21.4166666666667 
YLLCORNER 33.1666666666667 
CELLSIZE 0.0833333333333333 
NODATA_value -3.4e+38 
[rows 21 to 41 of 97, columns 98 to 146 of 193]
0.618606567382812 0.696153581142426 0.698119819164276 0.613636910915375 0.495917409658432 0.443296164274216 0.426521360874176 0.43656525015831 0.521358549594879 0.501714766025543 0.377459675073624 0.34110289812088 0.242941558361053 0.231809332966805 0.219194412231445 0.238555654883385 0.233888879418373 0.244806051254272 0.268674790859222 0.280471533536911 0.304100334644318 0.317319005727768 0.334483355283737 0.334350794553757 0.320319980382919 0.253422558307648 0.209580764174461 0.189018204808235 0.153996393084526 0.154183506965637 0.156401231884956 0.143542304635048 0.140571475028992 0.149047136306763 0.138546034693718 0.169141516089439 0.18547959625721 0.148732408881187 0.160991460084915 0.173508629202843 0.179839566349983 0.204016461968422 0.193965688347816 0.185359269380569 0.156532138586044 0.157805934548378 0.266020685434341 0.312679290771484 0.306684017181396
0.625271201133728 0.752337038516998 0.76055496931076 0.71980357170105 0.623146951198578 0.448774099349976 0.39760759472847 0.407424032688141 0.495404988527298 0.435169488191605 0.346351444721222 0.291454315185547 0.250804513692856 0.283510208129883 0.24429926276207 0.238927647471428 0.236457571387291 0.258762389421463 0.259258955717087 0.2725630402565 0.268196105957031 0.28124725818634 0.281670212745667 0.283264547586441 0.288355559110641 0.2998928129673 0.214026913046837 0.184344068169594 0.150078922510147 0.160521626472473 0.154275938868523 0.146153628826141 0.136626720428467 0.136160016059875 0.156744942069054 0.154371052980423 0.16060072183609 0.159051194787025 0.152970835566521 0.149090960621834 0.178250879049301 0.17428919672966 0.152080625295639 0.147397354245186 0.156568080186844 0.187510699033737 0.245063617825508 0.330320477485657 0.360409170389175
0.598479092121124 0.613275825977325 0.59679764509201 0.563518404960632 0.523845255374908 0.485254406929016 0.391912251710892 0.380714654922485 0.405909031629562 0.384971559047699 0.324331313371658 0.241577506065369 0.299522250890732 0.29930305480957 0.268420279026031 0.268333107233047 0.231997221708298 0.240211963653564 0.261286675930023 0.261294096708298 0.273650318384171 0.261922299861908 0.248995870351791 0.248301789164543 0.249445974826813 0.265505909919739 0.242743998765945 0.21118651330471 0.180209770798683 0.141407698392868 0.135582149028778 0.128137573599815 0.131871700286865 0.145020380616188 0.136029362678528 0.132802993059158 0.153874024748802 0.166986897587776 0.154514521360397 0.151059865951538 0.175051271915436 0.170443549752235 0.160194754600525 0.171395257115364 0.190284237265587 0.210944041609764 0.246452391147614 0.286045283079147 0.34403595328331
0.546866476535797 0.514533281326294 0.532550752162933 0.459168672561646 0.438095718622208 0.446406841278076 0.402635157108307 0.359881341457367 0.335970669984818 0.329637914896011 0.329397022724152 0.267328947782516 0.25392472743988 0.298536330461502 0.278599172830582 0.27065709233284 0.23505462706089 0.245843961834908 0.253049373626709 0.265594363212585 0.253663092851639 0.252427667379379 0.25288513302803 0.240574434399605 0.219178095459938 0.220926657319069 0.203289121389389 0.175459548830986 0.153398811817169 0.146976962685585 0.141492694616318 0.126575529575348 0.123433120548725 0.131010144948959 0.139465868473053 0.143260523676872 0.156126901507378 0.146344110369682 0.150721371173859 0.186318561434746 0.172087728977203 0.160090729594231 0.167670726776123 0.19581227004528 0.227668330073357 0.226958587765694 0.229663908481598 0.244794905185699 0.276113033294678
0.604535043239594 0.596353530883789 0.553472757339478 0.481542438268661 0.430271983146667 0.367726594209671 0.334545075893402 0.324581176042557 0.325191169977188 0.289489448070526 0.294558525085449 0.300113916397095 0.288440585136414 0.304622709751129 0.325713694095612 0.29666268825531 0.279713273048401 0.271343022584915 0.259346961975098 0.236688390374184 0.258044511079788 0.246279269456863 0.236040621995926 0.237110778689384 0.226617828011513 0.214287787675858 0.186994582414627 0.177363201975822 0.154412448406219 0.141342148184776 0.135431706905365 0.122678533196449 0.118947826325893 0.121770650148392 0.124607540667057 0.130820974707603 0.143291383981705 0.150238290429115 0.153902724385262 0.181217834353447 0.166733995079994 0.157313272356987 0.162390276789665 0.190940216183662 0.207458898425102 0.225861251354218 0.231207251548767 0.243751689791679 0.264643013477325
0.662250280380249 0.650419116020203 0.547123730182648 0.521629214286804 0.438793897628784 0.367691606283188 0.309030681848526 0.283235669136047 0.267654985189438 0.25235053896904 0.226380839943886 0.238136515021324 0.304969847202301 0.310445517301559 0.343883246183395 0.275544971227646 0.252224445343018 0.232197016477585 0.230128049850464 0.23962014913559 0.239969834685326 0.238963782787323 0.241515308618546 0.228713184595108 0.217572003602982 0.206230044364929 0.178884014487267 0.162761867046356 0.156491652131081 0.140891224145889 0.136236801743507 0.128064781427383 0.130491241812706 0.129324153065681 0.127519264817238 0.140764936804771 0.147329330444336 0.179150521755219 0.192925989627838 0.195101857185364 0.205950751900673 0.203582644462585 0.198377400636673 0.205583035945892 0.229054674506187 0.229564413428307 0.24773009121418 0.250280648469925 0.27466806769371
0.690074920654297 0.743150353431702 0.614834547042847 0.466412097215652 0.394340544939041 0.36794325709343 0.318813323974609 0.306149423122406 0.262363761663437 0.228790551424026 0.206279829144478 0.206190720200539 0.26326060295105 0.28510919213295 0.309505820274353 0.266536802053452 0.243787750601768 0.266507893800735 0.242670863866806 0.270776450634003 0.265514373779297 0.258276730775833 0.232760339975357 0.220341503620148 0.209256440401077 0.209096506237984 0.180112168192863 0.16487991809845 0.15609210729599 0.135025396943092 0.135387346148491 0.126905396580696 0.129584342241287 0.129363268613815 0.149748101830482 0.163075357675552 0.164646431803703 0.197528034448624 0.208791971206665 0.221102803945541 0.243802532553673 0.229001432657242 0.237641781568527 0.231665343046188 0.241592407226562 0.234298959374428 0.230912744998932 0.231785103678703 0.248663678765297
0.596305310726166 0.669304490089417 0.585768043994904 0.474457919597626 0.423204690217972 0.359316498041153 0.334869563579559 0.317263692617416 0.319219261407852 0.258320599794388 0.205670520663261 0.186440035700798 0.216352969408035 0.238167271018028 0.247241765260696 0.267509460449219 0.268152177333832 0.25160476565361 0.29642391204834 0.347496092319489 0.305196702480316 0.272498190402985 0.26696389913559 0.267184972763062 0.22371232509613 0.22387108206749 0.192957848310471 0.165857195854187 0.149468705058098 0.14152230322361 0.1274174451828 0.118590287864208 0.123471364378929 0.123924635350704 0.142310351133347 0.158983871340752 0.17610377073288 0.205971345305443 0.229954347014427 0.273429393768311 0.280027687549591 0.279826551675797 0.266510725021362 0.25481641292572 0.239109396934509 0.238121941685677 0.220694825053215 0.215813249349594 0.220149829983711
0.506288588047028 0.404688715934753 0.353485882282257 0.379789799451828 0.43734022974968 0.401865720748901 0.330309450626373 0.271004259586334 0.246356680989265 0.217584773898125 0.187578454613686 0.168817773461342 0.196794137358665 0.196438565850258 0.207388490438461 0.237716391682625 0.268341779708862 0.218616858124733 0.283961713314056 0.333613395690918 0.274700701236725 0.258882075548172 0.25899076461792 0.236996069550514 0.224861815571785 0.215253889560699 0.185271769762039 0.165757700800896 0.149292960762978 0.140165358781815 0.11471826583147 0.111920401453972 0.106347903609276 0.116362258791924 0.136693790555 0.146045029163361 0.179723367094994 0.204628273844719 0.247740194201469 0.305252224206924 0.34123370051384 0.334359526634216 0.31057471036911 0.271198064088821 0.248555392026901 0.234002932906151 0.217461764812469 0.198494464159012 0.200662523508072
0.396421641111374 0.33701229095459 0.3337022960186 0.373174786567688 0.451815217733383 0.478723496198654 0.427142977714539 0.354356288909912 0.295038908720016 0.29014453291893 0.352623075246811 0.218155816197395 0.18571774661541 0.185616105794907 0.187068447470665 0.199666485190392 0.200004622340202 0.189155653119087 0.189456611871719 0.207146555185318 0.227561935782433 0.259644091129303 0.26781302690506 0.249828174710274 0.214036196470261 0.18625220656395 0.175814434885979 0.159506589174271 0.137047216296196 0.129527032375336 0.114386551082134 0.106093026697636 0.106323726475239 0.111676827073097 0.124052360653877 0.153813481330872 0.178718611598015 0.224173411726952 0.260521411895752 0.345129936933517 0.417613387107849 0.386652827262878 0.32082062959671 0.28705957531929 0.249310746788979 0.228498429059982 0.207503512501717 0.190693125128746 0.179982721805573
0.348802179098129 0.334998369216919 0.354657739400864 0.378987908363342 0.358662933111191 0.421968102455139 0.406842678785324 0.343186765909195 0.294367551803589 0.316776156425476 0.383930951356888 0.329087853431702 0.263645142316818 0.279599815607071 0.253568589687347 0.198544323444366 0.200132519006729 0.208455666899681 0.200677931308746 0.238214552402496 0.265298664569855 0.265341222286224 0.270807534456253 0.259973078966141 0.228244572877884 0.236020624637604 0.20639169216156 0.152699396014214 0.145227745175362 0.124404408037663 0.114949926733971 0.102109774947166 0.105871580541134 0.106604553759098 0.118305005133152 0.144388854503632 0.173411712050438 0.20970307290554 0.269280433654785 0.349180400371552 0.477060228586197 0.364161938428879 0.331467509269714 0.291918218135834 0.241169527173042 0.210933655500412 0.195704415440559 0.170719310641289 0.161965280771255
0.331697285175323 0.355263739824295 0.542364537715912 0.47476789355278 0.331451833248138 0.347136914730072 0.2846659719944 0.273958027362823 0.35286146402359 0.447249263525009 0.335476905107498 0.282476902008057 0.271814942359924 0.295256197452545 0.267821848392487 0.246431291103363 0.339596331119537 0.373002618551254 0.333494812250137 0.287817388772964 0.291744917631149 0.31583645939827 0.30445271730423 0.277202844619751 0.239876180887222 0.227600052952766 0.198478102684021 0.189463675022125 0.200330540537834 0.13775198161602 0.111234724521637 0.108776643872261 0.103448621928692 0.0957738533616066 0.116909682750702 0.13082617521286 0.15492470562458 0.193174049258232 0.231020718812943 0.300888061523438 0.333535850048065 0.341319859027863 0.301360070705414 0.251447945833206 0.226313337683678 0.19814558327198 0.173261985182762 0.154811933636665 0.141626477241516
0.325367510318756 0.375409305095673 0.495820552110672 0.365566909313202 0.310420244932175 0.293851405382156 0.282797574996948 0.279843688011169 0.321564495563507 0.457685559988022 0.405488401651382 0.327221274375916 0.304299682378769 0.329239845275879 0.301349729299545 0.281993538141251 0.377123981714249 0.394035309553146 0.385658591985703 0.392103791236877 0.360010266304016 0.345861345529556 0.347768038511276 0.310118168592453 0.27193945646286 0.220033705234528 0.2074875831604 0.172279059886932 0.186361953616142 0.14561340212822 0.118417285382748 0.103928878903389 0.0973034128546715 0.0959906578063965 0.101558841764927 0.119176752865314 0.137914434075356 0.18386285007 0.212632343173027 0.256108522415161 0.269277930259705 0.269651025533676 0.257428646087646 0.230913698673248 0.205138131976128 0.173552557826042 0.15629617869854 0.139670342206955 0.124382540583611
0.327517420053482 0.324286341667175 0.407315731048584 0.350995719432831 0.430024385452271 0.396750301122665 0.347671955823898 0.296029388904572 0.393563061952591 0.472108542919159 0.463966488838196 0.400361031293869 0.374427050352097 0.345937728881836 0.369689375162125 0.374694108963013 0.355975210666656 0.344165623188019 0.357093423604965 0.397572755813599 0.377465754747391 0.377552926540375 0.360273331403732 0.328363448381424 0.272652328014374 0.242311730980873 0.207873046398163 0.172348156571388 0.164033472537994 0.140701085329056 0.117875963449478 0.110423512756824 0.0976480692625046 0.100853972136974 0.10005210340023 0.106140248477459 0.122545182704926 0.160704031586647 0.189968511462212 0.205263778567314 0.209603622555733 0.224853858351707 0.21652652323246 0.200655028223991 0.180959224700928 0.159424290060997 0.144388020038605 0.125269398093224 0.105852901935577
0.342842400074005 0.303230702877045 0.295451998710632 0.2797532081604 0.481427222490311 0.505231440067291 0.367153882980347 0.337626308202744 0.436697691679001 0.423409938812256 0.405329257249832 0.429671943187714 0.399866938591003 0.401353061199188 0.395428776741028 0.350923836231232 0.354344099760056 0.383401900529861 0.389264136552811 0.38415515422821 0.391128957271576 0.377259582281113 0.355965346097946 0.341211885213852 0.293672055006027 0.239908576011658 0.208745211362839 0.17273984849453 0.141268879175186 0.13377782702446 0.122752577066422 0.114652939140797 0.102746225893497 0.100411228835583 0.103345565497875 0.0969905480742455 0.101420752704144 0.132612183690071 0.160822346806526 0.170635312795639 0.17483077943325 0.187311410903931 0.178008422255516 0.170646220445633 0.158756494522095 0.142255380749702 0.121086344122887 0.106821030378342 0.0912827625870705
0.332874923944473 0.291544377803802 0.282691091299057 0.278531610965729 0.275391608476639 0.338782906532288 0.387892484664917 0.349102944135666 0.401271045207977 0.413919717073441 0.458221673965454 0.470923662185669 0.443001270294189 0.397974699735641 0.369580656290054 0.401659458875656 0.400316208600998 0.394179075956345 0.409934848546982 0.410944044589996 0.396614819765091 0.393085449934006 0.374538362026215 0.33748459815979 0.303849101066589 0.265778541564941 0.217214524745941 0.163657903671265 0.161121174693108 0.13537235558033 0.132176235318184 0.124174080789089 0.116397641599178 0.113743625581264 0.106140986084938 0.0950096324086189 0.0852337256073952 0.111229792237282 0.125302404165268 0.128487035632133 0.153527423739433 0.162222281098366 0.156989201903343 0.14658610522747 0.14103390276432 0.114980168640614 0.0978571251034737 0.090916246175766 0.0817761123180389
0.321720093488693 0.302226305007935 0.321881502866745 0.315870821475983 0.274164468050003 0.274782240390778 0.336219489574432 0.315077543258667 0.405272305011749 0.46380153298378 0.45005390048027 0.432338953018188 0.424865037202835 0.420997828245163 0.420704513788223 0.406864434480667 0.420157790184021 0.423917561769485 0.42495784163475 0.418074160814285 0.419301092624664 0.397656977176666 0.372939944267273 0.360116541385651 0.314691692590714 0.27803298830986 0.245527043938637 0.226472020149231 0.219267949461937 0.206478729844093 0.17828243970871 0.185419768095016 0.183195009827614 0.181760147213936 0.135839626193047 0.097987562417984 0.0922907963395119 0.0917381942272186 0.104972004890442 0.109203442931175 0.109348371624947 0.117973729968071 0.124316401779652 0.119700543582439 0.107259593904018 0.092536099255085 0.0781494975090027 0.0713957920670509 0.0661464184522629
0.320259660482407 0.33591240644455 0.288034111261368 0.266877561807632 0.261588126420975 0.271681725978851 0.255409926176071 0.323471128940582 0.361590921878815 0.435871154069901 0.477683156728745 0.519101083278656 0.501590132713318 0.539278149604797 0.475696593523026 0.431392163038254 0.450886726379395 0.466302663087845 0.468674451112747 0.459639400243759 0.432710915803909 0.408911198377609 0.384252369403839 0.357059568166733 0.343098163604736 0.315935343503952 0.268588334321976 0.241975426673889 0.233594298362732 0.245536625385284 0.204401597380638 0.18236269056797 0.1986975222826 0.178603500127792 0.125904232263565 0.0925822928547859 0.08298709243536 0.0843575447797775 0.0913653448224068 0.0989588797092438 0.0978891998529434 0.100481659173965 0.0992660149931908 0.0945544317364693 0.0869986936450005 0.078947126865387 0.0662629008293152 0.0636987239122391 0.0635410323739052
0.367821276187897 0.343835711479187 0.274363398551941 0.257223218679428 0.248426228761673 0.251128911972046 0.335642844438553 0.309030562639236 0.332029461860657 0.370987325906754 0.410765260457993 0.425153344869614 0.443366557359695 0.466663748025894 0.447607755661011 0.437933921813965 0.472874253988266 0.487251192331314 0.498405277729034 0.480958610773087 0.454188019037247 0.422477006912231 0.413035362958908 0.371547162532806 0.343034416437149 0.339747488498688 0.285659998655319 0.264072358608246 0.254115134477615 0.298093557357788 0.268521726131439 0.182475551962852 0.172137290239334 0.153730228543282 0.102447643876076 0.0796002373099327 0.0763246864080429 0.0821162611246109 0.0898447036743164 0.0924578830599785 0.0922738462686539 0.0939814299345016 0.0848710536956787 0.0811784639954567 0.0738644078373909 0.066437803208828 0.0629469230771065 0.0645917877554893 0.0598410107195377
0.3177310526371 0.37628111243248 0.271680027246475 0.251516729593277 0.247124820947647 0.250766336917877 0.324011713266373 0.358254909515381 0.276889979839325 0.263961881399155 0.330651849508286 0.371953696012497 0.392617344856262 0.440150201320648 0.468309462070465 0.477081716060638 0.485259860754013 0.495823293924332 0.522259950637817 0.524827361106873 0.495936691761017 0.47041329741478 0.429993242025375 0.383096694946289 0.355175644159317 0.326838493347168 0.299942493438721 0.269171833992004 0.290327608585358 0.263063490390778 0.263302326202393 0.266244113445282 0.178919449448586 0.123060651123524 0.0826490223407745 0.0750676020979881 0.0764985904097557 0.0784341245889664 0.0843124538660049 0.0863016098737717 0.0814953744411469 0.0885563045740128 0.0947879701852798 0.0736550763249397 0.0692685171961784 0.0652730017900467 0.0624811239540577 0.0602864548563957 0.056323554366827
0.282249122858047 0.267294675111771 0.254065096378326 0.29896143078804 0.385757297277451 0.350013762712479 0.289612144231796 0.224266692996025 0.217118799686432 0.259339451789856 0.385404855012894 0.347465127706528 0.404257118701935 0.511098206043243 0.525240898132324 0.473720639944077 0.522564053535461 0.522605717182159 0.536244511604309 0.522423148155212 0.522532105445862 0.47626605629921 0.459698617458344 0.428493738174438 0.382821321487427 0.34555384516716 0.311768621206284 0.313368558883667 0.346177488565445 0.349204123020172 0.29181033372879 0.264120936393738 0.252481818199158 0.14328296482563 0.0866867825388908 0.0795759856700897 0.0806460529565811 0.0832000225782394 0.0861304178833961 0.0893243104219437 0.0856592208147049 0.0856053158640862 0.0749935060739517 0.0673513263463974 0.0653268694877625 0.0656523779034615 0.0625410974025726 0.0596154779195786 0.058432724326849
