data/climate_estimation/maxent_output/Gagea_setifolia.asc
NCOLS 228 
NROWS 109 
XLLCORNER 56.8333333333333 
YLLCORNER 29.3333333333333 
CELLSIZE 0.0833333333333333 
NODATA_value -3.4e+38 
[rows 57 to 75 of 109, columns 132 to 175 of 228]
0.999624848365784 0.999883651733398 0.998085975646973 0.997614443302155 0.996016621589661 0.977270126342773 0.893714785575867 0.905671894550323 0.924782395362854 0.991577684879303 0.996740281581879 0.99268764257431 0.978820383548737 0.996210813522339 0.938603639602661 0.865231096744537 0.761525690555573 0.792145013809204 0.85937237739563 0.949204206466675 0.983805656433105 0.779686987400055 0.386434286832809 0.203899428248405 0.0607721172273159 0.0241331290453672 0.0170124806463718 0.0141496639698744 0.0114567028358579 0.0101715037599206 0.013963770121336 0.0194759014993906 0.0217565409839153 0.0261199418455362 0.0176849719136953 0.0147681254893541 0.0131654655560851 0.0118411323055625 0.00951078161597252 0.00610610470175743 0.00370514905080199 0.00358887203037739 0.00306489760987461 0.0027717612683773
0.999786496162415 0.997750282287598 0.997455894947052 0.994107663631439 0.975633203983307 0.908270537853241 0.837954521179199 0.81083619594574 0.877754926681519 0.856362521648407 0.866930842399597 0.923299908638 0.902203261852264 0.782976925373077 0.680208802223206 0.624743044376373 0.747292995452881 0.850444376468658 0.938747525215149 0.984275639057159 0.952497482299805 0.630590617656708 0.168449267745018 0.0901055708527565 0.0168755669146776 0.0152464816346765 0.01396962441504 0.0156287737190723 0.0131109496578574 0.0102365566417575 0.00994721334427595 0.0131930792704225 0.0132447434589267 0.0147589668631554 0.0131772616878152 0.0133374612778425 0.0139025254175067 0.0113050900399685 0.00790320802479982 0.00650288537144661 0.005608094856143 0.00352753396145999 0.00202746293507516 0.00184868706855923
0.999981760978699 0.999807715415955 0.999271333217621 0.986488878726959 0.919712424278259 0.88488632440567 0.801579177379608 0.77621603012085 0.766342580318451 0.733551979064941 0.816304624080658 0.874414265155792 0.663909494876862 0.601392507553101 0.606530666351318 0.612296581268311 0.836260318756104 0.989938735961914 0.882231712341309 0.594643831253052 0.67985337972641 0.412611812353134 0.190848141908646 0.0615954026579857 0.0206579193472862 0.0151862567290664 0.0123813692480326 0.0113227684050798 0.0122847836464643 0.0136345131322742 0.0103078046813607 0.00951175484806299 0.0121311452239752 0.0125943487510085 0.011161744594574 0.0111875543370843 0.0115860356017947 0.0111807929351926 0.00968626514077187 0.00777683174237609 0.00422283913940191 0.00329789659008384 0.00235119252465665 0.00203577987849712
0.99999475479126 0.996508300304413 0.977462828159332 0.959233582019806 0.891734421253204 0.775335669517517 0.739255130290985 0.76226407289505 0.719668686389923 0.756732940673828 0.832152783870697 0.871721923351288 0.610434889793396 0.576017081737518 0.618482232093811 0.657438635826111 0.904003858566284 0.949080765247345 0.412164598703384 0.269461244344711 0.341979622840881 0.194151878356934 0.0723555311560631 0.0238639079034328 0.0187607277184725 0.0155905531719327 0.0128868604078889 0.011620432138443 0.0111626582220197 0.0137265343219042 0.0133232222869992 0.00963106751441956 0.00865083374083042 0.00966647919267416 0.012161229737103 0.0128834210336208 0.0145826255902648 0.0129869962111115 0.0100643169134855 0.00745008420199156 0.00508091924712062 0.00337872188538313 0.00288737146183848 0.00280410447157919
0.99174040555954 0.92957466840744 0.856991589069366 0.839604198932648 0.763719022274017 0.746811985969543 0.680026948451996 0.708233058452606 0.687978565692902 0.784275531768799 0.578636407852173 0.557274043560028 0.585065901279449 0.61482036113739 0.645416259765625 0.816665232181549 0.975075721740723 0.939033210277557 0.617602705955505 0.468600511550903 0.156221613287926 0.0968731641769409 0.0525731928646564 0.0357786826789379 0.0169616919010878 0.0159297324717045 0.0144652752205729 0.0123141799122095 0.0113360844552517 0.0134026883170009 0.013316378928721 0.00979066826403141 0.00782469287514687 0.00971280410885811 0.0119034741073847 0.0134608941152692 0.0121394852176309 0.00900183990597725 0.00705967005342245 0.00616404693573713 0.00515760015696287 0.00427333731204271 0.0040283314883709 0.00332240760326385
0.923000454902649 0.828890562057495 0.763674437999725 0.738233268260956 0.718819618225098 0.692712008953094 0.718466877937317 0.724119126796722 0.778577625751495 0.842783093452454 0.637577831745148 0.557861030101776 0.609809339046478 0.654857814311981 0.79804527759552 0.963220119476318 0.974191904067993 0.860065400600433 0.488453447818756 0.287353068590164 0.208358332514763 0.242608815431595 0.0649886950850487 0.0448371544480324 0.0222467184066772 0.0206022318452597 0.0249348618090153 0.0185666996985674 0.0128632858395576 0.0101091796532273 0.00859930086880922 0.00676505453884602 0.00604263972491026 0.00915010925382376 0.0117481900379062 0.00900651142001152 0.00702765304595232 0.00691986968740821 0.0063247624784708 0.00626645144075155 0.00631920900195837 0.006831512786448 0.00615935353562236 0.00541280303150415
0.848959565162659 0.788942277431488 0.732054173946381 0.687226474285126 0.698606431484222 0.697937428951263 0.71940553188324 0.868112921714783 0.921992540359497 0.769006371498108 0.639723122119904 0.592984735965729 0.656620621681213 0.745876610279083 0.851045846939087 0.945558607578278 0.910356640815735 0.561426222324371 0.549424409866333 0.39008629322052 0.326087534427643 0.282336950302124 0.204600602388382 0.145013615489006 0.0528696700930595 0.0214149504899979 0.0166129413992167 0.0165943764150143 0.0134647963568568 0.0168821439146996 0.00702267233282328 0.00724188843742013 0.00535033782944083 0.00603034626692533 0.00708890100941062 0.0049556465819478 0.00451607862487435 0.00492235366255045 0.00517944805324078 0.00657102046534419 0.00811821036040783 0.0109010254964232 0.011356670409441 0.0101658375933766
0.788984060287476 0.75262850522995 0.715691149234772 0.671763241291046 0.707459986209869 0.755023300647736 0.854746639728546 0.867716550827026 0.8514683842659 0.642897665500641 0.617359042167664 0.6539506316185 0.700346946716309 0.72303032875061 0.793571710586548 0.794528722763062 0.500978529453278 0.668164074420929 0.572896122932434 0.369148790836334 0.322126805782318 0.167696326971054 0.104989387094975 0.0590416043996811 0.0409516580402851 0.0292609389871359 0.0204090569168329 0.0208240244537592 0.0155230266973376 0.0116939870640635 0.00966123677790165 0.00484720850363374 0.0040315524674952 0.00404210761189461 0.00335805607028306 0.00350919575430453 0.00345416460186243 0.00386435794644058 0.00491698458790779 0.00699119549244642 0.0113873993977904 0.0116452146321535 0.00775664392858744 0.00735511304810643
0.6956906914711 0.701750934123993 0.681958377361298 0.715563714504242 0.786393702030182 0.77807492017746 0.838615417480469 0.842107594013214 0.646904528141022 0.544214487075806 0.601807534694672 0.718589901924133 0.739293396472931 0.819280028343201 0.763825535774231 0.473642230033875 0.380513399839401 0.46962109208107 0.283649682998657 0.207980468869209 0.174937322735786 0.109164752066135 0.0559027045965195 0.035632349550724 0.0273925252258778 0.0255815666168928 0.0210118722170591 0.0185633935034275 0.0146399503573775 0.0115909883752465 0.0111687062308192 0.00433607725426555 0.00351514318026602 0.00369851873256266 0.00322215096093714 0.00314974039793015 0.00365381245501339 0.00396508490666747 0.00522349216043949 0.00794667284935713 0.00544931599870324 0.0036856506485492 0.00323387770913541 0.0031385465990752
0.630950450897217 0.7306769490242 0.683354437351227 0.678884267807007 0.749191582202911 0.803430438041687 0.82959520816803 0.626530408859253 0.529799163341522 0.596110582351685 0.664381146430969 0.846566081047058 0.840566039085388 0.762851357460022 0.561296463012695 0.435781478881836 0.393548548221588 0.281032860279083 0.220541328191757 0.161341473460197 0.111340209841728 0.0718450471758842 0.0607457496225834 0.0583982951939106 0.0674685835838318 0.0516511872410774 0.0275384560227394 0.0216338075697422 0.0170878302305937 0.0141959562897682 0.00568628823384643 0.00402588723227382 0.00341721344739199 0.00342257996089756 0.0030161167960614 0.00334975938312709 0.00324309361167252 0.0040605990216136 0.00481516215950251 0.00962576270103455 0.00347793195396662 0.00317352986894548 0.00292742275632918 0.00306066521443427
0.620956242084503 0.652308762073517 0.681412875652313 0.646312236785889 0.698755383491516 0.75132167339325 0.577394664287567 0.53262859582901 0.506291627883911 0.57992696762085 0.771778225898743 0.87100750207901 0.751130044460297 0.746135950088501 0.515834391117096 0.435713827610016 0.298578172922134 0.231562808156013 0.289649486541748 0.267549753189087 0.213083863258362 0.218493580818176 0.226079374551773 0.238929867744446 0.0950541570782661 0.0511391684412956 0.0353551432490349 0.0251216739416122 0.0184888448566198 0.0133986193686724 0.00551414303481579 0.00413462240248919 0.00314621021971107 0.0031587746925652 0.00333348265849054 0.00325821037404239 0.00303305475972593 0.00386990164406598 0.00459361635148525 0.00609576795250177 0.00330744194798172 0.00328968255780637 0.00297733815386891 0.00346178561449051
0.600123822689056 0.635733783245087 0.671787023544312 0.626967430114746 0.654182255268097 0.65776389837265 0.546155154705048 0.536196172237396 0.570077002048492 0.614675462245941 0.800350487232208 0.690274119377136 0.561942398548126 0.433161318302155 0.427775770425797 0.369377762079239 0.315746784210205 0.256699472665787 0.365543037652969 0.449149698019028 0.293208718299866 0.277158826589584 0.323592573404312 0.201426461338997 0.112207032740116 0.0713527426123619 0.0481052920222282 0.0330251902341843 0.0270832274109125 0.0243057105690241 0.0160125587135553 0.00429567694664001 0.00345004023984075 0.00343031343072653 0.00325326761230826 0.00323753035627306 0.00319910747930408 0.00348012358881533 0.00427170051261783 0.00515822134912014 0.00333825498819351 0.00335484789684415 0.00356987048871815 0.00339950807392597
0.596937000751495 0.602799415588379 0.608884990215302 0.61380672454834 0.629485487937927 0.700335383415222 0.509047746658325 0.545212507247925 0.557166039943695 0.67035573720932 0.633499681949615 0.602184772491455 0.261043041944504 0.302149295806885 0.398288160562515 0.359263151884079 0.295464366674423 0.283797234296799 0.438827037811279 0.458914816379547 0.338621705770493 0.377529233694077 0.279671996831894 0.132162272930145 0.0764348581433296 0.0680992305278778 0.0517959147691727 0.0398297570645809 0.0279414709657431 0.023369375616312 0.0102453604340553 0.00533765740692616 0.00392324943095446 0.00359186390414834 0.00315045076422393 0.00334046594798565 0.0035827832762152 0.00339800375513732 0.00328019610606134 0.00372873758897185 0.00329136080108583 0.003567383158952 0.00329214753583074 0.00356036308221519
0.58530730009079 0.581490159034729 0.595752418041229 0.600561916828156 0.623892307281494 0.561220765113831 0.522410035133362 0.536665797233582 0.581895112991333 0.610526859760284 0.290550082921982 0.303448170423508 0.201294183731079 0.246871754527092 0.309375405311584 0.315142244100571 0.272538632154465 0.308094888925552 0.460544317960739 0.364225506782532 0.363153874874115 0.258652210235596 0.222658053040504 0.0989761427044868 0.0730671137571335 0.0434230640530586 0.0304813329130411 0.0266913492232561 0.0273361653089523 0.0190409757196903 0.00778302410617471 0.00529943127185106 0.00427920185029507 0.00379561958834529 0.00396989192813635 0.00387702486477792 0.0039522172883153 0.00457752263173461 0.00413100188598037 0.00518697546795011 0.00445182295516133 0.00459510739892721 0.00366789172403514 0.00373057904653251
0.575794637203217 0.578206300735474 0.597773611545563 0.599005877971649 0.693377494812012 0.547221064567566 0.582974314689636 0.531581163406372 0.594208061695099 0.494199395179749 0.255342483520508 0.27971687912941 0.202969074249268 0.200557306408882 0.265161693096161 0.272455096244812 0.26160055398941 0.37178760766983 0.449113309383392 0.241166859865189 0.268184959888458 0.123350523412228 0.135629221796989 0.107626035809517 0.0567109882831573 0.0301651731133461 0.0240757390856743 0.0165348164737225 0.0152274742722511 0.0139196217060089 0.00438893958926201 0.00351823191158473 0.00386417028494179 0.00446716928854585 0.00441853934898973 0.00434924475848675 0.00492991646751761 0.00521989213302732 0.00599322747439146 0.00761155970394611 0.00548597984015942 0.00556854158639908 0.00364670110866427 0.00367480446584523
0.572439908981323 0.591876268386841 0.589663863182068 0.685987830162048 0.599709212779999 0.598400771617889 0.581582069396973 0.611130058765411 0.602296411991119 0.349014133214951 0.312272757291794 0.376926064491272 0.184341534972191 0.141712978482246 0.172401949763298 0.204268425703049 0.227613896131516 0.31973272562027 0.283492237329483 0.099477618932724 0.0887287631630898 0.0832341685891151 0.0701992064714432 0.0471802279353142 0.0317331403493881 0.0247255209833384 0.0189102794975042 0.011954459361732 0.0118201291188598 0.00613721320405602 0.00411398895084858 0.00377706647850573 0.00366763095371425 0.00407887576147914 0.00446189008653164 0.00534043740481138 0.00669595878571272 0.00705985212698579 0.00752071989700198 0.00652760034427047 0.00598897458985448 0.0036810296587646 0.00341210979968309 0.00387276406399906
0.594368755817413 0.618488371372223 0.735449552536011 0.614660680294037 0.670248091220856 0.648064434528351 0.635122895240784 0.654900431632996 0.704544246196747 0.462964355945587 0.373205721378326 0.386542648077011 0.208072438836098 0.133583500981331 0.0998115912079811 0.129688665270805 0.156256824731827 0.164769887924194 0.0866302400827408 0.0515019372105598 0.0420500673353672 0.0362558998167515 0.0491440631449223 0.0563060827553272 0.0202862434089184 0.018898406997323 0.0179687011986971 0.0135033335536718 0.00509875593706965 0.00456007663160563 0.00373136950656772 0.00361738353967667 0.00379315530881286 0.00355564220808446 0.00381763186305761 0.00796693284064531 0.00564271816983819 0.00524059357121587 0.00630151201039553 0.00759635120630264 0.00348630012013018 0.00366400578059256 0.00358265871182084 0.00369410868734121
0.688473880290985 0.791709303855896 0.680865943431854 0.640273332595825 0.647655725479126 0.600789725780487 0.553930342197418 0.43871334195137 0.424187630414963 0.38612163066864 0.326132774353027 0.338393837213516 0.289519637823105 0.230411797761917 0.0875854939222336 0.0918974801898003 0.0860800221562386 0.095302015542984 0.112235151231289 0.0609270483255386 0.035199012607336 0.0255458783358335 0.0190186277031898 0.0254432074725628 0.0293721966445446 0.0211313255131245 0.0119834849610925 0.0077355639077723 0.00379416020587087 0.00346349971368909 0.00360261579044163 0.00402947701513767 0.0034201224334538 0.00356146390549839 0.00342726544477046 0.00362396473065019 0.00397013779729605 0.00628807209432125 0.00505813444033265 0.0040809023194015 0.00313537684269249 0.00361706758849323 0.00347228534519672 0.00356195867061615
0.648351609706879 0.666844010353088 0.690230369567871 0.664901316165924 0.625324845314026 0.578366994857788 0.395381152629852 0.406017363071442 0.349458038806915 0.298184603452682 0.284442633390427 0.260780036449432 0.269483476877213 0.337812691926956 0.0888722538948059 0.0551794581115246 0.0539250560104847 0.054409846663475 0.0488602966070175 0.0392225719988346 0.031457208096981 0.0163891855627298 0.0151575105264783 0.0148743027821183 0.0162413194775581 0.0114263324066997 0.00777888717129827 0.00573171675205231 0.00353307765908539 0.00348618463613093 0.00305578717961907 0.00344929099082947 0.00348943448625505 0.0032775797881186 0.00336110894568264 0.00348377507179976 0.00321777141653001 0.00300313206389546 0.00294383382424712 0.00320146302692592 0.00341888261027634 0.00375950057059526 0.00399187998846173 0.00346967554651201
