data/climate_estimation/maxent_output/Gagea_confusa.asc
NCOLS 129 
NROWS 87 
XLLCORNER 43.6666666666667 
YLLCORNER 32.5833333333333 
CELLSIZE 0.0833333333333333 
NODATA_value -3.4e+38 
[rows 20 to 39 of 87, columns 44 to 87 of 129]
0.983661890029907 0.981655597686768 0.981083452701569 0.976589381694794 0.977250516414642 0.974761962890625 0.964068591594696 0.908963799476624 0.752822041511536 0.607951283454895 0.6416956782341 0.586315274238586 0.476147592067719 0.456084251403809 0.630653560161591 0.83406400680542 0.471320569515228 0.320460915565491 0.324080228805542 0.317249029874802 0.299537628889084 0.310086131095886 0.297088176012039 0.303893566131592 0.298574000597 0.300252944231033 0.298738926649094 0.304956018924713 0.310808837413788 0.311276376247406 0.309312641620636 0.314828664064407 -3.4e+38 -3.4e+38 -3.4e+38 -3.4e+38 -3.4e+38 -3.4e+38 -3.4e+38 -3.4e+38 -3.4e+38 -3.4e+38 -3.4e+38 -3.4e+38
0.947909772396088 0.954155564308167 0.945611655712128 0.966597974300385 0.973858654499054 0.968049228191376 0.961755216121674 0.769153833389282 0.689415156841278 0.684333741664886 0.664226591587067 0.54857611656189 0.617824971675873 0.64017528295517 0.919603824615479 0.955945432186127 0.596908509731293 0.371475368738174 0.296258270740509 0.298183172941208 0.292230755090714 0.281901806592941 0.280588150024414 0.275030314922333 0.272437274456024 0.270249515771866 0.274342685937881 0.27807891368866 0.27139350771904 0.281103312969208 0.277853697538376 0.286979675292969 -3.4e+38 -3.4e+38 -3.4e+38 -3.4e+38 -3.4e+38 -3.4e+38 -3.4e+38 -3.4e+38 -3.4e+38 -3.4e+38 -3.4e+38 -3.4e+38
0.908082842826843 0.889214813709259 0.870187222957611 0.879925072193146 0.90554541349411 0.943055748939514 0.943970799446106 0.882302463054657 0.794866859912872 0.828658282756805 0.621446967124939 0.657889306545258 0.806669592857361 0.789291083812714 0.961017429828644 0.965238869190216 0.529660880565643 0.351600110530853 0.281777828931808 0.284679770469666 0.270092964172363 0.264910578727722 0.255979120731354 0.250324577093124 0.251830160617828 0.252693116664886 0.254473775625229 0.256158709526062 0.245281547307968 0.248445063829422 0.254038095474243 0.252779453992844 0.272381901741028 0.268359631299973 0.274641066789627 0.280598729848862 0.292426615953445 0.289163142442703 0.303294956684113 0.309331744909286 0.311781793832779 0.329162776470184 0.323066622018814 0.337704002857208
0.881408452987671 0.861556768417358 0.857779085636139 0.854429364204407 0.886026084423065 0.967903077602386 0.983170628547668 0.963898956775665 0.949626743793488 0.895336270332336 0.809673726558685 0.850751936435699 0.677470207214355 0.917341768741608 0.963380753993988 0.666288077831268 0.449827134609222 0.377142399549484 0.260770946741104 0.263413280248642 0.245596140623093 0.251369446516037 0.236579924821854 0.229363277554512 0.223344326019287 0.228136777877808 0.229112342000008 0.22443750500679 0.225160703063011 0.221536129713058 0.2305668592453 0.236878648400307 0.232711404561996 0.241205647587776 0.249463737010956 0.252066105604172 0.261912912130356 0.270491093397141 0.277282208204269 0.293664455413818 0.296724081039429 0.300043344497681 0.307644605636597 0.331612110137939
0.981810569763184 0.988464117050171 0.970138430595398 0.985302329063416 0.990563690662384 0.990438342094421 0.983283758163452 0.855740368366241 0.905735194683075 0.953061878681183 0.883846402168274 0.590453386306763 0.787298262119293 0.944958984851837 0.938020288944244 0.942218661308289 0.416086226701736 0.294998496770859 0.239611968398094 0.239535927772522 0.233158186078072 0.223808392882347 0.215385138988495 0.214614614844322 0.21116603910923 0.207397326827049 0.203868463635445 0.20217153429985 0.206410348415375 0.209071695804596 0.21615095436573 0.204679682850838 0.214247971773148 0.223424255847931 0.231454029679298 0.242033377289772 0.244567528367043 0.243790283799171 0.252093911170959 0.264260172843933 0.271400302648544 0.285005748271942 0.286531388759613 0.292444974184036
0.991076588630676 0.994509339332581 0.99373072385788 0.99219810962677 0.979228377342224 0.917208194732666 0.696392774581909 0.948929846286774 0.973138332366943 0.917923092842102 0.620664298534393 0.506670951843262 0.727217793464661 0.749228239059448 0.917789995670319 0.964995741844177 0.473609149456024 0.336267024278641 0.249618694186211 0.221700102090836 0.219127669930458 0.217276737093925 0.20085035264492 0.199622243642807 0.187688797712326 0.191250815987587 0.189340159296989 0.187129184603691 0.193905010819435 0.17994150519371 0.189974263310432 0.191012516617775 0.195480644702911 0.20916685461998 0.20529904961586 0.208142012357712 0.227860540151596 0.237475275993347 0.235787197947502 0.247335284948349 0.253690600395203 0.258771449327469 0.271870791912079 0.280362725257874
0.914505004882812 0.911360561847687 0.893345892429352 0.866485118865967 0.838697075843811 0.754422783851624 0.65811151266098 0.880917191505432 0.920825302600861 0.802408516407013 0.493409514427185 0.489657133817673 0.714624106884003 0.857418656349182 0.847904682159424 0.916570365428925 0.582451939582825 0.410444051027298 0.32388499379158 0.230661988258362 0.202424228191376 0.200823396444321 0.192094251513481 0.183570489287376 0.178122490644455 0.173400118947029 0.17495496571064 0.171413287520409 0.162569254636765 0.16986982524395 0.173629269003868 0.17470820248127 0.17713488638401 0.180772975087166 0.186081200838089 0.193324685096741 0.204181373119354 0.213176757097244 0.215303376317024 0.223496347665787 0.234071776270866 0.240542456507683 0.248520597815514 0.260617166757584
0.885298728942871 0.848334491252899 0.783280611038208 0.716565191745758 0.702046155929565 0.637879371643066 0.590332627296448 0.591841697692871 0.663906037807465 0.78470903635025 0.604768037796021 0.614357233047485 0.790843784809113 0.926282823085785 0.933144629001617 0.95063716173172 0.923130691051483 0.437066793441772 0.319021314382553 0.31133246421814 0.20853354036808 0.189318642020226 0.185453236103058 0.174474313855171 0.167454570531845 0.166211768984795 0.158819407224655 0.151682168245316 0.148135468363762 0.158854618668556 0.158614039421082 0.162955418229103 0.163464263081551 0.169042408466339 0.181538462638855 0.188342228531837 0.192144140601158 0.195783942937851 0.200106903910637 0.21417148411274 0.218168288469315 0.231854245066643 0.23647341132164 0.242624223232269
0.942353308200836 0.888161778450012 0.791980564594269 0.690069258213043 0.628073513507843 0.568409085273743 0.525557696819305 0.64507257938385 0.801780521869659 0.696282148361206 0.519425511360168 0.493205994367599 0.705818951129913 0.905883252620697 0.989601135253906 0.978402733802795 0.962609350681305 0.741194486618042 0.431009948253632 0.30876612663269 0.220954358577728 0.178269147872925 0.171460524201393 0.160346031188965 0.157306000590324 0.154723852872849 0.148523956537247 0.139551416039467 0.136082798242569 0.143157318234444 0.144964829087257 0.151257768273354 0.157054990530014 0.157892972230911 0.166381165385246 0.174527898430824 0.175807744264603 0.179945841431618 0.192878305912018 0.190530449151993 0.20411516726017 0.204724475741386 0.217809543013573 0.225866600871086
0.894921481609344 0.834850192070007 0.783664464950562 0.707456886768341 0.629335284233093 0.657398462295532 0.799133956432343 0.848658561706543 0.909336388111115 0.830446124076843 0.558360576629639 0.708974778652191 0.554265260696411 0.759679019451141 0.992488145828247 0.982166349887848 0.874452292919159 0.927310109138489 0.614902853965759 0.316396355628967 0.220942050218582 0.16769652068615 0.158455058932304 0.154098391532898 0.144389882683754 0.134835109114647 0.131837159395218 0.12756335735321 0.127291783690453 0.130162477493286 0.13113260269165 0.142626747488976 0.14573460817337 0.151552006602287 0.150178730487823 0.155732825398445 0.161014452576637 0.167751252651215 0.179456830024719 0.183596417307854 0.192832246422768 0.191900745034218 0.204689517617226 0.209031820297241
0.920647084712982 0.869275987148285 0.802804529666901 0.781636953353882 0.778559029102325 0.660649001598358 0.704091608524323 0.811901688575745 0.848367631435394 0.875936567783356 0.745042622089386 0.504561007022858 0.476476937532425 0.52197653055191 0.666714787483215 0.884518444538116 0.669388473033905 0.739605784416199 0.881822049617767 0.432730704545975 0.281403958797455 0.176642999053001 0.148567274212837 0.139767959713936 0.13343633711338 0.123999796807766 0.117456786334515 0.118524938821793 0.120150819420815 0.122610375285149 0.128369241952896 0.130245521664619 0.135978773236275 0.135152608156204 0.139798387885094 0.147815838456154 0.154760241508484 0.165920674800873 0.171772703528404 0.172971978783607 0.179237216711044 0.180218428373337 0.187508270144463 0.198284760117531
0.893461346626282 0.861695289611816 0.848579466342926 0.860162854194641 0.721057176589966 0.634879946708679 0.661651074886322 0.72197437286377 0.805219888687134 0.884399354457855 0.913281500339508 0.711157917976379 0.554190158843994 0.424858510494232 0.522156894207001 0.598338603973389 0.752784311771393 0.936231851577759 0.978391885757446 0.806496262550354 0.481911838054657 0.184448212385178 0.142820909619331 0.130768999457359 0.125336661934853 0.113273099064827 0.107544660568237 0.111031256616116 0.113427259027958 0.11890634894371 0.124036654829979 0.125864773988724 0.136281177401543 0.134756177663803 0.136449664831161 0.13899102807045 0.144447207450867 0.15101569890976 0.156102567911148 0.161844298243523 0.170435115695 0.172333374619484 0.174507275223732 0.185627624392509
0.854955077171326 0.840163707733154 0.779747366905212 0.734916865825653 0.686755239963531 0.619255661964417 0.640116155147552 0.675354242324829 0.739865183830261 0.867488741874695 0.913435399532318 0.948448419570923 0.834221422672272 0.488944441080093 0.392394453287125 0.413731098175049 0.419617086648941 0.717517614364624 0.854534983634949 0.945709466934204 0.426387280225754 0.300731003284454 0.160466477274895 0.129066184163094 0.118124134838581 0.110085159540176 0.111929535865784 0.110740028321743 0.110179223120213 0.114324823021889 0.124759294092655 0.150995507836342 0.149728864431381 0.143819943070412 0.131274968385696 0.137354597449303 0.140625506639481 0.142146900296211 0.151450052857399 0.148039892315865 0.15565088391304 0.160666137933731 0.170834943652153 0.173084869980812
0.882339775562286 0.837103068828583 0.791379630565643 0.764258801937103 0.69337522983551 0.693591475486755 0.741984963417053 0.688020050525665 0.699655771255493 0.780189216136932 0.899487733840942 0.944258868694305 0.9737948179245 0.974809408187866 0.919125616550446 0.548976898193359 0.281982332468033 0.260044366121292 0.53815895318985 0.923838257789612 0.920662581920624 0.825999855995178 0.436103522777557 0.204068660736084 0.130398571491241 0.127903297543526 0.128669217228889 0.108954705297947 0.118601061403751 0.132457584142685 0.166333824396133 0.253809034824371 0.172044083476067 0.196769922971725 0.161577865481377 0.151428759098053 0.141904637217522 0.138605073094368 0.145862743258476 0.150036156177521 0.150098085403442 0.157116338610649 0.15951319038868 0.162854015827179
0.93048506975174 0.858972728252411 0.828303873538971 0.770999789237976 0.707600116729736 0.745642364025116 0.809498071670532 0.807785451412201 0.759575664997101 0.728905916213989 0.839163541793823 0.911913394927979 0.958132922649384 0.997193038463593 0.998638272285461 0.966949224472046 0.432018578052521 0.253024965524673 0.22711056470871 0.355531215667725 0.596285402774811 0.97070986032486 0.680704176425934 0.579840779304504 0.340678542852402 0.214035555720329 0.114470958709717 0.127809673547745 0.15323032438755 0.231195464730263 0.412306666374207 0.685167670249939 0.696490526199341 0.718946218490601 0.384020000696182 0.209475830197334 0.360905826091766 0.337137043476105 0.191757038235664 0.159025624394417 0.144633129239082 0.143171668052673 0.144132778048515 0.145952135324478
0.951063871383667 0.920511662960052 0.84747713804245 0.849409341812134 0.936129987239838 0.849280774593353 0.833436667919159 0.865601420402527 0.873882532119751 0.805354952812195 0.808663904666901 0.883871495723724 0.936356484889984 0.991109311580658 0.99573141336441 0.996172785758972 0.900093793869019 0.465969085693359 0.235461696982384 0.20862589776516 0.248762458562851 0.47285196185112 0.801878273487091 0.818113505840302 0.392482399940491 0.128329187631607 0.118572100996971 0.266570955514908 0.812714576721191 0.794699251651764 0.779028296470642 0.762153685092926 0.807477235794067 0.778116464614868 0.416089117527008 0.976093530654907 0.998757839202881 0.981299757957458 0.598000288009644 0.249647989869118 0.141201227903366 0.135920718312263 0.139585480093956 0.144506305456161
0.998654127120972 0.993320882320404 0.964691698551178 0.852908372879028 0.923138737678528 0.971050620079041 0.97587263584137 0.962273597717285 0.946801841259003 0.895880103111267 0.848458766937256 0.871664702892303 0.907961308956146 0.963400661945343 0.978062689304352 0.989296317100525 0.987835049629211 0.96479719877243 0.627253770828247 0.286016285419464 0.192375883460045 0.177446410059929 0.205173209309578 0.317516386508942 0.208324834704399 0.264155894517899 0.492849498987198 0.338353514671326 0.479439675807953 0.786587774753571 0.960860252380371 0.965145707130432 0.87432473897934 0.902266323566437 0.921818017959595 0.913762211799622 0.999867498874664 0.999595940113068 0.970562756061554 0.63423627614975 0.238609284162521 0.149831280112267 0.134132415056229 0.137535870075226
0.999576091766357 0.998097836971283 0.990926563739777 0.961928427219391 0.81318736076355 0.927600085735321 0.985907256603241 0.997356116771698 0.992996752262115 0.959588885307312 0.91300892829895 0.877945244312286 0.873803913593292 0.907859861850739 0.959362924098969 0.984494984149933 0.992382287979126 0.980814218521118 0.939581215381622 0.837781012058258 0.524955451488495 0.247897684574127 0.21184116601944 0.16778789460659 0.121502205729485 0.190143346786499 0.457765907049179 0.856687784194946 0.9064661860466 0.826350212097168 0.829513967037201 0.972613751888275 0.986542522907257 0.998745024204254 0.999639332294464 0.991863667964935 0.981445252895355 0.999932765960693 0.999518513679504 0.993355393409729 0.816746413707733 0.39894050359726 0.195074155926704 0.195414632558823
0.999423503875732 0.988839149475098 0.959918737411499 0.950946271419525 0.902410805225372 0.800411224365234 0.923912465572357 0.987160742282867 0.992779731750488 0.979892790317535 0.970681667327881 0.953836441040039 0.918036103248596 0.91757071018219 0.910008907318115 0.91853529214859 0.933588564395905 0.976431548595428 0.988174676895142 0.948804438114166 0.89326947927475 0.896851599216461 0.734236240386963 0.419681072235107 0.179428815841675 0.167149409651756 0.176947578787804 0.220395013689995 0.267381519079208 0.29481029510498 0.363107740879059 0.461592614650726 0.643139779567719 0.867705285549164 0.990163922309875 0.997911810874939 0.999665915966034 0.999739468097687 0.9971883893013 0.999953269958496 0.96747362613678 0.838526785373688 0.649561166763306 0.631235837936401
0.999238789081573 0.977076590061188 0.927598595619202 0.894983947277069 0.923364758491516 0.869006514549255 0.856432735919952 0.960103273391724 0.969723761081696 0.95151275396347 0.94556075334549 0.967431485652924 0.976055979728699 0.979289889335632 0.946667909622192 0.925019204616547 0.909280300140381 0.916674315929413 0.959788084030151 0.991090655326843 0.975946962833405 0.991090655326843 0.961952090263367 0.621729612350464 0.36198428273201 0.305640578269958 0.261803805828094 0.486147612333298 0.516578614711761 0.845800161361694 0.906661033630371 0.884406507015228 0.843028366565704 0.675776362419128 0.602213501930237 0.927824854850769 0.99825793504715 0.997608065605164 0.997563242912292 0.999966204166412 0.997609317302704 0.996869564056396 0.99972277879715 0.99683004617691
