data/climate_estimation/maxent_output/Gagea_gageoides.asc
NCOLS 488 
NROWS 157 
XLLCORNER 35.0833333333333 
YLLCORNER 28.5 
CELLSIZE 0.0833333333333333 
NODATA_value -3.4e+38 
[rows 0 to 18 of 157, columns 88 to 131 of 488]
0.000252961210208014 0.000132127883262001 0.000124387632240541 0.000367938744602725 0.00199099257588387 0.000784476054832339 0.000362300896085799 0.00198816182091832 0.00159475859254599 0.0021384374704212 0.00269167614169419 0.00118502310942858 0.00137353304307908 0.0011179146822542 0.000527379801496863 0.000235103376326151 0.00056073977611959 0.000914584437850863 0.00154421851038933 0.00220902753062546 0.00344574311748147 0.00385356112383306 0.00422415882349014 0.0054334495216608 0.00631605461239815 0.00882143713533878 0.011643573641777 0.011651860550046 0.0118450103327632 0.0146978469565511 0.0115468110889196 0.00899437721818686 0.0102344397455454 0.0128300739452243 0.0179236400872469 0.0153409615159035 0.0165636986494064 0.0142611246556044 0.0113315172493458 0.0138108246028423 0.0125287780538201 0.0144375963136554 0.0145236374810338 0.00943824835121632
0.000117722185677849 8.27427211333998e-05 0.000313740223646164 0.000579905870836228 0.000526626768987626 0.000452935113571584 0.000304350425722077 0.000257606734521687 0.000486683187773451 0.00150014716200531 0.00394516112282872 0.00259314104914665 0.0022749591153115 0.00146433105692267 0.000416624068748206 0.000388891785405576 0.00104510493110865 0.000771235791034997 0.00113726360723376 0.00368020427413285 0.00474602449685335 0.00630657421424985 0.00680231070145965 0.00748645234853029 0.00760097941383719 0.00797185767441988 0.00791590102016926 0.00707349367439747 0.0077920132316649 0.00807088799774647 0.00880568102002144 0.00763898761942983 0.00710713816806674 0.00890379678457975 0.0154218347743154 0.0177007727324963 0.0170439854264259 0.0138403000310063 0.0109603675082326 0.0110927075147629 0.0119851185008883 0.0107067916542292 0.0130212781950831 0.0135274296626449
0.000245222996454686 7.9544581240043e-05 0.000124813101137988 0.000160630166647024 0.00030437228269875 0.000350084155797958 0.000168194732395932 0.000129752545035444 0.000554760277736932 0.00182264065369964 0.00263397395610809 0.00269133946858346 0.00303375255316496 0.00235339486971498 0.00111026712693274 0.000869343057274818 0.00112255557905883 0.00058758573140949 0.000596895348280668 0.00322245433926582 0.00604183040559292 0.00598000036552548 0.00836431421339512 0.00845430232584476 0.0103231715038419 0.0104550421237946 0.0120157077908516 0.00977593939751387 0.00761253805831075 0.00608224933966994 0.00657009240239859 0.0067584989592433 0.0061478172428906 0.00679731601849198 0.00870001688599586 0.0111224837601185 0.010065171867609 0.0132521139457822 0.012012492865324 0.00945706013590097 0.00873913522809744 0.0087801618501544 0.0110301105305552 0.0125672174617648
0.00115012214519083 0.000199087837245315 0.0001209100955748 0.000373711663996801 0.000897818303201348 0.00109953456558287 0.000389384425943717 0.000372642622096464 0.00183037330862135 0.00257184426300228 0.00230588275007904 0.00225892197340727 0.00268549402244389 0.00277027837000787 0.00256450334563851 0.00198997557163239 0.000958423246629536 0.000576676917262375 0.000594482116866857 0.00218464946374297 0.00587465381249785 0.00848160125315189 0.0102948052808642 0.00851308554410934 0.00958343036472797 0.0116872508078814 0.0103706205263734 0.0135872960090637 0.00804277881979942 0.00931668374687433 0.0120490081608295 0.0102218436077237 0.00646420009434223 0.00623432826250792 0.00578458141535521 0.00717983953654766 0.00850683823227882 0.00868199486285448 0.0101816104725003 0.0135080963373184 0.00958049576729536 0.00757777644321322 0.00877379812300205 0.00920029077678919
0.000263657158939168 0.00025984353851527 0.000547155563253909 0.000534610007889569 0.00156990997493267 0.00167262135073543 0.00148579326923937 0.00140230392571539 0.00221320358105004 0.00204777577891946 0.00163126876577735 0.000566378585062921 0.000452024687547237 0.00111786124762148 0.00220114807598293 0.00217845593579113 0.00169630569871515 0.000932151335291564 0.000455866305856034 0.00141393824014813 0.00498505542054772 0.00606520753353834 0.00650183949619532 0.00483305146917701 0.00654993671923876 0.00893217418342829 0.00858706049621105 0.0123518230393529 0.014425927773118 0.00999762304127216 0.0167513396590948 0.0136218657717109 0.0114449355751276 0.0100996745750308 0.00699706608429551 0.00668261619284749 0.0101119624450803 0.0120773548260331 0.0142676737159491 0.0114264711737633 0.0129373157396913 0.0107984859496355 0.00831438973546028 0.00761758955195546
0.000294690980808809 0.00105284084565938 0.00167154346127063 0.00112337234895676 0.0010999555233866 0.00127232843078673 0.00115605862811208 0.00123006524518132 0.00145757501013577 0.001506267930381 0.00160153000615537 0.000656193937174976 0.000319944170769304 0.000641306454781443 0.00160139403305948 0.00187932082917541 0.00212520896457136 0.00153430947102606 0.000433712353697047 0.00146098656114191 0.00540050119161606 0.0074025597423315 0.00719215674325824 0.00576148740947247 0.00386045128107071 0.00359441037289798 0.00705901579931378 0.0113369282335043 0.0120685193687677 0.0122155928984284 0.00901224743574858 0.0114965457469225 0.0155030284076929 0.0137156993150711 0.00771266920492053 0.0114151788875461 0.0115456497296691 0.0115220798179507 0.0093739815056324 0.00663401978090405 0.00977800041437149 0.0110875992104411 0.00890825502574444 0.00734979752451181
0.000681423582136631 0.000715916976332664 0.000508850091136992 0.000585560046602041 0.000756162975449115 0.000955282186623663 0.000752026797272265 0.00035573955392465 0.000843985588289797 0.00147187011316419 0.00174999539740384 0.000874245713930577 0.000339673366397619 0.00114718300756067 0.00233952677808702 0.00253185420297086 0.00282449135556817 0.0029106552246958 0.00115783035289496 0.00171557569410652 0.00463776011019945 0.0070569752715528 0.00859204772859812 0.00876324065029621 0.00524941412732005 0.00512915058061481 0.0107099814340472 0.00592006137594581 0.00434987293556333 0.0056060547940433 0.00727035524323583 0.0129103390499949 0.016417620703578 0.0115744955837727 0.00935142114758492 0.0137144047766924 0.00963487755507231 0.00973631627857685 0.0129682784900069 0.0104165524244308 0.00902667734771967 0.00650111120194197 0.00661856075748801 0.00769309559836984
0.000485814874991775 0.000487463985336944 0.000529269862454385 0.000577921513468027 0.000662627804558724 0.0010395193239674 0.000780688715167344 0.00025435010320507 0.00026245359913446 0.001042669871822 0.00157491420395672 0.00119091954547912 0.000905783905182034 0.00125521619338542 0.00192546751350164 0.00211908272467554 0.00258097075857222 0.00277540157549083 0.00325699849054217 0.00180789979640394 0.00171687419060618 0.00194352713879198 0.00396097404882312 0.00459202937781811 0.0084559116512537 0.00892221555113792 0.010618251748383 0.00796832516789436 0.00481878081336617 0.00397937186062336 0.00517129059880972 0.00501662353053689 0.0106532759964466 0.0119821634143591 0.0116781396791339 0.0141585664823651 0.0146932015195489 0.0136011261492968 0.0095138642936945 0.00960842985659838 0.0127850202843547 0.0105149261653423 0.00547823635861278 0.0060155875980854
0.000537791580427438 0.00065169035224244 0.000780397967901081 0.00085424492135644 0.000803294416982681 0.000722363707609475 0.000786986609455198 0.000767384073697031 0.000701978919096291 0.00109165720641613 0.00188256741967052 0.00176113855559379 0.00163470022380352 0.00188558408990502 0.00200974219478667 0.00208250130526721 0.00260855327360332 0.00285026291385293 0.00320323230698705 0.00359573983587325 0.0050247055478394 0.00626338785514235 0.00526831904426217 0.00477087637409568 0.00548739125952125 0.00605886336416006 0.00821137800812721 0.00512041104957461 0.00388746568933129 0.00311662233434618 0.00352089456282556 0.00463094562292099 0.0127933751791716 0.0064091575331986 0.00715964799746871 0.0100741693750024 0.0113828331232071 0.0154671482741833 0.0143403373658657 0.0155640468001366 0.0122031979262829 0.00958162639290094 0.00840557832270861 0.0124689396470785
0.00049176428001374 0.000550549069885164 0.000670595443807542 0.000637442921288311 0.000630229071248323 0.000605414446908981 0.000626068213023245 0.00102095829788595 0.00135365687310696 0.00173074309714139 0.0016279072733596 0.00189375586342067 0.00157138437498361 0.00166834855917841 0.00171111384406686 0.00187541882041842 0.00188278825953603 0.00225240387953818 0.00310274260118604 0.00345393479801714 0.00426641665399075 0.00553887570276856 0.00534386746585369 0.0056981286033988 0.00595790287479758 0.00705448491498828 0.00291399355046451 0.00171979493461549 0.00234930100850761 0.00483550922945142 0.00605917861685157 0.00780214555561543 0.00690497690811753 0.00409181835129857 0.0047538778744638 0.00728049734607339 0.00886554270982742 0.00955229345709085 0.0111828930675983 0.0123695861548185 0.0100285522639751 0.0137550393119454 0.0152316140010953 0.0121917510405183
0.000776592758484185 0.000633386895060539 0.000483347423141822 0.00047867585089989 0.0003501103783492 0.000488195684738457 0.00079095212277025 0.00119566230569035 0.00128898839466274 0.00148852041456848 0.00154442409984767 0.00142336264252663 0.00151006341911852 0.00160489859990776 0.00153269723523408 0.0016220707911998 0.00165644194930792 0.00198782095685601 0.0029229789506644 0.00324705359525979 0.00335491402074695 0.0038058131467551 0.00326361553743482 0.0019284994341433 0.00182292063254863 0.00145388417877257 0.00156920670997351 0.0031837176065892 0.00397653505206108 0.00401084637269378 0.00342301721684635 0.00686441129073501 0.00543902907520533 0.00246266438625753 0.00226708268746734 0.00418423535302281 0.00554621499031782 0.00544928759336472 0.0101564908400178 0.00641884189099073 0.00666948687285185 0.00912481639534235 0.00984243582934141 0.0162947997450829
0.000636304903309792 0.000499946298077703 0.000270974764134735 0.000498799898196012 0.000650781847070903 0.000753313768655062 0.000813821388874203 0.00115088699385524 0.00125119742006063 0.00117640453390777 0.00108828709926456 0.00123766821343452 0.00130602857097983 0.00126873853150755 0.00151480827480555 0.00159769819583744 0.00184890755917877 0.00216596038080752 0.00286242784932256 0.00303701893426478 0.00249945442192256 0.00290724006481469 0.00398190086707473 0.00298249232582748 0.00208741682581604 0.00273107155226171 0.00267942273057997 0.00242164288647473 0.00201659719459713 0.00231469771824777 0.00262042391113937 0.00273630325682461 0.00280997133813798 0.0021260732319206 0.00237579271197319 0.00267474632710218 0.00457244180142879 0.00636318372562528 0.00957443006336689 0.00566319189965725 0.00560630904510617 0.00637605832889676 0.0110799698159099 0.0105190556496382
0.000346364919096231 0.000401745201088488 0.000673428759910166 0.000723504403140396 0.00082333805039525 0.000817371299490333 0.000901219958905131 0.000965474406257272 0.00105623551644385 0.000926539418287575 0.000830751203466207 0.000835545070003718 0.00106990814674646 0.00129612279124558 0.00126126396935433 0.00141958065796643 0.00181816087570041 0.0020144390873611 0.00212938571348786 0.000954417278990149 0.000513736507855356 0.000313582655508071 0.00121390318963677 0.00509868701919913 0.00483539048582315 0.00211014831438661 0.00210245116613805 0.00434650201350451 0.00550899421796203 0.00420300010591745 0.00334652280434966 0.00323228514753282 0.00318882870487869 0.0025687157176435 0.00199640239588916 0.00214113225229084 0.00217047776095569 0.00600028177723289 0.00754506047815084 0.0068670311011374 0.00675597414374352 0.00960483402013779 0.00976655445992947 0.00687186606228352
0.000549126649275422 0.000611406285315752 0.000723128323443234 0.000749961647670716 0.000799003406427801 0.000818048312794417 0.000759736751206219 0.000827871786896139 0.000689478823915124 0.000636430864688009 0.000781696289777756 0.000842295819893479 0.000979511067271233 0.00118056708015501 0.00123857869766653 0.00152220367453992 0.00170038908254355 0.00206246692687273 0.00196535815484822 0.000809967226814479 0.000486784731037915 0.000597176200244576 0.00230775377713144 0.00535774603486061 0.00517997704446316 0.00442463252693415 0.00665567722171545 0.00527827301993966 0.00384111306630075 0.00214728619903326 0.00218662200495601 0.00234610261395574 0.00291784480214119 0.00294744968414307 0.00279654143378139 0.00309438421390951 0.00192669301759452 0.00168796058278531 0.00173166394233704 0.00383011088706553 0.00619898037984967 0.00656238803640008 0.0048907520249486 0.00531769590452313
0.192407846450806 0.230683967471123 0.000714338559191674 0.000691144203301519 0.000668050779495388 0.000634611584246159 0.000657633820082992 0.00064174720318988 0.000636442622635514 0.000647526874672621 0.000700401549693197 0.000855083577334881 0.000886529451236129 0.00374773633666337 0.00127434160094708 0.00463983230292797 0.00522875320166349 0.00187817856203765 0.00220757909119129 0.00256101810373366 0.00222518783994019 0.00258004036732018 0.00376950367353857 0.00593774486333132 0.00455150287598372 0.0063072694465518 0.00686344318091869 0.00432447576895356 0.0024814719799906 0.00112908286973834 0.00126517412718385 0.00195466354489326 0.00256568123586476 0.00311556924134493 0.00279152230359614 0.00331436586566269 0.00312483706511557 0.00265473290346563 0.00134056771639735 0.00113854079972953 0.002097362652421 0.00327596138231456 0.00198607798665762 0.00269302958622575
0.232733637094498 0.239968568086624 0.238810703158379 0.232248485088348 0.281451761722565 0.310490489006042 0.30660805106163 0.000543660775292665 0.000581350992433727 0.000593774428125471 0.000569333788007498 0.000698759977240115 0.00288865622133017 0.000972829177044332 0.412705659866333 0.403040766716003 0.387746393680573 0.00205078185535967 0.00245135300792754 0.00262163579463959 0.00285555562004447 0.0028439040761441 0.311481982469559 0.00322727719321847 0.0042034718208015 0.0051157409325242 0.00539271999150515 0.00559705635532737 0.00306128850206733 0.000741512456443161 0.000703781319316477 0.00157934741582721 0.0022184147965163 0.00287262862548232 0.00313860108144581 0.00357259600423276 0.00363262300379574 0.00368066038936377 0.00374721433036029 0.00292712356895208 0.00200635124929249 0.00183882750570774 0.00107975979335606 0.00179409596603364
0.232965409755707 0.264022380113602 0.251323670148849 0.278844803571701 0.255318343639374 0.258063316345215 0.275011241436005 0.274323403835297 0.266976356506348 0.283664137125015 0.314301192760468 0.39087975025177 0.000721033429726958 0.41010195016861 0.377742797136307 0.3530433177948 0.312879651784897 0.294992029666901 0.237194120883942 0.258627623319626 0.273420214653015 0.197847485542297 0.184513330459595 0.224865153431892 0.289149165153503 0.00333854625932872 0.00501079857349396 0.0053295805118978 0.0027340380474925 0.000792972568888217 0.000562990899197757 0.000789412180893123 0.00137940666172653 0.00271362811326981 0.00358670111745596 0.00314967031590641 0.00353717966936529 0.00401217211037874 0.0037546546664089 0.00422571133822203 0.00347885023802519 0.00302260904572904 0.00202610320411623 0.00373208615928888
0.264316976070404 0.270491123199463 0.265835016965866 0.260403394699097 0.271867245435715 0.280173271894455 0.26874253153801 0.243815273046494 0.230277583003044 0.246361598372459 0.25208705663681 0.261776149272919 0.237048789858818 0.249500274658203 0.205046743154526 0.277586162090302 0.304917901754379 0.229034841060638 0.197009801864624 0.193917855620384 0.183529272675514 0.137976557016373 0.14247390627861 0.120105654001236 0.139378353953362 0.258973687887192 0.00375877507030964 0.00444770976901054 0.00479355221614242 0.00165263062808663 0.000775713997427374 0.000721524469554424 0.00138990883715451 0.0020736560691148 0.00254146405495703 0.00268782582134008 0.00251103192567825 0.00257753836922348 0.00256442814134061 0.00268765212967992 0.00290786637924612 0.00202298373915255 0.00248432974331081 0.00616151886060834
0.27616685628891 0.279885709285736 0.266151577234268 0.258808821439743 0.226319178938866 0.238725200295448 0.251112580299377 0.277465432882309 0.278544574975967 0.277396023273468 0.279930710792542 0.329270124435425 0.315999388694763 0.316689819097519 0.304152369499207 0.2481609582901 0.254374504089355 0.218792825937271 0.187590837478638 0.153990015387535 0.174918860197067 0.131197527050972 0.131321296095848 0.110708348453045 0.12250641733408 0.159965768456459 0.294025331735611 0.00426274258643389 0.00479753501713276 0.00376861821860075 0.00166345632169396 0.00120750709902495 0.00142055761534721 0.00160960655193776 0.0014208706561476 0.00105716683901846 0.0010836732108146 0.000898447120562196 0.00107690575532615 0.00133848714176565 0.00144756934605539 0.0012809686595574 0.00326518225483596 0.00365342665463686
