data/climate_estimation/maxent_output/Gagea_soleirolii.asc
NCOLS 222 
NROWS 76 
XLLCORNER -8.66666666666667 
YLLCORNER 36.9166666666667 
CELLSIZE 0.0833333333333333 
NODATA_value -3.4e+38 
[rows 0 to 21 of 76, columns 50 to 99 of 222]
0.192945778369904 0.179783582687378 0.183174222707748 0.177248120307922 0.170636683702469 0.166873931884766 0.171330869197845 0.162005290389061 0.158600553870201 0.150517582893372 0.133227303624153 0.161632731556892 0.178102359175682 0.182098597288132 0.177748084068298 0.203878402709961 0.21290534734726 0.206888049840927 0.195422768592834 0.212469771504402 0.196914002299309 0.164509519934654 0.139285683631897 0.121306926012039 0.109309330582619 0.0939868465065956 0.0852224975824356 0.0710142031311989 0.0660337582230568 0.0650241002440453 0.0709206759929657 0.0766929015517235 0.0840896666049957 0.103412501513958 0.102431870996952 0.0889753550291061 0.0930816754698753 0.09397142380476 0.126943007111549 0.141323059797287 0.138973921537399 0.1515281945467 0.163557901978493 0.162424549460411 0.163825258612633 0.159315913915634 0.164395198225975 0.162605777382851 0.160252124071121 0.154644206166267
0.124694645404816 0.172073557972908 0.206566378474236 0.212340608239174 0.202069833874702 0.209419667720795 0.199775591492653 0.192409172654152 0.189681977033615 0.145181939005852 0.123158439993858 0.141862481832504 0.174209341406822 0.192292898893356 0.219108104705811 0.218849122524261 0.242223873734474 0.226994872093201 0.218711629509926 0.221407666802406 0.210441619157791 0.165229588747025 0.156554356217384 0.149193331599236 0.126103222370148 0.118961594998837 0.104278959333897 0.101355127990246 0.0910758227109909 0.0951600074768066 0.0935169756412506 0.0926038920879364 0.0886844918131828 0.112196959555149 0.115561559796333 0.120208844542503 0.0918819159269333 0.0951074585318565 0.110601596534252 0.130843639373779 0.111719816923141 0.0739612355828285 0.105799458920956 0.160947725176811 0.152494490146637 0.158126398921013 0.149418145418167 0.122250244021416 0.133422061800957 0.141002625226974
0.133872464299202 0.0845527872443199 0.110539704561234 0.175703153014183 0.197889879345894 0.197113826870918 0.20077320933342 0.20414400100708 0.187377601861954 0.178339511156082 0.224801570177078 0.219120800495148 0.220359086990356 0.214371427893639 0.236938044428825 0.209822922945023 0.219423204660416 0.274976909160614 0.26088210940361 0.195501983165741 0.132175505161285 0.178692311048508 0.165053427219391 0.185671910643578 0.164606183767319 0.14784362912178 0.147455260157585 0.135959342122078 0.131649538874626 0.10178155452013 0.103980012238026 0.0921196565032005 0.0917372480034828 0.0956049337983131 0.0878607407212257 0.0732595846056938 0.0751995667815208 0.0788112655282021 0.0608881190419197 0.0712645947933197 0.0705243498086929 0.0541666820645332 0.0989029034972191 0.117186561226845 0.0815054699778557 0.083809070289135 0.0844209566712379 0.0401913896203041 0.0496149808168411 0.0369310341775417
0.151331499218941 0.0918906852602959 0.11700614541769 0.183119654655457 0.202439278364182 0.209152534604073 0.212695553898811 0.216178774833679 0.200811073184013 0.223101139068604 0.234673857688904 0.297714352607727 0.254081785678864 0.231414929032326 0.226385295391083 0.209076598286629 0.195696815848351 0.203792035579681 0.223681733012199 0.228565379977226 0.18697863817215 0.209228739142418 0.192425310611725 0.14625246822834 0.136786922812462 0.103827252984047 0.122647061944008 0.136270627379417 0.112076215445995 0.0894204452633858 0.0948370546102524 0.108685329556465 0.118090435862541 0.119042731821537 0.121334254741669 0.104971013963223 0.0931290537118912 0.0802536010742188 0.0781257972121239 0.0753811821341515 0.0659065321087837 0.050246462225914 0.0426323898136616 0.042631309479475 0.0262427795678377 0.0166276004165411 0.0805688351392746 0.0288544204086065 0.0305854715406895 0.0219709891825914
0.208906501531601 0.196100920438766 0.199149131774902 0.215154409408569 0.2168058604002 0.218464493751526 0.200325295329094 0.245368033647537 0.228057622909546 0.257413268089294 0.229724138975143 0.253874391317368 0.285737037658691 0.240269467234612 0.229861453175545 0.194525629281998 0.220932483673096 0.203264400362968 0.188037022948265 0.192250102758408 0.228666976094246 0.245415151119232 0.218246400356293 0.197975561022758 0.170757859945297 0.160422787070274 0.123458340764046 0.125900506973267 0.122359298169613 0.119214981794357 0.0870916098356247 0.120190754532814 0.148884877562523 0.16212922334671 0.147638112306595 0.1331507563591 0.120510049164295 0.114563144743443 0.100608356297016 0.0729941874742508 0.0945779532194138 0.0667479261755943 0.0600893311202526 0.0458557717502117 0.0227812230587006 0.0178117305040359 0.0243869572877884 0.0288604609668255 0.014495026320219 0.0118589475750923
0.217745870351791 0.221188098192215 0.237973868846893 0.242101162672043 0.231472074985504 0.250482022762299 0.257885932922363 0.221738964319229 0.236556991934776 0.229217886924744 0.197350412607193 0.23695832490921 0.243421703577042 0.277335822582245 0.285224497318268 0.264218956232071 0.20404078066349 0.294331282377243 0.23155589401722 0.24221296608448 0.244043424725533 0.202934309840202 0.187472656369209 0.167710602283478 0.151296481490135 0.121272251009941 0.117339640855789 0.11673542112112 0.122732251882553 0.100422531366348 0.111527495086193 0.130260601639748 0.173653930425644 0.181417480111122 0.19355483353138 0.163774251937866 0.173745974898338 0.168773218989372 0.139669865369797 0.130937516689301 0.115743927657604 0.112403735518456 0.111844316124916 0.0622830875217915 0.0412471406161785 0.0284183993935585 0.0128001607954502 0.0195629596710205 0.0102039957419038 0.0143968937918544
0.257099539041519 0.247820526361465 0.244696646928787 0.241196736693382 0.223675340414047 0.231848686933517 0.235522121191025 0.239894822239876 0.232333675026894 0.218700274825096 0.187284126877785 0.221936196088791 0.297925531864166 0.240346282720566 0.240895003080368 0.205023691058159 0.214372426271439 0.316647708415985 0.313514828681946 0.275834888219833 0.241087421774864 0.214512154459953 0.198548972606659 0.170551806688309 0.172444149851799 0.158403977751732 0.156204000115395 0.143780767917633 0.150890529155731 0.1888707280159 0.190692126750946 0.178546503186226 0.19068843126297 0.188830092549324 0.179823279380798 0.165989190340042 0.168220221996307 0.199475184082985 0.215022280812263 0.170047983527184 0.150488570332527 0.119524598121643 0.136394262313843 0.111826524138451 0.0980251431465149 0.0841853469610214 0.0523954071104527 0.0333857648074627 0.0093358950689435 0.0151819474995136
0.264700174331665 0.256853640079498 0.262379854917526 0.24414524435997 0.247168943285942 0.22620689868927 0.229100033640862 0.244195625185966 0.226459681987762 0.206903755664825 0.222619891166687 0.232302203774452 0.273752480745316 0.284528076648712 0.27740615606308 0.252420276403427 0.24195696413517 0.239795908331871 0.255297422409058 0.251400113105774 0.21062558889389 0.178532898426056 0.171574264764786 0.167647704482079 0.161487817764282 0.164627060294151 0.159741282463074 0.15957310795784 0.175746947526932 0.19685772061348 0.217479914426804 0.234723657369614 0.23792639374733 0.219052031636238 0.217575937509537 0.15689580142498 0.170047968626022 0.195640489459038 0.224883675575256 0.193518593907356 0.173468336462975 0.192242547869682 0.200963988900185 0.198628440499306 0.144118651747704 0.120989672839642 0.112818293273449 0.0976980403065681 0.0607157163321972 0.0473865456879139
0.25665956735611 0.246256589889526 0.246332705020905 0.250984847545624 0.250320076942444 0.256871163845062 0.235529482364655 0.222541853785515 0.226585954427719 0.230064257979393 0.230934038758278 0.22024193406105 0.215339556336403 0.223512962460518 0.222121343016624 0.222370505332947 0.231403976678848 0.245719745755196 0.222928822040558 0.210897594690323 0.200027152895927 0.16157840192318 0.176127970218658 0.168527737259865 0.170092731714249 0.178954064846039 0.167631253600121 0.160767495632172 0.173788830637932 0.177263975143433 0.229293704032898 0.266985684633255 0.266826063394547 0.255468130111694 0.247421771287918 0.208861812949181 0.239371120929718 0.272274702787399 0.269016623497009 0.264518022537231 0.205279156565666 0.187117904424667 0.148009791970253 0.183163613080978 0.190080344676971 0.158794447779655 0.16909296810627 0.129293888807297 0.135811969637871 0.146348014473915
0.238766089081764 0.220602095127106 0.229045242071152 0.238139718770981 0.234768763184547 0.223642215132713 0.223410740494728 0.21890389919281 0.213339775800705 0.223878160119057 0.197837844491005 0.183790326118469 0.191784456372261 0.190496861934662 0.18416391313076 0.188494697213173 0.198106452822685 0.193411558866501 0.187028929591179 0.180102303624153 0.184545576572418 0.177817910909653 0.172115817666054 0.164658322930336 0.168004423379898 0.156051844358444 0.16227875649929 0.168741673231125 0.168018892407417 0.188604146242142 0.188957512378693 0.241800308227539 0.267983645200729 0.296610772609711 0.302937000989914 0.286574393510818 0.261242359876633 0.27777948975563 0.226254418492317 0.209816977381706 0.183713018894196 0.186732307076454 0.156339526176453 0.162136822938919 0.19341853260994 0.199479058384895 0.197696626186371 0.176278695464134 0.179118603467941 0.179456785321236
0.204318314790726 0.205471009016037 0.207033887505531 0.213113397359848 0.202888697385788 0.200174435973167 0.192609071731567 0.195254415273666 0.183803364634514 0.177490293979645 0.179808840155602 0.188695222139359 0.185773342847824 0.173779994249344 0.179922327399254 0.177555084228516 0.173052623867989 0.180624291300774 0.17309895157814 0.179668545722961 0.188507974147797 0.181412279605865 0.17816649377346 0.175715088844299 0.184201627969742 0.17534926533699 0.170290440320969 0.188282191753387 0.166442185640335 0.172769322991371 0.191485479474068 0.1786288022995 0.230581492185593 0.264291167259216 0.295175135135651 0.285360664129257 0.290729731321335 0.298202067613602 0.275173395872116 0.231904998421669 0.216434359550476 0.221963763237 0.203130647540092 0.206863209605217 0.233911648392677 0.233913630247116 0.200254857540131 0.201784804463387 0.187476545572281 0.175044104456902
0.184907093644142 0.185228317975998 0.193367213010788 0.179037049412727 0.183399438858032 0.181524083018303 0.174608677625656 0.172615647315979 0.175817266106606 0.176271930336952 0.180446833372116 0.192807793617249 0.176179319620132 0.189977690577507 0.175128057599068 0.169675305485725 0.14641572535038 0.169079929590225 0.148295298218727 0.174649804830551 0.173725619912148 0.181365191936493 0.156311243772507 0.189616978168488 0.179044604301453 0.177778542041779 0.18673349916935 0.178305178880692 0.196370869874954 0.19498947262764 0.185053989291191 0.18292424082756 0.190728932619095 0.218539610505104 0.240471303462982 0.251319050788879 0.249309673905373 0.236652046442032 0.253482073545456 0.244815781712532 0.262687742710114 0.263342678546906 0.261140644550323 0.267637223005295 0.269417434930801 0.270470857620239 0.265996962785721 0.204581439495087 0.173704922199249 0.159676820039749
0.160613283514977 0.166474148631096 0.171337246894836 0.173422992229462 0.193744450807571 0.180095687508583 0.189525619149208 0.183468490839005 0.198519304394722 0.199404641985893 0.208520159125328 0.199475154280663 0.196947976946831 0.178894951939583 0.167815029621124 0.132377743721008 0.116977207362652 0.132657274603844 0.117100194096565 0.164271637797356 0.176263228058815 0.162026152014732 0.184916734695435 0.169816732406616 0.175637915730476 0.150131106376648 0.181992307305336 0.190122663974762 0.209044069051743 0.2078507989645 0.199266016483307 0.210834547877312 0.193533778190613 0.207240611314774 0.215515330433846 0.207855492830276 0.211801558732986 0.242847993969917 0.25322949886322 0.254143476486206 0.260669738054276 0.267189830541611 0.276244312524796 0.276545614004135 0.256808459758759 0.258035212755203 0.244310840964317 0.261904537677765 0.264849483966827 0.0179918445646763
0.147503256797791 0.182424142956734 0.157308474183083 0.181222274899483 0.167566955089569 0.173315986990929 0.184143096208572 0.203856945037842 0.201308891177177 0.214060619473457 0.204385384917259 0.224621146917343 0.220348075032234 0.203019201755524 0.193745210766792 0.195592984557152 0.198036834597588 0.164655685424805 0.193740412592888 0.172938957810402 0.143318146467209 0.15162818133831 0.165220737457275 0.14818862080574 0.133251249790192 0.161468222737312 0.181214541196823 0.180998936295509 0.201569393277168 0.206969529390335 0.206866383552551 0.215097859501839 0.210950464010239 0.212043151259422 0.210486561059952 0.225351005792618 0.239649668335915 0.25774684548378 0.243348613381386 0.261318802833557 0.261971473693848 0.267674088478088 0.265240460634232 0.269645273685455 0.25497704744339 0.241479396820068 0.260989844799042 0.254976958036423 0.255599141120911 0.0180616322904825
0.158290773630142 0.164627224206924 0.172709882259369 0.179987981915474 0.190721616148949 0.210943549871445 0.216784223914146 0.200627520680428 0.232049107551575 0.228983029723167 0.222769722342491 0.242494732141495 0.23649637401104 0.223037764430046 0.216684356331825 0.225141048431396 0.176946014165878 0.148673862218857 0.141144797205925 0.118105597794056 0.124386951327324 0.116708785295486 0.117027185857296 0.12826369702816 0.155850723385811 0.171671763062477 0.167782053351402 0.180869847536087 0.202351197600365 0.213720232248306 0.218768626451492 0.22526316344738 0.232146188616753 0.236764177680016 0.217352539300919 0.2169019728899 0.253730267286301 0.262412041425705 0.279469788074493 0.247393265366554 0.270571708679199 0.260348618030548 0.275158822536469 0.2563616335392 0.249957084655762 0.249859154224396 0.223715707659721 0.016076048836112 0.0146797522902489 0.0158999897539616
0.157615408301353 0.160635873675346 0.174893423914909 0.19769512116909 0.227497383952141 0.233809441328049 0.218884885311127 0.246424868702888 0.248470291495323 0.250157713890076 0.235958471894264 0.266814023256302 0.232585966587067 0.234184682369232 0.222521290183067 0.23101694881916 0.208368852734566 0.197688415646553 0.192357748746872 0.159913241863251 0.171017542481422 0.143607541918755 0.176296010613441 0.159008711576462 0.183479964733124 0.168929502367973 0.158979371190071 0.186582252383232 0.21198008954525 0.213330760598183 0.227828353643417 0.231736436486244 0.234857589006424 0.237006485462189 0.232984691858292 0.238458693027496 0.219482228159904 0.231283292174339 0.245920196175575 0.246582314372063 0.263159275054932 0.292619347572327 0.301441460847855 0.284084856510162 0.207780480384827 0.21646648645401 0.0142559055238962 0.0158313345164061 0.0138862812891603 0.0137312673032284
0.182049497961998 0.192097768187523 0.195339575409889 0.22451576590538 0.227203145623207 0.234672352671623 0.265121400356293 0.254927486181259 0.257971346378326 0.28660061955452 0.260126739740372 0.266601264476776 0.261405855417252 0.247648194432259 0.252449959516525 0.24780298769474 0.244341596961021 0.236356943845749 0.225094437599182 0.206797868013382 0.196674853563309 0.192533984780312 0.181827798485756 0.197881773114204 0.183560281991959 0.195476144552231 0.191159382462502 0.193422541022301 0.202486306428909 0.222507491707802 0.22576941549778 0.257360249757767 0.231635063886642 0.253720492124557 0.26407378911972 0.268731147050858 0.258431077003479 0.232488989830017 0.230336040258408 0.231612548232079 0.292443752288818 0.289333283901215 0.282991260290146 0.247323587536812 0.192655384540558 0.200152397155762 0.0139803905040026 0.0154359303414822 0.013569968752563 0.0126463063061237
0.190020233392715 0.217856228351593 0.220020443201065 0.22865229845047 0.239913657307625 0.266802966594696 0.258025586605072 0.2540083527565 0.264991998672485 0.265794903039932 0.277931094169617 0.274174153804779 0.275442212820053 0.25984126329422 0.248266816139221 0.273498207330704 0.239088341593742 0.242851361632347 0.230891525745392 0.216034024953842 0.196916043758392 0.20479442179203 0.205774441361427 0.192944884300232 0.193430453538895 0.188460126519203 0.197450488805771 0.209375739097595 0.228598073124886 0.224729284644127 0.232777029275894 0.155834391713142 0.201107859611511 0.267457813024521 0.255052536725998 0.285057604312897 0.260199427604675 0.256294786930084 0.249706521630287 0.244521170854568 0.231010124087334 0.240796774625778 0.249490916728973 0.174486875534058 0.171891629695892 0.0121173579245806 0.0132439397275448 0.0164317991584539 0.0151107562705874 0.0131286643445492
0.219094172120094 0.220925316214561 0.231776237487793 0.234427616000175 0.266006529331207 0.250227630138397 0.241515874862671 0.240278393030167 0.242012202739716 0.26915231347084 0.250819385051727 0.27813732624054 0.280155569314957 0.278439581394196 0.274287790060043 0.263945639133453 0.266303807497025 0.240485012531281 0.257832437753677 0.237190067768097 0.220424994826317 0.200825199484825 0.222693651914597 0.205589562654495 0.202950850129128 0.195547506213188 0.219520404934883 0.219003483653069 0.237048074603081 0.228431895375252 0.232837975025177 0.223225682973862 0.193115741014481 0.245229035615921 0.278000235557556 0.297835886478424 0.267808705568314 0.253327220678329 0.270016610622406 0.237177088856697 0.227169245481491 0.187280654907227 0.16622531414032 0.148346841335297 0.145201861858368 0.0114249065518379 0.0127295674756169 0.0159983020275831 0.0170762520283461 0.0179879311472178
0.202582761645317 0.211357772350311 0.235816970467567 0.239579394459724 0.247856736183167 0.281367003917694 0.25658991932869 0.268428802490234 0.270269453525543 0.266987562179565 0.273642688989639 0.27872171998024 0.284790933132172 0.274535983800888 0.277052581310272 0.283855706453323 0.264591425657272 0.261384695768356 0.249336570501328 0.240060687065125 0.219892963767052 0.216266557574272 0.213389426469803 0.214534655213356 0.208573818206787 0.230732128024101 0.214634105563164 0.218673825263977 0.241534665226936 0.247932866215706 0.256487548351288 0.250457912683487 0.278604239225388 0.281732469797134 0.281100481748581 0.273909389972687 0.289262115955353 0.252157717943192 0.26299449801445 0.266093373298645 0.263153851032257 0.217930674552917 0.146474152803421 0.124875523149967 0.00815448630601168 0.00932424888014793 0.00992082338780165 0.0108874971047044 0.0123732844367623 0.0158901419490576
0.241655930876732 0.238887965679169 0.273984551429749 0.29769104719162 0.262580782175064 0.28651836514473 0.299876600503922 0.331216275691986 0.329037129878998 0.31320333480835 0.332620650529861 0.341207027435303 0.335917204618454 0.301800936460495 0.286250799894333 0.284912616014481 0.274153828620911 0.282119631767273 0.258362293243408 0.253362715244293 0.245823428034782 0.230258911848068 0.228603959083557 0.215380415320396 0.230185195803642 0.223901137709618 0.245630964636803 0.231762632727623 0.236393824219704 0.259972006082535 0.244877517223358 0.256386369466782 0.268655896186829 0.294180303812027 0.29169824719429 0.281950622797012 0.286507576704025 0.232427135109901 0.23626346886158 0.2781842648983 0.0229574851691723 0.244422242045403 0.0181618463248014 0.0118995392695069 0.0101208062842488 0.00872796215116978 0.00908659491688013 0.0101293288171291 0.011222985573113 0.0119740013033152
0.265115141868591 0.300222754478455 0.29023078083992 0.314440548419952 0.31472110748291 0.334888786077499 0.327741920948029 0.384097933769226 0.394493520259857 0.368420541286469 0.359222620725632 0.336282670497894 0.344314187765121 0.330108165740967 0.324835419654846 0.309753119945526 0.317793905735016 0.289980679750443 0.273368299007416 0.28229233622551 0.265052318572998 0.230255156755447 0.240798115730286 0.247154846787453 0.232960611581802 0.256670564413071 0.22800101339817 0.252898335456848 0.243836238980293 0.275072067975998 0.259898811578751 0.25416311621666 0.266377121210098 0.283294349908829 0.0190578810870647 0.0186274144798517 0.0185654573142529 0.0180586818605661 0.225942328572273 0.0182250943034887 0.019356882199645 0.0193636864423752 0.0206162147223949 0.0160475820302963 0.0129990400746465 0.0116954576224089 0.0106320856139064 0.00892482977360487 0.010005877353251 0.0122290384024382
