data/climate_estimation/maxent_output/Gagea_dayana.asc
NCOLS 9 
NROWS 27 
XLLCORNER 34.4166666666667 
YLLCORNER 30.8333333333333 
CELLSIZE 0.0833333333333333 
NODATA_value -3.4e+38 
-339999999999999996123846586046231871488.000000000000000 -3.4e+38 -3.4e+38 -3.4e+38 -3.4e+38 -3.4e+38 -3.4e+38 -3.4e+38 0.938091695308685
-3.4e+38 -3.4e+38 -3.4e+38 -3.4e+38 -3.4e+38 -3.4e+38 -3.4e+38 0.944778263568878 0.948239266872406
-3.4e+38 -3.4e+38 -3.4e+38 -3.4e+38 -3.4e+38 -3.4e+38 -3.4e+38 0.904657065868378 0.915504455566406
-3.4e+38 -3.4e+38 -3.4e+38 -3.4e+38 -3.4e+38 -3.4e+38 0.958104848861694 0.934383869171143 0.878571689128876
-3.4e+38 -3.4e+38 -3.4e+38 -3.4e+38 -3.4e+38 -3.4e+38 0.957452714443207 0.966699779033661 0.905258119106293
-3.4e+38 -3.4e+38 -3.4e+38 -3.4e+38 -3.4e+38 -3.4e+38 0.97063159942627 0.9735968708992 0.921655476093292
-3.4e+38 -3.4e+38 -3.4e+38 -3.4e+38 -3.4e+38 0.971685886383057 0.977567672729492 0.977156937122345 0.969636082649231
-339999999999999996123846586046231871488.000000000000000 -3.4e+38 -3.4e+38 -3.4e+38 -3.4e+38 0.980115354061127 0.974779844284058 0.960871934890747 0.968145370483398
-3.4e+38 -3.4e+38 -3.4e+38 -3.4e+38 -3.4e+38 0.958729386329651 0.953584611415863 0.94656103849411 0.952095806598663
-3.4e+38 -3.4e+38 -3.4e+38 -3.4e+38 0.939030051231384 0.937559902667999 0.915602147579193 0.916536450386047 0.929021179676056
-3.4e+38 -3.4e+38 -3.4e+38 -3.4e+38 0.928273379802704 0.916507661342621 0.894170820713043 0.925508141517639 0.910028755664825
-3.4e+38 -3.4e+38 -3.4e+38 -3.4e+38 0.892926335334778 0.888000547885895 0.860304355621338 0.891556024551392 0.872950971126556
-3.4e+38 -3.4e+38 -3.4e+38 0.918039858341217 0.911572635173798 0.890766441822052 0.881963074207306 0.892133295536041 0.84790962934494
-3.4e+38 -3.4e+38 -3.4e+38 0.919134199619293 0.913461148738861 0.874731659889221 0.869287669658661 0.86096715927124 0.795162856578827
-339999999999999996123846586046231871488.000000000000000 -3.4e+38 0.917041122913361 0.930151343345642 0.907712638378143 0.901889085769653 0.852120220661163 0.841196298599243 0.727868258953094
-3.4e+38 -3.4e+38 0.922446429729462 0.917278110980988 0.911939203739166 0.861738622188568 0.810465931892395 0.808146357536316 0.695988535881042
-3.4e+38 0.933593809604645 0.942280054092407 0.929959177970886 0.897065877914429 0.850400030612946 0.792740046977997 0.745636403560638 0.635045170783997
0.934297442436218 0.929428935050964 0.897913575172424 0.926183998584747 0.866186022758484 0.813159108161926 0.803773760795593 0.697705507278442 0.5567986369133
0.914818942546844 0.932707250118256 0.921617746353149 0.907317936420441 0.861775517463684 0.805369079113007 0.770525455474854 0.620318353176117 0.527218401432037
0.92043000459671 0.902843773365021 0.898710668087006 0.864517450332642 0.831855654716492 0.790803730487823 0.698640465736389 0.638617813587189 0.581889033317566
0.904820501804352 0.906242311000824 0.892015516757965 0.84387081861496 0.79743766784668 0.715780675411224 0.705032229423523 0.643592238426208 0.589185297489166
0.920784294605255 0.909091830253601 0.856366991996765 0.816026568412781 0.786526203155518 0.719460070133209 0.68343323469162 0.671810984611511 0.649211704730988
0.927090644836426 0.901725769042969 0.873975455760956 0.804516971111298 0.751940548419952 0.723854541778564 0.696703255176544 0.691571593284607 0.716858267784119
0.902212262153625 0.885132491588593 0.820435404777527 0.794472515583038 0.79646635055542 0.703613340854645 0.719584465026855 0.678943514823914 0.657597482204437
0.88610702753067 0.881127953529358 0.863776087760925 0.767320156097412 0.808777034282684 0.691417157649994 0.707591533660889 0.711996674537659 0.626802980899811
0.82242876291275 0.862631797790527 0.807677865028381 0.79339987039566 0.726381421089172 0.687556445598602 0.722516477108002 0.578240871429443 0.622599840164185
0.60029661655426 0.734664142131805 0.776666820049286 0.769442319869995 0.771441102027893 0.721682071685791 0.679029166698456 0.452296108007431 0.0773215591907501
