data/climate_estimation/maxent_output/Gagea_confusa.asc
NCOLS 129 
NROWS 87 
XLLCORNER 43.6666666666667 
YLLCORNER 32.5833333333333 
CELLSIZE 0.0833333333333333 
NODATA_value -3.4e+38 
[rows 60 to 79 of 87, columns 44 to 87 of 129]
0.85564523935318 0.755209386348724 0.691604316234589 0.750575721263885 0.825451612472534 0.85361111164093 0.846357464790344 0.811893463134766 0.672731757164001 0.690441846847534 0.895828366279602 0.945686638355255 0.982713520526886 0.853618025779724 0.7717325091362 0.803831160068512 0.83801656961441 0.923105597496033 0.907667636871338 0.827358305454254 0.81748104095459 0.860255479812622 0.924393355846405 0.966269373893738 0.980872631072998 0.927186489105225 0.899913489818573 0.89898145198822 0.918584525585175 0.870604753494263 0.775573432445526 0.83699768781662 0.867792069911957 0.833329081535339 0.804725885391235 0.714170694351196 0.573111653327942 0.59147846698761 0.579525887966156 0.562759280204773 0.549403786659241 0.530590176582336 0.519842863082886 0.492935925722122
0.742193043231964 0.714623391628265 0.761890590190887 0.920394957065582 0.765738606452942 0.82282966375351 0.738951086997986 0.619886338710785 0.599494636058807 0.626887619495392 0.783566832542419 0.873982787132263 0.939266264438629 0.994765400886536 0.963826060295105 0.914511561393738 0.914779663085938 0.886701464653015 0.901365756988525 0.815820276737213 0.813488483428955 0.832078576087952 0.85751873254776 0.899202048778534 0.927095890045166 0.939682245254517 0.911240816116333 0.911602258682251 0.940029799938202 0.95652848482132 0.961260735988617 0.892170488834381 0.916399002075195 0.976602911949158 0.820425808429718 0.686447083950043 0.608834147453308 0.608721673488617 0.580959022045135 0.516201853752136 0.500019967556 0.465921968221664 0.445366352796555 0.420478999614716
0.612097322940826 0.585325837135315 0.680605828762054 0.812284469604492 0.875562965869904 0.932698428630829 0.706966936588287 0.617742359638214 0.584748506546021 0.617322742938995 0.7423215508461 0.751609206199646 0.781209290027618 0.968349874019623 0.997832775115967 0.975264966487885 0.912082970142365 0.879392802715302 0.845433831214905 0.81182724237442 0.814549088478088 0.827695488929749 0.853596925735474 0.892897486686707 0.920862793922424 0.932519257068634 0.904024183750153 0.876242101192474 0.882852971553802 0.918687164783478 0.951044738292694 0.975877404212952 0.975893616676331 0.977476000785828 0.882542908191681 0.725771248340607 0.636439025402069 0.630272269248962 0.585946321487427 0.5346759557724 0.51236367225647 0.496567189693451 0.468427866697311 0.450157791376114
0.69636595249176 0.701927721500397 0.592398524284363 0.645673871040344 0.76307201385498 0.793857157230377 0.652890741825104 0.602932393550873 0.579764723777771 0.587620079517365 0.692280828952789 0.640637516975403 0.651714622974396 0.781974673271179 0.956533133983612 0.864603579044342 0.851322174072266 0.851647853851318 0.840912044048309 0.823759913444519 0.811665892601013 0.838311374187469 0.854709267616272 0.90835040807724 0.926724135875702 0.907774865627289 0.884952902793884 0.848982691764832 0.836921811103821 0.852676033973694 0.878784954547882 0.90636157989502 0.941362321376801 0.936718583106995 0.800888359546661 0.749859511852264 0.667512238025665 0.602354884147644 0.548327684402466 0.501185297966003 0.475483387708664 0.448023915290833 0.417312383651733 0.433424025774002
0.693076312541962 0.484705418348312 0.535810172557831 0.498721808195114 0.564303159713745 0.68262380361557 0.646344840526581 0.542314291000366 0.530926823616028 0.679072797298431 0.586896061897278 0.614103734493256 0.715101182460785 0.778544068336487 0.695230722427368 0.689015448093414 0.711870551109314 0.821869850158691 0.857730627059937 0.858297884464264 0.855705857276917 0.837863385677338 0.907845795154572 0.940121948719025 0.94038724899292 0.90307480096817 0.855920314788818 0.81271880865097 0.797284662723541 0.79739373922348 0.812773048877716 0.841014683246613 0.848970174789429 0.854442894458771 0.817403197288513 0.840618014335632 0.775654971599579 0.632786095142365 0.537065267562866 0.509583234786987 0.508463740348816 0.523597836494446 0.485662162303925 0.460300981998444
0.681348323822021 0.496082842350006 0.536699652671814 0.588680922985077 0.63229113817215 0.592511415481567 0.570235133171082 0.587369441986084 0.578098118305206 0.560481786727905 0.67199444770813 0.831260204315186 0.716050386428833 0.636847317218781 0.653246283531189 0.629828095436096 0.69314044713974 0.767710864543915 0.878454148769379 0.901176154613495 0.903979659080505 0.898194909095764 0.885532081127167 0.964694201946259 0.984451532363892 0.914267182350159 0.852451324462891 0.77985292673111 0.766509890556335 0.759396076202393 0.766263425350189 0.780210673809052 0.798724472522736 0.787907123565674 0.774386465549469 0.754896879196167 0.775458574295044 0.646910905838013 0.576270878314972 0.54832535982132 0.584973454475403 0.627985537052155 0.545317828655243 0.542038798332214
0.47258186340332 0.525204062461853 0.623362898826599 0.654379308223724 0.77829521894455 0.747605383396149 0.811433851718903 0.724377930164337 0.610722720623016 0.509771466255188 0.523250222206116 0.602142214775085 0.774030745029449 0.653227746486664 0.621530294418335 0.666744530200958 0.676420509815216 0.71532130241394 0.866205871105194 0.909081339836121 0.939683139324188 0.925199329853058 0.915817975997925 0.91988068819046 0.947402596473694 0.956721007823944 0.899788796901703 0.75559800863266 0.722574830055237 0.720478534698486 0.717790842056274 0.736680567264557 0.769243240356445 0.789135277271271 0.787924408912659 0.829378247261047 0.864686071872711 0.631507217884064 0.592782557010651 0.65724378824234 0.680210411548615 0.842800676822662 0.776044309139252 0.734162569046021
0.47258186340332 0.543611526489258 0.568122267723083 0.689939022064209 0.684537291526794 0.666877508163452 0.752461075782776 0.771360814571381 0.807667255401611 0.697838842868805 0.524593472480774 0.539309501647949 0.618891894817352 0.805435955524445 0.840530335903168 0.835836231708527 0.762320578098297 0.813886523246765 0.778179466724396 0.91850620508194 0.954170167446136 0.966636300086975 0.959620594978333 0.939592182636261 0.949994206428528 0.986478269100189 0.911008894443512 0.742873311042786 0.704589366912842 0.692818999290466 0.699082970619202 0.725805461406708 0.736158192157745 0.765074551105499 0.799699246883392 0.803463280200958 0.723637580871582 0.628817200660706 0.597854316234589 0.699945032596588 0.869868040084839 0.97372955083847 0.973606824874878 0.9469233751297
0.566296935081482 0.526129841804504 0.567020535469055 0.628536343574524 0.618802607059479 0.666052043437958 0.663803458213806 0.682921767234802 0.695013642311096 0.824458718299866 0.840930938720703 0.696067929267883 0.628328502178192 0.691080570220947 0.816346406936646 0.76658821105957 0.879179537296295 0.894221842288971 0.822697639465332 0.912668645381927 0.922166228294373 0.961876094341278 0.963268101215363 0.974168062210083 0.920428574085236 0.958504319190979 0.930493772029877 0.80829244852066 0.668575465679169 0.685363352298737 0.696526885032654 0.742892742156982 0.778330564498901 0.774687588214874 0.886023223400116 0.920400381088257 0.797395646572113 0.723350524902344 0.644888281822205 0.628875970840454 0.75987309217453 0.923464775085449 0.969812273979187 0.950299859046936
0.732488632202148 0.537782311439514 0.562913596630096 0.611639738082886 0.660272359848022 0.705546200275421 0.737576723098755 0.651720464229584 0.660515427589417 0.695888221263885 0.850686192512512 0.963138580322266 0.894967913627625 0.765329897403717 0.695166051387787 0.705316603183746 0.797394931316376 0.900933027267456 0.872363328933716 0.916984438896179 0.960705876350403 0.936892926692963 0.962595582008362 0.940230906009674 0.920557916164398 0.896614491939545 0.896901369094849 0.856801748275757 0.909709393978119 0.797871112823486 0.732975542545319 0.76637852191925 0.903239607810974 0.922646224498749 0.92442262172699 0.925611197948456 0.827216863632202 0.793261528015137 0.781750679016113 0.625458598136902 0.674044549465179 0.817911744117737 0.907360076904297 0.879964172840118
0.575167000293732 0.438125997781754 0.438541084527969 0.522668480873108 0.667661428451538 0.674267292022705 0.710130989551544 0.586217522621155 0.64411187171936 0.749585092067719 0.851352989673615 0.827464938163757 0.944656431674957 0.997430086135864 0.937328636646271 0.660499572753906 0.680853962898254 0.778805553913116 0.913880944252014 0.889946162700653 0.945967555046082 0.946813642978668 0.931639492511749 0.976455986499786 0.947330892086029 0.881316900253296 0.977792024612427 0.956419169902802 0.956758499145508 0.956411838531494 0.823573291301727 0.848269402980804 0.957213819026947 0.993491351604462 0.980436623096466 0.97495299577713 0.953028202056885 0.914358556270599 0.781145989894867 0.649507403373718 0.660300254821777 0.732294082641602 0.816340982913971 0.901145100593567
0.685269832611084 0.555727958679199 0.40613204240799 0.538026630878448 0.643398642539978 0.549987256526947 0.46037095785141 0.509133338928223 0.60463958978653 0.54753851890564 0.488603383302689 0.590372622013092 0.869899392127991 0.987500548362732 0.98437774181366 0.92133903503418 0.629543542861938 0.601686537265778 0.790302038192749 0.912048578262329 0.930016458034515 0.945105016231537 0.95356696844101 0.963101506233215 0.953169703483582 0.970686912536621 0.931453585624695 0.975520730018616 0.97648811340332 0.984124660491943 0.944889307022095 0.924848198890686 0.930045366287231 0.960008025169373 0.945444345474243 0.937117218971252 0.871212720870972 0.789417505264282 0.739890694618225 0.789105534553528 0.775774419307709 0.758662819862366 0.785106062889099 0.858692526817322
0.370226383209229 0.331721752882004 0.4664226770401 0.503720104694366 0.401108205318451 0.454923272132874 0.468247264623642 0.466037184000015 0.601701319217682 0.561507701873779 0.495706647634506 0.617675483226776 0.819470226764679 0.807588517665863 0.860631585121155 0.856695353984833 0.68320506811142 0.539844572544098 0.65603244304657 0.822960615158081 0.902738928794861 0.933812618255615 0.928960561752319 0.962490022182465 0.971045136451721 0.967980980873108 0.975750088691711 0.970997393131256 0.974683165550232 0.975563645362854 0.974143981933594 0.939459621906281 0.906884133815765 0.880964934825897 0.890381038188934 0.861765444278717 0.805279791355133 0.779031813144684 0.859664916992188 0.887751281261444 0.924057126045227 0.863542258739471 0.811940431594849 0.825764417648315
0.339904934167862 0.342920482158661 0.431753903627396 0.598782539367676 0.496209889650345 0.330835819244385 0.454893708229065 0.750584721565247 0.646279573440552 0.541118979454041 0.499466091394424 0.661397099494934 0.680660426616669 0.679943025112152 0.718146204948425 0.770411431789398 0.759196639060974 0.653621912002563 0.539265871047974 0.646715402603149 0.790161490440369 0.825944840908051 0.90945166349411 0.895969867706299 0.93774139881134 0.932086646556854 0.934701561927795 0.94582998752594 0.9676194190979 0.942471086978912 0.917710840702057 0.893391788005829 0.865043640136719 0.822890937328339 0.805931508541107 0.793674826622009 0.810605049133301 0.78305971622467 0.780445277690887 0.846010625362396 0.9227534532547 0.845879912376404 0.801291763782501 0.830150604248047
0.44144394993782 0.456532746553421 0.416483879089355 0.445460587739944 0.589458644390106 0.408996671438217 0.302394270896912 0.386062651872635 0.539501845836639 0.735474407672882 0.533784031867981 0.376904904842377 0.49529492855072 0.801729619503021 0.582732617855072 0.600531935691833 0.809537768363953 0.872018814086914 0.645984053611755 0.551081717014313 0.67938506603241 0.823929190635681 0.863309681415558 0.887719452381134 0.882688403129578 0.903317511081696 0.888330936431885 0.907556712627411 0.928426563739777 0.942725419998169 0.904958784580231 0.872744619846344 0.831010460853577 0.818214654922485 0.825360476970673 0.79946768283844 0.854804992675781 0.815422356128693 0.837443947792053 0.818129897117615 0.815227270126343 0.82301664352417 0.835374355316162 0.871666073799133
0.431121557950974 0.406745046377182 0.341170817613602 0.307131469249725 0.350699335336685 0.359336972236633 0.299070060253143 0.249021917581558 0.262923032045364 0.28665816783905 0.518219232559204 0.43979150056839 0.363718062639236 0.449658393859863 0.623943686485291 0.753964364528656 0.621165931224823 0.717850029468536 0.789443731307983 0.709257364273071 0.54039740562439 0.612195014953613 0.812024474143982 0.927751541137695 0.875771045684814 0.8651083111763 0.859536588191986 0.923034489154816 0.944588780403137 0.946105182170868 0.932476162910461 0.891921877861023 0.889245808124542 0.891348004341125 0.950700521469116 0.818850994110107 0.755950033664703 0.755381882190704 0.792158544063568 0.817357182502747 0.83047491312027 0.845098495483398 0.858137845993042 0.88879406452179
0.36992159485817 0.366961926221848 0.329851865768433 0.295133948326111 0.309994250535965 0.335427612066269 0.284287065267563 0.25124928355217 0.290582031011581 0.258033931255341 0.270013868808746 0.271528005599976 0.307158887386322 0.364563316106796 0.488205999135971 0.643469452857971 0.771289348602295 0.769179344177246 0.804697155952454 0.912543296813965 0.675887167453766 0.625201344490051 0.690244019031525 0.813311576843262 0.83087158203125 0.808634102344513 0.82658863067627 0.873407304286957 0.896186292171478 0.956356048583984 0.931523680686951 0.918878972530365 0.918614864349365 0.903088867664337 0.801777780056 0.757173717021942 0.746894955635071 0.776184380054474 0.8713458776474 0.926636874675751 0.896614074707031 0.884321987628937 0.899027228355408 0.923774719238281
0.31584769487381 0.34311181306839 0.353441447019577 0.376276016235352 0.35369199514389 0.277697682380676 0.265732645988464 0.224080979824066 0.328600436449051 0.427209138870239 0.375631302595139 0.439902067184448 0.341142177581787 0.348063677549362 0.446948349475861 0.563557147979736 0.699260175228119 0.809045135974884 0.734721779823303 0.638924300670624 0.781797885894775 0.865484595298767 0.930495083332062 0.979715764522552 0.861785054206848 0.799839437007904 0.816509962081909 0.858481526374817 0.870411813259125 0.895004570484161 0.940283954143524 0.95919281244278 0.887035548686981 0.8701052069664 0.827495515346527 0.873289108276367 0.787464320659637 0.842052757740021 0.850086569786072 0.925732851028442 0.96581619977951 0.95154482126236 0.95754200220108 0.909835934638977
0.306894838809967 0.291328728199005 0.289503216743469 0.346965909004211 0.281882256269455 0.214765980839729 0.220231160521507 0.253567516803741 0.357457250356674 0.535003066062927 0.489501088857651 0.575836718082428 0.650832712650299 0.622252106666565 0.664771854877472 0.789591252803802 0.6493199467659 0.702054738998413 0.469388067722321 0.669924914836884 0.790351331233978 0.890717029571533 0.981200575828552 0.985155403614044 0.993744432926178 0.937806010246277 0.889187335968018 0.886043608188629 0.874728798866272 0.88712614774704 0.921635091304779 0.924214839935303 0.919767320156097 0.944413721561432 0.939652621746063 0.87715345621109 0.875603854656219 0.864092767238617 0.847206473350525 0.852802693843842 0.920890390872955 0.959259867668152 0.895954132080078 0.843509495258331
0.196335807442665 0.276747554540634 0.315415948629379 0.332477897405624 0.222368389368057 0.212707415223122 0.241066828370094 0.297261923551559 0.304757863283157 0.340391099452972 0.420882731676102 0.555613338947296 0.825172364711761 0.633068740367889 0.38559490442276 0.551263332366943 0.501570165157318 0.336689561605453 0.360690027475357 0.619678199291229 0.788851678371429 0.813538670539856 0.794227540493011 0.947514176368713 0.977202475070953 0.979609489440918 0.937742114067078 0.888822495937347 0.86048412322998 0.929799497127533 0.977398872375488 0.945137560367584 0.910870730876923 0.917336523532867 0.959261178970337 0.971410691738129 0.949429631233215 0.959340989589691 0.900417029857635 0.874678015708923 0.858991503715515 0.845189929008484 0.824830412864685 0.822047472000122
