data/climate_estimation/maxent_output/Gagea_lutea.asc
NCOLS 723 
NROWS 296 
XLLCORNER -9.41666666666667 
YLLCORNER 37.25 
CELLSIZE 0.0833333333333333 
NODATA_value -3.4e+38 
[rows 20 to 39 of 296, columns 184 to 229 of 723]
0.0243140738457441 0.0477967709302902 0.0313688553869724 0.0198138207197189 0.0179734192788601 0.0161692406982183 0.00873985048383474 0.0344577617943287 0.0327907726168633 0.017673060297966 0.0141873992979527 0.0191197395324707 0.0283268243074417 0.0284431148320436 0.0422529689967632 0.0506861880421638 0.0448807626962662 0.0479084588587284 0.0406905896961689 0.0453854538500309 0.0496147833764553 0.0522809140384197 0.0515617579221725 0.0549614876508713 0.0423961393535137 0.0409836806356907 0.0565952509641647 0.05599420145154 0.0517105273902416 0.054435707628727 0.0633767694234848 0.07539152354002 0.0735737234354019 0.0682353898882866 0.096793070435524 0.133567184209824 0.174486234784126 0.300318986177444 0.196674048900604 0.160255879163742 0.214422702789307 0.449590891599655 0.253926366567612 0.218065917491913 0.529128730297089 0.415669292211533
0.0348223559558392 0.0303833205252886 0.0351219512522221 0.0257652848958969 0.0322908349335194 0.0152965281158686 0.0104486374184489 0.0471031665802002 0.0299504660069942 0.024798134341836 0.0225401949137449 0.0203762445598841 0.025238273665309 0.0267790891230106 0.0386297442018986 0.042984277009964 0.0427370294928551 0.0417540296912193 0.0374768413603306 0.0429368652403355 0.0446565411984921 0.045467846095562 0.0504852123558521 0.050164483487606 0.0333667583763599 0.0325105972588062 0.039196003228426 0.0597765706479549 0.0483902506530285 0.0555708408355713 0.0586566291749477 0.0737342238426208 0.0886848866939545 0.106413461267948 0.0981723070144653 0.0783309862017632 0.105363011360168 0.326518803834915 0.334293842315674 0.211975008249283 0.223182678222656 0.328294813632965 0.54664808511734 0.515664577484131 0.500694870948792 0.56573897600174
0.0458965338766575 0.0248261671513319 0.018806429579854 0.0120903616771102 0.00877154991030693 0.00559634389355779 0.0160770788788795 0.0519644804298878 0.0191537905484438 0.0187733583152294 0.0186949446797371 0.0214715246111155 0.0171167720109224 0.0238443855196238 0.0325105078518391 0.0412191599607468 0.0513181425631046 0.0539867542684078 0.0513885207474232 0.0524515919387341 0.0476107150316238 0.0574423298239708 0.0627030730247498 0.0652926936745644 0.0427753068506718 0.049765519797802 0.0585638731718063 0.0543204881250858 0.074031837284565 0.0713977292180061 0.0647655725479126 0.0762802734971046 0.128570809960365 0.183082967996597 0.268083423376083 0.170344933867455 0.126612454652786 0.169057533144951 0.37001234292984 0.404200613498688 0.325081348419189 0.235996350646019 0.459902048110962 0.567214608192444 0.542114615440369 0.589517951011658
0.0294877029955387 0.0258501283824444 0.0139559917151928 0.0114136729389429 0.00917330477386713 0.0115767503157258 0.0155784944072366 0.0383252426981926 0.0386644341051579 0.0325316675007343 0.0210462417453527 0.0230613779276609 0.0450761094689369 0.0247933901846409 0.0204064641147852 0.0388152934610844 0.0505658350884914 0.0476569384336472 0.040476631373167 0.0373496301472187 0.0448417700827122 0.0344979539513588 0.0358062237501144 0.0427921488881111 0.045873798429966 0.053691104054451 0.0362250991165638 0.0415612645447254 0.0646875500679016 0.0651340484619141 0.0668661445379257 0.0844018533825874 0.115673527121544 0.262097805738449 0.47682324051857 0.419399619102478 0.172633022069931 0.181276887655258 0.182794094085693 0.161749377846718 0.462894290685654 0.370394140481949 0.435308009386063 0.457550525665283 0.463373005390167 0.587387263774872
0.0204544812440872 0.0210910402238369 0.0170499123632908 0.0168768502771854 0.0274065844714642 0.031719159334898 0.0320814326405525 0.0253122262656689 0.0306402649730444 0.0252927634865046 0.027239641174674 0.0490723662078381 0.0344035997986794 0.0252876337617636 0.0295012388378382 0.0415404625236988 0.0557273514568806 0.0569810159504414 0.071956105530262 0.0709880068898201 0.0594862177968025 0.0302742309868336 0.0349167995154858 0.0430639423429966 0.0481614470481873 0.108682528138161 0.0795704200863838 0.0924260020256042 0.0890065506100655 0.0751844793558121 0.0944946929812431 0.116064675152302 0.107174903154373 0.138768941164017 0.101225100457668 0.175643652677536 0.450011312961578 0.358331441879272 0.251736700534821 0.124120958149433 0.288523972034454 0.541402459144592 0.550132989883423 0.587088942527771 0.434733748435974 0.501703858375549
0.0320296883583069 0.0239679403603077 0.026785034686327 0.0281817000359297 0.0188157744705677 0.0159814413636923 0.0171787478029728 0.0194233562797308 0.0187760684639215 0.026263078674674 0.0556399784982204 0.0320584252476692 0.02793207205832 0.0309019666165113 0.0318146944046021 0.0608704797923565 0.0716236531734467 0.0808188319206238 0.0946276485919952 0.113371923565865 0.101227566599846 0.0841734036803246 0.0670108273625374 0.0425040721893311 0.0414995849132538 0.108096189796925 0.124312564730644 0.112047508358955 0.0940403789281845 0.0773765817284584 0.0680298358201981 0.106380291283131 0.139394626021385 0.128393620252609 0.156212359666824 0.151324912905693 0.23022086918354 0.556958377361298 0.293278276920319 0.15040884912014 0.206535667181015 0.270155310630798 0.387945920228958 0.512600839138031 0.512338519096375 0.434181839227676
0.029816135764122 0.0322149246931076 0.0303617976605892 0.0202831029891968 0.0172263719141483 0.0308838859200478 0.0315633825957775 0.0340579897165298 0.0281645674258471 0.0347056575119495 0.0436463467776775 0.0310915019363165 0.0356750935316086 0.0398284792900085 0.0427359975874424 0.051300048828125 0.0560116395354271 0.0685740560293198 0.10237617790699 0.137372732162476 0.130235388875008 0.126343786716461 0.120835207402706 0.118129633367062 0.109038837254047 0.18743234872818 0.158095315098763 0.0983269065618515 0.11699453741312 0.0850280597805977 0.115295231342316 0.129378646612167 0.13207770884037 0.167076528072357 0.246265605092049 0.290222018957138 0.327691614627838 0.55430656671524 0.559111952781677 0.614681720733643 0.449844181537628 0.346658527851105 0.398409217596054 0.447420448064804 0.580215871334076 0.640758633613586
0.0272629726678133 0.0236030258238316 0.02054488286376 0.0175051279366016 0.0399908572435379 0.0385473631322384 0.0293398257344961 0.0223635323345661 0.0260990038514137 0.0410471446812153 0.0808967724442482 0.054911982268095 0.0515469945967197 0.0429593659937382 0.041181668639183 0.05625981092453 0.0622282586991787 0.077546663582325 0.0974953025579453 0.0730036124587059 0.0528489239513874 0.0770697519183159 0.169981047511101 0.212216153740883 0.190008908510208 0.150840654969215 0.100768715143204 0.166540205478668 0.165857464075089 0.188320130109787 0.207943931221962 0.203079476952553 0.269609570503235 0.25886607170105 0.303208440542221 0.434919565916061 0.623681485652924 0.602478444576263 0.644072890281677 0.621867597103119 0.628685474395752 0.399528235197067 0.414107114076614 0.427032709121704 0.677968800067902 0.73100221157074
0.0275274813175201 0.0256437938660383 0.0197206474840641 0.0237622000277042 0.0453435182571411 0.0351072736084461 0.0313316881656647 0.0399068146944046 0.0593785308301449 0.04429916664958 0.028425419703126 0.0299591012299061 0.0268164742738008 0.0397467203438282 0.0517465025186539 0.0556299462914467 0.0658924803137779 0.0876639857888222 0.0685907825827599 0.0378684066236019 0.0397120304405689 0.0921215862035751 0.133267089724541 0.162996232509613 0.297382563352585 0.235373139381409 0.189568936824799 0.209898561239243 0.18411311507225 0.174365341663361 0.217005953192711 0.220369979739189 0.282993614673615 0.111640408635139 0.126608148217201 0.184362664818764 0.242116510868073 0.440377026796341 0.501599133014679 0.643844544887543 0.719498336315155 0.536922872066498 0.350755453109741 0.395814180374146 0.438753873109818 0.409566104412079
0.029540816321969 0.035858016461134 0.0360924489796162 0.0434649437665939 0.0350666791200638 0.0337740667164326 0.0391929149627686 0.032261461019516 0.0325124636292458 0.0264939405024052 0.0229586400091648 0.0276049617677927 0.0282956548035145 0.0319207385182381 0.0354955308139324 0.0457629859447479 0.0515210591256618 0.089907243847847 0.086356021463871 0.0491263754665852 0.0437681190669537 0.124779298901558 0.173168271780014 0.251430839300156 0.323568612337112 0.280979841947556 0.29947155714035 0.302364706993103 0.275702685117722 0.324559271335602 0.370201468467712 0.317650467157364 0.484494209289551 0.416730523109436 0.293093055486679 0.292837411165237 0.27886900305748 0.567460834980011 0.631630122661591 0.456266969442368 0.747870206832886 0.434786409139633 0.287923276424408 0.347898423671722 0.366909384727478 0.397736549377441
0.029314860701561 0.0414358116686344 0.0397774092853069 0.0404547490179539 0.0277036130428314 0.0260950662195683 0.0332634560763836 0.0322694070637226 0.0288859140127897 0.0246963165700436 0.0259582474827766 0.0292969532310963 0.032855898141861 0.029656857252121 0.0290301218628883 0.0465768836438656 0.0709061175584793 0.0838975310325623 0.0605043396353722 0.0597319789230824 0.0748285874724388 0.120909854769707 0.150573298335075 0.141464352607727 0.204569980502129 0.257221758365631 0.365907222032547 0.417781412601471 0.413363516330719 0.316963046789169 0.473660290241241 0.546930313110352 0.317428141832352 0.397701025009155 0.564108192920685 0.499502032995224 0.660893499851227 0.742526650428772 0.713491857051849 0.785567879676819 0.701461553573608 0.510300874710083 0.395215809345245 0.509400367736816 0.41990864276886 0.462669879198074
0.0372493341565132 0.0345142520964146 0.0412979982793331 0.0332049578428268 0.0367684699594975 0.0380744636058807 0.0335593335330486 0.0284384768456221 0.0259259548038244 0.0218565911054611 0.0231654271483421 0.0270102694630623 0.0310161076486111 0.0335452146828175 0.0384603515267372 0.0575343444943428 0.0787810832262039 0.102919466793537 0.107182905077934 0.0800138413906097 0.0875288918614388 0.136568292975426 0.1371079236269 0.164628624916077 0.178410410881042 0.247237235307693 0.308052182197571 0.145359233021736 0.14343373477459 0.283780932426453 0.50154185295105 0.390911936759949 0.339229017496109 0.466352432966232 0.478463113307953 0.470554560422897 0.593812763690948 0.67118912935257 0.755045354366302 0.758662343025208 0.796784102916718 0.779480278491974 0.678013265132904 0.774385631084442 0.637963056564331 0.645594477653503
0.0385332778096199 0.0428619831800461 0.037968285381794 0.0322768837213516 0.0281430575996637 0.0323218554258347 0.0248501226305962 0.0227577611804008 0.0243708975613117 0.0243380852043629 0.0240912325680256 0.0235043726861477 0.034356165677309 0.0344912670552731 0.0293544977903366 0.0326643288135529 0.0406635366380215 0.0439688824117184 0.0744020640850067 0.226812079548836 0.081663154065609 0.164016455411911 0.150233522057533 0.213124811649323 0.230734884738922 0.369331508874893 0.280101120471954 0.195402592420578 0.177852302789688 0.213230013847351 0.502481520175934 0.304781228303909 0.269888877868652 0.385224103927612 0.453375399112701 0.320408493280411 0.512963652610779 0.552887260913849 0.687555193901062 0.703374743461609 0.711044549942017 0.788815379142761 0.798267185688019 0.80683434009552 0.819277703762054 0.705268383026123
0.0397686250507832 0.0343773327767849 0.0355686135590076 0.0359006263315678 0.0310940649360418 0.0277937147766352 0.023259237408638 0.0210783332586288 0.0266782473772764 0.0205432381480932 0.0237130727618933 0.0336807183921337 0.03737822920084 0.0279542431235313 0.0299557615071535 0.0404531732201576 0.0376907028257847 0.04640157148242 0.0762549862265587 0.125471636652946 0.0791045576334 0.133384346961975 0.13976839184761 0.144870549440384 0.211726948618889 0.302674353122711 0.376752436161041 0.247080609202385 0.202474147081375 0.267917990684509 0.470876574516296 0.381200402975082 0.236871942877769 0.304516971111298 0.502213597297668 0.651690542697906 0.713207423686981 0.724275588989258 0.689650297164917 0.677881360054016 0.723591685295105 0.766838073730469 0.781007468700409 0.79686427116394 0.82889324426651 0.802677512168884
0.0372566021978855 0.0361573211848736 0.0266721919178963 0.0237159878015518 0.0239547118544579 0.0300583746284246 0.0272454619407654 0.0287847351282835 0.0251052118837833 0.0292587131261826 0.0280352924019098 0.0357690565288067 0.0395445674657822 0.0333715751767159 0.0386126898229122 0.0413830801844597 0.0401244424283504 0.0546394735574722 0.0677868649363518 0.118094198405743 0.098002165555954 0.148229867219925 0.149770319461823 0.166689589619637 0.195522531867027 0.245312765240669 0.20654658973217 0.346732556819916 0.312637478113174 0.268973350524902 0.345021218061447 0.407836049795151 0.347631275653839 0.348951727151871 0.470690667629242 0.502238214015961 0.52898508310318 0.661849081516266 0.747624635696411 0.737419784069061 0.730523645877838 0.746313571929932 0.764443874359131 0.767071962356567 0.79360044002533 0.824303448200226
0.0394409187138081 0.0402747094631195 0.0334223732352257 0.0288427267223597 0.0260616261512041 0.0206945966929197 0.0202748458832502 0.0197434835135937 0.0192894879728556 0.0224487669765949 0.027291776612401 0.0371842943131924 0.032600749284029 0.0314978212118149 0.0406017452478409 0.0431398972868919 0.0392468646168709 0.0476177521049976 0.0630820542573929 0.0913152471184731 0.101007848978043 0.130448862910271 0.166444361209869 0.170228183269501 0.188459008932114 0.230916529893875 0.224517181515694 0.266787558794022 0.35983070731163 0.410953968763351 0.46489405632019 0.568159222602844 0.489177614450455 0.38484051823616 0.445603966712952 0.551317989826202 0.608871221542358 0.652378976345062 0.72580873966217 0.723499834537506 0.761690855026245 0.766662895679474 0.785470366477966 0.78508722782135 0.82643735408783 0.83878368139267
0.0333242900669575 0.0320010222494602 0.036456510424614 0.0287866201251745 0.0270626563578844 0.0231231041252613 0.0202425271272659 0.0200074948370457 0.023451516404748 0.0262585449963808 0.0350929871201515 0.0374901443719864 0.0357661433517933 0.0374399945139885 0.0397162735462189 0.0399583615362644 0.0463394112884998 0.0487413480877876 0.0587471127510071 0.0741681903600693 0.082538977265358 0.12969109416008 0.124322146177292 0.191418126225471 0.185623347759247 0.212761387228966 0.216127574443817 0.250362575054169 0.407405287027359 0.365503937005997 0.403347015380859 0.533050358295441 0.574531614780426 0.514107704162598 0.486847817897797 0.5471470952034 0.619590163230896 0.711004555225372 0.704093337059021 0.708792865276337 0.767846882343292 0.784699559211731 0.825132727622986 0.827252626419067 0.839344620704651 -3.4e+38
0.0327016450464725 0.0305524170398712 0.0234093926846981 0.0253126136958599 0.0259381160140038 0.0226169545203447 0.0225641224533319 0.0223938766866922 0.0246091205626726 0.0298786498606205 0.0351428836584091 0.0307962615042925 0.0350855439901352 0.039381355047226 0.033484973013401 0.0356277972459793 0.0434141159057617 0.0546996779739857 0.0631304904818535 0.0867673307657242 0.0709461718797684 0.0860763192176819 0.150758132338524 0.10248276591301 0.187979191541672 0.238936692476273 0.305640339851379 0.352219521999359 0.303404152393341 0.387540608644485 0.511425137519836 0.563872635364532 0.538244903087616 0.58216917514801 0.600926578044891 0.624435365200043 0.650451421737671 0.693992793560028 0.74736887216568 0.75165182352066 0.785216510295868 0.802369713783264 0.81969827413559 -3.4e+38 -3.4e+38 -3.4e+38
0.0303762853145599 0.0278725661337376 0.0284929424524307 0.0296099334955215 0.0225241649895906 0.0249793976545334 0.0254376009106636 0.0253928545862436 0.0285946000367403 0.0426657795906067 0.0347008891403675 0.0322592481970787 0.0426765270531178 0.0366130769252777 0.0330304615199566 0.0380729734897614 0.0436855331063271 0.0552977733314037 0.0692817568778992 0.0748167112469673 0.0772993713617325 0.0862420946359634 0.131421774625778 0.106410726904869 0.111133091151714 0.12701989710331 0.276810973882675 0.419523388147354 0.465321958065033 0.495629221200943 0.518200814723969 0.551515340805054 0.596342265605927 0.55037522315979 0.613291025161743 0.653465092182159 0.669144093990326 0.729490339756012 0.762677490711212 0.786779284477234 0.806005954742432 -3.4e+38 -3.4e+38 -3.4e+38 -3.4e+38 -3.4e+38
0.0285531710833311 0.032258827239275 0.036345649510622 0.0293639600276947 0.0252926368266344 0.024374820291996 0.0279145408421755 0.0304709859192371 0.0318936556577682 0.046603936702013 0.0359005965292454 0.0364440083503723 0.0427548661828041 0.0398350246250629 0.0404409803450108 0.0389462560415268 0.0426374897360802 0.0567227564752102 0.0690521374344826 0.0770744457840919 0.0942748561501503 0.0960754156112671 0.124551042914391 0.103242047131062 0.10579489916563 0.117988429963589 0.149239912629128 0.19292987883091 0.333111494779587 0.508838176727295 0.467076569795609 0.502343118190765 0.585730969905853 0.636040151119232 0.672502279281616 0.700764894485474 0.741317093372345 0.75506591796875 0.767346680164337 0.810345530509949 -3.4e+38 -3.4e+38 -3.4e+38 -3.4e+38 -3.4e+38 -3.4e+38
