data/climate_estimation/maxent_output/Gagea_soleirolii.asc
NCOLS 222 
NROWS 76 
XLLCORNER -8.66666666666667 
YLLCORNER 36.9166666666667 
CELLSIZE 0.0833333333333333 
NODATA_value -3.4e+38 
[rows 0 to 21 of 76, columns 0 to 49 of 222]
0.175485700368881 0.193736746907234 0.201690226793289 0.20023301243782 0.21077361702919 0.218929022550583 0.226849600672722 0.241831749677658 0.246925234794617 0.310590356588364 0.316970437765121 0.359076648950577 0.374562114477158 0.388540208339691 0.410684943199158 0.410924226045609 0.409062415361404 0.423557281494141 0.454161435365677 0.456093460321426 0.440000832080841 0.451974034309387 0.426644414663315 0.367104113101959 0.427281230688095 0.40675213932991 0.396098881959915 0.294917166233063 0.308037668466568 0.261307060718536 0.235313221812248 0.21946769952774 0.189742609858513 0.188650324940681 0.145692229270935 0.194057449698448 0.199395149946213 0.195910602807999 0.196465373039246 0.202595353126526 0.154447391629219 0.196774080395699 0.194316059350967 0.148186773061752 0.0731425359845161 0.106981128454208 0.0850505456328392 0.100145056843758 0.189414232969284 0.172192752361298
0.195330455899239 0.20454078912735 0.227026954293251 0.240726739168167 0.245344594120979 0.250446856021881 0.255136221647263 0.26594015955925 0.302767992019653 0.321997851133347 0.353616178035736 0.391424775123596 0.412542968988419 0.447094410657883 0.467510372400284 0.470377385616302 0.502317309379578 0.515800714492798 0.504715621471405 0.518207907676697 0.510094046592712 0.524496614933014 0.482063740491867 0.399133682250977 0.441053479909897 0.425508052110672 0.345508724451065 0.248630344867706 0.296135127544403 0.24974761903286 0.248733922839165 0.215586483478546 0.242602080106735 0.237388476729393 0.250523149967194 0.215089663863182 0.208334505558014 0.207415550947189 0.167249947786331 0.149032279849052 0.154499769210815 0.142624542117119 0.126670256257057 0.156362473964691 0.110173054039478 0.0915392339229584 0.11604081094265 0.204347535967827 0.229750901460648 0.223917990922928
0.222325071692467 0.243539795279503 0.256855010986328 0.269269198179245 0.275401294231415 0.281449139118195 0.284994542598724 0.293708860874176 0.31429198384285 0.367045432329178 0.415913224220276 0.457834124565125 0.468693524599075 0.527994751930237 0.542282581329346 0.590391635894775 0.605732202529907 0.587950706481934 0.58240282535553 0.574967503547668 0.590861141681671 0.594502329826355 0.481305152177811 0.377231538295746 0.439955979585648 0.334615051746368 0.317980796098709 0.194194748997688 0.17362841963768 0.194206476211548 0.13411009311676 0.163181066513062 0.140452742576599 0.216192618012428 0.236188352108002 0.137877747416496 0.132392928004265 0.144152894616127 0.112255930900574 0.109603680670261 0.133645832538605 0.110174216330051 0.132075503468513 0.139883875846863 0.110072113573551 0.109667100012302 0.0766150504350662 0.0868986770510674 0.113429225981236 0.156432434916496
0.249556764960289 0.272245526313782 0.291044145822525 0.283968836069107 0.282903730869293 0.280407428741455 0.29723647236824 0.305081009864807 0.356428116559982 0.403001219034195 0.459682554006577 0.521265745162964 0.588904201984406 0.599182426929474 0.656255960464478 0.679664552211761 0.663696110248566 0.661918640136719 0.606063008308411 0.654822707176208 0.613747417926788 0.547827124595642 0.5125492811203 0.4164038002491 0.384909749031067 0.312049895524979 0.254308611154556 0.267394691705704 0.257111549377441 0.254291653633118 0.193463906645775 0.206884518265724 0.188527256250381 0.164380818605423 0.179252579808235 0.16586622595787 0.143995881080627 0.163468584418297 0.132880583405495 0.147987589240074 0.172556936740875 0.155693247914314 0.144009336829185 0.155665323138237 0.167137265205383 0.126800194382668 0.0905477628111839 0.0788829401135445 0.0961448922753334 0.132597371935844
0.26218968629837 0.280533581972122 0.293816268444061 0.334861993789673 0.349766761064529 0.32997077703476 0.388915508985519 0.394151538610458 0.409834563732147 0.453549176454544 0.525725960731506 0.596493124961853 0.629981219768524 0.681407511234283 0.739318132400513 0.721940338611603 0.716749012470245 0.654058158397675 0.670101225376129 0.661958575248718 0.567793309688568 0.450905054807663 0.363076746463776 0.339844793081284 0.399594724178314 0.368624418973923 0.343848913908005 0.303811639547348 0.213923558592796 0.228609547019005 0.195784315466881 0.174864932894707 0.213903412222862 0.232989966869354 0.172409251332283 0.210297554731369 0.202408343553543 0.190392419695854 0.172131419181824 0.196415230631828 0.200389117002487 0.164088904857635 0.190988421440125 0.172971248626709 0.179015457630157 0.140830844640732 0.137557432055473 0.129994779825211 0.144915580749512 0.177947893738747
0.316437184810638 0.301394611597061 0.354241579771042 0.392691224813461 0.39036238193512 0.332377701997757 0.381970167160034 0.390663981437683 0.476039260625839 0.514099299907684 0.599751710891724 0.670248925685883 0.732239067554474 0.768064677715302 0.720929205417633 0.74544483423233 0.689254760742188 0.669155180454254 0.68259984254837 0.653429508209229 0.584180772304535 0.408345490694046 0.483149290084839 0.516940414905548 0.556262731552124 0.530031442642212 0.386346369981766 0.260554820299149 0.262415617704391 0.239344879984856 0.270423978567123 0.294777423143387 0.291521459817886 0.281441926956177 0.260151475667953 0.230968445539474 0.255360811948776 0.26686030626297 0.219824269413948 0.227478489279747 0.215918183326721 0.225454345345497 0.228590399026871 0.202525496482849 0.214254528284073 0.197072759270668 0.185884281992912 0.207517564296722 0.219309613108635 0.197963416576385
0.308362752199173 0.30907216668129 0.356327921152115 0.295500844717026 0.324885606765747 0.380268156528473 0.392165184020996 0.475048065185547 0.520430982112885 0.605900049209595 0.699551165103912 0.778894484043121 0.775481820106506 0.740982234477997 0.732677578926086 0.733383595943451 0.727191984653473 0.641095876693726 0.618452250957489 0.578766644001007 0.62140029668808 0.542713582515717 0.616883039474487 0.668124496936798 0.66296648979187 0.650293231010437 0.52963525056839 0.458166211843491 0.440582007169724 0.375340551137924 0.327513545751572 0.297217279672623 0.313840240240097 0.300718605518341 0.300331771373749 0.304763048887253 0.353917330503464 0.344894260168076 0.297204583883286 0.255366265773773 0.239392265677452 0.261649012565613 0.25654661655426 0.255470544099808 0.251166373491287 0.234278008341789 0.220058128237724 0.222793772816658 0.23861163854599 0.227916046977043
0.302474588155746 0.263287246227264 0.273265063762665 0.282079637050629 0.300886541604996 0.392645746469498 0.490459471940994 0.512793362140656 0.598307728767395 0.63102513551712 0.791028141975403 0.836934447288513 0.788367986679077 0.78258216381073 0.786625862121582 0.757160723209381 0.701040387153625 0.700453460216522 0.654350280761719 0.614095091819763 0.651708483695984 0.672614395618439 0.700303792953491 0.717131793498993 0.755476474761963 0.710397899150848 0.675876975059509 0.606964230537415 0.506707191467285 0.432375699281693 0.424212336540222 0.410512149333954 0.347798556089401 0.356846421957016 0.332413345575333 0.362003147602081 0.408350378274918 0.38527050614357 0.320892661809921 0.280859380960464 0.246166229248047 0.248836621642113 0.241692677140236 0.266272395849228 0.245421275496483 0.235603049397469 0.228874385356903 0.232842341065407 0.252140581607819 0.235193118453026
0.279808431863785 0.27816703915596 0.279547363519669 0.329388678073883 0.344186425209045 0.402902483940125 0.51421070098877 0.582447350025177 0.61724853515625 0.755229473114014 0.790161073207855 0.833378612995148 0.816664814949036 0.790192008018494 0.799177706241608 0.77754545211792 0.780714452266693 0.755139172077179 0.650868654251099 0.65266877412796 0.679348111152649 0.702901065349579 0.731641590595245 0.74565988779068 0.736306071281433 0.731826961040497 0.56791216135025 0.506742596626282 0.466279327869415 0.433076560497284 0.441969722509384 0.43635568022728 0.398771345615387 0.373163253068924 0.344927400350571 0.385716199874878 0.376699775457382 0.329886615276337 0.279936492443085 0.257946491241455 0.246256187558174 0.252257525920868 0.254284113645554 0.245357751846313 0.260858923196793 0.24224328994751 0.232536613941193 0.242983996868134 0.243921622633934 0.246477589011192
0.277601659297943 0.271814703941345 0.289314925670624 0.324135333299637 0.403842806816101 0.521861255168915 0.686117649078369 0.800370275974274 0.825659573078156 0.857162892818451 0.85238641500473 0.858730137348175 0.845490276813507 0.822713255882263 0.801564633846283 0.803498864173889 0.748755514621735 0.75147819519043 0.726792633533478 0.716428637504578 0.711604237556458 0.75277715921402 0.734737813472748 0.669207632541656 0.597205460071564 0.599101662635803 0.484710603952408 0.441592991352081 0.498949617147446 0.516071796417236 0.487872183322906 0.467643320560455 0.395626574754715 0.365822941064835 0.342163532972336 0.301833152770996 0.321007877588272 0.262161582708359 0.239405393600464 0.221913188695908 0.237081065773964 0.23871049284935 0.240733832120895 0.231721982359886 0.228835210204124 0.220872640609741 0.235232204198837 0.221838176250458 0.22646701335907 0.229752823710442
0.258366703987122 0.288785815238953 0.313528835773468 0.338626325130463 0.471344709396362 0.662177205085754 0.864495933055878 0.8461794257164 0.88123095035553 0.84762442111969 0.854123473167419 0.821837723255157 0.810512721538544 0.826070845127106 0.80413681268692 0.772945046424866 0.74254047870636 0.767191588878632 0.770564913749695 0.728535890579224 0.684894800186157 0.714243233203888 0.644792377948761 0.621338546276093 0.599728286266327 0.418721228837967 0.414311498403549 0.45174103975296 0.541140794754028 0.544534921646118 0.511723339557648 0.448587507009506 0.419094115495682 0.374472171068192 0.298909902572632 0.292157828807831 0.26781040430069 0.235568672418594 0.244389310479164 0.233749598264694 0.218497395515442 0.226723968982697 0.227029919624329 0.219802007079124 0.210386320948601 0.215661808848381 0.218637853860855 0.205755233764648 0.209105476737022 0.215671554207802
0.277346700429916 0.280589163303375 0.359740555286407 0.4009989798069 0.438016474246979 0.686505317687988 0.894266128540039 0.872212171554565 0.875747323036194 0.878467798233032 0.860164701938629 0.832070410251617 0.810519218444824 0.777839541435242 0.760082483291626 0.733621954917908 0.652106523513794 0.749933838844299 0.7168790102005 0.72077739238739 0.627170383930206 0.59504222869873 0.550211071968079 0.536816775798798 0.58064991235733 0.597596943378448 0.562744677066803 0.449243545532227 0.5160231590271 0.553586661815643 0.520495057106018 0.485300183296204 0.405016660690308 0.344675540924072 0.309883236885071 0.290740609169006 0.274909168481827 0.245080515742302 0.239515349268913 0.22225233912468 0.20738098025322 0.208515137434006 0.214121073484421 0.215797081589699 0.200653836131096 0.199016273021698 0.200941100716591 0.184470102190971 0.188373982906342 0.191198110580444
0.272867023944855 0.379484951496124 0.495702415704727 0.491731137037277 0.597108960151672 0.828342437744141 0.892537951469421 0.883178532123566 0.884342670440674 0.879538834095001 0.858023881912231 0.84909462928772 0.828295767307281 0.774151027202606 0.694693744182587 0.67646723985672 0.592878878116608 0.708929777145386 0.718081712722778 0.659765779972076 0.630628407001495 0.51705926656723 0.431821823120117 0.466894388198853 0.513506233692169 0.518060266971588 0.544460892677307 0.595776498317719 0.562905311584473 0.578040838241577 0.532458007335663 0.478672623634338 0.403046399354935 0.351799637079239 0.317699402570724 0.272476553916931 0.254613965749741 0.235655099153519 0.222939312458038 0.226988643407822 0.214119151234627 0.210481122136116 0.195520520210266 0.194245219230652 0.193469077348709 0.194128930568695 0.182570040225983 0.182868629693985 0.167267203330994 0.154026120901108
0.381480902433395 0.44310662150383 0.581196188926697 0.599212646484375 0.802611947059631 0.864489793777466 0.85347193479538 0.787805318832397 0.826683759689331 0.84098094701767 0.804511368274689 0.838275969028473 0.815091609954834 0.785037815570831 0.754254102706909 0.729059875011444 0.722299993038177 0.755271017551422 0.70605194568634 0.650245070457458 0.627353250980377 0.539300978183746 0.513531804084778 0.633328199386597 0.662993609905243 0.665792465209961 0.654477655887604 0.658992648124695 0.646640181541443 0.585945069789886 0.556488275527954 0.443082571029663 0.379115164279938 0.343180626630783 0.31267648935318 0.290971219539642 0.252829045057297 0.227536410093307 0.219906121492386 0.209377229213715 0.195503637194633 0.183107882738113 0.198698759078979 0.183331161737442 0.178672090172768 0.165208339691162 0.167295753955841 0.152555227279663 0.149870425462723 0.138495355844498
0.438963443040848 0.530643284320831 0.57753586769104 0.697796046733856 0.686435639858246 0.553148925304413 0.597467958927155 0.717797040939331 0.808644950389862 0.865947306156158 0.849003195762634 0.84111475944519 0.824907004833221 0.765631020069122 0.805906057357788 0.754189014434814 0.726562261581421 0.739787876605988 0.706618428230286 0.68195915222168 0.678670585155487 0.641868233680725 0.600436687469482 0.694710910320282 0.663243770599365 0.640174627304077 0.666181564331055 0.646667897701263 0.672023117542267 0.611359059810638 0.519275963306427 0.464015305042267 0.376455008983612 0.341665476560593 0.313723087310791 0.273082792758942 0.249004185199738 0.206444934010506 0.201198861002922 0.195328295230865 0.183593168854713 0.168671265244484 0.18503674864769 0.168673500418663 0.155092194676399 0.154224514961243 0.166748329997063 0.152764841914177 0.140475243330002 0.14188015460968
0.445565968751907 0.462286472320557 0.55915230512619 0.646334648132324 0.483527719974518 0.701921999454498 0.820248425006866 0.859313547611237 0.850230038166046 0.792597532272339 0.782120883464813 0.790855646133423 0.76889979839325 0.815248191356659 0.736997783184052 0.748543679714203 0.726019203662872 0.692701578140259 0.689285576343536 0.688950836658478 0.706101715564728 0.706988215446472 0.695424497127533 0.720613718032837 0.669944763183594 0.678045868873596 0.682082891464233 0.670570969581604 0.664689540863037 0.657922327518463 0.546332001686096 0.491021007299423 0.402344584465027 0.335309028625488 0.271345138549805 0.227375239133835 0.209325194358826 0.194486483931541 0.167674884200096 0.173434838652611 0.172795668244362 0.154213383793831 0.156260922551155 0.175125643610954 0.173687309026718 0.171470835804939 0.155093193054199 0.156626924872398 0.158145800232887 0.152783587574959
0.473820000886917 0.492528229951859 0.650671660900116 0.727693557739258 0.786155164241791 0.860749781131744 0.844360888004303 0.768444538116455 0.702504754066467 0.734509110450745 0.762245774269104 0.766323268413544 0.78281158208847 0.760443270206451 0.728510022163391 0.722061216831207 0.721717000007629 0.674958229064941 0.727279424667358 0.707501351833344 0.707888603210449 0.685942530632019 0.695314109325409 0.670597195625305 0.708307862281799 0.689718186855316 0.715331614017487 0.6823890209198 0.678893208503723 0.682086706161499 0.588058888912201 0.509462416172028 0.396399825811386 0.363766491413116 0.284685462713242 0.216461434960365 0.196634754538536 0.173706859350204 0.176145017147064 0.15708589553833 0.158284619450569 0.155241310596466 0.158654808998108 0.159945234656334 0.166371092200279 0.181968167424202 0.17595000565052 0.181714847683907 0.159922510385513 0.149355620145798
0.520759761333466 0.619691848754883 0.701248109340668 0.751913130283356 0.793692767620087 0.784160792827606 0.706267178058624 0.62061733007431 0.796103477478027 0.76227593421936 0.808894038200378 0.833982765674591 0.840705752372742 0.812419414520264 0.718118250370026 0.770594358444214 0.771745264530182 0.73700487613678 0.698483407497406 0.694818258285522 0.717882990837097 0.725842416286469 0.73811948299408 0.653233587741852 0.692158579826355 0.707491874694824 0.718647301197052 0.690738797187805 0.674303412437439 0.60187029838562 0.581284880638123 0.493552029132843 0.403113126754761 0.310866445302963 0.252105265855789 0.22035039961338 0.175040706992149 0.164248436689377 0.14387084543705 0.14513523876667 0.149617373943329 0.149037808179855 0.146280318498611 0.167352914810181 0.187279269099236 0.18139623105526 0.18979974091053 0.183358550071716 0.168595746159554 0.173785269260406
0.536933600902557 0.617242932319641 0.689345240592957 0.739111721515656 0.840304672718048 0.876054704189301 0.873975336551666 0.864790916442871 0.83711040019989 0.79325008392334 0.819524586200714 0.830267667770386 0.862402439117432 0.760400354862213 0.756636440753937 0.765343189239502 0.769313097000122 0.723619759082794 0.696828961372375 0.725588023662567 0.787477374076843 0.741428792476654 0.699946820735931 0.719310939311981 0.68691498041153 0.671944677829742 0.737909078598022 0.735980331897736 0.722682595252991 0.579510807991028 0.556590914726257 0.497754603624344 0.411130964756012 0.317393809556961 0.243463426828384 0.204111471772194 0.168855339288712 0.145500585436821 0.134414926171303 0.136476010084152 0.150453314185143 0.152826339006424 0.169405296444893 0.172908276319504 0.189673900604248 0.192777812480927 0.190472543239594 0.203521728515625 0.189415976405144 0.193259656429291
0.519264817237854 0.602778792381287 0.667223513126373 0.767497956752777 0.829099595546722 0.911270976066589 0.848294615745544 0.833460807800293 0.796829998493195 0.843404412269592 0.87737774848938 0.877901613712311 0.850822031497955 0.806337654590607 0.866291463375092 0.777942299842834 0.758105099201202 0.711183309555054 0.657894968986511 0.700980305671692 0.723242402076721 0.802542090415955 0.733104884624481 0.699726343154907 0.70663058757782 0.709887862205505 0.765630722045898 0.703592598438263 0.69646543264389 0.600528597831726 0.559668660163879 0.521146774291992 0.395994037389755 0.318087428808212 0.234966963529587 0.190648347139359 0.149715006351471 0.152618885040283 0.141430512070656 0.137226954102516 0.138354986906052 0.136744782328606 0.155910268425941 0.176703453063965 0.195726081728935 0.199841737747192 0.195771217346191 0.223052591085434 0.201298922300339 0.204046472907066
0.526917040348053 0.579607129096985 0.670567214488983 0.782838821411133 0.828789174556732 0.880443274974823 0.879806280136108 0.866929590702057 0.868457496166229 0.857455253601074 0.852330505847931 0.858100175857544 0.857767999172211 0.856212735176086 0.82337087392807 0.757081866264343 0.707906544208527 0.664333522319794 0.695777058601379 0.749606966972351 0.764562368392944 0.737558126449585 0.739260256290436 0.660588979721069 0.712431013584137 0.717746078968048 0.708135008811951 0.758759438991547 0.654245376586914 0.56046724319458 0.519772410392761 0.492096662521362 0.393057763576508 0.29059374332428 0.224309489130974 0.173022285103798 0.155643686652184 0.142535716295242 0.130802273750305 0.130667954683304 0.139403477311134 0.128849431872368 0.14071848988533 0.161805927753448 0.162226021289825 0.178575664758682 0.179175466299057 0.188245072960854 0.203135818243027 0.224563106894493
0.537262380123138 0.612500190734863 0.706502854824066 0.737064599990845 0.812695741653442 0.913550615310669 0.887515485286713 0.877066135406494 0.868971347808838 0.875677883625031 0.82407534122467 0.819568514823914 0.838576257228851 0.850003838539124 0.828299641609192 0.808255732059479 0.760573267936707 0.649250090122223 0.667670130729675 0.789852201938629 0.79746812582016 0.716582775115967 0.707473039627075 0.683575928211212 0.687175929546356 0.696117520332336 0.732589483261108 0.694802165031433 0.617003917694092 0.604749917984009 0.558412611484528 0.454615503549576 0.37888839840889 0.286524713039398 0.204610854387283 0.172088816761971 0.150248780846596 0.142316430807114 0.126919433474541 0.129607811570168 0.117851696908474 0.133298844099045 0.150384217500687 0.150948867201805 0.170583859086037 0.172291979193687 0.186409085988998 0.178465038537979 0.191504284739494 0.246021509170532
