data/climate_estimation/maxent_output/Gagea_setifolia.asc
NCOLS 228 
NROWS 109 
XLLCORNER 56.8333333333333 
YLLCORNER 29.3333333333333 
CELLSIZE 0.0833333333333333 
NODATA_value -3.4e+38 
[rows 76 to 94 of 109, columns 176 to 219 of 228]
0.0038166418671608 0.00383316911756992 0.00369733339175582 0.00387115473859012 0.00392097886651754 0.00390793662518263 0.00404569040983915 0.00404569040983915 0.00415861466899514 0.0041441828943789 0.00429266598075628 0.00445183040574193 0.00465874560177326 0.00512332282960415 0.00497547211125493 0.00498863775283098 0.00493033835664392 0.0047579207457602 0.00494275102391839 0.0048987022601068 0.00481023546308279 0.0048242537304759 0.00486354390159249 0.00473163137212396 0.0046178656630218 0.00436931988224387 0.00444080587476492 0.00441376958042383 0.00450510112568736 0.00435617053881288 0.00456363707780838 0.00444218376651406 0.00462911743670702 0.00436336826533079 0.00471897516399622 0.0045774313621223 0.00451419223099947 0.00434473855420947 0.00426982436329126 0.00406085280701518 0.00408543227240443 0.00390203995630145 0.00369927519932389 0.00359239429235458
0.00393224507570267 0.00397051032632589 0.00365767301991582 0.00382391316816211 0.00385364843532443 0.0039989436045289 0.00392547808587551 0.00430571613833308 0.0042907758615911 0.00419603055343032 0.0044627832248807 0.0044532916508615 0.00450546527281404 0.00492460932582617 0.00511061400175095 0.00503422832116485 0.00525573967024684 0.00509980553761125 0.00500773545354605 0.00487040495499969 0.00514168897643685 0.00492022652179003 0.00459043448790908 0.00448525231331587 0.00442842952907085 0.00433331355452538 0.00463680736720562 0.00454707117751241 0.00451555754989386 0.00465134810656309 0.00456587923690677 0.0046038031578064 0.00462911743670702 0.00436843000352383 0.00445253681391478 0.00438455585390329 0.00452467100694776 0.00439402088522911 0.00440084701403975 0.00413851719349623 0.0041241436265409 0.00393718155100942 0.00373693136498332 0.00350185460411012
0.0038406983949244 0.00417964998632669 0.00420538568869233 0.00407212320715189 0.0040974784642458 0.00406903587281704 0.00410695793107152 0.00452367728576064 0.00434405310079455 0.00440860074013472 0.00446795672178268 0.00452611921355128 0.0048816679045558 0.0050183474086225 0.00518981833010912 0.00539763551205397 0.0052132960408926 0.00500773545354605 0.00526830786839128 0.00504800258204341 0.00491371238604188 0.00469263317063451 0.00491911079734564 0.00481757055968046 0.00468542519956827 0.00468145590275526 0.00467061717063189 0.00450578052550554 0.00442231586202979 0.00458178482949734 0.00470012240111828 0.00456058979034424 0.00464839953929186 0.00462225591763854 0.00450063962489367 0.00460477359592915 0.00455735623836517 0.00452502723783255 0.00464856112375855 0.00445711379870772 0.00417687091976404 0.00410959869623184 0.00402936199679971 0.00377593422308564
0.00401111179962754 0.00430450635030866 0.00402397755533457 0.00422821566462517 0.00422148499637842 0.00403307052329183 0.00404370110481977 0.00435917964205146 0.00447172205895185 0.00444074487313628 0.00446795672178268 0.00478122290223837 0.00494011165574193 0.00517343124374747 0.00530698802322149 0.00517945783212781 0.00523221399635077 0.00518268253654242 0.00540507631376386 0.0051364921964705 0.00513891223818064 0.00512269418686628 0.00506955571472645 0.00482466025277972 0.00478013837710023 0.00468145590275526 0.00469231978058815 0.00446936907246709 0.00436694454401731 0.00473439181223512 0.00460450630635023 0.00454475823789835 0.00449898466467857 0.00478987535461783 0.00453589810058475 0.00472559360787272 0.00455207610502839 0.00482984073460102 0.0047012735158205 0.00459803966805339 0.00451876223087311 0.00433903886005282 0.00394485145807266 0.00394610641524196
0.00407544663175941 0.00409912737086415 0.004006193485111 0.00418369704857469 0.00417964998632669 0.00416958937421441 0.00425694463774562 0.00397538440302014 0.00409698719158769 0.00434602005407214 0.00428600749000907 0.00444360775873065 0.00497946375980973 0.00508504780009389 0.00489432970061898 0.00507919350638986 0.00522175617516041 0.0053304685279727 0.00567898154258728 0.00542188668623567 0.00518238730728626 0.00519001577049494 0.00508879590779543 0.00491494685411453 0.00479678576812148 0.00472506182268262 0.00495976209640503 0.00470628403127193 0.00463053397834301 0.00462517002597451 0.00461519276723266 0.00473139341920614 0.00475338054820895 0.0046161818318069 0.00488300248980522 0.00471465056762099 0.0048587042838335 0.0045360648073256 0.00477888947352767 0.00479246396571398 0.00460189441218972 0.00438315467908978 0.00418096268549562 0.00381501531228423
0.0041010482236743 0.00404099002480507 0.0040425225161016 0.00408631283789873 0.00425771437585354 0.00413900474086404 0.00412775576114655 0.00407804036512971 0.00422058766707778 0.00444275699555874 0.00434602005407214 0.004744753241539 0.00472134165465832 0.00473349960520864 0.00515190605074167 0.00521796895191073 0.00518121104687452 0.00551428319886327 0.00558117823675275 0.00551690952852368 0.00550951715558767 0.00540208397433162 0.00537088513374329 0.00509214634075761 0.00491494685411453 0.0047635487280786 0.00476666679605842 0.00483902497217059 0.00459844246506691 0.00457717152312398 0.00447227898985147 0.00477443030104041 0.00487614283338189 0.00450133671984076 0.00468270853161812 0.00478680245578289 0.00502395676448941 0.00485634431242943 0.00467257853597403 0.00467719882726669 0.00456321937963367 0.00450684735551476 0.00407034764066339 0.00380176166072488
0.00372261833399534 0.00405378360301256 0.00421799859032035 0.00420730328187346 0.00425477651879191 0.00423919269815087 0.00423762574791908 0.00410183658823371 0.00425003375858068 0.00420106993988156 0.00458766985684633 0.0045650415122509 0.004733772482723 0.00480682961642742 0.00505299307405949 0.0051340339705348 0.00535987876355648 0.00553347589448094 0.0058177406899631 0.00577076943591237 0.00545237818732858 0.00538334297016263 0.00525395711883903 0.00521756242960691 0.00521917780861259 0.00486300978809595 0.00476261554285884 0.00482371961697936 0.00462659634649754 0.00451533636078238 0.00452581653371453 0.00437619723379612 0.00476035801693797 0.00456439331173897 0.00488924700766802 0.00480753974989057 0.00504304748028517 0.00487326132133603 0.00478370953351259 0.00471065146848559 0.00467177946120501 0.00439984118565917 0.00401815725490451 0.00389099423773587
0.00369671802036464 0.00394831225275993 0.00400021625682712 0.00423759315162897 0.00424757553264499 0.00424001272767782 0.00431894138455391 0.00416122004389763 0.00408568978309631 0.00445582019165158 0.00439294194802642 0.00451385602355003 0.00484062312170863 0.00479719042778015 0.00500638270750642 0.00523776514455676 0.0054474975913763 0.00587660633027554 0.0055781970731914 0.00569948833435774 0.00560781639069319 0.00557543383911252 0.00531517853960395 0.00524342060089111 0.0050350409001112 0.00478161685168743 0.00500015635043383 0.00481255166232586 0.0047736675478518 0.00458248006179929 0.0044684736058116 0.0044016377069056 0.00446943985298276 0.00486680213361979 0.00496347388252616 0.00477422028779984 0.00447931466624141 0.00457833241671324 0.00460348650813103 0.00437960587441921 0.00433778157457709 0.00415692571550608 0.00388546590693295 0.00372223253361881
0.00384709285572171 0.00387562927789986 0.00395610835403204 0.00410826364532113 0.00422606710344553 0.00410361681133509 0.00444641755893826 0.00413069874048233 0.00438877008855343 0.00422188872471452 0.00441982736811042 0.00468578794971108 0.00476421555504203 0.0048869401216507 0.00480275135487318 0.00535596581175923 0.00548082962632179 0.00567322131246328 0.00579730002209544 0.0057371910661459 0.00548847392201424 0.0052157393656671 0.00504925474524498 0.00503173423931003 0.00490508740767837 0.00491077452898026 0.00475399009883404 0.00451239896938205 0.00461053615435958 0.00470228306949139 0.00457327859476209 0.00436471868306398 0.00461154012009501 0.00466572679579258 0.00447502033784986 0.00447950605303049 0.00453154975548387 0.00449350429698825 0.00464247120544314 0.00439996598288417 0.00429910095408559 0.00406054081395268 0.00388096179813147 0.0107363276183605
0.0037092505954206 0.00392682757228613 0.00378387281671166 0.00415311707183719 0.0041740108281374 0.00431378837674856 0.00414183549582958 0.00416904641315341 0.00418790243566036 0.00421780673786998 0.00404398469254375 0.00456397002562881 0.0047752670943737 0.00472573563456535 0.00506628211587667 0.0049978788010776 0.00525923911482096 0.00539267575368285 0.0055066249333322 0.00536022055894136 0.00510566495358944 0.00527813890948892 0.00519924284890294 0.00503173423931003 0.00484296027570963 0.00467671919614077 0.00460145017132163 0.00443390849977732 0.00444419961422682 0.00450717145577073 0.00459986040368676 0.0045139454305172 0.004415612667799 0.00450968462973833 0.00446844240650535 0.00462193600833416 0.00438053486868739 0.00434879353269935 0.00415651360526681 0.00424482487142086 0.00402898574247956 0.00395490927621722 0.00370161212049425 0.0100665576756001
0.00379916722886264 0.00372936995700002 0.00392667017877102 0.00400502467527986 0.00423427438363433 0.00412559835240245 0.00435378169640899 0.004185083322227 0.0041210139170289 0.00418449705466628 0.00427112122997642 0.00428922008723021 0.00438690464943647 0.00473121367394924 0.00474888877943158 0.00500947143882513 0.00494031375274062 0.00539433071389794 0.00515606161206961 0.00524514028802514 0.00525730662047863 0.00508205918595195 0.00497140688821673 0.00485189771279693 0.00483244331553578 0.00461889430880547 0.00438074627891183 0.00450122635811567 0.00442877179011703 0.00437266007065773 0.00425268104299903 0.0044774659909308 0.00434452574700117 0.00422889739274979 0.00428044702857733 0.00417134026065469 0.00413825316354632 0.00403275014832616 0.00403275014832616 0.00407095346599817 0.00386393815279007 0.00380491488613188 0.00345846801064909 0.00341857573948801
0.00360781606286764 0.00374974892474711 0.00405336543917656 0.00424112984910607 0.00408675614744425 0.00412568729370832 0.00423684390261769 0.00426244782283902 0.00414166459813714 0.00443264562636614 0.00421325955539942 0.00419581588357687 0.00421253871172667 0.00453853374347091 0.00484896078705788 0.00482242507860065 0.0048962295986712 0.00485520297661424 0.00512628257274628 0.00512034725397825 0.00494543882086873 0.00499024149030447 0.00490994472056627 0.0047038746997714 0.00448348559439182 0.00447829207405448 0.00447310460731387 0.00427904119715095 0.00423463014885783 0.00430725887417793 0.004059964325279 0.00431873463094234 0.00422257045283914 0.0043180757202208 0.0040654269978404 0.00392642803490162 0.00396699598059058 0.00387033703736961 0.0037175330799073 0.00368139962665737 0.00369603512808681 0.00367892603389919 0.00339376670308411 0.00342143978923559
0.00370663078501821 0.00381363113410771 0.00402838829904795 0.00411204667761922 0.00423457799479365 0.00408503133803606 0.00431385962292552 0.0042720572091639 0.00436620367690921 0.00429044803604484 0.00425154622644186 0.00416615745052695 0.0041825226508081 0.00431261910125613 0.00448702136054635 0.00459869625046849 0.00458805123344064 0.00469620479270816 0.00467990851029754 0.0047002169303596 0.00488280830904841 0.00482096802443266 0.00466563040390611 0.00455484306439757 0.00451666163280606 0.00435654446482658 0.00420277705416083 0.00431022839620709 0.00425924593582749 0.00412799371406436 0.00402403390035033 0.00382387964054942 0.0037307336460799 0.00390847446396947 0.00394793972373009 0.00373448804020882 0.00378592079505324 0.00364684639498591 0.00348340976051986 0.00353440036997199 0.00353030278347433 0.00351395946927369 0.00346243754029274 0.0033440007828176
0.00382911670021713 0.00368544296361506 0.00402007438242435 0.00414873426780105 0.00396824209019542 0.00415841396898031 0.00436107022687793 0.00423443922773004 0.00428258627653122 0.00427241530269384 0.00431836023926735 0.00417633168399334 0.00415835808962584 0.00420045107603073 0.0044366680085659 0.00429999502375722 0.00462145684286952 0.00442749494686723 0.00439548911526799 0.00446793157607317 0.00442022923380136 0.00460319221019745 0.00455015478655696 0.00448074657469988 0.00440486799925566 0.00434142211452127 0.00422359723597765 0.00409219833090901 0.00421992875635624 0.00397407310083508 0.00398792000487447 0.00388748291879892 0.0036599978338927 0.00361572206020355 0.00349355046637356 0.00355390761978924 0.00361991301178932 0.0035616047680378 0.00345924822613597 0.00329908984713256 0.00331059261225164 0.00329526443965733 0.00326861045323312 0.00315679237246513
0.00365396402776241 0.00384544674307108 0.00380919105373323 0.00420518312603235 0.00414088647812605 0.00431577162817121 0.00442232890054584 0.00440492248162627 0.00426752679049969 0.00421315804123878 0.00430668657645583 0.00417005177587271 0.00424754479900002 0.00408196123316884 0.00433340156450868 0.00414190022274852 0.00424424232915044 0.00438155513256788 0.00416784361004829 0.00410075532272458 0.00416226126253605 0.00422545522451401 0.00427047209814191 0.00435915775597095 0.00429894495755434 0.00412256550043821 0.00427153892815113 0.00407977728173137 0.00388137553818524 0.00380887347273529 0.00387966632843018 0.00372041808441281 0.00387847819365561 0.0037328687030822 0.00363406911492348 0.00353840924799442 0.00338086159899831 0.00336963078007102 0.00333850318565965 0.00328853144310415 0.00331828324124217 0.0032924572005868 0.0032886394765228 0.00323190004564822
0.00361970532685518 0.00380642898380756 0.00406674668192863 0.00404185988008976 0.00419400259852409 0.00408382434397936 0.00443995092064142 0.00441346876323223 0.00423372630029917 0.00426206504926085 0.00414485251531005 0.00407931255176663 0.00397539837285876 0.0039896285161376 0.00413149641826749 0.00403294200077653 0.00402360362932086 0.0039321887306869 0.00395963340997696 0.00401142565533519 0.00393196102231741 0.00414300709962845 0.00406687473878264 0.00402933266013861 0.00434030825272202 0.00388141395524144 0.00391422677785158 0.0039540845900774 0.00381891988217831 0.00391754461452365 0.00368723878636956 0.0036531446967274 0.00365626392886043 0.00354246143251657 0.00353589956648648 0.00349000073038042 0.00334727065637708 0.00322903762571514 0.00324357720091939 0.00319502386264503 0.0031645295675844 0.0031108905095607 0.0030928950291127 0.00314354593865573
0.00372650171630085 0.00399787537753582 0.00403977604582906 0.0042064362205565 0.00420011579990387 0.00418880535289645 0.00433974992483854 0.00433900952339172 0.00423080241307616 0.00403659092262387 0.00418811244890094 0.00400393828749657 0.00381610123440623 0.00391455739736557 0.00404151063412428 0.00402868166565895 0.00379752297885716 0.0036793916951865 0.00372304674237967 0.00360830337740481 0.00384566304273903 0.00394108798354864 0.00387763930484653 0.00395940570160747 0.00404806016013026 0.00398121355101466 0.00384067697450519 0.00389042450115085 0.00393003132194281 0.003827785840258 0.00373457046225667 0.00687904702499509 0.0066211735829711 0.00650716153904796 0.00614105304703116 0.00319284456782043 0.00328571791760623 0.00306888367049396 0.00314498017542064 0.00308261229656637 0.00298753753304482 0.00300143589265645 0.00290974811650813 0.00302637880668044
0.00394860282540321 0.00399324577301741 0.00410250294953585 0.00411658780649304 0.00419184006750584 0.00418213708326221 0.00433548120781779 0.00439245998859406 0.00414004642516375 0.00424068281427026 0.00403818301856518 0.00404901150614023 0.00390742206946015 0.00409086979925632 0.00375392474234104 0.00381771172396839 0.00374755403026938 0.00376683007925749 0.0036490426864475 0.00352021539583802 0.00357913505285978 0.00358435767702758 0.00387880625203252 0.003807517234236 0.00377907324582338 0.00392858777195215 0.00388664077036083 0.00391831016167998 0.0037657197099179 0.00372231006622314 0.00362435239367187 0.00659850798547268 0.00627600774168968 0.00637322012335062 0.0061770174652338 0.00332563766278327 0.00318495114333928 0.00308315828442574 0.00319655053317547 0.00300940871238708 0.00309695163741708 0.00304798595607281 0.00296083884313703 0.00296083884313703
0.00396812241524458 0.00405175285413861 0.00410513300448656 0.00404963782057166 0.00415725912898779 0.00439541880041361 0.00427983561530709 0.00418323837220669 0.00410311575978994 0.00413460144773126 0.00414302479475737 0.00406782468780875 0.00395023869350553 0.00376905710436404 0.00381360808387399 0.00361410318873823 0.00369578041136265 0.00356058147735894 0.00339527567848563 0.00354174198582768 0.00355408317409456 0.00377083034254611 0.00373168964870274 0.00382429244928062 0.00365098495967686 0.00382757536135614 0.00375287630595267 0.00381847750395536 0.00374074629507959 0.00359836360439658 0.00354755809530616 0.00679333787411451 0.0062248376198113 0.0064399903640151 0.0062345159240067 0.00316619593650103 0.00201101088896394 0.00208606687374413 0.00208606687374413 0.00204530567862093 0.00299200043082237 0.00294720800593495 0.0029039669316262 0.00274303765036166
