data/climate_estimation/maxent_output/Gagea_exilis.asc
NCOLS 180 
NROWS 46 
XLLCORNER 58.8333333333333 
YLLCORNER 34.4166666666667 
CELLSIZE 0.0833333333333333 
NODATA_value -3.4e+38 
[rows 0 to 19 of 46, columns 90 to 134 of 180]
0.504716992378235 0.586544096469879 0.760142982006073 0.864180147647858 0.933751583099365 0.96116703748703 0.799283683300018 0.765958189964294 0.675291955471039 0.837631165981293 0.680947482585907 0.63647586107254 0.60882169008255 0.571718037128448 0.340319961309433 0.288500517606735 0.200343385338783 0.163553476333618 0.14304530620575 0.143725425004959 0.183954358100891 0.267325848340988 0.350675731897354 0.521148979663849 0.309754550457001 0.368678510189056 0.588412582874298 0.436822950839996 0.262238174676895 0.283375650644302 0.15694235265255 0.126620516180992 0.248457610607147 0.423632472753525 0.543253600597382 0.429801881313324 0.542923033237457 0.350597649812698 0.340725213289261 0.267228186130524 0.376087099313736 0.531361281871796 0.47801485657692 0.507244884967804 0.631449520587921
0.542849361896515 0.632938861846924 0.797453999519348 0.852743983268738 0.927991986274719 0.96336156129837 0.936108112335205 0.754281222820282 0.421059906482697 0.459905564785004 0.403980702161789 0.357720077037811 0.351101160049438 0.364961087703705 0.240880340337753 0.204439535737038 0.156757190823555 0.145176500082016 0.127640441060066 0.150216951966286 0.227847591042519 0.33084037899971 0.394238770008087 0.556610703468323 0.203910514712334 0.319339990615845 0.644773900508881 0.236020341515541 0.163293838500977 0.167944326996803 0.12505616247654 0.166749209165573 0.388268917798996 0.503987491130829 0.263941615819931 0.211701259016991 0.206804513931274 0.233581379055977 0.308059066534042 0.244953826069832 0.420877695083618 0.365150541067123 0.305272191762924 0.453362733125687 0.491200715303421
0.493918508291245 0.537877917289734 0.642264664173126 0.891551196575165 0.89785772562027 0.908885657787323 0.921856820583344 0.533897042274475 0.363015413284302 0.448044836521149 0.351985722780228 0.268999874591827 0.284759879112244 0.242057755589485 0.168867617845535 0.158804029226303 0.136120483279228 0.129457354545593 0.129999220371246 0.174675762653351 0.303142219781876 0.562793135643005 0.638849556446075 0.196809872984886 0.216292232275009 0.727822184562683 0.652491867542267 0.206300675868988 0.136547699570656 0.130845367908478 0.119502566754818 0.398300766944885 0.237603008747101 0.223866507411003 0.212437376379967 0.161731481552124 0.171206429600716 0.30581471323967 0.227215781807899 0.213380247354507 0.276040613651276 0.19481335580349 0.275314688682556 0.419696658849716 0.768950879573822
0.529045164585114 0.446663171052933 0.602402746677399 0.807604193687439 0.961118102073669 0.825273752212524 0.548129856586456 0.375596404075623 0.27890157699585 0.315628081560135 0.303871214389801 0.264269977807999 0.242549329996109 0.158498242497444 0.144348219037056 0.135530307888985 0.130241557955742 0.127931967377663 0.15711285173893 0.202621206641197 0.364369332790375 0.793517768383026 0.418501168489456 0.176778063178062 0.389487862586975 0.851979851722717 0.342736840248108 0.177405953407288 0.110386587679386 0.110677979886532 0.12830613553524 0.326516419649124 0.169878929853439 0.287155717611313 0.253394573926926 0.151474922895432 0.301773935556412 0.324494183063507 0.192325666546822 0.173496589064598 0.167474955320358 0.134722173213959 0.267287313938141 0.62741631269455 0.959410965442657
0.390386879444122 0.415521323680878 0.977365970611572 0.991531670093536 0.904028356075287 0.635021805763245 0.375451534986496 0.280192792415619 0.236745908856392 0.24554505944252 0.220444008708 0.210822582244873 0.149512648582458 0.1385308355093 0.132319569587708 0.129857540130615 0.127830639481544 0.150135770440102 0.164966702461243 0.245065942406654 0.402412593364716 0.705789506435394 0.211499020457268 0.20158588886261 0.619774103164673 0.579433619976044 0.44339719414711 0.129626348614693 0.118574097752571 0.116651527583599 0.134449258446693 0.194253817200661 0.201365083456039 0.328869074583054 0.206667885184288 0.138801872730255 0.237116426229477 0.221700981259346 0.128201276063919 0.104687638580799 0.104983568191528 0.147715881466866 0.335540622472763 0.702865600585938 0.966799318790436
0.250519782304764 0.732569575309753 0.997969686985016 0.923029065132141 0.603995263576508 0.426899045705795 0.341949194669724 0.23470938205719 0.217357560992241 0.184714630246162 0.144734635949135 0.126663908362389 0.129452064633369 0.131649971008301 0.121608845889568 0.127752870321274 0.144338712096214 0.146958231925964 0.193035572767258 0.284077703952789 0.530364096164703 0.367276251316071 0.21771414577961 0.301959723234177 0.584055185317993 0.342711418867111 0.373771458864212 0.11812386661768 0.122211627662182 0.122824944555759 0.127656757831573 0.177961573004723 0.149485230445862 0.270917356014252 0.166971638798714 0.13715286552906 0.185887023806572 0.155791476368904 0.104739598929882 0.100037701427937 0.127149000763893 0.21950189769268 0.492000252008438 0.887250423431396 0.994211435317993
0.315261125564575 0.880709707736969 0.979121208190918 0.636856913566589 0.415375262498856 0.350129336118698 0.256108283996582 0.198837593197823 0.132707864046097 0.123225815594196 0.113710559904575 0.116579480469227 0.122417889535427 0.125191777944565 0.109919741749763 0.140479728579521 0.135120153427124 0.15086355805397 0.192110270261765 0.445889055728912 0.446718066930771 0.176470413804054 0.236036643385887 0.287556618452072 0.281869798898697 0.215993359684944 0.22002874314785 0.105271510779858 0.111758060753345 0.112518236041069 0.133329078555107 0.133941575884819 0.123019561171532 0.222721770405769 0.170888274908066 0.142013907432556 0.14119990170002 0.130046978592873 0.0917613506317139 0.16820028424263 0.201720148324966 0.389474451541901 0.396905213594437 0.727103352546692 0.908902704715729
0.145175069570541 0.491702497005463 0.784821808338165 0.36941522359848 0.283224076032639 0.23970852792263 0.141438603401184 0.121562488377094 0.11683052033186 0.111202284693718 0.103323251008987 0.12603323161602 0.121739037334919 0.102891810238361 0.105514258146286 0.134788408875465 0.162872284650803 0.139134377241135 0.190715238451958 0.302216291427612 0.231957957148552 0.138907626271248 0.204333961009979 0.272061318159103 0.194114923477173 0.147059708833694 0.16185487806797 0.111078195273876 0.122921153903008 0.113292656838894 0.122484594583511 0.114950619637966 0.131481274962425 0.291130721569061 0.254678308963776 0.197099447250366 0.0960085168480873 0.10113999992609 0.0942722484469414 0.0964419320225716 0.115664765238762 0.183377504348755 0.151306703686714 0.229008510708809 0.527063429355621
0.101022750139236 0.152988240122795 0.212134093046188 0.239044979214668 0.169154569506645 0.132215425372124 0.105125866830349 0.100487448275089 0.0979764014482498 0.097815677523613 0.103338241577148 0.116650648415089 0.101924158632755 0.102813646197319 0.116931326687336 0.168940424919128 0.1262516528368 0.141371712088585 0.16502146422863 0.218054711818695 0.175149902701378 0.141043126583099 0.171117410063744 0.239486485719681 0.177669674158096 0.111946254968643 0.099637933075428 0.109318166971207 0.137017279863358 0.118547931313515 0.123505443334579 0.132176026701927 0.199759855866432 0.553303718566895 0.292946219444275 0.177049815654755 0.0996488854289055 0.0979232639074326 0.0935202538967133 0.0907983630895615 0.114804461598396 0.197118744254112 0.236136421561241 0.307708889245987 0.352183282375336
0.11071041226387 0.148711130023003 0.111067809164524 0.107830092310905 0.103589721024036 0.0910272747278214 0.0999183282256126 0.0983489602804184 0.0993150994181633 0.100178174674511 0.0991360396146774 0.100874565541744 0.0982954353094101 0.0980591475963593 0.127710148692131 0.141630470752716 0.109862469136715 0.134509220719337 0.168849214911461 0.301762878894806 0.135289385914803 0.135629877448082 0.13476037979126 0.17151965200901 0.173787161707878 0.108693078160286 0.0998834818601608 0.109521523118019 0.128390684723854 0.1256203353405 0.122572220861912 0.171951711177826 0.284378498792648 0.359447091817856 0.325319081544876 0.201615080237389 0.0902541652321815 0.0886985957622528 0.0858070403337479 0.0981867834925652 0.166085928678513 0.278802782297134 0.461038589477539 0.922410190105438 0.827437222003937
0.094668060541153 0.0846150442957878 0.0767893865704536 0.0762260481715202 0.0755815431475639 0.0726189017295837 0.0733726918697357 0.0811413526535034 0.0810188353061676 0.0863053128123283 0.0919136479496956 0.0965845435857773 0.0876786261796951 0.101387917995453 0.0954684242606163 0.117218010127544 0.115301892161369 0.124303869903088 0.151856124401093 0.226580247282982 0.146201387047768 0.120162077248096 0.181364864110947 0.236613929271698 0.155721098184586 0.10916293412447 0.0975411161780357 0.106636345386505 0.113201551139355 0.131086722016335 0.116118773818016 0.129183545708656 0.142250403761864 0.148530244827271 0.360840708017349 0.284048825502396 0.0882817059755325 0.0832005068659782 0.0868114903569221 0.115799099206924 0.240889579057693 0.277982264757156 0.564914762973785 0.948350369930267 0.926162660121918
0.0788847357034683 0.0753486528992653 0.0752625167369843 0.0715156719088554 0.0834209471940994 0.0700179859995842 0.0781141594052315 0.0803092420101166 0.0813329666852951 0.0886369422078133 0.0936585739254951 0.0828811451792717 0.0868498533964157 0.0938623026013374 0.0868899971246719 0.0853954628109932 0.0881471633911133 0.118676669895649 0.165294736623764 0.190231025218964 0.11192598938942 0.110248506069183 0.149497389793396 0.156132683157921 0.0948109477758408 0.0897507965564728 0.09193255007267 0.0972736477851868 0.0953198447823524 0.0872993692755699 0.0845315679907799 0.082925871014595 0.0813760310411453 0.0977544412016869 0.200182408094406 0.210331931710243 0.116439051926136 0.080430656671524 0.0889348685741425 0.190712958574295 0.272574365139008 0.35467928647995 0.725363492965698 0.973193049430847 0.98367977142334
0.0814746245741844 0.0785362049937248 0.07391607016325 0.0731978118419647 0.0719663500785828 0.0806192010641098 0.0826695263385773 0.0775395184755325 0.0929081737995148 0.0879311934113503 0.0834634900093079 0.0851005017757416 0.076863020658493 0.0798793956637383 0.0811722353100777 0.0806125029921532 0.087869718670845 0.0954900905489922 0.13369907438755 0.154246062040329 0.105390526354313 0.0796331614255905 0.15027628839016 0.128299057483673 0.0783880650997162 0.0758699923753738 0.0806310623884201 0.0833241119980812 0.0757806673645973 0.0830764845013618 0.0798199474811554 0.0839469060301781 0.0812572091817856 0.0816804096102715 0.105179257690907 0.170304998755455 0.135176137089729 0.0797086507081985 0.112069770693779 0.286304861307144 0.353526502847672 0.403844207525253 0.767043352127075 0.94393390417099 0.931158006191254
0.0765069797635078 0.0749086365103722 0.0733384415507317 0.0716087594628334 0.0722304284572601 0.0841256305575371 0.0787882804870605 0.0791687741875648 0.0752345621585846 0.0743921101093292 0.0894918292760849 0.0891300663352013 0.0817901566624641 0.0896641835570335 0.082874596118927 0.0700074061751366 0.077688567340374 0.0756701752543449 0.0977078080177307 0.186225101351738 0.0810005590319633 0.0845169499516487 0.0918114259839058 0.102494649589062 0.0888230502605438 0.0801983252167702 0.0786275863647461 0.0809359103441238 0.0788707658648491 0.0893335342407227 0.105747029185295 0.105881743133068 0.092560812830925 0.0842779949307442 0.0870548412203789 0.119270712137222 0.108592070639133 0.0944786742329597 0.152559384703636 0.259103208780289 0.449674516916275 0.481915444135666 0.614474833011627 0.88512259721756 0.835171282291412
0.074195608496666 0.0744660869240761 0.0733051225543022 0.0747574344277382 0.0731592029333115 0.0729227364063263 0.0687853097915649 0.0823482722043991 0.0766155421733856 0.0794449523091316 0.0757998079061508 0.0665328353643417 0.0761643871665001 0.0755017250776291 0.0698557272553444 0.0768681690096855 0.0711550414562225 0.0746573358774185 0.0805057361721992 0.13851223886013 0.0861611440777779 0.0805966630578041 0.0748060196638107 0.0786496698856354 0.0891482755541801 0.0754083469510078 0.0797016471624374 0.0814328193664551 0.0821282863616943 0.0904669761657715 0.131410419940948 0.266555905342102 0.159722521901131 0.086756743490696 0.0904159471392632 0.111601561307907 0.127700731158257 0.128024280071259 0.137044131755829 0.198392853140831 0.399049282073975 0.748008608818054 0.921470701694489 0.815757215023041 0.459155082702637
0.0767821222543716 0.0771976858377457 0.0778624191880226 0.0707848519086838 0.0738413855433464 0.0734626278281212 0.0710014700889587 0.0732916593551636 0.0700692757964134 0.0708445832133293 0.0729867145419121 0.0724340379238129 0.0761879310011864 0.074554480612278 0.0724233463406563 0.0767104998230934 0.071797139942646 0.0666852444410324 0.0759047046303749 0.0719045549631119 0.073110893368721 0.0695289522409439 0.0716913938522339 0.0758978798985481 0.0799831300973892 0.0727973803877831 0.0792928263545036 0.0754294693470001 0.0798846706748009 0.0838666409254074 0.106665894389153 0.167136043310165 0.137662887573242 0.103100292384624 0.0931215584278107 0.150914147496223 0.181646898388863 0.24917596578598 0.255629926919937 0.21150578558445 0.226680383086205 0.578802406787872 0.831793129444122 0.448887020349503 0.218104720115662
0.0793350487947464 0.0774706900119781 0.0746338069438934 0.0769060850143433 0.07625812292099 0.0767830461263657 0.0768340229988098 0.0757804587483406 0.072968415915966 0.0747554823756218 0.0718499198555946 0.0755644738674164 0.0678634792566299 0.0666278675198555 0.0730228275060654 0.0695929527282715 0.0747880339622498 0.0698444992303848 0.0762619376182556 0.0794761627912521 0.0738956555724144 0.0724615678191185 0.0743044316768646 0.0974787175655365 0.107974596321583 0.089093491435051 0.0741270110011101 0.0780456811189651 0.0795630887150764 0.0770921260118484 0.0983986929059029 0.109711557626724 0.146607682108879 0.132573619484901 0.135968059301376 0.456053614616394 0.205508068203926 0.25920781493187 0.400413632392883 0.555428385734558 0.246017143130302 0.198409363627434 0.319485276937485 0.346406608819962 0.302211105823517
0.0814413726329803 0.0803845599293709 0.0786746889352798 0.0744676291942596 0.0783410593867302 0.0796933248639107 0.082055926322937 0.0768743380904198 0.076055072247982 0.0779073163866997 0.0816835388541222 0.0709530264139175 0.0770543217658997 0.0725478604435921 0.077993206679821 0.0773484408855438 0.0850478783249855 0.0763454437255859 0.0777508243918419 0.0711731910705566 0.0827256366610527 0.0802483633160591 0.0811526700854301 0.0840901657938957 0.103771448135376 0.1441430747509 0.124429650604725 0.0742701441049576 0.0769316554069519 0.076597549021244 0.0772624984383583 0.0809400230646133 0.110717564821243 0.268832743167877 0.317832857370377 0.421497702598572 0.179148614406586 0.191809937357903 0.27209609746933 0.40110257267952 0.489635318517685 0.41644299030304 0.685129523277283 0.687205791473389 0.468941986560822
0.0744762346148491 0.0859501510858536 0.0817413628101349 0.0846439227461815 0.0824847519397736 0.0796846374869347 0.0885435044765472 0.0936399921774864 0.0877731665968895 0.0810057520866394 0.0913719907402992 0.0980698764324188 0.155759945511818 0.158209428191185 0.123530328273773 0.111725747585297 0.104478523135185 0.0983590632677078 0.0852241739630699 0.0719817876815796 0.0752641782164574 0.112307325005531 0.07704908400774 0.0838203728199005 0.113415114581585 0.148762613534927 0.197357654571533 0.223636031150818 0.0789473503828049 0.0772875025868416 0.0744690373539925 0.0786146894097328 0.0848221108317375 0.127804175019264 0.192238628864288 0.20241867005825 0.243562132120132 0.249307319521904 0.228306576609612 0.275751352310181 0.683671176433563 0.802134692668915 0.904843747615814 0.997251987457275 0.995804309844971
0.119774796068668 0.149801850318909 0.208201676607132 0.208184778690338 0.240891471505165 0.200921088457108 0.148657456040382 0.0991870239377022 0.11855360865593 0.150962293148041 0.242376416921616 0.374050617218018 0.737613558769226 0.860908389091492 0.838590860366821 0.691455483436584 0.352878659963608 0.512458860874176 0.283465653657913 0.21120111644268 0.105504736304283 0.160301923751831 0.166511282324791 0.116513647139072 0.0989042744040489 0.111845836043358 0.136899992823601 0.187246605753899 0.158781826496124 0.091934509575367 0.0805807411670685 0.0944541916251183 0.0953386127948761 0.157832279801369 0.385549694299698 0.500600337982178 0.287730723619461 0.540189445018768 0.688046455383301 0.557780921459198 0.588082373142242 0.521516978740692 0.693413197994232 0.995245099067688 0.999879658222198
