data/climate_estimation/maxent_output/Gagea_minima.asc
NCOLS 591 
NROWS 328 
XLLCORNER 9.08333333333333 
YLLCORNER 37.5 
CELLSIZE 0.0833333333333333 
NODATA_value -3.4e+38 
[rows 190 to 208 of 328, columns 44 to 87 of 591]
0.373843282461166 0.164697289466858 0.250127285718918 0.166893497109413 0.247818410396576 0.180428624153137 0.103907898068428 0.0417191945016384 0.0221186466515064 0.0181706752628088 0.0435770340263844 0.082731805741787 0.0845238417387009 0.141476705670357 0.196800127625465 0.202722579240799 0.213312953710556 0.227748543024063 0.315907061100006 0.323621302843094 0.328302323818207 0.323982924222946 0.333126246929169 0.318037539720535 0.352576375007629 0.367088139057159 0.342787623405457 0.311861097812653 0.296379595994949 0.302494883537292 0.346236318349838 0.377335995435715 0.40374356508255 0.436955571174622 0.44574847817421 0.470296502113342 0.504561960697174 0.517652809619904 0.526094257831573 0.512190639972687 0.466775715351105 0.426885962486267 0.435861080884933 0.411228895187378
0.374609768390656 0.379153341054916 0.340521901845932 0.146542012691498 0.169070169329643 0.150879293680191 0.159441500902176 0.152167677879333 0.130769357085228 0.121422916650772 0.101718880236149 0.0900569558143616 0.153915479779243 0.188507691025734 0.156443387269974 0.119143322110176 0.179947763681412 0.203315302729607 0.189192101359367 0.284062832593918 0.289256721735001 0.309274464845657 0.318918108940125 0.314037621021271 0.312680274248123 0.339265286922455 0.317931830883026 0.307962745428085 0.292733937501907 0.31265988945961 0.368097335100174 0.348706543445587 0.409823566675186 0.415420800447464 0.464925765991211 0.473940759897232 0.510550022125244 0.53318190574646 0.54373574256897 0.464033037424088 0.466664522886276 0.430959105491638 0.41373273730278 0.425228536128998
0.337199300527573 0.33526948094368 0.320077955722809 0.315744012594223 0.310533314943314 0.151260271668434 0.162056162953377 0.1730747371912 0.164929002523422 0.143593579530716 0.129223257303238 0.105424039065838 0.107450731098652 0.079840213060379 0.173106074333191 0.163818806409836 0.173594504594803 0.18391053378582 0.227751970291138 0.216868922114372 0.239759892225266 0.224439308047295 0.234736129641533 0.271111577749252 0.279456108808517 0.286562740802765 0.313749581575394 0.2967229783535 0.300067573785782 0.315930277109146 0.338499397039413 0.306846618652344 0.363697558641434 0.396964997053146 0.405097842216492 0.451687544584274 0.485821574926376 0.542728245258331 0.486304223537445 0.428728103637695 0.435832679271698 0.434996992349625 0.420569986104965 0.411750823259354
0.292437970638275 0.292627543210983 0.271150171756744 0.266313165426254 0.268494814634323 0.224354043602943 0.210863202810287 0.159572079777718 0.155897215008736 0.149272233247757 0.150939971208572 0.148730114102364 0.171973720192909 0.16418893635273 0.132574811577797 0.159427404403687 0.153249800205231 0.153096586465836 0.163238242268562 0.176300048828125 0.192048311233521 0.196905881166458 0.169685378670692 0.146197587251663 0.16608339548111 0.224442660808563 0.246737137436867 0.23328010737896 0.266314089298248 0.280832707881927 0.307575404644012 0.314006388187408 0.341126918792725 0.416285455226898 0.431765735149384 0.467857480049133 0.496700197458267 0.451577365398407 0.441868364810944 0.436891406774521 0.449890226125717 0.426108956336975 0.41619747877121 0.416533917188644
0.24412590265274 0.254525899887085 0.23497748374939 0.232925221323967 0.213574483990669 0.197209611535072 0.180648982524872 0.12907338142395 0.132523879408836 0.135368600487709 0.164222180843353 0.14095239341259 0.153311342000961 0.165926113724709 0.174032866954803 0.151820048689842 0.145216718316078 0.143244534730911 0.15922537446022 0.176481202244759 0.160926938056946 0.158396884799004 0.118279539048672 0.105654694139957 0.123687282204628 0.166657835245132 0.192182511091232 0.22083880007267 0.252361476421356 0.275703579187393 0.302076518535614 0.330789774656296 0.364883571863174 0.40817779302597 0.40883332490921 0.432541519403458 0.466423958539963 0.447525143623352 0.436998128890991 0.450138479471207 0.460135072469711 0.454409420490265 0.504920780658722 0.504266977310181
0.196767717599869 0.190477773547173 0.195781916379929 0.197325885295868 0.178541019558907 0.17260830104351 0.152482077479362 0.111103944480419 0.10698738694191 0.110844023525715 0.145130127668381 0.14532333612442 0.150196328759193 0.152813389897346 0.15598076581955 0.151286378502846 0.134613007307053 0.133658096194267 0.129570320248604 0.144204825162888 0.150466695427895 0.13845881819725 0.106931500136852 0.105115562677383 0.0904918164014816 0.117997720837593 0.137333571910858 0.170353695750237 0.20526722073555 0.192498758435249 0.248388975858688 0.251657515764236 0.319477796554565 0.346662878990173 0.433361858129501 0.41145458817482 0.471733748912811 0.417241632938385 0.469089567661285 0.459787219762802 0.501691520214081 0.525916993618011 0.525106072425842 0.549443900585175
0.163176298141479 0.16734254360199 0.165060520172119 0.153683736920357 0.153991967439651 0.15400005877018 0.12604096531868 0.1154710277915 0.105822779238224 0.122907035052776 0.125629141926765 0.136776581406593 0.0796361267566681 0.139172717928886 0.137070372700691 0.171510025858879 0.154618978500366 0.133215814828873 0.122922651469707 0.123158618807793 0.151070639491081 0.15176548063755 0.131657138466835 0.118096463382244 0.116021923720837 0.111798338592052 0.11525547504425 0.142314359545708 0.13311730325222 0.154283478856087 0.170228645205498 0.245112329721451 0.314593970775604 0.393009454011917 0.383157163858414 0.324774146080017 0.382104754447937 0.381772130727768 0.424401253461838 0.45992574095726 0.459245473146439 0.463290005922318 0.529914140701294 0.534919738769531
0.138654232025146 0.139878585934639 0.13890253007412 0.13665771484375 0.128689929842949 0.121041424572468 0.104029424488544 0.09354118257761 0.101905539631844 0.0974722877144814 0.0573201216757298 0.0667098611593246 0.061820987612009 0.112487263977528 0.146299943327904 0.119101576507092 0.139802530407906 0.148984119296074 0.140757411718369 0.157503172755241 0.168107360601425 0.180842146277428 0.168729543685913 0.15128082036972 0.14922696352005 0.1321901679039 0.119960471987724 0.0910252556204796 0.111955806612968 0.131863176822662 0.206404894590378 0.276130974292755 0.333933502435684 0.355043649673462 0.313431531190872 0.312362462282181 0.327463954687119 0.349673509597778 0.341265290975571 0.392115026712418 0.414107620716095 0.435026377439499 0.505353152751923 0.495189964771271
0.175829380750656 0.118436634540558 0.116087280213833 0.107912115752697 0.0977417379617691 0.0910556241869926 0.0858220085501671 0.0935382843017578 0.0494730696082115 0.0546984523534775 0.0489179454743862 0.0499117970466614 0.0448230840265751 0.118949897587299 0.102168470621109 0.0838559195399284 0.0930271223187447 0.106653295457363 0.10749401897192 0.128337070345879 0.131113931536674 0.141812443733215 0.158068180084229 0.185700535774231 0.185400113463402 0.168085902929306 0.166213274002075 0.16215144097805 0.159620195627213 0.219612538814545 0.259201675653458 0.30733534693718 0.314519733190536 0.359275579452515 0.324794411659241 0.323963761329651 0.346249252557755 0.349025100469589 0.368479400873184 0.392861068248749 0.459403604269028 0.533395409584045 0.550479650497437 0.508202970027924
0.154453054070473 0.148796781897545 0.129737824201584 0.13017363846302 0.0834212228655815 0.090286523103714 0.0910633876919746 0.096639059484005 0.0501587353646755 0.0517461001873016 0.0536488965153694 0.0429776534438133 0.11494966596365 0.0949092954397202 0.0874824374914169 0.0845885500311852 0.0908062756061554 0.0875356048345566 0.100429065525532 0.103594601154327 0.10813607275486 0.103251524269581 0.115232869982719 0.124707490205765 0.146686121821404 0.163045778870583 0.199202418327332 0.225370451807976 0.217269778251648 0.211607679724693 0.211260139942169 0.231358125805855 0.260913759469986 0.274709969758987 0.307214081287384 0.308944374322891 0.345179229974747 0.376499116420746 0.406572431325912 0.470179945230484 0.525593757629395 0.545858383178711 0.515957415103912 0.489541292190552
0.131922900676727 0.131382331252098 0.122894711792469 0.12616503238678 0.125577419996262 0.0914011746644974 0.092925451695919 0.0963659808039665 0.0522675551474094 0.0521383248269558 0.0537102222442627 0.0490928925573826 0.109157383441925 0.0945901423692703 0.0792619064450264 0.0806321576237679 0.089033879339695 0.0969674661755562 0.103754915297031 0.110446952283382 0.100598365068436 0.117619931697845 0.123852074146271 0.128161802887917 0.129544660449028 0.140681385993958 0.151452109217644 0.148967280983925 0.168049111962318 0.185704499483109 0.189876139163971 0.233389779925346 0.23953178524971 0.280368536710739 0.308010041713715 0.375162094831467 0.408261448144913 0.44013699889183 0.466650784015656 0.518333613872528 0.526214718818665 0.52750837802887 0.476440727710724 0.470318734645844
0.110756427049637 0.10802947729826 0.108331345021725 0.116430766880512 0.117171719670296 0.119250401854515 0.111462570726871 0.0857773050665855 0.0456598587334156 0.0458808243274689 0.0452618859708309 0.0377526767551899 0.0957658812403679 0.0930715799331665 0.0936673283576965 0.0965379625558853 0.0976558327674866 0.100051574409008 0.107050731778145 0.102734945714474 0.11485792696476 0.134474590420723 0.131330356001854 0.125098705291748 0.137748762965202 0.161212936043739 0.152519136667252 0.164379760622978 0.164051964879036 0.188457608222961 0.200925841927528 0.223311543464661 0.248043283820152 0.246014997363091 0.327048242092133 0.30014842748642 0.333602696657181 0.336042791604996 0.397594064474106 0.502751886844635 0.503557682037354 0.502821624279022 0.459942787885666 0.419315040111542
0.104994736611843 0.0880070701241493 0.0915777981281281 0.10651695728302 0.108009792864323 0.109774366021156 0.102668024599552 0.10245318710804 0.10307302325964 0.0389676168560982 0.0402556732296944 0.0416860207915306 0.0950699895620346 0.10749813914299 0.103681072592735 0.109502956271172 0.105360329151154 0.107661984860897 0.10328271239996 0.110056094825268 0.108571209013462 0.104159034788609 0.115993827581406 0.123273462057114 0.151242539286613 0.136349856853485 0.125205725431442 0.150465220212936 0.147997796535492 0.138827249407768 0.144078195095062 0.160660549998283 0.155212268233299 0.17711991071701 0.162498012185097 0.169607132673264 0.19176059961319 0.212386682629585 0.298473089933395 0.458388984203339 0.483523845672607 0.438449382781982 0.403090000152588 0.415140390396118
0.0982184186577797 0.0821366012096405 0.0717915669083595 0.0960321351885796 0.0996514782309532 0.102326542139053 0.0978564396500587 0.0928801894187927 0.0899222120642662 0.096794955432415 0.0857489258050919 0.0862370207905769 0.0972748249769211 0.0774349868297577 0.0893199071288109 0.0804036855697632 0.0961891040205956 0.0955853685736656 0.0923366323113441 0.0822551548480988 0.0953938364982605 0.0991568714380264 0.100097395479679 0.11612357199192 0.105196192860603 0.0964220985770226 0.0956308022141457 0.102721489965916 0.0795671716332436 0.0869814604520798 0.0968400537967682 0.0689623132348061 0.120172783732414 0.133401900529861 0.173476919531822 0.157927602529526 0.180390506982803 0.257839143276215 0.33087882399559 0.313659101724625 0.472678631544113 0.39863657951355 0.393196195363998 0.405756503343582
0.0871084183454514 0.0984469428658485 0.067532479763031 0.066240668296814 0.0938923060894012 0.0930337756872177 0.0848670974373817 0.0894450694322586 0.0831002742052078 0.0844476372003555 0.0679821223020554 0.0640872865915298 0.0788521468639374 0.0685536339879036 0.0809603184461594 0.0763486325740814 0.0812722444534302 0.0818059369921684 0.0494122430682182 0.0474038347601891 0.0771718695759773 0.0750984027981758 0.0844339430332184 0.0748752802610397 0.0824368000030518 0.0854261592030525 0.0962552726268768 0.0364729985594749 0.0411498434841633 0.0343022905290127 0.0860185995697975 0.0836884900927544 0.0482089221477509 0.0681743696331978 0.049296535551548 0.142350435256958 0.0494562573730946 0.159613072872162 0.230314686894417 0.363663226366043 0.388003259897232 0.371660500764847 0.409922122955322 0.388236492872238
0.0912411734461784 0.0950959771871567 0.0822205990552902 0.0952189490199089 0.0978261157870293 0.0759292095899582 0.0646735802292824 0.064787968993187 0.0811959058046341 0.0777805596590042 0.0784186944365501 0.0572833195328712 0.0172089152038097 0.0143128018826246 0.0208547879010439 0.00865142419934273 0.044221006333828 0.0615796521306038 0.0840256661176682 0.0738321989774704 0.0496301464736462 0.0707958415150642 0.0942317321896553 0.0871861055493355 0.0758493691682816 0.0540659986436367 0.0631857514381409 0.0683034360408783 0.0389923229813576 0.0480568110942841 0.0599922612309456 0.0321975722908974 0.0568840801715851 0.0291178077459335 0.0277396868914366 0.0185428410768509 0.130207449197769 0.134874105453491 0.258542418479919 0.370214760303497 0.386321872472763 0.404900699853897 0.456584304571152 0.471104115247726
0.0279531888663769 0.0676524639129639 0.0933003053069115 0.0656941086053848 0.09150680154562 0.0922903493046761 0.0693398341536522 0.0507096275687218 0.0419129990041256 0.0567617900669575 0.0802553370594978 0.0612629912793636 0.0708490759134293 0.0374838449060917 0.0219631120562553 0.00652858847752213 0.0211973339319229 0.00849410612136126 0.0275851711630821 0.0424584001302719 0.0423314906656742 0.0591770336031914 0.0550332181155682 0.0787552893161774 0.0889738276600838 0.0345170460641384 0.0303280111402273 0.0234408508986235 0.0168185420334339 0.0139758810400963 0.0273203365504742 0.0279590021818876 0.0379835814237595 0.0681671053171158 0.0936040058732033 0.0851514562964439 0.0691082328557968 0.113385692238808 0.186550617218018 0.265326768159866 0.352464944124222 0.316869169473648 0.394136488437653 0.497432619333267
0.0392695032060146 0.010037305764854 0.0352697409689426 0.00842743087559938 0.027931846678257 0.029143437743187 0.0186091605573893 0.0694186389446259 0.0562082566320896 0.0328522585332394 0.0220818985253572 0.0255865566432476 0.0186007618904114 0.0540498346090317 0.0540999434888363 0.0562349744141102 0.0775574222207069 0.0782278254628181 0.0788543075323105 0.0636666789650917 0.0649314820766449 0.0300486106425524 0.0232702028006315 0.0200689416378736 0.03966398909688 0.0625554919242859 0.0161007679998875 0.0300121214240789 0.0436208508908749 0.0760348066687584 0.0697378516197205 0.0663413479924202 0.089406855404377 0.104388236999512 0.0968911796808243 0.0391120985150337 0.0393714942038059 0.0219954866915941 0.0343812145292759 0.168335139751434 0.265022873878479 0.307577311992645 0.399933695793152 0.45356085896492
0.0795882344245911 0.0333516784012318 0.00569244707003236 0.00609240727499127 0.0234046299010515 0.0951204225420952 0.0448640659451485 0.0578556209802628 0.0417571179568768 0.0170763656497002 0.00348971341736615 0.00837268959730864 0.0221981480717659 0.0564504265785217 0.0854037627577782 0.0584025047719479 0.0474578998982906 0.0167934559285641 0.0179207883775234 0.00813048332929611 0.0283915027976036 0.0348745808005333 0.024604132398963 0.0302563570439816 0.0285155214369297 0.0182078815996647 0.0519282855093479 0.0642566755414009 0.0640585571527481 0.0800117924809456 0.105778515338898 0.108196638524532 0.0930660665035248 0.0634472593665123 0.0462391562759876 0.10676147788763 0.114545315504074 0.130223050713539 0.133727952837944 0.213650554418564 0.259963303804398 0.282768875360489 0.366718500852585 0.407888293266296
