data/climate_estimation/maxent_output/Gagea_algeriensis.asc
NCOLS 110 
NROWS 142 
XLLCORNER -9.16666666666667 
YLLCORNER 29.5 
CELLSIZE 0.0833333333333333 
NODATA_value -3.4e+38 
[rows 110 to 131 of 142, columns 0 to 47 of 110]
0.0462104938924313 0.059600543230772 0.112277939915657 0.134189054369926 0.142280146479607 0.104650191962719 0.0898393914103508 0.10398343205452 0.117040939629078 0.0930004492402077 0.0706211477518082 0.0548444353044033 0.0436905547976494 0.0354036465287209 0.024950074031949 0.0211181621998549 0.0152113288640976 0.0147522417828441 0.0126711893826723 0.0127390157431364 0.00993797928094864 0.0109738418832421 0.01758654974401 0.0222376920282841 0.0408871024847031 0.0464172102510929 0.10210495442152 0.111679866909981 0.158859267830849 0.224724769592285 0.206929102540016 0.25016713142395 0.313405364751816 0.19736810028553 0.343138337135315 0.491372019052505 0.806217551231384 0.677383720874786 0.653196334838867 0.348889201879501 0.309285491704941 0.672028183937073 0.591798901557922 0.55265885591507 0.526903092861176 0.566641211509705 0.530695974826813 0.280517011880875
0.060417614877224 0.0996935963630676 0.161540612578392 0.154372915625572 0.112052656710148 0.0840476229786873 0.0643179938197136 0.0807806774973869 0.061571266502142 0.0544439926743507 0.0458608195185661 0.0366890728473663 0.0357054211199284 0.0272717457264662 0.0184508115053177 0.0150478947907686 0.0122625092044473 0.0118729397654533 0.00940702203661203 0.0111006507650018 0.0132113797590137 0.0123546048998833 0.0197033323347569 0.0296595748513937 0.0337993577122688 0.0876403450965881 0.170095264911652 0.145779296755791 0.141163378953934 0.209670290350914 0.296444952487946 0.312646746635437 0.331862092018127 0.330184370279312 0.573196351528168 0.51530921459198 0.60909515619278 0.783912479877472 0.788683533668518 0.662636756896973 0.650838196277618 0.447367042303085 0.337335884571075 0.495119839906693 0.51844984292984 0.496716022491455 0.419910997152328 0.0746699199080467
0.093237467110157 0.115518346428871 0.141348659992218 0.154815256595612 0.0517474189400673 0.0437749698758125 0.0505365915596485 0.0453321821987629 0.0399400964379311 0.053497452288866 0.0559065565466881 0.0431925617158413 0.0272364839911461 0.0209118872880936 0.0170375052839518 0.0116412276402116 0.0193477217108011 0.0340559333562851 0.0651146471500397 0.0818087607622147 0.0353201813995838 0.021743431687355 0.0273954402655363 0.0321499444544315 0.0597868673503399 0.122461140155792 0.267732948064804 0.260512411594391 0.285245984792709 0.282903611660004 0.297081559896469 0.436338275671005 0.703934729099274 0.486750394105911 0.474656701087952 0.757049441337585 0.488420635461807 0.667271077632904 0.641113758087158 0.618720173835754 0.461857259273529 0.388240188360214 0.388725608587265 0.466100692749023 0.430229365825653 0.452528715133667 0.212654128670692 0.0496856123209
0.030841052532196 0.042910560965538 0.0565781481564045 0.0554223768413067 0.0396537035703659 0.0297033526003361 0.030582832172513 0.0253146775066853 0.0332822389900684 0.034471370279789 0.0532353818416595 0.0218863245099783 0.0267281103879213 0.0254778936505318 0.0229955036193132 0.0206732507795095 0.0274553541094065 0.0318466536700726 0.036543320864439 0.0381038673222065 0.0273477677255869 0.0307078994810581 0.0392172485589981 0.0436049960553646 0.0608980767428875 0.118769399821758 0.265081763267517 0.298536151647568 0.277269691228867 0.305999219417572 0.392719894647598 0.493097871541977 0.623391032218933 0.634721398353577 0.813185393810272 0.683763265609741 0.643150448799133 0.635211825370789 0.516258716583252 0.464417904615402 0.514549314975739 0.480478405952454 0.361664891242981 0.382239937782288 0.44933408498764 0.224411204457283 0.14748914539814 0.0857770889997482
0.0262085869908333 0.0212555434554815 0.0260733030736446 0.0312840305268764 0.0275503173470497 0.0176997259259224 0.0228863637894392 0.0236398912966251 0.0219278614968061 0.0233127549290657 0.0194784328341484 0.0121252611279488 0.00835456326603889 0.009943095035851 0.00960716605186462 0.00891374237835407 0.0122301355004311 0.021384458988905 0.0198968537151814 0.0233696177601814 0.0448004528880119 0.0556882694363594 0.066165953874588 0.0652761235833168 0.088951088488102 0.118769399821758 0.298770666122437 0.340043872594833 0.358751952648163 0.385751098394394 0.5823033452034 0.707684338092804 0.805663228034973 0.816512823104858 0.641281127929688 0.450207352638245 0.539225041866302 0.531058073043823 0.36842867732048 0.454236418008804 0.444475948810577 0.411049604415894 0.395759284496307 0.352926760911942 0.169220268726349 0.121728837490082 0.0360481888055801 0.0194509103894234
0.0286269187927246 0.036160059273243 0.0193326026201248 0.0195490010082722 0.0169930681586266 0.0193377994000912 0.0183065999299288 0.0164703708142042 0.0146478042006493 0.0139344548806548 0.0133090605959296 0.00820448528975248 0.00655082706362009 0.00647495128214359 0.00537845306098461 0.00518897129222751 0.00647355103865266 0.0117292013019323 0.0179604347795248 0.0265852268785238 0.040358480066061 0.0738885253667831 0.133815839886665 0.183968499302864 0.325841695070267 0.361577838659286 0.405736654996872 0.366761356592178 0.553367674350739 0.557215869426727 0.742189586162567 0.768389523029327 0.794416666030884 0.71030330657959 0.510789155960083 0.193140432238579 0.189672321081161 0.2786665558815 0.448743641376495 0.459264993667603 0.343651294708252 0.433607876300812 0.337888926267624 0.0710179656744003 0.107205480337143 0.0368080176413059 0.0101651614531875 0.00825589243322611
0.0331980772316456 0.05350611358881 0.0504745654761791 0.0266601201146841 0.029943909496069 0.016418220475316 0.0205687507987022 0.028272308409214 0.0279596522450447 0.0254878886044025 0.0145312510430813 0.0116231217980385 0.0101341689005494 0.00562242371961474 0.00503102364018559 0.00633238768205047 0.00782227516174316 0.0112157333642244 0.0206096079200506 0.0482017919421196 0.104569427669048 0.203725457191467 0.324122369289398 0.430495947599411 0.698153078556061 0.802468776702881 0.789045751094818 0.742957234382629 0.842661261558533 0.80089795589447 0.850683987140656 0.769295871257782 0.683671891689301 0.651227176189423 0.424218386411667 0.53434294462204 0.482598572969437 0.433517754077911 0.426973015069962 0.295034229755402 0.427153676748276 0.346923917531967 0.141716510057449 0.0676278248429298 0.0245684515684843 0.00639234529808164 0.00306254788301885 0.00171507394406945
0.0417301133275032 0.045306634157896 0.0578579232096672 0.0505850575864315 0.0409185327589512 0.0281204003840685 0.10727908462286 0.105641782283783 0.0767041370272636 0.0541779324412346 0.0324235782027245 0.0188696850091219 0.0144250486046076 0.01091995742172 0.010652668774128 0.0111768580973148 0.0108720818534493 0.0309856217354536 0.111170597374439 0.179276585578918 0.274946838617325 0.533917844295502 0.778548181056976 0.573337733745575 0.659263849258423 0.777106106281281 0.869076013565063 0.868989884853363 0.577040493488312 0.201557785272598 0.76074481010437 0.280041724443436 0.173428624868393 0.175220668315887 0.41383945941925 0.484634608030319 0.495693176984787 0.412228643894196 0.282341778278351 0.240808710455894 0.274682015180588 0.147199645638466 0.0158941652625799 0.00491990754380822 0.00368841830641031 0.0020026583224535 0.00111315899994224 0.000627286673989147
0.0555836297571659 0.0556497983634472 0.0593422204256058 0.0776806250214577 0.0535013005137444 0.123403631150723 0.25389164686203 0.245801210403442 0.156974241137505 0.120387032628059 0.0705193281173706 0.0532704070210457 0.0299101080745459 0.0379702411592007 0.0502890236675739 0.0348654873669147 0.0401908457279205 0.112344801425934 0.339095115661621 0.545135498046875 0.904065907001495 0.734338402748108 0.914212286472321 0.924099624156952 0.900362432003021 0.789324760437012 0.780793309211731 0.856898188591003 0.672272980213165 0.352854490280151 0.546339869499207 0.226422339677811 0.2635198533535 0.519966721534729 0.515421390533447 0.213710203766823 0.0879671275615692 0.0570249930024147 0.0236310921609402 0.0251024886965752 0.01040970813483 0.00595229398459196 0.00294580776244402 0.00156627676915377 0.00138869718648493 0.00112365942914039 0.000706426333636045 0.000550328404642642
0.103958532214165 0.110243506729603 0.122032679617405 0.127034038305283 0.0994099304080009 0.174510344862938 0.264687061309814 0.298474550247192 0.243945837020874 0.278569221496582 0.284752011299133 0.195066079497337 0.0757131651043892 0.282838106155396 0.320125162601471 0.204611152410507 0.255598306655884 0.711565375328064 0.965526938438416 0.917846143245697 0.958456754684448 0.921486496925354 0.825791358947754 0.465273857116699 0.476131498813629 0.425130516290665 0.636472582817078 0.803795158863068 0.715368688106537 0.324738085269928 0.422803372144699 0.596043705940247 0.422330796718597 0.355792850255966 0.106203980743885 0.0515109524130821 0.0236342549324036 0.0133365662768483 0.00610213540494442 0.00350094097666442 0.00273703364655375 0.00233853375539184 0.00234235217794776 0.00194649875629693 0.00159565603826195 0.000725672696717083 0.000401945668272674 0.000353821233147755
0.254606813192368 0.324173420667648 0.189531728625298 0.139482021331787 0.121006704866886 0.180935382843018 0.20912079513073 0.258813440799713 0.329882591962814 0.421282857656479 0.538424253463745 0.449699491262436 0.206563994288445 0.91517573595047 0.853608548641205 0.903105616569519 0.920147716999054 0.950486361980438 0.679075479507446 0.856806695461273 0.605006158351898 0.891229689121246 0.901724696159363 0.886931598186493 0.886621117591858 0.71012419462204 0.819140315055847 0.513136267662048 0.722117185592651 0.428661346435547 0.197208017110825 0.0614050999283791 0.0625642314553261 0.0643232762813568 0.0423150397837162 0.0136166363954544 0.004349694121629 0.00272416463121772 0.0022411763202399 0.00198937742970884 0.00329342950135469 0.00641555106267333 0.00397229613736272 0.00409363117069006 0.00333483261056244 0.00090921635273844 0.000417059287428856 0.00037641916424036
0.324439257383347 0.28420889377594 0.392296612262726 0.305954873561859 0.268831133842468 0.571966052055359 0.71724671125412 0.777286171913147 0.844959139823914 0.935610890388489 0.968621551990509 0.906583845615387 0.804405689239502 0.84681248664856 0.977108597755432 0.711866199970245 0.597670793533325 0.778777480125427 0.492558658123016 0.607334554195404 0.905480325222015 0.902386844158173 0.855504333972931 0.687462329864502 0.651486456394196 0.413067877292633 0.0892634317278862 0.0726296305656433 0.061141561716795 0.0334898680448532 0.021045658737421 0.0127107286825776 0.0126359984278679 0.00723026879131794 0.00388061092235148 0.00295213749632239 0.00219613057561219 0.00286521459929645 0.00459993304684758 0.0102221677079797 0.00912955217063427 0.00938713364303112 0.0055276844650507 0.00323906657285988 0.00206899805925786 0.000451002939371392 9.35020943870768e-05 7.15867208782583e-05
0.336592197418213 0.408149808645248 0.398816347122192 0.534158945083618 0.565149307250977 0.631494164466858 0.677626729011536 0.674233913421631 0.789507448673248 0.742150902748108 0.882649660110474 0.896775484085083 0.972568571567535 0.890543937683105 0.750195860862732 0.308466255664825 0.173414930701256 0.129658117890358 0.765945196151733 0.939248204231262 0.893117189407349 0.752110660076141 0.46323898434639 0.329283088445663 0.0995269566774368 0.0381325148046017 0.0166867077350616 0.0139673557132483 0.00955905020236969 0.00789843406528234 0.00541025493294001 0.00449350196868181 0.0039228075183928 0.00273761129938066 0.00210630265064538 0.00190598622430116 0.00210521020926535 0.0088413218036294 0.0220818649977446 0.0252299811691046 0.0162028074264526 0.00995443575084209 0.0148455603048205 0.00463835708796978 0.000492767372634262 0.000359675759682432 9.18202640605159e-05 3.70462475984823e-05
0.323872804641724 0.392344802618027 0.477734595537186 0.431550145149231 0.52035790681839 0.622970938682556 0.480540722608566 0.713683903217316 0.505713999271393 0.32009494304657 0.451146304607391 0.701744437217712 0.960688292980194 0.571703314781189 0.0887183770537376 0.382290691137314 0.342374682426453 0.682287693023682 0.896611630916595 0.941390097141266 0.666763544082642 0.371785998344421 0.134630471467972 0.059685043990612 0.021624892950058 0.0117245940491557 0.00556711433455348 0.00419112341478467 0.00256903376430273 0.00268359528854489 0.00186501466669142 0.0019419725285843 0.00161390728317201 0.00179783860221505 0.00234622787684202 0.00291003775782883 0.00848533492535353 0.0110219093039632 0.00161155534442514 0.000397912692278624 0.000397667987272143 0.000331978691974655 0.000755811459384859 0.000996599555946887 0.000369567627785727 0.000129471038235351 3.97704679926392e-05 6.0011549066985e-05
0.354932755231857 0.326105773448944 0.513976871967316 0.387899369001389 0.277191400527954 0.480155259370804 0.376895308494568 0.273234337568283 0.315307289361954 0.522668778896332 0.898177087306976 0.907318651676178 0.922541677951813 0.779448866844177 0.719338238239288 0.954931437969208 0.919126808643341 0.771391749382019 0.883222103118896 0.911171674728394 0.617682039737701 0.243192225694656 0.0726329833269119 0.0311502832919359 0.012048801407218 0.0050284625031054 0.00202177534811199 0.00101360830012709 0.000676814059261233 0.000717768853064626 0.00111279846169055 0.0012508446816355 0.00157653901260346 0.00167185696773231 0.00202906248159707 0.00660721212625504 0.00986018683761358 0.00165984488558024 0.000219517314690165 0.000125069811474532 0.00012251315638423 0.000118834206659812 0.000480540446005762 0.000116839553811587 4.52111453341786e-05 1.62237683980493e-05 1.72906984516885e-05 1.65729143191129e-05
0.227718383073807 0.231535896658897 0.40998375415802 0.519737362861633 0.341825157403946 0.316225469112396 0.408898234367371 0.443859338760376 0.733852088451385 0.854570329189301 0.83326381444931 0.940080642700195 0.94693398475647 0.774902641773224 0.961319327354431 0.90976083278656 0.892864167690277 0.793108940124512 0.923868894577026 0.80767959356308 0.701726853847504 0.310831755399704 0.0972669571638107 0.0484750680625439 0.0290459655225277 0.00581168662756681 0.0018348612356931 0.000698556425049901 0.000885596266016364 0.0010090668220073 0.00114010320976377 0.00178783084265888 0.00218529696576297 0.00233493372797966 0.00532176066190004 0.0056668845936656 0.000778547313529998 0.000335764809278771 5.73034885746893e-05 2.81080792774446e-05 3.44167492585257e-05 3.18118072755169e-05 3.15139659505803e-05 1.37034967337968e-05 1.30001235447708e-05 1.45339499795227e-05 1.65671517606825e-05 5.23766129845171e-06
0.104977443814278 0.250868886709213 0.501499235630035 0.332147002220154 0.435118734836578 0.644290387630463 0.783694446086884 0.789727032184601 0.523607075214386 0.470941781997681 0.427624374628067 0.596728026866913 0.950262069702148 0.957111597061157 0.885309934616089 0.742926895618439 0.951953947544098 0.851060688495636 0.732726633548737 0.88037109375 0.700752437114716 0.35150620341301 0.163744434714317 0.117252297699451 0.0776347890496254 0.0152209009975195 0.00394677277654409 0.00102436018642038 0.00148551911115646 0.00175921304617077 0.00140763306990266 0.00035306962672621 0.000196791981579736 0.000201945964363404 0.000419733056332916 0.000278417341178283 0.000145532219903544 7.58738460717723e-05 8.70020667207427e-05 3.4668202715693e-05 3.575828668545e-05 1.36725711854524e-05 1.382060963806e-05 1.21251832752023e-05 4.16755301557714e-06 3.6980798086006e-06 5.39241636943188e-06 5.15560304847895e-06
0.254851907491684 0.317687302827835 0.457509905099869 0.435261964797974 0.291825860738754 0.413046538829803 0.179023146629333 0.0492039993405342 0.0321854688227177 0.0276629440486431 0.0262773856520653 0.0521078445017338 0.111766576766968 0.109368227422237 0.326936602592468 0.510956406593323 0.925239145755768 0.860607981681824 0.507841825485229 0.815618991851807 0.6527419090271 0.313297390937805 0.155360773205757 0.0968524292111397 0.0280569177120924 0.0060888878069818 0.00446801772341132 0.00180309684947133 0.0019991067238152 0.00379717070609331 0.00299546704627573 0.000299208593787625 9.17810393730178e-05 9.12639807211235e-05 4.31032785854768e-05 2.64726240857271e-05 2.56376279139658e-05 2.88638075289782e-05 2.76225146080833e-05 3.11758158204611e-05 2.85455989796901e-05 1.09655175037915e-05 1.06033085103263e-05 3.36798734679178e-06 4.94817095386679e-06 4.69064980279654e-06 5.09973824591725e-06 5.5861287364678e-06
0.0454294830560684 0.0246875137090683 0.0259614549577236 0.0359994247555733 0.0347723141312599 0.035497460514307 0.0255602300167084 0.0160802323371172 0.0150925051420927 0.0142411785200238 0.0134558258578181 0.0173039622604847 0.0844573006033897 0.151030614972115 0.822545111179352 0.811861336231232 0.817520260810852 0.863414108753204 0.888361752033234 0.826307594776154 0.466221541166306 0.263541907072067 0.0980432033538818 0.0538443326950073 0.0147740105167031 0.0108205080032349 0.00713299168273807 0.00445714918896556 0.00247655622661114 0.000837227737065405 0.000228924953262322 0.000235363811952993 0.000153321816469543 0.000152626816998236 8.25850875116885e-05 4.02042132918723e-05 2.37234162341338e-05 0.000162473515956663 2.61906134255696e-05 2.55643153650453e-05 9.51939273363678e-06 7.8287403084687e-06 1.16166556836106e-05 3.90394870919408e-06 4.29754300057539e-06 5.18598199050757e-06 5.02047942063655e-06 1.42730459629092e-06
0.00518050184473395 0.00412803376093507 0.00431447802111506 0.00787810515612364 0.00787258148193359 0.00561963906511664 0.00573980156332254 0.00963117461651564 0.0147855784744024 0.0217912569642067 0.0624986402690411 0.0743561834096909 0.264552742242813 0.148264229297638 0.136360615491867 0.18284310400486 0.267721801996231 0.3720463514328 0.490107983350754 0.55193966627121 0.338070511817932 0.151735603809357 0.0518222376704216 0.0301376730203629 0.0100513696670532 0.00236377026885748 0.00268049794249237 0.00151363352779299 0.000604152563028038 0.000462057738332078 0.00030956621048972 0.000370442197890952 0.000213538951356895 0.000128237821627408 3.08329981635325e-05 1.29562567963148e-05 8.69703308126191e-06 7.01552744430955e-06 8.12518737802748e-06 8.86074940353865e-06 2.34621825256909e-06 2.88207615994907e-06 9.98029918264365e-06 3.61335969500942e-06 4.15773956774501e-06 1.64140953984315e-06 1.62768003519886e-06 2.34350591199473e-06
0.00209408509545028 0.00251822778955102 0.00246087368577719 0.00278081465512514 0.0048695201985538 0.00543583417311311 0.0106201888993382 0.0408286154270172 0.129494100809097 0.502861440181732 0.530432462692261 0.415276497602463 0.345102608203888 0.11437863856554 0.233061134815216 0.462930649518967 0.434455841779709 0.53312087059021 0.532975971698761 0.414867281913757 0.305975437164307 0.109907247126102 0.0501326061785221 0.04228325933218 0.00917204283177853 0.00139666453469545 0.000839347543660551 0.000428269326221198 0.000538537686225027 0.000605513982009143 0.000159799819812179 0.00016780718578957 0.000198773603187874 0.000134064219309948 0.000115659771836363 3.99835626012646e-05 2.110839523084e-05 8.80472180142533e-06 2.90617367681989e-06 2.10878761208733e-06 2.53409530159843e-06 3.39368261847994e-06 2.28852218242537e-06 3.70750444744772e-06 7.94607512943912e-06 1.62327569341869e-06 1.52182792589883e-06 2.26883753384755e-06
0.00233917497098446 0.00270389998331666 0.00300529692322016 0.00317282904870808 0.0104301357641816 0.019183749333024 0.0449488908052444 0.0666443333029747 0.108620688319206 0.137354046106339 0.266075968742371 0.32776752114296 0.208242565393448 0.179326862096786 0.305031359195709 0.500815570354462 0.526314318180084 0.476356089115143 0.449433326721191 0.414628744125366 0.209224969148636 0.0692275837063789 0.0414749160408974 0.0403540283441544 0.00831942725926638 0.00285640032961965 0.00146329426206648 0.000146293547004461 0.000109358319605235 0.000131362132378854 0.000138422474265099 0.000251165474765003 9.73642672761343e-05 0.00010455735900905 6.38719138805754e-05 4.4877699110657e-05 1.78598656930262e-05 1.76451540028211e-05 6.46612579657813e-06 2.45609248850087e-06 4.42678719991818e-06 8.42473184547998e-07 4.79275058751227e-06 5.44062868357287e-06 9.28132976696361e-06 2.25241615225968e-06 2.51236428994162e-06 2.56937505582755e-06
