data/climate_estimation/maxent_output/Gagea_peduncularis.asc
NCOLS 193 
NROWS 97 
XLLCORNER 21.4166666666667 
YLLCORNER 33.1666666666667 
CELLSIZE 0.0833333333333333 
NODATA_value -3.4e+38 
[rows 42 to 62 of 97, columns 49 to 97 of 193]
-3.4e+38 -3.4e+38 -3.4e+38 -3.4e+38 -3.4e+38 -3.4e+38 -3.4e+38 -3.4e+38 -3.4e+38 0.923355638980865 0.9030681848526 -3.4e+38 0.937971711158752 0.967981457710266 0.946799457073212 0.966832876205444 0.93541032075882 0.911160409450531 0.892917215824127 0.909841418266296 0.92949378490448 0.921757757663727 0.819945991039276 0.723017156124115 0.706533849239349 0.748832881450653 0.746837794780731 0.533810019493103 0.422117650508881 0.389303416013718 0.415909200906754 0.632554054260254 0.804157257080078 0.630709111690521 0.412437230348587 0.727986097335815 0.829175174236298 0.720519781112671 0.680546164512634 0.767866492271423 0.814473271369934 0.840016603469849 0.654299914836884 0.588658571243286 0.483375281095505 0.63025027513504 0.4133620262146 0.462367027997971 0.336804836988449
-3.4e+38 -3.4e+38 -3.4e+38 -3.4e+38 -3.4e+38 -3.4e+38 0.941747546195984 0.948042511940002 0.95672208070755 0.952470302581787 0.884790122509003 0.883589863777161 0.911219894886017 -3.4e+38 -3.4e+38 0.966547548770905 0.914539813995361 -3.4e+38 0.923083782196045 0.960455656051636 0.895029902458191 0.765733540058136 0.753912687301636 0.7223020195961 0.764817297458649 0.815310418605804 0.75771164894104 0.683032631874084 0.530416667461395 0.330527007579803 0.329871565103531 0.758333802223206 0.900069117546082 0.812936663627625 0.515222549438477 0.480894356966019 0.689769446849823 0.759290993213654 0.742768347263336 0.748922884464264 0.726936876773834 0.699487686157227 0.624403059482574 0.560565173625946 0.516445100307465 0.49007722735405 0.460615038871765 0.49495804309845 0.44422110915184
-3.4e+38 -3.4e+38 -3.4e+38 -3.4e+38 -3.4e+38 0.865308105945587 0.962373495101929 0.960126459598541 0.957103669643402 -3.4e+38 0.854118168354034 0.909679472446442 0.864445209503174 -3.4e+38 -3.4e+38 -3.4e+38 -3.4e+38 -3.4e+38 -3.4e+38 0.817202270030975 0.792494475841522 0.786592364311218 0.746217966079712 0.747380018234253 0.819917380809784 0.892164647579193 0.815460503101349 0.684701681137085 0.415245890617371 0.543429851531982 0.404063045978546 0.561523854732513 0.742407381534576 0.777783870697021 0.783671796321869 0.756242096424103 0.56607061624527 0.703939974308014 0.734237194061279 0.73165887594223 0.713184058666229 0.675814747810364 0.623726904392242 0.662589073181152 0.692180216312408 0.403937190771103 0.334775507450104 0.347068876028061 0.40398582816124
-3.4e+38 -3.4e+38 -3.4e+38 -3.4e+38 -3.4e+38 -3.4e+38 -3.4e+38 -3.4e+38 -3.4e+38 -3.4e+38 -3.4e+38 -3.4e+38 -3.4e+38 -3.4e+38 -3.4e+38 -3.4e+38 -3.4e+38 0.838615894317627 0.826058387756348 -3.4e+38 0.796192646026611 0.832479178905487 0.805084526538849 0.865420818328857 0.740586578845978 0.798890233039856 0.852425694465637 0.835730612277985 0.696825385093689 0.820271492004395 0.725066065788269 0.533355116844177 0.605414628982544 0.758565068244934 0.773705720901489 0.77342414855957 0.713930547237396 0.58475399017334 0.693959414958954 0.71743369102478 0.734712719917297 0.718629121780396 0.66902357339859 0.596763253211975 0.631612956523895 0.430840104818344 0.335527986288071 0.312492549419403 0.35083469748497
0.502358198165894 -3.4e+38 -3.4e+38 -3.4e+38 -3.4e+38 -3.4e+38 -3.4e+38 -3.4e+38 -3.4e+38 -3.4e+38 -3.4e+38 -3.4e+38 0.861634731292725 0.848787248134613 0.833986937999725 0.828532457351685 -3.4e+38 -3.4e+38 -3.4e+38 -3.4e+38 0.786222159862518 0.777150094509125 0.739653944969177 0.807505488395691 0.915033757686615 0.74619048833847 0.647217214107513 0.619748532772064 0.759522914886475 0.81494277715683 0.644108176231384 0.578668355941772 0.68181699514389 0.80708920955658 0.871879875659943 0.818592488765717 0.768721044063568 0.631368637084961 0.647795021533966 0.688676059246063 0.778410255908966 0.779245555400848 0.70970755815506 0.62870317697525 0.70881450176239 0.494359016418457 0.351021289825439 0.320654422044754 0.338720917701721
-3.4e+38 -3.4e+38 -3.4e+38 -3.4e+38 -3.4e+38 -3.4e+38 -3.4e+38 -3.4e+38 -3.4e+38 -3.4e+38 -3.4e+38 -3.4e+38 0.860356092453003 -3.4e+38 0.880625605583191 0.819384157657623 -3.4e+38 -3.4e+38 -3.4e+38 0.771749198436737 -3.4e+38 -3.4e+38 0.743824779987335 0.771447777748108 0.777406752109528 0.730573177337646 0.657463490962982 0.652408242225647 0.794056475162506 0.870951414108276 0.802514433860779 0.663733780384064 0.652014434337616 0.779179573059082 0.875736773014069 0.875886261463165 0.818212628364563 0.683722019195557 0.675000369548798 0.733050167560577 0.772515177726746 0.759206295013428 0.744170725345612 0.826404273509979 0.797743856906891 0.481355607509613 0.443676888942719 0.357647657394409 0.391676932573318
0.568004071712494 -3.4e+38 -3.4e+38 -3.4e+38 -3.4e+38 -3.4e+38 -3.4e+38 -3.4e+38 -3.4e+38 -3.4e+38 -3.4e+38 -3.4e+38 -3.4e+38 -3.4e+38 -3.4e+38 0.864990413188934 0.826867997646332 -3.4e+38 -3.4e+38 -3.4e+38 -3.4e+38 -3.4e+38 0.724454045295715 -3.4e+38 0.67909961938858 0.700307667255402 0.674327552318573 0.708246529102325 0.78586620092392 0.898808658123016 0.908098936080933 0.849068403244019 0.775040805339813 0.749910354614258 0.772276759147644 0.850849747657776 0.827940583229065 0.802581131458282 0.757881820201874 0.732348024845123 0.746286511421204 0.724952697753906 0.763227224349976 0.832514226436615 0.658004581928253 0.542899072170258 0.527402937412262 0.555696666240692 0.406860321760178
0.761508464813232 0.470597624778748 0.504705607891083 0.639360249042511 0.57518196105957 -3.4e+38 -3.4e+38 -3.4e+38 -3.4e+38 -3.4e+38 -3.4e+38 -3.4e+38 -3.4e+38 -3.4e+38 -3.4e+38 0.834468960762024 0.825003325939178 -3.4e+38 -3.4e+38 -3.4e+38 -3.4e+38 0.747910618782043 0.802038729190826 0.751975893974304 0.793742179870605 0.725386023521423 0.764348745346069 0.837338149547577 0.823871850967407 0.876203835010529 0.925932168960571 0.904419600963593 0.827315866947174 0.810122191905975 0.760575711727142 0.780156970024109 0.774857580661774 0.754002451896667 0.827479004859924 0.846914708614349 0.845842123031616 0.80872368812561 0.746211051940918 0.695332825183868 0.712373197078705 0.679096162319183 0.675370275974274 0.604233264923096 0.458504945039749
0.682282090187073 0.44295397400856 -3.4e+38 -3.4e+38 -3.4e+38 -3.4e+38 -3.4e+38 -3.4e+38 -3.4e+38 -3.4e+38 -3.4e+38 0.860068917274475 -3.4e+38 -3.4e+38 -3.4e+38 -3.4e+38 0.829802572727203 0.853955209255219 0.827716052532196 0.78424072265625 0.747776389122009 0.829747021198273 0.801235020160675 0.804045796394348 0.844708025455475 0.844143509864807 0.899392008781433 0.919302403926849 0.848451256752014 0.801994800567627 0.810108602046967 0.866422653198242 0.881868779659271 0.811546206474304 0.726746261119843 0.686116397380829 0.64003324508667 0.740934491157532 0.824365675449371 0.87613183259964 0.844811379909515 0.802423059940338 0.758217334747314 0.738863945007324 0.718523919582367 0.707296848297119 0.671065807342529 0.600830376148224 0.592575252056122
0.581167995929718 0.486724495887756 -3.4e+38 -3.4e+38 -3.4e+38 0.698298275470734 0.792461812496185 -3.4e+38 -3.4e+38 0.807127177715302 -3.4e+38 0.835427939891815 -3.4e+38 -3.4e+38 -3.4e+38 -3.4e+38 -3.4e+38 0.90251624584198 0.853049159049988 0.802272260189056 0.758708655834198 0.795621514320374 0.710027396678925 0.746938943862915 0.759675443172455 0.773222744464874 -3.4e+38 -3.4e+38 -3.4e+38 -3.4e+38 0.805060744285583 0.806392669677734 0.840460658073425 0.821581482887268 0.814758658409119 0.817567884922028 0.778198957443237 0.653977990150452 0.649020254611969 0.779849112033844 0.798650503158569 0.795429587364197 0.773006618022919 0.792797744274139 0.766812384128571 0.807736039161682 0.708506762981415 0.694239616394043 0.734039783477783
0.467484623193741 0.56019127368927 0.549717009067535 -3.4e+38 0.729978740215302 0.7640540599823 0.880547046661377 -3.4e+38 0.7253338098526 -3.4e+38 -3.4e+38 -3.4e+38 -3.4e+38 -3.4e+38 -3.4e+38 -3.4e+38 -3.4e+38 -3.4e+38 0.813532531261444 0.818048477172852 0.881459951400757 0.838351249694824 0.785370826721191 -3.4e+38 -3.4e+38 -3.4e+38 -3.4e+38 -3.4e+38 -3.4e+38 -3.4e+38 0.825968086719513 0.882072448730469 0.877587139606476 0.903331398963928 0.896930038928986 0.856428205966949 0.854954659938812 0.697001516819 0.663235485553741 0.71446293592453 0.789210200309753 0.800735592842102 0.821241974830627 0.831081926822662 0.85752409696579 0.875745177268982 0.852050304412842 0.744665920734406 0.696750640869141
-3.4e+38 -3.4e+38 -3.4e+38 0.680236279964447 0.706200838088989 -3.4e+38 -3.4e+38 -3.4e+38 -3.4e+38 -3.4e+38 -3.4e+38 -3.4e+38 -3.4e+38 -3.4e+38 -3.4e+38 -3.4e+38 -3.4e+38 0.84024304151535 0.83601039648056 0.851797699928284 0.921349883079529 -3.4e+38 -3.4e+38 0.826011180877686 0.904985725879669 0.875387370586395 0.846593797206879 0.906164765357971 0.896045088768005 0.908592700958252 0.874509751796722 0.897836804389954 0.936311602592468 0.8518306016922 0.906876862049103 0.86622953414917 0.848292112350464 0.728909432888031 0.791059792041779 0.638584911823273 0.748363494873047 0.830491185188293 0.839457929134369 0.819688558578491 0.821761548519135 0.812930107116699 0.828327298164368 0.795852601528168 0.747843861579895
-3.4e+38 -3.4e+38 -3.4e+38 -3.4e+38 -3.4e+38 -3.4e+38 -3.4e+38 -3.4e+38 -3.4e+38 -3.4e+38 -3.4e+38 -3.4e+38 -3.4e+38 -3.4e+38 -3.4e+38 -3.4e+38 -3.4e+38 0.869500935077667 -3.4e+38 0.84145313501358 -3.4e+38 -3.4e+38 0.899744391441345 0.938240468502045 0.971714019775391 0.950809001922607 0.880954205989838 -3.4e+38 0.862151920795441 0.915877938270569 0.924004197120667 0.957067131996155 0.972359538078308 0.876123428344727 -3.4e+38 -3.4e+38 -3.4e+38 0.813087940216064 0.720739901065826 0.644675135612488 0.758943796157837 0.62234753370285 0.643393754959106 0.681175529956818 0.837936878204346 0.844807803630829 0.730902552604675 0.815452814102173 0.896969497203827
-3.4e+38 -3.4e+38 0.574571430683136 -3.4e+38 -3.4e+38 -3.4e+38 -3.4e+38 -3.4e+38 -3.4e+38 0.814494252204895 0.870315730571747 0.879561245441437 -3.4e+38 -3.4e+38 -3.4e+38 -3.4e+38 -3.4e+38 -3.4e+38 0.839688122272491 0.922951698303223 0.889473974704742 -3.4e+38 -3.4e+38 0.893499255180359 -3.4e+38 -3.4e+38 0.884995877742767 0.949541687965393 0.961808145046234 0.961550235748291 0.949539124965668 0.958452343940735 -3.4e+38 -3.4e+38 -3.4e+38 -3.4e+38 -3.4e+38 -3.4e+38 -3.4e+38 0.729602158069611 0.716016352176666 0.579338908195496 0.698679029941559 0.645778119564056 0.767783761024475 0.733879089355469 0.649718225002289 0.855834901332855 0.901606559753418
-3.4e+38 -3.4e+38 -3.4e+38 -3.4e+38 -3.4e+38 -3.4e+38 -3.4e+38 0.734508275985718 0.751217007637024 0.908143877983093 0.84458601474762 0.829352736473083 -3.4e+38 -3.4e+38 -3.4e+38 -3.4e+38 -3.4e+38 0.861705362796783 0.85165935754776 0.933840990066528 0.926956295967102 -3.4e+38 -3.4e+38 -3.4e+38 -3.4e+38 -3.4e+38 -3.4e+38 0.956835329532623 0.947239637374878 0.963744640350342 0.95311576128006 -3.4e+38 -3.4e+38 -3.4e+38 -3.4e+38 -3.4e+38 -3.4e+38 -3.4e+38 -3.4e+38 -3.4e+38 -3.4e+38 -3.4e+38 0.670149326324463 0.884626269340515 0.906586647033691 0.715234816074371 0.602639019489288 0.903745412826538 0.914639890193939
-3.4e+38 -3.4e+38 -3.4e+38 -3.4e+38 -3.4e+38 -3.4e+38 -3.4e+38 -3.4e+38 -3.4e+38 -3.4e+38 -3.4e+38 -3.4e+38 -3.4e+38 -3.4e+38 -3.4e+38 -3.4e+38 -3.4e+38 -3.4e+38 -3.4e+38 -3.4e+38 -3.4e+38 0.94278347492218 0.921678781509399 -3.4e+38 -3.4e+38 -3.4e+38 -3.4e+38 -3.4e+38 -3.4e+38 -3.4e+38 -3.4e+38 0.945151329040527 0.940603315830231 -3.4e+38 -3.4e+38 -3.4e+38 -3.4e+38 -3.4e+38 -3.4e+38 -3.4e+38 -3.4e+38 -3.4e+38 -3.4e+38 0.91873824596405 0.931284248828888 0.614352941513062 0.783222436904907 0.901462018489838 0.912706077098846
-3.4e+38 -3.4e+38 0.673220813274384 0.735256135463715 0.620927512645721 -3.4e+38 -3.4e+38 -3.4e+38 -3.4e+38 -3.4e+38 -3.4e+38 -3.4e+38 -3.4e+38 -3.4e+38 0.897084414958954 -3.4e+38 -3.4e+38 -3.4e+38 -3.4e+38 -3.4e+38 -3.4e+38 -3.4e+38 0.93544214963913 0.913364350795746 -3.4e+38 -3.4e+38 -3.4e+38 -3.4e+38 0.94127631187439 0.958587348461151 0.965085446834564 0.975088715553284 0.958919584751129 -3.4e+38 -3.4e+38 -3.4e+38 -3.4e+38 -3.4e+38 -3.4e+38 -3.4e+38 -3.4e+38 -3.4e+38 -3.4e+38 0.875471353530884 0.864994704723358 0.59764152765274 0.815748155117035 0.927052021026611 0.934894323348999
-3.4e+38 -3.4e+38 -3.4e+38 0.727505385875702 0.636910796165466 -3.4e+38 -3.4e+38 -3.4e+38 -3.4e+38 -3.4e+38 -3.4e+38 -3.4e+38 -3.4e+38 -3.4e+38 0.862779855728149 0.843509256839752 -3.4e+38 -3.4e+38 -3.4e+38 -3.4e+38 -3.4e+38 -3.4e+38 -3.4e+38 -3.4e+38 -3.4e+38 -3.4e+38 0.934003114700317 0.965369820594788 0.978562653064728 0.98157012462616 0.981500506401062 0.967882335186005 0.936668694019318 -3.4e+38 -3.4e+38 -3.4e+38 -3.4e+38 -3.4e+38 -3.4e+38 -3.4e+38 -3.4e+38 -3.4e+38 -3.4e+38 -3.4e+38 0.565298497676849 0.540961146354675 0.618033409118652 0.941311955451965 0.940580487251282
-3.4e+38 -3.4e+38 -3.4e+38 -3.4e+38 -3.4e+38 -3.4e+38 -3.4e+38 -3.4e+38 -3.4e+38 -3.4e+38 -3.4e+38 -3.4e+38 -3.4e+38 -3.4e+38 -3.4e+38 -3.4e+38 -3.4e+38 -3.4e+38 -3.4e+38 -3.4e+38 -3.4e+38 -3.4e+38 -3.4e+38 -3.4e+38 0.968503057956696 0.937684416770935 0.970181703567505 0.98678982257843 0.991624057292938 0.974235415458679 0.972911417484283 0.95980030298233 0.933394968509674 -3.4e+38 -3.4e+38 -3.4e+38 -3.4e+38 -3.4e+38 -3.4e+38 -3.4e+38 -3.4e+38 -3.4e+38 -3.4e+38 -3.4e+38 -3.4e+38 -3.4e+38 0.603525817394257 0.868890166282654 0.904119610786438
-3.4e+38 -3.4e+38 -3.4e+38 -3.4e+38 -3.4e+38 -3.4e+38 -3.4e+38 -3.4e+38 -3.4e+38 -3.4e+38 -3.4e+38 -3.4e+38 -3.4e+38 -3.4e+38 -3.4e+38 -3.4e+38 -3.4e+38 -3.4e+38 -3.4e+38 -3.4e+38 -3.4e+38 -3.4e+38 -3.4e+38 -3.4e+38 -3.4e+38 -3.4e+38 0.979742348194122 0.976523458957672 0.982199370861053 0.968455731868744 0.963461935520172 0.914606869220734 -3.4e+38 -3.4e+38 -3.4e+38 -3.4e+38 -3.4e+38 -3.4e+38 -3.4e+38 -3.4e+38 -3.4e+38 -3.4e+38 -3.4e+38 -3.4e+38 -3.4e+38 -3.4e+38 -3.4e+38 -3.4e+38 0.58399099111557
-3.4e+38 -3.4e+38 -3.4e+38 -3.4e+38 -3.4e+38 -3.4e+38 -3.4e+38 -3.4e+38 -3.4e+38 -3.4e+38 0.829944252967834 -3.4e+38 -3.4e+38 -3.4e+38 -3.4e+38 -3.4e+38 -3.4e+38 -3.4e+38 -3.4e+38 -3.4e+38 -3.4e+38 -3.4e+38 -3.4e+38 -3.4e+38 -3.4e+38 -3.4e+38 -3.4e+38 0.96274197101593 0.964838027954102 0.927508592605591 0.925134539604187 0.916469812393188 -3.4e+38 -3.4e+38 -3.4e+38 -3.4e+38 -3.4e+38 -3.4e+38 -3.4e+38 -3.4e+38 -3.4e+38 -3.4e+38 -3.4e+38 -3.4e+38 -3.4e+38 -3.4e+38 -3.4e+38 -3.4e+38 -3.4e+38
