data/climate_estimation/maxent_output/Gagea_bulbifera.asc
NCOLS 546 
NROWS 202 
XLLCORNER 43.1666666666667 
YLLCORNER 36.8333333333333 
CELLSIZE 0.0833333333333333 
NODATA_value -3.4e+38 
[rows 60 to 79 of 202, columns 308 to 351 of 546]
0.422764837741852 0.460415124893188 0.465826094150543 0.473651766777039 0.483271151781082 0.517321884632111 0.474609225988388 0.511302292346954 0.551033735275269 0.5447758436203 0.541705846786499 0.513406813144684 0.544134020805359 0.548146724700928 0.549015462398529 0.524982810020447 0.587399244308472 0.522158980369568 0.52396434545517 0.55680239200592 0.552537143230438 0.546678006649017 0.567308902740479 0.560215413570404 0.542248129844666 0.519402980804443 0.575899600982666 0.554110527038574 0.520341813564301 0.513574719429016 0.50681072473526 0.537309467792511 0.530380725860596 0.52347731590271 0.520688831806183 0.520595788955688 0.468604892492294 0.487569600343704 0.480922758579254 0.468015223741531 0.467962056398392 0.461464911699295 0.479973793029785 0.473445564508438
0.464050054550171 0.469490259885788 0.477379143238068 0.447130620479584 0.45093646645546 0.485012978315353 0.479093223810196 0.466685384511948 0.463126599788666 0.463190078735352 0.46691432595253 0.466847032308578 0.472666323184967 0.478568583726883 0.476235151290894 0.520018875598907 0.526175856590271 0.532247543334961 0.532262563705444 0.527778744697571 0.52765154838562 0.52770471572876 0.523363292217255 0.526427984237671 0.510020434856415 0.534090995788574 0.498114466667175 0.495223224163055 0.49515762925148 0.524306535720825 0.510619103908539 0.5106560587883 0.530354499816895 0.491967737674713 0.485382676124573 0.485328525304794 0.478707253932953 0.472237467765808 0.484721332788467 0.44921201467514 0.471698880195618 0.428340971469879 0.426914870738983 0.448702156543732
0.437561422586441 0.441547453403473 0.457428187131882 0.454517215490341 0.454611480236053 0.441748291254044 0.436094731092453 0.432599902153015 0.467693507671356 0.467721879482269 0.467650979757309 0.43640062212944 0.442097663879395 0.445653289556503 0.477962642908096 0.517787337303162 0.523945331573486 0.530026197433472 0.536132752895355 0.542283773422241 0.559519290924072 0.509129345417023 0.486415475606918 0.526405572891235 0.524535536766052 0.517717123031616 0.527270674705505 0.510842025279999 0.507974028587341 0.501694858074188 0.485643893480301 0.47800600528717 0.471380859613419 0.464837908744812 0.483864426612854 0.483842790126801 0.481040924787521 0.474491238594055 0.457766741514206 0.451432377099991 0.426938444375992 0.411229074001312 0.411258697509766 0.414656013250351
0.418476134538651 0.431055039167404 0.425717234611511 0.418281108140945 0.410871863365173 0.40557336807251 0.434090435504913 0.42853781580925 0.428645849227905 0.425112307071686 0.419783890247345 0.463309615850449 0.46912756562233 0.478693723678589 0.478672206401825 0.481609612703323 0.484883278608322 0.496809780597687 0.496693015098572 0.505631506443024 0.482743740081787 0.467026799917221 0.480978637933731 0.474386543035507 0.488554269075394 0.528370141983032 0.470768451690674 0.513648271560669 0.506729364395142 0.510718405246735 0.468839913606644 0.48172864317894 0.471320360898972 0.474995702505112 0.462169587612152 0.452000439167023 0.437203049659729 0.440835863351822 0.424838751554489 0.451355874538422 0.417257517576218 0.400072425603867 0.431258022785187 0.395889580249786
0.431792259216309 0.429226696491241 0.427261143922806 0.394133061170578 0.383720338344574 0.378542304039001 0.377606958150864 0.433044195175171 0.396223276853561 0.388314932584763 0.396203994750977 0.426744729280472 0.435752332210541 0.407793313264847 0.40775728225708 0.42211988568306 0.421959280967712 0.431148827075958 0.436642587184906 0.50654810667038 0.513285994529724 0.503381192684174 0.52236020565033 0.46406951546669 0.47153714299202 0.495182722806931 0.49512442946434 0.478161364793777 0.471584975719452 0.4650759100914 0.477826863527298 0.516697287559509 0.471299022436142 0.509864628314972 0.483668923377991 0.707277715206146 0.700335383415222 0.720580577850342 0.713519334793091 0.417196899652481 0.392561763525009 0.390794008970261 0.384993582963943 0.364404588937759
0.738639414310455 0.726446449756622 0.720359325408936 0.747142255306244 0.734992682933807 0.728998243808746 0.72916853427887 0.723066508769989 0.72311532497406 0.433020412921906 0.43302720785141 0.436526536941528 0.442062973976135 0.451340913772583 0.477629452943802 0.454197406768799 0.429056465625763 0.428958475589752 0.434438556432724 0.440093547105789 0.449338048696518 0.48041844367981 0.478420674800873 0.502099394798279 0.500378727912903 0.497477978467941 0.507951498031616 0.5241978764534 0.510596513748169 0.468754768371582 0.467549651861191 0.427604556083679 0.461385041475296 0.473332524299622 0.443700462579727 0.743112802505493 0.700228631496429 0.384371072053909 0.401322603225708 0.398267358541489 0.361235976219177 0.690763056278229 0.347152948379517 0.662707209587097
0.758919537067413 0.75282084941864 0.746922016143799 0.741091132164001 0.699704885482788 0.722754895687103 0.722818732261658 0.716763257980347 0.716723322868347 0.716963469982147 0.434391766786575 0.434374749660492 0.44361338019371 0.449214071035385 0.454940885305405 0.486455649137497 0.743928670883179 0.743928670883179 0.749966025352478 0.78521865606308 0.761827349662781 0.767439842224121 0.482159286737442 0.474554300308228 0.474156826734543 0.468653440475464 0.454530894756317 0.448200255632401 0.460750102996826 0.444304466247559 0.444245874881744 0.428176611661911 0.431636989116669 0.439989119768143 0.700213372707367 0.686378955841064 0.679393947124481 0.722803950309753 0.679212987422943 0.386231958866119 0.354157626628876 0.633980870246887 0.640242695808411 0.655609250068665
0.71800822019577 0.71182519197464 0.712025821208954 0.659887909889221 0.654678761959076 0.654791176319122 0.687791466712952 0.678418278694153 0.71692419052124 0.71690160036087 0.716863870620728 0.716818571090698 0.722935080528259 0.728908598423004 0.734981536865234 0.776892781257629 0.782441318035126 0.779606223106384 0.761685967445374 0.755648374557495 0.521885216236115 0.53414523601532 0.817290484905243 0.806346118450165 0.769707381725311 0.757934272289276 0.458165615797043 0.448120594024658 0.435588508844376 0.439090371131897 0.757506549358368 0.744117856025696 0.431647151708603 0.433780193328857 0.69289755821228 0.675221621990204 0.678784430027008 0.676925420761108 0.625980496406555 0.618861377239227 0.638008058071136 0.619899034500122 0.612877011299133 0.641509354114532
0.712469220161438 0.69985967874527 0.693801462650299 0.732049405574799 0.725898623466492 0.725847721099854 0.725926399230957 0.726063430309296 0.681340277194977 0.681363344192505 0.681627571582794 0.687995791435242 0.7227623462677 0.722617447376251 0.728744208812714 0.776708960533142 0.779389441013336 0.785115420818329 0.79082864522934 0.796330034732819 0.77874094247818 0.784367978572845 0.787162363529205 0.817917943000793 0.802230894565582 0.762966275215149 0.756192862987518 0.756167411804199 0.749534726142883 0.742684841156006 0.6982102394104 0.730380952358246 0.73638916015625 0.729593634605408 0.685782670974731 0.67182195186615 0.625953316688538 0.639262914657593 0.670894503593445 0.618049383163452 0.618057131767273 0.60392302274704 0.616756498813629 0.579191446304321
0.712258875370026 0.7376988530159 0.703100621700287 0.725726306438446 0.719486653804779 0.719569444656372 0.719622194766998 0.719527125358582 0.719545900821686 0.719691157341003 0.719646036624908 0.719672381877899 0.719500780105591 0.725547075271606 0.764950811862946 0.734626948833466 0.728206753730774 0.767193913459778 0.767276525497437 0.778548538684845 0.787056028842926 0.768509149551392 0.806159496307373 0.756237983703613 0.762802004814148 0.749517977237701 0.749470353126526 0.754697024822235 0.70688796043396 0.699810564517975 0.692756175994873 0.669273495674133 0.677855432033539 0.676921546459198 0.633097946643829 0.64629602432251 0.632118403911591 0.618095934391022 0.630917727947235 0.623936533927917 0.617983400821686 0.603795230388641 0.589821219444275 0.602621376514435
0.669964015483856 0.702875971794128 0.697002291679382 0.734794616699219 0.728610098361969 0.719244718551636 0.719342648983002 0.71949166059494 0.713233649730682 0.713214695453644 0.713326632976532 0.700616359710693 0.700501978397369 0.706609427928925 0.712987005710602 0.752335369586945 0.728223919868469 0.734263360500336 0.784250676631927 0.786955177783966 0.772610068321228 0.768373250961304 0.80219167470932 0.756161689758301 0.756023585796356 0.749411761760712 0.754611194133759 0.754498302936554 0.747852921485901 0.740953862667084 0.734224617481232 0.727353811264038 0.654827415943146 0.677807629108429 0.640552997589111 0.619261026382446 0.66968822479248 0.573203444480896 0.615688145160675 0.608600199222565 0.601613581180573 0.587443053722382 0.543361663818359 0.54188072681427
0.696753978729248 0.696765422821045 0.69683039188385 0.728501737117767 0.728483021259308 0.722345888614655 0.68433678150177 0.684355974197388 0.684340596199036 0.665599167346954 0.700565218925476 0.700410485267639 0.700338006019592 0.700299918651581 0.749275863170624 0.755217313766479 0.792481660842896 0.769776046276093 0.778337001800537 0.784182846546173 0.784064054489136 0.786835491657257 0.781009674072266 0.790439426898956 0.735110878944397 0.788381278514862 0.697927057743073 0.741057276725769 0.740987122058868 0.734047651290894 0.734098136425018 0.727337300777435 0.681522905826569 0.674547910690308 0.660241186618805 0.647818684577942 0.616927146911621 0.616779625415802 0.595704853534698 0.56527704000473 0.56527704000473 0.587416052818298 0.550202667713165 0.550141990184784
0.696597337722778 0.690402388572693 0.690387070178986 0.722150564193726 0.72221440076828 0.722154319286346 0.703450202941895 0.665347814559937 0.665405809879303 0.665328443050385 0.700366973876953 0.70017409324646 0.73703408241272 0.737056314945221 0.743103444576263 0.755013585090637 0.760850012302399 0.797857761383057 0.739209532737732 0.702607214450836 0.708917677402496 0.785278618335724 0.740592062473297 0.754459798336029 0.740662932395935 0.744783580303192 0.734865665435791 0.756659150123596 0.727142095565796 0.720229923725128 0.720243453979492 0.688409686088562 0.688321471214294 0.674347341060638 0.660121142864227 0.623923182487488 0.609690606594086 0.608429670333862 0.559024631977081 0.588558256626129 0.556012988090515 0.507142603397369 0.533810377120972 0.480749279260635
0.770260751247406 0.764444410800934 0.775198757648468 0.733983874320984 0.76950079202652 0.769416570663452 0.769380867481232 0.769318044185638 0.703290402889252 0.775271058082581 0.700086355209351 0.700006306171417 0.699979603290558 0.705539703369141 0.711631834506989 0.711567461490631 0.723973453044891 0.730023920536041 0.762158513069153 0.768080592155457 0.744980275630951 0.751065611839294 0.759673714637756 0.78310626745224 0.748641014099121 0.755462765693665 0.702461183071136 0.725711286067963 0.733932316303253 0.717235147953033 0.724066078662872 0.67428719997406 0.674229383468628 0.674289464950562 0.653031229972839 0.595604360103607 0.588531255722046 0.588457942008972 0.558982670307159 0.579327821731567 0.579339325428009 0.493788927793503 0.508241057395935 0.487123757600784
0.712378323078156 0.775081872940063 0.739902675151825 0.733913242816925 0.775099575519562 0.769255816936493 0.7692950963974 0.769220113754272 0.769227266311646 0.738416612148285 0.763969659805298 0.770036637783051 0.769873917102814 0.775786876678467 0.747415959835052 0.711442470550537 0.717610538005829 0.723744630813599 0.729785025119781 0.801064670085907 0.806462407112122 0.812026143074036 0.785110235214233 0.748616456985474 0.754562377929688 0.757360100746155 0.716035187244415 0.732280671596527 0.718465089797974 0.682309150695801 0.675220489501953 0.661089062690735 0.709941387176514 0.659989476203918 0.659896552562714 0.645633697509766 0.614684283733368 0.60121876001358 0.579216301441193 0.578831315040588 0.571855783462524 0.58701878786087 0.558304905891418 0.519189476966858
0.74276465177536 0.774886965751648 0.774894058704376 0.780712425708771 0.780715942382812 0.733535289764404 0.695886850357056 0.689678192138672 0.726062417030334 0.758020222187042 0.722811102867126 0.729078829288483 0.735143423080444 0.769761800765991 0.775633215904236 0.705165565013885 0.711262941360474 0.715124666690826 0.789217591285706 0.7947998046875 0.733520448207855 0.710031032562256 0.782251238822937 0.716171205043793 0.748414874076843 0.754371583461761 0.757189571857452 0.75113046169281 0.74694949388504 0.741273701190948 0.689122974872589 0.668029606342316 0.621314823627472 0.663054227828979 0.645490050315857 0.619750738143921 0.592856109142303 0.585915863513947 0.629396736621857 0.562794208526611 0.562930107116699 0.56291937828064 0.500600337982178 0.555928528308868
0.771829128265381 0.763201713562012 0.725896060466766 0.732081949710846 0.738174319267273 0.732003688812256 0.725896060466766 0.725807726383209 0.725826442241669 0.751849889755249 0.757862865924835 0.757862865924835 0.76368236541748 0.763739943504333 0.696522235870361 0.731904029846191 0.737966239452362 0.743998348712921 0.783365190029144 0.788905680179596 0.752840578556061 0.764705538749695 0.742315828800201 0.742347538471222 0.787779569625854 0.787792026996613 0.754218637943268 0.751439332962036 0.712736129760742 0.708269059658051 0.695516645908356 0.707660138607025 0.657682120800018 0.693706750869751 0.686675190925598 0.667197346687317 0.66013765335083 0.619967818260193 0.619917333126068 0.612741768360138 0.569869995117188 0.567888498306274 0.548880517482758 0.542105197906494
0.766658902168274 0.719697117805481 0.719674527645111 0.725663781166077 0.731888175010681 0.73192173242569 0.725772440433502 0.719499111175537 0.751757085323334 0.751757085323334 0.751663684844971 0.71964156627655 0.725794315338135 0.725756824016571 0.731842875480652 0.731783211231232 0.731742262840271 0.737773597240448 0.743816375732422 0.774327039718628 0.786006033420563 0.764619290828705 0.776177704334259 0.813714802265167 0.781906247138977 0.750512778759003 0.750476241111755 0.751311480998993 0.747307479381561 0.737385153770447 0.73051530122757 0.716776251792908 0.681286931037903 0.681179225444794 0.688370704650879 0.648133218288422 0.614537119865417 0.614513874053955 0.626887738704681 0.619711577892303 0.605540812015533 0.541887760162354 0.541831135749817 0.479443818330765
0.799330651760101 0.766463160514832 0.766477525234222 0.790954232215881 0.790840208530426 0.785303592681885 0.779544115066528 0.735820770263672 0.741893649101257 0.74197119474411 0.713348627090454 0.719389319419861 0.719500720500946 0.71936297416687 0.719257533550262 0.725487112998962 0.759738802909851 0.771546721458435 0.777371287345886 0.77429723739624 0.780046999454498 0.758484244346619 0.77021312713623 0.781727373600006 0.790144562721252 0.807881653308868 0.783978879451752 0.78404039144516 0.742900550365448 0.742884278297424 0.721675097942352 0.721656322479248 0.717355608940125 0.671841561794281 0.707069456577301 0.664798200130463 0.700091958045959 0.614366412162781 0.607215583324432 0.643455386161804 0.564055144786835 0.540258288383484 0.533455014228821 0.52656078338623
0.824702560901642 0.793692648410797 0.793744206428528 0.853305578231812 0.790859520435333 0.790835320949554 0.806582868099213 0.741790294647217 0.741753399372101 0.747747540473938 0.747703492641449 0.753799736499786 0.75383985042572 0.753763318061829 0.753759682178497 0.759604930877686 0.783606886863708 0.757512211799622 0.757432401180267 0.763370275497437 0.774996757507324 0.780680775642395 0.816896378993988 0.803221702575684 0.808692872524261 0.806710004806519 0.783846080303192 0.78392505645752 0.780105650424957 0.750951826572418 0.794551908969879 0.756882607936859 0.754815340042114 0.750955045223236 0.717051148414612 0.712741136550903 0.706885635852814 0.700101852416992 0.685943424701691 0.59595513343811 0.570454597473145 0.563432633876801 0.55651992559433 0.549538671970367
