data/climate_estimation/maxent_output/Gagea_confusa.asc
NCOLS 129 
NROWS 87 
XLLCORNER 43.6666666666667 
YLLCORNER 32.5833333333333 
CELLSIZE 0.0833333333333333 
NODATA_value -3.4e+38 
[rows 20 to 39 of 87, columns 0 to 43 of 129]
0.999811828136444 0.999848544597626 0.99951159954071 0.999517500400543 0.999844074249268 0.999676167964935 0.999523818492889 0.999762296676636 0.999860644340515 0.999691843986511 0.999625027179718 0.99297559261322 0.990460097789764 0.989741563796997 0.989258468151093 0.986983478069305 0.986377537250519 0.983526885509491 0.975336372852325 0.97644180059433 0.971369385719299 0.975943565368652 0.973510563373566 0.978527307510376 0.978625416755676 0.976546108722687 0.980190694332123 0.980531215667725 0.978487133979797 0.981452286243439 0.984493553638458 0.989106357097626 0.995215058326721 0.983992755413055 0.977576851844788 0.974961638450623 0.966867744922638 0.961365580558777 0.939240336418152 0.927093148231506 0.914490640163422 0.925344586372375 0.965957522392273 0.968297064304352
0.999922931194305 0.999687492847443 0.99775767326355 0.999798059463501 0.999809622764587 0.999572217464447 0.999807357788086 0.999886810779572 0.999894082546234 0.999769806861877 0.999581456184387 0.999578893184662 0.999749720096588 0.999784886837006 0.999790668487549 0.998891770839691 0.998502254486084 0.993968546390533 0.973416447639465 0.965992450714111 0.96855092048645 0.972927510738373 0.976514875888824 0.975856184959412 0.974305689334869 0.97789192199707 0.978185772895813 0.976327955722809 0.98097562789917 0.983883619308472 0.990192592144012 0.991531312465668 0.991597771644592 0.991720199584961 0.989971995353699 0.994086742401123 0.984269499778748 0.967884838581085 0.961245715618134 0.942626953125 0.92984801530838 0.908581256866455 0.900859415531158 0.909251272678375
0.999941289424896 0.999741911888123 0.999822497367859 0.999918639659882 0.999724745750427 0.99971467256546 0.999913930892944 0.999889135360718 0.999783217906952 0.999701499938965 0.999680995941162 0.99975198507309 0.999706089496613 0.999822497367859 0.999870240688324 0.996477782726288 0.983202874660492 0.972418129444122 0.966680645942688 0.964732646942139 0.969007432460785 0.970512628555298 0.970558345317841 0.976152539253235 0.976976037025452 0.977641642093658 0.975843191146851 0.974236667156219 0.983920395374298 0.993927538394928 0.996784269809723 0.997860550880432 0.998349547386169 0.998067021369934 0.997159481048584 0.998186886310577 0.995462119579315 0.989158093929291 0.971653878688812 0.954506814479828 0.935863614082336 0.921559512615204 0.903882563114166 0.882107079029083
0.999960660934448 0.999897539615631 0.999961793422699 0.999945044517517 0.999887108802795 0.999541223049164 0.999921381473541 0.999883234500885 0.999938905239105 0.999909400939941 0.999793589115143 0.999474883079529 0.999419331550598 0.999881863594055 0.999425947666168 0.99696671962738 0.979195177555084 0.975186586380005 0.970220923423767 0.972817242145538 0.972075939178467 0.996932208538055 0.991939127445221 0.972265183925629 0.971695899963379 0.969664216041565 0.974821269512177 0.982516467571259 0.99599027633667 0.997414290904999 0.998898088932037 0.999758780002594 0.999731063842773 0.999670088291168 0.999591529369354 0.998880743980408 0.995662748813629 0.990680694580078 0.982427895069122 0.992033720016479 0.980858027935028 0.957422196865082 0.928651392459869 0.901807069778442
0.999931871891022 0.999926686286926 0.999915957450867 0.999962270259857 0.999931812286377 0.99954354763031 0.999820709228516 0.999921143054962 0.999944686889648 0.999931871891022 0.999847590923309 0.999289870262146 0.999688923358917 0.999903857707977 0.999866962432861 0.999443471431732 0.992429494857788 0.974900960922241 0.973777770996094 0.976431608200073 0.975107252597809 0.989536345005035 0.989963471889496 0.97236967086792 0.971334278583527 0.970049798488617 0.972528159618378 0.980656147003174 0.997315049171448 0.999793708324432 0.999873340129852 0.999696016311646 0.9995157122612 0.999346733093262 0.999326407909393 0.999448776245117 0.99735963344574 0.98501580953598 0.983994543552399 0.996208727359772 0.997630536556244 0.996446192264557 0.990427911281586 0.980047047138214
0.999962329864502 0.999933004379272 0.99983423948288 0.999828696250916 0.999657154083252 0.999806106090546 0.999907672405243 0.999952495098114 0.999921143054962 0.999893486499786 0.999811708927155 0.999763369560242 0.997534334659576 0.998514831066132 0.999064028263092 0.992144227027893 0.984521210193634 0.976982176303864 0.974346160888672 0.971105396747589 0.969246983528137 0.975963294506073 0.975641191005707 0.966177701950073 0.967959344387054 0.970479846000671 0.982887268066406 0.9947509765625 0.998235762119293 0.999837338924408 0.999876618385315 0.999641478061676 0.999497354030609 0.999459624290466 0.999290227890015 0.999395847320557 0.998363494873047 0.994551479816437 0.991928458213806 0.980256795883179 0.985892713069916 0.976288139820099 0.974010348320007 0.975803554058075
0.999976217746735 0.999617457389832 0.99738085269928 0.999964952468872 0.999950349330902 0.99957412481308 0.999785423278809 0.999850630760193 0.999814867973328 0.999929785728455 0.999939322471619 0.999942362308502 0.999840199947357 0.998601317405701 0.998528361320496 0.992635726928711 0.986793160438538 0.976300656795502 0.987754821777344 0.967372000217438 0.96907764673233 0.972105026245117 0.97212690114975 0.972019731998444 0.974676489830017 0.969885647296906 0.98570853471756 0.999122083187103 0.999960899353027 0.999906003475189 0.99993497133255 0.999868631362915 0.999804198741913 0.999685287475586 0.999745070934296 0.999714732170105 0.997650623321533 0.991729319095612 0.984884142875671 0.986591219902039 0.980141878128052 0.953704535961151 0.934798836708069 0.917322516441345
0.998713195323944 0.999932050704956 0.9999680519104 0.999965012073517 0.999968469142914 0.999861896038055 0.999252557754517 0.999298691749573 0.999647676944733 0.999924719333649 0.999953627586365 0.99991649389267 0.999955117702484 0.99940413236618 0.999804675579071 0.998752355575562 0.989702999591827 0.981299221515656 0.974325776100159 0.973730802536011 0.969180405139923 0.970937490463257 0.971281707286835 0.970499932765961 0.969878375530243 0.979669570922852 0.988730251789093 0.993361353874207 0.997981905937195 0.999084651470184 0.999824047088623 0.999807298183441 0.999844133853912 0.999835789203644 0.999707043170929 0.998969435691833 0.993477880954742 0.982490837574005 0.973738551139832 0.966456413269043 0.972548723220825 0.975193202495575 0.936538696289062 0.906519532203674
0.998320877552032 0.999960660934448 0.999947190284729 0.999892890453339 0.999961078166962 0.999904751777649 0.99982225894928 0.999626994132996 0.999629437923431 0.999854624271393 0.999927759170532 0.999975979328156 0.999973475933075 0.999916195869446 0.999204456806183 0.999610245227814 0.998839795589447 0.986656785011292 0.974298000335693 0.972210049629211 0.971286058425903 0.969844937324524 0.969223499298096 0.972781360149384 0.968557417392731 0.962318480014801 0.961956083774567 0.965201795101166 0.980692505836487 0.995628237724304 0.995767712593079 0.99561607837677 0.998361647129059 0.998188316822052 0.998157560825348 0.994695365428925 0.985866129398346 0.969964683055878 0.952758193016052 0.937311351299286 0.929914951324463 0.946359157562256 0.954340577125549 0.963469445705414
0.999947845935822 0.999964654445648 0.999961853027344 0.993623435497284 0.933802783489227 0.999787330627441 0.999958515167236 0.999966740608215 0.999914407730103 0.998936235904694 0.999300599098206 0.999942362308502 0.999955832958221 0.999965846538544 0.999247908592224 0.997612476348877 0.997837901115417 0.989466488361359 0.984376728534698 0.975092232227325 0.969982266426086 0.968678534030914 0.968935549259186 0.962684631347656 0.957122385501862 0.960108637809753 0.95280659198761 0.949871122837067 0.950009882450104 0.959713816642761 0.966273605823517 0.98125547170639 0.988886177539825 0.992166638374329 0.992741882801056 0.992417693138123 0.980880200862885 0.963756740093231 0.947971224784851 0.927747249603271 0.921780109405518 0.91436630487442 0.917878031730652 0.922996938228607
0.956348061561584 0.995404899120331 0.979870319366455 0.970037281513214 0.845564424991608 0.943696558475494 0.999858677387238 0.999963343143463 0.999122500419617 0.981663227081299 0.98583972454071 0.99863064289093 0.99989116191864 0.99995893239975 0.996803224086761 0.996600985527039 0.999931573867798 0.999025702476501 0.999108254909515 0.981760203838348 0.970054686069489 0.96166604757309 0.961389124393463 0.958806216716766 0.952539682388306 0.952305018901825 0.946562170982361 0.948223352432251 0.94615238904953 0.958002150058746 0.963482677936554 0.988928496837616 0.98752361536026 0.987690031528473 0.984033524990082 0.988655507564545 0.989077091217041 0.979491949081421 0.96137934923172 0.971745371818542 0.94712907075882 0.971438646316528 0.972472429275513 0.936578452587128
0.93420535326004 0.865511178970337 0.87340635061264 0.808346748352051 0.86784029006958 0.831028044223785 0.865030109882355 0.870958745479584 0.95346599817276 0.936282396316528 0.9998659491539 0.999862194061279 0.999925196170807 0.999952256679535 0.998031258583069 0.997066020965576 0.99975860118866 0.999188244342804 0.999651253223419 0.990247428417206 0.969535231590271 0.96175092458725 0.957566738128662 0.956722259521484 0.949023902416229 0.949728846549988 0.94131600856781 0.942316174507141 0.937240898609161 0.950410187244415 0.969776809215546 0.991317868232727 0.986112296581268 0.978314995765686 0.986456274986267 0.990403056144714 0.994209110736847 0.995961964130402 0.983560681343079 0.984465599060059 0.966030478477478 0.966817557811737 0.953306674957275 0.890482604503632
0.765069127082825 0.790546059608459 0.601073384284973 0.616648316383362 0.650241553783417 0.906416535377502 0.989298164844513 0.891753256320953 0.93375301361084 0.988160967826843 0.994156181812286 0.999931275844574 0.999906122684479 0.999961912631989 0.999962747097015 0.999965250492096 0.999894797801971 0.998554468154907 0.999749839305878 0.998307824134827 0.992325067520142 0.963922500610352 0.954240083694458 0.942727029323578 0.943450152873993 0.938008546829224 0.936084270477295 0.929334282875061 0.923760235309601 0.923927187919617 0.945131719112396 0.96823114156723 0.972675383090973 0.97175794839859 0.987908542156219 0.995579838752747 0.995659351348877 0.997397601604462 0.995465219020844 0.989418745040894 0.982913494110107 0.941325724124908 0.920274138450623 0.893611550331116
0.453084707260132 0.514505803585052 0.511306166648865 0.632470548152924 0.908736407756805 0.913727641105652 0.833701491355896 0.627167642116547 0.532243549823761 0.783809840679169 0.997966766357422 0.990567207336426 0.989472985267639 0.999829530715942 0.999545872211456 0.99993234872818 0.998918354511261 0.983664035797119 0.989855647087097 0.979447782039642 0.974445343017578 0.9567631483078 0.955983400344849 0.94325977563858 0.939238429069519 0.934586465358734 0.927238523960114 0.919762432575226 0.91289210319519 0.90937340259552 0.922053813934326 0.928698658943176 0.953538477420807 0.967376291751862 0.98886251449585 0.996377468109131 0.995525181293488 0.999312043190002 0.998782753944397 0.995743572711945 0.974317908287048 0.981608986854553 0.984274804592133 0.940612137317657
0.583061456680298 0.540061175823212 0.588757932186127 0.460962206125259 0.73454362154007 0.771604120731354 0.464201480150223 0.453631192445755 0.43411248922348 0.56148099899292 0.805102586746216 0.884249150753021 0.98588752746582 0.98696631193161 0.999902606010437 0.999925494194031 0.991241812705994 0.982800185680389 0.978704392910004 0.969934940338135 0.955062806606293 0.945993661880493 0.937906980514526 0.939120888710022 0.930367350578308 0.931958436965942 0.923798084259033 0.910541474819183 0.902577817440033 0.900673925876617 0.901798129081726 0.902795553207397 0.927027463912964 0.947484612464905 0.977709174156189 0.977710604667664 0.98716801404953 0.992398202419281 0.999069452285767 0.996643543243408 0.989814698696136 0.999036192893982 0.998939335346222 0.990136742591858
0.313290774822235 0.435138583183289 0.448055535554886 0.366635113954544 0.287106841802597 0.335576832294464 0.500358581542969 0.617239654064178 0.585544586181641 0.523930549621582 0.518982350826263 0.747006714344025 0.923535943031311 0.995841503143311 0.999950051307678 0.999952137470245 0.999247789382935 0.989493906497955 0.985050678253174 0.987217485904694 0.988951563835144 0.985261142253876 0.969686329364777 0.970220685005188 0.944102168083191 0.924121201038361 0.95313686132431 0.929090142250061 0.898161590099335 0.88691920042038 0.884954452514648 0.891385495662689 0.897430002689362 0.90935617685318 0.958190679550171 0.982791543006897 0.997378587722778 0.99712347984314 0.999664485454559 0.997300922870636 0.997292578220367 0.999611854553223 0.9971883893013 0.973797678947449
0.282726526260376 0.329576373100281 0.360973477363586 0.368581384420395 0.404516458511353 0.398466855287552 0.396402984857559 0.467212170362473 0.562423288822174 0.59635192155838 0.501993894577026 0.657146394252777 0.809196770191193 0.998726904392242 0.99994695186615 0.999937772750854 0.999573171138763 0.979446113109589 0.965987086296082 0.961710691452026 0.977716326713562 0.991550207138062 0.988861680030823 0.986606657505035 0.936938643455505 0.958964645862579 0.97837108373642 0.961739540100098 0.918593227863312 0.875285923480988 0.883028149604797 0.893183350563049 0.873121023178101 0.880782246589661 0.916019082069397 0.95287150144577 0.985674202442169 0.99805611371994 0.999546587467194 0.999469220638275 0.999331772327423 0.999073326587677 0.999115347862244 0.998188197612762
0.228531092405319 0.24672943353653 0.244768902659416 0.252048581838608 0.269634872674942 0.328057438135147 0.396381676197052 0.300418347120285 0.515936434268951 0.488961040973663 0.412656396627426 0.857036709785461 0.885369122028351 0.997644662857056 0.999421417713165 0.994048118591309 0.999694883823395 0.962877094745636 0.928684115409851 0.949905514717102 0.987141847610474 0.995617210865021 0.994629263877869 0.953103542327881 0.949195504188538 0.983849227428436 0.994887471199036 0.977155685424805 0.919837892055511 0.871268391609192 0.886386752128601 0.902970433235168 0.898735046386719 0.871830880641937 0.860177636146545 0.918123304843903 0.981776654720306 0.998750746250153 0.999409675598145 0.999675273895264 0.998937427997589 0.997740864753723 0.99897700548172 0.999430119991302
0.219332337379456 0.235526636242867 0.239190354943275 0.221252039074898 0.220818921923637 0.23360700905323 0.243925258517265 0.306367188692093 0.353394895792007 0.456728428602219 0.383124560117722 0.621565818786621 0.609703779220581 0.878495335578918 0.849479258060455 0.988276422023773 0.999610781669617 0.976831197738647 0.90700775384903 0.971907615661621 0.997469246387482 0.998277604579926 0.976343631744385 0.966846883296967 0.952796578407288 0.976017713546753 0.993788421154022 0.9600830078125 0.897691071033478 0.851125538349152 0.837182521820068 0.898496866226196 0.927634835243225 0.909466147422791 0.864177644252777 0.898364365100861 0.989716589450836 0.993173062801361 0.996175408363342 0.997955560684204 0.987774610519409 0.976399958133698 0.992172181606293 0.998853802680969
0.205015629529953 0.221704646945 0.21326944231987 0.215296119451523 0.249110206961632 0.24265156686306 0.248775079846382 0.259630769491196 0.405969887971878 0.53404837846756 0.587688207626343 0.920653223991394 0.844462752342224 0.616316258907318 0.956317007541656 0.999896228313446 0.999914824962616 0.9988152384758 0.978155434131622 0.914643347263336 0.967612385749817 0.996598720550537 0.975632607936859 0.971157670021057 0.961322009563446 0.941212594509125 0.942898869514465 0.941359162330627 0.896169662475586 0.859466969966888 0.804492890834808 0.846660077571869 0.924269676208496 0.872967183589935 0.850302457809448 0.905410647392273 0.933058857917786 0.964686036109924 0.991957664489746 0.986849665641785 0.957712709903717 0.977321028709412 0.990431725978851 0.997876644134521
